return {
    ["Folk Dance"] = {
        {Time = 0.000, Data = {
            ["LeftFoot"] = CFrame.new(2.086162567138672e-07, 2.384185791015625e-07, 2.9802322387695312e-08, 0.9485514760017395, -0.2445337474346161, 0.201130211353302, 0.0830136239528656, 0.8050857782363892, 0.5873206853866577, -0.3055468201637268, -0.5404073596000671, 0.783964991569519),
            ["LeftLowerArm"] = CFrame.new(2.9802322387695312e-08, 5.960464477539063e-08, -1.7881393432617188e-07, 1, -8.568167686462402e-08, 1.303851746570217e-07, 7.450579886381092e-08, -0.42059776186943054, -0.9072473049163818, 1.341104365337742e-07, 0.9072472453117371, -0.4205978214740753),
            ["LowerTorso"] = CFrame.new(0.14669078588485718, -0.19566917419433594, -0.4079577326774597, 0.9966315031051636, -0.009948081336915493, -0.08140581846237183, -0.03706711530685425, 0.8308032155036926, -0.5553306341171265, 0.0731566995382309, 0.556477427482605, 0.8276358246803284),
            ["Head"] = CFrame.new(9.313225746154785e-09, -2.384185791015625e-07, 2.0489096641540527e-08, 0.9999119639396667, 0.006800023373216391, 0.011392832733690739, -0.006644640117883682, 0.9998852014541626, -0.013621524907648563, -0.01148416567593813, 0.013544713146984577, 0.9998424053192139),
            ["RightUpperArm"] = CFrame.new(1.1920928955078125e-07, -2.384185791015625e-07, 1.1175870895385742e-08, 0.4313458800315857, -0.8743231892585754, -0.22248521447181702, 0.14943547546863556, 0.3124404847621918, -0.9381098747253418, 0.8897245526313782, 0.371402770280838, 0.26542481780052185),
            ["UpperTorso"] = CFrame.new(2.1420419216156006e-08, 8.940696716308594e-08, -8.475035429000854e-08, 0.9984827041625977, -0.054771289229393005, -0.0056957765482366085, 0.04985489323735237, 0.8552091717720032, 0.5158795714378357, -0.023384321480989456, -0.5153807401657104, 0.8566421866416931),
            ["HumanoidRootPart"] = CFrame.new(0, 0, 0, 1, 0, 0, 0, 1, 0, 0, 0, 1),
            ["RightHand"] = CFrame.new(5.960464477539063e-08, 1.1920928955078125e-07, -3.241002559661865e-07, 0.8617404699325562, 0.004215808119624853, -0.5073319673538208, -0.07657725363969803, 0.9895902872085571, -0.1218484565615654, 0.501537024974823, 0.14385193586349487, 0.8530927896499634),
            ["LeftUpperArm"] = CFrame.new(-1.1920928955078125e-07, -2.384185791015625e-07, 3.725290298461914e-08, 0.3164018988609314, 0.8490848541259766, -0.42301881313323975, -0.019263049587607384, 0.4515870213508606, 0.8920191526412964, 0.9484296441078186, -0.2740879952907562, 0.15923893451690674),
            ["RightLowerArm"] = CFrame.new(-5.960464477539063e-08, 5.960464477539063e-08, 2.9802322387695312e-08, 1, -2.1420417439799166e-08, 2.7939672797572257e-09, 3.352760913344355e-08, 0.9808099865913391, -0.19496594369411469, 0, 0.19496598839759827, 0.9808100461959839),
            ["LeftHand"] = CFrame.new(-2.9802322387695312e-08, -5.960464477539063e-08, 3.203749656677246e-07, 0.5900810360908508, 0.03907396271824837, -0.8063980340957642, -0.1862322986125946, 0.9784788489341736, -0.08886326104402542, 0.7855710983276367, 0.20261383056640625, 0.5846585035324097),
            ["RightUpperLeg"] = CFrame.new(1.1920928955078125e-07, 7.82310962677002e-08, -8.737697498872876e-08, 0.9951529502868652, 0.03780803456902504, -0.0907810777425766, 0.01914784498512745, 0.8309744596481323, 0.555980920791626, 0.09645724296569824, -0.5550243854522705, 0.8262227773666382),
            ["LeftUpperLeg"] = CFrame.new(5.960464477539063e-08, 6.495974957942963e-08, -7.636845111846924e-08, 0.8238410949707031, 0.3325346112251282, 0.459028035402298, 0.4797419607639313, 0.02223855070769787, -0.8771277666091919, -0.30188336968421936, 0.942828893661499, -0.14120973646640778),
            ["RightLowerLeg"] = CFrame.new(-2.60770320892334e-08, -0.00006026029586791992, -0.00007202353299362585, 1, -8.195639367158947e-08, -6.33299421792799e-08, 1.0151416063308716e-07, 0.7185855507850647, 0.6954382658004761, -4.100729711353779e-08, -0.6954386234283447, 0.7185857892036438),
            ["RightFoot"] = CFrame.new(-1.6763806343078613e-08, 1.7881393432617188e-07, -4.85961209051311e-08, 0.956384003162384, 0.03934553265571594, -0.28945088386535645, -0.18786001205444336, 0.8416411876678467, -0.5063087344169617, 0.22369277477264404, 0.5386019945144653, 0.8123237490653992),
            ["LeftLowerLeg"] = CFrame.new(1.4156103134155273e-07, 0.000060617923736572266, 0.00007209181785583496, 1, -3.725289943190546e-08, -8.195638656616211e-08, 2.2351741790771484e-08, 0.9935214519500732, 0.11364465951919556, 1.862645149230957e-08, -0.11364473402500153, 0.9935214519500732),
        }},
        {Time = 0.033, Data = {
            ["LeftFoot"] = CFrame.new(-2.9802322387695312e-08, 0, 2.9802322387695312e-08, 0.9294512271881104, -0.2847560942173004, 0.23459437489509583, 0.11260350793600082, 0.824454665184021, 0.5546125769615173, -0.35134172439575195, -0.4890691339969635, 0.7983548641204834),
            ["LeftLowerArm"] = CFrame.new(0, 2.980232238769531e-07, -2.2351741790771484e-08, 1, -8.381902460996571e-08, 1.2293456563838845e-07, 5.4016702222270396e-08, -0.4232247471809387, -0.906024694442749, 1.4156101713069802e-07, 0.9060247540473938, -0.4232247769832611),
            ["LowerTorso"] = CFrame.new(0.14334961771965027, -0.21351861953735352, -0.45879822969436646, 0.9966592788696289, -0.006100199185311794, -0.08144354820251465, -0.0403376966714859, 0.8303224444389343, -0.5558214783668518, 0.07101503014564514, 0.557249903678894, 0.8273025155067444),
            ["Head"] = CFrame.new(8.381903171539307e-09, -1.1920928955078125e-07, -2.7939677238464355e-09, 0.9996732473373413, 0.007892088033258915, 0.02431604638695717, -0.007953457534313202, 0.999965488910675, 0.002428323496133089, -0.024296043440699577, -0.0026208360213786364, 0.9997013807296753),
            ["RightUpperArm"] = CFrame.new(0, -1.1920928955078125e-07, 0, 0.40330034494400024, -0.8829686045646667, -0.24024005234241486, 0.1467059850692749, 0.32153213024139404, -0.9354648590087891, 0.9032310247421265, 0.3420287072658539, 0.25921088457107544),
            ["UpperTorso"] = CFrame.new(-2.0489096641540527e-08, 2.9802322387695312e-08, 1.2014061212539673e-07, 0.9979531168937683, -0.058735478669404984, -0.025294819846749306, 0.06342507898807526, 0.858433187007904, 0.5089890360832214, -0.008181807585060596, -0.5095515251159668, 0.8604013323783875),
            ["HumanoidRootPart"] = CFrame.new(0, 0, 0, 1, 0, 0, 0, 1, 0, 0, 0, 1),
            ["RightHand"] = CFrame.new(5.122274160385132e-08, 5.960464477539063e-08, 8.684583008289337e-08, 0.8631495237350464, 0.030943643301725388, -0.5039995908737183, -0.1273602694272995, 0.9791914224624634, -0.15799854695796967, 0.4886229336261749, 0.20056593418121338, 0.8491296172142029),
            ["LeftUpperArm"] = CFrame.new(0, -1.1920928955078125e-07, 1.4901161193847656e-08, 0.2941187620162964, 0.8516749739646912, -0.4337557554244995, 0.010790128260850906, 0.45084148645401, 0.8925389647483826, 0.9557080268859863, -0.26719263195991516, 0.12341123074293137),
            ["RightLowerArm"] = CFrame.new(-1.4901161193847656e-07, 1.7881393432617188e-07, 2.2724270820617676e-07, 1, 2.421438694000244e-08, 1.1175868230850483e-08, 5.029141192380848e-08, 0.987276554107666, -0.15901292860507965, 0, 0.15901297330856323, 0.987276554107666),
            ["LeftHand"] = CFrame.new(5.960464477539063e-08, -1.1920928955078125e-07, -1.6391277313232422e-07, 0.5815746784210205, 0.10482273250818253, -0.8067113161087036, -0.21708029508590698, 0.9757013320922852, -0.029716648161411285, 0.7839943170547485, 0.19240352511405945, 0.5901981592178345),
            ["RightUpperLeg"] = CFrame.new(-2.9802322387695312e-08, 2.477318048477173e-07, 3.9282895158976316e-08, 0.995545506477356, 0.025692379102110863, -0.09071419388055801, 0.03192548453807831, 0.8134515881538391, 0.5807556509971619, 0.08871260285377502, -0.5810649394989014, 0.8090078830718994),
            ["LeftUpperLeg"] = CFrame.new(2.9802322387695312e-08, 4.21423465013504e-08, 1.9371509552001953e-07, 0.8283712863922119, 0.3300681710243225, 0.45261016488075256, 0.46692997217178345, 0.0395343117415905, -0.8834101557731628, -0.3094791769981384, 0.9431288838386536, -0.12136966735124588),
            ["RightLowerLeg"] = CFrame.new(4.470348358154297e-08, -0.00006031990051269531, -0.00007210874900920317, 1, -9.685756197086448e-08, -5.5879368687783426e-08, 1.0943041672817344e-07, 0.7184776663780212, 0.6955499053001404, -6.705523247774181e-08, -0.6955500841140747, 0.7184779047966003),
            ["RightFoot"] = CFrame.new(-1.30385160446167e-08, 2.384185791015625e-07, -3.9282895158976316e-08, 0.956896185874939, 0.0817582905292511, -0.2786852717399597, -0.21732136607170105, 0.8381271958351135, -0.5003140568733215, 0.1926688402891159, 0.539313018321991, 0.8197686076164246),
            ["LeftLowerLeg"] = CFrame.new(3.725290298461914e-08, 0.000060558319091796875, 0.00007203221321105957, 1, -3.725290742551124e-09, 1.1175870895385742e-08, -3.3527612686157227e-08, 0.99154132604599, 0.12979216873645782, -7.450580596923828e-09, -0.12979215383529663, 0.9915412664413452),
        }},
        {Time = 0.067, Data = {
            ["LeftFoot"] = CFrame.new(1.341104507446289e-07, 0, -1.1920928955078125e-07, 0.9151705503463745, -0.31332287192344666, 0.25355812907218933, 0.16327343881130219, 0.8633238077163696, 0.47750788927078247, -0.3685170114040375, -0.39560192823410034, 0.8412457704544067),
            ["LeftLowerArm"] = CFrame.new(0, 0, 1.4156103134155273e-07, 1, -1.0523942250983964e-07, 1.2852250108608132e-07, 7.636845111846924e-08, -0.4201134443283081, -0.9074715375900269, 1.2945383787155151e-07, 0.9074715971946716, -0.4201135039329529),
            ["LowerTorso"] = CFrame.new(0.14058151841163635, -0.24384665489196777, -0.4972169101238251, 0.9977972507476807, -0.004560596309602261, -0.06618065387010574, -0.032009340822696686, 0.8407121896743774, -0.5405353307723999, 0.05810404196381569, 0.5414630770683289, 0.8387143015861511),
            ["Head"] = CFrame.new(-5.587935447692871e-09, -2.384185791015625e-07, -2.1420419216156006e-08, 0.999682605266571, 0.008482197299599648, 0.023722762241959572, -0.008912705816328526, 0.9997965097427368, 0.018101131543517113, -0.023564381524920464, -0.01830672100186348, 0.9995546936988831),
            ["RightUpperArm"] = CFrame.new(-5.960464477539063e-08, 0, -5.21540641784668e-08, 0.3747766613960266, -0.889685869216919, -0.26077115535736084, 0.1164475753903389, 0.32421639561653137, -0.9387884140014648, 0.9197730422019958, 0.32146981358528137, 0.22511054575443268),
            ["UpperTorso"] = CFrame.new(0, -1.7881393432617188e-07, -1.0244548320770264e-07, 0.9977537393569946, -0.05595000460743904, -0.03683933615684509, 0.06685376167297363, 0.8665885925292969, 0.4945247769355774, 0.0042558759450912476, -0.49587681889533997, 0.8683825135231018),
            ["HumanoidRootPart"] = CFrame.new(0, 0, 0, 1, 0, 0, 0, 1, 0, 0, 0, 1),
            ["RightHand"] = CFrame.new(8.940696716308594e-08, -5.960464477539063e-08, 1.1548399925231934e-07, 0.8568118214607239, 0.0611804760992527, -0.5119868516921997, -0.17507967352867126, 0.9684642553329468, -0.17726851999759674, 0.4849955141544342, 0.24152429401874542, 0.8405029773712158),
            ["LeftUpperArm"] = CFrame.new(5.960464477539063e-08, -1.1920928955078125e-07, -5.21540641784668e-08, 0.267498254776001, 0.8557611107826233, -0.4428517818450928, 0.030685923993587494, 0.4518014192581177, 0.8915906548500061, 0.9630696177482605, -0.25208815932273865, 0.09459622949361801),
            ["RightLowerArm"] = CFrame.new(-1.1920928955078125e-07, 1.7881393432617188e-07, -9.872019290924072e-08, 1, -8.381903171539307e-09, -1.1175867342672063e-08, 4.470347647611561e-08, 0.9924880862236023, -0.1223418265581131, -7.4505797087454084e-09, 0.12234190106391907, 0.9924880266189575),
            ["LeftHand"] = CFrame.new(6.705522537231445e-08, -1.7881393432617188e-07, 2.60770320892334e-07, 0.6032658219337463, 0.14091244339942932, -0.7849931120872498, -0.241338849067688, 0.9703753590583801, -0.011278525926172733, 0.7601487040519714, 0.19625328481197357, 0.6194018721580505),
            ["RightUpperLeg"] = CFrame.new(-2.9802322387695312e-08, 7.334165275096893e-08, -2.51289748121053e-07, 0.9944651126861572, 0.023132571950554848, -0.10248900204896927, 0.0404837429523468, 0.8157777786254883, 0.5769467353820801, 0.09695453196763992, -0.5779027342796326, 0.8103262186050415),
            ["LeftUpperLeg"] = CFrame.new(8.940696716308594e-08, -2.4959444999694824e-07, -8.381903171539307e-08, 0.8256242275238037, 0.31986239552497864, 0.46479326486587524, 0.4629637897014618, 0.08681023865938187, -0.8821159601211548, -0.32250452041625977, 0.9434787034988403, -0.07641217857599258),
            ["RightLowerLeg"] = CFrame.new(-5.21540641784668e-08, -0.000060439109802246094, -0.00007217952952487394, 1, -8.568166975919667e-08, -5.587936158235607e-08, 1.0849907994270325e-07, 0.6997761130332947, 0.7143619656562805, -3.189779818058014e-08, -0.7143622636795044, 0.6997764110565186),
            ["RightFoot"] = CFrame.new(6.426125764846802e-08, 1.7881393432617188e-07, 4.267349140718579e-08, 0.9569256901741028, 0.11295321583747864, -0.2674602270126343, -0.2399250864982605, 0.8264028429985046, -0.5094054341316223, 0.16349083185195923, 0.5516337752342224, 0.8179066181182861),
            ["LeftLowerLeg"] = CFrame.new(7.82310962677002e-08, 0.000060677528381347656, 0.00007203221321105957, 1, 0, -3.259629011154175e-08, -2.60770320892334e-08, 0.9871609210968018, 0.1597287952899933, 3.4458935260772705e-08, -0.1597287952899933, 0.9871609210968018),
        }},
        {Time = 0.100, Data = {
            ["LeftFoot"] = CFrame.new(3.725290298461914e-08, 1.1920928955078125e-07, 1.4901161193847656e-07, 0.9569469094276428, -0.2507130205631256, 0.14627213776111603, 0.16173188388347626, 0.8790062069892883, 0.4485432207584381, -0.24102970957756042, -0.4055752754211426, 0.8817106485366821),
            ["LeftLowerArm"] = CFrame.new(0, -5.960464477539063e-08, -6.705522537231445e-08, 1, -9.941867062934762e-08, 1.2898816237338906e-07, 9.941868484020233e-08, -0.40395694971084595, -0.9147780537605286, 1.2922100722789764e-07, 0.9147780537605286, -0.40395689010620117),
            ["LowerTorso"] = CFrame.new(0.14660723507404327, -0.3029181957244873, -0.5122668743133545, 0.998695433139801, -0.02085147239267826, -0.04661182314157486, -0.004379559308290482, 0.8744861483573914, -0.48503074049949646, 0.05087500065565109, 0.484602153301239, 0.8732540011405945),
            ["Head"] = CFrame.new(-1.6763806343078613e-08, 0, -3.632158041000366e-08, 0.9994715452194214, 0.02183782123029232, 0.024078242480754852, -0.02207707241177559, 0.9997090697288513, 0.009716233238577843, -0.023859040811657906, -0.010242579504847527, 0.9996628761291504),
            ["RightUpperArm"] = CFrame.new(1.1920928955078125e-07, 1.1920928955078125e-07, -3.725290298461914e-08, 0.3511601686477661, -0.8916851282119751, -0.28562936186790466, 0.05163934454321861, 0.32303640246391296, -0.9449767470359802, 0.9348903894424438, 0.3170885741710663, 0.15948358178138733),
            ["UpperTorso"] = CFrame.new(-4.6566128730773926e-09, 8.940696716308594e-08, 1.5972182154655457e-07, 0.9983757734298706, -0.042492471635341644, -0.03795204311609268, 0.055127643048763275, 0.8886781930923462, 0.45520564913749695, 0.014384321868419647, -0.456558495759964, 0.8895772099494934),
            ["HumanoidRootPart"] = CFrame.new(0, 0, 0, 1, 0, 0, 0, 1, 0, 0, 0, 1),
            ["RightHand"] = CFrame.new(1.4901161193847656e-08, 0, 1.8579885363578796e-07, 0.8508184552192688, 0.0901355966925621, -0.5176713466644287, -0.21404901146888733, 0.9591851234436035, -0.18478894233703613, 0.47988656163215637, 0.26802894473075867, 0.835385799407959),
            ["LeftUpperArm"] = CFrame.new(-1.1920928955078125e-07, 2.384185791015625e-07, -3.725290298461914e-08, 0.277352899312973, 0.8518103957176208, -0.44440358877182007, 0.017590390518307686, 0.45797067880630493, 0.8887933492660522, 0.9606070518493652, -0.254326730966568, 0.1120358258485794),
            ["RightLowerArm"] = CFrame.new(-1.1920928955078125e-07, 1.1920928955078125e-07, 3.818422555923462e-07, 1, -2.3283064365386963e-09, -3.7252898543727042e-09, -1.303851426825986e-08, 0.9962248206138611, -0.0868111178278923, 0, 0.08681115508079529, 0.9962248206138611),
            ["LeftHand"] = CFrame.new(-5.029141902923584e-08, 1.1920928955078125e-07, 2.384185791015625e-07, 0.659080982208252, 0.10918115079402924, -0.7441046237945557, -0.22084712982177734, 0.973882794380188, -0.052716225385665894, 0.7189150452613831, 0.19907762110233307, 0.6659799814224243),
            ["RightUpperLeg"] = CFrame.new(-2.9802322387695312e-08, 3.6973506212234497e-07, 6.349728209897876e-08, 0.991217315196991, 0.055102232843637466, -0.12021667510271072, 0.02239387296140194, 0.8259888887405396, 0.5632413625717163, 0.13033349812030792, -0.5609868168830872, 0.8175005316734314),
            ["LeftUpperLeg"] = CFrame.new(8.940696716308594e-08, 1.816079020500183e-07, 8.195638656616211e-08, 0.8181834816932678, 0.32411378622055054, 0.47489598393440247, 0.45547693967819214, 0.13868506252765656, -0.8793789744377136, -0.3508797883987427, 0.935797393321991, -0.03415652737021446),
            ["RightLowerLeg"] = CFrame.new(8.940696716308594e-08, -0.0000603795051574707, -0.00007206032023532316, 1, -1.0058282384761696e-07, -7.450580596923828e-08, 1.1082738637924194e-07, 0.6898335218429565, 0.7239677906036377, -5.8673322200775146e-08, -0.7239680290222168, 0.6898337602615356),
            ["RightFoot"] = CFrame.new(-7.450580596923828e-09, 3.5762786865234375e-07, 5.420588422566652e-09, 0.9580590128898621, 0.07942107319831848, -0.27534598112106323, -0.23351041972637177, 0.773331344127655, -0.589432954788208, 0.1661202758550644, 0.629007875919342, 0.7594428062438965),
            ["LeftLowerLeg"] = CFrame.new(-1.862645149230957e-08, 0.000060617923736572266, 0.00007194280624389648, 1, 3.725290653733282e-08, 9.35979329597103e-08, -3.725290298461914e-08, 0.9626851677894592, 0.2706241309642792, -1.30385160446167e-08, -0.2706241011619568, 0.9626851081848145),
        }},
        {Time = 0.133, Data = {
            ["LeftFoot"] = CFrame.new(2.9802322387695312e-08, 2.384185791015625e-07, 1.4901161193847656e-08, 0.9931194186210632, -0.11167195439338684, 0.035260159522295, 0.07668585330247879, 0.8477123379707336, 0.524884045124054, -0.088505320250988, -0.5185685157775879, 0.8504431843757629),
            ["LeftLowerArm"] = CFrame.new(-2.9802322387695312e-08, -5.960464477539063e-08, 0, 1, -7.229390774909916e-08, 1.0267829964050179e-07, 7.27595690364069e-08, -0.3818979859352112, -0.9242044687271118, 1.3574025103935128e-07, 0.9242044687271118, -0.3818979263305664),
            ["LowerTorso"] = CFrame.new(0.15333867073059082, -0.3669377565383911, -0.5019607543945312, 0.9987285137176514, -0.04395922273397446, -0.024676963686943054, 0.03002161718904972, 0.9118760824203491, -0.40936630964279175, 0.040497757494449615, 0.40810495615005493, 0.9120363593101501),
            ["Head"] = CFrame.new(1.862645149230957e-09, -1.1920928955078125e-07, 1.885928213596344e-08, 0.9988022446632385, 0.04315197840332985, 0.023069113492965698, -0.04280829802155495, 0.9989678263664246, -0.015189864672720432, -0.0237007774412632, 0.014184224419295788, 0.9996184706687927),
            ["RightUpperArm"] = CFrame.new(0, -1.1920928955078125e-07, 1.1175870895385742e-08, 0.32469603419303894, -0.8922188878059387, -0.31387579441070557, -0.030569322407245636, 0.321783185005188, -0.9463198184967041, 0.9453243017196655, 0.3168613612651825, 0.07720727473497391),
            ["UpperTorso"] = CFrame.new(1.210719347000122e-08, -1.4901161193847656e-07, -1.8044374883174896e-07, 0.999075174331665, -0.0240140613168478, -0.03566670045256615, 0.036292847245931625, 0.9157854914665222, 0.4000248312950134, 0.023056820034980774, -0.4009493887424469, 0.9158100485801697),
            ["HumanoidRootPart"] = CFrame.new(0, 0, 0, 1, 0, 0, 0, 1, 0, 0, 0, 1),
            ["RightHand"] = CFrame.new(7.450580596923828e-09, 0, -1.6670674085617065e-07, 0.8450847864151001, 0.11660315841436386, -0.5217617750167847, -0.24559341371059418, 0.9515300989151001, -0.1851336508989334, 0.47488486766815186, 0.28459489345550537, 0.8327605128288269),
            ["LeftUpperArm"] = CFrame.new(5.960464477539063e-08, -2.384185791015625e-07, 1.4901161193847656e-08, 0.296154648065567, 0.8463638424873352, -0.4426746368408203, -0.008018474094569683, 0.4656524360179901, 0.8849314451217651, 0.9551063776016235, -0.25852686166763306, 0.14469169080257416),
            ["RightLowerArm"] = CFrame.new(-1.1920928955078125e-07, 5.960464477539063e-08, 1.0686926543712616e-07, 1, 7.450581485102248e-09, 1.8626447051417472e-09, 1.1175870895385742e-08, 0.9984338283538818, -0.055945269763469696, -5.587935447692871e-09, 0.055945273488759995, 0.9984338283538818),
            ["LeftHand"] = CFrame.new(-8.614733815193176e-08, 0, -4.470348358154297e-08, 0.7205005288124084, 0.06503985822200775, -0.6903976202011108, -0.18435126543045044, 0.9777312874794006, -0.10028102248907089, 0.6685010194778442, 0.1995280683040619, 0.7164461016654968),
            ["RightUpperLeg"] = CFrame.new(0, 3.3527612686157227e-08, -2.904052962549031e-07, 0.9847407341003418, 0.0956810787320137, -0.14536435902118683, -0.003103658091276884, 0.8448169231414795, 0.5350464582443237, 0.1740000694990158, -0.5264310240745544, 0.832222580909729),
            ["LeftUpperLeg"] = CFrame.new(2.9802322387695312e-08, -1.51805579662323e-07, -2.7939677238464355e-07, 0.8095948696136475, 0.3000297248363495, 0.5045180916786194, 0.4498094320297241, 0.23511260747909546, -0.8616226315498352, -0.3771308958530426, 0.9245021939277649, 0.05538981407880783),
            ["RightLowerLeg"] = CFrame.new(-2.9802322387695312e-08, -0.000060498714447021484, -0.00007206777081592008, 1, -1.0617078771701927e-07, -4.097820394122209e-08, 1.0244548320770264e-07, 0.6826140880584717, 0.7307788729667664, -5.21540641784668e-08, -0.7307791113853455, 0.6826144456863403),
            ["RightFoot"] = CFrame.new(1.862645149230957e-09, 3.5762786865234375e-07, 2.7772330213338137e-08, 0.9569580554962158, 0.024761835113167763, -0.28916841745376587, -0.22233673930168152, 0.7029491662979126, -0.6755951046943665, 0.1865415871143341, 0.710809051990509, 0.6781983375549316),
            ["LeftLowerLeg"] = CFrame.new(0, 0.00006079673767089844, 0.00007209181785583496, 1, 2.980232594040899e-08, 2.2351745343485163e-08, -4.470348358154297e-08, 0.9412652254104614, 0.33766838908195496, 5.587935447692871e-08, -0.33766841888427734, 0.9412652254104614),
        }},
        {Time = 0.167, Data = {
            ["LeftFoot"] = CFrame.new(-5.960464477539063e-08, -1.1920928955078125e-07, 8.940696716308594e-08, 0.9993371963500977, 0.00725933164358139, 0.03567449375987053, -0.028915006667375565, 0.7536643743515015, 0.6566232442855835, -0.022119933739304543, -0.6572194695472717, 0.7533745765686035),
            ["LeftLowerArm"] = CFrame.new(-1.1920928955078125e-07, 1.1920928955078125e-07, 2.384185791015625e-07, 1, -7.066408613809472e-08, 1.3294626910465013e-07, 9.860375627113172e-08, -0.36717039346694946, -0.9301536679267883, 1.2107190627830278e-07, 0.9301536679267883, -0.3671703636646271),
            ["LowerTorso"] = CFrame.new(0.14921681582927704, -0.4248621463775635, -0.46403491497039795, 0.9984474182128906, -0.055695462971925735, 0.000997429946437478, 0.05290202423930168, 0.9424575567245483, -0.3301137685775757, 0.017445802688598633, 0.32965391874313354, 0.9439406991004944),
            ["Head"] = CFrame.new(2.2351741790771484e-08, 1.1920928955078125e-07, 4.551839083433151e-08, 0.997896134853363, 0.061871204525232315, 0.019372431561350822, -0.06114400550723076, 0.9974753856658936, -0.03611510992050171, -0.021558014675974846, 0.03485472500324249, 0.9991598725318909),
            ["RightUpperArm"] = CFrame.new(0, 1.1920928955078125e-07, 2.0489096641540527e-08, 0.29611435532569885, -0.8931062817573547, -0.33864086866378784, -0.11271391063928604, 0.31939050555229187, -0.9408960938453674, 0.9484788179397583, 0.3167824149131775, -0.006089359987527132),
            ["UpperTorso"] = CFrame.new(8.847564458847046e-09, 8.940696716308594e-08, 7.194466888904572e-08, 0.9992321729660034, -0.010193359106779099, -0.037831105291843414, 0.02248624712228775, 0.9399120807647705, 0.3406754434108734, 0.03208528459072113, -0.3412645161151886, 0.9394196271896362),
            ["HumanoidRootPart"] = CFrame.new(0, 0, 0, 1, 0, 0, 0, 1, 0, 0, 0, 1),
            ["RightHand"] = CFrame.new(-1.043081283569336e-07, 1.1920928955078125e-07, 2.146698534488678e-07, 0.8419533371925354, 0.13501664996147156, -0.5223840475082397, -0.2630824148654938, 0.9480234980583191, -0.17899484932422638, 0.47106510400772095, 0.2881353497505188, 0.8337121605873108),
            ["LeftUpperArm"] = CFrame.new(5.960464477539063e-08, 1.1920928955078125e-07, -5.587935447692871e-09, 0.31343311071395874, 0.8420007824897766, -0.4390837550163269, -0.031484950333833694, 0.4713433086872101, 0.8813877701759338, 0.9490882754325867, -0.2624315917491913, 0.1742449551820755),
            ["RightLowerArm"] = CFrame.new(-5.960464477539063e-08, 1.1920928955078125e-07, 5.227666406426579e-07, 1, -1.1175872671742582e-08, -7.450578820566989e-09, 1.4901159417490817e-08, 0.999371349811554, -0.03545543923974037, 4.656612428988183e-09, 0.03545547276735306, 0.9993712306022644),
            ["LeftHand"] = CFrame.new(8.987262845039368e-08, -1.1920928955078125e-07, -5.960464477539063e-08, 0.7775982618331909, 0.020351557061076164, -0.628432035446167, -0.1416446715593338, 0.9794546365737915, -0.14354637265205383, 0.61259925365448, 0.20063546299934387, 0.7645048499107361),
            ["RightUpperLeg"] = CFrame.new(5.960464477539063e-08, 2.4959444999694824e-07, 1.8153514247387648e-08, 0.9766941666603088, 0.11724331974983215, -0.179784893989563, -0.013301383703947067, 0.8690797686576843, 0.4944930672645569, 0.2142234444618225, -0.4805772304534912, 0.8503846526145935),
            ["LeftUpperLeg"] = CFrame.new(5.960464477539063e-08, 1.6577541828155518e-07, -3.434251993894577e-09, 0.7955245971679688, 0.21399232745170593, 0.5668755769729614, 0.4560752809047699, 0.404467910528183, -0.7927176356315613, -0.39891836047172546, 0.8891642689704895, 0.22416755557060242),
            ["RightLowerLeg"] = CFrame.new(-2.9802322387695312e-08, -0.000060439109802246094, -0.00007203796849353239, 1, -8.940696716308594e-08, -6.146729703004894e-08, 1.1362133989223366e-07, 0.67046058177948, 0.7419449090957642, -6.519257311765614e-08, -0.741945207118988, 0.6704608201980591),
            ["RightFoot"] = CFrame.new(-1.5832483768463135e-08, 2.384185791015625e-07, 7.992639439180493e-08, 0.957831084728241, 0.011951819993555546, -0.2870834767818451, -0.22691704332828522, 0.6443778872489929, -0.7302640080451965, 0.1762622594833374, 0.7646138668060303, 0.6199173331260681),
            ["LeftLowerLeg"] = CFrame.new(-2.9802322387695312e-08, 0.00006091594696044922, 0.0000721663236618042, 1, 1.6763808119435453e-08, 6.705523247774181e-08, -1.1175872671742582e-08, 0.9684355854988098, 0.24926403164863586, 1.0244549208948683e-08, -0.24926401674747467, 0.9684355854988098),
        }},
        {Time = 0.200, Data = {
            ["LeftFoot"] = CFrame.new(-2.9802322387695312e-08, 5.960464477539063e-08, 1.1920928955078125e-07, 0.9922688007354736, 0.08918564021587372, 0.08630543947219849, -0.12212145328521729, 0.8255630135536194, 0.5509375929832458, -0.022114919498562813, -0.5572178959846497, 0.8300718069076538),
            ["LeftLowerArm"] = CFrame.new(1.4901161193847656e-07, 5.960464477539063e-08, -1.2665987014770508e-07, 1, -9.03382755268467e-08, 1.1548398504146462e-07, 1.4295801520347595e-07, -0.37125879526138306, -0.9285295009613037, 1.30385160446167e-07, 0.9285294413566589, -0.3712586462497711),
            ["LowerTorso"] = CFrame.new(0.13109049201011658, -0.4633748531341553, -0.40038996934890747, 0.9978209137916565, -0.04508829489350319, 0.04817160964012146, 0.0556054562330246, 0.9676505923271179, -0.24609063565731049, -0.03551746904850006, 0.24823297560214996, 0.9680491089820862),
            ["Head"] = CFrame.new(-6.537447916343808e-09, -3.5762786865234375e-07, -1.7381694306095596e-08, 0.9972257018089294, 0.07392393052577972, -0.00873612891882658, -0.074253611266613, 0.9961395859718323, -0.046822689473629, 0.005241082049906254, 0.04734158143401146, 0.998865008354187),
            ["RightUpperArm"] = CFrame.new(0, -2.384185791015625e-07, -1.6763806343078613e-08, 0.264220654964447, -0.8948240876197815, -0.35982975363731384, -0.19278134405612946, 0.31655898690223694, -0.9287765026092529, 0.9449989199638367, 0.3147704005241394, -0.08886390924453735),
            ["UpperTorso"] = CFrame.new(-2.7939677238464355e-09, -1.4901161193847656e-07, 9.12696123123169e-08, 0.998491644859314, -0.01449761912226677, -0.05295657366514206, 0.02792377956211567, 0.9645435214042664, 0.26244261860847473, 0.047274135053157806, -0.26352548599243164, 0.9634934067726135),
            ["HumanoidRootPart"] = CFrame.new(0, 0, 0, 1, 0, 0, 0, 1, 0, 0, 0, 1),
            ["RightHand"] = CFrame.new(3.725290298461914e-08, -1.1920928955078125e-07, 4.6566128730773926e-08, 0.8405106067657471, 0.13469626009464264, -0.5247848033905029, -0.24423418939113617, 0.9588026404380798, -0.1450769305229187, 0.48362359404563904, 0.2501092255115509, 0.8387809991836548),
            ["LeftUpperArm"] = CFrame.new(0, -2.384185791015625e-07, -3.166496753692627e-08, 0.3203749358654022, 0.8419908881187439, -0.4340638816356659, -0.049451544880867004, 0.47245678305625916, 0.8799655437469482, 0.9459992051124573, -0.2604537904262543, 0.19300103187561035),
            ["RightLowerArm"] = CFrame.new(0, 0, 5.573965609073639e-07, 1, -1.4901161193847656e-08, -7.4505797087454084e-09, 7.450580596923828e-09, 0.9994931817054749, -0.03183622285723686, 0, 0.03183619678020477, 0.9994931221008301),
            ["LeftHand"] = CFrame.new(-1.4901161193847656e-08, -2.980232238769531e-07, 8.940696716308594e-08, 0.8386372327804565, -0.018136270344257355, -0.544388473033905, -0.07340595126152039, 0.9865648746490479, -0.1459502875804901, 0.5397213697433472, 0.1623608022928238, 0.8260385990142822),
            ["RightUpperLeg"] = CFrame.new(-2.9802322387695312e-08, 9.313225746154785e-09, 5.2321411203593016e-08, 0.96877121925354, 0.11864815652370453, -0.21772676706314087, -0.013322819024324417, 0.9017242193222046, 0.4321063458919525, 0.24759812653064728, -0.4157116115093231, 0.8751451969146729),
            ["LeftUpperLeg"] = CFrame.new(8.940696716308594e-08, 6.332993507385254e-08, -3.91155481338501e-08, 0.7864497900009155, 0.1997264325618744, 0.5844709277153015, 0.4774649441242218, 0.4037008583545685, -0.7804185152053833, -0.39182156324386597, 0.8928242921829224, 0.22212804853916168),
            ["RightLowerLeg"] = CFrame.new(3.5390257835388184e-08, -0.00006031990051269531, -0.00007208267197711393, 1, -1.3224780559539795e-07, -5.587936158235607e-08, 1.210719347000122e-07, 0.6540483236312866, 0.7564526200294495, -4.7730281949043274e-08, -0.7564528584480286, 0.6540485620498657),
            ["RightFoot"] = CFrame.new(3.725290298461914e-09, 2.384185791015625e-07, 5.757465260103345e-08, 0.9563975930213928, 0.03766431659460068, -0.2896293103694916, -0.2505819797515869, 0.6152461767196655, -0.7474493384361267, 0.1500411480665207, 0.7874348163604736, 0.5978580713272095),
            ["LeftLowerLeg"] = CFrame.new(-2.9802322387695312e-08, 0.00006091594696044922, 0.0000718949013389647, 1, 2.980232594040899e-08, 1.4901162970204496e-08, -2.2351741790771484e-08, 0.8698875308036804, 0.4932502508163452, -1.1670636013150215e-08, -0.4932502806186676, 0.8698875904083252),
        }},
        {Time = 0.233, Data = {
            ["LeftFoot"] = CFrame.new(7.450580596923828e-08, 0, 8.940696716308594e-08, 0.973444938659668, 0.17399196326732635, 0.14876773953437805, -0.2134285867214203, 0.924804151058197, 0.314937561750412, -0.08278445899486542, -0.338325560092926, 0.9373807311058044),
            ["LeftLowerArm"] = CFrame.new(1.4901161193847656e-07, 1.7881393432617188e-07, 2.384185791015625e-07, 1, -5.774199252073231e-08, 1.2665987014770508e-07, 8.381902460996571e-08, -0.3745308816432953, -0.9272143840789795, 1.0430811414607888e-07, 0.9272144436836243, -0.3745310604572296),
            ["LowerTorso"] = CFrame.new(0.11327163875102997, -0.48234713077545166, -0.37212812900543213, 0.9944545030593872, -0.03578127548098564, 0.09889357537031174, 0.05424996837973595, 0.9801076650619507, -0.1909085363149643, -0.0900953933596611, 0.19521485269069672, 0.9766135215759277),
            ["Head"] = CFrame.new(-1.5832483768463135e-08, 0, 3.8067810237407684e-08, 0.9951890110969543, 0.08096204698085785, -0.05517352372407913, -0.08311349153518677, 0.9958199262619019, -0.03788064792752266, 0.051875997334718704, 0.04228416457772255, 0.9977580308914185),
            ["RightUpperArm"] = CFrame.new(0, -1.1920928955078125e-07, 2.9802322387695312e-08, 0.21881970763206482, -0.8992252349853516, -0.3788297772407532, -0.23246189951896667, 0.3290187418460846, -0.9152640104293823, 0.9476705193519592, 0.2883414328098297, -0.13703978061676025),
            ["UpperTorso"] = CFrame.new(-1.30385160446167e-08, 0, 2.514570951461792e-08, 0.9980701208114624, -0.020754089578986168, -0.058526888489723206, 0.03171037510037422, 0.9806853532791138, 0.1930042952299118, 0.05339083820581436, -0.19448767602443695, 0.9794508814811707),
            ["HumanoidRootPart"] = CFrame.new(0, 0, 0, 1, 0, 0, 0, 1, 0, 0, 0, 1),
            ["RightHand"] = CFrame.new(2.9802322387695312e-08, 0, -1.825392246246338e-07, 0.8505995273590088, 0.12441713362932205, -0.5108824372291565, -0.2064088135957718, 0.9726201891899109, -0.10679668188095093, 0.4836071729660034, 0.19629204273223877, 0.8529909253120422),
            ["LeftUpperArm"] = CFrame.new(1.1920928955078125e-07, 0, 2.7474015951156616e-08, 0.3354826271533966, 0.8368977904319763, -0.4324968159198761, -0.06484763324260712, 0.4785304665565491, 0.8756731748580933, 0.9398118853569031, -0.2657267153263092, 0.21480952203273773),
            ["RightLowerArm"] = CFrame.new(-5.960464477539063e-08, -1.1920928955078125e-07, 2.7939677238464355e-07, 1, 3.725290298461914e-09, 7.4505797087454084e-09, -1.1175869119028903e-08, 0.9977487325668335, -0.06706438213586807, -1.4901159417490817e-08, 0.06706443428993225, 0.9977487325668335),
            ["LeftHand"] = CFrame.new(-2.2351741790771484e-08, 0, -1.043081283569336e-07, 0.8782863616943359, -0.07452212274074554, -0.4722920060157776, 0.006805733777582645, 0.9896275997161865, -0.14349548518657684, 0.47808676958084106, 0.12281579524278641, 0.8696835041046143),
            ["RightUpperLeg"] = CFrame.new(0, 6.51925802230835e-08, -5.757465260103345e-08, 0.9581247568130493, 0.11936265975236893, -0.26028749346733093, 0.008998634293675423, 0.8959802389144897, 0.44400277733802795, 0.2862098217010498, -0.42775237560272217, 0.8573867678642273),
            ["LeftUpperLeg"] = CFrame.new(2.9802322387695312e-08, -5.587935447692871e-08, -1.862645149230957e-08, 0.7725833058357239, 0.2618969976902008, 0.578381359577179, 0.4721139073371887, 0.37213319540023804, -0.799140453338623, -0.4245274066925049, 0.8904643654823303, 0.16385868191719055),
            ["RightLowerLeg"] = CFrame.new(-5.634501576423645e-08, -0.0000603795051574707, -0.00007206777081592008, 1, -1.0640360414981842e-07, -5.2619732571201894e-08, 1.0337681999317283e-07, 0.6986349821090698, 0.7154780030250549, -6.123446638639507e-08, -0.7154783010482788, 0.6986352205276489),
            ["RightFoot"] = CFrame.new(6.903428584337234e-08, 3.5762786865234375e-07, -5.75528247281909e-09, 0.9580897092819214, 0.09419714659452438, -0.2705386281013489, -0.2696983516216278, 0.6149779558181763, -0.7409889698028564, 0.09657621383666992, 0.7828978300094604, 0.6146089434623718),
            ["LeftLowerLeg"] = CFrame.new(5.960464477539063e-08, 0.00006079673767089844, 0.00007217377424240112, 1, 1.341104507446289e-07, 7.450581307466564e-08, -2.9802322387695312e-08, 0.5315706729888916, 0.8470140099525452, 3.725290298461914e-08, -0.8470139503479004, 0.5315707325935364),
        }},
        {Time = 0.267, Data = {
            ["LeftFoot"] = CFrame.new(2.9802322387695312e-08, 5.960464477539063e-08, 8.195638656616211e-08, 0.9435745477676392, 0.2668663561344147, 0.19608572125434875, -0.2792026996612549, 0.9594918489456177, 0.037700388580560684, -0.178081676363945, -0.09032078832387924, 0.9798617959022522),
            ["LeftLowerArm"] = CFrame.new(5.960464477539063e-08, -5.960464477539063e-08, 2.7567148208618164e-07, 1, -8.940695295223122e-08, 1.043081283569336e-07, 1.5646217832454568e-07, -0.3784140348434448, -0.9256364107131958, 9.313224325069314e-08, 0.9256364107131958, -0.37841418385505676),
            ["LowerTorso"] = CFrame.new(0.09252731502056122, -0.4859846830368042, -0.37985125184059143, 0.9874318838119507, -0.02259773202240467, 0.15642188489437103, 0.04658544063568115, 0.9873689413070679, -0.15143431723117828, -0.15102404356002808, 0.15681804716587067, 0.9760122299194336),
            ["Head"] = CFrame.new(2.9802322387695312e-08, 2.384185791015625e-07, 6.007030606269836e-08, 0.9906817674636841, 0.0822935476899147, -0.10852428525686264, -0.08525407314300537, 0.9960956573486328, -0.022920358926057816, 0.10621434450149536, 0.03195900842547417, 0.9938295483589172),
            ["RightUpperArm"] = CFrame.new(1.1920928955078125e-07, 0, 7.450580596923828e-08, 0.18280096352100372, -0.9055616855621338, -0.38280782103538513, -0.22297655045986176, 0.341035395860672, -0.9132230281829834, 0.9575309157371521, 0.25229528546333313, -0.13957735896110535),
            ["UpperTorso"] = CFrame.new(-3.725290298461914e-09, -2.9802322387695312e-08, 6.798654794692993e-08, 0.9975152611732483, -0.02701364830136299, -0.06506743282079697, 0.03531133383512497, 0.990890622138977, 0.12995794415473938, 0.060964055359363556, -0.13193264603614807, 0.989382266998291),
            ["HumanoidRootPart"] = CFrame.new(0, 0, 0, 1, 0, 0, 0, 1, 0, 0, 0, 1),
            ["RightHand"] = CFrame.new(0, 5.960464477539063e-08, 1.1920928955078125e-07, 0.8693796992301941, 0.09789886325597763, -0.48434990644454956, -0.14893274009227753, 0.9865114688873291, -0.06792734563350677, 0.47116661071777344, 0.13119037449359894, 0.8722333908081055),
            ["LeftUpperArm"] = CFrame.new(0, 3.5762786865234375e-07, 4.470348358154297e-08, 0.354448139667511, 0.8263261914253235, -0.437666118144989, -0.07192995399236679, 0.49076196551322937, 0.8683195114135742, 0.9323050379753113, -0.27629297971725464, 0.2333873063325882),
            ["RightLowerArm"] = CFrame.new(-1.7881393432617188e-07, -5.960464477539063e-08, -3.725290298461914e-09, 1, 2.9802318834981634e-08, 2.2351738238057806e-08, -1.4901157641133977e-08, 0.9950212836265564, -0.0996626541018486, -7.450578820566989e-09, 0.09966270625591278, 0.9950213432312012),
            ["LeftHand"] = CFrame.new(1.9371509552001953e-07, 0, 1.043081283569336e-07, 0.9013727903366089, -0.13036392629146576, -0.4129558503627777, 0.08602511882781982, 0.9885101914405823, -0.12428738176822662, 0.42441365122795105, 0.07650470733642578, 0.9022307395935059),
            ["RightUpperLeg"] = CFrame.new(0, 6.51925802230835e-08, 1.3205863069742918e-08, 0.9384329319000244, 0.1274837702512741, -0.32107895612716675, 0.060638099908828735, 0.8542040586471558, 0.516389787197113, 0.3400982916355133, -0.5040668845176697, 0.7938827872276306),
            ["LeftUpperLeg"] = CFrame.new(5.960464477539063e-08, -1.0244548320770264e-08, -2.2351741790771484e-08, 0.7664746046066284, 0.2938860356807709, 0.5710934996604919, 0.4283185601234436, 0.42869803309440613, -0.7954629063606262, -0.4786020517349243, 0.8543120622634888, 0.20270933210849762),
            ["RightLowerLeg"] = CFrame.new(9.313225746154785e-09, -0.00006031990051269531, -0.00007199326500995085, 1, -1.1548399925231934e-07, -1.1175872671742582e-08, 9.12696123123169e-08, 0.7978211045265198, 0.6028940081596375, -4.470348358154297e-08, -0.6028943061828613, 0.7978214025497437),
