return {
    ["Forget Me Not"] = {
        {Time = 0.000, Data = {
            ["RightFoot"] = CFrame.new(-3.818422555923462e-08, 1.7881393432617188e-07, -7.617927622050047e-09, 0.9981608390808105, 0.03358595818281174, -0.05046659708023071, -0.05253402888774872, 0.8946603536605835, -0.4436472952365875, 0.03025033324956894, 0.4454828202724457, 0.8947795033454895),
            ["LeftLowerArm"] = CFrame.new(-2.9802322387695312e-08, -6.556510925292969e-07, -1.1129304766654968e-07, 1, -8.754432911928234e-08, 8.940696716308594e-08, 1.043081283569336e-07, -0.13287517428398132, -0.9911327958106995, 1.2665987014770508e-07, 0.9911328554153442, -0.13287517428398132),
            ["RightUpperArm"] = CFrame.new(0, 1.1920928955078125e-07, -7.450580596923828e-08, 0.31544333696365356, -0.5576459169387817, 0.7678062915802002, -0.06245950981974602, 0.795160710811615, 0.603173553943634, -0.9468866586685181, -0.23822389543056488, 0.2159978747367859),
            ["Head"] = CFrame.new(3.725290298461914e-09, 3.5762786865234375e-07, -9.313225746154785e-09, 0.9084922671318054, 0.22196272015571594, -0.35408225655555725, -0.16800975799560547, 0.9697909355163574, 0.17685745656490326, 0.38264143466949463, -0.10118431597948074, 0.9183394312858582),
            ["RightHand"] = CFrame.new(3.725290298461914e-09, 0, 5.21540641784668e-08, 0.837579071521759, 0.002243058755993843, 0.5463118553161621, -0.4207127094268799, 0.6405779123306274, 0.6423868536949158, -0.3485141098499298, -0.7678900361061096, 0.5374780893325806),
            ["UpperTorso"] = CFrame.new(9.313225746154785e-09, -2.086162567138672e-07, -5.587935447692871e-09, 0.9728848338127136, -0.11904242634773254, 0.19830285012722015, 0.10912944376468658, 0.9922012686729431, 0.060229361057281494, -0.2039262056350708, -0.0369555726647377, 0.978288471698761),
            ["HumanoidRootPart"] = CFrame.new(0, 0, 0, 1, 0, 0, 0, 1, 0, 0, 0, 1),
            ["RightUpperLeg"] = CFrame.new(5.960464477539063e-08, -2.076849341392517e-07, -1.287116901949048e-08, 0.6027637720108032, 0.07309400290250778, -0.7945647835731506, 0.0788017138838768, 0.985474169254303, 0.1504357010126114, 0.7940189838409424, -0.15329037606716156, 0.5882481336593628),
            ["LeftUpperArm"] = CFrame.new(0, 0, 2.2351741790771484e-08, 0.5876144766807556, 0.3931163251399994, -0.7072261571884155, -0.004144323989748955, 0.8754964470863342, 0.4832068681716919, 0.8091304898262024, -0.2810083329677582, 0.5160835981369019),
            ["RightLowerArm"] = CFrame.new(-1.4901161193847656e-07, 2.980232238769531e-07, 1.4435499906539917e-07, 1, -8.847562327218839e-08, 7.078050145992165e-08, 7.82310962677002e-08, 0.19591209292411804, -0.9806214570999146, 6.984919309616089e-08, 0.9806214570999146, 0.19591200351715088),
            ["LeftHand"] = CFrame.new(0, 0, 3.129243850708008e-07, 0.8272920250892639, -0.1841849833726883, -0.5307205319404602, 0.501087486743927, 0.6690319776535034, 0.5489147305488586, 0.25396716594696045, -0.7200500965118408, 0.6457772850990295),
            ["LeftFoot"] = CFrame.new(-1.4901161193847656e-08, 5.960464477539063e-08, 0, 0.9416302442550659, 0.15905067324638367, 0.2967076301574707, -0.06437135487794876, 0.9501596093177795, -0.305046021938324, -0.330437570810318, 0.26814115047454834, 0.9049373269081116),
            ["LowerTorso"] = CFrame.new(0.10312461107969284, -0.09677791595458984, -0.30630412697792053, 0.9945062398910522, 0.01395298633724451, 0.10374419391155243, -0.009280949831008911, 0.9989266991615295, -0.045381028205156326, -0.10426605492830276, 0.0441688671708107, 0.9935681819915771),
            ["RightLowerLeg"] = CFrame.new(-1.1175870895385742e-08, -0.00006002187728881836, -0.00007206032023532316, 1, -5.2154071283894154e-08, -3.1664978195067306e-08, 6.332994928470725e-08, 0.9478969573974609, 0.31857746839523315, -2.887100691850719e-08, -0.31857725977897644, 0.9478969573974609),
            ["LeftUpperLeg"] = CFrame.new(2.9802322387695312e-08, -4.7497451305389404e-08, 0, 0.8427734375, 0.023132039234042168, 0.5377712845802307, 0.14295653998851776, 0.9535775780677795, -0.26505357027053833, -0.5189378261566162, 0.30025801062583923, 0.800342857837677),
            ["LeftLowerLeg"] = CFrame.new(-8.940696716308594e-08, 0.000060617923736572266, 0.00007203221321105957, 1, 2.9802318834981634e-08, 2.60770320892334e-08, -5.21540464148984e-08, 0.8245577812194824, 0.5657779574394226, 9.313222193441106e-08, -0.5657778382301331, 0.8245577216148376),
        }},
        {Time = 0.033, Data = {
            ["RightFoot"] = CFrame.new(6.658956408500671e-08, 2.980232238769531e-07, -1.3205863069742918e-08, 0.9959791302680969, 0.01802920550107956, -0.08775317668914795, -0.05669437348842621, 0.8852827548980713, -0.461584210395813, 0.0693642646074295, 0.4647037088871002, 0.8827453851699829),
            ["LeftLowerArm"] = CFrame.new(-2.086162567138672e-07, -1.1920928955078125e-07, -6.146728992462158e-08, 1, -8.00937343115038e-08, 9.313223614526578e-08, 9.313225746154785e-08, -0.15934830904006958, -0.98722243309021, 1.73225998878479e-07, 0.9872224926948547, -0.1593482941389084),
            ["RightUpperArm"] = CFrame.new(0, 2.384185791015625e-07, 0, 0.3559601604938507, -0.5313599705696106, 0.7687320709228516, -0.07118538022041321, 0.8048043251037598, 0.5892560482025146, -0.9317858815193176, -0.26447415351867676, 0.24865318834781647),
            ["Head"] = CFrame.new(1.4901161193847656e-08, 2.384185791015625e-07, -9.313225746154785e-09, 0.9155045747756958, 0.22059455513954163, -0.33643633127212524, -0.17208774387836456, 0.9706262350082397, 0.16813871264457703, 0.36364439129829407, -0.0960351750254631, 0.9265743494033813),
            ["RightHand"] = CFrame.new(-2.2351741790771484e-08, -3.5762786865234375e-07, 1.4901161193847656e-07, 0.8112240433692932, -0.009076098911464214, 0.584665060043335, -0.4531320035457611, 0.6222074031829834, 0.6383803486824036, -0.3695767819881439, -0.7827997803688049, 0.500636875629425),
            ["UpperTorso"] = CFrame.new(-1.6763806343078613e-08, -2.9802322387695312e-08, 3.259629011154175e-08, 0.9675045013427734, -0.14571411907672882, 0.20664578676223755, 0.1327054798603058, 0.988271951675415, 0.07554987072944641, -0.21523094177246094, -0.04567180946469307, 0.9754946231842041),
            ["HumanoidRootPart"] = CFrame.new(0, 0, 0, 1, 0, 0, 0, 1, 0, 0, 0, 1),
            ["RightUpperLeg"] = CFrame.new(-5.960464477539063e-08, -1.0244548320770264e-07, 3.9282895158976316e-08, 0.6591708064079285, -0.000916190561838448, -0.7519926428794861, 0.08175031840801239, 0.994159996509552, 0.07044817507266998, 0.7475364804267883, -0.10791309922933578, 0.6553962826728821),
            ["LeftUpperArm"] = CFrame.new(-1.1920928955078125e-07, 4.76837158203125e-07, 7.450580596923828e-09, 0.5644630789756775, 0.4218457341194153, -0.709526538848877, -0.018921682611107826, 0.865941047668457, 0.4997880160808563, 0.8252415657043457, -0.268686443567276, 0.4967736601829529),
            ["RightLowerArm"] = CFrame.new(-2.9802322387695312e-08, -5.960464477539063e-08, 2.384185791015625e-07, 1, -7.869675044958058e-08, 5.215407838932151e-08, 8.195637946073475e-08, 0.18983669579029083, -0.981815755367279, 7.264315371457997e-08, 0.9818156361579895, 0.18983681499958038),
            ["LeftHand"] = CFrame.new(-1.7881393432617188e-07, 1.1920928955078125e-07, 8.940696716308594e-08, 0.8457280993461609, -0.12400324642658234, -0.5190063714981079, 0.4608152508735657, 0.6601397395133972, 0.593181848526001, 0.26906028389930725, -0.740836501121521, 0.615441083908081),
            ["LeftFoot"] = CFrame.new(7.450580596923828e-09, 5.960464477539063e-08, -2.2351741790771484e-08, 0.9466583132743835, 0.10796058177947998, 0.30361613631248474, -0.04319114610552788, 0.9762153029441833, -0.2124573439359665, -0.31933173537254333, 0.18801099061965942, 0.9288052320480347),
            ["LowerTorso"] = CFrame.new(0.09632192552089691, -0.08877325057983398, -0.3018666207790375, 0.9953869581222534, 0.03852531686425209, 0.08786751329898834, -0.03404201194643974, 0.9980685710906982, -0.05196356028318405, -0.08969971537590027, 0.048732656985521317, 0.9947758913040161),
            ["RightLowerLeg"] = CFrame.new(1.862645149230957e-09, -0.000060439109802246094, -0.00007203051791293547, 1, -5.0291429687376876e-08, -6.798655505235729e-08, 7.078052988163108e-08, 0.9069000482559204, 0.42134547233581543, -2.8754591596680257e-08, -0.42134585976600647, 0.9069002866744995),
            ["LeftUpperLeg"] = CFrame.new(0, -2.3096799850463867e-07, 1.862645149230957e-08, 0.8815160393714905, 0.025228016078472137, 0.47147971391677856, 0.1375487893819809, 0.9415371417999268, -0.30755212903022766, -0.4516746401786804, 0.33596351742744446, 0.8265100121498108),
            ["LeftLowerLeg"] = CFrame.new(4.842877388000488e-08, 0.00006085634231567383, 0.00007206201553344727, 1, 3.725290653733282e-08, -2.980232949312267e-08, -5.960465898624534e-08, 0.7923191785812378, 0.610106885433197, 1.1920931797249068e-07, -0.6101068258285522, 0.7923191785812378),
        }},
        {Time = 0.067, Data = {
            ["RightFoot"] = CFrame.new(9.313225746154785e-09, 2.384185791015625e-07, -2.6244379114359617e-08, 0.9952749609947205, 0.0097510302439332, -0.09660649299621582, -0.05276396498084068, 0.8895359635353088, -0.45380762219429016, 0.08150976896286011, 0.4567612409591675, 0.8858475685119629),
            ["LeftLowerArm"] = CFrame.new(2.9802322387695312e-08, 1.7881393432617188e-07, 1.30385160446167e-08, 1, -8.195639367158947e-08, 9.313227167240257e-08, 1.5273688802608376e-07, -0.1863405853509903, -0.982485294342041, 3.725289943190546e-08, 0.9824852347373962, -0.18634064495563507),
            ["RightUpperArm"] = CFrame.new(0, -3.5762786865234375e-07, -7.450580596923828e-09, 0.41602084040641785, -0.4994976818561554, 0.7598874568939209, -0.08607091754674911, 0.8102527260780334, 0.5797262191772461, -0.9052726626396179, -0.30658233165740967, 0.29408979415893555),
            ["Head"] = CFrame.new(2.60770320892334e-08, -2.384185791015625e-07, -1.30385160446167e-08, 0.9239426255226135, 0.21205583214759827, -0.3183746933937073, -0.17176498472690582, 0.973646342754364, 0.15003268420696259, 0.34179961681365967, -0.0839359387755394, 0.9360169768333435),
            ["RightHand"] = CFrame.new(1.4901161193847656e-08, 5.960464477539063e-08, 1.043081283569336e-07, 0.7673434615135193, -0.046981606632471085, 0.6395130753517151, -0.4988313913345337, 0.5829373002052307, 0.6413665413856506, -0.40292835235595703, -0.811157763004303, 0.42387720942497253),
            ["UpperTorso"] = CFrame.new(-5.122274160385132e-09, -5.960464477539063e-08, 3.306195139884949e-08, 0.9612106680870056, -0.16403400897979736, 0.2217363566160202, 0.14097723364830017, 0.9831705093383789, 0.11619474738836288, -0.23706459999084473, -0.0804278552532196, 0.968159019947052),
            ["HumanoidRootPart"] = CFrame.new(0, 0, 0, 1, 0, 0, 0, 1, 0, 0, 0, 1),
            ["RightUpperLeg"] = CFrame.new(0, -2.5704503059387207e-07, 2.029992174357176e-09, 0.7762253880500793, -0.08566013723611832, -0.624609112739563, 0.09753961116075516, 0.9951147437095642, -0.01525602862238884, 0.6228645443916321, -0.04908211529254913, 0.7807886004447937),
            ["LeftUpperArm"] = CFrame.new(5.960464477539063e-08, -1.1920928955078125e-07, -9.313225746154785e-09, 0.5571625828742981, 0.4304139316082001, -0.7101507186889648, -0.03220568969845772, 0.8657441139221191, 0.4994494915008545, 0.8297787308692932, -0.255403608083725, 0.4962218701839447),
            ["RightLowerArm"] = CFrame.new(5.960464477539063e-08, 2.384185791015625e-07, 2.0489096641540527e-07, 1, -9.313224325069314e-08, 7.078052988163108e-08, 9.685754776000977e-08, 0.15689854323863983, -0.9876148104667664, 7.450580596923828e-08, 0.9876148104667664, 0.15689854323863983),
            ["LeftHand"] = CFrame.new(-8.940696716308594e-08, 1.1920928955078125e-07, 4.470348358154297e-08, 0.8328202366828918, -0.05465768277645111, -0.5508384108543396, 0.45329904556274414, 0.6384676694869995, 0.6219961047172546, 0.3176957070827484, -0.7677054405212402, 0.5565049648284912),
            ["LeftFoot"] = CFrame.new(-1.30385160446167e-08, -5.960464477539063e-08, 2.2351741790771484e-08, 0.9614417552947998, 0.009926676750183105, 0.27482977509498596, 0.0010509249987080693, 0.9992084503173828, -0.039767634123563766, -0.27500689029693604, 0.038523733615875244, 0.9606702327728271),
            ["LowerTorso"] = CFrame.new(0.08988826721906662, -0.07647442817687988, -0.290934294462204, 0.9967067241668701, 0.05820988863706589, 0.05645650625228882, -0.05397048965096474, 0.9958033561706543, -0.07391203194856644, -0.06052197515964508, 0.07062163203954697, 0.9956655502319336),
            ["RightLowerLeg"] = CFrame.new(-3.4458935260772705e-08, -0.0000603795051574707, -0.00007210874900920317, 1, -1.424923539161682e-07, 6.286428799739952e-08, 7.264316082000732e-08, 0.8480557799339294, 0.5299066305160522, -6.417394615709782e-08, -0.5299069881439209, 0.8480560183525085),
            ["LeftUpperLeg"] = CFrame.new(5.960464477539063e-08, -2.086162567138672e-07, -2.0489096641540527e-08, 0.9380465745925903, 0.0574386864900589, 0.341715544462204, 0.09201379865407944, 0.9094700217247009, -0.40545979142189026, -0.33406931161880493, 0.4117828905582428, 0.8478401303291321),
            ["LeftLowerLeg"] = CFrame.new(-2.2351741790771484e-08, 0.00006079673767089844, 0.00007212162017822266, 1, 8.195639367158947e-08, 3.166497108963995e-08, -7.078052277620372e-08, 0.7131838202476501, 0.7009768486022949, -3.725290742551124e-09, -0.7009770274162292, 0.7131839990615845),
        }},
        {Time = 0.100, Data = {
            ["RightFoot"] = CFrame.new(8.847564458847046e-09, 4.172325134277344e-07, 4.489265847951174e-09, 0.9974443912506104, 0.04089966416358948, 0.058583881705999374, -0.01348288543522358, 0.9129639863967896, -0.40781712532043457, -0.07016463577747345, 0.4059852361679077, 0.9111822843551636),
            ["LeftLowerArm"] = CFrame.new(-5.960464477539063e-08, 1.1920928955078125e-07, -8.195638656616211e-08, 1, -1.4901161193847656e-08, 1.0803343286625022e-07, 1.0058283805847168e-07, -0.17738687992095947, -0.9841412305831909, 1.3597309589385986e-07, 0.9841411709785461, -0.17738698422908783),
            ["RightUpperArm"] = CFrame.new(0, 2.384185791015625e-07, -4.470348358154297e-08, 0.5461458563804626, -0.42936238646507263, 0.7192862033843994, -0.10446333885192871, 0.8170433044433594, 0.567034125328064, -0.8311511874198914, -0.38482239842414856, 0.40137210488319397),
            ["Head"] = CFrame.new(1.1175870895385742e-08, 2.384185791015625e-07, -2.0489096641540527e-08, 0.9425284266471863, 0.17837055027484894, -0.28253173828125, -0.15032796561717987, 0.9815467596054077, 0.11818471550941467, 0.2983987629413605, -0.06892000883817673, 0.9519497156143188),
            ["RightHand"] = CFrame.new(2.9802322387695312e-08, 5.960464477539063e-08, -2.9802322387695312e-08, 0.6386695504188538, -0.13715091347694397, 0.7571597695350647, -0.6062430739402771, 0.5163073539733887, 0.6048934459686279, -0.47388869524002075, -0.8453497886657715, 0.2466028928756714),
            ["UpperTorso"] = CFrame.new(1.0244548320770264e-08, 8.940696716308594e-08, 2.0605511963367462e-08, 0.9566126465797424, -0.14662116765975952, 0.25178274512290955, 0.10273818671703339, 0.9783948063850403, 0.17941170930862427, -0.27264848351478577, -0.14575980603694916, 0.9510084390640259),
            ["HumanoidRootPart"] = CFrame.new(0, 0, 0, 1, 0, 0, 0, 1, 0, 0, 0, 1),
            ["RightUpperLeg"] = CFrame.new(-2.9802322387695312e-08, 2.905726432800293e-07, 8.398637874051929e-08, 0.9243042469024658, -0.16710692644119263, -0.3431282341480255, 0.14009761810302734, 0.9848449230194092, -0.10224059224128723, 0.35501328110694885, 0.046429865062236786, 0.933707594871521),
            ["LeftUpperArm"] = CFrame.new(5.960464477539063e-08, 3.5762786865234375e-07, -7.450580596923828e-09, 0.5802550315856934, 0.3926137685775757, -0.7135535478591919, -0.029446987435221672, 0.8856741786003113, 0.46337252855300903, 0.8139023780822754, -0.24786223471164703, 0.525478184223175),
            ["RightLowerArm"] = CFrame.new(-1.1920928955078125e-07, -2.384185791015625e-07, -2.384185791015625e-07, 1, -5.215405707303944e-08, 1.4156104555240745e-07, 8.195639367158947e-08, 0.09922812879085541, -0.9950647354125977, 2.2351745343485163e-08, 0.9950647354125977, 0.0992281436920166),
            ["LeftHand"] = CFrame.new(-8.940696716308594e-08, 0, -7.450580596923828e-08, 0.7728719711303711, 0.006051831878721714, -0.634533166885376, 0.47623884677886963, 0.6553083062171936, 0.5863170027732849, 0.41936326026916504, -0.7553373575210571, 0.5035872459411621),
            ["LeftFoot"] = CFrame.new(-3.725290298461914e-09, -1.1920928955078125e-07, -7.450580596923828e-08, 0.9923273921012878, 0.013112954795360565, 0.12294121086597443, -0.02577698975801468, 0.9944512248039246, 0.10199219733476639, -0.12092170119285583, -0.1043785810470581, 0.9871591329574585),
            ["LowerTorso"] = CFrame.new(0.08330242335796356, -0.06786131858825684, -0.2770824432373047, 0.9984250664710999, 0.0544743612408638, -0.01341922115534544, -0.05567070469260216, 0.9916067719459534, -0.11669079959392548, 0.00694993743672967, 0.11725407093763351, 0.9930776357650757),
            ["RightLowerLeg"] = CFrame.new(-4.0978193283081055e-08, -0.00006026029586791992, -0.00007203051791293547, 1, -8.195639367158947e-08, -7.450582373280668e-09, 7.82310962677002e-08, 0.7737768292427063, 0.633458137512207, -8.102506399154663e-08, -0.6334583163261414, 0.7737770676612854),
            ["LeftUpperLeg"] = CFrame.new(5.960464477539063e-08, 1.6763806343078613e-07, 6.332993507385254e-08, 0.9633362889289856, 0.131264328956604, 0.2339937686920166, -0.0012766964500769973, 0.8743767142295837, -0.4852461516857147, -0.26829418540000916, 0.4671564996242523, 0.8424863219261169),
            ["LeftLowerLeg"] = CFrame.new(-9.313225746154785e-09, 0.00006103515625, 0.00007206946611404419, 1, 6.705523247774181e-08, 2.2351748896198842e-08, -5.7742006731587026e-08, 0.6220138072967529, 0.7830063700675964, 7.916242594774303e-08, -0.7830062508583069, 0.6220138669013977),
        }},
        {Time = 0.133, Data = {
            ["RightFoot"] = CFrame.new(3.073364496231079e-08, 5.364418029785156e-07, -2.0656443666666746e-08, 0.9792434573173523, 0.08360707014799118, 0.18464085459709167, -0.01772185228765011, 0.9427899718284607, -0.33291590213775635, -0.20191168785095215, 0.3227337598800659, 0.9247025847434998),
            ["LeftLowerArm"] = CFrame.new(5.960464477539063e-08, -2.384185791015625e-07, -4.470348358154297e-08, 1, -9.499488129449674e-08, 9.685756197086448e-08, 0, -0.17522722482681274, -0.9845280051231384, 2.1979215603096236e-07, 0.9845280051231384, -0.1752273589372635),
            ["RightUpperArm"] = CFrame.new(-5.960464477539063e-08, -1.1920928955078125e-07, 1.1641532182693481e-08, 0.6468487977981567, -0.37433886528015137, 0.6644223928451538, -0.11449331045150757, 0.8136951327323914, 0.5699048638343811, -0.7539748549461365, -0.44471418857574463, 0.48347845673561096),
            ["Head"] = CFrame.new(5.587935447692871e-09, -4.76837158203125e-07, 8.731149137020111e-10, 0.9653431177139282, 0.13036270439624786, -0.22609323263168335, -0.11463945358991623, 0.9900674819946289, 0.08138985186815262, 0.23445773124694824, -0.05264991521835327, 0.9706996083259583),
            ["RightHand"] = CFrame.new(2.9802322387695312e-08, -1.1920928955078125e-07, 1.4901161193847656e-07, 0.4865628778934479, -0.22792445123195648, 0.8433903455734253, -0.7027662992477417, 0.47139498591423035, 0.5328285098075867, -0.5190145969390869, -0.8519608378410339, 0.06918565183877945),
            ["UpperTorso"] = CFrame.new(9.313225746154785e-09, -2.9802322387695312e-08, 3.818422555923462e-08, 0.955754280090332, -0.11412904411554337, 0.27112436294555664, 0.04478134587407112, 0.9673766493797302, 0.2493535429239273, -0.2907378375530243, -0.2261793315410614, 0.9296851754188538),
            ["HumanoidRootPart"] = CFrame.new(0, 0, 0, 1, 0, 0, 0, 1, 0, 0, 0, 1),
            ["RightUpperLeg"] = CFrame.new(0, -1.341104507446289e-07, 1.0633812053129077e-07, 0.9863924384117126, -0.16199436783790588, -0.0280676931142807, 0.1566736102104187, 0.9779359698295593, -0.13818369805812836, 0.04983339086174965, 0.13190576434135437, 0.9900088310241699),
            ["LeftUpperArm"] = CFrame.new(5.960464477539063e-08, -2.384185791015625e-07, -3.259629011154175e-09, 0.6157275438308716, 0.33919787406921387, -0.7112134099006653, -0.0068394215777516365, 0.904868483543396, 0.4256362020969391, 0.7879295349121094, -0.2572115957736969, 0.559472382068634),
            ["RightLowerArm"] = CFrame.new(-5.960464477539063e-08, -1.1920928955078125e-07, -3.129243850708008e-07, 1, -1.5646217832454568e-07, 7.450581485102248e-09, 1.6391277313232422e-07, 0.02329379878938198, -0.9997286796569824, 2.9802322387695312e-08, 0.9997286796569824, 0.02329382486641407),
            ["LeftHand"] = CFrame.new(-2.9802322387695312e-08, -5.960464477539063e-08, 2.905726432800293e-07, 0.6842395067214966, 0.07918035238981247, -0.7249463200569153, 0.49914079904556274, 0.6738991737365723, 0.5447182655334473, 0.5316718220710754, -0.7345682382583618, 0.42158618569374084),
            ["LeftFoot"] = CFrame.new(-7.450580596923828e-09, -1.1920928955078125e-07, 3.725290298461914e-08, 0.9980879426002502, -0.050961267203092575, -0.034978535026311874, 0.05624908208847046, 0.9834539890289307, 0.17220504581928253, 0.025623971596360207, -0.17384310066699982, 0.9844399094581604),
            ["LowerTorso"] = CFrame.new(0.07554473727941513, -0.06323432922363281, -0.263985276222229, 0.9951567649841309, 0.03563909977674484, -0.09161214530467987, -0.05067934840917587, 0.9845690727233887, -0.16749723255634308, 0.08422903716564178, 0.1713288426399231, 0.9816068410873413),
            ["RightLowerLeg"] = CFrame.new(2.9802322387695312e-08, -0.0000603795051574707, -0.00007203796849353239, 1, -9.685754776000977e-08, -4.470348358154297e-08, 9.313225746154785e-08, 0.7451699376106262, 0.6668742895126343, -4.6566128730773926e-08, -0.6668747067451477, 0.7451702356338501),
            ["LeftUpperLeg"] = CFrame.new(5.960464477539063e-08, 1.1175870895385742e-08, 4.470348358154297e-08, 0.9723115563392639, 0.2082754224538803, 0.10597975552082062, -0.1218121200799942, 0.8387328386306763, -0.5307438969612122, -0.19942961633205414, 0.5031387209892273, 0.8408800363540649),
            ["LeftLowerLeg"] = CFrame.new(-1.4901161193847656e-08, 0.00006079673767089844, 0.00007210439071059227, 1, 7.823111758398227e-08, 5.960464477539063e-08, -8.195636524988004e-08, 0.5068946480751038, 0.8620080351829529, 1.862644793959589e-08, -0.8620080351829529, 0.5068946480751038),
        }},
        {Time = 0.167, Data = {
            ["RightFoot"] = CFrame.new(5.9371814131736755e-08, 1.7881393432617188e-07, 5.757465260103345e-08, 0.9811702370643616, 0.11001511663198471, 0.1587507277727127, -0.05780531466007233, 0.9515115022659302, -0.3021329939365387, -0.18429231643676758, 0.2872675061225891, 0.9399542212486267),
            ["LeftLowerArm"] = CFrame.new(-2.980232238769531e-07, -3.5762786865234375e-07, 1.7881393432617188e-07, 1, -1.1175872316471214e-07, 1.2665985593685036e-07, 1.1920926112907182e-07, -0.1784634292125702, -0.9839465618133545, 1.3411042232291948e-07, 0.9839466214179993, -0.178463414311409),
            ["RightUpperArm"] = CFrame.new(1.1920928955078125e-07, -1.1920928955078125e-07, 3.725290298461914e-09, 0.6888709664344788, -0.3628270924091339, 0.6275456547737122, -0.11391031742095947, 0.8007798194885254, 0.5880273580551147, -0.7158780097961426, -0.4765588045120239, 0.5103041529655457),
            ["Head"] = CFrame.new(1.1175870895385742e-08, 0, 3.5390257835388184e-08, 0.983000636100769, 0.07733738422393799, -0.16651953756809235, -0.06860385835170746, 0.9959806799888611, 0.05758579820394516, 0.17030377686023712, -0.04518290236592293, 0.9843552112579346),
            ["RightHand"] = CFrame.new(-8.940696716308594e-08, -3.5762786865234375e-07, -2.682209014892578e-07, 0.3952224850654602, -0.27553197741508484, 0.8762884140014648, -0.7537876963615417, 0.44791287183761597, 0.48080992698669434, -0.524979293346405, -0.850562334060669, -0.030667617917060852),
            ["UpperTorso"] = CFrame.new(0, -2.086162567138672e-07, 3.4458935260772705e-08, 0.9574465751647949, -0.07602430135011673, 0.2784176170825958, -0.010206748731434345, 0.9551600217819214, 0.2959144115447998, -0.2884300649166107, -0.28616395592689514, 0.9137386679649353),
            ["HumanoidRootPart"] = CFrame.new(0, 0, 0, 1, 0, 0, 0, 1, 0, 0, 0, 1),
            ["RightUpperLeg"] = CFrame.new(5.960464477539063e-08, -2.468004822731018e-08, -2.4047039914876223e-08, 0.9799565076828003, -0.1153237372636795, 0.1624368131160736, 0.13442282378673553, 0.9845812320709229, -0.1119387075304985, -0.1470230668783188, 0.13153018057346344, 0.9803490042686462),
            ["LeftUpperArm"] = CFrame.new(0, 0, 1.862645149230957e-08, 0.6392912864685059, 0.29808470606803894, -0.7088387608528137, 0.02275969833135605, 0.9140704274177551, 0.40491631627082825, 0.7686278820037842, -0.27499234676361084, 0.5775728225708008),
            ["RightLowerArm"] = CFrame.new(-1.7881393432617188e-07, 5.960464477539062e-07, 2.9802322387695312e-08, 1, -4.4703494239684005e-08, 8.940699558479537e-08, 1.6391278734317893e-07, -0.049598243087530136, -0.9987692832946777, 1.1175872316471214e-07, 0.9987693428993225, -0.049598295241594315),
            ["LeftHand"] = CFrame.new(-1.4901161193847656e-07, 0, -8.195638656616211e-08, 0.6037355661392212, 0.14703169465065002, -0.7835082411766052, 0.5221638679504395, 0.6697201132774353, 0.5280340909957886, 0.6023688912391663, -0.7279125452041626, 0.32755884528160095),
            ["LeftFoot"] = CFrame.new(-1.3969838619232178e-09, -5.960464477539063e-08, -4.470348358154297e-08, 0.9815477132797241, -0.1454944610595703, -0.12407848238945007, 0.16679254174232483, 0.9687737226486206, 0.1834607571363449, 0.09351138770580292, -0.200770765542984, 0.9751649498939514),
            ["LowerTorso"] = CFrame.new(0.06662282347679138, -0.06276202201843262, -0.255172997713089, 0.9880207777023315, 0.011502263136208057, -0.15389187633991241, -0.043328095227479935, 0.977782666683197, -0.20509444177150726, 0.14811378717422485, 0.20930539071559906, 0.9665679335594177),
            ["RightLowerLeg"] = CFrame.new(8.568167686462402e-08, -0.000060498714447021484, -0.00007201654807431623, 1, -9.126962652317161e-08, -4.6566135836201283e-08, 1.0058282384761696e-07, 0.760735809803009, 0.6490615606307983, -4.563479905073109e-08, -0.6490617394447327, 0.7607359886169434),
            ["LeftUpperLeg"] = CFrame.new(-5.960464477539063e-08, -1.7695128917694092e-08, 2.2351741790771484e-08, 0.9666693210601807, 0.2548128664493561, -0.0249201487749815, -0.23020638525485992, 0.8224491477012634, -0.5201753377914429, -0.11205177009105682, 0.5085743069648743, 0.8536958694458008),
            ["LeftLowerLeg"] = CFrame.new(-8.288770914077759e-08, 0.000060617923736572266, 0.00007200241088867188, 1, 1.1455269088855857e-07, 3.5390250729960826e-08, -6.332992086299782e-08, 0.40681755542755127, 0.9135094285011292, 5.122273094571028e-08, -0.9135095477104187, 0.4068174660205841),
        }},
        {Time = 0.200, Data = {
            ["RightFoot"] = CFrame.new(-4.423782229423523e-08, 2.384185791015625e-07, -2.3450411390513182e-08, 0.9864099621772766, 0.1335429698228836, 0.09571713209152222, -0.09392809122800827, 0.9363170862197876, -0.3383604884147644, -0.13480718433856964, 0.32477185130119324, 0.9361359477043152),
            ["LeftLowerArm"] = CFrame.new(2.384185791015625e-07, 0, 2.9802322387695312e-08, 1, -2.9802318834981634e-08, 7.450580596923828e-08, 8.195638656616211e-08, -0.19753316044807434, -0.98029625415802, 1.8998980522155762e-07, 0.9802961945533752, -0.19753316044807434),
            ["RightUpperArm"] = CFrame.new(0, 2.384185791015625e-07, 2.60770320892334e-08, 0.6855543255805969, -0.39017653465270996, 0.6146360635757446, -0.09357061237096786, 0.7900300025939941, 0.60588538646698, -0.7219832539558411, -0.4728793203830719, 0.5050994157791138),
            ["Head"] = CFrame.new(-9.313225746154785e-10, 1.1920928955078125e-07, -3.166496753692627e-08, 0.9937782287597656, 0.021877003833651543, -0.10920707136392593, -0.016191791743040085, 0.9984802007675171, 0.05267934873700142, 0.11019355803728104, -0.050583288073539734, 0.9926221370697021),
            ["RightHand"] = CFrame.new(2.9802322387695312e-08, 1.1920928955078125e-07, 5.960464477539063e-08, 0.39953142404556274, -0.2769314646720886, 0.8738899827003479, -0.7667458653450012, 0.421559602022171, 0.48413658142089844, -0.5024694800376892, -0.8634792566299438, -0.04390982910990715),
            ["UpperTorso"] = CFrame.new(-3.725290298461914e-09, -2.086162567138672e-07, 1.862645149230957e-09, 0.9627209901809692, -0.038215670734643936, 0.2677832543849945, -0.04923265054821968, 0.948678731918335, 0.31238579750061035, -0.26597830653190613, -0.31392404437065125, 0.9114314317703247),
            ["HumanoidRootPart"] = CFrame.new(0, 0, 0, 1, 0, 0, 0, 1, 0, 0, 0, 1),
            ["RightUpperLeg"] = CFrame.new(0, 5.2386894822120667e-08, -8.365168469026685e-08, 0.953490674495697, -0.07982700318098068, 0.29066020250320435, 0.10983201116323471, 0.99001145362854, -0.0883992463350296, -0.2807002663612366, 0.11621150374412537, 0.952734112739563),
            ["LeftUpperArm"] = CFrame.new(0, 0, -1.1175870895385742e-08, 0.644494354724884, 0.28193196654319763, -0.7107330560684204, 0.05153857171535492, 0.9114054441452026, 0.408269464969635, 0.762870192527771, -0.2997575104236603, 0.5728653073310852),
            ["RightLowerArm"] = CFrame.new(-2.9802322387695312e-08, 4.172325134277344e-07, 2.384185791015625e-07, 1, -1.415610029198433e-07, 1.3411047916633834e-07, 1.4901161193847656e-08, -0.1053396686911583, -0.9944363832473755, 8.940696716308594e-08, 0.9944363236427307, -0.10533971339464188),
            ["LeftHand"] = CFrame.new(-5.960464477539063e-08, 0, 8.940696716308594e-08, 0.5280157327651978, 0.2134961634874344, -0.82196044921875, 0.5450373888015747, 0.657050371170044, 0.5207868218421936, 0.6512554287910461, -0.7229828834533691, 0.23056933283805847),
            ["LeftFoot"] = CFrame.new(5.960464477539063e-08, -1.1920928955078125e-07, 3.725290298461914e-08, 0.9693591594696045, -0.20140895247459412, -0.14063215255737305, 0.22767584025859833, 0.9515877366065979, 0.2065051794052124, 0.09223176538944244, -0.23219668865203857, 0.9682863354682922),
            ["LowerTorso"] = CFrame.new(0.056639354676008224, -0.07892918586730957, -0.24991793930530548, 0.9812362194061279, -0.005933137610554695, -0.1927182376384735, -0.03814348205924034, 0.9737986922264099, -0.22418995201587677, 0.18899889290332794, 0.22733420133590698, 0.9553003311157227),
            ["RightLowerLeg"] = CFrame.new(-7.078051567077637e-08, -0.00006031990051269531, -0.00007206032023532316, 1, -1.1734665861240501e-07, -2.3283067918100642e-08, 1.1362135410308838e-07, 0.7736766338348389, 0.633580207824707, -4.0978193283081055e-08, -0.63358074426651, 0.7736770510673523),
            ["LeftUpperLeg"] = CFrame.new(0, -6.612390279769897e-08, -5.21540641784668e-08, 0.9439607858657837, 0.28504499793052673, -0.1663954257965088, -0.3299868702888489, 0.8046001195907593, -0.49368786811828613, -0.006841378286480904, 0.5209300518035889, 0.853571891784668),
            ["LeftLowerLeg"] = CFrame.new(6.705522537231445e-08, 0.00006097555160522461, 0.00007243454456329346, 1, 1.266598985694145e-07, 5.215408904746255e-08, -1.0430815677864302e-07, 0.28033390641212463, 0.9599025845527649, 2.980232949312267e-08, -0.9599026441574097, 0.28033390641212463),
        }},
        {Time = 0.233, Data = {
            ["RightFoot"] = CFrame.new(6.891787052154541e-08, 2.384185791015625e-07, -9.480572771281004e-09, 0.9890455603599548, 0.14486728608608246, 0.02832629159092903, -0.12307342141866684, 0.9152603149414062, -0.38360288739204407, -0.08149752020835876, 0.3759151101112366, 0.9230636358261108),
            ["LeftLowerArm"] = CFrame.new(-2.9802322387695312e-08, 1.1920928955078125e-07, -1.043081283569336e-07, 1, -4.842877388000488e-08, 8.195638656616211e-08, 7.450580596923828e-08, -0.21208854019641876, -0.9772504568099976, 1.1920928955078125e-07, 0.9772505164146423, -0.21208854019641876),
            ["RightUpperArm"] = CFrame.new(0, 0, 6.332993507385254e-08, 0.6565867066383362, -0.42620399594306946, 0.6222892999649048, -0.06920304894447327, 0.7875220775604248, 0.6123887300491333, -0.751069188117981, -0.4451505243778229, 0.48758190870285034),
            ["Head"] = CFrame.new(0, -1.1920928955078125e-07, 5.21540641784668e-08, 0.9982003569602966, -0.028778325766324997, -0.05261102318763733, 0.03194543346762657, 0.997663676738739, 0.06038884446024895, 0.050750214606523514, -0.061960749328136444, 0.9967875480651855),
            ["RightHand"] = CFrame.new(-2.9802322387695312e-08, -1.1920928955078125e-07, -2.9802322387695312e-08, 0.4534301459789276, -0.2619267702102661, 0.8519363403320312, -0.7540743947029114, 0.396832674741745, 0.5233503580093384, -0.4751555323600769, -0.879726231098175, -0.017576446756720543),
            ["UpperTorso"] = CFrame.new(0, -1.1920928955078125e-07, -4.6566128730773926e-09, 0.969525933265686, -0.006011037155985832, 0.24491538107395172, -0.07355852425098419, 0.9464302659034729, 0.3144184947013855, -0.23368529975414276, -0.3228524625301361, 0.9171464443206787),
            ["HumanoidRootPart"] = CFrame.new(0, 0, 0, 1, 0, 0, 0, 1, 0, 0, 0, 1),
            ["RightUpperLeg"] = CFrame.new(1.1920928955078125e-07, -2.0582228899002075e-07, 1.3205863069742918e-08, 0.9245131015777588, -0.04735084995627403, 0.3781977593898773, 0.08980416506528854, 0.9913793206214905, -0.0954064354300499, -0.37041983008384705, 0.1221681609749794, 0.9207954406738281),
            ["LeftUpperArm"] = CFrame.new(5.960464477539063e-08, 0, 2.9802322387695312e-08, 0.6362606287002563, 0.2795830965042114, -0.7190310955047607, 0.07671121507883072, 0.9044755697250366, 0.4195706844329834, 0.7676509022712708, -0.322113960981369, 0.5540350675582886),
            ["RightLowerArm"] = CFrame.new(1.7881393432617188e-07, -4.172325134277344e-07, -1.341104507446289e-07, 1, -8.940696716308594e-08, 8.940699558479537e-08, 1.1920928955078125e-07, -0.13798852264881134, -0.9904338717460632, 9.685754776000977e-08, 0.9904338717460632, -0.13798856735229492),
            ["LeftHand"] = CFrame.new(5.960464477539063e-08, -2.384185791015625e-07, 1.043081283569336e-07, 0.4482969641685486, 0.278496116399765, -0.8493937849998474, 0.5995742678642273, 0.6110830307006836, 0.5168057680130005, 0.6629785895347595, -0.7409572005271912, 0.10696732997894287),
            ["LeftFoot"] = CFrame.new(-1.043081283569336e-07, 1.1920928955078125e-07, 5.960464477539063e-08, 0.9545766115188599, -0.2441166341304779, -0.17085275053977966, 0.2717576026916504, 0.9484222531318665, 0.16322752833366394, 0.12219396978616714, -0.20224358141422272, 0.9716821908950806),
            ["LowerTorso"] = CFrame.new(0.04533302038908005, -0.10354089736938477, -0.24506284296512604, 0.9757254719734192, -0.017921337857842445, -0.21826283633708954, -0.03474556282162666, 0.9713538289070129, -0.23508410155773163, 0.21622346341609955, 0.23696120083332062, 0.9471519589424133),
            ["RightLowerLeg"] = CFrame.new(2.2351741790771484e-08, -0.00006031990051269531, -0.00007201561675174162, 1, -7.82310962677002e-08, -4.470350489782504e-08, 8.56816981809061e-08, 0.7552393674850464, 0.6554489731788635, -2.2351747119842003e-08, -0.6554490923881531, 0.7552394866943359),
            ["LeftUpperLeg"] = CFrame.new(-5.960464477539063e-08, -3.129243850708008e-07, 8.195638656616211e-08, 0.9034312963485718, 0.3198269009590149, -0.285521924495697, -0.4159694015979767, 0.8151682019233704, -0.4030759632587433, 0.10383389890193939, 0.4829198718070984, 0.8694866895675659),
            ["LeftLowerLeg"] = CFrame.new(-1.1920928955078125e-07, 0.00006073713302612305, 0.00007206201553344727, 1, 1.0430814256778831e-07, 4.470347647611561e-08, -1.043081283569336e-07, 0.2205093502998352, 0.9753848910331726, 1.4901161193847656e-07, -0.9753849506378174, 0.22050932049751282),
        }},
        {Time = 0.267, Data = {
            ["RightFoot"] = CFrame.new(-5.587935447692871e-08, 5.960464477539063e-08, 2.4047039914876223e-08, 0.9879674911499023, 0.15457873046398163, -0.005087725818157196, -0.14360207319259644, 0.9046028852462769, -0.40133753418922424, -0.0574357844889164, 0.3972392678260803, 0.9159161448478699),
            ["LeftLowerArm"] = CFrame.new(-2.9802322387695312e-08, 5.960464477539062e-07, 2.9802322387695312e-08, 1, 3.725291186640334e-09, 1.2665987014770508e-07, 3.725290653733282e-08, -0.23949579894542694, -0.970897376537323, 1.303851746570217e-07, 0.9708974361419678, -0.23949581384658813),
            ["RightUpperArm"] = CFrame.new(-5.960464477539063e-08, -1.1920928955078125e-07, -8.381903171539307e-09, 0.6093385815620422, -0.45065563917160034, 0.652392566204071, -0.05979625880718231, 0.7943220734596252, 0.6045467853546143, -0.7906522154808044, -0.40738433599472046, 0.45706361532211304),
            ["Head"] = CFrame.new(-3.259629011154175e-09, 1.1920928955078125e-07, 1.1408701539039612e-08, 0.9976672530174255, -0.06813383102416992, 0.004222845658659935, 0.06763621419668198, 0.994966983795166, 0.07393315434455872, -0.00923892855644226, -0.07347498089075089, 0.9972543120384216),
            ["RightHand"] = CFrame.new(5.960464477539063e-08, 3.5762786865234375e-07, 2.384185791015625e-07, 0.5238586068153381, -0.25094854831695557, 0.8140007257461548, -0.7174232602119446, 0.38519346714019775, 0.580456554889679, -0.45921239256858826, -0.8880602121353149, 0.02175026573240757),
            ["UpperTorso"] = CFrame.new(-3.725290298461914e-09, -8.940696716308594e-08, 6.612390279769897e-08, 0.9771641492843628, 0.01724659651517868, 0.2117852121591568, -0.08364418148994446, 0.9474504590034485, 0.30877405405044556, -0.19533073902130127, -0.3194374740123749, 0.9272570610046387),
            ["HumanoidRootPart"] = CFrame.new(0, 0, 0, 1, 0, 0, 0, 1, 0, 0, 0, 1),
            ["RightUpperLeg"] = CFrame.new(-8.940696716308594e-08, 2.3283064365386963e-08, 5.045876605436206e-08, 0.9049745798110962, -0.02236185222864151, 0.4248776435852051, 0.0830296128988266, 0.9886999726295471, -0.12481372058391571, -0.4172855019569397, 0.14823056757450104, 0.8966050148010254),
            ["LeftUpperArm"] = CFrame.new(0, 1.1920928955078125e-07, -4.563480615615845e-08, 0.6286736130714417, 0.28980034589767456, -0.7216545343399048, 0.09360478818416595, 0.8930255174636841, 0.4401632845401764, 0.7720153331756592, -0.34426936507225037, 0.5342949032783508),
            ["RightLowerArm"] = CFrame.new(0, -2.384185791015625e-07, 2.086162567138672e-07, 1, 2.9802315282267955e-08, 1.788139627478813e-07, 5.215405707303944e-08, -0.13145875930786133, -0.9913216233253479, 6.70552182668871e-08, 0.9913216233253479, -0.1314588189125061),
            ["LeftHand"] = CFrame.new(0, 0, -1.341104507446289e-07, 0.38704347610473633, 0.315335214138031, -0.8664646744728088, 0.6790099740028381, 0.5382751822471619, 0.49920493364334106, 0.6238132119178772, -0.7815521359443665, -0.005780018866062164),
            ["LeftFoot"] = CFrame.new(-6.705522537231445e-08, -1.1920928955078125e-07, 8.917413651943207e-08, 0.9676396250724792, -0.20732317864894867, -0.1438426822423935, 0.2170076221227646, 0.9746139645576477, 0.0550956055521965, 0.12876851856708527, -0.08452765643596649, 0.9880656599998474),
            ["LowerTorso"] = CFrame.new(0.03269301727414131, -0.12427496910095215, -0.24031318724155426, 0.9719827771186829, -0.026131026446819305, -0.23359517753124237, -0.03160271793603897, 0.9702497720718384, -0.24003469944000244, 0.23291803896427155, 0.24069182574748993, 0.9422402381896973),
            ["RightLowerLeg"] = CFrame.new(-1.2665987014770508e-07, -0.00006026029586791992, -0.00007206777081592008, 1, -8.940695295223122e-08, -6.705523958316917e-08, 1.080334541825323e-07, 0.7187351584434509, 0.6952837705612183, -4.842879164357328e-08, -0.6952840089797974, 0.7187354564666748),
