return {
["fortnite moves"] = {

          {Time = 0.000, Data = {

              ["Head"] = CFrame.new(0.000000, -0.000000, -0.000000, 1.000000, 0.000000, 0.000000, 0.000000, 0.536877, -0.843660, 0.000000, 0.843660, 0.536877),

              ["LeftFoot"] = CFrame.new(0.000000, 0.000162, -0.000003, 0.991583, -0.099040, -0.083394, 0.080065, 0.975228, -0.206209, 0.101745, 0.197792, 0.974948),

              ["LeftHand"] = CFrame.new(0.000500, 0.000100, 0.000000, 1.000000, 0.000000, 0.000000, -0.000000, 1.000000, 0.000001, -0.000000, -0.000000, 1.000000),

              ["LeftLowerArm"] = CFrame.new(-0.000500, 0.098857, 0.084923, 1.000000, -0.000000, 0.000000, 0.000000, 0.149786, -0.988719, 0.000000, 0.988719, 0.149786),

              ["LeftLowerLeg"] = CFrame.new(-0.000000, 0.001499, 0.000102, 1.000000, 0.000000, -0.000000, -0.000000, 0.999956, 0.009395, -0.000000, -0.009413, 0.999956),

              ["LeftUpperArm"] = CFrame.new(-0.030409, -0.116784, 0.125878, 0.939183, -0.132963, -0.316633, -0.233568, 0.428603, -0.872781, 0.251757, 0.893656, 0.371481),

              ["LeftUpperLeg"] = CFrame.new(-0.002029, -0.064615, -0.023147, 0.995230, -0.066274, 0.071593, 0.086635, 0.937796, -0.336198, -0.044858, 0.340803, 0.939066),

              ["LowerTorso"] = CFrame.new(-0.003603, -0.033061, 0.182268, 0.988714, 0.127931, 0.077967, -0.149817, 0.844277, 0.514540, 0.000000, -0.520414, 0.853914),

              ["RightFoot"] = CFrame.new(-0.000000, 0.017363, -0.000103, 0.961541, 0.210110, 0.176914, -0.064988, 0.799840, -0.596709, -0.266862, 0.562237, 0.782713),

              ["RightHand"] = CFrame.new(-0.000500, 0.000000, 0.000000, 1.000000, -0.000000, -0.000000, 0.000000, 1.000000, 0.000001, 0.000000, -0.000000, 1.000000),

              ["RightLowerArm"] = CFrame.new(0.000000, 0.078897, 0.038428, 1.000000, 0.000000, 0.000000, -0.000000, 0.614934, -0.788579, -0.000000, 0.788579, 0.614934),

              ["RightLowerLeg"] = CFrame.new(-0.000000, 0.080920, -0.023827, 1.000000, 0.000000, 0.000000, -0.000000, 0.756740, 0.653718, 0.000000, -0.653716, 0.756738),

              ["RightUpperArm"] = CFrame.new(0.026298, -0.144172, 0.069433, 0.947404, 0.222001, 0.230525, 0.288345, -0.279555, -0.915809, -0.138866, 0.934112, -0.328865),

              ["RightUpperLeg"] = CFrame.new(0.041873, -0.193149, -0.049285, 0.919209, -0.366857, -0.143080, 0.208333, 0.761414, -0.613862, 0.334144, 0.534475, 0.776338),

              ["UpperTorso"] = CFrame.new(-0.036625, -0.126923, -0.030666, 0.988714, -0.143012, -0.044639, 0.127931, 0.960990, -0.245220, 0.077967, 0.236742, 0.968439)

          }},

          {Time = 0.040, Data = {

              ["Head"] = CFrame.new(-0.000000, -0.000073, -0.000066, 1.000000, 0.000070, -0.000018, -0.000053, 0.536878, -0.843660, -0.000050, 0.843660, 0.536878),

              ["LeftFoot"] = CFrame.new(-0.000000, 0.001620, -0.000003, 0.991008, -0.102356, -0.086187, 0.080573, 0.970704, -0.226373, 0.106825, 0.217387, 0.970220),

              ["LeftHand"] = CFrame.new(0.000500, 0.000100, 0.000000, 1.000000, 0.000000, 0.000000, 0.000000, 1.000000, 0.000001, -0.000000, -0.000000, 1.000000),

              ["LeftLowerArm"] = CFrame.new(-0.000500, 0.097812, 0.079195, 1.000000, -0.000000, 0.000000, 0.000000, 0.207066, -0.978327, 0.000000, 0.978327, 0.207066),

              ["LeftLowerLeg"] = CFrame.new(0.000000, 0.007058, -0.000012, 1.000000, 0.000000, -0.000000, -0.000000, 0.998715, 0.050663, -0.000000, -0.050681, 0.998716),

              ["LeftUpperArm"] = CFrame.new(-0.035883, -0.126893, 0.106980, 0.928181, -0.159626, -0.336154, -0.284460, 0.278052, -0.917480, 0.239922, 0.947210, 0.212676),

              ["LeftUpperLeg"] = CFrame.new(-0.001789, -0.064098, -0.023079, 0.995688, -0.049218, 0.078637, 0.074105, 0.931910, -0.355031, -0.055808, 0.359335, 0.931541),

              ["LowerTorso"] = CFrame.new(0.000033, -0.035273, 0.181842, 0.990576, 0.117044, 0.071137, -0.136966, 0.846509, 0.514453, -0.000005, -0.519348, 0.854563),

              ["RightFoot"] = CFrame.new(0.000000, 0.016779, -0.000103, 0.960548, 0.212751, 0.179138, -0.067622, 0.803420, -0.591585, -0.269768, 0.556105, 0.786090),

              ["RightHand"] = CFrame.new(-0.000500, 0.000000, 0.000000, 1.000000, 0.000000, -0.000000, -0.000000, 1.000000, 0.000001, 0.000000, -0.000000, 1.000000),

              ["RightLowerArm"] = CFrame.new(0.000000, 0.078896, 0.038428, 1.000000, 0.000000, 0.000000, -0.000000, 0.614934, -0.788578, -0.000000, 0.788579, 0.614934),

              ["RightLowerLeg"] = CFrame.new(-0.000000, 0.079166, -0.022787, 1.000000, 0.000000, 0.000000, -0.000000, 0.767503, 0.641046, 0.000000, -0.641045, 0.767502),

              ["RightUpperArm"] = CFrame.new(0.014324, -0.237980, 0.028205, 0.947647, 0.222920, 0.228631, 0.299186, -0.369626, -0.879696, -0.111594, 0.902044, -0.416969),

              ["RightUpperLeg"] = CFrame.new(0.031017, -0.191182, -0.052229, 0.922353, -0.356005, -0.150090, 0.199487, 0.771520, -0.604106, 0.330863, 0.527274, 0.782643),

              ["UpperTorso"] = CFrame.new(-0.035919, -0.136518, -0.036378, 0.991080, -0.127250, -0.039605, 0.113962, 0.963268, -0.243162, 0.069093, 0.236479, 0.969177)

          }},

          {Time = 0.080, Data = {

              ["Head"] = CFrame.new(0.000154, -0.000288, -0.000261, 1.000000, 0.000276, -0.000071, -0.000208, 0.536880, -0.843659, -0.000195, 0.843659, 0.536880),

              ["LeftFoot"] = CFrame.new(-0.000000, 0.004594, -0.000003, 0.989236, -0.111934, -0.094252, 0.081998, 0.957503, -0.276535, 0.121193, 0.265818, 0.956371),

              ["LeftHand"] = CFrame.new(0.000500, 0.000100, -0.000000, 1.000000, -0.000000, 0.000000, -0.000000, 1.000000, 0.000001, -0.000000, -0.000000, 1.000000),

              ["LeftLowerArm"] = CFrame.new(-0.000500, 0.093481, 0.064485, 1.000000, -0.000000, 0.000000, 0.000000, 0.354214, -0.935165, 0.000000, 0.935165, 0.354214),

              ["LeftLowerLeg"] = CFrame.new(0.000000, 0.020166, -0.001044, 1.000000, -0.000000, 0.000000, 0.000000, 0.988199, 0.153158, -0.000000, -0.153174, 0.988202),

              ["LeftUpperArm"] = CFrame.new(-0.047925, -0.140348, 0.042579, 0.903365, -0.231546, -0.360996, -0.389014, -0.088030, -0.917016, 0.180553, 0.968833, -0.169598),

              ["LeftUpperLeg"] = CFrame.new(-0.001032, -0.062647, -0.022863, 0.995495, -0.001365, 0.094801, 0.039497, 0.914971, -0.401573, -0.086192, 0.403518, 0.910907),

              ["LowerTorso"] = CFrame.new(0.009969, -0.041173, 0.180607, 0.994807, 0.087145, 0.052578, -0.101778, 0.851987, 0.513576, -0.000040, -0.516260, 0.856432),

              ["RightFoot"] = CFrame.new(0.000000, 0.015290, -0.000102, 0.959607, 0.215221, 0.181218, -0.073357, 0.813210, -0.577353, -0.271610, 0.540712, 0.796130),

              ["RightHand"] = CFrame.new(-0.000500, 0.000000, -0.000000, 1.000000, 0.000000, -0.000000, -0.000000, 1.000000, 0.000001, 0.000000, -0.000000, 1.000000),

              ["RightLowerArm"] = CFrame.new(-0.000000, 0.078896, 0.038428, 1.000000, 0.000000, 0.000000, -0.000000, 0.614934, -0.788578, -0.000000, 0.788579, 0.614934),

              ["RightLowerLeg"] = CFrame.new(-0.000000, 0.074375, -0.020050, 1.000000, 0.000000, 0.000000, -0.000000, 0.795757, 0.605616, 0.000000, -0.605616, 0.795757),

              ["RightUpperArm"] = CFrame.new(-0.015910, -0.439896, -0.064875, 0.948227, 0.223909, 0.225232, 0.314121, -0.556639, -0.769078, -0.046831, 0.800011, -0.598155),

              ["RightUpperLeg"] = CFrame.new(0.007132, -0.184612, -0.058434, 0.932710, -0.320907, -0.164536, 0.173436, 0.799168, -0.575529, 0.316184, 0.508281, 0.801058),

              ["UpperTorso"] = CFrame.new(-0.036181, -0.156866, -0.048254, 0.996077, -0.084587, -0.025989, 0.076032, 0.968363, -0.237682, 0.045272, 0.234773, 0.970995)

          }},

          {Time = 0.120, Data = {

              ["Head"] = CFrame.new(0.000342, -0.000638, -0.000579, 1.000000, 0.000610, -0.000157, -0.000460, 0.536883, -0.843657, -0.000431, 0.843657, 0.536883),

              ["LeftFoot"] = CFrame.new(0.000000, 0.007502, -0.000003, 0.986000, -0.127556, -0.107405, 0.084567, 0.937629, -0.337214, 0.143710, 0.323392, 0.935281),

              ["LeftHand"] = CFrame.new(0.000500, 0.000100, -0.000000, 1.000000, -0.000000, 0.000000, 0.000000, 1.000000, 0.000001, -0.000000, -0.000000, 1.000000),

              ["LeftLowerArm"] = CFrame.new(-0.000500, 0.083642, 0.045191, 1.000000, -0.000000, -0.000000, 0.000000, 0.547261, -0.836962, 0.000000, 0.836962, 0.547261),

              ["LeftLowerLeg"] = CFrame.new(-0.000000, 0.035066, -0.003696, 1.000000, -0.000000, -0.000000, 0.000000, 0.961353, 0.275307, -0.000000, -0.275321, 0.961356),

              ["LeftUpperArm"] = CFrame.new(-0.057142, -0.125537, -0.055861, 0.882674, -0.308821, -0.354284, -0.462443, -0.436160, -0.771953, 0.083871, 0.845218, -0.527799),

              ["LeftUpperLeg"] = CFrame.new(0.000303, -0.060410, -0.022485, 0.991103, 0.071902, 0.112003, -0.012868, 0.889342, -0.457051, -0.132472, 0.451554, 0.882360),

              ["LowerTorso"] = CFrame.new(0.024781, -0.049454, 0.178626, 0.998784, 0.042298, 0.025323, -0.049299, 0.858357, 0.510679, -0.000136, -0.511306, 0.859399),

              ["RightFoot"] = CFrame.new(0.000000, 0.013546, -0.000103, 0.961620, 0.209898, 0.176736, -0.079219, 0.829039, -0.553575, -0.262700, 0.518302, 0.813830),

              ["RightHand"] = CFrame.new(-0.000500, 0.000000, 0.000000, 1.000000, -0.000000, -0.000000, 0.000000, 1.000000, 0.000001, 0.000000, -0.000000, 1.000000),

              ["RightLowerArm"] = CFrame.new(0.000000, 0.078896, 0.038427, 1.000000, 0.000000, 0.000000, -0.000000, 0.614934, -0.788578, -0.000000, 0.788579, 0.614934),

              ["RightLowerLeg"] = CFrame.new(-0.000000, 0.067047, -0.016007, 1.000000, 0.000000, 0.000000, -0.000000, 0.837196, 0.546901, 0.000000, -0.546904, 0.837197),

              ["RightUpperArm"] = CFrame.new(-0.055667, -0.635255, -0.160066, 0.948514, 0.223486, 0.224442, 0.315958, -0.717220, -0.621101, 0.022167, 0.660037, -0.750906),

              ["RightUpperLeg"] = CFrame.new(-0.016753, -0.172430, -0.063956, 0.950077, -0.257932, -0.175575, 0.130476, 0.839565, -0.527343, 0.283425, 0.478124, 0.831314),

              ["UpperTorso"] = CFrame.new(-0.040362, -0.175117, -0.058336, 0.999739, -0.022024, -0.006000, 0.020054, 0.972975, -0.230039, 0.010905, 0.229859, 0.973163)

          }},

          {Time = 0.160, Data = {

              ["Head"] = CFrame.new(0.000599, -0.001118, -0.001015, 0.999999, 0.001065, -0.000273, -0.000803, 0.536886, -0.843654, -0.000752, 0.843654, 0.536887),

              ["LeftFoot"] = CFrame.new(0.000000, 0.009978, -0.000003, 0.980857, -0.148964, -0.125431, 0.088198, 0.914066, -0.395880, 0.173613, 0.377217, 0.909696),

              ["LeftHand"] = CFrame.new(0.000500, 0.000100, -0.000000, 1.000000, 0.000000, 0.000000, -0.000000, 1.000000, 0.000001, -0.000000, -0.000000, 1.000000),

              ["LeftLowerArm"] = CFrame.new(-0.000500, 0.067572, 0.026284, 1.000000, -0.000000, -0.000000, 0.000000, 0.736486, -0.676453, 0.000000, 0.676453, 0.736486),

              ["LeftLowerLeg"] = CFrame.new(-0.000000, 0.048718, -0.007693, 1.000000, -0.000000, -0.000000, 0.000000, 0.920824, 0.389969, -0.000000, -0.389979, 0.920828),

              ["LeftUpperArm"] = CFrame.new(-0.057721, -0.080663, -0.140171, 0.876877, -0.340193, -0.339640, -0.479550, -0.569892, -0.667274, 0.033444, 0.747992, -0.662865),

              ["LeftUpperLeg"] = CFrame.new(0.002276, -0.057535, -0.021930, 0.978511, 0.163980, 0.125005, -0.078362, 0.856502, -0.510148, -0.190722, 0.489403, 0.850954),

              ["LowerTorso"] = CFrame.new(0.042999, -0.058790, 0.175961, 0.999884, -0.013322, -0.007414, 0.015243, 0.863229, 0.504583, -0.000323, -0.504638, 0.863331),

              ["RightFoot"] = CFrame.new(-0.000000, 0.011597, -0.000103, 0.968813, 0.189555, 0.159608, -0.081884, 0.852804, -0.515795, -0.233872, 0.486614, 0.841713),

              ["RightHand"] = CFrame.new(-0.000500, 0.000000, 0.000000, 1.000000, 0.000000, -0.000000, -0.000000, 1.000000, 0.000001, 0.000000, -0.000000, 1.000000),

              ["RightLowerArm"] = CFrame.new(0.000000, 0.078896, 0.038428, 1.000000, 0.000000, 0.000000, -0.000000, 0.614934, -0.788578, -0.000000, 0.788579, 0.614934),

              ["RightLowerLeg"] = CFrame.new(0.000000, 0.056431, -0.010877, 1.000000, 0.000000, -0.000000, -0.000000, 0.889478, 0.456972, 0.000000, -0.456979, 0.889481),

              ["RightUpperArm"] = CFrame.new(-0.095975, -0.722925, -0.206016, 0.947404, 0.222001, 0.230525, 0.314570, -0.778561, -0.543037, 0.058923, 0.586991, -0.807446),

              ["RightUpperLeg"] = CFrame.new(-0.027609, -0.153630, -0.064854, 0.971537, -0.164715, -0.170253, 0.070180, 0.886560, -0.457244, 0.226255, 0.432296, 0.872893),

              ["UpperTorso"] = CFrame.new(-0.048147, -0.177906, -0.058752, 0.998427, 0.053085, 0.018053, -0.047783, 0.974006, -0.221423, -0.029338, 0.220212, 0.975011)

          }},

          {Time = 0.200, Data = {

              ["Head"] = CFrame.new(0.000923, -0.001722, -0.001564, 0.999999, 0.001633, -0.000419, -0.001230, 0.536891, -0.843651, -0.001153, 0.843650, 0.536892),

              ["LeftFoot"] = CFrame.new(0.000000, 0.012014, -0.000003, 0.973502, -0.174933, -0.147297, 0.092280, 0.889824, -0.446899, 0.209232, 0.421440, 0.882375),

              ["LeftHand"] = CFrame.new(0.000500, 0.000100, 0.000000, 1.000000, 0.000000, 0.000000, 0.000000, 1.000000, 0.000001, -0.000000, -0.000000, 1.000000),

              ["LeftLowerArm"] = CFrame.new(-0.000500, 0.047342, 0.011916, 1.000000, -0.000000, -0.000000, 0.000000, 0.880366, -0.474295, 0.000000, 0.474295, 0.880366),

              ["LeftLowerLeg"] = CFrame.new(-0.000000, 0.060041, -0.012295, 1.000000, -0.000000, -0.000000, 0.000000, 0.874022, 0.485880, -0.000000, -0.485886, 0.874025),

              ["LeftUpperArm"] = CFrame.new(-0.051896, -0.032460, -0.199368, 0.880660, -0.340414, -0.329480, -0.472192, -0.574371, -0.668680, 0.038385, 0.744457, -0.666566),

              ["LeftUpperLeg"] = CFrame.new(0.004947, -0.054171, -0.021182, 0.955136, 0.265393, 0.131464, -0.150532, 0.817278, -0.556220, -0.255060, 0.511491, 0.820571),

              ["LowerTorso"] = CFrame.new(0.062665, -0.068136, 0.172670, 0.996359, -0.074317, -0.041774, 0.085251, 0.864905, 0.494643, -0.000630, -0.496404, 0.868092),

              ["RightFoot"] = CFrame.new(-0.000000, 0.008512, -0.000103, 0.977620, 0.160935, 0.135511, -0.083649, 0.888331, -0.451543, -0.193035, 0.430079, 0.881899),

              ["RightHand"] = CFrame.new(-0.000500, 0.000000, 0.000000, 1.000000, 0.000000, -0.000000, -0.000000, 1.000000, 0.000001, 0.000000, -0.000000, 1.000000),

              ["RightLowerArm"] = CFrame.new(0.000000, 0.078896, 0.038427, 1.000000, 0.000000, 0.000000, -0.000000, 0.614934, -0.788578, -0.000000, 0.788579, 0.614934),

              ["RightLowerLeg"] = CFrame.new(0.000000, 0.039269, -0.004911, 1.000000, 0.000000, -0.000000, -0.000000, 0.950049, 0.312087, 0.000000, -0.312100, 0.950054),

              ["RightUpperArm"] = CFrame.new(-0.130105, -0.709610, -0.205483, 0.945119, 0.221091, 0.240559, 0.319620, -0.778359, -0.540371, 0.067770, 0.587602, -0.806307),

              ["RightUpperLeg"] = CFrame.new(-0.027565, -0.127669, -0.058082, 0.987694, -0.055722, -0.146138, -0.000727, 0.932734, -0.360550, 0.156399, 0.356233, 0.921220),

              ["UpperTorso"] = CFrame.new(-0.054001, -0.151227, -0.041993, 0.990304, 0.131963, 0.043393, -0.119911, 0.969761, -0.212568, -0.070132, 0.205303, 0.976182)

          }},

          {Time = 0.240, Data = {

              ["Head"] = CFrame.new(0.001309, -0.002443, -0.002219, 0.999997, 0.002306, -0.000592, -0.001738, 0.536895, -0.843647, -0.001628, 0.843646, 0.536898),

              ["LeftFoot"] = CFrame.new(-0.000000, 0.013553, -0.000003, 0.964721, -0.201399, -0.169580, 0.095894, 0.868638, -0.486103, 0.245190, 0.452667, 0.857290),

              ["LeftHand"] = CFrame.new(0.000500, 0.000099, -0.000000, 1.000000, -0.000000, 0.000000, 0.000000, 1.000000, 0.000001, -0.000000, -0.000000, 1.000000),

              ["LeftLowerArm"] = CFrame.new(-0.000500, 0.027265, 0.003789, 1.000000, -0.000000, -0.000000, 0.000000, 0.961840, -0.273614, 0.000000, 0.273614, 0.961840),

              ["LeftLowerLeg"] = CFrame.new(0.000000, 0.068341, -0.016506, 1.000000, -0.000000, 0.000000, 0.000000, 0.831084, 0.556144, -0.000000, -0.556147, 0.831086),

              ["LeftUpperArm"] = CFrame.new(-0.042421, -0.000302, -0.250012, 0.887671, -0.341838, -0.308522, -0.457464, -0.578126, -0.675646, 0.052597, 0.740889, -0.669565),

              ["LeftUpperLeg"] = CFrame.new(0.008375, -0.050466, -0.020225, 0.923905, 0.359245, 0.131696, -0.217997, 0.777083, -0.590425, -0.314447, 0.516803, 0.796275),

              ["LowerTorso"] = CFrame.new(0.080199, -0.077219, 0.168815, 0.988741, -0.131237, -0.071895, 0.149636, 0.863626, 0.481415, -0.001089, -0.486753, 0.873539),

              ["RightFoot"] = CFrame.new(-0.000000, 0.002871, -0.000103, 0.983040, 0.140287, 0.118126, -0.091311, 0.932984, -0.348159, -0.159042, 0.331453, 0.929963),

              ["RightHand"] = CFrame.new(-0.000500, 0.000000, -0.000000, 1.000000, 0.000000, -0.000000, -0.000000, 1.000000, 0.000001, 0.000000, -0.000000, 1.000000),

              ["RightLowerArm"] = CFrame.new(-0.000000, 0.078897, 0.038428, 1.000000, 0.000000, 0.000000, -0.000000, 0.614934, -0.788578, -0.000000, 0.788579, 0.614934),

              ["RightLowerLeg"] = CFrame.new(0.000000, 0.011221, -0.000331, 1.000000, 0.000000, -0.000000, 0.000000, 0.996458, 0.084070, 0.000000, -0.084087, 0.996460),

              ["RightUpperArm"] = CFrame.new(-0.157677, -0.670848, -0.195629, 0.942626, 0.222275, 0.249097, 0.325519, -0.777574, -0.537975, 0.074113, 0.588195, -0.805316),

              ["RightUpperLeg"] = CFrame.new(-0.027444, -0.095845, -0.044298, 0.992835, 0.040391, -0.112464, -0.065351, 0.971460, -0.228015, 0.100044, 0.233741, 0.967140),

              ["UpperTorso"] = CFrame.new(-0.051104, -0.104159, -0.014426, 0.977225, 0.201721, 0.065876, -0.184784, 0.961538, -0.203222, -0.104337, 0.186421, 0.976914)

          }},

          {Time = 0.280, Data = {

              ["Head"] = CFrame.new(0.001756, -0.003276, -0.002976, 0.999995, 0.003077, -0.000790, -0.002319, 0.536901, -0.843642, -0.002172, 0.843640, 0.536905),

              ["LeftFoot"] = CFrame.new(-0.000000, 0.014893, -0.000003, 0.956733, -0.222583, -0.187418, 0.098125, 0.853168, -0.512348, 0.273923, 0.471764, 0.838078),

              ["LeftHand"] = CFrame.new(0.000500, 0.000100, -0.000001, 1.000000, 0.000000, 0.000000, 0.000000, 1.000000, 0.000001, -0.000000, -0.000000, 1.000000),

              ["LeftLowerArm"] = CFrame.new(-0.000500, 0.012234, 0.000751, 1.000000, -0.000000, -0.000000, 0.000000, 0.992365, -0.123335, 0.000000, 0.123335, 0.992365),

              ["LeftLowerLeg"] = CFrame.new(0.000000, 0.073863, -0.019548, 1.000000, -0.000000, 0.000000, 0.000000, 0.799886, 0.600151, -0.000000, -0.600152, 0.799886),

              ["LeftUpperArm"] = CFrame.new(-0.029348, 0.004552, -0.287544, 0.896964, -0.342201, -0.279916, -0.436187, -0.581761, -0.686509, 0.072080, 0.737870, -0.671083),

              ["LeftUpperLeg"] = CFrame.new(0.012621, -0.046568, -0.019045, 0.894636, 0.427786, 0.128942, -0.268912, 0.746001, -0.609222, -0.356808, 0.510373, 0.782447),

              ["LowerTorso"] = CFrame.new(0.091647, -0.086802, 0.164454, 0.980489, -0.173692, -0.092041, 0.196564, 0.862214, 0.466850, -0.001729, -0.475834, 0.879534),

              ["RightFoot"] = CFrame.new(0.000000, -0.017829, -0.000103, 0.985149, 0.131348, 0.110599, -0.092039, 0.947683, -0.305669, -0.144952, 0.290939, 0.945693),

              ["RightHand"] = CFrame.new(-0.000500, -0.000000, -0.000000, 1.000000, -0.000000, -0.000000, 0.000000, 1.000000, 0.000001, 0.000000, -0.000000, 1.000000),

              ["RightLowerArm"] = CFrame.new(-0.000000, 0.078896, 0.038428, 1.000000, 0.000000, 0.000000, -0.000000, 0.614934, -0.788578, -0.000000, 0.788579, 0.614934),

              ["RightLowerLeg"] = CFrame.new(0.000000, -0.017766, -0.000232, 1.000000, 0.000000, 0.000000, 0.000000, 1.000000, -0.000007, 0.000000, -0.000011, 1.000000),

              ["RightUpperArm"] = CFrame.new(-0.179279, -0.615125, -0.179322, 0.940027, 0.225124, 0.256258, 0.331990, -0.776313, -0.535837, 0.078307, 0.588776, -0.804494),

              ["RightUpperLeg"] = CFrame.new(-0.027260, -0.059916, -0.025116, 0.991554, 0.096566, -0.086574, -0.110487, 0.978534, -0.173957, 0.067917, 0.182060, 0.980940),

              ["UpperTorso"] = CFrame.new(-0.040328, -0.057728, 0.011425, 0.965037, 0.249233, 0.081164, -0.230235, 0.954004, -0.192013, -0.125287, 0.166613, 0.978030)

          }},

          {Time = 0.320, Data = {

              ["Head"] = CFrame.new(0.002259, -0.004215, -0.003828, 0.999992, 0.003939, -0.001011, -0.002968, 0.536906, -0.843637, -0.002780, 0.843633, 0.536913),

              ["LeftFoot"] = CFrame.new(-0.000000, 0.015696, -0.000003, 0.952778, -0.232299, -0.195598, 0.097630, 0.844216, -0.527061, 0.287546, 0.483050, 0.827011),

              ["LeftHand"] = CFrame.new(0.000500, 0.000100, -0.000000, 1.000000, 0.000000, 0.000000, 0.000000, 1.000000, 0.000001, -0.000000, -0.000000, 1.000000),

              ["LeftLowerArm"] = CFrame.new(-0.000500, 0.006438, 0.000207, 1.000000, -0.000000, -0.000000, 0.000000, 0.997860, -0.065380, 0.000000, 0.065380, 0.997860),

              ["LeftLowerLeg"] = CFrame.new(-0.000000, 0.076689, -0.021161, 1.000000, -0.000000, -0.000000, 0.000000, 0.783278, 0.621672, -0.000000, -0.621672, 0.783278),

              ["LeftUpperArm"] = CFrame.new(-0.012663, -0.029162, -0.307318, 0.907729, -0.339303, -0.246783, -0.409156, -0.585733, -0.699648, 0.092843, 0.736064, -0.670515),

              ["LeftUpperLeg"] = CFrame.new(0.017744, -0.042627, -0.017626, 0.881183, 0.455470, 0.126748, -0.292571, 0.735926, -0.610571, -0.371375, 0.500958, 0.781753),

              ["LowerTorso"] = CFrame.new(0.093088, -0.098256, 0.159649, 0.976676, -0.191383, -0.097346, 0.214702, 0.865022, 0.453475, -0.002580, -0.463799, 0.885937),

              ["RightFoot"] = CFrame.new(0.000000, -0.038168, -0.000103, 0.984552, 0.133941, 0.112783, -0.094629, 0.948946, -0.300922, -0.147322, 0.285590, 0.946956),

              ["RightHand"] = CFrame.new(-0.000500, -0.000000, -0.000000, 1.000000, -0.000000, -0.000000, 0.000000, 1.000000, 0.000001, 0.000000, -0.000000, 1.000000),

              ["RightLowerArm"] = CFrame.new(-0.000000, 0.078896, 0.038428, 1.000000, 0.000000, 0.000000, -0.000000, 0.614934, -0.788578, -0.000000, 0.788579, 0.614934),

              ["RightLowerLeg"] = CFrame.new(0.000000, -0.038035, -0.000500, 1.000000, 0.000000, 0.000000, 0.000000, 1.000000, -0.000007, -0.000000, -0.000011, 1.000000),

              ["RightUpperArm"] = CFrame.new(-0.195497, -0.550928, -0.159429, 0.937409, 0.229212, 0.262157, 0.338750, -0.774690, -0.533951, 0.080703, 0.589336, -0.803847),

              ["RightUpperLeg"] = CFrame.new(-0.027029, -0.021636, -0.002149, 0.990054, 0.112095, -0.085015, -0.124870, 0.978532, -0.163954, 0.064811, 0.172947, 0.982798),

              ["UpperTorso"] = CFrame.new(-0.029669, -0.032148, 0.024801, 0.961585, 0.260918, 0.085297, -0.243075, 0.953710, -0.177065, -0.127549, 0.149529, 0.980496)

          }},

          {Time = 0.360, Data = {

              ["Head"] = CFrame.new(0.002815, -0.005253, -0.004771, 0.999987, 0.004884, -0.001253, -0.003680, 0.536911, -0.843631, -0.003447, 0.843625, 0.536922),

              ["LeftFoot"] = CFrame.new(-0.000000, 0.015253, -0.000003, 0.959034, -0.216711, -0.182473, 0.091491, 0.846503, -0.524487, 0.268110, 0.486280, 0.831635),

              ["LeftHand"] = CFrame.new(0.000500, 0.000100, 0.000000, 1.000000, 0.000000, 0.000000, 0.000000, 1.000000, 0.000001, -0.000000, -0.000000, 1.000000),

              ["LeftLowerArm"] = CFrame.new(-0.000500, 0.022259, 0.002508, 1.000000, -0.000000, -0.000000, 0.000000, 0.974689, -0.223564, 0.000000, 0.223564, 0.974689),

              ["LeftLowerLeg"] = CFrame.new(0.000000, 0.075161, -0.020284, 1.000000, -0.000000, -0.000000, 0.000000, 0.792319, 0.610108, -0.000000, -0.610108, 0.792318),

              ["LeftUpperArm"] = CFrame.new(0.007790, -0.094443, -0.319797, 0.919443, -0.330965, -0.212339, -0.377283, -0.590295, -0.713589, 0.110830, 0.736216, -0.667610),

              ["LeftUpperLeg"] = CFrame.new(0.023805, -0.038789, -0.015952, 0.907327, 0.400532, 0.127798, -0.258753, 0.771569, -0.581129, -0.331366, 0.494222, 0.803715),

              ["LowerTorso"] = CFrame.new(0.073808, -0.113875, 0.154463, 0.984725, -0.157020, -0.075248, 0.174081, 0.878704, 0.444495, -0.003674, -0.450805, 0.892615),

              ["RightFoot"] = CFrame.new(0.000000, -0.044427, -0.000103, 0.980378, 0.150796, 0.126975, -0.107039, 0.948073, -0.299510, -0.165536, 0.280031, 0.945606),

              ["RightHand"] = CFrame.new(-0.000500, -0.000000, -0.000000, 1.000000, 0.000000, -0.000000, 0.000000, 1.000000, 0.000001, 0.000000, -0.000000, 1.000000),

              ["RightLowerArm"] = CFrame.new(-0.000000, 0.078897, 0.038428, 1.000000, 0.000000, 0.000000, -0.000000, 0.614934, -0.788579, -0.000000, 0.788579, 0.614934),

              ["RightLowerLeg"] = CFrame.new(-0.000000, -0.044272, -0.000583, 1.000000, -0.000000, -0.000000, 0.000000, 1.000000, -0.000007, 0.000000, -0.000010, 1.000000),

              ["RightUpperArm"] = CFrame.new(-0.206912, -0.486737, -0.138816, 0.934853, 0.234114, 0.266908, 0.345519, -0.772823, -0.532318, 0.081650, 0.589861, -0.803366),

              ["RightUpperLeg"] = CFrame.new(-0.026766, 0.017237, 0.022990, 0.991185, 0.060738, -0.117737, -0.078673, 0.984898, -0.154221, 0.106592, 0.162131, 0.980996),

              ["UpperTorso"] = CFrame.new(-0.023543, -0.031764, 0.024498, 0.975558, 0.208603, 0.069080, -0.195967, 0.968124, -0.155989, -0.099418, 0.138639, 0.985340)

          }},

          {Time = 0.400, Data = {

              ["Head"] = CFrame.new(0.003422, -0.006385, -0.005799, 0.999981, 0.005904, -0.001515, -0.004448, 0.536916, -0.843624, -0.004167, 0.843615, 0.536932),

              ["LeftFoot"] = CFrame.new(-0.000000, 0.013615, -0.000003, 0.971562, -0.181136, -0.152518, 0.082023, 0.861657, -0.500843, 0.222126, 0.474064, 0.851994),

              ["LeftHand"] = CFrame.new(0.000500, 0.000100, -0.000000, 1.000000, 0.000000, 0.000000, 0.000000, 1.000000, 0.000001, -0.000000, 0.000000, 1.000000),

              ["LeftLowerArm"] = CFrame.new(-0.000500, 0.054515, 0.016166, 1.000000, -0.000000, -0.000000, 0.000000, 0.837795, -0.545985, 0.000000, 0.545985, 0.837795),

              ["LeftLowerLeg"] = CFrame.new(-0.000000, 0.068673, -0.016690, 1.000000, -0.000000, -0.000000, 0.000000, 0.829200, 0.558949, -0.000000, -0.558951, 0.829202),

              ["LeftUpperArm"] = CFrame.new(0.032312, -0.178692, -0.340070, 0.931881, -0.314995, -0.179935, -0.341675, -0.595467, -0.727102, 0.121888, 0.739051, -0.662530),

              ["LeftUpperLeg"] = CFrame.new(0.030863, -0.035205, -0.014009, 0.954444, 0.270602, 0.125747, -0.168649, 0.836849, -0.520793, -0.246159, 0.475877, 0.844371),

              ["LowerTorso"] = CFrame.new(0.035799, -0.130516, 0.148960, 0.996699, -0.075080, -0.030894, 0.081032, 0.896317, 0.435947, -0.005040, -0.437011, 0.899442),

              ["RightFoot"] = CFrame.new(0.000000, -0.038876, -0.000103, 0.972866, 0.176988, 0.149029, -0.125904, 0.945340, -0.300811, -0.194112, 0.273876, 0.941968),

              ["RightHand"] = CFrame.new(-0.000500, -0.000000, 0.000000, 1.000000, 0.000000, -0.000000, 0.000000, 1.000000, 0.000001, 0.000000, -0.000000, 1.000000),

              ["RightLowerArm"] = CFrame.new(-0.000000, 0.078896, 0.038428, 1.000000, 0.000000, 0.000000, -0.000000, 0.614934, -0.788578, -0.000000, 0.788579, 0.614934),

              ["RightLowerLeg"] = CFrame.new(0.000000, -0.038740, -0.000510, 1.000000, 0.000000, -0.000000, 0.000000, 1.000000, -0.000007, 0.000000, -0.000011, 1.000000),

              ["RightUpperArm"] = CFrame.new(-0.214103, -0.431038, -0.120346, 0.932441, 0.239409, 0.270625, 0.352013, -0.770839, -0.530938, 0.081496, 0.590331, -0.803036),

              ["RightUpperLeg"] = CFrame.new(-0.026485, 0.054948, 0.048687, 0.983244, -0.047370, -0.176031, 0.020470, 0.988230, -0.151591, 0.181140, 0.145455, 0.972642),

              ["UpperTorso"] = CFrame.new(-0.017970, -0.043992, 0.018036, 0.994387, 0.100177, 0.034039, -0.094884, 0.986696, -0.132015, -0.046811, 0.128045, 0.990663)

          }},

          {Time = 0.440, Data = {

              ["Head"] = CFrame.new(0.004075, -0.007604, -0.006906, 0.999974, 0.006991, -0.001794, -0.005268, 0.536920, -0.843617, -0.004935, 0.843604, 0.536943),

              ["LeftFoot"] = CFrame.new(0.000000, 0.011901, -0.000003, 0.981215, -0.147579, -0.124263, 0.074180, 0.883180, -0.463155, 0.178088, 0.445211, 0.877523),

              ["LeftHand"] = CFrame.new(0.000500, 0.000100, 0.000000, 1.000000, 0.000000, 0.000000, -0.000000, 1.000000, 0.000001, -0.000000, -0.000000, 1.000000),

              ["LeftLowerArm"] = CFrame.new(-0.000500, 0.080082, 0.040109, 1.000000, -0.000000, -0.000000, 0.000000, 0.598107, -0.801416, 0.000000, 0.801416, 0.598107),

              ["LeftLowerLeg"] = CFrame.new(-0.000000, 0.059416, -0.012008, 1.000000, -0.000000, -0.000000, 0.000000, 0.876945, 0.480585, -0.000000, -0.480591, 0.876948),

              ["LeftUpperArm"] = CFrame.new(0.061279, -0.284937, -0.370328, 0.944970, -0.289140, -0.153066, -0.303655, -0.601042, -0.739285, 0.121758, 0.745081, -0.655766),

              ["LeftUpperLeg"] = CFrame.new(0.038978, -0.032020, -0.011780, 0.984727, 0.131148, 0.114514, -0.066590, 0.891408, -0.448268, -0.160868, 0.433812, 0.886534),

              ["LowerTorso"] = CFrame.new(-0.004932, -0.143145, 0.143207, 0.999786, 0.014915, 0.014355, -0.019584, 0.906201, 0.422394, -0.006708, -0.422585, 0.906298),

              ["RightFoot"] = CFrame.new(-0.000000, -0.031900, -0.000103, 0.964591, 0.201759, 0.169888, -0.143965, 0.942426, -0.301851, -0.220995, 0.266695, 0.938096),

              ["RightHand"] = CFrame.new(-0.000500, 0.000000, -0.000000, 1.000000, 0.000000, -0.000000, -0.000000, 1.000000, 0.000001, 0.000000, -0.000000, 1.000000),

              ["RightLowerArm"] = CFrame.new(-0.000000, 0.078896, 0.038427, 1.000000, 0.000000, 0.000000, -0.000000, 0.614934, -0.788578, -0.000000, 0.788579, 0.614934),

              ["RightLowerLeg"] = CFrame.new(-0.000000, -0.031788, -0.000418, 1.000000, -0.000000, -0.000000, 0.000000, 1.000000, -0.000007, -0.000000, -0.000010, 1.000000),

              ["RightUpperArm"] = CFrame.new(-0.217652, -0.392315, -0.106884, 0.930256, 0.244677, 0.273417, 0.357951, -0.768875, -0.529813, 0.080591, 0.590732, -0.802833),

              ["RightUpperLeg"] = CFrame.new(-0.026202, 0.089740, 0.073331, 0.959292, -0.160365, -0.232470, 0.125433, 0.979433, -0.158037, 0.253033, 0.122452, 0.959678),

              ["UpperTorso"] = CFrame.new(-0.009990, -0.063553, 0.008645, 0.999797, -0.019288, -0.005830, 0.018526, 0.993699, -0.110540, 0.007925, 0.110410, 0.993855)

          }},

          {Time = 0.480, Data = {

              ["Head"] = CFrame.new(0.004772, -0.008904, -0.008087, 0.999965, 0.008139, -0.002089, -0.006133, 0.536924, -0.843609, -0.005745, 0.843592, 0.536955),

              ["LeftFoot"] = CFrame.new(-0.000000, 0.010717, -0.000003, 0.984996, -0.132016, -0.111159, 0.070798, 0.896503, -0.437368, 0.157384, 0.422912, 0.892386),

              ["LeftHand"] = CFrame.new(0.000500, 0.000100, 0.000000, 1.000000, -0.000000, 0.000000, -0.000000, 1.000000, 0.000001, -0.000000, -0.000000, 1.000000),

              ["LeftLowerArm"] = CFrame.new(-0.000500, 0.088603, 0.053637, 1.000000, -0.000000, -0.000000, 0.000000, 0.462749, -0.886489, 0.000000, 0.886489, 0.462749),

              ["LeftLowerLeg"] = CFrame.new(-0.000000, 0.052845, -0.009227, 1.000000, -0.000000, 0.000000, 0.000000, 0.905238, 0.424896, -0.000000, -0.424904, 0.905242),

              ["LeftUpperArm"] = CFrame.new(0.094979, -0.416330, -0.412692, 0.958467, -0.251033, -0.135363, -0.264748, -0.606624, -0.749611, 0.106062, 0.754314, -0.647889),

              ["LeftUpperLeg"] = CFrame.new(0.048210, -0.029386, -0.009251, 0.993407, 0.049914, 0.103204, -0.005072, 0.918493, -0.395389, -0.114528, 0.392274, 0.912697),

              ["LowerTorso"] = CFrame.new(-0.031337, -0.152198, 0.137273, 0.996638, 0.070855, 0.041143, -0.081470, 0.910364, 0.405710, -0.008709, -0.407698, 0.913076),

              ["RightFoot"] = CFrame.new(-0.000000, -0.031430, -0.000103, 0.959907, 0.214431, 0.180558, -0.153760, 0.941311, -0.300495, -0.234383, 0.260676, 0.936537),

              ["RightHand"] = CFrame.new(-0.000500, -0.000000, -0.000000, 1.000000, -0.000000, -0.000000, -0.000000, 1.000000, 0.000001, 0.000000, -0.000000, 1.000000),

              ["RightLowerArm"] = CFrame.new(-0.000000, 0.078896, 0.038428, 1.000000, 0.000000, 0.000000, 0.000000, 0.614934, -0.788578, -0.000000, 0.788579, 0.614934),

              ["RightLowerLeg"] = CFrame.new(-0.000000, -0.031320, -0.000411, 1.000000, 0.000000, 0.000000, 0.000000, 1.000000, -0.000007, -0.000000, -0.000010, 1.000000),

              ["RightUpperArm"] = CFrame.new(-0.218146, -0.379053, -0.101295, 0.928389, 0.249500, 0.275398, 0.363055, -0.767079, -0.528944, 0.079281, 0.591050, -0.802730),

              ["RightUpperLeg"] = CFrame.new(-0.025931, 0.119858, 0.095306, 0.937636, -0.227313, -0.262996, 0.189615, 0.968548, -0.161117, 0.291349, 0.101208, 0.951249),

              ["UpperTorso"] = CFrame.new(-0.001063, -0.085706, -0.001105, 0.994127, -0.102393, -0.035037, 0.098826, 0.990871, -0.091697, 0.044106, 0.087696, 0.995170)

          }},

          {Time = 0.520, Data = {

              ["Head"] = CFrame.new(0.005510, -0.010280, -0.009337, 0.999954, 0.009340, -0.002397, -0.007037, 0.536926, -0.843600, -0.006592, 0.843578, 0.536967),

              ["LeftFoot"] = CFrame.new(0.000000, 0.010495, -0.000003, 0.984848, -0.132662, -0.111704, 0.071720, 0.897988, -0.434159, 0.157895, 0.419545, 0.893884),

              ["LeftHand"] = CFrame.new(0.000500, 0.000100, 0.000000, 1.000000, -0.000000, 0.000000, -0.000000, 1.000000, 0.000001, -0.000000, -0.000000, 1.000000),

              ["LeftLowerArm"] = CFrame.new(-0.000500, 0.088580, 0.053593, 1.000000, -0.000000, -0.000000, 0.000000, 0.463185, -0.886262, 0.000000, 0.886262, 0.463185),

              ["LeftLowerLeg"] = CFrame.new(0.000000, 0.051610, -0.008751, 1.000000, -0.000000, 0.000000, 0.000000, 0.910076, 0.414433, -0.000000, -0.414442, 0.910080),

              ["LeftUpperArm"] = CFrame.new(0.188424, -0.578165, -0.476490, 0.969504, -0.195973, -0.147163, -0.237821, -0.607282, -0.758057, 0.059189, 0.769938, -0.635368),

              ["LeftUpperLeg"] = CFrame.new(0.058618, -0.027449, -0.006406, 0.994376, 0.030526, 0.101418, 0.009337, 0.928570, -0.371025, -0.105500, 0.369901, 0.923068),

              ["LowerTorso"] = CFrame.new(-0.041434, -0.159983, 0.131229, 0.994857, 0.088280, 0.049657, -0.100681, 0.915494, 0.389530, -0.011073, -0.392526, 0.919674),

              ["RightFoot"] = CFrame.new(0.000000, -0.036534, -0.000103, 0.959368, 0.215841, 0.181744, -0.155544, 0.941934, -0.297612, -0.235414, 0.257241, 0.937228),

              ["RightHand"] = CFrame.new(-0.000500, -0.000000, -0.000000, 1.000000, 0.000000, -0.000000, -0.000000, 1.000000, 0.000001, 0.000000, -0.000000, 1.000000),

              ["RightLowerArm"] = CFrame.new(0.000000, 0.078897, 0.038428, 1.000000, 0.000000, 0.000000, 0.000000, 0.614934, -0.788578, -0.000000, 0.788579, 0.614934),

              ["RightLowerLeg"] = CFrame.new(-0.000000, -0.036406, -0.000479, 1.000000, 0.000000, 0.000000, 0.000000, 1.000000, -0.000007, -0.000000, -0.000011, 1.000000),

              ["RightUpperArm"] = CFrame.new(-0.211519, -0.419557, -0.112631, 0.926935, 0.253460, 0.276676, 0.367044, -0.765603, -0.528329, 0.077914, 0.591279, -0.802695),

              ["RightUpperLeg"] = CFrame.new(-0.025688, 0.143545, 0.113000, 0.930689, -0.246282, -0.270488, 0.210958, 0.965420, -0.153162, 0.298856, 0.085492, 0.950462),

              ["UpperTorso"] = CFrame.new(0.005471, -0.106809, -0.009535, 0.988497, -0.142345, -0.051112, 0.138460, 0.987683, -0.072872, 0.060855, 0.064957, 0.996031)

          }},

          {Time = 0.560, Data = {

              ["Head"] = CFrame.new(0.006285, -0.011726, -0.010649, 0.999940, 0.010586, -0.002717, -0.007976, 0.536928, -0.843590, -0.007472, 0.843562, 0.536980),

              ["LeftFoot"] = CFrame.new(-0.000000, 0.010522, -0.000003, 0.983387, -0.138859, -0.116922, 0.074738, 0.896683, -0.436343, 0.165421, 0.420331, 0.892151),

              ["LeftHand"] = CFrame.new(0.000500, 0.000100, -0.000000, 1.000000, 0.000000, 0.000000, 0.000000, 1.000000, 0.000001, -0.000000, -0.000000, 1.000000),

              ["LeftLowerArm"] = CFrame.new(-0.000500, 0.088420, 0.053288, 1.000000, -0.000000, -0.000000, 0.000000, 0.466235, -0.884661, 0.000000, 0.884661, 0.466235),

              ["LeftLowerLeg"] = CFrame.new(0.000000, 0.051759, -0.008808, 1.000000, -0.000000, 0.000000, 0.000000, 0.909499, 0.415697, -0.000000, -0.415706, 0.909503),

              ["LeftUpperArm"] = CFrame.new(0.322635, -0.728321, -0.540830, 0.973371, -0.140486, -0.181143, -0.229231, -0.601458, -0.765311, -0.001435, 0.786455, -0.617646),

              ["LeftUpperLeg"] = CFrame.new(0.070264, -0.026358, -0.003230, 0.994145, 0.029595, 0.103922, 0.009216, 0.935029, -0.354436, -0.107660, 0.353334, 0.929288),

              ["LowerTorso"] = CFrame.new(-0.045988, -0.166000, 0.125149, 0.994082, 0.094606, 0.053388, -0.107747, 0.921265, 0.373713, -0.013829, -0.377254, 0.926007),

              ["RightFoot"] = CFrame.new(-0.000000, -0.040479, -0.000103, 0.959553, 0.215358, 0.181338, -0.155575, 0.942427, -0.296030, -0.234637, 0.255837, 0.937807),

              ["RightHand"] = CFrame.new(-0.000500, -0.000000, 0.000000, 1.000000, -0.000000, -0.000000, -0.000000, 1.000000, 0.000001, 0.000000, -0.000000, 1.000000),

              ["RightLowerArm"] = CFrame.new(-0.000000, 0.078897, 0.038427, 1.000000, 0.000000, 0.000000, -0.000000, 0.614934, -0.788578, -0.000000, 0.788579, 0.614934),

              ["RightLowerLeg"] = CFrame.new(0.000000, -0.040337, -0.000531, 1.000000, -0.000000, 0.000000, -0.000000, 1.000000, -0.000007, 0.000000, -0.000011, 1.000000),

              ["RightUpperArm"] = CFrame.new(-0.198079, -0.517211, -0.142170, 0.925991, 0.256143, 0.277364, 0.369643, -0.764603, -0.527965, 0.076839, 0.591416, -0.802697),

              ["RightUpperLeg"] = CFrame.new(-0.025487, 0.159044, 0.124799, 0.928161, -0.252103, -0.273790, 0.220774, 0.965182, -0.140292, 0.299626, 0.069775, 0.951503),

              ["UpperTorso"] = CFrame.new(0.009627, -0.122829, -0.015098, 0.984434, -0.164401, -0.062141, 0.161180, 0.985461, -0.053736, 0.070072, 0.042883, 0.996620)

          }},

          {Time = 0.600, Data = {

              ["Head"] = CFrame.new(0.007093, -0.013234, -0.012020, 0.999925, 0.011870, -0.003046, -0.008944, 0.536928, -0.843581, -0.008378, 0.843544, 0.536994),

              ["LeftFoot"] = CFrame.new(-0.000000, 0.010612, -0.000003, 0.980913, -0.148748, -0.125248, 0.079572, 0.894747, -0.439450, 0.177422, 0.421072, 0.889492),

              ["LeftHand"] = CFrame.new(0.000500, 0.000099, 0.000000, 1.000000, -0.000000, 0.000000, 0.000000, 1.000000, 0.000001, -0.000000, -0.000000, 1.000000),

              ["LeftLowerArm"] = CFrame.new(-0.000500, 0.087979, 0.052463, 1.000000, -0.000000, -0.000000, 0.000000, 0.474485, -0.880264, 0.000000, 0.880264, 0.474485),

              ["LeftLowerLeg"] = CFrame.new(0.000000, 0.052262, -0.009000, 1.000000, -0.000000, -0.000000, 0.000000, 0.907544, 0.419949, -0.000000, -0.419957, 0.907548),

              ["LeftUpperArm"] = CFrame.new(0.389881, -0.797506, -0.563826, 0.972917, -0.114842, -0.200608, -0.229129, -0.593758, -0.771331, -0.030532, 0.796407, -0.603990),

