return {
    ["Freed"] = {
        {Time = 0.000, Data = {
            ["RightFoot"] = CFrame.new(-1.1920928955078125e-07, -2.980232238769531e-07, 1.0600342648103833e-07, 0.9500766396522522, 0.22386746108531952, 0.21734267473220825, -0.27805769443511963, 0.9234994053840637, 0.26425880193710327, -0.1415570229291916, -0.31150001287460327, 0.9396432638168335),
            ["LeftLowerArm"] = CFrame.new(8.344650268554688e-07, -8.940696716308594e-07, -1.7881393432617188e-07, 1, -5.960463766996327e-08, 7.4505797087454084e-09, 1.043081283569336e-07, 0.4731128215789795, -0.8810018301010132, 5.21540641784668e-08, 0.8810018301010132, 0.47311291098594666),
            ["RightUpperArm"] = CFrame.new(0, 2.384185791015625e-07, -2.086162567138672e-07, 0.90656578540802, -0.4086548984050751, 0.10554507374763489, 0.22698944807052612, 0.6828916668891907, 0.694359302520752, -0.3558291792869568, -0.6055246591567993, 0.7118464708328247),
            ["Head"] = CFrame.new(1.341104507446289e-07, -8.344650268554688e-07, 1.4156103134155273e-07, 0.9604581594467163, -0.10283301770687103, 0.2587386667728424, -0.07740795612335205, 0.7940337657928467, 0.6029250621795654, -0.267447829246521, -0.5991124510765076, 0.7546759843826294),
            ["RightHand"] = CFrame.new(2.2351741790771484e-08, 0.000001430511474609375, -2.9802322387695312e-08, 0.9879756569862366, 0.15071026980876923, 0.03450635075569153, -0.11358991265296936, 0.8589524626731873, -0.4992976188659668, -0.10488854348659515, 0.48937422037124634, 0.8657432198524475),
            ["UpperTorso"] = CFrame.new(-7.450580596923828e-09, -8.940696716308594e-08, 9.685754776000977e-08, 0.9987103939056396, 0.0005129692144691944, -0.050768595188856125, 0.017671028152108192, 0.9339151382446289, 0.3570577800273895, 0.04759674519300461, -0.35749438405036926, 0.9327016472816467),
            ["HumanoidRootPart"] = CFrame.new(0, 0, 0, 1, 0, 0, 0, 1, 0, 0, 0, 1),
            ["RightUpperLeg"] = CFrame.new(1.7881393432617188e-07, 2.980232238769531e-07, -4.934336175210774e-07, 0.8741807341575623, -0.2927490472793579, -0.3874351680278778, 0.313765287399292, 0.9494534730911255, -0.009457280859351158, 0.37062034010887146, -0.11329638212919235, 0.9218484163284302),
            ["LeftUpperArm"] = CFrame.new(5.960464477539063e-08, -1.1920928955078125e-07, -5.587935447692871e-08, 0.5177138447761536, 0.7101869583129883, -0.4770818054676056, -0.3012331426143646, 0.6732327342033386, 0.6752898097038269, 0.8007690906524658, -0.20589406788349152, 0.5624736547470093),
            ["RightLowerArm"] = CFrame.new(4.76837158203125e-07, -0.0000014901161193847656, -8.642673492431641e-07, 1, -1.1175870895385742e-07, 5.5879347371501353e-08, 9.499486708364202e-08, 0.31791409850120544, -0.948119580745697, 3.352760202801619e-08, 0.9481195211410522, 0.3179141581058502),
            ["LeftHand"] = CFrame.new(1.4901161193847656e-07, 5.960464477539062e-07, -1.2665987014770508e-07, 0.8083239197731018, 0.044147130101919174, 0.5870804786682129, 0.2749669551849365, 0.8534353375434875, -0.4427656829357147, -0.5205821990966797, 0.5193257927894592, 0.6777132153511047),
            ["LeftFoot"] = CFrame.new(6.28642737865448e-09, -5.364418029785156e-07, -1.0972144082188606e-08, 0.9966684579849243, 0.00949651189148426, -0.08100567758083344, 0.04895162209868431, 0.7247682213783264, 0.6872515678405762, 0.0652368813753128, -0.6889273524284363, 0.7218887209892273),
            ["LowerTorso"] = CFrame.new(0.2614169418811798, 6.857715606689453, 0.013512706384062767, 0.9437111616134644, -0.11981048434972763, -0.3083094656467438, -0.04365233704447746, 0.8788301944732666, -0.47513386607170105, 0.32787761092185974, 0.46184754371643066, 0.8241317868232727),
            ["RightLowerLeg"] = CFrame.new(8.754432201385498e-08, -0.00006121397018432617, -0.00007230246410472319, 1, -7.078051567077637e-08, -2.421439226907296e-08, 1.3411046495548362e-07, 0.5895626544952393, 0.8077223300933838, -1.3411046495548362e-07, -0.8077226281166077, 0.5895630717277527),
            ["LeftUpperLeg"] = CFrame.new(1.7881393432617188e-07, -3.855675458908081e-07, -7.450580596923828e-09, 0.9526523351669312, 0.25896313786506653, 0.1593477427959442, 0.1100979745388031, 0.1947181075811386, -0.9746606349945068, -0.2834290862083435, 0.9460565447807312, 0.15698732435703278),
            ["LeftLowerLeg"] = CFrame.new(-2.980232238769531e-07, 0.000060439109802246094, 0.00007139518857002258, 1, 6.332992796842518e-08, 1.0244546899684792e-07, -8.568167686462402e-08, -0.42951419949531555, 0.9030601382255554, 1.2293457984924316e-07, -0.9030601382255554, -0.42951419949531555),
        }},
        {Time = 0.033, Data = {
            ["RightFoot"] = CFrame.new(-1.9371509552001953e-07, 1.7881393432617188e-07, 1.8050923245027661e-07, 0.951292872428894, 0.21450106799602509, 0.22143033146858215, -0.24464738368988037, 0.962300717830658, 0.11884919553995132, -0.1875891238451004, -0.1672329604625702, 0.9679068326950073),
            ["LeftLowerArm"] = CFrame.new(8.940696716308594e-07, -3.5762786865234375e-07, 7.599592208862305e-07, 1, -1.713633110966839e-07, 4.470347292340193e-08, 7.450580596923828e-08, 0.28054556250572205, -0.959840714931488, 5.960464477539063e-08, 0.9598407745361328, 0.28054556250572205),
            ["RightUpperArm"] = CFrame.new(0, -0.0000020265579223632812, -2.384185791015625e-07, 0.9485353231430054, -0.31612610816955566, 0.01857803203165531, 0.22045814990997314, 0.7013225555419922, 0.6778974533081055, -0.22733023762702942, -0.6389140486717224, 0.7349217534065247),
            ["Head"] = CFrame.new(7.450580596923828e-08, -0.0000027418136596679688, 7.450580596923828e-08, 0.9865175485610962, -0.04033772647380829, 0.15860670804977417, -0.06047115847468376, 0.8107147812843323, 0.5823099613189697, -0.15207384526729584, -0.5840499997138977, 0.797344982624054),
            ["RightHand"] = CFrame.new(5.029141902923584e-07, -4.76837158203125e-07, -3.5762786865234375e-07, 0.9536354541778564, 0.2853848934173584, 0.09557725489139557, -0.23867470026016235, 0.9105730652809143, -0.3374776840209961, -0.18334102630615234, 0.2990188002586365, 0.936468780040741),
            ["UpperTorso"] = CFrame.new(2.9802322387695312e-08, -9.5367431640625e-07, -4.3213367462158203e-07, 0.9984242916107178, 0.0015419905539602041, -0.05609440803527832, 0.019001273438334465, 0.9312818646430969, 0.36380359530448914, 0.052800726145505905, -0.36429619789123535, 0.9297851324081421),
            ["HumanoidRootPart"] = CFrame.new(0, 0, 0, 1, 0, 0, 0, 1, 0, 0, 0, 1),
            ["RightUpperLeg"] = CFrame.new(2.384185791015625e-07, -4.76837158203125e-07, -6.498958100564778e-07, 0.8701915740966797, -0.3494156301021576, -0.3473837375640869, 0.30969351530075073, 0.9362441897392273, -0.16594234108924866, 0.38321879506111145, 0.036819081753492355, 0.9229234457015991),
            ["LeftUpperArm"] = CFrame.new(0, -0.00000286102294921875, -3.725290298461914e-08, 0.4029722511768341, 0.7394919991493225, -0.5392263531684875, -0.32545843720436096, 0.6664566993713379, 0.6707549095153809, 0.8553889393806458, -0.09479989856481552, 0.50923752784729),
            ["RightLowerArm"] = CFrame.new(8.344650268554688e-07, -0.0000010132789611816406, -2.682209014892578e-07, 1, -7.82310962677002e-08, 7.636844401304188e-08, 8.381900329368364e-08, 0.0997299998998642, -0.9950145483016968, 6.332991375757047e-08, 0.9950145483016968, 0.0997300073504448),
            ["LeftHand"] = CFrame.new(2.5331974029541016e-07, -4.76837158203125e-07, 2.123415470123291e-07, 0.7106882333755493, 0.08797110617160797, 0.697985053062439, 0.1617104709148407, 0.9451562762260437, -0.2837771475315094, -0.6846691966056824, 0.31454864144325256, 0.6574857234954834),
            ["LeftFoot"] = CFrame.new(2.7567148208618164e-07, 5.364418029785156e-07, 9.569339454174042e-08, 0.9933810830116272, 0.05022745206952095, -0.10330168902873993, 0.03654493764042854, 0.7143991589546204, 0.6987835168838501, 0.10889677703380585, -0.6979334950447083, 0.7078350782394409),
            ["LowerTorso"] = CFrame.new(0.2232535183429718, 5.95328950881958, 0.02901061810553074, 0.9802733659744263, -0.08029790222644806, -0.18060040473937988, -0.013356247916817665, 0.8847518563270569, -0.46587103605270386, 0.19719502329826355, 0.4590930640697479, 0.8662261366844177),
            ["RightLowerLeg"] = CFrame.new(2.5331974029541016e-07, -0.00006145238876342773, -0.00007268616900546476, 1, -1.4156101713069802e-07, -1.5273695908035734e-07, 1.2665987014770508e-07, 0.31956538558006287, 0.9475641846656799, -1.862645149230957e-07, -0.9475642442703247, 0.3195658028125763),
            ["LeftUpperLeg"] = CFrame.new(1.7881393432617188e-07, -2.4959444999694824e-07, -6.370246410369873e-07, 0.9492166042327881, 0.234080970287323, 0.21022357046604156, 0.06947963684797287, 0.49572110176086426, -0.8656981587409973, -0.3068556785583496, 0.8363412022590637, 0.45428287982940674),
            ["LeftLowerLeg"] = CFrame.new(-5.587935447692871e-08, 0.000060558319091796875, 0.00007202476263046265, 1, 6.239863381551913e-08, 8.940698847936801e-08, -8.009374852235851e-08, -0.09927564114332199, 0.9950600862503052, 8.149073238428173e-08, -0.9950600862503052, -0.0992756262421608),
        }},
        {Time = 0.067, Data = {
            ["RightFoot"] = CFrame.new(-1.862645149230957e-07, 6.556510925292969e-07, -5.123947630636394e-07, 0.9536583423614502, 0.20506083965301514, 0.22019490599632263, -0.199468195438385, 0.9787482023239136, -0.04758632183074951, -0.22527354955673218, 0.0014591970248147845, 0.9742945432662964),
            ["LeftLowerArm"] = CFrame.new(6.556510925292969e-07, -1.7881393432617188e-07, -1.043081283569336e-07, 1, -1.0430811414607888e-07, 9.685753354915505e-08, 8.195638656616211e-08, 0.19752714037895203, -0.9802975058555603, 1.341104507446289e-07, 0.9802974462509155, 0.19752706587314606),
            ["RightUpperArm"] = CFrame.new(1.1920928955078125e-07, 0.0000011920928955078125, -1.7881393432617188e-07, 0.95340895652771, -0.29907557368278503, 0.039563510566949844, 0.19182685017585754, 0.7022156715393066, 0.6856352090835571, -0.23283885419368744, -0.6461013555526733, 0.7268694043159485),
            ["Head"] = CFrame.new(3.725290298461914e-08, -7.152557373046875e-07, 1.7229467630386353e-07, 0.9987732172012329, 0.0226252693682909, 0.044049184769392014, -0.04360169544816017, 0.8234906792640686, 0.5656520128250122, -0.023476071655750275, -0.5668785572052002, 0.8234667181968689),
            ["RightHand"] = CFrame.new(6.631016731262207e-07, -4.172325134277344e-07, 1.9371509552001953e-07, 0.9439663290977478, 0.31800663471221924, 0.08831486850976944, -0.262054979801178, 0.8848507404327393, -0.3851836919784546, -0.2006363868713379, 0.34045714139938354, 0.9186044335365295),
            ["UpperTorso"] = CFrame.new(3.166496753692627e-08, -2.9802322387695312e-08, -2.0116567611694336e-07, 0.9977097511291504, 0.0032433667220175266, -0.06756384670734406, 0.021843651309609413, 0.9298847913742065, 0.3672018349170685, 0.06401757150888443, -0.36783668398857117, 0.9276842474937439),
            ["HumanoidRootPart"] = CFrame.new(0, 0, 0, 1, 0, 0, 0, 1, 0, 0, 0, 1),
            ["RightUpperLeg"] = CFrame.new(1.1920928955078125e-07, -4.637986421585083e-07, -1.6560807125642896e-07, 0.86573326587677, -0.3983972668647766, -0.30296117067337036, 0.3023031949996948, 0.898647129535675, -0.3178778290748596, 0.3988969326019287, 0.1836111843585968, 0.8984254002571106),
            ["LeftUpperArm"] = CFrame.new(0, -7.152557373046875e-07, 5.960464477539063e-08, 0.3948819041252136, 0.7317829728126526, -0.5554835796356201, -0.27441033720970154, 0.6709649562835693, 0.6888431906700134, 0.8767938613891602, -0.11958124488592148, 0.46576064825057983),
            ["RightLowerArm"] = CFrame.new(7.748603820800781e-07, -3.5762786865234375e-07, -0.0000010505318641662598, 1, -9.685753354915505e-08, 7.450579886381092e-08, 7.078050145992165e-08, 0.10264316201210022, -0.9947182536125183, 7.078050145992165e-08, 0.9947182536125183, 0.10264325141906738),
            ["LeftHand"] = CFrame.new(2.9802322387695312e-08, 2.980232238769531e-07, 9.685754776000977e-08, 0.6749961376190186, 0.08401886373758316, 0.7330219149589539, 0.15789395570755005, 0.954030454158783, -0.2547459006309509, -0.7207286357879639, 0.2876923084259033, 0.6307008266448975),
            ["LeftFoot"] = CFrame.new(4.172325134277344e-07, 0.0000011324882507324219, -4.842877388000488e-08, 0.9890022277832031, 0.0777091532945633, -0.12584134936332703, 0.04362871125340462, 0.659701943397522, 0.7502599358558655, 0.1413198709487915, -0.7474989295005798, 0.6490563154220581),
            ["LowerTorso"] = CFrame.new(0.18427541851997375, 5.04866361618042, 0.04296957328915596, 0.9985792636871338, -0.03967279940843582, -0.035575225949287415, 0.01873503439128399, 0.8863764405250549, -0.4625861644744873, 0.04988513141870499, 0.4612624943256378, 0.8858602643013),
            ["RightLowerLeg"] = CFrame.new(3.2782554626464844e-07, -0.00006073713302612305, -0.00007344612822635099, 1, -1.1920926112907182e-07, -1.9371513815258368e-07, 1.4156101713069802e-07, -0.01844445988535881, 0.999829888343811, -2.533197118737007e-07, -0.9998299479484558, -0.018444348126649857),
            ["LeftUpperLeg"] = CFrame.new(2.384185791015625e-07, -5.122274160385132e-07, -1.6298145055770874e-07, 0.9495420455932617, 0.190799742937088, 0.24892835319042206, 0.025509323924779892, 0.74406498670578, -0.6676201820373535, -0.31260064244270325, 0.640283465385437, 0.701653778553009),
            ["LeftLowerLeg"] = CFrame.new(1.4901161193847656e-08, 0.000060498714447021484, 0.00007095932960510254, 1, 1.1548399925231934e-07, 7.078051567077637e-08, -7.450580596923828e-08, 0.28277388215065, 0.9591866731643677, 2.9802322387695312e-08, -0.9591866731643677, 0.28277385234832764),
        }},
        {Time = 0.100, Data = {
            ["RightFoot"] = CFrame.new(-1.341104507446289e-07, -1.1920928955078125e-07, -2.218221197836101e-07, 0.9553186893463135, 0.19870194792747498, 0.21882383525371552, -0.15497033298015594, 0.9671229124069214, -0.20163729786872864, -0.2516951858997345, 0.15871655941009521, 0.9547034502029419),
            ["LeftLowerArm"] = CFrame.new(4.470348358154297e-07, -2.384185791015625e-07, 5.140900611877441e-07, 1, -1.341104365337742e-07, 5.960463056453591e-08, 1.1175870895385742e-07, 0.15127906203269958, -0.9884910583496094, 1.1920928955078125e-07, 0.9884911775588989, 0.15127912163734436),
            ["RightUpperArm"] = CFrame.new(0, 1.1920928955078125e-07, -6.891787052154541e-08, 0.956201434135437, -0.2805972695350647, 0.0833306759595871, 0.14955277740955353, 0.7130562663078308, 0.6849706172943115, -0.2516203224658966, -0.6425076127052307, 0.7237895131111145),
            ["Head"] = CFrame.new(3.259629011154175e-08, -5.960464477539062e-07, 1.5529803931713104e-07, 0.9939109683036804, 0.08333954215049744, -0.07207959145307541, -0.03054758906364441, 0.8369331955909729, 0.5464521050453186, 0.10586685687303543, -0.5409228205680847, 0.8343828916549683),
            ["RightHand"] = CFrame.new(3.203749656677246e-07, -5.364418029785156e-07, 5.364418029785156e-07, 0.9468621015548706, 0.2991812229156494, 0.11807925999164581, -0.24326768517494202, 0.9063022136688232, -0.34559693932533264, -0.21041160821914673, 0.2985078692436218, 0.9309242963790894),
            ["UpperTorso"] = CFrame.new(9.313225746154785e-09, -7.450580596923828e-07, -6.724148988723755e-07, 0.9968582391738892, 0.00493331765756011, -0.07905261218547821, 0.024788687005639076, 0.9284898638725281, 0.3705295920372009, 0.07522747665643692, -0.37132513523101807, 0.9254505038261414),
            ["HumanoidRootPart"] = CFrame.new(0, 0, 0, 1, 0, 0, 0, 1, 0, 0, 0, 1),
            ["RightUpperLeg"] = CFrame.new(1.1920928955078125e-07, -0.000001156528014689684, -4.1101156966760755e-07, 0.8617810010910034, -0.44371286034584045, -0.24587082862854004, 0.29641440510749817, 0.8337876200675964, -0.4657648205757141, 0.4116697609424591, 0.3285074830055237, 0.8500651717185974),
            ["LeftUpperArm"] = CFrame.new(0, -7.152557373046875e-07, 1.0244548320770264e-07, 0.392221063375473, 0.7163121700286865, -0.5771129727363586, -0.20222944021224976, 0.6791821718215942, 0.7055599093437195, 0.8973661065101624, -0.16002622246742249, 0.4112490117549896),
            ["RightLowerArm"] = CFrame.new(2.384185791015625e-07, -0.0000018477439880371094, -1.341104507446289e-07, 1, -8.56816981809061e-08, 5.960464477539063e-08, 1.043080928297968e-07, 0.06258172541856766, -0.9980399012565613, 9.685751223287298e-08, 0.998039960861206, 0.06258165836334229),
            ["LeftHand"] = CFrame.new(5.066394805908203e-07, -4.76837158203125e-07, -7.450580596923828e-09, 0.6931003332138062, 0.13941486179828644, 0.7072307467460632, 0.09177576750516891, 0.956067681312561, -0.27840980887413025, -0.7149749994277954, 0.25787267088890076, 0.64985591173172),
            ["LeftFoot"] = CFrame.new(1.7881393432617188e-07, 5.960464477539063e-08, -7.450580596923828e-09, 0.9851527810096741, 0.09391427785158157, -0.14371562004089355, 0.06302500516176224, 0.5808270573616028, 0.8115835189819336, 0.15969333052635193, -0.8085914254188538, 0.5662844181060791),
            ["LowerTorso"] = CFrame.new(0.1452973484992981, 4.144035816192627, 0.056928519159555435, 0.9938741326332092, 0.0007469410193152726, 0.11051555722951889, 0.04986950755119324, 0.8893542885780334, -0.45449092984199524, -0.09862696379423141, 0.45721814036369324, 0.8838689923286438),
            ["RightLowerLeg"] = CFrame.new(7.450580596923828e-08, -0.00006115436553955078, -0.00007249245390994474, 1, -1.2665984172599565e-07, -2.3096805534805753e-07, 1.639127589214695e-07, -0.3479815721511841, 0.9375014305114746, -2.0861622829215776e-07, -0.9375013709068298, -0.3479815721511841),
            ["LeftUpperLeg"] = CFrame.new(1.7881393432617188e-07, -7.135386113077402e-07, -5.364418029785156e-07, 0.9520047307014465, 0.13723883032798767, 0.2735922038555145, -0.015079697594046593, 0.913792073726654, -0.40590253472328186, -0.30571189522743225, 0.3822953402996063, 0.8720037341117859),
            ["LeftLowerLeg"] = CFrame.new(-3.129243850708008e-07, 0.00005990266799926758, 0.00007174909114837646, 1, 4.284084909045305e-08, 6.263145024831829e-08, -7.450580596923828e-08, 0.6400067806243896, 0.7683693170547485, 0, -0.7683693766593933, 0.6400067210197449),
        }},
        {Time = 0.133, Data = {
            ["RightFoot"] = CFrame.new(-7.636845111846924e-08, 1.7881393432617188e-07, -1.6931153368204832e-08, 0.9539435505867004, 0.1991112232208252, 0.2243802547454834, -0.12344381958246231, 0.9422525763511658, -0.3113226890563965, -0.2734105587005615, 0.2692859470844269, 0.9234347343444824),
            ["LeftLowerArm"] = CFrame.new(5.960464477539062e-07, 5.960464477539062e-07, -5.960464477539063e-08, 1, -1.4901154088420299e-07, 5.960462345910855e-08, 8.940695295223122e-08, 0.15068359673023224, -0.9885820150375366, 7.450579886381092e-08, 0.9885820150375366, 0.15068362653255463),
            ["RightUpperArm"] = CFrame.new(0, -1.1920928955078125e-07, -1.7136335372924805e-07, 0.9518641233444214, -0.28963956236839294, 0.10031790286302567, 0.1499517261981964, 0.7254557013511658, 0.671735405921936, -0.26733729243278503, -0.6243579983711243, 0.7339671850204468),
            ["Head"] = CFrame.new(4.470348358154297e-08, -0.000001430511474609375, 5.774199962615967e-08, 0.97439044713974, 0.1382026970386505, -0.1773790866136551, -0.02651650458574295, 0.8539487719535828, 0.5196812152862549, 0.2232939600944519, -0.5016688704490662, 0.8357440829277039),
            ["RightHand"] = CFrame.new(4.76837158203125e-07, 4.76837158203125e-07, 2.682209014892578e-07, 0.9625510573387146, 0.20330169796943665, 0.1793432980775833, -0.15024086833000183, 0.9506871104240417, -0.2713334262371063, -0.22566170990467072, 0.2342275232076645, 0.9456290006637573),
            ["UpperTorso"] = CFrame.new(2.9802322387695312e-08, -2.384185791015625e-07, -5.811452865600586e-07, 0.9964313507080078, 0.00614579115062952, -0.08418292552232742, 0.026156365871429443, 0.9257684350013733, 0.3771854043006897, 0.08025200664997101, -0.3780413269996643, 0.9223039150238037),
            ["HumanoidRootPart"] = CFrame.new(0, 0, 0, 1, 0, 0, 0, 1, 0, 0, 0, 1),
            ["RightUpperLeg"] = CFrame.new(2.384185791015625e-07, -6.388872861862183e-07, -5.753900040872395e-07, 0.8599535822868347, -0.4826754033565521, -0.16584424674510956, 0.29676735401153564, 0.737269401550293, -0.6069292426109314, 0.415221631526947, 0.47271373867988586, 0.7772595882415771),
            ["LeftUpperArm"] = CFrame.new(5.960464477539063e-08, -0.0000013113021850585938, -5.21540641784668e-08, 0.406250923871994, 0.7083367705345154, -0.5772513747215271, -0.20359551906585693, 0.6860178709030151, 0.6985186338424683, 0.8907912969589233, -0.16624805331230164, 0.42290955781936646),
            ["RightLowerArm"] = CFrame.new(1.1920928955078125e-07, -0.0000019073486328125, -8.046627044677734e-07, 1, -1.1920928955078125e-07, 8.940695295223122e-08, 7.450579175838357e-08, 0.07777692377567291, -0.9969708323478699, 5.960463056453591e-08, 0.9969708323478699, 0.07777693122625351),
            ["LeftHand"] = CFrame.new(5.066394805908203e-07, -5.960464477539063e-08, 1.8998980522155762e-07, 0.7639075517654419, 0.2558453679084778, 0.5924427509307861, -0.09355876594781876, 0.9522610306739807, -0.2905956506729126, -0.6385076642036438, 0.16655996441841125, 0.7513759732246399),
            ["LeftFoot"] = CFrame.new(2.2351741790771484e-07, 0.0000012516975402832031, 2.9802322387695312e-08, 0.9821059703826904, 0.10159380733966827, -0.1585768610239029, 0.08999104052782059, 0.4865131378173828, 0.8690263628959656, 0.1654374599456787, -0.8677464127540588, 0.46866491436958313),
            ["LowerTorso"] = CFrame.new(0.10715336352586746, 3.2396163940429688, 0.07246314734220505, 0.9695919752120972, 0.03641071170568466, 0.24200357496738434, 0.07426398992538452, 0.8984649181365967, -0.43271899223327637, -0.23318731784820557, 0.4375329911708832, 0.8684403300285339),
            ["RightLowerLeg"] = CFrame.new(-5.960464477539063e-08, -0.00006109476089477539, -0.00007237324462039396, 1, -8.195636524988004e-08, -2.607703493140434e-07, 1.6391277313232422e-07, -0.5971534252166748, 0.8021270632743835, -2.4260953068733215e-07, -0.8021271228790283, -0.5971534848213196),
            ["LeftUpperLeg"] = CFrame.new(2.384185791015625e-07, -1.6111880540847778e-07, -6.631016731262207e-07, 0.9535808563232422, 0.08237156271934509, 0.28965261578559875, -0.05433385446667671, 0.9931386709213257, -0.1035538762807846, -0.2961950898170471, 0.08300899714231491, 0.9515135288238525),
            ["LeftLowerLeg"] = CFrame.new(-3.725290298461914e-08, 0.000060617923736572266, 0.00007186830043792725, 1, 4.4703490686970326e-08, -3.166496753692627e-08, 1.4901161193847656e-08, 0.9062788486480713, 0.4226803481578827, 1.4901161193847656e-08, -0.4226803481578827, 0.9062788486480713),
        }},
        {Time = 0.167, Data = {
            ["RightFoot"] = CFrame.new(-1.5273690223693848e-07, -2.980232238769531e-07, 9.296491043642163e-08, 0.9480696320533752, 0.2068656086921692, 0.24160027503967285, -0.1118943840265274, 0.9279672503471375, -0.35546672344207764, -0.2977307438850403, 0.3099733889102936, 0.902924656867981),
            ["LeftLowerArm"] = CFrame.new(5.662441253662109e-07, 3.5762786865234375e-07, 7.748603820800781e-07, 1, -8.940695295223122e-08, 4.470347647611561e-08, 7.450581307466564e-08, 0.21920499205589294, -0.9756788015365601, 7.450581307466564e-08, 0.9756788611412048, 0.21920499205589294),
            ["RightUpperArm"] = CFrame.new(0, -1.1920928955078125e-07, -1.1920928955078125e-07, 0.9340947270393372, -0.35456928610801697, 0.0418054461479187, 0.24777249991893768, 0.7280996441841125, 0.6391241550445557, -0.2570524215698242, -0.5866442322731018, 0.767966628074646),
            ["Head"] = CFrame.new(8.568167686462402e-08, -0.0000011920928955078125, 1.0011717677116394e-07, 0.9475429654121399, 0.18414616584777832, -0.26125216484069824, -0.03747163340449333, 0.8757241368293762, 0.48135584592819214, 0.31742456555366516, -0.4463156461715698, 0.8366863131523132),
            ["RightHand"] = CFrame.new(2.682209014892578e-07, -3.5762786865234375e-07, 1.4901161193847656e-07, 0.9691393971443176, -0.02051125466823578, 0.2456590235233307, 0.05987705662846565, 0.9862752556800842, -0.15387007594108582, -0.23913121223449707, 0.16383096575737, 0.9570661783218384),
            ["UpperTorso"] = CFrame.new(-2.2351741790771484e-08, 3.8743019104003906e-07, -3.3155083656311035e-07, 0.99704909324646, 0.006090409122407436, -0.07652597874403, 0.02435312792658806, 0.9202660918235779, 0.39053452014923096, 0.07280275970697403, -0.39124566316604614, 0.9174020886421204),
            ["HumanoidRootPart"] = CFrame.new(0, 0, 0, 1, 0, 0, 0, 1, 0, 0, 0, 1),
            ["RightUpperLeg"] = CFrame.new(1.7881393432617188e-07, 5.140900611877441e-07, -3.891254891641438e-07, 0.8607593178749084, -0.5053126811981201, -0.06125687062740326, 0.30628326535224915, 0.6102927923202515, -0.7305706739425659, 0.40655118227005005, 0.6100835204124451, 0.6800839304924011),
            ["LeftUpperArm"] = CFrame.new(-1.1920928955078125e-07, -0.0000013113021850585938, -1.4901161193847656e-08, 0.44595402479171753, 0.7274166345596313, -0.5215266346931458, -0.3674684464931488, 0.6801009178161621, 0.6343735456466675, 0.8161446452140808, -0.09125691652297974, 0.5705963969230652),
            ["RightLowerArm"] = CFrame.new(3.5762786865234375e-07, -9.5367431640625e-07, -2.8312206268310547e-07, 1, -1.043081283569336e-07, 1.0430811414607888e-07, 1.6391273049976007e-07, 0.2106606513261795, -0.9775593280792236, 7.450579175838357e-08, 0.9775593280792236, 0.21066053211688995),
            ["LeftHand"] = CFrame.new(4.880130290985107e-07, 2.384185791015625e-07, 1.862645149230957e-08, 0.7928430438041687, 0.4867680072784424, 0.3666837513446808, -0.44294363260269165, 0.8735281825065613, -0.2018650472164154, -0.41857001185417175, -0.0023729356471449137, 0.9081814885139465),
            ["LeftFoot"] = CFrame.new(2.350425347685814e-07, 7.748603820800781e-07, -2.2351741790771484e-08, 0.9793738722801208, 0.10126878321170807, -0.1748472899198532, 0.11389502137899399, 0.4380805492401123, 0.891691267490387, 0.16689784824848175, -0.8932133316993713, 0.4175107181072235),
            ["LowerTorso"] = CFrame.new(0.07066305726766586, 2.335618495941162, 0.09112174808979034, 0.9362577199935913, 0.06096833199262619, 0.3459831774234772, 0.08451425284147263, 0.9168169498443604, -0.39026159048080444, -0.3409968316555023, 0.3946259319782257, 0.8532242178916931),
            ["RightLowerLeg"] = CFrame.new(1.1920928955078125e-07, -0.00006115436553955078, -0.00007249245390994474, 1, -6.705521116145974e-08, -2.60770320892334e-07, 1.4901162614933128e-07, -0.7335173487663269, 0.6796705722808838, -2.7194622020942916e-07, -0.6796706914901733, -0.7335175275802612),
            ["LeftUpperLeg"] = CFrame.new(1.1920928955078125e-07, 2.2351741790771484e-08, -3.129243850708008e-07, 0.9515062570571899, 0.04090012609958649, 0.3048982620239258, -0.09247428923845291, 0.9833102822303772, 0.15668299794197083, -0.2934012711048126, -0.17728012800216675, 0.9394080638885498),
            ["LeftLowerLeg"] = CFrame.new(-1.5203841030597687e-07, 0.00006073713302612305, 0.00007154420018196106, 1, -2.37487345344789e-08, 3.073364851502447e-08, -1.862645371275562e-09, 0.9977228045463562, 0.0674487054347992, -2.421439049271612e-08, -0.0674487054347992, 0.9977227449417114),
        }},
        {Time = 0.200, Data = {
            ["RightFoot"] = CFrame.new(3.073364496231079e-08, 5.960464477539062e-07, 3.332461346872151e-07, 0.9401444792747498, 0.21763402223587036, 0.26222866773605347, -0.12380830198526382, 0.9350603818893433, -0.3321649432182312, -0.3174898624420166, 0.27981698513031006, 0.9060367345809937),
            ["LeftLowerArm"] = CFrame.new(0.0000013113021850585938, 1.1920928955078125e-07, 1.1920928955078125e-07, 1, -7.450579886381092e-08, 2.9802318834981634e-08, 9.685756197086448e-08, 0.37088271975517273, -0.9286797046661377, 9.313227167240257e-08, 0.9286797642707825, 0.37088268995285034),
            ["RightUpperArm"] = CFrame.new(0, 1.1920928955078125e-07, -1.1920928955078125e-07, 0.8472965955734253, -0.5095883011817932, -0.14969411492347717, 0.4996444582939148, 0.669185221195221, 0.5500425100326538, -0.18012218177318573, -0.5408428907394409, 0.821611225605011),
            ["Head"] = CFrame.new(7.82310962677002e-08, -9.5367431640625e-07, 1.4528632164001465e-07, 0.9239534139633179, 0.21848483383655548, -0.31396594643592834, -0.06895856559276581, 0.9025107026100159, 0.4251110553741455, 0.3762378394603729, -0.3711320161819458, 0.8489441275596619),
            ["RightHand"] = CFrame.new(7.152557373046875e-07, 4.76837158203125e-07, 0, 0.95169597864151, -0.2503134608268738, 0.17781512439250946, 0.27924734354019165, 0.9464014768600464, -0.16231240332126617, -0.127655491232872, 0.20412635803222656, 0.9705857038497925),
            ["UpperTorso"] = CFrame.new(1.4901161193847656e-08, 2.9802322387695312e-08, -5.550682544708252e-07, 0.9988200068473816, 0.003207402303814888, -0.04846132546663284, 0.017174655571579933, 0.9100190997123718, 0.41421034932136536, 0.04542927071452141, -0.41455385088920593, 0.9088901877403259),
            ["HumanoidRootPart"] = CFrame.new(0, 0, 0, 1, 0, 0, 0, 1, 0, 0, 0, 1),
            ["RightUpperLeg"] = CFrame.new(1.7881393432617188e-07, -7.450580596923828e-08, -5.008841981180012e-07, 0.8671183586120605, -0.4965062737464905, 0.039841197431087494, 0.3154865503311157, 0.48555663228034973, -0.8152932524681091, 0.3854530453681946, 0.7195249795913696, 0.5776760578155518),
            ["LeftUpperArm"] = CFrame.new(1.1920928955078125e-07, -8.344650268554688e-07, 8.940696716308594e-08, 0.4717167019844055, 0.8034066557884216, -0.3633470833301544, -0.725391685962677, 0.5878594517707825, 0.3580898642539978, 0.501288652420044, 0.09465186297893524, 0.8600875735282898),
            ["RightLowerArm"] = CFrame.new(7.152557373046875e-07, -4.76837158203125e-07, -5.662441253662109e-07, 1, -1.1920928955078125e-07, 1.1175869474300271e-07, 2.9802315282267955e-08, 0.5163847804069519, -0.856356680393219, -2.2351736461700966e-08, 0.856356680393219, 0.5163847804069519),
            ["LeftHand"] = CFrame.new(8.223578333854675e-07, 1.7881393432617188e-07, 2.644956111907959e-07, 0.7115678191184998, 0.6690357327461243, 0.2146216630935669, -0.6885279417037964, 0.7248367071151733, 0.023262547329068184, -0.14000235497951508, -0.1643257737159729, 0.9764202833175659),
            ["LeftFoot"] = CFrame.new(2.5331974029541016e-07, 0.0000010132789611816406, -1.6763806343078613e-08, 0.9758989810943604, 0.08447595685720444, -0.20120853185653687, 0.11615439504384995, 0.5794852375984192, 0.8066628575325012, 0.1847410649061203, -0.8105928301811218, 0.5557069182395935),
            ["LowerTorso"] = CFrame.new(0.036748409271240234, 1.4314568042755127, 0.11465885490179062, 0.9093379974365234, 0.06994257122278214, 0.4101371467113495, 0.07134760916233063, 0.9449519515037537, -0.31933581829071045, -0.40989506244659424, 0.3196464776992798, 0.8542904853820801),
            ["RightLowerLeg"] = CFrame.new(-1.341104507446289e-07, -0.00006127357482910156, -0.00007235834345920011, 1, -7.823106784599076e-08, -2.868473529815674e-07, 1.3783575525394554e-07, -0.7458719611167908, 0.6660891771316528, -3.054738328955864e-07, -0.6660894155502319, -0.7458721399307251),
            ["LeftUpperLeg"] = CFrame.new(1.1920928955078125e-07, -1.0803341865539551e-07, -4.023313522338867e-07, 0.9420763850212097, 0.06851962953805923, 0.3283247649669647, -0.14048002660274506, 0.9695173501968384, 0.20075231790542603, -0.3045611083507538, -0.23524710536003113, 0.9229850769042969),
            ["LeftLowerLeg"] = CFrame.new(-1.1920928955078125e-07, 0.000060558319091796875, 0.00007148087024688721, 1, -3.725290742551124e-09, -3.0064256861805916e-08, 1.4901161193847656e-08, 0.9973656535148621, 0.0725390836596489, 2.7939677238464355e-09, -0.07253909856081009, 0.9973655939102173),
        }},
        {Time = 0.233, Data = {
            ["RightFoot"] = CFrame.new(-1.83936208486557e-07, 1.1920928955078125e-07, 1.5722616808488965e-07, 0.9199612736701965, 0.27142655849456787, 0.28284117579460144, -0.3103466033935547, 0.9450832009315491, 0.10248266905546188, -0.23949186503887177, -0.18205887079238892, 0.953676164150238),
            ["LeftLowerArm"] = CFrame.new(5.066394805908203e-07, 6.556510925292969e-07, 4.023313522338867e-07, 1, -2.607702853651972e-08, 1.4901161193847656e-08, 2.0489098417897367e-08, 0.6400516629219055, -0.7683318853378296, 1.4901162970204496e-08, 0.7683318257331848, 0.6400517821311951),
            ["RightUpperArm"] = CFrame.new(0, 4.76837158203125e-07, 8.940696716308594e-08, 0.5458052158355713, -0.7289383411407471, -0.41321367025375366, 0.8273311853408813, 0.5469483137130737, 0.12794871628284454, 0.13273975253105164, -0.4116995632648468, 0.9016006588935852),
            ["Head"] = CFrame.new(1.043081283569336e-07, -7.152557373046875e-07, 1.1175870895385742e-07, 0.9491164684295654, 0.22506673634052277, -0.2202792465686798, -0.17176949977874756, 0.95622718334198, 0.23690710961818695, 0.26395678520202637, -0.18701504170894623, 0.946230411529541),
            ["RightHand"] = CFrame.new(1.1920928955078125e-07, 1.1920928955078125e-07, 1.1920928955078125e-07, 0.9769449830055237, -0.2122393697500229, 0.023089861497282982, 0.21102742850780487, 0.943619966506958, -0.2550468444824219, 0.03234291076660156, 0.25403910875320435, 0.966653048992157),
            ["UpperTorso"] = CFrame.new(7.450580596923828e-09, -2.384185791015625e-07, -4.991888999938965e-07, 0.993080198764801, -0.035241104662418365, 0.11202646791934967, -0.02581213414669037, 0.8650884032249451, 0.5009549260139465, -0.11456698924303055, -0.5003799796104431, 0.8581923842430115),
            ["HumanoidRootPart"] = CFrame.new(0, 0, 0, 1, 0, 0, 0, 1, 0, 0, 0, 1),
            ["RightUpperLeg"] = CFrame.new(1.1920928955078125e-07, -5.506444722414017e-08, -4.859830369241536e-07, 0.892202615737915, -0.42618536949157715, 0.1494678109884262, 0.3731083571910858, 0.5090543031692505, -0.7756636738777161, 0.2544892132282257, 0.7478166222572327, 0.613192617893219),
            ["LeftUpperArm"] = CFrame.new(0, -8.344650268554688e-07, -7.35744833946228e-08, 0.4463810920715332, 0.8872206211090088, -0.1165485829114914, -0.8367184400558472, 0.3676556348800659, -0.40587157011032104, -0.3172478675842285, 0.27869167923927307, 0.9064682722091675),
            ["RightLowerArm"] = CFrame.new(3.5762786865234375e-07, -8.940696716308594e-07, -4.023313522338867e-07, 1, -3.725289943190546e-08, -2.9802318834981634e-08, 4.4703469370688254e-08, 0.8853508234024048, -0.46492356061935425, 1.8626444830971423e-09, 0.4649235010147095, 0.8853508830070496),
            ["LeftHand"] = CFrame.new(9.685754776000977e-08, 1.1920928955078125e-07, -8.940696716308594e-08, 0.7783353328704834, 0.6269667148590088, -0.033268172293901443, -0.6262058615684509, 0.7790389060974121, 0.03106527402997017, 0.04539407044649124, -0.003346659243106842, 0.9989636540412903),
            ["LeftFoot"] = CFrame.new(2.384185791015625e-07, 8.940696716308594e-07, -2.9802322387695312e-08, 0.9473438858985901, -0.03495009243488312, -0.31830498576164246, 0.15130729973316193, 0.9249151945114136, 0.34876635670661926, 0.2822156548500061, -0.37856361269950867, 0.8815010190010071),
            ["LowerTorso"] = CFrame.new(0.013908053748309612, 0.47154927253723145, 0.16004034876823425, 0.9595491290092468, 0.04347589239478111, 0.27816417813301086, -0.023271063342690468, 0.996871829032898, -0.07553152740001678, -0.28057780861854553, 0.06600303202867508, 0.95755934715271),
            ["RightLowerLeg"] = CFrame.new(1.6763806343078613e-07, -0.00006097555160522461, -0.00007268616900546476, 1, -1.6717238793262368e-07, -1.6577550354668347e-07, 1.8067660789711226e-07, 0.12057839334011078, 0.9927038550376892, -1.1827798118702049e-07, -0.9927038550376892, 0.12057876586914062),
            ["LeftUpperLeg"] = CFrame.new(1.7881393432617188e-07, -2.905726432800293e-07, -4.6938657760620117e-07, 0.8685786128044128, 0.20118696987628937, 0.45287418365478516, -0.2203582227230072, 0.9753606915473938, -0.010668432340025902, -0.4438619911670685, -0.09052816778421402, 0.8915106058120728),
            ["LeftLowerLeg"] = CFrame.new(-1.9371509552001953e-07, 0.000060558319091796875, 0.00007157027721405029, 1, 1.1175872671742582e-08, 2.980232594040899e-08, -1.862645326866641e-08, 0.9264350533485413, 0.3764547109603882, -2.980232594040899e-08, -0.37645474076271057, 0.926435112953186),
        }},
        {Time = 0.267, Data = {
            ["RightFoot"] = CFrame.new(-1.0710209608078003e-07, 4.172325134277344e-07, 1.9541039364412427e-07, 0.9250022768974304, 0.30181166529655457, 0.23082639276981354, -0.36956986784935, 0.5735461711883545, 0.7310695648193359, 0.08825570344924927, -0.7615475654602051, 0.6420721411705017),
            ["LeftLowerArm"] = CFrame.new(6.258487701416016e-07, 5.960464477539062e-07, 4.76837158203125e-07, 1, -4.563479905073109e-08, 2.2584568881711675e-08, 4.470348358154297e-08, 0.8356997966766357, -0.5491865873336792, 9.778887033462524e-09, 0.5491865277290344, 0.8356997966766357),
            ["RightUpperArm"] = CFrame.new(0, 0, 0, 0.20564085245132446, -0.7709043025970459, -0.6028420329093933, 0.9016492962837219, 0.3887264132499695, -0.18952707946300507, 0.38044795393943787, -0.5045775175094604, 0.7750232815742493),
            ["Head"] = CFrame.new(8.195638656616211e-08, -9.5367431640625e-07, 1.0803341865539551e-07, 0.9834276437759399, 0.1722063273191452, -0.05670153349637985, -0.17117850482463837, 0.9849821329116821, 0.022545838728547096, 0.05973249673843384, -0.01246605347841978, 0.998136579990387),
            ["RightHand"] = CFrame.new(4.470348358154297e-07, -2.980232238769531e-07, -1.4901161193847656e-08, 0.9922449588775635, -0.1239798441529274, 0.008893882855772972, 0.1225094273686409, 0.9633617997169495, -0.23859089612960815, 0.02101229317486286, 0.2378300130367279, 0.9710795283317566),
            ["UpperTorso"] = CFrame.new(7.916241884231567e-09, 5.960464477539063e-08, -5.06348442286253e-07, 0.9664201140403748, -0.07240317016839981, 0.24655629694461823, -0.07872044295072556, 0.829936683177948, 0.5522756576538086, -0.24461257457733154, -0.5531392693519592, 0.7963677644729614),
            ["HumanoidRootPart"] = CFrame.new(0, 0, 0, 1, 0, 0, 0, 1, 0, 0, 0, 1),
            ["RightUpperLeg"] = CFrame.new(2.384185791015625e-07, -3.725290298461914e-08, -5.493129719980061e-07, 0.9046182632446289, -0.3637492060661316, 0.222153902053833, 0.40391775965690613, 0.5652210712432861, -0.7192882895469666, 0.1360744833946228, 0.7404131293296814, 0.6582339406013489),
            ["LeftUpperArm"] = CFrame.new(-1.1920928955078125e-07, -0.0000011920928955078125, 2.9802322387695312e-08, 0.24529138207435608, 0.9690449237823486, 0.02800177037715912, -0.4890454411506653, 0.14862701296806335, -0.8595025539398193, -0.837058424949646, 0.197134330868721, 0.5103639960289001),
            ["RightLowerArm"] = CFrame.new(5.960464477539063e-08, -9.5367431640625e-07, -4.470348358154297e-07, 1, -7.450580596923828e-09, 2.607702853651972e-08, 6.705521116145974e-08, 0.9591835737228394, -0.282784104347229, -7.450578820566989e-09, 0.2827840745449066, 0.9591835737228394),
            ["LeftHand"] = CFrame.new(8.586794137954712e-07, -2.980232238769531e-07, 0, 0.8779884576797485, 0.46432846784591675, -0.11634133011102676, -0.47508805990219116, 0.8749942779541016, -0.09314782917499542, 0.05854691565036774, 0.13705503940582275, 0.9888318181037903),
            ["LeftFoot"] = CFrame.new(1.7881393432617188e-07, 8.940696716308594e-07, 6.705522537231445e-08, 0.9143216013908386, -0.23167946934700012, -0.3321753442287445, 0.11697055399417877, 0.9363230466842651, -0.3310849368572235, 0.38772904872894287, 0.2638632357120514, 0.8832000494003296),
