return {
    ["Freewheelin'"] = {
        {Time = 0.000, Data = {
            ["LeftFoot"] = CFrame.new(-4.0046870708465576e-08, 0, 8.847564458847046e-09, 0.8966280221939087, 0.4364855885505676, -0.0744210034608841, -0.4424624443054199, 0.8768187761306763, -0.18819066882133484, -0.01688905619084835, 0.20166581869125366, 0.9793088436126709),
            ["LeftLowerArm"] = CFrame.new(1.7881393432617188e-07, 3.5762786865234375e-07, -1.1920928955078125e-07, 1, -7.450580596923828e-08, 1.4528632164001465e-07, 1.1362138252479781e-07, -0.24679018557071686, -0.9690690040588379, 1.4714899521095504e-07, 0.9690690040588379, -0.24679014086723328),
            ["LowerTorso"] = CFrame.new(-0.03602626919746399, -0.26314449310302734, -0.078509122133255, -0.9872973561286926, 0.07008297741413116, 0.14259183406829834, 0.09881742298603058, 0.973617672920227, 0.2056790143251419, -0.1244153305888176, 0.21715691685676575, -0.9681754112243652),
            ["Head"] = CFrame.new(-1.043081283569336e-07, -7.152557373046875e-07, -6.705522537231445e-08, 0.3794397711753845, 0.45254001021385193, -0.8069901466369629, -0.5699443221092224, 0.8014041781425476, 0.18142466247081757, 0.728827178478241, 0.3910996615886688, 0.5620071887969971),
            ["RightUpperArm"] = CFrame.new(0, -1.1920928955078125e-07, -2.1606683731079102e-07, 0.6235176920890808, -0.1962544471025467, -0.7567760348320007, 0.15365804731845856, 0.9798629879951477, -0.1275065839290619, 0.766560435295105, -0.036782074719667435, 0.6411178708076477),
            ["UpperTorso"] = CFrame.new(1.5599653124809265e-08, -3.2782554626464844e-07, 1.792795956134796e-08, 0.9403373003005981, -0.06664114445447922, -0.3336539566516876, 0.11141666769981384, 0.9868747591972351, 0.11689596623182297, 0.3214845061302185, -0.147096186876297, 0.9354199171066284),
            ["HumanoidRootPart"] = CFrame.new(0, 0, 0, 1, 0, 0, 0, 1, 0, 0, 0, 1),
            ["RightHand"] = CFrame.new(3.2782554626464844e-07, -5.960464477539062e-07, -5.662441253662109e-07, 0.811773419380188, -0.5559935569763184, 0.1785922795534134, 0.5829538702964783, 0.7895878553390503, -0.19161377847194672, -0.03447828069329262, 0.2596580684185028, 0.965084969997406),
            ["LeftUpperArm"] = CFrame.new(-3.5762786865234375e-07, 1.1920928955078125e-07, 2.9802322387695312e-08, 0.8729503750801086, 0.04266431927680969, -0.4859396517276764, -0.3743644654750824, 0.6972567439079285, -0.6112973093986511, 0.3127441704273224, 0.7155507802963257, 0.6246424913406372),
            ["RightLowerArm"] = CFrame.new(4.76837158203125e-07, -3.5762786865234375e-07, -1.4901161193847656e-08, 1, -8.940698137394065e-08, 4.4703494239684005e-08, 1.1920928955078125e-07, -0.11557459831237793, -0.9932988882064819, 8.195638656616211e-08, 0.9932988286018372, -0.11557458341121674),
            ["LeftHand"] = CFrame.new(-7.450580596923828e-08, -7.748603820800781e-07, -2.086162567138672e-07, 0.5194739699363708, 0.784068763256073, -0.33968067169189453, -0.8108013868331909, 0.5777745246887207, 0.09369046241044998, 0.2697185277938843, 0.22674386203289032, 0.9358628392219543),
            ["RightUpperLeg"] = CFrame.new(-5.960464477539063e-08, -5.140900611877441e-07, -2.4047039914876223e-08, 0.9255255460739136, 0.3738022446632385, -0.06061645224690437, -0.36131787300109863, 0.8237726092338562, -0.43686187267303467, -0.11336573958396912, 0.4262283742427826, 0.8974840044975281),
            ["LeftUpperLeg"] = CFrame.new(1.4901161193847656e-07, -1.1781230568885803e-07, 5.029141902923584e-08, 0.951930046081543, -0.26524290442466736, -0.1532175987958908, 0.3059636652469635, 0.8473092317581177, 0.43411195278167725, 0.014677824452519417, -0.4601231813430786, 0.8877337574958801),
            ["RightLowerLeg"] = CFrame.new(-2.0954757928848267e-08, -0.000003635883331298828, -0.000013305041647981852, 1, -2.3096799850463867e-07, -1.1548404188488348e-07, 2.048909948371147e-07, 0.71393221616745, 0.7002144455909729, -8.195639367158947e-08, -0.7002149224281311, 0.7139325737953186),
            ["RightFoot"] = CFrame.new(-2.1420419216156006e-08, 2.980232238769531e-07, -2.7284841053187847e-09, 0.956564724445343, -0.2882685959339142, 0.04342024028301239, 0.2717762291431427, 0.8279502391815186, -0.4905462861061096, 0.10545937716960907, 0.48104026913642883, 0.8703327178955078),
            ["LeftLowerLeg"] = CFrame.new(1.862645149230957e-08, 0.000003874301910400391, 0.000013343989849090576, 1, -8.568170528633345e-08, -1.4901168299275014e-08, 2.3469326038139116e-07, 0.9999845027923584, 0.005580919794738293, -4.0978189730367376e-08, -0.00558125413954258, 0.9999845027923584),
        }},
        {Time = 0.033, Data = {
            ["LeftFoot"] = CFrame.new(4.470348358154297e-08, -5.960464477539063e-08, 7.450580596923828e-08, 0.9047212600708008, 0.41794508695602417, -0.08247178047895432, -0.4256749749183655, 0.8793097734451294, -0.21357662975788116, -0.016745058819651604, 0.22833380103111267, 0.9734390377998352),
            ["LeftLowerArm"] = CFrame.new(1.4901161193847656e-07, -7.152557373046875e-07, -5.960464477539063e-08, 1, -1.1548401346317405e-07, 1.396984146140312e-07, 8.754434333013705e-08, -0.2697078287601471, -0.9629423022270203, 1.0803344707710494e-07, 0.9629423022270203, -0.2697077989578247),
            ["LowerTorso"] = CFrame.new(0.0026766934897750616, -0.2889902591705322, -0.0801745057106018, -0.960354208946228, 0.09150015562772751, 0.2633392810821533, 0.14541083574295044, 0.970337450504303, 0.19313442707061768, -0.23785614967346191, 0.2237698882818222, -0.9451727271080017),
            ["Head"] = CFrame.new(7.450580596923828e-08, -1.1920928955078125e-07, 7.450580596923828e-09, 0.340717077255249, 0.430704265832901, -0.8357067704200745, -0.5441850423812866, 0.8151999711990356, 0.19827166199684143, 0.7666646242141724, 0.38722455501556396, 0.51213538646698),
            ["RightUpperArm"] = CFrame.new(1.1920928955078125e-07, 2.384185791015625e-07, -5.960464477539063e-08, 0.7741788029670715, -0.04350568354129791, -0.6314699649810791, 0.07729844748973846, 0.9966663122177124, 0.026101261377334595, 0.6282293796539307, -0.06901867687702179, 0.7749609351158142),
            ["UpperTorso"] = CFrame.new(2.584420144557953e-08, 3.8743019104003906e-07, 1.1175870895385742e-08, 0.94551682472229, -0.0186868105083704, -0.3250364661216736, 0.061491481959819794, 0.990632951259613, 0.12192307412624359, 0.3197135627269745, -0.13526730239391327, 0.9378092885017395),
            ["HumanoidRootPart"] = CFrame.new(0, 0, 0, 1, 0, 0, 0, 1, 0, 0, 0, 1),
            ["RightHand"] = CFrame.new(0, -7.152557373046875e-07, -7.450580596923828e-08, 0.7972145080566406, -0.5295954942703247, 0.2897888422012329, 0.5841140747070312, 0.7979439496994019, -0.1486487239599228, -0.1525115668773651, 0.2877746820449829, 0.9454765915870667),
            ["LeftUpperArm"] = CFrame.new(0, 4.76837158203125e-07, 1.1920928955078125e-07, 0.777595579624176, 0.020205071195960045, -0.6284400224685669, -0.38406676054000854, 0.8066179752349854, -0.44928857684135437, 0.49783313274383545, 0.590727686882019, 0.634982705116272),
            ["RightLowerArm"] = CFrame.new(4.76837158203125e-07, -2.980232238769531e-07, 7.450580596923828e-08, 1, -8.195639367158947e-08, 1.49011640360186e-07, 6.70552182668871e-08, -0.28514063358306885, -0.9584857225418091, 1.3597308168300515e-07, 0.9584857225418091, -0.28514063358306885),
            ["LeftHand"] = CFrame.new(5.21540641784668e-08, -6.556510925292969e-07, -3.129243850708008e-07, 0.5196287035942078, 0.783990204334259, -0.33962538838386536, -0.8107233643531799, 0.5778976678848267, 0.0936058834195137, 0.269654780626297, 0.22670195996761322, 0.9358913898468018),
            ["RightUpperLeg"] = CFrame.new(1.1920928955078125e-07, -3.427267074584961e-07, -3.149762051180005e-08, 0.8990517258644104, 0.43775835633277893, 0.008584455586969852, -0.3844071626663208, 0.798564076423645, -0.4631701409816742, -0.20961198210716248, 0.4131138324737549, 0.8862278461456299),
            ["LeftUpperLeg"] = CFrame.new(1.4901161193847656e-07, 2.0489096641540527e-07, 2.2351741790771484e-08, 0.9621217250823975, -0.21566633880138397, -0.16676364839076996, 0.27031347155570984, 0.8340864181518555, 0.4808637797832489, 0.035389550030231476, -0.5077282190322876, 0.8607903122901917),
            ["RightLowerLeg"] = CFrame.new(-1.5832483768463135e-08, -0.0000036954879760742188, -0.000013249162293504924, 1, -2.5704500217216264e-07, -1.229346224818073e-07, 1.6763807764164085e-07, 0.6973925232887268, 0.7166891098022461, -5.960465188081798e-08, -0.7166895270347595, 0.6973927617073059),
            ["RightFoot"] = CFrame.new(2.3283064365386963e-09, 2.980232238769531e-07, -4.358298610895872e-09, 0.9570574760437012, -0.2874413728713989, 0.037663448601961136, 0.2691298723220825, 0.8326743841171265, -0.4839650094509125, 0.10775034129619598, 0.4733191132545471, 0.8742764592170715),
            ["LeftLowerLeg"] = CFrame.new(-2.8312206268310547e-07, 0.000003516674041748047, 0.000013202428817749023, 1, 2.980232949312267e-08, -1.4901164746561335e-08, 4.470347292340193e-08, 0.9999845027923584, 0.005574510898441076, -4.470347292340193e-08, -0.005574637558311224, 0.9999845623970032),
        }},
        {Time = 0.067, Data = {
            ["LeftFoot"] = CFrame.new(-7.450580596923828e-08, -5.960464477539063e-08, -1.341104507446289e-07, 0.9172577261924744, 0.3881678581237793, -0.0892423465847969, -0.3979509770870209, 0.8838657140731812, -0.2457968145608902, -0.016532311215996742, 0.2609735131263733, 0.9652045369148254),
            ["LeftLowerArm"] = CFrame.new(4.470348358154297e-07, -1.7881393432617188e-07, -1.1920928955078125e-07, 1, -8.661302786094893e-08, 1.0849909415355796e-07, 7.823111758398227e-08, -0.2407572716474533, -0.9705854654312134, 8.894132719206027e-08, 0.9705854654312134, -0.24075713753700256),
            ["LowerTorso"] = CFrame.new(0.044383056461811066, -0.3179962635040283, -0.08295004069805145, -0.9308032393455505, 0.10164949297904968, 0.35110214352607727, 0.17536987364292145, 0.9669705629348755, 0.18496836721897125, -0.3207034766674042, 0.23374195396900177, -0.9178856015205383),
            ["Head"] = CFrame.new(-5.21540641784668e-08, -2.384185791015625e-07, 0, 0.3039475381374359, 0.4071367084980011, -0.8613104224205017, -0.5162748694419861, 0.8302140235900879, 0.21024955809116364, 0.8006722927093506, 0.38076815009117126, 0.4625359773635864),
            ["RightUpperArm"] = CFrame.new(2.384185791015625e-07, -4.76837158203125e-07, -1.4901161193847656e-08, 0.8515910506248474, 0.09415152668952942, -0.5156822800636292, -0.03985166177153587, 0.9925193190574646, 0.1154002919793129, 0.5226896405220032, -0.07772307097911835, 0.848972737789154),
            ["UpperTorso"] = CFrame.new(7.147900760173798e-08, 5.960464477539063e-08, 3.4458935260772705e-08, 0.9448370933532715, 0.01785384863615036, -0.3270537555217743, 0.022437021136283875, 0.9926398396492004, 0.11900723725557327, 0.32677122950553894, -0.11978057771921158, 0.9374823570251465),
            ["HumanoidRootPart"] = CFrame.new(0, 0, 0, 1, 0, 0, 0, 1, 0, 0, 0, 1),
            ["RightHand"] = CFrame.new(-5.960464477539063e-08, -2.980232238769531e-07, -1.564621925354004e-07, 0.787598192691803, -0.4387807548046112, 0.4326207935810089, 0.5291327238082886, 0.8413877487182617, -0.10993274301290512, -0.3157654404640198, 0.3154965937137604, 0.8948487043380737),
            ["LeftUpperArm"] = CFrame.new(-4.76837158203125e-07, 3.5762786865234375e-07, 1.7881393432617188e-07, 0.6898757815361023, -0.008640259504318237, -0.7238762378692627, -0.3462420701980591, 0.8742052912712097, -0.3404136598110199, 0.6357576847076416, 0.4854796230792999, 0.6001014709472656),
            ["RightLowerArm"] = CFrame.new(1.7881393432617188e-07, -6.556510925292969e-07, -1.1920928955078125e-07, 1, -6.705524668859653e-08, 1.1920930376163597e-07, 9.685756197086448e-08, -0.33304473757743835, -0.9429110884666443, 1.3783575525394554e-07, 0.9429111480712891, -0.3330446779727936),
            ["LeftHand"] = CFrame.new(4.2654573917388916e-07, -2.384185791015625e-07, 1.0058283805847168e-07, 0.5197176933288574, 0.7839202880859375, -0.33965063095092773, -0.810646653175354, 0.5780019164085388, 0.09362567216157913, 0.26971369981765747, 0.22667774558067322, 0.935880184173584),
            ["RightUpperLeg"] = CFrame.new(5.960464477539063e-08, 4.544854164123535e-07, 1.3205863069742918e-08, 0.871718168258667, 0.48726916313171387, 0.05173583701252937, -0.4025978147983551, 0.7723996639251709, -0.4912365972995758, -0.2793251872062683, 0.40739116072654724, 0.8694884181022644),
            ["LeftUpperLeg"] = CFrame.new(1.1920928955078125e-07, 2.421438694000244e-08, 4.470348358154297e-08, 0.9706782102584839, -0.17225974798202515, -0.1676623523235321, 0.23600409924983978, 0.8154382705688477, 0.5285470485687256, 0.04567113518714905, -0.5526183247566223, 0.8321822881698608),
            ["RightLowerLeg"] = CFrame.new(-1.816079020500183e-08, -0.000003635883331298828, -0.000013252887583803385, 1, -1.6018744020129816e-07, -1.713634105726669e-07, 2.048908953611317e-07, 0.6678181290626526, 0.7443245053291321, -1.8626444386882213e-07, -0.7443245053291321, 0.6678181886672974),
            ["RightFoot"] = CFrame.new(-7.450580596923828e-09, 3.5762786865234375e-07, 3.324385033920407e-08, 0.955512285232544, -0.29279160499572754, 0.03562956303358078, 0.2717367112636566, 0.8268866539001465, -0.49235934019088745, 0.11469708383083344, 0.4801371395587921, 0.8696625232696533),
            ["LeftLowerLeg"] = CFrame.new(4.470348358154297e-08, 0.000004351139068603516, 0.000013232231140136719, 1, -6.705523247774181e-08, 0, 6.33299421792799e-08, 0.9999845623970032, 0.005569577217102051, -5.960465188081798e-08, -0.005569875705987215, 0.9999845623970032),
        }},
        {Time = 0.100, Data = {
            ["LeftFoot"] = CFrame.new(7.450580596923828e-08, -5.960464477539063e-08, 5.960464477539063e-08, 0.9276921153068542, 0.36140063405036926, -0.09368523955345154, -0.3729889392852783, 0.8861781358718872, -0.27489542961120605, -0.016325563192367554, 0.2899620234966278, 0.9568989276885986),
            ["LeftLowerArm"] = CFrame.new(-8.940696716308594e-08, -5.364418029785156e-07, -6.705522537231445e-08, 1, -8.102507109697399e-08, 9.685753354915505e-08, 8.195641498787154e-08, -0.17915990948677063, -0.9838199615478516, 1.0430816388407038e-07, 0.9838200211524963, -0.17915982007980347),
            ["LowerTorso"] = CFrame.new(0.08987146615982056, -0.3438222408294678, -0.0865793526172638, -0.9021241664886475, 0.1047370508313179, 0.41857168078422546, 0.19617921113967896, 0.9635862708091736, 0.18170084059238434, -0.384299099445343, 0.24603183567523956, -0.8898216485977173),
            ["Head"] = CFrame.new(-5.21540641784668e-08, -4.76837158203125e-07, -2.9802322387695312e-08, 0.3014507293701172, 0.3844893276691437, -0.8725225925445557, -0.49919334053993225, 0.843296229839325, 0.1991422176361084, 0.8123629689216614, 0.3755258321762085, 0.446146696805954),
            ["RightUpperArm"] = CFrame.new(4.76837158203125e-07, -3.5762786865234375e-07, 8.940696716308594e-08, 0.8849048018455505, 0.19778680801391602, -0.4216918349266052, -0.14440540969371796, 0.9772507548332214, 0.15533198416233063, 0.44282132387161255, -0.0765593871474266, 0.8933354020118713),
            ["UpperTorso"] = CFrame.new(8.475035429000854e-08, -2.384185791015625e-07, -5.21540641784668e-08, 0.9424768090248108, 0.05171826481819153, -0.33024662733078003, -0.012889380566775799, 0.9928465485572815, 0.118700310587883, 0.33402320742607117, -0.10761559009552002, 0.9364013671875),
            ["HumanoidRootPart"] = CFrame.new(0, 0, 0, 1, 0, 0, 0, 1, 0, 0, 0, 1),
            ["RightHand"] = CFrame.new(2.384185791015625e-07, -2.980232238769531e-07, -1.2665987014770508e-07, 0.7990103363990784, -0.3067469596862793, 0.5171933174133301, 0.4297346770763397, 0.8929103016853333, -0.13431119918823242, -0.42060768604278564, 0.329571932554245, 0.8452642560005188),
            ["LeftUpperArm"] = CFrame.new(0, 2.384185791015625e-07, 2.384185791015625e-07, 0.6140542030334473, -0.03153460472822189, -0.7886336445808411, -0.30309316515922546, 0.9131658673286438, -0.272511750459671, 0.7287468314170837, 0.4063664972782135, 0.5511752963066101),
            ["RightLowerArm"] = CFrame.new(-2.980232238769531e-07, -0.0000012516975402832031, 1.341104507446289e-07, 1, -4.097820749393577e-08, 8.940696716308594e-08, 6.332992796842518e-08, -0.30920398235321045, -0.9509957432746887, 1.0058282384761696e-07, 0.9509958028793335, -0.30920395255088806),
            ["LeftHand"] = CFrame.new(-7.35744833946228e-08, -6.556510925292969e-07, -5.327165126800537e-07, 0.5197867155075073, 0.7838932871818542, -0.3396075963973999, -0.8106027245521545, 0.5780622959136963, 0.09363342821598053, 0.26971298456192017, 0.22661736607551575, 0.9358950853347778),
            ["RightUpperLeg"] = CFrame.new(1.7881393432617188e-07, -1.862645149230957e-07, -7.620110409334302e-08, 0.8456136584281921, 0.5272496342658997, 0.08334071934223175, -0.41594043374061584, 0.748687744140625, -0.516197681427002, -0.3345610499382019, 0.40183910727500916, 0.8524050712585449),
            ["LeftUpperLeg"] = CFrame.new(8.940696716308594e-08, -2.9802322387695312e-08, -2.9802322387695312e-08, 0.9794139862060547, -0.14118213951587677, -0.1442779004573822, 0.19896268844604492, 0.7958667874336243, 0.571847677230835, 0.034091509878635406, -0.588781476020813, 0.8075730204582214),
            ["RightLowerLeg"] = CFrame.new(-5.029141902923584e-08, -0.000003516674041748047, -0.000013329256034921855, 1, -1.9744031476420787e-07, -2.0489101970611046e-08, 2.011657045386528e-07, 0.6400688886642456, 0.7683172225952148, -4.4703490686970326e-08, -0.7683175802230835, 0.640069305896759),
            ["RightFoot"] = CFrame.new(-7.450580596923828e-09, 2.980232238769531e-07, 1.7294951248914003e-08, 0.9531686902046204, -0.3003831207752228, 0.035211458802223206, 0.27662017941474915, 0.8187979459762573, -0.5030418634414673, 0.12227386981248856, 0.489223837852478, 0.8635445237159729),
            ["LeftLowerLeg"] = CFrame.new(-5.21540641784668e-08, 0.000003814697265625, 0.000013053417205810547, 1, -1.1175874448099421e-08, 1.4901166522918174e-08, -1.0989604959377175e-07, 0.9999845623970032, 0.005568778142333031, 4.470347647611561e-08, -0.0055689625442028046, 0.9999845623970032),
        }},
        {Time = 0.133, Data = {
            ["LeftFoot"] = CFrame.new(2.9802322387695312e-08, -5.960464477539063e-08, 1.1920928955078125e-07, 0.9368185997009277, 0.3361702561378479, -0.09675075113773346, -0.3494444191455841, 0.8865804076194763, -0.30309033393859863, -0.01611270196735859, 0.317749559879303, 0.9480377435684204),
            ["LeftLowerArm"] = CFrame.new(2.086162567138672e-07, -6.556510925292969e-07, -1.4901161193847656e-08, 1, -8.568166975919667e-08, 9.313223614526578e-08, 8.568167686462402e-08, -0.12237197160720825, -0.9924842715263367, 1.043081283569336e-07, 0.9924843311309814, -0.12237200886011124),
            ["LowerTorso"] = CFrame.new(0.13651791214942932, -0.3630983829498291, -0.09080606698989868, -0.8741093277931213, 0.10046204924583435, 0.47522661089897156, 0.20917323231697083, 0.9608649611473083, 0.18161818385124207, -0.4383828639984131, 0.258158802986145, -0.860914945602417),
            ["Head"] = CFrame.new(-1.4901161193847656e-07, -7.152557373046875e-07, 3.725290298461914e-08, 0.33221545815467834, 0.362386018037796, -0.8708095550537109, -0.4877079427242279, 0.8562427163124084, 0.17026261985301971, 0.8073252439498901, 0.36813682317733765, 0.46119558811187744),
            ["RightUpperArm"] = CFrame.new(2.384185791015625e-07, -3.5762786865234375e-07, -1.1920928955078125e-07, 0.8974766135215759, 0.2450796514749527, -0.3667040765285492, -0.20674701035022736, 0.9681718945503235, 0.14106380939483643, 0.3896044194698334, -0.05078649893403053, 0.9195810556411743),
            ["UpperTorso"] = CFrame.new(8.195638656616211e-08, 8.940696716308594e-08, 1.210719347000122e-08, 0.939121425151825, 0.08078552782535553, -0.33395329117774963, -0.04411724582314491, 0.9922720789909363, 0.11597355455160141, 0.3407415449619293, -0.09418009221553802, 0.9354279041290283),
            ["HumanoidRootPart"] = CFrame.new(0, 0, 0, 1, 0, 0, 0, 1, 0, 0, 0, 1),
            ["RightHand"] = CFrame.new(4.470348358154297e-08, -2.980232238769531e-07, -5.029141902923584e-07, 0.8533217310905457, -0.17478719353675842, 0.49121448397636414, 0.3052574098110199, 0.9312630891799927, -0.19891493022441864, -0.42268210649490356, 0.3196852207183838, 0.848021924495697),
            ["LeftUpperArm"] = CFrame.new(-3.5762786865234375e-07, 2.384185791015625e-07, 5.960464477539063e-08, 0.5764681100845337, -0.019005272537469864, -0.8168986439704895, -0.2561519742012024, 0.9451343417167664, -0.20274974405765533, 0.7759321331977844, 0.3261289596557617, 0.5399715304374695),
            ["RightLowerArm"] = CFrame.new(-1.7881393432617188e-07, 1.7881393432617188e-07, 1.341104507446289e-07, 1, -9.730136696362024e-08, 1.0989606380462646e-07, 7.450579175838357e-08, -0.25160345435142517, -0.9678304195404053, 1.0803339023368608e-07, 0.9678304195404053, -0.25160345435142517),
            ["LeftHand"] = CFrame.new(-3.725290298461914e-08, -4.172325134277344e-07, 1.0803341865539551e-07, 0.5198246240615845, 0.7838742733001709, -0.3395935297012329, -0.810571014881134, 0.5781029462814331, 0.09365706890821457, 0.26973533630371094, 0.22657930850982666, 0.9358978271484375),
            ["RightUpperLeg"] = CFrame.new(1.7881393432617188e-07, -1.862645149230957e-09, 1.3241515262052417e-07, 0.8212118744850159, 0.5591802000999451, 0.11370337009429932, -0.4221721887588501, 0.7294435501098633, -0.5382222533226013, -0.3839033842086792, 0.39399200677871704, 0.8350978493690491),
            ["LeftUpperLeg"] = CFrame.new(1.4901161193847656e-07, 3.725290298461914e-09, 5.21540641784668e-08, 0.987361490726471, -0.12784530222415924, -0.09366357326507568, 0.15841102600097656, 0.7781414985656738, 0.6077844500541687, -0.004818879067897797, -0.6149401068687439, 0.7885589599609375),
            ["RightLowerLeg"] = CFrame.new(5.681067705154419e-08, -0.0000036954879760742188, -0.000013312492228578776, 1, -1.043080928297968e-07, 3.7252920748187535e-09, 1.3783575525394554e-07, 0.6191548109054565, 0.7852684855461121, -2.2351745343485163e-08, -0.785269021987915, 0.6191554665565491),
            ["RightFoot"] = CFrame.new(-7.450580596923828e-09, 2.980232238769531e-07, -2.9038346838206053e-08, 0.950654149055481, -0.3082776963710785, 0.034950725734233856, 0.2822052836418152, 0.8124035596847534, -0.5102548599243164, 0.12890608608722687, 0.4949398636817932, 0.8593127727508545),
            ["LeftLowerLeg"] = CFrame.new(-1.4901161193847656e-08, 0.000003933906555175781, 0.000013187527656555176, 1, -5.960465188081798e-08, 4.470347647611561e-08, -1.1920927533992653e-07, 0.9999845623970032, 0.005574013572186232, 2.9802318834981634e-08, -0.005573958624154329, 0.9999844431877136),
        }},
        {Time = 0.167, Data = {
            ["LeftFoot"] = CFrame.new(-7.450580596923828e-09, -1.1920928955078125e-07, 1.4901161193847656e-07, 0.9467831254005432, 0.30744418501853943, -0.09528855234384537, -0.3214791417121887, 0.8886088132858276, -0.3271472752094269, -0.015905382111668587, 0.3403712809085846, 0.9401568174362183),
            ["LeftLowerArm"] = CFrame.new(-1.1920928955078125e-07, -8.940696716308594e-07, -2.682209014892578e-07, 1, -1.303851746570217e-07, 1.1920928955078125e-07, 6.70552182668871e-08, -0.0965505838394165, -0.9953281283378601, 1.0617075929530984e-07, 0.9953281283378601, -0.09655055403709412),
            ["LowerTorso"] = CFrame.new(0.18122375011444092, -0.3757188320159912, -0.09537380933761597, -0.8474060893058777, 0.08887188136577606, 0.5234546661376953, 0.21382930874824524, 0.9595285058021545, 0.1832539588212967, -0.48598355054855347, 0.2672205865383148, -0.8321137428283691),
            ["Head"] = CFrame.new(-2.9802322387695312e-08, -0.0000010728836059570312, 5.960464477539063e-08, 0.3614780604839325, 0.34007325768470764, -0.8681496977806091, -0.47871577739715576, 0.8667066693305969, 0.14018145203590393, 0.8001030683517456, 0.3649243414402008, 0.4760938584804535),
            ["RightUpperArm"] = CFrame.new(0, -5.960464477539062e-07, 1.043081283569336e-07, 0.8996426463127136, 0.28392836451530457, -0.3317045271396637, -0.2601451575756073, 0.9586910009384155, 0.115047886967659, 0.35066744685173035, -0.01721065863966942, 0.9363419413566589),
            ["UpperTorso"] = CFrame.new(1.210719347000122e-08, -2.384185791015625e-07, 3.818422555923462e-08, 0.9372119307518005, 0.09572619199752808, -0.33536583185195923, -0.06201224401593208, 0.9920109510421753, 0.10985847562551498, 0.34320297837257385, -0.08216385543346405, 0.9356607794761658),
            ["HumanoidRootPart"] = CFrame.new(0, 0, 0, 1, 0, 0, 0, 1, 0, 0, 0, 1),
            ["RightHand"] = CFrame.new(1.0058283805847168e-07, -2.980232238769531e-07, -2.1606683731079102e-07, 0.9292407631874084, -0.060366492718458176, 0.3645099401473999, 0.15749645233154297, 0.9571579694747925, -0.2429889589548111, -0.3342251181602478, 0.28320422768592834, 0.8989376425743103),
            ["LeftUpperArm"] = CFrame.new(-3.5762786865234375e-07, 2.384185791015625e-07, 1.1920928955078125e-07, 0.5722768902778625, 0.007952205836772919, -0.82002192735672, -0.20047898590564728, 0.9709683060646057, -0.13049423694610596, 0.7951776385307312, 0.23907601833343506, 0.5572569370269775),
            ["RightLowerArm"] = CFrame.new(5.960464477539063e-08, -8.940696716308594e-07, 4.470348358154297e-08, 1, -7.534982415791092e-08, 9.40636013524454e-08, 7.916242594774303e-08, -0.16643285751342773, -0.9860528707504272, 1.0582154175153846e-07, 0.9860528111457825, -0.16643288731575012),
            ["LeftHand"] = CFrame.new(1.4901161193847656e-07, -4.76837158203125e-07, 9.313225746154785e-08, 0.5198426246643066, 0.7838630080223083, -0.3395918309688568, -0.8105522394180298, 0.5781260132789612, 0.09367730468511581, 0.2697570025920868, 0.22655946016311646, 0.9358963966369629),
            ["RightUpperLeg"] = CFrame.new(5.960464477539063e-08, -6.407499313354492e-07, 2.8107024263590574e-08, 0.7986213564872742, 0.584255039691925, 0.14439594745635986, -0.42282065749168396, 0.7154253125190735, -0.5562276840209961, -0.42828336358070374, 0.3831614851951599, 0.8183890581130981),
            ["LeftUpperLeg"] = CFrame.new(8.940696716308594e-08, -2.9802322387695312e-08, -4.470348358154297e-08, 0.9915372133255005, -0.126303568482399, -0.030024472624063492, 0.11665812879800797, 0.7653542757034302, 0.6329483985900879, -0.05696406215429306, -0.6310945153236389, 0.7736116051673889),
            ["RightLowerLeg"] = CFrame.new(-2.6640918804332614e-08, -0.0000034570693969726562, -0.00001323218020843342, 1, -2.0116557664096035e-07, -1.6577551775753818e-07, 1.2293456563838845e-07, 0.6058009266853333, 0.7956158518791199, -1.0430811414607888e-07, -0.7956162691116333, 0.605801522731781),
            ["RightFoot"] = CFrame.new(2.9802322387695312e-08, 3.5762786865234375e-07, -4.0214217733591795e-08, 0.9474305510520935, -0.31809189915657043, 0.03454510495066643, 0.2900198698043823, 0.8081482648849487, -0.5126248002052307, 0.13514426350593567, 0.4956953525543213, 0.8579174876213074),
            ["LeftLowerLeg"] = CFrame.new(7.450580596923828e-08, 0.000003933906555175781, 0.000013336539268493652, 1, -2.980232594040899e-08, -2.980232949312267e-08, -7.450580596923828e-08, 0.9999845027923584, 0.005581104662269354, -4.470348358154297e-08, -0.005581252742558718, 0.9999844431877136),
        }},
        {Time = 0.200, Data = {
            ["LeftFoot"] = CFrame.new(-2.9802322387695312e-08, -5.960464477539063e-08, 1.7881393432617188e-07, 0.9556655883789062, 0.2807789742946625, -0.08869467675685883, -0.29403167963027954, 0.8938332796096802, -0.3385365903377533, -0.015775984153151512, 0.34960731863975525, 0.9367637038230896),
            ["LeftLowerArm"] = CFrame.new(5.662441253662109e-07, -3.5762786865234375e-07, -2.8312206268310547e-07, 1, -1.136213683139431e-07, 8.568167686462402e-08, 8.754432911928234e-08, -0.08668073266744614, -0.9962361454963684, 5.308539385850963e-08, 0.9962361454963684, -0.08668071031570435),
            ["LowerTorso"] = CFrame.new(0.22405555844306946, -0.38024473190307617, -0.10002623498439789, -0.8230090737342834, 0.07010015100240707, 0.5636860132217407, 0.21013595163822174, 0.9595277905464172, 0.1874815672636032, -0.5277299284934998, 0.2727498412132263, -0.8044306635856628),
            ["Head"] = CFrame.new(-2.9802322387695312e-08, -5.960464477539062e-07, 1.4901161193847656e-07, 0.38671883940696716, 0.3161677122116089, -0.8663063049316406, -0.47157973051071167, 0.8750787973403931, 0.10885623842477798, 0.7925031185150146, 0.366435706615448, 0.487507700920105),
            ["RightUpperArm"] = CFrame.new(1.1920928955078125e-07, 2.384185791015625e-07, 1.4901161193847656e-08, 0.8956628441810608, 0.3107864558696747, -0.31811925768852234, -0.29738590121269226, 0.950391948223114, 0.09119675308465958, 0.3306806981563568, 0.012922617606818676, 0.9436542987823486),
            ["UpperTorso"] = CFrame.new(1.6763806343078613e-08, 2.086162567138672e-07, -7.962808012962341e-08, 0.937309980392456, 0.09492523223161697, -0.3353196978569031, -0.0654032975435257, 0.9930064678192139, 0.0982888713479042, 0.3423048257827759, -0.07019609212875366, 0.9369632005691528),
            ["HumanoidRootPart"] = CFrame.new(0, 0, 0, 1, 0, 0, 0, 1, 0, 0, 0, 1),
            ["RightHand"] = CFrame.new(4.470348358154297e-08, 0, -1.7974525690078735e-07, 0.983311116695404, 0.05092268064618111, 0.17465996742248535, -0.010148168541491032, 0.9738868474960327, -0.2268071323633194, -0.18164865672588348, 0.22124947607517242, 0.9581505656242371),
            ["LeftUpperArm"] = CFrame.new(-2.384185791015625e-07, 5.960464477539062e-07, 2.384185791015625e-07, 0.6020424962043762, 0.04776858165860176, -0.797033965587616, -0.15680716931819916, 0.9858437776565552, -0.05936039611697197, 0.7829152941703796, 0.16071809828281403, 0.601010262966156),
            ["RightLowerArm"] = CFrame.new(0, -4.172325134277344e-07, 2.9802322387695312e-08, 1, -8.987264266124839e-08, 9.12696123123169e-08, 8.568168397005138e-08, -0.09265374392271042, -0.9956983923912048, 9.499491682163352e-08, 0.9956983923912048, -0.09265374392271042),
            ["LeftHand"] = CFrame.new(-5.21540641784668e-08, -4.76837158203125e-07, -5.4016709327697754e-08, 0.5198532938957214, 0.7838519811630249, -0.3396005928516388, -0.8105388283729553, 0.5781428813934326, 0.09369014203548431, 0.2697768807411194, 0.226554274559021, 0.93589186668396),
            ["RightUpperLeg"] = CFrame.new(1.7881393432617188e-07, -2.0954757928848267e-07, 5.75528247281909e-09, 0.7787021994590759, 0.6021686792373657, 0.1761147528886795, -0.4185391664505005, 0.7077083587646484, -0.569186806678772, -0.4673839807510376, 0.3695157468318939, 0.8031250834465027),
            ["LeftUpperLeg"] = CFrame.new(8.940696716308594e-08, 4.0978193283081055e-08, -1.4901161193847656e-08, 0.991104781627655, -0.12808921933174133, 0.036121245473623276, 0.07499637454748154, 0.7617632150650024, 0.6434997916221619, -0.10994064807891846, -0.6350668668746948, 0.7645936608314514),
            ["RightLowerLeg"] = CFrame.new(8.381903171539307e-09, -0.000003874301910400391, -0.000013228207535576075, 1, -1.1175869474300271e-07, -1.0617082324415605e-07, 2.1606680888908159e-07, 0.6035470366477966, 0.7973269820213318, -8.195637946073475e-08, -0.7973273992538452, 0.6035475730895996),
            ["RightFoot"] = CFrame.new(-8.195638656616211e-08, 4.172325134277344e-07, 4.0810846257954836e-08, 0.9432929754257202, -0.3302479386329651, 0.03368794173002243, 0.3007519841194153, 0.8072383403778076, -0.5078522562980652, 0.14052283763885498, 0.48918572068214417, 0.8607852458953857),
            ["LeftLowerLeg"] = CFrame.new(-7.450580596923828e-08, 0.000003874301910400391, 0.000013202428817749023, 1, 1.4901164746561335e-08, -7.4505820180093e-08, -8.940698137394065e-08, 0.9999843835830688, 0.00558591028675437, 0, -0.0055863275192677975, 0.9999844431877136),
        }},
        {Time = 0.233, Data = {
            ["LeftFoot"] = CFrame.new(-8.195638656616211e-08, 1.1920928955078125e-07, 0, 0.9629744291305542, 0.25722527503967285, -0.08072008937597275, -0.26913562417030334, 0.8998074531555176, -0.343382865190506, -0.015693994238972664, 0.3523944318294525, 0.9357203841209412),
            ["LeftLowerArm"] = CFrame.new(8.940696716308594e-08, 0, -1.5832483768463135e-07, 1, -9.313227167240257e-08, 1.0896474123001099e-07, 9.080397234129123e-08, -0.0734877660870552, -0.9972960948944092, 1.0291116581129245e-07, 0.9972960948944092, -0.0734877735376358),
            ["LowerTorso"] = CFrame.new(0.2650800347328186, -0.37382984161376953, -0.1045069620013237, -0.8013856410980225, 0.045514851808547974, 0.5964139699935913, 0.19929945468902588, 0.9604427218437195, 0.1944979429244995, -0.5639688968658447, 0.2747328281402588, -0.7787561416625977),
            ["Head"] = CFrame.new(-1.1920928955078125e-07, -3.5762786865234375e-07, -2.9802322387695312e-08, 0.4089331030845642, 0.29328006505966187, -0.8641530275344849, -0.46470218896865845, 0.8819002509117126, 0.07939749211072922, 0.7853823900222778, 0.36910560727119446, 0.4969261586666107),
            ["RightUpperArm"] = CFrame.new(-5.960464477539063e-08, 0, -1.7881393432617188e-07, 0.8840771317481995, 0.32798001170158386, -0.33292174339294434, -0.32252582907676697, 0.9437227249145508, 0.07324397563934326, 0.33820828795433044, 0.04262249171733856, 0.9401055574417114),
            ["UpperTorso"] = CFrame.new(-1.909211277961731e-08, 5.960464477539063e-08, 3.4458935260772705e-08, 0.9383745193481445, 0.08113591372966766, -0.33596187829971313, -0.057441726326942444, 0.9951472282409668, 0.07989098876714706, 0.3408135175704956, -0.05566943436861038, 0.938481330871582),
            ["HumanoidRootPart"] = CFrame.new(0, 0, 0, 1, 0, 0, 0, 1, 0, 0, 0, 1),
            ["RightHand"] = CFrame.new(-2.9802322387695312e-08, -1.7881393432617188e-07, -2.942979335784912e-07, 0.9890242218971252, 0.14454784989356995, -0.030612392351031303, -0.1475323885679245, 0.9774531722068787, -0.15106156468391418, 0.008086544461548328, 0.15391987562179565, 0.9880502820014954),
            ["LeftUpperArm"] = CFrame.new(-2.384185791015625e-07, 0, 5.960464477539063e-08, 0.6559275388717651, 0.09889285266399384, -0.7483176589012146, -0.13913704454898834, 0.9902331829071045, 0.008904154412448406, 0.7418895959854126, 0.09827818721532822, 0.6632807850837708),
            ["RightLowerArm"] = CFrame.new(-5.960464477539063e-08, 2.980232238769531e-07, -1.4901161193847656e-08, 1, -7.63684582238966e-08, 9.313227167240257e-08, 9.313227877782992e-08, -0.06400348246097565, -0.9979497194290161, 9.126963362859897e-08, 0.9979497194290161, -0.06400348991155624),
            ["LeftHand"] = CFrame.new(2.9802322387695312e-08, -3.5762786865234375e-07, 1.4761462807655334e-07, 0.5198641419410706, 0.7838367819786072, -0.3396192193031311, -0.8105244040489197, 0.5781616568565369, 0.09369833767414093, 0.26979899406433105, 0.22655931115150452, 0.9358842968940735),
            ["RightUpperLeg"] = CFrame.new(-2.086162567138672e-07, 8.800998330116272e-08, 8.026108844205737e-08, 0.763269305229187, 0.6104148030281067, 0.2116922289133072, -0.408382773399353, 0.709722638130188, -0.574036180973053, -0.500643253326416, 0.3516924977302551, 0.7909924387931824),
            ["LeftUpperLeg"] = CFrame.new(5.960464477539063e-08, 1.862645149230957e-07, 8.940696716308594e-08, 0.9860484004020691, -0.1282365918159485, 0.10613205283880234, 0.030738595873117447, 0.7668975591659546, 0.641032874584198, -0.16359642148017883, -0.6288271546363831, 0.760140061378479),
            ["RightLowerLeg"] = CFrame.new(5.8673322200775146e-08, -0.000003814697265625, -0.000013284552551340312, 1, -1.8626454334480513e-07, -1.1548407030659291e-07, 1.4901162614933128e-07, 0.617621898651123, 0.7864749431610107, -9.685756197086448e-08, -0.7864753007888794, 0.6176221966743469),
            ["RightFoot"] = CFrame.new(-4.470348358154297e-08, 3.5762786865234375e-07, 2.6841007638722658e-08, 0.9390949606895447, -0.3421298563480377, 0.03237349912524223, 0.3125723600387573, 0.8112001419067383, -0.494219034910202, 0.14282605051994324, 0.4742378294467926, 0.8687345385551453),
            ["LeftLowerLeg"] = CFrame.new(-7.450580596923828e-08, 0.0000040531158447265625, 0.000013262033462524414, 1, -1.4901155864777138e-08, 1.4901161193847656e-08, -2.9802315282267955e-08, 0.9999843835830688, 0.0055855512619018555, -4.470347292340193e-08, -0.005585586652159691, 0.9999844431877136),
        }},
        {Time = 0.267, Data = {
            ["LeftFoot"] = CFrame.new(3.3527612686157227e-08, 0, 2.9802322387695312e-08, 0.9677937626838684, 0.2406342774629593, -0.07396232336759567, -0.2512568235397339, 0.9050155878067017, -0.3432442545890808, -0.015659237280488014, 0.3507733941078186, 0.9363296031951904),
            ["LeftLowerArm"] = CFrame.new(6.258487701416016e-07, -7.152557373046875e-07, -3.2782554626464844e-07, 1, -6.053599577171553e-08, 9.033830394855613e-08, 8.754436464641913e-08, -0.037535835057497025, -0.9992952942848206, 9.126965494488104e-08, 0.9992953538894653, -0.03753583878278732),
            ["LowerTorso"] = CFrame.new(0.3043636381626129, -0.3571338653564453, -0.10855966061353683, -0.7829505801200867, 0.015941202640533447, 0.6218796968460083, 0.18164430558681488, 0.9619647860527039, 0.20403240621089935, -0.5949738621711731, 0.2727081775665283, -0.7560663819313049),
            ["Head"] = CFrame.new(-7.450580596923828e-09, -2.384185791015625e-07, 1.1920928955078125e-07, 0.4285961389541626, 0.27408766746520996, -0.8609188795089722, -0.4559013545513153, 0.8882773518562317, 0.05583371967077255, 0.780038058757782, 0.36856386065483093, 0.5056692957878113),
            ["RightUpperArm"] = CFrame.new(2.384185791015625e-07, 0, 2.9802322387695312e-08, 0.8651592135429382, 0.32658204436302185, -0.3805835247039795, -0.33064067363739014, 0.9420487284660339, 0.05675341933965683, 0.3770628869533539, 0.07673559337854385, 0.9230033755302429),
            ["UpperTorso"] = CFrame.new(6.679329089820385e-08, -8.940696716308594e-08, 6.9267116487026215e-09, 0.9395459294319153, 0.05726643279194832, -0.3376004695892334, -0.04138911888003349, 0.9976802468299866, 0.05404802784323692, 0.33991241455078125, -0.03680764511227608, 0.9397366046905518),
            ["HumanoidRootPart"] = CFrame.new(0, 0, 0, 1, 0, 0, 0, 1, 0, 0, 0, 1),
            ["RightHand"] = CFrame.new(-7.450580596923828e-09, -2.384185791015625e-07, -4.507601261138916e-07, 0.9569140672683716, 0.21128131449222565, -0.19918790459632874, -0.22672139108181, 0.9722357988357544, -0.057923126965761185, 0.18141953647136688, 0.10058759897947311, 0.9782480597496033),
            ["LeftUpperArm"] = CFrame.new(-2.384185791015625e-07, 7.152557373046875e-07, 1.7881393432617188e-07, 0.7186172008514404, 0.14748549461364746, -0.6795861124992371, -0.13744507730007172, 0.9880962371826172, 0.06910009682178497, 0.6816877722740173, 0.04374922066926956, 0.7303341031074524),
            ["RightLowerArm"] = CFrame.new(5.960464477539063e-08, -5.364418029785156e-07, 8.940696716308594e-08, 1, -9.778890586176203e-08, 1.005828522693264e-07, 9.313227877782992e-08, -0.0537707582116127, -0.9985533356666565, 9.313227877782992e-08, 0.9985533952713013, -0.05377074331045151),
            ["LeftHand"] = CFrame.new(-1.7974525690078735e-07, -3.5762786865234375e-07, -3.9249425753951073e-07, 0.519853949546814, 0.7838152647018433, -0.3396844267845154, -0.8105059266090393, 0.578180730342865, 0.09374043345451355, 0.2698742151260376, 0.2265850156545639, 0.9358564019203186),
            ["RightUpperLeg"] = CFrame.new(2.384185791015625e-07, -2.598389983177185e-07, 2.029992174357176e-09, 0.7543433308601379, 0.6065404415130615, 0.25114715099334717, -0.39152792096138, 0.7227495312690735, -0.5695074200630188, -0.526945948600769, 0.3312731683254242, 0.78267902135849),
