return {
    ["Free Flow"] = {
        {Time = 0.000, Data = {
            ["RightFoot"] = CFrame.new(-5.21540641784668e-08, 1.7881393432617188e-07, 8.318602340295911e-08, 0.9185349345207214, 0.3265467882156372, 0.2228458970785141, -0.3897276222705841, 0.8425740599632263, 0.37172845005989075, -0.0663774237036705, -0.42829450964927673, 0.9011978507041931),
            ["LeftLowerArm"] = CFrame.new(7.748603820800781e-07, 7.748603820800781e-07, 1.1175870895385742e-07, 1, -3.7252917195473856e-08, 1.6763808119435453e-08, 4.563482391972684e-08, 0.8061229586601257, -0.5917482376098633, 1.3038520485508798e-08, 0.5917481184005737, 0.8061229586601257),
            ["RightUpperArm"] = CFrame.new(0, 3.5762786865234375e-07, -4.6566128730773926e-08, 0.9111074209213257, -0.32310613989830017, -0.2559017241001129, 0.23291701078414917, 0.9158411622047424, -0.327085018157959, 0.34004855155944824, 0.2384057641029358, 0.9096865653991699),
            ["Head"] = CFrame.new(6.51925802230835e-08, 0, -8.940696716308594e-08, 0.8718158006668091, -0.03723311796784401, -0.48841676115989685, -0.14239861071109772, 0.9347791075706482, -0.3254394233226776, 0.46867889165878296, 0.3532731533050537, 0.8096532225608826),
            ["RightHand"] = CFrame.new(-1.043081283569336e-07, 4.76837158203125e-07, 1.1920928955078125e-07, 0.8931599855422974, -0.42117416858673096, -0.15772651135921478, 0.4497390389442444, 0.8361354470252991, 0.3140260577201843, -0.00037895137211307883, -0.3514113128185272, 0.9362211227416992),
            ["UpperTorso"] = CFrame.new(-5.029141902923584e-08, -3.8743019104003906e-07, 2.60770320892334e-08, 0.9770303964614868, 0.013418219983577728, -0.21267713606357574, 0.0777173861861229, 0.9068412780761719, 0.4142451882362366, 0.19842281937599182, -0.4212588667869568, 0.8849685788154602),
            ["HumanoidRootPart"] = CFrame.new(0, 0, 0, 1, 0, 0, 0, 1, 0, 0, 0, 1),
            ["RightUpperLeg"] = CFrame.new(0, -1.7415732145309448e-07, 3.9282895158976316e-08, 0.8811187148094177, -0.3935871124267578, -0.26214346289634705, 0.32218846678733826, 0.905409574508667, -0.276456743478775, 0.3461567163467407, 0.15913140773773193, 0.924582302570343),
            ["LeftUpperArm"] = CFrame.new(5.960464477539063e-08, 3.5762786865234375e-07, 2.9802322387695312e-08, 0.8756842017173767, 0.17084921896457672, 0.4516499936580658, -0.2003687620162964, 0.9795562624931335, 0.017941635102033615, -0.43935132026672363, -0.1062077209353447, 0.8920148015022278),
            ["RightLowerArm"] = CFrame.new(-4.470348358154297e-07, -4.76837158203125e-07, 3.129243850708008e-07, 1, -7.450580596923828e-08, 6.705518273975031e-08, 1.0430807861894209e-07, -0.26790520548820496, -0.963445246219635, 1.1175865211043856e-07, 0.963445246219635, -0.26790526509284973),
            ["LeftHand"] = CFrame.new(-8.195638656616211e-08, 2.980232238769531e-07, 1.341104507446289e-07, 0.7868965268135071, 0.0721089243888855, -0.6128574013710022, -0.0404571034014225, 0.9970409274101257, 0.06536592543125153, 0.6157572865486145, -0.026641787961125374, 0.7874852418899536),
            ["LeftFoot"] = CFrame.new(6.05359673500061e-08, 1.1920928955078125e-07, -5.587935447692871e-09, 0.940558135509491, -0.21241536736488342, -0.2650100588798523, 0.1760493963956833, 0.9721932411193848, -0.154424250125885, 0.29044294357299805, 0.0985899493098259, 0.9517998099327087),
            ["LowerTorso"] = CFrame.new(-0.21753941476345062, -0.24734020233154297, 0.09584137797355652, 0.9784685373306274, -0.17527934908866882, 0.10897979140281677, 0.1934877634048462, 0.9627826809883118, -0.18871185183525085, -0.07184656709432602, 0.20573486387729645, 0.9759668111801147),
            ["RightLowerLeg"] = CFrame.new(7.450580596923828e-08, -0.0000033974647521972656, -0.000013275239325594157, 1, -7.07805440924858e-08, -9.359794006513766e-08, 1.043081283569336e-07, 0.8519296050071716, 0.5236565470695496, 0, -0.5236564874649048, 0.8519295454025269),
            ["LeftUpperLeg"] = CFrame.new(-5.960464477539063e-08, 2.1979212760925293e-07, -9.685754776000977e-08, 0.891839325428009, 0.17968329787254333, -0.4151346683502197, -0.39597460627555847, 0.7537855505943298, -0.5244156122207642, 0.21869371831417084, 0.6320770382881165, 0.7434054017066956),
            ["LeftLowerLeg"] = CFrame.new(-4.470348358154297e-08, 0.0000037550926208496094, 0.000013530254364013672, 1, 8.568165554834195e-08, 6.705518273975031e-08, -8.568167686462402e-08, 0.38812869787216187, 0.9216054677963257, 4.842877388000488e-08, -0.9216051697731018, 0.3881281316280365),
        }},
        {Time = 0.033, Data = {
            ["RightFoot"] = CFrame.new(-7.450580596923828e-09, 2.980232238769531e-07, -8.026108844205737e-08, 0.9216323494911194, 0.2536233365535736, 0.29371577501296997, -0.34407123923301697, 0.8840901255607605, 0.31622809171676636, -0.1794685274362564, -0.3925047516822815, 0.9020703434944153),
            ["LeftLowerArm"] = CFrame.new(4.76837158203125e-07, 8.940696716308594e-07, 6.426125764846802e-08, 1, -5.774201383701438e-08, 1.5832487321176814e-08, 5.4948056771308984e-08, 0.7561517953872681, -0.6543962955474854, 2.7008367098346753e-08, 0.6543963551521301, 0.7561519145965576),
            ["RightUpperArm"] = CFrame.new(-1.7881393432617188e-07, 9.5367431640625e-07, 3.166496753692627e-08, 0.813174843788147, -0.42573288083076477, -0.3968604803085327, 0.27525702118873596, 0.8821017742156982, -0.3822695016860962, 0.5128159523010254, 0.20161335170269012, 0.8344890475273132),
            ["Head"] = CFrame.new(-2.0116567611694336e-07, 0, -2.9802322387695312e-08, 0.7870663404464722, -0.011934923008084297, -0.6167529821395874, -0.21703919768333435, 0.9305270910263062, -0.29498031735420227, 0.5774258971214294, 0.36602869629859924, 0.7297961711883545),
            ["RightHand"] = CFrame.new(1.1920928955078125e-07, 8.344650268554688e-07, 2.7939677238464355e-07, 0.7832463979721069, -0.37315598130226135, -0.49727219343185425, 0.4401906728744507, 0.8976880311965942, 0.019707823172211647, 0.43904122710227966, -0.23433074355125427, 0.8673707246780396),
            ["UpperTorso"] = CFrame.new(-1.7695128917694092e-08, -5.364418029785156e-07, 0, 0.9868170619010925, 0.05438152328133583, -0.1524296998977661, 0.010794159956276417, 0.9176414608955383, 0.39726290106773376, 0.16147957742214203, -0.3936711251735687, 0.904957115650177),
            ["HumanoidRootPart"] = CFrame.new(0, 0, 0, 1, 0, 0, 0, 1, 0, 0, 0, 1),
            ["RightUpperLeg"] = CFrame.new(-8.940696716308594e-08, -4.284083843231201e-08, 6.16346369497478e-08, 0.8920966982841492, -0.13908018171787262, -0.4299071431159973, 0.149662584066391, 0.9886934161186218, -0.00929045956581831, 0.4263385236263275, -0.056053053587675095, 0.9028252959251404),
            ["LeftUpperArm"] = CFrame.new(-3.5762786865234375e-07, 4.76837158203125e-07, 1.1920928955078125e-07, 0.9129727482795715, 0.21593905985355377, 0.34619536995887756, -0.24151647090911865, 0.9698702692985535, 0.03196193650364876, -0.3288628160953522, -0.11279229819774628, 0.937617838382721),
            ["RightLowerArm"] = CFrame.new(-5.364418029785156e-07, -7.152557373046875e-07, 2.980232238769531e-07, 1, -1.0430816388407038e-07, 1.1175869119028903e-08, 1.0617075929530984e-07, 0.04465748742222786, -0.9990023374557495, 1.0430811414607888e-07, 0.9990023970603943, 0.044657494872808456),
            ["LeftHand"] = CFrame.new(-2.7939677238464355e-07, 1.1920928955078125e-07, -5.960464477539063e-08, 0.6637004017829895, 0.13533778488636017, -0.7356530427932739, -0.062068115919828415, 0.990068256855011, 0.12614506483078003, 0.7454188466072083, -0.0380619540810585, 0.6655088663101196),
            ["LeftFoot"] = CFrame.new(-3.259629011154175e-08, 5.960464477539063e-08, 3.725290298461914e-08, 0.9094377756118774, -0.29000571370124817, -0.29802632331848145, 0.22106832265853882, 0.9441940784454346, -0.2441849708557129, 0.35220977663993835, 0.15618698298931122, 0.922796905040741),
            ["LowerTorso"] = CFrame.new(-0.11304566264152527, -0.2554605007171631, 0.06491116434335709, 0.9547665119171143, -0.2887222468852997, 0.07113724946975708, 0.2971373200416565, 0.9355472326278687, -0.19094730913639069, -0.011421522125601768, 0.203447625041008, 0.9790192246437073),
            ["RightLowerLeg"] = CFrame.new(-9.313225746154785e-08, -0.000003814697265625, -0.000013316217518877238, 1, -5.215407838932151e-08, -7.450580596923828e-09, 2.980232949312267e-08, 0.9999842047691345, 0.005623385310173035, -5.215407838932151e-08, -0.00562366982921958, 0.9999842047691345),
            ["LeftUpperLeg"] = CFrame.new(-2.980232238769531e-07, -1.955777406692505e-08, 3.725290298461914e-09, 0.7988017201423645, 0.34183573722839355, -0.49503976106643677, -0.5718851089477539, 0.6868742108345032, -0.4484984874725342, 0.18671728670597076, 0.641367495059967, 0.744167149066925),
            ["LeftLowerLeg"] = CFrame.new(4.470348358154297e-08, 0.0000037550926208496094, 0.000013396143913269043, 1, 1.2852252950779075e-07, 6.332992796842518e-08, -5.215404996761208e-08, 0.3185335397720337, 0.9479116201400757, -3.7252894102834944e-09, -0.9479116201400757, 0.318533331155777),
        }},
        {Time = 0.067, Data = {
            ["RightFoot"] = CFrame.new(6.705522537231445e-08, 2.384185791015625e-07, 3.149762051180005e-08, 0.9258112907409668, 0.16877242922782898, 0.33821481466293335, -0.30032044649124146, 0.8717783689498901, 0.3870548605918884, -0.22952410578727722, -0.4599113464355469, 0.8577874898910522),
            ["LeftLowerArm"] = CFrame.new(-5.960464477539063e-08, 9.5367431640625e-07, -8.195638656616211e-08, 1, -6.612392411398105e-08, 2.6077039194660756e-08, 6.146732545175837e-08, 0.6975706815719604, -0.7165161371231079, 2.3748739863549417e-08, 0.7165160179138184, 0.6975705623626709),
            ["RightUpperArm"] = CFrame.new(-1.7881393432617188e-07, -1.1920928955078125e-07, 1.862645149230957e-09, 0.7526573538780212, -0.44769465923309326, -0.48277992010116577, 0.15552707016468048, 0.8333877325057983, -0.5303547978401184, 0.6397800445556641, 0.32409006357192993, 0.6968839764595032),
            ["Head"] = CFrame.new(-2.2351741790771484e-08, -4.76837158203125e-07, 2.9802322387695312e-08, 0.746479868888855, 0.06589007377624512, -0.6621377468109131, -0.30162838101387024, 0.9204849600791931, -0.24845090508460999, 0.593117356300354, 0.3851831555366516, 0.706997811794281),
            ["RightHand"] = CFrame.new(-5.960464477539063e-08, 6.556510925292969e-07, -4.954636096954346e-07, 0.5998391509056091, -0.20426581799983978, -0.7736075520515442, 0.30746182799339294, 0.9514739513397217, -0.012830624356865883, 0.7386881709098816, -0.23015853762626648, 0.6335351467132568),
            ["UpperTorso"] = CFrame.new(-1.6298145055770874e-08, -7.450580596923828e-07, -7.683411240577698e-09, 0.9909466505050659, 0.1083582416176796, -0.07926731556653976, -0.07017355412244797, 0.9213833808898926, 0.38226738572120667, 0.11445748805999756, -0.37324410676956177, 0.9206456542015076),
            ["HumanoidRootPart"] = CFrame.new(0, 0, 0, 1, 0, 0, 0, 1, 0, 0, 0, 1),
            ["RightUpperLeg"] = CFrame.new(1.1920928955078125e-07, -4.5821070671081543e-07, -2.590968506410718e-08, 0.9043959379196167, 0.02538927271962166, -0.42593833804130554, -0.010924705304205418, 0.999278724193573, 0.03636818006634712, 0.4265543520450592, -0.028238046914339066, 0.9040209650993347),
            ["LeftUpperArm"] = CFrame.new(0, -1.1920928955078125e-07, 1.7881393432617188e-07, 0.9414197206497192, 0.28939202427864075, 0.17315074801445007, -0.2965029180049896, 0.9548956155776978, 0.016138803213834763, -0.1606704592704773, -0.06653306633234024, 0.9847631454467773),
            ["RightLowerArm"] = CFrame.new(-7.152557373046875e-07, 0.0000010132789611816406, 1.6391277313232422e-07, 1, -5.960465188081798e-08, 5.215402865133001e-08, 1.0430807861894209e-07, 0.3690619468688965, -0.9294047951698303, 1.0430807861894209e-07, 0.9294048547744751, 0.3690619170665741),
            ["LeftHand"] = CFrame.new(-2.551823854446411e-07, 1.7881393432617188e-07, 1.1175870895385742e-07, 0.5588083267211914, 0.2299581915140152, -0.796776294708252, -0.043022267520427704, 0.9675304293632507, 0.2490665167570114, 0.8281801342964172, -0.10490132868289948, 0.5505573153495789),
            ["LeftFoot"] = CFrame.new(-2.1420419216156006e-08, 5.960464477539063e-08, 6.705522537231445e-08, 0.8667201995849609, -0.38165178894996643, -0.32115185260772705, 0.26636257767677307, 0.8985046744346619, -0.34891319274902344, 0.42171937227249146, 0.21686719357967377, 0.8804095983505249),
            ["LowerTorso"] = CFrame.new(-0.0017018914222717285, -0.276472806930542, 0.03369234502315521, 0.9165130853652954, -0.3997548520565033, 0.0141425346955657, 0.39404651522636414, 0.8962165713310242, -0.20377275347709656, 0.06878434866666794, 0.1923331916332245, 0.9789161682128906),
            ["RightLowerLeg"] = CFrame.new(1.6763806343078613e-07, -0.000003635883331298828, -0.000013327393389772624, 1, 2.980233659855003e-08, -2.2351745343485163e-08, -2.2351741790771484e-08, 0.9999855756759644, 0.00538806663826108, -1.4901161193847656e-08, -0.005388709716498852, 0.9999855160713196),
            ["LeftUpperLeg"] = CFrame.new(-1.1920928955078125e-07, -1.6429112292826176e-07, -2.200249582529068e-08, 0.6627721786499023, 0.5238402485847473, -0.5350930094718933, -0.7352672219276428, 0.5905947089195251, -0.3325354754924774, 0.1418277770280838, 0.6138316988945007, 0.7765923738479614),
            ["LeftLowerLeg"] = CFrame.new(-2.980232238769531e-07, 0.0000037550926208496094, 0.000013381242752075195, 1, 1.3597309589385986e-07, 9.68574909165909e-08, -1.0430811414607888e-07, 0.26950258016586304, 0.9629998207092285, 1.3969837198146706e-07, -0.962999701499939, 0.26950210332870483),
        }},
        {Time = 0.100, Data = {
            ["RightFoot"] = CFrame.new(7.450580596923828e-09, 2.980232238769531e-07, -8.026108844205737e-08, 0.9453185796737671, 0.16600827872753143, 0.2807379364967346, -0.25949734449386597, 0.9042601585388184, 0.339080274105072, -0.19757024943828583, -0.39338910579681396, 0.897892415523529),
            ["LeftLowerArm"] = CFrame.new(-2.384185791015625e-07, 5.960464477539063e-08, 7.450580596923828e-08, 1, -6.705522537231445e-08, 2.6077035641947077e-08, 5.774202094244174e-08, 0.6166242957115173, -0.7872575521469116, 1.8626458597736928e-08, 0.7872575521469116, 0.6166242957115173),
            ["RightUpperArm"] = CFrame.new(-4.172325134277344e-07, 0, -4.470348358154297e-08, 0.7042607665061951, -0.4767671823501587, -0.5260322093963623, 0.02738732472062111, 0.7586451172828674, -0.650928258895874, 0.7094129323959351, 0.44401654601097107, 0.5473412871360779),
            ["Head"] = CFrame.new(-1.862645149230957e-08, 2.384185791015625e-07, -1.4901161193847656e-08, 0.7302061915397644, 0.12969394028186798, -0.6708043813705444, -0.35867345333099365, 0.908412754535675, -0.21480171382427216, 0.5815087556838989, 0.3974492847919464, 0.7098463177680969),
            ["RightHand"] = CFrame.new(-2.9802322387695312e-08, 1.7881393432617188e-07, 2.8870999813079834e-07, 0.3751298189163208, -0.06215639412403107, -0.9248860478401184, 0.25045448541641235, 0.9674375653266907, 0.03656722605228424, 0.8924967050552368, -0.24535928666591644, 0.3784819543361664),
            ["UpperTorso"] = CFrame.new(-1.30385160446167e-07, -4.172325134277344e-07, 3.3527612686157227e-08, 0.9875295758247375, 0.15548765659332275, -0.024675171822309494, -0.1353987455368042, 0.9187864065170288, 0.3708083927631378, 0.08032740652561188, -0.36284327507019043, 0.9283815622329712),
            ["HumanoidRootPart"] = CFrame.new(0, 0, 0, 1, 0, 0, 0, 1, 0, 0, 0, 1),
            ["RightUpperLeg"] = CFrame.new(-2.384185791015625e-07, 8.475035429000854e-08, 8.212373359128833e-08, 0.9354889392852783, 0.14707084000110626, -0.3212954103946686, -0.12747859954833984, 0.9885028004646301, 0.08131121844053268, 0.32955989241600037, -0.03510759025812149, 0.9434816837310791),
            ["LeftUpperArm"] = CFrame.new(-2.384185791015625e-07, 1.1920928955078125e-07, 1.4901161193847656e-07, 0.9225183129310608, 0.38594067096710205, 0.0031117242760956287, -0.3859134316444397, 0.922508955001831, -0.0069252667017281055, -0.005543316714465618, 0.005187831819057465, 0.9999711513519287),
            ["RightLowerArm"] = CFrame.new(-4.470348358154297e-07, -7.152557373046875e-07, 0.0000010281801223754883, 1, -1.1175873559921001e-08, 2.980230107141324e-08, 2.980229751869956e-08, 0.6472160220146179, -0.7623067498207092, 0, 0.7623067498207092, 0.6472159028053284),
            ["LeftHand"] = CFrame.new(-2.086162567138672e-07, 1.1920928955078125e-07, 1.4901161193847656e-07, 0.47084182500839233, 0.3218783438205719, -0.8214027881622314, 0.040768813341856, 0.9221324920654297, 0.3847200572490692, 0.8812752366065979, -0.2146298885345459, 0.4210558533668518),
            ["LeftFoot"] = CFrame.new(3.259629011154175e-08, 5.960464477539063e-08, 2.9802322387695312e-08, 0.8242554664611816, -0.46376386284828186, -0.32484814524650574, 0.30740687251091003, 0.8483259081840515, -0.43109625577926636, 0.4755038619041443, 0.25547289848327637, 0.8418015241622925),
            ["LowerTorso"] = CFrame.new(0.0940619558095932, -0.30535364151000977, 0.004328370094299316, 0.8805549144744873, -0.47253474593162537, -0.03652440384030342, 0.4537103474140167, 0.8627321720123291, -0.22324904799461365, 0.13700367510318756, 0.1800115555524826, 0.9740769863128662),
            ["RightLowerLeg"] = CFrame.new(4.284083843231201e-08, -0.0000033974647521972656, -0.000013230535842012614, 1, -2.980233304583635e-08, 4.4703490686970326e-08, -1.4901161193847656e-08, 0.9999842643737793, 0.005625963676720858, -2.9802322387695312e-08, -0.005626240745186806, 0.9999842643737793),
            ["LeftUpperLeg"] = CFrame.new(-2.384185791015625e-07, 2.0302832126617432e-07, 2.7939677238464355e-09, 0.5342804193496704, 0.6616944670677185, -0.5260274410247803, -0.8364875316619873, 0.503523051738739, -0.21622538566589355, 0.1217917948961258, 0.5555403828620911, 0.8225215673446655),
            ["LeftLowerLeg"] = CFrame.new(-2.3655593395233154e-07, 0.000003933906555175781, 0.000013276934623718262, 1, 6.705521116145974e-08, 1.4901159417490817e-08, -1.0989607801548118e-07, 0.2595709562301636, 0.9657241702079773, 5.2154071283894154e-08, -0.9657241106033325, 0.2595707178115845),
        }},
        {Time = 0.133, Data = {
            ["RightFoot"] = CFrame.new(-1.4901161193847656e-08, 2.980232238769531e-07, -8.026108844205737e-08, 0.9539628028869629, 0.1735411435365677, 0.24461841583251953, -0.22237887978553772, 0.9565392136573792, 0.18862855434417725, -0.20125256478786469, -0.23434217274188995, 0.9510947465896606),
            ["LeftLowerArm"] = CFrame.new(3.8743019104003906e-07, 5.364418029785156e-07, -7.078051567077637e-08, 1, -1.1175873737556685e-07, 5.2154071283894154e-08, 5.7742006731587026e-08, 0.6560925841331482, -0.7546804547309875, 5.785842205341396e-08, 0.7546804547309875, 0.6560925245285034),
            ["RightUpperArm"] = CFrame.new(0, 2.384185791015625e-07, 8.195638656616211e-08, 0.7225695252418518, -0.5102460980415344, -0.46641409397125244, 0.0498669296503067, 0.7114070653915405, -0.7010088562965393, 0.6894973516464233, 0.48326894640922546, 0.539485514163971),
            ["Head"] = CFrame.new(-3.7997961044311523e-07, -2.384185791015625e-07, 4.470348358154297e-08, 0.7354329824447632, 0.1586415320634842, -0.6587648987770081, -0.3518628776073456, 0.9202627539634705, -0.17119865119457245, 0.5790776014328003, 0.35770007967948914, 0.7326116561889648),
            ["RightHand"] = CFrame.new(2.4586915969848633e-07, 7.152557373046875e-07, -2.942979335784912e-07, 0.2445491999387741, -0.033418864011764526, -0.9690608382225037, 0.30937060713768005, 0.9498613476753235, 0.04531518369913101, 0.9189589619636536, -0.31088072061538696, 0.24262656271457672),
            ["UpperTorso"] = CFrame.new(-1.0803341865539551e-07, -5.960464477539062e-07, -5.587935447692871e-09, 0.9825823307037354, 0.1858159899711609, -0.0020950702019035816, -0.17238694429397583, 0.9156635999679565, 0.3631020188331604, 0.06938856840133667, -0.35641637444496155, 0.9317471385002136),
            ["HumanoidRootPart"] = CFrame.new(0, 0, 0, 1, 0, 0, 0, 1, 0, 0, 0, 1),
            ["RightUpperLeg"] = CFrame.new(1.1920928955078125e-07, -1.0244548320770264e-07, -9.145878721028566e-09, 0.9495262503623962, 0.1747870147228241, -0.26047953963279724, -0.17086495459079742, 0.98456871509552, 0.03781142830848694, 0.26306891441345215, 0.008603876456618309, 0.9647387862205505),
            ["LeftUpperArm"] = CFrame.new(-3.5762786865234375e-07, 5.960464477539062e-07, 1.7881393432617188e-07, 0.916964590549469, 0.3759503662586212, -0.1335560828447342, -0.3867442309856415, 0.9198165535926819, -0.0660790428519249, 0.09800471365451813, 0.11224421113729477, 0.988835871219635),
            ["RightLowerArm"] = CFrame.new(-6.556510925292969e-07, 1.7881393432617188e-07, 4.172325134277344e-07, 1, 0, 3.7252888773764425e-08, 7.450577754752885e-08, 0.7455751895904541, -0.6664215326309204, 2.9802311729554276e-08, 0.6664214730262756, 0.7455751895904541),
            ["LeftHand"] = CFrame.new(-4.470348358154297e-08, 2.384185791015625e-07, 2.9802322387695312e-08, 0.313048779964447, 0.3586048483848572, -0.8794334530830383, 0.060659196227788925, 0.9165356159210205, 0.39532655477523804, 0.947797954082489, -0.17710216343402863, 0.26516762375831604),
            ["LeftFoot"] = CFrame.new(1.5832483768463135e-07, -1.1920928955078125e-07, 2.2351741790771484e-08, 0.7976017594337463, -0.5191466808319092, -0.3071126639842987, 0.3354485034942627, 0.8049243092536926, -0.48946014046669006, 0.5013041496276855, 0.287373811006546, 0.8161559700965881),
            ["LowerTorso"] = CFrame.new(0.15685012936592102, -0.3436307907104492, -0.021445129066705704, 0.8676103353500366, -0.4928291141986847, -0.06612075120210648, 0.46545299887657166, 0.8517107367515564, -0.24071231484413147, 0.17494577169418335, 0.1780683696269989, 0.9683417677879333),
            ["RightLowerLeg"] = CFrame.new(1.341104507446289e-07, -0.0000032782554626464844, -0.000013305041647981852, 1, 2.2351745343485163e-08, -2.2351747119842003e-08, 3.725290653733282e-08, 0.9906191825866699, 0.13665133714675903, 1.1175872316471214e-07, -0.1366516798734665, 0.9906193017959595),
            ["LeftUpperLeg"] = CFrame.new(-1.1920928955078125e-07, 1.955777406692505e-07, -8.754432201385498e-08, 0.47077226638793945, 0.7235386371612549, -0.5048424005508423, -0.8718343377113342, 0.46920815110206604, -0.14052924513816833, 0.13519783318042755, 0.5062960386276245, 0.8516958355903625),
            ["LeftLowerLeg"] = CFrame.new(-1.564621925354004e-07, 0.000003933906555175781, 0.000013515353202819824, 1, 8.009374852235851e-08, 5.215404996761208e-08, -8.195637946073475e-08, 0.253843754529953, 0.96724534034729, 7.823108916227284e-08, -0.96724534034729, 0.2538435459136963),
        }},
        {Time = 0.167, Data = {
            ["RightFoot"] = CFrame.new(2.2351741790771484e-08, 3.5762786865234375e-07, 2.9169314075261354e-08, 0.9610320925712585, 0.18640388548374176, 0.20413397252559662, -0.17826524376869202, 0.9822877645492554, -0.05772637948393822, -0.2112792581319809, 0.0190872922539711, 0.9772394895553589),
            ["LeftLowerArm"] = CFrame.new(-1.1920928955078125e-07, 8.344650268554688e-07, -1.9371509552001953e-07, 1, -6.332994928470725e-08, -1.4901164746561335e-08, 7.450584149637507e-08, 0.6320919394493103, -0.7748935222625732, 8.84756872210346e-08, 0.7748935222625732, 0.6320918202400208),
            ["RightUpperArm"] = CFrame.new(0, 7.152557373046875e-07, -7.450580596923828e-09, 0.7482535243034363, -0.5638971924781799, -0.34948036074638367, 0.15216664969921112, 0.6586287021636963, -0.7369216680526733, 0.6457260251045227, 0.49822506308555603, 0.5786275863647461),
            ["Head"] = CFrame.new(-1.564621925354004e-07, 3.5762786865234375e-07, -5.21540641784668e-08, 0.739677906036377, 0.1807691901922226, -0.6482276320457458, -0.3269582688808441, 0.9384522438049316, -0.11138161271810532, 0.588196337223053, 0.294329971075058, 0.7532564401626587),
            ["RightHand"] = CFrame.new(1.7881393432617188e-07, 6.556510925292969e-07, -3.725290298461914e-08, 0.14489750564098358, -0.0059282719157636166, -0.9894289374351501, 0.36335521936416626, 0.9304320216178894, 0.04763717204332352, 0.9203138947486877, -0.3664168417453766, 0.1369713991880417),
            ["UpperTorso"] = CFrame.new(-2.9336661100387573e-08, -4.172325134277344e-07, 8.166534826159477e-08, 0.9736518859863281, 0.22650137543678284, 0.02644181065261364, -0.2214745730161667, 0.9116201400756836, 0.34626296162605286, 0.0543241873383522, -0.34299567341804504, 0.9377648830413818),
            ["HumanoidRootPart"] = CFrame.new(0, 0, 0, 1, 0, 0, 0, 1, 0, 0, 0, 1),
            ["RightUpperLeg"] = CFrame.new(1.7881393432617188e-07, 4.842877388000488e-07, 1.6221747500821948e-07, 0.963314414024353, 0.14117075502872467, -0.22824563086032867, -0.18422816693782806, 0.9662814736366272, -0.1798897087574005, 0.19515445828437805, 0.2153395265340805, 0.956840455532074),
            ["LeftUpperArm"] = CFrame.new(-1.1920928955078125e-07, 4.76837158203125e-07, 5.960464477539063e-08, 0.9310941100120544, 0.304967999458313, -0.20014560222625732, -0.3320164680480957, 0.9357755184173584, -0.11869849264621735, 0.15109217166900635, 0.17697110772132874, 0.9725494980812073),
            ["RightLowerArm"] = CFrame.new(-2.384185791015625e-07, 2.980232238769531e-07, -4.3213367462158203e-07, 1, -3.725290653733282e-08, 1.490114875934978e-08, 0, 0.8044789433479309, -0.5939812660217285, 2.980229751869956e-08, 0.5939812660217285, 0.8044789433479309),
            ["LeftHand"] = CFrame.new(1.4901161193847656e-08, -3.5762786865234375e-07, -1.7881393432617188e-07, 0.2502143681049347, 0.42237985134124756, -0.8711991906166077, 0.07451319694519043, 0.8887523412704468, 0.45229077339172363, 0.9653189182281494, -0.17808550596237183, 0.19090571999549866),
            ["LeftFoot"] = CFrame.new(-2.7939677238464355e-08, 5.960464477539063e-08, 5.960464477539063e-08, 0.7784932851791382, -0.5571067333221436, -0.28910186886787415, 0.3462962210178375, 0.7654004096984863, -0.5424399971961975, 0.5234760642051697, 0.32217130064964294, 0.7887831926345825),
            ["LowerTorso"] = CFrame.new(0.18987125158309937, -0.3975260257720947, -0.044147640466690063, 0.8630251884460449, -0.4971826374530792, -0.08942591398954391, 0.4626705050468445, 0.8490139842033386, -0.25516918301582336, 0.2027895450592041, 0.1788427084684372, 0.9627522230148315),
            ["RightLowerLeg"] = CFrame.new(-1.7881393432617188e-07, -0.0000036954879760742188, -0.000013409349776338786, 1, -7.4505820180093e-08, -2.1420420992512845e-08, 5.960463766996327e-08, 0.8451414704322815, 0.5345425009727478, -5.215405707303944e-08, -0.5345427393913269, 0.8451417088508606),
            ["LeftUpperLeg"] = CFrame.new(-5.960464477539063e-08, 7.543712854385376e-07, 4.842877388000488e-08, 0.4360150396823883, 0.7497976422309875, -0.49768900871276855, -0.8872184753417969, 0.45079293847084045, -0.09812779724597931, 0.15077874064445496, 0.4843441843986511, 0.8617869019508362),
            ["LeftLowerLeg"] = CFrame.new(-2.1606683731079102e-07, 0.0000040531158447265625, 0.000013440847396850586, 1, 1.043080928297968e-07, 8.940695295223122e-08, -1.154839708306099e-07, 0.20865336060523987, 0.9779897332191467, 5.5879340266073996e-08, -0.977989673614502, 0.2086533010005951),
        }},
        {Time = 0.200, Data = {
            ["RightFoot"] = CFrame.new(-3.725290298461914e-08, 4.172325134277344e-07, 7.806374924257398e-08, 0.9681210517883301, 0.1894558072090149, 0.16385391354560852, -0.17009682953357697, 0.9774461388587952, -0.12516511976718903, -0.18387189507484436, 0.09330412745475769, 0.9785119295120239),
            ["LeftLowerArm"] = CFrame.new(5.960464477539063e-08, 4.76837158203125e-07, -2.9802322387695312e-08, 1, -5.215407838932151e-08, 2.980233304583635e-08, 6.798659057949408e-08, 0.5889617204666138, -0.8081609606742859, 6.239864802637385e-08, 0.8081609010696411, 0.5889617204666138),
            ["RightUpperArm"] = CFrame.new(-1.1920928955078125e-07, -1.1920928955078125e-07, 5.21540641784668e-08, 0.7491358518600464, -0.6108323335647583, -0.25627997517585754, 0.242509126663208, 0.612927258014679, -0.7520036101341248, 0.6164290904998779, 0.5012027025222778, 0.6072981953620911),
            ["Head"] = CFrame.new(-9.872019290924072e-08, 3.5762786865234375e-07, 3.725290298461914e-09, 0.7629902958869934, 0.20139870047569275, -0.614234983921051, -0.3080838620662689, 0.948657751083374, -0.07164442539215088, 0.5682696104049683, 0.243899866938591, 0.7858641743659973),
            ["RightHand"] = CFrame.new(5.960464477539063e-08, 3.5762786865234375e-07, 4.6193599700927734e-07, 0.10748419910669327, -0.026029203087091446, -0.9938660264015198, 0.3513936400413513, 0.936130702495575, 0.01348512340337038, 0.9300374388694763, -0.3506876528263092, 0.10976582765579224),
            ["UpperTorso"] = CFrame.new(-2.1187588572502136e-08, -3.8743019104003906e-07, 9.313225746154785e-09, 0.9670605659484863, 0.2422800064086914, 0.07806563377380371, -0.25452718138694763, 0.9166197776794434, 0.30826011300086975, 0.003128785640001297, -0.31797611713409424, 0.948093593120575),
            ["HumanoidRootPart"] = CFrame.new(0, 0, 0, 1, 0, 0, 0, 1, 0, 0, 0, 1),
            ["RightUpperLeg"] = CFrame.new(5.960464477539063e-08, 7.82310962677002e-08, 1.435910235159099e-07, 0.9808172583580017, 0.11494580656290054, -0.15743255615234375, -0.1572834551334381, 0.9437603950500488, -0.29082345962524414, 0.11514969915151596, 0.3100062608718872, 0.9437355995178223),
            ["LeftUpperArm"] = CFrame.new(-4.76837158203125e-07, 2.384185791015625e-07, 1.2665987014770508e-07, 0.9478510022163391, 0.22712810337543488, -0.22358737885951996, -0.2672923803329468, 0.9485872983932495, -0.16951973736286163, 0.17358948290348053, 0.22044266760349274, 0.9598289728164673),
            ["RightLowerArm"] = CFrame.new(-6.556510925292969e-07, 5.364418029785156e-07, -4.3958425521850586e-07, 1, -1.6763809895792292e-08, 1.490115231206346e-08, 0, 0.8201544880867004, -0.5721421837806702, -1.490115231206346e-08, 0.5721422433853149, 0.8201544880867004),
            ["LeftHand"] = CFrame.new(-3.2782554626464844e-07, -1.1920928955078125e-07, -2.9802322387695312e-08, 0.30233681201934814, 0.42028191685676575, -0.8555440902709961, 0.039330821484327316, 0.8912835717201233, 0.4517376124858856, 0.9523894190788269, -0.17022605240345, 0.25293776392936707),
            ["LeftFoot"] = CFrame.new(-4.0978193283081055e-08, -1.7881393432617188e-07, -4.470348358154297e-08, 0.7837432622909546, -0.5590425729751587, -0.27058807015419006, 0.35907453298568726, 0.7633299827575684, -0.5370221734046936, 0.5067662596702576, 0.32372644543647766, 0.7989927530288696),
            ["LowerTorso"] = CFrame.new(0.20579835772514343, -0.4196770191192627, -0.06521257013082504, 0.8772999048233032, -0.462512731552124, -0.12816722691059113, 0.41861477494239807, 0.868025004863739, -0.2670099139213562, 0.23474784195423126, 0.18059509992599487, 0.9551329016685486),
            ["RightLowerLeg"] = CFrame.new(-1.1920928955078125e-07, -0.0000034570693969726562, -0.000013312492228578776, 1, -1.6391282997574308e-07, 2.0489094865183688e-08, 1.3411047916633834e-07, 0.7392000555992126, 0.6734861731529236, -2.980232949312267e-08, -0.6734859347343445, 0.7391998171806335),
            ["LeftUpperLeg"] = CFrame.new(2.9802322387695312e-08, 5.178153514862061e-07, -6.332993507385254e-08, 0.4747949540615082, 0.7535971999168396, -0.45460036396980286, -0.8673003315925598, 0.48840105533599854, -0.09619885683059692, 0.14953233301639557, 0.439949631690979, 0.8854854106903076),
            ["LeftLowerLeg"] = CFrame.new(7.450580596923828e-09, 0.0000036954879760742188, 0.00001329183578491211, 1, 1.378357126213814e-07, 6.705519695060502e-08, -2.2351736461700966e-08, 0.1968517303466797, 0.9804332852363586, 9.685752644372769e-08, -0.9804333448410034, 0.19685158133506775),
        }},
        {Time = 0.233, Data = {
            ["RightFoot"] = CFrame.new(0, 3.5762786865234375e-07, -3.55576048605144e-08, 0.9721418023109436, 0.18116526305675507, 0.14872607588768005, -0.15642088651657104, 0.9739823937416077, -0.1639847606420517, -0.17456497251987457, 0.13615281879901886, 0.9751869440078735),
            ["LeftLowerArm"] = CFrame.new(-3.5762786865234375e-07, 3.5762786865234375e-07, 0, 1, -6.891787762697277e-08, 7.450583439094771e-08, 7.823111758398227e-08, 0.4188369810581207, -0.9080615043640137, 3.3527619791584584e-08, 0.9080614447593689, 0.4188370108604431),
            ["RightUpperArm"] = CFrame.new(-5.960464477539063e-08, 1.1920928955078125e-07, -1.30385160446167e-08, 0.7420057654380798, -0.6306175589561462, -0.22748413681983948, 0.30477768182754517, 0.6195541620254517, -0.723369300365448, 0.5971081256866455, 0.46741214394569397, 0.6519109606742859),
            ["Head"] = CFrame.new(-4.7497451305389404e-08, -2.384185791015625e-07, 8.381903171539307e-09, 0.8094342350959778, 0.20400767028331757, -0.550633430480957, -0.2844512164592743, 0.9565693140029907, -0.06373945623636246, 0.5137157440185547, 0.2082212120294571, 0.832310140132904),
            ["RightHand"] = CFrame.new(6.854534149169922e-07, 3.5762786865234375e-07, 4.6193599700927734e-07, 0.13076716661453247, -0.0947009027004242, -0.9868797659873962, 0.3543553352355957, 0.9341360926628113, -0.04268554970622063, 0.9259224534034729, -0.3441242277622223, 0.15571215748786926),
            ["UpperTorso"] = CFrame.new(4.6100467443466187e-08, -5.960464477539062e-07, -6.05359673500061e-09, 0.960964560508728, 0.22988231480121613, 0.15395234525203705, -0.26293516159057617, 0.9319632649421692, 0.24961914122104645, -0.08609486371278763, -0.2803545594215393, 0.9560278058052063),
            ["HumanoidRootPart"] = CFrame.new(0, 0, 0, 1, 0, 0, 0, 1, 0, 0, 0, 1),
            ["RightUpperLeg"] = CFrame.new(1.1920928955078125e-07, -2.60770320892334e-08, 1.137887011282146e-07, 0.9944474697113037, 0.05833537131547928, -0.08758554607629776, -0.08950811624526978, 0.9065629243850708, -0.41247066855430603, 0.055340107530355453, 0.4180200397968292, 0.9067506790161133),
            ["LeftUpperArm"] = CFrame.new(0, 1.1920928955078125e-07, 6.891787052154541e-08, 0.9572849273681641, 0.17464791238307953, -0.23044267296791077, -0.21785461902618408, 0.9596720933914185, -0.17767643928527832, 0.19011862576007843, 0.22028999030590057, 0.9567273259162903),
            ["RightLowerArm"] = CFrame.new(-0.0000012218952178955078, 6.556510925292969e-07, 3.725290298461914e-07, 1, 0, -1.4901157641133977e-08, 4.470347647611561e-08, 0.7525379657745361, -0.6585489511489868, -1.4901159417490817e-08, 0.6585490703582764, 0.7525379657745361),
            ["LeftHand"] = CFrame.new(-4.470348358154297e-07, 0, -1.7881393432617188e-07, 0.41705331206321716, 0.37520527839660645, -0.8278209567070007, 0.04495884105563164, 0.9011809229850769, 0.43110546469688416, 0.9077693819999695, -0.21701191365718842, 0.3589717447757721),
            ["LeftFoot"] = CFrame.new(9.12696123123169e-08, 0, -7.450580596923828e-08, 0.8058586716651917, -0.5246320962905884, -0.2745046019554138, 0.41029179096221924, 0.8290320038795471, -0.37995657324790955, 0.42691051959991455, 0.19356437027454376, 0.8833348155021667),
            ["LowerTorso"] = CFrame.new(0.22215218842029572, -0.4327809810638428, -0.08039705455303192, 0.904826819896698, -0.38687607645988464, -0.17780742049217224, 0.33402714133262634, 0.9039484858512878, -0.26702654361724854, 0.2640348970890045, 0.18222029507160187, 0.9471437931060791),
            ["RightLowerLeg"] = CFrame.new(-1.4901161193847656e-07, -0.0000035762786865234375, -0.000013156030036043376, 1, -1.192093321833454e-07, -3.352760913344355e-08, 1.4901162614933128e-07, 0.6133765578269958, 0.7897908687591553, -1.1920930376163597e-07, -0.7897906303405762, 0.613376259803772),
            ["LeftUpperLeg"] = CFrame.new(-5.960464477539063e-08, 9.685754776000977e-08, 1.1175870895385742e-08, 0.5529255867004395, 0.7090243101119995, -0.43767374753952026, -0.8236966133117676, 0.5443525314331055, -0.15875668823719025, 0.12568652629852295, 0.44829097390174866, 0.8850074410438538),
            ["LeftLowerLeg"] = CFrame.new(-2.905726432800293e-07, 0.0000036954879760742188, 0.0000133514404296875, 1, 2.1606683731079102e-07, 7.450577044210149e-08, -9.685752644372769e-08, 0.12269340455532074, 0.9924446940422058, 5.215404996761208e-08, -0.9924446940422058, 0.12269333004951477),
        }},
        {Time = 0.267, Data = {
            ["RightFoot"] = CFrame.new(5.587935447692871e-08, 2.980232238769531e-07, -5.75528247281909e-09, 0.9752507209777832, 0.17573100328445435, 0.1341806799173355, -0.14715825021266937, 0.9688326716423035, -0.1992681622505188, -0.16501650214195251, 0.17459091544151306, 0.9707150459289551),
            ["LeftLowerArm"] = CFrame.new(-1.1920928955078125e-07, -1.7881393432617188e-07, -1.1920928955078125e-07, 1, -6.658959250671614e-08, 6.332997060098933e-08, 9.685758328714655e-08, 0.20636872947216034, -0.9784743785858154, 7.07805440924858e-08, 0.9784743785858154, 0.20636874437332153),
            ["RightUpperArm"] = CFrame.new(2.384185791015625e-07, 2.384185791015625e-07, -9.313225746154785e-09, 0.6731721758842468, -0.6278073191642761, -0.3907650411128998, 0.380060076713562, 0.7470234632492065, -0.5454452633857727, 0.6343450546264648, 0.21866440773010254, 0.7414798140525818),
            ["Head"] = CFrame.new(-1.0199437383562326e-07, -1.1920928955078125e-07, 6.984919309616089e-10, 0.8607461452484131, 0.1927100419998169, -0.47114649415016174, -0.25968223810195923, 0.9623069167137146, -0.08081184327602386, 0.437814325094223, 0.19190682470798492, 0.8783453702926636),
            ["RightHand"] = CFrame.new(1.341104507446289e-07, 2.384185791015625e-07, 2.4586915969848633e-07, 0.16408704221248627, -0.19076918065547943, -0.9678236842155457, 0.36231720447540283, 0.9242010712623596, -0.12074238061904907, 0.9174975752830505, -0.33084699511528015, 0.22076824307441711),
            ["UpperTorso"] = CFrame.new(2.9336661100387573e-08, -4.470348358154297e-07, 4.470348358154297e-08, 0.9548944234848022, 0.20986776053905487, 0.21007676422595978, -0.24796058237552643, 0.9527860283851624, 0.1752551794052124, -0.1633778065443039, -0.21944086253643036, 0.96184903383255),
            ["HumanoidRootPart"] = CFrame.new(0, 0, 0, 1, 0, 0, 0, 1, 0, 0, 0, 1),
            ["RightUpperLeg"] = CFrame.new(5.960464477539063e-08, 2.5704503059387207e-07, -1.845910446718335e-08, 0.9988441467285156, -0.03030785545706749, -0.037306539714336395, 0.006521341856569052, 0.8544238805770874, -0.5195355415344238, 0.04762173071503639, 0.5186918377876282, 0.8536340594291687),
            ["LeftUpperArm"] = CFrame.new(-2.384185791015625e-07, -2.384185791015625e-07, 1.210719347000122e-07, 0.9429073929786682, 0.14337661862373352, -0.3006141185760498, -0.20784150063991547, 0.9585847854614258, -0.19472339749336243, 0.2602453827857971, 0.24608619511127472, 0.9336562156677246),
            ["RightLowerArm"] = CFrame.new(-5.364418029785156e-07, 2.384185791015625e-07, -5.662441253662109e-07, 1, -8.568168397005138e-08, 2.9802308176840597e-08, 1.3411036547950062e-07, 0.5380396246910095, -0.8429195284843445, 4.470345515983354e-08, 0.8429195880889893, 0.5380396842956543),
            ["LeftHand"] = CFrame.new(-5.960464477539063e-08, -1.1920928955078125e-07, 7.450580596923828e-09, 0.6292663216590881, 0.2919999957084656, -0.7202500104904175, -0.06744765490293503, 0.9437575936317444, 0.32368579506874084, 0.7742576003074646, -0.15510541200637817, 0.6135695576667786),
            ["LeftFoot"] = CFrame.new(-6.705522537231445e-08, -1.7881393432617188e-07, -2.9802322387695312e-08, 0.8414726853370667, -0.45988893508911133, -0.2835952937602997, 0.4387190639972687, 0.8879389762878418, -0.1381661295890808, 0.3153560161590576, -0.008155370131134987, 0.9489383101463318),
