return {
    ["Freedom Wheels"] = {
        {Time = 0.000, Data = {
            ["LeftFoot"] = CFrame.new(1.7974525690078735e-07, -1.7881393432617188e-07, -3.725290298461914e-09, 0.9125361442565918, 0.12114135921001434, -0.3906435966491699, -0.20323632657527924, 0.9631689190864563, -0.17607061564922333, 0.3549264669418335, 0.2400638312101364, 0.9035467505455017),
            ["LeftLowerArm"] = CFrame.new(0.0000011324882507324219, -2.384185791015625e-07, 0.0000050961971282958984, 1, 1.1175870895385742e-07, -4.097820749393577e-08, 2.980232949312267e-08, 0.34432199597358704, -0.9388517141342163, -1.0430815677864302e-07, 0.9388516545295715, 0.34432193636894226),
            ["LowerTorso"] = CFrame.new(-0.17764103412628174, -0.22475922107696533, 0.26820212602615356, 0.9556174874305725, -0.1063060313463211, 0.2747623324394226, 0.11781539022922516, 0.9927034974098206, -0.025680677965283394, -0.2700274586677551, 0.0569121353328228, 0.9611691832542419),
            ["Head"] = CFrame.new(0, -4.76837158203125e-07, 1.4901161193847656e-07, 0.9597650170326233, 0.25062963366508484, -0.1266334354877472, -0.27645301818847656, 0.9224398136138916, -0.269589900970459, 0.04924457520246506, 0.2937510907649994, 0.9546126127243042),
            ["RightUpperArm"] = CFrame.new(-0.01863628625869751, 0.04290771484375, 0.11267117410898209, 0.7298879027366638, -0.6449099183082581, 0.22661584615707397, 0.6787158846855164, 0.7231504321098328, -0.12805654108524323, -0.08129224926233292, 0.2472747415304184, 0.9655293822288513),
            ["UpperTorso"] = CFrame.new(5.029141902923584e-08, -1.4901161193847656e-07, 7.450580596923828e-09, 0.9907639026641846, -0.12794046103954315, -0.04492457956075668, 0.134358748793602, 0.8815645575523376, 0.45253920555114746, -0.01829424500465393, -0.4543956220149994, 0.8906122446060181),
            ["HumanoidRootPart"] = CFrame.new(0, 0, 0, 1, 0, 0, 0, 1, 0, 0, 0, 1),
            ["RightHand"] = CFrame.new(2.5331974029541016e-07, 9.5367431640625e-07, -9.238719940185547e-07, 0.9631982445716858, -0.0148494653403759, 0.2683812379837036, -0.0763469710946083, 0.9422346949577332, 0.3261364996433258, -0.2577213943004608, -0.334624320268631, 0.9064252376556396),
            ["LeftUpperArm"] = CFrame.new(0.03839242458343506, 0.022458672523498535, 0.11231169104576111, 0.8093351125717163, -0.14726264774799347, 0.5685861110687256, -0.17464357614517212, 0.8639367818832397, 0.47234851121902466, -0.5607818365097046, -0.48158806562423706, 0.673495888710022),
            ["RightLowerArm"] = CFrame.new(6.556510925292969e-07, 5.364418029785156e-07, -0.000003933906555175781, 1, 2.2351738948600541e-07, 0.000019490720660542138, 0.000019013878045370802, -0.23530766367912292, -0.9719210267066956, 0.000004306434675527271, 0.9719209671020508, -0.23530763387680054),
            ["LeftHand"] = CFrame.new(-0.0000014603137969970703, -0.0000013709068298339844, 5.960464477539063e-08, 0.8403695821762085, 0.26326069235801697, -0.4737851619720459, -0.41287198662757874, 0.8772528767585754, -0.24487623572349548, 0.3511633276939392, 0.40139931440353394, 0.8459097146987915),
            ["RightUpperLeg"] = CFrame.new(5.960464477539063e-08, 9.778887033462524e-08, 9.480572771281004e-09, 0.9743342399597168, -0.19802303612232208, 0.10705053806304932, 0.22077937424182892, 0.9334272742271423, -0.2827896177768707, -0.04392516240477562, 0.29916617274284363, 0.953189492225647),
            ["LeftUpperLeg"] = CFrame.new(-2.9802322387695312e-08, -4.470348358154297e-08, -7.450580596923828e-09, 0.9358319044113159, 0.32624682784080505, 0.13334758579730988, -0.1367052048444748, 0.6847307682037354, -0.7158599495887756, -0.3248543441295624, 0.6516953110694885, 0.6853925585746765),
            ["RightLowerLeg"] = CFrame.new(-6.705522537231445e-08, -0.0007259845733642578, 0.00004613569035427645, 1, 1.341105360097572e-07, -2.2351748896198842e-08, -9.685756197086448e-08, 0.5809950828552246, 0.8139071464538574, 1.4901162614933128e-07, -0.8139071464538574, 0.5809949636459351),
            ["RightFoot"] = CFrame.new(2.0116567611694336e-07, 0, -5.75528247281909e-09, 0.9437041282653809, 0.22615671157836914, 0.2414035201072693, -0.19612744450569153, 0.9702095985412598, -0.1422232836484909, -0.2663766145706177, 0.08687075972557068, 0.95994633436203),
            ["LeftLowerLeg"] = CFrame.new(1.1362135410308838e-07, -0.0007265806198120117, 0.00008095428347587585, 1, 1.2572857599479903e-07, 2.7008358216562556e-08, -7.17118453508192e-08, 0.23112967610359192, 0.9729229807853699, 1.0617078771701927e-07, -0.9729230403900146, 0.23112952709197998),
        }},
        {Time = 0.033, Data = {
            ["LeftFoot"] = CFrame.new(-3.8242433220148087e-08, -1.1920928955078125e-07, -2.60770320892334e-08, 0.9338415861129761, 0.09521403908729553, -0.3447814881801605, -0.17071038484573364, 0.9656943082809448, -0.19568517804145813, 0.31432148814201355, 0.2415967583656311, 0.9180594682693481),
            ["LeftLowerArm"] = CFrame.new(0.000001430511474609375, -5.364418029785156e-07, 0.00000521540641784668, 1, -2.2351745343485163e-08, -1.6391281576488836e-07, -1.0430815677864302e-07, 0.1403024047613144, -0.9901087880134583, -7.4505820180093e-08, 0.9901087284088135, 0.1403024047613144),
            ["LowerTorso"] = CFrame.new(-0.164341002702713, -0.2278907299041748, 0.2772728204727173, 0.9325035214424133, -0.11980003118515015, 0.34071269631385803, 0.11806050688028336, 0.9926682710647583, 0.02591574192047119, -0.34131935238838196, 0.016058193519711494, 0.9398102164268494),
            ["Head"] = CFrame.new(-8.940696716308594e-08, -8.344650268554688e-07, 1.1920928955078125e-07, 0.9442052841186523, 0.2566875219345093, -0.20636875927448273, -0.30854281783103943, 0.9085835218429565, -0.2815623879432678, 0.11522971838712692, 0.32952627539634705, 0.9370883703231812),
            ["RightUpperArm"] = CFrame.new(-0.03602534532546997, 0.058501601219177246, 0.11395309865474701, 0.7471256852149963, -0.631737470626831, 0.2066662460565567, 0.6378645300865173, 0.768872082233429, 0.044323649257421494, -0.18690083920955658, 0.09870979189872742, 0.9774069786071777),
            ["UpperTorso"] = CFrame.new(1.4901161193847656e-08, 2.9802322387695312e-08, 3.3527612686157227e-08, 0.9927489757537842, -0.11941604316234589, -0.013762392103672028, 0.11375164985656738, 0.8962507247924805, 0.42871350049972534, -0.03886072337627411, -0.42717042565345764, 0.9033357501029968),
            ["HumanoidRootPart"] = CFrame.new(0, 0, 0, 1, 0, 0, 0, 1, 0, 0, 0, 1),
            ["RightHand"] = CFrame.new(2.2351741790771484e-07, 0.0000010728836059570312, -0.0000010579824447631836, 0.9024530649185181, -0.036471329629421234, 0.42924100160598755, -0.1269235610961914, 0.9296693801879883, 0.34584012627601624, -0.41166600584983826, -0.3665854334831238, 0.8343541622161865),
            ["LeftUpperArm"] = CFrame.new(0.02209627628326416, 0.009080886840820312, 0.11292602121829987, 0.7770214676856995, -0.11404833197593689, 0.6190561652183533, -0.22304010391235352, 0.8697624206542969, 0.44018930196762085, -0.588634729385376, -0.48011091351509094, 0.6503866910934448),
            ["RightLowerArm"] = CFrame.new(2.682209014892578e-07, 2.980232238769531e-07, -0.000004202127456665039, 1, -0.0000032186512726184446, 0.000019282111679785885, 0.00001898780647024978, -0.06273304671049118, -0.998030424118042, 0.000004425645329320105, 0.9980303645133972, -0.06273307651281357),
            ["LeftHand"] = CFrame.new(-0.0000015497207641601562, -0.0000011920928955078125, 1.7881393432617188e-07, 0.8334879875183105, 0.1878591924905777, -0.5196211338043213, -0.3693503439426422, 0.8888689875602722, -0.27109500765800476, 0.41094765067100525, 0.4178767502307892, 0.8102477192878723),
            ["RightUpperLeg"] = CFrame.new(2.9802322387695312e-08, -9.255018085241318e-08, 5.75528247281909e-09, 0.9726031422615051, -0.2119852751493454, 0.09542212635278702, 0.23070001602172852, 0.930712878704071, -0.2838151156902313, -0.02864590287208557, 0.2980532646179199, 0.9541193246841431),
            ["LeftUpperLeg"] = CFrame.new(0, -4.7031790018081665e-08, 2.60770320892334e-08, 0.9445545077323914, 0.3015284538269043, 0.12999024987220764, -0.10426395386457443, 0.6508197784423828, -0.752038836479187, -0.3113614320755005, 0.696788489818573, 0.6461735367774963),
            ["RightLowerLeg"] = CFrame.new(-2.9802322387695312e-08, -0.0007262825965881348, 0.000046031382225919515, 1, 5.960467319710006e-08, -7.450582373280668e-09, -8.940696716308594e-08, 0.5852899551391602, 0.8108241558074951, 1.4156103134155273e-07, -0.8108240962028503, 0.5852897763252258),
            ["RightFoot"] = CFrame.new(1.862645149230957e-07, -5.960464477539063e-08, -7.281050784513354e-08, 0.9499981999397278, 0.2238621562719345, 0.21769101917743683, -0.19430559873580933, 0.9695457220077515, -0.14908519387245178, -0.24443596601486206, 0.09933178126811981, 0.9645642638206482),
            ["LeftLowerLeg"] = CFrame.new(8.829374564811587e-08, -0.0007262229919433594, 0.00008100271224975586, 1, 1.659427795175361e-07, 4.073444870300591e-08, -4.79813024867326e-08, 0.2532739043235779, 0.9673946499824524, 1.1186784831807017e-08, -0.9673946499824524, 0.25327375531196594),
        }},
        {Time = 0.067, Data = {
            ["LeftFoot"] = CFrame.new(2.60770320892334e-08, -1.1920928955078125e-07, 1.5832483768463135e-08, 0.9566545486450195, 0.06966883689165115, -0.28276947140693665, -0.14389699697494507, 0.9572365283966064, -0.2509823441505432, 0.2531914710998535, 0.2807929813861847, 0.9257696270942688),
            ["LeftLowerArm"] = CFrame.new(0.0000012516975402832031, -5.364418029785156e-07, 0.000004395842552185059, 1, 4.0978193283081055e-08, -2.980232594040899e-08, -1.1920930376163597e-07, -0.03309442847967148, -0.9994522333145142, -1.4901162970204496e-08, 0.9994522929191589, -0.03309455141425133),
            ["LowerTorso"] = CFrame.new(-0.1436057984828949, -0.23888278007507324, 0.2933521568775177, 0.9142242074012756, -0.13811922073364258, 0.38094255328178406, 0.11337143927812576, 0.9897557497024536, 0.0867779478430748, -0.3890257775783539, -0.03614649176597595, 0.9205174446105957),
            ["Head"] = CFrame.new(7.450580596923828e-08, -7.152557373046875e-07, 1.1920928955078125e-07, 0.9276552200317383, 0.2594800591468811, -0.2685631811618805, -0.3373545706272125, 0.8907050490379333, -0.30469051003456116, 0.16014942526817322, 0.3732486665248871, 0.9138038754463196),
            ["RightUpperArm"] = CFrame.new(-0.04668295383453369, 0.06559932231903076, 0.1154119074344635, 0.7824988961219788, -0.5786707401275635, 0.22986026108264923, 0.550144612789154, 0.815433919429779, 0.18002371490001678, -0.2916100025177002, -0.014411745592951775, 0.9564287066459656),
            ["UpperTorso"] = CFrame.new(2.2351741790771484e-08, -1.1920928955078125e-07, 8.195638656616211e-08, 0.9930830001831055, -0.11614871770143509, 0.0171952024102211, 0.09982132911682129, 0.9122875928878784, 0.39719897508621216, -0.061821095645427704, -0.3927353024482727, 0.9175714254379272),
            ["HumanoidRootPart"] = CFrame.new(0, 0, 0, 1, 0, 0, 0, 1, 0, 0, 0, 1),
            ["RightHand"] = CFrame.new(-2.9802322387695312e-08, 7.152557373046875e-07, -7.897615432739258e-07, 0.7984239459037781, -0.0679345428943634, 0.5982503890991211, -0.18027172982692719, 0.9210601449012756, 0.34518155455589294, -0.5744748711585999, -0.3834489583969116, 0.7231501936912537),
            ["LeftUpperArm"] = CFrame.new(0.011901259422302246, 0.008179664611816406, 0.11374989151954651, 0.7230188250541687, -0.11948089301586151, 0.680417537689209, -0.2432061731815338, 0.877852737903595, 0.4125840663909912, -0.6466022729873657, -0.46378758549690247, 0.6056454181671143),
            ["RightLowerArm"] = CFrame.new(3.8743019104003906e-07, 1.7881393432617188e-07, -0.000004202127456665039, 1, -0.000007972121238708496, 0.000017806894902605563, 0.000018989670934388414, 0.19609621167182922, -0.9805847406387329, 0.000004351139978098217, 0.9805846810340881, 0.19609619677066803),
            ["LeftHand"] = CFrame.new(-0.0000014901161193847656, -0.000001430511474609375, 2.384185791015625e-07, 0.8341125845909119, 0.11401209235191345, -0.5396823287010193, -0.32806146144866943, 0.889089047908783, -0.31921207904815674, 0.44343212246894836, 0.4433079659938812, 0.7790036201477051),
            ["RightUpperLeg"] = CFrame.new(0, -2.498272806406021e-07, 5.045876605436206e-08, 0.9596339464187622, -0.20875175297260284, 0.18848192691802979, 0.25546547770500183, 0.9272748827934265, -0.2736763656139374, -0.11764408648014069, 0.3107796311378479, 0.9431732892990112),
            ["LeftUpperLeg"] = CFrame.new(1.1920928955078125e-07, -1.4901161193847656e-07, 2.9802322387695312e-08, 0.9330032467842102, 0.3076470196247101, 0.1867038607597351, -0.046239376068115234, 0.6169967651367188, -0.7856061458587646, -0.3568849563598633, 0.7243399620056152, 0.5898853540420532),
            ["RightLowerLeg"] = CFrame.new(-2.9802322387695312e-08, -0.0007264614105224609, 0.000046072360419202596, 1, 2.980233659855003e-08, 4.470350489782504e-08, -8.940696716308594e-08, 0.5812987685203552, 0.813690185546875, 1.3783574104309082e-07, -0.8136902451515198, 0.5812988877296448),
            ["RightFoot"] = CFrame.new(1.341104507446289e-07, -5.960464477539063e-08, 4.639878170564771e-08, 0.961974024772644, 0.2240409553050995, 0.1562422811985016, -0.20012331008911133, 0.9674212336540222, -0.15507012605667114, -0.1858942061662674, 0.1179056316614151, 0.9754699468612671),
            ["LeftLowerLeg"] = CFrame.new(3.3527612686157227e-08, -0.0007266402244567871, 0.00008100643754005432, 1, 5.960465188081798e-08, 1.5366822481155396e-07, -6.705522537231445e-08, 0.2842073142528534, 0.9587628841400146, 3.5390257835388184e-08, -0.9587628841400146, 0.2842071056365967),
        }},
        {Time = 0.100, Data = {
            ["LeftFoot"] = CFrame.new(3.632158041000366e-08, 5.960464477539063e-08, -1.4901161193847656e-08, 0.9565437436103821, 0.05283151566982269, -0.28676310181617737, -0.1385958194732666, 0.9476324915885925, -0.287722110748291, 0.2565452754497528, 0.3149629235267639, 0.9137740731239319),
            ["LeftLowerArm"] = CFrame.new(0.000001430511474609375, -2.384185791015625e-07, 0.000004693865776062012, 1, 2.980232594040899e-08, -1.341104507446289e-07, -4.4703490686970326e-08, -0.14966478943824768, -0.9887368083000183, -5.960465188081798e-08, 0.9887368083000183, -0.14966480433940887),
            ["LowerTorso"] = CFrame.new(-0.11303646117448807, -0.2589235305786133, 0.31421616673469543, 0.9027243852615356, -0.15967029333114624, 0.39949244260787964, 0.10705433040857315, 0.9827390313148499, 0.15087565779685974, -0.4166870415210724, -0.0934317335486412, 0.9042358994483948),
            ["Head"] = CFrame.new(-8.940696716308594e-08, -7.152557373046875e-07, 4.470348358154297e-08, 0.9105924963951111, 0.25889694690704346, -0.3221704661846161, -0.36548030376434326, 0.8683795928955078, -0.3351731598377228, 0.19299107789993286, 0.4229530394077301, 0.8853616118431091),
            ["RightUpperArm"] = CFrame.new(-0.05117154121398926, 0.06487917900085449, 0.11486102640628815, 0.7988817691802979, -0.5200031399726868, 0.302299439907074, 0.4487326443195343, 0.8499283194541931, 0.2761530876159668, -0.4005333185195923, -0.08496224880218506, 0.9123346209526062),
            ["UpperTorso"] = CFrame.new(3.725290298461914e-09, -5.960464477539063e-08, -7.450580596923828e-09, 0.9914809465408325, -0.11832091212272644, 0.054458800703287125, 0.0909571722149849, 0.9282199740409851, 0.36074167490005493, -0.09323326498270035, -0.3527149260044098, 0.9310745000839233),
            ["HumanoidRootPart"] = CFrame.new(0, 0, 0, 1, 0, 0, 0, 1, 0, 0, 0, 1),
            ["RightHand"] = CFrame.new(3.2782554626464844e-07, 0.0000013113021850585938, -7.972121238708496e-07, 0.6904148459434509, -0.10571065545082092, 0.7156480550765991, -0.21536697447299957, 0.9143736958503723, 0.3428385257720947, -0.6906116008758545, -0.39082756638526917, 0.6085308790206909),
            ["LeftUpperArm"] = CFrame.new(0.006880640983581543, 0.01679694652557373, 0.11299005150794983, 0.6425116658210754, -0.11420707404613495, 0.7577174305915833, -0.25817298889160156, 0.8987538814544678, 0.35438409447669983, -0.7214744687080383, -0.4233182668685913, 0.5479745864868164),
            ["RightLowerArm"] = CFrame.new(3.2782554626464844e-07, 7.748603820800781e-07, -0.0000034570693969726562, 1, -0.000012561678886413574, 0.000014904888303135522, 0.000018939377696369775, 0.45865222811698914, -0.8886159658432007, 0.000004336238362157019, 0.8886159062385559, 0.4586522579193115),
            ["LeftHand"] = CFrame.new(-0.0000015497207641601562, -0.0000011324882507324219, 5.364418029785156e-07, 0.8322049975395203, 0.03315320611000061, -0.5534758567810059, -0.2921096980571747, 0.8746657371520996, -0.38682278990745544, 0.4712821841239929, 0.4835914373397827, 0.737585723400116),
            ["RightUpperLeg"] = CFrame.new(2.9802322387695312e-08, -8.754432201385498e-08, 5.75528247281909e-09, 0.935219407081604, -0.1954631209373474, 0.2952267527580261, 0.2787800431251526, 0.920542299747467, -0.27364906668663025, -0.21828050911426544, 0.3382250666618347, 0.9154001474380493),
            ["LeftUpperLeg"] = CFrame.new(-5.960464477539063e-08, 2.9802322387695312e-08, -1.4901161193847656e-08, 0.9215618968009949, 0.32492074370384216, 0.21248561143875122, -0.004662651102989912, 0.5565404891967773, -0.8308075070381165, -0.38820353150367737, 0.7646496891975403, 0.5144015550613403),
            ["RightLowerLeg"] = CFrame.new(-5.960464477539063e-08, -0.0007265806198120117, 0.000046053733967710286, 1, 2.0861628513557662e-07, 1.4901161193847656e-08, -7.450579886381092e-08, 0.5641023516654968, 0.8257047533988953, 9.685753354915505e-08, -0.8257048726081848, 0.5641025900840759),
            ["RightFoot"] = CFrame.new(1.043081283569336e-07, 0, -1.3205863069742918e-08, 0.9712973833084106, 0.22180286049842834, 0.0859357938170433, -0.2039913535118103, 0.9625277519226074, -0.17868416011333466, -0.12234816700220108, 0.15602517127990723, 0.9801465272903442),
            ["LeftLowerLeg"] = CFrame.new(-3.725290298461914e-09, -0.0007268190383911133, 0.00008098408579826355, 1, 2.60770320892334e-08, 1.210719347000122e-07, -1.285224868752266e-07, 0.302866131067276, 0.9530332088470459, 6.332992086299782e-08, -0.9530331492424011, 0.30286604166030884),
        }},
        {Time = 0.133, Data = {
            ["LeftFoot"] = CFrame.new(-6.05359673500061e-08, 0, 4.470348358154297e-08, 0.9463232159614563, 0.03731490671634674, -0.3210608959197998, -0.13973690569400787, 0.9429201483726501, -0.30228328704833984, 0.2914551794528961, 0.3309217095375061, 0.8975214958190918),
            ["LeftLowerArm"] = CFrame.new(0.0000014603137969970703, -7.748603820800781e-07, 0.000004723668098449707, 1, -4.0978196835794733e-08, -1.1175873737556685e-07, 0, -0.24499545991420746, -0.9695243239402771, 2.9802322387695312e-08, 0.9695242643356323, -0.24499540030956268),
            ["LowerTorso"] = CFrame.new(-0.06990746408700943, -0.2857835292816162, 0.3447170555591583, 0.8947630524635315, -0.184250608086586, 0.4067564606666565, 0.10136052966117859, 0.970930814743042, 0.21683968603610992, -0.4348852336406708, -0.1527910977602005, 0.8874287009239197),
            ["Head"] = CFrame.new(1.1175870895385742e-07, -4.76837158203125e-07, 2.5331974029541016e-07, 0.8915877342224121, 0.24666689336299896, -0.3797720968723297, -0.3936251997947693, 0.8367745876312256, -0.38061490654945374, 0.22389855980873108, 0.48883938789367676, 0.8431521654129028),
            ["RightUpperArm"] = CFrame.new(-0.052111804485321045, 0.05824768543243408, 0.11298366636037827, 0.7908535003662109, -0.46367838978767395, 0.3994409441947937, 0.3454377055168152, 0.8769674897193909, 0.33406713604927063, -0.5051964521408081, -0.1262163370847702, 0.8537248373031616),
            ["UpperTorso"] = CFrame.new(-4.842877388000488e-08, -8.940696716308594e-08, 3.3527612686157227e-08, 0.987584114074707, -0.11889094114303589, 0.10267680883407593, 0.07875945419073105, 0.9402650594711304, 0.33120816946029663, -0.13592100143432617, -0.3190089166164398, 0.9379545450210571),
            ["HumanoidRootPart"] = CFrame.new(0, 0, 0, 1, 0, 0, 0, 1, 0, 0, 0, 1),
            ["RightHand"] = CFrame.new(5.364418029785156e-07, 0.0000013709068298339844, -6.556510925292969e-07, 0.5956842303276062, -0.14292187988758087, 0.7904006838798523, -0.23876546323299408, 0.9080517292022705, 0.3441411554813385, -0.7669102549552917, -0.393719881772995, 0.5067877173423767),
            ["LeftUpperArm"] = CFrame.new(0.005124270915985107, 0.029947638511657715, 0.11155888438224792, 0.5739014744758606, -0.10836317390203476, 0.8117231726646423, -0.24193944036960602, 0.9245259761810303, 0.29447728395462036, -0.7823697328567505, -0.36538898944854736, 0.5043695569038391),
            ["RightLowerArm"] = CFrame.new(3.5762786865234375e-07, 3.5762786865234375e-07, -0.000003904104232788086, 1, -0.000016331670849467628, 0.000010546295925450977, 0.00001893937587738037, 0.6982496976852417, -0.7158542275428772, 0.000004343688488006592, 0.7158544063568115, 0.6982497572898865),
            ["LeftHand"] = CFrame.new(-0.0000014603137969970703, -0.0000011324882507324219, 0, 0.8385112285614014, -0.03739136829972267, -0.5435993671417236, -0.25803816318511963, 0.8514333963394165, -0.45659366250038147, 0.4799118638038635, 0.52312833070755, 0.7042883038520813),
            ["RightUpperLeg"] = CFrame.new(-5.960464477539063e-08, -2.905726432800293e-07, 5.045876605436206e-08, 0.9062371850013733, -0.1725999414920807, 0.38593214750289917, 0.3006451427936554, 0.9049029350280762, -0.30126968026161194, -0.2972317934036255, 0.38905012607574463, 0.8719477653503418),
            ["LeftUpperLeg"] = CFrame.new(-8.940696716308594e-08, -2.682209014892578e-07, 1.4901161193847656e-07, 0.9131112694740295, 0.3459104299545288, 0.21580922603607178, 0.02973364293575287, 0.4714127480983734, -0.8814114332199097, -0.4066247045993805, 0.81124347448349, 0.42016711831092834),
            ["RightLowerLeg"] = CFrame.new(4.470348358154297e-08, -0.0007264018058776855, 0.00004603883280651644, 1, 1.3411047916633834e-07, -8.940696716308594e-08, -8.195637946073475e-08, 0.5195233821868896, 0.8544561862945557, 1.2665985593685036e-07, -0.8544561862945557, 0.5195234417915344),
            ["RightFoot"] = CFrame.new(2.086162567138672e-07, -5.960464477539063e-08, 4.639878170564771e-08, 0.9721360206604004, 0.23426638543605804, 0.008419722318649292, -0.2261999547481537, 0.946878969669342, -0.22859084606170654, -0.0615236833691597, 0.22031694650650024, 0.9734861850738525),
            ["LeftLowerLeg"] = CFrame.new(6.705522537231445e-08, -0.0007268190383911133, 0.00008093193173408508, 1, 3.539026138810186e-08, 3.073364496231079e-08, -3.166496753692627e-08, 0.3113594949245453, 0.9502922296524048, 1.1548399925231934e-07, -0.9502922892570496, 0.3113594055175781),
        }},
        {Time = 0.167, Data = {
            ["LeftFoot"] = CFrame.new(-5.587935447692871e-09, -5.960464477539063e-08, 0, 0.9429869651794434, 0.028694044798612595, -0.3315907120704651, -0.13207530975341797, 0.9467374086380005, -0.2936739921569824, 0.30550259351730347, 0.32072579860687256, 0.896550714969635),
            ["LeftLowerArm"] = CFrame.new(0.0000012814998626708984, -5.960464477539063e-08, 0.0000049173831939697266, 1, -7.450580596923828e-09, -9.685756197086448e-08, -5.960465188081798e-08, -0.3265354037284851, -0.9451850652694702, 0, 0.9451850056648254, -0.32653531432151794),
            ["LowerTorso"] = CFrame.new(-0.015759354457259178, -0.3163701295852661, 0.3852185606956482, 0.8830417394638062, -0.21404284238815308, 0.4176397919654846, 0.0995180681347847, 0.9550982713699341, 0.2790762186050415, -0.4586212635040283, -0.2048732489347458, 0.864692747592926),
            ["Head"] = CFrame.new(1.6391277313232422e-07, -5.960464477539062e-07, 1.9371509552001953e-07, 0.8718472123146057, 0.2082374095916748, -0.443305641412735, -0.41516926884651184, 0.7944017648696899, -0.4433516263961792, 0.25984013080596924, 0.5705814957618713, 0.7790504097938538),
            ["RightUpperArm"] = CFrame.new(-0.05185294151306152, 0.04947328567504883, 0.1049923449754715, 0.7587698698043823, -0.44034644961357117, 0.479962021112442, 0.27943792939186096, 0.8856725096702576, 0.37080809473991394, -0.5883728861808777, -0.14723826944828033, 0.795071005821228),
            ["UpperTorso"] = CFrame.new(4.470348358154297e-08, -3.5762786865234375e-07, 5.587935447692871e-08, 0.9825911521911621, -0.09955564886331558, 0.1568545252084732, 0.04641525819897652, 0.9490737915039062, 0.31161630153656006, -0.17988966405391693, -0.2989109754562378, 0.9371723532676697),
            ["HumanoidRootPart"] = CFrame.new(0, 0, 0, 1, 0, 0, 0, 1, 0, 0, 0, 1),
            ["RightHand"] = CFrame.new(4.76837158203125e-07, 0.0000010728836059570312, -8.791685104370117e-07, 0.5220241546630859, -0.1714218109846115, 0.835526704788208, -0.2570902705192566, 0.902411937713623, 0.3457706868648529, -0.8132621645927429, -0.3953064978122711, 0.4270104467868805),
            ["LeftUpperArm"] = CFrame.new(0.00497204065322876, 0.04306161403656006, 0.10461628437042236, 0.5356970429420471, -0.11084490269422531, 0.8371036052703857, -0.18305549025535583, 0.9525275826454163, 0.24327340722084045, -0.8243297338485718, -0.2835570275783539, 0.48997512459754944),
            ["RightLowerArm"] = CFrame.new(4.172325134277344e-07, 0, -0.0000035688281059265137, 1, -0.000018544493286754005, 0.000005846842213941272, 0.00001893751323223114, 0.8637679815292358, -0.5038897395133972, 0.000004302710294723511, 0.503889799118042, 0.8637679219245911),
            ["LeftHand"] = CFrame.new(-0.000001475214958190918, -0.0000010728836059570312, 4.172325134277344e-07, 0.8739102482795715, -0.056958213448524475, -0.4827384352684021, -0.2227429896593094, 0.8357829451560974, -0.5018492937088013, 0.43204933404922485, 0.5460976958274841, 0.7177123427391052),
            ["RightUpperLeg"] = CFrame.new(-5.960464477539063e-08, -2.7567148208618164e-07, 8.77116690389812e-08, 0.8883519768714905, -0.1624319702386856, 0.42947259545326233, 0.3272322118282318, 0.8801020979881287, -0.34400516748428345, -0.3221021890640259, 0.4461347460746765, 0.8349933624267578),
            ["LeftUpperLeg"] = CFrame.new(5.960464477539063e-08, -3.650784492492676e-07, 5.960464477539063e-08, 0.9177849888801575, 0.34855228662490845, 0.19021597504615784, 0.053999848663806915, 0.36502984166145325, -0.9294284582138062, -0.39338892698287964, 0.8632870316505432, 0.3161972165107727),
            ["RightLowerLeg"] = CFrame.new(2.60770320892334e-08, -0.0007265210151672363, 0.00004607981099979952, 1, 2.0861632776814076e-07, -1.4901164746561335e-08, -1.0430811414607888e-07, 0.4836216866970062, 0.8752771615982056, 6.332992796842518e-08, -0.8752772212028503, 0.48362183570861816),
            ["RightFoot"] = CFrame.new(3.2782554626464844e-07, -1.1920928955078125e-07, 1.6596459317952394e-08, 0.9717833995819092, 0.23469021916389465, -0.023613184690475464, -0.23037075996398926, 0.9228371977806091, -0.3087083399295807, -0.0506596714258194, 0.30543750524520874, 0.9508635997772217),
            ["LeftLowerLeg"] = CFrame.new(6.705522537231445e-08, -0.0007265806198120117, 0.00008097290992736816, 1, 0, 1.303851746570217e-07, -6.891787052154541e-08, 0.3129901885986328, 0.9497564435005188, 1.0989606380462646e-07, -0.9497564435005188, 0.3129901885986328),
        }},
        {Time = 0.200, Data = {
            ["LeftFoot"] = CFrame.new(4.516914486885071e-08, 0, 7.450580596923828e-08, 0.9407451748847961, 0.026525508612394333, -0.3380754292011261, -0.11785384267568588, 0.9603677988052368, -0.2525949478149414, 0.31797653436660767, 0.2774709463119507, 0.906587541103363),
            ["LeftLowerArm"] = CFrame.new(0.0000014603137969970703, -1.1920928955078125e-07, 0.000004947185516357422, 1, -2.0954757928848267e-08, -4.54601902788454e-08, -1.0989603538291703e-07, -0.39862576127052307, -0.9171137809753418, -1.1408698874504353e-08, 0.917113721370697, -0.3986257314682007),
            ["LowerTorso"] = CFrame.new(0.057316891849040985, -0.3496054410934448, 0.4247901439666748, 0.8687273263931274, -0.2556712329387665, 0.42419931292533875, 0.10067939758300781, 0.929740309715271, 0.35418468713760376, -0.4849500060081482, -0.264981746673584, 0.833431601524353),
            ["Head"] = CFrame.new(4.842877388000488e-08, -7.152557373046875e-07, -2.086162567138672e-07, 0.8363832235336304, 0.14366313815116882, -0.5289841890335083, -0.44342198967933655, 0.7446551322937012, -0.49886438250541687, 0.3222423195838928, 0.6518049240112305, 0.6865202188491821),
            ["RightUpperArm"] = CFrame.new(-0.05156409740447998, 0.039736270904541016, 0.09138499200344086, 0.7214498519897461, -0.43048030138015747, 0.5423992276191711, 0.22446474432945251, 0.8863735795021057, 0.40491652488708496, -0.6550768613815308, -0.1703774482011795, 0.7361017465591431),
            ["UpperTorso"] = CFrame.new(-1.862645149230957e-08, -8.940696716308594e-08, -1.30385160446167e-08, 0.966762900352478, -0.07722204923629761, 0.2437344789505005, 0.008909518830478191, 0.9628940224647522, 0.2697327435016632, -0.25551965832710266, -0.25859591364860535, 0.9315781593322754),
            ["HumanoidRootPart"] = CFrame.new(0, 0, 0, 1, 0, 0, 0, 1, 0, 0, 0, 1),
            ["RightHand"] = CFrame.new(3.5762786865234375e-07, 9.5367431640625e-07, -5.140900611877441e-07, 0.46601226925849915, -0.1933651864528656, 0.863389790058136, -0.2548362910747528, 0.90514075756073, 0.34026312828063965, -0.8472845554351807, -0.3785898685455322, 0.3725306987762451),
            ["LeftUpperArm"] = CFrame.new(0.0053555965423583984, 0.0544438362121582, 0.09229545295238495, 0.5498048663139343, -0.10674145817756653, 0.8284449577331543, -0.09723762422800064, 0.9768791794776917, 0.1903993785381317, -0.8296141028404236, -0.1852385401725769, 0.526713490486145),
            ["RightLowerArm"] = CFrame.new(2.980232238769531e-07, 2.384185791015625e-07, -0.000004306435585021973, 1, -0.00001930073085532058, 0.0000022202732452569762, 0.00001893192711577285, 0.9436612725257874, -0.33091312646865845, 0.000004291534878575476, 0.33091306686401367, 0.9436612725257874),
            ["LeftHand"] = CFrame.new(-0.0000016195699572563171, -0.0000012516975402832031, 2.980232238769531e-07, 0.946627140045166, 0.041381992399692535, -0.31966280937194824, -0.20267991721630096, 0.8475550413131714, -0.4904809594154358, 0.250635027885437, 0.5290918350219727, 0.8107059001922607),
            ["RightUpperLeg"] = CFrame.new(0, -1.30385160446167e-07, -1.6952981241047382e-09, 0.9049612879753113, -0.15920311212539673, 0.39458781480789185, 0.32663998007774353, 0.8542288541793823, -0.40447455644607544, -0.27267464995384216, 0.4949217438697815, 0.8250460028648376),
            ["LeftUpperLeg"] = CFrame.new(0, -2.60770320892334e-07, 1.7881393432617188e-07, 0.9255465865135193, 0.34785741567611694, 0.1495293378829956, 0.07322628796100616, 0.22301433980464935, -0.9720609784126282, -0.3714856207370758, 0.9106370210647583, 0.180937722325325),
            ["RightLowerLeg"] = CFrame.new(-9.313225746154785e-09, -0.0007264018058776855, 0.00004615804209606722, 1, 8.940698137394065e-08, 2.980233304583635e-08, -6.705522537231445e-08, 0.4979475438594818, 0.8672069907188416, 1.1734664440155029e-07, -0.8672072291374207, 0.4979478418827057),
            ["RightFoot"] = CFrame.new(2.086162567138672e-07, 0, 7.620110409334302e-08, 0.9684879779815674, 0.2469792664051056, -0.03213025629520416, -0.23836849629878998, 0.8817735910415649, -0.40700826048851013, -0.07219094038009644, 0.40184152126312256, 0.9128592014312744),
            ["LeftLowerLeg"] = CFrame.new(1.1920928955078125e-07, -0.0007266402244567871, 0.00008098036050796509, 1, 1.3038514623531228e-07, 8.195639367158947e-08, -1.4901157641133977e-08, 0.30773016810417175, 0.9514737725257874, 3.7252894102834944e-09, -0.9514737129211426, 0.30773016810417175),
        }},
        {Time = 0.233, Data = {
            ["LeftFoot"] = CFrame.new(-9.313225746154785e-10, -5.960464477539063e-08, 7.450580596923828e-08, 0.9398518800735474, 0.01838935725390911, -0.34108710289001465, -0.09328075498342514, 0.9744126796722412, -0.20449651777744293, 0.32859885692596436, 0.22401325404644012, 0.9175188541412354),
            ["LeftLowerArm"] = CFrame.new(0.0000014603137969970703, 1.1920928955078125e-07, 0.0000049173831939697266, 1, -5.8673329306202504e-08, -7.17118453508192e-08, -5.21540641784668e-08, -0.46306177973747253, -0.886326014995575, -1.4901161193847656e-08, 0.8863260746002197, -0.46306177973747253),
            ["LowerTorso"] = CFrame.new(0.1367320865392685, -0.3837321996688843, 0.45506173372268677, 0.8556520342826843, -0.29957354068756104, 0.4220370650291443, 0.1041751578450203, 0.8984507918357849, 0.4265369474887848, -0.5069586634635925, -0.32100141048431396, 0.7999693155288696),
            ["Head"] = CFrame.new(-1.4901161193847656e-08, -0.0000010728836059570312, -8.940696716308594e-08, 0.7816103100776672, 0.05861148238182068, -0.62100750207901, -0.47739535570144653, 0.6969848275184631, -0.5350757241249084, 0.40147122740745544, 0.7146865129470825, 0.5727510452270508),
            ["RightUpperArm"] = CFrame.new(-0.05228549242019653, 0.03561520576477051, 0.07511880993843079, 0.7083186507225037, -0.36108142137527466, 0.606552004814148, 0.07050662487745285, 0.8911615610122681, 0.44817376136779785, -0.7023628950119019, -0.2746839225292206, 0.6566848158836365),
            ["UpperTorso"] = CFrame.new(5.21540641784668e-08, 2.980232238769531e-07, 6.146728992462158e-08, 0.9318098425865173, -0.059780851006507874, 0.3579896092414856, -0.016690829768776894, 0.9782406091690063, 0.20680119097232819, -0.36256298422813416, -0.1986745446920395, 0.910536527633667),
            ["HumanoidRootPart"] = CFrame.new(0, 0, 0, 1, 0, 0, 0, 1, 0, 0, 0, 1),
            ["RightHand"] = CFrame.new(2.784654498100281e-07, 0.0000010728836059570312, -8.940696716308594e-07, 0.4263363778591156, -0.21731159090995789, 0.8780732154846191, -0.21655668318271637, 0.9179649949073792, 0.3323306739330292, -0.8782598972320557, -0.33183735609054565, 0.34430187940597534),
            ["LeftUpperArm"] = CFrame.new(0.004795968532562256, 0.0582958459854126, 0.07655180990695953, 0.5928438901901245, -0.13636095821857452, 0.793688952922821, 0.025563376024365425, 0.9882500171661377, 0.15069323778152466, -0.8049116730690002, -0.06904821842908859, 0.5893635749816895),
            ["RightLowerArm"] = CFrame.new(4.172325134277344e-07, 3.5762786865234375e-07, -0.000003993511199951172, 1, -0.000019400382370804437, -2.5331974029541016e-07, 0.00001893006447062362, 0.9781680107116699, -0.20781555771827698, 0.000004264992185198935, 0.20781560242176056, 0.9781680703163147),
            ["LeftHand"] = CFrame.new(-0.0000013709068298339844, -0.0000010728836059570312, -4.470348358154297e-08, 0.9647879004478455, 0.25581905245780945, 0.06116243451833725, -0.19901002943515778, 0.8620019555091858, -0.4662056863307953, -0.17198671400547028, 0.4376176595687866, 0.882559597492218),
            ["RightUpperLeg"] = CFrame.new(-2.9802322387695312e-08, 2.7567148208618164e-07, -1.6952981241047382e-09, 0.9281409382820129, -0.15252196788787842, 0.3395460247993469, 0.2975727319717407, 0.852036714553833, -0.43067848682403564, -0.22361764311790466, 0.5007700324058533, 0.8361964225769043),
            ["LeftUpperLeg"] = CFrame.new(5.960464477539063e-08, 1.7881393432617188e-07, 1.043081283569336e-07, 0.9323000907897949, 0.3470560312271118, 0.10182694345712662, 0.0796765685081482, 0.07754702866077423, -0.9937999248504639, -0.35280051827430725, 0.9346328377723694, 0.044644832611083984),
            ["RightLowerLeg"] = CFrame.new(-6.891787052154541e-08, -0.0007263422012329102, 0.000046181790821719915, 1, 1.3411049337719305e-07, -2.980233659855003e-08, -8.195640788244418e-08, 0.5621609687805176, 0.8270276784896851, 1.0698570918066252e-07, -0.8270277976989746, 0.5621612071990967),
            ["RightFoot"] = CFrame.new(2.086162567138672e-07, -1.7881393432617188e-07, -1.3205863069742918e-08, 0.964145302772522, 0.2628578245639801, -0.03646329790353775, -0.24249766767024994, 0.8168624043464661, -0.5233839750289917, -0.10779009014368057, 0.5134604573249817, 0.851316511631012),
            ["LeftLowerLeg"] = CFrame.new(-5.774199962615967e-08, -0.0007264614105224609, 0.00008075684309005737, 1, 1.6763807764164085e-07, 8.987264266124839e-08, -9.965152969471092e-08, 0.3039149045944214, 0.9526991844177246, 2.980232594040899e-08, -0.9526992440223694, 0.303914874792099),
        }},
        {Time = 0.267, Data = {
            ["LeftFoot"] = CFrame.new(-4.6566128730773926e-09, -1.1920928955078125e-07, 2.2351741790771484e-08, 0.9408998489379883, 0.006123415194451809, -0.33862972259521484, -0.06106792762875557, 0.986516535282135, -0.15184153616428375, 0.3331339657306671, 0.16354718804359436, 0.9285871982574463),
            ["LeftLowerArm"] = CFrame.new(0.0000011026859283447266, 0, 0.000004664063453674316, 1, 0, -6.891788473240013e-08, -7.450580596923828e-08, -0.5004231929779053, -0.8657809495925903, 1.4901161193847656e-08, 0.8657809495925903, -0.5004231333732605),
            ["LowerTorso"] = CFrame.new(0.20364710688591003, -0.40924370288848877, 0.475211501121521, 0.8380858302116394, -0.34303808212280273, 0.42418980598449707, 0.10892243683338165, 0.8671255707740784, 0.4860341250896454, -0.5345540046691895, -0.3611345589160919, 0.7640901803970337),
            ["Head"] = CFrame.new(0, -8.344650268554688e-07, -2.2351741790771484e-07, 0.7276018261909485, -0.027222048491239548, -0.685459315776825, -0.49392756819725037, 0.6726266145706177, -0.5510073900222778, 0.47605791687965393, 0.7394810914993286, 0.4759584665298462),
            ["RightUpperArm"] = CFrame.new(-0.05215340852737427, 0.035639047622680664, 0.06328503787517548, 0.7720317244529724, -0.29105040431022644, 0.5650283694267273, -0.014943232759833336, 0.8804328441619873, 0.4739350974559784, -0.635408341884613, -0.37433645129203796, 0.675372838973999),
            ["UpperTorso"] = CFrame.new(8.195638656616211e-08, 2.384185791015625e-07, 1.3597309589385986e-07, 0.8933467864990234, -0.024780869483947754, 0.448683500289917, -0.03655422851443291, 0.9911617636680603, 0.1275234818458557, -0.4478785991668701, -0.13032393157482147, 0.884545624256134),
            ["HumanoidRootPart"] = CFrame.new(0, 0, 0, 1, 0, 0, 0, 1, 0, 0, 0, 1),
            ["RightHand"] = CFrame.new(2.814922481775284e-07, 0.0000011920928955078125, -7.748603820800781e-07, 0.40162891149520874, -0.24144238233566284, 0.8834022879600525, -0.13586412370204926, 0.9382380247116089, 0.31819871068000793, -0.9056683778762817, -0.24782046675682068, 0.34402045607566833),
            ["LeftUpperArm"] = CFrame.new(0.004879355430603027, 0.056241631507873535, 0.06463643908500671, 0.6104471683502197, -0.12032349407672882, 0.7828643321990967, 0.15301679074764252, 0.9876894950866699, 0.0324876606464386, -0.7771358489990234, 0.09995920211076736, 0.6213438510894775),
            ["RightLowerArm"] = CFrame.new(3.5762786865234375e-07, 7.748603820800781e-07, -0.0000035762786865234375, 1, -0.000019321334548294544, -0.000001333886757493019, 0.00001896044886962045, 0.9884719848632812, -0.1514039784669876, 0.000004368368990981253, 0.15140400826931, 0.9884719848632812),
            ["LeftHand"] = CFrame.new(-0.0000012218952178955078, -0.0000013113021850585938, -1.4901161193847656e-08, 0.8108113408088684, 0.37024155259132385, 0.4533270299434662, -0.14626450836658478, 0.8781061768531799, -0.45556172728538513, -0.566737711429596, 0.30306902527809143, 0.7661319971084595),
            ["RightUpperLeg"] = CFrame.new(1.7881393432617188e-07, 2.4586915969848633e-07, 8.77116690389812e-08, 0.9531662464141846, -0.1351689100265503, 0.27056121826171875, 0.2465924173593521, 0.8652802109718323, -0.43644288182258606, -0.17511790990829468, 0.48272091150283813, 0.8580875396728516),
