return {
    ["Fresh"] = {
        {Time = 0.000, Data = {
            ["LeftFoot"] = CFrame.new(3.3527612686157227e-08, 0, -5.960464477539063e-08, 0.9929863214492798, -0.04934607446193695, -0.10743927210569382, 0.015193672850728035, 0.9544597864151001, -0.2979525029659271, 0.11724924296140671, 0.2942304313182831, 0.9485152959823608),
            ["LeftLowerArm"] = CFrame.new(0.0000019073486328125, -3.5762786865234375e-07, 0.0000045299530029296875, 1, 4.470348358154297e-08, -7.63684582238966e-08, -3.3527612686157227e-08, 0.7000210285186768, -0.7141222953796387, -7.450580596923828e-09, 0.7141222357749939, 0.700020968914032),
            ["LowerTorso"] = CFrame.new(0.01648251712322235, -0.44458019733428955, -0.05116727203130722, 0.9278240203857422, -0.16417108476161957, 0.33494848012924194, 0.09778937697410583, 0.9735877513885498, 0.2063111960887909, -0.3599720299243927, -0.15866605937480927, 0.9193722009658813),
            ["Head"] = CFrame.new(0, -4.76837158203125e-07, 1.4901161193847656e-08, 0.963506817817688, 0.1322052925825119, -0.2327585220336914, -0.21162840723991394, 0.9086629748344421, -0.3599238395690918, 0.16391521692276, 0.39604732394218445, 0.9034812450408936),
            ["RightUpperArm"] = CFrame.new(-0.029202580451965332, -0.023884892463684082, 0.06496617197990417, 0.9959246516227722, -0.006707808002829552, 0.08994000405073166, 0.06549298763275146, 0.73940110206604, -0.6700723767280579, -0.062006935477256775, 0.673231840133667, 0.7368269562721252),
            ["UpperTorso"] = CFrame.new(-3.725290298461914e-09, 2.086162567138672e-07, -2.2351741790771484e-08, 0.997578501701355, -0.05852712690830231, 0.03757268562912941, 0.050061821937561035, 0.9792754650115967, 0.1962478905916214, -0.048279982060194016, -0.19389209151268005, 0.979834258556366),
            ["HumanoidRootPart"] = CFrame.new(0, 0, 0, 1, 0, 0, 0, 1, 0, 0, 0, 1),
            ["RightHand"] = CFrame.new(2.384185791015625e-07, 7.152557373046875e-07, -4.172325134277344e-07, 0.5669983625411987, 0.4360699951648712, 0.6988248229026794, -0.4469570815563202, 0.875496506690979, -0.18367084860801697, -0.6919119954109192, -0.20820371806621552, 0.6913095116615295),
            ["LeftUpperArm"] = CFrame.new(0.02920210361480713, -0.0238875150680542, 0.06496528536081314, 0.13959649205207825, 0.002153575187548995, -0.990206241607666, -0.7753821015357971, 0.6221960186958313, -0.10795799642801285, 0.6158697009086609, 0.7828584909439087, 0.08852612227201462),
            ["RightLowerArm"] = CFrame.new(9.834766387939453e-07, 1.7881393432617188e-07, -0.000003933906555175781, 1, -0.00001929700556502212, 0.0000018253927009936888, 0.000018812716007232666, 0.9510709047317505, -0.30897289514541626, 0.000004295259714126587, 0.30897295475006104, 0.9510709047317505),
            ["LeftHand"] = CFrame.new(-0.0000016093254089355469, -4.76837158203125e-07, 1.1920928955078125e-07, 0.9202444553375244, 0.2021685391664505, 0.3350788950920105, -0.13520395755767822, 0.967747151851654, -0.21256886422634125, -0.3672465980052948, 0.15031135082244873, 0.9178979992866516),
            ["RightUpperLeg"] = CFrame.new(0, -5.21540641784668e-08, -1.6596459317952394e-08, 0.9134686589241028, -0.08129777759313583, -0.3987050950527191, -0.24941939115524292, 0.662314772605896, -0.706490695476532, 0.3215043842792511, 0.7448018789291382, 0.5847266316413879),
            ["LeftUpperLeg"] = CFrame.new(0, -6.332993507385254e-08, 0, 0.9106714129447937, 0.41077280044555664, 0.044081930071115494, -0.09991669654846191, 0.3225246071815491, -0.9412727952003479, -0.4008670151233673, 0.8527858257293701, 0.3347570598125458),
            ["RightLowerLeg"] = CFrame.new(-4.516914486885071e-08, -0.0007266402244567871, 0.00004595687641995028, 1, 8.800997619573536e-08, 1.3108372343140218e-07, -9.848737647644157e-08, -0.05020574852824211, 0.9987389445304871, 2.1420420992512845e-08, -0.9987389445304871, -0.05020572990179062),
            ["RightFoot"] = CFrame.new(1.7759157344698906e-07, -1.7881393432617188e-07, 1.6952981241047382e-09, 0.6075889468193054, 0.018426181748509407, -0.794037938117981, -0.47327882051467896, 0.8112565279006958, -0.343321830034256, 0.6378424167633057, 0.5844000577926636, 0.5016313791275024),
            ["LeftLowerLeg"] = CFrame.new(-2.9802322387695312e-08, -0.0007267594337463379, 0.00008106231689453125, 1, 3.725289943190546e-08, 1.0803341865539551e-07, -4.0978189730367376e-08, -0.12536709010601044, 0.9921104907989502, 6.70552182668871e-08, -0.9921104311943054, -0.12536709010601044),
        }},
        {Time = 0.017, Data = {
            ["LeftFoot"] = CFrame.new(1.862645149230957e-09, 0, 1.1175870895385742e-08, 0.9933342933654785, -0.052277520298957825, -0.10273362696170807, 0.01209520548582077, 0.9335952401161194, -0.3581254184246063, 0.1146334782242775, 0.3544955551624298, 0.9280043840408325),
            ["LeftLowerArm"] = CFrame.new(0.0000011920928955078125, -4.172325134277344e-07, 0.000004708766937255859, 1, 7.450579886381092e-08, -7.043126970529556e-08, -4.8428763221863846e-08, 0.7621011137962341, -0.6474580764770508, -5.960463056453591e-08, 0.6474581360816956, 0.7621011137962341),
            ["LowerTorso"] = CFrame.new(0.011644719168543816, -0.4250272512435913, -0.05090182274580002, 0.9194572567939758, -0.19752268493175507, 0.3399752974510193, 0.13242778182029724, 0.969710111618042, 0.20524446666240692, -0.37021782994270325, -0.14369133114814758, 0.9177645444869995),
            ["Head"] = CFrame.new(2.9802322387695312e-08, -3.5762786865234375e-07, 5.960464477539063e-08, 0.9740976691246033, 0.12816406786441803, -0.18629980087280273, -0.19033090770244598, 0.9095479846000671, -0.3694545030593872, 0.12209814786911011, 0.39534345269203186, 0.9103822708129883),
            ["RightUpperArm"] = CFrame.new(-0.029202580451965332, -0.023885011672973633, 0.06496623903512955, 0.9945081472396851, -0.1044863909482956, 0.006028113421052694, 0.08969490975141525, 0.8212096691131592, -0.5635327696800232, 0.05393131822347641, 0.5609788298606873, 0.8260717391967773),
            ["UpperTorso"] = CFrame.new(-5.21540641784668e-08, -5.960464477539063e-08, -5.029141902923584e-08, 0.9993937611579895, -0.03198295086622238, 0.013753998093307018, 0.028545353561639786, 0.9789282083511353, 0.20220018923282623, -0.01993119902908802, -0.201684832572937, 0.9792476296424866),
            ["HumanoidRootPart"] = CFrame.new(0, 0, 0, 1, 0, 0, 0, 1, 0, 0, 0, 1),
            ["RightHand"] = CFrame.new(1.7881393432617188e-07, 9.5367431640625e-07, -8.642673492431641e-07, 0.7893962264060974, 0.4269615411758423, 0.44108709692955017, -0.38131970167160034, 0.9041274189949036, -0.19274035096168518, -0.4810914397239685, -0.01604674570262432, 0.8765233755111694),
            ["LeftUpperArm"] = CFrame.new(0.029202282428741455, -0.02388739585876465, 0.0649653822183609, 0.14431671798229218, -0.10470021516084671, -0.9839769601821899, -0.7696007490158081, 0.6131782531738281, -0.17812031507492065, 0.6220027804374695, 0.7829753160476685, 0.007914479821920395),
            ["RightLowerArm"] = CFrame.new(8.344650268554688e-07, -1.1920928955078125e-07, -0.000003725290298461914, 1, -0.000019196422726963647, 0.000002473592758178711, 0.000018812719645211473, 0.9384800791740417, -0.3453333377838135, 0.000004298985913919751, 0.3453333377838135, 0.9384801387786865),
            ["LeftHand"] = CFrame.new(-0.0000013709068298339844, -5.960464477539062e-07, 1.0849907994270325e-07, 0.9404929876327515, 0.04870803654193878, 0.33630403876304626, 0.04292125254869461, 0.9647202491760254, -0.25975513458251953, -0.33709174394607544, 0.2587325870990753, 0.9052219986915588),
            ["RightUpperLeg"] = CFrame.new(-5.960464477539063e-08, -1.9744038581848145e-07, -4.639878170564771e-08, 0.9353318214416504, -0.02769499085843563, -0.35268616676330566, -0.2468821108341217, 0.6629407405853271, -0.7067949175834656, 0.25338467955589294, 0.7481594681739807, 0.6132320165634155),
            ["LeftUpperLeg"] = CFrame.new(-2.9802322387695312e-08, -6.332993507385254e-08, -2.9802322387695312e-08, 0.9091583490371704, 0.41585853695869446, 0.02220219187438488, -0.13034145534038544, 0.33477964997291565, -0.9332383871078491, -0.3955278992652893, 0.8455674648284912, 0.3585711419582367),
            ["RightLowerLeg"] = CFrame.new(-4.470348358154297e-08, -0.0007266402244567871, 0.00004613755299942568, 1, 5.215404996761208e-08, 1.2293465090351674e-07, -9.313225746154785e-08, -0.02902638353407383, 0.9995787143707275, 1.30385160446167e-08, -0.9995786547660828, -0.02902626432478428),
            ["RightFoot"] = CFrame.new(1.9487924873828888e-07, 2.384185791015625e-07, 3.336026566103101e-08, 0.5767908096313477, 0.07937305420637131, -0.8130265474319458, -0.4832433760166168, 0.8355967402458191, -0.2612540125846863, 0.6586259603500366, 0.5435789227485657, 0.520321249961853),
            ["LeftLowerLeg"] = CFrame.new(-3.725290298461914e-08, -0.0007267594337463379, 0.00008110702037811279, 1, 8.940695295223122e-08, 8.568166975919667e-08, -1.5273690223693848e-07, -0.10006104409694672, 0.9949812889099121, 2.9802322387695312e-08, -0.9949812889099121, -0.10006104409694672),
        }},
        {Time = 0.033, Data = {
            ["LeftFoot"] = CFrame.new(-7.450580596923828e-09, 0, 2.421438694000244e-08, 0.9936724901199341, -0.058891959488391876, -0.0956386849284172, 0.005746214650571346, 0.8770502805709839, -0.4803640842437744, 0.11216936260461807, 0.476775199174881, 0.8718392252922058),
            ["LeftLowerArm"] = CFrame.new(0.0000018477439880371094, -5.960464477539062e-07, 0.000004172325134277344, 1, 1.341104507446289e-07, 0, -2.607702853651972e-08, 0.7289961576461792, -0.6845179200172424, -1.4901159417490817e-08, 0.6845179200172424, 0.7289961576461792),
            ["LowerTorso"] = CFrame.new(-0.0010155080817639828, -0.37742340564727783, -0.049890272319316864, 0.9156256318092346, -0.23562702536582947, 0.3257446587085724, 0.1798732727766037, 0.9647241830825806, 0.1922316998243332, -0.3595486879348755, -0.1174195259809494, 0.9257091283798218),
            ["Head"] = CFrame.new(-7.450580596923828e-08, -3.5762786865234375e-07, -7.450580596923828e-08, 0.9890363812446594, 0.08933796733617783, -0.1175832450389862, -0.1280280351638794, 0.9155585169792175, -0.38126298785209656, 0.0735931247472763, 0.39213693141937256, 0.9169583916664124),
            ["RightUpperArm"] = CFrame.new(-0.02920246124267578, -0.023884892463684082, 0.0649661272764206, 0.9768511652946472, -0.21361912786960602, -0.01134327333420515, 0.17946594953536987, 0.8472234010696411, -0.5000045299530029, 0.11642084270715714, 0.48639440536499023, 0.865948498249054),
            ["UpperTorso"] = CFrame.new(3.725290298461914e-09, 1.4901161193847656e-07, 7.450580596923828e-09, 0.9998286366462708, 0.014958029612898827, -0.010907969437539577, -0.012203923426568508, 0.9755997657775879, 0.21921686828136444, 0.013920891098678112, -0.21904639899730682, 0.9756152033805847),
            ["HumanoidRootPart"] = CFrame.new(0, 0, 0, 1, 0, 0, 0, 1, 0, 0, 0, 1),
            ["RightHand"] = CFrame.new(2.980232238769531e-07, 7.152557373046875e-07, -7.450580596923828e-07, 0.9470945000648499, 0.12372426688671112, -0.2961495816707611, -0.23121677339076996, 0.9029675722122192, -0.3621993660926819, 0.2226005643606186, 0.41151174902915955, 0.8838026523590088),
            ["LeftUpperArm"] = CFrame.new(0.02920210361480713, -0.0238875150680542, 0.06496524810791016, 0.18639014661312103, -0.13257944583892822, -0.9734892845153809, -0.7625723481178284, 0.605228841304779, -0.22843292355537415, 0.6194692850112915, 0.7849336862564087, 0.011707296594977379),
            ["RightLowerArm"] = CFrame.new(6.258487701416016e-07, 1.1920928955078125e-07, -0.000003874301910400391, 1, -0.000019140543372486718, -0.0000028237702736078063, 0.000018820164768840186, 0.9971338510513306, -0.07565824687480927, 0.000004298984549677698, 0.07565826177597046, 0.9971337914466858),
            ["LeftHand"] = CFrame.new(-0.0000016689300537109375, -3.5762786865234375e-07, -1.341104507446289e-07, 0.88139408826828, -0.08675600588321686, 0.46434664726257324, 0.22553621232509613, 0.9410018920898438, -0.25228723883628845, -0.41506385803222656, 0.3270915746688843, 0.8489601612091064),
            ["RightUpperLeg"] = CFrame.new(0, 3.3527612686157227e-08, 1.3205863069742918e-08, 0.9602527022361755, 0.05246247723698616, -0.2741577923297882, -0.23432864248752594, 0.6852014064788818, -0.6896296143531799, 0.15167364478111267, 0.7264617681503296, 0.6702601313591003),
            ["LeftUpperLeg"] = CFrame.new(-2.9802322387695312e-08, 1.6763806343078613e-08, 3.725290298461914e-08, 0.895504355430603, 0.44380316138267517, 0.03332872688770294, -0.16865329444408417, 0.4077011048793793, -0.8974050283432007, -0.41185933351516724, 0.7980091571807861, 0.439947247505188),
            ["RightLowerLeg"] = CFrame.new(-1.210719347000122e-07, -0.0007266402244567871, 0.00004600157990353182, 1, 4.5634816814299484e-08, 7.078055119791316e-08, -1.210719347000122e-07, 0.040892843157052994, 0.9991636276245117, 7.636845111846924e-08, -0.9991636276245117, 0.04089301452040672),
            ["RightFoot"] = CFrame.new(1.9231811165809631e-07, 5.960464477539063e-08, -1.673470251262188e-10, 0.5815231800079346, 0.1604447215795517, -0.7975512742996216, -0.4694101810455322, 0.8668753504753113, -0.16787287592887878, 0.6644433736801147, 0.4720006287097931, 0.5794227123260498),
            ["LeftLowerLeg"] = CFrame.new(-5.21540641784668e-08, -0.0007266402244567871, 0.00008085370063781738, 1, 5.960463766996327e-08, 1.341104365337742e-07, -6.332992796842518e-08, -0.008004053495824337, 0.9999679923057556, 8.940695295223122e-08, -0.9999680519104004, -0.008004038594663143),
        }},
        {Time = 0.050, Data = {
            ["LeftFoot"] = CFrame.new(0, 0, 3.725290298461914e-09, 0.9939688444137573, -0.06369355320930481, -0.0892697349190712, 0.00013231532648205757, 0.8147338032722473, -0.5798354744911194, 0.10966303199529648, 0.576326310634613, 0.8098282814025879),
            ["LeftLowerArm"] = CFrame.new(0.0000014901161193847656, -5.364418029785156e-07, 0.000004678964614868164, 1, 7.450581485102248e-09, -7.450580596923828e-09, -4.470348358154297e-08, 0.6461871862411499, -0.7631790041923523, -7.450580596923828e-08, 0.7631790637969971, 0.6461871862411499),
            ["LowerTorso"] = CFrame.new(-0.01832009293138981, -0.31841182708740234, -0.047805286943912506, 0.9138681888580322, -0.27031877636909485, 0.3029400408267975, 0.2271692454814911, 0.9588485956192017, 0.17030437290668488, -0.3365100920200348, -0.08681707829236984, 0.9376693367958069),
            ["Head"] = CFrame.new(-1.4901161193847656e-08, -3.5762786865234375e-07, 3.725290298461914e-08, 0.9985532164573669, 0.03658769279718399, -0.039406731724739075, -0.04915933310985565, 0.9181222915649414, -0.3932366371154785, 0.021792659536004066, 0.3946049213409424, 0.9185923933982849),
            ["RightUpperArm"] = CFrame.new(-0.029202580451965332, -0.023885011672973633, 0.0649661123752594, 0.9461935758590698, -0.32210105657577515, -0.031122852116823196, 0.27669432759284973, 0.8551618456840515, -0.43833619356155396, 0.16780376434326172, 0.40613946318626404, 0.8982722163200378),
            ["UpperTorso"] = CFrame.new(1.30385160446167e-08, 5.960464477539063e-08, 4.842877388000488e-08, 0.9970097541809082, 0.0676954910159111, -0.03726948797702789, -0.05642188712954521, 0.9672405123710632, 0.2475126087665558, 0.05280398949980736, -0.2446696162223816, 0.9681676030158997),
            ["HumanoidRootPart"] = CFrame.new(0, 0, 0, 1, 0, 0, 0, 1, 0, 0, 0, 1),
            ["RightHand"] = CFrame.new(2.9802322387695312e-08, 7.748603820800781e-07, -6.92903995513916e-07, 0.5032755732536316, -0.22644540667533875, -0.8339283466339111, -0.15865138173103333, 0.9244360327720642, -0.3467678725719452, 0.8494371771812439, 0.3068235218524933, 0.4293198585510254),
            ["LeftUpperArm"] = CFrame.new(0.02920234203338623, -0.02388739585876465, 0.06496527791023254, 0.2649150490760803, -0.1240462064743042, -0.9562596678733826, -0.7416471242904663, 0.6075747013092041, -0.2842753529548645, 0.6162626147270203, 0.7845160961151123, 0.06895722448825836),
            ["RightLowerArm"] = CFrame.new(0.000001341104507446289, 3.5762786865234375e-07, -0.0000037550926208496094, 1, -0.00001880154013633728, -0.000004250555775797693, 0.00001879408591776155, 0.9999972581863403, -0.0023737994488328695, 0.000004302709385228809, 0.0023737847805023193, 0.9999971985816956),
            ["LeftHand"] = CFrame.new(-0.0000013709068298339844, -9.5367431640625e-07, -1.4901161193847656e-07, 0.7581019997596741, -0.1917819082736969, 0.6232982873916626, 0.36344292759895325, 0.9178371429443359, -0.15963813662528992, -0.5414708256721497, 0.3475553095340729, 0.7655161619186401),
            ["RightUpperLeg"] = CFrame.new(-2.9802322387695312e-08, -1.30385160446167e-07, 1.3205863069742918e-08, 0.9758432507514954, 0.12564903497695923, -0.17872384190559387, -0.21332530677318573, 0.7245303988456726, -0.6553990840911865, 0.04714053124189377, 0.677693247795105, 0.7338322997093201),
            ["LeftUpperLeg"] = CFrame.new(0, -1.210719347000122e-07, 6.705522537231445e-08, 0.8754182457923889, 0.47879695892333984, 0.06630484014749527, -0.2062688171863556, 0.49409547448158264, -0.8445844054222107, -0.43714550137519836, 0.725688099861145, 0.5313012599945068),
            ["RightLowerLeg"] = CFrame.new(-4.284083843231201e-08, -0.0007262825965881348, 0.00004595687641995028, 1, 3.7252920748187535e-08, 4.4703490686970326e-08, -1.3597309589385986e-07, 0.14513708651065826, 0.9894116520881653, 6.705522537231445e-08, -0.9894115924835205, 0.14513711631298065),
            ["RightFoot"] = CFrame.new(1.8673017621040344e-07, 1.7881393432617188e-07, 1.1008523870259523e-08, 0.619659423828125, 0.24138982594013214, -0.7468286752700806, -0.4458965063095093, 0.8913323283195496, -0.08187347650527954, 0.6459090709686279, 0.3837417960166931, 0.6599573493003845),
            ["LeftLowerLeg"] = CFrame.new(-1.4901161193847656e-08, -0.0007267594337463379, 0.00008100271224975586, 1, 6.33299421792799e-08, 4.470347647611561e-08, -1.0430811414607888e-07, 0.11733059585094452, 0.993092954158783, 5.215405707303944e-08, -0.993092954158783, 0.1173303872346878),
        }},
        {Time = 0.067, Data = {
            ["LeftFoot"] = CFrame.new(-3.91155481338501e-08, 5.960464477539063e-08, 1.4901161193847656e-08, 0.9940462708473206, -0.06171546131372452, -0.08979511260986328, -0.0059445882216095924, 0.7921764254570007, -0.6102633476257324, 0.10879629850387573, 0.6071637272834778, 0.7870930433273315),
            ["LeftLowerArm"] = CFrame.new(0.0000019073486328125, -7.152557373046875e-07, 0.0000046193599700927734, 1, 4.470348358154297e-08, -5.960465188081798e-08, 7.450581485102248e-09, 0.559288740158081, -0.8289729356765747, 0, 0.8289729952812195, 0.5592887997627258),
            ["LowerTorso"] = CFrame.new(-0.03666487708687782, -0.26459169387817383, -0.0443682000041008, 0.9138736724853516, -0.29178956151008606, 0.28230082988739014, 0.26106753945350647, 0.954848051071167, 0.14180593192577362, -0.31093189120292664, -0.055893126875162125, 0.948787271976471),
            ["Head"] = CFrame.new(7.450580596923828e-08, -2.384185791015625e-07, -2.2351741790771484e-08, 0.9993668794631958, -0.007580846548080444, 0.034763406962156296, 0.021023377776145935, 0.9140550494194031, -0.40504521131515503, -0.02870526909828186, 0.4055193066596985, 0.9136354923248291),
            ["RightUpperArm"] = CFrame.new(-0.029202401638031006, -0.02388465404510498, 0.06496618688106537, 0.8976935148239136, -0.4244188666343689, -0.11838398873806, 0.34914255142211914, 0.84906405210495, -0.39647209644317627, 0.2687857449054718, 0.314577579498291, 0.9103818535804749),
            ["UpperTorso"] = CFrame.new(1.1548399925231934e-07, 1.7881393432617188e-07, -2.60770320892334e-08, 0.9915075302124023, 0.11148587614297867, -0.06695996969938278, -0.08787143975496292, 0.953883707523346, 0.28702691197395325, 0.09587164223194122, -0.2787054181098938, 0.955579400062561),
            ["HumanoidRootPart"] = CFrame.new(0, 0, 0, 1, 0, 0, 0, 1, 0, 0, 0, 1),
            ["RightHand"] = CFrame.new(4.0978193283081055e-07, 7.748603820800781e-07, -9.08970832824707e-07, 0.24900540709495544, -0.31969285011291504, -0.9142171740531921, -0.13357232511043549, 0.9235931634902954, -0.3593524396419525, 0.9592469930648804, 0.21159476041793823, 0.1872774362564087),
            ["LeftUpperArm"] = CFrame.new(0.029202163219451904, -0.023887276649475098, 0.06496526300907135, 0.3715875446796417, -0.1142369732260704, -0.9213427901268005, -0.6946166753768921, 0.6242350339889526, -0.3575453758239746, 0.6159791946411133, 0.772839367389679, 0.15260732173919678),
            ["RightLowerArm"] = CFrame.new(8.046627044677734e-07, -1.1920928955078125e-07, -0.000003814697265625, 1, -0.000018837861716747284, -0.0000042514870983723085, 0.000018809456378221512, 0.9999972581863403, -0.0023737826850265265, 0.000004283152520656586, 0.0023738276213407516, 0.9999972581863403),
            ["LeftHand"] = CFrame.new(-0.0000012516975402832031, -7.748603820800781e-07, 5.513429641723633e-07, 0.6522240042686462, -0.25359266996383667, 0.7143488526344299, 0.399748295545578, 0.9157565832138062, -0.039891317486763, -0.6440538167953491, 0.3115778863430023, 0.6986517906188965),
            ["RightUpperLeg"] = CFrame.new(0, -4.6566128730773926e-09, -5.3849362302571535e-08, 0.9827100038528442, 0.1605737805366516, -0.09218069911003113, -0.1833813339471817, 0.7754259705543518, -0.6042234301567078, -0.02554323524236679, 0.6106805205345154, 0.7914649844169617),
            ["LeftUpperLeg"] = CFrame.new(1.4901161193847656e-07, -1.6763806343078613e-08, -1.4901161193847656e-08, 0.8557306528091431, 0.5070008039474487, 0.10332071036100388, -0.2345472127199173, 0.5580804347991943, -0.7959482669830322, -0.46120771765708923, 0.6568838953971863, 0.5964822173118591),
            ["RightLowerLeg"] = CFrame.new(-5.21540641784668e-08, -0.0007265210151672363, 0.00004613569035427645, 1, 9.313225746154785e-08, 6.705523247774181e-08, -9.685754776000977e-08, 0.26084887981414795, 0.9653795957565308, 2.60770320892334e-08, -0.9653796553611755, 0.26084908843040466),
            ["RightFoot"] = CFrame.new(1.7462298274040222e-07, 1.1920928955078125e-07, -7.187918527051806e-08, 0.6851139664649963, 0.29786306619644165, -0.6647531986236572, -0.41816359758377075, 0.9080522656440735, -0.024090617895126343, 0.5964546799659729, 0.29448044300079346, 0.7466745972633362),
            ["LeftLowerLeg"] = CFrame.new(2.9802322387695312e-08, -0.0007266402244567871, 0.00008097290992736816, 1, 3.725289943190546e-08, 3.7252898543727042e-09, -9.313223614526578e-08, 0.21626463532447815, 0.9763348698616028, 3.352760558072987e-08, -0.9763347506523132, 0.21626442670822144),
        }},
        {Time = 0.083, Data = {
            ["LeftFoot"] = CFrame.new(3.632158041000366e-08, -1.1920928955078125e-07, -3.725290298461914e-08, 0.9938316345214844, -0.052977047860622406, -0.09742774814367294, -0.015398619696497917, 0.8040911555290222, -0.5943068265914917, 0.10982570052146912, 0.5921410918235779, 0.7983152866363525),
            ["LeftLowerArm"] = CFrame.new(0.0000013709068298339844, -4.76837158203125e-07, 0.000004351139068603516, 1, 1.5599651348452426e-08, 1.4901162970204496e-08, 1.4901161193847656e-08, 0.4574977159500122, -0.8892108798027039, -1.4901161193847656e-08, 0.8892108201980591, 0.45749756693840027),
            ["LowerTorso"] = CFrame.new(-0.05579517409205437, -0.2184211015701294, -0.03873728960752487, 0.9177764058113098, -0.2944450378417969, 0.2664370834827423, 0.27669528126716614, 0.9554464221000671, 0.10277130454778671, -0.2848268747329712, -0.020599188283085823, 0.9583577513694763),
            ["Head"] = CFrame.new(2.9802322387695312e-08, -2.384185791015625e-07, 1.73225998878479e-07, 0.9925476312637329, -0.044468436390161514, 0.1134539246559143, 0.08811931312084198, 0.9049967527389526, -0.41619256138801575, -0.08416794240474701, 0.42308807373046875, 0.9021706581115723),
            ["RightUpperArm"] = CFrame.new(-0.029202520847320557, -0.023884892463684082, 0.06496622413396835, 0.8046264052391052, -0.549342930316925, -0.22538594901561737, 0.3949270248413086, 0.7785586714744568, -0.4877288341522217, 0.4434063136577606, 0.3034282922744751, 0.8433989882469177),
            ["UpperTorso"] = CFrame.new(-1.9650906324386597e-07, -5.364418029785156e-07, 7.450580596923828e-09, 0.9834151268005371, 0.14629626274108887, -0.10720090568065643, -0.10197054594755173, 0.9347854256629944, 0.3402620553970337, 0.1499890238046646, -0.32368749380111694, 0.9342000484466553),
            ["HumanoidRootPart"] = CFrame.new(0, 0, 0, 1, 0, 0, 0, 1, 0, 0, 0, 1),
            ["RightHand"] = CFrame.new(8.940696716308594e-08, 5.960464477539062e-07, -8.344650268554688e-07, 0.390593022108078, -0.2610305845737457, -0.8827799558639526, -0.23118898272514343, 0.9004077911376953, -0.3685340881347656, 0.8910605311393738, 0.34803593158721924, 0.2913455367088318),
            ["LeftUpperArm"] = CFrame.new(0.029202282428741455, -0.02388739585876465, 0.06496525555849075, 0.4701980650424957, -0.08704277873039246, -0.8782581090927124, -0.6421065926551819, 0.6489720344543457, -0.408086895942688, 0.6054857969284058, 0.7558166980743408, 0.249254509806633),
            ["RightLowerArm"] = CFrame.new(5.066394805908203e-07, -5.960464477539063e-08, -0.000003851950168609619, 1, -0.000018753111362457275, -0.00000422075481765205, 0.000018858352632378228, 0.9999972581863403, -0.0023738075979053974, 0.000004284084297978552, 0.002373829483985901, 0.9999972581863403),
            ["LeftHand"] = CFrame.new(-0.0000016689300537109375, -6.556510925292969e-07, 8.940696716308594e-08, 0.5858811736106873, -0.2713431715965271, 0.7636203765869141, 0.3460771143436432, 0.9358103275299072, 0.06700412929058075, -0.7327850461006165, 0.22501534223556519, 0.6421794891357422),
            ["RightUpperLeg"] = CFrame.new(-2.086162567138672e-07, -4.468020051717758e-07, -1.6952981241047382e-09, 0.9880781173706055, 0.15349210798740387, -0.011912782676517963, -0.13575562834739685, 0.8321767449378967, -0.5376358032226562, -0.072609543800354, 0.5328434109687805, 0.8430930972099304),
            ["LeftUpperLeg"] = CFrame.new(-1.4901161193847656e-07, -3.4552067518234253e-07, 7.450580596923828e-09, 0.839119553565979, 0.5236729383468628, 0.14712131023406982, -0.2509150207042694, 0.6126222014427185, -0.7494902610778809, -0.48261788487434387, 0.5919972658157349, 0.6454609036445618),
            ["RightLowerLeg"] = CFrame.new(4.470348358154297e-08, -0.0007268190383911133, 0.0000461207891930826, 1, 2.980233304583635e-08, 8.195639367158947e-08, -8.940693874137651e-08, 0.3721325099468231, 0.9281796813011169, 8.568164844291459e-08, -0.9281796813011169, 0.3721325397491455),
            ["RightFoot"] = CFrame.new(1.4388933777809143e-07, -1.1920928955078125e-07, -3.648892743512988e-08, 0.7713852524757385, 0.33378008008003235, -0.5418075323104858, -0.38960981369018555, 0.9208937883377075, 0.012618862092494965, 0.5031589865684509, 0.20135943591594696, 0.8404078483581543),
            ["LeftLowerLeg"] = CFrame.new(1.1175870895385742e-08, -0.0007266998291015625, 0.00008106231689453125, 1, -3.725290298461914e-09, 5.587935447692871e-08, -1.2293456563838845e-07, 0.2845107316970825, 0.9586728811264038, 5.5879347371501353e-08, -0.9586728811264038, 0.2845107316970825),
        }},
        {Time = 0.100, Data = {
            ["LeftFoot"] = CFrame.new(-1.5832483768463135e-08, 1.1920928955078125e-07, -4.470348358154297e-08, 0.9932986497879028, -0.042708348482847214, -0.10739631950855255, -0.02660473622381687, 0.8197759985923767, -0.5720658898353577, 0.1124730110168457, 0.5710896253585815, 0.81314617395401),
            ["LeftLowerArm"] = CFrame.new(0.0000013709068298339844, -8.344650268554688e-07, 0.000004649162292480469, 1, 6.33299421792799e-08, -4.0978196835794733e-08, 0, 0.3152042031288147, -0.9490239024162292, 0, 0.949023962020874, 0.3152041733264923),
            ["LowerTorso"] = CFrame.new(-0.07615340501070023, -0.17290782928466797, -0.030378803610801697, 0.925440788269043, -0.28355687856674194, 0.25130653381347656, 0.2793938219547272, 0.9587193727493286, 0.05288000404834747, -0.2559269070625305, 0.02127617411315441, 0.9664620757102966),
            ["Head"] = CFrame.new(0, -4.76837158203125e-07, 2.1606683731079102e-07, 0.9754559993743896, -0.08298323303461075, 0.20395907759666443, 0.1644752025604248, 0.8904440402984619, -0.42433181405067444, -0.14640173316001892, 0.44746309518814087, 0.8822376132011414),
            ["RightUpperArm"] = CFrame.new(-0.029202520847320557, -0.023884892463684082, 0.06496628373861313, 0.6525721549987793, -0.6104816794395447, -0.44884467124938965, 0.38505762815475464, 0.7773487567901611, -0.4974531829357147, 0.6525951027870178, 0.15179280936717987, 0.7423468232154846),
            ["UpperTorso"] = CFrame.new(-4.563480615615845e-08, 1.1920928955078125e-07, -1.1175870895385742e-08, 0.9712433218955994, 0.1788540929555893, -0.15715515613555908, -0.10208334773778915, 0.9091426134109497, 0.40378081798553467, 0.2150942087173462, -0.37612617015838623, 0.9012566208839417),
            ["HumanoidRootPart"] = CFrame.new(0, 0, 0, 1, 0, 0, 0, 1, 0, 0, 0, 1),
            ["RightHand"] = CFrame.new(4.3213367462158203e-07, 7.748603820800781e-07, -8.940696716308594e-07, 0.5573660135269165, -0.09605102241039276, -0.8246924877166748, -0.22306367754936218, 0.9394428730010986, -0.2601725459098816, 0.7997412085533142, 0.3289702534675598, 0.5021877288818359),
            ["LeftUpperArm"] = CFrame.new(0.029202401638031006, -0.0238875150680542, 0.06496527791023254, 0.5529807806015015, -0.03203173354268074, -0.8325780034065247, -0.5986209511756897, 0.6797746419906616, -0.4237445592880249, 0.5795389413833618, 0.732721209526062, 0.3567275106906891),
            ["RightLowerArm"] = CFrame.new(0.0000012814998626708984, 5.364418029785156e-07, -0.0000040084123611450195, 1, -0.00001896172580018174, 0.000003375113010406494, 0.00001892074942588806, 0.9213443398475647, -0.3887474834918976, 0.000004276633262634277, 0.3887474834918976, 0.9213443398475647),
            ["LeftHand"] = CFrame.new(-0.0000011324882507324219, -5.960464477539062e-07, 3.0547380447387695e-07, 0.5141473412513733, -0.2730346620082855, 0.8130832314491272, 0.24869418144226074, 0.9547111392021179, 0.16333363950252533, -0.8208554983139038, 0.11823153495788574, 0.558764636516571),
            ["RightUpperLeg"] = CFrame.new(5.960464477539063e-08, 3.6065466701984406e-07, 2.029992174357176e-09, 0.9901134967803955, 0.11998395621776581, 0.0726582258939743, -0.07444889843463898, 0.88852459192276, -0.45274874567985535, -0.11888126283884048, 0.4428632855415344, 0.8886727690696716),
            ["LeftUpperLeg"] = CFrame.new(-2.9802322387695312e-08, 3.704335540533066e-07, -2.60770320892334e-08, 0.8230611681938171, 0.5276288986206055, 0.21018563210964203, -0.260850727558136, 0.6799137592315674, -0.6853278875350952, -0.5045069456100464, 0.509239673614502, 0.6972429156303406),
            ["RightLowerLeg"] = CFrame.new(-1.341104507446289e-07, -0.0007266402244567871, 0.000046090986870694906, 1, 7.450580596923828e-08, 2.980233304583635e-08, -1.0617074508445512e-07, 0.49201324582099915, 0.8705875873565674, 9.685752644372769e-08, -0.8705877661705017, 0.492013543844223),
            ["RightFoot"] = CFrame.new(2.491287887096405e-07, 5.960464477539063e-08, -3.9282895158976316e-08, 0.8533836603164673, 0.3597966134548187, -0.37720346450805664, -0.3688231110572815, 0.9281073808670044, 0.05085405707359314, 0.3683827221393585, 0.09572336822748184, 0.9247331619262695),
            ["LeftLowerLeg"] = CFrame.new(-6.705522537231445e-08, -0.000726163387298584, 0.00008098781108856201, 1, 6.70552182668871e-08, 2.6077035641947077e-08, -6.332992796842518e-08, 0.36540332436561584, 0.9308493733406067, 5.4016702222270396e-08, -0.9308493733406067, 0.36540329456329346),
        }},
        {Time = 0.117, Data = {
            ["LeftFoot"] = CFrame.new(-5.587935447692871e-09, 1.1920928955078125e-07, 7.450580596923828e-09, 0.9924980401992798, -0.032014355063438416, -0.11799503862857819, -0.03745686262845993, 0.8390783071517944, -0.5427196025848389, 0.11638180166482925, 0.5430679321289062, 0.8315844535827637),
            ["LeftLowerArm"] = CFrame.new(0.0000018477439880371094, -5.960464477539062e-07, 0.000004589557647705078, 1, 2.6077035641947077e-08, 5.587936779960501e-09, -3.72529100900465e-08, 0.15712682902812958, -0.9875785112380981, 4.097820394122209e-08, 0.9875784516334534, 0.1571267545223236),
            ["LowerTorso"] = CFrame.new(-0.09487809240818024, -0.1305100917816162, -0.019825123250484467, 0.9348032474517822, -0.2631285786628723, 0.23855021595954895, 0.2708917260169983, 0.9626098275184631, 0.0002503126161172986, -0.2296966016292572, 0.06438726931810379, 0.9711302518844604),
            ["Head"] = CFrame.new(2.0489096641540527e-08, -8.344650268554688e-07, 6.332993507385254e-08, 0.950218141078949, -0.11279880255460739, 0.29045143723487854, 0.23465441167354584, 0.8723453283309937, -0.42889508605003357, -0.20499520003795624, 0.4756997227668762, 0.8553869724273682),
            ["RightUpperArm"] = CFrame.new(-0.02920246124267578, -0.023885250091552734, 0.06496629118919373, 0.4988548755645752, -0.6738080382347107, -0.5450928211212158, 0.32750171422958374, 0.7288624048233032, -0.6012505888938904, 0.8024254441261292, 0.12141785770654678, 0.5842700600624084),
            ["UpperTorso"] = CFrame.new(-7.019843906164169e-08, 1.1920928955078125e-07, 9.19681042432785e-09, 0.9561996459960938, 0.20499980449676514, -0.20894338190555573, -0.08673083037137985, 0.8801770806312561, 0.4666541814804077, 0.2795711159706116, -0.42809268832206726, 0.8594048023223877),
            ["HumanoidRootPart"] = CFrame.new(0, 0, 0, 1, 0, 0, 0, 1, 0, 0, 0, 1),
            ["RightHand"] = CFrame.new(3.5762786865234375e-07, 7.748603820800781e-07, -5.066394805908203e-07, 0.6185500025749207, 0.11147713661193848, -0.777797520160675, -0.17868395149707794, 0.9839059114456177, -0.0010825971839949489, 0.7651588320732117, 0.13964970409870148, 0.6285139322280884),
            ["LeftUpperArm"] = CFrame.new(0.02920222282409668, -0.02388787269592285, 0.06496532261371613, 0.625791072845459, 0.02909959852695465, -0.779447615146637, -0.560104489326477, 0.712229311466217, -0.4230983853340149, 0.5428337454795837, 0.7013434767723083, 0.4620058238506317),
            ["RightLowerArm"] = CFrame.new(4.172325134277344e-07, 4.76837158203125e-07, -0.0000039692968130111694, 1, -0.000016041096387198195, 0.000010855495929718018, 0.000018864870071411133, 0.6824299097061157, -0.7309510707855225, 0.000004351139068603516, 0.7309510111808777, 0.6824299097061157),
            ["LeftHand"] = CFrame.new(-0.0000011920928955078125, -4.76837158203125e-07, 2.6635825634002686e-07, 0.45668038725852966, -0.2709193229675293, 0.847375750541687, 0.14825132489204407, 0.9623596668243408, 0.22778363525867462, -0.8771913051605225, 0.021600404754281044, 0.47965511679649353),
            ["RightUpperLeg"] = CFrame.new(-1.4901161193847656e-07, -1.4994293451309204e-07, 1.0295480024069548e-08, 0.988187849521637, 0.0661478266119957, 0.13823571801185608, -0.013478386215865612, 0.9360647797584534, -0.3515697419643402, -0.15265324711799622, 0.3455536663532257, 0.9258993268013),
            ["LeftUpperLeg"] = CFrame.new(-1.1920928955078125e-07, -6.845220923423767e-08, -1.4231773093342781e-08, 0.8096529245376587, 0.5153383016586304, 0.28087136149406433, -0.2651553750038147, 0.7481182217597961, -0.6082859635353088, -0.5235979557037354, 0.4180258512496948, 0.7423607707023621),
            ["RightLowerLeg"] = CFrame.new(7.450580596923828e-08, -0.0007268190383911133, 0.000046090986870694906, 1, 5.960465898624534e-08, 5.960467319710006e-08, -4.470347647611561e-08, 0.6178041696548462, 0.7863317728042603, 7.450579886381092e-08, -0.7863319516181946, 0.6178045272827148),
            ["RightFoot"] = CFrame.new(2.4586915969848633e-07, 1.1920928955078125e-07, -5.045876605436206e-08, 0.9086416363716125, 0.366751104593277, -0.1996593028306961, -0.35597941279411316, 0.9302699565887451, 0.08875124156475067, 0.21828687191009521, -0.009568348526954651, 0.975837767124176),
            ["LeftLowerLeg"] = CFrame.new(-4.842877388000488e-08, -0.0007266998291015625, 0.00008110702037811279, 1, 3.725290653733282e-08, 1.862645504502325e-08, -3.539026494081554e-08, 0.45316991209983826, 0.8914242386817932, -5.0291429687376876e-08, -0.8914242386817932, 0.45316991209983826),
        }},
        {Time = 0.133, Data = {
            ["LeftFoot"] = CFrame.new(-6.332993507385254e-08, 5.960464477539063e-08, 2.2351741790771484e-08, 0.9916229248046875, -0.02158762887120247, -0.1273496001958847, -0.046265777200460434, 0.8611557483673096, -0.5062314867973328, 0.12059629708528519, 0.5078825950622559, 0.8529430627822876),
            ["LeftLowerArm"] = CFrame.new(0.0000017285346984863281, -4.172325134277344e-07, 0.000004470348358154297, 1, -3.3527616238870905e-08, -5.2154071283894154e-08, -7.450581485102248e-09, 0.006680489517748356, -0.9999777674674988, 5.2154071283894154e-08, 0.9999777674674988, 0.0066805267706513405),
            ["LowerTorso"] = CFrame.new(-0.1093321144580841, -0.09383642673492432, -0.008106652647256851, 0.9438870549201965, -0.23581978678703308, 0.2312278151512146, 0.2528355121612549, 0.96639084815979, -0.04650873690843582, -0.21248874068260193, 0.10236159712076187, 0.9717873930931091),
            ["Head"] = CFrame.new(-7.450580596923828e-09, -5.960464477539062e-07, 2.5331974029541016e-07, 0.9249148964881897, -0.12606488168239594, 0.35866451263427734, 0.2840266823768616, 0.8562411069869995, -0.4314859211444855, -0.2527081370353699, 0.5009579062461853, 0.8277558088302612),
            ["RightUpperArm"] = CFrame.new(-0.029202580451965332, -0.023885250091552734, 0.06496630609035492, 0.3961457312107086, -0.7738310694694519, -0.4942207336425781, 0.26964110136032104, 0.6125685572624207, -0.7430030107498169, 0.8777027726173401, 0.1610754132270813, 0.4513229727745056),
            ["UpperTorso"] = CFrame.new(7.450580596923828e-08, -5.960464477539063e-08, 0, 0.9409804940223694, 0.22091025114059448, -0.25642597675323486, -0.05893642455339432, 0.8529956340789795, 0.5185797810554504, 0.3332900106906891, -0.4728606641292572, 0.815671980381012),
            ["HumanoidRootPart"] = CFrame.new(0, 0, 0, 1, 0, 0, 0, 1, 0, 0, 0, 1),
            ["RightHand"] = CFrame.new(1.4901161193847656e-08, 6.556510925292969e-07, -6.258487701416016e-07, 0.5841156840324402, 0.26178500056266785, -0.7682952880859375, -0.20384740829467773, 0.9635365605354309, 0.1733304113149643, 0.7856558561325073, 0.05537005886435509, 0.616180956363678),
            ["LeftUpperArm"] = CFrame.new(0.029202163219451904, -0.02388763427734375, 0.0649653971195221, 0.6869419813156128, 0.08391089737415314, -0.7218517661094666, -0.5293921828269958, 0.7382714748382568, -0.41797035932540894, 0.4978499710559845, 0.6692639589309692, 0.5515713095664978),
            ["RightLowerArm"] = CFrame.new(5.960464477539063e-08, 1.1920928955078125e-07, -0.000003941357135772705, 1, -0.000014096498489379883, 0.000013284387932799291, 0.00001889467421278823, 0.5552167892456055, -0.8317057490348816, 0.000004343688942753943, 0.8317056894302368, 0.5552167892456055),
            ["LeftHand"] = CFrame.new(-0.0000013709068298339844, -5.960464477539062e-07, 1.7136335372924805e-07, 0.42988094687461853, -0.2723178267478943, 0.8608397841453552, 0.08934702724218369, 0.961582601070404, 0.25956928730010986, -0.898453950881958, -0.03467046469449997, 0.43769702315330505),
            ["RightUpperLeg"] = CFrame.new(-1.1920928955078125e-07, -2.5890767574310303e-07, -9.145878721028566e-09, 0.9863702654838562, 0.0019703723955899477, 0.16452881693840027, 0.039968084543943405, 0.9671108722686768, -0.2511953115463257, -0.15961267054080963, 0.25434747338294983, 0.9538506865501404),
