return {
    ["Frisbee Show"] = {
        {Time = 0.000, Data = {
            ["LeftLowerArm"] = CFrame.new(-0.0005018711090087891, -0.0000998377799987793, 1.7881393432617188e-07, 1, 5.215404996761208e-08, 7.078050856534901e-08, 0, 0.9281647205352783, -0.37216973304748535, -2.0861622829215776e-07, 0.3721696436405182, 0.9281647205352783),
            ["LeftFoot"] = CFrame.new(5.587935447692871e-08, 5.960464477539063e-08, -1.1175870895385742e-08, 0.9922704100608826, -0.12256616353988647, 0.0194198377430439, 0.10936348885297775, 0.7897459864616394, -0.6036067605018616, 0.058644890785217285, 0.6010648608207703, 0.7970457077026367),
            ["RightHand"] = CFrame.new(-1.564621925354004e-07, 4.76837158203125e-07, 2.868473529815674e-07, -0.3514135181903839, -0.12561604380607605, -0.9277549386024475, -0.23639695346355438, 0.9707529544830322, -0.0418957844376564, 0.9058836102485657, 0.2045956403017044, -0.3708309531211853),
            ["HumanoidRootPart"] = CFrame.new(0, 0, 0, 1, 0, 0, 0, 1, 0, 0, 0, 1),
            ["RightLowerLeg"] = CFrame.new(1.862645149230957e-09, -0.0000032186508178710938, -0.000009386036253999919, 1, 1.713633963618122e-07, 2.0489083851771284e-07, -1.8998976258899347e-07, 0.07502102851867676, 0.9971819519996643, 1.6391273049976007e-07, -0.9971820116043091, 0.07502127438783646),
            ["RightFoot"] = CFrame.new(-2.9802322387695312e-08, 1.1920928955078125e-07, -5.75528247281909e-09, 0.9704738855361938, 0.24047797918319702, -0.018728751689195633, -0.2313942313194275, 0.9062643051147461, -0.35375428199768066, -0.06809689104557037, 0.347642719745636, 0.9351509809494019),
            ["LeftLowerLeg"] = CFrame.new(-4.470348358154297e-08, 0.0000034570693969726562, 0.000009626150131225586, 1, -6.705523958316917e-08, -5.215407838932151e-08, 3.725289587919178e-08, 0.29484376311302185, 0.9555455446243286, -2.9802315282267955e-08, -0.9555455446243286, 0.2948436737060547),
            ["RightUpperArm"] = CFrame.new(-0.001652359962463379, -0.034592270851135254, 1.1920928955078125e-07, 0.9647750854492188, -0.2384398728609085, 0.11115221679210663, 0.22911019623279572, 0.553876519203186, -0.8004559874534607, 0.1292969435453415, 0.7977263927459717, 0.5889952778816223),
            ["Head"] = CFrame.new(-1.1362135410308838e-07, -1.1920928955078125e-07, 2.0489096641540527e-08, 0.8774203062057495, -0.03953684866428375, -0.47809037566185, 0.07482632249593735, 0.9956795573234558, 0.05498583987355232, 0.4738508462905884, -0.08401939272880554, 0.8765878081321716),
            ["UpperTorso"] = CFrame.new(-7.078051567077637e-08, 8.940696716308594e-08, 1.4901161193847656e-08, 0.9242804646492004, -0.04928808659315109, -0.3785187900066376, 0.07187925279140472, 0.9963622689247131, 0.04577789083123207, 0.3748854994773865, -0.06951919198036194, 0.9244610071182251),
            ["LeftUpperArm"] = CFrame.new(0.001652359962463379, -0.03459274768829346, 8.940696716308594e-08, 0.8805100917816162, 0.4069328308105469, 0.2431158721446991, -0.4635000228881836, 0.8465875387191772, 0.2616470754146576, -0.09934671968221664, -0.3430674374103546, 0.9340425729751587),
            ["RightLowerArm"] = CFrame.new(0.0000017285346984863281, -5.960464477539062e-07, -5.364418029785156e-07, 1, -1.7508864402770996e-07, -2.235174747511337e-07, -2.980232949312267e-08, 0.7960494160652161, -0.6052315831184387, 2.3841863594498136e-07, 0.6052316427230835, 0.7960494756698608),
            ["LeftHand"] = CFrame.new(2.384185791015625e-07, 0.00010013580322265625, -1.4901161193847656e-07, 0.7785866856575012, -0.11267443001270294, 0.6173387765884399, 0.23106975853443146, 0.966105580329895, -0.11509480327367783, -0.583446204662323, 0.2322596311569214, 0.7782326936721802),
            ["LeftUpperLeg"] = CFrame.new(-1.1920928955078125e-07, -2.2351741790771484e-07, 8.195638656616211e-08, 0.9801185131072998, -0.03974369540810585, -0.19439183175563812, -0.10307178646326065, 0.7351769804954529, -0.6699933409690857, 0.16954036056995392, 0.6767091751098633, 0.7164640426635742),
            ["LowerTorso"] = CFrame.new(-0.14186693727970123, -0.36305224895477295, 0.24788907170295715, 0.9559903144836426, 0.07115639001131058, -0.2846388518810272, -0.04393979534506798, 0.993926465511322, 0.10089346766471863, 0.29008927941322327, -0.08394620567560196, 0.9533106684684753),
            ["RightUpperLeg"] = CFrame.new(-5.960464477539063e-08, -3.073364496231079e-07, -1.1345400707796216e-07, 0.9408735036849976, 0.020894907414913177, 0.33811333775520325, 0.2784935235977173, 0.5205483436584473, -0.8071374893188477, -0.19286951422691345, 0.8535764813423157, 0.4839509129524231),
            ["frisbee"] = CFrame.new(-0.1433125138282776, 1.0922454595565796, -0.8377512693405151, -0.5023248195648193, -0.12551140785217285, 0.8555212616920471, -0.19709956645965576, 0.9799823760986328, 0.028042471036314964, -0.8419154286384583, -0.15453648567199707, -0.5170077085494995),
        }},
        {Time = 0.033, Data = {
            ["LeftLowerArm"] = CFrame.new(-0.0005018115043640137, -0.00010007619857788086, 1.7881393432617188e-07, 1, 8.940696716308594e-08, 1.154839708306099e-07, 7.450580596923828e-09, 0.9065183401107788, -0.4221664071083069, -1.7881393432617188e-07, 0.4221664071083069, 0.9065183401107788),
            ["LeftFoot"] = CFrame.new(4.842877388000488e-08, 0, -4.842877388000488e-08, 0.9830473065376282, -0.18228194117546082, 0.01977992244064808, 0.15660925209522247, 0.7786627411842346, -0.6075838804244995, 0.09534954279661179, 0.6003813743591309, 0.794009268283844),
            ["RightHand"] = CFrame.new(-1.4901161193847656e-07, 4.172325134277344e-07, 9.685754776000977e-08, -0.2811213433742523, -0.14571808278560638, -0.9485447406768799, -0.4381215572357178, 0.8988779783248901, -0.008241593837738037, 0.8538268804550171, 0.41326093673706055, -0.3165360391139984),
            ["HumanoidRootPart"] = CFrame.new(0, 0, 0, 1, 0, 0, 0, 1, 0, 0, 0, 1),
            ["RightLowerLeg"] = CFrame.new(-3.632158041000366e-08, -0.000003337860107421875, -0.000009549949027132243, 1, 2.0302834968788375e-07, 1.9092101410933537e-07, -2.0489092378284113e-07, 0.11317220330238342, 0.993575394153595, 1.5553082732822077e-07, -0.9935754537582397, 0.11317255347967148),
            ["RightFoot"] = CFrame.new(-7.171183824539185e-08, 1.1920928955078125e-07, 5.3849362302571535e-08, 0.9764183759689331, 0.21508367359638214, -0.018604867160320282, -0.1943007856607437, 0.8379559516906738, -0.5099776983261108, -0.09409788995981216, 0.501566469669342, 0.8599864840507507),
            ["LeftLowerLeg"] = CFrame.new(2.9802322387695312e-08, 0.0000034570693969726562, 0.000009670853614807129, 1, -4.470350489782504e-08, -4.470350489782504e-08, 7.450579886381092e-08, 0.23029325902462006, 0.9731212854385376, -6.70552182668871e-08, -0.9731212854385376, 0.2302933931350708),
            ["RightUpperArm"] = CFrame.new(-0.0016524195671081543, -0.03459179401397705, -2.9802322387695312e-08, 0.9600213170051575, -0.27827543020248413, 0.03035115823149681, 0.19509047269821167, 0.5873703956604004, -0.7854529023170471, 0.20074622333049774, 0.7599729895591736, 0.6181768774986267),
            ["Head"] = CFrame.new(-8.195638656616211e-08, 3.5762786865234375e-07, -1.862645149230957e-08, 0.8816722631454468, -0.04873773455619812, -0.46933841705322266, 0.07916216552257538, 0.9958320260047913, 0.04529901593923569, 0.46517446637153625, -0.07709262520074844, 0.8818556666374207),
            ["UpperTorso"] = CFrame.new(-4.842877388000488e-08, -1.4901161193847656e-07, -2.0489096641540527e-08, 0.9065205454826355, -0.0783851370215416, -0.41482093930244446, 0.08866091817617416, 0.9960464835166931, 0.00553905637934804, 0.41274675726890564, -0.04179967939853668, 0.9098863005638123),
            ["LeftUpperArm"] = CFrame.new(0.0016524791717529297, -0.0345921516418457, -1.1920928955078125e-07, 0.8403307199478149, 0.4548015594482422, 0.2949521839618683, -0.5185437798500061, 0.8330131769180298, 0.1928825080394745, -0.15797658264636993, -0.31503117084503174, 0.9358416199684143),
            ["RightLowerArm"] = CFrame.new(0.000002086162567138672, -5.960464477539062e-07, -1.7881393432617188e-07, 1, -1.5459953317531472e-07, -1.6391278734317893e-07, 1.4901164746561335e-08, 0.7045981884002686, -0.7096065878868103, 2.3841863594498136e-07, 0.7096065282821655, 0.7045981884002686),
            ["LeftHand"] = CFrame.new(-8.940696716308594e-08, 0.00010001659393310547, -1.4901161193847656e-08, 0.7906283736228943, -0.10740827023983002, 0.602802038192749, 0.22247882187366486, 0.9675994515419006, -0.11939214915037155, -0.5704472064971924, 0.22850550711154938, 0.7889075875282288),
            ["LeftUpperLeg"] = CFrame.new(0, -2.998858690261841e-07, 7.450580596923828e-08, 0.959862470626831, -0.03551943227648735, -0.27821317315101624, -0.1808561235666275, 0.6797882318496704, -0.7107594609260559, 0.21437181532382965, 0.7325478792190552, 0.6460793018341064),
            ["LowerTorso"] = CFrame.new(-0.07732710987329483, -0.4004713296890259, 0.2745290696620941, 0.9714671969413757, 0.06042301282286644, -0.22934825718402863, -0.034128982573747635, 0.9925534725189209, 0.11693082004785538, 0.23470573127269745, -0.10576702654361725, 0.9662953019142151),
            ["RightUpperLeg"] = CFrame.new(-8.940696716308594e-08, -1.4528632164001465e-07, -1.0600342648103833e-07, 0.9387719631195068, 0.027297617867588997, 0.3434560298919678, 0.2668922245502472, 0.5728039741516113, -0.7750253081321716, -0.21788933873176575, 0.8192377686500549, 0.5304466485977173),
            ["frisbee"] = CFrame.new(-0.19658420979976654, 1.373024821281433, -0.6413744688034058, 0.9438086748123169, -0.328427255153656, -0.036891091614961624, 0.33049261569976807, 0.9379364848136902, 0.10511866211891174, 0.00007766734779579565, -0.11140415817499161, 0.9937751889228821),
        }},
        {Time = 0.067, Data = {
            ["LeftLowerArm"] = CFrame.new(-0.0005014538764953613, -0.00009989738464355469, 2.086162567138672e-07, 1, 1.0430814256778831e-07, 1.3411042232291948e-07, 1.4901161193847656e-08, 0.882507860660553, -0.47029781341552734, -1.7136335372924805e-07, 0.47029781341552734, 0.8825078010559082),
            ["LeftFoot"] = CFrame.new(3.3527612686157227e-08, -5.960464477539063e-08, -3.725290298461914e-08, 0.9669486880302429, -0.25417613983154297, 0.020121917128562927, 0.21686741709709167, 0.7783766388893127, -0.5891508460044861, 0.1340855211019516, 0.5740421414375305, 0.8077725768089294),
            ["RightHand"] = CFrame.new(4.470348358154297e-08, 5.960464477539062e-07, 1.955777406692505e-07, -0.17999134957790375, -0.1262112259864807, -0.9755377173423767, -0.6330730319023132, 0.7739124894142151, 0.016679108142852783, 0.752875566482544, 0.6205886602401733, -0.21919840574264526),
            ["HumanoidRootPart"] = CFrame.new(0, 0, 0, 1, 0, 0, 0, 1, 0, 0, 0, 1),
            ["RightLowerLeg"] = CFrame.new(-2.2351741790771484e-08, -0.0000032186508178710938, -0.000009438190318178385, 1, 1.8253925304634322e-07, 1.974402437099343e-07, -2.1606676625651744e-07, 0.13793545961380005, 0.9904412031173706, 1.452862647965958e-07, -0.9904412627220154, 0.13793575763702393),
            ["RightFoot"] = CFrame.new(-1.862645149230957e-09, 2.384185791015625e-07, -2.996966941282153e-08, 0.9861351847648621, 0.16492876410484314, -0.018326012417674065, -0.14393816888332367, 0.7951769232749939, -0.5890465974807739, -0.08257831633090973, 0.5835171937942505, 0.807891309261322),
            ["LeftLowerLeg"] = CFrame.new(4.470348358154297e-08, 0.0000036954879760742188, 0.000009551644325256348, 1, -2.980233304583635e-08, -8.940698847936801e-08, 9.685754776000977e-08, 0.1872529536485672, 0.9823117852210999, -4.470348358154297e-08, -0.9823118448257446, 0.18725280463695526),
            ["RightUpperArm"] = CFrame.new(-0.001652538776397705, -0.0345919132232666, 5.960464477539063e-08, 0.9543333053588867, -0.24074357748031616, -0.17688842117786407, 0.0572395883500576, 0.728492796421051, -0.6826581358909607, 0.2932094633579254, 0.6413585543632507, 0.7090051770210266),
            ["Head"] = CFrame.new(-1.1594966053962708e-07, 0, -3.632158041000366e-08, 0.8899076581001282, -0.0776297077536583, -0.4494864344596863, 0.10241195559501648, 0.9942576885223389, 0.031042736023664474, 0.4444954991340637, -0.07365784049034119, 0.8927475810050964),
            ["UpperTorso"] = CFrame.new(-4.377216100692749e-08, -2.9802322387695312e-08, -1.792795956134796e-08, 0.8937534093856812, -0.0804329663515091, -0.4412885010242462, 0.06094934046268463, 0.9964439868927002, -0.05817794054746628, 0.4443986415863037, 0.02510049194097519, 0.8954774737358093),
            ["LeftUpperArm"] = CFrame.new(0.0016524791717529297, -0.0345921516418457, -5.960464477539063e-08, 0.8330016136169434, 0.44933465123176575, 0.32280606031417847, -0.5049431324005127, 0.8559077382087708, 0.11160924285650253, -0.2261434644460678, -0.2559696435928345, 0.9398615956306458),
            ["RightLowerArm"] = CFrame.new(0.0000018477439880371094, -2.980232238769531e-07, 1.7881393432617188e-07, 1, -1.8998980522155762e-07, -1.4435501327625389e-07, -2.980232594040899e-08, 0.428837388753891, -0.9033817052841187, 2.0861628513557662e-07, 0.9033817052841187, 0.428837388753891),
            ["LeftHand"] = CFrame.new(-5.960464477539063e-08, 0.00010013580322265625, -4.470348358154297e-07, 0.8227866888046265, -0.09202238917350769, 0.5608512163162231, 0.1976902186870575, 0.9715239405632019, -0.13061381876468658, -0.5328609347343445, 0.2183421105146408, 0.8175488114356995),
            ["LeftUpperLeg"] = CFrame.new(-5.960464477539063e-08, -2.384185791015625e-07, 5.21540641784668e-08, 0.912785530090332, -0.04751744866371155, -0.4056656062602997, -0.2977173924446106, 0.6025500893592834, -0.7404713034629822, 0.2796192467212677, 0.7966653108596802, 0.5358522534370422),
            ["LowerTorso"] = CFrame.new(-0.0016806392231956124, -0.42114460468292236, 0.29493609070777893, 0.9898329973220825, 0.029157884418964386, -0.1392139345407486, -0.007186612114310265, 0.9877646565437317, 0.15578600764274597, 0.14205299317836761, -0.1532016545534134, 0.9779316186904907),
            ["RightUpperLeg"] = CFrame.new(0, -3.0919909477233887e-07, -1.5815749065950513e-07, 0.958759069442749, 0.029425570741295815, 0.2826927602291107, 0.21130554378032684, 0.5913928151130676, -0.7782060503959656, -0.1900816261768341, 0.8058465719223022, 0.5607852935791016),
            ["frisbee"] = CFrame.new(-0.14291338622570038, 1.8642462491989136, -0.31014013290405273, 0.8569612503051758, -0.4618171751499176, 0.22878465056419373, 0.4037274718284607, 0.8774619102478027, 0.2589687705039978, -0.32034599781036377, -0.12955959141254425, 0.938399076461792),
        }},
        {Time = 0.100, Data = {
            ["LeftLowerArm"] = CFrame.new(-0.0005015134811401367, -0.00009989738464355469, 2.2351741790771484e-07, 1, 8.940698137394065e-08, 1.639127589214695e-07, -2.3283064365386963e-08, 0.8579236268997192, -0.5137773752212524, -1.7136335372924805e-07, 0.5137773752212524, 0.8579236268997192),
            ["LeftFoot"] = CFrame.new(2.9802322387695312e-08, 5.960464477539063e-08, -2.60770320892334e-08, 0.9421700239181519, -0.33451542258262634, 0.020376473665237427, 0.29013440012931824, 0.7837164402008057, -0.5491909980773926, 0.16774338483810425, 0.5233432650566101, 0.8354483842849731),
            ["RightHand"] = CFrame.new(-2.9802322387695312e-08, 4.76837158203125e-07, -7.450580596923828e-09, -0.07830046862363815, -0.08757685869932175, -0.9930757880210876, -0.7782984375953674, 0.6278658509254456, 0.00599594134837389, 0.6229933500289917, 0.773378849029541, -0.11732311546802521),
            ["HumanoidRootPart"] = CFrame.new(0, 0, 0, 1, 0, 0, 0, 1, 0, 0, 0, 1),
            ["RightLowerLeg"] = CFrame.new(-5.4016709327697754e-08, -0.000003337860107421875, -0.000009512696124147624, 1, 1.9371512394172896e-07, 1.8812704638548894e-07, -2.1420412110728648e-07, 0.12935929000377655, 0.9915978312492371, 1.4156097449813387e-07, -0.9915978908538818, 0.12935957312583923),
            ["RightFoot"] = CFrame.new(-6.332993507385254e-08, 1.1920928955078125e-07, -5.75528247281909e-09, 0.9940890073776245, 0.10707401484251022, -0.017947865650057793, -0.09503424912691116, 0.7782671451568604, -0.6207004189491272, -0.052492622286081314, 0.618736982345581, 0.7838423848152161),
            ["LeftLowerLeg"] = CFrame.new(-1.4901161193847656e-08, 0.0000035762786865234375, 0.000009670853614807129, 1, -7.450583439094771e-08, -1.4901166522918174e-08, 8.940696716308594e-08, 0.1881788969039917, 0.9821348190307617, -8.940696716308594e-08, -0.9821348190307617, 0.1881788820028305),
            ["RightUpperArm"] = CFrame.new(-0.001652538776397705, -0.03459179401397705, -8.940696716308594e-08, 0.9093422889709473, -0.16616137325763702, -0.3814251124858856, -0.053896304219961166, 0.8620132207870483, -0.5040128827095032, 0.4125432074069977, 0.47887760400772095, 0.7749103307723999),
            ["Head"] = CFrame.new(-1.0803341865539551e-07, 2.384185791015625e-07, -3.3527612686157227e-08, 0.9055538773536682, -0.10471609979867935, -0.41110435128211975, 0.11276014149188995, 0.9936111569404602, -0.0047109718434512615, 0.4089711308479309, -0.04208998754620552, 0.9115760922431946),
            ["UpperTorso"] = CFrame.new(-4.7264620661735535e-08, 2.9802322387695312e-08, 3.4691765904426575e-08, 0.8855433464050293, -0.06919693201780319, -0.459374338388443, 0.02467219904065132, 0.9944541454315186, -0.10223657637834549, 0.46390119194984436, 0.07920113950967789, 0.8823394775390625),
            ["LeftUpperArm"] = CFrame.new(0.0016524791717529297, -0.0345921516418457, 4.470348358154297e-08, 0.8626868724822998, 0.4013040363788605, 0.3077721893787384, -0.4289610981941223, 0.9029784202575684, 0.024982258677482605, -0.26788759231567383, -0.15357428789138794, 0.9511321187019348),
            ["RightLowerArm"] = CFrame.new(0.0000019073486328125, -2.980232238769531e-07, 1.4901161193847656e-07, 1, -1.8626454334480513e-07, -2.2351745343485163e-08, 1.4901162970204496e-08, 0.026780445128679276, -0.9996413588523865, 2.011657045386528e-07, 0.9996414184570312, 0.02678046002984047),
            ["LeftHand"] = CFrame.new(-7.450580596923828e-08, 0.00010007619857788086, -1.7881393432617188e-07, 0.8673612475395203, -0.06666070967912674, 0.493194580078125, 0.1577102541923523, 0.9767308235168457, -0.14534273743629456, -0.4720297157764435, 0.20384645462036133, 0.8576914072036743),
            ["LeftUpperLeg"] = CFrame.new(-5.960464477539063e-08, -8.614733815193176e-08, 8.614733815193176e-08, 0.8274468183517456, -0.09038957208395004, -0.5542216300964355, -0.4304049611091614, 0.5318223237991333, -0.7293261885643005, 0.36067095398902893, 0.8420183062553406, 0.40115049481391907),
            ["LowerTorso"] = CFrame.new(0.08000177145004272, -0.42996227741241455, 0.3079968988895416, 0.9997804760932922, -0.01747055910527706, -0.011567276902496815, 0.01939866505563259, 0.9804398417472839, 0.19586080312728882, 0.007919221185147762, -0.19604216516017914, 0.9805635809898376),
            ["RightUpperLeg"] = CFrame.new(-2.9802322387695312e-08, -1.955777406692505e-08, -6.781920092180371e-08, 0.9873636960983276, 0.010944627225399017, 0.15809255838394165, 0.1208362877368927, 0.5934306979179382, -0.7957630753517151, -0.10252635180950165, 0.8048108220100403, 0.5846091508865356),
            ["frisbee"] = CFrame.new(-0.08922384679317474, 2.313526153564453, 0.041876792907714844, 0.7658801078796387, -0.40584608912467957, 0.4987151622772217, 0.2476440966129303, 0.9019781351089478, 0.353706032037735, -0.593380331993103, -0.14739257097244263, 0.7913123369216919),
        }},
        {Time = 0.133, Data = {
            ["LeftLowerArm"] = CFrame.new(-0.0005013942718505859, -0.00010025501251220703, 1.7136335372924805e-07, 1, 8.102507109697399e-08, 1.3038514623531228e-07, -3.515743074444799e-08, 0.8351330757141113, -0.5500480532646179, -1.6856940021625633e-07, 0.5500480532646179, 0.8351330161094666),
            ["LeftFoot"] = CFrame.new(9.313225746154785e-09, -1.1920928955078125e-07, 1.862645149230957e-08, 0.8999583125114441, -0.43549418449401855, 0.020493317395448685, 0.4016387164592743, 0.8098759651184082, -0.4275364875793457, 0.16959251463413239, 0.39299601316452026, 0.9037657976150513),
            ["RightHand"] = CFrame.new(2.9802322387695312e-08, 1.1920928955078125e-07, -2.421438694000244e-07, -0.005762573331594467, -0.09745930880308151, -0.9952228665351868, -0.8169988393783569, 0.5743337869644165, -0.051512327045202255, 0.5766105651855469, 0.8127992153167725, -0.08293385058641434),
            ["HumanoidRootPart"] = CFrame.new(0, 0, 0, 1, 0, 0, 0, 1, 0, 0, 0, 1),
            ["RightLowerLeg"] = CFrame.new(-3.725290298461914e-09, -0.0000032186508178710938, -0.000009579751349519938, 1, 1.6763807764164085e-07, 2.0861612881617475e-07, -2.1979204234412464e-07, 0.0851176455616951, 0.9963709115982056, 1.4156097449813387e-07, -0.9963709712028503, 0.08511798083782196),
            ["RightFoot"] = CFrame.new(-1.341104507446289e-07, 5.960464477539063e-08, 6.502523319795728e-08, 0.9980075359344482, 0.06059037521481514, -0.017602045089006424, -0.05825258046388626, 0.7776395678520203, -0.6260060667991638, -0.02424192987382412, 0.6257839798927307, 0.779619574546814),
            ["LeftLowerLeg"] = CFrame.new(-3.725290298461914e-08, 0.0000033974647521972656, 0.000009663403034210205, 1, 0, -2.980233304583635e-08, 7.078050856534901e-08, 0.21105559170246124, 0.9774741530418396, 0, -0.9774741530418396, 0.21105562150478363),
            ["RightUpperArm"] = CFrame.new(-0.0016524195671081543, -0.03459179401397705, 2.9802322387695312e-08, 0.8720483779907227, -0.1073605865240097, -0.4774963855743408, -0.08262993395328522, 0.9293406009674072, -0.35985931754112244, 0.48239389061927795, 0.35327020287513733, 0.80156010389328),
            ["Head"] = CFrame.new(-1.2293457984924316e-07, 1.1920928955078125e-07, 9.313225746154785e-10, 0.9313788414001465, -0.0944848358631134, -0.3515767455101013, 0.06667135655879974, 0.9936693906784058, -0.09042220562696457, 0.35789453983306885, 0.060777343809604645, 0.9317820072174072),
            ["UpperTorso"] = CFrame.new(-4.842877388000488e-08, -5.960464477539063e-08, -1.862645149230957e-09, 0.8840185403823853, -0.05727870762348175, -0.46392932534217834, 0.02748558297753334, 0.9971165060997009, -0.07073446363210678, 0.46664321422576904, 0.04977919161319733, 0.8830437064170837),
            ["LeftUpperArm"] = CFrame.new(0.001652538776397705, -0.0345919132232666, 5.960464477539063e-08, 0.8967208862304688, 0.33342447876930237, 0.2910628914833069, -0.3223936855792999, 0.9426378011703491, -0.08658801019191742, -0.3032391667366028, -0.016191532835364342, 0.9527775049209595),
            ["RightLowerArm"] = CFrame.new(0.0000016689300537109375, -4.172325134277344e-07, 2.086162567138672e-07, 1, -1.3411046495548362e-07, -4.4703490686970326e-08, -2.2351745343485163e-08, -0.30843469500541687, -0.9512456059455872, 2.3469331722481002e-07, 0.9512455463409424, -0.30843454599380493),
            ["LeftHand"] = CFrame.new(-5.587935447692871e-09, 0.00010031461715698242, -4.3213367462158203e-07, 0.91523677110672, -0.03137821704149246, 0.4016929268836975, 0.10361476987600327, 0.9817630052566528, -0.15939056873321533, -0.38936588168144226, 0.18750137090682983, 0.901796817779541),
            ["LeftUpperLeg"] = CFrame.new(-1.1920928955078125e-07, -1.4901161193847656e-07, 7.82310962677002e-08, 0.7302104234695435, -0.16641253232955933, -0.6626458764076233, -0.5362205505371094, 0.46144482493400574, -0.7067787051200867, 0.4233913719654083, 0.8714215755462646, 0.24771800637245178),
            ["LowerTorso"] = CFrame.new(0.16264945268630981, -0.4318150281906128, 0.31259775161743164, 0.9857096672058105, -0.06562717258930206, 0.15514419972896576, 0.03127560019493103, 0.9762754440307617, 0.2142622172832489, -0.16552487015724182, -0.20634809136390686, 0.9643765687942505),
            ["RightUpperLeg"] = CFrame.new(-2.9802322387695312e-08, -2.086162567138672e-07, -1.2835516827180982e-07, 0.9988987445831299, -0.04589620977640152, -0.009748242795467377, 0.01997324638068676, 0.6039374470710754, -0.7967814803123474, 0.04245655611157417, 0.7957091927528381, 0.6041889786720276),
            ["frisbee"] = CFrame.new(-0.03586795926094055, 2.6061458587646484, 0.07540488243103027, 0.5962346196174622, -0.3173740804195404, 0.7374130487442017, 0.06904256343841553, 0.9354077577590942, 0.34676432609558105, -0.7998359203338623, -0.15584002435207367, 0.5796347856521606),
        }},
        {Time = 0.167, Data = {
            ["LeftLowerArm"] = CFrame.new(-0.0005015134811401367, -0.00009971857070922852, 1.30385160446167e-07, 1, 1.043081283569336e-07, 1.1175868053214799e-07, -2.0489098417897367e-08, 0.7983171343803406, -0.602237343788147, -1.8114226918442e-07, 0.602237343788147, 0.7983170747756958),
            ["LeftFoot"] = CFrame.new(1.1827796697616577e-07, 0, -2.60770320892334e-08, 0.8703643083572388, -0.4919837415218353, 0.02044825442135334, 0.4864455461502075, 0.8526396155357361, -0.19072598218917847, 0.07639903575181961, 0.17594820261001587, 0.9814303517341614),
            ["RightHand"] = CFrame.new(7.450580596923828e-08, 4.172325134277344e-07, 5.960464477539063e-08, 0.2123597413301468, -0.04976704716682434, -0.975923478603363, -0.6958447098731995, 0.6934796571731567, -0.18677890300750732, 0.6860784292221069, 0.7187554240226746, 0.11263704299926758),
            ["HumanoidRootPart"] = CFrame.new(0, 0, 0, 1, 0, 0, 0, 1, 0, 0, 0, 1),
            ["RightLowerLeg"] = CFrame.new(-6.146728992462158e-08, -0.0000033974647521972656, -0.00000956485018832609, 1, 1.7508865823856468e-07, 2.0302819336848188e-07, -2.1513544368190196e-07, -0.002532720798626542, 0.9999967813491821, 1.6856932916198275e-07, -0.9999968409538269, -0.002532415557652712),
            ["RightFoot"] = CFrame.new(-7.776543498039246e-08, 1.7881393432617188e-07, -5.045876605436206e-08, 0.9988933205604553, 0.0436696894466877, -0.01746698096394539, -0.045303553342819214, 0.7935497760772705, -0.6068168878555298, -0.012638526037335396, 0.6069363951683044, 0.7946497797966003),
            ["LeftLowerLeg"] = CFrame.new(-1.862645149230957e-08, 0.0000034570693969726562, 0.000009626150131225586, 1, -1.0430815677864302e-07, -1.4901162970204496e-08, 6.519257311765614e-08, 0.24232953786849976, 0.9701940417289734, -3.725289943190546e-08, -0.9701941013336182, 0.24232959747314453),
            ["RightUpperArm"] = CFrame.new(-0.0016524791717529297, -0.03459179401397705, -1.1175870895385742e-08, 0.9286977648735046, 0.05082569271326065, -0.3673356771469116, -0.19405396282672882, 0.9107223153114319, -0.3645934760570526, 0.316011905670166, 0.4098801612854004, 0.8556495308876038),
            ["Head"] = CFrame.new(-1.0104849934577942e-07, 0, -8.800998330116272e-08, 0.9611760377883911, -0.05305318161845207, -0.27078792452812195, -0.008124441839754581, 0.9754762053489685, -0.2199547290802002, 0.2758164703845978, 0.21361535787582397, 0.9371732473373413),
            ["UpperTorso"] = CFrame.new(-9.359791874885559e-08, -5.960464477539063e-08, 8.195638656616211e-08, 0.9144116044044495, -0.08918801695108414, -0.39483803510665894, 0.10839881002902985, 0.9937524795532227, 0.026568574830889702, 0.39000174403190613, -0.067094586789608, 0.9183664917945862),
            ["LeftUpperArm"] = CFrame.new(0.0016524791717529297, -0.03459203243255615, -5.21540641784668e-08, 0.9352113604545593, 0.22854256629943848, 0.27045637369155884, -0.18921791017055511, 0.9681710004806519, -0.1638352870941162, -0.2992931604385376, 0.10204543173313141, 0.9486892819404602),
            ["RightLowerArm"] = CFrame.new(0.0000017881393432617188, -9.5367431640625e-07, 1.3783574104309082e-07, 1, -1.7136335372924805e-07, 4.6566128730773926e-08, -2.2351741790771484e-08, -0.45166850090026855, -0.8921859264373779, 2.1420419216156006e-07, 0.8921859264373779, -0.4516684114933014),
            ["LeftHand"] = CFrame.new(4.470348358154297e-08, 0.00010001659393310547, -1.7881393432617188e-07, 0.9650055766105652, 0.024921145290136337, 0.26104262471199036, 0.01957336813211441, 0.9858514666557312, -0.16647453606128693, -0.26149800419807434, 0.16575828194618225, 0.950864315032959),
            ["LeftUpperLeg"] = CFrame.new(-1.1920928955078125e-07, -2.4866312742233276e-07, 1.1175870895385742e-07, 0.7687343955039978, -0.22797788679599762, -0.5975563526153564, -0.4900439381599426, 0.39042234420776367, -0.7793763875961304, 0.4109799563884735, 0.8919621109962463, 0.18841193616390228),
            ["LowerTorso"] = CFrame.new(0.24119161069393158, -0.4232703447341919, 0.30325186252593994, 0.949953556060791, -0.05688660219311714, 0.3071679174900055, -0.0010069913696497679, 0.9827172756195068, 0.18511056900024414, -0.3123894929885864, -0.17615577578544617, 0.9334784150123596),
            ["RightUpperLeg"] = CFrame.new(-5.960464477539063e-08, -2.253800630569458e-07, -7.620110409334302e-08, 0.9870315194129944, -0.11824002861976624, -0.10857313126325607, -0.010973447933793068, 0.6250746846199036, -0.7804879546165466, 0.1601511836051941, 0.7715575695037842, 0.6156707406044006),
            ["frisbee"] = CFrame.new(0.016842197626829147, 2.828763961791992, 0.10903263092041016, 0.3561934232711792, -0.25552108883857727, 0.8987966179847717, -0.03523978218436241, 0.9575267434120178, 0.28618311882019043, -0.9337475895881653, -0.13360999524593353, 0.33206021785736084),
        }},
        {Time = 0.200, Data = {
            ["LeftLowerArm"] = CFrame.new(-0.0005013942718505859, -0.00010013580322265625, 1.6391277313232422e-07, 1, 1.350417875300991e-07, 1.2759119272232056e-07, -1.3038517820973539e-08, 0.728996992111206, -0.6845168471336365, -1.5203842451683158e-07, 0.6845169067382812, 0.7289970517158508),
            ["LeftFoot"] = CFrame.new(8.055940270423889e-08, -5.960464477539063e-08, -2.421438694000244e-08, 0.8609139919281006, -0.5083406567573547, 0.020419061183929443, 0.49781280755996704, 0.8500038981437683, 0.1722668558359146, -0.10492651164531708, -0.13814204931259155, 0.9848387241363525),
            ["RightHand"] = CFrame.new(-2.0116567611694336e-07, 5.364418029785156e-07, 1.4901161193847656e-07, 0.6256830096244812, 0.016379395499825478, -0.7799054384231567, -0.3703375458717346, 0.8861666321754456, -0.27849408984184265, 0.6865646243095398, 0.46307724714279175, 0.5605253577232361),
            ["HumanoidRootPart"] = CFrame.new(0, 0, 0, 1, 0, 0, 0, 1, 0, 0, 0, 1),
            ["RightLowerLeg"] = CFrame.new(-9.918585419654846e-08, -0.0000033974647521972656, -0.000009542498446535319, 1, 1.755543053150177e-07, 2.221203061480992e-07, -2.1420412110728648e-07, -0.08360474556684494, 0.9964990615844727, 1.750885871842911e-07, -0.9964990615844727, -0.08360441774129868),
            ["RightFoot"] = CFrame.new(-2.0721927285194397e-07, 5.960464477539063e-08, -6.535992724820971e-08, 0.9985206723213196, 0.051471639424562454, -0.01753007434308529, -0.051997967064380646, 0.8096057176589966, -0.5846667289733887, -0.015901250764727592, 0.5847131609916687, 0.8110842108726501),
            ["LeftLowerLeg"] = CFrame.new(-2.7939677238464355e-08, 0.000003516674041748047, 0.000009410083293914795, 1, -5.774202094244174e-08, -5.5879375793210784e-08, 8.195638656616211e-08, 0.3443470299243927, 0.9388425350189209, -2.9802322387695312e-08, -0.9388425350189209, 0.3443470001220703),
            ["RightUpperArm"] = CFrame.new(-0.0016524195671081543, -0.0345919132232666, 8.940696716308594e-08, 0.9796203970909119, 0.14682187139987946, -0.13706454634666443, -0.19498349726200104, 0.8589706420898438, -0.4734463095664978, 0.04822243005037308, 0.4905230700969696, 0.8700931072235107),
            ["Head"] = CFrame.new(-1.4528632164001465e-07, -1.1920928955078125e-07, 6.332993507385254e-08, 0.9923208355903625, -0.03325657919049263, -0.11913607269525528, -0.016219567507505417, 0.9198740720748901, -0.39187848567962646, 0.12262269854545593, 0.3908016085624695, 0.9122707843780518),
            ["UpperTorso"] = CFrame.new(-2.9802322387695312e-08, -1.7881393432617188e-07, -4.470348358154297e-08, 0.9558543562889099, -0.15337367355823517, -0.2506372034549713, 0.19913533329963684, 0.965339183807373, 0.16871705651283264, 0.216073140501976, -0.21117956936359406, 0.9532657861709595),
            ["LeftUpperArm"] = CFrame.new(0.001652359962463379, -0.034592270851135254, 4.470348358154297e-08, 0.9794623851776123, 0.14680133759975433, 0.13821178674697876, -0.11822007596492767, 0.9734242558479309, -0.19613617658615112, -0.16333284974098206, 0.17576856911182404, 0.9707873463630676),
            ["RightLowerArm"] = CFrame.new(0.0000017285346984863281, -5.960464477539062e-07, 2.086162567138672e-07, 1, -2.151355715795944e-07, 8.940698137394065e-08, -2.421438694000244e-08, -0.47995850443840027, -0.877291202545166, 1.9418075680732727e-07, 0.8772913217544556, -0.4799584746360779),
            ["LeftHand"] = CFrame.new(7.636845111846924e-08, 0.00010001659393310547, -4.3213367462158203e-07, 0.9919455647468567, 0.10473309457302094, 0.07123957574367523, -0.09286794811487198, 0.9838131070137024, -0.153255894780159, -0.08613744378089905, 0.14540554583072662, 0.9856153130531311),
            ["LeftUpperLeg"] = CFrame.new(-5.960464477539063e-08, -1.4711986295878887e-07, -1.4901161193847656e-08, 0.8859608769416809, -0.23612023890018463, -0.3991497755050659, -0.30451393127441406, 0.3529565632343292, -0.8846994042396545, 0.3497779667377472, 0.90535569190979, 0.2408037632703781),
            ["LowerTorso"] = CFrame.new(0.31055748462677, -0.39001667499542236, 0.27791497111320496, 0.8681052327156067, 0.002433391287922859, 0.49637430906295776, -0.08135061711072922, 0.9871646165847778, 0.13743406534194946, -0.48966869711875916, -0.1596875786781311, 0.8571606874465942),
            ["RightUpperLeg"] = CFrame.new(-2.9802322387695312e-08, 5.9371814131736755e-09, -9.482755558565259e-08, 0.9599331021308899, -0.22911491990089417, -0.16135276854038239, 0.03222058713436127, 0.6622105240821838, -0.7486249804496765, 0.2783707082271576, 0.7134308218955994, 0.6430599093437195),
            ["frisbee"] = CFrame.new(0.06958353519439697, 2.991140365600586, 0.1407090425491333, 0.0848877802491188, -0.19756855070590973, 0.9766067266464233, -0.06150199845433235, 0.9772367477416992, 0.20304176211357117, -0.9944906830787659, -0.07729902118444443, 0.07080458104610443),
        }},
        {Time = 0.233, Data = {
            ["LeftLowerArm"] = CFrame.new(-0.0005015134811401367, -0.00009995698928833008, -5.960464477539063e-08, 1, 1.0803341865539551e-07, 7.450580596923828e-08, -1.862645149230957e-08, 0.6266196966171265, -0.7793253064155579, -1.555308699607849e-07, 0.7793251872062683, 0.6266196966171265),
            ["LeftFoot"] = CFrame.new(1.862645149230957e-08, -5.960464477539063e-08, 1.1175870895385742e-08, 0.8897450566291809, -0.4559977650642395, 0.02048623561859131, 0.39183539152145386, 0.7860320210456848, 0.4781409800052643, -0.2341340184211731, -0.4173964560031891, 0.8780441880226135),
            ["RightHand"] = CFrame.new(-1.4901161193847656e-07, 5.364418029785156e-07, 1.9371509552001953e-07, 0.9557763934135437, 0.02075204625725746, -0.2933613955974579, -0.06339161843061447, 0.9885961413383484, -0.1365988403558731, 0.2871812880039215, 0.1491546481847763, 0.9461922645568848),
            ["HumanoidRootPart"] = CFrame.new(0, 0, 0, 1, 0, 0, 0, 1, 0, 0, 0, 1),
            ["RightLowerLeg"] = CFrame.new(-2.1886080503463745e-08, -0.0000033974647521972656, -0.000009624454833101481, 1, 1.6856940021625633e-07, 2.491286750228028e-07, -2.0069991535365261e-07, -0.09720706194639206, 0.9952642321586609, 1.4947720217151073e-07, -0.9952642321586609, -0.09720689058303833),
            ["RightFoot"] = CFrame.new(-2.1420419216156006e-08, 5.960464477539063e-08, -5.790934665128589e-08, 0.9943221807479858, 0.10488948225975037, -0.017932936549186707, -0.09779557585716248, 0.8343125581741333, -0.5425488948822021, -0.04194580391049385, 0.5412217378616333, 0.8398328423500061),
            ["LeftLowerLeg"] = CFrame.new(-3.632158041000366e-08, 0.0000036954879760742188, 0.000009752344340085983, 1, -7.450584149637507e-08, -5.3551072909385766e-08, 1.0430811414607888e-07, 0.40759024024009705, 0.9131649732589722, -1.4901159417490817e-08, -0.9131649732589722, 0.40759024024009705),
            ["RightUpperArm"] = CFrame.new(-0.0016525983810424805, -0.0345919132232666, 1.7881393432617188e-07, 0.9969845414161682, -0.06482908129692078, 0.04264964535832405, 0.07749050110578537, 0.8609688878059387, -0.5027204751968384, -0.004129062872380018, 0.5045095086097717, 0.8633962869644165),
            ["Head"] = CFrame.new(-1.1920928955078125e-07, -1.1920928955078125e-07, 2.2351741790771484e-08, 0.9908263087272644, -0.07738693803548813, 0.11079094558954239, 0.12316867709159851, 0.8544788956642151, -0.5046733021736145, -0.05561339110136032, 0.5136896371841431, 0.8561719059944153),
            ["UpperTorso"] = CFrame.new(-2.9802322387695312e-08, -1.7881393432617188e-07, 1.4901161193847656e-08, 0.9821344017982483, -0.16953182220458984, -0.08167673647403717, 0.18661260604858398, 0.933349609375, 0.3066500723361969, 0.024246016517281532, -0.31641343235969543, 0.948311448097229),
            ["LeftUpperArm"] = CFrame.new(0.001652538776397705, -0.0345921516418457, 2.9802322387695312e-08, 0.9879913330078125, 0.08797801285982132, -0.12701503932476044, -0.11163607239723206, 0.9747954607009888, -0.1931617707014084, 0.10682036727666855, 0.20502160489559174, 0.9729109406471252),
            ["RightLowerArm"] = CFrame.new(0.0000017285346984863281, -5.364418029785156e-07, 2.9802322387695312e-08, 1, -1.639127589214695e-07, 2.9802318834981634e-08, -2.1420419216156006e-08, -0.421398788690567, -0.9068753719329834, 2.7194619178771973e-07, 0.906875491142273, -0.4213988184928894),
            ["LeftHand"] = CFrame.new(1.4156103134155273e-07, 0.00010001659393310547, -2.086162567138672e-07, 0.9747908711433411, 0.1891103982925415, -0.11840669810771942, -0.20289982855319977, 0.9720818996429443, -0.11784912645816803, 0.09281451255083084, 0.13890302181243896, 0.9859470129013062),
            ["LeftUpperLeg"] = CFrame.new(-5.960464477539063e-08, -1.83936208486557e-07, 5.587935447692871e-08, 0.9567018151283264, -0.2706252634525299, -0.10716145485639572, -0.019415048882365227, 0.3080122470855713, -0.9511843323707581, 0.29042157530784607, 0.9120802879333496, 0.2894216477870941),
            ["LowerTorso"] = CFrame.new(0.36947306990623474, -0.3206287622451782, 0.24063974618911743, 0.6568988561630249, 0.027683153748512268, 0.7534703612327576, -0.16695353388786316, 0.9798593521118164, 0.10955440998077393, -0.7352621555328369, -0.1977607011795044, 0.6482902765274048),
            ["RightUpperLeg"] = CFrame.new(0, -1.9371509552001953e-07, -1.2835516827180982e-07, 0.8893697261810303, -0.37449097633361816, -0.2622557282447815, 0.0946384146809578, 0.7120020985603333, -0.6957705616950989, 0.447286456823349, 0.593977689743042, 0.6686741709709167),
            ["frisbee"] = CFrame.new(0.1215486079454422, 3.095545768737793, 0.16953527927398682, -0.18103453516960144, -0.14292730391025543, 0.9730356335639954, -0.02880282513797283, 0.9897295236587524, 0.14002063870429993, -0.9830549359321594, -0.002677610609680414, -0.1832919418811798),
        }},
        {Time = 0.267, Data = {
            ["LeftLowerArm"] = CFrame.new(-0.0005015134811401367, -0.0000998377799987793, 1.7881393432617188e-07, 1, 1.7881393432617188e-07, 8.940695295223122e-08, -7.450580596923828e-09, 0.49435171484947205, -0.8692619204521179, -1.7508864402770996e-07, 0.8692619800567627, 0.49435174465179443),
            ["LeftFoot"] = CFrame.new(4.842877388000488e-08, -1.1920928955078125e-07, -2.9802322387695312e-08, 0.9887875914573669, -0.14804017543792725, 0.01958213560283184, 0.12451847642660141, 0.8897649645805359, 0.43910515308380127, -0.08242855966091156, -0.4317435920238495, 0.8982222080230713),
            ["RightHand"] = CFrame.new(1.0803341865539551e-07, 4.76837158203125e-07, 4.76837158203125e-07, 0.9676651358604431, -0.006940445862710476, 0.2521427869796753, -0.005276965443044901, 0.9988455772399902, 0.04774589091539383, -0.25218307971954346, -0.04753251373767853, 0.9665114283561707),
