return {
    ["Frog Dance"] = {
        {Time = 0.000, Data = {
            ["RightFoot"] = CFrame.new(-7.031485438346863e-08, 2.980232238769531e-07, 1.20904587674886e-07, 0.9847510457038879, -0.007480183616280556, -0.17380903661251068, -0.04441849887371063, 0.955150842666626, -0.2927692234516144, 0.1682039201259613, 0.2960256040096283, 0.940253496170044),
            ["LeftLowerArm"] = CFrame.new(8.940696716308594e-08, -3.5762786865234375e-07, -4.917383193969727e-07, 1, -5.587935447692871e-08, 1.396984004031765e-07, 7.450583439094771e-08, -0.18531617522239685, -0.9826790690422058, 1.4901166878189542e-07, 0.982679009437561, -0.18531616032123566),
            ["LeftFoot"] = CFrame.new(-4.470348358154297e-08, -1.1920928955078125e-07, -3.725290298461914e-08, 0.9908719658851624, -0.052350595593452454, 0.12422659993171692, -0.09661190956830978, 0.36690348386764526, 0.9252287149429321, -0.09401534497737885, -0.9287849068641663, 0.3584964871406555),
            ["Head"] = CFrame.new(3.864988684654236e-08, 2.384185791015625e-07, 4.470348358154297e-08, 0.6652520298957825, 0.1112796738743782, -0.7382794618606567, -0.044239673763513565, 0.9929682016372681, 0.10980494320392609, 0.7453069686889648, -0.04038660600781441, 0.6654970645904541),
            ["LowerTorso"] = CFrame.new(-0.027629945427179337, -0.3532050848007202, 0.027691060677170753, 0.5858339071273804, 0.17274615168571472, 0.7918063998222351, 0.3449045419692993, 0.8309804201126099, -0.43647730350494385, -0.7333754301071167, 0.5288008451461792, 0.42723551392555237),
            ["UpperTorso"] = CFrame.new(1.30385160446167e-08, 8.940696716308594e-08, -3.725290298461914e-09, 0.9212989211082458, 0.3887784481048584, 0.007720425724983215, -0.38870853185653687, 0.9213153123855591, -0.009163737297058105, -0.010675627738237381, 0.005441509187221527, 0.9999282360076904),
            ["HumanoidRootPart"] = CFrame.new(0, 0, 0, 1, 0, 0, 0, 1, 0, 0, 0, 1),
            ["RightUpperLeg"] = CFrame.new(1.1920928955078125e-07, 2.1979212760925293e-07, -6.129994289949536e-08, 0.9317288994789124, 0.3462003171443939, -0.10966621339321136, -0.3171337842941284, 0.9228028059005737, 0.21877218782901764, 0.17693927884101868, -0.1690577268600464, 0.9695937633514404),
            ["LeftUpperArm"] = CFrame.new(2.980232238769531e-07, 2.384185791015625e-07, 5.21540641784668e-08, 0.9822362661361694, 0.17140018939971924, -0.07638046890497208, -0.18033432960510254, 0.7496770024299622, -0.6367606520652771, -0.05188019946217537, 0.6392232775688171, 0.7672691345214844),
            ["RightLowerArm"] = CFrame.new(-1.7881393432617188e-07, 2.384185791015625e-07, -2.980232238769531e-07, 1, -7.916241884231567e-09, 1.136213683139431e-07, 8.940699558479537e-08, 0.10876919329166412, -0.9940670132637024, 1.713634105726669e-07, 0.9940670132637024, 0.10876912623643875),
            ["LeftHand"] = CFrame.new(2.384185791015625e-07, 0, -8.940696716308594e-08, 0.5666356086730957, 0.028496459126472473, 0.8234756588935852, -0.03210665285587311, 0.9994063973426819, -0.012492002919316292, -0.8233428001403809, -0.019360557198524475, 0.5672141909599304),
            ["RightHand"] = CFrame.new(-2.9802322387695312e-08, 2.384185791015625e-07, -2.9802322387695312e-08, 0.9897480010986328, -0.07684307545423508, -0.12039215862751007, 0.10582932829856873, 0.9606308937072754, 0.2568822205066681, 0.09591271728277206, -0.2669896185398102, 0.9589146375656128),
            ["RightUpperArm"] = CFrame.new(0, 2.384185791015625e-07, 2.2351741790771484e-07, 0.8845119476318359, -0.4291883707046509, -0.1828552633523941, 0.08068189769983292, -0.24532024562358856, 0.9660789966583252, -0.45948779582977295, -0.8692613840103149, -0.18236090242862701),
            ["RightLowerLeg"] = CFrame.new(5.21540641784668e-08, -0.00012230873107910156, -0.00007742101297480986, 1, -3.352760202801619e-08, 7.54371214384264e-08, -8.568168397005138e-08, 0.6348622441291809, 0.7726249694824219, -9.033830394855613e-08, -0.7726253271102905, 0.6348627209663391),
            ["LeftUpperLeg"] = CFrame.new(-1.1920928955078125e-07, 7.078051567077637e-08, 1.4901161193847656e-08, 0.8990473747253418, -0.23672246932983398, -0.3683425486087799, -0.4258531928062439, -0.27716025710105896, -0.8612964749336243, 0.10179836302995682, 0.9312059879302979, -0.34998899698257446),
            ["LeftLowerLeg"] = CFrame.new(5.21540641784668e-08, 0.00012296438217163086, 0.00007735658437013626, 1, -9.406356582530861e-08, 8.381900329368364e-08, -4.4703494239684005e-08, -0.7754415273666382, 0.6314190626144409, 1.6018752546642645e-07, -0.63141930103302, -0.7754417657852173),
        }},
        {Time = 0.033, Data = {
            ["RightFoot"] = CFrame.new(1.5366822481155396e-08, 2.980232238769531e-07, -1.3205863069742918e-08, 0.9849515557289124, -0.009622861631214619, -0.17256224155426025, -0.04092933237552643, 0.9570602178573608, -0.2869851291179657, 0.16791465878486633, 0.28972965478897095, 0.942264199256897),
            ["LeftLowerArm"] = CFrame.new(-1.1920928955078125e-07, 5.960464477539063e-08, -7.450580596923828e-08, 1, -9.685751223287298e-08, 1.0430811414607888e-07, -3.7252894102834944e-09, -0.18531614542007446, -0.982679009437561, 8.195636524988004e-08, 0.9826789498329163, -0.1853160411119461),
            ["LeftFoot"] = CFrame.new(1.4901161193847656e-08, -1.1920928955078125e-07, -3.725290298461914e-09, 0.9897648096084595, -0.03440038859844208, 0.1384996771812439, -0.11795719712972641, 0.3490401804447174, 0.9296542406082153, -0.0803225114941597, -0.9364761710166931, 0.34141024947166443),
            ["Head"] = CFrame.new(-2.60770320892334e-08, -1.1920928955078125e-07, 1.1920928955078125e-07, 0.6652510762214661, 0.11127965897321701, -0.7382804155349731, -0.0430513396859169, 0.9929025173187256, 0.1108657717704773, 0.7453774809837341, -0.04196952283382416, 0.6653201580047607),
            ["LowerTorso"] = CFrame.new(-0.027927657589316368, -0.36348938941955566, 0.02756141498684883, 0.588672935962677, 0.1776958554983139, 0.7885990738868713, 0.3344755470752716, 0.8345745205879211, -0.4377346932888031, -0.7359282970428467, 0.5214495062828064, 0.4318563938140869),
            ["UpperTorso"] = CFrame.new(-1.30385160446167e-08, -1.1920928955078125e-07, -1.1175870895385742e-08, 0.9248836040496826, 0.38003093004226685, 0.012911513447761536, -0.3799026310443878, 0.9249568581581116, -0.011355340480804443, -0.0162581205368042, 0.005597398150712252, 0.9998522400856018),
            ["HumanoidRootPart"] = CFrame.new(0, 0, 0, 1, 0, 0, 0, 1, 0, 0, 0, 1),
            ["RightUpperLeg"] = CFrame.new(-1.1920928955078125e-07, -2.1606683731079102e-07, 4.300818545743823e-08, 0.9353169202804565, 0.3335442841053009, -0.11802805960178375, -0.3080941438674927, 0.9318207502365112, 0.1918022483587265, 0.17395535111427307, -0.1430322676897049, 0.9743106961250305),
            ["LeftUpperArm"] = CFrame.new(-1.1920928955078125e-07, 1.1920928955078125e-07, -1.6391277313232422e-07, 0.9822363257408142, 0.17139938473701477, -0.07638096064329147, -0.1803339272737503, 0.7496769428253174, -0.6367608904838562, -0.05187930539250374, 0.6392236948013306, 0.7672688364982605),
            ["RightLowerArm"] = CFrame.new(1.1920928955078125e-07, -2.384185791015625e-07, -4.470348358154297e-08, 1, -6.542539665588265e-08, 5.215405707303944e-08, 1.0617077350616455e-07, 0.10876882076263428, -0.9940671324729919, 5.681067705154419e-08, 0.9940671324729919, 0.10876886546611786),
            ["LeftHand"] = CFrame.new(-2.682209014892578e-07, -3.5762786865234375e-07, 5.960464477539063e-08, 0.5666362047195435, 0.028496667742729187, 0.8234750628471375, -0.03210693597793579, 0.9994063973426819, -0.012491852045059204, -0.8233423829078674, -0.019360922276973724, 0.5672149658203125),
            ["RightHand"] = CFrame.new(0, 2.384185791015625e-07, 7.450580596923828e-09, 0.989747941493988, -0.07684299349784851, -0.12039212882518768, 0.10582936555147171, 0.9606308937072754, 0.256881982088089, 0.09591274708509445, -0.2669895887374878, 0.9589147567749023),
            ["RightUpperArm"] = CFrame.new(-1.1920928955078125e-07, -2.384185791015625e-07, 2.384185791015625e-07, 0.8845130205154419, -0.42918670177459717, -0.18285469710826874, 0.08068130910396576, -0.2453206330537796, 0.9660788178443909, -0.4594860076904297, -0.8692620992660522, -0.18236179649829865),
            ["RightLowerLeg"] = CFrame.new(1.862645149230957e-09, -0.00012260675430297852, -0.00007747689232928678, 1, 1.0058282384761696e-07, -1.14552719310268e-07, -1.844018271413006e-07, 0.5974669456481934, 0.8018935918807983, -2.1466979660544894e-07, -0.8018935322761536, 0.5974670052528381),
            ["LeftUpperLeg"] = CFrame.new(0, -1.8998980522155762e-07, 2.9802322387695312e-08, 0.8950709104537964, -0.25929883122444153, -0.36278393864631653, -0.4345214366912842, -0.32436275482177734, -0.8402262926101685, 0.10019581019878387, 0.9096994400024414, -0.40299850702285767),
            ["LeftLowerLeg"] = CFrame.new(2.2351741790771484e-08, 0.00012254714965820312, 0.0000774189829826355, 1, 1.0803340444454079e-07, 1.7788259754070168e-07, -2.9802318834981634e-08, -0.7324894666671753, 0.6807785630226135, 1.2665985593685036e-07, -0.680778443813324, -0.7324893474578857),
        }},
        {Time = 0.067, Data = {
            ["RightFoot"] = CFrame.new(5.541369318962097e-08, 2.980232238769531e-07, 1.6952981241047382e-09, 0.9840888381004333, -0.017422400414943695, -0.1768212765455246, -0.03255588561296463, 0.9606515765190125, -0.27584144473075867, 0.17466950416564941, 0.2772095203399658, 0.9447993040084839),
            ["LeftLowerArm"] = CFrame.new(-2.9802322387695312e-08, -1.1920928955078125e-07, -1.341104507446289e-07, 1, -1.0058282384761696e-07, 1.1920926112907182e-07, 5.5879347371501353e-08, -0.18531642854213715, -0.9826788902282715, 1.0430811414607888e-07, 0.9826789498329163, -0.18531639873981476),
            ["LeftFoot"] = CFrame.new(7.82310962677002e-08, 5.960464477539063e-08, 7.043126970529556e-08, 0.9872758388519287, -0.03780277818441391, 0.15445879101753235, -0.13449303805828094, 0.31973719596862793, 0.9379124641418457, -0.08484183251857758, -0.9467518329620361, 0.31058457493782043),
            ["Head"] = CFrame.new(4.656612873077393e-10, -2.384185791015625e-07, 1.043081283569336e-07, 0.665242612361908, 0.11128011345863342, -0.7382879257202148, -0.034730907529592514, 0.992372453212738, 0.11828311532735825, 0.7458190321922302, -0.053045447915792465, 0.6640332341194153),
            ["LowerTorso"] = CFrame.new(-0.029395973309874535, -0.36652135848999023, 0.028517747297883034, 0.606924831867218, 0.21169646084308624, 0.7660462856292725, 0.2604565918445587, 0.8576628565788269, -0.4433698356151581, -0.7508692145347595, 0.46861395239830017, 0.46539902687072754),
            ["UpperTorso"] = CFrame.new(5.587935447692871e-08, 1.4901161193847656e-07, -2.9802322387695312e-08, 0.9466322660446167, 0.318347305059433, 0.05042196810245514, -0.3173350393772125, 0.9479244351387024, -0.027164030820131302, -0.056443892419338226, 0.009713740088045597, 0.9983586072921753),
            ["HumanoidRootPart"] = CFrame.new(0, 0, 0, 1, 0, 0, 0, 1, 0, 0, 0, 1),
            ["RightUpperLeg"] = CFrame.new(1.1920928955078125e-07, 5.960464477539063e-08, -3.149762051180005e-08, 0.9578503966331482, 0.26495450735092163, -0.11100312322378159, -0.25238126516342163, 0.9607266187667847, 0.11536054313182831, 0.1372089684009552, -0.08248305320739746, 0.9871020317077637),
            ["LeftUpperArm"] = CFrame.new(-2.384185791015625e-07, -1.1920928955078125e-07, 7.450580596923828e-09, 0.9822364449501038, 0.17139892280101776, -0.07638044655323029, -0.18033330142498016, 0.7496774196624756, -0.6367605328559875, -0.05187934264540672, 0.6392231583595276, 0.7672691941261292),
            ["RightLowerArm"] = CFrame.new(3.5762786865234375e-07, 2.384185791015625e-07, -1.4901161193847656e-08, 1, -4.563479549801741e-08, 7.078050145992165e-08, 9.685753354915505e-08, 0.1087692528963089, -0.9940670728683472, 1.247972107876194e-07, 0.9940670132637024, 0.10876926779747009),
            ["LeftHand"] = CFrame.new(2.384185791015625e-07, 4.172325134277344e-07, 8.940696716308594e-08, 0.56663578748703, 0.028496645390987396, 0.8234753608703613, -0.032106734812259674, 0.9994064569473267, -0.012491971254348755, -0.8233426213264465, -0.019360704347491264, 0.5672144889831543),
            ["RightHand"] = CFrame.new(4.470348358154297e-08, 2.384185791015625e-07, -1.7136335372924805e-07, 0.9897478818893433, -0.07684354484081268, -0.12039248645305634, 0.10582976043224335, 0.9606308341026306, 0.2568821609020233, 0.09591303765773773, -0.26698973774909973, 0.9589146971702576),
            ["RightUpperArm"] = CFrame.new(0, -2.384185791015625e-07, -2.9802322387695312e-08, 0.8845070004463196, -0.42919737100601196, -0.18285773694515228, 0.08068585395812988, -0.24531416594982147, 0.9660801887512207, -0.45949673652648926, -0.8692586421966553, -0.18235191702842712),
            ["RightLowerLeg"] = CFrame.new(4.6566128730773926e-08, -0.00012230873107910156, -0.00007741542503936216, 1, 1.695006233148888e-07, -1.0430815677864302e-07, -7.450580596923828e-08, 0.5056582093238831, 0.862733781337738, -5.494803190231323e-08, -0.8627339005470276, 0.5056585073471069),
            ["LeftUpperLeg"] = CFrame.new(1.1920928955078125e-07, 1.7136335372924805e-07, -5.960464477539063e-08, 0.9094666242599487, -0.24419140815734863, -0.33651304244995117, -0.40314775705337524, -0.31995075941085815, -0.8573818206787109, 0.1016976460814476, 0.9154245257377625, -0.38942962884902954),
            ["LeftLowerLeg"] = CFrame.new(-1.862645149230957e-08, 0.0001227259635925293, 0.00007736962288618088, 1, -1.1175867342672063e-08, 1.4901159417490817e-08, -6.705523247774181e-08, -0.5368230938911438, 0.8436948657035828, 1.4156104555240745e-07, -0.843694806098938, -0.5368231534957886),
        }},
        {Time = 0.100, Data = {
            ["RightFoot"] = CFrame.new(-6.705522537231445e-08, 2.384185791015625e-07, 3.894820110872388e-08, 0.9796867370605469, -0.02288799360394478, -0.19922395050525665, -0.04298853501677513, 0.9463996291160583, -0.32012444734573364, 0.19587242603302002, 0.3221864104270935, 0.9261912703514099),
            ["LeftLowerArm"] = CFrame.new(-2.086162567138672e-07, -2.384185791015625e-07, 6.556510925292969e-07, 1, -8.568167686462402e-08, 1.8253919620292436e-07, 1.0430809993522416e-07, -0.18531639873981476, -0.9826789498329163, 9.685752644372769e-08, 0.982679009437561, -0.1853163093328476),
            ["LeftFoot"] = CFrame.new(-8.940696716308594e-08, 5.960464477539063e-08, -4.470348358154297e-08, 0.9987078309059143, 0.05073953792452812, -0.0028613728936761618, -0.0015648752450942993, 0.08698078244924545, 0.9962087869644165, 0.050795987248420715, -0.9949169754981995, 0.08694764226675034),
            ["Head"] = CFrame.new(-4.6566128730773926e-09, 0, -1.7881393432617188e-07, 0.6989189386367798, 0.12996432185173035, -0.7032932043075562, 0.022534579038619995, 0.9788609743118286, 0.20328210294246674, 0.7148458361625671, -0.15792609751224518, 0.6812158226966858),
            ["LowerTorso"] = CFrame.new(-0.03339345008134842, -0.3577237129211426, 0.0328514501452446, 0.6469161510467529, 0.30975353717803955, 0.6968158483505249, 0.022971393540501595, 0.9054529070854187, -0.4238247573375702, -0.7622150182723999, 0.29018574953079224, 0.578636646270752),
            ["UpperTorso"] = CFrame.new(2.7939677238464355e-09, -5.960464477539063e-08, -7.450580596923828e-09, 0.9854027628898621, 0.112572580575943, 0.12770652770996094, -0.09444564580917358, 0.9856270551681519, -0.14006952941417694, -0.14163900911808014, 0.1259635090827942, 0.9818715453147888),
            ["HumanoidRootPart"] = CFrame.new(0, 0, 0, 1, 0, 0, 0, 1, 0, 0, 0, 1),
            ["RightUpperLeg"] = CFrame.new(-2.9802322387695312e-08, -2.2351741790771484e-08, -7.620110409334302e-08, 0.9973549842834473, 0.07267455756664276, -0.0012423183070495725, -0.07256105542182922, 0.9945090413093567, -0.07541035860776901, -0.004244799725711346, 0.07530070841312408, 0.9971518516540527),
            ["LeftUpperArm"] = CFrame.new(1.7881393432617188e-07, 0, -2.5331974029541016e-07, 0.9822364449501038, 0.17139892280101776, -0.07638058811426163, -0.18033353984355927, 0.7496777176856995, -0.6367599964141846, -0.05187910795211792, 0.6392228603363037, 0.7672697305679321),
            ["RightLowerArm"] = CFrame.new(2.384185791015625e-07, -1.1920928955078125e-07, -8.940696716308594e-08, 1, -1.3224777717368852e-07, 7.823106784599076e-08, 7.450579175838357e-08, 0.10876912623643875, -0.9940671324729919, 5.960463056453591e-08, 0.9940670132637024, 0.10876917093992233),
            ["LeftHand"] = CFrame.new(-1.4901161193847656e-07, -1.7881393432617188e-07, -5.960464477539063e-08, 0.5666366219520569, 0.028496436774730682, 0.8234747648239136, -0.03210677206516266, 0.9994064569473267, -0.012491822242736816, -0.8233420252799988, -0.019360821694135666, 0.5672155022621155),
            ["RightHand"] = CFrame.new(-2.9802322387695312e-08, 5.960464477539063e-08, -1.862645149230957e-07, 0.9897477030754089, -0.0768432542681694, -0.12039342522621155, 0.10583006590604782, 0.9606309533119202, 0.2568820118904114, 0.09591399133205414, -0.26698949933052063, 0.9589146375656128),
            ["RightUpperArm"] = CFrame.new(-5.960464477539063e-08, -1.1920928955078125e-07, -3.2782554626464844e-07, 0.8845103979110718, -0.4291912913322449, -0.1828557550907135, 0.08068231493234634, -0.24531906843185425, 0.9660792350769043, -0.45949092507362366, -0.869260311126709, -0.18235918879508972),
            ["RightLowerLeg"] = CFrame.new(-1.6763806343078613e-08, -0.00012236833572387695, -0.00007746199116809294, 1, 1.6763799237651256e-08, 5.587936779960501e-09, -3.3527612686157227e-08, 0.28455373644828796, 0.9586601257324219, 3.91155481338501e-08, -0.9586600661277771, 0.2845539450645447),
            ["LeftUpperLeg"] = CFrame.new(5.960464477539063e-08, -5.21540641784668e-08, -7.450580596923828e-08, 0.9712657928466797, -0.022072087973356247, -0.2369718849658966, -0.23656652867794037, 0.019496522843837738, -0.9714197516441345, 0.026061400771141052, 0.9995663166046143, 0.013714879751205444),
            ["LeftLowerLeg"] = CFrame.new(-5.21540641784668e-08, 0.00012254714965820312, 0.00007724156603217125, 1, 3.725290653733282e-08, 1.341104507446289e-07, -7.450583439094771e-08, 0.46556615829467773, 0.8850131034851074, 7.450583439094771e-08, -0.8850131630897522, 0.46556609869003296),
        }},
        {Time = 0.133, Data = {
            ["RightFoot"] = CFrame.new(9.313225746154785e-10, 2.980232238769531e-07, -1.3205863069742918e-08, 0.9734619855880737, 0.006015298422425985, -0.22877037525177002, -0.08626807481050491, 0.9355530738830566, -0.34248772263526917, 0.2119663953781128, 0.35313495993614197, 0.9112443923950195),
            ["LeftLowerArm"] = CFrame.new(2.9802322387695312e-08, 0, -1.8998980522155762e-07, 1, -8.754431490842762e-08, 2.2747548200641177e-07, 3.445892815534535e-08, -0.02399294450879097, -0.9997121095657349, 5.215404996761208e-08, 0.9997122287750244, -0.023993058130145073),
            ["LeftFoot"] = CFrame.new(-1.7881393432617188e-07, 5.960464477539063e-08, 0, 0.9998636841773987, -0.016436206176877022, 0.0015684664249420166, 0.012460555881261826, 0.8135116100311279, 0.5814153552055359, -0.010832063853740692, -0.5813164114952087, 0.8136054873466492),
            ["Head"] = CFrame.new(-1.4901161193847656e-08, 4.76837158203125e-07, -1.1920928955078125e-07, 0.7601576447486877, 0.152188241481781, -0.6316636800765991, 0.10084555298089981, 0.9327647686004639, 0.346093088388443, 0.6418648362159729, -0.3267856240272522, 0.6937006115913391),
            ["LowerTorso"] = CFrame.new(-0.03732997551560402, -0.29567766189575195, 0.037749193608760834, 0.6673989295959473, 0.413509339094162, 0.6193456053733826, -0.2706241309642792, 0.909483015537262, -0.31560006737709045, -0.693787693977356, 0.043021105229854584, 0.7188934683799744),
            ["UpperTorso"] = CFrame.new(-1.1175870895385742e-08, 8.940696716308594e-08, -1.1175870895385742e-08, 0.9588303565979004, -0.10019373893737793, 0.2657170593738556, 0.19138631224632263, 0.9192636013031006, -0.3439849019050598, -0.20979899168014526, 0.3806777596473694, 0.9005936980247498),
            ["HumanoidRootPart"] = CFrame.new(0, 0, 0, 1, 0, 0, 0, 1, 0, 0, 0, 1),
            ["RightUpperLeg"] = CFrame.new(5.960464477539063e-08, 1.6763806343078613e-07, -4.639878170564771e-08, 0.9611546993255615, -0.1215742826461792, 0.2477927953004837, 0.18292739987373352, 0.9528643488883972, -0.24204793572425842, -0.20668628811836243, 0.277973473072052, 0.9380892515182495),
            ["LeftUpperArm"] = CFrame.new(0, 1.1920928955078125e-07, 1.341104507446289e-07, 0.98121577501297, 0.16060024499893188, -0.10687972605228424, -0.1894221305847168, 0.6971457600593567, -0.6914530992507935, -0.03653648495674133, 0.6987098455429077, 0.7144715189933777),
            ["RightLowerArm"] = CFrame.new(-5.960464477539063e-08, 2.980232238769531e-07, 2.980232238769531e-07, 1, -2.0116560506266978e-07, 1.1920927533992653e-07, 1.4901157641133977e-08, 0.5849243402481079, -0.8110881447792053, -5.960463056453591e-08, 0.8110879063606262, 0.584924042224884),
            ["LeftHand"] = CFrame.new(-2.9802322387695312e-08, -1.1920928955078125e-07, -3.725290298461914e-08, 0.5731609463691711, 0.0572960302233696, 0.8174372315406799, -0.12957656383514404, 0.9913390874862671, 0.021369723603129387, -0.8091331124305725, -0.11816908419132233, 0.5756210684776306),
            ["RightHand"] = CFrame.new(-5.960464477539063e-08, 2.384185791015625e-07, 1.7881393432617188e-07, 0.9892774820327759, -0.10030955821275711, -0.10615164041519165, 0.12433674931526184, 0.959754228591919, 0.2518181800842285, 0.07661961019039154, -0.2623164653778076, 0.9619352221488953),
            ["RightUpperArm"] = CFrame.new(-1.1920928955078125e-07, 3.5762786865234375e-07, 4.470348358154297e-07, 0.871730625629425, -0.4447983503341675, -0.2055242359638214, 0.09092985838651657, -0.2653098404407501, 0.959865927696228, -0.48147422075271606, -0.8554326891899109, -0.19083337485790253),
            ["RightLowerLeg"] = CFrame.new(2.0489096641540527e-08, -0.00012236833572387695, -0.00007729807839496061, 1, -4.284083843231201e-08, 5.960468030252741e-08, -5.58793811222813e-09, 0.12099915742874146, 0.9926525950431824, 1.117587622445626e-08, -0.9926526546478271, 0.12099941074848175),
            ["LeftUpperLeg"] = CFrame.new(0, 1.0803341865539551e-07, 1.341104507446289e-07, 0.9842592477798462, 0.17572055757045746, 0.018868207931518555, 0.049344077706336975, -0.17072243988513947, -0.9840828776359558, -0.169702410697937, 0.9695236682891846, -0.17670594155788422),
            ["LeftLowerLeg"] = CFrame.new(-1.7136335372924805e-07, 0.0001227259635925293, 0.00007739569991827011, 1, 4.470348358154297e-08, -3.725290298461914e-08, -1.4901162970204496e-08, 0.6773646473884583, 0.7356473207473755, -7.450581307466564e-08, -0.7356474995613098, 0.6773648262023926),
        }},
        {Time = 0.167, Data = {
            ["RightFoot"] = CFrame.new(5.4016709327697754e-08, 5.364418029785156e-07, 4.639878170564771e-08, 0.9730981588363647, 0.03594199940562248, -0.227570578455925, 0.0018967094365507364, 0.9864732027053833, 0.1639123260974884, 0.23038336634635925, -0.1599341481924057, 0.9598668813705444),
            ["LeftLowerArm"] = CFrame.new(-2.384185791015625e-07, -1.1920928955078125e-07, 2.5331974029541016e-07, 1, -4.8428763221863846e-08, 3.3760443329811096e-08, 7.636844401304188e-08, 0.1445176899433136, -0.9895023107528687, 4.470347647611561e-08, 0.9895022511482239, 0.14451760053634644),
            ["LeftFoot"] = CFrame.new(2.9802322387695312e-08, -1.1920928955078125e-07, -2.384185791015625e-07, 0.9940826296806335, -0.0011302027851343155, -0.10862159729003906, -0.007674415595829487, 0.9967165589332581, -0.08060532063245773, 0.10835614800453186, 0.08096197992563248, 0.9908099174499512),
            ["Head"] = CFrame.new(1.4901161193847656e-08, 0, -2.980232238769531e-07, 0.7917572259902954, 0.1575663834810257, -0.5901637077331543, 0.133819118142128, 0.8979448676109314, 0.419270396232605, 0.5959973931312561, -0.41093552112579346, 0.6898689270019531),
            ["LowerTorso"] = CFrame.new(-0.019259389489889145, -0.016578197479248047, 0.03550320118665695, 0.6688368916511536, 0.45437705516815186, 0.5883865356445312, -0.40025702118873596, 0.8870599865913391, -0.230041041970253, -0.626459538936615, -0.08164609968662262, 0.7751660346984863),
            ["UpperTorso"] = CFrame.new(4.2957253754138947e-08, -2.9802322387695312e-08, 1.0244548320770264e-07, 0.9208390712738037, -0.16137787699699402, 0.35498282313346863, 0.31890031695365906, 0.8355489373207092, -0.44739294052124023, -0.2244061678647995, 0.5251811146736145, 0.820869505405426),
            ["HumanoidRootPart"] = CFrame.new(0, 0, 0, 1, 0, 0, 0, 1, 0, 0, 0, 1),
            ["RightUpperLeg"] = CFrame.new(-5.960464477539063e-08, -1.5087425708770752e-07, 8.77116690389812e-08, 0.9041363596916199, -0.22071322798728943, 0.36581873893737793, 0.3182470500469208, 0.9191872477531433, -0.2319777011871338, -0.28505510091781616, 0.32616013288497925, 0.9013118743896484),
            ["LeftUpperArm"] = CFrame.new(1.1920928955078125e-07, 0, -3.129243850708008e-07, 0.9794080257415771, 0.1482660323381424, -0.13703002035617828, -0.2006024718284607, 0.6381103992462158, -0.7433532476425171, -0.022773591801524162, 0.7555345892906189, 0.6547127366065979),
            ["RightLowerArm"] = CFrame.new(-2.9802322387695312e-08, 5.960464477539063e-08, -1.4901161193847656e-08, 1, -5.21540464148984e-08, 1.4901162970204496e-08, 8.940698137394065e-08, 0.9000958204269409, -0.4356921315193176, -2.980232594040899e-08, 0.4356920123100281, 0.9000958204269409),
            ["LeftHand"] = CFrame.new(1.4901161193847656e-07, -2.980232238769531e-07, 9.685754776000977e-08, 0.5718936920166016, 0.09198006242513657, 0.8151546120643616, -0.23091992735862732, 0.9715617895126343, 0.05237938463687897, -0.7871555089950562, -0.21819117665290833, 0.5768704414367676),
            ["RightHand"] = CFrame.new(-8.940696716308594e-08, -1.1920928955078125e-07, 0, 0.9859119653701782, -0.12735119462013245, -0.10844100266695023, 0.15215198695659637, 0.9521237015724182, 0.2651607394218445, 0.06948056071996689, -0.27792486548423767, 0.9580869078636169),
            ["RightUpperArm"] = CFrame.new(-1.7881393432617188e-07, 1.1920928955078125e-07, -4.470348358154297e-07, 0.8580642342567444, -0.46245938539505005, -0.223287433385849, 0.083756223320961, -0.3029515743255615, 0.9493184089660645, -0.5066663026809692, -0.833277702331543, -0.22121819853782654),
            ["RightLowerLeg"] = CFrame.new(-8.754432201385498e-08, -0.00012236833572387695, -0.00007728690252406523, 1, 8.568163423205988e-08, 2.7939687896605392e-08, 5.681067705154419e-08, 0.35868728160858154, 0.933457612991333, -7.729977369308472e-08, -0.9334577918052673, 0.3586878776550293),
            ["LeftUpperLeg"] = CFrame.new(0, -1.3224780559539795e-07, -2.9802322387695312e-08, 0.9469484090805054, 0.24638715386390686, 0.20635484158992767, 0.2524636387825012, -0.17296214401721954, -0.9520221948623657, -0.19887426495552063, 0.9536129236221313, -0.22598999738693237),
            ["LeftLowerLeg"] = CFrame.new(1.2665987014770508e-07, 0.00012290477752685547, 0.00007730722427368164, 1, -1.1362133989223366e-07, -1.2665984172599565e-07, -3.3527616238870905e-08, 0.7077844142913818, 0.7064284086227417, -5.960465188081798e-08, -0.706428587436676, 0.7077845335006714),
        }},
        {Time = 0.200, Data = {
            ["RightFoot"] = CFrame.new(-7.171183824539185e-08, 2.384185791015625e-07, 2.4047039914876223e-08, 0.9738695025444031, 0.034017402678728104, -0.22454649209976196, 0.021761594340205193, 0.9701916575431824, 0.2413596212863922, 0.22606366872787476, -0.23993954062461853, 0.9440998435020447),
            ["LeftLowerArm"] = CFrame.new(0, 0, -2.0116567611694336e-07, 1, -5.774199962615967e-08, 8.428470010812816e-08, 9.313227877782992e-08, 0.15577754378318787, -0.9877922534942627, 8.940698847936801e-08, 0.9877922534942627, 0.15577752888202667),
            ["LeftFoot"] = CFrame.new(-4.470348358154297e-08, 1.1920928955078125e-07, 1.043081283569336e-07, 0.993556559085846, 0.06339143216609955, -0.09395219385623932, -0.0689241886138916, 0.9960001707077026, -0.05686179921030998, 0.08997213840484619, 0.06297117471694946, 0.9939516186714172),
            ["Head"] = CFrame.new(-4.0046870708465576e-08, 0, 0, 0.7969117760658264, 0.15576417744159698, -0.5836688280105591, 0.13196708261966705, 0.8979617357254028, 0.4198210835456848, 0.5895051956176758, -0.4115852117538452, 0.6950402855873108),
            ["LowerTorso"] = CFrame.new(-0.020143304020166397, 0.028880834579467773, 0.03210606053471565, 0.668989360332489, 0.45453187823295593, 0.5880935788154602, -0.40070676803588867, 0.8869484663009644, -0.22968758642673492, -0.6260090470314026, -0.08199474960565567, 0.7754930853843689),
            ["UpperTorso"] = CFrame.new(-7.261405698955059e-08, -1.4901161193847656e-07, 5.878973752260208e-08, 0.9232265949249268, -0.1633063405752182, 0.3478275239467621, 0.31705012917518616, 0.835163414478302, -0.4494234621524811, -0.21709910035133362, 0.5251983404159546, 0.8228211402893066),
            ["HumanoidRootPart"] = CFrame.new(0, 0, 0, 1, 0, 0, 0, 1, 0, 0, 0, 1),
            ["RightUpperLeg"] = CFrame.new(-5.960464477539063e-08, -2.7939677238464355e-08, 7.281050784513354e-08, 0.9048356413841248, -0.23364600539207458, 0.3559243679046631, 0.31945228576660156, 0.9252155423164368, -0.20475947856903076, -0.2814653813838959, 0.29897427558898926, 0.9118067026138306),
            ["LeftUpperArm"] = CFrame.new(5.960464477539063e-08, 2.384185791015625e-07, -3.2782554626464844e-07, 0.9795270562171936, 0.14743508398532867, -0.13707564771175385, -0.1999620795249939, 0.6338213086128235, -0.747185468673706, -0.023279724642634392, 0.7592981457710266, 0.6503262519836426),
            ["RightLowerArm"] = CFrame.new(-8.940696716308594e-08, 2.980232238769531e-07, 2.384185791015625e-07, 1, -6.332993507385254e-08, 5.960464477539063e-08, 1.4901162970204496e-08, 0.9093326926231384, -0.416069895029068, 4.4703490686970326e-08, 0.4160698652267456, 0.9093326330184937),
            ["LeftHand"] = CFrame.new(2.086162567138672e-07, -5.960464477539063e-08, -1.4901161193847656e-08, 0.5714916586875916, 0.09440381824970245, 0.8151596188545227, -0.23771682381629944, 0.9698131084442139, 0.05434403568506241, -0.7854222655296326, -0.2248345911502838, 0.5766815543174744),
            ["RightHand"] = CFrame.new(2.086162567138672e-07, -5.960464477539063e-08, -2.682209014892578e-07, 0.985759973526001, -0.12868155539035797, -0.10825181007385254, 0.1535709798336029, 0.9511652588844299, 0.2677696943283081, 0.06850825250148773, -0.28058111667633057, 0.9573823809623718),
            ["RightUpperArm"] = CFrame.new(-5.960464477539063e-08, 1.1920928955078125e-07, 1.4901161193847656e-08, 0.8573639988899231, -0.462854266166687, -0.22515195608139038, 0.08367257565259933, -0.3062821626663208, 0.9482564330101013, -0.5078641772270203, -0.8318396806716919, -0.22386705875396729),
            ["RightLowerLeg"] = CFrame.new(-9.313225746154785e-08, -0.0001221299171447754, -0.00007757747516734526, 1, 1.4808023252044222e-07, -5.122276647284707e-08, -1.0244548320770264e-08, 0.4270099103450775, 0.904246985912323, 1.862645149230957e-09, -0.904246985912323, 0.4270099997520447),
            ["LeftUpperLeg"] = CFrame.new(-5.960464477539063e-08, -4.6566128730773926e-08, 1.043081283569336e-07, 0.9464993476867676, 0.2424946278333664, 0.21292102336883545, 0.26334238052368164, -0.19904649257659912, -0.9439445734024048, -0.1865203082561493, 0.9495140314102173, -0.2522563934326172),
            ["LeftLowerLeg"] = CFrame.new(-1.4901161193847656e-08, 0.0001226663589477539, 0.0000775270164012909, 1, -4.0978189730367376e-08, -5.960465898624534e-08, 0, 0.6961632370948792, 0.7178834676742554, -8.940696716308594e-08, -0.7178836464881897, 0.6961634159088135),
        }},
        {Time = 0.233, Data = {
            ["RightFoot"] = CFrame.new(-3.864988684654236e-08, 3.5762786865234375e-07, -5.75528247281909e-09, 0.9742593169212341, 0.03254394233226776, -0.2230689525604248, 0.03199316933751106, 0.9595481753349304, 0.27972128987312317, 0.22314846515655518, -0.27965766191482544, 0.933807373046875),
            ["LeftLowerArm"] = CFrame.new(5.960464477539063e-08, -3.5762786865234375e-07, -1.4901161193847656e-08, 1, -5.4016684458702e-08, 7.77654278749651e-08, 3.725289943190546e-08, 0.1625964492559433, -0.9866926670074463, 4.470347647611561e-08, 0.9866926670074463, 0.16259624063968658),
            ["LeftFoot"] = CFrame.new(0, 5.960464477539063e-08, 1.1920928955078125e-07, 0.9933285713195801, 0.10977745801210403, -0.03531612455844879, -0.11139986664056778, 0.9926246404647827, -0.04781724885106087, 0.02980682998895645, 0.0514330193400383, 0.9982315897941589),
            ["Head"] = CFrame.new(8.754432201385498e-08, -2.384185791015625e-07, -5.960464477539063e-08, 0.8089690208435059, 0.1514357179403305, -0.5680110454559326, 0.12755601108074188, 0.898008406162262, 0.42108243703842163, 0.5738454461097717, -0.4130958616733551, 0.7071443796157837),
            ["LowerTorso"] = CFrame.new(-0.022572793066501617, 0.05645561218261719, 0.02850985899567604, 0.6692211031913757, 0.4547392725944519, 0.5876695513725281, -0.40111905336380005, 0.8868253827095032, -0.22944363951683044, -0.6254972219467163, -0.08217713236808777, 0.7758866548538208),
            ["UpperTorso"] = CFrame.new(7.078051567077637e-08, -8.940696716308594e-08, -1.5599653124809265e-08, 0.9289973378181458, -0.16775143146514893, 0.32988429069519043, 0.3119506537914276, 0.8345458507537842, -0.4541143476963043, -0.199125275015831, 0.5247787237167358, 0.8276209831237793),
            ["HumanoidRootPart"] = CFrame.new(0, 0, 0, 1, 0, 0, 0, 1, 0, 0, 0, 1),
            ["RightUpperLeg"] = CFrame.new(5.960464477539063e-08, -6.705522537231445e-08, -3.149762051180005e-08, 0.9051638245582581, -0.24242664873600006, 0.3491532504558563, 0.32007843255996704, 0.9292330741882324, -0.18459665775299072, -0.2796933352947235, 0.2788464426994324, 0.918703556060791),
            ["LeftUpperArm"] = CFrame.new(2.384185791015625e-07, 0, -7.450580596923828e-08, 0.9797016978263855, 0.14695361256599426, -0.13634249567985535, -0.1990048885345459, 0.6311500668525696, -0.7496978640556335, -0.024118144065141678, 0.7616129517555237, 0.6475831270217896),
            ["RightLowerArm"] = CFrame.new(2.384185791015625e-07, -5.364418029785156e-07, -2.682209014892578e-07, 1, -1.0989603538291703e-07, 2.9802322387695312e-08, 1.4901159417490817e-08, 0.9146646857261658, -0.40421316027641296, -5.960463766996327e-08, 0.4042133390903473, 0.9146648645401001),
            ["LeftHand"] = CFrame.new(-1.7881393432617188e-07, 3.5762786865234375e-07, -1.4901161193847656e-08, 0.5712277889251709, 0.09587564319372177, 0.8151728510856628, -0.24183489382266998, 0.9687272906303406, 0.0555286705493927, -0.7843562364578247, -0.22885695099830627, 0.5765500068664551),
            ["RightHand"] = CFrame.new(-1.1920928955078125e-07, 5.960464477539063e-08, 3.2782554626464844e-07, 0.9856687784194946, -0.12949161231517792, -0.10811623930931091, 0.1544327735900879, 0.9505541920661926, 0.26943838596343994, 0.0678803101181984, -0.2822740375995636, 0.9569293856620789),
            ["RightUpperArm"] = CFrame.new(3.5762786865234375e-07, 1.1920928955078125e-07, -8.940696716308594e-08, 0.856930673122406, -0.46307966113090515, -0.22633445262908936, 0.08364541083574295, -0.3083557188510895, 0.9475864768028259, -0.5085994005203247, -0.8309476375579834, -0.2255050539970398),
            ["RightLowerLeg"] = CFrame.new(-5.774199962615967e-08, -0.00012230873107910156, -0.0000774172876845114, 1, 1.9744031476420787e-07, -1.8021096082065924e-07, -5.8673329306202504e-08, 0.46898627281188965, 0.883205235004425, -2.2817406630792902e-08, -0.8832054734230042, 0.4689868986606598),
            ["LeftUpperLeg"] = CFrame.new(1.1920928955078125e-07, 9.12696123123169e-08, -5.960464477539063e-08, 0.9554560780525208, 0.2312556654214859, 0.1833697259426117, 0.2390003204345703, -0.2417452335357666, -0.9404457211494446, -0.17315463721752167, 0.9423800706863403, -0.28624704480171204),
            ["LeftLowerLeg"] = CFrame.new(0, 0.00012224912643432617, 0.00007728859782218933, 1, 4.842875611643649e-08, -1.6391277313232422e-07, -8.195636524988004e-08, 0.6618284583091736, 0.7496551275253296, -1.4901157641133977e-08, -0.7496554255485535, 0.6618287563323975),
        }},
        {Time = 0.267, Data = {
            ["RightFoot"] = CFrame.new(5.21540641784668e-08, 3.5762786865234375e-07, 5.3849362302571535e-08, 0.974412739276886, 0.03192363679409027, -0.22248820960521698, 0.03513387218117714, 0.9560620784759521, 0.2910515069961548, 0.22200366854667664, -0.2914210259914398, 0.9304773807525635),
            ["LeftLowerArm"] = CFrame.new(8.940696716308594e-08, 1.1920928955078125e-07, 2.5331974029541016e-07, 1, -7.450580596923828e-08, 2.980232594040899e-08, 3.725290298461914e-08, 0.16609568893909454, -0.986109733581543, 7.450580596923828e-09, 0.9861096739768982, 0.1660955846309662),
            ["LeftFoot"] = CFrame.new(0, 5.960464477539063e-08, -3.129243850708008e-07, 0.9896242618560791, 0.13941778242588043, 0.03473488241434097, -0.1376093029975891, 0.9892272353172302, -0.04993197321891785, -0.04132237285375595, 0.04463425651192665, 0.998148500919342),
            ["Head"] = CFrame.new(-1.0058283805847168e-07, 2.384185791015625e-07, -2.9802322387695312e-08, 0.8229197263717651, 0.14620977640151978, -0.5490227341651917, 0.12230411171913147, 0.8980796933174133, 0.42248624563217163, 0.5548378229141235, -0.4148199260234833, 0.7211654186248779),
            ["LowerTorso"] = CFrame.new(-0.026233527809381485, 0.07061934471130371, 0.02526332624256611, 0.6694976091384888, 0.4549589455127716, 0.5871843099594116, -0.4014768600463867, 0.8867066502571106, -0.2292763739824295, -0.6249714493751526, -0.08224113285541534, 0.7763034105300903),
            ["UpperTorso"] = CFrame.new(1.2433156371116638e-07, -2.384185791015625e-07, -3.4458935260772705e-08, 0.9354692101478577, -0.17295722663402557, 0.3081936538219452, 0.30558905005455017, 0.8339093327522278, -0.4595763385295868, -0.17751863598823547, 0.5241003036499023, 0.8329504132270813),
            ["HumanoidRootPart"] = CFrame.new(0, 0, 0, 1, 0, 0, 0, 1, 0, 0, 0, 1),
            ["RightUpperLeg"] = CFrame.new(1.1920928955078125e-07, -1.5832483768463135e-07, 1.3205863069742918e-08, 0.9050877690315247, -0.24777251482009888, 0.345579594373703, 0.32049742341041565, 0.931602418422699, -0.17145942151546478, -0.2794593870639801, 0.26594316959381104, 0.9225923418998718),
            ["LeftUpperArm"] = CFrame.new(-2.384185791015625e-07, 4.76837158203125e-07, 1.1920928955078125e-07, 0.979883074760437, 0.14673003554344177, -0.1352752298116684, -0.19799616932868958, 0.6297197937965393, -0.7511661648750305, -0.025033140555024147, 0.7628389596939087, 0.6461037397384644),
            ["RightLowerArm"] = CFrame.new(-1.1920928955078125e-07, 2.980232238769531e-07, -1.1920928955078125e-07, 1, -8.149071817342701e-08, 1.4901155864777138e-08, -5.960463766996327e-08, 0.9172586798667908, -0.3982917070388794, -1.1175869474300271e-07, 0.39829185605049133, 0.9172587394714355),
            ["LeftHand"] = CFrame.new(2.980232238769531e-07, 0, -7.450580596923828e-08, 0.5710869431495667, 0.09663251787424088, 0.8151822686195374, -0.24394910037517548, 0.9681620001792908, 0.05613499507308006, -0.7838039398193359, -0.2309209704399109, 0.5764779448509216),
            ["RightHand"] = CFrame.new(2.086162567138672e-07, 1.1920928955078125e-07, -1.043081283569336e-07, 0.9856246113777161, -0.12991251051425934, -0.10801351070404053, 0.15487755835056305, 0.9502068758010864, 0.27040666341781616, 0.06750600039958954, -0.28324830532073975, 0.9566679000854492),
