return {
    ["Funk Do Bounce"] = {
        {Time = 0.000, Data = {
            ["LeftFoot"] = CFrame.new(4.936009645462036e-08, -1.1920928955078125e-07, -3.725290298461914e-08, 0.9979185461997986, -0.0212450809776783, -0.06088646501302719, 0.03221891075372696, 0.9821414947509766, 0.1853644996881485, 0.05586101859807968, -0.18694044649600983, 0.9807817339897156),
            ["LeftLowerArm"] = CFrame.new(-0.0004996955394744873, -0.00010013580322265625, 2.60770320892334e-07, 1, 8.288768071906816e-08, -1.415610029198433e-07, -1.4156101713069802e-07, 0.06871587783098221, -0.9976362586021423, -5.960463766996327e-08, 0.9976363182067871, 0.06871568411588669),
            ["LowerTorso"] = CFrame.new(0.008423112332820892, -0.022090673446655273, 0.14630751311779022, 0.999303936958313, -0.021905411034822464, -0.03019688092172146, 0.023929506540298462, 0.9973720908164978, 0.06838486343622208, 0.028619524091482162, -0.06905984878540039, 0.9972019195556641),
            ["Head"] = CFrame.new(1.862645149230957e-09, -7.152557373046875e-07, -4.933099262416363e-08, 0.9786872267723083, 0.019161498174071312, -0.20446071028709412, 0.01443418301641941, 0.9867560863494873, 0.16156789660453796, 0.2048487514257431, -0.16107559204101562, 0.9654489755630493),
            ["RightFoot"] = CFrame.new(-1.0710209608078003e-08, 2.980232238769531e-07, -1.132139004766941e-08, 0.9778443574905396, 0.02162589319050312, 0.20821334421634674, -0.0009947624057531357, 0.995118260383606, -0.0986856147646904, -0.2093309462070465, 0.0962921679019928, 0.973092257976532),
            ["UpperTorso"] = CFrame.new(5.0640664994716644e-09, 2.9802322387695312e-08, 8.712959242984653e-09, 0.9810956716537476, -0.039368100464344025, 0.18947678804397583, 0.016957569867372513, 0.9928123950958252, 0.11847437173128128, -0.19277900457382202, -0.11302163451910019, 0.974711537361145),
            ["HumanoidRootPart"] = CFrame.new(0, 0, 0, 1, 0, 0, 0, 1, 0, 0, 0, 1),
            ["RightUpperLeg"] = CFrame.new(0, -2.2631138563156128e-07, 3.899913281202316e-09, 0.7903806567192078, -0.06192817538976669, -0.6094778180122375, -0.07493298500776291, 0.9776343107223511, -0.1965104192495346, 0.6080160140991211, 0.20098794996738434, 0.7680627703666687),
            ["LeftUpperArm"] = CFrame.new(-5.960464477539063e-08, -0.0000013113021850585938, -4.0046870708465576e-08, 0.8711068630218506, 0.04163167625665665, -0.4893258810043335, -0.428157240152359, -0.4236369729042053, -0.7982562780380249, -0.24052920937538147, 0.9048749208450317, -0.3512081205844879),
            ["RightLowerArm"] = CFrame.new(8.940696716308594e-08, 1.1920928955078125e-07, 2.1606683731079102e-07, 1, -1.2665985593685036e-07, 5.401671643312511e-08, 7.823110337312755e-08, 0.25585854053497314, -0.9667143821716309, 1.0943041672817344e-07, 0.9667142629623413, 0.25585833191871643),
            ["LeftHand"] = CFrame.new(0.0005000680685043335, 0.00010019540786743164, -1.341104507446289e-07, 0.7719116806983948, 0.2416534572839737, -0.588010311126709, 0.4825601279735565, 0.3794236481189728, 0.7894130945205688, 0.4138697385787964, -0.8931077122688293, 0.17626948654651642),
            ["RightHand"] = CFrame.new(-2.905726432800293e-07, 2.384185791015625e-07, -2.60770320892334e-08, 0.8118669986724854, 0.4180411994457245, 0.40757080912590027, -0.4473264217376709, 0.8939954042434692, -0.025902610272169113, -0.37519484758377075, -0.16128785908222198, 0.9128062725067139),
            ["RightUpperArm"] = CFrame.new(1.1920928955078125e-07, -9.5367431640625e-07, -7.450580596923828e-09, 0.8576579689979553, -0.11976999044418335, 0.5000780820846558, 0.4508519768714905, -0.292542964220047, -0.8432977795600891, 0.2472960650920868, 0.948722243309021, -0.19690321385860443),
            ["RightLowerLeg"] = CFrame.new(-7.450580596923828e-09, -0.00001519918441772461, -0.00003513152478262782, 1, 1.1175872671742582e-08, 2.8172504329404546e-08, 3.6321576857289983e-08, 0.9707616567611694, 0.24004538357257843, -1.6996635210375644e-08, -0.24004563689231873, 0.9707616567611694),
            ["LeftUpperLeg"] = CFrame.new(0, -3.2456591725349426e-07, 1.30385160446167e-08, 0.9502989053726196, 0.2518875300884247, 0.18298844993114471, -0.05078446865081787, 0.7052839994430542, -0.7071036696434021, -0.3071694076061249, 0.6626667976379395, 0.6830224394798279),
            ["LeftLowerLeg"] = CFrame.new(-7.450580596923828e-09, 0.00001531839370727539, 0.00003491342067718506, 1, 1.0803339023368608e-07, 4.842877388000488e-08, -7.450579886381092e-08, 0.4401143789291382, 0.8979417085647583, 2.9802318834981634e-08, -0.8979417085647583, 0.44011446833610535),
        }},
        {Time = 0.033, Data = {
            ["LeftFoot"] = CFrame.new(-2.890374162234366e-08, -1.7881393432617188e-07, 2.293381839990616e-08, 0.9946996569633484, -0.011021286249160767, -0.10223178565502167, 0.021988188847899437, 0.9940398335456848, 0.10677754878997803, 0.10044561326503754, -0.10845957696437836, 0.9890132546424866),
            ["LeftLowerArm"] = CFrame.new(-0.0004997849464416504, -0.00010055303573608398, -4.172325134277344e-07, 1, 5.029139416024009e-08, -1.4901158351676713e-07, -1.3411047916633834e-07, 0.05046290159225464, -0.9987260103225708, -1.862645504502325e-08, 0.9987260103225708, 0.0504627488553524),
            ["LowerTorso"] = CFrame.new(0.012548927217721939, -0.018009424209594727, 0.1462288349866867, 0.999303936958313, -0.021905411034822464, -0.03019688092172146, 0.023929506540298462, 0.9973720908164978, 0.06838486343622208, 0.028619524091482162, -0.06905984878540039, 0.9972019195556641),
            ["Head"] = CFrame.new(-5.587935447692871e-09, -1.1920928955078125e-07, 7.919152267277241e-08, 0.9791604280471802, 0.024410057812929153, -0.20161642134189606, 0.01445067673921585, 0.9818599820137024, 0.18905609846115112, 0.20257402956485748, -0.18802954256534576, 0.9610456824302673),
            ["RightFoot"] = CFrame.new(-8.12578946352005e-08, 2.384185791015625e-07, 1.6618287190794945e-08, 0.9796710014343262, 0.019668560475111008, 0.19964444637298584, 0.00019294209778308868, 0.9950892925262451, -0.09898103028535843, -0.2006109058856964, 0.09700751304626465, 0.9748563170433044),
            ["UpperTorso"] = CFrame.new(7.2177499532699585e-09, 2.086162567138672e-07, -1.17652234621346e-08, 0.9813336133956909, -0.032597240060567856, 0.18953050673007965, 0.01014554500579834, 0.9929328560829163, 0.11824329942464828, -0.19204548001289368, -0.1141132339835167, 0.9747291207313538),
            ["HumanoidRootPart"] = CFrame.new(0, 0, 0, 1, 0, 0, 0, 1, 0, 0, 0, 1),
            ["RightUpperLeg"] = CFrame.new(-2.9802322387695312e-08, 1.8440186977386475e-07, 6.693881005048752e-09, 0.790363073348999, -0.046711813658475876, -0.6108554601669312, -0.07535738497972488, 0.9821045398712158, -0.1726032793521881, 0.607986569404602, 0.1824515461921692, 0.7726989984512329),
            ["LeftUpperArm"] = CFrame.new(-1.1920928955078125e-07, -3.5762786865234375e-07, 1.1827796697616577e-07, 0.8766579031944275, 0.014046704396605492, -0.48090922832489014, -0.4331074357032776, -0.41221463680267334, -0.8015595078468323, -0.20949672162532806, 0.9109784960746765, -0.3552868962287903),
            ["RightLowerArm"] = CFrame.new(2.384185791015625e-07, -1.7881393432617188e-07, 3.3527612686157227e-08, 1, -1.3411040811206476e-07, 4.19095051995555e-08, 1.0430809993522416e-07, 0.2687607407569885, -0.9632070660591125, 8.614732038836337e-09, 0.9632070064544678, 0.26876065135002136),
            ["LeftHand"] = CFrame.new(0.0005001723766326904, 0.00010102987289428711, -1.043081283569336e-07, 0.7776488065719604, 0.241206556558609, -0.5805878639221191, 0.4940660893917084, 0.33662474155426025, 0.8016120195388794, 0.3887944519519806, -0.910221517086029, 0.14260420203208923),
            ["RightHand"] = CFrame.new(-1.9371509552001953e-07, 2.384185791015625e-07, 1.0058283805847168e-07, 0.9409446120262146, 0.3374383747577667, 0.02754697948694229, -0.3308628499507904, 0.9337531924247742, -0.13650880753993988, -0.07178542762994766, 0.11933304369449615, 0.9902558326721191),
            ["RightUpperArm"] = CFrame.new(1.1920928955078125e-07, -2.384185791015625e-07, 2.8312206268310547e-07, 0.8995166420936584, -0.04734272509813309, 0.4343138039112091, 0.42847374081611633, -0.0985528975725174, -0.8981634974479675, 0.08532439917325974, 0.9940050840377808, -0.06836481392383575),
            ["RightLowerLeg"] = CFrame.new(-3.91155481338501e-08, -0.000015079975128173828, -0.0000351240742020309, 1, -1.5832481992106295e-08, 1.3876707782856101e-07, 2.9802315282267955e-08, 0.9798136949539185, 0.1999126672744751, -3.6321573304576305e-08, -0.19991278648376465, 0.9798137545585632),
            ["LeftUpperLeg"] = CFrame.new(-2.9802322387695312e-08, 8.66129994392395e-08, 9.313225746154785e-10, 0.940125048160553, 0.2277611792087555, 0.2535545527935028, -0.01172992866486311, 0.7651134729385376, -0.6437886953353882, -0.34062808752059937, 0.6022675633430481, 0.7219738960266113),
            ["LeftLowerLeg"] = CFrame.new(-7.82310962677002e-08, 0.0000152587890625, 0.00003507733345031738, 1, 8.102505688611927e-08, 5.7276345444279286e-08, -7.171183113996449e-08, 0.5456371903419495, 0.8380215167999268, 2.1420417439799166e-08, -0.838021457195282, 0.545637309551239),
        }},
        {Time = 0.067, Data = {
            ["LeftFoot"] = CFrame.new(-2.60770320892334e-08, 1.1920928955078125e-07, -1.0244548320770264e-08, 0.9843380451202393, -0.00995496567338705, -0.17601002752780914, 0.015065697953104973, 0.9995020627975464, 0.027723995968699455, 0.1756463646888733, -0.0299416221678257, 0.9839978814125061),
            ["LeftLowerArm"] = CFrame.new(-0.0005001425743103027, -0.00010013580322265625, -1.043081283569336e-07, 1, 5.867328667363836e-08, -1.490115550950577e-07, -1.5646217832454568e-07, 0.040150236338377, -0.9991937279701233, -5.4016702222270396e-08, 0.9991937279701233, 0.04015013948082924),
            ["LowerTorso"] = CFrame.new(0.018494954332709312, -0.014445066452026367, 0.14618973433971405, 0.999303936958313, -0.021905411034822464, -0.03019688092172146, 0.023929506540298462, 0.9973720908164978, 0.06838486343622208, 0.028619524091482162, -0.06905984878540039, 0.9972019195556641),
            ["Head"] = CFrame.new(-5.587935447692871e-09, 0, 6.056507118046284e-08, 0.9795743823051453, 0.02968202531337738, -0.19887924194335938, 0.014356739819049835, 0.9761975407600403, 0.216407909989357, 0.20056886970996857, -0.21484282612800598, 0.9558319449424744),
            ["RightFoot"] = CFrame.new(-1.3969838619232178e-09, 2.384185791015625e-07, 5.4424162954092026e-09, 0.9814633727073669, 0.01767939329147339, 0.19083289802074432, 0.0041287546046078205, 0.993554413318634, -0.1132807731628418, -0.19160562753677368, 0.11196894943714142, 0.9750642776489258),
            ["UpperTorso"] = CFrame.new(-4.656612873077393e-10, -2.9802322387695312e-08, -1.1670636013150215e-08, 0.9815036058425903, -0.027830304577946663, 0.1894102841615677, 0.005299602635204792, 0.9929479360580444, 0.11843319982290268, -0.19137056171894073, -0.11523882299661636, 0.9747294187545776),
            ["HumanoidRootPart"] = CFrame.new(0, 0, 0, 1, 0, 0, 0, 1, 0, 0, 0, 1),
            ["RightUpperLeg"] = CFrame.new(0, 1.8812716007232666e-07, -1.658918336033821e-08, 0.7903286814689636, -0.040693096816539764, -0.6113302707672119, -0.07625023275613785, 0.9835017919540405, -0.16404317319393158, 0.6079199314117432, 0.17626197636127472, 0.7741867303848267),
            ["LeftUpperArm"] = CFrame.new(-1.7881393432617188e-07, 4.76837158203125e-07, 1.7695128917694092e-07, 0.8860036730766296, -0.05070658400654793, -0.4608971178531647, -0.44615766406059265, -0.36389270424842834, -0.8176345229148865, -0.1262573003768921, 0.9300597310066223, -0.3450329899787903),
            ["RightLowerArm"] = CFrame.new(2.9802322387695312e-08, 0, 1.4901161193847656e-07, 1, -1.1920930376163597e-07, 2.2351741790771484e-08, 1.0430815677864302e-07, 0.263980895280838, -0.9645278453826904, 7.4505820180093e-08, 0.96452796459198, 0.2639811635017395),
            ["LeftHand"] = CFrame.new(0.0004999414086341858, 0.00010120868682861328, -1.7136335372924805e-07, 0.8495224118232727, 0.13722488284111023, -0.5093931555747986, 0.40825843811035156, 0.4405338168144226, 0.7995339632034302, 0.3341210186481476, -0.8871862292289734, 0.31822019815444946),
            ["RightHand"] = CFrame.new(-1.7881393432617188e-07, -1.1920928955078125e-07, 1.5273690223693848e-07, 0.9416261911392212, 0.17485082149505615, -0.2876933515071869, -0.23736251890659332, 0.9508160948753357, -0.19901743531227112, 0.23874495923519135, 0.2556874752044678, 0.9368162155151367),
            ["RightUpperArm"] = CFrame.new(2.384185791015625e-07, 4.76837158203125e-07, 1.6391277313232422e-07, 0.923394501209259, 0.08730383217334747, 0.3737920820713043, 0.3670427203178406, 0.08419637382030487, -0.9263859391212463, -0.11234883964061737, 0.9926172494888306, 0.0457022562623024),
            ["RightLowerLeg"] = CFrame.new(3.91155481338501e-08, -0.000014901161193847656, -0.000035064469557255507, 1, -2.0489096641540527e-08, -3.515743074444799e-08, 2.3283060812673284e-08, 0.9819355010986328, 0.1892157793045044, 1.641455860124097e-08, -0.18921592831611633, 0.9819355607032776),
            ["LeftUpperLeg"] = CFrame.new(0, -2.8405338525772095e-08, -6.51925802230835e-09, 0.924476683139801, 0.1939699798822403, 0.32820525765419006, 0.01896217279136181, 0.8364307284355164, -0.5477444529533386, -0.380766898393631, 0.5126004219055176, 0.7695826292037964),
            ["LeftLowerLeg"] = CFrame.new(1.862645149230957e-09, 0.0000152587890625, 0.00003503262996673584, 1, 1.1082737216838723e-07, 9.313225746154785e-10, -5.681066994611683e-08, 0.6895347833633423, 0.7242526412010193, 4.749744419996205e-08, -0.7242525815963745, 0.6895346641540527),
        }},
        {Time = 0.100, Data = {
            ["LeftFoot"] = CFrame.new(1.6763806343078613e-08, -5.960464477539063e-08, 1.862645149230957e-09, 0.9641292691230774, -0.019538577646017075, -0.26471319794654846, 0.011677635833621025, 0.9994438290596008, -0.03123743273317814, 0.26517635583877563, 0.027025610208511353, 0.9638211727142334),
            ["LeftLowerArm"] = CFrame.new(-0.0004998743534088135, -0.0001004338264465332, -1.1175870895385742e-07, 1, 9.499488129449674e-08, -1.4901158351676713e-07, -1.5273690223693848e-07, 0.02430109865963459, -0.9997047781944275, -7.729977369308472e-08, 0.9997047781944275, 0.02430097758769989),
            ["LowerTorso"] = CFrame.new(0.021528638899326324, -0.012918710708618164, 0.14617924392223358, 0.999303936958313, -0.021905411034822464, -0.03019688092172146, 0.023929506540298462, 0.9973720908164978, 0.06838486343622208, 0.028619524091482162, -0.06905984878540039, 0.9972019195556641),
            ["Head"] = CFrame.new(-1.6763806343078613e-08, -2.384185791015625e-07, -7.354537956416607e-08, 0.9799301028251648, 0.03498037904500961, -0.19624845683574677, 0.014164555817842484, 0.9697758555412292, 0.2435862123966217, 0.19883781671524048, -0.2414771020412445, 0.9498170018196106),
            ["RightFoot"] = CFrame.new(3.4924596548080444e-09, 1.7881393432617188e-07, 4.269531928002834e-08, 0.9835140109062195, 0.016472261399030685, 0.18008068203926086, 0.008924625813961029, 0.9902074337005615, -0.1393182873725891, -0.18061208724975586, 0.1386287361383438, 0.9737358689308167),
            ["UpperTorso"] = CFrame.new(2.3283064365386963e-10, 1.4901161193847656e-07, 7.741618901491165e-09, 0.9816433191299438, -0.02439694106578827, 0.18915919959545135, 0.0017963582649827003, 0.9929236769676208, 0.11874080449342728, -0.19071756303310394, -0.11622131615877151, 0.9747408032417297),
            ["HumanoidRootPart"] = CFrame.new(0, 0, 0, 1, 0, 0, 0, 1, 0, 0, 0, 1),
            ["RightUpperLeg"] = CFrame.new(2.9802322387695312e-08, 2.421438694000244e-08, -2.6833731681108475e-08, 0.7915448546409607, -0.04586557671427727, -0.6093876957893372, -0.07537547498941422, 0.9822379350662231, -0.17183491587638855, 0.6064449548721313, 0.18194779753684998, 0.7740281224250793),
            ["LeftUpperArm"] = CFrame.new(-1.7881393432617188e-07, 1.1920928955078125e-07, 2.421438694000244e-08, 0.8874832987785339, -0.1216885894536972, -0.44448307156562805, -0.45911240577697754, -0.3169068694114685, -0.8299316763877869, -0.039866287261247635, 0.9406178593635559, -0.3371177911758423),
            ["RightLowerArm"] = CFrame.new(1.4901161193847656e-07, 5.960464477539063e-08, -1.1920928955078125e-07, 1, -1.1920927533992653e-07, 2.9802318834981634e-08, 8.195639367158947e-08, 0.46258544921875, -0.8865747451782227, 3.725290653733282e-08, 0.8865747451782227, 0.4625853896141052),
            ["LeftHand"] = CFrame.new(0.0004999339580535889, 0.00010037422180175781, -4.470348358154297e-08, 0.9095242023468018, 0.038286712020635605, -0.4138835370540619, 0.3298425078392029, 0.5394251346588135, 0.7747412323951721, 0.25292205810546875, -0.8411628007888794, 0.47799208760261536),
            ["RightHand"] = CFrame.new(-1.1920928955078125e-07, 2.384185791015625e-07, 1.1175870895385742e-07, 0.9586328864097595, 0.1456659585237503, 0.24454964697360992, -0.0962616354227066, 0.9744213819503784, -0.20306803286075592, -0.2678745687007904, 0.17112690210342407, 0.9481344223022461),
            ["RightUpperArm"] = CFrame.new(5.960464477539063e-08, 4.76837158203125e-07, 7.450580596923828e-08, 0.9450772404670715, -0.03779541328549385, 0.3246545195579529, 0.31989750266075134, 0.31070441007614136, -0.8950577974319458, -0.06704271584749222, 0.9497548937797546, 0.3057303726673126),
            ["RightLowerLeg"] = CFrame.new(6.51925802230835e-08, -0.000015079975128173828, -0.00003510544775053859, 1, -1.0244547432591844e-08, 6.391201168298721e-08, 2.7008351111135198e-08, 0.9784471392631531, 0.2064974308013916, -4.493630711976948e-08, -0.20649755001068115, 0.9784471988677979),
            ["LeftUpperLeg"] = CFrame.new(-5.960464477539063e-08, -7.12461769580841e-08, -9.313225746154785e-10, 0.9042450189590454, 0.1457696259021759, 0.4013630151748657, 0.0421488881111145, 0.9048702716827393, -0.4235956072807312, -0.4249286651611328, 0.39995110034942627, 0.8120805025100708),
            ["LeftLowerLeg"] = CFrame.new(-1.1175870895385742e-08, 0.000015079975128173828, 0.000035122036933898926, 1, 5.215405707303944e-08, 1.816079020500183e-08, -6.332992086299782e-08, 0.8343983292579651, 0.5511620044708252, 1.303851249190302e-08, -0.5511620044708252, 0.8343982696533203),
        }},
        {Time = 0.133, Data = {
            ["LeftFoot"] = CFrame.new(-1.5832483768463135e-08, 5.960464477539063e-08, -7.450580596923828e-09, 0.9398922920227051, -0.03778104484081268, -0.3393746018409729, 0.010164378210902214, 0.9965154528617859, -0.08278749883174896, 0.34131982922554016, 0.07436180859804153, 0.9370012283325195),
            ["LeftLowerArm"] = CFrame.new(-0.0004999339580535889, -0.00010037422180175781, 2.5331974029541016e-07, 1, 1.0093202718053362e-07, -1.5087421445514337e-07, -1.434236764907837e-07, 0.0036497374530881643, -0.9999933838844299, -2.6193447411060333e-08, 0.9999933242797852, 0.0036496473476290703),
            ["LowerTorso"] = CFrame.new(0.021528568118810654, -0.027259111404418945, 0.1464868038892746, 0.999303936958313, -0.021905461326241493, -0.030196048319339752, 0.023929506540298462, 0.9973719716072083, 0.06838501244783401, 0.02861868590116501, -0.06905997544527054, 0.9972019791603088),
            ["Head"] = CFrame.new(-1.862645149230957e-09, -1.1920928955078125e-07, 8.38481355458498e-08, 0.9765681624412537, 0.11759936064481735, -0.18023598194122314, -0.0770026370882988, 0.9729893803596497, 0.21762914955615997, 0.20096072554588318, -0.19865092635154724, 0.9592458605766296),
            ["RightFoot"] = CFrame.new(-2.0721927285194397e-08, 1.7881393432617188e-07, 3.15194483846426e-08, 0.979898989200592, 0.00985326524823904, 0.1992509663105011, 0.03509678691625595, 0.9746867418289185, -0.22080294787883759, -0.19638276100158691, 0.22335773706436157, 0.954748809337616),
            ["UpperTorso"] = CFrame.new(-5.820766091346741e-09, 1.1920928955078125e-07, 6.2282197177410126e-09, 0.9812619090080261, -0.005026374477893114, 0.19261325895786285, -0.017595212906599045, 0.9931452870368958, 0.1155550628900528, -0.1918737292289734, -0.11677883565425873, 0.9744471907615662),
            ["HumanoidRootPart"] = CFrame.new(0, 0, 0, 1, 0, 0, 0, 1, 0, 0, 0, 1),
            ["RightUpperLeg"] = CFrame.new(-5.960464477539063e-08, -1.7695128917694092e-08, 3.277091309428215e-08, 0.7729079127311707, -0.10199277848005295, -0.6262672543525696, -0.07600127160549164, 0.9650100469589233, -0.2509569823741913, 0.6299501061439514, 0.241563618183136, 0.7381124496459961),
            ["LeftUpperArm"] = CFrame.new(-4.172325134277344e-07, -3.5762786865234375e-07, 1.2479722499847412e-07, 0.883415937423706, -0.2199787050485611, -0.4137459397315979, -0.46276193857192993, -0.2707397937774658, -0.8441278338432312, 0.07367262989282608, 0.9371817111968994, -0.3409729599952698),
            ["RightLowerArm"] = CFrame.new(1.1920928955078125e-07, -1.1920928955078125e-07, -3.8743019104003906e-07, 1, -2.607702853651972e-08, 5.960467319710006e-08, 9.406358003616333e-08, 0.556567370891571, -0.8308026790618896, 4.470348358154297e-08, 0.8308024406433105, 0.5565672516822815),
            ["LeftHand"] = CFrame.new(0.0005001937970519066, 0.00010091066360473633, 1.1175870895385742e-08, 0.9442991614341736, -0.05191199481487274, -0.3249679505825043, 0.2852745056152344, 0.6214298605918884, 0.7296868562698364, 0.1640656739473343, -0.7817481160163879, 0.6016252636909485),
            ["RightHand"] = CFrame.new(-5.960464477539063e-08, 4.172325134277344e-07, 1.6391277313232422e-07, 0.7506648898124695, 0.1795102208852768, 0.6358283758163452, -0.032462116330862045, 0.9712398052215576, -0.23588109016418457, -0.6598851680755615, 0.15642714500427246, 0.7349029779434204),
            ["RightUpperArm"] = CFrame.new(1.1920928955078125e-07, -5.960464477539062e-07, -2.9802322387695312e-08, 0.9368946552276611, -0.1033928394317627, 0.333974152803421, 0.3285442590713501, 0.5869753956794739, -0.7399452328681946, -0.11952903866767883, 0.8029756546020508, 0.5839026570320129),
            ["RightLowerLeg"] = CFrame.new(7.078051567077637e-08, -0.000015079975128173828, -0.00003510265378281474, 1, -5.960463766996327e-08, 6.007029895727101e-08, 6.332992796842518e-08, 0.9344127178192139, 0.35619208216667175, -3.352760913344355e-08, -0.3561922609806061, 0.9344128370285034),
            ["LeftUpperLeg"] = CFrame.new(0, -1.1362135410308838e-07, 9.313225746154785e-09, 0.8842723369598389, 0.10361243039369583, 0.4553316831588745, 0.05649096518754959, 0.9441771507263184, -0.3245587646961212, -0.463542103767395, 0.31272050738334656, 0.8290565609931946),
            ["LeftLowerLeg"] = CFrame.new(1.862645149230957e-08, 0.0000152587890625, 0.000035066157579422, 1, 4.8428766774577525e-08, 4.656612873077393e-10, -4.842877388000488e-08, 0.9136918187141418, 0.40640780329704285, 4.842877388000488e-08, -0.40640780329704285, 0.9136918187141418),
        }},
        {Time = 0.167, Data = {
            ["LeftFoot"] = CFrame.new(-5.587935447692871e-09, -1.7881393432617188e-07, -1.210719347000122e-08, 0.9294416904449463, -0.06149987876415253, -0.36380788683891296, -0.013197429478168488, 0.9798389673233032, -0.19935274124145508, 0.3687330484390259, 0.1900879144668579, 0.9098914265632629),
            ["LeftLowerArm"] = CFrame.new(-0.0005002617835998535, -0.00010001659393310547, -3.7997961044311523e-07, 1, 5.4016677353274645e-08, -1.806765510536934e-07, -1.3783575525394554e-07, -0.021999327465891838, -0.9997580647468567, -3.632158396271734e-08, 0.9997580647468567, -0.021999405696988106),
            ["LowerTorso"] = CFrame.new(0.021528493613004684, -0.06473684310913086, 0.14727835357189178, 0.9993040561676025, -0.021905507892370224, -0.030195333063602448, 0.02392951026558876, 0.9973719716072083, 0.06838511675596237, 0.028617972508072853, -0.0690600723028183, 0.9972019791603088),
            ["Head"] = CFrame.new(-9.778887033462524e-09, 2.384185791015625e-07, 2.5407643988728523e-08, 0.9652997851371765, 0.2001776248216629, -0.1677062213420868, -0.1677139401435852, 0.9674630761146545, 0.18943968415260315, 0.20017117261886597, -0.1547393649816513, 0.9674643278121948),
            ["RightFoot"] = CFrame.new(2.3050233721733093e-08, 2.980232238769531e-07, -1.3184035196900368e-08, 0.9782193303108215, 0.01006442029029131, 0.2073303461074829, 0.0581495463848114, 0.9455434679985046, -0.32025930285453796, -0.19926270842552185, 0.32534024119377136, 0.9243636131286621),
            ["UpperTorso"] = CFrame.new(-3.958120942115784e-09, 1.7881393432617188e-07, -4.150206223130226e-08, 0.9805155992507935, 0.013930029235780239, 0.19594722986221313, -0.0365627259016037, 0.9929940104484558, 0.11236638575792313, -0.1930091381072998, -0.11734131723642349, 0.9741553664207458),
            ["HumanoidRootPart"] = CFrame.new(0, 0, 0, 1, 0, 0, 0, 1, 0, 0, 0, 1),
            ["RightUpperLeg"] = CFrame.new(-5.960464477539063e-08, 2.635642886161804e-07, -5.8498699218034744e-08, 0.7593142986297607, -0.17830131947994232, -0.625819742679596, -0.07537446916103363, 0.9311555624008179, -0.3567468523979187, 0.6463440656661987, 0.318053662776947, 0.6936001777648926),
            ["LeftUpperArm"] = CFrame.new(-1.7881393432617188e-07, 0, -1.30385160446167e-07, 0.863484263420105, -0.3255695402622223, -0.38522645831108093, -0.46692147850990295, -0.22715546190738678, -0.8546255826950073, 0.19073380529880524, 0.917826235294342, -0.3481605648994446),
            ["RightLowerArm"] = CFrame.new(5.960464477539063e-08, 5.960464477539063e-08, 2.9802322387695312e-08, 1, -8.940695295223122e-08, 5.029141902923584e-08, 5.5879347371501353e-08, 0.5154773592948914, -0.8569033741950989, 2.9802318834981634e-08, 0.8569031953811646, 0.515477180480957),
            ["LeftHand"] = CFrame.new(0.0004996582865715027, 0.00009995698928833008, -5.960464477539063e-08, 0.9630439877510071, -0.14402949810028076, -0.2276008576154709, 0.2628225088119507, 0.687337338924408, 0.6771195530891418, 0.05891351401805878, -0.7119149565696716, 0.6997906565666199),
            ["RightHand"] = CFrame.new(0, 0, 4.0978193283081055e-08, 0.649635910987854, 0.2645421326160431, 0.7127346396446228, -0.244130939245224, 0.9604443907737732, -0.13396507501602173, -0.7199815511703491, -0.08697202801704407, 0.6885221600532532),
            ["RightUpperArm"] = CFrame.new(0, 2.384185791015625e-07, -1.341104507446289e-07, 0.9250850081443787, -0.13098450005054474, 0.35645589232444763, 0.31165042519569397, 0.7982128262519836, -0.5154903531074524, -0.21700653433799744, 0.5879620909690857, 0.7792361378669739),
            ["RightLowerLeg"] = CFrame.new(9.12696123123169e-08, -0.000015139579772949219, -0.0000352023052982986, 1, -6.332992796842518e-08, -3.119930269690485e-08, 8.288771624620495e-08, 0.8401186466217041, 0.5424023270606995, -1.1175872671742582e-08, -0.5424028038978577, 0.8401188254356384),
            ["LeftUpperLeg"] = CFrame.new(-2.9802322387695312e-08, 4.055909812450409e-07, -7.264316082000732e-08, 0.875507116317749, 0.1396230310201645, 0.4625934958457947, 0.05913376808166504, 0.9191887378692627, -0.38935261964797974, -0.4795733392238617, 0.3682357370853424, 0.7964997887611389),
            ["LeftLowerLeg"] = CFrame.new(7.82310962677002e-08, 0.00001519918441772461, 0.00003508478403091431, 1, 7.450579175838357e-08, 1.7695127141337252e-08, -6.705523247774181e-08, 0.8409407734870911, 0.5411271452903748, -1.0244549208948683e-08, -0.5411271452903748, 0.8409407734870911),
        }},
        {Time = 0.200, Data = {
            ["LeftFoot"] = CFrame.new(1.1175870895385742e-08, -5.960464477539063e-08, 0, 0.9304796457290649, -0.08191761374473572, -0.357067734003067, -0.018619606271386147, 0.9628443717956543, -0.26941436529159546, 0.3658702075481415, 0.25733307003974915, 0.8943816423416138),
            ["LeftLowerArm"] = CFrame.new(-0.0005002319812774658, -0.00009995698928833008, -2.5331974029541016e-07, 1, 1.1175869119028903e-08, -1.583247808412125e-07, -1.6274861991405487e-07, -0.05397253856062889, -0.9985424280166626, -4.470348358154297e-08, 0.9985424280166626, -0.05397265404462814),
            ["LowerTorso"] = CFrame.new(0.021528419107198715, -0.11703777313232422, 0.14835552871227264, 0.9993039965629578, -0.021905671805143356, -0.030194619670510292, 0.023929625749588013, 0.9973719716072083, 0.06838526576757431, 0.028617242351174355, -0.06906019896268845, 0.9972019791603088),
            ["Head"] = CFrame.new(9.313225746154785e-09, -2.384185791015625e-07, -5.7712895795702934e-08, 0.9462372660636902, 0.28176116943359375, -0.15888887643814087, -0.25704333186149597, 0.9531523585319519, 0.15946586430072784, 0.19637656211853027, -0.11005105823278427, 0.9743331074714661),
            ["RightFoot"] = CFrame.new(1.3504177331924438e-08, 3.5762786865234375e-07, -2.0634615793824196e-08, 0.9786936044692993, 0.0014314642176032066, 0.20532163977622986, 0.07362968474626541, 0.9310225248336792, -0.35745716094970703, -0.19167079031467438, 0.36495912075042725, 0.9110803604125977),
            ["UpperTorso"] = CFrame.new(-2.561137080192566e-09, 2.9802322387695312e-08, 1.6880221664905548e-09, 0.9794125556945801, 0.03270907700061798, 0.1992015540599823, -0.055343031883239746, 0.9924848675727844, 0.109137624502182, -0.19413475692272186, -0.11791519075632095, 0.9738622307777405),
            ["HumanoidRootPart"] = CFrame.new(0, 0, 0, 1, 0, 0, 0, 1, 0, 0, 0, 1),
            ["RightUpperLeg"] = CFrame.new(-2.9802322387695312e-08, 7.636845111846924e-08, 2.9045622795820236e-08, 0.7450443506240845, -0.24708670377731323, -0.6195619106292725, -0.07363474369049072, 0.8927124738693237, -0.44456997513771057, 0.6629380583763123, 0.3768455386161804, 0.6469162106513977),
            ["LeftUpperArm"] = CFrame.new(-1.1920928955078125e-07, 1.1920928955078125e-07, -5.21540641784668e-08, 0.8244752883911133, -0.4362075626850128, -0.36050477623939514, -0.4744660258293152, -0.18564613163471222, -0.8604751229286194, 0.3084193468093872, 0.8804877400398254, -0.36002641916275024),
            ["RightLowerArm"] = CFrame.new(-5.960464477539063e-08, 2.384185791015625e-07, 0, 1, -7.4505797087454084e-09, 5.215405707303944e-08, 8.940696716308594e-08, 0.39311322569847107, -0.9194902181625366, 8.102506399154663e-08, 0.9194900989532471, 0.39311283826828003),
            ["LeftHand"] = CFrame.new(0.0004999637603759766, 0.00010061264038085938, -1.4901161193847656e-08, 0.962600588798523, -0.2400091290473938, -0.12568053603172302, 0.2645920515060425, 0.7331134676933289, 0.6265271902084351, -0.058234233409166336, -0.6363492608070374, 0.7691997289657593),
            ["RightHand"] = CFrame.new(0, -2.384185791015625e-07, -1.9371509552001953e-07, 0.4993197023868561, 0.328360378742218, 0.8017849922180176, -0.4297913908958435, 0.8973895311355591, -0.09985723346471786, -0.7523027062416077, -0.2947397232055664, 0.5892108082771301),
            ["RightUpperArm"] = CFrame.new(-5.960464477539063e-08, -1.1920928955078125e-07, -5.21540641784668e-08, 0.9015317559242249, -0.0976962149143219, 0.42154034972190857, 0.21203604340553284, 0.9489453434944153, -0.2335454225540161, -0.37720197439193726, 0.2999303340911865, 0.8762193322181702),
            ["RightLowerLeg"] = CFrame.new(-9.313225746154785e-10, -0.000014722347259521484, -0.000035217206459492445, 1, -9.03382755268467e-08, -6.076880509908733e-08, 8.754432201385498e-08, 0.7328101992607117, 0.6804327964782715, -2.514570951461792e-08, -0.6804332733154297, 0.7328104972839355),
            ["LeftUpperLeg"] = CFrame.new(0, 1.816079020500183e-07, -2.2351741790771484e-08, 0.8741583824157715, 0.18573452532291412, 0.44872036576271057, 0.05993901193141937, 0.8756476640701294, -0.479216605424881, -0.4819279611110687, 0.4458070397377014, 0.7543219923973083),
            ["LeftLowerLeg"] = CFrame.new(1.4901161193847656e-08, 0.00001519918441772461, 0.00003510713577270508, 1, 5.960465188081798e-08, 0, -7.078052277620372e-08, 0.7275938391685486, 0.6860080361366272, 9.313226634333205e-09, -0.6860081553459167, 0.7275939583778381),
        }},
        {Time = 0.233, Data = {
            ["LeftFoot"] = CFrame.new(0, 5.960464477539063e-08, -1.862645149230957e-08, 0.9428912997245789, -0.09144377708435059, -0.3203031122684479, -0.024692174047231674, 0.9397470355033875, -0.34097734093666077, 0.33218416571617126, 0.3294137716293335, 0.8838215470314026),
            ["LeftLowerArm"] = CFrame.new(-0.0004999041557312012, -0.00010037422180175781, -1.1175870895385742e-07, 1, 1.0803335470654929e-07, -1.7788256911899225e-07, -1.4156101713069802e-07, -0.08347593992948532, -0.9965097904205322, -5.4016702222270396e-08, 0.9965097904205322, -0.0834759920835495),
            ["LowerTorso"] = CFrame.new(0.021528344601392746, -0.17584609985351562, 0.14952091872692108, 0.9993039965629578, -0.021905718371272087, -0.030193904414772987, 0.023929625749588013, 0.9973719716072083, 0.06838539987802505, 0.02861652337014675, -0.069060318171978, 0.9972019791603088),
            ["Head"] = CFrame.new(-1.6763806343078613e-08, 0, -2.232263796031475e-08, 0.9196138978004456, 0.36139947175979614, -0.15395008027553558, -0.3440797030925751, 0.930148720741272, 0.12818989157676697, 0.18952418863773346, -0.06491398066282272, 0.9797279238700867),
            ["RightFoot"] = CFrame.new(8.847564458847046e-09, 4.172325134277344e-07, 2.4068867787718773e-08, 0.9787462949752808, -0.005317998584359884, 0.20500588417053223, 0.0859726220369339, 0.9182168245315552, -0.38663485646247864, -0.18618372082710266, 0.3960425555706024, 0.8991585373878479),
            ["UpperTorso"] = CFrame.new(-9.313225746154785e-10, -8.940696716308594e-08, 4.3422915041446686e-08, 0.9779425263404846, 0.05154689773917198, 0.20241406559944153, -0.07417191565036774, 0.9916143417358398, 0.10582871735095978, -0.19526156783103943, -0.11850791424512863, 0.9735649824142456),
            ["HumanoidRootPart"] = CFrame.new(0, 0, 0, 1, 0, 0, 0, 1, 0, 0, 0, 1),
            ["RightUpperLeg"] = CFrame.new(2.9802322387695312e-08, -3.1478703022003174e-07, 2.62516550719738e-08, 0.7287272214889526, -0.31165826320648193, -0.6097750663757324, -0.07218515127897263, 0.8505176901817322, -0.5209694504737854, 0.6809889674186707, 0.42366132140159607, 0.5972983241081238),
            ["LeftUpperArm"] = CFrame.new(0, -1.1920928955078125e-07, -1.043081283569336e-07, 0.8152783513069153, -0.46476924419403076, -0.3454138934612274, -0.4554571807384491, -0.14630433917045593, -0.8781536817550659, 0.35760313272476196, 0.8732609152793884, -0.3309614956378937),
            ["RightLowerArm"] = CFrame.new(5.960464477539063e-08, -2.384185791015625e-07, -4.470348358154297e-08, 1, -5.960462345910855e-08, 5.960463766996327e-08, 1.247972107876194e-07, 0.21191205084323883, -0.9772886633872986, 4.284083487959833e-08, 0.9772887229919434, 0.21191242337226868),
            ["LeftHand"] = CFrame.new(0.000499919056892395, 0.00010031461715698242, 5.960464477539063e-08, 0.940208375453949, -0.3405236005783081, -0.0072284964844584465, 0.28095558285713196, 0.763390839099884, 0.5816336870193481, -0.1925419569015503, -0.548888087272644, 0.8134188055992126),
            ["RightHand"] = CFrame.new(-8.940696716308594e-08, -1.1920928955078125e-07, -2.7567148208618164e-07, 0.25071781873703003, 0.3409833312034607, 0.906019389629364, -0.5641213059425354, 0.8120434284210205, -0.14950916171073914, -0.7867068648338318, -0.4736199975013733, 0.39594942331314087),
            ["RightUpperArm"] = CFrame.new(-1.7881393432617188e-07, -1.1920928955078125e-07, 4.470348358154297e-08, 0.8639969229698181, 0.004937536083161831, 0.5034728050231934, -0.003793054260313511, 0.9999874234199524, -0.0032980446703732014, -0.5034828782081604, 0.0009394724620506167, 0.8640047907829285),
            ["RightLowerLeg"] = CFrame.new(5.8673322200775146e-08, -0.000015079975128173828, -0.0000350458431057632, 1, -7.497144594026395e-08, -7.660128176212311e-08, 9.546054968723183e-08, 0.6166386604309082, 0.7872461080551147, -4.284083487959833e-08, -0.7872463464736938, 0.6166389584541321),
            ["LeftUpperLeg"] = CFrame.new(-5.960464477539063e-08, -4.484318196773529e-07, 2.2351741790771484e-08, 0.8720229268074036, 0.2292214184999466, 0.43247368931770325, 0.057315241545438766, 0.82966548204422, -0.5553107857704163, -0.4860977530479431, 0.5090311169624329, 0.7103495001792908),
            ["LeftLowerLeg"] = CFrame.new(4.0978193283081055e-08, 0.0000152587890625, 0.000035196542739868164, 1, 1.0430809993522416e-07, 2.60770320892334e-08, -5.587935447692871e-08, 0.6036744117736816, 0.7972308993339539, 7.450580596923828e-09, -0.7972310185432434, 0.603674590587616),
        }},
        {Time = 0.267, Data = {
            ["LeftFoot"] = CFrame.new(-3.632158041000366e-08, 1.7881393432617188e-07, 4.470348358154297e-08, 0.966801643371582, -0.0797199234366417, -0.2427745759487152, -0.02863173931837082, 0.9103087782859802, -0.4129384160041809, 0.2539190351963043, 0.4061806797981262, 0.8778055310249329),
            ["LeftLowerArm"] = CFrame.new(-0.0004999935626983643, -0.0000997781753540039, -3.0547380447387695e-07, 1, 1.341103512686459e-07, -2.747399889813096e-07, -1.6018749704471702e-07, -0.11635461449623108, -0.9932077527046204, -6.705523247774181e-08, 0.9932077527046204, -0.11635465919971466),
            ["LowerTorso"] = CFrame.new(0.021528271958231926, -0.23284649848937988, 0.1505752056837082, 0.9993041157722473, -0.021905893459916115, -0.03019307181239128, 0.023929746821522713, 0.997372031211853, 0.06838551163673401, 0.0286156814545393, -0.06906042993068695, 0.9972020387649536),
            ["Head"] = CFrame.new(2.7939677238464355e-08, 0, -2.232263796031475e-08, 0.8943427205085754, 0.41817086935043335, -0.1590108871459961, -0.40925705432891846, 0.9082818031311035, 0.08679231256246567, 0.18072070181369781, -0.012545676901936531, 0.9834545254707336),
            ["RightFoot"] = CFrame.new(3.3527612686157227e-08, 2.980232238769531e-07, -3.553577698767185e-08, 0.9781826138496399, -0.012007169425487518, 0.20740005373954773, 0.09711138159036636, 0.9089694023132324, -0.4053933322429657, -0.18365250527858734, 0.41669002175331116, 0.8903041481971741),
            ["UpperTorso"] = CFrame.new(-1.0710209608078003e-08, 2.9802322387695312e-08, -3.1082890927791595e-08, 0.9760765433311462, 0.07067955285310745, 0.20561906695365906, -0.09328453242778778, 0.9903601408004761, 0.10239624232053757, -0.19639959931373596, -0.11912764608860016, 0.9732604622840881),
            ["HumanoidRootPart"] = CFrame.new(0, 0, 0, 1, 0, 0, 0, 1, 0, 0, 0, 1),
            ["RightUpperLeg"] = CFrame.new(-2.9802322387695312e-08, -1.0896474123001099e-07, -2.6193447411060333e-09, 0.7095127701759338, -0.36725592613220215, -0.6014272570610046, -0.07203849405050278, 0.8111891150474548, -0.5803300142288208, 0.7010008096694946, 0.4550773501396179, 0.5490924119949341),
            ["LeftUpperArm"] = CFrame.new(0, -1.1920928955078125e-07, -1.0617077350616455e-07, 0.7919941544532776, -0.5134410262107849, -0.3303387463092804, -0.43802905082702637, -0.10095325112342834, -0.8932741284370422, 0.4252948760986328, 0.852165937423706, -0.3048568665981293),
            ["RightLowerArm"] = CFrame.new(-5.960464477539063e-08, 2.384185791015625e-07, 2.9802322387695312e-08, 1, -4.470347292340193e-08, 1.1920926112907182e-07, 4.936009645462036e-08, 0.22784899175167084, -0.9736965894699097, 1.1175870895385742e-08, 0.9736964702606201, 0.22784852981567383),
            ["LeftHand"] = CFrame.new(0.0004998743534088135, 0.00010031461715698242, 1.1175870895385742e-07, 0.8884132504463196, -0.4492204487323761, 0.09446348994970322, 0.3239988684654236, 0.759407639503479, 0.5642022490501404, -0.3251872956752777, -0.47063902020454407, 0.8202149271965027),
            ["RightHand"] = CFrame.new(2.9802322387695312e-08, -2.384185791015625e-07, 2.905726432800293e-07, 0.29670247435569763, 0.2002434879541397, 0.9337399005889893, -0.4962315559387207, 0.867725133895874, -0.02840387262403965, -0.8159178495407104, -0.45492392778396606, 0.3568238317966461),
