return {
    ["Gangnam Style"] = {
        [1] = {Time = 0.000, Data = {
            ["LeftFoot"] = CFrame.new(3.119930624961853e-08, -2.384185791015625e-07, 1.862645149230957e-09, 0.9395400881767273, -0.22229979932308197, -0.2604750692844391, 0.2643010914325714, 0.954397439956665, 0.13881905376911163, 0.21773739159107208, -0.19926980137825012, 0.955448567867279),
            ["LeftLowerArm"] = CFrame.new(-5.960464477539063e-08, -4.76837158203125e-07, 0, 1, -8.102509241325606e-08, 1.4528625058574107e-07, 1.2759120693317527e-07, 0.1516956388950348, -0.9884272813796997, 3.725290653733282e-08, 0.9884273409843445, 0.15169550478458405),
            ["LowerTorso"] = CFrame.new(-0.07404057681560516, 0.11049318313598633, 0.011470865458250046, 0.9908982515335083, -0.06974407285451889, -0.11513721942901611, 0.07353191822767258, 0.9968715906143188, 0.028983324766159058, 0.11275561153888702, -0.03718581050634384, 0.9929267168045044),
            ["Head"] = CFrame.new(-1.0244548320770264e-08, 2.384185791015625e-07, -2.3283064365386963e-10, 0.9953041076660156, -0.044446490705013275, 0.08599070459604263, 0.032171376049518585, 0.9897412657737732, 0.1392020732164383, -0.09129549562931061, -0.1357816755771637, 0.986523449420929),
            ["RightUpperArm"] = CFrame.new(-5.960464477539063e-08, 2.384185791015625e-07, 1.862645149230957e-08, 0.28011050820350647, -0.29555660486221313, 0.9133369326591492, 0.848152220249176, 0.5218343138694763, -0.09125297516584396, -0.4496399462223053, 0.800209641456604, 0.3968481123447418),
            ["UpperTorso"] = CFrame.new(-2.648448571562767e-09, -1.1920928955078125e-07, 1.4901161193847656e-08, 0.9798722863197327, 0.14599180221557617, -0.13614991307258606, -0.14819666743278503, 0.9889388680458069, -0.006147854030132294, 0.13374640047550201, 0.026201024651527405, 0.9906691908836365),
            ["HumanoidRootPart"] = CFrame.new(0, 0, 0, 1, 0, 0, 0, 1, 0, 0, 0, 1),
            ["RightHand"] = CFrame.new(1.4901161193847656e-07, 0, -1.4901161193847656e-07, 0.8260674476623535, -0.40704840421676636, 0.3897745907306671, 0.41604748368263245, 0.9069859385490417, 0.0654328390955925, -0.3801540732383728, 0.10811243951320648, 0.9185828566551208),
            ["LeftUpperArm"] = CFrame.new(0, 1.1920928955078125e-07, 2.2351741790771484e-08, 0.47039616107940674, -0.012052161619067192, -0.8823730945587158, -0.40228456258773804, 0.8870348334312439, -0.22657537460327148, 0.7854263782501221, 0.46154510974884033, 0.41240930557250977),
            ["RightLowerArm"] = CFrame.new(5.960464477539063e-08, 1.7881393432617188e-07, -2.682209014892578e-07, 1, -5.96046660916727e-08, 7.450579175838357e-08, 1.639127589214695e-07, -0.11442668735980988, -0.9934316873550415, 9.685753354915505e-08, 0.9934317469596863, -0.11442671716213226),
            ["LeftHand"] = CFrame.new(2.7567148208618164e-07, -1.1920928955078125e-07, -2.8870999813079834e-07, 0.19841395318508148, 0.485233336687088, -0.851575493812561, -0.4416694939136505, 0.8198973536491394, 0.3642755150794983, 0.8749628663063049, 0.3038371205329895, 0.3769914209842682),
            ["RightUpperLeg"] = CFrame.new(-5.960464477539063e-08, 1.6787089407444e-07, 1.3205863069742918e-08, 0.7405693531036377, -0.6340705156326294, -0.22251158952713013, 0.27399173378944397, 0.5872766375541687, -0.7616002559661865, 0.6135841012001038, 0.5030514001846313, 0.6086491346359253),
            ["LeftUpperLeg"] = CFrame.new(0, -2.5262124836444855e-08, 1.4901161193847656e-08, 0.895764172077179, 0.43529292941093445, -0.0901491641998291, -0.4034009575843811, 0.7108002305030823, -0.5762210488319397, -0.18674688041210175, 0.5525243878364563, 0.8123069405555725),
            ["RightLowerLeg"] = CFrame.new(-8.940696716308594e-08, -0.00006031990051269531, -0.00007225403533084318, 1, -1.6763800658736727e-07, -1.2665991278026922e-07, 1.043081283569336e-07, 0.2863847017288208, 0.9581145644187927, -1.341104507446289e-07, -0.9581146836280823, 0.28638532757759094),
            ["RightFoot"] = CFrame.new(1.1175870895385742e-07, 2.384185791015625e-07, -8.77116690389812e-08, 0.9483723640441895, 0.1778918206691742, 0.2671005129814148, -0.2567305862903595, 0.9154490828514099, 0.3074324131011963, -0.18622344732284546, -0.3609812259674072, 0.9133141040802002),
            ["LeftLowerLeg"] = CFrame.new(-1.3783574104309082e-07, 0.00006020069122314453, 0.00007215887308120728, 1, 3.725290653733282e-08, 7.450581485102248e-09, -7.078051567077637e-08, 0.4562285542488098, 0.8898627758026123, 7.450580596923828e-08, -0.8898627161979675, 0.45622846484184265)
        }},
        [2] = {Time = 0.033, Data = {
            ["LeftFoot"] = CFrame.new(-5.413312464952469e-08, 1.1920928955078125e-07, 0, 0.9465947151184082, -0.2480296790599823, -0.20600928366184235, 0.23758849501609802, 0.9685149788856506, -0.07436791807413101, 0.21796861290931702, 0.021451354026794434, 0.9757201075553894),
            ["LeftLowerArm"] = CFrame.new(4.76837158203125e-07, 5.960464477539063e-08, 2.9802322387695312e-08, 1, -1.0430816388407038e-07, 7.450577044210149e-08, 1.30385160446167e-07, 0.5533531308174133, -0.8329469561576843, 2.9802322387695312e-08, 0.8329468369483948, 0.5533528923988342),
            ["LowerTorso"] = CFrame.new(-0.055399660021066666, -0.0019054412841796875, -0.009564081206917763, 0.9948879480361938, -0.07221271842718124, -0.07059293985366821, 0.07314379513263702, 0.99726402759552, 0.01069585233926773, 0.06962742656469345, -0.015804627910256386, 0.9974479079246521),
            ["Head"] = CFrame.new(-2.7939677238464355e-08, 2.384185791015625e-07, -8.847564458847046e-09, 0.9972690939903259, -0.0054560876451432705, 0.07365278899669647, -0.00046790449414402246, 0.9967808723449707, 0.08017349243164062, -0.0738530233502388, -0.07998886704444885, 0.9940561056137085),
            ["RightUpperArm"] = CFrame.new(-1.1920928955078125e-07, 3.5762786865234375e-07, 2.9802322387695312e-08, 0.21844136714935303, -0.21346068382263184, 0.9522174596786499, 0.8131164312362671, 0.5793371200561523, -0.0566597543656826, -0.5395601987838745, 0.7866402864456177, 0.30011942982673645),
            ["UpperTorso"] = CFrame.new(1.862645149230957e-09, 5.960464477539063e-08, -4.656612873077393e-10, 0.9852796792984009, 0.11875051259994507, -0.1229729875922203, -0.11620594561100006, 0.9928391575813293, 0.027686266228556633, 0.12538012862205505, -0.012988564558327198, 0.9920238256454468),
            ["HumanoidRootPart"] = CFrame.new(0, 0, 0, 1, 0, 0, 0, 1, 0, 0, 0, 1),
            ["RightHand"] = CFrame.new(2.9802322387695312e-08, -2.384185791015625e-07, -1.1920928955078125e-07, 0.5317621231079102, -0.5728498697280884, 0.6237565279006958, 0.6759954690933228, 0.730777382850647, 0.09483952075242996, -0.5101560354232788, 0.37122443318367004, 0.7758435606956482),
            ["LeftUpperArm"] = CFrame.new(0, -1.1920928955078125e-07, 0, 0.3681486248970032, -0.12882393598556519, -0.9207990765571594, -0.4508141577243805, 0.8414191603660583, -0.29796040058135986, 0.8131625056266785, 0.5248030424118042, 0.2516915202140808),
            ["RightLowerArm"] = CFrame.new(2.384185791015625e-07, -2.384185791015625e-07, -1.4901161193847656e-07, 1, -4.4703494239684005e-08, 8.940695295223122e-08, 7.450581307466564e-08, 0.023335812613368034, -0.9997276663780212, 8.195639367158947e-08, 0.9997277855873108, 0.023335715755820274),
            ["LeftHand"] = CFrame.new(1.6763806343078613e-07, -1.1920928955078125e-07, -4.470348358154297e-08, 0.22993922233581543, 0.5038196444511414, -0.8326426148414612, -0.6910951137542725, 0.6869176030158997, 0.22479373216629028, 0.6852120161056519, 0.5237460732460022, 0.506136417388916),
            ["RightUpperLeg"] = CFrame.new(-2.9802322387695312e-08, -3.14321368932724e-09, 3.892637323588133e-09, 0.7417518496513367, -0.6414054036140442, -0.19596776366233826, 0.2829004228115082, 0.5641555190086365, -0.7756908535957336, 0.6080883741378784, 0.5199305415153503, 0.5999170541763306),
            ["LeftUpperLeg"] = CFrame.new(0, -9.022187441587448e-09, 0, 0.8852450251579285, 0.4636933505535126, -0.03646346926689148, -0.4346352815628052, 0.7967535257339478, -0.4198525547981262, -0.16563041508197784, 0.38752061128616333, 0.9068595767021179),
            ["RightLowerLeg"] = CFrame.new(-1.4901161193847656e-08, -0.0000603795051574707, -0.00007203051791293547, 1, -2.0116563348437921e-07, -1.7881399116959074e-07, 1.341104365337742e-07, 0.3314584493637085, 0.9434696435928345, -8.195637946073475e-08, -0.9434698820114136, 0.33145904541015625),
            ["RightFoot"] = CFrame.new(-1.0617077350616455e-07, 1.7881393432617188e-07, 1.5815749065950513e-07, 0.9559533596038818, 0.17941947281360626, 0.23697426915168762, -0.2711073160171509, 0.8410025835037231, 0.4659698009490967, -0.11249000579118729, -0.5104147791862488, 0.8524760007858276),
            ["LeftLowerLeg"] = CFrame.new(0, 0.000060498714447021484, 0.00007207319140434265, 1, 5.215405707303944e-08, -1.4901161193847656e-08, -3.3527616238870905e-08, 0.6505043506622314, 0.7595024704933167, 3.725290653733282e-08, -0.7595025300979614, 0.6505044102668762)
        }},
        [3] = {Time = 0.067, Data = {
            ["LeftFoot"] = CFrame.new(4.284083843231201e-08, -5.960464477539063e-08, 1.4901161193847656e-08, 0.94460529088974, -0.2753606140613556, -0.17859794199466705, 0.24357199668884277, 0.9528684616088867, -0.18087127804756165, 0.21998533606529236, 0.1273508220911026, 0.9671548008918762),
            ["LeftLowerArm"] = CFrame.new(1.1920928955078125e-07, -1.1920928955078125e-07, -2.9802322387695312e-08, 1, -7.450583439094771e-08, 5.960460924825384e-08, 1.5273690223693848e-07, 0.365584135055542, -0.9307785630226135, 8.940696716308594e-08, 0.9307783246040344, 0.3655836880207062),
            ["LowerTorso"] = CFrame.new(-0.024807702749967575, -0.13249921798706055, -0.029749209061264992, 0.9975687265396118, -0.06689319014549255, -0.01954597607254982, 0.06700146943330765, 0.997740626335144, 0.0049536875449121, 0.019170448184013367, -0.0062512559816241264, 0.9997967481613159),
            ["Head"] = CFrame.new(7.450580596923828e-09, 0, -1.3969838619232178e-08, 0.9965065717697144, 0.0368448942899704, 0.07494764775037766, -0.03525365889072418, 0.9991262555122375, -0.022446995601058006, -0.07570920139551163, 0.01972651481628418, 0.9969347715377808),
            ["RightUpperArm"] = CFrame.new(1.1920928955078125e-07, 1.1920928955078125e-07, -2.9802322387695312e-08, 0.17432181537151337, -0.15816159546375275, 0.9719038009643555, 0.8182151317596436, 0.572407603263855, -0.05360591039061546, -0.5478464961051941, 0.8045709729194641, 0.22919325530529022),
            ["UpperTorso"] = CFrame.new(1.5425030142068863e-08, 1.4901161193847656e-07, -2.6775524020195007e-09, 0.9851523637771606, 0.08113638311624527, -0.15130047500133514, -0.07321442663669586, 0.9956732392311096, 0.05722265690565109, 0.15528865158557892, -0.045295678079128265, 0.9868301749229431),
            ["HumanoidRootPart"] = CFrame.new(0, 0, 0, 1, 0, 0, 0, 1, 0, 0, 0, 1),
            ["RightHand"] = CFrame.new(1.043081283569336e-07, 1.1920928955078125e-07, -1.7881393432617188e-07, 0.39052629470825195, -0.6350080966949463, 0.6665237545967102, 0.6687899231910706, 0.6932340860366821, 0.2686013877391815, -0.6326210498809814, 0.34086838364601135, 0.6954131722450256),
            ["LeftUpperArm"] = CFrame.new(0, 2.384185791015625e-07, -2.9802322387695312e-08, 0.40100106596946716, 0.13933676481246948, -0.9054189920425415, -0.5232748985290527, 0.8460921049118042, -0.10154664516448975, 0.751918613910675, 0.5145032405853271, 0.41219502687454224),
            ["RightLowerArm"] = CFrame.new(2.384185791015625e-07, 4.172325134277344e-07, 1.4901161193847656e-08, 1, -1.5506520867347717e-07, 2.0861619987044833e-07, 2.3841852225814364e-07, 0.09284123033285141, -0.9956809878349304, 1.3038513202445756e-07, 0.9956809878349304, 0.09284112602472305),
            ["LeftHand"] = CFrame.new(1.4901161193847656e-08, 0, -1.4901161193847656e-08, 0.3946535289287567, 0.43230029940605164, -0.8107806444168091, -0.5751556754112244, 0.8043745756149292, 0.1489235907793045, 0.7165504693984985, 0.40755146741867065, 0.5660887956619263),
            ["RightUpperLeg"] = CFrame.new(-2.9802322387695312e-08, 2.611050149425864e-07, 1.0986695997416973e-09, 0.7206689119338989, -0.5744327306747437, -0.3881540298461914, 0.22990164160728455, 0.7262161374092102, -0.6478854417800903, 0.6540501713752747, 0.37767353653907776, 0.6554242968559265),
            ["LeftUpperLeg"] = CFrame.new(0, 1.3201497495174408e-07, -9.313225746154785e-09, 0.8870612978935242, 0.45436495542526245, -0.08170095831155777, -0.44847995042800903, 0.8061755895614624, -0.3859359323978424, -0.10949040204286575, 0.37898996472358704, 0.918900728225708),
            ["RightLowerLeg"] = CFrame.new(-5.960464477539063e-08, -0.0000603795051574707, -0.00007203051791293547, 1, -1.2665985593685036e-07, -9.685760460342863e-08, 1.0430814256778831e-07, 0.4368792474269867, 0.8995198011398315, -8.940698137394065e-08, -0.8995201587677002, 0.43688008189201355),
            ["RightFoot"] = CFrame.new(2.9802322387695312e-08, 2.980232238769531e-07, 1.287116901949048e-08, 0.9459505677223206, 0.23000848293304443, 0.23313722014427185, -0.2771269381046295, 0.9384780526161194, 0.2031991183757782, -0.1684582531452179, -0.2575948238372803, 0.9509769678115845),
            ["LeftLowerLeg"] = CFrame.new(4.842877388000488e-08, 0.000060439109802246094, 0.00007210671901702881, 1, 1.0430815677864302e-07, -3.725290653733282e-08, -7.078051567077637e-08, 0.6667632460594177, 0.7452695369720459, 3.725290298461914e-08, -0.7452697157859802, 0.6667633652687073)
        }},
        [4] = {Time = 0.100, Data = {
            ["LeftFoot"] = CFrame.new(1.1455267667770386e-07, -5.960464477539063e-08, 0, 0.9363577365875244, -0.3349340260028839, -0.10513384640216827, 0.26411476731300354, 0.8694316148757935, -0.41753101348876953, 0.2312522679567337, 0.3631911277770996, 0.9025601148605347),
            ["LeftLowerArm"] = CFrame.new(1.1920928955078125e-07, -5.960464477539063e-08, 4.470348358154297e-08, 1, -8.94070240065048e-08, 2.9802311729554276e-08, 9.173528781047935e-08, 0.3876037299633026, -0.9218262434005737, 5.960465188081798e-08, 0.921826183795929, 0.3876033127307892),
            ["LowerTorso"] = CFrame.new(0.02378605119884014, -0.25452232360839844, -0.044235602021217346, 0.9989224076271057, -0.03725278377532959, 0.02768365666270256, 0.037460826337337494, 0.9992733001708984, -0.007046012207865715, -0.02740105241537094, 0.008075480349361897, 0.9995918869972229),
            ["Head"] = CFrame.new(1.1175870895385742e-08, 2.384185791015625e-07, 3.073364496231079e-08, 0.99290531873703, 0.09392673522233963, 0.07291729003190994, -0.08211003243923187, 0.9851335287094116, -0.15089750289916992, -0.08600659668445587, 0.1438397765159607, 0.9858565330505371),
            ["RightUpperArm"] = CFrame.new(-1.1920928955078125e-07, 1.1920928955078125e-07, 1.1175870895385742e-08, 0.157648503780365, -0.05332682654261589, 0.9860544204711914, 0.8207487463951111, 0.5623250007629395, -0.10080849379301071, -0.5491070747375488, 0.8251950144767761, 0.13241754472255707),
            ["UpperTorso"] = CFrame.new(-7.566995918750763e-09, -2.9802322387695312e-08, -5.529727786779404e-10, 0.9829504489898682, 0.009324898943305016, -0.18363451957702637, 0.011707442812621593, 0.9935128092765808, 0.11311643570661545, 0.18349801003932953, -0.11333777010440826, 0.976464569568634),
            ["HumanoidRootPart"] = CFrame.new(0, 0, 0, 1, 0, 0, 0, 1, 0, 0, 0, 1),
            ["RightHand"] = CFrame.new(-1.6391277313232422e-07, -1.1920928955078125e-07, 2.9802322387695312e-08, 0.7032006978988647, -0.2882624864578247, 0.6499335169792175, 0.34281885623931885, 0.9383112192153931, 0.045249827206134796, -0.6228837370872498, 0.19098955392837524, 0.7586427927017212),
            ["LeftUpperArm"] = CFrame.new(1.1920928955078125e-07, 2.384185791015625e-07, 1.043081283569336e-07, 0.2993553876876831, 0.16081269085407257, -0.9404922723770142, -0.6236053705215454, 0.7790080904960632, -0.06529075652360916, 0.7221513986587524, 0.6060410737991333, 0.3334837853908539),
            ["RightLowerArm"] = CFrame.new(4.76837158203125e-07, 2.980232238769531e-07, 1.341104507446289e-07, 1, -6.705523247774181e-08, -8.940696716308594e-08, 1.1920927533992653e-07, 0.25170302391052246, -0.9678045511245728, 3.911554458113642e-08, 0.9678046107292175, 0.2517029941082001),
            ["LeftHand"] = CFrame.new(7.450580596923828e-09, 0, 5.960464477539063e-08, 0.5350319743156433, 0.4305613934993744, -0.7268823981285095, -0.4133535623550415, 0.8837820887565613, 0.21924501657485962, 0.7368037104606628, 0.1831560879945755, 0.6508253812789917),
            ["RightUpperLeg"] = CFrame.new(0, 1.832377165555954e-07, 1.0986695997416973e-09, 0.6917216777801514, -0.535102128982544, -0.48496079444885254, 0.24039293825626373, 0.8038552403450012, -0.5440847873687744, 0.6809790730476379, 0.2597738802433014, 0.6846786141395569),
            ["LeftUpperLeg"] = CFrame.new(0, 2.7241185307502747e-08, 0, 0.8869701623916626, 0.44448909163475037, -0.12535318732261658, -0.4583137035369873, 0.8137630224227905, -0.35740503668785095, -0.05685482174158096, 0.3744586408138275, 0.9254990220069885),
            ["RightLowerLeg"] = CFrame.new(1.341104507446289e-07, -0.00006026029586791992, -0.00007209012255771086, 1, -1.4156104555240745e-07, -1.043081780949251e-07, 1.4901162614933128e-07, 0.4467950761318207, 0.8946360945701599, -8.940698137394065e-08, -0.8946364521980286, 0.44679567217826843),
            ["RightFoot"] = CFrame.new(4.470348358154297e-08, 3.5762786865234375e-07, -5.790934665128589e-08, 0.9572274088859558, 0.23986254632472992, 0.16608431935310364, -0.18190744519233704, 0.9348582625389099, -0.30588361620903015, -0.2250005006790161, 0.26173660159111023, 0.9374707341194153),
            ["LeftLowerLeg"] = CFrame.new(5.960464477539063e-08, 0.000060677528381347656, 0.00007204711437225342, 1, 8.940698847936801e-08, -4.4703494239684005e-08, -3.7252898543727042e-09, 0.6522365212440491, 0.7580155730247498, 2.2351738238057806e-08, -0.7580156326293945, 0.6522364616394043)
        }},
        [5] = {Time = 0.133, Data = {
            ["LeftFoot"] = CFrame.new(1.9837170839309692e-07, -5.960464477539063e-08, 0, 0.9198445081710815, -0.347806841135025, -0.18142934143543243, 0.26522570848464966, 0.892170250415802, -0.3656332790851593, 0.2890356481075287, 0.28820618987083435, 0.9129051566123962),
            ["LeftLowerArm"] = CFrame.new(-5.960464477539063e-08, -5.960464477539063e-08, 8.940696716308594e-08, 1, -1.0430815677864302e-07, 1.0803341865539551e-07, 5.4016702222270396e-08, 0.32604536414146423, -0.9453542828559875, 7.450579886381092e-08, 0.945354163646698, 0.32604512572288513),
            ["LowerTorso"] = CFrame.new(0.05529755353927612, -0.28162503242492676, -0.049811288714408875, 0.9985978007316589, 0.006161418277770281, 0.05257833003997803, -0.0049333469942212105, 0.9997126460075378, -0.02346077747642994, -0.052707768976688385, 0.02316850796341896, 0.9983412623405457),
            ["Head"] = CFrame.new(-2.0489096641540527e-08, -4.76837158203125e-07, 7.2177499532699585e-09, 0.9955034852027893, 0.0896209254860878, 0.03067450225353241, -0.08135118335485458, 0.9747762680053711, -0.20783011615276337, -0.04852677136659622, 0.20440031588077545, 0.9776838421821594),
            ["RightUpperArm"] = CFrame.new(-5.960464477539063e-08, -3.5762786865234375e-07, 4.470348358154297e-08, 0.19429755210876465, -0.0030133656691759825, 0.9809380769729614, 0.8256509900093079, 0.5404588580131531, -0.16187889873981476, -0.5296688079833984, 0.8413650989532471, 0.10749778896570206),
            ["UpperTorso"] = CFrame.new(0, -2.9802322387695312e-08, -4.656612873077393e-10, 0.9857794642448425, -0.04014899581670761, -0.163177952170372, 0.06548930704593658, 0.9860513806343079, 0.15301640331745148, 0.15475837886333466, -0.1615268886089325, 0.9746583700180054),
            ["HumanoidRootPart"] = CFrame.new(0, 0, 0, 1, 0, 0, 0, 1, 0, 0, 0, 1),
            ["RightHand"] = CFrame.new(-1.043081283569336e-07, 1.1920928955078125e-07, 2.2351741790771484e-07, 0.7802233099937439, 0.23106537759304047, 0.5812574625015259, -0.3339836001396179, 0.9396072626113892, 0.07478789985179901, -0.528873085975647, -0.2524818181991577, 0.810275673866272),
            ["LeftUpperArm"] = CFrame.new(5.960464477539063e-08, -4.76837158203125e-07, 1.4901161193847656e-08, 0.1721835881471634, 0.14505843818187714, -0.9743258357048035, -0.7426210045814514, 0.6689640879631042, -0.03164079040288925, 0.6471993327140808, 0.7290027737617493, 0.22290796041488647),
            ["RightLowerArm"] = CFrame.new(-8.940696716308594e-08, -5.960464477539063e-08, -1.7881393432617188e-07, 1, -8.940698137394065e-08, 1.0430811414607888e-07, 9.126959810146218e-08, 0.28675442934036255, -0.9580041170120239, 2.9802318834981634e-08, 0.9580041766166687, 0.2867543399333954),
            ["LeftHand"] = CFrame.new(4.470348358154297e-08, -5.960464477539063e-08, 7.450580596923828e-08, 0.7736462950706482, 0.09282799810171127, -0.6267809271812439, 0.13386651873588562, 0.9429343938827515, 0.304884672164917, 0.6193150877952576, -0.31977778673171997, 0.7170712947845459),
            ["RightUpperLeg"] = CFrame.new(-2.9802322387695312e-08, -3.818422555923462e-08, -1.6952981241047382e-09, 0.6885759234428406, -0.5207719206809998, -0.5046384930610657, 0.2679443657398224, 0.8293625116348267, -0.49026915431022644, 0.673846423625946, 0.20237235724925995, 0.7106167674064636),
            ["LeftUpperLeg"] = CFrame.new(0, -1.986045390367508e-07, 1.862645149230957e-09, 0.8919623494148254, 0.43385106325149536, -0.12718676030635834, -0.4466749429702759, 0.8021619319915771, -0.39625459909439087, -0.06989113241434097, 0.4102553427219391, 0.9092886447906494),
            ["RightLowerLeg"] = CFrame.new(-1.341104507446289e-07, -0.00006031990051269531, -0.00007197091326816007, 1, -1.2665985593685036e-07, -3.7252917195473856e-08, 1.6391281576488836e-07, 0.47808390855789185, 0.8783138394355774, -5.960465898624534e-08, -0.8783141374588013, 0.4780846834182739),
            ["RightFoot"] = CFrame.new(4.470348358154297e-08, 2.980232238769531e-07, 4.639878170564771e-08, 0.9675829410552979, 0.2406100034713745, 0.0820615217089653, -0.16516606509685516, 0.8368290066719055, -0.5230391621589661, -0.19105881452560425, 0.4917561411857605, 0.8483489751815796),
            ["LeftLowerLeg"] = CFrame.new(2.0489096641540527e-07, 0.000060558319091796875, 0.00007210671901702881, 1, 9.685754776000977e-08, 5.960464477539063e-08, -7.82310962677002e-08, 0.6119518280029297, 0.7908949851989746, 3.725290298461914e-08, -0.7908951044082642, 0.6119518876075745)
        }},
        [6] = {Time = 0.167, Data = {
            ["LeftFoot"] = CFrame.new(1.3969838619232178e-09, -1.7881393432617188e-07, 3.259629011154175e-08, 0.890564501285553, -0.22142717242240906, -0.3973221480846405, 0.2351907342672348, 0.9718419313430786, -0.014446301385760307, 0.3893330991268158, -0.08058089762926102, 0.9175654649734497),
            ["LeftLowerArm"] = CFrame.new(-2.384185791015625e-07, 3.5762786865234375e-07, 1.4901161193847656e-08, 1, -8.940703821735951e-08, 8.195636524988004e-08, 8.754432911928234e-08, 0.17458975315093994, -0.9846413135528564, 1.0430814256778831e-07, 0.9846413731575012, 0.17458952963352203),
            ["LowerTorso"] = CFrame.new(0.07247115671634674, -0.20964741706848145, -0.04016376659274101, 0.9965314269065857, 0.03767324239015579, 0.07420133054256439, -0.03399863839149475, 0.9981613159179688, -0.05018195882439613, -0.07595540583133698, 0.04748518392443657, 0.995979905128479),
            ["Head"] = CFrame.new(7.450580596923828e-09, -1.1920928955078125e-07, -6.542541086673737e-08, 0.996505081653595, 0.06592173129320145, 0.05130290985107422, -0.052568964660167694, 0.9722071290016174, -0.228144571185112, -0.06491676717996597, 0.2246503233909607, 0.9722747802734375),
            ["RightUpperArm"] = CFrame.new(-5.960464477539063e-08, -1.1920928955078125e-07, -6.705522537231445e-08, 0.1993366777896881, 0.1037481278181076, 0.9744235873222351, 0.8440359234809875, 0.4870270788669586, -0.22451764345169067, -0.49786376953125, 0.8672029972076416, 0.009515199810266495),
            ["UpperTorso"] = CFrame.new(9.313225746154785e-09, -2.682209014892578e-07, 0, 0.9785268306732178, -0.05751557648181915, -0.19793280959129333, 0.09883276373147964, 0.9736142158508301, 0.20568783581256866, 0.18087990581989288, -0.22083331644535065, 0.9583919644355774),
            ["HumanoidRootPart"] = CFrame.new(0, 0, 0, 1, 0, 0, 0, 1, 0, 0, 0, 1),
            ["RightHand"] = CFrame.new(9.685754776000977e-08, 0, 0, 0.645922839641571, 0.5516986846923828, 0.5276477336883545, -0.67221599817276, 0.7386235594749451, 0.05060548335313797, -0.3618139922618866, -0.3873806893825531, 0.8479545712471008),
            ["LeftUpperArm"] = CFrame.new(0, -1.1920928955078125e-07, -1.4901161193847656e-08, 0.19554591178894043, 0.16247035562992096, -0.9671428203582764, -0.7789903283119202, 0.6248309016227722, -0.052538368850946426, 0.5957648754119873, 0.7636685967445374, 0.2487458884716034),
            ["RightLowerArm"] = CFrame.new(0, 5.960464477539063e-08, 8.940696716308594e-08, 1, 2.980232949312267e-08, -5.960465188081798e-08, 1.7508865823856468e-07, 0.43757081031799316, -0.8991841077804565, 3.725290653733282e-08, 0.8991840481758118, 0.4375707507133484),
            ["LeftHand"] = CFrame.new(-5.587935447692871e-08, 0, -3.2782554626464844e-07, 0.6812668442726135, -0.32836079597473145, -0.6542587280273438, 0.6737372279167175, 0.630770206451416, 0.3849775195121765, 0.28627538681030273, -0.7030705213546753, 0.6509515047073364),
            ["RightUpperLeg"] = CFrame.new(-2.9802322387695312e-08, -5.094334483146667e-07, 9.480572771281004e-09, 0.6878830194473267, -0.495627760887146, -0.5302547216415405, 0.2904003858566284, 0.8574709296226501, -0.42474865913391113, 0.6651951670646667, 0.13819105923175812, 0.7337701320648193),
            ["LeftUpperLeg"] = CFrame.new(5.960464477539063e-08, -2.4318433133885264e-07, -1.7695128917694092e-08, 0.893252968788147, 0.44047683477401733, -0.08988525718450546, -0.4216577112674713, 0.7515689134597778, -0.5072959065437317, -0.1558970808982849, 0.4910443127155304, 0.8570714592933655),
            ["RightLowerLeg"] = CFrame.new(1.1920928955078125e-07, -0.00006026029586791992, -0.00007203051791293547, 1, -1.4156104555240745e-07, -9.685756907629184e-08, 2.086162567138672e-07, 0.5766133666038513, 0.8170168399810791, -7.450580596923828e-09, -0.8170172572135925, 0.5766139030456543),
            ["RightFoot"] = CFrame.new(-7.450580596923828e-08, 3.5762786865234375e-07, -5.75528247281909e-09, 0.97297602891922, 0.2250634729862213, 0.05768914148211479, -0.17358489334583282, 0.8658040761947632, -0.4704119861125946, -0.15226948261260986, 0.4469115436077118, 0.8805592656135559),
            ["LeftLowerLeg"] = CFrame.new(1.2665987014770508e-07, 0.000060558319091796875, 0.00007199496030807495, 1, 1.266598843585598e-07, 8.940698137394065e-08, -1.3411046495548362e-07, 0.5571653842926025, 0.830401599407196, 6.705523247774181e-08, -0.8304016590118408, 0.5571653842926025)
        }},
        [7] = {Time = 0.200, Data = {
            ["LeftFoot"] = CFrame.new(7.450580596923828e-09, 1.1920928955078125e-07, 2.2351741790771484e-08, 0.8888115882873535, 0.10865767300128937, -0.44520479440689087, 0.12601861357688904, 0.8760820031166077, 0.4654028117656708, 0.4406055510044098, -0.4697594940662384, 0.7649791836738586),
            ["LeftLowerArm"] = CFrame.new(0, 0, -1.6391277313232422e-07, 1, -6.705525379402388e-08, 1.2293456563838845e-07, 1.2200325727462769e-07, 0.21023039519786835, -0.9776519536972046, 1.4156103134155273e-07, 0.9776518940925598, 0.21023023128509521),
            ["LowerTorso"] = CFrame.new(0.08019505441188812, -0.05609726905822754, -0.018679136410355568, 0.9937665462493896, 0.05871548876166344, 0.09476560354232788, -0.05159743130207062, 0.9957799911499023, -0.075894795358181, -0.09882191568613052, 0.07053206861019135, 0.9926024079322815),
            ["Head"] = CFrame.new(-1.862645149230957e-09, -1.1920928955078125e-07, -2.7939677238464355e-08, 0.9993506073951721, 0.028397593647241592, 0.02217990532517433, -0.022516483440995216, 0.9727189540863037, -0.23089152574539185, -0.02813163585960865, 0.2302422672510147, 0.9727266430854797),
            ["RightUpperArm"] = CFrame.new(0, -2.384185791015625e-07, -3.725290298461914e-08, 0.29160276055336, 0.1467166244983673, 0.9452207088470459, 0.8216592669487, 0.4675118327140808, -0.32605043053627014, -0.48973873257637024, 0.8717264533042908, 0.015776637941598892),
            ["UpperTorso"] = CFrame.new(6.402842700481415e-09, -8.940696716308594e-08, 3.166496753692627e-08, 0.9822888374328613, -0.05277328938245773, -0.179787740111351, 0.09978128969669342, 0.9594772458076477, 0.26352816820144653, 0.1585949808359146, -0.2768002152442932, 0.9477496147155762),
            ["HumanoidRootPart"] = CFrame.new(0, 0, 0, 1, 0, 0, 0, 1, 0, 0, 0, 1),
            ["RightHand"] = CFrame.new(-2.9802322387695312e-08, 0, 2.384185791015625e-07, 0.44219133257865906, 0.6976316571235657, 0.5637173056602478, -0.8797929286956787, 0.45961153507232666, 0.12133238464593887, -0.1744457483291626, -0.5496065616607666, 0.8170075416564941),
            ["LeftUpperArm"] = CFrame.new(0, 0, -4.470348358154297e-08, 0.22911730408668518, 0.10702015459537506, -0.9674977660179138, -0.7885481715202332, 0.6031470894813538, -0.12002228200435638, 0.5706987380981445, 0.7904177904129028, 0.22258181869983673),
            ["RightLowerArm"] = CFrame.new(-1.4901161193847656e-07, 3.5762786865234375e-07, 2.2724270820617676e-07, 1, -7.078052277620372e-08, 5.960464477539063e-08, 1.210719347000122e-07, 0.5005525946617126, -0.8657062649726868, 3.725290298461914e-08, 0.8657061457633972, 0.5005524754524231),
            ["LeftHand"] = CFrame.new(-8.195638656616211e-08, 0, -2.1606683731079102e-07, 0.49079933762550354, -0.4850103259086609, -0.7237964272499084, 0.8565099239349365, 0.42086124420166016, 0.29877549409866333, 0.15970870852470398, -0.7665773630142212, 0.6219742894172668),
            ["RightUpperLeg"] = CFrame.new(0, 2.859160304069519e-07, 2.0656443666666746e-08, 0.6860285997390747, -0.5310894250869751, -0.4973016083240509, 0.31978839635849, 0.8340439200401306, -0.4495622217655182, 0.6535290479660034, 0.1493811011314392, 0.7420141696929932),
            ["LeftUpperLeg"] = CFrame.new(0, 2.1117739379405975e-07, 4.470348358154297e-08, 0.903434157371521, 0.42816850543022156, 0.021878333762288094, -0.30264729261398315, 0.6730666160583496, -0.6748231053352356, -0.30366337299346924, 0.6030365228652954, 0.7376552820205688),
            ["RightLowerLeg"] = CFrame.new(-4.470348358154297e-08, -0.00006020069122314453, -0.00007198581442935392, 1, -7.823108916227284e-08, 6.705524668859653e-08, 1.4901162614933128e-07, 0.5994924902915955, 0.8003801107406616, -2.980232594040899e-08, -0.8003803491592407, 0.5994929075241089),
            ["RightFoot"] = CFrame.new(-7.450580596923828e-09, 4.172325134277344e-07, 8.365168469026685e-08, 0.9678760170936584, 0.22627924382686615, 0.11435656994581223, -0.21887660026550293, 0.9731086492538452, -0.0712037906050682, -0.12372971326112747, 0.04309597611427307, 0.9908847212791443),
            ["LeftLowerLeg"] = CFrame.new(2.9802322387695312e-08, 0.00006079673767089844, 0.00007196888327598572, 1, 5.215405707303944e-08, 4.0978193283081055e-08, -8.940696716308594e-08, 0.49754396080970764, 0.8674386739730835, 2.2351741790771484e-08, -0.867438793182373, 0.4975441098213196)
        }},
        [8] = {Time = 0.233, Data = {
            ["LeftFoot"] = CFrame.new(0, -1.7881393432617188e-07, 1.1175870895385742e-08, 0.8834109306335449, 0.25500670075416565, -0.39313679933547974, 0.04558483883738518, 0.7882173657417297, 0.6137063503265381, 0.46637654304504395, -0.5600759983062744, 0.6846956610679626),
            ["LeftLowerArm"] = CFrame.new(-5.960464477539063e-08, 0, 8.940696716308594e-08, 1, -5.401672709126615e-08, -3.725289587919178e-08, 9.685756197086448e-08, 0.23244844377040863, -0.9726088643074036, 5.2154071283894154e-08, 0.9726088047027588, 0.23244822025299072),
            ["LowerTorso"] = CFrame.new(0.07476675510406494, 0.04935717582702637, 0.012408876791596413, 0.9921215772628784, 0.05413549765944481, 0.11297884583473206, -0.04620765894651413, 0.9963588714599609, -0.07165127247571945, -0.1164463609457016, 0.06586632132530212, 0.9910106062889099),
            ["Head"] = CFrame.new(9.778887033462524e-09, 2.384185791015625e-07, -3.771856427192688e-08, 0.9997020959854126, 0.003560954937711358, -0.024146541953086853, -0.008168509230017662, 0.9810659885406494, -0.19350145757198334, 0.023000242188572884, 0.19364112615585327, 0.9808028340339661),
            ["RightUpperArm"] = CFrame.new(1.1920928955078125e-07, 3.5762786865234375e-07, 3.91155481338501e-08, 0.38560304045677185, 0.1443696767091751, 0.9113001227378845, 0.8071277141571045, 0.42577439546585083, -0.4089757800102234, -0.4470517337322235, 0.8932377696037292, 0.047655120491981506),
            ["UpperTorso"] = CFrame.new(4.6566128730773926e-09, -1.7881393432617188e-07, 2.421438694000244e-08, 0.9905701875686646, -0.023088429123163223, -0.13504700362682343, 0.060959890484809875, 0.9570265412330627, 0.28352096676826477, 0.12269749492406845, -0.28907981514930725, 0.9494094848632812),
            ["HumanoidRootPart"] = CFrame.new(0, 0, 0, 1, 0, 0, 0, 1, 0, 0, 0, 1),
            ["RightHand"] = CFrame.new(-2.384185791015625e-07, -5.960464477539063e-08, 5.960464477539063e-08, 0.10272645205259323, 0.8027386665344238, 0.5874163508415222, -0.9842876195907593, 0.16729365289211273, -0.05648583546280861, -0.14361456036567688, -0.5723839998245239, 0.8073112368583679),
            ["LeftUpperArm"] = CFrame.new(0, 3.5762786865234375e-07, 4.7497451305389404e-08, 0.2625507116317749, 0.08592446148395538, -0.9610849022865295, -0.8150342702865601, 0.552914023399353, -0.17322002351284027, 0.5165135264396667, 0.8287961483001709, 0.21519923210144043),
            ["RightLowerArm"] = CFrame.new(-7.748603820800781e-07, -7.152557373046875e-07, 7.450580596923828e-08, 1, -1.1175873737556685e-07, 1.4901159417490817e-08, 1.4901161193847656e-08, 0.4862036108970642, -0.8738457560539246, 1.043081283569336e-07, 0.8738455772399902, 0.4862033724784851),
            ["LeftHand"] = CFrame.new(1.862645149230957e-07, 5.960464477539063e-08, -1.341104507446289e-07, 0.3810040056705475, -0.5066410899162292, -0.7734021544456482, 0.8899248838424683, 0.42780786752700806, 0.15815848112106323, 0.2507379651069641, -0.748528778553009, 0.6138689517974854),
            ["RightUpperLeg"] = CFrame.new(-5.960464477539063e-08, 1.1688098311424255e-07, 9.480572771281004e-09, 0.7000744342803955, -0.5744248032569885, -0.42418408393859863, 0.3164486885070801, 0.782093346118927, -0.5368337035179138, 0.6401219367980957, 0.24159088730812073, 0.7292993664741516),
            ["LeftUpperLeg"] = CFrame.new(5.960464477539063e-08, -1.9837170839309692e-07, 2.60770320892334e-08, 0.865979015827179, 0.48127666115760803, 0.13584229350090027, -0.19500474631786346, 0.5751254558563232, -0.7944835424423218, -0.4604927897453308, 0.661516010761261, 0.5918976068496704),
            ["RightLowerLeg"] = CFrame.new(-8.940696716308594e-08, -0.000060558319091796875, -0.0000721646283636801, 1, -8.971255738288164e-08, -3.7252917195473856e-08, 1.1920931797249068e-07, 0.5917965769767761, 0.8060869574546814, -1.49011640360186e-07, -0.8060874342918396, 0.5917972326278687),
            ["RightFoot"] = CFrame.new(4.284083843231201e-08, 2.384185791015625e-07, -1.2962118489667773e-07, 0.9676285982131958, 0.19140741229057312, 0.16872195899486542, -0.24458841979503632, 0.8697478175163269, 0.4268399477005005, -0.06222051382064819, -0.4548647105693817, 0.8884484767913818),
            ["LeftLowerLeg"] = CFrame.new(2.9802322387695312e-08, 0.000060558319091796875, 0.00007194280624389648, 1, 8.195636524988004e-08, 2.7939677238464355e-08, -2.9802318834981634e-08, 0.4600108861923218, 0.8879132270812988, 8.940695295223122e-08, -0.8879132866859436, 0.4600110352039337)
        }},
        [9] = {Time = 0.267, Data = {
            ["LeftFoot"] = CFrame.new(-7.450580596923828e-08, 0, -5.587935447692871e-08, 0.9579280018806458, 0.1325296312570572, -0.2545776069164276, 0.07822077721357346, 0.7328736782073975, 0.6758530735969543, 0.27614396810531616, -0.667332112789154, 0.6916739344596863),
            ["LeftLowerArm"] = CFrame.new(8.940696716308594e-08, -4.172325134277344e-07, 2.9802322387695312e-08, 1, -1.0617083745501077e-07, 1.1920923270736239e-07, 1.4156103134155273e-07, 0.25356951355934143, -0.9673172235488892, 7.450580596923828e-08, 0.9673171639442444, 0.25356921553611755),
            ["LowerTorso"] = CFrame.new(0.0693371593952179, 0.11309480667114258, 0.0286235474050045, 0.9904699921607971, 0.042479220777750015, 0.1310143619775772, -0.03518244996666908, 0.9977244138717651, -0.05751810595393181, -0.1331595778465271, 0.052360597997903824, 0.9897105097770691),
            ["Head"] = CFrame.new(1.862645149230957e-09, 1.1920928955078125e-07, -4.6566128730773926e-08, 0.995849072933197, 0.0022187221329659224, -0.0909937173128128, -0.017008431255817413, 0.9866304397583008, -0.16208398342132568, 0.08941744267940521, 0.16295890510082245, 0.982572615146637),
            ["RightUpperArm"] = CFrame.new(-5.960464477539063e-08, 0, -4.470348358154297e-08, 0.4404729902744293, 0.06247878819704056, 0.8955892324447632, 0.8072992563247681, 0.4088478982448578, -0.42557188868522644, -0.39274874329566956, 0.9104613661766052, 0.12964728474617004),
            ["UpperTorso"] = CFrame.new(1.3969838619232178e-08, -1.7881393432617188e-07, -7.450580596923828e-09, 0.9972630739212036, -0.00643136166036129, -0.07365458458662033, 0.026368577033281326, 0.9616374969482422, 0.27305325865745544, 0.0690729022026062, -0.2742481231689453, 0.959175169467926),
            ["HumanoidRootPart"] = CFrame.new(0, 0, 0, 1, 0, 0, 0, 1, 0, 0, 0, 1),
            ["RightHand"] = CFrame.new(-1.6391277313232422e-07, -5.960464477539063e-08, 1.2665987014770508e-07, -0.06609748303890228, 0.8078417778015137, 0.5856818556785583, -0.996829628944397, -0.07951658964157104, -0.0028195688501000404, 0.04429328814148903, -0.5840110778808594, 0.81053626537323),
            ["LeftUpperArm"] = CFrame.new(0, -3.5762786865234375e-07, -1.1920928955078125e-07, 0.26065540313720703, 0.07775935530662537, -0.9622953534126282, -0.8635968565940857, 0.46435797214508057, -0.1963982731103897, 0.4315778315067291, 0.8822274208068848, 0.18818995356559753),
            ["RightLowerArm"] = CFrame.new(-3.2782554626464844e-07, 3.5762786865234375e-07, -4.470348358154297e-08, 1, -4.4703497792397684e-08, 9.685752644372769e-08, 1.0803344707710494e-07, 0.31248095631599426, -0.9499241709709167, 1.1175873737556685e-07, 0.9499240517616272, 0.31248074769973755),
            ["LeftHand"] = CFrame.new(-1.4901161193847656e-08, 5.960464477539063e-08, 2.086162567138672e-07, 0.354367733001709, -0.528684139251709, -0.7713085412979126, 0.8807362914085388, 0.4658575654029846, 0.08532679826021194, 0.3142087161540985, -0.7095561027526855, 0.6307159662246704),
            ["RightUpperLeg"] = CFrame.new(0, 2.1653249859809875e-08, 2.029992174357176e-09, 0.7018036246299744, -0.6187014579772949, -0.3531011939048767, 0.3128809630870819, 0.713012158870697, -0.6274704933166504, 0.6399821639060974, 0.32988235354423523, 0.6939742565155029),
            ["LeftUpperLeg"] = CFrame.new(5.960464477539063e-08, 2.3748725652694702e-08, -7.450580596923828e-09, 0.7918930649757385, 0.6063237190246582, 0.07264412194490433, -0.19376306235790253, 0.3622969686985016, -0.9116999506950378, -0.579103946685791, 0.7078929543495178, 0.4043835699558258),
            ["RightLowerLeg"] = CFrame.new(-1.043081283569336e-07, -0.000060439109802246094, -0.00007207522139651701, 1, -1.1478549311050301e-07, -7.450583439094771e-08, 1.3411046495548362e-07, 0.4735344350337982, 0.8807750344276428, -1.0430814256778831e-07, -0.8807752728462219, 0.47353506088256836),
