return {
    ["GEEK TIMË"] = {
        [1] = {Time = 0.000, Data = {
            ["RightFoot"] = CFrame.new(2.1420419216156006e-07, 0, -8.584902388975024e-08, 0.9924671053886414, -0.09096112847328186, -0.08206767588853836, 0.025703951716423035, 0.8095719218254089, -0.5864579081535339, 0.11978472769260406, 0.5799306035041809, 0.8058114647865295),
            ["LeftLowerArm"] = CFrame.new(0.0000011920928955078125, -1.1920928955078125e-07, 0.0000049173831939697266, 1, 4.470347647611561e-08, 0, -1.1175872316471214e-07, 0.6098203063011169, -0.7925398349761963, -1.4901162614933128e-07, 0.792539656162262, 0.6098202466964722),
            ["RightUpperArm"] = CFrame.new(0.009998321533203125, -0.0049896240234375, 0.04732541739940643, 0.8655456304550171, -0.3102012276649475, -0.3931995630264282, 0.4088532030582428, 0.8910800814628601, 0.1970168650150299, 0.2892574965953827, -0.33128780126571655, 0.8980972170829773),
            ["Head"] = CFrame.new(-3.725290298461914e-08, -9.5367431640625e-07, -5.3085386753082275e-08, 0.9754971265792847, -0.08648170530796051, 0.20230291783809662, 0.07614932209253311, 0.9953891038894653, 0.05832577124238014, -0.20641422271728516, -0.041491489857435226, 0.9775846600532532),
            ["RightHand"] = CFrame.new(4.76837158203125e-07, 0.0000010132789611816406, -6.556510925292969e-07, 0.893000602722168, -0.013640953227877617, -0.44984832406044006, 0.017906155437231064, 0.9998260140419006, 0.005227652844041586, 0.4496991038322449, -0.012723168358206749, 0.893089771270752),
            ["UpperTorso"] = CFrame.new(2.3283064365386963e-09, -1.1920928955078125e-07, -1.949956640601158e-08, 0.9803932905197144, 0.09543288499116898, -0.17239993810653687, -0.10068415850400925, 0.9946761727333069, -0.021956652402877808, 0.16938668489456177, 0.038884107023477554, 0.984782338142395),
            ["HumanoidRootPart"] = CFrame.new(0, 0, 0, 1, 0, 0, 0, 1, 0, 0, 0, 1),
            ["RightUpperLeg"] = CFrame.new(0, -2.253800630569458e-07, -5.420588422566652e-09, 0.9830036163330078, 0.07706408202648163, -0.16662852466106415, -0.13103242218494415, 0.9302300214767456, -0.3427865207195282, 0.1285862773656845, 0.35879406332969666, 0.9245173931121826),
            ["LeftUpperArm"] = CFrame.new(0.07205986976623535, 0.03965961933135986, 0.048629775643348694, 0.780996561050415, 0.4279937744140625, -0.4548247456550598, -0.3095299303531647, 0.89778733253479, 0.31332021951675415, 0.5424349904060364, -0.10392007976770401, 0.8336455225944519),
            ["RightLowerArm"] = CFrame.new(5.960464477539062e-07, 0.0000010728836059570312, -0.000003844499588012695, 1, -0.0000190250593732344, 0.0000035315761124365963, 0.000018976630599354394, 0.9195824861526489, -0.3928971588611603, 0.0000042673204916354734, 0.3928970396518707, 0.9195825457572937),
            ["LeftHand"] = CFrame.new(-0.0000013709068298339844, -0.0000011920928955078125, 3.2782554626464844e-07, 0.5836196541786194, -0.39040520787239075, -0.712019145488739, 0.4411788880825043, 0.8885868787765503, -0.12559813261032104, 0.6817253232002258, -0.24082624912261963, 0.69083571434021),
            ["LeftFoot"] = CFrame.new(-2.7939677238464355e-09, -1.7881393432617188e-07, 4.0978193283081055e-08, 0.99486243724823, -0.08066048473119736, -0.061177704483270645, 0.08857811242341995, 0.9861466884613037, 0.1402454525232315, 0.04901788756251335, -0.14494368433952332, 0.988224983215332),
            ["LowerTorso"] = CFrame.new(0.0050885058008134365, -0.3014345169067383, 0.14140565693378448, 0.9978547096252441, -0.0555185005068779, -0.03469439968466759, 0.051052749156951904, 0.991641104221344, -0.11849737167358398, 0.040983181446790695, 0.11647190898656845, 0.9923481345176697),
            ["RightLowerLeg"] = CFrame.new(-7.450580596923828e-08, -0.0007265210151672363, 0.00004604628338711336, 1, 1.5646224937881925e-07, 1.1175873559921001e-08, -7.916241173688832e-08, 0.4526478946208954, 0.8916894197463989, 8.568166975919667e-08, -0.8916893005371094, 0.45264795422554016),
            ["LeftUpperLeg"] = CFrame.new(-2.9802322387695312e-08, -1.387670636177063e-07, 1.4901161193847656e-08, 0.9601089358329773, 0.27876004576683044, 0.02199271321296692, -0.1596948206424713, 0.6111828088760376, -0.7752114534378052, -0.22953952848911285, 0.7407756447792053, 0.6313189268112183),
            ["LeftLowerLeg"] = CFrame.new(5.960464477539063e-08, -0.0007264018058776855, 0.00008108280599117279, 1, 6.705523958316917e-08, 8.940696716308594e-08, -5.215405707303944e-08, -0.12571848928928375, 0.992065966129303, 1.0058282384761696e-07, -0.992065966129303, -0.1257185935974121)
        }},
        [2] = {Time = 0.033, Data = {
            ["RightFoot"] = CFrame.new(1.9371509552001953e-07, 1.1920928955078125e-07, -2.2519088815897703e-08, 0.9908648133277893, -0.10430917888879776, -0.0854790061712265, 0.02504900097846985, 0.765160083770752, -0.6433525085449219, 0.13251274824142456, 0.6353342533111572, 0.7607831954956055),
            ["LeftLowerArm"] = CFrame.new(0.0000019371509552001953, -4.172325134277344e-07, 0.000004932284355163574, 1, 8.940695295223122e-08, -2.980232594040899e-08, -8.940696716308594e-08, 0.5343057513237, -0.8452913761138916, -7.82310962677002e-08, 0.845291256904602, 0.5343056321144104),
            ["RightUpperArm"] = CFrame.new(-0.009340107440948486, -0.002736210823059082, 0.03615015745162964, 0.6709023118019104, -0.38835445046424866, -0.6317205429077148, 0.31721705198287964, 0.9203190803527832, -0.22888058423995972, 0.6702711582183838, -0.046835996210575104, 0.740636944770813),
            ["Head"] = CFrame.new(-9.313225746154785e-09, -5.960464477539062e-07, -1.3504177331924438e-08, 0.9937290549278259, -0.04621439054608345, 0.10181844234466553, 0.04067355394363403, 0.9976109266281128, 0.05583958327770233, -0.1041557714343071, -0.05134822055697441, 0.9932345747947693),
            ["RightHand"] = CFrame.new(2.086162567138672e-07, 9.5367431640625e-07, -8.046627044677734e-07, 0.8233264088630676, -0.044890519231557846, -0.5657896399497986, 0.09170587360858917, 0.9942903518676758, 0.054560430347919464, 0.560110330581665, -0.09680691361427307, 0.8227425217628479),
            ["UpperTorso"] = CFrame.new(0, 0, -6.28642737865448e-09, 0.9997668266296387, -0.005956221837550402, -0.02075965330004692, 0.005510766990482807, 0.9997548460960388, -0.02144976519048214, 0.020882276818156242, 0.02133041061460972, 0.9995543956756592),
            ["HumanoidRootPart"] = CFrame.new(0, 0, 0, 1, 0, 0, 0, 1, 0, 0, 0, 1),
            ["RightUpperLeg"] = CFrame.new(2.9802322387695312e-08, -1.5832483768463135e-08, 1.6931153368204832e-08, 0.9946351051330566, 0.024782169610261917, -0.10043413192033768, -0.06472219526767731, 0.9064628481864929, -0.4172964096069336, 0.08069831132888794, 0.421557754278183, 0.903203547000885),
            ["LeftUpperArm"] = CFrame.new(0.05198162794113159, 0.022374749183654785, 0.03634122014045715, 0.8344623446464539, 0.3920980393886566, -0.38721001148223877, -0.30139797925949097, 0.9129869341850281, 0.274980753660202, 0.46133705973625183, -0.11275674402713776, 0.8800307512283325),
            ["RightLowerArm"] = CFrame.new(1.7881393432617188e-07, 5.960464477539062e-07, -0.000003874301910400391, 1, -0.00001865625563368667, 0.000005319714546203613, 0.000018943102986668237, 0.8759496212005615, -0.48240283131599426, 0.000004295260168873938, 0.4824027419090271, 0.8759495615959167),
            ["LeftHand"] = CFrame.new(-0.0000014901161193847656, -9.5367431640625e-07, 1.6391277313232422e-07, 0.49106061458587646, -0.4486951231956482, -0.7466802000999451, 0.3993523418903351, 0.8777227401733398, -0.26480358839035034, 0.7741945385932922, -0.168153777718544, 0.610202968120575),
            ["LeftFoot"] = CFrame.new(-3.3527612686157227e-08, -5.960464477539063e-08, -1.862645149230957e-08, 0.9843624830245972, -0.13274744153022766, -0.1157955452799797, 0.17372021079063416, 0.8404613137245178, 0.5132702589035034, 0.029186271131038666, -0.5253599286079407, 0.8503794074058533),
            ["LowerTorso"] = CFrame.new(0.016479242593050003, -0.3373579978942871, 0.13022954761981964, 0.9963634610176086, 0.023447545245289803, -0.08191480487585068, -0.03395036607980728, 0.9910270571708679, -0.12927763164043427, 0.07814854383468628, 0.13158851861953735, 0.9882192611694336),
            ["RightLowerLeg"] = CFrame.new(5.587935447692871e-08, -0.0007264018058776855, 0.00004608353629009798, 1, 1.3411046495548362e-07, 3.352762334429826e-08, -8.847564458847046e-08, 0.3124890625476837, 0.9499213695526123, 1.4901161193847656e-07, -0.9499214291572571, 0.3124893307685852),
            ["LeftUpperLeg"] = CFrame.new(5.960464477539063e-08, 9.406358003616333e-08, 1.862645149230957e-08, 0.9544029235839844, 0.29826974868774414, -0.012263040989637375, -0.14408192038536072, 0.42427748441696167, -0.8939962387084961, -0.26144903898239136, 0.8549993634223938, 0.4479067921638489),
            ["LeftLowerLeg"] = CFrame.new(8.940696716308594e-08, -0.0007269382476806641, 0.00008102506399154663, 1, 8.56816981809061e-08, 1.043081283569336e-07, -1.0058282384761696e-07, -0.1949009746313095, 0.9808229207992554, 1.341104365337742e-07, -0.9808229207992554, -0.19490092992782593)
        }},
        [3] = {Time = 0.067, Data = {
            ["RightFoot"] = CFrame.new(1.6391277313232422e-07, 0, 2.6841007638722658e-08, 0.9898312091827393, -0.11131274700164795, -0.0885651633143425, 0.022733401507139206, 0.7383997440338135, -0.6739798188209534, 0.14041918516159058, 0.6651129126548767, 0.7334216833114624),
            ["LeftLowerArm"] = CFrame.new(0.000001430511474609375, -7.152557373046875e-07, 0.0000046193599700927734, 1, 9.685753354915505e-08, -1.4901162970204496e-08, -6.041955913360653e-08, 0.3964619040489197, -0.9180512428283691, -7.63684582238966e-08, 0.9180512428283691, 0.3964618444442749),
            ["RightUpperArm"] = CFrame.new(-0.03419989347457886, 0.0017818212509155273, 0.018349988386034966, 0.5381012558937073, -0.5210729241371155, -0.662517786026001, 0.14121867716312408, 0.8306404948234558, -0.5386037230491638, 0.8309659957885742, 0.19626343250274658, 0.5205538272857666),
            ["Head"] = CFrame.new(-1.3969838619232178e-08, -8.344650268554688e-07, -3.7834979593753815e-08, 0.9997650384902954, -0.0024962490424513817, -0.02153198979794979, 0.00472367275506258, 0.9945635199546814, 0.10402444750070572, 0.021155189722776413, -0.10410168766975403, 0.9943416714668274),
            ["RightHand"] = CFrame.new(8.195638656616211e-08, 9.5367431640625e-07, -0.0000010654330253601074, 0.7917154431343079, -0.055222250521183014, -0.6083884835243225, 0.12066413462162018, 0.9904214143753052, 0.0671253427863121, 0.598854660987854, -0.1265547126531601, 0.790795624256134),
            ["UpperTorso"] = CFrame.new(1.30385160446167e-08, -1.7881393432617188e-07, -4.6566128730773926e-09, 0.9839621782302856, -0.10820458084344864, 0.1418110877275467, 0.10523906350135803, 0.9940451383590698, 0.028269736096262932, -0.14402544498443604, -0.01289236918091774, 0.9894900321960449),
            ["HumanoidRootPart"] = CFrame.new(0, 0, 0, 1, 0, 0, 0, 1, 0, 0, 0, 1),
            ["RightUpperLeg"] = CFrame.new(0, -3.501772880554199e-07, 2.8107024263590574e-08, 0.9990983605384827, -0.022453157231211662, -0.0360339991748333, 0.0038956115022301674, 0.8936181664466858, -0.4488113820552826, 0.042277801781892776, 0.44826605916023254, 0.8928998112678528),
            ["LeftUpperArm"] = CFrame.new(0.02678734064102173, -0.0018552541732788086, 0.01840558834373951, 0.9002461433410645, 0.32533586025238037, -0.28933268785476685, -0.26454639434814453, 0.9365521669387817, 0.2299683839082718, 0.34579217433929443, -0.1304861158132553, 0.9291937947273254),
            ["RightLowerArm"] = CFrame.new(2.682209014892578e-07, 3.5762786865234375e-07, -0.0000036507844924926758, 1, -0.00001820549186959397, 0.000006638467311859131, 0.000019023194909095764, 0.8415723443031311, -0.5401443839073181, 0.000004330649971961975, 0.5401443839073181, 0.8415724039077759),
            ["LeftHand"] = CFrame.new(-0.0000014603137969970703, -0.0000011920928955078125, -7.450580596923828e-08, 0.3698207437992096, -0.5730572938919067, -0.7313259243965149, 0.3726641833782196, 0.8125302195549011, -0.4482369124889374, 0.8510898947715759, -0.10677161067724228, 0.5140488743782043),
            ["LeftFoot"] = CFrame.new(-2.2351741790771484e-08, -1.7881393432617188e-07, -4.470348358154297e-08, 0.9887263774871826, -0.13459758460521698, -0.0656033605337143, 0.14377211034297943, 0.7309832572937012, 0.6670779585838318, -0.0418320968747139, -0.6689895391464233, 0.7420938014984131),
            ["LowerTorso"] = CFrame.new(0.02315753884613514, -0.3573809862136841, 0.12080875039100647, 0.9880711436271667, 0.0947573333978653, -0.12139401584863663, -0.11283589154481888, 0.9819273352622986, -0.1519438624382019, 0.10480229556560516, 0.16382896900177002, 0.9809060096740723),
            ["RightLowerLeg"] = CFrame.new(-5.587935447692871e-08, -0.000726163387298584, 0.00004602393164532259, 1, 1.2665985593685036e-07, 6.332995639013461e-08, -9.03382755268467e-08, 0.21096119284629822, 0.9774944186210632, 1.639127589214695e-07, -0.9774944186210632, 0.2109614461660385),
            ["LeftUpperLeg"] = CFrame.new(0, -2.551823854446411e-07, 7.450580596923828e-09, 0.9456507563591003, 0.32456156611442566, -0.020113784819841385, -0.10557302832603455, 0.24792034924030304, -0.9630109071731567, -0.3075697124004364, 0.91279536485672, 0.2687109112739563),
            ["LeftLowerLeg"] = CFrame.new(-4.470348358154297e-08, -0.0007265210151672363, 0.00008085370063781738, 1, 1.0430814256778831e-07, 4.842878453814592e-08, -7.264316082000732e-08, -0.24155904352664948, 0.9703861474990845, 1.1548399925231934e-07, -0.9703862071037292, -0.24155911803245544)
        }},
        [4] = {Time = 0.100, Data = {
            ["RightFoot"] = CFrame.new(1.9744038581848145e-07, 0, -8.549250196665525e-09, 0.989294707775116, -0.11423064768314362, -0.09081579744815826, 0.022072304040193558, 0.7322824001312256, -0.6806434392929077, 0.14425310492515564, 0.6713522672653198, 0.7269642949104309),
            ["LeftLowerArm"] = CFrame.new(8.642673492431641e-07, -3.5762786865234375e-07, 0.000004753470420837402, 1, 8.568168397005138e-08, -3.7252917195473856e-08, -9.126962652317161e-08, 0.25716280937194824, -0.9663681983947754, -4.749745841081676e-08, 0.9663681387901306, 0.25716283917427063),
            ["RightUpperArm"] = CFrame.new(-0.060108304023742676, 0.012815713882446289, -0.0010132864117622375, 0.49883022904396057, -0.7249770760536194, -0.47494930028915405, 0.11091092973947525, 0.596888542175293, -0.7946212887763977, 0.8595739006996155, 0.343703955411911, 0.37815362215042114),
            ["Head"] = CFrame.new(-3.725290298461914e-09, -5.960464477539062e-07, 4.656612873077393e-10, 0.9886691570281982, 0.04876710847020149, -0.14196881651878357, -0.02307344786822796, 0.9838885068893433, 0.1772880256175995, 0.14832736551761627, -0.1720033884048462, 0.9738653898239136),
            ["RightHand"] = CFrame.new(-2.9802322387695312e-08, 0.0000012516975402832031, -5.797483026981354e-07, 0.830827534198761, -0.048021938651800156, -0.5544539093971252, 0.09650269895792007, 0.9936093091964722, 0.058547619730234146, 0.5480993986129761, -0.102149099111557, 0.8301524519920349),
            ["UpperTorso"] = CFrame.new(-5.960464477539063e-08, 4.470348358154297e-07, -2.7008354663848877e-08, 0.9407162666320801, -0.18030349910259247, 0.2873038053512573, 0.15607964992523193, 0.9821159839630127, 0.10529686510562897, -0.3011511564254761, -0.054212361574172974, 0.9520341753959656),
            ["HumanoidRootPart"] = CFrame.new(0, 0, 0, 1, 0, 0, 0, 1, 0, 0, 0, 1),
            ["RightUpperLeg"] = CFrame.new(-5.960464477539063e-08, -5.960464477539063e-08, -1.6596459317952394e-08, 0.9987586736679077, -0.04894103482365608, 0.009273078292608261, 0.048045530915260315, 0.897370457649231, -0.43865492939949036, 0.013146795332431793, 0.43855589628219604, 0.8986077904701233),
            ["LeftUpperArm"] = CFrame.new(0.0018218755722045898, -0.02902853488922119, 0.0004309341311454773, 0.9343091249465942, 0.26559796929359436, -0.23774826526641846, -0.2240375429391861, 0.9562974572181702, 0.18788942694664001, 0.2772611081600189, -0.12228205800056458, 0.9529813528060913),
            ["RightLowerArm"] = CFrame.new(1.7881393432617188e-07, 5.960464477539062e-07, -0.0000037848949432373047, 1, -0.000017910964743350632, 0.000007368624210357666, 0.000019000843167304993, 0.8186553120613098, -0.5742851495742798, 0.000004323199391365051, 0.5742851495742798, 0.8186553120613098),
            ["LeftHand"] = CFrame.new(-0.0000013280659914016724, -0.0000013113021850585938, 6.034970283508301e-07, 0.3357236087322235, -0.6887292861938477, -0.6426047682762146, 0.33893734216690063, 0.72483229637146, -0.5997836589813232, 0.8788692951202393, -0.016441084444522858, 0.47677960991859436),
            ["LeftFoot"] = CFrame.new(1.4901161193847656e-08, -1.1920928955078125e-07, 5.21540641784668e-08, 0.9885480403900146, -0.15032026171684265, -0.013291451148688793, 0.11935674399137497, 0.7249385714530945, 0.6783938407897949, -0.0923408642411232, -0.672211229801178, 0.7345782518386841),
            ["LowerTorso"] = CFrame.new(0.028630169108510017, -0.3524678945541382, 0.11239589750766754, 0.9789451360702515, 0.13563016057014465, -0.15254820883274078, -0.1626787632703781, 0.9698033332824707, -0.18170668184757233, 0.12329684942960739, 0.2026972472667694, 0.9714483022689819),
            ["RightLowerLeg"] = CFrame.new(-6.332993507385254e-08, -0.0007262825965881348, 0.00004609843745129183, 1, 1.1175875158642157e-07, 8.754435043556441e-08, -1.1455269088855857e-07, 0.1708345115184784, 0.9852997660636902, 1.4156104555240745e-07, -0.985299825668335, 0.1708347201347351),
            ["LeftUpperLeg"] = CFrame.new(-5.960464477539063e-08, 1.7881393432617188e-07, -3.725290298461914e-09, 0.9331026077270508, 0.3579193651676178, -0.03483288362622261, -0.05955442786216736, 0.05827750265598297, -0.9965225458145142, -0.3546447157859802, 0.9319321513175964, 0.07569451630115509),
            ["LeftLowerLeg"] = CFrame.new(7.450580596923828e-08, -0.0007262825965881348, 0.00008090585470199585, 1, 8.195639367158947e-08, 8.381903171539307e-08, -9.872020712009544e-08, -0.2800816595554352, 0.9599761366844177, 1.3411046495548362e-07, -0.9599761962890625, -0.28008171916007996)
        }},
        [5] = {Time = 0.133, Data = {
            ["RightFoot"] = CFrame.new(1.695007085800171e-07, -1.1920928955078125e-07, 7.992639439180493e-08, 0.9900946021080017, -0.11103920638561249, -0.08592426031827927, 0.028783749788999557, 0.759519100189209, -0.649847686290741, 0.1374196857213974, 0.6409376263618469, 0.7551920413970947),
            ["LeftLowerArm"] = CFrame.new(0.0000011920928955078125, -4.76837158203125e-07, 0.000004622503183782101, 1, 5.7276345444279286e-08, -6.111805816999549e-08, -7.091148290783167e-08, 0.12414340674877167, -0.9922643303871155, -4.912726581096649e-08, 0.9922643899917603, 0.12414337694644928),
            ["RightUpperArm"] = CFrame.new(-0.08413022756576538, 0.019432902336120605, -0.01682174950838089, 0.4883004128932953, -0.8453762531280518, -0.2165677696466446, 0.1976580172777176, 0.34885478019714355, -0.916096031665802, 0.8499965071678162, 0.4045237600803375, 0.3374411463737488),
            ["Head"] = CFrame.new(-2.2817403078079224e-08, -9.5367431640625e-07, 3.7602148950099945e-08, 0.9634122252464294, 0.09990282356739044, -0.24870941042900085, -0.04314141720533371, 0.9736382365226746, 0.22398129105567932, 0.2645294964313507, -0.2050565928220749, 0.9423248171806335),
            ["RightHand"] = CFrame.new(3.2782554626464844e-07, 0.0000011324882507324219, -9.611248970031738e-07, 0.9135358333587646, -0.02921374887228012, -0.40570735931396484, 0.04324771463871002, 0.9987398982048035, 0.02546500787138939, 0.4044525623321533, -0.04080893471837044, 0.9136483073234558),
            ["UpperTorso"] = CFrame.new(-6.891787052154541e-08, -1.7881393432617188e-07, 2.421438694000244e-08, 0.886822521686554, -0.22114871442317963, 0.4057573974132538, 0.1597755402326584, 0.9706375002861023, 0.17981843650341034, -0.43361008167266846, -0.0946369394659996, 0.8961173892021179),
            ["HumanoidRootPart"] = CFrame.new(0, 0, 0, 1, 0, 0, 0, 1, 0, 0, 0, 1),
            ["RightUpperLeg"] = CFrame.new(-8.940696716308594e-08, -7.078051567077637e-08, 4.300818545743823e-08, 0.9973254203796387, -0.06791319698095322, 0.02701590210199356, 0.07308843731880188, 0.9247279167175293, -0.3735458254814148, 0.00038632191717624664, 0.37452101707458496, 0.9272183179855347),
            ["LeftUpperArm"] = CFrame.new(-0.01942300796508789, -0.06334078311920166, -0.013005384244024754, 0.9332653880119324, 0.24997608363628387, -0.2579292356967926, -0.2195201963186264, 0.9653255939483643, 0.1412707418203354, 0.2843001186847687, -0.07522229850292206, 0.9557798504829407),
            ["RightLowerArm"] = CFrame.new(3.5762786865234375e-07, 5.364418029785156e-07, -0.000004050321877002716, 1, -0.000017806885807658546, 0.00000772625207901001, 0.00001895800232887268, 0.8061654567718506, -0.591690182685852, 0.000004302710294723511, 0.5916901230812073, 0.8061654567718506),
            ["LeftHand"] = CFrame.new(-0.0000014184042811393738, -0.0000010132789611816406, 4.6566128730773926e-08, 0.4097922444343567, -0.7368851900100708, -0.5376521944999695, 0.32979005575180054, 0.6692309975624084, -0.6658594608306885, 0.8504757285118103, 0.09555181860923767, 0.5172632336616516),
            ["LeftFoot"] = CFrame.new(2.2351741790771484e-08, -1.1920928955078125e-07, -2.9802322387695312e-08, 0.9852220416069031, -0.15702825784683228, 0.06840841472148895, 0.0849289819598198, 0.7946966290473938, 0.6010364294052124, -0.14874359965324402, -0.5863441824913025, 0.7962886095046997),
            ["LowerTorso"] = CFrame.new(0.0323067307472229, -0.29980790615081787, 0.10444547235965729, 0.9734862446784973, 0.14940287172794342, -0.1732148379087448, -0.18541359901428223, 0.9588499665260315, -0.21500849723815918, 0.13396413624286652, 0.24142418801784515, 0.9611285328865051),
            ["RightLowerLeg"] = CFrame.new(-1.2293457984924316e-07, -0.0007262229919433594, 0.00004606118454830721, 1, 1.4901161193847656e-07, 4.842879164357328e-08, -7.217749953269958e-08, 0.23538582026958466, 0.9719019532203674, 8.940696716308594e-08, -0.9719020128250122, 0.23538604378700256),
            ["LeftUpperLeg"] = CFrame.new(-2.9802322387695312e-08, -1.2200325727462769e-07, 5.587935447692871e-08, 0.9240745902061462, 0.376987487077713, -0.06298129260540009, -0.0036094486713409424, -0.1561662256717682, -0.9877241849899292, -0.3821951150894165, 0.9129582047462463, -0.14294855296611786),
            ["LeftLowerLeg"] = CFrame.new(0, -0.0007265210151672363, 0.00008109211921691895, 1, 8.568170528633345e-08, 1.1455263404513971e-07, -1.0430814256778831e-07, -0.30272191762924194, 0.9530789256095886, 1.266598843585598e-07, -0.9530789852142334, -0.30272194743156433)
        }},
        [6] = {Time = 0.167, Data = {
            ["RightFoot"] = CFrame.new(1.9371509552001953e-07, -5.960464477539063e-08, -5.604670150205493e-08, 0.9915941953659058, -0.10290101170539856, -0.07843788713216782, 0.03633858636021614, 0.8033064603805542, -0.5944564938545227, 0.12417986243963242, 0.5866090655326843, 0.8002930283546448),
            ["LeftLowerArm"] = CFrame.new(0.000001341104507446289, -7.748603820800781e-07, 0.000004842877388000488, 1, 5.587935447692871e-08, -1.0081568291298026e-07, -7.089692388717594e-08, 0.07808167487382889, -0.9969470500946045, -4.563479905073109e-08, 0.9969470500946045, 0.07808161526918411),
            ["RightUpperArm"] = CFrame.new(-0.10298347473144531, 0.03495144844055176, -0.02403027005493641, 0.46597856283187866, -0.8819241523742676, -0.07123132050037384, 0.3051718473434448, 0.23576298356056213, -0.9226517081260681, 0.8305023312568665, 0.4081980288028717, 0.37899860739707947),
            ["Head"] = CFrame.new(1.4901161193847656e-08, -5.960464477539062e-07, 1.816079020500183e-08, 0.9308800101280212, 0.1339576244354248, -0.3398797810077667, -0.054973021149635315, 0.9711169004440308, 0.23218554258346558, 0.3611656129360199, -0.19745253026485443, 0.911357045173645),
            ["RightHand"] = CFrame.new(2.384185791015625e-07, 0.0000012516975402832031, -8.642673492431641e-07, 0.9824625253677368, 0.007698818109929562, -0.18630093336105347, -0.015617070719599724, 0.9990341663360596, -0.04107222333550453, 0.1858050376176834, 0.04326152428984642, 0.9816339612007141),
            ["UpperTorso"] = CFrame.new(-5.21540641784668e-08, -3.8743019104003906e-07, -4.284083843231201e-08, 0.8328235745429993, -0.2433968037366867, 0.497155100107193, 0.13781306147575378, 0.9610310196876526, 0.23963932693004608, -0.5361086130142212, -0.131062850356102, 0.8339124321937561),
            ["HumanoidRootPart"] = CFrame.new(0, 0, 0, 1, 0, 0, 0, 1, 0, 0, 0, 1),
            ["RightUpperLeg"] = CFrame.new(-2.9802322387695312e-08, -9.685754776000977e-08, -9.145878721028566e-09, 0.9956510663032532, -0.08798043429851532, 0.030634805560112, 0.09303178638219833, 0.9563154578208923, -0.2771386504173279, -0.00491376081481576, 0.27878338098526, 0.9603415131568909),
            ["LeftUpperArm"] = CFrame.new(-0.03438907861709595, -0.08323502540588379, -0.018603522330522537, 0.9019026756286621, 0.26509830355644226, -0.3410201966762543, -0.2531144320964813, 0.9641181826591492, 0.08005824685096741, 0.35000666975975037, 0.014112427830696106, 0.9366407990455627),
            ["RightLowerArm"] = CFrame.new(5.960464477539063e-08, 7.748603820800781e-07, -0.0000041835010051727295, 1, -0.00001770258131728042, 0.000007882716090534814, 0.00001898408299894072, 0.8012561798095703, -0.5983215570449829, 0.000004298985913919751, 0.5983215570449829, 0.8012560606002808),
            ["LeftHand"] = CFrame.new(-0.0000015379628166556358, -0.0000013709068298339844, 3.5762786865234375e-07, 0.5262535810470581, -0.7099850177764893, -0.46795034408569336, 0.2932942807674408, 0.6681035161018372, -0.6838250160217285, 0.7981451749801636, 0.22261840105056763, 0.5598265528678894),
            ["LeftFoot"] = CFrame.new(-4.0978193283081055e-08, -5.960464477539063e-08, 1.1920928955078125e-07, 0.980193018913269, -0.1053415983915329, 0.16770465672016144, 0.01557546854019165, 0.8851829767227173, 0.46498239040374756, -0.1974315345287323, -0.45316028594970703, 0.8692908883094788),
            ["LowerTorso"] = CFrame.new(0.031099844723939896, -0.22167491912841797, 0.09672872722148895, 0.9704774022102356, 0.15247692167758942, -0.18688064813613892, -0.19674715399742126, 0.9486470818519592, -0.24770821630954742, 0.13951396942138672, 0.27716347575187683, 0.9506399631500244),
            ["RightLowerLeg"] = CFrame.new(-4.842877388000488e-08, -0.0007264018058776855, 0.00004604628338711336, 1, 1.415611023958263e-07, 1.1175874448099421e-08, -4.936009645462036e-08, 0.3572728931903839, 0.9340001344680786, 1.1175870895385742e-07, -0.9340000152587891, 0.357272744178772),
            ["LeftUpperLeg"] = CFrame.new(-1.1920928955078125e-07, -1.4528632164001465e-07, -1.1175870895385742e-08, 0.9191048741340637, 0.3926703929901123, -0.03250127285718918, 0.08150690793991089, -0.2701846659183502, -0.9593523144721985, -0.3854904770851135, 0.8790963292121887, -0.28033339977264404),
            ["LeftLowerLeg"] = CFrame.new(-3.725290298461914e-09, -0.0007268190383911133, 0.00008089840412139893, 1, 9.452925553432578e-08, 1.3364476103561174e-07, -6.705520405603238e-08, -0.2489471137523651, 0.9685170650482178, 1.1501829533244745e-07, -0.9685171842575073, -0.2489471584558487)
        }},
        [7] = {Time = 0.200, Data = {
            ["RightFoot"] = CFrame.new(1.3783574104309082e-07, 0, 9.482755558565259e-08, 0.9921191334724426, -0.09575169533491135, -0.0808168426156044, 0.04548884183168411, 0.8762351274490356, -0.47973182797431946, 0.11674994975328445, 0.472275048494339, 0.8736854195594788),
            ["LeftLowerArm"] = CFrame.new(0.0000015497207641601562, -5.960464477539062e-07, 0.000004699453711509705, 1, 5.6345001553381735e-08, -5.142647552247581e-08, -6.472692604120311e-08, 0.13698425889015198, -0.9905732870101929, -5.02914261346632e-08, 0.9905732274055481, 0.1369842141866684),
            ["RightUpperArm"] = CFrame.new(-0.1164703369140625, 0.05969524383544922, -0.019780918955802917, 0.4362190067768097, -0.8989635109901428, 0.03971896320581436, 0.4445935785770416, 0.17694109678268433, -0.8780822157859802, 0.7823359370231628, 0.40069496631622314, 0.4768584966659546),
            ["Head"] = CFrame.new(-1.6763806343078613e-08, -1.1920928955078125e-07, 2.3283064365386963e-08, 0.8992496132850647, 0.14965151250362396, -0.4110410809516907, -0.05749650299549103, 0.9719439148902893, 0.22807720303535461, 0.43364083766937256, -0.1814650297164917, 0.8826244473457336),
            ["RightHand"] = CFrame.new(4.76837158203125e-07, 0.0000011324882507324219, -7.450580596923828e-07, 0.9962199330329895, 0.06649736315011978, 0.055891700088977814, -0.0581686832010746, 0.988538384437561, -0.13931317627429962, -0.06451508402824402, 0.13553568720817566, 0.9886698722839355),
            ["UpperTorso"] = CFrame.new(1.1175870895385742e-08, 2.980232238769531e-07, -8.847564458847046e-08, 0.7902843356132507, -0.2424737960100174, 0.5627231001853943, 0.09885305166244507, 0.9567938446998596, 0.2734479308128357, -0.6047137379646301, -0.16047467291355133, 0.7801083326339722),
            ["HumanoidRootPart"] = CFrame.new(0, 0, 0, 1, 0, 0, 0, 1, 0, 0, 0, 1),
            ["RightUpperLeg"] = CFrame.new(8.940696716308594e-08, 1.2665987014770508e-07, -4.639878170564771e-08, 0.9948933124542236, -0.09703902155160904, 0.027764949947595596, 0.10079354047775269, 0.9696429967880249, -0.22278542816638947, -0.005303407087922096, 0.22444598376750946, 0.9744720458984375),
            ["LeftUpperArm"] = CFrame.new(-0.04348337650299072, -0.08861112594604492, -0.014798030257225037, 0.8576897382736206, 0.25382572412490845, -0.4471476674079895, -0.28416308760643005, 0.9587756991386414, -0.0008092527277767658, 0.4285086989402771, 0.12775689363479614, 0.8944599032402039),
            ["RightLowerArm"] = CFrame.new(5.364418029785156e-07, 7.152557373046875e-07, -0.0000037923455238342285, 1, -0.00001776218596205581, 0.000007838011697458569, 0.00001891516149044037, 0.800439178943634, -0.5994141101837158, 0.000004336237907409668, 0.5994141697883606, 0.8004391193389893),
            ["LeftHand"] = CFrame.new(-0.000001673237420618534, -0.0000011324882507324219, 3.420282155275345e-07, 0.5919073820114136, -0.6749878525733948, -0.44049564003944397, 0.2547970414161682, 0.6751903295516968, -0.6922405362129211, 0.7646725177764893, 0.29750552773475647, 0.5716352462768555),
            ["LeftFoot"] = CFrame.new(2.9802322387695312e-08, -1.1920928955078125e-07, -1.341104507446289e-07, 0.9865906238555908, -0.0008247533114627004, 0.16321220993995667, -0.04210555553436279, 0.9648526310920715, 0.2593969702720642, -0.1576899141073227, -0.26279065012931824, 0.9518796801567078),
            ["LowerTorso"] = CFrame.new(0.02352209761738777, -0.15444183349609375, 0.08898013830184937, 0.9705108404159546, 0.14455027878284454, -0.1929090917110443, -0.19507503509521484, 0.9410842061042786, -0.27623608708381653, 0.1416136771440506, 0.30572187900543213, 0.9415305256843567),
            ["RightLowerLeg"] = CFrame.new(-3.725290298461914e-09, -0.0007262825965881348, 0.00004600157990353182, 1, 1.8626454334480513e-07, 1.8626460374093767e-08, -5.494804611316795e-08, 0.4206041693687439, 0.907244086265564, 7.4505820180093e-08, -0.9072442650794983, 0.4206045866012573),
            ["LeftUpperLeg"] = CFrame.new(0, 4.470348358154297e-08, 2.60770320892334e-08, 0.9093583226203918, 0.40828025341033936, 0.0798431932926178, 0.16933469474315643, -0.1879594773054123, -0.9674694538116455, -0.37999117374420166, 0.8932964205741882, -0.24005833268165588),
            ["LeftLowerLeg"] = CFrame.new(-1.043081283569336e-07, -0.0007262229919433594, 0.00008106604218482971, 1, 6.612392411398105e-08, 1.0058283805847168e-07, -7.823110337312755e-08, -0.1289718896150589, 0.9916483163833618, 1.0244549741855735e-07, -0.9916483163833618, -0.12897206842899323)
        }},
        [8] = {Time = 0.233, Data = {
            ["RightFoot"] = CFrame.new(2.123415470123291e-07, 0, 7.433845894411206e-08, 0.9921303391456604, -0.08679170161485672, -0.09024842828512192, 0.04982193559408188, 0.9349042773246765, -0.35138562321662903, 0.11487095803022385, 0.3441239893436432, 0.9318709373474121),
            ["LeftLowerArm"] = CFrame.new(0.0000015795230865478516, 0, 0.00000492483377456665, 1, 7.869676466043529e-08, -3.614696453269062e-08, -7.753262565302066e-08, 0.2506641745567322, -0.9680742025375366, -5.401672353855247e-08, 0.9680741429328918, 0.250664085149765),
            ["RightUpperArm"] = CFrame.new(-0.1261553168296814, 0.08054065704345703, -0.007103567942976952, 0.3965091407299042, -0.9071841239929199, 0.14070351421833038, 0.6439682245254517, 0.16561847925186157, -0.7469105124473572, 0.6542823314666748, 0.3867655098438263, 0.6498671174049377),
            ["Head"] = CFrame.new(-2.2351741790771484e-08, -5.960464477539062e-07, 1.1175870895385742e-08, 0.8791919946670532, 0.14782938361167908, -0.45295459032058716, -0.05490972101688385, 0.9757535457611084, 0.21187277138233185, 0.4732932150363922, -0.16140536963939667, 0.86599200963974),
            ["RightHand"] = CFrame.new(2.086162567138672e-07, 0.0000010728836059570312, -8.568167686462402e-07, 0.9560942053794861, 0.13398979604244232, 0.26063472032546997, -0.06659459322690964, 0.9654264450073242, -0.25202569365501404, -0.28539296984672546, 0.2236037403345108, 0.9319617748260498),
            ["UpperTorso"] = CFrame.new(2.2351741790771484e-08, 1.4901161193847656e-07, -1.1175870895385742e-08, 0.772786557674408, -0.21916618943214417, 0.5956233143806458, 0.05829353630542755, 0.9590272307395935, 0.2772521674633026, -0.6319832801818848, -0.17953568696975708, 0.753899335861206),
            ["HumanoidRootPart"] = CFrame.new(0, 0, 0, 1, 0, 0, 0, 1, 0, 0, 0, 1),
            ["RightUpperLeg"] = CFrame.new(8.940696716308594e-08, 1.1175870895385742e-08, 4.300818545743823e-08, 0.9954599738121033, -0.09277733415365219, 0.021255793049931526, 0.09516815096139908, 0.9738708138465881, -0.20620059967041016, -0.0015697183553129435, 0.2072872519493103, 0.9782789349555969),
            ["LeftUpperArm"] = CFrame.new(-0.04864168167114258, -0.09335136413574219, -0.00440562516450882, 0.818935751914978, 0.2100096344947815, -0.5340787768363953, -0.29663294553756714, 0.9515784978866577, -0.08066725730895996, 0.49127715826034546, 0.22448676824569702, 0.8415775895118713),
            ["RightLowerArm"] = CFrame.new(2.384185791015625e-07, 3.5762786865234375e-07, -0.000004112720489501953, 1, -0.000017881391613627784, 0.000007722528607700951, 0.000018958004147862084, 0.8097277879714966, -0.5868057012557983, 0.0000043511395233508665, 0.5868056416511536, 0.8097277879714966),
            ["LeftHand"] = CFrame.new(-0.0000012275995686650276, -0.0000011324882507324219, -1.1688098311424255e-07, 0.5641300678253174, -0.6920234560966492, -0.4503999948501587, 0.2739575505256653, 0.671460747718811, -0.6885405778884888, 0.7789124846458435, 0.2650361955165863, 0.5683764219284058),
            ["LeftFoot"] = CFrame.new(-2.9802322387695312e-08, -5.960464477539063e-08, -1.4901161193847656e-08, 0.9980564713478088, 0.04598260298371315, 0.04205850511789322, -0.04552965611219406, 0.9988949298858643, -0.011666350066661835, -0.04254847392439842, 0.009728854522109032, 0.999047040939331),
            ["LowerTorso"] = CFrame.new(0.009225141257047653, -0.11300384998321533, 0.08093133568763733, 0.9741348028182983, 0.12625299394130707, -0.18740801513195038, -0.1787085235118866, 0.9380055665969849, -0.2969999611377716, 0.13829264044761658, 0.3228093683719635, 0.9363061785697937),
            ["RightLowerLeg"] = CFrame.new(0, -0.0007262825965881348, 0.000046128239773679525, 1, 1.7136345320523105e-07, 2.2351748896198842e-08, -7.21775137435543e-08, 0.4380934536457062, 0.8989293575286865, 1.0803344707710494e-07, -0.8989295363426208, 0.43809351325035095),
            ["LeftUpperLeg"] = CFrame.new(-5.960464477539063e-08, 2.644956111907959e-07, -1.862645149230957e-09, 0.8969992995262146, 0.3606591522693634, 0.25557273626327515, 0.20793397724628448, 0.16593675315380096, -0.9639650583267212, -0.39007171988487244, 0.9178181290626526, 0.07385189086198807),
            ["LeftLowerLeg"] = CFrame.new(2.9802322387695312e-08, -0.0007265806198120117, 0.00008119642734527588, 1, 8.195639367158947e-08, 9.685756907629184e-08, -5.401671643312511e-08, 0.10066758096218109, 0.9949201345443726, 8.940698137394065e-08, -0.9949201941490173, 0.10066761821508408)
        }},
        [9] = {Time = 0.267, Data = {
            ["RightFoot"] = CFrame.new(1.862645149230957e-07, -5.960464477539063e-08, -5.790934665128589e-08, 0.9920071959495544, -0.07422976195812225, -0.10203821957111359, 0.04793334752321243, 0.9697263836860657, -0.239443838596344, 0.11672312021255493, 0.23263871669769287, 0.965533435344696),
            ["LeftLowerArm"] = CFrame.new(0.0000014007091522216797, -8.940696716308594e-07, 0.000004850327968597412, 1, 1.0058282384761696e-07, -4.284084198502569e-08, -9.313227167240257e-08, 0.36013874411582947, -0.932898759841919, -5.587936158235607e-08, 0.932898759841919, 0.3601387143135071),
            ["RightUpperArm"] = CFrame.new(-0.13049697875976562, 0.09137892723083496, 0.00999900046736002, 0.22489239275455475, -0.925788402557373, 0.303874135017395, 0.9722484946250916, 0.19257354736328125, -0.13284701108932495, 0.0644700899720192, 0.3253171741962433, 0.9434046745300293),
            ["Head"] = CFrame.new(4.470348358154297e-08, -7.152557373046875e-07, -4.7963112592697144e-08, 0.8784193396568298, 0.109256312251091, -0.46523407101631165, -0.050139348953962326, 0.989212691783905, 0.13763850927352905, 0.47525328397750854, -0.09757782518863678, 0.8744214773178101),
            ["RightHand"] = CFrame.new(-7.450580596923828e-08, 0.0000011920928955078125, -6.556510925292969e-07, 0.9019095301628113, 0.19719748198986053, 0.384281188249588, -0.05454578995704651, 0.9345727562904358, -0.3515656292438507, -0.4284670650959015, 0.29611971974372864, 0.8536565899848938),
            ["UpperTorso"] = CFrame.new(5.21540641784668e-08, -2.086162567138672e-07, 1.0617077350616455e-07, 0.7887879610061646, -0.17408813536167145, 0.5894971489906311, 0.024712910875678062, 0.9672604203224182, 0.2525798976421356, -0.6141684651374817, -0.18466362357139587, 0.7672656178474426),
            ["HumanoidRootPart"] = CFrame.new(0, 0, 0, 1, 0, 0, 0, 1, 0, 0, 0, 1),
            ["RightUpperLeg"] = CFrame.new(-5.960464477539063e-08, -2.8312206268310547e-07, 1.3205863069742918e-08, 0.9971144795417786, -0.07566428184509277, 0.006139478646218777, 0.07515709847211838, 0.9725695848464966, -0.2201361060142517, 0.010685398243367672, 0.21996212005615234, 0.9754499197006226),
            ["LeftUpperArm"] = CFrame.new(-0.0497438907623291, -0.09864115715026855, 0.009421810507774353, 0.7951700687408447, 0.16739554703235626, -0.582823634147644, -0.2911296784877777, 0.9485119581222534, -0.12477388232946396, 0.5319285988807678, 0.26889359951019287, 0.802962064743042),
            ["RightLowerArm"] = CFrame.new(8.344650268554688e-07, 6.556510925292969e-07, -0.0000039637088775634766, 1, -0.00001816265103116166, 0.0000068796807681792416, 0.0000189468282769667, 0.8338651061058044, -0.5519682168960571, 0.0000042989854591724, 0.5519682168960571, 0.833865225315094),
            ["LeftHand"] = CFrame.new(-0.0000014016404747962952, -0.0000011324882507324219, 1.5087425708770752e-07, 0.4546264708042145, -0.7402176856994629, -0.4953707158565521, 0.33992069959640503, 0.6582680940628052, -0.6716676354408264, 0.8232671022415161, 0.13697132468223572, 0.5508816242218018),
            ["LeftFoot"] = CFrame.new(2.9802322387695312e-08, -5.960464477539063e-08, -1.4901161193847656e-07, 0.9973829388618469, 0.06100061535835266, -0.03880912810564041, -0.05571732297539711, 0.9905800819396973, 0.1250867396593094, 0.04607399180531502, -0.12259697169065475, 0.9913864731788635),
