return {
    ["Gentleman's Dab"] = {
        {Time = 0.000, Data = {
            ["LeftFoot"] = CFrame.new(4.470348358154297e-08, -5.960464477539063e-08, -4.842877388000488e-08, 0.970095157623291, -0.23414327204227448, -0.0639716237783432, 0.24085733294487, 0.9612277150154114, 0.13427208364009857, 0.030052419751882553, -0.14566442370414734, 0.9888774752616882),
            ["LeftLowerArm"] = CFrame.new(-0.0004945099353790283, -0.00009757280349731445, -4.470348358154297e-07, 1, -3.725291186640334e-09, -1.7951249731140706e-07, 1.862645815364772e-09, 1, -9.313229298868464e-09, 1.6042037032093504e-07, 2.0489101970611046e-08, 1),
            ["RightUpperArm"] = CFrame.new(-0.0037459135055541992, -0.05714452266693115, 1.4901161193847656e-08, 0.9661059379577637, -0.06897962093353271, 0.2487642765045166, 0.020718593150377274, 0.9812489151954651, 0.19162818789482117, -0.25731316208839417, -0.1799791008234024, 0.949418306350708),
            ["Head"] = CFrame.new(-2.3050233721733093e-08, -1.1920928955078125e-07, -3.009336069226265e-08, 0.9369810819625854, 0.04128880798816681, 0.3469321131706238, -0.03332044556736946, 0.9990266561508179, -0.028904791921377182, -0.34778791666030884, 0.015523264184594154, 0.937444806098938),
            ["LowerTorso"] = CFrame.new(-0.06077461317181587, -0.13319993019104004, -0.023169219493865967, 0.9634994268417358, -0.011921759694814682, -0.26744481921195984, 0.00010016919259214774, 0.9990239143371582, -0.04417214170098305, 0.2677103877067566, 0.04253304377198219, 0.9625601768493652),
            ["UpperTorso"] = CFrame.new(-2.7212081477046013e-09, -2.086162567138672e-07, -2.3283064365386963e-09, 0.99656742811203, 0.000824834918603301, -0.08278141170740128, 0.01552982721477747, 0.9803358912467957, 0.1967245191335678, 0.08131586015224457, -0.19733484089374542, 0.9769579172134399),
            ["HumanoidRootPart"] = CFrame.new(0, 0, 0, 1, 0, 0, 0, 1, 0, 0, 0, 1),
            ["LeftUpperLeg"] = CFrame.new(0, -2.4028122425079346e-07, -3.725290298461914e-08, 0.9593989253044128, 0.27875784039497375, 0.042987216264009476, -0.24549473822116852, 0.9003332257270813, -0.3593502342700958, -0.13887454569339752, 0.33420705795288086, 0.932212233543396),
            ["LeftUpperArm"] = CFrame.new(0.0037459731101989746, -0.05714404582977295, 5.960464477539063e-08, 0.9989342093467712, 0.032929759472608566, -0.032344844192266464, -0.0320548452436924, 0.9991156458854675, 0.027212785556912422, 0.033211663365364075, -0.026146993041038513, 0.9991063475608826),
            ["RightLowerArm"] = CFrame.new(-0.00000521540641784668, 9.5367431640625e-07, 1.862645149230957e-07, 1, 1.3969840839678227e-09, 1.7904679339153518e-07, -2.3283055483602766e-09, 0.9999682307243347, -0.007971755228936672, -1.9534483897132304e-07, 0.007971767336130142, 0.9999682307243347),
            ["LeftHand"] = CFrame.new(6.705522537231445e-08, 0.00009995698928833008, -2.086162567138672e-07, 0.9948350191116333, 0.025156930088996887, 0.09833906590938568, -0.0061769746243953705, 0.9820100665092468, -0.1887275129556656, -0.10131771862506866, 0.18714530766010284, 0.9770933985710144),
            ["RightFoot"] = CFrame.new(-2.9802322387695312e-08, 4.172325134277344e-07, -2.2519088815897703e-08, 0.9686328768730164, 0.24721278250217438, -0.025226915255188942, -0.23953339457511902, 0.9018507599830627, -0.3595673739910126, -0.06613827496767044, 0.35433194041252136, 0.9327781200408936),
            ["RightHand"] = CFrame.new(4.637986421585083e-07, -3.5762786865234375e-07, 3.7997961044311523e-07, 0.9748304486274719, 0.028944844380021095, -0.22106105089187622, -0.03600088134407997, 0.9989606738090515, -0.02795601822435856, 0.220022052526474, 0.035210736095905304, 0.9748592972755432),
            ["RightLowerLeg"] = CFrame.new(9.685754776000977e-08, -0.0000034570693969726562, -0.000013342294550966471, 1, -4.0046870708465576e-08, -2.7567156735130993e-07, 1.3224780559539795e-07, 0.8393271565437317, 0.5436268448829651, -9.685754776000977e-08, -0.5436267256736755, 0.8393270373344421),
            ["RightUpperLeg"] = CFrame.new(1.7881393432617188e-07, -1.7927959561347961e-07, -7.620110409334302e-08, 0.9125617146492004, -0.3027111291885376, -0.27494972944259644, 0.2668030261993408, 0.9502612352371216, -0.16068518161773682, 0.3099149465560913, 0.07327762246131897, 0.9479361176490784),
            ["LeftLowerLeg"] = CFrame.new(7.078051567077637e-08, 0.000004172325134277344, 0.000013276934623718262, 1, 2.6077035641947077e-08, 5.960464477539063e-08, -1.862645326866641e-08, 0.9654563665390015, 0.2605644464492798, 3.725290653733282e-08, -0.26056474447250366, 0.9654564261436462),
        }},
        {Time = 0.033, Data = {
            ["LeftFoot"] = CFrame.new(-4.470348358154297e-08, -5.960464477539063e-08, 5.21540641784668e-08, 0.9716149568557739, -0.22900469601154327, -0.059339575469493866, 0.23406048119068146, 0.9670067429542542, 0.10056652873754501, 0.034351639449596405, -0.1116010993719101, 0.993159294128418),
            ["LeftLowerArm"] = CFrame.new(-0.0004953444004058838, -0.00009763240814208984, -2.384185791015625e-07, 1, 1.3038517820973539e-08, -2.1816234152538527e-07, 3.725290298461914e-09, 1, -7.450581485102248e-09, 1.73225998878479e-07, -3.725290742551124e-09, 1),
            ["RightUpperArm"] = CFrame.new(-0.0037457942962646484, -0.05714428424835205, -2.2351741790771484e-08, 0.9708329439163208, -0.07973841577768326, 0.22611360251903534, 0.046069588512182236, 0.9875432848930359, 0.15045204758644104, -0.2352893054485321, -0.13564682006835938, 0.9624119400978088),
            ["Head"] = CFrame.new(-1.5599653124809265e-08, -1.1920928955078125e-07, -3.731111064553261e-08, 0.9469183087348938, 0.04659488424658775, 0.31807953119277954, -0.035886090248823166, 0.9985769987106323, -0.03944734111428261, -0.31946495175361633, 0.025938771665096283, 0.9472430348396301),
            ["LowerTorso"] = CFrame.new(-0.06828947365283966, -0.13185954093933105, -0.04513247311115265, 0.9620375037193298, -0.008956832811236382, -0.2727702558040619, -0.003525808220729232, 0.9989700317382812, -0.0452379435300827, 0.2728945016860962, 0.044482335448265076, 0.9610150456428528),
            ["UpperTorso"] = CFrame.new(-5.122274160385132e-09, -5.364418029785156e-07, 1.862645149230957e-09, 0.9972041249275208, -0.002572175581008196, -0.07468172162771225, 0.017420243471860886, 0.9798733592033386, 0.19885893166065216, 0.07266715914011002, -0.19960390031337738, 0.9771785736083984),
            ["HumanoidRootPart"] = CFrame.new(0, 0, 0, 1, 0, 0, 0, 1, 0, 0, 0, 1),
            ["LeftUpperLeg"] = CFrame.new(-1.1920928955078125e-07, -2.468004822731018e-07, 5.960464477539063e-08, 0.9611063003540039, 0.27234768867492676, 0.045841034501791, -0.23719514906406403, 0.8990151882171631, -0.36811700463294983, -0.14146769046783447, 0.3429262340068817, 0.928648829460144),
            ["LeftUpperArm"] = CFrame.new(0.0037457942962646484, -0.0571444034576416, -5.960464477539063e-08, 0.9973664283752441, 0.040688466280698776, -0.06004076451063156, -0.03866099938750267, 0.998654842376709, 0.034553978592157364, 0.061364684253931046, -0.032141756266355515, 0.9975977540016174),
            ["RightLowerArm"] = CFrame.new(-0.000004947185516357422, 4.172325134277344e-07, 2.9802322387695312e-08, 1, -1.862645371275562e-09, 1.965090916655754e-07, 9.313222415485711e-10, 0.9998596906661987, -0.01675504632294178, -1.8207349228305247e-07, 0.016755005344748497, 0.9998596906661987),
            ["LeftHand"] = CFrame.new(2.8312206268310547e-07, 0.00010013580322265625, -3.2782554626464844e-07, 0.9927245378494263, 0.020182618871331215, 0.11870451271533966, 0.002198141533881426, 0.9826499223709106, -0.18545717000961304, -0.12038802355527878, 0.1843688189983368, 0.9754562973976135),
            ["RightFoot"] = CFrame.new(3.725290298461914e-08, 2.384185791015625e-07, -1.5068508218973875e-08, 0.9708412289619446, 0.23907096683979034, -0.017673177644610405, -0.2294820249080658, 0.9055185317993164, -0.3568951487541199, -0.06932004541158676, 0.3505443334579468, 0.9339773058891296),
            ["RightHand"] = CFrame.new(1.5273690223693848e-07, 4.76837158203125e-07, 3.8743019104003906e-07, 0.9569517970085144, 0.035712212324142456, -0.2880418300628662, -0.042684558779001236, 0.9989272356033325, -0.017959794029593468, 0.28709134459495544, 0.029481615871191025, 0.9574494361877441),
            ["RightLowerLeg"] = CFrame.new(-4.0978193283081055e-08, -0.0000036954879760742188, -0.000013357195712160319, 1, -1.2107198799071739e-08, 7.450582373280668e-09, 1.0058282384761696e-07, 0.8103578686714172, 0.5859349370002747, 1.1175869119028903e-08, -0.5859353542327881, 0.8103581666946411),
            ["RightUpperLeg"] = CFrame.new(1.1920928955078125e-07, 1.3667158782482147e-07, -9.110226528719068e-08, 0.9112728834152222, -0.32165446877479553, -0.2571384608745575, 0.2826269865036011, 0.9426524043083191, -0.17756220698356628, 0.2995058596134186, 0.0891333818435669, 0.9499218463897705),
            ["LeftLowerLeg"] = CFrame.new(7.450580596923828e-09, 0.000003635883331298828, 0.0000133514404296875, 1, 1.6763808119435453e-08, 0, -6.70552182668871e-08, 0.9524611830711365, 0.30466020107269287, 1.4901159417490817e-08, -0.3046601414680481, 0.9524611830711365),
        }},
        {Time = 0.067, Data = {
            ["LeftFoot"] = CFrame.new(-1.4901161193847656e-08, 5.960464477539063e-08, 1.1175870895385742e-08, 0.9752126932144165, -0.21593892574310303, -0.04827890172600746, 0.21749530732631683, 0.9756105542182922, 0.02966289222240448, 0.04069613665342331, -0.03942779451608658, 0.9983933568000793),
            ["LeftLowerArm"] = CFrame.new(-0.0004949867725372314, -0.00009840726852416992, -3.5762786865234375e-07, 1, -1.30385160446167e-08, -1.3224780559539795e-07, -9.313225746154785e-09, 1, 0, 1.4528632164001465e-07, -3.725290298461914e-09, 1),
            ["RightUpperArm"] = CFrame.new(-0.0037457942962646484, -0.057144761085510254, 3.3527612686157227e-08, 0.980499804019928, -0.10237809270620346, 0.16775086522102356, 0.09583823382854462, 0.9943033456802368, 0.046643856912851334, -0.17156711220741272, -0.02965734899044037, 0.9847254157066345),
            ["Head"] = CFrame.new(-3.5390257835388184e-08, -1.1920928955078125e-07, 2.7008354663848877e-08, 0.9680407047271729, 0.05741340294480324, 0.24413301050662994, -0.04209902137517929, 0.9968310594558716, -0.06749556213617325, -0.24723444879055023, 0.05506070330739021, 0.9673900604248047),
            ["LowerTorso"] = CFrame.new(-0.0862094834446907, -0.1283121109008789, -0.10177460312843323, 0.9588060975074768, -0.0018263970268890262, -0.2840554714202881, -0.012256045825779438, 0.9987821578979492, -0.047791171818971634, 0.2837968170642853, 0.04930386692285538, 0.9576160311698914),
            ["UpperTorso"] = CFrame.new(0, 5.960464477539063e-08, 3.725290298461914e-09, 0.9983636736869812, -0.010407928377389908, -0.056228287518024445, 0.02172131836414337, 0.9786192178726196, 0.20453020930290222, 0.05289736017584801, -0.20541693270206451, 0.977243959903717),
            ["HumanoidRootPart"] = CFrame.new(0, 0, 0, 1, 0, 0, 0, 1, 0, 0, 0, 1),
            ["LeftUpperLeg"] = CFrame.new(8.940696716308594e-08, -2.591405063867569e-07, 7.450580596923828e-08, 0.9651663303375244, 0.255359947681427, 0.056968383491039276, -0.21641097962856293, 0.9015421271324158, -0.37468385696411133, -0.14703869819641113, 0.349303662776947, 0.9254007935523987),
            ["LeftUpperArm"] = CFrame.new(0.003745853900909424, -0.05714452266693115, 5.960464477539063e-08, 0.9902336001396179, 0.06426167488098145, -0.12372808903455734, -0.05819536745548248, 0.9969481825828552, 0.052035510540008545, 0.1266918182373047, -0.044326912611722946, 0.990950882434845),
            ["RightLowerArm"] = CFrame.new(-0.000005155801773071289, -1.1920928955078125e-07, -5.960464477539063e-08, 1, 1.1175872671742582e-08, 1.7043204536548728e-07, -3.725290742551124e-09, 0.9993523359298706, -0.03598462790250778, -1.8440189819557418e-07, 0.03598463535308838, 0.9993523359298706),
            ["LeftHand"] = CFrame.new(3.725290298461914e-08, 0.00010019540786743164, -1.4901161193847656e-07, 0.9846706986427307, 0.01083285827189684, 0.17408691346645355, 0.02008945308625698, 0.9843839406967163, -0.1748850792646408, -0.1732628345489502, 0.1757015436887741, 0.9690763354301453),
            ["RightFoot"] = CFrame.new(3.725290298461914e-08, 2.384185791015625e-07, 1.6596459317952394e-08, 0.9740696549415588, 0.22620795667171478, -0.00428947526961565, -0.21391768753528595, 0.9146416187286377, -0.3430306017398834, -0.0736725926399231, 0.33505335450172424, 0.9393144845962524),
            ["RightHand"] = CFrame.new(1.862645149230957e-07, -5.960464477539063e-08, 2.682209014892578e-07, 0.8932967782020569, 0.04647769406437874, -0.4470577538013458, -0.05000630393624306, 0.9987412095069885, 0.003911616280674934, 0.4466768801212311, 0.018861478194594383, 0.8944966197013855),
            ["RightLowerLeg"] = CFrame.new(1.1851079761981964e-07, -0.0000035762786865234375, -0.000013339267752598971, 1, -8.195636524988004e-08, -1.043080928297968e-07, 4.842877388000488e-08, 0.7595417499542236, 0.6504589319229126, -5.960464477539063e-08, -0.6504586338996887, 0.759541392326355),
            ["RightUpperLeg"] = CFrame.new(0, -2.7602072805166245e-07, -3.5222910810261965e-08, 0.9070606827735901, -0.35947367548942566, -0.21913407742977142, 0.3208857476711273, 0.9272702932357788, -0.1928788721561432, 0.2725312113761902, 0.10463597625494003, 0.956440269947052),
            ["LeftLowerLeg"] = CFrame.new(1.564621925354004e-07, 0.000003874301910400391, 0.000013381242752075195, 1, 1.5273688802608376e-07, -1.955776873785453e-08, -7.450580596923828e-08, 0.9236867427825928, 0.3831486701965332, 1.4901161193847656e-08, -0.383148729801178, 0.923686683177948),
        }},
        {Time = 0.100, Data = {
            ["LeftFoot"] = CFrame.new(3.3527612686157227e-08, 0, 4.190951585769653e-08, 0.9794840216636658, -0.1984482854604721, -0.035063955932855606, 0.19676180183887482, 0.979354202747345, -0.04636809229850769, 0.04354169964790344, 0.0385180339217186, 0.9983088374137878),
            ["LeftLowerArm"] = CFrame.new(-0.000494837760925293, -0.00009888410568237305, -4.172325134277344e-07, 1, 1.1175872671742582e-08, -1.8719590855198476e-07, -7.450583261459087e-09, 1, -7.450583261459087e-09, 2.0582236004429433e-07, 2.2351745343485163e-08, 1),
            ["RightUpperArm"] = CFrame.new(-0.0037459135055541992, -0.057144880294799805, -3.725290298461914e-08, 0.987338125705719, -0.1326848417520523, 0.08694233745336533, 0.14010728895664215, 0.9864189624786377, -0.0857153832912445, -0.07438692450523376, 0.09681131690740585, 0.992518961429596),
            ["Head"] = CFrame.new(-4.7031790018081665e-08, -4.76837158203125e-07, 8.055940270423889e-08, 0.9873383045196533, 0.06516977399587631, 0.14462418854236603, -0.049627888947725296, 0.9928476214408875, -0.10858576744794846, -0.1506662666797638, 0.10003349930047989, 0.9835105538368225),
            ["LowerTorso"] = CFrame.new(-0.10759776085615158, -0.12327075004577637, -0.17922405898571014, 0.9557267427444458, 0.007066757418215275, -0.29417088627815247, -0.023051101714372635, 0.9984374642372131, -0.050905246287584305, 0.29335150122642517, 0.05543246492743492, 0.9543963074684143),
            ["UpperTorso"] = CFrame.new(3.3527612686157227e-08, -6.854534149169922e-07, -4.0978193283081055e-08, 0.9991803765296936, -0.01916295289993286, -0.0356592983007431, 0.026324667036533356, 0.9767581224441528, 0.21272191405296326, 0.030754148960113525, -0.21348629891872406, 0.9764618873596191),
            ["HumanoidRootPart"] = CFrame.new(0, 0, 0, 1, 0, 0, 0, 1, 0, 0, 0, 1),
            ["LeftUpperLeg"] = CFrame.new(1.1920928955078125e-07, 1.1408701539039612e-07, -4.470348358154297e-08, 0.9700927734375, 0.23103287816047668, 0.07445754110813141, -0.18931715190410614, 0.9121137857437134, -0.3636036217212677, -0.1519182175397873, 0.3386329710483551, 0.9285734295845032),
            ["LeftUpperArm"] = CFrame.new(0.00374603271484375, -0.0571446418762207, -5.960464477539063e-08, 0.9755948185920715, 0.10353110730648041, -0.19364379346370697, -0.09091305732727051, 0.9931818246841431, 0.0729692131280899, 0.1998741775751114, -0.053583670407533646, 0.9783545136451721),
            ["RightLowerArm"] = CFrame.new(-0.000004976987838745117, 2.980232238769531e-07, -2.5331974029541016e-07, 1, -1.1175873559921001e-08, 1.9092117042873724e-07, -1.862645326866641e-08, 0.9984828233718872, -0.05506414920091629, -1.8067660789711226e-07, 0.05506415665149689, 0.9984828233718872),
            ["LeftHand"] = CFrame.new(1.1175870895385742e-07, 0.0000998377799987793, -4.172325134277344e-07, 0.9668183922767639, 0.006051263306289911, 0.2553928792476654, 0.03537304326891899, 0.9869183897972107, -0.1572926789522171, -0.2530037760734558, 0.16110752522945404, 0.9539567828178406),
            ["RightFoot"] = CFrame.new(-3.725290298461914e-08, 4.172325134277344e-07, 1.6596459317952394e-08, 0.9741830229759216, 0.22571447491645813, 0.0045578209683299065, -0.21245913207530975, 0.923428475856781, -0.3195940852165222, -0.07634615898132324, 0.3103753328323364, 0.9475436210632324),
            ["RightHand"] = CFrame.new(2.5331974029541016e-07, -4.172325134277344e-07, 4.76837158203125e-07, 0.7751550078392029, 0.04645251855254173, -0.6300610899925232, -0.04245057329535484, 0.9988690614700317, 0.02141733281314373, 0.6303433775901794, 0.01014469750225544, 0.7762502431869507),
            ["RightLowerLeg"] = CFrame.new(-4.0978193283081055e-08, -0.0000032782554626464844, -0.000013394448615144938, 1, -2.1047887344138871e-07, -1.4901162970204496e-08, 2.0023435354232788e-07, 0.7406748533248901, 0.671863317489624, 3.725290298461914e-08, -0.6718636751174927, 0.7406752109527588),
            ["RightUpperLeg"] = CFrame.new(5.960464477539063e-08, 2.1385494619607925e-07, -7.433845894411206e-08, 0.9003356099128723, -0.3939034044742584, -0.18502920866012573, 0.36616140604019165, 0.9154234528541565, -0.16711021959781647, 0.23520556092262268, 0.08270446956157684, 0.9684205651283264),
            ["LeftLowerLeg"] = CFrame.new(2.9802322387695312e-08, 0.000003933906555175781, 0.000013425946235656738, 1, 3.230525180697441e-09, 1.0803343286625022e-07, -3.725290298461914e-09, 0.8946493864059448, 0.44676873087882996, 3.725290298461914e-08, -0.446769118309021, 0.8946495652198792),
        }},
        {Time = 0.133, Data = {
            ["LeftFoot"] = CFrame.new(7.078051567077637e-08, 0, -2.0489096641540527e-08, 0.9831914901733398, -0.18109308183193207, -0.02323482371866703, 0.1774810403585434, 0.977834165096283, -0.11108919978141785, 0.04283740371465683, 0.1050981730222702, 0.9935387969017029),
            ["LeftLowerArm"] = CFrame.new(-0.0004948079586029053, -0.00009918212890625, -1.7881393432617188e-07, 1, 7.450582373280668e-09, -2.0675363998634566e-07, -2.2351747119842003e-08, 1, -1.4901162970204496e-08, 2.2910541019882658e-07, 0, 1),
            ["RightUpperArm"] = CFrame.new(-0.0037457942962646484, -0.05714452266693115, 1.4901161193847656e-08, 0.9817159175872803, -0.19029928743839264, -0.004611925687640905, 0.18552914261817932, 0.9619792103767395, -0.20043441653251648, 0.042578261345624924, 0.19591392576694489, 0.9796962738037109),
            ["Head"] = CFrame.new(-9.313225746154785e-09, -3.5762786865234375e-07, -6.51925802230835e-09, 0.9971104264259338, 0.06346511095762253, 0.041749682277441025, -0.05613406002521515, 0.9858475923538208, -0.1579670011997223, -0.05118420347571373, 0.15516695380210876, 0.9865614175796509),
            ["LowerTorso"] = CFrame.new(-0.12551751732826233, -0.1174473762512207, -0.26360929012298584, 0.9549907445907593, 0.015473890118300915, -0.2962316572666168, -0.0329875685274601, 0.9979842901229858, -0.05421474575996399, 0.2947956323623657, 0.06154654920101166, 0.9535762071609497),
            ["UpperTorso"] = CFrame.new(-7.450580596923828e-09, -2.086162567138672e-07, -5.21540641784668e-08, 0.9994565844535828, -0.025149166584014893, -0.021312110126018524, 0.02926526963710785, 0.9744974374771118, 0.22248239815235138, 0.015173304826021194, -0.2229851633310318, 0.9747037887573242),
            ["HumanoidRootPart"] = CFrame.new(0, 0, 0, 1, 0, 0, 0, 1, 0, 0, 0, 1),
            ["LeftUpperLeg"] = CFrame.new(0, -6.426125764846802e-08, -7.450580596923828e-09, 0.9749647378921509, 0.20354002714157104, 0.08952764421701431, -0.16282713413238525, 0.9277070164680481, -0.33592700958251953, -0.15143010020256042, 0.3129395544528961, 0.9376235008239746),
            ["LeftUpperArm"] = CFrame.new(0.003745853900909424, -0.0571441650390625, 7.450580596923828e-08, 0.9576889276504517, 0.15613742172718048, -0.24177709221839905, -0.13837268948554993, 0.9863827228546143, 0.08889050036668777, 0.2523591220378876, -0.05167409032583237, 0.9662517309188843),
            ["RightLowerArm"] = CFrame.new(-0.000005424022674560547, -2.384185791015625e-07, -1.825392246246338e-07, 1, -2.0489101970611046e-08, 1.713633963618122e-07, -5.587935447692871e-09, 0.9979697465896606, -0.06369096040725708, -2.039596438407898e-07, 0.06369097530841827, 0.9979696869850159),
            ["LeftHand"] = CFrame.new(-1.341104507446289e-07, 0.00010001659393310547, -2.980232238769531e-07, 0.9352496862411499, 0.014324359595775604, 0.3536989986896515, 0.036293547600507736, 0.9900352954864502, -0.13606248795986176, -0.352123498916626, 0.14008940756320953, 0.925410270690918),
            ["RightFoot"] = CFrame.new(1.4901161193847656e-08, 3.5762786865234375e-07, 3.894820110872388e-08, 0.9824856519699097, 0.18585321307182312, 0.013432140462100506, -0.17255699634552002, 0.9346618056297302, -0.31085625290870667, -0.07032793015241623, 0.3030940592288971, 0.9503620266914368),
            ["RightHand"] = CFrame.new(2.9569491744041443e-07, -2.384185791015625e-07, 3.9674341678619385e-07, 0.6293390393257141, 0.027477093040943146, -0.7766451239585876, -0.01606781594455242, 0.9996212720870972, 0.022345617413520813, 0.7769648432731628, -0.0015839788829907775, 0.6295419335365295),
            ["RightLowerLeg"] = CFrame.new(4.470348358154297e-08, -0.0000035762786865234375, -0.000013245437003206462, 1, -1.0058288779646318e-07, -2.682209014892578e-07, 6.332994928470725e-08, 0.676936149597168, 0.7360421419143677, -1.49011640360186e-07, -0.7360417246818542, 0.6769357919692993),
            ["RightUpperLeg"] = CFrame.new(1.7881393432617188e-07, 1.2712553143501282e-07, -1.8795981304720044e-07, 0.9095645546913147, -0.387112557888031, -0.15111686289310455, 0.35530126094818115, 0.913029134273529, -0.20034679770469666, 0.21553075313568115, 0.1285363882780075, 0.9680004715919495),
            ["LeftLowerLeg"] = CFrame.new(5.960464477539063e-08, 0.000003814697265625, 0.000013485550880432129, 1, 1.0989607801548118e-07, -7.450582373280668e-09, -9.685754776000977e-08, 0.8757646083831787, 0.4827386140823364, 3.725290298461914e-08, -0.48273852467536926, 0.8757645487785339),
        }},
        {Time = 0.167, Data = {
            ["LeftFoot"] = CFrame.new(1.825392246246338e-07, -2.980232238769531e-07, -6.705522537231445e-08, 0.985396146774292, -0.16965235769748688, -0.014579301699995995, 0.16510076820850372, 0.9728811979293823, -0.16199971735477448, 0.04166731983423233, 0.15722668170928955, 0.986683189868927),
            ["LeftLowerArm"] = CFrame.new(-0.0004950761795043945, -0.0000998377799987793, -2.980232238769531e-07, 1, -1.4901164746561335e-08, -2.0489100904796942e-07, -1.4901168299275014e-08, 1, -1.4901164746561335e-08, 1.7881401959130017e-07, -7.450582373280668e-09, 1),
            ["RightUpperArm"] = CFrame.new(-0.003745853900909424, -0.05714452266693115, -4.470348358154297e-08, 0.9529940485954285, -0.2922806143760681, -0.0798598974943161, 0.2576062083244324, 0.9203504323959351, -0.2942647933959961, 0.15950392186641693, 0.2598598599433899, 0.9523816108703613),
            ["Head"] = CFrame.new(5.587935447692871e-09, 1.1920928955078125e-07, 2.60770320892334e-08, 0.9979681372642517, 0.04975416138768196, -0.039801277220249176, -0.05708826705813408, 0.9756442308425903, -0.21180017292499542, 0.028293993324041367, 0.21364200115203857, 0.9765022993087769),
            ["LowerTorso"] = CFrame.new(-0.13303188979625702, -0.11155438423156738, -0.3410588204860687, 0.9567494988441467, 0.01728995330631733, -0.2903989851474762, -0.03554857522249222, 0.9976999163627625, -0.05771678686141968, 0.2887331247329712, 0.0655437707901001, 0.9551634192466736),
            ["UpperTorso"] = CFrame.new(3.725290298461914e-08, -2.384185791015625e-07, -2.60770320892334e-08, 0.9996879696846008, -0.021175531670451164, -0.013249950483441353, 0.023681189864873886, 0.9721900224685669, 0.23299333453178406, 0.007947755977511406, -0.2332344353199005, 0.9723881483078003),
            ["HumanoidRootPart"] = CFrame.new(0, 0, 0, 1, 0, 0, 0, 1, 0, 0, 0, 1),
            ["LeftUpperLeg"] = CFrame.new(2.682209014892578e-07, 4.842877388000488e-08, 2.2351741790771484e-08, 0.977965235710144, 0.18575994670391083, 0.09527566283941269, -0.14907865226268768, 0.9408719539642334, -0.3041962683200836, -0.1461494415998459, 0.2832901179790497, 0.9478329420089722),
            ["LeftUpperArm"] = CFrame.new(0.003745853900909424, -0.0571444034576416, 0, 0.9457183480262756, 0.21529948711395264, -0.24344754219055176, -0.20143894851207733, 0.9761654734611511, 0.0807599350810051, 0.2550278604030609, -0.027336347848176956, 0.9665459990501404),
            ["RightLowerArm"] = CFrame.new(-0.000005245208740234375, 6.556510925292969e-07, -1.043081283569336e-07, 1, -1.3038519597330378e-08, 2.2351753159455257e-07, 2.537853660555811e-08, 0.9987684488296509, -0.04961644485592842, -1.7508862981685525e-07, 0.04961644113063812, 0.9987684488296509),
            ["LeftHand"] = CFrame.new(-2.980232238769531e-07, 0.00009995698928833008, -3.5762786865234375e-07, 0.8617553114891052, 0.06265231966972351, 0.503440797328949, 0.00046580476919189095, 0.9922469854354858, -0.1242808848619461, -0.5073240399360657, 0.10733426362276077, 0.8550448417663574),
            ["RightFoot"] = CFrame.new(-2.2351741790771484e-08, 3.5762786865234375e-07, 9.145878721028566e-09, 0.9933345317840576, 0.11457458883523941, 0.012613986618816853, -0.1046871691942215, 0.9425417184829712, -0.3172626793384552, -0.048240214586257935, 0.3138277232646942, 0.9482539296150208),
            ["RightHand"] = CFrame.new(4.0978193283081055e-08, 0, 5.885958671569824e-07, 0.440676748752594, -0.016510939225554466, -0.8975140452384949, 0.03734543174505234, 0.9993025064468384, -0.00004694681410910562, 0.8968887329101562, -0.03349737077951431, 0.4409860074520111),
            ["RightLowerLeg"] = CFrame.new(1.6391277313232422e-07, -0.000003933906555175781, -0.000013245437003206462, 1, 2.011657045386528e-07, 1.3411050758804777e-07, -7.450579175838357e-08, 0.6025117635726929, 0.7981098890304565, 7.450579175838357e-08, -0.7981101274490356, 0.6025120615959167),
            ["RightUpperLeg"] = CFrame.new(0, -3.3993273973464966e-07, -3.149762051180005e-08, 0.9342033863067627, -0.3345956802368164, -0.1237306073307991, 0.29591694474220276, 0.920530378818512, -0.2550632059574127, 0.19924136996269226, 0.20166680216789246, 0.9589751958847046),
            ["LeftLowerLeg"] = CFrame.new(2.2351741790771484e-08, 0.000003874301910400391, 0.000013396143913269043, 1, 7.078051567077637e-08, 2.0489098417897367e-08, -5.587936158235607e-08, 0.8648584485054016, 0.5020161271095276, -2.980232594040899e-08, -0.5020159482955933, 0.8648583889007568),
        }},
        {Time = 0.200, Data = {
            ["LeftFoot"] = CFrame.new(5.21540641784668e-08, 0, -7.450580596923828e-09, 0.9856429696083069, -0.16858667135238647, -0.009301871992647648, 0.16357989609241486, 0.9671163558959961, -0.19475027918815613, 0.04182811826467514, 0.1904325783252716, 0.9808088541030884),
            ["LeftLowerArm"] = CFrame.new(-0.0004948973655700684, -0.0000998377799987793, -5.662441253662109e-07, 1, -2.2351741790771484e-08, -1.9371513815258368e-07, 7.450581485102248e-09, 1, -7.450582373280668e-09, 1.788139627478813e-07, 1.4901161193847656e-08, 1),
            ["RightUpperArm"] = CFrame.new(-0.0037459135055541992, -0.0571444034576416, -8.940696716308594e-08, 0.9006205201148987, -0.4189424216747284, -0.11565417051315308, 0.34448671340942383, 0.8503687977790833, -0.3977406919002533, 0.2649746537208557, 0.31837114691734314, 0.9101794362068176),
            ["Head"] = CFrame.new(-3.259629011154175e-08, -1.1920928955078125e-07, -8.85920599102974e-08, 0.9959489107131958, 0.027396919205784798, -0.08564652502536774, -0.05011332035064697, 0.9599430561065674, -0.2756774127483368, 0.07466313242912292, 0.278852641582489, 0.9574270844459534),
            ["LowerTorso"] = CFrame.new(-0.12549015879631042, -0.10630369186401367, -0.39770108461380005, 0.9590702652931213, 0.012643029913306236, -0.2828858494758606, -0.03105943277478218, 0.9976719617843628, -0.0607120618224144, 0.2814596891403198, 0.06701340526342392, 0.9572302103042603),
            ["UpperTorso"] = CFrame.new(0, -4.172325134277344e-07, -5.21540641784668e-08, 0.9999281764030457, -0.009760405868291855, -0.0069601088762283325, 0.011157236993312836, 0.9700784087181091, 0.24253535270690918, 0.004384595435112715, -0.2425955981016159, 0.9701176285743713),
            ["HumanoidRootPart"] = CFrame.new(0, 0, 0, 1, 0, 0, 0, 1, 0, 0, 0, 1),
            ["LeftUpperLeg"] = CFrame.new(5.960464477539063e-08, -4.670582711696625e-07, -5.960464477539063e-08, 0.9781346321105957, 0.1849568784236908, 0.09509827941656113, -0.15261948108673096, 0.9489873051643372, -0.2759172022342682, -0.1412796527147293, 0.25537046790122986, 0.9564653635025024),
            ["LeftUpperArm"] = CFrame.new(0.0037457942962646484, -0.05714428424835205, -5.960464477539063e-08, 0.9393345713615417, 0.2777479290962219, -0.20127272605895996, -0.2763926386833191, 0.9603925943374634, 0.03536640852689743, 0.20312006771564484, 0.02240936830639839, 0.9788966178894043),
            ["RightLowerArm"] = CFrame.new(-0.000004976987838745117, -5.960464477539063e-08, -1.2665987014770508e-07, 1, -1.862645326866641e-08, 1.788139627478813e-07, 5.587935447692871e-09, 0.9997231364250183, -0.02353234961628914, -2.086162567138672e-07, 0.023532342165708542, 0.9997231364250183),
            ["LeftHand"] = CFrame.new(5.960464477539063e-08, 0.0000998377799987793, -3.2782554626464844e-07, 0.7164167761802673, 0.14713191986083984, 0.6819817423820496, -0.05763917416334152, 0.986650288105011, -0.15231214463710785, -0.6952874660491943, 0.06981015205383301, 0.7153334617614746),
            ["RightFoot"] = CFrame.new(3.3527612686157227e-08, 2.980232238769531e-07, 3.149762051180005e-08, 0.9970921277999878, 0.07616373151540756, 0.0025136738549917936, -0.06983491778373718, 0.9264448285102844, -0.3698958456516266, -0.03050164505839348, 0.368645042181015, 0.9290698766708374),
            ["RightHand"] = CFrame.new(3.2782554626464844e-07, 0, 3.725290298461914e-07, 0.19163183867931366, -0.08214776962995529, -0.9780229926109314, 0.09584859013557434, 0.9932942986488342, -0.0646500363945961, 0.9767754673957825, -0.08135313540697098, 0.19822052121162415),
            ["RightLowerLeg"] = CFrame.new(-1.4901161193847656e-08, -0.0000034570693969726562, -0.000013245437003206462, 1, -2.2351741790771484e-08, -5.960465188081798e-08, 1.1920930376163597e-07, 0.635987401008606, 0.7716994285583496, -1.4901162970204496e-08, -0.7716994285583496, 0.6359875202178955),
            ["RightUpperLeg"] = CFrame.new(-5.960464477539063e-08, -3.450550138950348e-07, 1.3205863069742918e-08, 0.9654337763786316, -0.24440628290176392, -0.09057112038135529, 0.2179803103208542, 0.9475961327552795, -0.23355141282081604, 0.14290641248226166, 0.20573562383651733, 0.9681171178817749),
            ["LeftLowerLeg"] = CFrame.new(-4.470348358154297e-08, 0.000003933906555175781, 0.000013306736946105957, 1, 1.396984004031765e-07, -7.450580596923828e-09, -9.313227167240257e-08, 0.8614798784255981, 0.5077919363975525, 2.6077035641947077e-08, -0.5077918767929077, 0.8614797592163086),
        }},
        {Time = 0.233, Data = {
            ["LeftFoot"] = CFrame.new(-1.1175870895385742e-08, 2.384185791015625e-07, -6.705522537231445e-08, 0.9841206669807434, -0.17733091115951538, -0.0077741448767483234, 0.17223872244358063, 0.9646133184432983, -0.19963718950748444, 0.04290070757269859, 0.19512821733951569, 0.979839026927948),
            ["LeftLowerArm"] = CFrame.new(-0.0004954338073730469, -0.0000997781753540039, -6.332993507385254e-07, 1, 1.303851426825986e-08, -1.601874828338623e-07, 6.519259798665189e-09, 1, 1.862645149230957e-08, 1.974404284510456e-07, -1.303851426825986e-08, 1),
            ["RightUpperArm"] = CFrame.new(-0.0037457942962646484, -0.05714452266693115, 9.685754776000977e-08, 0.8285462260246277, -0.5490806698799133, -0.10968324542045593, 0.4305983781814575, 0.7500441074371338, -0.5020089149475098, 0.3579053580760956, 0.3687061667442322, 0.8578792214393616),
            ["Head"] = CFrame.new(-1.862645149230957e-08, 1.1920928955078125e-07, 3.259629011154175e-08, 0.9942467212677002, 0.0017163197044283152, -0.10710100084543228, -0.039956383407115936, 0.9336453080177307, -0.35596367716789246, 0.09938333928585052, 0.35819512605667114, 0.9283422827720642),
            ["LowerTorso"] = CFrame.new(-0.10580366849899292, -0.10240817070007324, -0.4196644425392151, 0.9612560868263245, 0.008019402623176575, -0.275540292263031, -0.026106039062142372, 0.9977324604988098, -0.06203584000468254, 0.2744179964065552, 0.06682559102773666, 0.9592857360839844),
            ["UpperTorso"] = CFrame.new(2.60770320892334e-08, 5.960464477539063e-08, -9.12696123123169e-08, 0.9999868869781494, -0.0013645329745486379, -0.004944953601807356, 0.0025520154740661383, 0.9685483574867249, 0.2488127499818802, 0.004449889063835144, -0.24882207810878754, 0.9685390591621399),
            ["HumanoidRootPart"] = CFrame.new(0, 0, 0, 1, 0, 0, 0, 1, 0, 0, 0, 1),
            ["LeftUpperLeg"] = CFrame.new(5.960464477539063e-08, 3.259629011154175e-08, 9.685754776000977e-08, 0.9763303399085999, 0.1955215334892273, 0.09246931970119476, -0.16628503799438477, 0.9519564509391785, -0.25715401768684387, -0.13830576837062836, 0.23569098114967346, 0.9619362354278564),
            ["LeftUpperArm"] = CFrame.new(0.003745853900909424, -0.057143568992614746, 6.705522537231445e-08, 0.9290745258331299, 0.34619927406311035, -0.13027338683605194, -0.354597806930542, 0.933818519115448, -0.047323182225227356, 0.10526656359434128, 0.09016124159097672, 0.9903481006622314),
            ["RightLowerArm"] = CFrame.new(-0.000005066394805908203, -1.1920928955078125e-07, 5.21540641784668e-08, 1, -1.862644793959589e-08, 2.086162567138672e-07, -2.2351738238057806e-08, 0.9999552369117737, -0.009458761662244797, -1.4901159772762185e-07, 0.0094588752835989, 0.9999552965164185),
            ["LeftHand"] = CFrame.new(-1.1920928955078125e-07, 0.0000997781753540039, -4.246830940246582e-07, 0.5479141473770142, 0.22836308181285858, 0.8047610521316528, -0.0948239117860794, 0.9727720022201538, -0.21147865056991577, -0.8311429619789124, 0.03956158831715584, 0.554649829864502),
            ["RightFoot"] = CFrame.new(-2.3632310330867767e-08, 2.384185791015625e-07, 1.0542862582951784e-08, 0.9984017014503479, 0.0563233308494091, -0.004680169280618429, -0.05303144082427025, 0.9049707055091858, -0.4221556484699249, -0.019541939720511436, 0.4217293858528137, 0.9065113067626953),
            ["RightHand"] = CFrame.new(5.513429641723633e-07, -1.1920928955078125e-07, 7.897615432739258e-07, -0.030243374407291412, -0.14624010026454926, -0.9887868165969849, 0.12425059080123901, 0.9810164570808411, -0.14889121055603027, 0.9917898774147034, -0.12736034393310547, -0.011498826555907726),
            ["RightLowerLeg"] = CFrame.new(0, -0.000003993511199951172, -0.00001326033816440031, 1, -2.2351747119842003e-08, 1.5646223516796454e-07, 5.21540641784668e-08, 0.7277804017066956, 0.6858100295066833, 5.4016709327697754e-08, -0.6858103275299072, 0.7277806997299194),
            ["RightUpperLeg"] = CFrame.new(1.1920928955078125e-07, -1.1920928955078125e-07, -8.365168469026685e-08, 0.9891918301582336, -0.13835428655147552, -0.048557642847299576, 0.12671492993831635, 0.9732446670532227, -0.19167226552963257, 0.07377701252698898, 0.18344761431217194, 0.9802570343017578),
            ["LeftLowerLeg"] = CFrame.new(-2.086162567138672e-07, 0.000004291534423828125, 0.0000131949782371521, 1, 4.470348358154297e-08, 6.332994928470725e-08, -9.313227167240257e-08, 0.868145227432251, 0.4963102638721466, 3.725290653733282e-08, -0.4963103234767914, 0.8681452870368958),
        }},
        {Time = 0.267, Data = {
            ["LeftFoot"] = CFrame.new(-8.568167686462402e-08, 5.960464477539063e-08, 2.2351741790771484e-08, 0.9809634685516357, -0.19386015832424164, -0.011359267868101597, 0.18864314258098602, 0.9651827812194824, -0.18120735883712769, 0.046092528849840164, 0.1756148785352707, 0.9833793640136719),
            ["LeftLowerArm"] = CFrame.new(-0.0004956722259521484, -0.00009888410568237305, -2.4586915969848633e-07, 1, -1.1175869119028903e-08, -1.9744038581848145e-07, 2.60770320892334e-08, 1, 1.862645149230957e-08, 1.6670674085617065e-07, -1.6763804566721774e-08, 1),
            ["RightUpperArm"] = CFrame.new(-0.0037459731101989746, -0.05714452266693115, 2.9802322387695312e-08, 0.7447913885116577, -0.6637880206108093, -0.0684213638305664, 0.5063422322273254, 0.6289430260658264, -0.589950680732727, 0.4346301853656769, 0.4047422707080841, 0.8045351505279541),
            ["Head"] = CFrame.new(-5.4016709327697754e-08, 0, -7.450580596923828e-09, 0.9935320019721985, -0.01658770442008972, -0.11233512312173843, -0.033173710107803345, 0.9037160277366638, -0.4268453121185303, 0.10859941691160202, 0.42781105637550354, 0.8973203897476196),
            ["LowerTorso"] = CFrame.new(-0.07837849110364914, -0.09995388984680176, -0.41495782136917114, 0.9631551504135132, 0.002568988362327218, -0.2689341902732849, -0.02170160412788391, 0.9974360466003418, -0.06819367408752441, 0.26806947588920593, 0.07151739299297333, 0.960741400718689),
            ["UpperTorso"] = CFrame.new(-2.60770320892334e-08, 0, 3.725290298461914e-09, 0.9999644160270691, -0.0017225050833076239, -0.00827187392860651, 0.003729212563484907, 0.9684591293334961, 0.24914467334747314, 0.007581849116832018, -0.2491665929555893, 0.9684309959411621),
            ["HumanoidRootPart"] = CFrame.new(0, 0, 0, 1, 0, 0, 0, 1, 0, 0, 0, 1),
            ["LeftUpperLeg"] = CFrame.new(0, -2.417946234345436e-07, 1.4901161193847656e-08, 0.9729880094528198, 0.21428897976875305, 0.08587642014026642, -0.18707959353923798, 0.949853777885437, -0.2505578100681305, -0.1352616846561432, 0.22772391140460968, 0.9642853140830994),
            ["LeftUpperArm"] = CFrame.new(0.0037459731101989746, -0.0571444034576416, 2.9802322387695312e-08, 0.9043875336647034, 0.4241471588611603, -0.046777285635471344, -0.4260587692260742, 0.8914938569068909, -0.15397122502326965, -0.023604433983564377, 0.15917906165122986, 0.9869674444198608),
            ["RightLowerArm"] = CFrame.new(-0.000005453824996948242, 5.960464477539062e-07, -8.195638656616211e-08, 1, -1.4901161193847656e-08, 2.0861628513557662e-07, 7.450581485102248e-09, 0.9998989701271057, -0.014215277507901192, -1.9371512394172896e-07, 0.01421530544757843, 0.9998990297317505),
            ["LeftHand"] = CFrame.new(3.8743019104003906e-07, 0.00009989738464355469, -2.1606683731079102e-07, 0.4657762050628662, 0.2646726965904236, 0.8443939089775085, -0.10359960049390793, 0.9639703035354614, -0.24500693380832672, -0.8788172602653503, 0.026639612391591072, 0.47641435265541077),
            ["RightFoot"] = CFrame.new(1.5832483768463135e-08, 3.5762786865234375e-07, 2.032174961641431e-08, 0.9990662932395935, 0.042779598385095596, -0.006040653213858604, -0.041143789887428284, 0.8994203805923462, -0.43514373898506165, -0.013182147406041622, 0.4349863529205322, 0.900340735912323),
