return {
    ["Get Sturdy"] = {
        {Time = 0.000, Data = {
            ["RightFoot"] = CFrame.new(-5.960464477539063e-08, 2.980232238769531e-07, -9.480572771281004e-09, 0.6405452489852905, -0.3326864540576935, 0.6921137571334839, 0.007387046702206135, 0.9039110541343689, 0.4276566505432129, -0.7678849697113037, -0.2688206434249878, 0.5814536809921265),
            ["LeftLowerArm"] = CFrame.new(-2.5331974029541016e-07, -0.00001055002212524414, 0.0000317692756652832, 1, -5.2154071283894154e-08, 3.3527619791584584e-08, 7.078051567077637e-08, 0.8156968355178833, -0.5784798264503479, 6.705522537231445e-08, 0.5784798264503479, 0.8156967759132385),
            ["LeftFoot"] = CFrame.new(-1.5832483768463135e-08, 0, 1.4901161193847656e-08, 0.9950323104858398, -0.08941921591758728, 0.04375987872481346, 0.0853109359741211, 0.9924485087394714, 0.08813635259866714, -0.05131083354353905, -0.08396527171134949, 0.9951468110084534),
            ["Head"] = CFrame.new(7.450580596923828e-08, -3.5762786865234375e-07, -2.2351741790771484e-08, 0.9493446350097656, 0.06388019770383835, -0.3076752722263336, 0.02073100209236145, 0.9642542600631714, 0.2641668915748596, 0.31355220079421997, -0.2571638822555542, 0.9140852093696594),
            ["LowerTorso"] = CFrame.new(-0.8352736234664917, 0.17976164817810059, -0.074984610080719, 0.937148928642273, 0.2747829258441925, 0.21504941582679749, -0.18563419580459595, 0.9144818782806396, -0.3595316410064697, -0.29545190930366516, 0.29701417684555054, 0.9080148339271545),
            ["UpperTorso"] = CFrame.new(6.239861249923706e-08, -5.960464477539063e-08, 8.940696716308594e-08, 0.993841826915741, -0.055246446281671524, 0.09605348855257034, 0.011944718658924103, 0.9152078628540039, 0.40280529856681824, -0.11016242206096649, -0.3991773724555969, 0.9102317094802856),
            ["HumanoidRootPart"] = CFrame.new(0, 0, 0, 1, 0, 0, 0, 1, 0, 0, 0, 1),
            ["RightUpperLeg"] = CFrame.new(5.960464477539063e-08, 4.470348358154297e-08, -1.6952981241047382e-09, 0.8386008143424988, -0.39681553840637207, 0.3732108771800995, 0.390108585357666, 0.9156464338302612, 0.09698871523141861, -0.38021591305732727, 0.0642579197883606, 0.9226629137992859),
            ["LeftUpperArm"] = CFrame.new(-2.384185791015625e-07, 1.1920928955078125e-07, -8.195638656616211e-08, 0.7086396813392639, 0.07348258793354034, -0.7017335295677185, -0.009204614907503128, 0.9954401254653931, 0.0949430763721466, 0.7055105566978455, -0.060821283608675, 0.7060849666595459),
            ["RightLowerArm"] = CFrame.new(-5.960464477539063e-08, 0.000011324882507324219, -0.00003168731927871704, 1, 3.7252898543727042e-09, 7.450580596923828e-09, 1.862645149230957e-09, 0.9980822205543518, -0.06190166622400284, 1.4901161193847656e-08, 0.061901699751615524, 0.9980822801589966),
            ["LeftHand"] = CFrame.new(5.960464477539063e-08, -2.384185791015625e-07, 5.587935447692871e-08, 0.7541772127151489, -0.11001783609390259, -0.64738929271698, 0.16856373846530914, 0.9852661490440369, 0.028931748121976852, 0.6346677541732788, -0.13094596564769745, 0.7616102695465088),
            ["RightHand"] = CFrame.new(5.960464477539063e-08, -2.384185791015625e-07, -2.086162567138672e-07, 0.5527486205101013, -0.552771806716919, 0.6236284375190735, 0.579102635383606, 0.7929151058197021, 0.18954068422317505, -0.5992571115493774, 0.2563764452934265, 0.7583943605422974),
            ["RightUpperArm"] = CFrame.new(3.5762786865234375e-07, 4.76837158203125e-07, 0, 0.7041343450546265, -0.10453853011131287, 0.7023293375968933, 0.305643767118454, -0.8481598496437073, -0.43267402052879333, 0.6409187316894531, 0.5193232893943787, -0.5652669668197632),
            ["RightLowerLeg"] = CFrame.new(1.341104507446289e-07, -0.00002962350845336914, -0.00005201825842959806, 1, -5.215405707303944e-08, 8.195638656616211e-08, -3.7252888773764425e-08, 0.7564353942871094, 0.654067873954773, 1.490115550950577e-07, -0.6540684700012207, 0.7564358711242676),
            ["LeftUpperLeg"] = CFrame.new(1.4901161193847656e-07, -1.5459954738616943e-07, 1.2665987014770508e-07, 0.8159575462341309, -0.01311761699616909, 0.5779631733894348, -0.08390367031097412, 0.9864702224731445, 0.1408427655696869, -0.5719909071922302, -0.163414865732193, 0.803817093372345),
            ["LeftLowerLeg"] = CFrame.new(1.3783574104309082e-07, 0.00002956390380859375, 0.00005202740430831909, 1, -5.5879372240497105e-09, 4.2840827774170975e-08, -1.6763808119435453e-08, 0.9999874830245972, 0.005011065397411585, -2.7474019503870295e-08, -0.005010897293686867, 0.9999874234199524),
        }},
        {Time = 0.033, Data = {
            ["RightFoot"] = CFrame.new(2.421438694000244e-08, 4.172325134277344e-07, -4.1145540308207273e-08, 0.7248709797859192, -0.3309316337108612, 0.6041907668113708, -0.15696729719638824, 0.7746410965919495, 0.6126108765602112, -0.6707632541656494, -0.538902223110199, 0.5095698237419128),
            ["LeftLowerArm"] = CFrame.new(-3.8743019104003906e-07, -0.000012099742889404297, 0.00003129243850708008, 1, -5.2154071283894154e-08, 3.3527612686157227e-08, 5.5879347371501353e-08, 0.6879784464836121, -0.7257311940193176, 1.8626449271863521e-09, 0.7257311344146729, 0.6879783868789673),
            ["LeftFoot"] = CFrame.new(3.3527612686157227e-08, -1.1920928955078125e-07, 2.2724270820617676e-07, 0.9833937883377075, -0.143598273396492, -0.11097878217697144, 0.15923014283180237, 0.9760899543762207, 0.14796726405620575, 0.08707740157842636, -0.16318099200725555, 0.982745885848999),
            ["Head"] = CFrame.new(-8.568167686462402e-08, 3.5762786865234375e-07, -4.470348358154297e-08, 0.9785754680633545, 0.016966858878731728, -0.20518824458122253, 0.036368343979120255, 0.9666828513145447, 0.2533806562423706, 0.20265108346939087, -0.25541451573371887, 0.9453549981117249),
            ["LowerTorso"] = CFrame.new(-0.88673335313797, 0.19765543937683105, -0.07506278157234192, 0.9653284549713135, 0.25797218084335327, 0.03989186882972717, -0.22521910071372986, 0.9003470540046692, -0.37235939502716064, -0.13197489082813263, 0.35046470165252686, 0.9272308945655823),
            ["UpperTorso"] = CFrame.new(-4.470348358154297e-08, 5.960464477539063e-08, 1.1175870895385742e-08, 0.9858977794647217, -0.08673630654811859, 0.1431167721748352, 0.012673631310462952, 0.8914429545402527, 0.4529557228088379, -0.1668681502342224, -0.4447542428970337, 0.8799708485603333),
            ["HumanoidRootPart"] = CFrame.new(0, 0, 0, 1, 0, 0, 0, 1, 0, 0, 0, 1),
            ["RightUpperLeg"] = CFrame.new(5.960464477539063e-08, -1.1548399925231934e-07, -1.287116901949048e-08, 0.7754391431808472, -0.30047866702079773, 0.5553438067436218, 0.3681815266609192, 0.9296879768371582, -0.01107619609683752, -0.5129683017730713, 0.21305620670318604, 0.8315471410751343),
            ["LeftUpperArm"] = CFrame.new(5.960464477539063e-08, -3.5762786865234375e-07, -8.940696716308594e-08, 0.6905407905578613, 0.15893429517745972, -0.7056155204772949, 0.0032134433276951313, 0.9748755097389221, 0.22272759675979614, 0.7232863903045654, -0.15606994926929474, 0.672680675983429),
            ["RightLowerArm"] = CFrame.new(-4.470348358154297e-08, 0.000011026859283447266, -0.00003141909837722778, 1, 1.4901162970204496e-08, 2.9802322387695312e-08, 2.9802318834981634e-08, 0.9999848008155823, -0.005525059998035431, 5.960463766996327e-08, 0.005524926353245974, 0.9999848008155823),
            ["LeftHand"] = CFrame.new(0, 0, -2.2351741790771484e-08, 0.7533807158470154, -0.09196079522371292, -0.6511227488517761, 0.1714114397764206, 0.9834047555923462, 0.059440977871418, 0.6348509192466736, -0.15639154613018036, 0.7566412091255188),
            ["RightHand"] = CFrame.new(-8.940696716308594e-08, 5.960464477539063e-08, 2.682209014892578e-07, 0.5661221146583557, -0.5406337380409241, 0.6222707629203796, 0.5796152949333191, 0.7978346943855286, 0.1658494621515274, -0.5861330032348633, 0.2667865753173828, 0.7650313377380371),
            ["RightUpperArm"] = CFrame.new(-0.00007003545761108398, 0.0020644664764404297, -0.02769619971513748, 0.7478787302970886, 0.08230644464492798, 0.6587133407592773, 0.4529467225074768, -0.7886837720870972, -0.41571271419525146, 0.48530077934265137, 0.6092648506164551, -0.6271202564239502),
            ["RightLowerLeg"] = CFrame.new(5.960464477539063e-08, -0.00002944469451904297, -0.00005192885146243498, 1, 5.5879347371501353e-08, -3.7252917195473856e-08, 1.4901155864777138e-08, 0.6944308876991272, 0.7195593118667603, -1.4901155864777138e-08, -0.7195594906806946, 0.694430947303772),
            ["LeftUpperLeg"] = CFrame.new(-0.00010210275650024414, 0.005714368540793657, -0.0012715202756226063, 0.7641797661781311, -0.031811755150556564, 0.6442182660102844, -0.12182071805000305, 0.9736890196800232, 0.19258645176887512, -0.6333948969841003, -0.22564975917339325, 0.7401981949806213),
            ["LeftLowerLeg"] = CFrame.new(8.940696716308594e-08, 0.000029385089874267578, 0.00005225837230682373, 1, 5.5879341154252415e-09, -3.9581212973871516e-08, 5.960463766996327e-08, 0.9871034622192383, 0.16008387506008148, 1.862644971595273e-08, -0.1600840836763382, 0.9871035218238831),
        }},
        {Time = 0.067, Data = {
            ["RightFoot"] = CFrame.new(1.4901161193847656e-08, 3.5762786865234375e-07, 5.420588422566652e-09, 0.8573105335235596, -0.2763679623603821, 0.43432655930519104, -0.12779180705547333, 0.7030243873596191, 0.6995895504951477, -0.4986862540245056, -0.6552690267562866, 0.5673930644989014),
            ["LeftLowerArm"] = CFrame.new(-1.601874828338623e-07, -0.000011205673217773438, 0.000031888484954833984, 1, -6.891787052154541e-08, -2.7939677238464355e-08, 3.632158396271734e-08, 0.522322952747345, -0.8527477979660034, 2.7008358216562556e-08, 0.8527477979660034, 0.522322952747345),
            ["LeftFoot"] = CFrame.new(-1.2665987014770508e-07, -1.7881393432617188e-07, 3.725290298461914e-08, 0.9366554617881775, -0.08494047075510025, -0.3397964537143707, 0.14790566265583038, 0.975326418876648, 0.16389775276184082, 0.3174910247325897, -0.20377326011657715, 0.9261079430580139),
            ["Head"] = CFrame.new(-2.9802322387695312e-08, 4.76837158203125e-07, -2.9802322387695312e-08, 0.99805748462677, -0.029912494122982025, -0.05464876443147659, 0.0427858904004097, 0.9667118191719055, 0.2522653639316559, 0.0452837273478508, -0.2541135251522064, 0.9661137461662292),
            ["LowerTorso"] = CFrame.new(-0.9351789355278015, 0.18403983116149902, -0.07506278157234192, 0.9603875875473022, 0.2524256408214569, -0.1180557832121849, -0.27808937430381775, 0.8954278230667114, -0.3476713001728058, 0.017949292436242104, 0.366729199886322, 0.93015456199646),
            ["UpperTorso"] = CFrame.new(1.94646418094635e-07, -1.1920928955078125e-07, -8.195638656616211e-08, 0.9810373783111572, -0.14614129066467285, 0.1273123323917389, 0.07104365527629852, 0.8822842836380005, 0.46532508730888367, -0.1803288608789444, -0.44745656847953796, 0.8759362101554871),
            ["HumanoidRootPart"] = CFrame.new(0, 0, 0, 1, 0, 0, 0, 1, 0, 0, 0, 1),
            ["RightUpperLeg"] = CFrame.new(4.76837158203125e-07, -3.650784492492676e-07, -2.4047039914876223e-08, 0.7283739447593689, -0.07941152900457382, 0.680562436580658, 0.32376059889793396, 0.9152702689170837, -0.23970720171928406, -0.603863000869751, 0.39493587613105774, 0.6923693418502808),
            ["LeftUpperArm"] = CFrame.new(0, 1.1920928955078125e-07, -7.450580596923828e-08, 0.6680262684822083, 0.2558762729167938, -0.6987621188163757, 0.0242813341319561, 0.9310271143913269, 0.364141583442688, 0.7437414526939392, -0.2602229118347168, 0.6157373785972595),
            ["RightLowerArm"] = CFrame.new(9.685754776000977e-08, 0.000010669231414794922, -0.00003148987889289856, 1, 8.195639367158947e-08, -2.2351738238057806e-08, -3.725290298461914e-08, 0.999988317489624, -0.004844069015234709, -2.9802322387695312e-08, 0.0048440550453960896, 0.999988317489624),
            ["LeftHand"] = CFrame.new(0, 5.960464477539063e-08, 1.4901161193847656e-08, 0.7508019208908081, -0.044455256313085556, -0.6590297222137451, 0.17886103689670563, 0.9741402864456177, 0.13805687427520752, 0.6358500123023987, -0.2215280383825302, 0.7393376231193542),
            ["RightHand"] = CFrame.new(1.7881393432617188e-07, 4.172325134277344e-07, -1.7881393432617188e-07, 0.6022977232933044, -0.5095570683479309, 0.6144828796386719, 0.5779647827148438, 0.8093268275260925, 0.10462676733732224, -0.5506306886672974, 0.2921329736709595, 0.7819617390632629),
            ["RightUpperArm"] = CFrame.new(-0.000559687614440918, 0.0041283369064331055, -0.09926984459161758, 0.7352539896965027, 0.29119443893432617, 0.6120519042015076, 0.6089043617248535, -0.6804230809211731, -0.40774983167648315, 0.29771965742111206, 0.6724807024002075, -0.6775932312011719),
            ["RightLowerLeg"] = CFrame.new(2.9802322387695312e-08, -0.00002968311309814453, -0.000052197072363924235, 1, 1.3411040811206476e-07, 1.4901168299275014e-08, -5.215405707303944e-08, 0.46678704023361206, 0.8843696117401123, -2.9802318834981634e-08, -0.8843697905540466, 0.46678730845451355),
            ["LeftUpperLeg"] = CFrame.new(0.0020055770874023438, -0.002830514684319496, 0.0016483217477798462, 0.7035873532295227, -0.04691027104854584, 0.7090588212013245, -0.12081800401210785, 0.9753941893577576, 0.18441633880138397, -0.7002627849578857, -0.21542009711265564, 0.6806073188781738),
            ["LeftLowerLeg"] = CFrame.new(1.6391277313232422e-07, 0.00002944469451904297, 0.00005219876766204834, 1, -5.494803190231323e-08, -2.1420419216156006e-08, -5.960464477539063e-08, 0.9349478483200073, 0.3547852039337158, 5.587935447692871e-09, -0.35478532314300537, 0.9349478483200073),
        }},
        {Time = 0.100, Data = {
            ["RightFoot"] = CFrame.new(-1.4901161193847656e-08, 4.172325134277344e-07, -1.3205863069742918e-08, 0.9691702723503113, -0.14782565832138062, 0.1971212774515152, -0.04106577858328819, 0.6919291615486145, 0.7207964658737183, -0.24294601380825043, -0.7066693902015686, 0.6645267009735107),
            ["LeftLowerArm"] = CFrame.new(-1.4901161193847656e-08, -0.000011801719665527344, 0.0000317990779876709, 1, -7.078050856534901e-08, 6.891788473240013e-08, 3.725290298461914e-08, 0.3156507909297943, -0.9488754272460938, 1.3969838619232178e-07, 0.9488754272460938, 0.3156508505344391),
            ["LeftFoot"] = CFrame.new(-1.695007085800171e-07, 0, 2.421438694000244e-08, 0.8326886296272278, -0.026003558188676834, -0.5531306862831116, 0.25768202543258667, 0.902348518371582, 0.34549593925476074, 0.49013233184814453, -0.4302222728729248, 0.7580758929252625),
            ["Head"] = CFrame.new(9.941868484020233e-08, -7.152557373046875e-07, -4.284083843231201e-08, 0.9930651187896729, -0.07444699108600616, 0.09099111706018448, 0.04965848848223686, 0.9671443700790405, 0.2493307739496231, -0.10656347125768661, -0.243083193898201, 0.9641343355178833),
            ["LowerTorso"] = CFrame.new(-0.9965560436248779, 0.13557028770446777, -0.07506278157234192, 0.933289647102356, 0.26999786496162415, -0.23679444193840027, -0.3360450267791748, 0.889137327671051, -0.3106585741043091, 0.1266656219959259, 0.3695080578327179, 0.920553982257843),
            ["UpperTorso"] = CFrame.new(-2.8870999813079834e-08, 8.940696716308594e-08, 4.470348358154297e-08, 0.9744684100151062, -0.21132245659828186, 0.07585714012384415, 0.1537613868713379, 0.8743001222610474, 0.46038758754730225, -0.16361214220523834, -0.43696919083595276, 0.8844709992408752),
            ["HumanoidRootPart"] = CFrame.new(0, 0, 0, 1, 0, 0, 0, 1, 0, 0, 0, 1),
            ["RightUpperLeg"] = CFrame.new(0, -2.1979212760925293e-07, 8.305505616590381e-08, 0.7048468589782715, 0.12554630637168884, 0.6981611251831055, 0.27943339943885803, 0.8554920554161072, -0.435947448015213, -0.6520030498504639, 0.5023658275604248, 0.567909300327301),
            ["LeftUpperArm"] = CFrame.new(5.960464477539063e-08, -7.152557373046875e-07, -3.725290298461914e-09, 0.6235361695289612, 0.36435800790786743, -0.6916978359222412, 0.04589775577187538, 0.8661699295043945, 0.49763748049736023, 0.7804461717605591, -0.34204232692718506, 0.5233650207519531),
            ["RightLowerArm"] = CFrame.new(8.754432201385498e-08, 0.000011146068572998047, -0.00003162771463394165, 1, -1.4901162970204496e-08, -6.705522537231445e-08, 3.7252898543727042e-09, 0.9999878406524658, -0.004942744970321655, -2.2351738238057806e-08, 0.004942819941788912, 0.9999878406524658),
            ["LeftHand"] = CFrame.new(-5.960464477539063e-08, -1.1920928955078125e-07, -5.960464477539063e-08, 0.7461816668510437, 0.02223818190395832, -0.6653708815574646, 0.18947578966617584, 0.9510151147842407, 0.2442731261253357, 0.6382099390029907, -0.308343768119812, 0.7054164409637451),
            ["RightHand"] = CFrame.new(5.960464477539063e-08, -2.384185791015625e-07, -1.7695128917694092e-07, 0.6545222997665405, -0.46773937344551086, 0.5939868688583374, 0.5685257315635681, 0.8223940134048462, 0.021134009584784508, -0.4983765482902527, 0.3238641619682312, 0.8041970729827881),
            ["RightUpperArm"] = CFrame.new(-0.029274404048919678, 0.003482818603515625, -0.19412092864513397, 0.6456291675567627, 0.48591452836990356, 0.5891095399856567, 0.7506060600280762, -0.5457798838615417, -0.37244462966918945, 0.14054790139198303, 0.6826503276824951, -0.7171018123626709),
            ["RightLowerLeg"] = CFrame.new(1.7881393432617188e-07, -0.00002956390380859375, -0.00005201825842959806, 1, -7.450580596923828e-09, -9.685756197086448e-08, 2.980232594040899e-08, 0.22980886697769165, 0.9732357859611511, -5.960465188081798e-08, -0.9732358455657959, 0.22980906069278717),
            ["LeftUpperLeg"] = CFrame.new(0.013535469770431519, -0.02880186215043068, 0.010063216090202332, 0.6700775623321533, -0.24457614123821259, 0.7008414268493652, -0.13914483785629272, 0.88603675365448, 0.44224175810813904, -0.7291329503059387, -0.39385464787483215, 0.5596817135810852),
            ["LeftLowerLeg"] = CFrame.new(-2.2351741790771484e-08, 0.00002962350845336914, 0.000052053481340408325, 1, 0, -9.313223969797946e-09, -1.4156101713069802e-07, 0.999983012676239, 0.005832515191286802, 7.00820166343874e-08, -0.005832739640027285, 0.9999830722808838),
        }},
        {Time = 0.133, Data = {
            ["RightFoot"] = CFrame.new(-8.940696716308594e-08, 2.384185791015625e-07, -1.3241515262052417e-07, 0.9985763430595398, 0.008892590180039406, -0.052594833076000214, 0.023888491094112396, 0.8070512413978577, 0.5899977087974548, 0.047692954540252686, -0.5904144644737244, 0.8056901693344116),
            ["LeftLowerArm"] = CFrame.new(-1.7881393432617188e-07, -0.000011682510375976562, 0.00003146566450595856, 1, -1.341104507446289e-07, 5.960464477539063e-08, 1.266598843585598e-07, 0.08389893174171448, -0.9964743256568909, 6.705523247774181e-08, 0.9964742660522461, 0.08389894664287567),
            ["LeftFoot"] = CFrame.new(-1.1175870895385742e-08, -5.960464477539063e-08, 1.341104507446289e-07, 0.7659848928451538, 0.11541756242513657, -0.6324129104614258, -0.008213205263018608, 0.9854278564453125, 0.16989584267139435, 0.6428060531616211, -0.1249433383345604, 0.7557706832885742),
            ["Head"] = CFrame.new(-6.332993507385254e-08, -1.1920928955078125e-07, 7.450580596923828e-09, 0.9785765409469604, -0.0990573838353157, 0.18048736453056335, 0.05513441190123558, 0.9707133769989014, 0.233828604221344, -0.19836394488811493, -0.21886812150478363, 0.9553787708282471),
            ["LowerTorso"] = CFrame.new(-1.063053011894226, 0.022127866744995117, -0.06843432784080505, 0.8995040059089661, 0.2905057966709137, -0.3263416886329651, -0.38269972801208496, 0.8842360973358154, -0.26770779490470886, 0.2107924371957779, 0.36569511890411377, 0.906550407409668),
            ["UpperTorso"] = CFrame.new(7.450580596923828e-08, 8.940696716308594e-08, -4.470348358154297e-08, 0.9610840082168579, -0.2705538272857666, 0.055842310190200806, 0.21603378653526306, 0.8620445132255554, 0.4584852159023285, -0.17218348383903503, -0.4285789728164673, 0.8869458436965942),
            ["HumanoidRootPart"] = CFrame.new(0, 0, 0, 1, 0, 0, 0, 1, 0, 0, 0, 1),
            ["RightUpperLeg"] = CFrame.new(5.960464477539063e-08, 2.9802322387695312e-08, -2.7772330213338137e-08, 0.6874095797538757, 0.27207452058792114, 0.6733823418617249, 0.262815922498703, 0.7711545825004578, -0.5798693299293518, -0.6770495176315308, 0.575583279132843, 0.4585933983325958),
            ["LeftUpperArm"] = CFrame.new(0, -3.5762786865234375e-07, -2.9802322387695312e-08, 0.5442822575569153, 0.47933581471443176, -0.6884722709655762, 0.05457869917154312, 0.7987104654312134, 0.5992349982261658, 0.8371248245239258, -0.3637290298938751, 0.4085625410079956),
            ["RightLowerArm"] = CFrame.new(4.284083843231201e-08, 0.000011563301086425781, -0.0000314563512802124, 1, 7.264316082000732e-08, 3.3527619791584584e-08, 2.980232594040899e-08, 0.9999886155128479, -0.0047741541638970375, -4.4703490686970326e-08, 0.004774197936058044, 0.9999886155128479),
            ["LeftHand"] = CFrame.new(5.960464477539063e-08, 4.76837158203125e-07, -1.6391277313232422e-07, 0.7390204668045044, 0.09665548801422119, -0.6667131781578064, 0.2020159512758255, 0.9123162031173706, 0.3561865985393524, 0.6426805853843689, -0.39791586995124817, 0.6546943783760071),
            ["RightHand"] = CFrame.new(-1.1920928955078125e-07, 5.960464477539063e-08, 8.940696716308594e-08, 0.7150271534919739, -0.42361071705818176, 0.5561385750770569, 0.5471963882446289, 0.8342294692993164, -0.06809761375188828, -0.4351003170013428, 0.3530086874961853, 0.828295111656189),
            ["RightUpperArm"] = CFrame.new(-0.08172214031219482, 0.0022847652435302734, -0.2783392071723938, 0.5308017730712891, 0.6355063915252686, 0.5606970191001892, 0.8438313007354736, -0.457766592502594, -0.2799972593784332, 0.07872830331325531, 0.6217567324638367, -0.7792434692382812),
            ["RightLowerLeg"] = CFrame.new(-1.341104507446289e-07, -0.000029742717742919922, -0.00005189904914004728, 1, -3.725289943190546e-08, 9.685758328714655e-08, 6.705523247774181e-08, 0.03170129284262657, 0.9994974732398987, 8.940698137394065e-08, -0.9994974136352539, 0.031701285392045975),
            ["LeftUpperLeg"] = CFrame.new(0.021905213594436646, -0.045204274356365204, 0.015310332179069519, 0.6399258375167847, -0.14382882416248322, 0.754856526851654, -0.10977436602115631, 0.955142080783844, 0.27505138516426086, -0.7605555057525635, -0.2588762938976288, 0.595431387424469),
            ["LeftLowerLeg"] = CFrame.new(-7.450580596923828e-08, 0.00002956390380859375, 0.00005206465721130371, 1, -7.450582373280668e-09, 5.96046660916727e-08, -6.332995639013461e-08, 0.8856393694877625, 0.46437376737594604, 9.313229298868464e-09, -0.4643738567829132, 0.8856394290924072),
        }},
        {Time = 0.167, Data = {
            ["RightFoot"] = CFrame.new(-5.960464477539063e-08, 1.7881393432617188e-07, 1.6952981241047382e-09, 0.9669736623764038, 0.03591493144631386, -0.2523333430290222, 0.047899164259433746, 0.9467750191688538, 0.31831231713294983, 0.25033536553382874, -0.31988635659217834, 0.9137862324714661),
            ["LeftLowerArm"] = CFrame.new(2.0489096641540527e-07, -0.000011265277862548828, 0.00003165006637573242, 1, -1.0430811414607888e-07, 6.705523247774181e-08, 8.195638656616211e-08, -0.07119500637054443, -0.9974625110626221, 1.341104507446289e-07, 0.9974623918533325, -0.07119500637054443),
            ["LeftFoot"] = CFrame.new(2.123415470123291e-07, -5.960464477539063e-08, 1.0058283805847168e-07, 0.780495822429657, 0.05837636440992355, -0.6224295496940613, -0.07198578119277954, 0.9974002838134766, 0.003277465235441923, 0.621002733707428, 0.04224853962659836, 0.7826690673828125),
            ["Head"] = CFrame.new(-4.842877388000488e-08, 0, -3.725290298461914e-08, 0.9697279334068298, -0.10551820695400238, 0.22021269798278809, 0.05878378823399544, 0.9761714339256287, 0.20888713002204895, -0.23700672388076782, -0.18961867690086365, 0.9528235197067261),
            ["LowerTorso"] = CFrame.new(-1.121313214302063, -0.11255407333374023, -0.056124329566955566, 0.8672022223472595, 0.31456512212753296, -0.38601720333099365, -0.4194453954696655, 0.8792498111724854, -0.2257998138666153, 0.26837679743766785, 0.3577272295951843, 0.8944301009178162),
            ["UpperTorso"] = CFrame.new(6.705522537231445e-08, 8.940696716308594e-08, -7.078051567077637e-08, 0.9443483352661133, -0.3238990604877472, 0.05740754306316376, 0.26178115606307983, 0.8456717729568481, 0.4650912582874298, -0.19919051229953766, -0.42417991161346436, 0.8833994269371033),
            ["HumanoidRootPart"] = CFrame.new(0, 0, 0, 1, 0, 0, 0, 1, 0, 0, 0, 1),
            ["RightUpperLeg"] = CFrame.new(5.960464477539063e-08, 3.781169652938843e-07, -1.1717929737642407e-07, 0.6814420819282532, 0.3596000671386719, 0.6374357342720032, 0.28690335154533386, 0.669999361038208, -0.6846804618835449, -0.6732928156852722, 0.6494525074958801, 0.3533953130245209),
            ["LeftUpperArm"] = CFrame.new(-1.1920928955078125e-07, 5.960464477539062e-07, 2.9802322387695312e-08, 0.4595032334327698, 0.5437889099121094, -0.7022467851638794, 0.04905528575181961, 0.7739163041114807, 0.631385087966919, 0.8868204355239868, -0.32457223534584045, 0.3289411962032318),
            ["RightLowerArm"] = CFrame.new(6.612390279769897e-08, 0.000011205673217773438, -0.000031620264053344727, 1, -2.7939677238464355e-08, -2.0489098417897367e-08, -5.21540641784668e-08, 0.9999845623970032, -0.005568296182900667, -1.7695128917694092e-08, 0.005568146705627441, 0.9999845027923584),
            ["LeftHand"] = CFrame.new(0, -5.960464477539063e-08, -2.086162567138672e-07, 0.7283467054367065, 0.16689790785312653, -0.6645722389221191, 0.21536634862422943, 0.8649704456329346, 0.453258752822876, 0.6504833102226257, -0.4732559323310852, 0.5940542221069336),
            ["RightHand"] = CFrame.new(0, -2.980232238769531e-07, -2.9802322387695312e-08, 0.7759552001953125, -0.38501250743865967, 0.4996589124202728, 0.5135167241096497, 0.8455830812454224, -0.1459110677242279, -0.3663254380226135, 0.36980366706848145, 0.8538448214530945),
            ["RightUpperArm"] = CFrame.new(-0.10987704992294312, 0.0016402006149291992, -0.31468716263771057, 0.4296211898326874, 0.694812536239624, 0.5767680406570435, 0.8982107043266296, -0.3945710062980652, -0.1937304437160492, 0.09296960383653641, 0.6012896299362183, -0.7936040163040161),
            ["RightLowerLeg"] = CFrame.new(1.4901161193847656e-08, -0.00002950429916381836, -0.000051884147978853434, 1, -2.9802318834981634e-08, -5.960467319710006e-08, 2.607702498380604e-08, -0.11454296857118607, 0.9934183359146118, 7.450578820566989e-09, -0.9934183359146118, -0.11454315483570099),
            ["LeftUpperLeg"] = CFrame.new(0.01836174726486206, -0.02253583073616028, 0.01013873890042305, 0.6217638850212097, -0.1738811880350113, 0.7636590003967285, -0.052465684711933136, 0.9636067152023315, 0.262125164270401, -0.7814455032348633, -0.20304593443870544, 0.5900129675865173),
            ["LeftLowerLeg"] = CFrame.new(1.341104507446289e-07, 0.000029802322387695312, 0.000051915645599365234, 1, 8.940698137394065e-08, 2.607702853651972e-08, -3.725289943190546e-08, 0.830461323261261, 0.5570761561393738, 1.862644971595273e-08, -0.5570764541625977, 0.8304614424705505),
        }},
        {Time = 0.200, Data = {
            ["RightFoot"] = CFrame.new(5.587935447692871e-08, 2.384185791015625e-07, -2.0656443666666746e-08, 0.9508426189422607, 0.016642147675156593, -0.3092270791530609, 0.005195066798478365, 0.9975572228431702, 0.06966032087802887, 0.3096310794353485, -0.06784255057573318, 0.9484335780143738),
            ["LeftLowerArm"] = CFrame.new(-8.940696716308594e-08, -0.000010848045349121094, 0.000031674280762672424, 1, -3.725290653733282e-08, 8.195637946073475e-08, 9.685753354915505e-08, -0.11059199273586273, -0.993865966796875, 9.313224325069314e-08, 0.9938659071922302, -0.11059209704399109),
            ["LeftFoot"] = CFrame.new(1.4901161193847656e-08, 0, -3.725290298461914e-08, 0.809091329574585, -0.05405006557703018, -0.5851918458938599, -0.09694848209619522, 0.9698429703712463, -0.22361969947814941, 0.5796311497688293, 0.23766246438026428, 0.7794515490531921),
            ["Head"] = CFrame.new(1.862645149230957e-08, -4.76837158203125e-07, -4.470348358154297e-08, 0.9681505560874939, -0.10316693037748337, 0.22812511026859283, 0.06165006011724472, 0.9813347458839417, 0.18215781450271606, -0.24265970289707184, -0.16229230165481567, 0.9564400911331177),
            ["LowerTorso"] = CFrame.new(-1.1584935188293457, -0.2034209966659546, -0.049495868384838104, 0.8438630104064941, 0.34903401136398315, -0.4075174033641815, -0.45288991928100586, 0.8706151247024536, -0.19214582443237305, 0.2877253592014313, 0.3467053174972534, 0.8927538990974426),
            ["UpperTorso"] = CFrame.new(1.0803341865539551e-07, 2.384185791015625e-07, -2.9802322387695312e-08, 0.9280722141265869, -0.36908987164497375, 0.04954426363110542, 0.30377039313316345, 0.8272664546966553, 0.4726032614707947, -0.21541938185691833, -0.42355984449386597, 0.8798816204071045),
            ["HumanoidRootPart"] = CFrame.new(0, 0, 0, 1, 0, 0, 0, 1, 0, 0, 0, 1),
            ["RightUpperLeg"] = CFrame.new(2.384185791015625e-07, 2.868473529815674e-07, -1.6952981241047382e-09, 0.7213103771209717, 0.3105863332748413, 0.6190698742866516, 0.3444622755050659, 0.614572286605835, -0.7096808552742004, -0.6008802652359009, 0.7251462936401367, 0.3363116979598999),
            ["LeftUpperArm"] = CFrame.new(-1.1920928955078125e-07, -5.960464477539062e-07, 0, 0.4125019311904907, 0.5533447265625, -0.7236379981040955, 0.007071546278893948, 0.7924022078514099, 0.6099578142166138, 0.910929262638092, -0.25672614574432373, 0.32295453548431396),
            ["RightLowerArm"] = CFrame.new(1.1175870895385742e-07, 0.000011086463928222656, -0.0000317692756652832, 1, -2.2351734685344127e-08, 2.9802322387695312e-08, 2.9802322387695312e-08, 0.9999847412109375, -0.005522523075342178, 1.4901161193847656e-08, 0.005522212013602257, 0.9999848008155823),
            ["LeftHand"] = CFrame.new(8.940696716308594e-08, 2.384185791015625e-07, -1.4901161193847656e-08, 0.7125771641731262, 0.2222355604171753, -0.6654661893844604, 0.22832724452018738, 0.823415219783783, 0.5194748044013977, 0.6634007096290588, -0.5221099257469177, 0.536004364490509),
            ["RightHand"] = CFrame.new(5.960464477539063e-08, 1.1920928955078125e-07, -1.1920928955078125e-07, 0.8307121396064758, -0.35799750685691833, 0.4263276159763336, 0.4711156189441681, 0.8600751757621765, -0.1957571804523468, -0.29659321904182434, 0.3634674549102783, 0.883133053779602),
            ["RightUpperArm"] = CFrame.new(0.015227794647216797, 0.012056827545166016, -0.23117171227931976, 0.19444812834262848, 0.8182834386825562, 0.5409272909164429, 0.9808076620101929, -0.17026765644550323, -0.09500141441822052, 0.014364367350935936, 0.5490185022354126, -0.8356868624687195),
            ["RightLowerLeg"] = CFrame.new(-3.725290298461914e-08, -0.00002944469451904297, -0.000052293929911684245, 1, -5.960460924825384e-08, 2.6077048076444953e-08, 9.313226634333205e-09, -0.13706587255001068, 0.9905619621276855, 1.4901162970204496e-08, -0.9905619621276855, -0.13706599175930023),
            ["LeftUpperLeg"] = CFrame.new(0.025857120752334595, -0.037192024290561676, 0.013227775692939758, 0.6367209553718567, -0.24994510412216187, 0.7294617295265198, 0.011657309718430042, 0.9490200877189636, 0.3149998188018799, -0.7710062265396118, -0.1920633316040039, 0.6071745157241821),
            ["LeftLowerLeg"] = CFrame.new(4.470348358154297e-08, 0.000029921531677246094, 0.00005199015140533447, 1, 3.725289587919178e-08, 1.1175872671742582e-08, -1.0430809993522416e-07, 0.8352330327033997, 0.5498964190483093, 4.8428763221863846e-08, -0.5498963594436646, 0.8352329730987549),
        }},
        {Time = 0.233, Data = {
            ["RightFoot"] = CFrame.new(2.9802322387695312e-08, 4.172325134277344e-07, 5.420588422566652e-09, 0.9679165482521057, 0.08845838904380798, -0.2351866066455841, -0.08840575814247131, 0.9960261583328247, 0.010787440463900566, 0.23520618677139282, 0.010350450873374939, 0.971890389919281),
            ["LeftLowerArm"] = CFrame.new(-3.129243850708008e-07, -0.000011086463928222656, 0.000031894538551568985, 1, -7.450579886381092e-08, 1.1920930376163597e-07, 7.4505820180093e-08, -0.15287382900714874, -0.9882457256317139, 1.0430815677864302e-07, 0.9882457256317139, -0.15287381410598755),
            ["LeftFoot"] = CFrame.new(8.195638656616211e-08, 5.960464477539063e-08, -2.2351741790771484e-08, 0.8439795970916748, -0.10391269624233246, -0.526213526725769, -0.08899576961994171, 0.9403274655342102, -0.3284265100955963, 0.5289406776428223, 0.32401618361473083, 0.7843694090843201),
            ["Head"] = CFrame.new(7.450580596923828e-09, 1.1920928955078125e-07, 1.4901161193847656e-08, 0.9730205535888672, -0.0949184000492096, 0.21028900146484375, 0.06117744743824005, 0.9849720597267151, 0.16151604056358337, -0.22245964407920837, -0.14429350197315216, 0.9642049670219421),
            ["LowerTorso"] = CFrame.new(-1.1677457094192505, -0.21917927265167236, -0.058082640171051025, 0.8317713737487793, 0.383078008890152, -0.401755690574646, -0.4795062839984894, 0.8604602217674255, -0.172284334897995, 0.2796964943408966, 0.3359455466270447, 0.8993945121765137),
            ["UpperTorso"] = CFrame.new(1.3597309589385986e-07, -5.960464477539063e-08, 7.450580596923828e-09, 0.915181577205658, -0.40102481842041016, 0.0402725413441658, 0.33434203267097473, 0.8111862540245056, 0.47978368401527405, -0.22507372498512268, -0.4256243407726288, 0.8764620423316956),
            ["HumanoidRootPart"] = CFrame.new(0, 0, 0, 1, 0, 0, 0, 1, 0, 0, 0, 1),
            ["RightUpperLeg"] = CFrame.new(-1.1920928955078125e-07, 3.91155481338501e-08, -5.3849362302571535e-08, 0.7829882502555847, 0.1493852585554123, 0.6038325428962708, 0.40839681029319763, 0.6087534427642822, -0.6801699995994568, -0.4691925346851349, 0.7791682481765747, 0.41563811898231506),
            ["LeftUpperArm"] = CFrame.new(2.384185791015625e-07, 0, 4.470348358154297e-08, 0.3826768398284912, 0.5584635734558105, -0.7359870076179504, 0.0010238029062747955, 0.7963675260543823, 0.6048123836517334, 0.9238817095756531, -0.23220118880271912, 0.30417966842651367),
            ["RightLowerArm"] = CFrame.new(3.5762786865234375e-07, 0.000011444091796875, -0.00003173947334289551, 1, -2.2351745343485163e-08, 7.450581485102248e-09, -5.215407838932151e-08, 0.9999886155128479, -0.004778024274855852, 7.450582373280668e-09, 0.004777934867888689, 0.9999886155128479),
            ["LeftHand"] = CFrame.new(5.960464477539063e-08, -5.960464477539063e-08, 7.450580596923828e-08, 0.6894349455833435, 0.25312772393226624, -0.6786794066429138, 0.23897072672843933, 0.8050097227096558, 0.5430031418800354, 0.6837927103042603, -0.5365498661994934, 0.49451178312301636),
            ["RightHand"] = CFrame.new(-1.1920928955078125e-07, 1.1920928955078125e-07, -5.960464477539063e-08, 0.8756119608879089, -0.3404320776462555, 0.34265100955963135, 0.4280913472175598, 0.8755072951316833, -0.22410903871059418, -0.22369951009750366, 0.3429185450077057, 0.9123406410217285),
            ["RightUpperArm"] = CFrame.new(-0.010467886924743652, -0.003806471824645996, -0.08024569600820541, 0.003866724669933319, 0.7921652793884277, 0.6102944612503052, 0.9952086210250854, 0.05657683312892914, -0.07974248379468918, -0.09769771993160248, 0.6076786518096924, -0.78815096616745),
            ["RightLowerLeg"] = CFrame.new(1.4528632164001465e-07, -0.000029742717742919922, -0.00005221197352511808, 1, 1.154839708306099e-07, 1.2852252950779075e-07, -8.381905303167514e-08, -0.06108158826828003, 0.9981327652931213, 1.974404284510456e-07, -0.9981328248977661, -0.061081577092409134),
            ["LeftUpperLeg"] = CFrame.new(0.039775341749191284, -0.06443805992603302, 0.020714595913887024, 0.6761736273765564, -0.32434675097465515, 0.6615046858787537, 0.08342722058296204, 0.9258116483688354, 0.36866334080696106, -0.7320034503936768, -0.19409286975860596, 0.6530689001083374),
            ["LeftLowerLeg"] = CFrame.new(7.450580596923828e-08, 0.00002962350845336914, 0.00005206465721130371, 1, 1.4156101713069802e-07, 3.725290742551124e-09, 1.862645593320167e-09, 0.8672199249267578, 0.49792540073394775, 1.4901164746561335e-08, -0.4979252517223358, 0.8672199249267578),
        }},
        {Time = 0.267, Data = {
            ["RightFoot"] = CFrame.new(0, 4.76837158203125e-07, 9.145878721028566e-09, 0.9929373860359192, 0.03859071806073189, -0.11218862980604172, -0.03163212910294533, 0.997502326965332, 0.06315477937459946, 0.1143457219004631, -0.059160266071558, 0.99167799949646),
            ["LeftLowerArm"] = CFrame.new(2.2351741790771484e-07, -0.000010848045349121094, 0.00003201048821210861, 1, -4.470348358154297e-08, 1.0430809993522416e-07, 4.470348358154297e-08, -0.172311469912529, -0.9850425124168396, 1.2665987014770508e-07, 0.9850425124168396, -0.1723116785287857),
            ["LeftFoot"] = CFrame.new(9.313225746154785e-08, -1.1920928955078125e-07, -7.450580596923828e-09, 0.8876593112945557, -0.1192321702837944, -0.4447973966598511, -0.05098668858408928, 0.9345137476921082, -0.3522563576698303, 0.4576694965362549, 0.33536237478256226, 0.8234505653381348),
            ["Head"] = CFrame.new(-3.725290298461914e-09, 3.5762786865234375e-07, 5.21540641784668e-08, 0.9735062122344971, -0.07562209665775299, 0.21579377353191376, 0.04219631850719452, 0.9869344234466553, 0.15549877285957336, -0.22473347187042236, -0.14227329194545746, 0.9639778733253479),
            ["LowerTorso"] = CFrame.new(-1.1339759826660156, -0.19973325729370117, -0.07506278157234192, 0.8331348896026611, 0.38050377368927, -0.40137654542922974, -0.4744167923927307, 0.8646957278251648, -0.16501516103744507, 0.2842796742916107, 0.32789966464042664, 0.9009255766868591),
            ["UpperTorso"] = CFrame.new(5.029141902923584e-08, -8.940696716308594e-08, 4.470348358154297e-08, 0.9091306328773499, -0.41499751806259155, 0.035478465259075165, 0.35060763359069824, 0.8084826469421387, 0.47268393635749817, -0.22484633326530457, -0.41729238629341125, 0.8805176019668579),
            ["HumanoidRootPart"] = CFrame.new(0, 0, 0, 1, 0, 0, 0, 1, 0, 0, 0, 1),
            ["RightUpperLeg"] = CFrame.new(2.384185791015625e-07, -2.421438694000244e-07, 4.6733475755900145e-08, 0.8857370615005493, 0.01075909473001957, 0.4640628695487976, 0.3908750116825104, 0.5219465494155884, -0.7581481337547302, -0.25037291646003723, 0.8529103398323059, 0.45810168981552124),
            ["LeftUpperArm"] = CFrame.new(5.960464477539063e-08, 2.384185791015625e-07, 2.9802322387695312e-08, 0.4192769229412079, 0.5370702147483826, -0.7319580912590027, 0.01603241264820099, 0.8017408847808838, 0.5974565744400024, 0.9077168703079224, -0.2622348964214325, 0.3275410234928131),
            ["RightLowerArm"] = CFrame.new(2.7008354663848877e-08, 0.000011205673217773438, -0.0000314563512802124, 1, -3.3527612686157227e-08, 7.63684582238966e-08, 2.2351747119842003e-08, 0.9999882578849792, -0.004845962394028902, -3.539026494081554e-08, 0.004846066236495972, 0.9999882578849792),
            ["LeftHand"] = CFrame.new(0, 5.960464477539063e-08, -2.086162567138672e-07, 0.6593442559242249, 0.2660793364048004, -0.7031835913658142, 0.24582889676094055, 0.8075779676437378, 0.5360842347145081, 0.7105163931846619, -0.5263267159461975, 0.46706175804138184),
            ["RightHand"] = CFrame.new(5.960464477539063e-08, -1.1920928955078125e-07, 1.7881393432617188e-07, 0.9097129106521606, -0.3270180821418762, 0.25589409470558167, 0.3887142539024353, 0.8873952031135559, -0.24785295128822327, -0.14602680504322052, 0.3249446451663971, 0.9343913793563843),
            ["RightUpperArm"] = CFrame.new(-0.008262097835540771, 0.009511947631835938, -0.04783719778060913, -0.13774394989013672, 0.7709994316101074, 0.6217608451843262, 0.9493557810783386, 0.28175368905067444, -0.1390630006790161, -0.282400906085968, 0.5711172223091125, -0.7707626223564148),
