return {
    ["Get Loose"] = {
        {Time = 0.000, Data = {
            ["LeftFoot"] = CFrame.new(-2.2817403078079224e-08, 0, 3.725290298461914e-08, 0.9436829686164856, -0.12538178265094757, 0.3061729073524475, 0.27254924178123474, 0.8192265629768372, -0.504564106464386, -0.18756181001663208, 0.5595955848693848, 0.8072627782821655),
            ["LeftLowerArm"] = CFrame.new(0.0000011920928955078125, -4.172325134277344e-07, 0.000004991888999938965, 1, 1.1175872316471214e-07, 6.33299421792799e-08, -8.940696716308594e-08, 0.9767783880233765, -0.21425272524356842, -6.705522537231445e-08, 0.21425265073776245, 0.9767783284187317),
            ["LowerTorso"] = CFrame.new(-0.009972608648240566, -0.16684222221374512, 0.127243310213089, 0.7727851867675781, -0.1242155209183693, -0.6223934292793274, 0.026966257020831108, 0.9862011075019836, -0.1633409708738327, 0.6340945363044739, 0.10944388061761856, 0.7654712200164795),
            ["Head"] = CFrame.new(-2.60770320892334e-08, -8.344650268554688e-07, -1.862645149230957e-09, 0.9856244921684265, 0.0958043560385704, 0.139161616563797, -0.08232197910547256, 0.9916148781776428, -0.09961484372615814, -0.14753806591033936, 0.08672674745321274, 0.9852465987205505),
            ["RightUpperArm"] = CFrame.new(0.023656129837036133, -0.11380207538604736, 0.06588396430015564, 0.8142455816268921, -0.3232158124446869, -0.4822194576263428, 0.3701755702495575, 0.9289587140083313, 0.002404870931059122, 0.44718483090400696, -0.18046395480632782, 0.8760471940040588),
            ["UpperTorso"] = CFrame.new(-7.450580596923828e-09, -5.960464477539063e-08, -7.450580596923828e-09, 0.9678996801376343, -0.003264480037614703, -0.251316100358963, 0.08255600929260254, 0.9485650658607483, 0.3056284785270691, 0.23739171028137207, -0.31656545400619507, 0.9183853268623352),
            ["HumanoidRootPart"] = CFrame.new(0, 0, 0, 1, 0, 0, 0, 1, 0, 0, 0, 1),
            ["RightHand"] = CFrame.new(3.725290298461914e-07, 9.5367431640625e-07, -7.152557373046875e-07, 0.8115211725234985, -0.4735277593135834, -0.3423518240451813, 0.3393366038799286, 0.8588908314704895, -0.3836102783679962, 0.4756932854652405, 0.19513589143753052, 0.8576936721801758),
            ["LeftUpperArm"] = CFrame.new(0.08851122856140137, 0.00805509090423584, 0.06990498304367065, 0.7998140454292297, 0.2886561453342438, -0.5262842774391174, -0.5536757111549377, 0.6934030055999756, -0.4611244201660156, 0.23182079195976257, 0.6602044105529785, 0.7144153118133545),
            ["RightLowerArm"] = CFrame.new(7.450580596923828e-07, 2.980232238769531e-07, -0.0000037550926208496094, 1, -0.000018119808373739943, 0.000006839634806965478, 0.000018845312297344208, 0.8338620066642761, -0.5519731640815735, 0.000004306435585021973, 0.5519731044769287, 0.8338619470596313),
            ["LeftHand"] = CFrame.new(-0.0000016968697309494019, -3.5762786865234375e-07, 1.7136335372924805e-07, 0.9400593638420105, 0.22362853586673737, 0.2574467062950134, -0.06925687193870544, 0.8644188046455383, -0.49797940254211426, -0.3339041769504547, 0.45030030608177185, 0.8280929327011108),
            ["RightUpperLeg"] = CFrame.new(-5.960464477539063e-08, -3.8743019104003906e-07, -1.6952981241047382e-09, 0.9888046383857727, -0.08031757175922394, 0.12575601041316986, 0.12377449870109558, 0.9121887683868408, -0.3906298875808716, -0.08333884924650192, 0.40182188153266907, 0.9119176864624023),
            ["LeftUpperLeg"] = CFrame.new(0, -1.993030309677124e-07, 2.9802322387695312e-08, 0.7616511583328247, 0.27633920311927795, 0.5861092805862427, -0.3372609615325928, 0.9413948059082031, -0.00557765131816268, -0.5533015131950378, -0.19342350959777832, 0.8102128505706787),
            ["RightLowerLeg"] = CFrame.new(-8.195638656616211e-08, -0.0007262825965881348, 0.000046031382225919515, 1, -5.96046660916727e-08, 1.8160794468258246e-07, -1.3411042232291948e-07, 0.7908675074577332, 0.6119872331619263, -1.1175868053214799e-07, -0.6119875311851501, 0.7908676266670227),
            ["RightFoot"] = CFrame.new(1.564621925354004e-07, 1.7881393432617188e-07, 4.8261426854878664e-08, 0.9122048616409302, 0.1648903787136078, 0.3750912547111511, -0.1140960231423378, 0.9814649820327759, -0.15397629141807556, -0.39352837204933167, 0.09766148775815964, 0.9141104817390442),
            ["LeftLowerLeg"] = CFrame.new(5.634501576423645e-08, -0.0007266998291015625, 0.00008093379437923431, 1, 9.126959810146218e-08, -2.2351738238057806e-08, -9.546053725273396e-09, 0.7377290725708008, 0.6750969290733337, -2.607702498380604e-08, -0.6750969290733337, 0.7377290725708008),
        }},
        {Time = 0.033, Data = {
            ["LeftFoot"] = CFrame.new(-7.497146725654602e-08, 5.960464477539063e-08, 2.9802322387695312e-08, 0.9434435367584229, -0.12811632454395294, 0.3057786226272583, 0.27000686526298523, 0.8321210145950317, -0.48442861437797546, -0.1923816055059433, 0.5395932197570801, 0.8196513652801514),
            ["LeftLowerArm"] = CFrame.new(0.0000011622905731201172, -5.960464477539062e-07, 0.0000045746564865112305, 1, 1.3411046495548362e-07, 7.450581485102248e-09, -8.195639367158947e-08, 0.976466715335846, -0.2156684398651123, -6.705523247774181e-08, 0.2156684398651123, 0.976466715335846),
            ["LowerTorso"] = CFrame.new(-0.010410921648144722, -0.1537851095199585, 0.12449158728122711, 0.7581266164779663, -0.11567974835634232, -0.6417651772499084, 0.02502112276852131, 0.9885755181312561, -0.1486353725194931, 0.6516273021697998, 0.09662674367427826, 0.7523597478866577),
            ["Head"] = CFrame.new(-1.1175870895385742e-08, -4.76837158203125e-07, 1.862645149230957e-09, 0.9806907176971436, 0.10523287951946259, 0.16483893990516663, -0.09214302152395248, 0.9920976758003235, -0.08515827357769012, -0.1724981814622879, 0.06832512468099594, 0.9826374053955078),
            ["RightUpperArm"] = CFrame.new(0.025676369667053223, -0.11599338054656982, 0.06514817476272583, 0.8601378798484802, -0.20845013856887817, -0.4655228853225708, 0.28962042927742004, 0.9508750438690186, 0.10934664309024811, 0.4198606014251709, -0.22887805104255676, 0.8782549500465393),
            ["UpperTorso"] = CFrame.new(7.450580596923828e-09, -4.470348358154297e-07, 7.450580596923828e-09, 0.9674340486526489, -0.00942382961511612, -0.25294724106788635, 0.08305642008781433, 0.9557971954345703, 0.28205201029777527, 0.23910878598690033, -0.2938758134841919, 0.9254536032676697),
            ["HumanoidRootPart"] = CFrame.new(0, 0, 0, 1, 0, 0, 0, 1, 0, 0, 0, 1),
            ["RightHand"] = CFrame.new(5.662441253662109e-07, 0.0000012516975402832031, -7.748603820800781e-07, 0.8332147002220154, -0.4672394096851349, -0.29570335149765015, 0.30846118927001953, 0.8365917801856995, -0.4527316689491272, 0.45891720056533813, 0.2860099971294403, 0.8411858677864075),
            ["LeftUpperArm"] = CFrame.new(0.09091246128082275, 0.008711934089660645, 0.06893330812454224, 0.7383250594139099, 0.22708339989185333, -0.6350664496421814, -0.5795011520385742, 0.6953213810920715, -0.42509591579437256, 0.345042884349823, 0.6818807125091553, 0.6449683308601379),
            ["RightLowerArm"] = CFrame.new(7.152557373046875e-07, 3.5762786865234375e-07, -0.000003769993782043457, 1, -0.000018876049580285326, 0.000004410744622873608, 0.000018892811567639, 0.8984876871109009, -0.4389990568161011, 0.0000043064360397693235, 0.4389989674091339, 0.8984876275062561),
            ["LeftHand"] = CFrame.new(-0.0000013187527656555176, -7.748603820800781e-07, 3.3527612686157227e-07, 0.9449812769889832, 0.16784176230430603, 0.2807837426662445, -0.01875591278076172, 0.8847268223762512, -0.4657323658466339, -0.3265863060951233, 0.43484216928482056, 0.8391983509063721),
            ["RightUpperLeg"] = CFrame.new(-2.9802322387695312e-08, -3.6135315895080566e-07, -1.6952981241047382e-09, 0.9868534803390503, -0.07041919231414795, 0.14546996355056763, 0.12301856279373169, 0.911045491695404, -0.3935258984565735, -0.10481808334589005, 0.4062478244304657, 0.9077311754226685),
            ["LeftUpperLeg"] = CFrame.new(2.9802322387695312e-08, -3.762543201446533e-07, 2.9802322387695312e-08, 0.747968852519989, 0.2567614018917084, 0.6120588779449463, -0.33167847990989685, 0.9433437585830688, 0.009592064656317234, -0.5749190449714661, -0.21018138527870178, 0.7907540202140808),
            ["RightLowerLeg"] = CFrame.new(-8.195638656616211e-08, -0.0007266402244567871, 0.000046225097321439534, 1, 1.4901166522918174e-08, 1.0989607801548118e-07, -5.960465188081798e-08, 0.80942702293396, 0.5872201919555664, -7.450581307466564e-08, -0.5872206091880798, 0.8094272613525391),
            ["RightFoot"] = CFrame.new(1.862645149230957e-07, 2.384185791015625e-07, -3.55576048605144e-08, 0.915204644203186, 0.15461699664592743, 0.37214845418930054, -0.11504656821489334, 0.9852818250656128, -0.12642847001552582, -0.3862188458442688, 0.07289369404315948, 0.9195223450660706),
            ["LeftLowerLeg"] = CFrame.new(2.8870999813079834e-08, -0.0007265210151672363, 0.00008093751966953278, 1, 6.705523247774181e-08, 2.0489096641540527e-08, -5.797483026981354e-08, 0.7700154185295105, 0.6380254626274109, 3.725290298461914e-08, -0.6380253434181213, 0.7700153589248657),
        }},
        {Time = 0.067, Data = {
            ["LeftFoot"] = CFrame.new(3.213062882423401e-08, 1.1920928955078125e-07, -8.195638656616211e-08, 0.9434608817100525, -0.1295730620622635, 0.30511045455932617, 0.2593703269958496, 0.8617257475852966, -0.43606892228126526, -0.20641875267028809, 0.4905503988265991, 0.8466117978096008),
            ["LeftLowerArm"] = CFrame.new(0.0000014603137969970703, -5.364418029785156e-07, 0.000004500150680541992, 1, 9.685756907629184e-08, -7.450581485102248e-09, -8.568168397005138e-08, 0.9743202924728394, -0.22516685724258423, -3.725290653733282e-08, 0.2251667082309723, 0.9743202328681946),
            ["LowerTorso"] = CFrame.new(-0.010744128376245499, -0.12524056434631348, 0.11887383460998535, 0.7415063381195068, -0.09216762334108353, -0.6645851731300354, 0.01989292912185192, 0.9931045174598694, -0.11553272604942322, 0.6706508994102478, 0.07244770228862762, 0.7382267117500305),
            ["Head"] = CFrame.new(2.9802322387695312e-08, -2.384185791015625e-07, 8.195638656616211e-08, 0.9735546112060547, 0.1125716045498848, 0.19879445433616638, -0.10288575291633606, 0.9929755330085754, -0.058432016521692276, -0.20397572219371796, 0.036433588713407516, 0.9782977104187012),
            ["RightUpperArm"] = CFrame.new(0.02756321430206299, -0.1179736852645874, 0.06441405415534973, 0.9105108976364136, -0.11036935448646545, -0.3984827399253845, 0.21160122752189636, 0.9523370862007141, 0.21972468495368958, 0.35523903369903564, -0.28438106179237366, 0.890467643737793),
            ["UpperTorso"] = CFrame.new(-4.470348358154297e-08, -1.4901161193847656e-07, 2.9802322387695312e-08, 0.9663439989089966, -0.017621617764234543, -0.2566494643688202, 0.07912122458219528, 0.9696519374847412, 0.2313329130411148, 0.24478408694267273, -0.2438536286354065, 0.93841153383255),
            ["HumanoidRootPart"] = CFrame.new(0, 0, 0, 1, 0, 0, 0, 1, 0, 0, 0, 1),
            ["RightHand"] = CFrame.new(2.086162567138672e-07, 6.556510925292969e-07, -8.866190910339355e-07, 0.8792927861213684, -0.4327319860458374, -0.19896499812602997, 0.3073204755783081, 0.8346322774887085, -0.45710256695747375, 0.36386582255363464, 0.34078142046928406, 0.8668738603591919),
            ["LeftUpperArm"] = CFrame.new(0.09298551082611084, 0.008110880851745605, 0.06763437390327454, 0.6303239464759827, 0.16710734367370605, -0.7581340670585632, -0.6182828545570374, 0.6986305117607117, -0.3600580096244812, 0.46948713064193726, 0.6956943869590759, 0.543682873249054),
            ["RightLowerArm"] = CFrame.new(0.0000010728836059570312, 2.980232238769531e-07, -0.000003814697265625, 1, -0.000019142402379657142, 0.000002484768856447772, 0.000018831340639735572, 0.9376116991043091, -0.34768441319465637, 0.0000042766328078869265, 0.34768441319465637, 0.9376116991043091),
            ["LeftHand"] = CFrame.new(-0.0000016633421182632446, -7.152557373046875e-07, 4.470348358154297e-07, 0.9468230605125427, 0.06003398448228836, 0.31610432267189026, 0.07194099575281143, 0.9180675148963928, -0.3898417055606842, -0.313608855009079, 0.39185211062431335, 0.8649287223815918),
            ["RightUpperLeg"] = CFrame.new(-2.9802322387695312e-08, -4.6193599700927734e-07, -1.6952981241047382e-09, 0.9839990139007568, -0.0643751323223114, 0.1661381870508194, 0.12652620673179626, 0.9089791178703308, -0.3971751630306244, -0.12544792890548706, 0.4118408262729645, 0.902579665184021),
            ["LeftUpperLeg"] = CFrame.new(-1.1920928955078125e-07, -4.759058356285095e-07, -1.4901161193847656e-08, 0.7336796522140503, 0.21188953518867493, 0.6456135511398315, -0.31039518117904663, 0.9497213959693909, 0.0410379134118557, -0.6044576168060303, -0.23050400614738464, 0.7625608444213867),
            ["RightLowerLeg"] = CFrame.new(-8.940696716308594e-08, -0.0007264614105224609, 0.00004608353629009798, 1, 3.7252920748187535e-08, -5.122275936741971e-09, -7.4505820180093e-08, 0.8429788947105408, 0.5379464030265808, -2.2351747119842003e-08, -0.5379466414451599, 0.8429791331291199),
            ["RightFoot"] = CFrame.new(2.682209014892578e-07, 1.7881393432617188e-07, 2.49783624894917e-08, 0.9209041595458984, 0.13061167299747467, 0.36725524067878723, -0.11082863807678223, 0.991039514541626, -0.0745498314499855, -0.3737013339996338, 0.027950938791036606, 0.9271277785301208),
            ["LeftLowerLeg"] = CFrame.new(-1.685693860054016e-07, -0.0007261037826538086, 0.00008096173405647278, 1, 7.63684582238966e-08, -3.5390257835388184e-08, -3.6554403948230174e-08, 0.8335170745849609, 0.5524939894676208, -1.0710206943542744e-08, -0.5524938702583313, 0.8335169553756714),
        }},
        {Time = 0.100, Data = {
            ["LeftFoot"] = CFrame.new(9.313225746154785e-09, -5.960464477539063e-08, 4.470348358154297e-08, 0.943570077419281, -0.1304297000169754, 0.3044067621231079, 0.24472011625766754, 0.893913209438324, -0.3755418360233307, -0.2231316864490509, 0.42884430289268494, 0.8753884434700012),
            ["LeftLowerArm"] = CFrame.new(0.0000016093254089355469, -1.1920928955078125e-07, 0.000004720874130725861, 1, 8.940696716308594e-08, 7.450580596923828e-08, -5.960465188081798e-08, 0.9680212140083313, -0.2508683502674103, -5.960465188081798e-08, 0.2508683204650879, 0.9680212736129761),
            ["LowerTorso"] = CFrame.new(-0.01024534460157156, -0.09697246551513672, 0.11359958350658417, 0.7277198433876038, -0.06452042609453201, -0.6828330159187317, 0.01264156773686409, 0.9966582655906677, -0.08070096373558044, 0.6857579946517944, 0.05009561777114868, 0.7261036038398743),
            ["Head"] = CFrame.new(1.30385160446167e-08, -2.384185791015625e-07, 3.725290298461914e-09, 0.9647055268287659, 0.11767927557229996, 0.23557355999946594, -0.1130884438753128, 0.9930383563041687, -0.03295379504561424, -0.2378115952014923, 0.005150051787495613, 0.9712976813316345),
            ["RightUpperArm"] = CFrame.new(0.029199600219726562, -0.11950421333312988, 0.06318789720535278, 0.9668852090835571, -0.009092896245419979, -0.25504955649375916, 0.10389851778745651, 0.9268249273300171, 0.3608335852622986, 0.23310518264770508, -0.37538382411003113, 0.8970780372619629),
            ["UpperTorso"] = CFrame.new(3.5390257835388184e-08, -3.5762786865234375e-07, -3.725290298461914e-09, 0.9648381471633911, -0.02638387121260166, -0.26151737570762634, 0.0750139132142067, 0.9812101721763611, 0.1777629405260086, 0.2519134283065796, -0.19113001227378845, 0.9486881494522095),
            ["HumanoidRootPart"] = CFrame.new(0, 0, 0, 1, 0, 0, 0, 1, 0, 0, 0, 1),
            ["RightHand"] = CFrame.new(5.21540641784668e-08, 8.344650268554688e-07, -7.152557373046875e-07, 0.9596415162086487, -0.28019630908966064, -0.024050800129771233, 0.2663234770298004, 0.9329280853271484, -0.24231576919555664, 0.09033374488353729, 0.22613117098808289, 0.9698993563652039),
            ["LeftUpperArm"] = CFrame.new(0.09474563598632812, 0.007494211196899414, 0.06572359800338745, 0.4876112937927246, 0.12067003548145294, -0.8646814823150635, -0.6589129567146301, 0.7006192803382874, -0.2737998366355896, 0.5727729797363281, 0.7032577395439148, 0.4211408793926239),
            ["RightLowerArm"] = CFrame.new(9.5367431640625e-07, 3.5762786865234375e-07, -0.000003844499588012695, 1, -0.000019205734133720398, 0.0000018198040834249696, 0.000018827617168426514, 0.9499354958534241, -0.3124462962150574, 0.0000042691826820373535, 0.312446266412735, 0.9499354362487793),
            ["LeftHand"] = CFrame.new(-0.0000012516975402832031, -7.152557373046875e-07, 1.4901161193847656e-07, 0.9446901679039001, -0.0033012081403285265, 0.32794761657714844, 0.11149736493825912, 0.9436222314834595, -0.31168198585510254, -0.30842965841293335, 0.3310081660747528, 0.8917986154556274),
            ["RightUpperLeg"] = CFrame.new(0, -1.0244548320770264e-07, -1.6952981241047382e-09, 0.9809839129447937, -0.06350169330835342, 0.18340690433979034, 0.13369423151016235, 0.9061098694801331, -0.4013610780239105, -0.14069980382919312, 0.4182491898536682, 0.8973690271377563),
            ["LeftUpperLeg"] = CFrame.new(5.960464477539063e-08, -3.380700945854187e-07, 2.9802322387695312e-08, 0.7224426865577698, 0.1552591323852539, 0.6737739443778992, -0.2846943438053131, 0.9548214077949524, 0.0852372795343399, -0.6300997734069824, -0.2533986568450928, 0.7340050339698792),
            ["RightLowerLeg"] = CFrame.new(-8.940696716308594e-08, -0.0007265210151672363, 0.00004619529499905184, 1, 3.352762334429826e-08, 2.0954760149294316e-09, -7.450581307466564e-08, 0.8726596236228943, 0.4883292019367218, -6.705523247774181e-08, -0.48832911252975464, 0.8726595044136047),
            ["RightFoot"] = CFrame.new(1.564621925354004e-07, 2.384185791015625e-07, 3.4291588235646486e-08, 0.9259278178215027, 0.1058984026312828, 0.362551212310791, -0.10430770367383957, 0.994255006313324, -0.024020574986934662, -0.36301204562187195, -0.01557563804090023, 0.9316543340682983),
            ["LeftLowerLeg"] = CFrame.new(6.472691893577576e-08, -0.0007266402244567871, 0.0000809747725725174, 1, 4.004688491932029e-08, 2.6077035641947077e-08, -4.860340396817264e-08, 0.8979659080505371, 0.4400652050971985, 9.732322325817222e-08, -0.4400651454925537, 0.8979658484458923),
        }},
        {Time = 0.133, Data = {
            ["LeftFoot"] = CFrame.new(5.587935447692871e-09, 0, -2.2351741790771484e-08, 0.9439482688903809, -0.1302870213985443, 0.3032935559749603, 0.23397475481033325, 0.9122109413146973, -0.3363437354564667, -0.23284636437892914, 0.3884541094303131, 0.8915637731552124),
            ["LeftLowerArm"] = CFrame.new(0.0000017583370208740234, -7.152557373046875e-07, 0.000004410743713378906, 1, 5.960465898624534e-08, 7.4505820180093e-08, 0, 0.9299505949020386, -0.36768466234207153, -5.215407838932151e-08, 0.36768466234207153, 0.9299505949020386),
            ["LowerTorso"] = CFrame.new(-0.008541146293282509, -0.08427953720092773, 0.1114564836025238, 0.7219692468643188, -0.04536973685026169, -0.690436065196991, 0.004328408744186163, 0.9981246590614319, -0.06106237694621086, 0.6919116377830505, 0.04109667241573334, 0.7208116054534912),
            ["Head"] = CFrame.new(1.1175870895385742e-08, -5.960464477539062e-07, 3.725290298461914e-08, 0.9552466869354248, 0.1215347945690155, 0.2696906328201294, -0.11988542973995209, 0.9925295114517212, -0.02264341153204441, -0.2704278826713562, -0.010701988823711872, 0.9626807570457458),
            ["RightUpperArm"] = CFrame.new(0.03041619062423706, -0.12070977687835693, 0.06112182140350342, 0.99155193567276, 0.11381221562623978, -0.0622229240834713, -0.07412998378276825, 0.8908625841140747, 0.44818392395973206, 0.10644089430570602, -0.4397847652435303, 0.8917732834815979),
            ["UpperTorso"] = CFrame.new(-1.955777406692505e-08, -2.086162567138672e-07, 1.862645149230957e-08, 0.9631253480911255, -0.03401932865381241, -0.26689377427101135, 0.07566266506910324, 0.9861881732940674, 0.1473364531993866, 0.25819510221481323, -0.16209745407104492, 0.9523968696594238),
            ["HumanoidRootPart"] = CFrame.new(0, 0, 0, 1, 0, 0, 0, 1, 0, 0, 0, 1),
            ["RightHand"] = CFrame.new(1.310836523771286e-07, 7.748603820800781e-07, -8.642673492431641e-07, 0.9596622586250305, 0.0037599937058985233, 0.28113046288490295, -0.005497264675796032, 0.9999704360961914, 0.005391210783272982, -0.2811020016670227, -0.006718998309224844, 0.9596544504165649),
            ["LeftUpperArm"] = CFrame.new(0.09616875648498535, 0.0077817440032958984, 0.06308913230895996, 0.2715889811515808, 0.11162471771240234, -0.9559181928634644, -0.7163941264152527, 0.6867057681083679, -0.12334888428449631, 0.6426655650138855, 0.7183141112327576, 0.26646891236305237),
            ["RightLowerArm"] = CFrame.new(9.834766387939453e-07, 0, -0.000004082918167114258, 1, -0.000019268367395852692, 0.00000155552720570995, 0.000018857477698475122, 0.9541423320770264, -0.2993534505367279, 0.0000042487517930567265, 0.29935339093208313, 0.9541423320770264),
            ["LeftHand"] = CFrame.new(-0.0000016987323760986328, -7.152557373046875e-07, 4.76837158203125e-07, 0.9747244119644165, -0.007802536711096764, 0.22327418625354767, 0.06200256943702698, 0.9695791602134705, -0.23679539561271667, -0.2146344929933548, 0.24465395510196686, 0.9455562829971313),
            ["RightUpperLeg"] = CFrame.new(-5.960464477539063e-08, -2.4866312742233276e-07, -1.287116901949048e-08, 0.9788566827774048, -0.06648864597082138, 0.1934395581483841, 0.14234068989753723, 0.9005733728408813, -0.41073930263519287, -0.14689719676971436, 0.42958924174308777, 0.8909962773323059),
            ["LeftUpperLeg"] = CFrame.new(0, -2.169981598854065e-07, 5.587935447692871e-08, 0.7180566787719727, 0.11551322042942047, 0.6863318681716919, -0.2670396864414215, 0.9563820362091064, 0.11841915547847748, -0.6427165269851685, -0.26830950379371643, 0.7175830602645874),
            ["RightLowerLeg"] = CFrame.new(1.4901161193847656e-08, -0.0007265806198120117, 0.00004610588803188875, 1, 5.960468030252741e-08, 4.074538040299558e-08, -4.470348358154297e-08, 0.8799073696136475, 0.4751453101634979, 7.450580596923828e-09, -0.47514551877975464, 0.8799074292182922),
            ["RightFoot"] = CFrame.new(2.4586915969848633e-07, 2.384185791015625e-07, 7.829657988622785e-08, 0.9282790422439575, 0.09410369396209717, 0.35978129506111145, -0.09862340986728668, 0.995107889175415, -0.005818140227347612, -0.35856863856315613, -0.03008195012807846, 0.9330185055732727),
            ["LeftLowerLeg"] = CFrame.new(-2.537854015827179e-08, -0.0007263422012329102, 0.00008099852129817009, 1, 5.5879368687783426e-08, 1.4901161193847656e-08, -1.571607199934988e-08, 0.9316793084144592, 0.3632820248603821, -7.869677887129001e-08, -0.36328208446502686, 0.9316791892051697),
        }},
        {Time = 0.167, Data = {
            ["LeftFoot"] = CFrame.new(-1.909211277961731e-08, -5.960464477539063e-08, -7.450580596923828e-09, 0.9445875883102417, -0.12773282825946808, 0.30238810181617737, 0.23839277029037476, 0.9002026915550232, -0.36442363262176514, -0.22566178441047668, 0.41631677746772766, 0.8807706832885742),
            ["LeftLowerArm"] = CFrame.new(0.0000016689300537109375, -7.748603820800781e-07, 0.0000043585896492004395, 1, 9.685756197086448e-08, 2.980232594040899e-08, 4.470348358154297e-08, 0.8222852945327759, -0.5690755844116211, -1.909211277961731e-08, 0.5690756440162659, 0.8222852945327759),
            ["LowerTorso"] = CFrame.new(-0.006989228073507547, -0.09861493110656738, 0.11513013392686844, 0.7267994284629822, -0.04514116793870926, -0.6853647828102112, -0.00398506922647357, 0.9975441098213196, -0.06992867588996887, 0.6868382096290588, 0.05355535447597504, 0.7248345613479614),
            ["Head"] = CFrame.new(0, -4.76837158203125e-07, 1.862645149230957e-09, 0.9420514702796936, 0.1328730285167694, 0.3080320358276367, -0.1252877116203308, 0.9911279678344727, -0.044368043541908264, -0.31119444966316223, 0.003204344306141138, 0.9503409266471863),
            ["RightUpperArm"] = CFrame.new(0.03246718645095825, -0.12407934665679932, 0.05843660235404968, 0.9596299529075623, 0.21614375710487366, 0.17997874319553375, -0.27413618564605713, 0.8619139790534973, 0.4265606701374054, -0.06292778253555298, -0.4586787223815918, 0.8863711357116699),
            ["UpperTorso"] = CFrame.new(1.862645149230957e-09, -4.76837158203125e-07, 1.1175870895385742e-08, 0.960557758808136, -0.04368945583701134, -0.2746272385120392, 0.09019643813371658, 0.9831379055976868, 0.1590743213891983, 0.2630465626716614, -0.17757061123847961, 0.9483012557029724),
            ["HumanoidRootPart"] = CFrame.new(0, 0, 0, 1, 0, 0, 0, 1, 0, 0, 0, 1),
            ["RightHand"] = CFrame.new(8.195638656616211e-08, 5.364418029785156e-07, -7.227063179016113e-07, 0.8403787016868591, 0.24048927426338196, 0.4857247471809387, -0.2802812159061432, 0.9598690867424011, 0.009684872813522816, -0.4639032483100891, -0.14427830278873444, 0.874058187007904),
            ["LeftUpperArm"] = CFrame.new(0.09921002388000488, 0.011300325393676758, 0.060330331325531006, 0.05251966044306755, 0.1264866292476654, -0.9905771017074585, -0.7468857765197754, 0.663420557975769, 0.0451127290725708, 0.6628751158714294, 0.7374783158302307, 0.1293136179447174),
            ["RightLowerArm"] = CFrame.new(4.76837158203125e-07, 1.1920928955078125e-07, -0.000003769993782043457, 1, -0.000019280239939689636, 0.0000015608964076818665, 0.00001886486825242173, 0.9547313451766968, -0.29746943712234497, 0.000004291533969080774, 0.2974693775177002, 0.9547313451766968),
            ["LeftHand"] = CFrame.new(-0.000001341104507446289, -7.152557373046875e-07, 3.2782554626464844e-07, 0.9956198930740356, -0.009389976039528847, 0.0930216908454895, 0.0215418990701437, 0.9912129044532776, -0.13051079213619232, -0.09097881615161896, 0.1319430023431778, 0.9870734214782715),
            ["RightUpperLeg"] = CFrame.new(0, -1.434236764907837e-07, -1.6596459317952394e-08, 0.9780460000038147, -0.0710517093539238, 0.19590207934379578, 0.15059010684490204, 0.8907858729362488, -0.4287461042404175, -0.14404363930225372, 0.4488343298435211, 0.8819292783737183),
            ["LeftUpperLeg"] = CFrame.new(2.9802322387695312e-08, -1.816079020500183e-07, 1.4901161193847656e-08, 0.7227838039398193, 0.13196539878845215, 0.6783573031425476, -0.2673899233341217, 0.9585480093955994, 0.09842901676893234, -0.6372489333152771, -0.2525288462638855, 0.7281091809272766),
            ["RightLowerLeg"] = CFrame.new(-3.725290298461914e-08, -0.0007265210151672363, 0.000046090986870694906, 1, 1.4901168299275014e-08, 1.1641535024864424e-07, 0, 0.8515152335166931, 0.5243299007415771, 2.980233304583635e-08, -0.5243299007415771, 0.8515152931213379),
            ["RightFoot"] = CFrame.new(1.9744038581848145e-07, 2.384185791015625e-07, 2.1253072191029787e-08, 0.9268469214439392, 0.10529428720474243, 0.3603716492652893, -0.09713008254766464, 0.9944373369216919, -0.04074639454483986, -0.36265766620635986, 0.0027627625968307257, 0.9319185018539429),
            ["LeftLowerLeg"] = CFrame.new(9.266659617424011e-08, -0.0007265210151672363, 0.00008099805563688278, 1, 4.749746196353044e-08, 9.313225746154785e-09, -1.9150322216887616e-08, 0.9083554148674011, 0.4181993007659912, -2.7008358216562556e-08, -0.4181991517543793, 0.9083553552627563),
        }},
        {Time = 0.200, Data = {
            ["LeftFoot"] = CFrame.new(3.073364496231079e-08, 0, -1.4901161193847656e-08, 0.9457985162734985, -0.12021196633577347, 0.30168601870536804, 0.24399633705615997, 0.8760932683944702, -0.41584455966949463, -0.21431556344032288, 0.46691519021987915, 0.8579387664794922),
            ["LeftLowerArm"] = CFrame.new(0.0000016093254089355469, -8.344650268554688e-07, 0.000004410743713378906, 1, 0, 5.2154071283894154e-08, -1.4901161193847656e-08, 0.5377771258354187, -0.8430871367454529, 7.450580596923828e-09, 0.8430871367454529, 0.5377770066261292),
            ["LowerTorso"] = CFrame.new(-0.0066186655312776566, -0.12403249740600586, 0.12193864583969116, 0.7462510466575623, -0.05588835850358009, -0.6633142828941345, -0.011237031780183315, 0.9952696561813354, -0.09649969637393951, 0.6655697822570801, 0.07946668565273285, 0.7420929074287415),
            ["Head"] = CFrame.new(1.30385160446167e-08, -4.76837158203125e-07, 5.774199962615967e-08, 0.9255530834197998, 0.15299339592456818, 0.3463301956653595, -0.1298108696937561, 0.9875072836875916, -0.08932310342788696, -0.3556693196296692, 0.037715811282396317, 0.9338505268096924),
            ["RightUpperArm"] = CFrame.new(0.03460514545440674, -0.12846839427947998, 0.05614307522773743, 0.836929440498352, 0.25954434275627136, 0.48185673356056213, -0.43626660108566284, 0.8479830026626587, 0.30099284648895264, -0.3304852247238159, -0.4621272385120392, 0.822932243347168),
            ["UpperTorso"] = CFrame.new(2.0489096641540527e-08, 2.9802322387695312e-08, -1.6763806343078613e-08, 0.9570770859718323, -0.05441952496767044, -0.2846784293651581, 0.11389197409152985, 0.9738175272941589, 0.19674354791641235, 0.26651859283447266, -0.2207215130329132, 0.938216507434845),
            ["HumanoidRootPart"] = CFrame.new(0, 0, 0, 1, 0, 0, 0, 1, 0, 0, 0, 1),
            ["RightHand"] = CFrame.new(2.2351741790771484e-07, 9.5367431640625e-07, -7.450580596923828e-07, 0.815518856048584, 0.39472395181655884, 0.4232279360294342, -0.3844127953052521, 0.9161320924758911, -0.11370524764060974, -0.4326149821281433, -0.06996536254882812, 0.898859977722168),
            ["LeftUpperArm"] = CFrame.new(0.10287880897521973, 0.01689887046813965, 0.05848094820976257, -0.06805723160505295, 0.131426602602005, -0.9889869689941406, -0.7302016019821167, 0.6689141988754272, 0.13914087414741516, 0.6798336505889893, 0.731628954410553, 0.050443679094314575),
            ["RightLowerArm"] = CFrame.new(6.556510925292969e-07, -4.172325134277344e-07, -0.000003948807716369629, 1, -0.000019289554984425195, 0.0000015720725059509277, 0.00001887232247099746, 0.9545198082923889, -0.29814767837524414, 0.000004291534878575476, 0.29814770817756653, 0.9545197486877441),
            ["LeftHand"] = CFrame.new(-0.0000013709068298339844, -8.344650268554688e-07, 1.7881393432617188e-07, 0.9926732778549194, 0.09451022744178772, 0.07528313994407654, -0.09505685418844223, 0.9954650402069092, 0.0037037068977952003, -0.07459171861410141, -0.010832578875124454, 0.9971553683280945),
            ["RightUpperLeg"] = CFrame.new(-5.960464477539063e-08, 9.872019290924072e-08, -9.145878721028566e-09, 0.9798173904418945, -0.0865606814622879, 0.18018090724945068, 0.15842485427856445, 0.8859457969665527, -0.4358915686607361, -0.12189935892820358, 0.45563942193984985, 0.8817785382270813),
            ["LeftUpperLeg"] = CFrame.new(1.1920928955078125e-07, -1.3969838619232178e-07, 7.450580596923828e-09, 0.7411240935325623, 0.17052417993545532, 0.6493507027626038, -0.2749185562133789, 0.9594788551330566, 0.061807043850421906, -0.6124989986419678, -0.2243252694606781, 0.7579733729362488),
            ["RightLowerLeg"] = CFrame.new(-9.685754776000977e-08, -0.0007265210151672363, 0.00004613569035427645, 1, 9.685760460342863e-08, 4.0978196835794733e-08, -5.960465898624534e-08, 0.8108654022216797, 0.585232675075531, -6.705523958316917e-08, -0.5852327942848206, 0.8108654022216797),
            ["RightFoot"] = CFrame.new(1.7881393432617188e-07, 0, 7.992639439180493e-08, 0.9221718311309814, 0.1291584074497223, 0.3645782172679901, -0.0996856614947319, 0.9901195168495178, -0.09862100332975388, -0.37371373176574707, 0.0546022430062294, 0.9259355664253235),
            ["LeftLowerLeg"] = CFrame.new(-3.632158041000366e-08, -0.0007264018058776855, 0.0000809207558631897, 1, 5.5879368687783426e-08, 2.2351741790771484e-08, -4.1065504774451256e-08, 0.8563423752784729, 0.5164086818695068, 8.149072527885437e-08, -0.5164085626602173, 0.8563422560691833),
        }},
        {Time = 0.233, Data = {
            ["LeftFoot"] = CFrame.new(-2.7241185307502747e-08, 0, -7.450580596923828e-09, 0.9477922916412354, -0.11011126637458801, 0.29927483201026917, 0.24656829237937927, 0.8481927514076233, -0.46879979968070984, -0.20222261548042297, 0.5181163549423218, 0.8310603499412537),
            ["LeftLowerArm"] = CFrame.new(0.0000013709068298339844, -7.748603820800781e-07, 0.000004567205905914307, 1, 0, 1.4901161193847656e-08, -2.9802322387695312e-08, 0.4462791383266449, -0.8948939442634583, 1.4901161193847656e-08, 0.8948938250541687, 0.44627901911735535),
            ["LowerTorso"] = CFrame.new(-0.005190060008317232, -0.15430617332458496, 0.1277453601360321, 0.7829742431640625, -0.06325826048851013, -0.6188294291496277, -0.01636616699397564, 0.9923767447471619, -0.1221504732966423, 0.6218389272689819, 0.10576853901147842, 0.7759699821472168),
            ["Head"] = CFrame.new(0, -3.5762786865234375e-07, 1.1175870895385742e-08, 0.9136719703674316, 0.17052635550498962, 0.36894968152046204, -0.12979258596897125, 0.9826160669326782, -0.1327390819787979, -0.38517189025878906, 0.07339297980070114, 0.9199221134185791),
            ["RightUpperArm"] = CFrame.new(0.03448760509490967, -0.12957966327667236, 0.0550081729888916, 0.6790313720703125, 0.2771267890930176, 0.6797918677330017, -0.507502555847168, 0.8462977409362793, 0.1619299352169037, -0.5304314494132996, -0.4549517333507538, 0.7153053879737854),
            ["UpperTorso"] = CFrame.new(-5.774199962615967e-08, 0, 3.5390257835388184e-08, 0.9540305137634277, -0.059725139290094376, -0.29369786381721497, 0.13227175176143646, 0.9632500410079956, 0.233781099319458, 0.26894235610961914, -0.26188239455223083, 0.9268699884414673),
            ["HumanoidRootPart"] = CFrame.new(0, 0, 0, 1, 0, 0, 0, 1, 0, 0, 0, 1),
            ["RightHand"] = CFrame.new(2.682209014892578e-07, 7.748603820800781e-07, -7.599592208862305e-07, 0.8205193877220154, 0.5162386894226074, 0.2454497069120407, -0.4612759053707123, 0.8515811562538147, -0.24906618893146515, -0.33759811520576477, 0.09114386141300201, 0.9368674755096436),
            ["LeftUpperArm"] = CFrame.new(0.10351502895355225, 0.020448684692382812, 0.057949334383010864, -0.11199785768985748, 0.13279050588607788, -0.9847959876060486, -0.709820032119751, 0.6828577518463135, 0.1728026568889618, 0.6954222321510315, 0.7183815836906433, 0.017779206857085228),
            ["RightLowerArm"] = CFrame.new(0.0000012218952178955078, 1.7881393432617188e-07, -0.0000038817524909973145, 1, -0.000019259750843048096, 0.0000016372653135476867, 0.000018872318833018653, 0.9530244469642639, -0.30289357900619507, 0.0000042766328078869265, 0.30289357900619507, 0.9530244469642639),
            ["LeftHand"] = CFrame.new(-0.0000011026859283447266, -3.5762786865234375e-07, 2.5331974029541016e-07, 0.9782717227935791, -0.12307499349117279, 0.16684392094612122, 0.16311420500278473, 0.9536321759223938, -0.2529413104057312, -0.12797698378562927, 0.27466022968292236, 0.9529868364334106),
            ["RightUpperLeg"] = CFrame.new(-1.1920928955078125e-07, -6.202608346939087e-07, 1.3205863069742918e-08, 0.9830668568611145, -0.11755126714706421, 0.14057514071464539, 0.16872890293598175, 0.8799248933792114, -0.4441426992416382, -0.07148595154285431, 0.4603411555290222, 0.8848592042922974),
            ["LeftUpperLeg"] = CFrame.new(0, -3.632158041000366e-07, 0, 0.7749619483947754, 0.21511530876159668, 0.5942721366882324, -0.27653858065605164, 0.9609177708625793, 0.012786819599568844, -0.5682960748672485, -0.17424850165843964, 0.8041623830795288),
            ["RightLowerLeg"] = CFrame.new(-9.685754776000977e-08, -0.0007264614105224609, 0.00004604628338711336, 1, 4.0978218152076806e-08, 1.3411047916633834e-07, -2.9802322387695312e-08, 0.7561483979225159, 0.6544001698493958, 2.2351741790771484e-08, -0.6544003486633301, 0.7561485171318054),
            ["RightFoot"] = CFrame.new(2.421438694000244e-07, 2.384185791015625e-07, 9.145878721028566e-09, 0.9167564511299133, 0.15246188640594482, 0.36920589208602905, -0.09479253739118576, 0.9809271097183228, -0.1696951985359192, -0.38803616166114807, 0.12057115137577057, 0.9137235283851624),
            ["LeftLowerLeg"] = CFrame.new(-1.0547228157520294e-07, -0.0007267594337463379, 0.00008101947605609894, 1, 9.778888454547996e-08, -2.60770320892334e-08, -4.8661597418231395e-08, 0.7844753861427307, 0.6201601028442383, -1.5832481992106295e-08, -0.6201599836349487, 0.7844753265380859),
        }},
        {Time = 0.267, Data = {
            ["LeftFoot"] = CFrame.new(1.3399403542280197e-07, 0, -1.4901161193847656e-08, 0.9504952430725098, -0.10067025572061539, 0.29398033022880554, 0.24195197224617004, 0.8334039449691772, -0.49688759446144104, -0.19498267769813538, 0.543418288230896, 0.816503643989563),
            ["LeftLowerArm"] = CFrame.new(0.0000016987323760986328, -3.5762786865234375e-07, 0.000004582107067108154, 1, -4.470348358154297e-08, -2.2351747119842003e-08, -2.980232949312267e-08, 0.429665744304657, -0.9029881358146667, -2.2351747119842003e-08, 0.9029880166053772, 0.4296657145023346),
            ["LowerTorso"] = CFrame.new(-0.0005489680333994329, -0.17343544960021973, 0.12925150990486145, 0.8310279250144958, -0.055959783494472504, -0.553408682346344, -0.01831192336976528, 0.9916346669197083, -0.12777067720890045, 0.5559292435646057, 0.11631495505571365, 0.823051393032074),
            ["Head"] = CFrame.new(3.725290298461914e-08, 0, 3.725290298461914e-09, 0.9117411971092224, 0.17303383350372314, 0.37254148721694946, -0.12459802627563477, 0.9807152152061462, -0.150575652718544, -0.3914119601249695, 0.09086795896291733, 0.9157182574272156),
            ["RightUpperArm"] = CFrame.new(0.031025469303131104, -0.12473893165588379, 0.055449873208999634, 0.618187665939331, 0.27665975689888, 0.7357332706451416, -0.4926131069660187, 0.8657510876655579, 0.08835946023464203, -0.6125165224075317, -0.4170546233654022, 0.6714828014373779),
            ["UpperTorso"] = CFrame.new(-5.587935447692871e-09, -5.960464477539063e-08, 1.5832483768463135e-08, 0.9528467655181885, -0.05595337972044945, -0.29824864864349365, 0.132724329829216, 0.9607020020484924, 0.24379470944404602, 0.272887259721756, -0.2718839645385742, 0.922828197479248),
            ["HumanoidRootPart"] = CFrame.new(0, 0, 0, 1, 0, 0, 0, 1, 0, 0, 0, 1),
            ["RightHand"] = CFrame.new(1.043081283569336e-07, 9.5367431640625e-07, -7.450580596923828e-07, 0.7912365198135376, 0.601333737373352, 0.11109691858291626, -0.5394867658615112, 0.7719681859016418, -0.3361831605434418, -0.2879216969013214, 0.2060653120279312, 0.9352210164070129),
            ["LeftUpperArm"] = CFrame.new(0.09892499446868896, 0.018238306045532227, 0.0586126446723938, -0.08814790844917297, 0.1460750252008438, -0.985338568687439, -0.7065817713737488, 0.6880739331245422, 0.16521631181240082, 0.702119767665863, 0.7107856869697571, 0.042561959475278854),
            ["RightLowerArm"] = CFrame.new(8.344650268554688e-07, 1.1920928955078125e-07, -0.000004120171070098877, 1, -0.00001916289511427749, 0.000002212822437286377, 0.000018892807929660194, 0.942668616771698, -0.33373042941093445, 0.000004280358098185388, 0.33373039960861206, 0.9426685571670532),
            ["LeftHand"] = CFrame.new(-0.0000015497207641601562, -7.748603820800781e-07, 1.4901161193847656e-07, 0.848725438117981, -0.3044101595878601, 0.4324347972869873, 0.5048453211784363, 0.7098743319511414, -0.49113085865974426, -0.15746904909610748, 0.6351480484008789, 0.7561684846878052),
            ["RightUpperLeg"] = CFrame.new(-8.940696716308594e-08, -6.891787052154541e-08, -3.149762051180005e-08, 0.9835414290428162, -0.16355110704898834, 0.07679446041584015, 0.18054550886154175, 0.8730251789093018, -0.453023761510849, 0.007048838771879673, 0.4594325125217438, 0.8881847858428955),
            ["LeftUpperLeg"] = CFrame.new(2.9802322387695312e-08, 4.284083843231201e-08, -1.4901161193847656e-08, 0.8185837268829346, 0.24475574493408203, 0.5196298360824585, -0.26303020119667053, 0.9639707803726196, -0.03969194367527962, -0.510623037815094, -0.10418722778558731, 0.8534690141677856),
