return {
    ["Get butt fucked"] = {
        {Time = 0.000, Data = {
            ["RightUpperArm"] = CFrame.new(4.76837158203125e-07, -0.00000476837158203125, 0.0000013113021850585938, 1.0000019073486328, 1.64990481721361e-07, 1.633269164358353e-07, -9.025492886394204e-08, 0.0619090273976326, -0.9980819225311279, -2.1052329657322844e-07, 0.9980836510658264, 0.061908796429634094),
            ["LeftLowerArm"] = CFrame.new(0, 0, 0, 1, 0, 0, 0, 1, 0, 0, 0, 1),
            ["LeftFoot"] = CFrame.new(-9.5367431640625e-07, 0.00003528594970703125, 0.000008106231689453125, 1.0000019073486328, -9.671054357340836e-08, 7.580308647447964e-08, -9.671047962456214e-08, 0.8968059420585632, -0.4424257278442383, 7.580311489618907e-08, 0.44242724776268005, 0.8968057632446289),
            ["Head"] = CFrame.new(2.384185791015625e-07, 0, 1.1920928955078125e-07, 1.0000019073486328, -1.21498572980272e-07, -1.8359983755544818e-08, -1.2149862982369086e-07, 0.9679368138313293, -0.251194566488266, -1.836003704625e-08, 0.25119492411613464, 0.9679384827613831),
            ["RightUpperLeg"] = CFrame.new(-7.152557373046875e-07, 0.010630607604980469, 0.13411033153533936, 0.9918646216392517, -0.1273120790719986, 1.842869465917829e-07, 0.06699715554714203, 0.5219621658325195, -0.8503335118293762, 0.10825759172439575, 0.8434159159660339, 0.5262450575828552),
            ["UpperTorso"] = CFrame.new(9.5367431640625e-07, 0.001708984375, 0.0055866241455078125, 1.0000009536743164, -6.143883979348175e-08, 1.6075496489520447e-10, -6.143883979348175e-08, 1, 2.2351741790771484e-07, 1.6075496489520447e-10, 2.2351741790771484e-07, 1.0000009536743164),
            ["HumanoidRootPart"] = CFrame.new(0, 0, 0, 1, 0, 0, 0, 1, 0, 0, 0, 1),
            ["LowerTorso"] = CFrame.new(0.0000019073486328125, -0.4422069787979126, 0.5309553146362305, 1.0000019073486328, 1.4465477704561636e-08, -5.053250902165018e-07, 5.350926244318543e-07, 0.09485851973295212, 0.9954922199249268, 2.869108470804349e-07, -0.9954912662506104, 0.09485750645399094),
            ["LeftUpperArm"] = CFrame.new(0.017986774444580078, 9.5367431640625e-07, 0.0000021457672119140625, 1.0000009536743164, 2.9038892535027117e-07, 1.2703779361800116e-07, -1.2682455974299955e-08, 0.06191006302833557, -0.9980817437171936, -3.160567132454162e-07, 0.99808269739151, 0.061909906566143036),
            ["RightLowerArm"] = CFrame.new(0, 0, 0, 1, 0, 0, 0, 1, 0, 0, 0, 1),
            ["LeftHand"] = CFrame.new(0, 0, 0, 1, 0, 0, 0, 1, 0, 0, 0, 1),
            ["RightHand"] = CFrame.new(0, 0, 0, 1, 0, 0, 0, 1, 0, 0, 0, 1),
            ["RightFoot"] = CFrame.new(4.76837158203125e-07, -4.76837158203125e-07, 9.5367431640625e-07, 1.0000019073486328, -9.671054357340836e-08, 7.580308647447964e-08, -9.671047962456214e-08, 0.8968059420585632, -0.4424257278442383, 7.580311489618907e-08, 0.44242724776268005, 0.8968057632446289),
            ["RightLowerLeg"] = CFrame.new(0, 0, 0, 1, 0, 0, 0, 1, 0, 0, 0, 1),
            ["LeftUpperLeg"] = CFrame.new(-0.000002384185791015625, 0.010608673095703125, 0.13410115242004395, 0.9980133771896362, 0.06303161382675171, 1.8056164208246628e-07, -0.033170104026794434, 0.5251979231834412, -0.8503334522247314, -0.05359802022576332, 0.8486445546150208, 0.5262450575828552),
            ["LeftLowerLeg"] = CFrame.new(0, 0, 0, 1, 0, 0, 0, 1, 0, 0, 0, 1),
        }},
        {Time = 0.400, Data = {
            ["RightUpperArm"] = CFrame.new(9.5367431640625e-07, -0.00000476837158203125, 7.152557373046875e-07, 1.0000008344650269, 3.4500217793720367e-07, 1.3878835147806967e-07, -4.3357815115996345e-09, 0.061910536140203476, -0.9980816841125488, -3.712925717991311e-07, 0.9980825781822205, 0.06191038712859154),
            ["LeftLowerArm"] = CFrame.new(4.76837158203125e-07, 1.1920928955078125e-07, 0.00023555755615234375, 1.0000008344650269, -6.937755614444541e-08, 4.7918121026668814e-08, 4.3530821614012893e-08, 1.0000008344650269, -6.295740604400635e-07, 7.22109305684171e-08, 5.327165126800537e-07, 0.9999999403953552),
            ["LeftFoot"] = CFrame.new(0.0000057220458984375, -0.00007772445678710938, 0.00021886825561523438, 1.0000009536743164, -1.4553506844094954e-08, 2.421438694000244e-08, -3.259629011154175e-08, 0.8968072533607483, -0.4424230754375458, 3.3527612686157227e-08, 0.44242337346076965, 0.8968063592910767),
            ["Head"] = CFrame.new(2.384185791015625e-07, -0.0000019073486328125, -4.76837158203125e-07, 1.0000008344650269, -5.531214242182614e-08, 6.19354523223592e-08, -5.240246991888853e-08, 0.9679386615753174, -0.2511865794658661, -6.441585043148734e-08, 0.2511870265007019, 0.9679394960403442),
            ["RightUpperLeg"] = CFrame.new(-4.76837158203125e-07, -0.00032329559326171875, 0.13479018211364746, 0.9918635487556458, -0.12731172144412994, 1.0534323280353419e-07, 0.0669972226023674, 0.5219639539718628, -0.8503322005271912, 0.10825720429420471, 0.8434136509895325, 0.5262465476989746),
            ["UpperTorso"] = CFrame.new(9.5367431640625e-07, -0.009244918823242188, 0.006266236305236816, 1.0000008344650269, -6.909617411565705e-08, 4.6056005231776e-08, -5.240242728632438e-08, 0.9999999403953552, 5.885958671569824e-07, -6.441579358806848e-08, -3.7997961044311523e-07, 1.0000009536743164),
            ["HumanoidRootPart"] = CFrame.new(0, 0, 0, 1, 0, 0, 0, 1, 0, 0, 0, 1),
            ["LowerTorso"] = CFrame.new(0.0000019073486328125, -0.4707101583480835, 1.3929967880249023, 1.0000009536743164, 3.910366785930819e-08, -6.419857072614832e-07, 6.055790890968638e-07, 0.09485915303230286, 0.9954916834831238, 2.1903467484207795e-07, -0.9954907298088074, 0.0948590338230133),
            ["LeftUpperArm"] = CFrame.new(0.017986774444580078, 0, 0.0000016689300537109375, 1.0000008344650269, 4.01456276222234e-07, 1.5093502270246972e-07, 4.29222524189754e-09, 0.06191113218665123, -0.998081624507904, -4.2839047864617896e-07, 0.9980825781822205, 0.06191097944974899),
            ["RightLowerArm"] = CFrame.new(0, 5.960464477539063e-08, 0.00023651123046875, 1.0000008344650269, -6.937755614444541e-08, 4.791814234295089e-08, 4.3530874904718075e-08, 1.0000009536743164, -5.140900611877441e-07, 7.221089504128031e-08, 4.246830940246582e-07, 0.9999999403953552),
            ["LeftHand"] = CFrame.new(-4.76837158203125e-07, 1.7881393432617188e-07, 0.0007104873657226562, 1.0000008344650269, -6.937755614444541e-08, 4.7918121026668814e-08, 4.3530821614012893e-08, 1.0000008344650269, -6.295740604400635e-07, 7.22109305684171e-08, 5.327165126800537e-07, 0.9999999403953552),
            ["RightHand"] = CFrame.new(0, 2.682209014892578e-07, 0.000713348388671875, 1.0000008344650269, -6.937755614444541e-08, 4.791814234295089e-08, 4.3530874904718075e-08, 1.0000009536743164, -5.140900611877441e-07, 7.221089504128031e-08, 4.246830940246582e-07, 0.9999999403953552),
            ["RightFoot"] = CFrame.new(-0.0000133514404296875, -0.0001125335693359375, 0.00021123886108398438, 1.0000009536743164, -1.1936936061829329e-07, 1.0058283805847168e-07, 4.284083843231201e-08, 0.8968071937561035, -0.442423015832901, 1.4528632164001465e-07, 0.44242343306541443, 0.896806538105011),
            ["RightLowerLeg"] = CFrame.new(0, 0, 0, 1.0000009536743164, -1.5832483768463135e-07, 3.725290298461914e-08, 4.284083843231201e-08, 1.0000005960464478, -4.76837158203125e-07, 1.4528632164001465e-07, 0.0000011920928955078125, 1.000000238418579),
            ["LeftUpperLeg"] = CFrame.new(-0.000002384185791015625, -0.00034332275390625, 0.13478118181228638, 0.9980124235153198, 0.0630316361784935, 2.6739354552773875e-07, -0.03317002207040787, 0.5251997113227844, -0.8503323197364807, -0.05359800532460213, 0.8486422896385193, 0.5262464284896851),
            ["LeftLowerLeg"] = CFrame.new(0, -0.000001430511474609375, 4.76837158203125e-07, 1.0000009536743164, -2.514570951461792e-08, 1.6763806343078613e-08, -3.259629011154175e-08, 1.0000007152557373, -5.364418029785156e-07, 3.3527612686157227e-08, 0.0000011920928955078125, 1.0000001192092896),
        }},
        {Time = 0.800, Data = {
            ["RightUpperArm"] = CFrame.new(4.76837158203125e-07, -0.00000476837158203125, 0.0000013113021850585938, 1.0000019073486328, 1.64990481721361e-07, 1.633269164358353e-07, -9.025492886394204e-08, 0.0619090273976326, -0.9980819225311279, -2.1052329657322844e-07, 0.9980836510658264, 0.061908796429634094),
            ["LeftLowerArm"] = CFrame.new(0, 0, 0, 1, 0, 0, 0, 1, 0, 0, 0, 1),
            ["LeftFoot"] = CFrame.new(-9.5367431640625e-07, 0.00003528594970703125, 0.000008106231689453125, 1.0000019073486328, -9.671054357340836e-08, 7.580308647447964e-08, -9.671047962456214e-08, 0.8968059420585632, -0.4424257278442383, 7.580311489618907e-08, 0.44242724776268005, 0.8968057632446289),
            ["Head"] = CFrame.new(2.384185791015625e-07, 0, 1.1920928955078125e-07, 1.0000019073486328, -1.21498572980272e-07, -1.8359983755544818e-08, -1.2149862982369086e-07, 0.9679368138313293, -0.251194566488266, -1.836003704625e-08, 0.25119492411613464, 0.9679384827613831),
            ["RightUpperLeg"] = CFrame.new(-7.152557373046875e-07, 0.010630607604980469, 0.13411033153533936, 0.9918646216392517, -0.1273120790719986, 1.842869465917829e-07, 0.06699715554714203, 0.5219621658325195, -0.8503335118293762, 0.10825759172439575, 0.8434159159660339, 0.5262450575828552),
            ["UpperTorso"] = CFrame.new(9.5367431640625e-07, 0.001708984375, 0.0055866241455078125, 1.0000009536743164, -6.143883979348175e-08, 1.6075496489520447e-10, -6.143883979348175e-08, 1, 2.2351741790771484e-07, 1.6075496489520447e-10, 2.2351741790771484e-07, 1.0000009536743164),
            ["HumanoidRootPart"] = CFrame.new(0, 0, 0, 1, 0, 0, 0, 1, 0, 0, 0, 1),
            ["LowerTorso"] = CFrame.new(0.0000019073486328125, -0.4422069787979126, 0.5309553146362305, 1.0000019073486328, 1.4465477704561636e-08, -5.053250902165018e-07, 5.350926244318543e-07, 0.09485851973295212, 0.9954922199249268, 2.869108470804349e-07, -0.9954912662506104, 0.09485750645399094),
            ["LeftUpperArm"] = CFrame.new(0.017986774444580078, 9.5367431640625e-07, 0.0000021457672119140625, 1.0000009536743164, 2.9038892535027117e-07, 1.2703779361800116e-07, -1.2682455974299955e-08, 0.06191006302833557, -0.9980817437171936, -3.160567132454162e-07, 0.99808269739151, 0.061909906566143036),
            ["RightLowerArm"] = CFrame.new(0, 0, 0, 1, 0, 0, 0, 1, 0, 0, 0, 1),
            ["LeftHand"] = CFrame.new(0, 0, 0, 1, 0, 0, 0, 1, 0, 0, 0, 1),
            ["RightHand"] = CFrame.new(0, 0, 0, 1, 0, 0, 0, 1, 0, 0, 0, 1),
            ["RightFoot"] = CFrame.new(4.76837158203125e-07, -4.76837158203125e-07, 9.5367431640625e-07, 1.0000019073486328, -9.671054357340836e-08, 7.580308647447964e-08, -9.671047962456214e-08, 0.8968059420585632, -0.4424257278442383, 7.580311489618907e-08, 0.44242724776268005, 0.8968057632446289),
            ["RightLowerLeg"] = CFrame.new(0, 0, 0, 1, 0, 0, 0, 1, 0, 0, 0, 1),
            ["LeftUpperLeg"] = CFrame.new(-0.000002384185791015625, 0.010608673095703125, 0.13410115242004395, 0.9980133771896362, 0.06303161382675171, 1.8056164208246628e-07, -0.033170104026794434, 0.5251979231834412, -0.8503334522247314, -0.05359802022576332, 0.8486445546150208, 0.5262450575828552),
            ["LeftLowerLeg"] = CFrame.new(0, 0, 0, 1, 0, 0, 0, 1, 0, 0, 0, 1),
        }},
    }
}