return {
    ["Get Sturdier"] = {
        {Time = 0.000, Data = {
            ["RightFoot"] = CFrame.new(2.2351741790771484e-07, 2.384185791015625e-07, 3.295208443887532e-07, 0.9484374523162842, 0.23336145281791687, -0.2144971340894699, -0.2671402394771576, 0.9527342915534973, -0.14468473196029663, 0.1705949306488037, 0.19452500343322754, 0.9659489989280701),
            ["LeftLowerArm"] = CFrame.new(7.748603820800781e-07, -1.7881393432617188e-07, 0.000005066394805908203, 1, 2.495946205272048e-07, -4.321333619827783e-07, -1.0430814256778831e-07, -0.5451045036315918, -0.8383683562278748, -4.619360538526962e-07, 0.8383681774139404, -0.5451041460037231),
            ["RightUpperArm"] = CFrame.new(-0.029202401638031006, -0.02388620376586914, 0.06496620178222656, 0.961969256401062, -0.19792331755161285, -0.18825921416282654, 0.2722698152065277, 0.7502884268760681, 0.602442741394043, 0.02201145887374878, -0.6307882070541382, 0.775642454624176),
            ["Head"] = CFrame.new(1.30385160446167e-08, -5.960464477539062e-07, 9.685754776000977e-08, 0.9676619172096252, -0.25128811597824097, 0.02201315388083458, 0.23559194803237915, 0.869121789932251, -0.4348839819431305, 0.09014903008937836, 0.4260066747665405, 0.9002173542976379),
            ["RightHand"] = CFrame.new(9.5367431640625e-07, 0.000001430511474609375, -2.980232238769531e-07, 0.8814945220947266, -0.0502266027033329, 0.46951597929000854, 0.03653063252568245, 0.9986006617546082, 0.03824090212583542, -0.4707791209220886, -0.016557062044739723, 0.8820955157279968),
            ["UpperTorso"] = CFrame.new(5.21540641784668e-08, 2.086162567138672e-07, -5.960464477539063e-08, 0.8772727251052856, 0.3057873547077179, -0.3699822723865509, -0.1448284089565277, 0.903515100479126, 0.40334242582321167, 0.45762166380882263, -0.30025750398635864, 0.8369158506393433),
            ["HumanoidRootPart"] = CFrame.new(0, 0, 0, 1, 0, 0, 0, 1, 0, 0, 0, 1),
            ["RightUpperLeg"] = CFrame.new(0, -4.470348358154297e-08, -1.6596459317952394e-08, 0.9508153796195984, 0.22423696517944336, -0.21370074152946472, -0.2929877042770386, 0.4271141290664673, -0.8554133176803589, -0.10054074972867966, 0.8759517073631287, 0.47180527448654175),
            ["LeftUpperArm"] = CFrame.new(0.029202938079833984, -0.023887991905212402, 0.06496521830558777, 0.44224199652671814, 0.572966992855072, -0.6900236010551453, -0.3784550130367279, 0.816710889339447, 0.4356086254119873, 0.8131383061408997, 0.06849890202283859, 0.5780247449874878),
            ["RightLowerArm"] = CFrame.new(3.2782554626464844e-07, 8.344650268554688e-07, -0.0000037848949432373047, 1, 0.000009873882845568005, 0.000016469510228489526, 0.000018909571736003272, -0.6905790567398071, -0.7232570052146912, 0.000004261731646693079, 0.7232568264007568, -0.6905789971351624),
            ["LeftHand"] = CFrame.new(-0.0000015795230865478516, -4.172325134277344e-07, 1.341104507446289e-07, 0.6235870718955994, -0.29612264037132263, -0.7234984040260315, 0.33709612488746643, 0.9368748664855957, -0.0929134339094162, 0.7053406834602356, -0.1859489530324936, 0.6840446591377258),
            ["LeftFoot"] = CFrame.new(-2.421438694000244e-08, 5.960464477539063e-08, -6.332993507385254e-08, 0.9921632409095764, 0.012675706297159195, -0.1243044063448906, -0.06392701715230942, 0.9062725305557251, -0.41783207654953003, 0.10735734552145004, 0.42250388860702515, 0.8999804258346558),
            ["LowerTorso"] = CFrame.new(0.023359054699540138, -0.0840538740158081, -0.2400338053703308, 0.5000134110450745, 0.09493427723646164, 0.8607985377311707, 0.20262843370437622, 0.9535580277442932, -0.22286543250083923, -0.8419787883758545, 0.2858579754829407, 0.4575553238391876),
            ["RightLowerLeg"] = CFrame.new(-1.2665987014770508e-07, -0.0007263422012329102, 0.00004623999848263338, 1, -1.0058289490189054e-07, -2.90572756966867e-07, -7.078051567077637e-08, 0.9999852180480957, 0.005438445135951042, 3.203749656677246e-07, -0.005438323598355055, 0.9999852180480957),
            ["LeftUpperLeg"] = CFrame.new(2.9802322387695312e-08, -2.4028122425079346e-07, -7.450580596923828e-08, 0.9390174150466919, 0.22751154005527496, 0.2578467130661011, -0.21014685928821564, 0.9731985330581665, -0.09339731186628342, -0.2721848785877228, 0.033516209572553635, 0.9616611003875732),
            ["LeftLowerLeg"] = CFrame.new(-3.725290298461914e-09, -0.0007262825965881348, 0.00008095894008874893, 1, 1.3411049337719305e-07, -8.195639367158947e-08, -7.450581307466564e-08, 0.5849283337593079, 0.8110851049423218, 7.823110337312755e-08, -0.811085045337677, 0.5849281549453735),
        }},
        {Time = 0.017, Data = {
            ["RightFoot"] = CFrame.new(1.9371509552001953e-07, 1.1920928955078125e-07, 1.8050923245027661e-07, 0.9479216933250427, 0.22234024107456207, -0.22805622220039368, -0.25946739315986633, 0.9543330669403076, -0.14807070791721344, 0.18471933901309967, 0.19953249394893646, 0.962323009967804),
            ["LeftLowerArm"] = CFrame.new(0.0000012516975402832031, -1.1920928955078125e-07, 0.0000049173831939697266, 1, 3.6647585943683225e-07, -4.246826961207262e-07, -7.4505820180093e-08, -0.5635000467300415, -0.8261163830757141, -4.3213378830841975e-07, 0.826116144657135, -0.5634995698928833),
            ["RightUpperArm"] = CFrame.new(-0.029202163219451904, -0.02388620376586914, 0.06496623158454895, 0.9578902721405029, -0.19735494256019592, -0.20855975151062012, 0.28407374024391174, 0.7571397423744202, 0.5882533192634583, 0.04181443899869919, -0.6227282881736755, 0.7813200354576111),
            ["Head"] = CFrame.new(1.862645149230957e-08, -4.76837158203125e-07, 2.421438694000244e-08, 0.970007598400116, -0.24297687411308289, -0.006892012432217598, 0.21675865352153778, 0.8774749636650085, -0.427847295999527, 0.11000479012727737, 0.4135212302207947, 0.9038247466087341),
            ["RightHand"] = CFrame.new(9.5367431640625e-07, 0.0000013113021850585938, -9.238719940185547e-07, 0.8905661106109619, -0.06736777722835541, 0.4498375952243805, 0.06152579188346863, 0.9977235198020935, 0.02761324681341648, -0.4506736099720001, 0.003085317788645625, 0.8926835060119629),
            ["UpperTorso"] = CFrame.new(1.862645149230957e-08, -5.364418029785156e-07, 7.450580596923828e-09, 0.8741898536682129, 0.29328882694244385, -0.38700613379478455, -0.13309629261493683, 0.9111910462379456, 0.38989269733428955, 0.46698763966560364, -0.2893312871456146, 0.835589587688446),
            ["HumanoidRootPart"] = CFrame.new(0, 0, 0, 1, 0, 0, 0, 1, 0, 0, 0, 1),
            ["RightUpperLeg"] = CFrame.new(2.9802322387695312e-08, -2.421438694000244e-07, -6.129994289949536e-08, 0.9468136429786682, 0.21132142841815948, -0.24266719818115234, -0.30885010957717896, 0.38515228033065796, -0.8696374893188477, -0.09030939638614655, 0.8983323574066162, 0.42993399500846863),
            ["LeftUpperArm"] = CFrame.new(0.029202699661254883, -0.02388787269592285, 0.06496511399745941, 0.4215620160102844, 0.5770214796066284, -0.69952392578125, -0.39374977350234985, 0.8113797307014465, 0.4319993257522583, 0.8168517351150513, 0.0933232232928276, 0.5692476034164429),
            ["RightLowerArm"] = CFrame.new(1.7881393432617188e-07, 4.172325134277344e-07, -0.000003337860107421875, 1, 0.000009571198461344466, 0.00001677125874266494, 0.000018760563762043603, -0.6769543886184692, -0.7360248565673828, 0.000004291534878575476, 0.7360250353813171, -0.676954448223114),
            ["LeftHand"] = CFrame.new(-0.0000019669532775878906, -4.172325134277344e-07, 1.4901161193847656e-07, 0.6238770484924316, -0.3030878007411957, -0.7203571796417236, 0.35018640756607056, 0.9324392080307007, -0.08903870731592178, 0.6986750960350037, -0.19671036303043365, 0.6878646016120911),
            ["LeftFoot"] = CFrame.new(-4.6566128730773926e-08, 1.7881393432617188e-07, 3.5390257835388184e-08, 0.9869733452796936, 0.0304228775203228, -0.15798185765743256, -0.108787901699543, 0.8496381640434265, -0.5160232782363892, 0.11852845549583435, 0.5264879465103149, 0.8418799042701721),
            ["LowerTorso"] = CFrame.new(0.0373295322060585, -0.123046875, -0.2453087717294693, 0.4709354043006897, 0.09606277942657471, 0.8769218325614929, 0.2025827318429947, 0.9557109475135803, -0.21348729729652405, -0.8585919141769409, 0.27818790078163147, 0.4306175410747528),
            ["RightLowerLeg"] = CFrame.new(-4.470348358154297e-08, -0.0007263422012329102, 0.000046150591515470296, 1, -5.960468030252741e-08, -2.2724276504959562e-07, 2.421439049271612e-08, 0.9999852776527405, 0.005440556909888983, 2.9057267170173873e-07, -0.005440476816147566, 0.9999852776527405),
            ["LeftUpperLeg"] = CFrame.new(5.960464477539063e-08, -5.364418029785156e-07, -7.450580596923828e-09, 0.9320920705795288, 0.2407016009092331, 0.2706789970397949, -0.21678388118743896, 0.9693624973297119, -0.11550409346818924, -0.2901880443096161, 0.048981569707393646, 0.9557153582572937),
            ["LeftLowerLeg"] = CFrame.new(5.960464477539063e-08, -0.0007262229919433594, 0.00008100736886262894, 1, 1.1175870895385742e-07, -1.3038519597330378e-08, -4.097820394122209e-08, 0.5567095875740051, 0.8307071328163147, 8.56816981809061e-08, -0.8307072520256042, 0.5567097663879395),
        }},
        {Time = 0.033, Data = {
            ["RightFoot"] = CFrame.new(2.5331974029541016e-07, 1.7881393432617188e-07, 7.620110409334302e-08, 0.9532679319381714, 0.15167176723480225, -0.2612966001033783, -0.183318093419075, 0.977831244468689, -0.101195327937603, 0.24015553295612335, 0.14436672627925873, 0.9599394202232361),
            ["LeftLowerArm"] = CFrame.new(7.152557373046875e-07, 0, 0.000004738569259643555, 1, 2.6635845529199287e-07, -3.427265085065301e-07, -3.129243850708008e-07, -0.6084479689598083, -0.7935940027236938, -4.172325134277344e-07, 0.7935937643051147, -0.6084476113319397),
            ["RightUpperArm"] = CFrame.new(-0.02920222282409668, -0.02388632297515869, 0.06496615707874298, 0.952944815158844, -0.21118269860744476, -0.2174815982580185, 0.30010297894477844, 0.7585669159889221, 0.5783722400665283, 0.04283223673701286, -0.6164236664772034, 0.7862488627433777),
            ["Head"] = CFrame.new(1.4901161193847656e-08, -7.152557373046875e-07, -1.30385160446167e-08, 0.9710806012153625, -0.23777849972248077, -0.02154342643916607, 0.20642206072807312, 0.8814991116523743, -0.42467567324638367, 0.1199692115187645, 0.40794700384140015, 0.9050891995429993),
            ["RightHand"] = CFrame.new(0.0000010728836059570312, 0.0000013113021850585938, -0.0000011622905731201172, 0.9062584638595581, -0.09352242946624756, 0.4122494161128998, 0.09061257541179657, 0.9955296516418457, 0.026648592203855515, -0.4128981828689575, 0.013204398564994335, 0.9106812477111816),
            ["UpperTorso"] = CFrame.new(1.30385160446167e-07, 2.9802322387695312e-08, -2.2351741790771484e-08, 0.8700000643730164, 0.2848791778087616, -0.4024224877357483, -0.11932152509689331, 0.9135763049125671, 0.38876837491989136, 0.4783956706523895, -0.2902108132839203, 0.8288034796714783),
            ["HumanoidRootPart"] = CFrame.new(0, 0, 0, 1, 0, 0, 0, 1, 0, 0, 0, 1),
            ["RightUpperLeg"] = CFrame.new(1.4901161193847656e-07, 2.421438694000244e-08, -3.149762051180005e-08, 0.9325189590454102, 0.2186644822359085, -0.2873920202255249, -0.35277828574180603, 0.3815356194972992, -0.854387640953064, -0.07717397809028625, 0.898118257522583, 0.4329290986061096),
            ["LeftUpperArm"] = CFrame.new(0.029202818870544434, -0.02388787269592285, 0.06496517360210419, 0.40080806612968445, 0.5937421321868896, -0.6977286338806152, -0.4151073098182678, 0.7966095209121704, 0.43942975997924805, 0.816724419593811, 0.11350550502538681, 0.5657527446746826),
            ["RightLowerArm"] = CFrame.new(-8.940696716308594e-08, 5.960464477539062e-07, -0.0000037550926208496094, 1, 0.000009356996997667011, 0.000016786158084869385, 0.000018924474716186523, -0.6683402061462402, -0.7438557147979736, 0.000004336237907409668, 0.7438557744026184, -0.6683403253555298),
            ["LeftHand"] = CFrame.new(-0.0000016689300537109375, -3.5762786865234375e-07, 1.2665987014770508e-07, 0.6329255700111389, -0.30654773116111755, -0.7109376192092896, 0.37120455503463745, 0.9259986877441406, -0.06880992650985718, 0.6794207692146301, -0.22035188972949982, 0.6998805999755859),
            ["LeftFoot"] = CFrame.new(-2.2351741790771484e-08, 1.1920928955078125e-07, -1.30385160446167e-08, 0.9887234568595886, 0.0482412613928318, -0.14177057147026062, -0.12383422255516052, 0.795722246170044, -0.5928669571876526, 0.08420928567647934, 0.603737473487854, 0.7927231192588806),
            ["LowerTorso"] = CFrame.new(0.04768967255949974, -0.15486419200897217, -0.24829046428203583, 0.45101213455200195, 0.1024807021021843, 0.8866149187088013, 0.20408956706523895, 0.9552242159843445, -0.21422934532165527, -0.8688703775405884, 0.2775687873363495, 0.4099024534225464),
            ["RightLowerLeg"] = CFrame.new(-1.6391277313232422e-07, -0.0007264614105224609, 0.00004614314093487337, 1, -6.519260864479293e-08, -2.8312211952652433e-07, -3.725290742551124e-09, 0.9999852776527405, 0.005433937069028616, 2.1979215603096236e-07, -0.005433770827949047, 0.9999853372573853),
            ["LeftUpperLeg"] = CFrame.new(2.9802322387695312e-08, -2.1047890186309814e-07, 3.725290298461914e-08, 0.9395829439163208, 0.23270970582962036, 0.2510579824447632, -0.20913802087306976, 0.9708388447761536, -0.11718835681676865, -0.2710077166557312, 0.05760236456990242, 0.9608520865440369),
            ["LeftLowerLeg"] = CFrame.new(-1.4901161193847656e-08, -0.0007262229919433594, 0.00008098315447568893, 1, 9.685756907629184e-08, -1.4901164746561335e-08, -7.078052277620372e-08, 0.534070611000061, 0.8454399108886719, 1.6763808119435453e-08, -0.8454399108886719, 0.534070611000061),
        }},
        {Time = 0.050, Data = {
            ["RightFoot"] = CFrame.new(1.341104507446289e-07, 1.1920928955078125e-07, 1.507069100625813e-07, 0.9450139999389648, 0.06949251890182495, -0.319561630487442, -0.08633431792259216, 0.9955095052719116, -0.038824308663606644, 0.3154284656047821, 0.06427860260009766, 0.9467698931694031),
            ["LeftLowerArm"] = CFrame.new(8.642673492431641e-07, -5.960464477539063e-08, 0.000004827976226806641, 1, 1.5273703013463091e-07, -4.6193551384021703e-07, -1.49011640360186e-07, -0.6565824151039124, -0.7542546987533569, -4.6193611069611507e-07, 0.7542543411254883, -0.6565818786621094),
            ["RightUpperArm"] = CFrame.new(-0.02920210361480713, -0.02388632297515869, 0.06496617197990417, 0.94745272397995, -0.23440328240394592, -0.21768805384635925, 0.3184435963630676, 0.7558613419532776, 0.5720731616020203, 0.030445806682109833, -0.6113335490226746, 0.7907872200012207),
            ["Head"] = CFrame.new(-1.1175870895385742e-08, -8.344650268554688e-07, -5.587935447692871e-09, 0.9676372408866882, -0.25131654739379883, -0.022764867171645164, 0.21798276901245117, 0.8779103755950928, -0.42632976174354553, 0.12712907791137695, 0.4075701832771301, 0.9042814373970032),
            ["RightHand"] = CFrame.new(9.5367431640625e-07, 0.0000013113021850585938, -0.0000010132789611816406, 0.9169595837593079, -0.12151312828063965, 0.3800261318683624, 0.12253756821155548, 0.9922289252281189, 0.02159646712243557, -0.3796969950199127, 0.026764631271362305, 0.9247235655784607),
            ["UpperTorso"] = CFrame.new(7.450580596923828e-09, -2.384185791015625e-07, 2.2351741790771484e-08, 0.8703052401542664, 0.28557759523391724, -0.4012654423713684, -0.10626570880413055, 0.9044229388237, 0.413191020488739, 0.4809120297431946, -0.3169616460800171, 0.8174712657928467),
            ["HumanoidRootPart"] = CFrame.new(0, 0, 0, 1, 0, 0, 0, 1, 0, 0, 0, 1),
            ["RightUpperLeg"] = CFrame.new(-1.7881393432617188e-07, -1.6391277313232422e-07, -3.149762051180005e-08, 0.9248571395874023, 0.24969437718391418, -0.28686589002609253, -0.36992454528808594, 0.4155160188674927, -0.8309647440910339, -0.08828974515199661, 0.8746423125267029, 0.4766610264778137),
            ["LeftUpperArm"] = CFrame.new(0.029202699661254883, -0.023888468742370605, 0.06496521830558777, 0.38160574436187744, 0.6146384477615356, -0.6903609037399292, -0.43866539001464844, 0.7778386473655701, 0.4500434696674347, 0.8136029839515686, 0.13109834492206573, 0.5664474964141846),
            ["RightLowerArm"] = CFrame.new(5.066394805908203e-07, 5.960464477539062e-07, -0.0000036656856536865234, 1, 0.000009115781722357497, 0.000016979874999378808, 0.00001880526360764634, -0.6601887941360474, -0.7510996460914612, 0.0000042319293243053835, 0.7510996460914612, -0.6601889729499817),
            ["LeftHand"] = CFrame.new(-0.0000015348196029663086, -4.76837158203125e-07, 3.427267074584961e-07, 0.6500281691551208, -0.2960124611854553, -0.6998856663703918, 0.38525378704071045, 0.9222474694252014, -0.03225132077932358, 0.6550136804580688, -0.24866925179958344, 0.7135263085365295),
            ["LeftFoot"] = CFrame.new(-2.60770320892334e-08, 1.1920928955078125e-07, 3.5390257835388184e-08, 0.9900051951408386, 0.052750859409570694, -0.13079409301280975, -0.12370221316814423, 0.7701998949050903, -0.6256919503211975, 0.06773186475038528, 0.6356174945831299, 0.7690269947052002),
            ["LowerTorso"] = CFrame.new(0.046471007168293, -0.16869699954986572, -0.25471818447113037, 0.4489665627479553, 0.12557744979858398, 0.8846803307533264, 0.21126295626163483, 0.9470868110656738, -0.24164970219135284, -0.8682148456573486, 0.29539281129837036, 0.3986804783344269),
            ["RightLowerLeg"] = CFrame.new(-1.7881393432617188e-07, -0.0007262229919433594, 0.0000459643270005472, 1, -7.078055119791316e-08, -2.756715389296005e-07, -1.4901162970204496e-08, 0.99998539686203, 0.005418059881776571, 2.533197687171196e-07, -0.005418057553470135, 0.99998539686203),
            ["LeftUpperLeg"] = CFrame.new(2.9802322387695312e-08, -3.0919909477233887e-07, 3.725290298461914e-08, 0.9399406313896179, 0.23847725987434387, 0.2442135065793991, -0.2228560596704483, 0.9706753492355347, -0.09013573080301285, -0.25854745507240295, 0.03029787167906761, 0.965523362159729),
            ["LeftLowerLeg"] = CFrame.new(-8.568167686462402e-08, -0.0007264614105224609, 0.00008096080273389816, 1, 5.5879368687783426e-08, -7.450580596923828e-09, -7.450581307466564e-08, 0.5187681317329407, 0.8549152612686157, 2.7939680791178034e-08, -0.8549149632453918, 0.5187678337097168),
        }},
        {Time = 0.067, Data = {
            ["RightFoot"] = CFrame.new(8.940696716308594e-08, 1.7881393432617188e-07, 1.507069100625813e-07, 0.9367318153381348, 0.025438515469431877, -0.3491223156452179, -0.01756271719932556, 0.9995152354240417, 0.025705866515636444, 0.3496071994304657, -0.01794789917767048, 0.9367245435714722),
            ["LeftLowerArm"] = CFrame.new(0.0000011920928955078125, -3.5762786865234375e-07, 0.000004649162292480469, 1, 7.450584149637507e-08, -4.917378646496218e-07, 1.4901161193847656e-08, -0.6908608078956604, -0.7229880690574646, -4.917383193969727e-07, 0.7229878902435303, -0.6908604502677917),
            ["RightUpperArm"] = CFrame.new(-0.02920234203338623, -0.02388620376586914, 0.06496623158454895, 0.943676769733429, -0.2545756697654724, -0.21134217083454132, 0.33065611124038696, 0.7485164403915405, 0.5747956037521362, 0.011864935047924519, -0.6123025417327881, 0.7905343770980835),
            ["Head"] = CFrame.new(-1.30385160446167e-08, -9.5367431640625e-07, 2.9802322387695312e-08, 0.9620364904403687, -0.27253150939941406, -0.014572633430361748, 0.2390069216489792, 0.8670680522918701, -0.43711423873901367, 0.13176298141479492, 0.41703659296035767, 0.8992880582809448),
            ["RightHand"] = CFrame.new(9.5367431640625e-07, 0.0000012516975402832031, -7.003545761108398e-07, 0.9229300022125244, -0.14225614070892334, 0.3577204644680023, 0.14553207159042358, 0.9891915917396545, 0.017896143719553947, -0.35639965534210205, 0.03554309532046318, 0.9336572885513306),
            ["UpperTorso"] = CFrame.new(-1.4156103134155273e-07, -1.7881393432617188e-07, 4.0978193283081055e-08, 0.8784546256065369, 0.28750374913215637, -0.38165342807769775, -0.09978713095188141, 0.8914992213249207, 0.44189563393592834, 0.4672902226448059, -0.35010114312171936, 0.8118306994438171),
            ["HumanoidRootPart"] = CFrame.new(0, 0, 0, 1, 0, 0, 0, 1, 0, 0, 0, 1),
            ["RightUpperLeg"] = CFrame.new(-1.7881393432617188e-07, -9.685754776000977e-08, -6.129994289949536e-08, 0.9223233461380005, 0.2954920828342438, -0.24900609254837036, -0.36638495326042175, 0.4639340341091156, -0.8065527677536011, -0.12280760705471039, 0.8351345062255859, 0.5361610054969788),
            ["LeftUpperArm"] = CFrame.new(0.029202818870544434, -0.023887991905212402, 0.064965158700943, 0.3694484233856201, 0.6303645968437195, -0.6827518343925476, -0.45306649804115295, 0.7636777758598328, 0.4599202871322632, 0.81131911277771, 0.1394156813621521, 0.5677351355552673),
            ["RightLowerArm"] = CFrame.new(1.4901161193847656e-07, 1.1920928955078125e-07, -0.0000036656856536865234, 1, 0.000009200532076647505, 0.00001697988045634702, 0.000018715858459472656, -0.6547390222549438, -0.7558547854423523, 0.000004366040229797363, 0.7558550834655762, -0.6547393798828125),
            ["LeftHand"] = CFrame.new(-0.000001385807991027832, -5.364418029785156e-07, 2.1606683731079102e-07, 0.6693426370620728, -0.2753640413284302, -0.6900392770767212, 0.37179112434387207, 0.9282654523849487, -0.00979224219918251, 0.643235445022583, -0.24999584257602692, 0.7237056493759155),
            ["LeftFoot"] = CFrame.new(-6.51925802230835e-09, 1.7881393432617188e-07, -7.450580596923828e-09, 0.9880232214927673, 0.039708785712718964, -0.14910878241062164, -0.12466428428888321, 0.7748811841011047, -0.6196920871734619, 0.09093447029590607, 0.6308586001396179, 0.7705507278442383),
            ["LowerTorso"] = CFrame.new(0.03473735600709915, -0.16180872917175293, -0.26424357295036316, 0.4655672311782837, 0.1516498476266861, 0.8719229698181152, 0.21751514077186584, 0.9353827238082886, -0.2788303792476654, -0.8578661680221558, 0.31947070360183716, 0.40249744057655334),
            ["RightLowerLeg"] = CFrame.new(-1.1920928955078125e-07, -0.0007264018058776855, 0.00004618039383785799, 1, -5.5879372240497105e-09, -2.533197687171196e-07, 1.1175869119028903e-08, 0.9999855160713196, 0.005395584274083376, 2.5704500217216264e-07, -0.005395596846938133, 0.9999854564666748),
            ["LeftUpperLeg"] = CFrame.new(-1.1920928955078125e-07, -1.9371509552001953e-07, -4.0978193283081055e-08, 0.9241357445716858, 0.2618403434753418, 0.27823150157928467, -0.259091854095459, 0.9646939635276794, -0.04729756712913513, -0.2807927131652832, -0.02837803214788437, 0.9593487977981567),
            ["LeftLowerLeg"] = CFrame.new(2.60770320892334e-08, -0.0007263422012329102, 0.00008094217628240585, 1, 5.401671643312511e-08, -3.9115558791991134e-08, -6.33299421792799e-08, 0.5266726016998291, 0.8500683307647705, 1.089647554408657e-07, -0.850068211555481, 0.5266725420951843),
        }},
        {Time = 0.083, Data = {
            ["RightFoot"] = CFrame.new(1.862645149230957e-07, 5.960464477539063e-08, 4.639878170564771e-08, 0.9414964914321899, 0.03475865349173546, -0.33522576093673706, 0.009234256111085415, 0.9916335940361023, 0.12875443696975708, 0.33689624071121216, -0.12431734055280685, 0.9332985281944275),
            ["LeftLowerArm"] = CFrame.new(8.940696716308594e-07, -1.7881393432617188e-07, 0.0000050067901611328125, 1, 9.685756907629184e-08, -4.619356559487642e-07, -2.0861622829215776e-07, -0.7138413190841675, -0.7003079652786255, -4.3213361777816317e-07, 0.7003075480461121, -0.713840901851654),
            ["RightUpperArm"] = CFrame.new(-0.02920222282409668, -0.02388620376586914, 0.06496627628803253, 0.9457533359527588, -0.25773176550865173, -0.19780027866363525, 0.3248758018016815, 0.7454499006271362, 0.5820306539535522, -0.0025578283239156008, -0.6147184371948242, 0.7887428998947144),
            ["Head"] = CFrame.new(0, -9.5367431640625e-07, -1.4901161193847656e-08, 0.9565210342407227, -0.2915385067462921, -0.008540422655642033, 0.2569473385810852, 0.8561616539955139, -0.4482915699481964, 0.13800612092018127, 0.4266059100627899, 0.8938466310501099),
            ["RightHand"] = CFrame.new(8.344650268554688e-07, 0.0000013113021850585938, -8.493661880493164e-07, 0.9203276634216309, -0.14087724685668945, 0.36489853262901306, 0.14331014454364777, 0.9894644618034363, 0.02055572159588337, -0.3639494478702545, 0.0333753265440464, 0.9308203458786011),
            ["UpperTorso"] = CFrame.new(-9.685754776000977e-08, -1.1920928955078125e-07, -1.1175870895385742e-08, 0.8853994011878967, 0.28724873065948486, -0.3654530644416809, -0.09840777516365051, 0.8842198252677917, 0.4565865397453308, 0.454294890165329, -0.36829811334609985, 0.8111552596092224),
            ["HumanoidRootPart"] = CFrame.new(0, 0, 0, 1, 0, 0, 0, 1, 0, 0, 0, 1),
            ["RightUpperLeg"] = CFrame.new(-1.4901161193847656e-07, -2.2724270820617676e-07, -3.149762051180005e-08, 0.9221765995025635, 0.3271470069885254, -0.2063133716583252, -0.3556772768497467, 0.5077677965164185, -0.7846435904502869, -0.15193454921245575, 0.7969608902931213, 0.5846103429794312),
            ["LeftUpperArm"] = CFrame.new(0.029202759265899658, -0.023888111114501953, 0.06496508419513702, 0.36721697449684143, 0.63570636510849, -0.678992509841919, -0.4511043429374695, 0.7601136565208435, 0.4676869809627533, 0.8134227395057678, 0.1345537304878235, 0.5658957958221436),
            ["RightLowerArm"] = CFrame.new(1.7881393432617188e-07, 3.5762786865234375e-07, -0.000003874301910400391, 1, 0.00000902451756701339, 0.00001708417767076753, 0.000018820168406818993, -0.6552627086639404, -0.7554012537002563, 0.000004217029072606238, 0.7554011344909668, -0.6552625894546509),
            ["LeftHand"] = CFrame.new(-0.0000015944242477416992, -4.76837158203125e-07, 5.438923835754395e-07, 0.6707788705825806, -0.2697479724884033, -0.6908621788024902, 0.36940571665763855, 0.9292591214179993, -0.004165018908679485, 0.6431136727333069, -0.2524152994155884, 0.7229744791984558),
            ["LeftFoot"] = CFrame.new(-4.237517714500427e-08, 1.7881393432617188e-07, 5.587935447692871e-09, 0.984645426273346, 0.02571835182607174, -0.17266206443309784, -0.12348341941833496, 0.8017434477806091, -0.584772527217865, 0.12339130789041519, 0.5971146821975708, 0.7926088571548462),
            ["LowerTorso"] = CFrame.new(0.02152111753821373, -0.1388835906982422, -0.27091333270072937, 0.47844603657722473, 0.16979555785655975, 0.8615444898605347, 0.21831457316875458, 0.9273212552070618, -0.303996741771698, -0.8505458831787109, 0.33353373408317566, 0.4066042900085449),
            ["RightLowerLeg"] = CFrame.new(-1.341104507446289e-07, -0.0007264018058776855, 0.00004588237061398104, 1, -4.47035120032524e-08, -2.309681121914764e-07, 4.097821459936313e-08, 0.9999856352806091, 0.005365113262087107, 2.309681121914764e-07, -0.005365181248635054, 0.9999856948852539),
            ["LeftUpperLeg"] = CFrame.new(-5.960464477539063e-08, -2.4586915969848633e-07, -5.587935447692871e-08, 0.9084643125534058, 0.274691641330719, 0.31501930952072144, -0.2870995104312897, 0.9578729867935181, -0.007301545701920986, -0.3037540912628174, -0.08380866050720215, 0.9490572214126587),
            ["LeftLowerLeg"] = CFrame.new(-4.470348358154297e-08, -0.0007266998291015625, 0.00008107069879770279, 1, 8.568166975919667e-08, -1.1175873559921001e-08, -6.519259443393821e-08, 0.5593245625495911, 0.8289486169815063, 6.752090087047691e-08, -0.8289487361907959, 0.5593247413635254),
        }},
        {Time = 0.100, Data = {
            ["RightFoot"] = CFrame.new(8.940696716308594e-08, 2.384185791015625e-07, 2.4011387722566724e-07, 0.9483250379562378, 0.06103035435080528, -0.3113763630390167, -0.06065297871828079, 0.9980993270874023, 0.010905146598815918, 0.31144988536834717, 0.008544576354324818, 0.9502241015434265),
            ["LeftLowerArm"] = CFrame.new(8.344650268554688e-07, -1.1920928955078125e-07, 0.000005245208740234375, 1, 6.705527511030596e-08, -5.811446612824511e-07, -7.450581307466564e-08, -0.732366144657135, -0.6809117197990417, -4.023314090773056e-07, 0.680911123752594, -0.7323655486106873),
            ["RightUpperArm"] = CFrame.new(-0.02920222282409668, -0.02388620376586914, 0.06496614217758179, 0.9528180956840515, -0.24577952921390533, -0.1781291961669922, 0.303326278924942, 0.748835563659668, 0.5892695784568787, -0.011440521106123924, -0.6154980063438416, 0.7880555391311646),
            ["Head"] = CFrame.new(1.4901161193847656e-08, -7.152557373046875e-07, -1.6763806343078613e-08, 0.9490140080451965, -0.3151271641254425, -0.008202571421861649, 0.2791482210159302, 0.8521817326545715, -0.44256407022476196, 0.14645402133464813, 0.41770970821380615, 0.8966994285583496),
            ["RightHand"] = CFrame.new(0.0000012516975402832031, 0.0000011920928955078125, -0.0000011622905731201172, 0.9066603779792786, -0.1099073588848114, 0.40729305148124695, 0.10986445099115372, 0.9936670064926147, 0.02357250265777111, -0.40730422735214233, 0.023374710232019424, 0.912993311882019),
            ["UpperTorso"] = CFrame.new(-7.82310962677002e-08, 1.1920928955078125e-07, 5.587935447692871e-08, 0.88614422082901, 0.28913572430610657, -0.36214479804039, -0.10108155012130737, 0.8832617998123169, 0.4578550457954407, 0.4522508680820465, -0.36911943554878235, 0.811923623085022),
            ["HumanoidRootPart"] = CFrame.new(0, 0, 0, 1, 0, 0, 0, 1, 0, 0, 0, 1),
            ["RightUpperLeg"] = CFrame.new(-2.9802322387695312e-08, 2.1979212760925293e-07, -1.6596459317952394e-08, 0.9241560101509094, 0.2909979522228241, -0.24749958515167236, -0.3418238162994385, 0.3406362533569336, -0.8758559226989746, -0.1705649048089981, 0.8940286040306091, 0.4142708480358124),
            ["LeftUpperArm"] = CFrame.new(0.02920287847518921, -0.023888349533081055, 0.06496530771255493, 0.37243005633354187, 0.6324911117553711, -0.6791559457778931, -0.4316166639328003, 0.7658861875534058, 0.4765760898590088, 0.8215855956077576, 0.11564391851425171, 0.5582314729690552),
            ["RightLowerArm"] = CFrame.new(4.470348358154297e-07, 3.5762786865234375e-07, -0.000003874301910400391, 1, 0.000009343960300611798, 0.00001684576454863418, 0.000018760560124064796, -0.6628074049949646, -0.7487899661064148, 0.000004351138613856165, 0.7487898468971252, -0.6628073453903198),
            ["LeftHand"] = CFrame.new(-0.000001385807991027832, -4.76837158203125e-07, 4.470348358154297e-07, 0.6628085374832153, -0.2773057818412781, -0.6955471038818359, 0.3862685263156891, 0.9223869442939758, 0.00034097590832971036, 0.6414682269096375, -0.2688940763473511, 0.7184805274009705),
            ["LeftFoot"] = CFrame.new(-3.67872416973114e-08, 1.7881393432617188e-07, 4.563480615615845e-08, 0.9810855388641357, 0.022702917456626892, -0.19223889708518982, -0.12170972675085068, 0.844589114189148, -0.5213981866836548, 0.15052568912506104, 0.5349336266517639, 0.8313772678375244),
            ["LowerTorso"] = CFrame.new(0.005841528996825218, -0.10580050945281982, -0.27476799488067627, 0.4803882837295532, 0.18120762705802917, 0.8581322431564331, 0.21698662638664246, 0.9234516024589539, -0.3164713680744171, -0.8497905135154724, 0.3382323682308197, 0.4042956233024597),
            ["RightLowerLeg"] = CFrame.new(-1.043081283569336e-07, -0.0007264018058776855, 0.00004617294325726107, 1, 1.3038523150044057e-07, -2.7567151050789107e-07, 1.5366824257512235e-08, 0.8829154968261719, 0.4695315957069397, 3.259629295371269e-07, -0.46953195333480835, 0.8829157948493958),
            ["LeftUpperLeg"] = CFrame.new(-5.960464477539063e-08, 2.9802322387695312e-08, 1.4901161193847656e-08, 0.8979832530021667, 0.2771053612232208, 0.3418169319629669, -0.3021382987499237, 0.9530297517776489, 0.021138189360499382, -0.319904088973999, -0.1222577691078186, 0.9395288825035095),
            ["LeftLowerLeg"] = CFrame.new(4.284083843231201e-08, -0.0007264018058776855, 0.0000808844342827797, 1, 1.033767915714634e-07, -2.7008351111135198e-08, -4.842875611643649e-08, 0.5972813963890076, 0.8020316362380981, 8.381900329368364e-08, -0.8020317554473877, 0.5972815155982971),
        }},
        {Time = 0.117, Data = {
            ["RightFoot"] = CFrame.new(2.086162567138672e-07, 3.5762786865234375e-07, 2.2521271603181958e-07, 0.9482699036598206, 0.06227926164865494, -0.3112962245941162, -0.09170855581760406, 0.9925025701522827, -0.0807982012629509, 0.30393046140670776, 0.10516702383756638, 0.9468719363212585),
            ["LeftLowerArm"] = CFrame.new(8.344650268554688e-07, 1.7881393432617188e-07, 0.000005066394805908203, 1, 1.1920938902676426e-07, -3.874299636663636e-07, -1.1920928955078125e-07, -0.7528336644172668, -0.6582114696502686, -4.172325134277344e-07, 0.6582109332084656, -0.7528331279754639),
            ["RightUpperArm"] = CFrame.new(-0.02920210361480713, -0.023886680603027344, 0.06496614217758179, 0.9585657715797424, -0.2338477373123169, -0.16268785297870636, 0.2842623293399811, 0.7478593587875366, 0.5999175906181335, -0.018621960654854774, -0.6213065385818481, 0.7833463549613953),
            ["Head"] = CFrame.new(9.313225746154785e-10, -4.76837158203125e-07, 3.725290298461914e-09, 0.942543625831604, -0.33390554785728455, -0.010904587805271149, 0.29773759841918945, 0.8543599247932434, -0.425935834646225, 0.15153871476650238, 0.39821624755859375, 0.9046876430511475),
            ["RightHand"] = CFrame.new(0.0000010728836059570312, 0.0000014901161193847656, -9.387731552124023e-07, 0.8899635672569275, -0.07417697459459305, 0.4499589204788208, 0.06544028222560883, 0.9972437620162964, 0.034965116530656815, -0.45131200551986694, -0.0016723115695640445, 0.8923646211624146),
            ["UpperTorso"] = CFrame.new(-4.284083843231201e-08, -5.960464477539063e-08, -8.568167686462402e-08, 0.8800225257873535, 0.29897522926330566, -0.3690177798271179, -0.11279887706041336, 0.8863327503204346, 0.44909998774528503, 0.46134236454963684, -0.35359323024749756, 0.8137168288230896),
            ["HumanoidRootPart"] = CFrame.new(0, 0, 0, 1, 0, 0, 0, 1, 0, 0, 0, 1),
            ["RightUpperLeg"] = CFrame.new(-1.1920928955078125e-07, -1.1175870895385742e-08, -6.129994289949536e-08, 0.9226991534233093, 0.25942227244377136, -0.2851778566837311, -0.34122374653816223, 0.20528489351272583, -0.9172919392585754, -0.17942331731319427, 0.9436938762664795, 0.277937114238739),
            ["LeftUpperArm"] = CFrame.new(0.029202759265899658, -0.023888230323791504, 0.0649651288986206, 0.37309035658836365, 0.6276891827583313, -0.6832365989685059, -0.4025558531284332, 0.7729962468147278, 0.49033117294311523, 0.835914134979248, 0.09210317581892014, 0.5410759449005127),
            ["RightLowerArm"] = CFrame.new(4.470348358154297e-07, 7.748603820800781e-07, -0.000003635883331298828, 1, 0.000009660896466812119, 0.00001671910831646528, 0.000018745658962870948, -0.6809739470481873, -0.7323073744773865, 0.000004425644419825403, 0.7323077917098999, -0.6809743046760559),
            ["LeftHand"] = CFrame.new(-0.0000016242265701293945, -2.384185791015625e-07, 5.289912223815918e-07, 0.6469660401344299, -0.2874399423599243, -0.7062662243843079, 0.410815954208374, 0.9117037653923035, 0.005270214285701513, 0.6423901319503784, -0.2935551106929779, 0.7079268097877502),
            ["LeftFoot"] = CFrame.new(-2.9569491744041443e-08, 0, -2.7939677238464355e-08, 0.9766887426376343, 0.020299771800637245, -0.21369870007038116, -0.11456833779811859, 0.8911681771278381, -0.4389686584472656, 0.1815306544303894, 0.4532187581062317, 0.8727195262908936),
            ["LowerTorso"] = CFrame.new(-0.007141390815377235, -0.06709837913513184, -0.2785557806491852, 0.47164779901504517, 0.18121162056922913, 0.8629662394523621, 0.22244572639465332, 0.9225528836250305, -0.3153001070022583, -0.853268027305603, 0.3406737148761749, 0.3948102593421936),
            ["RightLowerLeg"] = CFrame.new(-1.2665987014770508e-07, -0.0007262825965881348, 0.000046068635128904134, 1, 2.6449566803421476e-07, -1.9744048529446445e-07, -7.660127465669575e-08, 0.6494262218475342, 0.7604244947433472, 2.9522922773139726e-07, -0.7604246139526367, 0.6494264602661133),
            ["LeftUpperLeg"] = CFrame.new(-2.9802322387695312e-08, -3.6135315895080566e-07, 3.3527612686157227e-08, 0.8886616230010986, 0.28904640674591064, 0.35599544644355774, -0.3168230354785919, 0.9482532739639282, 0.020953185856342316, -0.3315175175666809, -0.13140784204006195, 0.9342527985572815),
            ["LeftLowerLeg"] = CFrame.new(-5.4016709327697754e-08, -0.0007264614105224609, 0.00008105207234621048, 1, 6.658957119043407e-08, -4.0978193283081055e-08, -8.66129994392395e-08, 0.6218985319137573, 0.7830979824066162, 4.505272954702377e-08, -0.7830978631973267, 0.6218984127044678),
        }},
        {Time = 0.133, Data = {
            ["RightFoot"] = CFrame.new(2.2351741790771484e-07, 2.384185791015625e-07, 1.3580574886873364e-07, 0.9417657852172852, 0.029340535402297974, -0.33498719334602356, -0.07853394001722336, 0.9878285527229309, -0.13426555693149567, 0.326970636844635, 0.1527549773454666, 0.9326073527336121),
            ["LeftLowerArm"] = CFrame.new(0.0000012218952178955078, -5.960464477539063e-08, 0.0000050961971282958984, 1, 1.2665995541283337e-07, -4.768367034557741e-07, -1.341104507446289e-07, -0.7741185426712036, -0.6330414414405823, -4.172325134277344e-07, 0.6330407857894897, -0.7741178870201111),
            ["RightUpperArm"] = CFrame.new(-0.02920234203338623, -0.023886561393737793, 0.06496617197990417, 0.9624330997467041, -0.22360637784004211, -0.15402135252952576, 0.2706082761287689, 0.7435209155082703, 0.6115126013755798, -0.0222195815294981, -0.6302196383476257, 0.7760990262031555),
            ["Head"] = CFrame.new(0, -0.0000010728836059570312, -1.1175870895385742e-08, 0.9385467767715454, -0.34472429752349854, -0.017177823930978775, 0.3093583285808563, 0.8622435331344604, -0.4010408818721771, 0.1530599743127823, 0.3710814416408539, 0.9158990979194641),
            ["RightHand"] = CFrame.new(8.940696716308594e-07, 0.0000012516975402832031, -6.854534149169922e-07, 0.8803976774215698, -0.04729848727583885, 0.47187215089797974, 0.028352076187729836, 0.9984837174415588, 0.047185078263282776, -0.47338804602622986, -0.028163248673081398, 0.8804033994674683),
            ["UpperTorso"] = CFrame.new(-8.568167686462402e-08, -1.4901161193847656e-07, -8.195638656616211e-08, 0.8683014512062073, 0.313396692276001, -0.38449332118034363, -0.1291118562221527, 0.8912043571472168, 0.4348389804363251, 0.4789392054080963, -0.327928751707077, 0.8142973184585571),
            ["HumanoidRootPart"] = CFrame.new(0, 0, 0, 1, 0, 0, 0, 1, 0, 0, 0, 1),
            ["RightUpperLeg"] = CFrame.new(-2.086162567138672e-07, -4.805624485015869e-07, 2.8107024263590574e-08, 0.918860137462616, 0.22941690683364868, -0.32103583216667175, -0.3514910638332367, 0.10617999732494354, -0.93015056848526, -0.17930486798286438, 0.9675194025039673, 0.17820245027542114),
            ["LeftUpperArm"] = CFrame.new(0.029202938079833984, -0.023888349533081055, 0.06496521830558777, 0.3636477291584015, 0.626955509185791, -0.6889771819114685, -0.3741181492805481, 0.7756369709968567, 0.5083519816398621, 0.85310959815979, 0.07289829105138779, 0.5166128277778625),
            ["RightLowerArm"] = CFrame.new(8.940696716308594e-08, 9.5367431640625e-07, -0.0000036954879760742188, 1, 0.000010082967492053285, 0.00001654027983022388, 0.000018671154975891113, -0.6998400092124939, -0.7143002152442932, 0.000004231929779052734, 0.7142996788024902, -0.6998394727706909),
            ["LeftHand"] = CFrame.new(-0.0000014975666999816895, -2.980232238769531e-07, 4.917383193969727e-07, 0.6233625411987305, -0.28936007618904114, -0.7264220714569092, 0.43272867798805237, 0.9014414548873901, 0.012257499620318413, 0.6512795686721802, -0.32198473811149597, 0.6871395707130432),
