return {
    ["GET JIGGY"] = {
        {Time = 0.000, Data = {
            ["UpperTorso"] = CFrame.new(-2.60770320892334e-08, 0, -4.6566128730773926e-09, 0.9938614964485168, -0.08703147619962692, -0.06830131262540817, 0.09414251893758774, 0.9895819425582886, 0.10892585664987564, 0.0581098347902298, -0.11468729376792908, 0.9917005896568298),
            ["LeftLowerArm"] = CFrame.new(0.0000016093254089355469, -4.76837158203125e-07, 0.000004656612873077393, 1, 3.3527619791584584e-08, -5.087351340193891e-08, -1.3154934208614577e-07, -0.03462608903646469, -0.9994004368782043, -4.190952651583757e-08, 0.9994003772735596, -0.03462615981698036),
            ["RightUpperArm"] = CFrame.new(-0.02920234203338623, -0.023885726928710938, 0.06496614217758179, 0.6773606538772583, -0.7334532141685486, -0.056825004518032074, 0.23318639397621155, 0.14080683887004852, 0.9621837139129639, -0.6977154016494751, -0.6649961471557617, 0.2664082944393158),
            ["Head"] = CFrame.new(-4.423782229423523e-09, -5.960464477539062e-07, -1.6763806343078613e-08, 0.5846046209335327, 0.09556607902050018, -0.805670440196991, 0.13321325182914734, 0.9682544469833374, 0.2115124613046646, 0.8003072738647461, -0.2309771180152893, 0.553315281867981),
            ["LeftUpperLeg"] = CFrame.new(-8.940696716308594e-08, 4.6566128730773926e-09, -9.313225746154785e-09, 0.9280298948287964, 0.33898603916168213, -0.15443108975887299, -0.24008460342884064, 0.22732439637184143, -0.943760097026825, -0.2848154902458191, 0.9129140377044678, 0.292349249124527),
            ["RightHand"] = CFrame.new(3.46451997756958e-07, 0.0000012516975402832031, -9.052455425262451e-07, 0.5331791043281555, 0.43919068574905396, -0.7230702042579651, -0.6385897994041443, 0.7695398330688477, -0.0034684857819229364, 0.5549082159996033, 0.4635947346687317, 0.6907658576965332),
            ["HumanoidRootPart"] = CFrame.new(0, 0, 0, 1, 0, 0, 0, 1, 0, 0, 0, 1),
            ["RightUpperLeg"] = CFrame.new(-1.1920928955078125e-07, -7.252674549818039e-08, -1.845910446718335e-08, 0.6218035817146301, -0.17493586242198944, -0.763385534286499, 0.20745331048965454, 0.9767065048217773, -0.054842397570610046, 0.7551976442337036, -0.12426576018333435, 0.6436107158660889),
            ["LeftUpperArm"] = CFrame.new(0.029202520847320557, -0.0238877534866333, 0.06496518850326538, -0.18670505285263062, 0.25211432576179504, -0.9495154619216919, -0.7099792957305908, 0.6334019303321838, 0.3077847957611084, 0.6790217161178589, 0.731601357460022, 0.06073664128780365),
            ["RightLowerArm"] = CFrame.new(0, 2.980232238769531e-07, -0.0000037141144275665283, 1, -0.0000034049157875415403, 0.000019183849872206338, 0.000018998976884176955, -0.05264903977513313, -0.9986131191253662, 0.000004388391062093433, 0.998613178730011, -0.05264906957745552),
            ["LeftHand"] = CFrame.new(-0.0000015827827155590057, -0.0000011920928955078125, -4.470348358154297e-08, 0.5787379145622253, -0.5903698205947876, -0.5626057386398315, 0.6068388819694519, 0.7726302742958069, -0.18651928007602692, 0.5448018908500671, -0.23346540331840515, 0.8054101467132568),
            ["LowerTorso"] = CFrame.new(0.06343963742256165, -0.20354068279266357, 0.10229197889566422, 0.9866532683372498, -0.07431914657354355, 0.1448868066072464, 0.08145309239625931, 0.9957083463668823, -0.04393601790070534, -0.1409997195005417, 0.055151086300611496, 0.9884722828865051),
            ["LeftFoot"] = CFrame.new(8.195638656616211e-08, -1.7881393432617188e-07, 4.470348358154297e-08, 0.9822835922241211, -0.055384561419487, 0.17902901768684387, 0.006522882729768753, 0.9648557305335999, 0.2626993954181671, -0.18728691339492798, -0.25687748193740845, 0.9481232762336731),
            ["RightLowerLeg"] = CFrame.new(1.4901161193847656e-08, -0.0007266402244567871, 0.00004603883280651644, 1, 8.940699558479537e-08, -2.980232949312267e-08, -8.195636524988004e-08, 0.6672059297561646, 0.7448732256889343, 7.823107495141812e-08, -0.7448734045028687, 0.6672060489654541),
            ["RightFoot"] = CFrame.new(9.685754776000977e-08, -1.1920928955078125e-07, -2.8107024263590574e-08, 0.9499056935310364, 0.2870368957519531, -0.12364869564771652, -0.3120012879371643, 0.8940588235855103, -0.3214254081249237, 0.01828829199075699, 0.34390226006507874, 0.9388272762298584),
            ["LeftLowerLeg"] = CFrame.new(2.9802322387695312e-08, -0.0007265806198120117, 0.00008079409599304199, 1, 6.891786341611805e-08, 9.313225746154785e-08, -1.1920927533992653e-07, -0.1368780881166458, 0.9905879497528076, 1.0803340444454079e-07, -0.9905878901481628, -0.13687820732593536),
        }},
        {Time = 0.033, Data = {
            ["UpperTorso"] = CFrame.new(-9.313225746154785e-09, -4.76837158203125e-07, -5.122274160385132e-09, 0.9885131120681763, -0.10284694284200668, -0.11074510961771011, 0.11461957544088364, 0.9877610802650452, 0.10578463971614838, 0.09851019084453583, -0.1172630563378334, 0.9882029891014099),
            ["LeftLowerArm"] = CFrame.new(5.066394805908203e-07, 1.1920928955078125e-07, 0.000005187466740608215, 1, 2.444721758365631e-09, 8.149074659513644e-08, -4.5634813261585805e-08, -0.03530556708574295, -0.9993765950202942, -3.3527616238870905e-08, 0.9993765354156494, -0.035305581986904144),
            ["RightUpperArm"] = CFrame.new(-0.02920234203338623, -0.02388584613800049, 0.06496611982584, 0.6006447076797485, -0.7673637866973877, -0.22445325553417206, 0.3108563721179962, -0.0345059372484684, 0.9498304724693298, -0.7366099953651428, -0.640282928943634, 0.21781392395496368),
            ["Head"] = CFrame.new(3.92901711165905e-08, -7.152557373046875e-07, -1.0943040251731873e-08, 0.5617406368255615, 0.1787436455488205, -0.8077738881111145, 0.09156667441129684, 0.956950306892395, 0.2754300534725189, 0.8222305178642273, -0.22868525981903076, 0.5211905241012573),
            ["LeftUpperLeg"] = CFrame.new(2.9802322387695312e-08, -3.3574178814888e-07, -9.313225746154785e-10, 0.8799251317977905, 0.4504474401473999, -0.15109354257583618, -0.29672351479530334, 0.27264341711997986, -0.9152162075042725, -0.37106186151504517, 0.8501545786857605, 0.3735641539096832),
            ["RightHand"] = CFrame.new(1.7881393432617188e-07, 7.152557373046875e-07, -8.754432201385498e-07, 0.3454435169696808, 0.6538335084915161, -0.6731787919998169, -0.8963061571121216, 0.44240283966064453, -0.030252736061811447, 0.27803605794906616, 0.6138253211975098, 0.7388607859611511),
            ["HumanoidRootPart"] = CFrame.new(0, 0, 0, 1, 0, 0, 0, 1, 0, 0, 0, 1),
            ["RightUpperLeg"] = CFrame.new(2.9802322387695312e-08, -3.356544766575098e-07, 1.762964529916644e-08, 0.655610203742981, -0.12687113881111145, -0.7443652153015137, 0.1808953434228897, 0.9834674000740051, -0.008298025466501713, 0.7331113219261169, -0.1292119175195694, 0.6677212715148926),
            ["LeftUpperArm"] = CFrame.new(0.029202759265899658, -0.0238877534866333, 0.06496519595384598, -0.25436651706695557, 0.22821718454360962, -0.9397951364517212, -0.7340629696846008, 0.5871096253395081, 0.3412543535232544, 0.6296422481536865, 0.7766720056533813, 0.01818487048149109),
            ["RightLowerArm"] = CFrame.new(3.5762786865234375e-07, 3.5762786865234375e-07, -0.000003958120942115784, 1, -0.000007364899829553906, 0.000018090011508320458, 0.000019013883502339013, 0.1582203060388565, -0.9874038696289062, 0.000004380941845738562, 0.9874038696289062, 0.1582203060388565),
            ["LeftHand"] = CFrame.new(-0.0000014156103134155273, -0.0000012516975402832031, 7.450580596923828e-08, 0.7386379241943359, -0.39503297209739685, -0.5462256669998169, 0.39656156301498413, 0.9098941087722778, -0.12178618460893631, 0.5451173782348633, -0.12665624916553497, 0.8287374973297119),
            ["LowerTorso"] = CFrame.new(0.08593495190143585, -0.17185819149017334, 0.06279319524765015, 0.986091673374176, -0.09954416751861572, 0.13309478759765625, 0.10627291351556778, 0.9933440089225769, -0.044428501278162, -0.12778635323047638, 0.05795494467020035, 0.990106999874115),
            ["LeftFoot"] = CFrame.new(0, -1.1920928955078125e-07, 0, 0.9797338843345642, -0.05391091853380203, 0.1929129660129547, -0.0074137356132268906, 0.952680230140686, 0.30388399958610535, -0.20016668736934662, -0.299155592918396, 0.932973325252533),
            ["RightLowerLeg"] = CFrame.new(1.862645149230957e-09, -0.0007262825965881348, 0.000046012755774427205, 1, 1.3411049337719305e-07, -2.9802322387695312e-08, -6.332992796842518e-08, 0.717738926410675, 0.6963123083114624, 7.078050856534901e-08, -0.6963123083114624, 0.7177389860153198),
            ["RightFoot"] = CFrame.new(1.7881393432617188e-07, -5.960464477539063e-08, 1.0600342648103833e-07, 0.9765809774398804, 0.19838166236877441, -0.0832739993929863, -0.21448975801467896, 0.9280108213424683, -0.30461472272872925, 0.016848979517817497, 0.31534212827682495, 0.9488284587860107),
            ["LeftLowerLeg"] = CFrame.new(-5.960464477539063e-08, -0.0007265210151672363, 0.0000807764008641243, 1, 8.568170528633345e-08, 1.1175869474300271e-07, -7.450580596923828e-08, -0.07492253184318542, 0.9971893429756165, 1.4901161193847656e-07, -0.9971894025802612, -0.07492276281118393),
        }},
        {Time = 0.067, Data = {
            ["UpperTorso"] = CFrame.new(1.1175870895385742e-08, 1.4901161193847656e-07, -1.210719347000122e-08, 0.9802387952804565, -0.12039082497358322, -0.15696513652801514, 0.1365828514099121, 0.9858891367912292, 0.09678667038679123, 0.14309793710708618, -0.11631274968385696, 0.9828501343727112),
            ["LeftLowerArm"] = CFrame.new(0.000001519918441772461, -2.980232238769531e-07, 0.0000048317015171051025, 1, 5.960464477539063e-08, -9.272480383515358e-08, -9.872017869838601e-08, -0.035984959453344345, -0.9993523359298706, -3.725289943190546e-08, 0.9993523359298706, -0.03598497807979584),
            ["RightUpperArm"] = CFrame.new(-0.029202282428741455, -0.02388584613800049, 0.06496614962816238, 0.5277733206748962, -0.8020092248916626, -0.279708594083786, 0.42079901695251465, -0.039171356707811356, 0.9063078761100769, -0.737823486328125, -0.5960258841514587, 0.3168109059333801),
            ["Head"] = CFrame.new(6.565824151039124e-08, -9.5367431640625e-07, 5.587935447692871e-09, 0.5451176166534424, 0.2720734477043152, -0.7929837107658386, 0.04120377451181412, 0.9360374808311462, 0.349479615688324, 0.8373464345932007, -0.22318148612976074, 0.4990399479866028),
            ["LeftUpperLeg"] = CFrame.new(0, 2.3748725652694702e-08, -2.60770320892334e-08, 0.8181705474853516, 0.5642626285552979, -0.11047516018152237, -0.34021928906440735, 0.32020750641822815, -0.8841480612754822, -0.4635166823863983, 0.7609696984291077, 0.45395752787590027),
            ["RightHand"] = CFrame.new(2.384185791015625e-07, 0.0000010132789611816406, -0.0000010579824447631836, 0.296651154756546, 0.8084890246391296, -0.5082745552062988, -0.9549547433853149, 0.2468297928571701, -0.16473273932933807, -0.007727271877229214, 0.5342478156089783, 0.8452929854393005),
            ["HumanoidRootPart"] = CFrame.new(0, 0, 0, 1, 0, 0, 0, 1, 0, 0, 0, 1),
            ["RightUpperLeg"] = CFrame.new(2.9802322387695312e-08, -1.1059455573558807e-08, -1.6596459317952394e-08, 0.732691764831543, -0.09996578842401505, -0.6731789708137512, 0.13389797508716583, 0.9909940361976624, -0.0014254406560212374, 0.6672587394714355, -0.08909299224615097, 0.7394782900810242),
            ["LeftUpperArm"] = CFrame.new(0.02920246124267578, -0.02388787269592285, 0.06496523320674896, -0.31620362401008606, 0.2145974189043045, -0.9241014719009399, -0.7502890229225159, 0.5395570397377014, 0.3820267915725708, 0.5805872678756714, 0.8141413927078247, -0.009599823504686356),
            ["RightLowerArm"] = CFrame.new(5.960464477539063e-08, 4.172325134277344e-07, -0.000003647059202194214, 1, -0.000012308359146118164, 0.000015079976947163232, 0.000019028781025554053, 0.44149693846702576, -0.8972628116607666, 0.000004291533969080774, 0.8972628116607666, 0.44149699807167053),
            ["LeftHand"] = CFrame.new(-0.0000011809170246124268, -0.0000011920928955078125, 2.3515895009040833e-07, 0.8379494547843933, -0.14924457669258118, -0.5249441266059875, 0.13482451438903809, 0.9886776804924011, -0.06587117165327072, 0.5288318991661072, -0.015578581020236015, 0.8485839366912842),
            ["LowerTorso"] = CFrame.new(0.10936932265758514, -0.14485478401184082, 0.023374006152153015, 0.9843853712081909, -0.12703673541545868, 0.12184888869524002, 0.13328513503074646, 0.9900762438774109, -0.04454541951417923, -0.1149807795882225, 0.06009049341082573, 0.9915485978126526),
            ["LeftFoot"] = CFrame.new(7.450580596923828e-09, -2.980232238769531e-07, 0, 0.9784479141235352, 0.0616702139377594, 0.19706997275352478, -0.09301146119832993, 0.9836885333061218, 0.1539674699306488, -0.18436026573181152, -0.16897885501384735, 0.9682239294052124),
            ["RightLowerLeg"] = CFrame.new(-1.210719347000122e-08, -0.0007265210151672363, 0.000046039764129091054, 1, 1.043081780949251e-07, -1.4901166522918174e-08, -6.426126475389538e-08, 0.733924388885498, 0.6792311072349548, 2.2351745343485163e-08, -0.6792312860488892, 0.7339245080947876),
            ["RightFoot"] = CFrame.new(1.862645149230957e-07, -5.960464477539063e-08, 1.6596459317952394e-08, 0.9813063144683838, 0.18442299962043762, -0.05501069873571396, -0.19223783910274506, 0.9528123736381531, -0.23493215441703796, 0.009087787941098213, 0.2411157488822937, 0.9704538583755493),
            ["LeftLowerLeg"] = CFrame.new(-5.960464477539063e-08, -0.0007265806198120117, 0.00008084625005722046, 1, 1.1175873737556685e-07, 1.1175869474300271e-07, -3.725289943190546e-08, 0.029628770425915718, 0.9995609521865845, 9.685753354915505e-08, -0.9995610117912292, 0.029628749936819077),
        }},
        {Time = 0.100, Data = {
            ["UpperTorso"] = CFrame.new(4.150206223130226e-08, -4.172325134277344e-07, 6.984919309616089e-09, 0.9693655371665955, -0.14008450508117676, -0.2017596811056137, 0.15963293612003326, 0.9835923314094543, 0.08404471725225449, 0.18667572736740112, -0.11367765069007874, 0.9758225679397583),
            ["LeftLowerArm"] = CFrame.new(8.344650268554688e-07, -5.364418029785156e-07, 0.000004589557647705078, 1, 5.21540641784668e-08, -5.3085386753082275e-08, -3.91155481338501e-08, -0.03632472828030586, -0.9993400573730469, -1.4901161193847656e-08, 0.9993401169776917, -0.036324769258499146),
            ["RightUpperArm"] = CFrame.new(-0.02920222282409668, -0.02388584613800049, 0.06496614217758179, 0.4496820867061615, -0.8564037680625916, -0.2536900043487549, 0.580129086971283, 0.0640786737203598, 0.8120002150535583, -0.6791437864303589, -0.5123148560523987, 0.5256397724151611),
            ["Head"] = CFrame.new(2.561137080192566e-08, -5.960464477539062e-07, -1.862645149230957e-09, 0.5379847884178162, 0.34890276193618774, -0.767358660697937, -0.0046979826875030994, 0.9115471839904785, 0.41116854548454285, 0.8429414629936218, -0.2175973355770111, 0.49203768372535706),
            ["LeftUpperLeg"] = CFrame.new(-5.960464477539063e-08, -5.147885531187057e-07, 0, 0.7485055923461914, 0.6620803475379944, 0.03727368637919426, -0.33401477336883545, 0.4249805808067322, -0.841323733329773, -0.572864294052124, 0.6172853708267212, 0.5392448306083679),
            ["RightHand"] = CFrame.new(7.599592208862305e-07, 0.0000013113021850585938, -5.066394805908203e-07, 0.36238595843315125, 0.9105436205863953, -0.19896328449249268, -0.9244183897972107, 0.3239191770553589, -0.2013133466243744, -0.1188567504286766, 0.2568788230419159, 0.9591072201728821),
            ["HumanoidRootPart"] = CFrame.new(0, 0, 0, 1, 0, 0, 0, 1, 0, 0, 0, 1),
            ["RightUpperLeg"] = CFrame.new(5.960464477539063e-08, -4.7031790018081665e-07, -9.145878721028566e-09, 0.81136155128479, -0.08761291205883026, -0.5779414772987366, 0.08541692048311234, 0.9958614110946655, -0.031052030622959137, 0.5782701373100281, -0.024171654134988785, 0.8154872059822083),
            ["LeftUpperArm"] = CFrame.new(0.02920287847518921, -0.02388739585876465, 0.06496519595384598, -0.3757654130458832, 0.20098382234573364, -0.9046579599380493, -0.7593672275543213, 0.4927746057510376, 0.4248937964439392, 0.5311890840530396, 0.846627950668335, -0.03254718706011772),
            ["RightLowerArm"] = CFrame.new(2.384185791015625e-07, 2.980232238769531e-07, -0.000004105269908905029, 1, -0.000016178937585209496, 0.00001081079517462058, 0.00001896918001875747, 0.686622142791748, -0.7270144820213318, 0.0000043511395233508665, 0.7270145416259766, 0.686622142791748),
            ["LeftHand"] = CFrame.new(-0.0000014156103134155273, -0.0000011324882507324219, 4.675239324569702e-07, 0.8564260601997375, 0.10822004079818726, -0.5047993659973145, -0.13540257513523102, 0.9906389713287354, -0.01734379678964615, 0.49819743633270264, 0.08320485800504684, 0.8630625009536743),
            ["LowerTorso"] = CFrame.new(0.12734197080135345, -0.12962114810943604, -0.015738140791654587, 0.9817275404930115, -0.15095637738704681, 0.11585915088653564, 0.15695632994174957, 0.9866031408309937, -0.04448714479804039, -0.10759134590625763, 0.061859119683504105, 0.992268979549408),
            ["LeftFoot"] = CFrame.new(0, 0, 7.450580596923828e-09, 0.9881309270858765, 0.004522588569670916, 0.15354710817337036, -0.005167435389012098, 0.9999794363975525, 0.0038007590919733047, -0.15352699160575867, -0.004549263510853052, 0.9881340265274048),
            ["RightLowerLeg"] = CFrame.new(-5.21540641784668e-08, -0.0007263422012329102, 0.00004603883280651644, 1, 7.450584149637507e-08, -3.7252917195473856e-08, 0, 0.7437066435813904, 0.6685062050819397, 6.332993507385254e-08, -0.6685062050819397, 0.7437066435813904),
            ["RightFoot"] = CFrame.new(2.60770320892334e-07, -1.7881393432617188e-07, 3.149762051180005e-08, 0.9910073280334473, 0.12905167043209076, -0.03535943105816841, -0.1337105929851532, 0.9651684761047363, -0.22488072514533997, 0.005106482654809952, 0.22758641839027405, 0.9737445712089539),
            ["LeftLowerLeg"] = CFrame.new(5.960464477539063e-08, -0.0007263422012329102, 0.0000810772180557251, 1, 8.940695295223122e-08, 2.2351738238057806e-08, -5.215405707303944e-08, 0.27478334307670593, 0.961506187915802, 5.960463766996327e-08, -0.9615062475204468, 0.27478328347206116),
        }},
        {Time = 0.133, Data = {
            ["UpperTorso"] = CFrame.new(2.2584572434425354e-08, -5.960464477539063e-08, -2.1420419216156006e-08, 0.954222559928894, -0.1539129912853241, -0.25645729899406433, 0.17647740244865417, 0.9820021986961365, 0.06728554517030716, 0.24148543179035187, -0.10946427285671234, 0.9642108082771301),
            ["LeftLowerArm"] = CFrame.new(9.5367431640625e-07, -4.172325134277344e-07, 0.000004723668098449707, 1, 5.2154071283894154e-08, -4.284083843231201e-08, -2.0489101970611046e-08, -0.036664847284555435, -0.9993276000022888, -1.4901164746561335e-08, 0.9993276596069336, -0.03666485846042633),
            ["RightUpperArm"] = CFrame.new(-0.029202163219451904, -0.023885369300842285, 0.0649661123752594, 0.37713611125946045, -0.9100165367126465, -0.17215798795223236, 0.775368332862854, 0.2085682451725006, 0.5960733890533447, -0.5065298080444336, -0.3582865297794342, 0.7842564582824707),
            ["Head"] = CFrame.new(1.0803341865539551e-07, -4.76837158203125e-07, -5.587935447692871e-09, 0.5592954754829407, 0.3718336224555969, -0.7408971190452576, -0.023660700768232346, 0.9005541801452637, 0.43409937620162964, 0.8286306858062744, -0.22525961697101593, 0.5124737024307251),
            ["LeftUpperLeg"] = CFrame.new(0, -1.2776581570506096e-08, -1.257285475730896e-08, 0.693875789642334, 0.6836397647857666, 0.22621548175811768, -0.27966737747192383, 0.5453281998634338, -0.7901918888092041, -0.6635681986808777, 0.48502984642982483, 0.5695817470550537),
            ["RightHand"] = CFrame.new(-3.725290298461914e-08, 0.0000010132789611816406, -8.791685104370117e-07, 0.5548276305198669, 0.8063461780548096, 0.20486944913864136, -0.8073328733444214, 0.5812991857528687, -0.10151609778404236, -0.2009476274251938, -0.10907388478517532, 0.9735107421875),
            ["HumanoidRootPart"] = CFrame.new(0, 0, 0, 1, 0, 0, 0, 1, 0, 0, 0, 1),
            ["RightUpperLeg"] = CFrame.new(-2.9802322387695312e-08, -1.1455267667770386e-07, -3.894820110872388e-08, 0.8765996694564819, -0.15133656561374664, -0.4568048417568207, 0.08907585591077805, 0.9838871955871582, -0.15502089262008667, 0.47290462255477905, 0.0952007845044136, 0.87595534324646),
            ["LeftUpperArm"] = CFrame.new(0.029202580451965332, -0.02388739585876465, 0.06496524065732956, -0.4131239950656891, 0.1968701183795929, -0.8891405463218689, -0.7619591355323792, 0.4599906802177429, 0.45588067173957825, 0.4987454116344452, 0.8658238053321838, -0.04002617299556732),
            ["RightLowerArm"] = CFrame.new(-5.960464477539063e-08, 5.960464477539062e-07, -0.000003635883331298828, 1, -0.000018215507225249894, 0.000006806106284784619, 0.0000189468282769667, 0.8371044993400574, -0.5470430254936218, 0.0000042617325561877806, 0.5470431447029114, 0.8371044993400574),
            ["LeftHand"] = CFrame.new(-0.0000014156103134155273, -0.0000010728836059570312, 1.7881393432617188e-07, 0.8360754251480103, 0.22327637672424316, -0.5011240243911743, -0.26020678877830505, 0.9655449986457825, -0.0039289589039981365, 0.4829808175563812, 0.1336808204650879, 0.8653666377067566),
            ["LowerTorso"] = CFrame.new(0.1134909987449646, -0.15154540538787842, -0.048890914767980576, 0.9812769889831543, -0.14603091776371002, 0.12558047473430634, 0.15159724652767181, 0.9877893924713135, -0.035922225564718246, -0.11880135536193848, 0.054287299513816833, 0.9914329648017883),
            ["LeftFoot"] = CFrame.new(6.705522537231445e-08, -1.1920928955078125e-07, 4.470348358154297e-08, 0.9908377528190613, -0.07092826813459396, 0.114934042096138, 0.08048701286315918, 0.9934771656990051, -0.08077778667211533, -0.10845479369163513, 0.08928819745779037, 0.9900834560394287),
            ["RightLowerLeg"] = CFrame.new(-2.9802322387695312e-08, -0.0007267594337463379, 0.00004600157990353182, 1, 1.0430816388407038e-07, -7.450581485102248e-09, -1.1175870895385742e-07, 0.6707478165626526, 0.7416853904724121, 8.568167686462402e-08, -0.7416855096817017, 0.6707479357719421),
            ["RightFoot"] = CFrame.new(2.1606683731079102e-07, -2.384185791015625e-07, -7.281050784513354e-08, 0.9952343106269836, 0.09738879650831223, -0.004927411675453186, -0.09565623849630356, 0.965218722820282, -0.2433158904314041, -0.018940197303891182, 0.24262772500514984, 0.9699345827102661),
            ["LeftLowerLeg"] = CFrame.new(-5.960464477539063e-08, -0.0007265806198120117, 0.00008083879947662354, 1, 8.568168397005138e-08, 1.3411042232291948e-07, -5.960465188081798e-08, 0.5087953209877014, 0.8608877658843994, 5.960465188081798e-08, -0.8608876466751099, 0.508794903755188),
        }},
        {Time = 0.167, Data = {
            ["UpperTorso"] = CFrame.new(2.0489096641540527e-08, -1.7881393432617188e-07, -1.7229467630386353e-08, 0.9364279508590698, -0.1686604619026184, -0.30766281485557556, 0.19197052717208862, 0.9802790284156799, 0.046908680349588394, 0.2936837673187256, -0.1029888167977333, 0.9503384828567505),
            ["LeftLowerArm"] = CFrame.new(0.0000011920928955078125, -4.76837158203125e-07, 0.00000476837158203125, 1, 2.2351741790771484e-08, -1.4528632164001465e-07, -6.426126475389538e-08, -0.028524618595838547, -0.9995931386947632, -2.2351745343485163e-08, 0.9995931386947632, -0.028524622321128845),
            ["RightUpperArm"] = CFrame.new(-0.02920234203338623, -0.023885726928710938, 0.06496615707874298, 0.3578631281852722, -0.9254229068756104, -0.12460433691740036, 0.9216566681861877, 0.328632652759552, 0.2062763273715973, -0.14994372427463531, -0.188661128282547, 0.9705276489257812),
            ["Head"] = CFrame.new(4.6566128730773926e-08, -5.960464477539062e-07, 7.450580596923828e-09, 0.5897656679153442, 0.3952985107898712, -0.7042125463485718, -0.051652777940034866, 0.8886885643005371, 0.45559293031692505, 0.8059208393096924, -0.23231856524944305, 0.5445363521575928),
            ["LeftUpperLeg"] = CFrame.new(0, -2.75962520390749e-07, -1.1175870895385742e-08, 0.6593887209892273, 0.6897751092910767, 0.29902639985084534, -0.23746295273303986, 0.5684741139411926, -0.7876856327056885, -0.7133147716522217, 0.4483833909034729, 0.5386413335800171),
            ["RightHand"] = CFrame.new(5.662441253662109e-07, 0.0000012516975402832031, -7.152557373046875e-07, 0.6479529738426208, 0.5356194376945496, 0.5415420532226562, -0.6350778937339783, 0.7724374532699585, -0.004121468868106604, -0.4205150902271271, -0.341251015663147, 0.8406635522842407),
            ["HumanoidRootPart"] = CFrame.new(0, 0, 0, 1, 0, 0, 0, 1, 0, 0, 0, 1),
            ["RightUpperLeg"] = CFrame.new(0, -2.654269337654114e-07, -2.7772330213338137e-08, 0.920782208442688, -0.21707139909267426, -0.3240987956523895, 0.13001984357833862, 0.9541378021240234, -0.2696588933467865, 0.3677701950073242, 0.2061576247215271, 0.9067767262458801),
            ["LeftUpperArm"] = CFrame.new(0.029202580451965332, -0.02388763427734375, 0.06496522575616837, -0.3224320411682129, 0.2546748220920563, -0.9116896986961365, -0.7389543652534485, 0.5342089533805847, 0.41056984663009644, 0.5915945768356323, 0.8060778975486755, 0.015946969389915466),
            ["RightLowerArm"] = CFrame.new(4.470348358154297e-07, 4.172325134277344e-07, -0.0000037550926208496094, 1, -0.000018479302525520325, 0.0000060340380514389835, 0.000018943101167678833, 0.8578142523765564, -0.5139598846435547, 0.000004326924681663513, 0.5139598250389099, 0.8578141927719116),
            ["LeftHand"] = CFrame.new(-0.0000015422701835632324, -0.0000011920928955078125, 2.682209014892578e-07, 0.7993748188018799, 0.20475298166275024, -0.5648679137229919, -0.23576602339744568, 0.9716328382492065, 0.0185520239174366, 0.5526430606842041, 0.11834666877985, 0.8249728679656982),
            ["LowerTorso"] = CFrame.new(0.09288455545902252, -0.19846749305725098, -0.07990452647209167, 0.979243278503418, -0.13982070982456207, 0.14674095809459686, 0.14487230777740479, 0.9891526699066162, -0.024268655106425285, -0.14175595343112946, 0.04502364248037338, 0.9888772964477539),
            ["LeftFoot"] = CFrame.new(7.82310962677002e-08, -1.7881393432617188e-07, -7.450580596923828e-08, 0.9927496910095215, -0.1011614054441452, 0.06491967290639877, 0.10534212738275528, 0.9923373460769653, -0.06457336246967316, -0.05788976326584816, 0.07094407081604004, 0.9957990646362305),
            ["RightLowerLeg"] = CFrame.new(8.195638656616211e-08, -0.0007263422012329102, 0.000046165492676664144, 1, 1.2665994120197865e-07, 4.4703494239684005e-08, -9.685753354915505e-08, 0.5866207480430603, 0.8098617792129517, 9.685753354915505e-08, -0.8098618388175964, 0.5866208672523499),
            ["RightFoot"] = CFrame.new(1.8998980522155762e-07, -1.1920928955078125e-07, 2.7772330213338137e-08, 0.9928456544876099, 0.09999708086252213, 0.0652550607919693, -0.07982043921947479, 0.9622688889503479, -0.26012927293777466, -0.08880515396595001, 0.25305959582328796, 0.9633662700653076),
            ["LeftLowerLeg"] = CFrame.new(1.1920928955078125e-07, -0.0007264614105224609, 0.00008091330528259277, 1, 5.02914261346632e-08, 2.048909131247001e-08, -9.685756197086448e-08, 0.5502521991729736, 0.834998607635498, 2.2351745343485163e-08, -0.834998607635498, 0.5502521991729736),
        }},
        {Time = 0.200, Data = {
            ["UpperTorso"] = CFrame.new(-4.284083843231201e-08, -3.2782554626464844e-07, 1.6298145055770874e-09, 0.9203361868858337, -0.18190941214561462, -0.346251904964447, 0.2045910805463791, 0.9783943295478821, 0.029785729944705963, 0.3333524763584137, -0.09825289994478226, 0.9376686811447144),
            ["LeftLowerArm"] = CFrame.new(0.000001341104507446289, -2.980232238769531e-07, 0.0000050067901611328125, 1, 6.33299421792799e-08, 1.210719613453648e-08, -5.308540096393699e-08, -0.024806462228298187, -0.9996923208236694, -3.72529100900465e-08, 0.9996922612190247, -0.02480650506913662),
            ["RightUpperArm"] = CFrame.new(-0.02920222282409668, -0.023885488510131836, 0.06496613472700119, 0.4150923192501068, -0.889032244682312, -0.19318357110023499, 0.8733829855918884, 0.4488588571548462, -0.18901874125003815, 0.25475597381591797, -0.09026305377483368, 0.9627834558486938),
            ["Head"] = CFrame.new(8.754432201385498e-08, -5.960464477539062e-07, -2.2351741790771484e-08, 0.6214267611503601, 0.417400985956192, -0.663027286529541, -0.07852683961391449, 0.8751891851425171, 0.47736525535583496, 0.779526948928833, -0.2445821911096573, 0.576643168926239),
            ["LeftUpperLeg"] = CFrame.new(2.9802322387695312e-08, -9.057112038135529e-08, 2.421438694000244e-08, 0.6664870977401733, 0.6972978115081787, 0.26376304030418396, -0.22552728652954102, 0.525801420211792, -0.8201647996902466, -0.7105859518051147, 0.4871433973312378, 0.5076995491981506),
            ["RightHand"] = CFrame.new(3.241002559661865e-07, 0.0000011324882507324219, -7.525086402893066e-07, 0.59449702501297, 0.29605191946029663, 0.7476131319999695, -0.5870528817176819, 0.7951627373695374, 0.15193913877010345, -0.5494926571846008, -0.5292159914970398, 0.646520733833313),
            ["HumanoidRootPart"] = CFrame.new(0, 0, 0, 1, 0, 0, 0, 1, 0, 0, 0, 1),
            ["RightUpperLeg"] = CFrame.new(-8.940696716308594e-08, -2.146698534488678e-07, 3.892637323588133e-09, 0.9410808682441711, -0.27577531337738037, -0.19574148952960968, 0.20906543731689453, 0.9293733239173889, -0.3042314350605011, 0.2658163905143738, 0.2453836351633072, 0.9322707056999207),
            ["LeftUpperArm"] = CFrame.new(0.029202580451965332, -0.0238877534866333, 0.06496520340442657, -0.29210591316223145, 0.2910700738430023, -0.9110172390937805, -0.7142949104309082, 0.567029595375061, 0.41019564867019653, 0.635969340801239, 0.7705555558204651, 0.042277127504348755),
            ["RightLowerArm"] = CFrame.new(-1.7881393432617188e-07, 3.5762786865234375e-07, -0.000003904104232788086, 1, -0.00001703575617284514, 0.000009339306416222826, 0.000018969176380778663, 0.7479081749916077, -0.6638022065162659, 0.000004271044872439234, 0.6638022661209106, 0.7479081749916077),
            ["LeftHand"] = CFrame.new(-0.0000012367963790893555, -0.0000011920928955078125, 3.0547380447387695e-07, 0.7065703868865967, 0.1798349767923355, -0.6844100952148438, -0.18054556846618652, 0.9809739589691162, 0.07136858254671097, 0.6842234134674072, 0.07314034551382065, 0.7255958318710327),
            ["LowerTorso"] = CFrame.new(0.06806106865406036, -0.24525940418243408, -0.10868988931179047, 0.9767183065414429, -0.13357765972614288, 0.16786420345306396, 0.13767829537391663, 0.9903920292854309, -0.012978831306099892, -0.16451765596866608, 0.0357879176735878, 0.9857247471809387),
            ["LeftFoot"] = CFrame.new(3.3527612686157227e-08, -1.1920928955078125e-07, 2.2351741790771484e-08, 0.9937388896942139, -0.09990786761045456, 0.05001578852534294, 0.10551594197750092, 0.9863891005516052, -0.12610748410224915, -0.03673607483506203, 0.130595400929451, 0.9907549023628235),
            ["RightLowerLeg"] = CFrame.new(1.4901161193847656e-08, -0.0007263422012329102, 0.000046023000322747976, 1, 1.3411047916633834e-07, -4.4703497792397684e-08, 3.7252898543727042e-09, 0.5950579643249512, 0.8036826848983765, 6.752087955419483e-08, -0.8036828637123108, 0.5950582027435303),
            ["RightFoot"] = CFrame.new(1.3969838619232178e-07, 0, 9.145878721028566e-09, 0.96158367395401, 0.1527191400527954, 0.22810904681682587, -0.09273368120193481, 0.9628278017044067, -0.25369903445243835, -0.2583744525909424, 0.22279955446720123, 0.9400016665458679),
            ["LeftLowerLeg"] = CFrame.new(-4.470348358154297e-08, -0.0007265806198120117, 0.00008101761341094971, 1, 5.960463766996327e-08, 8.568167686462402e-08, 2.980232594040899e-08, 0.4530008137226105, 0.8915101885795593, 3.725290653733282e-08, -0.8915100693702698, 0.45300084352493286),
        }},
        {Time = 0.233, Data = {
            ["UpperTorso"] = CFrame.new(2.1420419216156006e-08, 2.086162567138672e-07, -2.2118911147117615e-09, 0.912613570690155, -0.189647376537323, -0.3621748089790344, 0.21263067424297333, 0.976830780506134, 0.02428749017417431, 0.3491773307323456, -0.0991746038198471, 0.9317936897277832),
            ["LeftLowerArm"] = CFrame.new(0.0000012218952178955078, -4.172325134277344e-07, 0.000004753470420837402, 1, 5.960464477539063e-08, -7.846393401678142e-08, -5.21540641784668e-08, -0.0063417647033929825, -0.9999799132347107, -1.4901161193847656e-08, 0.9999799132347107, -0.006341787986457348),
            ["RightUpperArm"] = CFrame.new(-0.029202282428741455, -0.023885369300842285, 0.06496614962816238, 0.496316134929657, -0.8086283802986145, -0.3158966898918152, 0.6890183091163635, 0.5882713198661804, -0.4233091473579407, 0.5281327366828918, -0.007563448511064053, 0.8491281867027283),
            ["Head"] = CFrame.new(1.2665987014770508e-07, -4.76837158203125e-07, 1.4901161193847656e-08, 0.6499409079551697, 0.4330022931098938, -0.6245688199996948, -0.09130419045686722, 0.8603531718254089, 0.5014538168907166, 0.7544803023338318, -0.2688896059989929, 0.5987135767936707),
            ["LeftUpperLeg"] = CFrame.new(0, 1.4738179743289948e-07, 1.5832483768463135e-08, 0.6682020425796509, 0.6973095536231995, 0.2593560516834259, -0.21473467350006104, 0.5145344734191895, -0.8301466107368469, -0.7123167514801025, 0.4990127682685852, 0.4935494363307953),
            ["RightHand"] = CFrame.new(2.7939677238464355e-07, 9.5367431640625e-07, -8.009374141693115e-07, 0.6392735242843628, 0.0090715941041708, 0.7689253687858582, -0.5008612871170044, 0.7636516690254211, 0.4073997139930725, -0.5834957957267761, -0.6455647349357605, 0.49272653460502625),
            ["HumanoidRootPart"] = CFrame.new(0, 0, 0, 1, 0, 0, 0, 1, 0, 0, 0, 1),
            ["RightUpperLeg"] = CFrame.new(0, 1.7601996660232544e-07, -1.845910446718335e-08, 0.9356839060783386, -0.2937018871307373, -0.19553709030151367, 0.2248629778623581, 0.9234269261360168, -0.31099772453308105, 0.2719048261642456, 0.24702630937099457, 0.930078387260437),
            ["LeftUpperArm"] = CFrame.new(0.02920287847518921, -0.02388739585876465, 0.06496520340442657, -0.29304081201553345, 0.34183695912361145, -0.8929024934768677, -0.68304842710495, 0.5786247253417969, 0.44568851590156555, 0.669008195400238, 0.7405003905296326, 0.06393054872751236),
            ["RightLowerArm"] = CFrame.new(3.2782554626464844e-07, 3.5762786865234375e-07, -0.0000039637088775634766, 1, -0.000014625489711761475, 0.000012815000445698388, 0.00001898407754197251, 0.5856486558914185, -0.8105651140213013, 0.000004280358098185388, 0.8105649948120117, 0.5856485962867737),
            ["LeftHand"] = CFrame.new(-0.0000015050172805786133, -0.0000011920928955078125, 1.3690441846847534e-07, 0.6082950830459595, 0.18374791741371155, -0.7721484303474426, -0.15368203818798065, 0.9816904067993164, 0.11254268139600754, 0.7786905765533447, 0.050206258893013, 0.6253966689109802),
            ["LowerTorso"] = CFrame.new(0.04098596051335335, -0.26698780059814453, -0.13455800712108612, 0.975774347782135, -0.1278206706047058, 0.17755700647830963, 0.13082817196846008, 0.9913910627365112, -0.00528545118868351, -0.17535284161567688, 0.028386855497956276, 0.9840964078903198),
            ["LeftFoot"] = CFrame.new(2.2351741790771484e-08, -1.1920928955078125e-07, 7.450580596923828e-09, 0.9943186044692993, -0.09887994825839996, 0.039412181824445724, 0.10419230908155441, 0.9798737168312073, -0.1702687293291092, -0.021782606840133667, 0.17340779304504395, 0.9846092462539673),
            ["RightLowerLeg"] = CFrame.new(7.450580596923828e-08, -0.0007265806198120117, 0.000046121720515657216, 1, 1.415610881849716e-07, 7.450583261459087e-09, -6.33299421792799e-08, 0.5657831430435181, 0.8245539665222168, 1.005828522693264e-07, -0.8245540857315063, 0.5657833814620972),
            ["RightFoot"] = CFrame.new(1.1734664440155029e-07, -1.7881393432617188e-07, -1.3205863069742918e-08, 0.9670428037643433, 0.1642555594444275, 0.19454611837863922, -0.10586032271385193, 0.9542912840843201, -0.27950266003608704, -0.2315637171268463, 0.24969619512557983, 0.9402287006378174),
            ["LeftLowerLeg"] = CFrame.new(1.4901161193847656e-08, -0.0007266998291015625, 0.00008098781108856201, 1, 1.0430814256778831e-07, 4.284083487959833e-08, -7.450579886381092e-08, 0.4011279046535492, 0.9160221219062805, 6.70552182668871e-08, -0.9160221219062805, 0.4011279344558716),
        }},
        {Time = 0.267, Data = {
            ["UpperTorso"] = CFrame.new(2.9802322387695312e-08, -8.940696716308594e-08, -2.3283064365386963e-08, 0.9307588934898376, -0.1929156482219696, -0.31059861183166504, 0.21549208462238312, 0.9756966829299927, 0.03974221274256706, 0.2953829765319824, -0.10392187535762787, 0.9497100114822388),
            ["LeftLowerArm"] = CFrame.new(0.0000014007091522216797, -2.384185791015625e-07, 0.0000046193599700927734, 1, 1.862645149230957e-08, -9.220093488693237e-08, -1.0803340444454079e-07, 0.030293840914964676, -0.9995411038398743, -3.725289943190546e-08, 0.9995410442352295, 0.03029382973909378),
            ["RightUpperArm"] = CFrame.new(-0.029202282428741455, -0.023885726928710938, 0.06496613472700119, 0.5847248435020447, -0.7063183188438416, -0.39901238679885864, 0.4951636493206024, 0.7003551721572876, -0.5141164660453796, 0.6425805687904358, 0.10304022580385208, 0.7592584490776062),
            ["Head"] = CFrame.new(2.9802322387695312e-08, -9.5367431640625e-07, 0, 0.6764896512031555, 0.4158100485801697, -0.607835054397583, -0.05768287926912308, 0.8527371883392334, 0.5191455483436584, 0.7341896891593933, -0.31613507866859436, 0.6008531451225281),
            ["LeftUpperLeg"] = CFrame.new(2.9802322387695312e-08, -1.424923539161682e-07, -3.725290298461914e-09, 0.5955776572227478, 0.7409025430679321, 0.3104042112827301, -0.27931588888168335, 0.5533046722412109, -0.7847527265548706, -0.753173291683197, 0.38068029284477234, 0.5364814400672913),
            ["RightHand"] = CFrame.new(3.8743019104003906e-07, 0.0000011324882507324219, -7.133930921554565e-07, 0.6030462384223938, -0.2109125256538391, 0.769318163394928, -0.20118916034698486, 0.8930229544639587, 0.4025334119796753, -0.7719184756278992, -0.39752474427223206, 0.4961013197898865),
            ["HumanoidRootPart"] = CFrame.new(0, 0, 0, 1, 0, 0, 0, 1, 0, 0, 0, 1),
            ["RightUpperLeg"] = CFrame.new(-5.960464477539063e-08, -6.891787052154541e-08, 2.029992174357176e-09, 0.9467425346374512, -0.2837432324886322, -0.15221141278743744, 0.2396763116121292, 0.9366764426231384, -0.25532838702201843, 0.21502052247524261, 0.2052486091852188, 0.9547979235649109),
            ["LeftUpperArm"] = CFrame.new(0.029202640056610107, -0.02388763427734375, 0.06496523320674896, -0.2394493967294693, 0.4096665382385254, -0.8802483677864075, -0.6078173518180847, 0.6437341570854187, 0.4649348855018616, 0.7571144104003906, 0.6463587284088135, 0.09486061334609985),
            ["RightLowerArm"] = CFrame.new(7.450580596923828e-07, 4.76837158203125e-07, -0.000003904104232788086, 1, -0.000012516975402832031, 0.00001490116301283706, 0.000018980355889652856, 0.45627012848854065, -0.8898413181304932, 0.000004336238362157019, 0.8898413181304932, 0.45627015829086304),
            ["LeftHand"] = CFrame.new(-0.0000014156103134155273, -0.0000011920928955078125, 3.8370490074157715e-07, 0.5251563191413879, 0.24312369525432587, -0.8155373334884644, -0.21525880694389343, 0.9651078581809998, 0.1490994691848755, 0.8233314156532288, 0.09725107997655869, 0.5591673851013184),
            ["LowerTorso"] = CFrame.new(0.009412306360900402, -0.264487624168396, -0.19731464982032776, 0.9853566884994507, -0.12547166645526886, 0.11545173078775406, 0.13235653936862946, 0.989729642868042, -0.054008763283491135, -0.10748939216136932, 0.06849867850542068, 0.9918438196182251),
