return {
    ["Get Out of Your Mind"] = {
        {Time = 0.000, Data = {
            ["RightFoot"] = CFrame.new(3.0547380447387695e-07, -5.960464477539063e-08, -9.143695933744311e-08, 0.8680208921432495, 0.4963796138763428, 0.012121178209781647, -0.47658196091651917, 0.8397534489631653, -0.26016178727149963, -0.1393178403377533, 0.22004911303520203, 0.9654889702796936),
            ["LeftLowerArm"] = CFrame.new(0.0000012516975402832031, -5.364418029785156e-07, 0.000004753470420837402, 1, 1.788139627478813e-07, 3.725290653733282e-08, -1.4062970876693726e-07, 0.9933359026908875, -0.11525595188140869, -1.043081283569336e-07, 0.11525601148605347, 0.9933359026908875),
            ["RightUpperArm"] = CFrame.new(-0.04570639133453369, -0.001825094223022461, -0.1073719784617424, -0.36721694469451904, -0.6493849754333496, 0.6659210920333862, 0.32920753955841064, -0.7603379487991333, -0.5599187016487122, 0.869927704334259, 0.01361461728811264, 0.49299120903015137),
            ["Head"] = CFrame.new(-2.3865140974521637e-09, -8.344650268554688e-07, 1.790249370969832e-08, 0.9868373870849609, -0.041779689490795135, 0.15622544288635254, 0.11442022025585175, 0.863071084022522, -0.49195191264152527, -0.11428001523017883, 0.503351628780365, 0.8564910888671875),
            ["RightHand"] = CFrame.new(3.725290298461914e-07, 8.344650268554688e-07, -8.642673492431641e-07, 0.7533579468727112, -0.1527830958366394, -0.6396158337593079, -0.10825064778327942, 0.9305566549301147, -0.34977999329566956, 0.6486398577690125, 0.3327484726905823, 0.6845038533210754),
            ["UpperTorso"] = CFrame.new(3.725290298461914e-09, 8.940696716308594e-08, -6.344635039567947e-08, 0.9977816939353943, -0.03410704806447029, -0.057169195264577866, 0.028697529807686806, 0.9952608942985535, -0.09290989488363266, 0.06006715074181557, 0.09106316417455673, 0.9940319061279297),
            ["HumanoidRootPart"] = CFrame.new(0, 0, 0, 1, 0, 0, 0, 1, 0, 0, 0, 1),
            ["RightUpperLeg"] = CFrame.new(5.960464477539063e-08, -1.3317912817001343e-07, -5.012407200410962e-08, 0.7650898098945618, -0.6417926549911499, -0.05234286189079285, 0.3925374150276184, 0.5292943716049194, -0.7521713972091675, 0.5104429125785828, 0.5549321174621582, 0.6568853259086609),
            ["LeftUpperArm"] = CFrame.new(0.015303313732147217, -0.009197831153869629, -0.1067204624414444, 0.7048622369766235, 0.47154152393341064, 0.5299224853515625, -0.3161082863807678, 0.8775865435600281, -0.3604409992694855, -0.6350155472755432, 0.08654831349849701, 0.7676356434822083),
            ["RightLowerArm"] = CFrame.new(2.9802322387695312e-08, 0.0000010132789611816406, -0.0000034570693969726562, 1, -0.00001938641617016401, -4.321337314650009e-07, 0.000018943101167678833, 0.9803624749183655, -0.1972043812274933, 0.00000432133674621582, 0.19720442593097687, 0.9803624749183655),
            ["LeftHand"] = CFrame.new(-0.0000014901161193847656, -0.000001430511474609375, 8.940696716308594e-08, 0.9371801614761353, 0.1697479784488678, -0.3047601282596588, -0.1342184692621231, 0.9818323850631714, 0.13412904739379883, 0.3219919502735138, -0.08479847759008408, 0.9429373145103455),
            ["LeftFoot"] = CFrame.new(-5.960464477539063e-08, -1.7881393432617188e-07, 4.0978193283081055e-08, 0.878912091255188, -0.47386983036994934, 0.054414015263319016, 0.47509095072746277, 0.8595558404922485, -0.18828868865966797, 0.04245251789689064, 0.19134089350700378, 0.9806052446365356),
            ["LowerTorso"] = CFrame.new(0.0462697334587574, -0.4900684356689453, 0.2933950126171112, 0.9981276988983154, -0.028175001963973045, 0.05428849160671234, 0.018993737176060677, 0.9864829778671265, 0.16275975108146667, -0.05814041942358017, -0.16142389178276062, 0.9851710796356201),
            ["RightLowerLeg"] = CFrame.new(-9.313225746154785e-08, -0.0007264018058776855, 0.00004599925159709528, 1, 1.7881399116959074e-07, 0, -5.960463766996327e-08, 0.4768402576446533, 0.8789899349212646, 1.7299315402397042e-07, -0.8789899945259094, 0.4768403470516205),
            ["LeftUpperLeg"] = CFrame.new(-5.960464477539063e-08, 1.210719347000122e-08, -6.146728992462158e-08, 0.800127387046814, 0.5856021642684937, -0.1298704594373703, -0.45370447635650635, 0.4492257833480835, -0.7696418166160583, -0.39236268401145935, 0.674734354019165, 0.6251280903816223),
            ["LeftLowerLeg"] = CFrame.new(-4.470348358154297e-08, -0.0007266402244567871, 0.00008097290992736816, 1, 1.49011640360186e-07, 7.450581485102248e-09, -8.940698137394065e-08, 0.4676729440689087, 0.8839015960693359, 4.842878098543224e-08, -0.8839017152786255, 0.4676729142665863),
        }},
        {Time = 0.033, Data = {
            ["RightFoot"] = CFrame.new(3.650784492492676e-07, -1.7881393432617188e-07, 9.145878721028566e-09, 0.8645837903022766, 0.4980652332305908, 0.06653018295764923, -0.45932915806770325, 0.8370499014854431, -0.29726049304008484, -0.20374426245689392, 0.2264474481344223, 0.9524757266044617),
            ["LeftLowerArm"] = CFrame.new(0.000001341104507446289, -3.5762786865234375e-07, 0.000005245208740234375, 1, 1.1362138252479781e-07, 8.940698847936801e-08, -1.247972107876194e-07, 0.9989830255508423, -0.04508896544575691, -1.937150670983101e-07, 0.045089010149240494, 0.9989830851554871),
            ["RightUpperArm"] = CFrame.new(-0.05145186185836792, 0.002953171730041504, -0.0947512835264206, -0.48515820503234863, -0.84852135181427, 0.21126531064510345, 0.6425391435623169, -0.5098121762275696, -0.5720444917678833, 0.5930977463722229, -0.14178605377674103, 0.7925479412078857),
            ["Head"] = CFrame.new(-1.4435499906539917e-08, -9.5367431640625e-07, -4.470348358154297e-08, 0.9880810379981995, -0.006765829399228096, 0.15378597378730774, 0.09500332921743393, 0.812874972820282, -0.5746377110481262, -0.1211208924651146, 0.5823989510536194, 0.8038291931152344),
            ["RightHand"] = CFrame.new(-1.4901161193847656e-07, 7.152557373046875e-07, -9.5367431640625e-07, 0.5432018637657166, -0.248387411236763, -0.8020192384719849, -0.1847568303346634, 0.8964600563049316, -0.40277090668678284, 0.8190217614173889, 0.36696454882621765, 0.4410678744316101),
            ["UpperTorso"] = CFrame.new(9.313225746154785e-09, 2.682209014892578e-07, 4.6798959374427795e-08, 0.9962105751037598, -0.01611059159040451, -0.0854690745472908, 0.0026058705989271402, 0.9877820014953613, -0.15582051873207092, 0.0869351327419281, 0.1550072431564331, 0.9840808510780334),
            ["HumanoidRootPart"] = CFrame.new(0, 0, 0, 1, 0, 0, 0, 1, 0, 0, 0, 1),
            ["RightUpperLeg"] = CFrame.new(-5.960464477539063e-08, -1.6763806343078613e-08, 3.183231456205249e-08, 0.7483932375907898, -0.6616463661193848, -0.04617158696055412, 0.3581448197364807, 0.4617295563220978, -0.8115038275718689, 0.5582472085952759, 0.5907876491546631, 0.5825202465057373),
            ["LeftUpperArm"] = CFrame.new(0.009647071361541748, -0.011828064918518066, -0.09371916204690933, 0.41979649662971497, 0.6288327574729919, 0.654477059841156, -0.3658895194530487, 0.7771538496017456, -0.5120125412940979, -0.8305996060371399, -0.02452513761818409, 0.5563299059867859),
            ["RightLowerArm"] = CFrame.new(4.470348358154297e-07, 5.960464477539063e-08, -0.00000406801700592041, 1, -0.00001912564221129287, -0.0000031888484954833984, 0.000018954278857563622, 0.9984742403030396, -0.055219754576683044, 0.000004239380814397009, 0.05521974712610245, 0.9984742403030396),
            ["LeftHand"] = CFrame.new(-0.0000014603137969970703, -0.0000010728836059570312, 3.8743019104003906e-07, 0.951249361038208, 0.23677092790603638, -0.1976463794708252, -0.24129612743854523, 0.9704508781433105, 0.0012240746291354299, 0.19209611415863037, 0.04652692750096321, 0.980272650718689),
            ["LeftFoot"] = CFrame.new(-1.1175870895385742e-07, -1.7881393432617188e-07, -1.4901161193847656e-08, 0.8802438378334045, -0.47277146577835083, -0.04071960598230362, 0.4503169059753418, 0.8593191504478455, -0.2424565553665161, 0.14961779117584229, 0.19508405029773712, 0.9693074226379395),
            ["LowerTorso"] = CFrame.new(0.0450909286737442, -0.5459994077682495, 0.2756614685058594, 0.9983943700790405, -0.04334106668829918, 0.03647240996360779, 0.03515086695551872, 0.9789432287216187, 0.20108379423618317, -0.04441960155963898, -0.1994788944721222, 0.978894829750061),
            ["RightLowerLeg"] = CFrame.new(-3.2782554626464844e-07, -0.0007264614105224609, 0.000046116132580209523, 1, 1.9371513815258368e-07, 5.215408904746255e-08, -8.940698847936801e-08, 0.39943262934684753, 0.9167624115943909, 9.778889165090732e-08, -0.91676265001297, 0.3994329869747162),
            ["LeftUpperLeg"] = CFrame.new(-2.9802322387695312e-08, 1.6577541828155518e-07, 1.1175870895385742e-08, 0.7482444643974304, 0.6524085998535156, -0.12038754671812057, -0.4273878335952759, 0.3352362811565399, -0.8396168351173401, -0.5074150562286377, 0.6796908974647522, 0.529670238494873),
            ["LeftLowerLeg"] = CFrame.new(-1.4901161193847656e-08, -0.0007265210151672363, 0.00008097290992736816, 1, 1.4901161193847656e-07, 5.2154071283894154e-08, -1.043081283569336e-07, 0.3652602732181549, 0.9309054017066956, 8.195638656616211e-08, -0.9309054613113403, 0.3652603030204773),
        }},
        {Time = 0.067, Data = {
            ["RightFoot"] = CFrame.new(9.685754776000977e-08, 5.960464477539063e-08, -1.3205863069742918e-08, 0.8560311794281006, 0.5025715827941895, 0.1209644228219986, -0.44327110052108765, 0.8340665102005005, -0.32839643955230713, -0.2659350037574768, 0.22749720513820648, 0.936762273311615),
            ["LeftLowerArm"] = CFrame.new(9.238719940185547e-07, -2.980232238769531e-07, 0.000004976987838745117, 1, 1.0430814256778831e-07, 8.940698137394065e-08, -1.564621925354004e-07, 0.9912050366401672, -0.13233526051044464, -1.4901161193847656e-07, 0.13233523070812225, 0.991205096244812),
            ["RightUpperArm"] = CFrame.new(-0.05478125810623169, 0.00794827938079834, -0.07628431916236877, -0.3302538990974426, -0.9025045037269592, -0.27643778920173645, 0.9154981374740601, -0.2349802553653717, -0.32656940817832947, 0.22977280616760254, -0.3609291613101959, 0.9038442969322205),
            ["Head"] = CFrame.new(1.4901161193847656e-08, -3.5762786865234375e-07, 5.122274160385132e-09, 0.9894963502883911, 0.024081062525510788, 0.14253810048103333, 0.07020778954029083, 0.781871497631073, -0.6194741725921631, -0.12636405229568481, 0.6229745149612427, 0.7719681262969971),
            ["RightHand"] = CFrame.new(5.960464477539063e-08, 0.0000010132789611816406, -8.344650268554688e-07, -0.181059330701828, -0.40871018171310425, -0.8945240378379822, -0.07955470681190491, 0.9126631617546082, -0.40089577436447144, 0.9802492260932922, -0.0014221742749214172, -0.19776120781898499),
            ["UpperTorso"] = CFrame.new(4.190951585769653e-09, 2.682209014892578e-07, 1.3620592653751373e-08, 0.994050920009613, -0.0007598928059451282, -0.10891399532556534, -0.020269595086574554, 0.98121577501297, -0.19184570014476776, 0.10701385140419006, 0.19291210174560547, 0.97536301612854),
            ["HumanoidRootPart"] = CFrame.new(0, 0, 0, 1, 0, 0, 0, 1, 0, 0, 0, 1),
            ["RightUpperLeg"] = CFrame.new(-2.9802322387695312e-08, -5.4016709327697754e-08, -4.546745913103223e-08, 0.7307231426239014, -0.6811783313751221, -0.045163679867982864, 0.34337082505226135, 0.4239128828048706, -0.8380898833274841, 0.5900340676307678, 0.5969036221504211, 0.543659508228302),
            ["LeftUpperArm"] = CFrame.new(0.006443619728088379, -0.01330113410949707, -0.07540781795978546, 0.1817140132188797, 0.7041723132133484, 0.6863826513290405, -0.4363032281398773, 0.6832720637321472, -0.5854735374450684, -0.8812601566314697, -0.19308222830295563, 0.4313928484916687),
            ["RightLowerArm"] = CFrame.new(4.172325134277344e-07, 4.76837158203125e-07, -0.000003933906555175781, 1, -0.000019513070583343506, -4.4703490686970326e-08, 0.000018924471078207716, 0.9753815531730652, -0.22052398324012756, 0.000004306434675527271, 0.22052401304244995, 0.97538161277771),
            ["LeftHand"] = CFrame.new(-0.0000017285346984863281, -0.0000012516975402832031, 3.2782554626464844e-07, 0.9644033908843994, 0.23056551814079285, -0.12948203086853027, -0.228871688246727, 0.9730533957481384, 0.028019582852721214, 0.13245341181755066, 0.0026127404998987913, 0.9911858439445496),
            ["LeftFoot"] = CFrame.new(7.450580596923828e-09, -5.960464477539063e-08, -2.2351741790771484e-08, 0.8707597255706787, -0.4661092460155487, -0.1565873920917511, 0.4111984968185425, 0.8648921847343445, -0.2878846824169159, 0.2696169316768646, 0.18628984689712524, 0.9447765946388245),
            ["LowerTorso"] = CFrame.new(0.042240213602781296, -0.5913861989974976, 0.24533718824386597, 0.9984607100486755, -0.05332816019654274, 0.015241144225001335, 0.048989132046699524, 0.9768014550209045, 0.2084682732820511, -0.02600480057299137, -0.20740075409412384, 0.9779103994369507),
            ["RightLowerLeg"] = CFrame.new(-8.195638656616211e-08, -0.0007261037826538086, 0.00004603697016136721, 1, 1.788140480130096e-07, 5.2154071283894154e-08, -1.0430811414607888e-07, 0.34247973561286926, 0.9395252466201782, 1.2014059791454201e-07, -0.9395252466201782, 0.3424796462059021),
            ["LeftUpperLeg"] = CFrame.new(-2.9802322387695312e-08, 1.0803341865539551e-07, -1.0244548320770264e-08, 0.6757997274398804, 0.7315294146537781, -0.0903300866484642, -0.3960065245628357, 0.25698229670524597, -0.8815549612045288, -0.6216700077056885, 0.6315258741378784, 0.46335890889167786),
            ["LeftLowerLeg"] = CFrame.new(-3.725290298461914e-08, -0.0007264018058776855, 0.00008097290992736816, 1, 1.3411046495548362e-07, 0, -1.1920930376163597e-07, 0.2859354317188263, 0.9582489132881165, 4.842878098543224e-08, -0.9582489132881165, 0.28593534231185913),
        }},
        {Time = 0.100, Data = {
            ["RightFoot"] = CFrame.new(2.086162567138672e-07, 0, 4.267349140718579e-08, 0.8459944128990173, 0.5077520608901978, 0.16272969543933868, -0.42953020334243774, 0.8298279643058777, -0.3562157452106476, -0.31590715050697327, 0.23145918548107147, 0.9201247096061707),
            ["LeftLowerArm"] = CFrame.new(0.0000014007091522216797, -5.364418029785156e-07, 0.0000044405460357666016, 1, 1.3411047916633834e-07, 8.195639367158947e-08, -1.1175870895385742e-07, 0.9806751012802124, -0.1956435739994049, -1.30385160446167e-07, 0.19564348459243774, 0.9806751608848572),
            ["RightUpperArm"] = CFrame.new(-0.053393542766571045, 0.009244680404663086, -0.06644253432750702, 0.017352016642689705, -0.8979801535606384, -0.4396938979625702, 0.9411612153053284, 0.16311617195606232, -0.29598793387413025, 0.3375122547149658, -0.40868669748306274, 0.847974419593811),
            ["Head"] = CFrame.new(3.725290298461914e-09, -8.344650268554688e-07, 1.1641532182693481e-08, 0.9919834733009338, 0.03755366429686546, 0.12065889686346054, 0.0469064824283123, 0.7771821618080139, -0.6275253295898438, -0.11733970791101456, 0.6281542181968689, 0.7691900730133057),
            ["RightHand"] = CFrame.new(6.705522537231445e-08, 0.0000011920928955078125, -6.556510925292969e-07, -0.19151905179023743, -0.43014034628868103, -0.8822128176689148, -0.1467227041721344, 0.9012988209724426, -0.4075942635536194, 0.9704602360725403, 0.05137863755226135, -0.23572754859924316),
            ["UpperTorso"] = CFrame.new(-6.868503987789154e-09, -2.086162567138672e-07, -1.2376403901726007e-08, 0.9939048886299133, 0.017153196036815643, -0.10889880359172821, -0.03932729363441467, 0.9779954552650452, -0.20488609373569489, 0.10298801958560944, 0.20792008936405182, 0.9727090001106262),
            ["HumanoidRootPart"] = CFrame.new(0, 0, 0, 1, 0, 0, 0, 1, 0, 0, 0, 1),
            ["RightUpperLeg"] = CFrame.new(2.9802322387695312e-08, -1.601874828338623e-07, 7.850758265703917e-09, 0.7159925103187561, -0.6967763900756836, -0.0430978387594223, 0.34125885367393494, 0.40319010615348816, -0.8491053581237793, 0.6090133786201477, 0.5932456851005554, 0.5264623761177063),
            ["LeftUpperArm"] = CFrame.new(0.007871687412261963, -0.013691067695617676, -0.0658114105463028, -0.01049709226936102, 0.7741828560829163, 0.6328750848770142, -0.3987714350223541, 0.5771632790565491, -0.7126458287239075, -0.9169902801513672, -0.2598531246185303, 0.3026633560657501),
            ["RightLowerArm"] = CFrame.new(5.066394805908203e-07, 4.76837158203125e-07, -0.0000036954879760742188, 1, -0.000019334258468006738, -0.000001521781086921692, 0.000018931928934762254, 0.9895766377449036, -0.14400769770145416, 0.000004315749720262829, 0.14400769770145416, 0.9895765781402588),
            ["LeftHand"] = CFrame.new(-0.0000016540288925170898, -0.0000015497207641601562, -1.043081283569336e-07, 0.9704465866088867, 0.20849032700061798, -0.12151181697845459, -0.18811999261379242, 0.968993604183197, 0.16019520163536072, 0.1511436253786087, -0.13260194659233093, 0.9795776605606079),
            ["LeftFoot"] = CFrame.new(1.4901161193847656e-08, -1.1920928955078125e-07, -1.4901161193847656e-08, 0.8504260182380676, -0.46675941348075867, -0.24271643161773682, 0.3825978934764862, 0.8653774857521057, -0.3236367106437683, 0.36110183596611023, 0.18236646056175232, 0.9145207405090332),
            ["LowerTorso"] = CFrame.new(0.039716921746730804, -0.6270734071731567, 0.20981758832931519, 0.9981579184532166, -0.06054260954260826, -0.003921047784388065, 0.06004835665225983, 0.9766498804092407, 0.20627498626708984, -0.008658935315907001, -0.2061304897069931, 0.9784862399101257),
            ["RightLowerLeg"] = CFrame.new(-8.195638656616211e-08, -0.0007265210151672363, 0.000045941043936181813, 1, 2.0861631355728605e-07, 7.450583439094771e-08, -1.043081283569336e-07, 0.2998425364494324, 0.953988790512085, 8.89413058757782e-08, -0.9539887309074402, 0.2998426854610443),
            ["LeftUpperLeg"] = CFrame.new(0, -2.1420419216156006e-07, 3.841705620288849e-09, 0.605363130569458, 0.7925835847854614, -0.07312244176864624, -0.3807477355003357, 0.20767928659915924, -0.9010552763938904, -0.6989753842353821, 0.573306679725647, 0.4274958372116089),
            ["LeftLowerLeg"] = CFrame.new(-4.470348358154297e-08, -0.0007265210151672363, 0.00008097849786281586, 1, 1.4901159772762185e-07, 6.705522537231445e-08, -1.043081283569336e-07, 0.22784563899040222, 0.9736972451210022, 4.377216100692749e-08, -0.9736972451210022, 0.2278456836938858),
        }},
        {Time = 0.133, Data = {
            ["RightFoot"] = CFrame.new(2.682209014892578e-07, 5.960464477539063e-08, -1.3205863069742918e-08, 0.8335096836090088, 0.5148752927780151, 0.20041225850582123, -0.4167099893093109, 0.8240128755569458, -0.38386961817741394, -0.3627871572971344, 0.2364451140165329, 0.9013762474060059),
            ["LeftLowerArm"] = CFrame.new(0.000001430511474609375, -5.960464477539063e-08, 0.000005029141902923584, 1, 1.5785921902988775e-07, 1.4097896894327278e-07, -1.3178217272979964e-07, 0.975183367729187, -0.221399188041687, -1.5180562229488714e-07, 0.22139912843704224, 0.9751833081245422),
            ["RightUpperArm"] = CFrame.new(-0.045762717723846436, 0.006655097007751465, -0.0550207793712616, 0.34430110454559326, -0.810431718826294, -0.47398027777671814, 0.9092002511024475, 0.4137062728404999, -0.046926192939281464, 0.23411931097507477, -0.41478630900382996, 0.879284143447876),
            ["Head"] = CFrame.new(-6.51925802230835e-09, -9.5367431640625e-07, -4.423782229423523e-09, 0.9948463439941406, 0.03936249762773514, 0.09344262629747391, 0.022661831229925156, 0.8119407296180725, -0.5832996964454651, -0.09883002191781998, 0.5824112296104431, 0.8068643808364868),
            ["RightHand"] = CFrame.new(-2.086162567138672e-07, 0.0000011324882507324219, -7.152557373046875e-07, -0.3306768536567688, -0.3983425796031952, -0.8555557131767273, -0.26742789149284363, 0.9089474081993103, -0.3198392987251282, 0.905060887336731, 0.12303601950407028, -0.40709617733955383),
            ["UpperTorso"] = CFrame.new(-1.4493707567453384e-08, 0, 3.620516508817673e-08, 0.9957638382911682, 0.039721038192510605, -0.0829261913895607, -0.05619502812623978, 0.976740837097168, -0.20692883431911469, 0.07277795672416687, 0.21071214973926544, 0.974835216999054),
            ["HumanoidRootPart"] = CFrame.new(0, 0, 0, 1, 0, 0, 0, 1, 0, 0, 0, 1),
            ["RightUpperLeg"] = CFrame.new(0, -8.754432201385498e-08, 1.0986695997416973e-09, 0.6996759176254272, -0.7123488783836365, -0.05488685145974159, 0.35905492305755615, 0.41700273752212524, -0.8349781036376953, 0.6176837682723999, 0.5645065307617188, 0.5475391149520874),
            ["LeftUpperArm"] = CFrame.new(0.01535797119140625, -0.00944674015045166, -0.054666996002197266, -0.09561599045991898, 0.9114969968795776, 0.40003883838653564, -0.24323664605617523, 0.3683026432991028, -0.8973232507705688, -0.9652426838874817, -0.1831025630235672, 0.1864939033985138),
            ["RightLowerArm"] = CFrame.new(0, 3.5762786865234375e-07, -0.000003844499588012695, 1, -0.000019013879864360206, -0.000003881751581502613, 0.000018909571736003272, 0.999775767326355, -0.021179432049393654, 0.000004291533969080774, 0.021179446950554848, 0.999775767326355),
            ["LeftHand"] = CFrame.new(-0.0000013345852494239807, -0.0000010132789611816406, 1.4901161193847656e-07, 0.9721110463142395, 0.21029655635356903, -0.10380446165800095, -0.1940661072731018, 0.9698491096496582, 0.14741510152816772, 0.13167567551136017, -0.12315884232521057, 0.9836125373840332),
            ["LeftFoot"] = CFrame.new(-8.940696716308594e-08, -2.384185791015625e-07, -1.3783574104309082e-07, 0.8239762783050537, -0.47515252232551575, -0.30869558453559875, 0.36291754245758057, 0.8609394431114197, -0.356474906206131, 0.4351481795310974, 0.181695818901062, 0.8818349242210388),
            ["LowerTorso"] = CFrame.new(0.03787495940923691, -0.6501234769821167, 0.1622350513935089, 0.9975139498710632, -0.06822661310434341, -0.01763725094497204, 0.07027918845415115, 0.9815376400947571, 0.17788980901241302, 0.005174802616238594, -0.17868708074092865, 0.9838924407958984),
            ["RightLowerLeg"] = CFrame.new(1.1920928955078125e-07, -0.0007264018058776855, 0.00004619343235390261, 1, 2.384186643666908e-07, 1.4901166522918174e-08, -1.1920930376163597e-07, 0.27802807092666626, 0.9605728983879089, 9.82545458327877e-08, -0.9605729579925537, 0.2780282199382782),
            ["LeftUpperLeg"] = CFrame.new(-2.9802322387695312e-08, -2.9243528842926025e-07, -9.313225746154785e-10, 0.5385615229606628, 0.8407216668128967, -0.05602266639471054, -0.3974304795265198, 0.1948380470275879, -0.8967090845108032, -0.742967426776886, 0.5051981210708618, 0.4390607476234436),
            ["LeftLowerLeg"] = CFrame.new(1.043081283569336e-07, -0.0007265210151672363, 0.00008099363185465336, 1, 7.450580596923828e-08, 5.960465188081798e-08, -1.1920927533992653e-07, 0.1933368444442749, 0.9811325073242188, 8.358619396631184e-08, -0.981132447719574, 0.19333676993846893),
        }},
        {Time = 0.167, Data = {
            ["RightFoot"] = CFrame.new(1.7881393432617188e-07, 0, -6.908521754667163e-08, 0.8235501646995544, 0.520924985408783, 0.22450435161590576, -0.40691179037094116, 0.8182799816131592, -0.4060057997703552, -0.39520615339279175, 0.2430127114057541, 0.8858651518821716),
            ["LeftLowerArm"] = CFrame.new(0.0000012516975402832031, -3.5762786865234375e-07, 0.000004783272743225098, 1, 1.590524334460497e-07, 9.476754314619029e-08, -1.3818501543028106e-07, 0.977969765663147, -0.20874647796154022, -1.2545572758426715e-07, 0.20874647796154022, 0.977969765663147),
            ["RightUpperArm"] = CFrame.new(-0.030418038368225098, -0.005228400230407715, -0.040990643203258514, 0.4261021018028259, -0.6491259932518005, -0.630137026309967, 0.7233573794364929, 0.6627744436264038, -0.19360877573490143, 0.543315052986145, -0.37331706285476685, 0.751959502696991),
            ["Head"] = CFrame.new(1.862645149230957e-09, -7.152557373046875e-07, -7.450580596923828e-09, 0.9969625473022461, 0.04802486672997475, 0.06131429597735405, -0.011907960288226604, 0.8719936013221741, -0.4893726706504822, -0.07696772366762161, 0.48715585470199585, 0.8699166178703308),
            ["RightHand"] = CFrame.new(2.980232238769531e-07, 9.5367431640625e-07, -7.152557373046875e-07, -0.04087443649768829, -0.3578914403915405, -0.9328680038452148, -0.1325913816690445, 0.9273340702056885, -0.34995898604393005, 0.9903275966644287, 0.10938597470521927, -0.0853576585650444),
            ["UpperTorso"] = CFrame.new(-1.30385160446167e-08, 2.9802322387695312e-08, -4.46889316663146e-08, 0.9975912570953369, 0.05762597173452377, -0.0386141873896122, -0.06434763222932816, 0.9766716361045837, -0.2048705667257309, 0.02590753138065338, 0.20686179399490356, 0.9780271053314209),
            ["HumanoidRootPart"] = CFrame.new(0, 0, 0, 1, 0, 0, 0, 1, 0, 0, 0, 1),
            ["RightUpperLeg"] = CFrame.new(5.960464477539063e-08, 1.2293457984924316e-07, -1.7527781892567873e-08, 0.6884150505065918, -0.7218129634857178, -0.0712091401219368, 0.3881359100341797, 0.44954609870910645, -0.8045240640640259, 0.612727701663971, 0.5262076258659363, 0.5896357893943787),
            ["LeftUpperArm"] = CFrame.new(0.03058755397796631, 0.0016230344772338867, -0.041124776005744934, -0.05022132024168968, 0.9923617243766785, 0.11267649382352829, -0.19064408540725708, 0.10121912509202957, -0.9764270186424255, -0.980373740196228, -0.07051856070756912, 0.1841045469045639),
            ["RightLowerArm"] = CFrame.new(-1.7881393432617188e-07, -1.7881393432617188e-07, -0.000003993511199951172, 1, -0.000019133092791889794, -0.000003084539912379114, 0.00001893937587738037, 0.9980688095092773, -0.0621194913983345, 0.00000432133674621582, 0.06211944669485092, 0.9980687499046326),
            ["LeftHand"] = CFrame.new(-0.000001349195372313261, -0.0000011324882507324219, 1.4156103134155273e-07, 0.9716153144836426, 0.22742143273353577, -0.06513908505439758, -0.22160254418849945, 0.9713491797447205, 0.08586718142032623, 0.08280090242624283, -0.06899487227201462, 0.9941749572753906),
            ["LeftFoot"] = CFrame.new(-2.9802322387695312e-08, -1.1920928955078125e-07, -4.470348358154297e-08, 0.8001536130905151, -0.48875191807746887, -0.34767207503318787, 0.35576996207237244, 0.853416919708252, -0.3809293806552887, 0.4828892946243286, 0.18111084401607513, 0.8567479848861694),
            ["LowerTorso"] = CFrame.new(0.03692322596907616, -0.6618908643722534, 0.11837567389011383, 0.9968261122703552, -0.07564816623926163, -0.024801138788461685, 0.0783139318227768, 0.9877832531929016, 0.13472680747509003, 0.014306310564279556, -0.13624146580696106, 0.9905723929405212),
            ["RightLowerLeg"] = CFrame.new(0, -0.0007264018058776855, 0.00004617294325726107, 1, 1.6391282997574308e-07, 7.450583439094771e-08, -1.043081283569336e-07, 0.2720118463039398, 0.9622939229011536, 1.5273690223693848e-07, -0.9622939229011536, 0.27201202511787415),
            ["LeftUpperLeg"] = CFrame.new(-2.9802322387695312e-08, 1.695007085800171e-07, -2.7939677238464355e-08, 0.48993632197380066, 0.8708022832870483, -0.04081398621201515, -0.43625038862228394, 0.2043737769126892, -0.8763086199760437, -0.7547503113746643, 0.44714051485061646, 0.4800180494785309),
            ["LeftLowerLeg"] = CFrame.new(-1.4901161193847656e-08, -0.0007264018058776855, 0.00008109211921691895, 1, 1.1175870895385742e-07, 8.940698137394065e-08, -1.043081283569336e-07, 0.18083837628364563, 0.9835128784179688, 9.220093488693237e-08, -0.9835128784179688, 0.18083825707435608),
        }},
        {Time = 0.200, Data = {
            ["RightFoot"] = CFrame.new(2.682209014892578e-07, 0, -3.55576048605144e-08, 0.8176055550575256, 0.5244472622871399, 0.2376483976840973, -0.3976207375526428, 0.8128025531768799, -0.42573413252830505, -0.4164361357688904, 0.2535885274410248, 0.8730829358100891),
            ["LeftLowerArm"] = CFrame.new(0.0000013709068298339844, -3.5762786865234375e-07, 0.000005230307579040527, 1, 1.4621765842548484e-07, 1.1548401346317405e-07, -1.396984004031765e-07, 0.9859892725944519, -0.16680902242660522, -1.3411046495548362e-07, 0.16680894792079926, 0.9859892725944519),
            ["RightUpperArm"] = CFrame.new(-0.018025517463684082, -0.01928532123565674, -0.026793023571372032, 0.6821020245552063, -0.5611454844474792, -0.46888449788093567, 0.5957156419754028, 0.7982777953147888, -0.08874513953924179, 0.42409878969192505, -0.2187885344028473, 0.8787899017333984),
            ["Head"] = CFrame.new(9.313225746154785e-10, -7.152557373046875e-07, -2.4854671210050583e-08, 0.9969937205314636, 0.0648738443851471, 0.042368631809949875, -0.04455782100558281, 0.9273760914802551, -0.37146803736686707, -0.06339021027088165, 0.36846303939819336, 0.927478551864624),
            ["RightHand"] = CFrame.new(7.450580596923828e-07, 0.0000011920928955078125, -5.960464477539062e-07, -0.2126205414533615, -0.3764328360557556, -0.9017154574394226, -0.07605043053627014, 0.9263917207717896, -0.36880210041999817, 0.9741708040237427, -0.009839087724685669, -0.2255980223417282),
            ["UpperTorso"] = CFrame.new(-7.799826562404633e-09, 2.384185791015625e-07, 4.016328603029251e-09, 0.9974942803382874, 0.07022055983543396, -0.00862418208271265, -0.0706358253955841, 0.9816147089004517, -0.1773221641778946, -0.003986037336289883, 0.17748700082302094, 0.9841151833534241),
            ["HumanoidRootPart"] = CFrame.new(0, 0, 0, 1, 0, 0, 0, 1, 0, 0, 0, 1),
            ["RightUpperLeg"] = CFrame.new(2.9802322387695312e-08, 1.5972182154655457e-07, 1.1343217920511961e-08, 0.679631769657135, -0.7282320857048035, -0.08819717168807983, 0.4302363991737366, 0.4931008219718933, -0.7561405301094055, 0.5941358804702759, 0.4759514331817627, 0.6484387516975403),
            ["LeftUpperArm"] = CFrame.new(0.04347437620162964, 0.011690735816955566, -0.02712019346654415, -0.07054855674505234, 0.9790679216384888, -0.1909162700176239, -0.23901104927062988, -0.20240937173366547, -0.9496863484382629, -0.9684506058692932, -0.02136790193617344, 0.2482876479625702),
            ["RightLowerArm"] = CFrame.new(0, 4.172325134277344e-07, -0.000003814697265625, 1, -0.000018879773051594384, -0.000004254281520843506, 0.00001893192711577285, 0.9999971985816956, -0.0023737698793411255, 0.000004291534878575476, 0.0023737254086881876, 0.9999972581863403),
            ["LeftHand"] = CFrame.new(-0.0000014230608940124512, -0.0000014901161193847656, 2.2351741790771484e-08, 0.9682493805885315, 0.22703438997268677, -0.10463418066501617, -0.22222475707530975, 0.9734036922454834, 0.055692095309495926, 0.1144954115152359, -0.03067149966955185, 0.9929502606391907),
            ["LeftFoot"] = CFrame.new(7.450580596923828e-08, -2.384185791015625e-07, 4.470348358154297e-08, 0.7793153524398804, -0.5031659603118896, -0.3734855055809021, 0.3558235168457031, 0.8459419012069702, -0.3972056806087494, 0.5158075094223022, 0.17665345966815948, 0.8382936716079712),
            ["LowerTorso"] = CFrame.new(0.037653420120477676, -0.6636664867401123, 0.07809901982545853, 0.9963677525520325, -0.08135531842708588, -0.025155387818813324, 0.08304183185100555, 0.993683397769928, 0.07548133283853531, 0.018855685368180275, -0.07729610800743103, 0.9968298673629761),
            ["RightLowerLeg"] = CFrame.new(-1.341104507446289e-07, -0.0007264614105224609, 0.00004599785461323336, 1, 1.7136335372924805e-07, 8.940698847936801e-08, -1.6391281576488836e-07, 0.2750193178653717, 0.961438775062561, 3.72529100900465e-08, -0.9614387154579163, 0.2750193774700165),
            ["LeftUpperLeg"] = CFrame.new(-5.960464477539063e-08, 1.1408701539039612e-07, 2.7939677238464355e-09, 0.45548075437545776, 0.8900353312492371, -0.019349757581949234, -0.4888300597667694, 0.23187802731990814, -0.840998113155365, -0.7440312504768372, 0.39251741766929626, 0.5406919121742249),
            ["LeftLowerLeg"] = CFrame.new(1.4901161193847656e-08, -0.0007264018058776855, 0.00008093565702438354, 1, 1.1920931797249068e-07, 5.960463766996327e-08, -8.940695295223122e-08, 0.18792706727981567, 0.982183039188385, 2.9802318834981634e-08, -0.982183039188385, 0.1879269778728485),
        }},
        {Time = 0.233, Data = {
            ["RightFoot"] = CFrame.new(4.470348358154297e-08, -5.960464477539063e-08, 3.149762051180005e-08, 0.816323459148407, 0.5253689885139465, 0.24000777304172516, -0.39208099246025085, 0.8091552257537842, -0.43765342235565186, -0.4241328239440918, 0.2631639540195465, 0.8665193915367126),
            ["LeftLowerArm"] = CFrame.new(0.0000013709068298339844, -5.364418029785156e-07, 0.000005036592483520508, 1, 1.4784747293106193e-07, 1.0430814256778831e-07, -1.266598985694145e-07, 0.9902022480964661, -0.13964125514030457, -1.266598985694145e-07, 0.13964121043682098, 0.9902022480964661),
            ["RightUpperArm"] = CFrame.new(-0.013024091720581055, -0.026043176651000977, -0.01921088993549347, 0.8184360861778259, -0.4406111538410187, -0.368814617395401, 0.45337924361228943, 0.8895196914672852, -0.056587595492601395, 0.3530009388923645, -0.12089961767196655, 0.9277788400650024),
            ["Head"] = CFrame.new(-4.656612873077393e-10, -8.344650268554688e-07, 2.1649611881002784e-08, 0.9964068531990051, 0.07107194513082504, 0.046066876500844955, -0.05678821727633476, 0.9641549587249756, -0.25919196009635925, -0.06283687055110931, 0.25564438104629517, 0.9647266268730164),
            ["RightHand"] = CFrame.new(-1.9371509552001953e-07, 0.0000011324882507324219, -6.854534149169922e-07, -0.22955112159252167, -0.36719533801078796, -0.9013730883598328, -0.11829295754432678, 0.9297635555267334, -0.348635733127594, 0.9660813212394714, 0.026596294716000557, -0.2568652927875519),
            ["UpperTorso"] = CFrame.new(8.731149137020111e-09, 1.7881393432617188e-07, 6.51925802230835e-09, 0.9966433644294739, 0.08134643733501434, -0.00921122170984745, -0.08186295628547668, 0.9912964105606079, -0.10310197621583939, 0.000744064396712929, 0.10351001471281052, 0.9946281313896179),
            ["HumanoidRootPart"] = CFrame.new(0, 0, 0, 1, 0, 0, 0, 1, 0, 0, 0, 1),
            ["RightUpperLeg"] = CFrame.new(2.9802322387695312e-08, 1.5158911992330104e-07, 1.7971615307033062e-09, 0.676821231842041, -0.7289291620254517, -0.10283667594194412, 0.48046737909317017, 0.543253481388092, -0.6884960532188416, 0.5577311515808105, 0.416579008102417, 0.7179121971130371),
            ["LeftUpperArm"] = CFrame.new(0.04897946119308472, 0.01741504669189453, -0.01939043402671814, -0.16222168505191803, 0.8839932680130005, -0.438451886177063, -0.29342275857925415, -0.4674528241157532, -0.8339011073112488, -0.9421185255050659, -0.006625055335462093, 0.3352147042751312),
            ["RightLowerArm"] = CFrame.new(-5.960464477539063e-08, 7.152557373046875e-07, -0.0000037550926208496094, 1, -0.000018915163309429772, -0.000004060566880070837, 0.000018919818103313446, 0.9999417662620544, -0.010792871005833149, 0.0000042691826820373535, 0.010792930610477924, 0.9999417662620544),
            ["LeftHand"] = CFrame.new(-0.0000013709068298339844, -0.0000010132789611816406, 2.9802322387695312e-08, 0.972674548625946, 0.22014492750167847, -0.07375867664813995, -0.22457005083560944, 0.9727168679237366, -0.05822739377617836, 0.05892790108919144, 0.07320037484169006, 0.9955748319625854),
            ["LeftFoot"] = CFrame.new(8.940696716308594e-08, -1.1920928955078125e-07, 3.725290298461914e-08, 0.7652342319488525, -0.5157566070556641, -0.3852422535419464, 0.36220353841781616, 0.8396728038787842, -0.40467071533203125, 0.5321890115737915, 0.17013166844844818, 0.8293551802635193),
            ["LowerTorso"] = CFrame.new(0.03936295583844185, -0.6570801734924316, 0.048976652324199677, 0.996217668056488, -0.08425132930278778, -0.021266283467411995, 0.08422724157571793, 0.996444582939148, -0.0020279509481042624, 0.02136153168976307, 0.0002290795382577926, 0.999771773815155),
            ["RightLowerLeg"] = CFrame.new(-1.043081283569336e-07, -0.0007263422012329102, 0.000046053733967710286, 1, 1.5646224937881925e-07, 1.043081283569336e-07, -1.043081283569336e-07, 0.2875578999519348, 0.9577632546424866, 8.568167686462402e-08, -0.9577632546424866, 0.2875579297542572),
            ["LeftUpperLeg"] = CFrame.new(2.9802322387695312e-08, 7.310882210731506e-08, 4.423782229423523e-09, 0.43761223554611206, 0.8991554379463196, 0.0038868398405611515, -0.5520534515380859, 0.27208730578422546, -0.7881658673286438, -0.7097412347793579, 0.34276536107063293, 0.6154506802558899),
            ["LeftLowerLeg"] = CFrame.new(-7.450580596923828e-08, -0.0007262229919433594, 0.00008096545934677124, 1, 7.450581307466564e-08, 4.470347647611561e-08, -1.0430809993522416e-07, 0.2070717215538025, 0.9783258438110352, 5.401669511684304e-08, -0.9783258438110352, 0.20707157254219055),
        }},
        {Time = 0.267, Data = {
            ["RightFoot"] = CFrame.new(1.341104507446289e-07, 5.960464477539063e-08, 7.620110409334302e-08, 0.819599449634552, 0.522395670413971, 0.23528563976287842, -0.3843156099319458, 0.8058469891548157, -0.45045775175094604, -0.4249213933944702, 0.2787710428237915, 0.8612366914749146),
            ["LeftLowerArm"] = CFrame.new(0.0000012814998626708984, 0, 0.000004842877388000488, 1, 1.601874828338623e-07, 8.940696716308594e-08, -1.6577541828155518e-07, 0.9873925447463989, -0.15829063951969147, -1.4156103134155273e-07, 0.15829060971736908, 0.9873925447463989),
            ["RightUpperArm"] = CFrame.new(-0.010556042194366455, -0.0261460542678833, -0.018579810857772827, 0.9183350801467896, -0.3711469769477844, -0.13751621544361115, 0.3510192036628723, 0.9242251515388489, -0.15031138062477112, 0.18288354575634003, 0.08976534008979797, 0.979028046131134),
            ["Head"] = CFrame.new(1.4260876923799515e-09, -8.344650268554688e-07, 7.043126970529556e-09, 0.9965537786483765, 0.06049264594912529, 0.05675720423460007, -0.0506342351436615, 0.9855877757072449, -0.16140992939472198, -0.06570330262184143, 0.15797963738441467, 0.9852540493011475),
            ["RightHand"] = CFrame.new(3.129243850708008e-07, 0.0000011324882507324219, -7.599592208862305e-07, -0.2469327598810196, -0.36964482069015503, -0.8957604169845581, -0.07222455739974976, 0.9288358092308044, -0.3633838891983032, 0.9663373231887817, -0.02503543719649315, -0.25605759024620056),
            ["UpperTorso"] = CFrame.new(3.003515303134918e-08, 0, -1.4959368854761124e-08, 0.9960680603981018, 0.08553114533424377, -0.02308511920273304, -0.08531642705202103, 0.9963024258613586, 0.01012971717864275, 0.02386615052819252, -0.008120356127619743, 0.9996822476387024),
            ["HumanoidRootPart"] = CFrame.new(0, 0, 0, 1, 0, 0, 0, 1, 0, 0, 0, 1),
            ["RightUpperLeg"] = CFrame.new(2.9802322387695312e-08, -5.168840289115906e-08, -2.6266206987202168e-09, 0.6758377552032471, -0.7311604022979736, -0.09299477189779282, 0.5362433195114136, 0.5743383765220642, -0.6185292601585388, 0.505654513835907, 0.3681575357913971, 0.7802395224571228),
            ["LeftUpperArm"] = CFrame.new(0.05180847644805908, 0.024387836456298828, -0.01863761618733406, -0.2378673553466797, 0.781622052192688, -0.5766158103942871, -0.2931585907936096, -0.6237435340881348, -0.7245705723762512, -0.9260006546974182, -0.0033117919228971004, 0.37750738859176636),
            ["RightLowerArm"] = CFrame.new(7.152557373046875e-07, 6.556510925292969e-07, -0.0000037848949432373047, 1, -0.000018995257050846703, -0.0000038444991332653444, 0.00001890585190267302, 0.9997349977493286, -0.023020358756184578, 0.000004269183591532055, 0.023020321503281593, 0.9997349977493286),
            ["LeftHand"] = CFrame.new(-0.0000014603137969970703, -0.0000011920928955078125, 1.7881393432617188e-07, 0.9625522494316101, 0.2544141411781311, -0.09362911432981491, -0.2608755826950073, 0.9632053971290588, -0.06464944034814835, 0.07373637706041336, 0.08665407449007034, 0.9935059547424316),
            ["LeftFoot"] = CFrame.new(-2.9802322387695312e-08, -1.7881393432617188e-07, -4.0978193283081055e-08, 0.75826096534729, -0.5225378274917603, -0.3898640275001526, 0.3663216531276703, 0.8361548781394958, -0.40823274850845337, 0.5393039584159851, 0.1667313426733017, 0.8254405856132507),
