return {
    ["Get Schwifty"] = {
        {Time = 0.000, Data = {
            ["LeftLowerArm"] = CFrame.new(5.960464477539063e-08, 2.980232238769531e-07, -5.960464477539063e-08, 1, -7.450450922874552e-09, -3.3528209542055265e-08, -7.078051567077637e-08, -0.5224277973175049, -0.8526835441589355, -1.862645149230957e-08, 0.8526835441589355, -0.5224279761314392),
            ["LeftFoot"] = CFrame.new(-3.166496753692627e-08, 1.1920928955078125e-07, -1.30385160446167e-08, 0.9956929087638855, 0.09269502013921738, 0.0017577903345227242, -0.092124342918396, 0.9913148283958435, -0.09385135769844055, -0.010434077121317387, 0.09328748285770416, 0.9955846667289734),
            ["RightHand"] = CFrame.new(1.1175870895385742e-08, -1.7881393432617188e-07, 5.960464477539063e-08, 0.7028942108154297, 0.586548924446106, 0.40236711502075195, -0.5961333513259888, 0.7943726181983948, -0.11660975962877274, -0.38802674412727356, -0.15790045261383057, 0.9080213904380798),
            ["HumanoidRootPart"] = CFrame.new(0, 0, 0, 1, 0, 0, 0, 1, 0, 0, 0, 1),
            ["RightLowerLeg"] = CFrame.new(2.9802322387695312e-08, 0, 4.470348358154297e-08, 1, 0.000007212162017822266, 0.000006034977559465915, -0.0000070780524765723385, 0.15880930423736572, 0.9873092770576477, 0.0000061243781601660885, -0.9873093366622925, 0.15880946815013885),
            ["LeftUpperLeg"] = CFrame.new(2.9802322387695312e-08, 3.632158041000366e-07, 2.9802322387695312e-08, 0.9126033186912537, 0.30449339747428894, 0.2728238105773926, 0.19621266424655914, 0.25924813747406006, -0.9456698894500732, -0.35868629813194275, 0.9165557026863098, 0.17684979736804962),
            ["LeftLowerLeg"] = CFrame.new(4.470348358154297e-08, 2.384185791015625e-07, -1.1175870895385742e-07, 1, 3.958123162561833e-09, -1.4016406169048423e-07, 3.129243850708008e-07, 0.35336238145828247, 0.9354866743087769, -2.9802322387695312e-08, -0.9354864954948425, 0.3533620238304138),
            ["LowerTorso"] = CFrame.new(-0.24899722635746002, -0.5207500457763672, -0.016684696078300476, 0.9396210312843323, -0.03717779368162155, 0.3401916027069092, -0.0353863425552845, 0.9781973958015442, 0.20464055240154266, -0.3403826057910919, -0.2043226659297943, 0.9178192019462585),
            ["Head"] = CFrame.new(5.21540641784668e-08, 3.5762786865234375e-07, 0, 0.9742751717567444, -0.0023509173188358545, -0.2253497838973999, -0.06101907044649124, 0.9598425030708313, -0.27382275462150574, 0.21694400906562805, 0.28052952885627747, 0.9350073337554932),
            ["UpperTorso"] = CFrame.new(0, 0, 5.21540641784668e-08, 0.9150173664093018, -0.2281469702720642, 0.3327047526836395, 0.0867157056927681, 0.9166768789291382, 0.3901074230670929, -0.3939845860004425, -0.3281044065952301, 0.8585591316223145),
            ["LeftUpperArm"] = CFrame.new(-1.1920928955078125e-07, -4.76837158203125e-07, -1.695007085800171e-07, 0.8046242594718933, 0.26322805881500244, -0.5322645306587219, -0.4688543975353241, 0.8316832184791565, -0.29747217893600464, 0.3643561601638794, 0.4888905882835388, 0.792593777179718),
            ["RightLowerArm"] = CFrame.new(-8.046627044677734e-07, 5.364418029785156e-07, -2.9802322387695312e-08, 1, -1.676364114189255e-08, -7.171257010440968e-08, 1.3969835066518499e-08, 0.765891969203949, -0.6429691314697266, 7.264314660915261e-08, 0.6429693102836609, 0.7658921480178833),
            ["LeftHand"] = CFrame.new(3.948807716369629e-07, 3.5762786865234375e-07, 5.960464477539063e-08, 0.9665112495422363, 0.24152131378650665, 0.08673754334449768, -0.25355973839759827, 0.9508453607559204, 0.17776557803153992, -0.0395398810505867, -0.19380564987659454, 0.9802428483963013),
            ["RightUpperArm"] = CFrame.new(2.384185791015625e-07, -2.384185791015625e-07, -1.2665987014770508e-07, 0.5144937038421631, -0.20061521232128143, 0.8336995840072632, 0.8549601435661316, 0.19470691680908203, -0.48076510429382324, -0.06587345898151398, 0.9601264595985413, 0.2716800570487976),
            ["MainHandle"] = CFrame.new(0.060689911246299744, -0.05705307424068451, 0.05826848745346069, 0.9865752458572388, 0.15946319699287415, 0.03522523120045662, -0.15839901566505432, 0.9868823289871216, -0.031193900853395462, -0.039737459272146225, 0.025195591151714325, 0.9988924860954285),
            ["RightUpperLeg"] = CFrame.new(-8.940696716308594e-08, 3.259629011154175e-08, -5.960464477539063e-08, 0.9005169868469238, -0.3930234909057617, 0.18602383136749268, 0.4185124337673187, 0.6673452258110046, -0.6160285472869873, 0.11796875298023224, 0.6326002478599548, 0.7654436230659485),
            ["RightFoot"] = CFrame.new(1.126900315284729e-07, 1.7881393432617188e-07, 2.9802322387695312e-08, 0.9958354234695435, 0.0911567285656929, -0.0017818278865888715, -0.06334351748228073, 0.6776841878890991, -0.7326202988624573, -0.0655708760023117, 0.7296812534332275, 0.6806352138519287),
        }},
        {Time = 0.033, Data = {
            ["LeftLowerArm"] = CFrame.new(1.1920928955078125e-07, 3.5762786865234375e-07, -1.7881393432617188e-07, 1, -5.5878248694796184e-09, -6.798793350526466e-08, -6.332992796842518e-08, -0.41232630610466003, -0.9110363125801086, -1.862644971595273e-08, 0.9110363125801086, -0.412326455116272),
            ["LeftFoot"] = CFrame.new(2.0489096641540527e-08, 1.7881393432617188e-07, -3.259629011154175e-08, 0.9939599633216858, 0.10972867161035538, 0.0017386983381584287, -0.10938829928636551, 0.9918854832649231, -0.06479017436504364, -0.00882536917924881, 0.06421059370040894, 0.9978973865509033),
            ["RightHand"] = CFrame.new(8.009374141693115e-07, -2.384185791015625e-07, 0, 0.7628741264343262, 0.5592337250709534, 0.32446882128715515, -0.5129989981651306, 0.829003095626831, -0.2226811796426773, -0.3935164511203766, 0.0034255762584507465, 0.9193112254142761),
            ["HumanoidRootPart"] = CFrame.new(0, 0, 0, 1, 0, 0, 0, 1, 0, 0, 0, 1),
            ["RightLowerLeg"] = CFrame.new(1.043081283569336e-07, -1.1920928955078125e-07, 2.9802322387695312e-08, 1, 0.000013694198059965856, 0.000009335567483503837, -0.000013604761988972314, 0.35889819264411926, 0.9333773255348206, 0.000009626151040720288, -0.9333767294883728, 0.35889655351638794),
            ["LeftUpperLeg"] = CFrame.new(1.4901161193847656e-07, -2.2910535335540771e-07, 4.470348358154297e-08, 0.9171879887580872, 0.24484939873218536, 0.31433847546577454, 0.19653332233428955, 0.40826475620269775, -0.8914560079574585, -0.3466136157512665, 0.879413902759552, 0.32633957266807556),
            ["LeftLowerLeg"] = CFrame.new(-2.9802322387695312e-08, 1.1920928955078125e-07, -4.470348358154297e-08, 1, 0.000008046631592151243, 0.000004540203008218668, -0.000007756055310892407, 0.4930856227874756, 0.869981050491333, 0.000004775822617375525, -0.8699808120727539, 0.49308520555496216),
            ["LowerTorso"] = CFrame.new(-0.2976839542388916, -0.42392539978027344, -0.02678316831588745, 0.9335699677467346, -0.029450837522745132, 0.35718315839767456, -0.033879224210977554, 0.9849032163619995, 0.16975845396518707, -0.35679036378860474, -0.17058244347572327, 0.91847825050354),
            ["Head"] = CFrame.new(1.4901161193847656e-07, 0, -2.9802322387695312e-08, 0.9504483938217163, 0.025623073801398277, -0.30982479453086853, -0.08850634098052979, 0.9776588678359985, -0.19065633416175842, 0.29801762104034424, 0.20863068103790283, 0.9314820170402527),
            ["UpperTorso"] = CFrame.new(-2.2351741790771484e-08, 0, 7.450580596923828e-09, 0.9055947661399841, -0.19448506832122803, 0.3769267797470093, 0.04369596391916275, 0.9267269372940063, 0.37318578362464905, -0.4218873083591461, -0.32148507237434387, 0.8477373123168945),
            ["LeftUpperArm"] = CFrame.new(0, 0, -1.1175870895385742e-07, 0.750601053237915, 0.26860859990119934, -0.6037108302116394, -0.43514901399612427, 0.8884939551353455, -0.14570894837379456, 0.4972357451915741, 0.37205907702445984, 0.7837743759155273),
            ["RightLowerArm"] = CFrame.new(4.76837158203125e-07, 3.5762786865234375e-07, 2.9802322387695312e-08, 1, 3.7252888773764425e-08, -1.1548414846629385e-07, -4.284084198502569e-08, 0.9869590401649475, -0.1609717756509781, 8.568168397005138e-08, 0.16097193956375122, 0.9869590997695923),
            ["LeftHand"] = CFrame.new(-3.0919909477233887e-07, 2.384185791015625e-07, -7.450580596923828e-08, 0.9671726822853088, 0.24853666126728058, 0.05297757312655449, -0.2525952160358429, 0.9630503058433533, 0.0934336856007576, -0.0277983658015728, -0.1037483736872673, 0.9942150712013245),
            ["RightUpperArm"] = CFrame.new(2.384185791015625e-07, -4.76837158203125e-07, -1.4528632164001465e-07, 0.5295075178146362, 0.008041745983064175, 0.8482685089111328, 0.8129230737686157, 0.2809867560863495, -0.5101064443588257, -0.24244172871112823, 0.9596779346466064, 0.142239049077034),
            ["MainHandle"] = CFrame.new(0.060689911246299744, -0.05705296993255615, 0.05826866626739502, 0.9865752458572388, 0.15946322679519653, 0.035225220024585724, -0.15839900076389313, 0.9868823885917664, -0.031193923205137253, -0.03973742574453354, 0.025195587426424026, 0.9988924264907837),
            ["RightUpperLeg"] = CFrame.new(0, -2.2212043404579163e-07, -4.842877388000488e-08, 0.8956578373908997, -0.4317896068096161, 0.10657096654176712, 0.4216550290584564, 0.7482102513313293, -0.5122333765029907, 0.1414356380701065, 0.5037252902984619, 0.8522086143493652),
            ["RightFoot"] = CFrame.new(5.587935447692871e-09, 1.1920928955078125e-07, -3.725290298461914e-08, 0.9893606901168823, 0.1454760581254959, -0.0018177415477111936, -0.1097792387008667, 0.7382767796516418, -0.6655070781707764, -0.09546807408332825, 0.6586229801177979, 0.7463893294334412),
        }},
        {Time = 0.067, Data = {
            ["LeftLowerArm"] = CFrame.new(1.7881393432617188e-07, 5.960464477539062e-07, 1.1920928955078125e-07, 1, -1.9557342412213075e-08, -6.519400841398237e-08, -9.778889165090732e-08, -0.2937508225440979, -0.9558820128440857, -1.1175873559921001e-08, 0.9558820724487305, -0.29375097155570984),
            ["LeftFoot"] = CFrame.new(1.862645149230957e-08, 5.960464477539063e-08, -9.707582648843527e-08, 0.9924766421318054, 0.12242062389850616, 0.0017256279243156314, -0.12243256717920303, 0.9924415349960327, 0.008404811844229698, -0.0006747721345163882, -0.00855222437530756, 0.9999632239341736),
            ["RightHand"] = CFrame.new(6.258487701416016e-07, -4.172325134277344e-07, 1.6391277313232422e-07, 0.9315038919448853, 0.3635769188404083, -0.010602439753711224, -0.35616692900657654, 0.9058302044868469, -0.22938360273838043, -0.07379447668790817, 0.21744784712791443, 0.9732784628868103),
            ["HumanoidRootPart"] = CFrame.new(0, 0, 0, 1, 0, 0, 0, 1, 0, 0, 0, 1),
            ["RightLowerLeg"] = CFrame.new(-5.960464477539063e-08, -5.960464477539063e-08, -1.4901161193847656e-08, 1, 0.00000753257290853071, 0.0000036880273910355754, -0.0000075027373895864, 0.5989764332771301, 0.8007708191871643, 0.000003881753855239367, -0.80076664686203, 0.5989708304405212),
            ["LeftUpperLeg"] = CFrame.new(-1.1920928955078125e-07, -2.7101486921310425e-07, 2.9802322387695312e-08, 0.920242428779602, 0.16884161531925201, 0.3530441224575043, 0.19440732896327972, 0.5857217311859131, -0.7868511080741882, -0.339646577835083, 0.7927311658859253, 0.5061869025230408),
            ["LeftLowerLeg"] = CFrame.new(-5.960464477539063e-08, 0, -4.470348358154297e-08, 1, -1.4901176825787843e-07, -1.8986618499639007e-07, 5.215404996761208e-08, 0.6813796758651733, 0.7319318056106567, 8.940694584680386e-08, -0.7319301962852478, 0.6813780069351196),
            ["LowerTorso"] = CFrame.new(-0.34492745995521545, -0.30771005153656006, -0.03583579510450363, 0.928095281124115, -0.015574169345200062, 0.372016966342926, -0.03483587130904198, 0.9911105632781982, 0.12839937210083008, -0.37070968747138977, -0.1321263313293457, 0.9193024039268494),
            ["Head"] = CFrame.new(2.384185791015625e-07, 1.1920928955078125e-07, -2.9802322387695312e-08, 0.9198594093322754, 0.04646315798163414, -0.38948678970336914, -0.09504366666078568, 0.9897712469100952, -0.10639354586601257, 0.38055941462516785, 0.1348854899406433, 0.9148664474487305),
            ["UpperTorso"] = CFrame.new(-5.960464477539063e-08, -8.940696716308594e-08, 3.725290298461914e-08, 0.895995020866394, -0.1455814689397812, 0.41952234506607056, -0.009921022690832615, 0.9379352927207947, 0.34666839241981506, -0.44395333528518677, -0.314775288105011, 0.8389409780502319),
            ["LeftUpperArm"] = CFrame.new(-1.1920928955078125e-07, -1.1920928955078125e-07, -1.1920928955078125e-07, 0.702791154384613, 0.2753080129623413, -0.655981719493866, -0.3842862546443939, 0.9228947758674622, -0.0243740975856781, 0.5986725091934204, 0.26920413970947266, 0.7543830871582031),
            ["RightLowerArm"] = CFrame.new(-8.940696716308594e-08, 2.980232238769531e-07, 3.2782554626464844e-07, 1, 0, -5.960477267308306e-08, 0, 0.9637163877487183, -0.26692840456962585, 1.415610029198433e-07, 0.26692861318588257, 0.963716447353363),
            ["LeftHand"] = CFrame.new(-1.1082738637924194e-07, 1.7881393432617188e-07, -2.7567148208618164e-07, 0.9685987234115601, 0.24856005609035492, 0.005869236309081316, -0.2484995424747467, 0.9685859084129333, -0.009447738528251648, -0.008033192716538906, 0.007692571729421616, 0.9999381899833679),
            ["RightUpperArm"] = CFrame.new(1.1920928955078125e-07, -2.384185791015625e-07, -3.725290298461914e-09, 0.1722303330898285, -0.13011248409748077, 0.9764272570610046, 0.913291335105896, 0.3925260305404663, -0.10878930985927582, -0.36910131573677063, 0.9104912281036377, 0.1864262819290161),
            ["MainHandle"] = CFrame.new(0.060689687728881836, -0.05705328285694122, 0.05826863646507263, 0.9865753054618835, 0.15946321189403534, 0.035225220024585724, -0.15839901566505432, 0.9868823289871216, -0.0311939287930727, -0.03973747789859772, 0.025195561349391937, 0.9988924860954285),
            ["RightUpperLeg"] = CFrame.new(5.960464477539063e-08, -1.7904676496982574e-07, 4.842877388000488e-08, 0.8874857425689697, -0.4606775641441345, -0.012139015831053257, 0.42234981060028076, 0.8236206769943237, -0.37850627303123474, 0.1843629777431488, 0.3307948410511017, 0.9255191087722778),
            ["RightFoot"] = CFrame.new(1.862645149230957e-08, 1.1920928955078125e-07, -2.60770320892334e-08, 0.981423020362854, 0.19184887409210205, -0.0018475193064659834, -0.16096217930316925, 0.8180959820747375, -0.5521027445793152, -0.1044032871723175, 0.5421375036239624, 0.8337740302085876),
        }},
        {Time = 0.100, Data = {
            ["LeftLowerArm"] = CFrame.new(-1.7881393432617188e-07, -1.1920928955078125e-07, -2.9802322387695312e-08, 1, -9.313011695155637e-09, -8.451949895516009e-08, -6.472692604120311e-08, -0.21287721395492554, -0.977078914642334, -8.381904059717726e-09, 0.9770790338516235, -0.21287734806537628),
            ["LeftFoot"] = CFrame.new(2.2351741790771484e-08, 1.7881393432617188e-07, -2.7939677238464355e-08, 0.9941158890724182, 0.10830570757389069, 0.001741088111884892, -0.1078178808093071, 0.9878188967704773, 0.11220412701368332, 0.01044142059981823, -0.11173056066036224, 0.9936836361885071),
            ["RightHand"] = CFrame.new(-1.1920928955078125e-07, -3.5762786865234375e-07, -1.0075746104121208e-07, 0.9858425855636597, 0.16514842212200165, 0.028992366045713425, -0.15921269357204437, 0.9762279987335205, -0.14707250893115997, -0.05259199067950249, 0.14037448167800903, 0.9887007474899292),
            ["HumanoidRootPart"] = CFrame.new(0, 0, 0, 1, 0, 0, 0, 1, 0, 0, 0, 1),
            ["RightLowerLeg"] = CFrame.new(1.0244548320770264e-07, -1.7881393432617188e-07, -5.960464477539063e-08, 1, 0.000005688541932613589, 0.0000018626376458996674, -0.000005492940545082092, 0.775013267993927, 0.6319533586502075, 0.000002086162567138672, -0.6319448947906494, 0.7750064134597778),
            ["LeftUpperLeg"] = CFrame.new(1.1920928955078125e-07, 8.89413058757782e-08, -7.450580596923828e-09, 0.9224017262458801, 0.11649902164936066, 0.3682345747947693, 0.16657553613185883, 0.7401971817016602, -0.6514289975166321, -0.34846460819244385, 0.6622206568717957, 0.6633579134941101),
            ["LeftLowerLeg"] = CFrame.new(-4.470348358154297e-08, 0, -1.341104507446289e-07, 1, -5.587944684748436e-08, -2.1234149016891024e-07, -4.470347292340193e-08, 0.8391101360321045, 0.5439653396606445, -3.352760558072987e-08, -0.5439615845680237, 0.8391078114509583),
            ["LowerTorso"] = CFrame.new(-0.36810675263404846, -0.20368802547454834, -0.05354170873761177, 0.9336400032043457, 0.003918677102774382, 0.3581914007663727, -0.036459773778915405, 0.995786726474762, 0.08413968980312347, -0.3563525378704071, -0.09161575883626938, 0.9298492074012756),
            ["Head"] = CFrame.new(2.9802322387695312e-08, -3.5762786865234375e-07, -2.9802322387695312e-08, 0.8836467266082764, 0.07895880192518234, -0.46144768595695496, -0.10775411874055862, 0.9935131072998047, -0.036342084407806396, 0.45558491349220276, 0.08183665573596954, 0.8864227533340454),
            ["UpperTorso"] = CFrame.new(3.725290298461914e-08, 2.384185791015625e-07, -4.470348358154297e-08, 0.8715639114379883, -0.11914582550525665, 0.47558465600013733, -0.046883080154657364, 0.9453238844871521, 0.32274577021598816, -0.4880352318286896, -0.3035905659198761, 0.8183242678642273),
            ["LeftUpperArm"] = CFrame.new(0, -4.76837158203125e-07, 2.086162567138672e-07, 0.6596280932426453, 0.2866817116737366, -0.6947855353355408, -0.3376303017139435, 0.9389022588729858, 0.06687168031930923, 0.6714884042739868, 0.19046306610107422, 0.7161015272140503),
            ["RightLowerArm"] = CFrame.new(1.7881393432617188e-07, 2.980232238769531e-07, 3.5762786865234375e-07, 1, 2.9802020407032614e-08, -1.490132461867688e-07, -1.1175873737556685e-07, 0.7566866874694824, -0.6537775993347168, 9.685756907629184e-08, 0.6537777185440063, 0.7566868662834167),
            ["LeftHand"] = CFrame.new(-1.1851079761981964e-07, 2.980232238769531e-07, 1.825392246246338e-07, 0.9682391285896301, 0.24559728801250458, -0.04685213416814804, -0.24932408332824707, 0.9624506235122681, -0.10736095160245895, 0.018725328147411346, 0.11563243716955185, 0.9931156635284424),
            ["RightUpperArm"] = CFrame.new(3.5762786865234375e-07, -5.960464477539062e-07, 9.313225746154785e-08, 0.19966959953308105, -0.4531548321247101, 0.8687910437583923, 0.8796417117118835, 0.4735349118709564, 0.044825080782175064, -0.4316973090171814, 0.7552585601806641, 0.4931459426879883),
            ["MainHandle"] = CFrame.new(0.06068980693817139, -0.05705291032791138, 0.05826868116855621, 0.9865752458572388, 0.15946315228939056, 0.03522521257400513, -0.15839900076389313, 0.9868823289871216, -0.031193938106298447, -0.03973746672272682, 0.025195583701133728, 0.9988924264907837),
            ["RightUpperLeg"] = CFrame.new(-5.960464477539063e-08, -2.759043127298355e-08, -3.3527612686157227e-08, 0.8637408018112183, -0.4698253273963928, -0.18225903809070587, 0.40806710720062256, 0.864287257194519, -0.29408952593803406, 0.2956908941268921, 0.17964379489421844, 0.9382392764091492),
            ["RightFoot"] = CFrame.new(-1.0384246706962585e-07, 1.7881393432617188e-07, 1.862645149230957e-09, 0.9764480590820312, 0.21574415266513824, -0.0018613500287756324, -0.19901087880134583, 0.8973057866096497, -0.394009530544281, -0.08332987874746323, 0.38509324193000793, 0.9191044569015503),
        }},
        {Time = 0.133, Data = {
            ["LeftLowerArm"] = CFrame.new(3.5762786865234375e-07, -4.76837158203125e-07, 2.9802322387695312e-08, 1, -8.381708660465392e-09, -8.288966313330093e-08, -6.402844832109622e-08, -0.18795061111450195, -0.9821785092353821, 1.3504181772816537e-08, 0.9821785688400269, -0.1879507154226303),
            ["LeftFoot"] = CFrame.new(5.960464477539063e-08, 5.960464477539063e-08, 1.2293457984924316e-07, 0.9982339143753052, 0.059377968311309814, 0.0017914180643856525, -0.05908703804016113, 0.9892908930778503, 0.13346470892429352, 0.006159652955830097, -0.13333380222320557, 0.9910519123077393),
            ["RightHand"] = CFrame.new(0.000001080334186553955, -2.384185791015625e-07, 4.470348358154297e-07, 0.9795331954956055, 0.08957107365131378, 0.1802544891834259, -0.07498220354318619, 0.9934525489807129, -0.08619612455368042, -0.18679498136043549, 0.07091618329286575, 0.9798360466957092),
            ["HumanoidRootPart"] = CFrame.new(0, 0, 0, 1, 0, 0, 0, 1, 0, 0, 0, 1),
            ["RightLowerLeg"] = CFrame.new(-3.725290298461914e-09, 5.960464477539063e-08, -2.8172507882118225e-08, 1, 0.000005107392553327372, 0.0000014230557781047537, -0.000004949046342517249, 0.8211129307746887, 0.5707748532295227, 0.0000016856932916198275, -0.5707659125328064, 0.8211066126823425),
            ["LeftUpperLeg"] = CFrame.new(-1.1920928955078125e-07, -4.2957253754138947e-07, -7.450580596923828e-09, 0.9117904305458069, 0.16256724298000336, 0.37710076570510864, 0.09682318568229675, 0.8073086738586426, -0.5821309089660645, -0.3990783989429474, 0.5672959089279175, 0.7203601002693176),
            ["LeftLowerLeg"] = CFrame.new(-8.568167686462402e-08, 5.960464477539063e-08, -4.470348358154297e-08, 1, -4.2375226882995776e-08, -5.960460214282648e-08, 5.21540464148984e-08, 0.8646684885025024, 0.5023471713066101, 2.2351734685344127e-08, -0.5023428797721863, 0.8646661043167114),
            ["LowerTorso"] = CFrame.new(-0.3608956038951874, -0.14968323707580566, -0.07998426258563995, 0.963286817073822, 0.018350878730416298, 0.2678469121456146, -0.030687514692544937, 0.9986485838890076, 0.04194484278559685, -0.26671525835990906, -0.048624392598867416, 0.9625480771064758),
            ["Head"] = CFrame.new(0, 0, 0, 0.8587945103645325, 0.1081208735704422, -0.5007814764976501, -0.12560880184173584, 0.9920791387557983, -0.0012132716365158558, 0.49668362736701965, 0.06394468247890472, 0.8655728697776794),
            ["UpperTorso"] = CFrame.new(-2.2351741790771484e-08, -5.960464477539063e-08, 5.960464477539063e-08, 0.8211416602134705, -0.11568809300661087, 0.5588763952255249, -0.06882987171411514, 0.9520187973976135, 0.29819878935813904, -0.566558837890625, -0.2833309471607208, 0.7737794518470764),
            ["LeftUpperArm"] = CFrame.new(1.1920928955078125e-07, -4.76837158203125e-07, 1.4901161193847656e-08, 0.6520981192588806, 0.3339081108570099, -0.6806579828262329, -0.3456425070762634, 0.92999267578125, 0.12509416043758392, 0.6747586131095886, 0.15368515253067017, 0.7218422293663025),
            ["RightLowerArm"] = CFrame.new(-7.152557373046875e-07, 5.960464477539062e-07, 1.8812716007232666e-07, 1, -2.9801714873656238e-08, -1.0431031682855973e-07, -1.3411046495548362e-07, 0.38661953806877136, -0.922239363193512, 5.2619732571201894e-08, 0.922239363193512, 0.38661953806877136),
            ["LeftHand"] = CFrame.new(1.2846430763602257e-07, 5.960464477539063e-08, 3.129243850708008e-07, 0.9670987725257874, 0.2437090128660202, -0.07298008352518082, -0.252460241317749, 0.9547535181045532, -0.15719251334667206, 0.03136877343058586, 0.1704452484846115, 0.9848678112030029),
            ["RightUpperArm"] = CFrame.new(0, 0, -7.450580596923828e-09, 0.3624579608440399, -0.7264854311943054, 0.583832323551178, 0.8496264815330505, 0.5150506496429443, 0.11343036592006683, -0.3830915689468384, 0.45490843057632446, 0.8039112687110901),
            ["MainHandle"] = CFrame.new(0.06068982183933258, -0.05705355107784271, 0.05826851725578308, 0.9865752458572388, 0.15946322679519653, 0.035225290805101395, -0.15839901566505432, 0.9868823885917664, -0.031193919479846954, -0.03973746672272682, 0.025195593014359474, 0.9988924860954285),
            ["RightUpperLeg"] = CFrame.new(0, -4.752073436975479e-07, 7.450580596923828e-08, 0.8518418669700623, -0.4557288885116577, -0.25822195410728455, 0.37539762258529663, 0.8749617338180542, -0.3058089315891266, 0.3652972877025604, 0.16356439888477325, 0.9164072871208191),
            ["RightFoot"] = CFrame.new(-3.91155481338501e-08, 1.7881393432617188e-07, -7.450580596923828e-09, 0.9762290716171265, 0.2167324721813202, -0.0018623860087245703, -0.20846842229366302, 0.9365749955177307, -0.2817307710647583, -0.05931210517883301, 0.27541664242744446, 0.9594916701316833),
        }},
        {Time = 0.167, Data = {
            ["LeftLowerArm"] = CFrame.new(6.556510925292969e-07, -2.980232238769531e-07, 1.4901161193847656e-07, 1, 1.117561154728719e-08, -2.980300806143532e-08, -5.21540641784668e-08, -0.2117474377155304, -0.977324366569519, 1.1175870895385742e-08, 0.9773244857788086, -0.21174758672714233),
            ["LeftFoot"] = CFrame.new(-1.0151416063308716e-07, 1.7881393432617188e-07, -6.82193785905838e-08, 0.999980628490448, -0.005946188233792782, 0.0018528917571529746, 0.0057869828306138515, 0.9970808625221252, 0.07613497227430344, -0.002295076847076416, -0.07612226158380508, 0.9970958828926086),
            ["RightHand"] = CFrame.new(1.5366822481155396e-07, -1.1920928955078125e-07, 2.9802322387695312e-08, 0.9895068407058716, 0.02939596027135849, 0.14146453142166138, -0.025371624156832695, 0.9992227554321289, -0.03016916662454605, -0.1422414630651474, 0.026263419538736343, 0.9894835948944092),
            ["HumanoidRootPart"] = CFrame.new(0, 0, 0, 1, 0, 0, 0, 1, 0, 0, 0, 1),
            ["RightLowerLeg"] = CFrame.new(3.725290298461914e-08, -1.1920928955078125e-07, 7.450580596923828e-09, 1, 0.00000613185329711996, 0.000002019098928940366, -0.00000607222318649292, 0.779181957244873, 0.6268054246902466, 0.0000022351741790771484, -0.6267979145050049, 0.7791757583618164),
            ["LeftUpperLeg"] = CFrame.new(5.960464477539063e-08, -5.3783878684043884e-08, 3.818422555923462e-08, 0.8908465504646301, 0.2538597881793976, 0.3767545223236084, 0.008625720627605915, 0.8197065591812134, -0.5727170705795288, -0.45422250032424927, 0.5134552121162415, 0.728046178817749),
            ["LeftLowerLeg"] = CFrame.new(1.862645149230957e-08, -2.384185791015625e-07, -1.4901161193847656e-07, 1, -0.0000027827968551719096, -0.0000010788050985865993, 0.000002795830596369342, 0.8062854409217834, 0.5915303826332092, -8.093194310276886e-07, -0.5915266871452332, 0.8062826991081238),
            ["LowerTorso"] = CFrame.new(-0.3427358567714691, -0.13989496231079102, -0.10777591168880463, 0.9905073642730713, 0.027723398059606552, 0.1346348524093628, -0.02828655019402504, 0.9995973110198975, 0.0022712957579642534, -0.13451766967773438, -0.006058095954358578, 0.9908926486968994),
            ["Head"] = CFrame.new(-2.9802322387695312e-08, 4.76837158203125e-07, -2.9802322387695312e-08, 0.8594267964363098, 0.11129997670650482, -0.4989970028400421, -0.12445629388093948, 0.9922007322311401, 0.006955736316740513, 0.4958793818950653, 0.05612558871507645, 0.8665758371353149),
            ["UpperTorso"] = CFrame.new(-2.2351741790771484e-08, 1.4901161193847656e-07, -2.0954757928848267e-08, 0.7721367478370667, -0.10044369846582413, 0.6274680495262146, -0.09378422796726227, 0.9586030840873718, 0.26885801553726196, -0.6284977793693542, -0.26644188165664673, 0.7307525873184204),
            ["LeftUpperArm"] = CFrame.new(0, -2.384185791015625e-07, -1.9371509552001953e-07, 0.7043727040290833, 0.3973895013332367, -0.5881842970848083, -0.39923393726348877, 0.9069108366966248, 0.13464216887950897, 0.5869168043136597, 0.13997992873191833, 0.7974401712417603),
            ["RightLowerArm"] = CFrame.new(4.76837158203125e-07, 5.960464477539063e-08, 2.9802322387695312e-08, 1, -5.215287046667072e-08, -9.313444593317399e-08, -8.102507109697399e-08, 0.22181808948516846, -0.9750881195068359, 1.862645326866641e-08, 0.9750881791114807, 0.22181804478168488),
            ["LeftHand"] = CFrame.new(-1.83936208486557e-07, 1.7881393432617188e-07, 2.7567148208618164e-07, 0.9673303961753845, 0.2446870654821396, -0.06633326411247253, -0.2522471249103546, 0.9551238417625427, -0.15527382493019104, 0.02536294236779213, 0.16693344712257385, 0.9856419563293457),
            ["RightUpperArm"] = CFrame.new(1.1920928955078125e-07, -1.1920928955078125e-07, -7.450580596923828e-08, 0.3760020136833191, -0.8120597004890442, 0.44631174206733704, 0.8863106369972229, 0.4556971788406372, 0.08245296776294708, -0.2703258991241455, 0.3645533621311188, 0.8910709023475647),
            ["MainHandle"] = CFrame.new(0.06068990379571915, -0.05705322325229645, 0.058268576860427856, 0.9865752458572388, 0.15946321189403534, 0.03522520139813423, -0.15839897096157074, 0.9868823289871216, -0.031193923205137253, -0.039737433195114136, 0.025195589289069176, 0.9988924860954285),
            ["RightUpperLeg"] = CFrame.new(5.960464477539063e-08, -2.6740599423646927e-07, 7.82310962677002e-08, 0.8540711402893066, -0.45115095376968384, -0.2588955760002136, 0.33660104870796204, 0.858821451663971, -0.38616853952407837, 0.39656299352645874, 0.24266983568668365, 0.8853513598442078),
            ["RightFoot"] = CFrame.new(-1.1175870895385742e-08, 1.7881393432617188e-07, -1.4901161193847656e-08, 0.9807754158973694, 0.19512949883937836, -0.0018506613560020924, -0.1899423748254776, 0.9524329900741577, -0.23831921815872192, -0.04473787918686867, 0.2340853363275528, 0.9711850881576538),
        }},
        {Time = 0.200, Data = {
            ["LeftLowerArm"] = CFrame.new(-4.172325134277344e-07, -2.384185791015625e-07, -1.7881393432617188e-07, 1, -1.1175622205428226e-08, -8.382097860248905e-08, -8.195640788244418e-08, -0.2560977339744568, -0.9666509032249451, -1.4901164746561335e-08, 0.9666509032249451, -0.2560979127883911),
            ["LeftFoot"] = CFrame.new(-3.725290298461914e-08, 1.1920928955078125e-07, 6.146728992462158e-08, 0.9967724084854126, -0.08025727421045303, 0.0019125015242025256, 0.08018562197685242, 0.9964701533317566, 0.024851014837622643, -0.0038979025557637215, -0.024617748335003853, 0.9996893405914307),
            ["RightHand"] = CFrame.new(7.348135113716125e-07, -3.5762786865234375e-07, 1.7881393432617188e-07, 0.9957734942436218, -0.03735581040382385, 0.08390332758426666, 0.03626245632767677, 0.9992368221282959, 0.014518668875098228, -0.08438164740800858, -0.01141471415758133, 0.9963682293891907),
            ["HumanoidRootPart"] = CFrame.new(0, 0, 0, 1, 0, 0, 0, 1, 0, 0, 0, 1),
            ["RightLowerLeg"] = CFrame.new(2.9802322387695312e-08, 2.980232238769531e-07, 7.450580596923828e-08, 1, 0.000003092002998528187, 9.797466873351368e-07, -0.0000029951340820844052, 0.7383500933647156, 0.6744245886802673, 0.000001303851945522183, -0.6744177341461182, 0.7383437752723694),
            ["LeftUpperLeg"] = CFrame.new(2.086162567138672e-07, -2.477318048477173e-07, 3.818422555923462e-08, 0.868026077747345, 0.325195848941803, 0.37520214915275574, -0.08873556554317474, 0.8451057076454163, -0.5271828770637512, -0.4885252118110657, 0.4243158996105194, 0.7624314427375793),
            ["LeftLowerLeg"] = CFrame.new(-3.725290298461914e-08, 5.960464477539063e-08, 0, 1, -0.000002991416749864584, -0.000001178121124212339, 0.0000030100350159045774, 0.7758095860481262, 0.6309717893600464, -9.201468174069305e-07, -0.6309671998023987, 0.7758057117462158),
            ["LowerTorso"] = CFrame.new(-0.30838385224342346, -0.13579142093658447, -0.1382874995470047, 0.9994771480560303, 0.031390946358442307, -0.007751452270895243, -0.03163299337029457, 0.9989421963691711, -0.03337584435939789, 0.0066955615766346455, 0.03360363841056824, 0.9994128346443176),
            ["Head"] = CFrame.new(-2.086162567138672e-07, 2.384185791015625e-07, 2.9802322387695312e-08, 0.8878495693206787, 0.09488009661436081, -0.45024555921554565, -0.111219123005867, 0.9937466382980347, -0.0099036181345582, 0.44649019837379456, 0.058869026601314545, 0.892849862575531),
            ["UpperTorso"] = CFrame.new(4.202593117952347e-08, -8.940696716308594e-08, 7.683411240577698e-09, 0.7474787831306458, -0.07685127854347229, 0.659825325012207, -0.11863213777542114, 0.96187424659729, 0.24642318487167358, -0.6536068320274353, -0.2624727189540863, 0.709863543510437),
            ["LeftUpperArm"] = CFrame.new(-2.384185791015625e-07, -5.960464477539062e-07, -5.960464477539063e-08, 0.7865130305290222, 0.44219833612442017, -0.4311285614967346, -0.4440630376338959, 0.8900763392448425, 0.10283206403255463, 0.42919155955314636, 0.11056581139564514, 0.896411657333374),
            ["RightLowerArm"] = CFrame.new(0.0000011324882507324219, -1.1920928955078125e-07, 2.682209014892578e-07, 1, -2.607640681162593e-08, -1.1548683431783502e-07, -9.3132300094112e-08, 0.08981724828481674, -0.9959583282470703, -7.450584149637507e-09, 0.9959582686424255, 0.08981721103191376),
            ["LeftHand"] = CFrame.new(3.203749656677246e-07, 1.1920928955078125e-07, -2.3469328880310059e-07, 0.9675599336624146, 0.24770300090312958, -0.049709200859069824, -0.2522006928920746, 0.9586097002029419, -0.132144495844841, 0.014919225126504898, 0.1403944194316864, 0.9899832606315613),
            ["RightUpperArm"] = CFrame.new(2.384185791015625e-07, -3.5762786865234375e-07, -1.6391277313232422e-07, 0.26496654748916626, -0.8749346137046814, 0.40533238649368286, 0.95315021276474, 0.3012719750404358, 0.027235912159085274, -0.1459360420703888, 0.3791103661060333, 0.9137635827064514),
            ["MainHandle"] = CFrame.new(0.06068994104862213, -0.05705299973487854, 0.058268606662750244, 0.9865753054618835, 0.15946319699287415, 0.03522523492574692, -0.15839900076389313, 0.9868823885917664, -0.03119393065571785, -0.03973747417330742, 0.025195565074682236, 0.9988924264907837),
            ["RightUpperLeg"] = CFrame.new(-2.9802322387695312e-08, -1.2619420886039734e-07, 6.51925802230835e-08, 0.8750852942466736, -0.4246980547904968, -0.23207372426986694, 0.29369035363197327, 0.847133994102478, -0.4428442418575287, 0.38467106223106384, 0.31936752796173096, 0.866043210029602),
            ["RightFoot"] = CFrame.new(-2.9802322387695312e-08, 1.1920928955078125e-07, 1.4901161193847656e-08, 0.9892289638519287, 0.1463642567396164, -0.0018210835987702012, -0.14327208697795868, 0.9656187891960144, -0.21692325174808502, -0.029989460483193398, 0.21484419703483582, 0.976186990737915),
        }},
        {Time = 0.233, Data = {
            ["LeftLowerArm"] = CFrame.new(-6.556510925292969e-07, 1.7881393432617188e-07, -1.1920928955078125e-07, 1, -7.450418060273023e-09, -9.220296703915665e-08, -5.215405707303944e-08, -0.3062940239906311, -0.9519369006156921, 0, 0.9519370198249817, -0.30629417300224304),
            ["LeftFoot"] = CFrame.new(4.842877388000488e-08, 0, 7.450580596923828e-09, 0.990272045135498, -0.1391296088695526, 0.0019525703974068165, 0.1391441375017166, 0.9901992678642273, -0.012029977515339851, -0.0002593611425254494, 0.012183941900730133, 0.9999257326126099),
            ["RightHand"] = CFrame.new(0.0000013113021850585938, -3.5762786865234375e-07, 7.450580596923828e-08, 0.9908790588378906, -0.04058342054486275, 0.12849825620651245, 0.029004141688346863, 0.9954526424407959, 0.09073452651500702, -0.13159625232219696, -0.08618000894784927, 0.9875502586364746),
            ["HumanoidRootPart"] = CFrame.new(0, 0, 0, 1, 0, 0, 0, 1, 0, 0, 0, 1),
            ["RightLowerLeg"] = CFrame.new(-4.470348358154297e-08, 2.384185791015625e-07, 4.470348358154297e-08, 1, 0.000003866867245960748, 0.0000013448242270897026, -0.000003740191004908411, 0.731625497341156, 0.6817129850387573, 0.0000016391275039495667, -0.6817069053649902, 0.7316197752952576),
            ["LeftUpperLeg"] = CFrame.new(0, -8.298084139823914e-07, 1.7136335372924805e-07, 0.8734052181243896, 0.3525124788284302, 0.33600297570228577, -0.16953513026237488, 0.8668860793113708, -0.46879249811172485, -0.45653173327445984, 0.3524819016456604, 0.8169060349464417),
            ["LeftLowerLeg"] = CFrame.new(5.960464477539063e-08, 1.1920928955078125e-07, 1.9371509552001953e-07, 1, -0.0000014901199847372482, -6.370232199515158e-07, 0.0000015795234276083647, 0.7816864252090454, 0.6236770153045654, -3.799796957082435e-07, -0.6236715912818909, 0.7816821932792664),
            ["LowerTorso"] = CFrame.new(-0.27223023772239685, -0.13256382942199707, -0.15876087546348572, 0.9940575957298279, 0.02374899946153164, -0.10623326897621155, -0.02891511097550392, 0.9984594583511353, -0.0473567470908165, 0.10494494438171387, 0.05014714598655701, 0.9932129383087158),
            ["Head"] = CFrame.new(2.9802322387695312e-08, 1.1920928955078125e-07, 5.960464477539063e-08, 0.9215399622917175, 0.07114551216363907, -0.3817102313041687, -0.09834330528974533, 0.9937827587127686, -0.05219675973057747, 0.3756233751773834, 0.08564022183418274, 0.9228071570396423),
            ["UpperTorso"] = CFrame.new(2.514570951461792e-08, -5.960464477539063e-08, 1.1175870895385742e-08, 0.7511867880821228, -0.05337982624769211, 0.657927930355072, -0.14140132069587708, 0.9605745673179626, 0.2393788844347, -0.6447668075561523, -0.27285027503967285, 0.7140228748321533),
            ["LeftUpperArm"] = CFrame.new(0, 1.1920928955078125e-07, 1.043081283569336e-07, 0.837364912033081, 0.47405368089675903, -0.27221208810806274, -0.4841603934764862, 0.8743452429771423, 0.03331722691655159, 0.2537888288497925, 0.10389231145381927, 0.9616603851318359),
            ["RightLowerArm"] = CFrame.new(-4.172325134277344e-07, 5.960464477539063e-08, 1.4156103134155273e-07, 1, -2.6076394377128054e-08, 1.4901521794286055e-08, -3.3527616238870905e-08, -0.06299472600221634, -0.9980138540267944, 1.4901162970204496e-08, 0.9980138540267944, -0.06299488991498947),
            ["LeftHand"] = CFrame.new(4.0605664253234863e-07, 1.7881393432617188e-07, 4.898756742477417e-07, 0.9672513008117676, 0.2517411410808563, -0.032426368445158005, -0.253780335187912, 0.9614589810371399, -0.10579297691583633, 0.004544162191450596, 0.11055750399827957, 0.9938594102859497),
            ["RightUpperArm"] = CFrame.new(0, -1.1920928955078125e-07, -2.9802322387695312e-08, 0.11748148500919342, -0.9296120405197144, 0.349327951669693, 0.9928000569343567, 0.10166678577661514, -0.06334012746810913, 0.02336769551038742, 0.354238897562027, 0.934857189655304),
            ["MainHandle"] = CFrame.new(0.06068947911262512, -0.057052746415138245, 0.05826848745346069, 0.9865752458572388, 0.159463033080101, 0.03522532060742378, -0.15839901566505432, 0.9868823289871216, -0.03119395300745964, -0.03973746299743652, 0.025195540860295296, 0.9988924860954285),
            ["RightUpperLeg"] = CFrame.new(5.960464477539063e-08, -3.664754331111908e-07, 4.6566128730773926e-08, 0.8980582356452942, -0.3827947974205017, -0.21670213341712952, 0.2518187165260315, 0.8513282537460327, -0.4602484107017517, 0.3606642484664917, 0.35875943303108215, 0.8609365224838257),
            ["RightFoot"] = CFrame.new(-7.82310962677002e-08, 1.7881393432617188e-07, -1.862645149230957e-08, 0.994189977645874, 0.10762369632720947, -0.001794814015738666, -0.10568982362747192, 0.9728761315345764, -0.20577561855316162, -0.020399272441864014, 0.20476652681827545, 0.9785976409912109),
        }},
        {Time = 0.267, Data = {
            ["LeftLowerArm"] = CFrame.new(-4.172325134277344e-07, 9.5367431640625e-07, -1.4901161193847656e-08, 1, 2.2351272832565883e-08, -1.6531332747149463e-08, -2.9802318834981634e-08, -0.34676802158355713, -0.9379509687423706, -1.4901159417490817e-08, 0.9379509687423706, -0.34676817059516907),
            ["LeftFoot"] = CFrame.new(-1.4901161193847656e-08, 5.960464477539063e-08, 7.450580596923828e-09, 0.983334481716156, -0.1817934364080429, 0.0019775356631726027, 0.18174976110458374, 0.9827030897140503, -0.03552937135100365, 0.004515470936894417, 0.03529595583677292, 0.9993667006492615),
            ["RightHand"] = CFrame.new(6.854534149169922e-07, -2.384185791015625e-07, 2.384185791015625e-07, 0.9899815917015076, -0.01234873291105032, 0.14065545797348022, -0.010941141285002232, 0.9864636063575745, 0.16361452639102936, -0.14077195525169373, -0.16351453959941864, 0.9764457941055298),
            ["HumanoidRootPart"] = CFrame.new(0, 0, 0, 1, 0, 0, 0, 1, 0, 0, 0, 1),
