return {
    ["GGUM"] = {
        {Time = 0.000, Data = {
            ["RightFoot"] = CFrame.new(-2.2351741790771484e-08, 3.5762786865234375e-07, 3.7984136724844575e-08, 0.7361568808555603, 0.6764634251594543, 0.02170059271156788, -0.6767922043800354, 0.7359965443611145, 0.01615402288734913, -0.005044197663664818, -0.026578355580568314, 0.9996340274810791),
            ["LeftLowerArm"] = CFrame.new(-2.980232238769531e-07, 0, 3.3527612686157227e-08, 1, -2.980233659855003e-08, 1.3411036547950062e-07, 1.9371495341147238e-07, 0.3076036870479584, -0.9515143632888794, 1.3783564156710781e-07, 0.9515146017074585, 0.30760443210601807),
            ["RightUpperArm"] = CFrame.new(0.014430046081542969, 0.015200495719909668, 0.019687799736857414, 0.8741599917411804, 0.037419941276311874, -0.48419445753097534, 0.17370641231536865, 0.9069727063179016, 0.38370129466056824, 0.4535090923309326, -0.41952410340309143, 0.7863390445709229),
            ["Head"] = CFrame.new(3.5142875276505947e-09, -1.1920928955078125e-07, -4.7045887185959145e-09, 0.9974552392959595, -0.0527770109474659, 0.04793455824255943, 0.06018734350800514, 0.9837216734886169, -0.1693202555179596, -0.038218025118112564, 0.17177437245845795, 0.9843947887420654),
            ["RightHand"] = CFrame.new(6.332993507385254e-08, 0, -6.26780092716217e-07, 0.14072827994823456, 0.18235640227794647, -0.9731093049049377, -0.4078148305416107, 0.9063097238540649, 0.1108614131808281, 0.9021543860435486, 0.3812466561794281, 0.2019110918045044),
            ["UpperTorso"] = CFrame.new(-1.6589183360338211e-09, -1.1920928955078125e-07, -8.971255738288164e-09, 0.998258113861084, 0.05867869406938553, 0.006134426686912775, -0.05895180255174637, 0.987926721572876, 0.14326739311218262, 0.0023463766556233168, -0.14337937533855438, 0.9896650910377502),
            ["HumanoidRootPart"] = CFrame.new(0, 0, 0, 1, 0, 0, 0, 1, 0, 0, 0, 1),
            ["RightUpperLeg"] = CFrame.new(5.960464477539063e-08, 5.0640664994716644e-08, -1.913213054649532e-08, 0.7744086384773254, -0.6115924119949341, 0.1620059758424759, 0.6298301219940186, 0.7209107875823975, -0.28913989663124084, 0.060044046491384506, 0.3259487450122833, 0.9434787631034851),
            ["LeftUpperArm"] = CFrame.new(-0.0164109468460083, 0.01572418212890625, 0.019664285704493523, 0.60575270652771, 0.7955346703529358, 0.01371567789465189, -0.7364758253097534, 0.5540927052497864, 0.3880528509616852, 0.3011096119880676, -0.24516527354717255, 0.921535074710846),
            ["RightLowerArm"] = CFrame.new(2.384185791015625e-07, 2.980232238769531e-07, -1.4901161193847656e-07, 1, -1.341105502206119e-07, 1.098960922263359e-07, 2.756714536644722e-07, -0.12067639827728271, -0.9926919341087341, 5.960463766996327e-08, 0.9926919341087341, -0.12067645788192749),
            ["LeftHand"] = CFrame.new(-3.427267074584961e-07, 2.384185791015625e-07, 1.043081283569336e-07, 0.532707691192627, -0.2889341413974762, 0.7954487204551697, 0.43622902035713196, 0.8991758823394775, 0.034471433609724045, -0.7252081632614136, 0.3286333382129669, 0.6050397753715515),
            ["LeftFoot"] = CFrame.new(4.563480615615845e-08, 0, 7.130097401386593e-08, 0.8674030303955078, -0.4946638345718384, 0.05403346195816994, 0.4740314781665802, 0.788395881652832, -0.39207911491394043, 0.15134784579277039, 0.36570414900779724, 0.9183433651924133),
            ["LowerTorso"] = CFrame.new(-0.04020193591713905, -0.4753376245498657, -0.013495353050529957, 0.9996508359909058, -0.026423683390021324, -0.0002889900060836226, 0.026119932532310486, 0.9896987676620483, -0.14076271653175354, 0.0040054828859865665, 0.14070601761341095, 0.9900433421134949),
            ["RightLowerLeg"] = CFrame.new(1.4528632164001465e-07, 2.980232238769531e-07, 4.392495611682534e-08, 1, -3.576278118089249e-07, -7.748606662971724e-07, 6.631020141867339e-07, 0.5483763813972473, 0.8362314701080322, -2.6822101517609553e-07, -0.8362317085266113, 0.5483765602111816),
            ["LeftUpperLeg"] = CFrame.new(-5.960464477539063e-08, -1.7601996660232544e-07, -3.943569026887417e-09, 0.8071416020393372, 0.5564585328102112, -0.1971721202135086, -0.5867060422897339, 0.7189956307411194, -0.3725869357585907, -0.06556320935487747, 0.4164123237133026, 0.9068088531494141),
            ["LeftLowerLeg"] = CFrame.new(-6.705522537231445e-08, 0, -3.285450134171697e-08, 1, -2.0861631355728605e-07, -8.046627044677734e-07, 2.6822092991096724e-07, 0.3936810791492462, 0.9192470908164978, 5.2154071283894154e-08, -0.9192471504211426, 0.3936811685562134),
        }},
        {Time = 0.033, Data = {
            ["RightFoot"] = CFrame.new(-2.253800630569458e-07, 2.980232238769531e-07, 1.563239493407309e-08, 0.6931537389755249, 0.7207034826278687, -0.011150684207677841, -0.6555654406547546, 0.6239241361618042, -0.4253849387168884, -0.29961955547332764, 0.302167683839798, 0.9049438834190369),
            ["LeftLowerArm"] = CFrame.new(1.7881393432617188e-07, 2.980232238769531e-07, -5.960464477539063e-08, 1, -5.96046660916727e-08, -5.9604616353681195e-08, 5.587934310824494e-07, 0.32138943672180176, -0.9469470381736755, 2.9802315282267955e-08, 0.9469471573829651, 0.32138970494270325),
            ["RightUpperArm"] = CFrame.new(0.01424717903137207, 0.01770198345184326, 0.015776552259922028, 0.8781554698944092, 0.05825568363070488, -0.47481516003608704, 0.18747009336948395, 0.8712563514709473, 0.45361557602882385, 0.4401113986968994, -0.4873589873313904, 0.7541773915290833),
            ["Head"] = CFrame.new(-1.3518729247152805e-08, 1.1920928955078125e-07, -1.7125785234384239e-09, 0.9980644583702087, -0.05740179494023323, 0.023925621062517166, 0.05968986079096794, 0.9921879768371582, -0.1095457673072815, -0.01745058223605156, 0.1107618510723114, 0.9936937689781189),
            ["RightHand"] = CFrame.new(1.6298145055770874e-08, -1.1920928955078125e-07, 2.05356627702713e-07, 0.05025544762611389, 0.10685761272907257, -0.9930035471916199, -0.462917298078537, 0.883501410484314, 0.07164572179317474, 0.8849757313728333, 0.4560776352882385, 0.09386724978685379),
            ["UpperTorso"] = CFrame.new(1.770968083292246e-08, -2.086162567138672e-07, 9.263294487027451e-08, 0.9973852634429932, 0.07171550393104553, 0.008924339897930622, -0.07194472849369049, 0.9736356139183044, 0.21646647155284882, 0.006834950763732195, -0.21654245257377625, 0.9762492775917053),
            ["HumanoidRootPart"] = CFrame.new(0, 0, 0, 1, 0, 0, 0, 1, 0, 0, 0, 1),
            ["RightUpperLeg"] = CFrame.new(-8.940696716308594e-08, -2.1606683731079102e-07, 1.3549652067013085e-07, 0.7182316184043884, -0.6667706370353699, 0.19889728724956512, 0.6957976818084717, 0.6870263814926147, -0.20942935347557068, 0.0029935340862721205, 0.28881123661994934, 0.9573814272880554),
            ["LeftUpperArm"] = CFrame.new(-0.016593098640441895, 0.018322229385375977, 0.015757648274302483, 0.6599873304367065, 0.7506344318389893, 0.031057210639119148, -0.6990566253662109, 0.5984445810317993, 0.39138734340667725, 0.2752029597759247, -0.28002169728279114, 0.9197017550468445),
            ["RightLowerArm"] = CFrame.new(-5.960464477539063e-08, 1.1920928955078125e-07, -8.940696716308594e-08, 1, -1.4528639269428822e-07, 8.009379115492266e-08, 1.713633963618122e-07, -0.14804446697235107, -0.988980770111084, -5.960465898624534e-08, 0.9889807105064392, -0.14804485440254211),
            ["LeftHand"] = CFrame.new(2.9802322387695312e-08, -1.1920928955078125e-07, 4.470348358154297e-08, 0.27717241644859314, -0.277715265750885, 0.9198094010353088, 0.37239399552345276, 0.9135406613349915, 0.1636071354150772, -0.8857191205024719, 0.29718300700187683, 0.3566280007362366),
            ["LeftFoot"] = CFrame.new(1.0523945093154907e-07, -5.960464477539063e-08, 4.245748641551472e-09, 0.8344854712486267, -0.5502903461456299, 0.028544209897518158, 0.4497435688972473, 0.650251567363739, -0.6122937798500061, 0.3183783292770386, 0.5237876176834106, 0.7901148796081543),
            ["LowerTorso"] = CFrame.new(-0.04025958850979805, -0.7008291482925415, -0.07421994209289551, 0.9994128942489624, -0.03426206111907959, 0.00018007998005487025, 0.03340774029493332, 0.9732990264892578, -0.22709690034389496, 0.007605535909533501, 0.22696958482265472, 0.973872184753418),
            ["RightLowerLeg"] = CFrame.new(-1.1920928955078125e-07, -5.960464477539063e-08, -7.785274647176266e-10, 1, -2.831220058396866e-07, -7.003547466410964e-07, 6.482004550889542e-07, 0.3943876028060913, 0.9189441204071045, -1.0430811414607888e-07, -0.9189441204071045, 0.39438799023628235),
            ["LeftUpperLeg"] = CFrame.new(1.4901161193847656e-07, 1.862645149230957e-08, 9.703944670036435e-08, 0.7360944151878357, 0.5996173024177551, -0.31404462456703186, -0.6768775582313538, 0.6530398726463318, -0.33967021107673645, 0.0014114642981439829, 0.4625992476940155, 0.8865665197372437),
            ["LeftLowerLeg"] = CFrame.new(2.2351741790771484e-08, -2.384185791015625e-07, -6.265682372941228e-08, 1, 7.450580596923828e-08, -4.991888431504776e-07, 5.066394805908203e-07, 0.09349463880062103, 0.9956197738647461, 4.470348358154297e-08, -0.9956198334693909, 0.09349437803030014),
        }},
        {Time = 0.067, Data = {
            ["RightFoot"] = CFrame.new(-4.842877388000488e-08, 2.980232238769531e-07, -1.5573095879517496e-07, 0.6597800254821777, 0.749160885810852, -0.05872119218111038, -0.6431018114089966, 0.5224930047988892, -0.5598399639129639, -0.3887292444705963, 0.4071352481842041, 0.8265174031257629),
            ["LeftLowerArm"] = CFrame.new(1.7881393432617188e-07, -6.556510925292969e-07, 5.960464477539063e-08, 1, -1.0430816388407038e-07, 1.0430807861894209e-07, 3.2037473829404917e-07, 0.34252795577049255, -0.9395074844360352, 1.490115053570662e-08, 0.9395076632499695, 0.34252840280532837),
            ["RightUpperArm"] = CFrame.new(0.014224052429199219, 0.02564537525177002, 0.01188216358423233, 0.8745787739753723, 0.06186935678124428, -0.4809205234050751, 0.21647316217422485, 0.8376780152320862, 0.5014328956604004, 0.4338795244693756, -0.5426488518714905, 0.7192221879959106),
            ["Head"] = CFrame.new(-9.942596079781651e-09, -1.1920928955078125e-07, -3.3025173706846545e-09, 0.9986405372619629, -0.05087302252650261, 0.011367146857082844, 0.05090682581067085, 0.9986997842788696, -0.002703542122617364, -0.011214825324714184, 0.0032786193769425154, 0.9999317526817322),
            ["RightHand"] = CFrame.new(4.190951585769653e-08, -1.1920928955078125e-07, -6.076879799365997e-08, -0.014867955818772316, 0.040448181331157684, -0.9990711212158203, -0.4893205463886261, 0.8710657358169556, 0.042547937482595444, 0.8719773292541504, 0.4894982576370239, 0.0068411617539823055),
            ["UpperTorso"] = CFrame.new(7.101334631443024e-09, 8.940696716308594e-08, 1.367880031466484e-08, 0.9979352355003357, 0.0634922981262207, 0.009703397750854492, -0.063570536673069, 0.9547751545906067, 0.2904534935951233, 0.009177006781101227, -0.29047060012817383, 0.956839919090271),
            ["HumanoidRootPart"] = CFrame.new(0, 0, 0, 1, 0, 0, 0, 1, 0, 0, 0, 1),
            ["RightUpperLeg"] = CFrame.new(-2.9802322387695312e-08, 2.644956111907959e-07, -3.784589353017509e-08, 0.6706664562225342, -0.7003393173217773, 0.244399756193161, 0.7353588938713074, 0.6709426045417786, -0.09530797600746155, -0.09723049402236938, 0.243641197681427, 0.9649794697761536),
            ["LeftUpperArm"] = CFrame.new(-0.016615986824035645, 0.02627706527709961, 0.011872121132910252, 0.7698054909706116, 0.6331093311309814, 0.08106858283281326, -0.6204466223716736, 0.7124263644218445, 0.32786375284194946, 0.14981821179389954, -0.30268996953964233, 0.9412403106689453),
            ["RightLowerArm"] = CFrame.new(1.1920928955078125e-07, 5.364418029785156e-07, -7.644625506630354e-20, 1, 1.750887719254024e-07, 2.402813379376312e-07, 1.4156097449813387e-07, -0.15954068303108215, -0.9871914982795715, 2.682208162241295e-07, 0.9871914386749268, -0.15954028069972992),
            ["LeftHand"] = CFrame.new(1.825392246246338e-07, -1.1920928955078125e-07, 1.4901161193847656e-07, 0.04409892484545708, -0.23240455985069275, 0.9716188907623291, 0.28620800375938416, 0.9347386956214905, 0.2105933278799057, -0.957152247428894, 0.2687968611717224, 0.107737235724926),
            ["LeftFoot"] = CFrame.new(4.377216100692749e-08, 0, -2.9281864044605754e-08, 0.8135241270065308, -0.5814392566680908, 0.010337578132748604, 0.4080684185028076, 0.5581058859825134, -0.72249436378479, 0.4143170714378357, 0.5919849872589111, 0.691299557685852),
            ["LowerTorso"] = CFrame.new(-0.044831905514001846, -0.8264843225479126, -0.14923273026943207, 0.9995977282524109, -0.028322767466306686, -0.0014754758449271321, 0.02641579508781433, 0.9487073421478271, -0.3150502145290375, 0.010322889313101768, 0.3148844838142395, 0.949073851108551),
            ["RightLowerLeg"] = CFrame.new(-7.450580596923828e-09, 1.7881393432617188e-07, 5.8826117310673e-08, 1, -3.650784492492676e-07, -6.407501587091247e-07, 7.078050998643448e-07, 0.27119556069374084, 0.9625241756439209, -2.9802318834981634e-08, -0.9625243544578552, 0.2711960971355438),
            ["LeftUpperLeg"] = CFrame.new(2.9802322387695312e-08, 2.1979212760925293e-07, 2.9976945370435715e-08, 0.6905782222747803, 0.633112907409668, -0.34967121481895447, -0.7189218401908875, 0.6537420749664307, -0.2361627221107483, 0.0790770947933197, 0.41447484493255615, 0.906618595123291),
            ["LeftLowerLeg"] = CFrame.new(3.725290298461914e-08, 0, 2.6750143433673657e-08, 1, 9.685756197086448e-08, -6.034969715074112e-07, 3.129244134925102e-07, -0.04220325127243996, 0.999109148979187, 3.2037499408943404e-07, -0.999109148979187, -0.042203065007925034),
        }},
        {Time = 0.100, Data = {
            ["RightFoot"] = CFrame.new(-1.4901161193847656e-08, 3.5762786865234375e-07, 7.523703970946372e-08, 0.6541823148727417, 0.7504640221595764, -0.09407243877649307, -0.6301926374435425, 0.47206786274909973, -0.6164488196372986, -0.41821399331092834, 0.4625536799430847, 0.7817553281784058),
            ["LeftLowerArm"] = CFrame.new(2.682209014892578e-07, -4.76837158203125e-07, -1.043081283569336e-07, 1, 2.421439049271612e-08, 7.636840848590509e-08, 3.483145576410607e-07, 0.29455098509788513, -0.9556357860565186, 1.2665984172599565e-07, 0.9556358456611633, 0.2945510745048523),
            ["RightUpperArm"] = CFrame.new(0.014178156852722168, 0.017353177070617676, 0.00887142214924097, 0.8704498410224915, 0.050854891538619995, -0.4896233081817627, 0.2566903531551361, 0.8018202781677246, 0.5396239757537842, 0.4200323820114136, -0.5953973531723022, 0.6848905682563782),
            ["Head"] = CFrame.new(8.041411092563067e-09, 1.1920928955078125e-07, 5.9753801906481385e-09, 0.9991592764854431, -0.04016866907477379, 0.008200491778552532, 0.038974907249212265, 0.9927242398262024, 0.1139281839132309, -0.012717179954051971, -0.11351278424263, 0.9934552311897278),
            ["RightHand"] = CFrame.new(4.7031790018081665e-08, 0, -1.5809200704097748e-07, -0.01842033676803112, 0.07721090316772461, -0.9968446493148804, -0.45794737339019775, 0.885633111000061, 0.07705971598625183, 0.8887884616851807, 0.4579218626022339, 0.019044842571020126),
            ["UpperTorso"] = CFrame.new(-6.28642737865448e-09, 2.9802322387695312e-08, 4.519824869930744e-08, 0.9988343119621277, 0.047605518251657486, 0.007991167716681957, -0.04791346192359924, 0.957616925239563, 0.2840319275856018, 0.005869024433195591, -0.2840837240219116, 0.9587814807891846),
            ["HumanoidRootPart"] = CFrame.new(0, 0, 0, 1, 0, 0, 0, 1, 0, 0, 0, 1),
            ["RightUpperLeg"] = CFrame.new(0, 9.592622518539429e-08, 3.20032995659858e-08, 0.6428837776184082, -0.725498616695404, 0.24566684663295746, 0.7490042448043823, 0.6625564694404602, -0.0034149037674069405, -0.16029073297977448, 0.1862005740404129, 0.9693483710289001),
            ["LeftUpperArm"] = CFrame.new(-0.016662001609802246, 0.018009424209594727, 0.008868302218616009, 0.8604496121406555, 0.47200408577919006, 0.19193433225154877, -0.5095353722572327, 0.7974207401275635, 0.3232547342777252, -0.0004748112987726927, -0.3759419023990631, 0.9266433119773865),
            ["RightLowerArm"] = CFrame.new(1.1920928955078125e-07, 2.384185791015625e-07, 2.9802322387695312e-08, 1, 1.713634105726669e-07, 2.0209706974583241e-07, 7.450581307466564e-08, -0.1432417929172516, -0.9896878004074097, 3.6507850609268644e-07, 0.9896878004074097, -0.14324170351028442),
            ["LeftHand"] = CFrame.new(3.380700945854187e-07, -2.980232238769531e-07, 1.4901161193847656e-08, -0.026738205924630165, -0.21069426834583282, 0.9771862030029297, 0.22349372506141663, 0.951531708240509, 0.21127848327159882, -0.9743385910987854, 0.22404371201992035, 0.02164672315120697),
            ["LeftFoot"] = CFrame.new(-5.4016709327697754e-08, -5.960464477539063e-08, -5.908418643230107e-08, 0.81501305103302, -0.5685713291168213, 0.11171765625476837, 0.42756956815719604, 0.45998868346214294, -0.7781991958618164, 0.391073077917099, 0.6820095777511597, 0.6180010437965393),
            ["LowerTorso"] = CFrame.new(-0.05364721268415451, -0.8720020055770874, -0.23392774164676666, 0.9998249411582947, -0.01803865283727646, -0.004972560331225395, 0.015309125185012817, 0.941410481929779, -0.33691534399986267, 0.010758719407022, 0.33678025007247925, 0.9415218234062195),
            ["RightLowerLeg"] = CFrame.new(-8.940696716308594e-08, 0, -7.785274647176266e-10, 1, -3.3527612686157227e-07, -7.227066021187056e-07, 5.066397079644958e-07, 0.24937570095062256, 0.9684067964553833, -6.705525379402388e-08, -0.9684068560600281, 0.24937595427036285),
            ["LeftUpperLeg"] = CFrame.new(5.960464477539063e-08, 5.21540641784668e-08, -3.818422555923462e-08, 0.7067300081253052, 0.609865128993988, -0.35860416293144226, -0.683933675289154, 0.7186265587806702, -0.1257409155368805, 0.18101756274700165, 0.33412641286849976, 0.9249823093414307),
            ["LeftLowerLeg"] = CFrame.new(-7.078051567077637e-08, 1.7881393432617188e-07, 2.6750143433673657e-08, 1, 2.7194619178771973e-07, -4.805626190318435e-07, 5.178155220164626e-07, -0.07138684391975403, 0.997448742389679, -6.332995639013461e-08, -0.997448742389679, -0.07138680666685104),
        }},
        {Time = 0.133, Data = {
            ["RightFoot"] = CFrame.new(-3.725290298461914e-09, 3.5762786865234375e-07, -5.142283043824136e-08, 0.6623362898826599, 0.7324506640434265, -0.15756656229496002, -0.6336452960968018, 0.43542909622192383, -0.6394485831260681, -0.39975541830062866, 0.5233712792396545, 0.752514660358429),
            ["LeftLowerArm"] = CFrame.new(2.9802322387695312e-08, -8.344650268554688e-07, -2.9802322387695312e-08, 1, -1.639128583974525e-07, 2.0861615723788418e-07, 1.3038513202445756e-07, 0.23009634017944336, -0.973167896270752, 7.450579175838357e-08, 0.973167896270752, 0.23009632527828217),
            ["RightUpperArm"] = CFrame.new(0.014165163040161133, -0.0013239383697509766, 0.006479043047875166, 0.863396942615509, 0.034916795790195465, -0.5033155679702759, 0.30134645104408264, 0.7644148468971252, 0.5699653625488281, 0.4046432375907898, -0.6437786221504211, 0.6494712233543396),
            ["Head"] = CFrame.new(-3.4642653190530837e-09, 0, -1.6243575373664498e-08, 0.9996524453163147, -0.026102425530552864, 0.0037029124796390533, 0.02501538395881653, 0.9834654331207275, 0.1793603003025055, -0.008323428221046925, -0.17920522391796112, 0.9837765097618103),
            ["RightHand"] = CFrame.new(-3.67872416973114e-08, -5.960464477539063e-08, -9.313225746154785e-10, 0.013863722793757915, 0.11742096394300461, -0.9929854273796082, -0.3947823941707611, 0.9130443930625916, 0.10245615243911743, 0.9186699986457825, 0.390592098236084, 0.05901385471224785),
            ["UpperTorso"] = CFrame.new(-2.176966518163681e-08, 1.1920928955078125e-07, 4.551839083433151e-08, 0.9996189475059509, 0.02713102102279663, 0.005095549393445253, -0.02754504606127739, 0.9680971503257751, 0.24905681610107422, 0.001824182108975947, -0.24910220503807068, 0.9684755206108093),
            ["HumanoidRootPart"] = CFrame.new(0, 0, 0, 1, 0, 0, 0, 1, 0, 0, 0, 1),
            ["RightUpperLeg"] = CFrame.new(5.960464477539063e-08, -9.010545909404755e-08, 7.11188476998359e-08, 0.6378903388977051, -0.7313847541809082, 0.24118968844413757, 0.73896723985672, 0.6694731116294861, 0.07571788132190704, -0.21684890985488892, 0.12993180751800537, 0.9675197005271912),
            ["LeftUpperArm"] = CFrame.new(-0.01667475700378418, -0.0006616115570068359, 0.006481811869889498, 0.8995093107223511, 0.3397580087184906, 0.2746769189834595, -0.4272138178348541, 0.8156557083129883, 0.3901207447052002, -0.09149506688117981, -0.46826308965682983, 0.8788391947746277),
            ["RightLowerArm"] = CFrame.new(-5.960464477539063e-08, -5.960464477539063e-08, -5.960464477539063e-08, 1, -1.192093321833454e-07, 1.424923539161682e-07, 2.5704491690703435e-07, -0.1152990534901619, -0.9933308959007263, 5.9604616353681195e-08, 0.9933308959007263, -0.1152985468506813),
            ["LeftHand"] = CFrame.new(-2.2724270820617676e-07, -1.1920928955078125e-07, 4.470348358154297e-08, -0.047544144093990326, -0.19876031577587128, 0.9788941740989685, 0.17773021757602692, 0.9626814126968384, 0.2041010558605194, -0.982930064201355, 0.18368202447891235, -0.010444159619510174),
            ["LeftFoot"] = CFrame.new(1.8684659153223038e-07, -5.960464477539063e-08, -7.026005732768681e-08, 0.8209589123725891, -0.5402476191520691, 0.18482179939746857, 0.44570744037628174, 0.4040140211582184, -0.7988227009773254, 0.3568912446498871, 0.7381769418716431, 0.5724713206291199),
            ["LowerTorso"] = CFrame.new(-0.06432601064443588, -0.8820267915725708, -0.29789552092552185, 0.9999707341194153, -0.005246300250291824, -0.005574667826294899, 0.0030904915183782578, 0.9429177641868591, -0.3330114781856537, 0.007003530859947205, 0.33298447728157043, 0.9429063200950623),
            ["RightLowerLeg"] = CFrame.new(6.332993507385254e-08, 5.960464477539063e-08, -3.058084985241294e-08, 1, -8.195634393359796e-08, -7.022171644166519e-07, 8.06525918051193e-07, 0.26913586258888245, 0.9631022214889526, -2.1606699363019288e-07, -0.9631022214889526, 0.26913580298423767),
            ["LeftUpperLeg"] = CFrame.new(-5.960464477539063e-08, 6.635673344135284e-08, -2.491287887096405e-08, 0.7351354956626892, 0.5797798037528992, -0.35132789611816406, -0.6365413069725037, 0.7686232924461365, -0.06350714713335037, 0.23321856558322906, 0.2703213095664978, 0.934096097946167),
            ["LeftLowerLeg"] = CFrame.new(-3.632158041000366e-08, -5.960464477539063e-08, -1.7953340147869312e-08, 1, 1.0244549741855735e-07, -3.017484857537056e-07, 5.117618684380432e-07, -0.06198417395353317, 0.9980770945549011, 4.004688136660661e-08, -0.9980772137641907, -0.0619843527674675),
        }},
        {Time = 0.167, Data = {
            ["RightFoot"] = CFrame.new(-2.537854015827179e-08, 3.5762786865234375e-07, -2.162050805054605e-08, 0.6838443279266357, 0.6943930983543396, -0.22399871051311493, -0.6417846083641052, 0.4264218509197235, -0.6373983025550842, -0.3470871150493622, 0.5796400904655457, 0.7372570633888245),
            ["LeftLowerArm"] = CFrame.new(2.9802322387695312e-08, -2.384185791015625e-07, -1.4901161193847656e-07, 1, -4.4703494239684005e-08, 1.341103512686459e-07, 7.450579175838357e-08, 0.1513722538948059, -0.9884768128395081, 7.450579175838357e-08, 0.9884768724441528, 0.15137244760990143),
            ["RightUpperArm"] = CFrame.new(0.014467835426330566, -0.007587075233459473, 0.005728673189878464, 0.8555889129638672, 0.020271603018045425, -0.517258882522583, 0.3350219428539276, 0.740059494972229, 0.5831571817398071, 0.3946239650249481, -0.672235906124115, 0.6263953447341919),
            ["Head"] = CFrame.new(7.659309630980715e-09, 2.384185791015625e-07, -3.81915015168488e-08, 0.9999517798423767, -0.006773097440600395, -0.0071217576041817665, 0.008292228914797306, 0.9703862071037292, 0.24141615629196167, 0.005275722127407789, -0.2414635717868805, 0.9703956246376038),
            ["RightHand"] = CFrame.new(1.424923539161682e-07, 5.960464477539063e-08, 1.30385160446167e-07, 0.03665906935930252, 0.09925095736980438, -0.9943870306015015, -0.3106633722782135, 0.9468844532966614, 0.08305662125349045, 0.9498128890991211, 0.30587464570999146, 0.0655454769730568),
            ["UpperTorso"] = CFrame.new(6.984919309616089e-10, -3.2782554626464844e-07, -4.496541805565357e-08, 0.9999812841415405, 0.005877522751688957, 0.0016963834641501307, -0.006084082648158073, 0.9844424724578857, 0.1756018102169037, -0.0006378897815011442, -0.17560873925685883, 0.9844598770141602),
            ["HumanoidRootPart"] = CFrame.new(0, 0, 0, 1, 0, 0, 0, 1, 0, 0, 0, 1),
            ["RightUpperLeg"] = CFrame.new(-2.9802322387695312e-08, 2.6542693376541138e-08, -4.9371010391041636e-08, 0.6537268757820129, -0.7242246270179749, 0.21940840780735016, 0.7190988659858704, 0.6848279237747192, 0.11793062835931778, -0.2356652021408081, 0.08068196475505829, 0.9684794545173645),
            ["LeftUpperArm"] = CFrame.new(-0.016373276710510254, -0.007084369659423828, 0.005732170306146145, 0.9185903072357178, 0.22065101563930511, 0.3278796672821045, -0.3607725501060486, 0.8068849444389343, 0.4677390456199646, -0.16135405004024506, -0.5479505658149719, 0.8208015561103821),
            ["RightLowerArm"] = CFrame.new(-5.960464477539063e-08, 5.960464477539063e-08, 8.940696716308594e-08, 1, -1.3411050758804777e-07, 1.1827800960872992e-07, 1.9185249300335272e-07, -0.036807212978601456, -0.9993224143981934, -1.4901164746561335e-08, 0.9993224143981934, -0.036807041615247726),
            ["LeftHand"] = CFrame.new(9.685754776000977e-08, -1.7881393432617188e-07, 5.960464477539063e-08, -0.013892817310988903, -0.11855272948741913, 0.9928505420684814, 0.17105045914649963, 0.9780281782150269, 0.11917681992053986, -0.9851643443107605, 0.17148259282112122, 0.006690826267004013),
            ["LeftFoot"] = CFrame.new(1.7811544239521027e-08, 1.1920928955078125e-07, 4.894923222309444e-08, 0.8320491313934326, -0.5219852328300476, 0.18768468499183655, 0.4340333044528961, 0.4019562304019928, -0.8062546253204346, 0.3454120457172394, 0.7523049712181091, 0.5610061883926392),
            ["LowerTorso"] = CFrame.new(-0.07368043810129166, -0.8549216985702515, -0.3517858684062958, 0.9999735951423645, 0.005847482476383448, -0.004322372376918793, -0.006856064312160015, 0.956242561340332, -0.2924948036670685, 0.0024228787515312433, 0.29251664876937866, 0.9562574028968811),
            ["RightLowerLeg"] = CFrame.new(4.516914486885071e-08, -1.1920928955078125e-07, 6.6720531322062016e-09, 1, -2.1234151859061967e-07, -4.782342557518859e-07, 8.314387400787382e-07, 0.3316987454891205, 0.9433854222297668, -2.3748739863549417e-07, -0.9433853626251221, 0.33169883489608765),
            ["LeftUpperLeg"] = CFrame.new(2.9802322387695312e-08, -2.651941031217575e-07, -9.546056389808655e-09, 0.7584072947502136, 0.5764428377151489, -0.3041907846927643, -0.6200328469276428, 0.7819569706916809, -0.06405172497034073, 0.20094206929206848, 0.23718543350696564, 0.950455367565155),
            ["LeftLowerLeg"] = CFrame.new(-8.195638656616211e-08, -1.7881393432617188e-07, 5.655246582136897e-08, 1, 1.5366828165497282e-07, -4.4517230435303645e-07, 4.833564730688522e-07, -0.005459146574139595, 0.9999851584434509, -1.9557775843281888e-08, -0.9999850988388062, -0.005459161009639502),
        }},
        {Time = 0.200, Data = {
            ["RightFoot"] = CFrame.new(6.193295121192932e-08, 2.980232238769531e-07, -3.6521669244393706e-08, 0.7135241031646729, 0.6492447853088379, -0.2633718252182007, -0.6472450494766235, 0.46688926219940186, -0.6025676727294922, -0.2682487964630127, 0.600412905216217, 0.7533575296401978),
            ["LeftLowerArm"] = CFrame.new(-1.1920928955078125e-07, 4.172325134277344e-07, -7.644625506630354e-20, 1, 0, 3.501770891034539e-07, 7.450577044210149e-09, 0.10820616036653519, -0.9941284656524658, 3.054736623653298e-07, 0.9941284656524658, 0.10820700973272324),
            ["RightUpperArm"] = CFrame.new(0.015257477760314941, -0.0019805431365966797, 0.005919326096773148, 0.8741331696510315, -0.028606200590729713, -0.48484310507774353, 0.33952003717422485, 0.7498201131820679, 0.567887544631958, 0.34730029106140137, -0.6610231399536133, 0.6651549339294434),
            ["Head"] = CFrame.new(8.589267963543534e-09, 1.1920928955078125e-07, 8.549977792426944e-08, 0.9997015595436096, 0.014356286264955997, -0.019771816208958626, -0.007972437888383865, 0.9565528035163879, 0.2914506793022156, 0.023096945136785507, -0.2912057936191559, 0.9563814997673035),
            ["RightHand"] = CFrame.new(-6.2282197177410126e-09, 1.7881393432617188e-07, 2.6426278054714203e-08, 0.11555461585521698, 0.05132017657160759, -0.9919745326042175, -0.26574891805648804, 0.9638569355010986, 0.018908172845840454, 0.9570918083190918, 0.2614309787750244, 0.12501618266105652),
            ["UpperTorso"] = CFrame.new(3.6088749766349792e-09, 0, 1.5912519302219152e-08, 0.9999586939811707, -0.009042606689035892, -0.000976818846538663, 0.00909437332302332, 0.9955423474311829, 0.09387724101543427, 0.00012356889783404768, -0.09388229250907898, 0.9955833554267883),
            ["HumanoidRootPart"] = CFrame.new(0, 0, 0, 1, 0, 0, 0, 1, 0, 0, 0, 1),
            ["RightUpperLeg"] = CFrame.new(-2.9802322387695312e-08, -2.0838342607021332e-07, 5.511174094863236e-08, 0.686932384967804, -0.7040441036224365, 0.18012800812721252, 0.694435179233551, 0.7089893817901611, 0.12285546213388443, -0.2142046093940735, 0.040693704038858414, 0.9759408235549927),
            ["LeftUpperArm"] = CFrame.new(-0.015585541725158691, -0.0018951892852783203, 0.005919956602156162, 0.9398775696754456, 0.11345205456018448, 0.32211625576019287, -0.28077590465545654, 0.793635904788971, 0.5397288203239441, -0.19440990686416626, -0.5977213382720947, 0.77777498960495),
            ["RightLowerArm"] = CFrame.new(-2.086162567138672e-07, 3.5762786865234375e-07, -7.644625506630354e-20, 1, -3.725292856415763e-07, -1.0058287358560847e-07, 3.4831489870157384e-07, 0.10412395000457764, -0.9945643544197083, -2.682211004412238e-07, 0.994564414024353, 0.10412397235631943),
            ["LeftHand"] = CFrame.new(-1.1548399925231934e-07, 0, 5.960464477539063e-08, 0.15113753080368042, -0.05135517939925194, 0.9871779084205627, 0.15021875500679016, 0.9882447123527527, 0.028412172570824623, -0.9770321846008301, 0.14399690926074982, 0.1570754498243332),
            ["LeftFoot"] = CFrame.new(-8.145434549078345e-08, 5.960464477539063e-08, 5.639981282001827e-08, 0.8497830033302307, -0.49493905901908875, 0.18139547109603882, 0.42689159512519836, 0.44427797198295593, -0.7876424193382263, 0.3092450201511383, 0.7467613816261292, 0.5888252854347229),
            ["LowerTorso"] = CFrame.new(-0.08095881342887878, -0.7831522226333618, -0.3769080936908722, 0.9999582171440125, 0.009113841690123081, -0.000726439873687923, -0.0090224863961339, 0.970840334892273, -0.23955732583999634, -0.0014780304627493024, 0.23955389857292175, 0.970881998538971),
            ["RightLowerLeg"] = CFrame.new(1.4528632164001465e-07, -5.960464477539063e-08, -3.058084985241294e-08, 1, -3.650783924058487e-07, -6.500633276118606e-07, 6.416814244403213e-07, 0.4379284381866455, 0.8990097045898438, -1.4901164746561335e-08, -0.8990098237991333, 0.4379289746284485),
            ["LeftUpperLeg"] = CFrame.new(8.940696716308594e-08, -1.932494342327118e-07, 4.551839083433151e-08, 0.7849909067153931, 0.5649588704109192, -0.25418663024902344, -0.6009249687194824, 0.7941380143165588, -0.09074191749095917, 0.15059395134449005, 0.22397863864898682, 0.9628889560699463),
            ["LeftLowerLeg"] = CFrame.new(-8.760252967476845e-08, 3.5762786865234375e-07, -1.222614685048029e-07, 1, 5.040784145649013e-08, -4.5041093699182966e-07, 3.242458603835985e-07, 0.09086403995752335, 0.9958633184432983, -2.3865146303592155e-08, -0.9958633184432983, 0.09086409956216812),
        }},
        {Time = 0.233, Data = {
            ["RightFoot"] = CFrame.new(-6.891787052154541e-08, 4.172325134277344e-07, -5.142283043824136e-08, 0.7509921193122864, 0.6083974838256836, -0.2566383481025696, -0.6383483409881592, 0.5695270895957947, -0.5178325176239014, -0.16888567805290222, 0.5527127981185913, 0.81607985496521),
            ["LeftLowerArm"] = CFrame.new(5.960464477539063e-08, 1.7881393432617188e-07, -7.644625506630354e-20, 1, -1.2665995541283337e-07, -1.2293453721667902e-07, 3.0919898108550115e-07, 0.11698341369628906, -0.9931338429450989, 4.842875611643649e-08, 0.9931339621543884, 0.11698393523693085),
            ["RightUpperArm"] = CFrame.new(0.016440391540527344, 0.00686037540435791, 0.008013508282601833, 0.9099720120429993, -0.10615335404872894, -0.4008525609970093, 0.32507652044296265, 0.7827662825584412, 0.530661940574646, 0.25744199752807617, -0.6131953001022339, 0.7468032836914062),
            ["Head"] = CFrame.new(5.3041731007397175e-09, 1.1920928955078125e-07, -6.155460141599178e-09, 0.999160647392273, 0.03459940850734711, -0.02193072810769081, -0.027098536491394043, 0.9597471356391907, 0.27955538034439087, 0.030720369890332222, -0.2787262797355652, 0.9598790407180786),
            ["RightHand"] = CFrame.new(-6.332993507385254e-08, 2.384185791015625e-07, 3.725290298461914e-09, 0.32670530676841736, -0.046867065131664276, -0.9439635276794434, -0.34151691198349, 0.9254310131072998, -0.16414569318294525, 0.8812661170959473, 0.3760069012641907, 0.2863374650478363),
            ["UpperTorso"] = CFrame.new(-1.1641532182693481e-10, 2.384185791015625e-07, -6.379559636116028e-08, 0.9998989105224609, -0.013981202617287636, -0.0026066754944622517, 0.014077084138989449, 0.999045193195343, 0.041358232498168945, 0.0020259502343833447, -0.041390761733055115, 0.9991409778594971),
            ["HumanoidRootPart"] = CFrame.new(0, 0, 0, 1, 0, 0, 0, 1, 0, 0, 0, 1),
            ["RightUpperLeg"] = CFrame.new(0, 1.0008807294070721e-07, -3.970853867940605e-08, 0.7303795218467712, -0.6736083626747131, 0.11312540620565414, 0.6659287214279175, 0.7390874624252319, 0.10143394023180008, -0.15193654596805573, 0.0012481698067858815, 0.9883894920349121),
            ["LeftUpperArm"] = CFrame.new(-0.014400720596313477, 0.006319642066955566, 0.008014536462724209, 0.9666444659233093, 0.056649722158908844, 0.24977873265743256, -0.18874286115169525, 0.8167906999588013, 0.5451874136924744, -0.17313188314437866, -0.5741462707519531, 0.8002383708953857),
            ["RightLowerArm"] = CFrame.new(-1.4901161193847656e-07, 4.76837158203125e-07, 2.980232238769531e-07, 1, 4.470350489782504e-08, 1.974405279270286e-07, 8.940694584680386e-08, 0.18650439381599426, -0.9824541807174683, 3.8743010577491077e-07, 0.982454240322113, 0.1865042895078659),
            ["LeftHand"] = CFrame.new(-4.470348358154297e-08, 1.1920928955078125e-07, -1.1175870895385742e-08, 0.4379675090312958, -0.1064550131559372, 0.8926655054092407, 0.28636661171913147, 0.9577600359916687, -0.02628130279481411, -0.8521612286567688, 0.26713892817497253, 0.44995301961898804),
            ["LeftFoot"] = CFrame.new(-7.671769708395004e-08, 0, 2.0168613446003292e-07, 0.8721145987510681, -0.4593304991722107, 0.1686168909072876, 0.42402318120002747, 0.5375041961669922, -0.7288988828659058, 0.24417324364185333, 0.7071808576583862, 0.6635321378707886),
            ["LowerTorso"] = CFrame.new(-0.08670269697904587, -0.6594303846359253, -0.3540659248828888, 0.9999935030937195, 0.0011307171080261469, 0.0034346419852226973, -0.000448561244411394, 0.9813053607940674, -0.19245685636997223, -0.0035880468785762787, 0.19245406985282898, 0.9812994599342346),
            ["RightLowerLeg"] = CFrame.new(2.6170164346694946e-07, 2.384185791015625e-07, -1.5679688658565283e-08, 1, -5.643817075906554e-07, -5.438924972622772e-07, 7.301570121853729e-07, 0.5983315110206604, 0.8012484908103943, 8.940698137394065e-08, -0.8012486696243286, 0.5983316898345947),
            ["LeftUpperLeg"] = CFrame.new(2.9802322387695312e-08, 6.827758625149727e-08, -4.7963112592697144e-08, 0.8120008707046509, 0.5459557771682739, -0.20636534690856934, -0.575508713722229, 0.8078200817108154, -0.12734471261501312, 0.09718156605958939, 0.2221689075231552, 0.9701529741287231),
            ["LeftLowerLeg"] = CFrame.new(-3.818422555923462e-08, -1.1920928955078125e-07, 2.3536640014754084e-07, 1, 4.377216100692749e-08, -4.842877956434677e-07, 5.727633833885193e-07, 0.23306560516357422, 0.9724609851837158, -1.862645149230957e-08, -0.9724610447883606, 0.23306573927402496),
        }},
        {Time = 0.267, Data = {
            ["RightFoot"] = CFrame.new(-1.7113052308559418e-08, 4.172325134277344e-07, -3.6521669244393706e-08, 0.7687072157859802, 0.5912809371948242, -0.243877574801445, -0.6297904253005981, 0.6332067847251892, -0.4499026834964752, -0.11159427464008331, 0.4994358718395233, 0.8591340780258179),
            ["LeftLowerArm"] = CFrame.new(-5.960464477539063e-08, -2.384185791015625e-07, -1.043081283569336e-07, 1, -5.2154096152889906e-08, 2.533195697651536e-07, 8.195631551188853e-08, 0.06183367222547531, -0.9980863928794861, 8.568160581035045e-08, 0.9980865120887756, 0.061834752559661865),
            ["RightUpperArm"] = CFrame.new(0.018394112586975098, 0.0146026611328125, 0.012139156460762024, 0.9309667944908142, -0.25681763887405396, -0.25951072573661804, 0.35731735825538635, 0.7868989109992981, 0.503104567527771, 0.0750025138258934, -0.5611014366149902, 0.8243421316146851),
            ["Head"] = CFrame.new(2.6495399652048945e-08, 2.384185791015625e-07, 3.818422555923462e-08, 0.9986090660095215, 0.05004769563674927, -0.01659386046230793, -0.04474669322371483, 0.9708762168884277, 0.23536625504493713, 0.027890119701623917, -0.23429618775844574, 0.9717651009559631),
            ["RightHand"] = CFrame.new(4.470348358154297e-08, 3.5762786865234375e-07, -1.4901161193847656e-07, 0.6085487604141235, -0.14234589040279388, -0.7806446552276611, -0.2884531617164612, 0.8767948150634766, -0.3847411274909973, 0.7392314672470093, 0.45931312441825867, 0.4925122559070587),
            ["UpperTorso"] = CFrame.new(1.5599653124809265e-08, -3.5762786865234375e-07, -1.548323780298233e-08, 0.9999067783355713, -0.01296908874064684, -0.004277014173567295, 0.01303069293498993, 0.9998069405555725, 0.014710888266563416, 0.004085396882146597, -0.014765209518373013, 0.9998826384544373),
            ["HumanoidRootPart"] = CFrame.new(0, 0, 0, 1, 0, 0, 0, 1, 0, 0, 0, 1),
            ["RightUpperLeg"] = CFrame.new(0, -2.062879502773285e-07, 6.624759407714009e-09, 0.7580018639564514, -0.6463822722434998, 0.08730944991111755, 0.6451336145401001, 0.7627046704292297, 0.04565688222646713, -0.09610313177108765, 0.021718360483646393, 0.9951344132423401),
            ["LeftUpperArm"] = CFrame.new(-0.01243138313293457, 0.013022899627685547, 0.012166419066488743, 0.9851303696632385, 0.08513089269399643, 0.14923495054244995, -0.15185979008674622, 0.8376999497413635, 0.5245928764343262, -0.08035501092672348, -0.5394548177719116, 0.8381714224815369),
            ["RightLowerArm"] = CFrame.new(0, 3.5762786865234375e-07, 2.086162567138672e-07, 1, -1.4901168299275014e-07, -2.980233659855003e-08, 1.7136336794010276e-07, 0.11406870186328888, -0.9934729337692261, 7.450581307466564e-08, 0.9934728741645813, 0.11406829953193665),
            ["LeftHand"] = CFrame.new(-5.587935447692871e-08, 5.960464477539063e-08, -9.685754776000977e-08, 0.652872622013092, -0.13436539471149445, 0.7454544901847839, 0.4012175500392914, 0.8960885405540466, -0.18987134099006653, -0.6424809694290161, 0.423050194978714, 0.6389417052268982),
            ["LeftFoot"] = CFrame.new(1.3364478945732117e-07, 5.960464477539063e-08, 3.4048071029246785e-08, 0.8782040476799011, -0.4508349895477295, 0.15970481932163239, 0.4262274205684662, 0.5862035751342773, -0.6889814138412476, 0.21699759364128113, 0.673136830329895, 0.7069647908210754),
