return {
    ["Ghost Samurai"] = {
        {Time = 0.000, Data = {
            ["LeftFoot"] = CFrame.new(3.4458935260772705e-08, -5.960464477539063e-08, -2.9802322387695312e-08, 0.9787855744361877, -0.19021812081336975, -0.07613005489110947, 0.1650928407907486, 0.9522668123245239, -0.25677362084388733, 0.1213390976190567, 0.23875734210014343, 0.9634685516357422),
            ["LeftLowerArm"] = CFrame.new(4.470348358154297e-07, -9.5367431640625e-07, -1.7881393432617188e-07, 1, -1.2107191693644381e-08, 5.21540641784668e-08, 0, 0.8366987109184265, -0.5476633906364441, 4.4703490686970326e-08, 0.5476633906364441, 0.8366987705230713),
            ["LowerTorso"] = CFrame.new(-0.07253792136907578, -0.30142927169799805, 0.22641564905643463, 0.7481749057769775, 0.024869021028280258, -0.6630353927612305, 0.07409999519586563, 0.9899141192436218, 0.12074460834264755, 0.6593509316444397, -0.1394689977169037, 0.7387860417366028),
            ["Head"] = CFrame.new(-1.4901161193847656e-08, 1.1920928955078125e-07, -5.21540641784668e-08, 0.8016354441642761, 0.036561790853738785, 0.5966939926147461, 0.07565104961395264, 0.9838995933532715, -0.16192156076431274, -0.5930072069168091, 0.17494262754917145, 0.7859629392623901),
            ["RightUpperArm"] = CFrame.new(2.384185791015625e-07, 5.960464477539062e-07, -8.940696716308594e-08, 0.8699670433998108, -0.31990644335746765, 0.375256210565567, 0.19702452421188354, 0.9231213927268982, 0.3301945924758911, -0.45203840732574463, -0.21332381665706635, 0.866114616394043),
            ["UpperTorso"] = CFrame.new(3.725290298461914e-09, 2.9802322387695312e-08, 1.862645149230957e-08, 0.9973379373550415, -0.006312177516520023, 0.07264582812786102, -0.00793102104216814, 0.9809462428092957, 0.19411751627922058, -0.07248694449663162, -0.1941768378019333, 0.9782847762107849),
            ["HumanoidRootPart"] = CFrame.new(0, 0, 0, 1, 0, 0, 0, 1, 0, 0, 0, 1),
            ["RightHand"] = CFrame.new(3.725290298461914e-08, 1.1920928955078125e-07, 2.514570951461792e-08, 0.9174005389213562, 0.21707195043563843, -0.3335506319999695, -0.2716279923915863, 0.9540960788726807, -0.12617045640945435, 0.29085126519203186, 0.20635050535202026, 0.934251070022583),
            ["LeftUpperArm"] = CFrame.new(1.1920928955078125e-07, 3.5762786865234375e-07, 0, 0.9630815386772156, 0.25964832305908203, -0.0711108073592186, -0.2518467903137207, 0.9622936844825745, 0.10278197377920151, 0.095116525888443, -0.08107855170965195, 0.992158830165863),
            ["RightLowerArm"] = CFrame.new(-5.364418029785156e-07, -1.1920928955078125e-07, 2.9802322387695312e-08, 1, -3.096647560596466e-08, 3.655441105365753e-08, 4.1909512304982854e-08, 0.7878824472427368, -0.6158257126808167, -1.862644971595273e-08, 0.6158257722854614, 0.7878824472427368),
            ["LeftHand"] = CFrame.new(3.2782554626464844e-07, -2.384185791015625e-07, -7.450580596923828e-08, 0.9726206064224243, -0.0035263383761048317, 0.23237204551696777, 0.03807675465941429, 0.9887910485267639, -0.14436915516853333, -0.22925841808319092, 0.14926454424858093, 0.9618527889251709),
            ["RightUpperLeg"] = CFrame.new(0, 4.190951585769653e-08, -3.149762051180005e-08, 0.9863734841346741, -0.1630983054637909, 0.0215962752699852, 0.1472155600786209, 0.8163736462593079, -0.5584458112716675, 0.07345084100961685, 0.5540153384208679, 0.8292599320411682),
            ["LeftUpperLeg"] = CFrame.new(-1.1920928955078125e-07, 1.7415732145309448e-07, 8.940696716308594e-08, 0.7083238363265991, 0.6427813768386841, 0.29173532128334045, -0.15743350982666016, 0.5467323660850525, -0.8223736882209778, -0.6881074905395508, 0.5365779399871826, 0.48845887184143066),
            ["RightLowerLeg"] = CFrame.new(-5.960464477539063e-08, -0.00006073713302612305, -0.00007219443068606779, 1, -1.490115550950577e-07, -1.1920928955078125e-07, 1.4901158351676713e-07, 0.540010392665863, 0.8416581749916077, -1.1175868053214799e-07, -0.841658353805542, 0.5400107502937317),
            ["RightFoot"] = CFrame.new(1.1920928955078125e-07, 4.172325134277344e-07, 2.4047039914876223e-08, 0.9501712918281555, 0.27955830097198486, -0.13791926205158234, -0.3113276958465576, 0.8285954594612122, -0.46530038118362427, -0.015799427404999733, 0.48505333065986633, 0.8743419647216797),
            ["LeftLowerLeg"] = CFrame.new(3.725290298461914e-09, 0.000060677528381347656, 0.00007209181785583496, 1, 6.565825572124595e-08, 3.911553747570906e-08, -6.984919309616089e-08, 0.4651638865470886, 0.8852245807647705, 2.8870999813079834e-08, -0.8852246999740601, 0.46516379714012146),
        }},
        {Time = 0.033, Data = {
            ["LeftFoot"] = CFrame.new(1.5366822481155396e-07, -5.960464477539063e-08, -2.60770320892334e-08, 0.9783971309661865, -0.19216172397136688, -0.07624202966690063, 0.16710521280765533, 0.9522315263748169, -0.25559985637664795, 0.12171653658151627, 0.23733733594417572, 0.9637717008590698),
            ["LeftLowerArm"] = CFrame.new(3.2782554626464844e-07, -4.76837158203125e-07, -5.960464477539063e-08, 1, -1.955777406692505e-08, -3.166497108963995e-08, 0, 0.8373609781265259, -0.5466504693031311, 6.705523247774181e-08, 0.5466504693031311, 0.8373609781265259),
            ["LowerTorso"] = CFrame.new(-0.06744969636201859, -0.2974710464477539, 0.22147729992866516, 0.7518258690834045, 0.02227301523089409, -0.6589854955673218, 0.07193253189325333, 0.9906936287879944, 0.11555107682943344, 0.6554263234138489, -0.13427677750587463, 0.7432268857955933),
            ["Head"] = CFrame.new(-5.960464477539063e-08, 0, 1.1920928955078125e-07, 0.8052118420600891, 0.037082746624946594, 0.5918266177177429, 0.07075882703065872, 0.9849032759666443, -0.15798330307006836, -0.5887504816055298, 0.16908708214759827, 0.7904319167137146),
            ["RightUpperArm"] = CFrame.new(1.1920928955078125e-07, 1.1920928955078125e-07, -5.960464477539063e-08, 0.8600971102714539, -0.32741737365722656, 0.39119166135787964, 0.19967348873615265, 0.9217388033866882, 0.33245784044265747, -0.469429075717926, -0.2078353613615036, 0.8581613302230835),
            ["UpperTorso"] = CFrame.new(3.725290298461914e-09, -1.4901161193847656e-07, -2.9802322387695312e-08, 0.9974714517593384, -0.004602969158440828, 0.07091929763555527, -0.009136968292295933, 0.9813128709793091, 0.1922019124031067, -0.0704789087176323, -0.192363902926445, 0.9787895083427429),
            ["HumanoidRootPart"] = CFrame.new(0, 0, 0, 1, 0, 0, 0, 1, 0, 0, 0, 1),
            ["RightHand"] = CFrame.new(2.086162567138672e-07, -5.364418029785156e-07, 2.9802322387695312e-08, 0.9327801465988159, 0.21658284962177277, -0.2881201207637787, -0.26062172651290894, 0.9574398398399353, -0.1240374743938446, 0.24899323284626007, 0.19079004228115082, 0.9495270848274231),
            ["LeftUpperArm"] = CFrame.new(5.960464477539063e-08, 3.5762786865234375e-07, 1.1920928955078125e-07, 0.9591202735900879, 0.2673901319503784, -0.09268664568662643, -0.25718480348587036, 0.9602203369140625, 0.10877896845340729, 0.11808596551418304, -0.0804944634437561, 0.98973548412323),
            ["RightLowerArm"] = CFrame.new(-2.980232238769531e-07, 4.172325134277344e-07, -2.682209014892578e-07, 1, -4.33647109332469e-08, 5.541369318962097e-08, 6.053596024457875e-08, 0.7876188158988953, -0.616162896156311, -3.352760913344355e-08, 0.616162896156311, 0.7876187562942505),
            ["LeftHand"] = CFrame.new(8.940696716308594e-08, 2.980232238769531e-07, -3.129243850708008e-07, 0.9734256267547607, -0.002739526564255357, 0.22898727655410767, 0.035015299916267395, 0.9899510741233826, -0.13700656592845917, -0.22631089389324188, 0.14138387143611908, 0.9637396335601807),
            ["RightUpperLeg"] = CFrame.new(0, 9.499490261077881e-08, -9.110226528719068e-08, 0.9828647971153259, -0.18401159346103668, -0.010807108134031296, 0.14741840958595276, 0.819898247718811, -0.5532041192054749, 0.11065647751092911, 0.5421315431594849, 0.8329757452011108),
            ["LeftUpperLeg"] = CFrame.new(-5.960464477539063e-08, 2.2165477275848389e-07, 5.960464477539063e-08, 0.7125123143196106, 0.6369408369064331, 0.29433420300483704, -0.1621939241886139, 0.5576327443122864, -0.8140878081321716, -0.6826561689376831, 0.5323083996772766, 0.5006281733512878),
            ["RightLowerLeg"] = CFrame.new(-8.940696716308594e-08, -0.00006079673767089844, -0.0000721050237189047, 1, -1.7881387748275301e-07, -5.2154071283894154e-08, 1.415610029198433e-07, 0.5422831177711487, 0.8401956558227539, -7.450579175838357e-08, -0.8401958346366882, 0.5422835350036621),
            ["RightFoot"] = CFrame.new(-3.725290298461914e-09, 1.7881393432617188e-07, -3.55576048605144e-08, 0.9556658267974854, 0.27780741453170776, -0.0976005420088768, -0.2904481589794159, 0.8348913788795471, -0.4675426781177521, -0.04840108007192612, 0.4751627445220947, 0.8785659670829773),
            ["LeftLowerLeg"] = CFrame.new(1.2945383787155151e-07, 0.000060439109802246094, 0.00007224082946777344, 1, 6.053597445543346e-08, 3.5390250729960826e-08, -4.842877388000488e-08, 0.47461971640586853, 0.8801909685134888, 3.725290298461914e-08, -0.8801909685134888, 0.47461971640586853),
        }},
        {Time = 0.067, Data = {
            ["LeftFoot"] = CFrame.new(8.754432201385498e-08, -1.1920928955078125e-07, -4.470348358154297e-08, 0.9779018759727478, -0.19393235445022583, -0.0780898779630661, 0.16855813562870026, 0.9523336887359619, -0.25426191091537476, 0.12367721647024155, 0.23548011481761932, 0.9639776349067688),
            ["LeftLowerArm"] = CFrame.new(2.384185791015625e-07, -7.748603820800781e-07, 0, 1, 5.587934559514451e-09, -5.587936335871291e-09, -1.4901162970204496e-08, 0.8341254591941833, -0.5515748858451843, 2.980232594040899e-08, 0.5515748262405396, 0.8341254591941833),
            ["LowerTorso"] = CFrame.new(-0.062365300953388214, -0.2937736511230469, 0.21721182763576508, 0.7554685473442078, 0.019962122663855553, -0.6548808217048645, 0.07011266052722931, 0.9913330078125, 0.11109966784715652, 0.6514227390289307, -0.12984773516654968, 0.7475212812423706),
            ["Head"] = CFrame.new(-1.4901161193847656e-08, 0, 1.4901161193847656e-07, 0.8081122040748596, 0.039500243961811066, 0.5877025723457336, 0.06781225651502609, 0.9848759770393372, -0.1594388782978058, -0.5851121544837952, 0.1686980426311493, 0.7932118773460388),
            ["RightUpperArm"] = CFrame.new(2.384185791015625e-07, 3.5762786865234375e-07, -2.9802322387695312e-08, 0.8478854298591614, -0.33875882625579834, 0.4078390300273895, 0.20472519099712372, 0.9187794923782349, 0.3375379741191864, -0.4890581965446472, -0.20269866287708282, 0.8483723402023315),
            ["UpperTorso"] = CFrame.new(1.1175870895385742e-08, -2.9802322387695312e-08, -1.1175870895385742e-08, 0.9975950717926025, -0.0028505250811576843, 0.0692538321018219, -0.010396413505077362, 0.9816967844963074, 0.19016683101654053, -0.06852827966213226, -0.1904294490814209, 0.9793062210083008),
            ["HumanoidRootPart"] = CFrame.new(0, 0, 0, 1, 0, 0, 0, 1, 0, 0, 0, 1),
            ["RightHand"] = CFrame.new(2.2351741790771484e-08, -2.980232238769531e-07, -3.725290298461914e-08, 0.949196457862854, 0.2031785398721695, -0.2403014898300171, -0.23662148416042328, 0.9642398953437805, -0.11938081681728363, 0.207452654838562, 0.17017631232738495, 0.9633293747901917),
            ["LeftUpperArm"] = CFrame.new(5.960464477539063e-08, 2.384185791015625e-07, -2.9802322387695312e-08, 0.9548928141593933, 0.2762267291545868, -0.108988918364048, -0.26397231221199036, 0.9577094912528992, 0.11450424790382385, 0.13600876927375793, -0.08056934177875519, 0.9874260425567627),
            ["RightLowerArm"] = CFrame.new(-4.470348358154297e-07, 3.5762786865234375e-07, -1.1920928955078125e-07, 1, -3.3760446882524775e-08, 5.2154071283894154e-08, 6.519257311765614e-08, 0.7776787281036377, -0.6286619305610657, -2.607702853651972e-08, 0.6286619901657104, 0.7776787877082825),
            ["LeftHand"] = CFrame.new(3.8743019104003906e-07, 2.384185791015625e-07, -7.450580596923828e-08, 0.9763753414154053, -0.006264427211135626, 0.21599072217941284, 0.0330822728574276, 0.9921289682388306, -0.120771624147892, -0.21353428065776825, 0.125063955783844, 0.9688974618911743),
            ["RightUpperLeg"] = CFrame.new(5.960464477539063e-08, 9.778887033462524e-08, -1.6952981241047382e-09, 0.9777392148971558, -0.2049606591463089, -0.044914361089468, 0.14738161861896515, 0.8232117891311646, -0.548271119594574, 0.14934805035591125, 0.5294464230537415, 0.8350937366485596),
            ["LeftUpperLeg"] = CFrame.new(-1.1920928955078125e-07, 1.862645149230957e-07, 5.960464477539063e-08, 0.7158648371696472, 0.6320181488990784, 0.2968007028102875, -0.16623446345329285, 0.567115306854248, -0.8066885471343994, -0.6781620383262634, 0.5281414985656738, 0.5110410451889038),
            ["RightLowerLeg"] = CFrame.new(-1.9371509552001953e-07, -0.000060677528381347656, -0.00007195601210696623, 1, -1.6391271628890536e-07, -8.940696716308594e-08, 1.5646214990283625e-07, 0.5457227230072021, 0.8379656672477722, -1.2665984172599565e-07, -0.8379659056663513, 0.5457230806350708),
            ["RightFoot"] = CFrame.new(-8.568167686462402e-08, 2.980232238769531e-07, -1.0261283023282886e-07, 0.9593992233276367, 0.2765013575553894, -0.0556800402700901, -0.26949843764305115, 0.8404207825660706, -0.4701736271381378, -0.08320918679237366, 0.46609005331993103, 0.8808159232139587),
            ["LeftLowerLeg"] = CFrame.new(5.774199962615967e-08, 0.000060498714447021484, 0.0000720396637916565, 1, 6.7986569263212e-08, 2.9802318834981634e-08, -3.166497108963995e-08, 0.48392534255981445, 0.8751093149185181, 4.0978196835794733e-08, -0.8751093745231628, 0.48392540216445923),
        }},
        {Time = 0.100, Data = {
            ["LeftFoot"] = CFrame.new(1.341104507446289e-07, -1.1920928955078125e-07, -5.587935447692871e-08, 0.9774602055549622, -0.1946856677532196, -0.0816635712981224, 0.16871069371700287, 0.9528470635414124, -0.252229243516922, 0.12691830098628998, 0.23276613652706146, 0.9642154574394226),
            ["LeftLowerArm"] = CFrame.new(1.4901161193847656e-07, -4.172325134277344e-07, 5.960464477539063e-08, 1, -5.401669511684304e-08, -1.0617077350616455e-07, 0, 0.8261176943778992, -0.5634976029396057, 1.4901162970204496e-08, 0.5634976029396057, 0.826117753982544),
            ["LowerTorso"] = CFrame.new(-0.057462967932224274, -0.2905315160751343, 0.21321561932563782, 0.7603840827941895, 0.018071986734867096, -0.649222195148468, 0.06781886518001556, 0.9919387102127075, 0.10704301297664642, 0.6459231376647949, -0.12542331218719482, 0.7530288100242615),
            ["Head"] = CFrame.new(-7.450580596923828e-08, 3.5762786865234375e-07, 7.450580596923828e-08, 0.8109615445137024, 0.043021708726882935, 0.5835156440734863, 0.06693156063556671, 0.9839252233505249, -0.1655636727809906, -0.5812587141990662, 0.17332147061824799, 0.7950460910797119),
            ["RightUpperArm"] = CFrame.new(1.1920928955078125e-07, 2.384185791015625e-07, -5.960464477539063e-08, 0.8390087485313416, -0.35045260190963745, 0.4162296950817108, 0.21529386937618256, 0.9163510203361511, 0.33756399154663086, -0.4997127652168274, -0.19360744953155518, 0.8442769050598145),
            ["UpperTorso"] = CFrame.new(1.1175870895385742e-08, -8.940696716308594e-08, 3.725290298461914e-09, 0.9978327751159668, -0.0018786340951919556, 0.06577472388744354, -0.010574701242148876, 0.982021689414978, 0.1884717047214508, -0.06494633108377457, -0.1887587457895279, 0.979873538017273),
            ["HumanoidRootPart"] = CFrame.new(0, 0, 0, 1, 0, 0, 0, 1, 0, 0, 0, 1),
            ["RightHand"] = CFrame.new(4.470348358154297e-08, -3.5762786865234375e-07, -7.450580596923828e-09, 0.9550392031669617, 0.1962505728006363, -0.22222934663295746, -0.22540318965911865, 0.9675445556640625, -0.11424064636230469, 0.19259704649448395, 0.15919554233551025, 0.9682784676551819),
            ["LeftUpperArm"] = CFrame.new(5.960464477539063e-08, 4.76837158203125e-07, 1.1920928955078125e-07, 0.9509251713752747, 0.2875233292579651, -0.11433137953281403, -0.273850679397583, 0.9540553092956543, 0.12159118801355362, 0.1440386325120926, -0.08431442081928253, 0.9859736561775208),
            ["RightLowerArm"] = CFrame.new(-5.066394805908203e-07, 7.152557373046875e-07, -2.2351741790771484e-07, 1, -3.492460010079412e-08, 4.98257577419281e-08, 6.70552182668871e-08, 0.7695614695549011, -0.6385728120803833, -1.862644971595273e-08, 0.6385728716850281, 0.7695614099502563),
            ["LeftHand"] = CFrame.new(1.4901161193847656e-07, -5.960464477539063e-08, -1.4901161193847656e-08, 0.9786524176597595, -0.007872143760323524, 0.20537148416042328, 0.030826687812805176, 0.9935842156410217, -0.10881243646144867, -0.20319728553295135, 0.1128205955028534, 0.9726162552833557),
            ["RightUpperLeg"] = CFrame.new(0, 5.122274160385132e-09, -6.129994289949536e-08, 0.97071772813797, -0.22657331824302673, -0.07982238382101059, 0.14827822148799896, 0.826562225818634, -0.542962908744812, 0.1889990270137787, 0.5152276158332825, 0.8359544277191162),
            ["LeftUpperLeg"] = CFrame.new(-5.960464477539063e-08, 7.82310962677002e-08, 5.960464477539063e-08, 0.7196363210678101, 0.6265465021133423, 0.2992708683013916, -0.16865931451320648, 0.5758311152458191, -0.7999828457832336, -0.6735559701919556, 0.5252218842506409, 0.5200618505477905),
            ["RightLowerLeg"] = CFrame.new(-2.086162567138672e-07, -0.000060617923736572266, -0.0000721050237189047, 1, -1.3411040811206476e-07, -9.685754776000977e-08, 1.7881389169360773e-07, 0.5491166710853577, 0.8357455730438232, -1.1175868053214799e-07, -0.8357457518577576, 0.5491170287132263),
            ["RightFoot"] = CFrame.new(-1.4901161193847656e-08, 2.980232238769531e-07, -1.1006341082975268e-07, 0.9610671401023865, 0.2759193181991577, -0.014784072525799274, -0.24971839785575867, 0.8444123864173889, -0.4739285707473755, -0.11828236281871796, 0.45916929841041565, 0.8804392218589783),
            ["LeftLowerLeg"] = CFrame.new(9.313225746154785e-09, 0.000060558319091796875, 0.00007221847772598267, 1, 4.5634816814299484e-08, 3.911554458113642e-08, -5.029141902923584e-08, 0.49301624298095703, 0.8700200915336609, 3.4458935260772705e-08, -0.8700200915336609, 0.49301618337631226),
        }},
        {Time = 0.133, Data = {
            ["LeftFoot"] = CFrame.new(9.592622518539429e-08, 5.960464477539063e-08, -6.705522537231445e-08, 0.9771344661712646, -0.19486777484416962, -0.08505706489086151, 0.16846822202205658, 0.9536276459693909, -0.24942591786384583, 0.12971782684326172, 0.229392871260643, 0.9646512866020203),
            ["LeftLowerArm"] = CFrame.new(4.172325134277344e-07, -5.960464477539062e-07, 2.384185791015625e-07, 1, 3.7252898543727042e-09, 1.1175872671742582e-08, 0, 0.8093948364257812, -0.587264895439148, 7.450581485102248e-09, 0.5872648358345032, 0.8093948364257812),
            ["LowerTorso"] = CFrame.new(-0.05262565612792969, -0.28754687309265137, 0.20913878083229065, 0.7663141489028931, 0.01625031977891922, -0.6422605514526367, 0.0650598406791687, 0.992578387260437, 0.10274024307727814, 0.6391634345054626, -0.12051668763160706, 0.7595695853233337),
            ["Head"] = CFrame.new(-1.1920928955078125e-07, 1.1920928955078125e-07, -4.470348358154297e-08, 0.815131425857544, 0.044832706451416016, 0.5775385499000549, 0.06675655394792557, 0.9830878973007202, -0.1705336570739746, -0.5754167437553406, 0.17756187915802002, 0.7983530163764954),
            ["RightUpperArm"] = CFrame.new(1.1920928955078125e-07, 3.5762786865234375e-07, 0, 0.8307321667671204, -0.3636426329612732, 0.42148321866989136, 0.2279256284236908, 0.9129656553268433, 0.33844318985939026, -0.5078721046447754, -0.18508881330490112, 0.8413134217262268),
            ["UpperTorso"] = CFrame.new(-1.862645149230957e-08, -8.940696716308594e-08, 1.1175870895385742e-08, 0.9981428384780884, -0.0012495219707489014, 0.06090433895587921, -0.01019771583378315, 0.9822537899017334, 0.1872791051864624, -0.06005752086639404, -0.18755239248275757, 0.9804168939590454),
            ["HumanoidRootPart"] = CFrame.new(0, 0, 0, 1, 0, 0, 0, 1, 0, 0, 0, 1),
            ["RightHand"] = CFrame.new(2.2351741790771484e-07, -2.384185791015625e-07, 4.842877388000488e-08, 0.9551579356193542, 0.20022420585155487, -0.2181369960308075, -0.22632193565368652, 0.9687151312828064, -0.10183000564575195, 0.1909237653017044, 0.14663301408290863, 0.9705910682678223),
            ["LeftUpperArm"] = CFrame.new(1.1920928955078125e-07, 4.76837158203125e-07, -5.960464477539063e-08, 0.9474132657051086, 0.3005543649196625, -0.10988788306713104, -0.28558042645454407, 0.9490139484405518, 0.13347846269607544, 0.14440269768238068, -0.09507746994495392, 0.984940767288208),
            ["RightLowerArm"] = CFrame.new(-1.4901161193847656e-07, 0, -3.427267074584961e-07, 1, -3.166497108963995e-08, 4.936010356004772e-08, 5.774199252073231e-08, 0.757671594619751, -0.6526360511779785, -1.4901159417490817e-08, 0.6526361107826233, 0.7576716542243958),
            ["LeftHand"] = CFrame.new(1.7881393432617188e-07, 1.1920928955078125e-07, 0, 0.9794014096260071, -0.0104451859369874, 0.20165252685546875, 0.03052385337650776, 0.9948434829711914, -0.09671983867883682, -0.19960254430770874, 0.10088285803794861, 0.9746699929237366),
            ["RightUpperLeg"] = CFrame.new(5.960464477539063e-08, 1.0011717677116394e-07, -1.6596459317952394e-08, 0.9617083668708801, -0.2486797273159027, -0.11521905660629272, 0.1503733992576599, 0.8302262425422668, -0.5367609858512878, 0.2291395217180252, 0.498881459236145, 0.8358302712440491),
            ["LeftUpperLeg"] = CFrame.new(-5.960464477539063e-08, 1.5599653124809265e-07, 1.1175870895385742e-07, 0.7244670391082764, 0.6200335025787354, 0.3011743128299713, -0.1705131232738495, 0.5845423340797424, -0.7932437062263489, -0.6678867936134338, 0.5233247876167297, 0.5292055010795593),
            ["RightLowerLeg"] = CFrame.new(-1.4901161193847656e-07, -0.0000603795051574707, -0.00007204541907412931, 1, -1.1920926112907182e-07, -5.21540641784668e-08, 1.415610029198433e-07, 0.5527195334434509, 0.833367109298706, -8.195636524988004e-08, -0.8333674073219299, 0.5527199506759644),
            ["RightFoot"] = CFrame.new(8.568167686462402e-08, 2.980232238769531e-07, -7.281050784513354e-08, 0.9607778787612915, 0.2761598229408264, 0.02533373422920704, -0.23091702163219452, 0.8472588062286377, -0.4783615171909332, -0.1535687893629074, 0.45374932885169983, 0.877797544002533),
            ["LeftLowerLeg"] = CFrame.new(3.5390257835388184e-08, 0.000060558319091796875, 0.00007204711437225342, 1, 8.428472142441024e-08, 3.166496043149891e-08, -6.332993507385254e-08, 0.5019708871841431, 0.8648845553398132, 2.60770320892334e-08, -0.864884614944458, 0.5019708275794983),
        }},
        {Time = 0.167, Data = {
            ["LeftFoot"] = CFrame.new(1.043081283569336e-07, 0, 1.4901161193847656e-08, 0.9770153760910034, -0.19561167061328888, -0.0847180113196373, 0.1696937084197998, 0.9542264938354492, -0.2462848573923111, 0.12901636958122253, 0.22624757885932922, 0.9654877781867981),
            ["LeftLowerArm"] = CFrame.new(1.7881393432617188e-07, -3.5762786865234375e-07, 1.1920928955078125e-07, 1, 0, 3.725289943190546e-08, -1.4901162970204496e-08, 0.7868780493736267, -0.6171085238456726, -1.4901162970204496e-08, 0.6171085834503174, 0.7868779897689819),
            ["LowerTorso"] = CFrame.new(-0.047828558832407, -0.2845475673675537, 0.20498380064964294, 0.7721190452575684, 0.014273391105234623, -0.6353176236152649, 0.06253555417060852, 0.9931886792182922, 0.09831471741199493, 0.6323934197425842, -0.11564061045646667, 0.7659673094749451),
            ["Head"] = CFrame.new(-1.4901161193847656e-08, 0, 1.2665987014770508e-07, 0.8199340105056763, 0.04538140818476677, 0.5706561803817749, 0.06755632162094116, 0.9822164177894592, -0.17517733573913574, -0.5684577822685242, 0.18218542635440826, 0.8022869825363159),
            ["RightUpperArm"] = CFrame.new(2.384185791015625e-07, 3.5762786865234375e-07, 5.960464477539063e-08, 0.8195685148239136, -0.38003528118133545, 0.42881298065185547, 0.2413693070411682, 0.9077339172363281, 0.3431619703769684, -0.5196618437767029, -0.17774228751659393, 0.8356789350509644),
            ["UpperTorso"] = CFrame.new(-1.4901161193847656e-08, -1.1920928955078125e-07, 9.313225746154785e-09, 0.998361349105835, -0.0004797057481482625, 0.057223156094551086, -0.010213169269263744, 0.9824165105819702, 0.1864231377840042, -0.05630629137158394, -0.18670211732387543, 0.9808017611503601),
            ["HumanoidRootPart"] = CFrame.new(0, 0, 0, 1, 0, 0, 0, 1, 0, 0, 0, 1),
            ["RightHand"] = CFrame.new(1.7136335372924805e-07, -5.960464477539063e-08, 1.4901161193847656e-08, 0.9634132981300354, 0.20142287015914917, -0.17681528627872467, -0.21988235414028168, 0.971206784248352, -0.09170204401016235, 0.15325327217578888, 0.12722547352313995, 0.9799628853797913),
            ["LeftUpperArm"] = CFrame.new(5.960464477539063e-08, 4.76837158203125e-07, 8.940696716308594e-08, 0.9418879151344299, 0.31818896532058716, -0.10771773010492325, -0.3008781969547272, 0.941674530506134, 0.15073642134666443, 0.1493975669145584, -0.10956691205501556, 0.9826879501342773),
            ["RightLowerArm"] = CFrame.new(-2.682209014892578e-07, 0, -4.172325134277344e-07, 1, -2.537854371098547e-08, 6.146728281919422e-08, 5.029141192380848e-08, 0.7399248480796814, -0.6726895570755005, -1.862644971595273e-08, 0.6726896166801453, 0.7399248480796814),
            ["LeftHand"] = CFrame.new(2.384185791015625e-07, 1.1920928955078125e-07, -4.470348358154297e-08, 0.978991687297821, -0.011636652983725071, 0.2035679817199707, 0.030971314758062363, 0.9952723383903503, -0.09205277264118195, -0.20153439044952393, 0.09642379730939865, 0.974723756313324),
            ["RightUpperLeg"] = CFrame.new(-5.960464477539063e-08, 2.873130142688751e-07, -1.6596459317952394e-08, 0.9508222937583923, -0.2703583240509033, -0.15114030241966248, 0.1528826653957367, 0.834027886390686, -0.5301175117492676, 0.2693769633769989, 0.48094069957733154, 0.834345281124115),
            ["LeftUpperLeg"] = CFrame.new(-5.960464477539063e-08, 2.9848888516426086e-07, 5.21540641784668e-08, 0.7307811975479126, 0.6126393675804138, 0.3010512590408325, -0.17346572875976562, 0.5932210087776184, -0.7861288189888, -0.6602033972740173, 0.5222660899162292, 0.539786696434021),
            ["RightLowerLeg"] = CFrame.new(-7.450580596923828e-08, -0.000060558319091796875, -0.00007195601210696623, 1, -1.192092469182171e-07, -8.940695295223122e-08, 1.5646214990283625e-07, 0.5572067499160767, 0.8303734660148621, -9.685752644372769e-08, -0.8303738236427307, 0.5572071671485901),
            ["RightFoot"] = CFrame.new(8.940696716308594e-08, 3.5762786865234375e-07, 1.6596459317952394e-08, 0.958642840385437, 0.2768881618976593, 0.06585396081209183, -0.21234895288944244, 0.8498964309692383, -0.4822694659233093, -0.18950411677360535, 0.44834035634994507, 0.8735442161560059),
            ["LeftLowerLeg"] = CFrame.new(8.940696716308594e-08, 0.000060617923736572266, 0.00007201731204986572, 1, 8.288773045705966e-08, 2.7939673685750677e-08, -5.960463766996327e-08, 0.5103227496147156, 0.859982967376709, 4.0978189730367376e-08, -0.8599829077720642, 0.5103228092193604),
        }},
        {Time = 0.200, Data = {
            ["LeftFoot"] = CFrame.new(9.872019290924072e-08, -5.960464477539063e-08, -8.568167686462402e-08, 0.9772261381149292, -0.19657404720783234, -0.0799228772521019, 0.17223365604877472, 0.9547700881958008, -0.24238429963588715, 0.1239544227719307, 0.22309847176074982, 0.9668827652931213),
            ["LeftLowerArm"] = CFrame.new(1.7881393432617188e-07, -5.960464477539062e-07, 1.7881393432617188e-07, 1, -1.1175869119028903e-08, -2.9802322387695312e-08, 0, 0.7594013810157776, -0.6506224870681763, 3.725290653733282e-08, 0.6506224870681763, 0.7594013810157776),
            ["LowerTorso"] = CFrame.new(-0.04313189536333084, -0.2813894748687744, 0.20005157589912415, 0.7784455418586731, 0.012469980865716934, -0.6275883316993713, 0.059423524886369705, 0.9938485622406006, 0.0934549942612648, 0.6248931884765625, -0.11004313081502914, 0.7729159593582153),
            ["Head"] = CFrame.new(-2.9802322387695312e-08, 3.5762786865234375e-07, 9.685754776000977e-08, 0.8255232572555542, 0.04268554970622063, 0.5627515316009521, 0.06933171302080154, 0.9819124937057495, -0.17618493735790253, -0.560093343257904, 0.18446135520935059, 0.8076320886611938),
            ["RightUpperArm"] = CFrame.new(2.384185791015625e-07, 4.76837158203125e-07, -5.960464477539063e-08, 0.8013826012611389, -0.40008166432380676, 0.4446578025817871, 0.25398576259613037, 0.9006427526473999, 0.35261011123657227, -0.5415507555007935, -0.16963894665241241, 0.8233745098114014),
            ["UpperTorso"] = CFrame.new(5.587935447692871e-09, 1.4901161193847656e-07, 1.4901161193847656e-08, 0.9984814524650574, -0.00014657156134489924, 0.05508967116475105, -0.010089961811900139, 0.9825941324234009, 0.18549157679080963, -0.054158106446266174, -0.18576575815677643, 0.9811004400253296),
            ["HumanoidRootPart"] = CFrame.new(0, 0, 0, 1, 0, 0, 0, 1, 0, 0, 0, 1),
            ["RightHand"] = CFrame.new(8.475035429000854e-08, -2.384185791015625e-07, -7.82310962677002e-08, 0.9722310304641724, 0.1937432438135147, -0.1312652826309204, -0.2061144858598709, 0.9745435118675232, -0.08821530640125275, 0.1108325868844986, 0.11282141506671906, 0.9874146580696106),
            ["LeftUpperArm"] = CFrame.new(1.7881393432617188e-07, 4.76837158203125e-07, 2.9802322387695312e-08, 0.9337574243545532, 0.3393290042877197, -0.11381123214960098, -0.3177473545074463, 0.932307243347168, 0.1727423071861267, 0.16472351551055908, -0.12513624131679535, 0.9783697128295898),
            ["RightLowerArm"] = CFrame.new(-2.682209014892578e-07, -1.1920928955078125e-07, -3.8743019104003906e-07, 1, -4.458707181242971e-08, 6.053596024457875e-08, 5.4948024796885875e-08, 0.7238287925720215, -0.689979612827301, -2.7939673685750677e-08, 0.6899796724319458, 0.7238287925720215),
            ["LeftHand"] = CFrame.new(5.066394805908203e-07, -1.7881393432617188e-07, -2.9802322387695312e-08, 0.9790995121002197, -0.009324843063950539, 0.20316793024539948, 0.028508424758911133, 0.9953783750534058, -0.09170170873403549, -0.2013738453388214, 0.09557721018791199, 0.9748402833938599),
            ["RightUpperLeg"] = CFrame.new(0, 1.8766149878501892e-07, -7.620110409334302e-08, 0.9379254579544067, -0.2922687828540802, -0.18674828112125397, 0.15712963044643402, 0.83806973695755, -0.5224457383155823, 0.3092026114463806, 0.4606713056564331, 0.8319709300994873),
            ["LeftUpperLeg"] = CFrame.new(-5.960464477539063e-08, 3.5297125577926636e-07, 8.195638656616211e-08, 0.7396156787872314, 0.6028475165367126, 0.29923805594444275, -0.17690375447273254, 0.6031137704849243, -0.7777910828590393, -0.6493640542030334, 0.5223301649093628, 0.5527183413505554),
            ["RightLowerLeg"] = CFrame.new(-5.960464477539063e-08, -0.00006079673767089844, -0.00007201561675174162, 1, -7.450577754752885e-08, -1.4901159772762185e-07, 1.1175868053214799e-07, 0.5622783899307251, 0.8269477486610413, -6.705521116145974e-08, -0.8269481062889099, 0.5622787475585938),
            ["RightFoot"] = CFrame.new(2.384185791015625e-07, 2.980232238769531e-07, 9.145878721028566e-09, 0.9546307325363159, 0.2784741520881653, 0.10551002621650696, -0.19484306871891022, 0.8520305752754211, -0.485880583524704, -0.22520297765731812, 0.44327881932258606, 0.8676335215568542),
            ["LeftLowerLeg"] = CFrame.new(6.51925802230835e-09, 0.000060558319091796875, 0.00007206201553344727, 1, 6.519259443393821e-08, 2.607702498380604e-08, -5.681067705154419e-08, 0.5186800360679626, 0.8549684286117554, 2.60770320892334e-08, -0.8549684286117554, 0.5186800360679626),
        }},
        {Time = 0.233, Data = {
            ["LeftFoot"] = CFrame.new(8.288770914077759e-08, -1.1920928955078125e-07, 2.9802322387695312e-08, 0.9780195355415344, -0.19589780271053314, -0.07142726331949234, 0.17433562874794006, 0.9561610221862793, -0.2352946251630783, 0.11438965797424316, 0.21767006814479828, 0.9692959785461426),
            ["LeftLowerArm"] = CFrame.new(4.172325134277344e-07, -2.384185791015625e-07, 1.1920928955078125e-07, 1, -4.0978189730367376e-08, 5.2154071283894154e-08, -7.450581485102248e-09, 0.7228150963783264, -0.6910415291786194, 2.980232594040899e-08, 0.6910414695739746, 0.7228150963783264),
            ["LowerTorso"] = CFrame.new(-0.039021849632263184, -0.27829957008361816, 0.19502809643745422, 0.787253737449646, 0.011686352081596851, -0.616518497467041, 0.05510665848851204, 0.9944865703582764, 0.08921849727630615, 0.6141619086265564, -0.10421188175678253, 0.7822691798210144),
            ["Head"] = CFrame.new(-4.470348358154297e-08, 1.1920928955078125e-07, 1.564621925354004e-07, 0.8344356417655945, 0.03856068477034569, 0.5497547388076782, 0.0673300251364708, 0.9829432964324951, -0.17114076018333435, -0.5469771027565002, 0.17982107400894165, 0.8176066279411316),
            ["RightUpperArm"] = CFrame.new(1.1920928955078125e-07, 3.5762786865234375e-07, -2.9802322387695312e-08, 0.784559428691864, -0.4205642640590668, 0.45562300086021423, 0.26526349782943726, 0.8918295502662659, 0.36643603444099426, -0.5604479908943176, -0.1666306108236313, 0.811253547668457),
            ["UpperTorso"] = CFrame.new(1.1175870895385742e-08, -8.940696716308594e-08, 2.2351741790771484e-08, 0.9985790252685547, -0.001129191485233605, 0.05327892303466797, -0.008714376017451286, 0.982857882976532, 0.18415921926498413, -0.0525735542178154, -0.18436184525489807, 0.9814514517784119),
            ["HumanoidRootPart"] = CFrame.new(0, 0, 0, 1, 0, 0, 0, 1, 0, 0, 0, 1),
            ["RightHand"] = CFrame.new(2.5704503059387207e-07, -1.7881393432617188e-07, -5.21540641784668e-08, 0.9717681407928467, 0.19244086742401123, -0.13650356233119965, -0.2044283151626587, 0.9756138324737549, -0.07991666346788406, 0.11779554188251495, 0.10556565225124359, 0.9874109029769897),
            ["LeftUpperArm"] = CFrame.new(1.1920928955078125e-07, 2.384185791015625e-07, 5.960464477539063e-08, 0.9241960644721985, 0.36338892579078674, -0.11751732230186462, -0.33765709400177, 0.9212300181388855, 0.1931920051574707, 0.17846426367759705, -0.13886679708957672, 0.9740978479385376),
            ["RightLowerArm"] = CFrame.new(-4.76837158203125e-07, 4.76837158203125e-07, -3.0919909477233887e-07, 1, -3.445894236620006e-08, 7.264316792543468e-08, 5.960463766996327e-08, 0.6951925754547119, -0.7188236117362976, -2.607702853651972e-08, 0.7188236713409424, 0.6951925158500671),
            ["LeftHand"] = CFrame.new(3.5762786865234375e-07, 3.5762786865234375e-07, -5.960464477539063e-08, 0.98035728931427, -0.0101948706433177, 0.1969662606716156, 0.027772989124059677, 0.9958482980728149, -0.08668915927410126, -0.19526486098766327, 0.09045682847499847, 0.9765702486038208),
            ["RightUpperLeg"] = CFrame.new(5.960464477539063e-08, -9.12696123123169e-08, -4.639878170564771e-08, 0.9230791926383972, -0.31455451250076294, -0.22131486237049103, 0.16349264979362488, 0.8417656421661377, -0.5144909620285034, 0.3481307029724121, 0.43873244524002075, 0.8284436464309692),
            ["LeftUpperLeg"] = CFrame.new(-1.1920928955078125e-07, 2.60770320892334e-08, 1.1175870895385742e-07, 0.7518939971923828, 0.589366614818573, 0.2954699993133545, -0.17801806330680847, 0.6130144596099854, -0.7697550058364868, -0.6347953081130981, 0.5261751413345337, 0.5658398270606995),
            ["RightLowerLeg"] = CFrame.new(-5.960464477539063e-08, -0.000060558319091796875, -0.00007198581442935392, 1, -8.940695295223122e-08, -1.4901162614933128e-07, 1.378357126213814e-07, 0.5666625499725342, 0.8239498138427734, -6.705521116145974e-08, -0.8239499926567078, 0.5666629076004028),
            ["RightFoot"] = CFrame.new(4.0978193283081055e-08, 2.980232238769531e-07, 2.8703652787953615e-08, 0.949458122253418, 0.2807275652885437, 0.1404317319393158, -0.17964178323745728, 0.8528405427932739, -0.4902975261211395, -0.2574063539505005, 0.4402899146080017, 0.8601669669151306),
            ["LeftLowerLeg"] = CFrame.new(1.7229467630386353e-07, 0.000060677528381347656, 0.00007215142250061035, 1, 5.681069836782626e-08, 3.91155481338501e-08, -5.494803900774059e-08, 0.5269731879234314, 0.8498819470405579, 2.8871003365793513e-08, -0.8498819470405579, 0.5269732475280762),
        }},
        {Time = 0.267, Data = {
            ["LeftFoot"] = CFrame.new(4.7497451305389404e-08, -1.1920928955078125e-07, -6.332993507385254e-08, 0.9792280197143555, -0.19361920654773712, -0.06019950658082962, 0.17577491700649261, 0.958614706993103, -0.22396758198738098, 0.1010725200176239, 0.20873336493968964, 0.972735583782196),
            ["LeftLowerArm"] = CFrame.new(4.76837158203125e-07, -1.1920928955078125e-07, 1.1920928955078125e-07, 1, -1.862644971595273e-08, -2.2351745343485163e-08, 1.4901164746561335e-08, 0.6739602088928223, -0.7387678027153015, -7.450582373280668e-09, 0.7387677431106567, 0.6739600896835327),
            ["LowerTorso"] = CFrame.new(-0.035038646310567856, -0.2757835388183594, 0.1919918954372406, 0.7996041178703308, 0.01068021822720766, -0.6004325151443481, 0.05222573131322861, 0.9948169589042664, 0.08724505454301834, 0.5982522368431091, -0.10111953318119049, 0.794901967048645),
            ["Head"] = CFrame.new(-2.9802322387695312e-08, 0, 5.960464477539063e-08, 0.8466536402702332, 0.0347268208861351, 0.5310099720954895, 0.06556528061628342, 0.9834578633308411, -0.16885437071323395, -0.5280899405479431, 0.17777706682682037, 0.8303714394569397),
            ["RightUpperArm"] = CFrame.new(2.384185791015625e-07, 4.76837158203125e-07, -5.960464477539063e-08, 0.7741833925247192, -0.4408864676952362, 0.45415762066841125, 0.2738148272037506, 0.8801792860031128, 0.3876984119415283, -0.5706711411476135, -0.1757945865392685, 0.8021413683891296),
            ["UpperTorso"] = CFrame.new(-3.725290298461914e-09, 0, -3.3527612686157227e-08, 0.9986015558242798, -0.0012360848486423492, 0.05285333842039108, -0.008458341471850872, 0.9831132888793945, 0.18280236423015594, -0.05218682065606117, -0.18299376964569092, 0.9817280173301697),
            ["HumanoidRootPart"] = CFrame.new(0, 0, 0, 1, 0, 0, 0, 1, 0, 0, 0, 1),
            ["RightHand"] = CFrame.new(-4.470348358154297e-08, 1.1920928955078125e-07, 7.450580596923828e-08, 0.9713581204414368, 0.18895035982131958, -0.14408767223358154, -0.2010558545589447, 0.9767387509346008, -0.07455182075500488, 0.12664948403835297, 0.10138610750436783, 0.9867526888847351),
            ["LeftUpperArm"] = CFrame.new(1.1920928955078125e-07, 2.384185791015625e-07, -1.7881393432617188e-07, 0.9129061102867126, 0.39055758714675903, -0.11860476434230804, -0.3615156412124634, 0.9085755944252014, 0.20927733182907104, 0.18949618935585022, -0.14817319810390472, 0.9706369638442993),
            ["RightLowerArm"] = CFrame.new(-2.384185791015625e-07, 0, -2.812594175338745e-07, 1, -4.842877388000488e-08, 6.891787052154541e-08, 6.705521116145974e-08, 0.6364895105361938, -0.771285355091095, -1.303851249190302e-08, 0.7712854146957397, 0.6364895701408386),
            ["LeftHand"] = CFrame.new(2.980232238769531e-07, 2.384185791015625e-07, -8.940696716308594e-08, 0.9794957041740417, -0.01757861115038395, 0.2006969153881073, 0.034678589552640915, 0.9960282444953918, -0.08200789242982864, -0.19845831394195557, 0.08728622645139694, 0.9762148857116699),
            ["RightUpperLeg"] = CFrame.new(5.960464477539063e-08, 2.2351741790771484e-07, -3.149762051180005e-08, 0.9071873426437378, -0.3334176242351532, -0.25660067796707153, 0.16775450110435486, 0.8459742665290833, -0.5061483383178711, 0.3858363628387451, 0.41612520813941956, 0.8233893513679504),
            ["LeftUpperLeg"] = CFrame.new(-1.1920928955078125e-07, 1.825392246246338e-07, 2.2351741790771484e-08, 0.7676215171813965, 0.5741721987724304, 0.2847518026828766, -0.17779035866260529, 0.6176309585571289, -0.7661087512969971, -0.6157498955726624, 0.5374553203582764, 0.5761890411376953),
