return {
    ["Giddy Up"] = {
        {Time = 0.000, Data = {
            ["LeftFoot"] = CFrame.new(-2.9569491744041443e-08, 0, -4.1443854570388794e-08, 0.9408984780311584, -0.24059897661209106, 0.23837509751319885, 0.220049649477005, 0.9692928194999695, 0.10976910591125488, -0.2574653625488281, -0.05082758516073227, 0.9649498462677002),
            ["LeftLowerArm"] = CFrame.new(2.086162567138672e-07, -2.384185791015625e-07, -1.7043203115463257e-07, 1, -5.587936158235607e-08, 3.725290298461914e-08, 1.7695128917694092e-08, 0.788108229637146, -0.6155369281768799, 3.166496753692627e-08, 0.6155368685722351, 0.7881081104278564),
            ["LowerTorso"] = CFrame.new(0.4088566303253174, -0.23760533332824707, -0.014474544674158096, 0.9707604050636292, 0.03304578736424446, 0.23776541650295258, 0.030314702540636063, 0.9656733870506287, -0.25798431038856506, -0.23812906444072723, 0.2576487362384796, 0.9364356398582458),
            ["Head"] = CFrame.new(2.9802322387695312e-08, 0, -1.4901161193847656e-08, 0.5651199221611023, -0.10934877395629883, 0.8177300691604614, 0.01751464232802391, 0.9925440549850464, 0.12062139809131622, -0.8248228430747986, -0.053843285888433456, 0.5628213882446289),
            ["RightFoot"] = CFrame.new(1.0244548320770264e-08, 4.76837158203125e-07, -2.0656443666666746e-08, 0.9400716423988342, 0.047230955213308334, -0.3376914858818054, -0.22284136712551117, 0.834697961807251, -0.5036073923110962, 0.2580837905406952, 0.5486788749694824, 0.7952005863189697),
            ["UpperTorso"] = CFrame.new(-7.82310962677002e-08, -5.960464477539063e-08, 4.470348358154297e-08, 0.9853637218475342, 0.17045752704143524, -0.0016525737009942532, -0.15461395680904388, 0.8977749943733215, 0.4124254286289215, 0.07178466767072678, -0.4061334431171417, 0.9109899401664734),
            ["HumanoidRootPart"] = CFrame.new(0, 0, 0, 1, 0, 0, 0, 1, 0, 0, 0, 1),
            ["LeftUpperLeg"] = CFrame.new(-1.7881393432617188e-07, 1.0291114449501038e-07, 9.313225746154785e-09, 0.8342630863189697, 0.5086669325828552, 0.21275068819522858, -0.3354962468147278, 0.7745280265808105, -0.5362356901168823, -0.43754711747169495, 0.3759844899177551, 0.8168160319328308),
            ["LeftUpperArm"] = CFrame.new(0, 2.384185791015625e-07, 3.725290298461914e-08, -0.15635356307029724, -0.1446857899427414, -0.9770463705062866, -0.8095800280570984, 0.5854430198669434, 0.042859211564064026, 0.5658037066459656, 0.7976983189582825, -0.20867067575454712),
            ["RightLowerArm"] = CFrame.new(-1.7881393432617188e-07, 5.960464477539063e-08, -1.0523945093154907e-07, 1, -5.215407838932151e-08, 4.8428766774577525e-08, 1.2293459406009788e-07, 0.6696042418479919, -0.7427182793617249, -6.519258910486769e-09, 0.7427182197570801, 0.6696040630340576),
            ["LeftHand"] = CFrame.new(-9.96515154838562e-08, 1.1920928955078125e-07, -1.5832483768463135e-07, 0.7997580766677856, -0.5575820207595825, 0.2224617898464203, 0.48170986771583557, 0.8171939253807068, 0.31646448373794556, -0.3582492768764496, -0.14593300223350525, 0.9221502542495728),
            ["RightHand"] = CFrame.new(3.725290298461914e-08, -1.1920928955078125e-07, 2.9802322387695312e-08, 0.8789533376693726, 0.447440505027771, 0.16503958404064178, -0.47596633434295654, 0.8447501063346863, 0.2446497529745102, -0.029951021075248718, -0.2935887277126312, 0.9554624557495117),
            ["RightUpperArm"] = CFrame.new(0, 0, -5.960464477539063e-08, 0.28015369176864624, 0.11387546360492706, 0.9531770348548889, 0.6051402688026428, 0.7498525977134705, -0.2674444913864136, -0.7451974153518677, 0.6517311930656433, 0.14116330444812775),
            ["RightLowerLeg"] = CFrame.new(5.21540641784668e-08, -0.00006014108657836914, -0.000071978363848757, 1, -1.2473900312670594e-07, -6.70552680048786e-08, 1.2665987014770508e-07, 0.5288631916046143, 0.8487067222595215, -6.891787052154541e-08, -0.8487070202827454, 0.5288637280464172),
            ["RightUpperLeg"] = CFrame.new(-5.960464477539063e-08, -1.1175870895385742e-08, 1.3205863069742918e-08, 0.9520463347434998, -0.11752109229564667, -0.2824821472167969, 0.10677540302276611, 0.9928591847419739, -0.053195759654045105, 0.2867174446582794, 0.02048284187912941, 0.9577965140342712),
            ["LeftLowerLeg"] = CFrame.new(-2.9802322387695312e-08, 0.000060617923736572266, 0.00007192790508270264, 1, 2.2351745343485163e-08, 1.1548398504146462e-07, 5.21540641784668e-08, 0.5118266940116882, 0.8590888977050781, 1.043081283569336e-07, -0.8590888381004333, 0.5118264555931091),
        }},
        {Time = 0.033, Data = {
            ["LeftFoot"] = CFrame.new(-1.7462298274040222e-08, -5.960464477539063e-08, -2.0954757928848267e-09, 0.9416705369949341, -0.25991061329841614, 0.21378308534622192, 0.22180992364883423, 0.9570773243904114, 0.1865568459033966, -0.253094881772995, -0.12825581431388855, 0.9589022397994995),
            ["LeftLowerArm"] = CFrame.new(-4.172325134277344e-07, -5.960464477539063e-08, 3.5390257835388184e-08, 1, -1.2665985593685036e-07, 4.284084198502569e-08, 4.9127258705539134e-08, 0.7762967944145203, -0.6303675174713135, 2.4214383387288763e-08, 0.6303675770759583, 0.776296854019165),
            ["LowerTorso"] = CFrame.new(0.4335029125213623, -0.24661922454833984, -0.009519752115011215, 0.969073474407196, 0.04011307284235954, 0.24349042773246765, 0.02834113873541355, 0.9620802402496338, -0.27129054069519043, -0.24513958394527435, 0.2698012590408325, 0.9311895966529846),
            ["Head"] = CFrame.new(7.450580596923828e-09, 0, 2.9802322387695312e-08, 0.5757088661193848, -0.0783177986741066, 0.8138954043388367, -0.010108948685228825, 0.9946443438529968, 0.1028611809015274, -0.8175923228263855, -0.06744562834501266, 0.5718337893486023),
            ["RightFoot"] = CFrame.new(-2.1420419216156006e-08, 2.384185791015625e-07, 3.894820110872388e-08, 0.9427036046981812, 0.04922875761985779, -0.3299807012081146, -0.22324907779693604, 0.8280723690986633, -0.5142524242401123, 0.2479310780763626, 0.5584557056427002, 0.7916168570518494),
            ["UpperTorso"] = CFrame.new(3.725290298461914e-09, 0, 5.21540641784668e-08, 0.990636944770813, 0.13605134189128876, -0.01133948564529419, -0.11810556054115295, 0.8956976532936096, 0.42869192361831665, 0.06848088651895523, -0.42333877086639404, 0.9033795595169067),
            ["HumanoidRootPart"] = CFrame.new(0, 0, 0, 1, 0, 0, 0, 1, 0, 0, 0, 1),
            ["LeftUpperLeg"] = CFrame.new(2.9802322387695312e-08, -1.5296973288059235e-07, 5.587935447692871e-08, 0.8259143829345703, 0.5266255140304565, 0.2013230174779892, -0.3475032448768616, 0.7566929459571838, -0.5537664890289307, -0.4439672827720642, 0.38740336894989014, 0.8079676032066345),
            ["LeftUpperArm"] = CFrame.new(0, -1.1920928955078125e-07, -1.862645149230957e-08, -0.11684621125459671, -0.13184405863285065, -0.9843597412109375, -0.7938639521598816, 0.6079605221748352, 0.012804299592971802, 0.5967636704444885, 0.7829440236091614, -0.17570418119430542),
            ["RightLowerArm"] = CFrame.new(2.980232238769531e-07, -6.556510925292969e-07, 9.685754776000977e-08, 1, -6.70552182668871e-08, -7.450581485102248e-09, -1.1175872671742582e-08, 0.6859109997749329, -0.727685272693634, 1.862645326866641e-08, 0.7276855707168579, 0.6859111189842224),
            ["LeftHand"] = CFrame.new(-1.51805579662323e-07, 2.384185791015625e-07, -4.470348358154297e-08, 0.7917553782463074, -0.5726364254951477, 0.212629035115242, 0.4793904423713684, 0.7982419729232788, 0.364684134721756, -0.37856099009513855, -0.18680857121944427, 0.9065288305282593),
            ["RightHand"] = CFrame.new(-7.450580596923828e-09, 0, -2.9802322387695312e-08, 0.8805582523345947, 0.4317467510700226, 0.19547957181930542, -0.4715351164340973, 0.8395813703536987, 0.2697354555130005, -0.047663792967796326, -0.32969364523887634, 0.9428842067718506),
            ["RightUpperArm"] = CFrame.new(0, -2.384185791015625e-07, 5.960464477539063e-08, 0.25745636224746704, 0.13264939188957214, 0.9571418166160583, 0.6029832363128662, 0.7519569396972656, -0.26640617847442627, -0.7550679445266724, 0.645728349685669, 0.11361074447631836),
            ["RightLowerLeg"] = CFrame.new(1.210719347000122e-07, -0.000060617923736572266, -0.00007212737546069548, 1, -1.3504175910838967e-07, -6.332994928470725e-08, 1.3224779138454323e-07, 0.5118338465690613, 0.8590841889381409, -5.867331509534779e-08, -0.8590845465660095, 0.5118343830108643),
            ["RightUpperLeg"] = CFrame.new(1.7881393432617188e-07, -9.313225746154785e-08, 2.8107024263590574e-08, 0.9499647617340088, -0.11475376039743423, -0.2905133366584778, 0.10441263765096664, 0.9932304620742798, -0.05090576037764549, 0.29438912868499756, 0.018025537952780724, 0.95551598072052),
            ["LeftLowerLeg"] = CFrame.new(-7.450580596923828e-08, 0.000060677528381347656, 0.00007209181785583496, 1, 1.1926749721169472e-07, -1.4901161193847656e-08, -1.4156101713069802e-07, 0.5023606419563293, 0.8646581768989563, 1.4901159417490817e-08, -0.8646582365036011, 0.5023607015609741),
        }},
        {Time = 0.067, Data = {
            ["LeftFoot"] = CFrame.new(-5.122274160385132e-08, 0, -2.421438694000244e-08, 0.9405978918075562, -0.30069127678871155, 0.15767242014408112, 0.23719581961631775, 0.9142335653305054, 0.3285040855407715, -0.24292774498462677, -0.2715911269187927, 0.9312489032745361),
            ["LeftLowerArm"] = CFrame.new(5.960464477539063e-08, 0, -1.341104507446289e-07, 1, 5.587936335871291e-09, -7.450578820566989e-09, -8.218921720981598e-08, 0.7595405578613281, -0.6504600644111633, 1.7695128917694092e-08, 0.6504600048065186, 0.7595404386520386),
            ["LowerTorso"] = CFrame.new(0.44856885075569153, -0.23210525512695312, -0.008196881972253323, 0.9677533507347107, 0.05906872823834419, 0.24487648904323578, 0.011465547606348991, 0.9607813954353333, -0.2770700454711914, -0.2516389489173889, 0.27094313502311707, 0.9291219711303711),
            ["Head"] = CFrame.new(3.3527612686157227e-08, 0, 3.725290298461914e-08, 0.6163605451583862, -0.03050476498901844, 0.7868731021881104, -0.04213996231555939, 0.9965398907661438, 0.07164138555526733, -0.786335825920105, -0.07731557637453079, 0.6129422783851624),
            ["RightFoot"] = CFrame.new(6.332993507385254e-08, 4.76837158203125e-07, 1.287116901949048e-08, 0.9391055107116699, 0.029581578448414803, -0.34235483407974243, -0.21685263514518738, 0.8238667845726013, -0.5236577987670898, 0.26656320691108704, 0.5660111308097839, 0.7801126837730408),
            ["UpperTorso"] = CFrame.new(9.313225746154785e-09, 0, -6.705522537231445e-08, 0.9969368577003479, 0.0740421861410141, -0.025193560868501663, -0.055566273629665375, 0.8972247838973999, 0.43806397914886475, 0.05503944307565689, -0.43532222509384155, 0.8985907435417175),
            ["HumanoidRootPart"] = CFrame.new(0, 0, 0, 1, 0, 0, 0, 1, 0, 0, 0, 1),
            ["LeftUpperLeg"] = CFrame.new(0, -3.67872416973114e-08, 2.9802322387695312e-08, 0.8184643387794495, 0.533161997795105, 0.21413663029670715, -0.3485659062862396, 0.7570409774780273, -0.5526219606399536, -0.4567471742630005, 0.37766033411026, 0.8054530024528503),
            ["LeftUpperArm"] = CFrame.new(0, 0, 4.470348358154297e-08, -0.08187326788902283, -0.1248050332069397, -0.9887975454330444, -0.7760584950447083, 0.6304749846458435, -0.01531959604471922, 0.6253239512443542, 0.766110360622406, -0.1484750360250473),
            ["RightLowerArm"] = CFrame.new(-8.940696716308594e-08, -1.1920928955078125e-07, 1.043081283569336e-07, 1, -3.725290653733282e-08, 1.1175872671742582e-08, 9.126963362859897e-08, 0.6951003670692444, -0.7189128398895264, 4.842878453814592e-08, 0.7189127206802368, 0.6951003074645996),
            ["LeftHand"] = CFrame.new(-1.3969838619232178e-08, 0, -4.470348358154297e-08, 0.8659407496452332, -0.4698181748390198, 0.17151586711406708, 0.3882735073566437, 0.8476449251174927, 0.36158254742622375, -0.3152622878551483, -0.2465137392282486, 0.9164280891418457),
            ["RightHand"] = CFrame.new(-3.3155083656311035e-07, -1.1920928955078125e-07, 2.384185791015625e-07, 0.8721940517425537, 0.4391874670982361, 0.21538834273815155, -0.4852762818336487, 0.8322495222091675, 0.2680816352367401, -0.06151890009641647, -0.3383418917655945, 0.9390102028846741),
            ["RightUpperArm"] = CFrame.new(0, 0, 5.960464477539063e-08, 0.24285395443439484, 0.1278192102909088, 0.9616050124168396, 0.5932674407958984, 0.7647173404693604, -0.25147852301597595, -0.7674996852874756, 0.6315613985061646, 0.1098836213350296),
            ["RightLowerLeg"] = CFrame.new(-6.705522537231445e-08, -0.00006026029586791992, -0.00007214972720248625, 1, -1.1920928955078125e-07, -7.264318924171675e-08, 1.2293453721667902e-07, 0.5330433249473572, 0.8460875153541565, -6.519255890680142e-08, -0.8460879921913147, 0.533044159412384),
            ["RightUpperLeg"] = CFrame.new(0, -1.8998980522155762e-07, 5.75528247281909e-09, 0.9531295299530029, -0.11049479246139526, -0.2816638648509979, 0.10545022785663605, 0.9938751459121704, -0.03305555507540703, 0.2835918366909027, 0.0018045858014374971, 0.9589435458183289),
            ["LeftLowerLeg"] = CFrame.new(2.9802322387695312e-08, 0.00006079673767089844, 0.0000721961259841919, 1, 1.1734665861240501e-07, 6.146728281919422e-08, -1.4901161193847656e-08, 0.5398384928703308, 0.841768741607666, 4.470348358154297e-08, -0.8417686820030212, 0.5398383736610413),
        }},
        {Time = 0.100, Data = {
            ["LeftFoot"] = CFrame.new(3.5390257835388184e-08, 0, 2.7939677238464355e-08, 0.9453976154327393, -0.31203845143318176, 0.09410317242145538, 0.2443358302116394, 0.869644284248352, 0.42897436022758484, -0.21569305658340454, -0.3825584053993225, 0.89840167760849),
            ["LeftLowerArm"] = CFrame.new(2.682209014892578e-07, 1.7881393432617188e-07, 7.450580596923828e-09, 1, -1.4156101713069802e-07, 7.450581307466564e-08, 9.371434828153724e-08, 0.7489365339279175, -0.6626418828964233, 2.980232594040899e-08, 0.6626418232917786, 0.7489364147186279),
            ["LowerTorso"] = CFrame.new(0.4460965096950531, -0.1971571445465088, -0.010063067078590393, 0.9676414132118225, 0.07601261138916016, 0.2406083345413208, -0.007918567396700382, 0.9622254371643066, -0.2721391022205353, -0.25220543146133423, 0.26142776012420654, 0.9316909909248352),
            ["Head"] = CFrame.new(1.4901161193847656e-08, 0, -4.470348358154297e-08, 0.6849606037139893, 0.013358859345316887, 0.7284578680992126, -0.07404971867799759, 0.9959309697151184, 0.05136425048112869, -0.7248074412345886, -0.08912453055381775, 0.6831624507904053),
            ["RightFoot"] = CFrame.new(-5.587935447692871e-09, 4.172325134277344e-07, 1.6596459317952394e-08, 0.9296679496765137, 0.024469580501317978, -0.3675866723060608, -0.21852371096611023, 0.8399261832237244, -0.4967601001262665, 0.29658907651901245, 0.5421487092971802, 0.7861993908882141),
            ["UpperTorso"] = CFrame.new(-3.725290298461914e-09, 0, -5.21540641784668e-08, 0.9992974400520325, 0.006958883721381426, -0.03682908043265343, 0.009780899621546268, 0.9001489877700806, 0.43547239899635315, 0.03618206828832626, -0.43552669882774353, 0.8994483351707458),
            ["HumanoidRootPart"] = CFrame.new(0, 0, 0, 1, 0, 0, 0, 1, 0, 0, 0, 1),
            ["LeftUpperLeg"] = CFrame.new(-5.960464477539063e-08, 3.329478204250336e-08, -1.1175870895385742e-08, 0.8306915163993835, 0.5192025303840637, 0.2009497582912445, -0.34850162267684937, 0.7664181590080261, -0.5395829677581787, -0.4341639280319214, 0.37819570302963257, 0.8175997734069824),
            ["LeftUpperArm"] = CFrame.new(5.960464477539063e-08, 1.1920928955078125e-07, -5.960464477539063e-08, -0.06397482007741928, -0.1292685866355896, -0.9895437955856323, -0.7617137432098389, 0.6469532251358032, -0.03526899963617325, 0.6447477340698242, 0.7514926195144653, -0.139854297041893),
            ["RightLowerArm"] = CFrame.new(1.1920928955078125e-07, 2.384185791015625e-07, 9.685754776000977e-08, 1, -9.87202142255228e-08, 9.778887033462524e-08, 6.053598156086082e-08, 0.7014105319976807, -0.7127577066421509, 4.4703494239684005e-08, 0.7127575874328613, 0.7014104127883911),
            ["LeftHand"] = CFrame.new(-2.0209699869155884e-07, 0, 0, 0.8886963129043579, -0.4389788508415222, 0.13235093653202057, 0.36802050471305847, 0.8551283478736877, 0.3651248514652252, -0.27345898747444153, -0.2757773697376251, 0.9215025901794434),
            ["RightHand"] = CFrame.new(-9.313225746154785e-08, 0, -1.7881393432617188e-07, 0.896966278553009, 0.39046579599380493, 0.2073363959789276, -0.43748512864112854, 0.8515197038650513, 0.2890003025531769, -0.06370631605386734, -0.3499297797679901, 0.934607207775116),
            ["RightUpperArm"] = CFrame.new(0, 2.384185791015625e-07, -5.960464477539063e-08, 0.21183232963085175, 0.11935088038444519, 0.9699910283088684, 0.5896249413490295, 0.7759252190589905, -0.22423803806304932, -0.7794033288955688, 0.6194314956665039, 0.09399378299713135),
            ["RightLowerLeg"] = CFrame.new(2.2351741790771484e-08, -0.000060498714447021484, -0.00007215065852506086, 1, -1.3038513202445756e-07, -6.519260153936557e-08, 1.2293456563838845e-07, 0.5829768180847168, 0.8124883770942688, -6.426125054304066e-08, -0.8124887943267822, 0.5829774737358093),
            ["RightUpperLeg"] = CFrame.new(1.7881393432617188e-07, -2.2351741790771484e-07, 4.300818545743823e-08, 0.9608548879623413, -0.10877230018377304, -0.25480595231056213, 0.10983330011367798, 0.9938986897468567, -0.010105909779667854, 0.25435131788253784, -0.01827569492161274, 0.9669394493103027),
            ["LeftLowerLeg"] = CFrame.new(-4.470348358154297e-08, 0.000060558319091796875, 0.00007224082946777344, 1, 9.685754776000977e-08, 1.6763808119435453e-08, -8.940696716308594e-08, 0.576324462890625, 0.81722092628479, -4.470348358154297e-08, -0.8172210454940796, 0.5763245224952698),
        }},
        {Time = 0.133, Data = {
            ["LeftFoot"] = CFrame.new(-1.210719347000122e-08, 5.960464477539063e-08, 5.587935447692871e-09, 0.9520509243011475, -0.2963462471961975, 0.07601410895586014, 0.23132428526878357, 0.8598859310150146, 0.45506635308265686, -0.20022056996822357, -0.4156622588634491, 0.8872072100639343),
            ["LeftLowerArm"] = CFrame.new(4.172325134277344e-07, -5.960464477539063e-08, -1.4156103134155273e-07, 1, 7.4505797087454084e-09, -7.450581307466564e-08, 8.800998330116272e-08, 0.7532846927642822, -0.6576945781707764, 4.0978193283081055e-08, 0.6576946377754211, 0.7532848119735718),
            ["LowerTorso"] = CFrame.new(0.4210638701915741, -0.14597630500793457, -0.012443010695278645, 0.969959557056427, 0.09147780388593674, 0.22541169822216034, -0.030619587749242783, 0.9651439785957336, -0.25992217659950256, -0.24133187532424927, 0.24521195888519287, 0.9389515519142151),
            ["Head"] = CFrame.new(1.862645149230957e-09, -1.1920928955078125e-07, 3.725290298461914e-08, 0.7809572815895081, 0.05367056652903557, 0.6222742795944214, -0.128834068775177, 0.9887179136276245, 0.07641147822141647, -0.6111527681350708, -0.1398441046476364, 0.7790610194206238),
            ["RightFoot"] = CFrame.new(4.0279701352119446e-08, 4.76837158203125e-07, -2.029992174357176e-09, 0.9249061346054077, 0.07254152745008469, -0.37321242690086365, -0.2364339977502823, 0.8784732818603516, -0.415190190076828, 0.2977375090122223, 0.47225263714790344, 0.8296563029289246),
            ["UpperTorso"] = CFrame.new(-2.7939677238464355e-08, -1.7881393432617188e-07, -6.705522537231445e-08, 0.9966453909873962, -0.07107144594192505, -0.04058317095041275, 0.0813080444931984, 0.9163948893547058, 0.39193060994148254, 0.009335135109722614, -0.3939156234264374, 0.9190993309020996),
            ["HumanoidRootPart"] = CFrame.new(0, 0, 0, 1, 0, 0, 0, 1, 0, 0, 0, 1),
            ["LeftUpperLeg"] = CFrame.new(0, -6.984919309616089e-09, -5.029141902923584e-08, 0.860869288444519, 0.48004522919654846, 0.1687033325433731, -0.33988630771636963, 0.7892528772354126, -0.5114267468452454, -0.37865734100341797, 0.38293159008026123, 0.8426042199134827),
            ["LeftUpperArm"] = CFrame.new(-1.1920928955078125e-07, -2.384185791015625e-07, 7.450580596923828e-09, -0.07172763347625732, -0.13832755386829376, -0.9877857565879822, -0.7560111880302429, 0.6535335183143616, -0.036622095853090286, 0.6506168842315674, 0.7441502213478088, -0.15145359933376312),
            ["RightLowerArm"] = CFrame.new(5.960464477539063e-08, -2.384185791015625e-07, 4.470348358154297e-08, 1, -5.21540641784668e-08, 8.195639367158947e-08, 5.8673322200775146e-08, 0.7064810991287231, -0.7077318429946899, 2.9802322387695312e-08, 0.7077320218086243, 0.7064812183380127),
            ["LeftHand"] = CFrame.new(-2.738088369369507e-07, 0, 1.7136335372924805e-07, 0.9262564182281494, -0.359622061252594, 0.11278881877660751, 0.3095335066318512, 0.8965857028961182, 0.31673797965049744, -0.21503067016601562, -0.2584688365459442, 0.9417833685874939),
            ["RightHand"] = CFrame.new(-8.195638656616211e-08, 1.1920928955078125e-07, -2.9802322387695312e-08, 0.9387495517730713, 0.28357356786727905, 0.19579441845417023, -0.33195480704307556, 0.8966609239578247, 0.2929251790046692, -0.09249544888734818, -0.33997830748558044, 0.9358736276626587),
            ["RightUpperArm"] = CFrame.new(0, -2.384185791015625e-07, 2.9802322387695312e-08, 0.13434366881847382, 0.11076188832521439, 0.9847251176834106, 0.6004416346549988, 0.7814304232597351, -0.16981209814548492, -0.788303017616272, 0.6140832901000977, 0.03847416490316391),
            ["RightLowerLeg"] = CFrame.new(-5.3551048040390015e-09, -0.00006031990051269531, -0.00007204335270216689, 1, -1.1269001731761819e-07, -5.308541162207803e-08, 1.2526288628578186e-07, 0.6496490240097046, 0.7602337598800659, -4.8690708354115486e-08, -0.7602342367172241, 0.6496497392654419),
            ["RightUpperLeg"] = CFrame.new(1.1920928955078125e-07, -2.0489096641540527e-07, 2.8107024263590574e-08, 0.9645293951034546, -0.13396306335926056, -0.22745727002620697, 0.13947032392024994, 0.9901920557022095, 0.008238745853304863, 0.22412337362766266, -0.039669930934906006, 0.9737532138824463),
            ["LeftLowerLeg"] = CFrame.new(-1.4901161193847656e-08, 0.000060677528381347656, 0.00007195770740509033, 1, -7.450582373280668e-09, 3.3527616238870905e-08, -4.470347647611561e-08, 0.5912104845046997, 0.8065174221992493, 1.1920927533992653e-07, -0.8065173625946045, 0.5912104845046997),
        }},
        {Time = 0.167, Data = {
            ["LeftFoot"] = CFrame.new(-9.313225746154785e-08, -5.960464477539063e-08, -1.4901161193847656e-08, 0.9591376185417175, -0.2777126133441925, 0.05413813143968582, 0.23093515634536743, 0.8789334297180176, 0.4173073172569275, -0.16347506642341614, -0.3877522945404053, 0.907151460647583),
            ["LeftLowerArm"] = CFrame.new(0, 5.960464477539063e-08, 5.727633833885193e-08, 1, -8.195637946073475e-08, 6.705522537231445e-08, 1.3690444689018477e-07, 0.756172776222229, -0.654371976852417, 2.2817408407149742e-08, 0.654371976852417, 0.7561728954315186),
            ["LowerTorso"] = CFrame.new(0.3808880150318146, -0.08635401725769043, -0.013275722041726112, 0.978607714176178, 0.10501595586538315, 0.1769144982099533, -0.06044835224747658, 0.9687252044677734, -0.24066072702407837, -0.1966547667980194, 0.22481827437877655, 0.9543498754501343),
            ["Head"] = CFrame.new(-1.6763806343078613e-08, 0, -1.862645149230957e-08, 0.8780904412269592, 0.08476977795362473, 0.4709259867668152, -0.15398967266082764, 0.9818873405456543, 0.11038372665643692, -0.4530389904975891, -0.16944457590579987, 0.8752395510673523),
            ["RightFoot"] = CFrame.new(-9.499490261077881e-08, 1.7881393432617188e-07, 3.894820110872388e-08, 0.9250566363334656, 0.16038957238197327, -0.34430626034736633, -0.26509690284729004, 0.9218064546585083, -0.2828357219696045, 0.2720184922218323, 0.3529139757156372, 0.895241379737854),
            ["UpperTorso"] = CFrame.new(1.1175870895385742e-08, -2.682209014892578e-07, 1.341104507446289e-07, 0.9871972799301147, -0.1571161150932312, -0.027496689930558205, 0.15639019012451172, 0.9195379614830017, 0.360544353723526, -0.03136308491230011, -0.36022865772247314, 0.9323367476463318),
            ["HumanoidRootPart"] = CFrame.new(0, 0, 0, 1, 0, 0, 0, 1, 0, 0, 0, 1),
            ["LeftUpperLeg"] = CFrame.new(2.9802322387695312e-08, 4.7497451305389404e-08, 4.842877388000488e-08, 0.8876010775566101, 0.4327071011066437, 0.15788979828357697, -0.32213789224624634, 0.8281581401824951, -0.45867326855659485, -0.3292289078235626, 0.3562566936016083, 0.8744653463363647),
            ["LeftUpperArm"] = CFrame.new(-1.1920928955078125e-07, -2.384185791015625e-07, -5.21540641784668e-08, -0.11166699230670929, -0.14826957881450653, -0.9826223254203796, -0.755771279335022, 0.6547086238861084, -0.01290288008749485, 0.6452444791793823, 0.7411969304084778, -0.18516720831394196),
            ["RightLowerArm"] = CFrame.new(1.1920928955078125e-07, 4.76837158203125e-07, -1.862645149230957e-08, 1, 1.4901157641133977e-08, -2.9802322387695312e-08, 3.9115551686563776e-08, 0.7121970057487488, -0.7019794583320618, 7.916242772409987e-09, 0.7019796967506409, 0.7121971845626831),
            ["LeftHand"] = CFrame.new(-1.5087425708770752e-07, -1.1920928955078125e-07, 9.685754776000977e-08, 0.9826779365539551, -0.18052859604358673, 0.041875798255205154, 0.16392529010772705, 0.9521428346633911, 0.25797781348228455, -0.08644389361143112, -0.24664446711540222, 0.9652429223060608),
            ["RightHand"] = CFrame.new(-7.450580596923828e-09, -1.1920928955078125e-07, 3.5762786865234375e-07, 0.9777856469154358, 0.04180784150958061, 0.20539607107639313, -0.09468626976013184, 0.9623273611068726, 0.25487345457077026, -0.18700246512889862, -0.26865991950035095, 0.9449085593223572),
            ["RightUpperArm"] = CFrame.new(-5.960464477539063e-08, -2.384185791015625e-07, -2.9802322387695312e-08, 0.04431283846497536, 0.10353365540504456, 0.9936384558677673, 0.6027325391769409, 0.79043048620224, -0.10923981666564941, -0.7967119216918945, 0.6037388443946838, -0.027376890182495117),
            ["RightLowerLeg"] = CFrame.new(-6.51925802230835e-08, -0.000060439109802246094, -0.00007206125155789778, 1, -1.0244548320770264e-07, -6.146729703004894e-08, 1.2060627341270447e-07, 0.6950704455375671, 0.7189409136772156, -4.7497451305389404e-08, -0.7189416885375977, 0.6950711607933044),
            ["RightUpperLeg"] = CFrame.new(0, -5.960464477539063e-08, 5.790934665128589e-08, 0.96375972032547, -0.18933440744876862, -0.18793454766273499, 0.19108879566192627, 0.9815323352813721, -0.008909665048122406, 0.1861516684293747, -0.02732527069747448, 0.9821411967277527),
            ["LeftLowerLeg"] = CFrame.new(-2.9802322387695312e-08, 0.00006085634231567383, 0.00007212162017822266, 1, 5.215407838932151e-08, 2.980232949312267e-08, -1.3411047916633834e-07, 0.6123311519622803, 0.7906013131141663, 2.980232949312267e-08, -0.7906014323234558, 0.6123313307762146),
        }},
        {Time = 0.200, Data = {
            ["LeftFoot"] = CFrame.new(-5.122274160385132e-09, 0, -3.725290298461914e-09, 0.9602985382080078, -0.27892592549324036, -0.005204066634178162, 0.25986918807029724, 0.8875935077667236, 0.38032373785972595, -0.1014629378914833, -0.3665763735771179, 0.9248388409614563),
            ["LeftLowerArm"] = CFrame.new(4.172325134277344e-07, 4.76837158203125e-07, 8.195638656616211e-08, 1, -1.862644971595273e-08, 0, 6.798654794692993e-08, 0.7403265833854675, -0.6722471714019775, 7.450580596923828e-09, 0.6722474694252014, 0.7403267025947571),
            ["LowerTorso"] = CFrame.new(0.33205899596214294, -0.028527259826660156, -0.009643793106079102, 0.9877811670303345, 0.11370369791984558, 0.10658232867717743, -0.0886952131986618, 0.972478985786438, -0.2154482752084732, -0.12814630568027496, 0.20336242020130157, 0.9706814289093018),
            ["Head"] = CFrame.new(-5.587935447692871e-08, -1.1920928955078125e-07, 4.6566128730773926e-09, 0.952412486076355, 0.12348659336566925, 0.27867835760116577, -0.16759273409843445, 0.9758121967315674, 0.14036884903907776, -0.2546040415763855, -0.1803932785987854, 0.9500710368156433),
            ["RightFoot"] = CFrame.new(-1.30385160446167e-08, 3.5762786865234375e-07, 1.6952981241047382e-09, 0.9342875480651855, 0.2465834766626358, -0.2574962079524994, -0.2789005935192108, 0.9554044604301453, -0.09703871607780457, 0.22208410501480103, 0.16247789561748505, 0.9613944292068481),
            ["UpperTorso"] = CFrame.new(6.51925802230835e-09, -4.76837158203125e-07, 9.685754776000977e-08, 0.9689180850982666, -0.24732764065265656, -0.005181069020181894, 0.23439306020736694, 0.9111467003822327, 0.3389272093772888, -0.07910533994436264, -0.32960715889930725, 0.9407984018325806),
            ["HumanoidRootPart"] = CFrame.new(0, 0, 0, 1, 0, 0, 0, 1, 0, 0, 0, 1),
            ["LeftUpperLeg"] = CFrame.new(2.9802322387695312e-08, -4.880130290985107e-07, 2.0489096641540527e-08, 0.9117002487182617, 0.37831661105155945, 0.16024768352508545, -0.2949112057685852, 0.8741483092308044, -0.38586536049842834, -0.2860596477985382, 0.3045347332954407, 0.9085310697555542),
            ["LeftUpperArm"] = CFrame.new(5.960464477539063e-08, 2.384185791015625e-07, 2.9802322387695312e-08, -0.14908467233181, -0.1383717656135559, -0.9790950417518616, -0.7589667439460754, 0.6507013440132141, 0.02360501140356064, 0.6338322162628174, 0.7466198205947876, -0.20202916860580444),
            ["RightLowerArm"] = CFrame.new(-1.4901161193847656e-07, -2.384185791015625e-07, 1.4901161193847656e-07, 1, -1.4901161193847656e-08, -1.4901164746561335e-08, 1.192093321833454e-07, 0.7228690385818481, -0.690984845161438, 3.725291630729544e-09, 0.6909851431846619, 0.722869336605072),
            ["LeftHand"] = CFrame.new(-1.043081283569336e-07, 1.1920928955078125e-07, 5.21540641784668e-08, 0.9977836012840271, 0.02905435487627983, -0.05986562743782997, -0.016841117292642593, 0.9806134700775146, 0.19522695243358612, 0.0643773004412651, -0.19378650188446045, 0.978929340839386),
            ["RightHand"] = CFrame.new(-7.450580596923828e-09, 5.960464477539063e-08, 2.086162567138672e-07, 0.9186421036720276, -0.31890371441841125, 0.23323136568069458, 0.2805997431278229, 0.9422017931938171, 0.18308411538600922, -0.2781373858451843, -0.10274447500705719, 0.9550305604934692),
            ["RightUpperArm"] = CFrame.new(-5.960464477539063e-08, 0, 4.470348358154297e-08, -0.006148957647383213, 0.10002453625202179, 0.9949660301208496, 0.6039496660232544, 0.7933879494667053, -0.0760272964835167, -0.7969987988471985, 0.6004419922828674, -0.06528834253549576),
            ["RightLowerLeg"] = CFrame.new(-2.7939677238464355e-08, -0.00006079673767089844, -0.00007205286965472624, 1, -1.0058281674218961e-07, -3.7252920748187535e-08, 1.0617075929530984e-07, 0.6869864463806152, 0.7266700267791748, -4.470347647611561e-08, -0.7266702651977539, 0.6869867444038391),
            ["RightUpperLeg"] = CFrame.new(0, -3.5297125577926636e-07, -3.894820110872388e-08, 0.9505119919776917, -0.26846879720687866, -0.15636879205703735, 0.25661560893058777, 0.9621258974075317, -0.09199053049087524, 0.17514371871948242, 0.04731174558401108, 0.9834056496620178),
            ["LeftLowerLeg"] = CFrame.new(-1.043081283569336e-07, 0.000060617923736572266, 0.00007209926843643188, 1, 7.450580596923828e-08, 3.725290298461914e-08, -1.341104507446289e-07, 0.6602302193641663, 0.7510632276535034, -2.9802322387695312e-08, -0.7510632872581482, 0.660230278968811),
        }},
        {Time = 0.233, Data = {
            ["LeftFoot"] = CFrame.new(-2.561137080192566e-08, -1.1920928955078125e-07, -1.862645149230957e-09, 0.9550817608833313, -0.29035526514053345, -0.05926938354969025, 0.2935020327568054, 0.899188756942749, 0.32452526688575745, -0.04093288257718086, -0.3273431658744812, 0.9440182447433472),
            ["LeftLowerArm"] = CFrame.new(2.384185791015625e-07, 2.980232238769531e-07, 7.450580596923828e-08, 1, -8.940698137394065e-08, 9.313224325069314e-08, 1.471489667892456e-07, 0.7075040936470032, -0.7067094445228577, -3.3527612686157227e-08, 0.7067092061042786, 0.7075039744377136),
            ["LowerTorso"] = CFrame.new(0.27658548951148987, 0.017153501510620117, 0.0008681514300405979, 0.9932423830032349, 0.11452456563711166, 0.018810773268342018, -0.10893319547176361, 0.9758497476577759, -0.18934351205825806, -0.04004097357392311, 0.18601489067077637, 0.9817306995391846),
            ["Head"] = CFrame.new(4.470348358154297e-08, -1.1920928955078125e-07, 4.959292709827423e-08, 0.9827059507369995, 0.17214493453502655, 0.06822849065065384, -0.18107587099075317, 0.9704326391220093, 0.1595999151468277, -0.038736775517463684, -0.16919425129890442, 0.9848212003707886),
            ["RightFoot"] = CFrame.new(-4.284083843231201e-08, 2.980232238769531e-07, -4.823959898203611e-09, 0.9486281871795654, 0.2834600508213043, -0.14055627584457397, -0.27611494064331055, 0.9585959911346436, 0.06966723501682281, 0.15448367595672607, -0.027279017493128777, 0.987618625164032),
            ["UpperTorso"] = CFrame.new(9.313225746154785e-09, 0, 9.778887033462524e-09, 0.9434313774108887, -0.3308076858520508, 0.02243892103433609, 0.30436185002326965, 0.8908816576004028, 0.3371853828430176, -0.13153399527072906, -0.3112817406654358, 0.9411708116531372),
            ["HumanoidRootPart"] = CFrame.new(0, 0, 0, 1, 0, 0, 0, 1, 0, 0, 0, 1),
            ["LeftUpperLeg"] = CFrame.new(0, 2.561137080192566e-08, 9.313225746154785e-09, 0.93339604139328, 0.3186146318912506, 0.16509579122066498, -0.25880780816078186, 0.9164015054702759, -0.3053308129310608, -0.2485770583152771, 0.24226665496826172, 0.9378253221511841),
            ["LeftUpperArm"] = CFrame.new(5.960464477539063e-08, 2.384185791015625e-07, 2.1420419216156006e-08, -0.15167808532714844, -0.11450208723545074, -0.9817754626274109, -0.7645291686058044, 0.6431464552879333, 0.043106429278850555, 0.6264895796775818, 0.7571340203285217, -0.18509125709533691),
            ["RightLowerArm"] = CFrame.new(2.384185791015625e-07, -4.76837158203125e-07, -4.470348358154297e-08, 1, -4.4703494239684005e-08, -1.4901162970204496e-08, 3.073364851502447e-08, 0.7347997426986694, -0.6782843470573425, 0, 0.678284227848053, 0.7347995638847351),
            ["LeftHand"] = CFrame.new(-2.2351741790771484e-07, -5.960464477539063e-08, -2.384185791015625e-07, 0.9645252227783203, 0.2136014699935913, -0.15513117611408234, -0.2014833241701126, 0.9753282070159912, 0.09021840244531631, 0.17057456076145172, -0.0557614341378212, 0.983765721321106),
            ["RightHand"] = CFrame.new(1.1920928955078125e-07, 3.5762786865234375e-07, -8.940696716308594e-08, 0.7814671993255615, -0.5521814227104187, 0.29052528738975525, 0.5549729466438293, 0.8279342651367188, 0.0808081179857254, -0.2851564288139343, 0.09808477759361267, 0.9534491300582886),
            ["RightUpperArm"] = CFrame.new(0, -1.1920928955078125e-07, -1.4901161193847656e-08, -0.02451934851706028, 0.10254614800214767, 0.9944260120391846, 0.6189858317375183, 0.7826708555221558, -0.06544765084981918, -0.7850194573402405, 0.6139304637908936, -0.08266504108905792),
            ["RightLowerLeg"] = CFrame.new(-2.2351741790771484e-08, -0.000060677528381347656, -0.00007206032023532316, 1, -1.0430811414607888e-07, -7.4505820180093e-08, 8.195639367158947e-08, 0.6911253929138184, 0.7227345705032349, -5.2154071283894154e-08, -0.7227349877357483, 0.691125750541687),
            ["RightUpperLeg"] = CFrame.new(-5.960464477539063e-08, -6.635673344135284e-08, 1.786247594282031e-08, 0.926400899887085, -0.3441566526889801, -0.15276582539081573, 0.3130567967891693, 0.9294179081916809, -0.19539141654968262, 0.2092295140028, 0.13318650424480438, 0.9687542915344238),
            ["LeftLowerLeg"] = CFrame.new(2.2351741790771484e-08, 0.000060439109802246094, 0.00007209926843643188, 1, 1.043081283569336e-07, 2.9802318834981634e-08, -4.470347647611561e-08, 0.7200136780738831, 0.693959653377533, 2.9802318834981634e-08, -0.6939599514007568, 0.7200139760971069),
        }},
        {Time = 0.267, Data = {
            ["LeftFoot"] = CFrame.new(2.1886080503463745e-08, 5.960464477539063e-08, -2.9802322387695312e-08, 0.9407662749290466, -0.32733970880508423, -0.0883600190281868, 0.339043527841568, 0.9104536771774292, 0.2369050532579422, 0.002899377839639783, -0.25282979011535645, 0.9675063490867615),
            ["LeftLowerArm"] = CFrame.new(-2.086162567138672e-07, -4.76837158203125e-07, -1.1175870895385742e-07, 1, -5.960463766996327e-08, -5.587936158235607e-08, 1.1920927533992653e-07, 0.6717648506164551, -0.7407643795013428, 5.960463766996327e-08, 0.7407646179199219, 0.6717648506164551),
            ["LowerTorso"] = CFrame.new(0.2208029329776764, 0.040184736251831055, 0.012017911300063133, 0.992048978805542, 0.10109315812587738, -0.07495983690023422, -0.11279287189245224, 0.9783979654312134, -0.1732492744922638, 0.05582622438669205, 0.1803267002105713, 0.9820213317871094),
            ["Head"] = CFrame.new(-4.284083843231201e-08, 2.384185791015625e-07, 3.864988684654236e-08, 0.9631549119949341, 0.22610560059547424, -0.14563323557376862, -0.1991208791732788, 0.963490903377533, 0.17898686230182648, 0.18078631162643433, -0.143393412232399, 0.9730132818222046),
            ["RightFoot"] = CFrame.new(-4.470348358154297e-08, 4.172325134277344e-07, 3.149762051180005e-08, 0.9401608109474182, 0.32278308272361755, -0.10913167893886566, -0.2965410053730011, 0.9328683614730835, 0.20449750125408173, 0.1678132861852646, -0.15989917516708374, 0.9727647304534912),
            ["UpperTorso"] = CFrame.new(1.0244548320770264e-08, -4.172325134277344e-07, -2.421438694000244e-08, 0.9170137047767639, -0.39527660608291626, 0.05331334471702576, 0.35276272892951965, 0.8661394715309143, 0.35406357049942017, -0.18612979352474213, -0.305874228477478, 0.9337005615234375),
            ["HumanoidRootPart"] = CFrame.new(0, 0, 0, 1, 0, 0, 0, 1, 0, 0, 0, 1),
            ["LeftUpperLeg"] = CFrame.new(2.9802322387695312e-08, -3.4924596548080444e-07, -2.7939677238464355e-08, 0.9508733153343201, 0.2609419524669647, 0.16658110916614532, -0.2255430370569229, 0.9525033831596375, -0.2046154886484146, -0.21206186711788177, 0.1569923609495163, 0.96456378698349),
            ["LeftUpperArm"] = CFrame.new(5.960464477539063e-08, 2.384185791015625e-07, 1.4901161193847656e-08, -0.15504345297813416, -0.09483455866575241, -0.9833453297615051, -0.7797682285308838, 0.6229032278060913, 0.06287224590778351, 0.6065666079521179, 0.7765294909477234, -0.17052613198757172),
            ["RightLowerArm"] = CFrame.new(1.7881393432617188e-07, -3.5762786865234375e-07, -8.940696716308594e-08, 1, 2.9802318834981634e-08, -2.980232594040899e-08, 9.313227877782992e-08, 0.7468294501304626, -0.6650153994560242, 0, 0.6650156378746033, 0.7468296885490417),
            ["LeftHand"] = CFrame.new(-1.3597309589385986e-07, 0, 8.195638656616211e-08, 0.8983784317970276, 0.34070807695388794, -0.2771899998188019, -0.35079461336135864, 0.9363480806350708, 0.013979243114590645, 0.2643093168735504, 0.08467798680067062, 0.9607135057449341),
            ["RightHand"] = CFrame.new(-3.3527612686157227e-07, -4.76837158203125e-07, 2.9802322387695312e-08, 0.6643493175506592, -0.6536794304847717, 0.3624131679534912, 0.703413188457489, 0.7107417583465576, -0.007490814663469791, -0.2526856064796448, 0.25990256667137146, 0.9319875240325928),
            ["RightUpperArm"] = CFrame.new(0, 2.384185791015625e-07, 1.1175870895385742e-08, -0.038721926510334015, 0.11711837351322174, 0.9923628568649292, 0.6452216506004333, 0.7612536549568176, -0.06466639041900635, -0.763013482093811, 0.6377901434898376, -0.10504461079835892),
            ["RightLowerLeg"] = CFrame.new(1.9371509552001953e-07, -0.0000603795051574707, -0.00007206032023532316, 1, -1.1362133989223366e-07, -9.313225746154785e-08, 1.341104507446289e-07, 0.7070291042327881, 0.7071844339370728, -5.960464477539063e-08, -0.7071846127510071, 0.7070291042327881),
