return {
    ["Giving Head"] = {
        {Time = 0.000, Data = {
            ["RightFoot"] = CFrame.new(0.000001430511474609375, 0, -1.1920928955078125e-07, 0.9702977538108826, -0.13175901770591736, 0.20289243757724762, -0.0906217098236084, 0.579651415348053, 0.8098105192184448, -0.2243065983057022, -0.8041434288024902, 0.5504940748214722),
            ["LeftLowerArm"] = CFrame.new(-0.0000016689300537109375, 4.76837158203125e-07, -9.5367431640625e-07, 0.9999624490737915, 0.008732616901397705, -0.0009095966815948486, -0.0021909475326538086, 0.14775314927101135, -0.9890232086181641, -0.008503317832946777, 0.9889862537384033, 0.1477682888507843),
            ["LeftFoot"] = CFrame.new(-9.5367431640625e-07, 4.76837158203125e-07, -5.513429641723633e-07, 0.9135472178459167, 0.08456496149301529, -0.3978489339351654, 0.3115772008895874, 0.483244389295578, 0.8181658983230591, 0.261446475982666, -0.8713934421539307, 0.4151182472705841),
            ["Head"] = CFrame.new(4.76837158203125e-07, -0.0000019073486328125, -2.384185791015625e-07, 0.9864819645881653, -0.14660829305648804, -0.07323575019836426, -0.021523943170905113, 0.3271065056324005, -0.9447428584098816, 0.1624627262353897, 0.9335482716560364, 0.31952786445617676),
            ["LowerTorso"] = CFrame.new(0, -1.8667407035827637, -0.29566478729248047, 1.0000019073486328, -1.3633300000037707e-07, -3.3895997830768465e-07, 2.8502631721494254e-07, 0.3255729377269745, 0.9455190300941467, 2.1288327900492732e-07, -0.9455170631408691, 0.3255726397037506),
            ["UpperTorso"] = CFrame.new(4.76837158203125e-07, 9.5367431640625e-07, 9.5367431640625e-07, 0.956163763999939, 0.016933472827076912, 0.2923493981361389, -0.01742827147245407, 0.9998477697372437, -0.0009127259254455566, -0.2923203706741333, -0.004221200942993164, 0.9563129544258118),
            ["HumanoidRootPart"] = CFrame.new(0, 0, 0, 1, 0, 0, 0, 1, 0, 0, 0, 1),
            ["RightUpperLeg"] = CFrame.new(-9.5367431640625e-07, 0.0000019073486328125, 7.152557373046875e-07, 0.9659278392791748, -0.0404878705739975, -0.25563302636146545, -0.2511312663555145, -0.3855563998222351, -0.8878509402275085, -0.06261398643255234, 0.9217969179153442, -0.38258808851242065),
            ["LeftUpperArm"] = CFrame.new(0.000004291534423828125, -0.00000762939453125, 7.152557373046875e-07, 0.7412546873092651, -0.11755670607089996, -0.6608514785766602, -0.6635196208953857, -0.27708739042282104, -0.6949566602706909, -0.10141754150390625, 0.9536274671554565, -0.28339439630508423),
            ["RightLowerArm"] = CFrame.new(-4.76837158203125e-07, 0, 0, 1.0000020265579224, -2.2351741790771484e-08, 2.5331974029541016e-07, -3.958120942115784e-08, 0.9993925094604492, 0.034909166395664215, 2.60770320892334e-07, -0.034909456968307495, 0.9993904829025269),
            ["LeftHand"] = CFrame.new(-7.152557373046875e-07, -0.00000286102294921875, 0.0000045299530029296875, 0.9069805145263672, -0.36973732709884644, 0.20169976353645325, 0.3953700065612793, 0.5823830366134644, -0.7102906703948975, 0.14515548944473267, 0.7239665985107422, 0.6743924617767334),
            ["RightHand"] = CFrame.new(-0.00000476837158203125, -0.0000025033950805664062, 0.00000667572021484375, 0.1204293891787529, -0.4945022761821747, 0.8607949614524841, 0.9907498359680176, 0.11452838778495789, -0.07281747460365295, -0.06257644295692444, 0.8615982532501221, 0.5037190318107605),
            ["RightUpperArm"] = CFrame.new(0, 0, -5.960464477539062e-07, 1.0000019073486328, -1.2241703473137022e-07, 1.0632803082444298e-08, -1.2241713420735323e-07, 0.24192199110984802, -0.9702965021133423, 1.0632774660734867e-08, 0.9702968597412109, 0.2419223189353943),
            ["RightLowerLeg"] = CFrame.new(4.76837158203125e-07, 0.000001430511474609375, 4.76837158203125e-07, 0.9848099946975708, -0.1736217439174652, 0.0030312580056488514, -0.1161939725279808, -0.6458945274353027, 0.7545340061187744, -0.12904559075832367, -0.7434218525886536, -0.6562568545341492),
            ["LeftUpperLeg"] = CFrame.new(-4.76837158203125e-07, 0.00000286102294921875, -0.0000010728836059570312, 0.994523823261261, 3.843759657229384e-07, 0.10452863574028015, 0.10184948146343231, -0.22494831681251526, -0.9690333604812622, 0.02351323515176773, 0.9743722677230835, -0.22371742129325867),
            ["LeftLowerLeg"] = CFrame.new(4.76837158203125e-07, -4.76837158203125e-07, 0, 1.0000019073486328, -7.601642693089161e-08, -1.8479806840332458e-07, 2.277153896557138e-07, -0.5299181342124939, 0.8480497598648071, 5.634706212731544e-08, -0.8480486869812012, -0.529919445514679),
        }},
        {Time = 0.133, Data = {
            ["LeftLowerArm"] = CFrame.new(2.384185791015625e-07, 0.000003337860107421875, 0.00000476837158203125, 0.9956827163696289, -0.007176727056503296, -0.09256316721439362, -0.08007118105888367, 0.438264936208725, -0.8952734470367432, 0.04699154198169708, 0.8988182544708252, 0.4357982873916626),
            ["LeftFoot"] = CFrame.new(-9.5367431640625e-07, 9.5367431640625e-07, -9.387731552124023e-07, 0.9449824094772339, 0.07062919437885284, -0.3194121718406677, 0.24059425294399261, 0.5115094184875488, 0.8249077200889587, 0.22164469957351685, -0.8563718795776367, 0.46637406945228577),
            ["Head"] = CFrame.new(0.000002384185791015625, 9.5367431640625e-07, -0.0000016689300537109375, 0.9885573387145996, 0.14049316942691803, 0.0549495592713356, 0.05172121524810791, 0.026528462767601013, -0.9983090758323669, -0.14171326160430908, 0.9897280335426331, 0.01895725727081299),
            ["UpperTorso"] = CFrame.new(9.5367431640625e-07, 4.76837158203125e-07, 0.0000010728836059570312, 0.9561669230461121, -0.0060559650883078575, 0.29276472330093384, -0.017427869141101837, 0.9968371391296387, 0.07753854990005493, -0.2923082411289215, -0.07924062013626099, 0.953036904335022),
            ["HumanoidRootPart"] = CFrame.new(0, 0, 0, 1, 0, 0, 0, 1, 0, 0, 0, 1),
            ["LeftUpperArm"] = CFrame.new(0.00000476837158203125, -0.00000286102294921875, -0.0000011920928955078125, 0.7233098745346069, -0.36710816621780396, -0.5848569273948669, -0.6896576881408691, -0.341610312461853, -0.6384940147399902, 0.03460228443145752, 0.865179717540741, -0.5002695918083191),
            ["LeftHand"] = CFrame.new(-7.152557373046875e-07, 9.5367431640625e-07, 0.0000045299530029296875, 0.873641848564148, -0.3796055316925049, -0.30438560247421265, 0.19488275051116943, 0.8461971879005432, -0.49595504999160767, 0.4458385407924652, 0.37396764755249023, 0.8132521510124207),
            ["RightUpperLeg"] = CFrame.new(0.000003814697265625, 0.00000286102294921875, 0.000001430511474609375, 0.965465247631073, -0.03490690886974335, -0.2581881284713745, -0.25644490122795105, -0.3022725284099579, -0.9180783033370972, -0.04599621146917343, 0.9525829553604126, -0.3007863163948059),
            ["LowerTorso"] = CFrame.new(0, -1.8667422533035278, -0.29566383361816406, 1.0000019073486328, -1.6598148988578032e-07, -4.1355889379701694e-07, 3.77689303832085e-07, 0.39073729515075684, 0.9205045104026794, 2.4485547100994154e-07, -0.9205026030540466, 0.3907366991043091),
            ["LeftUpperLeg"] = CFrame.new(-4.76837158203125e-07, 0.000002384185791015625, -8.344650268554688e-07, 0.9945237040519714, -0.007290928158909082, 0.10427391529083252, 0.1018492728471756, -0.156802237033844, -0.9823644757270813, 0.023512907326221466, 0.9876043200492859, -0.15520203113555908),
            ["LeftLowerLeg"] = CFrame.new(9.5367431640625e-07, -4.76837158203125e-07, 0, 1.0000019073486328, -2.086162567138672e-07, -9.312061592936516e-07, 9.313225746154785e-07, -0.5446370840072632, 0.8386735320091248, -1.564621925354004e-07, -0.8386717438697815, -0.5446377992630005),
        }},
        {Time = 0.200, Data = {
            ["LeftUpperArm"] = CFrame.new(0.000001430511474609375, -0.00000286102294921875, -9.5367431640625e-07, 0.6697016358375549, -0.24530154466629028, -0.7009491920471191, -0.7400655746459961, -0.29884666204452515, -0.6024901866912842, -0.06168501079082489, 0.9222362041473389, -0.38167816400527954),
            ["LeftLowerArm"] = CFrame.new(0.0000011920928955078125, -4.76837158203125e-07, 0.00000667572021484375, 0.9993070960044861, 0.03149527311325073, -0.01990129053592682, -0.027750372886657715, 0.27278098464012146, -0.9616770148277283, -0.02486056089401245, 0.9615615606307983, 0.27346673607826233),
            ["Head"] = CFrame.new(0.0000019073486328125, -0.0000019073486328125, 7.152557373046875e-07, 0.9602473378181458, -0.12825673818588257, 0.247949481010437, 0.2519281804561615, 0.015533030033111572, -0.9676215648651123, 0.12025293707847595, 0.9916207194328308, 0.047225892543792725),
        }},
        {Time = 0.333, Data = {
            ["LeftUpperArm"] = CFrame.new(0.000003814697265625, -0.00000476837158203125, 7.152557373046875e-07, 0.7480683922767639, 0.011154819279909134, -0.6635303497314453, -0.6487756967544556, -0.1980273425579071, -0.7347620725631714, -0.13959349691867828, 0.9801338911056519, -0.14090211689472198),
            ["LeftLowerArm"] = CFrame.new(4.76837158203125e-07, 4.76837158203125e-07, -9.5367431640625e-07, 0.987802267074585, 0.1418481022119522, -0.06425638496875763, -0.06234399974346161, -0.01789882779121399, -0.9978957176208496, -0.1427006721496582, 0.9897273182868958, -0.008835852146148682),
            ["Head"] = CFrame.new(0.0000019073486328125, 9.5367431640625e-07, -7.152557373046875e-07, 0.8533338308334351, -0.5190972089767456, -0.048606351017951965, 0.16061848402023315, 0.3504379093647003, -0.922710657119751, 0.4960104525089264, 0.7795736193656921, 0.38241636753082275),
            ["LeftHand"] = CFrame.new(-0.0000030994415283203125, -0.000003814697265625, 0.000003337860107421875, 0.9873502850532532, -0.11193439364433289, -0.11230897903442383, 0.023995444178581238, 0.8056125640869141, -0.5919579863548279, 0.15673841536045074, 0.5817757844924927, 0.7981058359146118),
        }},
        {Time = 0.467, Data = {
            ["Head"] = CFrame.new(0.0000019073486328125, -9.5367431640625e-07, -7.152557373046875e-07, 0.8533335328102112, -0.5144423246383667, -0.08469798415899277, 0.16061827540397644, 0.413948655128479, -0.8960182070732117, 0.4960106611251831, 0.7509987354278564, 0.4358639121055603),
        }},
        {Time = 0.633, Data = {
            ["RightFoot"] = CFrame.new(0.000001430511474609375, 0, -1.1920928955078125e-07, 0.9702977538108826, -0.13175901770591736, 0.20289243757724762, -0.0906217098236084, 0.579651415348053, 0.8098105192184448, -0.2243065983057022, -0.8041434288024902, 0.5504940748214722),
            ["LeftLowerArm"] = CFrame.new(-0.0000016689300537109375, 4.76837158203125e-07, -9.5367431640625e-07, 0.9999624490737915, 0.008732616901397705, -0.0009095966815948486, -0.0021909475326538086, 0.14775314927101135, -0.9890232086181641, -0.008503317832946777, 0.9889862537384033, 0.1477682888507843),
            ["LeftFoot"] = CFrame.new(-9.5367431640625e-07, 4.76837158203125e-07, -5.513429641723633e-07, 0.9135472178459167, 0.08456496149301529, -0.3978489339351654, 0.3115772008895874, 0.483244389295578, 0.8181658983230591, 0.261446475982666, -0.8713934421539307, 0.4151182472705841),
            ["Head"] = CFrame.new(4.76837158203125e-07, -0.0000019073486328125, -2.384185791015625e-07, 0.9864819645881653, -0.14660829305648804, -0.07323575019836426, -0.021523943170905113, 0.3271065056324005, -0.9447428584098816, 0.1624627262353897, 0.9335482716560364, 0.31952786445617676),
            ["LowerTorso"] = CFrame.new(0, -1.8667407035827637, -0.29566478729248047, 1.0000019073486328, -1.3633300000037707e-07, -3.3895997830768465e-07, 2.8502631721494254e-07, 0.3255729377269745, 0.9455190300941467, 2.1288327900492732e-07, -0.9455170631408691, 0.3255726397037506),
            ["UpperTorso"] = CFrame.new(4.76837158203125e-07, 9.5367431640625e-07, 9.5367431640625e-07, 0.956163763999939, 0.016933472827076912, 0.2923493981361389, -0.01742827147245407, 0.9998477697372437, -0.0009127259254455566, -0.2923203706741333, -0.004221200942993164, 0.9563129544258118),
            ["HumanoidRootPart"] = CFrame.new(0, 0, 0, 1, 0, 0, 0, 1, 0, 0, 0, 1),
            ["RightUpperLeg"] = CFrame.new(-9.5367431640625e-07, 0.0000019073486328125, 7.152557373046875e-07, 0.9659278392791748, -0.0404878705739975, -0.25563302636146545, -0.2511312663555145, -0.3855563998222351, -0.8878509402275085, -0.06261398643255234, 0.9217969179153442, -0.38258808851242065),
            ["LeftUpperArm"] = CFrame.new(0.000004291534423828125, -0.00000762939453125, 7.152557373046875e-07, 0.7412546873092651, -0.11755670607089996, -0.6608514785766602, -0.6635196208953857, -0.27708739042282104, -0.6949566602706909, -0.10141754150390625, 0.9536274671554565, -0.28339439630508423),
            ["RightLowerArm"] = CFrame.new(-4.76837158203125e-07, 0, 0, 1.0000020265579224, -2.2351741790771484e-08, 2.5331974029541016e-07, -3.958120942115784e-08, 0.9993925094604492, 0.034909166395664215, 2.60770320892334e-07, -0.034909456968307495, 0.9993904829025269),
            ["LeftHand"] = CFrame.new(-7.152557373046875e-07, -0.00000286102294921875, 0.0000045299530029296875, 0.9069805145263672, -0.36973732709884644, 0.20169976353645325, 0.3953700065612793, 0.5823830366134644, -0.7102906703948975, 0.14515548944473267, 0.7239665985107422, 0.6743924617767334),
            ["RightHand"] = CFrame.new(-0.00000476837158203125, -0.0000025033950805664062, 0.00000667572021484375, 0.1204293891787529, -0.4945022761821747, 0.8607949614524841, 0.9907498359680176, 0.11452838778495789, -0.07281747460365295, -0.06257644295692444, 0.8615982532501221, 0.5037190318107605),
            ["RightUpperArm"] = CFrame.new(0, 0, -5.960464477539062e-07, 1.0000019073486328, -1.2241703473137022e-07, 1.0632803082444298e-08, -1.2241713420735323e-07, 0.24192199110984802, -0.9702965021133423, 1.0632774660734867e-08, 0.9702968597412109, 0.2419223189353943),
            ["RightLowerLeg"] = CFrame.new(4.76837158203125e-07, 0.000001430511474609375, 4.76837158203125e-07, 0.9848099946975708, -0.1736217439174652, 0.0030312580056488514, -0.1161939725279808, -0.6458945274353027, 0.7545340061187744, -0.12904559075832367, -0.7434218525886536, -0.6562568545341492),
            ["LeftUpperLeg"] = CFrame.new(-4.76837158203125e-07, 0.00000286102294921875, -0.0000010728836059570312, 0.994523823261261, 3.843759657229384e-07, 0.10452863574028015, 0.10184948146343231, -0.22494831681251526, -0.9690333604812622, 0.02351323515176773, 0.9743722677230835, -0.22371742129325867),
            ["LeftLowerLeg"] = CFrame.new(4.76837158203125e-07, -4.76837158203125e-07, 0, 1.0000019073486328, -7.601642693089161e-08, -1.8479806840332458e-07, 2.277153896557138e-07, -0.5299181342124939, 0.8480497598648071, 5.634706212731544e-08, -0.8480486869812012, -0.529919445514679),
        }},
    }
}