return {
    ["Gloss"] = {
        {Time = 0.000, Data = {
            ["RightFoot"] = CFrame.new(3.073364496231079e-08, 3.5762786865234375e-07, 6.875052349641919e-08, 0.9916597008705139, 0.06832637637853622, -0.10915432870388031, -0.1235322654247284, 0.7455295324325562, -0.6549612283706665, 0.03675327077507973, 0.6629610061645508, 0.7477372288703918),
            ["LeftLowerArm"] = CFrame.new(8.940696716308594e-08, 4.76837158203125e-07, -1.4901161193847656e-08, 1, -1.3783575525394554e-07, 1.043080928297968e-07, 1.4901159417490817e-08, 0.3993614912033081, -0.9167935848236084, 7.450579886381092e-08, 0.9167935848236084, 0.3993613123893738),
            ["RightUpperArm"] = CFrame.new(0, -1.1920928955078125e-07, 5.960464477539063e-08, 0.059951212257146835, -0.11757975816726685, 0.9912521839141846, 0.990452229976654, -0.11648915708065033, -0.07372032105922699, 0.12413814663887024, 0.9862075448036194, 0.10947344452142715),
            ["Head"] = CFrame.new(3.166496753692627e-08, -1.1920928955078125e-07, 0, 0.9775068163871765, 0.008676936849951744, 0.210725799202919, 0.012263856828212738, 0.9951241612434387, -0.09786538779735565, -0.21054738759994507, 0.09824852645397186, 0.9726341366767883),
            ["RightHand"] = CFrame.new(1.0058283805847168e-07, 0, 2.1606683731079102e-07, 0.6726745963096619, -0.6266953349113464, -0.3933977484703064, 0.6453782916069031, 0.7569756507873535, -0.1023486852645874, 0.3619336783885956, -0.18504296243190765, 0.9136537313461304),
            ["UpperTorso"] = CFrame.new(-1.7695128917694092e-08, -2.086162567138672e-07, -3.4458935260772705e-08, 0.9994507431983948, 0.014227939769625664, 0.029930751770734787, -0.020693305879831314, 0.973372220993042, 0.2282945215702057, -0.02588549628853798, -0.22878848016262054, 0.9731319546699524),
            ["HumanoidRootPart"] = CFrame.new(0, 0, 0, 1, 0, 0, 0, 1, 0, 0, 0, 1),
            ["RightUpperLeg"] = CFrame.new(-2.9802322387695312e-08, -1.043081283569336e-07, -4.267349140718579e-08, 0.7844145894050598, -0.06813651323318481, -0.6164829134941101, 0.16268719732761383, 0.9817491769790649, 0.09849609434604645, 0.5985203385353088, -0.17755572497844696, 0.7811833024024963),
            ["LeftUpperArm"] = CFrame.new(5.960464477539063e-08, 0, 2.9802322387695312e-08, 0.5873934626579285, 0.7057603001594543, -0.3960704505443573, -0.8092365860939026, 0.518405020236969, -0.27639147639274597, 0.010258936323225498, 0.48286500573158264, 0.8756346106529236),
            ["RightLowerArm"] = CFrame.new(-8.046627044677734e-07, 5.960464477539063e-08, -1.1920928955078125e-07, 1, -7.4505820180093e-08, 4.656611096720553e-08, 6.046321487929163e-08, 0.47086238861083984, -0.8822067975997925, 4.0978196835794733e-08, 0.8822067379951477, 0.47086217999458313),
            ["LeftHand"] = CFrame.new(-7.003545761108398e-07, 5.960464477539063e-08, 5.960464477539063e-08, 0.7369469404220581, 0.24596786499023438, -0.6296103596687317, -0.00587097043171525, 0.9337380528450012, 0.35790878534317017, 0.6759251952171326, -0.2600634694099426, 0.689559280872345),
            ["LeftFoot"] = CFrame.new(-7.450580596923828e-09, 5.960464477539063e-08, 3.073364496231079e-08, 0.8231971263885498, 0.07979907095432281, -0.5621197819709778, -0.042812779545784, 0.9959791898727417, 0.07869252562522888, 0.5661391615867615, -0.04071350395679474, 0.8233036994934082),
            ["LowerTorso"] = CFrame.new(0.21788321435451508, -0.20409011840820312, 0.0020362110808491707, 0.6495314240455627, 0.12102916091680527, 0.7506402730941772, -0.04779457300901413, 0.9917965531349182, -0.11855535209178925, -0.7588310837745667, 0.04112914204597473, 0.6499875783920288),
            ["RightLowerLeg"] = CFrame.new(6.332993507385254e-08, -0.00006026029586791992, -0.00007209384784800932, 1, -1.341104507446289e-07, -7.450582373280668e-09, 8.428471431898288e-08, 0.7766291499137878, 0.6299576759338379, -5.529729207864875e-08, -0.6299581527709961, 0.7766294479370117),
            ["LeftUpperLeg"] = CFrame.new(0, -1.3504177331924438e-07, 1.862645149230957e-08, 0.959997296333313, 0.061278942972421646, 0.27322185039520264, 0.09305120259523392, 0.8504891991615295, -0.5176965594291687, -0.2640959620475769, 0.5224108695983887, 0.8107652068138123),
            ["LeftLowerLeg"] = CFrame.new(-6.705522537231445e-08, 0.000060558319091796875, 0.00007219985127449036, 1, 8.125790174062786e-08, 2.1187590348858976e-08, -3.725289943190546e-08, 0.8092554807662964, 0.5874569416046143, -8.940695295223122e-08, -0.587457001209259, 0.8092554211616516),
        }},
        {Time = 0.033, Data = {
            ["RightFoot"] = CFrame.new(-2.8870999813079834e-08, 2.980232238769531e-07, 3.894820110872388e-08, 0.990401566028595, 0.07007203251123428, -0.11901353299617767, -0.13157205283641815, 0.741913378238678, -0.6574980616569519, 0.04235158488154411, 0.6668242812156677, 0.7439974546432495),
            ["LeftLowerArm"] = CFrame.new(5.960464477539062e-07, 1.1920928955078125e-07, 1.7881393432617188e-07, 1, -1.0430814256778831e-07, 5.960462345910855e-08, 1.043081283569336e-07, 0.320066899061203, -0.9473949670791626, 5.960464477539063e-08, 0.9473949670791626, 0.3200666904449463),
            ["RightUpperArm"] = CFrame.new(0, 2.384185791015625e-07, -5.960464477539063e-08, 0.1158844530582428, -0.11628560721874237, 0.9864323139190674, 0.9766809344291687, -0.1673692762851715, -0.13446901738643646, 0.18073523044586182, 0.9790124297142029, 0.09417831152677536),
            ["Head"] = CFrame.new(-1.30385160446167e-08, 0, -1.4901161193847656e-08, 0.9819340705871582, 0.019988270476460457, 0.18816471099853516, -0.0006866695475764573, 0.9947749972343445, -0.1020897701382637, -0.18922214210033417, 0.10011636465787888, 0.9768171906471252),
            ["RightHand"] = CFrame.new(-3.3527612686157227e-07, -1.1920928955078125e-07, 4.470348358154297e-08, 0.8575046062469482, -0.4670972526073456, -0.2156524360179901, 0.4800106883049011, 0.8772201538085938, 0.008643751963973045, 0.18513701856136322, -0.11092773824930191, 0.9764320254325867),
            ["UpperTorso"] = CFrame.new(8.614733815193176e-09, -2.086162567138672e-07, -2.0954757928848267e-08, 0.9989643096923828, 0.0026790949050337076, 0.04542342573404312, -0.012930057942867279, 0.9738256931304932, 0.22692841291427612, -0.04362646862864494, -0.22728072106838226, 0.9728516340255737),
            ["HumanoidRootPart"] = CFrame.new(0, 0, 0, 1, 0, 0, 0, 1, 0, 0, 0, 1),
            ["RightUpperLeg"] = CFrame.new(-5.960464477539063e-08, -1.3597309589385986e-07, -1.1717929737642407e-07, 0.7819902896881104, -0.06450465321540833, -0.6199440956115723, 0.168767511844635, 0.979388415813446, 0.11097672581672668, 0.6000072956085205, -0.19140926003456116, 0.7767584323883057),
            ["LeftUpperArm"] = CFrame.new(0, 2.384185791015625e-07, 2.9802322387695312e-08, 0.6225002408027649, 0.6844485402107239, -0.3795049786567688, -0.7825583219528198, 0.5504432320594788, -0.2908860743045807, 0.009799472987651825, 0.4780611991882324, 0.8782716989517212),
            ["RightLowerArm"] = CFrame.new(-6.258487701416016e-07, 5.960464477539063e-08, 4.470348358154297e-08, 1, -6.146729703004894e-08, 1.1175869119028903e-08, 6.705523247774181e-08, 0.45945900678634644, -0.888198971748352, 3.725290653733282e-08, 0.888198971748352, 0.45945894718170166),
            ["LeftHand"] = CFrame.new(1.4901161193847656e-07, 1.7881393432617188e-07, -1.1920928955078125e-07, 0.7405799031257629, 0.2356482595205307, -0.6292943954467773, 0.029264673590660095, 0.9242950081825256, 0.38055548071861267, 0.6713307499885559, -0.30024781823158264, 0.6776180863380432),
            ["LeftFoot"] = CFrame.new(2.421438694000244e-08, 1.1920928955078125e-07, 2.514570951461792e-08, 0.8242927193641663, 0.07551363855600357, -0.5611051917076111, -0.04252671077847481, 0.9965236783027649, 0.07163781672716141, 0.5645645260810852, -0.03518806770443916, 0.8246387243270874),
            ["LowerTorso"] = CFrame.new(0.21008442342281342, -0.20556354522705078, -0.009736605919897556, 0.6395715475082397, 0.12454894185066223, 0.7585747838020325, -0.05331849306821823, 0.9915984869003296, -0.11785489320755005, -0.7668802738189697, 0.03493081033229828, 0.6408389210700989),
            ["RightLowerLeg"] = CFrame.new(-5.21540641784668e-08, -0.000060558319091796875, -0.00007209012255771086, 1, -8.568168397005138e-08, -3.725291186640334e-09, 8.475037560629062e-08, 0.7830584049224854, 0.6219475865364075, -9.546059054343914e-09, -0.6219482421875, 0.7830589413642883),
            ["LeftUpperLeg"] = CFrame.new(8.940696716308594e-08, -1.3597309589385986e-07, -3.725290298461914e-09, 0.9633346199989319, 0.051084719598293304, 0.26339471340179443, 0.09602468460798264, 0.8510348200798035, -0.5162547826766968, -0.25053080916404724, 0.5226185321807861, 0.8149259090423584),
            ["LeftLowerLeg"] = CFrame.new(7.450580596923828e-09, 0.000060558319091796875, 0.00007196515798568726, 1, 3.5390257835388184e-08, -3.702007944639263e-08, -1.3038514623531228e-07, 0.8065944314002991, 0.5911052227020264, -5.5879347371501353e-08, -0.5911052823066711, 0.8065945506095886),
        }},
        {Time = 0.067, Data = {
            ["RightFoot"] = CFrame.new(5.8673322200775146e-08, 4.172325134277344e-07, 1.6952981241047382e-09, 0.989068329334259, 0.07141061127185822, -0.12888433039188385, -0.139388307929039, 0.7381032705307007, -0.6601712703704834, 0.04811190813779831, 0.6708980798721313, 0.7399746775627136),
            ["LeftLowerArm"] = CFrame.new(-5.662441253662109e-07, 4.76837158203125e-07, -5.960464477539063e-08, 1, -4.4703497792397684e-08, 2.9802322387695312e-08, 1.3411047916633834e-07, 0.2061152160167694, -0.978527843952179, 0, 0.9785277843475342, 0.20611511170864105),
            ["RightUpperArm"] = CFrame.new(0, 0, 0, 0.18314799666404724, -0.07775626331567764, 0.9800055027008057, 0.9539870619773865, -0.22668564319610596, -0.19627121090888977, 0.23741446435451508, 0.9708592891693115, 0.03266153112053871),
            ["Head"] = CFrame.new(-3.725290298461914e-09, -1.1920928955078125e-07, 1.4901161193847656e-08, 0.984509289264679, 0.028417598456144333, 0.17301471531391144, -0.009232575073838234, 0.9938111901283264, -0.11069770902395248, -0.17508967220783234, 0.10738566517829895, 0.9786787629127502),
            ["RightHand"] = CFrame.new(4.470348358154297e-07, 0, 3.725290298461914e-08, 0.9291356205940247, -0.3466871678829193, 0.12851113080978394, 0.3233134150505066, 0.930436372756958, 0.17250190675258636, -0.179375559091568, -0.11872825771570206, 0.9765900373458862),
            ["UpperTorso"] = CFrame.new(3.725290298461914e-09, -1.1920928955078125e-07, -2.2817403078079224e-08, 0.99838787317276, -0.00995686650276184, 0.05587935447692871, -0.002916574478149414, 0.97419273853302, 0.22569923102855682, -0.056684575974941254, -0.22549830377101898, 0.9725931882858276),
            ["HumanoidRootPart"] = CFrame.new(0, 0, 0, 1, 0, 0, 0, 1, 0, 0, 0, 1),
            ["RightUpperLeg"] = CFrame.new(-5.960464477539063e-08, -1.7508864402770996e-07, -8.365168469026685e-08, 0.7818148732185364, -0.066992849111557, -0.6199014186859131, 0.17585012316703796, 0.9775422215461731, 0.11613745987415314, 0.5981993079185486, -0.1998077780008316, 0.7760375738143921),
            ["LeftUpperArm"] = CFrame.new(0, -3.5762786865234375e-07, -2.9802322387695312e-08, 0.6875877976417542, 0.6552413702011108, -0.31286105513572693, -0.7251076102256775, 0.5971021056175232, -0.3430570363998413, -0.03797503933310509, 0.4627395272254944, 0.8856803774833679),
            ["RightLowerArm"] = CFrame.new(1.7881393432617188e-07, 2.384185791015625e-07, -3.129243850708008e-07, 1, -3.72529100900465e-08, 5.029141192380848e-08, 7.450580596923828e-08, 0.4857916235923767, -0.8740747570991516, 5.21540641784668e-08, 0.8740746974945068, 0.4857914447784424),
            ["LeftHand"] = CFrame.new(-8.940696716308594e-08, 5.960464477539063e-08, 8.940696716308594e-08, 0.7478554844856262, 0.1825905293226242, -0.6382578611373901, 0.11669109016656876, 0.9103066921234131, 0.3971460163593292, 0.6535254120826721, -0.37148672342300415, 0.6594709753990173),
            ["LeftFoot"] = CFrame.new(2.9802322387695312e-08, 5.960464477539063e-08, 1.1175870895385742e-08, 0.8249486088752747, 0.07154577225446701, -0.5606608390808105, -0.043473150581121445, 0.9970493912696838, 0.06326686590909958, 0.563533365726471, -0.0278181042522192, 0.8256250023841858),
            ["LowerTorso"] = CFrame.new(0.20052027702331543, -0.20674848556518555, -0.02067692019045353, 0.6324169039726257, 0.12857553362846375, 0.7638829946517944, -0.06095751002430916, 0.9913309216499329, -0.11639287322759628, -0.772226095199585, 0.02704465575516224, 0.6347720623016357),
            ["RightLowerLeg"] = CFrame.new(7.450580596923828e-08, -0.000060617923736572266, -0.00007199326500995085, 1, -3.725291630729544e-09, -8.568170528633345e-08, 1.2572857599479903e-07, 0.7835270762443542, 0.6213570237159729, -5.890616705528373e-08, -0.6213577389717102, 0.7835276126861572),
            ["LeftUpperLeg"] = CFrame.new(0, -2.775341272354126e-07, 2.9802322387695312e-08, 0.96513432264328, 0.04104046896100044, 0.258517861366272, 0.10104379057884216, 0.852665364742279, -0.5125935673713684, -0.24146637320518494, 0.5208432078361511, 0.8187896013259888),
            ["LeftLowerLeg"] = CFrame.new(-7.450580596923828e-09, 0.000060677528381347656, 0.00007225200533866882, 1, 5.7611032389104366e-08, 1.0710210496256423e-08, -1.0803341865539551e-07, 0.8044697046279907, 0.593993604183197, -7.450580596923828e-09, -0.5939936637878418, 0.8044697642326355),
        }},
        {Time = 0.100, Data = {
            ["RightFoot"] = CFrame.new(1.778826117515564e-07, 4.76837158203125e-07, -2.0656443666666746e-08, 0.987582266330719, 0.07192563265562057, -0.13954225182533264, -0.14693161845207214, 0.7374409437179565, -0.6592757105827332, 0.05560966208577156, 0.6715709567070007, 0.7388392686843872),
            ["LeftLowerArm"] = CFrame.new(-2.980232238769531e-07, 3.5762786865234375e-07, 5.960464477539063e-08, 1, -1.192093463942001e-07, 4.4703469370688254e-08, 1.4901162614933128e-07, 0.10184363275766373, -0.9948003888130188, 4.4703490686970326e-08, 0.9948004484176636, 0.10184367746114731),
            ["RightUpperArm"] = CFrame.new(-5.960464477539063e-08, -5.960464477539062e-07, 2.9802322387695312e-08, 0.22536052763462067, -0.04232684522867203, 0.9733556509017944, 0.930469274520874, -0.28685590624809265, -0.22790494561195374, 0.2888592779636383, 0.9570382237434387, -0.025262214243412018),
            ["Head"] = CFrame.new(1.862645149230957e-08, -5.960464477539062e-07, -2.2351741790771484e-08, 0.986074686050415, 0.03780112788081169, 0.16195030510425568, -0.018790557980537415, 0.9929131269454956, -0.1173475831747055, -0.16523830592632294, 0.11267049610614777, 0.9797967672348022),
            ["RightHand"] = CFrame.new(-7.450580596923828e-09, 2.384185791015625e-07, 3.725290298461914e-08, 0.8383069038391113, -0.29503652453422546, 0.45847055315971375, 0.18520359694957733, 0.9450228214263916, 0.2695026695728302, -0.5127779245376587, -0.14101570844650269, 0.8468608260154724),
            ["UpperTorso"] = CFrame.new(-2.0489096641540527e-08, 8.940696716308594e-08, 8.381903171539307e-09, 0.9976370334625244, -0.023342061787843704, 0.06461887061595917, 0.008427953347563744, 0.9749925136566162, 0.2220780998468399, -0.06818660348653793, -0.22100874781608582, 0.972885251045227),
            ["HumanoidRootPart"] = CFrame.new(0, 0, 0, 1, 0, 0, 0, 1, 0, 0, 0, 1),
            ["RightUpperLeg"] = CFrame.new(0, -1.1641532182693481e-07, 2.0656443666666746e-08, 0.7843392491340637, -0.07039859145879745, -0.6163246035575867, 0.17893801629543304, 0.9769834280014038, 0.11612352728843689, 0.5939638614654541, -0.2013641744852066, 0.7788833379745483),
            ["LeftUpperArm"] = CFrame.new(0, -4.76837158203125e-07, -2.9802322387695312e-08, 0.7609571218490601, 0.6109260320663452, -0.21843551099300385, -0.6357858777046204, 0.6350571513175964, -0.43872392177581787, -0.12930861115455627, 0.4727281332015991, 0.8716692328453064),
            ["RightLowerArm"] = CFrame.new(1.7881393432617188e-07, 1.1920928955078125e-07, -1.341104507446289e-07, 1, -1.3038518886787642e-07, 4.8428763221863846e-08, 6.705523247774181e-08, 0.517474353313446, -0.855698823928833, -3.725290653733282e-08, 0.8556987643241882, 0.5174741744995117),
            ["LeftHand"] = CFrame.new(2.9802322387695312e-08, 1.1920928955078125e-07, -5.960464477539063e-08, 0.752590000629425, 0.034621451050043106, -0.6575787663459778, 0.28128358721733093, 0.8860207200050354, 0.36857426166534424, 0.5953888893127441, -0.46235141158103943, 0.6570716500282288),
            ["LeftFoot"] = CFrame.new(5.21540641784668e-08, -1.7881393432617188e-07, -2.0489096641540527e-08, 0.8251233696937561, 0.06936882436275482, -0.5606778264045715, -0.045336224138736725, 0.9973627328872681, 0.05667692795395851, 0.5631307363510132, -0.021346280351281166, 0.8260920643806458),
            ["LowerTorso"] = CFrame.new(0.19081784784793854, -0.20675015449523926, -0.028897123411297798, 0.6277071833610535, 0.1289108246564865, 0.7677015066146851, -0.06741469353437424, 0.9914900660514832, -0.11136788874864578, -0.7755249738693237, 0.018152300268411636, 0.6310558915138245),
            ["RightLowerLeg"] = CFrame.new(-7.82310962677002e-08, -0.00006026029586791992, -0.00007207522139651701, 1, -1.3783575525394554e-07, 1.4901162970204496e-08, 1.2759117851146584e-07, 0.78266441822052, 0.6224433779716492, -8.00937343115038e-08, -0.6224440336227417, 0.7826648354530334),
            ["LeftUpperLeg"] = CFrame.new(-5.960464477539063e-08, -3.725290298461914e-08, 7.450580596923828e-09, 0.965933620929718, 0.0324474535882473, 0.25674816966056824, 0.10706128180027008, 0.8531264066696167, -0.5106008052825928, -0.23560622334480286, 0.5206942558288574, 0.820589542388916),
            ["LeftLowerLeg"] = CFrame.new(3.725290298461914e-08, 0.000060439109802246094, 0.00007212907075881958, 1, -6.2864282668329e-09, -2.0721929061551236e-08, -6.705522537231445e-08, 0.8038950562477112, 0.5947713851928711, 1.2665987014770508e-07, -0.5947712659835815, 0.8038948774337769),
        }},
        {Time = 0.133, Data = {
            ["RightFoot"] = CFrame.new(-3.5390257835388184e-08, 2.980232238769531e-07, -3.55576048605144e-08, 0.9856410026550293, 0.07299072295427322, -0.1521342694759369, -0.15605635941028595, 0.7380315661430359, -0.6565138101577759, 0.06448434293270111, 0.670806884765625, 0.7388131618499756),
            ["LeftLowerArm"] = CFrame.new(1.7881393432617188e-07, -1.1920928955078125e-07, 0, 1, 0, 1.6391271628890536e-07, 7.450581307466564e-08, 0.03404507040977478, -0.9994202852249146, 7.450581307466564e-08, 0.9994203448295593, 0.034044940024614334),
            ["RightUpperArm"] = CFrame.new(-5.960464477539063e-08, 1.1920928955078125e-07, -2.9802322387695312e-08, 0.23962198197841644, -0.02498825639486313, 0.9705447554588318, 0.912475049495697, -0.3356599807739258, -0.23392683267593384, 0.3316182792186737, 0.9416518211364746, -0.05763038247823715),
            ["Head"] = CFrame.new(0, 0, -1.4901161193847656e-08, 0.9868642687797546, 0.0423927940428257, 0.1558901071548462, -0.02350381389260292, 0.9923652410507202, -0.12107375264167786, -0.15983249247074127, 0.11581946909427643, 0.9803261756896973),
            ["RightHand"] = CFrame.new(3.2782554626464844e-07, 5.960464477539063e-08, -1.1920928955078125e-07, 0.7674892544746399, -0.263765811920166, 0.5842840075492859, 0.1256653368473053, 0.955650806427002, 0.2663451135158539, -0.6286243200302124, -0.13099293410778046, 0.7665980458259583),
            ["UpperTorso"] = CFrame.new(0, -8.940696716308594e-08, 9.313225746154785e-09, 0.9969033598899841, -0.03295883536338806, 0.07139724493026733, 0.01673973724246025, 0.9760624766349792, 0.21684512495994568, -0.07683508843183517, -0.2149784415960312, 0.973591685295105),
            ["HumanoidRootPart"] = CFrame.new(0, 0, 0, 1, 0, 0, 0, 1, 0, 0, 0, 1),
            ["RightUpperLeg"] = CFrame.new(-2.9802322387695312e-08, -1.1594966053962708e-07, 8.026108844205737e-08, 0.7898537516593933, -0.07453830540180206, -0.6087490916252136, 0.1803310066461563, 0.9769354462623596, 0.11435903608798981, 0.5861842036247253, -0.20010319352149963, 0.7850775122642517),
            ["LeftUpperArm"] = CFrame.new(5.960464477539063e-08, -2.384185791015625e-07, -5.960464477539063e-08, 0.7981917262077332, 0.5813391208648682, -0.1579090654850006, -0.5691603422164917, 0.6418981552124023, -0.5138319730758667, -0.19734890758991241, 0.5000116229057312, 0.8432327508926392),
            ["RightLowerArm"] = CFrame.new(1.7881393432617188e-07, -1.1920928955078125e-07, -2.2351741790771484e-07, 1, -8.940694584680386e-08, 2.60770320892334e-08, 9.313224325069314e-08, 0.5221602320671082, -0.8528474569320679, 2.9802318834981634e-08, 0.8528473973274231, 0.5221601128578186),
            ["LeftHand"] = CFrame.new(-1.1920928955078125e-07, -1.1920928955078125e-07, -1.043081283569336e-07, 0.8049366474151611, -0.03806625306606293, -0.5921385288238525, 0.2815897762775421, 0.9029123783111572, 0.32474082708358765, 0.5222874879837036, -0.42813563346862793, 0.7375061511993408),
            ["LeftFoot"] = CFrame.new(2.0489096641540527e-08, 5.960464477539063e-08, -7.916241884231567e-09, 0.8264889717102051, 0.06820399314165115, -0.5588060021400452, -0.0499272421002388, 0.9976028203964233, 0.047916244715452194, 0.5607345700263977, -0.011702337302267551, 0.8279131054878235),
            ["LowerTorso"] = CFrame.new(0.17898797988891602, -0.20671367645263672, -0.03539660573005676, 0.6250332593917847, 0.12774600088596344, 0.7700743079185486, -0.07203564792871475, 0.991748034954071, -0.10605127364397049, -0.7772672176361084, 0.010813022032380104, 0.6290777325630188),
            ["RightLowerLeg"] = CFrame.new(5.587935447692871e-08, -0.00006031990051269531, -0.00007205286965472624, 1, -1.3783576946480025e-07, -7.82310962677002e-08, 4.4703494239684005e-08, 0.7793533802032471, 0.6265839338302612, 8.894132719206027e-08, -0.6265847682952881, 0.7793539762496948),
            ["LeftUpperLeg"] = CFrame.new(2.9802322387695312e-08, -2.400483936071396e-07, -3.725290298461914e-08, 0.9667380452156067, 0.02516292966902256, 0.2545279562473297, 0.11225391179323196, 0.8524402976036072, -0.5106316208839417, -0.2298187017440796, 0.5222187638282776, 0.8212618231773376),
            ["LeftLowerLeg"] = CFrame.new(1.4901161193847656e-08, 0.000060558319091796875, 0.00007208995521068573, 1, 1.2340028376911505e-07, 2.9220249331274317e-08, -1.3783574104309082e-07, 0.8004879951477051, 0.5993488430976868, 1.0803341865539551e-07, -0.5993489623069763, 0.8004880547523499),
        }},
        {Time = 0.167, Data = {
            ["RightFoot"] = CFrame.new(-2.7939677238464355e-08, 1.7881393432617188e-07, -2.0656443666666746e-08, 0.9834787845611572, 0.0748334676027298, -0.16470134258270264, -0.1655201017856598, 0.7403349876403809, -0.6515851020812988, 0.07329787313938141, 0.6680598855018616, 0.7404797673225403),
            ["LeftLowerArm"] = CFrame.new(-3.8743019104003906e-07, -1.1920928955078125e-07, -1.7881393432617188e-07, 1, -2.980233659855003e-08, 4.4703462265260896e-08, 7.450581307466564e-08, 0.004915731493383646, -0.9999879002571106, 8.940698137394065e-08, 0.9999880194664001, 0.004915652330964804),
            ["RightUpperArm"] = CFrame.new(-1.1920928955078125e-07, -1.1920928955078125e-07, 0, 0.23554116487503052, -0.015347332693636417, 0.9717432856559753, 0.8988645672798157, -0.37675538659095764, -0.22382619976997375, 0.36954447627067566, 0.926185667514801, -0.07494620978832245),
            ["Head"] = CFrame.new(0, 0, -1.4901161193847656e-08, 0.9868204593658447, 0.045706454664468765, 0.15523028373718262, -0.026908671483397484, 0.9922746419906616, -0.12110711634159088, -0.15956638753414154, 0.11533404886722565, 0.9804267883300781),
            ["RightHand"] = CFrame.new(6.109476089477539e-07, 0, 5.960464477539063e-08, 0.7495181560516357, -0.19722974300384521, 0.6319201588630676, 0.07902955263853073, 0.9744178652763367, 0.21039073169231415, -0.6572495102882385, -0.10775119066238403, 0.7459307909011841),
            ["UpperTorso"] = CFrame.new(1.1874362826347351e-08, -8.940696716308594e-08, -5.587935447692871e-09, 0.9964107275009155, -0.04051528126001358, 0.07432456314563751, 0.02402872033417225, 0.9772780537605286, 0.2105950117111206, -0.08116791397333145, -0.20805317163467407, 0.9747439026832581),
            ["HumanoidRootPart"] = CFrame.new(0, 0, 0, 1, 0, 0, 0, 1, 0, 0, 0, 1),
            ["RightUpperLeg"] = CFrame.new(1.1920928955078125e-07, -1.6996636986732483e-08, -2.4047039914876223e-08, 0.7966783046722412, -0.0776401087641716, -0.5993964076042175, 0.1814829707145691, 0.9766814112663269, 0.1147051751613617, 0.5765132904052734, -0.20016342401504517, 0.7921910285949707),
            ["LeftUpperArm"] = CFrame.new(5.960464477539063e-08, 1.1920928955078125e-07, 0, 0.8183799386024475, 0.561181366443634, -0.1238153725862503, -0.5219619274139404, 0.6357098817825317, -0.568708062171936, -0.24043753743171692, 0.5300456881523132, 0.8131672739982605),
            ["RightLowerArm"] = CFrame.new(-2.384185791015625e-07, 2.384185791015625e-07, 2.384185791015625e-07, 1, -1.0989610643719061e-07, 2.2351741790771484e-08, 4.0978196835794733e-08, 0.5116586089134216, -0.8591890931129456, 3.725290653733282e-08, 0.8591888546943665, 0.5116583108901978),
            ["LeftHand"] = CFrame.new(-8.940696716308594e-08, -2.384185791015625e-07, -2.8312206268310547e-07, 0.8672397136688232, 0.04319434240460396, -0.49601393938064575, 0.11447025090456009, 0.9522446990013123, 0.2830665707588196, 0.4845532774925232, -0.3022651970386505, 0.8208798170089722),
            ["LeftFoot"] = CFrame.new(0, 0, 6.752088665962219e-09, 0.8295692801475525, 0.06682293117046356, -0.5543909072875977, -0.055770546197891235, 0.9977647662162781, 0.036811016499996185, 0.5556119084358215, 0.00038149175816215575, 0.8314419388771057),
            ["LowerTorso"] = CFrame.new(0.1660417914390564, -0.2065448760986328, -0.04097134992480278, 0.623896062374115, 0.12669357657432556, 0.7711695432662964, -0.07465412467718124, 0.9919211864471436, -0.10256344825029373, -0.7779334783554077, 0.006418186705559492, 0.6283138394355774),
            ["RightLowerLeg"] = CFrame.new(-6.705522537231445e-08, -0.0000603795051574707, -0.00007208267197711393, 1, -1.4901162614933128e-07, 1.862645504502325e-08, 9.126962652317161e-08, 0.7760744094848633, 0.6306409239768982, -4.6566133171666024e-09, -0.6306414008140564, 0.7760748863220215),
            ["LeftUpperLeg"] = CFrame.new(-5.960464477539063e-08, -7.264316082000732e-08, 7.450580596923828e-09, 0.9680690169334412, 0.01925613544881344, 0.2499435693025589, 0.1150251105427742, 0.8517709374427795, -0.511131763458252, -0.22273693978786469, 0.5235604047775269, 0.8223578929901123),
            ["LeftLowerLeg"] = CFrame.new(-5.960464477539063e-08, 0.00006073713302612305, 0.0000721607357263565, 1, 7.450581485102248e-09, 7.58154783397913e-08, -8.940693874137651e-08, 0.7946368455886841, 0.6070851683616638, -4.097817907222634e-08, -0.6070851683616638, 0.7946368455886841),
        }},
        {Time = 0.200, Data = {
            ["RightFoot"] = CFrame.new(3.166496753692627e-08, 2.980232238769531e-07, -2.0656443666666746e-08, 0.9821957349777222, 0.08030927181243896, -0.16969862580299377, -0.1722024530172348, 0.7461179494857788, -0.6432042717933655, 0.07508458942174911, 0.660952627658844, 0.7466528415679932),
            ["LeftLowerArm"] = CFrame.new(-2.980232238769531e-07, 4.172325134277344e-07, -1.7881393432617188e-07, 1, -2.980233659855003e-08, 1.0430809993522416e-07, 1.0430814256778831e-07, -0.008166272193193436, -0.9999667406082153, 1.4901162614933128e-07, 0.9999667406082153, -0.008166281506419182),
            ["RightUpperArm"] = CFrame.new(-5.960464477539063e-08, 1.1920928955078125e-07, 0, 0.2267271876335144, -0.020410269498825073, 0.9737444519996643, 0.8835238218307495, -0.4164106547832489, -0.21444819867610931, 0.4098544120788574, 0.9089475274085999, -0.07637866586446762),
            ["Head"] = CFrame.new(-1.862645149230957e-08, -1.1920928955078125e-07, 7.450580596923828e-09, 0.9862103462219238, 0.05085189640522003, 0.157491073012352, -0.03155107796192169, 0.9919405579566956, -0.1227131113409996, -0.16246189177036285, 0.1160520613193512, 0.9798663258552551),
            ["RightHand"] = CFrame.new(3.7997961044311523e-07, -1.7881393432617188e-07, -6.705522537231445e-08, 0.7919018864631653, -0.13219580054283142, 0.5961676239967346, 0.03842904791235924, 0.9851396083831787, 0.1674015372991562, -0.609437882900238, -0.10965558141469955, 0.7852138876914978),
            ["UpperTorso"] = CFrame.new(-2.1420419216156006e-08, 1.1920928955078125e-07, -5.587935447692871e-09, 0.996303379535675, -0.04391920566558838, 0.07382964342832565, 0.02787836827337742, 0.9782164096832275, 0.20570747554302216, -0.08125584572553635, -0.20288874208927155, 0.9758246541023254),
            ["HumanoidRootPart"] = CFrame.new(0, 0, 0, 1, 0, 0, 0, 1, 0, 0, 0, 1),
            ["RightUpperLeg"] = CFrame.new(-5.960464477539063e-08, 2.6240013539791107e-07, 8.026108844205737e-08, 0.7996068596839905, -0.08047809451818466, -0.595106840133667, 0.18525882065296173, 0.9757031202316284, 0.1169729009270668, 0.5712337493896484, -0.2037811577320099, 0.7950881719589233),
            ["LeftUpperArm"] = CFrame.new(0, 1.1920928955078125e-07, 2.9802322387695312e-08, 0.8256431221961975, 0.5535132884979248, -0.10925523936748505, -0.5032145380973816, 0.6349010467529297, -0.5862389206886292, -0.2551245391368866, 0.5390026569366455, 0.8027373552322388),
            ["RightLowerArm"] = CFrame.new(4.76837158203125e-07, -3.5762786865234375e-07, -5.960464477539063e-08, 1, -3.539026138810186e-08, 4.8428763221863846e-08, 4.284083843231201e-08, 0.4728829562664032, -0.8811254501342773, -1.1175870895385742e-08, 0.8811253309249878, 0.4728826582431793),
            ["LeftHand"] = CFrame.new(-2.9802322387695312e-08, 0, 1.341104507446289e-07, 0.8562994003295898, 0.2958323061466217, -0.4233611226081848, -0.175332173705101, 0.9375314712524414, 0.30048900842666626, 0.4858086109161377, -0.1830797791481018, 0.854676365852356),
            ["LeftFoot"] = CFrame.new(-1.1175870895385742e-08, -5.960464477539063e-08, 1.3620592653751373e-08, 0.834334671497345, 0.06609507650136948, -0.5472815632820129, -0.06175391748547554, 0.9977434277534485, 0.0263526551425457, 0.5477883219718933, 0.01181002426892519, 0.8365336656570435),
            ["LowerTorso"] = CFrame.new(0.15259157121181488, -0.20516085624694824, -0.04453279450535774, 0.6237100958824158, 0.1253795623779297, 0.7715346217155457, -0.0747363492846489, 0.9920951724052429, -0.10080533474683762, -0.7780747413635254, 0.0052118683233857155, 0.6281501054763794),
            ["RightLowerLeg"] = CFrame.new(1.043081283569336e-07, -0.000060439109802246094, -0.00007207522139651701, 1, -1.303851746570217e-07, -2.2351747119842003e-08, 1.0244548320770264e-07, 0.7755213975906372, 0.6313207745552063, -4.190951585769653e-09, -0.6313212513923645, 0.7755218148231506),
            ["LeftUpperLeg"] = CFrame.new(2.9802322387695312e-08, 2.3434404283761978e-07, -4.470348358154297e-08, 0.9700403809547424, 0.013569885864853859, 0.24256503582000732, 0.11577758938074112, 0.8519482016563416, -0.5106663703918457, -0.21358241140842438, 0.5234502553939819, 0.8248528242111206),
            ["LeftLowerLeg"] = CFrame.new(2.2351741790771484e-08, 0.000060617923736572266, 0.00007215328514575958, 1, 9.313225746154785e-08, 2.051820047199726e-08, -7.450581485102248e-09, 0.7892999053001404, 0.6140077114105225, -4.842878098543224e-08, -0.614007830619812, 0.7893000841140747),
        }},
        {Time = 0.233, Data = {
            ["RightFoot"] = CFrame.new(-5.587935447692871e-08, 2.980232238769531e-07, -1.3205863069742918e-08, 0.9820361137390137, 0.08876791596412659, -0.16637922823429108, -0.17562316358089447, 0.7525998950004578, -0.6346724629402161, 0.06900478899478912, 0.6524674296379089, 0.754658043384552),
            ["LeftLowerArm"] = CFrame.new(5.960464477539063e-08, 3.5762786865234375e-07, -1.1920928955078125e-07, 1, -4.470350489782504e-08, 1.0430811414607888e-07, 2.980232594040899e-08, -0.00819024071097374, -0.9999665021896362, 1.0430814256778831e-07, 0.9999665021896362, -0.008190168999135494),
            ["RightUpperArm"] = CFrame.new(0, 2.384185791015625e-07, 2.9802322387695312e-08, 0.24848517775535583, -0.022634265944361687, 0.9683713316917419, 0.8682294487953186, -0.43803685903549194, -0.23302699625492096, 0.42945659160614014, 0.8986721038818359, -0.08919394016265869),
            ["Head"] = CFrame.new(-7.450580596923828e-09, 3.5762786865234375e-07, 3.725290298461914e-08, 0.9842786192893982, 0.048528820276260376, 0.16982537508010864, -0.027450155466794968, 0.9918605089187622, -0.1243358701467514, -0.17447692155838013, 0.11771953105926514, 0.9775990843772888),
            ["RightHand"] = CFrame.new(-2.644956111907959e-07, 5.960464477539063e-08, 3.725290298461914e-08, 0.8472703099250793, -0.05233824998140335, 0.5285772085189819, -0.018162637948989868, 0.9916968941688538, 0.12730826437473297, -0.5308513641357422, -0.11746508628129959, 0.8392847776412964),
            ["UpperTorso"] = CFrame.new(-1.1175870895385742e-08, -2.9802322387695312e-08, -1.6763806343078613e-08, 0.9964418411254883, -0.04277448356151581, 0.07262394577264786, 0.027268774807453156, 0.9789175391197205, 0.2024276703596115, -0.07975153625011444, -0.19972704350948334, 0.9766006469726562),
            ["HumanoidRootPart"] = CFrame.new(0, 0, 0, 1, 0, 0, 0, 1, 0, 0, 0, 1),
            ["RightUpperLeg"] = CFrame.new(0, 1.280568540096283e-07, -1.2835516827180982e-07, 0.8027274012565613, -0.08923425525426865, -0.5896320343017578, 0.19203628599643707, 0.9747533798217773, 0.11392083019018173, 0.5645801424980164, -0.2046782523393631, 0.7995975613594055),
            ["LeftUpperArm"] = CFrame.new(0, 1.1920928955078125e-07, 2.9802322387695312e-08, 0.8255003690719604, 0.5558257699012756, -0.0980171412229538, -0.49166539311408997, 0.6229082942008972, -0.6084822416305542, -0.27715426683425903, 0.5504935383796692, 0.7874910235404968),
            ["RightLowerArm"] = CFrame.new(-5.066394805908203e-07, -2.384185791015625e-07, -2.2351741790771484e-07, 1, 2.60770320892334e-08, -1.1175872671742582e-08, 6.33299421792799e-08, 0.4210491180419922, -0.9070379734039307, 6.519258732851085e-08, 0.9070378541946411, 0.421049028635025),
            ["LeftHand"] = CFrame.new(3.5762786865234375e-07, -1.1920928955078125e-07, -2.980232238769531e-07, 0.6406787633895874, 0.5276464223861694, -0.5577815175056458, -0.44462308287620544, 0.8472182750701904, 0.29074326157569885, 0.6259720921516418, 0.06172940135002136, 0.777398407459259),
            ["LeftFoot"] = CFrame.new(1.1175870895385742e-08, 1.7881393432617188e-07, -3.259629011154175e-09, 0.8429163098335266, 0.06422343850135803, -0.534197986125946, -0.06831036508083344, 0.997590184211731, 0.012146358378231525, 0.5336908102035522, 0.026253029704093933, 0.8452721238136292),
            ["LowerTorso"] = CFrame.new(0.13850338757038116, -0.20316672325134277, -0.0459483377635479, 0.6305534839630127, 0.12432950735092163, 0.7661229968070984, -0.07400424778461456, 0.9922202229499817, -0.1001129075884819, -0.7726096510887146, 0.006430429872125387, 0.6348488330841064),
            ["RightLowerLeg"] = CFrame.new(8.195638656616211e-08, -0.00006014108657836914, -0.00007203796849353239, 1, -1.6018753967728117e-07, 4.097821459936313e-08, 1.229346224818073e-07, 0.7712636590003967, 0.636515200138092, -5.96046660916727e-08, -0.6365158557891846, 0.7712641358375549),
            ["LeftUpperLeg"] = CFrame.new(2.9802322387695312e-08, 8.009374141693115e-08, 5.21540641784668e-08, 0.9718543887138367, 0.010449918918311596, 0.2353506088256836, 0.11410754173994064, 0.8531250357627869, -0.5090749263763428, -0.20610330998897552, 0.5216018557548523, 0.8279208540916443),
            ["LeftLowerLeg"] = CFrame.new(-1.1175870895385742e-08, 0.00006079673767089844, 0.00007213465869426727, 1, 1.4901166878189542e-07, 3.119930980233221e-08, -7.450581307466564e-08, 0.7823160290718079, 0.6228818297386169, -2.6077035641947077e-08, -0.6228818297386169, 0.7823160290718079),
        }},
        {Time = 0.267, Data = {
            ["RightFoot"] = CFrame.new(-5.21540641784668e-08, 2.980232238769531e-07, -5.045876605436206e-08, 0.9822403192520142, 0.09668044745922089, -0.16066938638687134, -0.17735041677951813, 0.758060872554779, -0.627656102180481, 0.061243269592523575, 0.6449779868125916, 0.7617303729057312),
            ["LeftLowerArm"] = CFrame.new(-1.4901161193847656e-07, 0, 1.1920928955078125e-07, 1, -8.940699558479537e-08, 1.4901154088420299e-07, -2.980232594040899e-08, 0.004023493733257055, -0.9999919533729553, 7.450581307466564e-08, 0.9999918937683105, 0.00402357243001461),
            ["RightUpperArm"] = CFrame.new(0, -1.1920928955078125e-07, 0, 0.26546511054039, -0.01981096714735031, 0.9639169573783875, 0.8543100357055664, -0.45855721831321716, -0.2447035312652588, 0.446858674287796, 0.8884440660476685, -0.10480621457099915),
            ["Head"] = CFrame.new(-1.862645149230957e-08, 2.384185791015625e-07, 0, 0.9814520478248596, 0.04886297509074211, 0.18537646532058716, -0.026054147630929947, 0.9919977188110352, -0.12353897094726562, -0.18992941081523895, 0.11641792953014374, 0.9748710989952087),
            ["RightHand"] = CFrame.new(2.7939677238464355e-07, 0, 1.341104507446289e-07, 0.9002569317817688, 0.034543897956609726, 0.43398672342300415, -0.08203396946191788, 0.9924502372741699, 0.09117532521486282, -0.427560418844223, -0.11768316477537155, 0.8962938785552979),
            ["UpperTorso"] = CFrame.new(2.0489096641540527e-08, -5.960464477539063e-08, -1.30385160446167e-08, 0.9963463544845581, -0.04125549644231796, 0.07478033006191254, 0.025706807151436806, 0.9798513650894165, 0.19806717336177826, -0.08144483715295792, -0.19542118906974792, 0.9773317575454712),
            ["HumanoidRootPart"] = CFrame.new(0, 0, 0, 1, 0, 0, 0, 1, 0, 0, 0, 1),
            ["RightUpperLeg"] = CFrame.new(-2.9802322387695312e-08, -1.89291313290596e-07, -4.639878170564771e-08, 0.8101412057876587, -0.1035950779914856, -0.5770089030265808, 0.19799403846263885, 0.9747785925865173, 0.10298079252243042, 0.5517875552177429, -0.19767338037490845, 0.8102195262908936),
            ["LeftUpperArm"] = CFrame.new(0, 1.1920928955078125e-07, -2.9802322387695312e-08, 0.817202091217041, 0.5684586763381958, -0.0950578898191452, -0.49581027030944824, 0.609284520149231, -0.6188253164291382, -0.29385906457901, 0.5528355240821838, 0.7797559499740601),
            ["RightLowerArm"] = CFrame.new(5.960464477539062e-07, 5.960464477539063e-08, 9.685754776000977e-08, 1, -1.1734667282325972e-07, 6.332992796842518e-08, 8.56816981809061e-08, 0.3819291889667511, -0.9241917133331299, 3.3527619791584584e-08, 0.9241915941238403, 0.3819289207458496),
            ["LeftHand"] = CFrame.new(-2.980232238769531e-07, 0, -2.9802322387695312e-08, 0.3117755651473999, 0.5635631084442139, -0.7649791240692139, -0.5573534369468689, 0.7605180144309998, 0.33312124013900757, 0.7695148587226868, 0.3225041329860687, 0.551214337348938),
            ["LeftFoot"] = CFrame.new(-3.073364496231079e-08, -5.960464477539063e-08, 4.470348358154297e-08, 0.8562732338905334, 0.0601930171251297, -0.5130040049552917, -0.07414977252483368, 0.9972242712974548, -0.006758029572665691, 0.5111731886863708, 0.04382608085870743, 0.8583596348762512),
            ["LowerTorso"] = CFrame.new(0.12403252720832825, -0.2011125087738037, -0.04629652202129364, 0.6449823975563049, 0.1226271539926529, 0.7542944550514221, -0.07415008544921875, 0.9924265146255493, -0.09793668985366821, -0.7605915665626526, 0.0072366842068731785, 0.6491904258728027),
            ["RightLowerLeg"] = CFrame.new(7.450580596923828e-09, -0.00006026029586791992, -0.00007201934204204008, 1, -9.685758328714655e-08, 4.4703490686970326e-08, 1.4621767263633956e-07, 0.7615715861320496, 0.6480802297592163, 6.565825572124595e-08, -0.6480808854103088, 0.7615721225738525),
