return {
    ["Glowsticks"] = {
        {Time = 0.000, Data = {
            ["RightFoot"] = CFrame.new(-7.680137059651315e-08, 2.980232238769531e-07, -6.330083124339581e-10, 0.8733165860176086, 0.4600134789943695, -0.1603318303823471, -0.473297655582428, 0.7232720851898193, -0.5028582215309143, -0.11535792052745819, 0.5150390267372131, 0.8493688106536865),
            ["LeftLowerArm"] = CFrame.new(-2.682209014892578e-07, -5.960464477539062e-07, 2.682209014892578e-07, 1, -1.4156105976326216e-07, 9.685751223287298e-08, 1.0803343286625022e-07, -0.37042036652565, -0.9288642406463623, 8.940698137394065e-08, 0.9288642406463623, -0.3704203963279724),
            ["RightUpperArm"] = CFrame.new(1.1920928955078125e-07, 2.384185791015625e-07, -1.6763806343078613e-08, 0.9319841265678406, -0.21809464693069458, -0.2895517349243164, 0.27739328145980835, 0.9432935118675232, 0.18234699964523315, 0.2333633303642273, -0.2502642571926117, 0.9396325945854187),
            ["Head"] = CFrame.new(-9.685754776000977e-08, -1.1920928955078125e-07, 1.2386590242385864e-07, 0.9390271306037903, 0.11771979182958603, 0.32306382060050964, -0.09388282895088196, 0.9916456937789917, -0.08845865726470947, -0.33077818155288696, 0.05273498594760895, 0.9422340393066406),
            ["RightHand"] = CFrame.new(-4.284083843231201e-08, -1.1920928955078125e-07, -2.4586915969848633e-07, 0.9627313613891602, 0.0458531491458416, 0.2665444016456604, -0.1346110999584198, 0.9360226392745972, 0.32517948746681213, -0.2345810979604721, -0.34894028306007385, 0.9073104858398438),
            ["UpperTorso"] = CFrame.new(3.259629011154175e-09, -3.5762786865234375e-07, -1.257285475730896e-08, 0.9768776297569275, -0.11897022277116776, -0.1776406168937683, 0.15030837059020996, 0.973045289516449, 0.17490069568157196, 0.1520443558692932, -0.19755740463733673, 0.9684284925460815),
            ["HumanoidRootPart"] = CFrame.new(0, 0, 0, 1, 0, 0, 0, 1, 0, 0, 0, 1),
            ["RightUpperLeg"] = CFrame.new(3.5762786865234375e-07, -4.284083843231201e-07, 1.0261283023282886e-07, 0.8646280169487, -0.5014371275901794, 0.03128991648554802, 0.4183974862098694, 0.6841661334037781, -0.5973781943321228, 0.278140127658844, 0.5296014547348022, 0.8013490438461304),
            ["LeftUpperArm"] = CFrame.new(1.1920928955078125e-07, 5.960464477539062e-07, -1.862645149230957e-08, 0.6112138032913208, 0.5311883091926575, -0.5867339372634888, -0.5048924684524536, -0.309212863445282, -0.8058977127075195, -0.6095090508460999, 0.7888132929801941, 0.07919780164957047),
            ["RightLowerArm"] = CFrame.new(-8.344650268554688e-07, -5.960464477539062e-07, 2.384185791015625e-07, 1, -8.009374852235851e-08, 2.2351738238057806e-08, 3.445892815534535e-08, 0.7491157054901123, -0.6624391674995422, 1.8626447051417472e-09, 0.6624391674995422, 0.7491157054901123),
            ["LeftHand"] = CFrame.new(-2.384185791015625e-07, -8.344650268554688e-07, 4.172325134277344e-07, 0.9806763529777527, 0.03125153109431267, -0.19312503933906555, 0.09348344802856445, 0.7923099398612976, 0.6029144525527954, 0.17185695469379425, -0.6093178391456604, 0.7740781903266907),
            ["LeftFoot"] = CFrame.new(-1.862645149230957e-08, 0, 3.725290298461914e-09, 0.9148717522621155, -0.4034872055053711, 0.014421507716178894, 0.39507541060447693, 0.887293815612793, -0.2379603236913681, 0.08321762084960938, 0.22340081632137299, 0.971167802810669),
            ["LowerTorso"] = CFrame.new(-0.01020093448460102, -0.4408547878265381, -0.005993671715259552, 0.9741505980491638, -0.046248700469732285, 0.22111479938030243, 0.0019309556810185313, 0.9804872870445251, 0.19657312333583832, -0.22589150071144104, -0.19106484949588776, 0.9552315473556519),
            ["RightLowerLeg"] = CFrame.new(1.0244548320770264e-08, -0.0000036954879760742188, -0.000013170931197237223, 1, -1.3550744881740684e-07, -1.0244546899684792e-07, 8.894131298120556e-08, 0.44111549854278564, 0.89745032787323, -1.303851746570217e-07, -0.8974504470825195, 0.44111546874046326),
            ["LeftUpperLeg"] = CFrame.new(-2.980232238769531e-07, 1.1920928955078125e-07, 5.21540641784668e-08, 0.8588206768035889, 0.506228506565094, -0.07848425209522247, -0.3422081768512726, 0.4529229700565338, -0.8232586979866028, -0.38120949268341064, 0.7338893413543701, 0.5622146725654602),
            ["LeftLowerLeg"] = CFrame.new(2.8312206268310547e-07, 0.0000040531158447265625, 0.000013418495655059814, 1, 5.960463766996327e-08, 8.195636524988004e-08, -1.043081283569336e-07, 0.44962307810783386, 0.8932182788848877, 6.705522537231445e-08, -0.893218457698822, 0.4496232271194458),
        }},
        {Time = 0.033, Data = {
            ["RightFoot"] = CFrame.new(5.49189280718565e-08, 2.980232238769531e-07, 7.748894859105349e-09, 0.8563206195831299, 0.475531667470932, -0.20145724713802338, -0.505073606967926, 0.6897152066230774, -0.5188382267951965, -0.10777606815099716, 0.546042799949646, 0.83079594373703),
            ["LeftLowerArm"] = CFrame.new(-0.0000015497207641601562, 7.748603820800781e-07, -2.3096799850463867e-07, 1, -7.450584860180243e-08, 1.4901161193847656e-07, 1.4901161193847656e-08, -0.5497378706932068, -0.8353371620178223, 1.862645149230957e-07, 0.8353371620178223, -0.5497379302978516),
            ["RightUpperArm"] = CFrame.new(2.384185791015625e-07, -1.1920928955078125e-07, 1.0058283805847168e-07, 0.9246875643730164, -0.2454725056886673, -0.2910260558128357, 0.3070383369922638, 0.932784914970398, 0.1887853741645813, 0.2251230776309967, -0.26392367482185364, 0.9379040598869324),
            ["Head"] = CFrame.new(-2.9802322387695312e-08, -8.344650268554688e-07, -1.6391277313232422e-07, 0.9577947854995728, 0.20603330433368683, 0.20044833421707153, -0.16397736966609955, 0.964352011680603, -0.20769405364990234, -0.23609456419944763, 0.1660592406988144, 0.9574360847473145),
            ["RightHand"] = CFrame.new(6.556510925292969e-07, 0, -3.8743019104003906e-07, 0.9630877375602722, 0.07324748486280441, 0.25903064012527466, -0.18158136308193207, 0.8871458172798157, 0.4242648482322693, -0.19872160255908966, -0.4556393623352051, 0.8676995635032654),
            ["UpperTorso"] = CFrame.new(-9.313225746154785e-09, -5.662441253662109e-07, -3.4458935260772705e-08, 0.9710251688957214, -0.19161556661128998, -0.14280612766742706, 0.2238473743200302, 0.9385370016098022, 0.2627558708190918, 0.0836806371808052, -0.2871093451976776, 0.9542356729507446),
            ["HumanoidRootPart"] = CFrame.new(0, 0, 0, 1, 0, 0, 0, 1, 0, 0, 0, 1),
            ["RightUpperLeg"] = CFrame.new(1.7881393432617188e-07, -5.494803190231323e-07, 5.790934665128589e-08, 0.8518466353416443, -0.5227369666099548, 0.033214397728443146, 0.42156267166137695, 0.6465762257575989, -0.6357864141464233, 0.31087350845336914, 0.5555945038795471, 0.7711501121520996),
            ["LeftUpperArm"] = CFrame.new(-1.1920928955078125e-07, 5.960464477539062e-07, 1.341104507446289e-07, 0.5259360671043396, 0.7687808275222778, -0.3638232946395874, -0.6253491640090942, 0.05959445983171463, -0.7780662775039673, -0.5764805674552917, 0.6367296576499939, 0.5120992660522461),
            ["RightLowerArm"] = CFrame.new(0, -4.76837158203125e-07, 0, 1, -1.0058283805847168e-07, 2.2351738238057806e-08, 8.195639367158947e-08, 0.6072525978088379, -0.7945088148117065, 2.980232594040899e-08, 0.7945088148117065, 0.6072526574134827),
            ["LeftHand"] = CFrame.new(-6.258487701416016e-07, -1.7881393432617188e-07, 7.748603820800781e-07, 0.9659059643745422, 0.09265649318695068, 0.24174480140209198, -0.19677530229091644, 0.8695528507232666, 0.45294320583343506, -0.16824188828468323, -0.4850698709487915, 0.8581386804580688),
            ["LeftFoot"] = CFrame.new(4.842877388000488e-08, 0, 3.3527612686157227e-08, 0.9241693615913391, -0.38113272190093994, -0.025475014001131058, 0.36608392000198364, 0.9027718901634216, -0.22579988837242126, 0.10905799269676208, 0.19935128092765808, 0.9738406538963318),
            ["LowerTorso"] = CFrame.new(-0.019150735810399055, -0.4768412113189697, 0.0224040225148201, 0.9588289260864258, -0.06694261729717255, 0.27598175406455994, -0.003102270420640707, 0.9692924618721008, 0.24589134752750397, -0.28396764397621155, -0.2366238832473755, 0.9291778802871704),
            ["RightLowerLeg"] = CFrame.new(4.842877388000488e-08, -0.000003814697265625, -0.000013245437003206462, 1, -1.564621925354004e-07, -1.713633963618122e-07, 9.685756197086448e-08, 0.3913235068321228, 0.9202530384063721, -1.005828522693264e-07, -0.9202532768249512, 0.39132386445999146),
            ["LeftUpperLeg"] = CFrame.new(-1.7881393432617188e-07, -3.5762786865234375e-07, 0, 0.8751927614212036, 0.4704853892326355, -0.11260941624641418, -0.2990715503692627, 0.34322240948677063, -0.8903679251670837, -0.38025516271591187, 0.8129218816757202, 0.4410942494869232),
            ["LeftLowerLeg"] = CFrame.new(2.9802322387695312e-08, 0.000003814697265625, 0.000013284385204315186, 1, 1.043080928297968e-07, 3.725290653733282e-08, -2.0861622829215776e-07, 0.39616474509239197, 0.9181795120239258, 2.9802318834981634e-08, -0.918179452419281, 0.39616483449935913),
        }},
        {Time = 0.067, Data = {
            ["RightFoot"] = CFrame.new(9.749783203005791e-08, 3.5762786865234375e-07, -8.026108844205737e-08, 0.8263944983482361, 0.49652808904647827, -0.2655797600746155, -0.5540370345115662, 0.6327463984489441, -0.5409938097000122, -0.10057421773672104, 0.5942153334617615, 0.7979932427406311),
            ["LeftLowerArm"] = CFrame.new(-6.556510925292969e-07, -1.7881393432617188e-07, 1.4901161193847656e-08, 1, -9.126963362859897e-08, 4.1909512304982854e-08, 7.613562758024273e-08, -0.5531006455421448, -0.8331144452095032, 1.3597311010471458e-07, 0.8331144452095032, -0.5531006455421448),
            ["RightUpperArm"] = CFrame.new(2.384185791015625e-07, -1.1920928955078125e-07, 1.9371509552001953e-07, 0.9050098657608032, -0.3255811035633087, -0.2737775146961212, 0.35747674107551575, 0.9309375882148743, 0.07460194826126099, 0.23058083653450012, -0.16538459062576294, 0.9588954448699951),
            ["Head"] = CFrame.new(0, -4.76837158203125e-07, 3.7997961044311523e-07, 0.9592936635017395, 0.2653283178806305, 0.09672989696264267, -0.23219673335552216, 0.935979962348938, -0.2646247148513794, -0.1607496589422226, 0.23139242827892303, 0.959488034248352),
            ["RightHand"] = CFrame.new(1.7881393432617188e-07, 4.172325134277344e-07, -2.8312206268310547e-07, 0.9510824084281921, 0.12029191851615906, 0.2845560312271118, -0.22671380639076233, 0.8974637985229492, 0.3783644139766693, -0.2098645269870758, -0.4243685305118561, 0.8808337450027466),
            ["UpperTorso"] = CFrame.new(-1.4901161193847656e-08, -2.682209014892578e-07, 1.4901161193847656e-08, 0.9618589282035828, -0.221952885389328, -0.15988881886005402, 0.26194098591804504, 0.9157779812812805, 0.3045286536216736, 0.07883159071207047, -0.3347950279712677, 0.9389877319335938),
            ["HumanoidRootPart"] = CFrame.new(0, 0, 0, 1, 0, 0, 0, 1, 0, 0, 0, 1),
            ["RightUpperLeg"] = CFrame.new(1.7881393432617188e-07, 2.0489096641540527e-07, -6.129994289949536e-08, 0.8323684334754944, -0.5536842942237854, 0.024421634152531624, 0.416064977645874, 0.5951573252677917, -0.6875156164169312, 0.36613205075263977, 0.5824273824691772, 0.7257587909698486),
            ["LeftUpperArm"] = CFrame.new(-2.384185791015625e-07, 8.344650268554688e-07, 2.9802322387695312e-08, 0.46467673778533936, 0.8382186889648438, -0.2854209244251251, -0.8269801735877991, 0.29559698700904846, -0.4782533049583435, -0.3165114223957062, 0.4582706391811371, 0.8305472135543823),
            ["RightLowerArm"] = CFrame.new(-8.642673492431641e-07, -5.960464477539062e-07, 4.470348358154297e-08, 1, -5.21540641784668e-08, 0, 1.043081283569336e-07, 0.6072065830230713, -0.794543981552124, 1.4901161193847656e-08, 0.794543981552124, 0.6072066426277161),
            ["LeftHand"] = CFrame.new(7.636845111846924e-08, -6.556510925292969e-07, 5.21540641784668e-07, 0.9363461136817932, 0.33283838629722595, 0.11169032007455826, -0.3459239602088928, 0.9289804100990295, 0.13165166974067688, -0.05993945896625519, -0.16190789639949799, 0.9849838018417358),
            ["LeftFoot"] = CFrame.new(-5.960464477539063e-08, 0, -6.332993507385254e-08, 0.9352777600288391, -0.34269973635673523, -0.08838830888271332, 0.32226741313934326, 0.9278855323791504, -0.18754318356513977, 0.14628490805625916, 0.14691990613937378, 0.978271484375),
            ["LowerTorso"] = CFrame.new(-0.025851868093013763, -0.5330178737640381, 0.06391936540603638, 0.9255095720291138, -0.11378434300422668, 0.3612273633480072, -0.009785663336515427, 0.946297287940979, 0.32314980030059814, -0.37859782576560974, -0.3026130795478821, 0.8746936917304993),
            ["RightLowerLeg"] = CFrame.new(1.043081283569336e-07, -0.0000034570693969726562, -0.000013156030036043376, 1, -2.086162567138672e-07, -6.705524668859653e-08, 2.086162567138672e-07, 0.31747907400131226, 0.9482651948928833, -8.195638656616211e-08, -0.9482653141021729, 0.31747931241989136),
            ["LeftUpperLeg"] = CFrame.new(-2.384185791015625e-07, 3.948807716369629e-07, 2.9802322387695312e-08, 0.9016208052635193, 0.4052022695541382, -0.15129786729812622, -0.23304417729377747, 0.1604168862104416, -0.9591438174247742, -0.36437657475471497, 0.9000431299209595, 0.23906539380550385),
            ["LeftLowerLeg"] = CFrame.new(5.960464477539063e-08, 0.000003814697265625, 0.000013150274753570557, 1, 1.4901162970204496e-08, 3.650783924058487e-07, 1.043080928297968e-07, 0.3344683349132538, 0.9424071311950684, -7.450577932388569e-09, -0.9424070715904236, 0.3344680964946747),
        }},
        {Time = 0.100, Data = {
            ["RightFoot"] = CFrame.new(2.0954757928848267e-09, 2.980232238769531e-07, -5.4998963605612516e-08, 0.8358202576637268, 0.4587377905845642, -0.301603227853775, -0.5433253645896912, 0.6123678684234619, -0.5742843151092529, -0.0787535086274147, 0.6438673734664917, 0.7610737085342407),
            ["LeftLowerArm"] = CFrame.new(-0.0000014901161193847656, 0, -2.9802322387695312e-08, 1, -6.891789183782748e-08, 1.3131645459907304e-07, 7.823108916227284e-08, -0.39978352189064026, -0.9166096448898315, 1.1920927533992653e-07, 0.9166096448898315, -0.39978358149528503),
            ["RightUpperArm"] = CFrame.new(1.1920928955078125e-07, 2.384185791015625e-07, 4.563480615615845e-08, 0.9279333353042603, -0.2820186913013458, -0.24373163282871246, 0.28318965435028076, 0.9585633277893066, -0.030983641743659973, 0.2423701286315918, -0.04027152061462402, 0.9693477153778076),
            ["Head"] = CFrame.new(-1.1920928955078125e-07, -5.960464477539062e-07, 5.960464477539063e-08, 0.9497511982917786, 0.3113741874694824, 0.03191818669438362, -0.2921692430973053, 0.9184892177581787, -0.2664860188961029, -0.11229335516691208, 0.2437697947025299, 0.963310182094574),
            ["RightHand"] = CFrame.new(4.76837158203125e-07, 4.76837158203125e-07, -2.980232238769531e-07, 0.9129291772842407, -0.04079941660165787, 0.4060734510421753, -0.07726514339447021, 0.9597180485725403, 0.2701321542263031, -0.4007374048233032, -0.2779868543148041, 0.8730023503303528),
            ["UpperTorso"] = CFrame.new(1.862645149230957e-08, -4.470348358154297e-07, -4.842877388000488e-08, 0.957974910736084, -0.21907159686088562, -0.18518052995204926, 0.2700074315071106, 0.9066152572631836, 0.3242603838443756, 0.09685128182172775, -0.36063337326049805, 0.9276655912399292),
            ["HumanoidRootPart"] = CFrame.new(0, 0, 0, 1, 0, 0, 0, 1, 0, 0, 0, 1),
            ["RightUpperLeg"] = CFrame.new(4.172325134277344e-07, -4.731118679046631e-07, 1.1751399142667651e-07, 0.8146219253540039, -0.5798092484474182, -0.014582564122974873, 0.3844977915287018, 0.5586948990821838, -0.7348615527153015, 0.4342263340950012, 0.5930271744728088, 0.6780604124069214),
            ["LeftUpperArm"] = CFrame.new(-2.384185791015625e-07, 3.5762786865234375e-07, -5.960464477539063e-08, 0.4713274836540222, 0.8338581919670105, -0.2872820198535919, -0.8690202236175537, 0.3834962546825409, -0.3126252293586731, -0.15051352977752686, 0.39700278639793396, 0.9053919315338135),
            ["RightLowerArm"] = CFrame.new(-6.258487701416016e-07, -0.0000010132789611816406, 5.522742867469788e-07, 1, -1.0430814256778831e-07, 2.980232949312267e-08, 7.450580596923828e-08, 0.6069303750991821, -0.7947551012039185, 3.632158041000366e-08, 0.7947550415992737, 0.6069303750991821),
            ["LeftHand"] = CFrame.new(-3.725290298461914e-07, -3.5762786865234375e-07, 2.3096799850463867e-07, 0.9986557960510254, 0.05031479522585869, -0.012458458542823792, -0.049355972558259964, 0.996463418006897, 0.0680045560002327, 0.01583615131676197, -0.06729821115732193, 0.9976072907447815),
            ["LeftFoot"] = CFrame.new(-2.2351741790771484e-08, 5.960464477539063e-08, 4.284083843231201e-08, 0.9393421411514282, -0.3141424059867859, -0.13766279816627502, 0.29178065061569214, 0.9428914189338684, -0.16068628430366516, 0.1802787482738495, 0.11077184230089188, 0.9773581027984619),
            ["LowerTorso"] = CFrame.new(-0.03514345735311508, -0.5902128219604492, 0.07822836935520172, 0.8841018676757812, -0.17463372647762299, 0.43343624472618103, -0.010025973431766033, 0.9202422499656677, 0.39122095704078674, -0.46718665957450867, -0.3502247929573059, 0.8118370175361633),
            ["RightLowerLeg"] = CFrame.new(-1.4901161193847656e-08, -0.000003635883331298828, -0.000013215634680818766, 1, -1.8626444386882213e-07, -1.043081780949251e-07, 1.564621925354004e-07, 0.23610880970954895, 0.971726655960083, -1.043081283569336e-07, -0.971726655960083, 0.23610898852348328),
            ["LeftUpperLeg"] = CFrame.new(-2.980232238769531e-07, 1.1920928955078125e-07, -4.470348358154297e-08, 0.9229763150215149, 0.3360379934310913, -0.18759910762310028, -0.19436632096767426, -0.013713435269892216, -0.9808332920074463, -0.3321695625782013, 0.9417485594749451, 0.05265725404024124),
            ["LeftLowerLeg"] = CFrame.new(-5.21540641784668e-08, 0.000004172325134277344, 0.000013221055269241333, 1, 1.0430814256778831e-07, 1.7881393432617188e-07, -1.0430809993522416e-07, 0.2719101905822754, 0.9623227715492249, 7.078050145992165e-08, -0.9623226523399353, 0.2719099819660187),
        }},
        {Time = 0.133, Data = {
            ["RightFoot"] = CFrame.new(3.306195139884949e-08, 2.384185791015625e-07, 1.6596459317952394e-08, 0.8715752959251404, 0.3513733446598053, -0.341897189617157, -0.49021023511886597, 0.6346981525421143, -0.5973706841468811, 0.007101492956280708, 0.6882550716400146, 0.7254340648651123),
            ["LeftLowerArm"] = CFrame.new(-9.834766387939453e-07, -4.172325134277344e-07, -1.7136335372924805e-07, 1, -9.685753354915505e-08, 3.166495687878523e-08, 9.126963362859897e-08, -0.09099017828702927, -0.9958517551422119, 1.0430815677864302e-07, 0.9958517551422119, -0.09099017828702927),
            ["RightUpperArm"] = CFrame.new(1.1920928955078125e-07, 0, -6.332993507385254e-08, 0.9712202548980713, -0.22627049684524536, -0.07438486069440842, 0.2033604383468628, 0.9503353238105774, -0.23559994995594025, 0.12399990856647491, 0.21369251608848572, 0.9689993262290955),
            ["Head"] = CFrame.new(5.960464477539063e-08, -4.76837158203125e-07, 5.960464477539063e-08, 0.9307514429092407, 0.363958477973938, -0.03515845164656639, -0.36037543416023254, 0.8967910408973694, -0.2567008137702942, -0.06189866364002228, 0.2515949010848999, 0.9658513069152832),
            ["RightHand"] = CFrame.new(5.364418029785156e-07, 2.384185791015625e-07, -5.960464477539063e-08, 0.8656435608863831, -0.28572043776512146, 0.4111267328262329, 0.09724801778793335, 0.9014845490455627, 0.42174461483955383, -0.4911254048347473, -0.32509931921958923, 0.8081499338150024),
            ["UpperTorso"] = CFrame.new(-1.0128132998943329e-08, -3.8743019104003906e-07, 1.1175870895385742e-08, 0.9558355808258057, -0.252071738243103, -0.15112338960170746, 0.2904146611690521, 0.8890435695648193, 0.3539223372936249, 0.04514146223664284, -0.3821800649166107, 0.9229846596717834),
            ["HumanoidRootPart"] = CFrame.new(0, 0, 0, 1, 0, 0, 0, 1, 0, 0, 0, 1),
            ["RightUpperLeg"] = CFrame.new(1.7881393432617188e-07, -3.948807716369629e-07, -8.365168469026685e-08, 0.8275176286697388, -0.5612357258796692, 0.01514894887804985, 0.34924688935279846, 0.49344781041145325, -0.7965776324272156, 0.43959224224090576, 0.6644725799560547, 0.604346513748169),
            ["LeftUpperArm"] = CFrame.new(0, 2.384185791015625e-07, -1.341104507446289e-07, 0.4672972857952118, 0.8383949398994446, -0.28058353066444397, -0.8641984462738037, 0.3662044405937195, -0.34504401683807373, -0.18653222918510437, 0.403717964887619, 0.8956659436225891),
            ["RightLowerArm"] = CFrame.new(-1.1920928955078125e-07, -0.000001430511474609375, 4.023313522338867e-07, 1, -1.266598843585598e-07, 1.4901166522918174e-08, 8.940696716308594e-08, 0.5462295413017273, -0.8376355767250061, 5.960464477539063e-08, 0.8376355767250061, 0.5462294816970825),
            ["LeftHand"] = CFrame.new(-2.7194619178771973e-07, -5.960464477539062e-07, 3.427267074584961e-07, 0.9371918439865112, -0.28730466961860657, -0.19780650734901428, 0.29350805282592773, 0.9559542536735535, 0.0021392926573753357, 0.18847934901714325, -0.060062699019908905, 0.9802387356758118),
            ["LeftFoot"] = CFrame.new(7.450580596923828e-09, 0, 2.0489096641540527e-08, 0.9392987489700317, -0.2892490029335022, -0.1845337152481079, 0.2608393728733063, 0.9514179229736328, -0.16360680758953094, 0.22289200127124786, 0.10554144531488419, 0.9691131114959717),
            ["LowerTorso"] = CFrame.new(-0.04930425435304642, -0.6554827690124512, 0.08954879641532898, 0.8653419017791748, -0.22587759792804718, 0.44739553332328796, 0.0009087124490179121, 0.8933863043785095, 0.44928839802742004, -0.5011812448501587, -0.3883815407752991, 0.7732898592948914),
            ["RightLowerLeg"] = CFrame.new(-1.1920928955078125e-07, -0.0000036954879760742188, -0.000013275239325594157, 1, -1.0430815677864302e-07, -2.9802340151263707e-08, 1.3411047916633834e-07, 0.11790266633033752, 0.9930251836776733, -1.7881397695873602e-07, -0.9930252432823181, 0.11790291965007782),
            ["LeftUpperLeg"] = CFrame.new(-1.1920928955078125e-07, 3.3527612686157227e-07, -2.384185791015625e-07, 0.9252464175224304, 0.31834807991981506, -0.2063329964876175, -0.1542782336473465, -0.18112993240356445, -0.9712827801704407, -0.346579372882843, 0.9305087327957153, -0.1184755191206932),
            ["LeftLowerLeg"] = CFrame.new(1.043081283569336e-07, 0.000003993511199951172, 0.000013425014913082123, 1, 5.960463766996327e-08, 5.215404996761208e-08, -1.3411042232291948e-07, 0.17180916666984558, 0.9851303100585938, 1.0896471280830156e-07, -0.9851303100585938, 0.17180873453617096),
        }},
        {Time = 0.167, Data = {
            ["RightFoot"] = CFrame.new(-1.0244548320770264e-08, 2.384185791015625e-07, 2.032174961641431e-08, 0.885155975818634, 0.27804210782051086, -0.3730841875076294, -0.4602142572402954, 0.641324520111084, -0.6139262914657593, 0.06857021898031235, 0.7151191830635071, 0.695631206035614),
            ["LeftLowerArm"] = CFrame.new(-0.0000016093254089355469, 2.980232238769531e-07, 1.341104507446289e-07, 1, -8.12578946352005e-08, 6.286424536483537e-08, 8.102505688611927e-08, 0.21081586182117462, -0.9775258302688599, 5.4016702222270396e-08, 0.9775258302688599, 0.21081575751304626),
            ["RightUpperArm"] = CFrame.new(2.384185791015625e-07, 1.1920928955078125e-07, -2.5331974029541016e-07, 0.9662122130393982, -0.14849011600017548, 0.21067701280117035, 0.2482418715953827, 0.7560492157936096, -0.6056117415428162, -0.0693548172712326, 0.637448251247406, 0.7673654556274414),
            ["Head"] = CFrame.new(5.960464477539063e-08, -2.384185791015625e-07, 3.2782554626464844e-07, 0.9065111875534058, 0.41135528683662415, -0.09499657899141312, -0.4218370318412781, 0.8734501004219055, -0.2431839108467102, -0.017060182988643646, 0.2605220079421997, 0.9653172492980957),
            ["RightHand"] = CFrame.new(7.450580596923828e-07, 2.384185791015625e-07, -4.023313522338867e-07, 0.9371151924133301, -0.31349360942840576, 0.1534172147512436, 0.14579780399799347, 0.7509939670562744, 0.6440116763114929, -0.31710895895957947, -0.5811452269554138, 0.7494745850563049),
            ["UpperTorso"] = CFrame.new(-1.30385160446167e-08, -2.980232238769531e-07, 1.1175870895385742e-08, 0.9538246989250183, -0.27706700563430786, -0.11598452180624008, 0.3003493845462799, 0.8759655356407166, 0.3774583339691162, -0.0029828851111233234, -0.3948649764060974, 0.9187343716621399),
            ["HumanoidRootPart"] = CFrame.new(0, 0, 0, 1, 0, 0, 0, 1, 0, 0, 0, 1),
            ["RightUpperLeg"] = CFrame.new(1.1920928955078125e-07, -5.21540641784668e-07, 1.3241515262052417e-07, 0.8344990611076355, -0.5505221486091614, 0.023166045546531677, 0.3255118429660797, 0.4586261212825775, -0.8268639445304871, 0.4445822834968567, 0.6975582838058472, 0.5619246363639832),
            ["LeftUpperArm"] = CFrame.new(-2.384185791015625e-07, 9.5367431640625e-07, -2.9802322387695312e-08, 0.43998953700065613, 0.8302739262580872, -0.34213224053382874, -0.8584284782409668, 0.27702033519744873, -0.43169474601745605, -0.2636471390724182, 0.48363733291625977, 0.8346167802810669),
            ["RightLowerArm"] = CFrame.new(-2.086162567138672e-07, -0.0000012516975402832031, 1.7881393432617188e-07, 1, -8.940696716308594e-08, -1.4901162970204496e-08, 6.705523247774181e-08, 0.7359392642974854, -0.6770474910736084, 4.4703490686970326e-08, 0.6770475506782532, 0.7359393239021301),
            ["LeftHand"] = CFrame.new(-4.3283216655254364e-07, -5.960464477539062e-07, 3.725290298461914e-07, 0.8497704863548279, -0.020193016156554222, -0.5267659425735474, 0.17920854687690735, 0.9508172273635864, 0.2526479959487915, 0.49575644731521606, -0.30909356474876404, 0.8115951418876648),
            ["LeftFoot"] = CFrame.new(6.332993507385254e-08, 0, 4.470348358154297e-08, 0.9387808442115784, -0.2675834894180298, -0.21700160205364227, 0.2312091439962387, 0.9563020467758179, -0.17896629869937897, 0.255407452583313, 0.11783701181411743, 0.9596257209777832),
            ["LowerTorso"] = CFrame.new(-0.0786692351102829, -0.7205644845962524, 0.0888390988111496, 0.8452387452125549, -0.2755635678768158, 0.45786041021347046, 0.018324334174394608, 0.8712344169616699, 0.4905250668525696, -0.534074604511261, -0.40622079372406006, 0.7414506077766418),
            ["RightLowerLeg"] = CFrame.new(-1.4901161193847656e-08, -0.0000034570693969726562, -0.000013245437003206462, 1, -1.788139627478813e-07, -5.96046660916727e-08, 1.9371509552001953e-07, 0.03559856489300728, 0.9993662238121033, -1.7881393432617188e-07, -0.9993662238121033, 0.03559873625636101),
            ["LeftUpperLeg"] = CFrame.new(-2.980232238769531e-07, -1.4901161193847656e-08, 1.1920928955078125e-07, 0.9279919862747192, 0.2891713082790375, -0.23496916890144348, -0.13462482392787933, -0.3277997076511383, -0.9351062774658203, -0.34742921590805054, 0.8994039297103882, -0.26526567339897156),
            ["LeftLowerLeg"] = CFrame.new(-1.1920928955078125e-07, 0.000003933906555175781, 0.000013496726751327515, 1, 7.450579886381092e-08, 1.844018271413006e-07, -8.940692453052179e-08, 0.056854426860809326, 0.9983825087547302, 6.332990665214311e-08, -0.9983825087547302, 0.05685420706868172),
        }},
        {Time = 0.200, Data = {
            ["RightFoot"] = CFrame.new(-8.66129994392395e-08, 2.980232238769531e-07, -9.480572771281004e-09, 0.8815257549285889, 0.26847556233406067, -0.3883730173110962, -0.4672274887561798, 0.6143676042556763, -0.6358070373535156, 0.06790481507778168, 0.7419388890266418, 0.6670201420783997),
            ["LeftLowerArm"] = CFrame.new(-0.0000012814998626708984, 4.172325134277344e-07, -1.1175870895385742e-07, 1, -7.450584149637507e-08, 3.725289587919178e-08, 7.636845111846924e-08, 0.5232293009757996, -0.8521920442581177, 5.21540641784668e-08, 0.8521920442581177, 0.5232292413711548),
            ["RightUpperArm"] = CFrame.new(1.1920928955078125e-07, 0, -1.341104507446289e-07, 0.8841599822044373, -0.033437345176935196, 0.46598634123802185, 0.4167366623878479, 0.507289469242096, -0.7543128728866577, -0.21116772294044495, 0.8611267805099487, 0.46245959401130676),
            ["Head"] = CFrame.new(-1.1920928955078125e-07, -4.76837158203125e-07, 2.9802322387695312e-08, 0.8803373575210571, 0.45015981793403625, -0.14954061806201935, -0.473700612783432, 0.8507735133171082, -0.22757911682128906, 0.024778230115771294, 0.2711838483810425, 0.96220862865448),
            ["RightHand"] = CFrame.new(3.5762786865234375e-07, 1.7881393432617188e-07, -3.129243850708008e-07, 0.8910199999809265, -0.44262367486953735, 0.10083522647619247, 0.20175865292549133, 0.5850885510444641, 0.7854711413383484, -0.4066656827926636, -0.6795260310173035, 0.6106286644935608),
            ["UpperTorso"] = CFrame.new(-2.60770320892334e-08, -3.5762786865234375e-07, 5.960464477539063e-08, 0.9516399502754211, -0.29628607630729675, -0.08121669292449951, 0.30392971634864807, 0.8694037199020386, 0.38956907391548157, -0.0448138453066349, -0.39541369676589966, 0.9174093008041382),
            ["HumanoidRootPart"] = CFrame.new(0, 0, 0, 1, 0, 0, 0, 1, 0, 0, 0, 1),
            ["RightUpperLeg"] = CFrame.new(2.384185791015625e-07, -2.086162567138672e-07, 7.281050784513354e-08, 0.8285621404647827, -0.5597357749938965, 0.013442939147353172, 0.3261057138442993, 0.46292996406555176, -0.8242275714874268, 0.4551263153553009, 0.687307596206665, 0.5660991072654724),
            ["LeftUpperArm"] = CFrame.new(0, 2.384185791015625e-07, 6.705522537231445e-08, 0.43739625811576843, 0.7699677348136902, -0.4645797312259674, -0.8446163535118103, 0.17438896000385284, -0.5061737895011902, -0.30871984362602234, 0.6137900948524475, 0.7266042828559875),
            ["RightLowerArm"] = CFrame.new(-6.258487701416016e-07, -7.748603820800781e-07, -1.4901161193847656e-08, 1, -3.725290298461914e-08, 1.4901164746561335e-08, 4.842877388000488e-08, 0.8224125504493713, -0.5688916444778442, 1.4901161193847656e-08, 0.5688915848731995, 0.8224125504493713),
            ["LeftHand"] = CFrame.new(-4.6193599700927734e-07, -3.5762786865234375e-07, 3.129243850708008e-07, 0.8398999571800232, 0.20690394937992096, -0.5017557144165039, 0.05503610521554947, 0.8872506618499756, 0.4579928517341614, 0.5399435758590698, -0.4122828245162964, 0.7338145971298218),
            ["LeftFoot"] = CFrame.new(7.450580596923828e-08, -5.960464477539063e-08, -8.568167686462402e-08, 0.9364922642707825, -0.2551460266113281, -0.24058888852596283, 0.20445358753204346, 0.9546229839324951, -0.21655046939849854, 0.2849231958389282, 0.15360857546329498, 0.9461622834205627),
            ["LowerTorso"] = CFrame.new(-0.12463859468698502, -0.7963926792144775, 0.06923054158687592, 0.8257704377174377, -0.31766462326049805, 0.4660390317440033, 0.03970864415168762, 0.8569955229759216, 0.5137916803359985, -0.5626068115234375, -0.40576818585395813, 0.7202956080436707),
            ["RightLowerLeg"] = CFrame.new(1.1920928955078125e-07, -0.0000035762786865234375, -0.000013334843970369548, 1, -1.1920926112907182e-07, -8.940699558479537e-08, 1.3411046495548362e-07, -0.015885528177022934, 0.9998738169670105, -1.0430814256778831e-07, -0.9998738765716553, -0.01588526926934719),
            ["LeftUpperLeg"] = CFrame.new(-2.980232238769531e-07, 2.2351741790771484e-07, 0, 0.9279112815856934, 0.2522178888320923, -0.2745300531387329, -0.1359582245349884, -0.45673543214797974, -0.8791519999504089, -0.34712544083595276, 0.8530995845794678, -0.38951900601387024),
            ["LeftLowerLeg"] = CFrame.new(-1.341104507446289e-07, 0.000004172325134277344, 0.00001323595643043518, 1, 5.587936158235607e-08, 1.4901158351676713e-07, -2.700834755842152e-08, -0.08887746185064316, 0.9960425496101379, 1.0430809993522416e-07, -0.9960426092147827, -0.08887730538845062),
        }},
        {Time = 0.233, Data = {
            ["RightFoot"] = CFrame.new(9.313225746154785e-09, 2.384185791015625e-07, -5.045876605436206e-08, 0.8772827386856079, 0.27334702014923096, -0.39453378319740295, -0.4771549701690674, 0.5856397747993469, -0.6552468538284302, 0.051944684237241745, 0.7630907893180847, 0.6442007422447205),
            ["LeftLowerArm"] = CFrame.new(-8.344650268554688e-07, 7.152557373046875e-07, 7.450580596923828e-08, 1, -9.685758328714655e-08, 4.470348358154297e-08, 3.725290298461914e-09, 0.691195011138916, -0.7226683497428894, 2.60770320892334e-08, 0.7226683497428894, 0.6911950707435608),
            ["RightUpperArm"] = CFrame.new(1.1920928955078125e-07, 2.384185791015625e-07, 1.6391277313232422e-07, 0.7348946332931519, -0.05559004470705986, 0.6758992075920105, 0.6472195982933044, 0.35518717765808105, -0.6744990348815918, -0.20257534086704254, 0.9331408143043518, 0.2970041036605835),
            ["Head"] = CFrame.new(2.9802322387695312e-08, -4.76837158203125e-07, 5.960464477539063e-08, 0.8562276363372803, 0.4774366617202759, -0.1973029524087906, -0.5126901865005493, 0.8322247266769409, -0.21107067167758942, 0.06342747062444687, 0.28187987208366394, 0.9573509693145752),
            ["RightHand"] = CFrame.new(4.917383193969727e-07, 1.7881393432617188e-07, -2.384185791015625e-07, 0.932773768901825, -0.3586626648902893, -0.03597753494977951, 0.235218808054924, 0.5300089716911316, 0.8147162795066833, -0.27313995361328125, -0.7684085369110107, 0.5787426233291626),
            ["UpperTorso"] = CFrame.new(-1.4901161193847656e-08, -2.980232238769531e-07, 0, 0.9507404565811157, -0.30567604303359985, -0.051525115966796875, 0.3016164004802704, 0.8738273978233337, 0.38138338923454285, -0.0715557113289833, -0.37813735008239746, 0.9229799509048462),
            ["HumanoidRootPart"] = CFrame.new(0, 0, 0, 1, 0, 0, 0, 1, 0, 0, 0, 1),
            ["RightUpperLeg"] = CFrame.new(2.384185791015625e-07, -7.450580596923828e-09, -3.894820110872388e-08, 0.819389820098877, -0.5731749534606934, -0.008410596288740635, 0.3351730704307556, 0.4909505546092987, -0.8041310906410217, 0.46503692865371704, 0.6560778617858887, 0.5943924188613892),
            ["LeftUpperArm"] = CFrame.new(-2.384185791015625e-07, 4.76837158203125e-07, 7.171183824539185e-08, 0.46033975481987, 0.7222457528114319, -0.5161864757537842, -0.8207492232322693, 0.12466488778591156, -0.5575208067893982, -0.3383166491985321, 0.6803086996078491, 0.6501708030700684),
            ["RightLowerArm"] = CFrame.new(-5.364418029785156e-07, -7.748603820800781e-07, 2.5331974029541016e-07, 1, -3.725291630729544e-09, 1.8626458597736928e-08, 6.2631464459173e-08, 0.7488085031509399, -0.6627864837646484, 3.352762334429826e-08, 0.6627864837646484, 0.7488085031509399),
            ["LeftHand"] = CFrame.new(-1.9185245037078857e-07, -6.556510925292969e-07, 4.0978193283081055e-07, 0.9439844489097595, 0.30135950446128845, -0.13444651663303375, -0.13399235904216766, 0.722375214099884, 0.6783953905105591, 0.3015616536140442, -0.6223798394203186, 0.7222906947135925),
            ["LeftFoot"] = CFrame.new(4.0978193283081055e-08, 0, 1.862645149230957e-08, 0.9337212443351746, -0.24500390887260437, -0.2610316276550293, 0.1761626899242401, 0.9491919279098511, -0.26077109575271606, 0.311659038066864, 0.19750365614891052, 0.9294412136077881),
            ["LowerTorso"] = CFrame.new(-0.18097899854183197, -0.8715791702270508, 0.04104045033454895, 0.8071725368499756, -0.35502439737319946, 0.47162503004074097, 0.06451179832220078, 0.8472031950950623, 0.5273376703262329, -0.5867800116539001, -0.3952271342277527, 0.7067423462867737),
            ["RightLowerLeg"] = CFrame.new(-1.341104507446289e-07, -0.0000036954879760742188, -0.000013141128874849528, 1, -5.960463766996327e-08, -1.7881401959130017e-07, 2.533197687171196e-07, -0.04146512970328331, 0.9991400241851807, -1.3411046495548362e-07, -0.9991399645805359, -0.04146510735154152),
            ["LeftUpperLeg"] = CFrame.new(-1.7881393432617188e-07, 3.427267074584961e-07, -7.450580596923828e-08, 0.9257133603096008, 0.21201038360595703, -0.31321921944618225, -0.1455049067735672, -0.5647730231285095, -0.8123176097869873, -0.34911757707595825, 0.7975481748580933, -0.49196940660476685),
            ["LeftLowerLeg"] = CFrame.new(-5.960464477539063e-08, 0.000003933906555175781, 0.000013228505849838257, 1, 7.543715696556319e-08, 4.4703490686970326e-08, 8.940694584680386e-08, -0.23689678311347961, 0.9715349078178406, 7.450579175838357e-08, -0.9715349078178406, -0.23689651489257812),
        }},
        {Time = 0.267, Data = {
            ["RightFoot"] = CFrame.new(3.073364496231079e-08, 4.76837158203125e-07, -9.516224963590503e-08, 0.8695360422134399, 0.2777441740036011, -0.4083694517612457, -0.4912513196468353, 0.5714492797851562, -0.657356321811676, 0.05078514292836189, 0.7722072601318359, 0.6333381533622742),
            ["LeftLowerArm"] = CFrame.new(5.960464477539063e-08, 3.5762786865234375e-07, 0, 1, -2.980232594040899e-08, 8.195638656616211e-08, 7.450579175838357e-08, 0.6170431971549988, -0.7869293689727783, 7.450579175838357e-08, 0.7869293093681335, 0.6170431971549988),
            ["RightUpperArm"] = CFrame.new(0, 0, 2.086162567138672e-07, 0.6181079149246216, -0.25179430842399597, 0.7446760535240173, 0.783484697341919, 0.2744411528110504, -0.5575248599052429, -0.06398819386959076, 0.9280526638031006, 0.3669111728668213),
            ["Head"] = CFrame.new(-2.682209014892578e-07, -2.384185791015625e-07, -5.960464477539063e-08, 0.836219847202301, 0.4897170066833496, -0.24680685997009277, -0.5395998358726501, 0.8150469660758972, -0.2110222429037094, 0.09781800955533981, 0.30963796377182007, 0.9458097815513611),
            ["RightHand"] = CFrame.new(4.76837158203125e-07, 5.960464477539063e-08, -4.76837158203125e-07, 0.957016110420227, 0.023073242977261543, -0.2891156077384949, 0.19546782970428467, 0.6851288676261902, 0.7017056345939636, 0.21427202224731445, -0.7280563712120056, 0.6511693000793457),
            ["UpperTorso"] = CFrame.new(1.4901161193847656e-08, -2.384185791015625e-07, -5.960464477539063e-08, 0.9481948614120483, -0.3169800937175751, -0.02122025191783905, 0.3017844259738922, 0.8778414726257324, 0.37191489338874817, -0.09926170110702515, -0.35905152559280396, 0.9280242919921875),
            ["HumanoidRootPart"] = CFrame.new(0, 0, 0, 1, 0, 0, 0, 1, 0, 0, 0, 1),
            ["RightUpperLeg"] = CFrame.new(2.980232238769531e-07, -2.1979212760925293e-07, -2.624656190164387e-07, 0.8229804635047913, -0.5679154992103577, -0.013231072574853897, 0.35536834597587585, 0.5328643321990967, -0.7679645419120789, 0.44318896532058716, 0.6273179054260254, 0.6403558254241943),
            ["LeftUpperArm"] = CFrame.new(-2.384185791015625e-07, 5.960464477539062e-07, -8.940696716308594e-08, 0.49037331342697144, 0.7662757039070129, -0.41515734791755676, -0.781631588935852, 0.17599807679653168, -0.5983952879905701, -0.38546884059906006, 0.6179371476173401, 0.6852499842643738),
            ["RightLowerArm"] = CFrame.new(-0.0000011026859283447266, -8.940696716308594e-07, 1.564621925354004e-07, 1, -6.705523958316917e-08, 0, -1.862645504502325e-08, 0.4628881514072418, -0.8864167332649231, 5.960465898624534e-08, 0.8864167928695679, 0.46288809180259705),
            ["LeftHand"] = CFrame.new(-3.5669654607772827e-07, -6.556510925292969e-07, 4.6566128730773926e-07, 0.8980134725570679, 0.4192362427711487, -0.13346485793590546, -0.31001973152160645, 0.8182071447372437, 0.4841746687889099, 0.3121854066848755, -0.3934185802936554, 0.8647324442863464),
            ["LeftFoot"] = CFrame.new(-9.685754776000977e-08, 5.960464477539063e-08, 1.862645149230957e-08, 0.9330223202705383, -0.23409856855869293, -0.27325335144996643, 0.14782840013504028, 0.941758930683136, -0.30205461382865906, 0.3280491530895233, 0.24142928421497345, 0.9132883548736572),
            ["LowerTorso"] = CFrame.new(-0.23548738658428192, -0.9271936416625977, 0.019696056842803955, 0.7985763549804688, -0.3739563822746277, 0.4716276526451111, 0.09157264232635498, 0.8499367833137512, 0.5188660621643066, -0.5948869585990906, -0.3711659610271454, 0.7129834890365601),
