return {
    ["Glow Out"] = {
        {Time = 0.000, Data = {
            ["LeftFoot"] = CFrame.new(-7.450580596923828e-09, 0, -1.2945383787155151e-07, 0.602316677570343, -0.7404263615608215, -0.29829952120780945, 0.7200870513916016, 0.6652499437332153, -0.19727930426597595, 0.34451326727867126, -0.09597640484571457, 0.9338620901107788),
            ["LeftLowerArm"] = CFrame.new(-3.8743019104003906e-07, -2.384185791015625e-07, -1.1920928955078125e-07, 1, -1.4901161193847656e-08, -1.4901162970204496e-08, -1.0430811414607888e-07, 1, 9.313227167240257e-08, 1.4901159417490817e-08, 1.1175870895385742e-08, 1),
            ["LowerTorso"] = CFrame.new(-0.22391599416732788, -0.9359643459320068, -0.08821365237236023, 0.7529197335243225, -0.5026113390922546, 0.4248456060886383, 0.4087749719619751, 0.8630844950675964, 0.2966284155845642, -0.5157663226127625, -0.04967116564512253, 0.8552882671356201),
            ["Head"] = CFrame.new(1.8812716007232666e-07, 2.384185791015625e-07, 2.2351741790771484e-08, 0.9291754364967346, 0.3323274552822113, -0.161838099360466, -0.3506232798099518, 0.9310284852981567, -0.10123860090970993, 0.11703148484230042, 0.15081270039081573, 0.9816105365753174),
            ["RightUpperArm"] = CFrame.new(1.1920928955078125e-07, 1.1920928955078125e-07, -8.940696716308594e-08, 0.00539574446156621, -0.9638994336128235, -0.26621225476264954, 0.9781418442726135, -0.050251759588718414, 0.20177581906318665, -0.20786914229393005, -0.26148200035095215, 0.9425591230392456),
            ["UpperTorso"] = CFrame.new(-7.450580596923828e-09, 5.960464477539063e-08, -2.2351741790771484e-08, 0.9042097330093384, -0.42658695578575134, 0.020699314773082733, 0.42191123962402344, 0.8997220396995544, 0.11176439374685287, -0.06630083918571472, -0.09232518821954727, 0.9935191869735718),
            ["HumanoidRootPart"] = CFrame.new(0, 0, 0, 1, 0, 0, 0, 1, 0, 0, 0, 1),
            ["RightHand"] = CFrame.new(-2.3096799850463867e-07, 3.5762786865234375e-07, -2.9802322387695312e-08, 0.7164396047592163, 0.4975963234901428, -0.48899078369140625, -0.013649523258209229, 0.7107759118080139, 0.7032858729362488, 0.6975156664848328, -0.49718764424324036, 0.5160203576087952),
            ["LeftUpperArm"] = CFrame.new(2.384185791015625e-07, 0, 2.9802322387695312e-08, 0.28600168228149414, 0.9556048512458801, 0.07086866348981857, -0.9565416574478149, 0.2803289592266083, 0.08027371764183044, 0.0568433552980423, -0.09074728935956955, 0.9942504167556763),
            ["RightLowerArm"] = CFrame.new(1.7881393432617188e-07, 1.1920928955078125e-07, 3.725290298461914e-08, 1, -3.725290742551124e-09, 1.4901164746561335e-08, 3.5390257835388184e-08, 1, 7.450582373280668e-09, 0, -1.862645326866641e-08, 1),
            ["LeftHand"] = CFrame.new(2.086162567138672e-07, 5.960464477539063e-08, -1.4901161193847656e-08, 0.6004438400268555, -0.5369325280189514, 0.592596173286438, 0.5541350245475769, 0.8136606812477112, 0.175758495926857, -0.5765429139137268, 0.22284506261348724, 0.7860908508300781),
            ["RightUpperLeg"] = CFrame.new(5.960464477539063e-08, 3.5390257835388184e-08, 2.0656443666666746e-08, 0.9371169805526733, -0.19819319248199463, -0.28728222846984863, 0.29942503571510315, 0.8794589042663574, 0.36999595165252686, 0.17932215332984924, -0.43274885416030884, 0.883499801158905),
            ["LeftUpperLeg"] = CFrame.new(5.960464477539063e-08, 1.2014061212539673e-07, -1.4901161193847656e-08, 0.3345697820186615, 0.22623510658740997, -0.9148118495941162, -0.7446898221969604, -0.5314183235168457, -0.40377277135849, -0.577494740486145, 0.8163407444953918, -0.009321289137005806),
            ["RightLowerLeg"] = CFrame.new(3.725290298461914e-09, -0.0000603795051574707, -0.00007214972720248625, 1, 1.1920931797249068e-07, 3.725289587919178e-08, 1.4901161193847656e-08, 0.9999843835830688, 0.005599827039986849, 7.078051567077637e-08, -0.005600185599178076, 0.9999843239784241),
            ["RightFoot"] = CFrame.new(-3.725290298461914e-08, 4.76837158203125e-07, 5.420588422566652e-09, 0.669140636920929, 0.5966993570327759, -0.4429459571838379, -0.7311652302742004, 0.6351828575134277, -0.24887719750404358, 0.132846400141716, 0.49040064215660095, 0.8613124489784241),
            ["LeftLowerLeg"] = CFrame.new(-5.960464477539063e-08, 0.00006079673767089844, 0.00007210671901702881, 1, 5.960470161880949e-08, 5.215404996761208e-08, -6.70552182668871e-08, -0.11913278698921204, 0.992878258228302, 2.9802318834981634e-08, -0.9928784370422363, -0.11913333088159561),
        }},
        {Time = 0.017, Data = {
            ["LeftFoot"] = CFrame.new(-2.9802322387695312e-08, 0, -1.862645149230957e-09, 0.601952314376831, -0.7453770637512207, -0.2864713668823242, 0.7258942127227783, 0.660269021987915, -0.19267429411411285, 0.3327626585960388, -0.09196732938289642, 0.938515305519104),
            ["LeftLowerArm"] = CFrame.new(1.7881393432617188e-07, -3.5762786865234375e-07, -4.172325134277344e-07, 1, -2.2351738238057806e-08, -5.960464477539063e-08, 1.4901161193847656e-08, 1, -3.725290298461914e-09, 4.470348358154297e-08, -1.862644971595273e-08, 1),
            ["LowerTorso"] = CFrame.new(-0.2165638655424118, -0.9301655292510986, -0.08456230163574219, 0.7565985918045044, -0.5041908621788025, 0.41635334491729736, 0.4072292149066925, 0.8615133762359619, 0.3032475411891937, -0.5115886330604553, -0.059885431081056595, 0.8571410775184631),
            ["Head"] = CFrame.new(8.754432201385498e-08, 1.1920928955078125e-07, -4.0978193283081055e-08, 0.9221621155738831, 0.3608948588371277, -0.13918304443359375, -0.3777095675468445, 0.9177327752113342, -0.12289076298475266, 0.08338209986686707, 0.16589590907096863, 0.9826118350028992),
            ["RightUpperArm"] = CFrame.new(2.384185791015625e-07, 0, 2.9802322387695312e-08, 0.04087952896952629, -0.9626885652542114, -0.26750636100769043, 0.9693481922149658, -0.026704464107751846, 0.2442355453968048, -0.24226628243923187, -0.2692909240722656, 0.9320886731147766),
            ["UpperTorso"] = CFrame.new(1.1920928955078125e-07, 0, 4.470348358154297e-08, 0.8998772501945496, -0.43604621291160583, 0.009197860956192017, 0.43288013339042664, 0.895520806312561, 0.10323473066091537, -0.053251899778842926, -0.08891699463129044, 0.9946144819259644),
            ["HumanoidRootPart"] = CFrame.new(0, 0, 0, 1, 0, 0, 0, 1, 0, 0, 0, 1),
            ["RightHand"] = CFrame.new(-4.470348358154297e-08, 5.960464477539063e-08, 1.0244548320770264e-07, 0.6781216859817505, 0.5142238736152649, -0.5250951051712036, -0.014563530683517456, 0.723725438117981, 0.6899343729019165, 0.7348053455352783, -0.4602121412754059, 0.49826276302337646),
            ["LeftUpperArm"] = CFrame.new(5.960464477539063e-08, 2.384185791015625e-07, 0, 0.2655259370803833, 0.9608187675476074, 0.07951943576335907, -0.9606582522392273, 0.25670871138572693, 0.10600306838750839, 0.08143631368875504, -0.10453756153583527, 0.9911811947822571),
            ["RightLowerArm"] = CFrame.new(2.980232238769531e-07, 2.384185791015625e-07, -1.2479722499847412e-07, 1, 1.862645149230957e-08, 0, 1.4901161193847656e-08, 1, 5.587934559514451e-09, 5.587935447692871e-09, -1.30385160446167e-08, 1),
            ["LeftHand"] = CFrame.new(4.172325134277344e-07, -5.960464477539063e-08, -1.4901161193847656e-07, 0.621452808380127, -0.5619376301765442, 0.5459144711494446, 0.5497806072235107, 0.8092233538627625, 0.20712128281593323, -0.5581555962562561, 0.17141719162464142, 0.8118363618850708),
            ["RightUpperLeg"] = CFrame.new(2.384185791015625e-07, 1.8067657947540283e-07, 2.0656443666666746e-08, 0.9460189342498779, -0.2196236401796341, -0.23835605382919312, 0.28618890047073364, 0.9112246036529541, 0.2962527871131897, 0.15213191509246826, -0.34847578406333923, 0.9248895645141602),
            ["LeftUpperLeg"] = CFrame.new(1.1920928955078125e-07, -3.632158041000366e-08, 4.470348358154297e-08, 0.3314153552055359, 0.2333960086107254, -0.914160966873169, -0.7474976181983948, -0.5262481570243835, -0.4053514897823334, -0.5756832361221313, 0.8176730871200562, 0.000056549921282567084),
            ["RightLowerLeg"] = CFrame.new(2.384185791015625e-07, -0.00006014108657836914, -0.00007211247429950163, 1, 1.4901164746561335e-08, 2.9802318834981634e-08, 2.2351747119842003e-08, 0.9885920882225037, 0.1506178230047226, -1.0058285937475375e-07, -0.1506180465221405, 0.9885920882225037),
            ["RightFoot"] = CFrame.new(-7.450580596923828e-09, 2.384185791015625e-07, 1.6952981241047382e-09, 0.67146897315979, 0.5765947103500366, -0.4654764235019684, -0.7337164282798767, 0.6053586006164551, -0.30854639410972595, 0.10387381166219711, 0.548707127571106, 0.8295365571975708),
            ["LeftLowerLeg"] = CFrame.new(1.7881393432617188e-07, 0.000060617923736572266, 0.00007209181785583496, 1, 2.2351754580540728e-07, 6.146729703004894e-08, -8.940696716308594e-08, -0.10734102874994278, 0.9942222237586975, 1.7881393432617188e-07, -0.9942223429679871, -0.10734160244464874),
        }},
        {Time = 0.033, Data = {
            ["LeftFoot"] = CFrame.new(-5.960464477539063e-08, -5.960464477539063e-08, -2.7939677238464355e-08, 0.6023496985435486, -0.7465243935585022, -0.28262242674827576, 0.7303245663642883, 0.6583130359649658, -0.18234945833683014, 0.3221814036369324, -0.0965677946805954, 0.9417394995689392),
            ["LeftLowerArm"] = CFrame.new(-2.384185791015625e-07, 5.960464477539063e-08, 1.1920928955078125e-07, 1, 2.6077035641947077e-08, 5.960465188081798e-08, 3.7252898543727042e-09, 1, 1.4901162970204496e-08, -5.215405707303944e-08, -1.1175872671742582e-08, 1),
            ["LowerTorso"] = CFrame.new(-0.2083304226398468, -0.9252254962921143, -0.07883057743310928, 0.7567427754402161, -0.5053175687789917, 0.4147223234176636, 0.41235703229904175, 0.8612598180770874, 0.29697364568710327, -0.5072497129440308, -0.053718991577625275, 0.8601232767105103),
            ["Head"] = CFrame.new(-2.384185791015625e-07, 2.384185791015625e-07, 9.872019290924072e-08, 0.9142236113548279, 0.389213502407074, -0.11273100972175598, -0.4032396674156189, 0.901265025138855, -0.15849003195762634, 0.03991422429680824, 0.19035306572914124, 0.9809039831161499),
            ["RightUpperArm"] = CFrame.new(0, 2.384185791015625e-07, 1.7881393432617188e-07, 0.05658869445323944, -0.9636869430541992, -0.2609695494174957, 0.9667841792106628, -0.012364199385046959, 0.2552952766418457, -0.24925151467323303, -0.2667481303215027, 0.9309776425361633),
            ["UpperTorso"] = CFrame.new(0, 0, -7.450580596923828e-09, 0.8995947241783142, -0.43647584319114685, -0.014779360964894295, 0.4353659152984619, 0.8936112523078918, 0.10915763676166534, -0.03443782404065132, -0.10463200509548187, 0.9939146041870117),
            ["HumanoidRootPart"] = CFrame.new(0, 0, 0, 1, 0, 0, 0, 1, 0, 0, 0, 1),
            ["RightHand"] = CFrame.new(3.8743019104003906e-07, -4.172325134277344e-07, -3.166496753692627e-08, 0.6803833246231079, 0.5253421664237976, -0.5109742283821106, -0.031563639640808105, 0.7175951600074768, 0.6957446932792664, 0.7321764826774597, -0.4572449028491974, 0.5048215389251709),
            ["LeftUpperArm"] = CFrame.new(-1.1920928955078125e-07, 1.1920928955078125e-07, 5.960464477539063e-08, 0.2394995093345642, 0.9678277969360352, 0.07713291049003601, -0.9623022079467773, 0.22608207166194916, 0.1512002944946289, 0.12889759242534637, -0.11043746024370193, 0.9854892492294312),
            ["RightLowerArm"] = CFrame.new(-1.4901161193847656e-07, 2.384185791015625e-07, 1.7369166016578674e-07, 1, -1.862645149230957e-08, -1.0244548320770264e-08, 4.4703494239684005e-08, 1, 1.4435499906539917e-08, -4.656613761255812e-09, 3.632158041000366e-08, 1),
            ["LeftHand"] = CFrame.new(8.940696716308594e-08, -1.1920928955078125e-07, -1.4901161193847656e-08, 0.6264360547065735, -0.562541127204895, 0.5395602583885193, 0.5374986529350281, 0.8130651116371155, 0.22365246713161469, -0.5645114183425903, 0.1499088704586029, 0.8116984963417053),
            ["RightUpperLeg"] = CFrame.new(-5.960464477539063e-08, -3.166496753692627e-08, 1.3205863069742918e-08, 0.9547642469406128, -0.22324538230895996, -0.1964353322982788, 0.269846111536026, 0.9279941320419312, 0.2569238841533661, 0.12493392825126648, -0.2983093559741974, 0.9462575912475586),
            ["LeftUpperLeg"] = CFrame.new(5.960464477539063e-08, -1.2945383787155151e-07, 1.4901161193847656e-08, 0.3236719071865082, 0.23620480298995972, -0.9162116050720215, -0.7554918527603149, -0.5184488296508789, -0.4005534052848816, -0.5696213841438293, 0.8218382596969604, 0.010643668472766876),
            ["RightLowerLeg"] = CFrame.new(9.685754776000977e-08, -0.00006031990051269531, -0.00007205286965472624, 1, -4.470348358154297e-08, -7.078052277620372e-08, -3.725290653733282e-08, 0.9699054956436157, 0.24348171055316925, -2.2351745343485163e-08, -0.24348168075084686, 0.9699054956436157),
            ["RightFoot"] = CFrame.new(5.960464477539063e-08, 2.980232238769531e-07, -1.3205863069742918e-08, 0.6768301129341125, 0.5541098713874817, -0.4846278727054596, -0.7298347353935242, 0.5910785794258118, -0.3434624671936035, 0.09613722562789917, 0.5861641764640808, 0.8044684529304504),
            ["LeftLowerLeg"] = CFrame.new(1.6391277313232422e-07, 0.00006079673767089844, 0.00007207691669464111, 1, 8.940703821735951e-08, 9.49948883999241e-08, -1.4901164746561335e-08, -0.09546279162168503, 0.9954329133033752, 1.3411047916633834e-07, -0.9954330921173096, -0.09546343982219696),
        }},
        {Time = 0.050, Data = {
            ["LeftFoot"] = CFrame.new(1.043081283569336e-07, -5.960464477539063e-08, 4.563480615615845e-08, 0.603373646736145, -0.7458723187446594, -0.2821594178676605, 0.7347979545593262, 0.657480776309967, -0.16671055555343628, 0.30985844135284424, -0.10674130171537399, 0.9447718262672424),
            ["LeftLowerArm"] = CFrame.new(-1.1920928955078125e-07, 5.960464477539063e-08, -1.1920928955078125e-07, 1, -5.8673322200775146e-08, 5.587936335871291e-09, 3.073364496231079e-08, 1, -2.980232594040899e-08, -5.587935447692871e-09, 1.341104507446289e-07, 1),
            ["LowerTorso"] = CFrame.new(-0.19817659258842468, -0.9201805591583252, -0.07214627414941788, 0.7522741556167603, -0.5097699761390686, 0.4173944890499115, 0.42207881808280945, 0.8593294024467468, 0.2887948155403137, -0.5058982968330383, -0.04107952117919922, 0.8616144061088562),
            ["Head"] = CFrame.new(2.0489096641540527e-08, 0, -1.862645149230957e-09, 0.9054290652275085, 0.4132121503353119, -0.09723201394081116, -0.42449691891670227, 0.8808783888816833, -0.20941779017448425, -0.0008844734402373433, 0.23088765144348145, 0.9729800224304199),
            ["RightUpperArm"] = CFrame.new(-1.1920928955078125e-07, 0, -8.940696716308594e-08, 0.054227493703365326, -0.9661092758178711, -0.25237372517585754, 0.9734752178192139, -0.005111081060022116, 0.22873562574386597, -0.22227351367473602, -0.2580832540988922, 0.9402061700820923),
            ["UpperTorso"] = CFrame.new(4.842877388000488e-08, 8.940696716308594e-08, 4.470348358154297e-08, 0.9034371376037598, -0.4267529547214508, -0.0410287119448185, 0.4284672141075134, 0.8954681754112244, 0.12063495814800262, -0.014741333201527596, -0.12656554579734802, 0.9918487668037415),
            ["HumanoidRootPart"] = CFrame.new(0, 0, 0, 1, 0, 0, 0, 1, 0, 0, 0, 1),
            ["RightHand"] = CFrame.new(-8.940696716308594e-08, -5.960464477539063e-08, 2.3399479687213898e-08, 0.6893507838249207, 0.5265443921089172, -0.49754011631011963, -0.0482640266418457, 0.7186604738235474, 0.693684458732605, 0.72281813621521, -0.4541785717010498, 0.5208222270011902),
            ["LeftUpperArm"] = CFrame.new(0, 0, -8.940696716308594e-08, 0.20833373069763184, 0.9758628010749817, 0.06549022346735, -0.963250994682312, 0.19311219453811646, 0.18669535219669342, 0.1695420742034912, -0.10197848826646805, 0.9802325963973999),
            ["RightLowerArm"] = CFrame.new(-5.960464477539063e-08, 6.556510925292969e-07, -1.3364478945732117e-07, 1, 6.705524668859653e-08, -4.190951585769653e-08, -1.4901161193847656e-08, 1, -7.334165275096893e-09, -2.7008354663848877e-08, 7.31088505290245e-08, 1),
            ["LeftHand"] = CFrame.new(-1.3969838619232178e-07, 0, 1.1920928955078125e-07, 0.6214126348495483, -0.5498079657554626, 0.5581731200218201, 0.5233816504478455, 0.8214537501335144, 0.2264634072780609, -0.5830249786376953, 0.15141016244888306, 0.7982212901115417),
            ["RightUpperLeg"] = CFrame.new(1.1920928955078125e-07, 1.955777406692505e-08, 1.1751399142667651e-07, 0.9590334892272949, -0.2150382250547409, -0.1844271868467331, 0.25569841265678406, 0.9373188018798828, 0.23675286769866943, 0.12195612490177155, -0.2742116451263428, 0.9539050459861755),
            ["LeftUpperLeg"] = CFrame.new(1.1920928955078125e-07, -1.0617077350616455e-07, 5.960464477539063e-08, 0.31318414211273193, 0.23308391869068146, -0.9206451773643494, -0.764909565448761, -0.5126553177833557, -0.38999754190444946, -0.5628758072853088, 0.8263512849807739, 0.01773298718035221),
            ["RightLowerLeg"] = CFrame.new(-1.1175870895385742e-07, -0.00006031990051269531, -0.00007204541907412931, 1, -2.0861632776814076e-07, -1.0058280253133489e-07, -9.685754776000977e-08, 0.9567153453826904, 0.2910251319408417, -6.705522537231445e-08, -0.2910255789756775, 0.9567154049873352),
            ["RightFoot"] = CFrame.new(4.470348358154297e-08, 4.172325134277344e-07, 1.6952981241047382e-09, 0.683986246585846, 0.5448458790779114, -0.48508399724960327, -0.7239000201225281, 0.5891362428665161, -0.3590086102485657, 0.09017609059810638, 0.5967090129852295, 0.7973747253417969),
            ["LeftLowerLeg"] = CFrame.new(1.4901161193847656e-07, 0.00006079673767089844, 0.00007203221321105957, 1, 5.960468030252741e-08, 1.9371513815258368e-07, 0, -0.0797962173819542, 0.9968112111091614, 7.450580596923828e-08, -0.9968112111091614, -0.0797969177365303),
        }},
        {Time = 0.067, Data = {
            ["LeftFoot"] = CFrame.new(3.725290298461914e-08, 5.960464477539063e-08, 6.891787052154541e-08, 0.606776237487793, -0.7447261810302734, -0.2778577208518982, 0.7372221946716309, 0.657964289188385, -0.15358364582061768, 0.29719722270965576, -0.11165200918912888, 0.9482653737068176),
            ["LeftLowerArm"] = CFrame.new(8.940696716308594e-08, 0, 2.9802322387695312e-08, 1, 1.0244550985305523e-08, 2.2351747119842003e-08, 6.239862671009178e-08, 1, 5.960465898624534e-08, 3.3527619791584584e-08, 4.097820394122209e-08, 1),
            ["LowerTorso"] = CFrame.new(-0.18774157762527466, -0.9130755662918091, -0.06282354891300201, 0.7526307702064514, -0.5107696652412415, 0.41552528738975525, 0.4287542700767517, 0.8591158390045166, 0.27944549918174744, -0.4997166395187378, -0.03216104209423065, 0.8655916452407837),
            ["Head"] = CFrame.new(1.2665987014770508e-07, -1.1920928955078125e-07, 5.774199962615967e-08, 0.898883581161499, 0.4274854063987732, -0.09625227004289627, -0.43700143694877625, 0.8584049344062805, -0.2686462104320526, -0.032218992710113525, 0.2835441529750824, 0.9584178328514099),
            ["RightUpperArm"] = CFrame.new(0, -2.384185791015625e-07, 2.9802322387695312e-08, 0.046273380517959595, -0.9691900014877319, -0.24192896485328674, 0.9822731614112854, 0.00010539406503085047, 0.18745550513267517, -0.18165452778339386, -0.24631443619728088, 0.9520140886306763),
            ["UpperTorso"] = CFrame.new(-7.450580596923828e-09, -1.1920928955078125e-07, 2.9802322387695312e-08, 0.9060009717941284, -0.4195491671562195, -0.05604378879070282, 0.42323949933052063, 0.8962131142616272, 0.13293011486530304, -0.005543471779674292, -0.14415475726127625, 0.989539623260498),
            ["HumanoidRootPart"] = CFrame.new(0, 0, 0, 1, 0, 0, 0, 1, 0, 0, 0, 1),
            ["RightHand"] = CFrame.new(-4.0978193283081055e-07, 1.7881393432617188e-07, 4.6566128730773926e-08, 0.6869608759880066, 0.5218138694763184, -0.5057619214057922, -0.042768821120262146, 0.7238013744354248, 0.6886816620826721, 0.7254348397254944, -0.45146650075912476, 0.5195406079292297),
            ["LeftUpperArm"] = CFrame.new(0, -1.1920928955078125e-07, 5.960464477539063e-08, 0.17007647454738617, 0.9843761324882507, 0.045582082122564316, -0.9676256775856018, 0.1580713391304016, 0.19675879180431366, 0.1864793747663498, -0.07757050544023514, 0.979391872882843),
            ["RightLowerArm"] = CFrame.new(4.172325134277344e-07, -2.384185791015625e-07, 8.381903171539307e-08, 1, -1.1175869119028903e-08, -9.313224857976365e-09, 2.0489096641540527e-08, 1, -2.9802318834981634e-08, -3.725290298461914e-09, -4.284083487959833e-08, 1),
            ["LeftHand"] = CFrame.new(2.60770320892334e-08, -1.1920928955078125e-07, -2.9802322387695312e-08, 0.6381377577781677, -0.5361066460609436, 0.5526026487350464, 0.5042635202407837, 0.8333971500396729, 0.22620244324207306, -0.5818062424659729, 0.13430894911289215, 0.8021613955497742),
            ["RightUpperLeg"] = CFrame.new(1.1920928955078125e-07, 4.377216100692749e-08, 5.790934665128589e-08, 0.9560914039611816, -0.2169102281332016, -0.1970769464969635, 0.2571277916431427, 0.943517804145813, 0.2089485079050064, 0.14062239229679108, -0.2504478693008423, 0.9578628540039062),
            ["LeftUpperLeg"] = CFrame.new(-1.1920928955078125e-07, -1.1175870895385742e-07, -5.960464477539063e-08, 0.3056149184703827, 0.2380005270242691, -0.9219301342964172, -0.7729772925376892, -0.5033581852912903, -0.38618215918540955, -0.5559727549552917, 0.8306541442871094, 0.03013548254966736),
            ["RightLowerLeg"] = CFrame.new(1.7881393432617188e-07, -0.00006031990051269531, -0.00007204541907412931, 1, -7.4505820180093e-08, 7.4505797087454084e-09, 1.378357126213814e-07, 0.944671630859375, 0.32801732420921326, 7.450578820566989e-09, -0.32801786065101624, 0.9446717500686646),
            ["RightFoot"] = CFrame.new(3.725290298461914e-08, 3.5762786865234375e-07, 1.6596459317952394e-08, 0.6889692544937134, 0.5580000877380371, -0.4625553786754608, -0.7217188477516174, 0.5868680477142334, -0.3670252561569214, 0.06665865331888199, 0.5867041945457458, 0.80705326795578),
            ["LeftLowerLeg"] = CFrame.new(1.4901161193847656e-08, 0.00006085634231567383, 0.00007210671901702881, 1, 8.940703111193216e-08, 8.940695295223122e-08, 7.450583261459087e-09, -0.06449217349290848, 0.9979181289672852, 1.6391282997574308e-07, -0.9979183077812195, -0.06449299305677414),
        }},
        {Time = 0.083, Data = {
            ["LeftFoot"] = CFrame.new(0, 5.960464477539063e-08, -1.0244548320770264e-08, 0.6108790636062622, -0.7453728318214417, -0.2669180631637573, 0.7408593893051147, 0.6570594310760498, -0.13928934931755066, 0.279202938079834, -0.11265964061021805, 0.9536001086235046),
            ["LeftLowerArm"] = CFrame.new(2.086162567138672e-07, -1.1920928955078125e-07, 5.960464477539063e-08, 1, 1.1175872671742582e-08, 2.2351738238057806e-08, 2.607702853651972e-08, 1, -2.607702853651972e-08, 1.4901159417490817e-08, -3.3527616238870905e-08, 1),
            ["LowerTorso"] = CFrame.new(-0.17522108554840088, -0.9033560752868652, -0.05190969258546829, 0.7536830902099609, -0.514150083065033, 0.40940383076667786, 0.4327760934829712, 0.8570435643196106, 0.2796090245246887, -0.4946379065513611, -0.03355640545487404, 0.8684511184692383),
            ["Head"] = CFrame.new(-4.540197551250458e-08, 0, -3.166496753692627e-08, 0.9001947641372681, 0.41775956749916077, -0.12298978865146637, -0.43420976400375366, 0.8393945693969727, -0.326923131942749, -0.03333856537938118, 0.3476978838443756, 0.9370138049125671),
            ["RightUpperArm"] = CFrame.new(2.384185791015625e-07, 0, -5.960464477539063e-08, 0.03286490589380264, -0.9731731414794922, -0.22771507501602173, 0.9871865510940552, -0.003988660406321287, 0.1595209836959839, -0.1561497151851654, -0.23003968596458435, 0.9605722427368164),
            ["UpperTorso"] = CFrame.new(-7.450580596923828e-09, 5.960464477539063e-08, 4.470348358154297e-08, 0.9103381037712097, -0.410097599029541, -0.055718082934617996, 0.4138251841068268, 0.9000864624977112, 0.1363569051027298, -0.005768360570073128, -0.14718849956989288, 0.9890917539596558),
            ["HumanoidRootPart"] = CFrame.new(0, 0, 0, 1, 0, 0, 0, 1, 0, 0, 0, 1),
            ["RightHand"] = CFrame.new(-2.9802322387695312e-08, 6.556510925292969e-07, -2.0489096641540527e-08, 0.6716122627258301, 0.5126805305480957, -0.5348790884017944, -0.032384295016527176, 0.7415520548820496, 0.6701135039329529, 0.7401946783065796, -0.43273475766181946, 0.5146381855010986),
            ["LeftUpperArm"] = CFrame.new(0, -1.1920928955078125e-07, -5.960464477539063e-08, 0.12547741830348969, 0.9920927882194519, 0.002723757177591324, -0.9676089286804199, 0.12177370488643646, 0.2211432307958603, 0.21906286478042603, -0.03038422390818596, 0.9752375483512878),
            ["RightLowerArm"] = CFrame.new(0, 7.152557373046875e-07, -7.450580596923828e-08, 1, -2.0489101970611046e-08, 2.2351745343485163e-08, 6.33299421792799e-08, 1, 1.4901162970204496e-08, -3.725290742551124e-09, -1.3038519597330378e-08, 1),
            ["LeftHand"] = CFrame.new(1.1175870895385742e-07, -1.1920928955078125e-07, -1.1920928955078125e-07, 0.6689324975013733, -0.522722601890564, 0.5284789800643921, 0.4813934564590454, 0.8463780879974365, 0.22782622277736664, -0.5663830637931824, 0.10200591385364532, 0.8178051710128784),
            ["RightUpperLeg"] = CFrame.new(0, -1.1082738637924194e-07, 8.026108844205737e-08, 0.9502558708190918, -0.22026799619197845, -0.22021763026714325, 0.2604106664657593, 0.9497380256652832, 0.17373551428318024, 0.17088067531585693, -0.22244052588939667, 0.959854245185852),
            ["LeftUpperLeg"] = CFrame.new(-5.960464477539063e-08, -6.51925802230835e-08, 2.9802322387695312e-08, 0.3007160425186157, 0.24409599602222443, -0.9219474792480469, -0.7782682776451111, -0.4959366023540497, -0.3851560950279236, -0.551242470741272, 0.8333450555801392, 0.04083641991019249),
            ["RightLowerLeg"] = CFrame.new(1.4901161193847656e-07, -0.0000603795051574707, -0.00007209757313830778, 1, -1.043081283569336e-07, 0, 1.1920930376163597e-07, 0.9356720447540283, 0.3528709411621094, -9.685756197086448e-08, -0.3528708517551422, 0.9356721043586731),
            ["RightFoot"] = CFrame.new(-2.2351741790771484e-08, 3.5762786865234375e-07, 1.6952981241047382e-09, 0.6899604797363281, 0.5788769125938416, -0.4345763325691223, -0.7226353287696838, 0.5855770707130432, -0.3672836422920227, 0.04186553880572319, 0.5674514174461365, 0.8223419189453125),
            ["LeftLowerLeg"] = CFrame.new(1.1920928955078125e-07, 0.000060617923736572266, 0.00007200241088867188, 1, 1.3411050758804777e-07, 1.2293455142753373e-07, -4.842878098543224e-08, -0.043671734631061554, 0.9990459680557251, 2.980232594040899e-08, -0.9990460276603699, -0.043672241270542145),
        }},
        {Time = 0.100, Data = {
            ["LeftFoot"] = CFrame.new(4.470348358154297e-08, -1.1920928955078125e-07, -1.6391277313232422e-07, 0.613204836845398, -0.7492037415504456, -0.25034499168395996, 0.7485074400901794, 0.652375340461731, -0.11893078684806824, 0.25242143869400024, -0.114456407725811, 0.9608240127563477),
            ["LeftLowerArm"] = CFrame.new(-3.8743019104003906e-07, 0, 2.9802322387695312e-08, 1, 2.2351741790771484e-08, -2.2351745343485163e-08, 0, 1, 1.1175872671742582e-08, -1.4901161193847656e-08, 8.568167686462402e-08, 1),
            ["LowerTorso"] = CFrame.new(-0.15995106101036072, -0.8934735059738159, -0.03839036449790001, 0.7521573305130005, -0.5219267010688782, 0.4023083746433258, 0.43575310707092285, 0.8518959283828735, 0.2905043959617615, -0.49434685707092285, -0.04319790005683899, 0.8681907653808594),
            ["Head"] = CFrame.new(-2.2118911147117615e-09, 0, -3.4924596548080444e-08, 0.910189151763916, 0.3803235590457916, -0.16404230892658234, -0.4140733778476715, 0.8260002136230469, -0.3824487328529358, -0.009955362416803837, 0.4160262942314148, 0.9092981219291687),
            ["RightUpperArm"] = CFrame.new(0, 0, 1.4901161193847656e-07, 0.008928431198000908, -0.9782263040542603, -0.20734937489032745, 0.9901825189590454, -0.020277701318264008, 0.1383025050163269, -0.13949573040008545, -0.20654843747615814, 0.9684414267539978),
            ["UpperTorso"] = CFrame.new(2.421438694000244e-08, -2.9802322387695312e-08, 4.0978193283081055e-08, 0.9184490442276001, -0.39263424277305603, -0.047851014882326126, 0.3954733908176422, 0.9093427062034607, 0.1292162984609604, -0.007221566513180733, -0.1376023143529892, 0.9904612898826599),
            ["HumanoidRootPart"] = CFrame.new(0, 0, 0, 1, 0, 0, 0, 1, 0, 0, 0, 1),
            ["RightHand"] = CFrame.new(7.450580596923828e-08, 1.1920928955078125e-07, 1.1920928955078125e-07, 0.6377456784248352, 0.4808824956417084, -0.6016915440559387, 0.01957152970135212, 0.7707976698875427, 0.6367793083190918, 0.7699983716011047, -0.41787922382354736, 0.48216113448143005),
            ["LeftUpperArm"] = CFrame.new(1.1920928955078125e-07, 0, -2.9802322387695312e-08, 0.0771765187382698, 0.9952408075332642, -0.05949494242668152, -0.9587416648864746, 0.090457022190094, 0.2695033848285675, 0.2736024856567383, 0.036240823566913605, 0.9611599445343018),
            ["RightLowerArm"] = CFrame.new(-1.7881393432617188e-07, -2.384185791015625e-07, -8.195638656616211e-08, 1, 5.960465188081798e-08, 3.725290742551124e-09, 7.450581485102248e-09, 1, 3.3527616238870905e-08, 0, 7.450581485102248e-09, 1),
            ["LeftHand"] = CFrame.new(-2.8312206268310547e-07, 1.1920928955078125e-07, -2.2351741790771484e-08, 0.7016786932945251, -0.5033066272735596, 0.5043107271194458, 0.45917433500289917, 0.8606568574905396, 0.22006556391716003, -0.5447990298271179, 0.0771511122584343, 0.8350101113319397),
            ["RightUpperLeg"] = CFrame.new(5.960464477539063e-08, -8.102506399154663e-08, 4.300818545743823e-08, 0.9416517019271851, -0.21861545741558075, -0.2559279799461365, 0.26239264011383057, 0.953015923500061, 0.15136362612247467, 0.21081317961215973, -0.20968544483184814, 0.9547722339630127),
            ["LeftUpperLeg"] = CFrame.new(-5.960464477539063e-08, -2.8870999813079834e-08, 0, 0.2964820861816406, 0.24357329308986664, -0.923455536365509, -0.782699465751648, -0.49209195375442505, -0.38108736276626587, -0.5472477078437805, 0.8357737064361572, 0.04474801942706108),
            ["RightLowerLeg"] = CFrame.new(7.82310962677002e-08, -0.000060498714447021484, -0.00007205286965472624, 1, -8.940698847936801e-08, 1.4901162970204496e-08, 3.725290653733282e-08, 0.9442967772483826, 0.3290950059890747, -1.1175872316471214e-07, -0.32909539341926575, 0.9442968964576721),
            ["RightFoot"] = CFrame.new(-1.1175870895385742e-07, 4.172325134277344e-07, 1.6596459317952394e-08, 0.6669151186943054, 0.6342743635177612, -0.3910515606403351, -0.7449166178703308, 0.5801938772201538, -0.32935309410095215, 0.017985211685299873, 0.5109513401985168, 0.85942143201828),
            ["LeftLowerLeg"] = CFrame.new(5.960464477539063e-08, 0.000060677528381347656, 0.0000721365213394165, 1, 5.960467319710006e-08, 1.1920928955078125e-07, -1.0803340444454079e-07, -0.015862852334976196, 0.9998742341995239, 2.9802318834981634e-08, -0.9998742341995239, -0.015863485634326935),
        }},
        {Time = 0.117, Data = {
            ["LeftFoot"] = CFrame.new(-1.4901161193847656e-08, 0, -3.725290298461914e-08, 0.6142097115516663, -0.7548571825027466, -0.2300797700881958, 0.7573082447052002, 0.6457993984222412, -0.0970979854464531, 0.22187981009483337, -0.11460299789905548, 0.9683157801628113),
            ["LeftLowerArm"] = CFrame.new(-2.9802322387695312e-08, 1.1920928955078125e-07, -2.384185791015625e-07, 1, -7.450580596923828e-09, -2.980232594040899e-08, -2.9802322387695312e-08, 0.9978213906288147, -0.06597363203763962, -5.587935447692871e-08, 0.06597364693880081, 0.9978213906288147),
            ["LowerTorso"] = CFrame.new(-0.14334556460380554, -0.8837918043136597, -0.02184813655912876, 0.7533472180366516, -0.5262595415115356, 0.39435893297195435, 0.4356311559677124, 0.8485837578773499, 0.3002186417579651, -0.49263954162597656, -0.0543738454580307, 0.8685331344604492),
            ["Head"] = CFrame.new(-6.51925802230835e-09, 0, -6.449408829212189e-08, 0.9213215112686157, 0.326163113117218, -0.2116231769323349, -0.3876722455024719, 0.8121037483215332, -0.43611690402030945, 0.029614556580781937, 0.48384419083595276, 0.8746529221534729),
            ["RightUpperArm"] = CFrame.new(0, 0, 0, -0.02573634870350361, -0.9841257929801941, -0.17559637129306793, 0.993035614490509, -0.04536982253193855, 0.10872890055179596, -0.11496961861848831, -0.17157503962516785, 0.9784395694732666),
            ["UpperTorso"] = CFrame.new(1.862645149230957e-09, 2.9802322387695312e-08, -1.862645149230957e-08, 0.9267158508300781, -0.37390416860580444, -0.03733031451702118, 0.37561413645744324, 0.9189682006835938, 0.12004868686199188, -0.010581287555396557, -0.12527278065681458, 0.9920659065246582),
            ["HumanoidRootPart"] = CFrame.new(0, 0, 0, 1, 0, 0, 0, 1, 0, 0, 0, 1),
            ["RightHand"] = CFrame.new(1.1175870895385742e-07, 2.384185791015625e-07, 1.1920928955078125e-07, 0.5876519680023193, 0.41017499566078186, -0.6974393129348755, 0.10160255432128906, 0.8177472949028015, 0.5665388107299805, 0.8027092814445496, -0.40378934144973755, 0.43887609243392944),
            ["LeftUpperArm"] = CFrame.new(1.1920928955078125e-07, -2.384185791015625e-07, 0, 0.025870151817798615, 0.9915263652801514, -0.12730413675308228, -0.9429795145988464, 0.06647779792547226, 0.3261447846889496, 0.3318439722061157, 0.1116076111793518, 0.9367087483406067),
            ["RightLowerArm"] = CFrame.new(1.1920928955078125e-07, -1.1920928955078125e-07, 2.682209014892578e-07, 1, -2.60770320892334e-08, 1.1175869119028903e-08, -1.303851249190302e-08, 1, 7.4505797087454084e-09, 3.352760558072987e-08, -7.450580596923828e-09, 1),
            ["LeftHand"] = CFrame.new(5.960464477539063e-08, 0, -1.4901161193847656e-08, 0.7329067587852478, -0.454803466796875, 0.5059658885002136, 0.3770391643047333, 0.8905813694000244, 0.25437480211257935, -0.5662943124771118, 0.004335765261203051, 0.8241918087005615),
            ["RightUpperLeg"] = CFrame.new(0, 5.960464477539063e-08, -8.365168469026685e-08, 0.9326117634773254, -0.2280222624540329, -0.2797168493270874, 0.26413416862487793, 0.9594395160675049, 0.09853314608335495, 0.24590365588665009, -0.1657760888338089, 0.9550129175186157),
            ["LeftUpperLeg"] = CFrame.new(0, 6.891787052154541e-08, 4.470348358154297e-08, 0.2937665581703186, 0.24558338522911072, -0.9237911105155945, -0.7888570427894592, -0.4834946095943451, -0.37939098477363586, -0.5398202538490295, 0.8401915431022644, 0.051695968955755234),
            ["RightLowerLeg"] = CFrame.new(1.1175870895385742e-08, -0.00006026029586791992, -0.0000721348260412924, 1, -1.3411050758804777e-07, 0, 5.5879368687783426e-08, 0.9321263432502747, 0.36213284730911255, -3.72529100900465e-08, -0.362133264541626, 0.9321265816688538),
            ["RightFoot"] = CFrame.new(-5.960464477539063e-08, 3.5762786865234375e-07, -2.0656443666666746e-08, 0.6498088836669922, 0.6728966236114502, -0.35349544882774353, -0.7600315809249878, 0.569075345993042, -0.31385526061058044, -0.01002664864063263, 0.47261351346969604, 0.8812127709388733),
            ["LeftLowerLeg"] = CFrame.new(1.7881393432617188e-07, 0.000060498714447021484, 0.00007222592830657959, 1, 1.49011640360186e-07, 2.607702498380604e-08, -7.078051567077637e-08, 0.014263872057199478, 0.9998983144760132, 7.450580596923828e-08, -0.9998983144760132, 0.014263179153203964),
        }},
        {Time = 0.133, Data = {
            ["LeftFoot"] = CFrame.new(1.4901161193847656e-08, 5.960464477539063e-08, -7.450580596923828e-08, 0.6148410439491272, -0.7598575353622437, -0.21115483343601227, 0.7651126384735107, 0.6396385431289673, -0.07393404096364975, 0.19124111533164978, -0.11609950661659241, 0.9746525287628174),
            ["LeftLowerArm"] = CFrame.new(4.172325134277344e-07, -5.960464477539063e-08, 5.960464477539063e-08, 1, -8.940696716308594e-08, 2.2351745343485163e-08, -2.2351745343485163e-08, 0.9852181077003479, -0.1713048666715622, 5.2154071283894154e-08, 0.17130480706691742, 0.9852181673049927),
            ["LowerTorso"] = CFrame.new(-0.12520121037960052, -0.8744266033172607, -0.0034949849359691143, 0.7570459842681885, -0.5249924659729004, 0.38892701268196106, 0.4332005977630615, 0.8489405512809753, 0.3027164936065674, -0.48909977078437805, -0.06068689376115799, 0.8701140880584717),
            ["Head"] = CFrame.new(-2.7508940547704697e-07, -1.1920928955078125e-07, -6.05359673500061e-09, 0.9268710613250732, 0.2742273807525635, -0.2563383877277374, -0.36883309483528137, 0.7922828793525696, -0.48605576157569885, 0.06980250030755997, 0.5450571775436401, 0.8354881405830383),
            ["RightUpperArm"] = CFrame.new(-2.384185791015625e-07, -1.1920928955078125e-07, 5.960464477539063e-08, -0.07208433002233505, -0.9901723265647888, -0.11984477192163467, 0.9946607351303101, -0.080262191593647, 0.06486913561820984, -0.07385054230690002, -0.11452876031398773, 0.9906711578369141),
            ["UpperTorso"] = CFrame.new(-2.1420419216156006e-08, -8.940696716308594e-08, -6.51925802230835e-08, 0.9341636300086975, -0.3555361032485962, -0.030531834810972214, 0.356642484664917, 0.9273293018341064, 0.11343199014663696, -0.012016084976494312, -0.11685299128293991, 0.993076503276825),
            ["HumanoidRootPart"] = CFrame.new(0, 0, 0, 1, 0, 0, 0, 1, 0, 0, 0, 1),
            ["RightHand"] = CFrame.new(-1.4901161193847656e-08, 0, 1.4901161193847656e-07, 0.49349483847618103, 0.3105044960975647, -0.8124345541000366, 0.20784804224967957, 0.8649349808692932, 0.4568222165107727, 0.8445484042167664, -0.3943024277687073, 0.3623032867908478),
            ["LeftUpperArm"] = CFrame.new(-1.1920928955078125e-07, -1.1920928955078125e-07, 2.9802322387695312e-08, -0.017901403829455376, 0.9797594547271729, -0.19937703013420105, -0.9376570582389832, 0.05277487635612488, 0.3435320258140564, 0.34710076451301575, 0.19309686124324799, 0.9177334308624268),
            ["RightLowerArm"] = CFrame.new(-2.9802322387695312e-08, 4.76837158203125e-07, 1.341104507446289e-07, 1, 1.3969842171945857e-08, -1.862645593320167e-09, 9.31322685637781e-10, 1, 0, -1.1175872671742582e-08, 4.4703494239684005e-08, 1),
            ["LeftHand"] = CFrame.new(1.9371509552001953e-07, -1.1920928955078125e-07, -1.4901161193847656e-07, 0.7662703394889832, -0.37283891439437866, 0.5232787728309631, 0.24434904754161835, 0.9223261475563049, 0.2993464767932892, -0.5942417979240417, -0.10151773691177368, 0.7978540658950806),
            ["RightUpperLeg"] = CFrame.new(0, -1.5832483768463135e-08, -6.129994289949536e-08, 0.9242767095565796, -0.24447035789489746, -0.29316723346710205, 0.2655096650123596, 0.9635223746299744, 0.033604446798563004, 0.2742577791213989, -0.10889874398708344, 0.9554703831672668),
            ["LeftUpperLeg"] = CFrame.new(0, -1.3969838619232178e-08, -2.9802322387695312e-08, 0.2932724356651306, 0.25231704115867615, -0.9221320152282715, -0.7971504926681519, -0.4679338037967682, -0.3815612196922302, -0.5277711153030396, 0.8469793796539307, 0.06390289217233658),
            ["RightLowerLeg"] = CFrame.new(1.6763806343078613e-07, -0.000060558319091796875, -0.00007197091326816007, 1, -1.1175870895385742e-07, -7.450579886381092e-08, 1.0384248128048057e-07, 0.9031970500946045, 0.42922618985176086, -2.980232594040899e-08, -0.4292263090610504, 0.9031969904899597),
            ["RightFoot"] = CFrame.new(9.685754776000977e-08, 1.7881393432617188e-07, -2.1122104953974485e-08, 0.6334711909294128, 0.7005609273910522, -0.32852616906166077, -0.7730162143707275, 0.5542904138565063, -0.3085569441318512, -0.0340639166533947, 0.4494180381298065, 0.8926720023155212),
            ["LeftLowerLeg"] = CFrame.new(5.960464477539063e-08, 0.000060498714447021484, 0.00007200241088867188, 1, 4.470350489782504e-08, 9.313222193441106e-08, 5.5879340266073996e-08, 0.04696941375732422, 0.9988964200019836, 2.9802315282267955e-08, -0.9988963603973389, 0.046968650072813034),
        }},
        {Time = 0.150, Data = {
