return {
    ["Glyphic"] = {
        {Time = 0.000, Data = {
            ["LeftFoot"] = CFrame.new(8.195638656616211e-08, -1.1920928955078125e-07, 1.1175870895385742e-08, 0.9972836971282959, -0.05932297930121422, -0.04365808144211769, 0.023445557802915573, 0.8175697326660156, -0.575352132320404, 0.06982516497373581, 0.5727657079696655, 0.8167397379875183),
            ["LeftLowerArm"] = CFrame.new(0.0000014901161193847656, -5.364418029785156e-07, 0.000004827976226806641, 1, 8.84756374830431e-08, -6.041955913360653e-08, -4.353932681055994e-08, 0.5199243426322937, -0.8542124032974243, -6.053596024457875e-08, 0.8542123436927795, 0.5199242830276489),
            ["LowerTorso"] = CFrame.new(0.043357253074645996, -0.7671399116516113, -0.29441404342651367, 0.9733350276947021, -0.061372656375169754, 0.22102557122707367, 0.05710627883672714, 0.998038649559021, 0.025647416710853577, -0.22216612100601196, -0.012341581284999847, 0.9749307036399841),
            ["Head"] = CFrame.new(8.207280188798904e-09, -8.344650268554688e-07, 2.4156179279088974e-09, 0.9991976618766785, 0.03899345546960831, 0.00914684496819973, -0.03987447917461395, 0.9899548888206482, 0.1356443166732788, -0.003765745786949992, -0.1359003633260727, 0.9907153844833374),
            ["RightUpperArm"] = CFrame.new(-0.030756711959838867, -0.012914419174194336, 0.05451564863324165, 0.7296615242958069, -0.6834839582443237, 0.02106664329767227, -0.004397265147417784, -0.03549707680940628, -0.9993601441383362, 0.683794379234314, 0.7291019558906555, -0.028906280174851418),
            ["UpperTorso"] = CFrame.new(-1.1175870895385742e-08, 5.960464477539063e-08, 4.284083843231201e-08, 0.9727582335472107, -0.012452421709895134, -0.23148757219314575, -0.022431842982769012, 0.9888144731521606, -0.14745453000068665, 0.2307344675064087, 0.1486303061246872, 0.9615979790687561),
            ["HumanoidRootPart"] = CFrame.new(0, 0, 0, 1, 0, 0, 0, 1, 0, 0, 0, 1),
            ["RightHand"] = CFrame.new(2.2351741790771484e-07, 0.0000012516975402832031, -7.450580596923828e-07, 0.3743099570274353, -0.9270243644714355, -0.02275485172867775, 0.9012460708618164, 0.3694588243961334, -0.22639749944210052, 0.2182832956314087, 0.06423521786928177, 0.9737691879272461),
            ["LeftUpperArm"] = CFrame.new(0.02633434534072876, -0.036005616188049316, 0.05365248769521713, 0.6492691040039062, 0.6990028619766235, -0.29974091053009033, -0.12277598679065704, -0.29260939359664917, -0.9483174085617065, -0.7505835294723511, 0.6525142192840576, -0.10416147112846375),
            ["RightLowerArm"] = CFrame.new(1.4901161193847656e-07, 7.152557373046875e-07, -0.000003606081008911133, 1, -0.00001205503758683335, 0.000015292320313164964, 0.000019035302102565765, 0.4285799562931061, -0.903503954410553, 0.000004351139068603516, 0.9035038352012634, 0.4285798668861389),
            ["LeftHand"] = CFrame.new(-0.000001562759280204773, -0.0000010132789611816406, 3.129243850708008e-07, 0.37120574712753296, 0.9183644652366638, 0.13715922832489014, -0.8522042036056519, 0.39560380578041077, -0.34241175651550293, -0.36871984601020813, 0.010217570699751377, 0.9294845461845398),
            ["RightUpperLeg"] = CFrame.new(0, 1.0570511221885681e-07, 4.6733475755900145e-08, 0.9322414398193359, -0.21750907599925995, -0.2891637682914734, -0.1756782829761505, 0.42656180262565613, -0.8872330188751221, 0.31632736325263977, 0.87791508436203, 0.35944685339927673),
            ["LeftUpperLeg"] = CFrame.new(-2.9802322387695312e-08, 2.200249582529068e-07, 2.9802322387695312e-08, 0.9734953045845032, 0.19890950620174408, -0.11287988722324371, -0.17591457068920135, 0.9666318297386169, 0.18621774017810822, 0.14615373313426971, -0.16142483055591583, 0.9760026335716248),
            ["RightLowerLeg"] = CFrame.new(-5.960464477539063e-08, -0.0007263422012329102, 0.00004591962351696566, 1, 1.341104507446289e-07, 1.1711387060131528e-07, -8.568167686462402e-08, -0.3087179958820343, 0.9511536359786987, 2.086162567138672e-07, -0.9511536955833435, -0.3087180256843567),
            ["RightFoot"] = CFrame.new(1.862645149230957e-07, -5.960464477539063e-08, -6.035406840965152e-08, 0.9927523136138916, -0.11513161659240723, -0.03446432948112488, 0.05773055553436279, 0.7083777785301208, -0.703468382358551, 0.1054052859544754, 0.6963804960250854, 0.7098904252052307),
            ["LeftLowerLeg"] = CFrame.new(6.391201168298721e-08, -0.0007265806198120117, 0.00008098874241113663, 1, 7.264316792543468e-08, 7.636844401304188e-08, -8.847562327218839e-08, 0.13293901085853577, 0.9911242127418518, 5.401669511684304e-08, -0.9911242127418518, 0.132938951253891),
        }},
        {Time = 0.033, Data = {
            ["LeftFoot"] = CFrame.new(1.862645149230957e-08, -5.960464477539063e-08, 2.2351741790771484e-08, 0.9967642426490784, -0.06519653648138046, -0.047017309814691544, 0.025611812248826027, 0.8120377659797668, -0.5830421447753906, 0.07619229704141617, 0.5799517631530762, 0.8110803961753845),
            ["LeftLowerArm"] = CFrame.new(0.0000014901161193847656, -5.960464477539063e-08, 0.000005431473255157471, 1, 9.872020712009544e-08, -3.247988189514217e-08, -1.1688099732509727e-07, 0.47156834602355957, -0.8818296790122986, -7.357449050005016e-08, 0.8818296194076538, 0.47156822681427),
            ["LowerTorso"] = CFrame.new(0.049931641668081284, -0.774164080619812, -0.29723477363586426, 0.9728575348854065, -0.06809451431035995, 0.2211591601371765, 0.06382887810468674, 0.9976119995117188, 0.026385946199297905, -0.22242775559425354, -0.011553420685231686, 0.9748808145523071),
            ["Head"] = CFrame.new(-4.94765117764473e-09, -5.960464477539062e-07, -5.820766091346741e-09, 0.9993385076522827, 0.03554327413439751, 0.0076936883851885796, -0.03626501187682152, 0.989780604839325, 0.13791075348854065, -0.002713199704885483, -0.13809865713119507, 0.9904147982597351),
            ["RightUpperArm"] = CFrame.new(-0.03131967782974243, -0.011366486549377441, 0.050419650971889496, 0.7751595377922058, -0.6314837336540222, 0.01886947825551033, -0.03408088907599449, -0.0716220960021019, -0.9968494176864624, 0.6308456659317017, 0.7720742225646973, -0.07704024016857147),
            ["UpperTorso"] = CFrame.new(7.450580596923828e-09, 2.086162567138672e-07, 2.7474015951156616e-08, 0.9727663993835449, -0.0028047882951796055, -0.23177087306976318, -0.032623596489429474, 0.9883163571357727, -0.1488848477602005, 0.22948047518730164, 0.15239118039608002, 0.9613093733787537),
            ["HumanoidRootPart"] = CFrame.new(0, 0, 0, 1, 0, 0, 0, 1, 0, 0, 0, 1),
            ["RightHand"] = CFrame.new(1.4901161193847656e-07, 0.0000012516975402832031, -8.642673492431641e-07, 0.4053609073162079, -0.9139717221260071, -0.018389035016298294, 0.8892115950584412, 0.39888718724250793, -0.22403575479984283, 0.21209770441055298, 0.07446382194757462, 0.9744074940681458),
            ["LeftUpperArm"] = CFrame.new(0.02585303783416748, -0.03753209114074707, 0.049510419368743896, 0.7305194139480591, 0.6273077726364136, -0.26986366510391235, -0.10481608659029007, -0.2874949276447296, -0.9520294666290283, -0.674799919128418, 0.7237621545791626, -0.14426890015602112),
            ["RightLowerArm"] = CFrame.new(2.384185791015625e-07, 2.980232238769531e-07, -0.000003896653652191162, 1, -0.00001213699306390481, 0.000015223402442643419, 0.000019052999050472863, 0.43115943670272827, -0.9022758603096008, 0.000004336238362157019, 0.9022757411003113, 0.4311593770980835),
            ["LeftHand"] = CFrame.new(-0.000001475214958190918, -0.000001430511474609375, 2.980232238769531e-07, 0.4244621992111206, 0.8992205262184143, 0.10599026083946228, -0.844037652015686, 0.43532976508140564, -0.31319111585617065, -0.3277689218521118, 0.043478015810251236, 0.943757176399231),
            ["RightUpperLeg"] = CFrame.new(0, -1.3737007975578308e-07, 2.0656443666666746e-08, 0.9295061230659485, -0.21314845979213715, -0.3009752333164215, -0.1883094757795334, 0.42739465832710266, -0.8842362761497498, 0.31710875034332275, 0.8785792589187622, 0.35712766647338867),
            ["LeftUpperLeg"] = CFrame.new(-2.9802322387695312e-08, -2.3283064365386963e-08, 1.1175870895385742e-08, 0.9706794619560242, 0.2121257781982422, -0.11306620389223099, -0.18844497203826904, 0.9635453820228577, 0.18991775810718536, 0.14923086762428284, -0.1630425900220871, 0.9752678871154785),
            ["RightLowerLeg"] = CFrame.new(5.960464477539063e-08, -0.0007263422012329102, 0.00004609843745129183, 1, 1.4901162614933128e-07, 1.462177152689037e-07, -7.078051567077637e-08, -0.31321391463279724, 0.9496825933456421, 1.7136335372924805e-07, -0.9496827125549316, -0.3132140040397644),
            ["RightFoot"] = CFrame.new(1.9371509552001953e-07, 5.960464477539063e-08, -1.0986695997416973e-09, 0.992061197757721, -0.121299147605896, -0.033183854073286057, 0.06244458630681038, 0.7041956186294556, -0.7072545886039734, 0.10915734618902206, 0.6995677351951599, 0.7061797380447388),
            ["LeftLowerLeg"] = CFrame.new(2.7939677238464355e-08, -0.0007268786430358887, 0.00008097011595964432, 1, 1.1920921849650767e-07, 4.842878453814592e-08, -9.592622518539429e-08, 0.1270979642868042, 0.9918901920318604, 8.940696716308594e-08, -0.9918901920318604, 0.12709824740886688),
        }},
        {Time = 0.067, Data = {
            ["LeftFoot"] = CFrame.new(3.725290298461914e-08, -1.1920928955078125e-07, -2.2351741790771484e-08, 0.9960545301437378, -0.07256637513637543, -0.05108537897467613, 0.027484426274895668, 0.7995867729187012, -0.5999214053153992, 0.08438124507665634, 0.596150279045105, 0.7984263896942139),
            ["LeftLowerArm"] = CFrame.new(0.000001341104507446289, -7.748603820800781e-07, 0.000005558133125305176, 1, 1.1548401346317405e-07, 5.82076742361437e-09, -3.539026138810186e-08, 0.4681730568408966, -0.8836369514465332, -7.078052277620372e-08, 0.8836368322372437, 0.46817296743392944),
            ["LowerTorso"] = CFrame.new(0.05634250491857529, -0.7896311283111572, -0.3036370873451233, 0.9716514348983765, -0.08287148922681808, 0.22141773998737335, 0.07815073430538177, 0.9964897036552429, 0.03001255728304386, -0.22312769293785095, -0.011857785284519196, 0.9747171401977539),
            ["Head"] = CFrame.new(-1.367880031466484e-09, -9.5367431640625e-07, -5.082256393507123e-09, 0.9996173977851868, 0.02734483778476715, 0.004175133537501097, -0.027654672041535378, 0.9913282990455627, 0.12846583127975464, -0.0006261082598939538, -0.1285322904586792, 0.9917052388191223),
            ["RightUpperArm"] = CFrame.new(-0.032667696475982666, -0.00800776481628418, 0.04790391027927399, 0.8356633186340332, -0.5486258864402771, 0.026005731895565987, -0.0591205395758152, -0.13692335784435272, -0.9888159036636353, 0.546051025390625, 0.824779748916626, -0.14685696363449097),
            ["UpperTorso"] = CFrame.new(-3.91155481338501e-08, 8.940696716308594e-08, -1.3504177331924438e-08, 0.9724752902984619, 0.021910684183239937, -0.23197343945503235, -0.05559118092060089, 0.9886367321014404, -0.13966841995716095, 0.22627726197242737, 0.1487196832895279, 0.9626427888870239),
            ["HumanoidRootPart"] = CFrame.new(0, 0, 0, 1, 0, 0, 0, 1, 0, 0, 0, 1),
            ["RightHand"] = CFrame.new(3.2782554626464844e-07, 0.0000013113021850585938, -8.940696716308594e-07, 0.4779907763004303, -0.8781789541244507, -0.018064504489302635, 0.8550652861595154, 0.4699189364910126, -0.21917980909347534, 0.20096801221370697, 0.08931981027126312, 0.9755172729492188),
            ["LeftUpperArm"] = CFrame.new(0.024731099605560303, -0.04121959209442139, 0.04677426442503929, 0.8317234516143799, 0.5146162509918213, -0.2083408534526825, -0.04883610084652901, -0.3059917390346527, -0.9507807493209839, -0.5530381202697754, 0.8009615540504456, -0.22936882078647614),
            ["RightLowerArm"] = CFrame.new(3.5762786865234375e-07, 0, -0.00000391155481338501, 1, -0.000012230128049850464, 0.000015150759281823412, 0.000018915163309429772, 0.43742820620536804, -0.8992534279823303, 0.000004325062491261633, 0.8992533683776855, 0.43742823600769043),
            ["LeftHand"] = CFrame.new(-0.0000014603137969970703, -0.0000011920928955078125, 2.384185791015625e-07, 0.514096200466156, 0.8572505712509155, 0.0287453755736351, -0.8205673098564148, 0.50130295753479, -0.27452683448791504, -0.24974867701530457, 0.11754583567380905, 0.9611496925354004),
            ["RightUpperLeg"] = CFrame.new(-2.9802322387695312e-08, 7.636845111846924e-08, 5.75528247281909e-09, 0.9247400164604187, -0.2068110704421997, -0.31950727105140686, -0.20869354903697968, 0.4265017807483673, -0.8800815939903259, 0.3182811439037323, 0.8805257081985474, 0.35124287009239197),
            ["LeftUpperLeg"] = CFrame.new(-5.960464477539063e-08, 3.306195139884949e-08, -2.2351741790771484e-08, 0.9656434059143066, 0.23483026027679443, -0.11129988729953766, -0.21013076603412628, 0.957567572593689, 0.19725491106510162, 0.15289868414402008, -0.16709032654762268, 0.9740138053894043),
            ["RightLowerLeg"] = CFrame.new(-1.043081283569336e-07, -0.0007265210151672363, 0.00004603883280651644, 1, 1.6391281576488836e-07, 1.3411046495548362e-07, -7.078051567077637e-08, -0.324441134929657, 0.9459059834480286, 1.4901161193847656e-07, -0.9459059238433838, -0.32444101572036743),
            ["RightFoot"] = CFrame.new(1.3783574104309082e-07, 0, 3.289460437372327e-08, 0.9913784861564636, -0.12725751101970673, -0.03121507354080677, 0.06676939129829407, 0.6956132650375366, -0.7153071761131287, 0.11274173855781555, 0.7070556879043579, 0.6981126666069031),
            ["LeftLowerLeg"] = CFrame.new(4.45579644292593e-08, -0.0007264614105224609, 0.00008104229345917702, 1, 5.215408194203519e-08, 8.335337042808533e-08, -8.381903882082042e-08, 0.11549849063158035, 0.9933077692985535, 4.4703490686970326e-08, -0.9933077692985535, 0.1154983788728714),
        }},
        {Time = 0.100, Data = {
            ["LeftFoot"] = CFrame.new(-3.3527612686157227e-08, -1.1920928955078125e-07, -7.450580596923828e-09, 0.9953955411911011, -0.07714573293924332, -0.056887686252593994, 0.028065510094165802, 0.8020539283752441, -0.5965920090675354, 0.09165150672197342, 0.592248260974884, 0.8005260229110718),
            ["LeftLowerArm"] = CFrame.new(0.000001430511474609375, -1.1920928955078125e-07, 0.00000502169132232666, 1, 1.0803341865539551e-07, -3.3993281078892323e-08, -6.146729703004894e-08, 0.4793248772621155, -0.8776376843452454, -1.0430814256778831e-07, 0.8776376247406006, 0.4793248474597931),
            ["LowerTorso"] = CFrame.new(0.062425002455711365, -0.8051211833953857, -0.31055140495300293, 0.970231831073761, -0.09763022512197495, 0.22162744402885437, 0.09124097973108292, 0.9950683116912842, 0.03891153633594513, -0.22433342039585114, -0.017531704157590866, 0.9743548035621643),
            ["Head"] = CFrame.new(9.138602763414383e-09, -7.152557373046875e-07, -4.355479177320376e-08, 0.9998419880867004, 0.01776946522295475, -0.0005523834261111915, -0.017614929005503654, 0.9943883419036865, 0.10431486368179321, 0.0024028299376368523, -0.10428879410028458, 0.994544267654419),
            ["RightUpperArm"] = CFrame.new(-0.03421837091445923, -0.0044097900390625, 0.047086190432310104, 0.900611937046051, -0.4325897991657257, 0.04200329631567001, -0.06491344422101974, -0.2294403463602066, -0.9711557030677795, 0.4297492504119873, 0.8719078898429871, -0.2347174435853958),
            ["UpperTorso"] = CFrame.new(-1.30385160446167e-08, 0, -4.377216100692749e-08, 0.9718062877655029, 0.050122976303100586, -0.2303914576768875, -0.07981999218463898, 0.9893842339515686, -0.12143971025943756, 0.22185879945755005, 0.13640576601028442, 0.9654906392097473),
            ["HumanoidRootPart"] = CFrame.new(0, 0, 0, 1, 0, 0, 0, 1, 0, 0, 0, 1),
            ["RightHand"] = CFrame.new(2.682209014892578e-07, 0.0000012516975402832031, -8.940696716308594e-07, 0.4932023584842682, -0.8696643710136414, -0.020858975127339363, 0.8473567366600037, 0.4857003688812256, -0.21466735005378723, 0.19681990146636963, 0.08819960057735443, 0.9764645099639893),
            ["LeftUpperArm"] = CFrame.new(0.02348959445953369, -0.0453418493270874, 0.045656267553567886, 0.9053948521614075, 0.39982351660728455, -0.14283324778079987, -0.003762710839509964, -0.32884880900382996, -0.9443750977516174, -0.4245540201663971, 0.8555698394775391, -0.2962334156036377),
            ["RightLowerArm"] = CFrame.new(2.980232238769531e-07, 3.5762786865234375e-07, -0.000003375113010406494, 1, -0.000012423844964359887, 0.000015030618669698015, 0.00001898780647024978, 0.4500569701194763, -0.8929999470710754, 0.000004321337200963171, 0.8929999470710754, 0.4500569701194763),
            ["LeftHand"] = CFrame.new(-0.000001430511474609375, -0.0000011920928955078125, 2.682209014892578e-07, 0.5583940148353577, 0.8281077742576599, -0.04932674765586853, -0.8035115599632263, 0.5251057147979736, -0.2804168462753296, -0.206313818693161, 0.19621802866458893, 0.9586101770401001),
            ["RightUpperLeg"] = CFrame.new(-5.960464477539063e-08, -2.8545036911964417e-07, -2.7772330213338137e-08, 0.9198043346405029, -0.20139439404010773, -0.3367498517036438, -0.22919923067092896, 0.4208206236362457, -0.8777117729187012, 0.31847748160362244, 0.8845056295394897, 0.34091290831565857),
            ["LeftUpperLeg"] = CFrame.new(-8.940696716308594e-08, -5.145557224750519e-08, -4.0978193283081055e-08, 0.960321307182312, 0.2547916769981384, -0.11342114210128784, -0.2310192883014679, 0.9545509219169617, 0.18831542134284973, 0.15624751150608063, -0.15464076399803162, 0.9755373597145081),
            ["RightLowerLeg"] = CFrame.new(6.705522537231445e-08, -0.0007262825965881348, 0.00004608353629009798, 1, 1.6391282997574308e-07, 1.043081780949251e-07, -8.568168397005138e-08, -0.3364160656929016, 0.9417133927345276, 1.6018749704471702e-07, -0.9417135119438171, -0.33641624450683594),
            ["RightFoot"] = CFrame.new(2.2351741790771484e-07, 0, -9.480572771281004e-09, 0.9906980991363525, -0.13285483419895172, -0.029442228376865387, 0.07050520181655884, 0.6862019300460815, -0.7239862084388733, 0.11638839542865753, 0.7151759266853333, 0.6891858577728271),
            ["LeftLowerLeg"] = CFrame.new(3.8300640881061554e-08, -0.0007265806198120117, 0.00008098874241113663, 1, 1.2293459406009788e-07, 6.798654084150257e-08, -9.778888454547996e-08, 0.08995741605758667, 0.9959456324577332, 3.539026138810186e-08, -0.9959456324577332, 0.08995740115642548),
        }},
        {Time = 0.133, Data = {
            ["LeftFoot"] = CFrame.new(-5.587935447692871e-08, -1.7881393432617188e-07, 0, 0.995248556137085, -0.07028822600841522, -0.06737960129976273, 0.025639384984970093, 0.8567777276039124, -0.5150483846664429, 0.09393113106489182, 0.5108733177185059, 0.8545086979866028),
            ["LeftLowerArm"] = CFrame.new(0.000001519918441772461, -1.1920928955078125e-07, 0.000005409121513366699, 1, 1.136213683139431e-07, 5.820767201569765e-10, -4.004688491932029e-08, 0.4973125457763672, -0.8675715923309326, -9.313229298868464e-08, 0.8675715327262878, 0.49731242656707764),
            ["LowerTorso"] = CFrame.new(0.06801149249076843, -0.8122121095657349, -0.31541991233825684, 0.969515860080719, -0.1043318435549736, 0.2217067927122116, 0.0927329808473587, 0.9937509894371033, 0.0621260330080986, -0.22680304944515228, -0.039672646671533585, 0.973132312297821),
            ["Head"] = CFrame.new(2.0954757928848267e-09, -7.152557373046875e-07, -2.200249582529068e-08, 0.9999324679374695, 0.010220138356089592, -0.005543178413063288, -0.009897998534142971, 0.9984191656112671, 0.05532938987016678, 0.0060999421402812, -0.05527086928486824, 0.9984527826309204),
            ["RightUpperArm"] = CFrame.new(-0.03534984588623047, -0.0022438764572143555, 0.048294104635715485, 0.9439817070960999, -0.3282802700996399, 0.03362620249390602, -0.07347731292247772, -0.30843284726142883, -0.9484041333198547, 0.3217138350009918, 0.8928052186965942, -0.31527596712112427),
            ["UpperTorso"] = CFrame.new(-2.0489096641540527e-08, -5.960464477539063e-08, 3.119930624961853e-08, 0.9716489911079407, 0.07044997066259384, -0.22568842768669128, -0.09392920881509781, 0.9910327792167664, -0.09503372758626938, 0.21696944534778595, 0.11353813856840134, 0.9695532321929932),
            ["HumanoidRootPart"] = CFrame.new(0, 0, 0, 1, 0, 0, 0, 1, 0, 0, 0, 1),
            ["RightHand"] = CFrame.new(1.6391277313232422e-07, 8.940696716308594e-07, -7.152557373046875e-07, 0.49841997027397156, -0.8665267825126648, -0.026616612449288368, 0.8447760343551636, 0.4923487901687622, -0.2096344232559204, 0.19475863873958588, 0.08200103044509888, 0.977417528629303),
            ["LeftUpperArm"] = CFrame.new(0.02259528636932373, -0.048218727111816406, 0.046570420265197754, 0.9450386762619019, 0.30071112513542175, -0.1283537596464157, -0.007876425050199032, -0.3715169131755829, -0.9283928871154785, -0.326863557100296, 0.8783780336380005, -0.3487291932106018),
            ["RightLowerArm"] = CFrame.new(0, 2.980232238769531e-07, -0.000003851950168609619, 1, -0.000012533737390185706, 0.000014824792742729187, 0.000018954275219584815, 0.4588138163089752, -0.8885324001312256, 0.000004351138613856165, 0.8885324597358704, 0.45881387591362),
            ["LeftHand"] = CFrame.new(-0.0000014156103134155273, -0.0000011920928955078125, 8.940696716308594e-08, 0.5577083230018616, 0.8210850358009338, -0.12157491594552994, -0.8014465570449829, 0.49457982182502747, -0.3362654745578766, -0.21597427129745483, 0.2849740982055664, 0.9338870644569397),
            ["RightUpperLeg"] = CFrame.new(-2.9802322387695312e-08, -8.381903171539307e-08, -2.4047039914876223e-08, 0.9174191951751709, -0.2006792426109314, -0.34361305832862854, -0.24311257898807526, 0.40094658732414246, -0.88325434923172, 0.315021276473999, 0.8938510417938232, 0.31904837489128113),
            ["LeftUpperLeg"] = CFrame.new(0, -3.818422555923462e-08, -2.2351741790771484e-08, 0.9578384160995483, 0.2555142939090729, -0.13137060403823853, -0.24016571044921875, 0.9630333781242371, 0.12201296538114548, 0.15769030153751373, -0.08531785756349564, 0.9837960600852966),
            ["RightLowerLeg"] = CFrame.new(-8.940696716308594e-08, -0.0007262825965881348, 0.00004623999848263338, 1, 1.4901166878189542e-07, 1.35973138526424e-07, -8.195639367158947e-08, -0.3444053530693054, 0.938821017742157, 1.788139627478813e-07, -0.9388210773468018, -0.34440547227859497),
            ["RightFoot"] = CFrame.new(1.7136335372924805e-07, 5.960464477539063e-08, 7.283233571797609e-09, 0.9899966716766357, -0.138046532869339, -0.029153212904930115, 0.07315162569284439, 0.6788923144340515, -0.7305848598480225, 0.12064660340547562, 0.7211437225341797, 0.6821993589401245),
            ["LeftLowerLeg"] = CFrame.new(4.6566128730773926e-09, -0.0007265210151672363, 0.00008097290992736816, 1, 1.1734668703411444e-07, 6.146726150291215e-08, -6.891787052154541e-08, 0.028489304706454277, 0.9995940923690796, 5.587935447692871e-08, -0.9995941519737244, 0.028489144518971443),
        }},
        {Time = 0.167, Data = {
            ["LeftFoot"] = CFrame.new(1.4901161193847656e-08, -1.1920928955078125e-07, 3.725290298461914e-09, 0.9956247210502625, -0.05376856029033661, -0.07642331719398499, 0.021785473451018333, 0.9288896322250366, -0.3697155714035034, 0.09086788445711136, 0.36643293499946594, 0.9259967803955078),
            ["LeftLowerArm"] = CFrame.new(0.0000012218952178955078, -7.748603820800781e-07, 0.00000476837158203125, 1, 1.1362135410308838e-07, -4.912729067996224e-08, -1.1222438445201988e-07, 0.5096201300621033, -0.8603996634483337, -7.264316792543468e-08, 0.8603995442390442, 0.5096200108528137),
            ["LowerTorso"] = CFrame.new(0.07228699326515198, -0.7860006093978882, -0.3145732581615448, 0.9705349206924438, -0.10357093811035156, 0.2175665944814682, 0.08438021689653397, 0.9918234348297119, 0.09574142843484879, -0.22570368647575378, -0.07456205785274506, 0.9713384509086609),
            ["Head"] = CFrame.new(2.3283064365386963e-10, -0.0000010728836059570312, 2.1973391994833946e-08, 0.9999351501464844, 0.0042831795290112495, -0.010562778450548649, -0.004450466018170118, 0.9998642802238464, -0.015866931527853012, 0.010493283160030842, 0.015912843868136406, 0.9998183846473694),
            ["RightUpperArm"] = CFrame.new(-0.03607749938964844, -0.0014195442199707031, 0.05296901613473892, 0.9773398637771606, -0.21144291758537292, 0.009936670772731304, -0.06706543266773224, -0.35383403301239014, -0.9329007863998413, 0.20077094435691833, 0.9110946655273438, -0.3599965572357178),
            ["UpperTorso"] = CFrame.new(-3.5390257835388184e-08, 1.1920928955078125e-07, 9.313225746154785e-09, 0.9732112884521484, 0.08369971811771393, -0.21413573622703552, -0.0985703393816948, 0.9933366775512695, -0.05971797555685043, 0.20771057903766632, 0.07922554761171341, 0.9749767780303955),
            ["HumanoidRootPart"] = CFrame.new(0, 0, 0, 1, 0, 0, 0, 1, 0, 0, 0, 1),
            ["RightHand"] = CFrame.new(4.3213367462158203e-07, 0.0000015497207641601562, -7.450580596923828e-07, 0.5031309127807617, -0.8635700345039368, -0.033252209424972534, 0.8426563739776611, 0.49875935912132263, -0.20290331542491913, 0.19180624186992645, 0.07406683266162872, 0.9786341190338135),
            ["LeftUpperArm"] = CFrame.new(0.021999478340148926, -0.04996490478515625, 0.05090709403157234, 0.9771777391433716, 0.18781059980392456, -0.09925148636102676, -0.020524414256215096, -0.3815726041793823, -0.9241110682487488, -0.21142947673797607, 0.9050577878952026, -0.36900949478149414),
            ["RightLowerArm"] = CFrame.new(2.384185791015625e-07, 1.7881393432617188e-07, -0.0000036600977182388306, 1, -0.000011746768905140925, 0.000015540515960310586, 0.00001902133044495713, 0.4098670780658722, -0.9121453166007996, 0.0000043390314203861635, 0.9121452569961548, 0.40986713767051697),
            ["LeftHand"] = CFrame.new(-0.0000015869736671447754, -0.0000013709068298339844, 1.1920928955078125e-07, 0.5563323497772217, 0.8067027926445007, -0.19930998980998993, -0.7975541353225708, 0.4510553181171417, -0.40057042241096497, -0.2332417517900467, 0.381811261177063, 0.8943260312080383),
            ["RightUpperLeg"] = CFrame.new(0, 1.341104507446289e-07, 2.0656443666666746e-08, 0.9199856519699097, -0.1946573406457901, -0.3401983976364136, -0.24727806448936462, 0.3851751983165741, -0.8890971541404724, 0.30410537123680115, 0.9020801782608032, 0.30622100830078125),
            ["LeftUpperLeg"] = CFrame.new(-5.960464477539063e-08, 1.1455267667770386e-07, 7.450580596923828e-09, 0.959368109703064, 0.23352421820163727, -0.1583641767501831, -0.2372719943523407, 0.9714308977127075, -0.004916326608508825, 0.15269175171852112, 0.042291972786188126, 0.9873685836791992),
            ["RightLowerLeg"] = CFrame.new(8.940696716308594e-08, -0.0007264614105224609, 0.000046068635128904134, 1, 1.7136335372924805e-07, 1.4528642111599765e-07, -7.450581307466564e-08, -0.3148101270198822, 0.9491546750068665, 1.6391278734317893e-07, -0.9491547346115112, -0.3148103952407837),
            ["RightFoot"] = CFrame.new(1.601874828338623e-07, -1.1920928955078125e-07, -9.480572771281004e-09, 0.989716649055481, -0.13962818682193756, -0.03106546960771084, 0.07435052841901779, 0.6876909136772156, -0.722186267375946, 0.12220092117786407, 0.7124502062797546, 0.6910006999969482),
            ["LeftLowerLeg"] = CFrame.new(-1.909211277961731e-08, -0.0007265210151672363, 0.00008098967373371124, 1, 8.940698137394065e-08, 8.940695295223122e-08, -1.0151417484394187e-07, -0.0635545402765274, 0.9979783892631531, 9.033830394855613e-08, -0.9979783892631531, -0.06355457007884979),
        }},
        {Time = 0.200, Data = {
            ["LeftFoot"] = CFrame.new(-6.332993507385254e-08, -1.1920928955078125e-07, -7.450580596923828e-09, 0.9972425699234009, -0.026849914342164993, -0.06918386369943619, 0.012925046496093273, 0.9808462858200073, -0.19435462355613708, 0.07307710498571396, 0.1929243803024292, 0.978488564491272),
            ["LeftLowerArm"] = CFrame.new(0.0000011324882507324219, -1.1920928955078125e-07, 0.0000050514936447143555, 1, 1.0058282384761696e-07, -3.3527616238870905e-08, -8.195637946073475e-08, 0.47994792461395264, -0.8772971034049988, -8.195637946073475e-08, 0.877297043800354, 0.4799478054046631),
            ["LowerTorso"] = CFrame.new(0.07404085248708725, -0.7165782451629639, -0.3034432530403137, 0.9731699228286743, -0.10121790319681168, 0.2066282480955124, 0.07621023058891296, 0.9891485571861267, 0.12560731172561646, -0.21709974110126495, -0.10649006068706512, 0.9703234434127808),
            ["Head"] = CFrame.new(1.3969838619232178e-09, -9.5367431640625e-07, 7.275957614183426e-09, 0.9998769760131836, -0.0026564558502286673, -0.01545966137200594, 0.0012452887604013085, 0.9958880543708801, -0.0905844122171402, 0.015636757016181946, 0.090553879737854, 0.9957687854766846),
            ["RightUpperArm"] = CFrame.new(-0.03681838512420654, -0.0007239580154418945, 0.06040378659963608, 0.996881902217865, -0.0770992562174797, -0.016802316531538963, -0.04095989838242531, -0.3235930800437927, -0.9453094601631165, 0.06744559109210968, 0.943049967288971, -0.3257420063018799),
            ["UpperTorso"] = CFrame.new(-4.0978193283081055e-08, -1.4901161193847656e-07, 4.190951585769653e-09, 0.9762070775032043, 0.09669189155101776, -0.19408868253231049, -0.10207578539848328, 0.9946154952049255, -0.017908552661538124, 0.19131197035312653, 0.0372941829264164, 0.9808205962181091),
            ["HumanoidRootPart"] = CFrame.new(0, 0, 0, 1, 0, 0, 0, 1, 0, 0, 0, 1),
            ["RightHand"] = CFrame.new(1.564621925354004e-07, 0.0000015497207641601562, -7.972121238708496e-07, 0.5163885951042175, -0.8555406332015991, -0.037321191281080246, 0.8361353874206543, 0.5131320953369141, -0.1938387155532837, 0.18498767912387848, 0.06889061629772186, 0.980323314666748),
            ["LeftUpperArm"] = CFrame.new(0.02138960361480713, -0.051686763763427734, 0.05790526047348976, 0.9920282363891602, 0.08035644888877869, -0.09707135707139969, -0.06705757230520248, -0.3155690133571625, -0.946530282497406, -0.10669250786304474, 0.9454940557479858, -0.3076648414134979),
            ["RightLowerArm"] = CFrame.new(2.682209014892578e-07, 6.556510925292969e-07, -0.0000040121376514434814, 1, -0.000009373993634653743, 0.00001707999581412878, 0.000018985012502525933, 0.27299025654792786, -0.9620168805122375, 0.000004355796136223944, 0.962016761302948, 0.272990345954895),
            ["LeftHand"] = CFrame.new(-0.0000011920928955078125, -0.0000014901161193847656, 4.470348358154297e-08, 0.5588576793670654, 0.7901137471199036, -0.2517889440059662, -0.7935702204704285, 0.4214341938495636, -0.4389074742794037, -0.24067465960979462, 0.4450995624065399, 0.8625327944755554),
            ["RightUpperLeg"] = CFrame.new(0, -2.682209014892578e-07, 1.3205863069742918e-08, 0.9264430999755859, -0.17514553666114807, -0.3332076668739319, -0.24358130991458893, 0.395953893661499, -0.885374903678894, 0.2870043218135834, 0.9014126062393188, 0.32416656613349915),
            ["LeftUpperLeg"] = CFrame.new(-5.960464477539063e-08, -1.8440186977386475e-07, -1.4901161193847656e-08, 0.9672662615776062, 0.18982791900634766, -0.16840875148773193, -0.21810990571975708, 0.9611144065856934, -0.16937315464019775, 0.12970831990242004, 0.20056070387363434, 0.9710567593574524),
            ["RightLowerLeg"] = CFrame.new(-6.705522537231445e-08, -0.0007262229919433594, 0.000046284701966214925, 1, 1.713633963618122e-07, 1.0244550452398471e-07, -8.381903171539307e-08, -0.22424137592315674, 0.9745336771011353, 1.564621925354004e-07, -0.9745336771011353, -0.2242412120103836),
            ["RightFoot"] = CFrame.new(1.4901161193847656e-07, 1.1920928955078125e-07, -1.4137185644358397e-08, 0.9902008175849915, -0.13542675971984863, -0.03408628702163696, 0.07510041445493698, 0.7221814393997192, -0.6876148581504822, 0.11773794889450073, 0.6783167719841003, 0.7252750992774963),
            ["LeftLowerLeg"] = CFrame.new(1.5832483768463135e-08, -0.0007268190383911133, 0.0000809989869594574, 1, 9.406361556330012e-08, 1.1455263404513971e-07, -5.4482363509578136e-08, -0.12743450701236725, 0.9918469786643982, 6.426125054304066e-08, -0.991847038269043, -0.1274345964193344),
        }},
        {Time = 0.233, Data = {
            ["LeftFoot"] = CFrame.new(-1.862645149230957e-08, -1.7881393432617188e-07, -5.21540641784668e-08, 0.9992145895957947, 0.0047193048521876335, -0.039343930780887604, -0.006087398622184992, 0.999378502368927, -0.03472262620925903, 0.039155617356300354, 0.03493468835949898, 0.9986222982406616),
            ["LeftLowerArm"] = CFrame.new(0.000001341104507446289, -5.364418029785156e-07, 0.000004984438419342041, 1, 8.940695295223122e-08, -1.1175873559921001e-08, -8.009374852235851e-08, 0.49651533365249634, -0.8680280447006226, -6.938353891428051e-08, 0.868027925491333, 0.49651527404785156),
            ["LowerTorso"] = CFrame.new(0.0736055076122284, -0.61806321144104, -0.27842748165130615, 0.976748526096344, -0.09716561436653137, 0.19110512733459473, 0.06891858577728271, 0.9863910675048828, 0.14927470684051514, -0.2030087113380432, -0.13263314962387085, 0.9701526165008545),
            ["Head"] = CFrame.new(1.862645149230957e-09, -7.152557373046875e-07, -4.423782229423523e-08, 0.9997443556785583, -0.01045195758342743, -0.020053895190358162, 0.007018508389592171, 0.9864002466201782, -0.1642114818096161, 0.02149759978055954, 0.1640285849571228, 0.9862213730812073),
            ["RightUpperArm"] = CFrame.new(-0.037605345249176025, -0.000118255615234375, 0.07029112428426743, 0.9922246336936951, 0.04159589484333992, 0.11730393767356873, 0.12371813505887985, -0.22683890163898468, -0.9660423994064331, -0.013574187643826008, 0.97304368019104, -0.230221226811409),
            ["UpperTorso"] = CFrame.new(-1.4901161193847656e-08, 1.4901161193847656e-07, 0, 0.97984778881073, 0.10814502835273743, -0.16793766617774963, -0.1047293022274971, 0.9940751791000366, 0.029091235250234604, 0.17008863389492035, -0.01091705821454525, 0.9853683114051819),
            ["HumanoidRootPart"] = CFrame.new(0, 0, 0, 1, 0, 0, 0, 1, 0, 0, 0, 1),
            ["RightHand"] = CFrame.new(4.6193599700927734e-07, 0.0000010728836059570312, -6.407499313354492e-07, 0.5646047592163086, -0.825202226638794, -0.01620112918317318, 0.8138540983200073, 0.5598922967910767, -0.1554434448480606, 0.13734328746795654, 0.07457885891199112, 0.987712025642395),
            ["LeftUpperArm"] = CFrame.new(0.020738422870635986, -0.05346560478210449, 0.06728354096412659, 0.9757838845252991, 0.01646299846470356, -0.2181166559457779, -0.2073829621076584, -0.2474653124809265, -0.9464424252510071, -0.06955750286579132, 0.968756914138794, -0.23805849254131317),
            ["RightLowerArm"] = CFrame.new(1.7881393432617188e-07, 1.7881393432617188e-07, -0.000003643333911895752, 1, -0.000006419606506824493, 0.00001838896787376143, 0.00001899153176054824, 0.1097957044839859, -0.9939541816711426, 0.000004372327111923369, 0.9939542412757874, 0.10979565978050232),
            ["LeftHand"] = CFrame.new(-0.0000013560056686401367, -0.0000010132789611816406, 1.4901161193847656e-07, 0.5736432075500488, 0.781589686870575, -0.24505196511745453, -0.7716951370239258, 0.4153834283351898, -0.48160508275032043, -0.27462735772132874, 0.46537530422210693, 0.8414310216903687),
            ["RightUpperLeg"] = CFrame.new(-1.1920928955078125e-07, 8.940696716308594e-08, -4.267349140718579e-08, 0.9345735907554626, -0.1496877372264862, -0.3227473199367523, -0.23519006371498108, 0.4207321107387543, -0.876167893409729, 0.26694169640541077, 0.8947503566741943, 0.35799986124038696),
            ["LeftUpperLeg"] = CFrame.new(0, 6.51925802230835e-08, -1.862645149230957e-08, 0.9796864986419678, 0.12726499140262604, -0.1549776941537857, -0.1771712303161621, 0.9113227128982544, -0.3716201186180115, 0.09394028782844543, 0.3915287256240845, 0.9153580665588379),
            ["RightLowerLeg"] = CFrame.new(-5.960464477539063e-08, -0.000726163387298584, 0.00004619529499905184, 1, 1.49011640360186e-07, 1.3201497495174408e-07, -7.264314660915261e-08, -0.09003718942403793, 0.9959384799003601, 1.713633110966839e-07, -0.9959384202957153, -0.09003710746765137),
            ["RightFoot"] = CFrame.new(2.123415470123291e-07, 0, 6.327900337055326e-08, 0.9909642338752747, -0.12824413180351257, -0.0392860509455204, 0.07741653174161911, 0.7860764861106873, -0.6132625341415405, 0.10952918231487274, 0.604679524898529, 0.7889015674591064),
            ["LeftLowerLeg"] = CFrame.new(3.3527612686157227e-08, -0.0007263422012329102, 0.00008098967373371124, 1, 4.749745841081676e-08, 8.684582297746601e-08, -7.636844401304188e-08, -0.1936294138431549, 0.9810748100280762, 1.471489525783909e-07, -0.9810748100280762, -0.1936294436454773),
        }},
        {Time = 0.267, Data = {
            ["LeftFoot"] = CFrame.new(-1.862645149230957e-09, -1.1920928955078125e-07, -8.195638656616211e-08, 0.9995905160903931, 0.02860652655363083, -0.0007272139773704112, -0.02861170843243599, 0.9986735582351685, -0.042808711528778076, -0.0004983387188985944, 0.042811982333660126, 0.9990831017494202),
            ["LeftLowerArm"] = CFrame.new(0.0000011324882507324219, -2.980232238769531e-07, 0.000004664063453674316, 1, 1.2293457984924316e-07, -3.3527619791584584e-08, -8.661300654466686e-08, 0.5269134044647217, -0.8499190211296082, -5.401671643312511e-08, 0.8499189615249634, 0.5269133448600769),
            ["LowerTorso"] = CFrame.new(0.07132863998413086, -0.5046056509017944, -0.23623743653297424, 0.9806410670280457, -0.09130667895078659, 0.1732228547334671, 0.061867501586675644, 0.9837892055511475, 0.16831901669502258, -0.18578341603279114, -0.15434367954730988, 0.9703930020332336),
            ["Head"] = CFrame.new(0, -4.76837158203125e-07, 8.62637534737587e-08, 0.9995214343070984, -0.01912315934896469, -0.02431439235806465, 0.012976418249309063, 0.9727240800857544, -0.23160234093666077, 0.028080236166715622, 0.2311757504940033, 0.9725067019462585),
            ["RightUpperArm"] = CFrame.new(-0.03843158483505249, 0.0005180835723876953, 0.07913881540298462, 0.9375013709068298, 0.10881245136260986, 0.33053135871887207, 0.3409348428249359, -0.09702961146831512, -0.9350662231445312, -0.06967546790838242, 0.9893155694007874, -0.12806321680545807),
            ["UpperTorso"] = CFrame.new(-1.862645149230957e-08, -4.76837158203125e-07, 3.771856427192688e-08, 0.983511745929718, 0.11586935073137283, -0.13884906470775604, -0.10624511539936066, 0.9915186166763306, 0.07485255599021912, 0.14634445309638977, -0.05886628106236458, 0.987480640411377),
            ["HumanoidRootPart"] = CFrame.new(0, 0, 0, 1, 0, 0, 0, 1, 0, 0, 0, 1),
            ["RightHand"] = CFrame.new(-5.960464477539063e-08, 8.344650268554688e-07, -7.599592208862305e-07, 0.5998510122299194, -0.799804151058197, 0.02217399701476097, 0.7943041324615479, 0.5919356942176819, -0.13672491908073425, 0.09622761607170105, 0.09962758421897888, 0.9903608560562134),
            ["LeftUpperArm"] = CFrame.new(0.020059049129486084, -0.05528903007507324, 0.07568734884262085, 0.9165021777153015, -0.03560607507824898, -0.398441880941391, -0.40002676844596863, -0.0776367038488388, -0.9132093787193298, 0.001582163735292852, 0.9963457584381104, -0.08539757132530212),
            ["RightLowerArm"] = CFrame.new(4.76837158203125e-07, 9.5367431640625e-07, -0.00000416487455368042, 1, -0.000003920867584383814, 0.000019099568817182444, 0.000018987804651260376, -0.02326847054064274, -0.9997292757034302, 0.000004396773874759674, 0.999729335308075, -0.023268429562449455),
            ["LeftHand"] = CFrame.new(-0.0000010281801223754883, -0.0000010132789611816406, 3.2782554626464844e-07, 0.5832220911979675, 0.7792976498603821, -0.2292303889989853, -0.7550479173660278, 0.41599777340888977, -0.5068025588989258, -0.2995910048484802, 0.4686588943004608, 0.8310261964797974),
