return {
    ["Gnarly"] = {
        {Time = 0.000, Data = {
            ["RightFoot"] = CFrame.new(-2.6106135919690132e-08, 2.384185791015625e-07, 1.7549609765410423e-08, 0.9995294809341431, -0.009088371880352497, -0.029297225177288055, 0.0024997408036142588, 0.9760568737983704, -0.21750126779079437, 0.030572574585676193, 0.21732595562934875, 0.9756202697753906),
            ["LeftLowerArm"] = CFrame.new(1.1920928955078125e-07, -1.7881393432617188e-07, -2.4586915969848633e-07, 1, 8.940693874137651e-08, 2.60770320892334e-08, -1.341104365337742e-07, 0.4247071444988251, -0.9053307771682739, -2.9802318834981634e-08, 0.9053308367729187, 0.42470723390579224),
            ["RightUpperArm"] = CFrame.new(-5.960464477539063e-08, 2.384185791015625e-07, 4.656612873077393e-10, 0.674995481967926, -0.648169755935669, 0.3525009751319885, 0.13777156174182892, 0.5800813436508179, 0.802823007106781, -0.7248448133468628, -0.4933373034000397, 0.4808517098426819),
            ["Head"] = CFrame.new(-7.799826562404633e-09, 0, 5.966285243630409e-10, 0.9989515542984009, -0.04227185249328613, 0.017577026039361954, 0.0382283553481102, 0.9814703464508057, 0.18776215612888336, -0.0251883864402771, -0.18689322471618652, 0.9820573329925537),
            ["RightHand"] = CFrame.new(8.195638656616211e-08, 0, 9.685754776000977e-08, 0.9904630184173584, 0.02045910246670246, 0.13625209033489227, -0.014765702188014984, 0.9989804029464722, -0.04266498237848282, -0.1369859278202057, 0.04024634137749672, 0.9897551536560059),
            ["UpperTorso"] = CFrame.new(2.3283064365386963e-09, -8.940696716308594e-08, 9.546056389808655e-09, 0.992094099521637, 0.01806640438735485, 0.1241891160607338, -0.014675897546112537, 0.9994956254959106, -0.028162015601992607, -0.12463527172803879, 0.026116782799363136, 0.9918588399887085),
            ["HumanoidRootPart"] = CFrame.new(0, 0, 0, 1, 0, 0, 0, 1, 0, 0, 0, 1),
            ["RightUpperLeg"] = CFrame.new(5.960464477539063e-08, -4.238536348566413e-07, -6.897607818245888e-09, 0.9964460134506226, -0.007066716440021992, 0.08393637835979462, 0.03299657255411148, 0.949584424495697, -0.3117702603340149, -0.0775015577673912, 0.3134317994117737, 0.9464428424835205),
            ["LeftUpperArm"] = CFrame.new(5.960464477539063e-08, 1.1920928955078125e-07, -4.656612873077393e-10, 0.7556887865066528, 0.5995219349861145, -0.26364415884017944, -0.19894686341285706, 0.5936629176139832, 0.7797334790229797, 0.6239829063415527, -0.5367845892906189, 0.5678974390029907),
            ["RightLowerArm"] = CFrame.new(8.940696716308594e-08, 1.1920928955078125e-07, 1.1920928955078125e-07, 1, -1.3597309589385986e-07, 5.0291401265667446e-08, 5.2154071283894154e-08, 0.46042972803115845, -0.8876961469650269, 5.2154071283894154e-08, 0.8876962065696716, 0.4604297876358032),
            ["LeftHand"] = CFrame.new(1.4901161193847656e-08, 2.384185791015625e-07, 8.195638656616211e-08, 0.9962544441223145, 0.039342667907476425, -0.07700258493423462, -0.038301020860672, 0.999154269695282, 0.014958661049604416, 0.07752586901187897, -0.011953519657254219, 0.9969186782836914),
            ["LeftFoot"] = CFrame.new(-9.313225746154785e-10, 0, 3.3527612686157227e-08, 0.9964186549186707, 0.036327630281448364, -0.07635529339313507, -0.02237403765320778, 0.98409503698349, 0.17622844874858856, 0.08154284209012985, -0.1738889515399933, 0.9813833832740784),
            ["LowerTorso"] = CFrame.new(-0.03663400560617447, -0.056702375411987305, -0.03539508208632469, 0.9950525760650635, 0.00880367774516344, -0.09895886480808258, -0.005803005304187536, 0.9995158910751343, 0.03056945838034153, 0.09918007254600525, -0.02984396368265152, 0.9946218729019165),
            ["RightLowerLeg"] = CFrame.new(1.3504177331924438e-08, -0.00001519918441772461, -0.00003508402733132243, 1, -7.124618406351146e-08, -2.7474023056583974e-08, 7.916241173688832e-08, 0.8687464594841003, 0.4952569901943207, -2.0489094865183688e-08, -0.495257169008255, 0.8687465190887451),
            ["LeftUpperLeg"] = CFrame.new(0, -2.484302967786789e-07, 3.725290298461914e-09, 0.9890394806861877, 0.10763543099164963, 0.1010720282793045, -0.06303489208221436, 0.9268198609352112, -0.37017789483070374, -0.13351981341838837, 0.3597494661808014, 0.9234462380409241),
            ["LeftLowerLeg"] = CFrame.new(-1.1175870895385742e-08, 0.000015437602996826172, 0.00003508757799863815, 1, 9.313225746154785e-08, 6.89178563106907e-08, -7.823108916227284e-08, 0.2169133424758911, 0.9761908650398254, 6.47269118303484e-08, -0.9761909246444702, 0.21691323816776276),
        }},
        {Time = 0.034, Data = {
            ["RightFoot"] = CFrame.new(-7.916241884231567e-09, 4.172325134277344e-07, -1.7171259969472885e-09, 0.9993460774421692, -0.014773989096283913, -0.03300287202000618, 0.016896551474928856, 0.9977429509162903, 0.06498980522155762, 0.03196822851896286, -0.06550507992506027, 0.9973400235176086),
            ["LeftLowerArm"] = CFrame.new(-1.4901161193847656e-07, 2.384185791015625e-07, -4.470348358154297e-08, 1, 1.4784743029849778e-07, -2.2351738238057806e-08, -1.4901162614933128e-07, 0.3290557563304901, -0.9443105459213257, -4.4703490686970326e-08, 0.9443104863166809, 0.3290557563304901),
            ["RightUpperArm"] = CFrame.new(0, 0, 4.6566128730773926e-09, 0.6594859957695007, -0.6668456196784973, 0.3469803035259247, 0.11883625388145447, 0.5482643842697144, 0.8278189897537231, -0.7422643303871155, -0.5047010183334351, 0.4408179521560669),
            ["Head"] = CFrame.new(-8.614733815193176e-09, 1.1920928955078125e-07, 2.8958311304450035e-09, 0.9988315105438232, -0.04478614777326584, 0.018164759501814842, 0.04040741175413132, 0.9800674915313721, 0.19451215863227844, -0.026514150202274323, -0.193550705909729, 0.9807319045066833),
            ["RightHand"] = CFrame.new(-7.450580596923828e-08, -2.980232238769531e-07, 3.725290298461914e-08, 0.994957685470581, 0.014372047036886215, 0.09926112741231918, -0.011240840889513493, 0.9994236826896667, -0.032033469527959824, -0.09966452419757843, 0.030756205320358276, 0.9945457577705383),
            ["UpperTorso"] = CFrame.new(2.3283064365386963e-09, 5.960464477539063e-08, -1.1641532182693481e-09, 0.9955719709396362, 0.01602446474134922, 0.0926264151930809, -0.01565183512866497, 0.9998663067817688, -0.0047480263747274876, -0.092690110206604, 0.0032772293779999018, 0.9956896305084229),
            ["HumanoidRootPart"] = CFrame.new(0, 0, 0, 1, 0, 0, 0, 1, 0, 0, 0, 1),
            ["RightUpperLeg"] = CFrame.new(8.940696716308594e-08, 3.563764039427042e-08, 1.7462298274040222e-10, 0.9985379576683044, -0.03957318142056465, 0.03682256117463112, 0.040166664868593216, 0.9990724325180054, -0.015520011074841022, -0.036174226552248, 0.016976267099380493, 0.9992012977600098),
            ["LeftUpperArm"] = CFrame.new(0, 0, 9.313225746154785e-10, 0.7586925029754639, 0.6067546606063843, -0.23713913559913635, -0.18241816759109497, 0.5473278760910034, 0.8167961835861206, 0.6253873705863953, -0.576438307762146, 0.525936484336853),
            ["RightLowerArm"] = CFrame.new(-6.556510925292969e-07, 5.960464477539063e-08, 5.774199962615967e-08, 1, -5.960464477539063e-08, 3.725289943190546e-08, 2.980232594040899e-08, 0.39768293499946594, -0.9175229072570801, 5.960465188081798e-08, 0.9175229668617249, 0.3976829946041107),
            ["LeftHand"] = CFrame.new(1.0058283805847168e-07, 2.980232238769531e-07, 1.0058283805847168e-07, 0.9950971603393555, 0.05303190276026726, -0.08348270505666733, -0.04854821041226387, 0.9973136186599731, 0.05485249310731888, 0.08616776764392853, -0.05053035542368889, 0.9949983954429626),
            ["LeftFoot"] = CFrame.new(-1.862645149230957e-08, 1.1920928955078125e-07, 1.862645149230957e-08, 0.9969388842582703, 0.018785588443279266, -0.07589536905288696, 0.000253258302109316, 0.9699255228042603, 0.24340221285820007, 0.07818534970283508, -0.242676243185997, 0.9669515490531921),
            ["LowerTorso"] = CFrame.new(-0.03204241022467613, 0.10119032859802246, -0.048691410571336746, 0.9973511695861816, 0.008264785632491112, -0.07226554304361343, -0.007619335316121578, 0.9999286532402039, 0.009202760644257069, 0.07233643531799316, -0.00862776767462492, 0.9973430633544922),
            ["RightLowerLeg"] = CFrame.new(2.3283064365386963e-10, -0.00001537799835205078, -0.00003511289833113551, 1, 1.0886652690444976e-09, 1.4733817499390511e-09, -1.033186092236349e-09, 0.9999867677688599, 0.005150221288204193, -5.253241841529643e-09, -0.005150163546204567, 0.9999868273735046),
            ["LeftUpperLeg"] = CFrame.new(-2.9802322387695312e-08, 3.3853575587272644e-07, -7.450580596923828e-09, 0.991796612739563, 0.10586000233888626, 0.07164626568555832, -0.07863780856132507, 0.9471796751022339, -0.3109127879142761, -0.10077512264251709, 0.3027281165122986, 0.9477342367172241),
            ["LeftLowerLeg"] = CFrame.new(-1.6763806343078613e-08, 0.000015020370483398438, 0.00003517564618960023, 1, 8.381903171539307e-08, 6.146729703004894e-08, -7.171183113996449e-08, 0.32653480768203735, 0.945185124874115, 5.634500865880909e-08, -0.9451852440834045, 0.32653507590293884),
        }},
        {Time = 0.069, Data = {
            ["RightFoot"] = CFrame.new(5.005858838558197e-08, 2.384185791015625e-07, -4.802132025361061e-09, 0.9985097050666809, -0.004274303093552589, -0.05440787225961685, 0.012175486423075199, 0.9892491698265076, 0.14573246240615845, 0.053200021386146545, -0.14617769420146942, 0.9878268837928772),
            ["LeftLowerArm"] = CFrame.new(2.9802322387695312e-08, -1.1920928955078125e-07, 6.705522537231445e-08, 1, 1.4156097449813387e-07, -1.0430814256778831e-07, -1.49011640360186e-07, 0.23850537836551666, -0.9711412787437439, -1.0430815677864302e-07, 0.9711412191390991, 0.2385053038597107),
            ["RightUpperArm"] = CFrame.new(1.7881393432617188e-07, 4.76837158203125e-07, -2.7939677238464355e-09, 0.6444798111915588, -0.685027003288269, 0.3396817743778229, 0.09541969001293182, 0.512830376625061, 0.8531708717346191, -0.7586442232131958, -0.5174388885498047, 0.39587363600730896),
            ["Head"] = CFrame.new(5.238689482212067e-09, 1.1920928955078125e-07, -7.566995918750763e-10, 0.9988898038864136, -0.04536326229572296, 0.012701117433607578, 0.041907571256160736, 0.9788545966148376, 0.20021846890449524, -0.02151511237025261, -0.19946376979351044, 0.9796690344810486),
            ["RightHand"] = CFrame.new(-3.725290298461914e-08, 0, -5.21540641784668e-08, 0.9990578293800354, 0.02555202692747116, 0.03508007153868675, -0.024033304303884506, 0.9987837076187134, -0.043053511530160904, -0.03613753989338875, 0.042170166969299316, 0.9984567165374756),
            ["UpperTorso"] = CFrame.new(4.6566128730773926e-09, 2.682209014892578e-07, -5.6461431086063385e-09, 0.9989675879478455, 0.013898356817662716, 0.04324973002076149, -0.015497741289436817, 0.9991999864578247, 0.03686733916401863, -0.04270273447036743, -0.037499550729990005, 0.9983838200569153),
            ["HumanoidRootPart"] = CFrame.new(0, 0, 0, 1, 0, 0, 0, 1, 0, 0, 0, 1),
            ["RightUpperLeg"] = CFrame.new(-5.960464477539063e-08, -6.51925802230835e-09, 1.7869751900434494e-08, 0.9972501397132874, -0.06594826281070709, -0.033811286091804504, 0.06697621196508408, 0.9972965717315674, 0.030227767303586006, 0.0317264199256897, -0.032409317791461945, 0.9989709854125977),
            ["LeftUpperArm"] = CFrame.new(-1.1920928955078125e-07, 4.76837158203125e-07, -1.862645149230957e-09, 0.7627912759780884, 0.610165536403656, -0.2141207605600357, -0.16735629737377167, 0.506122887134552, 0.8460683226585388, 0.6246128678321838, -0.6095389127731323, 0.4881810247898102),
            ["RightLowerArm"] = CFrame.new(-5.364418029785156e-07, 1.1920928955078125e-07, -3.259629011154175e-08, 1, -1.1175870895385742e-07, 1.4156101713069802e-07, 2.9802322387695312e-08, 0.3155897259712219, -0.9488958120346069, 2.2351741790771484e-08, 0.9488958120346069, 0.3155897557735443),
            ["LeftHand"] = CFrame.new(-1.6391277313232422e-07, 3.5762786865234375e-07, -3.818422555923462e-08, 0.9936625361442566, 0.05740242078900337, -0.09664247930049896, -0.04925832897424698, 0.9951929450035095, 0.08464459329843521, 0.1010369136929512, -0.07934749126434326, 0.9917135238647461),
            ["LeftFoot"] = CFrame.new(-3.166496753692627e-08, 1.7881393432617188e-07, -2.9802322387695312e-08, 0.995335578918457, 0.010879320092499256, -0.09585854411125183, 0.02818957157433033, 0.9174596667289734, 0.3968289792537689, 0.09226355701684952, -0.3976801931858063, 0.9128734469413757),
            ["LowerTorso"] = CFrame.new(-0.027450811117887497, 0.3065493106842041, -0.06472593545913696, 0.9995894432067871, 0.008648007176816463, -0.027316786348819733, -0.009392144158482552, 0.9995850324630737, -0.02723122574388981, 0.027069952338933945, 0.027476603165268898, 0.9992559552192688),
            ["RightLowerLeg"] = CFrame.new(3.003515303134918e-08, -0.000015139579772949219, -0.00003510265378281474, 1, 2.6775526240641057e-09, -1.979060471057892e-09, -1.0186339549633772e-09, 0.999986469745636, 0.005205899477005005, 1.0913935311052114e-09, -0.005205904599279165, 0.9999865293502808),
            ["LeftUpperLeg"] = CFrame.new(5.960464477539063e-08, 5.681067705154419e-07, 9.313225746154785e-10, 0.989244818687439, 0.13395971059799194, 0.05873188003897667, -0.12138916552066803, 0.9759060740470886, -0.18130648136138916, -0.08160458505153656, 0.17222711443901062, 0.9816713333129883),
            ["LeftLowerLeg"] = CFrame.new(-3.91155481338501e-08, 0.000014960765838623047, 0.00003502704203128815, 1, 7.078051567077637e-08, 4.0978193283081055e-08, -6.612390279769897e-08, 0.5720126032829285, 0.8202448487281799, 3.725290298461914e-08, -0.8202449083328247, 0.5720126628875732),
        }},
        {Time = 0.103, Data = {
            ["RightFoot"] = CFrame.new(-2.0489096641540527e-08, 3.5762786865234375e-07, -8.440110832452774e-10, 0.9973143935203552, 0.02715013362467289, -0.06802208721637726, -0.00876174308359623, 0.9663107395172119, 0.2572290599346161, 0.07271424680948257, -0.25594234466552734, 0.9639534950256348),
            ["LeftLowerArm"] = CFrame.new(-1.4901161193847656e-07, -1.7881393432617188e-07, 1.1175870895385742e-07, 1, 1.341104365337742e-07, -2.0861631355728605e-07, -1.1920927533992653e-07, 0.19497811794281006, -0.9808076620101929, -1.1920927533992653e-07, 0.9808076620101929, 0.19497807323932648),
            ["RightUpperArm"] = CFrame.new(0, -2.384185791015625e-07, -9.778887033462524e-09, 0.6490076780319214, -0.6939442157745361, 0.3118172883987427, 0.09957370162010193, 0.4838201403617859, 0.8694842457771301, -0.7542374134063721, -0.5332536697387695, 0.3831018805503845),
            ["Head"] = CFrame.new(-7.916241884231567e-09, 0, -2.9831426218152046e-09, 0.9989919066429138, -0.044721364974975586, 0.0039087943732738495, 0.042938172817230225, 0.9772940874099731, 0.2074914425611496, -0.013099347241222858, -0.2071143239736557, 0.9782290458679199),
            ["RightHand"] = CFrame.new(1.1175870895385742e-07, 1.1920928955078125e-07, -1.1175870895385742e-07, 0.9965593814849854, 0.07791448384523392, -0.028262948617339134, -0.0798884779214859, 0.9938110113143921, -0.07718490064144135, 0.022074932232499123, 0.07917696237564087, 0.9966161251068115),
            ["UpperTorso"] = CFrame.new(-2.8958311304450035e-09, 3.5762786865234375e-07, 7.436028681695461e-09, 0.9997593760490417, 0.013229435309767723, 0.017503052949905396, -0.014297893270850182, 0.997948944568634, 0.06239771842956543, -0.016641665250062943, -0.06263294070959091, 0.9978979825973511),
            ["HumanoidRootPart"] = CFrame.new(0, 0, 0, 1, 0, 0, 0, 1, 0, 0, 0, 1),
            ["RightUpperLeg"] = CFrame.new(5.960464477539063e-08, 1.6298145055770874e-08, 3.2887328416109085e-08, 0.988647997379303, -0.11425138264894485, -0.09758011996746063, 0.11894893646240234, 0.9919363260269165, 0.04374347999691963, 0.09179551154375076, -0.05485404655337334, 0.9942659139633179),
            ["LeftUpperArm"] = CFrame.new(-1.1920928955078125e-07, 0, -1.5366822481155396e-08, 0.7600477933883667, 0.619092583656311, -0.19761545956134796, -0.1680508255958557, 0.4809782803058624, 0.8604758977890015, 0.6277629733085632, -0.6207934021949768, 0.46960553526878357),
            ["RightLowerArm"] = CFrame.new(-2.384185791015625e-07, -1.1920928955078125e-07, 1.30385160446167e-08, 1, -8.195637946073475e-08, 5.960465188081798e-08, 9.685752644372769e-08, 0.24386808276176453, -0.9698085188865662, 2.2351736461700966e-08, 0.9698084592819214, 0.24386806786060333),
            ["LeftHand"] = CFrame.new(6.705522537231445e-08, 2.980232238769531e-07, -3.3527612686157227e-08, 0.9938549995422363, 0.038117799907922745, -0.10391969978809357, -0.03021419048309326, 0.9966042637825012, 0.07659690827131271, 0.10648664832115173, -0.07298628985881805, 0.991631805896759),
            ["LeftFoot"] = CFrame.new(1.1175870895385742e-08, 5.960464477539063e-08, 4.470348358154297e-08, 0.9908154606819153, 0.01071719080209732, -0.13479629158973694, 0.04422109201550484, 0.9163616299629211, 0.39790213108062744, 0.12778665125370026, -0.4002082645893097, 0.9074711799621582),
            ["LowerTorso"] = CFrame.new(-0.02961677871644497, 0.35570383071899414, -0.0679204910993576, 0.9999411702156067, 0.0094467643648386, -0.00533272372558713, -0.009681254625320435, 0.9989034533500671, -0.04580792039632797, 0.004894138779491186, 0.04585685580968857, 0.9989360570907593),
            ["RightLowerLeg"] = CFrame.new(-4.1443854570388794e-08, -0.000014781951904296875, -0.00003511534305289388, 1, -8.847565347025466e-09, -1.053558751351602e-08, 1.0943040251731873e-08, 0.9999868869781494, 0.00512579595670104, 1.1597876437008381e-08, -0.0051257433369755745, 0.9999869465827942),
            ["LeftUpperLeg"] = CFrame.new(-2.9802322387695312e-08, 5.110632628202438e-07, 1.3271346688270569e-08, 0.9767160415649414, 0.20234090089797974, 0.07130125910043716, -0.18395499885082245, 0.9608977437019348, -0.20696894824504852, -0.11039148271083832, 0.189033642411232, 0.9757459163665771),
            ["LeftLowerLeg"] = CFrame.new(-3.91155481338501e-08, 0.000015139579772949219, 0.000035021454095840454, 1, 5.21540641784668e-08, 3.725290298461914e-08, -4.470347292340193e-08, 0.5664541125297546, 0.8240932822227478, 2.9802315282267955e-08, -0.8240932822227478, 0.5664541721343994),
        }},
        {Time = 0.138, Data = {
            ["RightFoot"] = CFrame.new(-6.891787052154541e-08, 1.7881393432617188e-07, 5.4424162954092026e-09, 0.9971411228179932, 0.059002939611673355, -0.04720574617385864, -0.059940241277217865, 0.9980270266532898, -0.018692661076784134, 0.046009667217731476, 0.02146916836500168, 0.9987102746963501),
            ["LeftLowerArm"] = CFrame.new(5.960464477539063e-08, 0, 1.1175870895385742e-07, 1, 1.7508854455172695e-07, -2.3469326038139116e-07, -2.2351741790771484e-07, 0.14959858357906342, -0.9887468218803406, -1.043081283569336e-07, 0.9887468218803406, 0.14959841966629028),
            ["RightUpperArm"] = CFrame.new(-5.960464477539063e-08, 0.0000011920928955078125, 8.847564458847046e-09, 0.6591665148735046, -0.696240246295929, 0.28416386246681213, 0.10933437943458557, 0.4625953435897827, 0.8798019289970398, -0.7440063953399658, -0.5488671660423279, 0.3810504972934723),
            ["Head"] = CFrame.new(-2.3283064365386963e-09, 1.1920928955078125e-07, -4.489265847951174e-09, 0.9990329146385193, -0.043623197823762894, -0.005504259839653969, 0.04376944899559021, 0.9747580885887146, 0.2189316600561142, -0.004185172263532877, -0.2189607471227646, 0.9757246971130371),
            ["RightHand"] = CFrame.new(-3.725290298461914e-08, -4.76837158203125e-07, 5.029141902923584e-08, 0.9867668747901917, 0.1339929699897766, -0.09130740910768509, -0.14406655728816986, 0.9829198122024536, -0.11451388895511627, 0.07440385967493057, 0.12615281343460083, 0.9892166256904602),
            ["UpperTorso"] = CFrame.new(-2.8467184165492654e-09, -2.682209014892578e-07, 1.401076588081196e-09, 0.9998781681060791, 0.012801052071154118, 0.008943195454776287, -0.013420683331787586, 0.9972375631332397, 0.07305625826120377, -0.007983295246958733, -0.07316738367080688, 0.9972877502441406),
            ["HumanoidRootPart"] = CFrame.new(0, 0, 0, 1, 0, 0, 0, 1, 0, 0, 0, 1),
            ["RightUpperLeg"] = CFrame.new(8.940696716308594e-08, -2.4028122425079346e-07, -1.8131686374545097e-08, 0.9690590500831604, -0.23442967236042023, -0.07724881917238235, 0.18402668833732605, 0.8947705030441284, -0.4068414866924286, 0.16449567675590515, 0.38003745675086975, 0.9102267622947693),
            ["LeftUpperArm"] = CFrame.new(-5.960464477539063e-08, 7.152557373046875e-07, 2.6542693376541138e-08, 0.7601267099380493, 0.6247084736824036, -0.17873631417751312, -0.16898897290229797, 0.4556709825992584, 0.8739604949951172, 0.6274155378341675, -0.6341161131858826, 0.45193642377853394),
            ["RightLowerArm"] = CFrame.new(4.76837158203125e-07, 5.960464477539063e-08, 3.0919909477233887e-07, 1, -1.3411046495548362e-07, 4.4703494239684005e-08, 1.1920931797249068e-07, 0.18802675604820251, -0.9821640253067017, 3.72529100900465e-08, 0.9821639657020569, 0.18802674114704132),
            ["LeftHand"] = CFrame.new(1.7136335372924805e-07, 1.1920928955078125e-07, -1.1175870895385742e-08, 0.9933031797409058, 0.006151678040623665, -0.11537399888038635, 0.0006705634878017008, 0.9982578158378601, 0.058999575674533844, 0.11553580313920975, -0.05868162587285042, 0.991568386554718),
            ["LeftFoot"] = CFrame.new(7.450580596923828e-09, 5.960464477539063e-08, 1.1920928955078125e-07, 0.9788069725036621, 0.0413161925971508, -0.20057392120361328, 0.03698080778121948, 0.9276727437973022, 0.37155869603157043, 0.20141837000846863, -0.3711016774177551, 0.9064845442771912),
            ["LowerTorso"] = CFrame.new(-0.033490557223558426, 0.36983776092529297, -0.06837686151266098, 0.9999532699584961, 0.00967717170715332, 0.00014157057739794254, -0.009658373892307281, 0.9987333416938782, -0.04938235133886337, -0.0006192727014422417, 0.04937867820262909, 0.9987799525260925),
            ["RightLowerLeg"] = CFrame.new(-2.2351741790771484e-08, -0.000015139579772949219, -0.00003504956839606166, 1, -9.685754776000977e-08, -8.195641498787154e-08, 1.1920930376163597e-07, 0.6531080007553101, 0.7572643756866455, -5.960465188081798e-08, -0.7572647929191589, 0.653108537197113),
            ["LeftUpperLeg"] = CFrame.new(-8.940696716308594e-08, -3.611203283071518e-07, -1.104490365833044e-08, 0.9462907314300537, 0.29704171419143677, 0.1276720017194748, -0.2522922158241272, 0.9253535866737366, -0.2829655706882477, -0.20219431817531586, 0.23555707931518555, 0.9505947232246399),
            ["LeftLowerLeg"] = CFrame.new(2.2351741790771484e-08, 0.000015020370483398438, 0.00003512948751449585, 1, 8.940696716308594e-08, 4.4703490686970326e-08, -4.0978193283081055e-08, 0.5317065119743347, 0.8469286561012268, 2.9802322387695312e-08, -0.8469287157058716, 0.5317066311836243),
        }},
        {Time = 0.172, Data = {
            ["RightFoot"] = CFrame.new(7.636845111846924e-08, 4.76837158203125e-07, 2.7794158086180687e-08, 0.9981825351715088, 0.059384409338235855, 0.010255658067762852, -0.058760643005371094, 0.9968616962432861, -0.053046926856040955, -0.013373518362641335, 0.052347928285598755, 0.9985394477844238),
            ["LeftLowerArm"] = CFrame.new(1.7881393432617188e-07, 2.384185791015625e-07, 3.725290298461914e-08, 1, 1.6018741177958873e-07, -1.4528632164001465e-07, -1.4156101713069802e-07, 0.1980549544095993, -0.9801909923553467, -1.341104365337742e-07, 0.9801909327507019, 0.19805487990379333),
            ["RightUpperArm"] = CFrame.new(0, 2.384185791015625e-07, 1.30385160446167e-08, 0.622900664806366, -0.7079508304595947, 0.3328663408756256, 0.08119011670351028, 0.48170197010040283, 0.8725659847259521, -0.7780764102935791, -0.5164967179298401, 0.35753124952316284),
            ["Head"] = CFrame.new(-2.9685907065868378e-09, 3.5762786865234375e-07, 3.77985998056829e-09, 0.9989961385726929, -0.042912792414426804, -0.012855269946157932, 0.04473781958222389, 0.9704543352127075, 0.23710130155086517, 0.0023007746785879135, -0.23743827641010284, 0.9713999032974243),
            ["RightHand"] = CFrame.new(-1.341104507446289e-07, -1.1920928955078125e-07, -3.725290298461914e-09, 0.9769446849822998, 0.1146121546626091, -0.18011975288391113, -0.14728759229183197, 0.9725755453109741, -0.18000870943069458, 0.1545492559671402, 0.20238827168941498, 0.9670335650444031),
            ["UpperTorso"] = CFrame.new(6.56291376799345e-09, 2.9802322387695312e-08, -4.816683940589428e-09, 0.9999071359634399, 0.013411736115813255, 0.002456279471516609, -0.01355899590998888, 0.9970505237579346, 0.07554061710834503, -0.0014359040651470423, -0.07556689530611038, 0.9971397519111633),
            ["HumanoidRootPart"] = CFrame.new(0, 0, 0, 1, 0, 0, 0, 1, 0, 0, 0, 1),
            ["RightUpperLeg"] = CFrame.new(0, 5.494803190231323e-08, 1.8451828509569168e-08, 0.9336634278297424, -0.3455013930797577, -0.09434835612773895, 0.2357499599456787, 0.7911798357963562, -0.5643195509910583, 0.26961973309516907, 0.5046417117118835, 0.8201474547386169),
            ["LeftUpperArm"] = CFrame.new(0, 1.1920928955078125e-07, 9.313225746154785e-10, 0.7581024765968323, 0.6182464957237244, -0.2074892818927765, -0.16026294231414795, 0.4850345849990845, 0.8596843481063843, 0.6321364641189575, -0.6184762716293335, 0.46678799390792847),
            ["RightLowerArm"] = CFrame.new(-4.470348358154297e-07, 5.960464477539063e-08, 1.8486753106117249e-07, 1, -9.685752644372769e-08, 2.700834755842152e-08, 1.8812711743976251e-07, 0.22145125269889832, -0.9751715064048767, 1.4901157641133977e-08, 0.9751714468002319, 0.2214510142803192),
            ["LeftHand"] = CFrame.new(1.043081283569336e-07, 0, 6.891787052154541e-08, 0.9925494194030762, -0.02785024605691433, -0.11861768364906311, 0.028073862195014954, 0.9996058940887451, 0.000214498519198969, 0.11856457591056824, -0.003542992053553462, 0.9929400682449341),
            ["LeftFoot"] = CFrame.new(-7.450580596923828e-08, 0, 7.450580596923828e-08, 0.9508158564567566, 0.11194532364606857, -0.2888212203979492, 0.005273386836051941, 0.9264270067214966, 0.3764374256134033, 0.3097119629383087, -0.3594459593296051, 0.8802710771560669),
            ["LowerTorso"] = CFrame.new(-0.03591375797986984, 0.41316723823547363, -0.0673907920718193, 0.9999513030052185, 0.008964570239186287, 0.004150777589529753, -0.008762335404753685, 0.998883843421936, -0.04641459882259369, -0.004562231712043285, 0.04637596383690834, 0.9989136457443237),
            ["RightLowerLeg"] = CFrame.new(1.4901161193847656e-08, -0.000015139579772949219, -0.000035254459362477064, 1, -1.7136329688582919e-07, -9.685754776000977e-08, 8.940698137394065e-08, 0.4143814146518707, 0.9101032018661499, -1.4901162614933128e-07, -0.9101033210754395, 0.414381742477417),
            ["LeftUpperLeg"] = CFrame.new(-2.9802322387695312e-08, 4.915054887533188e-07, -1.210719347000122e-08, 0.8910654783248901, 0.3871130645275116, 0.23695139586925507, -0.29487577080726624, 0.8906322121620178, -0.34615427255630493, -0.3450373411178589, 0.23857487738132477, 0.9077616930007935),
            ["LeftLowerLeg"] = CFrame.new(1.043081283569336e-07, 0.00001537799835205078, 0.00003503262996673584, 1, 4.470348358154297e-08, 7.450581307466564e-08, 0, 0.5786918997764587, 0.815546452999115, 5.2154071283894154e-08, -0.8155463337898254, 0.5786917805671692),
        }},
        {Time = 0.207, Data = {
            ["RightFoot"] = CFrame.new(-1.1734664440155029e-07, 2.384185791015625e-07, 5.4424162954092026e-09, 0.9980359673500061, 0.030060801655054092, 0.05495983362197876, -0.02902272716164589, 0.9993868470191956, -0.01959000714123249, -0.05551500618457794, 0.01795634999871254, 0.9982963800430298),
            ["LeftLowerArm"] = CFrame.new(-2.384185791015625e-07, -1.1920928955078125e-07, 1.2665987014770508e-07, 1, 1.3411036547950062e-07, -1.452862647965958e-07, -8.195639367158947e-08, 0.2914827764034271, -0.9565761685371399, -1.1175872316471214e-07, 0.9565760493278503, 0.2914825975894928),
            ["RightUpperArm"] = CFrame.new(1.1920928955078125e-07, -1.1920928955078125e-07, -3.259629011154175e-09, 0.5406248569488525, -0.7249606251716614, 0.4267987012863159, 0.0163316298276186, 0.5162789821624756, 0.8562647700309753, -0.8411052227020264, -0.4559475779533386, 0.29095280170440674),
            ["Head"] = CFrame.new(9.98261384665966e-09, 2.384185791015625e-07, 2.205524651799351e-09, 0.9989297986030579, -0.043575361371040344, -0.01551143079996109, 0.046127449721097946, 0.9632861614227295, 0.26448458433151245, 0.0034169370774179697, -0.2649168372154236, 0.9642651677131653),
            ["RightHand"] = CFrame.new(-6.705522537231445e-08, -1.7881393432617188e-07, 3.725290298461914e-08, 0.9654920697212219, 0.01765960082411766, -0.25983354449272156, -0.07986238598823547, 0.9697072505950928, -0.23084622621536255, 0.24788546562194824, 0.24363090097904205, 0.9376548528671265),
            ["UpperTorso"] = CFrame.new(-3.725290298461914e-09, -4.172325134277344e-07, 5.413312464952469e-09, 0.9998796582221985, 0.015106700360774994, -0.003555519040673971, -0.014813198707997799, 0.9973191022872925, 0.07165984809398651, 0.004628532566130161, -0.07159853726625443, 0.9974228143692017),
            ["HumanoidRootPart"] = CFrame.new(0, 0, 0, 1, 0, 0, 0, 1, 0, 0, 0, 1),
            ["RightUpperLeg"] = CFrame.new(8.940696716308594e-08, -5.5716373026371e-07, -7.741618901491165e-09, 0.8977426886558533, -0.41219669580459595, -0.15540914237499237, 0.2459685504436493, 0.7617043852806091, -0.5994213819503784, 0.36545535922050476, 0.49990028142929077, 0.785201907157898),
            ["LeftUpperArm"] = CFrame.new(0, 0, 2.7939677238464355e-09, 0.754368007183075, 0.6038309335708618, -0.2575211822986603, -0.14742788672447205, 0.5381093621253967, 0.8298816680908203, 0.6396826505661011, -0.588070273399353, 0.49495378136634827),
            ["RightLowerArm"] = CFrame.new(0, -1.1920928955078125e-07, 8.754432201385498e-08, 1, -5.960463056453591e-08, 1.415610029198433e-07, 1.1269000310676347e-07, 0.27369019389152527, -0.9618178009986877, 6.332992086299782e-08, 0.9618178606033325, 0.27369043231010437),
            ["LeftHand"] = CFrame.new(-3.725290298461914e-08, 1.7881393432617188e-07, 2.60770320892334e-08, 0.9915990233421326, -0.07063107937574387, -0.10836369544267654, 0.06139561906456947, 0.9943740963935852, -0.08631858229637146, 0.11385080218315125, 0.07894067466259003, 0.9903568029403687),
            ["LeftFoot"] = CFrame.new(-9.685754776000977e-08, -5.960464477539063e-08, -8.009374141693115e-08, 0.9065638184547424, 0.18188630044460297, -0.3808668851852417, -0.032003503292798996, 0.929405927658081, 0.367669016122818, 0.42085373401641846, -0.3211263120174408, 0.8483867645263672),
            ["LowerTorso"] = CFrame.new(-0.03683920204639435, 0.4675595760345459, -0.06538465619087219, 0.9999390840530396, 0.007395746186375618, 0.008193611167371273, -0.007059318479150534, 0.9991604685783386, -0.040354494005441666, -0.00848518405109644, 0.04029419273138046, 0.9991518259048462),
            ["RightLowerLeg"] = CFrame.new(4.470348358154297e-08, -0.00001519918441772461, -0.00003524700878188014, 1, -1.1920927533992653e-07, -4.4703490686970326e-08, 1.341104365337742e-07, 0.3968287408351898, 0.917892575263977, -1.341104365337742e-07, -0.9178926348686218, 0.3968290686607361),
            ["LeftUpperLeg"] = CFrame.new(-5.960464477539063e-08, -7.820781320333481e-07, -1.3969838619232178e-09, 0.8247647881507874, 0.43447229266166687, 0.3619350790977478, -0.28757673501968384, 0.8733727335929871, -0.393090158700943, -0.48689091205596924, 0.22012275457382202, 0.8452711701393127),
            ["LeftLowerLeg"] = CFrame.new(-8.940696716308594e-08, 0.000015079975128173828, 0.00003504753112792969, 1, 6.426125764846802e-08, 5.960463056453591e-08, -2.9802315282267955e-08, 0.6603040099143982, 0.7509984970092773, 1.4901157641133977e-08, -0.7509984970092773, 0.6603040099143982),
        }},
        {Time = 0.241, Data = {
            ["RightFoot"] = CFrame.new(-1.2852251529693604e-07, 4.172325134277344e-07, 2.4068867787718773e-08, 0.9995914697647095, 0.028346361592411995, 0.0036532809026539326, -0.02804725244641304, 0.9974674582481384, -0.06536103039979935, -0.005496665835380554, 0.06523193418979645, 0.997855007648468),
            ["LeftLowerArm"] = CFrame.new(-1.7881393432617188e-07, 5.364418029785156e-07, 5.587935447692871e-07, 1, 1.5646213569198153e-07, -1.3224780559539795e-07, -2.011657045386528e-07, 0.4151056706905365, -0.9097732305526733, -2.980232594040899e-08, 0.9097732901573181, 0.4151056408882141),
            ["RightUpperArm"] = CFrame.new(5.960464477539063e-08, 4.76837158203125e-07, 1.6065314412117004e-08, 0.46614766120910645, -0.6945415139198303, 0.5480131506919861, -0.06438415497541428, 0.5911548137664795, 0.8039844632148743, -0.8823609948158264, -0.4100586771965027, 0.23084783554077148),
            ["Head"] = CFrame.new(1.7025740817189217e-09, -1.1920928955078125e-07, -2.568185664131306e-09, 0.998842716217041, -0.046401992440223694, -0.012660142965614796, 0.0480441115796566, 0.9500747323036194, 0.30830174684524536, -0.0022777344565838575, -0.3085530698299408, 0.9512043595314026),
            ["RightHand"] = CFrame.new(0, 5.364418029785156e-07, -9.313225746154785e-08, 0.9516231417655945, -0.08651287853717804, -0.2948375940322876, 0.013079321011900902, 0.9700804948806763, -0.24243131279945374, 0.30698925256729126, 0.22684693336486816, 0.924282431602478),
            ["UpperTorso"] = CFrame.new(2.2118911147117615e-09, -2.086162567138672e-07, -2.3923348635435104e-08, 0.9998323321342468, 0.01671353168785572, -0.0074826693162322044, -0.016256513074040413, 0.9982157945632935, 0.05745530128479004, 0.008429599925875664, -0.05732402950525284, 0.9983201026916504),
            ["HumanoidRootPart"] = CFrame.new(0, 0, 0, 1, 0, 0, 0, 1, 0, 0, 0, 1),
            ["RightUpperLeg"] = CFrame.new(0, -3.657769411802292e-07, -3.9406586438417435e-08, 0.9084398150444031, -0.365787148475647, -0.20232845842838287, 0.20195609331130981, 0.8078420162200928, -0.5537195205688477, 0.3659929037094116, 0.46215933561325073, 0.8077486753463745),
            ["LeftUpperArm"] = CFrame.new(5.960464477539063e-08, 2.384185791015625e-07, 0, 0.766399621963501, 0.5448126792907715, -0.34030961990356445, -0.10848020017147064, 0.6319395303726196, 0.7673879861831665, 0.6331378817558289, -0.5512092113494873, 0.5434198379516602),
            ["RightLowerArm"] = CFrame.new(-2.9802322387695312e-08, -3.5762786865234375e-07, 1.1734664440155029e-07, 1, -8.195638656616211e-08, 1.6763802790364934e-08, 7.823110337312755e-08, 0.3490111827850342, -0.9371184706687927, 4.4703490686970326e-08, 0.937118649482727, 0.3490113914012909),
            ["LeftHand"] = CFrame.new(1.862645149230957e-07, 0, 5.960464477539063e-08, 0.9877106547355652, -0.11294187605381012, -0.10803721845149994, 0.09488961845636368, 0.9825958609580994, -0.15969130396842957, 0.12419238686561584, 0.1474771946668625, 0.9812373518943787),
            ["LeftFoot"] = CFrame.new(-3.725290298461914e-08, 1.1920928955078125e-07, -5.494803190231323e-08, 0.9200463891029358, 0.1308007687330246, -0.3693316876888275, -0.06166955083608627, 0.9792250990867615, 0.1931716501712799, 0.3869258165359497, -0.15495020151138306, 0.9089988470077515),
            ["LowerTorso"] = CFrame.new(-0.03699750080704689, 0.4942948818206787, -0.06378654390573502, 0.9999276399612427, 0.006110045593231916, 0.010363501496613026, -0.0057384055107831955, 0.9993526339530945, -0.035518717020750046, -0.010573812760412693, 0.03545667976140976, 0.9993152618408203),
            ["RightLowerLeg"] = CFrame.new(0, -0.000015020370483398438, -0.000035157601814717054, 1, -1.4156101713069802e-07, -1.7136335372924805e-07, 8.940698137394065e-08, 0.47569090127944946, 0.8796123266220093, -1.1175872316471214e-07, -0.8796125054359436, 0.4756912291049957),
            ["LeftUpperLeg"] = CFrame.new(2.9802322387695312e-08, -4.2188912630081177e-07, -2.7008354663848877e-08, 0.8536716103553772, 0.37657076120376587, 0.3597767949104309, -0.22076866030693054, 0.8873114585876465, -0.4048945903778076, -0.4717055559158325, 0.26621949672698975, 0.8406075835227966),
            ["LeftLowerLeg"] = CFrame.new(-5.960464477539063e-08, 0.00001537799835205078, 0.00003497302532196045, 1, 3.725290298461914e-08, 2.9802322387695312e-08, -2.9802322387695312e-08, 0.6780473589897156, 0.7350181341171265, 5.21540641784668e-08, -0.7350183129310608, 0.6780474185943604),
        }},
        {Time = 0.276, Data = {
            ["RightFoot"] = CFrame.new(3.91155481338501e-08, 0, 1.1030351743102074e-08, 0.9972232580184937, 0.03319292515516281, -0.06666433066129684, -0.038434285670518875, 0.9961377382278442, -0.07894632965326309, 0.0637863278388977, 0.08128944784402847, 0.9946473240852356),
            ["LeftLowerArm"] = CFrame.new(2.682209014892578e-07, -1.7881393432617188e-07, 5.960464477539063e-08, 1, 1.08033368917404e-07, -3.818421490109358e-08, -9.313224325069314e-08, 0.5689324140548706, -0.8223844170570374, -5.960463766996327e-08, 0.8223842978477478, 0.568932294845581),
            ["RightUpperArm"] = CFrame.new(-5.960464477539063e-08, 4.76837158203125e-07, 4.540197551250458e-09, 0.47875940799713135, -0.5766446590423584, 0.6620200276374817, -0.12295262515544891, 0.7025860548019409, 0.7008960843086243, -0.8692939877510071, -0.41695791482925415, 0.26546961069107056),
            ["Head"] = CFrame.new(-5.14046405442059e-09, 3.5762786865234375e-07, 6.393975127139129e-09, 0.9986886382102966, -0.05075741931796074, -0.006699061952531338, 0.04974450543522835, 0.9310489296913147, 0.36148813366889954, -0.012111051008105278, -0.3613472282886505, 0.9323527216911316),
            ["RightHand"] = CFrame.new(5.21540641784668e-08, 4.76837158203125e-07, 1.043081283569336e-07, 0.9588998556137085, -0.11355578899383545, -0.2600311040878296, 0.054157134145498276, 0.9728245735168457, -0.22512127459049225, 0.27852848172187805, 0.20178569853305817, 0.9389911890029907),
            ["UpperTorso"] = CFrame.new(6.402842700481415e-10, 5.960464477539063e-08, -9.89530235528946e-10, 0.9997919797897339, 0.01789526455104351, -0.009784866124391556, -0.017558272927999496, 0.9992843270301819, 0.033504460006952286, 0.010377434082329273, -0.0333256796002388, 0.9993906617164612),
            ["HumanoidRootPart"] = CFrame.new(0, 0, 0, 1, 0, 0, 0, 1, 0, 0, 0, 1),
            ["RightUpperLeg"] = CFrame.new(-2.9802322387695312e-08, 4.814937710762024e-07, -2.450542524456978e-08, 0.932208240032196, -0.23866920173168182, -0.2720748782157898, 0.13455334305763245, 0.9264124035835266, -0.35164713859558105, 0.3359808921813965, 0.2911996841430664, 0.8957229256629944),
            ["LeftUpperArm"] = CFrame.new(-1.1920928955078125e-07, 0, 1.7462298274040222e-09, 0.7959790825843811, 0.4205637574195862, -0.43536606431007385, -0.04152980074286461, 0.7554748058319092, 0.6538600921630859, 0.6038979291915894, -0.5023783445358276, 0.6188080906867981),
            ["RightLowerArm"] = CFrame.new(-1.1920928955078125e-07, 0, -1.7508864402770996e-07, 1, -1.005828522693264e-07, 4.8428766774577525e-08, 5.215404996761208e-08, 0.4727743864059448, -0.8811832666397095, -1.4901157641133977e-08, 0.8811836242675781, 0.47277480363845825),
            ["LeftHand"] = CFrame.new(-1.1548399925231934e-07, 5.960464477539063e-08, 7.543712854385376e-08, 0.98027503490448, -0.1470171958208084, -0.13208648562431335, 0.1169760525226593, 0.9702815413475037, -0.2118263840675354, 0.15930312871932983, 0.19219739735126495, 0.968340277671814),
            ["LeftFoot"] = CFrame.new(-4.0046870708465576e-08, 0, 2.60770320892334e-08, 0.9687596559524536, 0.016189999878406525, -0.24747273325920105, -0.04197237268090248, 0.9941754341125488, -0.09926547855138779, 0.24442413449287415, 0.10655141621828079, 0.9637964963912964),
            ["LowerTorso"] = CFrame.new(-0.03718109056353569, 0.45802760124206543, -0.060386013239622116, 0.9999282956123352, 0.005328267812728882, 0.010725636035203934, -0.004980392754077911, 0.9994689226150513, -0.03220345079898834, -0.01089152880012989, 0.03214772418141365, 0.9994238018989563),
