return {
    ["Go Mufasa"] = {
        [1] = {Time = 0.000, Data = {
            ["RightFoot"] = CFrame.new(0.007967229932546616, 0.004902660846710205, 0.004209080711007118, 0.9832649230957031, 0.18188397586345673, 0.01041219849139452, -0.18206165730953217, 0.9830857515335083, 0.019903426989912987, -0.006615885999053717, -0.021465977653861046, 0.9997477531433105),
            ["LeftLowerArm"] = CFrame.new(0.0000011324882507324219, 0.0000011324882507324219, -5.364418029785156e-07, 1, -1.266598843585598e-07, 1.4901162614933128e-07, 8.940699558479537e-08, -0.056674689054489136, -0.9983927011489868, 1.0058287358560847e-07, 0.9983927011489868, -0.05667462944984436),
            ["RightUpperArm"] = CFrame.new(-5.960464477539063e-08, -1.1920928955078125e-07, 1.30385160446167e-08, 0.9755418300628662, -0.18608206510543823, 0.11701176315546036, 0.15880195796489716, 0.9646821022033691, 0.21016788482666016, -0.15198762714862823, -0.18644578754901886, 0.9706377983093262),
            ["Head"] = CFrame.new(-3.725290298461914e-09, 0, 4.6566128730773926e-08, 0.8331302404403687, -0.1362302601337433, -0.5360367298126221, 0.17977464199066162, 0.9832647442817688, 0.029522642493247986, 0.523044228553772, -0.12096195667982101, 0.8436782956123352),
            ["RightHand"] = CFrame.new(-5.21540641784668e-08, 2.384185791015625e-07, -1.1175870895385742e-08, 0.895476758480072, -0.029498184099793434, 0.4441298842430115, 0.07670710980892181, 0.9931002855300903, -0.08870109170675278, -0.438448965549469, 0.11349767446517944, 0.891560971736908),
            ["UpperTorso"] = CFrame.new(6.984919309616089e-10, 3.8743019104003906e-07, -4.94765117764473e-09, 0.985959529876709, -0.04102837294340134, -0.16186614334583282, 0.06904759258031845, 0.9827648997306824, 0.17148041725158691, 0.1520407795906067, -0.1802491843700409, 0.9717993140220642),
            ["HumanoidRootPart"] = CFrame.new(0, 0, 0, 1, 0, 0, 0, 1, 0, 0, 0, 1),
            ["RightUpperLeg"] = CFrame.new(5.960464477539063e-08, -0.0000010175863280892372, 2.6244379114359617e-08, 0.9463484883308411, 0.19723770022392273, 0.255972295999527, 0.09265756607055664, 0.5932376384735107, -0.7996774315834045, -0.30957895517349243, 0.780491054058075, 0.5431337952613831),
            ["LeftUpperArm"] = CFrame.new(-1.1920928955078125e-07, 0, 1.341104507446289e-07, 0.650003969669342, -0.14140360057353973, -0.7466591000556946, -0.27365314960479736, 0.8730659484863281, -0.4035714268684387, 0.7089491486549377, 0.4666486382484436, 0.5288007855415344),
            ["RightLowerArm"] = CFrame.new(-1.1920928955078125e-07, 7.748603820800781e-07, -2.980232238769531e-07, 1, -4.889443516731262e-08, -1.8626444386882213e-08, 2.60770320892334e-08, 0.9204526543617249, -0.3908540606498718, 7.450580596923828e-09, 0.39085403084754944, 0.9204527139663696),
            ["LeftHand"] = CFrame.new(-2.8312206268310547e-07, 0, -5.21540641784668e-07, 0.9981494545936584, -0.05989205837249756, -0.010520756244659424, 0.05879134684801102, 0.9946748614311218, -0.0846497043967247, 0.015534533187747002, 0.08387452363967896, 0.9963552355766296),
            ["LeftFoot"] = CFrame.new(0.007403112947940826, 0.006808280944824219, 0.0020178016275167465, 0.999847948551178, -0.004768015816807747, 0.016779765486717224, 0.005475456360727549, 0.9990870952606201, -0.04236907511949539, -0.01656240038573742, 0.04245461896061897, 0.9989612102508545),
            ["LowerTorso"] = CFrame.new(0.005145230796188116, 0.04112076759338379, -0.09485764801502228, 0.9890750646591187, -0.02043425478041172, -0.14599010348320007, 0.014572855085134506, 0.9990485906600952, -0.04110664501786232, 0.1466911882162094, 0.03853006660938263, 0.9884316921234131),
            ["RightLowerLeg"] = CFrame.new(2.2351741790771484e-08, -0.0000033974647521972656, -0.000013401899195741862, 1, -1.6391282997574308e-07, -1.3783575525394554e-07, 1.639127589214695e-07, 0.07999585568904877, 0.9967951774597168, -1.4156101713069802e-07, -0.9967952966690063, 0.07999604195356369),
            ["LeftUpperLeg"] = CFrame.new(-2.384185791015625e-07, -5.257315933704376e-07, 1.4901161193847656e-08, 0.9947109222412109, 0.038730159401893616, 0.09513257443904877, 0.003136835992336273, 0.9142995476722717, -0.40502652525901794, -0.10266643762588501, 0.40318289399147034, 0.9093422293663025),
            ["LeftLowerLeg"] = CFrame.new(1.4901161193847656e-08, 0.000003814697265625, 0.00001339055597782135, 1, 5.681068415697155e-08, 1.9557781172352406e-08, -5.774199962615967e-08, 0.7037810683250427, 0.710416853427887, 2.7939677238464355e-08, -0.7104169130325317, 0.7037811875343323)
        }},
        [2] = {Time = 0.033, Data = {
            ["RightFoot"] = CFrame.new(0.008017443120479584, 0.005476176738739014, 0.003310685744509101, 0.9861429333686829, 0.16235210001468658, -0.034117329865694046, -0.15934538841247559, 0.9841733574867249, 0.0775366723537445, 0.04616574943065643, -0.07102557271718979, 0.9964056015014648),
            ["LeftLowerArm"] = CFrame.new(8.344650268554688e-07, 7.748603820800781e-07, -1.7136335372924805e-07, 1, -5.587936158235607e-08, 1.1920931797249068e-07, 5.2154071283894154e-08, -0.14504678547382355, -0.9894248843193054, 1.0430814256778831e-07, 0.9894248247146606, -0.1450466811656952),
            ["RightUpperArm"] = CFrame.new(0, 0, 4.842877388000488e-08, 0.9788157343864441, -0.20422543585300446, 0.014559034258127213, 0.18758060038089752, 0.9229932427406311, 0.33600175380706787, -0.08205796778202057, -0.3261527717113495, 0.9417489171028137),
            ["Head"] = CFrame.new(1.862645149230957e-08, -2.384185791015625e-07, -2.1420419216156006e-08, 0.8054506182670593, -0.1541394144296646, -0.5722678303718567, 0.16489951312541962, 0.9857441782951355, -0.03341718390583992, 0.5692605376243591, -0.06745081394910812, 0.8193857669830322),
            ["RightHand"] = CFrame.new(-8.046627044677734e-07, -5.364418029785156e-07, -8.940696716308594e-08, 0.8992444276809692, -0.044648345559835434, 0.435162216424942, 0.1388436257839203, 0.9724721312522888, -0.18713738024234772, -0.41482779383659363, 0.22870172560214996, 0.8806892037391663),
            ["UpperTorso"] = CFrame.new(-5.587935447692871e-09, 0.0000010132789611816406, -1.5599653124809265e-08, 0.9791463613510132, -0.07058382779359818, -0.1905003935098648, 0.09044814854860306, 0.9911002516746521, 0.0976707860827446, 0.18191102147102356, -0.11286439001560211, 0.9768163561820984),
            ["HumanoidRootPart"] = CFrame.new(0, 0, 0, 1, 0, 0, 0, 1, 0, 0, 0, 1),
            ["RightUpperLeg"] = CFrame.new(-1.1920928955078125e-07, 9.78820025920868e-07, 1.6931153368204832e-08, 0.9602600932121277, 0.05961325019598007, 0.2726658284664154, 0.13158883154392242, 0.7648387551307678, -0.6306396126747131, -0.24614021182060242, 0.641457736492157, 0.7265995740890503),
            ["LeftUpperArm"] = CFrame.new(0, -9.5367431640625e-07, -1.043081283569336e-07, 0.45530959963798523, -0.2881656289100647, -0.8424094915390015, -0.3292742073535919, 0.8245875239372253, -0.4600369930267334, 0.8272072076797485, 0.4868430495262146, 0.2805570662021637),
            ["RightLowerArm"] = CFrame.new(-2.9802322387695312e-08, -3.5762786865234375e-07, -2.086162567138672e-07, 1, -2.9802315282267955e-08, 3.725288078015865e-09, -1.4901159417490817e-08, 0.9655041694641113, -0.26038745045661926, 0, 0.26038745045661926, 0.9655042886734009),
            ["LeftHand"] = CFrame.new(-1.8998980522155762e-07, -1.7881393432617188e-07, -7.078051567077637e-07, 0.9970476627349854, -0.07603389769792557, -0.010714352130889893, 0.07488614320755005, 0.99371737241745, -0.08317380398511887, 0.016971061006188393, 0.08212591707706451, 0.9964775443077087),
            ["LeftFoot"] = CFrame.new(0.007703414652496576, 0.006466388702392578, 0.002018129453063011, 0.9980025291442871, 0.033429428935050964, 0.05360625311732292, -0.030349206179380417, 0.997896671295166, -0.05728154629468918, -0.05540819093585014, 0.055540479719638824, 0.9969179630279541),
            ["LowerTorso"] = CFrame.new(0.016394319012761116, 0.031135082244873047, -0.11675909906625748, 0.9930753707885742, 0.012828266248106956, -0.11677705496549606, -0.014775343239307404, 0.9997656941413879, -0.01582304760813713, 0.11654671281576157, 0.017438899725675583, 0.9930320978164673),
            ["RightLowerLeg"] = CFrame.new(1.4901161193847656e-07, -0.0000037550926208496094, -0.000013237986422609538, 1, -1.266598843585598e-07, -7.450580596923828e-08, 1.410953842650997e-07, 0.4507613182067871, 0.892644464969635, -3.725290653733282e-08, -0.8926445245742798, 0.4507615566253662),
            ["LeftUpperLeg"] = CFrame.new(-5.960464477539063e-08, 7.150229066610336e-07, 3.725290298461914e-09, 0.9907593131065369, -0.05459311977028847, 0.12415951490402222, 0.07698133587837219, 0.9800249934196472, -0.18337123095989227, -0.11166877299547195, 0.19123464822769165, 0.9751715064048767),
            ["LeftLowerLeg"] = CFrame.new(-1.3504177331924438e-08, 0.0000040531158447265625, 0.000013272510841488838, 1, 3.7369318306446075e-08, 1.0244547432591844e-08, -5.0989918065624806e-08, 0.8721314072608948, 0.48927170038223267, 1.210719524635806e-08, -0.4892716705799103, 0.87213134765625)
        }},
        [3] = {Time = 0.067, Data = {
            ["RightFoot"] = CFrame.new(0.007932092994451523, 0.005894005298614502, 0.0027525147888809443, 0.9888400435447693, 0.11229153722524643, -0.09790802001953125, -0.11213396489620209, 0.9936675429344177, 0.007127534598112106, 0.09808837622404099, 0.003930952865630388, 0.9951700568199158),
            ["LeftLowerArm"] = CFrame.new(0.0000014007091522216797, 0, 7.152557373046875e-07, 1, -9.685754776000977e-08, 8.940698847936801e-08, 9.685759039257391e-08, -0.19996628165245056, -0.9798028469085693, 1.1175876579727628e-07, 0.9798027873039246, -0.19996634125709534),
            ["RightUpperArm"] = CFrame.new(1.1920928955078125e-07, -3.5762786865234375e-07, -1.3969838619232178e-08, 0.9733346700668335, -0.2148161083459854, -0.0804593488574028, 0.2285228818655014, 0.877586841583252, 0.4214484989643097, -0.01992386393249035, -0.42859721183776855, 0.9032760858535767),
            ["Head"] = CFrame.new(-3.725290298461914e-09, -5.960464477539062e-07, -4.936009645462036e-08, 0.7756427526473999, -0.1798793077468872, -0.6049973368644714, 0.1522696614265442, 0.9835465550422668, -0.09721174836158752, 0.6125295162200928, -0.01672116480767727, 0.7902709245681763),
            ["RightHand"] = CFrame.new(-7.003545761108398e-07, -1.1920928955078125e-07, 1.1920928955078125e-07, 0.8961768746376038, -0.08178109675645828, 0.4360949993133545, 0.21983152627944946, 0.9355913400650024, -0.2763025760650635, -0.3854103684425354, 0.34348347783088684, 0.8564333319664001),
            ["UpperTorso"] = CFrame.new(-1.862645149230957e-09, 6.258487701416016e-07, 6.984919309616089e-09, 0.972679078578949, -0.08431745320558548, -0.2163008451461792, 0.09760536998510361, 0.9938926100730896, 0.05148470401763916, 0.21063882112503052, -0.07119021564722061, 0.9749683737754822),
            ["HumanoidRootPart"] = CFrame.new(0, 0, 0, 1, 0, 0, 0, 1, 0, 0, 0, 1),
            ["RightUpperLeg"] = CFrame.new(0, -4.967732820659876e-07, 6.838672561571002e-08, 0.9751964807510376, -0.03452351689338684, 0.21863199770450592, 0.1280781477689743, 0.893612265586853, -0.43017810583114624, -0.18052111566066742, 0.44751015305519104, 0.8758692741394043),
            ["LeftUpperArm"] = CFrame.new(-1.1920928955078125e-07, -8.344650268554688e-07, 3.818422555923462e-08, 0.3568096160888672, -0.5091214776039124, -0.7832511067390442, -0.46377044916152954, 0.6312822103500366, -0.6216106414794922, 0.8109278082847595, 0.5850455164909363, -0.010867939330637455),
            ["RightLowerArm"] = CFrame.new(-1.1920928955078125e-07, 2.384185791015625e-07, 0, 1, -7.450581485102248e-09, 0, 0, 0.9864208102226257, -0.1642376035451889, -1.4901166522918174e-08, 0.16423764824867249, 0.9864208698272705),
            ["LeftHand"] = CFrame.new(-1.2945383787155151e-07, 0, -2.086162567138672e-07, 0.9940876364707947, -0.10800600796937943, -0.011160465888679028, 0.10677364468574524, 0.991038978099823, -0.08025731891393661, 0.01972874253988266, 0.07859119772911072, 0.9967117309570312),
            ["LeftFoot"] = CFrame.new(0.007816271856427193, 0.006132006645202637, 0.002555960789322853, 0.9942318797111511, 0.06479732692241669, 0.0854656845331192, -0.04495430365204811, 0.9752576351165771, -0.21645236015319824, -0.09737648814916611, 0.2113618701696396, 0.9725452065467834),
            ["LowerTorso"] = CFrame.new(0.025801075622439384, -0.00561070442199707, -0.14380879700183868, 0.9959466457366943, 0.02522224374115467, -0.08633823692798615, -0.02543453872203827, 0.9996756315231323, -0.0013595414347946644, 0.08627594262361526, 0.0035500035155564547, 0.9962649941444397),
            ["RightLowerLeg"] = CFrame.new(-1.4528632164001465e-07, -0.000003993511199951172, -0.000013252887583803385, 1, -1.1175870895385742e-07, -4.0978189730367376e-08, 1.1175870895385742e-07, 0.7076881527900696, 0.7065249085426331, -4.0978193283081055e-08, -0.7065249681472778, 0.7076882123947144),
            ["LeftUpperLeg"] = CFrame.new(-1.1920928955078125e-07, -1.3993121683597565e-07, 4.6333298087120056e-08, 0.9851123690605164, -0.1028553768992424, 0.1377473771572113, 0.10705249756574631, 0.9939780831336975, -0.02339572086930275, -0.1345115751028061, 0.03779362142086029, 0.9901910424232483),
            ["LeftLowerLeg"] = CFrame.new(-1.3969838619232178e-08, 0.000004112720489501953, 0.00001329369843006134, 1, 4.6566135836201283e-08, 9.313226634333205e-09, -1.5599654901166105e-08, 0.9323453307151794, 0.3615693151950836, -6.984920419839113e-10, -0.361569344997406, 0.9323452711105347)
        }},
        [4] = {Time = 0.100, Data = {
            ["RightFoot"] = CFrame.new(0.007849335670471191, 0.005810379981994629, 0.00314049213193357, 0.9894490242004395, 0.07959621399641037, -0.1210584044456482, -0.11060265451669693, 0.9546927809715271, -0.2762771248817444, 0.0935831218957901, 0.28675130009651184, 0.9534233212471008),
            ["LeftLowerArm"] = CFrame.new(0.0000011026859283447266, 0.0000010132789611816406, -4.172325134277344e-07, 1, -2.9802318834981634e-08, 1.0430811414607888e-07, 2.980232594040899e-08, -0.22200383245944977, -0.9750458598136902, 1.4156104555240745e-07, 0.9750458002090454, -0.22200381755828857),
            ["RightUpperArm"] = CFrame.new(2.384185791015625e-07, 7.152557373046875e-07, 6.332993507385254e-08, 0.9774489402770996, -0.20584210753440857, -0.04714598506689072, 0.20300008356571198, 0.8543981909751892, 0.47832486033439636, -0.05817795544862747, -0.47710883617401123, 0.8769165277481079),
            ["Head"] = CFrame.new(-1.4901161193847656e-08, 0, -2.421438694000244e-08, 0.7430190443992615, -0.21634486317634583, -0.6333383917808533, 0.14096325635910034, 0.9756720662117004, -0.16790902614593506, 0.6542568802833557, 0.035482168197631836, 0.7554395794868469),
            ["RightHand"] = CFrame.new(-5.960464477539062e-07, -8.940696716308594e-07, 8.940696716308594e-08, 0.8521205186843872, -0.1725679188966751, 0.49407586455345154, 0.2546157240867615, 0.9615092873573303, -0.10329923033714294, -0.4572324752807617, 0.21382275223731995, 0.8632603883743286),
            ["UpperTorso"] = CFrame.new(-9.313225746154785e-10, 2.384185791015625e-07, -4.889443516731262e-09, 0.9667969346046448, -0.07713378220796585, -0.24362723529338837, 0.08942762017250061, 0.9951980710029602, 0.0397942028939724, 0.23938795924186707, -0.060259923338890076, 0.9690521955490112),
            ["HumanoidRootPart"] = CFrame.new(0, 0, 0, 1, 0, 0, 0, 1, 0, 0, 0, 1),
            ["RightUpperLeg"] = CFrame.new(-2.9802322387695312e-08, -6.90168235450983e-07, 4.487083060666919e-08, 0.983025312423706, -0.05182812362909317, 0.17599719762802124, 0.10871631652116776, 0.9372690916061401, -0.3312210738658905, -0.1477903425693512, 0.3447326719760895, 0.9269939064979553),
            ["LeftUpperArm"] = CFrame.new(-1.1920928955078125e-07, 1.1920928955078125e-07, -2.9802322387695312e-08, 0.32131361961364746, -0.6579995155334473, -0.6810243725776672, -0.6048192977905273, 0.4107736349105835, -0.6822451949119568, 0.728663980960846, 0.6311115026473999, -0.2659836709499359),
            ["RightLowerArm"] = CFrame.new(-1.4901161193847656e-07, -7.152557373046875e-07, 5.960464477539063e-08, 1, -7.4505797087454084e-09, 0, 2.9802318834981634e-08, 0.9936079978942871, -0.1128857359290123, 0, 0.11288577318191528, 0.9936080574989319),
            ["LeftHand"] = CFrame.new(-1.4901161193847656e-07, -3.5762786865234375e-07, -3.129243850708008e-07, 0.9918274879455566, -0.1270688772201538, -0.0114760035648942, 0.12579084932804108, 0.9889442920684814, -0.07852301001548767, 0.02132696658372879, 0.07643766701221466, 0.9968463182449341),
            ["LeftFoot"] = CFrame.new(0.00784823577851057, 0.005663752555847168, 0.0033993911929428577, 0.9922752380371094, 0.08948896825313568, 0.08591646701097488, -0.04390779510140419, 0.9010733962059021, -0.43143871426582336, -0.11602577567100525, 0.42433303594589233, 0.898041844367981),
            ["LowerTorso"] = CFrame.new(0.033395349979400635, -0.06683778762817383, -0.1605626493692398, 0.9982901811599731, 0.017806721851229668, -0.05567576363682747, -0.01751117967069149, 0.9998299479484558, 0.005791652947664261, 0.0557694248855114, -0.004806801211088896, 0.9984320998191833),
            ["RightLowerLeg"] = CFrame.new(-8.940696716308594e-08, -0.000003993511199951172, -0.000013170931197237223, 1, -1.0803344707710494e-07, -3.3527616238870905e-08, 9.685753354915505e-08, 0.7457924485206604, 0.6661785840988159, -3.352760913344355e-08, -0.6661784648895264, 0.7457923293113708),
            ["LeftUpperLeg"] = CFrame.new(-5.960464477539063e-08, -4.845787771046162e-07, -4.190951585769653e-08, 0.9862673282623291, -0.09438707679510117, 0.13552799820899963, 0.10648678988218307, 0.9906759262084961, -0.08498156070709229, -0.12624330818653107, 0.09824655205011368, 0.9871222972869873),
            ["LeftLowerLeg"] = CFrame.new(-8.568167686462402e-08, 0.000003874301910400391, 0.000013340264558792114, 1, 3.725290653733282e-08, 1.6763804566721774e-08, -4.516913776342335e-08, 0.855830729007721, 0.5172569155693054, 2.607702853651972e-08, -0.5172562003135681, 0.8558301329612732)
        }},
        [5] = {Time = 0.133, Data = {
            ["RightFoot"] = CFrame.new(0.007862660102546215, 0.0056389570236206055, 0.0034077984746545553, 0.9888902306556702, 0.08599254488945007, -0.12124979496002197, -0.1296302229166031, 0.8980734348297119, -0.42030930519104004, 0.07274787127971649, 0.43135765194892883, 0.8992434144020081),
            ["LeftLowerArm"] = CFrame.new(6.258487701416016e-07, 2.980232238769531e-07, -1.341104507446289e-07, 1, -1.3783575525394554e-07, 1.1175872316471214e-07, 7.450579886381092e-08, -0.22514058649539948, -0.9743263125419617, 1.0058282384761696e-07, 0.9743263125419617, -0.22514057159423828),
            ["RightUpperArm"] = CFrame.new(1.1920928955078125e-07, 2.384185791015625e-07, 1.0617077350616455e-07, 0.9781621694564819, -0.19057965278625488, 0.08293464779853821, 0.12771618366241455, 0.8659428954124451, 0.48356130719184875, -0.1639736145734787, -0.46240928769111633, 0.8713726997375488),
            ["Head"] = CFrame.new(-7.450580596923828e-09, 0, -1.3969838619232178e-08, 0.7129121422767639, -0.2514340579509735, -0.6546275615692139, 0.11925684660673141, 0.9633830189704895, -0.2401481568813324, 0.6910383701324463, 0.09313570708036423, 0.7167925834655762),
            ["RightHand"] = CFrame.new(-1.9371509552001953e-07, -4.172325134277344e-07, -2.980232238769531e-07, 0.8278576135635376, -0.16383445262908936, 0.5364794135093689, 0.16707299649715424, 0.9850066900253296, 0.042994096875190735, -0.535479724407196, 0.05403822660446167, 0.842817485332489),
            ["UpperTorso"] = CFrame.new(6.984919309616089e-10, 2.980232238769531e-07, -1.6298145055770874e-08, 0.962941586971283, -0.05850158631801605, -0.26328903436660767, 0.07545634359121323, 0.9956453442573547, 0.05474294349551201, 0.2589399218559265, -0.07258107513189316, 0.9631625413894653),
            ["HumanoidRootPart"] = CFrame.new(0, 0, 0, 1, 0, 0, 0, 1, 0, 0, 0, 1),
            ["RightUpperLeg"] = CFrame.new(1.7881393432617188e-07, -4.2939791455864906e-07, 3.183231456205249e-08, 0.9870128035545349, -0.043904054909944534, 0.15452562272548676, 0.09295839071273804, 0.9406108856201172, -0.3265119194984436, -0.131013423204422, 0.3366360366344452, 0.9324761629104614),
            ["LeftUpperArm"] = CFrame.new(5.960464477539063e-08, 0, -1.043081283569336e-07, 0.2835853099822998, -0.7190837860107422, -0.6344272494316101, -0.6862016916275024, 0.3099714517593384, -0.6580614447593689, 0.6698556542396545, 0.6219615340232849, -0.40553319454193115),
            ["RightLowerArm"] = CFrame.new(0, 0, -4.172325134277344e-07, 1, -3.725290742551124e-09, -1.4901157641133977e-08, 0, 0.9965876340866089, -0.08254265040159225, 7.450580596923828e-09, 0.0825427994132042, 0.9965875148773193),
            ["LeftHand"] = CFrame.new(2.60770320892334e-08, -2.384185791015625e-07, -1.341104507446289e-07, 0.9884454607963562, -0.151108056306839, -0.011914428323507309, 0.14977869391441345, 0.9857684969902039, -0.07633399218320847, 0.023279525339603424, 0.0736675038933754, 0.997011125087738),
            ["LeftFoot"] = CFrame.new(0.007851241156458855, 0.00539165735244751, 0.0038101435638964176, 0.992219090461731, 0.09631036221981049, 0.07890254259109497, -0.04233955219388008, 0.856975257396698, -0.5136157274246216, -0.11708392202854156, 0.5062783360481262, 0.8543848395347595),
            ["LowerTorso"] = CFrame.new(0.039206840097904205, -0.13108587265014648, -0.15157395601272583, 0.9993060231208801, -0.0006897250423207879, -0.037244271486997604, 0.0010080301435664296, 0.9999632239341736, 0.008528318256139755, 0.0372370183467865, -0.008559943176805973, 0.9992697834968567),
            ["RightLowerLeg"] = CFrame.new(-3.725290298461914e-09, -0.000003635883331298828, -0.00001326033816440031, 1, -1.1548399925231934e-07, -2.6077044523731274e-08, 1.0244548320770264e-07, 0.722134530544281, 0.6917523741722107, -4.0978193283081055e-08, -0.6917526125907898, 0.7221349477767944),
            ["LeftUpperLeg"] = CFrame.new(-1.1920928955078125e-07, -1.2991949915885925e-07, -5.960464477539063e-08, 0.9888433218002319, -0.07073067873716354, 0.13109588623046875, 0.08989673852920532, 0.9851049184799194, -0.14658436179161072, -0.11877521872520447, 0.15673404932022095, 0.9804728627204895),
            ["LeftLowerLeg"] = CFrame.new(-2.2351741790771484e-08, 0.000003933906555175781, 0.000013317912817001343, 1, 4.4703494239684005e-08, 1.303851249190302e-08, -6.984918599073353e-08, 0.7881523370742798, 0.6154806017875671, 4.563479905073109e-08, -0.6154803037643433, 0.7881520390510559)
        }},
        [6] = {Time = 0.167, Data = {
            ["RightFoot"] = CFrame.new(0.007870832458138466, 0.005634665489196777, 0.0033959427382797003, 0.9889523386955261, 0.0850149616599083, -0.1214323341846466, -0.12731999158859253, 0.9066876769065857, -0.4021277129650116, 0.0759144276380539, 0.41314634680747986, 0.9074952602386475),
            ["LeftLowerArm"] = CFrame.new(0.0000012218952178955078, 1.1920928955078125e-07, -7.301568984985352e-07, 1, -4.097820394122209e-08, 1.0430815677864302e-07, 4.4703494239684005e-08, -0.1918225884437561, -0.9814296960830688, 1.4528635006172408e-07, 0.9814296960830688, -0.19182254374027252),
            ["RightUpperArm"] = CFrame.new(-5.960464477539063e-08, 3.5762786865234375e-07, 1.0244548320770264e-08, 0.9314668774604797, -0.17798976600170135, 0.31731581687927246, 0.02777462638914585, 0.9044049382209778, 0.4257704019546509, -0.36276477575302124, -0.3877776563167572, 0.8473666310310364),
            ["Head"] = CFrame.new(2.9802322387695312e-08, 1.1920928955078125e-07, 2.9802322387695312e-08, 0.6941943168640137, -0.2677670121192932, -0.6681281924247742, 0.08994204550981522, 0.9532237648963928, -0.28857421875, 0.7141462564468384, 0.14023375511169434, 0.6858058571815491),
            ["RightHand"] = CFrame.new(-5.923211574554443e-07, -2.384185791015625e-07, -2.9802322387695312e-08, 0.8653802275657654, -0.04735276848077774, 0.4988735616207123, 0.05321580916643143, 0.9985800385475159, 0.002472825348377228, -0.49828237295150757, 0.024408012628555298, 0.8666712641716003),
            ["UpperTorso"] = CFrame.new(8.847564458847046e-09, 2.086162567138672e-07, 3.3760443329811096e-09, 0.9657644033432007, -0.03369133174419403, -0.25722357630729675, 0.06342484056949615, 0.9921053051948547, 0.10818643122911453, 0.2515479624271393, -0.12079696357250214, 0.9602769017219543),
            ["HumanoidRootPart"] = CFrame.new(0, 0, 0, 1, 0, 0, 0, 1, 0, 0, 0, 1),
            ["RightUpperLeg"] = CFrame.new(-5.960464477539063e-08, -3.339373506605625e-07, 3.9981387089937925e-08, 0.9869480729103088, -0.006078026257455349, 0.16092412173748016, 0.06776151806116104, 0.9221914410591125, -0.38075119256973267, -0.146088644862175, 0.386685848236084, 0.9105669260025024),
            ["LeftUpperArm"] = CFrame.new(5.960464477539063e-08, -1.1920928955078125e-07, 4.470348358154297e-08, 0.2925069332122803, -0.7494193315505981, -0.5939784049987793, -0.6423443555831909, 0.3061622977256775, -0.7026083469390869, 0.708402156829834, 0.5870564579963684, -0.3918306529521942),
            ["RightLowerArm"] = CFrame.new(-2.086162567138672e-07, 4.172325134277344e-07, -4.936009645462036e-07, 1, -1.1175869119028903e-08, 3.725288078015865e-09, 7.450580596923828e-09, 0.9973612427711487, -0.07259967178106308, -1.862645149230957e-09, 0.0725996121764183, 0.9973611831665039),
            ["LeftHand"] = CFrame.new(4.33996319770813e-07, 1.7881393432617188e-07, -2.384185791015625e-07, 0.9711174368858337, -0.20071211457252502, 0.12901780009269714, 0.21064825356006622, 0.9751588702201843, -0.06850285828113556, -0.11206348240375519, 0.09370175004005432, 0.9892734289169312),
            ["LeftFoot"] = CFrame.new(0.00784310419112444, 0.005160689353942871, 0.0041331760585308075, 0.9929915070533752, 0.09593726694583893, 0.06902112066745758, -0.041725579649209976, 0.830977737903595, -0.5547387599945068, -0.1105751246213913, 0.5479708909988403, 0.8291568160057068),
            ["LowerTorso"] = CFrame.new(0.04170091822743416, -0.15392446517944336, -0.11564026772975922, 0.9983810782432556, -0.027038035914301872, -0.05004355311393738, 0.027169015258550644, 0.9996290802955627, 0.0019387741340324283, 0.049972567707300186, -0.0032952693291008472, 0.9987452030181885),
            ["RightLowerLeg"] = CFrame.new(-1.1175870895385742e-07, -0.0000037550926208496094, -0.000013342294550966471, 1, -1.2665985593685036e-07, -4.097820394122209e-08, 1.2665985593685036e-07, 0.6817660927772522, 0.7315698862075806, -4.8428766774577525e-08, -0.7315703630447388, 0.6817665696144104),
            ["LeftUpperLeg"] = CFrame.new(-1.7881393432617188e-07, 2.4767359718680382e-08, -8.149072527885437e-09, 0.9878774285316467, -0.028663069009780884, 0.15256725251674652, 0.06305885314941406, 0.9721617698669434, -0.22566604614257812, -0.14185181260108948, 0.23255108296871185, 0.9621840715408325),
            ["LeftLowerLeg"] = CFrame.new(1.1175870895385742e-08, 0.000003933906555175781, 0.000013355165719985962, 1, 5.2154071283894154e-08, 1.6763808119435453e-08, -6.146729703004894e-08, 0.6999356150627136, 0.7142062783241272, 1.862645326866641e-08, -0.7142059206962585, 0.6999353170394897)
        }},
        [7] = {Time = 0.200, Data = {
            ["RightFoot"] = CFrame.new(0.007971776649355888, 0.005604147911071777, 0.003205997636541724, 0.9910726547241211, 0.09739409387111664, -0.09104722738265991, -0.10810308903455734, 0.9867208003997803, -0.1212257668375969, 0.0780315026640892, 0.12998636066913605, 0.9884405732154846),
            ["LeftLowerArm"] = CFrame.new(0.0000010728836059570312, 2.384185791015625e-07, 1.043081283569336e-07, 1, -5.029141192380848e-08, 1.043081283569336e-07, 1.192093321833454e-07, -0.11597634106874466, -0.9932519793510437, 8.568170528633345e-08, 0.9932519793510437, -0.11597634851932526),
            ["RightUpperArm"] = CFrame.new(1.1920928955078125e-07, 5.960464477539062e-07, 5.122274160385132e-09, 0.8109307289123535, -0.17290686070919037, 0.5590121746063232, -0.019002117216587067, 0.9470585584640503, 0.3204980790615082, -0.584833562374115, -0.27052414417266846, 0.7647132277488708),
            ["Head"] = CFrame.new(7.450580596923828e-09, 2.384185791015625e-07, 9.685754776000977e-08, 0.6897441744804382, -0.255732923746109, -0.6773874759674072, 0.05650739371776581, 0.9517083764076233, -0.3017585873603821, 0.7218448519706726, 0.16985885798931122, 0.6708859801292419),
            ["RightHand"] = CFrame.new(-6.183981895446777e-07, -1.1920928955078125e-07, -2.086162567138672e-07, 0.9126694202423096, 0.08552435040473938, 0.3996501863002777, -0.07356426864862442, 0.9962656497955322, -0.04520226642489433, -0.4020236134529114, 0.01185473520308733, 0.9155526161193848),
            ["UpperTorso"] = CFrame.new(-4.190951585769653e-09, 1.1920928955078125e-07, -1.6298145055770874e-08, 0.9725376963615417, -0.020762283354997635, -0.23181767761707306, 0.06479492783546448, 0.9807902574539185, 0.18398968875408173, 0.22354450821876526, -0.19395756721496582, 0.9552006721496582),
            ["HumanoidRootPart"] = CFrame.new(0, 0, 0, 1, 0, 0, 0, 1, 0, 0, 0, 1),
            ["RightUpperLeg"] = CFrame.new(-2.9802322387695312e-08, -6.517875590361655e-07, 4.207686288282275e-08, 0.9805396795272827, 0.06547711044549942, 0.1850803643465042, 0.06085173785686493, 0.7949458956718445, -0.6036205887794495, -0.1866523176431656, 0.6031365394592285, 0.7754918336868286),
            ["LeftUpperArm"] = CFrame.new(-2.384185791015625e-07, 5.960464477539062e-07, 5.960464477539063e-08, 0.32546553015708923, -0.7095966339111328, -0.6249359846115112, -0.531937837600708, 0.4090113341808319, -0.7414527535438538, 0.7817381024360657, 0.5737442374229431, -0.24434207379817963),
            ["RightLowerArm"] = CFrame.new(5.364418029785156e-07, -1.7881393432617188e-07, -1.4901161193847656e-07, 1, -1.1175869119028903e-08, 5.5879341154252415e-09, 2.7939684343891713e-08, 0.995093822479248, -0.09893609583377838, -2.980232949312267e-08, 0.0989360585808754, 0.995093822479248),
            ["LeftHand"] = CFrame.new(-5.289912223815918e-07, -0.0000011920928955078125, -3.0547380447387695e-07, 0.8805839419364929, -0.2520032227039337, 0.401330828666687, 0.29012516140937805, 0.9563077092170715, -0.036097168922424316, -0.3746989965438843, 0.14822278916835785, 0.9152216911315918),
            ["LeftFoot"] = CFrame.new(0.007856003940105438, 0.005078136920928955, 0.004210205748677254, 0.9933152794837952, 0.09878834336996078, 0.05971377715468407, -0.04860721528530121, 0.8271594643592834, -0.5598618984222412, -0.10470045357942581, 0.5532161593437195, 0.8264314532279968),
            ["LowerTorso"] = CFrame.new(0.0382121279835701, -0.15883326530456543, -0.05373181775212288, 0.9950234293937683, -0.04923973232507706, -0.086624875664711, 0.04862062260508537, 0.9987746477127075, -0.009243659675121307, 0.0869738757610321, 0.004985902924090624, 0.9961981177330017),
            ["RightLowerLeg"] = CFrame.new(-5.587935447692871e-08, -0.000003814697265625, -0.000013342294550966471, 1, -1.4528633585086936e-07, -7.450581307466564e-08, 1.4528629321830522e-07, 0.492868036031723, 0.8701040148735046, -8.940694584680386e-08, -0.8701041340827942, 0.4928682744503021),
            ["LeftUpperLeg"] = CFrame.new(-5.960464477539063e-08, -4.971516318619251e-07, -1.1175870895385742e-08, 0.9812216758728027, 0.011469597928225994, 0.19254255294799805, 0.04315102845430374, 0.9598767161369324, -0.277082234621048, -0.18799519538879395, 0.28018781542778015, 0.941356897354126),
            ["LeftLowerLeg"] = CFrame.new(-5.960464477539063e-08, 0.000003993511199951172, 0.000013321638107299805, 1, 7.078055830334051e-08, 4.097818262494002e-08, -7.078051567077637e-08, 0.6519753336906433, 0.7582410573959351, 2.7939677238464355e-08, -0.758240282535553, 0.6519742608070374)
        }},
        [8] = {Time = 0.233, Data = {
            ["RightFoot"] = CFrame.new(0.008090559393167496, 0.005845308303833008, 0.002368220826610923, 0.9939211010932922, 0.10572033375501633, -0.030726080760359764, -0.09077173471450806, 0.9448441863059998, 0.31469056010246277, 0.06230084225535393, -0.3099883198738098, 0.9486969113349915),
            ["LeftLowerArm"] = CFrame.new(9.238719940185547e-07, 5.960464477539062e-07, -4.0978193283081055e-07, 1, -7.008203084524212e-08, 8.940698137394065e-08, 8.195639367158947e-08, 0.029063083231449127, -0.9995776414871216, 9.173528781047935e-08, 0.9995775818824768, 0.0290631502866745),
            ["RightUpperArm"] = CFrame.new(-5.960464477539063e-08, 4.76837158203125e-07, 1.2665987014770508e-07, 0.7335760593414307, -0.15807440876960754, 0.6609680652618408, 0.02670661173760891, 0.9785271883010864, 0.20438021421432495, -0.679082453250885, -0.13227619230747223, 0.7220457196235657),
            ["Head"] = CFrame.new(-1.4901161193847656e-08, -2.384185791015625e-07, -1.30385160446167e-08, 0.6949693560600281, -0.21664464473724365, -0.6856259107589722, 0.025905000045895576, 0.9604551196098328, -0.2772272825241089, 0.7185726165771484, 0.17490339279174805, 0.6730989217758179),
            ["RightHand"] = CFrame.new(-2.7567148208618164e-07, -5.960464477539062e-07, -1.4901161193847656e-07, 0.9442642331123352, 0.15033498406410217, 0.29285603761672974, -0.13920627534389496, 0.9885278344154358, -0.05860504135489464, -0.2983066737651825, 0.014571290463209152, 0.9543588757514954),
            ["UpperTorso"] = CFrame.new(7.916241884231567e-09, 2.384185791015625e-07, -9.66247171163559e-09, 0.9826136231422424, -0.03181583061814308, -0.18291623890399933, 0.0793951228260994, 0.9625883102416992, 0.2590758502483368, 0.16783037781715393, -0.2690941393375397, 0.9483783841133118),
            ["HumanoidRootPart"] = CFrame.new(0, 0, 0, 1, 0, 0, 0, 1, 0, 0, 0, 1),
            ["RightUpperLeg"] = CFrame.new(1.1920928955078125e-07, -5.573383532464504e-07, 6.908521754667163e-08, 0.9674407839775085, 0.1754922717809677, 0.18237511813640594, 0.06559227406978607, 0.5221100449562073, -0.8503521084785461, -0.24445036053657532, 0.8346278071403503, 0.49359971284866333),
            ["LeftUpperArm"] = CFrame.new(-2.384185791015625e-07, 0, 2.384185791015625e-07, 0.4072378873825073, -0.46472612023353577, -0.7862486839294434, -0.40801629424095154, 0.6776159405708313, -0.6118490099906921, 0.817116916179657, 0.5699705481529236, 0.08633501827716827),
            ["RightLowerArm"] = CFrame.new(-4.172325134277344e-07, -2.384185791015625e-07, -5.21540641784668e-08, 1, -2.421439049271612e-08, -1.7695118259553055e-08, 1.3038517820973539e-08, 0.9831330180168152, -0.1828920990228653, -1.210719524635806e-08, 0.1828920841217041, 0.9831330180168152),
            ["LeftHand"] = CFrame.new(4.0745362639427185e-08, 5.960464477539063e-08, 3.119930624961853e-07, 0.7517471313476562, -0.3005921244621277, 0.5869589447975159, 0.36854422092437744, 0.9296014308929443, 0.00405258359387517, -0.5468559861183167, 0.21327388286590576, 0.8096066117286682),
            ["LeftFoot"] = CFrame.new(0.007861172780394554, 0.005154132843017578, 0.004106864333152771, 0.9937511086463928, 0.10088799148797989, 0.04775354266166687, -0.060184501111507416, 0.844618558883667, -0.5319753885269165, -0.09400326013565063, 0.525776743888855, 0.8454122543334961),
            ["LowerTorso"] = CFrame.new(0.03053666278719902, -0.1403050422668457, 0.016537219285964966, 0.9869248270988464, -0.06252144277095795, -0.14856186509132385, 0.0605650432407856, 0.9980080723762512, -0.017661117017269135, 0.14937013387680054, 0.008432538248598576, 0.988745391368866),
            ["RightLowerLeg"] = CFrame.new(3.725290298461914e-09, -0.000003814697265625, -0.00001357326254947111, 1, -1.1175868053214799e-07, -1.1175872316471214e-07, 1.6577537564899103e-07, 0.27222657203674316, 0.9622331857681274, -1.5273685960437433e-07, -0.9622331857681274, 0.2722266912460327),
            ["LeftUpperLeg"] = CFrame.new(0, -3.0727824196219444e-07, 0, 0.9648425579071045, 0.04620303213596344, 0.2587355971336365, 0.03178182989358902, 0.9566938877105713, -0.2893555164337158, -0.26090008020401, 0.287405788898468, 0.9215906262397766),
            ["LeftLowerLeg"] = CFrame.new(-1.4901161193847656e-08, 0.000003933906555175781, 0.000013243407011032104, 1, 6.332995639013461e-08, 4.470347647611561e-08, -5.2154071283894154e-08, 0.666089653968811, 0.7458722591400146, 1.6763808119435453e-08, -0.7458717226982117, 0.6660890579223633)
        }},
        [9] = {Time = 0.267, Data = {
            ["RightFoot"] = CFrame.new(0.007845085114240646, 0.00637441873550415, 0.0017480793176218867, 0.9976202249526978, 0.03692789375782013, -0.05822641775012016, -0.0065139480866491795, 0.8911856412887573, 0.45359253883361816, 0.0686410591006279, -0.452133446931839, 0.889305055141449),
            ["LeftLowerArm"] = CFrame.new(0.000001341104507446289, 0.0000010728836059570312, -4.172325134277344e-07, 1, -1.0058283805847168e-07, 7.078052988163108e-08, 1.1175873737556685e-07, 0.2133474349975586, -0.9769763946533203, 4.4703494239684005e-08, 0.9769764542579651, 0.2133474200963974),
            ["RightUpperArm"] = CFrame.new(0, 4.76837158203125e-07, -6.705522537231445e-08, 0.7736312747001648, -0.12170089036226273, 0.6218388676643372, 0.09726022928953171, 0.992559552192688, 0.07325348258018494, -0.6261271238327026, 0.003809083718806505, 0.7797117829322815),
            ["Head"] = CFrame.new(7.450580596923828e-09, 1.1920928955078125e-07, 1.0803341865539551e-07, 0.6999406218528748, -0.1617937535047531, -0.6956334710121155, 0.005417569074779749, 0.9751770496368408, -0.22136038541793823, 0.7141804099082947, 0.1511705219745636, 0.6834426522254944),
            ["RightHand"] = CFrame.new(-4.7124922275543213e-07, -2.980232238769531e-07, 7.450580596923828e-08, 0.9764295220375061, 0.10604159533977509, 0.18799090385437012, -0.0948324128985405, 0.993190348148346, -0.06767512857913971, -0.1938871592283249, 0.048252370208501816, 0.9798365831375122),
            ["UpperTorso"] = CFrame.new(-1.0244548320770264e-08, 1.7881393432617188e-07, -1.4901161193847656e-08, 0.9916387796401978, -0.05574209988117218, -0.11638461798429489, 0.09041967988014221, 0.9436113238334656, 0.31846824288368225, 0.09206977486610413, -0.32632890343666077, 0.9407618045806885),
            ["HumanoidRootPart"] = CFrame.new(0, 0, 0, 1, 0, 0, 0, 1, 0, 0, 0, 1),
            ["RightUpperLeg"] = CFrame.new(2.384185791015625e-07, -1.641456037759781e-07, 3.183231456205249e-08, 0.9472880363464355, 0.31074586510658264, 0.07798868417739868, 0.012061011977493763, 0.20866179466247559, -0.977913498878479, -0.3201560080051422, 0.9273065328598022, 0.19391489028930664),
            ["LeftUpperArm"] = CFrame.new(-1.1920928955078125e-07, -2.384185791015625e-07, 1.1920928955078125e-07, 0.6996610760688782, -0.19366611540317535, -0.6877266764640808, -0.2714463472366333, 0.81833416223526, -0.5066025257110596, 0.6609019637107849, 0.5411309599876404, 0.5199865698814392),
            ["RightLowerArm"] = CFrame.new(-2.9802322387695312e-08, 0.0000015497207641601562, 2.421438694000244e-07, 1, -2.2817397749008705e-08, 1.8393610190514664e-08, 4.0978196835794733e-08, 0.9329054951667786, -0.36012130975723267, 1.3038517820973539e-08, 0.36012139916419983, 0.9329054951667786),
            ["LeftHand"] = CFrame.new(-7.450580596923828e-08, 0, -3.5762786865234375e-07, 0.654586911201477, -0.3751847445964813, 0.6563173532485962, 0.48243167996406555, 0.87571781873703, 0.01944546401500702, -0.5820443630218506, 0.3038995563983917, 0.7542343735694885),
            ["LeftFoot"] = CFrame.new(0.007836230099201202, 0.005362391471862793, 0.0038817524909973145, 0.9947344064712524, 0.09527675062417984, 0.037760160863399506, -0.06762511283159256, 0.8870406746864319, -0.4567123055458069, -0.07700876146554947, 0.4517536163330078, 0.888812780380249),
