return {
    ["Go With The Flow"] = {
        {Time = 0.000, Data = {
            ["LeftFoot"] = CFrame.new(-1.0244548320770264e-08, -5.960464477539063e-08, 3.3527612686157227e-08, 0.9524716734886169, 0.2461678832769394, -0.1794411838054657, -0.24108484387397766, 0.9692175984382629, 0.049954138696193695, 0.18621480464935303, -0.004319412168115377, 0.9824996590614319),
            ["LeftLowerArm"] = CFrame.new(-1.4901161193847656e-07, 1.1920928955078125e-07, 7.450580596923828e-09, 1, -1.1175874448099421e-08, 1.4901154088420299e-08, 3.911554458113642e-08, 0.9506713151931763, -0.310200035572052, -6.577464795043397e-09, 0.31020021438598633, 0.9506712555885315),
            ["LowerTorso"] = CFrame.new(0.014072783291339874, -0.06528985500335693, 0.07581585645675659, 0.9976698756217957, -0.05598854273557663, 0.03898881748318672, 0.04953305050730705, 0.987381637096405, 0.15041300654411316, -0.046918243169784546, -0.14813128113746643, 0.9878541827201843),
            ["Head"] = CFrame.new(-1.4406396076083183e-08, 0, -2.852175384759903e-08, 0.9955307245254517, -0.09264523535966873, 0.01831843890249729, 0.09293565899133682, 0.9955485463142395, -0.015693778172135353, -0.016782935708761215, 0.01732618361711502, 0.9997090697288513),
            ["RightUpperArm"] = CFrame.new(0, -2.384185791015625e-07, 1.1641532182693481e-08, 0.9943133592605591, -0.08248536288738251, 0.06735823303461075, 0.090960793197155, 0.9867467284202576, -0.1343763768672943, -0.05538142845034599, 0.13973918557167053, 0.9886384010314941),
            ["UpperTorso"] = CFrame.new(4.016328603029251e-09, 0, -3.9406586438417435e-08, 0.998805582523346, 0.008090480230748653, -0.048188142478466034, -0.01039503887295723, 0.99880450963974, -0.047767274081707, 0.04774406552314758, 0.04821110516786575, 0.9976955056190491),
            ["HumanoidRootPart"] = CFrame.new(0, 0, 0, 1, 0, 0, 0, 1, 0, 0, 0, 1),
            ["RightHand"] = CFrame.new(2.9802322387695312e-08, -5.960464477539063e-08, 1.4901161193847656e-08, 0.2741416096687317, -0.06503742933273315, 0.9594877362251282, 0.25647059082984924, 0.9665209650993347, -0.007763667032122612, -0.926859974861145, 0.2482084482908249, 0.2816436290740967),
            ["LeftUpperArm"] = CFrame.new(5.960464477539063e-08, 0, -2.7939677238464355e-09, 0.9592180848121643, 0.2146994173526764, -0.18386110663414001, -0.2346494495868683, 0.9674826860427856, -0.09442991018295288, 0.15760836005210876, 0.13372164964675903, 0.9784060120582581),
            ["RightLowerArm"] = CFrame.new(1.7881393432617188e-07, 2.384185791015625e-07, 1.4901161193847656e-08, 1, -8.568168397005138e-08, 1.2107190627830278e-07, 7.147900049631062e-08, -0.4438460171222687, -0.896103024482727, 1.3271345267185097e-07, 0.8961031436920166, -0.4438462257385254),
            ["LeftHand"] = CFrame.new(-5.960464477539063e-08, 1.7881393432617188e-07, 8.940696716308594e-08, 0.8824591040611267, 0.25684666633605957, -0.39407581090927124, -0.32240188121795654, 0.940294623374939, -0.10910280793905258, 0.3425244987010956, 0.2233293056488037, 0.9125792980194092),
            ["RightUpperLeg"] = CFrame.new(0, 2.48197466135025e-07, -1.6596459317952394e-08, 0.9653221964836121, 0.12772445380687714, -0.2276831418275833, -0.1872568577528, 0.9464522004127502, -0.2629888951778412, 0.18190106749534607, 0.29650405049324036, 0.9375485777854919),
            ["LeftUpperLeg"] = CFrame.new(5.960464477539063e-08, 2.0302832126617432e-07, -4.0978193283081055e-08, 0.9816319942474365, 0.08298391848802567, 0.17179188132286072, -0.01049101259559393, 0.9225655794143677, -0.38569796085357666, -0.19049595296382904, 0.37681108713150024, 0.9064903259277344),
            ["RightLowerLeg"] = CFrame.new(-5.587935447692871e-09, 2.384185791015625e-07, -1.3205863069742918e-08, 1, -5.5879368687783426e-08, -1.6763808119435453e-08, 6.51925802230835e-08, 0.9220663905143738, 0.38703152537345886, -1.3969838619232178e-08, -0.38703182339668274, 0.9220665097236633),
            ["RightFoot"] = CFrame.new(-5.029141902923584e-08, 2.384185791015625e-07, -9.480572771281004e-09, 0.9735661745071411, -0.11559426039457321, 0.19699494540691376, 0.15672408044338226, 0.9654901027679443, -0.20800583064556122, -0.16615237295627594, 0.23338156938552856, 0.9580849409103394),
            ["LeftLowerLeg"] = CFrame.new(5.587935447692871e-09, -1.7881393432617188e-07, 7.450580596923828e-09, 1, 9.650832311081103e-08, 1.1175873737556685e-07, -8.568168397005138e-08, -0.30680596828460693, 0.951772153377533, 9.499491682163352e-08, -0.951772153377533, -0.30680587887763977),
        }},
        {Time = 0.033, Data = {
            ["LeftFoot"] = CFrame.new(1.4901161193847656e-08, -5.960464477539063e-08, -2.0489096641540527e-08, 0.9760454297065735, 0.21607771515846252, -0.02541474997997284, -0.2083720713853836, 0.9619956612586975, 0.17648088932037354, 0.06258251518011093, -0.1669575423002243, 0.9839760065078735),
            ["LeftLowerArm"] = CFrame.new(-2.9802322387695312e-08, -2.980232238769531e-07, 1.210719347000122e-08, 1, -9.313226634333205e-09, 3.7252885221050747e-09, -2.945306931678715e-08, 0.9682244062423706, -0.2500828802585602, 9.080393326144076e-09, 0.25008293986320496, 0.9682244658470154),
            ["LowerTorso"] = CFrame.new(0.007985591888427734, -0.08993339538574219, 0.08047652244567871, 0.9931458234786987, -0.09442880004644394, 0.06888111680746078, 0.08368780463933945, 0.9858965873718262, 0.14492864906787872, -0.08159509301185608, -0.1381707787513733, 0.9870415925979614),
            ["Head"] = CFrame.new(6.28642737865448e-09, 1.1920928955078125e-07, -1.9150320440530777e-08, 0.9900003671646118, -0.13991715013980865, 0.01795640029013157, 0.13913670182228088, 0.9894998073577881, 0.039129916578531265, -0.023242799565196037, -0.03624013438820839, 0.9990728497505188),
            ["RightUpperArm"] = CFrame.new(0, 3.5762786865234375e-07, -4.0978193283081055e-08, 0.9939424991607666, -0.09429556131362915, -0.05645037069916725, 0.09410618245601654, 0.9955440163612366, -0.006009744480252266, 0.056765537708997726, 0.0006610648706555367, 0.998387336730957),
            ["UpperTorso"] = CFrame.new(-2.2584572434425354e-08, -1.7881393432617188e-07, 2.2584572434425354e-08, 0.9936876893043518, 0.07346433401107788, -0.08478118479251862, -0.07731836289167404, 0.9960743188858032, -0.04310339316725731, 0.08128179609775543, 0.04938647896051407, 0.9954668879508972),
            ["HumanoidRootPart"] = CFrame.new(0, 0, 0, 1, 0, 0, 0, 1, 0, 0, 0, 1),
            ["RightHand"] = CFrame.new(-2.60770320892334e-08, -5.960464477539063e-08, -1.043081283569336e-07, 0.2838258147239685, -0.2497098296880722, 0.9257903695106506, 0.6779805421829224, 0.7350174784660339, -0.009599761106073856, -0.6780747175216675, 0.63039231300354, 0.3779153525829315),
            ["LeftUpperArm"] = CFrame.new(-2.384185791015625e-07, 5.960464477539062e-07, 1.210719347000122e-08, 0.9741085171699524, 0.20634685456752777, -0.09237818419933319, -0.21434350311756134, 0.9728676080703735, -0.08709429204463959, 0.07190009206533432, 0.10463982820510864, 0.9919077157974243),
            ["RightLowerArm"] = CFrame.new(-8.940696716308594e-08, -5.960464477539063e-08, 2.3283064365386963e-09, 1, -6.332993507385254e-08, 1.5273688802608376e-07, 6.007029185184365e-08, -0.6234319806098938, -0.7818775773048401, 1.5273685960437433e-07, 0.7818776369094849, -0.6234320998191833),
            ["LeftHand"] = CFrame.new(-9.685754776000977e-08, -1.1920928955078125e-07, -8.940696716308594e-08, 0.873508095741272, 0.38728320598602295, -0.29494959115982056, -0.41607874631881714, 0.9084763526916504, -0.03936406597495079, 0.2527094781398773, 0.15710707008838654, 0.9547017216682434),
            ["RightUpperLeg"] = CFrame.new(5.960464477539063e-08, -3.003515303134918e-07, -1.287116901949048e-08, 0.9510343074798584, 0.15221792459487915, -0.2690044045448303, -0.21683558821678162, 0.948795735836029, -0.22971533238887787, 0.22026340663433075, 0.2767968773841858, 0.9353435635566711),
            ["LeftUpperLeg"] = CFrame.new(-5.960464477539063e-08, -2.551823854446411e-07, 3.725290298461914e-08, 0.9916403293609619, 0.07918687909841537, 0.10187669098377228, -0.020047491416335106, 0.8745056390762329, -0.48460063338279724, -0.12746576964855194, 0.4785073697566986, 0.8687827587127686),
            ["RightLowerLeg"] = CFrame.new(-1.30385160446167e-08, 5.960464477539062e-07, 2.4047039914876223e-08, 1, -5.587935447692871e-08, -3.53902720462429e-08, 4.470348358154297e-08, 0.9266958832740784, 0.3758121430873871, 6.51925802230835e-09, -0.37581220269203186, 0.9266959428787231),
            ["RightFoot"] = CFrame.new(2.60770320892334e-08, 2.384185791015625e-07, -2.8107024263590574e-08, 0.9727811813354492, -0.10227091610431671, 0.20793640613555908, 0.15231730043888092, 0.958453357219696, -0.24117740988731384, -0.17463189363479614, 0.2662855386734009, 0.9479429721832275),
            ["LeftLowerLeg"] = CFrame.new(-2.9802322387695312e-08, -5.960464477539063e-08, 0, 1, 7.078052988163108e-08, 1.1920930376163597e-07, -7.450581307466564e-08, -0.47383809089660645, 0.8806121349334717, 1.1920930376163597e-07, -0.8806121349334717, -0.4738379716873169),
        }},
        {Time = 0.067, Data = {
            ["LeftFoot"] = CFrame.new(-2.2351741790771484e-08, -5.960464477539063e-08, 4.842877388000488e-08, 0.9866726994514465, 0.13100767135620117, 0.0965089276432991, -0.15196359157562256, 0.9539326429367065, 0.2586883008480072, -0.05817287042737007, -0.26990652084350586, 0.961127758026123),
            ["LeftLowerArm"] = CFrame.new(2.9802322387695312e-08, 5.960464477539063e-08, -3.725290298461914e-09, 1, -4.190950253502024e-09, -1.862645593320167e-09, 1.9164872355759144e-08, 0.9893211722373962, -0.14575210213661194, 1.1641532182693481e-09, 0.14575204253196716, 0.9893211722373962),
            ["LowerTorso"] = CFrame.new(0.0019154250621795654, -0.09937679767608643, 0.08931735157966614, 0.9904882311820984, -0.11179739981889725, 0.08021494001150131, 0.09938259422779083, 0.9844460487365723, 0.14487604796886444, -0.09516403824090958, -0.13552607595920563, 0.9861929416656494),
            ["Head"] = CFrame.new(1.0477378964424133e-09, 0, -1.3504177331924438e-08, 0.9857787489891052, -0.16712220013141632, 0.017621709033846855, 0.16688349843025208, 0.9858736395835876, 0.014253810048103333, -0.019754907116293907, -0.011110247112810612, 0.9997431635856628),
            ["RightUpperArm"] = CFrame.new(0, 1.1920928955078125e-07, 0, 0.9858881831169128, -0.07075092941522598, -0.15171977877616882, 0.08140847086906433, 0.9945448637008667, 0.06521650403738022, 0.14627805352210999, -0.07664750516414642, 0.9862697124481201),
            ["UpperTorso"] = CFrame.new(-2.6775524020195007e-08, -1.1920928955078125e-07, -5.448237061500549e-08, 0.9894223809242249, 0.10787054896354675, -0.09699136763811111, -0.11195158213376999, 0.9930000901222229, -0.037652112543582916, 0.09225086867809296, 0.04811220243573189, 0.9945728182792664),
            ["HumanoidRootPart"] = CFrame.new(0, 0, 0, 1, 0, 0, 0, 1, 0, 0, 0, 1),
            ["RightHand"] = CFrame.new(6.705522537231445e-08, -2.384185791015625e-07, -2.980232238769531e-07, 0.1719568818807602, -0.39959749579429626, 0.9004179835319519, 0.9336420297622681, 0.3576725721359253, -0.019569799304008484, -0.31423482298851013, 0.8440333008766174, 0.4345853626728058),
            ["LeftUpperArm"] = CFrame.new(5.960464477539063e-08, 4.76837158203125e-07, -5.587935447692871e-09, 0.9797834157943726, 0.19995050132274628, -0.006662232335656881, -0.19980351626873016, 0.9762874245643616, -0.08331538736820221, -0.010154712945222855, 0.08296220749616623, 0.9965009689331055),
            ["RightLowerArm"] = CFrame.new(5.960464477539063e-08, 1.7881393432617188e-07, -2.2351741790771484e-08, 1, -6.705521116145974e-08, 1.4901161193847656e-07, 5.4016709327697754e-08, -0.7099155187606812, -0.7042868137359619, 1.387670636177063e-07, 0.7042868137359619, -0.7099155187606812),
            ["LeftHand"] = CFrame.new(-1.1455267667770386e-07, -1.1920928955078125e-07, -2.9802322387695312e-08, 0.8393754363059998, 0.4988775849342346, -0.21580134332180023, -0.5139790177345276, 0.8576439619064331, -0.0165064949542284, 0.17684602737426758, 0.1247725859284401, 0.9762978553771973),
            ["RightUpperLeg"] = CFrame.new(-2.9802322387695312e-08, -2.0209699869155884e-07, -3.149762051180005e-08, 0.9446303248405457, 0.15872794389724731, -0.2871916890144348, -0.2295229732990265, 0.9451016783714294, -0.23259837925434113, 0.23450544476509094, 0.2856364846229553, 0.9292033314704895),
            ["LeftUpperLeg"] = CFrame.new(-1.1920928955078125e-07, -1.9371509552001953e-07, -5.960464477539063e-08, 0.9972251057624817, 0.05162201076745987, 0.053640831261873245, -0.011390655301511288, 0.8178540468215942, -0.5753130316734314, -0.07356922328472137, 0.5731056928634644, 0.8161724805831909),
            ["RightLowerLeg"] = CFrame.new(-8.381903171539307e-09, 1.7881393432617188e-07, -5.75528247281909e-09, 1, -8.568167686462402e-08, 3.725291630729544e-09, 5.960465188081798e-08, 0.9209223985671997, 0.38974592089653015, -1.9557775843281888e-08, -0.3897459805011749, 0.9209225177764893),
            ["RightFoot"] = CFrame.new(9.313225746154785e-09, 2.980232238769531e-07, 2.032174961641431e-08, 0.9726280570030212, -0.09810665994882584, 0.21064136922359467, 0.15002930164337158, 0.9573671817779541, -0.24685852229595184, -0.17744268476963043, 0.27170422673225403, 0.945881187915802),
            ["LeftLowerLeg"] = CFrame.new(0, -1.7881393432617188e-07, -2.2351741790771484e-08, 1, 7.264316792543468e-08, 1.3783578367565497e-07, -6.239861249923706e-08, -0.5804730653762817, 0.8142795562744141, 1.3783574104309082e-07, -0.8142794370651245, -0.580473005771637),
        }},
        {Time = 0.100, Data = {
            ["LeftFoot"] = CFrame.new(4.470348358154297e-08, -1.1920928955078125e-07, -5.587935447692871e-08, 0.9768261313438416, 0.022301005199551582, 0.21286943554878235, -0.050172094255685806, 0.9907042980194092, 0.12644243240356445, -0.20807091891765594, -0.13419243693351746, 0.9688647389411926),
            ["LeftLowerArm"] = CFrame.new(0, -3.5762786865234375e-07, -2.2351741790771484e-08, 1, 6.9849201977945086e-09, 1.8626442610525373e-09, -2.1420419216156006e-08, 0.9999867677688599, -0.0051552909426391125, 6.984919309616089e-09, 0.0051553077064454556, 0.9999867081642151),
            ["LowerTorso"] = CFrame.new(-0.003200441598892212, -0.07877993583679199, 0.10973244905471802, 0.9936951994895935, -0.09740979969501495, 0.055509231984615326, 0.08771631866693497, 0.9838225245475769, 0.15620236098766327, -0.0698268711566925, -0.1503484547138214, 0.9861640930175781),
            ["Head"] = CFrame.new(1.5133991837501526e-09, -4.76837158203125e-07, -4.890898708254099e-08, 0.9904389977455139, -0.1337437480688095, 0.03381255641579628, 0.134574294090271, 0.9906224012374878, -0.023602696135640144, -0.03033875860273838, 0.02792743407189846, 0.9991494417190552),
            ["RightUpperArm"] = CFrame.new(-5.960464477539063e-08, -3.5762786865234375e-07, -6.332993507385254e-08, 0.9987850189208984, -0.034160807728767395, -0.03552032634615898, 0.033545274287462234, 0.9992790818214417, -0.017782744020223618, 0.03610217943787575, 0.016569646075367928, 0.999210774898529),
            ["UpperTorso"] = CFrame.new(2.0489096641540527e-08, 1.7881393432617188e-07, 6.565824151039124e-08, 0.9929774403572083, 0.09873238950967789, -0.06517515331506729, -0.10083713382482529, 0.9944557547569275, -0.029827313497662544, 0.06186889111995697, 0.036189910024404526, 0.9974280595779419),
            ["HumanoidRootPart"] = CFrame.new(0, 0, 0, 1, 0, 0, 0, 1, 0, 0, 0, 1),
            ["RightHand"] = CFrame.new(-2.7939677238464355e-08, -1.1920928955078125e-07, -7.450580596923828e-09, 0.09140340238809586, -0.42717453837394714, 0.8995374441146851, 0.9726930260658264, 0.231822669506073, 0.011251525022089481, -0.21333947777748108, 0.8739452362060547, 0.43669891357421875),
            ["LeftUpperArm"] = CFrame.new(0, -4.76837158203125e-07, -4.842877388000488e-08, 0.9777827262878418, 0.1952252984046936, 0.07634168863296509, -0.18784599006175995, 0.9776687026023865, -0.09422232210636139, -0.09303146600723267, 0.07778840512037277, 0.9926198124885559),
            ["RightLowerArm"] = CFrame.new(0, 0, -1.7695128917694092e-08, 1, -6.239862671009178e-08, 1.415610029198433e-07, 5.960465188081798e-08, -0.6954917907714844, -0.7185339331626892, 1.396984004031765e-07, 0.7185341715812683, -0.6954918503761292),
            ["LeftHand"] = CFrame.new(-7.613562047481537e-08, -3.5762786865234375e-07, 1.4901161193847656e-08, 0.8075204491615295, 0.5530118942260742, -0.2051551640033722, -0.5706018805503845, 0.8205140829086304, -0.03421062231063843, 0.14941368997097015, 0.14468762278556824, 0.9781314730644226),
            ["RightUpperLeg"] = CFrame.new(0, 2.2817403078079224e-07, 9.888753993436694e-08, 0.9623528718948364, 0.15676788985729218, -0.22203777730464935, -0.21207979321479797, 0.9440221786499023, -0.25267454981803894, 0.16999739408493042, 0.29025164246559143, 0.9417296648025513),
            ["LeftUpperLeg"] = CFrame.new(8.940696716308594e-08, 2.4400651454925537e-07, 6.705522537231445e-08, 0.998408317565918, 0.024703536182641983, 0.0507025383412838, 0.017173724249005318, 0.7231277227401733, -0.6905008554458618, -0.05372221767902374, 0.6902723908424377, 0.7215523719787598),
            ["RightLowerLeg"] = CFrame.new(-2.7008354663848877e-08, 2.980232238769531e-07, -2.029992174357176e-09, 1, -6.705523958316917e-08, -9.313226634333205e-09, 3.166497108963995e-08, 0.941625714302063, 0.3366614878177643, -4.6566133171666024e-09, -0.33666175603866577, 0.9416257739067078),
            ["RightFoot"] = CFrame.new(-2.2351741790771484e-08, 2.980232238769531e-07, 2.032174961641431e-08, 0.9791271686553955, -0.08592889457941055, 0.1841910481452942, 0.11995688825845718, 0.9758789539337158, -0.18240240216255188, -0.16407449543476105, 0.20069041848182678, 0.9658172726631165),
            ["LeftLowerLeg"] = CFrame.new(0, 0, 7.450580596923828e-09, 1, 5.774201383701438e-08, 1.5273694486950262e-07, -6.845221633966503e-08, -0.6577982902526855, 0.7531943917274475, 1.6018749704471702e-07, -0.7531942129135132, -0.6577981114387512),
        }},
        {Time = 0.133, Data = {
            ["LeftFoot"] = CFrame.new(-4.470348358154297e-08, -5.960464477539063e-08, -1.6135163605213165e-07, 0.9602987170219421, -0.010614784434437752, 0.27877214550971985, 0.03605786710977554, 0.9956165552139282, -0.08630000799894333, -0.2766341269016266, 0.09292568266391754, 0.9564719200134277),
            ["LeftLowerArm"] = CFrame.new(8.940696716308594e-08, 0, -3.725290298461914e-08, 1, 2.9802318834981634e-08, -2.60770320892334e-08, 1.8626449271863521e-09, 0.9999867677688599, -0.005157485604286194, 1.1175869119028903e-08, 0.005157481413334608, 0.9999867677688599),
            ["LowerTorso"] = CFrame.new(-0.008765235543251038, -0.03395092487335205, 0.1415707767009735, 0.997317910194397, -0.07257889956235886, 0.009453359059989452, 0.07011837512254715, 0.984470009803772, 0.16094167530536652, -0.02098751813173294, -0.1598471701145172, 0.9869186878204346),
            ["Head"] = CFrame.new(4.190951585769653e-09, 0, 5.343463271856308e-08, 0.9977313280105591, -0.05625877529382706, 0.03697593882679939, 0.06237051263451576, 0.9791896343231201, -0.19312556087970734, -0.025341439992189407, 0.19499368965625763, 0.9804770946502686),
            ["RightUpperArm"] = CFrame.new(2.384185791015625e-07, 0, 5.960464477539063e-08, 0.9858599305152893, 0.004076160490512848, 0.16752199828624725, 0.03489882871508598, 0.9727892875671387, -0.2290482372045517, -0.16389717161655426, 0.2316557914018631, 0.9588916897773743),
            ["UpperTorso"] = CFrame.new(-7.566995918750763e-09, -2.9802322387695312e-08, 3.064633347094059e-08, 0.9968715310096741, 0.0786723643541336, 0.0076033370569348335, -0.07873375713825226, 0.9968624114990234, 0.008143877610564232, -0.006938782520592213, -0.008716999553143978, 0.9999380111694336),
            ["HumanoidRootPart"] = CFrame.new(0, 0, 0, 1, 0, 0, 0, 1, 0, 0, 0, 1),
            ["RightHand"] = CFrame.new(-7.776543498039246e-08, 2.384185791015625e-07, 1.043081283569336e-07, 0.13500703871250153, -0.33344435691833496, 0.9330530762672424, 0.9610264301300049, 0.27334359288215637, -0.04137008264660835, -0.24124938249588013, 0.902273952960968, 0.3573521077632904),
            ["LeftUpperArm"] = CFrame.new(-1.1920928955078125e-07, -4.76837158203125e-07, 1.6763806343078613e-08, 0.9717226624488831, 0.1734304279088974, 0.1602405160665512, -0.16576480865478516, 0.984330415725708, -0.06013067811727524, -0.16815808415412903, 0.0318681076169014, 0.9852447509765625),
            ["RightLowerArm"] = CFrame.new(1.7881393432617188e-07, -1.7881393432617188e-07, -4.470348358154297e-08, 1, -6.274785135929051e-08, 1.4365647871272813e-07, 6.58910721540451e-08, -0.6484307050704956, -0.7612736821174622, 1.5262048691511154e-07, 0.7612737417221069, -0.6484306454658508),
            ["LeftHand"] = CFrame.new(-8.381903171539307e-08, 1.1920928955078125e-07, -5.960464477539063e-08, 0.7746121883392334, 0.576906144618988, -0.2591438293457031, -0.5973182320594788, 0.802004337310791, -0.0000339774414896965, 0.20781485736370087, 0.15481767058372498, 0.9658387303352356),
            ["RightUpperLeg"] = CFrame.new(0, 4.172325134277344e-07, 5.697802407667041e-08, 0.9825475215911865, 0.1610749214887619, -0.09303358942270279, -0.1771327406167984, 0.9628934264183044, -0.20361797511577606, 0.05678367242217064, 0.21654357016086578, 0.9746202230453491),
            ["LeftUpperLeg"] = CFrame.new(2.9802322387695312e-08, 1.7136335372924805e-07, 6.05359673500061e-08, 0.9940715432167053, 0.0372452549636364, 0.10214957594871521, 0.054796889424324036, 0.6398397088050842, -0.7665524482727051, -0.09390978515148163, 0.7676053047180176, 0.6340053677558899),
            ["RightLowerLeg"] = CFrame.new(-4.7497451305389404e-08, 4.76837158203125e-07, -1.227454049512744e-08, 1, -4.190952918037283e-09, -3.725291630729544e-09, 3.725290742551124e-09, 0.9928553104400635, 0.11932456493377686, -5.587936335871291e-09, -0.11932463943958282, 0.9928553104400635),
            ["RightFoot"] = CFrame.new(-4.936009645462036e-08, 4.76837158203125e-07, 1.1008523870259523e-08, 0.9888007640838623, -0.0751442164182663, 0.1289440095424652, 0.07538232207298279, 0.9971501231193542, 0.003039642935618758, -0.12880492210388184, 0.006714573595672846, 0.9916473031044006),
            ["LeftLowerLeg"] = CFrame.new(-3.725290298461914e-08, -1.1920928955078125e-07, 5.960464477539063e-08, 1, 6.344636460653419e-08, 1.357985013328289e-07, -8.288770914077759e-08, -0.6539144515991211, 0.7565684914588928, 1.4901161193847656e-07, -0.7565685510635376, -0.6539144515991211),
        }},
        {Time = 0.167, Data = {
            ["LeftFoot"] = CFrame.new(-4.842877388000488e-08, 0, -4.842877388000488e-08, 0.9541419744491577, 0.019750600680708885, 0.2987019717693329, 0.02076735720038414, 0.9910499453544617, -0.13186660408973694, -0.2986331880092621, 0.1320226788520813, 0.945192277431488),
            ["LeftLowerArm"] = CFrame.new(-1.4901161193847656e-07, 0, 0, 1, 0, -3.7252889661942845e-09, -3.7252898543727042e-09, 0.9999867677688599, -0.005157908424735069, 1.4901159417490817e-08, 0.005157966632395983, 0.9999867081642151),
            ["LowerTorso"] = CFrame.new(-0.015250526368618011, 0.00983285903930664, 0.17503425478935242, 0.9987152814865112, -0.04865928366780281, -0.014144872315227985, 0.05007340386509895, 0.9904919266700745, 0.1281345784664154, 0.007775440346449614, -0.12867823243141174, 0.9916560053825378),
            ["Head"] = CFrame.new(-7.450580596923828e-09, -1.1920928955078125e-07, -1.57160684466362e-08, 0.9971624612808228, -0.07486475259065628, -0.007891331799328327, 0.06953968852758408, 0.9562047123908997, -0.2843181788921356, 0.028831129893660545, 0.28296276926994324, 0.9586975574493408),
            ["RightUpperArm"] = CFrame.new(1.1920928955078125e-07, 2.384185791015625e-07, -4.470348358154297e-08, 0.9515722393989563, -0.01898249424993992, 0.30683860182762146, 0.1523885428905487, 0.8959658145904541, -0.41716089844703674, -0.2669980525970459, 0.44371744990348816, 0.8554688692092896),
            ["UpperTorso"] = CFrame.new(-1.0477378964424133e-08, 0, 1.280568540096283e-08, 0.9946159720420837, 0.057703807950019836, 0.08607786148786545, -0.06602929532527924, 0.993068516254425, 0.0972369983792305, -0.07987027615308762, -0.1023971438407898, 0.9915319085121155),
            ["HumanoidRootPart"] = CFrame.new(0, 0, 0, 1, 0, 0, 0, 1, 0, 0, 0, 1),
            ["RightHand"] = CFrame.new(4.470348358154297e-08, 1.1920928955078125e-07, 0, 0.14947865903377533, -0.23390771448612213, 0.9606994390487671, 0.9457909464836121, 0.3171561658382416, -0.0699390172958374, -0.28833240270614624, 0.9190752506256104, 0.26863574981689453),
            ["LeftUpperArm"] = CFrame.new(-1.1920928955078125e-07, 2.384185791015625e-07, -7.450580596923828e-09, 0.9697279930114746, 0.1611417829990387, 0.18346953392028809, -0.15524882078170776, 0.9867974519729614, -0.04613906517624855, -0.18848219513893127, 0.016258934512734413, 0.9819420576095581),
            ["RightLowerArm"] = CFrame.new(5.960464477539063e-08, 3.5762786865234375e-07, 5.960464477539063e-08, 1, -5.2154071283894154e-08, 1.5646214990283625e-07, 6.519258732851085e-08, -0.5603566765785217, -0.8282514214515686, 1.6298146476856346e-07, 0.8282514810562134, -0.5603567957878113),
            ["LeftHand"] = CFrame.new(1.2665987014770508e-07, -5.960464477539063e-08, 2.9802322387695312e-08, 0.76778244972229, 0.5492631793022156, -0.3298785984516144, -0.5787956118583679, 0.8154044151306152, 0.010557289235293865, 0.2747831642627716, 0.18282648921012878, 0.943964421749115),
            ["RightUpperLeg"] = CFrame.new(0, -2.4959444999694824e-07, -4.7795765567570925e-08, 0.9842484593391418, 0.16248507797718048, -0.0696682408452034, -0.17537564039230347, 0.9471260905265808, -0.2686924338340759, 0.022326096892356873, 0.276678204536438, 0.9607033133506775),
            ["LeftUpperLeg"] = CFrame.new(0, -3.166496753692627e-08, -4.190951585769653e-09, 0.9926776885986328, 0.048609331250190735, 0.11058132350444794, 0.05802211910486221, 0.6110486388206482, -0.7894637584686279, -0.10594584047794342, 0.7900991439819336, 0.6037538647651672),
            ["RightLowerLeg"] = CFrame.new(-6.752088665962219e-09, 4.172325134277344e-07, 2.9634975362569094e-08, 1, -4.5169155526991744e-08, -4.6566133171666024e-09, 3.725289943190546e-08, 0.9691541790962219, 0.24645522236824036, 0, -0.24645541608333588, 0.9691542387008667),
            ["RightFoot"] = CFrame.new(1.7695128917694092e-08, 2.384185791015625e-07, -1.9725121092051268e-08, 0.9827309846878052, -0.1802889108657837, 0.04166345298290253, 0.17995475232601166, 0.9836057424545288, 0.011667736805975437, -0.04308399185538292, -0.003968607634305954, 0.9990635514259338),
            ["LeftLowerLeg"] = CFrame.new(-1.1175870895385742e-08, -1.7881393432617188e-07, -8.940696716308594e-08, 1, 8.195638656616211e-08, 1.49011640360186e-07, -7.683410530034962e-08, -0.5283029079437256, 0.8490560054779053, 1.1920927533992653e-07, -0.8490559458732605, -0.5283029079437256),
        }},
        {Time = 0.200, Data = {
            ["LeftFoot"] = CFrame.new(-3.725290298461914e-09, 2.980232238769531e-07, 1.4202669262886047e-08, 0.9915383458137512, -0.004166342318058014, 0.129747673869133, 0.0176776722073555, 0.9945077896118164, -0.1031591147184372, -0.1286052018404007, 0.10457978397607803, 0.9861661791801453),
            ["LeftLowerArm"] = CFrame.new(0, 0, -8.940696716308594e-08, 1, -7.450581485102248e-09, 3.352760558072987e-08, -7.4505797087454084e-09, 0.9999867677688599, -0.005157703999429941, 7.4505797087454084e-09, 0.00515782879665494, 0.9999867677688599),
            ["LowerTorso"] = CFrame.new(-0.023696228861808777, 0.032042503356933594, 0.20185299217700958, 0.9995829463005066, -0.028140496462583542, -0.006500303279608488, 0.028482412919402122, 0.9977649450302124, 0.060447052121162415, 0.004784764721989632, -0.06060696393251419, 0.9981503486633301),
            ["Head"] = CFrame.new(-9.313225746154785e-09, -1.1920928955078125e-07, 6.373738870024681e-08, 0.9956357479095459, -0.07169637829065323, -0.059742920100688934, 0.04442659765481949, 0.9270892143249512, -0.37219858169555664, 0.08207231014966965, 0.3679201602935791, 0.926228404045105),
            ["RightUpperArm"] = CFrame.new(0, -2.384185791015625e-07, 2.9802322387695312e-08, 0.937124490737915, -0.03102380782365799, 0.34761378169059753, 0.23595131933689117, 0.79022616147995, -0.5655701160430908, -0.25714734196662903, 0.6120295524597168, 0.7478604316711426),
            ["UpperTorso"] = CFrame.new(-1.4551915228366852e-09, 5.960464477539063e-08, -1.151056494563818e-08, 0.9889827966690063, 0.04523179307579994, 0.14095117151737213, -0.0749392881989479, 0.9741283059120178, 0.21320924162864685, -0.12766067683696747, -0.22142302989959717, 0.9667857885360718),
            ["HumanoidRootPart"] = CFrame.new(0, 0, 0, 1, 0, 0, 0, 1, 0, 0, 0, 1),
            ["RightHand"] = CFrame.new(-5.960464477539063e-08, 1.1920928955078125e-07, -1.4901161193847656e-07, 0.13983935117721558, -0.2205047905445099, 0.9653096199035645, 0.9247932434082031, 0.37746259570121765, -0.04774652421474457, -0.3538397252559662, 0.8993884921073914, 0.25670528411865234),
            ["LeftUpperArm"] = CFrame.new(1.1920928955078125e-07, -2.384185791015625e-07, -1.1920928955078125e-07, 0.9745734333992004, 0.16213499009609222, 0.15465712547302246, -0.1572043001651764, 0.9865998029708862, -0.04367842525243759, -0.159666508436203, 0.018255077302455902, 0.9870022535324097),
            ["RightLowerArm"] = CFrame.new(0, -2.384185791015625e-07, -5.960464477539063e-08, 1, -7.450581307466564e-08, 1.1920927533992653e-07, 7.078052277620372e-08, -0.3452627658843994, -0.938506007194519, 1.3411046495548362e-07, 0.9385061264038086, -0.34526297450065613),
            ["LeftHand"] = CFrame.new(5.21540641784668e-08, 0, -1.1920928955078125e-07, 0.773098349571228, 0.4748663306236267, -0.42050060629844666, -0.514761209487915, 0.8570647835731506, 0.02147476188838482, 0.3705939054489136, 0.19985513389110565, 0.9070380926132202),
            ["RightUpperLeg"] = CFrame.new(5.960464477539063e-08, 4.423782229423523e-07, 8.316419553011656e-09, 0.989421546459198, 0.14252975583076477, -0.0270248893648386, -0.14498813450336456, 0.9777873754501343, -0.15136124193668365, 0.004851107485592365, 0.1536782830953598, 0.9881090521812439),
            ["LeftUpperLeg"] = CFrame.new(0, 3.4552067518234253e-07, 6.28642737865448e-09, 0.9971215724945068, 0.014073320664465427, 0.07450180500745773, 0.04554031044244766, 0.6744561195373535, -0.7369092106819153, -0.060618966817855835, 0.7381807565689087, 0.6718738079071045),
            ["RightLowerLeg"] = CFrame.new(-3.585591912269592e-08, 4.172325134277344e-07, -1.913576852530241e-09, 1, -1.4260885805583712e-08, 4.6566123179658803e-10, 2.0372681319713593e-08, 0.9897880554199219, 0.1425471156835556, -3.725290298461914e-09, -0.14254729449748993, 0.9897880554199219),
            ["RightFoot"] = CFrame.new(-1.3271346688270569e-08, 4.76837158203125e-07, 2.637534635141492e-08, 0.9881498217582703, -0.1447986215353012, 0.050925809890031815, 0.14227978885173798, 0.9885606169700623, 0.05004338547587395, -0.057589415460824966, -0.042204514145851135, 0.9974479675292969),
            ["LeftLowerLeg"] = CFrame.new(-3.725290298461914e-09, 1.7881393432617188e-07, 3.725290298461914e-09, 1, 8.568170528633345e-08, 7.10133534198576e-08, -8.940698137394065e-08, 0.139987513422966, 0.9901533126831055, 7.823110337312755e-08, -0.9901533126831055, 0.13998764753341675),
        }},
        {Time = 0.233, Data = {
            ["LeftFoot"] = CFrame.new(-1.30385160446167e-08, 5.960464477539063e-08, -3.725290298461914e-09, 0.987914502620697, -0.1097121611237526, 0.10949088633060455, 0.12829342484474182, 0.975189745426178, -0.18040460348129272, -0.0869818702340126, 0.19227130711078644, 0.9774794578552246),
            ["LeftLowerArm"] = CFrame.new(2.384185791015625e-07, -2.384185791015625e-07, -8.940696716308594e-08, 1, -2.980232949312267e-08, 0, 1.4901157641133977e-08, 0.9999867677688599, -0.005157204810529947, 2.2351736461700966e-08, 0.005157129373401403, 0.9999867677688599),
            ["LowerTorso"] = CFrame.new(-0.031913429498672485, 0.037424564361572266, 0.221933051943779, 0.999975860118866, 0.003959732595831156, 0.005711792502552271, -0.003868101630359888, 0.9998651146888733, -0.015965191647410393, -0.005774239078164101, 0.015942711383104324, 0.9998562335968018),
            ["Head"] = CFrame.new(1.6763806343078613e-08, 1.1920928955078125e-07, 5.774199962615967e-08, 0.9893741011619568, -0.0843549370765686, -0.11842001229524612, 0.02372780814766884, 0.8972432017326355, -0.4408985376358032, 0.1434435397386551, 0.43340378999710083, 0.8897108435630798),
            ["RightUpperArm"] = CFrame.new(1.1920928955078125e-07, 2.384185791015625e-07, -1.4901161193847656e-08, 0.937349796295166, -0.03563063591718674, 0.34656310081481934, 0.27518579363822937, 0.6857692003250122, -0.6737903952598572, -0.21365466713905334, 0.7269464731216431, 0.6526105999946594),
            ["UpperTorso"] = CFrame.new(-2.3283064365386963e-09, 0, 4.889443516731262e-09, 0.9845983982086182, 0.027095552533864975, 0.1727190464735031, -0.08119957149028778, 0.9457732439041138, 0.31451505422592163, -0.15483108162879944, -0.3236957788467407, 0.9334068894386292),
            ["HumanoidRootPart"] = CFrame.new(0, 0, 0, 1, 0, 0, 0, 1, 0, 0, 0, 1),
            ["RightHand"] = CFrame.new(-5.960464477539063e-08, -5.960464477539063e-08, 1.4901161193847656e-08, 0.1501663476228714, -0.2316918671131134, 0.9611290693283081, 0.8146341443061829, 0.5798404812812805, 0.012499657459557056, -0.560197651386261, 0.7810915112495422, 0.27581673860549927),
            ["LeftUpperArm"] = CFrame.new(5.960464477539063e-08, 3.5762786865234375e-07, 9.12696123123169e-08, 0.9787787795066833, 0.17465074360370636, 0.10718788951635361, -0.17252010107040405, 0.9845816493034363, -0.028910841792821884, -0.110584557056427, 0.00980533566325903, 0.9938184022903442),
            ["RightLowerArm"] = CFrame.new(1.7881393432617188e-07, 1.1920928955078125e-07, 2.980232238769531e-07, 1, -9.685754776000977e-08, 8.195638656616211e-08, 6.70552182668871e-08, -0.11609075963497162, -0.993238627910614, 1.1920927533992653e-07, 0.9932386875152588, -0.1160908117890358),
            ["LeftHand"] = CFrame.new(6.705522537231445e-08, -1.1920928955078125e-07, -2.9802322387695312e-08, 0.7938419580459595, 0.3560071289539337, -0.49302494525909424, -0.4018961489200592, 0.9155781269073486, 0.014016689732670784, 0.45639288425445557, 0.1870177686214447, 0.8699023723602295),
            ["RightUpperLeg"] = CFrame.new(0, 3.6391429603099823e-07, -1.5897967386990786e-08, 0.9923943281173706, 0.12250002473592758, 0.012138300575315952, -0.12081003189086914, 0.9881181716918945, -0.09501368552446365, -0.023633254691958427, 0.0928245410323143, 0.9954020380973816),
            ["LeftUpperLeg"] = CFrame.new(-1.1920928955078125e-07, 9.895302355289459e-08, 5.587935447692871e-09, 0.9962195754051208, -0.03288628160953522, 0.08040516823530197, 0.07647046446800232, 0.7711270451545715, -0.6320722699165344, -0.041216086596250534, 0.6358314156532288, 0.7707267999649048),
            ["RightLowerLeg"] = CFrame.new(2.0023435354232788e-08, 1.7881393432617188e-07, 2.49347067438066e-08, 1, -3.539026138810186e-08, -3.725291186640334e-09, 2.2584575987139033e-08, 0.9734352827072144, 0.22896230220794678, -3.725290742551124e-09, -0.22896242141723633, 0.9734352827072144),
            ["RightFoot"] = CFrame.new(2.2817403078079224e-08, 4.76837158203125e-07, -6.686605047434568e-09, 0.9910134673118591, -0.12248644232749939, 0.05375277251005173, 0.12201164662837982, 0.9924557209014893, 0.012038896791636944, -0.05482185259461403, -0.005372150801122189, 0.9984816908836365),
            ["LeftLowerLeg"] = CFrame.new(-3.725290298461914e-09, 0, 1.30385160446167e-07, 1, 6.658957119043407e-08, 2.980232594040899e-08, -5.21540641784668e-08, 0.7271339893341064, 0.6864954233169556, 2.60770320892334e-08, -0.6864954829216003, 0.727134108543396),
        }},
        {Time = 0.267, Data = {
            ["LeftFoot"] = CFrame.new(-3.725290298461914e-09, -1.1920928955078125e-07, 1.1548399925231934e-07, 0.9994834065437317, -0.032134637236595154, 0.0007157289073802531, 0.0317927785217762, 0.9916371703147888, 0.12507972121238708, -0.004729114938527346, -0.12499227374792099, 0.9921464920043945),
            ["LeftLowerArm"] = CFrame.new(2.086162567138672e-07, 3.5762786865234375e-07, -3.5762786865234375e-07, 1, -2.2351734685344127e-08, 2.2351741790771484e-08, -2.60770232074492e-08, 0.9999867677688599, -0.0051555633544921875, 4.4703469370688254e-08, 0.005155565217137337, 0.9999867081642151),
            ["LowerTorso"] = CFrame.new(-0.03815054893493652, 0.034819841384887695, 0.23706305027008057, 0.9982389807701111, 0.05844758078455925, 0.010149069130420685, -0.057401929050683975, 0.9948616027832031, -0.08339907974004745, -0.014971395023167133, 0.08266963064670563, 0.9964645504951477),
            ["Head"] = CFrame.new(-2.9802322387695312e-08, -1.1920928955078125e-07, -2.8870999813079834e-08, 0.9815279841423035, -0.06835956871509552, -0.17868934571743011, -0.024929480627179146, 0.8803258538246155, -0.47371411323547363, 0.18968769907951355, 0.46941837668418884, 0.8623602390289307),
            ["RightUpperArm"] = CFrame.new(0, -1.1920928955078125e-07, 7.450580596923828e-08, 0.9428237676620483, -0.03305591642856598, 0.33164891600608826, 0.2816855311393738, 0.6109060645103455, -0.7398964762687683, -0.17814834415912628, 0.791012704372406, 0.5852882266044617),
            ["UpperTorso"] = CFrame.new(1.909211277961731e-08, -1.4901161193847656e-07, 3.5070115700364113e-09, 0.9837419390678406, -0.017887933179736137, 0.17869524657726288, -0.05511011928319931, 0.9169498682022095, 0.3951781988143921, -0.17092350125312805, -0.3986012935638428, 0.901056170463562),
            ["HumanoidRootPart"] = CFrame.new(0, 0, 0, 1, 0, 0, 0, 1, 0, 0, 0, 1),
            ["RightHand"] = CFrame.new(8.940696716308594e-08, -2.384185791015625e-07, 1.6391277313232422e-07, 0.19293580949306488, -0.3967910408973694, 0.897403359413147, 0.36278900504112244, 0.8786238431930542, 0.31049036979675293, -0.9116798043251038, 0.26566338539123535, 0.3134692907333374),
            ["LeftUpperArm"] = CFrame.new(0, 1.1920928955078125e-07, 1.2479722499847412e-07, 0.9773738384246826, 0.20540273189544678, 0.05049987509846687, -0.2051381915807724, 0.97867751121521, -0.010420145466923714, -0.05156341567635536, -0.0001747906644595787, 0.9986697435379028),
            ["RightLowerArm"] = CFrame.new(-8.940696716308594e-08, -2.980232238769531e-07, 5.960464477539063e-08, 1, -8.195637946073475e-08, 6.705521116145974e-08, 2.9802311729554276e-08, -0.023939575999975204, -0.9997134804725647, 6.705520405603238e-08, 0.9997134804725647, -0.023939626291394234),
            ["LeftHand"] = CFrame.new(0, -1.7881393432617188e-07, -2.9802322387695312e-08, 0.8478224873542786, 0.20854201912879944, -0.487552285194397, -0.25313374400138855, 0.9670673608779907, -0.02653692662715912, 0.4659619629383087, 0.14591436088085175, 0.8726904988288879),
            ["RightUpperLeg"] = CFrame.new(0, -4.6566128730773926e-08, 3.881723387166858e-08, 0.9962906241416931, 0.08486901223659515, 0.014222350902855396, -0.08320517838001251, 0.9922409653663635, -0.0923847109079361, -0.021952597424387932, 0.09085854142904282, 0.9956218600273132),
            ["LeftUpperLeg"] = CFrame.new(2.9802322387695312e-08, 2.9802322387695312e-08, -7.450580596923828e-09, 0.9823983311653137, -0.10906820744276047, 0.15165023505687714, 0.17167069017887115, 0.8471955060958862, -0.5027812123298645, -0.07363992929458618, 0.5199653506278992, 0.8510072827339172),
            ["RightLowerLeg"] = CFrame.new(-6.658956408500671e-08, 5.960464477539062e-07, -1.0411895345896482e-08, 1, -5.122274160385132e-08, -1.676381344850597e-08, 5.308539385850963e-08, 0.9192999601364136, 0.39355772733688354, -1.4901162970204496e-08, -0.39355775713920593, 0.9192999601364136),
