return {
    ["Go! Go! Go!"] = {
        {Time = 0.000, Data = {
            ["LeftLowerArm"] = CFrame.new(-8.344650268554688e-07, 0, -2.086162567138672e-07, 1, -8.3819010399111e-08, 1.1548399925231934e-07, 8.195638656616211e-08, -0.11067280173301697, -0.9938569068908691, 1.0058283805847168e-07, 0.9938569068908691, -0.11067275702953339),
            ["LeftFoot"] = CFrame.new(1.4901161193847656e-08, 0, 3.3527612686157227e-08, 0.9712491035461426, -0.23020817339420319, -0.060656990855932236, 0.20009376108646393, 0.927440881729126, -0.3159365952014923, 0.12898704409599304, 0.29471614956855774, 0.946839451789856),
            ["RightHand"] = CFrame.new(-1.7881393432617188e-07, 3.5762786865234375e-07, 1.7881393432617188e-07, 0.9523051977157593, 0.2894754111766815, -0.09653432667255402, -0.29649725556373596, 0.8029968738555908, -0.5169967412948608, -0.07214105129241943, 0.5209607481956482, 0.8505266308784485),
            ["HumanoidRootPart"] = CFrame.new(0, 0, 0, 1, 0, 0, 0, 1, 0, 0, 0, 1),
            ["RightLowerLeg"] = CFrame.new(6.705522537231445e-08, -0.0000036954879760742188, -0.000013059172488283366, 1, 1.788139627478813e-07, 1.1175873737556685e-07, -1.4901166522918174e-08, 0.35479751229286194, 0.9349431395530701, 2.0861632776814076e-07, -0.9349431991577148, 0.3547978103160858),
            ["RightFoot"] = CFrame.new(-1.1175870895385742e-08, 3.5762786865234375e-07, 1.6596459317952394e-08, 0.9884796738624573, 0.15037181973457336, -0.017215266823768616, -0.12819795310497284, 0.7713512778282166, -0.6233638525009155, -0.08045731484889984, 0.6183896064758301, 0.7817424535751343),
            ["LeftLowerLeg"] = CFrame.new(-5.21540641784668e-08, 0.000003874301910400391, 0.000013180077075958252, 1, 1.1175872316471214e-07, -1.117587622445626e-08, -1.0803343286625022e-07, 0.3370256721973419, 0.941495418548584, 0, -0.9414955377578735, 0.337025910615921),
            ["RightUpperArm"] = CFrame.new(1.1920928955078125e-07, -2.384185791015625e-07, 2.2351741790771484e-08, 0.32067450881004333, 0.30114227533340454, 0.8980430364608765, 0.9020553231239319, 0.19208885729312897, -0.3865208327770233, -0.28890177607536316, 0.9340317249298096, -0.21004898846149445),
            ["Head"] = CFrame.new(7.450580596923828e-08, 0, 5.21540641784668e-08, 0.8437870740890503, 0.12259658426046371, 0.5224879384040833, 0.04570743441581726, 0.953605592250824, -0.2975689172744751, -0.5347282886505127, 0.2749663293361664, 0.7990363240242004),
            ["UpperTorso"] = CFrame.new(-8.381903171539307e-09, 1.4901161193847656e-07, -2.8870999813079834e-08, 0.9555160999298096, -0.2922508418560028, 0.03973017632961273, 0.26474201679229736, 0.9092448949813843, 0.32122480869293213, -0.1300027072429657, -0.2964172661304474, 0.9461692571640015),
            ["LeftUpperArm"] = CFrame.new(2.384185791015625e-07, -1.1920928955078125e-07, 1.1920928955078125e-07, 0.9159510135650635, 0.20933952927589417, 0.34236064553260803, -0.2785604000091553, 0.9457981586456299, 0.16694308817386627, -0.2888562083244324, -0.24827982485294342, 0.9246184825897217),
            ["RightLowerArm"] = CFrame.new(5.364418029785156e-07, -1.1920928955078125e-07, 1.6391277313232422e-07, 1, -3.725290653733282e-08, 4.4703494239684005e-08, -1.4901159417490817e-08, 0.9855461716651917, -0.16940736770629883, 7.4505797087454084e-09, 0.1694074124097824, 0.9855461120605469),
            ["LeftHand"] = CFrame.new(-2.384185791015625e-07, 1.1920928955078125e-07, 1.7881393432617188e-07, 0.7005471587181091, 0.0169354397803545, -0.713405191898346, -0.1284484565258026, 0.9863823056221008, -0.10271775722503662, 0.7019506096839905, 0.16359448432922363, 0.6931825876235962),
            ["cam"] = CFrame.new(0, 0, 0, 1, 0, 0, 0, 1, 0, 0, 0, 1),
            ["LowerTorso"] = CFrame.new(-0.0263837818056345, -0.3701140880584717, 0.04643690586090088, 0.7620420455932617, -0.0322766974568367, -0.6467225551605225, 0.07768651843070984, 0.996100127696991, 0.04182562232017517, 0.6428504586219788, -0.08211451023817062, 0.7615776658058167),
            ["RightUpperLeg"] = CFrame.new(2.384185791015625e-07, 3.91155481338501e-08, -2.4047039914876223e-08, 0.9930921196937561, -0.02191651053726673, 0.1152728945016861, 0.08202888071537018, 0.8321297764778137, -0.5484810471534729, -0.08390142023563385, 0.5541477203369141, 0.8281791806221008),
            ["LeftUpperLeg"] = CFrame.new(2.9802322387695312e-08, 8.475035429000854e-08, 7.450580596923828e-09, 0.7945666909217834, 0.5978732109069824, 0.10588489472866058, -0.27693313360214233, 0.5120419263839722, -0.8130934238433838, -0.5403441190719604, 0.616733968257904, 0.5724223852157593),
        }},
        {Time = 0.033, Data = {
            ["LeftLowerArm"] = CFrame.new(-2.086162567138672e-07, -0.0000011920928955078125, 1.4901161193847656e-07, 1, -9.313224325069314e-08, 7.078048014363958e-08, 1.1175870895385742e-07, -0.0029125583823770285, -0.9999958276748657, 7.078051567077637e-08, 0.999995768070221, -0.002912587020546198),
            ["LeftFoot"] = CFrame.new(2.60770320892334e-08, -1.1920928955078125e-07, 7.450580596923828e-08, 0.9701974391937256, -0.2352200150489807, -0.05821114405989647, 0.20826967060565948, 0.9322531223297119, -0.29585132002830505, 0.12385774403810501, 0.2749103605747223, 0.9534587264060974),
            ["RightHand"] = CFrame.new(5.960464477539063e-08, 6.556510925292969e-07, 5.960464477539063e-08, 0.9701449871063232, 0.22951914370059967, 0.07835689932107925, -0.17192888259887695, 0.8787335753440857, -0.44527292251586914, -0.1710534542798996, 0.41850745677948, 0.8919597864151001),
            ["HumanoidRootPart"] = CFrame.new(0, 0, 0, 1, 0, 0, 0, 1, 0, 0, 0, 1),
            ["RightLowerLeg"] = CFrame.new(-5.960464477539063e-08, -0.000003635883331298828, -0.000013096425391267985, 1, 3.725290653733282e-08, 2.2351745343485163e-08, 8.940696716308594e-08, 0.4213743209838867, 0.9068869352340698, 4.470348358154297e-08, -0.906886875629425, 0.42137423157691956),
            ["RightFoot"] = CFrame.new(8.940696716308594e-08, 2.980232238769531e-07, 3.149762051180005e-08, 0.9899054765701294, 0.14094913005828857, -0.01484713889658451, -0.1224779337644577, 0.7980242371559143, -0.5900478959083557, -0.07131838798522949, 0.5859101414680481, 0.8072317242622375),
            ["LeftLowerLeg"] = CFrame.new(2.2351741790771484e-08, 0.000003993511199951172, 0.000013142824172973633, 1, -5.178154083296249e-07, -2.458692165419052e-07, 4.5448553009919124e-07, 0.41022178530693054, 0.9119859933853149, -3.725291151113197e-07, -0.9119858145713806, 0.4102214276790619),
            ["RightUpperArm"] = CFrame.new(0, -1.1920928955078125e-07, -6.705522537231445e-08, 0.3549555242061615, 0.03626599907875061, 0.9341794848442078, 0.8610177636146545, 0.37661224603652954, -0.3417772352695465, -0.3642183244228363, 0.9256609082221985, 0.10245486348867416),
            ["Head"] = CFrame.new(1.2665987014770508e-07, 3.5762786865234375e-07, -2.2351741790771484e-08, 0.8392149209976196, 0.14279650151729584, 0.5247166156768799, 0.03609773516654968, 0.9481510519981384, -0.3157636821269989, -0.5426005721092224, 0.28393465280532837, 0.7905478477478027),
            ["UpperTorso"] = CFrame.new(-1.955777406692505e-08, -8.940696716308594e-08, -6.51925802230835e-09, 0.9515813589096069, -0.3006088137626648, 0.06424509733915329, 0.27114546298980713, 0.9192866683006287, 0.2852932810783386, -0.1448214203119278, -0.2540600001811981, 0.9562846422195435),
            ["LeftUpperArm"] = CFrame.new(1.7881393432617188e-07, 4.76837158203125e-07, 5.960464477539063e-08, 0.9060726165771484, 0.2725619375705719, 0.3236393332481384, -0.3015762269496918, 0.9525113701820374, 0.04211974889039993, -0.29678985476493835, -0.13576552271842957, 0.9452426433563232),
            ["RightLowerArm"] = CFrame.new(4.76837158203125e-07, 7.748603820800781e-07, -7.450580596923828e-08, 1, -8.940695295223122e-08, 7.450580596923828e-09, 1.4901159417490817e-08, 0.7619644999504089, -0.6476187705993652, 2.9802318834981634e-08, 0.6476187705993652, 0.7619645595550537),
            ["LeftHand"] = CFrame.new(0, 0, 2.9802322387695312e-08, 0.710511326789856, -0.0652761459350586, -0.7006517648696899, -0.07555580884218216, 0.9828554391860962, -0.16818663477897644, 0.6996176838874817, 0.17243681848049164, 0.6933978199958801),
            ["cam"] = CFrame.new(0, 0, 0, 1, 0, 0, 0, 1, 0, 0, 0, 1),
            ["LowerTorso"] = CFrame.new(-0.017229491844773293, -0.3319356441497803, 0.05016876757144928, 0.7458140850067139, -0.01604555733501911, -0.6659609079360962, 0.07654418051242828, 0.9951525330543518, 0.061745304614305496, 0.6617419123649597, -0.09702594578266144, 0.7434269785881042),
            ["RightUpperLeg"] = CFrame.new(0, -3.1711533665657043e-07, 2.0656443666666746e-08, 0.9914894700050354, -0.006993893068283796, 0.12999887764453888, 0.07697372138500214, 0.8368129730224609, -0.5420505404472351, -0.10499391704797745, 0.5474441647529602, 0.8302297592163086),
            ["LeftUpperLeg"] = CFrame.new(5.960464477539063e-08, -4.437752068042755e-07, 2.9802322387695312e-08, 0.7812265157699585, 0.6054890155792236, 0.15188217163085938, -0.2680523693561554, 0.545110285282135, -0.7943567037582397, -0.5637668371200562, 0.5798603296279907, 0.588157594203949),
        }},
        {Time = 0.067, Data = {
            ["LeftLowerArm"] = CFrame.new(1.7881393432617188e-07, 5.960464477539063e-08, 1.1920928955078125e-07, 1, -6.332993507385254e-08, 7.450579175838357e-08, 5.2154071283894154e-08, 0.10525892674922943, -0.9944448471069336, 8.568168397005138e-08, 0.9944448471069336, 0.10525893419981003),
            ["LeftFoot"] = CFrame.new(3.725290298461914e-08, 5.960464477539063e-08, 1.862645149230957e-08, 0.9679076075553894, -0.24484556913375854, -0.056619320064783096, 0.2197377234697342, 0.9338849782943726, -0.28208908438682556, 0.12194424122571945, 0.26059457659721375, 0.9577161073684692),
            ["RightHand"] = CFrame.new(-3.5762786865234375e-07, 4.172325134277344e-07, -1.341104507446289e-07, 0.959540605545044, 0.12927718460559845, 0.25013861060142517, 0.014257481321692467, 0.864922285079956, -0.5017032623291016, -0.28120937943458557, 0.48497092723846436, 0.8280848264694214),
            ["HumanoidRootPart"] = CFrame.new(0, 0, 0, 1, 0, 0, 0, 1, 0, 0, 0, 1),
            ["RightLowerLeg"] = CFrame.new(-2.2351741790771484e-08, -0.000003874301910400391, -0.000013357195712160319, 1, -1.2665984172599565e-07, -2.607703493140434e-07, 2.3096797008292924e-07, 0.47625118494033813, 0.8793092370033264, -2.0489093799369584e-07, -0.8793092966079712, 0.47625136375427246),
            ["RightFoot"] = CFrame.new(-3.3527612686157227e-08, 2.980232238769531e-07, -5.790934665128589e-08, 0.9910961389541626, 0.13243383169174194, -0.013780021108686924, -0.11691438406705856, 0.8160544633865356, -0.5660265684127808, -0.06371553242206573, 0.5625979900360107, 0.8242718577384949),
            ["LeftLowerLeg"] = CFrame.new(4.470348358154297e-08, 0.000003814697265625, 0.000013306736946105957, 1, 3.3527612686157227e-07, 1.2293457984924316e-07, -2.533197687171196e-07, 0.4686402380466461, 0.8833892941474915, 8.940698137394065e-08, -0.8833891153335571, 0.46863994002342224),
            ["RightUpperArm"] = CFrame.new(1.1920928955078125e-07, -3.5762786865234375e-07, -5.21540641784668e-08, 0.43424877524375916, -0.13723105192184448, 0.8902783989906311, 0.792991578578949, 0.5270702242851257, -0.30555081367492676, -0.42730823159217834, 0.8386684060096741, 0.3377026319503784),
            ["Head"] = CFrame.new(1.4901161193847656e-08, -3.5762786865234375e-07, -8.195638656616211e-08, 0.8318771123886108, 0.17295797169208527, 0.5273197889328003, 0.017050137743353844, 0.9417803883552551, -0.3357962667942047, -0.5546979308128357, 0.2883320748806, 0.7804964780807495),
            ["UpperTorso"] = CFrame.new(1.280568540096283e-09, 3.5762786865234375e-07, 7.916241884231567e-09, 0.9482567310333252, -0.30311354994773865, 0.0945056900382042, 0.27547982335090637, 0.9334446787834167, 0.229764923453331, -0.15786075592041016, -0.1918417513370514, 0.9686468839645386),
            ["LeftUpperArm"] = CFrame.new(2.980232238769531e-07, 3.5762786865234375e-07, 1.7881393432617188e-07, 0.9070870876312256, 0.33517706394195557, 0.25465527176856995, -0.33394956588745117, 0.9412957429885864, -0.049397602677345276, -0.256262868642807, -0.04023411124944687, 0.9657694697380066),
            ["RightLowerArm"] = CFrame.new(8.344650268554688e-07, 1.7881393432617188e-07, -3.8743019104003906e-07, 1, -7.823110337312755e-08, 1.4901162970204496e-08, 5.960464477539063e-08, 0.523727536201477, -0.8518858551979065, 2.2351741790771484e-08, 0.8518859148025513, 0.523727536201477),
            ["LeftHand"] = CFrame.new(-1.4901161193847656e-07, 1.1920928955078125e-07, -5.960464477539063e-08, 0.7283383011817932, -0.10482204705476761, -0.6771527528762817, -0.0697847306728363, 0.9717442989349365, -0.22548408806324005, 0.6816549301147461, 0.2114836573600769, 0.7004435658454895),
            ["cam"] = CFrame.new(0, 0, 0, 1, 0, 0, 0, 1, 0, 0, 0, 1),
            ["LowerTorso"] = CFrame.new(-0.0017402938101440668, -0.3016173839569092, 0.04590383172035217, 0.7293292880058289, 0.0005369349964894354, -0.6841626763343811, 0.07489479333162308, 0.9939272403717041, 0.0806192010641098, 0.6800512075424194, -0.110038161277771, 0.7248600125312805),
            ["RightUpperLeg"] = CFrame.new(0, 1.451262505725026e-07, -3.149762051180005e-08, 0.9890878200531006, 0.0060270861722528934, 0.14720383286476135, 0.0741533413529396, 0.8430085182189941, -0.5327642560005188, -0.12730537354946136, 0.537866473197937, 0.8333626389503479),
            ["LeftUpperLeg"] = CFrame.new(0, 8.278584573417902e-08, 5.960464477539063e-08, 0.7663022875785828, 0.6125636696815491, 0.19376978278160095, -0.2631070017814636, 0.5743485689163208, -0.7751762866973877, -0.5861362218856812, 0.5430371761322021, 0.6012945771217346),
        }},
        {Time = 0.100, Data = {
            ["LeftLowerArm"] = CFrame.new(-5.960464477539063e-08, -2.980232238769531e-07, -1.9371509552001953e-07, 1, -9.313224325069314e-08, 8.195636524988004e-08, 8.195639367158947e-08, 0.18859083950519562, -0.9820557236671448, 1.2293459406009788e-07, 0.9820557236671448, 0.18859083950519562),
            ["LeftFoot"] = CFrame.new(-2.9802322387695312e-08, -1.7881393432617188e-07, -1.862645149230957e-08, 0.9660345911979675, -0.25231724977493286, -0.055797286331653595, 0.22832034528255463, 0.9345284104347229, -0.27299535274505615, 0.12102514505386353, 0.250983327627182, 0.9603959321975708),
            ["RightHand"] = CFrame.new(-2.086162567138672e-07, 2.980232238769531e-07, -1.6391277313232422e-07, 0.9130634069442749, 0.16887778043746948, 0.3712081015110016, 0.030092481523752213, 0.8798497915267944, -0.47429823875427246, -0.4067058265209198, 0.4442349374294281, 0.7982767224311829),
            ["HumanoidRootPart"] = CFrame.new(0, 0, 0, 1, 0, 0, 0, 1, 0, 0, 0, 1),
            ["RightLowerLeg"] = CFrame.new(7.450580596923828e-08, -0.0000037550926208496094, -0.00001326033816440031, 1, 2.4586918812019576e-07, 1.86264600188224e-07, -1.7136335372924805e-07, 0.5300227403640747, 0.8479833006858826, 1.30385160446167e-07, -0.8479835391044617, 0.5300229787826538),
            ["RightFoot"] = CFrame.new(1.1175870895385742e-08, 3.5762786865234375e-07, 9.110226528719068e-08, 0.991387665271759, 0.1301889270544052, -0.014195594005286694, -0.11674369871616364, 0.8294377326965332, -0.5462630987167358, -0.05934317782521248, 0.5432162880897522, 0.837493360042572),
            ["LeftLowerLeg"] = CFrame.new(-7.450580596923828e-09, 0.000004172325134277344, 0.000013135373592376709, 1, 2.551823570229317e-07, 1.8253919620292436e-07, -2.60770320892334e-07, 0.5050946474075317, 0.863064169883728, 1.7136335372924805e-07, -0.8630639910697937, 0.5050944089889526),
            ["RightUpperArm"] = CFrame.new(-1.1920928955078125e-07, 0, -2.9802322387695312e-08, 0.585259735584259, -0.25359413027763367, 0.7701695561408997, 0.6913185119628906, 0.6524253487586975, -0.3105155825614929, -0.42373305559158325, 0.714164674282074, 0.5571525692939758),
            ["Head"] = CFrame.new(7.450580596923828e-08, 4.76837158203125e-07, -1.2665987014770508e-07, 0.8201795816421509, 0.1931237131357193, 0.5385246276855469, -0.004840549547225237, 0.943610668182373, -0.3310219943523407, -0.5720856785774231, 0.26889070868492126, 0.7748649716377258),
            ["UpperTorso"] = CFrame.new(-2.7939677238464355e-09, -5.960464477539063e-08, 7.450580596923828e-09, 0.9500231742858887, -0.291385293006897, 0.11203012615442276, 0.2712259292602539, 0.9481012225151062, 0.1659538596868515, -0.15457239747047424, -0.12727446854114532, 0.979749321937561),
            ["LeftUpperArm"] = CFrame.new(1.1920928955078125e-07, 0, -1.7881393432617188e-07, 0.9124706387519836, 0.37342599034309387, 0.16718414425849915, -0.3624624013900757, 0.9273415207862854, -0.09305310994386673, -0.1897851973772049, 0.024310294538736343, 0.981524646282196),
            ["RightLowerArm"] = CFrame.new(-4.172325134277344e-07, 4.76837158203125e-07, -1.7881393432617188e-07, 1, -7.450579175838357e-08, 4.8428766774577525e-08, 5.5879340266073996e-08, 0.27986428141593933, -0.9600395560264587, 9.685752644372769e-08, 0.9600396156311035, 0.27986428141593933),
            ["LeftHand"] = CFrame.new(-4.023313522338867e-07, 0, -3.8743019104003906e-07, 0.7464249730110168, -0.10940137505531311, -0.6564155220985413, -0.08159906417131424, 0.9639042019844055, -0.2534370720386505, 0.6604480147361755, 0.2427346259355545, 0.7105550169944763),
            ["cam"] = CFrame.new(0, 0, 0, 1, 0, 0, 0, 1, 0, 0, 0, 1),
            ["LowerTorso"] = CFrame.new(0.010228851810097694, -0.27607107162475586, 0.031109735369682312, 0.7160353660583496, 0.009308259934186935, -0.6980019807815552, 0.07643681764602661, 0.9928531646728516, 0.09165190905332565, 0.6938665509223938, -0.1189790666103363, 0.7102065086364746),
            ["RightUpperLeg"] = CFrame.new(1.1920928955078125e-07, -8.614733815193176e-08, 4.300818545743823e-08, 0.9865154027938843, 0.012400229461491108, 0.16319827735424042, 0.07375723123550415, 0.8564522862434387, -0.5109302997589111, -0.14610718190670013, 0.5160773992538452, 0.8439884781837463),
            ["LeftUpperLeg"] = CFrame.new(-5.960464477539063e-08, -1.0873191058635712e-07, -2.9802322387695312e-08, 0.7543755769729614, 0.6170018911361694, 0.22411292791366577, -0.2630133032798767, 0.5968943238258362, -0.7579849362373352, -0.6014495491981506, 0.5128604173660278, 0.6125620007514954),
        }},
        {Time = 0.133, Data = {
            ["LeftLowerArm"] = CFrame.new(-2.384185791015625e-07, -7.748603820800781e-07, 9.685754776000977e-08, 1, -9.313223614526578e-08, 7.450577754752885e-08, 6.705523247774181e-08, 0.23265552520751953, -0.9725592732429504, 4.5634813261585805e-08, 0.9725592732429504, 0.23265551030635834),
            ["LeftFoot"] = CFrame.new(-1.4901161193847656e-08, 0, -2.9802322387695312e-08, 0.9660199284553528, -0.25250864028930664, -0.055181749165058136, 0.23058488965034485, 0.9383940100669861, -0.25738587975502014, 0.11677441745996475, 0.23591561615467072, 0.9647319316864014),
            ["RightHand"] = CFrame.new(3.46451997756958e-07, 2.980232238769531e-07, 4.1350722312927246e-07, 0.9131561517715454, 0.032372504472732544, 0.40632253885269165, 0.15536174178123474, 0.8939493298530579, -0.42037761211395264, -0.37684041261672974, 0.44699734449386597, 0.8112858533859253),
            ["HumanoidRootPart"] = CFrame.new(0, 0, 0, 1, 0, 0, 0, 1, 0, 0, 0, 1),
            ["RightLowerLeg"] = CFrame.new(1.4901161193847656e-08, -0.000003814697265625, -0.000013349745131563395, 1, -5.215405707303944e-08, 6.705523247774181e-08, 8.940698137394065e-08, 0.603110134601593, 0.7976580262184143, 3.725290742551124e-09, -0.7976579666137695, 0.603110134601593),
            ["RightFoot"] = CFrame.new(8.195638656616211e-08, 3.5762786865234375e-07, -1.3205863069742918e-08, 0.9911359548568726, 0.13201290369033813, -0.014906193129718304, -0.12079549580812454, 0.8487939238548279, -0.5147397518157959, -0.055299993604421616, 0.511978030204773, 0.8572169542312622),
            ["LeftLowerLeg"] = CFrame.new(-7.450580596923828e-08, 0.0000036954879760742188, 0.000013120472431182861, 1, -1.303851746570217e-07, -2.9802315282267955e-08, 2.2351745343485163e-08, 0.5395799279212952, 0.8419346213340759, -8.940698137394065e-08, -0.8419344425201416, 0.5395796298980713),
            ["RightUpperArm"] = CFrame.new(1.1920928955078125e-07, 1.1920928955078125e-07, 5.587935447692871e-09, 0.7088547348976135, -0.3612852692604065, 0.6058035492897034, 0.6235595941543579, 0.7224218845367432, -0.2987977862358093, -0.3296945095062256, 0.5895588397979736, 0.7373751401901245),
            ["Head"] = CFrame.new(2.9802322387695312e-08, 1.1920928955078125e-07, 1.1920928955078125e-07, 0.802832305431366, 0.20840667188167572, 0.5585938096046448, -0.017263533547520638, 0.9446489214897156, -0.3276287317276001, -0.5959550142288208, 0.2533876299858093, 0.761992335319519),
            ["UpperTorso"] = CFrame.new(2.2351741790771484e-08, 0, -1.3969838619232178e-08, 0.9603288769721985, -0.26027563214302063, 0.10012546181678772, 0.24932818114757538, 0.9621745347976685, 0.1097978726029396, -0.12491585314273834, -0.0804780051112175, 0.9888980388641357),
            ["LeftUpperArm"] = CFrame.new(5.960464477539063e-08, 1.1920928955078125e-07, 8.940696716308594e-08, 0.9167641401290894, 0.38762250542640686, 0.0963972955942154, -0.37874099612236023, 0.9202486872673035, -0.09847719967365265, -0.1268814355134964, 0.0537707656621933, 0.9904593825340271),
            ["RightLowerArm"] = CFrame.new(0.0000011920928955078125, 8.344650268554688e-07, -9.825453162193298e-08, 1, -1.005828522693264e-07, 4.353933036327362e-08, 5.599575558790093e-08, 0.013842931017279625, -0.9999042749404907, 8.940694584680386e-08, 0.999904215335846, 0.013842927291989326),
            ["LeftHand"] = CFrame.new(2.2351741790771484e-07, 5.960464477539063e-08, 0, 0.7644864320755005, -0.09392277896404266, -0.6377610564231873, -0.10817406326532364, 0.9566097259521484, -0.2705479860305786, 0.6354989409446716, 0.27581942081451416, 0.7211551666259766),
            ["cam"] = CFrame.new(0, 0, 0, 1, 0, 0, 0, 1, 0, 0, 0, 1),
            ["LowerTorso"] = CFrame.new(0.013047016225755215, -0.24575233459472656, 0.015515998005867004, 0.7089038491249084, 0.007543662097305059, -0.7052648067474365, 0.0843663439154625, 0.9918563961982727, 0.0954107865691185, 0.700241208076477, -0.1271376758813858, 0.7024943828582764),
            ["RightUpperLeg"] = CFrame.new(5.960464477539063e-08, 1.8952414393424988e-07, 1.3205863069742918e-08, 0.9852728247642517, 0.01349202636629343, 0.17045630514621735, 0.06946738064289093, 0.8793212175369263, -0.47113558650016785, -0.15624263882637024, 0.4760380983352661, 0.865433931350708),
            ["LeftUpperLeg"] = CFrame.new(-5.960464477539063e-08, 5.07105141878128e-07, -2.9802322387695312e-08, 0.7482907772064209, 0.6166785955429077, 0.244475856423378, -0.2656709551811218, 0.6162771582603455, -0.741364598274231, -0.6078485250473022, 0.4898061752319336, 0.6249881982803345),
        }},
        {Time = 0.167, Data = {
            ["LeftLowerArm"] = CFrame.new(-5.364418029785156e-07, -1.1920928955078125e-07, 2.689193934202194e-07, 1, -5.587933316064664e-08, 6.705519695060502e-08, 9.406358003616333e-08, 0.22461554408073425, -0.97444748878479, 5.587935447692871e-08, 0.9744474291801453, 0.22461561858654022),
            ["LeftFoot"] = CFrame.new(-2.2351741790771484e-08, 1.7881393432617188e-07, -1.4901161193847656e-08, 0.9675886034965515, -0.2465822398662567, -0.05449315160512924, 0.22702282667160034, 0.9438657164573669, -0.23995448648929596, 0.11060262471437454, 0.21980610489845276, 0.9692535400390625),
            ["RightHand"] = CFrame.new(-4.023313522338867e-07, 2.980232238769531e-07, -4.805624485015869e-07, 0.9362171292304993, 0.03658854961395264, 0.34951236844062805, 0.1345430463552475, 0.8814701437950134, -0.4526684582233429, -0.3246472179889679, 0.4708203375339508, 0.8203245997428894),
            ["HumanoidRootPart"] = CFrame.new(0, 0, 0, 1, 0, 0, 0, 1, 0, 0, 0, 1),
            ["RightLowerLeg"] = CFrame.new(1.341104507446289e-07, -0.000003814697265625, -0.000013230535842012614, 1, -2.3841855067985307e-07, -1.6391278734317893e-07, 2.4586910285506747e-07, 0.6932784914970398, 0.7206697463989258, -2.1606678046737215e-07, -0.7206699252128601, 0.6932786107063293),
            ["RightFoot"] = CFrame.new(2.60770320892334e-08, 2.980232238769531e-07, 5.3849362302571535e-08, 0.9905645251274109, 0.13613788783550262, -0.015768105164170265, -0.12755486369132996, 0.873751699924469, -0.46934792399406433, -0.050118546932935715, 0.46693095564842224, 0.8828725814819336),
            ["LeftLowerLeg"] = CFrame.new(2.2351741790771484e-08, 0.000004291534423828125, 0.000013276934623718262, 1, 3.0547388973900524e-07, 1.8626448650138627e-07, -2.607703493140434e-07, 0.567476212978363, 0.8233898878097534, 1.788139627478813e-07, -0.8233898878097534, 0.5674759745597839),
            ["RightUpperArm"] = CFrame.new(0, -1.1920928955078125e-07, 5.960464477539063e-08, 0.7809432744979858, -0.45699089765548706, 0.42577826976776123, 0.6038538813591003, 0.726637065410614, -0.32765692472457886, -0.159650057554245, 0.512989342212677, 0.8434180021286011),
            ["Head"] = CFrame.new(1.4901161193847656e-07, -5.960464477539062e-07, -1.1175870895385742e-07, 0.7874189615249634, 0.2197999656200409, 0.5758987665176392, -0.014675403945147991, 0.9406861066818237, -0.3389606773853302, -0.6162434816360474, 0.25845250487327576, 0.7439396977424622),
            ["UpperTorso"] = CFrame.new(-1.0244548320770264e-08, -2.086162567138672e-07, 3.259629011154175e-09, 0.9760251045227051, -0.20856383442878723, 0.06225861981511116, 0.20380984246730804, 0.9761402010917664, 0.0749128982424736, -0.07639717310667038, -0.060428015887737274, 0.9952447414398193),
            ["LeftUpperArm"] = CFrame.new(3.5762786865234375e-07, 0, 5.960464477539063e-08, 0.9259600639343262, 0.3744952082633972, 0.048489972949028015, -0.36919939517974854, 0.9247821569442749, -0.09203146398067474, -0.07930803298950195, 0.06731496006250381, 0.994574785232544),
            ["RightLowerArm"] = CFrame.new(5.960464477539062e-07, 4.76837158203125e-07, -8.940696716308594e-08, 1, -7.450580596923828e-08, 1.1175870895385742e-07, 1.247971965767647e-07, -0.17814433574676514, -0.9840043783187866, 1.1734661597984086e-07, 0.9840043783187866, -0.17814435064792633),
            ["LeftHand"] = CFrame.new(-1.4901161193847656e-08, 2.384185791015625e-07, 3.2782554626464844e-07, 0.7603413462638855, -0.07804995775222778, -0.6448173522949219, -0.12742482125759125, 0.9555379748344421, -0.2659139931201935, 0.6369019746780396, 0.2843511998653412, 0.7165894508361816),
            ["cam"] = CFrame.new(0, 0, 0, 1, 0, 0, 0, 1, 0, 0, 0, 1),
            ["LowerTorso"] = CFrame.new(0.008121890015900135, -0.21375012397766113, 0.0019214898347854614, 0.7089086771011353, -0.008228770457208157, -0.7052522897720337, 0.10258452594280243, 0.9905015230178833, 0.09155935049057007, 0.6978000402450562, -0.13725517690181732, 0.7030192613601685),
            ["RightUpperLeg"] = CFrame.new(5.960464477539063e-08, -9.080395102500916e-08, 5.790934665128589e-08, 0.9860966205596924, 0.015213718637824059, 0.16547510027885437, 0.05495382845401764, 0.9099153876304626, -0.4111377000808716, -0.15682312846183777, 0.41451480984687805, 0.8964284658432007),
            ["LeftUpperLeg"] = CFrame.new(5.960464477539063e-08, -3.864988684654236e-08, 2.9802322387695312e-08, 0.7469976544380188, 0.6169868111610413, 0.2476332187652588, -0.2759963870048523, 0.6266580820083618, -0.7287836670875549, -0.6048311591148376, 0.4760536551475525, 0.6383981704711914),
        }},
        {Time = 0.200, Data = {
            ["LeftLowerArm"] = CFrame.new(-3.2782554626464844e-07, 4.76837158203125e-07, -7.450580596923828e-08, 1, -1.508742428768528e-07, 4.4703462265260896e-08, 8.335337753351268e-08, 0.19491729140281677, -0.9808197021484375, 1.0477380385509605e-07, 0.9808197021484375, 0.19491732120513916),
            ["LeftFoot"] = CFrame.new(4.470348358154297e-08, 5.960464477539063e-08, 4.470348358154297e-08, 0.9699605107307434, -0.23744246363639832, -0.052893660962581635, 0.21997371315956116, 0.9489549398422241, -0.22604452073574066, 0.10386648029088974, 0.20761889219284058, 0.972679853439331),
            ["RightHand"] = CFrame.new(-5.662441253662109e-07, 2.980232238769531e-07, 2.123415470123291e-07, 0.9975758194923401, 0.06867092102766037, -0.011264246888458729, -0.06758265942335129, 0.9174577593803406, -0.3920508325099945, -0.016587993130087852, 0.3918617367744446, 0.9198745489120483),
            ["HumanoidRootPart"] = CFrame.new(0, 0, 0, 1, 0, 0, 0, 1, 0, 0, 0, 1),
            ["RightLowerLeg"] = CFrame.new(1.4901161193847656e-08, -0.0000037550926208496094, -0.000013394448615144938, 1, -1.4156105976326216e-07, -6.33299421792799e-08, 2.6077037773575285e-07, 0.7890095114707947, 0.6143808960914612, -1.9371513815258368e-07, -0.614380955696106, 0.789009690284729),
            ["RightFoot"] = CFrame.new(-4.0978193283081055e-08, 2.980232238769531e-07, -3.55576048605144e-08, 0.9898990392684937, 0.1407974660396576, -0.016613997519016266, -0.1351117193698883, 0.9013744592666626, -0.411422997713089, -0.042951952666044235, 0.40951210260391235, 0.9112930297851562),
            ["LeftLowerLeg"] = CFrame.new(-7.450580596923828e-09, 0.0000037550926208496094, 0.000013336539268493652, 1, 3.5390249308875354e-07, 1.9371505288745539e-07, -2.607702640489151e-07, 0.5890830159187317, 0.8080728650093079, 1.5646214990283625e-07, -0.808072566986084, 0.5890825390815735),
            ["RightUpperArm"] = CFrame.new(1.1920928955078125e-07, -4.76837158203125e-07, -7.450580596923828e-08, 0.7301886677742004, -0.634790301322937, 0.2527167499065399, 0.673119843006134, 0.6049075126647949, -0.4254370629787445, 0.1171930581331253, 0.48075801134109497, 0.8689864873886108),
            ["Head"] = CFrame.new(1.1920928955078125e-07, -1.1920928955078125e-07, -2.9802322387695312e-08, 0.7782002687454224, 0.22857296466827393, 0.584943413734436, -0.003947522956877947, 0.9331764578819275, -0.3593970239162445, -0.6280037760734558, 0.277373731136322, 0.7271004915237427),
            ["UpperTorso"] = CFrame.new(-1.5832483768463135e-08, 2.980232238769531e-07, 1.3969838619232178e-08, 0.9889154434204102, -0.14757822453975677, 0.016340581700205803, 0.1463261842727661, 0.987327516078949, 0.06142651289701462, -0.02519872784614563, -0.05835461616516113, 0.9979779124259949),
            ["LeftUpperArm"] = CFrame.new(2.980232238769531e-07, -1.1920928955078125e-07, -2.9802322387695312e-08, 0.9369302988052368, 0.3492554724216461, 0.013502403162419796, -0.3469109833240509, 0.9339600801467896, -0.08585800975561142, -0.042597074061632156, 0.07575882226228714, 0.9962159395217896),
            ["RightLowerArm"] = CFrame.new(5.364418029785156e-07, 7.152557373046875e-07, -2.384185791015625e-07, 1, -6.705521116145974e-08, 1.5646217832454568e-07, 1.4901159772762185e-07, -0.3472156524658203, -0.9377853274345398, 1.1920927533992653e-07, 0.9377853274345398, -0.3472156524658203),
            ["LeftHand"] = CFrame.new(7.450580596923828e-08, 2.980232238769531e-07, 1.4901161193847656e-07, 0.7410045266151428, -0.05714820325374603, -0.669063925743103, -0.15048383176326752, 0.9568976759910583, -0.2483980655670166, 0.6544210314750671, 0.28474733233451843, 0.7004654407501221),
            ["cam"] = CFrame.new(0, 0, 0, 1, 0, 0, 0, 1, 0, 0, 0, 1),
            ["LowerTorso"] = CFrame.new(-0.0010270974598824978, -0.18399333953857422, -0.008340984582901001, 0.7140706181526184, -0.03305795416235924, -0.699292778968811, 0.12788702547550201, 0.9882359504699707, 0.08387234807014465, 0.6882936358451843, -0.14932124316692352, 0.7098979949951172),
            ["RightUpperLeg"] = CFrame.new(1.1920928955078125e-07, 6.426125764846802e-07, -1.6952981241047382e-09, 0.9882322549819946, 0.019831469282507896, 0.15167047083377838, 0.03241674229502678, 0.9418843388557434, -0.33437004685401917, -0.14948706328868866, 0.33535170555114746, 0.9301573634147644),
            ["LeftUpperLeg"] = CFrame.new(5.960464477539063e-08, 3.0640512704849243e-07, 1.4901161193847656e-08, 0.7488844394683838, 0.6188855171203613, 0.23696589469909668, -0.29205507040023804, 0.6291950345039368, -0.7202896475791931, -0.5948747992515564, 0.4702067971229553, 0.6519432663917542),
        }},
        {Time = 0.233, Data = {
            ["LeftLowerArm"] = CFrame.new(-1.1920928955078125e-07, -4.76837158203125e-07, -4.544854164123535e-07, 1, -9.49948883999241e-08, 7.450580596923828e-08, 8.754434333013705e-08, 0.16340786218643188, -0.9865586757659912, 1.1920931797249068e-07, 0.9865586161613464, 0.16340792179107666),
            ["LeftFoot"] = CFrame.new(-8.940696716308594e-08, 5.960464477539063e-08, -4.842877388000488e-08, 0.9727895855903625, -0.22616715729236603, -0.050287533551454544, 0.2105928659439087, 0.9536218047142029, -0.21507294476032257, 0.09659809619188309, 0.19863051176071167, 0.975302517414093),
            ["RightHand"] = CFrame.new(7.115304470062256e-07, -5.960464477539063e-08, 1.5327896107919514e-07, 0.9565761089324951, 0.08479421585798264, -0.27887657284736633, -0.16458569467067719, 0.9467638731002808, -0.27667665481567383, 0.2405695915222168, 0.31056132912635803, 0.9196075201034546),
            ["HumanoidRootPart"] = CFrame.new(0, 0, 0, 1, 0, 0, 0, 1, 0, 0, 0, 1),
            ["RightLowerLeg"] = CFrame.new(2.9802322387695312e-08, -0.000003516674041748047, -0.000013290140486788005, 1, -1.6391278734317893e-07, 1.862645504502325e-08, 9.872020712009544e-08, 0.8745944499969482, 0.4848549962043762, 4.284084198502569e-08, -0.4848553538322449, 0.8745946288108826),
            ["RightFoot"] = CFrame.new(-3.3527612686157227e-08, 2.980232238769531e-07, 9.145878721028566e-09, 0.9892354011535645, 0.14532914757728577, -0.017115235328674316, -0.1423032283782959, 0.928125262260437, -0.34399569034576416, -0.03410760685801506, 0.34272879362106323, 0.9388152360916138),
            ["LeftLowerLeg"] = CFrame.new(1.043081283569336e-07, 0.0000040531158447265625, 0.000013269484043121338, 1, -4.4703494239684005e-08, 1.862644971595273e-08, -4.470347292340193e-08, 0.6083483099937439, 0.7936702370643616, 5.215404996761208e-08, -0.7936702370643616, 0.6083481907844543),
            ["RightUpperArm"] = CFrame.new(-5.960464477539063e-08, 5.960464477539062e-07, -8.940696716308594e-08, 0.5859699249267578, -0.8045891523361206, 0.0963088870048523, 0.697340190410614, 0.4401516318321228, -0.5656705498695374, 0.41274192929267883, 0.39862608909606934, 0.818988025188446),
            ["Head"] = CFrame.new(-9.685754776000977e-08, 0, -6.705522537231445e-08, 0.7810957431793213, 0.24235856533050537, 0.5754578113555908, 0.0073288846760988235, 0.9179788827896118, -0.39656180143356323, -0.6243682503700256, 0.3139702379703522, 0.7152531743049622),
            ["UpperTorso"] = CFrame.new(-2.2351741790771484e-08, -3.5762786865234375e-07, -1.862645149230957e-08, 0.9953599572181702, -0.09418432414531708, -0.019697370007634163, 0.09529902040958405, 0.9932212829589844, 0.06655579805374146, 0.013295331969857216, -0.06812412291765213, 0.9975883364677429),
            ["LeftUpperArm"] = CFrame.new(5.960464477539063e-08, 3.5762786865234375e-07, -8.940696716308594e-08, 0.9462162852287292, 0.32351920008659363, -0.0031949193216860294, -0.3225574195384979, 0.9425445199012756, -0.08698699623346329, -0.025130655616521835, 0.08333905786275864, 0.9962043762207031),
            ["RightLowerArm"] = CFrame.new(2.980232238769531e-07, 4.76837158203125e-07, -5.960464477539063e-08, 1, -8.032656495515766e-08, 1.2746022548526525e-07, 9.685752644372769e-08, -0.43395769596099854, -0.9009332656860352, 1.0058281674218961e-07, 0.9009332060813904, -0.43395769596099854),
            ["LeftHand"] = CFrame.new(-2.8312206268310547e-07, 0, 0, 0.7105432748794556, -0.037261608988046646, -0.7026662826538086, -0.18071913719177246, 0.955437183380127, -0.23341065645217896, 0.6800506711006165, 0.2928336560726166, 0.6721455454826355),
            ["cam"] = CFrame.new(0, 0, 0, 1, 0, 0, 0, 1, 0, 0, 0, 1),
            ["LowerTorso"] = CFrame.new(-0.013344284147024155, -0.15928936004638672, -0.012872420251369476, 0.7216675281524658, -0.05806625261902809, -0.6898002028465271, 0.1527186632156372, 0.9852783679962158, 0.07683485746383667, 0.6751837134361267, -0.16079458594322205, 0.7199111580848694),
            ["RightUpperLeg"] = CFrame.new(1.1920928955078125e-07, 7.82310962677002e-08, -1.6952981241047382e-09, 0.9904978275299072, 0.02497057430446148, 0.13524217903614044, 0.009826269000768661, 0.9680159687995911, -0.2506963610649109, -0.13717663288116455, 0.24964281916618347, 0.9585723280906677),
            ["LeftUpperLeg"] = CFrame.new(-1.1920928955078125e-07, 1.7508864402770996e-07, 1.4901161193847656e-08, 0.7535068988800049, 0.6190171837806702, 0.2214604616165161, -0.30643901228904724, 0.6287137866020203, -0.7147126793861389, -0.581654965877533, 0.47067686915397644, 0.6634314060211182),
        }},
        {Time = 0.267, Data = {
            ["LeftLowerArm"] = CFrame.new(-4.470348358154297e-07, -2.384185791015625e-07, -2.5704503059387207e-07, 1, -2.1420420992512845e-08, 5.587936158235607e-08, 8.009374852235851e-08, 0.15371888875961304, -0.9881146550178528, 9.82545458327877e-08, 0.9881146550178528, 0.15371890366077423),
            ["LeftFoot"] = CFrame.new(4.0978193283081055e-08, -1.1920928955078125e-07, -5.587935447692871e-08, 0.9753633737564087, -0.21531826257705688, -0.04800434783101082, 0.20130367577075958, 0.9577131271362305, -0.2055780589580536, 0.0902392566204071, 0.1908496767282486, 0.977462649345398),
            ["RightHand"] = CFrame.new(-3.5762786865234375e-07, 2.980232238769531e-07, -7.450580596923828e-09, 0.678606390953064, 0.22055616974830627, -0.7006057500839233, -0.3051234781742096, 0.9523033499717712, 0.004249986261129379, 0.6681264638900757, 0.2108871340751648, 0.7135359644889832),
            ["HumanoidRootPart"] = CFrame.new(0, 0, 0, 1, 0, 0, 0, 1, 0, 0, 0, 1),
            ["RightLowerLeg"] = CFrame.new(1.4901161193847656e-08, -0.0000037550926208496094, -0.000013334843970369548, 1, -2.048909948371147e-07, -3.3527619791584584e-08, 1.8440194082813832e-07, 0.9330999255180359, 0.3596172332763672, 9.31322907682386e-10, -0.35961729288101196, 0.9330999255180359),
            ["RightFoot"] = CFrame.new(8.195638656616211e-08, 4.172325134277344e-07, -2.0656443666666746e-08, 0.9886406660079956, 0.1492992341518402, -0.01730426773428917, -0.14811986684799194, 0.9482953548431396, -0.2807069718837738, -0.02549993060529232, 0.28008151054382324, 0.9596375823020935),
            ["LeftLowerLeg"] = CFrame.new(4.470348358154297e-08, 0.0000037550926208496094, 0.000013299286365509033, 1, 1.2293456563838845e-07, 1.862645326866641e-08, -8.940698137394065e-08, 0.6231424808502197, 0.7821086049079895, 2.2351745343485163e-08, -0.7821083068847656, 0.6231421828269958),
            ["RightUpperArm"] = CFrame.new(0, -2.384185791015625e-07, -7.450580596923828e-08, 0.45281097292900085, -0.8869494795799255, -0.09101127833127975, 0.5409314632415771, 0.3544257581233978, -0.7627421021461487, 0.7087704539299011, 0.2961469888687134, 0.6402665972709656),
            ["Head"] = CFrame.new(2.9802322387695312e-08, 2.384185791015625e-07, -1.4901161193847656e-08, 0.8086565136909485, 0.25915008783340454, 0.5281249284744263, 0.014126468449831009, 0.8889293074607849, -0.45782655477523804, -0.5881115198135376, 0.37768495082855225, 0.7151776552200317),
            ["UpperTorso"] = CFrame.new(-3.725290298461914e-09, 4.172325134277344e-07, 2.2351741790771484e-08, 0.9977189302444458, -0.06463686376810074, -0.01946881413459778, 0.06607994437217712, 0.9941056370735168, 0.08595123887062073, 0.013798415660858154, -0.0870416983962059, 0.9961091876029968),
            ["LeftUpperArm"] = CFrame.new(2.384185791015625e-07, -2.384185791015625e-07, 0, 0.951508104801178, 0.30556949973106384, -0.03549053519964218, -0.3076230585575104, 0.9449304342269897, -0.11169018596410751, -0.0005930028855800629, 0.11719183623790741, 0.9931091070175171),
