return {
["gomen nasai"] = {

          {Time = 0.000, Data = {

              ["Head"] = CFrame.new(0.000000, -0.000000, -0.000003, 0.983170, 0.163468, -0.081582, -0.182511, 0.898822, -0.398508, 0.008184, 0.406691, 0.913529),

              ["LeftFoot"] = CFrame.new(-0.000001, 0.029489, -0.000003, 0.999858, -0.012875, -0.010841, 0.016163, 0.914180, 0.405010, 0.004695, -0.405103, 0.914248),

              ["LeftHand"] = CFrame.new(0.000485, 0.023869, 0.000000, 0.998610, -0.045611, 0.026435, 0.052497, 0.906164, -0.419659, -0.004813, 0.420460, 0.907297),

              ["LeftLowerArm"] = CFrame.new(-0.000499, 0.115135, 0.069531, 1.000000, -0.000000, 0.000000, 0.000000, 0.282047, -0.959401, 0.000000, 0.959401, 0.282047),

              ["LeftLowerLeg"] = CFrame.new(0.000001, 0.119210, -0.065075, 1.000000, -0.000000, -0.000000, 0.000000, 0.326936, 0.945052, -0.000000, -0.945047, 0.326921),

              ["LeftUpperArm"] = CFrame.new(0.075633, 0.158263, -0.077873, 0.965094, 0.223940, -0.135808, 0.204685, -0.321420, 0.924550, 0.163393, -0.920076, -0.356038),

              ["LeftUpperLeg"] = CFrame.new(0.000000, 0.000000, -0.000102, 0.967200, 0.184624, -0.174459, -0.033805, -0.587162, -0.808777, -0.251755, 0.788134, -0.561644),

              ["LowerTorso"] = CFrame.new(1.988236, 0.131887, 27.734173, 0.959189, -0.236120, -0.155576, 0.267841, 0.582294, 0.767590, -0.090653, -0.777933, 0.621773),

              ["RightFoot"] = CFrame.new(-0.000000, 0.025266, -0.000101, 0.930639, 0.279929, 0.235707, -0.301845, 0.951343, 0.061945, -0.206885, -0.128788, 0.969848),

              ["RightHand"] = CFrame.new(-0.000484, 0.025222, 0.000000, 0.924774, -0.328525, 0.192002, 0.378220, 0.848951, -0.369098, -0.041741, 0.413948, 0.909342),

              ["RightLowerArm"] = CFrame.new(-0.000001, 0.119815, 0.091685, 1.000000, 0.000000, -0.000000, -0.000000, 0.052095, -0.998642, -0.000000, 0.998642, 0.052094),

              ["RightLowerLeg"] = CFrame.new(0.000000, 0.104616, -0.042827, 1.000000, 0.000000, 0.000000, -0.000000, 0.559386, 0.828914, 0.000000, -0.828908, 0.559376),

              ["RightUpperArm"] = CFrame.new(-0.095413, -0.202292, 0.043802, 0.884817, -0.416641, 0.208588, 0.458341, 0.697786, -0.550472, 0.083799, 0.582671, 0.808376),

              ["RightUpperLeg"] = CFrame.new(0.000001, 0.000001, -0.000001, 0.996399, -0.084564, 0.006130, 0.073856, 0.830147, -0.552611, 0.041643, 0.551094, 0.833416),

              ["UpperTorso"] = CFrame.new(0.000000, 0.000001, -0.000001, 0.999880, -0.015384, -0.001775, 0.014463, 0.968650, -0.248007, 0.005534, 0.247951, 0.968757)

          }},

          {Time = 0.017, Data = {

              ["Head"] = CFrame.new(0.000000, 0.000001, -0.000000, 0.984752, 0.155944, -0.077108, -0.173812, 0.900590, -0.398405, 0.007314, 0.405733, 0.913963),

              ["LeftFoot"] = CFrame.new(0.000000, 0.028516, -0.000004, 0.999815, -0.014708, -0.012385, 0.018535, 0.908641, 0.417191, 0.005116, -0.417320, 0.908734),

              ["LeftHand"] = CFrame.new(0.000484, 0.024131, -0.000000, 0.998149, -0.052566, 0.030571, 0.060772, 0.880005, -0.471064, -0.002141, 0.472047, 0.881569),

              ["LeftLowerArm"] = CFrame.new(-0.000500, 0.116269, 0.073072, 1.000000, -0.000000, 0.000000, 0.000000, 0.245316, -0.969443, 0.000000, 0.969443, 0.245316),

              ["LeftLowerLeg"] = CFrame.new(-0.000001, 0.116070, -0.058593, 1.000000, -0.000000, -0.000000, 0.000000, 0.394316, 0.918981, -0.000000, -0.918975, 0.394302),

              ["LeftUpperArm"] = CFrame.new(0.073748, 0.167501, -0.078848, 0.961323, 0.231306, -0.149521, 0.223155, -0.335923, 0.915072, 0.161434, -0.913046, -0.374548),

              ["LeftUpperLeg"] = CFrame.new(0.000000, 0.000000, -0.000099, 0.969154, 0.184676, -0.163197, -0.032942, -0.559186, -0.828401, -0.244244, 0.808212, -0.535835),

              ["LowerTorso"] = CFrame.new(1.962443, 0.111728, 27.645922, 0.961865, -0.226502, -0.153339, 0.260108, 0.584016, 0.768940, -0.084614, -0.779501, 0.620659),

              ["RightFoot"] = CFrame.new(-0.000001, 0.025232, -0.000103, 0.924253, 0.292047, 0.245911, -0.311125, 0.949451, 0.041780, -0.221264, -0.115118, 0.968392),

              ["RightHand"] = CFrame.new(-0.000484, 0.025439, 0.000000, 0.950981, -0.266984, 0.156059, 0.304049, 0.899358, -0.314184, -0.056470, 0.346230, 0.936448),

              ["RightLowerArm"] = CFrame.new(-0.000001, 0.120042, 0.096390, 1.000000, 0.000000, -0.000000, -0.000000, 0.003250, -0.999995, -0.000000, 0.999995, 0.003250),

              ["RightLowerLeg"] = CFrame.new(0.000000, 0.104516, -0.042714, 1.000000, 0.000000, 0.000000, -0.000000, 0.560511, 0.828153, 0.000000, -0.828147, 0.560501),

              ["RightUpperArm"] = CFrame.new(-0.100265, -0.189668, 0.030334, 0.894522, -0.411756, 0.174033, 0.433090, 0.701820, -0.565580, 0.110741, 0.581296, 0.806121),

              ["RightUpperLeg"] = CFrame.new(0.000000, -0.000000, 0.000001, 0.996219, -0.083688, 0.023313, 0.082745, 0.832286, -0.548116, 0.026467, 0.547993, 0.836077),

              ["UpperTorso"] = CFrame.new(0.000000, -0.000001, 0.000000, 0.999880, -0.015384, -0.001775, 0.014463, 0.968650, -0.248007, 0.005534, 0.247951, 0.968757)

          }},

          {Time = 0.033, Data = {

              ["Head"] = CFrame.new(-0.000001, 0.000000, 0.000001, 0.988535, 0.136081, -0.065419, -0.150905, 0.904889, -0.398000, 0.005037, 0.403310, 0.915050),

              ["LeftFoot"] = CFrame.new(-0.000000, 0.024985, -0.000000, 0.999614, -0.021250, -0.017893, 0.027030, 0.892723, 0.449817, 0.006414, -0.450105, 0.892941),

              ["LeftHand"] = CFrame.new(0.000483, 0.024586, 0.000001, 0.996820, -0.068786, 0.040223, 0.079330, 0.809260, -0.582073, 0.007488, 0.583410, 0.812141),

              ["LeftLowerArm"] = CFrame.new(-0.000498, 0.118279, 0.081541, 1.000000, -0.000000, 0.000000, 0.000000, 0.157510, -0.987517, 0.000000, 0.987517, 0.157509),

              ["LeftLowerLeg"] = CFrame.new(0.000000, 0.104571, -0.042455, 1.000000, -0.000000, -0.000000, 0.000000, 0.562191, 0.827014, -0.000000, -0.827008, 0.562182),

              ["LeftUpperArm"] = CFrame.new(0.069620, 0.186038, -0.082209, 0.953071, 0.245810, -0.176730, 0.260231, -0.366838, 0.893146, 0.154713, -0.897222, -0.413590),

              ["LeftUpperLeg"] = CFrame.new(0.000001, 0.000001, -0.000098, 0.973708, 0.183622, -0.134813, -0.030489, -0.481453, -0.875952, -0.225751, 0.857022, -0.463178),

              ["LowerTorso"] = CFrame.new(1.888982, 0.057823, 27.398172, 0.968666, -0.200581, -0.146469, 0.238597, 0.587745, 0.773064, -0.068976, -0.783788, 0.617186),

              ["RightFoot"] = CFrame.new(-0.000000, 0.025421, -0.000102, 0.909584, 0.317857, 0.267644, -0.326447, 0.945126, -0.013024, -0.257081, -0.075521, 0.963430),

              ["RightHand"] = CFrame.new(-0.000483, 0.025922, -0.000000, 0.990059, -0.121393, 0.071042, 0.130857, 0.980173, -0.148790, -0.051571, 0.156606, 0.986314),

              ["RightLowerArm"] = CFrame.new(-0.000001, 0.119688, 0.106960, 1.000000, 0.000000, 0.000000, -0.000000, -0.106542, -0.994308, -0.000000, 0.994308, -0.106542),

              ["RightLowerLeg"] = CFrame.new(-0.000000, 0.105066, -0.043317, 1.000000, 0.000000, 0.000000, -0.000000, 0.554283, 0.832335, 0.000000, -0.832328, 0.554273),

              ["RightUpperArm"] = CFrame.new(-0.106563, -0.166453, 0.002591, 0.907116, -0.406659, 0.108486, 0.386664, 0.703406, -0.596415, 0.166228, 0.582966, 0.795311),

              ["RightUpperLeg"] = CFrame.new(0.000000, 0.000003, 0.000002, 0.994347, -0.086584, 0.061454, 0.106099, 0.832592, -0.543610, -0.004098, 0.547077, 0.837085),

              ["UpperTorso"] = CFrame.new(0.000000, 0.000000, 0.000003, 0.999880, -0.015384, -0.001775, 0.014463, 0.968650, -0.248007, 0.005534, 0.247951, 0.968757)

          }},

          {Time = 0.050, Data = {

              ["Head"] = CFrame.new(0.000000, 0.000000, 0.000001, 0.992943, 0.107942, -0.049123, -0.118579, 0.910089, -0.397086, 0.001844, 0.400109, 0.916466),

              ["LeftFoot"] = CFrame.new(-0.000000, 0.016573, 0.000004, 0.999036, -0.033583, -0.028278, 0.043216, 0.865738, 0.498652, 0.007734, -0.499370, 0.866341),

              ["LeftHand"] = CFrame.new(0.000483, 0.025315, -0.000000, 0.993813, -0.095794, 0.056202, 0.107999, 0.715470, -0.690249, 0.025911, 0.692045, 0.721386),

              ["LeftLowerArm"] = CFrame.new(-0.000499, 0.119702, 0.091537, 1.000000, -0.000000, 0.000000, 0.000000, 0.053665, -0.998559, 0.000000, 0.998559, 0.053664),

              ["LeftLowerLeg"] = CFrame.new(-0.000000, 0.079349, -0.022676, 1.000000, -0.000000, -0.000000, 0.000000, 0.767618, 0.640908, -0.000000, -0.640908, 0.767617),

              ["LeftUpperArm"] = CFrame.new(0.067426, 0.197624, -0.089411, 0.948682, 0.249623, -0.194141, 0.283401, -0.398726, 0.872182, 0.140308, -0.882443, -0.449007),

              ["LeftUpperLeg"] = CFrame.new(0.000000, -0.000009, -0.000095, 0.979077, 0.179291, -0.096243, -0.025534, -0.360996, -0.932224, -0.201883, 0.915171, -0.348849),

              ["LowerTorso"] = CFrame.new(1.773736, -0.019985, 27.016426, 0.977445, -0.162731, -0.134611, 0.205812, 0.591052, 0.779935, -0.047358, -0.790048, 0.611213),

              ["RightFoot"] = CFrame.new(-0.000000, 0.026259, -0.000103, 0.893848, 0.342985, 0.288802, -0.330597, 0.939251, -0.092274, -0.302888, -0.012997, 0.952932),

              ["RightHand"] = CFrame.new(-0.000482, 0.026421, 0.000000, 0.998365, 0.049442, -0.028683, -0.046181, 0.993405, 0.104945, 0.033682, -0.103447, 0.994064),

              ["RightLowerArm"] = CFrame.new(-0.000001, 0.117776, 0.118794, 1.000000, 0.000000, -0.000000, -0.000000, -0.229343, -0.973345, -0.000000, 0.973346, -0.229344),

              ["RightLowerLeg"] = CFrame.new(0.000001, 0.107464, -0.046021, 1.000000, 0.000000, 0.000000, -0.000000, 0.526055, 0.850457, 0.000000, -0.850450, 0.526045),

              ["RightUpperArm"] = CFrame.new(-0.105852, -0.154529, -0.023928, 0.905697, -0.419635, 0.060150, 0.362816, 0.693910, -0.621975, 0.219264, 0.585145, 0.780723),

              ["RightUpperLeg"] = CFrame.new(0.000000, -0.000004, 0.000005, 0.989805, -0.100319, 0.101100, 0.139726, 0.821539, -0.552747, -0.027607, 0.561258, 0.827194),

              ["UpperTorso"] = CFrame.new(0.000000, -0.000002, 0.000001, 0.999880, -0.015384, -0.001775, 0.014463, 0.968650, -0.248007, 0.005534, 0.247951, 0.968757)

          }},

          {Time = 0.067, Data = {

              ["Head"] = CFrame.new(0.000000, 0.000000, -0.000001, 0.996654, 0.075690, -0.030845, -0.081716, 0.914780, -0.395600, -0.001726, 0.396797, 0.917905),

              ["LeftFoot"] = CFrame.new(-0.000000, 0.008205, -0.000001, 0.997785, -0.050881, -0.042843, 0.066308, 0.811728, 0.580287, 0.005250, -0.581814, 0.813284),

              ["LeftHand"] = CFrame.new(0.000483, 0.025707, 0.000001, 0.984020, -0.153576, 0.090111, 0.168500, 0.639549, -0.750059, 0.057561, 0.753254, 0.655203),

              ["LeftLowerArm"] = CFrame.new(-0.000499, 0.119953, 0.100039, 1.000000, -0.000000, 0.000000, 0.000000, -0.034645, -0.999400, 0.000000, 0.999400, -0.034646),

              ["LeftLowerLeg"] = CFrame.new(0.000001, 0.038883, -0.004654, 1.000000, -0.000000, -0.000000, 0.000000, 0.951654, 0.307159, -0.000000, -0.307172, 0.951658),

              ["LeftUpperArm"] = CFrame.new(0.074876, 0.178324, -0.105751, 0.963581, 0.206452, -0.169969, 0.244802, -0.425181, 0.871375, 0.107630, -0.881248, -0.460236),

              ["LeftUpperLeg"] = CFrame.new(-0.000000, 0.000001, -0.000100, 0.984294, 0.169886, -0.048002, -0.016496, -0.182223, -0.983121, -0.175766, 0.968470, -0.176549),

              ["LowerTorso"] = CFrame.new(1.622621, -0.111879, 26.526211, 0.986135, -0.117380, -0.117297, 0.164302, 0.591511, 0.789380, -0.023275, -0.797707, 0.602596),

              ["RightFoot"] = CFrame.new(0.000000, 0.027599, -0.000102, 0.885490, 0.355446, 0.299294, -0.311935, 0.932098, -0.184100, -0.344390, 0.069655, 0.936232),

              ["RightHand"] = CFrame.new(-0.000483, 0.026870, 0.000001, 0.973425, 0.197865, -0.115298, -0.145277, 0.922739, 0.357001, 0.177027, -0.330761, 0.926961),

              ["RightLowerArm"] = CFrame.new(-0.000001, 0.114788, 0.129128, 1.000000, 0.000000, -0.000000, -0.000000, -0.336778, -0.941584, -0.000000, 0.941584, -0.336779),

              ["RightLowerLeg"] = CFrame.new(0.000000, 0.112117, -0.052450, 1.000000, 0.000000, 0.000000, -0.000000, 0.459230, 0.888324, 0.000000, -0.888318, 0.459217),

              ["RightUpperArm"] = CFrame.new(-0.097745, -0.165219, -0.037999, 0.889484, -0.454838, 0.044054, 0.384201, 0.692167, -0.610978, 0.247403, 0.560381, 0.790421),

              ["RightUpperLeg"] = CFrame.new(-0.000000, 0.000000, 0.000002, 0.983278, -0.130038, 0.127490, 0.180584, 0.786698, -0.590316, -0.023532, 0.603487, 0.797040),

              ["UpperTorso"] = CFrame.new(-0.000000, 0.000000, 0.000002, 0.999880, -0.015384, -0.001775, 0.014463, 0.968650, -0.248007, 0.005534, 0.247951, 0.968757)

          }},

          {Time = 0.083, Data = {

              ["Head"] = CFrame.new(-0.000000, 0.000000, -0.000001, 0.998961, 0.043628, -0.013204, -0.045301, 0.918080, -0.393797, -0.005058, 0.393986, 0.919103),

              ["LeftFoot"] = CFrame.new(-0.000000, -0.015620, -0.000003, 0.995714, -0.070751, -0.059572, 0.092487, 0.765973, 0.636216, 0.000619, -0.638968, 0.769208),

              ["LeftHand"] = CFrame.new(0.000483, 0.025888, 0.000000, 0.961630, -0.236703, 0.138712, 0.260511, 0.629249, -0.732246, 0.086040, 0.740282, 0.666765),

              ["LeftLowerArm"] = CFrame.new(-0.000499, 0.119801, 0.104081, 1.000000, -0.000000, 0.000000, 0.000000, -0.076559, -0.997065, 0.000000, 0.997065, -0.076560),

              ["LeftLowerLeg"] = CFrame.new(0.000000, -0.015171, -0.000101, 1.000000, 0.000000, -0.000000, 0.000000, 1.000000, -0.000007, 0.000000, -0.000010, 1.000000),

              ["LeftUpperArm"] = CFrame.new(0.089151, 0.114513, -0.137525, 0.992131, 0.090151, -0.086881, 0.117185, -0.424307, 0.897904, 0.044083, -0.901020, -0.431533),

              ["LeftUpperLeg"] = CFrame.new(0.000000, 0.000003, -0.000099, 0.988940, 0.148056, -0.008834, -0.003323, -0.037433, -0.999294, -0.148282, 0.988270, -0.036525),

              ["LowerTorso"] = CFrame.new(1.441590, -0.208085, 25.953045, 0.993173, -0.069077, -0.094001, 0.116653, 0.587021, 0.801123, -0.000159, -0.806619, 0.591071),

              ["RightFoot"] = CFrame.new(0.000000, 0.029512, -0.000102, 0.894115, 0.342579, 0.288460, -0.265148, 0.924005, -0.275530, -0.360909, 0.169863, 0.916992),

              ["RightHand"] = CFrame.new(-0.000482, 0.027161, -0.000001, 0.946101, 0.279799, -0.163113, -0.167207, 0.853303, 0.493882, 0.277370, -0.439985, 0.854093),

              ["RightLowerArm"] = CFrame.new(-0.000002, 0.112037, 0.135941, 1.000000, 0.000000, -0.000000, -0.000000, -0.407606, -0.913157, -0.000000, 0.913158, -0.407607),

              ["RightLowerLeg"] = CFrame.new(-0.000001, 0.118475, -0.064001, 1.000000, 0.000000, 0.000000, -0.000000, 0.339205, 0.940718, 0.000000, -0.940712, 0.339191),

              ["RightUpperArm"] = CFrame.new(-0.088511, -0.194159, -0.021428, 0.871013, -0.488986, 0.047214, 0.442075, 0.738263, -0.509448, 0.214257, 0.464608, 0.859205),

              ["RightUpperLeg"] = CFrame.new(0.000000, 0.000002, -0.000002, 0.974141, -0.180624, 0.135734, 0.224642, 0.709916, -0.667482, 0.024205, 0.680731, 0.732150),

              ["UpperTorso"] = CFrame.new(-0.000000, 0.000001, -0.000002, 0.999880, -0.015384, -0.001775, 0.014463, 0.968650, -0.248007, 0.005534, 0.247951, 0.968757)

          }},

          {Time = 0.100, Data = {

              ["Head"] = CFrame.new(-0.000000, -0.000002, 0.000003, 0.999869, 0.016134, 0.001232, -0.014357, 0.919729, -0.392291, -0.007462, 0.392222, 0.919840),

              ["LeftFoot"] = CFrame.new(0.000000, -0.032496, -0.000004, 0.993071, -0.089898, -0.075694, 0.117320, 0.795867, 0.594028, 0.006841, -0.598760, 0.800875),

              ["LeftHand"] = CFrame.new(0.000483, 0.025729, -0.000002, 0.965212, -0.225649, 0.132094, 0.258546, 0.748336, -0.610861, 0.038989, 0.623759, 0.780641),

              ["LeftLowerArm"] = CFrame.new(-0.000499, 0.119943, 0.100517, 1.000000, -0.000000, 0.000000, 0.000000, -0.039595, -0.999216, 0.000000, 0.999216, -0.039595),

              ["LeftLowerLeg"] = CFrame.new(0.000000, -0.031992, -0.000327, 1.000000, -0.000000, -0.000000, -0.000000, 1.000000, -0.000007, -0.000000, -0.000011, 1.000000),

              ["LeftUpperArm"] = CFrame.new(0.092833, 0.047317, -0.172917, 0.999495, -0.031027, 0.006828, -0.017208, -0.348050, 0.937318, -0.026706, -0.936963, -0.348408),

              ["LeftUpperLeg"] = CFrame.new(0.000000, 0.000002, -0.000097, 0.992783, 0.119859, 0.003885, 0.011027, -0.058982, -0.998198, -0.119413, 0.991037, -0.059877),

              ["LowerTorso"] = CFrame.new(1.236637, -0.298867, 25.322441, 0.997686, -0.022480, -0.064169, 0.065387, 0.575988, 0.814839, 0.018643, -0.817149, 0.576125),

              ["RightFoot"] = CFrame.new(0.000000, 0.031499, -0.000102, 0.928508, 0.284041, 0.239169, -0.188218, 0.915235, -0.356270, -0.320073, 0.285771, 0.903255),

              ["RightHand"] = CFrame.new(-0.000483, 0.027009, 0.000001, 0.956079, 0.253230, -0.147607, -0.166759, 0.884082, 0.436571, 0.241047, -0.392778, 0.887478),

              ["RightLowerArm"] = CFrame.new(-0.000001, 0.113616, 0.132214, 1.000000, 0.000000, -0.000000, 0.000000, -0.368887, -0.929474, -0.000000, 0.929474, -0.368888),

              ["RightLowerLeg"] = CFrame.new(0.000000, 0.124142, -0.081545, 1.000000, 0.000000, 0.000000, -0.000000, 0.156660, 0.987655, 0.000000, -0.987653, 0.156645),

              ["RightUpperArm"] = CFrame.new(-0.088361, -0.215777, 0.045925, 0.870714, -0.486685, 0.070674, 0.485312, 0.827077, -0.283578, 0.079560, 0.281214, 0.956341),

              ["RightUpperLeg"] = CFrame.new(0.000000, 0.000004, 0.000002, 0.957226, -0.254269, 0.138071, 0.262439, 0.562043, -0.784355, 0.121836, 0.787055, 0.604750),

              ["UpperTorso"] = CFrame.new(0.000000, 0.000002, 0.000001, 0.999880, -0.015384, -0.001775, 0.014463, 0.968650, -0.248007, 0.005534, 0.247951, 0.968757)

          }},

          {Time = 0.117, Data = {

              ["Head"] = CFrame.new(-0.000000, -0.000000, -0.000001, 0.999940, -0.003330, 0.010483, 0.007172, 0.920011, -0.391827, -0.008340, 0.391878, 0.919979),

              ["LeftFoot"] = CFrame.new(0.000000, -0.008596, -0.000000, 0.990512, -0.105125, -0.088515, 0.137034, 0.804133, 0.578472, 0.010367, -0.585081, 0.810886),

              ["LeftHand"] = CFrame.new(0.000484, 0.025114, 0.000000, 0.998380, -0.049184, 0.028616, 0.056158, 0.932788, -0.356027, -0.009181, 0.357054, 0.934038),

              ["LeftLowerArm"] = CFrame.new(-0.000499, 0.119288, 0.087206, 1.000000, -0.000000, 0.000000, 0.000000, 0.098545, -0.995133, 0.000000, 0.995133, 0.098545),

              ["LeftLowerLeg"] = CFrame.new(0.000000, -0.008163, -0.000006, 1.000000, -0.000000, 0.000000, 0.000000, 1.000000, -0.000007, 0.000000, -0.000010, 1.000000),

              ["LeftUpperArm"] = CFrame.new(0.087184, -0.004625, -0.206477, 0.988197, -0.114959, 0.101246, -0.121097, -0.181459, 0.975914, -0.093818, -0.976656, -0.193239),

              ["LeftUpperLeg"] = CFrame.new(-0.000000, -0.000000, -0.000100, 0.995773, 0.090741, 0.014186, 0.021559, -0.080797, -0.996498, -0.089277, 0.992592, -0.082410),

              ["LowerTorso"] = CFrame.new(1.013673, -0.376008, 24.660564, 0.999450, 0.018397, -0.027604, 0.012652, 0.557823, 0.829863, 0.030665, -0.829756, 0.557284),

              ["RightFoot"] = CFrame.new(-0.000000, 0.033224, -0.000101, 0.975979, 0.166661, 0.140332, -0.093274, 0.901699, -0.422202, -0.196890, 0.398952, 0.895574),

              ["RightHand"] = CFrame.new(-0.000483, 0.025973, 0.000001, 0.978953, 0.176386, -0.102664, -0.147808, 0.959629, 0.239306, 0.140728, -0.219091, 0.965501),

              ["RightLowerArm"] = CFrame.new(-0.000002, 0.119569, 0.108121, 1.000000, 0.000000, -0.000000, -0.000000, -0.118591, -0.992943, -0.000000, 0.992943, -0.118593),

              ["RightLowerLeg"] = CFrame.new(0.000000, 0.125745, -0.103792, 1.000000, 0.000000, 0.000000, -0.000000, -0.074964, 0.997185, 0.000000, -0.997186, -0.074975),

              ["RightUpperArm"] = CFrame.new(-0.092606, -0.209215, 0.117475, 0.879205, -0.459433, 0.126176, 0.472188, 0.875559, -0.102149, -0.063544, 0.149389, 0.986735),

              ["RightUpperLeg"] = CFrame.new(-0.000000, -0.000002, 0.000000, 0.929062, -0.324954, 0.176764, 0.281510, 0.311054, -0.907737, 0.239991, 0.893113, 0.380484),

              ["UpperTorso"] = CFrame.new(-0.000000, -0.000001, 0.000000, 0.999880, -0.015384, -0.001775, 0.014463, 0.968650, -0.248007, 0.005534, 0.247951, 0.968757)

          }},

          {Time = 0.133, Data = {

              ["Head"] = CFrame.new(0.000000, -0.000001, -0.000000, 0.999780, -0.014958, 0.014700, 0.019530, 0.919483, -0.392646, -0.007643, 0.392846, 0.919572),

              ["LeftFoot"] = CFrame.new(0.000000, 0.007270, -0.000004, 0.988670, -0.114824, -0.096683, 0.147329, 0.865591, 0.478617, 0.028730, -0.487409, 0.872685),

              ["LeftHand"] = CFrame.new(0.000484, 0.023876, -0.000001, 0.983992, 0.153694, -0.090216, -0.166048, 0.974501, -0.150916, 0.064721, 0.163479, 0.984421),

              ["LeftLowerArm"] = CFrame.new(-0.000499, 0.115167, 0.069620, 1.000000, -0.000000, -0.000000, 0.000000, 0.281141, -0.959666, 0.000000, 0.959666, 0.281141),

              ["LeftLowerLeg"] = CFrame.new(0.000000, 0.033826, -0.003405, 1.000000, -0.000000, 0.000000, 0.000000, 0.964258, 0.264949, -0.000000, -0.264964, 0.964262),

              ["LeftUpperArm"] = CFrame.new(0.086247, -0.008063, -0.211504, 0.986323, -0.100394, 0.130720, -0.127965, 0.033432, 0.991215, -0.103882, -0.994386, 0.020128),

              ["LeftUpperLeg"] = CFrame.new(0.000000, 0.000005, -0.000100, 0.998046, 0.061494, 0.011096, 0.025190, -0.233448, -0.972045, -0.057185, 0.970423, -0.234532),

              ["LowerTorso"] = CFrame.new(0.778116, -0.437187, 23.996414, 0.998518, 0.052497, 0.014317, -0.040195, 0.534248, 0.844372, 0.036678, -0.843696, 0.535567),

              ["RightFoot"] = CFrame.new(0.000000, 0.034451, -0.000100, 0.993654, 0.086042, 0.072449, -0.044737, 0.893271, -0.447309, -0.103198, 0.441207, 0.891441),

              ["RightHand"] = CFrame.new(-0.000483, 0.025527, -0.000000, 0.980020, 0.171920, -0.100019, -0.150935, 0.970319, 0.188948, 0.129533, -0.170073, 0.976880),

              ["RightLowerArm"] = CFrame.new(-0.000001, 0.120064, 0.098344, 1.000000, 0.000000, -0.000000, 0.000000, -0.017036, -0.999855, -0.000000, 0.999855, -0.017037),

              ["RightLowerLeg"] = CFrame.new(0.000000, 0.121793, -0.125290, 1.000000, 0.000000, 0.000000, -0.000000, -0.298839, 0.954301, 0.000000, -0.954304, -0.298847),

              ["RightUpperArm"] = CFrame.new(-0.091815, -0.209075, 0.127789, 0.877622, -0.473161, 0.076800, 0.471906, 0.880958, 0.034896, -0.084169, 0.005618, 0.996436),

              ["RightUpperLeg"] = CFrame.new(-0.000000, 0.000008, -0.000000, 0.904068, -0.308358, 0.295927, 0.298667, -0.039463, -0.953542, 0.305711, 0.950451, 0.056435),

              ["UpperTorso"] = CFrame.new(-0.000000, 0.000004, -0.000000, 0.999880, -0.015384, -0.001775, 0.014463, 0.968650, -0.248007, 0.005534, 0.247951, 0.968757)

          }},

          {Time = 0.150, Data = {

              ["Head"] = CFrame.new(-0.000000, 0.000000, -0.000001, 0.999697, -0.019874, 0.014523, 0.023994, 0.918496, -0.394701, -0.005495, 0.394930, 0.918695),

              ["LeftFoot"] = CFrame.new(0.000000, 0.014656, -0.000005, 0.987897, -0.118654, -0.099909, 0.144602, 0.937552, 0.316381, 0.056126, -0.326982, 0.943356),

              ["LeftHand"] = CFrame.new(0.000484, 0.023879, -0.000001, 0.950281, 0.268660, -0.157445, -0.280014, 0.958441, -0.054607, 0.136230, 0.095978, 0.986017),

              ["LeftLowerArm"] = CFrame.new(-0.000499, 0.115185, 0.069672, 1.000000, -0.000000, -0.000000, 0.000000, 0.280599, -0.959825, 0.000000, 0.959825, 0.280599),

              ["LeftLowerLeg"] = CFrame.new(0.000000, 0.073008, -0.019074, 1.000000, -0.000000, -0.000000, 0.000000, 0.804768, 0.593588, -0.000000, -0.593589, 0.804769),

              ["LeftUpperArm"] = CFrame.new(0.092814, 0.040119, -0.154873, 0.999456, 0.014841, 0.029446, -0.031610, 0.177008, 0.983702, 0.009387, -0.984098, 0.177381),

              ["LeftUpperLeg"] = CFrame.new(0.000000, 0.000002, -0.000100, 0.999523, 0.028972, 0.010733, 0.021058, -0.384648, -0.922829, -0.022608, 0.922608, -0.385059),

              ["LowerTorso"] = CFrame.new(0.535205, -0.481489, 23.354712, 0.995044, 0.079622, 0.059563, -0.091904, 0.507736, 0.856597, 0.037962, -0.857825, 0.512537),

              ["RightFoot"] = CFrame.new(-0.000001, 0.035295, -0.000099, 0.993748, 0.085406, 0.071913, -0.054822, 0.934354, -0.352124, -0.097260, 0.345961, 0.933187),

              ["RightHand"] = CFrame.new(-0.000483, 0.025980, -0.000004, 0.973229, 0.198609, -0.115672, -0.171055, 0.962044, 0.212634, 0.153511, -0.187153, 0.970261),

              ["RightLowerArm"] = CFrame.new(-0.000000, 0.119543, 0.108332, 1.000000, 0.000000, -0.000000, -0.000000, -0.120737, -0.992684, -0.000000, 0.992685, -0.120738),

              ["RightLowerLeg"] = CFrame.new(-0.000000, 0.115971, -0.139464, 1.000000, 0.000000, 0.000000, -0.000000, -0.446644, 0.894709, 0.000000, -0.894712, -0.446650),

              ["RightUpperArm"] = CFrame.new(-0.087135, -0.220121, 0.110785, 0.868119, -0.487909, -0.091189, 0.493797, 0.830308, 0.258365, -0.050343, -0.269320, 0.961734),

              ["RightUpperLeg"] = CFrame.new(-0.000000, 0.000000, 0.000000, 0.880781, -0.179517, 0.438173, 0.323531, -0.447542, -0.833694, 0.345764, 0.876059, -0.336095),

              ["UpperTorso"] = CFrame.new(-0.000000, 0.000002, 0.000000, 0.999880, -0.015384, -0.001775, 0.014463, 0.968650, -0.248007, 0.005534, 0.247951, 0.968757)

          }},

          {Time = 0.167, Data = {

              ["Head"] = CFrame.new(-0.000000, 0.000000, -0.000002, 0.999760, -0.019209, 0.010561, 0.021825, 0.917201, -0.397828, -0.002044, 0.397963, 0.917399),

              ["LeftFoot"] = CFrame.new(0.000000, 0.026214, -0.000004, 0.988662, -0.114865, -0.096719, 0.122799, 0.989161, 0.080515, 0.086417, -0.091474, 0.992050),

              ["LeftHand"] = CFrame.new(0.000483, 0.025430, -0.000000, 0.918697, 0.340869, -0.199515, -0.340634, 0.939484, 0.036597, 0.199914, 0.034340, 0.979211),

              ["LeftLowerArm"] = CFrame.new(-0.000500, 0.119857, 0.094047, 1.000000, -0.000000, 0.000000, 0.000000, 0.027602, -0.999619, 0.000000, 0.999619, 0.027601),

              ["LeftLowerLeg"] = CFrame.new(-0.000000, 0.108100, -0.046427, 1.000000, -0.000000, -0.000000, 0.000000, 0.520765, 0.853706, -0.000000, -0.853700, 0.520755),

              ["LeftUpperArm"] = CFrame.new(0.080885, 0.075116, -0.051477, 0.975599, 0.198866, -0.093053, 0.038385, 0.262803, 0.964086, 0.216179, -0.944133, 0.248757),

              ["LeftUpperLeg"] = CFrame.new(0.000000, -0.000003, -0.000101, 0.999795, -0.011242, 0.016839, 0.009823, -0.457968, -0.888925, 0.017705, 0.888898, -0.457744),

              ["LowerTorso"] = CFrame.new(0.290119, -0.507911, 22.740253, 0.989360, 0.099815, 0.105846, -0.141102, 0.481047, 0.865265, 0.035450, -0.870994, 0.490013),

              ["RightFoot"] = CFrame.new(0.000000, 0.035389, -0.000098, 0.992452, 0.093810, 0.078991, -0.084165, 0.989480, -0.117669, -0.089193, 0.110128, 0.989906),

              ["RightHand"] = CFrame.new(-0.000483, 0.025818, -0.000000, 0.971439, 0.205038, -0.119444, -0.185796, 0.970347, 0.154620, 0.147603, -0.128010, 0.980727),

              ["RightLowerArm"] = CFrame.new(-0.000001, 0.119862, 0.104696, 1.000000, 0.000000, -0.000000, 0.000000, -0.082976, -0.996552, -0.000000, 0.996552, -0.082977),

              ["RightLowerLeg"] = CFrame.new(0.000000, 0.115217, -0.140910, 1.000000, 0.000000, 0.000000, -0.000000, -0.461734, 0.887016, 0.000000, -0.887019, -0.461739),

              ["RightUpperArm"] = CFrame.new(-0.085724, -0.224375, 0.093673, 0.864868, -0.448697, -0.225110, 0.501723, 0.757721, 0.417293, -0.016667, -0.473846, 0.880450),

              ["RightUpperLeg"] = CFrame.new(0.000000, -0.000005, -0.000001, 0.855176, 0.007186, 0.518287, 0.340126, -0.762306, -0.550652, 0.391137, 0.647177, -0.654340),

              ["UpperTorso"] = CFrame.new(-0.000000, -0.000000, 0.000000, 0.999880, -0.015384, -0.001775, 0.014463, 0.968650, -0.248007, 0.005534, 0.247951, 0.968757)

          }},

          {Time = 0.183, Data = {

              ["Head"] = CFrame.new(0.000000, -0.000000, -0.000000, 0.999895, -0.014094, 0.003406, 0.014275, 0.915622, -0.401786, 0.002544, 0.401793, 0.915727),

              ["LeftFoot"] = CFrame.new(-0.000000, 0.030370, -0.000003, 0.991685, -0.098444, -0.082892, 0.081075, 0.978105, -0.191678, 0.099940, 0.183355, 0.977951),

              ["LeftHand"] = CFrame.new(0.000481, 0.026669, -0.000001, 0.917971, 0.342418, -0.200201, -0.332828, 0.939517, 0.080828, 0.215767, -0.007565, 0.976415),

              ["LeftLowerArm"] = CFrame.new(-0.000500, 0.116826, 0.122228, 1.000000, -0.000000, 0.000000, 0.000000, -0.265069, -0.964229, 0.000000, 0.964230, -0.265070),

              ["LeftLowerLeg"] = CFrame.new(-0.000000, 0.121938, -0.072264, 1.000000, -0.000000, -0.000000, 0.000000, 0.252161, 0.967689, -0.000000, -0.967685, 0.252146),

              ["LeftUpperArm"] = CFrame.new(0.030338, 0.029790, 0.081532, 0.874505, 0.453904, -0.170919, -0.052264, 0.438533, 0.897194, 0.482193, -0.775667, 0.407222),

              ["LeftUpperLeg"] = CFrame.new(-0.000000, 0.000006, -0.000101, 0.997405, -0.068286, 0.022790, -0.005319, -0.385642, -0.922642, 0.071793, 0.920118, -0.384985),

              ["LowerTorso"] = CFrame.new(0.047991, -0.515349, 22.152891, 0.982047, 0.113444, 0.150710, -0.186274, 0.457204, 0.869636, 0.029750, -0.882097, 0.470128),

              ["RightFoot"] = CFrame.new(-0.000000, 0.034590, -0.000101, 0.990757, 0.103763, 0.087372, -0.114903, 0.984303, 0.133977, -0.072095, -0.142761, 0.987125),

              ["RightHand"] = CFrame.new(-0.000484, 0.025205, 0.000000, 0.971713, 0.204086, -0.118845, -0.196223, 0.977717, 0.074601, 0.131420, -0.049169, 0.990106),

              ["RightLowerArm"] = CFrame.new(-0.000002, 0.119789, 0.091342, 1.000000, 0.000000, -0.000000, -0.000000, 0.055678, -0.998449, -0.000000, 0.998449, 0.055678),

              ["RightLowerLeg"] = CFrame.new(-0.000000, 0.120973, -0.127750, 1.000000, 0.000000, 0.000000, -0.000000, -0.324495, 0.945885, 0.000000, -0.945888, -0.324502),

              ["RightUpperArm"] = CFrame.new(-0.085811, -0.225158, 0.072909, 0.864344, -0.393788, -0.312793, 0.502328, 0.705706, 0.499645, 0.023986, -0.588990, 0.807784),

              ["RightUpperLeg"] = CFrame.new(0.000000, 0.000005, -0.000001, 0.833870, 0.134825, 0.535242, 0.343376, -0.885933, -0.311812, 0.432150, 0.443784, -0.785041),

              ["UpperTorso"] = CFrame.new(-0.000000, 0.000003, 0.000001, 0.999880, -0.015384, -0.001775, 0.014463, 0.968650, -0.248007, 0.005534, 0.247951, 0.968757)

          }},

          {Time = 0.200, Data = {

              ["Head"] = CFrame.new(0.000000, 0.000000, -0.000000, 0.999964, -0.005664, -0.006347, 0.002596, 0.913734, -0.406304, 0.008101, 0.406273, 0.913716),

              ["LeftFoot"] = CFrame.new(0.000000, 0.031115, -0.000000, 0.996341, -0.065384, -0.055054, 0.036898, 0.910001, -0.412980, 0.077096, 0.409417, 0.909074),

              ["LeftHand"] = CFrame.new(0.000482, 0.027084, 0.000000, 0.973786, 0.196400, -0.114758, -0.192175, 0.980240, 0.046895, 0.121699, -0.023611, 0.992286),

              ["LeftLowerArm"] = CFrame.new(-0.000500, 0.113685, 0.131786, 1.000000, -0.000000, 0.000000, -0.000000, -0.364432, -0.931230, 0.000000, 0.931230, -0.364433),

              ["LeftLowerLeg"] = CFrame.new(-0.000000, 0.124003, -0.079963, 1.000000, -0.000000, -0.000000, 0.000000, 0.172112, 0.985080, -0.000000, -0.985077, 0.172097),

              ["LeftUpperArm"] = CFrame.new(-0.027556, -0.139563, 0.100959, 0.758717, 0.613368, -0.219381, -0.390969, 0.698140, 0.599786, 0.521048, -0.369296, 0.769499),

              ["LeftUpperLeg"] = CFrame.new(-0.000000, 0.000000, -0.000101, 0.989247, -0.146252, 0.000674, -0.015988, -0.112750, -0.993497, 0.145377, 0.982801, -0.113855),

              ["LowerTorso"] = CFrame.new(-0.186068, -0.502608, 21.592531, 0.973954, 0.121217, 0.191624, -0.225754, 0.439429, 0.869447, 0.021187, -0.890061, 0.455349),

              ["RightFoot"] = CFrame.new(0.000000, 0.033150, -0.000102, 0.989958, 0.108136, 0.091053, -0.131697, 0.939584, 0.316002, -0.051378, -0.324791, 0.944379),

              ["RightHand"] = CFrame.new(-0.000484, 0.024042, 0.000001, 0.971999, 0.203098, -0.118196, -0.205349, 0.978663, -0.007054, 0.114240, 0.031128, 0.992965),

              ["RightLowerArm"] = CFrame.new(-0.000001, 0.116420, 0.073235, 1.000000, 0.000000, -0.000000, 0.000000, 0.243633, -0.969868, -0.000000, 0.969868, 0.243632),

              ["RightLowerLeg"] = CFrame.new(0.000000, 0.125818, -0.102548, 1.000000, 0.000000, 0.000000, -0.000000, -0.061999, 0.998075, 0.000000, -0.998076, -0.062012),

              ["RightUpperArm"] = CFrame.new(-0.085440, -0.225246, 0.050145, 0.862646, -0.345144, -0.369754, 0.501174, 0.681969, 0.532675, 0.068312, -0.644821, 0.761275),

              ["RightUpperLeg"] = CFrame.new(-0.000000, 0.000000, 0.000000, 0.823348, 0.157481, 0.545252, 0.335223, -0.910177, -0.243340, 0.457955, 0.383115, -0.802175),

              ["UpperTorso"] = CFrame.new(-0.000000, -0.000000, 0.000001, 0.999880, -0.015384, -0.001775, 0.014463, 0.968650, -0.248007, 0.005534, 0.247951, 0.968757)

          }},

          {Time = 0.217, Data = {

              ["Head"] = CFrame.new(-0.000000, 0.000001, -0.000001, 0.999824, 0.004943, -0.018092, -0.011946, 0.911510, -0.411106, 0.014459, 0.411249, 0.911408),

              ["LeftFoot"] = CFrame.new(-0.000000, 0.029553, -0.000002, 0.999566, -0.022531, -0.018971, 0.010576, 0.875698, -0.482768, 0.027488, 0.482334, 0.875543),

              ["LeftHand"] = CFrame.new(0.000483, 0.026290, 0.000001, 0.999675, 0.021965, -0.012931, -0.023095, 0.995208, -0.095016, 0.010781, 0.095284, 0.995392),

              ["LeftLowerArm"] = CFrame.new(-0.000500, 0.118750, 0.113331, 1.000000, -0.000000, -0.000000, 0.000000, -0.172660, -0.984981, 0.000000, 0.984981, -0.172661),

              ["LeftLowerLeg"] = CFrame.new(-0.000000, 0.119403, -0.065521, 1.000000, -0.000000, -0.000000, 0.000000, 0.322289, 0.946646, -0.000000, -0.946641, 0.322275),

              ["LeftUpperArm"] = CFrame.new(-0.035065, -0.243260, -0.010510, 0.743699, 0.575191, -0.340686, -0.598365, 0.799990, 0.044453, 0.298114, 0.170795, 0.939126),

              ["LeftUpperLeg"] = CFrame.new(0.000000, 0.000002, -0.000101, 0.973830, -0.214643, -0.074730, -0.012059, 0.279521, -0.960058, 0.226959, 0.935840, 0.269637),

              ["LowerTorso"] = CFrame.new(-0.406957, -0.468428, 21.059145, 0.966176, 0.124113, 0.226051, -0.257693, 0.431064, 0.864742, 0.009883, -0.893745, 0.448466),

              ["RightFoot"] = CFrame.new(-0.000000, 0.030439, -0.000100, 0.990474, 0.105332, 0.088692, -0.134001, 0.885573, 0.444780, -0.031692, -0.452400, 0.891238),

              ["RightHand"] = CFrame.new(-0.000485, 0.022254, -0.000001, 0.971651, 0.204362, -0.118873, -0.216161, 0.971569, -0.096584, 0.095754, 0.119541, 0.988201),

              ["RightLowerArm"] = CFrame.new(-0.000001, 0.108865, 0.055521, 1.000000, 0.000000, 0.000000, -0.000000, 0.427534, -0.903999, -0.000000, 0.903999, 0.427534),

              ["RightLowerLeg"] = CFrame.new(0.000000, 0.121157, -0.070510, 1.000000, 0.000000, 0.000000, -0.000000, 0.271378, 0.962477, 0.000000, -0.962473, 0.271362),

              ["RightUpperArm"] = CFrame.new(-0.084674, -0.225032, 0.029970, 0.859906, -0.301826, -0.411658, 0.499083, 0.666394, 0.553928, 0.107137, -0.681778, 0.723672),

              ["RightUpperLeg"] = CFrame.new(0.000000, -0.000000, -0.000000, 0.825058, 0.101354, 0.555886, 0.321248, -0.893457, -0.313924, 0.464843, 0.437563, -0.769703),

              ["UpperTorso"] = CFrame.new(0.000000, 0.000000, 0.000000, 0.999880, -0.015384, -0.001775, 0.014463, 0.968650, -0.248007, 0.005534, 0.247951, 0.968757)

          }},

          {Time = 0.233, Data = {

              ["Head"] = CFrame.new(-0.000000, 0.000000, 0.000001, 0.999376, 0.016584, -0.031200, -0.028070, 0.908958, -0.415941, 0.021461, 0.416558, 0.908856),

              ["LeftFoot"] = CFrame.new(0.000000, 0.024251, -0.000002, 0.999892, 0.011228, 0.009454, -0.006850, 0.926594, -0.376024, -0.012982, 0.375896, 0.926562),

              ["LeftHand"] = CFrame.new(0.000483, 0.024478, -0.000002, 0.998913, -0.040359, 0.023340, 0.045378, 0.956505, -0.288168, -0.010694, 0.288912, 0.957295),

              ["LeftLowerArm"] = CFrame.new(-0.000499, 0.117863, 0.079477, 1.000000, -0.000000, 0.000000, 0.000000, 0.178919, -0.983864, 0.000000, 0.983864, 0.178919),

              ["LeftLowerLeg"] = CFrame.new(0.000000, 0.101830, -0.039427, 1.000000, -0.000000, -0.000000, 0.000000, 0.593572, 0.804787, -0.000000, -0.804781, 0.593564),

              ["LeftUpperArm"] = CFrame.new(-0.028613, -0.260832, -0.078604, 0.756603, 0.446733, -0.477475, -0.633509, 0.681647, -0.366092, 0.161923, 0.579471, 0.798746),

              ["LeftUpperLeg"] = CFrame.new(0.000000, 0.000004, -0.000101, 0.957360, -0.230246, -0.174502, 0.004961, 0.617018, -0.786920, 0.288856, 0.752513, 0.591866),

              ["LowerTorso"] = CFrame.new(-0.609570, -0.411545, 20.552740, 0.959994, 0.123209, 0.251458, -0.279991, 0.435480, 0.855548, -0.004094, -0.891727, 0.452556),

              ["RightFoot"] = CFrame.new(0.000000, 0.024100, -0.000102, 0.992031, 0.096377, 0.081151, -0.125191, 0.826512, 0.548847, -0.014174, -0.554608, 0.831975),

              ["RightHand"] = CFrame.new(-0.000487, 0.020032, 0.000002, 0.970499, 0.208417, -0.121219, -0.230035, 0.950997, -0.206614, 0.072216, 0.228402, 0.970885),

              ["RightLowerArm"] = CFrame.new(-0.000000, 0.099631, 0.042384, 1.000000, 0.000000, 0.000000, -0.000000, 0.563888, -0.825851, -0.000000, 0.825851, 0.563889),

              ["RightLowerLeg"] = CFrame.new(-0.000000, 0.100432, -0.038306, 1.000000, 0.000000, 0.000000, -0.000000, 0.606233, 0.795293, 0.000000, -0.795287, 0.606225),

              ["RightUpperArm"] = CFrame.new(-0.085267, -0.223417, 0.017211, 0.859645, -0.250179, -0.445444, 0.493854, 0.630211, 0.599119, 0.130837, -0.735013, 0.665309),

              ["RightUpperLeg"] = CFrame.new(0.000000, 0.000002, 0.000001, 0.837679, -0.004017, 0.546147, 0.304621, -0.826553, -0.473324, 0.453321, 0.562845, -0.691150),

              ["UpperTorso"] = CFrame.new(0.000000, 0.000000, 0.000000, 0.999880, -0.015384, -0.001775, 0.014463, 0.968650, -0.248007, 0.005534, 0.247951, 0.968757)

          }},

          {Time = 0.250, Data = {

              ["Head"] = CFrame.new(0.000000, -0.000000, 0.000002, 0.998583, 0.028281, -0.045087, -0.044654, 0.906138, -0.420619, 0.028959, 0.422037, 0.906116),

              ["LeftFoot"] = CFrame.new(-0.000000, 0.014063, -0.000002, 0.999374, 0.027065, 0.022790, -0.023524, 0.989380, -0.143449, -0.026429, 0.142810, 0.989395),

              ["LeftHand"] = CFrame.new(0.000484, 0.021690, -0.000001, 0.999485, -0.027864, 0.015910, 0.031928, 0.912872, -0.406999, -0.003183, 0.407295, 0.913290),

              ["LeftLowerArm"] = CFrame.new(-0.000501, 0.105925, 0.050885, 1.000000, -0.000000, 0.000000, -0.000000, 0.475681, -0.879618, 0.000000, 0.879618, 0.475681),

              ["LeftLowerLeg"] = CFrame.new(-0.000000, 0.070852, -0.017913, 1.000000, -0.000000, -0.000000, 0.000000, 0.816724, 0.577027, -0.000000, -0.577029, 0.816725),

              ["LeftUpperArm"] = CFrame.new(-0.042400, -0.280165, -0.094951, 0.729029, 0.329056, -0.600199, -0.672174, 0.509712, -0.537006, 0.129223, 0.794931, 0.592778),

