return {
    ["Good Luck, Girl!"] = {
        {Time = 0.000, Data = {
            ["RightFoot"] = CFrame.new(1.862645149230957e-08, 1.7881393432617188e-07, 4.170942702330649e-08, 0.9791151285171509, -0.06034855172038078, 0.19414420425891876, 0.12047924846410751, 0.9414233565330505, -0.31497058272361755, -0.16376353800296783, 0.33178335428237915, 0.9290326237678528),
            ["LeftLowerArm"] = CFrame.new(-1.7881393432617188e-07, -5.960464477539063e-08, -4.470348358154297e-08, 1, 4.395846815441473e-07, 3.725288078015865e-09, 5.960465898624534e-08, -0.4396153688430786, -0.8981863856315613, 6.74277714551863e-07, 0.898186206817627, -0.4396149516105652),
            ["RightUpperArm"] = CFrame.new(0.005310773849487305, -0.05081367492675781, 0.004933148622512817, 0.8634231090545654, -0.42741864919662476, -0.26798146963119507, 0.44256171584129333, 0.8967275619506836, -0.004328088369220495, 0.24215617775917053, -0.11486155539751053, 0.9634144306182861),
            ["Head"] = CFrame.new(1.5832483768463135e-08, -1.1920928955078125e-07, -3.4458935260772705e-08, 0.8135793805122375, -0.19121702015399933, 0.5491124391555786, 0.14989124238491058, 0.9814322590827942, 0.11968040466308594, -0.5618019104003906, -0.015062440186738968, 0.827134907245636),
            ["RightHand"] = CFrame.new(-2.384185791015625e-07, -2.980232238769531e-07, 1.1920928955078125e-07, 0.8620306253433228, 0.04284286871552467, 0.505042552947998, -0.13796907663345337, 0.9786297082901001, 0.15247498452663422, -0.4877169728279114, -0.2011178582906723, 0.8495196104049683),
            ["UpperTorso"] = CFrame.new(-1.4156103134155273e-07, 2.086162567138672e-07, 2.2351741790771484e-08, 0.517699658870697, 0.26082953810691833, -0.8148342370986938, -0.4194563329219818, 0.9074586629867554, 0.023979932069778442, 0.7456833124160767, 0.32937315106391907, 0.5791977643966675),
            ["HumanoidRootPart"] = CFrame.new(0, 0, 0, 1, 0, 0, 0, 1, 0, 0, 0, 1),
            ["RightUpperLeg"] = CFrame.new(-1.7881393432617188e-07, 1.564621925354004e-07, -6.438858690671623e-08, 0.5866665840148926, 0.26166701316833496, -0.7663893103599548, -0.5252709984779358, 0.8432387709617615, -0.11418641358613968, 0.6163706183433533, 0.4695517420768738, 0.6321462988853455),
            ["LeftUpperArm"] = CFrame.new(-0.002677440643310547, 0.025618314743041992, -0.0024871826171875, 0.517531156539917, 0.6346123218536377, -0.5739588141441345, -0.7819141149520874, 0.6231806874275208, -0.016006238758563995, 0.3475223481655121, 0.4570702016353607, 0.8187277317047119),
            ["RightLowerArm"] = CFrame.new(0, 1.1920928955078125e-07, -1.4901161193847656e-08, 1, 3.6088771082631865e-08, -4.470348358154297e-08, 1.192093463942001e-07, 0.933659553527832, -0.3581618368625641, -6.705525379402388e-08, 0.35816189646720886, 0.933659553527832),
            ["LeftHand"] = CFrame.new(4.470348358154297e-07, 0, 8.940696716308594e-08, 0.7883449792861938, 0.14481665194034576, -0.5979465842247009, -0.3094690442085266, 0.9333372116088867, -0.18196432292461395, 0.531734049320221, 0.3284965455532074, 0.780608057975769),
            ["LeftFoot"] = CFrame.new(4.0978193283081055e-08, -5.960464477539063e-08, -3.204831955372356e-09, 0.8687529563903809, -0.25210335850715637, -0.4262774884700775, -0.15114091336727142, 0.6847130656242371, -0.7129688262939453, 0.47161927819252014, 0.6838216781616211, 0.5567432641983032),
            ["LowerTorso"] = CFrame.new(-0.2658926844596863, -0.28563177585601807, -0.16257840394973755, 0.9136630296707153, -0.32532328367233276, 0.2436896562576294, 0.28296515345573425, 0.9394598007202148, 0.19325125217437744, -0.29180577397346497, -0.10761082917451859, 0.9504048228263855),
            ["RightLowerLeg"] = CFrame.new(-7.450580596923828e-08, 0, -6.038317224010825e-08, 1, -5.066392532171449e-07, -7.152560783652007e-07, 4.3958451101389073e-07, 0.803975522518158, 0.5946623086929321, -3.427269064104621e-07, -0.5946624279022217, 0.8039755821228027),
            ["LeftUpperLeg"] = CFrame.new(2.9802322387695312e-08, 2.3387838155031204e-07, 2.7939677238464355e-08, 0.7290155291557312, 0.4349101483821869, 0.5285729765892029, -0.2367207407951355, 0.8847464323043823, -0.4014809727668762, -0.6422615051269531, 0.16756172478199005, 0.7479462623596191),
            ["LeftLowerLeg"] = CFrame.new(-5.587935447692871e-08, -5.960464477539063e-08, -7.94206300724909e-08, 1, -1.4901162614933128e-07, -3.874302478834579e-07, 5.923212142988632e-07, 0.46668732166290283, 0.8844224214553833, 3.3527616238870905e-08, -0.8844224214553833, 0.46668750047683716),
        }},
        {Time = 0.033, Data = {
            ["RightFoot"] = CFrame.new(-1.862645149230957e-08, 4.76837158203125e-07, -3.6521669244393706e-08, 0.9763126969337463, -0.0604725107550621, 0.2077423483133316, 0.13577617704868317, 0.9187974333763123, -0.3706425428390503, -0.1684591919183731, 0.3900698125362396, 0.9052442908287048),
            ["LeftLowerArm"] = CFrame.new(-4.172325134277344e-07, 1.1920928955078125e-07, 4.470348358154297e-08, 1, 2.700834897950699e-07, 5.08501841522957e-07, -1.2665992699112394e-07, -0.482198566198349, -0.8760615587234497, 2.961607208362693e-07, 0.8760619163513184, -0.4821992516517639),
            ["RightUpperArm"] = CFrame.new(0.005835533142089844, -0.052848219871520996, 0.005437672138214111, 0.8652447462081909, -0.4114421308040619, -0.2864733338356018, 0.4323669373989105, 0.9016315340995789, 0.010938846506178379, 0.25379228591918945, -0.13332635164260864, 0.9580257534980774),
            ["Head"] = CFrame.new(-5.122274160385132e-08, -3.5762786865234375e-07, 9.313225746154785e-09, 0.8214859962463379, -0.2108290195465088, 0.5298221707344055, 0.16776417195796967, 0.9773764610290527, 0.1288045346736908, -0.5449916124343872, -0.016925901174545288, 0.8382707238197327),
            ["RightHand"] = CFrame.new(1.7881393432617188e-07, 0, 7.644625506630354e-20, 0.8640193939208984, 0.04404224082827568, 0.5015285611152649, -0.145543172955513, 0.9754832983016968, 0.1650744527578354, -0.48196232318878174, -0.21562154591083527, 0.8492465019226074),
            ["UpperTorso"] = CFrame.new(4.470348358154297e-08, 1.1920928955078125e-07, -5.960464477539063e-08, 0.5783321261405945, 0.23516389727592468, -0.7811719179153442, -0.4099225699901581, 0.9116581082344055, -0.029036279767751694, 0.7053335309028625, 0.33701252937316895, 0.6236405372619629),
            ["HumanoidRootPart"] = CFrame.new(0, 0, 0, 1, 0, 0, 0, 1, 0, 0, 0, 1),
            ["RightUpperLeg"] = CFrame.new(0, 1.7136335372924805e-07, -1.3144381227903068e-07, 0.6245139241218567, 0.1936669945716858, -0.756621241569519, -0.49689364433288574, 0.8459394574165344, -0.1936059445142746, 0.6025604605674744, 0.49686992168426514, 0.6245327591896057),
            ["LeftUpperArm"] = CFrame.new(-0.0025368928909301758, 0.022974848747253418, -0.0023639798164367676, 0.49920088052749634, 0.7499933242797852, -0.4339456260204315, -0.8137462139129639, 0.5778418779373169, 0.06257633119821548, 0.2976837158203125, 0.3218832314014435, 0.8987632393836975),
            ["RightLowerArm"] = CFrame.new(-1.1920928955078125e-07, 5.960464477539062e-07, 2.086162567138672e-07, 1, -8.707872467539346e-08, 6.70552680048786e-08, 1.192093321833454e-07, 0.9374055862426758, -0.34823936223983765, 7.450583439094771e-08, 0.3482394814491272, 0.9374056458473206),
            ["LeftHand"] = CFrame.new(3.8743019104003906e-07, 0, -4.470348358154297e-08, 0.9145336151123047, -0.05693872645497322, -0.4004831612110138, -0.07985061407089233, 0.9451517462730408, -0.31672072410583496, 0.39655041694641113, 0.3216308355331421, 0.8598262667655945),
            ["LeftFoot"] = CFrame.new(3.725290298461914e-09, -1.1920928955078125e-07, 5.639981282001827e-08, 0.8697858452796936, -0.20867252349853516, -0.44713354110717773, -0.15041187405586243, 0.7509205937385559, -0.643035352230072, 0.46994560956954956, 0.6265573501586914, 0.6217532753944397),
            ["LowerTorso"] = CFrame.new(-0.3037060499191284, -0.2946549654006958, -0.16980616748332977, 0.9345773458480835, -0.2875770628452301, 0.20943890511989594, 0.2488626092672348, 0.9491596817970276, 0.19277790188789368, -0.25422945618629456, -0.12804435193538666, 0.9586303234100342),
            ["RightLowerLeg"] = CFrame.new(5.21540641784668e-08, 1.1920928955078125e-07, -6.038317224010825e-08, 1, -5.06639594277658e-07, -4.1723265553628153e-07, 7.189807433860551e-07, 0.7501120567321777, 0.6613103747367859, -6.705520405603238e-08, -0.6613107919692993, 0.7501124143600464),
            ["LeftUpperLeg"] = CFrame.new(8.940696716308594e-08, 1.9045546650886536e-07, -2.2351741790771484e-08, 0.7230262756347656, 0.3885834217071533, 0.5711705684661865, -0.19266927242279053, 0.9074212908744812, -0.37345051765441895, -0.6634091138839722, 0.15996740758419037, 0.7309575080871582),
            ["LeftLowerLeg"] = CFrame.new(-1.6763806343078613e-08, -2.384185791015625e-07, -3.657979164017888e-08, 1, -1.9371513815258368e-07, -4.6938663444962003e-07, 5.625187213809113e-07, 0.452398419380188, 0.8918159604072571, 8.754430069757291e-08, -0.8918160796165466, 0.45239853858947754),
        }},
        {Time = 0.067, Data = {
            ["RightFoot"] = CFrame.new(-7.450580596923828e-09, 3.5762786865234375e-07, 1.1907104635611176e-08, 0.9740473628044128, -0.060034893453121185, 0.21823750436306, 0.14722014963626862, 0.900404155254364, -0.4093876779079437, -0.17192427814006805, 0.43089255690574646, 0.8858747482299805),
            ["LeftLowerArm"] = CFrame.new(6.854534149169922e-07, -2.384185791015625e-07, 2.7939677238464355e-07, 1, 9.3132300094112e-08, 0, 1.937151665742931e-07, -0.5115318894386292, -0.8592643737792969, 3.1478714390686946e-07, 0.8592643737792969, -0.5115317702293396),
            ["RightUpperArm"] = CFrame.new(0.005897402763366699, -0.051725029945373535, 0.005549073219299316, 0.8671402931213379, -0.38845959305763245, -0.3117159605026245, 0.4171316623687744, 0.9084041118621826, 0.02833803929388523, 0.2721558213233948, -0.15460026264190674, 0.949752688407898),
            ["Head"] = CFrame.new(-7.450580596923828e-09, -1.1920928955078125e-07, 8.614733815193176e-08, 0.8320761919021606, -0.22964905202388763, 0.5048866868019104, 0.18485622107982635, 0.9730373620986938, 0.1379368156194687, -0.5229507088661194, -0.021442843601107597, 0.8520933389663696),
            ["RightHand"] = CFrame.new(1.1920928955078125e-07, 0, -2.384185791015625e-07, 0.8663139939308167, 0.04393491894006729, 0.49756383895874023, -0.14923875033855438, 0.9733908772468567, 0.1738908737897873, -0.4766841232776642, -0.2248997837305069, 0.8498189449310303),
            ["UpperTorso"] = CFrame.new(0, 5.960464477539063e-08, -3.725290298461914e-08, 0.6520453095436096, 0.2067050337791443, -0.7294586896896362, -0.38682064414024353, 0.9181745052337646, -0.08558826893568039, 0.6520788669586182, 0.3379773795604706, 0.6786491870880127),
            ["HumanoidRootPart"] = CFrame.new(0, 0, 0, 1, 0, 0, 0, 1, 0, 0, 0, 1),
            ["RightUpperLeg"] = CFrame.new(-2.9802322387695312e-08, 2.0116567611694336e-07, -2.3410393623635173e-08, 0.6709269881248474, 0.12113161385059357, -0.7315627336502075, -0.45831429958343506, 0.8433026671409607, -0.2806933522224426, 0.5829280614852905, 0.5236102938652039, 0.6213109493255615),
            ["LeftUpperArm"] = CFrame.new(-0.00244140625, 0.02141273021697998, -0.0022969692945480347, 0.4545169770717621, 0.8624555468559265, -0.22267696261405945, -0.875880241394043, 0.4782143831253052, 0.06438098102807999, 0.16201339662075043, 0.16577596962451935, 0.972764253616333),
            ["RightLowerArm"] = CFrame.new(5.960464477539063e-08, 7.152557373046875e-07, -6.705522537231445e-08, 1, 1.3038520485508798e-08, 1.5646223516796454e-07, 1.5646226358967397e-07, 0.9392809867858887, -0.34314900636672974, 2.0302842074215732e-07, 0.34314918518066406, 0.9392809867858887),
            ["LeftHand"] = CFrame.new(8.940696716308594e-08, -1.1920928955078125e-07, 7.644625506630354e-20, 0.9464328289031982, -0.2982851266860962, -0.12365639209747314, 0.2323482632637024, 0.8950375318527222, -0.38068675994873047, 0.2242303192615509, 0.3315628170967102, 0.916398823261261),
            ["LeftFoot"] = CFrame.new(-1.0058283805847168e-07, 1.1920928955078125e-07, 4.149865162617061e-08, 0.8740184903144836, -0.15699733793735504, -0.4598299264907837, -0.14168965816497803, 0.8228790760040283, -0.5502670407295227, 0.4647749066352844, 0.5460968613624573, 0.696966826915741),
            ["LowerTorso"] = CFrame.new(-0.34719139337539673, -0.2976342439651489, -0.17758974432945251, 0.9559212923049927, -0.24037158489227295, 0.16863006353378296, 0.20808187127113342, 0.9597702622413635, 0.18852879106998444, -0.20716308057308197, -0.14512981474399567, 0.9674816727638245),
            ["RightLowerLeg"] = CFrame.new(2.2351741790771484e-08, 1.1920928955078125e-07, 1.3333192327991128e-07, 1, -4.3213361777816317e-07, -4.768372718899627e-07, 6.692716851830482e-07, 0.694172203540802, 0.71980881690979, -1.30385160446167e-07, -0.7198089957237244, 0.6941723823547363),
            ["LeftUpperLeg"] = CFrame.new(-5.960464477539063e-08, 1.0058283805847168e-07, -7.450580596923828e-09, 0.7091185450553894, 0.33534592390060425, 0.6202370524406433, -0.14263108372688293, 0.929695725440979, -0.3395915925502777, -0.6905123591423035, 0.15234540402889252, 0.7070951461791992),
            ["LeftLowerLeg"] = CFrame.new(-6.146728992462158e-08, -1.1920928955078125e-07, -1.0549766216172429e-07, 1, -2.3841863594498136e-07, -5.215407554715057e-07, 4.470349495022674e-07, 0.43540337681770325, 0.9002354741096497, -1.210719613453648e-08, -0.9002354741096497, 0.43540358543395996),
        }},
        {Time = 0.100, Data = {
            ["RightFoot"] = CFrame.new(4.0978193283081055e-08, 3.5762786865234375e-07, 4.916000762023032e-08, 0.9722979664802551, -0.059973351657390594, 0.2259204089641571, 0.1554848998785019, 0.887622058391571, -0.433533251285553, -0.17453129589557648, 0.45665138959884644, 0.8723583221435547),
            ["LeftLowerArm"] = CFrame.new(2.980232238769531e-07, 1.1920928955078125e-07, -7.644625506630354e-20, 1, -2.9802322387695312e-08, 1.601873833578793e-07, 1.6763797816565784e-07, -0.5283040404319763, -0.8490554094314575, 1.0058278832048018e-07, 0.8490552306175232, -0.528303861618042),
            ["RightUpperArm"] = CFrame.new(0.005515336990356445, -0.04812431335449219, 0.005347743630409241, 0.869098424911499, -0.36056771874427795, -0.3386138081550598, 0.3980925679206848, 0.9161823391914368, 0.04617618769407272, 0.2935819625854492, -0.1749315708875656, 0.939791738986969),
            ["Head"] = CFrame.new(-2.0721927285194397e-08, 0, -4.237517714500427e-08, 0.842840313911438, -0.24794287979602814, 0.4776451289653778, 0.2021128386259079, 0.9684105515480042, 0.14605335891246796, -0.49876922369003296, -0.02656136266887188, 0.866327702999115),
            ["RightHand"] = CFrame.new(5.960464477539063e-08, 2.384185791015625e-07, -5.960464477539063e-08, 0.8684359788894653, 0.043393123894929886, 0.49389874935150146, -0.1512027531862259, 0.97188800573349, 0.1804751306772232, -0.47218284010887146, -0.23141039907932281, 0.8505838513374329),
            ["UpperTorso"] = CFrame.new(-3.725290298461914e-09, 5.960464477539063e-08, 9.685754776000977e-08, 0.7288762927055359, 0.16892953217029572, -0.6634772419929504, -0.3453439772129059, 0.927480936050415, -0.14323639869689941, 0.5911656618118286, 0.33352935314178467, 0.7343578338623047),
            ["HumanoidRootPart"] = CFrame.new(0, 0, 0, 1, 0, 0, 0, 1, 0, 0, 0, 1),
            ["RightUpperLeg"] = CFrame.new(-2.9802322387695312e-08, -5.4016709327697754e-08, 1.943044480867684e-08, 0.7212465405464172, 0.04338034614920616, -0.6913183331489563, -0.40781641006469727, 0.8333203196525574, -0.3731800615787506, 0.5599011778831482, 0.5510858297348022, 0.6187208890914917),
            ["LeftUpperArm"] = CFrame.new(-0.0024373531341552734, 0.021265029907226562, -0.0023630112409591675, 0.3937385380268097, 0.9192001223564148, -0.00643561827018857, -0.9189943671226501, 0.39347511529922485, -0.025035526603460312, -0.02048051729798317, 0.01577155850827694, 0.9996658563613892),
            ["RightLowerArm"] = CFrame.new(-1.1920928955078125e-07, -2.384185791015625e-07, -7.644625506630354e-20, 1, -5.960465898624534e-08, 7.450585037815927e-09, 2.533197118737007e-07, 0.9404762387275696, -0.3398589491844177, 1.2060625920184975e-07, 0.3398595154285431, 0.9404764771461487),
            ["LeftHand"] = CFrame.new(3.129243850708008e-07, -1.1920928955078125e-07, -5.960464477539063e-08, 0.8436205983161926, -0.5203614830970764, 0.13239312171936035, 0.5325009226799011, 0.7791760563850403, -0.33064761757850647, 0.06889853626489639, 0.34944042563438416, 0.934421956539154),
            ["LeftFoot"] = CFrame.new(-9.685754776000977e-08, 1.7881393432617188e-07, 3.4048071029246785e-08, 0.8833066821098328, -0.14347390830516815, -0.44630157947540283, -0.1138547956943512, 0.8578577041625977, -0.5011160969734192, 0.4547596871852875, 0.49345260858535767, 0.7414159774780273),
            ["LowerTorso"] = CFrame.new(-0.3921472430229187, -0.2932502031326294, -0.18370556831359863, 0.9753025770187378, -0.18147127330303192, 0.12590932846069336, 0.15713371336460114, 0.9706869721412659, 0.18186789751052856, -0.1552223265171051, -0.15759162604808807, 0.9752286672592163),
            ["RightLowerLeg"] = CFrame.new(1.1920928955078125e-07, 1.1920928955078125e-07, 1.412263372913003e-08, 1, -2.384184938364342e-07, -6.482007961494674e-07, 6.370250389409193e-07, 0.6383877992630005, 0.7697147727012634, -1.8626462860993342e-07, -0.7697149515151978, 0.6383879780769348),
            ["LeftUpperLeg"] = CFrame.new(-5.960464477539063e-08, -1.5459954738616943e-07, 1.4901161193847656e-08, 0.6995388865470886, 0.272282212972641, 0.6606873869895935, -0.09207996726036072, 0.9512007832527161, -0.2945137321949005, -0.7086372971534729, 0.145187646150589, 0.6904736161231995),
            ["LeftLowerLeg"] = CFrame.new(-5.960464477539063e-08, -5.960464477539063e-08, 9.753065910445002e-08, 1, -1.4901162614933128e-07, -4.023314090773056e-07, 5.252661594568053e-07, 0.42671093344688416, 0.9043881893157959, -5.727636676056136e-08, -0.9043881893157959, 0.42671093344688416),
        }},
        {Time = 0.133, Data = {
            ["RightFoot"] = CFrame.new(2.9802322387695312e-08, 2.384185791015625e-07, 2.5938788894563913e-09, 0.9710478186607361, -0.060927197337150574, 0.23098543286323547, 0.16156934201717377, 0.8797293305397034, -0.44718101620674133, -0.1759590059518814, 0.47155502438545227, 0.8641036152839661),
            ["LeftLowerArm"] = CFrame.new(-2.9802322387695312e-08, -2.384185791015625e-07, -5.960464477539063e-08, 1, 3.2782563152977673e-07, 2.8312186373113946e-07, -7.450579175838357e-08, -0.5336812138557434, -0.8456863760948181, 3.129242998056725e-07, 0.8456857800483704, -0.5336803197860718),
            ["RightUpperArm"] = CFrame.new(0.004798293113708496, -0.04306209087371826, 0.004951074719429016, 0.8714945316314697, -0.3308143615722656, -0.3620213568210602, 0.37690332531929016, 0.9241167306900024, 0.06286386400461197, 0.31375354528427124, -0.19123299419879913, 0.9300477504730225),
            ["Head"] = CFrame.new(-1.0477378964424133e-08, 0, -2.0489096641540527e-08, 0.8513929843902588, -0.2662489116191864, 0.45193058252334595, 0.22051706910133362, 0.9634405970573425, 0.15216557681560516, -0.4759226143360138, -0.029894361272454262, 0.8789792656898499),
            ["RightHand"] = CFrame.new(-5.960464477539063e-08, 1.1920928955078125e-07, -5.960464477539063e-08, 0.8699044585227966, 0.04334401711821556, 0.49131202697753906, -0.15362727642059326, 0.9703885316848755, 0.18639986217021942, -0.4686843156814575, -0.23762881755828857, 0.8508041501045227),
            ["UpperTorso"] = CFrame.new(5.029141902923584e-08, 3.5762786865234375e-07, 5.21540641784668e-08, 0.7995997071266174, 0.11500230431556702, -0.5894187688827515, -0.2818234860897064, 0.9385610222816467, -0.1991949826478958, 0.5302979350090027, 0.32538849115371704, 0.7828838229179382),
            ["HumanoidRootPart"] = CFrame.new(0, 0, 0, 1, 0, 0, 0, 1, 0, 0, 0, 1),
            ["RightUpperLeg"] = CFrame.new(0, 1.778826117515564e-07, -2.8067006496712565e-08, 0.7706319689750671, -0.042297422885894775, -0.6358751654624939, -0.34382736682891846, 0.8125188946723938, -0.47073981165885925, 0.5365718007087708, 0.5813984274864197, 0.6116101145744324),
            ["LeftUpperArm"] = CFrame.new(-0.0025120973587036133, 0.02254462242126465, -0.0025920867919921875, 0.32881680130958557, 0.9364452362060547, 0.12226983904838562, -0.9241613149642944, 0.34571966528892517, -0.16249243915081024, -0.19443626701831818, -0.059567272663116455, 0.9791048169136047),
            ["RightLowerArm"] = CFrame.new(-5.960464477539063e-08, 3.5762786865234375e-07, -9.12696123123169e-08, 1, 7.264320345257147e-08, 1.7881399116959074e-07, 2.160669083650646e-07, 0.9420387148857117, -0.3355039060115814, 5.826588989066295e-08, 0.33550429344177246, 0.9420388340950012),
            ["LeftHand"] = CFrame.new(1.4901161193847656e-07, 0, 4.470348358154297e-08, 0.6859314441680908, -0.6710605621337891, 0.28138116002082825, 0.7274363040924072, 0.6420924663543701, -0.24198037385940552, -0.01828959584236145, 0.37066835165023804, 0.9285851120948792),
            ["LeftFoot"] = CFrame.new(-7.078051567077637e-08, 1.1920928955078125e-07, -1.0655412552296184e-08, 0.8940442204475403, -0.1338803917169571, -0.42750611901283264, -0.08268028497695923, 0.8885917663574219, -0.4511859118938446, 0.44028282165527344, 0.43872639536857605, 0.7833707332611084),
            ["LowerTorso"] = CFrame.new(-0.43479225039482117, -0.2823542356491089, -0.18615186214447021, 0.9903250336647034, -0.10874276608228683, 0.08620595186948776, 0.09249813854694366, 0.9803792834281921, 0.17407076060771942, -0.10344347357749939, -0.164412721991539, 0.9809525609016418),
            ["RightLowerLeg"] = CFrame.new(-3.725290298461914e-08, -1.7881393432617188e-07, 6.6720531322062016e-09, 1, -3.5762769812208717e-07, -6.109478363214293e-07, 7.301570121853729e-07, 0.5805559754371643, 0.8142200708389282, -3.054738328955864e-07, -0.8142203092575073, 0.5805563926696777),
            ["LeftUpperLeg"] = CFrame.new(0, 2.7008354663848877e-07, 2.9802322387695312e-08, 0.7075905203819275, 0.21837761998176575, 0.672031819820404, -0.041038814932107925, 0.9621426463127136, -0.26943907141685486, -0.7054300904273987, 0.16307300329208374, 0.6897650361061096),
            ["LeftLowerLeg"] = CFrame.new(-1.1920928955078125e-07, -3.5762786865234375e-07, -9.24591461171076e-08, 1, -6.705523247774181e-08, -4.3213367462158203e-07, 5.960466751275817e-07, 0.4061431884765625, 0.9138093590736389, 1.4249241075958707e-07, -0.9138094782829285, 0.4061433672904968),
        }},
        {Time = 0.167, Data = {
            ["RightFoot"] = CFrame.new(2.60770320892334e-08, 2.384185791015625e-07, -2.4414475774392486e-08, 0.9701829552650452, -0.061296235769987106, 0.2344953417778015, 0.16593238711357117, 0.8731868267059326, -0.4582693576812744, -0.17666789889335632, 0.48351579904556274, 0.8573221564292908),
            ["LeftLowerArm"] = CFrame.new(-1.1920928955078125e-07, 0, 1.1920928955078125e-07, 1, 1.6391282997574308e-07, -2.1234147595805553e-07, 3.27825517842939e-07, -0.5308802723884583, -0.8474470973014832, 4.2468303718123934e-07, 0.847446858882904, -0.5308799147605896),
            ["RightUpperArm"] = CFrame.new(0.003756999969482422, -0.03645777702331543, 0.004360601305961609, 0.8745307326316833, -0.29874518513679504, -0.3820306360721588, 0.3534344732761383, 0.9320113658905029, 0.08024342358112335, 0.3320848047733307, -0.20519833266735077, 0.9206593036651611),
            ["Head"] = CFrame.new(-9.755603969097137e-08, 0, 5.122274160385132e-09, 0.8575276732444763, -0.285616397857666, 0.42786628007888794, 0.2410123348236084, 0.9578437805175781, 0.15635985136032104, -0.45448794960975647, -0.030961714684963226, 0.8902146816253662),
            ["RightHand"] = CFrame.new(-2.9802322387695312e-08, -5.960464477539063e-08, -5.960464477539063e-08, 0.8706952333450317, 0.043242115527391434, 0.48991841077804565, -0.15648621320724487, 0.9687178134918213, 0.19260850548744202, -0.46626394987106323, -0.244368776679039, 0.8502247333526611),
            ["UpperTorso"] = CFrame.new(-4.0046870708465576e-08, -1.7881393432617188e-07, 7.264316082000732e-08, 0.8630619049072266, 0.03285333141684532, -0.5040289163589478, -0.1850190907716751, 0.9490882158279419, -0.25495028495788574, 0.46999168395996094, 0.31329265236854553, 0.8252002000808716),
            ["HumanoidRootPart"] = CFrame.new(0, 0, 0, 1, 0, 0, 0, 1, 0, 0, 0, 1),
            ["RightUpperLeg"] = CFrame.new(-2.9802322387695312e-08, -2.0183506421744823e-07, 3.328386810608208e-08, 0.8186089396476746, -0.14450669288635254, -0.5558753609657288, -0.25615209341049194, 0.7743922472000122, -0.5785350799560547, 0.5140677094459534, 0.6159826517105103, 0.5969085693359375),
            ["LeftUpperArm"] = CFrame.new(-0.002593517303466797, 0.025165319442749023, -0.003009885549545288, 0.248909130692482, 0.9545505046844482, 0.16394364833831787, -0.9014826416969299, 0.2902192771434784, -0.32109448313713074, -0.35408082604408264, -0.0678686872124672, 0.9327490329742432),
            ["RightLowerArm"] = CFrame.new(-5.960464477539063e-08, 0, -8.754432201385498e-08, 1, -1.3038525992215e-07, 2.2351754580540728e-07, 9.685759039257391e-08, 0.9441283345222473, -0.32957756519317627, 1.6903513255783764e-07, 0.3295780122280121, 0.9441285133361816),
            ["LeftHand"] = CFrame.new(3.2782554626464844e-07, 0, -5.960464477539063e-08, 0.5529428124427795, -0.7545415163040161, 0.3534412086009979, 0.8320379257202148, 0.5226017236709595, -0.18601451814174652, -0.044353071600198746, 0.39693158864974976, 0.9167758822441101),
            ["LeftFoot"] = CFrame.new(-3.725290298461914e-08, 0, 7.130097401386593e-08, 0.9036246538162231, -0.11296269297599792, -0.413161039352417, -0.04817093163728714, 0.931675136089325, -0.36008480191230774, 0.42560794949531555, 0.3452838957309723, 0.8364430665969849),
            ["LowerTorso"] = CFrame.new(-0.4757567048072815, -0.2653716802597046, -0.1853734850883484, 0.9986904263496399, -0.012454750016331673, 0.0496218204498291, 0.004146893043071032, 0.9864305257797241, 0.16412705183029175, -0.050992634147405624, -0.16370633244514465, 0.9851903319358826),
            ["RightLowerLeg"] = CFrame.new(-7.450580596923828e-09, 0, -1.5679688658565283e-08, 1, -2.980231954552437e-07, -5.513429641723633e-07, 7.003548034845153e-07, 0.5127290487289429, 0.8585501909255981, -7.450583439094771e-08, -0.8585504293441772, 0.5127296447753906),
            ["LeftUpperLeg"] = CFrame.new(-1.1920928955078125e-07, -2.468004822731018e-07, 1.862645149230957e-08, 0.7466972470283508, 0.16621260344982147, 0.6440626382827759, 0.01695030927658081, 0.9632071256637573, -0.2682255506515503, -0.664948046207428, 0.21120025217533112, 0.7164066433906555),
            ["LeftLowerLeg"] = CFrame.new(4.470348358154297e-08, -2.980232238769531e-07, 8.635478820906428e-08, 1, 1.1175870895385742e-08, -5.140899475009064e-07, 4.302710294723511e-07, 0.3819178640842438, 0.924196183681488, -2.7008354663848877e-08, -0.9241963028907776, 0.3819180727005005),
        }},
        {Time = 0.200, Data = {
            ["RightFoot"] = CFrame.new(-2.60770320892334e-08, 4.76837158203125e-07, 1.8426362657919526e-08, 0.970098078250885, -0.058106839656829834, 0.23565548658370972, 0.16552378237247467, 0.8684950470924377, -0.4672449827194214, -0.17751531302928925, 0.49228036403656006, 0.8521435856819153),
            ["LeftLowerArm"] = CFrame.new(1.1920928955078125e-07, 3.5762786865234375e-07, 3.2782554626464844e-07, 1, 1.341104365337742e-07, 1.6391268786719593e-07, 8.195639367158947e-08, -0.519271731376648, -0.854608952999115, 3.427267358802055e-07, 0.8546091914176941, -0.5192722678184509),
            ["RightUpperArm"] = CFrame.new(0.0025690793991088867, -0.02849125862121582, 0.003522634506225586, 0.8777390718460083, -0.2628067433834076, -0.40063291788101196, 0.3261227309703827, 0.9402649998664856, 0.09770192205905914, 0.3510245680809021, -0.2164127081632614, 0.9110146760940552),
            ["Head"] = CFrame.new(1.1525116860866547e-07, 0, -2.7474015951156616e-08, 0.8622466325759888, -0.3055669963359833, 0.4039299786090851, 0.26280441880226135, 0.9516696929931641, 0.1589301973581314, -0.43297189474105835, -0.030882492661476135, 0.9008783102035522),
            ["RightHand"] = CFrame.new(-1.1920928955078125e-07, 2.980232238769531e-07, 2.384185791015625e-07, 0.8710392713546753, 0.04286741092801094, 0.4893394410610199, -0.15885618329048157, 0.967236340045929, 0.19803687930107117, -0.46481767296791077, -0.2502325475215912, 0.8493104577064514),
            ["UpperTorso"] = CFrame.new(-1.1757947504520416e-08, -1.7881393432617188e-07, 0, 0.9123871922492981, -0.07143562287092209, -0.40304702520370483, -0.05751541256904602, 0.952511727809906, -0.29902100563049316, 0.4052676260471344, 0.2960043251514435, 0.8649507164955139),
            ["HumanoidRootPart"] = CFrame.new(0, 0, 0, 1, 0, 0, 0, 1, 0, 0, 0, 1),
            ["RightUpperLeg"] = CFrame.new(0, -7.776543498039246e-08, 1.7742422642186284e-08, 0.8602736592292786, -0.25275468826293945, -0.442768931388855, -0.14335452020168304, 0.7135016322135925, -0.6858314871788025, 0.4892634153366089, 0.6534757018089294, 0.577573299407959),
            ["LeftUpperArm"] = CFrame.new(-0.002572178840637207, 0.0285261869430542, -0.0035269856452941895, 0.1547597199678421, 0.9721963405609131, 0.1757376790046692, -0.841582179069519, 0.22290177643299103, -0.4919898509979248, -0.5174832344055176, -0.07175745069980621, 0.8526794910430908),
            ["RightLowerArm"] = CFrame.new(1.7881393432617188e-07, 4.76837158203125e-07, -3.3527612686157227e-08, 1, 3.72529100900465e-08, -1.4901164746561335e-08, 3.7252920748187535e-08, 0.9462227821350098, -0.3235158324241638, 3.026799788585777e-08, 0.3235161006450653, 0.9462228417396545),
            ["LeftHand"] = CFrame.new(-2.682209014892578e-07, 4.76837158203125e-07, 2.980232238769531e-07, 0.4412561357021332, -0.8000645637512207, 0.4064350724220276, 0.8957862854003906, 0.41969630122184753, -0.14636336266994476, -0.053478896617889404, 0.42866262793540955, 0.9018803834915161),
            ["LeftFoot"] = CFrame.new(-1.043081283569336e-07, 0, 2.6597490432322957e-08, 0.912572979927063, -0.10690080374479294, -0.3946937918663025, -0.0015957800205796957, 0.964285135269165, -0.2648611068725586, 0.4089109003543854, 0.24233558773994446, 0.8798099160194397),
            ["LowerTorso"] = CFrame.new(-0.5167211294174194, -0.24477159976959229, -0.1818152517080307, 0.9947091937065125, 0.10199112445116043, 0.01230496633797884, -0.10267839580774307, 0.9832227826118469, 0.15076535940170288, 0.0032782077323645353, -0.15123115479946136, 0.988493025302887),
            ["RightLowerLeg"] = CFrame.new(-9.685754776000977e-08, 1.1920928955078125e-07, 7.000198820605874e-08, 1, -3.7252888773764425e-07, -5.587935447692871e-07, 7.152563057388761e-07, 0.43656134605407715, 0.8996744751930237, -1.937152518394214e-07, -0.8996745944023132, 0.4365614056587219),
            ["LeftUpperLeg"] = CFrame.new(-5.960464477539063e-08, -2.9243528842926025e-07, -2.7939677238464355e-08, 0.7906643748283386, 0.05998159572482109, 0.6093047857284546, 0.09083760529756546, 0.9726824760437012, -0.213628888130188, -0.6054737567901611, 0.22425663471221924, 0.7636167407035828),
            ["LeftLowerLeg"] = CFrame.new(3.725290298461914e-08, -2.384185791015625e-07, -4.7755662535564625e-08, 1, -2.9802308176840597e-08, -6.631015025959641e-07, 3.9860620404397196e-07, 0.4355425536632538, 0.9001680612564087, -1.4249241075958707e-07, -0.9001681208610535, 0.4355427324771881),
        }},
        {Time = 0.233, Data = {
            ["RightFoot"] = CFrame.new(-1.4901161193847656e-08, 2.980232238769531e-07, 7.250491762533784e-09, 0.9707399010658264, -0.0518047958612442, 0.23447883129119873, 0.1601613461971283, 0.8672184348106384, -0.47146621346473694, -0.17892016470432281, 0.4952256679534912, 0.8501408100128174),
            ["LeftLowerArm"] = CFrame.new(5.364418029785156e-07, -1.1920928955078125e-07, 3.725290298461914e-07, 1, -1.7881390590446244e-07, 3.427266221933678e-07, 8.195635814445268e-08, -0.4937145709991455, -0.8696239590644836, -1.4156097449813387e-07, 0.8696240782737732, -0.4937147796154022),
            ["RightUpperArm"] = CFrame.new(0.001600027084350586, -0.021110057830810547, 0.0026422590017318726, 0.8807676434516907, -0.2262078821659088, -0.41602757573127747, 0.2960251271724701, 0.9487252235412598, 0.11085835099220276, 0.3696182072162628, -0.220795139670372, 0.9025693535804749),
            ["Head"] = CFrame.new(7.112976163625717e-08, 1.1920928955078125e-07, 5.634501576423645e-08, 0.8656213879585266, -0.32457441091537476, 0.38124969601631165, 0.2843768298625946, 0.9454038739204407, 0.1591896116733551, -0.41210365295410156, -0.02937927469611168, 0.9106631875038147),
            ["RightHand"] = CFrame.new(-1.1920928955078125e-07, 1.7881393432617188e-07, 1.1920928955078125e-07, 0.8708318471908569, 0.043609652668237686, 0.4896427392959595, -0.16163071990013123, 0.9660776853561401, 0.20141853392124176, -0.46424925327301025, -0.2545433044433594, 0.8483399152755737),
            ["UpperTorso"] = CFrame.new(1.8998980522155762e-07, 5.960464477539063e-08, -3.725290298461914e-09, 0.9378383755683899, -0.17642514407634735, -0.29888686537742615, 0.07636106014251709, 0.9449511766433716, -0.3181764483451843, 0.3385681211948395, 0.27557483315467834, 0.8996834754943848),
            ["HumanoidRootPart"] = CFrame.new(0, 0, 0, 1, 0, 0, 0, 1, 0, 0, 0, 1),
            ["RightUpperLeg"] = CFrame.new(1.7881393432617188e-07, 1.7229467630386353e-07, -3.1675881473347545e-08, 0.8867902159690857, -0.34299615025520325, -0.3097690939903259, -0.023396817967295647, 0.6360700726509094, -0.7712767124176025, 0.46157974004745483, 0.691208004951477, 0.5560354590415955),
            ["LeftUpperArm"] = CFrame.new(-0.002376079559326172, 0.03135108947753906, -0.003923922777175903, 0.07740776985883713, 0.9827539920806885, 0.16793639957904816, -0.7466452717781067, 0.16876652836799622, -0.6434584856033325, -0.6607033610343933, -0.07558038085699081, 0.7468323707580566),
            ["RightLowerArm"] = CFrame.new(0, 1.1920928955078125e-07, 4.0978193283081055e-08, 1, -2.5704508743729093e-07, 2.2351753159455257e-07, -1.1175869474300271e-07, 0.9483177065849304, -0.3173221945762634, 1.615844524849308e-07, 0.3173227310180664, 0.9483178853988647),
            ["LeftHand"] = CFrame.new(-2.384185791015625e-07, 2.384185791015625e-07, 2.980232238769531e-07, 0.35828331112861633, -0.8180450797080994, 0.44992855191230774, 0.9319685697555542, 0.34197020530700684, -0.12037752568721771, -0.0553879588842392, 0.4624486267566681, 0.8849144577980042),
            ["LeftFoot"] = CFrame.new(-4.470348358154297e-08, -1.1920928955078125e-07, 1.16963292384753e-08, 0.9209478497505188, -0.1104893609881401, -0.3736934959888458, 0.04102684557437897, 0.9811239838600159, -0.18897834420204163, 0.3875201344490051, 0.15870749950408936, 0.9080970883369446),
            ["LowerTorso"] = CFrame.new(-0.5543243885040283, -0.22740614414215088, -0.1742539256811142, 0.9766836166381836, 0.21317116916179657, -0.02543964609503746, -0.2078838348388672, 0.9686723351478577, 0.13586102426052094, 0.053604334592819214, -0.12740474939346313, 0.9904012680053711),
            ["RightLowerLeg"] = CFrame.new(2.2351741790771484e-08, 0, -5.2932591643184423e-08, 1, -4.544853027255158e-07, -6.929040523573349e-07, 8.195637519747834e-07, 0.3614025413990021, 0.9324098229408264, 2.9802318834981634e-08, -0.9324098825454712, 0.3614027202129364),
            ["LeftUpperLeg"] = CFrame.new(2.980232238769531e-07, 1.7508864402770996e-07, -1.6763806343078613e-08, 0.8117242455482483, -0.10587392747402191, 0.5743646621704102, 0.1806158423423767, 0.9807299971580505, -0.07447615265846252, -0.5554113984107971, 0.1641933023929596, 0.8152046203613281),
            ["LeftLowerLeg"] = CFrame.new(-1.4901161193847656e-08, -4.172325134277344e-07, -4.0305081938640797e-08, 1, -2.6077029247062455e-07, -6.072224891795486e-07, 4.3213361777816317e-07, 0.580886721611023, 0.8139845132827759, -1.2759117851146584e-07, -0.8139843344688416, 0.5808866024017334),
        }},
        {Time = 0.267, Data = {
            ["RightFoot"] = CFrame.new(3.725290298461914e-09, 2.980232238769531e-07, -5.747642717324197e-08, 0.9719887971878052, -0.045711275190114975, 0.23053981363773346, 0.15246418118476868, 0.8691401481628418, -0.4704784154891968, -0.17886491119861603, 0.49244892597198486, 0.8517638444900513),
            ["LeftLowerArm"] = CFrame.new(-1.7881393432617188e-07, 1.7881393432617188e-07, -3.8743019104003906e-07, 1, 6.109476657911728e-07, 1.0430807861894209e-07, 7.078051567077637e-08, -0.44926920533180237, -0.8933964967727661, 5.289912223815918e-07, 0.8933964967727661, -0.44926926493644714),
            ["RightUpperArm"] = CFrame.new(0.0010335445404052734, -0.016255497932434082, 0.002015143632888794, 0.8832915425300598, -0.19316835701465607, -0.42717909812927246, 0.2655203938484192, 0.9570719599723816, 0.1162412092089653, 0.3863871395587921, -0.2161000818014145, 0.8966638445854187),
            ["Head"] = CFrame.new(-2.0954757928848267e-08, -1.1920928955078125e-07, -2.0489096641540527e-08, 0.86761075258255, -0.3417735993862152, 0.3611679673194885, 0.3042890131473541, 0.9393898844718933, 0.15797114372253418, -0.39326798915863037, -0.027158018201589584, 0.919022798538208),
            ["RightHand"] = CFrame.new(-2.9802322387695312e-08, -1.7881393432617188e-07, -5.960464477539063e-08, 0.8699896931648254, 0.046810925006866455, 0.4908428192138672, -0.16559331119060516, 0.9654028415679932, 0.201435849070549, -0.4644315838813782, -0.2565271258354187, 0.8476420640945435),
            ["UpperTorso"] = CFrame.new(1.043081283569336e-07, -8.940696716308594e-08, -1.1175870895385742e-08, 0.9427881836891174, -0.2608548104763031, -0.20761825144290924, 0.1886460781097412, 0.9308598041534424, -0.3129101097583771, 0.2748875617980957, 0.25584152340888977, 0.9268127679824829),
            ["HumanoidRootPart"] = CFrame.new(0, 0, 0, 1, 0, 0, 0, 1, 0, 0, 0, 1),
            ["RightUpperLeg"] = CFrame.new(1.1920928955078125e-07, 8.754432201385498e-08, -1.0837538866326213e-08, 0.8987710475921631, -0.3988661766052246, -0.18197959661483765, 0.07975802570581436, 0.5569115281105042, -0.8267335891723633, 0.43110227584838867, 0.7285296320915222, 0.5323485732078552),
            ["LeftUpperArm"] = CFrame.new(-0.0020596981048583984, 0.03239798545837402, -0.00401642918586731, 0.039297159761190414, 0.9849852919578552, 0.1681063175201416, -0.6425498127937317, 0.15374962985515594, -0.7506599426269531, -0.7652356028556824, -0.07851788401603699, 0.6389445066452026),
            ["RightLowerArm"] = CFrame.new(-3.5762786865234375e-07, 5.364418029785156e-07, -1.3969838619232178e-07, 1, -7.82311460056917e-08, 1.3411047916633834e-07, 8.94070240065048e-08, 0.9504505395889282, -0.31087568402290344, 1.2060634446697804e-07, 0.3108760118484497, 0.9504506587982178),
            ["LeftHand"] = CFrame.new(-2.682209014892578e-07, 0, 5.513429641723633e-07, 0.3052947223186493, -0.8180503845214844, 0.4874303340911865, 0.9503519535064697, 0.2941140830516815, -0.10163131356239319, -0.06022035330533981, 0.49425771832466125, 0.8672270178794861),
            ["LeftFoot"] = CFrame.new(1.564621925354004e-07, 0, -3.204831955372356e-09, 0.9253537654876709, -0.11780411005020142, -0.36033716797828674, 0.07845732569694519, 0.989425539970398, -0.12199021875858307, 0.3708975315093994, 0.08461261540651321, 0.924811065196991),
            ["LowerTorso"] = CFrame.new(-0.5849952697753906, -0.2200852632522583, -0.16146646440029144, 0.9516115784645081, 0.30110791325569153, -0.06139593571424484, -0.29223236441612244, 0.9484964609146118, 0.12228944152593613, 0.09505614638328552, -0.09843016415834427, 0.9905937314033508),
