return {
    ["Good Game, Well Played"] = {
        {Time = 0.000, Data = {
            ["LeftFoot"] = CFrame.new(-1.862645149230957e-08, 5.960464477539063e-08, -1.1175870895385742e-08, 0.9918082356452942, -0.12685440480709076, 0.014978370629251003, 0.12764136493206024, 0.9797288179397583, -0.15439940989017487, 0.0049114045687019825, 0.1550464630126953, 0.9878950119018555),
            ["LeftLowerArm"] = CFrame.new(-2.9802322387695312e-08, -1.7881393432617188e-07, -2.384185791015625e-07, 1, -2.9802322387695312e-08, 4.470348358154297e-08, 9.313227167240257e-08, 0.8715108633041382, -0.49037620425224304, -7.450581485102248e-09, 0.4903762638568878, 0.8715108633041382),
            ["LowerTorso"] = CFrame.new(-0.04365118592977524, -0.10196590423583984, 0.012140091508626938, 0.9569788575172424, 0.007616049610078335, -0.29005762934684753, 0.0014098219107836485, 0.9995216727256775, 0.03089585155248642, 0.29015418887138367, -0.02997560426592827, 0.9565104246139526),
            ["Head"] = CFrame.new(-6.51925802230835e-09, 1.1920928955078125e-07, 1.3969838619232178e-09, 0.9480973482131958, 0.010062944144010544, 0.3178209662437439, -0.00317162973806262, 0.9997487664222717, -0.022192904725670815, -0.3179644048213959, 0.020033130422234535, 0.9478909969329834),
            ["RightUpperArm"] = CFrame.new(0, -2.384185791015625e-07, -5.960464477539063e-08, 0.9525668621063232, -0.2956170439720154, -0.07229750603437424, 0.3036251366138458, 0.9393075704574585, 0.15972843766212463, 0.020691171288490295, -0.17410345375537872, 0.984510064125061),
            ["UpperTorso"] = CFrame.new(-3.7834979593753815e-09, 1.4901161193847656e-07, -2.1973391994833946e-09, 0.9988475441932678, -0.0016296114772558212, -0.04796939715743065, 0.003474527969956398, 0.9992563724517822, 0.03840208426117897, 0.047871097922325134, -0.03852449357509613, 0.9981104135513306),
            ["HumanoidRootPart"] = CFrame.new(0, 0, 0, 1, 0, 0, 0, 1, 0, 0, 0, 1),
            ["RightHand"] = CFrame.new(5.960464477539063e-08, 1.1920928955078125e-07, 0, 0.9952269792556763, -0.09573043882846832, -0.018945299088954926, 0.091075100004673, 0.9808733463287354, -0.1720261573791504, 0.0350511409342289, 0.16947954893112183, 0.984910249710083),
            ["LeftUpperArm"] = CFrame.new(0, -2.384185791015625e-07, 1.4901161193847656e-08, 0.8553090691566467, 0.43837013840675354, -0.2761850357055664, -0.4014620780944824, 0.8976958394050598, 0.18157747387886047, 0.3275284171104431, -0.04442702606320381, 0.9437963366508484),
            ["RightLowerArm"] = CFrame.new(-1.1920928955078125e-07, 2.384185791015625e-07, -1.1920928955078125e-07, 1, -5.1222752261992355e-08, -3.725290298461914e-09, 4.4703494239684005e-08, 0.9253904223442078, -0.37901535630226135, 0, 0.3790155351161957, 0.9253904223442078),
            ["LeftHand"] = CFrame.new(3.5762786865234375e-07, -2.384185791015625e-07, 7.450580596923828e-09, 0.9840340614318848, 0.09299568086862564, -0.15175318717956543, -0.11375445127487183, 0.9843762516975403, -0.13439971208572388, 0.1368834227323532, 0.14951658248901367, 0.9792383909225464),
            ["RightUpperLeg"] = CFrame.new(0, 6.28642737865448e-09, -1.6952981241047382e-09, 0.9089345932006836, -0.17040474712848663, -0.38052618503570557, 0.1947280764579773, 0.9805114269256592, 0.026046372950077057, 0.3686717450618744, -0.09777361899614334, 0.9244033098220825),
            ["LeftUpperLeg"] = CFrame.new(0, 2.3050233721733093e-07, 1.1175870895385742e-08, 0.9871377944946289, 0.15645813941955566, 0.032860372215509415, -0.12524114549160004, 0.8845497965812683, -0.44931772351264954, -0.0993659496307373, 0.4394230544567108, 0.892767608165741),
            ["RightLowerLeg"] = CFrame.new(4.470348358154297e-08, 1.7881393432617188e-07, -2.029992174357176e-09, 1, -5.215408194203519e-08, -9.685756907629184e-08, 5.960465188081798e-08, 0.9501796364784241, 0.3117027282714844, -6.612390990312633e-08, -0.31170302629470825, 0.9501796960830688),
            ["RightFoot"] = CFrame.new(-4.470348358154297e-08, 3.5762786865234375e-07, -5.045876605436206e-08, 0.9775398373603821, 0.2073000818490982, 0.037981677800416946, -0.17883434891700745, 0.9112722873687744, -0.37094607949256897, -0.11150871962308884, 0.35582235455513, 0.9278774857521057),
            ["LeftLowerLeg"] = CFrame.new(2.2351741790771484e-08, -2.980232238769531e-07, 0, 1, 3.72529100900465e-08, 3.725290653733282e-08, -3.352760913344355e-08, 0.8276940584182739, 0.561179518699646, 2.2351738238057806e-08, -0.5611796379089355, 0.8276941776275635),
        }},
        {Time = 0.033, Data = {
            ["LeftFoot"] = CFrame.new(8.568167686462402e-08, 1.1920928955078125e-07, -2.2351741790771484e-08, 0.9914232492446899, -0.12964986264705658, 0.016465002670884132, 0.13062287867069244, 0.9789373874664307, -0.15690547227859497, 0.0042245821096003056, 0.15771040320396423, 0.9874764680862427),
            ["LeftLowerArm"] = CFrame.new(2.9802322387695312e-08, -1.1920928955078125e-07, 1.1920928955078125e-07, 1, -4.470347647611561e-08, 1.4901157641133977e-08, 2.7939677238464355e-08, 0.8805768489837646, -0.4739033579826355, -1.4901161193847656e-08, 0.4739033579826355, 0.8805768489837646),
            ["LowerTorso"] = CFrame.new(-0.040602073073387146, -0.10722601413726807, 0.016736164689064026, 0.9569662809371948, 0.00914874579757452, -0.2900552451610565, -0.0013652973575517535, 0.9996339082717896, 0.027025386691093445, 0.2901962995529175, -0.02546636387705803, 0.9566283226013184),
            ["Head"] = CFrame.new(0, 4.76837158203125e-07, 5.75091689825058e-08, 0.9486048221588135, 0.009750512428581715, 0.3163129389286041, -0.003093149047344923, 0.9997631311416626, -0.02154192142188549, -0.31644800305366516, 0.01945648342370987, 0.9484102725982666),
            ["RightUpperArm"] = CFrame.new(0, 2.384185791015625e-07, 4.470348358154297e-08, 0.9496285915374756, -0.30763036012649536, -0.05974297225475311, 0.3133141100406647, 0.9358659386634827, 0.1612119823694229, 0.006317686289548874, -0.1718098372220993, 0.9851099848747253),
            ["UpperTorso"] = CFrame.new(-4.656612873077393e-10, 8.940696716308594e-08, -4.656612873077393e-10, 0.9989104866981506, -0.004127422347664833, -0.046484414488077164, 0.006064672954380512, 0.999115526676178, 0.04161171242594719, 0.04627152904868126, -0.04184829816222191, 0.9980520009994507),
            ["HumanoidRootPart"] = CFrame.new(0, 0, 0, 1, 0, 0, 0, 1, 0, 0, 0, 1),
            ["RightHand"] = CFrame.new(-1.1920928955078125e-07, -1.1920928955078125e-07, -4.470348358154297e-08, 0.995175302028656, -0.09556101262569427, -0.022231796756386757, 0.0903669223189354, 0.981009840965271, -0.17162063717842102, 0.03820982947945595, 0.16878366470336914, 0.9849123358726501),
            ["LeftUpperArm"] = CFrame.new(-1.1920928955078125e-07, 3.5762786865234375e-07, 4.470348358154297e-08, 0.8552415370941162, 0.4362125098705292, -0.2797868251800537, -0.3995782732963562, 0.8988569378852844, 0.1799822300672531, 0.3299987316131592, -0.04213159903883934, 0.9430407285690308),
            ["RightLowerArm"] = CFrame.new(1.1920928955078125e-07, -5.960464477539063e-08, -1.1920928955078125e-07, 1, -1.3969836842875338e-08, 3.7252894102834944e-09, 0, 0.9253888130187988, -0.3790190517902374, 1.4901162970204496e-08, 0.3790191113948822, 0.9253888726234436),
            ["LeftHand"] = CFrame.new(-1.1920928955078125e-07, -5.960464477539063e-08, -1.7695128917694092e-07, 0.9843412041664124, 0.09320219606161118, -0.14961914718151093, -0.11505921930074692, 0.9827499985694885, -0.14478930830955505, 0.13354356586933136, 0.1597372442483902, 0.9780850410461426),
            ["RightUpperLeg"] = CFrame.new(0, -1.5320256352424622e-07, 2.8107024263590574e-08, 0.908822774887085, -0.18158622086048126, -0.37558960914611816, 0.19646668434143066, 0.9805096387863159, 0.0013479426270350814, 0.3680245578289032, -0.07501599192619324, 0.9267851114273071),
            ["LeftUpperLeg"] = CFrame.new(-5.960464477539063e-08, -8.265487849712372e-08, -2.2351741790771484e-08, 0.9872722625732422, 0.15613771975040436, 0.030241141095757484, -0.12572059035301208, 0.8826587200164795, -0.4528884291648865, -0.0974055677652359, 0.44332221150398254, 0.8910542726516724),
            ["RightLowerLeg"] = CFrame.new(-1.4901161193847656e-08, 4.76837158203125e-07, -6.16346369497478e-08, 1, -5.960465188081798e-08, -5.960464477539063e-08, 8.195638656616211e-08, 0.9325559139251709, 0.36102554202079773, -3.632158041000366e-08, -0.36102572083473206, 0.9325559735298157),
            ["RightFoot"] = CFrame.new(-3.725290298461914e-09, 2.980232238769531e-07, 4.639878170564771e-08, 0.9780059456825256, 0.20509324967861176, 0.03796592354774475, -0.17401808500289917, 0.9026763439178467, -0.3935644328594208, -0.11498825997114182, 0.3783017694950104, 0.9185128211975098),
            ["LeftLowerLeg"] = CFrame.new(-3.725290298461914e-08, -4.172325134277344e-07, -2.9802322387695312e-08, 1, 5.2154071283894154e-08, 1.862645504502325e-08, -4.8428766774577525e-08, 0.8214728236198425, 0.5702477097511292, 2.607702853651972e-08, -0.5702477097511292, 0.8214728832244873),
        }},
        {Time = 0.067, Data = {
            ["LeftFoot"] = CFrame.new(-7.450580596923828e-09, -1.1920928955078125e-07, 0, 0.990617573261261, -0.13561668992042542, 0.016885722056031227, 0.13661983609199524, 0.9795734882354736, -0.1475496143102646, 0.0034693905618041754, 0.1484721601009369, 0.9889105558395386),
            ["LeftLowerArm"] = CFrame.new(2.086162567138672e-07, 5.960464477539063e-08, -5.960464477539063e-08, 1, -7.450579886381092e-08, 2.9802322387695312e-08, 8.754434333013705e-08, 0.896857500076294, -0.44231978058815, -8.940698847936801e-08, 0.44231975078582764, 0.8968574404716492),
            ["LowerTorso"] = CFrame.new(-0.03264700248837471, -0.1124725341796875, 0.02860955148935318, 0.9568092823028564, 0.015775669366121292, -0.2902880311012268, -0.008908317424356937, 0.9996487498283386, 0.024963360279798508, 0.2905798554420471, -0.021299203857779503, 0.9566136598587036),
            ["Head"] = CFrame.new(-4.190951585769653e-09, -1.1920928955078125e-07, -2.735760062932968e-08, 0.9500970244407654, 0.008772059343755245, 0.3118312358856201, 0.0006679482758045197, 0.9995450973510742, -0.030153032392263412, -0.3119538724422455, 0.028856685385107994, 0.9496589303016663),
            ["RightUpperArm"] = CFrame.new(-5.960464477539063e-08, 1.1920928955078125e-07, -8.940696716308594e-08, 0.9492959976196289, -0.3133510947227478, -0.025458546355366707, 0.31313034892082214, 0.9351821541786194, 0.16548119485378265, -0.02804550714790821, -0.16506238281726837, 0.9858843684196472),
            ["UpperTorso"] = CFrame.new(9.313225746154785e-10, -8.940696716308594e-08, -6.984919309616089e-09, 0.9990636110305786, -0.010623505339026451, -0.04194314777851105, 0.012700729072093964, 0.9986897706985474, 0.04957288131117821, 0.04136156663298607, -0.05005916208028793, 0.9978894591331482),
            ["HumanoidRootPart"] = CFrame.new(0, 0, 0, 1, 0, 0, 0, 1, 0, 0, 0, 1),
            ["RightHand"] = CFrame.new(2.682209014892578e-07, 1.7881393432617188e-07, -1.4901161193847656e-08, 0.9952483773231506, -0.09311674535274506, -0.028462428599596024, 0.08700355887413025, 0.981696367263794, -0.1694185584783554, 0.04371730610728264, 0.16613706946372986, 0.985133171081543),
            ["LeftUpperArm"] = CFrame.new(0, -1.1920928955078125e-07, -4.470348358154297e-08, 0.8553074598312378, 0.4296158254146576, -0.2896190583705902, -0.39652949571609497, 0.902556300163269, 0.1677996665239334, 0.3334868252277374, -0.028677862137556076, 0.9423184990882874),
            ["RightLowerArm"] = CFrame.new(-3.5762786865234375e-07, -5.960464477539063e-08, -5.960464477539063e-08, 1, -2.4214383387288763e-08, -1.1175870895385742e-08, 2.980232594040899e-08, 0.9191635847091675, -0.39387592673301697, -2.980232594040899e-08, 0.39387592673301697, 0.9191636443138123),
            ["LeftHand"] = CFrame.new(3.5762786865234375e-07, 5.960464477539063e-08, 7.450580596923828e-09, 0.9849836826324463, 0.0933842658996582, -0.1452122926712036, -0.11748836189508438, 0.9788562655448914, -0.16744224727153778, 0.12650538980960846, 0.18198858201503754, 0.9751289486885071),
            ["RightUpperLeg"] = CFrame.new(-5.960464477539063e-08, 2.3050233721733093e-07, 2.8107024263590574e-08, 0.9094647765159607, -0.19659940898418427, -0.36636367440223694, 0.19695231318473816, 0.9797212481498718, -0.036825358867645264, 0.3661743402481079, -0.0386650413274765, 0.929742693901062),
            ["LeftUpperLeg"] = CFrame.new(2.9802322387695312e-08, -1.4202669262886047e-08, -2.60770320892334e-08, 0.9874255061149597, 0.15517489612102509, 0.030193448066711426, -0.12461820989847183, 0.8815743923187256, -0.45529869198799133, -0.09726865589618683, 0.44581088423728943, 0.8898266553878784),
            ["RightLowerLeg"] = CFrame.new(-1.4901161193847656e-08, 2.980232238769531e-07, 1.7527781892567873e-08, 1, -3.725290653733282e-08, -5.215408904746255e-08, 5.960464477539063e-08, 0.9049124717712402, 0.42559781670570374, -7.683411240577698e-09, -0.4255978763103485, 0.9049124717712402),
            ["RightFoot"] = CFrame.new(1.1175870895385742e-08, 2.980232238769531e-07, -4.300818545743823e-08, 0.9795470237731934, 0.19791559875011444, 0.03629361465573311, -0.16444839537143707, 0.8913669586181641, -0.42239928245544434, -0.11595035344362259, 0.40779200196266174, 0.9056829810142517),
            ["LeftLowerLeg"] = CFrame.new(4.470348358154297e-08, -5.960464477539063e-08, 4.470348358154297e-08, 1, 2.7939680791178034e-08, 2.793969144931907e-08, -4.842878098543224e-08, 0.8222073912620544, 0.5691882967948914, 4.0978196835794733e-08, -0.5691880583763123, 0.8222073316574097),
        }},
        {Time = 0.100, Data = {
            ["LeftFoot"] = CFrame.new(-3.725290298461914e-09, -1.7881393432617188e-07, -2.2351741790771484e-08, 0.9897588491439819, -0.14128082990646362, 0.02042846754193306, 0.14269942045211792, 0.9830384254455566, -0.11520568281412125, -0.003805594751611352, 0.11694089323282242, 0.9931316375732422),
            ["LeftLowerArm"] = CFrame.new(2.9802322387695312e-08, 4.76837158203125e-07, 1.7881393432617188e-07, 1, -5.215404996761208e-08, 1.4901162970204496e-08, 2.2351745343485163e-08, 0.9148378968238831, -0.4038212299346924, 2.980232594040899e-08, 0.40382120013237, 0.9148380160331726),
            ["LowerTorso"] = CFrame.new(-0.021677646785974503, -0.10962069034576416, 0.04568351060152054, 0.9559556245803833, 0.025651054456830025, -0.29238852858543396, -0.019977401942014694, 0.9995500445365906, 0.022374358028173447, 0.2928309440612793, -0.015547730959951878, 0.9560378193855286),
            ["Head"] = CFrame.new(2.7939677238464355e-09, -2.384185791015625e-07, -7.450580596923828e-09, 0.9518831372261047, 0.0066649941727519035, 0.3063889145851135, 0.008237235248088837, 0.9988459348678589, -0.04731946438550949, -0.30635061860084534, 0.0475664883852005, 0.9507296681404114),
            ["RightUpperArm"] = CFrame.new(0, 0, -1.4901161193847656e-08, 0.9483127593994141, -0.3168889582157135, 0.01686238683760166, 0.30989953875541687, 0.9362154006958008, 0.16571922600269318, -0.06830137223005295, -0.15192799270153046, 0.986028790473938),
            ["UpperTorso"] = CFrame.new(6.51925802230835e-09, 1.4901161193847656e-07, -4.423782229423523e-09, 0.9992047548294067, -0.019580161198973656, -0.0347340852022171, 0.021703597158193588, 0.9978495240211487, 0.061849445104599, 0.03344834968447685, -0.06255411356687546, 0.9974809885025024),
            ["HumanoidRootPart"] = CFrame.new(0, 0, 0, 1, 0, 0, 0, 1, 0, 0, 0, 1),
            ["RightHand"] = CFrame.new(-7.450580596923828e-08, -2.980232238769531e-07, 1.1920928955078125e-07, 0.9957234263420105, -0.0863296389579773, -0.03289508447051048, 0.0797860398888588, 0.9830792546272278, -0.16489234566688538, 0.04657351225614548, 0.1615627408027649, 0.9857628345489502),
            ["LeftUpperArm"] = CFrame.new(0, -1.1920928955078125e-07, 4.470348358154297e-08, 0.8562209606170654, 0.41805553436279297, -0.3035057485103607, -0.3913787603378296, 0.9083932042121887, 0.14712053537368774, 0.33720678091049194, -0.0071819741278886795, 0.9414032101631165),
            ["RightLowerArm"] = CFrame.new(-5.960464477539063e-08, 0, 2.9802322387695312e-08, 1, 5.587933671336032e-09, -1.862645149230957e-08, 8.195637946073475e-08, 0.900303304195404, -0.4352632761001587, 1.4901159417490817e-08, 0.43526318669319153, 0.900303304195404),
            ["LeftHand"] = CFrame.new(2.980232238769531e-07, -3.5762786865234375e-07, -8.940696716308594e-08, 0.9856263995170593, 0.09403868019580841, -0.14034734666347504, -0.12011335045099258, 0.9742669463157654, -0.19072690606117249, 0.11880043148994446, 0.20484322309494019, 0.9715585112571716),
            ["RightUpperLeg"] = CFrame.new(5.960464477539063e-08, 7.380731403827667e-08, -2.4047039914876223e-08, 0.9107619524002075, -0.20600025355815887, -0.3578779399394989, 0.19674845039844513, 0.9784591197967529, -0.06251286715269089, 0.3630466163158417, -0.013477600179612637, 0.931673526763916),
            ["LeftUpperLeg"] = CFrame.new(-5.960464477539063e-08, 1.9848812371492386e-07, 1.4901161193847656e-08, 0.9877286553382874, 0.15205968916416168, 0.03563743457198143, -0.12091253697872162, 0.8889426589012146, -0.44177037477493286, -0.098855160176754, 0.4320402443408966, 0.8964200615882874),
            ["RightLowerLeg"] = CFrame.new(-4.470348358154297e-08, 3.5762786865234375e-07, -2.8107024263590574e-08, 1, -6.705523958316917e-08, -1.4901162970204496e-08, 7.078050856534901e-08, 0.8871915340423584, 0.46140116453170776, -1.955777229056821e-08, -0.46140140295028687, 0.8871917128562927),
            ["RightFoot"] = CFrame.new(-2.2351741790771484e-08, 1.7881393432617188e-07, 2.4047039914876223e-08, 0.9818133115768433, 0.18658138811588287, 0.03507291525602341, -0.1529974639415741, 0.8869922161102295, -0.4357024133205414, -0.11240328848361969, 0.4224124252796173, 0.8994072079658508),
            ["LeftLowerLeg"] = CFrame.new(3.725290298461914e-08, -2.384185791015625e-07, 1.043081283569336e-07, 1, 6.146731834633101e-08, -5.587936335871291e-09, -4.470348358154297e-08, 0.8423478007316589, 0.5389342308044434, -1.1175870895385742e-08, -0.5389344692230225, 0.8423479795455933),
        }},
        {Time = 0.133, Data = {
            ["LeftFoot"] = CFrame.new(1.4901161193847656e-08, 5.960464477539063e-08, -3.166496753692627e-08, 0.989314079284668, -0.1426740437746048, 0.03003152832388878, 0.14437536895275116, 0.9873656630516052, -0.06530649214982986, -0.020334463566541672, 0.06894437223672867, 0.9974132776260376),
            ["LeftLowerArm"] = CFrame.new(-8.940696716308594e-08, 1.7881393432617188e-07, 0, 1, 5.215404996761208e-08, 5.5879347371501353e-08, -1.1175869119028903e-08, 0.9321357011795044, -0.3621091842651367, -3.725289943190546e-08, 0.36210906505584717, 0.9321357011795044),
            ["LowerTorso"] = CFrame.new(-0.010966584086418152, -0.10032963752746582, 0.06538310647010803, 0.9537233710289001, 0.036673083901405334, -0.29844099283218384, -0.03328769654035568, 0.9993109107017517, 0.016420546919107437, 0.2988375723361969, -0.005726239178329706, 0.9542868137359619),
            ["Head"] = CFrame.new(2.7939677238464355e-09, 4.76837158203125e-07, 9.313225746154785e-09, 0.9531930685043335, 0.0010546520352363586, 0.30236077308654785, 0.02136334590613842, 0.9972598552703857, -0.07082640379667282, -0.3016069233417511, 0.07397075742483139, 0.950558602809906),
            ["RightUpperArm"] = CFrame.new(1.1920928955078125e-07, 0.0000010728836059570312, 5.960464477539063e-08, 0.9450706839561462, -0.31978753209114075, 0.06765608489513397, 0.3063078820705414, 0.9386988878250122, 0.15817689895629883, -0.1140916496515274, -0.12876473367214203, 0.9850901961326599),
            ["UpperTorso"] = CFrame.new(-1.0244548320770264e-08, -5.960464477539063e-08, 9.42964106798172e-09, 0.9993172287940979, -0.026991652324795723, -0.025230342522263527, 0.028961358591914177, 0.9962708950042725, 0.08127480000257492, 0.022942494601011276, -0.08195000886917114, 0.9963723421096802),
            ["HumanoidRootPart"] = CFrame.new(0, 0, 0, 1, 0, 0, 0, 1, 0, 0, 0, 1),
            ["RightHand"] = CFrame.new(2.980232238769531e-07, -5.960464477539063e-08, 0, 0.9966500997543335, -0.07540861517190933, -0.031657855957746506, 0.06958339363336563, 0.9852623343467712, -0.1562572717666626, 0.04297443851828575, 0.15353107452392578, 0.9872089624404907),
            ["LeftUpperArm"] = CFrame.new(-2.384185791015625e-07, 7.152557373046875e-07, -2.9802322387695312e-08, 0.859531581401825, 0.39918994903564453, -0.3191438317298889, -0.3823715150356293, 0.9166106581687927, 0.11669157445430756, 0.3391127586364746, 0.021731363609433174, 0.94049471616745),
            ["RightLowerArm"] = CFrame.new(1.1920928955078125e-07, -1.1920928955078125e-07, -2.9802322387695312e-08, 1, -7.4505797087454084e-09, 0, 1.1175870895385742e-08, 0.8678308725357056, -0.49685969948768616, -2.2351741790771484e-08, 0.4968597888946533, 0.8678308725357056),
            ["LeftHand"] = CFrame.new(0, 1.1920928955078125e-07, -5.960464477539063e-08, 0.9859765768051147, 0.09578738361597061, -0.13665735721588135, -0.12253011763095856, 0.9714555740356445, -0.20312680304050446, 0.11329943686723709, 0.2170230597257614, 0.9695691466331482),
            ["RightUpperLeg"] = CFrame.new(-2.9802322387695312e-08, -2.573942765593529e-07, 7.617927622050047e-09, 0.9135995507240295, -0.2125069946050644, -0.34666502475738525, 0.19800116121768951, 0.977157711982727, -0.07719027251005173, 0.3551498353481293, 0.0018808073364198208, 0.9348074793815613),
            ["LeftUpperLeg"] = CFrame.new(2.9802322387695312e-08, 1.3009412214159966e-08, 0, 0.9880340695381165, 0.14619037508964539, 0.04916468635201454, -0.1132776141166687, 0.9041353464126587, -0.4119558036327362, -0.10467561334371567, 0.40145716071128845, 0.9098765254020691),
            ["RightLowerLeg"] = CFrame.new(-5.960464477539063e-08, 1.1920928955078125e-07, -2.029992174357176e-09, 1, -5.960465188081798e-08, -1.043081780949251e-07, 4.842877388000488e-08, 0.878708004951477, 0.4773595631122589, -6.05359673500061e-08, -0.4773596525192261, 0.8787081241607666),
            ["RightFoot"] = CFrame.new(0, 2.980232238769531e-07, 6.129994289949536e-08, 0.9843091368675232, 0.17327815294265747, 0.03332316502928734, -0.14158058166503906, 0.8882785439491272, -0.4369391202926636, -0.10531221330165863, 0.425365686416626, 0.8988736867904663),
            ["LeftLowerLeg"] = CFrame.new(0, -1.1920928955078125e-07, -1.4901161193847656e-08, 1, 6.053597445543346e-08, 1.676381167214913e-08, -5.2154071283894154e-08, 0.8744363784790039, 0.48514044284820557, 2.6077035641947077e-08, -0.48514029383659363, 0.8744363188743591),
        }},
        {Time = 0.167, Data = {
            ["LeftFoot"] = CFrame.new(2.9802322387695312e-08, 5.960464477539063e-08, -2.2351741790771484e-08, 0.9910644888877869, -0.12102271616458893, 0.05607882887125015, 0.12191428244113922, 0.9924588203430176, -0.012747539207339287, -0.05411318689584732, 0.01947038434445858, 0.9983450174331665),
            ["LeftLowerArm"] = CFrame.new(1.7881393432617188e-07, -2.980232238769531e-07, 5.960464477539063e-08, 1, -2.2351738238057806e-08, -1.4901154088420299e-08, -4.0978189730367376e-08, 0.9471603035926819, -0.32076066732406616, -7.450579886381092e-08, 0.3207607567310333, 0.9471602439880371),
            ["LowerTorso"] = CFrame.new(-0.001413874328136444, -0.08456611633300781, 0.08558495342731476, 0.9470621347427368, 0.05163063853979111, -0.31687191128730774, -0.0510815866291523, 0.9986440539360046, 0.010045674629509449, 0.316960871219635, 0.00667243916541338, 0.948415219783783),
            ["Head"] = CFrame.new(-1.862645149230957e-09, 1.1920928955078125e-07, 2.2351741790771484e-08, 0.9521906971931458, -0.007006893865764141, 0.3054240345954895, 0.03987029194831848, 0.9940367937088013, -0.10149495303630829, -0.3028915226459503, 0.10881997644901276, 0.9467920064926147),
            ["RightUpperArm"] = CFrame.new(1.1920928955078125e-07, 0, -7.450580596923828e-08, 0.9396476149559021, -0.3154285252094269, 0.1325414925813675, 0.2975453734397888, 0.9445987343788147, 0.13856394588947296, -0.1689056158065796, -0.0907641276717186, 0.981444239616394),
            ["UpperTorso"] = CFrame.new(3.725290298461914e-09, -1.1920928955078125e-07, -6.51925802230835e-09, 0.9992203712463379, -0.03796859458088875, -0.010826824232935905, 0.03890835493803024, 0.9935318827629089, 0.10668051242828369, 0.006706269457936287, -0.10701858997344971, 0.9942343831062317),
            ["HumanoidRootPart"] = CFrame.new(0, 0, 0, 1, 0, 0, 0, 1, 0, 0, 0, 1),
            ["RightHand"] = CFrame.new(-2.1979212760925293e-07, 0, -4.470348358154297e-08, 0.9980430006980896, -0.06117504462599754, -0.01295874360948801, 0.05875735357403755, 0.9883456826210022, -0.1404297798871994, 0.021398551762104034, 0.13939353823661804, 0.9900059103965759),
            ["LeftUpperArm"] = CFrame.new(-3.5762786865234375e-07, 1.1920928955078125e-07, 8.940696716308594e-08, 0.8661267757415771, 0.37523844838142395, -0.3301830291748047, -0.3722020983695984, 0.9251163005828857, 0.07500357180833817, 0.3336017429828644, 0.05793219804763794, 0.9409323334693909),
            ["RightLowerArm"] = CFrame.new(5.960464477539063e-08, -2.384185791015625e-07, 8.940696716308594e-08, 1, -1.4901157641133977e-08, 4.097817196679898e-08, 5.960463766996327e-08, 0.8198889493942261, -0.5725225210189819, -2.9802318834981634e-08, 0.5725226998329163, 0.8198888897895813),
            ["LeftHand"] = CFrame.new(5.960464477539063e-08, -5.960464477539063e-08, -2.9802322387695312e-08, 0.9864799976348877, 0.09329443424940109, -0.13473470509052277, -0.11957352608442307, 0.9719634056091309, -0.2024584263563156, 0.11206898093223572, 0.21583192050457, 0.9699779152870178),
            ["RightUpperLeg"] = CFrame.new(0, -2.871965989470482e-07, -1.6952981241047382e-09, 0.9209780693054199, -0.22046101093292236, -0.32124197483062744, 0.2022303193807602, 0.9752393960952759, -0.08950453996658325, 0.3330201506614685, 0.01746673323214054, 0.9427579045295715),
            ["LeftUpperLeg"] = CFrame.new(0, -2.5142799131572247e-07, -7.450580596923828e-09, 0.9872816205024719, 0.13443779945373535, 0.08486177027225494, -0.09256404638290405, 0.9200646877288818, -0.3806743323802948, -0.12925535440444946, 0.36797764897346497, 0.9208070039749146),
            ["RightLowerLeg"] = CFrame.new(-2.9802322387695312e-08, 0, 2.4047039914876223e-08, 1, -2.9802322387695312e-08, -6.705524668859653e-08, 7.823108916227284e-08, 0.8763697743415833, 0.4816390573978424, 1.862644971595273e-08, -0.4816390573978424, 0.8763697147369385),
            ["RightFoot"] = CFrame.new(-3.725290298461914e-08, 2.384185791015625e-07, 6.875052349641919e-08, 0.986965537071228, 0.1582498401403427, 0.02926049381494522, -0.13066498935222626, 0.8941245079040527, -0.4283313751220703, -0.09394583851099014, 0.41892531514167786, 0.9031479358673096),
            ["LeftLowerLeg"] = CFrame.new(-2.9802322387695312e-08, -1.1920928955078125e-07, 7.450580596923828e-09, 1, 2.3283067918100642e-08, 2.328307324717116e-08, -7.450580596923828e-09, 0.898410975933075, 0.43915581703186035, -7.450580596923828e-09, -0.4391556978225708, 0.898410975933075),
        }},
        {Time = 0.200, Data = {
            ["LeftFoot"] = CFrame.new(-1.862645149230957e-08, -1.1920928955078125e-07, -2.9802322387695312e-08, 0.9945192337036133, -0.06781350821256638, 0.07957863807678223, 0.06764084845781326, 0.9976978898048401, 0.004867233335971832, -0.07972556352615356, 0.000542239286005497, 0.9968167543411255),
            ["LeftLowerArm"] = CFrame.new(8.940696716308594e-08, 5.960464477539063e-08, -1.1920928955078125e-07, 1, 0, 3.725289943190546e-08, -7.450580596923828e-08, 0.9587740302085876, -0.28416961431503296, 1.1175870895385742e-08, 0.2841695249080658, 0.9587740898132324),
            ["LowerTorso"] = CFrame.new(0.008025944232940674, -0.06570589542388916, 0.10509894043207169, 0.9371756315231323, 0.06797342002391815, -0.3421719968318939, -0.07187041640281677, 0.9974132180213928, 0.001292887725867331, 0.3413747251033783, 0.023380381986498833, 0.9396365284919739),
            ["Head"] = CFrame.new(2.2351741790771484e-08, -2.384185791015625e-07, 0, 0.9497029185295105, -0.011399994604289532, 0.31294485926628113, 0.05718672648072243, 0.9888462424278259, -0.1375243365764618, -0.30788654088974, 0.1485036313533783, 0.9397619962692261),
            ["RightUpperArm"] = CFrame.new(-5.960464477539063e-08, -7.152557373046875e-07, 2.9802322387695312e-08, 0.9315344095230103, -0.299307256937027, 0.20654037594795227, 0.2835530638694763, 0.953432023525238, 0.10278738290071487, -0.22768718004226685, -0.03718481957912445, 0.9730241298675537),
            ["UpperTorso"] = CFrame.new(7.450580596923828e-09, -1.1920928955078125e-07, -2.561137080192566e-09, 0.998404324054718, -0.05629124864935875, 0.004487448371946812, 0.05513472855091095, 0.9888941645622253, 0.13801667094230652, -0.012206701561808586, -0.1375490427017212, 0.9904198050498962),
            ["HumanoidRootPart"] = CFrame.new(0, 0, 0, 1, 0, 0, 0, 1, 0, 0, 0, 1),
            ["RightHand"] = CFrame.new(4.470348358154297e-08, 0, 1.4901161193847656e-08, 0.9988811016082764, -0.04341203719377518, 0.0187644362449646, 0.04528021439909935, 0.9923961162567139, -0.11445418000221252, -0.013653034344315529, 0.1151757538318634, 0.993251383304596),
            ["LeftUpperArm"] = CFrame.new(5.960464477539063e-08, -7.152557373046875e-07, 5.960464477539063e-08, 0.8738470077514648, 0.3494895100593567, -0.3380063772201538, -0.3633335828781128, 0.9313583970069885, 0.02367435023188591, 0.3230791985988617, 0.10212143510580063, 0.9408460855484009),
            ["RightLowerArm"] = CFrame.new(-8.940696716308594e-08, -2.980232238769531e-07, -4.470348358154297e-08, 1, -5.9604616353681195e-08, 4.842878098543224e-08, 2.7008354663848877e-08, 0.7548968195915222, -0.6558437943458557, -1.1175870895385742e-08, 0.6558435559272766, 0.7548967599868774),
            ["LeftHand"] = CFrame.new(5.960464477539063e-08, 0, -7.450580596923828e-09, 0.9875109195709229, 0.081971675157547, -0.13454709947109222, -0.10737396031618118, 0.9751081466674805, -0.19399762153625488, 0.11529532074928284, 0.2060214728116989, 0.971731424331665),
            ["RightUpperLeg"] = CFrame.new(0, 2.384185791015625e-07, 4.300818545743823e-08, 0.9299353361129761, -0.22924888134002686, -0.28751569986343384, 0.20982341468334198, 0.9729066491127014, -0.09709234535694122, 0.3019842505455017, 0.02996196039021015, 0.9528420567512512),
            ["LeftUpperLeg"] = CFrame.new(0, -2.6309862732887268e-08, -3.748573362827301e-08, 0.9726276397705078, 0.12630519270896912, 0.19504497945308685, -0.048698797821998596, 0.9315312504768372, -0.36038604378700256, -0.22720901668071747, 0.3410229980945587, 0.912183940410614),
            ["RightLowerLeg"] = CFrame.new(2.9802322387695312e-08, 2.384185791015625e-07, -2.0656443666666746e-08, 1, -6.705523958316917e-08, -5.5879375793210784e-08, 5.960464477539063e-08, 0.8774194121360779, 0.47972404956817627, -5.8673322200775146e-08, -0.479724258184433, 0.8774194717407227),
            ["RightFoot"] = CFrame.new(-1.4901161193847656e-08, 2.980232238769531e-07, -1.3205863069742918e-08, 0.9894633889198303, 0.14282958209514618, 0.02370862290263176, -0.1202465146780014, 0.901887059211731, -0.4148980379104614, -0.08064213395118713, 0.4076758921146393, 0.9095590710639954),
            ["LeftLowerLeg"] = CFrame.new(5.960464477539063e-08, -1.7881393432617188e-07, -4.470348358154297e-08, 1, 4.563480615615845e-08, 8.381904947896146e-09, -4.0978193283081055e-08, 0.8956800699234009, 0.44469913840293884, -3.725290298461914e-09, -0.4446990489959717, 0.8956800699234009),
        }},
        {Time = 0.233, Data = {
            ["LeftFoot"] = CFrame.new(4.4819898903369904e-08, -1.7881393432617188e-07, 2.7008354663848877e-08, 0.9965655207633972, -0.01869897171854973, 0.08066936582326889, 0.01458016037940979, 0.9985744953155518, 0.05134640634059906, -0.08151436597108841, -0.04999389499425888, 0.9954175353050232),
            ["LeftLowerArm"] = CFrame.new(5.960464477539063e-08, 2.384185791015625e-07, 5.960464477539063e-08, 1, -2.9802322387695312e-08, 2.2351745343485163e-08, 2.9802322387695312e-08, 0.9661909341812134, -0.257828027009964, -4.0978193283081055e-08, 0.2578279674053192, 0.9661909341812134),
            ["LowerTorso"] = CFrame.new(0.017858728766441345, -0.04781544208526611, 0.12253092229366302, 0.9315869212150574, 0.07641653716564178, -0.35539621114730835, -0.08734245598316193, 0.9960688352584839, -0.014774943701922894, 0.35287004709243774, 0.04480532556772232, 0.934598982334137),
            ["Head"] = CFrame.new(-3.725290298461914e-09, 0, 7.450580596923828e-09, 0.949315071105957, -0.004342714324593544, 0.3142964243888855, 0.061081767082214355, 0.9833921790122986, -0.170906201004982, -0.3083344101905823, 0.18144169449806213, 0.9338141083717346),
            ["RightUpperArm"] = CFrame.new(-2.384185791015625e-07, 0, 5.960464477539063e-08, 0.9222316741943359, -0.27321162819862366, 0.2735767364501953, 0.2693317234516144, 0.9616201519966125, 0.052415214478969574, -0.2773973345756531, 0.02534385398030281, 0.9604210257530212),
            ["UpperTorso"] = CFrame.new(3.725290298461914e-09, -1.1920928955078125e-07, 3.725290298461914e-09, 0.9969562292098999, -0.07703720778226852, 0.011984623968601227, 0.07389439642429352, 0.9827021360397339, 0.16981220245361328, -0.024859244003891945, -0.16840976476669312, 0.9854035973548889),
            ["HumanoidRootPart"] = CFrame.new(0, 0, 0, 1, 0, 0, 0, 1, 0, 0, 0, 1),
            ["RightHand"] = CFrame.new(-2.733140718191862e-07, -2.384185791015625e-07, 4.0978193283081055e-08, 0.9988736510276794, -0.008194676600396633, 0.04673653468489647, 0.011443762108683586, 0.9975035786628723, -0.06968220323324203, -0.04604873061180115, 0.07013873755931854, 0.9964738488197327),
            ["LeftUpperArm"] = CFrame.new(1.1920928955078125e-07, 0, -8.940696716308594e-08, 0.877354085445404, 0.326773464679718, -0.35138121247291565, -0.3582872450351715, 0.9332289099693298, -0.026724129915237427, 0.31918662786483765, 0.14934195578098297, 0.935850977897644),
            ["RightLowerArm"] = CFrame.new(-1.4901161193847656e-07, 5.960464477539063e-08, 1.043081283569336e-07, 1, -6.426125054304066e-08, 3.5390257835388184e-08, 5.5646516727847484e-08, 0.6721818447113037, -0.7403863072395325, 2.7008351111135198e-08, 0.7403862476348877, 0.6721817255020142),
            ["LeftHand"] = CFrame.new(-1.1920928955078125e-07, 0, 1.471489667892456e-07, 0.9885353446006775, 0.06356023252010345, -0.1369604915380478, -0.08754516392946243, 0.9803227186203003, -0.1769276112318039, 0.12301960587501526, 0.18688946962356567, 0.9746479392051697),
            ["RightUpperLeg"] = CFrame.new(5.960464477539063e-08, -2.3469328880310059e-07, 3.892637323588133e-09, 0.9341529011726379, -0.23068439960479736, -0.27229228615760803, 0.21640245616436005, 0.9728714823722839, -0.0817994698882103, 0.283775269985199, 0.017488358542323112, 0.9587312936782837),
            ["LeftUpperLeg"] = CFrame.new(0, 9.313225746154785e-09, 2.60770320892334e-08, 0.9367837309837341, 0.13072600960731506, 0.32457205653190613, -0.008828742429614067, 0.9361252784729004, -0.35155585408210754, -0.349797785282135, 0.3264661729335785, 0.8781010508537292),
            ["RightLowerLeg"] = CFrame.new(-1.043081283569336e-07, 2.980232238769531e-07, 9.145878721028566e-09, 1, -5.21540641784668e-08, -8.195642919872625e-08, 6.146728992462158e-08, 0.8877903819084167, 0.4602479338645935, -2.9802322387695312e-08, -0.46024802327156067, 0.8877904415130615),
            ["RightFoot"] = CFrame.new(-4.0978193283081055e-08, 2.980232238769531e-07, -1.1006341082975268e-07, 0.9913359880447388, 0.12976112961769104, 0.02037675306200981, -0.11109019815921783, 0.9110466837882996, -0.3970549404621124, -0.07008649408817291, 0.3913516104221344, 0.9175686836242676),
            ["LeftLowerLeg"] = CFrame.new(4.831235855817795e-08, -5.960464477539063e-08, -3.166496753692627e-08, 1, 4.193861968815327e-08, 1.4668335879264305e-08, -4.959292709827423e-08, 0.8649023771286011, 0.5019403100013733, 1.1874362826347351e-08, -0.501940131187439, 0.8649022579193115),
        }},
        {Time = 0.267, Data = {
            ["LeftFoot"] = CFrame.new(8.195638656616211e-08, -1.1920928955078125e-07, 1.4901161193847656e-08, 0.9964985251426697, -0.006396574899554253, 0.0833662897348404, -0.001588829094544053, 0.9954406023025513, 0.09537038952112198, -0.08359623700380325, -0.09516897797584534, 0.9919447898864746),
            ["LeftLowerArm"] = CFrame.new(0, -3.5762786865234375e-07, 7.450580596923828e-08, 1, -3.7252888773764425e-08, 1.862645504502325e-08, 0, 0.9688372611999512, -0.2476983666419983, 6.705523247774181e-08, 0.24769815802574158, 0.9688372611999512),
            ["LowerTorso"] = CFrame.new(0.03214104473590851, -0.03014051914215088, 0.13711494207382202, 0.9342291951179504, 0.07933612912893295, -0.3477378189563751, -0.09598442912101746, 0.994903564453125, -0.030884360894560814, 0.3435153365135193, 0.06223048269748688, 0.9370830059051514),
            ["Head"] = CFrame.new(-1.4901161193847656e-08, 1.1920928955078125e-07, -7.450580596923828e-08, 0.9574963450431824, 0.023917395621538162, 0.2874523997306824, 0.036599669605493546, 0.978427529335022, -0.20332221686840057, -0.28611430525779724, 0.20520099997520447, 0.935965359210968),
            ["RightUpperArm"] = CFrame.new(1.1920928955078125e-07, -1.1920928955078125e-07, -5.960464477539063e-08, 0.9154941439628601, -0.22724978625774384, 0.33200618624687195, 0.2504666745662689, 0.9677122235298157, -0.028277523815631866, -0.3148602247238159, 0.10904423147439957, 0.9428532123565674),
            ["UpperTorso"] = CFrame.new(1.1175870895385742e-08, -1.7881393432617188e-07, 5.587935447692871e-09, 0.9942725896835327, -0.10658201575279236, 0.00789689738303423, 0.1031009703874588, 0.9760080575942993, 0.1917770951986313, -0.028147399425506592, -0.18986451625823975, 0.9814068078994751),
            ["HumanoidRootPart"] = CFrame.new(0, 0, 0, 1, 0, 0, 0, 1, 0, 0, 0, 1),
            ["RightHand"] = CFrame.new(2.7008354663848877e-08, 1.7881393432617188e-07, 1.043081283569336e-07, 0.999178946018219, 0.03938787803053856, -0.00949446763843298, -0.039306577295064926, 0.9991899728775024, 0.008628402836620808, 0.009826586581766605, -0.008247951976954937, 0.9999178051948547),
            ["LeftUpperArm"] = CFrame.new(0, -1.1920928955078125e-07, 2.9802322387695312e-08, 0.8710975646972656, 0.3187302052974701, -0.3736307919025421, -0.368319034576416, 0.927229106426239, -0.06772979348897934, 0.32485389709472656, 0.19661444425582886, 0.9251014590263367),
            ["RightLowerArm"] = CFrame.new(-2.9802322387695312e-08, -5.960464477539063e-08, -3.91155481338501e-08, 1, -6.332992796842518e-08, 9.126959810146218e-08, 7.264315371457997e-08, 0.5723918080329895, -0.8199804425239563, 8.475034718458119e-08, 0.8199803233146667, 0.5723915696144104),
            ["LeftHand"] = CFrame.new(-5.960464477539063e-08, 1.7881393432617188e-07, 8.195638656616211e-08, 0.9891695976257324, 0.020258404314517975, -0.14537306129932404, -0.04233252629637718, 0.9877180457115173, -0.15040262043476105, 0.140540212392807, 0.154928058385849, 0.9778782725334167),
            ["RightUpperLeg"] = CFrame.new(5.960464477539063e-08, -5.029141902923584e-08, -1.6952981241047382e-09, 0.9314205050468445, -0.2201445996761322, -0.28981393575668335, 0.21779707074165344, 0.975142776966095, -0.040756240487098694, 0.29158228635787964, -0.02515954151749611, 0.9562148451805115),
            ["LeftUpperLeg"] = CFrame.new(2.9802322387695312e-08, -4.647299647331238e-07, -1.1175870895385742e-08, 0.899133026599884, 0.12051000446081161, 0.4207576811313629, 0.008128698915243149, 0.9565828442573547, -0.2913472354412079, -0.43759986758232117, 0.26538020372390747, 0.8591156601905823),
            ["RightLowerLeg"] = CFrame.new(-1.043081283569336e-07, 4.172325134277344e-07, 5.757465260103345e-08, 1, -2.980232949312267e-08, -1.8626460374093767e-08, 5.587936158235607e-08, 0.9126210808753967, 0.4088065028190613, 4.144385812310247e-08, -0.40880662202835083, 0.9126210808753967),
