return {
    ["Goofy Hump"] = {
        {Time = 0.000, Data = {
            ["LeftUpperArm"] = CFrame.new(0.0013427734375, -0.6252174377441406, -0.8340568542480469, 0.9735190272331238, -0.21544510126113892, -0.07654578983783722, -0.09296853840351105, -0.06713899224996567, -0.9934102296829224, 0.20888365805149078, 0.9742059111595154, -0.0853927880525589),
            ["LowerTorso"] = CFrame.new(0, 1.044708013534546, 0.8903999328613281, 1.0000076293945312, -1.1921019904548302e-07, 4.768389203491097e-07, -1.1921021325633774e-07, 0.9871118068695068, 0.16007979214191437, 4.768389203491097e-07, -0.16008003056049347, 0.9871041774749756),
            ["Head"] = CFrame.new(0, 0, 0, 1.0000076293945312, -1.9398333961362368e-07, 4.5161587536313164e-07, -1.9398333961362368e-07, 0.9736850261688232, 0.22793138027191162, 4.516159322065505e-07, -0.2279292196035385, 0.9736778140068054),
            ["UpperTorso"] = CFrame.new(0, 0, 0, 1, 0, 0, 0, 1, 0, 0, 0, 1),
            ["HumanoidRootPart"] = CFrame.new(0, 0, 0, 1, 0, 0, 0, 1, 0, 0, 0, 1),
            ["RightUpperArm"] = CFrame.new(0.075592041015625, -0.7615594863891602, -0.674468994140625, 0.9737184047698975, 0.17183001339435577, 0.1495385766029358, 0.16835328936576843, -0.10064712166786194, -0.9805823564529419, -0.15343934297561646, 0.9799720644950867, -0.1269313395023346),
        }},
        {Time = 0.050, Data = {
            ["LeftUpperArm"] = CFrame.new(-0.0742645263671875, -0.6896991729736328, -0.5103492736816406, 0.9735152125358582, -0.21767695248126984, -0.06994252651929855, -0.0929674357175827, -0.09738801419734955, -0.9908986687660217, 0.20888303220272064, 0.9711500406265259, -0.11504535377025604),
            ["LowerTorso"] = CFrame.new(0, 1.0598981380462646, 0.6260528564453125, 1.0000038146972656, -1.0265690519872805e-07, 2.244799475192849e-07, -3.815247495708718e-08, 0.9955582618713379, 0.09418810904026031, 2.436869408484199e-07, -0.09418787062168121, 0.9955544471740723),
            ["UpperTorso"] = CFrame.new(0, 0, 0, 1, 0, 0, 0, 1, 0, 0, 0, 1),
            ["HumanoidRootPart"] = CFrame.new(0, 0, 0, 1, 0, 0, 0, 1, 0, 0, 0, 1),
            ["RightUpperArm"] = CFrame.new(0.1305694580078125, -0.856358528137207, -0.42969512939453125, 0.97371506690979, 0.1729983538389206, 0.14818283915519714, 0.1683516651391983, -0.10834403336048126, -0.9797585606575012, -0.1534401923418045, 0.9789451956748962, -0.13462026417255402),
        }},
        {Time = 0.100, Data = {
            ["LeftUpperArm"] = CFrame.new(-0.14855194091796875, -0.7353463172912598, -0.18445205688476562, 0.973515510559082, -0.21970731019973755, -0.06327474862337112, -0.09296683222055435, -0.12754526734352112, -0.9874699711799622, 0.20888283848762512, 0.9671923518180847, -0.1445918083190918),
            ["LowerTorso"] = CFrame.new(0, 1.195974349975586, 0.4398651123046875, 1.0000038146972656, -8.299688403212713e-08, 2.314399978331494e-07, -4.271677411793462e-08, 0.9996128082275391, 0.027961809188127518, 2.431677614822547e-07, -0.027961820363998413, 0.9996089935302734),
            ["UpperTorso"] = CFrame.new(0, 0, 0, 1, 0, 0, 0, 1, 0, 0, 0, 1),
            ["HumanoidRootPart"] = CFrame.new(0, 0, 0, 1, 0, 0, 0, 1, 0, 0, 0, 1),
            ["RightUpperArm"] = CFrame.new(0.16475677490234375, -0.8137874603271484, -0.16605377197265625, 0.97371906042099, 0.17415717244148254, 0.14682051539421082, 0.1683519333600998, -0.11603270471096039, -0.978881299495697, -0.15344005823135376, 0.9778582453727722, -0.14230267703533173),
        }},
        {Time = 0.150, Data = {
            ["LeftUpperArm"] = CFrame.new(-0.25846099853515625, -1.045820713043213, 0.18962478637695312, 0.9735193848609924, -0.1838088482618332, -0.1359758973121643, -0.09296703338623047, 0.22510933876037598, -0.9698951840400696, 0.208883136510849, 0.9568385481834412, 0.20206183195114136),
            ["LowerTorso"] = CFrame.new(0, 1.6708388328552246, 0.095428466796875, 1.0000038146972656, 8.719264599221788e-08, 2.3908540924821864e-07, -1.4391282832093566e-07, 0.968299388885498, -0.24980783462524414, 2.2355136763962946e-07, 0.24980676174163818, 0.968295693397522),
            ["UpperTorso"] = CFrame.new(0, 0, 0, 1, 0, 0, 0, 1, 0, 0, 0, 1),
            ["HumanoidRootPart"] = CFrame.new(0, 0, 0, 1, 0, 0, 0, 1, 0, 0, 0, 1),
            ["RightUpperArm"] = CFrame.new(0.255523681640625, -1.041806697845459, 0.1596221923828125, 0.9737191200256348, 0.10580728948116302, 0.2017209678888321, 0.16835106909275055, 0.2622655928134918, -0.9502041935920715, -0.1534406542778015, 0.9591776132583618, 0.23756176233291626),
        }},
        {Time = 0.200, Data = {
            ["LeftUpperArm"] = CFrame.new(-0.36837005615234375, -1.3562936782836914, 0.5636749267578125, 0.9735158085823059, -0.16848571598529816, -0.15455466508865356, -0.09296596795320511, 0.3258802890777588, -0.9408326148986816, 0.20888251066207886, 0.9302766919136047, 0.30158665776252747),
            ["LowerTorso"] = CFrame.new(0, 2.122995615005493, -0.16109466552734375, 1.0000038146972656, 9.048022775459685e-08, 2.338839522053604e-07, -1.1749364148272434e-07, 0.9301552772521973, -0.3671768605709076, 2.260683658050766e-07, 0.3671753704547882, 0.9301517009735107),
            ["UpperTorso"] = CFrame.new(0, 0, 0, 1, 0, 0, 0, 1, 0, 0, 0, 1),
            ["HumanoidRootPart"] = CFrame.new(0, 0, 0, 1, 0, 0, 0, 1, 0, 0, 0, 1),
            ["RightUpperArm"] = CFrame.new(0.34626007080078125, -1.2698173522949219, 0.48529052734375, 0.9737155437469482, 0.08648621290922165, 0.21072690188884735, 0.1683494597673416, 0.34994328022003174, -0.9215230345726013, -0.1534404456615448, 0.9327699542045593, 0.32618576288223267),
        }},
        {Time = 0.250, Data = {
            ["LeftUpperArm"] = CFrame.new(-0.2545928955078125, -1.043576717376709, 0.17258453369140625, 0.9735193252563477, -0.20267052948474884, -0.10582930594682693, -0.0929672047495842, 0.0719924122095108, -0.9930709004402161, 0.20888298749923706, 0.976597011089325, 0.051244694739580154),
            ["LowerTorso"] = CFrame.new(0.00000762939453125, 1.6439623832702637, 0.1481475830078125, 0.9999947547912598, -0.005078922025859356, 4.863313165515137e-07, 0.005051278509199619, 0.9945889115333557, -0.10384011268615723, 0.0005278610624372959, 0.103837750852108, 0.9945940375328064),
            ["UpperTorso"] = CFrame.new(0, 0, 0, 1, 0, 0, 0, 1, 0, 0, 0, 1),
            ["HumanoidRootPart"] = CFrame.new(0, 0, 0, 1, 0, 0, 0, 1, 0, 0, 0, 1),
            ["RightUpperArm"] = CFrame.new(0.255523681640625, -1.041801929473877, 0.1596221923828125, 0.9737191200256348, 0.1430976539850235, 0.17722779512405396, 0.16835099458694458, 0.07202059775590897, -0.9831002950668335, -0.1534404158592224, 0.9870848059654236, 0.04603784158825874),
        }},
        {Time = 0.300, Data = {
            ["LeftUpperArm"] = CFrame.new(-0.14081573486328125, -0.7308511734008789, -0.21851348876953125, 0.9735190868377686, -0.21374788880348206, -0.08116224408149719, -0.09296765923500061, -0.045751847326755524, -0.9946249127388, 0.20888333022594452, 0.9758172035217285, -0.06441338360309601),
            ["LowerTorso"] = CFrame.new(0, 1.1649062633514404, 0.45738983154296875, 1.0000038146972656, -1.0263072880434265e-07, 2.2370343799593684e-07, -3.585750008028299e-08, 0.9964241981506348, 0.08453676849603653, 2.452592866575287e-07, -0.08453655987977982, 0.9964203834533691),
            ["UpperTorso"] = CFrame.new(0, 0, 0, 1, 0, 0, 0, 1, 0, 0, 0, 1),
            ["HumanoidRootPart"] = CFrame.new(0, 0, 0, 1, 0, 0, 0, 1, 0, 0, 0, 1),
            ["RightUpperArm"] = CFrame.new(0.16477203369140625, -0.8137807846069336, -0.1660614013671875, 0.9737191796302795, 0.1630261242389679, 0.1590896099805832, 0.16835184395313263, -0.04458284005522728, -0.9847258925437927, -0.15344001352787018, 0.9856145977973938, -0.07085800170898438),
        }},
        {Time = 0.350, Data = {
            ["LeftUpperArm"] = CFrame.new(-0.0663909912109375, -0.6771574020385742, -0.5414924621582031, 0.9735153913497925, -0.21460819244384766, -0.07885821163654327, -0.09296761453151703, -0.05644945800304413, -0.9940714240074158, 0.20888319611549377, 0.9750677347183228, -0.07490628957748413),
            ["LowerTorso"] = CFrame.new(0, 1.0598516464233398, 0.7872505187988281, 1.0000038146972656, -1.1876064576199497e-07, 2.1750130940745294e-07, -2.795633946561793e-08, 0.9924888610839844, 0.12236638367176056, 2.4643892970743764e-07, -0.1223660409450531, 0.9924850463867188),
            ["UpperTorso"] = CFrame.new(0, 0, 0, 1, 0, 0, 0, 1, 0, 0, 0, 1),
            ["HumanoidRootPart"] = CFrame.new(0, 0, 0, 1, 0, 0, 0, 1, 0, 0, 0, 1),
            ["RightUpperArm"] = CFrame.new(0.109222412109375, -0.780613899230957, -0.4821014404296875, 0.9737152457237244, 0.17351676523685455, 0.14757445454597473, 0.16835051774978638, -0.11177711188793182, -0.979373037815094, -0.153440460562706, 0.9784671664237976, -0.1380504071712494),
        }},
        {Time = 0.400, Data = {
            ["LeftUpperArm"] = CFrame.new(0.0013427734375, -0.6252174377441406, -0.8340568542480469, 0.9735190272331238, -0.21544510126113892, -0.07654578983783722, -0.09296853840351105, -0.06713899224996567, -0.9934102296829224, 0.20888365805149078, 0.9742059111595154, -0.0853927880525589),
            ["LowerTorso"] = CFrame.new(0, 1.044708013534546, 0.8903999328613281, 1.0000076293945312, -1.1921019904548302e-07, 4.768389203491097e-07, -1.1921021325633774e-07, 0.9871118068695068, 0.16007979214191437, 4.768389203491097e-07, -0.16008003056049347, 0.9871041774749756),
            ["Head"] = CFrame.new(0, 0, 0, 1.0000076293945312, -1.9398333961362368e-07, 4.5161587536313164e-07, -1.9398333961362368e-07, 0.9736850261688232, 0.22793138027191162, 4.516159322065505e-07, -0.2279292196035385, 0.9736778140068054),
            ["UpperTorso"] = CFrame.new(0, 0, 0, 1, 0, 0, 0, 1, 0, 0, 0, 1),
            ["HumanoidRootPart"] = CFrame.new(0, 0, 0, 1, 0, 0, 0, 1, 0, 0, 0, 1),
            ["RightUpperArm"] = CFrame.new(0.075592041015625, -0.7615594863891602, -0.674468994140625, 0.9737184047698975, 0.17183001339435577, 0.1495385766029358, 0.16835328936576843, -0.10064712166786194, -0.9805823564529419, -0.15343934297561646, 0.9799720644950867, -0.1269313395023346),
        }},
    }
}