return {
    ["Gravy Dance"] = {
        {Time = 0.000, Data = {
            ["RightFoot"] = CFrame.new(-2.070246196694825e-09, 2.384185791015625e-07, -5.007314030081034e-08, 0.9998918771743774, -0.014639065600931644, -0.0013921117642894387, 0.01397695392370224, 0.9755330681800842, -0.21940788626670837, 0.004569981247186661, 0.2193651646375656, 0.9756322503089905),
            ["LeftLowerArm"] = CFrame.new(0, 1.7881393432617188e-07, -1.4901161193847656e-08, 1, -1.257285298095212e-08, -3.725290298461914e-09, 1.6763806343078613e-08, 1, -5.587935447692871e-09, 1.862645149230957e-09, -5.587934559514451e-09, 1),
            ["RightUpperArm"] = CFrame.new(0, 0, 0, 0.987974226474762, 0.15461930632591248, -1.051340348112717e-09, -0.15461930632591248, 0.987974226474762, -1.3517247765548746e-08, -1.0513404591350195e-09, 1.3517249541905585e-08, 1),
            ["Head"] = CFrame.new(0, 0, 0, 1, -1.058700416223246e-08, -5.706665695548452e-10, 1.058768894779405e-08, 0.9943335056304932, 0.10630588978528976, -5.580328976684257e-10, -0.10630576312541962, 0.9943335652351379),
            ["RightHand"] = CFrame.new(-5.962879612297911e-08, 0, -3.0461646538526566e-09, 1, -1.42110936181978e-17, 0, -1.4211229275818258e-17, 1, -4.3021142204224816e-16, 0, 2.3592239273284576e-16, 1),
            ["UpperTorso"] = CFrame.new(0, -1.1920928955078125e-07, 0, 1, 0, 0, 0, 1, 0, 0, 0, 1),
            ["HumanoidRootPart"] = CFrame.new(0, 0, 0, 1, 0, 0, 0, 1, 0, 0, 0, 1),
            ["RightUpperLeg"] = CFrame.new(0, 0, 1.673470251262188e-10, 0.9998918771743774, 0.013461683876812458, -0.005918331444263458, -0.014704123139381409, 0.9201869964599609, -0.3912030756473541, 0.00017971955821849406, 0.39124786853790283, 0.9202853441238403),
            ["LeftUpperArm"] = CFrame.new(0, 0, 0, 0.9781574010848999, -0.20564809441566467, -0.03028080239892006, 0.2060893326997757, 0.94045090675354, 0.2703317701816559, -0.027115605771541595, -0.27066758275032043, 0.9622909426689148),
            ["RightLowerArm"] = CFrame.new(5.960464477539063e-08, 0, 1.5872995140497892e-09, 1, -1.42110936181978e-17, 0, -1.4211229275818258e-17, 1, -4.3021142204224816e-16, 0, 2.3592239273284576e-16, 1),
            ["LeftHand"] = CFrame.new(1.4156103134155273e-07, -2.384185791015625e-07, -2.2351741790771484e-08, 1, -2.8871003365793513e-08, -7.450580596923828e-09, 1.7229467630386353e-08, 1, -4.6566128730773926e-09, 1.862645149230957e-09, 2.374872920540838e-08, 1),
            ["LeftFoot"] = CFrame.new(6.226062509995245e-08, -1.1920928955078125e-07, 1.1203852068319975e-08, 0.9992151260375977, -0.013714098371565342, -0.03716552257537842, 0.004722424782812595, 0.9727123379707336, -0.23196640610694885, 0.039332564920186996, 0.2316088229417801, 0.972013533115387),
            ["LowerTorso"] = CFrame.new(0.02401203289628029, -0.02883732318878174, 0.02297457866370678, 1, 0, 0, 0, 1, 0, 0, 0, 1),
            ["RightLowerLeg"] = CFrame.new(4.169123712927103e-09, -0.00015437602996826172, -0.00006407283217413351, 1, -1.0343858747319246e-07, -3.8504357036117653e-08, 1.0030635166913271e-07, 0.7450301051139832, 0.6670305728912354, -3.808236215263605e-08, -0.6670308113098145, 0.7450302839279175),
            ["LeftUpperLeg"] = CFrame.new(0, 0, 0, 0.9992151260375977, 0.023900385946035385, 0.03159307315945625, -0.013714052736759186, 0.9568840265274048, -0.2901462912559509, -0.03716551885008812, 0.28948524594306946, 0.9564606547355652),
            ["LeftLowerLeg"] = CFrame.new(3.259629011154175e-08, 0.00015419721603393555, 0.00006408989429473877, 1, 4.330649971961975e-08, 1.3969836842875338e-08, -4.284084198502569e-08, 0.8637349605560303, 0.5039464235305786, 1.4435501682896756e-08, -0.5039464831352234, 0.8637349009513855),
        }},
        {Time = 0.033, Data = {
            ["RightFoot"] = CFrame.new(2.503630014416558e-08, 1.1920928955078125e-07, -2.684828359633684e-08, 0.9999120831489563, -0.0132360327988863, 0.0008510949555784464, 0.012610851787030697, 0.9288821220397949, -0.370160311460495, 0.004108887631446123, 0.370138943195343, 0.9289675951004028),
            ["LeftLowerArm"] = CFrame.new(-2.9802322387695312e-08, 1.1920928955078125e-07, 1.1548399925231934e-07, 1, 4.190952029858863e-09, 9.31322685637781e-10, 1.4901161193847656e-08, 0.9972326755523682, -0.07434415817260742, 5.587935447692871e-09, 0.07434414327144623, 0.9972327351570129),
            ["RightUpperArm"] = CFrame.new(-0.0002136826515197754, -0.00008797645568847656, -0.00019789906218647957, 0.9803718328475952, 0.19643256068229675, -0.016889357939362526, -0.19577789306640625, 0.9800499677658081, 0.034253716468811035, 0.023280955851078033, -0.030274823307991028, 0.999270498752594),
            ["Head"] = CFrame.new(-1.280568540096283e-09, 0, -2.837623469531536e-10, 0.999820351600647, 0.007496260572224855, 0.017413463443517685, -0.009797303937375546, 0.990651547908783, 0.13606493175029755, -0.01623069867491722, -0.13621096312999725, 0.9905468821525574),
            ["RightHand"] = CFrame.new(6.600748747587204e-08, 5.960464477539063e-08, -1.862645149230957e-09, 0.9987363219261169, -0.05025767907500267, -3.3760443329811096e-09, 0.05025768280029297, 0.9987363219261169, 4.190951585769653e-09, 0, -3.725290298461914e-09, 1),
            ["UpperTorso"] = CFrame.new(2.232809492852539e-09, 0, -1.9031176634598523e-09, 0.9999694228172302, 0.004609214141964912, -0.006325815338641405, -0.0048050656914711, 0.9994984865188599, -0.03130302578210831, 0.006178359035402536, 0.03133246302604675, 0.9994900226593018),
            ["HumanoidRootPart"] = CFrame.new(0, 0, 0, 1, 0, 0, 0, 1, 0, 0, 0, 1),
            ["RightUpperLeg"] = CFrame.new(1.1920928955078125e-07, -1.712469384074211e-07, -4.591129254549742e-09, 0.9995251297950745, 0.02416575327515602, -0.019121788442134857, -0.03070945478975773, 0.8326693773269653, -0.5529183745384216, 0.0025604404509067535, 0.5532430410385132, 0.8330159783363342),
            ["LeftUpperArm"] = CFrame.new(-0.0000021457672119140625, -0.000011920928955078125, -0.000001909211277961731, 0.9785370826721191, -0.20538394153118134, -0.016812261193990707, 0.20142611861228943, 0.9360686540603638, 0.28844964504241943, -0.04350549727678299, -0.28564509749412537, 0.9573475122451782),
            ["RightLowerArm"] = CFrame.new(0, -5.960464477539063e-08, -1.1175870895385742e-08, 1, 1.1088559404015541e-08, -2.6775524020195007e-09, -3.725290298461914e-09, 1, 0, 2.3283064365386963e-10, 4.656612873077393e-10, 1),
            ["LeftHand"] = CFrame.new(-3.166496753692627e-08, 5.960464477539063e-08, 5.4016709327697754e-08, 1, -1.0710210496256423e-08, -4.6566128730773926e-09, 3.58559226754096e-08, 1, 5.448237061500549e-08, 0, -7.217750841448378e-09, 1),
            ["LeftFoot"] = CFrame.new(-3.079185262322426e-08, -5.960464477539063e-08, 1.1175870895385742e-08, 0.9996441602706909, -0.006794028449803591, -0.02579665556550026, -0.004094797186553478, 0.9164839386940002, -0.4000503420829773, 0.026360152289271355, 0.40001368522644043, 0.916130006313324),
            ["LowerTorso"] = CFrame.new(0.01971762627363205, -0.16510510444641113, 0.018892573192715645, 0.9998445510864258, -0.01763312518596649, 0.0003612927393987775, 0.017631247639656067, 0.9998337626457214, 0.004667127504944801, -0.00044352872646413743, -0.004660032223910093, 0.9999890327453613),
            ["RightLowerLeg"] = CFrame.new(4.44706529378891e-08, -0.0001544952392578125, -0.00006398621917469427, 1, -1.3259696629575046e-07, -7.823108916227284e-08, 1.3108366658798332e-07, 0.48206305503845215, 0.8761365413665771, -7.729978079851207e-08, -0.8761366009712219, 0.4820631444454193),
            ["LeftUpperLeg"] = CFrame.new(0, -3.958848537877202e-08, -4.583853296935558e-09, 0.9989442825317383, 0.044112060219049454, 0.012831471860408783, -0.029480814933776855, 0.8297406435012817, -0.5573700666427612, -0.03523353487253189, 0.5564033389091492, 0.8301650285720825),
            ["LeftLowerLeg"] = CFrame.new(-5.8673322200775146e-08, 0.00015437602996826172, 0.00006406102329492569, 1, 7.404013047107583e-08, 4.2375173592290594e-08, -7.264316792543468e-08, 0.49565520882606506, 0.8685193657875061, 4.4703490686970326e-08, -0.8685194253921509, 0.49565523862838745),
        }},
        {Time = 0.067, Data = {
            ["RightFoot"] = CFrame.new(-2.0907009457005188e-10, 2.980232238769531e-07, -1.3023964129388332e-08, 0.9999307990074158, -0.010701733641326427, 0.004902565851807594, 0.011765445582568645, 0.8955743908882141, -0.44475606083869934, 0.0003690475132316351, 0.4447832703590393, 0.8956384062767029),
            ["LeftLowerArm"] = CFrame.new(-5.960464477539063e-08, 2.980232238769531e-07, -1.564621925354004e-07, 1, -1.7462298274040222e-08, -4.6566133171666024e-09, 3.073364496231079e-08, 0.9598346948623657, -0.28056615591049194, 0, 0.28056612610816956, 0.9598347544670105),
            ["RightUpperArm"] = CFrame.new(-0.0004830360412597656, -0.00019860267639160156, -0.000447198748588562, 0.977462649345398, 0.21045300364494324, 0.016625327989459038, -0.21076397597789764, 0.9773342609405518, 0.019909484311938286, -0.012058492749929428, -0.022964797914028168, 0.9996635913848877),
            ["Head"] = CFrame.new(-3.434251993894577e-09, -2.384185791015625e-07, 4.71482053399086e-09, 0.9994983077049255, 0.015986289829015732, 0.027345560491085052, -0.019418202340602875, 0.9912929534912109, 0.13023541867733002, -0.02502548135817051, -0.1307009607553482, 0.9911059737205505),
            ["RightHand"] = CFrame.new(1.5264959074556828e-07, -1.1920928955078125e-07, -9.313225746154785e-10, 0.9829371571540833, -0.18394215404987335, -1.1641533292916506e-09, 0.18394213914871216, 0.9829371571540833, 1.6647392797608518e-08, -1.4624677024954735e-09, -1.6230844224196517e-08, 1),
            ["UpperTorso"] = CFrame.new(2.752130967564881e-09, 2.9802322387695312e-08, 1.8236505638924427e-09, 0.9999255537986755, 0.007323920726776123, -0.009763136506080627, -0.007695835083723068, 0.9992245435714722, -0.038616593927145004, 0.0094727398827672, 0.03868885710835457, 0.9992064237594604),
            ["HumanoidRootPart"] = CFrame.new(0, 0, 0, 1, 0, 0, 0, 1, 0, 0, 0, 1),
            ["RightUpperLeg"] = CFrame.new(0, 1.6609556041657925e-07, 1.127773430198431e-09, 0.9990742802619934, 0.028725938871502876, -0.03202296420931816, -0.04250510409474373, 0.773891806602478, -0.6318899989128113, 0.006630677729845047, 0.6326660513877869, 0.7743963003158569),
            ["LeftUpperArm"] = CFrame.new(-0.000004649162292480469, -0.00002682209014892578, -0.000004330649971961975, 0.9781559705734253, -0.20668920874595642, -0.022147122770547867, 0.20177966356277466, 0.9184764623641968, 0.34012654423713684, -0.04995888099074364, -0.3371656537055969, 0.9401188492774963),
            ["RightLowerArm"] = CFrame.new(-5.960464477539063e-08, 3.5762786865234375e-07, -1.862645149230957e-09, 1, -1.6236301192407154e-08, 1.1641533570472262e-10, -1.3460522696462363e-09, 1, 4.656613428188905e-10, 1.1641533570472262e-10, -1.1641533570472262e-10, 1),
            ["LeftHand"] = CFrame.new(7.264316082000732e-08, -2.980232238769531e-07, 0, 1, 1.2456439435482025e-08, -5.587935447692871e-09, -1.7695127141337252e-08, 1, 1.955777406692505e-08, 0, 3.259629011154175e-09, 1),
            ["LeftFoot"] = CFrame.new(1.1525116860866547e-08, -1.1920928955078125e-07, 2.9802322387695312e-08, 0.9999535083770752, 0.007619607262313366, 0.005918462295085192, -0.004626397974789143, 0.9169836044311523, -0.3988981544971466, -0.008466587401926517, 0.3988521099090576, 0.9169761538505554),
            ["LowerTorso"] = CFrame.new(0.01457710936665535, -0.25493037700653076, 0.015083837322890759, 0.9994770288467407, -0.032328784465789795, 0.0007272218354046345, 0.032318565994501114, 0.9994142651557922, 0.011254338547587395, -0.0010906349634751678, -0.011224950663745403, 0.9999364018440247),
            ["RightLowerLeg"] = CFrame.new(-3.632158041000366e-08, -0.00015431642532348633, -0.0000641925071249716, 1, -1.4156096028727916e-07, -1.0154325025268918e-07, 1.4319084584712982e-07, 0.3232031762599945, 0.9463295340538025, -1.0058283805847168e-07, -0.946329653263092, 0.3232033848762512),
            ["LeftUpperLeg"] = CFrame.new(0, 2.3105530999600887e-07, -1.1641532182693481e-10, 0.9986436367034912, 0.051479682326316833, -0.007794032339006662, -0.04136486351490021, 0.6935363411903381, -0.7192332148551941, -0.03162045031785965, 0.7185800075531006, 0.6947250962257385),
            ["LeftLowerLeg"] = CFrame.new(3.725290298461914e-09, 0.00015425682067871094, 0.00006404705345630646, 1, 8.568166975919667e-08, 6.984918599073353e-08, -8.521601557731628e-08, 0.1653311550617218, 0.9862380623817444, 7.031485438346863e-08, -0.9862381219863892, 0.16533133387565613),
        }},
        {Time = 0.100, Data = {
            ["RightFoot"] = CFrame.new(8.854669886204647e-09, 4.172325134277344e-07, 8.747156243771315e-08, 0.9999208450317383, -0.007403361611068249, 0.010174858383834362, 0.011391393840312958, 0.8760827779769897, -0.4820256531238556, -0.0053453994914889336, 0.48210397362709045, 0.8760980367660522),
            ["LeftLowerArm"] = CFrame.new(-2.9802322387695312e-08, -1.1920928955078125e-07, 1.2665987014770508e-07, 1, -5.029141192380848e-08, 3.7252898543727042e-09, 4.284083843231201e-08, 0.8188313245773315, -0.5740340948104858, 1.4901161193847656e-08, 0.5740340948104858, 0.8188313245773315),
            ["RightUpperArm"] = CFrame.new(-0.0007494091987609863, -0.00030815601348876953, -0.0006939265877008438, 0.9752514958381653, 0.2034319043159485, 0.08660278469324112, -0.2017441838979721, 0.9790406227111816, -0.02790658362209797, -0.09046473354101181, 0.009744333103299141, 0.995851993560791),
            ["Head"] = CFrame.new(-5.2532413974404335e-09, -2.384185791015625e-07, 4.0745362639427185e-10, 0.999230682849884, 0.024343103170394897, 0.03075055405497551, -0.027223758399486542, 0.994909405708313, 0.09702658653259277, -0.028232084587216377, -0.097788967192173, 0.994806706905365),
            ["RightHand"] = CFrame.new(8.102506399154663e-08, 0, 0, 0.9288740754127502, -0.3703958988189697, -1.5366824257512235e-08, 0.3703959286212921, 0.9288740158081055, 2.8871003365793513e-08, -1.862645371275562e-09, -2.7939680791178034e-08, 1),
            ["UpperTorso"] = CFrame.new(3.651621227618307e-10, 1.1920928955078125e-07, -1.3169483281672e-09, 0.9999053478240967, 0.008553477935492992, -0.010780743323266506, -0.008844497613608837, 0.9995898008346558, -0.027242843061685562, 0.010543298907577991, 0.02733561024069786, 0.9995707869529724),
            ["HumanoidRootPart"] = CFrame.new(0, 0, 0, 1, 0, 0, 0, 1, 0, 0, 0, 1),
            ["RightUpperLeg"] = CFrame.new(0, 2.9687362257391214e-07, -7.275957614183426e-12, 0.9987041354179382, 0.02871786244213581, -0.04201611131429672, -0.04951050132513046, 0.7393489480018616, -0.6714996695518494, 0.011780528351664543, 0.6727097630500793, 0.7398126721382141),
            ["LeftUpperArm"] = CFrame.new(-0.000007510185241699219, -0.000041961669921875, -0.000006714370101690292, 0.9774301052093506, -0.2073419988155365, -0.040494196116924286, 0.20541132986545563, 0.8879634141921997, 0.41149404644966125, -0.04936261847615242, -0.4105246961116791, 0.9105124473571777),
            ["RightLowerArm"] = CFrame.new(-5.960464477539063e-08, 1.7881393432617188e-07, -1.862645149230957e-09, 1, 1.5366822481155396e-08, -2.3283066585833012e-09, -1.3853423297405243e-08, 1, -3.725290742551124e-09, -9.313225746154785e-10, 0, 1),
            ["LeftHand"] = CFrame.new(-4.1443854570388794e-08, 0, -7.450580596923828e-09, 1, -4.190952029858863e-09, 3.725290298461914e-09, 9.313225746154785e-09, 1, 9.313225746154785e-09, 3.725290298461914e-09, -2.0489098417897367e-08, 1),
            ["LeftFoot"] = CFrame.new(-1.909211277961731e-08, 5.960464477539063e-08, -9.313225746154785e-09, 0.99819415807724, 0.021069131791591644, 0.05625377967953682, -0.003628331236541271, 0.955909013748169, -0.2936404347419739, -0.059960272163152695, 0.2929060459136963, 0.9542592763900757),
            ["LowerTorso"] = CFrame.new(0.009000972844660282, -0.305560827255249, 0.011350579559803009, 0.9990729689598083, -0.04303726553916931, 0.0009959483286365867, 0.04301014542579651, 0.9988890290260315, 0.019256331026554108, -0.0018235815223306417, -0.019195644184947014, 0.9998140931129456),
            ["RightLowerLeg"] = CFrame.new(4.6566128730773926e-08, -0.0001544952392578125, -0.00006399227277142927, 1, -1.4761452860057034e-07, -1.1431984603404999e-07, 1.4854595065116882e-07, 0.23974449932575226, 0.9708359837532043, -1.1548399925231934e-07, -0.9708359837532043, 0.23974467813968658),
            ["LeftUpperLeg"] = CFrame.new(8.940696716308594e-08, 2.141459845006466e-07, -2.735760062932968e-09, 0.998473048210144, 0.04921037703752518, -0.025098074227571487, -0.04823104664683342, 0.5550898313522339, -0.830390989780426, -0.026932168751955032, 0.830333411693573, 0.5566156506538391),
            ["LeftLowerLeg"] = CFrame.new(-2.6542693376541138e-08, 0.0001544356346130371, 0.00006412062793970108, 1, 8.61473310465044e-08, 9.592622518539429e-08, -8.568167686462402e-08, -0.11126842349767685, 0.9937904477119446, 9.73232090473175e-08, -0.9937903881072998, -0.11126837879419327),
        }},
        {Time = 0.133, Data = {
            ["RightFoot"] = CFrame.new(-2.0787865651072934e-08, 4.76837158203125e-07, -3.164313966408372e-08, 0.9998668432235718, -0.003845397848635912, 0.015861062332987785, 0.011209351941943169, 0.8681654930114746, -0.49614769220352173, -0.011862160637974739, 0.4962599575519562, 0.8680933117866516),
            ["LeftLowerArm"] = CFrame.new(-8.940696716308594e-08, 3.5762786865234375e-07, 2.9802322387695312e-08, 1, -5.4016709327697754e-08, 4.8428766774577525e-08, 5.960464477539063e-08, 0.5287883877754211, -0.8487536907196045, 5.587935447692871e-08, 0.8487537503242493, 0.5287884473800659),
            ["RightUpperArm"] = CFrame.new(-0.0009548664093017578, -0.0003927946090698242, -0.0008841129019856453, 0.9663995504379272, 0.18246020376682281, 0.1810535341501236, -0.1680568903684616, 0.9814687371253967, -0.09206608682870865, -0.19449679553508759, 0.058545343577861786, 0.9791544675827026),
            ["Head"] = CFrame.new(1.516309566795826e-08, -1.1920928955078125e-07, 6.28642737865448e-09, 0.9991128444671631, 0.030811231583356857, 0.02871241420507431, -0.032064322382211685, 0.9985055923461914, 0.04425535723567009, -0.02730594575405121, -0.045136626809835434, 0.9986076354980469),
            ["RightHand"] = CFrame.new(-7.078051567077637e-08, 0, -1.4901161193847656e-08, 0.8224882483482361, -0.5687821507453918, -2.980232594040899e-08, 0.5687822103500366, 0.8224882483482361, 4.842878098543224e-08, 1.862645149230957e-09, -4.842877388000488e-08, 1),
            ["UpperTorso"] = CFrame.new(-6.2664184952154756e-09, -1.4901161193847656e-07, -2.091837814077735e-09, 0.9999142289161682, 0.008537770248949528, -0.009937389753758907, -0.008561366237699986, 0.9999606609344482, -0.002334112534299493, 0.009917070157825947, 0.0024189904797822237, 0.9999479055404663),
            ["HumanoidRootPart"] = CFrame.new(0, 0, 0, 1, 0, 0, 0, 1, 0, 0, 0, 1),
            ["RightUpperLeg"] = CFrame.new(5.960464477539063e-08, -2.816086634993553e-07, -4.605681169778109e-09, 0.9985353946685791, 0.025331048294901848, -0.04780685529112816, -0.05128801241517067, 0.7245058417320251, -0.6873577833175659, 0.017224859446287155, 0.6888030767440796, 0.7247439026832581),
            ["LeftUpperArm"] = CFrame.new(-0.000009298324584960938, -0.00005316734313964844, -0.000008551403880119324, 0.9765117764472961, -0.20519061386585236, -0.06573895364999771, 0.21080419421195984, 0.8467276096343994, 0.4884812831878662, -0.044568803161382675, -0.4908658564090729, 0.8700944781303406),
            ["RightLowerArm"] = CFrame.new(0, 2.980232238769531e-07, -2.2351741790771484e-08, 1, 4.190951585769653e-09, -8.381904059717726e-09, 5.587935447692871e-09, 1, -1.862645371275562e-09, 7.450580596923828e-09, 0, 1),
            ["LeftHand"] = CFrame.new(-7.548078428953886e-08, -3.5762786865234375e-07, 2.584420144557953e-08, 1, -1.6763808119435453e-08, -1.862645149230957e-08, -7.450581485102248e-09, 1, -3.166496753692627e-08, -7.450581485102248e-09, 3.166497108963995e-08, 1),
            ["LeftFoot"] = CFrame.new(1.1641532182693481e-09, -1.1920928955078125e-07, 2.3283064365386963e-08, 0.9925623536109924, 0.024827877059578896, 0.11917879432439804, -0.011065330356359482, 0.9933294653892517, -0.11477915197610855, -0.12123356759548187, 0.11260689795017242, 0.9862160682678223),
            ["LowerTorso"] = CFrame.new(0.0033996994607150555, -0.3242446184158325, 0.007495001424103975, 0.9988121390342712, -0.04871433228254318, 0.0011103213764727116, 0.04866378754377365, 0.9984180331230164, 0.02816842496395111, -0.002480770694091916, -0.028080936521291733, 0.9996025562286377),
            ["RightLowerLeg"] = CFrame.new(-7.28759914636612e-08, -0.0001545548439025879, -0.00006405048043234274, 1, -1.49477187960656e-07, -1.1641529340522538e-07, 1.4889519661664963e-07, 0.2111223340034485, 0.9774596691131592, -1.1816155165433884e-07, -0.977459728717804, 0.2111223191022873),
            ["LeftUpperLeg"] = CFrame.new(0, -4.0658051148056984e-08, -2.6775524020195007e-09, 0.9985617995262146, 0.04053875803947449, -0.035084810107946396, -0.04894833639264107, 0.4223827123641968, -0.9050949811935425, -0.02187219448387623, 0.9055106043815613, 0.4237596094608307),
            ["LeftLowerLeg"] = CFrame.new(1.0826624929904938e-08, 0.00015431642532348633, 0.00006410852074623108, 1, 8.527423034365711e-08, 1.1129304766654968e-07, -8.128700557108459e-08, -0.3267161250114441, 0.9451225399971008, 1.1635712837687606e-07, -0.9451225996017456, -0.3267161250114441),
        }},
        {Time = 0.167, Data = {
            ["RightFoot"] = CFrame.new(2.9876332519052085e-08, 2.980232238769531e-07, 3.918103175237775e-08, 0.9997760653495789, -0.0005323765799403191, 0.02115497924387455, 0.010930785909295082, 0.8689855933189392, -0.49471643567085266, -0.018119972199201584, 0.4948371648788452, 0.8687970042228699),
            ["LeftLowerArm"] = CFrame.new(1.1920928955078125e-07, -5.960464477539063e-08, 2.086162567138672e-07, 1, -6.33299421792799e-08, 6.705523247774181e-08, 9.872019290924072e-08, 0.15435315668582916, -0.9880158305168152, 8.940696716308594e-08, 0.9880158305168152, 0.1543530970811844),
            ["RightUpperArm"] = CFrame.new(-0.0010408759117126465, -0.0004284381866455078, -0.0009638075716793537, 0.9458136558532715, 0.15306979417800903, 0.2863672971725464, -0.11226049065589905, 0.9816797375679016, -0.15395614504814148, -0.3046869933605194, 0.11346612125635147, 0.9456698298454285),
            ["Head"] = CFrame.new(2.741580829024315e-08, -3.5762786865234375e-07, 2.1827872842550278e-08, 0.9991859197616577, 0.033377569168806076, 0.022663215175271034, -0.03292470797896385, 0.9992563128471375, -0.02006996050477028, -0.023316245526075363, 0.01930754818022251, 0.999541699886322),
            ["RightHand"] = CFrame.new(-3.725290298461914e-08, 0, -4.470348358154297e-08, 0.6746361255645752, -0.7381504774093628, -4.190951585769653e-08, 0.7381504774093628, 0.6746361255645752, 5.21540641784668e-08, -1.862645149230957e-08, -8.195638656616211e-08, 1),
            ["UpperTorso"] = CFrame.new(-7.1995600592345e-09, -5.960464477539063e-08, -8.640199666842818e-09, 0.9999415874481201, 0.007453253958374262, -0.007835868746042252, -0.007207227870821953, 0.9994943737983704, 0.030969055369496346, 0.008062727749347687, -0.03091077134013176, 0.9994896650314331),
            ["HumanoidRootPart"] = CFrame.new(0, 0, 0, 1, 0, 0, 0, 1, 0, 0, 0, 1),
            ["RightUpperLeg"] = CFrame.new(-2.9802322387695312e-08, 4.5285560190677643e-07, -5.24596543982625e-09, 0.9986311793327332, 0.019055616110563278, -0.048711828887462616, -0.04736484959721565, 0.7245703935623169, -0.6875713467597961, 0.022193048149347305, 0.6889373660087585, 0.7244810461997986),
            ["LeftUpperArm"] = CFrame.new(-0.000010251998901367188, -0.00005829334259033203, -0.000009319745004177094, 0.9756286144256592, -0.19944292306900024, -0.09149502217769623, 0.2160979062318802, 0.8009372353553772, 0.558391809463501, -0.038085512816905975, -0.5645549297332764, 0.8245164155960083),
            ["RightLowerArm"] = CFrame.new(-2.9802322387695312e-08, 2.980232238769531e-07, -1.4901161193847656e-08, 1, 3.725290298461914e-09, -5.587935447692871e-09, 9.31322685637781e-10, 1, -1.1175870895385742e-08, -2.7939681679356454e-09, 0, 1),
            ["LeftHand"] = CFrame.new(1.9045546650886536e-07, 1.7881393432617188e-07, 8.940696716308594e-08, 1, 1.1175872671742582e-08, 7.450581485102248e-09, -1.862645326866641e-08, 1, 5.2154071283894154e-08, 7.450581485102248e-09, 2.6077035641947077e-08, 1),
            ["LeftFoot"] = CFrame.new(1.1175870895385742e-08, 1.7881393432617188e-07, -1.210719347000122e-08, 0.9828260540962219, 0.016427060589194298, 0.18380194902420044, -0.03403571620583534, 0.995078444480896, 0.0930621400475502, -0.1813686043024063, -0.09771978110074997, 0.9785480499267578),
            ["LowerTorso"] = CFrame.new(-0.0018162233754992485, -0.3182295560836792, 0.003319311887025833, 0.9988316297531128, -0.04831414669752121, 0.0010524803074076772, 0.04824079945683479, 0.9981319308280945, 0.037489913403987885, -0.0028618068899959326, -0.037395332008600235, 0.9992965459823608),
            ["RightLowerLeg"] = CFrame.new(-1.0244548320770264e-07, -0.0001545548439025879, -0.00006395734817488119, 1, -1.4761454281142505e-07, -1.1792870679983025e-07, 1.4563556760549545e-07, 0.22150106728076935, 0.9751601219177246, -1.2014061212539673e-07, -0.9751601219177246, 0.221501424908638),
            ["LeftUpperLeg"] = CFrame.new(-5.960464477539063e-08, 3.0895171221345663e-07, -1.2863893061876297e-08, 0.9989454746246338, 0.029422719031572342, -0.035245779901742935, -0.04256125167012215, 0.30552786588668823, -0.9512314796447754, -0.01721924915909767, 0.9517285227775574, 0.30645790696144104),
            ["LeftLowerLeg"] = CFrame.new(2.0023435354232788e-08, 0.00015419721603393555, 0.0000641760416328907, 1, 7.916241173688832e-08, 1.3085082173347473e-07, -7.485505193471909e-08, -0.48041579127311707, 0.8770408630371094, 1.2898817658424377e-07, -0.8770408630371094, -0.4804159104824066),
        }},
        {Time = 0.200, Data = {
            ["RightFoot"] = CFrame.new(-7.058633855194785e-08, 2.980232238769531e-07, -1.682201400399208e-08, 0.9996743202209473, 0.002143008168786764, 0.025429386645555496, 0.010412478819489479, 0.8754955530166626, -0.4831135869026184, -0.023298626765608788, 0.4832216203212738, 0.875188410282135),
            ["LeftLowerArm"] = CFrame.new(-2.9802322387695312e-08, -1.7881393432617188e-07, 4.470348358154297e-08, 1, -5.587935447692871e-08, 7.078050856534901e-08, 8.940696716308594e-08, -0.17121964693069458, -0.9852328896522522, 1.043081283569336e-07, 0.985232949256897, -0.17121975123882294),
            ["RightUpperArm"] = CFrame.new(-0.0009492635726928711, -0.00039005279541015625, -0.0008789380080997944, 0.9143783450126648, 0.11768875271081924, 0.3873777985572815, -0.04291705787181854, 0.9796024560928345, -0.19630903005599976, -0.40257951617240906, 0.16287562251091003, 0.9007781147956848),
            ["Head"] = CFrame.new(-1.1175870895385742e-08, 2.384185791015625e-07, 1.4260876923799515e-08, 0.9994422197341919, 0.030108865350484848, 0.014452483505010605, -0.028730904683470726, 0.995742678642273, -0.08758464455604553, -0.017028026282787323, 0.08712062984704971, 0.9960523247718811),
            ["RightHand"] = CFrame.new(-5.960464477539063e-08, 5.960464477539063e-08, 2.9802322387695312e-08, 0.5179879069328308, -0.8553879857063293, -4.703178291265431e-08, 0.8553879857063293, 0.5179879069328308, 7.823108916227284e-08, -2.980232594040899e-08, -5.2154071283894154e-08, 1),
            ["UpperTorso"] = CFrame.new(-8.607457857578993e-09, -1.7881393432617188e-07, -6.524714990518987e-09, 0.9999720454216003, 0.005490811541676521, -0.005090019665658474, -0.00513501325622201, 0.9977089166641235, 0.06745807081460953, 0.005448758602142334, -0.06743006408214569, 0.9977091550827026),
            ["HumanoidRootPart"] = CFrame.new(0, 0, 0, 1, 0, 0, 0, 1, 0, 0, 0, 1),
            ["RightUpperLeg"] = CFrame.new(0, 2.0037987269461155e-08, -2.8594513423740864e-09, 0.9989711046218872, 0.009560604579746723, -0.04433267191052437, -0.03709794208407402, 0.7345531582832336, -0.6775361895561218, 0.02608705312013626, 0.678483784198761, 0.7341521382331848),
            ["LeftUpperArm"] = CFrame.new(-0.000009417533874511719, -0.00005257129669189453, -0.000008467119187116623, 0.9752171635627747, -0.1910390853881836, -0.11160443723201752, 0.21893735229969025, 0.7605156898498535, 0.6112956404685974, -0.03190445154905319, -0.6205803751945496, 0.7834935188293457),
            ["RightLowerArm"] = CFrame.new(5.960464477539063e-08, 5.960464477539063e-08, 4.470348358154297e-08, 1, 3.725290298461914e-09, 1.7229467630386353e-08, -3.725290298461914e-09, 1, 0, 1.7229467630386353e-08, 3.725290298461914e-09, 1),
            ["LeftHand"] = CFrame.new(-4.563480615615845e-08, 1.1920928955078125e-07, 4.172325134277344e-07, 1, -7.450581485102248e-09, 1.3038517820973539e-08, -3.725291186640334e-09, 1, 2.980232594040899e-08, -1.862645504502325e-08, 3.166497108963995e-08, 1),
            ["LeftFoot"] = CFrame.new(6.984919309616089e-10, 1.1920928955078125e-07, -6.522168405354023e-08, 0.9706776142120361, 0.0031828354112803936, 0.24036423861980438, -0.07157346606254578, 0.9583885669708252, 0.27634888887405396, -0.22948278486728668, -0.2854492962360382, 0.9305140972137451),
            ["LowerTorso"] = CFrame.new(-0.006236309185624123, -0.29476356506347656, -0.0013742847368121147, 0.999167799949646, -0.040780145674943924, 0.0008332945290021598, 0.04069671407341957, 0.9980784058570862, 0.0467258021235466, -0.002737178234383464, -0.04665300250053406, 0.9989075064659119),
            ["RightLowerLeg"] = CFrame.new(1.909211277961731e-08, -0.0001544952392578125, -0.0000640118305454962, 1, -1.4388925251296314e-07, -1.1455267667770386e-07, 1.4691613614559174e-07, 0.25716471672058105, 0.9663676619529724, -1.1082738637924194e-07, -0.9663675427436829, 0.25716471672058105),
            ["LeftUpperLeg"] = CFrame.new(0, -2.308661350980401e-08, 3.844434104394168e-09, 0.999495267868042, 0.019653039053082466, -0.024962151423096657, -0.02864907681941986, 0.21792632341384888, -0.9755446910858154, -0.013732509687542915, 0.9757673144340515, 0.21837948262691498),
            ["LeftLowerLeg"] = CFrame.new(-1.3969838619232178e-08, 0.00015431642532348633, 0.00006419653072953224, 1, 6.658956408500671e-08, 1.3835960999131203e-07, -7.171183824539185e-08, -0.57564377784729, 0.8177007436752319, 1.3783574104309082e-07, -0.8177006244659424, -0.5756436586380005),
        }},
        {Time = 0.233, Data = {
            ["RightFoot"] = CFrame.new(-7.308040039788466e-08, 2.384185791015625e-07, -7.181370165199041e-09, 0.9995913505554199, 0.003947816789150238, 0.028312580659985542, 0.00971631146967411, 0.8845327496528625, -0.466376394033432, -0.026884568855166435, 0.46646150946617126, 0.8841332197189331),
            ["LeftLowerArm"] = CFrame.new(-5.960464477539063e-08, 0, -1.4901161193847656e-07, 1, -7.450579886381092e-08, 1.1734663019069558e-07, 9.685756197086448e-08, -0.3728128969669342, -0.9279065132141113, 1.0803343286625022e-07, 0.9279065132141113, -0.3728129267692566),
            ["RightUpperArm"] = CFrame.new(-0.000621795654296875, -0.00025582313537597656, -0.0005756965838372707, 0.8796991109848022, 0.07490939646959305, 0.46959346532821655, 0.026853911578655243, 0.978113055229187, -0.20633423328399658, -0.4747718274593353, 0.19412250816822052, 0.8584335446357727),
            ["Head"] = CFrame.new(-1.1204974725842476e-09, -2.384185791015625e-07, 6.402842700481415e-10, 0.999792754650116, 0.019393857568502426, 0.006205328740179539, -0.018245618790388107, 0.988541841506958, -0.14984051883220673, -0.009040212258696556, 0.14969630539417267, 0.9886907935142517),
            ["RightHand"] = CFrame.new(-8.568167686462402e-08, 1.7881393432617188e-07, 6.51925802230835e-08, 0.3900914192199707, -0.9207761883735657, -8.603091572467747e-08, 0.9207761883735657, 0.3900914490222931, 7.823108916227284e-08, -6.332993507385254e-08, -1.043081283569336e-07, 1),
            ["UpperTorso"] = CFrame.new(-5.857145879417658e-10, 2.9802322387695312e-08, -2.331034920644015e-09, 0.9999932050704956, 0.002900261664763093, -0.00229444052092731, -0.002651421120390296, 0.9947931170463562, 0.10188053548336029, 0.002577973762527108, -0.10187376290559769, 0.9947940707206726),
            ["HumanoidRootPart"] = CFrame.new(0, 0, 0, 1, 0, 0, 0, 1, 0, 0, 0, 1),
            ["RightUpperLeg"] = CFrame.new(-5.960464477539063e-08, 3.3207470551133156e-08, -1.1401425581425428e-08, 0.999399721622467, -0.004201242234557867, -0.034387823194265366, -0.01962639018893242, 0.749301552772522, -0.6619380712509155, 0.02854781039059162, 0.6622157096862793, 0.7487693428993225),
            ["LeftUpperArm"] = CFrame.new(-0.000006079673767089844, -0.000034928321838378906, -0.000005538575351238251, 0.9758732914924622, -0.18206439912319183, -0.12051518261432648, 0.2165812849998474, 0.7373296022415161, 0.6398731470108032, -0.027638694271445274, -0.6505364775657654, 0.7589721083641052),
            ["RightLowerArm"] = CFrame.new(0, 5.960464477539063e-08, 7.264316082000732e-08, 1, -1.862645149230957e-09, 5.704350769519806e-09, -3.725290298461914e-09, 1, -3.725290298461914e-09, 6.28642737865448e-09, 1.862645149230957e-09, 1),
            ["LeftHand"] = CFrame.new(-2.2351741790771484e-08, -5.960464477539063e-08, 2.9802322387695312e-08, 1, -7.450580596923828e-09, 1.6763806343078613e-08, -1.4901162970204496e-08, 1, 9.12696123123169e-08, -2.6077035641947077e-08, -4.842877388000488e-08, 1),
            ["LeftFoot"] = CFrame.new(8.614733815193176e-09, 1.1920928955078125e-07, -3.934837877750397e-08, 0.958506166934967, -0.001603360055014491, 0.28506726026535034, -0.11632516980171204, 0.9107427597045898, 0.3962526321411133, -0.2602583169937134, -0.4129711091518402, 0.8727660775184631),
            ["LowerTorso"] = CFrame.new(-0.009450066834688187, -0.2610948085784912, -0.006783581338822842, 0.9996863603591919, -0.025038400664925575, 0.00047684687888249755, 0.024973565712571144, 0.9981526136398315, 0.05538713559508324, -0.0018627712270244956, -0.055357854813337326, 0.998464822769165),
            ["RightLowerLeg"] = CFrame.new(8.149072527885437e-08, -0.00015419721603393555, -0.0000642223094473593, 1, -1.4156093186556973e-07, -1.0710209608078003e-07, 1.457519971381771e-07, 0.3046994209289551, 0.9524486660957336, -1.0291115870586509e-07, -0.9524485468864441, 0.3046993911266327),
            ["LeftUpperLeg"] = CFrame.new(0, 3.4779077395796776e-08, -2.0954757928848267e-09, 0.9998993873596191, 0.01308473851531744, -0.005482813809067011, -0.00769699364900589, 0.17568930983543396, -0.9844156503677368, -0.011917546391487122, 0.9843587279319763, 0.17577244341373444),
            ["LeftLowerLeg"] = CFrame.new(-1.1175870895385742e-08, 0.00015437602996826172, 0.00006406102329492569, 1, 6.984919309616089e-08, 1.4062969455608254e-07, -6.938353891428051e-08, -0.6153365969657898, 0.7882645130157471, 1.4295802941433067e-07, -0.7882645726203918, -0.6153364777565002),
        }},
        {Time = 0.267, Data = {
            ["RightFoot"] = CFrame.new(-1.7565980670042336e-08, 4.76837158203125e-07, 4.2782630771398544e-08, 0.9995479583740234, 0.0048047928139567375, 0.029681501910090446, 0.00907767191529274, 0.8928647637367249, -0.4502331614494324, -0.0286648441106081, 0.450299471616745, 0.8924176096916199),
            ["LeftLowerArm"] = CFrame.new(-2.9802322387695312e-08, -5.960464477539063e-08, -4.470348358154297e-08, 1, -6.332992796842518e-08, 9.499490261077881e-08, 4.0978193283081055e-08, -0.4407656192779541, -0.897622287273407, 1.2293457984924316e-07, 0.897622287273407, -0.4407656788825989),
            ["RightUpperArm"] = CFrame.new(0, -3.5762786865234375e-07, -2.9802322387695312e-08, 0.8538675904273987, 0.020502610132098198, 0.5200865268707275, 0.08352384716272354, 0.9808770418167114, -0.17579548060894012, -0.513745129108429, 0.19354566931724548, 0.8358266353607178),
            ["Head"] = CFrame.new(0, -1.1920928955078125e-07, -2.9802322387695312e-08, 1, 1.9790675764852494e-08, -1.9740205026153035e-09, -1.9788274130405625e-08, 0.980059802532196, -0.198702871799469, -1.997819909504983e-09, 0.19870296120643616, 0.980059802532196),
            ["RightHand"] = CFrame.new(2.2351741790771484e-08, 1.1920928955078125e-07, 7.078051567077637e-08, 0.3221811056137085, -0.9466780424118042, -8.799543138593435e-08, 0.9466780424118042, 0.3221811354160309, 7.05476850271225e-08, -4.470348358154297e-08, -5.075708031654358e-08, 1),
            ["UpperTorso"] = CFrame.new(9.313225746154785e-10, 2.086162567138672e-07, 3.725290298461914e-09, 1, 0, 0, 0, 0.9916420578956604, 0.12901966273784637, 0, -0.12901966273784637, 0.9916420578956604),
            ["HumanoidRootPart"] = CFrame.new(0, 0, 0, 1, 0, 0, 0, 1, 0, 0, 0, 1),
            ["RightUpperLeg"] = CFrame.new(0, 1.7159618437290192e-07, -7.283233571797609e-09, 0.9995479583740234, -0.02367481403052807, -0.01853584311902523, 0.006105555687099695, 0.7634372115135193, -0.6458532810211182, 0.02944140136241913, 0.6454481482505798, 0.7632365226745605),
            ["LeftUpperArm"] = CFrame.new(0, -3.5762786865234375e-07, -2.9802322387695312e-08, 0.9781575202941895, -0.17442452907562256, -0.11306696385145187, 0.2060893177986145, 0.742824137210846, 0.6369768977165222, -0.02711554244160652, -0.6463655829429626, 0.7625460028648376),
            ["RightLowerArm"] = CFrame.new(5.960464477539063e-08, 0, 3.725290298461914e-09, 1, 2.2118911147117615e-09, 2.561137080192566e-09, 1.280568540096283e-09, 1, 6.984919309616089e-10, 2.3865140974521637e-09, 2.3283064365386963e-10, 1),
            ["LeftHand"] = CFrame.new(-1.4901161193847656e-08, 0, 1.9371509552001953e-07, 1, 7.450580596923828e-09, 1.30385160446167e-08, -3.725290742551124e-09, 1, 4.0046870708465576e-08, -1.862645326866641e-08, 3.958120942115784e-08, 1),
            ["LeftFoot"] = CFrame.new(-3.4226104617118835e-08, 0, -3.725290298461914e-08, 0.9480878114700317, 0.016284683719277382, 0.31759145855903625, -0.16119782626628876, 0.8854854106903076, 0.435810923576355, -0.2741255760192871, -0.46438199281692505, 0.8421428203582764),
            ["LowerTorso"] = CFrame.new(-0.011047020554542542, -0.22447097301483154, -0.013106374070048332, 1, 0, 0, 0, 0.9980142712593079, 0.06298979371786118, 0, -0.06298979371786118, 0.9980142712593079),
            ["RightLowerLeg"] = CFrame.new(3.073364496231079e-08, -0.00015437602996826172, -0.00006406770989997312, 1, -1.4249226865103992e-07, -9.872017869838601e-08, 1.434236764907837e-07, 0.3499814569950104, 0.9367566108703613, -9.73232090473175e-08, -0.9367566704750061, 0.3499816060066223),
            ["LeftUpperLeg"] = CFrame.new(2.9802322387695312e-08, 2.034357748925686e-07, -1.30385160446167e-08, 0.9997453093528748, 0.007895431481301785, 0.021142689511179924, 0.01922241598367691, 0.1929880678653717, -0.9810128211975098, -0.0118258036673069, 0.9811693429946899, 0.19278712570667267),
            ["LeftLowerLeg"] = CFrame.new(-4.842877388000488e-08, 0.00015437602996826172, 0.00006397347897291183, 1, 6.798653373607522e-08, 1.3737006554492837e-07, -6.891787052154541e-08, -0.5966106653213501, 0.8025309443473816, 1.35740265250206e-07, -0.802530825138092, -0.5966104865074158),
        }},
        {Time = 0.300, Data = {
            ["RightFoot"] = CFrame.new(5.476408659887966e-08, 3.5762786865234375e-07, 2.9722286853939295e-08, 0.9995463490486145, 0.004834051709622145, 0.029728209599852562, 0.008745275437831879, 0.8979300260543823, -0.44005101919174194, -0.028821062296628952, 0.44011184573173523, 0.8974806070327759),
            ["LeftLowerArm"] = CFrame.new(8.940696716308594e-08, 2.384185791015625e-07, 6.705522537231445e-08, 1, -8.288770914077759e-08, 8.568166975919667e-08, 4.0978193283081055e-08, -0.35225096344947815, -0.9359055757522583, 1.0803341865539551e-07, 0.9359056353569031, -0.35225096344947815),
