return {
["grind V2"] = {

          {Time = 0.000, Data = {

              ["Head"] = CFrame.new(0.000000, 0.033595, -0.030346, 0.979374, 0.120738, -0.162017, 0.007235, 0.780368, 0.625279, 0.201928, -0.613554, 0.763398),

              ["LeftFoot"] = CFrame.new(-0.000000, 0.033069, -0.000001, 0.988097, -0.081966, -0.130175, 0.150221, 0.696353, 0.701827, 0.033121, -0.713004, 0.700353),

              ["LeftHand"] = CFrame.new(0.000483, 0.026335, 0.000000, 0.707143, -0.131907, 0.694658, -0.562908, 0.489505, 0.665975, -0.427882, -0.861966, 0.271896),

              ["LeftLowerArm"] = CFrame.new(-0.000499, 0.118567, 0.114390, 1.000000, -0.000000, 0.000000, 0.000000, -0.183649, -0.982992, 0.000000, 0.982992, -0.183651),

              ["LeftLowerLeg"] = CFrame.new(-0.000000, 0.125891, -0.104531, 1.000000, -0.000000, -0.000000, 0.000000, -0.083661, 0.996493, -0.000000, -0.996494, -0.083672),

              ["LeftUpperArm"] = CFrame.new(0.120461, -0.202103, 0.129919, 0.858787, 0.496249, 0.127365, -0.190546, 0.078606, 0.978526, 0.475581, -0.864615, 0.162064),

              ["LeftUpperLeg"] = CFrame.new(-0.089288, 0.000000, -0.000100, 0.988098, 0.020435, -0.152465, -0.153821, 0.121059, -0.980653, -0.001583, 0.992435, 0.122780),

              ["LowerTorso"] = CFrame.new(0.000000, -1.727679, -0.729745, 1.000000, -0.000000, -0.000000, -0.000000, 0.541507, -0.840697, 0.000000, 0.840697, 0.541507),

              ["RightFoot"] = CFrame.new(-0.000000, 0.033293, -0.000101, 0.974719, 0.184884, 0.125473, -0.219550, 0.688223, 0.691506, 0.041490, -0.701546, 0.711390),

              ["RightHand"] = CFrame.new(-0.000484, 0.024290, -0.000000, 0.893650, -0.387186, 0.226887, 0.283884, 0.879307, 0.382402, -0.347561, -0.277321, 0.895707),

              ["RightLowerArm"] = CFrame.new(-0.000001, 0.117592, 0.077809, 1.000000, 0.000000, -0.000000, -0.000000, 0.196220, -0.980560, -0.000000, 0.980560, 0.196219),

              ["RightLowerLeg"] = CFrame.new(0.000000, 0.125659, -0.105061, 1.000000, 0.000000, 0.000000, -0.000000, -0.088127, 0.996108, 0.000000, -0.996109, -0.088139),

              ["RightUpperArm"] = CFrame.new(0.222510, -0.324932, -0.418017, 0.734972, 0.166506, 0.657337, 0.678096, -0.178064, -0.713077, -0.001683, 0.969829, -0.243779),

              ["RightUpperLeg"] = CFrame.new(0.107527, 0.000000, -0.000000, 0.974719, 0.060683, 0.215040, 0.205597, 0.133237, -0.969522, -0.087484, 0.989225, 0.117412),

              ["UpperTorso"] = CFrame.new(0.187615, 0.044020, 0.097333, 0.931777, -0.161073, 0.325340, 0.071493, 0.960047, 0.270553, -0.355921, -0.228836, 0.906066)

          }},

          {Time = 0.033, Data = {

              ["Head"] = CFrame.new(-0.000000, 0.033595, -0.030346, 0.979335, 0.118706, -0.163741, 0.008711, 0.784118, 0.620551, 0.202055, -0.609154, 0.766880),

              ["LeftFoot"] = CFrame.new(-0.000000, 0.033030, -0.000000, 0.987932, -0.082707, -0.130961, 0.151478, 0.692397, 0.705462, 0.032330, -0.716761, 0.696544),

              ["LeftHand"] = CFrame.new(0.000483, 0.026207, 0.000000, 0.707956, -0.126661, 0.694807, -0.545042, 0.527656, 0.651545, -0.449141, -0.839962, 0.304520),

              ["LeftLowerArm"] = CFrame.new(-0.000499, 0.119058, 0.111345, 1.000000, -0.000000, 0.000000, 0.000000, -0.152037, -0.988375, 0.000000, 0.988375, -0.152038),

              ["LeftLowerLeg"] = CFrame.new(0.000000, 0.125940, -0.103824, 1.000000, -0.000000, -0.000000, 0.000000, -0.076300, 0.997084, -0.000000, -0.997085, -0.076312),

              ["LeftUpperArm"] = CFrame.new(0.125660, -0.205524, 0.126935, 0.862392, 0.490964, 0.123431, -0.192938, 0.093338, 0.976762, 0.468034, -0.866165, 0.175219),

              ["LeftUpperLeg"] = CFrame.new(-0.088606, 0.003241, -0.003573, 0.987993, 0.019553, -0.153255, -0.154489, 0.114172, -0.981373, -0.001691, 0.993269, 0.115842),

              ["LowerTorso"] = CFrame.new(0.000617, -1.734237, -0.726109, 0.999999, 0.000381, 0.001087, 0.000699, 0.548972, -0.835841, -0.000915, 0.835841, 0.548971),

              ["RightFoot"] = CFrame.new(0.000000, 0.033271, -0.000101, 0.974909, 0.183747, 0.125663, -0.218542, 0.682707, 0.697269, 0.042325, -0.707211, 0.705709),

              ["RightHand"] = CFrame.new(-0.000484, 0.024285, 0.000000, 0.901746, -0.372936, 0.218572, 0.265012, 0.876427, 0.402054, -0.341500, -0.304623, 0.889145),

              ["RightLowerArm"] = CFrame.new(-0.000000, 0.117572, 0.077722, 1.000000, 0.000000, 0.000000, 0.000000, 0.197126, -0.980378, -0.000000, 0.980378, 0.197125),

              ["RightLowerLeg"] = CFrame.new(0.000000, 0.125689, -0.104661, 1.000000, 0.000000, 0.000000, -0.000000, -0.083971, 0.996467, 0.000000, -0.996468, -0.083982),

              ["RightUpperArm"] = CFrame.new(0.224382, -0.334990, -0.439460, 0.730976, 0.184209, 0.657070, 0.681812, -0.237249, -0.691987, 0.028419, 0.953824, -0.299019),

              ["RightUpperLeg"] = CFrame.new(0.107527, 0.000000, -0.000000, 0.974922, 0.059410, 0.214472, 0.206274, 0.120513, -0.971042, -0.083535, 0.990933, 0.105255),

              ["UpperTorso"] = CFrame.new(0.186724, 0.044187, 0.096997, 0.933105, -0.162588, 0.320750, 0.067676, 0.955412, 0.287417, -0.353179, -0.246483, 0.902503)

          }},

          {Time = 0.067, Data = {

              ["Head"] = CFrame.new(-0.000000, 0.033595, -0.030346, 0.979208, 0.112819, -0.168591, 0.012879, 0.794833, 0.606692, 0.202448, -0.596249, 0.776854),

              ["LeftFoot"] = CFrame.new(0.000000, 0.032917, -0.000001, 0.987391, -0.085089, -0.133488, 0.155380, 0.682165, 0.714522, 0.030262, -0.726230, 0.686760),

              ["LeftHand"] = CFrame.new(0.000483, 0.025887, 0.000000, 0.709411, -0.116899, 0.695034, -0.497217, 0.615910, 0.611093, -0.499511, -0.779096, 0.378806),

              ["LeftLowerArm"] = CFrame.new(-0.000499, 0.119807, 0.103987, 1.000000, -0.000000, 0.000000, 0.000000, -0.075623, -0.997136, 0.000000, 0.997136, -0.075624),

              ["LeftLowerLeg"] = CFrame.new(0.000000, 0.126024, -0.102168, 1.000000, -0.000000, -0.000000, 0.000000, -0.059060, 0.998254, -0.000000, -0.998254, -0.059072),

              ["LeftUpperArm"] = CFrame.new(0.138456, -0.214834, 0.120528, 0.869864, 0.479491, 0.115867, -0.199120, 0.126402, 0.971789, 0.451318, -0.868395, 0.205429),

              ["LeftUpperLeg"] = CFrame.new(-0.086694, 0.012340, -0.013321, 0.987644, 0.016799, -0.155812, -0.156688, 0.087124, -0.983796, -0.002952, 0.996056, 0.088700),

              ["LowerTorso"] = CFrame.new(0.002390, -1.753009, -0.717850, 0.999991, 0.001474, 0.004120, 0.002526, 0.574379, -0.818586, -0.003573, 0.818589, 0.574369),

              ["RightFoot"] = CFrame.new(0.000000, 0.033222, -0.000101, 0.975323, 0.181028, 0.126396, -0.216227, 0.667506, 0.712542, 0.044615, -0.722264, 0.690151),

              ["RightHand"] = CFrame.new(-0.000484, 0.024161, 0.000000, 0.924250, -0.329342, 0.193125, 0.222288, 0.875462, 0.429135, -0.310403, -0.353695, 0.882353),

              ["RightLowerArm"] = CFrame.new(-0.000000, 0.117005, 0.075411, 1.000000, 0.000000, 0.000000, -0.000000, 0.221079, -0.975256, -0.000000, 0.975256, 0.221078),

              ["RightLowerLeg"] = CFrame.new(0.000000, 0.125749, -0.103785, 1.000000, 0.000000, 0.000000, -0.000000, -0.074859, 0.997193, 0.000000, -0.997194, -0.074870),

              ["RightUpperArm"] = CFrame.new(0.227022, -0.356835, -0.495455, 0.724028, 0.228257, 0.650909, 0.681554, -0.381960, -0.624172, 0.106149, 0.895547, -0.432119),

              ["RightUpperLeg"] = CFrame.new(0.107527, -0.000000, -0.000000, 0.975319, 0.056468, 0.213458, 0.208878, 0.077390, -0.974873, -0.071568, 0.995401, 0.063705),

              ["UpperTorso"] = CFrame.new(0.184175, 0.043484, 0.096601, 0.936614, -0.165595, 0.308758, 0.062177, 0.945828, 0.318660, -0.344801, -0.279264, 0.896172)

          }},

          {Time = 0.100, Data = {

              ["Head"] = CFrame.new(0.000000, 0.033595, -0.030346, 0.978952, 0.103328, -0.176003, 0.019344, 0.811510, 0.584018, 0.203174, -0.575130, 0.792430),

              ["LeftFoot"] = CFrame.new(-0.000000, 0.032710, -0.000001, 0.986386, -0.089379, -0.138038, 0.162140, 0.668671, 0.725688, 0.027440, -0.738167, 0.674034),

              ["LeftHand"] = CFrame.new(0.000483, 0.025471, 0.000000, 0.710390, -0.110003, 0.695160, -0.428575, 0.715862, 0.551243, -0.558274, -0.689522, 0.461394),

              ["LeftLowerArm"] = CFrame.new(-0.000499, 0.119896, 0.094937, 1.000000, -0.000000, 0.000000, 0.000000, 0.018350, -0.999832, 0.000000, 0.999832, 0.018350),

              ["LeftLowerLeg"] = CFrame.new(-0.000000, 0.126048, -0.100284, 1.000000, -0.000000, -0.000000, 0.000000, -0.039389, 0.999223, -0.000000, -0.999224, -0.039401),

              ["LeftUpperArm"] = CFrame.new(0.155155, -0.228600, 0.113828, 0.877191, 0.467213, 0.110673, -0.207604, 0.161227, 0.964835, 0.432940, -0.869320, 0.238422),

              ["LeftUpperLeg"] = CFrame.new(-0.083748, 0.026357, -0.028339, 0.986977, 0.012120, -0.160402, -0.160706, 0.030822, -0.986520, -0.007013, 0.999451, 0.032388),

              ["LowerTorso"] = CFrame.new(0.005277, -1.782084, -0.708242, 0.999957, 0.003026, 0.008822, 0.005033, 0.621254, -0.783593, -0.007852, 0.783604, 0.621212),

              ["RightFoot"] = CFrame.new(0.000000, 0.033168, -0.000101, 0.975824, 0.177413, 0.127647, -0.213224, 0.644551, 0.734249, 0.047985, -0.743692, 0.666772),

              ["RightHand"] = CFrame.new(-0.000484, 0.023681, -0.000000, 0.953950, -0.258684, 0.151863, 0.175340, 0.891644, 0.417409, -0.243382, -0.371556, 0.895940),

              ["RightLowerArm"] = CFrame.new(-0.000000, 0.114958, 0.068793, 1.000000, 0.000000, 0.000000, -0.000000, 0.289750, -0.957102, -0.000000, 0.957102, 0.289750),

              ["RightLowerLeg"] = CFrame.new(-0.000000, 0.125807, -0.102795, 1.000000, 0.000000, 0.000000, -0.000000, -0.064555, 0.997913, 0.000000, -0.997914, -0.064567),

              ["RightUpperArm"] = CFrame.new(0.226468, -0.379018, -0.569631, 0.720682, 0.281031, 0.633750, 0.662294, -0.549278, -0.509568, 0.204901, 0.786966, -0.581980),

              ["RightUpperLeg"] = CFrame.new(0.107527, -0.000000, -0.000000, 0.975672, 0.052856, 0.212768, 0.213193, -0.002480, -0.977007, -0.051112, 0.998599, -0.013669),

              ["UpperTorso"] = CFrame.new(0.180158, 0.040116, 0.096990, 0.941550, -0.167842, 0.292084, 0.063396, 0.939833, 0.335702, -0.330855, -0.297563, 0.895540)

          }},

          {Time = 0.133, Data = {

              ["Head"] = CFrame.new(0.000000, 0.033595, -0.030346, 0.978507, 0.090429, -0.185328, 0.027706, 0.832922, 0.552697, 0.204344, -0.545952, 0.812514),

              ["LeftFoot"] = CFrame.new(-0.000000, 0.032589, -0.000001, 0.984740, -0.096062, -0.145122, 0.172299, 0.655560, 0.735246, 0.024507, -0.749008, 0.662082),

              ["LeftHand"] = CFrame.new(0.000484, 0.025069, 0.000000, 0.710370, -0.110034, 0.695176, -0.352011, 0.799758, 0.486291, -0.609477, -0.590153, 0.529387),

              ["LeftLowerArm"] = CFrame.new(-0.000499, 0.119211, 0.086705, 1.000000, -0.000000, 0.000000, 0.000000, 0.103780, -0.994600, 0.000000, 0.994600, 0.103780),

              ["LeftLowerLeg"] = CFrame.new(0.000000, 0.126049, -0.099007, 1.000000, -0.000000, -0.000000, 0.000000, -0.026071, 0.999660, -0.000000, -0.999660, -0.026084),

              ["LeftUpperArm"] = CFrame.new(0.172997, -0.245302, 0.108742, 0.882237, 0.456822, 0.113894, -0.216726, 0.179301, 0.959625, 0.417957, -0.871301, 0.257191),

              ["LeftUpperLeg"] = CFrame.new(-0.079965, 0.044355, -0.047621, 0.985818, 0.005253, -0.167734, -0.167056, -0.064314, -0.983849, -0.015956, 0.997916, -0.062504),

              ["LowerTorso"] = CFrame.new(0.009431, -1.818727, -0.699627, 0.999877, 0.004294, 0.015059, 0.007922, 0.690818, -0.722985, -0.013508, 0.723016, 0.690700),

              ["RightFoot"] = CFrame.new(-0.000000, 0.033078, -0.000101, 0.976449, 0.172983, 0.128942, -0.209404, 0.616013, 0.759413, 0.051930, -0.768508, 0.637703),

              ["RightHand"] = CFrame.new(-0.000485, 0.022659, -0.000000, 0.978732, -0.176807, 0.104033, 0.131454, 0.929863, 0.343623, -0.157490, -0.322635, 0.933328),

              ["RightLowerArm"] = CFrame.new(-0.000000, 0.110949, 0.059529, 1.000000, 0.000000, 0.000000, -0.000000, 0.385964, -0.922514, -0.000000, 0.922514, 0.385964),

              ["RightLowerLeg"] = CFrame.new(-0.000000, 0.125831, -0.101917, 1.000000, 0.000000, 0.000000, -0.000000, -0.055394, 0.998464, 0.000000, -0.998465, -0.055406),

              ["RightUpperArm"] = CFrame.new(0.221924, -0.400709, -0.640385, 0.721159, 0.324868, 0.611875, 0.630248, -0.674339, -0.384781, 0.287608, 0.663120, -0.691052),

              ["RightUpperLeg"] = CFrame.new(0.107527, -0.000000, -0.000000, 0.975958, 0.049067, 0.212365, 0.216916, -0.123451, -0.968355, -0.021297, 0.991137, -0.131107),

              ["UpperTorso"] = CFrame.new(0.174864, 0.032236, 0.098608, 0.947150, -0.167606, 0.273523, 0.078069, 0.947450, 0.310232, -0.311146, -0.272483, 0.910462)

          }},

          {Time = 0.167, Data = {

              ["Head"] = CFrame.new(-0.000000, 0.033595, -0.030346, 0.977813, 0.074306, -0.195859, 0.037548, 0.857663, 0.512840, 0.206088, -0.508815, 0.835844),

              ["LeftFoot"] = CFrame.new(0.000000, 0.032593, -0.000001, 0.982183, -0.105732, -0.155365, 0.186596, 0.646912, 0.739405, 0.022329, -0.755199, 0.655089),

              ["LeftHand"] = CFrame.new(0.000484, 0.024566, 0.000000, 0.709202, -0.117985, 0.695065, -0.280653, 0.857165, 0.431862, -0.646735, -0.501346, 0.574787),

              ["LeftLowerArm"] = CFrame.new(-0.000499, 0.118193, 0.081101, 1.000000, -0.000000, -0.000000, 0.000000, 0.162080, -0.986778, 0.000000, 0.986778, 0.162080),

              ["LeftLowerLeg"] = CFrame.new(-0.000000, 0.126049, -0.099061, 1.000000, -0.000000, -0.000000, 0.000000, -0.026628, 0.999645, -0.000000, -0.999645, -0.026641),

              ["LeftUpperArm"] = CFrame.new(0.189917, -0.263330, 0.106178, 0.884253, 0.448588, 0.129863, -0.224637, 0.164770, 0.960411, 0.409431, -0.878419, 0.246468),

              ["LeftUpperLeg"] = CFrame.new(-0.075543, 0.065394, -0.070163, 0.983868, -0.004077, -0.178852, -0.175993, -0.201500, -0.963552, -0.032111, 0.979480, -0.198947),

              ["LowerTorso"] = CFrame.new(0.015239, -1.858007, -0.692719, 0.999735, 0.003950, 0.022686, 0.011183, 0.777910, -0.628276, -0.020130, 0.628363, 0.777659),

              ["RightFoot"] = CFrame.new(0.000000, 0.032996, -0.000101, 0.977547, 0.166686, 0.128917, -0.203327, 0.585528, 0.784758, 0.055318, -0.793330, 0.606247),

              ["RightHand"] = CFrame.new(-0.000485, 0.021696, -0.000000, 0.992675, -0.104003, 0.061483, 0.088363, 0.972032, 0.217592, -0.082393, -0.210563, 0.974101),

              ["RightLowerArm"] = CFrame.new(-0.000001, 0.106488, 0.051603, 1.000000, 0.000000, 0.000000, -0.000000, 0.468211, -0.883617, -0.000000, 0.883617, 0.468211),

              ["RightLowerLeg"] = CFrame.new(0.000000, 0.125844, -0.101158, 1.000000, 0.000000, 0.000000, -0.000000, -0.047463, 0.998872, 0.000000, -0.998873, -0.047476),

              ["RightUpperArm"] = CFrame.new(0.214931, -0.429772, -0.692779, 0.721008, 0.351891, 0.596926, 0.609013, -0.732731, -0.303660, 0.330531, 0.582476, -0.742611),

              ["RightUpperLeg"] = CFrame.new(0.107527, 0.000000, -0.000000, 0.976557, 0.044282, 0.210658, 0.214531, -0.280711, -0.935515, 0.017708, 0.958770, -0.283611),

              ["UpperTorso"] = CFrame.new(0.168483, 0.018498, 0.100697, 0.952780, -0.164173, 0.255456, 0.107986, 0.969443, 0.220269, -0.283812, -0.182282, 0.941395)

          }},

          {Time = 0.200, Data = {

              ["Head"] = CFrame.new(0.000000, 0.033595, -0.030346, 0.976816, 0.055177, -0.206847, 0.048436, 0.884197, 0.464597, 0.208529, -0.463844, 0.861025),

              ["LeftFoot"] = CFrame.new(0.000000, 0.032742, -0.000001, 0.978633, -0.118024, -0.168373, 0.204396, 0.647501, 0.734165, 0.022373, -0.752870, 0.657763),

              ["LeftHand"] = CFrame.new(0.000484, 0.024333, -0.000000, 0.707345, -0.130085, 0.694798, -0.214459, 0.897099, 0.386293, -0.673551, -0.422245, 0.606657),

              ["LeftLowerArm"] = CFrame.new(-0.000500, 0.117239, 0.076744, 1.000000, -0.000000, -0.000000, 0.000000, 0.207258, -0.978286, 0.000000, 0.978286, 0.207258),

              ["LeftLowerLeg"] = CFrame.new(-0.000000, 0.126048, -0.100569, 1.000000, -0.000000, -0.000000, 0.000000, -0.042366, 0.999102, -0.000000, -0.999102, -0.042379),

              ["LeftUpperArm"] = CFrame.new(0.204828, -0.281164, 0.104938, 0.884444, 0.441372, 0.151491, -0.229675, 0.129135, 0.964662, 0.406212, -0.887984, 0.215585),

              ["LeftUpperLeg"] = CFrame.new(-0.070679, 0.088537, -0.094958, 0.981004, -0.014993, -0.193406, -0.185717, -0.360577, -0.914061, -0.056034, 0.932609, -0.356493),

              ["LowerTorso"] = CFrame.new(0.023017, -1.889779, -0.685243, 0.999517, 0.000842, 0.031074, 0.014854, 0.865182, -0.501239, -0.027306, 0.501458, 0.864751),

              ["RightFoot"] = CFrame.new(0.000000, 0.032910, -0.000101, 0.979859, 0.155855, 0.124854, -0.191830, 0.560889, 0.805377, 0.055487, -0.813088, 0.579464),

              ["RightHand"] = CFrame.new(-0.000486, 0.021002, -0.000000, 0.998649, -0.044561, 0.026717, 0.042615, 0.996674, 0.069463, -0.029723, -0.068229, 0.997227),

              ["RightLowerArm"] = CFrame.new(-0.000000, 0.103249, 0.046816, 1.000000, 0.000000, 0.000000, -0.000000, 0.517850, -0.855471, -0.000000, 0.855471, 0.517850),

              ["RightLowerLeg"] = CFrame.new(0.000000, 0.125850, -0.100370, 1.000000, 0.000000, 0.000000, -0.000000, -0.039246, 0.999229, 0.000000, -0.999230, -0.039259),

              ["RightUpperArm"] = CFrame.new(0.206163, -0.466316, -0.728021, 0.717511, 0.366936, 0.592061, 0.606682, -0.746825, -0.272377, 0.342221, 0.554626, -0.758468),

              ["RightUpperLeg"] = CFrame.new(0.107527, 0.000000, -0.000000, 0.978290, 0.035605, 0.204158, 0.198273, -0.447432, -0.872072, 0.060297, 0.893609, -0.444759),

              ["UpperTorso"] = CFrame.new(0.161201, 0.000291, 0.100970, 0.958108, -0.158210, 0.238744, 0.143755, 0.986621, 0.076904, -0.247717, -0.039362, 0.968033)

          }},

          {Time = 0.233, Data = {

              ["Head"] = CFrame.new(0.000000, 0.033595, -0.030346, 0.975484, 0.033326, -0.217533, 0.059917, 0.910908, 0.408237, 0.211757, -0.411262, 0.886579),

              ["LeftFoot"] = CFrame.new(0.000000, 0.033011, -0.000001, 0.974174, -0.132029, -0.183177, 0.224231, 0.661031, 0.716095, 0.026541, -0.738652, 0.673539),

              ["LeftHand"] = CFrame.new(0.000484, 0.024067, 0.000000, 0.705420, -0.141959, 0.694431, -0.150387, 0.927456, 0.342362, -0.692652, -0.345939, 0.632894),

              ["LeftLowerArm"] = CFrame.new(-0.000500, 0.115915, 0.071862, 1.000000, -0.000000, -0.000000, 0.000000, 0.257871, -0.966179, 0.000000, 0.966179, 0.257871),

              ["LeftLowerLeg"] = CFrame.new(-0.000000, 0.125965, -0.103452, 1.000000, -0.000000, -0.000000, 0.000000, -0.072434, 0.997372, -0.000000, -0.997373, -0.072447),

              ["LeftUpperArm"] = CFrame.new(0.216768, -0.297289, 0.103402, 0.884267, 0.435234, 0.169243, -0.230184, 0.090908, 0.968892, 0.406309, -0.895716, 0.180571),

              ["LeftUpperLeg"] = CFrame.new(-0.065570, 0.112845, -0.121001, 0.977273, -0.026096, -0.210371, -0.193417, -0.515918, -0.834528, -0.086757, 0.856240, -0.509223),

              ["LowerTorso"] = CFrame.new(0.032794, -1.903930, -0.676386, 0.999220, -0.005459, 0.039106, 0.018885, 0.935853, -0.351884, -0.034677, 0.352348, 0.935226),

              ["RightFoot"] = CFrame.new(-0.000000, 0.032834, -0.000101, 0.983604, 0.139018, 0.114888, -0.173232, 0.551147, 0.816245, 0.050147, -0.822746, 0.566167),

              ["RightHand"] = CFrame.new(-0.000486, 0.020657, 0.000000, 0.999991, 0.003927, -0.001673, -0.004043, 0.997096, -0.076050, 0.001370, 0.076056, 0.997103),

              ["RightLowerArm"] = CFrame.new(-0.000000, 0.102011, 0.045254, 1.000000, 0.000000, 0.000000, -0.000000, 0.534087, -0.845429, -0.000000, 0.845429, 0.534088),

              ["RightLowerLeg"] = CFrame.new(0.000000, 0.125849, -0.099679, 1.000000, 0.000000, 0.000000, -0.000000, -0.032034, 0.999486, 0.000000, -0.999487, -0.032047),

              ["RightUpperArm"] = CFrame.new(0.195566, -0.504480, -0.749837, 0.709406, 0.374524, 0.597055, 0.619406, -0.735477, -0.274609, 0.336272, 0.564628, -0.753734),

              ["RightUpperLeg"] = CFrame.new(0.107527, 0.000000, -0.000000, 0.981478, 0.021054, 0.190416, 0.165208, -0.596246, -0.785632, 0.096995, 0.802526, -0.588663),

              ["UpperTorso"] = CFrame.new(0.153198, -0.019814, 0.097621, 0.962933, -0.150398, 0.223922, 0.175211, 0.979907, -0.095303, -0.205090, 0.131004, 0.969936)

          }},

          {Time = 0.267, Data = {

              ["Head"] = CFrame.new(0.000000, 0.033595, -0.030346, 0.973812, 0.009127, -0.227174, 0.071525, 0.936163, 0.344214, 0.215813, -0.351449, 0.910993),

              ["LeftFoot"] = CFrame.new(0.000000, 0.033228, -0.000001, 0.969169, -0.146314, -0.198257, 0.243619, 0.689519, 0.682090, 0.036902, -0.709334, 0.703880),

              ["LeftHand"] = CFrame.new(0.000485, 0.023322, 0.000000, 0.704165, -0.149393, 0.694145, -0.086130, 0.952425, 0.292353, -0.704793, -0.265648, 0.657794),

              ["LeftLowerArm"] = CFrame.new(-0.000500, 0.113249, 0.064793, 1.000000, -0.000000, -0.000000, 0.000000, 0.331341, -0.943511, 0.000000, 0.943511, 0.331341),

              ["LeftLowerLeg"] = CFrame.new(0.000000, 0.125645, -0.107345, 1.000000, -0.000000, -0.000000, 0.000000, -0.112939, 0.993601, -0.000000, -0.993602, -0.112951),

              ["LeftUpperArm"] = CFrame.new(0.224775, -0.310284, 0.099781, 0.885182, 0.431821, 0.173155, -0.224696, 0.070901, 0.971846, 0.407387, -0.899168, 0.159789),

              ["LeftUpperLeg"] = CFrame.new(-0.060413, 0.137379, -0.147287, 0.972991, -0.035048, -0.228168, -0.196439, -0.644845, -0.738652, -0.121245, 0.763510, -0.634297),

              ["LowerTorso"] = CFrame.new(0.044206, -1.892942, -0.667454, 0.998853, -0.014409, 0.045664, 0.023107, 0.980309, -0.196112, -0.041939, 0.196943, 0.979518),

              ["RightFoot"] = CFrame.new(-0.000000, 0.032812, -0.000101, 0.988083, 0.117472, 0.099462, -0.148777, 0.563242, 0.812805, 0.039457, -0.817899, 0.573982),

              ["RightHand"] = CFrame.new(-0.000486, 0.020967, -0.000000, 0.998737, 0.043624, -0.024947, -0.047764, 0.978346, -0.201393, 0.015621, 0.202329, 0.979193),

              ["RightLowerArm"] = CFrame.new(-0.000000, 0.103079, 0.046579, 1.000000, 0.000000, 0.000000, -0.000000, 0.520303, -0.853981, -0.000000, 0.853982, 0.520303),

              ["RightLowerLeg"] = CFrame.new(-0.000000, 0.125848, -0.099445, 1.000000, 0.000000, 0.000000, -0.000000, -0.029594, 0.999562, 0.000000, -0.999562, -0.029607),

              ["RightUpperArm"] = CFrame.new(0.183036, -0.537334, -0.760919, 0.695532, 0.377888, 0.611094, 0.641194, -0.710227, -0.290601, 0.324201, 0.593951, -0.736284),

              ["RightUpperLeg"] = CFrame.new(0.107527, 0.000000, -0.000000, 0.985493, 0.001468, 0.169710, 0.120508, -0.710178, -0.693648, 0.119507, 0.704020, -0.700037),

              ["UpperTorso"] = CFrame.new(0.144650, -0.038987, 0.090356, 0.967108, -0.141114, 0.211633, 0.196081, 0.943571, -0.266882, -0.162030, 0.299601, 0.940205)

          }},

          {Time = 0.300, Data = {

              ["Head"] = CFrame.new(-0.000000, 0.033595, -0.030346, 0.971828, -0.016936, -0.235082, 0.082791, 0.958385, 0.273210, 0.220672, -0.284976, 0.932788),

              ["LeftFoot"] = CFrame.new(-0.000000, 0.033464, -0.000001, 0.964427, -0.158756, -0.211376, 0.258522, 0.733406, 0.628741, 0.055206, -0.660993, 0.748335),

              ["LeftHand"] = CFrame.new(0.000486, 0.022092, 0.000000, 0.704306, -0.148625, 0.694167, -0.018571, 0.973647, 0.227306, -0.709653, -0.172982, 0.682982),

              ["LeftLowerArm"] = CFrame.new(-0.000500, 0.107677, 0.053676, 1.000000, -0.000000, -0.000000, -0.000000, 0.446688, -0.894690, 0.000000, 0.894690, 0.446688),

              ["LeftLowerLeg"] = CFrame.new(-0.000000, 0.125115, -0.111548, 1.000000, -0.000000, -0.000000, 0.000000, -0.156691, 0.987646, -0.000000, -0.987648, -0.156702),

              ["LeftUpperArm"] = CFrame.new(0.227776, -0.319055, 0.092197, 0.888420, 0.433123, 0.152035, -0.212398, 0.094257, 0.972627, 0.406936, -0.896393, 0.175734),

              ["LeftUpperLeg"] = CFrame.new(-0.055406, 0.161202, -0.172810, 0.968929, -0.038199, -0.244371, -0.193578, -0.732117, -0.653110, -0.153961, 0.680107, -0.716750),

              ["LowerTorso"] = CFrame.new(0.056527, -1.852593, -0.660509, 0.998435, -0.024547, 0.050257, 0.027200, 0.998235, -0.052792, -0.048873, 0.054076, 0.997340),

              ["RightFoot"] = CFrame.new(0.000000, 0.032851, -0.000101, 0.992197, 0.094717, 0.081079, -0.121877, 0.599725, 0.790890, 0.026282, -0.794581, 0.606564),

              ["RightHand"] = CFrame.new(-0.000486, 0.021577, -0.000000, 0.996211, 0.075284, -0.043534, -0.084763, 0.952509, -0.292478, 0.019448, 0.295058, 0.955281),

              ["RightLowerArm"] = CFrame.new(0.000000, 0.105955, 0.050776, 1.000000, 0.000000, 0.000000, -0.000000, 0.476795, -0.879014, -0.000000, 0.879015, 0.476795),

              ["RightLowerLeg"] = CFrame.new(-0.000000, 0.125850, -0.099835, 1.000000, 0.000000, 0.000000, -0.000000, -0.033659, 0.999433, 0.000000, -0.999433, -0.033673),

              ["RightUpperArm"] = CFrame.new(0.168616, -0.558370, -0.763609, 0.674430, 0.379437, 0.633381, 0.666905, -0.681173, -0.302060, 0.316830, 0.626124, -0.712452),

              ["RightUpperLeg"] = CFrame.new(0.107527, 0.000000, -0.000000, 0.989258, -0.020150, 0.144786, 0.074577, -0.782302, -0.618437, 0.125729, 0.622573, -0.772381),

              ["UpperTorso"] = CFrame.new(0.135723, -0.054859, 0.080561, 0.970517, -0.130489, 0.202655, 0.205033, 0.888974, -0.409496, -0.126721, 0.438974, 0.889519)

          }},

          {Time = 0.333, Data = {

              ["Head"] = CFrame.new(0.000000, 0.033594, -0.030346, 0.969600, -0.044275, -0.240657, 0.093257, 0.976130, 0.196145, 0.226229, -0.212625, 0.950585),

              ["LeftFoot"] = CFrame.new(0.000000, 0.033691, -0.000001, 0.960587, -0.168199, -0.221322, 0.265741, 0.789287, 0.553570, 0.081574, -0.590538, 0.802855),

              ["LeftHand"] = CFrame.new(0.000488, 0.018360, 0.000000, 0.706970, -0.132595, 0.694706, 0.077776, 0.990887, 0.109976, -0.702954, -0.023718, 0.710837),

              ["LeftLowerArm"] = CFrame.new(-0.000500, 0.092216, 0.034698, 1.000000, -0.000000, -0.000000, 0.000000, 0.643605, -0.765358, 0.000000, 0.765358, 0.643605),

              ["LeftLowerLeg"] = CFrame.new(0.000000, 0.124429, -0.115539, 1.000000, -0.000000, -0.000000, 0.000000, -0.198259, 0.980148, -0.000000, -0.980150, -0.198270),

              ["LeftUpperArm"] = CFrame.new(0.226731, -0.324137, 0.076449, 0.896969, 0.433186, 0.088295, -0.196346, 0.211400, 0.957475, 0.396099, -0.876162, 0.274674),

              ["LeftUpperLeg"] = CFrame.new(-0.050746, 0.183374, -0.196565, 0.965529, -0.033102, -0.258184, -0.190647, -0.765254, -0.614865, -0.177224, 0.642876, -0.745172),

              ["LowerTorso"] = CFrame.new(0.068825, -1.789152, -0.663015, 0.997995, -0.033908, 0.053438, 0.031443, 0.998432, 0.046313, -0.054924, -0.044540, 0.997497),

              ["RightFoot"] = CFrame.new(-0.000000, 0.033014, -0.000101, 0.995120, 0.075481, 0.063554, -0.097542, 0.655277, 0.749087, 0.014895, -0.751608, 0.659416),

              ["RightHand"] = CFrame.new(-0.000485, 0.022331, 0.000000, 0.990284, 0.120232, -0.069868, -0.136772, 0.932871, -0.333235, 0.025112, 0.339552, 0.940251),

              ["RightLowerArm"] = CFrame.new(-0.000000, 0.109180, 0.056061, 1.000000, 0.000000, 0.000000, 0.000000, 0.421909, -0.906638, -0.000000, 0.906638, 0.421909),

              ["RightLowerLeg"] = CFrame.new(0.000000, 0.125843, -0.101306, 1.000000, 0.000000, 0.000000, -0.000000, -0.049016, 0.998797, 0.000000, -0.998798, -0.049029),

              ["RightUpperArm"] = CFrame.new(0.143939, -0.515853, -0.778391, 0.661396, 0.392099, 0.639385, 0.670896, -0.690417, -0.270597, 0.335342, 0.607933, -0.719697),

              ["RightUpperLeg"] = CFrame.new(0.107527, 0.000000, -0.000000, 0.992008, -0.039152, 0.119949, 0.038789, -0.809985, -0.585186, 0.120068, 0.585143, -0.801979),

              ["UpperTorso"] = CFrame.new(0.126580, -0.066102, 0.070836, 0.973593, -0.119226, 0.194683, 0.199339, 0.859627, -0.470431, -0.111267, 0.496816, 0.860694)

          }},

          {Time = 0.367, Data = {

              ["Head"] = CFrame.new(0.000000, 0.033595, -0.030346, 0.967229, -0.072204, -0.243422, 0.102498, 0.988161, 0.114162, 0.232297, -0.135371, 0.963179),

              ["LeftFoot"] = CFrame.new(0.000000, 0.033901, -0.000001, 0.957436, -0.175590, -0.229102, 0.265422, 0.847493, 0.459711, 0.113436, -0.500922, 0.858008),

              ["LeftHand"] = CFrame.new(0.000494, 0.009323, 0.000000, 0.710564, -0.108844, 0.695166, 0.213659, 0.974691, -0.065782, -0.670409, 0.195270, 0.715833),

              ["LeftLowerArm"] = CFrame.new(-0.000500, 0.056617, 0.012203, 1.000000, -0.000000, -0.000000, -0.000000, 0.875752, -0.482761, 0.000000, 0.482761, 0.875752),

              ["LeftLowerLeg"] = CFrame.new(-0.000000, 0.123644, -0.119190, 1.000000, -0.000000, -0.000000, 0.000000, -0.236312, 0.971675, -0.000000, -0.971677, -0.236322),

              ["LeftUpperArm"] = CFrame.new(0.224116, -0.326611, 0.057664, 0.907576, 0.419714, -0.012071, -0.183141, 0.421560, 0.888114, 0.377842, -0.803820, 0.459465),

              ["LeftUpperLeg"] = CFrame.new(-0.046630, 0.202957, -0.217546, 0.962329, -0.020631, -0.271104, -0.197982, -0.736587, -0.646731, -0.186349, 0.676028, -0.712910),

              ["LowerTorso"] = CFrame.new(0.080126, -1.722798, -0.685070, 0.997575, -0.040415, 0.056671, 0.036354, 0.996817, 0.070947, -0.059358, -0.068715, 0.995869),

              ["RightFoot"] = CFrame.new(0.000000, 0.033278, -0.000101, 0.996862, 0.061679, 0.049621, -0.078834, 0.716712, 0.692925, 0.007174, -0.694636, 0.719300),

              ["RightHand"] = CFrame.new(-0.000485, 0.022650, -0.000000, 0.975325, 0.190773, -0.111117, -0.217435, 0.917240, -0.333756, 0.038248, 0.349679, 0.936087),

              ["RightLowerArm"] = CFrame.new(-0.000000, 0.110882, 0.059387, 1.000000, 0.000000, 0.000000, -0.000000, 0.387443, -0.921893, -0.000000, 0.921893, 0.387444),

              ["RightLowerLeg"] = CFrame.new(-0.000000, 0.125683, -0.104754, 1.000000, 0.000000, 0.000000, -0.000000, -0.084939, 0.996385, 0.000000, -0.996386, -0.084952),

              ["RightUpperArm"] = CFrame.new(0.104983, -0.395222, -0.806023, 0.671380, 0.426335, 0.606207, 0.642562, -0.742430, -0.189506, 0.369273, 0.516756, -0.772399),

              ["RightUpperLeg"] = CFrame.new(0.107527, 0.000000, -0.000000, 0.993741, -0.052612, 0.098543, 0.017784, -0.796393, -0.604537, 0.110285, 0.602487, -0.790459),

              ["UpperTorso"] = CFrame.new(0.117375, -0.072402, 0.064210, 0.976526, -0.107516, 0.186646, 0.179356, 0.885718, -0.428175, -0.119280, 0.451601, 0.884211)

          }},

          {Time = 0.400, Data = {

              ["Head"] = CFrame.new(0.000000, 0.033595, -0.030346, 0.964850, -0.099969, -0.243044, 0.110138, 0.993505, 0.028583, 0.238608, -0.054347, 0.969594),

              ["LeftFoot"] = CFrame.new(-0.000000, 0.034062, -0.000001, 0.955201, -0.180657, -0.234432, 0.256705, 0.899936, 0.352474, 0.147290, -0.396836, 0.905982),

              ["LeftHand"] = CFrame.new(0.000505, -0.007442, -0.000000, 0.713073, -0.090509, 0.695226, 0.378755, 0.884205, -0.273366, -0.589976, 0.458247, 0.664780),

              ["LeftLowerArm"] = CFrame.new(-0.000500, -0.007632, 0.000041, 1.000000, -0.000000, -0.000000, 0.000000, 1.000000, -0.000001, 0.000000, -0.000000, 1.000000),

              ["LeftLowerLeg"] = CFrame.new(0.000000, 0.122952, -0.121934, 1.000000, -0.000000, -0.000000, 0.000000, -0.264925, 0.964266, -0.000000, -0.964269, -0.264934),

              ["LeftUpperArm"] = CFrame.new(0.222699, -0.325501, 0.045473, 0.915260, 0.380691, -0.131809, -0.175873, 0.671929, 0.719431, 0.362447, -0.635284, 0.681942),

              ["LeftUpperLeg"] = CFrame.new(-0.043256, 0.219013, -0.234748, 0.959500, -0.000295, -0.281707, -0.219945, -0.625617, -0.748495, -0.176021, 0.780130, -0.600330),

              ["LowerTorso"] = CFrame.new(0.089424, -1.667490, -0.731915, 0.997218, -0.041918, 0.061641, 0.041682, 0.999118, 0.005106, -0.061801, -0.002523, 0.998085),

              ["RightFoot"] = CFrame.new(0.000000, 0.033616, -0.000101, 0.998032, 0.047973, 0.040393, -0.062699, 0.776768, 0.626687, -0.001312, -0.627957, 0.778224),

              ["RightHand"] = CFrame.new(-0.000485, 0.022676, -0.000000, 0.951692, 0.265266, -0.154649, -0.302551, 0.896052, -0.324892, 0.052390, 0.355984, 0.933021),

              ["RightLowerArm"] = CFrame.new(-0.000000, 0.111065, 0.059781, 1.000000, 0.000000, 0.000000, 0.000000, 0.383362, -0.923598, -0.000000, 0.923598, 0.383362),

              ["RightLowerLeg"] = CFrame.new(-0.000000, 0.125037, -0.110801, 1.000000, 0.000000, 0.000000, -0.000000, -0.147877, 0.989004, 0.000000, -0.989006, -0.147888),

              ["RightUpperArm"] = CFrame.new(0.062986, -0.248682, -0.824089, 0.693062, 0.468422, 0.547947, 0.605213, -0.791044, -0.089256, 0.391640, 0.393484, -0.831738),

              ["RightUpperLeg"] = CFrame.new(0.107527, 0.000000, -0.000000, 0.994758, -0.064562, 0.079295, 0.005992, -0.737336, -0.675515, 0.102080, 0.672434, -0.733070),

              ["UpperTorso"] = CFrame.new(0.108261, -0.073663, 0.063432, 0.978865, -0.096028, 0.180558, 0.147054, 0.944072, -0.295133, -0.142119, 0.315447, 0.938241)

          }},

          {Time = 0.433, Data = {

              ["Head"] = CFrame.new(-0.000000, 0.033594, -0.030346, 0.962620, -0.126774, -0.239355, 0.115867, 0.991501, -0.059162, 0.244821, 0.029217, 0.969128),

              ["LeftFoot"] = CFrame.new(-0.000000, 0.034101, -0.000001, 0.954771, -0.181615, -0.235441, 0.238693, 0.940298, 0.242645, 0.177307, -0.287846, 0.941111),

              ["LeftHand"] = CFrame.new(0.000531, -0.046882, -0.000000, 0.713765, -0.084939, 0.695218, 0.382934, 0.878446, -0.285826, -0.586430, 0.470232, 0.659526),

              ["LeftLowerArm"] = CFrame.new(-0.000499, -0.047025, 0.000255, 1.000000, -0.000000, -0.000000, 0.000000, 1.000000, -0.000001, 0.000000, -0.000000, 1.000000),

              ["LeftLowerLeg"] = CFrame.new(-0.000000, 0.122775, -0.122586, 1.000000, -0.000000, -0.000000, 0.000000, -0.271717, 0.962375, -0.000000, -0.962377, -0.271726),

              ["LeftUpperArm"] = CFrame.new(0.226856, -0.319193, 0.046687, 0.918256, 0.370478, -0.139832, -0.176364, 0.698788, 0.693247, 0.354545, -0.611916, 0.707005),

              ["LeftUpperLeg"] = CFrame.new(-0.040820, 0.230603, -0.247166, 0.957948, 0.028405, -0.285530, -0.252962, -0.386109, -0.887098, -0.135444, 0.922016, -0.362671),

              ["LowerTorso"] = CFrame.new(0.095550, -1.626005, -0.808113, 0.996972, -0.035848, 0.069002, 0.046943, 0.984911, -0.166573, -0.061989, 0.169307, 0.983612),

              ["RightFoot"] = CFrame.new(-0.000000, 0.034142, -0.000100, 0.998715, 0.034661, 0.036964, -0.049250, 0.835555, 0.547224, -0.011917, -0.548312, 0.836170),

              ["RightHand"] = CFrame.new(-0.000485, 0.022837, 0.000000, 0.932329, 0.312361, -0.182191, -0.357250, 0.873649, -0.330319, 0.055992, 0.373052, 0.926119),

              ["RightLowerArm"] = CFrame.new(-0.000001, 0.111855, 0.061465, 1.000000, 0.000000, 0.000000, -0.000000, 0.365899, -0.930654, -0.000000, 0.930654, 0.365899),

              ["RightLowerLeg"] = CFrame.new(0.000000, 0.123276, -0.119993, 1.000000, 0.000000, 0.000000, -0.000000, -0.243640, 0.969863, 0.000000, -0.969866, -0.243649),

              ["RightUpperArm"] = CFrame.new(0.033687, -0.129822, -0.821976, 0.706118, 0.484777, 0.516129, 0.584930, -0.810129, -0.039328, 0.399066, 0.329669, -0.855608),

              ["RightUpperLeg"] = CFrame.new(0.107527, 0.000000, -0.000000, 0.995027, -0.076088, 0.064274, 0.004594, -0.609574, -0.792728, 0.099497, 0.789069, -0.606178),

              ["UpperTorso"] = CFrame.new(0.099390, -0.068653, 0.070334, 0.980341, -0.087029, 0.177079, 0.102791, 0.991329, -0.081859, -0.168419, 0.098452, 0.980787)

          }},

          {Time = 0.467, Data = {

              ["Head"] = CFrame.new(0.000000, 0.033595, -0.030346, 0.960710, -0.151818, -0.232351, 0.119450, 0.981806, -0.147613, 0.250534, 0.114059, 0.961365),

              ["LeftFoot"] = CFrame.new(-0.000000, 0.033885, -0.000000, 0.957508, -0.175424, -0.228930, 0.214362, 0.963898, 0.157976, 0.192942, -0.200318, 0.960539),

              ["LeftHand"] = CFrame.new(0.000528, -0.042733, -0.000000, 0.712004, -0.098738, 0.695202, 0.379163, 0.887378, -0.262293, -0.591005, 0.450345, 0.669251),

              ["LeftLowerArm"] = CFrame.new(-0.000499, -0.042881, 0.000233, 1.000000, -0.000000, -0.000000, 0.000000, 1.000000, -0.000001, 0.000000, -0.000000, 1.000000),

              ["LeftLowerLeg"] = CFrame.new(0.000000, 0.123701, -0.118943, 1.000000, -0.000000, -0.000000, 0.000000, -0.233738, 0.972298, -0.000000, -0.972300, -0.233747),

              ["LeftUpperArm"] = CFrame.new(0.240949, -0.306259, 0.067827, 0.914768, 0.379891, -0.137418, -0.186804, 0.699379, 0.689908, 0.358197, -0.605435, 0.710734),

              ["LeftUpperLeg"] = CFrame.new(-0.039520, 0.236789, -0.253794, 0.959190, 0.061790, -0.275926, -0.277815, 0.024218, -0.960329, -0.052657, 0.997795, 0.040414),

              ["LowerTorso"] = CFrame.new(0.097161, -1.584379, -0.912087, 0.996882, -0.019213, 0.076531, 0.051454, 0.893606, -0.445893, -0.059821, 0.448441, 0.891809),

              ["RightFoot"] = CFrame.new(0.000000, 0.034800, -0.000100, 0.998449, 0.042585, 0.035857, -0.054009, 0.897132, 0.438475, -0.013495, -0.439705, 0.898028),

              ["RightHand"] = CFrame.new(-0.000484, 0.023941, 0.000000, 0.939313, 0.296297, -0.172918, -0.341058, 0.860935, -0.377455, 0.037031, 0.413520, 0.909740),

              ["RightLowerArm"] = CFrame.new(-0.000000, 0.115872, 0.071386, 1.000000, 0.000000, 0.000000, -0.000000, 0.262803, -0.964850, -0.000000, 0.964850, 0.262803),

              ["RightLowerLeg"] = CFrame.new(-0.000000, 0.119632, -0.131367, 1.000000, 0.000000, 0.000000, -0.000000, -0.362181, 0.932105, 0.000000, -0.932108, -0.362188),

              ["RightUpperArm"] = CFrame.new(0.034211, -0.089755, -0.797457, 0.687453, 0.429732, 0.585439, 0.602849, -0.787180, -0.130080, 0.404946, 0.442355, -0.800213),

              ["RightUpperLeg"] = CFrame.new(0.107527, 0.000000, -0.000000, 0.995382, -0.071422, 0.064131, 0.034950, -0.352594, -0.935129, 0.089401, 0.933047, -0.348456),

              ["UpperTorso"] = CFrame.new(0.090922, -0.053523, 0.084568, 0.980920, -0.083309, 0.175657, 0.049480, 0.980761, 0.188835, -0.188010, -0.176541, 0.966171)

          }},

          {Time = 0.500, Data = {

              ["Head"] = CFrame.new(-0.000000, 0.033595, -0.030346, 0.961234, -0.173553, -0.214264, 0.121650, 0.964277, -0.235313, 0.247449, 0.200125, 0.948008),

              ["LeftFoot"] = CFrame.new(-0.000000, 0.033346, -0.000001, 0.961652, -0.165631, -0.218623, 0.198092, 0.970716, 0.135931, 0.189696, -0.174005, 0.966295),

              ["LeftHand"] = CFrame.new(0.000497, 0.004431, -0.000000, 0.704992, -0.145325, 0.694169, 0.301459, 0.947363, -0.107826, -0.641957, 0.285278, 0.711690),

              ["LeftLowerArm"] = CFrame.new(-0.000500, 0.023574, 0.001876, 1.000000, -0.000000, -0.000000, 0.000000, 0.980779, -0.195125, 0.000000, 0.195124, 0.980779),

              ["LeftLowerLeg"] = CFrame.new(-0.000000, 0.125394, -0.109504, 1.000000, -0.000000, -0.000000, 0.000000, -0.135416, 0.990787, -0.000000, -0.990789, -0.135426),

              ["LeftUpperArm"] = CFrame.new(0.264364, -0.284127, 0.118234, 0.898686, 0.429344, -0.089592, -0.205826, 0.593232, 0.778275, 0.387296, -0.680985, 0.621499),

