return {
    ["Groove Destroyer"] = {
        {Time = 0.000, Data = {
            ["RightFoot"] = CFrame.new(1.0617077350616455e-07, 2.980232238769531e-07, -5.790934665128589e-08, 0.9776567816734314, 0.2062174677848816, 0.04076500982046127, -0.16579148173332214, 0.8756633996963501, -0.453570693731308, -0.12923075258731842, 0.436678409576416, 0.8902875781059265),
            ["LeftLowerArm"] = CFrame.new(1.7881393432617188e-07, -2.384185791015625e-07, -1.7881393432617188e-07, 1, -1.7136333951839333e-07, 3.7252898543727042e-09, 7.82310962677002e-08, 0.43436431884765625, -0.9007372856140137, 4.842877388000488e-08, 0.9007372856140137, 0.43436434864997864),
            ["LeftFoot"] = CFrame.new(2.2351741790771484e-08, -1.1920928955078125e-07, 2.9802322387695312e-08, 0.9685152769088745, -0.21248319745063782, -0.1297270804643631, 0.10848521441221237, 0.8292270302772522, -0.5482824444770813, 0.22407419979572296, 0.5169463753700256, 0.8261702656745911),
            ["Head"] = CFrame.new(-7.450580596923828e-09, 1.1920928955078125e-07, 2.2351741790771484e-07, 0.9165651202201843, 0.041738495230674744, 0.39770153164863586, 0.08058236539363861, 0.9548574686050415, -0.2859261929988861, -0.39168235659599304, 0.2941177785396576, 0.8718255162239075),
            ["LowerTorso"] = CFrame.new(0.01780875027179718, -0.39148831367492676, 0.1305941343307495, 0.9369773864746094, -0.07247485220432281, 0.34179064631462097, 0.0012459290446713567, 0.9789361953735352, 0.20416255295276642, -0.34938785433769226, -0.19086983799934387, 0.917331337928772),
            ["UpperTorso"] = CFrame.new(1.1874362826347351e-08, 5.960464477539063e-08, 2.7474015951156616e-08, 0.9990476965904236, 0.032943371683359146, 0.028610138222575188, -0.03986385837197304, 0.9557275176048279, 0.29154056310653687, -0.01773926056921482, -0.2924034893512726, 0.9561305046081543),
            ["HumanoidRootPart"] = CFrame.new(0, 0, 0, 1, 0, 0, 0, 1, 0, 0, 0, 1),
            ["RightUpperLeg"] = CFrame.new(0, 4.284083843231201e-08, 2.0656443666666746e-08, 0.834915041923523, -0.5023015737533569, -0.22496654093265533, 0.07366740703582764, 0.5070607662200928, -0.8587563633918762, 0.5454264879226685, 0.7004159688949585, 0.4603559374809265),
            ["LeftUpperArm"] = CFrame.new(-2.384185791015625e-07, 5.960464477539062e-07, 2.2351741790771484e-07, 0.4082106351852417, 0.36470046639442444, 0.8368737101554871, -0.4329648017883301, 0.8844133615493774, -0.1742260754108429, -0.8036825656890869, -0.29121580719947815, 0.5189294219017029),
            ["RightLowerArm"] = CFrame.new(-1.7881393432617188e-07, -2.384185791015625e-07, 5.960464477539063e-08, 1, -1.3411046495548362e-07, 6.70552182668871e-08, 1.0430814256778831e-07, 0.054380595684051514, -0.9985202550888062, 8.940698137394065e-08, 0.9985203742980957, 0.054380521178245544),
            ["LeftHand"] = CFrame.new(2.9802322387695312e-08, 1.7881393432617188e-07, 5.960464477539063e-08, 0.7820281982421875, 0.4415838420391083, -0.4398135244846344, -0.4920997619628906, 0.8705382943153381, -0.0009557455778121948, 0.38245242834091187, 0.21717946231365204, 0.8980886340141296),
            ["RightHand"] = CFrame.new(-1.4901161193847656e-08, 0, -1.1920928955078125e-07, 0.7976446747779846, -0.3683476746082306, 0.4775804281234741, 0.45655950903892517, 0.886174201965332, -0.07904873788356781, -0.39410197734832764, 0.2810966670513153, 0.8750247359275818),
            ["RightUpperArm"] = CFrame.new(-5.960464477539063e-08, 2.384185791015625e-07, 2.2351741790771484e-07, 0.49075332283973694, -0.4810536801815033, -0.7264630794525146, 0.49413108825683594, 0.8403841257095337, -0.22268638014793396, 0.7176321148872375, -0.24968381226062775, 0.6501248478889465),
            ["RightLowerLeg"] = CFrame.new(7.450580596923828e-08, 2.384185791015625e-07, 4.639878170564771e-08, 1, -1.5832482347377663e-07, -1.4156111660668103e-07, 1.7136333951839333e-07, 0.07008401304483414, 0.9975411891937256, -1.4342366227992898e-07, -0.9975411891937256, 0.0700843408703804),
            ["LeftUpperLeg"] = CFrame.new(0, -2.3096799850463867e-07, 4.470348358154297e-08, 0.7927772998809814, 0.5243405699729919, 0.3107585310935974, -0.09288706630468369, 0.607827365398407, -0.7886177897453308, -0.6023920178413391, 0.5963329076766968, 0.5305763483047485),
            ["LeftLowerLeg"] = CFrame.new(7.450580596923828e-08, 0, 2.60770320892334e-08, 1, 8.940699558479537e-08, 8.940699558479537e-08, -1.043081283569336e-07, 0.26039260625839233, 0.9655028581619263, 2.9802322387695312e-08, -0.9655028581619263, 0.26039257645606995),
        }},
        {Time = 0.033, Data = {
            ["RightFoot"] = CFrame.new(2.3283064365386963e-09, 2.384185791015625e-07, -4.230969352647662e-08, 0.969565749168396, 0.24012096226215363, 0.04779302701354027, -0.1857779622077942, 0.8486970663070679, -0.4951762855052948, -0.15946407616138458, 0.4712274372577667, 0.8674769401550293),
            ["LeftLowerArm"] = CFrame.new(5.960464477539063e-08, -1.1920928955078125e-07, 2.9802322387695312e-08, 1, -8.195637946073475e-08, 4.842878098543224e-08, 6.146728992462158e-08, 0.43574851751327515, -0.9000686407089233, 4.842877388000488e-08, 0.9000685214996338, 0.4357483983039856),
            ["LeftFoot"] = CFrame.new(1.1548399925231934e-07, -5.960464477539063e-08, 0, 0.9714868068695068, -0.21566638350486755, -0.09849521517753601, 0.12528899312019348, 0.819661557674408, -0.5589790344238281, 0.20128585398197174, 0.5307005047798157, 0.8233110904693604),
            ["Head"] = CFrame.new(-7.450580596923828e-08, 3.5762786865234375e-07, 2.2351741790771484e-08, 0.9024530053138733, 0.020006855949759483, 0.43032360076904297, 0.11470590531826019, 0.9516986608505249, -0.28480225801467896, -0.4152364134788513, 0.30638131499290466, 0.8565683960914612),
            ["LowerTorso"] = CFrame.new(0.016613632440567017, -0.40085530281066895, 0.13039356470108032, 0.9378249049186707, -0.07694241404533386, 0.3384736478328705, 0.005433527287095785, 0.9782572388648987, 0.20732420682907104, -0.3470662832260132, -0.19259469211101532, 0.917851984500885),
            ["UpperTorso"] = CFrame.new(-1.210719347000122e-08, 0, 2.8405338525772095e-08, 0.9982182383537292, 0.037668630480766296, 0.04627716913819313, -0.049614448100328445, 0.9548249840736389, 0.2929977774620056, -0.03314978629350662, -0.2947717010974884, 0.9549925327301025),
            ["HumanoidRootPart"] = CFrame.new(0, 0, 0, 1, 0, 0, 0, 1, 0, 0, 0, 1),
            ["RightUpperLeg"] = CFrame.new(0, -3.632158041000366e-08, 2.029992174357176e-09, 0.8207427859306335, -0.5161885619163513, -0.24480748176574707, 0.1181245893239975, 0.572582483291626, -0.811292827129364, 0.5589524507522583, 0.6369449496269226, 0.5309173464775085),
            ["LeftUpperArm"] = CFrame.new(-2.384185791015625e-07, 1.1920928955078125e-07, -2.9802322387695312e-08, 0.40810126066207886, 0.35408517718315125, 0.8414730429649353, -0.42599910497665405, 0.889080286026001, -0.16751490533351898, -0.8074515461921692, -0.29010361433029175, 0.5136748552322388),
            ["RightLowerArm"] = CFrame.new(2.980232238769531e-07, -1.1920928955078125e-07, -1.7881393432617188e-07, 1, -1.043081283569336e-07, 1.1175869474300271e-07, 1.1175870895385742e-07, 0.054380059242248535, -0.9985203742980957, 5.960464477539063e-08, 0.9985203742980957, 0.05438000708818436),
            ["LeftHand"] = CFrame.new(-1.4901161193847656e-07, 1.1920928955078125e-07, -5.960464477539063e-08, 0.7819929122924805, 0.4416685402393341, -0.43979132175445557, -0.49218979477882385, 0.8704872727394104, -0.0009599365293979645, 0.3824087381362915, 0.21721160411834717, 0.8980995416641235),
            ["RightHand"] = CFrame.new(1.043081283569336e-07, 1.1920928955078125e-07, 5.960464477539063e-08, 0.7975286245346069, -0.36726993322372437, 0.4786033034324646, 0.4559653401374817, 0.8864330053329468, -0.07957539707422256, -0.395023912191391, 0.2816901206970215, 0.8744179606437683),
            ["RightUpperArm"] = CFrame.new(0, 4.76837158203125e-07, 0, 0.4888021945953369, -0.49282604455947876, -0.7198575139045715, 0.49782729148864746, 0.8351840972900391, -0.23374265432357788, 0.7164080142974854, -0.24411064386367798, 0.6535822153091431),
            ["RightLowerLeg"] = CFrame.new(2.2351741790771484e-08, 1.7881393432617188e-07, 4.639878170564771e-08, 1, -1.4901158351676713e-07, -1.4901168299275014e-07, 1.639127589214695e-07, 0.13811063766479492, 0.9904167652130127, -1.0523943672069436e-07, -0.9904168248176575, 0.1381109654903412),
            ["LeftUpperLeg"] = CFrame.new(-5.960464477539063e-08, -9.685754776000977e-08, 2.9802322387695312e-08, 0.8063738346099854, 0.5177851319313049, 0.2857614755630493, -0.10187502205371857, 0.5975807905197144, -0.795310378074646, -0.5825656056404114, 0.6122056245803833, 0.5346229672431946),
            ["LeftLowerLeg"] = CFrame.new(-2.9802322387695312e-08, 1.1920928955078125e-07, 1.30385160446167e-07, 1, 8.940699558479537e-08, 8.195641498787154e-08, -1.1920930376163597e-07, 0.2396681308746338, 0.9708549380302429, 2.980232594040899e-08, -0.9708548784255981, 0.23966802656650543),
        }},
        {Time = 0.067, Data = {
            ["RightFoot"] = CFrame.new(3.818422555923462e-08, 3.5762786865234375e-07, -7.653579814359546e-08, 0.9642348289489746, 0.2563396096229553, 0.06738843768835068, -0.18785622715950012, 0.840312123298645, -0.5085129737854004, -0.18697932362556458, 0.4776669442653656, 0.8584133386611938),
            ["LeftLowerArm"] = CFrame.new(-5.960464477539063e-08, 2.384185791015625e-07, 1.7136335372924805e-07, 1, -1.1175868053214799e-07, -1.1175868230850483e-08, 2.3283064365386963e-08, 0.4387337267398834, -0.898617148399353, -1.1175870895385742e-08, 0.8986170887947083, 0.43873369693756104),
            ["LeftFoot"] = CFrame.new(-1.1175870895385742e-08, 0, 1.4901161193847656e-08, 0.9730930924415588, -0.21828815340995789, -0.07375749945640564, 0.13873089849948883, 0.8106511235237122, -0.5688570737838745, 0.1839665174484253, 0.543318510055542, 0.8191224336624146),
            ["Head"] = CFrame.new(-5.960464477539063e-08, 2.384185791015625e-07, -7.450580596923828e-09, 0.8907220363616943, -0.004203944932669401, 0.4545289874076843, 0.15004315972328186, 0.9466273784637451, -0.2852780520915985, -0.42907029390335083, 0.3223024904727936, 0.8438127636909485),
            ["LowerTorso"] = CFrame.new(0.014537572860717773, -0.4069110155105591, 0.13002103567123413, 0.9393159747123718, -0.08540904521942139, 0.3322511613368988, 0.013556966558098793, 0.9769971370697021, 0.21282130479812622, -0.3427852392196655, -0.1954020857810974, 0.9188669323921204),
            ["UpperTorso"] = CFrame.new(0, -1.4901161193847656e-07, 3.259629011154175e-08, 0.996657133102417, 0.049139514565467834, 0.06526901572942734, -0.06644433736801147, 0.9523826241493225, 0.297577828168869, -0.04753830283880234, -0.3009198307991028, 0.9524639248847961),
            ["HumanoidRootPart"] = CFrame.new(0, 0, 0, 1, 0, 0, 0, 1, 0, 0, 0, 1),
            ["RightUpperLeg"] = CFrame.new(5.960464477539063e-08, -3.0081719160079956e-07, 3.183231456205249e-08, 0.8041883707046509, -0.5231307148933411, -0.2821623384952545, 0.13002172112464905, 0.6180564165115356, -0.7753068208694458, 0.579978883266449, 0.5868054032325745, 0.5650520324707031),
            ["LeftUpperArm"] = CFrame.new(0, 3.5762786865234375e-07, 0, 0.4104767143726349, 0.3421296775341034, 0.8452550768852234, -0.4145815670490265, 0.8956232666969299, -0.16118581593036652, -0.8121767044067383, -0.28426429629325867, 0.5094732046127319),
            ["RightLowerArm"] = CFrame.new(-3.5762786865234375e-07, -2.980232238769531e-07, 0, 1, -8.940694584680386e-08, 6.705522537231445e-08, 1.30385160446167e-07, 0.05437970533967018, -0.9985203742980957, 0, 0.9985203742980957, 0.054379694163799286),
            ["LeftHand"] = CFrame.new(-5.960464477539063e-08, -5.960464477539063e-08, -2.980232238769531e-07, 0.7819181680679321, 0.44185298681259155, -0.43973883986473083, -0.49238550662994385, 0.8703765869140625, -0.0009709077421575785, 0.3823094367980957, 0.21728044748306274, 0.8981252908706665),
            ["RightHand"] = CFrame.new(-6.109476089477539e-07, -5.960464477539063e-08, 5.960464477539063e-08, 0.7973661422729492, -0.36541688442230225, 0.48028936982154846, 0.45493125915527344, 0.8868801593780518, -0.08050515502691269, -0.3965413272380829, 0.28269097208976746, 0.8734077215194702),
            ["RightUpperArm"] = CFrame.new(0, 0, -2.086162567138672e-07, 0.48496922850608826, -0.5048111081123352, -0.7141222357749939, 0.4989319145679474, 0.8303558230400085, -0.24814541637897491, 0.7182421684265137, -0.23595549166202545, 0.6545634269714355),
            ["RightLowerLeg"] = CFrame.new(-3.725290298461914e-08, 2.384185791015625e-07, -6.722257239744067e-08, 1, -1.4528632164001465e-07, -1.4901169720360485e-07, 1.4901161193847656e-07, 0.21524617075920105, 0.9765598177909851, -1.341104507446289e-07, -0.9765598773956299, 0.21524643898010254),
            ["LeftUpperLeg"] = CFrame.new(0, -2.086162567138672e-07, 0, 0.8139002323150635, 0.5170084238052368, 0.2650826573371887, -0.1108161211013794, 0.5860108137130737, -0.8026898503303528, -0.5703387260437012, 0.6239340901374817, 0.5342473387718201),
            ["LeftLowerLeg"] = CFrame.new(1.341104507446289e-07, -1.7881393432617188e-07, 2.9802322387695312e-08, 1, 4.4703490686970326e-08, 5.960465898624534e-08, -1.043081283569336e-07, 0.22150158882141113, 0.9751600623130798, 7.450580596923828e-08, -0.9751600623130798, 0.22150160372257233),
        }},
        {Time = 0.100, Data = {
            ["RightFoot"] = CFrame.new(3.166496753692627e-08, 3.5762786865234375e-07, 2.7772330213338137e-08, 0.9632185101509094, 0.2588348686695099, 0.07221248000860214, -0.18061260879039764, 0.8225644826889038, -0.5392276644706726, -0.1989704668521881, 0.5063520073890686, 0.8390583395957947),
            ["LeftLowerArm"] = CFrame.new(5.960464477539063e-08, -1.7881393432617188e-07, -7.450580596923828e-09, 1, -8.195635814445268e-08, -8.940695295223122e-08, 2.7939680791178034e-08, 0.44226139783859253, -0.8968862295150757, -1.4901162970204496e-08, 0.8968862891197205, 0.44226130843162537),
            ["LeftFoot"] = CFrame.new(3.725290298461914e-09, 0, 2.9802322387695312e-08, 0.9735006093978882, -0.21939624845981598, -0.06451325863599777, 0.14365164935588837, 0.8061809539794922, -0.5739657282829285, 0.1779354065656662, 0.5494885444641113, 0.8163341283798218),
            ["Head"] = CFrame.new(4.470348358154297e-08, 0, -1.2665987014770508e-07, 0.8842495083808899, -0.012889288365840912, 0.4668368697166443, 0.16736626625061035, 0.9419682621955872, -0.2910057008266449, -0.4359946846961975, 0.33545443415641785, 0.835092306137085),
            ["LowerTorso"] = CFrame.new(0.011475712060928345, -0.4066307544708252, 0.12974512577056885, 0.9423635005950928, -0.08780413120985031, 0.3228645324707031, 0.01674451120197773, 0.9761199951171875, 0.21658599376678467, -0.3341716527938843, -0.1986965537071228, 0.9213300347328186),
            ["UpperTorso"] = CFrame.new(1.5366822481155396e-08, 0, 2.3283064365386963e-08, 0.9956655502319336, 0.052910495549440384, 0.07648973912000656, -0.07373449951410294, 0.9503130316734314, 0.3024376630783081, -0.05668702721595764, -0.3067666292190552, 0.9500951170921326),
            ["HumanoidRootPart"] = CFrame.new(0, 0, 0, 1, 0, 0, 0, 1, 0, 0, 0, 1),
            ["RightUpperLeg"] = CFrame.new(0, -1.4202669262886047e-07, 3.9282895158976316e-08, 0.7999623417854309, -0.5201078057289124, -0.29924604296684265, 0.12432003021240234, 0.6315385699272156, -0.7653128504753113, 0.5870306491851807, 0.5750190615653992, 0.5698668360710144),
            ["LeftUpperArm"] = CFrame.new(-2.384185791015625e-07, -1.1920928955078125e-07, -1.043081283569336e-07, 0.4106265604496002, 0.3350703716278076, 0.8480057716369629, -0.40567243099212646, 0.9000479578971863, -0.15919649600982666, -0.8165878653526306, -0.2786424458026886, 0.5055124163627625),
            ["RightLowerArm"] = CFrame.new(-5.960464477539063e-08, -1.7881393432617188e-07, -5.960464477539063e-08, 1, -1.6391273049976007e-07, 7.450580596923828e-08, 1.3411046495548362e-07, 0.054380323737859726, -0.9985203146934509, 7.450581485102248e-09, 0.9985203146934509, 0.05438029021024704),
            ["LeftHand"] = CFrame.new(8.940696716308594e-08, 0, -5.960464477539063e-08, 0.7818301320075989, 0.4420720338821411, -0.43967491388320923, -0.4926176965236664, 0.8702452182769775, -0.0009835736127570271, 0.3821903467178345, 0.21736088395118713, 0.8981565237045288),
            ["RightHand"] = CFrame.new(-5.960464477539063e-08, -1.1920928955078125e-07, 5.960464477539063e-08, 0.797110378742218, -0.36277836561203003, 0.48270776867866516, 0.4534716308116913, 0.8875065445899963, -0.08182719349861145, -0.39872118830680847, 0.2841198146343231, 0.8719505071640015),
            ["RightUpperArm"] = CFrame.new(2.384185791015625e-07, 1.1920928955078125e-07, -2.086162567138672e-07, 0.4837372303009033, -0.5121476054191589, -0.7097204327583313, 0.49770134687423706, 0.8280021548271179, -0.2582744359970093, 0.7199247479438782, -0.22829189896583557, 0.6554321646690369),
            ["RightLowerLeg"] = CFrame.new(0, 1.1920928955078125e-07, -2.0656443666666746e-08, 1, -1.378357268322361e-07, -1.192093463942001e-07, 1.341104507446289e-07, 0.24728240072727203, 0.9689434170722961, -8.754432201385498e-08, -0.9689434170722961, 0.24728275835514069),
            ["LeftUpperLeg"] = CFrame.new(2.9802322387695312e-08, -1.825392246246338e-07, -2.9802322387695312e-08, 0.8131284117698669, 0.5182898640632629, 0.2649487853050232, -0.1122690737247467, 0.5862690806388855, -0.8022993206977844, -0.5711548328399658, 0.6226269006729126, 0.5348999500274658),
            ["LeftLowerLeg"] = CFrame.new(-4.842877388000488e-08, -1.7881393432617188e-07, -6.705522537231445e-08, 1, 4.4703490686970326e-08, 5.2154071283894154e-08, -7.450580596923828e-08, 0.2192576378583908, 0.9756670594215393, 1.043081283569336e-07, -0.9756669998168945, 0.21925760805606842),
        }},
        {Time = 0.133, Data = {
            ["RightFoot"] = CFrame.new(7.078051567077637e-08, 1.7881393432617188e-07, -2.8107024263590574e-08, 0.9626163840293884, 0.25910916924476624, 0.0789455696940422, -0.1702599972486496, 0.8054812550544739, -0.5676363706588745, -0.21066896617412567, 0.5329750180244446, 0.8194854855537415),
            ["LeftLowerArm"] = CFrame.new(-2.980232238769531e-07, 4.76837158203125e-07, 2.2351741790771484e-08, 1, -9.685752644372769e-08, 8.195637946073475e-08, -4.6566128730773926e-09, 0.4443514049053192, -0.8958525061607361, 1.862645149230957e-08, 0.8958525061607361, 0.4443516135215759),
            ["LeftFoot"] = CFrame.new(8.568167686462402e-08, -1.1920928955078125e-07, -1.4901161193847656e-08, 0.9737656712532043, -0.21996746957302094, -0.05826570466160774, 0.1468566656112671, 0.8030810952186584, -0.5774893760681152, 0.17382101714611053, 0.5537825226783752, 0.81431645154953),
            ["Head"] = CFrame.new(4.470348358154297e-08, 0, 0, 0.8822566270828247, -0.013232612982392311, 0.4705828130245209, 0.16993451118469238, 0.9411597847938538, -0.2921309471130371, -0.43902790546417236, 0.3377029597759247, 0.8325932025909424),
            ["LowerTorso"] = CFrame.new(0.00799301266670227, -0.4040791988372803, 0.12949296832084656, 0.945723831653595, -0.0886906161904335, 0.31263497471809387, 0.018949558958411217, 0.9754508137702942, 0.2194005846977234, -0.324418842792511, -0.20156802237033844, 0.9241877198219299),
            ["UpperTorso"] = CFrame.new(6.05359673500061e-09, -1.7881393432617188e-07, 1.6763806343078613e-08, 0.9952670931816101, 0.055399082601070404, 0.07984074205160141, -0.07739947736263275, 0.9486988186836243, 0.3065614402294159, -0.0587615929543972, -0.3112902045249939, 0.9484965205192566),
            ["HumanoidRootPart"] = CFrame.new(0, 0, 0, 1, 0, 0, 0, 1, 0, 0, 0, 1),
            ["RightUpperLeg"] = CFrame.new(0, -8.614733815193176e-08, 2.438173396512866e-08, 0.79558265209198, -0.515320360660553, -0.31857985258102417, 0.11642665416002274, 0.6460874080657959, -0.754331648349762, 0.5945529341697693, 0.5630418658256531, 0.5740129351615906),
            ["LeftUpperArm"] = CFrame.new(-1.1920928955078125e-07, 0, -1.9371509552001953e-07, 0.41118842363357544, 0.3326980471611023, 0.8486673831939697, -0.3996671438217163, 0.9025565385818481, -0.16018067300319672, -0.8192620873451233, -0.2733202278614044, 0.5040891766548157),
            ["RightLowerArm"] = CFrame.new(0, 2.980232238769531e-07, 5.960464477539063e-08, 1, -5.960463056453591e-08, 6.70552182668871e-08, 9.313225746154785e-08, 0.05438101664185524, -0.9985202550888062, 2.2351741790771484e-08, 0.9985202550888062, 0.054381124675273895),
            ["LeftHand"] = CFrame.new(8.940696716308594e-08, -1.1920928955078125e-07, -1.1920928955078125e-07, 0.7817777395248413, 0.44220155477523804, -0.4396379888057709, -0.4927555024623871, 0.8701672554016113, -0.0009917729767039418, 0.38211995363235474, 0.2174093872308731, 0.8981746435165405),
            ["RightHand"] = CFrame.new(4.023313522338867e-07, 1.7881393432617188e-07, 0, 0.7967674136161804, -0.35971030592918396, 0.4855618476867676, 0.45176970958709717, 0.8882371783256531, -0.08330019563436508, -0.40133002400398254, 0.2857329249382019, 0.8702245950698853),
            ["RightUpperArm"] = CFrame.new(0, 2.384185791015625e-07, 2.9802322387695312e-08, 0.48296257853507996, -0.5154794454574585, -0.7078336477279663, 0.4949188530445099, 0.827552318572998, -0.26497605443000793, 0.7223590612411499, -0.22234684228897095, 0.6547971963882446),
            ["RightLowerLeg"] = CFrame.new(-1.043081283569336e-07, 1.7881393432617188e-07, -9.516224963590503e-08, 1, -1.639127589214695e-07, -7.4505820180093e-08, 1.4901162614933128e-07, 0.2819548547267914, 0.9594275951385498, -1.1548401346317405e-07, -0.9594277143478394, 0.2819552421569824),
            ["LeftUpperLeg"] = CFrame.new(0, -2.2351741790771484e-08, 5.960464477539063e-08, 0.8104133009910583, 0.5198465585708618, 0.27016621828079224, -0.11216436326503754, 0.5902890563011169, -0.7993610501289368, -0.5750212669372559, 0.6175097823143005, 0.536686360836029),
            ["LeftLowerLeg"] = CFrame.new(-4.0978193283081055e-08, 1.1920928955078125e-07, -1.043081283569336e-07, 1, 4.4703494239684005e-08, 9.685756197086448e-08, -8.940696716308594e-08, 0.2219850867986679, 0.9750500917434692, 5.960464477539063e-08, -0.9750500917434692, 0.22198501229286194),
        }},
        {Time = 0.167, Data = {
            ["RightFoot"] = CFrame.new(-6.332993507385254e-08, 2.384185791015625e-07, -9.480572771281004e-09, 0.9614992141723633, 0.2578233778476715, 0.09511353820562363, -0.16366475820541382, 0.8152719140052795, -0.5554684996604919, -0.22075626254081726, 0.5185160636901855, 0.8260799646377563),
            ["LeftLowerArm"] = CFrame.new(1.1920928955078125e-07, -7.152557373046875e-07, 0, 1, -5.215404996761208e-08, 3.7252898543727042e-09, -1.8626449271863521e-09, 0.4425918161869049, -0.896723210811615, 3.7252898543727042e-09, 0.896723210811615, 0.44259193539619446),
            ["LeftFoot"] = CFrame.new(-3.725290298461914e-08, 5.960464477539063e-08, 2.9802322387695312e-08, 0.9744791388511658, -0.21929416060447693, -0.04796271771192551, 0.15236987173557281, 0.8030799031257629, -0.5760610103607178, 0.16484475135803223, 0.5540513396263123, 0.815998375415802),
            ["Head"] = CFrame.new(2.9802322387695312e-08, -2.384185791015625e-07, 0, 0.8824775218963623, -0.014649249613285065, 0.47012653946876526, 0.16944850981235504, 0.9423022866249084, -0.2887103855609894, -0.43877193331718445, 0.33444279432296753, 0.8340427875518799),
            ["LowerTorso"] = CFrame.new(0.0042394548654556274, -0.39473700523376465, 0.12932482361793518, 0.948747992515564, -0.08986332267522812, 0.3029882609844208, 0.02203625999391079, 0.9751985669136047, 0.22023212909698486, -0.315264493227005, -0.20226800441741943, 0.9271979928016663),
            ["UpperTorso"] = CFrame.new(9.313225746154785e-10, 2.9802322387695312e-08, -2.60770320892334e-08, 0.9950344562530518, 0.058738239109516144, 0.08035190403461456, -0.08093336969614029, 0.9473898410797119, 0.30968111753463745, -0.0579344742000103, -0.31464648246765137, 0.9474393725395203),
            ["HumanoidRootPart"] = CFrame.new(0, 0, 0, 1, 0, 0, 0, 1, 0, 0, 0, 1),
            ["RightUpperLeg"] = CFrame.new(-2.9802322387695312e-08, 3.958120942115784e-08, -9.145878721028566e-09, 0.7926942110061646, -0.5139117240905762, -0.32791867852211, 0.11093954741954803, 0.6505334973335266, -0.7513312697410583, 0.5994400382041931, 0.5591967105865479, 0.5726872086524963),
            ["LeftUpperArm"] = CFrame.new(5.960464477539063e-08, 4.76837158203125e-07, 2.2351741790771484e-07, 0.41747239232063293, 0.329274982213974, 0.8469328284263611, -0.3917505443096161, 0.9061916470527649, -0.15921126306056976, -0.8199076056480408, -0.2653200030326843, 0.5073032975196838),
            ["RightLowerArm"] = CFrame.new(4.76837158203125e-07, -5.364418029785156e-07, 8.940696716308594e-08, 1, -1.1920926112907182e-07, 6.70552182668871e-08, 8.195637946073475e-08, 0.054161619395017624, -0.9985321760177612, 2.2351738238057806e-08, 0.9985321760177612, 0.05416166037321091),
            ["LeftHand"] = CFrame.new(8.940696716308594e-08, 1.1920928955078125e-07, -1.7881393432617188e-07, 0.7827116847038269, 0.4400497078895569, -0.4401351809501648, -0.49060752987861633, 0.8713797330856323, -0.0012585445074364543, 0.3829708397388458, 0.21691884100437164, 0.8979306221008301),
            ["RightHand"] = CFrame.new(-2.9802322387695312e-08, 5.960464477539063e-08, 5.960464477539063e-08, 0.7963604927062988, -0.35600194334983826, 0.4889506995677948, 0.4496751129627228, 0.8891370296478271, -0.08501642197370529, -0.4044778645038605, 0.28757283091545105, 0.8681586980819702),
            ["RightUpperArm"] = CFrame.new(2.384185791015625e-07, 4.76837158203125e-07, 1.341104507446289e-07, 0.4847862124443054, -0.5174927115440369, -0.705112874507904, 0.4887518286705017, 0.8288481831550598, -0.2722724378108978, 0.7253303527832031, -0.21263107657432556, 0.6547393798828125),
            ["RightLowerLeg"] = CFrame.new(-5.960464477539063e-08, 2.384185791015625e-07, -3.9282895158976316e-08, 1, -1.564621925354004e-07, -1.0430819230577981e-07, 1.341104507446289e-07, 0.30122846364974976, 0.9535520076751709, -1.1920928955078125e-07, -0.9535520076751709, 0.30122876167297363),
            ["LeftUpperLeg"] = CFrame.new(-5.960464477539063e-08, 1.1175870895385742e-08, -2.9802322387695312e-08, 0.8104694485664368, 0.5170523524284363, 0.275311142206192, -0.1136862263083458, 0.5998917818069458, -0.7919628620147705, -0.5746432542800903, 0.6105627417564392, 0.5449756979942322),
            ["LeftLowerLeg"] = CFrame.new(2.2351741790771484e-08, 0, -4.0978193283081055e-08, 1, 7.4505820180093e-08, 3.725290653733282e-08, -1.0430809993522416e-07, 0.23496441543102264, 0.9720039963722229, 5.960463056453591e-08, -0.9720040559768677, 0.2349643111228943),
        }},
        {Time = 0.200, Data = {
            ["RightFoot"] = CFrame.new(-9.313225746154785e-09, 2.980232238769531e-07, 2.4047039914876223e-08, 0.9600004553794861, 0.25602811574935913, 0.11335299164056778, -0.1597566306591034, 0.8333196043968201, -0.5292031764984131, -0.22995029389858246, 0.4899265766143799, 0.8408895134925842),
            ["LeftLowerArm"] = CFrame.new(-8.940696716308594e-08, -2.980232238769531e-07, 9.685754776000977e-08, 1, -1.1175869474300271e-07, -1.862645149230957e-08, 8.381903171539307e-08, 0.44088441133499146, -0.8975639343261719, 7.450580596923828e-08, 0.8975639343261719, 0.44088441133499146),
            ["LeftFoot"] = CFrame.new(3.3527612686157227e-08, 0, 0, 0.9751467108726501, -0.21690724790096283, -0.04516773298382759, 0.15477685630321503, 0.8127800226211548, -0.5616341829299927, 0.1585341840982437, 0.5406848192214966, 0.826151967048645),
            ["Head"] = CFrame.new(-1.4901161193847656e-08, 2.384185791015625e-07, 1.1920928955078125e-07, 0.8973714709281921, -0.027791813015937805, 0.440400093793869, 0.16480599343776703, 0.9469060301780701, -0.2760578691959381, -0.4093453288078308, 0.3203071355819702, 0.8543066382408142),
            ["LowerTorso"] = CFrame.new(-0.0000054836273193359375, -0.3736354112625122, 0.12903878092765808, 0.9525011777877808, -0.08931639045476913, 0.29114285111427307, 0.023793291300535202, 0.9749279618263245, 0.22124503552913666, -0.3036041259765625, -0.20380888879299164, 0.9307451248168945),
            ["UpperTorso"] = CFrame.new(5.587935447692871e-09, 1.7881393432617188e-07, -1.6763806343078613e-08, 0.995060920715332, 0.06101023405790329, 0.07830459624528885, -0.08256133645772934, 0.946617841720581, 0.3116060495376587, -0.055113401263952255, -0.3165320158004761, 0.9469794631004333),
            ["HumanoidRootPart"] = CFrame.new(0, 0, 0, 1, 0, 0, 0, 1, 0, 0, 0, 1),
            ["RightUpperLeg"] = CFrame.new(0, -3.166496753692627e-08, -2.4047039914876223e-08, 0.7904963493347168, -0.508717954158783, -0.34105923771858215, 0.10459215939044952, 0.6608090400695801, -0.7432308197021484, 0.6034700274467468, 0.5518490076065063, 0.575575053691864),
            ["LeftUpperArm"] = CFrame.new(1.1920928955078125e-07, 1.1920928955078125e-07, -1.043081283569336e-07, 0.42663338780403137, 0.32334813475608826, 0.8446478247642517, -0.3825458884239197, 0.9107680916786194, -0.15543538331985474, -0.8195379972457886, -0.2568027675151825, 0.5122596025466919),
            ["RightLowerArm"] = CFrame.new(0, 5.960464477539063e-08, 5.960464477539063e-08, 1, -1.341104365337742e-07, 6.70552182668871e-08, 7.450581307466564e-08, 0.0537247508764267, -0.9985557794570923, 1.4156104555240745e-07, 0.9985557794570923, 0.05372481048107147),
            ["LeftHand"] = CFrame.new(3.2782554626464844e-07, -1.7881393432617188e-07, 1.1920928955078125e-07, 0.7842301726341248, 0.43652790784835815, -0.44093844294548035, -0.48708003759384155, 0.8733557462692261, -0.0016756432596594095, 0.3843647241592407, 0.21608659625053406, 0.8975358009338379),
            ["RightHand"] = CFrame.new(5.960464477539063e-08, -1.1920928955078125e-07, 0, 0.7959166765213013, -0.3516802489757538, 0.49278581142425537, 0.4472132921218872, 0.8901836276054382, -0.08702506124973297, -0.40806490182876587, 0.2896450459957123, 0.8657880425453186),
            ["RightUpperArm"] = CFrame.new(0, 0, 8.940696716308594e-08, 0.4903525114059448, -0.5173162817955017, -0.7013830542564392, 0.4799858629703522, 0.8320278525352478, -0.27810657024383545, 0.7274393439292908, -0.20028389990329742, 0.6562914848327637),
            ["RightLowerLeg"] = CFrame.new(-5.960464477539063e-08, 1.1920928955078125e-07, 3.149762051180005e-08, 1, -8.568168397005138e-08, -5.960468030252741e-08, 1.6391278734317893e-07, 0.3384125530719757, 0.9409977793693542, -1.1920930376163597e-07, -0.9409978985786438, 0.3384128510951996),
            ["LeftUpperLeg"] = CFrame.new(0, 2.644956111907959e-07, -4.470348358154297e-08, 0.8064114451408386, 0.5136236548423767, 0.29307204484939575, -0.11095212399959564, 0.6182068586349487, -0.7781453132629395, -0.5808531045913696, 0.5949882864952087, 0.5555167198181152),
            ["LeftLowerLeg"] = CFrame.new(-3.725290298461914e-09, 0, 2.60770320892334e-08, 1, 8.940698847936801e-08, 5.960465898624534e-08, -5.960464477539063e-08, 0.266521692276001, 0.963828980922699, 5.960464477539063e-08, -0.963828980922699, 0.2665216326713562),
        }},
        {Time = 0.233, Data = {
            ["RightFoot"] = CFrame.new(1.6763806343078613e-08, 3.5762786865234375e-07, 6.502523319795728e-08, 0.9576693773269653, 0.24863800406455994, 0.1450815498828888, -0.16286754608154297, 0.8835415840148926, -0.43912169337272644, -0.2373681515455246, 0.396904855966568, 0.8866361379623413),
            ["LeftLowerArm"] = CFrame.new(-5.960464477539063e-08, -2.384185791015625e-07, -2.3096799850463867e-07, 1, -3.725290653733282e-08, 3.725290653733282e-08, 6.332993507385254e-08, 0.44198790192604065, -0.8970211744308472, 8.195638656616211e-08, 0.8970211148262024, 0.4419877827167511),
            ["LeftFoot"] = CFrame.new(-8.568167686462402e-08, 5.960464477539063e-08, -2.9802322387695312e-08, 0.9753818511962891, -0.211646169424057, -0.06193754822015762, 0.1513122022151947, 0.8466389179229736, -0.5102030038833618, 0.1604214608669281, 0.4882708787918091, 0.8578209280967712),
            ["Head"] = CFrame.new(1.4901161193847656e-08, -1.1920928955078125e-07, 2.682209014892578e-07, 0.9045222997665405, -0.03302468731999397, 0.42514559626579285, 0.1546625792980194, 0.9545162320137024, -0.25490832328796387, -0.3973899781703949, 0.29632437229156494, 0.8684889674186707),
            ["LowerTorso"] = CFrame.new(-0.005245625972747803, -0.33227360248565674, 0.12838727235794067, 0.9580497145652771, -0.0861378163099289, 0.27335184812545776, 0.023650558665394783, 0.974274754524231, 0.22411948442459106, -0.28562498092651367, -0.2082526981830597, 0.9354406595230103),
            ["UpperTorso"] = CFrame.new(3.958120942115784e-09, 4.172325134277344e-07, 3.632158041000366e-08, 0.9957582950592041, 0.06155024468898773, 0.068388432264328, -0.07985884696245193, 0.9473195672035217, 0.3101746737957001, -0.04569435492157936, -0.3143203556537628, 0.9482166767120361),
            ["HumanoidRootPart"] = CFrame.new(0, 0, 0, 1, 0, 0, 0, 1, 0, 0, 0, 1),
            ["RightUpperLeg"] = CFrame.new(0, 3.2153911888599396e-07, 4.952744347974658e-08, 0.7927529215812683, -0.5033646821975708, -0.34375378489494324, 0.09864571690559387, 0.6624665856361389, -0.7425680160522461, 0.6015079617500305, 0.55476313829422, 0.5748271942138672),
            ["LeftUpperArm"] = CFrame.new(0, 0, 2.384185791015625e-07, 0.43347546458244324, 0.31030985713005066, 0.8460537791252136, -0.3753562867641449, 0.9156987071037292, -0.14354003965854645, -0.8192721009254456, -0.255350261926651, 0.5134096741676331),
            ["RightLowerArm"] = CFrame.new(1.7881393432617188e-07, -2.384185791015625e-07, 0, 1, -4.470348358154297e-08, 1.043081283569336e-07, 8.940695295223122e-08, 0.05343283712863922, -0.998571515083313, 9.685753354915505e-08, 0.9985714554786682, 0.053432852029800415),
            ["LeftHand"] = CFrame.new(2.086162567138672e-07, 1.1920928955078125e-07, 0, 0.7853612899780273, 0.4338851571083069, -0.44153308868408203, -0.4844484329223633, 0.8748174905776978, -0.0020310429390519857, 0.38537970185279846, 0.21549518406391144, 0.8972426056861877),
            ["RightHand"] = CFrame.new(-3.725290298461914e-07, 1.1920928955078125e-07, 2.384185791015625e-07, 0.7953519225120544, -0.34695205092430115, 0.49703076481819153, 0.44456982612609863, 0.8912877440452576, -0.08924063295125961, -0.41203516721725464, 0.2919425368309021, 0.8631317615509033),
            ["RightUpperArm"] = CFrame.new(1.1920928955078125e-07, 3.5762786865234375e-07, 6.258487701416016e-07, 0.49936574697494507, -0.5120659470558167, -0.6988723278045654, 0.4733802378177643, 0.836856484413147, -0.27492275834083557, 0.7256342768669128, -0.1935451477766037, 0.6602991819381714),
            ["RightLowerLeg"] = CFrame.new(-4.470348358154297e-08, 2.980232238769531e-07, -1.3205863069742918e-08, 1, -1.2293455142753373e-07, -8.195642919872625e-08, 1.4901162614933128e-07, 0.37859439849853516, 0.9255626201629639, -7.450581307466564e-08, -0.9255626201629639, 0.37859463691711426),
            ["LeftUpperLeg"] = CFrame.new(0, 2.421438694000244e-07, -1.4901161193847656e-08, 0.7918776869773865, 0.5134503841400146, 0.33060285449028015, -0.10095613449811935, 0.6439880728721619, -0.7583451271057129, -0.6022769212722778, 0.5671402812004089, 0.5617958903312683),
            ["LeftLowerLeg"] = CFrame.new(-2.2351741790771484e-08, -5.960464477539063e-08, 1.7136335372924805e-07, 1, 4.4703494239684005e-08, 1.1175875158642157e-07, -1.0430814256778831e-07, 0.3196415901184082, 0.9475386738777161, 2.980232594040899e-08, -0.9475385546684265, 0.31964144110679626),
        }},
        {Time = 0.267, Data = {
            ["RightFoot"] = CFrame.new(-1.5832483768463135e-08, 2.980232238769531e-07, -1.1343217920511961e-08, 0.9525788426399231, 0.24405443668365479, 0.18174432218074799, -0.17850333452224731, 0.9318875074386597, -0.31578803062438965, -0.24643483757972717, 0.2683713734149933, 0.9312609434127808),
            ["LeftLowerArm"] = CFrame.new(-2.9802322387695312e-08, -4.172325134277344e-07, 1.4156103134155273e-07, 1, -8.195636524988004e-08, 9.685753354915505e-08, 1.1548399925231934e-07, 0.44314050674438477, -0.8964521288871765, 4.470348358154297e-08, 0.8964521288871765, 0.4431406259536743),
            ["LeftFoot"] = CFrame.new(3.725290298461914e-09, 5.960464477539063e-08, 1.4901161193847656e-08, 0.9753736257553101, -0.20589330792427063, -0.07908377796411514, 0.1473558396100998, 0.8751122951507568, -0.4609391987323761, 0.16411152482032776, 0.43793439865112305, 0.8839009404182434),
            ["Head"] = CFrame.new(-2.9802322387695312e-08, 1.1920928955078125e-07, -6.705522537231445e-08, 0.9198586940765381, -0.02958640828728676, 0.3911326825618744, 0.12986497581005096, 0.9638867974281311, -0.2325027734041214, -0.37012866139411926, 0.26466405391693115, 0.89048171043396),
            ["LowerTorso"] = CFrame.new(-0.011525213718414307, -0.29061758518218994, 0.12768682837486267, 0.96416175365448, -0.08150694519281387, 0.25248509645462036, 0.022799327969551086, 0.9735754728317261, 0.22722497582435608, -0.26433369517326355, -0.2133251428604126, 0.940542459487915),
            ["UpperTorso"] = CFrame.new(1.30385160446167e-08, 2.9802322387695312e-08, -1.862645149230957e-08, 0.9965536594390869, 0.06167085841298103, 0.05547655373811722, -0.07576102018356323, 0.9490334987640381, 0.3059343099594116, -0.03378184884786606, -0.30908283591270447, 0.9504349231719971),
            ["HumanoidRootPart"] = CFrame.new(0, 0, 0, 1, 0, 0, 0, 1, 0, 0, 0, 1),
            ["RightUpperLeg"] = CFrame.new(0, -4.848698154091835e-08, -1.4268152881413698e-08, 0.7959077954292297, -0.5013662576675415, -0.33935627341270447, 0.09435545653104782, 0.6564076542854309, -0.7484827041625977, 0.5980199575424194, 0.5637028813362122, 0.5697464942932129),
            ["LeftUpperArm"] = CFrame.new(2.384185791015625e-07, 0, 0, 0.43681320548057556, 0.30841153860092163, 0.8450305461883545, -0.3765627145767212, 0.9158136248588562, -0.13959261775016785, -0.8169423937797546, -0.2572311460971832, 0.5161756873130798),
            ["RightLowerArm"] = CFrame.new(-1.7881393432617188e-07, -5.960464477539063e-08, -2.9802322387695312e-08, 1, -5.960463056453591e-08, 1.4901159417490817e-08, 1.266598843585598e-07, 0.05313890799880028, -0.9985871315002441, 1.1175872316471214e-07, 0.9985871315002441, 0.053139008581638336),
            ["LeftHand"] = CFrame.new(-1.1920928955078125e-07, 0, 2.384185791015625e-07, 0.7864950895309448, 0.43121337890625, -0.44213223457336426, -0.48179614543914795, 0.8762800097465515, -0.002412773435935378, 0.38639095425605774, 0.21491514146327972, 0.8969466090202332),
            ["RightHand"] = CFrame.new(5.960464477539063e-08, 5.960464477539063e-08, 2.980232238769531e-07, 0.7946460843086243, -0.34143754839897156, 0.5019547343254089, 0.441543310880661, 0.8925209641456604, -0.09190190583467484, -0.4166259467601776, 0.2946639955043793, 0.8599974513053894),
            ["RightUpperArm"] = CFrame.new(0, 0, -1.4901161193847656e-07, 0.5060150623321533, -0.507199227809906, -0.6976372599601746, 0.47159576416015625, 0.8399181365966797, -0.2685800790786743, 0.7221815586090088, -0.1930973082780838, 0.6642041206359863),
            ["RightLowerLeg"] = CFrame.new(-4.470348358154297e-08, 1.1920928955078125e-07, -2.0656443666666746e-08, 1, -1.1920927533992653e-07, -9.685758328714655e-08, 1.043081283569336e-07, 0.4126254916191101, 0.9109005928039551, -8.940696716308594e-08, -0.9109007120132446, 0.41262581944465637),
            ["LeftUpperLeg"] = CFrame.new(5.960464477539063e-08, 2.2351741790771484e-07, 4.470348358154297e-08, 0.7735432982444763, 0.5103729963302612, 0.37569963932037354, -0.08928670734167099, 0.6746801137924194, -0.7326900362968445, -0.6274222135543823, 0.5332225561141968, 0.5674638152122498),
