return {
    ["Groovy Point"] = {
        {Time = 0.000, Data = {
            ["LeftFoot"] = CFrame.new(-1.3504177331924438e-08, 1.7881393432617188e-07, 9.313225746154785e-10, 0.9496489763259888, 0.2629640996456146, 0.17034302651882172, -0.21087178587913513, 0.938541829586029, -0.27326321601867676, -0.23173239827156067, 0.2235829085111618, 0.9467368125915527),
            ["LeftLowerArm"] = CFrame.new(-1.7881393432617188e-07, 1.1920928955078125e-07, 8.940696716308594e-08, 1, -7.823108916227284e-08, 1.3411046495548362e-07, 8.195638656616211e-08, -0.41473615169525146, -0.9099417328834534, 2.183951437473297e-07, 0.9099416732788086, -0.414736270904541),
            ["LowerTorso"] = CFrame.new(-0.274809867143631, -0.3461024761199951, 0.03872400522232056, 0.8533973693847656, 0.302767813205719, 0.4243168532848358, -0.12462924420833588, 0.9089248776435852, -0.3978983759880066, -0.5061429738998413, 0.2866830825805664, 0.813407838344574),
            ["Head"] = CFrame.new(5.587935447692871e-09, -1.1920928955078125e-07, -1.1175870895385742e-08, 0.9950302839279175, -0.09242543578147888, -0.03704532980918884, 0.09781872481107712, 0.9768612384796143, 0.1901939958333969, 0.01860928349196911, -0.19287244975566864, 0.9810473322868347),
            ["RightUpperArm"] = CFrame.new(0, 0, -4.516914486885071e-08, 0.19239908456802368, -0.9811704158782959, 0.01694878749549389, 0.7218013405799866, 0.12979581952095032, -0.6798203587532043, 0.6648198962211609, 0.14303067326545715, 0.7331827282905579),
            ["UpperTorso"] = CFrame.new(-6.705522537231445e-08, 5.960464477539063e-08, 5.21540641784668e-08, 0.9638845920562744, -0.09480439126491547, -0.24887455999851227, 0.15977667272090912, 0.9534895420074463, 0.2555958330631256, 0.21306763589382172, -0.28612926602363586, 0.9342014193534851),
            ["HumanoidRootPart"] = CFrame.new(0, 0, 0, 1, 0, 0, 0, 1, 0, 0, 0, 1),
            ["RightHand"] = CFrame.new(-3.129243850708008e-07, 0, -6.705522537231445e-08, 0.6027068495750427, -0.450377881526947, -0.6587142944335938, 0.533085286617279, 0.8415140509605408, -0.08760283887386322, 0.5937714576721191, -0.2983521521091461, 0.7472758293151855),
            ["LeftUpperArm"] = CFrame.new(0, -2.384185791015625e-07, -2.9802322387695312e-08, 0.29086750745773315, 0.9283223748207092, -0.2315463125705719, -0.6478359699249268, 0.013005128130316734, -0.7616688013076782, -0.7040629386901855, 0.3715488016605377, 0.6051835417747498),
            ["RightLowerArm"] = CFrame.new(1.7881393432617188e-07, 2.980232238769531e-07, 1.30385160446167e-08, 1, -1.7881389169360773e-07, 1.1920927533992653e-07, 1.1175869474300271e-07, -0.651666522026062, -0.7585054636001587, 7.450579886381092e-08, 0.7585057020187378, -0.6516666412353516),
            ["LeftHand"] = CFrame.new(-1.1175870895385742e-08, 2.980232238769531e-07, 2.9802322387695312e-08, 0.8650403618812561, 0.2485729604959488, -0.43579432368278503, 0.04777679592370987, 0.8238689303398132, 0.5647628903388977, 0.4994223117828369, -0.5093637108802795, 0.7008039355278015),
            ["RightUpperLeg"] = CFrame.new(-8.940696716308594e-08, 3.0547380447387695e-07, -9.85528458841145e-08, 0.9855188727378845, 0.040425896644592285, 0.16467678546905518, 0.16442596912384033, 0.009470375254750252, -0.9863439202308655, -0.04143264517188072, 0.9991376996040344, 0.0026856635231524706),
            ["LeftUpperLeg"] = CFrame.new(-2.980232238769531e-07, 3.501772880554199e-07, -1.1920928955078125e-07, 0.8700992465019226, -0.48904624581336975, 0.061325110495090485, 0.4894927740097046, 0.8428564071655273, -0.22358497977256775, 0.05765531212091446, 0.22455936670303345, 0.9727534055709839),
            ["RightLowerLeg"] = CFrame.new(7.450580596923828e-09, -0.000060498714447021484, -0.00007227638707263395, 1, -1.4156083238958672e-07, -2.7194639073968574e-07, -3.166496753692627e-08, -0.6850988864898682, 0.7284495830535889, -2.4959444999694824e-07, -0.7284501194953918, -0.6850994825363159),
            ["RightFoot"] = CFrame.new(-4.0978193283081055e-08, 2.980232238769531e-07, 4.267349140718579e-08, 0.971507728099823, 0.12582984566688538, -0.2008480578660965, -0.13428135216236115, 0.9905195832252502, -0.028974976390600204, 0.19529783725738525, 0.05511779338121414, 0.9791938662528992),
            ["LeftLowerLeg"] = CFrame.new(7.450580596923828e-08, 0.000060558319091796875, 0.00007204711437225342, 1, 1.564622067462551e-07, 5.215407838932151e-08, -1.0803343286625022e-07, 0.4996498227119446, 0.8662277460098267, 1.4901162970204496e-08, -0.8662275671958923, 0.4996494650840759),
        }},
        {Time = 0.033, Data = {
            ["LeftFoot"] = CFrame.new(3.632158041000366e-08, -1.1920928955078125e-07, 9.313225746154785e-09, 0.9349730610847473, 0.30904847383499146, 0.17410999536514282, -0.2780754566192627, 0.94332355260849, -0.1811496466398239, -0.22022587060928345, 0.12095402926206589, 0.9679207801818848),
            ["LeftLowerArm"] = CFrame.new(5.960464477539063e-08, -2.384185791015625e-07, 8.940696716308594e-08, 1, -1.0430811414607888e-07, 8.940696716308594e-08, 8.195638656616211e-08, -0.1918792575597763, -0.9814185500144958, 9.313225746154785e-08, 0.9814185500144958, -0.1918792724609375),
            ["LowerTorso"] = CFrame.new(-0.2711106836795807, -0.3012113571166992, 0.04540634900331497, 0.8674566149711609, 0.2598797082901001, 0.42424246668815613, -0.07857882231473923, 0.9135908484458923, -0.3989701271057129, -0.49126818776130676, 0.31275275349617004, 0.8129215240478516),
            ["Head"] = CFrame.new(-1.4901161193847656e-08, 0, -1.6530975699424744e-08, 0.9941663146018982, -0.10743916034698486, -0.00949918944388628, 0.10700341314077377, 0.971388041973114, 0.2120274156332016, -0.013552632182836533, -0.21180689334869385, 0.9772175550460815),
            ["RightUpperArm"] = CFrame.new(1.1920928955078125e-07, -1.1920928955078125e-07, 2.2351741790771484e-08, 0.05780423805117607, -0.9836106896400452, 0.17078842222690582, 0.6779606938362122, -0.08690100908279419, -0.7299434542655945, 0.7328219413757324, 0.15798182785511017, 0.6618261933326721),
            ["UpperTorso"] = CFrame.new(-2.2351741790771484e-08, 8.940696716308594e-08, 7.450580596923828e-09, 0.967353343963623, -0.04394804686307907, -0.24959218502044678, 0.10914304852485657, 0.9610839486122131, 0.2537824511528015, 0.22872579097747803, -0.27273857593536377, 0.9345043301582336),
            ["HumanoidRootPart"] = CFrame.new(0, 0, 0, 1, 0, 0, 0, 1, 0, 0, 0, 1),
            ["RightHand"] = CFrame.new(1.1548399925231934e-07, -1.1920928955078125e-07, 9.685754776000977e-08, 0.47271305322647095, -0.3998814821243286, -0.7852622866630554, 0.612999677658081, 0.7893948554992676, -0.03297173231840134, 0.6330668926239014, -0.4657796621322632, 0.6182847619056702),
            ["LeftUpperArm"] = CFrame.new(-1.1920928955078125e-07, 0, 4.470348358154297e-08, 0.18940021097660065, 0.9037955403327942, -0.38377222418785095, -0.5864545702934265, -0.20935207605361938, -0.7824593782424927, -0.7875268459320068, 0.3732631504535675, 0.49038371443748474),
            ["RightLowerArm"] = CFrame.new(-5.960464477539063e-08, -2.384185791015625e-07, 4.6938657760620117e-07, 1, -8.940694584680386e-08, 1.1920930376163597e-07, 1.0989603538291703e-07, -0.5192998647689819, -0.8545920848846436, 1.1920926112907182e-07, 0.8545920848846436, -0.5192999839782715),
            ["LeftHand"] = CFrame.new(3.501772880554199e-07, 2.384185791015625e-07, -9.685754776000977e-08, 0.8771623373031616, 0.26626163721084595, -0.39961376786231995, 0.026922766119241714, 0.8036136627197266, 0.5945420265197754, 0.4794386625289917, -0.5322685837745667, 0.6977311372756958),
            ["RightUpperLeg"] = CFrame.new(-2.9802322387695312e-08, 2.5331974029541016e-07, 4.300818545743823e-08, 0.9942878484725952, -0.09561197459697723, 0.047433704137802124, 0.05083579570055008, 0.03347349539399147, -0.9981459379196167, 0.09384774416685104, 0.9948557615280151, 0.03814249858260155),
            ["LeftUpperLeg"] = CFrame.new(5.960464477539063e-08, 1.4156103134155273e-07, 1.043081283569336e-07, 0.8909063339233398, -0.45206427574157715, 0.04386050999164581, 0.44908270239830017, 0.862339198589325, -0.23387178778648376, 0.06790227442979813, 0.22805508971214294, 0.9712777137756348),
            ["RightLowerLeg"] = CFrame.new(7.450580596923828e-09, -0.00006026029586791992, -0.00007201561675174162, 1, -9.685750512744562e-08, -2.1606702205190231e-07, 9.126962652317161e-08, -0.5872706770896912, 0.8093904256820679, -2.6822092991096724e-07, -0.8093906044960022, -0.5872710347175598),
            ["RightFoot"] = CFrame.new(1.4901161193847656e-08, 2.980232238769531e-07, 1.287116901949048e-08, 0.9759494662284851, 0.03778807818889618, -0.21469728648662567, -0.043600037693977356, 0.9987978339195251, -0.022403256967663765, 0.21359266340732574, 0.031224476173520088, 0.9764236807823181),
            ["LeftLowerLeg"] = CFrame.new(-4.470348358154297e-08, 0.00006079673767089844, 0.00007207691669464111, 1, 1.1548401346317405e-07, 2.2351745343485163e-08, -6.705522537231445e-08, 0.5060007572174072, 0.8625332713127136, 1.4901161193847656e-08, -0.8625331521034241, 0.5060005187988281),
        }},
        {Time = 0.067, Data = {
            ["LeftFoot"] = CFrame.new(4.563480615615845e-08, 1.7881393432617188e-07, 2.7939677238464355e-08, 0.9893361330032349, 0.08363119512796402, 0.119247667491436, -0.08737604320049286, 0.9958221912384033, 0.02652374655008316, -0.1165313869714737, -0.03666067495942116, 0.992510199546814),
            ["LeftLowerArm"] = CFrame.new(3.2782554626464844e-07, -4.172325134277344e-07, 1.1920928955078125e-07, 1, -1.6391277313232422e-07, 8.940698847936801e-08, 1.5646217832454568e-07, 0.13948573172092438, -0.9902241826057434, 5.215405707303944e-08, 0.9902241230010986, 0.13948576152324677),
            ["LowerTorso"] = CFrame.new(-0.24076928198337555, -0.24244952201843262, 0.047389499843120575, 0.8750378489494324, 0.19102267920970917, 0.44476863741874695, 0.0013665962032973766, 0.9178613424301147, -0.3968988358974457, -0.4840526282787323, 0.3479093313217163, 0.8029024004936218),
            ["Head"] = CFrame.new(-1.955777406692505e-08, 2.384185791015625e-07, -2.9802322387695312e-08, 0.9920352101325989, -0.12591925263404846, 0.0032389373518526554, 0.12166361510753632, 0.9645336270332336, 0.2342497855424881, -0.0326206274330616, -0.23198992013931274, 0.9721710681915283),
            ["RightUpperArm"] = CFrame.new(-5.960464477539063e-08, 1.1920928955078125e-07, -2.2351741790771484e-08, -0.02902085706591606, -0.9393259882926941, 0.34179630875587463, 0.6027785539627075, -0.28921693563461304, -0.7436473965644836, 0.7973805665969849, 0.18444634974002838, 0.5745988488197327),
            ["UpperTorso"] = CFrame.new(-4.0512531995773315e-08, 0, 0, 0.9673735499382019, 0.032671283930540085, -0.25123918056488037, 0.035874903202056885, 0.9639944434165955, 0.2634914219379425, 0.25080186128616333, -0.263907790184021, 0.9313706755638123),
            ["HumanoidRootPart"] = CFrame.new(0, 0, 0, 1, 0, 0, 0, 1, 0, 0, 0, 1),
            ["RightHand"] = CFrame.new(-9.313225746154785e-09, -1.1920928955078125e-07, 5.3085386753082275e-08, 0.4863832890987396, -0.30383989214897156, -0.8192147612571716, 0.49891093373298645, 0.8662900328636169, -0.025086861103773117, 0.7172999382019043, -0.3965137004852295, 0.5729380249977112),
            ["LeftUpperArm"] = CFrame.new(0, -2.384185791015625e-07, 7.450580596923828e-08, 0.13201241195201874, 0.8024404048919678, -0.5819470882415771, -0.5249847173690796, -0.4413870573043823, -0.7277145385742188, -0.8408114910125732, 0.40158069133758545, 0.36300042271614075),
            ["RightLowerArm"] = CFrame.new(4.172325134277344e-07, -2.384185791015625e-07, 2.682209014892578e-07, 1, -1.639127589214695e-07, 7.450580596923828e-08, 1.1175869474300271e-07, -0.27460381388664246, -0.9615575075149536, 1.4901159772762185e-07, 0.9615575075149536, -0.27460378408432007),
            ["LeftHand"] = CFrame.new(-1.341104507446289e-07, -4.76837158203125e-07, 1.0058283805847168e-07, 0.8921245336532593, 0.2705460488796234, -0.3618268668651581, -0.020320773124694824, 0.824093222618103, 0.5660894513130188, 0.45133233070373535, -0.49766990542411804, 0.7406916618347168),
            ["RightUpperLeg"] = CFrame.new(0, -1.0058283805847168e-07, 2.0656443666666746e-08, 0.9809895157814026, -0.1618003398180008, -0.1071421355009079, -0.0750098004937172, 0.19305267930030823, -0.978317141532898, 0.17897768318653107, 0.9677557945251465, 0.17724622786045074),
            ["LeftUpperLeg"] = CFrame.new(-2.384185791015625e-07, -1.4156103134155273e-07, -1.4901161193847656e-08, 0.93597412109375, -0.35087311267852783, -0.028991596773266792, 0.3295671045780182, 0.9021450281143188, -0.2784242630004883, 0.12384659796953201, 0.251042902469635, 0.9600205421447754),
            ["RightLowerLeg"] = CFrame.new(-3.3527612686157227e-08, -0.0000603795051574707, -0.00007231177733046934, 1, -1.8626438702540327e-07, -1.4808034620727994e-07, 1.8812716007232666e-07, -0.2723254859447479, 0.9622052311897278, -2.2724270820617676e-07, -0.9622052311897278, -0.2723256051540375),
            ["RightFoot"] = CFrame.new(-2.2351741790771484e-08, 3.5762786865234375e-07, 3.149762051180005e-08, 0.9649584889411926, -0.00031529198167845607, -0.26240354776382446, -0.0075277406722307205, 0.9995542764663696, -0.028889143839478493, 0.2622949779033661, 0.029852014034986496, 0.9645256996154785),
            ["LeftLowerLeg"] = CFrame.new(2.2351741790771484e-08, 0.00006085634231567383, 0.00007197260856628418, 1, 5.587935447692871e-08, 7.4505797087454084e-09, -1.2479723920932884e-07, 0.5218914151191711, 0.853011965751648, 5.960465188081798e-08, -0.853011965751648, 0.5218913555145264),
        }},
        {Time = 0.100, Data = {
            ["LeftFoot"] = CFrame.new(2.0489096641540527e-08, -5.960464477539063e-08, -7.450580596923828e-09, 0.9908488988876343, -0.08261778205633163, 0.10673731565475464, 0.06603259593248367, 0.9863998889923096, 0.15051662921905518, -0.11772096157073975, -0.14209066331386566, 0.9828284978866577),
            ["LeftLowerArm"] = CFrame.new(-5.960464477539063e-08, 1.1920928955078125e-07, 2.384185791015625e-07, 1, -6.007029185184365e-08, -4.470348358154297e-08, 4.470347647611561e-08, 0.7008810043334961, -0.7132779955863953, 8.940695295223122e-08, 0.7132781744003296, 0.7008812427520752),
            ["LowerTorso"] = CFrame.new(-0.21879802644252777, -0.19544029235839844, 0.04639793187379837, 0.8780683875083923, 0.11527864634990692, 0.4644423723220825, 0.08542045205831528, 0.9172042012214661, -0.38915279507637024, -0.47084951400756836, 0.38137564063072205, 0.7955208420753479),
            ["Head"] = CFrame.new(-1.1175870895385742e-08, -3.5762786865234375e-07, -1.4901161193847656e-08, 0.9961278438568115, -0.08782530575990677, -0.004019901156425476, 0.08637777715921402, 0.9691426753997803, 0.23087091743946075, -0.016380472108721733, -0.23032407462596893, 0.9729760885238647),
            ["RightUpperArm"] = CFrame.new(0, -1.1920928955078125e-07, 2.9802322387695312e-08, -0.1061488538980484, -0.8747707605361938, 0.4727672040462494, 0.5294028520584106, -0.4521830081939697, -0.7178183197975159, 0.8417036533355713, 0.17408879101276398, 0.5111048221588135),
            ["UpperTorso"] = CFrame.new(1.4901161193847656e-08, -5.960464477539063e-08, -2.2351741790771484e-08, 0.966936469078064, 0.10661258548498154, -0.23166289925575256, -0.03531290218234062, 0.955643892288208, 0.2924003303050995, 0.2525607645511627, -0.2745518088340759, 0.9278116822242737),
            ["HumanoidRootPart"] = CFrame.new(0, 0, 0, 1, 0, 0, 0, 1, 0, 0, 0, 1),
            ["RightHand"] = CFrame.new(-2.3469328880310059e-07, 2.384185791015625e-07, 1.434236764907837e-07, 0.4135708510875702, -0.20814381539821625, -0.886360764503479, 0.42037150263786316, 0.907194972038269, -0.01689329743385315, 0.8076181411743164, -0.365614116191864, 0.4626869261264801),
            ["LeftUpperArm"] = CFrame.new(5.960464477539063e-08, -3.5762786865234375e-07, 4.470348358154297e-08, -0.14375102519989014, 0.6224664449691772, -0.7693317532539368, -0.6664686799049377, -0.6355684399604797, -0.3897077143192291, -0.7315430045127869, 0.4567146897315979, 0.5062180161476135),
            ["RightLowerArm"] = CFrame.new(-1.7881393432617188e-07, 5.960464477539063e-08, 3.5762786865234375e-07, 1, -1.564621925354004e-07, 3.72529100900465e-08, 5.960465898624534e-08, 0.3210325539112091, -0.9470682740211487, 6.705523958316917e-08, 0.9470682144165039, 0.3210325241088867),
            ["LeftHand"] = CFrame.new(2.8312206268310547e-07, 1.7881393432617188e-07, -1.1175870895385742e-07, 0.979130208492279, 0.1891295313835144, -0.07439112663269043, -0.1325206160545349, 0.8716602325439453, 0.4718545079231262, 0.15408538281917572, -0.4521488547325134, 0.8785325884819031),
            ["RightUpperLeg"] = CFrame.new(-2.9802322387695312e-08, -1.862645149230957e-07, 9.516224963590503e-08, 0.9482679963111877, -0.16554905474185944, -0.27088773250579834, -0.1640138179063797, 0.4751150608062744, -0.8645029067993164, 0.27182233333587646, 0.8642101287841797, 0.4233846962451935),
            ["LeftUpperLeg"] = CFrame.new(2.9802322387695312e-08, 5.21540641784668e-08, 2.9802322387695312e-08, 0.9577975869178772, -0.26639997959136963, -0.10795781016349792, 0.22785747051239014, 0.932620644569397, -0.27982085943222046, 0.17522795498371124, 0.2434127777814865, 0.953963041305542),
            ["RightLowerLeg"] = CFrame.new(-3.725290298461914e-09, -0.00006026029586791992, -0.00007202260167105123, 1, -1.2293457984924316e-07, -1.2665994120197865e-07, 1.3224781980625266e-07, 0.3525835871696472, 0.9357802271842957, -8.568168397005138e-08, -0.93578040599823, 0.3525840938091278),
            ["RightFoot"] = CFrame.new(1.4901161193847656e-08, 3.5762786865234375e-07, -8.398637874051929e-08, 0.9727447032928467, 0.012396164238452911, -0.2315489947795868, -0.01454782672226429, 0.9998654127120972, -0.007592044770717621, 0.23142226040363312, 0.010754178278148174, 0.9727936387062073),
            ["LeftLowerLeg"] = CFrame.new(-7.450580596923828e-08, 0.000060677528381347656, 0.00007218122482299805, 1, 5.215407838932151e-08, 3.3527612686157227e-08, -9.5926239396249e-08, 0.5541514754295349, 0.8324156999588013, 4.4703490686970326e-08, -0.8324158787727356, 0.554151713848114),
        }},
        {Time = 0.133, Data = {
            ["LeftFoot"] = CFrame.new(1.6763806343078613e-08, 5.960464477539063e-08, 1.1175870895385742e-08, 0.9796571135520935, -0.01009940356016159, 0.20042407512664795, -0.017728649079799652, 0.9904721975326538, 0.1365666389465332, -0.1998940110206604, -0.13734212517738342, 0.9701442718505859),
            ["LeftLowerArm"] = CFrame.new(2.9802322387695312e-08, 0, -1.862645149230957e-07, 1, -4.4703490686970326e-08, 5.21540641784668e-08, 2.9802322387695312e-08, 0.8539134860038757, -0.520415186882019, -8.940696716308594e-08, 0.5204151272773743, 0.8539133667945862),
            ["LowerTorso"] = CFrame.new(-0.21326786279678345, -0.16455602645874023, 0.03178306668996811, 0.8836860060691833, 0.1145494133234024, 0.4538475275039673, 0.10097458213567734, 0.9001133441925049, -0.42379263043403625, -0.45705944299697876, 0.42032667994499207, 0.783850908279419),
            ["Head"] = CFrame.new(-7.450580596923828e-09, 0, -2.2351741790771484e-08, 0.9956936836242676, -0.09269998967647552, -0.0009375708177685738, 0.09044407308101654, 0.969143807888031, 0.22930392622947693, -0.02034783363342285, -0.22840119898319244, 0.9733543992042542),
            ["RightUpperArm"] = CFrame.new(0, 1.1920928955078125e-07, -1.30385160446167e-08, -0.15258219838142395, -0.7988913059234619, 0.5818003416061401, 0.48125120997428894, -0.5742425322532654, -0.6623010635375977, 0.8632010817527771, 0.1789368987083435, 0.4720865488052368),
            ["UpperTorso"] = CFrame.new(2.2351741790771484e-08, -5.960464477539063e-08, -8.195638656616211e-08, 0.9684510827064514, 0.12934012711048126, -0.2130112648010254, -0.04577556252479553, 0.9325506687164307, 0.3581256568431854, 0.24496379494667053, -0.33707648515701294, 0.9090502858161926),
            ["HumanoidRootPart"] = CFrame.new(0, 0, 0, 1, 0, 0, 0, 1, 0, 0, 0, 1),
            ["RightHand"] = CFrame.new(4.470348358154297e-08, -5.960464477539063e-08, 2.1653249859809875e-07, 0.12754826247692108, -0.19850176572799683, -0.9717657566070557, 0.3652203381061554, 0.9203248620033264, -0.14005708694458008, 0.9221418499946594, -0.3370448350906372, 0.18988284468650818),
            ["LeftUpperArm"] = CFrame.new(0, 2.384185791015625e-07, -5.587935447692871e-08, -0.3332037925720215, 0.5835984349250793, -0.7405325174331665, -0.6754141449928284, -0.6957584619522095, -0.24440941214561462, -0.6578685641288757, 0.41872793436050415, 0.6259998083114624),
            ["RightLowerArm"] = CFrame.new(-1.4901161193847656e-07, 3.5762786865234375e-07, 4.6938657760620117e-07, 1, -4.842878098543224e-08, -1.862644971595273e-08, 2.9802318834981634e-08, 0.8727294206619263, -0.4882041811943054, 8.195637946073475e-08, 0.4882042706012726, 0.872729480266571),
            ["LeftHand"] = CFrame.new(2.2351741790771484e-07, -5.960464477539063e-08, -2.9802322387695312e-08, 0.9892481565475464, -0.14619189500808716, -0.0040016621351242065, 0.12892383337020874, 0.8588274717330933, 0.49577635526657104, -0.06904192268848419, -0.4909616708755493, 0.8684410452842712),
            ["RightUpperLeg"] = CFrame.new(0, 2.0489096641540527e-08, -1.20904587674886e-07, 0.9450678825378418, -0.12424197793006897, -0.3023400902748108, -0.1611383557319641, 0.627666711807251, -0.761622428894043, 0.28439635038375854, 0.7685039639472961, 0.5731682777404785),
            ["LeftUpperLeg"] = CFrame.new(5.960464477539063e-08, -2.9802322387695312e-08, 0, 0.9567552804946899, -0.26907724142074585, -0.11052948236465454, 0.23411092162132263, 0.9377734065055847, -0.256462961435318, 0.17266015708446503, 0.2194959968328476, 0.9602136015892029),
            ["RightLowerLeg"] = CFrame.new(2.9802322387695312e-08, -0.000060617923736572266, -0.00007201538392109796, 1, -1.1920928955078125e-07, -5.215405707303944e-08, 8.195637946073475e-08, 0.7393171191215515, 0.6733565330505371, -5.215405707303944e-08, -0.6733574867248535, 0.7393180131912231),
            ["RightFoot"] = CFrame.new(-1.1175870895385742e-08, 2.980232238769531e-07, -4.6733475755900145e-08, 0.9895908832550049, 0.018794313073158264, -0.14267884194850922, -0.03967476636171341, 0.9886434674263, -0.14494764804840088, 0.13833220303058624, 0.1491006761789322, 0.9790980219841003),
            ["LeftLowerLeg"] = CFrame.new(8.940696716308594e-08, 0.000060677528381347656, 0.00007215142250061035, 1, 8.568167686462402e-08, 6.705523247774181e-08, -5.4016702222270396e-08, 0.5140542984008789, 0.8577578663825989, 4.470347647611561e-08, -0.8577576875686646, 0.5140541195869446),
        }},
        {Time = 0.167, Data = {
            ["LeftFoot"] = CFrame.new(2.7939677238464355e-09, 0, -1.30385160446167e-08, 0.9547774195671082, 0.04233197122812271, 0.2942925989627838, -0.07740207761526108, 0.9910722374916077, 0.10855742543935776, -0.2870698571205139, -0.12642739713191986, 0.9495300650596619),
            ["LeftLowerArm"] = CFrame.new(0, -2.980232238769531e-07, 1.4808028936386108e-07, 1, -5.960464477539063e-08, -7.4505820180093e-08, 2.9802322387695312e-08, 0.8499102592468262, -0.5269274711608887, -1.4901161193847656e-08, 0.5269275903701782, 0.849910318851471),
            ["LowerTorso"] = CFrame.new(-0.23759323358535767, -0.17015886306762695, 0.012899991124868393, 0.876111626625061, 0.20452021062374115, 0.43657755851745605, 0.029498890042304993, 0.8811210989952087, -0.47196972370147705, -0.4812050461769104, 0.42637670040130615, 0.7659273147583008),
            ["Head"] = CFrame.new(-9.313225746154785e-09, 2.384185791015625e-07, -1.909211277961731e-08, 0.9952560067176819, -0.09725567698478699, -0.002618237631395459, 0.09476769715547562, 0.9630042314529419, 0.25227364897727966, -0.022013705223798752, -0.25132495164871216, 0.9676524996757507),
            ["RightUpperArm"] = CFrame.new(1.1920928955078125e-07, 0, -1.0244548320770264e-08, -0.1330602467060089, -0.728077232837677, 0.6724572777748108, 0.4292629361152649, -0.6538854837417603, -0.623030424118042, 0.8933243751525879, 0.20576049387454987, 0.39954277873039246),
            ["UpperTorso"] = CFrame.new(-5.21540641784668e-08, 1.4901161193847656e-07, 1.4156103134155273e-07, 0.9668958187103271, 0.07908390462398529, -0.24260731041431427, 0.027013272047042847, 0.9136952757835388, 0.40550145506858826, 0.25373777747154236, -0.3986312448978424, 0.8813117742538452),
            ["HumanoidRootPart"] = CFrame.new(0, 0, 0, 1, 0, 0, 0, 1, 0, 0, 0, 1),
            ["RightHand"] = CFrame.new(1.7881393432617188e-07, -5.960464477539062e-07, 1.0977964848279953e-07, 0.016964079812169075, -0.2255137711763382, -0.9740923643112183, 0.45980584621429443, 0.866863489151001, -0.1926814466714859, 0.8878574967384338, -0.44462481141090393, 0.1183980256319046),
            ["LeftUpperArm"] = CFrame.new(0, 1.1920928955078125e-07, 2.2351741790771484e-08, -0.2759059965610504, 0.5909340381622314, -0.7580718398094177, -0.6686179637908936, -0.6845953464508057, -0.29030877351760864, -0.6905258297920227, 0.42676252126693726, 0.583993136882782),
            ["RightLowerArm"] = CFrame.new(-1.1920928955078125e-07, 1.1920928955078125e-07, 1.2293457984924316e-07, 1, -6.705523958316917e-08, -8.381904059717726e-09, 4.470348358154297e-08, 0.8845157623291016, -0.4665102958679199, -5.960464477539063e-08, 0.46651050448417664, 0.8845158815383911),
            ["LeftHand"] = CFrame.new(-2.5331974029541016e-07, -1.7881393432617188e-07, -1.2665987014770508e-07, 0.985222578048706, -0.16939128935337067, -0.025363732129335403, 0.1506306231021881, 0.7864062786102295, 0.5990617871284485, -0.08152959495782852, -0.5940300822257996, 0.8003010749816895),
            ["RightUpperLeg"] = CFrame.new(-2.9802322387695312e-08, 3.725290298461914e-07, 1.1006341082975268e-07, 0.9750782251358032, -0.14993394911289215, -0.1635279655456543, -0.02042114920914173, 0.6732974052429199, -0.7390899062156677, 0.22091951966285706, 0.7240100502967834, 0.6534560322761536),
            ["LeftUpperLeg"] = CFrame.new(-1.1920928955078125e-07, 3.8743019104003906e-07, 4.470348358154297e-08, 0.9311561584472656, -0.35638538002967834, -0.07705464959144592, 0.3409910798072815, 0.925983726978302, -0.1621096432209015, 0.1291249394416809, 0.1246744692325592, 0.9837596416473389),
            ["RightLowerLeg"] = CFrame.new(1.862645149230957e-08, -0.00006014108657836914, -0.00007220164843602106, 1, -1.0803346839338701e-07, -6.705523958316917e-08, -1.3038517820973539e-08, 0.8877624273300171, 0.46030133962631226, -4.5634813261585805e-08, -0.4603019654750824, 0.8877627849578857),
            ["RightFoot"] = CFrame.new(4.470348358154297e-08, 2.384185791015625e-07, 3.894820110872388e-08, 0.9879898428916931, 0.06291110813617706, -0.14113418757915497, -0.08880997449159622, 0.9786277413368225, -0.18547306954860687, 0.1264476180076599, 0.19578026235103607, 0.9724613428115845),
            ["LeftLowerLeg"] = CFrame.new(-3.725290298461914e-09, 0.000060617923736572266, 0.00007198750972747803, 1, 9.313225746154785e-08, 3.725289943190546e-08, -9.685756197086448e-08, 0.5515379905700684, 0.8341497182846069, 5.960465188081798e-08, -0.8341497778892517, 0.5515379905700684),
        }},
        {Time = 0.200, Data = {
            ["LeftFoot"] = CFrame.new(-2.2351741790771484e-08, 5.960464477539063e-08, -1.932494342327118e-08, 0.9694807529449463, 0.019268326461315155, 0.24440933763980865, -0.028132334351539612, 0.9990650415420532, 0.032828133553266525, -0.24354830384254456, -0.03870198503136635, 0.9691163897514343),
            ["LeftLowerArm"] = CFrame.new(-6.556510925292969e-07, -4.172325134277344e-07, -1.4901161193847656e-07, 1, 1.4901162970204496e-08, 2.980232594040899e-08, -1.4901161193847656e-08, 0.8266561031341553, -0.5627077221870422, 0, 0.5627076029777527, 0.8266560435295105),
            ["LowerTorso"] = CFrame.new(-0.254445344209671, -0.19455194473266602, -0.00766431400552392, 0.8930663466453552, 0.21487244963645935, 0.39530038833618164, -0.019288785755634308, 0.8960685729980469, -0.44349637627601624, -0.4495113790035248, 0.3884468376636505, 0.8043932914733887),
            ["Head"] = CFrame.new(1.1175870895385742e-08, 0, -3.632158041000366e-08, 0.9968497157096863, -0.07751225680112839, 0.01681077666580677, 0.0694865882396698, 0.9556812644004822, 0.2860856354236603, -0.03824090212583542, -0.2840161919593811, 0.958056628704071),
            ["RightUpperArm"] = CFrame.new(-1.1920928955078125e-07, 0, -3.655441105365753e-08, -0.13826298713684082, -0.7195316553115845, 0.6805570125579834, 0.4819914698600769, -0.6491771340370178, -0.5884326696395874, 0.8651980757713318, 0.24666444957256317, 0.43656525015830994),
            ["UpperTorso"] = CFrame.new(4.0978193283081055e-08, 5.960464477539063e-08, 7.450580596923828e-08, 0.9746608734130859, 0.018404440954327583, -0.22292940318584442, 0.062244586646556854, 0.9349328279495239, 0.349322646856308, 0.21485304832458496, -0.3543473184108734, 0.9100968241691589),
            ["HumanoidRootPart"] = CFrame.new(0, 0, 0, 1, 0, 0, 0, 1, 0, 0, 0, 1),
            ["RightHand"] = CFrame.new(-1.564621925354004e-07, -2.980232238769531e-07, -1.280568540096283e-07, 0.19612042605876923, -0.15923233330249786, -0.9675650596618652, 0.387401819229126, 0.9190382957458496, -0.07272174209356308, 0.9008088111877441, -0.3605741560459137, 0.24192878603935242),
            ["LeftUpperArm"] = CFrame.new(0, -2.384185791015625e-07, -3.725290298461914e-08, -0.36431100964546204, 0.5691301226615906, -0.7371354699134827, -0.7124255895614624, -0.6800914406776428, -0.17298871278762817, -0.5997726917266846, 0.46213263273239136, 0.6532276272773743),
            ["RightLowerArm"] = CFrame.new(-2.384185791015625e-07, 9.5367431640625e-07, 4.284083843231201e-07, 1, -1.471489667892456e-07, -4.4703494239684005e-08, 7.450581485102248e-09, 0.7860533595085144, -0.6181585788726807, -3.725290653733282e-08, 0.6181586980819702, 0.786053478717804),
            ["LeftHand"] = CFrame.new(1.0803341865539551e-07, 0, -4.0978193283081055e-08, 0.9894058704376221, 0.028456592932343483, 0.14236003160476685, -0.09963128715753555, 0.8463248014450073, 0.5232667922973633, -0.10559254884719849, -0.5319066643714905, 0.8401937484741211),
            ["RightUpperLeg"] = CFrame.new(1.1920928955078125e-07, -3.725290298461914e-09, 5.75528247281909e-09, 0.9887623190879822, -0.10782351344823837, -0.10355045646429062, -0.0030289958231151104, 0.6780813932418823, -0.734980583190918, 0.14946575462818146, 0.7270349264144897, 0.6701349020004272),
            ["LeftUpperLeg"] = CFrame.new(-5.960464477539063e-08, 3.725290298461914e-08, 8.940696716308594e-08, 0.9344285726547241, -0.3546285629272461, -0.03289005532860756, 0.3501814305782318, 0.9316779971122742, -0.09669104963541031, 0.06493256241083145, 0.07883316278457642, 0.994770884513855),
            ["RightLowerLeg"] = CFrame.new(1.4901161193847656e-08, -0.000060498714447021484, -0.00007231899508042261, 1, -9.313227167240257e-08, -3.725289587919178e-08, -1.1175868230850483e-08, 0.9681711196899414, 0.25028905272483826, -4.097818262494002e-08, -0.2502892315387726, 0.9681711792945862),
            ["RightFoot"] = CFrame.new(-4.470348358154297e-08, 4.172325134277344e-07, 9.110226528719068e-08, 0.99817955493927, 0.046707458794116974, -0.03816094249486923, -0.04737715795636177, 0.9987354874610901, -0.016821013763546944, 0.03732510656118393, 0.018598565831780434, 0.9991300702095032),
            ["LeftLowerLeg"] = CFrame.new(3.3527612686157227e-08, 0.000060677528381347656, 0.00007197260856628418, 1, 4.4703490686970326e-08, -7.450581485102248e-09, -9.685754776000977e-08, 0.6282685399055481, 0.7779967188835144, 4.470348358154297e-08, -0.7779966592788696, 0.6282684803009033),
        }},
        {Time = 0.233, Data = {
            ["LeftFoot"] = CFrame.new(-1.1175870895385742e-08, 5.960464477539063e-08, 1.862645149230957e-09, 0.9734082221984863, 0.20366406440734863, 0.10486864298582077, -0.17625878751277924, 0.9582828879356384, -0.22500377893447876, -0.14631913602352142, 0.2005366086959839, 0.9686980247497559),
            ["LeftLowerArm"] = CFrame.new(1.7881393432617188e-07, -3.5762786865234375e-07, 8.940696716308594e-08, 1, -8.195636524988004e-08, 7.450581307466564e-08, 2.0861622829215776e-07, 0.5245420932769775, -0.8513845205307007, 7.450579886381092e-08, 0.8513845801353455, 0.5245420932769775),
            ["LowerTorso"] = CFrame.new(-0.27282944321632385, -0.24251794815063477, -0.03439370542764664, 0.9350826144218445, 0.20381580293178558, 0.2899649739265442, -0.07655180990695953, 0.9149463176727295, -0.3962487280368805, -0.34606415033340454, 0.3483279049396515, 0.8711528778076172),
            ["Head"] = CFrame.new(2.4330802261829376e-08, -5.960464477539062e-07, 1.1816155165433884e-08, 0.9899995923042297, -0.12060244381427765, 0.07318365573883057, 0.09627197682857513, 0.9567851424217224, 0.2743973433971405, -0.10311403125524521, -0.264607697725296, 0.958827555179596),
            ["RightUpperArm"] = CFrame.new(-1.1920928955078125e-07, -4.76837158203125e-07, -3.958120942115784e-08, -0.21188269555568695, -0.7078492045402527, 0.673836350440979, 0.5579071044921875, -0.6537092328071594, -0.5112765431404114, 0.802399754524231, 0.26760751008987427, 0.533423900604248),
            ["UpperTorso"] = CFrame.new(1.4901161193847656e-08, 2.384185791015625e-07, -3.3527612686157227e-08, 0.9862807393074036, 0.014255721122026443, -0.16445985436439514, 0.03622983768582344, 0.9532804489135742, 0.29990634322166443, 0.16105173528194427, -0.301750123500824, 0.9396856427192688),
            ["HumanoidRootPart"] = CFrame.new(0, 0, 0, 1, 0, 0, 0, 1, 0, 0, 0, 1),
            ["RightHand"] = CFrame.new(5.122274160385132e-09, 5.960464477539062e-07, -8.940696716308594e-08, 0.35386475920677185, -0.1912996619939804, -0.9155241847038269, 0.42176854610443115, 0.9063205122947693, -0.026356447488069534, 0.8348000645637512, -0.3768124282360077, 0.4013988673686981),
            ["LeftUpperArm"] = CFrame.new(5.960464477539063e-08, -4.76837158203125e-07, 7.450580596923828e-09, -0.19382071495056152, 0.695611298084259, -0.6917793154716492, -0.6856197118759155, -0.6004026532173157, -0.4116334915161133, -0.7016831040382385, 0.3945144712924957, 0.5932952165603638),
            ["RightLowerArm"] = CFrame.new(4.172325134277344e-07, -1.7881393432617188e-07, -5.960464477539063e-08, 1, -1.8521674860494386e-07, 1.0011717677116394e-07, 1.2665985593685036e-07, 0.47317689657211304, -0.8809675574302673, 7.683410530034962e-08, 0.8809674978256226, 0.4731768071651459),
            ["LeftHand"] = CFrame.new(-3.7997961044311523e-07, 0, 1.043081283569336e-07, 0.9370297789573669, 0.2967901825904846, -0.18409454822540283, -0.13789042830467224, 0.7986786961555481, 0.5857459306716919, 0.3208761513233185, -0.5234768390655518, 0.7893104553222656),
            ["RightUpperLeg"] = CFrame.new(5.960464477539063e-08, 1.9744038581848145e-07, 9.516224963590503e-08, 0.9990423917770386, -0.008984362706542015, -0.04282080754637718, -0.027551043778657913, 0.6311283111572266, -0.7751891016960144, 0.03399205207824707, 0.7756264209747314, 0.6302762627601624),
            ["LeftUpperLeg"] = CFrame.new(2.9802322387695312e-08, 3.7997961044311523e-07, 2.9802322387695312e-08, 0.9317647814750671, -0.34425967931747437, 0.11532491445541382, 0.3536270558834076, 0.9324939846992493, -0.07350458204746246, -0.08223485201597214, 0.10927137732505798, 0.9906045198440552),
            ["RightLowerLeg"] = CFrame.new(1.862645149230957e-08, -0.000060439109802246094, -0.00007208709575934336, 1, -1.192093321833454e-07, -5.215405707303944e-08, 3.166496753692627e-08, 0.9341146945953369, 0.35697296261787415, -3.5390257835388184e-08, -0.35697317123413086, 0.9341147541999817),
            ["RightFoot"] = CFrame.new(-3.725290298461914e-09, 3.5762786865234375e-07, -7.281050784513354e-08, 0.9975877404212952, -0.021433411166071892, -0.06602752953767776, 0.025077950209379196, 0.998178243637085, 0.05487748235464096, 0.0647289901971817, -0.05640046298503876, 0.9963076114654541),
            ["LeftLowerLeg"] = CFrame.new(-1.4901161193847656e-08, 0.00006085634231567383, 0.00007206201553344727, 1, 5.960465188081798e-08, -3.72529100900465e-08, -6.705523247774181e-08, 0.609633207321167, 0.7926836609840393, 1.4901162970204496e-08, -0.7926837205886841, 0.6096332669258118),
        }},
        {Time = 0.267, Data = {
            ["LeftFoot"] = CFrame.new(-3.702007234096527e-08, -5.960464477539063e-08, 2.2351741790771484e-08, 0.9554506540298462, 0.2749842703342438, 0.107228584587574, -0.20750722289085388, 0.8841912746429443, -0.4185049831867218, -0.20989277958869934, 0.3776102066040039, 0.9018624424934387),
            ["LeftLowerArm"] = CFrame.new(-5.662441253662109e-07, 2.980232238769531e-07, -1.7881393432617188e-07, 1, -6.705523247774181e-08, -1.4901162970204496e-08, 5.21540641784668e-08, -0.01833968795835972, -0.9998319149017334, 5.21540641784668e-08, 0.9998319149017334, -0.01833971031010151),
            ["LowerTorso"] = CFrame.new(-0.2972668707370758, -0.30141615867614746, -0.058967456221580505, 0.9648880958557129, 0.19608208537101746, 0.17476506531238556, -0.11703912168741226, 0.9166193604469299, -0.38224443793296814, -0.23514431715011597, 0.348368763923645, 0.9073843955993652),
            ["Head"] = CFrame.new(1.862645149230957e-09, 1.1920928955078125e-07, 4.284083843231201e-08, 0.9767200946807861, -0.15359348058700562, 0.14975666999816895, 0.11555834859609604, 0.9648770689964294, 0.235920712351799, -0.1807326227426529, -0.21312274038791656, 0.9601637721061707),
            ["RightUpperArm"] = CFrame.new(0, 2.384185791015625e-07, 1.4901161193847656e-08, -0.12988713383674622, -0.7727252840995789, 0.6213090419769287, 0.6178058981895447, -0.5531830191612244, -0.5588420033454895, 0.7755290269851685, 0.3112621009349823, 0.5492456555366516),
            ["UpperTorso"] = CFrame.new(-4.6566128730773926e-08, -2.9802322387695312e-08, -6.332993507385254e-08, 0.9912609457969666, 0.017633263021707535, -0.13073214888572693, 0.021028121933341026, 0.9572322368621826, 0.288555771112442, 0.13022921979427338, -0.28878310322761536, 0.9484959840774536),
            ["HumanoidRootPart"] = CFrame.new(0, 0, 0, 1, 0, 0, 0, 1, 0, 0, 0, 1),
            ["RightHand"] = CFrame.new(-1.341104507446289e-07, -1.7881393432617188e-07, -1.8998980522155762e-07, 0.43895968794822693, -0.2666080594062805, -0.8580411672592163, 0.5043732523918152, 0.8634248971939087, -0.01025174930691719, 0.74358731508255, -0.42827296257019043, 0.513478696346283),
            ["LeftUpperArm"] = CFrame.new(0, 2.384185791015625e-07, 5.21540641784668e-08, -0.05578503757715225, 0.8847398161888123, -0.46273478865623474, -0.6761075258255005, -0.3745005428791046, -0.6345296502113342, -0.7346881628036499, 0.2774612605571747, 0.6190707683563232),
            ["RightLowerArm"] = CFrame.new(1.1920928955078125e-07, -5.960464477539063e-08, 2.1606683731079102e-07, 1, -8.754432201385498e-08, -2.6077039194660756e-08, 1.0058282384761696e-07, -0.0256497859954834, -0.9996710419654846, 1.7881390590446244e-07, 0.9996709823608398, -0.025649717077612877),
            ["LeftHand"] = CFrame.new(-4.4330954551696777e-07, -2.384185791015625e-07, 1.2479722499847412e-07, 0.8622272610664368, 0.3302178382873535, -0.38408374786376953, -0.020196348428726196, 0.7800871729850769, 0.6253449320793152, 0.5061188340187073, -0.5314323902130127, 0.6792815923690796),
            ["RightUpperLeg"] = CFrame.new(-5.960464477539063e-08, -1.043081283569336e-07, 3.183231456205249e-08, 0.996458888053894, 0.06224919483065605, -0.05652190372347832, -0.08229627460241318, 0.5842469930648804, -0.8073925971984863, -0.01723485440015793, 0.8091851472854614, 0.5873010754585266),
            ["LeftUpperLeg"] = CFrame.new(0, -5.4016709327697754e-08, -1.4901161193847656e-08, 0.907393753528595, -0.34852561354637146, 0.2348759025335312, 0.36189940571784973, 0.9320963621139526, -0.015011774376034737, -0.21369491517543793, 0.09862291812896729, 0.9719095230102539),
