return {
    ["Groove Snaps"] = {
        {Time = 0.000, Data = {
            ["RightFoot"] = CFrame.new(-8.195638656616211e-08, 4.172325134277344e-07, 3.149762051180005e-08, 0.9915434718132019, 0.09555656462907791, -0.08780933916568756, -0.12097007781267166, 0.925545334815979, -0.35879215598106384, 0.04698649048805237, 0.3663805425167084, 0.9292780160903931),
            ["LeftLowerArm"] = CFrame.new(3.8743019104003906e-07, 5.364418029785156e-07, -2.3096799850463867e-07, 1, -8.10250853078287e-08, 2.4214381610931923e-08, 9.10876991611076e-08, 0.28449082374572754, -0.9586787819862366, 6.23986053938097e-08, 0.9586788415908813, 0.28449076414108276),
            ["RightUpperArm"] = CFrame.new(1.1920928955078125e-07, -2.384185791015625e-07, -5.960464477539063e-08, 0.470671147108078, 0.286395788192749, 0.8345334529876709, 0.4136720597743988, 0.7638184428215027, -0.4954359233379364, -0.7793229222297668, 0.5784106850624084, 0.24103333055973053),
            ["Head"] = CFrame.new(9.499490261077881e-08, 1.1920928955078125e-07, 1.1175870895385742e-08, 0.9425909519195557, 0.09107724577188492, 0.32128989696502686, -0.05865778774023056, 0.9922877550125122, -0.10919888317584991, -0.3287576138973236, 0.08408372849225998, 0.9406638145446777),
            ["RightHand"] = CFrame.new(-5.960464477539063e-08, 5.960464477539062e-07, -1.825392246246338e-07, 0.9444717168807983, 0.1004820168018341, 0.31285250186920166, -0.03654390573501587, 0.97831130027771, -0.2038915604352951, -0.32655441761016846, 0.18113692104816437, 0.9276592135429382),
            ["UpperTorso"] = CFrame.new(-2.60770320892334e-08, -1.4901161193847656e-07, 2.60770320892334e-08, 0.9984866976737976, 0.0468045212328434, 0.028873303905129433, -0.0538102425634861, 0.9398508667945862, 0.3373202979564667, -0.011348498985171318, -0.33836349844932556, 0.9409470558166504),
            ["HumanoidRootPart"] = CFrame.new(0, 0, 0, 1, 0, 0, 0, 1, 0, 0, 0, 1),
            ["RightUpperLeg"] = CFrame.new(-2.9802322387695312e-08, -2.3096799850463867e-07, -1.0600342648103833e-07, 0.998508632183075, 0.04371260851621628, -0.032706767320632935, -0.05449308827519417, 0.8344590663909912, -0.5483689308166504, 0.0033218904864042997, 0.5493335127830505, 0.8355967402458191),
            ["LeftUpperArm"] = CFrame.new(0, -2.384185791015625e-07, -1.7881393432617188e-07, 0.2811441421508789, 0.26238518953323364, -0.9230991005897522, -0.5545860528945923, 0.8294364213943481, 0.06685438752174377, 0.7831937074661255, 0.4931422770023346, 0.3787063956260681),
            ["RightLowerArm"] = CFrame.new(1.1920928955078125e-07, 4.76837158203125e-07, -1.1920928955078125e-07, 1, -1.3411049337719305e-07, 8.568165554834195e-08, 9.732319483646279e-08, 0.1211724728345871, -0.9926314949989319, 8.940695295223122e-08, 0.9926314949989319, 0.12117250263690948),
            ["LeftHand"] = CFrame.new(-4.1944440454244614e-07, 2.384185791015625e-07, 2.9802322387695312e-08, 0.932258129119873, 0.34193703532218933, 0.1182108148932457, -0.36158737540245056, 0.8916268348693848, 0.27250006794929504, -0.012222008779644966, -0.29678380489349365, 0.9548665285110474),
            ["LeftFoot"] = CFrame.new(-5.960464477539063e-08, -5.960464477539063e-08, 7.450580596923828e-08, 0.9592041373252869, -0.2773115038871765, -0.05500756949186325, 0.18328747153282166, 0.758120059967041, -0.6258275508880615, 0.21525144577026367, 0.5902138948440552, 0.778019368648529),
            ["LowerTorso"] = CFrame.new(0.1499483734369278, -0.40567922592163086, -0.42314833402633667, 0.9091694355010986, -0.22576624155044556, -0.34991520643234253, 0.14891701936721802, 0.9609820246696472, -0.23310361802577972, 0.3888891935348511, 0.15982234477996826, 0.9073158502578735),
            ["RightLowerLeg"] = CFrame.new(2.9802322387695312e-08, -0.000003933906555175781, -0.000013409349776338786, 1, -1.4528630742915993e-07, -1.4156105976326216e-07, 1.4901162614933128e-07, 0.3668301999568939, 0.930287778377533, -5.960465188081798e-08, -0.9302879571914673, 0.36683061718940735),
            ["LeftUpperLeg"] = CFrame.new(-1.1920928955078125e-07, -2.4586915969848633e-07, -1.043081283569336e-07, 0.8790240287780762, 0.33760136365890503, -0.3366633653640747, -0.44842153787612915, 0.825295627117157, -0.343227744102478, 0.16197261214256287, 0.45267269015312195, 0.8768423795700073),
            ["LeftLowerLeg"] = CFrame.new(1.4901161193847656e-07, 0.0000035762786865234375, 0.00001385807991027832, 1, 1.4901166878189542e-07, 1.2665991278026922e-07, -8.195639367158947e-08, 0.17589080333709717, 0.984409749507904, 5.960465188081798e-08, -0.9844096899032593, 0.17589052021503448),
        }},
        {Time = 0.033, Data = {
            ["RightFoot"] = CFrame.new(1.043081283569336e-07, 2.980232238769531e-07, -5.75528247281909e-09, 0.9877946972846985, 0.09530509263277054, -0.1232016384601593, -0.13628432154655457, 0.9118084907531738, -0.3873392641544342, 0.07542091608047485, 0.39940229058265686, 0.9136682748794556),
            ["LeftLowerArm"] = CFrame.new(-0.0000010728836059570312, 7.748603820800781e-07, -2.905726432800293e-07, 1, -6.705523247774181e-08, 1.0523943672069436e-07, 5.960465188081798e-08, 0.11294243484735489, -0.9936015009880066, 8.754432911928234e-08, 0.9936015605926514, 0.1129424199461937),
            ["RightUpperArm"] = CFrame.new(-5.960464477539063e-08, -5.960464477539062e-07, -8.940696716308594e-08, 0.5312814116477966, 0.23015791177749634, 0.8153327703475952, 0.42505356669425964, 0.7600828409194946, -0.49153196811676025, -0.7328503727912903, 0.60770183801651, 0.30598846077919006),
            ["Head"] = CFrame.new(4.470348358154297e-08, 1.1920928955078125e-07, 3.003515303134918e-08, 0.9552165865898132, 0.08647418022155762, 0.2829904854297638, -0.058591194450855255, 0.9926846623420715, -0.10556652396917343, -0.29004910588264465, 0.08425813168287277, 0.9532954692840576),
            ["RightHand"] = CFrame.new(1.7881393432617188e-07, -2.980232238769531e-07, 1.2014061212539673e-07, 0.9512827396392822, 0.061195008456707, 0.3021857738494873, -0.004948839545249939, 0.983009397983551, -0.18348851799964905, -0.3082801401615143, 0.17305400967597961, 0.9354227185249329),
            ["UpperTorso"] = CFrame.new(-3.725290298461914e-08, 2.384185791015625e-07, -3.3527612686157227e-08, 0.9984989762306213, 0.04785001277923584, 0.0266505628824234, -0.054104529321193695, 0.9373907446861267, 0.3440515697002411, -0.008519148454070091, -0.34497711062431335, 0.9385724663734436),
            ["HumanoidRootPart"] = CFrame.new(0, 0, 0, 1, 0, 0, 0, 1, 0, 0, 0, 1),
            ["RightUpperLeg"] = CFrame.new(5.960464477539063e-08, 3.3527612686157227e-07, -3.149762051180005e-08, 0.9987629055976868, 0.03960045799612999, -0.030073221772909164, -0.04959815740585327, 0.8365733027458191, -0.5456051826477051, 0.0035522030666470528, 0.546422004699707, 0.8375025391578674),
            ["LeftUpperArm"] = CFrame.new(1.1920928955078125e-07, -1.1920928955078125e-07, -5.960464477539063e-08, 0.31297752261161804, 0.3264845609664917, -0.8918816447257996, -0.6016924977302551, 0.7947337031364441, 0.07977742701768875, 0.734854519367218, 0.5116701126098633, 0.4451771378517151),
            ["RightLowerArm"] = CFrame.new(-5.364418029785156e-07, 1.7881393432617188e-07, -2.384185791015625e-07, 1, -1.1920931797249068e-07, 5.029139416024009e-08, 5.5879347371501353e-08, -0.06164296343922615, -0.9980983138084412, 8.940695295223122e-08, 0.9980982542037964, -0.06164298206567764),
            ["LeftHand"] = CFrame.new(-7.264316082000732e-08, 5.364418029785156e-07, 7.450580596923828e-09, 0.9149509072303772, 0.3866601884365082, 0.11558062583208084, -0.4033535122871399, 0.8854427933692932, 0.23086188733577728, -0.013074973598122597, -0.2578470706939697, 0.9660972952842712),
            ["LeftFoot"] = CFrame.new(1.1175870895385742e-07, -1.7881393432617188e-07, 2.9802322387695312e-08, 0.9499249458312988, -0.29732081294059753, -0.09613989293575287, 0.1752474308013916, 0.7616342902183533, -0.6238601803779602, 0.25871017575263977, 0.575772225856781, 0.775600254535675),
            ["LowerTorso"] = CFrame.new(0.1605101078748703, -0.41713953018188477, -0.42244753241539, 0.9256304502487183, -0.2163177728652954, -0.310507595539093, 0.14413408935070038, 0.9601973295211792, -0.23926252126693726, 0.3499052822589874, 0.17671392858028412, 0.9199665784835815),
            ["RightLowerLeg"] = CFrame.new(6.705522537231445e-08, -0.0000035762786865234375, -0.000013439152098726481, 1, -9.685754776000977e-08, -1.713634105726669e-07, 1.4156104555240745e-07, 0.33188867568969727, 0.9433184862136841, -9.685756197086448e-08, -0.9433185458183289, 0.33188897371292114),
            ["LeftUpperLeg"] = CFrame.new(-5.960464477539063e-08, 2.1606683731079102e-07, -1.2665987014770508e-07, 0.8746914267539978, 0.33805716037750244, -0.34732189774513245, -0.4574643075466156, 0.8125773668289185, -0.3611707091331482, 0.1601296067237854, 0.4748004674911499, 0.8654035329818726),
            ["LeftLowerLeg"] = CFrame.new(0, 0.0000036954879760742188, 0.00001385807991027832, 1, 1.6391281576488836e-07, 2.2351748896198842e-08, -7.171183113996449e-08, 0.17004315555095673, 0.9854366779327393, 1.1920927533992653e-07, -0.9854366779327393, 0.1700429916381836),
        }},
        {Time = 0.067, Data = {
            ["RightFoot"] = CFrame.new(-3.166496753692627e-08, 3.5762786865234375e-07, -5.75528247281909e-09, 0.981360912322998, 0.0955490991473198, -0.16673748195171356, -0.15585802495479584, 0.9033028483390808, -0.3996899127960205, 0.11242428421974182, 0.4182276129722595, 0.9013583064079285),
            ["LeftLowerArm"] = CFrame.new(-0.0000010132789611816406, -2.980232238769531e-07, -2.980232238769531e-07, 1, -8.381903171539307e-08, 1.4901158351676713e-07, 7.078051567077637e-08, -0.029062511399388313, -0.9995776414871216, 5.960464477539063e-08, 0.9995776414871216, -0.02906251698732376),
            ["RightUpperArm"] = CFrame.new(1.1920928955078125e-07, -3.5762786865234375e-07, 1.4901161193847656e-08, 0.6116008758544922, 0.15591312944889069, 0.7756516933441162, 0.4165259897708893, 0.7700672745704651, -0.48322102427482605, -0.6726444959640503, 0.6186174154281616, 0.40603190660476685),
            ["Head"] = CFrame.new(4.284083843231201e-08, 2.384185791015625e-07, 1.8952414393424988e-07, 0.9682948589324951, 0.0800195187330246, 0.23664744198322296, -0.05590420961380005, 0.9926943778991699, -0.10692349076271057, -0.24347452819347382, 0.09030386060476303, 0.9656943082809448),
            ["RightHand"] = CFrame.new(-2.980232238769531e-07, 1.1920928955078125e-07, 1.4901161193847656e-08, 0.9563548564910889, 0.025862980633974075, 0.2910612225532532, 0.02972014620900154, 0.9823008179664612, -0.18493768572807312, -0.2906927466392517, 0.18551652133464813, 0.9386593699455261),
            ["UpperTorso"] = CFrame.new(7.450580596923828e-09, 2.980232238769531e-07, -2.2351741790771484e-08, 0.9987500905990601, 0.04308111593127251, 0.025345075875520706, -0.04917566478252411, 0.9377134442329407, 0.34391191601753235, -0.0089503088966012, -0.3447284400463104, 0.9386597871780396),
            ["HumanoidRootPart"] = CFrame.new(0, 0, 0, 1, 0, 0, 0, 1, 0, 0, 0, 1),
            ["RightUpperLeg"] = CFrame.new(0, 8.940696716308594e-08, 1.3205863069742918e-08, 0.9993401765823364, 0.029207538813352585, -0.021593650802969933, -0.036208245903253555, 0.8482702970504761, -0.5283243060112, 0.0028862319886684418, 0.5287574529647827, 0.8487680554389954),
            ["LeftUpperArm"] = CFrame.new(0, 2.384185791015625e-07, 2.9802322387695312e-08, 0.39532729983329773, 0.38595473766326904, -0.8335198163986206, -0.6306525468826294, 0.7738045454025269, 0.05919399857521057, 0.6678276658058167, 0.5022603273391724, 0.5493093729019165),
            ["RightLowerArm"] = CFrame.new(4.172325134277344e-07, 8.344650268554688e-07, 2.384185791015625e-07, 1, -1.4901166878189542e-07, 8.195638656616211e-08, 1.2293456563838845e-07, -0.2149801105260849, -0.9766185283660889, 1.4901159772762185e-07, 0.9766185283660889, -0.21498005092144012),
            ["LeftHand"] = CFrame.new(1.2665987014770508e-07, 3.5762786865234375e-07, -1.6391277313232422e-07, 0.9172253608703613, 0.38029107451438904, 0.11864414066076279, -0.39690279960632324, 0.8979071378707886, 0.19034461677074432, -0.03414506837725639, -0.22167907655239105, 0.9745217561721802),
            ["LeftFoot"] = CFrame.new(-7.450580596923828e-09, 0, -7.078051567077637e-08, 0.9412420392036438, -0.30653104186058044, -0.1417824625968933, 0.16570574045181274, 0.7849502563476562, -0.5969878435134888, 0.29428762197494507, 0.5384160280227661, 0.7896221876144409),
            ["LowerTorso"] = CFrame.new(0.16906380653381348, -0.40331339836120605, -0.4251945912837982, 0.9433802962303162, -0.1940748393535614, -0.26901426911354065, 0.13177837431430817, 0.9635107517242432, -0.23298418521881104, 0.3044144809246063, 0.1843424141407013, 0.9345318675041199),
            ["RightLowerLeg"] = CFrame.new(-1.4901161193847656e-08, -0.000003516674041748047, -0.000013215634680818766, 1, -1.8253918199206964e-07, -6.33299421792799e-08, 1.937150670983101e-07, 0.33659079670906067, 0.9416508674621582, -2.9802318834981634e-08, -0.9416509866714478, 0.33659133315086365),
            ["LeftUpperLeg"] = CFrame.new(0, 3.166496753692627e-07, -2.2351741790771484e-08, 0.87947016954422, 0.332265168428421, -0.34078165888786316, -0.45207396149635315, 0.8071030378341675, -0.3797547221183777, 0.14886680245399475, 0.48804154992103577, 0.8600316047668457),
            ["LeftLowerLeg"] = CFrame.new(0, 0.000003635883331298828, 0.000013679265975952148, 1, 1.341104365337742e-07, 7.450583439094771e-08, -5.960463056453591e-08, 0.20884868502616882, 0.9779480695724487, 8.940694584680386e-08, -0.977948009967804, 0.20884869992733002),
        }},
        {Time = 0.100, Data = {
            ["RightFoot"] = CFrame.new(4.842877388000488e-08, 2.384185791015625e-07, 1.6596459317952394e-08, 0.9690067768096924, 0.09563467651605606, -0.22777214646339417, -0.18251468241214752, 0.8985086679458618, -0.3992123305797577, 0.16647663712501526, 0.4284112751483917, 0.888115644454956),
            ["LeftLowerArm"] = CFrame.new(-8.344650268554688e-07, -1.1920928955078125e-07, -2.1606683731079102e-07, 1, -6.705520405603238e-08, 1.1920921849650767e-07, 1.1175865211043856e-07, -0.08964472264051437, -0.9959738254547119, 1.4528625058574107e-07, 0.9959738850593567, -0.08964473009109497),
            ["RightUpperArm"] = CFrame.new(0, -7.152557373046875e-07, 7.450580596923828e-08, 0.6885322332382202, 0.055774442851543427, 0.7230578660964966, 0.40344104170799255, 0.7990529537200928, -0.44581347703933716, -0.6026265621185303, 0.5986682772636414, 0.5276719927787781),
            ["Head"] = CFrame.new(2.9802322387695312e-08, -1.1920928955078125e-07, 1.862645149230957e-08, 0.9815436601638794, 0.07232414186000824, 0.17703509330749512, -0.05338036268949509, 0.9925494194030762, -0.10952703654766083, -0.1836375594139099, 0.0980553850531578, 0.9780912399291992),
            ["RightHand"] = CFrame.new(0, 7.152557373046875e-07, 8.940696716308594e-08, 0.9656200408935547, 0.005874156020581722, 0.2598913609981537, 0.054159827530384064, 0.9732606410980225, -0.2232273370027542, -0.2542532980442047, 0.22962844371795654, 0.939481794834137),
            ["UpperTorso"] = CFrame.new(-2.2351741790771484e-08, -5.960464477539063e-08, 7.264316082000732e-08, 0.9990076422691345, 0.038778141140937805, 0.02191140688955784, -0.043918486684560776, 0.9395427107810974, 0.33960384130477905, -0.007417506538331509, -0.3402291238307953, 0.9403133988380432),
            ["HumanoidRootPart"] = CFrame.new(0, 0, 0, 1, 0, 0, 0, 1, 0, 0, 0, 1),
            ["RightUpperLeg"] = CFrame.new(0, 7.450580596923828e-09, 1.0261283023282886e-07, 0.9997783303260803, 0.01748385839164257, -0.011736974120140076, -0.020973773673176765, 0.876596212387085, -0.48076939582824707, 0.0018828290048986673, 0.4809090495109558, 0.8767685294151306),
            ["LeftUpperArm"] = CFrame.new(0, -5.960464477539062e-07, -2.9802322387695312e-08, 0.5245406627655029, 0.42278292775154114, -0.7389937043190002, -0.6305379271507263, 0.7761505246162415, -0.0035178661346435547, 0.5720829963684082, 0.4678088426589966, 0.6737031936645508),
            ["RightLowerArm"] = CFrame.new(1.7881393432617188e-07, -4.76837158203125e-07, -2.384185791015625e-07, 1, -1.0430816388407038e-07, 1.4156103134155273e-07, 9.685753354915505e-08, -0.32283568382263184, -0.9464551210403442, 1.5646217832454568e-07, 0.9464551210403442, -0.32283565402030945),
            ["LeftHand"] = CFrame.new(-4.172325134277344e-07, 4.76837158203125e-07, 4.470348358154297e-08, 0.9357413053512573, 0.27607476711273193, 0.21947896480560303, -0.3050622045993805, 0.94585782289505, 0.11086124181747437, -0.17698988318443298, -0.1706921011209488, 0.9692980647087097),
            ["LeftFoot"] = CFrame.new(-1.341104507446289e-07, 0, -4.842877388000488e-08, 0.9358630776405334, -0.2933994233608246, -0.19513313472270966, 0.14819437265396118, 0.8301584720611572, -0.5374709963798523, 0.31968551874160767, 0.4740819036960602, 0.8203949928283691),
            ["LowerTorso"] = CFrame.new(0.17462442815303802, -0.3616149425506592, -0.43115895986557007, 0.9626814126968384, -0.16603045165538788, -0.2137250304222107, 0.11804056912660599, 0.9682254195213318, -0.22046761214733124, 0.24353834986686707, 0.18701185286045074, 0.9516909718513489),
            ["RightLowerLeg"] = CFrame.new(-2.9802322387695312e-08, -0.000003814697265625, -0.000013290140486788005, 1, -1.7136333951839333e-07, -4.470348358154297e-08, 1.9371509552001953e-07, 0.39198485016822815, 0.9199715256690979, -8.940696716308594e-08, -0.9199716448783875, 0.39198511838912964),
            ["LeftUpperLeg"] = CFrame.new(0, 1.1175870895385742e-08, 1.341104507446289e-07, 0.8908140659332275, 0.3235076367855072, -0.31905069947242737, -0.4349917769432068, 0.8100775480270386, -0.39313673973083496, 0.1312730312347412, 0.48899608850479126, 0.8623515963554382),
            ["LeftLowerLeg"] = CFrame.new(-1.1920928955078125e-07, 0.000003874301910400391, 0.000013709068298339844, 1, 3.725289943190546e-08, 8.195641498787154e-08, -1.1175869474300271e-07, 0.2937528192996979, 0.9558814167976379, 1.341104365337742e-07, -0.9558814167976379, 0.29375287890434265),
        }},
        {Time = 0.133, Data = {
            ["RightFoot"] = CFrame.new(7.078051567077637e-08, 4.76837158203125e-07, 9.145878721028566e-09, 0.9511666297912598, 0.09750604629516602, -0.2928728759288788, -0.20658358931541443, 0.9060719609260559, -0.3692648410797119, 0.2293587476015091, 0.41173556447029114, 0.8819688558578491),
            ["LeftLowerArm"] = CFrame.new(-2.384185791015625e-07, -4.76837158203125e-07, -2.7939677238464355e-07, 1, -1.2107194891086692e-07, 7.450579886381092e-08, 1.341104365337742e-07, -0.0781686082482338, -0.9969401359558105, 6.332992796842518e-08, 0.9969402551651001, -0.0781686007976532),
            ["RightUpperArm"] = CFrame.new(0, 2.384185791015625e-07, 6.705522537231445e-08, 0.7471305131912231, -0.06913364678621292, 0.6610721945762634, 0.39217609167099, 0.8488566875457764, -0.3544577658176422, -0.5366505980491638, 0.5240828394889832, 0.661319375038147),
            ["Head"] = CFrame.new(2.9802322387695312e-08, 1.1920928955078125e-07, 7.543712854385376e-08, 0.9924299716949463, 0.061219021677970886, 0.1064668819308281, -0.04915177449584007, 0.9924365878105164, -0.11248864233493805, -0.1125481128692627, 0.10640404373407364, 0.9879327416419983),
            ["RightHand"] = CFrame.new(-1.7881393432617188e-07, -3.5762786865234375e-07, 3.1478703022003174e-07, 0.9867181777954102, -0.02326877973973751, 0.1607665866613388, 0.06729156523942947, 0.9593274593353271, -0.27415844798088074, -0.14784853160381317, 0.28133535385131836, 0.9481514692306519),
            ["UpperTorso"] = CFrame.new(-5.960464477539063e-08, 0, 7.82310962677002e-08, 0.999119758605957, 0.037247031927108765, 0.019301537424325943, -0.04151155427098274, 0.9442189931869507, 0.32669147849082947, -0.006056610494852066, -0.327205091714859, 0.9449340105056763),
            ["HumanoidRootPart"] = CFrame.new(0, 0, 0, 1, 0, 0, 0, 1, 0, 0, 0, 1),
            ["RightUpperLeg"] = CFrame.new(0, 3.501772880554199e-07, 5.790934665128589e-08, 0.9999900460243225, 0.0038728779181838036, -0.0021960812155157328, -0.004431388806551695, 0.9134290814399719, -0.4069737493991852, 0.00042979957652278244, 0.406979501247406, 0.9134373068809509),
            ["LeftUpperArm"] = CFrame.new(0, 4.76837158203125e-07, -1.564621925354004e-07, 0.6493540406227112, 0.4293944835662842, -0.6276620030403137, -0.5798278450965881, 0.8135889172554016, -0.04327651858329773, 0.49207615852355957, 0.3920377194881439, 0.777282178401947),
            ["RightLowerArm"] = CFrame.new(-2.086162567138672e-07, 2.384185791015625e-07, 2.384185791015625e-07, 1, -1.3411046495548362e-07, 1.8812707480719837e-07, 4.470347292340193e-08, -0.3657475709915161, -0.9307140707969666, 1.0430809993522416e-07, 0.9307141304016113, -0.3657476007938385),
            ["LeftHand"] = CFrame.new(-5.960464477539063e-08, 5.960464477539062e-07, 1.6391277313232422e-07, 0.9122376441955566, 0.19038964807987213, 0.3627316653728485, -0.22660744190216064, 0.9721589684486389, 0.05963295325636864, -0.34127938747406006, -0.13659706711769104, 0.9299836754798889),
            ["LeftFoot"] = CFrame.new(-7.450580596923828e-09, 5.960464477539063e-08, 1.2479722499847412e-07, 0.9356082677841187, -0.27976176142692566, -0.2153376042842865, 0.1611025184392929, 0.8810709118843079, -0.4447024464607239, 0.3141387403011322, 0.3813757598400116, 0.8694075345993042),
            ["LowerTorso"] = CFrame.new(0.176259383559227, -0.2950284481048584, -0.4402562379837036, 0.9796682596206665, -0.1343093067407608, -0.1490340381860733, 0.10339868813753128, 0.9746055603027344, -0.19862709939479828, 0.1719268560409546, 0.17917872965335846, 0.9686775803565979),
            ["RightLowerLeg"] = CFrame.new(-5.960464477539063e-08, -0.000003635883331298828, -0.000013193282939027995, 1, -1.3224779138454323e-07, -1.0058287358560847e-07, 1.5646217832454568e-07, 0.49980080127716064, 0.8661400079727173, -3.352760913344355e-08, -0.8661403656005859, 0.4998013973236084),
            ["LeftUpperLeg"] = CFrame.new(-5.960464477539063e-08, -7.450580596923828e-09, 9.313225746154785e-08, 0.9054988622665405, 0.31563764810562134, -0.28362780809402466, -0.4093061685562134, 0.8260326981544495, -0.38747677206993103, 0.11198363453149796, 0.46695056557655334, 0.8771642446517944),
            ["LeftLowerLeg"] = CFrame.new(0, 0.0000037550926208496094, 0.000013694167137145996, 1, 7.450581307466564e-08, 4.842879164357328e-08, -6.705521116145974e-08, 0.4256184697151184, 0.9049028158187866, 5.960463056453591e-08, -0.9049028158187866, 0.42561838030815125),
        }},
        {Time = 0.167, Data = {
            ["RightFoot"] = CFrame.new(2.421438694000244e-08, 4.76837158203125e-07, 6.875052349641919e-08, 0.927542507648468, 0.09153899550437927, -0.362333744764328, -0.2200644463300705, 0.9174033403396606, -0.33157530426979065, 0.30205416679382324, 0.38728758692741394, 0.8710752725601196),
            ["LeftLowerArm"] = CFrame.new(-8.940696716308594e-07, 4.172325134277344e-07, -2.8312206268310547e-07, 1, -2.2351747119842003e-08, 9.685752644372769e-08, 9.685753354915505e-08, 0.02074085734784603, -0.9997848868370056, 2.2351738238057806e-08, 0.9997848868370056, 0.02074088715016842),
            ["RightUpperArm"] = CFrame.new(1.1920928955078125e-07, -4.76837158203125e-07, 0, 0.7894393801689148, -0.18863917887210846, 0.5841239094734192, 0.37353330850601196, 0.9027636051177979, -0.21328578889369965, -0.4870917499065399, 0.3865659534931183, 0.7831400632858276),
            ["Head"] = CFrame.new(-2.60770320892334e-08, -2.384185791015625e-07, 8.009374141693115e-08, 0.998414158821106, 0.04693657159805298, 0.03108346089720726, -0.04306063428521156, 0.9923860430717468, -0.11539440602064133, -0.036263007670640945, 0.1138729527592659, 0.9928332567214966),
            ["RightHand"] = CFrame.new(-2.980232238769531e-07, -1.7881393432617188e-07, 1.2665987014770508e-07, 0.9935383796691895, -0.08182057738304138, 0.07865776866674423, 0.1029161661863327, 0.9416698813438416, -0.32041555643081665, -0.047853097319602966, 0.3264402151107788, 0.9440057873725891),
            ["UpperTorso"] = CFrame.new(-5.960464477539063e-08, 4.470348358154297e-07, 1.30385160446167e-08, 0.99910569190979, 0.03884698078036308, 0.016698667779564857, -0.042098429054021835, 0.9508211016654968, 0.3068666458129883, -0.003956597298383713, -0.30729517340660095, 0.9516060948371887),
            ["HumanoidRootPart"] = CFrame.new(0, 0, 0, 1, 0, 0, 0, 1, 0, 0, 0, 1),
            ["RightUpperLeg"] = CFrame.new(-2.9802322387695312e-08, 5.21540641784668e-08, -3.149762051180005e-08, 0.9999324679374695, -0.010621156543493271, 0.004713825415819883, 0.011559590697288513, 0.9505748152732849, -0.3102804720401764, -0.0011853164760395885, 0.310313880443573, 0.9506334066390991),
            ["LeftUpperArm"] = CFrame.new(5.960464477539063e-08, -2.384185791015625e-07, -1.4901161193847656e-07, 0.7503696084022522, 0.4110027551651001, -0.5177086591720581, -0.4966174066066742, 0.8674095869064331, -0.031173575669527054, 0.4362531006336212, 0.2804947793483734, 0.8549889922142029),
            ["RightLowerArm"] = CFrame.new(-5.960464477539063e-08, 7.152557373046875e-07, 4.470348358154297e-08, 1, -1.1175872316471214e-07, 1.1920923270736239e-07, 1.1175868053214799e-07, -0.31361010670661926, -0.9495518207550049, 8.3819010399111e-08, 0.9495519399642944, -0.3136100471019745),
            ["LeftHand"] = CFrame.new(-1.1920928955078125e-07, 4.76837158203125e-07, -5.960464477539063e-08, 0.8702912330627441, 0.1255902647972107, 0.47625651955604553, -0.15320035815238953, 0.9880045652389526, 0.01941213756799698, -0.46810558438301086, -0.0898568406701088, 0.8790922164916992),
            ["LeftFoot"] = CFrame.new(-5.21540641784668e-08, 0, 1.5832483768463135e-08, 0.9499725699424744, -0.2596589922904968, -0.17357802391052246, 0.1967499554157257, 0.9291180968284607, -0.3130962550640106, 0.24257288873195648, 0.26328086853027344, 0.9337245225906372),
            ["LowerTorso"] = CFrame.new(0.17168238759040833, -0.21825742721557617, -0.4528554081916809, 0.9915628433227539, -0.10306932032108307, -0.07861174643039703, 0.0884852334856987, 0.981362521648407, -0.1705814003944397, 0.09472831338644028, 0.16218619048595428, 0.9822027683258057),
            ["RightLowerLeg"] = CFrame.new(-5.960464477539063e-08, -0.000003516674041748047, -0.000013156030036043376, 1, -9.685751223287298e-08, -3.352762334429826e-08, 1.1548399925231934e-07, 0.636647641658783, 0.7711541652679443, -7.078051567077637e-08, -0.7711547613143921, 0.6366484761238098),
            ["LeftUpperLeg"] = CFrame.new(-1.1920928955078125e-07, 2.123415470123291e-07, -9.685754776000977e-08, 0.9218368530273438, 0.30435311794281006, -0.239971324801445, -0.37576186656951904, 0.8535387516021729, -0.36093562841415405, 0.09497284889221191, 0.4228958487510681, 0.9011877775192261),
            ["LeftLowerLeg"] = CFrame.new(2.2351741790771484e-08, 0.000003516674041748047, 0.000013679265975952148, 1, 1.005828522693264e-07, 2.6077040971017595e-08, -2.9802315282267955e-08, 0.5756141543388367, 0.8177215456962585, 4.470347292340193e-08, -0.817721426486969, 0.5756139755249023),
        }},
        {Time = 0.200, Data = {
            ["RightFoot"] = CFrame.new(2.60770320892334e-08, 5.364418029785156e-07, -2.438173396512866e-08, 0.8993563652038574, 0.10122310370206833, -0.4253377318382263, -0.22321675717830658, 0.942794919013977, -0.24761229753494263, 0.37594208121299744, 0.31763437390327454, 0.8705032467842102),
            ["LeftLowerArm"] = CFrame.new(-7.748603820800781e-07, -4.172325134277344e-07, 0, 1, -8.195638656616211e-08, 1.1175866632129328e-07, 1.6763801014008095e-08, 0.21307586133480072, -0.9770357012748718, 1.1175866632129328e-07, 0.9770357012748718, 0.21307580173015594),
            ["RightUpperArm"] = CFrame.new(0, 0, -2.1420419216156006e-08, 0.8571305871009827, -0.259696900844574, 0.44484224915504456, 0.33093228936195374, 0.9394279718399048, -0.08921283483505249, -0.39472904801368713, 0.22367972135543823, 0.8911545276641846),
            ["Head"] = CFrame.new(-9.313225746154785e-09, 0, -7.404014468193054e-08, 0.9984373450279236, 0.034736473113298416, -0.04377611726522446, -0.03969976305961609, 0.9922019839286804, -0.11814973503351212, 0.03933064639568329, 0.119703009724617, 0.9920304417610168),
            ["RightHand"] = CFrame.new(1.1920928955078125e-07, 4.172325134277344e-07, -2.384185791015625e-07, 0.9939371347427368, -0.10994358360767365, 0.0012345145223662257, 0.1008407473564148, 0.90705406665802, -0.4087594449520111, 0.04382066801190376, 0.40640565752983093, 0.9126413464546204),
            ["UpperTorso"] = CFrame.new(-8.521601557731628e-08, -3.8743019104003906e-07, -7.502967491745949e-08, 0.9991612434387207, 0.03910702094435692, 0.012143646366894245, -0.040943972766399384, 0.9587787389755249, 0.28118839859962463, -0.0006466280319727957, -0.2814497947692871, 0.9595758318901062),
            ["HumanoidRootPart"] = CFrame.new(0, 0, 0, 1, 0, 0, 0, 1, 0, 0, 0, 1),
            ["RightUpperLeg"] = CFrame.new(1.1920928955078125e-07, -2.9802322387695312e-08, -1.1880911188200116e-07, 0.9995439052581787, -0.02887110225856304, 0.008862052112817764, 0.03003793954849243, 0.9808084964752197, -0.1926458775997162, -0.0031300715636461973, 0.19282424449920654, 0.9812283515930176),
            ["LeftUpperArm"] = CFrame.new(1.1920928955078125e-07, 4.76837158203125e-07, -1.0058283805847168e-07, 0.8173174262046814, 0.3749460279941559, -0.4375016391277313, -0.4101884365081787, 0.9118741750717163, 0.015198574401438236, 0.40464505553245544, 0.1670360565185547, 0.8990891575813293),
            ["RightLowerArm"] = CFrame.new(5.960464477539062e-07, 3.5762786865234375e-07, 2.2351741790771484e-07, 1, -9.872017869838601e-08, 1.1175865211043856e-07, 5.215405707303944e-08, -0.12094646692276001, -0.9926590323448181, 1.732259846676243e-07, 0.9926590919494629, -0.12094645202159882),
            ["LeftHand"] = CFrame.new(1.1920928955078125e-07, 5.960464477539062e-07, 7.450580596923828e-08, 0.8202409148216248, 0.14868538081645966, 0.5523563623428345, -0.16618619859218597, 0.9859188795089722, -0.0186094231903553, -0.5473454594612122, -0.07652974873781204, 0.8334004282951355),
            ["LeftFoot"] = CFrame.new(2.0489096641540527e-08, -1.1920928955078125e-07, 1.30385160446167e-08, 0.9660662412643433, -0.24473853409290314, -0.08257889747619629, 0.22950881719589233, 0.9600227475166321, -0.16025663912296295, 0.11849861592054367, 0.1358657330274582, 0.9836150407791138),
            ["LowerTorso"] = CFrame.new(0.16002553701400757, -0.14053082466125488, -0.467464804649353, 0.9971339702606201, -0.07545975595712662, -0.005454861093312502, 0.07398679107427597, 0.9876523613929749, -0.1380898356437683, 0.015807731077075005, 0.13729047775268555, 0.9904046654701233),
            ["RightLowerLeg"] = CFrame.new(-7.636845111846924e-08, -0.000003814697265625, -0.000013227741874288768, 1, -8.009374852235851e-08, -3.725290653733282e-08, 8.335337753351268e-08, 0.7879937291145325, 0.6156829595565796, -3.539026138810186e-08, -0.6156833171844482, 0.7879940271377563),
            ["LeftUpperLeg"] = CFrame.new(0, -3.5390257835388184e-08, -1.2386590242385864e-07, 0.9383542537689209, 0.2875862717628479, -0.1917954981327057, -0.33637019991874695, 0.8875240087509155, -0.31489086151123047, 0.07966485619544983, 0.35999366641044617, 0.9295473098754883),
            ["LeftLowerLeg"] = CFrame.new(0, 0.000003516674041748047, 0.000013709068298339844, 1, 4.936009645462036e-08, -7.450584149637507e-09, -4.284083487959833e-08, 0.724737286567688, 0.6890255212783813, -3.7252898543727042e-09, -0.6890254020690918, 0.7247371673583984),
        }},
        {Time = 0.233, Data = {
            ["RightFoot"] = CFrame.new(9.313225746154785e-09, 2.980232238769531e-07, 4.639878170564771e-08, 0.8632704615592957, 0.14588843286037445, -0.4831985533237457, -0.22894464433193207, 0.9663506150245667, -0.11726407706737518, 0.4498317837715149, 0.21185658872127533, 0.8676222562789917),
            ["LeftLowerArm"] = CFrame.new(-5.662441253662109e-07, -2.980232238769531e-07, -1.1920928955078125e-07, 1, -5.215405707303944e-08, 0, 8.009372010064908e-08, 0.4627206325531006, -0.8865041136741638, 2.9802315282267955e-08, 0.8865041136741638, 0.46272069215774536),
            ["RightUpperArm"] = CFrame.new(1.1920928955078125e-07, -2.384185791015625e-07, 2.2351741790771484e-08, 0.9315439462661743, -0.2702997922897339, 0.24323631823062897, 0.29371681809425354, 0.9536738991737366, -0.06509014219045639, -0.21437428891658783, 0.1320769190788269, 0.9677806496620178),
            ["Head"] = CFrame.new(-1.862645149230957e-08, -4.76837158203125e-07, -2.514570951461792e-08, 0.9932793378829956, 0.0204115342348814, -0.11392836272716522, -0.03397555649280548, 0.9923824667930603, -0.11841804534196854, 0.1106434240937233, 0.12149298936128616, 0.9864063262939453),
            ["RightHand"] = CFrame.new(5.960464477539062e-07, 0, 1.4901161193847656e-07, 0.9737528562545776, -0.07418321073055267, -0.215179905295372, -0.037436772137880325, 0.8803192377090454, -0.47290241718292236, 0.2245084047317505, 0.46854573488235474, 0.8544360995292664),
            ["UpperTorso"] = CFrame.new(-2.421438694000244e-08, -3.5762786865234375e-07, -7.450580596923828e-09, 0.9991608262062073, 0.04073021560907364, 0.004342133179306984, -0.04051686078310013, 0.9671892523765564, 0.25080540776252747, 0.006015697028487921, -0.25077080726623535, 0.9680278897285461),
            ["HumanoidRootPart"] = CFrame.new(0, 0, 0, 1, 0, 0, 0, 1, 0, 0, 0, 1),
            ["RightUpperLeg"] = CFrame.new(0, -3.3527612686157227e-08, 1.6931153368204832e-08, 0.9984536170959473, -0.05500396341085434, 0.008072496391832829, 0.055287718772888184, 0.9976441860198975, -0.0406138077378273, -0.005819563288241625, 0.040997229516506195, 0.9991424083709717),
            ["LeftUpperArm"] = CFrame.new(0, -2.384185791015625e-07, -4.842877388000488e-08, 0.8592376112937927, 0.3425655961036682, -0.3799467384815216, -0.3551425337791443, 0.9339998364448547, 0.03896411880850792, 0.36821794509887695, 0.10145578533411026, 0.924187421798706),
            ["RightLowerArm"] = CFrame.new(-2.980232238769531e-07, 7.748603820800781e-07, -7.078051567077637e-08, 1, -9.685753354915505e-08, 8.195631551188853e-08, 8.288770203535023e-08, 0.2557884156703949, -0.9667327404022217, 7.078050856534901e-08, 0.9667328000068665, 0.2557883560657501),
            ["LeftHand"] = CFrame.new(1.4901161193847656e-07, 2.980232238769531e-07, 1.7881393432617188e-07, 0.8220714330673218, 0.2442111223936081, 0.5143535733222961, -0.29849371314048767, 0.9541081190109253, 0.024068046361207962, -0.4848712086677551, -0.17331692576408386, 0.8572403788566589),
            ["LeftFoot"] = CFrame.new(3.818422555923462e-08, -1.1920928955078125e-07, 3.725290298461914e-08, 0.9740378260612488, -0.22521518170833588, 0.02298753894865513, 0.22537945210933685, 0.9742593765258789, -0.004788391757756472, -0.02131742238998413, 0.009844820015132427, 0.9997243881225586),
            ["LowerTorso"] = CFrame.new(0.14101147651672363, -0.07207012176513672, -0.4821701943874359, 0.9963715076446533, -0.05133063718676567, 0.06788945943117142, 0.05828973650932312, 0.9927781820297241, -0.10485132038593292, -0.06201709434390068, 0.10842812806367874, 0.9921679496765137),
            ["RightLowerLeg"] = CFrame.new(-4.0978193283081055e-08, -0.000003635883331298828, -0.000013498756743501872, 1, -4.190951585769653e-08, -1.1175872671742582e-08, 5.21540641784668e-08, 0.9277687668800354, 0.3731553554534912, -1.1175870895385742e-08, -0.3731556236743927, 0.927768886089325),
            ["LeftUpperLeg"] = CFrame.new(0, -5.587935447692871e-08, -2.7939677238464355e-08, 0.954407811164856, 0.2620268762111664, -0.14299553632736206, -0.2909398376941681, 0.9237096309661865, -0.24922826886177063, 0.06678185611963272, 0.2794685661792755, 0.9578295946121216),
            ["LeftLowerLeg"] = CFrame.new(5.587935447692871e-09, 0.000003933906555175781, 0.000013705343008041382, 1, 5.681066994611683e-08, -7.450582373280668e-09, -4.3772150348786454e-08, 0.8591396808624268, 0.5117411613464355, -5.5879341154252415e-09, -0.511741042137146, 0.8591397404670715),
        }},
        {Time = 0.267, Data = {
            ["RightFoot"] = CFrame.new(-2.60770320892334e-08, 2.980232238769531e-07, -7.617927622050047e-09, 0.8507598638534546, 0.17610546946525574, -0.4951713979244232, -0.17280948162078857, 0.9835346341133118, 0.05288343504071236, 0.49633124470710754, 0.04057939723134041, 0.8671843409538269),
            ["LeftLowerArm"] = CFrame.new(-8.344650268554688e-07, 5.960464477539063e-08, -7.450580596923828e-08, 1, -5.21540641784668e-08, -1.4901161193847656e-08, 9.12695767851801e-08, 0.7400185465812683, -0.6725864410400391, 2.60770232074492e-08, 0.6725864410400391, 0.7400186657905579),
            ["RightUpperArm"] = CFrame.new(1.1920928955078125e-07, 2.384185791015625e-07, -7.450580596923828e-09, 0.9597094058990479, -0.2774985432624817, 0.04418791085481644, 0.2809946537017822, 0.9476940631866455, -0.15138748288154602, 0.00013316050171852112, 0.15770454704761505, 0.9874863624572754),
            ["Head"] = CFrame.new(1.7695128917694092e-08, 1.1920928955078125e-07, 8.475035429000854e-08, 0.98440021276474, 0.0052096182480454445, -0.17586703598499298, -0.025588493794202805, 0.9931731224060059, -0.11380909383296967, 0.1740734875202179, 0.11653385311365128, 0.9778130650520325),
            ["RightHand"] = CFrame.new(3.129243850708008e-07, -1.1920928955078125e-07, 5.960464477539063e-08, 0.9992760419845581, -0.03803536295890808, -0.0009044073522090912, 0.03088971972465515, 0.8249626755714417, -0.5643426179885864, 0.022211067378520966, 0.5639060139656067, 0.82554030418396),
            ["UpperTorso"] = CFrame.new(-2.9802322387695312e-08, -2.9802322387695312e-08, -3.632158041000366e-08, 0.9990628957748413, 0.043074022978544235, -0.004235985688865185, -0.04109622538089752, 0.9747669696807861, 0.21940971910953522, 0.013579943217337132, -0.21903003752231598, 0.9756236672401428),
            ["HumanoidRootPart"] = CFrame.new(0, 0, 0, 1, 0, 0, 0, 1, 0, 0, 0, 1),
            ["RightUpperLeg"] = CFrame.new(0, 7.450580596923828e-09, 1.3205863069742918e-08, 0.9965373277664185, -0.08306360989809036, -0.003731392091140151, 0.08258184790611267, 0.9835370182991028, 0.16073308885097504, -0.00968113448470831, -0.16048483550548553, 0.9869908690452576),
            ["LeftUpperArm"] = CFrame.new(-2.384185791015625e-07, 7.152557373046875e-07, -8.940696716308594e-08, 0.8827199339866638, 0.3184967339038849, -0.3454931080341339, -0.3364688754081726, 0.9416570663452148, 0.008413753472268581, 0.3280157744884491, 0.10882069170475006, 0.9383836388587952),
            ["RightLowerArm"] = CFrame.new(4.76837158203125e-07, 3.5762786865234375e-07, 1.9371509552001953e-07, 1, -7.450580596923828e-08, 2.9802315282267955e-08, 4.749744064724837e-08, 0.7214894890785217, -0.6924254298210144, 3.282911364976826e-08, 0.6924253702163696, 0.721489429473877),
            ["LeftHand"] = CFrame.new(-2.980232238769531e-07, 5.960464477539063e-08, -5.960464477539063e-08, 0.8211628198623657, 0.22712410986423492, 0.5235516428947449, -0.34065574407577515, 0.9311049580574036, 0.1303739696741104, -0.4578705430030823, -0.2854091227054596, 0.8419598340988159),
            ["LeftFoot"] = CFrame.new(-2.9802322387695312e-08, -5.960464477539063e-08, -8.381903171539307e-09, 0.9687581658363342, -0.21321497857570648, 0.12667690217494965, 0.19568444788455963, 0.9709448218345642, 0.1377454251050949, -0.15236584842205048, -0.10865354537963867, 0.9823335409164429),
            ["LowerTorso"] = CFrame.new(0.11576392501592636, -0.021256446838378906, -0.4961245656013489, 0.9902777671813965, -0.03175576776266098, 0.13543082773685455, 0.04256749153137207, 0.9960677623748779, -0.07769831269979477, -0.13243091106414795, 0.08270786702632904, 0.9877355098724365),
