return {
    ["Groove Jam"] = {
        {Time = 0.000, Data = {
            ["RightFoot"] = CFrame.new(1.862645149230957e-08, 2.980232238769531e-07, -2.8107024263590574e-08, 0.9027654528617859, -0.13878776133060455, -0.4071279764175415, -0.008821341209113598, 0.9403413534164429, -0.34011760354042053, 0.4300428032875061, 0.31063830852508545, 0.8476832509040833),
            ["LeftLowerArm"] = CFrame.new(0.0000014901161193847656, 4.172325134277344e-07, 8.344650268554688e-07, 1, -8.754432201385498e-08, 1.2246887592937128e-07, 8.24220549588972e-08, -0.22366121411323547, -0.974666953086853, 1.0733494093528861e-07, 0.974666953086853, -0.2236611545085907),
            ["RightUpperArm"] = CFrame.new(-2.384185791015625e-07, 0, 5.21540641784668e-08, 0.9470527768135071, -0.04943763464689255, 0.3172490894794464, 0.32064759731292725, 0.19677099585533142, -0.9265346527099609, -0.01661982201039791, 0.9792023301124573, 0.20220454037189484),
            ["Head"] = CFrame.new(-2.9802322387695312e-08, -9.5367431640625e-07, 4.3213367462158203e-07, 0.997748076915741, -0.047202255576848984, -0.04765307158231735, 0.04852381721138954, 0.9984579086303711, 0.026969274505972862, 0.04630656912922859, -0.029220841825008392, 0.998499870300293),
            ["RightHand"] = CFrame.new(6.556510925292969e-07, 5.960464477539062e-07, 2.682209014892578e-07, 0.02661260962486267, 0.2168431580066681, 0.9758436679840088, -0.08139974623918533, 0.9734178185462952, -0.21408414840698242, -0.9963262677192688, -0.07373611629009247, 0.04355619475245476),
            ["UpperTorso"] = CFrame.new(4.889443516731262e-08, 9.5367431640625e-07, 3.899913281202316e-08, 0.5386508107185364, -0.5202553272247314, 0.6627138257026672, -0.2814774513244629, 0.630260705947876, 0.7235620021820068, -0.7941195368766785, -0.5762863755226135, 0.1930502951145172),
            ["HumanoidRootPart"] = CFrame.new(0, 0, 0, 1, 0, 0, 0, 1, 0, 0, 0, 1),
            ["RightUpperLeg"] = CFrame.new(2.384185791015625e-07, -4.637986421585083e-07, 8.212373359128833e-08, 0.7717111110687256, 0.1920471042394638, 0.6062834858894348, 0.3589264452457428, 0.6554612517356873, -0.6644863486289978, -0.5250083208084106, 0.730402946472168, 0.4368961453437805),
            ["LeftUpperArm"] = CFrame.new(1.7881393432617188e-07, -3.5762786865234375e-07, -2.444721758365631e-08, 0.647928774356842, 0.5597621202468872, -0.5165798664093018, -0.681544303894043, 0.7288820743560791, -0.06502694636583328, 0.3401261568069458, 0.3942048251628876, 0.853766143321991),
            ["RightLowerArm"] = CFrame.new(-0.0000013709068298339844, -9.5367431640625e-07, 1.9371509552001953e-07, 1, -2.2351734685344127e-08, -4.8428738352868095e-08, 2.60770232074492e-08, 0.9836154580116272, -0.18027950823307037, 6.332991375757047e-08, 0.18027955293655396, 0.9836154580116272),
            ["LeftHand"] = CFrame.new(7.963826647028327e-07, -4.172325134277344e-07, -5.066394805908203e-07, 0.9451839923858643, -0.32418179512023926, 0.039159730076789856, 0.3248097002506256, 0.9457186460494995, -0.010727891698479652, -0.03355628624558449, 0.02285928465425968, 0.9991754293441772),
            ["LeftFoot"] = CFrame.new(1.1175870895385742e-08, -5.960464477539063e-08, 7.450580596923828e-09, 0.9547334313392639, -0.29519662261009216, 0.03664674237370491, 0.2630646824836731, 0.7803893685340881, -0.5672656893730164, 0.13885614275932312, 0.5512272119522095, 0.822719156742096),
            ["LowerTorso"] = CFrame.new(0.11162729561328888, -0.7109161615371704, 0.14965860545635223, 0.9810279607772827, -0.18812601268291473, -0.046828750520944595, 0.19166535139083862, 0.9774662256240845, 0.08845436573028564, 0.029132960364222527, -0.09575164318084717, 0.9949788451194763),
            ["RightLowerLeg"] = CFrame.new(-1.7881393432617188e-07, -0.000003516674041748047, -0.00001326033816440031, 1, -2.086161856595936e-07, -1.1548407030659291e-07, 1.4901162614933128e-07, 0.02177785336971283, 0.9997628331184387, -1.3411046495548362e-07, -0.9997628927230835, 0.021778175607323647),
            ["LeftUpperLeg"] = CFrame.new(8.940696716308594e-08, 7.82310962677002e-08, 3.3527612686157227e-08, 0.7166741490364075, 0.6049052476882935, -0.3470844626426697, -0.5170130729675293, 0.12681637704372406, -0.8465311527252197, -0.46805524826049805, 0.7861344218254089, 0.4036301076412201),
            ["LeftLowerLeg"] = CFrame.new(7.450580596923828e-08, 0.000003933906555175781, 0.000013321638107299805, 1, 2.607705340551547e-08, 4.470345515983354e-08, -2.682209867543861e-07, -0.27669191360473633, 0.9609585404396057, 2.384186643666908e-07, -0.96095871925354, -0.27669230103492737),
        }},
        {Time = 0.033, Data = {
            ["RightFoot"] = CFrame.new(-5.960464477539063e-08, 2.384185791015625e-07, 2.4047039914876223e-08, 0.8943213224411011, -0.14997512102127075, -0.42154160141944885, 0.024982145056128502, 0.9574167132377625, -0.28762659430503845, 0.44672727584838867, 0.24669979512691498, 0.8599846363067627),
            ["LeftLowerArm"] = CFrame.new(0.0000017285346984863281, -1.1920928955078125e-07, 7.152557373046875e-07, 1, -9.872019290924072e-08, 1.1920927533992653e-07, 9.126963362859897e-08, -0.21028093993663788, -0.9776409864425659, 1.2107196312172164e-07, 0.9776410460472107, -0.21028101444244385),
            ["RightUpperArm"] = CFrame.new(-1.1920928955078125e-07, 0, -1.6763806343078613e-07, 0.9535066485404968, -0.06870432943105698, 0.29343634843826294, 0.3013720214366913, 0.2165294736623764, -0.9285956621170044, 0.0002609081275295466, 0.9738556146621704, 0.22716790437698364),
            ["Head"] = CFrame.new(2.086162567138672e-07, -8.344650268554688e-07, -7.450580596923828e-08, 0.9958542585372925, -0.09082964807748795, 0.004936458542943001, 0.08980228006839752, 0.9903347492218018, 0.10570167750120163, -0.014489669352769852, -0.10482021421194077, 0.9943857192993164),
            ["RightHand"] = CFrame.new(5.289912223815918e-07, 5.960464477539062e-07, -2.9802322387695312e-08, 0.06036960333585739, 0.20886746048927307, 0.9760788679122925, -0.08033125847578049, 0.9757072329521179, -0.20381943881511688, -0.9949384331703186, -0.06610514968633652, 0.07568153738975525),
            ["UpperTorso"] = CFrame.new(4.493631422519684e-08, 0.000001043081283569336, 5.360925570130348e-08, 0.6003447771072388, -0.44104403257369995, 0.6671329140663147, -0.25135689973831177, 0.6878553628921509, 0.6809366941452026, -0.7592140436172485, -0.5764852166175842, 0.30209091305732727),
            ["HumanoidRootPart"] = CFrame.new(0, 0, 0, 1, 0, 0, 0, 1, 0, 0, 0, 1),
            ["RightUpperLeg"] = CFrame.new(2.980232238769531e-07, -1.9744038581848145e-07, -6.129994289949536e-08, 0.7784711122512817, 0.23133845627307892, 0.5834940075874329, 0.33886316418647766, 0.6275997161865234, -0.7009210586547852, -0.5283507108688354, 0.7433714866638184, 0.41017624735832214),
            ["LeftUpperArm"] = CFrame.new(2.980232238769531e-07, -2.384185791015625e-07, -2.4586915969848633e-07, 0.6785502433776855, 0.5326405763626099, -0.5058296322822571, -0.6515281200408936, 0.7544400691986084, -0.07957073301076889, 0.33923548460006714, 0.3835549056529999, 0.8589558005332947),
            ["RightLowerArm"] = CFrame.new(-0.0000012218952178955078, -4.172325134277344e-07, -2.421438694000244e-08, 1, -1.1175867342672063e-08, 4.8428763221863846e-08, 3.725289943190546e-08, 0.983909547328949, -0.17866724729537964, -3.073364140959711e-08, 0.17866727709770203, 0.9839096069335938),
            ["LeftHand"] = CFrame.new(2.1606683731079102e-07, -5.960464477539062e-07, -4.246830940246582e-07, 0.9383666515350342, -0.33994942903518677, 0.06246984004974365, 0.34171563386917114, 0.9395936727523804, -0.019853275269269943, -0.051947131752967834, 0.039976559579372406, 0.9978493452072144),
            ["LeftFoot"] = CFrame.new(-3.725290298461914e-09, -1.7881393432617188e-07, 1.4901161193847656e-08, 0.961315929889679, -0.27172356843948364, 0.045146893709897995, 0.24797464907169342, 0.7823716998100281, -0.571317732334137, 0.11991848796606064, 0.5604114532470703, 0.8194862604141235),
            ["LowerTorso"] = CFrame.new(0.08961770683526993, -0.685881495475769, 0.15217116475105286, 0.9801746606826782, -0.19029748439788818, -0.05517767369747162, 0.19525960087776184, 0.9750116467475891, 0.10595297068357468, 0.033636290580034256, -0.11462638527154922, 0.9928390979766846),
            ["RightLowerLeg"] = CFrame.new(-4.470348358154297e-08, -0.000003635883331298828, -0.000013364646292757243, 1, -7.450583439094771e-08, -1.2665991278026922e-07, 1.229346082709526e-07, 0.03050357475876808, 0.9995346665382385, -8.940698847936801e-08, -0.9995346665382385, 0.03050362318754196),
            ["LeftUpperLeg"] = CFrame.new(0, 5.802139639854431e-07, 2.9802322387695312e-08, 0.7292159795761108, 0.6044068932533264, -0.3208370804786682, -0.4910207986831665, 0.1356229931116104, -0.8605259656906128, -0.4765949249267578, 0.7850470542907715, 0.39567476511001587),
            ["LeftLowerLeg"] = CFrame.new(0, 0.000003933906555175781, 0.000013425946235656738, 1, 8.195644340958097e-08, 1.3411036547950062e-07, -1.341104507446289e-07, -0.2609710693359375, 0.9653465747833252, 4.470348358154297e-08, -0.96534663438797, -0.2609714865684509),
        }},
        {Time = 0.067, Data = {
            ["RightFoot"] = CFrame.new(-1.3783574104309082e-07, 3.5762786865234375e-07, 3.5579432733356953e-09, 0.8853383660316467, -0.14639979600906372, -0.441297322511673, 0.058401890099048615, 0.9766321778297424, -0.206830233335495, 0.46126484870910645, 0.1573428362607956, 0.8731998801231384),
            ["LeftLowerArm"] = CFrame.new(0.000002294778823852539, -2.384185791015625e-07, 0.0000012218952178955078, 1, -8.102506399154663e-08, 1.1734660176898615e-07, 7.171185245624656e-08, -0.17232345044612885, -0.9850404858589172, 1.1734667282325972e-07, 0.9850404262542725, -0.17232337594032288),
            ["RightUpperArm"] = CFrame.new(-2.980232238769531e-07, 2.384185791015625e-07, -1.4156103134155273e-07, 0.9668236970901489, -0.11764374375343323, 0.22674185037612915, 0.2509510815143585, 0.2716745138168335, -0.9290944337844849, 0.04770216718316078, 0.9551716446876526, 0.29218417406082153),
            ["Head"] = CFrame.new(1.4901161193847656e-07, -9.5367431640625e-07, -1.7881393432617188e-07, 0.9929673075675964, -0.11622948199510574, 0.022509803995490074, 0.11090055108070374, 0.9797397255897522, 0.1667671948671341, -0.04143689200282097, -0.16309788823127747, 0.9857394099235535),
            ["RightHand"] = CFrame.new(7.404014468193054e-07, 6.556510925292969e-07, 5.960464477539063e-08, 0.1470271795988083, 0.18894462287425995, 0.9709186553955078, -0.07545877993106842, 0.9808681607246399, -0.17945405840873718, -0.9862499833106995, -0.046879738569259644, 0.15847186744213104),
            ["UpperTorso"] = CFrame.new(-1.1874362826347351e-08, 0.0000010132789611816406, 4.368484951555729e-08, 0.6611987352371216, -0.36490175127983093, 0.6554868221282959, -0.2173817753791809, 0.7430638670921326, 0.6329308152198792, -0.7180260419845581, -0.5609838962554932, 0.41198986768722534),
            ["HumanoidRootPart"] = CFrame.new(0, 0, 0, 1, 0, 0, 0, 1, 0, 0, 0, 1),
            ["RightUpperLeg"] = CFrame.new(1.7881393432617188e-07, -5.736947059631348e-07, -1.6596459317952394e-08, 0.7945931553840637, 0.2562877833843231, 0.550398588180542, 0.3269972503185272, 0.583175003528595, -0.7436257600784302, -0.5115609765052795, 0.770858883857727, 0.3795817494392395),
            ["LeftUpperArm"] = CFrame.new(0, -5.960464477539062e-07, -7.227063179016113e-07, 0.7337555885314941, 0.4723430573940277, -0.4883592128753662, -0.5887507796287537, 0.8007852435112, -0.11007051914930344, 0.339079886674881, 0.36828672885894775, 0.8656730055809021),
            ["RightLowerArm"] = CFrame.new(-0.0000014901161193847656, -5.960464477539062e-07, 1.6391277313232422e-07, 1, -2.142040855801497e-08, -1.8393611966871504e-08, 1.5599649572095586e-08, 0.9847184419631958, -0.174154132604599, -6.065236846097832e-08, 0.1741541177034378, 0.9847184419631958),
            ["LeftHand"] = CFrame.new(7.064081728458405e-07, -5.960464477539062e-07, -2.5331974029541016e-07, 0.9176082015037537, -0.3783751130104065, 0.1217680424451828, 0.38534706830978394, 0.9219445586204529, -0.039063043892383575, -0.09748286008834839, 0.08276756852865219, 0.9917896389961243),
            ["LeftFoot"] = CFrame.new(3.725290298461914e-09, -5.960464477539063e-08, 1.4901161193847656e-08, 0.967721700668335, -0.24469801783561707, 0.060313478112220764, 0.23491546511650085, 0.7891594171524048, -0.5674883127212524, 0.09126590192317963, 0.5633385181427002, 0.8211694359779358),
            ["LowerTorso"] = CFrame.new(0.06676162779331207, -0.6621603965759277, 0.1553950011730194, 0.9806613922119141, -0.19013816118240356, -0.04637661948800087, 0.194881871342659, 0.9704944491386414, 0.1419917792081833, 0.018010195344686508, -0.14828382432460785, 0.9887808561325073),
            ["RightLowerLeg"] = CFrame.new(-1.341104507446289e-07, -0.0000036954879760742188, -0.000013230535842012614, 1, -1.7881390590446244e-07, -5.2154096152889906e-08, 2.309680269263481e-07, 0.035908084362745285, 0.999355137348175, -1.3411046495548362e-07, -0.9993550777435303, 0.035908184945583344),
            ["LeftUpperLeg"] = CFrame.new(0, 8.568167686462402e-08, 5.21540641784668e-08, 0.7564442157745361, 0.5784581899642944, -0.3052513897418976, -0.45483240485191345, 0.12984563410282135, -0.8810603618621826, -0.47002094984054565, 0.805311381816864, 0.3613228499889374),
            ["LeftLowerLeg"] = CFrame.new(8.940696716308594e-08, 0.000003933906555175781, 0.000013530254364013672, 1, 8.009381957663209e-08, 1.3411036547950062e-07, -1.1920931797249068e-07, -0.24348923563957214, 0.9699034690856934, 1.6391281576488836e-07, -0.9699036478996277, -0.24348998069763184),
        }},
        {Time = 0.100, Data = {
            ["RightFoot"] = CFrame.new(-6.146728992462158e-08, 4.172325134277344e-07, 1.1008523870259523e-08, 0.8771634697914124, -0.0966947004199028, -0.47035592794418335, 0.09815402328968048, 0.9949392080307007, -0.021490663290023804, 0.4700533151626587, -0.027316030114889145, 0.8822150826454163),
            ["LeftLowerArm"] = CFrame.new(0.0000014901161193847656, -5.960464477539063e-08, 0.0000014454126358032227, 1, -6.891788473240013e-08, 9.313223614526578e-08, 9.685756197086448e-08, -0.11282770335674286, -0.9936146140098572, 8.381903882082042e-08, 0.9936146140098572, -0.11282770335674286),
            ["RightUpperArm"] = CFrame.new(-2.384185791015625e-07, 0, -4.470348358154297e-08, 0.9757574200630188, -0.18051792681217194, 0.12373675405979156, 0.18204563856124878, 0.3556458055973053, -0.9167199730873108, 0.12147790938615799, 0.9170220494270325, 0.3798864781856537),
            ["Head"] = CFrame.new(2.9802322387695312e-08, -7.152557373046875e-07, -5.960464477539063e-08, 0.9927222728729248, -0.12008317559957504, 0.009083524346351624, 0.1155964806675911, 0.9713398218154907, 0.20769338309764862, -0.033763736486434937, -0.20513176918029785, 0.978151798248291),
            ["RightHand"] = CFrame.new(8.828938007354736e-07, 4.76837158203125e-07, 1.4901161193847656e-08, 0.26345571875572205, 0.16311746835708618, 0.9507806301116943, -0.06457628309726715, 0.9863718152046204, -0.15132981538772583, -0.9625076651573181, -0.02152920514345169, 0.27039873600006104),
            ["UpperTorso"] = CFrame.new(-2.0489096641540527e-08, 0.0000010728836059570312, 1.0411895345896482e-08, 0.7270273566246033, -0.29502972960472107, 0.619990885257721, -0.19499632716178894, 0.7770747542381287, 0.5984407663345337, -0.6583369970321655, -0.5559787154197693, 0.5074249505996704),
            ["HumanoidRootPart"] = CFrame.new(0, 0, 0, 1, 0, 0, 0, 1, 0, 0, 0, 1),
            ["RightUpperLeg"] = CFrame.new(1.7881393432617188e-07, -2.644956111907959e-07, -6.595655577257276e-08, 0.835795521736145, 0.22740940749645233, 0.4997309148311615, 0.317523717880249, 0.5423331260681152, -0.7778517603874207, -0.44791141152381897, 0.8088014721870422, 0.38107189536094666),
            ["LeftUpperArm"] = CFrame.new(5.960464477539063e-08, -3.5762786865234375e-07, -1.6391277313232422e-07, 0.786715567111969, 0.39963364601135254, -0.4705016314983368, -0.5161209106445312, 0.8439529538154602, -0.1461595892906189, 0.3386709690093994, 0.3578217327594757, 0.8702101111412048),
            ["RightLowerArm"] = CFrame.new(-0.0000011920928955078125, -8.344650268554688e-07, 2.682209014892578e-07, 1, -3.7252885221050747e-09, 1.1175865566315224e-08, 7.4505797087454084e-09, 0.9859470725059509, -0.167058065533638, -1.0244547432591844e-08, 0.16705800592899323, 0.9859470725059509),
            ["LeftHand"] = CFrame.new(6.291083991527557e-07, -3.5762786865234375e-07, -6.258487701416016e-07, 0.8823467493057251, -0.42578908801078796, 0.20041970908641815, 0.4441796541213989, 0.8941994905471802, -0.055783629417419434, -0.1554630994796753, 0.13824298977851868, 0.9781206846237183),
            ["LeftFoot"] = CFrame.new(7.450580596923828e-09, 0, -2.2351741790771484e-08, 0.9752928018569946, -0.20577603578567505, 0.08037558197975159, 0.2158910036087036, 0.8106260895729065, -0.5443140268325806, 0.04685172438621521, 0.5482166409492493, 0.8350221514701843),
            ["LowerTorso"] = CFrame.new(0.04439745098352432, -0.6155878305435181, 0.15636396408081055, 0.9829174876213074, -0.18401741981506348, -0.003295375732704997, 0.1819126009941101, 0.968644380569458, 0.16922156512737274, -0.027947664260864258, -0.16693030297756195, 0.9855725765228271),
            ["RightLowerLeg"] = CFrame.new(-1.4901161193847656e-08, -0.0000033974647521972656, -0.000013528559065889567, 1, -1.192092469182171e-07, -1.0430819941120717e-07, 2.533197687171196e-07, 0.07465371489524841, 0.9972094893455505, -1.9371512394172896e-07, -0.9972094893455505, 0.07465393096208572),
            ["LeftUpperLeg"] = CFrame.new(-5.960464477539063e-08, 2.60770320892334e-07, -2.5727786123752594e-08, 0.8070576190948486, 0.5215044617652893, -0.2769319713115692, -0.4108428359031677, 0.1590912938117981, -0.8977183103561401, -0.4241064190864563, 0.8382858037948608, 0.3426523208618164),
            ["LeftLowerLeg"] = CFrame.new(-2.9802322387695312e-08, 0.000004172325134277344, 0.000013306736946105957, 1, 1.95577989359208e-08, 1.490114556190747e-07, -2.2351753159455257e-07, -0.18450605869293213, 0.9828312397003174, 1.1175876579727628e-07, -0.9828314185142517, -0.18450669944286346),
        }},
        {Time = 0.133, Data = {
            ["RightFoot"] = CFrame.new(-1.4901161193847656e-08, 2.980232238769531e-07, -2.8107024263590574e-08, 0.8685154318809509, -0.010988811030983925, -0.49554091691970825, 0.15830287337303162, 0.9535447955131531, 0.2563055455684662, 0.46970340609550476, -0.30105090141296387, 0.8299076557159424),
            ["LeftLowerArm"] = CFrame.new(0.0000018477439880371094, 4.76837158203125e-07, 0.0000012218952178955078, 1, -7.82310962677002e-08, 7.450577754752885e-08, 9.313225746154785e-08, -0.035150084644556046, -0.9993820786476135, 9.313225746154785e-08, 0.9993820786476135, -0.03515010327100754),
            ["RightUpperArm"] = CFrame.new(-1.1920928955078125e-07, 1.1920928955078125e-07, -2.2351741790771484e-08, 0.9707233905792236, -0.24016539752483368, -0.004099823534488678, 0.10958646982908249, 0.45799633860588074, -0.8821735978126526, 0.21374529600143433, 0.8558971881866455, 0.47090664505958557),
            ["Head"] = CFrame.new(2.384185791015625e-07, -0.0000011920928955078125, 3.2782554626464844e-07, 0.9925118684768677, -0.12153715640306473, -0.01221089530736208, 0.1206149309873581, 0.9593438506126404, 0.2551698386669159, -0.019298303872346878, -0.25473183393478394, 0.966819167137146),
            ["RightHand"] = CFrame.new(4.470348358154297e-07, 5.364418029785156e-07, 2.384185791015625e-07, 0.38596370816230774, 0.13757403194904327, 0.9121981263160706, -0.04962119087576866, 0.9904822707176208, -0.12838506698608398, -0.92117840051651, 0.00428761588409543, 0.3891168236732483),
            ["UpperTorso"] = CFrame.new(3.073364496231079e-08, 0.000001043081283569336, -2.7939677238464355e-09, 0.8133032917976379, -0.1968296468257904, 0.5475363731384277, -0.18815657496452332, 0.8015066981315613, 0.5676127076148987, -0.55057692527771, -0.564663827419281, 0.6148331761360168),
            ["HumanoidRootPart"] = CFrame.new(0, 0, 0, 1, 0, 0, 0, 1, 0, 0, 0, 1),
            ["RightUpperLeg"] = CFrame.new(4.172325134277344e-07, 7.636845111846924e-08, 1.6931153368204832e-08, 0.9018953442573547, 0.10924716293811798, 0.4179118275642395, 0.2939709722995758, 0.5536356568336487, -0.7791460156440735, -0.3164900541305542, 0.825562059879303, 0.4672057032585144),
            ["LeftUpperArm"] = CFrame.new(2.384185791015625e-07, -7.152557373046875e-07, -7.450580596923828e-09, 0.8224337100982666, 0.33311089873313904, -0.4611290693283081, -0.4531204104423523, 0.8736994862556458, -0.1770062893629074, 0.3439255356788635, 0.3545229434967041, 0.869499146938324),
            ["RightLowerArm"] = CFrame.new(-0.0000013113021850585938, -0.0000013113021850585938, 2.980232238769531e-07, 1, -7.450581485102248e-09, 5.5879347371501353e-08, -1.4901159417490817e-08, 0.9875048995018005, -0.15758849680423737, 5.215405707303944e-08, 0.15758852660655975, 0.9875049591064453),
            ["LeftHand"] = CFrame.new(9.061768651008606e-07, -4.76837158203125e-07, -4.172325134277344e-07, 0.8373744487762451, -0.46975481510162354, 0.27952563762664795, 0.5041211843490601, 0.8613577485084534, -0.06264640390872955, -0.21134315431118011, 0.19337336719036102, 0.9580922722816467),
            ["LeftFoot"] = CFrame.new(-7.450580596923828e-08, 0, 1.4901161193847656e-08, 0.9828203916549683, -0.1552162915468216, 0.09986013919115067, 0.1843193769454956, 0.8533328771591187, -0.4876987934112549, -0.009515497833490372, 0.49772578477859497, 0.8672819137573242),
            ["LowerTorso"] = CFrame.new(0.022485103458166122, -0.5254452228546143, 0.1539560854434967, 0.9806225299835205, -0.17723537981510162, 0.08346948027610779, 0.1601785272359848, 0.970673680305481, 0.17926377058029175, -0.11279349029064178, -0.16242004930973053, 0.9802538156509399),
            ["RightLowerLeg"] = CFrame.new(2.9802322387695312e-08, -0.0000037550926208496094, -0.000013334843970369548, 1, -5.960460214282648e-08, -1.1920936060505483e-07, 1.4901161193847656e-07, 0.20617984235286713, 0.9785140156745911, -1.4901161193847656e-07, -0.9785140752792358, 0.20618045330047607),
            ["LeftUpperLeg"] = CFrame.new(1.1920928955078125e-07, 3.7997961044311523e-07, 1.4901161193847656e-08, 0.8710416555404663, 0.43032360076904297, -0.2368721216917038, -0.3647926151752472, 0.24375244975090027, -0.8986162543296814, -0.32895734906196594, 0.8691412210464478, 0.3692972660064697),
            ["LeftLowerLeg"] = CFrame.new(1.4901161193847656e-07, 0.000004112720489501953, 0.000013392418622970581, 1, 1.3597318115898815e-07, 5.960462345910855e-08, -1.3411049337719305e-07, -0.046533532440662384, 0.998916745185852, 1.1175875158642157e-07, -0.9989168047904968, -0.04653428494930267),
        }},
        {Time = 0.167, Data = {
            ["RightFoot"] = CFrame.new(7.450580596923828e-08, 4.76837158203125e-07, -2.8107024263590574e-08, 0.8569045662879944, 0.03803982958197594, -0.5140703320503235, 0.2330232411623001, 0.8609717488288879, 0.45213645696640015, 0.4597987234592438, -0.5072283744812012, 0.7289062142372131),
            ["LeftLowerArm"] = CFrame.new(0.0000016093254089355469, -2.980232238769531e-07, 0.0000012218952178955078, 1, -7.823108916227284e-08, 7.078050856534901e-08, 8.009374141693115e-08, 0.05694606900215149, -0.9983773231506348, 8.195638656616211e-08, 0.99837726354599, 0.05694613233208656),
            ["RightUpperArm"] = CFrame.new(-2.384185791015625e-07, 1.1920928955078125e-07, 1.043081283569336e-07, 0.949199914932251, -0.28278154134750366, -0.1380368024110794, 0.04807408154010773, 0.5638331770896912, -0.8244884610176086, 0.31097981333732605, 0.7759682536125183, 0.5487848520278931),
            ["Head"] = CFrame.new(8.940696716308594e-08, -7.152557373046875e-07, -1.7881393432617188e-07, 0.992290735244751, -0.11595381051301956, -0.04374932497739792, 0.12376588582992554, 0.9454601407051086, 0.30130916833877563, 0.006425372790545225, -0.30440089106559753, 0.9525223970413208),
            ["RightHand"] = CFrame.new(3.5762786865234375e-07, 4.76837158203125e-07, 1.1920928955078125e-07, 0.4932859539985657, 0.11862623691558838, 0.8617405295372009, -0.03742917627096176, 0.992634654045105, -0.1152193695306778, -0.8690617084503174, 0.02458193339407444, 0.49409279227256775),
            ["UpperTorso"] = CFrame.new(-1.862645149230957e-09, 8.642673492431641e-07, 2.7008354663848877e-08, 0.8825076818466187, -0.10067533701658249, 0.4593961238861084, -0.18652474880218506, 0.8217816352844238, 0.5384082794189453, -0.4317277669906616, -0.5608382225036621, 0.7064501643180847),
            ["HumanoidRootPart"] = CFrame.new(0, 0, 0, 1, 0, 0, 0, 1, 0, 0, 0, 1),
            ["RightUpperLeg"] = CFrame.new(1.1920928955078125e-07, -2.7567148208618164e-07, 1.6931153368204832e-08, 0.9519621729850769, -0.02312713861465454, 0.3053413927555084, 0.25231680274009705, 0.6242380142211914, -0.7393667697906494, -0.1735062152147293, 0.7808918356895447, 0.6000862717628479),
            ["LeftUpperArm"] = CFrame.new(1.7881393432617188e-07, -7.152557373046875e-07, -3.427267074584961e-07, 0.8547756671905518, 0.2702410817146301, -0.4430895745754242, -0.3877807557582855, 0.8999735713005066, -0.19918256998062134, 0.3449416756629944, 0.3420778810977936, 0.8740698099136353),
            ["RightLowerArm"] = CFrame.new(-8.642673492431641e-07, -3.5762786865234375e-07, 5.960464477539063e-08, 1, -1.2107190805465962e-08, 2.607702498380604e-08, 1.862644971595273e-08, 0.9892594814300537, -0.14617012441158295, 4.284083487959833e-08, 0.14617006480693817, 0.9892595410346985),
            ["LeftHand"] = CFrame.new(8.344650268554688e-07, -4.76837158203125e-07, -7.003545761108398e-07, 0.7960140109062195, -0.5008955001831055, 0.3398023247718811, 0.550105094909668, 0.8328680992126465, -0.060951437801122665, -0.2524801790714264, 0.23544523119926453, 0.9385197162628174),
            ["LeftFoot"] = CFrame.new(3.725290298461914e-09, 0, 2.9802322387695312e-08, 0.9877194762229919, -0.11016467958688736, 0.11078866571187973, 0.14638683199882507, 0.9003465175628662, -0.4098142981529236, -0.05460100248456001, 0.42099878191947937, 0.905415952205658),
            ["LowerTorso"] = CFrame.new(0.0018196183955296874, -0.4123469591140747, 0.15083420276641846, 0.9701747894287109, -0.1711353212594986, 0.17167934775352478, 0.13982579112052917, 0.9736115336418152, 0.1803589165210724, -0.1980147808790207, -0.15097445249557495, 0.968502402305603),
            ["RightLowerLeg"] = CFrame.new(1.1920928955078125e-07, -0.0000033974647521972656, -0.000013483855582308024, 1, -8.940694584680386e-08, -8.94070240065048e-08, 1.648441099177944e-07, 0.3887205719947815, 0.9213554859161377, -1.1920930376163597e-07, -0.921355664730072, 0.3887210488319397),
            ["LeftUpperLeg"] = CFrame.new(5.960464477539063e-08, -1.1920928955078125e-07, 5.960464477539063e-08, 0.9171324968338013, 0.34555909037590027, -0.19863738119602203, -0.3243938386440277, 0.3575578033924103, -0.8757402300834656, -0.2315957248210907, 0.8676066994667053, 0.44002532958984375),
            ["LeftLowerLeg"] = CFrame.new(2.60770320892334e-07, 0.000003874301910400391, 0.00001319684088230133, 1, 8.56817479188976e-08, 5.960460214282648e-08, -1.1920931797249068e-07, 0.14640389382839203, 0.9892250299453735, 6.705523958316917e-08, -0.989224910736084, 0.14640285074710846),
        }},
        {Time = 0.200, Data = {
            ["RightFoot"] = CFrame.new(-1.4901161193847656e-08, 3.5762786865234375e-07, 9.145878721028566e-09, 0.8654566407203674, 0.06346900016069412, -0.49694764614105225, 0.2546352744102478, 0.7985296845436096, 0.5454452633857727, 0.43144598603248596, -0.5986001491546631, 0.674931526184082),
            ["LeftLowerArm"] = CFrame.new(0.0000014007091522216797, 9.5367431640625e-07, 0.000001087784767150879, 1, -8.940698847936801e-08, 8.195637946073475e-08, 8.940694584680386e-08, 0.1590694934129715, -0.9872674345970154, 6.705521116145974e-08, 0.9872674942016602, 0.15906943380832672),
            ["RightUpperArm"] = CFrame.new(-1.1920928955078125e-07, 4.76837158203125e-07, 1.1920928955078125e-07, 0.9179183840751648, -0.30300965905189514, -0.25614628195762634, 0.007010338827967644, 0.6578648686408997, -0.7531031966209412, 0.3967072367668152, 0.6894917488098145, 0.6059905886650085),
            ["Head"] = CFrame.new(0, -9.5367431640625e-07, 7.450580596923828e-08, 0.9910420179367065, -0.1066652461886406, -0.0803631842136383, 0.12816472351551056, 0.9287768006324768, 0.34777554869651794, 0.0375438891351223, -0.35495978593826294, 0.9341274499893188),
            ["RightHand"] = CFrame.new(6.556510925292969e-07, 7.152557373046875e-07, 2.086162567138672e-07, 0.5690805315971375, 0.1126510500907898, 0.81452876329422, -0.037247106432914734, 0.9930861592292786, -0.11132272332906723, -0.8214377760887146, 0.03301271051168442, 0.569341778755188),
            ["UpperTorso"] = CFrame.new(1.862645149230957e-09, 8.344650268554688e-07, 4.0978193283081055e-08, 0.9265843629837036, -0.017715560272336006, 0.3756697475910187, -0.19099494814872742, 0.8383251428604126, 0.5106193423271179, -0.3239792287349701, -0.5448828935623169, 0.7733952403068542),
            ["HumanoidRootPart"] = CFrame.new(0, 0, 0, 1, 0, 0, 0, 1, 0, 0, 0, 1),
            ["RightUpperLeg"] = CFrame.new(2.980232238769531e-07, -1.6391277313232422e-07, 1.305525074712932e-07, 0.9762541055679321, -0.11878078430891037, 0.18116089701652527, 0.21041475236415863, 0.7188042998313904, -0.6626055240631104, -0.05151446536183357, 0.6849901676177979, 0.7267287969589233),
            ["LeftUpperArm"] = CFrame.new(2.384185791015625e-07, -3.5762786865234375e-07, -5.21540641784668e-07, 0.8826721906661987, 0.21965636312961578, -0.41550078988075256, -0.32500454783439636, 0.9238853454589844, -0.20200973749160767, 0.3395023047924042, 0.31334805488586426, 0.8868772387504578),
            ["RightLowerArm"] = CFrame.new(-0.0000012516975402832031, -0.0000011324882507324219, 4.76837158203125e-07, 1, 0, -4.4703462265260896e-08, 0, 0.9911143779754639, -0.13301216065883636, 2.2351736461700966e-08, 0.13301216065883636, 0.9911144971847534),
            ["LeftHand"] = CFrame.new(5.289912223815918e-07, -3.5762786865234375e-07, -3.7997961044311523e-07, 0.7778313755989075, -0.5126368999481201, 0.36356818675994873, 0.5682913064956665, 0.8207405805587769, -0.05856645479798317, -0.2683718204498291, 0.2521674335002899, 0.9297247529029846),
            ["LeftFoot"] = CFrame.new(3.3527612686157227e-08, 0, 1.4901161193847656e-08, 0.990348219871521, -0.07898008823394775, 0.11389733105897903, 0.11308632045984268, 0.9355706572532654, -0.33454325795173645, -0.08013664186000824, 0.34419432282447815, 0.9354722499847412),
            ["LowerTorso"] = CFrame.new(-0.01649692840874195, -0.3140981197357178, 0.14735880494117737, 0.9566373229026794, -0.16712981462478638, 0.23856420814990997, 0.12837094068527222, 0.9770904183387756, 0.16975103318691254, -0.2614692449569702, -0.1317654550075531, 0.9561756253242493),
            ["RightLowerLeg"] = CFrame.new(8.940696716308594e-08, -0.000003516674041748047, -0.000013290140486788005, 1, -1.5646213569198153e-07, -1.4901171851988693e-08, 1.825392246246338e-07, 0.5559577345848083, 0.831210196018219, -2.9802322387695312e-08, -0.8312105536460876, 0.5559584498405457),
            ["LeftUpperLeg"] = CFrame.new(-5.960464477539063e-08, -1.043081283569336e-07, 7.450580596923828e-09, 0.940937340259552, 0.2887146472930908, -0.17686407268047333, -0.2995952367782593, 0.46661537885665894, -0.8321735262870789, -0.15773318707942963, 0.8360108137130737, 0.5255534052848816),
            ["LeftLowerLeg"] = CFrame.new(5.21540641784668e-08, 0.000003933906555175781, 0.000013075768947601318, 1, 7.823111758398227e-08, 5.960462345910855e-08, -1.043081283569336e-07, 0.3260771334171295, 0.9453433752059937, 5.21540641784668e-08, -0.9453431963920593, 0.3260763883590698),
        }},
        {Time = 0.233, Data = {
            ["RightFoot"] = CFrame.new(3.3527612686157227e-08, 2.384185791015625e-07, -3.183231456205249e-08, 0.8975838422775269, 0.050013598054647446, -0.437997967004776, 0.24579910933971405, 0.7679964303970337, 0.5914086103439331, 0.3659592866897583, -0.6384984850883484, 0.677047848701477),
            ["LeftLowerArm"] = CFrame.new(0.0000018775463104248047, -4.172325134277344e-07, 0.0000012516975402832031, 1, -7.823110337312755e-08, 6.891787052154541e-08, 8.009374852235851e-08, 0.2737311124801636, -0.9618062973022461, 5.587936158235607e-08, 0.9618063569068909, 0.2737310826778412),
            ["RightUpperArm"] = CFrame.new(-1.7881393432617188e-07, 2.384185791015625e-07, 1.4901161193847656e-07, 0.8898774981498718, -0.30471718311309814, -0.33950772881507874, -0.011229305528104305, 0.7293524742126465, -0.6840459704399109, 0.45606136322021484, 0.6125295162200928, 0.6456125974655151),
            ["Head"] = CFrame.new(-1.1920928955078125e-07, -0.0000011920928955078125, -2.682209014892578e-07, 0.9884049892425537, -0.09758767485618591, -0.11632844805717468, 0.13417036831378937, 0.9200122952461243, 0.36820611357688904, 0.07109121978282928, -0.37954461574554443, 0.9224381446838379),
            ["RightHand"] = CFrame.new(5.364418029785156e-07, 5.960464477539062e-07, 4.470348358154297e-08, 0.6250166893005371, 0.11827220022678375, 0.7715995907783508, -0.0486166775226593, 0.9924343824386597, -0.11274130642414093, -0.7790959477424622, 0.03295261040329933, 0.6260380148887634),
            ["UpperTorso"] = CFrame.new(2.2351741790771484e-08, 8.642673492431641e-07, 4.842877388000488e-08, 0.9457874894142151, 0.0400422103703022, 0.3223084509372711, -0.19895318150520325, 0.8558169603347778, 0.47748833894729614, -0.256717324256897, -0.5157267451286316, 0.8173874020576477),
            ["HumanoidRootPart"] = CFrame.new(0, 0, 0, 1, 0, 0, 0, 1, 0, 0, 0, 1),
            ["RightUpperLeg"] = CFrame.new(2.384185791015625e-07, -4.0789018385112286e-07, -1.3278622645884752e-08, 0.9848760366439819, -0.1559801697731018, 0.07542877644300461, 0.1701827049255371, 0.7891983389854431, -0.5900881886482239, 0.032513756304979324, 0.5940001606941223, 0.8038074970245361),
            ["LeftUpperArm"] = CFrame.new(5.960464477539063e-08, -7.152557373046875e-07, -3.5762786865234375e-07, 0.8997036218643188, 0.1887677013874054, -0.3935737609863281, -0.2815210223197937, 0.9400062561035156, -0.19270259141921997, 0.3335857689380646, 0.28417447209358215, 0.898868978023529),
            ["RightLowerArm"] = CFrame.new(-0.0000012516975402832031, -3.5762786865234375e-07, -2.086162567138672e-07, 1, -1.1175868230850483e-08, 3.7252885221050747e-09, 2.7939672797572257e-09, 0.9929617643356323, -0.11843553185462952, 3.7252898543727042e-09, 0.11843553185462952, 0.9929617643356323),
            ["LeftHand"] = CFrame.new(4.041939973831177e-07, -7.152557373046875e-07, -4.023313522338867e-07, 0.7792674899101257, -0.511014461517334, 0.36277592182159424, 0.5663904547691345, 0.8220443725585938, -0.05869497358798981, -0.2682238221168518, 0.2512120008468628, 0.930026113986969),
            ["LeftFoot"] = CFrame.new(5.21540641784668e-08, -5.960464477539063e-08, -1.4901161193847656e-08, 0.9915829300880432, -0.0657719224691391, 0.11152324825525284, 0.09573580324649811, 0.9523643255233765, -0.28954601287841797, -0.08716695010662079, 0.2977856397628784, 0.9506449699401855),
            ["LowerTorso"] = CFrame.new(-0.030695220455527306, -0.2456885576248169, 0.14055465161800385, 0.9502573609352112, -0.16912980377674103, 0.2615455687046051, 0.1309712529182434, 0.9788545370101929, 0.1571316421031952, -0.28259068727493286, -0.11506053805351257, 0.9523149132728577),
            ["RightLowerLeg"] = CFrame.new(-2.2351741790771484e-08, -0.0000035762786865234375, -0.000013409349776338786, 1, -8.940698137394065e-08, -1.4156105976326216e-07, 1.3411047916633834e-07, 0.6824754476547241, 0.7309080362319946, -7.4505820180093e-08, -0.7309084534645081, 0.6824759840965271),
            ["LeftUpperLeg"] = CFrame.new(-5.960464477539063e-08, 8.568167686462402e-08, 5.960464477539063e-08, 0.9471713304519653, 0.28004270792007446, -0.1563417911529541, -0.2909999191761017, 0.5454045534133911, -0.786036491394043, -0.13485419750213623, 0.7900063395500183, 0.5980836153030396),
            ["LeftLowerLeg"] = CFrame.new(6.705522537231445e-08, 0.000003874301910400391, 0.00001341104507446289, 1, 7.4505820180093e-08, 1.043080928297968e-07, -1.9371512394172896e-07, 0.446511834859848, 0.8947780132293701, 7.450581307466564e-08, -0.8947778344154358, 0.44651147723197937),
        }},
        {Time = 0.267, Data = {
            ["RightFoot"] = CFrame.new(-2.2351741790771484e-08, 1.7881393432617188e-07, -2.554588718339801e-08, 0.9342569708824158, -0.010887613520026207, -0.35643455386161804, 0.23014262318611145, 0.7819151878356934, 0.5793464779853821, 0.2723939120769501, -0.6232898235321045, 0.7330158352851868),
            ["LeftLowerArm"] = CFrame.new(0.0000025033950805664062, 4.172325134277344e-07, 0.0000011473894119262695, 1, -7.636847243475131e-08, 4.842877388000488e-08, 7.916242594774303e-08, 0.40069901943206787, -0.9162097573280334, 5.2154071283894154e-08, 0.9162097573280334, 0.40069901943206787),
            ["RightUpperArm"] = CFrame.new(-1.1920928955078125e-07, 1.1920928955078125e-07, 1.4901161193847656e-08, 0.8786575198173523, -0.29660364985466003, -0.37414881587028503, -0.008856060914695263, 0.7733760476112366, -0.6338856220245361, 0.4773705005645752, 0.5602818727493286, 0.6769059896469116),
            ["Head"] = CFrame.new(5.960464477539063e-08, -0.0000010728836059570312, 7.450580596923828e-08, 0.9845356345176697, -0.09467073529958725, -0.1474016010761261, 0.14151538908481598, 0.9257566332817078, 0.35063982009887695, 0.10326270014047623, -0.36607685685157776, 0.9248376488685608),
            ["RightHand"] = CFrame.new(5.811452865600586e-07, 5.960464477539062e-07, 2.1606683731079102e-07, 0.6800960898399353, 0.1294003427028656, 0.7216127514839172, -0.06508632749319077, 0.9910700917243958, -0.1163780614733696, -0.7302282452583313, 0.03218113258481026, 0.6824450492858887),
            ["UpperTorso"] = CFrame.new(3.3527612686157227e-08, 0.0000010728836059570312, 1.6763806343078613e-08, 0.9489502906799316, 0.07448374480009079, 0.3065052926540375, -0.2084011435508728, 0.8774740695953369, 0.4319817125797272, -0.23677484691143036, -0.47380518913269043, 0.8482018113136292),
            ["HumanoidRootPart"] = CFrame.new(0, 0, 0, 1, 0, 0, 0, 1, 0, 0, 0, 1),
            ["RightUpperLeg"] = CFrame.new(1.1920928955078125e-07, -9.041505109053105e-07, -5.981564754620194e-08, 0.9897817969322205, -0.14255841076374054, 0.003054299158975482, 0.12144102156162262, 0.831552267074585, -0.5420085787773132, 0.07472800463438034, 0.5368407964706421, 0.8403674364089966),
            ["LeftUpperArm"] = CFrame.new(0, -3.5762786865234375e-07, -1.7881393432617188e-07, 0.9049638509750366, 0.17566195130348206, -0.3875350058078766, -0.26323339343070984, 0.9467166066169739, -0.18556950986385345, 0.3342883288860321, 0.2699458599090576, 0.9029842615127563),
            ["RightLowerArm"] = CFrame.new(-0.0000010132789611816406, -8.940696716308594e-07, 2.1606683731079102e-07, 1, 1.8626442610525373e-09, -1.8626442610525373e-09, 2.2817399525365545e-08, 0.9947060346603394, -0.10276162624359131, -5.587934559514451e-09, 0.1027616336941719, 0.9947060346603394),
            ["LeftHand"] = CFrame.new(6.211921572685242e-07, -4.76837158203125e-07, -1.4901161193847656e-07, 0.7832810878753662, -0.5064150094985962, 0.3605756461620331, 0.5610183477401733, 0.825694739818573, -0.05904681235551834, -0.2678232192993164, 0.24853971600532532, 0.9308591485023499),
            ["LeftFoot"] = CFrame.new(4.842877388000488e-08, 0, -1.4901161193847656e-08, 0.9919596314430237, -0.0682235136628151, 0.10659201443195343, 0.0951567217707634, 0.9573549032211304, -0.27279460430145264, -0.0834355503320694, 0.28074386715888977, 0.9561492800712585),
