return {
    ["Gunslinger Smokeshow"] = {
        {Time = 0.000, Data = {
            ["LeftFoot"] = CFrame.new(-8.568167686462402e-08, 0, 5.960464477539063e-08, 0.9973544478416443, -0.061729349195957184, 0.03838814049959183, 0.07268725335597992, 0.8406571745872498, -0.5366677641868591, 0.0008568186312913895, 0.5380383133888245, 0.8429200053215027),
            ["LeftLowerArm"] = CFrame.new(2.682209014892578e-07, -2.384185791015625e-07, 1.6391277313232422e-07, 1, -4.982576840006914e-08, 1.2479723920932884e-07, 9.126965494488104e-08, -0.4566809833049774, -0.8896306157112122, 9.196814687584265e-08, 0.8896305561065674, -0.4566810429096222),
            ["LowerTorso"] = CFrame.new(0.04040122032165527, -0.17911839485168457, 0.3890010118484497, 0.9999092221260071, -0.013438964262604713, 0.0010004761861637235, 0.01347615197300911, 0.9971497654914856, -0.07423493266105652, 1.5868907965455037e-08, 0.07424167543649673, 0.9972403049468994),
            ["Head"] = CFrame.new(-4.452886059880257e-09, -3.5762786865234375e-07, 2.4379914975725114e-08, 0.9999065399169922, -0.012419621460139751, -0.005717529449611902, 0.011819778010249138, 0.9953969717025757, -0.09510660171508789, 0.006872397381812334, 0.09503033012151718, 0.9954507350921631),
            ["RightUpperArm"] = CFrame.new(0, -1.1920928955078125e-07, 6.51925802230835e-09, 0.8781299591064453, -0.16836430132389069, 0.44781821966171265, 0.1261833757162094, 0.984393835067749, 0.12266439199447632, -0.46148180961608887, -0.05120798572897911, 0.88567054271698),
            ["UpperTorso"] = CFrame.new(-7.728138129436957e-10, 4.470348358154297e-07, -5.2277755457907915e-09, 0.9999818801879883, -0.005346914287656546, -0.002773730782791972, 0.005842805840075016, 0.9729732871055603, 0.2308439016342163, 0.0014644640032202005, -0.23085586726665497, 0.9729869365692139),
            ["HumanoidRootPart"] = CFrame.new(0, 0, 0, 1, 0, 0, 0, 1, 0, 0, 0, 1),
            ["RightHand"] = CFrame.new(2.8312206268310547e-07, 0, 4.470348358154297e-07, 0.7117869257926941, -0.4797978699207306, 0.5129830837249756, 0.4094221889972687, 0.8768445253372192, 0.2520256042480469, -0.5707301497459412, 0.03062368743121624, 0.8205678462982178),
            ["LeftUpperArm"] = CFrame.new(1.1920928955078125e-07, -2.384185791015625e-07, -4.470348358154297e-08, 0.9653222560882568, 0.08685504645109177, -0.24618925154209137, -0.0758582353591919, 0.9956648945808411, 0.053823988884687424, 0.24979685246944427, -0.033281952142715454, 0.9677261114120483),
            ["RightLowerArm"] = CFrame.new(-4.172325134277344e-07, -4.172325134277344e-07, -8.419156074523926e-07, 1, -1.359740622319805e-07, 1.4156312033719587e-07, 7.450679362364099e-08, -0.5375653505325317, -0.8432221412658691, 1.5460159374924842e-07, 0.8432221412658691, -0.537565290927887),
            ["LeftHand"] = CFrame.new(1.4156103134155273e-07, -1.1920928955078125e-07, 9.313225746154785e-07, 0.7767300605773926, 0.34351497888565063, -0.5279091596603394, -0.3592287003993988, 0.9300943613052368, 0.076675184071064, 0.5173444151878357, 0.13008421659469604, 0.8458327054977417),
            ["RightUpperLeg"] = CFrame.new(0, 1.2852251529693604e-07, -1.7702404875308275e-08, 0.9957483410835266, 0.04817316308617592, 0.07851576060056686, -0.013485745526850224, 0.9194084405899048, -0.39307302236557007, -0.09112361818552017, 0.3903428316116333, 0.9161489605903625),
            ["LeftUpperLeg"] = CFrame.new(0, 3.7439167499542236e-07, -4.164758138358593e-08, 0.9483945965766907, -0.043045736849308014, -0.3141574263572693, -0.014722520485520363, 0.9836968779563904, -0.17923088371753693, 0.31675079464912415, 0.1746068149805069, 0.9322990775108337),
            ["RightLowerLeg"] = CFrame.new(-1.3737007975578308e-08, -0.000060558319091796875, -0.00007201096013886854, 1, -1.1781230568885803e-07, -5.8440498662548634e-08, 1.1641533603778953e-07, 0.6066306829452515, 0.7949835658073425, -6.146729703004894e-08, -0.7949838638305664, 0.6066310405731201),
            ["RightFoot"] = CFrame.new(1.1408701539039612e-08, 2.980232238769531e-07, -9.480572771281004e-09, 0.9954219460487366, 0.012586615048348904, 0.09474578499794006, 0.0297513697296381, 0.9012384414672852, -0.43230098485946655, -0.09082972258329391, 0.4331408143043518, 0.8967381715774536),
            ["LeftLowerLeg"] = CFrame.new(-3.91155481338501e-08, 0.00006085634231567383, 0.00007211044430732727, 1, 8.009376273321323e-08, 5.5879375793210784e-08, -9.313227167240257e-08, 0.48424652218818665, 0.8749316334724426, 2.2817406630792902e-08, -0.8749316334724426, 0.4842466413974762),
        }},
        {Time = 0.033, Data = {
            ["LeftFoot"] = CFrame.new(1.6763806343078613e-08, -1.1920928955078125e-07, 2.9802322387695312e-08, 0.9968950152397156, -0.07851679623126984, 0.00596205610781908, 0.07213713228702545, 0.8802886605262756, -0.46892249584198, 0.0315699577331543, 0.467896431684494, 0.8832192420959473),
            ["LeftLowerArm"] = CFrame.new(2.384185791015625e-07, -1.1920928955078125e-07, 2.086162567138672e-07, 1, -5.960465188081798e-08, 1.294538236606968e-07, 8.195642919872625e-08, -0.5337210297584534, -0.8456606268882751, 1.1734670124496915e-07, 0.8456606864929199, -0.5337210297584534),
            ["LowerTorso"] = CFrame.new(0.04071715846657753, -0.13640189170837402, 0.38146835565567017, 0.9999904632568359, -0.004353757947683334, 0.0002761213108897209, 0.004362498410046101, 0.9978728890419006, -0.06504431366920471, 0.000007653213287994731, 0.06504489481449127, 0.9978823661804199),
            ["Head"] = CFrame.new(-1.1932570487260818e-09, -4.76837158203125e-07, 5.109541234560311e-08, 0.9999449849128723, -0.008817455731332302, -0.005696640815585852, 0.00823495164513588, 0.9954200983047485, -0.09524264186620712, 0.0065103452652692795, 0.09519064426422119, 0.9954378008842468),
            ["RightUpperArm"] = CFrame.new(-5.960464477539063e-08, -4.76837158203125e-07, 6.51925802230835e-08, 0.8707360029220581, -0.2176947444677353, 0.44093987345695496, 0.17614927887916565, 0.9752495884895325, 0.1336398869752884, -0.4591190218925476, -0.038693804293870926, 0.8875316977500916),
            ["UpperTorso"] = CFrame.new(1.4497345546260476e-09, 2.086162567138672e-07, 1.8269929569214582e-08, 0.9998542666435242, -0.016500025987625122, -0.004400408361107111, 0.017065268009901047, 0.9748769402503967, 0.22208952903747559, 0.0006253740866668522, -0.2221321314573288, 0.9750164151191711),
            ["HumanoidRootPart"] = CFrame.new(0, 0, 0, 1, 0, 0, 0, 1, 0, 0, 0, 1),
            ["RightHand"] = CFrame.new(2.9802322387695312e-08, 5.960464477539063e-08, 2.60770320892334e-07, 0.6877495646476746, -0.37680912017822266, 0.6204929947853088, 0.32258734107017517, 0.9243452548980713, 0.20377126336097717, -0.6503369212150574, 0.06000746041536331, 0.7572751641273499),
            ["LeftUpperArm"] = CFrame.new(5.960464477539063e-08, -4.76837158203125e-07, 2.1886080503463745e-08, 0.9565765857696533, 0.1786910593509674, -0.23028433322906494, -0.1662159115076065, 0.9834101796150208, 0.07264194637537003, 0.2394443154335022, -0.031210629269480705, 0.9704083204269409),
            ["RightLowerArm"] = CFrame.new(-3.5762786865234375e-07, 3.5762786865234375e-07, -7.748603820800781e-07, 1, -3.725318009628609e-08, 1.7136588326138735e-07, 7.450679362364099e-08, -0.6427876353263855, -0.7660444974899292, 1.5273892017830804e-07, 0.766044557094574, -0.642787516117096),
            ["LeftHand"] = CFrame.new(2.2351741790771484e-07, -1.1920928955078125e-07, 2.812594175338745e-07, 0.7231658697128296, 0.3445329964160919, -0.5986053943634033, -0.4149911105632782, 0.9095556139945984, 0.022158877924084663, 0.5520992875099182, 0.23239128291606903, 0.8007376194000244),
            ["RightUpperLeg"] = CFrame.new(-5.960464477539063e-08, 2.0209699869155884e-07, -3.149762051180005e-08, 0.9971607327461243, 0.03281351178884506, 0.06777849048376083, -0.007687290199100971, 0.9397227168083191, -0.3418511748313904, -0.07491030544042587, 0.3403593897819519, 0.937306821346283),
            ["LeftUpperLeg"] = CFrame.new(0, 1.909211277961731e-07, -1.3096723705530167e-10, 0.9479617476463318, -0.04493483901023865, -0.3151976764202118, -0.020460190251469612, 0.9793466329574585, -0.20115074515342712, 0.3177264332771301, 0.19713227450847626, 0.9274636507034302),
            ["RightLowerLeg"] = CFrame.new(2.223532646894455e-08, -0.000060617923736572266, -0.00007206032023532316, 1, -1.1175872316471214e-07, -4.77884967153841e-08, 1.075677857897972e-07, 0.685573935508728, 0.7280027270317078, -6.350457226744766e-08, -0.7280030846595764, 0.6855742335319519),
            ["RightFoot"] = CFrame.new(1.437729224562645e-08, 2.980232238769531e-07, -9.480572771281004e-09, 0.9953733086585999, 0.00727842329069972, 0.09580832719802856, 0.03133317455649376, 0.9180310964584351, -0.39526844024658203, -0.09083191305398941, 0.3964416980743408, 0.9135555028915405),
            ["LeftLowerLeg"] = CFrame.new(-3.725290298461914e-08, 0.000060617923736572266, 0.00007212162017822266, 1, 3.166496753692627e-08, 9.685756197086448e-08, -8.940698137394065e-08, 0.5039305090904236, 0.86374431848526, 5.02914261346632e-08, -0.8637442588806152, 0.5039304494857788),
        }},
        {Time = 0.067, Data = {
            ["LeftFoot"] = CFrame.new(1.1175870895385742e-08, -5.960464477539063e-08, 1.4901161193847656e-08, 0.9940616488456726, -0.10102848708629608, -0.04043031111359596, 0.07767686992883682, 0.9189898371696472, -0.3865540623664856, 0.07620804011821747, 0.3811178505420685, 0.9213801622390747),
            ["LeftLowerArm"] = CFrame.new(4.172325134277344e-07, -5.960464477539063e-08, 2.8312206268310547e-07, 1, -5.960465188081798e-08, 1.2665987014770508e-07, 9.499494524334295e-08, -0.468221515417099, -0.8836111426353455, 1.154840560957382e-07, 0.8836112022399902, -0.4682215452194214),
            ["LowerTorso"] = CFrame.new(0.04122578352689743, -0.10488510131835938, 0.372429758310318, 0.9999897480010986, 0.004523133393377066, -0.00024487607879564166, -0.004529756959527731, 0.9985357522964478, -0.05390672758221626, 6.902633344907372e-07, 0.05390728637576103, 0.9985459446907043),
            ["Head"] = CFrame.new(-7.610651664435863e-09, 1.1920928955078125e-07, 6.252776074688882e-08, 0.9999602437019348, -0.006348428316414356, -0.006276286672800779, 0.005779751110821962, 0.9962084293365479, -0.08680734038352966, 0.006803578231483698, 0.08676779270172119, 0.9962053894996643),
            ["RightUpperArm"] = CFrame.new(0, 1.1920928955078125e-07, 7.962808012962341e-08, 0.8920201659202576, -0.31952929496765137, 0.3196890950202942, 0.30485081672668457, 0.9475072622299194, 0.0964164063334465, -0.33371543884277344, 0.011452198028564453, 0.9426043629646301),
            ["UpperTorso"] = CFrame.new(5.574378292294568e-09, 2.682209014892578e-07, 4.157209332333878e-08, 0.9995996952056885, -0.02779660001397133, -0.005284843500703573, 0.028286587446928024, 0.9773064255714417, 0.20993351936340332, -0.0006705267005600035, -0.2099989354610443, 0.9777014851570129),
            ["HumanoidRootPart"] = CFrame.new(0, 0, 0, 1, 0, 0, 0, 1, 0, 0, 0, 1),
            ["RightHand"] = CFrame.new(-1.341104507446289e-07, 1.1920928955078125e-07, 8.940696716308594e-08, 0.762024462223053, -0.1965908408164978, 0.6169818043708801, 0.28082510828971863, 0.9588717222213745, -0.04131912440061569, -0.5834860801696777, 0.2047368437051773, 0.7858920693397522),
            ["LeftUpperArm"] = CFrame.new(-1.1920928955078125e-07, 2.384185791015625e-07, -3.073364496231079e-08, 0.9493508338928223, 0.29335102438926697, -0.11259768903255463, -0.2910047173500061, 0.9560016989707947, 0.0371103510260582, 0.11852988600730896, -0.002464176854118705, 0.992947518825531),
            ["RightLowerArm"] = CFrame.new(-6.258487701416016e-07, -1.7881393432617188e-07, -7.748603820800781e-07, 1, -5.960507820645944e-08, 1.5646450890471897e-07, 1.3038687995958753e-07, -0.5770850777626038, -0.8166840672492981, 1.4156290717437514e-07, 0.8166840076446533, -0.5770850777626038),
            ["LeftHand"] = CFrame.new(1.1920928955078125e-07, -5.960464477539063e-08, 4.3213367462158203e-07, 0.7456361651420593, 0.26843905448913574, -0.6098912358283997, -0.46491461992263794, 0.8652620911598206, -0.18755333125591278, 0.4773690700531006, 0.42339351773262024, 0.7699717283248901),
            ["RightUpperLeg"] = CFrame.new(-5.960464477539063e-08, 9.546056389808655e-08, 2.701563062146306e-08, 0.9997421503067017, 0.009834198281168938, 0.020472681149840355, -0.0033298656344413757, 0.9551224112510681, -0.29619264602661133, -0.022466735914349556, 0.29604795575141907, 0.9549088478088379),
            ["LeftUpperLeg"] = CFrame.new(2.9802322387695312e-08, 2.644956111907959e-07, -2.8048816602677107e-08, 0.9505011439323425, -0.05563485994935036, -0.3056996762752533, -0.036476586014032364, 0.9570581316947937, -0.28759220242500305, 0.3085725009441376, 0.2845076620578766, 0.9076554775238037),
            ["RightLowerLeg"] = CFrame.new(7.683411240577698e-08, -0.000060498714447021484, -0.00007207708404166624, 1, -9.709037840366364e-08, -3.841705975560217e-08, 9.965152969471092e-08, 0.7451008558273315, 0.6669514179229736, -3.58559226754096e-08, -0.6669517755508423, 0.7451011538505554),
            ["RightFoot"] = CFrame.new(-8.207280188798904e-08, 2.980232238769531e-07, 8.55143298394978e-08, 0.9937205910682678, -0.0010985545814037323, 0.11188514530658722, 0.04259985312819481, 0.928356945514679, -0.369240403175354, -0.10346369445323944, 0.37168824672698975, 0.9225743412971497),
            ["LeftLowerLeg"] = CFrame.new(-3.725290298461914e-08, 0.000060558319091796875, 0.0000721663236618042, 1, 1.1175872316471214e-07, 4.842878098543224e-08, -8.940696716308594e-08, 0.45616188645362854, 0.8898968696594238, 4.0978193283081055e-08, -0.8898969292640686, 0.4561619162559509),
        }},
        {Time = 0.100, Data = {
            ["LeftFoot"] = CFrame.new(-1.1175870895385742e-08, -5.960464477539063e-08, -3.725290298461914e-08, 0.9898075461387634, -0.10638197511434555, -0.09467792510986328, 0.06866542994976044, 0.9389427304267883, -0.33715254068374634, 0.12476415187120438, 0.32721468806266785, 0.9366772174835205),
            ["LeftLowerArm"] = CFrame.new(5.960464477539062e-07, -5.960464477539062e-07, 1.816079020500183e-07, 1, -2.980232949312267e-08, 1.3597311010471458e-07, 8.707870335911139e-08, -0.5108620524406433, -0.8596627116203308, 1.0896479096800249e-07, 0.859662652015686, -0.5108620524406433),
            ["LowerTorso"] = CFrame.new(0.04277709126472473, -0.09834432601928711, 0.3564710319042206, 0.9999253749847412, 0.012212342582643032, -0.0003273670736234635, -0.012216554954648018, 0.9994092583656311, -0.03212423995137215, -0.00006513847620226443, 0.032125841826200485, 0.9994838237762451),
            ["Head"] = CFrame.new(1.57160684466362e-09, 0, -2.6523707674641628e-08, 0.999944806098938, -0.002245689742267132, -0.010264878161251545, 0.0014937296509742737, 0.9973538517951965, -0.07268443703651428, 0.010400948114693165, 0.0726652517914772, 0.997302234172821),
            ["RightUpperArm"] = CFrame.new(1.1920928955078125e-07, 1.1920928955078125e-07, -5.762558430433273e-09, 0.8822460770606995, -0.4304054379463196, 0.19076929986476898, 0.43181493878364563, 0.9012309312820435, 0.036314189434051514, -0.18755704164505005, 0.05033904314041138, 0.9809629917144775),
            ["UpperTorso"] = CFrame.new(8.731149137020111e-10, 5.364418029785156e-07, 2.8336216928437352e-08, 0.9992040395736694, -0.03981970623135567, -0.0024020271375775337, 0.039606641978025436, 0.9830636382102966, 0.17893366515636444, -0.004763740114867687, -0.17888635396957397, 0.9838582277297974),
            ["HumanoidRootPart"] = CFrame.new(0, 0, 0, 1, 0, 0, 0, 1, 0, 0, 0, 1),
            ["RightHand"] = CFrame.new(4.470348358154297e-08, 1.1920928955078125e-07, 3.8743019104003906e-07, 0.8062334060668945, 0.019317325204610825, 0.5912781953811646, 0.07547043263912201, 0.9879440069198608, -0.13518394529819489, -0.5867640376091003, 0.1536015272140503, 0.7950568795204163),
            ["LeftUpperArm"] = CFrame.new(0, -1.1920928955078125e-07, -1.0087387636303902e-07, 0.9059751033782959, 0.4232969582080841, 0.005364587996155024, -0.4231080412864685, 0.9058365225791931, -0.020972657948732376, -0.013737128116190434, 0.016730977222323418, 0.9997656345367432),
            ["RightLowerArm"] = CFrame.new(0, 1.1920928955078125e-07, -7.674098014831543e-07, 1, -4.470380332577406e-08, 8.940827456171974e-08, 5.02920798339801e-08, -0.6294135451316833, -0.7770706415176392, 1.5646423889847938e-07, 0.7770706415176392, -0.6294134259223938),
            ["LeftHand"] = CFrame.new(1.0803341865539551e-07, -1.1920928955078125e-07, 3.5762786865234375e-07, 0.7484229207038879, 0.14881013333797455, -0.6463117003440857, -0.4108768403530121, 0.8690025806427002, -0.27570798993110657, 0.5206182599067688, 0.4719005227088928, 0.7115240097045898),
            ["RightUpperLeg"] = CFrame.new(-2.9802322387695312e-08, 2.1792948246002197e-07, -1.0324583854526281e-08, 0.9966661334037781, -0.018326397985219955, -0.07950397580862045, -0.005059561226516962, 0.9586883783340454, -0.28441357612609863, 0.08143183588981628, 0.2838674783706665, 0.9553994536399841),
            ["LeftUpperLeg"] = CFrame.new(0, 4.023313522338867e-07, -2.9511284083127975e-08, 0.9602640271186829, -0.0570242777466774, -0.27320554852485657, -0.057282254099845886, 0.917794942855835, -0.39290085434913635, 0.27315160632133484, 0.39293840527534485, 0.8780590295791626),
            ["RightLowerLeg"] = CFrame.new(-1.0244548320770264e-08, -0.000060617923736572266, -0.0000721348260412924, 1, -1.0058283805847168e-07, -4.5634813261585805e-08, 9.639190068355674e-08, 0.7550381422042847, 0.6556804776191711, -2.5611374354639338e-08, -0.6556808352470398, 0.7550384998321533),
            ["RightFoot"] = CFrame.new(-3.166496753692627e-08, 2.980232238769531e-07, 1.6952981241047382e-09, 0.989737868309021, -0.014748847112059593, 0.1421314775943756, 0.06887304037809372, 0.9207373857498169, -0.3840561807155609, -0.12520132958889008, 0.3899041712284088, 0.9123045206069946),
            ["LeftLowerLeg"] = CFrame.new(-1.5832483768463135e-08, 0.000060558319091796875, 0.00007212255150079727, 1, 7.078051567077637e-08, 6.705523247774181e-08, -8.568168397005138e-08, 0.39810967445373535, 0.9173378348350525, 8.195639367158947e-08, -0.9173378348350525, 0.3981098234653473),
        }},
        {Time = 0.133, Data = {
            ["LeftFoot"] = CFrame.new(1.1175870895385742e-08, 5.960464477539063e-08, 1.862645149230957e-08, 0.9874136447906494, -0.11919523775577545, -0.10395648330450058, 0.08443676680326462, 0.9530628323554993, -0.2907610237598419, 0.133734330534935, 0.27832332253456116, 0.9511315822601318),
            ["LeftLowerArm"] = CFrame.new(2.980232238769531e-07, -5.960464477539062e-07, 2.905726432800293e-07, 1, -1.4901159417490817e-08, 1.1175868053214799e-07, 1.0430816388407038e-07, -0.5145097970962524, -0.8574845790863037, 1.1175875158642157e-07, 0.8574844598770142, -0.5145097970962524),
            ["LowerTorso"] = CFrame.new(0.04742464795708656, -0.10401511192321777, 0.3335567116737366, 0.9998529553413391, 0.01714879646897316, -0.000001923003992487793, -0.01714678481221199, 0.9997373819351196, 0.015206743963062763, 0.00026269987574778497, -0.015204475261271, 0.9998843669891357),
            ["Head"] = CFrame.new(7.2177499532699585e-09, -2.384185791015625e-07, 3.087916411459446e-08, 0.9997074007987976, 0.005845960695296526, -0.02347315475344658, -0.007328937761485577, 0.9979487657546997, -0.06359639763832092, 0.023053238168358803, 0.06374997645616531, 0.9976996183395386),
            ["RightUpperArm"] = CFrame.new(0, -2.384185791015625e-07, 2.2351741790771484e-08, 0.8039610385894775, -0.594681441783905, 0.0008446549763903022, 0.5925264358520508, 0.800925076007843, -0.0862053856253624, 0.050588276237249374, 0.06980627030134201, 0.9962770342826843),
            ["UpperTorso"] = CFrame.new(2.2773747332394123e-09, 1.7881393432617188e-07, 1.1095210084022256e-08, 0.9985014200210571, -0.05373135954141617, 0.01038916502147913, 0.052222996950149536, 0.9922580718994141, 0.11267964541912079, -0.01636316254734993, -0.1119682565331459, 0.9935771226882935),
            ["HumanoidRootPart"] = CFrame.new(0, 0, 0, 1, 0, 0, 0, 1, 0, 0, 0, 1),
            ["RightHand"] = CFrame.new(5.21540641784668e-08, 1.1920928955078125e-07, -8.940696716308594e-08, 0.8908373117446899, 0.08830428868532181, 0.4456576108932495, -0.11630184948444366, 0.9925671815872192, 0.03580532222986221, -0.4391843378543854, -0.08374297618865967, 0.8944872617721558),
            ["LeftUpperArm"] = CFrame.new(0, -2.384185791015625e-07, -4.936009645462036e-08, 0.7617257833480835, 0.628498911857605, 0.15736286342144012, -0.6086788773536682, 0.7774083614349365, -0.158575639128685, -0.221999853849411, 0.02500775270164013, 0.9747259616851807),
            ["RightLowerArm"] = CFrame.new(-8.940696716308594e-08, -3.5762786865234375e-07, -8.493661880493164e-07, 1, -9.499555631009571e-08, 1.5087643134847895e-07, 7.52052855546026e-08, -0.6421661376953125, -0.7665655016899109, 1.5367024275292351e-07, 0.7665655612945557, -0.6421661376953125),
            ["LeftHand"] = CFrame.new(-3.3527612686157227e-08, -2.384185791015625e-07, 1.043081283569336e-07, 0.7978834509849548, 0.1415746659040451, -0.5859512686729431, -0.3557409346103668, 0.8953080177307129, -0.2680894732475281, 0.4866521954536438, 0.42235079407691956, 0.7647150754928589),
            ["RightUpperLeg"] = CFrame.new(-2.9802322387695312e-08, -3.958120942115784e-08, -7.450580596923828e-09, 0.9786000847816467, -0.03383011743426323, -0.20297187566757202, -0.026464112102985382, 0.9575095772743225, -0.2871849834918976, 0.2040630429983139, 0.2864105999469757, 0.9361234903335571),
            ["LeftUpperLeg"] = CFrame.new(0, 1.2014061212539673e-07, -3.135630777251208e-08, 0.98170006275177, -0.03675883263349533, -0.18685245513916016, -0.06404555588960648, 0.8603091835975647, -0.5057333707809448, 0.17934106290340424, 0.5084455609321594, 0.8422114253044128),
            ["RightLowerLeg"] = CFrame.new(-1.3224780559539795e-07, -0.000060617923736572266, -0.00007209012255771086, 1, -9.685754776000977e-08, -3.9115558791991134e-08, 9.126962652317161e-08, 0.752663791179657, 0.6584047675132751, -6.705523247774181e-08, -0.6584050059318542, 0.7526640892028809),
            ["RightFoot"] = CFrame.new(-5.4016709327697754e-08, 2.980232238769531e-07, -5.75528247281909e-09, 0.991378664970398, -0.03633173182606697, 0.1258905678987503, 0.0872623473405838, 0.8997902870178223, -0.42750728130340576, -0.09774301201105118, 0.43480733036994934, 0.8952034115791321),
            ["LeftLowerLeg"] = CFrame.new(0, 0.00006073713302612305, 0.0000721365213394165, 1, 8.195639367158947e-08, 7.450581307466564e-08, -8.009374852235851e-08, 0.3565831780433655, 0.9342635869979858, 5.960465188081798e-08, -0.9342635869979858, 0.35658320784568787),
        }},
        {Time = 0.167, Data = {
            ["LeftFoot"] = CFrame.new(0, -1.1920928955078125e-07, 1.4668330550193787e-08, 0.9986580610275269, -0.05055169388651848, -0.011254874989390373, 0.0457829050719738, 0.9633203744888306, -0.2644200325012207, 0.024208934977650642, 0.26354965567588806, 0.964341938495636),
            ["LeftLowerArm"] = CFrame.new(1.7881393432617188e-07, 0, 2.086162567138672e-07, 1, -5.960464477539063e-08, 1.1920927533992653e-07, 8.754436464641913e-08, -0.4798695743083954, -0.8773398995399475, 1.043081780949251e-07, 0.8773398399353027, -0.479869544506073),
            ["LowerTorso"] = CFrame.new(0.052072204649448395, -0.12196922302246094, 0.305169939994812, 0.9997955560684204, 0.017460355535149574, 0.01019765343517065, -0.01814313232898712, 0.997295618057251, 0.07122112065553665, -0.008926528505980968, -0.07139158248901367, 0.9974084496498108),
            ["Head"] = CFrame.new(-8.847564458847046e-09, -2.384185791015625e-07, -3.2741809263825417e-08, 0.9994683861732483, 0.010784962214529514, -0.03076993115246296, -0.013505558483302593, 0.9958840012550354, -0.08962562680244446, 0.02967670187354088, 0.08999369293451309, 0.9955000877380371),
            ["RightUpperArm"] = CFrame.new(0, 0, 0, 0.5778362154960632, -0.798707127571106, -0.1678461879491806, 0.7343803644180298, 0.5985520482063293, -0.32003262639045715, 0.35607701539993286, 0.06166348233819008, 0.9324198961257935),
            ["UpperTorso"] = CFrame.new(-1.1641532182693481e-09, 4.470348358154297e-07, 6.530899554491043e-08, 0.9978207945823669, -0.0629667118191719, 0.019718538969755173, 0.06230996176600456, 0.9975336194038391, 0.032316289842128754, -0.021704748272895813, -0.031017236411571503, 0.9992832541465759),
            ["HumanoidRootPart"] = CFrame.new(0, 0, 0, 1, 0, 0, 0, 1, 0, 0, 0, 1),
            ["RightHand"] = CFrame.new(3.650784492492676e-07, 1.1920928955078125e-07, 1.341104507446289e-07, 0.9936264753341675, -0.0581502765417099, 0.09656542539596558, 0.005212562624365091, 0.8794499635696411, 0.47595345973968506, -0.11260213702917099, -0.47242602705955505, 0.8741530179977417),
            ["LeftUpperArm"] = CFrame.new(0, -2.384185791015625e-07, -1.0244548320770264e-07, 0.4804079234600067, 0.839116632938385, 0.2551308572292328, -0.7154070734977722, 0.543199360370636, -0.43946242332458496, -0.507347047328949, 0.028598856180906296, 0.8612672090530396),
            ["RightLowerArm"] = CFrame.new(-5.960464477539063e-08, -5.364418029785156e-07, -9.238719940185547e-07, 1, -8.94076279678302e-08, 1.1921106590762065e-07, 3.119971481169159e-08, -0.5913317203521729, -0.8064285516738892, 1.1176017267189309e-07, 0.8064284324645996, -0.5913317203521729),
            ["LeftHand"] = CFrame.new(2.086162567138672e-07, 0, 3.203749656677246e-07, 0.8988485932350159, 0.28249895572662354, -0.3350604772567749, -0.30527326464653015, 0.9521274566650391, -0.016174297779798508, 0.3144512176513672, 0.11682281643152237, 0.9420578479766846),
            ["RightUpperLeg"] = CFrame.new(5.960464477539063e-08, 1.862645149230957e-07, 3.648892743512988e-08, 0.9439402222633362, -0.0045865727588534355, -0.3300846815109253, -0.07431372255086899, 0.9712861180305481, -0.2260105460882187, 0.32164326310157776, 0.23787012696266174, 0.916495144367218),
            ["LeftUpperLeg"] = CFrame.new(-5.960464477539063e-08, 3.548339009284973e-07, -2.60770320892334e-08, 0.999517560005188, -0.017199449241161346, -0.02586359716951847, -0.0034817028790712357, 0.7653981447219849, -0.6435477137565613, 0.030864613130688667, 0.6433272957801819, 0.7649690508842468),
            ["RightLowerLeg"] = CFrame.new(1.4901161193847656e-08, -0.0000603795051574707, -0.00007206032023532316, 1, -1.1548401346317405e-07, -7.450581485102248e-09, 9.220094909778709e-08, 0.7723020315170288, 0.6352552175521851, -3.166497108963995e-08, -0.6352556347846985, 0.7723023295402527),
            ["RightFoot"] = CFrame.new(-2.2351741790771484e-08, 5.364418029785156e-07, -3.55576048605144e-08, 0.9977133870124817, -0.0673539787530899, -0.005615894682705402, 0.054983917623758316, 0.8571733236312866, -0.512084424495697, 0.039304692298173904, 0.5106047987937927, 0.8589168190956116),
            ["LeftLowerLeg"] = CFrame.new(-4.563480615615845e-08, 0.00006079673767089844, 0.0000721663236618042, 1, 8.754434333013705e-08, 7.543713564928112e-08, -9.639190068355674e-08, 0.27461305260658264, 0.9615548849105835, 6.053597445543346e-08, -0.9615549445152283, 0.27461305260658264),
        }},
        {Time = 0.200, Data = {
            ["LeftFoot"] = CFrame.new(-3.725290298461914e-08, 0, 1.1175870895385742e-08, 0.9801022410392761, 0.16228441894054413, 0.1142953559756279, -0.11620479822158813, 0.9359397888183594, -0.33243557810783386, -0.16092267632484436, 0.3125388026237488, 0.936174750328064),
            ["LeftLowerArm"] = CFrame.new(-5.960464477539063e-08, -2.384185791015625e-07, 1.4901161193847656e-07, 1, -3.245077095925808e-09, 1.1175869474300271e-07, 1.043081780949251e-07, -0.21647724509239197, -0.9762876629829407, 1.154840560957382e-07, 0.9762877225875854, -0.21647723019123077),
            ["LowerTorso"] = CFrame.new(0.05359172075986862, -0.14528679847717285, 0.28066688776016235, 0.9990221261978149, 0.009694342501461506, 0.043136946856975555, -0.014807756058871746, 0.9926818609237671, 0.11984803527593613, -0.041659414768218994, -0.12036961317062378, 0.9918546676635742),
            ["Head"] = CFrame.new(-1.3969838619232178e-09, 1.1920928955078125e-07, -1.1641532182693481e-10, 0.9993273019790649, 0.007258346304297447, -0.03595000505447388, -0.012484993785619736, 0.9890022873878479, -0.14737270772457123, 0.03448500111699104, 0.147722527384758, 0.9884275197982788),
            ["RightUpperArm"] = CFrame.new(0, 2.384185791015625e-07, 1.4901161193847656e-08, 0.25850191712379456, -0.9521350860595703, -0.16314293444156647, 0.7484057545661926, 0.3041765093803406, -0.5893773436546326, 0.610791027545929, 0.030258016660809517, 0.7912135124206543),
            ["UpperTorso"] = CFrame.new(-5.587935447692871e-09, 5.066394805908203e-07, 4.0046870708465576e-08, 0.9980968236923218, -0.06125367805361748, 0.007128930650651455, 0.06146567314863205, 0.9975030422210693, -0.034782372415065765, -0.004980579484254122, 0.03515433892607689, 0.9993695020675659),
            ["HumanoidRootPart"] = CFrame.new(0, 0, 0, 1, 0, 0, 0, 1, 0, 0, 0, 1),
            ["RightHand"] = CFrame.new(-3.2782554626464844e-07, 2.384185791015625e-07, 1.4156103134155273e-07, 0.9362910985946655, -0.1823704093694687, -0.30016013979911804, 0.3430663049221039, 0.6580305695533752, 0.6703081727027893, 0.07526421546936035, -0.7305729985237122, 0.6786684989929199),
            ["LeftUpperArm"] = CFrame.new(1.7881393432617188e-07, 1.1920928955078125e-07, -8.195638656616211e-08, 0.15158838033676147, 0.9779967665672302, 0.14332997798919678, -0.6683363318443298, 0.2082480788230896, -0.7141143083572388, -0.7282496094703674, 0.012458927929401398, 0.6851987242698669),
            ["RightLowerArm"] = CFrame.new(-3.5762786865234375e-07, -4.172325134277344e-07, -7.599592208862305e-07, 1, -1.3783676422463031e-07, 1.1921108011847537e-07, 6.519343997979377e-08, -0.27824822068214417, -0.9605093002319336, 1.2107354052659502e-07, 0.9605092406272888, -0.2782481908798218),
            ["LeftHand"] = CFrame.new(2.0937295630574226e-07, -1.1920928955078125e-07, 1.7997808754444122e-07, 0.8849219083786011, 0.4487857222557068, 0.12451731413602829, -0.45736679434776306, 0.7869150042533875, 0.4142236113548279, 0.0879131630063057, -0.42350471019744873, 0.9016176462173462),
            ["RightUpperLeg"] = CFrame.new(0, 2.3283064365386963e-07, 1.5068508218973875e-08, 0.8887640833854675, 0.07767505198717117, -0.4517357647418976, -0.12767702341079712, 0.9884838461875916, -0.08122946321964264, 0.4402239918708801, 0.12986993789672852, 0.8884462118148804),
            ["LeftUpperLeg"] = CFrame.new(-5.960464477539063e-08, 3.2922253012657166e-07, -3.5390257835388184e-08, 0.9714940786361694, 0.006191955879330635, 0.23698341846466064, 0.16015225648880005, 0.7199071049690247, -0.6753408312797546, -0.1747877150774002, 0.6940429210662842, 0.6983936429023743),
            ["RightLowerLeg"] = CFrame.new(2.2351741790771484e-08, -0.000060439109802246094, -0.00007209757313830778, 1, -5.960465898624534e-08, -3.725290742551124e-09, 8.358622238802127e-08, 0.8353097438812256, 0.54977947473526, -6.98492073070156e-08, -0.5497797727584839, 0.8353098630905151),
            ["RightFoot"] = CFrame.new(2.0489096641540527e-08, 2.980232238769531e-07, 7.992639439180493e-08, 0.9789349436759949, -0.0874895453453064, -0.18447750806808472, -0.031152715906500816, 0.8289539217948914, -0.5584485530853271, 0.2017817497253418, 0.5524319410324097, 0.8087666034698486),
            ["LeftLowerLeg"] = CFrame.new(-2.9802322387695312e-08, 0.000060677528381347656, 0.00007209181785583496, 1, 8.195640788244418e-08, 6.705523958316917e-08, -1.0803343286625022e-07, 0.30231666564941406, 0.9532076120376587, 3.725290653733282e-08, -0.9532075524330139, 0.3023166358470917),
        }},
        {Time = 0.233, Data = {
            ["LeftFoot"] = CFrame.new(-4.470348358154297e-08, 5.960464477539063e-08, -2.421438694000244e-08, 0.966941237449646, 0.22097578644752502, 0.12725774943828583, -0.15271425247192383, 0.9014759659767151, -0.4049933850765228, -0.20421352982521057, 0.37217041850090027, 0.9054203629493713),
            ["LeftLowerArm"] = CFrame.new(2.384185791015625e-07, -1.1920928955078125e-07, 1.471489667892456e-07, 1, -6.705523247774181e-08, 4.470348358154297e-08, 1.0058287358560847e-07, 0.451132208108902, -0.8924570679664612, 6.833581522869281e-08, 0.8924571871757507, 0.45113226771354675),
            ["LowerTorso"] = CFrame.new(0.052072204649448395, -0.16524696350097656, 0.2660144865512848, 0.9971291422843933, -0.005685912445187569, 0.07550598680973053, -0.006004793103784323, 0.9880982637405396, 0.15370693802833557, -0.07548129558563232, -0.15371906757354736, 0.9852274060249329),
            ["Head"] = CFrame.new(3.259629011154175e-09, 0, -4.6333298087120056e-08, 0.9988523125648499, -0.010078193619847298, -0.04682473465800285, -0.0019068513065576553, 0.9684702157974243, -0.24912218749523163, 0.04785912111401558, 0.24892564117908478, 0.9673394560813904),
            ["RightUpperArm"] = CFrame.new(-5.960464477539063e-08, 1.1920928955078125e-07, -3.91155481338501e-08, -0.05324250087141991, -0.9984658360481262, -0.01521242130547762, 0.6830417513847351, -0.025301462039351463, -0.7299409508705139, 0.7284362316131592, -0.04925472289323807, 0.683340847492218),
            ["UpperTorso"] = CFrame.new(2.7939677238464355e-09, 2.086162567138672e-07, -5.122274160385132e-09, 0.9988137483596802, -0.047062866389751434, -0.012502702884376049, 0.04610838741064072, 0.9966198801994324, -0.06799235194921494, 0.015660354867577553, 0.06733515858650208, 0.9976075887680054),
            ["HumanoidRootPart"] = CFrame.new(0, 0, 0, 1, 0, 0, 0, 1, 0, 0, 0, 1),
            ["RightHand"] = CFrame.new(-1.2665987014770508e-07, -1.7881393432617188e-07, 6.705522537231445e-08, 0.7598848342895508, -0.1808781921863556, -0.6243807673454285, 0.601068913936615, 0.5613069534301758, 0.5689079761505127, 0.24757087230682373, -0.8075999021530151, 0.5352497696876526),
            ["LeftUpperArm"] = CFrame.new(1.1920928955078125e-07, 0, -1.043081283569336e-07, -0.10856840014457703, 0.9902913570404053, -0.08681042492389679, -0.567225992679596, -0.13342759013175964, -0.812682032585144, -0.816374659538269, -0.038990262895822525, 0.5762048363685608),
            ["RightLowerArm"] = CFrame.new(4.172325134277344e-07, -2.980232238769531e-07, -0.0000012665987014770508, 1, -1.0896552282702032e-07, 3.7253450102525676e-08, 8.847680277312975e-08, 0.3717057704925537, -0.928350567817688, 1.2573019603223656e-07, 0.928350567817688, 0.3717057704925537),
            ["LeftHand"] = CFrame.new(4.470348358154297e-08, -2.384185791015625e-07, 6.705522537231445e-08, 0.7284939289093018, 0.4230957627296448, 0.5387829542160034, -0.6751524806022644, 0.5766462087631226, 0.4600525498390198, -0.11604175716638565, -0.6989057660102844, 0.7057370543479919),
            ["RightUpperLeg"] = CFrame.new(0, 1.3527460396289825e-07, -2.032174961641431e-08, 0.852257251739502, 0.11036593466997147, -0.511348307132721, -0.1296011507511139, 0.9915642142295837, -0.0019921392668038607, 0.50681471824646, 0.06796896457672119, 0.8593712449073792),
            ["LeftUpperLeg"] = CFrame.new(-5.960464477539063e-08, 2.8940849006175995e-07, -4.470348358154297e-08, 0.8984637260437012, -0.05049089342355728, 0.4361351430416107, 0.28281936049461365, 0.8263695240020752, -0.4869564175605774, -0.33582189679145813, 0.5608600974082947, 0.7567428350448608),
            ["RightLowerLeg"] = CFrame.new(-3.725290298461914e-08, -0.000060498714447021484, -0.00007206032023532316, 1, -7.823111758398227e-08, -8.195640788244418e-08, 7.823110337312755e-08, 0.8374295830726624, 0.546545147895813, -2.7939681679356454e-09, -0.5465453267097473, 0.8374296426773071),
            ["RightFoot"] = CFrame.new(2.0489096641540527e-08, 2.980232238769531e-07, -9.480572771281004e-09, 0.9681499004364014, -0.04527128487825394, -0.2462443709373474, -0.09649008512496948, 0.8400793075561523, -0.5338128209114075, 0.23103107511997223, 0.5405712723731995, 0.808954656124115),
            ["LeftLowerLeg"] = CFrame.new(-4.842877388000488e-08, 0.0000603795051574707, 0.00007211044430732727, 1, 5.960465188081798e-08, 6.705523247774181e-08, -6.05359673500061e-08, 0.6381993889808655, 0.7698711156845093, 6.705522537231445e-08, -0.7698711156845093, 0.6381994485855103),
        }},
        {Time = 0.267, Data = {
            ["LeftFoot"] = CFrame.new(-2.9802322387695312e-08, -5.960464477539063e-08, 1.1175870895385742e-08, 0.9680371284484863, 0.2214517891407013, 0.11774253845214844, -0.14693737030029297, 0.8812063336372375, -0.4493160843849182, -0.2032574862241745, 0.4176538586616516, 0.8855799436569214),
            ["LeftLowerArm"] = CFrame.new(-2.9802322387695312e-08, -1.1920928955078125e-07, -2.980232238769531e-07, 1, -3.72529100900465e-08, 4.4703490686970326e-08, 3.7252924300901213e-08, 0.9324895739555359, -0.3611968755722046, 5.960468030252741e-08, 0.36119696497917175, 0.9324896335601807),
            ["LowerTorso"] = CFrame.new(0.045288413763046265, -0.1506505012512207, 0.25683465600013733, 0.9956890344619751, -0.029276324436068535, 0.08801251649856567, 0.015218609012663364, 0.9875860810279846, 0.15634006261825562, -0.09149699658155441, -0.1543266624212265, 0.9837741255760193),
            ["Head"] = CFrame.new(1.6298145055770874e-09, -3.5762786865234375e-07, -6.100162863731384e-08, 0.998600423336029, -0.03214363381266594, -0.04200180247426033, 0.016466815024614334, 0.9436140060424805, -0.3306378126144409, 0.050261445343494415, 0.3294835686683655, 0.9428226351737976),
            ["RightUpperArm"] = CFrame.new(0, -2.384185791015625e-07, -4.941830411553383e-08, -0.3016451895236969, -0.9400711059570312, 0.15898579359054565, 0.5502361059188843, -0.3078281283378601, -0.7761971950531006, 0.7786208391189575, -0.14665645360946655, 0.6101159453392029),
            ["UpperTorso"] = CFrame.new(5.587935447692871e-09, 4.470348358154297e-07, 4.516914486885071e-08, 0.9995437264442444, -0.010182967409491539, -0.028437655419111252, 0.008506553247570992, 0.9982534646987915, -0.05846163630485535, 0.02898329123854637, 0.058192990720272064, 0.9978846311569214),
            ["HumanoidRootPart"] = CFrame.new(0, 0, 0, 1, 0, 0, 0, 1, 0, 0, 0, 1),
            ["RightHand"] = CFrame.new(1.6391277313232422e-07, -1.1920928955078125e-07, 1.4901161193847656e-08, 0.6826943755149841, -0.030198458582162857, -0.7300718426704407, 0.5408369898796082, 0.6927319169044495, 0.47708576917648315, 0.49134883284568787, -0.7205626964569092, 0.4892691373825073),
            ["LeftUpperArm"] = CFrame.new(5.960464477539063e-08, -4.76837158203125e-07, -9.313225746154785e-08, -0.2807486355304718, 0.9214707016944885, -0.2684623599052429, -0.4298611581325531, -0.37081050872802734, -0.823236882686615, -0.858137309551239, -0.11572104692459106, 0.5002090334892273),
            ["RightLowerArm"] = CFrame.new(-4.76837158203125e-07, -4.76837158203125e-07, -9.834766387939453e-07, 1, -1.490126955161486e-08, 0, 5.960544058325468e-08, 0.8748250007629395, -0.4844391345977783, -4.8429420473894425e-08, 0.48443910479545593, 0.8748250007629395),
            ["LeftHand"] = CFrame.new(1.4901161193847656e-07, -2.980232238769531e-07, 4.172325134277344e-07, 0.7457770705223083, 0.2450990080833435, 0.6194706559181213, -0.5695313811302185, 0.7169687747955322, 0.4019818603992462, -0.3456161916255951, -0.6525967121124268, 0.674289882183075),
            ["RightUpperLeg"] = CFrame.new(0, 7.82310962677002e-08, 2.029992174357176e-09, 0.860427737236023, 0.052955470979213715, -0.5068134069442749, -0.10778260231018066, 0.9909957051277161, -0.07943857461214066, 0.4980432987213135, 0.12297668308019638, 0.85838782787323),
            ["LeftUpperLeg"] = CFrame.new(0, 2.8312206268310547e-07, -1.1175870895385742e-08, 0.925993025302887, -0.08033223450183868, 0.36889520287513733, 0.2528962194919586, 0.857473611831665, -0.4480876922607422, -0.28032201528549194, 0.5082182288169861, 0.8143302798271179),
