return {
    ["Gwen-Step"] = {
        {Time = 0.000, Data = {
            ["RightFoot"] = CFrame.new(2.551823854446411e-07, -1.7881393432617188e-07, -5.045876605436206e-08, 0.7821720242500305, 0.6012169122695923, 0.16353893280029297, -0.5785878896713257, 0.7982611656188965, -0.1673787236213684, -0.2311776876449585, 0.03629711642861366, 0.9722342491149902),
            ["LeftLowerArm"] = CFrame.new(0.0000011920928955078125, 0, 0.000005036592483520508, 1, 1.266598985694145e-07, 2.980232594040899e-08, -1.6391277313232422e-07, 0.8279029726982117, -0.5608715415000916, -1.2665987014770508e-07, 0.5608714818954468, 0.8279029726982117),
            ["RightUpperArm"] = CFrame.new(-0.04060852527618408, 0.024918437004089355, -0.02579522132873535, 0.3380909860134125, -0.7839515805244446, -0.5206866264343262, 0.9077644348144531, 0.41762956976890564, -0.039360299706459045, 0.24831074476242065, -0.45935335755348206, 0.8528401255607605),
            ["Head"] = CFrame.new(0, -8.344650268554688e-07, 0, 0.90619295835495, 0.25432780385017395, -0.3378342092037201, -0.17405278980731964, 0.9524368047714233, 0.25013959407806396, 0.38538309931755066, -0.16787376999855042, 0.9073578715324402),
            ["RightHand"] = CFrame.new(3.8743019104003906e-07, 0.0000011920928955078125, -0.0000010207295417785645, 0.9913808107376099, 0.06821870058774948, 0.1118495911359787, -0.05187498405575752, 0.9883594512939453, -0.143019437789917, -0.12030439078807831, 0.1359846442937851, 0.9833794236183167),
            ["UpperTorso"] = CFrame.new(-3.725290298461914e-09, -1.1920928955078125e-07, -5.587935447692871e-09, 0.9925358295440674, 0.09183719754219055, 0.08024100959300995, -0.1069938987493515, 0.9714890718460083, 0.21156872808933258, -0.058523379266262054, -0.2185748666524887, 0.9740636944770813),
            ["HumanoidRootPart"] = CFrame.new(0, 0, 0, 1, 0, 0, 0, 1, 0, 0, 0, 1),
            ["RightUpperLeg"] = CFrame.new(-2.9802322387695312e-08, -2.3422762751579285e-07, -1.6952981241047382e-09, 0.9068287014961243, -0.36290326714515686, 0.21438954770565033, 0.42008474469184875, 0.8197788000106812, -0.3892192542552948, -0.0345030315220356, 0.4430169463157654, 0.8958490490913391),
            ["LeftUpperArm"] = CFrame.new(0.02053624391555786, 0.0074880123138427734, -0.026561632752418518, 0.18538911640644073, 0.9471900463104248, -0.2616523504257202, -0.9404827356338501, 0.24820208549499512, 0.2321377396583557, 0.28482112288475037, 0.20304372906684875, 0.9368298649787903),
            ["RightLowerArm"] = CFrame.new(6.556510925292969e-07, 7.152557373046875e-07, -0.0000037997961044311523, 1, -0.000008232889740611427, 0.000017691405446385033, 0.0000189952552318573, 0.20771245658397675, -0.978190004825592, 0.000004362314939498901, 0.978190004825592, 0.20771244168281555),
            ["LeftHand"] = CFrame.new(-0.0000012737000361084938, -0.0000013113021850585938, -4.6798959374427795e-08, 0.8937553763389587, 0.3035372495651245, -0.33025166392326355, -0.3481599688529968, 0.9336563348770142, -0.08408758789300919, 0.28281813859939575, 0.1901342272758484, 0.9401400089263916),
            ["LeftFoot"] = CFrame.new(2.2351741790771484e-08, -1.1920928955078125e-07, 2.2351741790771484e-08, 0.982771098613739, -0.18238140642642975, -0.029969176277518272, 0.1620693802833557, 0.9283063411712646, -0.33463552594184875, 0.08885198086500168, 0.32401296496391296, 0.9418709874153137),
            ["LowerTorso"] = CFrame.new(-0.0503973551094532, -0.35949504375457764, 0.07629702240228653, 0.9280083775520325, -0.06482025980949402, 0.36687710881233215, 0.0756332278251648, 0.9970205426216125, -0.015158084221184254, -0.36480143666267395, 0.04181492701172829, 0.9301459193229675),
            ["RightLowerLeg"] = CFrame.new(-5.960464477539063e-08, -0.0007262825965881348, 0.000046031382225919515, 1, 1.192093321833454e-07, 2.980232949312267e-08, -7.450579175838357e-08, 0.0518365241587162, 0.9986556768417358, 1.4901158351676713e-07, -0.9986556172370911, 0.051836539059877396),
            ["LeftUpperLeg"] = CFrame.new(-5.960464477539063e-08, -3.7066638469696045e-07, 2.0489096641540527e-08, 0.9614608287811279, 0.232271209359169, -0.1471162587404251, -0.2623562216758728, 0.6150219440460205, -0.7435840964317322, -0.08223353326320648, 0.7535238862037659, 0.6522572636604309),
            ["LeftLowerLeg"] = CFrame.new(4.470348358154297e-08, -0.0007264018058776855, 0.00008097290992736816, 1, 1.527369164477932e-07, 8.940696716308594e-08, -6.705523247774181e-08, 0.3088642358779907, 0.9511061310768127, 5.960465188081798e-08, -0.9511061310768127, 0.30886420607566833),
        }},
        {Time = 0.033, Data = {
            ["RightFoot"] = CFrame.new(1.564621925354004e-07, 0, -1.6931153368204832e-08, 0.7968644499778748, 0.6029030680656433, 0.03891509026288986, -0.573065996170044, 0.7746830582618713, -0.2673241198062897, -0.1913173645734787, 0.1907200813293457, 0.9628206491470337),
            ["LeftLowerArm"] = CFrame.new(0.0000014603137969970703, -2.980232238769531e-07, 0.000004820525646209717, 1, 1.434236907016384e-07, -2.421439226907296e-08, -9.033830394855613e-08, 0.5970385670661926, -0.802212655544281, -9.126962652317161e-08, 0.8022125959396362, 0.5970384478569031),
            ["RightUpperArm"] = CFrame.new(-0.0288543701171875, 0.032283663749694824, -0.03116437792778015, 0.5871819257736206, -0.6989385485649109, -0.4082918167114258, 0.7715482711791992, 0.330720454454422, 0.5434497594833374, -0.24480727314949036, -0.6341204643249512, 0.7334577441215515),
            ["Head"] = CFrame.new(0, -5.960464477539062e-07, 5.21540641784668e-08, 0.9557964205741882, 0.16294531524181366, -0.2447490096092224, -0.10449609160423279, 0.9663011431694031, 0.23525045812129974, 0.27483412623405457, -0.1992761194705963, 0.9406142234802246),
            ["RightHand"] = CFrame.new(5.662441253662109e-07, 8.344650268554688e-07, -7.972121238708496e-07, 0.9971085786819458, 0.008999280631542206, 0.07545613497495651, 0.0027338890358805656, 0.988071858882904, -0.1539691984653473, -0.07594170421361923, 0.1537303626537323, 0.9851903319358826),
            ["UpperTorso"] = CFrame.new(-7.450580596923828e-09, -3.5762786865234375e-07, -3.725290298461914e-09, 0.9815669655799866, 0.0271607656031847, 0.18917913734912872, -0.06972062587738037, 0.9725227952003479, 0.22212274372577667, -0.17794813215732574, -0.23121801018714905, 0.9564898610115051),
            ["HumanoidRootPart"] = CFrame.new(0, 0, 0, 1, 0, 0, 0, 1, 0, 0, 0, 1),
            ["RightUpperLeg"] = CFrame.new(0, -2.859160304069519e-07, 7.617927622050047e-09, 0.9018329977989197, -0.39541375637054443, 0.174198716878891, 0.43081411719322205, 0.8537625670433044, -0.29238420724868774, -0.033111635595560074, 0.33872899413108826, 0.9403011798858643),
            ["LeftUpperArm"] = CFrame.new(0.032587409019470215, 0.0030993223190307617, -0.03203415870666504, 0.23518106341362, 0.9058110117912292, -0.35241496562957764, -0.9658191800117493, 0.1771283596754074, -0.1892589032649994, -0.10901005566120148, 0.38487911224365234, 0.9165069460868835),
            ["RightLowerArm"] = CFrame.new(3.5762786865234375e-07, 7.152557373046875e-07, -0.000004014000296592712, 1, -0.000009812415555643383, 0.000016777781638666056, 0.00001901388168334961, 0.3025067150592804, -0.953147292137146, 0.000004342291504144669, 0.953147292137146, 0.30250680446624756),
            ["LeftHand"] = CFrame.new(-0.000002003624103963375, -0.0000011324882507324219, 2.0302832126617432e-07, 0.8819393515586853, 0.31298160552978516, -0.35245564579963684, -0.40409231185913086, 0.886995255947113, -0.22349287569522858, 0.24267743527889252, 0.33953213691711426, 0.9087496995925903),
            ["LeftFoot"] = CFrame.new(1.4901161193847656e-08, -1.7881393432617188e-07, 7.450580596923828e-09, 0.9801419377326965, -0.194355309009552, -0.03934410214424133, 0.1734345406293869, 0.9363976120948792, -0.3050905764102936, 0.09613745659589767, 0.2922082841396332, 0.9515102505683899),
            ["LowerTorso"] = CFrame.new(-0.027435455471277237, -0.3808887004852295, 0.07076380401849747, 0.91266268491745, -0.030871430411934853, 0.40754610300064087, 0.04017768055200577, 0.9990903735160828, -0.014293653890490532, -0.40673407912254333, 0.029419541358947754, 0.9130727648735046),
            ["RightLowerLeg"] = CFrame.new(-4.470348358154297e-08, -0.000726163387298584, 0.0000461207891930826, 1, 1.3411050758804777e-07, 8.940699558479537e-08, -7.450581307466564e-08, 0.18674816191196442, 0.9824078679084778, 1.6391278734317893e-07, -0.982407808303833, 0.1867481917142868),
            ["LeftUpperLeg"] = CFrame.new(2.9802322387695312e-08, -2.7567148208618164e-07, -2.60770320892334e-08, 0.9694626927375793, 0.1872090846300125, -0.15841418504714966, -0.24090710282325745, 0.6061099767684937, -0.7580201625823975, -0.04589168354868889, 0.7730352878570557, 0.6327009797096252),
            ["LeftLowerLeg"] = CFrame.new(2.2351741790771484e-08, -0.0007265806198120117, 0.00008093565702438354, 1, 1.0337681999317283e-07, 8.195636524988004e-08, -8.940696716308594e-08, 0.31146368384361267, 0.9502581357955933, 1.4156103134155273e-07, -0.9502581357955933, 0.3114634156227112),
        }},
        {Time = 0.067, Data = {
            ["RightFoot"] = CFrame.new(-5.960464477539063e-08, 5.960464477539063e-08, 7.620110409334302e-08, 0.839605987071991, 0.5180135369300842, -0.16347351670265198, -0.5285627245903015, 0.7097297310829163, -0.4657311737537384, -0.12523305416107178, 0.4774366617202759, 0.8696959018707275),
            ["LeftLowerArm"] = CFrame.new(0.0000011920928955078125, -4.76837158203125e-07, 0.00000476837158203125, 1, 6.705522537231445e-08, -1.4901162970204496e-08, -6.705522537231445e-08, 0.3374288082122803, -0.9413511157035828, -8.195638656616211e-08, 0.941351056098938, 0.3374287784099579),
            ["RightUpperArm"] = CFrame.new(-0.01654207706451416, 0.03564643859863281, -0.03791546821594238, 0.7499053478240967, -0.6312302350997925, -0.19796566665172577, 0.44146108627319336, 0.254622220993042, 0.8603951930999756, -0.49270081520080566, -0.73260897397995, 0.4696058928966522),
            ["Head"] = CFrame.new(-4.470348358154297e-08, -7.152557373046875e-07, -1.043081283569336e-07, 0.9962664246559143, 0.028760626912117004, -0.08140042424201965, -0.00988052412867546, 0.9746666550636292, 0.22344428300857544, 0.0857648029923439, -0.22180567681789398, 0.9713118076324463),
            ["RightHand"] = CFrame.new(6.258487701416016e-07, 0.000001430511474609375, -8.046627044677734e-07, 0.9984180331230164, -0.04786977916955948, 0.02949456125497818, 0.052293796092271805, 0.9833067059516907, -0.1742793470621109, -0.020659519359469414, 0.17554616928100586, 0.9842545390129089),
            ["UpperTorso"] = CFrame.new(-1.862645149230957e-09, -1.1920928955078125e-07, 1.6298145055770874e-09, 0.9590719938278198, -0.03794098645448685, 0.2806086838245392, -0.03127434477210045, 0.9707267880439758, 0.23814180493354797, -0.28142985701560974, -0.2371710240840912, 0.9298103451728821),
            ["HumanoidRootPart"] = CFrame.new(0, 0, 0, 1, 0, 0, 0, 1, 0, 0, 0, 1),
            ["RightUpperLeg"] = CFrame.new(2.9802322387695312e-08, -9.93022695183754e-08, 3.183231456205249e-08, 0.9163030385971069, -0.3933536112308502, 0.07524357736110687, 0.4004792869091034, 0.9010164737701416, -0.16669036448001862, -0.0022274935618042946, 0.18287238478660583, 0.9831342101097107),
            ["LeftUpperArm"] = CFrame.new(0.04512244462966919, 0.0001188516616821289, -0.03833487629890442, 0.42386141419410706, 0.8463818430900574, -0.3224579393863678, -0.7790632843971252, 0.15911293029785156, -0.6064188480377197, -0.46195441484451294, 0.508252739906311, 0.7268267273902893),
            ["RightLowerArm"] = CFrame.new(4.172325134277344e-07, 4.172325134277344e-07, -0.000004231929779052734, 1, -0.000011246650501561817, 0.000015944244296406396, 0.000018982216715812683, 0.3790206015110016, -0.9253882765769958, 0.000004340894520282745, 0.9253882765769958, 0.379020631313324),
            ["LeftHand"] = CFrame.new(-9.685754776000977e-07, -9.5367431640625e-07, 3.427267074584961e-07, 0.8636842370033264, 0.34564104676246643, -0.36685311794281006, -0.47197529673576355, 0.8100307583808899, -0.34797966480255127, 0.17688634991645813, 0.4736902713775635, 0.8627450466156006),
            ["LeftFoot"] = CFrame.new(-3.725290298461914e-08, -1.1920928955078125e-07, 7.450580596923828e-09, 0.9757339358329773, -0.2120559960603714, -0.05454973131418228, 0.1896313577890396, 0.9429478645324707, -0.27365943789482117, 0.10946867614984512, 0.25667423009872437, 0.9602785706520081),
            ["LowerTorso"] = CFrame.new(0.00645330548286438, -0.3998960256576538, 0.06486442685127258, 0.8995425701141357, -0.002285373630002141, 0.43682724237442017, 0.009046487510204315, 0.9998693466186523, -0.013398039154708385, -0.4367394745349884, 0.01600385084748268, 0.8994457721710205),
            ["RightLowerLeg"] = CFrame.new(0, -0.0007264614105224609, 0.00004610588803188875, 1, 1.192093321833454e-07, 1.1548402767402877e-07, -4.470347292340193e-08, 0.369406521320343, 0.9292678833007812, 1.2665984172599565e-07, -0.929267942905426, 0.3694065809249878),
            ["LeftUpperLeg"] = CFrame.new(0, -8.667120710015297e-08, -5.587935447692871e-09, 0.9728530049324036, 0.1621537059545517, -0.16511589288711548, -0.22990243136882782, 0.5954893827438354, -0.7697643637657166, -0.026495549827814102, 0.7868282794952393, 0.6166032552719116),
            ["LeftLowerLeg"] = CFrame.new(3.725290298461914e-08, -0.0007265210151672363, 0.00008095800876617432, 1, 5.215407838932151e-08, 1.341104507446289e-07, -5.960465188081798e-08, 0.3205079734325409, 0.9472459554672241, 4.4703490686970326e-08, -0.9472458958625793, 0.3205077648162842),
        }},
        {Time = 0.100, Data = {
            ["RightFoot"] = CFrame.new(1.4901161193847656e-08, -1.7881393432617188e-07, -2.996966941282153e-08, 0.8747350573539734, 0.42208030819892883, -0.2380896359682083, -0.48278942704200745, 0.7165841460227966, -0.5034099221229553, -0.04186803102493286, 0.5552975535392761, 0.8305973410606384),
            ["LeftLowerArm"] = CFrame.new(0.0000019073486328125, -4.76837158203125e-07, 0.000004827976226806641, 1, 4.284084198502569e-08, -4.4703494239684005e-08, -7.823110337312755e-08, 0.2038840353488922, -0.978995144367218, -6.519258732851085e-08, 0.978995144367218, 0.2038840800523758),
            ["RightUpperArm"] = CFrame.new(-0.007253170013427734, 0.037633419036865234, -0.04334196448326111, 0.8054022789001465, -0.5924651026725769, -0.017667502164840698, 0.17659331858158112, 0.2113957703113556, 0.9613151550292969, -0.5658108592033386, -0.7773654460906982, 0.27488380670547485),
            ["Head"] = CFrame.new(2.421438694000244e-08, -8.344650268554688e-07, -7.450580596923828e-08, 0.9918307065963745, -0.09658937156200409, 0.0833202451467514, 0.07643307000398636, 0.9729418754577637, 0.21804191172122955, -0.1021265909075737, -0.20989225804805756, 0.97237628698349),
            ["RightHand"] = CFrame.new(2.7567148208618164e-07, 0.0000010132789611816406, -8.493661880493164e-07, 0.9970238208770752, -0.07686876505613327, -0.005888252519071102, 0.07426767796278, 0.9781573414802551, -0.19414600729942322, 0.020683450624346733, 0.19313092529773712, 0.9809550046920776),
            ["UpperTorso"] = CFrame.new(-4.6566128730773926e-09, 8.940696716308594e-08, -1.862645149230957e-08, 0.9358170628547668, -0.08153463155031204, 0.3429267406463623, -0.00802222453057766, 0.9677009582519531, 0.2519735097885132, -0.35239478945732117, -0.238552063703537, 0.9049368500709534),
            ["HumanoidRootPart"] = CFrame.new(0, 0, 0, 1, 0, 0, 0, 1, 0, 0, 0, 1),
            ["RightUpperLeg"] = CFrame.new(5.960464477539063e-08, 1.4563556760549545e-07, 3.3694959711283445e-08, 0.9346177577972412, -0.3534800112247467, 0.03926212713122368, 0.3555120825767517, 0.9254187941551208, -0.13119201362133026, 0.01003976445645094, 0.13657234609127045, 0.9905792474746704),
            ["LeftUpperArm"] = CFrame.new(0.05466121435165405, -0.0038793087005615234, -0.04326176643371582, 0.6419550776481628, 0.7630212306976318, -0.07544825971126556, -0.2884368598461151, 0.14914895594120026, -0.9458112716674805, -0.7104209065437317, 0.6289303302764893, 0.31583020091056824),
            ["RightLowerArm"] = CFrame.new(3.2782554626464844e-07, 2.384185791015625e-07, -0.000003891065716743469, 1, -0.000012204982340335846, 0.00001517217606306076, 0.00001899496237456333, 0.43791550397872925, -0.8990161418914795, 0.0000043390314203861635, 0.8990161418914795, 0.437915563583374),
            ["LeftHand"] = CFrame.new(-0.0000013783574104309082, -8.940696716308594e-07, 1.3597309589385986e-07, 0.8284186124801636, 0.41873741149902344, -0.37199610471725464, -0.5494418144226074, 0.7365345358848572, -0.39450109004974365, 0.10879570245742798, 0.5312023758888245, 0.8402307629585266),
            ["LeftFoot"] = CFrame.new(-5.21540641784668e-08, -1.7881393432617188e-07, 0, 0.9686608910560608, -0.23603397607803345, -0.0773581713438034, 0.21189440786838531, 0.9477514028549194, -0.23847030103206635, 0.12960337102413177, 0.21460486948490143, 0.9680639505386353),
            ["LowerTorso"] = CFrame.new(0.05476757884025574, -0.41656315326690674, 0.0603691041469574, 0.8881382346153259, 0.01197145413607359, 0.45942044258117676, -0.006758594885468483, 0.9998928308486938, -0.012989414855837822, -0.4595267176628113, 0.008431358262896538, 0.8881239891052246),
            ["RightLowerLeg"] = CFrame.new(-2.9802322387695312e-08, -0.0007262229919433594, 0.00004604628338711336, 1, 1.3411046495548362e-07, -1.3969842171945857e-08, -8.940696716308594e-08, 0.4146069288253784, 0.9100005626678467, 1.1920928955078125e-07, -0.9100006818771362, 0.4146071970462799),
            ["LeftUpperLeg"] = CFrame.new(0, 1.5762634575366974e-07, -5.4016709327697754e-08, 0.9702834486961365, 0.1607084423303604, -0.1808951050043106, -0.24106453359127045, 0.5773441195487976, -0.7801038026809692, -0.020930493250489235, 0.8005290031433105, 0.5989282131195068),
            ["LeftLowerLeg"] = CFrame.new(-3.725290298461914e-08, -0.0007263422012329102, 0.00008090585470199585, 1, 7.823110337312755e-08, 2.2351745343485163e-08, -1.49011640360186e-07, 0.33123958110809326, 0.9435467720031738, 5.215407838932151e-08, -0.9435467720031738, 0.33123961091041565),
        }},
        {Time = 0.133, Data = {
            ["RightFoot"] = CFrame.new(2.0116567611694336e-07, -1.1920928955078125e-07, -1.6931153368204832e-08, 0.87830650806427, 0.33695581555366516, -0.339173823595047, -0.4779872000217438, 0.6341609954833984, -0.6077563762664795, 0.010303597897291183, 0.6959170699119568, 0.7180483341217041),
            ["LeftLowerArm"] = CFrame.new(0.0000012516975402832031, -1.1920928955078125e-07, 0.0000050514936447143555, 1, 4.4703490686970326e-08, -5.96046660916727e-08, -8.568168397005138e-08, 0.10847483575344086, -0.9940992593765259, -4.0978196835794733e-08, 0.9940991997718811, 0.10847488790750504),
            ["RightUpperArm"] = CFrame.new(-0.0009319782257080078, 0.04127180576324463, -0.05046030879020691, 0.8209207653999329, -0.5679374933242798, 0.059467919170856476, 0.07125227898359299, 0.20519958436489105, 0.9761231541633606, -0.5665793418884277, -0.7970823645591736, 0.2089194506406784),
            ["Head"] = CFrame.new(-2.421438694000244e-08, -8.344650268554688e-07, 6.705522537231445e-08, 0.9520634412765503, -0.20107857882976532, 0.2305278331041336, 0.1486295610666275, 0.962739884853363, 0.22592294216156006, -0.2673661708831787, -0.18082988262176514, 0.9464753866195679),
            ["RightHand"] = CFrame.new(1.6391277313232422e-07, 8.344650268554688e-07, -8.195638656616211e-07, 0.9974111318588257, -0.06649813801050186, -0.027368221431970596, 0.05940345302224159, 0.9764181971549988, -0.20755410194396973, 0.04052484408020973, 0.2053910195827484, 0.9778406620025635),
            ["UpperTorso"] = CFrame.new(-7.450580596923828e-09, -1.7881393432617188e-07, 3.725290298461914e-09, 0.9180806875228882, -0.09985928237438202, 0.3836088180541992, -0.002827060641720891, 0.9660740494728088, 0.25824975967407227, -0.39638373255729675, -0.23817862570285797, 0.8866517543792725),
            ["HumanoidRootPart"] = CFrame.new(0, 0, 0, 1, 0, 0, 0, 1, 0, 0, 0, 1),
            ["RightUpperLeg"] = CFrame.new(2.9802322387695312e-08, -3.08966264128685e-07, -9.145878721028566e-09, 0.9542832374572754, -0.2980268895626068, 0.022880468517541885, 0.298856258392334, 0.9499634504318237, -0.09085453301668167, 0.0053414953872561455, 0.09353875368833542, 0.9956012964248657),
            ["LeftUpperArm"] = CFrame.new(0.06154227256774902, -0.011226058006286621, -0.04983246326446533, 0.6491090655326843, 0.7540915608406067, 0.10001678019762039, -0.020748930051922798, 0.1489831656217575, -0.9886220693588257, -0.760412335395813, 0.6396483182907104, 0.11235293000936508),
            ["RightLowerArm"] = CFrame.new(2.086162567138672e-07, 4.76837158203125e-07, -0.0000036265701055526733, 1, -0.000012878328561782837, 0.000014601277143810876, 0.000018980586901307106, 0.4777441918849945, -0.8784990310668945, 0.000004334957338869572, 0.8784990906715393, 0.47774428129196167),
            ["LeftHand"] = CFrame.new(-0.000001341104507446289, -0.0000010132789611816406, 2.384185791015625e-07, 0.7943370342254639, 0.5164857506752014, -0.3197975158691406, -0.6070852875709534, 0.6938327550888062, -0.387355238199234, 0.021822484210133553, 0.5018352270126343, 0.8646881580352783),
            ["LeftFoot"] = CFrame.new(3.725290298461914e-09, -2.384185791015625e-07, 0, 0.9594957828521729, -0.2631825804710388, -0.10051371902227402, 0.2397007942199707, 0.9501108527183533, -0.19958175718784332, 0.14802564680576324, 0.1674046516418457, 0.9747123122215271),
            ["LowerTorso"] = CFrame.new(0.11115242540836334, -0.42971670627593994, 0.05832187086343765, 0.8792331218719482, 0.017336538061499596, 0.4760764241218567, -0.00991785153746605, 0.9997872114181519, -0.01809110678732395, -0.47628873586654663, 0.011184640228748322, 0.8792178630828857),
            ["RightLowerLeg"] = CFrame.new(0, -0.0007263422012329102, 0.000046009030484128743, 1, 1.192093321833454e-07, 2.235175244891252e-08, -5.2154071283894154e-08, 0.45314639806747437, 0.891435980796814, 1.303851746570217e-07, -0.8914361596107483, 0.45314669609069824),
            ["LeftUpperLeg"] = CFrame.new(-2.9802322387695312e-08, -2.3422762751579285e-07, 2.60770320892334e-08, 0.9631114602088928, 0.17302612960338593, -0.20610293745994568, -0.26835864782333374, 0.5606131553649902, -0.783388078212738, -0.02000264637172222, 0.8097992539405823, 0.586365818977356),
            ["LeftLowerLeg"] = CFrame.new(8.940696716308594e-08, -0.0007265806198120117, 0.0000810474157333374, 1, 2.2351738238057806e-08, 1.4901162614933128e-07, -4.4703490686970326e-08, 0.34658074378967285, 0.9380201101303101, 2.980232594040899e-08, -0.9380202293395996, 0.3465808629989624),
        }},
        {Time = 0.167, Data = {
            ["RightFoot"] = CFrame.new(3.166496753692627e-07, -1.7881393432617188e-07, 1.6596459317952394e-08, 0.882257878780365, 0.23436738550662994, -0.4082804322242737, -0.46656540036201477, 0.550911545753479, -0.6919633150100708, 0.06275279819965363, 0.800979733467102, 0.5953938364982605),
            ["LeftLowerArm"] = CFrame.new(0.0000014007091522216797, -3.5762786865234375e-07, 0.000004842877388000488, 1, 3.725289943190546e-08, -8.009376983864058e-08, -6.332993507385254e-08, -0.016689354553818703, -0.9998608231544495, -5.960464477539063e-08, 0.9998607635498047, -0.016689354553818703),
            ["RightUpperArm"] = CFrame.new(0.004499375820159912, 0.04463839530944824, -0.06089344620704651, 0.8299036026000977, -0.5505481958389282, 0.09031303226947784, 0.026107605546712875, 0.2000245898962021, 0.9794430732727051, -0.5572956204414368, -0.8104855418205261, 0.18037468194961548),
            ["Head"] = CFrame.new(3.923196345567703e-08, -9.5367431640625e-07, 4.470348358154297e-08, 0.8832416534423828, -0.28889963030815125, 0.3693520128726959, 0.207305908203125, 0.9470863342285156, 0.24505475163459778, -0.4206047058105469, -0.1398739069700241, 0.8963968753814697),
            ["RightHand"] = CFrame.new(2.8312206268310547e-07, 0.0000010132789611816406, -0.0000010319054126739502, 0.9986076951026917, -0.030781768262386322, -0.042838744819164276, 0.020820705220103264, 0.9761560559272766, -0.21606892347335815, 0.04846832901239395, 0.21487626433372498, 0.9754378795623779),
            ["UpperTorso"] = CFrame.new(1.6763806343078613e-08, 0, -7.450580596923828e-09, 0.9026127457618713, -0.10989051312208176, 0.41619062423706055, -0.00326903467066586, 0.9650866985321045, 0.2619103491306305, -0.4304411709308624, -0.23776404559612274, 0.8707401752471924),
            ["HumanoidRootPart"] = CFrame.new(0, 0, 0, 1, 0, 0, 0, 1, 0, 0, 0, 1),
            ["RightUpperLeg"] = CFrame.new(1.4901161193847656e-07, -9.895302355289459e-08, 2.8107024263590574e-08, 0.9700167179107666, -0.24271260201931, 0.012578065507113934, 0.24303825199604034, 0.9687035083770752, -0.0504583977162838, 0.00006241396476980299, 0.05200231075286865, 0.9986469745635986),
            ["LeftUpperArm"] = CFrame.new(0.06768077611923218, -0.0190582275390625, -0.059539854526519775, 0.6160017848014832, 0.7305747866630554, 0.2946222722530365, 0.2643003463745117, 0.16064922511577606, -0.9509664177894592, -0.7420830130577087, 0.6636658310890198, -0.09413104504346848),
            ["RightLowerArm"] = CFrame.new(4.470348358154297e-07, 4.76837158203125e-07, -0.0000035874545574188232, 1, -0.000013291837603901513, 0.000014243652913137339, 0.000018975701095769182, 0.5020793080329895, -0.8648215532302856, 0.000004335918674769346, 0.8648216128349304, 0.5020793676376343),
            ["LeftHand"] = CFrame.new(-0.000001341104507446289, -0.0000016093254089355469, 2.086162567138672e-07, 0.7440987825393677, 0.6297141909599304, -0.22310636937618256, -0.6615223288536072, 0.6478655338287354, -0.377701997756958, -0.0933014526963234, 0.4286378026008606, 0.8986461162567139),
            ["LeftFoot"] = CFrame.new(-3.725290298461914e-09, -1.1920928955078125e-07, 3.725290298461914e-08, 0.9493231773376465, -0.29195842146873474, -0.11638666689395905, 0.27242088317871094, 0.9490178227424622, -0.1585937738418579, 0.1567559689283371, 0.11885055154561996, 0.9804601669311523),
            ["LowerTorso"] = CFrame.new(0.1690676212310791, -0.43904173374176025, 0.05761489272117615, 0.8735225796699524, 0.024198096245527267, 0.48618194460868835, -0.011075237765908241, 0.9994931221008301, -0.029847588390111923, -0.4866577982902527, 0.02068796195089817, 0.8733476996421814),
            ["RightLowerLeg"] = CFrame.new(1.043081283569336e-07, -0.0007264018058776855, 0.00004607608570950106, 1, 1.1920930376163597e-07, 5.215408904746255e-08, -6.705522537231445e-08, 0.5008279085159302, 0.8655467629432678, 6.891787052154541e-08, -0.8655469417572021, 0.5008282661437988),
            ["LeftUpperLeg"] = CFrame.new(-2.9802322387695312e-08, -3.864988684654236e-08, 7.450580596923828e-09, 0.9540841579437256, 0.18768252432346344, -0.23344972729682922, -0.299113392829895, 0.5554314851760864, -0.77590411901474, -0.015958379954099655, 0.8101056814193726, 0.5860666036605835),
            ["LeftLowerLeg"] = CFrame.new(2.2351741790771484e-08, -0.0007265806198120117, 0.00008093193173408508, 1, 7.450579886381092e-08, 2.9802322387695312e-08, -1.0430814256778831e-07, 0.3714333474636078, 0.928459644317627, -7.450581485102248e-09, -0.9284595847129822, 0.37143340706825256),
        }},
        {Time = 0.200, Data = {
            ["RightFoot"] = CFrame.new(2.7567148208618164e-07, -1.1920928955078125e-07, -4.300818545743823e-08, 0.8838225603103638, 0.19641904532909393, -0.4245908558368683, -0.45903030037879944, 0.5392373204231262, -0.7060556411743164, 0.09027232974767685, 0.8189277648925781, 0.5667521953582764),
            ["LeftLowerArm"] = CFrame.new(0.0000013113021850585938, -3.5762786865234375e-07, 0.000005066394805908203, 1, 2.980232594040899e-08, -4.842878453814592e-08, -5.215407838932151e-08, -0.01805494911968708, -0.9998370409011841, -5.215407838932151e-08, 0.9998371005058289, -0.01805492863059044),
            ["RightUpperArm"] = CFrame.new(0.008601665496826172, 0.04649960994720459, -0.06865730881690979, 0.8369127511978149, -0.5392558574676514, 0.09370314329862595, 0.014098430052399635, 0.19238078594207764, 0.9812191128730774, -0.5471547245979309, -0.819873571395874, 0.16860873997211456),
            ["Head"] = CFrame.new(-4.6566128730773926e-09, -0.0000010728836059570312, -6.705522537231445e-08, 0.8137750029563904, -0.3396894931793213, 0.47157347202301025, 0.23700977861881256, 0.9348376393318176, 0.2643953859806061, -0.5306568145751953, -0.10339096188545227, 0.8412572145462036),
            ["RightHand"] = CFrame.new(2.0116567611694336e-07, 9.5367431640625e-07, -6.668269634246826e-07, 0.9985749125480652, 0.017093539237976074, -0.05055665224790573, -0.02774328552186489, 0.9755224585533142, -0.21814273297786713, 0.0455903597176075, 0.21923470497131348, 0.9746065139770508),
            ["UpperTorso"] = CFrame.new(2.2351741790771484e-08, -1.7881393432617188e-07, -3.725290298461914e-09, 0.8887160420417786, -0.11581185460090637, 0.44358909130096436, -0.006567197851836681, 0.9642527103424072, 0.26490330696105957, -0.45841097831726074, -0.23833699524402618, 0.8561863899230957),
            ["HumanoidRootPart"] = CFrame.new(0, 0, 0, 1, 0, 0, 0, 1, 0, 0, 0, 1),
            ["RightUpperLeg"] = CFrame.new(1.1920928955078125e-07, -2.8405338525772095e-07, 2.8107024263590574e-08, 0.9787015318870544, -0.2034926861524582, 0.02709522843360901, 0.20495139062404633, 0.976108729839325, -0.07215730845928192, -0.011764295399188995, 0.0761735588312149, 0.997025191783905),
            ["LeftUpperArm"] = CFrame.new(0.07230383157730103, -0.02430582046508789, -0.0667104721069336, 0.5708064436912537, 0.7343879342079163, 0.3672253489494324, 0.33305037021636963, 0.20171448588371277, -0.9210802316665649, -0.7505049109458923, 0.648063063621521, -0.12944822013378143),
            ["RightLowerArm"] = CFrame.new(2.9802322387695312e-08, 7.152557373046875e-07, -0.00000409688800573349, 1, -0.000013540966392611153, 0.000013980086805531755, 0.000018977969375555404, 0.5184014439582825, -0.8551374077796936, 0.000004333826382207917, 0.8551374673843384, 0.5184014439582825),
            ["LeftHand"] = CFrame.new(-0.000001341104507446289, -0.0000015497207641601562, 2.384185791015625e-07, 0.7451226115226746, 0.6555506587028503, -0.12265904992818832, -0.6454141736030579, 0.6624504923820496, -0.3802635371685028, -0.16802667081356049, 0.36250895261764526, 0.9167085289955139),
            ["LeftFoot"] = CFrame.new(-4.842877388000488e-08, -1.1920928955078125e-07, -2.2351741790771484e-08, 0.9392870664596558, -0.320639967918396, -0.12218782305717468, 0.3063351809978485, 0.9440228343009949, -0.12239088863134384, 0.15459147095680237, 0.07752976566553116, 0.9849318265914917),
            ["LowerTorso"] = CFrame.new(0.22099532186985016, -0.44607269763946533, 0.05695313215255737, 0.8715187311172485, 0.03085934743285179, 0.48939043283462524, -0.011252756230533123, 0.9990136623382568, -0.042955316603183746, -0.4902333617210388, 0.031929370015859604, 0.8710062503814697),
            ["RightLowerLeg"] = CFrame.new(-4.470348358154297e-08, -0.0007264614105224609, 0.000046039764129091054, 1, 1.2665991278026922e-07, 3.72529100900465e-08, -9.685753354915505e-08, 0.4522639811038971, 0.8918840885162354, 1.3038514623531228e-07, -0.8918841481208801, 0.45226427912712097),
            ["LeftUpperLeg"] = CFrame.new(-8.940696716308594e-08, -2.169981598854065e-07, 7.450580596923828e-09, 0.9440047144889832, 0.20127330720424652, -0.2614273130893707, -0.32984355092048645, 0.5573757290840149, -0.7619287967681885, -0.007642538286745548, 0.805494487285614, 0.592553973197937),
            ["LeftLowerLeg"] = CFrame.new(2.9802322387695312e-08, -0.0007263422012329102, 0.00008099153637886047, 1, 1.3411046495548362e-07, 6.332993507385254e-08, -1.1920930376163597e-07, 0.39680758118629456, 0.9179019331932068, -6.705523247774181e-08, -0.917901873588562, 0.3968075215816498),
        }},
        {Time = 0.233, Data = {
            ["RightFoot"] = CFrame.new(2.123415470123291e-07, -5.960464477539063e-08, -1.3205863069742918e-08, 0.8867483139038086, 0.16189223527908325, -0.4329761862754822, -0.44771528244018555, 0.5338506698608398, -0.7173245549201965, 0.11501526087522507, 0.8299364447593689, 0.5458729267120361),
            ["LeftLowerArm"] = CFrame.new(0.0000013113021850585938, -2.980232238769531e-07, 0.000005066394805908203, 1, 5.960465898624534e-08, -2.980233304583635e-08, -1.3411049337719305e-07, -0.01845673844218254, -0.9998297691345215, -1.192093321833454e-07, 0.9998297691345215, -0.01845674216747284),
            ["RightUpperArm"] = CFrame.new(0.011036038398742676, 0.04724621772766113, -0.0719204843044281, 0.8444664478302002, -0.5325302481651306, 0.05734023079276085, 0.03836793825030327, 0.16692642867565155, 0.9852226376533508, -0.5342326164245605, -0.8297874331474304, 0.16139575839042664),
            ["Head"] = CFrame.new(-4.7963112592697144e-08, -7.152557373046875e-07, -8.754432201385498e-08, 0.7742432355880737, -0.34704214334487915, 0.5292533040046692, 0.22940677404403687, 0.9332708716392517, 0.2763656973838806, -0.5898472666740417, -0.09256025403738022, 0.8021926879882812),
            ["RightHand"] = CFrame.new(4.557659849524498e-07, 0.0000010728836059570312, -8.977949619293213e-07, 0.9965218901634216, 0.06522205471992493, -0.05186796560883522, -0.07496975362300873, 0.9734450578689575, -0.21629677712917328, 0.03638334199786186, 0.21943318843841553, 0.9749489426612854),
            ["UpperTorso"] = CFrame.new(-9.313225746154785e-09, 3.5762786865234375e-07, -7.450580596923828e-09, 0.8774484395980835, -0.11907190084457397, 0.4646570086479187, -0.011978790163993835, 0.9629579186439514, 0.26938602328300476, -0.47952139377593994, -0.2419382631778717, 0.8435194492340088),
            ["HumanoidRootPart"] = CFrame.new(0, 0, 0, 1, 0, 0, 0, 1, 0, 0, 0, 1),
            ["RightUpperLeg"] = CFrame.new(0, 5.029141902923584e-08, 5.75528247281909e-09, 0.9853883385658264, -0.16653555631637573, 0.03571893647313118, 0.1692013144493103, 0.9811597466468811, -0.09325563162565231, -0.019515689462423325, 0.09793649613857269, 0.9950013160705566),
            ["LeftUpperArm"] = CFrame.new(0.07493823766708374, -0.026104331016540527, -0.0696745216846466, 0.5589262843132019, 0.7297260761260986, 0.39382898807525635, 0.34970730543136597, 0.2232031524181366, -0.9098819494247437, -0.7518684267997742, 0.6462819576263428, -0.13043636083602905),
            ["RightLowerArm"] = CFrame.new(2.682209014892578e-07, 3.5762786865234375e-07, -0.0000037122517824172974, 1, -0.000013722861694986932, 0.000013807266441290267, 0.000018978375010192394, 0.5292860269546509, -0.8484435081481934, 0.0000043357631511753425, 0.8484434485435486, 0.5292860269546509),
            ["LeftHand"] = CFrame.new(-0.0000012516975402832031, -0.0000016689300537109375, 1.341104507446289e-07, 0.7437328696250916, 0.663983166217804, -0.07737851142883301, -0.637729823589325, 0.6700529456138611, -0.37990817427635193, -0.2004050463438034, 0.3318967819213867, 0.9217821955680847),
            ["LeftFoot"] = CFrame.new(2.9802322387695312e-08, -1.1920928955078125e-07, -2.9802322387695312e-08, 0.9286682605743408, -0.3492371439933777, -0.12493526935577393, 0.34026244282722473, 0.9362205266952515, -0.08782247453927994, 0.14763794839382172, 0.03904717415571213, 0.9882704019546509),
            ["LowerTorso"] = CFrame.new(0.271139919757843, -0.4502319097518921, 0.05512814223766327, 0.8718762397766113, 0.036137353628873825, 0.4883911907672882, -0.010462426580488682, 0.9984206557273865, -0.05519825592637062, -0.48961448669433594, 0.043016284704208374, 0.8708773851394653),
            ["RightLowerLeg"] = CFrame.new(-1.4156103134155273e-07, -0.000726163387298584, 0.000046050008677411824, 1, 1.1175873737556685e-07, 5.960467319710006e-08, -7.82310962677002e-08, 0.412638783454895, 0.910894513130188, 1.7881393432617188e-07, -0.9108948111534119, 0.4126392900943756),
            ["LeftUpperLeg"] = CFrame.new(-1.1920928955078125e-07, 3.334134817123413e-07, -2.9802322387695312e-08, 0.9325725436210632, 0.21803177893161774, -0.2876986265182495, -0.3609825074672699, 0.5637226700782776, -0.7429054379463196, 0.0002051833289442584, 0.7966673374176025, 0.6044179201126099),
            ["LeftLowerLeg"] = CFrame.new(2.2351741790771484e-08, -0.0007263422012329102, 0.00008099619299173355, 1, 8.940698847936801e-08, 2.23517560016262e-08, -7.450583439094771e-08, 0.4264014661312103, 0.9045340418815613, 1.229346224818073e-07, -0.904534101486206, 0.42640164494514465),
        }},
        {Time = 0.267, Data = {
            ["RightFoot"] = CFrame.new(2.942979335784912e-07, -1.1920928955078125e-07, 1.6952981241047382e-09, 0.8884373307228088, 0.13044066727161407, -0.44007325172424316, -0.4370565712451935, 0.5333009958267212, -0.7242735028266907, 0.14021660387516022, 0.8358082175254822, 0.5308141112327576),
            ["LeftLowerArm"] = CFrame.new(0.0000011920928955078125, -4.76837158203125e-07, 0.000005200505256652832, 1, 2.980232594040899e-08, -5.215407838932151e-08, -3.725290653733282e-08, -0.018938357010483742, -0.9998207092285156, -4.4703490686970326e-08, 0.9998207092285156, -0.01893841102719307),
            ["RightUpperArm"] = CFrame.new(0.012118995189666748, 0.0478825569152832, -0.07325777411460876, 0.8492645025253296, -0.5272091627120972, -0.028300229460000992, 0.11333517730236053, 0.12969091534614563, 0.9850560426712036, -0.5156598091125488, -0.8397802114486694, 0.16989323496818542),
            ["Head"] = CFrame.new(1.862645149230957e-09, -8.344650268554688e-07, 6.705522537231445e-08, 0.7647728323936462, -0.3239958882331848, 0.5569109916687012, 0.19066278636455536, 0.9394569993019104, 0.2847248613834381, -0.6154431700706482, -0.1115676686167717, 0.780244767665863),
            ["RightHand"] = CFrame.new(1.2852251529693604e-07, 0.0000011920928955078125, -8.149072527885437e-07, 0.9934178590774536, 0.1025165319442749, -0.05110131576657295, -0.11116732656955719, 0.9704193472862244, -0.2143084555864334, 0.027619557455182076, 0.21857893466949463, 0.9754284620285034),
            ["UpperTorso"] = CFrame.new(-4.0978193283081055e-08, 1.1920928955078125e-07, 1.4901161193847656e-08, 0.8689203858375549, -0.11783195286989212, 0.48072123527526855, -0.02085552178323269, 0.9616696834564209, 0.27341654896736145, -0.4945124089717865, -0.24760298430919647, 0.8331570029258728),
            ["HumanoidRootPart"] = CFrame.new(0, 0, 0, 1, 0, 0, 0, 1, 0, 0, 0, 1),
            ["RightUpperLeg"] = CFrame.new(5.960464477539063e-08, -1.30385160446167e-08, -1.6952981241047382e-09, 0.9903290271759033, -0.13114801049232483, 0.04526159539818764, 0.1353849619626999, 0.9848139882087708, -0.10868438333272934, -0.030320480465888977, 0.1137610599398613, 0.993045449256897),
            ["LeftUpperArm"] = CFrame.new(0.07614922523498535, -0.0270538330078125, -0.07070520520210266, 0.5908411741256714, 0.7050149440765381, 0.3922513425350189, 0.3456423282623291, 0.2181149125099182, -0.9126650094985962, -0.7289980053901672, 0.6748183965682983, -0.11481162905693054),
            ["RightLowerArm"] = CFrame.new(4.172325134277344e-07, 4.172325134277344e-07, -0.0000038044527173042297, 1, -0.000013808254152536392, 0.000013720713468501344, 0.000018978231310029514, 0.5347930788993835, -0.8449831008911133, 0.000004329195235186489, 0.8449830412864685, 0.534792959690094),
            ["LeftHand"] = CFrame.new(-0.0000014603137969970703, -0.0000011920928955078125, 2.980232238769531e-07, 0.7130000591278076, 0.6386361718177795, -0.2894376218318939, -0.7011014223098755, 0.6438441872596741, -0.3064669668674469, -0.009368251077830791, 0.4214363396167755, 0.9068096876144409),
            ["LeftFoot"] = CFrame.new(3.6176061257719994e-08, 0, 2.648448571562767e-08, 0.9212287664413452, -0.3144022524356842, -0.22910457849502563, 0.3657817542552948, 0.9005507230758667, 0.23497331142425537, 0.13244415819644928, -0.30026623606681824, 0.9446156024932861),
