return {
    ["Hack n' Slash"] = {
        {Time = 0.000, Data = {
            ["LeftLowerArm"] = CFrame.new(-3.725290298461914e-08, 1.7881393432617188e-07, 0.0000021085143089294434, 1, -1.862645504502325e-08, 7.450583261459087e-09, 7.450583261459087e-09, 0.9718183875083923, -0.23573103547096252, -9.126964783945368e-08, 0.23573099076747894, 0.9718183875083923),
            ["LeftFoot"] = CFrame.new(-3.3527612686157227e-08, 5.960464477539063e-08, -5.296897143125534e-09, 0.9658182859420776, -0.240179181098938, 0.09751465171575546, 0.2392469197511673, 0.9707247018814087, 0.021318044513463974, -0.09977982193231583, 0.002740751951932907, 0.9950058460235596),
            ["RightHand"] = CFrame.new(5.960464477539063e-08, 1.1920928955078125e-07, -1.7881393432617188e-07, 0.18545536696910858, -0.24331088364124298, 0.9520536661148071, 0.29849034547805786, 0.9370294809341431, 0.18132689595222473, -0.9362210631370544, 0.250550776720047, 0.24640320241451263),
            ["HumanoidRootPart"] = CFrame.new(0, 0, 0, 1, 0, 0, 0, 1, 0, 0, 0, 1),
            ["RightLowerLeg"] = CFrame.new(-4.470348358154297e-08, -8.344650268554688e-07, -0.000002963635779451579, 1, 8.195638656616211e-08, -6.332992796842518e-08, -4.470347647611561e-08, 0.9575862288475037, 0.2881467044353485, 2.2351738238057806e-08, -0.28814685344696045, 0.9575862884521484),
            ["LeftUpperLeg"] = CFrame.new(0, 3.993045538663864e-08, 1.862645149230957e-08, 0.8171662092208862, 0.21348869800567627, 0.5354080200195312, -0.23472581803798676, 0.9716236591339111, -0.029175318777561188, -0.5264439582824707, -0.1018330454826355, 0.8440894484519958),
            ["LeftLowerLeg"] = CFrame.new(-7.450580596923828e-09, 6.556510925292969e-07, 0.000002898275852203369, 1, -1.1175872671742582e-08, 8.387723937630653e-08, -9.313226634333205e-09, 0.9969258904457092, 0.07835119962692261, 3.9115551686563776e-08, -0.0783512219786644, 0.9969258904457092),
            ["RightUpperArm"] = CFrame.new(-2.384185791015625e-07, -5.960464477539062e-07, -2.384185791015625e-07, 0.46580076217651367, 0.2941986918449402, 0.8345516920089722, -0.8581563830375671, 0.38025379180908203, 0.34492748975753784, -0.21586427092552185, -0.8768433332443237, 0.4295910596847534),
            ["Head"] = CFrame.new(-7.450580596923828e-09, -1.1920928955078125e-07, 0, 0.9601427912712097, 0.1573120504617691, -0.231038898229599, -0.03609021380543709, 0.8894385695457458, 0.4556276798248291, 0.2771705985069275, -0.429129421710968, 0.8596653342247009),
            ["UpperTorso"] = CFrame.new(-6.51925802230835e-09, 2.9802322387695312e-08, 1.862645149230957e-09, 0.9470238089561462, -0.037690673023462296, -0.31894391775131226, 0.08624351024627686, 0.9864585399627686, 0.13950540125370026, 0.30936694145202637, -0.15962181985378265, 0.9374502897262573),
            ["LeftUpperArm"] = CFrame.new(2.980232238769531e-07, -8.344650268554688e-07, 0, 0.9598257541656494, 0.1704029142856598, -0.222929447889328, -0.04480799287557602, 0.8773678541183472, 0.477721631526947, 0.27699628472328186, -0.4485403895378113, 0.849755585193634),
            ["RightLowerArm"] = CFrame.new(1.2665987014770508e-07, -2.980232238769531e-07, -0.000001948093995451927, 1, 4.4703497792397684e-08, 1.4901164746561335e-08, 1.4901168299275014e-08, 0.8645738363265991, -0.5025058388710022, -8.381906724252985e-09, 0.5025058388710022, 0.8645738363265991),
            ["LeftHand"] = CFrame.new(-1.1920928955078125e-07, 1.1920928955078125e-07, 4.470348358154297e-08, 0.9885950684547424, 0.12696702778339386, -0.08098968118429184, -0.13811573386192322, 0.9787596464157104, -0.15150436758995056, 0.0600334033370018, 0.16096238791942596, 0.9851330518722534),
            ["RightFoot"] = CFrame.new(-2.2351741790771484e-08, 0, -2.0656443666666746e-08, 0.9604343175888062, 0.2773061692714691, -0.02583301067352295, -0.2672967314720154, 0.9438536167144775, 0.19414658844470978, 0.07822058349847794, -0.17955975234508514, 0.9806323647499084),
            ["LowerTorso"] = CFrame.new(-0.010601605288684368, -0.06789159774780273, 0.03601176291704178, 0.7034229040145874, -0.0038721344899386168, -0.7107610106468201, -0.02887764200568199, 0.9990038275718689, -0.03402194008231163, 0.7101846933364868, 0.04445691406726837, 0.7026103138923645),
            ["RightUpperLeg"] = CFrame.new(0, -3.387685865163803e-08, 1.6931153368204832e-08, 0.8572927117347717, -0.4164658486843109, -0.3026638925075531, 0.308335542678833, 0.8861357569694519, -0.34596607089042664, 0.4122844338417053, 0.20327217876911163, 0.8880890011787415),
            ["WowowoOmgKnife"] = CFrame.new(-3.712921170517802e-08, -2.9864023076697777e-07, -0.0015523196198046207, 1, -0.000015851141142775305, -1.0879324463530793e-07, 0.000015849505871301517, 1, 0.00010929987911367789, 1.2733427467992442e-07, -0.00010921362263616174, 1),
        }},
        {Time = 0.033, Data = {
            ["LeftLowerArm"] = CFrame.new(-6.705522537231445e-08, -5.960464477539063e-08, 0.0000023096799850463867, 1, 1.3038517820973539e-08, 5.2154071283894154e-08, -1.3038517820973539e-08, 0.9493444561958313, -0.31423768401145935, 3.166497108963995e-08, 0.31423765420913696, 0.9493444561958313),
            ["LeftFoot"] = CFrame.new(1.862645149230957e-08, 1.1920928955078125e-07, -1.4901161193847656e-08, 0.9658846855163574, -0.23951561748981476, 0.09848427772521973, 0.2425859570503235, 0.9699174761772156, -0.020305072888731956, -0.09065815806388855, 0.0435032844543457, 0.9949315190315247),
            ["RightHand"] = CFrame.new(1.7881393432617188e-07, -2.384185791015625e-07, -1.4901161193847656e-08, 0.19664162397384644, -0.23847736418247223, 0.9510313272476196, 0.3010624051094055, 0.9377973675727844, 0.17290915548801422, -0.9331096410751343, 0.25231868028640747, 0.25620660185813904),
            ["HumanoidRootPart"] = CFrame.new(0, 0, 0, 1, 0, 0, 0, 1, 0, 0, 0, 1),
            ["RightLowerLeg"] = CFrame.new(5.960464477539063e-08, -4.76837158203125e-07, -0.000002963635779451579, 1, 7.450581485102248e-09, -3.725289943190546e-08, -4.0978193283081055e-08, 0.9285247921943665, 0.3712707459926605, 2.9802322387695312e-08, -0.37127065658569336, 0.9285246729850769),
            ["LeftUpperLeg"] = CFrame.new(-5.960464477539063e-08, 1.2619420886039734e-07, 0, 0.8227663636207581, 0.2402947098016739, 0.5150865316390991, -0.20497789978981018, 0.9706970453262329, -0.12542439997196198, -0.5301317572593689, -0.0023864200338721275, 0.8479120135307312),
            ["LeftLowerLeg"] = CFrame.new(-1.4901161193847656e-08, 5.364418029785156e-07, 0.000003039836883544922, 1, 2.805609256029129e-08, -5.681066994611683e-08, 1.1175869119028903e-08, 0.9834836721420288, 0.18099725246429443, -4.470347647611561e-08, -0.18099728226661682, 0.9834836721420288),
            ["RightUpperArm"] = CFrame.new(-5.960464477539063e-08, -5.960464477539062e-07, -5.960464477539063e-08, 0.4379916489124298, -0.02576315961778164, 0.8986098766326904, -0.8550078272819519, 0.2968566417694092, 0.42525050044059753, -0.2777140438556671, -0.954574465751648, 0.10799300670623779),
            ["Head"] = CFrame.new(0, -3.5762786865234375e-07, -3.3527612686157227e-08, 0.9518469572067261, 0.1636006236076355, -0.2592725157737732, -0.026731817051768303, 0.88677978515625, 0.46141859889030457, 0.30540603399276733, -0.4322688579559326, 0.8484519720077515),
            ["UpperTorso"] = CFrame.new(6.111804395914078e-09, 1.1920928955078125e-07, -4.8094079829752445e-09, 0.9539770483970642, -0.03923531994223595, -0.29730209708213806, 0.07084587961435318, 0.9928275346755981, 0.09630418568849564, 0.2913910448551178, -0.11293461918830872, 0.9499141573905945),
            ["LeftUpperArm"] = CFrame.new(5.960464477539063e-08, -5.960464477539062e-07, -5.960464477539063e-08, 0.9554104804992676, 0.20329739153385162, -0.21415197849273682, -0.05535820871591568, 0.835708498954773, 0.5463761687278748, 0.29004549980163574, -0.510158360004425, 0.8096987009048462),
            ["RightLowerArm"] = CFrame.new(1.1734664440155029e-07, 2.384185791015625e-07, -0.0000022416934370994568, 1, 1.4901162970204496e-08, 8.195639367158947e-08, 0, 0.49170684814453125, -0.8707607388496399, 1.4901164746561335e-08, 0.8707609176635742, 0.4917070269584656),
            ["LeftHand"] = CFrame.new(-1.1920928955078125e-07, -2.384185791015625e-07, -2.9802322387695312e-08, 0.9896648526191711, 0.1297970861196518, -0.060961637645959854, -0.13763050734996796, 0.9791164994239807, -0.14962869882583618, 0.04026719182729721, 0.15647244453430176, 0.9868612289428711),
            ["RightFoot"] = CFrame.new(7.450580596923828e-08, 5.960464477539063e-08, -1.5476689441129565e-07, 0.9377077221870422, 0.33290162682533264, 0.09940274059772491, -0.3338697552680969, 0.7843090891838074, 0.5228674411773682, 0.09610075503587723, -0.5234842896461487, 0.8465983867645264),
            ["LowerTorso"] = CFrame.new(-0.013256993144750595, -0.07647037506103516, 0.044445816427469254, 0.7083547711372375, 0.03288387879729271, -0.7050901651382446, -0.03434350714087486, 0.9993368983268738, 0.012104380875825882, 0.7050206065177917, 0.015641072764992714, 0.709014356136322),
            ["RightUpperLeg"] = CFrame.new(-0.0014562010765075684, 0.0012149089016020298, 0.00015028583584353328, 0.8406763672828674, -0.5169258117675781, -0.1614035964012146, 0.358735054731369, 0.7548572421073914, -0.5490899085998535, 0.40567547082901, 0.4037058353424072, 0.8200299739837646),
            ["WowowoOmgKnife"] = CFrame.new(-1.5609839465469122e-07, -1.6467478758386278e-07, -0.0015522879548370838, 1, -0.00001580643220222555, -1.236274016491734e-07, 0.000015849505871301517, 1, 0.0001092440215870738, 1.3105956497838633e-07, -0.00010922174260485917, 1),
        }},
        {Time = 0.067, Data = {
            ["LeftLowerArm"] = CFrame.new(-1.1175870895385742e-08, 5.364418029785156e-07, 0.000001952052116394043, 1, -2.1886080503463745e-08, -3.4226104617118835e-08, -2.3283066585833012e-09, 0.9553835391998291, -0.2953680753707886, -1.0291115870586509e-07, 0.2953682541847229, 0.9553835988044739),
            ["LeftFoot"] = CFrame.new(-2.60770320892334e-08, 5.960464477539063e-08, -9.313225746154785e-09, 0.9653006792068481, -0.24246996641159058, 0.09696902334690094, 0.24860267341136932, 0.9669281840324402, -0.056978777050971985, -0.07994667440652847, 0.07910855114459991, 0.9936550855636597),
            ["RightHand"] = CFrame.new(-1.1920928955078125e-07, 1.1920928955078125e-07, 1.4901161193847656e-08, 0.2315751612186432, -0.22269846498966217, 0.9469838738441467, 0.30208131670951843, 0.9417853355407715, 0.14760512113571167, -0.9247269630432129, 0.2518843114376068, 0.28536713123321533),
            ["HumanoidRootPart"] = CFrame.new(0, 0, 0, 1, 0, 0, 0, 1, 0, 0, 0, 1),
            ["RightLowerLeg"] = CFrame.new(-8.940696716308594e-08, -6.556510925292969e-07, -0.000002963635779451579, 1, 5.960465188081798e-08, -3.725289587919178e-08, 0, 0.9599642753601074, 0.2801223695278168, -1.4901161193847656e-08, -0.2801225185394287, 0.9599642753601074),
            ["LeftUpperLeg"] = CFrame.new(-5.960464477539063e-08, 6.379559636116028e-08, 0, 0.8402633666992188, 0.2601790428161621, 0.4756726324558258, -0.17488820850849152, 0.9605055451393127, -0.21643313765525818, -0.5131974220275879, 0.09867129474878311, 0.8525797724723816),
            ["LeftLowerLeg"] = CFrame.new(2.2351741790771484e-08, 7.152557373046875e-07, 0.0000029802322387695312, 1, 4.1909511416804435e-09, -4.470348358154297e-08, -1.862644793959589e-08, 0.957432746887207, 0.28865623474121094, -1.4901157641133977e-08, -0.28865644335746765, 0.9574328064918518),
            ["RightUpperArm"] = CFrame.new(-1.1920928955078125e-07, 2.384185791015625e-07, 2.9802322387695312e-08, 0.3444861173629761, -0.5826143622398376, 0.7361316680908203, -0.8254935145378113, 0.1854458749294281, 0.5330764055252075, -0.4470904469490051, -0.7913093566894531, -0.41706085205078125),
            ["Head"] = CFrame.new(0, 1.1920928955078125e-07, 0, 0.9312921762466431, 0.1795625239610672, -0.31694191694259644, -0.005685767624527216, 0.8771262168884277, 0.4802265763282776, 0.3642287254333496, -0.44542890787124634, 0.8178816437721252),
            ["UpperTorso"] = CFrame.new(-2.7939677238464355e-09, 1.1920928955078125e-07, -4.6566128730773926e-09, 0.9631983637809753, -0.053034160286188126, -0.26350778341293335, 0.07099467515945435, 0.995724081993103, 0.05910482630133629, 0.2592463493347168, -0.07563731074333191, 0.962844967842102),
            ["LeftUpperArm"] = CFrame.new(1.1920928955078125e-07, -1.1920928955078125e-07, 5.960464477539063e-08, 0.9444087147712708, 0.22547601163387299, -0.2392760068178177, -0.06022220477461815, 0.8341062068939209, 0.5483067631721497, 0.32321134209632874, -0.5034157037734985, 0.8013156652450562),
            ["RightLowerArm"] = CFrame.new(-3.8743019104003906e-07, 1.1920928955078125e-07, -0.0000016987323760986328, 1, -3.725289943190546e-08, 1.4901162970204496e-08, 2.9802322387695312e-08, -0.14364291727542877, -0.9896296262741089, -1.30385160446167e-07, 0.9896295666694641, -0.14364288747310638),
            ["LeftHand"] = CFrame.new(-5.960464477539063e-08, 2.384185791015625e-07, 5.960464477539063e-08, 0.9905498027801514, 0.13700132071971893, -0.006472885608673096, -0.1364918202161789, 0.9800354242324829, -0.1445707082748413, -0.013462750241160393, 0.1440880000591278, 0.9894734025001526),
            ["RightFoot"] = CFrame.new(-5.960464477539063e-08, 1.7881393432617188e-07, -8.77116690389812e-08, 0.8988943696022034, 0.40957674384117126, 0.15567892789840698, -0.40746521949768066, 0.6507202982902527, 0.6407301425933838, 0.16112445294857025, -0.6393826007843018, 0.7518171072006226),
            ["LowerTorso"] = CFrame.new(-0.006669133901596069, -0.09972786903381348, 0.059005215764045715, 0.7276711463928223, 0.06968916207551956, -0.6823768019676208, -0.0536687932908535, 0.9975602030754089, 0.0446467362344265, 0.6838233470916748, 0.004134192597121, 0.7296359539031982),
            ["RightUpperLeg"] = CFrame.new(-0.005211740732192993, 0.004347685724496841, 0.0005755631136707962, 0.8226778507232666, -0.5642054080963135, -0.06980793178081512, 0.43815138936042786, 0.7074854969978333, -0.5545157790184021, 0.36224913597106934, 0.42560121417045593, 0.829240083694458),
            ["WowowoOmgKnife"] = CFrame.new(-1.8553691916167736e-07, -1.274505336823495e-07, -0.0015522614121437073, 1, -0.00001586691905686166, -1.3759272121660615e-07, 0.00001584962046763394, 1, 0.00010924023808911443, 1.3012822819291614e-07, -0.00010926554386969656, 1),
        }},
        {Time = 0.100, Data = {
            ["LeftLowerArm"] = CFrame.new(-4.7497451305389404e-08, 5.960464477539062e-07, 0.0000023245811462402344, 1, -4.190951585769653e-09, 3.3120162612476634e-08, -1.862645593320167e-09, 0.9467152953147888, -0.3220718502998352, -4.260801844679918e-08, 0.3220718204975128, 0.946715235710144),
            ["LeftFoot"] = CFrame.new(1.043081283569336e-07, -1.7881393432617188e-07, -1.862645149230957e-09, 0.9639092087745667, -0.24950692057609558, 0.0928729847073555, 0.25712379813194275, 0.9629170298576355, -0.0817195251584053, -0.06903952360153198, 0.10265019536018372, 0.9923187494277954),
            ["RightHand"] = CFrame.new(2.384185791015625e-07, 5.960464477539063e-08, 1.6763806343078613e-08, 0.2919261157512665, -0.19324806332588196, 0.9367146492004395, 0.29065796732902527, 0.950981080532074, 0.10560789704322815, -0.9112063646316528, 0.24143388867378235, 0.3337852954864502),
            ["HumanoidRootPart"] = CFrame.new(0, 0, 0, 1, 0, 0, 0, 1, 0, 0, 0, 1),
            ["RightLowerLeg"] = CFrame.new(-8.940696716308594e-08, -7.748603820800781e-07, -0.0000029338334570638835, 1, 5.960463766996327e-08, 0, -6.70552182668871e-08, 0.9690290689468384, 0.24694645404815674, -4.470347647611561e-08, -0.2469465583562851, 0.9690291285514832),
            ["LeftUpperLeg"] = CFrame.new(0, 2.1595042198896408e-08, 0, 0.8636374473571777, 0.27500835061073303, 0.4224935472011566, -0.15776373445987701, 0.943437933921814, -0.29160845279693604, -0.47879117727279663, 0.18518981337547302, 0.8581746816635132),
            ["LeftLowerLeg"] = CFrame.new(-4.470348358154297e-08, 6.556510925292969e-07, 0.0000030249357223510742, 1, -1.0244547432591844e-08, 5.960464477539063e-08, 7.4505797087454084e-09, 0.9252716898918152, 0.3793047070503235, 7.450579886381092e-08, -0.3793049156665802, 0.9252718091011047),
            ["RightUpperArm"] = CFrame.new(-1.1920928955078125e-07, 0, -2.9802322387695312e-08, 0.14430475234985352, -0.9698339104652405, 0.19646473228931427, -0.7366467714309692, 0.02727774903178215, 0.6757272481918335, -0.6607024073600769, -0.2422356754541397, -0.7104888558387756),
            ["Head"] = CFrame.new(-1.4901161193847656e-08, 0, -1.1175870895385742e-08, 0.9064249396324158, 0.19731688499450684, -0.37344321608543396, 0.022137600928544998, 0.8607580065727234, 0.5085330605506897, 0.4217863976955414, -0.4692140221595764, 0.7758442759513855),
            ["UpperTorso"] = CFrame.new(1.1175870895385742e-08, -1.1920928955078125e-07, 5.587935447692871e-09, 0.9676366448402405, -0.06956401467323303, -0.24257023632526398, 0.07982627302408218, 0.996271550655365, 0.03272532299160957, 0.23938927054405212, -0.05102967470884323, 0.9695817828178406),
            ["LeftUpperArm"] = CFrame.new(5.960464477539063e-08, -1.1920928955078125e-07, 2.9802322387695312e-08, 0.9280528426170349, 0.256284236907959, -0.2702522873878479, -0.06291109323501587, 0.8230507373809814, 0.5644729137420654, 0.3670969009399414, -0.5068590044975281, 0.7799578309059143),
            ["RightLowerArm"] = CFrame.new(-3.2782554626464844e-07, -1.7881393432617188e-07, -0.0000021457672119140625, 1, 4.842878098543224e-08, -2.60770320892334e-08, 9.313226634333205e-09, -0.4615640342235565, -0.8871069550514221, 1.4901162970204496e-08, 0.8871069550514221, -0.46156397461891174),
            ["LeftHand"] = CFrame.new(0, 5.960464477539063e-08, 2.086162567138672e-07, 0.9864698052406311, 0.1463368684053421, 0.07391198724508286, -0.1352868378162384, 0.9812648892402649, -0.13717445731163025, -0.09260087460279465, 0.12531915307044983, 0.9877855777740479),
            ["RightFoot"] = CFrame.new(-7.450580596923828e-08, 1.1920928955078125e-07, 9.145878721028566e-09, 0.8737457394599915, 0.4498438239097595, 0.18495650589466095, -0.46135836839675903, 0.6461235880851746, 0.6080072522163391, 0.1540033221244812, -0.6165751218795776, 0.772087037563324),
            ["LowerTorso"] = CFrame.new(0.009956100024282932, -0.12897062301635742, 0.07509592175483704, 0.7576260566711426, 0.09502261877059937, -0.6457349061965942, -0.07393743842840195, 0.9954720139503479, 0.05973881483078003, 0.6484875679016113, 0.002484317170456052, 0.7612212896347046),
            ["RightUpperLeg"] = CFrame.new(-0.010347068309783936, 0.008631477132439613, 0.0012377632083371282, 0.7897937297821045, -0.6126879453659058, -0.028969809412956238, 0.5091858506202698, 0.6812421679496765, -0.5259649753570557, 0.3419879972934723, 0.400652676820755, 0.8500127196311951),
            ["WowowoOmgKnife"] = CFrame.new(-8.250935934484005e-09, -8.99956660305179e-08, -0.0015523647889494896, 1, -0.000015854757293709554, -7.245380118092726e-08, 0.00001584950769029092, 1, 0.00010928503616014495, 1.2081503086847079e-07, -0.00010920612839981914, 1),
        }},
        {Time = 0.133, Data = {
            ["LeftLowerArm"] = CFrame.new(-2.3469328880310059e-07, 2.384185791015625e-07, 0.000002130866050720215, 1, -1.862645149230957e-09, 1.210719613453648e-08, 9.313223525708736e-10, 0.9528628587722778, -0.303401380777359, 2.1420413887085488e-08, 0.3034013509750366, 0.9528629183769226),
            ["LeftFoot"] = CFrame.new(-3.725290298461914e-08, 0, 0, 0.9619702100753784, -0.25837862491607666, 0.08862200379371643, 0.26567503809928894, 0.9604207277297974, -0.08371908217668533, -0.06348338723182678, 0.1040799617767334, 0.9925408959388733),
            ["RightHand"] = CFrame.new(-1.1920928955078125e-07, 1.1920928955078125e-07, 0, 0.3789038062095642, -0.14483511447906494, 0.9140321612358093, 0.25401735305786133, 0.9660191535949707, 0.047772206366062164, -0.8898916840553284, 0.21407894790172577, 0.4028189182281494),
            ["HumanoidRootPart"] = CFrame.new(0, 0, 0, 1, 0, 0, 0, 1, 0, 0, 0, 1),
            ["RightLowerLeg"] = CFrame.new(0, -6.556510925292969e-07, -0.000002874228812288493, 1, 4.4703494239684005e-08, -7.450581307466564e-08, -2.9802322387695312e-08, 0.9897195100784302, 0.14302265644073486, 8.940696716308594e-08, -0.14302264153957367, 0.9897195100784302),
            ["LeftUpperLeg"] = CFrame.new(0, 3.1135277822613716e-07, 7.450580596923828e-09, 0.8886477947235107, 0.2784551680088043, 0.3643733561038971, -0.15068109333515167, 0.9277295470237732, -0.3414866626262665, -0.4331284761428833, 0.24855731427669525, 0.8663827180862427),
            ["LeftLowerLeg"] = CFrame.new(0, 7.748603820800781e-07, 0.0000029206275939941406, 1, -6.612390990312633e-08, 4.097820749393577e-08, 1.4901162970204496e-08, 0.9037730693817139, 0.42801204323768616, 5.2154071283894154e-08, -0.42801204323768616, 0.9037731289863586),
            ["RightUpperArm"] = CFrame.new(-5.960464477539063e-08, 0, -2.9802322387695312e-08, 0.031678177416324615, -0.9838146567344666, -0.17636726796627045, -0.4989209771156311, -0.16846415400505066, 0.8501163125038147, -0.866068422794342, 0.06106311082839966, -0.49618232250213623),
            ["Head"] = CFrame.new(-1.1175870895385742e-08, 2.384185791015625e-07, -1.4901161193847656e-08, 0.8798896074295044, 0.21362140774726868, -0.42445290088653564, 0.05498116463422775, 0.8414810299873352, 0.5374820828437805, 0.4719867706298828, -0.4962615370750427, 0.7286651134490967),
            ["UpperTorso"] = CFrame.new(7.450580596923828e-09, 1.1920928955078125e-07, 1.862645149230957e-08, 0.969133198261261, -0.08207699656486511, -0.23247410356998444, 0.08799317479133606, 0.9960055351257324, 0.015175788663327694, 0.2302999198436737, -0.0351635105907917, 0.9724841713905334),
            ["LeftUpperArm"] = CFrame.new(0, 1.1920928955078125e-07, 0, 0.9083026051521301, 0.27299800515174866, -0.316952109336853, -0.06550544500350952, 0.8411664962768555, 0.5367942452430725, 0.4131530225276947, -0.46680939197540283, 0.7819165587425232),
            ["RightLowerArm"] = CFrame.new(-5.960464477539063e-08, -1.7881393432617188e-07, -0.0000023543834686279297, 1, -2.9802315282267955e-08, 1.4901168299275014e-08, 5.215405707303944e-08, -0.354105144739151, -0.9352056384086609, 0, 0.9352055788040161, -0.35410529375076294),
            ["LeftHand"] = CFrame.new(1.1920928955078125e-07, -1.1920928955078125e-07, 0, 0.9729750156402588, 0.15554621815681458, 0.17066067457199097, -0.13456043601036072, 0.9825544357299805, -0.12837576866149902, -0.18765173852443695, 0.10194223374128342, 0.9769312143325806),
            ["RightFoot"] = CFrame.new(1.1920928955078125e-07, 0, -3.55576048605144e-08, 0.868800699710846, 0.45042604207992554, 0.20567408204078674, -0.4807916283607483, 0.6680296063423157, 0.5679576992988586, 0.11842642724514008, -0.5923283100128174, 0.7969455718994141),
            ["LowerTorso"] = CFrame.new(0.03191118687391281, -0.1540837287902832, 0.09141531586647034, 0.791893720626831, 0.11124121397733688, -0.6004412770271301, -0.09101229161024094, 0.9937857985496521, 0.06408265978097916, 0.6038386225700378, 0.003900873474776745, 0.7970970273017883),
            ["RightUpperLeg"] = CFrame.new(-0.015942156314849854, 0.01329893060028553, 0.0020984841976314783, 0.7416513562202454, -0.6647045016288757, -0.09011814743280411, 0.5617287158966064, 0.6888716816902161, -0.45816659927368164, 0.36662542819976807, 0.28917792439460754, 0.8842862844467163),
            ["WowowoOmgKnife"] = CFrame.new(-9.698851499706507e-09, -4.529388775154075e-08, -0.0015524616464972496, 1, -0.00001580112802912481, -1.2462574261462578e-07, 0.000015757885194034316, 1, 0.00010929987183772027, 1.115001637685964e-07, -0.00010922551155090332, 1),
        }},
        {Time = 0.167, Data = {
            ["LeftLowerArm"] = CFrame.new(-1.043081283569336e-07, -5.960464477539062e-07, 0.000001996755599975586, 1, 1.8626449271863521e-09, -5.122273449842396e-08, 7.450578820566989e-09, 0.960406482219696, -0.27860260009765625, 1.862644793959589e-08, 0.2786025404930115, 0.9604065418243408),
            ["LeftFoot"] = CFrame.new(-5.960464477539063e-08, -5.960464477539063e-08, 5.587935447692871e-08, 0.9595274329185486, -0.26844891905784607, 0.08510182052850723, 0.27369925379753113, 0.9601021409034729, -0.05738271027803421, -0.06630231440067291, 0.07835255563259125, 0.9947184920310974),
            ["RightHand"] = CFrame.new(1.1920928955078125e-07, 5.960464477539063e-08, 2.682209014892578e-07, 0.49190962314605713, -0.06742093712091446, 0.8680318593978882, 0.17551948130130768, 0.9842067360877991, -0.02302168682217598, -0.8527707457542419, 0.16368113458156586, 0.49597448110580444),
            ["HumanoidRootPart"] = CFrame.new(0, 0, 0, 1, 0, 0, 0, 1, 0, 0, 0, 1),
            ["RightLowerLeg"] = CFrame.new(-5.960464477539063e-08, -4.76837158203125e-07, -0.000002963635779451579, 1, 0, 7.450580596923828e-08, -2.9802322387695312e-08, 0.985152006149292, 0.17168469727039337, 7.450580596923828e-08, -0.1716846525669098, 0.985152006149292),
            ["LeftUpperLeg"] = CFrame.new(-1.1920928955078125e-07, -6.146728992462158e-08, -3.725290298461914e-08, 0.9123504161834717, 0.2674795091152191, 0.30995437502861023, -0.15256796777248383, 0.9246683120727539, -0.3488716781139374, -0.3799208998680115, 0.2710041105747223, 0.8844302296638489),
            ["LeftLowerLeg"] = CFrame.new(0, 4.76837158203125e-07, 0.000002905726432800293, 1, 9.778887033462524e-09, -4.842877388000488e-08, 2.9802322387695312e-08, 0.9068498015403748, 0.4214541018009186, 8.195638656616211e-08, -0.42145395278930664, 0.9068498015403748),
            ["RightUpperArm"] = CFrame.new(-5.960464477539063e-08, 0, 0, -0.007790216710418463, -0.9923304319381714, -0.12336834520101547, -0.1377595216035843, -0.1211308091878891, 0.9830309152603149, -0.9904350638389587, 0.024653172120451927, -0.13575942814350128),
            ["Head"] = CFrame.new(2.3283064365386963e-08, -2.384185791015625e-07, 1.816079020500183e-08, 0.8525563478469849, 0.23005971312522888, -0.4692763090133667, 0.08752179145812988, 0.8223774433135986, 0.5621704459190369, 0.5152550339698792, -0.5203536748886108, 0.6809877157211304),
            ["UpperTorso"] = CFrame.new(1.4901161193847656e-08, -5.960464477539063e-08, -1.4901161193847656e-08, 0.9693006873130798, -0.09410817921161652, -0.22715596854686737, 0.09980179369449615, 0.9949132204055786, 0.013684322126209736, 0.22471265494823456, -0.035934798419475555, 0.9737622737884521),
            ["LeftUpperArm"] = CFrame.new(5.960464477539063e-08, 0, -2.9802322387695312e-08, 0.8869390487670898, 0.2770445942878723, -0.3695744574069977, -0.07587623596191406, 0.8766648769378662, 0.4750804305076599, 0.4556114971637726, -0.3933255672454834, 0.7985696196556091),
            ["RightLowerArm"] = CFrame.new(5.960464477539063e-08, -5.364418029785156e-07, -0.0000021010637283325195, 1, -3.725289587919178e-08, -5.5879372240497105e-09, -1.8626449271863521e-09, -0.02732892520725727, -0.9996265769004822, 1.1175869119028903e-08, 0.9996265172958374, -0.027328932657837868),
            ["LeftHand"] = CFrame.new(8.940696716308594e-08, 1.7881393432617188e-07, 5.960464477539063e-08, 0.9480662941932678, 0.1628572940826416, 0.2732175588607788, -0.13461412489414215, 0.983697235584259, -0.11924255639314651, -0.2881828248500824, 0.0762709304690361, 0.9545331001281738),
            ["RightFoot"] = CFrame.new(-8.940696716308594e-08, 1.1920928955078125e-07, -3.55576048605144e-08, 0.8731173276901245, 0.44818297028541565, 0.19182835519313812, -0.4829263985157013, 0.7413034439086914, 0.46610260009765625, 0.06669619679450989, -0.49960121512413025, 0.8636841177940369),
            ["LowerTorso"] = CFrame.new(0.05791720375418663, -0.16944539546966553, 0.10702572762966156, 0.825525164604187, 0.11745418608188629, -0.5520080924034119, -0.10659703612327576, 0.9929490089416504, 0.05186063423752785, 0.5542070865631104, 0.016030173748731613, 0.8322245478630066),
            ["RightUpperLeg"] = CFrame.new(-0.021077275276184082, 0.017582513391971588, 0.003119779983535409, 0.7086971402168274, -0.6920026540756226, -0.13740763068199158, 0.592668890953064, 0.6896025538444519, -0.41616326570510864, 0.38274267315864563, 0.21349626779556274, 0.8988478183746338),
            ["WowowoOmgKnife"] = CFrame.new(-1.2650707503780723e-07, 2.0788360188817023e-07, -0.0015522735193371773, 1, -0.000015794670616742224, -1.2268571936147055e-07, 0.000015848576367716305, 1, 0.00010923538502538577, 1.1336442895526488e-07, -0.00010923773515969515, 1),
        }},
        {Time = 0.200, Data = {
            ["LeftLowerArm"] = CFrame.new(-4.470348358154297e-08, -5.960464477539063e-08, 0.000002130866050720215, 1, 6.984918421437669e-09, 2.9802318834981634e-08, -1.1175867342672063e-08, 0.9666345715522766, -0.2561595141887665, 0, 0.25615960359573364, 0.9666345119476318),
            ["LeftFoot"] = CFrame.new(-5.960464477539063e-08, 1.1920928955078125e-07, -3.166496753692627e-08, 0.9548631310462952, -0.2873106002807617, 0.07542560249567032, 0.2893332540988922, 0.9570741057395935, -0.01718752086162567, -0.06725004315376282, 0.03823474422097206, 0.9970033168792725),
            ["RightHand"] = CFrame.new(5.960464477539063e-08, -1.1920928955078125e-07, 2.980232238769531e-07, 0.6168418526649475, 0.10926008224487305, 0.7794668078422546, -0.014800437726080418, 0.9917532801628113, -0.12730439007282257, -0.7869480848312378, 0.06699018180370331, 0.6133719682693481),
            ["HumanoidRootPart"] = CFrame.new(0, 0, 0, 1, 0, 0, 0, 1, 0, 0, 0, 1),
            ["RightLowerLeg"] = CFrame.new(-2.9802322387695312e-08, -1.7881393432617188e-07, -0.000002784821845125407, 1, -2.980232949312267e-08, -1.1920930376163597e-07, -5.960465898624534e-08, 0.971149742603302, 0.23847071826457977, -2.980232949312267e-08, -0.23847083747386932, 0.971149742603302),
            ["LeftUpperLeg"] = CFrame.new(0, -1.7508864402770996e-07, 7.450580596923828e-09, 0.9311280250549316, 0.2543298304080963, 0.2613755762577057, -0.16378380358219147, 0.9319824576377869, -0.3233937621116638, -0.3258459270000458, 0.258311927318573, 0.9094499945640564),
            ["LeftLowerLeg"] = CFrame.new(-8.195638656616211e-08, 5.960464477539062e-07, 0.0000028908252716064453, 1, -6.7520877777837995e-09, 3.445894236620006e-08, 0, 0.9222822785377502, 0.3865172564983368, 3.725290653733282e-08, -0.38651707768440247, 0.9222822189331055),
            ["RightUpperArm"] = CFrame.new(2.384185791015625e-07, 4.76837158203125e-07, 7.450580596923828e-08, 0.08112426102161407, -0.9934446811676025, 0.0805400162935257, 0.24991527199745178, 0.09849958121776581, 0.9632446765899658, -0.9648633599281311, -0.05801418423652649, 0.2562676966190338),
            ["Head"] = CFrame.new(4.6566128730773926e-09, 2.384185791015625e-07, 2.2351741790771484e-08, 0.825415849685669, 0.24663126468658447, -0.5078008770942688, 0.11465197056531906, 0.8075341582298279, 0.5785706043243408, 0.5527600049972534, -0.5357814431190491, 0.6382744312286377),
            ["UpperTorso"] = CFrame.new(2.9802322387695312e-08, -8.940696716308594e-08, -1.4901161193847656e-08, 0.9677513241767883, -0.11269766092300415, -0.22529228031635284, 0.12270452827215195, 0.9919629096984863, 0.03087354078888893, 0.22000227868556976, -0.05752229690551758, 0.9738019704818726),
            ["LeftUpperArm"] = CFrame.new(-1.1920928955078125e-07, 4.76837158203125e-07, 4.470348358154297e-08, 0.8652981519699097, 0.2786792814731598, -0.4166501462459564, -0.10297121107578278, 0.9123060703277588, 0.3963516652584076, 0.4905671775341034, -0.30005934834480286, 0.8181126117706299),
            ["RightLowerArm"] = CFrame.new(2.980232238769531e-07, 2.384185791015625e-07, -0.000002339482307434082, 1, -3.725288078015865e-09, 3.725290653733282e-08, 6.51925624595151e-09, 0.27540889382362366, -0.9613271951675415, -5.5879340266073996e-08, 0.9613271951675415, 0.275409072637558),
            ["LeftHand"] = CFrame.new(-5.960464477539063e-08, 2.384185791015625e-07, 8.940696716308594e-08, 0.9134246110916138, 0.16738983988761902, 0.3709934651851654, -0.1353834867477417, 0.9845669865608215, -0.11090175807476044, -0.3838317394256592, 0.05107400566339493, 0.9219896197319031),
            ["RightFoot"] = CFrame.new(-5.960464477539063e-08, 2.980232238769531e-07, 1.5815749065950513e-07, 0.8599356412887573, 0.47491908073425293, 0.18698367476463318, -0.5102589726448059, 0.7912379503250122, 0.33701369166374207, 0.012105694971978664, -0.38522014021873474, 0.922745406627655),
            ["LowerTorso"] = CFrame.new(0.10040947794914246, -0.18740582466125488, 0.12244923412799835, 0.8563938140869141, 0.12012583762407303, -0.5021549463272095, -0.12674178183078766, 0.9917115569114685, 0.021087754517793655, 0.5005260705947876, 0.045584581792354584, 0.8645206093788147),
            ["RightUpperLeg"] = CFrame.new(-0.024832844734191895, 0.02071506530046463, 0.004263253882527351, 0.6699395179748535, -0.7197398543357849, -0.18208694458007812, 0.6269768476486206, 0.6798378825187683, -0.3804214298725128, 0.39759424328804016, 0.14069484174251556, 0.9067105054855347),
            ["WowowoOmgKnife"] = CFrame.new(-2.1552114048972726e-07, -1.2005835969830514e-07, -0.001552272355183959, 1, -0.000015811057892278768, -1.1621644091519556e-07, 0.000015817726307432167, 1, 0.0001092770544346422, 1.208144766451369e-07, -0.00010924354864982888, 1),
        }},
        {Time = 0.233, Data = {
            ["LeftLowerArm"] = CFrame.new(2.9802322387695312e-08, 2.384185791015625e-07, 0.000002115964889526367, 1, 2.2351748896198842e-08, 1.052394793532585e-07, 1.4901162970204496e-08, 0.9534963965415955, -0.30140450596809387, -5.2154071283894154e-08, 0.30140459537506104, 0.9534963965415955),
            ["LeftFoot"] = CFrame.new(6.705522537231445e-08, -5.960464477539063e-08, -1.257285475730896e-08, 0.9462594985961914, -0.318494975566864, 0.05616012215614319, 0.3161050081253052, 0.9475345611572266, 0.04749654233455658, -0.06834112852811813, -0.027191534638404846, 0.9972913861274719),
            ["RightHand"] = CFrame.new(2.384185791015625e-07, -5.960464477539063e-08, -7.450580596923828e-08, 0.6741829514503479, 0.37300214171409607, 0.6374533772468567, -0.30760273337364197, 0.9264866709709167, -0.21680167317390442, -0.6714596152305603, -0.04991847276687622, 0.7393579483032227),
            ["HumanoidRootPart"] = CFrame.new(0, 0, 0, 1, 0, 0, 0, 1, 0, 0, 0, 1),
            ["RightLowerLeg"] = CFrame.new(0, -9.5367431640625e-07, -0.0000029040311346761882, 1, 5.960465188081798e-08, -1.527369164477932e-07, -1.0430809993522416e-07, 0.936475396156311, 0.3507334291934967, -5.960463056453591e-08, -0.3507334887981415, 0.9364754557609558),
            ["LeftUpperLeg"] = CFrame.new(0, -1.1548399925231934e-07, -3.725290298461914e-09, 0.9426294565200806, 0.24843578040599823, 0.22300085425376892, -0.18737617135047913, 0.9465676546096802, -0.2624879479408264, -0.2762967646121979, 0.20564374327659607, 0.9388135671615601),
            ["LeftLowerLeg"] = CFrame.new(2.60770320892334e-08, 6.556510925292969e-07, 0.000002905726432800293, 1, -1.210719347000122e-08, 1.3969840395589017e-08, 3.725290298461914e-09, 0.9543347358703613, 0.2987390458583832, 2.2351741790771484e-08, -0.29873931407928467, 0.9543349146842957),
            ["RightUpperArm"] = CFrame.new(0, 3.5762786865234375e-07, -7.450580596923828e-08, 0.2625211775302887, -0.9439270496368408, 0.20021076500415802, 0.5642508864402771, 0.31848689913749695, 0.7617000341415405, -0.7827539443969727, -0.08699341863393784, 0.6162213087081909),
            ["Head"] = CFrame.new(-3.818422555923462e-08, 2.384185791015625e-07, 7.450580596923828e-09, 0.7990577220916748, 0.26265770196914673, -0.5408489108085632, 0.13179746270179749, 0.801139771938324, 0.583784818649292, 0.5866312384605408, -0.5377601385116577, 0.6055392026901245),
            ["UpperTorso"] = CFrame.new(-1.4901161193847656e-08, -5.960464477539063e-08, -3.725290298461914e-09, 0.9651272296905518, -0.13405878841876984, -0.2248506247997284, 0.15085196495056152, 0.986784040927887, 0.05916938930749893, 0.21394672989845276, -0.09102515131235123, 0.9725950956344604),
            ["LeftUpperArm"] = CFrame.new(0, 2.384185791015625e-07, -7.450580596923828e-08, 0.8450465798377991, 0.2951328456401825, -0.44586190581321716, -0.14045055210590363, 0.9271058440208435, 0.3474888205528259, 0.5159165859222412, -0.23102273046970367, 0.8248991966247559),
            ["RightLowerArm"] = CFrame.new(0, 1.7881393432617188e-07, -0.0000022351741790771484, 1, 6.705523958316917e-08, -5.215408904746255e-08, 1.4901162970204496e-08, 0.4433813691139221, -0.8963331580162048, -8.940698137394065e-08, 0.8963331580162048, 0.4433813691139221),
            ["LeftHand"] = CFrame.new(0, -2.980232238769531e-07, 1.4901161193847656e-08, 0.8743733763694763, 0.16929984092712402, 0.45476245880126953, -0.13643792271614075, 0.9851303696632385, -0.10441666841506958, -0.46567800641059875, 0.029252376407384872, 0.8844706416130066),
            ["RightFoot"] = CFrame.new(-2.9802322387695312e-08, 1.7881393432617188e-07, 1.1008523870259523e-08, 0.839532196521759, 0.5145213007926941, 0.17450986802577972, -0.5398242473602295, 0.8262718915939331, 0.16082434356212616, -0.061445027589797974, -0.22922182083129883, 0.9714328646659851),
            ["LowerTorso"] = CFrame.new(0.16773375868797302, -0.20722901821136475, 0.13856258988380432, 0.883895218372345, 0.12279181182384491, -0.45127761363983154, -0.1464996188879013, 0.9890501499176025, -0.01782282441854477, 0.4441477060317993, 0.08186551183462143, 0.8922056555747986),
            ["RightUpperLeg"] = CFrame.new(-0.026289284229278564, 0.021930012851953506, 0.005490683019161224, 0.633053183555603, -0.7418720126152039, -0.2210647165775299, 0.6559765934944153, 0.6657360792160034, -0.355654776096344, 0.4110211133956909, 0.08013498783111572, 0.9080969095230103),
            ["WowowoOmgKnife"] = CFrame.new(2.0203879103064537e-07, -3.430518518143799e-07, -0.0015522746834903955, 1, -0.000015834377336432226, -1.207965283356316e-07, 0.000015794559658388607, 1, 0.00010921326611423865, 1.2640199997804302e-07, -0.00010927766561508179, 1),
        }},
        {Time = 0.267, Data = {
            ["LeftLowerArm"] = CFrame.new(-1.1920928955078125e-07, 4.76837158203125e-07, 0.000002115964889526367, 1, -2.9802322387695312e-08, -8.175266685839233e-08, 7.450580596923828e-09, 0.918907880783081, -0.3944723904132843, 7.078051567077637e-08, 0.39447227120399475, 0.9189078211784363),
            ["LeftFoot"] = CFrame.new(1.1920928955078125e-07, 0, 2.2351741790771484e-08, 0.9355422854423523, -0.34967005252838135, 0.04991716891527176, 0.3332003057003021, 0.9205693006515503, 0.2037883996963501, -0.1172110065817833, -0.1740201711654663, 0.9777415990829468),
            ["RightHand"] = CFrame.new(-1.1920928955078125e-07, 5.960464477539063e-08, -5.960464477539063e-08, 0.6393231153488159, 0.5849505662918091, 0.49909794330596924, -0.5607909560203552, 0.7987860441207886, -0.21784023940563202, -0.5260982513427734, -0.14061935245990753, 0.8387174010276794),
            ["HumanoidRootPart"] = CFrame.new(0, 0, 0, 1, 0, 0, 0, 1, 0, 0, 0, 1),
            ["RightLowerLeg"] = CFrame.new(-2.9802322387695312e-08, -5.960464477539062e-07, -0.0000030232404242269695, 1, 1.4901161193847656e-08, 4.656611096720553e-08, -4.4703469370688254e-08, 0.9457353949546814, 0.3249378502368927, 1.043080928297968e-07, -0.32493796944618225, 0.9457353353500366),
            ["LeftUpperLeg"] = CFrame.new(-0.005787491798400879, -0.017741288989782333, -0.00025525689125061035, 0.9514988660812378, 0.2370244562625885, 0.19613611698150635, -0.2222578227519989, 0.9703997373580933, -0.09447746723890305, -0.21272383630275726, 0.04630235582590103, 0.9760147333145142),
            ["LeftLowerLeg"] = CFrame.new(-2.60770320892334e-08, 8.344650268554688e-07, 0.0000029280781745910645, 1, -2.2351745343485163e-08, 5.21540641784668e-08, 2.6077035641947077e-08, 0.999990701675415, 0.004328593611717224, 3.725290653733282e-08, -0.004328564275056124, 0.9999906420707703),
