return {
    ["HANA"] = {
        {Time = 0.000, Data = {
            ["RightFoot"] = CFrame.new(-4.284083843231201e-08, 3.5762786865234375e-07, 6.781920092180371e-08, 0.9933015704154968, -0.11197026073932648, -0.028542781248688698, 0.03939592465758324, 0.5603747963905334, -0.8273016810417175, 0.10862813889980316, 0.8206355571746826, 0.5610324740409851),
            ["LeftLowerArm"] = CFrame.new(-1.7881393432617188e-07, -1.1920928955078125e-07, -4.470348358154297e-08, 1, -4.470347647611561e-08, 7.450581307466564e-08, 8.940696716308594e-08, 0.41411224007606506, -0.9102256894111633, 7.078051567077637e-08, 0.9102258682250977, 0.4141126275062561),
            ["LeftFoot"] = CFrame.new(-2.2351741790771484e-08, 0, -3.725290298461914e-09, 0.9606759548187256, 0.26906731724739075, 0.0685892179608345, -0.2518698573112488, 0.9483882188796997, -0.19266940653324127, -0.11689004302024841, 0.1678171455860138, 0.9788636565208435),
            ["Head"] = CFrame.new(5.960464477539063e-08, -3.5762786865234375e-07, -8.940696716308594e-08, 0.7329288721084595, -0.14214423298835754, -0.6652896404266357, -0.16668012738227844, 0.9106014966964722, -0.3781833052635193, 0.6595702767372131, 0.38807210326194763, 0.643713653087616),
            ["LowerTorso"] = CFrame.new(-0.2505315840244293, -0.6638144254684448, -0.07388009876012802, 0.6084524393081665, 0.1831003874540329, 0.7721787095069885, -0.27675116062164307, 0.9608919024467468, -0.009777226485311985, -0.7437704205513, -0.20775236189365387, 0.6353302001953125),
            ["UpperTorso"] = CFrame.new(2.9802322387695312e-08, -8.940696716308594e-08, 2.60770320892334e-08, 0.9915708899497986, -0.05336752533912659, -0.11806455254554749, 0.10022188723087311, 0.8934358954429626, 0.43786734342575073, 0.08211514353752136, -0.44600918889045715, 0.891253650188446),
            ["HumanoidRootPart"] = CFrame.new(0, 0, 0, 1, 0, 0, 0, 1, 0, 0, 0, 1),
            ["RightUpperLeg"] = CFrame.new(0, -2.9802322387695312e-08, 2.029992174357176e-09, 0.950916051864624, -0.30898064374923706, -0.017025593668222427, 0.14177553355693817, 0.483911395072937, -0.8635561466217041, 0.2750609815120697, 0.8187556862831116, 0.5039653182029724),
            ["LeftUpperArm"] = CFrame.new(0, 5.960464477539062e-07, 1.434236764907837e-07, 0.9892932772636414, 0.11668798327445984, -0.08765203505754471, -0.13661590218544006, 0.9516985416412354, -0.2749655842781067, 0.051333196461200714, 0.2839962840080261, 0.9574503898620605),
            ["RightLowerArm"] = CFrame.new(4.76837158203125e-07, -5.960464477539063e-08, -7.450580596923828e-09, 1, -8.195642919872625e-08, 2.2351734685344127e-08, 8.940696716308594e-08, 0.8455844521522522, -0.5338415503501892, 7.450580596923828e-09, 0.5338417887687683, 0.8455845713615417),
            ["LeftHand"] = CFrame.new(-1.7881393432617188e-07, -1.1920928955078125e-07, -7.450580596923828e-09, 0.7584754228591919, 0.5894829630851746, -0.2778942286968231, -0.6432963013648987, 0.7454783916473389, -0.1744469851255417, 0.1043306440114975, 0.3110818862915039, 0.9446391463279724),
            ["RightHand"] = CFrame.new(4.172325134277344e-07, 1.1920928955078125e-07, -1.7881393432617188e-07, 0.33566513657569885, -0.9419165849685669, 0.011044464074075222, 0.8406705260276794, 0.29425397515296936, -0.4546296000480652, 0.4249729812145233, 0.1618880033493042, 0.8906121253967285),
            ["RightUpperArm"] = CFrame.new(-5.960464477539063e-08, 4.76837158203125e-07, 1.4901161193847656e-08, 0.6235948204994202, -0.4110889136791229, -0.6649326682090759, 0.6298409104347229, 0.7680355310440063, 0.11585364490747452, 0.4630658030509949, -0.49104729294776917, 0.7378634810447693),
            ["RightLowerLeg"] = CFrame.new(1.4901161193847656e-08, -0.00012248754501342773, -0.00007744709000689909, 1, -1.490115550950577e-07, -2.3096805534805753e-07, 1.4901161193847656e-07, -0.34618815779685974, 0.9381651878356934, -1.1175870895385742e-07, -0.9381651282310486, -0.34618818759918213),
            ["LeftUpperLeg"] = CFrame.new(-1.1920928955078125e-07, 1.862645149230957e-08, 3.5390257835388184e-08, 0.8249428868293762, -0.26128169894218445, 0.5011998414993286, 0.5641122460365295, 0.43599414825439453, -0.7012035250663757, -0.035308655351400375, 0.8611857891082764, 0.507062554359436),
            ["LeftLowerLeg"] = CFrame.new(1.2665987014770508e-07, 0.0001226663589477539, 0.00007736869156360626, 1, 1.49011640360186e-07, 1.1548398504146462e-07, -1.6391277313232422e-07, 0.39751023054122925, 0.917597770690918, 0, -0.9175978302955627, 0.3975103497505188),
        }},
        {Time = 0.025, Data = {
            ["RightFoot"] = CFrame.new(-2.9802322387695312e-08, 4.172325134277344e-07, 2.3581378627568483e-08, 0.9929236173629761, -0.11507515609264374, -0.02933414652943611, 0.04271251708269119, 0.5765383839607239, -0.8159527778625488, 0.11080794781446457, 0.808925986289978, 0.5773739814758301),
            ["LeftLowerArm"] = CFrame.new(0, 4.76837158203125e-07, -2.9802322387695312e-08, 1, -2.980232594040899e-08, 1.341104507446289e-07, 1.1920931797249068e-07, 0.30464205145835876, -0.9524669051170349, 4.4703494239684005e-08, 0.9524670243263245, 0.30464211106300354),
            ["LeftFoot"] = CFrame.new(-2.9802322387695312e-08, 1.7881393432617188e-07, -7.82310962677002e-08, 0.957602322101593, 0.27916568517684937, 0.07116355001926422, -0.2606297433376312, 0.9447249174118042, -0.19891510903835297, -0.12276002764701843, 0.1719343215227127, 0.9774296283721924),
            ["Head"] = CFrame.new(0, 0, -5.960464477539063e-08, 0.7282911539077759, -0.1268724948167801, -0.6734206080436707, -0.15855249762535095, 0.9248479008674622, -0.34571269154548645, 0.6666732430458069, 0.35855212807655334, 0.6534426808357239),
            ["LowerTorso"] = CFrame.new(-0.2441493272781372, -0.6797783374786377, -0.05837109684944153, 0.6269823312759399, 0.17678113281726837, 0.758710503578186, -0.27000123262405396, 0.9628592729568481, -0.0012248766142874956, -0.7307478785514832, -0.2040848284959793, 0.6514267921447754),
            ["UpperTorso"] = CFrame.new(-7.450580596923828e-09, -8.940696716308594e-08, 3.958120942115784e-08, 0.9897454380989075, -0.05225258320569992, -0.13294310867786407, 0.10759825259447098, 0.8848567008972168, 0.4532673954963684, 0.09395112097263336, -0.46292370557785034, 0.8814050555229187),
            ["HumanoidRootPart"] = CFrame.new(0, 0, 0, 1, 0, 0, 0, 1, 0, 0, 0, 1),
            ["RightUpperLeg"] = CFrame.new(-5.960464477539063e-08, 1.94646418094635e-07, 6.1285390984267e-08, 0.9600817561149597, -0.2797096073627472, 0.0023720862809568644, 0.13381962478160858, 0.4518452286720276, -0.8820023536682129, 0.24563296139240265, 0.8471117615699768, 0.4712391197681427),
            ["LeftUpperArm"] = CFrame.new(0, 1.1920928955078125e-07, 1.4528632164001465e-07, 0.9952293634414673, 0.09633944928646088, -0.0154009610414505, -0.09640292078256607, 0.9467968940734863, -0.30705392360687256, -0.014999788254499435, 0.30707404017448425, 0.9515674710273743),
            ["RightLowerArm"] = CFrame.new(0, -1.1920928955078125e-07, -3.632158041000366e-08, 1, -5.215405707303944e-08, 8.940696716308594e-08, 2.9802318834981634e-08, 0.8069038391113281, -0.5906825065612793, -3.7252898543727042e-09, 0.5906828045845032, 0.8069040775299072),
            ["LeftHand"] = CFrame.new(3.3527612686157227e-08, -2.384185791015625e-07, -1.601874828338623e-07, 0.7800968885421753, 0.5473530292510986, -0.303073912858963, -0.6086113452911377, 0.7761741876602173, -0.1647602617740631, 0.14505580067634583, 0.31298312544822693, 0.938616156578064),
            ["RightHand"] = CFrame.new(-5.960464477539063e-08, -1.1920928955078125e-07, 2.682209014892578e-07, 0.37014928460121155, -0.9239119291305542, 0.09683163464069366, 0.8477599620819092, 0.2933284342288971, -0.4418841600418091, 0.37985873222351074, 0.24565266072750092, 0.8918307423591614),
            ["RightUpperArm"] = CFrame.new(0, 5.960464477539062e-07, 5.960464477539063e-08, 0.5291667580604553, -0.44779109954833984, -0.720739483833313, 0.6642099618911743, 0.7471786141395569, 0.023445164784789085, 0.5280224680900574, -0.49112847447395325, 0.6928094625473022),
            ["RightLowerLeg"] = CFrame.new(-8.940696716308594e-08, -0.00012254714965820312, -0.00007723847375018522, 1, -1.8626447229053156e-07, -2.905726432800293e-07, 2.0861619987044833e-07, -0.3641493618488312, 0.9313405752182007, -1.713633110966839e-07, -0.9313406348228455, -0.36414945125579834),
            ["LeftUpperLeg"] = CFrame.new(-1.1920928955078125e-07, 3.725290298461914e-08, 7.695052772760391e-08, 0.8203460574150085, -0.23199333250522614, 0.5226963758468628, 0.5691983103752136, 0.41944873332977295, -0.7071605920791626, -0.05518807843327522, 0.8776342272758484, 0.4761435091495514),
            ["LeftLowerLeg"] = CFrame.new(-5.960464477539063e-08, 0.0001227259635925293, 0.00007755309343338013, 1, 1.6391277313232422e-07, 1.7881393432617188e-07, -1.7881390590446244e-07, 0.37458816170692444, 0.9271911382675171, 5.215405707303944e-08, -0.9271913766860962, 0.37458860874176025),
        }},
        {Time = 0.033, Data = {
            ["HumanoidRootPart"] = CFrame.new(0, 0, 0, 1, 0, 0, 0, 1, 0, 0, 0, 1),
            ["UpperTorso"] = CFrame.new(0, 0, 0, 1, 0, 0, 0, 1, 0, 0, 0, 1),
            ["LowerTorso"] = CFrame.new(0, 0, 0, 1, 0, 0, 0, 1, 0, 0, 0, 1),
            ["Head"] = CFrame.new(0, 0, 0, 1, 0, 0, 0, 1, 0, 0, 0, 1),
        }},
        {Time = 0.049, Data = {
            ["RightFoot"] = CFrame.new(2.60770320892334e-08, 3.5762786865234375e-07, 2.9169314075261354e-08, 0.9917778968811035, -0.12400618940591812, -0.03161065652966499, 0.050970155745744705, 0.6093522310256958, -0.7912597060203552, 0.11738316714763641, 0.783142626285553, 0.6106627583503723),
            ["LeftLowerArm"] = CFrame.new(1.1920928955078125e-07, 2.980232238769531e-07, 1.7881393432617188e-07, 1, -1.4901162970204496e-08, 2.2351747119842003e-08, 1.1920930376163597e-07, 0.1943342536687851, -0.9809354543685913, -4.0978196835794733e-08, 0.9809354543685913, 0.19433413445949554),
            ["LeftFoot"] = CFrame.new(2.9802322387695312e-08, 0, -9.313225746154785e-09, 0.95600426197052, 0.28426218032836914, 0.07246284186840057, -0.263721227645874, 0.9409903287887573, -0.21210505068302155, -0.12847988307476044, 0.1836632341146469, 0.9745566844940186),
            ["Head"] = CFrame.new(-2.9802322387695312e-08, 0, -5.960464477539063e-08, 0.7447906732559204, -0.1014849990606308, -0.6595360636711121, -0.1530817300081253, 0.9360241293907166, -0.31689879298210144, 0.649502158164978, 0.33698633313179016, 0.6816064119338989),
            ["LowerTorso"] = CFrame.new(-0.23407244682312012, -0.6833431720733643, -0.044762346893548965, 0.663652241230011, 0.16582559049129486, 0.7294296026229858, -0.2576359510421753, 0.9661293029785156, 0.014767339453101158, -0.7022744417190552, -0.19772768020629883, 0.6838964819908142),
            ["UpperTorso"] = CFrame.new(0, -5.960464477539063e-08, 0, 0.987829864025116, -0.05228909105062485, -0.14648589491844177, 0.11481765657663345, 0.8804723620414734, 0.45998406410217285, 0.10492453724145889, -0.4712052047252655, 0.8757606148719788),
            ["HumanoidRootPart"] = CFrame.new(0, 0, 0, 1, 0, 0, 0, 1, 0, 0, 0, 1),
            ["RightUpperLeg"] = CFrame.new(0, -3.1478703022003174e-07, -7.283233571797609e-09, 0.9738730192184448, -0.22641536593437195, 0.017537575215101242, 0.11383301764726639, 0.4198819696903229, -0.9004116058349609, 0.19650334119796753, 0.8788830041885376, 0.4346853792667389),
            ["LeftUpperArm"] = CFrame.new(-1.1920928955078125e-07, -2.384185791015625e-07, -3.0547380447387695e-07, 0.9943417906761169, 0.0783025398850441, 0.07178602367639542, -0.04852503538131714, 0.9359498023986816, -0.348773717880249, -0.09449777752161026, 0.34331730008125305, 0.9344536662101746),
            ["RightLowerArm"] = CFrame.new(3.5762786865234375e-07, 0, 1.7881393432617188e-07, 1, -1.4901157641133977e-08, 8.195635814445268e-08, 0, 0.7345197796821594, -0.6785871386528015, 0, 0.6785872578620911, 0.7345199584960938),
            ["LeftHand"] = CFrame.new(5.029141902923584e-08, 5.960464477539063e-08, 2.3655593395233154e-07, 0.8166474103927612, 0.4930175542831421, -0.30003467202186584, -0.5523392558097839, 0.8183944821357727, -0.15859301388263702, 0.16735737025737762, 0.29523584246635437, 0.9406527280807495),
            ["RightHand"] = CFrame.new(0, 0, 8.195638656616211e-08, 0.4099612236022949, -0.8999343514442444, 0.14849287271499634, 0.8486606478691101, 0.3166999816894531, -0.4236462712287903, 0.33422595262527466, 0.29969853162765503, 0.8935736417770386),
            ["RightUpperArm"] = CFrame.new(-1.7881393432617188e-07, 3.5762786865234375e-07, -1.7881393432617188e-07, 0.46529698371887207, -0.49252063035964966, -0.7354744076728821, 0.6795122623443604, 0.7312242388725281, -0.05978158861398697, 0.5672404766082764, -0.4719477593898773, 0.6749101877212524),
            ["RightLowerLeg"] = CFrame.new(-4.470348358154297e-08, -0.00012254714965820312, -0.00007746199116809294, 1, -1.6391271628890536e-07, -2.0861628513557662e-07, 4.470348358154297e-08, -0.3598419427871704, 0.9330133199691772, -2.682209014892578e-07, -0.9330132603645325, -0.35984209179878235),
            ["LeftUpperLeg"] = CFrame.new(5.960464477539063e-08, 5.587935447692871e-08, 1.4901161193847656e-08, 0.8201553821563721, -0.1830272525548935, 0.5420758128166199, 0.5647029876708984, 0.41123148798942566, -0.7155411839485168, -0.09195542335510254, 0.8929668068885803, 0.44062986969947815),
            ["LeftLowerLeg"] = CFrame.new(5.960464477539063e-08, 0.0001226663589477539, 0.00007723085582256317, 1, 1.341104507446289e-07, 2.2351736461700966e-08, -1.1920927533992653e-07, 0.355951726436615, 0.9345042705535889, 1.1175869119028903e-08, -0.9345043301582336, 0.35595181584358215),
        }},
        {Time = 0.067, Data = {
            ["HumanoidRootPart"] = CFrame.new(0, 0, 0, 1, 0, 0, 0, 1, 0, 0, 0, 1),
            ["UpperTorso"] = CFrame.new(0, 0, 0, 1, 0, 0, 0, 1, 0, 0, 0, 1),
            ["LowerTorso"] = CFrame.new(0, 0, 0, 1, 0, 0, 0, 1, 0, 0, 0, 1),
            ["Head"] = CFrame.new(0, 0, 0, 1, 0, 0, 0, 1, 0, 0, 0, 1),
        }},
        {Time = 0.073, Data = {
            ["RightFoot"] = CFrame.new(2.7939677238464355e-08, 2.384185791015625e-07, -6.442860467359424e-08, 0.9909559488296509, -0.13002929091453552, -0.033145856112241745, 0.061200112104415894, 0.6577751040458679, -0.750723659992218, 0.11941886693239212, 0.7419058680534363, 0.6597844958305359),
            ["LeftLowerArm"] = CFrame.new(0, 1.1920928955078125e-07, 0, 1, -7.823108916227284e-08, 2.9802318834981634e-08, 4.0978189730367376e-08, 0.058007705956697464, -0.9983161091804504, -5.960463766996327e-08, 0.9983161687850952, 0.05800775811076164),
            ["LeftFoot"] = CFrame.new(1.4901161193847656e-08, 0, 1.0058283805847168e-07, 0.9556782245635986, 0.28528979420661926, 0.07272443175315857, -0.2628987729549408, 0.938127338886261, -0.22539232671260834, -0.13252706825733185, 0.19628305733203888, 0.9715501070022583),
            ["Head"] = CFrame.new(-2.384185791015625e-07, 4.76837158203125e-07, -1.1920928955078125e-07, 0.7761722207069397, -0.088890939950943, -0.6242236495018005, -0.13549058139324188, 0.9433708190917969, -0.30280980467796326, 0.615791380405426, 0.31960898637771606, 0.7201743125915527),
            ["LowerTorso"] = CFrame.new(-0.22132162749767303, -0.672791600227356, -0.02936653420329094, 0.7133198380470276, 0.15194009244441986, 0.6841703057289124, -0.24061843752861023, 0.9699718952178955, 0.03545941784977913, -0.6582382321357727, -0.1899178922176361, 0.7284597754478455),
            ["UpperTorso"] = CFrame.new(-1.4901161193847656e-08, 1.4901161193847656e-07, -1.4901161193847656e-08, 0.9865546822547913, -0.04976540803909302, -0.15567059814929962, 0.11720725148916245, 0.879252552986145, 0.4617115557193756, 0.11389650404453278, -0.47374939918518066, 0.8732635974884033),
            ["HumanoidRootPart"] = CFrame.new(0, 0, 0, 1, 0, 0, 0, 1, 0, 0, 0, 1),
            ["RightUpperLeg"] = CFrame.new(-5.960464477539063e-08, 3.2223761081695557e-07, 7.653579814359546e-08, 0.9874502420425415, -0.15434667468070984, 0.03345656767487526, 0.09199372678995132, 0.38993561267852783, -0.9162355065345764, 0.12837180495262146, 0.907814621925354, 0.3992409408092499),
            ["LeftUpperArm"] = CFrame.new(-2.384185791015625e-07, 4.76837158203125e-07, 7.450580596923828e-08, 0.9842516779899597, 0.0730438157916069, 0.16097672283649445, -0.005918504204601049, 0.9237430095672607, -0.3829672932624817, -0.17667405307292938, 0.3759833872318268, 0.9096276760101318),
            ["RightLowerArm"] = CFrame.new(-2.384185791015625e-07, -3.5762786865234375e-07, -8.940696716308594e-08, 1, -4.470347292340193e-08, 7.450577754752885e-08, 1.1920930376163597e-07, 0.6008854508399963, -0.7993351221084595, -1.4901162970204496e-08, 0.7993351817131042, 0.6008855700492859),
            ["LeftHand"] = CFrame.new(1.1175870895385742e-07, -1.1920928955078125e-07, -2.644956111907959e-07, 0.8708770871162415, 0.4093899428844452, -0.27197974920272827, -0.4583239257335663, 0.8762833476066589, -0.14854881167411804, 0.17751680314540863, 0.2540225684642792, 0.9507682919502258),
            ["RightHand"] = CFrame.new(5.960464477539063e-08, 0, -2.9802322387695312e-08, 0.5113393664360046, -0.8458662629127502, 0.15179942548274994, 0.8138303756713867, 0.41987961530685425, -0.4017223119735718, 0.27606573700904846, 0.32895520329475403, 0.9030925631523132),
            ["RightUpperArm"] = CFrame.new(-2.384185791015625e-07, 0, 4.470348358154297e-08, 0.43683376908302307, -0.5225925445556641, -0.7321704626083374, 0.675041139125824, 0.7284172773361206, -0.1171647384762764, 0.594555139541626, -0.44306352734565735, 0.6709685325622559),
            ["RightLowerLeg"] = CFrame.new(-1.1175870895385742e-07, -0.00012248754501342773, -0.00007736513362033293, 1, -1.4156097449813387e-07, -2.1606693678677402e-07, 1.5646223516796454e-07, -0.33076316118240356, 0.9437139630317688, -1.1920931797249068e-07, -0.9437137842178345, -0.33076295256614685),
            ["LeftUpperLeg"] = CFrame.new(-5.960464477539063e-08, 4.3213367462158203e-07, 5.960464477539063e-08, 0.820923924446106, -0.12088532000780106, 0.5580956339836121, 0.5527791380882263, 0.41339394450187683, -0.7235613465309143, -0.14324526488780975, 0.9024921655654907, 0.4061875641345978),
            ["LeftLowerLeg"] = CFrame.new(-2.9802322387695312e-08, 0.0001227259635925293, 0.00007750652730464935, 1, 1.0430816388407038e-07, 1.341104365337742e-07, -1.4901162970204496e-08, 0.34951692819595337, 0.9369301199913025, -1.4901162970204496e-08, -0.9369301795959473, 0.34951671957969666),
        }},
        {Time = 0.097, Data = {
            ["RightFoot"] = CFrame.new(0, 3.5762786865234375e-07, -1.1099473340436816e-07, 0.991158127784729, -0.12857483327388763, -0.032775431871414185, 0.0695982277393341, 0.7140899300575256, -0.6965852975845337, 0.11296802014112473, 0.6881453394889832, 0.7167251110076904),
            ["LeftLowerArm"] = CFrame.new(5.960464477539063e-08, 0, -1.7881393432617188e-07, 1, -2.5960616767406464e-08, 1.4156097449813387e-07, 7.450581307466564e-08, -0.11240729689598083, -0.9936622381210327, 1.6763807764164085e-07, 0.9936622977256775, -0.11240734905004501),
            ["LeftFoot"] = CFrame.new(-3.725290298461914e-08, 5.960464477539063e-08, -2.086162567138672e-07, 0.9559481143951416, 0.2844398319721222, 0.07250738143920898, -0.26097238063812256, 0.936641275882721, -0.23365923762321472, -0.13437534868717194, 0.20444363355636597, 0.9696113467216492),
            ["Head"] = CFrame.new(-2.9802322387695312e-08, -2.384185791015625e-07, -3.129243850708008e-07, 0.811747133731842, -0.08747018873691559, -0.5774214267730713, -0.10991042852401733, 0.9481711387634277, -0.2981463670730591, 0.5735732913017273, 0.30548426508903503, 0.7600613236427307),
            ["LowerTorso"] = CFrame.new(-0.20999635756015778, -0.648398756980896, -0.010252967476844788, 0.7678942680358887, 0.1385001242160797, 0.6254248023033142, -0.22295904159545898, 0.9730854630470276, 0.05825888365507126, -0.6005228161811829, -0.18418076634407043, 0.7781066298484802),
            ["UpperTorso"] = CFrame.new(6.332993507385254e-08, -1.4901161193847656e-07, 1.1175870895385742e-08, 0.9859132170677185, -0.04665297642350197, -0.16061963140964508, 0.11667164415121078, 0.8799203038215637, 0.46057361364364624, 0.11984538286924362, -0.4728253185749054, 0.8729680776596069),
            ["HumanoidRootPart"] = CFrame.new(0, 0, 0, 1, 0, 0, 0, 1, 0, 0, 0, 1),
            ["RightUpperLeg"] = CFrame.new(0, -4.6566128730773926e-08, -3.5222910810261965e-08, 0.9956837892532349, -0.0745110884308815, 0.05533429980278015, 0.07891128212213516, 0.36581215262413025, -0.9273374676704407, 0.048854827880859375, 0.9277012348175049, 0.3701127767562866),
            ["LeftUpperArm"] = CFrame.new(5.960464477539063e-08, 3.5762786865234375e-07, -2.384185791015625e-07, 0.9676936268806458, 0.07695449888706207, 0.2400982826948166, 0.02912742644548416, 0.9117844104766846, -0.4096350073814392, -0.25044116377830505, 0.40339455008506775, 0.8800864815711975),
            ["RightLowerArm"] = CFrame.new(-1.1920928955078125e-07, -1.1920928955078125e-07, -5.960464477539063e-08, 1, -1.415610029198433e-07, -7.450578820566989e-09, 1.0430811414607888e-07, 0.38611456751823425, -0.9224509596824646, 5.215405707303944e-08, 0.9224509000778198, 0.38611432909965515),
            ["LeftHand"] = CFrame.new(-2.5331974029541016e-07, 0, 1.9744038581848145e-07, 0.9470253586769104, 0.2428082674741745, -0.2102077603340149, -0.27048254013061523, 0.9559006690979004, -0.11442597210407257, 0.17315365374088287, 0.16522149741649628, 0.9709374308586121),
            ["RightHand"] = CFrame.new(-1.7881393432617188e-07, 2.384185791015625e-07, -5.960464477539063e-08, 0.7428363561630249, -0.6628229022026062, 0.09413139522075653, 0.6452994346618652, 0.6714578866958618, -0.3643246293067932, 0.1782776564359665, 0.3313760757446289, 0.926502525806427),
            ["RightUpperArm"] = CFrame.new(0, 0, -2.5331974029541016e-07, 0.4263656735420227, -0.5396563410758972, -0.7259360551834106, 0.6573307514190674, 0.7361627221107483, -0.16118702292442322, 0.621392548084259, -0.4084551930427551, 0.668607234954834),
            ["RightLowerLeg"] = CFrame.new(-4.470348358154297e-08, -0.00012242794036865234, -0.00007730180368525907, 1, -1.7136329688582919e-07, -1.7881397695873602e-07, 1.0058282384761696e-07, -0.2781788408756256, 0.9605294466018677, -2.0861622829215776e-07, -0.9605292677879333, -0.2781786322593689),
            ["LeftUpperLeg"] = CFrame.new(5.960464477539063e-08, 1.2293457984924316e-07, 6.332993507385254e-08, 0.8170534372329712, -0.05676394701004028, 0.5737611055374146, 0.5392377376556396, 0.4274645447731018, -0.7256008982658386, -0.2040746808052063, 0.902248203754425, 0.3798704147338867),
            ["LeftLowerLeg"] = CFrame.new(-1.6391277313232422e-07, 0.00012248754501342773, 0.00007735006511211395, 1, 9.685753354915505e-08, 1.8998976258899347e-07, -4.470347292340193e-08, 0.3627094328403473, 0.931902289390564, 0, -0.9319023489952087, 0.3627096116542816),
        }},
        {Time = 0.100, Data = {
            ["HumanoidRootPart"] = CFrame.new(0, 0, 0, 1, 0, 0, 0, 1, 0, 0, 0, 1),
            ["UpperTorso"] = CFrame.new(0, 0, 0, 1, 0, 0, 0, 1, 0, 0, 0, 1),
            ["LowerTorso"] = CFrame.new(0, 0, 0, 1, 0, 0, 0, 1, 0, 0, 0, 1),
            ["Head"] = CFrame.new(0, 0, 0, 1, 0, 0, 0, 1, 0, 0, 0, 1),
        }},
        {Time = 0.122, Data = {
            ["RightFoot"] = CFrame.new(5.587935447692871e-09, 3.5762786865234375e-07, 4.453613655641675e-08, 0.9923622608184814, -0.11953569948673248, -0.030471013858914375, 0.07329782098531723, 0.770054817199707, -0.633752703666687, 0.09922045469284058, 0.6266793012619019, 0.7729353308677673),
            ["LeftLowerArm"] = CFrame.new(1.7881393432617188e-07, -1.1920928955078125e-07, -3.725290298461914e-08, 1, -3.725289943190546e-08, 1.3038513202445756e-07, 4.470348358154297e-08, -0.29857078194618225, -0.9543874263763428, 1.1175870895385742e-07, 0.9543874859809875, -0.29857099056243896),
            ["LeftFoot"] = CFrame.new(5.960464477539063e-08, 0, 3.725290298461914e-09, 0.9573095440864563, 0.28010714054107666, 0.07140311598777771, -0.25659048557281494, 0.9371814131736755, -0.23633134365081787, -0.13311561942100525, 0.20792092382907867, 0.9690454602241516),
            ["Head"] = CFrame.new(-5.960464477539063e-08, 1.1920928955078125e-07, -2.682209014892578e-07, 0.8448230028152466, -0.10860054939985275, -0.5239085555076599, -0.06680145114660263, 0.95011305809021, -0.30466800928115845, 0.5308594703674316, 0.2923884987831116, 0.7954227328300476),
            ["LowerTorso"] = CFrame.new(-0.20297671854496002, -0.6114239692687988, 0.012074755504727364, 0.8216734528541565, 0.12846314907073975, 0.5552926659584045, -0.20665907859802246, 0.9751197695732117, 0.08020871877670288, -0.531173050403595, -0.1806616634130478, 0.827778160572052),
            ["UpperTorso"] = CFrame.new(-3.725290298461914e-09, 8.940696716308594e-08, 7.450580596923828e-09, 0.9862648248672485, -0.045016005635261536, -0.15891911089420319, 0.11432375013828278, 0.8804789185523987, 0.4600946009159088, 0.11921339482069016, -0.47194331884384155, 0.8735318183898926),
            ["HumanoidRootPart"] = CFrame.new(0, 0, 0, 1, 0, 0, 0, 1, 0, 0, 0, 1),
            ["RightUpperLeg"] = CFrame.new(1.1920928955078125e-07, 4.842877388000488e-08, 2.0656443666666746e-08, 0.996193528175354, 0.006582281086593866, 0.08692073076963425, 0.0789654403924942, 0.3541755974292755, -0.931839108467102, -0.036918506026268005, 0.9351557493209839, 0.3523077070713043),
            ["LeftUpperArm"] = CFrame.new(0, 0, 7.450580596923828e-08, 0.951632022857666, 0.09236778318881989, 0.29302725195884705, 0.04672711715102196, 0.8991327881813049, -0.43517449498176575, -0.3036663234233856, 0.42781826853752136, 0.8513273000717163),
            ["RightLowerArm"] = CFrame.new(4.172325134277344e-07, 1.1920928955078125e-07, -2.9802322387695312e-08, 1, -5.960464477539063e-08, 8.195639367158947e-08, 5.774199962615967e-08, 0.11972765624523163, -0.9928068518638611, 5.21540641784668e-08, 0.9928067922592163, 0.11972768604755402),
            ["LeftHand"] = CFrame.new(-1.4901161193847656e-07, -2.384185791015625e-07, -6.984919309616089e-08, 0.9910879135131836, -0.028217043727636337, -0.13018673658370972, 0.024600286036729813, 0.9992677569389343, -0.029305610805749893, 0.13091827929019928, 0.02584175020456314, 0.9910563826560974),
            ["RightHand"] = CFrame.new(7.450580596923828e-08, 1.7881393432617188e-07, 5.960464477539063e-08, 0.9580857753753662, -0.286191463470459, 0.01289256289601326, 0.2797328233718872, 0.9248570203781128, -0.2576605975627899, 0.06181636452674866, 0.250467449426651, 0.9661495685577393),
            ["RightUpperArm"] = CFrame.new(2.384185791015625e-07, 0, 7.450580596923828e-08, 0.42799878120422363, -0.5600519776344299, -0.7093371152877808, 0.6435803771018982, 0.7398950457572937, -0.19585604965686798, 0.6345246434211731, -0.37268921732902527, 0.6771125793457031),
            ["RightLowerLeg"] = CFrame.new(-9.685754776000977e-08, -0.00012230873107910156, -0.00007729062781436369, 1, -1.9371501025489124e-07, -2.9057267170173873e-07, 1.4901159772762185e-07, -0.20376120507717133, 0.9790206551551819, -1.4156101713069802e-07, -0.9790205955505371, -0.20376116037368774),
            ["LeftUpperLeg"] = CFrame.new(-2.384185791015625e-07, -3.5762786865234375e-07, -3.725290298461914e-08, 0.8063545227050781, 0.0026627928018569946, 0.5914264917373657, 0.5257424712181091, 0.45480918884277344, -0.7188485860824585, -0.2709006369113922, 0.8905850052833557, 0.3653375506401062),
            ["LeftLowerLeg"] = CFrame.new(1.043081283569336e-07, 0.0001227259635925293, 0.00007737427949905396, 1, 1.1920928955078125e-07, 8.568167686462402e-08, 7.450579886381092e-08, 0.39615145325660706, 0.9181852340698242, 4.470347647611561e-08, -0.9181851744651794, 0.39615148305892944),
        }},
        {Time = 0.133, Data = {
            ["HumanoidRootPart"] = CFrame.new(0, 0, 0, 1, 0, 0, 0, 1, 0, 0, 0, 1),
            ["UpperTorso"] = CFrame.new(0, 0, 0, 1, 0, 0, 0, 1, 0, 0, 0, 1),
            ["LowerTorso"] = CFrame.new(0, 0, 0, 1, 0, 0, 0, 1, 0, 0, 0, 1),
            ["Head"] = CFrame.new(0, 0, 0, 1, 0, 0, 0, 1, 0, 0, 0, 1),
        }},
        {Time = 0.146, Data = {
            ["RightFoot"] = CFrame.new(-1.5832483768463135e-08, 4.172325134277344e-07, 3.6154233384877443e-08, 0.994090735912323, -0.10518873482942581, -0.026813577860593796, 0.071741484105587, 0.822005033493042, -0.5649425387382507, 0.08146634697914124, 0.5596811771392822, 0.8246945142745972),
            ["LeftLowerArm"] = CFrame.new(2.9802322387695312e-08, -3.5762786865234375e-07, 2.7939677238464355e-08, 1, -2.9802315282267955e-08, 1.3411039390121005e-07, 1.0430811414607888e-07, -0.4739256799221039, -0.8805647492408752, 7.4505797087454084e-09, 0.88056480884552, -0.47392594814300537),
            ["LeftFoot"] = CFrame.new(-7.450580596923828e-09, -2.980232238769531e-07, -5.587935447692871e-08, 0.9615117907524109, 0.26624980568885803, 0.06787106394767761, -0.24341121315956116, 0.9399875998497009, -0.23911142349243164, -0.12746094167232513, 0.21338792145252228, 0.9686172008514404),
            ["Head"] = CFrame.new(-1.043081283569336e-07, -1.1920928955078125e-07, -1.9371509552001953e-07, 0.8774946928024292, -0.14448527991771698, -0.4573042392730713, -0.008539962582290173, 0.9486799836158752, -0.3161221742630005, 0.4795103669166565, 0.28130096197128296, 0.8312278389930725),
            ["LowerTorso"] = CFrame.new(-0.20099878311157227, -0.5637391805648804, 0.03503331169486046, 0.873055100440979, 0.12300588935613632, 0.47185203433036804, -0.1914236694574356, 0.9764366745948792, 0.09964131563901901, -0.4484771490097046, -0.17731600999832153, 0.8760293126106262),
            ["UpperTorso"] = CFrame.new(-2.421438694000244e-08, 8.940696716308594e-08, -4.842877388000488e-08, 0.9880066514015198, -0.046134721487760544, -0.1473587304353714, 0.11002862453460693, 0.8799030184745789, 0.46223852038383484, 0.10833613574504852, -0.47290822863578796, 0.8744261860847473),
            ["HumanoidRootPart"] = CFrame.new(0, 0, 0, 1, 0, 0, 0, 1, 0, 0, 0, 1),
            ["RightUpperLeg"] = CFrame.new(0, 1.210719347000122e-07, -2.4047039914876223e-08, 0.9877681732177734, 0.08734245598316193, 0.1291717290878296, 0.08964050561189651, 0.35975468158721924, -0.9287309646606445, -0.12758754193782806, 0.9289498925209045, 0.34752464294433594),
            ["LeftUpperArm"] = CFrame.new(-1.1920928955078125e-07, 1.1920928955078125e-07, -2.384185791015625e-07, 0.9478747248649597, 0.1392965167760849, 0.28658318519592285, 0.0038512866012752056, 0.894311785697937, -0.4474279582500458, -0.3186199963092804, 0.4252093434333801, 0.8471589684486389),
            ["RightLowerArm"] = CFrame.new(-2.086162567138672e-07, 2.384185791015625e-07, 5.960464477539063e-08, 1, -8.940695295223122e-08, 1.5273685960437433e-07, -1.862645149230957e-08, -0.16407404839992523, -0.9864480495452881, 8.940696716308594e-08, 0.9864480495452881, -0.16407398879528046),
            ["LeftHand"] = CFrame.new(-1.7881393432617188e-07, 5.960464477539063e-08, 1.043081283569336e-07, 0.9374061822891235, -0.329365998506546, -0.1130831241607666, 0.3408718407154083, 0.9342886805534363, 0.10445740818977356, 0.07124711573123932, -0.13646577298641205, 0.9880794286727905),
            ["RightHand"] = CFrame.new(1.1920928955078125e-07, 0, 1.4901161193847656e-07, 0.9870907664299011, 0.15761226415634155, -0.02846471779048443, -0.1586751937866211, 0.9865189790725708, -0.04003100097179413, 0.02177179604768753, 0.04403082653880119, 0.9987930059432983),
            ["RightUpperArm"] = CFrame.new(-5.960464477539063e-08, 2.384185791015625e-07, -8.940696716308594e-08, 0.4597663879394531, -0.5941927433013916, -0.6599620580673218, 0.6572273373603821, 0.7274627089500427, -0.19710518419742584, 0.5972160696983337, -0.343122661113739, 0.7249825596809387),
            ["RightLowerLeg"] = CFrame.new(2.9802322387695312e-08, -0.00012230873107910156, -0.00007748434290988371, 1, -2.0861619987044833e-07, -7.450584149637507e-08, 2.2351738948600541e-07, -0.10783083736896515, 0.9941693544387817, -1.0430811414607888e-07, -0.9941693544387817, -0.10783062130212784),
            ["LeftUpperLeg"] = CFrame.new(-5.960464477539063e-08, 3.0919909477233887e-07, -8.940696716308594e-08, 0.7873579859733582, 0.05995975434780121, 0.6135732531547546, 0.510075032711029, 0.4956246316432953, -0.7029793858528137, -0.34625279903411865, 0.8664647936820984, 0.3596498370170593),
            ["LeftLowerLeg"] = CFrame.new(4.470348358154297e-08, 0.00012284517288208008, 0.00007743760943412781, 1, 1.4901159417490817e-08, -5.587933316064664e-08, 5.960463766996327e-08, 0.4428321123123169, 0.8966045379638672, 1.4901159772762185e-07, -0.8966045379638672, 0.44283226132392883),
        }},
        {Time = 0.167, Data = {
            ["HumanoidRootPart"] = CFrame.new(0, 0, 0, 1, 0, 0, 0, 1, 0, 0, 0, 1),
            ["UpperTorso"] = CFrame.new(0, 0, 0, 1, 0, 0, 0, 1, 0, 0, 0, 1),
            ["LowerTorso"] = CFrame.new(0, 0, 0, 1, 0, 0, 0, 1, 0, 0, 0, 1),
            ["Head"] = CFrame.new(0, 0, 0, 1, 0, 0, 0, 1, 0, 0, 0, 1),
        }},
        {Time = 0.171, Data = {
            ["RightFoot"] = CFrame.new(1.862645149230957e-09, 3.5762786865234375e-07, -2.438173396512866e-08, 0.9959245920181274, -0.08739487826824188, -0.02227773889899254, 0.06451699137687683, 0.862960696220398, -0.5011346340179443, 0.0630216896533966, 0.4976554811000824, 0.8650826215744019),
            ["LeftLowerArm"] = CFrame.new(-2.9802322387695312e-08, 5.960464477539063e-08, 7.450580596923828e-09, 1, -1.0430811414607888e-07, 1.788139627478813e-07, 1.1920930376163597e-07, -0.6198518872261047, -0.7847186326980591, 2.607703493140434e-07, 0.7847188115119934, -0.6198521852493286),
            ["LeftFoot"] = CFrame.new(-1.1175870895385742e-08, 0, 2.60770320892334e-08, 0.9684827327728271, 0.24136246740818024, 0.061526939272880554, -0.2196265310049057, 0.944017231464386, -0.24616172909736633, -0.11749675124883652, 0.2248905748128891, 0.967274010181427),
            ["Head"] = CFrame.new(-1.1920928955078125e-07, 1.1920928955078125e-07, -1.862645149230957e-07, 0.9043647646903992, -0.183266282081604, -0.3854061961174011, 0.04903032258152962, 0.9417365193367004, -0.3327585756778717, 0.42393457889556885, 0.2820388078689575, 0.8606590032577515),
            ["LowerTorso"] = CFrame.new(-0.20088690519332886, -0.5094239711761475, 0.05903392285108566, 0.9198564887046814, 0.11915986239910126, 0.37371787428855896, -0.175314798951149, 0.9771791696548462, 0.11994060128927231, -0.3508971929550171, -0.1758464276790619, 0.9197549819946289),
            ["UpperTorso"] = CFrame.new(2.7474015951156616e-08, -8.940696716308594e-08, 6.51925802230835e-09, 0.9907425045967102, -0.05217103660106659, -0.125329852104187, 0.10499142855405807, 0.8797142505645752, 0.46376681327819824, 0.08605922013521194, -0.47263211011886597, 0.8770478963851929),
            ["HumanoidRootPart"] = CFrame.new(0, 0, 0, 1, 0, 0, 0, 1, 0, 0, 0, 1),
            ["RightUpperLeg"] = CFrame.new(1.1920928955078125e-07, -6.891787052154541e-08, 5.75528247281909e-09, 0.9748222827911377, 0.14781373739242554, 0.1669512540102005, 0.10088205337524414, 0.3753548562526703, -0.9213746786117554, -0.19885800778865814, 0.9150190353393555, 0.3509928584098816),
            ["LeftUpperArm"] = CFrame.new(0, 0, -2.086162567138672e-07, 0.9537702798843384, 0.2345658242702484, 0.18788602948188782, -0.14833298325538635, 0.9111262559890747, -0.38450756669044495, -0.2613803744316101, 0.3388625979423523, 0.9037991166114807),
            ["RightLowerArm"] = CFrame.new(0, -3.5762786865234375e-07, -1.6391277313232422e-07, 1, -3.166496398421259e-08, 1.378357268322361e-07, 9.685753354915505e-08, -0.41991671919822693, -0.9075626134872437, 1.0430811414607888e-07, 0.9075626730918884, -0.41991695761680603),
            ["LeftHand"] = CFrame.new(-2.384185791015625e-07, 0, -1.341104507446289e-07, 0.8264225125312805, -0.5433886647224426, -0.14749547839164734, 0.5628666877746582, 0.7906104326248169, 0.2410728931427002, -0.014384858310222626, -0.2822481095790863, 0.9592335820198059),
            ["RightHand"] = CFrame.new(-1.7881393432617188e-07, 2.384185791015625e-07, -1.6391277313232422e-07, 0.8810753226280212, 0.4728885293006897, -0.00909267459064722, -0.46192672848701477, 0.8644644021987915, 0.1983063519001007, 0.10163743793964386, -0.17052243649959564, 0.9800980091094971),
            ["RightUpperArm"] = CFrame.new(-1.1920928955078125e-07, 2.384185791015625e-07, 2.8312206268310547e-07, 0.5300977826118469, -0.6349037885665894, -0.5620437264442444, 0.7040291428565979, 0.6989800930023193, -0.12557849287986755, 0.47258803248405457, -0.3291260898113251, 0.8175187706947327),
            ["RightLowerLeg"] = CFrame.new(7.450580596923828e-09, -0.00012242794036865234, -0.00007724964962108061, 1, -1.7136333951839333e-07, -1.6763814869591442e-07, 1.7881390590446244e-07, 0.004093355964869261, 0.9999916553497314, -1.7881390590446244e-07, -0.9999916553497314, 0.00409361906349659),
            ["LeftUpperLeg"] = CFrame.new(2.9802322387695312e-08, -1.9744038581848145e-07, 0, 0.7597736120223999, 0.11814489960670471, 0.6393638253211975, 0.49106594920158386, 0.5402339100837708, -0.6833746433258057, -0.4261434078216553, 0.8331800699234009, 0.3524387776851654),
            ["LeftLowerLeg"] = CFrame.new(2.9802322387695312e-08, 0.0001227259635925293, 0.00007743015885353088, 1, 7.450579886381092e-08, 1.0058285937475375e-07, -2.980232594040899e-08, 0.4943889379501343, 0.8692409992218018, 1.4901162970204496e-08, -0.8692407608032227, 0.49438872933387756),
        }},
        {Time = 0.195, Data = {
            ["RightFoot"] = CFrame.new(-1.3969838619232178e-08, 3.5762786865234375e-07, 4.500179784372449e-08, 0.9966315031051636, -0.0794692263007164, -0.02025747485458851, 0.06157581880688667, 0.8882593512535095, -0.45519641041755676, 0.054167941212654114, 0.4524158537387848, 0.8901607394218445),
            ["LeftLowerArm"] = CFrame.new(-4.76837158203125e-07, 3.5762786865234375e-07, -5.960464477539063e-08, 1, -1.378357268322361e-07, 6.542539665588265e-08, 8.89413058757782e-08, -0.6969054937362671, -0.7171631455421448, 1.4435499906539917e-07, 0.7171629667282104, -0.6969053745269775),
            ["LeftFoot"] = CFrame.new(4.842877388000488e-08, 1.1920928955078125e-07, -3.725290298461914e-09, 0.9761992692947388, 0.21015530824661255, 0.05357210338115692, -0.19006989896297455, 0.947988748550415, -0.25532492995262146, -0.10444361716508865, 0.23906546831130981, 0.9653699994087219),
            ["Head"] = CFrame.new(-4.470348358154297e-08, -3.5762786865234375e-07, -1.7136335372924805e-07, 0.9246610403060913, -0.2219274640083313, -0.3094356060028076, 0.10952331125736237, 0.933272123336792, -0.3420639932155609, 0.3647010028362274, 0.2824028730392456, 0.8872666358947754),
            ["LowerTorso"] = CFrame.new(-0.2024233639240265, -0.4525247812271118, 0.08483162522315979, 0.9567146301269531, 0.11599431931972504, 0.26691296696662903, -0.15838268399238586, 0.9769467711448669, 0.14314305782318115, -0.24415597319602966, -0.17922143638134003, 0.9530307054519653),
            ["UpperTorso"] = CFrame.new(6.984919309616089e-10, -1.4901161193847656e-07, 0, 0.9933382272720337, -0.06384124606847763, -0.09593550860881805, 0.10091739892959595, 0.8838502168655396, 0.45675456523895264, 0.05563286319375038, -0.4633932411670685, 0.8844047784805298),
            ["HumanoidRootPart"] = CFrame.new(0, 0, 0, 1, 0, 0, 0, 1, 0, 0, 0, 1),
            ["RightUpperLeg"] = CFrame.new(5.960464477539063e-08, -4.279427230358124e-07, 1.6931153368204832e-08, 0.9706778526306152, 0.16344915330410004, 0.17626407742500305, 0.09965948015451431, 0.3936435580253601, -0.9138452410697937, -0.21875229477882385, 0.9046155214309692, 0.3658113181591034),
