return {
    ["Hand Signals"] = {
        {Time = 0.000, Data = {
            ["LeftFoot"] = CFrame.new(2.7939677238464355e-09, 5.960464477539063e-08, -3.725290298461914e-09, 0.9821246862411499, -0.18811620771884918, 0.006586405914276838, 0.1853991001844406, 0.9607062339782715, -0.20656925439834595, 0.03253163397312164, 0.2040981650352478, 0.9784098267555237),
            ["LeftLowerArm"] = CFrame.new(2.384185791015625e-07, 0.000001430511474609375, -1.1175870895385742e-08, 1, -7.450583261459087e-09, -1.6298149496662973e-09, 1.0244551873483942e-08, 0.9936907291412354, -0.11215505748987198, 2.337038473854136e-08, 0.11215506494045258, 0.9936907291412354),
            ["RightUpperArm"] = CFrame.new(1.1920928955078125e-07, 0, -1.4901161193847656e-08, 0.970660388469696, 0.08263098448514938, -0.22581084072589874, -0.09376197308301926, 0.9948304295539856, -0.03900258615612984, 0.22142070531845093, 0.05903073027729988, 0.9733901023864746),
            ["Head"] = CFrame.new(-5.4016709327697754e-08, 1.1920928955078125e-07, -2.7939677238464355e-09, 0.9246668219566345, 0.020271610468626022, 0.380237340927124, -0.07997629046440125, 0.9866468906402588, 0.14188635349273682, -0.3722837269306183, -0.1616075485944748, 0.9139408469200134),
            ["LowerTorso"] = CFrame.new(0.08154501020908356, -0.048673391342163086, -0.09192225337028503, 0.8956324458122253, -0.025890380144119263, -0.44404083490371704, 0.027949204668402672, 0.999607503414154, -0.0019097438780590892, 0.443915992975235, -0.010700158774852753, 0.8960044980049133),
            ["UpperTorso"] = CFrame.new(1.4901161193847656e-08, 3.5762786865234375e-07, -5.122274160385132e-09, 0.999908983707428, 0.013331849128007889, -0.0020714597776532173, -0.013376510702073574, 0.999639093875885, -0.023297037929296494, 0.0017601016443222761, 0.02332262322306633, 0.9997265338897705),
            ["HumanoidRootPart"] = CFrame.new(0, 0, 0, 1, 0, 0, 0, 1, 0, 0, 0, 1),
            ["LeftUpperLeg"] = CFrame.new(1.1920928955078125e-07, 7.189810276031494e-07, 3.4691765904426575e-08, 0.8543955683708191, 0.2755622863769531, 0.44053784012794495, -0.21861864626407623, 0.959745466709137, -0.1763366311788559, -0.4713960289955139, 0.0543513149023056, 0.8802453875541687),
            ["LeftUpperArm"] = CFrame.new(1.1920928955078125e-07, -2.384185791015625e-07, -2.9802322387695312e-08, 0.9985891580581665, -0.0023333083372563124, 0.05305115133523941, 0.00023141229758039117, 0.9992159605026245, 0.03959193453192711, -0.05310189723968506, -0.03952379524707794, 0.9978066086769104),
            ["RightLowerArm"] = CFrame.new(-3.8743019104003906e-07, 2.980232238769531e-07, -5.960464477539063e-08, 1, -9.313227966600834e-10, -7.450581307466564e-08, 1.862645371275562e-09, 0.9999454617500305, -0.01044759526848793, 6.426126475389538e-08, 0.010447610169649124, 0.9999454617500305),
            ["LeftHand"] = CFrame.new(-2.60770320892334e-07, 1.7881393432617188e-07, -1.1920928955078125e-07, 0.9644143581390381, 0.17746056616306305, -0.19599181413650513, -0.11515463888645172, 0.9492082595825195, 0.2928195595741272, 0.2380010336637497, -0.25982993841171265, 0.9358653426170349),
            ["RightFoot"] = CFrame.new(1.4901161193847656e-08, 2.384185791015625e-07, -4.6733475755900145e-08, 0.995881974697113, 0.09064651280641556, -0.0014994939556345344, -0.08942467719316483, 0.9794700741767883, -0.1806694120168686, -0.014908402226865292, 0.18005983531475067, 0.9835427403450012),
            ["RightHand"] = CFrame.new(8.940696716308594e-08, 5.960464477539063e-08, 5.960464477539063e-08, 0.9327069520950317, -0.2052139937877655, 0.2965552806854248, 0.1941307634115219, 0.9787061810493469, 0.06668955087661743, -0.3039260506629944, -0.00463130883872509, 0.9526844620704651),
            ["RightLowerLeg"] = CFrame.new(8.940696716308594e-08, -0.000003874301910400391, -0.000013208184100221843, 1, -8.940698847936801e-08, -2.607702853651972e-08, 8.195637946073475e-08, 0.9392259120941162, 0.34329938888549805, 1.862644971595273e-08, -0.343299925327301, 0.9392260313034058),
            ["RightUpperLeg"] = CFrame.new(1.1920928955078125e-07, 7.761409506201744e-07, 3.9981387089937925e-08, 0.9392054080963135, -0.12176395952701569, -0.32104018330574036, 0.0707438737154007, 0.9835703372955322, -0.16608652472496033, 0.335988849401474, 0.13327744603157043, 0.9323886632919312),
            ["LeftLowerLeg"] = CFrame.new(-2.9802322387695312e-08, 0.000003933906555175781, 0.000013232231140136719, 1, -2.1420417439799166e-08, -3.725290298461914e-09, -4.190950164684182e-08, 0.9327905178070068, 0.3604188561439514, -6.5192558018623e-09, -0.3604191839694977, 0.9327906370162964),
        }},
        {Time = 0.033, Data = {
            ["LeftFoot"] = CFrame.new(4.423782229423523e-08, 1.1920928955078125e-07, 3.166496753692627e-08, 0.9810514450073242, -0.19341321289539337, 0.011376314796507359, 0.19055511057376862, 0.9526060819625854, -0.237129807472229, 0.035026974976062775, 0.23480437695980072, 0.971411406993866),
            ["LeftLowerArm"] = CFrame.new(2.086162567138672e-07, 1.7881393432617188e-07, 1.341104507446289e-07, 1, -1.4901161193847656e-08, -2.7939677238464355e-09, 7.4505797087454084e-09, 0.9918146133422852, -0.12768617272377014, -2.0954755708402217e-09, 0.12768615782260895, 0.9918146133422852),
            ["RightUpperArm"] = CFrame.new(1.1920928955078125e-07, 1.1920928955078125e-07, -8.102506399154663e-08, 0.9972180724143982, 0.02444511093199253, 0.07041756063699722, -0.025785619392991066, 0.9995020627975464, 0.018190769478678703, -0.0699378177523613, -0.01995592564344406, 0.9973517656326294),
            ["Head"] = CFrame.new(-5.634501576423645e-08, 4.76837158203125e-07, -1.3969838619232178e-09, 0.904282808303833, 0.03191838413476944, 0.42573922872543335, -0.08511926978826523, 0.9906600713729858, 0.10652442276477814, -0.4183627665042877, -0.13256679475307465, 0.8985536694526672),
            ["LowerTorso"] = CFrame.new(0.057664137333631516, -0.051728248596191406, -0.09045084565877914, 0.8711563944816589, -0.029519695788621902, -0.49011754989624023, 0.03343184292316437, 0.9994407296180725, -0.0007729219505563378, 0.4898662567138672, -0.0157121941447258, 0.8716560006141663),
            ["UpperTorso"] = CFrame.new(1.862645149230957e-08, 8.940696716308594e-08, 3.259629011154175e-09, 0.9999959468841553, 0.0028541898354887962, 0.0002662296174094081, -0.00285504967905581, 0.9999905228614807, 0.0032923491671681404, -0.0002568677591625601, -0.003293095389381051, 0.9999946355819702),
            ["HumanoidRootPart"] = CFrame.new(0, 0, 0, 1, 0, 0, 0, 1, 0, 0, 0, 1),
            ["LeftUpperLeg"] = CFrame.new(5.960464477539063e-08, 1.5506520867347717e-07, 5.320180207490921e-08, 0.8563083410263062, 0.27767834067344666, 0.4354660212993622, -0.22809173166751862, 0.9598121643066406, -0.16350789368152618, -0.4633682072162628, 0.04068703576922417, 0.8852314352989197),
            ["LeftUpperArm"] = CFrame.new(0, 1.1920928955078125e-07, -9.313225746154785e-09, 0.999189555644989, 0.007479187101125717, 0.03955327346920967, -0.010032120160758495, 0.9978514909744263, 0.06474502384662628, -0.03898398205637932, -0.06508935242891312, 0.9971176981925964),
            ["RightLowerArm"] = CFrame.new(-6.556510925292969e-07, 0.0000016093254089355469, -1.0803341865539551e-07, 1, -1.210719524635806e-08, -3.026798811589515e-09, 1.3038517820973539e-08, 0.9889411926269531, -0.14830882847309113, -2.446904900921254e-08, 0.14830884337425232, 0.9889411330223083),
            ["LeftHand"] = CFrame.new(-3.390014171600342e-07, -2.384185791015625e-07, -1.341104507446289e-07, 0.9471650719642639, 0.23900321125984192, -0.2139061987400055, -0.18951983749866486, 0.9550558924674988, 0.22792662680149078, 0.25876760482788086, -0.17534463107585907, 0.9498913288116455),
            ["RightFoot"] = CFrame.new(-4.842877388000488e-08, 4.172325134277344e-07, -1.6931153368204832e-08, 0.995241641998291, 0.09732458740472794, 0.004694739356637001, -0.09598104655742645, 0.9875245094299316, -0.12483222782611847, -0.0167856402695179, 0.12378797680139542, 0.9921667575836182),
            ["RightHand"] = CFrame.new(-2.0489096641540527e-08, 1.1920928955078125e-07, -2.9802322387695312e-08, 0.9852166771888733, -0.1485636979341507, 0.0853055790066719, 0.14277315139770508, 0.9872475862503052, 0.0704135149717331, -0.0946786105632782, -0.057193219661712646, 0.9938636422157288),
            ["RightLowerLeg"] = CFrame.new(3.725290298461914e-08, -0.0000033974647521972656, -0.00001333856926066801, 1, -6.519261575022028e-08, 1.117587622445626e-08, 1.862645149230957e-08, 0.9336599111557007, 0.35816043615341187, 2.9802322387695312e-08, -0.35816070437431335, 0.933660089969635),
            ["RightUpperLeg"] = CFrame.new(0, 1.0384246706962585e-07, 3.4859112929552794e-08, 0.9529878497123718, -0.12500348687171936, -0.2760220468044281, 0.06857600063085556, 0.9762791991233826, -0.20536865293979645, 0.29514649510383606, 0.1767852008342743, 0.9389545917510986),
            ["LeftLowerLeg"] = CFrame.new(-4.470348358154297e-08, 0.000003933906555175781, 0.000013405457139015198, 1, 8.149072527885437e-08, 3.725290298461914e-09, -6.868503277246418e-08, 0.9263492822647095, 0.37666577100753784, 1.6763804566721774e-08, -0.37666577100753784, 0.9263492226600647),
        }},
        {Time = 0.067, Data = {
            ["LeftFoot"] = CFrame.new(-3.725290298461914e-08, 5.960464477539063e-08, 1.1175870895385742e-08, 0.9804269075393677, -0.19578751921653748, 0.02074345014989376, 0.19281260669231415, 0.9334965944290161, -0.30233705043792725, 0.03982952982187271, 0.3004189431667328, 0.9529753923416138),
            ["LeftLowerArm"] = CFrame.new(-2.9802322387695312e-08, 2.980232238769531e-07, 0, 1, -1.5832483768463135e-08, 3.9901355108895586e-08, 7.450582373280668e-09, 0.9868099689483643, -0.16188298165798187, -7.916243660588407e-09, 0.16188296675682068, 0.986810028553009),
            ["RightUpperArm"] = CFrame.new(2.384185791015625e-07, -3.5762786865234375e-07, 7.450580596923828e-09, 0.8998590111732483, -0.15918397903442383, 0.4060966372489929, 0.14950969815254211, 0.987191915512085, 0.055670104920864105, -0.4097570776939392, 0.010620120912790298, 0.912132978439331),
            ["Head"] = CFrame.new(-4.470348358154297e-08, 3.5762786865234375e-07, 6.51925802230835e-09, 0.8533605933189392, 0.05638512223958969, 0.5182629823684692, -0.07972738891839981, 0.9965547323226929, 0.02285592071712017, -0.5151886343955994, -0.06082410365343094, 0.8549159169197083),
            ["LowerTorso"] = CFrame.new(0.0047316960990428925, -0.059923410415649414, -0.08496376127004623, 0.8104462027549744, -0.03472427278757095, -0.5847830176353455, 0.04499224200844765, 0.9989827275276184, 0.0030350461602211, 0.5840827226638794, -0.028770439326763153, 0.8111841082572937),
            ["UpperTorso"] = CFrame.new(9.313225746154785e-10, -1.7881393432617188e-07, -1.6298145055770874e-08, 0.999839723110199, -0.017502566799521446, 0.003781302832067013, 0.01721089333295822, 0.9976160526275635, 0.06682934612035751, -0.004941948223859072, -0.0667535737156868, 0.9977573156356812),
            ["HumanoidRootPart"] = CFrame.new(0, 0, 0, 1, 0, 0, 0, 1, 0, 0, 0, 1),
            ["LeftUpperLeg"] = CFrame.new(-1.7881393432617188e-07, -5.457550287246704e-07, 1.257285475730896e-08, 0.8592909574508667, 0.2785165309906006, 0.42900821566581726, -0.238480806350708, 0.960159182548523, -0.1456749141216278, -0.45248866081237793, 0.022866878658533096, 0.8914766907691956),
            ["LeftUpperArm"] = CFrame.new(0, 0, 6.705522537231445e-08, 0.9992943406105042, 0.03744250908493996, -0.003018185030668974, -0.03690200671553612, 0.9935280084609985, 0.10742608457803726, 0.007020876742899418, -0.10723889619112015, 0.9942085146903992),
            ["RightLowerArm"] = CFrame.new(-2.980232238769531e-07, 2.384185791015625e-07, 8.940696716308594e-08, 1, -3.352760202801619e-08, 1.1175869119028903e-08, 7.4505797087454084e-09, 0.9244627952575684, -0.38127222657203674, 5.587934559514451e-09, 0.38127222657203674, 0.9244627952575684),
            ["LeftHand"] = CFrame.new(-3.0919909477233887e-07, 1.1920928955078125e-07, -2.2351741790771484e-08, 0.9105368256568909, 0.29351240396499634, -0.29115867614746094, -0.2576824128627777, 0.9536353945732117, 0.15549756586551666, 0.3232996463775635, -0.0665597915649414, 0.9439529180526733),
            ["RightFoot"] = CFrame.new(3.725290298461914e-09, 3.5762786865234375e-07, 1.287116901949048e-08, 0.9943408966064453, 0.1051265150308609, 0.015322161838412285, -0.10476545244455338, 0.9942371845245361, -0.022729579359292984, -0.01762320101261139, 0.020996185019612312, 0.9996242523193359),
            ["RightHand"] = CFrame.new(1.7136335372924805e-07, 4.76837158203125e-07, 0, 0.9933484196662903, -0.05512671917676926, -0.10109393298625946, 0.067017562687397, 0.990716814994812, 0.11827452480792999, 0.09363541007041931, -0.12426283955574036, 0.9878214597702026),
            ["RightLowerLeg"] = CFrame.new(-1.4901161193847656e-08, -0.0000033974647521972656, -0.000013372096873354167, 1, -1.266598985694145e-07, -1.9092109937446367e-07, 1.1175872316471214e-07, 0.9389685392379761, 0.34400254487991333, 1.3038517820973539e-08, -0.3440030813217163, 0.9389687776565552),
            ["RightUpperLeg"] = CFrame.new(4.172325134277344e-07, -7.865019142627716e-07, 9.795621735975146e-08, 0.9698533415794373, -0.12181782722473145, -0.21105673909187317, 0.06298994272947311, 0.9619737863540649, -0.26577964425086975, 0.235407754778862, 0.24447263777256012, 0.9406467080116272),
            ["LeftLowerLeg"] = CFrame.new(1.2665987014770508e-07, 0.000003874301910400391, 0.000013276934623718262, 1, 1.2293456563838845e-07, 1.862644971595273e-08, -8.754427938129083e-08, 0.9075576663017273, 0.419927716255188, 7.450577044210149e-09, -0.4199274480342865, 0.9075575470924377),
        }},
        {Time = 0.100, Data = {
            ["LeftFoot"] = CFrame.new(0, 1.7881393432617188e-07, 0, 0.9813244938850403, -0.19018998742103577, 0.028811348602175713, 0.1873064786195755, 0.9106593132019043, -0.3682609796524048, 0.04380230978131294, 0.3667801022529602, 0.9292760491371155),
            ["LeftLowerArm"] = CFrame.new(-2.384185791015625e-07, 4.76837158203125e-07, 5.960464477539063e-08, 1, -1.4901164746561335e-08, -6.612391700855369e-08, 1.3038519597330378e-08, 0.9840927124023438, -0.17765571177005768, 0, 0.17765572667121887, 0.9840927720069885),
            ["RightUpperArm"] = CFrame.new(-1.1920928955078125e-07, 2.384185791015625e-07, 1.4901161193847656e-08, 0.8812652826309204, -0.23710310459136963, 0.4088444411754608, 0.28452226519584656, 0.9568918943405151, -0.0583534762263298, -0.3773841857910156, 0.16775020956993103, 0.910736620426178),
            ["Head"] = CFrame.new(-1.1059455573558807e-07, 0, -1.1641532182693481e-08, 0.797020435333252, 0.07940816134214401, 0.5987094044685364, -0.04709761589765549, 0.9964718818664551, -0.06946650892496109, -0.6021132469177246, 0.027168432250618935, 0.7979483604431152),
            ["LowerTorso"] = CFrame.new(-0.048786647617816925, -0.0719447135925293, -0.07377912849187851, 0.7434242963790894, -0.034590914845466614, -0.6679250001907349, 0.05579257756471634, 0.9983882904052734, 0.010393979027867317, 0.6664890050888062, -0.044992391020059586, 0.7441560626029968),
            ["UpperTorso"] = CFrame.new(0, -1.4901161193847656e-07, -1.4901161193847656e-08, 0.9994901418685913, -0.03185315802693367, 0.002227160381153226, 0.031217440962791443, 0.9894391298294067, 0.1415473371744156, -0.006712313275784254, -0.1414056271314621, 0.9899290204048157),
            ["HumanoidRootPart"] = CFrame.new(0, 0, 0, 1, 0, 0, 0, 1, 0, 0, 0, 1),
            ["LeftUpperLeg"] = CFrame.new(1.4901161193847656e-07, -9.592622518539429e-08, 5.774199962615967e-08, 0.8859485983848572, 0.27329832315444946, 0.3747040331363678, -0.2403494268655777, 0.9615276455879211, -0.13302934169769287, -0.3966450095176697, 0.02779710292816162, 0.9175511598587036),
            ["LeftUpperArm"] = CFrame.new(-1.1920928955078125e-07, 2.384185791015625e-07, 5.960464477539063e-08, 0.9934746623039246, 0.08633074164390564, -0.07453307509422302, -0.07572492212057114, 0.9879516959190369, 0.1349712759256363, 0.08528713136911392, -0.1284465342760086, 0.9880423545837402),
            ["RightLowerArm"] = CFrame.new(-6.556510925292969e-07, 4.172325134277344e-07, 0, 1, -4.470347292340193e-08, 2.9802318834981634e-08, 3.725290742551124e-09, 0.7888152003288269, -0.6146304607391357, -2.2351745343485163e-08, 0.6146305203437805, 0.7888152599334717),
            ["LeftHand"] = CFrame.new(-4.507601261138916e-07, 2.980232238769531e-07, -5.960464477539063e-08, 0.9016938805580139, 0.21128812432289124, -0.3772341012954712, -0.1845465749502182, 0.9770756959915161, 0.1061408519744873, 0.3910124599933624, -0.026089277118444443, 0.9200155735015869),
            ["RightFoot"] = CFrame.new(1.4901161193847656e-08, 4.172325134277344e-07, -2.531305653974414e-08, 0.9999670386314392, -0.008023914881050587, -0.00126417085994035, 0.008015511557459831, 0.9999461770057678, -0.0065968832932412624, 0.0013167796423658729, 0.00658721849322319, 0.9999774694442749),
            ["RightHand"] = CFrame.new(2.2351741790771484e-08, -1.7881393432617188e-07, 1.9371509552001953e-07, 0.9983794689178467, 0.036320749670267105, 0.043811265379190445, -0.04555636644363403, 0.9714621305465698, 0.23277869820594788, -0.03410626947879791, -0.23439738154411316, 0.9715424180030823),
            ["RightLowerLeg"] = CFrame.new(1.1920928955078125e-07, -0.000003933906555175781, -0.000013185832358431071, 1, -1.5180559387317771e-07, 1.3969841949901252e-09, 8.940698137394065e-08, 0.9197983741760254, 0.3923914432525635, 1.1175872671742582e-08, -0.392391562461853, 0.9197984337806702),
            ["RightUpperLeg"] = CFrame.new(1.1920928955078125e-07, 2.0489096641540527e-08, 8.957431418821216e-08, 0.9568901062011719, -0.15123817324638367, -0.24796855449676514, 0.05542431026697159, 0.9331285953521729, -0.35524529218673706, 0.2851133644580841, 0.3261871635913849, 0.9012837409973145),
            ["LeftLowerLeg"] = CFrame.new(-1.1920928955078125e-07, 0.000003933906555175781, 0.000013187527656555176, 1, 3.725290298461914e-08, 0, -1.4901161193847656e-08, 0.882667601108551, 0.4699980616569519, -5.587935447692871e-09, -0.4699978530406952, 0.8826674818992615),
        }},
        {Time = 0.133, Data = {
            ["LeftFoot"] = CFrame.new(1.862645149230957e-08, 5.960464477539063e-08, -5.21540641784668e-08, 0.9828707575798035, -0.18150916695594788, 0.031931377947330475, 0.1785029023885727, 0.8944743871688843, -0.409942090511322, 0.045846205204725266, 0.40861976146698, 0.9115525484085083),
            ["LeftLowerArm"] = CFrame.new(2.682209014892578e-07, 7.152557373046875e-07, 4.172325134277344e-07, 1, -3.72529100900465e-08, 5.7742006731587026e-08, 2.7939684343891713e-08, 0.983052134513855, -0.18332666158676147, -3.3527619791584584e-08, 0.18332670629024506, 0.9830520749092102),
            ["RightUpperArm"] = CFrame.new(1.1920928955078125e-07, 1.1920928955078125e-07, 1.6391277313232422e-07, 0.945819616317749, -0.20650020241737366, 0.2505653202533722, 0.2756413519382477, 0.9185032248497009, -0.2835027277469635, -0.17160162329673767, 0.33720865845680237, 0.9256583452224731),
            ["Head"] = CFrame.new(3.725290298461914e-09, 5.960464477539062e-07, 7.078051567077637e-08, 0.7470402121543884, 0.09273789823055267, 0.6582785844802856, 0.019491801038384438, 0.9867405295372009, -0.16113147139549255, -0.6644930839538574, 0.13320276141166687, 0.7353272438049316),
            ["LowerTorso"] = CFrame.new(-0.09575280547142029, -0.08111333847045898, -0.05351470038294792, 0.6879259347915649, -0.02499588392674923, -0.7253503799438477, 0.06308578699827194, 0.997683584690094, 0.025450285524129868, 0.7230340242385864, -0.06326720863580704, 0.6879092454910278),
            ["UpperTorso"] = CFrame.new(2.421438694000244e-08, 5.960464477539063e-08, -1.862645149230957e-08, 0.9994593262672424, -0.031201813369989395, -0.010366309434175491, 0.032742977142333984, 0.9731912612915039, 0.22765475511550903, 0.0029852043371647596, -0.2278710901737213, 0.9736867547035217),
            ["HumanoidRootPart"] = CFrame.new(0, 0, 0, 1, 0, 0, 0, 1, 0, 0, 0, 1),
            ["LeftUpperLeg"] = CFrame.new(5.960464477539063e-08, -2.337619662284851e-07, 8.940696716308594e-08, 0.9104587435722351, 0.2677381932735443, 0.3152480125427246, -0.2343617081642151, 0.9619925618171692, -0.1401607245206833, -0.3407924473285675, 0.053728893399238586, 0.9386019706726074),
            ["LeftUpperArm"] = CFrame.new(5.960464477539063e-08, -1.1920928955078125e-07, 5.960464477539063e-08, 0.9755530953407288, 0.1443355679512024, -0.1657208651304245, -0.11759142577648163, 0.9798893332481384, 0.16121184825897217, 0.18565678596496582, -0.13778339326381683, 0.9729066491127014),
            ["RightLowerArm"] = CFrame.new(-5.960464477539062e-07, 7.152557373046875e-07, 1.862645149230957e-08, 1, -8.940696716308594e-08, 1.4901159417490817e-08, 7.450580596923828e-08, 0.5846982002258301, -0.8112509846687317, 2.60770320892334e-08, 0.8112509250640869, 0.5846980810165405),
            ["LeftHand"] = CFrame.new(-5.029141902923584e-07, 5.960464477539063e-08, -8.940696716308594e-08, 0.9224569797515869, 0.0720704197883606, -0.3793138563632965, -0.05985412001609802, 0.9972406029701233, 0.043918024748563766, 0.38143229484558105, -0.017808988690376282, 0.9242252707481384),
            ["RightFoot"] = CFrame.new(-1.862645149230957e-08, 2.384185791015625e-07, 5.571200745180249e-08, 0.9922502636909485, -0.12210280448198318, -0.023029115051031113, 0.12227828055620193, 0.9924755692481995, 0.00636297557502985, 0.022078679874539375, -0.009129482321441174, 0.9997145533561707),
            ["RightHand"] = CFrame.new(4.842877388000488e-07, 0, 1.043081283569336e-07, 0.9187976121902466, 0.1883385181427002, 0.346900075674057, -0.2916094958782196, 0.9161695241928101, 0.2749498784542084, -0.26603561639785767, -0.35378268361091614, 0.8966955542564392),
            ["RightLowerLeg"] = CFrame.new(0, -0.0000035762786865234375, -0.000013215634680818766, 1, -7.264316792543468e-08, 6.775371730327606e-08, 9.313227167240257e-08, 0.9270919561386108, 0.37483376264572144, 1.4901162970204496e-08, -0.3748340904712677, 0.9270920753479004),
            ["RightUpperLeg"] = CFrame.new(0, -2.0954757928848267e-07, 1.2496457202360034e-07, 0.9271358251571655, -0.19166289269924164, -0.32200056314468384, 0.049837663769721985, 0.9147325754165649, -0.4009746313095093, 0.37139663100242615, 0.35571008920669556, 0.8576334118843079),
            ["LeftLowerLeg"] = CFrame.new(-7.450580596923828e-08, 0.000003993511199951172, 0.00001341104507446289, 1, 4.4703462265260896e-08, 1.4901162970204496e-08, -1.4901161193847656e-08, 0.8598554134368896, 0.5105381011962891, 0, -0.5105375647544861, 0.8598552346229553),
        }},
        {Time = 0.167, Data = {
            ["LeftFoot"] = CFrame.new(1.1175870895385742e-08, 0, -1.4901161193847656e-08, 0.9823323488235474, -0.18447008728981018, 0.031528208404779434, 0.17739173769950867, 0.864151120185852, -0.4709300100803375, 0.05962727963924408, 0.4682025611400604, 0.8816069960594177),
            ["LeftLowerArm"] = CFrame.new(-4.76837158203125e-07, 4.76837158203125e-07, 8.940696716308594e-08, 1, -2.980232949312267e-08, 4.190953006855125e-08, 3.3527612686157227e-08, 0.9744046330451965, -0.22480173408985138, 1.862645149230957e-09, 0.22480177879333496, 0.9744045734405518),
            ["RightUpperArm"] = CFrame.new(1.1920928955078125e-07, 1.1920928955078125e-07, 1.9371509552001953e-07, 0.9851624369621277, -0.14634521305561066, 0.08965490758419037, 0.17155282199382782, 0.8246212005615234, -0.5390452146530151, 0.004955359268933535, 0.5464276075363159, 0.8374916911125183),
            ["Head"] = CFrame.new(-2.9802322387695312e-08, 0, 1.1920928955078125e-07, 0.7033687829971313, 0.10725494474172592, 0.7026868462562561, 0.10074730217456818, 0.9635292291641235, -0.24791385233402252, -0.7036494612693787, 0.24516870081424713, 0.666910707950592),
            ["LowerTorso"] = CFrame.new(-0.138248011469841, -0.11679673194885254, -0.017246253788471222, 0.643605649471283, -0.00948486290872097, -0.7652986645698547, 0.06795690208673477, 0.9966819882392883, 0.04479828104376793, 0.762334406375885, -0.08083974570035934, 0.6421146988868713),
            ["UpperTorso"] = CFrame.new(1.862645149230957e-08, -1.4901161193847656e-07, -1.862645149230957e-08, 0.999244749546051, -0.025264393538236618, -0.029525019228458405, 0.03335835784673691, 0.9474066495895386, 0.3182889223098755, 0.019930770620703697, -0.31903335452079773, 0.9475339651107788),
            ["HumanoidRootPart"] = CFrame.new(0, 0, 0, 1, 0, 0, 0, 1, 0, 0, 0, 1),
            ["LeftUpperLeg"] = CFrame.new(8.940696716308594e-08, 7.194466888904572e-07, 5.960464477539063e-08, 0.9109317064285278, 0.2977582812309265, 0.28555816411972046, -0.23450881242752075, 0.9431832432746887, -0.2353954166173935, -0.33942461013793945, 0.14746324717998505, 0.9290024042129517),
            ["LeftUpperArm"] = CFrame.new(1.1920928955078125e-07, 2.384185791015625e-07, 2.682209014892578e-07, 0.9459257125854492, 0.20578178763389587, -0.2507558763027191, -0.15738952159881592, 0.9670891761779785, 0.1999177783727646, 0.2836427688598633, -0.1496409773826599, 0.9471824169158936),
            ["RightLowerArm"] = CFrame.new(-2.980232238769531e-07, 8.344650268554688e-07, 1.7881393432617188e-07, 1, -4.842875611643649e-08, 3.352760913344355e-08, 6.33299421792799e-08, 0.35209912061691284, -0.9359627366065979, 1.1175872316471214e-07, 0.9359626770019531, 0.35209915041923523),
            ["LeftHand"] = CFrame.new(-2.3096799850463867e-07, 1.7881393432617188e-07, 1.1920928955078125e-07, 0.9584481120109558, -0.005706766154617071, -0.28520992398262024, 0.013075392693281174, 0.9996280074119568, 0.023938382044434547, 0.2849671542644501, -0.026672838255763054, 0.9581661820411682),
            ["RightFoot"] = CFrame.new(5.21540641784668e-08, 4.76837158203125e-07, -7.617927622050047e-09, 0.9925202131271362, -0.12164705991744995, -0.010281153954565525, 0.12003830075263977, 0.9877883791923523, -0.09932327270507812, 0.022238116711378098, 0.09734652191400528, 0.9950022101402283),
            ["RightHand"] = CFrame.new(3.5762786865234375e-07, -1.1920928955078125e-07, 7.152557373046875e-07, 0.7783908247947693, 0.41683441400527954, 0.46942174434661865, -0.5347818732261658, 0.83191978931427, 0.1480472981929779, -0.328809916973114, -0.36627674102783203, 0.8704742193222046),
            ["RightLowerLeg"] = CFrame.new(1.4901161193847656e-08, -0.000003635883331298828, -0.000013170931197237223, 1, -6.51925802230835e-08, 2.6077039194660756e-08, 5.587936158235607e-08, 0.9239311218261719, 0.38255858421325684, 5.2154071283894154e-08, -0.3825588822364807, 0.923931360244751),
            ["RightUpperLeg"] = CFrame.new(1.1920928955078125e-07, 2.528540790081024e-07, 5.75528247281909e-09, 0.9090997576713562, -0.23176318407058716, -0.34615558385849, 0.053494248539209366, 0.889017641544342, -0.45473751425743103, 0.41312965750694275, 0.39488425850868225, 0.8206035494804382),
            ["LeftLowerLeg"] = CFrame.new(-1.4901161193847656e-08, 0.000004112720489501953, 0.000013217329978942871, 1, 1.4901164746561335e-08, 1.4901162970204496e-08, -6.705523958316917e-08, 0.7701390385627747, 0.6378760933876038, 7.823111758398227e-08, -0.6378760933876038, 0.7701390385627747),
        }},
        {Time = 0.200, Data = {
            ["LeftFoot"] = CFrame.new(-7.450580596923828e-09, -1.1920928955078125e-07, 4.470348358154297e-08, 0.9761949181556702, -0.21447153389453888, 0.03233269602060318, 0.18999077379703522, 0.7736387848854065, -0.6044723987579346, 0.10462798923254013, 0.5962256789207458, 0.7959696650505066),
            ["LeftLowerArm"] = CFrame.new(-5.960464477539063e-08, 1.1920928955078125e-07, -1.4901161193847656e-07, 1, -4.284084909045305e-08, 1.862645815364772e-09, 5.401671643312511e-08, 0.9091750979423523, -0.4164142906665802, -5.587936335871291e-09, 0.4164142608642578, 0.9091749787330627),
            ["RightUpperArm"] = CFrame.new(0, 0, 5.960464477539063e-08, 0.9879333972930908, -0.15219275653362274, -0.028724655508995056, 0.06550119817256927, 0.5786259770393372, -0.8129586577415466, 0.14034724235534668, 0.8012673854827881, 0.5816126465797424),
            ["Head"] = CFrame.new(-4.470348358154297e-08, 2.384185791015625e-07, -2.9802322387695312e-08, 0.6789979934692383, 0.12785747647285461, 0.7229206562042236, 0.17009833455085754, 0.9305221438407898, -0.32433798909187317, -0.7141628265380859, 0.3431924283504486, 0.6100742816925049),
            ["LowerTorso"] = CFrame.new(-0.1705947071313858, -0.25772881507873535, 0.044036321341991425, 0.6264804005622864, 0.006769736763089895, -0.779407799243927, 0.06931224465370178, 0.995516836643219, 0.06435932219028473, 0.7763492465019226, -0.09434236586093903, 0.6232025623321533),
            ["UpperTorso"] = CFrame.new(3.4458935260772705e-08, -2.980232238769531e-07, 2.0954757928848267e-08, 0.9982765913009644, -0.016926441341638565, -0.05619014799594879, 0.037985194474458694, 0.9162313342094421, 0.39884498715400696, 0.04473220556974411, -0.40029197931289673, 0.9152953028678894),
            ["HumanoidRootPart"] = CFrame.new(0, 0, 0, 1, 0, 0, 0, 1, 0, 0, 0, 1),
            ["LeftUpperLeg"] = CFrame.new(0, 2.42842361330986e-07, 5.960464477539063e-08, 0.9112724661827087, 0.3704802989959717, 0.17979766428470612, -0.25975149869918823, 0.855915367603302, -0.4471439719200134, -0.3195492923259735, 0.3607674837112427, 0.8762049674987793),
            ["LeftUpperArm"] = CFrame.new(0, 2.384185791015625e-07, -5.960464477539063e-08, 0.9429291486740112, 0.2600593864917755, -0.20797526836395264, -0.2129296511411667, 0.9510757327079773, 0.2238660454750061, 0.256018728017807, -0.1668056696653366, 0.9521713852882385),
            ["RightLowerArm"] = CFrame.new(1.1920928955078125e-07, 6.556510925292969e-07, -2.086162567138672e-07, 1, -6.705523247774181e-08, 6.984920020158825e-08, 6.705522537231445e-08, 0.11745618283748627, -0.9930780529975891, 2.9802322387695312e-08, 0.9930781126022339, 0.11745624989271164),
            ["LeftHand"] = CFrame.new(-6.183981895446777e-07, 2.980232238769531e-07, 2.086162567138672e-07, 0.9707868695259094, 0.06363482028245926, -0.2313513457775116, -0.040746528655290604, 0.9939082264900208, 0.10240264981985092, 0.23645834624767303, -0.08998431265354156, 0.9674659371376038),
            ["RightFoot"] = CFrame.new(4.0978193283081055e-08, 4.76837158203125e-07, -6.16346369497478e-08, 0.9956800937652588, -0.09283316880464554, -0.001773916999809444, 0.08660499006509781, 0.9354245662689209, -0.3427540063858032, 0.03347814828157425, 0.34112003445625305, 0.9394235610961914),
            ["RightHand"] = CFrame.new(-3.725290298461914e-07, 1.1920928955078125e-07, -3.8207508623600006e-07, 0.8011649250984192, 0.5801704525947571, 0.14675530791282654, -0.5931797027587891, 0.8023242354393005, 0.0664367750287056, -0.07920071482658386, -0.14027906954288483, 0.9869393110275269),
            ["RightLowerLeg"] = CFrame.new(0, -0.0000037550926208496094, -0.000013536009646486491, 1, -9.126964783945368e-08, -3.9115558791991134e-08, 3.166496753692627e-08, 0.7041154503822327, 0.7100852727890015, 0, -0.7100855112075806, 0.7041156888008118),
            ["RightUpperLeg"] = CFrame.new(2.384185791015625e-07, 2.4511246010661125e-07, 5.045876605436206e-08, 0.8963770270347595, -0.34425243735313416, -0.2792816758155823, 0.06795401126146317, 0.7292802929878235, -0.6808322072029114, 0.4380529820919037, 0.5913040637969971, 0.6771036386489868),
            ["LeftLowerLeg"] = CFrame.new(1.1920928955078125e-07, 0.000004291534423828125, 0.000013113021850585938, 1, 1.3411047916633834e-07, -4.4703490686970326e-08, -3.3527616238870905e-08, 0.47297123074531555, 0.8810780644416809, 5.960465188081798e-08, -0.8810779452323914, 0.4729709029197693),
        }},
        {Time = 0.233, Data = {
            ["LeftFoot"] = CFrame.new(1.4901161193847656e-08, 5.960464477539063e-08, 0, 0.9631451368331909, -0.2670194208621979, 0.03243904560804367, 0.21335731446743011, 0.6849514842033386, -0.6966493725776672, 0.1637997031211853, 0.6778954267501831, 0.7166779637336731),
            ["LeftLowerArm"] = CFrame.new(-3.8743019104003906e-07, 2.980232238769531e-07, 8.940696716308594e-08, 1, -3.445894591891374e-08, 1.7229469406743192e-08, 6.519258732851085e-08, 0.8252684473991394, -0.5647408366203308, 1.9557775843281888e-08, 0.564740777015686, 0.8252683877944946),
            ["RightUpperArm"] = CFrame.new(1.1920928955078125e-07, 7.152557373046875e-07, 2.086162567138672e-07, 0.9597617387771606, -0.2808148264884949, -0.0007516220211982727, 0.04209386184811592, 0.14651234447956085, -0.988312840461731, 0.27764299511909485, 0.9485130906105042, 0.15243743360042572),
            ["Head"] = CFrame.new(5.960464477539063e-08, 4.76837158203125e-07, 2.682209014892578e-07, 0.6722496747970581, 0.14541155099868774, 0.7259034514427185, 0.22080594301223755, 0.8965113759040833, -0.3840729594230652, -0.7066293954849243, 0.41847679018974304, 0.5705718398094177),
            ["LowerTorso"] = CFrame.new(-0.18950390815734863, -0.4310719966888428, 0.11401230841875076, 0.6221792697906494, 0.022993499413132668, -0.7825371026992798, 0.0661003589630127, 0.99445641040802, 0.08177543431520462, 0.7800793051719666, -0.10260496288537979, 0.6172102689743042),
            ["UpperTorso"] = CFrame.new(1.4901161193847656e-08, 1.4901161193847656e-07, 1.1175870895385742e-08, 0.9970975518226624, -0.007394116371870041, -0.07577472925186157, 0.041623327881097794, 0.8863074779510498, 0.4612230658531189, 0.06374937295913696, -0.4630384147167206, 0.8840426802635193),
            ["HumanoidRootPart"] = CFrame.new(0, 0, 0, 1, 0, 0, 0, 1, 0, 0, 0, 1),
            ["LeftUpperLeg"] = CFrame.new(2.9802322387695312e-08, 3.594905138015747e-07, 2.9802322387695312e-08, 0.903696596622467, 0.424458771944046, 0.05627819523215294, -0.3043184280395508, 0.7291784286499023, -0.6129347085952759, -0.3012021780014038, 0.5367807149887085, 0.7881267666816711),
            ["LeftUpperArm"] = CFrame.new(-1.1920928955078125e-07, 0, 2.086162567138672e-07, 0.9475347399711609, 0.28996673226356506, -0.134526789188385, -0.26402291655540466, 0.9471907615661621, 0.18199336528778076, 0.18019454181194305, -0.1369268298149109, 0.9740539193153381),
            ["RightLowerArm"] = CFrame.new(-1.7881393432617188e-07, 9.5367431640625e-07, 2.384185791015625e-07, 1, -1.043081283569336e-07, 1.043081283569336e-07, 8.195638656616211e-08, 0.06212269514799118, -0.9980685114860535, 1.043081283569336e-07, 0.9980685114860535, 0.06212269142270088),
            ["LeftHand"] = CFrame.new(-8.940696716308594e-08, 0, -1.7881393432617188e-07, 0.9444448351860046, 0.19191472232341766, -0.2668198347091675, -0.13865560293197632, 0.9686883687973022, 0.20595553517341614, 0.29799115657806396, -0.15751752257347107, 0.9414826035499573),
            ["RightFoot"] = CFrame.new(1.4901161193847656e-08, 4.172325134277344e-07, -9.480572771281004e-09, 0.9983737468719482, 0.05542455613613129, 0.013347846455872059, -0.04907647520303726, 0.954702615737915, -0.29348644614219666, -0.02900971658527851, 0.29235461354255676, 0.9558700919151306),
            ["RightHand"] = CFrame.new(-2.9802322387695312e-08, 5.960464477539063e-08, 1.043081283569336e-07, 0.8335392475128174, 0.42273253202438354, -0.3556819558143616, -0.4262937307357788, 0.9016649127006531, 0.07262289524078369, 0.3514058589935303, 0.09109092503786087, 0.9317813515663147),
            ["RightLowerLeg"] = CFrame.new(2.086162567138672e-07, -0.0000035762786865234375, -0.000013454053259920329, 1, 5.587934559514451e-09, -1.4901168299275014e-08, 2.2351738238057806e-08, 0.4219034016132355, 0.9066405296325684, -7.4505797087454084e-09, -0.9066408276557922, 0.4219040274620056),
            ["RightUpperLeg"] = CFrame.new(5.960464477539063e-08, 3.5669654607772827e-07, 1.7711863620206714e-07, 0.8849491477012634, -0.4304059147834778, -0.17780783772468567, 0.07600902020931244, 0.5101949572563171, -0.8566935658454895, 0.45944279432296753, 0.7446152567863464, 0.4842113256454468),
            ["LeftLowerLeg"] = CFrame.new(-4.470348358154297e-08, 0.0000036954879760742188, 0.000013262033462524414, 1, 7.450581307466564e-08, 2.9802315282267955e-08, -8.940695295223122e-08, 0.1592702716588974, 0.9872350692749023, -1.4901159417490817e-08, -0.9872350692749023, 0.1592700034379959),
        }},
        {Time = 0.267, Data = {
            ["LeftFoot"] = CFrame.new(-7.450580596923828e-09, -5.960464477539063e-08, 0, 0.9460923075675964, -0.3227488100528717, 0.02725311741232872, 0.2398347705602646, 0.6415128707885742, -0.7286571264266968, 0.21768949925899506, 0.695912778377533, 0.6843363046646118),
            ["LeftLowerArm"] = CFrame.new(-2.384185791015625e-07, 4.76837158203125e-07, 5.364418029785156e-07, 1, -6.798655505235729e-08, -2.6775524020195007e-09, 6.705523958316917e-08, 0.7882053852081299, -0.6154123544692993, -1.862645593320167e-09, 0.6154124140739441, 0.7882054448127747),
            ["RightUpperArm"] = CFrame.new(1.1920928955078125e-07, 0, 2.086162567138672e-07, 0.897415280342102, -0.4220268130302429, 0.12860478460788727, 0.05041079223155975, -0.19150099158287048, -0.9801970720291138, 0.4382973909378052, 0.8861267566680908, -0.1505812555551529),
            ["Head"] = CFrame.new(5.960464477539063e-08, 5.960464477539062e-07, 1.7881393432617188e-07, 0.6781471371650696, 0.1511956751346588, 0.7192054390907288, 0.2375316321849823, 0.8809943795204163, -0.4091791808605194, -0.695482075214386, 0.4483177065849304, 0.5615299940109253),
            ["LowerTorso"] = CFrame.new(-0.19489769637584686, -0.5548255443572998, 0.1807827353477478, 0.6185393333435059, 0.03949559107422829, -0.7847606539726257, 0.054204851388931274, 0.9942119121551514, 0.09276055544614792, 0.7838820219039917, -0.09991388767957687, 0.6128183007240295),
            ["UpperTorso"] = CFrame.new(1.4901161193847656e-08, 8.940696716308594e-08, -2.9802322387695312e-08, 0.9966683983802795, -0.003923960030078888, -0.08146639913320541, 0.043064408004283905, 0.8735768795013428, 0.4847772717475891, 0.06926493346691132, -0.48667043447494507, 0.8708354830741882),
            ["HumanoidRootPart"] = CFrame.new(0, 0, 0, 1, 0, 0, 0, 1, 0, 0, 0, 1),
            ["LeftUpperLeg"] = CFrame.new(2.9802322387695312e-08, 6.146728992462158e-08, 7.450580596923828e-08, 0.889018177986145, 0.45694729685783386, -0.029088789597153664, -0.34479784965515137, 0.6263160705566406, -0.6991723775863647, -0.30126577615737915, 0.6316068768501282, 0.7143611311912537),
            ["LeftUpperArm"] = CFrame.new(5.960464477539063e-08, 3.5762786865234375e-07, 1.6391277313232422e-07, 0.9401488900184631, 0.30866822600364685, -0.14437496662139893, -0.29089823365211487, 0.9476413726806641, 0.1317344307899475, 0.17747795581817627, -0.08185159415006638, 0.9807149767875671),
            ["RightLowerArm"] = CFrame.new(-2.682209014892578e-07, 5.960464477539062e-07, -5.662441253662109e-07, 1, -8.940692453052179e-08, 4.19095051995555e-08, 7.450577754752885e-08, 0.1987052708864212, -0.9800592660903931, 1.3038511781360285e-07, 0.9800592660903931, 0.19870531558990479),
            ["LeftHand"] = CFrame.new(-1.7136335372924805e-07, 0, -7.450580596923828e-08, 0.9289337396621704, 0.2486097663640976, -0.2743636667728424, -0.18681970238685608, 0.9545131325721741, 0.2323857992887497, 0.3196570873260498, -0.16461437940597534, 0.9331246018409729),
            ["RightFoot"] = CFrame.new(-7.078051567077637e-08, 1.1920928955078125e-07, -1.3205863069742918e-08, 0.9870564937591553, 0.14490565657615662, 0.06871610134840012, -0.13029395043849945, 0.9744027256965637, -0.18320144712924957, -0.09350436925888062, 0.1718771606683731, 0.9806708693504333),
            ["RightHand"] = CFrame.new(-2.086162567138672e-07, -4.172325134277344e-07, 4.656612873077393e-10, 0.7742922902107239, 0.18458428978919983, -0.6053100228309631, -0.24422180652618408, 0.9695749282836914, -0.016736628487706184, 0.5838040709495544, 0.160788893699646, 0.7958139777183533),
