return {
    ["Hands Off!"] = {
        {Time = 0.000, Data = {
            ["LeftLowerArm"] = CFrame.new(0.0000013709068298339844, 1.1920928955078125e-07, 0.000004827976226806641, 1, 1.7136333951839333e-07, -2.60770320892334e-08, -1.0430814256778831e-07, 0.812563955783844, -0.5828719735145569, -1.9371512394172896e-07, 0.5828719735145569, 0.8125640153884888),
            ["LeftFoot"] = CFrame.new(-8.568167686462402e-08, -5.960464477539063e-08, 3.91155481338501e-08, 0.9818834066390991, -0.18854297697544098, -0.018884481862187386, 0.18628951907157898, 0.9787419438362122, -0.08579354733228683, 0.03465886414051056, 0.08072128891944885, 0.9961339831352234),
            ["RightHand"] = CFrame.new(3.2782554626464844e-07, 8.940696716308594e-07, -9.5367431640625e-07, 0.9524872303009033, -0.01139566209167242, 0.3043648302555084, 0.09080501645803452, 0.9644802808761597, -0.2480565905570984, -0.290727436542511, 0.26390889286994934, 0.9196902513504028),
            ["HumanoidRootPart"] = CFrame.new(0, 0, 0, 1, 0, 0, 0, 1, 0, 0, 0, 1),
            ["Home3"] = CFrame.new(-1.626611351966858, 3.217855453491211, 2.102813243865967, 0.9565378427505493, 0.09781491756439209, 0.2747136354446411, -0.13545288145542145, 0.9833030104637146, 0.1215234026312828, -0.2582399249076843, -0.15345250070095062, 0.953815758228302),
            ["RightLowerLeg"] = CFrame.new(-5.960464477539063e-08, -0.0007263422012329102, 0.00004606118454830721, 1, 2.235175244891252e-08, -3.72529100900465e-08, -7.450581485102248e-09, 0.8438873291015625, 0.5365203619003296, 1.3224781980625266e-07, -0.5365205407142639, 0.843887448310852),
            ["RightFoot"] = CFrame.new(3.129243850708008e-07, 5.960464477539063e-08, 1.6952981241047382e-09, 0.9555250406265259, 0.2933574318885803, -0.0302249975502491, -0.2758210301399231, 0.8526951670646667, -0.44365960359573364, -0.10437842458486557, 0.43226444721221924, 0.895685613155365),
            ["LeftLowerLeg"] = CFrame.new(-9.313225746154785e-08, -0.0007264018058776855, 0.00008088350296020508, 1, 7.40401517873579e-08, 9.313224857976365e-09, -4.842877388000488e-08, 0.7822878360748291, 0.6229173541069031, 2.2351741790771484e-08, -0.6229172945022583, 0.7822877168655396),
            ["RightUpperArm"] = CFrame.new(0.0018256902694702148, -0.050313591957092285, 0.03441902995109558, 0.9520329236984253, -0.20130914449691772, -0.23045174777507782, 0.2645392119884491, 0.9199885129928589, 0.28920629620552063, 0.15379293262958527, -0.3362974226474762, 0.9291134476661682),
            ["Head"] = CFrame.new(0, -0.0000011920928955078125, -3.632158041000366e-08, 0.918189525604248, 0.01626022905111313, 0.39580780267715454, 0.0028185853734612465, 0.9988638758659363, -0.04757314547896385, -0.3961315155029297, 0.04479660838842392, 0.9171003103256226),
            ["Home2"] = CFrame.new(1.638128638267517, 3.1233112812042236, -1.9003829956054688, 0.9565378427505493, -0.09781491756439209, 0.2747136354446411, 0.13545286655426025, 0.9833030104637146, -0.12152338027954102, -0.2582399249076843, 0.15345247089862823, 0.953815758228302),
            ["UpperTorso"] = CFrame.new(1.6342482922482304e-09, 3.8743019104003906e-07, 8.381903171539307e-09, 0.990131676197052, -0.028940560296177864, -0.13711921870708466, 0.05661119148135185, 0.9776567816734314, 0.20244117081165314, 0.12819677591323853, -0.20820583403110504, 0.9696472883224487),
            ["Home4"] = CFrame.new(1.8893316984176636, 2.999849319458008, -1.9144237041473389, 0.9565378427505493, -0.09781491756439209, 0.2747136354446411, 0.13545286655426025, 0.9833030104637146, -0.12152338027954102, -0.2582399249076843, 0.15345247089862823, 0.953815758228302),
            ["Home1"] = CFrame.new(-1.8621575832366943, 3.1217856407165527, 2.160982608795166, 0.9565378427505493, 0.09781491756439209, 0.2747136354446411, -0.13545288145542145, 0.9833030104637146, 0.1215234026312828, -0.2582399249076843, -0.15345250070095062, 0.953815758228302),
            ["LeftUpperArm"] = CFrame.new(0.0598602294921875, -0.0025447607040405273, 0.03454059362411499, 0.8525388240814209, 0.4962496757507324, -0.16405485570430756, -0.4338524639606476, 0.84694504737854, 0.30733683705329895, 0.2914610505104065, -0.19084100425243378, 0.9373526573181152),
            ["RightLowerArm"] = CFrame.new(7.152557373046875e-07, 4.76837158203125e-07, -0.0000040531158447265625, 1, -0.000017393380403518677, 0.00000869482846610481, 0.000018956141502712853, 0.7746116518974304, -0.6324372291564941, 0.000004321337200963171, 0.6324371695518494, 0.7746116518974304),
            ["LeftHand"] = CFrame.new(-0.0000013113021850585938, -0.0000015497207641601562, 3.8743019104003906e-07, 0.9982529282569885, 0.022524723783135414, -0.05462438985705376, -0.03305600956082344, 0.9791715741157532, -0.2003256231546402, 0.04897444695234299, 0.20178136229515076, 0.9782054424285889),
            ["LowerTorso"] = CFrame.new(-0.05557049810886383, -0.1742265224456787, 0.05932176113128662, 0.9634888768196106, -0.011835605837404728, -0.2674870193004608, 7.812844415866493e-08, 0.9990226030349731, -0.04420386999845505, 0.26774877309799194, 0.042589910328388214, 0.9625470042228699),
            ["Home5"] = CFrame.new(1.9856942892074585, 3.011620283126831, -2.054910182952881, 0.9565378427505493, -0.09781491756439209, 0.2747136354446411, 0.13545286655426025, 0.9833030104637146, -0.12152338027954102, -0.2582399249076843, 0.15345247089862823, 0.953815758228302),
            ["Home6"] = CFrame.new(-1.775382161140442, 3.0627670288085938, 1.9238498210906982, 0.9565378427505493, 0.09781491756439209, 0.2747136354446411, -0.13545288145542145, 0.9833030104637146, 0.1215234026312828, -0.2582399249076843, -0.15345250070095062, 0.953815758228302),
            ["RightUpperLeg"] = CFrame.new(2.9802322387695312e-08, -2.3748725652694702e-08, -2.6266206987202168e-09, 0.8715111017227173, -0.31055349111557007, -0.3795057535171509, 0.31151044368743896, 0.9483057260513306, -0.06064452603459358, 0.37872105836868286, -0.06536774337291718, 0.9231997132301331),
            ["LeftUpperLeg"] = CFrame.new(-5.960464477539063e-08, -6.076879799365997e-08, 3.632158041000366e-08, 0.9616795778274536, 0.2686326801776886, 0.054852429777383804, -0.20306095480918884, 0.8322693705558777, -0.5158430337905884, -0.18422439694404602, 0.48493731021881104, 0.8549252152442932),
        }},
        {Time = 0.033, Data = {
            ["LeftLowerArm"] = CFrame.new(0.0000011026859283447266, -2.980232238769531e-07, 0.000005066394805908203, 1, 1.341104507446289e-07, 9.685754776000977e-08, -9.685756197086448e-08, 0.8244991302490234, -0.5658632516860962, -1.6391278734317893e-07, 0.5658632516860962, 0.8244991302490234),
            ["LeftFoot"] = CFrame.new(-2.2351741790771484e-08, -2.384185791015625e-07, 1.6763806343078613e-08, 0.981890082359314, -0.18851280212402344, -0.018838437274098396, 0.1862487494945526, 0.9787132740020752, -0.08620792627334595, 0.03468884155154228, 0.08113791048526764, 0.996099054813385),
            ["RightHand"] = CFrame.new(3.8743019104003906e-07, 0.0000011324882507324219, -8.642673492431641e-07, 0.944541335105896, 0.019621966406702995, 0.3278057277202606, 0.07071196287870407, 0.9626444578170776, -0.26137226819992065, -0.3206893801689148, 0.27005696296691895, 0.9078700542449951),
            ["HumanoidRootPart"] = CFrame.new(0, 0, 0, 1, 0, 0, 0, 1, 0, 0, 0, 1),
            ["Home3"] = CFrame.new(-1.626611351966858, 3.217855453491211, 2.102813243865967, 0.9565378427505493, 0.09781491756439209, 0.2747136354446411, -0.13545288145542145, 0.9833030104637146, 0.1215234026312828, -0.2582399249076843, -0.15345250070095062, 0.953815758228302),
            ["RightLowerLeg"] = CFrame.new(1.4901161193847656e-08, -0.0007263422012329102, 0.00004603883280651644, 1, 1.229346082709526e-07, -2.980232949312267e-08, 0, 0.8427190184593201, 0.5383533239364624, 1.1548399925231934e-07, -0.5383536219596863, 0.8427192568778992),
            ["RightFoot"] = CFrame.new(1.4156103134155273e-07, 0, 2.4047039914876223e-08, 0.9554572105407715, 0.2935699224472046, -0.030302749946713448, -0.2759239375591278, 0.8521246910095215, -0.4446902871131897, -0.10472606867551804, 0.4332439601421356, 0.8951717019081116),
            ["LeftLowerLeg"] = CFrame.new(-8.940696716308594e-08, -0.0007265210151672363, 0.00008102506399154663, 1, 4.982575063650074e-08, -9.313227966600834e-10, -4.0978196835794733e-08, 0.7818880081176758, 0.623418927192688, -3.725290742551124e-09, -0.6234188675880432, 0.7818880677223206),
            ["RightUpperArm"] = CFrame.new(0.0020758509635925293, -0.05115103721618652, 0.035028740763664246, 0.9532700181007385, -0.20761580765247345, -0.21948109567165375, 0.2644314467906952, 0.9247331619262695, 0.27376052737236023, 0.14612454175949097, -0.31900519132614136, 0.9364204406738281),
            ["Head"] = CFrame.new(-3.725290298461914e-09, -8.344650268554688e-07, -4.470348358154297e-08, 0.9181939959526062, 0.017627369612455368, 0.3957388401031494, 0.001695719314739108, 0.9988253712654114, -0.04842521995306015, -0.3961275517940521, 0.04513469710946083, 0.9170855283737183),
            ["Home2"] = CFrame.new(1.638128638267517, 3.1233112812042236, -1.9003829956054688, 0.9565378427505493, -0.09781491756439209, 0.2747136354446411, 0.13545286655426025, 0.9833030104637146, -0.12152338027954102, -0.2582399249076843, 0.15345247089862823, 0.953815758228302),
            ["UpperTorso"] = CFrame.new(-6.984919309616089e-10, -1.4901161193847656e-07, -1.6763806343078613e-08, 0.9900623559951782, -0.030830489471554756, -0.13720814883708954, 0.05839487165212631, 0.9777105450630188, 0.20167361199855804, 0.1279320865869522, -0.20768171548843384, 0.9697946310043335),
            ["Home4"] = CFrame.new(1.8893316984176636, 2.999849319458008, -1.9144237041473389, 0.9565378427505493, -0.09781491756439209, 0.2747136354446411, 0.13545286655426025, 0.9833030104637146, -0.12152338027954102, -0.2582399249076843, 0.15345247089862823, 0.953815758228302),
            ["Home1"] = CFrame.new(-1.8621575832366943, 3.1217856407165527, 2.160982608795166, 0.9565378427505493, 0.09781491756439209, 0.2747136354446411, -0.13545288145542145, 0.9833030104637146, 0.1215234026312828, -0.2582399249076843, -0.15345250070095062, 0.953815758228302),
            ["LeftUpperArm"] = CFrame.new(0.06021994352340698, -0.001302480697631836, 0.03528815507888794, 0.8534830808639526, 0.4967239499092102, -0.1575808972120285, -0.44110438227653503, 0.8496236205101013, 0.2890794277191162, 0.2774771749973297, -0.1772146224975586, 0.9442465305328369),
            ["RightLowerArm"] = CFrame.new(-1.1920928955078125e-07, 5.960464477539063e-08, -0.000003993511199951172, 1, -0.000017508864402770996, 0.00000847876253828872, 0.00001896918001875747, 0.7811795473098755, -0.6243066191673279, 0.000004291534878575476, 0.6243065595626831, 0.7811794281005859),
            ["LeftHand"] = CFrame.new(-0.0000011920928955078125, -9.5367431640625e-07, 2.086162567138672e-07, 0.9983382225036621, 0.0022513449657708406, -0.05758264288306236, -0.015202004462480545, 0.9741294980049133, -0.22547855973243713, 0.055585384368896484, 0.22597932815551758, 0.9725450277328491),
            ["LowerTorso"] = CFrame.new(-0.05564717575907707, -0.1746227741241455, 0.05908021330833435, 0.9634875655174255, -0.011012721806764603, -0.26752644777297974, -0.0005780713981948793, 0.9990659952163696, -0.04320843890309334, 0.26775237917900085, 0.04178544506430626, 0.962581217288971),
            ["Home5"] = CFrame.new(1.9856942892074585, 3.011620283126831, -2.054910182952881, 0.9565378427505493, -0.09781491756439209, 0.2747136354446411, 0.13545286655426025, 0.9833030104637146, -0.12152338027954102, -0.2582399249076843, 0.15345247089862823, 0.953815758228302),
            ["Home6"] = CFrame.new(-1.775382161140442, 3.0627670288085938, 1.9238498210906982, 0.9565378427505493, 0.09781491756439209, 0.2747136354446411, -0.13545288145542145, 0.9833030104637146, 0.1215234026312828, -0.2582399249076843, -0.15345250070095062, 0.953815758228302),
            ["RightUpperLeg"] = CFrame.new(-2.9802322387695312e-08, -4.400499165058136e-07, -5.420588422566652e-09, 0.871314287185669, -0.31167373061180115, -0.379039466381073, 0.31184473633766174, 0.9480611085891724, -0.06271388381719589, 0.3788987994194031, -0.06355807930231094, 0.923253059387207),
            ["LeftUpperLeg"] = CFrame.new(2.9802322387695312e-08, -1.4225952327251434e-07, 3.725290298461914e-09, 0.9618062376976013, 0.2681295871734619, 0.05509471893310547, -0.202290341258049, 0.8318348526954651, -0.5168455243110657, -0.18441137671470642, 0.4859602749347687, 0.8543039560317993),
        }},
        {Time = 0.067, Data = {
            ["LeftLowerArm"] = CFrame.new(0.000001341104507446289, -2.384185791015625e-07, 0.000004947185516357422, 1, 7.450579886381092e-08, 7.823110337312755e-08, -1.0430814256778831e-07, 0.8309682607650757, -0.5563199520111084, -2.0861628513557662e-07, 0.5563197731971741, 0.8309682607650757),
            ["LeftFoot"] = CFrame.new(-8.568167686462402e-08, -1.1920928955078125e-07, 1.30385160446167e-08, 0.9819161891937256, -0.18840759992599487, -0.01852593943476677, 0.18601910769939423, 0.9783682227134705, -0.09051260352134705, 0.035178497433662415, 0.08542974293231964, 0.9957230687141418),
            ["RightHand"] = CFrame.new(1.1920928955078125e-07, 0.0000010132789611816406, -8.642673492431641e-07, 0.9218741655349731, 0.10166966170072556, 0.37391310930252075, 0.018585091456770897, 0.9522525072097778, -0.30474528670310974, -0.3870435953140259, 0.28788623213768005, 0.8759677410125732),
            ["HumanoidRootPart"] = CFrame.new(0, 0, 0, 1, 0, 0, 0, 1, 0, 0, 0, 1),
            ["Home3"] = CFrame.new(-1.626611351966858, 3.217855453491211, 2.102813243865967, 0.9565378427505493, 0.09781491756439209, 0.2747136354446411, -0.13545288145542145, 0.9833030104637146, 0.1215234026312828, -0.2582399249076843, -0.15345250070095062, 0.953815758228302),
            ["RightLowerLeg"] = CFrame.new(2.9802322387695312e-08, -0.0007265806198120117, 0.000046068635128904134, 1, 9.313229298868464e-08, -5.960465188081798e-08, -6.332992086299782e-08, 0.836991012096405, 0.5472162961959839, 0, -0.5472165942192078, 0.8369912505149841),
            ["RightFoot"] = CFrame.new(1.7881393432617188e-07, 1.1920928955078125e-07, 1.6952981241047382e-09, 0.9551709890365601, 0.2940047085285187, -0.03478209674358368, -0.277678906917572, 0.8489328622817993, -0.44967469573020935, -0.1026787981390953, 0.439174622297287, 0.8925150036811829),
            ["LeftLowerLeg"] = CFrame.new(-2.9802322387695312e-08, -0.0007264614105224609, 0.00008106976747512817, 1, 5.634500865880909e-08, 3.725290298461914e-09, -4.470347647611561e-08, 0.7767248153686523, 0.629840075969696, -2.9802318834981634e-08, -0.6298401951789856, 0.7767248749732971),
            ["RightUpperArm"] = CFrame.new(0.002550780773162842, -0.05283176898956299, 0.036197543144226074, 0.9544302225112915, -0.22820763289928436, -0.19231273233890533, 0.2711358666419983, 0.9323256611824036, 0.2392788976430893, 0.12469270825386047, -0.2805176079273224, 0.9517151117324829),
            ["Head"] = CFrame.new(7.450580596923828e-09, -7.152557373046875e-07, -5.21540641784668e-08, 0.9181739091873169, 0.020024200901389122, 0.39567142724990845, -0.0008160093566402793, 0.9988153576850891, -0.04865477234125137, -0.39617693424224854, 0.04435063898563385, 0.9171025156974792),
            ["Home2"] = CFrame.new(1.638128638267517, 3.1233112812042236, -1.9003829956054688, 0.9565378427505493, -0.09781491756439209, 0.2747136354446411, 0.13545286655426025, 0.9833030104637146, -0.12152338027954102, -0.2582399249076843, 0.15345247089862823, 0.953815758228302),
            ["UpperTorso"] = CFrame.new(4.6566128730773926e-09, 0, -5.122274160385132e-09, 0.9898936152458191, -0.03476094827055931, -0.13748569786548615, 0.06187975034117699, 0.9782044291496277, 0.19820977747440338, 0.12759928405284882, -0.20471429824829102, 0.9704692959785461),
            ["Home4"] = CFrame.new(1.8893316984176636, 2.999849319458008, -1.9144237041473389, 0.9565378427505493, -0.09781491756439209, 0.2747136354446411, 0.13545286655426025, 0.9833030104637146, -0.12152338027954102, -0.2582399249076843, 0.15345247089862823, 0.953815758228302),
            ["Home1"] = CFrame.new(-1.8621575832366943, 3.1217856407165527, 2.160982608795166, 0.9565378427505493, 0.09781491756439209, 0.2747136354446411, -0.13545288145542145, 0.9833030104637146, 0.1215234026312828, -0.2582399249076843, -0.15345250070095062, 0.953815758228302),
            ["LeftUpperArm"] = CFrame.new(0.060919880867004395, 0.0010232925415039062, 0.036759793758392334, 0.8545238375663757, 0.5020154118537903, -0.13330206274986267, -0.45409104228019714, 0.8466351628303528, 0.2775076925754547, 0.25217118859291077, -0.17660556733608246, 0.95143061876297),
            ["RightLowerArm"] = CFrame.new(4.172325134277344e-07, 8.344650268554688e-07, -0.000003635883331298828, 1, -0.00001764111038937699, 0.000008203091056202538, 0.00001898407754197251, 0.7903105020523071, -0.6127065420150757, 0.000004246830485499231, 0.6127065420150757, 0.7903105616569519),
            ["LeftHand"] = CFrame.new(-0.0000013113021850585938, -0.0000011920928955078125, 1.7881393432617188e-07, 0.9975190162658691, -0.034167852252721786, -0.06154938042163849, 0.015898684039711952, 0.9610689282417297, -0.2758510112762451, 0.06857840716838837, 0.274188369512558, 0.9592277407646179),
            ["LowerTorso"] = CFrame.new(-0.05625924468040466, -0.17741262912750244, 0.05765775591135025, 0.9634895920753479, -0.008888470008969307, -0.2675985097885132, -0.00207533105276525, 0.9991708993911743, -0.040660396218299866, 0.2677380442619324, 0.039731215685606, 0.962672233581543),
            ["Home5"] = CFrame.new(1.9856942892074585, 3.011620283126831, -2.054910182952881, 0.9565378427505493, -0.09781491756439209, 0.2747136354446411, 0.13545286655426025, 0.9833030104637146, -0.12152338027954102, -0.2582399249076843, 0.15345247089862823, 0.953815758228302),
            ["Home6"] = CFrame.new(-1.775382161140442, 3.0627670288085938, 1.9238498210906982, 0.9565378427505493, 0.09781491756439209, 0.2747136354446411, -0.13545288145542145, 0.9833030104637146, 0.1215234026312828, -0.2582399249076843, -0.15345250070095062, 0.953815758228302),
            ["RightUpperLeg"] = CFrame.new(2.9802322387695312e-08, -1.5739351511001587e-07, 6.330083124339581e-10, 0.8725603818893433, -0.3149382770061493, -0.3734329044818878, 0.3124893307685852, 0.9474223852157593, -0.06885800510644913, 0.375484824180603, -0.05661124363541603, 0.9250981211662292),
            ["LeftUpperLeg"] = CFrame.new(-5.960464477539063e-08, -8.218921720981598e-08, 1.7229467630386353e-08, 0.962179958820343, 0.26687178015708923, 0.05467374250292778, -0.20026510953903198, 0.8290078043937683, -0.5221495032310486, -0.18467187881469727, 0.49145248532295227, 0.8510997295379639),
        }},
        {Time = 0.100, Data = {
            ["LeftLowerArm"] = CFrame.new(0.0000014603137969970703, -4.172325134277344e-07, 0.000004887580871582031, 1, 1.1920927533992653e-07, 5.2154071283894154e-08, -5.2154071283894154e-08, 0.82211834192276, -0.5693166851997375, -1.3411046495548362e-07, 0.569316565990448, 0.8221184015274048),
            ["LeftFoot"] = CFrame.new(-4.0978193283081055e-08, -1.7881393432617188e-07, -3.725290298461914e-08, 0.9819709062576294, -0.18818189203739166, -0.017907550558447838, 0.18549460172653198, 0.9775024056434631, -0.10040280967950821, 0.03639882057905197, 0.0952710434794426, 0.994785726070404),
            ["RightHand"] = CFrame.new(4.76837158203125e-07, 0.0000010132789611816406, -8.940696716308594e-07, 0.8530325889587402, 0.2686852812767029, 0.4473734498023987, -0.07819537818431854, 0.9134029150009155, -0.3994755744934082, -0.5159658789634705, 0.30578330159187317, 0.8001726865768433),
            ["HumanoidRootPart"] = CFrame.new(0, 0, 0, 1, 0, 0, 0, 1, 0, 0, 0, 1),
            ["Home3"] = CFrame.new(-1.626611351966858, 3.217855453491211, 2.102813243865967, 0.9565378427505493, 0.09781491756439209, 0.2747136354446411, -0.13545288145542145, 0.9833030104637146, 0.1215234026312828, -0.2582399249076843, -0.15345250070095062, 0.953815758228302),
            ["RightLowerLeg"] = CFrame.new(-7.450580596923828e-08, -0.0007264614105224609, 0.00004609843745129183, 1, 1.192093463942001e-07, -8.940698847936801e-08, -3.725290653733282e-08, 0.8250055313110352, 0.5651247501373291, 4.842878098543224e-08, -0.5651248693466187, 0.8250054121017456),
            ["RightFoot"] = CFrame.new(2.2351741790771484e-07, -5.960464477539063e-08, 8.365168469026685e-08, 0.9543881416320801, 0.2959243059158325, -0.039649978280067444, -0.280353844165802, 0.8425511121749878, -0.45990145206451416, -0.10268883407115936, 0.45004042983055115, 0.8870843052864075),
            ["LeftLowerLeg"] = CFrame.new(-2.2351741790771484e-08, -0.0007265806198120117, 0.0000808611512184143, 1, 8.149072527885437e-08, 3.3527612686157227e-08, -6.332992796842518e-08, 0.7645193934440613, 0.6446005702018738, 2.2351738238057806e-08, -0.6446008086204529, 0.7645195722579956),
            ["RightUpperArm"] = CFrame.new(0.0030356645584106445, -0.05471622943878174, 0.03747160732746124, 0.9508915543556213, -0.26251983642578125, -0.16397793591022491, 0.2937365174293518, 0.9323878288269043, 0.21064633131027222, 0.09759204834699631, -0.2484680712223053, 0.9637113213539124),
            ["Head"] = CFrame.new(-1.4901161193847656e-08, -8.344650268554688e-07, -5.21540641784668e-08, 0.9180490374565125, 0.021093042567372322, 0.39590558409690857, -0.004791192710399628, 0.9991011619567871, -0.04212008789181709, -0.3964381814002991, 0.03677130490541458, 0.9173247218132019),
            ["Home2"] = CFrame.new(1.638128638267517, 3.1233112812042236, -1.9003829956054688, 0.9565378427505493, -0.09781491756439209, 0.2747136354446411, 0.13545286655426025, 0.9833030104637146, -0.12152338027954102, -0.2582399249076843, 0.15345247089862823, 0.953815758228302),
            ["UpperTorso"] = CFrame.new(1.7695128917694092e-08, -4.470348358154297e-07, 2.3399479687213898e-08, 0.989660382270813, -0.039285749197006226, -0.13794559240341187, 0.06497654318809509, 0.9802078008651733, 0.18700480461120605, 0.1278688758611679, -0.19403444230556488, 0.9726254940032959),
            ["Home4"] = CFrame.new(1.8893316984176636, 2.999849319458008, -1.9144237041473389, 0.9565378427505493, -0.09781491756439209, 0.2747136354446411, 0.13545286655426025, 0.9833030104637146, -0.12152338027954102, -0.2582399249076843, 0.15345247089862823, 0.953815758228302),
            ["Home1"] = CFrame.new(-1.8621575832366943, 3.1217856407165527, 2.160982608795166, 0.9565378427505493, 0.09781491756439209, 0.2747136354446411, -0.13545288145542145, 0.9833030104637146, 0.1215234026312828, -0.2582399249076843, -0.15345250070095062, 0.953815758228302),
            ["LeftUpperArm"] = CFrame.new(0.061658501625061035, 0.003338932991027832, 0.038435667753219604, 0.8563588261604309, 0.5120794773101807, -0.06651642918586731, -0.4794107973575592, 0.8362869024276733, 0.26606306433677673, 0.19187211990356445, -0.19595681130886078, 0.9616579413414001),
            ["RightLowerArm"] = CFrame.new(3.2782554626464844e-07, 7.152557373046875e-07, -0.000003933906555175781, 1, -0.0000172741729329573, 0.00000894814820640022, 0.000018984079360961914, 0.7647129893302917, -0.6443710923194885, 0.000004328787326812744, 0.6443711519241333, 0.7647129893302917),
            ["LeftHand"] = CFrame.new(-0.000001430511474609375, -0.0000011920928955078125, 1.1920928955078125e-07, 0.9911781549453735, -0.11265970766544342, -0.06981203705072403, 0.08203642815351486, 0.9352089166641235, -0.34446239471435547, 0.10409603267908096, 0.3356965482234955, 0.9362008571624756),
            ["LowerTorso"] = CFrame.new(-0.05764925852417946, -0.18357515335083008, 0.054511673748493195, 0.9634903073310852, -0.005569681525230408, -0.26768526434898376, -0.004532361403107643, 0.9993011355400085, -0.037105802446603775, 0.2677047848701477, 0.03696432709693909, 0.9627917408943176),
            ["Home5"] = CFrame.new(1.9856942892074585, 3.011620283126831, -2.054910182952881, 0.9565378427505493, -0.09781491756439209, 0.2747136354446411, 0.13545286655426025, 0.9833030104637146, -0.12152338027954102, -0.2582399249076843, 0.15345247089862823, 0.953815758228302),
            ["Home6"] = CFrame.new(-1.775382161140442, 3.0627670288085938, 1.9238498210906982, 0.9565378427505493, 0.09781491756439209, 0.2747136354446411, -0.13545288145542145, 0.9833030104637146, 0.1215234026312828, -0.2582399249076843, -0.15345250070095062, 0.953815758228302),
            ["RightUpperLeg"] = CFrame.new(-2.9802322387695312e-08, -6.28642737865448e-08, -2.510205376893282e-09, 0.8732184767723083, -0.32221269607543945, -0.36560681462287903, 0.31508636474609375, 0.9456151723861694, -0.08082456141710281, 0.37176620960235596, -0.0446203276515007, 0.9272534847259521),
            ["LeftUpperLeg"] = CFrame.new(0, -3.264285624027252e-07, 2.153683453798294e-08, 0.9628200531005859, 0.26485225558280945, 0.05320580303668976, -0.19699978828430176, 0.823141872882843, -0.5325679779052734, -0.1848478615283966, 0.5022855401039124, 0.8447132706642151),
        }},
        {Time = 0.133, Data = {
            ["LeftLowerArm"] = CFrame.new(0.0000016391277313232422, -4.172325134277344e-07, 0.0000050067901611328125, 1, 1.4901162614933128e-07, 4.470348358154297e-08, -1.4901162614933128e-07, 0.8079551458358765, -0.5892442464828491, -1.6391278734317893e-07, 0.5892441272735596, 0.8079550266265869),
            ["LeftFoot"] = CFrame.new(2.60770320892334e-08, -5.960464477539063e-08, 2.0489096641540527e-08, 0.9820005297660828, -0.18811774253845215, -0.016935590654611588, 0.18482621014118195, 0.9755347967147827, -0.11904294788837433, 0.03891532123088837, 0.11377014219760895, 0.9927447438240051),
            ["RightHand"] = CFrame.new(1.4901161193847656e-07, 7.152557373046875e-07, -6.556510925292969e-07, 0.7899760603904724, 0.3799574077129364, 0.48121708631515503, -0.1599465161561966, 0.8853735327720642, -0.43649816513061523, -0.5919079184532166, 0.2678544521331787, 0.7601970434188843),
            ["HumanoidRootPart"] = CFrame.new(0, 0, 0, 1, 0, 0, 0, 1, 0, 0, 0, 1),
            ["Home3"] = CFrame.new(-1.626611351966858, 3.217855453491211, 2.102813243865967, 0.9565378427505493, 0.09781491756439209, 0.2747136354446411, -0.13545288145542145, 0.9833030104637146, 0.1215234026312828, -0.2582399249076843, -0.15345250070095062, 0.953815758228302),
            ["RightLowerLeg"] = CFrame.new(-1.4901161193847656e-08, -0.0007262825965881348, 0.00004600157990353182, 1, 1.1175875158642157e-07, -2.980232594040899e-08, -7.450580596923828e-09, 0.8023864030838013, 0.596804678440094, 8.195638656616211e-08, -0.5968050360679626, 0.8023866415023804),
            ["RightFoot"] = CFrame.new(1.862645149230957e-07, -1.7881393432617188e-07, -1.3205863069742918e-08, 0.9529238343238831, 0.29985567927360535, -0.044977184385061264, -0.2840752601623535, 0.8310489654541016, -0.4781828224658966, -0.10600778460502625, 0.4684486389160156, 0.8771079182624817),
            ["LeftLowerLeg"] = CFrame.new(3.725290298461914e-09, -0.0007262825965881348, 0.00008106976747512817, 1, 7.404013757650318e-08, 3.5390257835388184e-08, -5.960463766996327e-08, 0.739879846572876, 0.6727390289306641, 2.9802318834981634e-08, -0.6727390289306641, 0.739879846572876),
            ["RightUpperArm"] = CFrame.new(0.0033655166625976562, -0.056122541427612305, 0.038210734724998474, 0.9409806728363037, -0.3092062175273895, -0.13764835894107819, 0.33055394887924194, 0.9269576668739319, 0.17743606865406036, 0.0727299302816391, -0.2124641090631485, 0.9744585752487183),
            ["Head"] = CFrame.new(3.725290298461914e-09, -7.152557373046875e-07, -2.7939677238464355e-08, 0.9179204702377319, 0.021835025399923325, 0.3961634039878845, -0.0079007213935256, 0.9992924928665161, -0.036771222949028015, -0.39668598771095276, 0.0306229367852211, 0.9174435138702393),
            ["Home2"] = CFrame.new(1.638128638267517, 3.1233112812042236, -1.9003829956054688, 0.9565378427505493, -0.09781491756439209, 0.2747136354446411, 0.13545286655426025, 0.9833030104637146, -0.12152338027954102, -0.2582399249076843, 0.15345247089862823, 0.953815758228302),
            ["UpperTorso"] = CFrame.new(3.725290298461914e-09, 5.960464477539063e-08, 2.7939677238464355e-09, 0.9893785715103149, -0.044017989188432693, -0.13853713870048523, 0.06842302531003952, 0.9818888902664185, 0.17667101323604584, 0.1282513439655304, -0.18427357077598572, 0.9744716286659241),
            ["Home4"] = CFrame.new(1.8893316984176636, 2.999849319458008, -1.9144237041473389, 0.9565378427505493, -0.09781491756439209, 0.2747136354446411, 0.13545286655426025, 0.9833030104637146, -0.12152338027954102, -0.2582399249076843, 0.15345247089862823, 0.953815758228302),
            ["Home1"] = CFrame.new(-1.8621575832366943, 3.1217856407165527, 2.160982608795166, 0.9565378427505493, 0.09781491756439209, 0.2747136354446411, -0.13545288145542145, 0.9833030104637146, 0.1215234026312828, -0.2582399249076843, -0.15345250070095062, 0.953815758228302),
            ["LeftUpperArm"] = CFrame.new(0.06217426061630249, 0.004816532135009766, 0.03945133090019226, 0.8503316044807434, 0.5261213779449463, 0.011508877389132977, -0.5121793746948242, 0.822379469871521, 0.24771855771541595, 0.1208653524518013, -0.2165374904870987, 0.9687637686729431),
            ["RightLowerArm"] = CFrame.new(3.8743019104003906e-07, 5.960464477539062e-07, -0.0000036954879760742188, 1, -0.00001659244117035996, 0.000010043383554148022, 0.00001898408299894072, 0.7207880616188049, -0.6931555867195129, 0.000004328788236307446, 0.6931555271148682, 0.7207880020141602),
            ["LeftHand"] = CFrame.new(-0.0000013709068298339844, -8.344650268554688e-07, 2.384185791015625e-07, 0.9757176637649536, -0.19974392652511597, -0.08987367153167725, 0.1496940553188324, 0.9076578617095947, -0.3921085596084595, 0.15989601612091064, 0.36913377046585083, 0.9155182242393494),
            ["LowerTorso"] = CFrame.new(-0.059853456914424896, -0.19565355777740479, 0.0493762269616127, 0.9634897708892822, -0.0014240819728001952, -0.26774126291275024, -0.007737934123724699, 0.9994201064109802, -0.033161409199237823, 0.26763319969177246, 0.03402244299650192, 0.9629200100898743),
            ["Home5"] = CFrame.new(1.9856942892074585, 3.011620283126831, -2.054910182952881, 0.9565378427505493, -0.09781491756439209, 0.2747136354446411, 0.13545286655426025, 0.9833030104637146, -0.12152338027954102, -0.2582399249076843, 0.15345247089862823, 0.953815758228302),
            ["Home6"] = CFrame.new(-1.775382161140442, 3.0627670288085938, 1.9238498210906982, 0.9565378427505493, 0.09781491756439209, 0.2747136354446411, -0.13545288145542145, 0.9833030104637146, 0.1215234026312828, -0.2582399249076843, -0.15345250070095062, 0.953815758228302),
            ["RightUpperLeg"] = CFrame.new(2.9802322387695312e-08, 6.32135197520256e-08, -1.5665136743336916e-08, 0.8731818199157715, -0.33470314741134644, -0.35429829359054565, 0.3202178478240967, 0.9419777393341064, -0.10069096833467484, 0.3674427568912506, -0.025531219318509102, 0.929695725440979),
            ["LeftUpperLeg"] = CFrame.new(2.9802322387695312e-08, 8.853385224938393e-08, 3.818422555923462e-08, 0.9636377096176147, 0.26261934638023376, 0.049330975860357285, -0.1930921971797943, 0.8119852542877197, -0.5508134961128235, -0.18471023440361023, 0.5212591886520386, 0.8331692218780518),
        }},
        {Time = 0.167, Data = {
            ["LeftLowerArm"] = CFrame.new(0.0000010728836059570312, -7.152557373046875e-07, 0.000004827976226806641, 1, 7.450580596923828e-08, -2.2351741790771484e-08, -7.078051567077637e-08, 0.7969526052474976, -0.6040419936180115, -8.940696716308594e-08, 0.6040419340133667, 0.796952486038208),
            ["LeftFoot"] = CFrame.new(-1.1548399925231934e-07, -1.7881393432617188e-07, 4.470348358154297e-08, 0.9819515347480774, -0.1884782910346985, -0.01571979932487011, 0.18401789665222168, 0.9712888598442078, -0.15078264474868774, 0.04368780180811882, 0.14516854286193848, 0.9884420037269592),
            ["RightHand"] = CFrame.new(3.5762786865234375e-07, 8.344650268554688e-07, -5.960464477539062e-07, 0.8048675656318665, 0.39915961027145386, 0.4391574561595917, -0.2378888577222824, 0.8949527144432068, -0.377450168132782, -0.5436884760856628, 0.19932697713375092, 0.8152742981910706),
            ["HumanoidRootPart"] = CFrame.new(0, 0, 0, 1, 0, 0, 0, 1, 0, 0, 0, 1),
            ["Home3"] = CFrame.new(-1.626611351966858, 3.217855453491211, 2.102813243865967, 0.9565378427505493, 0.09781491756439209, 0.2747136354446411, -0.13545288145542145, 0.9833030104637146, 0.1215234026312828, -0.2582399249076843, -0.15345250070095062, 0.953815758228302),
            ["RightLowerLeg"] = CFrame.new(-8.940696716308594e-08, -0.0007263422012329102, 0.000046031382225919515, 1, 1.4901168299275014e-07, -1.4901162614933128e-07, -2.2351741790771484e-08, 0.761948823928833, 0.6476373076438904, 3.725290298461914e-08, -0.6476372480392456, 0.7619488835334778),
            ["RightFoot"] = CFrame.new(1.4901161193847656e-07, -5.960464477539063e-08, -5.045876605436206e-08, 0.9503540396690369, 0.30697301030158997, -0.05093976482748985, -0.28925877809524536, 0.8111711144447327, -0.5082628130912781, -0.11470231413841248, 0.49776405096054077, 0.859694242477417),
            ["LeftLowerLeg"] = CFrame.new(6.332993507385254e-08, -0.0007265806198120117, 0.00008108466863632202, 1, 5.308537964765492e-08, 2.2351747119842003e-08, -9.313227167240257e-08, 0.6939995884895325, 0.7199754118919373, 2.980232594040899e-08, -0.719975471496582, 0.693999707698822),
            ["RightUpperArm"] = CFrame.new(0.0033941268920898438, -0.056029677391052246, 0.03841182589530945, 0.9201837778091431, -0.37817391753196716, -0.10122399777173996, 0.3890523314476013, 0.912155270576477, 0.1288849264383316, 0.04359100013971329, -0.15797913074493408, 0.9864798188209534),
            ["Head"] = CFrame.new(-7.450580596923828e-09, -8.344650268554688e-07, -3.725290298461914e-09, 0.9176900386810303, 0.02430850639939308, 0.3965528607368469, -0.010637691244482994, 0.9992720484733582, -0.03663758933544159, -0.39715486764907837, 0.029403498396277428, 0.9172806143760681),
            ["Home2"] = CFrame.new(1.638128638267517, 3.1233112812042236, -1.9003829956054688, 0.9565378427505493, -0.09781491756439209, 0.2747136354446411, 0.13545286655426025, 0.9833030104637146, -0.12152338027954102, -0.2582399249076843, 0.15345247089862823, 0.953815758228302),
            ["UpperTorso"] = CFrame.new(9.313225746154785e-10, -5.960464477539063e-08, -7.450580596923828e-09, 0.9889253973960876, -0.05016972869634628, -0.13967646658420563, 0.07389175146818161, 0.9826326966285706, 0.17021487653255463, 0.12871123850345612, -0.17865082621574402, 0.9754576086997986),
            ["Home4"] = CFrame.new(1.8893316984176636, 2.999849319458008, -1.9144237041473389, 0.9565378427505493, -0.09781491756439209, 0.2747136354446411, 0.13545286655426025, 0.9833030104637146, -0.12152338027954102, -0.2582399249076843, 0.15345247089862823, 0.953815758228302),
            ["Home1"] = CFrame.new(-1.8621575832366943, 3.1217856407165527, 2.160982608795166, 0.9565378427505493, 0.09781491756439209, 0.2747136354446411, -0.13545288145542145, 0.9833030104637146, 0.1215234026312828, -0.2582399249076843, -0.15345250070095062, 0.953815758228302),
            ["LeftUpperArm"] = CFrame.new(0.06218975782394409, 0.004704713821411133, 0.03970828652381897, 0.8264442086219788, 0.5545961856842041, 0.09702085703611374, -0.5615633726119995, 0.7995941042900085, 0.21282917261123657, 0.04045681282877922, -0.23037469387054443, 0.9722606539726257),
            ["RightLowerArm"] = CFrame.new(4.76837158203125e-07, 4.76837158203125e-07, -0.000003635883331298828, 1, -0.00001636892557144165, 0.000010497868061065674, 0.00001902878466353286, 0.6992744207382202, -0.7148533463478088, 0.00000435859010394779, 0.7148534059524536, 0.6992744207382202),
            ["LeftHand"] = CFrame.new(-0.0000012516975402832031, -0.0000013113021850585938, 1.9371509552001953e-07, 0.9392536878585815, -0.303860604763031, -0.1595965176820755, 0.22172795236110687, 0.8921250104904175, -0.39363670349121094, 0.26199105381965637, 0.33433797955513, 0.9053060412406921),
            ["LowerTorso"] = CFrame.new(-0.06321075558662415, -0.21791958808898926, 0.04161190986633301, 0.9635016918182373, 0.0033649401739239693, -0.26768139004707336, -0.011369071900844574, 0.9995332360267639, -0.028357410803437233, 0.26746100187301636, 0.030365698039531708, 0.9630901217460632),
            ["Home5"] = CFrame.new(1.9856942892074585, 3.011620283126831, -2.054910182952881, 0.9565378427505493, -0.09781491756439209, 0.2747136354446411, 0.13545286655426025, 0.9833030104637146, -0.12152338027954102, -0.2582399249076843, 0.15345247089862823, 0.953815758228302),
            ["Home6"] = CFrame.new(-1.775382161140442, 3.0627670288085938, 1.9238498210906982, 0.9565378427505493, 0.09781491756439209, 0.2747136354446411, -0.13545288145542145, 0.9833030104637146, 0.1215234026312828, -0.2582399249076843, -0.15345250070095062, 0.953815758228302),
            ["RightUpperLeg"] = CFrame.new(-2.9802322387695312e-08, -8.195638656616211e-08, 1.6931153368204832e-08, 0.8721720576286316, -0.35413888096809387, -0.33749282360076904, 0.3286036550998688, 0.9351828694343567, -0.13210836052894592, 0.36240243911743164, 0.004319774452596903, 0.9320118427276611),
            ["LeftUpperLeg"] = CFrame.new(-5.960464477539063e-08, -1.5995465219020844e-07, 2.9802322387695312e-08, 0.9645092487335205, 0.2607937753200531, 0.04133577272295952, -0.18903283774852753, 0.7912794351577759, -0.5815011262893677, -0.18436004221439362, 0.5530494451522827, 0.8124948143959045),
        }},
        {Time = 0.200, Data = {
            ["LeftLowerArm"] = CFrame.new(9.834766387939453e-07, -1.7881393432617188e-07, 0.000004947185516357422, 1, 1.3411046495548362e-07, -1.4901162970204496e-08, -1.6391273049976007e-07, 0.7901749610900879, -0.6128814220428467, -8.940694584680386e-08, 0.6128814816474915, 0.7901749014854431),
            ["LeftFoot"] = CFrame.new(2.9802322387695312e-08, -1.1920928955078125e-07, 6.332993507385254e-08, 0.9818903207778931, -0.1888754516839981, -0.014747335575520992, 0.18291571736335754, 0.9654144048690796, -0.18578746914863586, 0.04932791739702225, 0.17972536385059357, 0.9824793338775635),
            ["RightHand"] = CFrame.new(-1.043081283569336e-07, 0.0000010132789611816406, -7.301568984985352e-07, 0.8152264356613159, 0.4151632785797119, 0.4037880599498749, -0.29398593306541443, 0.8973647952079773, -0.3291030526161194, -0.4989771246910095, 0.14958590269088745, 0.8536079525947571),
            ["HumanoidRootPart"] = CFrame.new(0, 0, 0, 1, 0, 0, 0, 1, 0, 0, 0, 1),
            ["Home3"] = CFrame.new(-1.626611351966858, 3.217855453491211, 2.102813243865967, 0.9565378427505493, 0.09781491756439209, 0.2747136354446411, -0.13545288145542145, 0.9833030104637146, 0.1215234026312828, -0.2582399249076843, -0.15345250070095062, 0.953815758228302),
            ["RightLowerLeg"] = CFrame.new(-3.725290298461914e-08, -0.0007264018058776855, 0.00004613569035427645, 1, 1.7881399116959074e-07, -1.4901161193847656e-07, -9.872020712009544e-08, 0.7170059084892273, 0.6970672607421875, 8.195639367158947e-08, -0.6970670819282532, 0.717005729675293),
            ["RightFoot"] = CFrame.new(2.1606683731079102e-07, -1.1920928955078125e-07, 3.149762051180005e-08, 0.9471149444580078, 0.3164997398853302, -0.05292617157101631, -0.2938651442527771, 0.7892051935195923, -0.5392576456069946, -0.12890514731407166, 0.5262917876243591, 0.8404760956764221),
            ["LeftLowerLeg"] = CFrame.new(-6.705522537231445e-08, -0.0007264614105224609, 0.00008102506399154663, 1, 5.681066994611683e-08, 3.725289587919178e-08, -7.450580596923828e-08, 0.6401189565658569, 0.7682759761810303, -1.862645149230957e-08, -0.7682757377624512, 0.6401188373565674),
