return {
    ["Hang Loose"] = {
        {Time = 0.000, Data = {
            ["LeftFoot"] = CFrame.new(4.0978193283081055e-08, 5.960464477539063e-08, -8.568167686462402e-08, 0.981482982635498, -0.1831897795200348, -0.0559709332883358, 0.18954619765281677, 0.9709805846214294, 0.1458391696214676, 0.027630310505628586, -0.15374746918678284, 0.9877237677574158),
            ["LeftLowerArm"] = CFrame.new(5.364418029785156e-07, 9.5367431640625e-07, 2.980232238769531e-07, 1, -2.980233304583635e-08, 2.2351747119842003e-08, 1.8626458597736928e-08, 0.9287533760070801, -0.3706985414028168, 2.2351748896198842e-08, 0.3706985414028168, 0.9287533164024353),
            ["LowerTorso"] = CFrame.new(-0.0607745461165905, -0.13319969177246094, -0.023169271647930145, 0.9634990692138672, -0.011944301426410675, -0.26744529604911804, 0.000124383790534921, 0.9990240931510925, -0.044169049710035324, 0.2677118182182312, 0.042523566633462906, 0.9625602960586548),
            ["Head"] = CFrame.new(2.9802322387695312e-08, 2.384185791015625e-07, -4.936009645462036e-08, 0.9167262315750122, 0.029519256204366684, 0.3984241783618927, -0.02106228843331337, 0.9994507431983948, -0.02558750845491886, -0.3989606201648712, 0.015065014362335205, 0.916844367980957),
            ["RightUpperArm"] = CFrame.new(-1.1920928955078125e-07, 0, 2.9802322387695312e-08, 0.9749075174331665, -0.22134962677955627, -0.02365734800696373, 0.22256356477737427, 0.9713597893714905, 0.08321970701217651, 0.004559132736176252, -0.08639682084321976, 0.9962504506111145),
            ["UpperTorso"] = CFrame.new(-7.799826562404633e-09, 3.2782554626464844e-07, 6.51925802230835e-09, 0.9903976321220398, 0.013507979921996593, -0.13758668303489685, 0.014040590263903141, 0.9802411794662476, 0.1973072737455368, 0.13753335177898407, -0.19734446704387665, 0.9706388711929321),
            ["HumanoidRootPart"] = CFrame.new(0, 0, 0, 1, 0, 0, 0, 1, 0, 0, 0, 1),
            ["RightHand"] = CFrame.new(-2.980232238769531e-07, -5.960464477539063e-08, 0, 0.9974844455718994, -0.05297452583909035, -0.04710106551647186, 0.0454108826816082, 0.9877578616142273, -0.14923961460590363, 0.054430317133665085, 0.14672525227069855, 0.9876787066459656),
            ["LeftUpperArm"] = CFrame.new(-2.384185791015625e-07, -1.1920928955078125e-07, 5.960464477539063e-08, 0.8729935884475708, 0.34851986169815063, -0.3411981463432312, -0.33739379048347473, 0.9367042779922485, 0.09354504942893982, 0.35220399498939514, 0.03345388546586037, 0.9353252053260803),
            ["RightLowerArm"] = CFrame.new(-2.384185791015625e-07, 0.000001430511474609375, 2.384185791015625e-07, 1, -5.02914261346632e-08, 2.2351747119842003e-08, 1.4901166522918174e-08, 0.9401014447212219, -0.3408951461315155, 1.4901166522918174e-08, 0.3408951163291931, 0.9401013851165771),
            ["LeftHand"] = CFrame.new(-1.1920928955078125e-07, -7.152557373046875e-07, -4.470348358154297e-08, 0.995110809803009, 0.02545647881925106, 0.0954282283782959, -0.020784573629498482, 0.9985511302947998, -0.04963568598031998, -0.09655354917049408, 0.047409601509571075, 0.9941981434822083),
            ["RightUpperLeg"] = CFrame.new(1.1920928955078125e-07, 1.62515789270401e-07, -1.6952981241047382e-09, 0.9254125952720642, -0.27154144644737244, -0.2643423080444336, 0.24005702137947083, 0.9597879648208618, -0.14553289115428925, 0.29323068261146545, 0.07122045010328293, 0.9533852934837341),
            ["LeftUpperLeg"] = CFrame.new(-5.960464477539063e-08, -3.8463622331619263e-07, -1.4901161193847656e-08, 0.9717859029769897, 0.23181366920471191, 0.04352886974811554, -0.1943407952785492, 0.8915261626243591, -0.40916118025779724, -0.1336563378572464, 0.38915762305259705, 0.9114233255386353),
            ["RightLowerLeg"] = CFrame.new(1.1548399925231934e-07, -0.0000033974647521972656, -0.00001337954745395109, 1, 7.450585037815927e-09, -4.4703497792397684e-08, 1.91852478792498e-07, 0.7372418642044067, 0.6756287813186646, -1.266598843585598e-07, -0.6756289601325989, 0.7372419834136963),
            ["RightFoot"] = CFrame.new(7.450580596923828e-08, 3.5762786865234375e-07, -2.8107024263590574e-08, 0.9740933775901794, 0.22137276828289032, -0.04621752351522446, -0.21265503764152527, 0.8271158337593079, -0.5202471613883972, -0.07694142311811447, 0.5165980458259583, 0.8527643084526062),
            ["LeftLowerLeg"] = CFrame.new(-1.564621925354004e-07, 0.0000040531158447265625, 0.000013403594493865967, 1, -6.891784920526334e-08, 9.313223614526578e-08, 3.725290742551124e-09, 0.9531934261322021, 0.30236107110977173, 9.685756197086448e-08, -0.3023611605167389, 0.9531934857368469),
        }},
        {Time = 0.033, Data = {
            ["LeftFoot"] = CFrame.new(2.2351741790771484e-08, -1.1920928955078125e-07, -2.2351741790771484e-08, 0.9835167527198792, -0.17338916659355164, -0.05129421502351761, 0.1783420592546463, 0.9769806861877441, 0.11705957353115082, 0.02981671690940857, -0.12427828460931778, 0.9917993545532227),
            ["LeftLowerArm"] = CFrame.new(2.384185791015625e-07, -4.76837158203125e-07, 1.1920928955078125e-07, 1, -4.47035120032524e-08, -5.401672709126615e-08, 3.352762334429826e-08, 0.9345807433128357, -0.3557512164115906, 7.450583261459087e-09, 0.3557511866092682, 0.9345807433128357),
            ["LowerTorso"] = CFrame.new(-0.07665596157312393, -0.13015198707580566, -0.044179484248161316, 0.9648244380950928, -0.012891588732600212, -0.2625788450241089, 0.0022363581229001284, 0.9991633296012878, -0.04083767533302307, 0.2628856301307678, 0.03881396725773811, 0.964046061038971),
            ["Head"] = CFrame.new(3.818422555923462e-08, -2.384185791015625e-07, -3.4691765904426575e-08, 0.9145712852478027, 0.02000570110976696, 0.4039297103881836, -0.01439944002777338, 0.9997532963752747, -0.016912493854761124, -0.40416836738586426, 0.009651304222643375, 0.9146337509155273),
            ["RightUpperArm"] = CFrame.new(-5.960464477539063e-08, -1.1920928955078125e-07, 0, 0.9727553725242615, -0.22863741219043732, -0.03836733102798462, 0.23117375373840332, 0.9690922498703003, 0.08613321930170059, 0.01748819462954998, -0.09265606850385666, 0.9955446720123291),
            ["UpperTorso"] = CFrame.new(-8.847564458847046e-09, 5.662441253662109e-07, -7.450580596923828e-09, 0.9888035655021667, 0.017055310308933258, -0.148245707154274, 0.011959186755120754, 0.9811943173408508, 0.1926521509885788, 0.14874356985092163, -0.19226804375648499, 0.9700043201446533),
            ["HumanoidRootPart"] = CFrame.new(0, 0, 0, 1, 0, 0, 0, 1, 0, 0, 0, 1),
            ["RightHand"] = CFrame.new(2.2351741790771484e-07, -2.384185791015625e-07, 8.940696716308594e-08, 0.997363805770874, -0.057835668325424194, -0.04382426291704178, 0.05133020877838135, 0.9892011880874634, -0.1372816413640976, 0.051290832459926605, 0.1346702128648758, 0.9895622134208679),
            ["LeftUpperArm"] = CFrame.new(5.960464477539063e-08, -1.1920928955078125e-07, 2.384185791015625e-07, 0.8634061813354492, 0.3445376455783844, -0.3685426115989685, -0.3273371756076813, 0.938431978225708, 0.1104353666305542, 0.38390129804611206, 0.025287142023444176, 0.9230278134346008),
            ["RightLowerArm"] = CFrame.new(3.5762786865234375e-07, 9.5367431640625e-07, -5.960464477539063e-08, 1, -4.1676685214042664e-08, 7.078052277620372e-08, 2.980232594040899e-08, 0.9385610818862915, -0.34511327743530273, -1.4901162970204496e-08, 0.34511324763298035, 0.9385610818862915),
            ["LeftHand"] = CFrame.new(0, -3.5762786865234375e-07, 2.8312206268310547e-07, 0.9929903149604797, -0.001124223810620606, 0.11819027364253998, 0.012250279076397419, 0.99554842710495, -0.09345239400863647, -0.11755906045436859, 0.09424518793821335, 0.9885836839675903),
            ["RightUpperLeg"] = CFrame.new(1.1920928955078125e-07, -1.434236764907837e-07, 5.75528247281909e-09, 0.9218280911445618, -0.2376563996076584, -0.3061904013156891, 0.24392929673194885, 0.9696220755577087, -0.01821131817996502, 0.3012166917324066, -0.057901233434677124, 0.9517960548400879),
            ["LeftUpperLeg"] = CFrame.new(5.960464477539063e-08, -4.4796615839004517e-07, -2.2351741790771484e-08, 0.9745762348175049, 0.2213042825460434, 0.03500709682703018, -0.1858324110507965, 0.8856737613677979, -0.42549771070480347, -0.12516964972019196, 0.40817442536354065, 0.9042822122573853),
            ["RightLowerLeg"] = CFrame.new(-1.4901161193847656e-08, -0.000003516674041748047, -0.000013286415196489543, 1, -1.4156104555240745e-07, 7.450581307466564e-08, 1.1920926112907182e-07, 0.8782569766044617, 0.4781889319419861, 8.381901395182467e-09, -0.478189080953598, 0.8782570958137512),
            ["RightFoot"] = CFrame.new(-2.2351741790771484e-08, 2.384185791015625e-07, 3.149762051180005e-08, 0.9794312715530396, 0.1980653703212738, -0.0385269820690155, -0.19630064070224762, 0.8911272883415222, -0.4090944230556488, -0.04669516161084175, 0.4082430899143219, 0.9116783738136292),
            ["LeftLowerLeg"] = CFrame.new(4.470348358154297e-08, 0.000003516674041748047, 0.000013381242752075195, 1, -1.6763806343078613e-07, 1.3224781980625266e-07, 5.960463766996327e-08, 0.9388028383255005, 0.34445518255233765, 7.4505797087454084e-09, -0.3444550931453705, 0.9388027787208557),
        }},
        {Time = 0.067, Data = {
            ["LeftFoot"] = CFrame.new(3.725290298461914e-09, 5.960464477539063e-08, -5.4016709327697754e-08, 0.9878517389297485, -0.14987856149673462, -0.04105404019355774, 0.15237155556678772, 0.9860886931419373, 0.06642487645149231, 0.03052677772939205, -0.07187285274267197, 0.9969465136528015),
            ["LeftLowerArm"] = CFrame.new(-3.5762786865234375e-07, -0.0000012516975402832031, 0, 1, -2.980233659855003e-08, -9.313227167240257e-08, 3.539026138810186e-08, 0.9481165409088135, -0.3179233968257904, -3.725290653733282e-08, 0.3179233968257904, 0.9481164216995239),
            ["LowerTorso"] = CFrame.new(-0.1135026067495346, -0.12098026275634766, -0.09212791919708252, 0.9680429697036743, -0.015707558020949364, -0.2502923309803009, 0.007861084304749966, 0.9994467496871948, -0.03231820836663246, 0.2506614923477173, 0.02931784652173519, 0.9676308035850525),
            ["Head"] = CFrame.new(5.587935447692871e-09, 5.960464477539062e-07, 4.563480615615845e-08, 0.9093466997146606, 0.0009867092594504356, 0.4160380959510803, -0.0014196604024618864, 0.9999987483024597, 0.0007313197711482644, -0.41603681445121765, -0.001255655661225319, 0.9093469381332397),
            ["RightUpperArm"] = CFrame.new(0, 5.960464477539062e-07, -4.470348358154297e-08, 0.9673117399215698, -0.24476148188114166, -0.06633249670267105, 0.2502928674221039, 0.9635390043258667, 0.0945836752653122, 0.0407634936273098, -0.10809437930583954, 0.9933046102523804),
            ["UpperTorso"] = CFrame.new(3.725290298461914e-09, 7.152557373046875e-07, -5.587935447692871e-09, 0.9844748973846436, 0.025731615722179413, -0.17362907528877258, 0.006158341653645039, 0.9835236668586731, 0.1806747317314148, 0.17541737854480743, -0.17893902957439423, 0.9680958986282349),
            ["HumanoidRootPart"] = CFrame.new(0, 0, 0, 1, 0, 0, 0, 1, 0, 0, 0, 1),
            ["RightHand"] = CFrame.new(5.960464477539063e-08, -3.5762786865234375e-07, 8.940696716308594e-08, 0.9969991445541382, -0.06714068353176117, -0.03853391110897064, 0.06250060349702835, 0.9918447136878967, -0.11107540875673294, 0.04567732289433479, 0.10833366960287094, 0.9930646419525146),
            ["LeftUpperArm"] = CFrame.new(0, 4.76837158203125e-07, 8.940696716308594e-08, 0.8565606474876404, 0.33844438195228577, -0.3895629942417145, -0.3133924603462219, 0.9409082531929016, 0.12836289405822754, 0.4099866449832916, 0.012135470286011696, 0.9120108485221863),
            ["RightLowerArm"] = CFrame.new(0, 5.960464477539062e-07, -5.960464477539063e-08, 1, -1.280568362460599e-08, -9.313225746154785e-09, 3.725290298461914e-08, 0.9341387152671814, -0.3569102883338928, -7.450580596923828e-09, 0.3569102883338928, 0.9341386556625366),
            ["LeftHand"] = CFrame.new(1.7881393432617188e-07, -5.364418029785156e-07, 9.685754776000977e-08, 0.9835759401321411, -0.05220069736242294, 0.17278137803077698, 0.0819137841463089, 0.9821047782897949, -0.1695891171693802, -0.16083672642707825, 0.18095694482326508, 0.9702506065368652),
            ["RightUpperLeg"] = CFrame.new(1.7881393432617188e-07, -3.0943192541599274e-07, -1.287116901949048e-08, 0.9138379096984863, -0.25272998213768005, -0.317848265171051, 0.2583560347557068, 0.9657241106033325, -0.025081945583224297, 0.313292920589447, -0.05919753387570381, 0.9478098154067993),
            ["LeftUpperLeg"] = CFrame.new(-1.7881393432617188e-07, -4.055909812450409e-07, -7.450580596923828e-09, 0.9805025458335876, 0.19551828503608704, 0.01968495361506939, -0.16619302332401276, 0.8785289525985718, -0.4478469491004944, -0.10485568642616272, 0.4358435869216919, 0.8938934803009033),
            ["RightLowerLeg"] = CFrame.new(7.82310962677002e-08, -0.0000034570693969726562, -0.0000133199428091757, 1, -3.5390266361901013e-07, -5.215407838932151e-08, 2.421438694000244e-07, 0.8789283037185669, 0.47695374488830566, -3.166496753692627e-08, -0.4769541621208191, 0.8789284825325012),
            ["RightFoot"] = CFrame.new(2.9802322387695312e-08, 2.384185791015625e-07, -2.8107024263590574e-08, 0.9857105612754822, 0.16696856915950775, -0.02227219194173813, -0.16390305757522583, 0.9201899766921997, -0.3555077016353607, -0.038864340633153915, 0.3540789783000946, 0.9344079494476318),
            ["LeftLowerLeg"] = CFrame.new(-1.4901161193847656e-07, 0.0000034570693969726562, 0.000013336539268493652, 1, -6.5192558018623e-09, 1.2200322885291826e-07, -4.470347292340193e-08, 0.9131324887275696, 0.4076627790927887, 8.195636524988004e-08, -0.4076629877090454, 0.9131325483322144),
        }},
        {Time = 0.100, Data = {
            ["LeftFoot"] = CFrame.new(1.4901161193847656e-08, -5.960464477539063e-08, -3.725290298461914e-09, 0.9920576810836792, -0.12202460318803787, -0.03052392788231373, 0.12312732636928558, 0.9916894435882568, 0.03730577602982521, 0.025717943906784058, -0.040767572820186615, 0.9988376498222351),
            ["LeftLowerArm"] = CFrame.new(5.960464477539062e-07, -2.384185791015625e-07, -8.940696716308594e-07, 1, -2.9802322387695312e-08, -2.6542696929254816e-08, 1.6763809895792292e-08, 0.9634215831756592, -0.26799044013023376, 9.313227877782992e-08, 0.2679904103279114, 0.963421642780304),
            ["LowerTorso"] = CFrame.new(-0.15511773526668549, -0.10283088684082031, -0.14439131319522858, 0.971990704536438, -0.020466536283493042, -0.2341267317533493, 0.01596713997423649, 0.9996499419212341, -0.02109738439321518, 0.23447655141353607, 0.01676812581717968, 0.9719772338867188),
            ["Head"] = CFrame.new(2.60770320892334e-08, -1.1920928955078125e-07, 4.470348358154297e-08, 0.903211772441864, -0.012802847661077976, 0.4290042519569397, 0.00724758580327034, 0.9998674392700195, 0.01458037830889225, -0.4291341006755829, -0.010059933178126812, 0.9031848311424255),
            ["RightUpperArm"] = CFrame.new(-1.1920928955078125e-07, 0, 4.470348358154297e-08, 0.9617813229560852, -0.2609459459781647, -0.0829705148935318, 0.2690557539463043, 0.9568933248519897, 0.1093808263540268, 0.050851549953222275, -0.12752410769462585, 0.9905311465263367),
            ["UpperTorso"] = CFrame.new(-7.078051567077637e-08, 3.8743019104003906e-07, 3.725290298461914e-09, 0.9783281087875366, 0.03659805655479431, -0.20380061864852905, -0.002581351436674595, 0.9863349199295044, 0.16473223268985748, 0.2070445567369461, -0.16063612699508667, 0.9650536775588989),
            ["HumanoidRootPart"] = CFrame.new(0, 0, 0, 1, 0, 0, 0, 1, 0, 0, 0, 1),
            ["RightHand"] = CFrame.new(1.4901161193847656e-07, -2.384185791015625e-07, 5.960464477539063e-08, 0.9966201186180115, -0.07307210564613342, -0.037533413618803024, 0.06965392827987671, 0.9939029216766357, -0.0854717567563057, 0.04355012625455856, 0.08256855607032776, 0.9956333637237549),
            ["LeftUpperArm"] = CFrame.new(1.1920928955078125e-07, 0, 1.1920928955078125e-07, 0.8565835952758789, 0.3357371985912323, -0.39184847474098206, -0.3081856966018677, 0.9419331550598145, 0.13335558772087097, 0.4138675034046173, 0.006531864870339632, 0.9103137850761414),
            ["RightLowerArm"] = CFrame.new(2.980232238769531e-07, 0.000001430511474609375, 1.1920928955078125e-07, 1, -2.2351731132630448e-08, 4.8428763221863846e-08, 2.9802315282267955e-08, 0.9270092844963074, -0.37503838539123535, -3.725289587919178e-08, 0.37503835558891296, 0.9270092248916626),
            ["LeftHand"] = CFrame.new(-1.7881393432617188e-07, 5.960464477539063e-08, 4.7031790018081665e-08, 0.970538318157196, -0.08275655657052994, 0.22628925740718842, 0.13055738806724548, 0.969968318939209, -0.20522268116474152, -0.20250999927520752, 0.22872021794319153, 0.9521958231925964),
            ["RightUpperLeg"] = CFrame.new(1.1920928955078125e-07, -6.9267116487026215e-09, -1.6596459317952394e-08, 0.9071462154388428, -0.27381184697151184, -0.31955084204673767, 0.2786526083946228, 0.9598772525787354, -0.03144169598817825, 0.3153388500213623, -0.06052190065383911, 0.9470473527908325),
            ["LeftUpperLeg"] = CFrame.new(-2.384185791015625e-07, -4.940666258335114e-07, -3.3527612686157227e-08, 0.9862099289894104, 0.1653459668159485, 0.007129898760467768, -0.14477208256721497, 0.8827697038650513, -0.4469440281391144, -0.0801943987607956, 0.4397483170032501, 0.8945335745811462),
            ["RightLowerLeg"] = CFrame.new(-7.450580596923828e-09, -0.0000036954879760742188, -0.00001333856926066801, 1, -2.7054923634750594e-07, -1.341104507446289e-07, 1.6391281576488836e-07, 0.8856037259101868, 0.46444135904312134, -5.215407838932151e-08, -0.4644417464733124, 0.8856039047241211),
            ["RightFoot"] = CFrame.new(7.450580596923828e-09, 4.172325134277344e-07, 1.6952981241047382e-09, 0.9841866493225098, 0.1770285815000534, -0.006127607077360153, -0.17262019217014313, 0.9507696628570557, -0.25736933946609497, -0.03973601013422012, 0.2543582022190094, 0.9662936925888062),
            ["LeftLowerLeg"] = CFrame.new(1.1175870895385742e-07, 0.000003993511199951172, 0.00001329183578491211, 1, 4.9360089349193004e-08, 5.5879347371501353e-08, -6.705520405603238e-08, 0.9059770107269287, 0.42332690954208374, 7.823106784599076e-08, -0.42332684993743896, 0.9059770107269287),
        }},
        {Time = 0.133, Data = {
            ["LeftFoot"] = CFrame.new(1.1734664440155029e-07, 0, -1.6763806343078613e-08, 0.9952937960624695, -0.09459839016199112, -0.021010586991906166, 0.09483704715967178, 0.9954357147216797, 0.010667658410966396, 0.019905904307961464, -0.012609926983714104, 0.999722421169281),
            ["LeftLowerArm"] = CFrame.new(2.384185791015625e-07, 5.960464477539063e-08, -2.980232238769531e-07, 1, -2.980232594040899e-08, 1.30385160446167e-08, 2.2351741790771484e-08, 0.9761062264442444, -0.21729442477226257, 3.725290298461914e-09, 0.21729442477226257, 0.9761061668395996),
            ["LowerTorso"] = CFrame.new(-0.19383211433887482, -0.08195376396179199, -0.20375904440879822, 0.9756374359130859, -0.026873277500271797, -0.21773706376552582, 0.025411061942577362, 0.9996318221092224, -0.009513305500149727, 0.21791253983974457, 0.0037486064247787, 0.9759612083435059),
            ["Head"] = CFrame.new(2.60770320892334e-08, 0, -4.470348358154297e-08, 0.8970310091972351, -0.012282435782253742, 0.44179701805114746, 0.008352557197213173, 0.9999064207077026, 0.01083933375775814, -0.44188880920410156, -0.006033066660165787, 0.8970496654510498),
            ["RightUpperArm"] = CFrame.new(-1.7881393432617188e-07, 5.960464477539062e-07, 1.4901161193847656e-08, 0.9598830938339233, -0.2739678919315338, -0.059717241674661636, 0.2798622250556946, 0.9492531418800354, 0.1435116082429886, 0.017369166016578674, -0.154466912150383, 0.9878453016281128),
            ["UpperTorso"] = CFrame.new(7.450580596923828e-09, 2.980232238769531e-07, 2.60770320892334e-08, 0.9712452292442322, 0.04768865555524826, -0.23325644433498383, -0.013217948377132416, 0.9890235662460327, 0.14716565608978271, 0.23771432042121887, -0.13985076546669006, 0.9612147212028503),
            ["HumanoidRootPart"] = CFrame.new(0, 0, 0, 1, 0, 0, 0, 1, 0, 0, 0, 1),
            ["RightHand"] = CFrame.new(4.3213367462158203e-07, -5.960464477539062e-07, 0, 0.9962297677993774, -0.07437027990818024, -0.04466940462589264, 0.07154282927513123, 0.9955166578292847, -0.06187255308032036, 0.049070559442043304, 0.058443471789360046, 0.9970839619636536),
            ["LeftUpperArm"] = CFrame.new(-2.384185791015625e-07, 5.960464477539062e-07, 1.341104507446289e-07, 0.8474517464637756, 0.3357029855251312, -0.4112531542778015, -0.30461710691452026, 0.9419510960578918, 0.14119678735733032, 0.4347805678844452, 0.005617241840809584, 0.9005189538002014),
            ["RightLowerArm"] = CFrame.new(5.960464477539063e-08, 0.000002384185791015625, 1.4901161193847656e-07, 1, -5.844048445169392e-08, 7.450581485102248e-09, 2.2351741790771484e-08, 0.9147282838821411, -0.40406957268714905, -6.705522537231445e-08, 0.40406954288482666, 0.9147283434867859),
            ["LeftHand"] = CFrame.new(4.172325134277344e-07, -3.5762786865234375e-07, 5.960464477539063e-08, 0.9601680636405945, -0.08725668489933014, 0.26545000076293945, 0.14261789619922638, 0.9699693918228149, -0.19702699780464172, -0.24028640985488892, 0.22703693807125092, 0.9437779188156128),
            ["RightUpperLeg"] = CFrame.new(1.7881393432617188e-07, 7.520429790019989e-08, 4.487083060666919e-08, 0.8902979493141174, -0.30959296226501465, -0.33394888043403625, 0.31231817603111267, 0.9488149881362915, -0.04698404669761658, 0.3314014971256256, -0.06246881186962128, 0.9414195418357849),
            ["LeftUpperLeg"] = CFrame.new(-1.1920928955078125e-07, -1.6309786587953568e-07, -7.636845111846924e-08, 0.9905070662498474, 0.13738319277763367, -0.004640440456569195, -0.12571758031845093, 0.891714870929718, -0.43478697538375854, -0.05559463053941727, 0.4312428832054138, 0.900521457195282),
            ["RightLowerLeg"] = CFrame.new(-1.7229467630386353e-08, -0.0000034570693969726562, -0.000013252887583803385, 1, -1.3038513202445756e-07, 1.4901161193847656e-08, 4.470348358154297e-08, 0.8740235567092896, 0.4858836233615875, 0, -0.4858836531639099, 0.8740235567092896),
            ["RightFoot"] = CFrame.new(2.9802322387695312e-08, 3.5762786865234375e-07, -2.8107024263590574e-08, 0.9672116637229919, 0.2539494037628174, 0.0033764115069061518, -0.2468239963054657, 0.9430382251739502, -0.22306182980537415, -0.05983062461018562, 0.2149154394865036, 0.9747985005378723),
            ["LeftLowerLeg"] = CFrame.new(7.450580596923828e-08, 0.0000035762786865234375, 0.000013142824172973633, 1, -2.2817408407149742e-08, -5.844049155712128e-08, -3.725289943190546e-08, 0.9052495360374451, 0.42488014698028564, -1.0058282384761696e-07, -0.4248804748058319, 0.9052496552467346),
        }},
        {Time = 0.167, Data = {
            ["LeftFoot"] = CFrame.new(-3.725290298461914e-08, 0, -1.0523945093154907e-07, 0.9967783689498901, -0.07870808243751526, -0.015431716106832027, 0.07821546494960785, 0.9964764714241028, -0.03028326854109764, 0.017760930582880974, 0.028979096561670303, 0.9994223117828369),
            ["LeftLowerArm"] = CFrame.new(6.556510925292969e-07, 2.384185791015625e-07, -2.980232238769531e-07, 1, -2.980232949312267e-08, 3.166497464235363e-08, 2.6077039194660756e-08, 0.9840610027313232, -0.17783138155937195, 1.862645504502325e-08, 0.17783136665821075, 0.984061062335968),
            ["LowerTorso"] = CFrame.new(-0.213246151804924, -0.07196784019470215, -0.2575681805610657, 0.9782270193099976, -0.03449956327676773, -0.2046506255865097, 0.03521762415766716, 0.9993796944618225, -0.0001335932029178366, 0.2045283019542694, -0.007076622918248177, 0.9788351058959961),
            ["Head"] = CFrame.new(8.195638656616211e-08, 2.384185791015625e-07, -2.2351741790771484e-08, 0.8905101418495178, -0.0027498959098011255, 0.4549552798271179, 0.006456340663135052, 0.9999575018882751, -0.006593271158635616, -0.4549177587032318, 0.008808727376163006, 0.890489935874939),
            ["RightUpperArm"] = CFrame.new(-5.960464477539063e-08, 4.76837158203125e-07, 3.725290298461914e-09, 0.9582924246788025, -0.2857171595096588, -0.006437166128307581, 0.28152257204055786, 0.9398670792579651, 0.1933780461549759, -0.0492013655602932, -0.18712489306926727, 0.981103241443634),
            ["UpperTorso"] = CFrame.new(-2.9802322387695312e-08, 2.384185791015625e-07, -1.9703293219208717e-08, 0.9639965295791626, 0.05767427384853363, -0.2595849335193634, -0.02400275133550167, 0.9910838007926941, 0.13106100261211395, 0.26482927799224854, -0.1201116293668747, 0.9567856788635254),
            ["HumanoidRootPart"] = CFrame.new(0, 0, 0, 1, 0, 0, 0, 1, 0, 0, 0, 1),
            ["RightHand"] = CFrame.new(-2.9802322387695312e-08, -4.172325134277344e-07, 0, 0.9957152605056763, -0.07343170791864395, -0.05620548501610756, 0.0712873786687851, 0.9966831803321838, -0.039253368973731995, 0.05890144780278206, 0.035078465938568115, 0.9976472854614258),
            ["LeftUpperArm"] = CFrame.new(1.1920928955078125e-07, 1.1920928955078125e-07, -2.9802322387695312e-08, 0.8378767371177673, 0.33636829257011414, -0.4299057126045227, -0.3007737398147583, 0.941725492477417, 0.15062670409679413, 0.45551928877830505, 0.003097695065662265, 0.8902206420898438),
            ["RightLowerArm"] = CFrame.new(1.7881393432617188e-07, 8.344650268554688e-07, -5.364418029785156e-07, 1, -2.8405334973058416e-08, 1.1175872671742582e-08, 7.450577932388569e-09, 0.897769033908844, -0.4404664635658264, -2.9802311729554276e-08, 0.4404664933681488, 0.8977690935134888),
            ["LeftHand"] = CFrame.new(-5.960464477539063e-08, -4.76837158203125e-07, 3.725290298461914e-07, 0.9503796696662903, -0.08895739167928696, 0.2981024384498596, 0.14628709852695465, 0.9734817743301392, -0.1758788675069809, -0.2745516002178192, 0.210760235786438, 0.9381905794143677),
            ["RightUpperLeg"] = CFrame.new(1.1920928955078125e-07, -5.688052624464035e-07, 1.6465492080897093e-08, 0.865607738494873, -0.3446621000766754, -0.3632235527038574, 0.3357715606689453, 0.9376749992370605, -0.08957220613956451, 0.3714577257633209, -0.044426098465919495, 0.9273863434791565),
            ["LeftUpperLeg"] = CFrame.new(2.9802322387695312e-08, -7.171183824539185e-07, 3.6612618714571e-08, 0.9921649694442749, 0.12355832755565643, -0.01849696785211563, -0.11916889250278473, 0.8914825916290283, -0.4371015131473541, -0.03751782327890396, 0.4358809292316437, 0.8992220759391785),
            ["RightLowerLeg"] = CFrame.new(1.4901161193847656e-08, -0.000003635883331298828, -0.000013256612874101847, 1, 5.587935447692871e-08, -7.450579886381092e-08, -1.4901157641133977e-08, 0.8500903248786926, 0.5266374349594116, 6.332992086299782e-08, -0.5266370177268982, 0.8500900864601135),
            ["RightFoot"] = CFrame.new(-7.450580596923828e-08, 2.980232238769531e-07, 4.639878170564771e-08, 0.9504320621490479, 0.3100650906562805, 0.023203974589705467, -0.3004821538925171, 0.935111939907074, -0.1878199726343155, -0.07993458956480026, 0.17153818905353546, 0.981929361820221),
            ["LeftLowerLeg"] = CFrame.new(-5.960464477539063e-08, 0.0000036954879760742188, 0.000013306736946105957, 1, -7.590282535829829e-08, -2.3632313883581446e-08, 2.823072264845905e-08, 0.8899790644645691, 0.4560011625289917, -3.725291186640334e-09, -0.45600149035453796, 0.8899793028831482),
        }},
        {Time = 0.200, Data = {
            ["LeftFoot"] = CFrame.new(5.587935447692871e-09, 5.960464477539063e-08, -4.284083843231201e-08, 0.9966166019439697, -0.0808303952217102, -0.014891059137880802, 0.07975463569164276, 0.9948569536209106, -0.062441952526569366, 0.019861910492181778, 0.06104319915175438, 0.9979375600814819),
            ["LeftLowerArm"] = CFrame.new(7.152557373046875e-07, -9.5367431640625e-07, -1.1920928955078125e-07, 1, -1.4901164746561335e-08, 3.725291186640334e-09, 1.1175874448099421e-08, 0.9867984056472778, -0.16195379197597504, 2.2351748896198842e-08, 0.16195379197597504, 0.9867983460426331),
            ["LowerTorso"] = CFrame.new(-0.20631703734397888, -0.0727388858795166, -0.28144487738609314, 0.979421854019165, -0.04312211275100708, -0.19716329872608185, 0.04526339843869209, 0.9989548325538635, 0.006364880595356226, 0.19668275117874146, -0.015158182941377163, 0.9803500771522522),
            ["Head"] = CFrame.new(-1.1175870895385742e-08, 0, -3.725290298461914e-08, 0.8846503496170044, 0.009146968834102154, 0.4661654829978943, 0.000592900556512177, 0.9997846484184265, -0.020742662250995636, -0.4662548005580902, 0.01862640120089054, 0.8844543695449829),
            ["RightUpperArm"] = CFrame.new(-2.384185791015625e-07, 1.1920928955078125e-07, 3.3527612686157227e-08, 0.9544270634651184, -0.2951626181602478, 0.04413684457540512, 0.2768363952636719, 0.9308381676673889, 0.2385414093732834, -0.11149271577596664, -0.2154516726732254, 0.9701289534568787),
            ["UpperTorso"] = CFrame.new(0, 9.5367431640625e-07, 0, 0.9580347537994385, 0.06490661203861237, -0.2792072892189026, -0.034084804356098175, 0.9929113388061523, 0.11386556923389435, 0.2846187353134155, -0.09957045316696167, 0.9534558653831482),
            ["HumanoidRootPart"] = CFrame.new(0, 0, 0, 1, 0, 0, 0, 1, 0, 0, 0, 1),
            ["RightHand"] = CFrame.new(8.940696716308594e-08, -1.7881393432617188e-07, 8.940696716308594e-08, 0.9954643845558167, -0.06824451684951782, -0.06628367304801941, 0.06643586605787277, 0.9973657727241516, -0.029119815677404404, 0.06809628009796143, 0.024584125727415085, 0.9973757863044739),
            ["LeftUpperArm"] = CFrame.new(1.1920928955078125e-07, 1.1920928955078125e-07, 8.940696716308594e-08, 0.8362455368041992, 0.33689212799072266, -0.4326629340648651, -0.2945660650730133, 0.9414954781532288, 0.16375993192195892, 0.4625195860862732, -0.009495710954070091, 0.8865582942962646),
            ["RightLowerArm"] = CFrame.new(2.980232238769531e-07, 7.748603820800781e-07, -4.172325134277344e-07, 1, -8.661302075552157e-08, 2.2351741790771484e-08, 4.4703494239684005e-08, 0.8820487856864929, -0.47115811705589294, 2.2351747119842003e-08, 0.4711581766605377, 0.8820487856864929),
            ["LeftHand"] = CFrame.new(3.5762786865234375e-07, -2.384185791015625e-07, -4.470348358154297e-08, 0.9460620284080505, -0.08629763126373291, 0.31228095293045044, 0.13480384647846222, 0.9813269972801208, -0.13720542192459106, -0.2946091592311859, 0.17190153896808624, 0.9400294423103333),
            ["RightUpperLeg"] = CFrame.new(1.7881393432617188e-07, 7.683411240577698e-08, -2.1253072191029787e-08, 0.8404613137245178, -0.3474122881889343, -0.4158485233783722, 0.32283174991607666, 0.9373941421508789, -0.13065949082374573, 0.4352063536643982, -0.02443520724773407, 0.8999989032745361),
            ["LeftUpperLeg"] = CFrame.new(-2.980232238769531e-07, -2.9103830456733704e-07, -7.450580596923828e-08, 0.9909202456474304, 0.13033685088157654, -0.03300797939300537, -0.13107360899448395, 0.8817771673202515, -0.45308810472488403, -0.029948649927973747, 0.45330068469047546, 0.8908544778823853),
            ["RightLowerLeg"] = CFrame.new(-1.4901161193847656e-08, -0.0000032782554626464844, -0.0000133199428091757, 1, 4.377216100692749e-08, 4.470348358154297e-08, 1.0430811414607888e-07, 0.8467356562614441, 0.5320143103599548, 7.078050856534901e-08, -0.5320139527320862, 0.8467353582382202),
            ["RightFoot"] = CFrame.new(7.450580596923828e-08, 2.384185791015625e-07, -4.85961209051311e-08, 0.958143413066864, 0.2857194244861603, 0.018039945513010025, -0.2764495313167572, 0.9397530555725098, -0.20109720528125763, -0.07441046833992004, 0.18769346177577972, 0.9794051647186279),
            ["LeftLowerLeg"] = CFrame.new(-7.450580596923828e-09, 0.000003993511199951172, 0.000013276934623718262, 1, 1.210719791089332e-08, -2.0954763257918785e-08, -1.210719524635806e-08, 0.8688409328460693, 0.4950914680957794, 4.0978196835794733e-08, -0.49509137868881226, 0.8688409328460693),
        }},
        {Time = 0.233, Data = {
            ["LeftFoot"] = CFrame.new(-1.1734664440155029e-07, -5.960464477539063e-08, 5.587935447692871e-09, 0.9955072999000549, -0.09318727999925613, -0.016777001321315765, 0.0914364829659462, 0.9921539425849915, -0.0852639228105545, 0.02459089830517769, 0.08334707468748093, 0.9962171912193298),
            ["LeftLowerArm"] = CFrame.new(4.76837158203125e-07, -4.172325134277344e-07, 1.7881393432617188e-07, 1, 0, 4.749746196353044e-08, 1.4901162970204496e-08, 0.9828477501869202, -0.18441903591156006, -4.4703490686970326e-08, 0.18441900610923767, 0.9828478097915649),
            ["LowerTorso"] = CFrame.new(-0.18487510085105896, -0.07813882827758789, -0.2874404788017273, 0.9794778227806091, -0.051291752606630325, -0.1949162781238556, 0.054082293063402176, 0.9984957575798035, 0.00901827123016119, 0.19416049122810364, -0.01937471330165863, 0.9807785153388977),
            ["Head"] = CFrame.new(-4.470348358154297e-08, -1.1920928955078125e-07, -1.0058283805847168e-07, 0.8806179761886597, 0.015685295686125755, 0.47356724739074707, -0.007290993817150593, 0.9997822046279907, -0.019556457176804543, -0.4737708270549774, 0.013768982142210007, 0.8805404901504517),
            ["RightUpperArm"] = CFrame.new(-2.384185791015625e-07, 1.1920928955078125e-07, -1.1175870895385742e-08, 0.9480858445167542, -0.3046605885028839, 0.09118728339672089, 0.2711069583892822, 0.9241899847984314, 0.2690242826938629, -0.16623549163341522, -0.23033663630485535, 0.9588070511817932),
            ["UpperTorso"] = CFrame.new(-1.862645149230957e-08, 2.980232238769531e-07, -9.313225746154785e-09, 0.9544333219528198, 0.06880511343479156, -0.29038432240486145, -0.04162945970892906, 0.9942408800125122, 0.0987529456615448, 0.2955067455768585, -0.08216457068920135, 0.9518008232116699),
            ["HumanoidRootPart"] = CFrame.new(0, 0, 0, 1, 0, 0, 0, 1, 0, 0, 0, 1),
            ["RightHand"] = CFrame.new(2.9802322387695312e-08, -2.384185791015625e-07, -1.4901161193847656e-08, 0.9959462285041809, -0.05458371341228485, -0.07149673998355865, 0.0504048690199852, 0.9969843626022339, -0.059004198759794235, 0.0745018869638443, 0.05516122281551361, 0.9956941604614258),
            ["LeftUpperArm"] = CFrame.new(0, 1.1920928955078125e-07, -5.587935447692871e-08, 0.8612197637557983, 0.33748459815979004, -0.38000646233558655, -0.299255907535553, 0.9410746097564697, 0.15755803883075714, 0.41078776121139526, -0.021972907707095146, 0.9114662408828735),
            ["RightLowerArm"] = CFrame.new(-8.344650268554688e-07, 0, 2.384185791015625e-07, 1, -6.51925624595151e-09, 1.1175869119028903e-08, 2.980232949312267e-08, 0.8750619888305664, -0.48401081562042236, 2.2351747119842003e-08, 0.48401084542274475, 0.8750619888305664),
            ["LeftHand"] = CFrame.new(-1.1920928955078125e-07, -8.344650268554688e-07, -2.2351741790771484e-07, 0.9509962797164917, -0.044057708233594894, 0.30604758858680725, 0.06771035492420197, 0.9954462647438049, -0.06709808111190796, -0.30169767141342163, 0.08453267067670822, 0.9496487379074097),
            ["RightUpperLeg"] = CFrame.new(5.960464477539063e-08, -1.7834827303886414e-07, 7.617927622050047e-09, 0.8177284598350525, -0.33787018060684204, -0.4660082757472992, 0.2920425832271576, 0.9411883354187012, -0.1699281483888626, 0.4960155189037323, 0.0028605516999959946, 0.8683090806007385),
            ["LeftUpperLeg"] = CFrame.new(5.960464477539063e-08, -2.7334317564964294e-07, 3.166496753692627e-08, 0.9879259467124939, 0.14809927344322205, -0.045485105365514755, -0.15199291706085205, 0.8696416020393372, -0.4697038233280182, -0.030007097870111465, 0.4709460735321045, 0.8816515803337097),
            ["RightLowerLeg"] = CFrame.new(-5.21540641784668e-08, -0.000003635883331298828, -0.000013394448615144938, 1, -1.3317921343514172e-07, -4.4703497792397684e-08, 1.0803341865539551e-07, 0.8474584221839905, 0.5308617949485779, 0, -0.5308618545532227, 0.8474584817886353),
            ["RightFoot"] = CFrame.new(1.043081283569336e-07, 3.5762786865234375e-07, -8.77116690389812e-08, 0.9685915112495422, 0.2485879808664322, 0.005862902849912643, -0.2401566058397293, 0.9413310289382935, -0.23710878193378448, -0.06446181982755661, 0.22825421392917633, 0.971465528011322),
            ["LeftLowerLeg"] = CFrame.new(-2.9802322387695312e-08, 0.0000040531158447265625, 0.0000133514404296875, 1, -6.51925624595151e-09, 8.614734525735912e-08, -2.9802311729554276e-08, 0.8482837677001953, 0.5295421481132507, 4.097817907222634e-08, -0.5295419692993164, 0.8482837677001953),
        }},
        {Time = 0.267, Data = {
            ["LeftFoot"] = CFrame.new(-2.0489096641540527e-08, -5.960464477539063e-08, -8.754432201385498e-08, 0.9934656023979187, -0.11239016801118851, -0.019868256524205208, 0.10977236926555634, 0.9885795712471008, -0.10324998199939728, 0.03124597854912281, 0.10039440542459488, 0.9944570064544678),
            ["LeftLowerArm"] = CFrame.new(-5.960464477539063e-08, 3.5762786865234375e-07, 0, 1, 7.450582373280668e-09, -7.078052988163108e-08, 2.980232594040899e-08, 0.9703721404075623, -0.24161526560783386, -3.725290742551124e-09, 0.24161523580551147, 0.970372200012207),
            ["LowerTorso"] = CFrame.new(-0.15250270068645477, -0.09200620651245117, -0.28694671392440796, 0.9792394042015076, -0.04507491737604141, -0.19763225317001343, 0.046699609607458115, 0.9989026188850403, 0.0035654210951179266, 0.19725464284420013, -0.012720747850835323, 0.9802698493003845),
            ["Head"] = CFrame.new(7.82310962677002e-08, 5.960464477539062e-07, -5.21540641784668e-08, 0.8795173764228821, 0.015594087541103363, 0.4756113290786743, -0.01342215109616518, 0.9998782873153687, -0.007962729781866074, -0.4756776988506317, 0.0006196387112140656, 0.8796194791793823),
            ["RightUpperArm"] = CFrame.new(-1.7881393432617188e-07, 9.5367431640625e-07, 5.960464477539063e-08, 0.9370365738868713, -0.3163678050041199, 0.14789864420890808, 0.2656550407409668, 0.9206152558326721, 0.28617313504219055, -0.22669368982315063, -0.2288646399974823, 0.9466947913169861),
            ["UpperTorso"] = CFrame.new(3.3527612686157227e-08, 0.0000010728836059570312, 7.35744833946228e-08, 0.9546027779579163, 0.05790318548679352, -0.2921997010707855, -0.031411461532115936, 0.995023787021637, 0.09455715119838715, 0.2962208390235901, -0.08108610659837723, 0.9516713619232178),
            ["HumanoidRootPart"] = CFrame.new(0, 0, 0, 1, 0, 0, 0, 1, 0, 0, 0, 1),
            ["RightHand"] = CFrame.new(-5.438923835754395e-07, -6.556510925292969e-07, 8.940696716308594e-08, 0.9967702627182007, -0.029800429940223694, -0.07457291334867477, 0.020407717674970627, 0.9921116828918457, -0.1236850842833519, 0.07767052948474884, 0.12176377326250076, 0.989515483379364),
            ["LeftUpperArm"] = CFrame.new(2.384185791015625e-07, 9.5367431640625e-07, -7.450580596923828e-09, 0.8991604447364807, 0.3402332663536072, -0.2752304971218109, -0.3187898099422455, 0.9401117563247681, 0.12067753076553345, 0.29980602860450745, -0.020767753943800926, 0.9537742137908936),
            ["RightLowerArm"] = CFrame.new(6.556510925292969e-07, 8.344650268554688e-07, -5.662441253662109e-07, 1, -1.3969840839678227e-09, -1.862645371275562e-09, 4.470348358154297e-08, 0.8839654326438904, -0.4675523340702057, -1.4901161193847656e-08, 0.4675523042678833, 0.8839654922485352),
            ["LeftHand"] = CFrame.new(-5.960464477539063e-08, -2.980232238769531e-07, 2.2351741790771484e-08, 0.9516328573226929, 0.03881779685616493, 0.3047753870487213, -0.04380215331912041, 0.998994767665863, 0.009530707262456417, -0.30409911274909973, -0.022419514134526253, 0.9523766040802002),
            ["RightUpperLeg"] = CFrame.new(1.1920928955078125e-07, 1.280568540096283e-08, 9.562791092321277e-08, 0.7963668704032898, -0.3049396872520447, -0.5223140120506287, 0.27328765392303467, 0.9518330693244934, -0.13902463018894196, 0.5395494699478149, -0.032027676701545715, 0.84134441614151),
