return {
    ["Hang Loose Celebration"] = {
        {Time = 0.000, Data = {
            ["RightFoot"] = CFrame.new(7.310882210731506e-08, -3.5762786865234375e-07, 4.284083843231201e-08, 0.9602473974227905, 0.26821184158325195, -0.07737454026937485, -0.2619894742965698, 0.9615908265113831, 0.0818781703710556, 0.0963660478591919, -0.05835846811532974, 0.9936342835426331),
            ["LeftLowerArm"] = CFrame.new(-5.960464477539063e-08, 3.5762786865234375e-07, 1.862645149230957e-08, 1, -5.0291966147142375e-08, 1.0244446002616314e-07, 9.313227877782992e-08, -0.3866441547870636, -0.9222289323806763, 9.87202142255228e-08, 0.9222290515899658, -0.3866443336009979),
            ["RightUpperArm"] = CFrame.new(-5.960464477539063e-08, -4.76837158203125e-07, 3.4924596548080444e-08, 0.9747671484947205, -0.21697449684143066, 0.05245158076286316, 0.21463145315647125, 0.8464354872703552, -0.4873197674751282, 0.06133909150958061, 0.4862808883190155, 0.8716469407081604),
            ["Head"] = CFrame.new(2.0372681319713593e-08, -3.5762786865234375e-07, 2.3748725652694702e-08, 0.9997657537460327, 0.019450435414910316, -0.009499283507466316, -0.020282085984945297, 0.9950615167617798, -0.09716594964265823, 0.007562416605651379, 0.09733613580465317, 0.9952228665351868),
            ["RightHand"] = CFrame.new(1.0803341865539551e-07, -2.384185791015625e-07, -2.9802322387695312e-08, 0.6244147419929504, 0.39126449823379517, -0.6760365962982178, -0.6807441711425781, 0.6969952583312988, -0.2253679633140564, 0.3830060660839081, 0.600924015045166, 0.7015581727027893),
            ["UpperTorso"] = CFrame.new(-1.30385160446167e-08, 2.9802322387695312e-08, 3.725290298461914e-09, 0.9824697971343994, -0.10107450932264328, -0.15664350986480713, 0.10625946521759033, 0.9940224885940552, 0.02506595104932785, 0.15317364037036896, -0.04127158224582672, 0.9873371124267578),
            ["HumanoidRootPart"] = CFrame.new(0, 0, 0, 1, 0, 0, 0, 1, 0, 0, 0, 1),
            ["RightUpperLeg"] = CFrame.new(0, -7.962808012962341e-08, -2.60770320892334e-08, 0.9021495580673218, -0.375612735748291, -0.2122250199317932, 0.19242942333221436, 0.7906162142753601, -0.5812955498695374, 0.3861308991909027, 0.48357126116752625, 0.7855290770530701),
            ["LeftUpperArm"] = CFrame.new(1.1920928955078125e-07, -4.76837158203125e-07, 2.561137080192566e-08, 0.9728190898895264, 0.005115991923958063, -0.23151041567325592, -0.0870797410607338, 0.9344570636749268, -0.34526413679122925, 0.214570090174675, 0.3560393750667572, 0.9095029830932617),
            ["RightLowerArm"] = CFrame.new(0, 4.76837158203125e-07, -8.195638656616211e-08, 1, -2.794002362804804e-08, 1.0989477772227474e-07, 6.519258732851085e-08, -0.1607048213481903, -0.9870024919509888, 8.940698137394065e-08, 0.9870025515556335, -0.1607050597667694),
            ["LeftHand"] = CFrame.new(-2.2025778889656067e-07, -5.960464477539063e-08, 4.470348358154297e-08, 0.9133313298225403, -0.3858403265476227, 0.13020271062850952, 0.4071100652217865, 0.8578290939331055, -0.31367215514183044, 0.009338862262666225, 0.33949437737464905, 0.9405620694160461),
            ["LeftFoot"] = CFrame.new(-5.611218512058258e-08, -7.748603820800781e-07, 7.82310962677002e-08, 0.9662991762161255, 0.056054677814245224, 0.2512389123439789, 0.039185162633657455, 0.9325966238975525, -0.3587813377380371, -0.2544219493865967, 0.35654088854789734, 0.8989744782447815),
            ["LowerTorso"] = CFrame.new(-0.25987017154693604, -0.18052244186401367, -0.05914000794291496, 0.9825138449668884, 0.03928845375776291, 0.18199707567691803, -0.035750437527894974, 0.9991033673286438, -0.022681264206767082, -0.1827249825000763, 0.01577817089855671, 0.9830374717712402),
            ["RightLowerLeg"] = CFrame.new(-1.30385160446167e-08, 1.1920928955078125e-07, -7.450580596923828e-09, 1, -0.0000013429531691144803, -9.164290872831771e-07, 0.0000012740492820739746, 0.25687795877456665, 0.9664415121078491, -0.0000010132789611816406, -0.9664438366889954, 0.2568867802619934),
            ["LeftUpperLeg"] = CFrame.new(0, -1.4022225514054298e-07, 5.587935447692871e-09, 0.9896692633628845, -0.13009540736675262, -0.06024905666708946, 0.09548518806695938, 0.9115757346153259, -0.399893194437027, 0.10694601386785507, 0.39000630378723145, 0.914579451084137),
            ["LeftLowerLeg"] = CFrame.new(8.381903171539307e-08, -2.980232238769531e-07, -7.450580596923828e-09, 1, -2.2165369273352553e-07, -1.6577617145685508e-07, 2.8871002655250777e-07, 0.6806857585906982, 0.7325671911239624, -5.401671643312511e-08, -0.7325754761695862, 0.6806947588920593),
        }},
        {Time = 0.033, Data = {
            ["RightFoot"] = CFrame.new(1.414446160197258e-07, 1.7881393432617188e-07, 1.6670674085617065e-07, 0.9660242199897766, 0.25360047817230225, -0.04983721673488617, -0.24944932758808136, 0.9653274416923523, 0.07692418992519379, 0.06761936843395233, -0.06188535690307617, 0.9957906603813171),
            ["LeftLowerArm"] = CFrame.new(1.1920928955078125e-07, 3.5762786865234375e-07, 3.073364496231079e-08, 1, -5.89067923328912e-08, 1.1036058111812963e-07, 8.940698847936801e-08, -0.35145363211631775, -0.9362052083015442, 1.0104852066206149e-07, 0.936205267906189, -0.35145387053489685),
            ["RightUpperArm"] = CFrame.new(0, -2.384185791015625e-07, 2.1420419216156006e-08, 0.9830700159072876, -0.18292516469955444, 0.010581371374428272, 0.16633638739585876, 0.8667176961898804, -0.47024744749069214, 0.07684902101755142, 0.4640461802482605, 0.8824712038040161),
            ["Head"] = CFrame.new(1.862645149230957e-09, -1.1920928955078125e-07, 3.5390257835388184e-08, 0.9998835325241089, 0.012350882403552532, -0.008973927237093449, -0.01311669684946537, 0.9957647919654846, -0.09099778532981873, 0.007811998017132282, 0.09110511839389801, 0.9958107471466064),
            ["RightHand"] = CFrame.new(1.6763806343078613e-07, -2.980232238769531e-07, 2.9802322387695312e-08, 0.6095536947250366, 0.3669382929801941, -0.7027148008346558, -0.6822077631950378, 0.6943032145500183, -0.22921936213970184, 0.4037783741950989, 0.6191118359565735, 0.6735358238220215),
            ["UpperTorso"] = CFrame.new(-9.313225746154785e-09, 1.7881393432617188e-07, -2.0489096641540527e-08, 0.9864334464073181, -0.08871877938508987, -0.1381234973669052, 0.09433288872241974, 0.9949381947517395, 0.034631453454494476, 0.13435187935829163, -0.047191321849823, 0.9898093938827515),
            ["HumanoidRootPart"] = CFrame.new(0, 0, 0, 1, 0, 0, 0, 1, 0, 0, 0, 1),
            ["RightUpperLeg"] = CFrame.new(-2.9802322387695312e-08, -5.4016709327697754e-08, 3.725290298461914e-09, 0.8908100724220276, -0.38930827379226685, -0.234296053647995, 0.196317657828331, 0.7948045134544373, -0.5742409229278564, 0.4097765386104584, 0.4655373692512512, 0.7844443321228027),
            ["LeftUpperArm"] = CFrame.new(0, -2.384185791015625e-07, 1.7695128917694092e-08, 0.9805747866630554, -0.005267358850687742, -0.19607490301132202, -0.059911664575338364, 0.9438230991363525, -0.3249746859073639, 0.18677166104316711, 0.3304091989994049, 0.9251735806465149),
            ["RightLowerArm"] = CFrame.new(5.960464477539063e-08, 4.172325134277344e-07, -5.960464477539063e-08, 1, -4.6566693612248855e-08, 1.043069204342828e-07, 8.195638656616211e-08, -0.12752163410186768, -0.9918358325958252, 5.21540641784668e-08, 0.9918358325958252, -0.127521812915802),
            ["LeftHand"] = CFrame.new(-4.260800778865814e-08, -5.960464477539063e-08, 1.043081283569336e-07, 0.9098564386367798, -0.36911189556121826, 0.18952102959156036, 0.41287359595298767, 0.8507489562034607, -0.32521066069602966, -0.0411917045712471, 0.3741426467895508, 0.9264554977416992),
            ["LeftFoot"] = CFrame.new(-1.2619420886039734e-07, -8.344650268554688e-07, 8.195638656616211e-08, 0.9659757018089294, 0.05557329207658768, 0.2525862157344818, 0.035642437636852264, 0.9387161135673523, -0.3428380489349365, -0.2561652362346649, 0.34018170833587646, 0.9047996401786804),
            ["LowerTorso"] = CFrame.new(-0.2591632604598999, -0.165787935256958, -0.055037207901477814, 0.9836262464523315, 0.034005116671323776, 0.17698317766189575, -0.030464477837085724, 0.9992783665657043, -0.022685347124934196, -0.1776268631219864, 0.016922175884246826, 0.9839524030685425),
            ["RightLowerLeg"] = CFrame.new(-1.3271346688270569e-08, 2.980232238769531e-07, -1.1920928955078125e-07, 1, -0.0000010877736258407822, -7.674159974158101e-07, 0.000001013278847494803, 0.2698748707771301, 0.9628929495811462, -8.046625907809357e-07, -0.9628954529762268, 0.2698836922645569),
            ["LeftUpperLeg"] = CFrame.new(8.940696716308594e-08, 5.209585651755333e-08, -1.862645149230957e-08, 0.9905956387519836, -0.12227664142847061, -0.06138881295919418, 0.08973221480846405, 0.9193117022514343, -0.3831660747528076, 0.10328777134418488, 0.374051570892334, 0.9216372966766357),
            ["LeftLowerLeg"] = CFrame.new(-4.284083843231201e-08, 5.960464477539063e-08, -7.450580596923828e-08, 1, 2.6821962251233344e-07, 9.313264826005252e-09, -1.9371512394172896e-07, 0.7061180472373962, 0.7080855965614319, 2.048909948371147e-07, -0.7080942392349243, 0.7061267495155334),
        }},
        {Time = 0.067, Data = {
            ["RightFoot"] = CFrame.new(1.6577541828155518e-07, -1.1920928955078125e-07, 1.73225998878479e-07, 0.9722661375999451, 0.23276318609714508, -0.02279352955520153, -0.23065249621868134, 0.9704243540763855, 0.07124343514442444, 0.038703322410583496, -0.06401608139276505, 0.9971985220909119),
            ["LeftLowerArm"] = CFrame.new(-1.7881393432617188e-07, 2.980232238769531e-07, 6.332993507385254e-08, 1, -5.6811341409002125e-08, 1.1175745839864248e-07, 8.195639367158947e-08, -0.30864912271499634, -0.9511759281158447, 6.705523247774181e-08, 0.9511759281158447, -0.3086492419242859),
            ["RightUpperArm"] = CFrame.new(0, -3.5762786865234375e-07, 1.6763806343078613e-08, 0.9877035021781921, -0.1544036716222763, -0.024523425847291946, 0.1271328628063202, 0.8845378160476685, -0.4488101005554199, 0.09098979830741882, 0.44017326831817627, 0.8932905793190002),
            ["Head"] = CFrame.new(-3.119930624961853e-08, -2.384185791015625e-07, 2.7939677238464355e-08, 0.9999457001686096, 0.007064281962811947, -0.0076605211943387985, -0.007507610600441694, 0.9982010126113892, -0.05948444828391075, 0.007226538844406605, 0.059538841247558594, 0.9981998801231384),
            ["RightHand"] = CFrame.new(1.564621925354004e-07, -2.384185791015625e-07, 5.960464477539063e-08, 0.5999420285224915, 0.3454551696777344, -0.7216212153434753, -0.6809526681900024, 0.6939706802368164, -0.23391278088092804, 0.41996803879737854, 0.6317163705825806, 0.6515732407569885),
            ["UpperTorso"] = CFrame.new(-1.7695128917694092e-08, 0, 2.2351741790771484e-08, 0.9912272691726685, -0.06956448405981064, -0.11238115280866623, 0.07454215735197067, 0.9963865280151367, 0.040711041539907455, 0.1091429814696312, -0.04873098060488701, 0.9928308725357056),
            ["HumanoidRootPart"] = CFrame.new(0, 0, 0, 1, 0, 0, 0, 1, 0, 0, 0, 1),
            ["RightUpperLeg"] = CFrame.new(-2.9802322387695312e-08, 2.6775524020195007e-08, 9.313225746154785e-09, 0.8797414302825928, -0.392672061920166, -0.2680702209472656, 0.1929967701435089, 0.8102180361747742, -0.5534492135047913, 0.43451952934265137, 0.4351498484611511, 0.7885634899139404),
            ["LeftUpperArm"] = CFrame.new(0, -2.384185791015625e-07, 1.862645149230957e-08, 0.9853838682174683, -0.022821957245469093, -0.1688130497932434, -0.029865754768252373, 0.9524912238121033, -0.3030988276004791, 0.16771012544631958, 0.30371013283729553, 0.9378877282142639),
            ["RightLowerArm"] = CFrame.new(-2.9802322387695312e-08, 4.76837158203125e-07, -6.705522537231445e-08, 1, -5.588007212509183e-08, 9.499375863697423e-08, 7.357449050005016e-08, -0.09726396203041077, -0.9952586889266968, 5.401671643312511e-08, 0.995258629322052, -0.09726408869028091),
            ["LeftHand"] = CFrame.new(-1.6158446669578552e-07, -5.960464477539063e-08, -7.450580596923828e-08, 0.8937594890594482, -0.3466516435146332, 0.28465503454208374, 0.4325842261314392, 0.8339402079582214, -0.3426606059074402, -0.11859558522701263, 0.4293908476829529, 0.8952962160110474),
            ["LeftFoot"] = CFrame.new(-1.150183379650116e-07, -7.152557373046875e-07, -8.195638656616211e-08, 0.9662681221961975, 0.054070040583610535, 0.2517925202846527, 0.03217639401555061, 0.9447028636932373, -0.3263401687145233, -0.25552043318748474, 0.3234393894672394, 0.9110996723175049),
            ["LowerTorso"] = CFrame.new(-0.25662583112716675, -0.1473982334136963, -0.05232597142457962, 0.9855729341506958, 0.02408529631793499, 0.16752871870994568, -0.020559461787343025, 0.9995298385620117, -0.022749094292521477, -0.1679978370666504, 0.01897655613720417, 0.9856047630310059),
            ["RightLowerLeg"] = CFrame.new(2.60770320892334e-08, -1.7881393432617188e-07, -5.21540641784668e-08, 1, -0.000001292662773266784, -8.493726681990665e-07, 0.0000012665987014770508, 0.30967897176742554, 0.9508380889892578, -9.387731552124023e-07, -0.9508411288261414, 0.30968841910362244),
            ["LeftUpperLeg"] = CFrame.new(0, -1.1076917871832848e-07, 1.4901161193847656e-08, 0.9925925731658936, -0.10633163899183273, -0.05876670405268669, 0.07818177342414856, 0.9293033480644226, -0.36094987392425537, 0.09299261122941971, 0.3536794185638428, 0.9307318925857544),
            ["LeftLowerLeg"] = CFrame.new(-3.725290298461914e-09, 0, 2.2351741790771484e-08, 1, -2.5331863184874237e-07, -1.695013764901887e-07, 2.998858690261841e-07, 0.7344847917556763, 0.6786162853240967, -5.21540641784668e-08, -0.6786252856254578, 0.7344930171966553),
        }},
        {Time = 0.100, Data = {
            ["RightFoot"] = CFrame.new(9.546056389808655e-08, -3.5762786865234375e-07, -5.4016709327697754e-08, 0.9767535924911499, 0.21435582637786865, -0.00191692472435534, -0.21370257437229156, 0.9743989109992981, 0.06984027475118637, 0.01683865487575531, -0.06781235337257385, 0.9975564479827881),
            ["LeftLowerArm"] = CFrame.new(2.384185791015625e-07, 3.5762786865234375e-07, 5.960464477539063e-08, 1, -5.0292022990561236e-08, 9.685643931334198e-08, 8.195637946073475e-08, -0.27211794257164, -0.962263822555542, 7.171183113996449e-08, 0.9622638821601868, -0.27211830019950867),
            ["RightUpperArm"] = CFrame.new(0, -2.384185791015625e-07, 1.0244548320770264e-08, 0.9897848963737488, -0.13521133363246918, -0.04520895704627037, 0.1027185320854187, 0.8962206244468689, -0.4315530061721802, 0.09886804968118668, 0.42250028252601624, 0.9009540677070618),
            ["Head"] = CFrame.new(-5.029141902923584e-08, -1.1920928955078125e-07, 1.30385160446167e-08, 0.9999683499336243, 0.007272550370544195, -0.003242934588342905, -0.007322040852159262, 0.9998527765274048, -0.015524560585618019, 0.0031295849476009607, 0.015547876246273518, 0.9998742341995239),
            ["RightHand"] = CFrame.new(-5.029141902923584e-08, -2.384185791015625e-07, -4.470348358154297e-08, 0.5953527092933655, 0.32696327567100525, -0.7339321374893188, -0.6769766211509705, 0.696111798286438, -0.2390369474887848, 0.43273302912712097, 0.6391584277153015, 0.6357712149620056),
            ["UpperTorso"] = CFrame.new(2.8870999813079834e-08, 1.4901161193847656e-07, -9.313225746154785e-09, 0.9949716329574585, -0.04866437241435051, -0.08754043281078339, 0.052721843123435974, 0.9976105690002441, 0.044649962335824966, 0.0851583406329155, -0.04904057830572128, 0.9951598644256592),
            ["HumanoidRootPart"] = CFrame.new(0, 0, 0, 1, 0, 0, 0, 1, 0, 0, 0, 1),
            ["RightUpperLeg"] = CFrame.new(0, 1.3271346688270569e-08, -3.725290298461914e-09, 0.8701112866401672, -0.38429486751556396, -0.30858010053634644, 0.18741458654403687, 0.8370687961578369, -0.5140016674995422, 0.45583128929138184, 0.38940122723579407, 0.800362765789032),
            ["LeftUpperArm"] = CFrame.new(0, -1.1920928955078125e-07, 2.9336661100387573e-08, 0.9868229627609253, -0.04168153181672096, -0.15634331107139587, -0.004798092879354954, 0.958287239074707, -0.2857673764228821, 0.1617330014705658, 0.2827514410018921, 0.9454596042633057),
            ["RightLowerArm"] = CFrame.new(-5.960464477539063e-08, 4.172325134277344e-07, -5.21540641784668e-08, 1, -5.774276345960061e-08, 8.847455745808475e-08, 6.984919309616089e-08, -0.07139494270086288, -0.997448205947876, 6.705522537231445e-08, 0.997448205947876, -0.07139503955841064),
            ["LeftHand"] = CFrame.new(-5.587935447692871e-09, -1.7881393432617188e-07, -5.21540641784668e-08, 0.8709659576416016, -0.3221639096736908, 0.3709876537322998, 0.4541335105895996, 0.8160613179206848, -0.3575049638748169, -0.18756639957427979, 0.4798484444618225, 0.8570637702941895),
            ["LeftFoot"] = CFrame.new(3.5390257835388184e-08, -7.748603820800781e-07, -4.6566128730773926e-08, 0.9668048620223999, 0.051020972430706024, 0.250364750623703, 0.029800506308674812, 0.9506574273109436, -0.30880406498908997, -0.2537725269794464, 0.3060183823108673, 0.9175823926925659),
            ["LowerTorso"] = CFrame.new(-0.2516323924064636, -0.1290266513824463, -0.04998261481523514, 0.9871536493301392, 0.013586748391389847, 0.1591956466436386, -0.01007170882076025, 0.9996877908706665, -0.02286611497402191, -0.15945661067962646, 0.020968960598111153, 0.9869822263717651),
            ["RightLowerLeg"] = CFrame.new(-6.332993507385254e-08, -2.384185791015625e-07, -7.450580596923828e-08, 1, -0.00000121070797831635, -7.152610805860604e-07, 0.0000011324882507324219, 0.37951961159706116, 0.9251794219017029, -8.419156074523926e-07, -0.9251837730407715, 0.379530131816864),
            ["LeftUpperLeg"] = CFrame.new(2.9802322387695312e-08, -2.533779479563236e-07, 1.30385160446167e-08, 0.99444180727005, -0.08872777223587036, -0.056682076305150986, 0.06447593122720718, 0.9387986660003662, -0.33838024735450745, 0.08323684334754944, 0.33284327387809753, 0.9393007755279541),
            ["LeftLowerLeg"] = CFrame.new(2.2351741790771484e-08, -1.1920928955078125e-07, -2.2351741790771484e-08, 1, -2.2165392010720097e-07, -1.7695194287625782e-07, 2.7194619178771973e-07, 0.7621718049049377, 0.6473666429519653, -3.3527612686157227e-08, -0.6473748683929443, 0.7621787190437317),
        }},
        {Time = 0.133, Data = {
            ["RightFoot"] = CFrame.new(1.4202669262886047e-07, -5.960464477539063e-08, 2.0489096641540527e-07, 0.9787473082542419, 0.20504266023635864, 0.0033173353876918554, -0.2047809213399887, 0.9763823747634888, 0.06886092573404312, 0.010880245827138424, -0.06808153539896011, 0.9976208209991455),
            ["LeftLowerArm"] = CFrame.new(-1.7881393432617188e-07, 4.172325134277344e-07, 3.725290298461914e-08, 1, -4.656665097968471e-08, 1.0058177224436804e-07, 8.195640788244418e-08, -0.2566682994365692, -0.9664995074272156, 6.705523958316917e-08, 0.9664996266365051, -0.2566685378551483),
            ["RightUpperArm"] = CFrame.new(0, -2.384185791015625e-07, 2.0489096641540527e-08, 0.9904325008392334, -0.13101190328598022, -0.043353695422410965, 0.10030950605869293, 0.899233877658844, -0.425812304019928, 0.09477170556783676, 0.41738995909690857, 0.9037722945213318),
            ["Head"] = CFrame.new(1.4901161193847656e-08, -2.384185791015625e-07, 3.3527612686157227e-08, 0.9999269843101501, 0.010588842444121838, 0.005822804290801287, -0.010755057446658611, 0.9995129108428955, 0.029298769310116768, -0.005509704817086458, -0.029359105974435806, 0.9995537996292114),
            ["RightHand"] = CFrame.new(1.5692785382270813e-07, -2.384185791015625e-07, 0, 0.5946786999702454, 0.3115668296813965, -0.7411409020423889, -0.6708890795707703, 0.7003011107444763, -0.2439117729663849, 0.44301819801330566, 0.6422651410102844, 0.6254737377166748),
            ["UpperTorso"] = CFrame.new(3.725290298461914e-08, 1.1920928955078125e-07, 5.587935447692871e-09, 0.9975027441978455, -0.02957155741751194, -0.06414046138525009, 0.032622016966342926, 0.9983599781990051, 0.04704505205154419, 0.06264401972293854, -0.04902011156082153, 0.9968314170837402),
            ["HumanoidRootPart"] = CFrame.new(0, 0, 0, 1, 0, 0, 0, 1, 0, 0, 0, 1),
            ["RightUpperLeg"] = CFrame.new(1.1920928955078125e-07, -1.0442454367876053e-07, 1.6763806343078613e-08, 0.8681306838989258, -0.3618384599685669, -0.3397350311279297, 0.1802912950515747, 0.8676286339759827, -0.4633803069591522, 0.4624328911304474, 0.3410184383392334, 0.8184491395950317),
            ["LeftUpperArm"] = CFrame.new(5.960464477539063e-08, -3.5762786865234375e-07, 3.5390257835388184e-08, 0.9845522046089172, -0.05773144215345383, -0.16529987752437592, 0.009560849517583847, 0.9603959321975708, -0.2784748673439026, 0.17483019828796387, 0.2725929915904999, 0.9461119771003723),
            ["RightLowerArm"] = CFrame.new(-2.086162567138672e-07, 4.172325134277344e-07, -4.470348358154297e-08, 1, -5.63456943325491e-08, 8.032566967131061e-08, 7.962808723505077e-08, -0.053041476756334305, -0.9985923171043396, 5.960465188081798e-08, 0.9985923767089844, -0.053041599690914154),
            ["LeftHand"] = CFrame.new(1.2386590242385864e-07, -1.1920928955078125e-07, -2.9802322387695312e-08, 0.8592680096626282, -0.30833908915519714, 0.4081541895866394, 0.4627962112426758, 0.8084986209869385, -0.3635276257991791, -0.2178952395915985, 0.5012553930282593, 0.8374114632606506),
            ["LeftFoot"] = CFrame.new(-9.709037840366364e-08, -7.152557373046875e-07, 4.842877388000488e-08, 0.9673642516136169, 0.046120043843984604, 0.2491515427827835, 0.029548002406954765, 0.9560540914535522, -0.29169365763664246, -0.25166136026382446, 0.28954043984413147, 0.9234925508499146),
            ["LowerTorso"] = CFrame.new(-0.2435571402311325, -0.11301803588867188, -0.047803815454244614, 0.9884530901908875, 0.005028888583183289, 0.15144427120685577, -0.0015485044568777084, 0.999732255935669, -0.023090466856956482, -0.15151982009410858, 0.022589297965168953, 0.988196074962616),
            ["RightLowerLeg"] = CFrame.new(-8.754432201385498e-08, -2.384185791015625e-07, 1.043081283569336e-07, 1, -0.000001169730921901646, -6.556559242199e-07, 0.0000010728834922701935, 0.46031031012535095, 0.8877521753311157, -7.599591071993927e-07, -0.8877581357955933, 0.4603218138217926),
            ["LeftUpperLeg"] = CFrame.new(0, -1.4220131561160088e-07, 1.1175870895385742e-08, 0.9959328174591064, -0.07177391648292542, -0.05446430668234825, 0.05087849497795105, 0.9468997120857239, -0.31747984886169434, 0.07435912638902664, 0.3134157955646515, 0.9466996192932129),
            ["LeftLowerLeg"] = CFrame.new(1.471489667892456e-07, -4.172325134277344e-07, -4.470348358154297e-08, 1, 2.3469253562780068e-07, 2.793977715853657e-09, -1.8253925304634322e-07, 0.7867357134819031, 0.6172807812690735, 1.4156104555240745e-07, -0.6172900199890137, 0.7867429256439209),
        }},
        {Time = 0.167, Data = {
            ["RightFoot"] = CFrame.new(4.0978193283081055e-08, -1.7881393432617188e-07, -1.2665987014770508e-07, 0.9792159199714661, 0.20255820453166962, -0.010304813273251057, -0.20139180123806, 0.9770815968513489, 0.06894081830978394, 0.024033280089497566, -0.06543613970279694, 0.9975675344467163),
            ["LeftLowerArm"] = CFrame.new(5.960464477539063e-08, 2.384185791015625e-07, 2.421438694000244e-08, 1, -4.4704030699449504e-08, 9.685642510248726e-08, 8.381902460996571e-08, -0.26876166462898254, -0.9632066488265991, 8.381902460996571e-08, 0.9632067084312439, -0.2687620520591736),
            ["RightUpperArm"] = CFrame.new(1.1920928955078125e-07, -3.5762786865234375e-07, -3.725290298461914e-09, 0.9901636242866516, -0.13820809125900269, -0.021784761920571327, 0.11539249867200851, 0.8947152495384216, -0.431473970413208, 0.07912440598011017, 0.42471545934677124, 0.9018622636795044),
            ["Head"] = CFrame.new(-2.6542693376541138e-08, -2.384185791015625e-07, 5.587935447692871e-09, 0.999682605266571, 0.014976376667618752, 0.020260268822312355, -0.016239244490861893, 0.99783855676651, 0.0636754035949707, -0.01926277205348015, -0.06398393213748932, 0.997765064239502),
            ["RightHand"] = CFrame.new(-8.381903171539307e-08, -4.172325134277344e-07, 2.9802322387695312e-08, 0.5977038741111755, 0.3004905581474304, -0.7432775497436523, -0.6630014181137085, 0.706520676612854, -0.2475196272134781, 0.45075416564941406, 0.6407293081283569, 0.6215083599090576),
            ["UpperTorso"] = CFrame.new(-3.5157427191734314e-08, 5.960464477539063e-08, -3.91155481338501e-08, 0.9990124106407166, -0.013094714842736721, -0.04246125370264053, 0.015173712745308876, 0.9986827969551086, 0.049015872180461884, 0.04176338389515877, -0.04961172863841057, 0.9978951215744019),
            ["HumanoidRootPart"] = CFrame.new(0, 0, 0, 1, 0, 0, 0, 1, 0, 0, 0, 1),
            ["RightUpperLeg"] = CFrame.new(-5.960464477539063e-08, -3.984314389526844e-08, -4.0978193283081055e-08, 0.8753421902656555, -0.32684192061424255, -0.3562990128993988, 0.16913095116615295, 0.8973429799079895, -0.40764492750167847, 0.4529579281806946, 0.2965635061264038, 0.8407596945762634),
            ["LeftUpperArm"] = CFrame.new(0, -3.5762786865234375e-07, 1.4901161193847656e-08, 0.9780065417289734, -0.06770643591880798, -0.19727952778339386, 0.00903412327170372, 0.9587096571922302, -0.2842438519001007, 0.20837894082069397, 0.2762095332145691, 0.9382358193397522),
            ["RightLowerArm"] = CFrame.new(1.1920928955078125e-07, 2.980232238769531e-07, -5.21540641784668e-08, 1, -5.774277056502797e-08, 8.661190520342643e-08, 8.195637946073475e-08, -0.04625280946493149, -0.9989297389984131, 5.774199252073231e-08, 0.9989297986030579, -0.0462530143558979),
            ["LeftHand"] = CFrame.new(-5.21540641784668e-08, -1.1920928955078125e-07, -1.862645149230957e-08, 0.8597289323806763, -0.3105553388595581, 0.4054940938949585, 0.46297788619995117, 0.8091087341308594, -0.3619363307952881, -0.2156798392534256, 0.4988972842693329, 0.8393906354904175),
            ["LeftFoot"] = CFrame.new(-1.494772732257843e-07, -8.344650268554688e-07, 3.3527612686157227e-08, 0.9679818749427795, 0.03904616832733154, 0.24795904755592346, 0.03159842640161514, 0.9610151052474976, -0.2746812403202057, -0.24902357161045074, 0.27372488379478455, 0.9290137887001038),
            ["LowerTorso"] = CFrame.new(-0.23177489638328552, -0.09922003746032715, -0.04569856822490692, 0.989581286907196, -0.0013798046857118607, 0.14396946132183075, 0.00481807766482234, 0.9997113943099976, -0.02353605628013611, -0.1438954472541809, 0.02398449368774891, 0.9893022775650024),
            ["RightLowerLeg"] = CFrame.new(-1.3224780559539795e-07, -2.980232238769531e-07, -5.21540641784668e-08, 1, -0.0000010952265938612982, -5.960503131063888e-07, 0.0000010430810561956605, 0.5413957238197327, 0.840760350227356, -5.662440116793732e-07, -0.8407678604125977, 0.5414074659347534),
            ["LeftUpperLeg"] = CFrame.new(0, -5.704350769519806e-09, -5.960464477539063e-08, 0.9971325397491455, -0.0551290288567543, -0.05184091627597809, 0.037258442491292953, 0.9539106488227844, -0.29777008295059204, 0.06586738675832748, 0.29498374462127686, 0.9532290697097778),
            ["LeftLowerLeg"] = CFrame.new(5.21540641784668e-08, -5.960464477539063e-08, -4.470348358154297e-08, 1, -2.0675304313044762e-07, -1.369048590049715e-07, 2.486631842657516e-07, 0.8088205456733704, 0.588047444820404, -1.769513247040777e-08, -0.5880556702613831, 0.8088264465332031),
        }},
        {Time = 0.200, Data = {
            ["RightFoot"] = CFrame.new(9.12696123123169e-08, 5.960464477539063e-08, 2.2351741790771484e-08, 0.9793919324874878, 0.1980666071176529, -0.03950750455260277, -0.1950587034225464, 0.978339672088623, 0.06930756568908691, 0.05238036438822746, -0.06017623841762543, 0.9968128204345703),
            ["LeftLowerArm"] = CFrame.new(1.7881393432617188e-07, 2.384185791015625e-07, 2.514570951461792e-08, 1, -2.8405670704501063e-08, 9.3131227174581e-08, 8.102506399154663e-08, -0.29974648356437683, -0.9540188908576965, 7.962808012962341e-08, 0.9540188908576965, -0.2997468113899231),
            ["RightUpperArm"] = CFrame.new(1.1920928955078125e-07, -2.384185791015625e-07, 3.3527612686157227e-08, 0.988941490650177, -0.14790917932987213, 0.010840296745300293, 0.13735316693782806, 0.8858869671821594, -0.44310155510902405, 0.05593561381101608, 0.4396900534629822, 0.8964058756828308),
            ["Head"] = CFrame.new(-1.6763806343078613e-08, -1.1920928955078125e-07, 1.6763806343078613e-08, 0.999031126499176, 0.018722789362072945, 0.03982918709516525, -0.021740160882472992, 0.9968152642250061, 0.07672618329524994, -0.03826570883393288, -0.07751751691102982, 0.996256411075592),
            ["RightHand"] = CFrame.new(8.940696716308594e-08, -2.980232238769531e-07, -2.2351741790771484e-08, 0.6328265070915222, 0.3061427175998688, -0.7112057209014893, -0.6354035139083862, 0.7302379012107849, -0.25104281306266785, 0.4424852132797241, 0.6107613444328308, 0.6566308736801147),
            ["UpperTorso"] = CFrame.new(-3.864988684654236e-08, 4.470348358154297e-07, -2.0489096641540527e-08, 0.9997345209121704, 0.0017579582054167986, -0.022975588217377663, -0.0005854999180883169, 0.9987016916275024, 0.050939012318849564, 0.02303517609834671, -0.05091198533773422, 0.9984375238418579),
            ["HumanoidRootPart"] = CFrame.new(0, 0, 0, 1, 0, 0, 0, 1, 0, 0, 0, 1),
            ["RightUpperLeg"] = CFrame.new(5.960464477539063e-08, 1.986045390367508e-07, -7.450580596923828e-09, 0.8890534043312073, -0.2838306128978729, -0.3591978847980499, 0.14845365285873413, 0.9209555387496948, -0.36028555035591125, 0.4330654740333557, 0.2669852674007416, 0.8609129786491394),
            ["LeftUpperArm"] = CFrame.new(0, -1.1920928955078125e-07, 2.0489096641540527e-08, 0.9666118621826172, -0.07187407463788986, -0.24595867097377777, -0.005167317111045122, 0.9541945457458496, -0.2991426885128021, 0.2561931014060974, 0.2904253900051117, 0.9219642877578735),
            ["RightLowerArm"] = CFrame.new(5.960464477539063e-08, 4.76837158203125e-07, -7.82310962677002e-08, 1, -4.470406977929997e-08, 9.499377284782895e-08, 8.195639367158947e-08, -0.06010217219591141, -0.9981922507286072, 5.960465188081798e-08, 0.998192310333252, -0.06010228395462036),
            ["LeftHand"] = CFrame.new(1.1641532182693481e-07, -5.960464477539063e-08, -2.1886080503463745e-08, 0.8604132533073425, -0.31784775853157043, 0.3983287811279297, 0.46523603796958923, 0.8089169263839722, -0.35946038365364075, -0.20795348286628723, 0.49459710717201233, 0.8438735008239746),
            ["LeftFoot"] = CFrame.new(-4.98257577419281e-08, -7.748603820800781e-07, -1.4528632164001465e-07, 0.9686019420623779, 0.030086446553468704, 0.24678412079811096, 0.03656210005283356, 0.9646186232566833, -0.26109910011291504, -0.24591396749019623, 0.26192691922187805, 0.9332335591316223),
            ["LowerTorso"] = CFrame.new(-0.21664318442344666, -0.08868801593780518, -0.04360942915081978, 0.9906130433082581, -0.007057575508952141, 0.13651366531848907, 0.010446292348206043, 0.9996544122695923, -0.02412283420562744, -0.13629621267318726, 0.025322454050183296, 0.9903445243835449),
            ["RightLowerLeg"] = CFrame.new(-1.043081283569336e-07, 0, -8.940696716308594e-08, 1, -0.0000010579756235529203, -4.917412752547534e-07, 9.685755912869354e-07, 0.6076779961585999, 0.7941750884056091, -4.842877956434677e-07, -0.7941835522651672, 0.6076890826225281),
            ["LeftUpperLeg"] = CFrame.new(-5.960464477539063e-08, 2.6758061721920967e-07, -2.0489096641540527e-08, 0.9980921745300293, -0.037802886217832565, -0.04881703853607178, 0.022481601685285568, 0.95888751745224, -0.2828955054283142, 0.057504236698150635, 0.2812574505805969, 0.9579077363014221),
            ["LeftLowerLeg"] = CFrame.new(-1.0989606380462646e-07, -1.1920928955078125e-07, -4.0978193283081055e-08, 1, -1.9930253358779737e-07, -1.2479759448069672e-07, 2.3376199465019454e-07, 0.8244906663894653, 0.5658674836158752, 2.3283067918100642e-08, -0.5658756494522095, 0.8244962096214294),
        }},
        {Time = 0.233, Data = {
            ["RightFoot"] = CFrame.new(6.705522537231445e-08, 5.960464477539063e-08, 0, 0.9788886904716492, 0.18809400498867035, -0.0799807459115982, -0.18608254194259644, 0.9820137619972229, 0.03197549283504486, 0.08455874770879745, -0.016419997438788414, 0.9962834715843201),
            ["LeftLowerArm"] = CFrame.new(0, 2.980232238769531e-07, 4.353933036327362e-08, 1, -4.9360643572526897e-08, 1.0058178645522275e-07, 8.195639367158947e-08, -0.34149858355522156, -0.939882218837738, 1.1734665861240501e-07, 0.9398823380470276, -0.34149888157844543),
            ["RightUpperArm"] = CFrame.new(1.1920928955078125e-07, -2.384185791015625e-07, 3.91155481338501e-08, 0.9860941171646118, -0.15682540833950043, 0.05499320477247238, 0.16450683772563934, 0.874175488948822, -0.4568973183631897, 0.023579424247145653, 0.45959025621414185, 0.887817919254303),
            ["Head"] = CFrame.new(1.3329554349184036e-08, -2.384185791015625e-07, 2.2351741790771484e-08, 0.9977424740791321, 0.020470499992370605, 0.06396160274744034, -0.025223467499017715, 0.996908962726593, 0.07440812140703201, -0.06224071979522705, -0.07585323601961136, 0.9951745867729187),
            ["RightHand"] = CFrame.new(-1.043081283569336e-07, -2.384185791015625e-07, -8.195638656616211e-08, 0.7019335031509399, 0.3275085389614105, -0.6324825882911682, -0.5861921906471252, 0.7700462937355042, -0.25181907415390015, 0.40455910563468933, 0.5475096106529236, 0.7324977517127991),
            ["UpperTorso"] = CFrame.new(-1.6763806343078613e-08, 8.940696716308594e-08, 5.587935447692871e-09, 0.9998847842216492, 0.013695085421204567, -0.00654439814388752, -0.013338903896510601, 0.9985750317573547, 0.051673524081707, 0.007242758292704821, -0.05158035084605217, 0.99864262342453),
            ["HumanoidRootPart"] = CFrame.new(0, 0, 0, 1, 0, 0, 0, 1, 0, 0, 0, 1),
            ["RightUpperLeg"] = CFrame.new(0, 1.448206603527069e-07, -1.862645149230957e-09, 0.9034435153007507, -0.23569689691066742, -0.358100563287735, 0.12629395723342896, 0.9445613622665405, -0.30307766795158386, 0.4096824526786804, 0.2285846322774887, 0.8831239938735962),
            ["LeftUpperArm"] = CFrame.new(0, -2.384185791015625e-07, 9.313225746154785e-09, 0.9485301971435547, -0.07105331122875214, -0.3086128532886505, -0.03222879022359848, 0.9477877616882324, -0.31726956367492676, 0.3150425851345062, 0.31088578701019287, 0.8967152237892151),
            ["RightLowerArm"] = CFrame.new(-1.7881393432617188e-07, 4.172325134277344e-07, -9.313225746154785e-08, 1, -4.470404491030422e-08, 8.940591555983701e-08, 6.705522537231445e-08, -0.09066500514745712, -0.9958814978599548, 7.450580596923828e-08, 0.9958814382553101, -0.09066513180732727),
            ["LeftHand"] = CFrame.new(-1.0151416063308716e-07, -1.1920928955078125e-07, -4.563480615615845e-08, 0.8607016205787659, -0.3279525339603424, 0.3894146680831909, 0.46895188093185425, 0.8084585666656494, -0.355641633272171, -0.19818419218063354, 0.48871463537216187, 0.8496324419975281),
            ["LeftFoot"] = CFrame.new(-1.1920928955078125e-07, -5.364418029785156e-07, -2.9802322387695312e-08, 0.96901935338974, 0.020093949511647224, 0.2461598962545395, 0.0441700778901577, 0.9665169715881348, -0.25276970863342285, -0.24300327897071838, 0.2558145821094513, 0.9356883764266968),
            ["LowerTorso"] = CFrame.new(-0.19960926473140717, -0.08259499073028564, -0.04148878902196884, 0.9916204810142517, -0.011103339493274689, 0.12870721518993378, 0.014424973167479038, 0.9995858073234558, -0.024904264137148857, -0.12837739288806915, 0.026552187278866768, 0.9913698434829712),
            ["RightLowerLeg"] = CFrame.new(-5.21540641784668e-08, -4.172325134277344e-07, 0, 1, -9.164158427665825e-07, -3.613549779402092e-07, 8.493659038322221e-07, 0.6767808198928833, 0.7361752986907959, -4.2095766161764914e-07, -0.7361846566200256, 0.6767910122871399),
            ["LeftUpperLeg"] = CFrame.new(8.940696716308594e-08, 6.344635039567947e-08, -1.30385160446167e-08, 0.9987431764602661, -0.021569425240159035, -0.04524308443069458, 0.008334088139235973, 0.9615658521652222, -0.27444925904273987, 0.04942401498556137, 0.27372631430625916, 0.9605367183685303),
            ["LeftLowerLeg"] = CFrame.new(1.3224780559539795e-07, -1.7881393432617188e-07, -6.705522537231445e-08, 1, -2.0302779546454985e-07, -1.1501866481467005e-07, 2.386512676366692e-07, 0.8325343132019043, 0.553965151309967, 4.6100439021756756e-08, -0.5539734363555908, 0.8325398564338684),
        }},
        {Time = 0.267, Data = {
            ["RightFoot"] = CFrame.new(1.564621925354004e-07, -3.5762786865234375e-07, -2.9802322387695312e-08, 0.9778419733047485, 0.17241723835468292, -0.11872902512550354, -0.175449401140213, 0.984366774559021, -0.015491493977606297, 0.1142047792673111, 0.03597792610526085, 0.9928058981895447),
            ["LeftLowerArm"] = CFrame.new(1.1920928955078125e-07, 4.76837158203125e-07, 7.35744833946228e-08, 1, -7.45066230933844e-08, 1.1548282685680533e-07, 7.823111758398227e-08, -0.38601118326187134, -0.9224939942359924, 4.097820394122209e-08, 0.922494113445282, -0.3860115110874176),
            ["RightUpperArm"] = CFrame.new(0, -3.5762786865234375e-07, 5.587935447692871e-09, 0.9804443120956421, -0.1619216650724411, 0.11185023933649063, 0.19578105211257935, 0.8602096438407898, -0.47086015343666077, -0.019972138106822968, 0.48355019092559814, 0.8750886917114258),
            ["Head"] = CFrame.new(4.190951585769653e-09, -2.384185791015625e-07, 3.725290298461914e-09, 0.995521068572998, 0.019553368911147118, 0.09249576926231384, -0.025724684819579124, 0.9974876642227173, 0.06600545346736908, -0.09097273647785187, -0.06808894127607346, 0.9935230016708374),
            ["RightHand"] = CFrame.new(3.725290298461914e-08, -1.7881393432617188e-07, 4.470348358154297e-08, 0.7687807083129883, 0.34910476207733154, -0.5358245968818665, -0.5399967432022095, 0.803235650062561, -0.25143614411354065, 0.3426074683666229, 0.48263683915138245, 0.8060221672058105),
            ["UpperTorso"] = CFrame.new(-9.778887033462524e-09, 1.4901161193847656e-07, 1.862645149230957e-09, 0.9997387528419495, 0.022114699706435204, 0.005779198836535215, -0.022386161610484123, 0.9983897805213928, 0.05212313309311867, -0.004617235157638788, -0.05223903805017471, 0.9986240267753601),
            ["HumanoidRootPart"] = CFrame.new(0, 0, 0, 1, 0, 0, 0, 1, 0, 0, 0, 1),
            ["RightUpperLeg"] = CFrame.new(0, 1.2479722499847412e-07, -1.4901161193847656e-08, 0.9161831736564636, -0.19346974790096283, -0.3509663939476013, 0.10651134699583054, 0.9618078470230103, -0.2521555423736572, 0.38634684681892395, 0.1936366856098175, 0.9017983675003052),
            ["LeftUpperArm"] = CFrame.new(0, -3.5762786865234375e-07, -2.0489096641540527e-08, 0.9213538765907288, -0.06613559275865555, -0.3830575942993164, -0.07163001596927643, 0.9396612644195557, -0.33452335000038147, 0.38206830620765686, 0.33565273880958557, 0.8610232472419739),
            ["RightLowerArm"] = CFrame.new(5.960464477539063e-08, 3.5762786865234375e-07, -9.313225746154785e-08, 1, -5.960538373983582e-08, 7.450491068539122e-08, 1.0430809993522416e-07, -0.12176058441400528, -0.992559552192688, 4.470347292340193e-08, 0.9925594925880432, -0.12176075577735901),
            ["LeftHand"] = CFrame.new(1.1175870895385742e-08, -5.960464477539063e-08, -3.725290298461914e-08, 0.8576309084892273, -0.3437419831752777, 0.38251110911369324, 0.47802025079727173, 0.8071420192718506, -0.3464389741420746, -0.18964697420597076, 0.47996169328689575, 0.8565425872802734),
            ["LeftFoot"] = CFrame.new(-7.380731403827667e-08, -8.940696716308594e-07, -7.078051567077637e-08, 0.9691995978355408, 0.009401615709066391, 0.24609138071537018, 0.05352126806974411, 0.9673466682434082, -0.2477393001317978, -0.2403905838727951, 0.25328266620635986, 0.9370509386062622),
