return {
    ["Happy Days"] = {
        {Time = 0.000, Data = {
            ["LeftFoot"] = CFrame.new(3.102184109593509e-08, 0, -2.532715370762162e-08, 0.9473332762718201, -0.19299733638763428, 0.2555617392063141, 0.2849285304546356, 0.8722553849220276, -0.3974749743938446, -0.14620353281497955, 0.44935813546180725, 0.8813068866729736),
            ["LeftLowerArm"] = CFrame.new(-2.980232238769531e-07, -1.7881393432617188e-07, 1.1920928955078125e-07, 1, -6.70552182668871e-08, 8.940696716308594e-08, 6.70552182668871e-08, -0.3853212893009186, -0.9227824807167053, 5.960463766996327e-08, 0.9227824807167053, -0.38532140851020813),
            ["LowerTorso"] = CFrame.new(0.14343488216400146, -0.2077096700668335, 0.015156581997871399, 0.9330127239227295, -0.2500000298023224, 0.258819043636322, 0.258819043636322, 0.965925931930542, -4.725378754955045e-09, -0.2499999850988388, 0.0669872984290123, 0.965925931930542),
            ["Head"] = CFrame.new(7.450580596923828e-09, 0, 6.984919309616089e-10, 0.9515734910964966, 0.29211539030075073, -0.09579426795244217, -0.3061615526676178, 0.9286729097366333, -0.20936067402362823, 0.027804233133792877, 0.2285505086183548, 0.9731349349021912),
            ["RightUpperArm"] = CFrame.new(0, 0, 1.1175870895385742e-08, 0.46989351511001587, -0.10106628388166428, -0.8769183158874512, 0.2927177846431732, 0.9550539255142212, 0.046780191361904144, 0.8327763080596924, -0.2786712944507599, 0.4783575236797333),
            ["UpperTorso"] = CFrame.new(-1.0710209608078003e-07, -1.4901161193847656e-07, 1.7695128917694092e-08, 0.9202515482902527, 0.22473669052124023, -0.3203602731227875, -0.1927814781665802, 0.9727733135223389, 0.12863746285438538, 0.3405472934246063, -0.05661927908658981, 0.9385210871696472),
            ["HumanoidRootPart"] = CFrame.new(0, 0, 0, 1, 0, 0, 0, 1, 0, 0, 0, 1),
            ["RightHand"] = CFrame.new(1.1920928955078125e-07, 1.7881393432617188e-07, 8.940696716308594e-08, 0.7346179485321045, -0.45918670296669006, 0.49948379397392273, 0.6342503428459167, 0.7262220978736877, -0.2651941776275635, -0.24096259474754333, 0.511614203453064, 0.824735164642334),
            ["LeftUpperArm"] = CFrame.new(0, -2.384185791015625e-07, -1.4901161193847656e-08, 0.5120116472244263, 0.06231589987874031, -0.8567151427268982, -0.629348874092102, 0.7060041427612305, -0.3247738480567932, 0.5846060514450073, 0.705460786819458, 0.4007006883621216),
            ["RightLowerArm"] = CFrame.new(-1.7881393432617188e-07, -2.384185791015625e-07, -6.705522537231445e-08, 1, -0.000017434358596801758, 0.000010028481483459473, 0.000017337501049041748, 0.5, -0.866025447845459, 0.000010045245289802551, 0.8660253882408142, 0.5000000596046448),
            ["LeftHand"] = CFrame.new(-2.9802322387695312e-08, -1.1920928955078125e-07, 2.980232238769531e-07, 0.9527068138122559, -0.2724110186100006, -0.13469234108924866, 0.29069843888282776, 0.9461169838905334, 0.1426783800125122, 0.08856751769781113, -0.17508549988269806, 0.9805614948272705),
            ["RightUpperLeg"] = CFrame.new(-1.1920928955078125e-07, -2.468004822731018e-08, -5.420588422566652e-09, 0.9505735039710999, 0.22275759279727936, -0.21630802750587463, -0.2682476043701172, 0.9400056600570679, -0.210790753364563, 0.1563754826784134, 0.25839611887931824, 0.9532985687255859),
            ["LeftUpperLeg"] = CFrame.new(-8.940696716308594e-08, -1.5459954738616943e-07, 4.0978193283081055e-08, 0.8401056528091431, 0.11307179182767868, -0.5305067300796509, -0.4249107539653778, 0.7451030611991882, -0.5140740871429443, 0.3371548056602478, 0.6572945713996887, 0.674010694026947),
            ["RightLowerLeg"] = CFrame.new(-1.3969838619232178e-08, -0.0007262825965881348, 0.00004604628338711336, 1, 2.2351745343485163e-08, 4.0046870708465576e-08, 4.842878098543224e-08, 0.8207762837409973, 0.5712499022483826, 5.122274604474342e-09, -0.5712498426437378, 0.8207762837409973),
            ["RightFoot"] = CFrame.new(1.0823896445799619e-08, 5.960464477539063e-08, 2.1318555809557438e-09, 0.9611667990684509, -0.013080837205052376, -0.2756582200527191, -0.0815083384513855, 0.9408581256866455, -0.3288500905036926, 0.2636567950248718, 0.3385481536388397, 0.9032553434371948),
            ["LeftLowerLeg"] = CFrame.new(-4.470348358154297e-08, -0.0007265210151672363, 0.00008095055818557739, 1, 3.241002559661865e-07, 2.253800630569458e-07, -2.831220911048149e-07, 0.38272571563720703, 0.923862099647522, 1.6391278734317893e-07, -0.923862099647522, 0.38272571563720703),
        }},
        {Time = 0.033, Data = {
            ["LeftFoot"] = CFrame.new(-4.814728526980616e-08, 5.960464477539063e-08, 1.082753442460671e-08, 0.9499911665916443, -0.18912865221500397, 0.24848996102809906, 0.2790786325931549, 0.8712252974510193, -0.40383365750312805, -0.14011438190937042, 0.45298662781715393, 0.8804381489753723),
            ["LeftLowerArm"] = CFrame.new(-1.1920928955078125e-07, -2.384185791015625e-07, -1.1920928955078125e-07, 1, -5.21540641784668e-08, 1.341104507446289e-07, 1.4051329344511032e-07, -0.34272629022598267, -0.9394353628158569, 1.043081283569336e-07, 0.9394353628158569, -0.34272629022598267),
            ["LowerTorso"] = CFrame.new(0.13016372919082642, -0.1958010196685791, 0.014500923454761505, 0.9291849732398987, -0.27386969327926636, 0.248214989900589, 0.28120157122612, 0.9596290588378906, 0.006144034210592508, -0.23987698554992676, 0.06408950686454773, 0.968685507774353),
            ["Head"] = CFrame.new(1.0477378964424133e-08, 2.384185791015625e-07, 2.444721758365631e-09, 0.963485062122345, 0.2534169852733612, -0.08646673709154129, -0.26619306206703186, 0.9414327144622803, -0.20699205994606018, 0.028947310522198677, 0.22245049476623535, 0.9745141863822937),
            ["RightUpperArm"] = CFrame.new(1.1920928955078125e-07, 3.5762786865234375e-07, 1.1175870895385742e-08, 0.49271243810653687, -0.13218526542186737, -0.860093891620636, 0.29365500807762146, 0.9556730389595032, 0.021348360925912857, 0.8191465735435486, -0.2630895674228668, 0.5096889138221741),
            ["UpperTorso"] = CFrame.new(-1.4808028936386108e-07, 2.9802322387695312e-08, 8.381903171539307e-09, 0.9133255481719971, 0.26957857608795166, -0.30522769689559937, -0.24140533804893494, 0.9620355367660522, 0.1273227483034134, 0.32796338200569153, -0.04260348901152611, 0.9437292814254761),
            ["HumanoidRootPart"] = CFrame.new(0, 0, 0, 1, 0, 0, 0, 1, 0, 0, 0, 1),
            ["RightHand"] = CFrame.new(1.1920928955078125e-07, -1.1920928955078125e-07, 2.9802322387695312e-08, 0.7586250901222229, -0.4286394417285919, 0.49066925048828125, 0.5989117622375488, 0.7552844882011414, -0.2661767601966858, -0.25650107860565186, 0.49579599499702454, 0.8296949863433838),
            ["LeftUpperArm"] = CFrame.new(0, 2.384185791015625e-07, -7.450580596923828e-09, 0.5440971851348877, 0.07257732003927231, -0.8358772397041321, -0.6097744703292847, 0.7185142636299133, -0.334533154964447, 0.5763102769851685, 0.6917151212692261, 0.4351973831653595),
            ["RightLowerArm"] = CFrame.new(-5.960464477539063e-08, 1.1920928955078125e-07, 4.842877388000488e-08, 1, -0.000017255544662475586, 0.000010281802133249585, 0.00001718476414680481, 0.4738631546497345, -0.8805984854698181, 0.000010298565030097961, 0.8805984854698181, 0.47386324405670166),
            ["LeftHand"] = CFrame.new(2.980232238769531e-07, 1.1920928955078125e-07, -2.9802322387695312e-08, 0.9520956873893738, -0.26250848174095154, -0.1568540632724762, 0.2843320667743683, 0.9487265348434448, 0.13810637593269348, 0.11255749315023422, -0.17608913779258728, 0.9779179692268372),
            ["RightUpperLeg"] = CFrame.new(-1.4901161193847656e-07, 2.6496127247810364e-07, 1.0986695997416973e-09, 0.9467487335205078, 0.24006202816963196, -0.21456286311149597, -0.28148359060287476, 0.9406490325927734, -0.18959550559520721, 0.15631364285945892, 0.23989510536193848, 0.958131730556488),
            ["LeftUpperLeg"] = CFrame.new(0, 1.8347054719924927e-07, -9.313225746154785e-10, 0.8391005992889404, 0.1354731023311615, -0.5268372893333435, -0.4404752254486084, 0.7375220656394958, -0.5119011998176575, 0.31920525431632996, 0.6615952849388123, 0.6785276532173157),
            ["RightLowerLeg"] = CFrame.new(8.614733815193176e-08, -0.0007262229919433594, 0.000046009030484128743, 1, -1.1106025965545996e-07, -1.52504089356853e-08, 1.6042038453178975e-07, 0.851876437664032, 0.5237427949905396, -8.661304207180365e-08, -0.5237428545951843, 0.851876437664032),
            ["RightFoot"] = CFrame.new(-1.6123522073030472e-08, 1.1920928955078125e-07, 2.49783624894917e-08, 0.9641690254211426, -0.0043866983614861965, -0.26525256037712097, -0.07249342650175095, 0.9574515223503113, -0.2793410122394562, 0.2551918029785156, 0.2885609269142151, 0.9228270053863525),
            ["LeftLowerLeg"] = CFrame.new(-1.4901161193847656e-08, -0.0007264614105224609, 0.00008103251457214355, 1, 7.078051567077637e-08, 6.612391700855369e-08, -5.2154071283894154e-08, 0.37944045662879944, 0.9252162575721741, 4.0978196835794733e-08, -0.9252161979675293, 0.3794403374195099),
        }},
        {Time = 0.067, Data = {
            ["LeftFoot"] = CFrame.new(-4.281127985450439e-08, -5.960464477539063e-08, 3.094692146987654e-08, 0.9554526209831238, -0.17211097478866577, 0.23976640403270721, 0.2592620253562927, 0.8776440024375916, -0.4031435549259186, -0.14104428887367249, 0.4473465085029602, 0.8831689953804016),
            ["LeftLowerArm"] = CFrame.new(-2.384185791015625e-07, -2.384185791015625e-07, 2.9802322387695312e-08, 1, -7.4505820180093e-08, 1.4156105976326216e-07, 1.1920930376163597e-07, -0.23575903475284576, -0.9718115925788879, 1.0430814256778831e-07, 0.9718116521835327, -0.23575907945632935),
            ["LowerTorso"] = CFrame.new(0.10407465696334839, -0.16358709335327148, 0.011822506785392761, 0.9305371642112732, -0.29300615191459656, 0.21965433657169342, 0.29729804396629333, 0.9546818137168884, 0.014025275595486164, -0.21380946040153503, 0.05225176364183426, 0.9754769206047058),
            ["Head"] = CFrame.new(-9.313225746154785e-10, -2.384185791015625e-07, -1.0710209608078003e-08, 0.9822977185249329, 0.17462721467018127, -0.06779824197292328, -0.18461044132709503, 0.9638376235961914, -0.19218818843364716, 0.031785160303115845, 0.20130221545696259, 0.9790134429931641),
            ["RightUpperArm"] = CFrame.new(0, -2.384185791015625e-07, -1.862645149230957e-08, 0.553882896900177, -0.21165890991687775, -0.8052417635917664, 0.29793018102645874, 0.9534932971000671, -0.045696791261434555, 0.7774648070335388, -0.21459518373012543, 0.5911831259727478),
            ["UpperTorso"] = CFrame.new(3.119930624961853e-08, 8.940696716308594e-08, 6.28642737865448e-09, 0.908553957939148, 0.31836754083633423, -0.2705032229423523, -0.2992234230041504, 0.9477686882019043, 0.11045339703559875, 0.2915393114089966, -0.019411996006965637, 0.9563618898391724),
            ["HumanoidRootPart"] = CFrame.new(0, 0, 0, 1, 0, 0, 0, 1, 0, 0, 0, 1),
            ["RightHand"] = CFrame.new(0, 1.1920928955078125e-07, -1.043081283569336e-07, 0.8131252527236938, -0.3437599837779999, 0.4697408974170685, 0.501054584980011, 0.8240819573402405, -0.26425981521606445, -0.29626306891441345, 0.45024219155311584, 0.8423243165016174),
            ["LeftUpperArm"] = CFrame.new(5.960464477539063e-08, -2.384185791015625e-07, -7.450580596923828e-09, 0.6290934681892395, 0.10056216269731522, -0.7707974314689636, -0.5555538535118103, 0.7517238855361938, -0.3553467094898224, 0.5436923503875732, 0.651765763759613, 0.528772234916687),
            ["RightLowerArm"] = CFrame.new(-5.960464477539063e-08, 0, -1.4528632164001465e-07, 1, -0.00001677870750427246, 0.000010877847671508789, 0.000016763806343078613, 0.4046791195869446, -0.9144587516784668, 0.000010882969945669174, 0.9144588112831116, 0.40467914938926697),
            ["LeftHand"] = CFrame.new(1.1920928955078125e-07, -2.384185791015625e-07, -1.6391277313232422e-07, 0.9488681554794312, -0.2344113439321518, -0.2114253044128418, 0.26391586661338806, 0.9565560221672058, 0.12389189749956131, 0.17319847643375397, -0.17335554957389832, 0.9695103168487549),
            ["RightUpperLeg"] = CFrame.new(-2.9802322387695312e-08, -4.7963112592697144e-08, 7.617927622050047e-09, 0.9485836625099182, 0.24985377490520477, -0.1943250596523285, -0.2830880880355835, 0.9443153738975525, -0.16771890223026276, 0.14159898459911346, 0.21410644054412842, 0.966492772102356),
            ["LeftUpperLeg"] = CFrame.new(0, -4.0512531995773315e-08, 1.30385160446167e-08, 0.851998507976532, 0.1706751585006714, -0.49494293332099915, -0.4409279525279999, 0.7436350584030151, -0.502582848072052, 0.2822786867618561, 0.6464340090751648, 0.7088314890861511),
            ["RightLowerLeg"] = CFrame.new(8.009374141693115e-08, -0.000726163387298584, 0.00004603510751621798, 1, 1.6391287260830723e-07, 5.145559001107358e-08, -1.7043198852206842e-07, 0.8960331678390503, 0.4439872205257416, 5.5646509622420126e-08, -0.4439872205257416, 0.8960331678390503),
            ["RightFoot"] = CFrame.new(1.3737007975578308e-08, 5.960464477539063e-08, -2.6244379114359617e-08, 0.9680265188217163, 0.014895780012011528, -0.25040528178215027, -0.06046895310282707, 0.9826548099517822, -0.1753082424402237, 0.24345068633556366, 0.1848447471857071, 0.9521366953849792),
            ["LeftLowerLeg"] = CFrame.new(-5.4016709327697754e-08, -0.0007265806198120117, 0.00008098781108856201, 1, 2.1792958193600498e-07, 1.2386591663471336e-07, -1.825392246246338e-07, 0.4120336174964905, 0.9111688137054443, 1.0058283805847168e-07, -0.91116863489151, 0.4120333790779114),
        }},
        {Time = 0.100, Data = {
            ["LeftFoot"] = CFrame.new(1.1258975973760244e-08, -1.7881393432617188e-07, -3.406512405490503e-08, 0.960602879524231, -0.14676013588905334, 0.23601625859737396, 0.232828751206398, 0.8886728286743164, -0.39503371715545654, -0.15176598727703094, 0.4344215393066406, 0.8878315091133118),
            ["LeftLowerArm"] = CFrame.new(-1.4901161193847656e-07, 0, -1.4901161193847656e-07, 1, -5.960465898624534e-08, 1.0803343286625022e-07, 1.341104507446289e-07, -0.09800901263952255, -0.9951855540275574, 1.1920928955078125e-07, 0.9951856136322021, -0.09800896048545837),
            ["LowerTorso"] = CFrame.new(0.0692330002784729, -0.12070262432098389, 0.008260704576969147, 0.9368447065353394, -0.30171844363212585, 0.1768842190504074, 0.3033674359321594, 0.9526978731155396, 0.018307413905858994, -0.17404086887836456, 0.036509718745946884, 0.9840614795684814),
            ["Head"] = CFrame.new(-8.847564458847046e-09, -1.1920928955078125e-07, -2.3283064365386963e-09, 0.9967962503433228, 0.06621060520410538, -0.044872768223285675, -0.07285814732313156, 0.9831162095069885, -0.1678522378206253, 0.03300164267420769, 0.1705837845802307, 0.9847903847694397),
            ["RightUpperArm"] = CFrame.new(-5.960464477539063e-08, -1.1920928955078125e-07, -3.725290298461914e-09, 0.6393548250198364, -0.3147121071815491, -0.7015566825866699, 0.309863418340683, 0.94049072265625, -0.13950572907924652, 0.7037116885185242, -0.12819311022758484, 0.6988250613212585),
            ["UpperTorso"] = CFrame.new(4.377216100692749e-08, 2.384185791015625e-07, 0, 0.9047308564186096, 0.3651009798049927, -0.21946178376674652, -0.35530975461006165, 0.930965781211853, 0.08400910347700119, 0.23498307168483734, 0.001971268327906728, 0.9719974994659424),
            ["HumanoidRootPart"] = CFrame.new(0, 0, 0, 1, 0, 0, 0, 1, 0, 0, 0, 1),
            ["RightHand"] = CFrame.new(5.21540641784668e-08, 0, -8.568167686462402e-08, 0.870535135269165, -0.21739864349365234, 0.4414821267127991, 0.35340797901153564, 0.900483250617981, -0.25344207882881165, -0.34244921803474426, 0.37665361166000366, 0.8607325553894043),
            ["LeftUpperArm"] = CFrame.new(0, 1.1920928955078125e-07, 7.450580596923828e-09, 0.7457675337791443, 0.1393219381570816, -0.6514754295349121, -0.47312259674072266, 0.7992178797721863, -0.370682954788208, 0.4690265357494354, 0.5846710205078125, 0.6619471311569214),
            ["RightLowerArm"] = CFrame.new(1.1920928955078125e-07, 0, -1.043081283569336e-07, 1, -0.00001608580532774795, 0.000011727681339834817, 0.000016123058230732568, 0.3064155578613281, -0.9518978595733643, 0.000011704863936756738, 0.9518978595733643, 0.3064155876636505),
            ["LeftHand"] = CFrame.new(-1.7881393432617188e-07, 0, -1.6391277313232422e-07, 0.9405426383018494, -0.1912292093038559, -0.28073304891586304, 0.22679701447486877, 0.9688037037849426, 0.09991224110126495, 0.2528690993785858, -0.15764105319976807, 0.9545714259147644),
            ["RightUpperLeg"] = CFrame.new(0, 7.217749953269958e-08, 1.3205863069742918e-08, 0.9566335678100586, 0.2508212924003601, -0.1481248438358307, -0.2715185284614563, 0.9519630074501038, -0.1415775865316391, 0.10549860447645187, 0.1756563037633896, 0.9787822961807251),
            ["LeftUpperLeg"] = CFrame.new(-5.960464477539063e-08, 1.1315569281578064e-07, 0, 0.873963475227356, 0.20626817643642426, -0.44004690647125244, -0.42431145906448364, 0.7653328776359558, -0.4839685261249542, 0.23695506155490875, 0.6096878051757812, 0.7563949227333069),
            ["RightLowerLeg"] = CFrame.new(1.0896474123001099e-07, -0.0007260441780090332, 0.000046072360419202596, 1, 1.0523946514240379e-07, 9.313225746154785e-09, -6.891787762697277e-08, 0.9433633089065552, 0.33176136016845703, 1.3504179108281278e-08, -0.33176150918006897, 0.9433633685112),
            ["RightFoot"] = CFrame.new(6.658956408500671e-08, 5.960464477539063e-08, -1.3205863069742918e-08, 0.9700078964233398, 0.03911541774868965, -0.23990534245967865, -0.048551928251981735, 0.9982571601867676, -0.03354860842227936, 0.23817510902881622, 0.04419022798538208, 0.9702164530754089),
            ["LeftLowerLeg"] = CFrame.new(-2.0489096641540527e-08, -0.0007266402244567871, 0.00008099526166915894, 1, 3.445893241860176e-07, 1.9930295991343883e-07, -2.495944215752388e-07, 0.47153356671333313, 0.8818482160568237, 2.0489093799369584e-07, -0.8818480968475342, 0.4715333878993988),
        }},
        {Time = 0.133, Data = {
            ["LeftFoot"] = CFrame.new(3.775191714794346e-08, 5.960464477539063e-08, -2.401520760031417e-08, 0.964729905128479, -0.11744428426027298, 0.2355908751487732, 0.2000594437122345, 0.9087774753570557, -0.3661964535713196, -0.17109209299087524, 0.4004127085208893, 0.9002206325531006),
            ["LeftLowerArm"] = CFrame.new(0, -5.960464477539062e-07, -1.1920928955078125e-07, 1, -4.470348358154297e-08, 7.450579886381092e-08, 1.1920928955078125e-07, 0.03931610286235809, -0.9992268681526184, 1.1920928955078125e-07, 0.9992268681526184, 0.0393160842359066),
            ["LowerTorso"] = CFrame.new(0.0354609489440918, -0.07504582405090332, 0.004534110426902771, 0.9551628828048706, -0.2688729166984558, 0.12398146837949753, 0.26925650238990784, 0.9629672765731812, 0.013969858177006245, -0.12314621359109879, 0.020039327442646027, 0.9921861886978149),
            ["Head"] = CFrame.new(-1.437729224562645e-08, 0, -5.587935447692871e-09, 0.9989864230155945, -0.03762011602520943, -0.024718159809708595, 0.03392752259969711, 0.990155816078186, -0.13579575717449188, 0.029583459720015526, 0.1348193734884262, 0.9904285073280334),
            ["RightUpperArm"] = CFrame.new(-5.960464477539063e-08, 0, -7.450580596923828e-09, 0.7316820025444031, -0.41231676936149597, -0.5428042411804199, 0.33311977982521057, 0.9110355973243713, -0.24299274384975433, 0.5947039127349854, -0.003025458659976721, 0.8039392232894897),
            ["UpperTorso"] = CFrame.new(8.032657206058502e-09, 2.086162567138672e-07, -8.381903171539307e-09, 0.9202999472618103, 0.35838472843170166, -0.15687137842178345, -0.3549484610557556, 0.9335275888442993, 0.05037856101989746, 0.16449867188930511, 0.009317888878285885, 0.9863333702087402),
            ["HumanoidRootPart"] = CFrame.new(0, 0, 0, 1, 0, 0, 0, 1, 0, 0, 0, 1),
            ["RightHand"] = CFrame.new(1.4901161193847656e-08, -5.960464477539063e-08, 1.564621925354004e-07, 0.9082071781158447, -0.07148544490337372, 0.4123707413673401, 0.17951931059360504, 0.9565990567207336, -0.2295454442501068, -0.37806427478790283, 0.28250330686569214, 0.8816231489181519),
            ["LeftUpperArm"] = CFrame.new(5.960464477539063e-08, 0, 0, 0.8644322156906128, 0.1798097789287567, -0.46949490904808044, -0.3745957911014557, 0.8532010912895203, -0.3629407286643982, 0.33531323075294495, 0.4896084666252136, 0.804890513420105),
            ["RightLowerArm"] = CFrame.new(-5.960464477539063e-08, -3.5762786865234375e-07, -5.960464477539063e-08, 1, -0.000015370083929155953, 0.000012598933608387597, 0.000015305357010220177, 0.19491687417030334, -0.9808197617530823, 0.000012639911801670678, 0.980819821357727, 0.19491687417030334),
            ["LeftHand"] = CFrame.new(2.9802322387695312e-08, -5.960464477539063e-08, -2.9802322387695312e-08, 0.9273823499679565, -0.13708898425102234, -0.3480931222438812, 0.17009124159812927, 0.983220100402832, 0.06593374162912369, 0.3332131803035736, -0.12035327404737473, 0.9351385235786438),
            ["RightUpperLeg"] = CFrame.new(0, 7.986091077327728e-08, -1.1008523870259523e-08, 0.9735634922981262, 0.20957395434379578, -0.09084586799144745, -0.2218385487794876, 0.9622880816459656, -0.15744633972644806, 0.0544232502579689, 0.1734369844198227, 0.9833400845527649),
            ["LeftUpperLeg"] = CFrame.new(2.9802322387695312e-08, 2.4295877665281296e-07, -3.725290298461914e-09, 0.9125535488128662, 0.21722820401191711, -0.34649398922920227, -0.36441630125045776, 0.8164492845535278, -0.4478965401649475, 0.18559911847114563, 0.5349976420402527, 0.8242152333259583),
            ["RightLowerLeg"] = CFrame.new(-2.7939677238464355e-08, -0.0007266998291015625, 0.00004607608570950106, 1, -1.4901162970204496e-08, -9.778884368927265e-09, 4.470347292340193e-08, 0.9572739601135254, 0.2891826629638672, 1.0244545656235005e-08, -0.28918278217315674, 0.9572739601135254),
            ["RightFoot"] = CFrame.new(-1.909211277961731e-08, 5.960464477539063e-08, 4.0236045606434345e-09, 0.9709147810935974, 0.059818629175424576, -0.23183253407478333, -0.043190620839595795, 0.9961604475975037, 0.076152004301548, 0.2354976236820221, -0.06392409652471542, 0.9697704315185547),
            ["LeftLowerLeg"] = CFrame.new(5.960464477539063e-08, -0.0007266998291015625, 0.00008101388812065125, 1, 6.332994928470725e-08, 0, -1.4901164746561335e-08, 0.5769413709640503, 0.8167855739593506, 1.4901164746561335e-08, -0.8167855143547058, 0.5769413709640503),
        }},
        {Time = 0.167, Data = {
            ["LeftFoot"] = CFrame.new(4.070551540280576e-08, -1.1920928955078125e-07, 2.3890834199846722e-08, 0.9675214290618896, -0.08979059010744095, 0.23630467057228088, 0.16224375367164612, 0.937421441078186, -0.30808794498443604, -0.19385364651679993, 0.33642062544822693, 0.9215432405471802),
            ["LeftLowerArm"] = CFrame.new(3.8743019104003906e-07, 2.384185791015625e-07, 1.1920928955078125e-07, 1, -8.568167686462402e-08, 9.685754776000977e-08, 6.332993507385254e-08, 0.15436050295829773, -0.9880146384239197, 1.4901161193847656e-08, 0.9880145788192749, 0.1543605476617813),
            ["LowerTorso"] = CFrame.new(0.007240623235702515, -0.037326812744140625, 0.00148086529225111, 0.9802831411361694, -0.18693672120571136, 0.0640297383069992, 0.1869693547487259, 0.9823501706123352, 0.005535787902772427, -0.06393446773290634, 0.006544956937432289, 0.9979327321052551),
            ["Head"] = CFrame.new(9.546056389808655e-09, 1.1920928955078125e-07, 1.979060471057892e-09, 0.9936577081680298, -0.11210227012634277, -0.00879948865622282, 0.11058078706264496, 0.9883667826652527, -0.10441790521144867, 0.020402608439326286, 0.1027824878692627, 0.994494616985321),
            ["RightUpperArm"] = CFrame.new(5.960464477539063e-08, -1.1920928955078125e-07, 1.862645149230957e-09, 0.8129804730415344, -0.47611451148986816, -0.33522793650627136, 0.3675197958946228, 0.8661045432090759, -0.33880987763404846, 0.45165470242500305, 0.15224291384220123, 0.879107654094696),
            ["UpperTorso"] = CFrame.new(-1.1193333193659782e-07, -5.960464477539063e-08, -2.7939677238464355e-09, 0.9571459889411926, 0.277354896068573, -0.0833408460021019, -0.2768297493457794, 0.9607499241828918, 0.018026946112513542, 0.08506957441568375, 0.00581680191680789, 0.9963580369949341),
            ["HumanoidRootPart"] = CFrame.new(0, 0, 0, 1, 0, 0, 0, 1, 0, 0, 0, 1),
            ["RightHand"] = CFrame.new(0, -1.1920928955078125e-07, -1.3783574104309082e-07, 0.9191293716430664, 0.06379669904708862, 0.38875612616539, 0.013301879167556763, 0.9812125563621521, -0.19247101247310638, -0.3937312960624695, 0.18207693099975586, 0.9010124802589417),
            ["LeftUpperArm"] = CFrame.new(-5.960464477539063e-08, 0, 0, 0.9493885636329651, 0.21404513716697693, -0.2298828661441803, -0.28164389729499817, 0.9041153192520142, -0.3213289678096771, 0.13906171917915344, 0.3698112368583679, 0.9186411499977112),
            ["RightLowerArm"] = CFrame.new(-5.960464477539063e-08, -2.384185791015625e-07, -1.4901161193847656e-07, 1, -0.000014662744433735497, 0.000013401731848716736, 0.000014692546756123193, 0.08729039132595062, -0.996182918548584, 0.00001344084921583999, 0.996182918548584, 0.08729039877653122),
            ["LeftHand"] = CFrame.new(-7.450580596923828e-08, 0, -1.4901161193847656e-07, 0.9138738512992859, -0.07591243088245392, -0.39883822202682495, 0.09148182719945908, 0.9956035017967224, 0.02011869288980961, 0.3955574035644531, -0.05487237125635147, 0.9168006777763367),
            ["RightUpperLeg"] = CFrame.new(-8.940696716308594e-08, 1.1843803804367781e-07, 1.673470251262188e-10, 0.9919053912162781, 0.12410153448581696, -0.026881899684667587, -0.12686549127101898, 0.95957350730896, -0.25124499201774597, -0.005384734366089106, 0.2526213824748993, 0.9675502777099609),
            ["LeftUpperLeg"] = CFrame.new(-1.4901161193847656e-07, 1.0564690455794334e-07, -3.725290298461914e-09, 0.9577993750572205, 0.18326519429683685, -0.22143685817718506, -0.2574204206466675, 0.8896628022193909, -0.3771403729915619, 0.12788741290569305, 0.4182271361351013, 0.8992946743965149),
            ["RightLowerLeg"] = CFrame.new(4.0978193283081055e-08, -0.0007262825965881348, 0.00004607981099979952, 1, -4.4703497792397684e-08, -4.6566128730773926e-09, 2.0489101970611046e-08, 0.9171476364135742, 0.39854753017425537, -1.1175873559921001e-08, -0.3985477089881897, 0.917147696018219),
            ["RightFoot"] = CFrame.new(-2.1886080503463745e-08, 0, 2.6266206987202168e-09, 0.9714221358299255, 0.07508496195077896, -0.22516970336437225, -0.05434960871934891, 0.9938071370124817, 0.09692009538412094, 0.23105241358280182, -0.08191236108541489, 0.9694871306419373),
            ["LeftLowerLeg"] = CFrame.new(-9.313225746154785e-09, -0.0007265210151672363, 0.00008103623986244202, 1, 5.960465188081798e-08, 1.862645326866641e-08, -6.146728992462158e-08, 0.722300112247467, 0.6915798187255859, 1.862645149230957e-08, -0.6915797591209412, 0.7222999930381775),
        }},
        {Time = 0.200, Data = {
            ["LeftFoot"] = CFrame.new(5.117307466662169e-08, 5.960464477539063e-08, 3.158902472932823e-09, 0.9691084027290344, -0.06674487888813019, 0.23743262887001038, 0.1244586855173111, 0.9634674787521362, -0.23715122044086456, -0.21293002367019653, 0.2593756318092346, 0.9420112371444702),
            ["LeftLowerArm"] = CFrame.new(-2.9802322387695312e-08, -1.1920928955078125e-07, -2.9802322387695312e-08, 1, -5.587936158235607e-08, 1.0969235120228404e-07, 9.126962652317161e-08, 0.2350560873746872, -0.9719818234443665, 5.7742006731587026e-08, 0.9719818234443665, 0.2350560575723648),
            ["LowerTorso"] = CFrame.new(-0.01971989870071411, -0.020860910415649414, -1.1568157542996005e-10, 0.9961947202682495, -0.08715574443340302, -1.1710143965615316e-08, 0.08715574443340302, 0.9961947202682495, -5.112759104974884e-10, 1.1710143965615316e-08, -5.112759104974884e-10, 1),
            ["Head"] = CFrame.new(-7.450580596923828e-09, 0, 0, 0.9863904714584351, -0.16427935659885406, 0.006796534173190594, 0.16424432396888733, 0.9825853705406189, -0.08689045161008835, 0.0075961328111588955, 0.08682411164045334, 0.9961947202682495),
            ["RightUpperArm"] = CFrame.new(-1.1920928955078125e-07, 0, 2.220446049250313e-16, 0.8690691590309143, -0.48511698842048645, -0.09685312211513519, 0.40808388590812683, 0.8137094974517822, -0.4139377772808075, 0.2796185612678528, 0.3202163577079773, 0.9051380753517151),
            ["UpperTorso"] = CFrame.new(1.4901161193847656e-08, 3.5762786865234375e-07, 1.1102230246251565e-16, 0.9863646030426025, 0.16457495093345642, 7.974483295924983e-09, -0.16457495093345642, 0.9863646030426025, -3.5176156432115135e-10, -7.92363863411083e-09, -9.654348431809012e-10, 1),
            ["HumanoidRootPart"] = CFrame.new(0, 0, 0, 1, 0, 0, 0, 1, 0, 0, 0, 1),
            ["RightHand"] = CFrame.new(7.450580596923828e-08, -1.1920928955078125e-07, 5.960464477539063e-08, 0.913634181022644, 0.15904174745082855, 0.37413686513900757, -0.11161323636770248, 0.9830667972564697, -0.14533449709415436, -0.39091572165489197, 0.09102397412061691, 0.9159146547317505),
            ["LeftUpperArm"] = CFrame.new(0, 0, 5.551115123125783e-17, 0.9698939323425293, 0.2395634949207306, 0.04376188665628433, -0.22150617837905884, 0.9425016045570374, -0.2502515912055969, -0.10119680315256119, 0.23302394151687622, 0.9671913385391235),
            ["RightLowerArm"] = CFrame.new(1.1920928955078125e-07, 1.1920928955078125e-07, -5.960464477539063e-08, 1, -0.000014178454875946045, 0.000014223158359527588, 0.000014267863662098534, 2.0116567611694336e-07, -1, 0.000014267863662098534, 1, 2.4586915969848633e-07),
            ["LeftHand"] = CFrame.new(-9.685754776000977e-08, 5.960464477539063e-08, 1.5512341633439064e-07, 0.9072673320770264, -0.009073776192963123, -0.42045658826828003, -0.009791545569896698, 0.9990404844284058, -0.042688414454460144, 0.4204404056072235, 0.04284672439098358, 0.9063078165054321),
            ["RightUpperLeg"] = CFrame.new(8.940696716308594e-08, -1.0058278832048018e-07, -7.275957614183426e-12, 0.9975716471672058, 0.03574394807219505, 0.05977732315659523, -0.01216530054807663, 0.9344956278800964, -0.3557669520378113, -0.06857816874980927, 0.35417571663856506, 0.9326609969139099),
            ["LeftUpperLeg"] = CFrame.new(-5.960464477539063e-08, 1.043081283569336e-07, -5.551115123125783e-17, 0.9885339736938477, 0.11184650659561157, -0.1014445424079895, -0.1360328048467636, 0.9512535333633423, -0.2767883837223053, 0.06554164737462997, 0.28741446137428284, 0.9555612206459045),
            ["RightLowerLeg"] = CFrame.new(-6.146728992462158e-08, -0.0007264614105224609, 0.00004609843745129183, 1, -2.7939684343891713e-08, -1.4901162970204496e-08, 1.6763806343078613e-08, 0.8398882746696472, 0.5427592396736145, -7.450580596923828e-09, -0.5427592992782593, 0.8398884534835815),
            ["RightFoot"] = CFrame.new(-5.122274160385132e-09, -1.7881393432617188e-07, -3.742025000974536e-08, 0.9715821743011475, 0.09002481400966644, -0.21891461312770844, -0.07755457609891891, 0.9948720335960388, 0.06492257118225098, 0.2236366868019104, -0.04610000178217888, 0.973581850528717),
            ["LeftLowerLeg"] = CFrame.new(1.4901161193847656e-08, -0.0007264614105224609, 0.0000809989869594574, 1, 9.685753354915505e-08, 3.073364140959711e-08, -8.940695295223122e-08, 0.8521296977996826, 0.5233309864997864, 1.955777229056821e-08, -0.5233307480812073, 0.8521294593811035),
        }},
        {Time = 0.233, Data = {
            ["LeftFoot"] = CFrame.new(5.923647705685653e-08, -1.1920928955078125e-07, 8.315119259805215e-09, 0.9698178172111511, -0.046947136521339417, 0.23926851153373718, 0.09503811597824097, 0.9764621257781982, -0.19362148642539978, -0.22454673051834106, 0.21051746606826782, 0.9514522552490234),
            ["LeftLowerArm"] = CFrame.new(5.960464477539063e-08, 5.960464477539063e-08, 4.470348358154297e-08, 1, -8.940696716308594e-08, 6.705523247774181e-08, 7.82310962677002e-08, 0.2938750982284546, -0.9558439254760742, -3.725290298461914e-09, 0.9558438658714294, 0.2938750982284546),
            ["LowerTorso"] = CFrame.new(-0.04885755851864815, -0.033334970474243164, 0.0005941842682659626, 0.9979245662689209, 0.003003087593242526, -0.06432554125785828, -0.003165784990414977, 0.9999921321868896, -0.002427504165098071, 0.0643177330493927, 0.002626106608659029, 0.9979261159896851),
            ["Head"] = CFrame.new(1.0717485565692186e-08, 0, 2.3283064365386963e-10, 0.9778789281845093, -0.20769737660884857, 0.02479507401585579, 0.20911021530628204, 0.9735814332962036, -0.09171751886606216, -0.005090530961751938, 0.09487342089414597, 0.9954763650894165),
            ["RightUpperArm"] = CFrame.new(1.1920928955078125e-07, 0, 4.656612873077393e-10, 0.8829362392425537, -0.4438295364379883, 0.15309803187847137, 0.46072232723236084, 0.7563444972038269, -0.4644114673137665, 0.09032464772462845, 0.4805814325809479, 0.8722860813140869),
            ["UpperTorso"] = CFrame.new(2.255546860396862e-10, 1.4901161193847656e-07, 2.3283064365386963e-10, 0.9942083358764648, 0.06456950306892395, 0.08591023832559586, -0.06511476635932922, 0.997871458530426, 0.0035570068284869194, -0.08549769967794418, -0.009130432270467281, 0.9962965250015259),
            ["HumanoidRootPart"] = CFrame.new(0, 0, 0, 1, 0, 0, 0, 1, 0, 0, 0, 1),
            ["RightHand"] = CFrame.new(-3.0547380447387695e-07, 0, 1.1920928955078125e-07, 0.9116857051849365, 0.2139555811882019, 0.3507881164550781, -0.19328047335147858, 0.9766896367073059, -0.09338157624006271, -0.3625907301902771, 0.01733410358428955, 0.9317873120307922),
            ["LeftUpperArm"] = CFrame.new(5.960464477539063e-08, 0, 3.4924596548080444e-09, 0.9163936376571655, 0.24389225244522095, 0.31739455461502075, -0.19900959730148315, 0.9655954241752625, -0.1673942357301712, -0.34730082750320435, 0.09023445844650269, 0.9334022998809814),
            ["RightLowerArm"] = CFrame.new(5.960464477539063e-08, 0, -7.450580596923828e-08, 1, -0.000013962389857624657, 0.000014986846508691087, 0.000014007091522216797, -0.06902928650379181, -0.9976147413253784, 0.000014975666999816895, 0.9976146817207336, -0.0690293163061142),
            ["LeftHand"] = CFrame.new(-1.1920928955078125e-07, -1.1920928955078125e-07, -3.0547380447387695e-07, 0.9032654762268066, 0.06428057700395584, -0.42424002289772034, -0.13000281155109406, 0.983241081237793, -0.1278139054775238, 0.4089142382144928, 0.17060227692127228, 0.8964843153953552),
            ["RightUpperLeg"] = CFrame.new(2.9802322387695312e-08, 2.7808710001409054e-08, 3.776222001761198e-09, 0.986644983291626, -0.029619047418236732, 0.16017039120197296, 0.09747021645307541, 0.895202100276947, -0.43487122654914856, -0.13050436973571777, 0.44467514753341675, 0.8861334323883057),
            ["LeftUpperLeg"] = CFrame.new(-1.1920928955078125e-07, 3.519380697980523e-08, 3.6088749766349792e-09, 0.9996315836906433, 0.02588292397558689, -0.008173592388629913, -0.02697575092315674, 0.9807249307632446, -0.1935228556394577, 0.0030071393121033907, 0.19367194175720215, 0.9810617566108704),
            ["RightLowerLeg"] = CFrame.new(-5.4016709327697754e-08, -0.0007263422012329102, 0.000046053733967710286, 1, -9.685756197086448e-08, -4.097820394122209e-08, 1.0058285937475375e-07, 0.7461342215538025, 0.6657951474189758, -5.215407838932151e-08, -0.665795624256134, 0.7461346387863159),
            ["RightFoot"] = CFrame.new(1.7695128917694092e-08, 1.7881393432617188e-07, -9.480572771281004e-09, 0.9709840416908264, 0.10718191415071487, -0.21378111839294434, -0.11109459400177002, 0.9937896728515625, -0.006338164210319519, 0.21177397668361664, 0.029904302209615707, 0.9768610000610352),
            ["LeftLowerLeg"] = CFrame.new(1.862645149230957e-09, -0.0007269978523254395, 0.00008102133870124817, 1, 3.166496753692627e-08, -1.8626447051417472e-09, -3.5390250729960826e-08, 0.9177617430686951, 0.39713096618652344, 1.8626447051417472e-09, -0.39713144302368164, 0.9177619218826294),
        }},
        {Time = 0.267, Data = {
            ["LeftFoot"] = CFrame.new(3.2235906388677904e-08, 5.960464477539063e-08, 2.121361220019935e-08, 0.9697985053062439, -0.029230013489723206, 0.24215014278888702, 0.0799465999007225, 0.9760417342185974, -0.20236366987228394, -0.2304334044456482, 0.21561111509799957, 0.948900580406189),
            ["LeftLowerArm"] = CFrame.new(-2.9802322387695312e-08, -1.7881393432617188e-07, -1.1920928955078125e-07, 1, -3.725290298461914e-08, 7.823110337312755e-08, 1.3783575525394554e-07, 0.3474704921245575, -0.9376909136772156, 5.2154071283894154e-08, 0.9376909732818604, 0.3474705219268799),
            ["LowerTorso"] = CFrame.new(-0.07864879071712494, -0.06737744808197021, 0.003112824633717537, 0.9890729784965515, 0.07799644768238068, -0.12510548532009125, -0.0791042372584343, 0.9968587160110474, -0.0039039829280227423, 0.12440801411867142, 0.013757695443928242, 0.992135763168335),
            ["Head"] = CFrame.new(1.6152625903487206e-08, -1.1920928955078125e-07, -4.423782229423523e-09, 0.9683356285095215, -0.24561604857444763, 0.0447111651301384, 0.24920441210269928, 0.961693525314331, -0.11420486122369766, -0.014947764575481415, 0.12173071503639221, 0.9924505949020386),
            ["RightUpperArm"] = CFrame.new(-5.960464477539063e-08, -2.384185791015625e-07, -3.725290298461914e-09, 0.8430361747741699, -0.3675268292427063, 0.3927009403705597, 0.5296697616577148, 0.6941989660263062, -0.4873785376548767, -0.09348790347576141, 0.6188795566558838, 0.7799026370048523),
            ["UpperTorso"] = CFrame.new(-3.050081431865692e-08, 1.4901161193847656e-07, 0, 0.9860972762107849, -0.015599889680743217, 0.1654355525970459, 0.011441846378147602, 0.9995949864387512, 0.026057299226522446, -0.16577525436878204, -0.023802146315574646, 0.9858763217926025),
            ["HumanoidRootPart"] = CFrame.new(0, 0, 0, 1, 0, 0, 0, 1, 0, 0, 0, 1),
            ["RightHand"] = CFrame.new(-4.470348358154297e-08, -1.1920928955078125e-07, 2.384185791015625e-07, 0.9183443188667297, 0.25007981061935425, 0.30676355957984924, -0.24994924664497375, 0.9674159288406372, -0.040394920855760574, -0.3068699538707733, -0.039578795433044434, 0.950928270816803),
            ["LeftUpperArm"] = CFrame.new(5.960464477539063e-08, -1.1920928955078125e-07, -3.725290298461914e-09, 0.8047575354576111, 0.2152996063232422, 0.5531830787658691, -0.20053677260875702, 0.9757243990898132, -0.08801721781492233, -0.5587042570114136, -0.04010098800063133, 0.8283969759941101),
            ["RightLowerArm"] = CFrame.new(-2.384185791015625e-07, -1.1920928955078125e-07, 1.7881393432617188e-07, 1, -0.000013798473446513526, 0.000015623867511749268, 0.00001379847526550293, -0.1308513879776001, -0.9914020895957947, 0.0000157281756401062, 0.9914020299911499, -0.1308513581752777),
            ["LeftHand"] = CFrame.new(8.195638656616211e-08, 0, 1.2665987014770508e-07, 0.8914220333099365, 0.13876460492610931, -0.43140608072280884, -0.25540342926979065, 0.9402129650115967, -0.2253192961215973, 0.3743472397327423, 0.31103718280792236, 0.8735674023628235),
            ["RightUpperLeg"] = CFrame.new(-8.940696716308594e-08, 8.987262845039368e-08, -1.2405507732182741e-08, 0.9626408219337463, -0.07135950028896332, 0.2612098753452301, 0.19480034708976746, 0.8525445461273193, -0.48499563336372375, -0.18808403611183167, 0.5177602767944336, 0.8345949649810791),
            ["LeftUpperLeg"] = CFrame.new(0, 6.187474355101585e-08, 1.0710209608078003e-08, 0.9963778257369995, -0.05460440367460251, 0.06518937647342682, 0.06467045843601227, 0.9843502044677734, -0.1639280766248703, -0.05521797761321068, 0.16755010187625885, 0.9843159914016724),
            ["RightLowerLeg"] = CFrame.new(-1.210719347000122e-07, -0.000726163387298584, 0.000046090986870694906, 1, -1.8440186977386475e-07, -5.5879340266073996e-08, 1.6018749704471702e-07, 0.6490969657897949, 0.7607054114341736, -9.313227167240257e-08, -0.7607057094573975, 0.6490972638130188),
