return {
    ["Hard Whip"] = {
        {Time = 0.000, Data = {
            ["LeftFoot"] = CFrame.new(-1.7229467630386353e-08, 1.7881393432617188e-07, 2.246815711259842e-08, 0.9987623691558838, -0.023408666253089905, 0.04388369247317314, 0.035162732005119324, 0.9563356637954712, -0.29014742374420166, -0.035175442695617676, 0.2913316488265991, 0.9559752941131592),
            ["LeftLowerArm"] = CFrame.new(-2.9802322387695312e-08, 1.1920928955078125e-07, -7.450580596923828e-08, 1, -1.341104365337742e-07, 7.264316082000732e-08, 4.4703490686970326e-08, -0.19122378528118134, -0.9815465211868286, 9.965152969471092e-08, 0.9815464615821838, -0.19122381508350372),
            ["RightUpperArm"] = CFrame.new(0.006551146507263184, -0.03287184238433838, -0.1559571921825409, 0.23453859984874725, -0.30107980966567993, -0.9243066310882568, -0.08616030961275101, 0.9406477808952332, -0.32826554775238037, 0.9682809710502625, 0.15662947297096252, 0.19467702507972717),
            ["Head"] = CFrame.new(1.8469492601980164e-09, 0, -3.725290298461914e-09, 0.4909440577030182, 0.003642681520432234, 0.8711835145950317, -0.0036488743498921394, 0.9999911189079285, -0.0021251291036605835, -0.871183454990387, -0.002135572489351034, 0.4909529983997345),
            ["LowerTorso"] = CFrame.new(-9.181453819451235e-09, -0.0608060359954834, 0.060806021094322205, 0.29029345512390137, -0.15120947360992432, -0.9449155926704407, -1.6396533908391575e-08, 0.9874368906021118, -0.15801392495632172, 0.9569377303123474, 0.04587043076753616, 0.28664645552635193),
            ["UpperTorso"] = CFrame.new(-5.220357479629456e-11, 1.4901161193847656e-07, 9.313225746154785e-09, 1, -6.96406488032153e-09, -2.5164196060245558e-08, 1.6725554274898968e-09, 0.9987329840660095, -0.05032481253147125, 2.1168988784125986e-09, 0.050324805080890656, 0.9987329244613647),
            ["HumanoidRootPart"] = CFrame.new(0, 0, 0, 1, 0, 0, 0, 1, 0, 0, 0, 1),
            ["LeftUpperLeg"] = CFrame.new(0, 2.253800630569458e-07, -5.960464477539063e-08, 0.9133121967315674, 0.110420361161232, 0.39200520515441895, -0.08736088871955872, 0.9932547807693481, -0.07624350488185883, -0.39778000116348267, 0.035388097167015076, 0.9167981743812561),
            ["LeftUpperArm"] = CFrame.new(0.01965165138244629, 0.03520047664642334, -0.08048155903816223, 0.7435019016265869, -0.1363866925239563, 0.654678225517273, 0.0030611460097134113, 0.9796656370162964, 0.20061366260051727, -0.6687268614768982, -0.14715257287025452, 0.7288007736206055),
            ["RightLowerArm"] = CFrame.new(-8.940696716308594e-08, 3.5762786865234375e-07, -2.668239176273346e-07, 1, -8.381903171539307e-08, 1.4901161193847656e-08, 9.685754776000977e-08, 0.4753820598125458, -0.8797794580459595, 5.21540641784668e-08, 0.8797794580459595, 0.47538208961486816),
            ["LeftHand"] = CFrame.new(8.940696716308594e-08, -5.960464477539063e-08, 1.341104507446289e-07, 0.9999680519104004, 0.007999272085726261, -1.1175869119028903e-08, -0.00799921527504921, 0.9999679923057556, 3.352760913344355e-08, 9.313225746154785e-09, 1.1175869119028903e-08, 1),
            ["RightFoot"] = CFrame.new(-6.05359673500061e-08, -5.960464477539063e-08, -6.909249350428581e-08, 0.9898425936698914, 0.10294796526432037, -0.09804807603359222, -0.09545113891363144, 0.9923487305641174, 0.07831499725580215, 0.1053600087761879, -0.06816085427999496, 0.9920954704284668),
            ["RightHand"] = CFrame.new(2.9802322387695312e-08, 0, -2.0116567611694336e-07, 1, -2.2351745343485163e-08, 7.450580596923828e-09, -3.166496753692627e-08, 1, 1.4901161193847656e-08, 0, 0, 1),
            ["RightLowerLeg"] = CFrame.new(1.1920928955078125e-07, 3.5762786865234375e-07, 1.8256832845509052e-07, 1, 8.009376983864058e-08, 8.195640788244418e-08, -1.0430814256778831e-07, -0.12210395187139511, 0.992517352104187, 9.685756197086448e-08, -0.9925174117088318, -0.12210386991500854),
            ["RightUpperLeg"] = CFrame.new(0, 2.7939677238464355e-08, 1.3408134691417217e-07, 0.8531783819198608, -0.5051918625831604, -0.12987582385540009, 0.32746556401252747, 0.7125529646873474, -0.6205117106437683, 0.406020849943161, 0.48687732219696045, 0.7733676433563232),
            ["LeftLowerLeg"] = CFrame.new(-5.960464477539063e-08, -1.7881393432617188e-07, -8.381903171539307e-09, 1, 4.2840859748594085e-08, 6.519259443393821e-08, -4.842878098543224e-08, 0.8689426183700562, 0.4949127435684204, -6.891787762697277e-08, -0.4949130415916443, 0.8689427375793457),
        }},
        {Time = 0.033, Data = {
            ["LeftFoot"] = CFrame.new(-1.6763806343078613e-08, 1.1920928955078125e-07, 3.073364496231079e-08, 0.9987686276435852, -0.023776596412062645, 0.043542418628931046, 0.03500056639313698, 0.9597170352935791, -0.2787795960903168, -0.03516009822487831, 0.27996066212654114, 0.959367573261261),
            ["LeftLowerArm"] = CFrame.new(0, 5.960464477539063e-08, -1.1175870895385742e-07, 1, -6.332992086299782e-08, 6.705521116145974e-08, 2.607702853651972e-08, -0.17958132922649384, -0.9837431311607361, 7.636844401304188e-08, 0.9837431311607361, -0.17958135902881622),
            ["RightUpperArm"] = CFrame.new(0.006551146507263184, -0.03287172317504883, -0.1559571921825409, 0.26123419404029846, -0.2909185588359833, -0.9203929305076599, -0.0846911147236824, 0.942918062210083, -0.3220761716365814, 0.9615530371665955, 0.1620863676071167, 0.2216842621564865),
            ["Head"] = CFrame.new(-5.587935447692871e-09, -3.5762786865234375e-07, 3.725290298461914e-08, 0.48956534266471863, -0.004187352489680052, 0.8719566464424133, -0.0019823750481009483, 0.999980628490448, 0.005915035493671894, -0.8719643950462341, -0.004624423570930958, 0.4895475208759308),
            ["LowerTorso"] = CFrame.new(-9.239456311149752e-09, -0.05771815776824951, 0.0617184080183506, 0.29018276929855347, -0.14981763064861298, -0.9451712965965271, -0.004471677355468273, 0.9874463677406311, -0.15789145231246948, 0.9569608569145203, 0.05004388466477394, 0.2858699858188629),
            ["UpperTorso"] = CFrame.new(-4.6566128730773926e-09, -2.9802322387695312e-08, 5.587935447692871e-09, 1, -1.0244549208948683e-08, -1.2048988473623012e-08, 7.450581485102248e-09, 0.9987331032752991, -0.050322480499744415, 2.2060705262560987e-08, 0.05032247677445412, 0.9987330436706543),
            ["HumanoidRootPart"] = CFrame.new(0, 0, 0, 1, 0, 0, 0, 1, 0, 0, 0, 1),
            ["LeftUpperLeg"] = CFrame.new(5.960464477539063e-08, 1.1175870895385742e-08, -6.705522537231445e-08, 0.9132168889045715, 0.10158151388168335, 0.39460888504981995, -0.08370810747146606, 0.9945411086082458, -0.062297917902469635, -0.39878296852111816, 0.023859400302171707, 0.9167349338531494),
            ["LeftUpperArm"] = CFrame.new(0.019651591777801514, 0.03520047664642334, -0.0804816484451294, 0.7453842759132385, -0.1280953735113144, 0.6542123556137085, 0.0006667599664069712, 0.9815079569816589, 0.19142040610313416, -0.666634738445282, -0.1422455608844757, 0.731685996055603),
            ["RightLowerArm"] = CFrame.new(5.960464477539063e-08, 5.960464477539063e-08, 1.955777406692505e-08, 1, -1.2386588821300393e-07, 4.470348358154297e-08, 7.450580596923828e-08, 0.39221614599227905, -0.9198731184005737, 8.940696716308594e-08, 0.919873058795929, 0.39221617579460144),
            ["LeftHand"] = CFrame.new(8.940696716308594e-08, -5.960464477539063e-08, -7.450580596923828e-09, 0.9999680519104004, 0.007999236695468426, 0, -0.007999291643500328, 0.9999680519104004, 1.1175869119028903e-08, -1.4901161193847656e-08, 7.4505797087454084e-09, 1),
            ["RightFoot"] = CFrame.new(1.862645149230957e-08, 5.960464477539063e-08, -3.92901711165905e-08, 0.9911988973617554, 0.09673113375902176, -0.09037691354751587, -0.0924881100654602, 0.9944564700126648, 0.050022758543491364, 0.0947144404053688, -0.04122404381632805, 0.9946506023406982),
            ["RightHand"] = CFrame.new(2.2351741790771484e-08, 0, -1.341104507446289e-07, 1, -3.3993277526178645e-08, 3.725290653733282e-08, -7.916242772409987e-09, 1, 3.725290742551124e-09, 7.450581485102248e-09, 5.587936335871291e-09, 1),
            ["RightLowerLeg"] = CFrame.new(-7.450580596923828e-08, 0, -2.1603773348033428e-07, 1, 7.636845111846924e-08, 1.266598985694145e-07, -7.4505820180093e-08, -0.1674635261297226, 0.9858783483505249, 9.685756907629184e-08, -0.9858782887458801, -0.1674635410308838),
            ["RightUpperLeg"] = CFrame.new(-5.960464477539063e-08, 1.8440186977386475e-07, 5.957554094493389e-08, 0.8549329042434692, -0.502682089805603, -0.12806516885757446, 0.3159647583961487, 0.7004193663597107, -0.6399837136268616, 0.41140758991241455, 0.5066789388656616, 0.7576411962509155),
            ["LeftLowerLeg"] = CFrame.new(-4.0978193283081055e-08, 4.172325134277344e-07, -6.51925802230835e-08, 1, 6.519260153936557e-08, 1.0849910836441268e-07, -5.4016709327697754e-08, 0.8807034492492676, 0.4736676812171936, -7.078051567077637e-08, -0.47366803884506226, 0.8807037472724915),
        }},
        {Time = 0.067, Data = {
            ["LeftFoot"] = CFrame.new(-3.585591912269592e-08, 0, -3.725290298461914e-09, 0.9987713098526001, -0.023937204852700233, 0.04339343681931496, 0.03378640487790108, 0.9694727063179016, -0.24286030232906342, -0.03625542297959328, 0.2440280318260193, 0.9690902829170227),
            ["LeftLowerArm"] = CFrame.new(0, -2.384185791015625e-07, -7.078051567077637e-08, 1, -9.872019290924072e-08, 6.891787762697277e-08, 4.470348358154297e-08, -0.14630509912967682, -0.989239513874054, 1.1385418474674225e-07, 0.989239513874054, -0.1463051438331604),
            ["RightUpperArm"] = CFrame.new(0.006551146507263184, -0.03287148475646973, -0.15595728158950806, 0.31708571314811707, -0.26569777727127075, -0.9104182720184326, -0.07905183732509613, 0.9492098093032837, -0.3045513927936554, 0.9450966119766235, 0.1685391664505005, 0.2799769341945648),
            ["Head"] = CFrame.new(-2.2351741790771484e-08, 1.1920928955078125e-07, 1.862645149230957e-08, 0.48655855655670166, -0.02322608232498169, 0.8733391761779785, 0.0021173858549445868, 0.9996749758720398, 0.0254061259329319, -0.8736454248428345, -0.010512415319681168, 0.48644959926605225),
            ["LowerTorso"] = CFrame.new(-9.285823665550197e-09, -0.04790902137756348, 0.06244775652885437, 0.2900415360927582, -0.14825209975242615, -0.9454614520072937, -0.015476707369089127, 0.9870727062225342, -0.15952470898628235, 0.9568889737129211, 0.06090140715241432, 0.28399762511253357),
            ["UpperTorso"] = CFrame.new(1.862645149230957e-08, -5.960464477539063e-08, 2.421438694000244e-08, 1, -9.313226634333205e-09, -1.862645371275562e-09, 4.6566128730773926e-09, 0.9987339377403259, -0.050306208431720734, 2.7939677238464355e-09, 0.05030619353055954, 0.9987339377403259),
            ["HumanoidRootPart"] = CFrame.new(0, 0, 0, 1, 0, 0, 0, 1, 0, 0, 0, 1),
            ["LeftUpperLeg"] = CFrame.new(1.7881393432617188e-07, 8.009374141693115e-08, -3.725290298461914e-08, 0.913270115852356, 0.07477855682373047, 0.4004323482513428, -0.07465029507875443, 0.9970823526382446, -0.01594357378780842, -0.4004562199115753, -0.015331719070672989, 0.9161877036094666),
            ["LeftUpperArm"] = CFrame.new(0.01965153217315674, 0.03520071506500244, -0.0804816484451294, 0.749327540397644, -0.11035080254077911, 0.6529401540756226, -0.004545137286186218, 0.9851370453834534, 0.17171017825603485, -0.662183940410614, -0.1316348761320114, 0.7376888394355774),
            ["RightLowerArm"] = CFrame.new(0, 1.1920928955078125e-07, -2.421438694000244e-08, 1, -1.5273688802608376e-07, 1.4901161193847656e-08, 2.2351745343485163e-08, 0.45053941011428833, -0.8927565813064575, 1.1175872316471214e-07, 0.8927565217018127, 0.45053938031196594),
            ["LeftHand"] = CFrame.new(8.940696716308594e-08, 1.1920928955078125e-07, 2.4586915969848633e-07, 0.9999680519104004, 0.007999257184565067, -1.3038517820973539e-08, -0.00799932423979044, 0.9999680519104004, 3.725290653733282e-08, 1.862645326866641e-08, -1.4901162970204496e-08, 1),
            ["RightFoot"] = CFrame.new(3.958120942115784e-08, 0, 4.4528860598802567e-08, 0.994627058506012, 0.07959285378456116, -0.0661979466676712, -0.08050958067178726, 0.9966898560523987, -0.011293215677142143, 0.06507998704910278, 0.016561783850193024, 0.9977426528930664),
            ["RightHand"] = CFrame.new(-1.4994293451309204e-07, 1.7881393432617188e-07, -3.8743019104003906e-07, 1, -1.862645149230957e-09, -1.4901161193847656e-08, 3.725290298461914e-09, 1, -7.450580596923828e-09, 0, -7.450580596923828e-09, 1),
            ["RightLowerLeg"] = CFrame.new(1.043081283569336e-07, -1.7881393432617188e-07, 3.754394128918648e-09, 1, 1.0803343286625022e-07, 1.0430815677864302e-07, -9.685756197086448e-08, -0.2634994089603424, 0.9646596312522888, 1.527369164477932e-07, -0.964659571647644, -0.2634994089603424),
            ["RightUpperLeg"] = CFrame.new(-5.960464477539063e-08, -6.51925802230835e-08, 8.93778633326292e-08, 0.8598772883415222, -0.49545273184776306, -0.12303578853607178, 0.2913610339164734, 0.6741974949836731, -0.6786505579948425, 0.41918954253196716, 0.54770827293396, 0.7240825891494751),
            ["LeftLowerLeg"] = CFrame.new(-1.1175870895385742e-08, 0, -1.043081283569336e-07, 1, 2.0489107299681564e-08, -2.980232594040899e-08, -5.4016702222270396e-08, 0.9149027466773987, 0.40367430448532104, -1.5832481992106295e-08, -0.403674453496933, 0.9149028658866882),
        }},
        {Time = 0.100, Data = {
            ["LeftFoot"] = CFrame.new(-2.8870999813079834e-08, 5.960464477539063e-08, 1.6763806343078613e-08, 0.9987435936927795, -0.022378332912921906, 0.04483938589692116, 0.030605442821979523, 0.9808861613273621, -0.19216075539588928, -0.03968191146850586, 0.1932917833328247, 0.9803385734558105),
            ["LeftLowerArm"] = CFrame.new(0, -1.1920928955078125e-07, -5.587935447692871e-08, 1, -1.564621925354004e-07, 6.33299421792799e-08, 4.6566128730773926e-08, -0.10892187058925629, -0.9940503835678101, 1.618172973394394e-07, 0.9940503239631653, -0.10892188549041748),
            ["RightUpperArm"] = CFrame.new(0.006551265716552734, -0.03287148475646973, -0.15595731139183044, 0.34149831533432007, -0.2461167573928833, -0.9070862531661987, -0.06878285855054855, 0.9559739828109741, -0.2852765619754791, 0.9373622536659241, 0.15981343388557434, 0.30953481793403625),
            ["Head"] = CFrame.new(0, 1.1920928955078125e-07, -7.450580596923828e-09, 0.48508578538894653, -0.038061972707509995, 0.8736379146575928, 0.005512237083166838, 0.9991655349731445, 0.04047008231282234, -0.8744491934776306, -0.014815852046012878, 0.48489081859588623),
            ["LowerTorso"] = CFrame.new(-7.888885100726384e-09, -0.03495192527770996, 0.05958661437034607, 0.29029354453086853, -0.1512095034122467, -0.9449155926704407, -0.02436603046953678, 0.9859488606452942, -0.16526144742965698, 0.9566274285316467, 0.0709981769323349, 0.28253018856048584),
            ["UpperTorso"] = CFrame.new(5.587935447692871e-09, -5.960464477539063e-08, 2.2351741790771484e-08, 1, 0, 9.313224635931761e-10, 5.587935447692871e-09, 0.9987360835075378, -0.050261735916137695, -5.587935447692871e-09, 0.050261735916137695, 0.9987360835075378),
            ["HumanoidRootPart"] = CFrame.new(0, 0, 0, 1, 0, 0, 0, 1, 0, 0, 0, 1),
            ["LeftUpperLeg"] = CFrame.new(8.940696716308594e-08, -1.7508864402770996e-07, -6.705522537231445e-08, 0.9140325784683228, 0.040249504148960114, 0.4036390781402588, -0.06716230511665344, 0.9963474869728088, 0.052735134959220886, -0.40004226565361023, -0.07531096041202545, 0.9133973121643066),
            ["LeftUpperArm"] = CFrame.new(0.01965153217315674, 0.03520083427429199, -0.08048160374164581, 0.7511302828788757, -0.10206018388271332, 0.6522170305252075, -0.007021176628768444, 0.9866861701011658, 0.1624845266342163, -0.6601166129112244, -0.1266264170408249, 0.7404131889343262),
            ["RightLowerArm"] = CFrame.new(1.1920928955078125e-07, 0, 3.725290298461914e-09, 1, -1.9744038581848145e-07, 7.450580596923828e-09, 1.4901161193847656e-08, 0.3684556782245636, -0.929645299911499, 1.9371509552001953e-07, 0.929645299911499, 0.368455708026886),
            ["LeftHand"] = CFrame.new(2.9802322387695312e-08, 0, 6.705522537231445e-08, 0.9999680519104004, 0.007999319583177567, -1.3038517820973539e-08, -0.007999361492693424, 0.9999679923057556, 2.2351745343485163e-08, 2.0489096641540527e-08, -7.450580596923828e-09, 1),
            ["RightFoot"] = CFrame.new(-6.05359673500061e-09, 1.1920928955078125e-07, 6.688060238957405e-08, 0.9969892501831055, 0.07004651427268982, -0.033254388719797134, -0.0715130865573883, 0.9964162111282349, -0.04517405852675438, 0.029970932751893997, 0.04741626977920532, 0.9984255433082581),
            ["RightHand"] = CFrame.new(9.685754776000977e-08, 1.1920928955078125e-07, -2.0116567611694336e-07, 1, 1.210719524635806e-08, 0, 1.862645371275562e-09, 1, -3.725290742551124e-09, 0, 0, 1),
            ["RightLowerLeg"] = CFrame.new(4.470348358154297e-08, 3.5762786865234375e-07, -5.957554094493389e-08, 1, 8.56816981809061e-08, 7.450580596923828e-08, -5.960464477539063e-08, -0.3176898956298828, 0.948194682598114, 1.341104507446289e-07, -0.9481947422027588, -0.3176898956298828),
            ["RightUpperLeg"] = CFrame.new(0, -1.5087425708770752e-07, 7.447670213878155e-08, 0.8676400780677795, -0.4857065975666046, -0.10625399649143219, 0.2851744592189789, 0.6612148880958557, -0.6938807368278503, 0.4072791635990143, 0.5717377662658691, 0.712207555770874),
            ["LeftLowerLeg"] = CFrame.new(-2.2351741790771484e-08, 0, 1.7136335372924805e-07, 1, 2.421439582178664e-08, 5.8673322200775146e-08, -3.352760913344355e-08, 0.9542668461799622, 0.2989562153816223, -2.9802318834981634e-08, -0.2989565134048462, 0.9542668461799622),
        }},
        {Time = 0.133, Data = {
            ["LeftFoot"] = CFrame.new(3.725290298461914e-09, 5.960464477539063e-08, 0, 0.9986922740936279, -0.019987741485238075, 0.047055959701538086, 0.02609632909297943, 0.990770697593689, -0.1330130249261856, -0.04396304115653038, 0.13406722247600555, 0.989996612071991),
            ["LeftLowerArm"] = CFrame.new(1.7881393432617188e-07, 2.980232238769531e-07, -1.1175870895385742e-08, 1, -1.5832483768463135e-07, 5.122274160385132e-08, 5.587936158235607e-08, -0.07237306237220764, -0.9973776936531067, 1.4761464228740806e-07, 0.9973776340484619, -0.07237306237220764),
            ["RightUpperArm"] = CFrame.new(0.014481663703918457, -0.04458022117614746, -0.189859539270401, 0.3248710334300995, -0.2782151401042938, -0.9039110541343689, -0.011050865985453129, 0.9545707702636719, -0.29777947068214417, 0.945693850517273, 0.1067289263010025, 0.30703791975975037),
            ["Head"] = CFrame.new(4.656612873077393e-10, 0, -7.450580596923828e-09, 0.4855588674545288, -0.04657398536801338, 0.872962474822998, 0.007890414446592331, 0.9987726807594299, 0.04889722168445587, -0.8741684556007385, -0.016854509711265564, 0.48533037304878235),
            ["LowerTorso"] = CFrame.new(0.0019408738007768989, -0.023751020431518555, 0.05345327779650688, 0.2918260395526886, -0.15594935417175293, -0.9436723589897156, -0.029033835977315903, 0.9847193956375122, -0.1717112809419632, 0.9560307264328003, 0.07750822603702545, 0.28283897042274475),
            ["UpperTorso"] = CFrame.new(2.3283064365386963e-09, 5.960464477539063e-08, 7.450580596923828e-09, 1, 0, 6.426126475389538e-08, 0, 0.998740553855896, -0.05017424002289772, 1.3969838619232178e-08, 0.050174273550510406, 0.998740553855896),
            ["HumanoidRootPart"] = CFrame.new(0, 0, 0, 1, 0, 0, 0, 1, 0, 0, 0, 1),
            ["LeftUpperLeg"] = CFrame.new(2.9802322387695312e-08, 1.1920928955078125e-07, -7.450580596923828e-08, 0.9155574440956116, 0.003843566868454218, 0.4021691381931305, -0.06258067488670349, 0.9891363978385925, 0.13301515579223633, -0.39728865027427673, -0.14695103466510773, 0.9058515429496765),
            ["LeftUpperArm"] = CFrame.new(0.01901322603225708, 0.026674747467041016, -0.07519114017486572, 0.745223879814148, -0.10511510074138641, 0.6584771275520325, -0.009235072880983353, 0.9857752919197083, 0.16781458258628845, -0.6667503714561462, -0.13114051520824432, 0.7336525917053223),
            ["RightLowerArm"] = CFrame.new(5.960464477539063e-08, 2.980232238769531e-07, 3.166496753692627e-07, 1, -1.7695130338779563e-07, 4.470348358154297e-08, 5.21540641784668e-08, 0.25668415427207947, -0.9664953947067261, 1.7881393432617188e-07, 0.9664954543113708, 0.2566840946674347),
            ["LeftHand"] = CFrame.new(-2.9802322387695312e-08, 0, -5.960464477539063e-08, 0.9999679923057556, 0.007999269291758537, -9.31322685637781e-10, -0.007999232970178127, 0.9999679923057556, 2.0489098417897367e-08, -2.7939677238464355e-09, 9.313225746154785e-10, 1),
            ["RightFoot"] = CFrame.new(-6.193295121192932e-08, -1.1920928955078125e-07, -1.0634539648890495e-07, 0.9974771738052368, 0.06938285380601883, -0.015009213238954544, -0.0698624923825264, 0.9969689846038818, -0.03423772007226944, 0.012588182464241982, 0.03519997000694275, 0.999301016330719),
            ["RightHand"] = CFrame.new(-2.9802322387695312e-08, 4.172325134277344e-07, -7.450580596923828e-08, 1, -1.862645371275562e-09, -3.725290742551124e-09, -1.862645326866641e-08, 1, 7.450581485102248e-09, -3.725290742551124e-09, 0, 1),
            ["RightLowerLeg"] = CFrame.new(8.195638656616211e-08, 5.960464477539063e-08, 3.35305230692029e-07, 1, 6.612389569227162e-08, 1.1175872316471214e-07, -6.70552182668871e-08, -0.3301423490047455, 0.9439312219619751, 1.4901159772762185e-07, -0.9439311623573303, -0.3301422595977783),
            ["RightUpperLeg"] = CFrame.new(0, -1.2665987014770508e-07, 4.4674379751086235e-08, 0.879951000213623, -0.470374196767807, -0.0665920078754425, 0.30333852767944336, 0.6641983389854431, -0.6832468509674072, 0.3656119108200073, 0.5810238122940063, 0.7271445989608765),
            ["LeftLowerLeg"] = CFrame.new(2.421438694000244e-08, -3.5762786865234375e-07, 1.2665987014770508e-07, 1, -9.313226634333205e-09, 6.705523958316917e-08, -1.7695127141337252e-08, 0.9854571223258972, 0.1699245125055313, -7.601919804756108e-08, -0.16992466151714325, 0.9854571223258972),
        }},
        {Time = 0.167, Data = {
            ["LeftFoot"] = CFrame.new(-2.0023435354232788e-08, 1.1920928955078125e-07, 0, 0.9986065626144409, -0.01677214354276657, 0.050036512315273285, 0.019754283130168915, 0.9980199337005615, -0.05971528962254524, -0.048935674130916595, 0.060620859265327454, 0.9969606399536133),
            ["LeftLowerArm"] = CFrame.new(0, 5.960464477539063e-08, -1.0256189852952957e-07, 1, -1.9883734125869523e-07, 5.0291408371094803e-08, 4.842877388000488e-08, -0.030571622774004936, -0.9995325803756714, 2.2368840291164815e-07, 0.9995326399803162, -0.030571619048714638),
            ["RightUpperArm"] = CFrame.new(0.03707408905029297, -0.08332693576812744, -0.2853519320487976, 0.2679588496685028, -0.3918927013874054, -0.880124032497406, 0.13493499159812927, 0.9197930097579956, -0.36847445368766785, 0.9539343118667603, -0.020023517310619354, 0.2993466556072235),
            ["Head"] = CFrame.new(-5.587935447692871e-09, 2.384185791015625e-07, -3.725290298461914e-08, 0.4902164041996002, -0.05325288325548172, 0.8699725270271301, 0.010329021140933037, 0.9984166622161865, 0.05529484152793884, -0.8715395331382751, -0.01812058873474598, 0.4899902939796448),
            ["LowerTorso"] = CFrame.new(0.00859944149851799, -0.017858386039733887, 0.04353206232190132, 0.30151504278182983, -0.15851302444934845, -0.9401927590370178, -0.03034287504851818, 0.9839889407157898, -0.1756276935338974, 0.9529784917831421, 0.08148257434368134, 0.29187771677970886),
            ["UpperTorso"] = CFrame.new(5.587935447692871e-09, -2.682209014892578e-07, 3.166496753692627e-08, 1, 9.313226634333205e-09, 1.7229469406743192e-08, 7.450581485102248e-09, 0.9987478256225586, -0.05002821236848831, 6.05359762317903e-09, 0.05002821981906891, 0.9987478256225586),
            ["HumanoidRootPart"] = CFrame.new(0, 0, 0, 1, 0, 0, 0, 1, 0, 0, 0, 1),
            ["LeftUpperLeg"] = CFrame.new(1.1920928955078125e-07, -1.695007085800171e-07, 1.4901161193847656e-08, 0.9207090139389038, -0.036302901804447174, 0.38855788111686707, -0.05754587799310684, 0.972149670124054, 0.22718606889247894, -0.3859837055206299, -0.2315322905778885, 0.8929778337478638),
            ["LeftUpperArm"] = CFrame.new(0.017214655876159668, 0.00266110897064209, -0.0602896511554718, 0.7273685932159424, -0.11498664319515228, 0.6765448451042175, -0.016818610951304436, 0.9825790524482727, 0.18508273363113403, -0.6860407590866089, -0.1460018903017044, 0.7127631902694702),
            ["RightLowerArm"] = CFrame.new(1.1920928955078125e-07, -1.1920928955078125e-07, -1.341104507446289e-07, 1, -1.4342366227992898e-07, 6.705522537231445e-08, 6.705522537231445e-08, 0.1313311606645584, -0.9913386106491089, 1.9371509552001953e-07, 0.9913385510444641, 0.13133123517036438),
            ["LeftHand"] = CFrame.new(1.1920928955078125e-07, -5.960464477539063e-08, 3.725290298461914e-08, 0.9999679923057556, 0.00799928791821003, -9.313225746154785e-10, -0.00799928791821003, 0.9999680519104004, 2.2351741790771484e-08, -1.862645149230957e-09, -3.725290298461914e-09, 1),
            ["RightFoot"] = CFrame.new(-6.007030606269836e-08, -1.7881393432617188e-07, -9.14442352950573e-08, 0.9977689385414124, 0.06389287859201431, -0.019364066421985626, -0.06377804279327393, 0.9979429841041565, 0.006494499277323484, 0.01973915658891201, -0.005245049484074116, 0.9997914433479309),
            ["RightHand"] = CFrame.new(2.9802322387695312e-08, -1.1920928955078125e-07, -3.5762786865234375e-07, 1, -5.587935447692871e-09, 0, -1.4901162970204496e-08, 1, 0, 7.450581485102248e-09, 2.9802322387695312e-08, 1),
            ["RightLowerLeg"] = CFrame.new(2.60770320892334e-08, -5.960464477539063e-08, -1.6388366930186749e-07, 1, 8.195638656616211e-08, 1.2665982751514093e-07, -5.21540641784668e-08, -0.32780343294143677, 0.9447459578514099, 1.0058283805847168e-07, -0.9447460174560547, -0.32780349254608154),
            ["RightUpperLeg"] = CFrame.new(0, -1.2852251529693604e-07, 1.1918018572032452e-07, 0.893165647983551, -0.4496462047100067, -0.008574757725000381, 0.3362182676792145, 0.6802753806114197, -0.6512932777404785, 0.298684686422348, 0.5788296461105347, 0.7587776184082031),
            ["LeftLowerLeg"] = CFrame.new(-6.146728992462158e-08, 0, -2.4586915969848633e-07, 1, -3.7252920748187535e-09, -2.9802322387695312e-08, 7.450582373280668e-09, 0.9999837279319763, 0.005703842267394066, -4.8486992199059387e-08, -0.005704113282263279, 0.9999837875366211),
        }},
        {Time = 0.200, Data = {
            ["LeftFoot"] = CFrame.new(-2.2584572434425354e-08, -5.960464477539063e-08, 1.4901161193847656e-08, 0.9983913898468018, -0.010674430988729, 0.055684879422187805, 0.017373820766806602, 0.9924701452255249, -0.12124864012002945, -0.05397150665521622, 0.1220211535692215, 0.9910590648651123),
            ["LeftLowerArm"] = CFrame.new(1.4901161193847656e-07, 1.7881393432617188e-07, -5.960464477539063e-08, 1, -1.4295801520347595e-07, 3.725290298461914e-08, 5.2154071283894154e-08, 0.013402704149484634, -0.9999102354049683, 2.1094459157211531e-07, 0.9999101758003235, 0.01340271532535553),
            ["RightUpperArm"] = CFrame.new(0.06676733493804932, -0.14856183528900146, -0.4079633355140686, 0.1563529372215271, -0.5482327342033386, -0.8215806484222412, 0.3351944386959076, 0.8118979930877686, -0.4779815673828125, 0.9290847182273865, -0.20065541565418243, 0.3107072114944458),
            ["Head"] = CFrame.new(1.30385160446167e-08, -1.1920928955078125e-07, 4.470348358154297e-08, 0.5047279000282288, -0.05740944296121597, 0.8613674640655518, 0.012680942192673683, 0.9981717467308044, 0.05909665301442146, -0.8631854057312012, -0.018904829397797585, 0.5045331120491028),
            ["LowerTorso"] = CFrame.new(0.02140989899635315, -0.02009570598602295, 0.026945190504193306, 0.3305320143699646, -0.15832306444644928, -0.9304206371307373, -0.02613232284784317, 0.9839161038398743, -0.17670951783657074, 0.9434329867362976, 0.08272221684455872, 0.32107841968536377),
            ["UpperTorso"] = CFrame.new(3.725290298461914e-09, 5.960464477539063e-08, -1.862645149230957e-09, 1, -3.725290298461914e-09, -1.0710209608078003e-08, 7.450580596923828e-09, 0.9987589120864868, -0.04980716481804848, 1.955777406692505e-08, 0.04980716109275818, 0.998758852481842),
            ["HumanoidRootPart"] = CFrame.new(0, 0, 0, 1, 0, 0, 0, 1, 0, 0, 0, 1),
            ["LeftUpperLeg"] = CFrame.new(5.960464477539063e-08, -1.3969838619232178e-07, 1.4901161193847656e-08, 0.9341815710067749, -0.013910496607422829, 0.35652685165405273, -0.049498241394758224, 0.9845249056816101, 0.16810937225818634, -0.3533479571342468, -0.17469216883182526, 0.9190364480018616),
            ["LeftUpperArm"] = CFrame.new(0.014905393123626709, -0.028173089027404785, -0.0411558598279953, 0.7012279033660889, -0.1311921626329422, 0.7007625102996826, -0.030317172408103943, 0.9765468835830688, 0.21316000819206238, -0.7122922539710999, -0.17071886360645294, 0.6808045506477356),
            ["RightLowerArm"] = CFrame.new(5.960464477539063e-08, 0, 0, 1, -1.6391278734317893e-07, 4.470348358154297e-08, 2.9802322387695312e-08, 0.007536166347563267, -0.9999716877937317, 1.043081283569336e-07, 0.9999716877937317, 0.00753609836101532),
            ["LeftHand"] = CFrame.new(-8.940696716308594e-08, 1.7881393432617188e-07, -1.0058283805847168e-07, 0.9999679923057556, 0.007999381050467491, 7.450580596923828e-09, -0.007999302819371223, 0.9999679923057556, 1.4901161193847656e-08, 3.725290298461914e-09, 7.450580596923828e-09, 1),
            ["RightFoot"] = CFrame.new(4.842877388000488e-08, 5.960464477539063e-08, 3.550667315721512e-09, 0.9980993866920471, 0.05515718460083008, -0.02748209424316883, -0.05404588207602501, 0.9977506995201111, 0.039658159017562866, 0.029607757925987244, -0.03809724375605583, 0.9988353252410889),
            ["RightHand"] = CFrame.new(5.960464477539063e-08, 0, -4.470348358154297e-08, 1, 0, -7.450580596923828e-09, -2.9802322387695312e-08, 1, 7.450580596923828e-09, -1.4901161193847656e-08, 3.725290298461914e-08, 1),
            ["RightLowerLeg"] = CFrame.new(-6.891787052154541e-08, -1.7881393432617188e-07, -1.4872057363390923e-08, 1, 8.754431490842762e-08, 1.303851746570217e-07, -6.519258732851085e-08, -0.30843910574913025, 0.9512441754341125, 1.1548401346317405e-07, -0.951244056224823, -0.3084389567375183),
            ["RightUpperLeg"] = CFrame.new(-5.960464477539063e-08, 0, 1.1918018572032452e-07, 0.9017976522445679, -0.4298408329486847, 0.044700779020786285, 0.3711773753166199, 0.7174159288406372, -0.589526891708374, 0.22133369743824005, 0.5482256412506104, 0.8065109848976135),
            ["LeftLowerLeg"] = CFrame.new(0, 1.7881393432617188e-07, 4.190951585769653e-09, 1, -1.2107198799071739e-08, 6.426126475389538e-08, -1.234002411365509e-08, 0.9917363524436951, 0.1282925009727478, -7.569906301796436e-08, -0.12829270958900452, 0.9917364120483398),
        }},
        {Time = 0.233, Data = {
            ["LeftFoot"] = CFrame.new(-1.811349648050964e-08, 5.960464477539063e-08, -4.6566128730773926e-09, 0.9978609085083008, -0.0002048165915766731, 0.06537290662527084, 0.013947434723377228, 0.9776378273963928, -0.2098325937986374, -0.06386804580688477, 0.21029576659202576, 0.9755493998527527),
            ["LeftLowerArm"] = CFrame.new(2.9802322387695312e-08, -1.1920928955078125e-07, -4.470348358154297e-08, 1, -1.4808027515300637e-07, 5.215405707303944e-08, 5.21540641784668e-08, 0.05479206517338753, -0.9984978437423706, 1.8533319234848022e-07, 0.9984978437423706, 0.05479206517338753),
            ["RightUpperArm"] = CFrame.new(0.0912245512008667, -0.22950530052185059, -0.5034557580947876, 0.012325900606811047, -0.6789043545722961, -0.7341232895851135, 0.5157927870750427, 0.6332805752754211, -0.5769866108894348, 0.8566247224807739, -0.3715435266494751, 0.3579796254634857),
            ["Head"] = CFrame.new(-9.313225746154785e-09, 1.1920928955078125e-07, 2.2351741790771484e-08, 0.5322563052177429, -0.0591110996901989, 0.8445171117782593, 0.014776529744267464, 0.998056173324585, 0.060544855892658234, -0.8464544415473938, -0.019746387377381325, 0.5320950746536255),
            ["LowerTorso"] = CFrame.new(0.04215759411454201, -0.03204751014709473, -0.0003165985399391502, 0.3850025236606598, -0.15465979278087616, -0.9098644852638245, -0.014713888056576252, 0.9847050309181213, -0.17360733449459076, 0.922798216342926, 0.08022691309452057, 0.3768382668495178),
            ["UpperTorso"] = CFrame.new(-5.587935447692871e-09, 5.960464477539063e-08, -1.3969838619232178e-08, 1, -1.3969840395589017e-08, -6.28642649047606e-09, -2.7939677238464355e-09, 0.998774528503418, -0.049493659287691116, -3.748573362827301e-08, 0.04949373006820679, 0.9987744688987732),
            ["HumanoidRootPart"] = CFrame.new(0, 0, 0, 1, 0, 0, 0, 1, 0, 0, 0, 1),
            ["LeftUpperLeg"] = CFrame.new(0, 5.029141902923584e-08, -8.940696716308594e-08, 0.95623379945755, 0.014334125444293022, 0.2922526001930237, -0.03709059953689575, 0.9966803789138794, 0.07247402518987656, -0.29024359583854675, -0.08014195412397385, 0.9535911679267883),
            ["LeftUpperArm"] = CFrame.new(0.013106822967529297, -0.05218708515167236, -0.026254326105117798, 0.6752579808235168, -0.1504886895418167, 0.7220664024353027, -0.04788190871477127, 0.9679558873176575, 0.24651336669921875, -0.736025869846344, -0.20103402435779572, 0.6464141607284546),
            ["RightLowerArm"] = CFrame.new(-5.960464477539063e-08, -1.1920928955078125e-07, -1.4901161193847656e-08, 1, -1.6391277313232422e-07, 5.215405707303944e-08, 4.842877388000488e-08, -0.10383391380310059, -0.9945946335792542, 1.6391277313232422e-07, 0.9945946931838989, -0.10383401811122894),
            ["LeftHand"] = CFrame.new(1.1920928955078125e-07, 1.1920928955078125e-07, 3.725290298461914e-09, 0.9999680519104004, 0.007999284192919731, -7.450580596923828e-09, -0.007999307475984097, 0.9999679923057556, 0, 1.1175870895385742e-08, -1.30385160446167e-08, 1),
            ["RightFoot"] = CFrame.new(1.5832483768463135e-08, 0, -1.04482751339674e-07, 0.9987330436706543, 0.04447266459465027, -0.02354704961180687, -0.044007886201143265, 0.9988327026367188, 0.019917240366339684, 0.024405069649219513, -0.018856007605791092, 0.9995242953300476),
            ["RightHand"] = CFrame.new(-2.384185791015625e-07, 4.76837158203125e-07, -2.9802322387695312e-08, 1, 1.4901161193847656e-08, -1.4901161193847656e-08, -4.4703490686970326e-08, 1, -7.078051567077637e-08, 2.980232594040899e-08, -1.1175870895385742e-08, 1),
            ["RightLowerLeg"] = CFrame.new(7.450580596923828e-09, 1.1920928955078125e-07, -2.0858715288341045e-07, 1, 7.450579886381092e-08, 1.564621925354004e-07, -8.195638656616211e-08, -0.27450457215309143, 0.9615858793258667, 1.2665987014770508e-07, -0.9615858793258667, -0.27450451254844666),
            ["RightUpperLeg"] = CFrame.new(0, 2.086162567138672e-07, -2.9103830456733704e-11, 0.9081463813781738, -0.4134787321090698, 0.06561753153800964, 0.3886761963367462, 0.7744590044021606, -0.4991432726383209, 0.15556710958480835, 0.4787992537021637, 0.8640314340591431),
            ["LeftLowerLeg"] = CFrame.new(1.30385160446167e-08, 5.960464477539063e-08, 0, 1, 3.090827505047855e-08, -2.164598056353384e-09, -2.9525832445642664e-08, 0.9521741271018982, 0.30555596947669983, -3.417698835050942e-08, -0.3055560886859894, 0.952174186706543),
        }},
        {Time = 0.267, Data = {
            ["LeftFoot"] = CFrame.new(1.3504177331924438e-08, -1.1920928955078125e-07, 2.421438694000244e-08, 0.9967495799064636, 0.014761345461010933, 0.07919812947511673, 0.00937587022781372, 0.9551348090171814, -0.29602304100990295, -0.0800146758556366, 0.2958035171031952, 0.9518918395042419),
            ["LeftLowerArm"] = CFrame.new(2.9802322387695312e-08, 1.1920928955078125e-07, -5.21540641784668e-08, 1, -1.5832483768463135e-07, 2.2351745343485163e-08, 1.1175870895385742e-08, 0.09063669294118881, -0.9958840608596802, 1.8347054719924927e-07, 0.9958840608596802, 0.09063675999641418),
            ["RightUpperArm"] = CFrame.new(0.10232746601104736, -0.3130073547363281, -0.5373580455780029, -0.10796400904655457, -0.7494504451751709, -0.6531983017921448, 0.6287376880645752, 0.4574778974056244, -0.628810703754425, 0.7700862288475037, -0.47857922315597534, 0.42181646823883057),
            ["Head"] = CFrame.new(-3.725290298461914e-09, -3.5762786865234375e-07, 5.21540641784668e-08, 0.5708118677139282, -0.059108588844537735, 0.8189505338668823, 0.016524752601981163, 0.998030424118042, 0.060515932738780975, -0.8209146857261658, -0.021010294556617737, 0.5706643462181091),
            ["LowerTorso"] = CFrame.new(0.07318727672100067, -0.05324530601501465, -0.04299408197402954, 0.46049606800079346, -0.14677080512046814, -0.8754437565803528, 0.0042526256293058395, 0.9865891933441162, -0.16316772997379303, 0.8876515626907349, 0.07141516357660294, 0.4549446105957031),
            ["UpperTorso"] = CFrame.new(-1.3969838619232178e-09, 2.9802322387695312e-08, -6.51925802230835e-09, 1, 4.656613428188905e-10, -7.566997028973788e-10, -3.725290742551124e-09, 0.9987954497337341, -0.049069128930568695, -3.3993277526178645e-08, 0.049069102853536606, 0.9987953901290894),
            ["HumanoidRootPart"] = CFrame.new(0, 0, 0, 1, 0, 0, 0, 1, 0, 0, 0, 1),
            ["LeftUpperLeg"] = CFrame.new(5.960464477539063e-08, 2.7939677238464355e-08, -4.470348358154297e-08, 0.9801264405250549, 0.02602672390639782, 0.19665919244289398, -0.021870920434594154, 0.9994898438453674, -0.023274773731827736, -0.1971646547317505, 0.018511062487959862, 0.9801957011222839),
            ["LeftUpperArm"] = CFrame.new(0.012468397617340088, -0.06071329116821289, -0.0209638774394989, 0.6566785573959351, -0.1689799278974533, 0.73499596118927, -0.06631147116422653, 0.9578635096549988, 0.2794641852378845, -0.7512496113777161, -0.23225678503513336, 0.617803156375885),
            ["RightLowerArm"] = CFrame.new(0, 0, 8.940696716308594e-08, 1, -1.4156103134155273e-07, 7.450581485102248e-09, 5.8673329306202504e-08, -0.19638198614120483, -0.9805275201797485, 1.6391278734317893e-07, 0.9805274605751038, -0.19638197124004364),
            ["LeftHand"] = CFrame.new(8.940696716308594e-08, -5.960464477539063e-08, 2.421438694000244e-07, 0.9999679923057556, 0.007999282330274582, 0, -0.007999306544661522, 0.9999680519104004, -8.381902283360887e-09, -7.450580596923828e-09, 1.862645149230957e-09, 1),
            ["RightFoot"] = CFrame.new(-3.632158041000366e-08, -5.960464477539063e-08, 3.800960257649422e-08, 0.9994893074035645, 0.031385552138090134, -0.006006733514368534, -0.03174309805035591, 0.9967803955078125, -0.07363009452819824, 0.003676316235214472, 0.07378299534320831, 0.9972675442695618),
            ["RightHand"] = CFrame.new(-1.1920928955078125e-07, 1.1920928955078125e-07, 3.725290298461914e-08, 1, 4.470347647611561e-08, 0, 2.9802322387695312e-08, 1, 1.4901161193847656e-08, 0, 7.4505797087454084e-09, 1),
            ["RightLowerLeg"] = CFrame.new(0, -2.384185791015625e-07, 4.47325874119997e-08, 1, 9.685753354915505e-08, 1.6391277313232422e-07, -1.1920927533992653e-07, -0.22744569182395935, 0.97379070520401, 1.1920927533992653e-07, -0.9737907648086548, -0.22744590044021606),
            ["RightUpperLeg"] = CFrame.new(-2.9802322387695312e-08, 1.2479722499847412e-07, -4.47325874119997e-08, 0.9191292524337769, -0.39146748185157776, 0.04421183094382286, 0.3769243359565735, 0.8411960005760193, -0.3877078592777252, 0.11458425223827362, 0.3730182349681854, 0.9207214117050171),
            ["LeftLowerLeg"] = CFrame.new(4.842877388000488e-08, -2.384185791015625e-07, -5.21540641784668e-08, 1, 8.661302786094893e-08, -1.30385160446167e-08, -5.122273449842396e-08, 0.8854038715362549, 0.46482232213020325, -3.702006878825159e-08, -0.4648226499557495, 0.8854039907455444),
        }},
        {Time = 0.300, Data = {
