return {
    ["Harmony"] = {
        {Time = 0.000, Data = {
            ["RightFoot"] = CFrame.new(-2.9802322387695312e-08, 4.172325134277344e-07, 6.129994289949536e-08, 0.9709919691085815, -0.020542746409773827, -0.23822829127311707, 0.113456591963768, 0.9165872931480408, 0.3833998143672943, 0.21048080921173096, -0.3993067741394043, 0.8923295736312866),
            ["LeftLowerArm"] = CFrame.new(-1.4901161193847656e-07, -2.384185791015625e-07, -8.493661880493164e-07, 1, -8.568167686462402e-08, 6.705522537231445e-08, 8.940698137394065e-08, -0.0670451745390892, -0.997749924659729, 9.685756197086448e-08, 0.997749924659729, -0.06704524904489517),
            ["RightUpperArm"] = CFrame.new(-5.960464477539063e-08, 9.5367431640625e-07, -1.4901161193847656e-08, 0.2534349262714386, -0.382958322763443, -0.8883207440376282, -0.18948161602020264, 0.8808597922325134, -0.4338003993034363, 0.9486134052276611, 0.27826064825057983, 0.1506771296262741),
            ["Head"] = CFrame.new(-7.136259227991104e-08, 0, -3.585591912269592e-08, 0.9864537715911865, 0.16391225159168243, -0.006470079999417067, -0.1555328518152237, 0.9220320582389832, -0.35449454188346863, -0.052140384912490845, 0.3506988286972046, 0.935035765171051),
            ["RightHand"] = CFrame.new(1.341104507446289e-07, 7.152557373046875e-07, -2.7567148208618164e-07, 0.01846873015165329, -0.11720816045999527, -0.9929356575012207, -0.16682195663452148, 0.9788227081298828, -0.11864515393972397, 0.985814094543457, 0.1678348183631897, -0.001475304365158081),
            ["UpperTorso"] = CFrame.new(1.1175870895385742e-08, 1.7881393432617188e-07, -3.562308847904205e-08, 0.9993736743927002, -0.0022213594056665897, 0.03531644120812416, -0.004929382354021072, 0.9795575737953186, 0.20110361278057098, -0.0350412093102932, -0.20115172863006592, 0.9789331555366516),
            ["HumanoidRootPart"] = CFrame.new(0, 0, 0, 1, 0, 0, 0, 1, 0, 0, 0, 1),
            ["RightUpperLeg"] = CFrame.new(2.384185791015625e-07, 5.075708031654358e-07, -4.639878170564771e-08, 0.5395033955574036, -0.8186618685722351, -0.1967971920967102, -0.2675245404243469, 0.05494975671172142, -0.9619828462600708, 0.7983525395393372, 0.5716409683227539, -0.1893668919801712),
            ["LeftUpperArm"] = CFrame.new(1.1920928955078125e-07, 5.960464477539062e-07, -1.1175870895385742e-08, 0.16363249719142914, 0.5451943278312683, 0.822184681892395, 0.2076464742422104, 0.7957131862640381, -0.5689671039581299, -0.964420735836029, 0.26382526755332947, 0.016996853053569794),
            ["RightLowerArm"] = CFrame.new(-4.76837158203125e-07, 6.556510925292969e-07, -1.6391277313232422e-07, 1, -8.195639367158947e-08, 8.195640788244418e-08, 5.960465188081798e-08, -0.04512657970190048, -0.9989813566207886, 6.705523247774181e-08, 0.9989813566207886, -0.04512649402022362),
            ["LeftHand"] = CFrame.new(-1.4901161193847656e-08, -1.1920928955078125e-07, 5.885958671569824e-07, -0.11829275637865067, 0.12825852632522583, 0.9846606254577637, -0.06806407123804092, 0.9882435202598572, -0.1369020640850067, -0.9906432628631592, -0.08321455121040344, -0.1081722155213356),
            ["LeftFoot"] = CFrame.new(-4.563480615615845e-08, -5.960464477539063e-08, -3.725290298461914e-09, 0.9957460165023804, 0.09214072674512863, -0.000298570521408692, -0.09096623957157135, 0.9825280904769897, -0.16236910223960876, -0.01466728188097477, 0.1617054045200348, 0.9867300987243652),
            ["LowerTorso"] = CFrame.new(0.08112318813800812, 0.010070085525512695, -0.08644885569810867, 0.9952840805053711, -0.08984479308128357, -0.03657291829586029, 0.08268596976995468, 0.9829162359237671, -0.164435014128685, 0.05072174593806267, 0.16063548624515533, 0.9857097268104553),
            ["RightLowerLeg"] = CFrame.new(-1.7881393432617188e-07, -0.000003814697265625, -0.000013290140486788005, 1, -6.705521968797257e-07, -0.000001996755599975586, 5.848704631716828e-07, -0.8225497603416443, 0.5686929225921631, -0.0000019818539840343874, -0.568693220615387, -0.8225499987602234),
            ["LeftUpperLeg"] = CFrame.new(5.960464477539063e-08, 4.0046870708465576e-07, 1.4901161193847656e-08, 0.9999833703041077, -0.004537895321846008, -0.003566381521522999, 0.004470318555831909, 0.9998147487640381, -0.01872306317090988, 0.0036506513133645058, 0.018706927075982094, 0.9998183846473694),
            ["LeftLowerLeg"] = CFrame.new(-1.3969838619232178e-08, 0.000004112720489501953, 0.000013300217688083649, 1, 1.7695128917694092e-08, -8.66129994392395e-08, -4.5634813261585805e-08, 0.9434834718704224, 0.3314199447631836, -1.862645326866641e-08, -0.33141982555389404, 0.9434834122657776),
        }},
        {Time = 0.033, Data = {
            ["RightFoot"] = CFrame.new(2.9802322387695312e-08, 2.384185791015625e-07, -1.4731631381437182e-07, 0.9717267751693726, -0.020726678892970085, -0.23519742488861084, 0.11197061836719513, 0.9174533486366272, 0.38176169991493225, 0.20786960422992706, -0.39730316400527954, 0.8938345909118652),
            ["LeftLowerArm"] = CFrame.new(5.960464477539063e-08, -4.76837158203125e-07, 3.5390257835388184e-07, 1, -8.195643630415361e-08, 9.685758328714655e-08, 7.4505820180093e-08, -0.06595220416784286, -0.9978227615356445, 7.4505820180093e-08, 0.9978228211402893, -0.06595223397016525),
            ["RightUpperArm"] = CFrame.new(1.1920928955078125e-07, 8.344650268554688e-07, 0, 0.25307244062423706, -0.383178174495697, -0.8883292078971863, -0.18992015719413757, 0.8806756734848022, -0.4339824616909027, 0.948622465133667, 0.27854061126708984, 0.15010151267051697),
            ["Head"] = CFrame.new(-4.2957253754138947e-08, -2.384185791015625e-07, -2.537854015827179e-08, 0.9866228699684143, 0.1628769040107727, -0.0068201120011508465, -0.1546352356672287, 0.9218152761459351, -0.3554498255252838, -0.05160769075155258, 0.351749449968338, 0.9346705079078674),
            ["RightHand"] = CFrame.new(-4.470348358154297e-08, -2.384185791015625e-07, -4.954636096954346e-07, 0.020050257444381714, -0.11675932258367538, -0.9929578304290771, -0.17071855068206787, 0.9781720638275146, -0.11846791952848434, 0.9851158261299133, 0.17189174890518188, -0.00032037487835623324),
            ["UpperTorso"] = CFrame.new(1.0244548320770264e-08, 1.1920928955078125e-07, -9.557697921991348e-08, 0.999371349811554, -0.002349634189158678, 0.035376954823732376, -0.00483057601377368, 0.9794737100601196, 0.2015141099691391, -0.0351242832839489, -0.20155832171440125, 0.978846549987793),
            ["HumanoidRootPart"] = CFrame.new(0, 0, 0, 1, 0, 0, 0, 1, 0, 0, 0, 1),
            ["RightUpperLeg"] = CFrame.new(2.384185791015625e-07, 8.074566721916199e-07, -7.283233571797609e-09, 0.5395082831382751, -0.8191515803337097, -0.19473488628864288, -0.2637884020805359, 0.055195894092321396, -0.9629999995231628, 0.7995914816856384, 0.570915162563324, -0.18630419671535492),
            ["LeftUpperArm"] = CFrame.new(0, 2.384185791015625e-07, -1.862645149230957e-09, 0.16446121037006378, 0.5435255765914917, 0.8231236338615417, 0.20866477489471436, 0.7964295744895935, -0.5675904154777527, -0.9640599489212036, 0.2651035785675049, 0.01756715029478073),
            ["RightLowerArm"] = CFrame.new(-4.76837158203125e-07, 0, -1.564621925354004e-07, 1, -1.1175870895385742e-07, 1.266598843585598e-07, 8.940698847936801e-08, -0.044191084802150726, -0.9990231394767761, 8.940698847936801e-08, 0.9990231394767761, -0.04419110715389252),
            ["LeftHand"] = CFrame.new(9.685754776000977e-08, 5.960464477539063e-08, -2.123415470123291e-07, -0.11694243550300598, 0.1282453089952469, 0.9848237037658691, -0.06558586657047272, 0.9884656667709351, -0.13650746643543243, -0.9909707307815552, -0.08055400103330612, -0.10718263685703278),
            ["LeftFoot"] = CFrame.new(-1.4901161193847656e-08, 0, 1.6763806343078613e-08, 0.9957022666931152, 0.09261245280504227, -0.0003171885327901691, -0.09146171808242798, 0.9827815294265747, -0.1605471819639206, -0.014556974172592163, 0.15988630056381226, 0.987028181552887),
            ["LowerTorso"] = CFrame.new(0.08031725883483887, 0.01016855239868164, -0.0869266465306282, 0.9953728318214417, -0.08891158550977707, -0.036437928676605225, 0.08177206665277481, 0.9829468727111816, -0.16470879316329956, 0.0504610650241375, 0.16096706688404083, 0.9856690168380737),
            ["RightLowerLeg"] = CFrame.new(-8.940696716308594e-08, -0.0000036954879760742188, -0.000013170931197237223, 1, 1.1920928955078125e-07, 6.705521968797257e-07, -1.601874828338623e-07, -0.8235896825790405, 0.5671858787536621, 6.92903995513916e-07, -0.5671861171722412, -0.8235898613929749),
            ["LeftUpperLeg"] = CFrame.new(0, 3.3155083656311035e-07, -1.30385160446167e-08, 0.9999759793281555, -0.005942482966929674, -0.0035725170746445656, 0.005884566344320774, 0.9998551607131958, -0.01597628928720951, 0.003667055396363139, 0.015954747796058655, 0.9998660087585449),
            ["LeftLowerLeg"] = CFrame.new(4.284083843231201e-08, 0.0000040531158447265625, 0.000013301149010658264, 1, 8.381904947896146e-09, -4.842878453814592e-08, -5.21540641784668e-08, 0.9449025392532349, 0.32735195755958557, -1.4901161193847656e-08, -0.3273519277572632, 0.9449025988578796),
        }},
        {Time = 0.067, Data = {
            ["RightFoot"] = CFrame.new(4.470348358154297e-08, 1.1920928955078125e-07, 3.149762051180005e-08, 0.9724396467208862, -0.0208604633808136, -0.23222045600414276, 0.11051137000322342, 0.9182419776916504, 0.3802884817123413, 0.20530112087726593, -0.39547017216682434, 0.8952398896217346),
            ["LeftLowerArm"] = CFrame.new(-5.960464477539063e-08, -5.960464477539063e-08, -3.7159770727157593e-07, 1, -8.940696716308594e-08, 1.1175870895385742e-07, 7.450580596923828e-08, -0.06486344337463379, -0.9978941679000854, 9.685754776000977e-08, 0.9978941679000854, -0.06486348062753677),
            ["RightUpperArm"] = CFrame.new(0, -1.1920928955078125e-07, -5.587935447692871e-09, 0.2528027594089508, -0.3831898868083954, -0.8884010314941406, -0.19069477915763855, 0.880480945110321, -0.4340377748012543, 0.9485390186309814, 0.27913936972618103, 0.14951567351818085),
            ["Head"] = CFrame.new(-4.7963112592697144e-08, -8.344650268554688e-07, -2.6309862732887268e-08, 0.9867867827415466, 0.16187037527561188, -0.007060314528644085, -0.15371890366077423, 0.9215423464775085, -0.35655316710472107, -0.051209013909101486, 0.35292723774909973, 0.9342483282089233),
            ["RightHand"] = CFrame.new(5.960464477539063e-08, -4.76837158203125e-07, -2.9802322387695312e-08, 0.021277068182826042, -0.1163916140794754, -0.9929755330085754, -0.1739472895860672, 0.9776210784912109, -0.11831910163164139, 0.9845251441001892, 0.17524276673793793, 0.000554882048163563),
            ["UpperTorso"] = CFrame.new(4.0978193283081055e-08, -2.9802322387695312e-08, 1.3271346688270569e-08, 0.9993709325790405, -0.00247777858749032, 0.035378847271203995, -0.004730783402919769, 0.979328453540802, 0.20222146809101105, -0.03514857590198517, -0.20226161181926727, 0.978700578212738),
            ["HumanoidRootPart"] = CFrame.new(0, 0, 0, 1, 0, 0, 0, 1, 0, 0, 0, 1),
            ["RightUpperLeg"] = CFrame.new(2.384185791015625e-07, 0.0000013997778296470642, -1.0414078133180737e-07, 0.5396216511726379, -0.8195845484733582, -0.1925867348909378, -0.26012560725212097, 0.055251020938158035, -0.9639926552772522, 0.8007141351699829, 0.5702881217002869, -0.1833806335926056),
            ["LeftUpperArm"] = CFrame.new(0, -4.76837158203125e-07, 1.862645149230957e-09, 0.16519276797771454, 0.5419679284095764, 0.8240037560462952, 0.20991337299346924, 0.7970187664031982, -0.5663017630577087, -0.9636637568473816, 0.26651832461357117, 0.017895406112074852),
            ["RightLowerArm"] = CFrame.new(-3.5762786865234375e-07, -7.152557373046875e-07, 5.587935447692871e-08, 1, -7.450580596923828e-08, 1.0430815677864302e-07, 8.940699558479537e-08, -0.04325681924819946, -0.9990639686584473, 7.450583439094771e-08, 0.9990639686584473, -0.04325677827000618),
            ["LeftHand"] = CFrame.new(-7.450580596923828e-09, -5.960464477539063e-08, -3.725290298461914e-08, -0.11551622301340103, 0.12822303175926208, 0.9849948883056641, -0.06305555999279022, 0.9886866211891174, -0.13609842956066132, -0.9913021922111511, -0.07783108949661255, -0.1061241626739502),
            ["LeftFoot"] = CFrame.new(2.468004822731018e-08, 0, -5.587935447692871e-09, 0.9956575036048889, 0.09309212118387222, -0.0003311625332571566, -0.09196842461824417, 0.9830760359764099, -0.15844036638736725, -0.014424186199903488, 0.15778309106826782, 0.9873685836791992),
            ["LowerTorso"] = CFrame.new(0.07948905974626541, 0.010283231735229492, -0.08729875087738037, 0.9954659938812256, -0.08789721131324768, -0.036352869123220444, 0.08076793700456619, 0.9829767346382141, -0.1650257110595703, 0.05023932084441185, 0.1613413691520691, 0.9856191277503967),
            ["RightLowerLeg"] = CFrame.new(2.384185791015625e-07, -0.000003635883331298828, -0.000013051721907686442, 1, 3.427267927236244e-07, 0.0000013262033462524414, -1.825392246246338e-07, -0.8246047496795654, 0.5657093524932861, 0.0000010915100574493408, -0.5657092332839966, -0.8246046900749207),
            ["LeftUpperLeg"] = CFrame.new(1.4901161193847656e-07, 4.33996319770813e-07, 2.514570951461792e-08, 0.9999660849571228, -0.007436938583850861, -0.003536270000040531, 0.007390464656054974, 0.9998885989189148, -0.012972419150173664, 0.003632552921772003, 0.01294584572315216, 0.9999095797538757),
            ["LeftLowerLeg"] = CFrame.new(-3.725290298461914e-08, 0.000003874301910400391, 0.000013329088687896729, 1, -2.9802318834981634e-08, 4.6566128730773926e-09, -1.30385116037246e-08, 0.946467399597168, 0.3227992653846741, -1.7695121812266734e-08, -0.32279953360557556, 0.9464674592018127),
        }},
        {Time = 0.100, Data = {
            ["RightFoot"] = CFrame.new(-4.470348358154297e-08, 1.7881393432617188e-07, -4.300818545743823e-08, 0.9731415510177612, -0.020940782502293587, -0.2292536497116089, 0.10905810445547104, 0.9189502000808716, 0.37899458408355713, 0.2027360498905182, -0.3938174247741699, 0.8965522646903992),
            ["LeftLowerArm"] = CFrame.new(-1.1920928955078125e-07, -5.364418029785156e-07, -5.960464477539062e-07, 1, -8.940694584680386e-08, 9.685753354915505e-08, 9.685756907629184e-08, -0.06377580016851425, -0.9979643225669861, 9.685756907629184e-08, 0.9979643225669861, -0.06377581506967545),
            ["RightUpperArm"] = CFrame.new(-5.960464477539063e-08, 2.384185791015625e-07, -5.587935447692871e-09, 0.2527380883693695, -0.3833473026752472, -0.8883515000343323, -0.19140928983688354, 0.8802028894424438, -0.43428730964660645, 0.9484123587608337, 0.2797996997833252, 0.14908458292484283),
            ["Head"] = CFrame.new(-2.9685907065868378e-08, -3.5762786865234375e-07, 5.820766091346741e-09, 0.9869731068611145, 0.16071511805057526, -0.007405840326100588, -0.1526869237422943, 0.9211768507957458, -0.3579385578632355, -0.05070405453443527, 0.35440656542778015, 0.9337158203125),
            ["RightHand"] = CFrame.new(5.960464477539063e-08, 5.960464477539063e-08, 3.129243850708008e-07, 0.02211569808423519, -0.11612080037593842, -0.9929888844490051, -0.17641304433345795, 0.9771931767463684, -0.11820279061794281, 0.9840677976608276, 0.17779035866260529, 0.0011260731844231486),
            ["UpperTorso"] = CFrame.new(7.369089871644974e-08, 1.7881393432617188e-07, -4.866160452365875e-08, 0.9993661642074585, -0.002619904698804021, 0.035501785576343536, -0.004646210931241512, 0.9791577458381653, 0.20304803550243378, -0.0352938175201416, -0.2030843049287796, 0.9785249829292297),
            ["HumanoidRootPart"] = CFrame.new(0, 0, 0, 1, 0, 0, 0, 1, 0, 0, 0, 1),
            ["RightUpperLeg"] = CFrame.new(5.960464477539063e-08, -5.122274160385132e-08, -1.845910446718335e-08, 0.5397425889968872, -0.8200337290763855, -0.1903230994939804, -0.2563953399658203, 0.05520894378423691, -0.964993953704834, 0.8018350601196289, 0.5696461200714111, -0.18045435845851898),
            ["LeftUpperArm"] = CFrame.new(0, -2.384185791015625e-07, -2.60770320892334e-08, 0.16592586040496826, 0.5403584241867065, 0.8249130249023438, 0.21147316694259644, 0.7975504398345947, -0.5649711489677429, -0.9631966352462769, 0.2681903839111328, 0.018062954768538475),
            ["RightLowerArm"] = CFrame.new(-5.960464477539062e-07, -5.364418029785156e-07, 5.401670932769775e-07, 1, -9.685751223287298e-08, 1.266598843585598e-07, 6.705523958316917e-08, -0.04218435287475586, -0.9991099238395691, 7.4505820180093e-08, 0.9991099238395691, -0.042184434831142426),
            ["LeftHand"] = CFrame.new(1.7881393432617188e-07, -5.960464477539063e-08, 4.4330954551696777e-07, -0.11403847485780716, 0.12819157540798187, 0.9851711988449097, -0.06050224229693413, 0.9889036417007446, -0.13568072021007538, -0.9916324019432068, -0.07507780939340591, -0.10501721501350403),
            ["LeftFoot"] = CFrame.new(-2.3283064365386963e-08, 1.1920928955078125e-07, 1.6763806343078613e-08, 0.9956119656562805, 0.09357807785272598, -0.0003406992182135582, -0.0924823135137558, 0.983386218547821, -0.1562006175518036, -0.01428208127617836, 0.15554676949977875, 0.9877253770828247),
            ["LowerTorso"] = CFrame.new(0.07864245027303696, 0.010411500930786133, -0.08757837116718292, 0.9955571889877319, -0.08688428997993469, -0.03629055246710777, 0.07976274937391281, 0.9830089807510376, -0.1653222143650055, 0.05003783479332924, 0.16169311106204987, 0.9855717420578003),
            ["RightLowerLeg"] = CFrame.new(-1.7881393432617188e-07, -0.0000035762786865234375, -0.000013543460227083415, 1, -3.725291151113197e-07, -0.0000011175870895385742, 2.4214389782173384e-07, -0.8255875706672668, 0.5642735362052917, -0.000001154840106210031, -0.5642739534378052, -0.8255879282951355),
            ["LeftUpperLeg"] = CFrame.new(1.4901161193847656e-07, -1.6763806343078613e-07, -5.4016709327697754e-08, 0.9999540448188782, -0.008935857564210892, -0.0034915762953460217, 0.008900715038180351, 0.9999109506607056, -0.009942655451595783, 0.0035802130587399006, 0.009910915978252888, 0.9999445080757141),
            ["LeftLowerLeg"] = CFrame.new(-5.3085386753082275e-08, 0.000003874301910400391, 0.00001330394297838211, 1, 5.4948024796885875e-08, 1.6763808119435453e-08, -1.1175870895385742e-08, 0.9480684399604797, 0.31806641817092896, 5.3085386753082275e-08, -0.31806644797325134, 0.9480684995651245),
        }},
        {Time = 0.133, Data = {
            ["RightFoot"] = CFrame.new(-1.4901161193847656e-08, 4.172325134277344e-07, 1.6596459317952394e-08, 0.9738295674324036, -0.020992375910282135, -0.2263089120388031, 0.10761967301368713, 0.9196122288703918, 0.3777979612350464, 0.2001853585243225, -0.39226624369621277, 0.8978045582771301),
            ["LeftLowerArm"] = CFrame.new(-2.384185791015625e-07, -4.172325134277344e-07, -5.792826414108276e-07, 1, -7.450583439094771e-08, 1.0430816388407038e-07, 6.705523958316917e-08, -0.0625486671924591, -0.9980419874191284, 7.823111758398227e-08, 0.9980419874191284, -0.06254871934652328),
            ["RightUpperArm"] = CFrame.new(-5.960464477539063e-08, -1.1920928955078125e-07, -2.7939677238464355e-08, 0.252609521150589, -0.38353046774864197, -0.8883090019226074, -0.19239012897014618, 0.8798420429229736, -0.4345850646495819, 0.9482481479644775, 0.28068217635154724, 0.14846903085708618),
            ["Head"] = CFrame.new(-9.19681042432785e-09, -2.384185791015625e-07, -2.3981556296348572e-08, 0.9871352910995483, 0.15970133244991302, -0.0077171940356493, -0.15178121626377106, 0.9208207130432129, -0.35923776030540466, -0.050264596939086914, 0.35578760504722595, 0.9332142472267151),
            ["RightHand"] = CFrame.new(8.195638656616211e-08, 7.152557373046875e-07, -2.7194619178771973e-07, 0.02251206524670124, -0.1159617155790329, -0.9929986000061035, -0.17803029716014862, 0.9769099950790405, -0.11811904609203339, 0.9837674498558044, 0.17944301664829254, 0.0013475565938279033),
            ["UpperTorso"] = CFrame.new(-6.402842700481415e-09, 1.4901161193847656e-07, -1.4435499906539917e-08, 0.9993658065795898, -0.002782640513032675, 0.03550170361995697, -0.004524108953773975, 0.9789431691169739, 0.20408298075199127, -0.03532204031944275, -0.2041141390800476, 0.978309690952301),
            ["HumanoidRootPart"] = CFrame.new(0, 0, 0, 1, 0, 0, 0, 1, 0, 0, 0, 1),
            ["RightUpperLeg"] = CFrame.new(-2.9802322387695312e-08, -1.1548399925231934e-07, 1.0261283023282886e-07, 0.5398850440979004, -0.8204604983329773, -0.18806639313697815, -0.25272953510284424, 0.05511625483632088, -0.965965747833252, 0.8029021620750427, 0.569040060043335, -0.177598774433136),
            ["LeftUpperArm"] = CFrame.new(0, 0, -5.587935447692871e-09, 0.16657160222530365, 0.5386436581611633, 0.8259037733078003, 0.2131475806236267, 0.79813152551651, -0.5635194778442383, -0.9627159237861633, 0.26990583539009094, 0.01813543774187565),
            ["RightLowerArm"] = CFrame.new(-4.470348358154297e-07, 0, 1.0803341865539551e-07, 1, -8.940696716308594e-08, 1.043081283569336e-07, 8.195638656616211e-08, -0.04125100374221802, -0.9991489052772522, 6.705522537231445e-08, 0.9991489052772522, -0.041250985115766525),
            ["LeftHand"] = CFrame.new(-1.7881393432617188e-07, -1.7881393432617188e-07, -8.940696716308594e-08, -0.11252136528491974, 0.12815126776695251, 0.9853507876396179, -0.057956524193286896, 0.9891138076782227, -0.1352589726448059, -0.9919577240943909, -0.07232701033353806, -0.10386928915977478),
            ["LeftFoot"] = CFrame.new(-5.587935447692871e-09, -1.1920928955078125e-07, 0, 0.9955657124519348, 0.0940682664513588, -0.0003459992294665426, -0.09300176054239273, 0.9837122559547424, -0.15382081270217896, -0.01412960421293974, 0.15317100286483765, 0.9880987405776978),
            ["LowerTorso"] = CFrame.new(0.07778128981590271, 0.01055455207824707, -0.087778739631176, 0.9956473112106323, -0.08587159961462021, -0.03622851520776749, 0.07875789701938629, 0.9830400347709656, -0.1656188815832138, 0.04983603209257126, 0.1620447039604187, 0.9855242371559143),
            ["RightLowerLeg"] = CFrame.new(1.1920928955078125e-07, -0.000003874301910400391, -0.00001337954745395109, 1, -2.980232949312267e-08, -3.27825716794905e-07, 1.3783578367565497e-07, -0.8265329599380493, 0.5628882050514221, -2.9429804726532893e-07, -0.5628884434700012, -0.8265331387519836),
            ["LeftUpperLeg"] = CFrame.new(2.9802322387695312e-08, 4.4330954551696777e-07, 4.0046870708465576e-08, 0.9999395608901978, -0.010439460165798664, -0.0034595057368278503, 0.010415579192340374, 0.9999223351478577, -0.006852551829069853, 0.0035310646053403616, 0.006816123612225056, 0.999970555305481),
            ["LeftLowerLeg"] = CFrame.new(0, 0.000003814697265625, 0.00001333281397819519, 1, 3.259629366425543e-08, 3.2596297216969106e-08, -2.514570951461792e-08, 0.9497086405754089, 0.3131349980831146, -2.7939677238464355e-09, -0.313135027885437, 0.9497087597846985),
        }},
        {Time = 0.167, Data = {
            ["RightFoot"] = CFrame.new(1.4901161193847656e-08, 2.980232238769531e-07, -8.77116690389812e-08, 0.9745410680770874, -0.021003134548664093, -0.2232237011194229, 0.10611753910779953, 0.9202371835708618, 0.37669938802719116, 0.19750675559043884, -0.39079710841178894, 0.8990376591682434),
            ["LeftLowerArm"] = CFrame.new(-2.384185791015625e-07, -0.0000011920928955078125, -3.213062882423401e-07, 1, -9.313227877782992e-08, 8.195639367158947e-08, 7.450584149637507e-08, -0.06132667511701584, -0.9981178045272827, 7.823113179483698e-08, 0.9981178641319275, -0.061326660215854645),
            ["RightUpperArm"] = CFrame.new(0, 3.5762786865234375e-07, -1.1175870895385742e-08, 0.25253230333328247, -0.3837074935436249, -0.8882545828819275, -0.19338646531105042, 0.8794711828231812, -0.43489331007003784, 0.948065996170044, 0.2816009521484375, 0.14789101481437683),
            ["Head"] = CFrame.new(-3.64379957318306e-08, -4.76837158203125e-07, -1.1757947504520416e-08, 0.9873154163360596, 0.15857018530368805, -0.00798837374895811, -0.15075314044952393, 0.9204806089401245, -0.36053985357284546, -0.04981772229075432, 0.35717079043388367, 0.9327096343040466),
            ["RightHand"] = CFrame.new(2.2351741790771484e-07, -1.7881393432617188e-07, 1.9371509552001953e-07, 0.022426703944802284, -0.11592960357666016, -0.9930042028427124, -0.17870572209358215, 0.9767922163009644, -0.11807295680046082, 0.9836469292640686, 0.18010357022285461, 0.001188933732919395),
            ["UpperTorso"] = CFrame.new(-1.2922100722789764e-08, 2.086162567138672e-07, -9.988434612751007e-08, 0.9993630051612854, -0.0028893675189465284, 0.035571932792663574, -0.004466982092708349, 0.9787526726722717, 0.2049960345029831, -0.03540842980146408, -0.2050243318080902, 0.9781162738800049),
            ["HumanoidRootPart"] = CFrame.new(0, 0, 0, 1, 0, 0, 0, 1, 0, 0, 0, 1),
            ["RightUpperLeg"] = CFrame.new(1.1920928955078125e-07, 1.0617077350616455e-07, -1.3953103916719556e-07, 0.5400261282920837, -0.8208991289138794, -0.18573305010795593, -0.2489227056503296, 0.055026836693286896, -0.9669588804244995, 0.8039959073066711, 0.5684159994125366, -0.174624964594841),
            ["LeftUpperArm"] = CFrame.new(5.960464477539063e-08, 3.5762786865234375e-07, -1.4901161193847656e-08, 0.16724875569343567, 0.5370033383369446, 0.8268345594406128, 0.21492619812488556, 0.798618495464325, -0.5621523261070251, -0.9622030258178711, 0.271727591753006, 0.018151871860027313),
            ["RightLowerArm"] = CFrame.new(-4.76837158203125e-07, 5.960464477539063e-08, -3.3155083656311035e-07, 1, -8.940695295223122e-08, 1.0430814256778831e-07, 9.685756197086448e-08, -0.04018470272421837, -0.9991923570632935, 1.0430814256778831e-07, 0.9991922378540039, -0.04018467664718628),
            ["LeftHand"] = CFrame.new(1.862645149230957e-07, -4.172325134277344e-07, -5.699694156646729e-07, -0.11098600924015045, 0.12810221314430237, 0.9855313897132874, -0.05544988065958023, 0.9893149137496948, -0.1348385512828827, -0.9922739267349243, -0.0696127638220787, -0.10269685089588165),
            ["LeftFoot"] = CFrame.new(6.05359673500061e-09, 1.1920928955078125e-07, -9.313225746154785e-09, 0.9955189824104309, 0.094561368227005, -0.0003469760704319924, -0.09352380037307739, 0.984041154384613, -0.15138156712055206, -0.013973529450595379, 0.15073561668395996, 0.9884753823280334),
            ["LowerTorso"] = CFrame.new(0.07690955698490143, 0.010711193084716797, -0.08791305124759674, 0.9957341551780701, -0.08489611744880676, -0.03614046424627304, 0.07779306918382645, 0.983063280582428, -0.1659366488456726, 0.04961574077606201, 0.16241730749607086, 0.9854739904403687),
            ["RightLowerLeg"] = CFrame.new(0, -0.0000036954879760742188, -0.00001322308526141569, 1, -7.748600978629838e-07, -0.0000018328428268432617, 6.258487132981827e-07, -0.8274431228637695, 0.5615492463111877, -0.0000017695126643957337, -0.5615496635437012, -0.8274433612823486),
            ["LeftUpperLeg"] = CFrame.new(-1.1920928955078125e-07, -3.725290298461914e-09, -8.381903171539307e-08, 0.9999231100082397, -0.011910224333405495, -0.0034641672391444445, 0.011897144839167595, 0.9999221563339233, -0.003765179542824626, 0.003508924040943384, 0.003723710309714079, 0.9999869465827942),
            ["LeftLowerLeg"] = CFrame.new(-6.332993507385254e-08, 0.000003814697265625, 0.000013315118849277496, 1, -6.51925624595151e-09, -5.960465898624534e-08, -7.450581485102248e-09, 0.9513334035873413, 0.30816373229026794, 2.0489098417897367e-08, -0.3081636130809784, 0.9513333439826965),
        }},
        {Time = 0.200, Data = {
            ["RightFoot"] = CFrame.new(8.940696716308594e-08, 4.76837158203125e-07, -1.3241515262052417e-07, 0.9752182364463806, -0.02098998986184597, -0.22024770081043243, 0.10467063635587692, 0.9208074808120728, 0.37571051716804504, 0.19491901993751526, -0.3894523084163666, 0.9001848101615906),
            ["LeftLowerArm"] = CFrame.new(5.960464477539063e-08, -6.556510925292969e-07, 2.8312206268310547e-07, 1, -9.685759039257391e-08, 8.195638656616211e-08, 8.940699558479537e-08, -0.06010544300079346, -0.9981920123100281, 1.0430816388407038e-07, 0.9981920719146729, -0.06010548025369644),
            ["RightUpperArm"] = CFrame.new(0, 1.1920928955078125e-07, 1.6763806343078613e-08, 0.25245338678359985, -0.3838527500629425, -0.8882142305374146, -0.19434358179569244, 0.879126787185669, -0.4351629912853241, 0.9478912949562073, 0.28247711062431335, 0.14733920991420746),
            ["Head"] = CFrame.new(-4.598405212163925e-08, 0, 3.026798367500305e-09, 0.987490713596344, 0.1574651300907135, -0.008185592480003834, -0.1497364491224289, 0.9202247858047485, -0.3616151809692383, -0.04940918833017349, 0.3583172857761383, 0.9322915077209473),
            ["RightHand"] = CFrame.new(3.8743019104003906e-07, 1.1920928955078125e-07, 5.029141902923584e-07, 0.022053902968764305, -0.11597245931625366, -0.9930076599121094, -0.1788284182548523, 0.9767729043960571, -0.11804806441068649, 0.9836331605911255, 0.18018130958080292, 0.0008024947601370513),
            ["UpperTorso"] = CFrame.new(2.5029294192790985e-08, 5.960464477539063e-08, -6.647314876317978e-08, 0.9993600845336914, -0.00296719279140234, 0.035648517310619354, -0.004436287563294172, 0.9785803556442261, 0.20581768453121185, -0.03549564257264137, -0.20584411919116974, 0.9779408574104309),
            ["HumanoidRootPart"] = CFrame.new(0, 0, 0, 1, 0, 0, 0, 1, 0, 0, 0, 1),
            ["RightUpperLeg"] = CFrame.new(1.1920928955078125e-07, 2.3748725652694702e-07, -7.24758137948811e-08, 0.5401633381843567, -0.8213282227516174, -0.18342171609401703, -0.24517826735973358, 0.05491296201944351, -0.9679214954376221, 0.8050534725189209, 0.5678067207336426, -0.17171064019203186),
            ["LeftUpperArm"] = CFrame.new(-2.384185791015625e-07, -1.1920928955078125e-07, 1.1175870895385742e-08, 0.16776612401008606, 0.5354350209236145, 0.8277463316917419, 0.216591939330101, 0.7991114854812622, -0.5608107447624207, -0.9617393016815186, 0.2733682692050934, 0.018092934042215347),
            ["RightLowerArm"] = CFrame.new(-3.5762786865234375e-07, -7.152557373046875e-07, 8.195638656616211e-08, 1, -1.0430809993522416e-07, 8.940698137394065e-08, 7.4505820180093e-08, -0.03911548852920532, -0.9992347359657288, 8.195640788244418e-08, 0.999234676361084, -0.03911551460623741),
            ["LeftHand"] = CFrame.new(2.086162567138672e-07, -5.960464477539062e-07, 2.980232238769531e-07, -0.10944906622171402, 0.12804631888866425, 0.9857104420661926, -0.05301249772310257, 0.9895046353340149, -0.13442549109458923, -0.9925777316093445, -0.06696771830320358, -0.10151238739490509),
            ["LeftFoot"] = CFrame.new(-1.862645149230957e-08, 0, -3.725290298461914e-09, 0.9954719543457031, 0.09505489468574524, -0.0003442025918047875, -0.09404794126749039, 0.9843882322311401, -0.1487780660390854, -0.013803544454276562, 0.1481368988752365, 0.9888706207275391),
            ["LowerTorso"] = CFrame.new(0.0760296955704689, 0.010886907577514648, -0.0879746824502945, 0.9958200454711914, -0.08392070233821869, -0.03605274111032486, 0.07682842016220093, 0.9830853939056396, -0.16625459492206573, 0.0493951253592968, 0.16278977692127228, 0.9854236245155334),
            ["RightLowerLeg"] = CFrame.new(0, -0.0000036954879760742188, -0.000012962314940523356, 1, 4.4703497792397684e-08, -1.3411047916633834e-07, 1.0058285937475375e-07, -0.8283151984214783, 0.5602627992630005, -2.011657187495075e-07, -0.5602623820304871, -0.8283149600028992),
            ["LeftUpperLeg"] = CFrame.new(-1.1920928955078125e-07, -5.774199962615967e-08, -1.210719347000122e-08, 0.9999043941497803, -0.013381706550717354, -0.003482270520180464, 0.013379761017858982, 0.9999104142189026, -0.0005817569908685982, 0.003490071278065443, 0.0005351033178158104, 0.9999938011169434),
            ["LeftLowerLeg"] = CFrame.new(-7.450580596923828e-09, 0.000003933906555175781, 0.000013276934623718262, 1, 1.862644793959589e-08, -3.5390254282674505e-08, -5.867330798992043e-08, 0.9530112147331238, 0.30293524265289307, -5.5879341154252415e-09, -0.3029352128505707, 0.9530112147331238),
        }},
        {Time = 0.233, Data = {
            ["RightFoot"] = CFrame.new(1.4901161193847656e-07, 1.1920928955078125e-07, -1.3241515262052417e-07, 0.9759154319763184, -0.020942531526088715, -0.21714234352111816, 0.10316181182861328, 0.9213531017303467, 0.3747880160808563, 0.19221557676792145, -0.3881623446941376, 0.9013230204582214),
            ["LeftLowerArm"] = CFrame.new(-2.384185791015625e-07, -6.556510925292969e-07, -3.6135315895080566e-07, 1, -9.3132300094112e-08, 1.1175870895385742e-07, 7.450583439094771e-08, -0.058747611939907074, -0.9982728958129883, 9.313229298868464e-08, 0.9982728958129883, -0.05874760448932648),
            ["RightUpperArm"] = CFrame.new(0, 1.1920928955078125e-07, 1.1175870895385742e-08, 0.25232750177383423, -0.38410353660583496, -0.8881415724754333, -0.19516390562057495, 0.8787774443626404, -0.43550121784210205, 0.947756290435791, 0.2832220494747162, 0.14677655696868896),
            ["Head"] = CFrame.new(-2.153683453798294e-08, -3.5762786865234375e-07, -1.0710209608078003e-08, 0.9876707792282104, 0.15631356835365295, -0.008529442362487316, -0.14874586462974548, 0.9200795888900757, -0.3623926043510437, -0.048799119889736176, 0.35919323563575745, 0.9319865703582764),
            ["RightHand"] = CFrame.new(1.7136335372924805e-07, -1.1920928955078125e-07, 2.980232238769531e-07, 0.021614709869027138, -0.11603180319070816, -0.9930103421211243, -0.17882730066776276, 0.9767755270004272, -0.11802732199430466, 0.9836430549621582, 0.1801285594701767, 0.00036311158328317106),
            ["UpperTorso"] = CFrame.new(3.923196345567703e-08, -2.384185791015625e-07, 1.3271346688270569e-08, 0.9993591904640198, -0.0030661115888506174, 0.035662490874528885, -0.00436786375939846, 0.9784325361251831, 0.20652061700820923, -0.03552656248211861, -0.20654405653476715, 0.9777921438217163),
            ["HumanoidRootPart"] = CFrame.new(0, 0, 0, 1, 0, 0, 0, 1, 0, 0, 0, 1),
            ["RightUpperLeg"] = CFrame.new(0, -2.2351741790771484e-08, 1.5068508218973875e-08, 0.5403673648834229, -0.821743369102478, -0.1809457242488861, -0.24132031202316284, 0.054661329835653305, -0.9689047336578369, 0.8060817122459412, 0.567230224609375, -0.16876699030399323),
            ["LeftUpperArm"] = CFrame.new(-1.1920928955078125e-07, 1.1920928955078125e-07, 5.587935447692871e-09, 0.16830870509147644, 0.5337156057357788, 0.8287459015846252, 0.21828046441078186, 0.7996879816055298, -0.5593324303627014, -0.9612626433372498, 0.27503955364227295, 0.0180947408080101),
            ["RightLowerArm"] = CFrame.new(-4.172325134277344e-07, -4.76837158203125e-07, 9.760260581970215e-07, 1, -8.940698847936801e-08, 8.195640788244418e-08, 9.685754776000977e-08, -0.0379180945456028, -0.9992809295654297, 9.685754776000977e-08, 0.9992808699607849, -0.03791811317205429),
            ["LeftHand"] = CFrame.new(6.705522537231445e-08, 2.980232238769531e-07, 3.3527612686157227e-07, -0.10792761296033859, 0.12798289954662323, 0.9858864545822144, -0.05067458003759384, 0.9896818399429321, -0.1340230405330658, -0.9928663969039917, -0.06442422419786453, -0.10032856464385986),
            ["LeftFoot"] = CFrame.new(-2.9336661100387573e-08, 5.960464477539063e-08, 7.450580596923828e-09, 0.9954248070716858, 0.0955476462841034, -0.00034217358916066587, -0.09457254409790039, 0.9847434163093567, -0.14607004821300507, -0.013619711622595787, 0.14543431997299194, 0.9892742037773132),
            ["LowerTorso"] = CFrame.new(0.07514983415603638, 0.0110626220703125, -0.08803635835647583, 0.9959062337875366, -0.08290842920541763, -0.03601406142115593, 0.07582160085439682, 0.9831168055534363, -0.166531041264534, 0.049212850630283356, 0.1631186455488205, 0.9853783845901489),
            ["RightLowerLeg"] = CFrame.new(0, -0.000003635883331298828, -0.000013327393389772624, 1, -2.086162567138672e-07, -8.493664154229918e-07, 2.2724267978446733e-07, -0.8291953802108765, 0.5589584708213806, -8.270143325717072e-07, -0.5589589476585388, -0.8291956186294556),
            ["LeftUpperLeg"] = CFrame.new(1.7881393432617188e-07, 1.6763806343078613e-07, 1.6763806343078613e-08, 0.999883234500885, -0.014887042343616486, -0.003465610556304455, 0.01489635556936264, 0.9998854398727417, 0.00269760238006711, 0.00342513807117939, -0.002748900093138218, 0.9999903440475464),
            ["LeftLowerLeg"] = CFrame.new(3.4458935260772705e-08, 0.000003874301910400391, 0.000013365410268306732, 1, 1.0710209608078003e-08, -1.7695128917694092e-08, -5.308541162207803e-08, 0.9547336101531982, 0.2974622845649719, -4.097821459936313e-08, -0.2974623739719391, 0.9547336101531982),
        }},
        {Time = 0.267, Data = {
            ["RightFoot"] = CFrame.new(-1.043081283569336e-07, 4.76837158203125e-07, -1.6221747500821948e-07, 0.9766079187393188, -0.02087710052728653, -0.21401242911815643, 0.10164628177881241, 0.9218748807907104, 0.3739181458950043, 0.18948610126972198, -0.3869248926639557, 0.9024322628974915),
            ["LeftLowerArm"] = CFrame.new(-5.960464477539063e-08, -4.76837158203125e-07, -1.4808028936386108e-07, 1, -8.56816981809061e-08, 1.0430815677864302e-07, 7.4505820180093e-08, -0.0575292706489563, -0.9983438849449158, 1.0430815677864302e-07, 0.9983438849449158, -0.05752933397889137),
            ["RightUpperArm"] = CFrame.new(0, -1.1920928955078125e-07, 1.210719347000122e-08, 0.2523358166217804, -0.384352445602417, -0.8880314826965332, -0.1957697868347168, 0.8784727454185486, -0.4358437955379486, 0.9476290345191956, 0.2838287055492401, 0.14642556011676788),
            ["Head"] = CFrame.new(2.0139850676059723e-08, 1.1920928955078125e-07, -4.773028194904327e-09, 0.9878448247909546, 0.15519796311855316, -0.00873468816280365, -0.1477603018283844, 0.9200858473777771, -0.3627793490886688, -0.048265960067510605, 0.3596603274345398, 0.9318341612815857),
            ["RightHand"] = CFrame.new(-3.725290298461914e-08, 3.5762786865234375e-07, -2.2910535335540771e-07, 0.021096309646964073, -0.11611253768205643, -0.9930120706558228, -0.17867441475391388, 0.9768052101135254, -0.11801337450742722, 0.9836821556091309, 0.1799153983592987, -0.0001393184211337939),
            ["UpperTorso"] = CFrame.new(1.5832483768463135e-08, 8.940696716308594e-08, -2.4097971618175507e-08, 0.9993581771850586, -0.003042222000658512, 0.03569520264863968, -0.004416932351887226, 0.9783223271369934, 0.20704084634780884, -0.0355512872338295, -0.207065612077713, 0.9776809811592102),
            ["HumanoidRootPart"] = CFrame.new(0, 0, 0, 1, 0, 0, 0, 1, 0, 0, 0, 1),
            ["RightUpperLeg"] = CFrame.new(1.1920928955078125e-07, 4.796311259269714e-07, -1.7305865185335279e-07, 0.5405639410018921, -0.8221266269683838, -0.17860235273838043, -0.23745623230934143, 0.05456561595201492, -0.9698643684387207, 0.8070967793464661, 0.5666837096214294, -0.1657235026359558),
            ["LeftUpperArm"] = CFrame.new(0, 2.384185791015625e-07, -1.30385160446167e-08, 0.1687697470188141, 0.5320249199867249, 0.8297387957572937, 0.21967720985412598, 0.8003371953964233, -0.5578552484512329, -0.9608635902404785, 0.27642378211021423, 0.018198933452367783),
            ["RightLowerArm"] = CFrame.new(-4.172325134277344e-07, -4.172325134277344e-07, -3.6135315895080566e-07, 1, -1.1175870895385742e-07, 1.043081780949251e-07, 7.4505820180093e-08, -0.036854781210422516, -0.9993206858634949, 8.195640788244418e-08, 0.9993206262588501, -0.0368548147380352),
            ["LeftHand"] = CFrame.new(2.2351741790771484e-08, 5.364418029785156e-07, 2.5704503059387207e-07, -0.10643696039915085, 0.12791398167610168, 0.9860575199127197, -0.04846998676657677, 0.9898443818092346, -0.13363716006278992, -0.9931374788284302, -0.062018029391765594, -0.09915609657764435),
            ["LeftFoot"] = CFrame.new(6.51925802230835e-09, 5.960464477539063e-08, 7.450580596923828e-09, 0.9953778982162476, 0.09603604674339294, -0.00033748053829185665, -0.09509249776601791, 0.985095202922821, -0.1433345228433609, -0.013432852923870087, 0.14270442724227905, 0.9896742701530457),
