return {
    ["Hatchback"] = {
        {Time = 0.000, Data = {
            ["LeftFoot"] = CFrame.new(-4.0978193283081055e-08, 5.960464477539063e-08, 7.450580596923828e-09, 0.9975912570953369, -0.0632222443819046, -0.028544608503580093, 0.06378565728664398, 0.9977774620056152, 0.019276954233646393, 0.027262290939688683, -0.02105141431093216, 0.999406635761261),
            ["LeftLowerArm"] = CFrame.new(-5.960464477539063e-08, 0, 5.960464477539063e-08, 1, -1.4901161193847656e-07, 8.940696716308594e-08, 1.5273690223693848e-07, 0.5154518485069275, -0.8569185733795166, 8.195638656616211e-08, 0.8569185733795166, 0.5154517889022827),
            ["LowerTorso"] = CFrame.new(2.3283064365386963e-10, 0.050972938537597656, 0, 0.9780457615852356, 0.009408935904502869, -0.20817774534225464, 0.009408989921212196, 0.9959676861763, 0.08921903371810913, 0.20817774534225464, -0.08921904861927032, 0.9740133285522461),
            ["Head"] = CFrame.new(-6.51925802230835e-09, 0, 7.450580596923828e-09, 0.9242757558822632, -0.11711341887712479, 0.36331644654273987, 0.11871714890003204, 0.9927650094032288, 0.017997294664382935, -0.36279556155204773, 0.026497425511479378, 0.9314919710159302),
            ["RightUpperArm"] = CFrame.new(-0.1244884729385376, -0.48544174432754517, -0.4456688165664673, 0.25735774636268616, 0.33820152282714844, 0.9051998257637024, 0.701435387134552, 0.5789303779602051, -0.415725976228714, -0.6646469235420227, 0.7419295310974121, -0.08823423087596893),
            ["UpperTorso"] = CFrame.new(-4.190951585769653e-09, 2.980232238769531e-07, -8.207280188798904e-09, 0.9732962846755981, 0.03094961866736412, -0.22745676338672638, -0.05035797506570816, 0.9955199956893921, -0.08002512902021408, 0.2239610254764557, 0.08934240788221359, 0.9704944491386414),
            ["HumanoidRootPart"] = CFrame.new(0, 0, 0, 1, 0, 0, 0, 1, 0, 0, 0, 1),
            ["RightHand"] = CFrame.new(-1.1920928955078125e-07, -5.960464477539063e-08, -7.764901965856552e-08, 0.3490007817745209, 0.9309976100921631, 0.106966033577919, -0.9142872095108032, 0.36331555247306824, -0.179111048579216, -0.20561440289020538, -0.03528774529695511, 0.9779967665672302),
            ["LeftUpperArm"] = CFrame.new(-0.006746888160705566, -0.20096075534820557, -0.04253083094954491, 0.5849290490150452, -0.1279529184103012, -0.8009282946586609, -0.13182015717029572, 0.959352433681488, -0.24953220784664154, 0.8003009557723999, 0.25153714418411255, 0.5442863702774048),
            ["RightLowerArm"] = CFrame.new(3.5762786865234375e-07, 0, -1.1920928955078125e-07, 1, -8.940695295223122e-08, 8.026834308338948e-08, 3.597233444452286e-08, 0.003620712086558342, -0.9999934434890747, -1.4901161193847656e-08, 0.9999935030937195, 0.0036207041703164577),
            ["LeftHand"] = CFrame.new(-2.60770320892334e-08, -5.960464477539063e-08, -2.644956111907959e-07, 0.7826297283172607, -0.544013261795044, -0.3025561273097992, 0.4998050034046173, 0.8388951420783997, -0.21552279591560364, 0.3710600733757019, 0.017455510795116425, 0.9284448623657227),
            ["RightUpperLeg"] = CFrame.new(-2.9802322387695312e-08, 4.209578037261963e-07, -1.6596459317952394e-08, 0.9795866012573242, -0.1656109243631363, -0.11394388973712921, 0.0628059133887291, 0.7905855178833008, -0.6091224551200867, 0.19095970690250397, 0.5895317196846008, 0.7848482131958008),
            ["LeftUpperLeg"] = CFrame.new(2.9802322387695312e-08, 1.234002411365509e-07, -2.2351741790771484e-08, 0.8800284266471863, 0.20930258929729462, 0.42631253600120544, -0.03304041922092438, 0.9224563241004944, -0.3846849799156189, -0.4737701714038849, 0.32444819808006287, 0.8187033534049988),
            ["RightLowerLeg"] = CFrame.new(-2.9802322387695312e-08, -0.000004172325134277344, -0.00001312622771365568, 1, -2.1420419216156006e-07, -1.3038520307873114e-07, 2.0861631355728605e-07, 0.6644192337989807, 0.7473599314689636, -1.6391281576488836e-07, -0.747360110282898, 0.6644194722175598),
            ["RightFoot"] = CFrame.new(-4.423782229423523e-08, 2.980232238769531e-07, 1.4733814168721437e-08, 0.9882169365882874, 0.12554390728473663, 0.08755704015493393, -0.14126746356487274, 0.9682945013046265, 0.20603220164775848, -0.05891477316617966, -0.21597345173358917, 0.9746202826499939),
            ["LeftLowerLeg"] = CFrame.new(4.470348358154297e-08, 0.000003933906555175781, 0.00001329183578491211, 1, 0, 2.2351738238057806e-08, 0, 0.6503646373748779, 0.75962233543396, -7.4505797087454084e-09, -0.7596221566200256, 0.6503645181655884),
        }},
        {Time = 0.033, Data = {
            ["LeftFoot"] = CFrame.new(1.4901161193847656e-08, 0, 2.9802322387695312e-08, 0.9931550621986389, -0.11350784450769424, -0.02755153924226761, 0.10705692321062088, 0.9789246916770935, -0.1739121824502945, 0.04671115800738335, 0.16977213323116302, 0.9843756556510925),
            ["LeftLowerArm"] = CFrame.new(-1.7881393432617188e-07, -1.1920928955078125e-07, 8.940696716308594e-08, 1, -1.9557776909095992e-07, 1.089647554408657e-07, 1.5273690223693848e-07, 0.3737965524196625, -0.9275107383728027, 8.288770914077759e-08, 0.9275107383728027, 0.3737965524196625),
            ["LowerTorso"] = CFrame.new(0.004134234040975571, -0.05069148540496826, 0.00010673207725631073, 0.9917476177215576, 0.001608723890967667, -0.12819567322731018, 0.007506183814257383, 0.9974774122238159, 0.0705866739153862, 0.12798583507537842, -0.07096642255783081, 0.9892337322235107),
            ["Head"] = CFrame.new(9.313225746154785e-10, -3.5762786865234375e-07, 4.190951585769653e-09, 0.9837765097618103, -0.1032111868262291, 0.1467350870370865, 0.10290545225143433, 0.9946439266204834, 0.009693746455013752, -0.1469496786594391, 0.0055633592419326305, 0.9891284108161926),
            ["RightUpperArm"] = CFrame.new(-0.08247655630111694, -0.3879275918006897, -0.40190568566322327, 0.28718483448028564, 0.15339505672454834, 0.9455130696296692, 0.5994657278060913, 0.741112470626831, -0.3023126423358917, -0.7471049427986145, 0.6536223888397217, 0.12088119983673096),
            ["UpperTorso"] = CFrame.new(-1.6298145055770874e-09, -1.4901161193847656e-07, -8.498318493366241e-09, 0.9917506575584412, 0.018895693123340607, -0.12678177654743195, -0.028340250253677368, 0.996921181678772, -0.07310941815376282, 0.1250099539756775, 0.07609933614730835, 0.9892328381538391),
            ["HumanoidRootPart"] = CFrame.new(0, 0, 0, 1, 0, 0, 0, 1, 0, 0, 0, 1),
            ["RightHand"] = CFrame.new(-5.960464477539063e-08, 1.1920928955078125e-07, -2.738088369369507e-07, 0.737337052822113, 0.6660685539245605, 0.11263589560985565, -0.6446446180343628, 0.7436177730560303, -0.1773862987756729, -0.20190957188606262, 0.058183372020721436, 0.9776744842529297),
            ["LeftUpperArm"] = CFrame.new(-0.011040210723876953, -0.15131831169128418, -0.11337051540613174, 0.5435669422149658, -0.10970386117696762, -0.8321659564971924, -0.06923747807741165, 0.9821832180023193, -0.1747061014175415, 0.8365054130554199, 0.15258154273033142, 0.5262867212295532),
            ["RightLowerArm"] = CFrame.new(1.7881393432617188e-07, 5.960464477539063e-08, -4.470348358154297e-08, 1, -7.450581307466564e-08, 9.313227167240257e-08, 1.1175872316471214e-07, -0.05276358127593994, -0.9986070990562439, 7.450581307466564e-08, 0.9986070990562439, -0.05276360735297203),
            ["LeftHand"] = CFrame.new(-9.685754776000977e-08, 0, 4.7963112592697144e-08, 0.9039887189865112, -0.3602936565876007, -0.23020201921463013, 0.3299027681350708, 0.9302739500999451, -0.1604824662208557, 0.27197179198265076, 0.06913008540868759, 0.959818959236145),
            ["RightUpperLeg"] = CFrame.new(-2.9802322387695312e-08, -5.7567376643419266e-08, -9.145878721028566e-09, 0.954135000705719, -0.2371523082256317, -0.18271638453006744, 0.09287051856517792, 0.8146787285804749, -0.5724279880523682, 0.28460776805877686, 0.5292044878005981, 0.7993378639221191),
            ["LeftUpperLeg"] = CFrame.new(5.960464477539063e-08, 4.71482053399086e-09, 1.4901161193847656e-08, 0.9045292735099792, 0.24072439968585968, 0.3519640266895294, -0.09373955428600311, 0.9174728393554688, -0.3865962028503418, -0.41598039865493774, 0.3166944980621338, 0.8524463176727295),
            ["RightLowerLeg"] = CFrame.new(-1.4901161193847656e-08, -0.000003814697265625, -0.00001326033816440031, 1, -1.378357126213814e-07, -4.842878453814592e-08, 1.2665984172599565e-07, 0.6509743928909302, 0.7590996026992798, -1.0058281674218961e-07, -0.7590996623039246, 0.6509745121002197),
            ["RightFoot"] = CFrame.new(-1.210719347000122e-08, 3.5762786865234375e-07, -1.5068508218973875e-08, 0.9887056946754456, 0.13749022781848907, 0.05964617058634758, -0.13784141838550568, 0.990452766418457, 0.0017953149508684874, -0.05882992595434189, -0.009997060522437096, 0.9982179999351501),
            ["LeftLowerLeg"] = CFrame.new(5.21540641784668e-08, 0.000003874301910400391, 0.000013306736946105957, 1, 7.078050856534901e-08, 5.5879375793210784e-08, -5.960463766996327e-08, 0.6379697322845459, 0.7700614929199219, 7.823108916227284e-08, -0.7700614929199219, 0.6379696726799011),
        }},
        {Time = 0.067, Data = {
            ["LeftFoot"] = CFrame.new(1.862645149230957e-08, -5.960464477539063e-08, 2.9802322387695312e-08, 0.9853277802467346, -0.1704300493001938, -0.009096343070268631, 0.15556736290454865, 0.9187673330307007, -0.3628571629524231, 0.07019917666912079, 0.35611817240715027, 0.9318004846572876),
            ["LeftLowerArm"] = CFrame.new(-8.940696716308594e-08, 1.1920928955078125e-07, -2.9802322387695312e-08, 1, -2.1513554315788497e-07, 1.2147938832640648e-07, 1.5273690223693848e-07, 0.21653039753437042, -0.9762758612632751, 1.6670674085617065e-07, 0.9762759208679199, 0.21653038263320923),
            ["LowerTorso"] = CFrame.new(0.009099080227315426, -0.16054916381835938, 0.0003182243090122938, 0.9993464946746826, -0.00565839558839798, -0.03570155054330826, 0.0073610758408904076, 0.9988325834274292, 0.04774234816431999, 0.035389725118875504, -0.04797394946217537, 0.9982214570045471),
            ["Head"] = CFrame.new(-2.473825588822365e-10, -1.1920928955078125e-07, 1.9208528101444244e-09, 0.9930321574211121, -0.08453201502561569, -0.08210645616054535, 0.08548048138618469, 0.9963069558143616, 0.008099933154881, 0.08111851662397385, -0.015061991289258003, 0.9965907335281372),
            ["RightUpperArm"] = CFrame.new(-0.0382954478263855, -0.2886314392089844, -0.3593900203704834, 0.40733999013900757, -0.0432354100048542, 0.91225266456604, 0.4865128993988037, 0.8556208610534668, -0.17668688297271729, -0.7729032635688782, 0.5157943367958069, 0.36956313252449036),
            ["UpperTorso"] = CFrame.new(-3.2014213502407074e-09, -2.384185791015625e-07, -1.3256794773042202e-08, 0.9996772408485413, 0.0069723534397780895, -0.024428293108940125, -0.008545724675059319, 0.9978547096252441, -0.06490712612867355, 0.02392333745956421, 0.06509493291378021, 0.9975922703742981),
            ["HumanoidRootPart"] = CFrame.new(0, 0, 0, 1, 0, 0, 0, 1, 0, 0, 0, 1),
            ["RightHand"] = CFrame.new(2.980232238769531e-07, -5.960464477539063e-08, -5.587935447692871e-08, 0.9563528895378113, 0.2691798806190491, 0.11371593177318573, -0.2473820149898529, 0.9529392123222351, -0.17524008452892303, -0.15553545951843262, 0.13946010172367096, 0.9779365062713623),
            ["LeftUpperArm"] = CFrame.new(-0.02098381519317627, -0.09734964370727539, -0.18651965260505676, 0.5530880093574524, -0.09937810152769089, -0.8271746039390564, -0.026396356523036957, 0.9902715086936951, -0.13662266731262207, 0.8327045440673828, 0.09739876538515091, 0.5450840592384338),
            ["RightLowerArm"] = CFrame.new(1.7881393432617188e-07, 1.7881393432617188e-07, -1.9371509552001953e-07, 1, -4.4703490686970326e-08, 1.1920930376163597e-07, 3.3527612686157227e-08, -0.11044028401374817, -0.9938828349113464, 4.470348358154297e-08, 0.9938828349113464, -0.11044032871723175),
            ["LeftHand"] = CFrame.new(6.705522537231445e-08, 0, 3.457535058259964e-08, 0.972341001033783, -0.1842310130596161, -0.1435689628124237, 0.17205433547496796, 0.9806726574897766, -0.09315882623195648, 0.15795686841011047, 0.06588052213191986, 0.985245943069458),
            ["RightUpperLeg"] = CFrame.new(0, -1.7945421859622002e-07, -7.283233571797609e-09, 0.9114438891410828, -0.31171396374702454, -0.268522709608078, 0.13028675317764282, 0.8377550840377808, -0.5302752256393433, 0.3902505338191986, 0.4483310580253601, 0.8041789531707764),
            ["LeftUpperLeg"] = CFrame.new(-1.1920928955078125e-07, -2.874876372516155e-07, -1.862645149230957e-08, 0.9253509044647217, 0.2752481997013092, 0.26069965958595276, -0.1585412323474884, 0.9055969715118408, -0.39339402318000793, -0.3443698287010193, 0.3226958215236664, 0.8816331624984741),
            ["RightLowerLeg"] = CFrame.new(-4.470348358154297e-08, -0.000003874301910400391, -0.00001326033816440031, 1, -3.296881914138794e-07, -1.1175870895385742e-07, 3.1292435664909135e-07, 0.63512122631073, 0.7724120020866394, -1.4901159772762185e-07, -0.7724125385284424, 0.6351218223571777),
            ["RightFoot"] = CFrame.new(-5.21540641784668e-08, 3.5762786865234375e-07, -5.75528247281909e-09, 0.9879689812660217, 0.1514514982700348, 0.0313042588531971, -0.14165057241916656, 0.9674136638641357, -0.209870845079422, -0.062069475650787354, 0.20291216671466827, 0.9772279262542725),
            ["LeftLowerLeg"] = CFrame.new(-3.725290298461914e-08, 0.0000037550926208496094, 0.000013321638107299805, 1, 3.7252898543727042e-09, 7.4505797087454084e-09, -1.4901161193847656e-08, 0.6170206665992737, 0.7869468331336975, 2.2351741790771484e-08, -0.7869470119476318, 0.6170207858085632),
        }},
        {Time = 0.100, Data = {
            ["LeftFoot"] = CFrame.new(9.313225746154785e-08, -1.1920928955078125e-07, -6.705522537231445e-08, 0.976320207118988, -0.21569326519966125, 0.016593309119343758, 0.19484490156173706, 0.843437135219574, -0.5006489753723145, 0.09399113804101944, 0.4920266568660736, 0.8654914498329163),
            ["LeftLowerArm"] = CFrame.new(0, 0, 0, 1, -1.9464644651634444e-07, 1.788139627478813e-07, 1.862645149230957e-07, 0.08516683429479599, -0.9963667988777161, 9.685754776000977e-08, 0.9963667988777161, 0.0851668268442154),
            ["LowerTorso"] = CFrame.new(0.014610044658184052, -0.25880300998687744, 0.0007143237162381411, 0.998306155204773, -0.011049778200685978, 0.05712202563881874, 0.009802581742405891, 0.9997085332870483, 0.022068185731768608, -0.057349223643541336, -0.02147086150944233, 0.998123288154602),
            ["Head"] = CFrame.new(-4.132743924856186e-09, -2.384185791015625e-07, -2.8203430701978505e-09, 0.9661466479301453, -0.06736496835947037, -0.24904347956180573, 0.07372519373893738, 0.9971455335617065, 0.016289029270410538, 0.2472352832555771, -0.03409837186336517, 0.9683553576469421),
            ["RightUpperArm"] = CFrame.new(-0.0013987421989440918, -0.21290242671966553, -0.3316401541233063, 0.6506720781326294, -0.20322111248970032, 0.7316605448722839, 0.3940564692020416, 0.9139986634254456, -0.09657171368598938, -0.649111270904541, 0.35115209221839905, 0.6747938394546509),
            ["UpperTorso"] = CFrame.new(-1.3096723705530167e-09, 8.940696716308594e-08, 6.984919309616089e-10, 0.998750627040863, 0.0011951258638873696, 0.04995853081345558, 0.0018124051857739687, 0.9981899857521057, -0.06011194363236427, -0.049939945340156555, 0.0601273812353611, 0.9969406723976135),
            ["HumanoidRootPart"] = CFrame.new(0, 0, 0, 1, 0, 0, 0, 1, 0, 0, 0, 1),
            ["RightHand"] = CFrame.new(-1.4901161193847656e-07, -1.1920928955078125e-07, 9.313225746154785e-08, 0.9936165809631348, 0.035837456583976746, 0.10696621984243393, -0.01619774103164673, 0.9836955666542053, -0.17911086976528168, -0.1116410344839096, 0.17623497545719147, 0.9779967069625854),
            ["LeftUpperArm"] = CFrame.new(-0.041292428970336914, -0.048383235931396484, -0.2446260303258896, 0.6707777976989746, -0.11380942165851593, -0.7328741550445557, -0.03993381932377815, 0.9811803698539734, -0.1889195740222931, 0.7405825257301331, 0.15598949790000916, 0.6536090970039368),
            ["RightLowerArm"] = CFrame.new(3.5762786865234375e-07, 0, -1.6391277313232422e-07, 1, -9.685756197086448e-08, 1.0617078771701927e-07, 7.450580596923828e-08, -0.1539221853017807, -0.988083004951477, 1.0058283805847168e-07, 0.9880830645561218, -0.1539222151041031),
            ["LeftHand"] = CFrame.new(1.6391277313232422e-07, 5.960464477539063e-08, 9.685754776000977e-08, 0.9904820919036865, -0.11929214000701904, -0.06866299360990524, 0.12054423987865448, 0.9926038980484009, 0.014376028440892696, 0.06644022464752197, -0.02251611463725567, 0.9975363612174988),
            ["RightUpperLeg"] = CFrame.new(5.960464477539063e-08, 1.9004801288247108e-07, 1.673470251262188e-10, 0.8571555018424988, -0.3760683834552765, -0.3519333302974701, 0.17011690139770508, 0.851653516292572, -0.495728462934494, 0.4861529767513275, 0.3650464713573456, 0.7939749956130981),
            ["LeftUpperLeg"] = CFrame.new(0, 2.532033249735832e-07, 0, 0.939824104309082, 0.3019018769264221, 0.15995612740516663, -0.21395234763622284, 0.8850614428520203, -0.41338929533958435, -0.26637402176856995, 0.3542901873588562, 0.896394670009613),
            ["RightLowerLeg"] = CFrame.new(-8.940696716308594e-08, -0.0000033974647521972656, -0.000013334843970369548, 1, -1.0058282384761696e-07, -3.725289943190546e-08, 1.49011640360186e-07, 0.6046923398971558, 0.7964589595794678, -5.960465898624534e-08, -0.7964591979980469, 0.6046925187110901),
            ["RightFoot"] = CFrame.new(7.450580596923828e-08, 2.980232238769531e-07, 2.032174961641431e-08, 0.9856585264205933, 0.16859525442123413, 0.007277981843799353, -0.1533230096101761, 0.9127224087715149, -0.37872108817100525, -0.07049336284399033, 0.372173935174942, 0.9254823327064514),
            ["LeftLowerLeg"] = CFrame.new(2.9802322387695312e-08, 0.000003874301910400391, 0.000013366341590881348, 1, 1.1827793855445634e-07, 2.9802311729554276e-08, -5.960463056453591e-08, 0.572609543800354, 0.8198283314704895, 6.705521116145974e-08, -0.8198282122612, 0.5726094841957092),
        }},
        {Time = 0.133, Data = {
            ["LeftFoot"] = CFrame.new(3.725290298461914e-08, 0, 2.7939677238464355e-08, 0.9707288146018982, -0.23847872018814087, 0.02852003462612629, 0.21207398176193237, 0.7953370213508606, -0.5678586363792419, 0.11273932456970215, 0.5572853088378906, 0.8226319551467896),
            ["LeftLowerArm"] = CFrame.new(1.1920928955078125e-07, -4.172325134277344e-07, 1.7881393432617188e-07, 1, -1.0058282384761696e-07, 1.8533319234848022e-07, 1.937150670983101e-07, 0.011302214115858078, -0.9999361634254456, 1.0430811414607888e-07, 0.9999361038208008, 0.011302199214696884),
            ["LowerTorso"] = CFrame.new(0.020382635295391083, -0.3256556987762451, 0.0013748774072155356, 0.9903686046600342, -0.014026164077222347, 0.13774371147155762, 0.014850754290819168, 0.9998775124549866, -0.004960496909916401, -0.13765724003314972, 0.006958318874239922, 0.9904555082321167),
            ["Head"] = CFrame.new(-9.313225746154785e-10, 1.1920928955078125e-07, 1.4435499906539917e-08, 0.9475151300430298, -0.057513948529958725, -0.3144952356815338, 0.07175246626138687, 0.9968470335006714, 0.033876363188028336, 0.31155523657798767, -0.054664164781570435, 0.9486544132232666),
            ["RightUpperArm"] = CFrame.new(0.019780278205871582, -0.1798766851425171, -0.3269697427749634, 0.9214445948600769, -0.27669304609298706, 0.2727285623550415, 0.3135817348957062, 0.9441055655479431, -0.10164230316877365, -0.22936087846755981, 0.17918044328689575, 0.9567068219184875),
            ["UpperTorso"] = CFrame.new(-3.259629011154175e-09, -1.7881393432617188e-07, 9.313225746154785e-10, 0.9970533847808838, 0.006056415382772684, 0.07647085189819336, -0.001283571356907487, 0.9980561137199402, -0.06230943277478218, -0.07669956982135773, 0.06202767789363861, 0.995123028755188),
            ["HumanoidRootPart"] = CFrame.new(0, 0, 0, 1, 0, 0, 0, 1, 0, 0, 0, 1),
            ["RightHand"] = CFrame.new(2.980232238769531e-07, 5.960464477539063e-08, 4.470348358154297e-08, 0.9904338717460632, 0.10412253439426422, 0.09054998308420181, -0.08522461354732513, 0.9776798486709595, -0.19203907251358032, -0.1085243821144104, 0.18248486518859863, 0.9772010445594788),
            ["LeftUpperArm"] = CFrame.new(-0.07037484645843506, -0.014619112014770508, -0.27365076541900635, 0.8903703689575195, -0.10369651764631271, -0.44326943159103394, -0.08744645863771439, 0.9166197180747986, -0.3900787830352783, 0.44675934314727783, 0.3860768973827362, 0.8070630431175232),
            ["RightLowerArm"] = CFrame.new(-1.1920928955078125e-07, 0, 0, 1, -1.2665984172599565e-07, 1.1920927533992653e-07, 8.940696716308594e-08, -0.17139564454555511, -0.9852023124694824, 1.3783574104309082e-07, 0.9852022528648376, -0.1713956743478775),
            ["LeftHand"] = CFrame.new(1.1920928955078125e-07, 1.1920928955078125e-07, 1.5087425708770752e-07, 0.9737974405288696, -0.2230447381734848, -0.04438094422221184, 0.22741656005382538, 0.9555501341819763, 0.1876319944858551, 0.0005578827694989741, -0.19280849397182465, 0.9812363386154175),
            ["RightUpperLeg"] = CFrame.new(1.1920928955078125e-07, -2.4822656996548176e-07, 1.5643308870494366e-09, 0.8061739802360535, -0.4224640727043152, -0.4142554998397827, 0.204350546002388, 0.85585618019104, -0.4751327931880951, 0.5552695989608765, 0.2983863353729248, 0.7762997150421143),
            ["LeftUpperLeg"] = CFrame.new(0, -4.795147106051445e-07, 1.7229467630386353e-08, 0.9491038918495178, 0.3084460198879242, 0.063741534948349, -0.24929511547088623, 0.8593615293502808, -0.44648614525794983, -0.1924939602613449, 0.40787121653556824, 0.8925172686576843),
            ["RightLowerLeg"] = CFrame.new(2.9802322387695312e-08, -0.000003993511199951172, -0.00001326033816440031, 1, -2.440065429709648e-07, -1.2665991278026922e-07, 2.533196834519913e-07, 0.5556137561798096, 0.831440269947052, -2.2351736106429598e-07, -0.8314406275749207, 0.555614173412323),
            ["RightFoot"] = CFrame.new(-4.470348358154297e-08, 1.7881393432617188e-07, 1.6596459317952394e-08, 0.9825489521026611, 0.18586236238479614, -0.0072630648501217365, -0.166768416762352, 0.8629714846611023, -0.47693637013435364, -0.08237681537866592, 0.4698249399662018, 0.8789078593254089),
            ["LeftLowerLeg"] = CFrame.new(7.450580596923828e-09, 0.0000040531158447265625, 0.000013276934623718262, 1, 1.648441099177944e-07, 3.725290653733282e-08, -1.1920928955078125e-07, 0.5010402798652649, 0.8654239177703857, 4.470348358154297e-08, -0.8654240369796753, 0.5010404586791992),
        }},
        {Time = 0.167, Data = {
            ["LeftFoot"] = CFrame.new(4.0978193283081055e-08, 0, 1.4901161193847656e-08, 0.9699186086654663, -0.2422397881746292, 0.024040644988417625, 0.2118082046508789, 0.7911242842674255, -0.5738115310668945, 0.11998073756694794, 0.5616424679756165, 0.8186345100402832),
            ["LeftLowerArm"] = CFrame.new(-8.940696716308594e-08, -1.7881393432617188e-07, -1.7881393432617188e-07, 1, -1.5832483768463135e-07, 1.5832483768463135e-07, 1.564621925354004e-07, -0.01001756638288498, -0.9999498128890991, 9.499490261077881e-08, 0.9999498724937439, -0.01001756265759468),
            ["LowerTorso"] = CFrame.new(0.026132356375455856, -0.3467874526977539, 0.0023797317408025265, 0.98077791929245, -0.015003742650151253, 0.19455009698867798, 0.021654292941093445, 0.9992499947547913, -0.03210257738828659, -0.19392254948616028, 0.035698339343070984, 0.980367124080658),
            ["Head"] = CFrame.new(3.725290298461914e-09, 2.384185791015625e-07, -5.4016709327697754e-08, 0.9498153328895569, -0.052447009831666946, -0.3083832561969757, 0.07451636344194412, 0.9953998327255249, 0.06022067368030548, 0.30380627512931824, -0.08017811179161072, 0.9493541121482849),
            ["RightUpperArm"] = CFrame.new(0.02089059352874756, -0.18384981155395508, -0.3328731656074524, 0.9180869460105896, -0.24145224690437317, -0.3143523037433624, 0.20352734625339508, 0.967686653137207, -0.14885954558849335, 0.3401370048522949, 0.07268668711185455, 0.9375625848770142),
            ["UpperTorso"] = CFrame.new(4.423782229423523e-09, 2.384185791015625e-07, 1.3969838619232178e-09, 0.9974534511566162, 0.01759541779756546, 0.06911695003509521, -0.013074839487671852, 0.9977787137031555, -0.06532104313373566, -0.07011282444000244, 0.06425102055072784, 0.9954677224159241),
            ["HumanoidRootPart"] = CFrame.new(0, 0, 0, 1, 0, 0, 0, 1, 0, 0, 0, 1),
            ["RightHand"] = CFrame.new(-8.940696716308594e-08, -5.960464477539063e-08, -3.5762786865234375e-07, 0.9356202483177185, 0.3470577299594879, 0.0645427480340004, -0.32679417729377747, 0.9206828474998474, -0.21342138946056366, -0.13349291682243347, 0.17858915030956268, 0.9748259782791138),
            ["LeftUpperArm"] = CFrame.new(-0.08141541481018066, -0.009760499000549316, -0.2728082537651062, 0.9989150166511536, 0.04508938640356064, -0.011649498715996742, -0.04184116795659065, 0.7591187357902527, -0.6496061086654663, -0.020446952432394028, 0.6493887305259705, 0.760181725025177),
            ["RightLowerArm"] = CFrame.new(-1.4901161193847656e-07, 0, 0, 1, -1.0617080192787398e-07, 1.0058285937475375e-07, 8.009374141693115e-08, -0.16495487093925476, -0.9863012433052063, 1.043081283569336e-07, 0.9863011837005615, -0.16495484113693237),
            ["LeftHand"] = CFrame.new(-1.7136335372924805e-07, 0, -1.4901161193847656e-07, 0.9156748652458191, -0.3920479416847229, -0.08853223919868469, 0.3963544964790344, 0.8442869186401367, 0.3606700301170349, -0.06665338575839996, -0.36534661054611206, 0.9284822344779968),
            ["RightUpperLeg"] = CFrame.new(-2.9802322387695312e-08, 4.933681339025497e-07, -5.420588422566652e-09, 0.7724369764328003, -0.4404115676879883, -0.45757919549942017, 0.22624368965625763, 0.864046573638916, -0.4497080445289612, 0.5934264659881592, 0.24384677410125732, 0.7670618891716003),
            ["LeftUpperLeg"] = CFrame.new(0, 2.5797635316848755e-07, 7.450580596923828e-09, 0.9547637701034546, 0.29734620451927185, -0.0033878572285175323, -0.2647395730018616, 0.8447669148445129, -0.4650610685348511, -0.13542208075523376, 0.4449204206466675, 0.8852721452713013),
            ["RightLowerLeg"] = CFrame.new(4.470348358154297e-08, -0.0000036954879760742188, -0.000013290140486788005, 1, -1.8626458597736928e-07, -1.0430814256778831e-07, 1.3411047916633834e-07, 0.5282427072525024, 0.8490933775901794, -1.49011640360186e-07, -0.8490934371948242, 0.5282428860664368),
            ["RightFoot"] = CFrame.new(-9.313225746154785e-08, 3.5762786865234375e-07, -5.045876605436206e-08, 0.9805025458335876, 0.1961841732263565, -0.011258003301918507, -0.1748572438955307, 0.8449045419692993, -0.5055306553840637, -0.08966514468193054, 0.4976426064968109, 0.8627352118492126),
            ["LeftLowerLeg"] = CFrame.new(-1.4901161193847656e-08, 0.000004112720489501953, 0.000013276934623718262, 1, 1.0197984323667697e-07, 1.1920930376163597e-07, -1.1920931797249068e-07, 0.44979700446128845, 0.893130898475647, 9.685756907629184e-08, -0.893130898475647, 0.4497970938682556),
        }},
        {Time = 0.200, Data = {
            ["LeftFoot"] = CFrame.new(-8.940696716308594e-08, 1.1920928955078125e-07, -6.146728992462158e-08, 0.9720590114593506, -0.23437777161598206, 0.012974189594388008, 0.20362868905067444, 0.814453661441803, -0.5433238744735718, 0.11677607893943787, 0.5307846069335938, 0.8394230008125305),
            ["LeftLowerArm"] = CFrame.new(-5.960464477539063e-08, 1.1920928955078125e-07, -9.66247171163559e-08, 1, -1.7136333951839333e-07, 1.8626448650138627e-07, 1.8626448650138627e-07, 0.007775961421430111, -0.9999697804450989, 1.4901159772762185e-07, 0.9999697804450989, 0.0077760061249136925),
            ["LowerTorso"] = CFrame.new(0.03157471865415573, -0.3297865390777588, 0.0038087351713329554, 0.9760275483131409, -0.015256273560225964, 0.21711164712905884, 0.02862260490655899, 0.9978739619255066, -0.05855337530374527, -0.21575672924518585, 0.06336401402950287, 0.9743890762329102),
            ["Head"] = CFrame.new(-7.450580596923828e-09, -1.1920928955078125e-07, -1.1175870895385742e-08, 0.9619489312171936, -0.04689108207821846, -0.26917564868927, 0.07513522356748581, 0.992580235004425, 0.09559964388608932, 0.26269569993019104, -0.11218655109405518, 0.9583346247673035),
            ["RightUpperArm"] = CFrame.new(-0.001398622989654541, -0.21290218830108643, -0.3316401541233063, 0.7337349057197571, -0.18868859112262726, -0.6527094841003418, 0.07333941012620926, 0.977046012878418, -0.2000058889389038, 0.6754661798477173, 0.09888200461864471, 0.7307311296463013),
            ["UpperTorso"] = CFrame.new(3.725290298461914e-09, -2.9802322387695312e-08, -5.122274160385132e-09, 0.9983081221580505, 0.02975122071802616, 0.04995853081345558, -0.026728887110948563, 0.997833788394928, -0.06011193245649338, -0.051638707518577576, 0.058674897998571396, 0.9969406723976135),
            ["HumanoidRootPart"] = CFrame.new(0, 0, 0, 1, 0, 0, 0, 1, 0, 0, 0, 1),
            ["RightHand"] = CFrame.new(9.313225746154785e-09, 1.7881393432617188e-07, -1.1920928955078125e-07, 0.8190822005271912, 0.5727853178977966, 0.03195974603295326, -0.5490559339523315, 0.7988580465316772, -0.2456897795200348, -0.16625873744487762, 0.18369241058826447, 0.9688215851783752),
            ["LeftUpperArm"] = CFrame.new(-0.04129230976104736, -0.048383474349975586, -0.2446260154247284, 0.9228713512420654, 0.2575345039367676, 0.286329448223114, 0.08261164277791977, 0.593806266784668, -0.800355851650238, -0.3761434853076935, 0.7622796893119812, 0.5267313718795776),
            ["RightLowerArm"] = CFrame.new(-8.940696716308594e-08, 0, 1.1920928955078125e-07, 1, -1.578591621864689e-07, 8.800997619573536e-08, 4.936009645462036e-08, -0.14029750227928162, -0.9901094436645508, 8.079223334789276e-08, 0.990109384059906, -0.14029748737812042),
            ["LeftHand"] = CFrame.new(-2.682209014892578e-07, 1.1920928955078125e-07, 5.960464477539063e-08, 0.854590117931366, -0.496082067489624, -0.15355226397514343, 0.5074512362480164, 0.7349326610565186, 0.44985246658325195, -0.11031322181224823, -0.46235978603363037, 0.8798036575317383),
            ["RightUpperLeg"] = CFrame.new(0, -1.0244548320770264e-08, 1.3205863069742918e-08, 0.765333890914917, -0.4304952323436737, -0.4784746468067169, 0.23268142342567444, 0.8781744837760925, -0.4179342985153198, 0.6001029014587402, 0.20852696895599365, 0.7722648978233337),
            ["LeftUpperLeg"] = CFrame.new(0, -2.1047890186309814e-07, -1.4901161193847656e-08, 0.9579057693481445, 0.2857253849506378, -0.027888953685760498, -0.26643767952919006, 0.8486390709877014, -0.456971138715744, -0.10690046846866608, 0.4451659619808197, 0.8890442252159119),
            ["RightLowerLeg"] = CFrame.new(4.470348358154297e-08, -0.0000034570693969726562, -0.000013334843970369548, 1, -1.005828522693264e-07, -7.450583439094771e-08, 1.341104507446289e-07, 0.5337634086608887, 0.8456335663795471, -2.2351741790771484e-08, -0.845633864402771, 0.5337639451026917),
            ["RightFoot"] = CFrame.new(-4.842877388000488e-08, 2.384185791015625e-07, -9.480572771281004e-09, 0.9807702898979187, 0.19504192471504211, -0.006951963994652033, -0.1739307940006256, 0.8573445081710815, -0.48446691036224365, -0.08853129297494888, 0.4763602316379547, 0.8747820258140564),
            ["LeftLowerLeg"] = CFrame.new(3.725290298461914e-08, 0.000003993511199951172, 0.0000133514404296875, 1, 6.891788473240013e-08, 1.4901159772762185e-07, -1.9371512394172896e-07, 0.439441442489624, 0.898271381855011, 9.685756197086448e-08, -0.898271381855011, 0.4394412040710449),
        }},
        {Time = 0.233, Data = {
            ["LeftFoot"] = CFrame.new(-7.450580596923828e-09, 0, 1.4901161193847656e-08, 0.9743490219116211, -0.22497573494911194, 0.0054817539639770985, 0.1976880580186844, 0.8440212607383728, -0.49854546785354614, 0.10753393918275833, 0.4868408739566803, 0.8668462634086609),
            ["LeftLowerArm"] = CFrame.new(-2.9802322387695312e-08, 5.960464477539063e-08, -1.4621764421463013e-07, 1, -1.3411047916633834e-07, 1.6391281576488836e-07, 1.341104507446289e-07, 0.049887653440237045, -0.9987549185752869, 1.341104507446289e-07, 0.9987549185752869, 0.049887631088495255),
            ["LowerTorso"] = CFrame.new(0.036569058895111084, -0.2877185344696045, 0.005632652435451746, 0.9796931743621826, -0.01646917499601841, 0.19982504844665527, 0.03379470854997635, 0.995925784111023, -0.08360501378774643, -0.19763398170471191, 0.08866028487682343, 0.9762583374977112),
            ["Head"] = CFrame.new(-1.3969838619232178e-09, 2.384185791015625e-07, -3.725290298461914e-08, 0.9730258584022522, -0.03614931181073189, -0.2278464287519455, 0.06910372525453568, 0.9879679679870605, 0.138362318277359, 0.2201032191514969, -0.1503751426935196, 0.9638163447380066),
            ["RightUpperArm"] = CFrame.new(-0.048623085021972656, -0.2557501792907715, -0.31159359216690063, 0.7020972967147827, -0.17841096222400665, -0.6893686056137085, -0.040866393595933914, 0.9564130306243896, -0.28914397954940796, 0.7109074592590332, 0.23117920756340027, 0.6642038822174072),
            ["UpperTorso"] = CFrame.new(7.450580596923828e-09, 2.682209014892578e-07, -2.0954757928848267e-08, 0.9985929727554321, 0.03780694305896759, 0.0371864028275013, -0.03628520295023918, 0.9985091090202332, -0.04077950119972229, -0.038672734051942825, 0.039372820407152176, 0.998475968837738),
            ["HumanoidRootPart"] = CFrame.new(0, 0, 0, 1, 0, 0, 0, 1, 0, 0, 0, 1),
            ["RightHand"] = CFrame.new(-1.1920928955078125e-07, 2.384185791015625e-07, -2.9802322387695312e-08, 0.7468305826187134, 0.6650082468986511, 0.0028629153966903687, -0.6357219815254211, 0.7151913642883301, -0.2904459536075592, -0.1951964944601059, 0.21509391069412231, 0.9568871259689331),
            ["LeftUpperArm"] = CFrame.new(0.06513851881027222, -0.13710999488830566, -0.1993536651134491, 0.8522483706474304, 0.374694287776947, 0.36507129669189453, 0.14425824582576752, 0.5024662017822266, -0.8524771928787231, -0.5028541684150696, 0.7791867852210999, 0.37417319416999817),
            ["RightLowerArm"] = CFrame.new(0, -1.1920928955078125e-07, 0, 1, -8.56816981809061e-08, 8.195639367158947e-08, 7.450580596923828e-08, -0.10292061418294907, -0.9946895837783813, 7.82310962677002e-08, 0.9946896433830261, -0.1029205247759819),
            ["LeftHand"] = CFrame.new(-2.2351741790771484e-08, 0, 9.685754776000977e-08, 0.8556250929832458, -0.48770493268966675, -0.17334839701652527, 0.5107176303863525, 0.7410805821418762, 0.4358522891998291, -0.08410231024026871, -0.4614582061767578, 0.8831665515899658),
            ["RightUpperLeg"] = CFrame.new(-5.960464477539063e-08, 1.7508864402770996e-07, -1.6952981241047382e-09, 0.7874726057052612, -0.39559295773506165, -0.47264474630355835, 0.2241535782814026, 0.8981475830078125, -0.3782672882080078, 0.5741446614265442, 0.19192998111248016, 0.7959402203559875),
            ["LeftUpperLeg"] = CFrame.new(2.9802322387695312e-08, 2.1979212760925293e-07, -2.9802322387695312e-08, 0.9579015970230103, 0.28706738352775574, -0.004114717245101929, -0.26311686635017395, 0.8720678687095642, -0.41263461112976074, -0.11486570537090302, 0.3963460326194763, 0.9108873605728149),
            ["RightLowerLeg"] = CFrame.new(-4.470348358154297e-08, -0.0000035762786865234375, -0.000013454053259920329, 1, -4.5448535956893465e-07, -2.2351750317284313e-07, 4.6193599700927734e-07, 0.5774928331375122, 0.8163954615592957, -2.7567148208618164e-07, -0.8163957595825195, 0.5774932503700256),
            ["RightFoot"] = CFrame.new(1.862645149230957e-09, 4.76837158203125e-07, -5.790934665128589e-08, 0.9833996891975403, 0.18145272135734558, 0.00024516283883713186, -0.16366034746170044, 0.887554943561554, -0.4306519627571106, -0.0783606469631195, 0.42346322536468506, 0.902518093585968),
            ["LeftLowerLeg"] = CFrame.new(-6.705522537231445e-08, 0.000003814697265625, 0.000013306736946105957, 1, 3.9581220079298873e-08, 6.705522537231445e-08, -8.940698847936801e-08, 0.4829094111919403, 0.875670313835144, 6.705523958316917e-08, -0.8756704330444336, 0.4829093813896179),
        }},
        {Time = 0.267, Data = {
            ["LeftFoot"] = CFrame.new(6.332993507385254e-08, -5.960464477539063e-08, 2.60770320892334e-08, 0.9745952486991882, -0.22388578951358795, 0.006277601700276136, 0.20248964428901672, 0.8687859177589417, -0.4518946409225464, 0.0957188606262207, 0.44168567657470703, 0.8920493125915527),
            ["LeftLowerArm"] = CFrame.new(-2.9802322387695312e-08, -5.960464477539063e-08, -2.682209014892578e-07, 1, -1.2665987014770508e-07, 1.7881393432617188e-07, 1.7136335372924805e-07, 0.1015051007270813, -0.9948350191116333, 1.043081283569336e-07, 0.9948350191116333, 0.10150511562824249),
            ["LowerTorso"] = CFrame.new(0.04155006632208824, -0.2336444854736328, 0.0073859235271811485, 0.9877176284790039, -0.019375713542103767, 0.15504340827465057, 0.03604630380868912, 0.9937717318534851, -0.10544493049383163, -0.15203465521335602, 0.1097385585308075, 0.9822642803192139),
            ["Head"] = CFrame.new(1.862645149230957e-09, -2.384185791015625e-07, -2.514570951461792e-08, 0.9815384149551392, -0.022367658093571663, -0.18995319306850433, 0.05754859372973442, 0.9816546440124512, 0.1817755252122879, 0.18240249156951904, -0.1893511861562729, 0.9648189544677734),
            ["RightUpperArm"] = CFrame.new(-0.11514097452163696, -0.3036534786224365, -0.285189688205719, 0.8794788718223572, -0.16075490415096283, -0.44796764850616455, -0.05878547579050064, 0.8973327279090881, -0.43742260336875916, 0.47229376435279846, 0.411037802696228, 0.7797349691390991),
            ["UpperTorso"] = CFrame.new(-9.778887033462524e-09, -5.960464477539063e-08, 3.725290298461914e-09, 0.9986156821250916, 0.04119999706745148, 0.032701294869184494, -0.04081298038363457, 0.9990896582603455, -0.012415636330842972, -0.033183060586452484, 0.011063813231885433, 0.9993880987167358),
            ["HumanoidRootPart"] = CFrame.new(0, 0, 0, 1, 0, 0, 0, 1, 0, 0, 0, 1),
            ["RightHand"] = CFrame.new(-5.960464477539063e-08, -1.1920928955078125e-07, 2.980232238769531e-07, 0.7439029216766357, 0.6682824492454529, -0.0026570709887892008, -0.6361314058303833, 0.7068841457366943, -0.3092760145664215, -0.20480549335479736, 0.23176153004169464, 0.9509686827659607),
            ["LeftUpperArm"] = CFrame.new(0.1811121702194214, -0.2507514953613281, -0.17812636494636536, 0.8963746428489685, 0.34347572922706604, 0.28024476766586304, 0.09127163887023926, 0.4756390452384949, -0.8748926520347595, -0.433799684047699, 0.8098098635673523, 0.3950011432170868),
            ["RightLowerArm"] = CFrame.new(1.1920928955078125e-07, -1.1920928955078125e-07, 1.1920928955078125e-07, 1, -1.0430811414607888e-07, 5.960463056453591e-08, 7.078050856534901e-08, -0.05783410742878914, -0.9983261823654175, 5.960463766996327e-08, 0.9983262419700623, -0.05783415213227272),
            ["LeftHand"] = CFrame.new(-5.960464477539063e-08, 0, 5.960464477539063e-08, 0.8899486660957336, -0.42531272768974304, -0.16462266445159912, 0.4556824862957001, 0.814558207988739, 0.3589548170566559, -0.018573345616459846, -0.3944668769836426, 0.9187224507331848),
            ["RightUpperLeg"] = CFrame.new(0, 1.6624107956886292e-07, -1.6952981241047382e-09, 0.8269679546356201, -0.3400770425796509, -0.44774049520492554, 0.20676088333129883, 0.9244785904884338, -0.32029587030410767, 0.5228516459465027, 0.17229899764060974, 0.834828794002533),
            ["LeftUpperLeg"] = CFrame.new(0, 2.7474015951156616e-07, -7.450580596923828e-09, 0.9531739354133606, 0.2968306839466095, 0.05788740515708923, -0.2627134919166565, 0.9075238704681396, -0.3276921510696411, -0.14980335533618927, 0.2971397340297699, 0.9430094957351685),
