return {
    Havana = {
        [1] = {Time = 0.000, Data = {
            ["RightFoot"] = CFrame.new(1.909211277961731e-08, 2.980232238769531e-07, -4.856701707467437e-09, 0.9861011505126953, 0.08427819609642029, -0.1431843638420105, -0.15090784430503845, 0.8148636817932129, -0.5596638321876526, 0.0695083886384964, 0.5734931826591492, 0.8162564635276794),
            ["LeftLowerArm"] = CFrame.new(0, 5.960464477539063e-08, -4.3958425521850586e-07, 1, -8.568168397005138e-08, -1.4901154088420299e-08, 1.8393616585399286e-07, 0.9869656562805176, -0.16093088686466217, -1.8626447051417472e-09, 0.16093142330646515, 0.9869656562805176),
            ["RightUpperArm"] = CFrame.new(0.007262468338012695, 0.012913346290588379, 0.008951321244239807, 0.07166816294193268, 0.1111922562122345, 0.9912113547325134, 0.9226693511009216, 0.3700917363166809, -0.10822844505310059, -0.37887343764305115, 0.92231684923172, -0.0760704055428505),
            ["Head"] = CFrame.new(1.83936208486557e-08, 1.1920928955078125e-07, 1.1641532182693481e-08, 0.48680049180984497, -0.2404199242591858, -0.839775800704956, 0.02749290131032467, 0.9651182293891907, -0.26036709547042847, 0.8730804324150085, 0.10365908592939377, 0.47643017768859863),
            ["RightHand"] = CFrame.new(-2.5331974029541016e-07, 5.960464477539063e-08, -4.470348358154297e-08, 0.694412887096405, -0.7191247940063477, -0.02549988217651844, 0.7124619483947754, 0.6920859813690186, -0.11582273989915848, 0.10093880444765091, 0.06226141005754471, 0.9929425120353699),
            ["UpperTorso"] = CFrame.new(-1.862645149230957e-09, -2.980232238769531e-07, -1.3969838619232178e-08, 0.8602036833763123, -0.08472947031259537, 0.502862811088562, 0.11948127299547195, 0.992138683795929, -0.037216611206531525, -0.4957559406757355, 0.09209661930799484, 0.8635646104812622),
            ["HumanoidRootPart"] = CFrame.new(0, 0, 0, 1, 0, 0, 0, 1, 0, 0, 0, 1),
            ["RightUpperLeg"] = CFrame.new(0, -6.612390279769897e-08, 1.0883741197176278e-07, 0.9122657179832458, -0.3962151110172272, -0.10385047644376755, 0.17260634899139404, 0.6018007397651672, -0.7797712683677673, 0.3714543282985687, 0.6934331059455872, 0.6173912286758423),
            ["LeftUpperArm"] = CFrame.new(0.02034890651702881, 0.007417082786560059, 0.008947163820266724, -0.09992996603250504, 0.9813435077667236, 0.1642521768808365, -0.23188962042331696, 0.13756299018859863, -0.9629660844802856, -0.967595636844635, -0.13431797921657562, 0.21381671726703644),
            ["RightLowerArm"] = CFrame.new(-2.086162567138672e-07, 5.364418029785156e-07, 1.4901161193847656e-07, 1, -2.831220911048149e-07, 3.129244987576385e-07, 2.980233304583635e-08, 0.11192072182893753, -0.9937172532081604, -1.4901166878189542e-07, 0.9937171339988708, 0.11192058771848679),
            ["LeftHand"] = CFrame.new(-1.1920928955078125e-07, 1.7881393432617188e-07, 8.195638656616211e-08, 0.13573725521564484, 0.18651187419891357, -0.973030686378479, -0.9419786930084229, 0.32862672209739685, -0.0684138610959053, 0.30700403451919556, 0.9258606433868408, 0.2202974110841751),
            ["LeftFoot"] = CFrame.new(2.9802322387695312e-08, -5.960464477539063e-08, -3.300715434306767e-08, 0.9908640384674072, 0.11616862565279007, 0.06850895285606384, -0.13278555870056152, 0.9292010068893433, 0.34489649534225464, -0.023592347279191017, -0.3508424758911133, 0.9361371994018555),
            ["LowerTorso"] = CFrame.new(-0.028320539742708206, -0.27265870571136475, 0.29008927941322327, 0.847174882888794, 0.044634293764829636, 0.5294359922409058, -0.16575072705745697, 0.9689376950263977, 0.18353873491287231, -0.5047983527183533, -0.24324381351470947, 0.8282579183578491),
            ["RightLowerLeg"] = CFrame.new(6.705522537231445e-08, 3.5762786865234375e-07, -8.229108061641455e-09, 1, -2.6822092991096724e-07, -7.711352623118728e-07, 7.823111332072585e-07, 0.2758226692676544, 0.9612085223197937, -7.078052988163108e-08, -0.9612086415290833, 0.27582305669784546),
            ["LeftUpperLeg"] = CFrame.new(-5.960464477539063e-08, -4.470348358154297e-08, 0, 0.9608936309814453, -0.22432443499565125, 0.16236397624015808, 0.2518257200717926, 0.4639824330806732, -0.849296510219574, 0.11518397182226181, 0.8569707870483398, 0.5023279786109924),
            ["LeftLowerLeg"] = CFrame.new(-5.774199962615967e-08, 0, 2.2791581955061702e-07, 1, -2.0116574717121694e-07, -6.742775440216064e-07, 4.4703477897201083e-07, 0.2998453378677368, 0.953987717628479, 1.341104365337742e-07, -0.9539878964424133, 0.29984575510025024)
        }},
        [2] = {Time = 0.033, Data = {
            ["RightFoot"] = CFrame.new(-5.8673322200775146e-08, 1.1920928955078125e-07, -3.8384314393624663e-08, 0.9861497282981873, 0.08420025557279587, -0.14289513230323792, -0.15053494274616241, 0.8160650730133057, -0.5580117106437683, 0.06962686032056808, 0.5717937350273132, 0.8174375295639038),
            ["LeftLowerArm"] = CFrame.new(0, 0, -1.862645149230957e-07, 1, -4.4703490686970326e-08, -2.980230462412692e-08, 2.2491437334792863e-07, 0.9864069223403931, -0.1643209606409073, -1.0803340444454079e-07, 0.16432133316993713, 0.9864069819450378),
            ["RightUpperArm"] = CFrame.new(0.008155107498168945, 0.012500762939453125, 0.009092912077903748, 0.056208208203315735, 0.1294402778148651, 0.9899928569793701, 0.9316835403442383, 0.3496306538581848, -0.09861138463020325, -0.3588961958885193, 0.9279028177261353, -0.10094550251960754),
            ["Head"] = CFrame.new(1.257285475730896e-08, 1.1920928955078125e-07, -6.28642737865448e-09, 0.49560993909835815, -0.23747962713241577, -0.8354484438896179, 0.028182651847600937, 0.9657846093177795, -0.2578093111515045, 0.8680878281593323, 0.10422779619693756, 0.48534539341926575),
            ["RightHand"] = CFrame.new(3.2782554626464844e-07, 0, 7.450580596923828e-08, 0.6345624923706055, -0.772753119468689, -0.013540987856686115, 0.7674988508224487, 0.6321166157722473, -0.10664986819028854, 0.09097328037023544, 0.057283591479063034, 0.9942044615745544),
            ["UpperTorso"] = CFrame.new(-2.0023435354232788e-08, 2.9802322387695312e-08, 5.587935447692871e-08, 0.8659114241600037, -0.08514115959405899, 0.49289825558662415, 0.11989911645650864, 0.9920088052749634, -0.03928032144904137, -0.4856147766113281, 0.09311138838529587, 0.869199812412262),
            ["HumanoidRootPart"] = CFrame.new(0, 0, 0, 1, 0, 0, 0, 1, 0, 0, 0, 1),
            ["RightUpperLeg"] = CFrame.new(0, 3.073364496231079e-08, 8.834831533022225e-08, 0.9112325310707092, -0.3994003236293793, -0.10067182779312134, 0.17317256331443787, 0.5932533144950867, -0.7861692309379578, 0.3737199604511261, 0.6989492177963257, 0.6097567081451416),
            ["LeftUpperArm"] = CFrame.new(0.021265089511871338, 0.006644606590270996, 0.009090334177017212, -0.12785765528678894, 0.9804223775863647, 0.14974762499332428, -0.19502688944339752, 0.12318512052297592, -0.9730313420295715, -0.9724283814430237, -0.15361449122428894, 0.1754586100578308),
            ["RightLowerArm"] = CFrame.new(5.960464477539063e-08, 0, 2.2351741790771484e-08, 1, -1.192093321833454e-07, 4.619362243829528e-07, -4.4703494239684005e-08, 0.11219073832035065, -0.9936867356300354, 1.49011640360186e-07, 0.9936867356300354, 0.11219080537557602),
            ["LeftHand"] = CFrame.new(-2.9802322387695312e-08, 0, 7.450580596923828e-08, 0.10690592229366302, 0.16333283483982086, -0.980761706829071, -0.9626988768577576, 0.26360076665878296, -0.06103768199682236, 0.24856004118919373, 0.950703501701355, 0.1854209005832672),
            ["LeftFoot"] = CFrame.new(7.450580596923828e-08, 5.960464477539063e-08, 4.149865162617061e-08, 0.9871401190757751, 0.12978245317935944, 0.09333248436450958, -0.15875571966171265, 0.8643321990966797, 0.4772071838378906, -0.018737418577075005, -0.4858873784542084, 0.8738205432891846),
            ["LowerTorso"] = CFrame.new(-0.026555445045232773, -0.27331507205963135, 0.29556384682655334, 0.8463045954704285, 0.04454084858298302, 0.530833899974823, -0.1683955192565918, 0.9677671790122986, 0.18726897239685059, -0.5053825378417969, -0.24787665903568268, 0.8265262842178345),
            ["RightLowerLeg"] = CFrame.new(5.21540641784668e-08, -5.960464477539063e-08, -7.528433343395591e-08, 1, -3.7252908668961027e-07, -4.8428768195663e-07, 8.493664722664107e-07, 0.27197709679603577, 0.962303638458252, -4.842879164357328e-08, -0.9623037576675415, 0.2719772756099701),
            ["LeftUpperLeg"] = CFrame.new(-5.960464477539063e-08, 3.725290298461914e-08, -1.4901161193847656e-08, 0.9578378200531006, -0.22219495475292206, 0.1821432262659073, 0.2617015540599823, 0.41310200095176697, -0.8722723722457886, 0.11857113242149353, 0.8831626772880554, 0.45383334159851074),
            ["LeftLowerLeg"] = CFrame.new(-1.0244548320770264e-07, -1.7881393432617188e-07, 1.42234142685993e-07, 1, -2.9802322387695312e-08, -4.88012915411673e-07, 5.587936584561248e-07, 0.2806991934776306, 0.9597958326339722, -5.215407838932151e-08, -0.9597958326339722, 0.2806992530822754)
        }},
        [3] = {Time = 0.067, Data = {
            ["RightFoot"] = CFrame.new(1.0244548320770264e-08, 1.7881393432617188e-07, -1.9757862901315093e-08, 0.9862017631530762, 0.0873851627111435, -0.14060570299625397, -0.15188324451446533, 0.815494179725647, -0.5584803819656372, 0.06586025655269623, 0.5721302032470703, 0.8175143599510193),
            ["LeftLowerArm"] = CFrame.new(-2.9802322387695312e-08, -3.5762786865234375e-07, 2.60770320892334e-07, 1, -2.3096805534805753e-07, -7.450574912581942e-08, 1.1944213440528983e-07, 0.9854670166969299, -0.16986671090126038, -1.527369164477932e-07, 0.169867143034935, 0.9854670166969299),
            ["RightUpperArm"] = CFrame.new(0.008703947067260742, 0.012381792068481445, 0.009843304753303528, 0.03991479426622391, 0.15360601246356964, 0.9873257875442505, 0.9315001964569092, 0.3518109917640686, -0.09239201992750168, -0.36154431104660034, 0.923382043838501, -0.1290414035320282),
            ["Head"] = CFrame.new(2.8172507882118225e-08, 0, 2.7939677238464355e-09, 0.515282392501831, -0.22441932559013367, -0.8271157145500183, 0.03186175599694252, 0.9694551229476929, -0.24319034814834595, 0.8564280867576599, 0.09895823895931244, 0.5066933631896973),
            ["RightHand"] = CFrame.new(0, -1.7881393432617188e-07, 2.9802322387695312e-08, 0.5880730152130127, -0.8087518215179443, 0.009524498134851456, 0.8063865900039673, 0.5853613615036011, -0.08421790599822998, 0.06253605335950851, 0.057206980884075165, 0.9964019060134888),
            ["UpperTorso"] = CFrame.new(3.073364496231079e-08, -1.7881393432617188e-07, 2.1886080503463745e-08, 0.8772037029266357, -0.08418571949005127, 0.47268015146255493, 0.11782220751047134, 0.9921482801437378, -0.04195069521665573, -0.4654373228549957, 0.09249158203601837, 0.8802350759506226),
            ["HumanoidRootPart"] = CFrame.new(0, 0, 0, 1, 0, 0, 0, 1, 0, 0, 0, 1),
            ["RightUpperLeg"] = CFrame.new(0, 3.725290298461914e-09, 3.619425115175545e-08, 0.9090461730957031, -0.40482422709465027, -0.09875493496656418, 0.1777564287185669, 0.5910883545875549, -0.7867766618728638, 0.3768790066242218, 0.6976616978645325, 0.6092864871025085),
            ["LeftUpperArm"] = CFrame.new(0.021828949451446533, 0.0063037872314453125, 0.009851068258285522, -0.15798893570899963, 0.9774213433265686, 0.14031128585338593, -0.17782625555992126, 0.11160942167043686, -0.9777122735977173, -0.9712967276573181, -0.17941848933696747, 0.15617820620536804),
            ["RightLowerArm"] = CFrame.new(2.980232238769531e-07, 4.76837158203125e-07, -5.21540641784668e-08, 1, 1.4901164746561335e-08, 1.0430816388407038e-07, 2.533198539822479e-07, 0.1131291463971138, -0.9935804009437561, 1.415611023958263e-07, 0.9935804009437561, 0.1131289079785347),
            ["LeftHand"] = CFrame.new(2.086162567138672e-07, 0, -1.1920928955078125e-07, 0.06668984144926071, 0.1500602811574936, -0.9864250421524048, -0.9705783128738403, 0.23900140821933746, -0.029260367155075073, 0.23136615753173828, 0.9593541026115417, 0.16158437728881836),
            ["LeftFoot"] = CFrame.new(-1.1175870895385742e-08, 1.1920928955078125e-07, -3.204831955372356e-09, 0.9843195676803589, 0.13550707697868347, 0.11292830109596252, -0.1756010502576828, 0.8134146332740784, 0.5545459985733032, -0.016712527722120285, -0.5656806230545044, 0.8244549632072449),
            ["LowerTorso"] = CFrame.new(-0.03030017390847206, -0.2744022607803345, 0.29735520482063293, 0.8457346558570862, 0.046718355268239975, 0.5315547585487366, -0.17019039392471313, 0.9677503108978271, 0.18572723865509033, -0.5057353973388672, -0.24754145741462708, 0.8264108896255493),
            ["RightLowerLeg"] = CFrame.new(0, -5.960464477539063e-08, -1.3488897820934653e-07, 1, -3.7252908668961027e-07, -6.519259727610915e-07, 6.668269634246826e-07, 0.2689340114593506, 0.9631585478782654, -7.078051567077637e-08, -0.9631586074829102, 0.26893457770347595),
            ["LeftUpperLeg"] = CFrame.new(5.960464477539063e-08, -8.381903171539307e-08, 7.450580596923828e-08, 0.9550037384033203, -0.22530636191368103, 0.19288577139377594, 0.26942962408065796, 0.3871326446533203, -0.8817800283432007, 0.12399812042713165, 0.8940723538398743, 0.4304172694683075),
            ["LeftLowerLeg"] = CFrame.new(-9.313225746154785e-08, -1.1920928955078125e-07, 5.655246582136897e-08, 1, 1.4901164746561335e-08, -4.954636096954346e-07, 5.215405280978302e-07, 0.27414700388908386, 0.9616878032684326, 1.4901157641133977e-08, -0.9616878628730774, 0.2741471529006958)
        }},
        [4] = {Time = 0.100, Data = {
            ["RightFoot"] = CFrame.new(-9.313225746154785e-10, 3.5762786865234375e-07, -2.5345798349007964e-08, 0.9863178730010986, 0.0923050120472908, -0.13659034669399261, -0.1537637859582901, 0.8138730525970459, -0.5603277683258057, 0.05944618955254555, 0.573664128780365, 0.8169307708740234),
            ["LeftLowerArm"] = CFrame.new(0, -1.1920928955078125e-07, -1.9744038581848145e-07, 1, 3.5762795391747204e-07, 1.4901159417490817e-08, 4.875471404375276e-07, 0.9847551584243774, -0.17394600808620453, 7.823106074056341e-08, 0.1739465445280075, 0.9847552180290222),
            ["RightUpperArm"] = CFrame.new(0.00898444652557373, 0.012334704399108887, 0.010998472571372986, 0.03427441418170929, 0.1664889007806778, 0.9854474663734436, 0.9278192520141602, 0.3611764907836914, -0.09328974783420563, -0.37145209312438965, 0.9175146222114563, -0.14209237694740295),
            ["Head"] = CFrame.new(4.002413334092125e-08, -3.5762786865234375e-07, -5.938545655226335e-09, 0.5271332263946533, -0.20602114498615265, -0.8244307637214661, 0.035544153302907944, 0.9746628999710083, -0.2208365797996521, 0.8490390181541443, 0.08710663765668869, 0.5210998058319092),
            ["RightHand"] = CFrame.new(2.9802322387695312e-08, 1.1920928955078125e-07, 8.940696716308594e-08, 0.5620522499084473, -0.8267223238945007, 0.025046108290553093, 0.8259817957878113, 0.5594586730003357, -0.0689946711063385, 0.04302677512168884, 0.0594664067029953, 0.9973025918006897),
            ["UpperTorso"] = CFrame.new(9.313225746154785e-10, 2.682209014892578e-07, -7.35744833946228e-08, 0.8834259510040283, -0.08275362849235535, 0.4612053334712982, 0.11556244641542435, 0.9923561215400696, -0.04329919070005417, -0.4540969729423523, 0.09154969453811646, 0.886236310005188),
            ["HumanoidRootPart"] = CFrame.new(0, 0, 0, 1, 0, 0, 0, 1, 0, 0, 0, 1),
            ["RightUpperLeg"] = CFrame.new(0, 1.210719347000122e-07, -6.438858690671623e-08, 0.906660258769989, -0.40990662574768066, -0.09971736371517181, 0.18253152072429657, 0.5942812561988831, -0.7832704782485962, 0.380327969789505, 0.6919583082199097, 0.6136316657066345),
            ["LeftUpperArm"] = CFrame.new(0.022117555141448975, 0.006142735481262207, 0.011022999882698059, -0.1730053573846817, 0.9760005474090576, 0.13225847482681274, -0.17526692152023315, 0.10163254290819168, -0.9792611598968506, -0.9692011475563049, -0.19259734451770782, 0.15347781777381897),
            ["RightLowerArm"] = CFrame.new(3.5762786865234375e-07, 3.5762786865234375e-07, -3.725290298461914e-08, 1, 7.450583439094771e-08, 5.513434189197142e-07, -2.458691312767769e-07, 0.1143658459186554, -0.993438720703125, 1.7136333951839333e-07, 0.9934387803077698, 0.11436603218317032),
            ["LeftHand"] = CFrame.new(0, 1.7881393432617188e-07, 4.842877388000488e-08, 0.041105348616838455, 0.13999328017234802, -0.9892988204956055, -0.9746260643005371, 0.22366400063037872, -0.008845007978379726, 0.22003288567066193, 0.9645601511001587, 0.14563529193401337),
            ["LeftFoot"] = CFrame.new(4.470348358154297e-08, 1.1920928955078125e-07, -1.0655412552296184e-08, 0.9834157824516296, 0.1344001144170761, 0.12177867442369461, -0.18015091121196747, 0.8014565706253052, 0.5702745318412781, -0.020955495536327362, -0.5827556252479553, 0.8123772740364075),
            ["LowerTorso"] = CFrame.new(-0.037502218037843704, -0.2760869264602661, 0.29593124985694885, 0.8458529114723206, 0.04841424152255058, 0.5312145948410034, -0.16943955421447754, 0.9686809778213501, 0.1815142035484314, -0.505789577960968, -0.24354307353496552, 0.8275648951530457),
            ["RightLowerLeg"] = CFrame.new(-4.470348358154297e-08, 5.960464477539063e-08, 2.9023794922977686e-08, 1, -3.27825716794905e-07, -8.27014844162477e-07, 6.742774871781876e-07, 0.26762300729751587, 0.9635236263275146, -4.8428766774577525e-08, -0.9635237455368042, 0.26762351393699646),
            ["LeftUpperLeg"] = CFrame.new(0, 1.6391277313232422e-07, -1.043081283569336e-07, 0.9535320401191711, -0.23195399343967438, 0.19228599965572357, 0.27110812067985535, 0.38212448358535767, -0.883448600769043, 0.13144241273403168, 0.8945267796516418, 0.4272525906562805),
            ["LeftLowerLeg"] = CFrame.new(6.705522537231445e-08, -1.1920928955078125e-07, 2.3024853135211742e-08, 1, 2.2351738238057806e-08, -5.438924404188583e-07, 3.6507850609268644e-07, 0.26863956451416016, 0.9632407426834106, -2.980232594040899e-08, -0.9632407426834106, 0.26863983273506165)
        }},
        [5] = {Time = 0.133, Data = {
            ["RightFoot"] = CFrame.new(7.916241884231567e-08, 2.980232238769531e-07, 2.5938788894563913e-09, 0.9864522814750671, 0.0977555364370346, -0.13174140453338623, -0.1555604785680771, 0.812377393245697, -0.5619995594024658, 0.052085231989622116, 0.5748797655105591, 0.81657874584198),
            ["LeftLowerArm"] = CFrame.new(-1.1920928955078125e-07, -4.172325134277344e-07, -3.725290298461914e-08, 1, 2.197921844526718e-07, 1.490114875934978e-08, 5.774197120445024e-07, 0.9838143587112427, -0.17919090390205383, 3.352759847530251e-08, 0.17919126152992249, 0.9838143587112427),
            ["RightUpperArm"] = CFrame.new(0.009001493453979492, 0.012292861938476562, 0.012121997773647308, 0.0384361632168293, 0.1644746959209442, 0.9856322407722473, 0.9230141639709473, 0.3720552623271942, -0.09807994216680527, -0.3828412890434265, 0.9135223627090454, -0.1375119984149933),
            ["Head"] = CFrame.new(5.075708031654358e-08, -1.1920928955078125e-07, -6.51925802230835e-09, 0.5252918601036072, -0.18862546980381012, -0.8297524452209473, 0.04028685390949249, 0.9795407652854919, -0.19717203080654144, 0.8499679565429688, 0.0701446682214737, 0.5221439003944397),
            ["RightHand"] = CFrame.new(-1.341104507446289e-07, 1.1920928955078125e-07, 8.940696716308594e-08, 0.5620744824409485, -0.8265605568885803, 0.029496606439352036, 0.8260110020637512, 0.5591680407524109, -0.07097235321998596, 0.04216887429356575, 0.06425634771585464, 0.9970420598983765),
            ["UpperTorso"] = CFrame.new(-1.862645149230957e-08, 2.9802322387695312e-08, 9.313225746154785e-09, 0.8818774819374084, -0.08118044584989548, 0.4644370377063751, 0.11434713751077652, 0.9924817681312561, -0.043644361197948456, -0.4574022591114044, 0.09159618616104126, 0.8845300078392029),
            ["HumanoidRootPart"] = CFrame.new(0, 0, 0, 1, 0, 0, 0, 1, 0, 0, 0, 1),
            ["RightUpperLeg"] = CFrame.new(-1.1920928955078125e-07, 1.993030309677124e-07, 1.7567799659445882e-08, 0.9040054678916931, -0.41524016857147217, -0.1017330065369606, 0.1878037303686142, 0.5994805097579956, -0.7780444622039795, 0.38406237959861755, 0.6842504739761353, 0.6199173331260681),
            ["LeftUpperArm"] = CFrame.new(0.022135138511657715, 0.0060939788818359375, 0.012162670493125916, -0.17145538330078125, 0.9773982167243958, 0.12367656081914902, -0.17864470183849335, 0.09261030703783035, -0.979545533657074, -0.9688596725463867, -0.19004209339618683, 0.15872855484485626),
            ["RightLowerArm"] = CFrame.new(9.5367431640625e-07, 3.5762786865234375e-07, 7.450580596923828e-09, 1, -2.980233659855003e-08, 4.172327123797004e-07, -8.195639367158947e-08, 0.11564921587705612, -0.9932901859283447, 1.3411046495548362e-07, 0.9932901859283447, 0.11564953625202179),
            ["LeftHand"] = CFrame.new(2.9802322387695312e-08, 0, 8.195638656616211e-08, 0.03717033565044403, 0.1347944289445877, -0.9901760816574097, -0.9741758108139038, 0.2257147878408432, -0.005842126905918121, 0.22271017730236053, 0.9648229479789734, 0.13970381021499634),
            ["LeftFoot"] = CFrame.new(2.60770320892334e-08, -1.1920928955078125e-07, -2.555657374614384e-08, 0.9831149578094482, 0.1305580586194992, 0.12821713089942932, -0.18084774911403656, 0.8001024723052979, 0.5719529390335083, -0.027913972735404968, -0.5854832530021667, 0.8102037906646729),
            ["LowerTorso"] = CFrame.new(-0.04589598998427391, -0.2765852212905884, 0.29312828183174133, 0.8462095856666565, 0.05032556131482124, 0.5304684042930603, -0.1685532182455063, 0.9696917533874512, 0.17688341438770294, -0.5054890513420105, -0.239092618227005, 0.8290449976921082),
            ["RightLowerLeg"] = CFrame.new(-9.685754776000977e-08, -5.960464477539063e-08, -1.5679688658565283e-08, 1, -1.8626447229053156e-07, -8.456408977508545e-07, 6.742776008650253e-07, 0.2688465714454651, 0.9631829261779785, -1.6018749704471702e-07, -0.9631829857826233, 0.2688470482826233),
            ["LeftUpperLeg"] = CFrame.new(5.960464477539063e-08, 1.4528632164001465e-07, -2.9802322387695312e-08, 0.9522512555122375, -0.24071061611175537, 0.18781904876232147, 0.27110961079597473, 0.3837226629257202, -0.8827552199363708, 0.14041829109191895, 0.8915241956710815, 0.43065908551216125),
            ["LeftLowerLeg"] = CFrame.new(-4.470348358154297e-08, -2.384185791015625e-07, -6.77746925248357e-09, 1, -9.685756197086448e-08, -4.917383762403915e-07, 4.6193599700927734e-07, 0.26549604535102844, 0.9641119241714478, 5.21540641784668e-08, -0.9641119837760925, 0.26549628376960754)
        }},
        [6] = {Time = 0.167, Data = {
            ["RightFoot"] = CFrame.new(4.936009645462036e-08, 4.172325134277344e-07, -9.240102372132242e-08, 0.98654705286026, 0.10382920503616333, -0.12627176940441132, -0.1574954241514206, 0.8106951713562012, -0.5638866424560547, 0.04382022097706795, 0.5761882662773132, 0.8161417245864868),
            ["LeftLowerArm"] = CFrame.new(-5.960464477539063e-08, -1.1920928955078125e-07, -3.46451997756958e-07, 1, 1.8253919620292436e-07, -7.45057526785331e-09, 2.3655584868720325e-07, 0.9824486374855042, -0.18653307855129242, 7.823106784599076e-08, 0.186533585190773, 0.9824486970901489),
            ["RightUpperArm"] = CFrame.new(0.008859395980834961, 0.012281537055969238, 0.01333676278591156, 0.0493498221039772, 0.15834294259548187, 0.9861501455307007, 0.9185833930969238, 0.3804522156715393, -0.107056625187397, -0.3921341896057129, 0.9111441969871521, -0.12667588889598846),
            ["Head"] = CFrame.new(9.313225746154785e-10, -1.1920928955078125e-07, -9.313225746154785e-09, 0.5192940831184387, -0.17408226430416107, -0.836677610874176, 0.045599307864904404, 0.9832826852798462, -0.17628341913223267, 0.853378176689148, 0.05339110642671585, 0.5185506343841553),
            ["RightHand"] = CFrame.new(2.980232238769531e-07, -1.1920928955078125e-07, -1.1920928955078125e-07, 0.566993772983551, -0.8230189085006714, 0.034029144793748856, 0.8226425647735596, 0.563652753829956, -0.07453210651874542, 0.04216000810265541, 0.07025325298309326, 0.9966378808021545),
            ["UpperTorso"] = CFrame.new(-7.450580596923828e-09, -5.960464477539063e-08, -3.3527612686157227e-08, 0.8781028389930725, -0.08073148131370544, 0.47161203622817993, 0.11505366116762161, 0.9923689961433411, -0.044344544410705566, -0.46443310379981995, 0.09319964796304703, 0.8806904554367065),
            ["HumanoidRootPart"] = CFrame.new(0, 0, 0, 1, 0, 0, 0, 1, 0, 0, 0, 1),
            ["RightUpperLeg"] = CFrame.new(1.1920928955078125e-07, -2.1420419216156006e-08, -6.6465872805565596e-09, 0.9005527496337891, -0.42229774594306946, -0.10329311341047287, 0.1942124217748642, 0.6033481955528259, -0.7734681367874146, 0.3889555037021637, 0.6764877438545227, 0.625361979007721),
            ["LeftUpperArm"] = CFrame.new(0.02198892831802368, 0.006139039993286133, 0.013394370675086975, -0.1607387661933899, 0.9800003170967102, 0.11731414496898651, -0.18561109900474548, 0.08672524243593216, -0.9787886738777161, -0.9693872928619385, -0.17910361289978027, 0.1679588109254837),
            ["RightLowerArm"] = CFrame.new(5.364418029785156e-07, 2.384185791015625e-07, -1.564621925354004e-07, 1, -4.470351555596608e-08, 7.748609505142667e-07, -3.427266221933678e-07, 0.11697857826948166, -0.9931344985961914, 2.533196834519913e-07, 0.9931344389915466, 0.11697894334793091),
            ["LeftHand"] = CFrame.new(-8.940696716308594e-08, -1.1920928955078125e-07, -4.0978193283081055e-08, 0.023723449558019638, 0.1344839185476303, -0.9906317591667175, -0.9733561873435974, 0.22916555404663086, 0.0078008826822042465, 0.22806790471076965, 0.9640524983406067, 0.13633757829666138),
            ["LeftFoot"] = CFrame.new(7.450580596923828e-09, -5.960464477539063e-08, -3.300715434306767e-08, 0.9833152890205383, 0.12484411895275116, 0.1323065161705017, -0.17805562913417816, 0.8094719052314758, 0.5595100522041321, -0.03724699467420578, -0.5737326741218567, 0.8181953430175781),
            ["LowerTorso"] = CFrame.new(-0.05499411001801491, -0.2768193483352661, 0.29004809260368347, 0.8462622761726379, 0.05266716703772545, 0.5301570892333984, -0.16883191466331482, 0.9703252911567688, 0.1731029897928238, -0.5053079724311829, -0.23599790036678314, 0.8300415277481079),
            ["RightLowerLeg"] = CFrame.new(7.450580596923828e-09, -5.960464477539063e-08, 6.6720531322062016e-09, 1, -2.6077037773575285e-07, -8.344653110725631e-07, 6.109478363214293e-07, 0.2697121500968933, 0.9629409909248352, -8.195641498787154e-08, -0.9629411101341248, 0.2697124183177948),
            ["LeftUpperLeg"] = CFrame.new(-1.1920928955078125e-07, -1.1362135410308838e-07, 2.9802322387695312e-08, 0.950616180896759, -0.2524016499519348, 0.1806166023015976, 0.2706696093082428, 0.3894157409667969, -0.8803938627243042, 0.15187817811965942, 0.8858041763305664, 0.43850231170654297),
            ["LeftLowerLeg"] = CFrame.new(-7.82310962677002e-08, 1.7881393432617188e-07, 1.1848982239826e-08, 1, 8.940698137394065e-08, -5.848706337019394e-07, 4.02331437499015e-07, 0.2643268406391144, 0.9644331932067871, -1.6391281576488836e-07, -0.9644332528114319, 0.2643269896507263)
        }},
        [7] = {Time = 0.200, Data = {
            ["RightFoot"] = CFrame.new(5.3551048040390015e-08, 3.5762786865234375e-07, -1.603257260285318e-08, 0.9866223931312561, 0.1097022220492363, -0.12058968096971512, -0.15912459790706635, 0.8088395595550537, -0.5660899877548218, 0.03543660789728165, 0.5777058601379395, 0.8154755234718323),
            ["LeftLowerArm"] = CFrame.new(2.9802322387695312e-08, -1.7881393432617188e-07, 2.868473529815674e-07, 1, -1.4528633585086936e-07, 1.1175869474300271e-07, 1.62515689794418e-07, 0.9806118011474609, -0.1959601193666458, 1.1175863789958385e-08, 0.19596067070960999, 0.9806119203567505),
            ["RightUpperArm"] = CFrame.new(0.008517026901245117, 0.012284159660339355, 0.014715306460857391, 0.06506089121103287, 0.14868000149726868, 0.9867428541183472, 0.9137470722198486, 0.38852977752685547, -0.11879059672355652, -0.4010404944419861, 0.9093617796897888, -0.11057782173156738),
            ["Head"] = CFrame.new(6.146728992462158e-08, 1.1920928955078125e-07, -1.0710209608078003e-08, 0.5102202892303467, -0.16253574192523956, -0.8445459008216858, 0.05130181461572647, 0.98598313331604, -0.1587623804807663, 0.8585123419761658, 0.037677060812711716, 0.511406660079956),
            ["RightHand"] = CFrame.new(-1.9371509552001953e-07, 1.1920928955078125e-07, -5.960464477539063e-08, 0.5755637288093567, -0.8167993426322937, 0.03956189379096031, 0.8166825771331787, 0.5716553330421448, -0.0789933130145073, 0.04190516471862793, 0.07777516543865204, 0.9960898756980896),
            ["UpperTorso"] = CFrame.new(-5.21540641784668e-08, 1.7881393432617188e-07, -5.4016709327697754e-08, 0.8726463317871094, -0.0810546949505806, 0.48157933354377747, 0.11697324365377426, 0.9921160936355591, -0.044978126883506775, -0.47413673996925354, 0.09558187425136566, 0.8752476572990417),
            ["HumanoidRootPart"] = CFrame.new(0, 0, 0, 1, 0, 0, 0, 1, 0, 0, 0, 1),
            ["RightUpperLeg"] = CFrame.new(-8.940696716308594e-08, 4.0978193283081055e-08, -3.272361936978996e-08, 0.8967543244361877, -0.4298822581768036, -0.10503815114498138, 0.20076024532318115, 0.6067283749580383, -0.7691398859024048, 0.39436906576156616, 0.668641984462738, 0.6303894519805908),
            ["LeftUpperArm"] = CFrame.new(0.021637141704559326, 0.006279110908508301, 0.01479039341211319, -0.1464621126651764, 0.9829227328300476, 0.1114087626338005, -0.19008314609527588, 0.08255990594625473, -0.9782905578613281, -0.9707818031311035, -0.16445942223072052, 0.17474517226219177),
            ["RightLowerArm"] = CFrame.new(3.5762786865234375e-07, 2.384185791015625e-07, -9.685754776000977e-08, 1, 7.450587702351186e-08, 5.960467888144194e-07, -2.1606676625651744e-07, 0.11825921386480331, -0.9929827451705933, 8.940693874137651e-08, 0.992982804775238, 0.11825968325138092),
            ["LeftHand"] = CFrame.new(1.4901161193847656e-07, 3.5762786865234375e-07, -1.2293457984924316e-07, 0.022047216072678566, 0.13102605938911438, -0.9911337494850159, -0.9710094928741455, 0.23883217573165894, 0.009973914362490177, 0.23802226781845093, 0.9621806144714355, 0.1324935257434845),
            ["LeftFoot"] = CFrame.new(-3.725290298461914e-09, 0, -1.8105993149220012e-08, 0.9840845465660095, 0.11778691411018372, 0.1330556869506836, -0.17105603218078613, 0.8307385444641113, 0.5297296047210693, -0.04813942313194275, -0.5440585613250732, 0.8376650810241699),
            ["LowerTorso"] = CFrame.new(-0.0637468472123146, -0.27678191661834717, 0.28648677468299866, 0.8460909724235535, 0.05524499714374542, 0.5301681160926819, -0.16977062821388245, 0.9707484245300293, 0.16978083550930023, -0.5052803158760071, -0.23365695774555206, 0.8307203650474548),
            ["RightLowerLeg"] = CFrame.new(-5.21540641784668e-08, 5.960464477539063e-08, 5.137553671374917e-08, 1, -3.7252908668961027e-07, -8.568167686462402e-07, 6.761401891708374e-07, 0.2705390453338623, 0.9627089500427246, -8.195638656616211e-08, -0.9627090692520142, 0.27053922414779663),
            ["LeftUpperLeg"] = CFrame.new(2.9802322387695312e-08, 1.6763806343078613e-07, -5.960464477539063e-08, 0.9489386081695557, -0.26585233211517334, 0.1698179692029953, 0.26897722482681274, 0.4006096124649048, -0.875878632068634, 0.16482359170913696, 0.876832127571106, 0.4516620934009552),
            ["LeftLowerLeg"] = CFrame.new(3.3527612686157227e-08, 1.1920928955078125e-07, -3.010754028309748e-07, 1, -1.713633963618122e-07, -4.097819896742294e-07, 4.6193599700927734e-07, 0.2654876112937927, 0.964114248752594, 8.195638656616211e-08, -0.9641143083572388, 0.26548779010772705)
        }},
        [8] = {Time = 0.233, Data = {
            ["RightFoot"] = CFrame.new(-2.8405338525772095e-08, 2.980232238769531e-07, -1.1314114090055227e-09, 0.9867662787437439, 0.11405947059392929, -0.11525128036737442, -0.1596451848745346, 0.807826042175293, -0.567388653755188, 0.028386903926730156, 0.5782797932624817, 0.8153449892997742),
            ["LeftLowerArm"] = CFrame.new(0, -5.960464477539063e-08, 1.8998980522155762e-07, 1, -5.5879368687783426e-08, 8.195630840646118e-08, 2.7986237682853243e-07, 0.9782816767692566, -0.20728014409542084, 6.332992086299782e-08, 0.20728032290935516, 0.9782816171646118),
            ["RightUpperArm"] = CFrame.new(0.007879137992858887, 0.012221813201904297, 0.016323670744895935, 0.08888540416955948, 0.1357884258031845, 0.9867426156997681, 0.9074073433876038, 0.397487998008728, -0.13643839955329895, -0.4107449948787689, 0.907504677772522, -0.0878845602273941),
            ["Head"] = CFrame.new(-9.778887033462524e-09, -2.384185791015625e-07, -5.587935447692871e-09, 0.4998321831226349, -0.15344871580600739, -0.8524209260940552, 0.056944653391838074, 0.9878734350204468, -0.14444155991077423, 0.8642482757568359, 0.023655742406845093, 0.5025089383125305),
            ["RightHand"] = CFrame.new(-1.4901161193847656e-08, 1.7881393432617188e-07, -8.940696716308594e-08, 0.5928911566734314, -0.8041119575500488, 0.04340866208076477, 0.8038995862007141, 0.5878542065620422, -0.09040465205907822, 0.04717724397778511, 0.08849641680717468, 0.9949586391448975),
            ["UpperTorso"] = CFrame.new(7.450580596923828e-09, -8.940696716308594e-08, -1.862645149230957e-09, 0.865671694278717, -0.08104641735553741, 0.4940081536769867, 0.11806081980466843, 0.9920251965522766, -0.044132381677627563, -0.48649170994758606, 0.09652714431285858, 0.8683364987373352),
            ["HumanoidRootPart"] = CFrame.new(0, 0, 0, 1, 0, 0, 0, 1, 0, 0, 0, 1),
            ["RightUpperLeg"] = CFrame.new(0, 6.752088665962219e-08, 8.039933163672686e-10, 0.8941447734832764, -0.43450048565864563, -0.10823358595371246, 0.2058902233839035, 0.6135863065719604, -0.7623128890991211, 0.3976360559463501, 0.6593338251113892, 0.6380945444107056),
            ["LeftUpperArm"] = CFrame.new(0.020981788635253906, 0.0064733028411865234, 0.016417108476161957, -0.13267752528190613, 0.9852822422981262, 0.10777637362480164, -0.1900891214609146, 0.08142443001270294, -0.9783845543861389, -0.9727604389190674, -0.15029659867286682, 0.1764882355928421),
            ["RightLowerArm"] = CFrame.new(1.7881393432617188e-07, 4.172325134277344e-07, -5.960464477539063e-08, 1, -1.1920938902676426e-07, 3.2782574521661445e-07, -2.2351748896198842e-08, 0.11943834275007248, -0.9928416013717651, 4.4703497792397684e-08, 0.9928417205810547, 0.11943860352039337),
            ["LeftHand"] = CFrame.new(-1.4901161193847656e-07, 5.960464477539063e-08, 7.078051567077637e-08, 0.04633454233407974, 0.11937366425991058, -0.9917676448822021, -0.9649779200553894, 0.2619810402393341, -0.01354976650327444, 0.2582066059112549, 0.9576616883277893, 0.12733213603496552),
            ["LeftFoot"] = CFrame.new(6.705522537231445e-08, -5.960464477539063e-08, 2.6597490432322957e-08, 0.9854437708854675, 0.10999836027622223, 0.12961876392364502, -0.15931212902069092, 0.8636330366134644, 0.47828617691993713, -0.059332333505153656, -0.49197402596473694, 0.8685858845710754),
            ["LowerTorso"] = CFrame.new(-0.0711212232708931, -0.27519071102142334, 0.2812199890613556, 0.8467250466346741, 0.058016058057546616, 0.5288580656051636, -0.1697467714548111, 0.9715437889099121, 0.1651930958032608, -0.5042248964309692, -0.22964505851268768, 0.8324784636497498),
            ["RightLowerLeg"] = CFrame.new(-5.960464477539063e-08, 2.384185791015625e-07, -1.4233955880627036e-07, 1, -1.6391273049976007e-07, -7.003547466410964e-07, 6.873164011267363e-07, 0.274837851524353, 0.9614905714988708, -2.2351753159455257e-07, -0.9614906311035156, 0.2748379111289978),
            ["LeftUpperLeg"] = CFrame.new(-1.1920928955078125e-07, -5.960464477539063e-08, 2.9802322387695312e-08, 0.9481199979782104, -0.27802446484565735, 0.15417805314064026, 0.26476091146469116, 0.42207345366477966, -0.8670385479927063, 0.17598360776901245, 0.862876832485199, 0.4737861752510071),
            ["LeftLowerLeg"] = CFrame.new(-7.82310962677002e-08, -1.7881393432617188e-07, 2.465422710429266e-07, 1, 2.9802322387695312e-08, -6.668269634246826e-07, 3.501772880554199e-07, 0.27063271403312683, 0.9626826643943787, 1.4901161193847656e-08, -0.9626827239990234, 0.2706330120563507)
        }},
        [9] = {Time = 0.267, Data = {
            ["RightFoot"] = CFrame.new(-8.89413058757782e-08, 1.7881393432617188e-07, -6.719346856698394e-09, 0.9871047735214233, 0.11562569439411163, -0.11070229858160019, -0.15828950703144073, 0.808072030544281, -0.5674185156822205, 0.023847399279475212, 0.5776246190071106, 0.8159542679786682),
            ["LeftLowerArm"] = CFrame.new(5.960464477539063e-08, 1.1920928955078125e-07, -2.644956111907959e-07, 1, -2.4214389782173384e-07, 1.49011640360186e-07, -2.6542664954831707e-08, 0.9758752584457397, -0.21832861006259918, 1.0803330496855779e-07, 0.21832925081253052, 0.9758753180503845),
            ["RightUpperArm"] = CFrame.new(0.006883144378662109, 0.012132644653320312, 0.0182809978723526, 0.12080374360084534, 0.12423749268054962, 0.9848713278770447, 0.8983486890792847, 0.408434122800827, -0.16171327233314514, -0.42234596610069275, 0.904293417930603, -0.06226828694343567),
            ["Head"] = CFrame.new(-4.0978193283081055e-08, 1.1920928955078125e-07, 8.381903171539307e-09, 0.49177420139312744, -0.1465042382478714, -0.858309268951416, 0.06220611184835434, 0.9891359210014343, -0.13319341838359833, 0.868497908115387, 0.012108943425118923, 0.495544970035553),
            ["RightHand"] = CFrame.new(-2.9802322387695312e-08, 1.1920928955078125e-07, -1.341104507446289e-07, 0.613799512386322, -0.7880953550338745, 0.04643290489912033, 0.7877116799354553, 0.6074638962745667, -0.10245983302593231, 0.052541617304086685, 0.09946565330028534, 0.993652880191803),
            ["UpperTorso"] = CFrame.new(-3.725290298461914e-08, 4.470348358154297e-07, 1.862645149230957e-08, 0.8584136962890625, -0.07934261113405228, 0.5067848563194275, 0.11580491811037064, 0.992434561252594, -0.040778808295726776, -0.4997152090072632, 0.0936933383345604, 0.8611075282096863),
            ["HumanoidRootPart"] = CFrame.new(0, 0, 0, 1, 0, 0, 0, 1, 0, 0, 0, 1),
            ["RightUpperLeg"] = CFrame.new(-2.9802322387695312e-08, 2.9848888516426086e-07, 7.903508958406746e-08, 0.8943783640861511, -0.4326823651790619, -0.11346185952425003, 0.20810627937316895, 0.6270198822021484, -0.7506917119026184, 0.3959536850452423, 0.6477901339530945, 0.6508367657661438),
            ["LeftUpperArm"] = CFrame.new(0.019960403442382812, 0.006784558296203613, 0.018391907215118408, -0.12159264087677002, 0.9864592552185059, 0.11006098985671997, -0.18991348147392273, 0.08571392297744751, -0.9780521392822266, -0.9742423295974731, -0.1398259550333023, 0.17691969871520996),
            ["RightLowerArm"] = CFrame.new(0, 1.7881393432617188e-07, -1.0989606380462646e-07, 1, 1.4901166522918174e-08, 2.831222616350715e-07, 7.450584149637507e-09, 0.12051758915185928, -0.9927112460136414, 1.4901168299275014e-07, 0.9927113056182861, 0.12051750719547272),
            ["LeftHand"] = CFrame.new(0, -5.960464477539063e-08, -2.086162567138672e-07, 0.07703199982643127, 0.10508577525615692, -0.9914752244949341, -0.957240104675293, 0.2859177589416504, -0.044068168848752975, 0.27885007858276367, 0.9524747133255005, 0.12261774390935898),
            ["LeftFoot"] = CFrame.new(-5.960464477539063e-08, 1.1920928955078125e-07, 4.149865162617061e-08, 0.987381100654602, 0.1014377549290657, 0.12161008268594742, -0.14224733412265778, 0.905608057975769, 0.39955011010169983, -0.06960170716047287, -0.411806583404541, 0.9086092114448547),
            ["LowerTorso"] = CFrame.new(-0.07613050192594528, -0.2716776132583618, 0.2730681002140045, 0.849307656288147, 0.06093132123351097, 0.524370014667511, -0.1670776605606079, 0.9732797741889954, 0.15751683712005615, -0.5007609724998474, -0.22139078378677368, 0.8367941379547119),
