return {
    ["Headstock Spin"] = {
        {Time = 0.000, Data = {
            ["LeftLowerArm"] = CFrame.new(3.2782554626464844e-07, -4.76837158203125e-07, -1.043081283569336e-07, 1, -5.21540641784668e-08, 2.607702853651972e-08, 5.2154071283894154e-08, -0.13250663876533508, -0.9911822080612183, 9.685756197086448e-08, 0.9911821484565735, -0.13250665366649628),
            ["LeftFoot"] = CFrame.new(-9.685754776000977e-08, -1.7881393432617188e-07, -2.60770320892334e-08, 0.9473015666007996, -0.1903025060892105, -0.2576909363269806, 0.15556307137012482, 0.9764846563339233, -0.14925797283649445, 0.28003552556037903, 0.10130506753921509, 0.9546295404434204),
            ["RightHand"] = CFrame.new(-3.725290298461914e-08, 0, 1.434236764907837e-07, 0.796631932258606, 0.3441719710826874, 0.49691399931907654, -0.502826452255249, 0.833565354347229, 0.22876763343811035, -0.3354746401309967, -0.43210485577583313, 0.8371033072471619),
            ["HumanoidRootPart"] = CFrame.new(0, 0, 0, 1, 0, 0, 0, 1, 0, 0, 0, 1),
            ["RightLowerLeg"] = CFrame.new(4.470348358154297e-08, 3.5762786865234375e-07, -1.3241515262052417e-07, 1, -4.4703490686970326e-08, -8.940700979565008e-08, 1.1920928955078125e-07, 0.7484419345855713, 0.6632001399993896, 1.4901161193847656e-08, -0.663200318813324, 0.7484420537948608),
            ["LeftUpperLeg"] = CFrame.new(5.960464477539063e-08, 9.313225746154785e-09, 6.705522537231445e-08, 0.8442749381065369, 0.39479735493659973, 0.36240169405937195, -0.32234299182891846, 0.914336621761322, -0.24511931836605072, -0.42812949419021606, 0.0901305228471756, 0.8992116451263428),
            ["LeftLowerLeg"] = CFrame.new(3.725290298461914e-08, -5.960464477539063e-08, 1.210719347000122e-08, 1, 6.612390990312633e-08, 1.117587622445626e-08, -4.0978193283081055e-08, 0.8058158755302429, 0.592166543006897, 2.2351741790771484e-08, -0.5921663641929626, 0.8058156967163086),
            ["RightUpperArm"] = CFrame.new(0, 7.152557373046875e-07, -1.2945383787155151e-07, 0.703921377658844, -0.4954138994216919, 0.5089792013168335, 0.426188588142395, 0.8678600192070007, 0.25530824065208435, -0.5682058930397034, 0.037204183638095856, 0.8220450282096863),
            ["Head"] = CFrame.new(7.450580596923828e-09, 1.1920928955078125e-07, -4.6566128730773926e-09, 0.9688431024551392, 0.043870992958545685, 0.24375887215137482, -0.086325503885746, 0.9822859168052673, 0.16632026433944702, -0.23214419186115265, -0.1821807324886322, 0.9554681181907654),
            ["UpperTorso"] = CFrame.new(0, -5.960464477539063e-08, 4.284083843231201e-08, 0.9962087273597717, -0.05188482627272606, 0.06983014941215515, 0.03007657453417778, 0.9585968255996704, 0.2831740975379944, -0.08163144439458847, -0.28000015020370483, 0.9565230011940002),
            ["LeftUpperArm"] = CFrame.new(0, 2.384185791015625e-07, 3.725290298461914e-09, 0.8448799848556519, 0.46787166595458984, 0.25937220454216003, -0.5305858850479126, 0.7947407960891724, 0.2947298586368561, -0.06823792308568954, -0.3866305947303772, 0.9197066426277161),
            ["RightLowerArm"] = CFrame.new(0, -4.172325134277344e-07, 2.9802322387695312e-08, 1, -6.705522537231445e-08, 1.0617074508445512e-07, 1.30385160446167e-07, -0.04871498793363571, -0.998812735080719, 1.043081283569336e-07, 0.998812735080719, -0.04871494695544243),
            ["LeftHand"] = CFrame.new(2.5331974029541016e-07, 0, 5.21540641784668e-08, 0.3261246383190155, 0.6643446683883667, 0.6725244522094727, -0.35585537552833557, 0.7453649640083313, -0.563735842704773, -0.8757908940315247, -0.05547328665852547, 0.4794921576976776),
            ["RightFoot"] = CFrame.new(-3.3527612686157227e-08, 4.172325134277344e-07, 1.0600342648103833e-07, 0.9801580905914307, 0.18445985019207, 0.07255847752094269, -0.12929126620292664, 0.8724186420440674, -0.4713483154773712, -0.15024620294570923, 0.45261499285697937, 0.8789574503898621),
            ["LowerTorso"] = CFrame.new(0.02095046639442444, -0.13570106029510498, 0.112708181142807, 0.8986259698867798, -0.11767134815454483, -0.4226403534412384, -0.009465520270168781, 0.957933783531189, -0.2868333160877228, 0.43861350417137146, 0.26175636053085327, 0.8597103357315063),
            ["RightUpperLeg"] = CFrame.new(0, 2.3469328880310059e-07, -1.6952981241047382e-09, 0.9484385251998901, -0.24699336290359497, -0.19864226877689362, 0.2599899470806122, 0.9647049307823181, 0.041828107088804245, 0.18129993975162506, -0.09131640195846558, 0.9791791439056396),
            ["Guitar"] = CFrame.new(0.08315806090831757, 2.234423875808716, -0.4166454076766968, 0.7287265658378601, 0.0866302102804184, -0.6793034672737122, -0.027193453162908554, 0.9948444962501526, 0.09769868105649948, 0.6842646598815918, -0.052723053842782974, 0.7273250818252563),
        }},
        {Time = 0.033, Data = {
            ["LeftLowerArm"] = CFrame.new(2.9802322387695312e-08, -1.1920928955078125e-07, -1.341104507446289e-07, 1, -4.470347647611561e-08, 1.1920927533992653e-07, 3.3527612686157227e-08, -0.1370254009962082, -0.9905675053596497, 1.1175870895385742e-07, 0.9905675053596497, -0.13702543079853058),
            ["LeftFoot"] = CFrame.new(2.2351741790771484e-08, 5.960464477539063e-08, 4.0978193283081055e-08, 0.9471912980079651, -0.19035974144935608, -0.2580537796020508, 0.15605893731117249, 0.9766522645950317, -0.1476350575685501, 0.2801327109336853, 0.09956702589988708, 0.9547838568687439),
            ["RightHand"] = CFrame.new(-1.7136335372924805e-07, 5.960464477539063e-08, 3.5762786865234375e-07, 0.7967740297317505, 0.34663650393486023, 0.4949689209461212, -0.5057734251022339, 0.830787181854248, 0.23234957456588745, -0.3306730091571808, -0.4354719817638397, 0.837269127368927),
            ["HumanoidRootPart"] = CFrame.new(0, 0, 0, 1, 0, 0, 0, 1, 0, 0, 0, 1),
            ["RightLowerLeg"] = CFrame.new(-1.043081283569336e-07, 3.5762786865234375e-07, -4.300818545743823e-08, 1, -7.450583439094771e-08, -5.215407838932151e-08, 8.568168397005138e-08, 0.7503012418746948, 0.6610958576202393, 1.1175872671742582e-08, -0.6610962748527527, 0.7503014206886292),
            ["LeftUpperLeg"] = CFrame.new(2.9802322387695312e-08, 3.46451997756958e-07, 8.940696716308594e-08, 0.8442525267601013, 0.3953433632850647, 0.3618582785129547, -0.3226863443851471, 0.9140423536300659, -0.24576449394226074, -0.42791515588760376, 0.09072057902812958, 0.8992543816566467),
            ["LeftLowerLeg"] = CFrame.new(4.0978193283081055e-08, -1.1920928955078125e-07, -1.564621925354004e-07, 1, 6.332994928470725e-08, 1.862645326866641e-08, -5.215405707303944e-08, 0.8071187734603882, 0.5903890132904053, 2.2351738238057806e-08, -0.5903890132904053, 0.8071188926696777),
            ["RightUpperArm"] = CFrame.new(2.384185791015625e-07, 1.1920928955078125e-07, -4.470348358154297e-08, 0.702541708946228, -0.49928179383277893, 0.5071025490760803, 0.4297003746032715, 0.8656336069107056, 0.25697487592697144, -0.567267894744873, 0.03736665099859238, 0.822685182094574),
            ["Head"] = CFrame.new(-2.2351741790771484e-08, -3.5762786865234375e-07, -1.0244548320770264e-08, 0.9684253334999084, 0.04578477144241333, 0.2450636327266693, -0.08916427940130234, 0.9815804958343506, 0.16896644234657288, -0.2328135371208191, -0.1854822188615799, 0.9546697735786438),
            ["UpperTorso"] = CFrame.new(2.7939677238464355e-08, 1.1920928955078125e-07, 4.284083843231201e-08, 0.9961970448493958, -0.05284016579389572, 0.06927800178527832, 0.031234577298164368, 0.9588485360145569, 0.2821948230266571, -0.08133833855390549, -0.2789577841758728, 0.9568524360656738),
            ["LeftUpperArm"] = CFrame.new(-2.384185791015625e-07, 1.1920928955078125e-07, 8.66129994392395e-08, 0.8448018431663513, 0.4689525365829468, 0.2576692998409271, -0.531137228012085, 0.7932902574539185, 0.29763075709342957, -0.06483183801174164, -0.3882967531681061, 0.9192511439323425),
            ["RightLowerArm"] = CFrame.new(1.1920928955078125e-07, 0, 5.960464477539063e-08, 1, -3.725290653733282e-08, 1.210719347000122e-07, 1.3038514623531228e-07, -0.05403948575258255, -0.9985388517379761, 1.0430811414607888e-07, 0.9985388517379761, -0.05403951555490494),
            ["LeftHand"] = CFrame.new(-2.9802322387695312e-08, -1.1920928955078125e-07, 6.705522537231445e-08, 0.3226073682308197, 0.6655460000038147, 0.6730326414108276, -0.36007291078567505, 0.7438838481903076, -0.5630139708518982, -0.875369668006897, -0.060708433389663696, 0.47962725162506104),
            ["RightFoot"] = CFrame.new(-1.1175870895385742e-08, 3.5762786865234375e-07, -3.55576048605144e-08, 0.9802955389022827, 0.18381106853485107, 0.07234787940979004, -0.12902487814426422, 0.8731381893157959, -0.4700874388217926, -0.14957693219184875, 0.4514901340007782, 0.8796497583389282),
            ["LowerTorso"] = CFrame.new(0.021478965878486633, -0.1350637674331665, 0.11363935470581055, 0.8989363312721252, -0.1179075539112091, -0.4219139516353607, -0.008595163933932781, 0.9581668972969055, -0.2860812246799469, 0.4379950165748596, 0.2607952058315277, 0.860317587852478),
            ["RightUpperLeg"] = CFrame.new(5.960464477539063e-08, 2.421438694000244e-07, -1.6952981241047382e-09, 0.9486210346221924, -0.24531911313533783, -0.1998419314622879, 0.2585345506668091, 0.9650645852088928, 0.0425468347966671, 0.1824229508638382, -0.09202704578638077, 0.9789039492607117),
            ["Guitar"] = CFrame.new(0.08315771818161011, 2.234423875808716, -0.4166452884674072, 0.7287265062332153, 0.08662986755371094, -0.6793031096458435, -0.027193209156394005, 0.9948445558547974, 0.09769851714372635, 0.6842648983001709, -0.05272311344742775, 0.727325439453125),
        }},
        {Time = 0.067, Data = {
            ["LeftLowerArm"] = CFrame.new(-1.1920928955078125e-07, -1.1920928955078125e-07, 4.470348358154297e-08, 1, -8.940695295223122e-08, 9.499488129449674e-08, 1.3411046495548362e-07, -0.1491995006799698, -0.9888070821762085, 2.980232594040899e-08, 0.9888070821762085, -0.1491994559764862),
            ["LeftFoot"] = CFrame.new(1.4901161193847656e-08, -2.384185791015625e-07, -7.450580596923828e-09, 0.9469114542007446, -0.19059142470359802, -0.2589086592197418, 0.15727674961090088, 0.9770007133483887, -0.14399230480194092, 0.2803977429866791, 0.09562767297029495, 0.9551087021827698),
            ["RightHand"] = CFrame.new(3.725290298461914e-08, -5.960464477539063e-08, 1.862645149230957e-07, 0.7967780232429504, 0.3541628420352936, 0.48960623145103455, -0.5136664509773254, 0.8237131237983704, 0.24009060859680176, -0.31826359033584595, -0.44279274344444275, 0.8382375836372375),
            ["HumanoidRootPart"] = CFrame.new(0, 0, 0, 1, 0, 0, 0, 1, 0, 0, 0, 1),
            ["RightLowerLeg"] = CFrame.new(-8.940696716308594e-08, 2.980232238769531e-07, 6.129994289949536e-08, 1, -8.940698847936801e-08, -2.2351747119842003e-08, 1.0803341865539551e-07, 0.7544471025466919, 0.6563605070114136, -1.862645149230957e-08, -0.6563608646392822, 0.7544475197792053),
            ["LeftUpperLeg"] = CFrame.new(5.960464477539063e-08, -8.009374141693115e-08, -8.940696716308594e-08, 0.8442733287811279, 0.397308886051178, 0.35965022444725037, -0.3236968517303467, 0.9129102230072021, -0.24862703680992126, -0.42711010575294495, 0.09349136054515839, 0.8993533253669739),
            ["LeftLowerLeg"] = CFrame.new(-5.587935447692871e-08, -1.1920928955078125e-07, 6.426125764846802e-08, 1, 1.0244550985305523e-08, -7.450581485102248e-09, -5.5879347371501353e-08, 0.809353232383728, 0.5873221755027771, 1.6763804566721774e-08, -0.5873221158981323, 0.809353232383728),
            ["RightUpperArm"] = CFrame.new(1.1920928955078125e-07, 2.384185791015625e-07, -6.51925802230835e-08, 0.699491560459137, -0.5077345371246338, 0.50290846824646, 0.4369308650493622, 0.8607191443443298, 0.2612549960613251, -0.5655112266540527, 0.036990612745285034, 0.8239107728004456),
            ["Head"] = CFrame.new(-2.9802322387695312e-08, 2.384185791015625e-07, -1.1175870895385742e-08, 0.966796875, 0.052507027983665466, 0.2500937283039093, -0.09885448217391968, 0.9793171286582947, 0.1765386164188385, -0.23565152287483215, -0.19539974629878998, 0.9519912600517273),
            ["UpperTorso"] = CFrame.new(1.4901161193847656e-08, 2.9802322387695312e-08, -4.377216100692749e-08, 0.9960876703262329, -0.05690990388393402, 0.06760665774345398, 0.03608647361397743, 0.9602879285812378, 0.2766675353050232, -0.08066701143980026, -0.27314549684524536, 0.9585845470428467),
            ["LeftUpperArm"] = CFrame.new(-2.384185791015625e-07, 2.384185791015625e-07, 2.2351741790771484e-08, 0.8442970514297485, 0.47205638885498047, 0.2536240816116333, -0.5328631401062012, 0.7896798849105835, 0.30407702922821045, -0.056740451604127884, -0.391878217458725, 0.9182658195495605),
            ["RightLowerArm"] = CFrame.new(-1.4901161193847656e-07, -6.556510925292969e-07, -2.9802322387695312e-08, 1, -1.2665984172599565e-07, 5.5879341154252415e-09, 5.21540641784668e-08, -0.06509914994239807, -0.9978788495063782, 5.21540641784668e-08, 0.9978787899017334, -0.06509917974472046),
            ["LeftHand"] = CFrame.new(2.086162567138672e-07, -1.1920928955078125e-07, -2.9802322387695312e-08, 0.315523624420166, 0.6674488186836243, 0.6745054125785828, -0.3738408088684082, 0.7407618165016174, -0.5581349730491638, -0.8721742630004883, -0.0760529562830925, 0.4832472801208496),
            ["RightFoot"] = CFrame.new(2.2351741790771484e-08, 5.364418029785156e-07, 2.4047039914876223e-08, 0.9806677103042603, 0.181981161236763, 0.07192995399236679, -0.1282067745923996, 0.8752349615097046, -0.46639758348464966, -0.147830992937088, 0.4481593668460846, 0.881645917892456),
            ["LowerTorso"] = CFrame.new(0.022990822792053223, -0.13354253768920898, 0.1161859929561615, 0.8998119235038757, -0.11858093738555908, -0.41985365748405457, -0.006127467844635248, 0.9588235020637512, -0.283936470746994, 0.4362350106239319, 0.25806206464767456, 0.862034261226654),
            ["RightUpperLeg"] = CFrame.new(-2.9802322387695312e-08, 5.587935447692871e-08, -3.149762051180005e-08, 0.9491421580314636, -0.24078503251075745, -0.20285920798778534, 0.2544313073158264, 0.966102123260498, 0.04371779039502144, 0.18545615673065186, -0.09310845285654068, 0.9782315492630005),
            ["Guitar"] = CFrame.new(0.08315767347812653, 2.2344236373901367, -0.41664552688598633, 0.7287265062332153, 0.0866304412484169, -0.6793037056922913, -0.027193434536457062, 0.9948444962501526, 0.09769908338785172, 0.6842647790908813, -0.0527232401072979, 0.7273248434066772),
        }},
        {Time = 0.100, Data = {
            ["LeftLowerArm"] = CFrame.new(2.9802322387695312e-08, 5.960464477539062e-07, -2.9802322387695312e-08, 1, -8.940698137394065e-08, 9.592620386911221e-08, 1.564621925354004e-07, -0.16833876073360443, -0.9857292175292969, 9.685754776000977e-08, 0.9857292175292969, -0.16833870112895966),
            ["LeftFoot"] = CFrame.new(-5.21540641784668e-08, 5.960464477539063e-08, 1.6763806343078613e-08, 0.9465283751487732, -0.19113504886627197, -0.2599068582057953, 0.1590600460767746, 0.9773653745651245, -0.1394888460636139, 0.2806851267814636, 0.09068935364484787, 0.9555057883262634),
            ["RightHand"] = CFrame.new(-6.332993507385254e-08, 1.7881393432617188e-07, -7.729977369308472e-08, 0.7973477840423584, 0.3652856647968292, 0.4804193079471588, -0.5240975022315979, 0.8138129711151123, 0.25105926394462585, -0.2992630898952484, -0.4519677758216858, 0.8403371572494507),
            ["HumanoidRootPart"] = CFrame.new(0, 0, 0, 1, 0, 0, 0, 1, 0, 0, 0, 1),
            ["RightLowerLeg"] = CFrame.new(-1.341104507446289e-07, -1.7881393432617188e-07, 1.6952981241047382e-09, 1, -7.450581307466564e-08, -4.4703494239684005e-08, 1.0803341865539551e-07, 0.7607358694076538, 0.6490613222122192, -5.587935447692871e-08, -0.6490615606307983, 0.7607361674308777),
            ["LeftUpperLeg"] = CFrame.new(0, 2.253800630569458e-07, 7.450580596923828e-09, 0.8444496393203735, 0.40071552991867065, 0.35543206334114075, -0.3253733515739441, 0.9108663201332092, -0.253879576921463, -0.4254845082759857, 0.09874052554368973, 0.8995628356933594),
            ["LeftLowerLeg"] = CFrame.new(0, -1.1920928955078125e-07, 5.21540641784668e-08, 1, 5.308540096393699e-08, 1.3038517820973539e-08, -3.725290298461914e-08, 0.8117097020149231, 0.5840609669685364, 1.1175870895385742e-08, -0.5840610861778259, 0.8117098212242126),
            ["RightUpperArm"] = CFrame.new(0, -1.1920928955078125e-07, -1.1548399925231934e-07, 0.6938586831092834, -0.5210824012756348, 0.4970242977142334, 0.4495376646518707, 0.8526317477226257, 0.26633647084236145, -0.5625620484352112, 0.03863130137324333, 0.8258521556854248),
            ["Head"] = CFrame.new(-1.4901161193847656e-08, 1.1920928955078125e-07, -7.450580596923828e-09, 0.9643222689628601, 0.06138871982693672, 0.2575152814388275, -0.11269566416740417, 0.9753938317298889, 0.1894908994436264, -0.23954622447490692, -0.2117510735988617, 0.947512149810791),
            ["UpperTorso"] = CFrame.new(1.3504177331924438e-08, 2.980232238769531e-07, -6.51925802230835e-09, 0.9959056377410889, -0.06262868642807007, 0.0651894211769104, 0.04283475503325462, 0.9619665145874023, 0.26978808641433716, -0.07960647344589233, -0.26589107513427734, 0.9607105851173401),
            ["LeftUpperArm"] = CFrame.new(-1.1920928955078125e-07, -2.384185791015625e-07, -7.450580596923828e-08, 0.8431791067123413, 0.47772809863090515, 0.24662670493125916, -0.53587806224823, 0.7838166952133179, 0.31379348039627075, -0.043402258306741714, -0.3967459201812744, 0.9169019460678101),
            ["RightLowerArm"] = CFrame.new(-2.086162567138672e-07, -2.384185791015625e-07, -5.960464477539063e-08, 1, -1.1175870895385742e-07, 1.3597308168300515e-07, 1.5273690223693848e-07, -0.08008204400539398, -0.9967882633209229, 6.705522537231445e-08, 0.9967882633209229, -0.08008208125829697),
            ["LeftHand"] = CFrame.new(-4.470348358154297e-07, 0, 1.7508864402770996e-07, 0.3031042218208313, 0.6713137626647949, 0.6763620376586914, -0.3948343098163605, 0.7344323396682739, -0.5520102381706238, -0.8673141002655029, -0.09973430633544922, 0.487667053937912),
            ["RightFoot"] = CFrame.new(1.4901161193847656e-08, 1.7881393432617188e-07, 1.1345400707796216e-07, 0.9812502861022949, 0.17913372814655304, 0.07112676650285721, -0.12686792016029358, 0.8781205415725708, -0.4613119661808014, -0.14509454369544983, 0.44363903999328613, 0.8843824863433838),
            ["LowerTorso"] = CFrame.new(0.025410383939743042, -0.13166368007659912, 0.12011221051216125, 0.9012009501457214, -0.11969064176082611, -0.4165465831756592, -0.0021634746808558702, 0.9598557353019714, -0.2804860472679138, 0.4333960711956024, 0.2536754310131073, 0.8647639751434326),
            ["RightUpperLeg"] = CFrame.new(0, 2.5704503059387207e-07, -1.6596459317952394e-08, 0.9498924612998962, -0.23361800611019135, -0.20767004787921906, 0.24796466529369354, 0.9676954746246338, 0.04559508338570595, 0.1903098076581955, -0.09480539709329605, 0.9771357774734497),
            ["Guitar"] = CFrame.new(0.0831579715013504, 2.234423875808716, -0.4166451692581177, 0.7287262678146362, 0.08662986755371094, -0.6793032884597778, -0.027193300426006317, 0.9948445558547974, 0.09769842028617859, 0.6842650771141052, -0.05272285267710686, 0.7273253798484802),
        }},
        {Time = 0.133, Data = {
            ["LeftLowerArm"] = CFrame.new(-3.8743019104003906e-07, 0, 0, 1, -1.4156103134155273e-07, 1.3131648302078247e-07, 1.341104365337742e-07, -0.19172006845474243, -0.9814496636390686, 5.960463766996327e-08, 0.9814497232437134, -0.19172005355358124),
            ["LeftFoot"] = CFrame.new(7.078051567077637e-08, -5.960464477539063e-08, 0, 0.9462459683418274, -0.19213150441646576, -0.260200172662735, 0.16106000542640686, 0.9775175452232361, -0.13608475029468536, 0.28049659729003906, 0.08686186373233795, 0.9559168219566345),
            ["RightHand"] = CFrame.new(-9.313225746154785e-08, 0, 2.2258609533309937e-07, 0.7991818189620972, 0.37902557849884033, 0.46652770042419434, -0.5348693132400513, 0.802558958530426, 0.26422348618507385, -0.2742684483528137, -0.46069371700286865, 0.8441196084022522),
            ["HumanoidRootPart"] = CFrame.new(0, 0, 0, 1, 0, 0, 0, 1, 0, 0, 0, 1),
            ["RightLowerLeg"] = CFrame.new(-1.4901161193847656e-08, 3.5762786865234375e-07, -4.300818545743823e-08, 1, -8.940694584680386e-08, -7.450584149637507e-08, 1.005828522693264e-07, 0.7674891948699951, 0.6410619616508484, -5.2154071283894154e-08, -0.6410618424415588, 0.7674891352653503),
            ["LeftUpperLeg"] = CFrame.new(5.960464477539063e-08, 1.1175870895385742e-08, 5.21540641784668e-08, 0.8450853228569031, 0.4054728150367737, 0.34845757484436035, -0.3277151882648468, 0.9078375101089478, -0.2615986764431, -0.4224141836166382, 0.10687828809022903, 0.9000797271728516),
            ["LeftLowerLeg"] = CFrame.new(3.725290298461914e-09, 0, -1.387670636177063e-07, 1, 4.190951585769653e-08, -1.1175874448099421e-08, -4.842878098543224e-08, 0.8125933408737183, 0.5828314423561096, 2.2351745343485163e-08, -0.5828312039375305, 0.8125931024551392),
            ["RightUpperArm"] = CFrame.new(0, -2.384185791015625e-07, 1.862645149230957e-08, 0.6846134066581726, -0.5388144254684448, 0.49090078473091125, 0.4677983820438385, 0.8412682414054871, 0.2709844410419464, -0.5589895248413086, 0.044123053550720215, 0.8280000686645508),
            ["Head"] = CFrame.new(-2.2351741790771484e-08, -2.384185791015625e-07, 1.1175870895385742e-08, 0.9614572525024414, 0.07097245752811432, 0.26563704013824463, -0.12844188511371613, 0.9701530933380127, 0.2056838721036911, -0.2431107610464096, -0.23187504708766937, 0.9418764710426331),
            ["UpperTorso"] = CFrame.new(2.2351741790771484e-08, -5.960464477539063e-08, 8.288770914077759e-08, 0.9956647157669067, -0.06901028752326965, 0.06236526370048523, 0.05035606771707535, 0.9636478424072266, 0.2623875141143799, -0.07820555567741394, -0.2581094801425934, 0.9629451632499695),
            ["LeftUpperArm"] = CFrame.new(5.960464477539063e-08, -2.384185791015625e-07, -2.2351741790771484e-08, 0.8414718508720398, 0.485542893409729, 0.2370089888572693, -0.5396496653556824, 0.7768130898475647, 0.32456088066101074, -0.026523549109697342, -0.40101057291030884, 0.9156894683837891),
            ["RightLowerArm"] = CFrame.new(1.7881393432617188e-07, -5.960464477539063e-08, -1.1920928955078125e-07, 1, -1.5646217832454568e-07, 9.126959099603482e-08, 3.7252898543727042e-09, -0.0960102453827858, -0.9953803420066833, 2.2351738238057806e-08, 0.9953804016113281, -0.09601026773452759),
            ["LeftHand"] = CFrame.new(0, 0, -2.253800630569458e-07, 0.2867123484611511, 0.6763243079185486, 0.6785142421722412, -0.42088451981544495, 0.7251623868942261, -0.5449731349945068, -0.860611617565155, -0.12932562828063965, 0.4925674796104431),
            ["RightFoot"] = CFrame.new(-7.82310962677002e-08, 3.5762786865234375e-07, 2.4047039914876223e-08, 0.9819812774658203, 0.17554859817028046, 0.06996803730726242, -0.12504896521568298, 0.8812037706375122, -0.4558970332145691, -0.14168833196163177, 0.4389336109161377, 0.8872780799865723),
            ["LowerTorso"] = CFrame.new(0.028672903776168823, -0.12993943691253662, 0.12514454126358032, 0.9030408263206482, -0.12124332040548325, -0.4120892584323883, 0.0031878303270787, 0.9612051844596863, -0.27581632137298584, 0.42954322695732117, 0.24775969982147217, 0.8683937788009644),
            ["RightUpperLeg"] = CFrame.new(5.960464477539063e-08, -5.21540641784668e-08, -6.129994289949536e-08, 0.9507851600646973, -0.22431397438049316, -0.2137541025876999, 0.23937687277793884, 0.9697856307029724, 0.04706019535660744, 0.19673950970172882, -0.09591218829154968, 0.9757533073425293),
            ["Guitar"] = CFrame.new(0.0831579715013504, 2.234424114227295, -0.41664546728134155, 0.7287263870239258, 0.08662956207990646, -0.6793036460876465, -0.027193451300263405, 0.9948446154594421, 0.0976978987455368, 0.6842648983001709, -0.052722375839948654, 0.7273251414299011),
        }},
        {Time = 0.167, Data = {
            ["LeftLowerArm"] = CFrame.new(0, -1.1920928955078125e-07, -1.341104507446289e-07, 1, -4.4703462265260896e-08, 8.620553870741787e-08, 8.195638656616211e-08, -0.21810778975486755, -0.9759247303009033, 1.4901161193847656e-07, 0.9759246706962585, -0.21810771524906158),
            ["LeftFoot"] = CFrame.new(2.60770320892334e-08, -5.960464477539063e-08, 4.284083843231201e-08, 0.9475588202476501, -0.19126132130622864, -0.2560301125049591, 0.15984126925468445, 0.9773706197738647, -0.13855475187301636, 0.2767365574836731, 0.09036456793546677, 0.9566876292228699),
            ["RightHand"] = CFrame.new(2.868473529815674e-07, 5.960464477539063e-08, 1.8998980522155762e-07, 0.802868127822876, 0.3942353129386902, 0.4471934735774994, -0.5434880256652832, 0.7922979593276978, 0.2772795855998993, -0.24499717354774475, -0.4656633138656616, 0.8503729701042175),
            ["HumanoidRootPart"] = CFrame.new(0, 0, 0, 1, 0, 0, 0, 1, 0, 0, 0, 1),
            ["RightLowerLeg"] = CFrame.new(1.043081283569336e-07, 2.980232238769531e-07, -5.790934665128589e-08, 1, -4.4703497792397684e-08, -4.4703497792397684e-08, 7.450581307466564e-08, 0.7739752531051636, 0.633215606212616, -5.587936158235607e-08, -0.6332159638404846, 0.7739755511283875),
            ["LeftUpperLeg"] = CFrame.new(0, 2.1792948246002197e-07, 7.450580596923828e-09, 0.8487508296966553, 0.41241154074668884, 0.33096635341644287, -0.3309095501899719, 0.9024298787117004, -0.27589723467826843, -0.41245725750923157, 0.12464813888072968, 0.9024090766906738),
            ["LeftLowerLeg"] = CFrame.new(-3.725290298461914e-09, -1.1920928955078125e-07, 1.043081283569336e-07, 1, 3.72529100900465e-08, 2.7939684343891713e-08, -5.960464477539063e-08, 0.7986206412315369, 0.601834774017334, 1.4901161193847656e-08, -0.601834774017334, 0.7986205816268921),
            ["RightUpperArm"] = CFrame.new(0, 0, -7.450580596923828e-08, 0.6709946990013123, -0.5600478649139404, 0.48591405153274536, 0.4914270341396332, 0.8266434669494629, 0.27415332198143005, -0.5552167296409607, 0.05483587086200714, 0.829896092414856),
            ["Head"] = CFrame.new(-7.450580596923828e-09, 1.1920928955078125e-07, -7.450580596923828e-09, 0.9600107669830322, 0.07335006445646286, 0.2701834738254547, -0.13553139567375183, 0.9662073254585266, 0.21925945580005646, -0.24497050046920776, -0.24710965156555176, 0.9375107288360596),
            ["UpperTorso"] = CFrame.new(-9.313225746154785e-09, 8.940696716308594e-08, -6.100162863731384e-08, 0.995369553565979, -0.07557255029678345, 0.0593988299369812, 0.058029018342494965, 0.965080201625824, 0.25544676184654236, -0.07662937790155411, -0.25081709027290344, 0.9649968147277832),
            ["LeftUpperArm"] = CFrame.new(5.960464477539063e-08, -1.1920928955078125e-07, 5.21540641784668e-08, 0.8390030860900879, 0.49558913707733154, 0.22464479506015778, -0.5440776944160461, 0.769631028175354, 0.33413711190223694, -0.007298888172954321, -0.40256643295288086, 0.9153617024421692),
            ["RightLowerArm"] = CFrame.new(0, 5.960464477539063e-08, 1.4901161193847656e-08, 1, -8.195635814445268e-08, 1.862644971595273e-08, 1.4156104555240745e-07, -0.1089734137058258, -0.9940447211265564, 1.3411046495548362e-07, 0.9940446615219116, -0.1089734360575676),
            ["LeftHand"] = CFrame.new(2.682209014892578e-07, 0, -3.3830292522907257e-07, 0.2673552930355072, 0.6821446418762207, 0.6805882453918457, -0.4514804780483246, 0.7126526832580566, -0.5369271636009216, -0.8512852191925049, -0.16372209787368774, 0.49850669503211975),
            ["RightFoot"] = CFrame.new(6.705522537231445e-08, 3.5762786865234375e-07, 5.3849362302571535e-08, 0.9828356504440308, 0.17129728198051453, 0.06849447637796402, -0.12268541753292084, 0.8841663002967834, -0.45077505707740784, -0.13777706027030945, 0.4346346855163574, 0.890005886554718),
            ["LowerTorso"] = CFrame.new(0.03269107639789581, -0.12889671325683594, 0.13103502988815308, 0.9052637815475464, -0.12325598299503326, -0.4065779745578766, 0.009820986539125443, 0.962806761264801, -0.27001243829727173, 0.42473670840263367, 0.24043944478034973, 0.8728044629096985),
            ["RightUpperLeg"] = CFrame.new(5.960464477539063e-08, 5.587935447692871e-08, -1.6596459317952394e-08, 0.9517233967781067, -0.21322864294052124, -0.2208079695701599, 0.2289172261953354, 0.9722727537155151, 0.04777637869119644, 0.20449844002723694, -0.09601674228906631, 0.9741464853286743),
            ["Guitar"] = CFrame.new(0.08315789699554443, 2.234423875808716, -0.416645348072052, 0.7287264466285706, 0.08662936091423035, -0.6793040633201599, -0.02719309739768505, 0.9948445558547974, 0.09769780933856964, 0.6842648983001709, -0.05272235348820686, 0.7273247241973877),
        }},
        {Time = 0.200, Data = {
            ["LeftLowerArm"] = CFrame.new(2.9802322387695312e-08, -1.7881393432617188e-07, 5.960464477539063e-08, 1, -1.4901157641133977e-08, 1.7974522847907792e-07, 1.1920927533992653e-07, -0.24627554416656494, -0.9691998362541199, 8.940695295223122e-08, 0.9691998362541199, -0.24627567827701569),
            ["LeftFoot"] = CFrame.new(3.725290298461914e-09, -1.1920928955078125e-07, -3.725290298461914e-09, 0.9512530565261841, -0.18597732484340668, -0.24602873623371124, 0.14978626370429993, 0.9759189486503601, -0.15857617557048798, 0.2695956826210022, 0.11399440467357635, 0.9562026858329773),
            ["RightHand"] = CFrame.new(1.7881393432617188e-07, 1.1920928955078125e-07, 1.862645149230957e-09, 0.8089727163314819, 0.4096038043498993, 0.4216490387916565, -0.5477948784828186, 0.7855044603347778, 0.2879303991794586, -0.21326974034309387, -0.4639047086238861, 0.8598303198814392),
            ["HumanoidRootPart"] = CFrame.new(0, 0, 0, 1, 0, 0, 0, 1, 0, 0, 0, 1),
            ["RightLowerLeg"] = CFrame.new(-7.450580596923828e-08, 1.7881393432617188e-07, -1.3205863069742918e-08, 1, -7.450581307466564e-08, -7.450583439094771e-08, 9.685754776000977e-08, 0.7791672945022583, 0.626815915107727, -1.1175870895385742e-08, -0.6268160939216614, 0.7791674733161926),
            ["LeftUpperLeg"] = CFrame.new(2.9802322387695312e-08, -8.009374141693115e-08, 0, 0.8545471429824829, 0.41882947087287903, 0.3071339428424835, -0.3325064778327942, 0.8954570293426514, -0.29596656560897827, -0.3989846110343933, 0.15079328417778015, 0.9044737219810486),
            ["LeftLowerLeg"] = CFrame.new(1.0803341865539551e-07, 1.1920928955078125e-07, 2.9802322387695312e-08, 1, 4.3772171665068527e-08, 2.421439049271612e-08, -4.842877388000488e-08, 0.7603695392608643, 0.6494907736778259, 7.450580596923828e-09, -0.6494908332824707, 0.760369598865509),
            ["RightUpperArm"] = CFrame.new(1.1920928955078125e-07, 1.1920928955078125e-07, -1.1175870895385742e-07, 0.6522822976112366, -0.5836108922958374, 0.48365896940231323, 0.5195967555046082, 0.808856725692749, 0.27526387572288513, -0.5518577694892883, 0.07175793498754501, 0.830845296382904),
            ["Head"] = CFrame.new(0, -1.1920928955078125e-07, -7.450580596923828e-09, 0.9614477753639221, 0.06294046342372894, 0.26768776774406433, -0.12590979039669037, 0.9661768078804016, 0.22505366802215576, -0.24446874856948853, -0.25008171796798706, 0.9368533492088318),
            ["UpperTorso"] = CFrame.new(7.450580596923828e-09, -2.086162567138672e-07, -1.30385160446167e-08, 0.9950220584869385, -0.08213205635547638, 0.05644076317548752, 0.06558755040168762, 0.9661214351654053, 0.2496151179075241, -0.07502993196249008, -0.24467073380947113, 0.9666990041732788),
            ["LeftUpperArm"] = CFrame.new(5.960464477539063e-08, -1.1920928955078125e-07, -4.470348358154297e-08, 0.83524489402771, 0.5085234045982361, 0.20921285450458527, -0.5497089624404907, 0.762752115726471, 0.3406311273574829, 0.013641170226037502, -0.39951640367507935, 0.9166245460510254),
            ["RightLowerArm"] = CFrame.new(1.1920928955078125e-07, -1.1920928955078125e-07, -7.450580596923828e-08, 1, -7.450579886381092e-08, 6.146728281919422e-08, -1.862645326866641e-08, -0.11532887816429138, -0.9933274388313293, 1.1920930376163597e-07, 0.9933273792266846, -0.11532895267009735),
            ["LeftHand"] = CFrame.new(2.384185791015625e-07, -1.1920928955078125e-07, -2.0489096641540527e-08, 0.24545636773109436, 0.6887367367744446, 0.6821972131729126, -0.4863518178462982, 0.6962435841560364, -0.5279271006584167, -0.8385781049728394, -0.20220457017421722, 0.5058655142784119),
            ["RightFoot"] = CFrame.new(3.725290298461914e-08, 4.172325134277344e-07, 6.875052349641919e-08, 0.9837565422058105, 0.16669109463691711, 0.06661158800125122, -0.11998824030160904, 0.8866223096847534, -0.4466581344604492, -0.13351337611675262, 0.43141061067581177, 0.8922216296195984),
            ["LowerTorso"] = CFrame.new(0.03738853335380554, -0.12904763221740723, 0.13751056790351868, 0.907799243927002, -0.12574881315231323, -0.40010976791381836, 0.017630018293857574, 0.9645918607711792, -0.2631572186946869, 0.41903430223464966, 0.23183999955654144, 0.8778727054595947),
            ["RightUpperLeg"] = CFrame.new(-5.960464477539063e-08, -1.6763806343078613e-07, -6.129994289949536e-08, 0.952623188495636, -0.20077605545520782, -0.2284686267375946, 0.21681079268455505, 0.9750754237174988, 0.04712793976068497, 0.21331220865249634, -0.0944298729300499, 0.9724099636077881),
            ["Guitar"] = CFrame.new(0.0831582099199295, 2.234423875808716, -0.4166454076766968, 0.7287262082099915, 0.08662933111190796, -0.6793037056922913, -0.02719321846961975, 0.9948446154594421, 0.09769757091999054, 0.68426513671875, -0.052722249180078506, 0.7273250818252563),
        }},
        {Time = 0.233, Data = {
            ["LeftLowerArm"] = CFrame.new(-5.960464477539063e-08, -3.5762786865234375e-07, -1.4901161193847656e-08, 1, -1.5273688802608376e-07, 1.713633110966839e-07, 9.685754776000977e-08, -0.27500471472740173, -0.9614428281784058, 8.940696716308594e-08, 0.9614429473876953, -0.2750047445297241),
            ["LeftFoot"] = CFrame.new(7.450580596923828e-09, -1.1920928955078125e-07, -1.862645149230957e-08, 0.9558970928192139, -0.17795242369174957, -0.23365314304828644, 0.13022151589393616, 0.9698675274848938, -0.20591142773628235, 0.26325514912605286, 0.16640350222587585, 0.9502667188644409),
            ["RightHand"] = CFrame.new(-2.9802322387695312e-08, -5.960464477539063e-08, -2.523884177207947e-07, 0.8180172443389893, 0.4235638380050659, 0.3891547918319702, -0.5460070967674255, 0.7845878601074219, 0.2937653064727783, -0.18089783191680908, -0.4527864456176758, 0.8730754256248474),
            ["HumanoidRootPart"] = CFrame.new(0, 0, 0, 1, 0, 0, 0, 1, 0, 0, 0, 1),
            ["RightLowerLeg"] = CFrame.new(-2.9802322387695312e-08, 4.76837158203125e-07, -1.3205863069742918e-08, 1, -8.940698137394065e-08, -3.7252920748187535e-08, 8.940696716308594e-08, 0.7819473147392273, 0.6233446002006531, 7.450580596923828e-09, -0.6233446598052979, 0.7819472551345825),
            ["LeftUpperLeg"] = CFrame.new(0, -2.0302832126617432e-07, 2.9802322387695312e-08, 0.858368456363678, 0.4207029938697815, 0.29361993074417114, -0.3300364315509796, 0.8909887671470642, -0.3117932081222534, -0.3927844762802124, 0.1707281768321991, 0.9036439061164856),
            ["LeftLowerLeg"] = CFrame.new(5.21540641784668e-08, -1.7881393432617188e-07, -3.3527612686157227e-08, 1, 7.078051567077637e-08, 3.725291186640334e-09, -6.332993507385254e-08, 0.7073481678962708, 0.7068654894828796, 2.9802322387695312e-08, -0.7068654298782349, 0.7073479890823364),
            ["RightUpperArm"] = CFrame.new(3.5762786865234375e-07, -2.384185791015625e-07, -7.078051567077637e-08, 0.6279442310333252, -0.6076709628105164, 0.48623254895210266, 0.5506718754768372, 0.7884142994880676, 0.27415981888771057, -0.5499514937400818, 0.09559755027294159, 0.8297075033187866),
            ["Head"] = CFrame.new(-7.450580596923828e-09, 0, -1.1175870895385742e-08, 0.9650242924690247, 0.04145083948969841, 0.2588628828525543, -0.10180409997701645, 0.9691817760467529, 0.22432750463485718, -0.2415865659713745, -0.24283467233181, 0.9395036697387695),
            ["UpperTorso"] = CFrame.new(3.725290298461914e-09, -2.682209014892578e-07, 3.4924596548080444e-09, 0.9945973753929138, -0.08893020451068878, 0.05354940891265869, 0.07324600219726562, 0.9667403697967529, 0.24504709243774414, -0.07356052100658417, -0.23980091512203217, 0.9680311679840088),
            ["LeftUpperArm"] = CFrame.new(-2.384185791015625e-07, -2.384185791015625e-07, 3.5390257835388184e-08, 0.8291125893592834, 0.5256685614585876, 0.1903809905052185, -0.5579112768173218, 0.7559061646461487, 0.34255078434944153, 0.03615786135196686, -0.3902287483215332, 0.9200076460838318),
            ["RightLowerArm"] = CFrame.new(1.1920928955078125e-07, -1.7881393432617188e-07, 2.086162567138672e-07, 1, -1.1920927533992653e-07, 7.63684582238966e-08, 8.568168397005138e-08, -0.11157767474651337, -0.9937557578086853, 1.3411046495548362e-07, 0.9937557578086853, -0.11157771944999695),
            ["LeftHand"] = CFrame.new(-2.682209014892578e-07, -5.960464477539063e-08, -7.82310962677002e-08, 0.2208964228630066, 0.6962500214576721, 0.6829647421836853, -0.5254021286964417, 0.6749172210693359, -0.5181111693382263, -0.8216797113418579, -0.24438218772411346, 0.5148980021476746),
            ["RightFoot"] = CFrame.new(-1.1175870895385742e-08, 2.980232238769531e-07, -8.77116690389812e-08, 0.9847260117530823, 0.16178323328495026, 0.06434952467679977, -0.11686049401760101, 0.8881077766418457, -0.44453105330467224, -0.1290670931339264, 0.430221825838089, 0.8934491872787476),
            ["LowerTorso"] = CFrame.new(0.04269993305206299, -0.1309126615524292, 0.14432373642921448, 0.9105698466300964, -0.1287447214126587, -0.39279434084892273, 0.026501834392547607, 0.9664865732192993, -0.25534552335739136, 0.4125048518180847, 0.2221001535654068, 0.8834654688835144),
            ["RightUpperLeg"] = CFrame.new(0, -2.086162567138672e-07, 1.3205863069742918e-08, 0.9534114599227905, -0.18741938471794128, -0.2363908290863037, 0.20328307151794434, 0.9781129956245422, 0.04439694806933403, 0.22289621829986572, -0.09038305282592773, 0.9706432223320007),
            ["Guitar"] = CFrame.new(0.08315803110599518, 2.2344236373901367, -0.4166454076766968, 0.7287262678146362, 0.08662883192300797, -0.6793035864830017, -0.027192991226911545, 0.9948446750640869, 0.09769725799560547, 0.6842650771141052, -0.052722133696079254, 0.7273251414299011),
        }},
        {Time = 0.267, Data = {
            ["LeftLowerArm"] = CFrame.new(-5.960464477539063e-08, -5.364418029785156e-07, 1.341104507446289e-07, 1, -7.450579886381092e-08, 1.862645149230957e-07, 5.960464477539063e-08, -0.3095294237136841, -0.9508900046348572, 8.940696716308594e-08, 0.9508898854255676, -0.30952927470207214),
            ["LeftFoot"] = CFrame.new(-1.4901161193847656e-08, 5.960464477539063e-08, -7.450580596923828e-09, 0.9635446667671204, -0.15857164561748505, -0.2154918611049652, 0.09708984196186066, 0.9577674269676208, -0.27065739035606384, 0.2493097484111786, 0.23986832797527313, 0.9382473230361938),
            ["RightHand"] = CFrame.new(-2.9802322387695312e-08, -1.1920928955078125e-07, 9.592622518539429e-08, 0.8122056126594543, 0.4425135850906372, 0.38013726472854614, -0.5580992698669434, 0.7791200280189514, 0.2854764759540558, -0.16984517872333527, -0.4440198540687561, 0.8797720670700073),
            ["HumanoidRootPart"] = CFrame.new(0, 0, 0, 1, 0, 0, 0, 1, 0, 0, 0, 1),
            ["RightLowerLeg"] = CFrame.new(-2.9802322387695312e-08, 1.1920928955078125e-07, -2.8107024263590574e-08, 1, -5.960465898624534e-08, -5.215408194203519e-08, 1.043081283569336e-07, 0.780003011226654, 0.6257754564285278, -3.725290298461914e-09, -0.6257758140563965, 0.7800033092498779),
            ["LeftUpperLeg"] = CFrame.new(-1.1920928955078125e-07, 5.047768354415894e-07, -4.0978193283081055e-08, 0.8586652278900146, 0.4161483645439148, 0.2991899251937866, -0.31520700454711914, 0.8890635967254639, -0.3319798409938812, -0.40415164828300476, 0.190752774477005, 0.8945807218551636),
