return {
    ["Headbanger"] = {
        {Time = 0.000, Data = {
            ["RightFoot"] = CFrame.new(-1.2665987014770508e-07, 2.980232238769531e-07, -4.300818545743823e-08, 0.8861311674118042, 0.4586581289768219, -0.06636519730091095, -0.449709951877594, 0.8164329528808594, -0.36221233010292053, -0.11194909363985062, 0.35081344842910767, 0.9297299981117249),
            ["LeftLowerArm"] = CFrame.new(-1.1920928955078125e-07, -4.172325134277344e-07, 1.4901161193847656e-07, 1, -4.4703490686970326e-08, 2.9802322387695312e-08, 3.725289943190546e-08, 0.6979205012321472, -0.7161751985549927, -7.4505797087454084e-09, 0.7161752581596375, 0.697920560836792),
            ["RightUpperArm"] = CFrame.new(1.1920928955078125e-07, -1.1920928955078125e-07, -8.568167686462402e-08, 0.8547406792640686, -0.5143386125564575, -0.06981631368398666, 0.4643634259700775, 0.8178273439407349, -0.33988985419273376, 0.23191611468791962, 0.25809746980667114, 0.9378703236579895),
            ["Head"] = CFrame.new(1.210719347000122e-08, -1.1920928955078125e-07, -1.0384246706962585e-07, 0.9981262683868408, 0.059963569045066833, -0.012176292948424816, -0.0611865408718586, 0.9771431088447571, -0.2035866230726242, -0.000309795985231176, 0.2039501965045929, 0.9789812564849854),
            ["RightHand"] = CFrame.new(1.9371509552001953e-07, 0, 2.086162567138672e-07, 0.9474108219146729, -0.2904356122016907, 0.13438759744167328, 0.2731388509273529, 0.9526880383491516, 0.13334447145462036, -0.1667574942111969, -0.08962550014257431, 0.9819161891937256),
            ["UpperTorso"] = CFrame.new(-2.3283064365386963e-09, 1.1920928955078125e-07, 5.587935447692871e-09, 0.9797653555870056, -0.14861968159675598, 0.13405996561050415, 0.12689653038978577, 0.9792250990867615, 0.15816287696361542, -0.15478099882602692, -0.13795071840286255, 0.9782701134681702),
            ["HumanoidRootPart"] = CFrame.new(0, 0, 0, 1, 0, 0, 0, 1, 0, 0, 0, 1),
            ["RightUpperLeg"] = CFrame.new(5.960464477539063e-08, 4.256144165992737e-07, 2.0656443666666746e-08, 0.8848457336425781, -0.46588048338890076, -0.0019030291587114334, 0.39957910776138306, 0.7610072493553162, -0.5110819339752197, 0.23955115675926208, 0.451467901468277, 0.859529972076416),
            ["LeftUpperArm"] = CFrame.new(-2.384185791015625e-07, 0, -2.2351741790771484e-08, 0.8077619671821594, 0.19450680911540985, -0.5564960241317749, -0.024717189371585846, 0.9543439745903015, 0.29768550395965576, 0.5889903903007507, -0.22670389711856842, 0.7756903767585754),
            ["RightLowerArm"] = CFrame.new(-2.682209014892578e-07, 7.152557373046875e-07, -6.705522537231445e-08, 1, -7.450580596923828e-08, 1.2665987014770508e-07, 7.788184319679203e-08, -0.3192833364009857, -0.9476593732833862, 1.1548398504146462e-07, 0.9476593732833862, -0.3192833364009857),
            ["LeftHand"] = CFrame.new(-5.960464477539063e-08, 1.1920928955078125e-07, 1.1920928955078125e-07, 0.42037510871887207, 0.3450450003147125, -0.8391834497451782, -0.5395283102989197, 0.8386595845222473, 0.07456185668706894, 0.7295162677764893, 0.4214191734790802, 0.5387131571769714),
            ["LeftFoot"] = CFrame.new(6.705522537231445e-08, 1.1920928955078125e-07, 1.0058283805847168e-07, 0.9400277137756348, -0.1820056289434433, -0.2884814441204071, 0.18507133424282074, 0.9825805425643921, -0.01685762032866478, 0.28652486205101013, -0.03754321113228798, 0.9573370814323425),
            ["LowerTorso"] = CFrame.new(0.10981651395559311, -0.3655390739440918, 0.0034112706780433655, 0.9862065315246582, -0.024600466713309288, -0.16368113458156586, 0.044536616653203964, 0.9918626546859741, 0.11926861107349396, 0.1594151258468628, -0.1249132826924324, 0.9792770147323608),
            ["RightLowerLeg"] = CFrame.new(1.601874828338623e-07, -0.000003516674041748047, -0.000013424250937532634, 1, 1.788139627478813e-07, 2.980232949312267e-08, -1.341104507446289e-07, 0.6453646421432495, 0.7638737559318542, 5.960464477539063e-08, -0.7638747096061707, 0.6453657150268555),
            ["LeftUpperLeg"] = CFrame.new(0, 1.7136335372924805e-07, -7.450580596923828e-09, 0.826331615447998, 0.5588924884796143, 0.06939215958118439, -0.1854265332221985, 0.38633817434310913, -0.9035263061523438, -0.5317829251289368, 0.7337451577186584, 0.4228769838809967),
            ["LeftLowerLeg"] = CFrame.new(-2.9802322387695312e-08, 0.000004172325134277344, 0.000013286247849464417, 1, -3.874302478834579e-07, -1.86264600188224e-07, 3.203748804025963e-07, 0.43008407950401306, 0.9027889370918274, -3.222375255518273e-07, -0.9027889370918274, 0.4300840497016907),
        }},
        {Time = 0.033, Data = {
            ["RightFoot"] = CFrame.new(1.862645149230957e-07, 5.364418029785156e-07, 4.639878170564771e-08, 0.888407826423645, 0.4539544880390167, -0.06824151426553726, -0.4462595582008362, 0.8191948533058167, -0.36023932695388794, -0.10762923210859299, 0.350492924451828, 0.9303606152534485),
            ["LeftLowerArm"] = CFrame.new(-1.7881393432617188e-07, 7.152557373046875e-07, 1.341104507446289e-07, 1, -5.21540641784668e-08, 1.4901161193847656e-08, -3.725291630729544e-09, 0.6894270181655884, -0.7243552207946777, 1.4901166522918174e-08, 0.7243552207946777, 0.6894269585609436),
            ["RightUpperArm"] = CFrame.new(1.1920928955078125e-07, 1.1920928955078125e-07, 2.2351741790771484e-08, 0.7303850054740906, -0.6802820563316345, -0.061270713806152344, 0.5364168882369995, 0.6268219351768494, -0.5651116967201233, 0.4228411614894867, 0.37988245487213135, 0.8227361440658569),
            ["Head"] = CFrame.new(-1.6763806343078613e-08, 2.384185791015625e-07, -1.0943040251731873e-08, 0.9988693594932556, 0.0465015172958374, -0.009889395907521248, -0.04744146764278412, 0.9884498119354248, -0.14393208920955658, 0.003082111943513155, 0.14423848688602448, 0.9895381927490234),
            ["RightHand"] = CFrame.new(5.960464477539063e-08, -2.384185791015625e-07, -1.4901161193847656e-08, 0.9020410776138306, -0.39561328291893005, -0.17266149818897247, 0.39717230200767517, 0.9173489809036255, -0.026929650455713272, 0.16904453933238983, -0.04428473860025406, 0.9846131205558777),
            ["UpperTorso"] = CFrame.new(-9.313225746154785e-10, -2.384185791015625e-07, 3.725290298461914e-09, 0.9823569059371948, -0.13167409598827362, 0.1328045129776001, 0.10553590208292007, 0.9765600562095642, 0.18759720027446747, -0.1543933004140854, -0.17027175426483154, 0.9732267260551453),
            ["HumanoidRootPart"] = CFrame.new(0, 0, 0, 1, 0, 0, 0, 1, 0, 0, 0, 1),
            ["RightUpperLeg"] = CFrame.new(-5.960464477539063e-08, -4.4330954551696777e-07, 5.75528247281909e-09, 0.8892488479614258, -0.4573567509651184, 0.00782578531652689, 0.3947652578353882, 0.758683443069458, -0.5182276368141174, 0.23107770085334778, 0.4639226794242859, 0.8552069664001465),
            ["LeftUpperArm"] = CFrame.new(-1.1920928955078125e-07, 7.152557373046875e-07, 1.0058283805847168e-07, 0.8089603185653687, 0.1980324238538742, -0.5535037517547607, -0.025997262448072433, 0.9526821970939636, 0.30285465717315674, 0.5872881412506104, -0.23060782253742218, 0.7758303880691528),
            ["RightLowerArm"] = CFrame.new(-1.7881393432617188e-07, -5.364418029785156e-07, -6.332993507385254e-08, 1, -5.960464477539063e-08, 1.415610029198433e-07, 1.1920931797249068e-07, -0.32635697722435, -0.9452465772628784, 1.0058285937475375e-07, 0.9452466368675232, -0.32635697722435),
            ["LeftHand"] = CFrame.new(7.450580596923828e-08, 0, 2.9802322387695312e-08, 0.4319806396961212, 0.3383529484272003, -0.8360084295272827, -0.5505354404449463, 0.8331453204154968, 0.05272253230214119, 0.7143552899360657, 0.43747711181640625, 0.546177864074707),
            ["LeftFoot"] = CFrame.new(-2.2351741790771484e-08, -5.960464477539063e-08, 6.705522537231445e-08, 0.9421968460083008, -0.1894349306821823, -0.27636855840682983, 0.17885468900203705, 0.9818407893180847, -0.06324343383312225, 0.2833305895328522, 0.010157988406717777, 0.9589685797691345),
            ["LowerTorso"] = CFrame.new(0.1129302978515625, -0.37251830101013184, 0.028304323554039, 0.9860306978225708, -0.03175203129649162, -0.16350938379764557, 0.04907607659697533, 0.9934672117233276, 0.10302726924419403, 0.15916986763477325, -0.10961245745420456, 0.9811473488807678),
            ["RightLowerLeg"] = CFrame.new(1.341104507446289e-07, -0.000003933906555175781, -0.000013342294550966471, 1, -4.02331437499015e-07, -2.2351744632942427e-07, 2.3841855067985307e-07, 0.6261247396469116, 0.7797228693962097, -1.7136333951839333e-07, -0.7797229886054993, 0.6261247992515564),
            ["LeftUpperLeg"] = CFrame.new(5.960464477539063e-08, -2.4633482098579407e-07, 3.725290298461914e-09, 0.8260990381240845, 0.5577171444892883, 0.08069644123315811, -0.19186465442180634, 0.4130091071128845, -0.8902873396873474, -0.5298569202423096, 0.7199827432632446, 0.44819265604019165),
            ["LeftLowerLeg"] = CFrame.new(2.9802322387695312e-08, 0.000003814697265625, 0.000013142824172973633, 1, 3.054737760521675e-07, 1.8998984785412176e-07, -2.2351744632942427e-07, 0.46441054344177246, 0.8856200575828552, 1.6018749704471702e-07, -0.8856200575828552, 0.4644106924533844),
        }},
        {Time = 0.067, Data = {
            ["RightFoot"] = CFrame.new(-1.4156103134155273e-07, 2.384185791015625e-07, 6.875052349641919e-08, 0.8904328346252441, 0.44957026839256287, -0.07082459330558777, -0.44334712624549866, 0.821682870388031, -0.3581625819206238, -0.10282386839389801, 0.35031968355178833, 0.9309691190719604),
            ["LeftLowerArm"] = CFrame.new(-2.384185791015625e-07, -1.7881393432617188e-07, -1.9371509552001953e-07, 1, -8.195637946073475e-08, 9.685756197086448e-08, 6.70552182668871e-08, 0.678444504737854, -0.7346517443656921, -7.4505797087454084e-09, 0.7346516847610474, 0.6784444451332092),
            ["RightUpperArm"] = CFrame.new(1.1920928955078125e-07, 1.1920928955078125e-07, -3.725290298461914e-09, 0.5597854852676392, -0.8284082412719727, 0.01949586719274521, 0.5851319432258606, 0.3785167336463928, -0.717179000377655, 0.5867375135421753, 0.41287410259246826, 0.6966161727905273),
            ["Head"] = CFrame.new(2.468004822731018e-08, 1.1920928955078125e-07, 1.0943040251731873e-08, 0.9995434880256653, 0.02786741405725479, -0.011673253029584885, -0.026465386152267456, 0.993941605091095, 0.10667620599269867, 0.01457531750202179, -0.10631850361824036, 0.9942253232002258),
            ["RightHand"] = CFrame.new(-2.384185791015625e-07, -1.1920928955078125e-07, -1.1920928955078125e-07, 0.7638927102088928, -0.45418688654899597, -0.4584563672542572, 0.41699427366256714, 0.8895732164382935, -0.18648160994052887, 0.4925279915332794, -0.04872170835733414, 0.8689318299293518),
            ["UpperTorso"] = CFrame.new(0, 8.940696716308594e-08, 1.862645149230957e-09, 0.9854298233985901, -0.10502048581838608, 0.1337861716747284, 0.07553491741418839, 0.9749959111213684, 0.20899145305156708, -0.15238936245441437, -0.19584091007709503, 0.9687227606773376),
            ["HumanoidRootPart"] = CFrame.new(0, 0, 0, 1, 0, 0, 0, 1, 0, 0, 0, 1),
            ["RightUpperLeg"] = CFrame.new(0, -9.96515154838562e-08, -1.6596459317952394e-08, 0.8953794240951538, -0.44470131397247314, 0.02316484972834587, 0.3885173797607422, 0.7547195553779602, -0.5286327004432678, 0.2176007330417633, 0.482326865196228, 0.8485345244407654),
            ["LeftUpperArm"] = CFrame.new(0, 1.1920928955078125e-07, -6.705522537231445e-08, 0.8134968876838684, 0.20172812044620514, -0.5454618334770203, -0.020746298134326935, 0.9473828673362732, 0.31942981481552124, 0.5811991095542908, -0.2485388219356537, 0.7748781442642212),
            ["RightLowerArm"] = CFrame.new(1.1920928955078125e-07, -4.76837158203125e-07, 1.043081283569336e-07, 1, -1.192092469182171e-07, 1.1920926112907182e-07, 7.450579175838357e-08, -0.26844361424446106, -0.9632954597473145, 1.2293455142753373e-07, 0.9632954597473145, -0.26844361424446106),
            ["LeftHand"] = CFrame.new(-2.9802322387695312e-08, 0, -2.9802322387695312e-08, 0.4399063289165497, 0.3233417272567749, -0.8378141522407532, -0.577374279499054, 0.816392719745636, 0.011915628798305988, 0.6878381371498108, 0.47849059104919434, 0.5458254814147949),
            ["LeftFoot"] = CFrame.new(0, -5.960464477539063e-08, -3.073364496231079e-08, 0.944050133228302, -0.19671817123889923, -0.26471009850502014, 0.1732490509748459, 0.9787716865539551, -0.1095021590590477, 0.2806316316127777, 0.057514701038599014, 0.9580907821655273),
            ["LowerTorso"] = CFrame.new(0.11572150141000748, -0.384183406829834, 0.056049175560474396, 0.9850631356239319, -0.04157453030347824, -0.16709986329078674, 0.05630222707986832, 0.9948410987854004, 0.08438778668642044, 0.1627294421195984, -0.09253538399934769, 0.9823219180107117),
            ["RightLowerLeg"] = CFrame.new(1.6391277313232422e-07, -0.0000034570693969726562, -0.000013394448615144938, 1, -4.1723257027115324e-07, -2.2351753159455257e-07, 4.1723257027115324e-07, 0.6010009050369263, 0.7992483377456665, -2.4586918812019576e-07, -0.7992483973503113, 0.6010010242462158),
            ["LeftUpperLeg"] = CFrame.new(-1.1920928955078125e-07, -1.862645149230957e-07, -1.862645149230957e-08, 0.8227739334106445, 0.5615301728248596, 0.08790271729230881, -0.20193292200565338, 0.43336987495422363, -0.8783014416694641, -0.5312871932983398, 0.7048932909965515, 0.4699570834636688),
            ["LeftLowerLeg"] = CFrame.new(-2.086162567138672e-07, 0.0000040531158447265625, 0.000013366341590881348, 1, 1.3038521728958585e-07, 1.7229476156899182e-07, -6.705525379402388e-08, 0.49242261052131653, 0.8703562021255493, 7.450584149637507e-08, -0.8703562617301941, 0.4924226999282837),
        }},
        {Time = 0.100, Data = {
            ["RightFoot"] = CFrame.new(1.341104507446289e-07, 2.980232238769531e-07, 1.6596459317952394e-08, 0.8895224928855896, 0.4503573477268219, -0.07699476927518845, -0.44471174478530884, 0.8147766590118408, -0.37198150157928467, -0.10479117929935455, 0.3651264011859894, 0.9250414371490479),
            ["LeftLowerArm"] = CFrame.new(2.384185791015625e-07, -1.7881393432617188e-07, -5.21540641784668e-07, 1, -8.195637946073475e-08, 2.9802315282267955e-08, 6.705521116145974e-08, 0.6572458744049072, -0.7536762952804565, 2.9802315282267955e-08, 0.753676176071167, 0.6572457551956177),
            ["RightUpperArm"] = CFrame.new(-5.960464477539063e-08, -2.384185791015625e-07, 1.4901161193847656e-07, 0.4134739339351654, -0.9081268906593323, 0.06591562926769257, 0.597938597202301, 0.21622154116630554, -0.7718275189399719, 0.6866649985313416, 0.3585440516471863, 0.6324061155319214),
            ["Head"] = CFrame.new(7.450580596923828e-09, -1.1920928955078125e-07, 3.306195139884949e-08, 0.9986972212791443, 0.03520072624087334, -0.036944132298231125, 0.007826052606105804, 0.6097618937492371, 0.7925459742546082, 0.05042533949017525, -0.7918025255203247, 0.6086920499801636),
            ["RightHand"] = CFrame.new(-1.4901161193847656e-07, -1.1920928955078125e-07, 2.682209014892578e-07, 0.7285903692245483, -0.32652023434638977, -0.6021134853363037, 0.22393780946731567, 0.9443076252937317, -0.24111175537109375, 0.6473082900047302, 0.04083581641316414, 0.7611336708068848),
            ["UpperTorso"] = CFrame.new(-9.313225746154785e-10, -2.086162567138672e-07, -1.30385160446167e-08, 0.9863865375518799, -0.08031342923641205, 0.14349694550037384, 0.05157821252942085, 0.9796891808509827, 0.1937752068042755, -0.15614517033100128, -0.1837359219789505, 0.9704946279525757),
            ["HumanoidRootPart"] = CFrame.new(0, 0, 0, 1, 0, 0, 0, 1, 0, 0, 0, 1),
            ["RightUpperLeg"] = CFrame.new(0, -2.3283064365386963e-07, -9.145878721028566e-09, 0.9030684232711792, -0.4266897737979889, 0.049021683633327484, 0.3801916837692261, 0.741077184677124, -0.5534067749977112, 0.19980427622795105, 0.5184018611907959, 0.8314672112464905),
            ["LeftUpperArm"] = CFrame.new(0, -2.384185791015625e-07, 2.9802322387695312e-08, 0.8072115778923035, 0.21979859471321106, -0.5478120446205139, -0.008411779999732971, 0.9322720170021057, 0.36166051030158997, 0.590202271938324, -0.28732842206954956, 0.7543896436691284),
            ["RightLowerArm"] = CFrame.new(-1.7881393432617188e-07, -1.1920928955078125e-07, 4.470348358154297e-07, 1, -1.043081780949251e-07, 1.0430815677864302e-07, 8.940698847936801e-08, -0.13946300745010376, -0.9902273416519165, 1.266598985694145e-07, 0.9902274012565613, -0.13946299254894257),
            ["LeftHand"] = CFrame.new(1.4901161193847656e-08, 2.980232238769531e-07, -1.4901161193847656e-08, 0.4217987060546875, 0.3379609286785126, -0.8413491249084473, -0.6342165470123291, 0.773120105266571, -0.007401647977530956, 0.6479623317718506, 0.5367195010185242, 0.5404415130615234),
            ["LeftFoot"] = CFrame.new(-9.313225746154785e-08, 0, 2.7939677238464355e-08, 0.9427585005760193, -0.2034672647714615, -0.26421183347702026, 0.17680811882019043, 0.976742684841156, -0.12129486352205276, 0.28274619579315186, 0.06763700395822525, 0.9568070769309998),
            ["LowerTorso"] = CFrame.new(0.12031904608011246, -0.4111957550048828, 0.06862989813089371, 0.9825665354728699, -0.05376144126057625, -0.17796850204467773, 0.06882333010435104, 0.9944508671760559, 0.0795668289065361, 0.1727033108472824, -0.09042808413505554, 0.9808140993118286),
            ["RightLowerLeg"] = CFrame.new(2.2351741790771484e-08, -0.0000037550926208496094, -0.000013215634680818766, 1, -1.1920928955078125e-07, -1.0430815677864302e-07, 1.8626454334480513e-07, 0.5558778047561646, 0.8312638401985168, -1.0803343286625022e-07, -0.831264078617096, 0.5558780431747437),
            ["LeftUpperLeg"] = CFrame.new(0, 2.2596213966608047e-07, -1.4901161193847656e-08, 0.8127103447914124, 0.5803142786026001, 0.052318960428237915, -0.22038741409778595, 0.38927778601646423, -0.894366979598999, -0.5393805503845215, 0.7153308391571045, 0.4442640244960785),
            ["LeftLowerLeg"] = CFrame.new(-1.4901161193847656e-08, 0.0000040531158447265625, 0.000013220123946666718, 1, -9.685756197086448e-08, 1.0244549208948683e-08, 1.2665991278026922e-07, 0.4437226951122284, 0.8961641192436218, -1.1548404188488348e-07, -0.8961642384529114, 0.44372278451919556),
        }},
        {Time = 0.133, Data = {
            ["RightFoot"] = CFrame.new(2.2351741790771484e-08, 2.980232238769531e-07, -2.0656443666666746e-08, 0.8882697820663452, 0.451706200838089, -0.08329890668392181, -0.44648978114128113, 0.806568443775177, -0.38741979002952576, -0.10781431943178177, 0.38132524490356445, 0.9181325435638428),
            ["LeftLowerArm"] = CFrame.new(-4.172325134277344e-07, -6.556510925292969e-07, 2.9802322387695312e-08, 1, -8.940695295223122e-08, 5.215405707303944e-08, 5.960463056453591e-08, 0.6442901492118835, -0.76478111743927, 1.4901157641133977e-08, 0.76478111743927, 0.6442902684211731),
            ["RightUpperArm"] = CFrame.new(1.1920928955078125e-07, 3.5762786865234375e-07, -1.0803341865539551e-07, 0.34859955310821533, -0.9318536520004272, 0.1006338968873024, 0.5861967206001282, 0.13298587501049042, -0.79917973279953, 0.7313356399536133, 0.33758482336997986, 0.5926082730293274),
            ["Head"] = CFrame.new(1.257285475730896e-08, 1.1920928955078125e-07, -3.050081431865692e-08, 0.9981365203857422, 0.0407215841114521, -0.04544498026371002, 0.02973228506743908, 0.32580405473709106, 0.9449697136878967, 0.05328682065010071, -0.9445599317550659, 0.3239861726760864),
            ["RightHand"] = CFrame.new(1.7881393432617188e-07, -4.76837158203125e-07, -1.043081283569336e-07, 0.7314633131027222, -0.20672383904457092, -0.6497896909713745, 0.04150909557938576, 0.9646693468093872, -0.2601732015609741, 0.6806161999702454, 0.1633349508047104, 0.7142011523246765),
            ["UpperTorso"] = CFrame.new(-5.3551048040390015e-08, -2.9802322387695312e-08, -3.725290298461914e-09, 0.9856234788894653, -0.06036403775215149, 0.15780521929264069, 0.032566703855991364, 0.9843597412109375, 0.1731339395046234, -0.16578812897205353, -0.16550566256046295, 0.9721739292144775),
            ["HumanoidRootPart"] = CFrame.new(0, 0, 0, 1, 0, 0, 0, 1, 0, 0, 0, 1),
            ["RightUpperLeg"] = CFrame.new(-1.1920928955078125e-07, -2.505257725715637e-07, -1.6952981241047382e-09, 0.9108834862709045, -0.4057079553604126, 0.07544643431901932, 0.37171605229377747, 0.7272688746452332, -0.576981246471405, 0.17921662330627441, 0.5536074042320251, 0.813265323638916),
            ["LeftUpperArm"] = CFrame.new(-1.1920928955078125e-07, 1.1920928955078125e-07, -2.2351741790771484e-08, 0.7971472144126892, 0.235620379447937, -0.5559130907058716, 0.0007214097422547638, 0.9203413128852844, 0.3911155164241791, 0.6037845611572266, -0.31217777729034424, 0.7334775328636169),
            ["RightLowerArm"] = CFrame.new(5.960464477539062e-07, -3.5762786865234375e-07, -2.086162567138672e-07, 1, -1.3038518886787642e-07, 6.705523247774181e-08, 9.685756907629184e-08, -0.007081637158989906, -0.9999749660491943, -3.725291186640334e-09, 0.9999750256538391, -0.007081621326506138),
            ["LeftHand"] = CFrame.new(-1.1920928955078125e-07, 0, 1.1920928955078125e-07, 0.40865546464920044, 0.34945109486579895, -0.8431397080421448, -0.6695263385772705, 0.7425999045372009, -0.016727034002542496, 0.6202702522277832, 0.571340024471283, 0.5374343395233154),
            ["LeftFoot"] = CFrame.new(1.1175870895385742e-08, 1.1920928955078125e-07, -6.51925802230835e-08, 0.9400653839111328, -0.21416619420051575, -0.26534929871559143, 0.18205998837947845, 0.973199725151062, -0.140486940741539, 0.28832513093948364, 0.08375729620456696, 0.9538622498512268),
            ["LowerTorso"] = CFrame.new(0.12677910923957825, -0.4379281997680664, 0.07265018671751022, 0.9789467453956604, -0.06488285213708878, -0.19352920353412628, 0.08138107508420944, 0.9935831427574158, 0.07854743301868439, 0.187190979719162, -0.0926433652639389, 0.9779451489448547),
            ["RightLowerLeg"] = CFrame.new(-1.0803341865539551e-07, -0.0000036954879760742188, -0.000013286415196489543, 1, -6.407501018657058e-07, -3.427267358802055e-07, 5.438923835754395e-07, 0.5125921368598938, 0.85863196849823, -3.203749656677246e-07, -0.8586323261260986, 0.5125925540924072),
            ["LeftUpperLeg"] = CFrame.new(-1.1920928955078125e-07, -3.0384398996829987e-08, 5.587935447692871e-09, 0.7976412177085876, 0.602867841720581, 0.017860958352684975, -0.2398017942905426, 0.344170480966568, -0.9077674746513367, -0.5534110069274902, 0.7197896838188171, 0.4190933108329773),
            ["LeftLowerLeg"] = CFrame.new(1.6391277313232422e-07, 0.000003993511199951172, 0.000013380777090787888, 1, 2.3841860752327193e-07, 1.639127589214695e-07, -1.788139627478813e-07, 0.3912276327610016, 0.9202940464019775, 1.2014062633625144e-07, -0.9202940464019775, 0.3912275433540344),
        }},
        {Time = 0.167, Data = {
            ["RightFoot"] = CFrame.new(-1.4156103134155273e-07, 2.980232238769531e-07, -1.3205863069742918e-08, 0.887835681438446, 0.4517640769481659, -0.08750730752944946, -0.4472271502017975, 0.8023660182952881, -0.3952164351940155, -0.10833204537630081, 0.39002329111099243, 0.9144104719161987),
            ["LeftLowerArm"] = CFrame.new(-1.7881393432617188e-07, -1.7881393432617188e-07, -1.7881393432617188e-07, 1, -7.078050856534901e-08, 2.980232949312267e-08, 8.195637946073475e-08, 0.6687415838241577, -0.743494987487793, 6.70552182668871e-08, 0.743494987487793, 0.6687416434288025),
            ["RightUpperArm"] = CFrame.new(0, -1.1920928955078125e-07, -2.60770320892334e-08, 0.42590299248695374, -0.897338330745697, 0.11571754515171051, 0.5271823406219482, 0.14217987656593323, -0.8377730846405029, 0.7353132367134094, 0.41781434416770935, 0.53361576795578),
            ["Head"] = CFrame.new(8.381903171539307e-09, 0, 5.4016709327697754e-08, 0.9980369210243225, 0.04175987467169762, -0.0466732531785965, 0.036636658012866974, 0.2151259481906891, 0.9758988618850708, 0.05079406127333641, -0.9756930470466614, 0.21317368745803833),
            ["RightHand"] = CFrame.new(0, 1.1920928955078125e-07, 1.4901161193847656e-07, 0.8011300563812256, -0.09325841814279556, -0.5911798477172852, -0.04940297454595566, 0.974109411239624, -0.2206132560968399, 0.5964479446411133, 0.20594586431980133, 0.775780975818634),
            ["UpperTorso"] = CFrame.new(1.4435499906539917e-08, -4.470348358154297e-07, -1.862645149230957e-09, 0.9829788208007812, -0.045981138944625854, 0.17787198722362518, 0.01949399523437023, 0.9888125061988831, 0.14788465201854706, -0.18268190324306488, -0.14190006256103516, 0.972878098487854),
            ["HumanoidRootPart"] = CFrame.new(0, 0, 0, 1, 0, 0, 0, 1, 0, 0, 0, 1),
            ["RightUpperLeg"] = CFrame.new(5.960464477539063e-08, -2.775341272354126e-07, 5.790934665128589e-08, 0.9179688692092896, -0.3848291337490082, 0.09612414985895157, 0.36370980739593506, 0.7199447154998779, -0.5910963416099548, 0.15826699137687683, 0.577569305896759, 0.8008528351783752),
            ["LeftUpperArm"] = CFrame.new(0, -3.5762786865234375e-07, -4.842877388000488e-08, 0.7899636030197144, 0.2289474904537201, -0.5688062906265259, 0.0062897419556975365, 0.9245985150337219, 0.3808911144733429, 0.613121509552002, -0.3044677972793579, 0.7289591431617737),
            ["RightLowerArm"] = CFrame.new(-7.748603820800781e-07, -1.1920928955078125e-07, 0.0000010281801223754883, 1, -1.1175872316471214e-07, 7.450580596923828e-08, 1.192093321833454e-07, 0.0659860223531723, -0.9978205561637878, 1.080334541825323e-07, 0.9978206157684326, 0.06598600745201111),
            ["LeftHand"] = CFrame.new(4.470348358154297e-08, 2.384185791015625e-07, 9.685754776000977e-08, 0.40990394353866577, 0.3313283920288086, -0.8498236536979675, -0.67441326379776, 0.7373855710029602, -0.03780541568994522, 0.6141218543052673, 0.5886289477348328, 0.5257095098495483),
            ["LeftFoot"] = CFrame.new(2.9802322387695312e-08, -1.1920928955078125e-07, -4.6566128730773926e-08, 0.9363484382629395, -0.2256341129541397, -0.26896214485168457, 0.18656574189662933, 0.9687883853912354, -0.16322511434555054, 0.29739701747894287, 0.10265672206878662, 0.9492191076278687),
            ["LowerTorso"] = CFrame.new(0.13292929530143738, -0.4507577419281006, 0.0651007667183876, 0.9740716814994812, -0.07105603069067001, -0.21479175984859467, 0.09089245647192001, 0.9923184514045715, 0.08392109721899033, 0.20717871189117432, -0.10126811265945435, 0.9730477333068848),
            ["RightLowerLeg"] = CFrame.new(4.470348358154297e-08, -0.000003874301910400391, -0.000013189557648729533, 1, -3.278254325778107e-07, -4.4703497792397684e-08, 1.4901159772762185e-07, 0.4944797158241272, 0.8691888451576233, 2.0489094865183688e-08, -0.8691891431808472, 0.4944804310798645),
            ["LeftUpperLeg"] = CFrame.new(1.1920928955078125e-07, -3.5460107028484344e-07, 1.862645149230957e-08, 0.7780042290687561, 0.6282537579536438, 0.0026090724859386683, -0.2526092827320099, 0.3166179955005646, -0.9142982959747314, -0.5752373933792114, 0.7106690406799316, 0.4050331711769104),
            ["LeftLowerLeg"] = CFrame.new(0, 0.000003993511199951172, 0.000013265758752822876, 1, 9.685756907629184e-08, 7.636847954017867e-08, -2.533197687171196e-07, 0.35650965571403503, 0.934291660785675, 1.0430814256778831e-07, -0.934291660785675, 0.35650962591171265),
        }},
        {Time = 0.200, Data = {
            ["RightFoot"] = CFrame.new(5.960464477539063e-08, 3.5762786865234375e-07, 8.365168469026685e-08, 0.8875336647033691, 0.451859712600708, -0.09004111588001251, -0.4477337896823883, 0.7997323870658875, -0.39995259046554565, -0.10871361196041107, 0.39528605341911316, 0.9121023416519165),
            ["LeftLowerArm"] = CFrame.new(1.7881393432617188e-07, 2.980232238769531e-07, 4.023313522338867e-07, 1, -7.82310962677002e-08, 2.9802322387695312e-08, 5.2154071283894154e-08, 0.7070403695106506, -0.7071731686592102, 2.2351745343485163e-08, 0.7071731686592102, 0.7070404291152954),
            ["RightUpperArm"] = CFrame.new(-1.1920928955078125e-07, 3.5762786865234375e-07, -5.587935447692871e-08, 0.5533249974250793, -0.8289166688919067, 0.08202874660491943, 0.40511056780815125, 0.18175335228443146, -0.896019697189331, 0.7278165221214294, 0.5290207862854004, 0.43637150526046753),
            ["Head"] = CFrame.new(2.8870999813079834e-08, 4.76837158203125e-07, 4.307366907596588e-09, 0.9988069534301758, 0.03497396409511566, -0.03408036008477211, 0.014377763494849205, 0.4563455283641815, 0.8896865248680115, 0.04666827246546745, -0.8891150951385498, 0.45529818534851074),
            ["RightHand"] = CFrame.new(2.980232238769531e-07, -5.364418029785156e-07, -8.940696716308594e-08, 0.8812176585197449, 0.037680238485336304, -0.4712067246437073, -0.11751753091812134, 0.9829858541488647, -0.14116817712783813, 0.457870215177536, 0.1797749400138855, 0.8706526160240173),
            ["UpperTorso"] = CFrame.new(3.317836672067642e-08, 0, 2.1886080503463745e-08, 0.9794066548347473, -0.03755832836031914, 0.1983737349510193, 0.01367300283163786, 0.9926278591156006, 0.12042926996946335, -0.20143437385559082, -0.11523687094449997, 0.972699761390686),
            ["HumanoidRootPart"] = CFrame.new(0, 0, 0, 1, 0, 0, 0, 1, 0, 0, 0, 1),
            ["RightUpperLeg"] = CFrame.new(2.980232238769531e-07, -3.818422555923462e-07, 2.8107024263590574e-08, 0.9231753349304199, -0.36802226305007935, 0.11093725264072418, 0.35788512229919434, 0.7176699042320251, -0.5973844528198242, 0.1402343213558197, 0.5911933183670044, 0.7942447066307068),
            ["LeftUpperArm"] = CFrame.new(1.1920928955078125e-07, 3.5762786865234375e-07, 7.450580596923828e-09, 0.7880963683128357, 0.21129551529884338, -0.5781508684158325, 0.0113206272944808, 0.9341057538986206, 0.3568171262741089, 0.6154477596282959, -0.2877512276172638, 0.7337732315063477),
            ["RightLowerArm"] = CFrame.new(-3.8743019104003906e-07, 4.172325134277344e-07, -2.8312206268310547e-07, 1, -9.126959810146218e-08, 1.4901159772762185e-07, 1.341104507446289e-07, 0.09157712757587433, -0.9957980513572693, 8.940696716308594e-08, 0.9957980513572693, 0.09157717227935791),
            ["LeftHand"] = CFrame.new(-1.341104507446289e-07, -1.7881393432617188e-07, -7.450580596923828e-09, 0.41349753737449646, 0.29385221004486084, -0.8617833852767944, -0.6667851209640503, 0.7422465085983276, -0.06684192270040512, 0.6200141310691833, 0.6022632122039795, 0.5028534531593323),
            ["LeftFoot"] = CFrame.new(1.1175870895385742e-08, 5.960464477539063e-08, -5.587935447692871e-09, 0.9322068095207214, -0.23694872856140137, -0.2735796868801117, 0.1895849108695984, 0.9635869264602661, -0.1885681003332138, 0.3082987070083618, 0.12391772866249084, 0.9431840777397156),
            ["LowerTorso"] = CFrame.new(0.13803547620773315, -0.4544789791107178, 0.04862745851278305, 0.9689083099365234, -0.07314259558916092, -0.23636175692081451, 0.0975564569234848, 0.9908480644226074, 0.09328947961330414, 0.22737514972686768, -0.11344757676124573, 0.9671763777732849),
            ["RightLowerLeg"] = CFrame.new(5.587935447692871e-08, -0.000003635883331298828, -0.000013346019841264933, 1, -5.960463766996327e-08, 4.4703497792397684e-08, 3.725290653733282e-08, 0.4929896593093872, 0.8700351119041443, 5.587936335871291e-09, -0.8700351715087891, 0.4929898977279663),
            ["LeftUpperLeg"] = CFrame.new(0, -3.8929283618927e-07, 3.725290298461914e-08, 0.7576898336410522, 0.6526147723197937, 0.00032891330192796886, -0.25992351770401, 0.30223503708839417, -0.9171115159988403, -0.5986198782920837, 0.6948006749153137, 0.3986304700374603),
            ["LeftLowerLeg"] = CFrame.new(2.9802322387695312e-08, 0.000003814697265625, 0.000013161450624465942, 1, 1.1175869474300271e-07, 1.545995047536053e-07, -2.3096799850463867e-07, 0.33368152379989624, 0.9426859617233276, 1.2665987014770508e-07, -0.9426859021186829, 0.33368128538131714),
        }},
        {Time = 0.233, Data = {
            ["RightFoot"] = CFrame.new(2.9802322387695312e-08, 2.980232238769531e-07, 9.110226528719068e-08, 0.88774174451828, 0.45125719904899597, -0.09100298583507538, -0.4470879137516022, 0.7980722188949585, -0.403971791267395, -0.1096685379743576, 0.3993091881275177, 0.9102336168289185),
            ["LeftLowerArm"] = CFrame.new(1.4901161193847656e-07, 0, -1.341104507446289e-07, 1, -5.215404996761208e-08, 1.4901154088420299e-08, 8.940698137394065e-08, 0.7362091541290283, -0.6767541170120239, -3.725290653733282e-08, 0.6767540574073792, 0.7362090945243835),
            ["RightUpperArm"] = CFrame.new(-1.7881393432617188e-07, -3.5762786865234375e-07, 1.564621925354004e-07, 0.6432273983955383, -0.7656751275062561, -0.0004690438508987427, 0.24063052237033844, 0.20272991061210632, -0.9492089152336121, 0.7268807291984558, 0.6104442477226257, 0.31464624404907227),
            ["Head"] = CFrame.new(-8.381903171539307e-09, -1.1920928955078125e-07, 1.043081283569336e-07, 0.9980601072311401, 0.057923756539821625, -0.022826099768280983, -0.021609144285321236, 0.6661278009414673, 0.7455244660377502, 0.05838867276906967, -0.7435849905014038, 0.66608726978302),
            ["RightHand"] = CFrame.new(-5.960464477539062e-07, 1.1920928955078125e-07, 5.960464477539063e-08, 0.9209953546524048, 0.15421797335147858, -0.3577491044998169, -0.17875272035598755, 0.9832228422164917, -0.036337967962026596, 0.34614309668540955, 0.0974157303571701, 0.9331104755401611),
            ["UpperTorso"] = CFrame.new(2.8870999813079834e-08, 2.9802322387695312e-08, -1.6763806343078613e-08, 0.9757307767868042, -0.040022075176239014, 0.2152852714061737, 0.018159087747335434, 0.9945580959320068, 0.1025889664888382, -0.21821951866149902, -0.09618984162807465, 0.9711477160453796),
            ["HumanoidRootPart"] = CFrame.new(0, 0, 0, 1, 0, 0, 0, 1, 0, 0, 0, 1),
            ["RightUpperLeg"] = CFrame.new(1.7881393432617188e-07, 1.1734664440155029e-07, -1.6596459317952394e-08, 0.9261980652809143, -0.3579694330692291, 0.11838527023792267, 0.3550373911857605, 0.72236168384552, -0.5934155583381653, 0.1269076019525528, 0.5916515588760376, 0.796142578125),
            ["LeftUpperArm"] = CFrame.new(-1.1920928955078125e-07, -4.76837158203125e-07, -2.2351741790771484e-08, 0.8000651597976685, 0.18564002215862274, -0.5704679489135742, 0.014651171863079071, 0.9445874691009521, 0.32793286442756653, 0.5997343063354492, -0.27072563767433167, 0.7530116438865662),
            ["RightLowerArm"] = CFrame.new(-2.384185791015625e-07, -2.384185791015625e-07, -8.046627044677734e-07, 1, -1.257285475730896e-07, 1.0430811414607888e-07, 8.940695295223122e-08, 0.06418266147375107, -0.9979381561279297, 8.568166975919667e-08, 0.9979382157325745, 0.06418269127607346),
            ["LeftHand"] = CFrame.new(-1.4901161193847656e-08, -1.1920928955078125e-07, -1.043081283569336e-07, 0.41144031286239624, 0.24027496576309204, -0.879195511341095, -0.6386761665344238, 0.764189600944519, -0.09003869444131851, 0.6502380967140198, 0.5985667705535889, 0.4678763151168823),
            ["LeftFoot"] = CFrame.new(-2.9802322387695312e-08, 1.1920928955078125e-07, -1.4901161193847656e-08, 0.9277535676956177, -0.24800458550453186, -0.2788670063018799, 0.1923302859067917, 0.9581090211868286, -0.21221740543842316, 0.3198162019252777, 0.14325112104415894, 0.9365880489349365),
            ["LowerTorso"] = CFrame.new(0.1436561793088913, -0.45003700256347656, 0.025623440742492676, 0.9645940661430359, -0.07164037227630615, -0.2538227438926697, 0.1002606526017189, 0.9897537231445312, 0.1016635075211525, 0.24393878877162933, -0.12351244688034058, 0.9618932008743286),
            ["RightLowerLeg"] = CFrame.new(-1.2665987014770508e-07, -0.000003635883331298828, -0.000013249162293504924, 1, 1.7881393432617188e-07, 1.0430814256778831e-07, 2.2351741790771484e-08, 0.5036792159080505, 0.8638904690742493, 1.1920928955078125e-07, -0.8638908267021179, 0.5036797523498535),
            ["LeftUpperLeg"] = CFrame.new(-5.960464477539063e-08, 5.122274160385132e-08, 7.450580596923828e-09, 0.7397419810295105, 0.6728113293647766, 0.010329176671802998, -0.2644199728965759, 0.3047711253166199, -0.9149846434593201, -0.6187599897384644, 0.6741212010383606, 0.4033566117286682),
            ["LeftLowerLeg"] = CFrame.new(-2.9802322387695312e-08, 0.000003933906555175781, 0.000013519078493118286, 1, -8.940694584680386e-08, -4.47035120032524e-08, 3.725290653733282e-08, 0.3262474834918976, 0.9452842473983765, -3.3527616238870905e-08, -0.9452844262123108, 0.3262478709220886),
        }},
        {Time = 0.267, Data = {
            ["RightFoot"] = CFrame.new(6.705522537231445e-08, 2.980232238769531e-07, -5.045876605436206e-08, 0.887525737285614, 0.4518184959888458, -0.09032284468412399, -0.4466927647590637, 0.7956723570823669, -0.4091101288795471, -0.11297677457332611, 0.40344205498695374, 0.9080037474632263),
            ["LeftLowerArm"] = CFrame.new(0, 8.940696716308594e-07, -2.086162567138672e-07, 1, -5.960464477539063e-08, 3.725290298461914e-09, 3.72529100900465e-08, 0.7629974484443665, -0.6464014649391174, 2.2351747119842003e-08, 0.6464015245437622, 0.7629975080490112),
            ["RightUpperArm"] = CFrame.new(-5.960464477539063e-08, -4.76837158203125e-07, 0, 0.6888406276702881, -0.7198879718780518, -0.08520570397377014, 0.10144103318452835, 0.21210770308971405, -0.9719671010971069, 0.7177802324295044, 0.6608870029449463, 0.21913452446460724),
            ["Head"] = CFrame.new(-3.91155481338501e-08, -4.76837158203125e-07, -1.0244548320770264e-08, 0.9924735426902771, 0.11140333116054535, -0.05084935575723648, -0.06480949372053146, 0.8301424384117126, 0.5537719130516052, 0.10390426963567734, -0.5463084578514099, 0.8311144113540649),
            ["RightHand"] = CFrame.new(2.980232238769531e-07, 5.960464477539063e-08, -3.5762786865234375e-07, 0.9370465874671936, 0.21305717527866364, -0.27667757868766785, -0.21120794117450714, 0.9767468571662903, 0.03683449700474739, 0.27809175848960876, 0.023920893669128418, 0.9602566361427307),
            ["UpperTorso"] = CFrame.new(-2.7008354663848877e-08, -2.384185791015625e-07, -1.4901161193847656e-08, 0.973118007183075, -0.05160887911915779, 0.2244502305984497, 0.03003676049411297, 0.9946850538253784, 0.09848625957965851, -0.2283400446176529, -0.08909700810909271, 0.9694960117340088),
            ["HumanoidRootPart"] = CFrame.new(0, 0, 0, 1, 0, 0, 0, 1, 0, 0, 0, 1),
            ["RightUpperLeg"] = CFrame.new(-1.4901161193847656e-07, -6.332993507385254e-07, 5.045876605436206e-08, 0.9252062439918518, -0.358736515045166, 0.12369868159294128, 0.36062338948249817, 0.7297967076301575, -0.5808161497116089, 0.11808556318283081, 0.5819836854934692, 0.8045814037322998),
            ["LeftUpperArm"] = CFrame.new(0, 1.1920928955078125e-07, -1.564621925354004e-07, 0.8177278637886047, 0.15602397918701172, -0.5540556311607361, 0.01597699336707592, 0.9560389518737793, 0.2928042709827423, 0.575383186340332, -0.2482863813638687, 0.7792869210243225),
            ["RightLowerArm"] = CFrame.new(6.556510925292969e-07, -2.980232238769531e-07, 4.880130290985107e-07, 1, -1.0896476965172042e-07, 1.5646214990283625e-07, 5.215405707303944e-08, 0.022920260205864906, -0.9997373819351196, 5.960463766996327e-08, 0.9997373819351196, 0.022920262068510056),
            ["LeftHand"] = CFrame.new(-4.470348358154297e-08, 1.1920928955078125e-07, -1.4901161193847656e-08, 0.40409162640571594, 0.18153347074985504, -0.89652419090271, -0.6006350517272949, 0.7918667197227478, -0.11038336157798767, 0.6898895502090454, 0.5830889344215393, 0.4290221333503723),
            ["LeftFoot"] = CFrame.new(-5.960464477539063e-08, 0, 5.587935447692871e-08, 0.9242507815361023, -0.2560587525367737, -0.28318607807159424, 0.19339407980442047, 0.953538715839386, -0.23100398480892181, 0.3291796147823334, 0.15873895585536957, 0.9308291077613831),
            ["LowerTorso"] = CFrame.new(0.1474902182817459, -0.442645788192749, 0.0019485503435134888, 0.9621004462242126, -0.06549281626939774, -0.2647137939929962, 0.09568339586257935, 0.9900890588760376, 0.1028028130531311, 0.25535738468170166, -0.12423534691333771, 0.9588316679000854),
