return {
    ["Headlock"] = {
        {Time = 0.000, Data = {
            ["RightFoot"] = CFrame.new(-1.8960776060339413e-08, 0.0041702985763549805, -0.00010300969734089449, 0.9871732592582703, 0.1221274808049202, 0.10283486545085907, -0.11632716655731201, 0.9913568496704102, -0.0606590211391449, -0.10934798419475555, 0.04792178422212601, 0.992847204208374),
            ["LeftLowerArm"] = CFrame.new(-0.0004999637603759766, 0.005601644515991211, 0.0001568170264363289, 1, -6.30388967692852e-08, -2.3422629169544962e-07, 4.2848110837212516e-08, 0.9983735680580139, -0.057011328637599945, 2.271262644626404e-07, 0.05701083317399025, 0.9983735084533691),
            ["RightUpperArm"] = CFrame.new(0, -2.384185791015625e-07, 2.421438694000244e-08, 0.9991307854652405, -0.0009543742053210735, 0.04167579114437103, -0.001200733589939773, 0.9986642599105835, 0.051656197756528854, -0.04166942834854126, -0.051661327481269836, 0.997795045375824),
            ["Head"] = CFrame.new(0, 0, 0, 0.9182338714599609, -1.731139853689001e-08, -0.39603862166404724, 0, 1, -4.371138828673793e-08, 0.39603862166404724, 4.013727661345001e-08, 0.9182338714599609),
            ["RightHand"] = CFrame.new(-0.0004998003132641315, 1.1920928955078125e-07, 2.60770320892334e-08, 1, 1.1641533570472262e-10, -8.811591811763719e-08, 1.7462301049597784e-10, 1, 6.711085234201164e-07, 8.759344183317808e-08, -4.6175053114438924e-08, 1),
            ["UpperTorso"] = CFrame.new(0, 0, 0, 1, 0, 6.357302595461078e-08, 0, 1, 0, -6.357302595461078e-08, 0, 1),
            ["HumanoidRootPart"] = CFrame.new(0, 0, 0, 1, 0, 0, 0, 1, 0, 0, 0, 1),
            ["RightUpperLeg"] = CFrame.new(0, -1.1920928955078125e-07, -5.3405528888106346e-08, 0.9871729612350464, -0.12951728701591492, -0.09335384517908096, 0.12212791293859482, 0.9892066121101379, -0.08095364272594452, 0.10283156484365463, 0.06852475553750992, 0.9923364520072937),
            ["LeftUpperArm"] = CFrame.new(0, -2.384185791015625e-07, 1.0244548320770264e-08, 0.9964000582695007, -0.08444412052631378, -0.007494128774851561, 0.08433052152395248, 0.9963343739509583, -0.014363511465489864, 0.008679568767547607, 0.013679809868335724, 0.9998687505722046),
            ["RightLowerArm"] = CFrame.new(-1.7881393432617188e-07, 0.0034672021865844727, 0.000056492164731025696, 1, 5.029141902923584e-08, 2.376077361532225e-07, -4.1211020374021246e-08, 0.9993988871574402, -0.034669388085603714, -2.367378044709767e-07, 0.034668851643800735, 0.9993988275527954),
            ["LeftHand"] = CFrame.new(0.0005000514211133122, 0.00010001659393310547, 7.683411240577698e-09, 0.9995248913764954, 0.030518265441060066, 0.004336040001362562, -0.0305948443710804, 0.9993539452552795, 0.018857505172491074, -0.0037577259354293346, -0.018980402499437332, 0.9998128414154053),
            ["LeftFoot"] = CFrame.new(-4.198253122922324e-08, 0.004159092903137207, -0.0000030115211302472744, 0.9886013865470886, -0.11516965180635452, -0.09697604179382324, 0.10928305983543396, 0.9919484853744507, -0.06399441510438919, 0.10355958342552185, 0.052669964730739594, 0.9932272434234619),
            ["LowerTorso"] = CFrame.new(0, -0.03830456733703613, 0, 1, 0, -6.357302595461078e-08, 0, 1, 0, 6.357302595461078e-08, 0, 1),
            ["RightLowerLeg"] = CFrame.new(-1.1175870895385742e-08, 0.017017841339111328, -0.0008115453529171646, 1, 3.0733598777032967e-08, 6.0533800194662035e-09, -1.9557775843281888e-08, 0.9915658831596375, 0.12958639860153198, 0, -0.12960384786128998, 0.9915681481361389),
            ["LeftUpperLeg"] = CFrame.new(0, -1.1920928955078125e-07, -0.00009999153553508222, 0.9886010885238647, 0.12240616977214813, 0.08766267448663712, -0.11517003923654556, 0.9898434281349182, -0.08333172649145126, -0.09697303920984268, 0.07229646295309067, 0.9926586151123047),
            ["LeftLowerLeg"] = CFrame.new(8.381903171539307e-09, 0.01809900999069214, -0.0008044317364692688, 1, -3.3993217130046105e-08, -1.396934234954017e-09, 3.2596297216969106e-08, 0.990623414516449, 0.13660314679145813, -1.3038519597330378e-08, -0.13662049174308777, 0.9906258583068848),
        }},
        {Time = 0.034, Data = {
            ["RightFoot"] = CFrame.new(-1.8960776060339413e-08, 0.0041702985763549805, -0.00010300969734089449, 0.9871732592582703, 0.1221274808049202, 0.10283486545085907, -0.11632716655731201, 0.9913568496704102, -0.0606590211391449, -0.10934798419475555, 0.04792178422212601, 0.992847204208374),
            ["LeftLowerArm"] = CFrame.new(-0.0004999339580535889, 0.005601227283477783, 0.00015685707330703735, 1, -5.180482531841335e-08, -2.3608892263382586e-07, 4.703179712350902e-08, 0.9983736276626587, -0.057011377066373825, 2.2962925072533835e-07, 0.05701080337166786, 0.9983735084533691),
            ["RightUpperArm"] = CFrame.new(0, 0, 2.1886080503463745e-08, 0.9991447329521179, -0.001502367784269154, 0.04132234677672386, -0.000677070755045861, 0.9986113905906677, 0.052678558975458145, -0.04134409502148628, -0.05266140028834343, 0.9977562427520752),
            ["Head"] = CFrame.new(0, 2.384185791015625e-07, 0, 0.8633165955543518, 0.010516178794205189, -0.5045531392097473, -0.012247825041413307, 0.9999250173568726, -0.00011566805187612772, 0.5045140981674194, 0.006279536988586187, 0.8633806705474854),
            ["RightHand"] = CFrame.new(-0.0005001116078346968, -4.76837158203125e-07, -2.9802322387695312e-08, 1, -1.9394971739750133e-10, -8.81049899703612e-08, 5.3432813729159534e-11, 1, 6.674053452115913e-07, 8.754159352974966e-08, -4.417023191649605e-08, 1),
            ["UpperTorso"] = CFrame.new(0, 0, 0, 0.9999933838844299, 0, -0.0036352695897221565, 0, 1, 0, 0.0036352695897221565, 0, 0.9999933838844299),
            ["HumanoidRootPart"] = CFrame.new(0, 0, 0, 1, 0, 0, 0, 1, 0, 0, 0, 1),
            ["RightUpperLeg"] = CFrame.new(0, -1.1920928955078125e-07, -5.3405528888106346e-08, 0.9871729612350464, -0.12951728701591492, -0.09335384517908096, 0.12212791293859482, 0.9892066121101379, -0.08095364272594452, 0.10283156484365463, 0.06852475553750992, 0.9923364520072937),
            ["LeftUpperArm"] = CFrame.new(5.960464477539063e-08, 2.384185791015625e-07, 1.1175870895385742e-08, 0.9964128136634827, -0.08415652066469193, -0.008901400491595268, 0.08405500650405884, 0.9963979721069336, -0.011222298257052898, 0.009813765995204449, 0.010433877818286419, 0.9998974204063416),
            ["RightLowerArm"] = CFrame.new(-2.9802322387695312e-08, 0.0034670233726501465, 0.00005656294524669647, 1, 5.120251600487791e-08, 2.373886047735141e-07, -4.156026989221573e-08, 0.9993988871574402, -0.03466945141553879, -2.27490090765059e-07, 0.03466874733567238, 0.9993988871574402),
            ["LeftHand"] = CFrame.new(0.0005000570672564209, 0.00010001659393310547, -2.60770320892334e-08, 0.9995248913764954, 0.030518269166350365, 0.0043360390700399876, -0.030594855546951294, 0.9993540644645691, 0.018857508897781372, -0.003757724305614829, -0.01898040808737278, 0.9998128414154053),
            ["LeftFoot"] = CFrame.new(-4.198253122922324e-08, 0.004159092903137207, -0.0000030115211302472744, 0.9886013865470886, -0.11516965180635452, -0.09697604179382324, 0.10928305983543396, 0.9919484853744507, -0.06399441510438919, 0.10355958342552185, 0.052669964730739594, 0.9932272434234619),
            ["LowerTorso"] = CFrame.new(0, -0.03830456733703613, 0, 1, 0, -6.357302595461078e-08, 0, 1, 0, 6.357302595461078e-08, 0, 1),
            ["RightLowerLeg"] = CFrame.new(-1.1175870895385742e-08, 0.017017841339111328, -0.0008115453529171646, 1, 3.0733598777032967e-08, 6.0533800194662035e-09, -1.9557775843281888e-08, 0.9915658831596375, 0.12958639860153198, 0, -0.12960384786128998, 0.9915681481361389),
            ["LeftUpperLeg"] = CFrame.new(0, -1.1920928955078125e-07, -0.00009999153553508222, 0.9886010885238647, 0.12240616977214813, 0.08766267448663712, -0.11517003923654556, 0.9898434281349182, -0.08333172649145126, -0.09697303920984268, 0.07229646295309067, 0.9926586151123047),
            ["LeftLowerLeg"] = CFrame.new(8.381903171539307e-09, 0.01809900999069214, -0.0008044317364692688, 1, -3.3993217130046105e-08, -1.396934234954017e-09, 3.2596297216969106e-08, 0.990623414516449, 0.13660314679145813, -1.3038519597330378e-08, -0.13662049174308777, 0.9906258583068848),
        }},
        {Time = 0.069, Data = {
            ["RightFoot"] = CFrame.new(-1.8960776060339413e-08, 0.0041702985763549805, -0.00010300969734089449, 0.9871732592582703, 0.1221274808049202, 0.10283486545085907, -0.11632716655731201, 0.9913568496704102, -0.0606590211391449, -0.10934798419475555, 0.04792178422212601, 0.992847204208374),
            ["LeftLowerArm"] = CFrame.new(-0.0004998147487640381, 0.005601108074188232, 0.00015683891251683235, 1, -5.0175003707408905e-08, -2.3795158199391153e-07, 4.480534698814154e-08, 0.9983735680580139, -0.05701138824224472, 2.2913445718586445e-07, 0.057010848075151443, 0.9983735084533691),
            ["RightUpperArm"] = CFrame.new(1.1920928955078125e-07, -2.384185791015625e-07, 2.3283064365386963e-08, 0.9991742968559265, -0.00273663061670959, 0.040538936853408813, 0.0005062422133050859, 0.9984902143478394, 0.054927416145801544, -0.04062805697321892, -0.05486149340867996, 0.9976670742034912),
            ["Head"] = CFrame.new(0, -2.384185791015625e-07, 0, 0.7268159985542297, 0.027811262756586075, -0.6862689852714539, -0.03480037674307823, 0.9993876814842224, 0.003643994452431798, 0.6859500408172607, 0.021233906969428062, 0.7273386716842651),
            ["RightHand"] = CFrame.new(-0.0005001607351005077, 0, 7.450580596923828e-09, 1, 0, -8.862794231845328e-08, 5.8207653974573503e-11, 1, 6.702206860609294e-07, 8.695132436287167e-08, -4.479078796748581e-08, 1),
            ["UpperTorso"] = CFrame.new(0, 0, 0, 0.9999460577964783, 0, -0.010386479087173939, 0, 1, 0, 0.010386479087173939, 0, 0.9999460577964783),
            ["HumanoidRootPart"] = CFrame.new(0, 0, 0, 1, 0, 0, 0, 1, 0, 0, 0, 1),
            ["RightUpperLeg"] = CFrame.new(0, -1.1920928955078125e-07, -5.3405528888106346e-08, 0.9871729612350464, -0.12951728701591492, -0.09335384517908096, 0.12212791293859482, 0.9892066121101379, -0.08095364272594452, 0.10283156484365463, 0.06852475553750992, 0.9923364520072937),
            ["LeftUpperArm"] = CFrame.new(0, -7.152557373046875e-07, 1.210719347000122e-08, 0.9964353442192078, -0.08349605649709702, -0.012049891985952854, 0.08344954997301102, 0.996502697467804, -0.004312087316066027, 0.01236779522150755, 0.0032912059687078, 0.9999181628227234),
            ["RightLowerArm"] = CFrame.new(0, 0.0034668445587158203, 0.000056531280279159546, 1, 5.273614789302883e-08, 2.3634721912912937e-07, -4.185130464406939e-08, 0.9993988871574402, -0.034669362008571625, -2.2734272420166235e-07, 0.03466878458857536, 0.9993988275527954),
            ["LeftHand"] = CFrame.new(0.0004998937947675586, 0.00010025501251220703, -1.6763806343078613e-08, 0.9995248317718506, 0.030518248677253723, 0.004336043260991573, -0.030594848096370697, 0.9993540048599243, 0.018857505172491074, -0.003757727798074484, -0.018980395048856735, 0.9998128414154053),
            ["LeftFoot"] = CFrame.new(-4.198253122922324e-08, 0.004159092903137207, -0.0000030115211302472744, 0.9886013865470886, -0.11516965180635452, -0.09697604179382324, 0.10928305983543396, 0.9919484853744507, -0.06399441510438919, 0.10355958342552185, 0.052669964730739594, 0.9932272434234619),
            ["LowerTorso"] = CFrame.new(0, -0.03830456733703613, 0, 1, 0, -6.357302595461078e-08, 0, 1, 0, 6.357302595461078e-08, 0, 1),
            ["RightLowerLeg"] = CFrame.new(-1.1175870895385742e-08, 0.017017841339111328, -0.0008115453529171646, 1, 3.0733598777032967e-08, 6.0533800194662035e-09, -1.9557775843281888e-08, 0.9915658831596375, 0.12958639860153198, 0, -0.12960384786128998, 0.9915681481361389),
            ["LeftUpperLeg"] = CFrame.new(0, -1.1920928955078125e-07, -0.00009999153553508222, 0.9886010885238647, 0.12240616977214813, 0.08766267448663712, -0.11517003923654556, 0.9898434281349182, -0.08333172649145126, -0.09697303920984268, 0.07229646295309067, 0.9926586151123047),
            ["LeftLowerLeg"] = CFrame.new(8.381903171539307e-09, 0.01809900999069214, -0.0008044317364692688, 1, -3.3993217130046105e-08, -1.396934234954017e-09, 3.2596297216969106e-08, 0.990623414516449, 0.13660314679145813, -1.3038519597330378e-08, -0.13662049174308777, 0.9906258583068848),
        }},
        {Time = 0.103, Data = {
            ["RightFoot"] = CFrame.new(-1.8960776060339413e-08, 0.0041702985763549805, -0.00010300969734089449, 0.9871732592582703, 0.1221274808049202, 0.10283486545085907, -0.11632716655731201, 0.9913568496704102, -0.0606590211391449, -0.10934798419475555, 0.04792178422212601, 0.992847204208374),
            ["LeftLowerArm"] = CFrame.new(-0.0004999637603759766, 0.005601704120635986, 0.00015682820230722427, 1, -4.516914486885071e-08, -2.3655455549942417e-07, 4.1109160520136356e-08, 0.9983736276626587, -0.057011350989341736, 2.3179745767265558e-07, 0.05701085552573204, 0.9983735084533691),
            ["RightUpperArm"] = CFrame.new(-5.960464477539063e-08, -2.384185791015625e-07, 2.7939677238464355e-08, 0.999201774597168, -0.00404393719509244, 0.03974314406514168, 0.0017663731705397367, 0.9983625411987305, 0.05717660114169121, -0.03990928828716278, -0.05706072971224785, 0.9975727200508118),
            ["Head"] = CFrame.new(0, 0, 0, 0.6377663016319275, 0.035536184906959534, -0.7694097757339478, -0.046338655054569244, 0.9988959431648254, 0.007725036237388849, 0.7688347697257996, 0.03072664514183998, 0.6387088894844055),
            ["RightHand"] = CFrame.new(-0.0004999657394364476, 5.960464477539063e-08, -1.4901161193847656e-08, 1, 1.7462301049597784e-10, -8.792672900881371e-08, 5.820766785236131e-11, 1, 6.727746040269267e-07, 8.742427581864831e-08, -4.400499520329504e-08, 1),
            ["UpperTorso"] = CFrame.new(0, 0, 0, 0.9999017119407654, 0, -0.014021544717252254, 0, 1, 0, 0.014021544717252254, 0, 0.9999017119407654),
            ["HumanoidRootPart"] = CFrame.new(0, 0, 0, 1, 0, 0, 0, 1, 0, 0, 0, 1),
            ["RightUpperLeg"] = CFrame.new(0, -1.1920928955078125e-07, -5.3405528888106346e-08, 0.9871729612350464, -0.12951728701591492, -0.09335384517908096, 0.12212791293859482, 0.9892066121101379, -0.08095364272594452, 0.10283156484365463, 0.06852475553750992, 0.9923364520072937),
            ["LeftUpperArm"] = CFrame.new(-1.1920928955078125e-07, -2.384185791015625e-07, 1.30385160446167e-08, 0.9964495897293091, -0.0827835202217102, -0.015332857146859169, 0.08283261954784393, 0.9965600967407227, 0.0025946374516934156, 0.015065318904817104, -0.003855455666780472, 0.9998791813850403),
            ["RightLowerArm"] = CFrame.new(0, 0.0034672021865844727, 0.00005653500556945801, 1, 4.959293420370159e-08, 2.3455007180928078e-07, -4.1909512304982854e-08, 0.9993988871574402, -0.034669388085603714, -2.2771561702938925e-07, 0.03466884791851044, 0.9993988871574402),
            ["LeftHand"] = CFrame.new(0.0005000613164156675, 0.00009971857070922852, 7.450580596923828e-09, 0.9995248317718506, 0.030518261715769768, 0.0043360404670238495, -0.030594853684306145, 0.9993540048599243, 0.018857503309845924, -0.0037577240727841854, -0.018980400636792183, 0.9998128414154053),
            ["LeftFoot"] = CFrame.new(-4.198253122922324e-08, 0.004159092903137207, -0.0000030115211302472744, 0.9886013865470886, -0.11516965180635452, -0.09697604179382324, 0.10928305983543396, 0.9919484853744507, -0.06399441510438919, 0.10355958342552185, 0.052669964730739594, 0.9932272434234619),
            ["LowerTorso"] = CFrame.new(0, -0.03830456733703613, 0, 1, 0, -6.357302595461078e-08, 0, 1, 0, 6.357302595461078e-08, 0, 1),
            ["RightLowerLeg"] = CFrame.new(-1.1175870895385742e-08, 0.017017841339111328, -0.0008115453529171646, 1, 3.0733598777032967e-08, 6.0533800194662035e-09, -1.9557775843281888e-08, 0.9915658831596375, 0.12958639860153198, 0, -0.12960384786128998, 0.9915681481361389),
            ["LeftUpperLeg"] = CFrame.new(0, -1.1920928955078125e-07, -0.00009999153553508222, 0.9886010885238647, 0.12240616977214813, 0.08766267448663712, -0.11517003923654556, 0.9898434281349182, -0.08333172649145126, -0.09697303920984268, 0.07229646295309067, 0.9926586151123047),
            ["LeftLowerLeg"] = CFrame.new(8.381903171539307e-09, 0.01809900999069214, -0.0008044317364692688, 1, -3.3993217130046105e-08, -1.396934234954017e-09, 3.2596297216969106e-08, 0.990623414516449, 0.13660314679145813, -1.3038519597330378e-08, -0.13662049174308777, 0.9906258583068848),
        }},
        {Time = 0.138, Data = {
            ["RightFoot"] = CFrame.new(-1.8960776060339413e-08, 0.0041702985763549805, -0.00010300969734089449, 0.9871732592582703, 0.1221274808049202, 0.10283486545085907, -0.11632716655731201, 0.9913568496704102, -0.0606590211391449, -0.10934798419475555, 0.04792178422212601, 0.992847204208374),
            ["LeftLowerArm"] = CFrame.new(-0.0004999637603759766, 0.005602002143859863, 0.0001568291336297989, 1, -4.284083843231201e-08, -2.3143230976074847e-07, 3.984314389526844e-08, 0.9983735680580139, -0.057011354714632034, 2.282322384417057e-07, 0.057010821998119354, 0.9983735680580139),
            ["RightUpperArm"] = CFrame.new(0, -4.76837158203125e-07, 2.60770320892334e-08, 0.9992136359214783, -0.0048143295571208, 0.03935768082737923, 0.0025174638722091913, 0.9983016848564148, 0.05820198729634285, -0.03957104682922363, -0.05805707722902298, 0.9975286722183228),
            ["Head"] = CFrame.new(0, -2.384185791015625e-07, 0, 0.64540034532547, 0.033250048756599426, -0.7631204724311829, -0.04314861446619034, 0.9990440011024475, 0.0070370570756495, 0.7626249194145203, 0.02838587574660778, 0.646217942237854),
            ["RightHand"] = CFrame.new(-0.0005000828532502055, 2.384185791015625e-07, -2.60770320892334e-08, 1, -5.820766785236131e-11, -9.198673467381013e-08, -5.238690037323579e-10, 1, 6.674486030533444e-07, 8.910866000633177e-08, -4.568574496488509e-08, 1),
            ["UpperTorso"] = CFrame.new(0, 0, 0, 0.9999279975891113, 0, -0.012008056975901127, 0, 1, 0, 0.012008056975901127, 0, 0.9999279975891113),
            ["HumanoidRootPart"] = CFrame.new(0, 0, 0, 1, 0, 0, 0, 1, 0, 0, 0, 1),
            ["RightUpperLeg"] = CFrame.new(0, -1.1920928955078125e-07, -5.3405528888106346e-08, 0.9871729612350464, -0.12951728701591492, -0.09335384517908096, 0.12212791293859482, 0.9892066121101379, -0.08095364272594452, 0.10283156484365463, 0.06852475553750992, 0.9923364520072937),
            ["LeftUpperArm"] = CFrame.new(5.960464477539063e-08, -4.76837158203125e-07, 1.6763806343078613e-08, 0.9964533448219299, -0.0823814794421196, -0.017152370885014534, 0.08249006420373917, 0.9965755343437195, 0.00572163425385952, 0.016622276976704597, -0.007116217166185379, 0.9998365640640259),
            ["RightLowerArm"] = CFrame.new(-1.1920928955078125e-07, 0.0034669041633605957, 0.000056568533182144165, 1, 5.00003807246685e-08, 2.3762410705785442e-07, -4.156026633950205e-08, 0.9993988871574402, -0.034669458866119385, -2.284359368331934e-07, 0.034668758511543274, 0.9993988275527954),
            ["LeftHand"] = CFrame.new(0.0004999000811949372, 0.00009965896606445312, -1.862645149230957e-08, 0.9995248317718506, 0.03051825799047947, 0.004336039535701275, -0.0305948443710804, 0.9993540644645691, 0.01885748654603958, -0.0037577259354293346, -0.018980402499437332, 0.9998127818107605),
            ["LeftFoot"] = CFrame.new(-4.198253122922324e-08, 0.004159092903137207, -0.0000030115211302472744, 0.9886013865470886, -0.11516965180635452, -0.09697604179382324, 0.10928305983543396, 0.9919484853744507, -0.06399441510438919, 0.10355958342552185, 0.052669964730739594, 0.9932272434234619),
            ["LowerTorso"] = CFrame.new(0, -0.03830456733703613, 0, 1, 0, -6.357302595461078e-08, 0, 1, 0, 6.357302595461078e-08, 0, 1),
            ["RightLowerLeg"] = CFrame.new(-1.1175870895385742e-08, 0.017017841339111328, -0.0008115453529171646, 1, 3.0733598777032967e-08, 6.0533800194662035e-09, -1.9557775843281888e-08, 0.9915658831596375, 0.12958639860153198, 0, -0.12960384786128998, 0.9915681481361389),
            ["LeftUpperLeg"] = CFrame.new(0, -1.1920928955078125e-07, -0.00009999153553508222, 0.9886010885238647, 0.12240616977214813, 0.08766267448663712, -0.11517003923654556, 0.9898434281349182, -0.08333172649145126, -0.09697303920984268, 0.07229646295309067, 0.9926586151123047),
            ["LeftLowerLeg"] = CFrame.new(8.381903171539307e-09, 0.01809900999069214, -0.0008044317364692688, 1, -3.3993217130046105e-08, -1.396934234954017e-09, 3.2596297216969106e-08, 0.990623414516449, 0.13660314679145813, -1.3038519597330378e-08, -0.13662049174308777, 0.9906258583068848),
        }},
        {Time = 0.172, Data = {
            ["RightFoot"] = CFrame.new(-1.8960776060339413e-08, 0.0041702985763549805, -0.00010300969734089449, 0.9871732592582703, 0.1221274808049202, 0.10283486545085907, -0.11632716655731201, 0.9913568496704102, -0.0606590211391449, -0.10934798419475555, 0.04792178422212601, 0.992847204208374),
            ["LeftLowerArm"] = CFrame.new(-0.0004998147487640381, 0.0056015849113464355, 0.00015682168304920197, 1, -3.888271749019623e-08, -2.3841724328121927e-07, 4.045432433485985e-08, 0.9983735680580139, -0.05701138824224472, 2.2543827071785927e-07, 0.05701081454753876, 0.9983735680580139),
            ["RightUpperArm"] = CFrame.new(0, 2.384185791015625e-07, 2.60770320892334e-08, 0.999213457107544, -0.005005925893783569, 0.039338044822216034, 0.0028141799848526716, 0.9984506368637085, 0.0555754229426384, -0.039555300027132034, -0.055420953780412674, 0.9976792931556702),
            ["Head"] = CFrame.new(0, 2.384185791015625e-07, 0, 0.6619794964790344, 0.027338694781064987, -0.7490231990814209, -0.03507348895072937, 0.999369740486145, 0.0054785143584012985, 0.7487008571624756, 0.02264419198036194, 0.6625211238861084),
            ["RightHand"] = CFrame.new(-0.0004999014781787992, 5.960464477539063e-08, 1.4901161193847656e-08, 1, 1.1641533570472262e-10, -8.447063493122187e-08, -1.1641533570472262e-10, 1, 6.714139999530744e-07, 8.695133857372639e-08, -4.5285567296105e-08, 1),
            ["UpperTorso"] = CFrame.new(0, 0, 0, 0.9999713897705078, 0, -0.007578190881758928, 0, 1, 0, 0.007578190881758928, 0, 0.9999713897705078),
            ["HumanoidRootPart"] = CFrame.new(0, 0, 0, 1, 0, 0, 0, 1, 0, 0, 0, 1),
            ["RightUpperLeg"] = CFrame.new(0, -1.1920928955078125e-07, -5.3405528888106346e-08, 0.9871729612350464, -0.12951728701591492, -0.09335384517908096, 0.12212791293859482, 0.9892066121101379, -0.08095364272594452, 0.10283156484365463, 0.06852475553750992, 0.9923364520072937),
            ["LeftUpperArm"] = CFrame.new(0, 0, 1.3504177331924438e-08, 0.9964518547058105, -0.08232434093952179, -0.01750878244638443, 0.08239516615867615, 0.9965940713882446, 0.003362316405400634, 0.017172345891594887, -0.004792999010533094, 0.9998411536216736),
            ["RightLowerArm"] = CFrame.new(-2.384185791015625e-07, 0.003466367721557617, 0.000056512653827667236, 1, 5.1106319176597026e-08, 2.3546319027900608e-07, -4.12110274794486e-08, 0.9993988871574402, -0.03466939553618431, -2.2989118519944896e-07, 0.03466881439089775, 0.9993988275527954),
            ["LeftHand"] = CFrame.new(0.0004999288357794285, 0.00009971857070922852, 0, 0.9995248317718506, 0.030518265441060066, 0.004336041398346424, -0.030594855546951294, 0.9993540644645691, 0.018857507035136223, -0.0037577261682599783, -0.018980400636792183, 0.9998128414154053),
            ["LeftFoot"] = CFrame.new(-4.198253122922324e-08, 0.004159092903137207, -0.0000030115211302472744, 0.9886013865470886, -0.11516965180635452, -0.09697604179382324, 0.10928305983543396, 0.9919484853744507, -0.06399441510438919, 0.10355958342552185, 0.052669964730739594, 0.9932272434234619),
            ["LowerTorso"] = CFrame.new(0, -0.03830456733703613, 0, 1, 0, -6.357302595461078e-08, 0, 1, 0, 6.357302595461078e-08, 0, 1),
            ["RightLowerLeg"] = CFrame.new(-1.1175870895385742e-08, 0.017017841339111328, -0.0008115453529171646, 1, 3.0733598777032967e-08, 6.0533800194662035e-09, -1.9557775843281888e-08, 0.9915658831596375, 0.12958639860153198, 0, -0.12960384786128998, 0.9915681481361389),
            ["LeftUpperLeg"] = CFrame.new(0, -1.1920928955078125e-07, -0.00009999153553508222, 0.9886010885238647, 0.12240616977214813, 0.08766267448663712, -0.11517003923654556, 0.9898434281349182, -0.08333172649145126, -0.09697303920984268, 0.07229646295309067, 0.9926586151123047),
            ["LeftLowerLeg"] = CFrame.new(8.381903171539307e-09, 0.01809900999069214, -0.0008044317364692688, 1, -3.3993217130046105e-08, -1.396934234954017e-09, 3.2596297216969106e-08, 0.990623414516449, 0.13660314679145813, -1.3038519597330378e-08, -0.13662049174308777, 0.9906258583068848),
        }},
        {Time = 0.207, Data = {
            ["RightFoot"] = CFrame.new(-1.8960776060339413e-08, 0.0041702985763549805, -0.00010300969734089449, 0.9871732592582703, 0.1221274808049202, 0.10283486545085907, -0.11632716655731201, 0.9913568496704102, -0.0606590211391449, -0.10934798419475555, 0.04792178422212601, 0.992847204208374),
            ["LeftLowerArm"] = CFrame.new(-0.0004999339580535889, 0.005601465702056885, 0.00015683192759752274, 1, -5.494803190231323e-08, -2.4167678702724515e-07, 3.645072865765542e-08, 0.9983736276626587, -0.05701141804456711, 2.2932363208383322e-07, 0.057010892778635025, 0.9983735680580139),
            ["RightUpperArm"] = CFrame.new(0, -2.384185791015625e-07, 2.2118911147117615e-08, 0.9992130994796753, -0.005030164960771799, 0.03934519737958908, 0.003086684737354517, 0.9987791776657104, 0.04930192604660988, -0.03954516723752022, -0.049141641706228256, 0.998008668422699),
            ["Head"] = CFrame.new(0, 0, 0, 0.6782527565956116, 0.019284415990114212, -0.734575629234314, -0.024380000308156013, 0.9996957778930664, 0.0037337837275117636, 0.7344241738319397, 0.015376504510641098, 0.6785166263580322),
            ["RightHand"] = CFrame.new(-0.000499913701787591, -1.1920928955078125e-07, -1.862645149230957e-08, 1, -2.910382768117614e-10, -8.98912588809253e-08, 5.820766091346741e-11, 1, 6.657097060269734e-07, 8.52996890898794e-08, -4.452885704608889e-08, 1),
            ["UpperTorso"] = CFrame.new(0, 0, 0, 0.9999950528144836, 0, -0.0031481776386499405, 0, 1, 0, 0.0031481776386499405, 0, 0.9999950528144836),
            ["HumanoidRootPart"] = CFrame.new(0, 0, 0, 1, 0, 0, 0, 1, 0, 0, 0, 1),
            ["RightUpperLeg"] = CFrame.new(0, -1.1920928955078125e-07, -5.3405528888106346e-08, 0.9871729612350464, -0.12951728701591492, -0.09335384517908096, 0.12212791293859482, 0.9892066121101379, -0.08095364272594452, 0.10283156484365463, 0.06852475553750992, 0.9923364520072937),
            ["LeftUpperArm"] = CFrame.new(5.960464477539063e-08, -2.384185791015625e-07, 1.3969838619232178e-08, 0.9964485764503479, -0.0823533907532692, -0.017553456127643585, 0.08232681453227997, 0.9966028928756714, -0.0022320174612104893, 0.017677640542387962, 0.0007789949304424226, 0.9998435378074646),
            ["RightLowerArm"] = CFrame.new(-1.4901161193847656e-07, 0.0034669041633605957, 0.000056546181440353394, 1, 5.1746610552072525e-08, 2.3318580133491196e-07, -4.1676681661328985e-08, 0.999398946762085, -0.034669406712055206, -2.247106465347315e-07, 0.034668803215026855, 0.9993988275527954),
            ["LeftHand"] = CFrame.new(0.0005001360550522804, 0.00009959936141967773, 1.30385160446167e-08, 0.9995248913764954, 0.03051825612783432, 0.0043360404670238495, -0.0305948443710804, 0.9993540048599243, 0.018857495859265327, -0.0037577259354293346, -0.018980396911501884, 0.9998128414154053),
            ["LeftFoot"] = CFrame.new(-4.198253122922324e-08, 0.004159092903137207, -0.0000030115211302472744, 0.9886013865470886, -0.11516965180635452, -0.09697604179382324, 0.10928305983543396, 0.9919484853744507, -0.06399441510438919, 0.10355958342552185, 0.052669964730739594, 0.9932272434234619),
            ["LowerTorso"] = CFrame.new(0, -0.03830456733703613, 0, 1, 0, -6.357302595461078e-08, 0, 1, 0, 6.357302595461078e-08, 0, 1),
            ["RightLowerLeg"] = CFrame.new(-1.1175870895385742e-08, 0.017017841339111328, -0.0008115453529171646, 1, 3.0733598777032967e-08, 6.0533800194662035e-09, -1.9557775843281888e-08, 0.9915658831596375, 0.12958639860153198, 0, -0.12960384786128998, 0.9915681481361389),
            ["LeftUpperLeg"] = CFrame.new(0, -1.1920928955078125e-07, -0.00009999153553508222, 0.9886010885238647, 0.12240616977214813, 0.08766267448663712, -0.11517003923654556, 0.9898434281349182, -0.08333172649145126, -0.09697303920984268, 0.07229646295309067, 0.9926586151123047),
            ["LeftLowerLeg"] = CFrame.new(8.381903171539307e-09, 0.01809900999069214, -0.0008044317364692688, 1, -3.3993217130046105e-08, -1.396934234954017e-09, 3.2596297216969106e-08, 0.990623414516449, 0.13660314679145813, -1.3038519597330378e-08, -0.13662049174308777, 0.9906258583068848),
        }},
        {Time = 0.241, Data = {
            ["RightFoot"] = CFrame.new(-1.8960776060339413e-08, 0.0041702985763549805, -0.00010300969734089449, 0.9871732592582703, 0.1221274808049202, 0.10283486545085907, -0.11632716655731201, 0.9913568496704102, -0.0606590211391449, -0.10934798419475555, 0.04792178422212601, 0.992847204208374),
            ["LeftLowerArm"] = CFrame.new(-0.0004998445510864258, 0.005600988864898682, 0.00015683099627494812, 1, -7.67177041893774e-08, -2.318979710480562e-07, 4.182220081361265e-08, 0.9983736276626587, -0.05701138824224472, 2.3056051645653497e-07, 0.057010821998119354, 0.9983735084533691),
            ["RightUpperArm"] = CFrame.new(0, -4.76837158203125e-07, 2.246815711259842e-08, 0.9992128014564514, -0.0049584973603487015, 0.03936181217432022, 0.0033110645599663258, 0.9991201162338257, 0.04180966317653656, -0.039534494280815125, -0.0416463203728199, 0.9983499646186829),
            ["Head"] = CFrame.new(0, -2.384185791015625e-07, 0, 0.6855953335762024, 0.010780599899590015, -0.7279030084609985, -0.013393046334385872, 0.999907910823822, 0.00219451985321939, 0.727859616279602, 0.008244285359978676, 0.6856765747070312),
            ["RightHand"] = CFrame.new(-0.0005000747623853385, -1.7881393432617188e-07, -2.9802322387695312e-08, 1, -5.820766091346741e-11, -8.012687402469965e-08, 1.1641533570472262e-10, 1, 6.667428920081875e-07, 8.746793156433341e-08, -4.5329215936362743e-08, 1),
            ["UpperTorso"] = CFrame.new(0, 0, 0, 0.9999993443489075, 0, -0.0011345219099894166, 0, 1, 0, 0.0011345219099894166, 0, 0.9999993443489075),
            ["HumanoidRootPart"] = CFrame.new(0, 0, 0, 1, 0, 0, 0, 1, 0, 0, 0, 1),
            ["RightUpperLeg"] = CFrame.new(0, -1.1920928955078125e-07, -5.3405528888106346e-08, 0.9871729612350464, -0.12951728701591492, -0.09335384517908096, 0.12212791293859482, 0.9892066121101379, -0.08095364272594452, 0.10283156484365463, 0.06852475553750992, 0.9923364520072937),
            ["LeftUpperArm"] = CFrame.new(0, -4.76837158203125e-07, 1.1059455573558807e-08, 0.9964463114738464, -0.08241045475006104, -0.01741960272192955, 0.08226513862609863, 0.9965708255767822, -0.008901545777916908, 0.018093446269631386, 0.007436932995915413, 0.999808669090271),
            ["RightLowerArm"] = CFrame.new(-1.4901161193847656e-07, 0.003467261791229248, 0.000056578777730464935, 1, 5.270703695714474e-08, 2.3481742061903788e-07, -4.12110274794486e-08, 0.9993988871574402, -0.034669410437345505, -2.3058967713041056e-07, 0.034668758511543274, 0.9993988275527954),
            ["LeftHand"] = CFrame.new(0.0005002199904993176, 0.00009959936141967773, -2.7939677238464355e-08, 0.9995248913764954, 0.03051825426518917, 0.004336041398346424, -0.03059486113488674, 0.9993540048599243, 0.018857499584555626, -0.003757723607122898, -0.01898040436208248, 0.9998128414154053),
            ["LeftFoot"] = CFrame.new(-4.198253122922324e-08, 0.004159092903137207, -0.0000030115211302472744, 0.9886013865470886, -0.11516965180635452, -0.09697604179382324, 0.10928305983543396, 0.9919484853744507, -0.06399441510438919, 0.10355958342552185, 0.052669964730739594, 0.9932272434234619),
            ["LowerTorso"] = CFrame.new(0, -0.03830456733703613, 0, 1, 0, -6.357302595461078e-08, 0, 1, 0, 6.357302595461078e-08, 0, 1),
            ["RightLowerLeg"] = CFrame.new(-1.1175870895385742e-08, 0.017017841339111328, -0.0008115453529171646, 1, 3.0733598777032967e-08, 6.0533800194662035e-09, -1.9557775843281888e-08, 0.9915658831596375, 0.12958639860153198, 0, -0.12960384786128998, 0.9915681481361389),
            ["LeftUpperLeg"] = CFrame.new(0, -1.1920928955078125e-07, -0.00009999153553508222, 0.9886010885238647, 0.12240616977214813, 0.08766267448663712, -0.11517003923654556, 0.9898434281349182, -0.08333172649145126, -0.09697303920984268, 0.07229646295309067, 0.9926586151123047),
            ["LeftLowerLeg"] = CFrame.new(8.381903171539307e-09, 0.01809900999069214, -0.0008044317364692688, 1, -3.3993217130046105e-08, -1.396934234954017e-09, 3.2596297216969106e-08, 0.990623414516449, 0.13660314679145813, -1.3038519597330378e-08, -0.13662049174308777, 0.9906258583068848),
        }},
        {Time = 0.276, Data = {
            ["RightFoot"] = CFrame.new(-1.8960776060339413e-08, 0.0041702985763549805, -0.00010300969734089449, 0.9871732592582703, 0.1221274808049202, 0.10283486545085907, -0.11632716655731201, 0.9913568496704102, -0.0606590211391449, -0.10934798419475555, 0.04792178422212601, 0.992847204208374),
            ["LeftLowerArm"] = CFrame.new(-0.0004999339580535889, 0.005601048469543457, 0.0001568365842103958, 1, -7.031486148889599e-08, -2.300353827422441e-07, 3.8533467972001745e-08, 0.9983735680580139, -0.05701136216521263, 2.2805758703725587e-07, 0.05701084062457085, 0.9983735680580139),
            ["RightUpperArm"] = CFrame.new(0, -4.76837158203125e-07, 2.0605511963367462e-08, 0.9992128610610962, -0.004862591624259949, 0.03937111794948578, 0.00346339400857687, 0.9993626475334167, 0.03552985563874245, -0.03951879218220711, -0.03536549583077431, 0.9985927939414978),
            ["Head"] = CFrame.new(0, -2.384185791015625e-07, 0, 0.6856590509414673, 0.0037341946735978127, -0.7279133200645447, -0.004480645526200533, 0.9999895691871643, 0.0009093948174268007, 0.7279090285301208, 0.002637986559420824, 0.6856686472892761),
            ["RightHand"] = CFrame.new(-0.0004999004304409027, 5.960464477539063e-08, 4.889443516731262e-09, 1, -4.729373004330739e-10, -8.854382116396664e-08, -3.183231456205249e-10, 1, 6.596414436899067e-07, 8.99590304470621e-08, -4.4761698347883794e-08, 1),
            ["UpperTorso"] = CFrame.new(0, 0, 0, 0.9999993443489075, 0, -0.0011345219099894166, 0, 1, 0, 0.0011345219099894166, 0, 0.9999993443489075),
            ["HumanoidRootPart"] = CFrame.new(0, 0, 0, 1, 0, 0, 0, 1, 0, 0, 0, 1),
            ["RightUpperLeg"] = CFrame.new(0, -1.1920928955078125e-07, -5.3405528888106346e-08, 0.9871729612350464, -0.12951728701591492, -0.09335384517908096, 0.12212791293859482, 0.9892066121101379, -0.08095364272594452, 0.10283156484365463, 0.06852475553750992, 0.9923364520072937),
            ["LeftUpperArm"] = CFrame.new(5.960464477539063e-08, -4.76837158203125e-07, 1.1874362826347351e-08, 0.9964470267295837, -0.0824381485581398, -0.017241057008504868, 0.0821928083896637, 0.9965112209320068, -0.014486349187791348, 0.018375132232904434, 0.013017802499234676, 0.9997465014457703),
            ["RightLowerArm"] = CFrame.new(-2.086162567138672e-07, 0.0034671425819396973, 0.000056516844779253006, 1, 4.932734753992918e-08, 2.2960335854804725e-07, -4.190951941041021e-08, 0.9993988275527954, -0.034669384360313416, -2.2520546849591483e-07, 0.03466884419322014, 0.9993988275527954),
            ["LeftHand"] = CFrame.new(0.0004999755183234811, 0.00009995698928833008, 1.6763806343078613e-08, 0.9995248913764954, 0.03051825799047947, 0.004336040001362562, -0.030594853684306145, 0.9993540048599243, 0.018857497721910477, -0.0037577233742922544, -0.018980395048856735, 0.9998128414154053),
            ["LeftFoot"] = CFrame.new(-4.198253122922324e-08, 0.004159092903137207, -0.0000030115211302472744, 0.9886013865470886, -0.11516965180635452, -0.09697604179382324, 0.10928305983543396, 0.9919484853744507, -0.06399441510438919, 0.10355958342552185, 0.052669964730739594, 0.9932272434234619),
            ["LowerTorso"] = CFrame.new(0, -0.03830456733703613, 0, 1, 0, -6.357302595461078e-08, 0, 1, 0, 6.357302595461078e-08, 0, 1),
            ["RightLowerLeg"] = CFrame.new(-1.1175870895385742e-08, 0.017017841339111328, -0.0008115453529171646, 1, 3.0733598777032967e-08, 6.0533800194662035e-09, -1.9557775843281888e-08, 0.9915658831596375, 0.12958639860153198, 0, -0.12960384786128998, 0.9915681481361389),
            ["LeftUpperLeg"] = CFrame.new(0, -1.1920928955078125e-07, -0.00009999153553508222, 0.9886010885238647, 0.12240616977214813, 0.08766267448663712, -0.11517003923654556, 0.9898434281349182, -0.08333172649145126, -0.09697303920984268, 0.07229646295309067, 0.9926586151123047),
            ["LeftLowerLeg"] = CFrame.new(8.381903171539307e-09, 0.01809900999069214, -0.0008044317364692688, 1, -3.3993217130046105e-08, -1.396934234954017e-09, 3.2596297216969106e-08, 0.990623414516449, 0.13660314679145813, -1.3038519597330378e-08, -0.13662049174308777, 0.9906258583068848),
        }},
        {Time = 0.310, Data = {
            ["RightFoot"] = CFrame.new(-1.8960776060339413e-08, 0.0041702985763549805, -0.00010300969734089449, 0.9871732592582703, 0.1221274808049202, 0.10283486545085907, -0.11632716655731201, 0.9913568496704102, -0.0606590211391449, -0.10934798419475555, 0.04792178422212601, 0.992847204208374),
            ["LeftLowerArm"] = CFrame.new(-0.0004999041557312012, 0.005601227283477783, 0.00015684589743614197, 1, -2.6309862732887268e-08, -2.3841721485950984e-07, 4.18804120272398e-08, 0.9983736276626587, -0.05701135843992233, 2.2945459932088852e-07, 0.057010848075151443, 0.9983735084533691),
            ["RightUpperArm"] = CFrame.new(0, -7.152557373046875e-07, 2.0605511963367462e-08, 0.9992136359214783, -0.004814330488443375, 0.039357684552669525, 0.0035197841934859753, 0.9994526505470276, 0.03289584815502167, -0.03949451074004173, -0.032731425017118454, 0.9986835718154907),
            ["Head"] = CFrame.new(0, -2.384185791015625e-07, 0, 0.6856673955917358, -3.181817476161086e-08, -0.7279149889945984, 0, 1, -4.371138828673793e-08, 0.7279149889945984, 2.997147419137036e-08, 0.6856673955917358),
            ["RightHand"] = CFrame.new(-0.0005001180106773973, 1.1920928955078125e-07, -8.847564458847046e-09, 1, -3.055902197957039e-10, -8.133513773600498e-08, 1.964508555829525e-10, 1, 6.620280146307778e-07, 8.241840987466276e-08, -4.4761691242456436e-08, 1),
            ["UpperTorso"] = CFrame.new(0, 0, 0, 0.9999993443489075, 0, -0.0011345219099894166, 0, 1, 0, 0.0011345219099894166, 0, 0.9999993443489075),
            ["HumanoidRootPart"] = CFrame.new(0, 0, 0, 1, 0, 0, 0, 1, 0, 0, 0, 1),
            ["RightUpperLeg"] = CFrame.new(0, -1.1920928955078125e-07, -5.3405528888106346e-08, 0.9871729612350464, -0.12951728701591492, -0.09335384517908096, 0.12212791293859482, 0.9892066121101379, -0.08095364272594452, 0.10283156484365463, 0.06852475553750992, 0.9923364520072937),
            ["LeftUpperArm"] = CFrame.new(5.960464477539063e-08, -2.384185791015625e-07, 1.0943040251731873e-08, 0.9964532852172852, -0.082381471991539, -0.017152369022369385, 0.0820942372083664, 0.9964824914932251, -0.016827013343572617, 0.018478266894817352, 0.015359263867139816, 0.9997113347053528),
            ["RightLowerArm"] = CFrame.new(-5.960464477539063e-08, 0.0034674406051635742, 0.00005653034895658493, 1, 4.988396540284157e-08, 2.3286750661100086e-07, -4.1443854570388794e-08, 0.9993988871574402, -0.03466939553618431, -2.3201573640108109e-07, 0.03466882184147835, 0.9993988871574402),
