return {
    ["Hearts For You"] = {
        {Time = 0.000, Data = {
            ["RightFoot"] = CFrame.new(2.2017475842517342e-08, 2.384185791015625e-07, 3.994500730186701e-08, 1, 8.731962708452556e-08, 4.0067735085358436e-07, 6.53702869612971e-08, 0.9306298494338989, -0.36596155166625977, -4.0483794805368234e-07, 0.36596184968948364, 0.9306299686431885),
            ["LeftLowerArm"] = CFrame.new(-2.384185791015625e-07, 4.172325134277344e-07, -1.4901161193847656e-07, 1, -1.0430809993522416e-07, 8.940694584680386e-08, -2.9802322387695312e-08, -0.5087652802467346, -0.8609053492546082, 1.4901161193847656e-07, 0.8609053492546082, -0.5087653398513794),
            ["RightUpperArm"] = CFrame.new(0, 0, 0, 0.6534609794616699, 0.08504145592451096, 0.7521679997444153, 0.4172932505607605, 0.7885704636573792, -0.45168906450271606, -0.6315497756004333, 0.6090357899665833, 0.47981277108192444),
            ["Head"] = CFrame.new(0, 0, 0, 1, 0, 0, 0, 1, 0, 0, 0, 1),
            ["RightHand"] = CFrame.new(1.7881393432617188e-07, -1.1920928955078125e-07, -5.960464477539063e-08, 0.9072498679161072, 0.35799717903137207, -0.22076208889484406, -0.3708811402320862, 0.928496241569519, -0.01849433034658432, 0.19835585355758667, 0.09865541756153107, 0.9751523733139038),
            ["UpperTorso"] = CFrame.new(0, 1.1920928955078125e-07, 0, 1, 0, 0, 0, 1, 0, 0, 0, 1),
            ["HumanoidRootPart"] = CFrame.new(0, 0, 0, 1, 0, 0, 0, 1, 0, 0, 0, 1),
            ["RightUpperLeg"] = CFrame.new(0, 0, 0, 1, 5.232437053082073e-11, -2.3843395524636435e-07, -9.841591719350617e-08, 0.9109306335449219, -0.41255974769592285, 2.171752129243032e-07, 0.4125596880912781, 0.9109305143356323),
            ["LeftUpperArm"] = CFrame.new(0, 0, 0, 0.4996415078639984, -0.2614592909812927, -0.825831413269043, -0.49965837597846985, 0.6917843222618103, -0.5213214159011841, 0.7076015472412109, 0.673107385635376, 0.2150038629770279),
            ["RightLowerArm"] = CFrame.new(1.1920928955078125e-07, -2.384185791015625e-07, 1.4901161193847656e-07, 1, -6.332992086299782e-08, 1.6391273049976007e-07, 3.352760913344355e-08, -0.5155771970748901, -0.8568431735038757, 1.341104365337742e-07, 0.8568431735038757, -0.5155773162841797),
            ["LeftHand"] = CFrame.new(0, 1.7881393432617188e-07, -1.1920928955078125e-07, 0.7400065064430237, -0.34645938873291016, 0.5765034556388855, 0.0231825839728117, 0.8697561025619507, 0.4929371178150177, -0.672200083732605, -0.3514118492603302, 0.6516569256782532),
            ["LeftFoot"] = CFrame.new(-8.0596764817642e-09, 0, 1.3688268296618844e-08, 1, -3.1998673932776e-08, -1.4096163170052023e-07, -2.181018388114353e-08, 0.930623471736908, -0.36597830057144165, 1.4289301475400862e-07, 0.36597830057144165, 0.930623471736908),
            ["LowerTorso"] = CFrame.new(0, -0.13744890689849854, 0, 1, 0, 0, 0, 1, 0, 0, 0, 1),
            ["RightLowerLeg"] = CFrame.new(-4.448743595730775e-09, -0.000003635883331298828, -0.000013305048923939466, 1, -1.7113536898705206e-07, -7.233499843550817e-08, 1.711262456183249e-07, 0.6967580914497375, 0.7173059582710266, -7.235637866642719e-08, -0.7173062562942505, 0.6967583298683167),
            ["LeftUpperLeg"] = CFrame.new(0, 0, 0, 1, -2.8954620819032773e-12, 8.742364343561349e-08, 3.605902776371295e-08, 0.9109880328178406, -0.41243305802345276, -7.964067805232844e-08, 0.41243305802345276, 0.9109880328178406),
            ["LeftLowerLeg"] = CFrame.new(-2.2248721975870467e-08, 0.000003933906555175781, 0.000013337530617718585, 1, 6.270796859553229e-08, 2.650486052857559e-08, -6.270760621873706e-08, 0.6968451738357544, 0.7172216176986694, 2.650572383799954e-08, -0.7172216176986694, 0.6968451738357544),
        }},
        {Time = 0.033, Data = {
            ["RightFoot"] = CFrame.new(2.2017475842517342e-08, 2.384185791015625e-07, 3.994500730186701e-08, 1, 8.731962708452556e-08, 4.0067735085358436e-07, 6.53702869612971e-08, 0.9306298494338989, -0.36596155166625977, -4.0483794805368234e-07, 0.36596184968948364, 0.9306299686431885),
            ["LeftLowerArm"] = CFrame.new(-2.384185791015625e-07, 4.172325134277344e-07, -1.4901161193847656e-07, 1, -1.0430809993522416e-07, 8.940694584680386e-08, -2.9802322387695312e-08, -0.5087652802467346, -0.8609053492546082, 1.4901161193847656e-07, 0.8609053492546082, -0.5087653398513794),
            ["RightUpperArm"] = CFrame.new(0, 0, 0, 0.6534609794616699, 0.08504145592451096, 0.7521679997444153, 0.4172932505607605, 0.7885704636573792, -0.45168906450271606, -0.6315497756004333, 0.6090357899665833, 0.47981277108192444),
            ["Head"] = CFrame.new(0, 0, 0, 1, 0, 0, 0, 1, 0, 0, 0, 1),
            ["RightHand"] = CFrame.new(2.384185791015625e-07, 1.1920928955078125e-07, -2.9802322387695312e-08, 0.9072498083114624, 0.3579971194267273, -0.2207619994878769, -0.3708811402320862, 0.928496241569519, -0.018494296818971634, 0.1983557492494583, 0.09865537285804749, 0.9751523733139038),
            ["UpperTorso"] = CFrame.new(0, 1.1920928955078125e-07, 0, 1, 0, 0, 0, 1, 0, 0, 0, 1),
            ["HumanoidRootPart"] = CFrame.new(0, 0, 0, 1, 0, 0, 0, 1, 0, 0, 0, 1),
            ["RightUpperLeg"] = CFrame.new(0, 0, 0, 1, 5.232437053082073e-11, -2.3843395524636435e-07, -9.841591719350617e-08, 0.9109306335449219, -0.41255974769592285, 2.171752129243032e-07, 0.4125596880912781, 0.9109305143356323),
            ["LeftUpperArm"] = CFrame.new(0, 0, 0, 0.4996415078639984, -0.2614592909812927, -0.825831413269043, -0.49965837597846985, 0.6917843222618103, -0.5213214159011841, 0.7076015472412109, 0.673107385635376, 0.2150038629770279),
            ["RightLowerArm"] = CFrame.new(1.1920928955078125e-07, -2.384185791015625e-07, 1.4901161193847656e-07, 1, -6.705523247774181e-08, 8.940695295223122e-08, 5.960464477539063e-08, -0.5156391263008118, -0.8568059206008911, 1.6391277313232422e-07, 0.8568059802055359, -0.5156391263008118),
            ["LeftHand"] = CFrame.new(0, 1.7881393432617188e-07, -1.1920928955078125e-07, 0.7400065064430237, -0.34645938873291016, 0.5765034556388855, 0.0231825839728117, 0.8697561025619507, 0.4929371178150177, -0.672200083732605, -0.3514118492603302, 0.6516569256782532),
            ["LeftFoot"] = CFrame.new(-8.0596764817642e-09, 0, 1.3688268296618844e-08, 1, -3.1998673932776e-08, -1.4096163170052023e-07, -2.181018388114353e-08, 0.930623471736908, -0.36597830057144165, 1.4289301475400862e-07, 0.36597830057144165, 0.930623471736908),
            ["LowerTorso"] = CFrame.new(0, -0.13744890689849854, 0, 1, 0, 0, 0, 1, 0, 0, 0, 1),
            ["RightLowerLeg"] = CFrame.new(-4.448743595730775e-09, -0.000003635883331298828, -0.000013305048923939466, 1, -1.7113536898705206e-07, -7.233499843550817e-08, 1.711262456183249e-07, 0.6967580914497375, 0.7173059582710266, -7.235637866642719e-08, -0.7173062562942505, 0.6967583298683167),
            ["LeftUpperLeg"] = CFrame.new(0, 0, 0, 1, -2.8954620819032773e-12, 8.742364343561349e-08, 3.605902776371295e-08, 0.9109880328178406, -0.41243305802345276, -7.964067805232844e-08, 0.41243305802345276, 0.9109880328178406),
            ["LeftLowerLeg"] = CFrame.new(-2.2248721975870467e-08, 0.000003933906555175781, 0.000013337530617718585, 1, 6.270796859553229e-08, 2.650486052857559e-08, -6.270760621873706e-08, 0.6968451738357544, 0.7172216176986694, 2.650572383799954e-08, -0.7172216176986694, 0.6968451738357544),
        }},
        {Time = 0.067, Data = {
            ["RightFoot"] = CFrame.new(2.2017475842517342e-08, 2.384185791015625e-07, 3.994500730186701e-08, 1, 8.731962708452556e-08, 4.0067735085358436e-07, 6.53702869612971e-08, 0.9306298494338989, -0.36596155166625977, -4.0483794805368234e-07, 0.36596184968948364, 0.9306299686431885),
            ["LeftLowerArm"] = CFrame.new(-2.384185791015625e-07, 4.172325134277344e-07, -1.4901161193847656e-07, 1, -1.0430809993522416e-07, 8.940694584680386e-08, -2.9802322387695312e-08, -0.5087652802467346, -0.8609053492546082, 1.4901161193847656e-07, 0.8609053492546082, -0.5087653398513794),
            ["RightUpperArm"] = CFrame.new(0, 0, 0, 0.6534609794616699, 0.08504145592451096, 0.7521679997444153, 0.4172932505607605, 0.7885704636573792, -0.45168906450271606, -0.6315497756004333, 0.6090357899665833, 0.47981277108192444),
            ["Head"] = CFrame.new(0, 0, 0, 1, 0, 0, 0, 1, 0, 0, 0, 1),
            ["RightHand"] = CFrame.new(0, 3.5762786865234375e-07, 8.940696716308594e-08, 0.9072498083114624, 0.3579971492290497, -0.22076201438903809, -0.37088119983673096, 0.9284961819648743, -0.01849435083568096, 0.1983558088541031, 0.09865544736385345, 0.9751523733139038),
            ["UpperTorso"] = CFrame.new(0, 1.1920928955078125e-07, 0, 1, 0, 0, 0, 1, 0, 0, 0, 1),
            ["HumanoidRootPart"] = CFrame.new(0, 0, 0, 1, 0, 0, 0, 1, 0, 0, 0, 1),
            ["RightUpperLeg"] = CFrame.new(0, 0, 0, 1, 5.232437053082073e-11, -2.3843395524636435e-07, -9.841591719350617e-08, 0.9109306335449219, -0.41255974769592285, 2.171752129243032e-07, 0.4125596880912781, 0.9109305143356323),
            ["LeftUpperArm"] = CFrame.new(0, 0, 0, 0.4996415078639984, -0.2614592909812927, -0.825831413269043, -0.49965837597846985, 0.6917843222618103, -0.5213214159011841, 0.7076015472412109, 0.673107385635376, 0.2150038629770279),
            ["RightLowerArm"] = CFrame.new(1.1920928955078125e-07, -2.384185791015625e-07, 1.4901161193847656e-07, 1, -2.60770320892334e-08, 8.940696716308594e-08, 2.6077035641947077e-08, -0.515821099281311, -0.8566963076591492, 1.6391278734317893e-07, 0.856696367263794, -0.515821099281311),
            ["LeftHand"] = CFrame.new(0, 1.7881393432617188e-07, -1.1920928955078125e-07, 0.7400065064430237, -0.34645938873291016, 0.5765034556388855, 0.0231825839728117, 0.8697561025619507, 0.4929371178150177, -0.672200083732605, -0.3514118492603302, 0.6516569256782532),
            ["LeftFoot"] = CFrame.new(-8.0596764817642e-09, 0, 1.3688268296618844e-08, 1, -3.1998673932776e-08, -1.4096163170052023e-07, -2.181018388114353e-08, 0.930623471736908, -0.36597830057144165, 1.4289301475400862e-07, 0.36597830057144165, 0.930623471736908),
            ["LowerTorso"] = CFrame.new(0, -0.13744890689849854, 0, 1, 0, 0, 0, 1, 0, 0, 0, 1),
            ["RightLowerLeg"] = CFrame.new(-4.448743595730775e-09, -0.000003635883331298828, -0.000013305048923939466, 1, -1.7113536898705206e-07, -7.233499843550817e-08, 1.711262456183249e-07, 0.6967580914497375, 0.7173059582710266, -7.235637866642719e-08, -0.7173062562942505, 0.6967583298683167),
            ["LeftUpperLeg"] = CFrame.new(0, 0, 0, 1, -2.8954620819032773e-12, 8.742364343561349e-08, 3.605902776371295e-08, 0.9109880328178406, -0.41243305802345276, -7.964067805232844e-08, 0.41243305802345276, 0.9109880328178406),
            ["LeftLowerLeg"] = CFrame.new(-2.2248721975870467e-08, 0.000003933906555175781, 0.000013337530617718585, 1, 6.270796859553229e-08, 2.650486052857559e-08, -6.270760621873706e-08, 0.6968451738357544, 0.7172216176986694, 2.650572383799954e-08, -0.7172216176986694, 0.6968451738357544),
        }},
        {Time = 0.100, Data = {
            ["RightFoot"] = CFrame.new(2.2017475842517342e-08, 2.384185791015625e-07, 3.994500730186701e-08, 1, 8.731962708452556e-08, 4.0067735085358436e-07, 6.53702869612971e-08, 0.9306298494338989, -0.36596155166625977, -4.0483794805368234e-07, 0.36596184968948364, 0.9306299686431885),
            ["LeftLowerArm"] = CFrame.new(-2.384185791015625e-07, 4.172325134277344e-07, -1.4901161193847656e-07, 1, -1.0430809993522416e-07, 8.940694584680386e-08, -2.9802322387695312e-08, -0.5087652802467346, -0.8609053492546082, 1.4901161193847656e-07, 0.8609053492546082, -0.5087653398513794),
            ["RightUpperArm"] = CFrame.new(0, 0, 0, 0.6534609794616699, 0.08504145592451096, 0.7521679997444153, 0.4172932505607605, 0.7885704636573792, -0.45168906450271606, -0.6315497756004333, 0.6090357899665833, 0.47981277108192444),
            ["Head"] = CFrame.new(0, 0, 0, 1, 0, 0, 0, 1, 0, 0, 0, 1),
            ["RightHand"] = CFrame.new(-5.960464477539063e-08, -1.7881393432617188e-07, -3.2782554626464844e-07, 0.9072498083114624, 0.35799720883369446, -0.22076205909252167, -0.3708811402320862, 0.9284961819648743, -0.018494276329874992, 0.1983557641506195, 0.09865546226501465, 0.9751524329185486),
            ["UpperTorso"] = CFrame.new(0, 1.1920928955078125e-07, 0, 1, 0, 0, 0, 1, 0, 0, 0, 1),
            ["HumanoidRootPart"] = CFrame.new(0, 0, 0, 1, 0, 0, 0, 1, 0, 0, 0, 1),
            ["RightUpperLeg"] = CFrame.new(0, 0, 0, 1, 5.232437053082073e-11, -2.3843395524636435e-07, -9.841591719350617e-08, 0.9109306335449219, -0.41255974769592285, 2.171752129243032e-07, 0.4125596880912781, 0.9109305143356323),
            ["LeftUpperArm"] = CFrame.new(0, 0, 0, 0.4996415078639984, -0.2614592909812927, -0.825831413269043, -0.49965837597846985, 0.6917843222618103, -0.5213214159011841, 0.7076015472412109, 0.673107385635376, 0.2150038629770279),
            ["RightLowerArm"] = CFrame.new(1.1920928955078125e-07, -2.384185791015625e-07, 1.4901161193847656e-07, 1, -7.078050856534901e-08, 1.3411042232291948e-07, 3.352760913344355e-08, -0.5161170363426208, -0.856518030166626, 1.341104365337742e-07, 0.8565180897712708, -0.5161170959472656),
            ["LeftHand"] = CFrame.new(0, 1.7881393432617188e-07, -1.1920928955078125e-07, 0.7400065064430237, -0.34645938873291016, 0.5765034556388855, 0.0231825839728117, 0.8697561025619507, 0.4929371178150177, -0.672200083732605, -0.3514118492603302, 0.6516569256782532),
            ["LeftFoot"] = CFrame.new(-8.0596764817642e-09, 0, 1.3688268296618844e-08, 1, -3.1998673932776e-08, -1.4096163170052023e-07, -2.181018388114353e-08, 0.930623471736908, -0.36597830057144165, 1.4289301475400862e-07, 0.36597830057144165, 0.930623471736908),
            ["LowerTorso"] = CFrame.new(0, -0.13744890689849854, 0, 1, 0, 0, 0, 1, 0, 0, 0, 1),
            ["RightLowerLeg"] = CFrame.new(-4.448743595730775e-09, -0.000003635883331298828, -0.000013305048923939466, 1, -1.7113536898705206e-07, -7.233499843550817e-08, 1.711262456183249e-07, 0.6967580914497375, 0.7173059582710266, -7.235637866642719e-08, -0.7173062562942505, 0.6967583298683167),
            ["LeftUpperLeg"] = CFrame.new(0, 0, 0, 1, -2.8954620819032773e-12, 8.742364343561349e-08, 3.605902776371295e-08, 0.9109880328178406, -0.41243305802345276, -7.964067805232844e-08, 0.41243305802345276, 0.9109880328178406),
            ["LeftLowerLeg"] = CFrame.new(-2.2248721975870467e-08, 0.000003933906555175781, 0.000013337530617718585, 1, 6.270796859553229e-08, 2.650486052857559e-08, -6.270760621873706e-08, 0.6968451738357544, 0.7172216176986694, 2.650572383799954e-08, -0.7172216176986694, 0.6968451738357544),
        }},
        {Time = 0.133, Data = {
            ["RightFoot"] = CFrame.new(2.2017475842517342e-08, 2.384185791015625e-07, 3.994500730186701e-08, 1, 8.731962708452556e-08, 4.0067735085358436e-07, 6.53702869612971e-08, 0.9306298494338989, -0.36596155166625977, -4.0483794805368234e-07, 0.36596184968948364, 0.9306299686431885),
            ["LeftLowerArm"] = CFrame.new(-2.384185791015625e-07, 4.172325134277344e-07, -1.4901161193847656e-07, 1, -1.0430809993522416e-07, 8.940694584680386e-08, -2.9802322387695312e-08, -0.5087652802467346, -0.8609053492546082, 1.4901161193847656e-07, 0.8609053492546082, -0.5087653398513794),
            ["RightUpperArm"] = CFrame.new(0, 0, 0, 0.6534609794616699, 0.08504145592451096, 0.7521679997444153, 0.4172932505607605, 0.7885704636573792, -0.45168906450271606, -0.6315497756004333, 0.6090357899665833, 0.47981277108192444),
            ["Head"] = CFrame.new(0, 0, 0, 1, 0, 0, 0, 1, 0, 0, 0, 1),
            ["RightHand"] = CFrame.new(1.7881393432617188e-07, -1.1920928955078125e-07, 1.4901161193847656e-07, 0.9072497487068176, 0.3579971492290497, -0.22076207399368286, -0.37088117003440857, 0.9284961819648743, -0.018494298681616783, 0.19835582375526428, 0.09865543246269226, 0.9751523733139038),
            ["UpperTorso"] = CFrame.new(0, 1.1920928955078125e-07, 0, 1, 0, 0, 0, 1, 0, 0, 0, 1),
            ["HumanoidRootPart"] = CFrame.new(0, 0, 0, 1, 0, 0, 0, 1, 0, 0, 0, 1),
            ["RightUpperLeg"] = CFrame.new(0, 0, 0, 1, 5.232437053082073e-11, -2.3843395524636435e-07, -9.841591719350617e-08, 0.9109306335449219, -0.41255974769592285, 2.171752129243032e-07, 0.4125596880912781, 0.9109305143356323),
            ["LeftUpperArm"] = CFrame.new(0, 0, 0, 0.4996415078639984, -0.2614592909812927, -0.825831413269043, -0.49965837597846985, 0.6917843222618103, -0.5213214159011841, 0.7076015472412109, 0.673107385635376, 0.2150038629770279),
            ["RightLowerArm"] = CFrame.new(1.1920928955078125e-07, -2.384185791015625e-07, 1.4901161193847656e-07, 1, -5.587935447692871e-08, 7.450580596923828e-08, 5.587936158235607e-08, -0.5165209770202637, -0.8562746047973633, 1.4901162614933128e-07, 0.8562746047973633, -0.5165209174156189),
            ["LeftHand"] = CFrame.new(0, 1.7881393432617188e-07, -1.1920928955078125e-07, 0.7400065064430237, -0.34645938873291016, 0.5765034556388855, 0.0231825839728117, 0.8697561025619507, 0.4929371178150177, -0.672200083732605, -0.3514118492603302, 0.6516569256782532),
            ["LeftFoot"] = CFrame.new(-8.0596764817642e-09, 0, 1.3688268296618844e-08, 1, -3.1998673932776e-08, -1.4096163170052023e-07, -2.181018388114353e-08, 0.930623471736908, -0.36597830057144165, 1.4289301475400862e-07, 0.36597830057144165, 0.930623471736908),
            ["LowerTorso"] = CFrame.new(0, -0.13744890689849854, 0, 1, 0, 0, 0, 1, 0, 0, 0, 1),
            ["RightLowerLeg"] = CFrame.new(-4.448743595730775e-09, -0.000003635883331298828, -0.000013305048923939466, 1, -1.7113536898705206e-07, -7.233499843550817e-08, 1.711262456183249e-07, 0.6967580914497375, 0.7173059582710266, -7.235637866642719e-08, -0.7173062562942505, 0.6967583298683167),
            ["LeftUpperLeg"] = CFrame.new(0, 0, 0, 1, -2.8954620819032773e-12, 8.742364343561349e-08, 3.605902776371295e-08, 0.9109880328178406, -0.41243305802345276, -7.964067805232844e-08, 0.41243305802345276, 0.9109880328178406),
            ["LeftLowerLeg"] = CFrame.new(-2.2248721975870467e-08, 0.000003933906555175781, 0.000013337530617718585, 1, 6.270796859553229e-08, 2.650486052857559e-08, -6.270760621873706e-08, 0.6968451738357544, 0.7172216176986694, 2.650572383799954e-08, -0.7172216176986694, 0.6968451738357544),
        }},
        {Time = 0.167, Data = {
            ["RightFoot"] = CFrame.new(2.2017475842517342e-08, 2.384185791015625e-07, 3.994500730186701e-08, 1, 8.731962708452556e-08, 4.0067735085358436e-07, 6.53702869612971e-08, 0.9306298494338989, -0.36596155166625977, -4.0483794805368234e-07, 0.36596184968948364, 0.9306299686431885),
            ["LeftLowerArm"] = CFrame.new(-2.384185791015625e-07, 4.172325134277344e-07, -1.4901161193847656e-07, 1, -1.0430809993522416e-07, 8.940694584680386e-08, -2.9802322387695312e-08, -0.5087652802467346, -0.8609053492546082, 1.4901161193847656e-07, 0.8609053492546082, -0.5087653398513794),
            ["RightUpperArm"] = CFrame.new(0, 0, 0, 0.6534609794616699, 0.08504145592451096, 0.7521679997444153, 0.4172932505607605, 0.7885704636573792, -0.45168906450271606, -0.6315497756004333, 0.6090357899665833, 0.47981277108192444),
            ["Head"] = CFrame.new(0, 0, 0, 1, 0, 0, 0, 1, 0, 0, 0, 1),
            ["RightHand"] = CFrame.new(-4.76837158203125e-07, 1.1920928955078125e-07, -1.1920928955078125e-07, 0.9072498083114624, 0.3579971492290497, -0.22076205909252167, -0.3708811402320862, 0.928496241569519, -0.018494343385100365, 0.1983558088541031, 0.09865546226501465, 0.975152313709259),
            ["UpperTorso"] = CFrame.new(0, 1.1920928955078125e-07, 0, 1, 0, 0, 0, 1, 0, 0, 0, 1),
            ["HumanoidRootPart"] = CFrame.new(0, 0, 0, 1, 0, 0, 0, 1, 0, 0, 0, 1),
            ["RightUpperLeg"] = CFrame.new(0, 0, 0, 1, 5.232437053082073e-11, -2.3843395524636435e-07, -9.841591719350617e-08, 0.9109306335449219, -0.41255974769592285, 2.171752129243032e-07, 0.4125596880912781, 0.9109305143356323),
            ["LeftUpperArm"] = CFrame.new(0, 0, 0, 0.4996415078639984, -0.2614592909812927, -0.825831413269043, -0.49965837597846985, 0.6917843222618103, -0.5213214159011841, 0.7076015472412109, 0.673107385635376, 0.2150038629770279),
            ["RightLowerArm"] = CFrame.new(1.1920928955078125e-07, -2.384185791015625e-07, 1.4901161193847656e-07, 1, -9.313224325069314e-08, 1.0430809993522416e-07, 3.352760913344355e-08, -0.5170261263847351, -0.8559696674346924, 1.341104365337742e-07, 0.8559696078300476, -0.5170261263847351),
            ["LeftHand"] = CFrame.new(0, 1.7881393432617188e-07, -1.1920928955078125e-07, 0.7400065064430237, -0.34645938873291016, 0.5765034556388855, 0.0231825839728117, 0.8697561025619507, 0.4929371178150177, -0.672200083732605, -0.3514118492603302, 0.6516569256782532),
            ["LeftFoot"] = CFrame.new(-8.0596764817642e-09, 0, 1.3688268296618844e-08, 1, -3.1998673932776e-08, -1.4096163170052023e-07, -2.181018388114353e-08, 0.930623471736908, -0.36597830057144165, 1.4289301475400862e-07, 0.36597830057144165, 0.930623471736908),
            ["LowerTorso"] = CFrame.new(0, -0.13744890689849854, 0, 1, 0, 0, 0, 1, 0, 0, 0, 1),
            ["RightLowerLeg"] = CFrame.new(-4.448743595730775e-09, -0.000003635883331298828, -0.000013305048923939466, 1, -1.7113536898705206e-07, -7.233499843550817e-08, 1.711262456183249e-07, 0.6967580914497375, 0.7173059582710266, -7.235637866642719e-08, -0.7173062562942505, 0.6967583298683167),
            ["LeftUpperLeg"] = CFrame.new(0, 0, 0, 1, -2.8954620819032773e-12, 8.742364343561349e-08, 3.605902776371295e-08, 0.9109880328178406, -0.41243305802345276, -7.964067805232844e-08, 0.41243305802345276, 0.9109880328178406),
            ["LeftLowerLeg"] = CFrame.new(-2.2248721975870467e-08, 0.000003933906555175781, 0.000013337530617718585, 1, 6.270796859553229e-08, 2.650486052857559e-08, -6.270760621873706e-08, 0.6968451738357544, 0.7172216176986694, 2.650572383799954e-08, -0.7172216176986694, 0.6968451738357544),
        }},
        {Time = 0.200, Data = {
            ["RightFoot"] = CFrame.new(2.2017475842517342e-08, 2.384185791015625e-07, 3.994500730186701e-08, 1, 8.731962708452556e-08, 4.0067735085358436e-07, 6.53702869612971e-08, 0.9306298494338989, -0.36596155166625977, -4.0483794805368234e-07, 0.36596184968948364, 0.9306299686431885),
            ["LeftLowerArm"] = CFrame.new(-2.384185791015625e-07, 4.172325134277344e-07, -1.4901161193847656e-07, 1, -1.0430809993522416e-07, 8.940694584680386e-08, -2.9802322387695312e-08, -0.5087652802467346, -0.8609053492546082, 1.4901161193847656e-07, 0.8609053492546082, -0.5087653398513794),
            ["RightUpperArm"] = CFrame.new(0, 0, 0, 0.6534609794616699, 0.08504145592451096, 0.7521679997444153, 0.4172932505607605, 0.7885704636573792, -0.45168906450271606, -0.6315497756004333, 0.6090357899665833, 0.47981277108192444),
            ["Head"] = CFrame.new(0, 0, 0, 1, 0, 0, 0, 1, 0, 0, 0, 1),
            ["RightHand"] = CFrame.new(1.1920928955078125e-07, 1.1920928955078125e-07, 2.682209014892578e-07, 0.9072498083114624, 0.35799717903137207, -0.22076205909252167, -0.37088117003440857, 0.928496241569519, -0.018494293093681335, 0.19835582375526428, 0.09865544736385345, 0.9751523733139038),
            ["UpperTorso"] = CFrame.new(0, 1.1920928955078125e-07, 0, 1, 0, 0, 0, 1, 0, 0, 0, 1),
            ["HumanoidRootPart"] = CFrame.new(0, 0, 0, 1, 0, 0, 0, 1, 0, 0, 0, 1),
            ["RightUpperLeg"] = CFrame.new(0, 0, 0, 1, 5.232437053082073e-11, -2.3843395524636435e-07, -9.841591719350617e-08, 0.9109306335449219, -0.41255974769592285, 2.171752129243032e-07, 0.4125596880912781, 0.9109305143356323),
            ["LeftUpperArm"] = CFrame.new(0, 0, 0, 0.4996415078639984, -0.2614592909812927, -0.825831413269043, -0.49965837597846985, 0.6917843222618103, -0.5213214159011841, 0.7076015472412109, 0.673107385635376, 0.2150038629770279),
            ["RightLowerArm"] = CFrame.new(1.1920928955078125e-07, -2.384185791015625e-07, 1.4901161193847656e-07, 1, -4.842878098543224e-08, 1.1920930376163597e-07, 5.587936158235607e-08, -0.5176259875297546, -0.8556070923805237, 1.4901162614933128e-07, 0.8556070327758789, -0.5176259875297546),
            ["LeftHand"] = CFrame.new(0, 1.7881393432617188e-07, -1.1920928955078125e-07, 0.7400065064430237, -0.34645938873291016, 0.5765034556388855, 0.0231825839728117, 0.8697561025619507, 0.4929371178150177, -0.672200083732605, -0.3514118492603302, 0.6516569256782532),
            ["LeftFoot"] = CFrame.new(-8.0596764817642e-09, 0, 1.3688268296618844e-08, 1, -3.1998673932776e-08, -1.4096163170052023e-07, -2.181018388114353e-08, 0.930623471736908, -0.36597830057144165, 1.4289301475400862e-07, 0.36597830057144165, 0.930623471736908),
            ["LowerTorso"] = CFrame.new(0, -0.13744890689849854, 0, 1, 0, 0, 0, 1, 0, 0, 0, 1),
            ["RightLowerLeg"] = CFrame.new(-4.448743595730775e-09, -0.000003635883331298828, -0.000013305048923939466, 1, -1.7113536898705206e-07, -7.233499843550817e-08, 1.711262456183249e-07, 0.6967580914497375, 0.7173059582710266, -7.235637866642719e-08, -0.7173062562942505, 0.6967583298683167),
            ["LeftUpperLeg"] = CFrame.new(0, 0, 0, 1, -2.8954620819032773e-12, 8.742364343561349e-08, 3.605902776371295e-08, 0.9109880328178406, -0.41243305802345276, -7.964067805232844e-08, 0.41243305802345276, 0.9109880328178406),
            ["LeftLowerLeg"] = CFrame.new(-2.2248721975870467e-08, 0.000003933906555175781, 0.000013337530617718585, 1, 6.270796859553229e-08, 2.650486052857559e-08, -6.270760621873706e-08, 0.6968451738357544, 0.7172216176986694, 2.650572383799954e-08, -0.7172216176986694, 0.6968451738357544),
        }},
        {Time = 0.233, Data = {
            ["RightFoot"] = CFrame.new(2.2017475842517342e-08, 2.384185791015625e-07, 3.994500730186701e-08, 1, 8.731962708452556e-08, 4.0067735085358436e-07, 6.53702869612971e-08, 0.9306298494338989, -0.36596155166625977, -4.0483794805368234e-07, 0.36596184968948364, 0.9306299686431885),
            ["LeftLowerArm"] = CFrame.new(-2.384185791015625e-07, 4.172325134277344e-07, -1.4901161193847656e-07, 1, -1.0430809993522416e-07, 8.940694584680386e-08, -2.9802322387695312e-08, -0.5087652802467346, -0.8609053492546082, 1.4901161193847656e-07, 0.8609053492546082, -0.5087653398513794),
            ["RightUpperArm"] = CFrame.new(0, 0, 0, 0.6534609794616699, 0.08504145592451096, 0.7521679997444153, 0.4172932505607605, 0.7885704636573792, -0.45168906450271606, -0.6315497756004333, 0.6090357899665833, 0.47981277108192444),
            ["Head"] = CFrame.new(0, 0, 0, 1, 0, 0, 0, 1, 0, 0, 0, 1),
            ["RightHand"] = CFrame.new(0, 3.5762786865234375e-07, 0, 0.9072497487068176, 0.35799717903137207, -0.2207619845867157, -0.37088117003440857, 0.928496241569519, -0.018494244664907455, 0.1983557939529419, 0.09865538775920868, 0.9751523733139038),
            ["UpperTorso"] = CFrame.new(0, 1.1920928955078125e-07, 0, 1, 0, 0, 0, 1, 0, 0, 0, 1),
            ["HumanoidRootPart"] = CFrame.new(0, 0, 0, 1, 0, 0, 0, 1, 0, 0, 0, 1),
            ["RightUpperLeg"] = CFrame.new(0, 0, 0, 1, 5.232437053082073e-11, -2.3843395524636435e-07, -9.841591719350617e-08, 0.9109306335449219, -0.41255974769592285, 2.171752129243032e-07, 0.4125596880912781, 0.9109305143356323),
            ["LeftUpperArm"] = CFrame.new(0, 0, 0, 0.4996415078639984, -0.2614592909812927, -0.825831413269043, -0.49965837597846985, 0.6917843222618103, -0.5213214159011841, 0.7076015472412109, 0.673107385635376, 0.2150038629770279),
            ["RightLowerArm"] = CFrame.new(1.1920928955078125e-07, -2.384185791015625e-07, 1.4901161193847656e-07, 1, -1.1548399925231934e-07, 1.0430811414607888e-07, 5.960464477539063e-08, -0.5183143019676208, -0.8551902770996094, 1.6391277313232422e-07, 0.8551902770996094, -0.5183143019676208),
            ["LeftHand"] = CFrame.new(0, 1.7881393432617188e-07, -1.1920928955078125e-07, 0.7400065064430237, -0.34645938873291016, 0.5765034556388855, 0.0231825839728117, 0.8697561025619507, 0.4929371178150177, -0.672200083732605, -0.3514118492603302, 0.6516569256782532),
            ["LeftFoot"] = CFrame.new(-8.0596764817642e-09, 0, 1.3688268296618844e-08, 1, -3.1998673932776e-08, -1.4096163170052023e-07, -2.181018388114353e-08, 0.930623471736908, -0.36597830057144165, 1.4289301475400862e-07, 0.36597830057144165, 0.930623471736908),
            ["LowerTorso"] = CFrame.new(0, -0.13744890689849854, 0, 1, 0, 0, 0, 1, 0, 0, 0, 1),
            ["RightLowerLeg"] = CFrame.new(-4.448743595730775e-09, -0.000003635883331298828, -0.000013305048923939466, 1, -1.7113536898705206e-07, -7.233499843550817e-08, 1.711262456183249e-07, 0.6967580914497375, 0.7173059582710266, -7.235637866642719e-08, -0.7173062562942505, 0.6967583298683167),
            ["LeftUpperLeg"] = CFrame.new(0, 0, 0, 1, -2.8954620819032773e-12, 8.742364343561349e-08, 3.605902776371295e-08, 0.9109880328178406, -0.41243305802345276, -7.964067805232844e-08, 0.41243305802345276, 0.9109880328178406),
            ["LeftLowerLeg"] = CFrame.new(-2.2248721975870467e-08, 0.000003933906555175781, 0.000013337530617718585, 1, 6.270796859553229e-08, 2.650486052857559e-08, -6.270760621873706e-08, 0.6968451738357544, 0.7172216176986694, 2.650572383799954e-08, -0.7172216176986694, 0.6968451738357544),
        }},
        {Time = 0.267, Data = {
            ["RightFoot"] = CFrame.new(2.2017475842517342e-08, 2.384185791015625e-07, 3.994500730186701e-08, 1, 8.731962708452556e-08, 4.0067735085358436e-07, 6.53702869612971e-08, 0.9306298494338989, -0.36596155166625977, -4.0483794805368234e-07, 0.36596184968948364, 0.9306299686431885),
            ["LeftLowerArm"] = CFrame.new(-2.384185791015625e-07, 4.172325134277344e-07, -1.4901161193847656e-07, 1, -1.0430809993522416e-07, 8.940694584680386e-08, -2.9802322387695312e-08, -0.5087652802467346, -0.8609053492546082, 1.4901161193847656e-07, 0.8609053492546082, -0.5087653398513794),
            ["RightUpperArm"] = CFrame.new(0, 0, 0, 0.6534609794616699, 0.08504145592451096, 0.7521679997444153, 0.4172932505607605, 0.7885704636573792, -0.45168906450271606, -0.6315497756004333, 0.6090357899665833, 0.47981277108192444),
            ["Head"] = CFrame.new(0, 0, 0, 1, 0, 0, 0, 1, 0, 0, 0, 1),
            ["RightHand"] = CFrame.new(-3.5762786865234375e-07, 5.960464477539063e-08, -2.086162567138672e-07, 0.9072498083114624, 0.3579971492290497, -0.22076214849948883, -0.37088119983673096, 0.928496241569519, -0.018494324758648872, 0.1983557790517807, 0.09865549206733704, 0.9751524329185486),
            ["UpperTorso"] = CFrame.new(0, 1.1920928955078125e-07, 0, 1, 0, 0, 0, 1, 0, 0, 0, 1),
            ["HumanoidRootPart"] = CFrame.new(0, 0, 0, 1, 0, 0, 0, 1, 0, 0, 0, 1),
            ["RightUpperLeg"] = CFrame.new(0, 0, 0, 1, 5.232437053082073e-11, -2.3843395524636435e-07, -9.841591719350617e-08, 0.9109306335449219, -0.41255974769592285, 2.171752129243032e-07, 0.4125596880912781, 0.9109305143356323),
            ["LeftUpperArm"] = CFrame.new(0, 0, 0, 0.4996415078639984, -0.2614592909812927, -0.825831413269043, -0.49965837597846985, 0.6917843222618103, -0.5213214159011841, 0.7076015472412109, 0.673107385635376, 0.2150038629770279),
            ["RightLowerArm"] = CFrame.new(1.1920928955078125e-07, -2.384185791015625e-07, 1.4901161193847656e-07, 1, -8.195640788244418e-08, 7.4505820180093e-08, 1.862645504502325e-08, -0.5190837383270264, -0.8547233939170837, 1.7881397695873602e-07, 0.8547233939170837, -0.5190837979316711),
            ["LeftHand"] = CFrame.new(0, 1.7881393432617188e-07, -1.1920928955078125e-07, 0.7400065064430237, -0.34645938873291016, 0.5765034556388855, 0.0231825839728117, 0.8697561025619507, 0.4929371178150177, -0.672200083732605, -0.3514118492603302, 0.6516569256782532),
            ["LeftFoot"] = CFrame.new(-8.0596764817642e-09, 0, 1.3688268296618844e-08, 1, -3.1998673932776e-08, -1.4096163170052023e-07, -2.181018388114353e-08, 0.930623471736908, -0.36597830057144165, 1.4289301475400862e-07, 0.36597830057144165, 0.930623471736908),
            ["LowerTorso"] = CFrame.new(0, -0.13744890689849854, 0, 1, 0, 0, 0, 1, 0, 0, 0, 1),
            ["RightLowerLeg"] = CFrame.new(-4.448743595730775e-09, -0.000003635883331298828, -0.000013305048923939466, 1, -1.7113536898705206e-07, -7.233499843550817e-08, 1.711262456183249e-07, 0.6967580914497375, 0.7173059582710266, -7.235637866642719e-08, -0.7173062562942505, 0.6967583298683167),
            ["LeftUpperLeg"] = CFrame.new(0, 0, 0, 1, -2.8954620819032773e-12, 8.742364343561349e-08, 3.605902776371295e-08, 0.9109880328178406, -0.41243305802345276, -7.964067805232844e-08, 0.41243305802345276, 0.9109880328178406),
            ["LeftLowerLeg"] = CFrame.new(-2.2248721975870467e-08, 0.000003933906555175781, 0.000013337530617718585, 1, 6.270796859553229e-08, 2.650486052857559e-08, -6.270760621873706e-08, 0.6968451738357544, 0.7172216176986694, 2.650572383799954e-08, -0.7172216176986694, 0.6968451738357544),
        }},
        {Time = 0.300, Data = {
            ["RightFoot"] = CFrame.new(2.2017475842517342e-08, 2.384185791015625e-07, 3.994500730186701e-08, 1, 8.731962708452556e-08, 4.0067735085358436e-07, 6.53702869612971e-08, 0.9306298494338989, -0.36596155166625977, -4.0483794805368234e-07, 0.36596184968948364, 0.9306299686431885),
            ["LeftLowerArm"] = CFrame.new(-2.384185791015625e-07, 4.172325134277344e-07, -1.4901161193847656e-07, 1, -1.0430809993522416e-07, 8.940694584680386e-08, -2.9802322387695312e-08, -0.5087652802467346, -0.8609053492546082, 1.4901161193847656e-07, 0.8609053492546082, -0.5087653398513794),
            ["RightUpperArm"] = CFrame.new(0, 0, 0, 0.6534609794616699, 0.08504145592451096, 0.7521679997444153, 0.4172932505607605, 0.7885704636573792, -0.45168906450271606, -0.6315497756004333, 0.6090357899665833, 0.47981277108192444),
            ["Head"] = CFrame.new(0, 0, 0, 1, 0, 0, 0, 1, 0, 0, 0, 1),
            ["RightHand"] = CFrame.new(-1.1920928955078125e-07, 2.980232238769531e-07, 1.7881393432617188e-07, 0.9072497487068176, 0.35799720883369446, -0.22076201438903809, -0.37088119983673096, 0.9284961819648743, -0.01849433407187462, 0.1983557641506195, 0.09865538775920868, 0.9751523733139038),
            ["UpperTorso"] = CFrame.new(0, 1.1920928955078125e-07, 0, 1, 0, 0, 0, 1, 0, 0, 0, 1),
            ["HumanoidRootPart"] = CFrame.new(0, 0, 0, 1, 0, 0, 0, 1, 0, 0, 0, 1),
            ["RightUpperLeg"] = CFrame.new(0, 0, 0, 1, 5.232437053082073e-11, -2.3843395524636435e-07, -9.841591719350617e-08, 0.9109306335449219, -0.41255974769592285, 2.171752129243032e-07, 0.4125596880912781, 0.9109305143356323),
            ["LeftUpperArm"] = CFrame.new(0, 0, 0, 0.4996415078639984, -0.2614592909812927, -0.825831413269043, -0.49965837597846985, 0.6917843222618103, -0.5213214159011841, 0.7076015472412109, 0.673107385635376, 0.2150038629770279),
            ["RightLowerArm"] = CFrame.new(1.1920928955078125e-07, -2.384185791015625e-07, 1.4901161193847656e-07, 1, -8.940698137394065e-08, 1.3411042232291948e-07, 5.960464477539063e-08, -0.5199281573295593, -0.8542099595069885, 1.6391277313232422e-07, 0.8542100787162781, -0.5199282169342041),
            ["LeftHand"] = CFrame.new(0, 1.7881393432617188e-07, -1.1920928955078125e-07, 0.7400065064430237, -0.34645938873291016, 0.5765034556388855, 0.0231825839728117, 0.8697561025619507, 0.4929371178150177, -0.672200083732605, -0.3514118492603302, 0.6516569256782532),
            ["LeftFoot"] = CFrame.new(-8.0596764817642e-09, 0, 1.3688268296618844e-08, 1, -3.1998673932776e-08, -1.4096163170052023e-07, -2.181018388114353e-08, 0.930623471736908, -0.36597830057144165, 1.4289301475400862e-07, 0.36597830057144165, 0.930623471736908),
            ["LowerTorso"] = CFrame.new(0, -0.13744890689849854, 0, 1, 0, 0, 0, 1, 0, 0, 0, 1),
            ["RightLowerLeg"] = CFrame.new(-4.448743595730775e-09, -0.000003635883331298828, -0.000013305048923939466, 1, -1.7113536898705206e-07, -7.233499843550817e-08, 1.711262456183249e-07, 0.6967580914497375, 0.7173059582710266, -7.235637866642719e-08, -0.7173062562942505, 0.6967583298683167),
            ["LeftUpperLeg"] = CFrame.new(0, 0, 0, 1, -2.8954620819032773e-12, 8.742364343561349e-08, 3.605902776371295e-08, 0.9109880328178406, -0.41243305802345276, -7.964067805232844e-08, 0.41243305802345276, 0.9109880328178406),
            ["LeftLowerLeg"] = CFrame.new(-2.2248721975870467e-08, 0.000003933906555175781, 0.000013337530617718585, 1, 6.270796859553229e-08, 2.650486052857559e-08, -6.270760621873706e-08, 0.6968451738357544, 0.7172216176986694, 2.650572383799954e-08, -0.7172216176986694, 0.6968451738357544),
        }},
        {Time = 0.333, Data = {
            ["RightFoot"] = CFrame.new(2.2017475842517342e-08, 2.384185791015625e-07, 3.994500730186701e-08, 1, 8.731962708452556e-08, 4.0067735085358436e-07, 6.53702869612971e-08, 0.9306298494338989, -0.36596155166625977, -4.0483794805368234e-07, 0.36596184968948364, 0.9306299686431885),
            ["LeftLowerArm"] = CFrame.new(-2.384185791015625e-07, 4.172325134277344e-07, -1.4901161193847656e-07, 1, -1.0430809993522416e-07, 8.940694584680386e-08, -2.9802322387695312e-08, -0.5087652802467346, -0.8609053492546082, 1.4901161193847656e-07, 0.8609053492546082, -0.5087653398513794),
            ["RightUpperArm"] = CFrame.new(0, 0, 0, 0.6534609794616699, 0.08504145592451096, 0.7521679997444153, 0.4172932505607605, 0.7885704636573792, -0.45168906450271606, -0.6315497756004333, 0.6090357899665833, 0.47981277108192444),
            ["Head"] = CFrame.new(0, 0, 0, 1, 0, 0, 0, 1, 0, 0, 0, 1),
            ["RightHand"] = CFrame.new(1.1920928955078125e-07, 2.980232238769531e-07, -2.9802322387695312e-08, 0.9072497487068176, 0.3579971492290497, -0.22076205909252167, -0.3708811402320862, 0.928496241569519, -0.018494276329874992, 0.19835583865642548, 0.09865546226501465, 0.9751524329185486),
            ["UpperTorso"] = CFrame.new(0, 1.1920928955078125e-07, 0, 1, 0, 0, 0, 1, 0, 0, 0, 1),
            ["HumanoidRootPart"] = CFrame.new(0, 0, 0, 1, 0, 0, 0, 1, 0, 0, 0, 1),
            ["RightUpperLeg"] = CFrame.new(0, 0, 0, 1, 5.232437053082073e-11, -2.3843395524636435e-07, -9.841591719350617e-08, 0.9109306335449219, -0.41255974769592285, 2.171752129243032e-07, 0.4125596880912781, 0.9109305143356323),
            ["LeftUpperArm"] = CFrame.new(0, 0, 0, 0.4996415078639984, -0.2614592909812927, -0.825831413269043, -0.49965837597846985, 0.6917843222618103, -0.5213214159011841, 0.7076015472412109, 0.673107385635376, 0.2150038629770279),
            ["RightLowerArm"] = CFrame.new(1.1920928955078125e-07, -2.384185791015625e-07, 1.4901161193847656e-07, 1, -9.313223614526578e-08, 1.1920923270736239e-07, 5.960464477539063e-08, -0.5208402872085571, -0.853654146194458, 1.6391277313232422e-07, 0.8536542057991028, -0.5208402872085571),
            ["LeftHand"] = CFrame.new(0, 1.7881393432617188e-07, -1.1920928955078125e-07, 0.7400065064430237, -0.34645938873291016, 0.5765034556388855, 0.0231825839728117, 0.8697561025619507, 0.4929371178150177, -0.672200083732605, -0.3514118492603302, 0.6516569256782532),
            ["LeftFoot"] = CFrame.new(-8.0596764817642e-09, 0, 1.3688268296618844e-08, 1, -3.1998673932776e-08, -1.4096163170052023e-07, -2.181018388114353e-08, 0.930623471736908, -0.36597830057144165, 1.4289301475400862e-07, 0.36597830057144165, 0.930623471736908),
            ["LowerTorso"] = CFrame.new(0, -0.13744890689849854, 0, 1, 0, 0, 0, 1, 0, 0, 0, 1),
            ["RightLowerLeg"] = CFrame.new(-4.448743595730775e-09, -0.000003635883331298828, -0.000013305048923939466, 1, -1.7113536898705206e-07, -7.233499843550817e-08, 1.711262456183249e-07, 0.6967580914497375, 0.7173059582710266, -7.235637866642719e-08, -0.7173062562942505, 0.6967583298683167),
            ["LeftUpperLeg"] = CFrame.new(0, 0, 0, 1, -2.8954620819032773e-12, 8.742364343561349e-08, 3.605902776371295e-08, 0.9109880328178406, -0.41243305802345276, -7.964067805232844e-08, 0.41243305802345276, 0.9109880328178406),
