return {
    ["Heart Attack"] = {
        {Time = 0.000, Data = {
            ["RightFoot"] = CFrame.new(-8.586357580497861e-08, 2.980232238769531e-07, -3.9217411540448666e-09, 0.9693650007247925, 0.0427958108484745, 0.24186810851097107, 0.023903008550405502, 0.9635947346687317, -0.26629602909088135, -0.2444591224193573, 0.2639199197292328, 0.9330521821975708),
            ["LeftLowerArm"] = CFrame.new(0.000021219253540039062, -1.7881393432617188e-07, -1.4901161193847656e-07, 1, 0.000016454609067295678, -0.000035189099435228854, -0.00002749263876467012, -0.3415573835372925, -0.939860999584198, -0.00002747773760347627, 0.9398609399795532, -0.3415573537349701),
            ["RightUpperArm"] = CFrame.new(0, 0, -6.51925802230835e-08, 0.997471272945404, -0.003681798931211233, 0.07097648829221725, 0.060425326228141785, 0.5696849226951599, -0.8196390271186829, -0.03741654008626938, 0.8218550086021423, 0.5684666633605957),
            ["Head"] = CFrame.new(1.3969838619232178e-09, 1.1920928955078125e-07, 0, 0.919785737991333, -0.0024381340481340885, 0.3924134373664856, 0.006025785580277443, 0.999950647354126, -0.007911033928394318, -0.3923746645450592, 0.009641079232096672, 0.9197550415992737),
            ["RightHand"] = CFrame.new(-1.1920928955078125e-07, 3.5762786865234375e-07, -7.450580596923828e-08, 0.980796754360199, -0.00280192238278687, 0.19501285254955292, 0.019425496459007263, 0.9963282942771912, -0.08338335901498795, -0.19406303763389587, 0.0855703353881836, 0.9772499203681946),
            ["UpperTorso"] = CFrame.new(1.294739315760296e-11, -8.940696716308594e-08, -3.8577380179205534e-10, 0.9699927568435669, -0.03747187927365303, -0.24022896587848663, 0.03683992475271225, 0.9992957711219788, -0.007122502662241459, 0.2403266280889511, -0.0019412111723795533, 0.970690131187439),
            ["HumanoidRootPart"] = CFrame.new(0, 0, 0, 1, 0, 0, 0, 1, 0, 0, 0, 1),
            ["RightUpperLeg"] = CFrame.new(1.1920928955078125e-07, 3.3527612686157227e-08, -5.715264705941081e-09, 0.8706326484680176, -0.3062743842601776, -0.3849610388278961, 0.07623983919620514, 0.8570979237556458, -0.5094810128211975, 0.48599016666412354, 0.4142210781574249, 0.7695675492286682),
            ["LeftUpperArm"] = CFrame.new(0, -1.1920928955078125e-07, -2.421438694000244e-08, 0.889237105846405, -0.28948891162872314, -0.3541944622993469, -0.15883690118789673, 0.5307132601737976, -0.832534909248352, 0.42898526787757874, 0.7965800166130066, 0.4259484112262726),
            ["RightLowerArm"] = CFrame.new(-1.4901161193847656e-07, 5.960464477539063e-08, -2.337619662284851e-07, 1, -4.8428766774577525e-08, 2.244487120606209e-07, 1.7881390590446244e-07, -0.34155741333961487, -0.9398608207702637, 1.3038514623531228e-07, 0.9398609399795532, -0.34155768156051636),
            ["LeftHand"] = CFrame.new(1.4901161193847656e-07, -4.172325134277344e-07, 8.940696716308594e-08, 0.9807283878326416, 0.0028318839613348246, -0.195355623960495, -0.019338656216859818, 0.9963918328285217, -0.08264042437076569, 0.19441670179367065, 0.08482584357261658, 0.97724449634552),
            ["LeftFoot"] = CFrame.new(-4.2832446922602685e-08, -7.771561172376096e-16, -6.484324188704704e-08, 0.9962140321731567, -0.08126447349786758, -0.03088250569999218, 0.07302318513393402, 0.9749771356582642, -0.20996975898742676, 0.047172583639621735, 0.20691975951194763, 0.9772199988365173),
            ["LowerTorso"] = CFrame.new(6.856026857349207e-11, -0.11779224872589111, -5.485128323767796e-11, 0.9862194657325745, 0.04270106926560402, -0.15983690321445465, -0.0421510674059391, 0.9990879893302917, 0.006831437349319458, 0.1599828153848648, 3.394547143376059e-10, 0.9871199131011963),
            ["RightLowerLeg"] = CFrame.new(-6.332993507385254e-08, -0.000003933906555175781, -0.000012964788766112179, 1, -0.000003322956217743922, -0.0000013140954706614139, 0.0000033117826205852907, 0.7129442691802979, 0.7012200951576233, -0.0000012814997489840607, -0.7012206315994263, 0.7129448056221008),
            ["LeftUpperLeg"] = CFrame.new(-2.3092638912203256e-14, -1.862645149230957e-08, -7.450580596923828e-09, 0.8983569145202637, 0.2855002284049988, 0.33383333683013916, -0.04608562961220741, 0.8170432448387146, -0.5747321248054504, -0.4368421733379364, 0.5009292364120483, 0.7471535205841064),
            ["LeftLowerLeg"] = CFrame.new(4.976566714276487e-08, 0.000003635883331298828, 0.000013050364941591397, 1, -0.000004038212864543311, -0.0000029318039196368773, 0.00000406801700592041, 0.3332640528678894, 0.9428334832191467, -0.0000028423964977264404, -0.9428335428237915, 0.3332642614841461),
        }},
        {Time = 0.033, Data = {
            ["RightFoot"] = CFrame.new(-2.4258042685687542e-08, 2.980232238769531e-07, -4.311368684284389e-08, 0.9689256548881531, 0.0493338368833065, 0.24238288402557373, 0.015038104727864265, 0.9663469791412354, -0.25680214166641235, -0.24689504504203796, 0.2524675726890564, 0.9355763792991638),
            ["LeftLowerArm"] = CFrame.new(0.00002104043960571289, -2.384185791015625e-07, 2.980232238769531e-07, 1, 0.000013697894246433862, -0.00003643892705440521, -0.000027440491976449266, -0.4131520092487335, -0.9106621146202087, -0.000027492646040627733, 0.9106621742248535, -0.41315197944641113),
            ["RightUpperArm"] = CFrame.new(-5.960464477539063e-08, -1.1920928955078125e-07, 4.062894731760025e-08, 0.9969184398651123, -0.00007357409776886925, 0.07844532281160355, 0.06915628165006638, 0.47284916043281555, -0.8784254193305969, -0.03702818229794502, 0.88114333152771, 0.47139713168144226),
            ["Head"] = CFrame.new(4.656612873077393e-10, 1.1920928955078125e-07, -1.280568540096283e-09, 0.9151845574378967, -0.024194058030843735, 0.4023081362247467, 0.027622368186712265, 0.9996147751808167, -0.002721305238083005, -0.40208736062049866, 0.013603225350379944, 0.9155002236366272),
            ["RightHand"] = CFrame.new(6.332993507385254e-08, -4.172325134277344e-07, -7.450580596923828e-09, 0.9826170206069946, 0.002345497952774167, 0.18562954664230347, 0.014588568359613419, 0.9958523511886597, -0.08980663120746613, -0.18507033586502075, 0.09095357358455658, 0.9785073399543762),
            ["UpperTorso"] = CFrame.new(-6.6356733441352844e-09, 2.086162567138672e-07, 1.0477378964424133e-09, 0.9688385128974915, -0.03614348545670509, -0.2450423389673233, 0.034587562084198, 0.9993449449539185, -0.010651390999555588, 0.24526675045490265, 0.0018440914573147893, 0.9694538712501526),
            ["HumanoidRootPart"] = CFrame.new(0, 0, 0, 1, 0, 0, 0, 1, 0, 0, 0, 1),
            ["RightUpperLeg"] = CFrame.new(5.960464477539063e-08, 6.208392733242363e-08, -2.573870006017387e-08, 0.8727352023124695, -0.30176812410354614, -0.38375696539878845, 0.08102728426456451, 0.8647088408470154, -0.49569466710090637, 0.4814228415489197, 0.40151527523994446, 0.7791132926940918),
            ["LeftUpperArm"] = CFrame.new(-5.960464477539063e-08, -2.384185791015625e-07, -2.0838342607021332e-08, 0.9027078747749329, -0.27594029903411865, -0.330114483833313, -0.16603319346904755, 0.4844125807285309, -0.8589397072792053, 0.39692777395248413, 0.8301815986633301, 0.39146777987480164),
            ["RightLowerArm"] = CFrame.new(2.384185791015625e-07, 2.980232238769531e-07, -4.200264811515808e-07, 1, -3.7252920748187535e-08, 2.1047902976079058e-07, 1.1920926112907182e-07, -0.4134831428527832, -0.9105117321014404, 1.0058281674218961e-07, 0.9105117917060852, -0.4134833812713623),
            ["LeftHand"] = CFrame.new(-2.9802322387695312e-08, 4.172325134277344e-07, 3.3527612686157227e-08, 0.9835629463195801, -0.003285334212705493, -0.18053585290908813, -0.012014944106340408, 0.9964277744293213, -0.08359035849571228, 0.18016555905342102, 0.08438564091920853, 0.9800099730491638),
            ["LeftFoot"] = CFrame.new(2.530407883227781e-08, -5.960464477539063e-08, -3.673236648182865e-08, 0.9941760301589966, -0.10076343268156052, -0.03822176903486252, 0.09158061444759369, 0.976870059967041, -0.19323065876960754, 0.056808218359947205, 0.18860474228858948, 0.9804086685180664),
            ["LowerTorso"] = CFrame.new(-0.008178846910595894, -0.11065757274627686, -0.009765205904841423, 0.9853733777999878, 0.040681082755327225, -0.16548287868499756, -0.040081772953271866, 0.9991722702980042, 0.006960831116884947, 0.1656290739774704, -0.00022617065405938774, 0.9861881136894226),
            ["RightLowerLeg"] = CFrame.new(1.0803341865539551e-07, -0.0000040531158447265625, -0.000012979689927306026, 1, -0.0000031217921332427068, -0.0000011604277005972108, 0.0000030957157832744997, 0.7312952876091003, 0.6820606589317322, -0.0000011753289754778962, -0.6820610761642456, 0.7312955856323242),
            ["LeftUpperLeg"] = CFrame.new(-3.885780586188048e-14, -6.2535036704503e-08, -1.257285475730896e-08, 0.9139266610145569, 0.27619367837905884, 0.2974141836166382, -0.059721801429986954, 0.8162980675697327, -0.5745354890823364, -0.40146154165267944, 0.5073211789131165, 0.7625312209129333),
            ["LeftLowerLeg"] = CFrame.new(1.3917264141127816e-07, 0.000004112720489501953, 0.000013087617844576016, 1, -0.000003367663339304272, -0.000002373010829614941, 0.000003464520432316931, 0.37081262469291687, 0.9287078976631165, -0.0000021979215034662047, -0.9287077188491821, 0.37081244587898254),
        }},
        {Time = 0.067, Data = {
            ["RightFoot"] = CFrame.new(7.872586138546467e-09, 2.980232238769531e-07, -5.391484592109919e-09, 0.9675595760345459, 0.06664947420358658, 0.2436935007572174, -0.008955166675150394, 0.9730164408683777, -0.23056170344352722, -0.252484530210495, 0.22090032696723938, 0.9420482516288757),
            ["LeftLowerArm"] = CFrame.new(0.0000209808349609375, -5.960464477539063e-08, -5.960464477539063e-08, 1, 0.00000836839808471268, -0.000037943944334983826, -0.000027500096621224657, -0.5401536226272583, -0.8415664434432983, -0.000027500096621224657, 0.8415664434432983, -0.5401536822319031),
            ["RightUpperArm"] = CFrame.new(0, 1.1920928955078125e-07, 6.705522537231445e-08, 0.9953880310058594, 0.005735034588724375, 0.09575938433408737, 0.09044981747865677, 0.2764754593372345, -0.9567551016807556, -0.03196214511990547, 0.9610038995742798, 0.2746815085411072),
            ["Head"] = CFrame.new(1.862645149230957e-09, -1.1920928955078125e-07, 1.3969838619232178e-09, 0.9022949934005737, -0.04636295512318611, 0.4286191165447235, 0.04597849398851395, 0.9988790154457092, 0.011256721802055836, -0.4286605417728424, 0.00955040194094181, 0.9034151434898376),
            ["RightHand"] = CFrame.new(3.725290298461914e-08, 2.384185791015625e-07, -8.195638656616211e-08, 0.9870527386665344, 0.016232766211032867, 0.1595725268125534, 0.0009819790720939636, 0.9942354559898376, -0.10721459984779358, -0.16039316356182098, 0.10598310828208923, 0.9813469052314758),
            ["UpperTorso"] = CFrame.new(-8.847564458847046e-09, -1.1920928955078125e-07, -9.313225746154785e-10, 0.9659937024116516, -0.032768234610557556, -0.25648099184036255, 0.028556350618600845, 0.9993894696235657, -0.020130019634962082, 0.2569839358329773, 0.012121339328587055, 0.9663397073745728),
            ["HumanoidRootPart"] = CFrame.new(0, 0, 0, 1, 0, 0, 0, 1, 0, 0, 0, 1),
            ["RightUpperLeg"] = CFrame.new(-2.9802322387695312e-08, -1.416192390024662e-07, 1.735315890982747e-09, 0.8790220618247986, -0.28915536403656006, -0.3790906071662903, 0.0931314155459404, 0.8839204907417297, -0.458269864320755, 0.4675968289375305, 0.36752384901046753, 0.8039148449897766),
            ["LeftUpperArm"] = CFrame.new(-5.960464477539063e-08, -1.1920928955078125e-07, -5.587935447692871e-09, 0.9257137179374695, -0.2465500682592392, -0.286822646856308, -0.17442315816879272, 0.3946036994457245, -0.9021444320678711, 0.33560505509376526, 0.8851560354232788, 0.3222859501838684),
            ["RightLowerArm"] = CFrame.new(-2.384185791015625e-07, 3.5762786865234375e-07, -2.868473529815674e-07, 1, -2.2351747119842003e-08, 1.713633963618122e-07, 2.5331974029541016e-07, -0.5404606461524963, -0.8413692116737366, 1.3597309589385986e-07, 0.8413693308830261, -0.5404608845710754),
            ["LeftHand"] = CFrame.new(1.7881393432617188e-07, 0, 1.1920928955078125e-07, 0.9898905158042908, -0.0201099943369627, -0.14040078222751617, 0.008081194013357162, 0.9962860941886902, -0.0857245996594429, 0.1416032910346985, 0.08372347801923752, 0.9863767027854919),
            ["LeftFoot"] = CFrame.new(6.06942691661061e-08, -1.1920928955078125e-07, -1.4380515445111541e-08, 0.9865468740463257, -0.15368571877479553, -0.055731482803821564, 0.14329755306243896, 0.9770390391349792, -0.15767231583595276, 0.0786837488412857, 0.14756526052951813, 0.9859175682067871),
            ["LowerTorso"] = CFrame.new(-0.030378570780158043, -0.09364426136016846, -0.036270759999752045, 0.9826548099517822, 0.034642525017261505, -0.18217964470386505, -0.033897582441568375, 0.9993993639945984, 0.007202192675322294, 0.18231971561908722, -0.0009018203127197921, 0.9832389950752258),
            ["RightLowerLeg"] = CFrame.new(1.2665987014770508e-07, -0.0000035762786865234375, -0.000012979689927306026, 1, -0.000002801418077069684, -0.0000010449440424054046, 0.000002827496018653619, 0.7780677676200867, 0.6281798481941223, -8.922072538553039e-07, -0.6281803250312805, 0.7780683040618896),
            ["LeftUpperLeg"] = CFrame.new(2.980236857297314e-08, -2.461092662997544e-07, 1.3969724932394456e-08, 0.9455907940864563, 0.25498852133750916, 0.2020866572856903, -0.10240362584590912, 0.8227995038032532, -0.5590301156044006, -0.3088229298591614, 0.5079191327095032, 0.8041431903839111),
            ["LeftLowerLeg"] = CFrame.new(1.3172206081435434e-07, 0.000003993511199951172, 0.000012858512491220608, 1, -0.0000032410025596618652, -0.0000020228330868121702, 0.0000033602123039599974, 0.47555798292160034, 0.8796842694282532, -0.0000018589200863061706, -0.8796844482421875, 0.47555825114250183),
        }},
        {Time = 0.100, Data = {
            ["RightFoot"] = CFrame.new(-7.839844329282641e-09, 4.172325134277344e-07, 1.5108525985851884e-08, 0.9650962948799133, 0.09129063785076141, 0.24546924233436584, -0.04470520466566086, 0.980948805809021, -0.1890522837638855, -0.2580515146255493, 0.1714802384376526, 0.9507912993431091),
            ["LeftLowerArm"] = CFrame.new(0.000021159648895263672, -1.7881393432617188e-07, -1.7881393432617188e-07, 1, 0.000005267561846267199, -0.000038485984987346455, -0.000027466572646517307, -0.6041411757469177, -0.7968773245811462, -0.000027477748517412692, 0.7968772649765015, -0.6041411757469177),
            ["RightUpperArm"] = CFrame.new(0, 0, -1.4901161193847656e-08, 0.9929399490356445, 0.0019726348109543324, 0.11860185116529465, 0.11664707958698273, 0.16528327763080597, -0.9793237447738647, -0.02153477445244789, 0.9862442016601562, 0.1638862043619156),
            ["Head"] = CFrame.new(8.381903171539307e-09, -2.384185791015625e-07, -7.450580596923828e-09, 0.8833404183387756, -0.04479999095201492, 0.466586172580719, 0.03401975706219673, 0.9989244341850281, 0.03150717169046402, -0.46749594807624817, -0.011958393268287182, 0.8839143514633179),
            ["RightHand"] = CFrame.new(1.043081283569336e-07, 1.7881393432617188e-07, 5.960464477539063e-08, 0.9921324253082275, 0.03631378337740898, 0.119810551404953, -0.020257234573364258, 0.9909616708755493, -0.13260674476623535, -0.12354311347007751, 0.12913650274276733, 0.9839009046554565),
            ["UpperTorso"] = CFrame.new(-9.313225746154785e-09, -2.9802322387695312e-08, -5.587935447692871e-09, 0.962424099445343, -0.02814381569623947, -0.27008864283561707, 0.019730497151613235, 0.9992333054542542, -0.033815305680036545, 0.27083319425582886, 0.027215702459216118, 0.962241530418396),
            ["HumanoidRootPart"] = CFrame.new(0, 0, 0, 1, 0, 0, 0, 1, 0, 0, 0, 1),
            ["RightUpperLeg"] = CFrame.new(5.960464477539063e-08, 9.348150342702866e-08, -7.577909855172038e-09, 0.8892481923103333, -0.2696322798728943, -0.3695079982280731, 0.10911714285612106, 0.909519374370575, -0.40108349919319153, 0.4442197382450104, 0.3163430988788605, 0.8382099270820618),
            ["LeftUpperArm"] = CFrame.new(0, -1.1920928955078125e-07, -5.21540641784668e-08, 0.9368958473205566, -0.2286042869091034, -0.2645115852355957, -0.17621761560440063, 0.34466561675071716, -0.9220374822616577, 0.3019498884677887, 0.9104645848274231, 0.28263166546821594),
            ["RightLowerArm"] = CFrame.new(2.980232238769531e-07, 1.7881393432617188e-07, -2.3975735530257225e-07, 1, -1.4901162970204496e-08, 2.2351741790771484e-07, 1.247972107876194e-07, -0.6041409969329834, -0.7968772649765015, 1.341104365337742e-07, 0.7968774437904358, -0.6041411757469177),
            ["LeftHand"] = CFrame.new(0, -1.7881393432617188e-07, 1.7881393432617188e-07, 0.9956507682800293, -0.04532098397612572, -0.08139821887016296, 0.03814823180437088, 0.995424211025238, -0.0876101404428482, 0.08499637246131897, 0.08412397652864456, 0.9928237199783325),
            ["LeftFoot"] = CFrame.new(1.1843603431316296e-07, 5.960464477539063e-08, 6.012547260070278e-08, 0.9712352156639099, -0.22761884331703186, -0.06994184851646423, 0.21809308230876923, 0.9682152271270752, -0.12245291471481323, 0.0955914705991745, 0.10367698967456818, 0.9900068640708923),
            ["LowerTorso"] = CFrame.new(-0.06309396028518677, -0.07333803176879883, -0.07533157616853714, 0.9774913191795349, 0.02461795136332512, -0.2095344066619873, -0.023626280948519707, 0.9996947050094604, 0.00723485229536891, 0.2096485048532486, -0.002121486933901906, 0.9777746200561523),
            ["RightLowerLeg"] = CFrame.new(2.9802322387695312e-08, -0.000004172325134277344, -0.000012934986443724483, 1, -0.000002453102979416144, -7.320194299609284e-07, 0.0000024586915969848633, 0.8412041068077087, 0.5407174229621887, -6.183981895446777e-07, -0.5407178401947021, 0.8412043452262878),
            ["LeftUpperLeg"] = CFrame.new(4.9960036108132044e-15, 1.8166610971093178e-07, 1.862645149230957e-09, 0.9684954881668091, 0.2387564778327942, 0.07079493254423141, -0.17315572500228882, 0.849941074848175, -0.49761152267456055, -0.17897948622703552, 0.4696759879589081, 0.864506185054779),
            ["LeftLowerLeg"] = CFrame.new(-9.838977632625756e-09, 0.0000036954879760742188, 0.000013162123650545254, 1, -0.00000342912881023949, -0.0000016372648588003358, 0.0000034496172247600043, 0.6353036761283875, 0.7722622156143188, -0.000001542269501442206, -0.7722623944282532, 0.6353039145469666),
        }},
        {Time = 0.133, Data = {
            ["RightFoot"] = CFrame.new(-1.9397702999413013e-08, 3.5762786865234375e-07, -2.361412043683231e-08, 0.9613917469978333, 0.12019076198339462, 0.24754835665225983, -0.08914652466773987, 0.9870928525924683, -0.13304337859153748, -0.26034387946128845, 0.10583890229463577, 0.9596976041793823),
            ["LeftLowerArm"] = CFrame.new(0.000021159648895263672, -1.1920928955078125e-07, 3.5762786865234375e-07, 1, 0.00001325272023677826, -0.00003647058838396333, -0.00002744794255704619, -0.42464619874954224, -0.9053593873977661, -0.000027492646040627733, 0.9053593873977661, -0.42464616894721985),
            ["RightUpperArm"] = CFrame.new(0, 2.384185791015625e-07, 0, 0.9891314506530762, -0.018913378939032555, 0.14581243693828583, 0.14677581191062927, 0.18574801087379456, -0.9715732932090759, -0.008708644658327103, 0.9824153184890747, 0.18650518357753754),
            ["Head"] = CFrame.new(1.862645149230957e-09, 1.1920928955078125e-07, 0, 0.8585767149925232, -0.038965798914432526, 0.5112021565437317, 0.012381847947835922, 0.9983927011489868, 0.055305786430835724, -0.512535572052002, -0.041154615581035614, 0.8576791882514954),
            ["RightHand"] = CFrame.new(4.470348358154297e-08, -1.1920928955078125e-07, -5.960464477539063e-08, 0.9957837462425232, 0.059911444783210754, 0.06946519762277603, -0.04793323576450348, 0.9854893088340759, -0.16282877326011658, -0.07821246981620789, 0.15881243348121643, 0.984205961227417),
            ["UpperTorso"] = CFrame.new(1.862645149230957e-09, 1.7881393432617188e-07, 1.0244548320770264e-08, 0.9593067169189453, -0.022871078923344612, -0.2814386785030365, 0.009130001999437809, 0.9987055659294128, -0.05003928765654564, 0.2822188138961792, 0.04543351009488106, 0.9582736492156982),
            ["HumanoidRootPart"] = CFrame.new(0, 0, 0, 1, 0, 0, 0, 1, 0, 0, 0, 1),
            ["RightUpperLeg"] = CFrame.new(0, -3.843206286546774e-08, 6.450136424973607e-09, 0.9028735160827637, -0.24490536749362946, -0.3533281087875366, 0.12588277459144592, 0.9364559054374695, -0.32742035388946533, 0.41106322407722473, 0.2511412501335144, 0.876330554485321),
            ["LeftUpperArm"] = CFrame.new(0, 2.384185791015625e-07, -8.940696716308594e-08, 0.936456024646759, -0.22992971539497375, -0.26491978764533997, -0.17308059334754944, 0.35402342677116394, -0.919081449508667, 0.30511191487312317, 0.9065317511558533, 0.29173097014427185),
            ["RightLowerArm"] = CFrame.new(-5.960464477539063e-08, 1.1920928955078125e-07, -2.3562461137771606e-07, 1, 2.980233304583635e-08, 2.2351753159455257e-07, 9.313224325069314e-08, -0.47952383756637573, -0.8775288462638855, 7.823108916227284e-08, 0.8775289058685303, -0.47952407598495483),
            ["LeftHand"] = CFrame.new(5.960464477539063e-08, 5.364418029785156e-07, -2.384185791015625e-07, 0.9970241785049438, -0.07637205719947815, -0.010495212860405445, 0.0751611739397049, 0.993291974067688, -0.08787449449300766, 0.017136041074991226, 0.08682424575090408, 0.9960762858390808),
            ["LeftFoot"] = CFrame.new(1.0895181423720146e-09, 1.1920928955078125e-07, 1.9146911611755968e-08, 0.9517151117324829, -0.3004360795021057, -0.06306043267250061, 0.2947341799736023, 0.9517022371292114, -0.0859920009970665, 0.08584993332624435, 0.06325393170118332, 0.9942981600761414),
            ["LowerTorso"] = CFrame.new(-0.10281979292631149, -0.05632472038269043, -0.12276257574558258, 0.9689385294914246, 0.010651289485394955, -0.24707220494747162, -0.009306658990681171, 0.9999348521232605, 0.00660946499556303, 0.247126504778862, -0.004104748833924532, 0.9689745306968689),
            ["RightLowerLeg"] = CFrame.new(-1.4901161193847656e-08, -0.000003933906555175781, -0.000013076547475066036, 1, -0.0000019539140794222476, -4.759058356285095e-07, 0.000001996755599975586, 0.9076175093650818, 0.4197980463504791, -3.0547380447387695e-07, -0.41979819536209106, 0.9076176285743713),
            ["LeftUpperLeg"] = CFrame.new(2.980236146754578e-08, -2.491287887096405e-08, 1.2107079783163499e-08, 0.9655846357345581, 0.2526460587978363, -0.061775751411914825, -0.25762343406677246, 0.8964344263076782, -0.3606043756008148, -0.035727355629205704, 0.36410897970199585, 0.9306709170341492),
            ["LeftLowerLeg"] = CFrame.new(1.6897496379897348e-07, 0.000003993511199951172, 0.000012975859135622159, 1, -0.0000022798772079113405, -7.67409915169992e-07, 0.0000023171301108959597, 0.8230808973312378, 0.5679241418838501, -7.152555667744309e-07, -0.5679241418838501, 0.8230810165405273),
        }},
        {Time = 0.167, Data = {
            ["RightFoot"] = CFrame.new(-7.40146788302809e-08, 2.980232238769531e-07, 2.1795131033286452e-08, 0.956405520439148, 0.15094035863876343, 0.2500110864639282, -0.1392071694135666, 0.9881883263587952, -0.0640728622674942, -0.2567291259765625, 0.02647644281387329, 0.966120719909668),
            ["LeftLowerArm"] = CFrame.new(0.000020802021026611328, -2.384185791015625e-07, -2.905726432800293e-07, 1, 0.000025874000129988417, -0.00002899393075495027, -0.000027377162041375414, -0.059319041669368744, -0.9982390999794006, -0.000027518723072716966, 0.9982390999794006, -0.059319060295820236),
            ["RightUpperArm"] = CFrame.new(0, 3.5762786865234375e-07, 1.4901161193847656e-08, 0.9833870530128479, -0.050475314259529114, 0.1743626445531845, 0.18141905963420868, 0.24101339280605316, -0.9534147381782532, 0.006100052036345005, 0.969208300113678, 0.24616649746894836),
            ["Head"] = CFrame.new(-5.587935447692871e-09, 5.960464477539062e-07, -7.450580596923828e-09, 0.8296930193901062, -0.030650176107883453, 0.557377815246582, -0.016796395182609558, 0.9966686964035034, 0.07980933785438538, -0.5579673051834106, -0.07557917386293411, 0.8264142274856567),
            ["RightHand"] = CFrame.new(-1.3783574104309082e-07, 1.1920928955078125e-07, -2.60770320892334e-08, 0.9963555335998535, 0.08443381637334824, 0.01211465522646904, -0.08047144114971161, 0.9775428771972656, -0.1947672814130783, -0.028287602588534355, 0.1930825412273407, 0.9807747006416321),
            ["UpperTorso"] = CFrame.new(5.587935447692871e-09, 5.960464477539063e-08, 4.6566128730773926e-09, 0.9580387473106384, -0.017352769151329994, -0.2861129939556122, -0.0020626201294362545, 0.9977227449417114, -0.06741850823163986, 0.28663134574890137, 0.0651797279715538, 0.9558212161064148),
            ["HumanoidRootPart"] = CFrame.new(0, 0, 0, 1, 0, 0, 0, 1, 0, 0, 0, 1),
            ["RightUpperLeg"] = CFrame.new(0, 5.486072041094303e-08, -1.3165845302864909e-08, 0.919035017490387, -0.21764633059501648, -0.3286409080028534, 0.14094579219818115, 0.9600686430931091, -0.24166615307331085, 0.36811563372612, 0.17577902972698212, 0.9130129218101501),
            ["LeftUpperArm"] = CFrame.new(-1.1920928955078125e-07, 0, 4.470348358154297e-08, 0.9352593421936035, -0.23350760340690613, -0.26601576805114746, -0.16424447298049927, 0.3794393837451935, -0.9105215072631836, 0.3135504424571991, 0.8952653408050537, 0.31652191281318665),
            ["RightLowerArm"] = CFrame.new(-1.1920928955078125e-07, 1.7881393432617188e-07, 3.650784492492676e-07, 1, -8.195639367158947e-08, 1.995358900330757e-07, 9.685756197086448e-08, -0.1612611562013626, -0.9869117736816406, 1.1548401346317405e-07, 0.9869118332862854, -0.16126133501529694),
            ["LeftHand"] = CFrame.new(8.940696716308594e-08, 2.384185791015625e-07, 2.9802322387695312e-08, 0.9917800426483154, -0.11044762283563614, 0.06460323184728622, 0.11578797549009323, 0.9895637035369873, -0.08577249199151993, -0.05445569008588791, 0.09254784882068634, 0.994218111038208),
            ["LeftFoot"] = CFrame.new(-9.576813653211502e-08, -8.881784197001252e-16, 5.3605546668222814e-08, 0.9368860125541687, -0.34813275933265686, -0.032376788556575775, 0.3487997353076935, 0.9370290040969849, 0.017761431634426117, 0.024154657498002052, -0.02793339267373085, 0.9993178844451904),
            ["LowerTorso"] = CFrame.new(-0.1460508406162262, -0.04919004440307617, -0.1743786633014679, 0.95572829246521, -0.007180083077400923, -0.29416313767433167, 0.008976343087852001, 0.9999485015869141, 0.004756660666316748, 0.29411381483078003, -0.007186585105955601, 0.9557433724403381),
            ["RightLowerLeg"] = CFrame.new(-1.4901161193847656e-08, -0.000003933906555175781, -0.000013069096894469112, 1, -0.00000128895055695466, -1.6484413833950384e-07, 0.000001240521783074655, 0.9631574153900146, 0.26893818378448486, -1.788139627478813e-07, -0.2689383029937744, 0.9631575345993042),
            ["LeftUpperLeg"] = CFrame.new(1.0730305533002138e-13, -2.0256265997886658e-08, 3.4458935260772705e-08, 0.9386342167854309, 0.3200331926345825, -0.12862567603588104, -0.33292466402053833, 0.9381198287010193, -0.09535431861877441, 0.09014969319105148, 0.13232547044754028, 0.9870983362197876),
            ["LeftLowerLeg"] = CFrame.new(1.093703119181555e-07, 0.000003814697265625, 0.000013013112038606778, 1, -7.096678018569946e-07, -8.475033297372647e-08, 6.631017299696396e-07, 0.9892081618309021, 0.14651745557785034, -1.862645371275562e-09, -0.14651748538017273, 0.9892081022262573),
        }},
        {Time = 0.200, Data = {
            ["RightFoot"] = CFrame.new(-2.871456672437489e-08, 3.5762786865234375e-07, 1.0579242371022701e-08, 0.949862539768219, 0.1831565499305725, 0.2534065544605255, -0.17237664759159088, 0.9829297661781311, -0.06430774182081223, -0.26085931062698364, 0.017402399331331253, 0.9652200937271118),
            ["LeftLowerArm"] = CFrame.new(0.00002059340476989746, 5.960464477539063e-08, -1.2665987014770508e-07, 1, 0.00003294646376161836, -0.00002074986696243286, -0.000027425583539297804, 0.2206055223941803, -0.9753631353378296, -0.000027526166377356276, 0.9753631353378296, 0.22060558199882507),
            ["RightUpperArm"] = CFrame.new(0, 1.1920928955078125e-07, 5.960464477539063e-08, 0.9757197499275208, -0.08969459682703018, 0.19981475174427032, 0.21819815039634705, 0.31897416710853577, -0.9223042726516724, 0.01898995228111744, 0.943509578704834, 0.33080047369003296),
            ["Head"] = CFrame.new(0, 1.1920928955078125e-07, 7.450580596923828e-09, 0.7993044257164001, -0.020795045420527458, 0.6005664467811584, -0.05098315700888634, 0.9934510588645935, 0.10225339233875275, -0.5987597107887268, -0.11235034465789795, 0.7930095195770264),
            ["RightHand"] = CFrame.new(1.341104507446289e-07, 1.1920928955078125e-07, 1.4901161193847656e-07, 0.9930256605148315, 0.1076182872056961, -0.048150982707738876, -0.11577126383781433, 0.9673161506652832, -0.22560270130634308, 0.022298188880085945, 0.22960369288921356, 0.9730287790298462),
            ["UpperTorso"] = CFrame.new(-2.2351741790771484e-08, -2.086162567138672e-07, -2.444721758365631e-08, 0.9600216150283813, -0.011848301626741886, -0.2796752154827118, -0.012476198375225067, 0.9963000416755676, -0.0850338563323021, 0.2796478867530823, 0.08512367308139801, 0.956321656703949),
            ["HumanoidRootPart"] = CFrame.new(0, 0, 0, 1, 0, 0, 0, 1, 0, 0, 0, 1),
            ["RightUpperLeg"] = CFrame.new(-2.9802322387695312e-08, -1.623411662876606e-07, -2.2013409761711955e-08, 0.9362484812736511, -0.2193164974451065, -0.27447986602783203, 0.15384432673454285, 0.9582734107971191, -0.24092353880405426, 0.31586524844169617, 0.18333706259727478, 0.9309225082397461),
            ["LeftUpperArm"] = CFrame.new(0, -1.1920928955078125e-07, -2.9802322387695312e-08, 0.933474063873291, -0.23872390389442444, -0.2676510810852051, -0.15046623349189758, 0.41674938797950745, -0.896481990814209, 0.32555508613586426, 0.8771151304244995, 0.3531048595905304),
            ["RightLowerArm"] = CFrame.new(2.384185791015625e-07, 3.5762786865234375e-07, 1.4901161193847656e-08, 1, -1.1175873737556685e-07, 1.86264600188224e-07, 1.0803343286625022e-07, 0.17541387677192688, -0.9844948053359985, 5.960465188081798e-08, 0.9844948053359985, 0.17541389167308807),
            ["LeftHand"] = CFrame.new(1.7881393432617188e-07, 5.960464477539063e-08, -5.960464477539063e-08, 0.9801168441772461, -0.1446496993303299, 0.13582167029380798, 0.15656816959381104, 0.9842941164970398, -0.08155698329210281, -0.12189126014709473, 0.10120083391666412, 0.9873707890510559),
            ["LeftFoot"] = CFrame.new(3.834240658306953e-08, -4.440892098500626e-16, 2.380363994802792e-08, 0.9312337636947632, -0.3644016981124878, 0.003865293925628066, 0.36442121863365173, 0.9311506748199463, -0.012485865503549576, 0.0009505151538178325, 0.013035831041634083, 0.9999145865440369),
            ["LowerTorso"] = CFrame.new(-0.18928192555904388, -0.07143771648406982, -0.22599473595619202, 0.9363341331481934, -0.028734367340803146, -0.34993255138397217, 0.031047997996211052, 0.9995175004005432, 0.001002490520477295, 0.3497348725795746, -0.011803371831774712, 0.9367743730545044),
            ["RightLowerLeg"] = CFrame.new(0, -0.000003993511199951172, -0.000012934986443724483, 1, -0.0000012516978813437163, -2.579764100119064e-07, 0.0000012442469596862793, 0.9629281163215637, 0.26975783705711365, -1.2665987014770508e-07, -0.26975810527801514, 0.9629282355308533),
            ["LeftUpperLeg"] = CFrame.new(-1.2434497875801753e-13, -2.0908191800117493e-07, -4.0279701352119446e-08, 0.9081341624259949, 0.3844488263130188, -0.16580533981323242, -0.38467127084732056, 0.9224960207939148, 0.03208252042531967, 0.16528885066509247, 0.034645333886146545, 0.9856365919113159),
            ["LeftLowerLeg"] = CFrame.new(5.0621835612219e-09, 0.000003874301910400391, 0.000013005661458009854, 1, -3.7252917195473856e-08, -1.862645149230957e-09, 1.1175872316471214e-07, 0.999984622001648, 0.005562912672758102, 6.239861960466442e-08, -0.0055628251284360886, 0.9999845623970032),
        }},
        {Time = 0.233, Data = {
            ["RightFoot"] = CFrame.new(3.263630787841976e-08, 3.5762786865234375e-07, -2.3195752874016762e-08, 0.9418703317642212, 0.21495096385478973, 0.2582172751426697, -0.18991830945014954, 0.9746143817901611, -0.118566133081913, -0.27714860439300537, 0.06263404339551926, 0.9587836265563965),
            ["LeftLowerArm"] = CFrame.new(0.00002086162567138672, 1.1920928955078125e-07, 1.4901161193847656e-08, 1, 0.000034831467928597704, -0.000017188491256092675, -0.00002743304503383115, 0.3196304142475128, -0.9475423693656921, -0.000027544803742785007, 0.9475423693656921, 0.31963029503822327),
            ["RightUpperArm"] = CFrame.new(-1.1920928955078125e-07, 2.384185791015625e-07, 0, 0.966888964176178, -0.13207317888736725, 0.21836316585540771, 0.253764271736145, 0.4070267379283905, -0.8774583339691162, 0.02700906991958618, 0.9038174748420715, 0.42706501483917236),
            ["Head"] = CFrame.new(3.725290298461914e-08, 0, -2.9802322387695312e-08, 0.7708773016929626, -0.009326959028840065, 0.6369155645370483, -0.08733101189136505, 0.9889034628868103, 0.12018074840307236, -0.6309688687324524, -0.14826703071594238, 0.761508584022522),
            ["RightHand"] = CFrame.new(-7.450580596923828e-08, 8.344650268554688e-07, 2.7567148208618164e-07, 0.9860281348228455, 0.12775297462940216, -0.10690078139305115, -0.15124055743217468, 0.95555579662323, -0.2530602216720581, 0.06982045620679855, 0.26569220423698425, 0.9615263342857361),
            ["UpperTorso"] = CFrame.new(1.4901161193847656e-08, -2.086162567138672e-07, -3.725290298461914e-09, 0.96622633934021, -0.006565779447555542, -0.25761139392852783, -0.020584717392921448, 0.9945143461227417, -0.10255466401576996, 0.25687161087989807, 0.10439389944076538, 0.9607908129692078),
            ["HumanoidRootPart"] = CFrame.new(0, 0, 0, 1, 0, 0, 0, 1, 0, 0, 0, 1),
            ["RightUpperLeg"] = CFrame.new(0, -2.0943116396665573e-07, 5.460606189444661e-09, 0.9531794786453247, -0.23049396276474, -0.19575893878936768, 0.16264452040195465, 0.936485230922699, -0.3107125759124756, 0.2549428641796112, 0.26432570815086365, 0.9301270246505737),
            ["LeftUpperArm"] = CFrame.new(5.960464477539063e-08, -2.384185791015625e-07, 0, 0.9312746524810791, -0.24496157467365265, -0.2696690857410431, -0.13255642354488373, 0.461635559797287, -0.8771097660064697, 0.33934688568115234, 0.8525764346122742, 0.39743828773498535),
            ["RightLowerArm"] = CFrame.new(2.980232238769531e-07, 1.1920928955078125e-07, -1.0523945093154907e-07, 1, -4.470348358154297e-08, 1.192093321833454e-07, 2.1606680888908159e-07, 0.31963056325912476, -0.9475422501564026, 7.4505797087454084e-09, 0.9475423097610474, 0.3196306526660919),
            ["LeftHand"] = CFrame.new(1.1920928955078125e-07, 0, -3.8743019104003906e-07, 0.9647527933120728, -0.17630413174629211, 0.19536885619163513, 0.1942235678434372, 0.9779647588729858, -0.0765654668211937, -0.17756496369838715, 0.11181209981441498, 0.9777365922927856),
            ["LeftFoot"] = CFrame.new(3.089195743655182e-08, -4.440892098500626e-16, -1.8105899002307524e-08, 0.9342085123062134, -0.35575902462005615, 0.026271022856235504, 0.3516823351383209, 0.9061533808708191, -0.23495814204216003, 0.05978269875049591, 0.22873902320861816, 0.9716504216194153),
            ["LowerTorso"] = CFrame.new(-0.2290078103542328, -0.11713111400604248, -0.27342575788497925, 0.9090676307678223, -0.053768571466207504, -0.41316458582878113, 0.05659522861242294, 0.998382568359375, -0.005403950344771147, 0.41278690099716187, -0.018470585346221924, 0.9106403589248657),
            ["RightLowerLeg"] = CFrame.new(-3.725290298461914e-08, -0.0000040531158447265625, -0.00001308399805566296, 1, -0.0000018551943412603578, -2.63564260194471e-07, 0.0000017955894691112917, 0.9191596508026123, 0.39388465881347656, -2.9802316703353426e-07, -0.3938851058483124, 0.9191598892211914),
            ["LeftUpperLeg"] = CFrame.new(1.1718404024918527e-13, -3.0640512704849243e-07, 3.725290298461914e-08, 0.899253249168396, 0.3814871609210968, -0.21403567492961884, -0.4064365327358246, 0.9095838665962219, -0.08640984445810318, 0.16171926259994507, 0.16469623148441315, 0.9729965329170227),
            ["LeftLowerLeg"] = CFrame.new(-1.1414710598955935e-07, 0.000003993511199951172, 0.000012968408555025235, 1, -0.0000015790570842000307, -2.7567151050789107e-07, 0.0000016093259773697355, 0.9364628791809082, 0.3507665991783142, -2.384186643666908e-07, -0.3507665693759918, 0.9364629983901978),
        }},
        {Time = 0.267, Data = {
            ["RightFoot"] = CFrame.new(-2.8994691092520952e-08, 2.384185791015625e-07, 4.1527528082951903e-08, 0.9335862994194031, 0.24195173382759094, 0.2643411457538605, -0.20731984078884125, 0.9663459062576294, -0.15229572355747223, -0.2922929525375366, 0.08737844973802567, 0.9523286819458008),
            ["LeftLowerArm"] = CFrame.new(0.000020891427993774414, -5.960464477539063e-08, 1.1920928955078125e-07, 1, 0.00003493577605695464, -0.00001715868893370498, -0.000027414414944360033, 0.3195912539958954, -0.9475555419921875, -0.000027589503588387743, 0.9475554823875427, 0.3195912837982178),
            ["RightUpperArm"] = CFrame.new(-5.960464477539063e-08, 0, 4.470348358154297e-08, 0.9584029316902161, -0.17173223197460175, 0.2279738038778305, 0.2839639484882355, 0.4931669533252716, -0.8222839832305908, 0.02878347411751747, 0.852815568447113, 0.5214183330535889),
            ["Head"] = CFrame.new(-2.9802322387695312e-08, 0, 2.9802322387695312e-08, 0.7479432225227356, -0.010600484907627106, 0.6636780500411987, -0.10331150144338608, 0.9858278632164001, 0.13217468559741974, -0.6556735038757324, -0.16742469370365143, 0.7362481355667114),
            ["RightHand"] = CFrame.new(5.21540641784668e-08, 1.1920928955078125e-07, -1.4901161193847656e-08, 0.9766443371772766, 0.14379380643367767, -0.15965338051319122, -0.18396297097206116, 0.9435158371925354, -0.275564044713974, 0.11101116240024567, 0.298498272895813, 0.9479320645332336),
            ["UpperTorso"] = CFrame.new(1.4901161193847656e-08, 2.9802322387695312e-08, 2.2351741790771484e-08, 0.9760361313819885, -0.011350625194609165, -0.21731264889240265, -0.00814133882522583, 0.9960348606109619, -0.08859053999185562, 0.21745653450489044, 0.08823677152395248, 0.9720736145973206),
            ["HumanoidRootPart"] = CFrame.new(0, 0, 0, 1, 0, 0, 0, 1, 0, 0, 0, 1),
            ["RightUpperLeg"] = CFrame.new(-2.9802322387695312e-08, 1.9988510757684708e-07, -2.7135683922097087e-08, 0.9668551087379456, -0.2287350744009018, -0.11345340311527252, 0.17936047911643982, 0.9247030019760132, -0.33578911423683167, 0.18171727657318115, 0.30431029200553894, 0.9350796937942505),
            ["LeftUpperArm"] = CFrame.new(0, -3.5762786865234375e-07, -5.960464477539063e-08, 0.9288633465766907, -0.251624196767807, -0.27184176445007324, -0.11155156791210175, 0.5097877383232117, -0.853037416934967, 0.35322657227516174, 0.8226795792579651, 0.44545412063598633),
            ["RightLowerArm"] = CFrame.new(-5.960464477539063e-08, 5.960464477539063e-08, -8.940696716308594e-08, 1, -8.940699558479537e-08, 1.639128583974525e-07, 1.1175870895385742e-07, 0.32010048627853394, -0.9473836421966553, 1.043081283569336e-07, 0.9473837018013, 0.32010048627853394),
            ["LeftHand"] = CFrame.new(2.980232238769531e-07, 1.1920928955078125e-07, 1.1920928955078125e-07, 0.9502227306365967, -0.20319436490535736, 0.23619645833969116, 0.22587358951568604, 0.9714171290397644, -0.07300565391778946, -0.21461094915866852, 0.12272229790687561, 0.9689589738845825),
            ["LeftFoot"] = CFrame.new(8.540400386891633e-09, -5.960464477539063e-08, -7.771060950290121e-08, 0.9408860206604004, -0.33667564392089844, 0.03718986734747887, 0.3233130872249603, 0.8599103689193726, -0.39499741792678833, 0.10100618749856949, 0.38367149233818054, 0.9179291725158691),
