return {
    ["Heartbreak Shuffle"] = {
        {Time = 0.000, Data = {
            ["LeftFoot"] = CFrame.new(1.7695128917694092e-08, 1.7881393432617188e-07, 7.450580596923828e-09, 0.9986624121665955, 0.05005732551217079, -0.012951596640050411, -0.05170508846640587, 0.9655671715736389, -0.2549645006656647, -0.0002572007942944765, 0.25529295206069946, 0.966863751411438),
            ["LeftLowerArm"] = CFrame.new(-1.7881393432617188e-07, 4.172325134277344e-07, -1.043081283569336e-07, 1, -2.9802318834981634e-08, 1.4901162614933128e-07, 6.705523247774181e-08, -0.4370300769805908, -0.8994470238685608, 7.17118453508192e-08, 0.8994469046592712, -0.4370300769805908),
            ["LowerTorso"] = CFrame.new(0.035757966339588165, -0.013173460960388184, -0.08422964811325073, 0.9988833069801331, -0.045199133455753326, 0.01375605445355177, 0.04600784182548523, 0.9967831969261169, -0.0656241923570633, -0.010745647363364697, 0.06618379056453705, 0.9977496266365051),
            ["Head"] = CFrame.new(-1.3096723705530167e-09, -1.1920928955078125e-07, -2.3283064365386963e-09, 0.9217177629470825, -0.38400936126708984, -0.05452747270464897, 0.38763755559921265, 0.9168116450309753, 0.09588261693716049, 0.01317160576581955, -0.1095135435461998, 0.9938980340957642),
            ["RightUpperArm"] = CFrame.new(0, -5.960464477539062e-07, -3.725290298461914e-09, 0.8599532246589661, -0.16254958510398865, 0.4837956130504608, 0.11235219985246658, 0.984964907169342, 0.13122893869876862, -0.49785298109054565, -0.058495260775089264, 0.8652865886688232),
            ["UpperTorso"] = CFrame.new(1.210719347000122e-08, 5.960464477539063e-08, 2.6586349122226238e-08, 0.9994692802429199, 0.0262755136936903, 0.019257644191384315, -0.02679336443543434, 0.9992724061012268, 0.02714497409760952, -0.018530385568737984, -0.02764652669429779, 0.9994460940361023),
            ["HumanoidRootPart"] = CFrame.new(0, 0, 0, 1, 0, 0, 0, 1, 0, 0, 0, 1),
            ["RightHand"] = CFrame.new(-5.960464477539063e-08, 1.1920928955078125e-07, -3.3527612686157227e-08, -0.1079573780298233, -0.5512635111808777, 0.8273175358772278, 0.9830842614173889, -0.1830451786518097, 0.006315513048321009, 0.14795498549938202, 0.8140043616294861, 0.5616990923881531),
            ["LeftUpperArm"] = CFrame.new(-1.1920928955078125e-07, -7.152557373046875e-07, -1.6763806343078613e-08, 0.8334299921989441, 0.09670906513929367, -0.5440972447395325, -0.14483535289764404, 0.9883776903152466, -0.04617759585380554, 0.5333078503608704, 0.11729032546281815, 0.8377504944801331),
            ["RightLowerArm"] = CFrame.new(1.7881393432617188e-07, 0, 1.4901161193847656e-08, 1, -4.0978189730367376e-08, 1.0058283805847168e-07, 8.10250853078287e-08, -0.4307865500450134, -0.9024538397789001, 1.6391281576488836e-07, 0.9024538993835449, -0.4307865798473358),
            ["LeftHand"] = CFrame.new(-2.9802322387695312e-08, -5.960464477539063e-08, 2.682209014892578e-07, -0.059912025928497314, 0.5236600637435913, -0.8498181104660034, -0.9839710593223572, -0.1742340475320816, -0.037993770092725754, -0.16796323657035828, 0.8339200615882874, 0.5257049798965454),
            ["RightUpperLeg"] = CFrame.new(5.960464477539063e-08, -1.648440957069397e-07, 5.697802407667041e-08, 0.924884557723999, 0.15703026950359344, -0.34630951285362244, -0.08461591601371765, 0.9729039669036865, 0.2151700109243393, 0.37071406841278076, -0.16970406472682953, 0.9131110310554504),
            ["LeftUpperLeg"] = CFrame.new(-5.960464477539063e-08, -2.421438694000244e-08, 5.122274160385132e-08, 0.9945927262306213, 0.005512238945811987, 0.10370685905218124, -0.0025294169317930937, 0.9995799660682678, -0.02887142449617386, -0.10382243245840073, 0.028453094884753227, 0.9941887855529785),
            ["RightLowerLeg"] = CFrame.new(-1.30385160446167e-08, 1.7881393432617188e-07, 3.208697307854891e-09, 1, -1.8626458597736928e-08, -2.421438694000244e-08, 0, 0.999987006187439, 0.0051000118255615234, 0, -0.00510002113878727, 0.999987006187439),
            ["RightFoot"] = CFrame.new(2.9802322387695312e-08, 3.5762786865234375e-07, 1.287116901949048e-08, 0.9945023059844971, -0.06611854583024979, 0.08120036870241165, 0.07693047821521759, 0.9874131083488464, -0.1381921023130417, -0.07104124873876572, 0.1436792016029358, 0.9870712161064148),
            ["LeftLowerLeg"] = CFrame.new(-1.862645149230957e-08, 0, 1.4901161193847656e-08, 1, 2.793969144931907e-08, 6.519258910486769e-09, -2.8870999813079834e-08, 0.9400614500045776, 0.34100526571273804, 8.381903171539307e-09, -0.34100541472435, 0.9400614500045776),
        }},
        {Time = 0.033, Data = {
            ["LeftFoot"] = CFrame.new(-5.681067705154419e-08, 0, 3.725290298461914e-09, 0.9987168908119202, 0.04920464754104614, -0.0119788134470582, -0.050626128911972046, 0.9641984105110168, -0.2603048086166382, -0.0012582405470311642, 0.26057735085487366, 0.9654521942138672),
            ["LeftLowerArm"] = CFrame.new(-1.1920928955078125e-07, -5.960464477539062e-07, -2.9802322387695312e-08, 1, -1.1920927533992653e-07, 1.639127589214695e-07, 7.450579886381092e-08, -0.4340899884700775, -0.9008695483207703, 1.378357268322361e-07, 0.9008694887161255, -0.4340900480747223),
            ["LowerTorso"] = CFrame.new(0.03754010051488876, -0.012676715850830078, -0.08272205293178558, 0.9986554384231567, -0.049904316663742065, 0.014033881016075611, 0.05072714015841484, 0.9965196251869202, -0.06614719331264496, -0.010684007778763771, 0.06677015125751495, 0.997711181640625),
            ["Head"] = CFrame.new(6.708432920277119e-09, 1.1920928955078125e-07, -6.4319465309381485e-09, 0.9146912097930908, -0.40034019947052, -0.055388759821653366, 0.4039873480796814, 0.9096181988716125, 0.09689627587795258, 0.01159114670008421, -0.11100643873214722, 0.993752121925354),
            ["RightUpperArm"] = CFrame.new(0, 0, -1.6763806343078613e-08, 0.8565114736557007, -0.16088907420635223, 0.49041077494621277, 0.1111711859703064, 0.9853788018226624, 0.1291106790304184, -0.5040128827095032, -0.05606519803404808, 0.8618746399879456),
            ["UpperTorso"] = CFrame.new(-4.773028194904327e-09, 1.4901161193847656e-07, -1.461012288928032e-08, 0.9993924498558044, 0.029560105875134468, 0.01846814528107643, -0.03005211427807808, 0.999184787273407, 0.026957174763083458, -0.0176562312990427, -0.02749577723443508, 0.999466061592102),
            ["HumanoidRootPart"] = CFrame.new(0, 0, 0, 1, 0, 0, 0, 1, 0, 0, 0, 1),
            ["RightHand"] = CFrame.new(5.960464477539063e-08, 1.1920928955078125e-07, 1.1920928955078125e-07, -0.11342640221118927, -0.5388378500938416, 0.8347384929656982, 0.9814450740814209, -0.19149577617645264, 0.009747534990310669, 0.15459655225276947, 0.8203554749488831, 0.5505602955818176),
            ["LeftUpperArm"] = CFrame.new(0, -5.960464477539062e-07, 7.450580596923828e-09, 0.8335458040237427, 0.09780482947826385, -0.5437238216400146, -0.14942249655723572, 0.9874340295791626, -0.0514502190053463, 0.5318593382835388, 0.12413071095943451, 0.8376857042312622),
            ["RightLowerArm"] = CFrame.new(1.1920928955078125e-07, -1.7881393432617188e-07, -1.4901161193847656e-08, 1, 1.4901159417490817e-08, 1.2293456563838845e-07, 8.009374141693115e-08, -0.430787056684494, -0.902453601360321, 1.601874828338623e-07, 0.9024536609649658, -0.43078702688217163),
            ["LeftHand"] = CFrame.new(2.9802322387695312e-08, 1.7881393432617188e-07, 1.6391277313232422e-07, -0.07956402748823166, 0.5177590250968933, -0.851818859577179, -0.981596827507019, -0.1895136535167694, -0.023505568504333496, -0.17360138893127441, 0.8342723846435547, 0.5233089327812195),
            ["RightUpperLeg"] = CFrame.new(-8.940696716308594e-08, 4.2514875531196594e-07, -1.5665136743336916e-08, 0.9229021072387695, 0.16239850223064423, -0.3491109311580658, -0.08899629861116409, 0.9721198081970215, 0.21693934500217438, 0.3746083676815033, -0.16914434731006622, 0.9116243720054626),
            ["LeftUpperLeg"] = CFrame.new(2.9802322387695312e-08, 4.600733518600464e-07, -1.5832483768463135e-08, 0.9946951270103455, 0.011807326227426529, 0.10218722373247147, -0.008071149699389935, 0.999286413192749, -0.036898575723171234, -0.10255002230405807, 0.03587804362177849, 0.9940806031227112),
            ["RightLowerLeg"] = CFrame.new(5.238689482212067e-09, 4.172325134277344e-07, 7.283233571797609e-09, 1, 7.450583261459087e-09, 1.862645815364772e-09, -3.725290298461914e-09, 0.999987006187439, 0.005101947113871574, -1.0244548320770264e-08, -0.0051019396632909775, 0.9999870657920837),
            ["RightFoot"] = CFrame.new(1.6763806343078613e-08, 4.172325134277344e-07, -1.3205863069742918e-08, 0.9941443204879761, -0.06664852797985077, 0.08505896478891373, 0.07795565575361252, 0.9874424338340759, -0.13740581274032593, -0.07483299821615219, 0.14323225617408752, 0.9868559837341309),
            ["LeftLowerLeg"] = CFrame.new(-1.30385160446167e-08, -1.7881393432617188e-07, -2.60770320892334e-08, 1, 3.166497108963995e-08, -8.381904947896146e-09, -3.073364496231079e-08, 0.9353373050689697, 0.35375723242759705, 0, -0.35375717282295227, 0.9353373050689697),
        }},
        {Time = 0.067, Data = {
            ["LeftFoot"] = CFrame.new(-1.862645149230957e-08, -5.960464477539063e-08, -1.1175870895385742e-08, 0.9987401366233826, 0.04886447265744209, -0.01142078172415495, -0.05014819651842117, 0.9636044502258301, -0.2625865340232849, -0.001826062798500061, 0.262828528881073, 0.9648409485816956),
            ["LeftLowerArm"] = CFrame.new(1.1920928955078125e-07, -2.980232238769531e-07, 8.940696716308594e-08, 1, -1.4901159417490817e-08, 1.3411040811206476e-07, 9.685750512744562e-08, -0.43307700753211975, -0.901357114315033, 9.31322148289837e-08, 0.9013569951057434, -0.43307673931121826),
            ["LowerTorso"] = CFrame.new(0.038327306509017944, -0.012185454368591309, -0.08149917423725128, 0.9985125660896301, -0.0526362769305706, 0.014215906150639057, 0.05347277969121933, 0.9963300824165344, -0.06683649122714996, -0.010645709931850433, 0.06749723851680756, 0.9976626634597778),
            ["Head"] = CFrame.new(6.4319465309381485e-09, 2.384185791015625e-07, 1.8975697457790375e-08, 0.912552535533905, -0.4053073823451996, -0.05453380569815636, 0.40883633494377136, 0.907404363155365, 0.09731491655111313, 0.010041767731308937, -0.11110025644302368, 0.993758499622345),
            ["RightUpperArm"] = CFrame.new(-1.1920928955078125e-07, 3.5762786865234375e-07, 1.30385160446167e-08, 0.8528509140014648, -0.1601056605577469, 0.4970027804374695, 0.11040211468935013, 0.9856029748916626, 0.12805579602718353, -0.5103496313095093, -0.05434234067797661, 0.8582482933998108),
            ["UpperTorso"] = CFrame.new(-1.0477378964424133e-08, -2.9802322387695312e-08, 1.446460373699665e-08, 0.9993535876274109, 0.03153778985142708, 0.0172587800770998, -0.03199842572212219, 0.9991205930709839, 0.027098901569843292, -0.016388962045311928, -0.027633657678961754, 0.9994838237762451),
            ["HumanoidRootPart"] = CFrame.new(0, 0, 0, 1, 0, 0, 0, 1, 0, 0, 0, 1),
            ["RightHand"] = CFrame.new(-8.940696716308594e-08, 0, 1.1175870895385742e-07, -0.12439950555562973, -0.5315185189247131, 0.8378620147705078, 0.9795448780059814, -0.20039084553718567, 0.018312379717826843, 0.15816640853881836, 0.823001503944397, 0.545574963092804),
            ["LeftUpperArm"] = CFrame.new(-1.1920928955078125e-07, 4.76837158203125e-07, 2.0489096641540527e-08, 0.8352354764938354, 0.10032416880130768, -0.5406633615493774, -0.15727391839027405, 0.9857274889945984, -0.06005304306745529, 0.5269218683242798, 0.13519065082073212, 0.8390929102897644),
            ["RightLowerArm"] = CFrame.new(5.960464477539063e-08, 4.172325134277344e-07, -5.960464477539063e-08, 1, -8.568165554834195e-08, 1.415610029198433e-07, 6.42612434376133e-08, -0.4307875335216522, -0.9024534225463867, 1.7322595624591486e-07, 0.9024533629417419, -0.4307875633239746),
            ["LeftHand"] = CFrame.new(1.1920928955078125e-07, 3.5762786865234375e-07, 0, -0.05946146696805954, 0.5198574662208557, -0.8521808981895447, -0.9828203320503235, -0.17991378903388977, -0.041176244616508484, -0.17472460865974426, 0.8350923657417297, 0.521624743938446),
            ["RightUpperLeg"] = CFrame.new(-2.9802322387695312e-08, 5.541369318962097e-08, -3.196328179910779e-08, 0.9215607643127441, 0.1653667539358139, -0.3512543737888336, -0.09120673686265945, 0.9716446995735168, 0.21814681589603424, 0.37736865878105164, -0.16899898648262024, 0.9105121493339539),
            ["LeftUpperLeg"] = CFrame.new(5.960464477539063e-08, 2.8405338525772095e-08, -1.1641532182693481e-08, 0.994739830493927, 0.015250223688781261, 0.10129273682832718, -0.011179720051586628, 0.9991116523742676, -0.04063226655125618, -0.10182240605354309, 0.039286058396101, 0.9940265417098999),
            ["RightLowerLeg"] = CFrame.new(2.4709152057766914e-08, 1.7881393432617188e-07, 2.206797944381833e-08, 1, -3.725290298461914e-09, -5.122275936741971e-08, 0, 0.999987006187439, 0.0051031578332185745, 3.725290298461914e-09, -0.005103159695863724, 0.9999870657920837),
            ["RightFoot"] = CFrame.new(3.725290298461914e-08, 5.364418029785156e-07, 9.145878721028566e-09, 0.9938943386077881, -0.06681152433156967, 0.08780885487794876, 0.07846119999885559, 0.9874963164329529, -0.1367291510105133, -0.07757589966058731, 0.14278428256511688, 0.9867090582847595),
            ["LeftLowerLeg"] = CFrame.new(-3.725290298461914e-08, -1.7881393432617188e-07, 1.1175870895385742e-08, 1, 4.284084198502569e-08, 7.450582373280668e-09, -2.7939673685750677e-08, 0.9330121278762817, 0.35984525084495544, 1.909211100326047e-08, -0.3598451614379883, 0.933012068271637),
        }},
        {Time = 0.100, Data = {
            ["LeftFoot"] = CFrame.new(3.166496753692627e-08, 0, 1.4901161193847656e-08, 0.9987457990646362, 0.04880128428339958, -0.011199579574167728, -0.050029363483190536, 0.9636517763137817, -0.26243555545806885, -0.0020146991591900587, 0.2626667022705078, 0.9648845791816711),
            ["LeftLowerArm"] = CFrame.new(5.960464477539063e-08, 7.152557373046875e-07, -4.470348358154297e-08, 1, -5.960463056453591e-08, 1.564621925354004e-07, 7.450581307466564e-08, -0.4323084354400635, -0.9017259478569031, 1.564622067462551e-07, 0.9017258286476135, -0.432308167219162),
            ["LowerTorso"] = CFrame.new(0.03854408860206604, -0.011732816696166992, -0.08063988387584686, 0.998460590839386, -0.053588420152664185, 0.014310757629573345, 0.054438456892967224, 0.9962195158004761, -0.06769902259111404, -0.010628771036863327, 0.06837384402751923, 0.9976032376289368),
            ["Head"] = CFrame.new(8.469214662909508e-09, 2.384185791015625e-07, -2.2293534129858017e-08, 0.9174714684486389, -0.39449653029441833, -0.0511741004884243, 0.3977116346359253, 0.9123808741569519, 0.09688454866409302, 0.00846964679658413, -0.10924126207828522, 0.9939792156219482),
            ["RightUpperArm"] = CFrame.new(-5.960464477539063e-08, 1.1920928955078125e-07, -2.60770320892334e-08, 0.8477800488471985, -0.16645832359790802, 0.5035481452941895, 0.11453506350517273, 0.9845267534255981, 0.13262304663658142, -0.5178328156471252, -0.054761312901973724, 0.853727400302887),
            ["UpperTorso"] = CFrame.new(2.735760062932968e-09, -3.8743019104003906e-07, -9.778887033462524e-09, 0.999354362487793, 0.03230627253651619, 0.01572713814675808, -0.03272978961467743, 0.9990869760513306, 0.027460798621177673, -0.014825625345110893, -0.027957789599895477, 0.9994991421699524),
            ["HumanoidRootPart"] = CFrame.new(0, 0, 0, 1, 0, 0, 0, 1, 0, 0, 0, 1),
            ["RightHand"] = CFrame.new(0, 1.1920928955078125e-07, 1.564621925354004e-07, -0.13175316154956818, -0.5301452279090881, 0.8376080989837646, 0.9785454869270325, -0.20457659661769867, 0.024439897388219833, 0.15839853882789612, 0.8228574395179749, 0.5457245707511902),
            ["LeftUpperArm"] = CFrame.new(-1.1920928955078125e-07, 2.384185791015625e-07, -2.2351741790771484e-08, 0.8408748507499695, 0.10748256742954254, -0.5304499864578247, -0.16505272686481476, 0.9843217730522156, -0.06219494715332985, 0.5154485106468201, 0.13985033333301544, 0.8454316854476929),
            ["RightLowerArm"] = CFrame.new(2.384185791015625e-07, -4.76837158203125e-07, 1.4901161193847656e-08, 1, -1.4901157641133977e-08, 9.313225746154785e-08, 9.499491682163352e-08, -0.43078771233558655, -0.9024533629417419, 1.4528633585086936e-07, 0.9024533033370972, -0.430787593126297),
            ["LeftHand"] = CFrame.new(-1.4901161193847656e-07, 0, 3.129243850708008e-07, -0.008978359401226044, 0.5275955200195312, -0.8494485020637512, -0.9851202964782715, -0.15047113597393036, -0.08304573595523834, -0.17163211107254028, 0.8360631465911865, 0.5210957527160645),
            ["RightUpperLeg"] = CFrame.new(-8.940696716308594e-08, -5.392357707023621e-07, -1.5665136743336916e-08, 0.9208618402481079, 0.16635911166667938, -0.3526163399219513, -0.09165389835834503, 0.9714224934577942, 0.21894730627536774, 0.3789634108543396, -0.1693015843629837, 0.9097933173179626),
            ["LeftUpperLeg"] = CFrame.new(0, -4.186294972896576e-07, -1.7229467630386353e-08, 0.994755744934082, 0.016343912109732628, 0.10096544772386551, -0.012278333306312561, 0.9990935921669006, -0.04075806215405464, -0.10154009610414505, 0.039304714649915695, 0.9940547943115234),
            ["RightLowerLeg"] = CFrame.new(-4.922912921756506e-08, 4.172325134277344e-07, 2.419255906715989e-08, 1, 0, -2.7939687896605392e-08, 7.450580596923828e-09, 0.9999870657920837, 0.005103738978505135, -2.8870999813079834e-08, -0.005103727336972952, 0.999987006187439),
            ["RightFoot"] = CFrame.new(1.862645149230957e-09, 1.7881393432617188e-07, 1.4733814168721437e-08, 0.9937520027160645, -0.06683126837015152, 0.08939098566770554, 0.07866686582565308, 0.9875515103340149, -0.1362113207578659, -0.07917506247758865, 0.14239253103733063, 0.986638605594635),
            ["LeftLowerLeg"] = CFrame.new(6.51925802230835e-08, 0, 2.9802322387695312e-08, 1, 3.725290298461914e-08, 0, -2.7008351111135198e-08, 0.9327465891838074, 0.3605327308177948, 1.3504175555567599e-08, -0.36053264141082764, 0.9327466487884521),
        }},
        {Time = 0.133, Data = {
            ["LeftFoot"] = CFrame.new(-4.563480615615845e-08, 5.960464477539063e-08, 2.9802322387695312e-08, 0.9986676573753357, 0.050308968871831894, -0.011486872099339962, -0.05156485363841057, 0.9642389416694641, -0.2599700391292572, -0.002002744935452938, 0.26021596789360046, 0.9655483961105347),
            ["LeftLowerArm"] = CFrame.new(1.7881393432617188e-07, -4.172325134277344e-07, -7.450580596923828e-08, 1, -5.21540641784668e-08, 1.341104507446289e-07, 8.195638656616211e-08, -0.4301425814628601, -0.902760922908783, 1.601874828338623e-07, 0.9027609825134277, -0.43014270067214966),
            ["LowerTorso"] = CFrame.new(0.03592962026596069, -0.011340856552124023, -0.08017034828662872, 0.9984939694404602, -0.05295966938138008, 0.014322510920464993, 0.053823042660951614, 0.9961816668510437, -0.06874030828475952, -0.010627360083162785, 0.06940765678882599, 0.9975318312644958),
            ["Head"] = CFrame.new(-1.1059455573558807e-09, -3.5762786865234375e-07, 2.0372681319713593e-09, 0.9291127920150757, -0.36704152822494507, -0.04505639523267746, 0.3697354197502136, 0.9242534637451172, 0.0951378345489502, 0.006723994389176369, -0.10505260527133942, 0.9944440126419067),
            ["RightUpperArm"] = CFrame.new(0, -8.344650268554688e-07, 3.725290298461914e-08, 0.8425517082214355, -0.18027141690254211, 0.5075517892837524, 0.12528912723064423, 0.982074499130249, 0.1408277004957199, -0.5238408446311951, -0.05506389960646629, 0.8500345349311829),
            ["UpperTorso"] = CFrame.new(5.122274160385132e-09, 8.940696716308594e-08, 1.979060471057892e-09, 0.9993888735771179, 0.032043129205703735, 0.013968536630272865, -0.03242373839020729, 0.999083936214447, 0.027931058779358864, -0.0130607346072793, -0.028366893529891968, 0.9995123147964478),
            ["HumanoidRootPart"] = CFrame.new(0, 0, 0, 1, 0, 0, 0, 1, 0, 0, 0, 1),
            ["RightHand"] = CFrame.new(2.9802322387695312e-08, 0, -7.450580596923828e-08, -0.12716281414031982, -0.5359951853752136, 0.8345890045166016, 0.9796783924102783, -0.1994541883468628, 0.02117462269961834, 0.15511275827884674, 0.8203215003013611, 0.5504661202430725),
            ["LeftUpperArm"] = CFrame.new(2.384185791015625e-07, -8.344650268554688e-07, 2.0489096641540527e-08, 0.845984697341919, 0.11634764820337296, -0.520358681678772, -0.17224906384944916, 0.9832121729850769, -0.06020015850663185, 0.5046188831329346, 0.14055974781513214, 0.8518232107162476),
            ["RightLowerArm"] = CFrame.new(0, 0, 1.6391277313232422e-07, 1, -1.0058282384761696e-07, 1.4901162614933128e-07, 4.516913776342335e-08, -0.43078577518463135, -0.9024542570114136, 2.2351738948600541e-07, 0.9024541974067688, -0.4307859539985657),
            ["LeftHand"] = CFrame.new(-1.4901161193847656e-07, 2.384185791015625e-07, 1.7881393432617188e-07, 0.06347588449716568, 0.53675377368927, -0.8413478136062622, -0.9843677282333374, -0.10511001199483871, -0.14132282137870789, -0.16428960859775543, 0.8371663093566895, 0.5216912031173706),
            ["RightUpperLeg"] = CFrame.new(-2.9802322387695312e-08, 4.163011908531189e-07, -1.7527781892567873e-08, 0.9212222695350647, 0.16432541608810425, -0.35262835025787354, -0.08951766043901443, 0.9716278314590454, 0.21892011165618896, 0.3785976469516754, -0.1701076477766037, 0.9097951650619507),
            ["LeftUpperLeg"] = CFrame.new(0, 3.5390257835388184e-08, -1.5832483768463135e-08, 0.9947360754013062, 0.014006802812218666, 0.10150916874408722, -0.01028457097709179, 0.9992586970329285, -0.037099748849868774, -0.10195355117321014, 0.035860542207956314, 0.9941426515579224),
            ["RightLowerLeg"] = CFrame.new(6.802292773500085e-08, 2.980232238769531e-07, -1.6196281649172306e-08, 1, -1.4901164746561335e-08, -5.401672709126615e-08, 3.725290298461914e-09, 0.9999870657920837, 0.00510355643928051, 1.1175870895385742e-08, -0.0051035634241998196, 0.9999870657920837),
            ["RightFoot"] = CFrame.new(-2.60770320892334e-08, 2.384185791015625e-07, -2.9613147489726543e-09, 0.9938677549362183, -0.06561660021543503, 0.08900266885757446, 0.07735304534435272, 0.987743079662323, -0.13557341694831848, -0.07901594042778015, 0.14162687957286835, 0.9867615699768066),
            ["LeftLowerLeg"] = CFrame.new(7.450580596923828e-09, 0, 1.862645149230957e-08, 1, 2.6077039194660756e-08, -1.3969842171945857e-08, -3.352760913344355e-08, 0.9345741868019104, 0.3557683527469635, 1.3969836842875338e-08, -0.3557684123516083, 0.9345742464065552),
        }},
        {Time = 0.167, Data = {
            ["LeftFoot"] = CFrame.new(0, 1.7881393432617188e-07, -1.4901161193847656e-08, 0.998458206653595, 0.054006777703762054, -0.012828781269490719, -0.055497340857982635, 0.9663539528846741, -0.25115767121315, -0.0011670800158753991, 0.2514823079109192, 0.9678611755371094),
            ["LeftLowerArm"] = CFrame.new(-1.4901161193847656e-07, -1.7881393432617188e-07, 1.4901161193847656e-08, 1, -8.940698137394065e-08, 1.4901161193847656e-07, 8.940695295223122e-08, -0.4249524176120758, -0.9052157998085022, 1.6950069436916237e-07, 0.9052157402038574, -0.42495232820510864),
            ["LowerTorso"] = CFrame.new(0.029297426342964172, -0.011037945747375488, -0.08019749820232391, 0.9987369179725647, -0.04823549464344978, 0.014067929238080978, 0.049105290323495865, 0.9963397979736328, -0.06997011601924896, -0.01064139511436224, 0.07057255506515503, 0.9974498748779297),
            ["Head"] = CFrame.new(-8.731149137020111e-11, -4.76837158203125e-07, 4.394678398966789e-09, 0.9435690641403198, -0.32927992939949036, -0.03538742661476135, 0.3311444818973541, 0.9395508170127869, 0.0871071070432663, 0.004565669689327478, -0.09390981495380402, 0.9955702424049377),
            ["RightUpperArm"] = CFrame.new(-1.1920928955078125e-07, -7.152557373046875e-07, 0, 0.8414681553840637, -0.1894703507423401, 0.505996584892273, 0.13602037727832794, 0.9806220531463623, 0.14099302887916565, -0.5229053497314453, -0.049815304577350616, 0.8509339690208435),
            ["UpperTorso"] = CFrame.new(-5.122274160385132e-09, -1.4901161193847656e-07, 5.602487362921238e-09, 0.9994555115699768, 0.03074326179921627, 0.01197992917150259, -0.031072642654180527, 0.9991148710250854, 0.02835417352616787, -0.011097624897956848, -0.028710991144180298, 0.9995261430740356),
            ["HumanoidRootPart"] = CFrame.new(0, 0, 0, 1, 0, 0, 0, 1, 0, 0, 0, 1),
            ["RightHand"] = CFrame.new(-8.940696716308594e-08, -1.7881393432617188e-07, -3.203749656677246e-07, -0.10340641438961029, -0.5498262643814087, 0.8288532495498657, 0.983564019203186, -0.18053603172302246, 0.0029477563221007586, 0.14801697432994843, 0.815535306930542, 0.5594582557678223),
            ["LeftUpperArm"] = CFrame.new(1.1920928955078125e-07, -7.152557373046875e-07, 1.862645149230957e-09, 0.8507699370384216, 0.12198260426521301, -0.5111857056617737, -0.17561709880828857, 0.9827622175216675, -0.0577673502266407, 0.495327353477478, 0.1389196515083313, 0.8575267195701599),
            ["RightLowerArm"] = CFrame.new(0, 5.960464477539063e-08, 2.9802322387695312e-08, 1, -4.0978196835794733e-08, 1.043081283569336e-07, 9.103676745780831e-08, -0.4320523142814636, -0.9018486738204956, 1.9930300254600297e-07, 0.9018486142158508, -0.4320521652698517),
            ["LeftHand"] = CFrame.new(1.4901161193847656e-07, 0, -4.470348358154297e-08, 0.1503545194864273, 0.5641093254089355, -0.8118951320648193, -0.9785909652709961, -0.031827639788389206, -0.203339084982872, -0.14054611325263977, 0.8250864148139954, 0.5472473502159119),
            ["RightUpperLeg"] = CFrame.new(5.960464477539063e-08, -1.2759119272232056e-07, -7.283233571797609e-09, 0.9236957430839539, 0.1562429964542389, -0.3498203456401825, -0.0823633000254631, 0.9726986885070801, 0.21696466207504272, 0.3741690218448639, -0.17159704864025116, 0.9113463163375854),
            ["LeftUpperLeg"] = CFrame.new(2.9802322387695312e-08, -3.4924596548080444e-08, 2.2351741790771484e-08, 0.994592547416687, 0.00464800838381052, 0.10375016927719116, -0.0021121492609381676, 0.9996967315673828, -0.024538233876228333, -0.10383273661136627, 0.024186434224247932, 0.9943006634712219),
            ["RightLowerLeg"] = CFrame.new(8.557253750041127e-08, 4.172325134277344e-07, 3.430614015087485e-08, 1, 3.725291186640334e-09, -1.862645815364772e-09, 0, 0.999987006187439, 0.005101704970002174, -1.6763806343078613e-08, -0.0051017082296311855, 0.9999870657920837),
            ["RightFoot"] = CFrame.new(-4.284083843231201e-08, 4.172325134277344e-07, 1.1008523870259523e-08, 0.9944300651550293, -0.06288303434848785, 0.08458545058965683, 0.07394804060459137, 0.9881119728088379, -0.13478292524814606, -0.07510438561439514, 0.14028729498386383, 0.9872583150863647),
            ["LeftLowerLeg"] = CFrame.new(-1.1175870895385742e-08, 5.960464477539063e-08, -2.2351741790771484e-08, 1, 2.0489101970611046e-08, 4.656614649434232e-09, -2.7939673685750677e-08, 0.9414850473403931, 0.33705490827560425, 1.8160788428644992e-08, -0.3370548188686371, 0.9414850473403931),
        }},
        {Time = 0.200, Data = {
            ["LeftFoot"] = CFrame.new(-2.8870999813079834e-08, -5.960464477539063e-08, 3.3527612686157227e-08, 0.9981439709663391, 0.05888022482395172, -0.015551836229860783, -0.06088107079267502, 0.9710302948951721, -0.2310711145401001, 0.0014957885723561049, 0.2315889596939087, 0.9728126525878906),
            ["LeftLowerArm"] = CFrame.new(-5.960464477539063e-08, 1.1920928955078125e-07, -1.043081283569336e-07, 1, -1.1920928955078125e-07, 1.4901158351676713e-07, 1.0430811414607888e-07, -0.4146721661090851, -0.9099709391593933, 1.601874686230076e-07, 0.9099709391593933, -0.41467201709747314),
            ["LowerTorso"] = CFrame.new(0.020254291594028473, -0.010822534561157227, -0.08074857294559479, 0.9992111325263977, -0.03737415373325348, 0.013435432687401772, 0.03824075311422348, 0.9967148900032043, -0.07139384746551514, -0.010723011568188667, 0.07185129821300507, 0.9973577260971069),
            ["Head"] = CFrame.new(-5.413312464952469e-09, -2.384185791015625e-07, -1.6210833564400673e-08, 0.9578742384910583, -0.28623032569885254, -0.023435542359948158, 0.2871818542480469, 0.9551942348480225, 0.07162819057703018, 0.001883337739855051, -0.07534096390008926, 0.9971560835838318),
            ["RightUpperArm"] = CFrame.new(0, -5.960464477539062e-07, -7.450580596923828e-09, 0.8436571359634399, -0.20727656781673431, 0.4952564835548401, 0.1609954535961151, 0.9776877760887146, 0.13493356108665466, -0.5121748447418213, -0.034103646874427795, 0.8582039475440979),
            ["UpperTorso"] = CFrame.new(8.149072527885437e-10, 0, -1.3489625416696072e-08, 0.9995808601379395, 0.027254080399870872, 0.009765470400452614, -0.027524106204509735, 0.9992097616195679, 0.028675567358732224, -0.008976221084594727, -0.028932323679327965, 0.9995410442352295),
            ["HumanoidRootPart"] = CFrame.new(0, 0, 0, 1, 0, 0, 0, 1, 0, 0, 0, 1),
            ["RightHand"] = CFrame.new(-8.940696716308594e-08, -1.1920928955078125e-07, -2.421438694000244e-08, -0.037209589034318924, -0.5982095003128052, 0.8004755973815918, 0.9913898706436157, -0.12273332476615906, -0.04563659057021141, 0.12554499506950378, 0.7918851375579834, 0.5976254343986511),
            ["LeftUpperArm"] = CFrame.new(-2.384185791015625e-07, -2.384185791015625e-07, 3.725290298461914e-09, 0.8563147783279419, 0.12107138335704803, -0.5020624995231628, -0.1724848449230194, 0.9833585023880005, -0.057054195553064346, 0.4867999255657196, 0.13545456528663635, 0.8629473447799683),
            ["RightLowerArm"] = CFrame.new(1.1920928955078125e-07, 1.7881393432617188e-07, 1.043081283569336e-07, 1, -5.215405707303944e-08, 1.3224777717368852e-07, 9.639188647270203e-08, -0.42561018466949463, -0.9049067497253418, 1.862645149230957e-07, 0.9049066305160522, -0.4256099760532379),
            ["LeftHand"] = CFrame.new(0, 1.7881393432617188e-07, -1.862645149230957e-07, 0.25007501244544983, 0.6094209551811218, -0.7523754239082336, -0.9635571241378784, 0.08041983097791672, -0.25512802600860596, -0.09497422724962234, 0.7887578010559082, 0.6073228120803833),
            ["RightUpperLeg"] = CFrame.new(1.1920928955078125e-07, 3.259629011154175e-09, 1.2740201782435179e-08, 0.9280792474746704, 0.14101378619670868, -0.34465065598487854, -0.069008007645607, 0.9746249318122864, 0.2129420042037964, 0.36593279242515564, -0.1738434135913849, 0.9142601490020752),
            ["LeftUpperLeg"] = CFrame.new(-1.7881393432617188e-07, -1.6391277313232422e-07, 3.4458935260772705e-08, 0.9941115379333496, -0.013421786017715931, 0.10752778500318527, 0.013223166577517986, 0.9999092817306519, 0.002560071647167206, -0.10755237191915512, -0.0011230629170313478, 0.9941987991333008),
            ["RightLowerLeg"] = CFrame.new(1.1546944733709097e-08, 1.1920928955078125e-07, -1.2696546036750078e-08, 1, 1.4901166522918174e-08, -4.749745841081676e-08, 0, 0.9999870657920837, 0.005097583401948214, -1.6763806343078613e-08, -0.005097610875964165, 0.999987006187439),
            ["RightFoot"] = CFrame.new(-1.1175870895385742e-08, 2.980232238769531e-07, -2.2519088815897703e-08, 0.9952971339225769, -0.059412531554698944, 0.07650993019342422, 0.06932397186756134, 0.9885275363922119, -0.13419276475906372, -0.0676594078540802, 0.13886578381061554, 0.98799729347229),
            ["LeftLowerLeg"] = CFrame.new(5.774199962615967e-08, -5.960464477539063e-08, 3.725290298461914e-09, 1, 2.2351747119842003e-08, 2.7939681679356454e-09, -2.60770320892334e-08, 0.9557436108589172, 0.2942011058330536, 1.7462298274040222e-08, -0.2942011058330536, 0.9557435512542725),
        }},
        {Time = 0.233, Data = {
            ["LeftFoot"] = CFrame.new(-1.7695128917694092e-08, -1.1920928955078125e-07, -7.450580596923828e-09, 0.9977591633796692, 0.0640418604016304, -0.01937236078083515, -0.06661633402109146, 0.9778571128845215, -0.19838812947273254, 0.006238233298063278, 0.1992342621088028, 0.9799321293830872),
            ["LeftLowerArm"] = CFrame.new(-1.7881393432617188e-07, 5.960464477539063e-08, -8.940696716308594e-08, 1, -8.940698137394065e-08, 1.192092469182171e-07, 5.215405707303944e-08, -0.37304502725601196, -0.9278131723403931, 1.210719204891575e-07, 0.9278132319450378, -0.37304508686065674),
            ["LowerTorso"] = CFrame.new(0.010263107717037201, -0.010750174522399902, -0.08184857666492462, 0.9996671676635742, -0.022521669045090675, 0.012582371011376381, 0.02338176779448986, 0.9970573782920837, -0.07300589978694916, -0.01090113166719675, 0.07327578961849213, 0.9972521662712097),
            ["Head"] = CFrame.new(6.693881005048752e-10, 2.384185791015625e-07, 1.0804797057062387e-09, 0.9708470702171326, -0.23938919603824615, -0.012202968820929527, 0.2396976351737976, 0.9693488478660583, 0.05392500385642052, -0.0010801303433254361, -0.055277835577726364, 0.9984704852104187),
            ["RightUpperArm"] = CFrame.new(1.1920928955078125e-07, 7.152557373046875e-07, 2.7939677238464355e-09, 0.8486689925193787, -0.22117947041988373, 0.4804587960243225, 0.1738608479499817, 0.9745469689369202, 0.14153021574020386, -0.4995332658290863, -0.03657931834459305, 0.8655221462249756),
            ["UpperTorso"] = CFrame.new(1.9208528101444244e-09, 8.940696716308594e-08, -1.1432348401285708e-08, 0.9997506737709045, 0.021061668172478676, 0.007420867681503296, -0.021267933771014214, 0.9993558526039124, 0.02890920266509056, -0.006807205267250538, -0.029059819877147675, 0.9995545744895935),
            ["HumanoidRootPart"] = CFrame.new(0, 0, 0, 1, 0, 0, 0, 1, 0, 0, 0, 1),
            ["RightHand"] = CFrame.new(2.9802322387695312e-08, 0, -1.4901161193847656e-08, 0.08445896208286285, -0.6822580099105835, 0.726216733455658, 0.9928191900253296, -0.004343951120972633, -0.1195460706949234, 0.08471564948558807, 0.7310985922813416, 0.6769919395446777),
            ["LeftUpperArm"] = CFrame.new(-2.384185791015625e-07, 5.960464477539062e-07, 1.30385160446167e-08, 0.8619856238365173, 0.111719511449337, -0.49446913599967957, -0.16126759350299835, 0.9851729273796082, -0.058542098850011826, 0.4805973172187805, 0.13020430505275726, 0.8672215342521667),
            ["RightLowerArm"] = CFrame.new(-2.9802322387695312e-08, 5.960464477539063e-08, 7.450580596923828e-08, 1, -5.587935447692871e-08, 1.294538236606968e-07, 7.729975237680264e-08, -0.38280072808265686, -0.9238309264183044, 9.499488129449674e-08, 0.9238309264183044, -0.38280078768730164),
            ["LeftHand"] = CFrame.new(1.7881393432617188e-07, 1.1920928955078125e-07, -6.705522537231445e-08, 0.36312833428382874, 0.6454294323921204, -0.6719812750816345, -0.9309467673301697, 0.22159266471862793, -0.29023268818855286, -0.03841863200068474, 0.7309703826904297, 0.6813268065452576),
            ["RightUpperLeg"] = CFrame.new(0, -6.193295121192932e-08, 1.0411895345896482e-08, 0.9328120350837708, 0.12137877941131592, -0.3393067717552185, -0.0513690710067749, 0.9767401218414307, 0.20818249881267548, 0.3566834032535553, -0.17676545679569244, 0.9173499941825867),
            ["LeftUpperLeg"] = CFrame.new(0, -1.862645149230957e-08, -1.862645149230957e-08, 0.9931004643440247, -0.037553563714027405, 0.11109127104282379, 0.032689351588487625, 0.9984390735626221, 0.04528795927762985, -0.11261853575706482, -0.04134406894445419, 0.9927778244018555),
            ["RightLowerLeg"] = CFrame.new(-3.893364919349551e-08, 6.556510925292969e-07, 4.270987119525671e-09, 1, 3.7252898543727042e-09, -4.749747262167148e-08, 7.450580596923828e-09, 0.999987006187439, 0.005092004779726267, -3.026798367500305e-08, -0.0050920057110488415, 0.9999871253967285),
            ["RightFoot"] = CFrame.new(3.5390257835388184e-08, 2.980232238769531e-07, 2.2184394765645266e-08, 0.9961684942245483, -0.05544633790850639, 0.06763231009244919, 0.06413330137729645, 0.9889179468154907, -0.13389603793621063, -0.059458762407302856, 0.13772082328796387, 0.988684892654419),
            ["LeftLowerLeg"] = CFrame.new(5.122274160385132e-08, -5.960464477539063e-08, -5.587935447692871e-09, 1, 2.2351738238057806e-08, 3.725291630729544e-09, -1.6298145055770874e-08, 0.9746161103248596, 0.22388310730457306, 1.234002411365509e-08, -0.2238830029964447, 0.9746160507202148),
        }},
        {Time = 0.267, Data = {
            ["LeftFoot"] = CFrame.new(-1.6763806343078613e-08, -5.960464477539063e-08, 1.1175870895385742e-08, 0.9973570108413696, 0.06867284327745438, -0.02373194321990013, -0.07141938805580139, 0.98663729429245, -0.14644554257392883, 0.013358001597225666, 0.14775335788726807, 0.9889340996742249),
            ["LeftLowerArm"] = CFrame.new(-2.9802322387695312e-08, 1.7881393432617188e-07, 2.9802322387695312e-08, 1, -8.195639367158947e-08, 1.0337680578231812e-07, 8.195638656616211e-08, -0.2592885196208954, -0.9657999277114868, 1.2665987014770508e-07, 0.9657999873161316, -0.2592884600162506),
            ["LowerTorso"] = CFrame.new(0.0007820744067430496, -0.010851860046386719, -0.08365504443645477, 0.9999052286148071, -0.0072234682738780975, 0.011728702113032341, 0.0080711143091321, 0.9972323179244995, -0.07391045242547989, -0.01116235088557005, 0.0739981085062027, 0.9971959590911865),
            ["Head"] = CFrame.new(-9.022187441587448e-10, -2.384185791015625e-07, 5.4569682106375694e-09, 0.9814974665641785, -0.19144046306610107, -0.003667652141302824, 0.19143706560134888, 0.9807358980178833, 0.03884711116552353, -0.003839911427348852, -0.038830358535051346, 0.9992384314537048),
            ["RightUpperArm"] = CFrame.new(0, -1.1920928955078125e-07, -9.313225746154785e-10, 0.8605245351791382, -0.23505574464797974, 0.45193636417388916, 0.17470432817935944, 0.9695491790771484, 0.17161858081817627, -0.47851434350013733, -0.06872677803039551, 0.8753859400749207),
            ["UpperTorso"] = CFrame.new(8.731149137020111e-10, -2.384185791015625e-07, -1.7373167793266475e-08, 0.9998955130577087, 0.013530218042433262, 0.0051046269945800304, -0.013672959059476852, 0.9994844794273376, 0.02905016578733921, -0.004708935506641865, -0.029116922989487648, 0.9995649456977844),
            ["HumanoidRootPart"] = CFrame.new(0, 0, 0, 1, 0, 0, 0, 1, 0, 0, 0, 1),
            ["RightHand"] = CFrame.new(2.086162567138672e-07, 0, -3.203749656677246e-07, 0.24904146790504456, -0.7567479610443115, 0.6044096350669861, 0.9676185250282288, 0.16790513694286346, -0.18847355246543884, 0.04114348068833351, 0.6317756772041321, 0.7740586996078491),
            ["LeftUpperArm"] = CFrame.new(0, -1.1920928955078125e-07, -1.862645149230957e-09, 0.8681249022483826, 0.10937982052564621, -0.48414403200149536, -0.14052318036556244, 0.9896705150604248, -0.02838350646197796, 0.4760384261608124, 0.0926738753914833, 0.8745279312133789),
            ["RightLowerArm"] = CFrame.new(1.7881393432617188e-07, 1.1920928955078125e-07, -1.4901161193847656e-08, 1, -8.754432911928234e-08, 1.1175870895385742e-07, 1.1734665861240501e-07, -0.2744620442390442, -0.9615979790687561, 1.5832485189548606e-07, 0.9615979790687561, -0.274461954832077),
            ["LeftHand"] = CFrame.new(8.940696716308594e-08, -1.7881393432617188e-07, -4.0046870708465576e-08, 0.47948479652404785, 0.6648237109184265, -0.5728036761283875, -0.8774532675743103, 0.3729213774204254, -0.30167126655578613, 0.013052512891590595, 0.6472551226615906, 0.7621617913246155),
            ["RightUpperLeg"] = CFrame.new(-2.9802322387695312e-08, -1.618172973394394e-07, -2.8237991500645876e-08, 0.9366551041603088, 0.1014622375369072, -0.33523550629615784, -0.03318638727068901, 0.9785255193710327, 0.20343667268753052, 0.3486775755882263, -0.1794247329235077, 0.9199080467224121),
            ["LeftUpperLeg"] = CFrame.new(-5.960464477539063e-08, -6.076879799365997e-08, -2.3283064365386963e-08, 0.9916302561759949, -0.06441120058298111, 0.11189592629671097, 0.052087560296058655, 0.9925916790962219, 0.10976650565862656, -0.11813711374998093, -0.10301931947469711, 0.9876389503479004),
