return {
    ["Heart Ceremony"] = {
        {Time = 0.000, Data = {
            ["RightFoot"] = CFrame.new(1.1641532182693481e-08, 3.5762786865234375e-07, 1.845910446718335e-08, 0.8807774782180786, -0.06827732920646667, -0.4685823917388916, -0.1362013965845108, 0.9112051725387573, -0.3887850344181061, 0.4535198211669922, 0.40625524520874023, 0.793269693851471),
            ["LeftLowerArm"] = CFrame.new(3.5762786865234375e-07, 0, -1.341104507446289e-07, 1, -4.097817196679898e-08, 7.450579886381092e-08, 1.266598843585598e-07, 0.19841264188289642, -0.9801185727119446, 6.705523247774181e-08, 0.9801185727119446, 0.19841264188289642),
            ["LeftFoot"] = CFrame.new(-9.685754776000977e-08, -1.1920928955078125e-07, 3.166496753692627e-08, 0.9621030688285828, -0.17997199296951294, -0.20486049354076385, 0.11177267134189606, 0.9455335736274719, -0.3057347238063812, 0.24872584640979767, 0.2712499797344208, 0.9298164248466492),
            ["Head"] = CFrame.new(2.60770320892334e-08, -4.76837158203125e-07, -1.6391277313232422e-07, 0.6103159785270691, 0.4118954539299011, -0.676650881767273, -0.5194981098175049, 0.8529688119888306, 0.050655536353588104, 0.5980269312858582, 0.32060322165489197, 0.7345594763755798),
            ["LowerTorso"] = CFrame.new(0.0895877331495285, -0.3734234571456909, 0.3327849209308624, 0.7788477540016174, -0.3560156524181366, 0.5163806676864624, 0.25249573588371277, 0.93160480260849, 0.26145464181900024, -0.5741446614265442, -0.0732494369149208, 0.8154706954956055),
            ["UpperTorso"] = CFrame.new(-1.2665987014770508e-07, -1.7881393432617188e-07, 1.6763806343078613e-08, 0.9769535064697266, 0.2134455293416977, 0.0016961994115263224, -0.20417053997516632, 0.9321244359016418, 0.29909637570381165, 0.06225978583097458, -0.29254961013793945, 0.9542214274406433),
            ["HumanoidRootPart"] = CFrame.new(0, 0, 0, 1, 0, 0, 0, 1, 0, 0, 0, 1),
            ["RightUpperLeg"] = CFrame.new(-8.940696716308594e-08, 1.3248063623905182e-07, 1.0633812053129077e-07, 0.9468274116516113, 0.24982483685016632, -0.20274484157562256, -0.31191450357437134, 0.5581771731376648, -0.7688612937927246, -0.07891304790973663, 0.7912179827690125, 0.6064213514328003),
            ["LeftUpperArm"] = CFrame.new(1.1920928955078125e-07, -3.5762786865234375e-07, -5.960464477539063e-08, 0.6109657287597656, -0.12118576467037201, -0.7823266386985779, -0.6250906586647034, 0.5325449705123901, -0.5706641674041748, 0.4857805371284485, 0.8376813530921936, 0.24961456656455994),
            ["RightLowerArm"] = CFrame.new(4.76837158203125e-07, -5.960464477539063e-08, -6.556510925292969e-07, 1, -6.146728992462158e-08, -7.450583261459087e-09, 1.4901164746561335e-08, 0.761306643486023, -0.6483920812606812, 4.4703494239684005e-08, 0.6483920216560364, 0.7613067030906677),
            ["LeftHand"] = CFrame.new(5.960464477539063e-08, 1.1920928955078125e-07, 0, 0.8296061158180237, 0.020987538620829582, 0.5579544305801392, 0.3266441524028778, 0.7922042608261108, -0.5154759287834167, -0.4528326988220215, 0.6098950505256653, 0.650362491607666),
            ["RightHand"] = CFrame.new(-8.940696716308594e-08, 3.5762786865234375e-07, -1.4901161193847656e-08, 0.6979237794876099, -0.6844139695167542, -0.21090255677700043, 0.46333739161491394, 0.6560602784156799, -0.5957376956939697, 0.5460960865020752, 0.3180606961250305, 0.7749947309494019),
            ["RightUpperArm"] = CFrame.new(-5.960464477539063e-08, 0, -8.940696716308594e-08, 0.965453028678894, -0.1609315723180771, 0.20494304597377777, 0.23615145683288574, 0.207902729511261, -0.9492149949073792, 0.11015051603317261, 0.9648200273513794, 0.2387244701385498),
            ["RightLowerLeg"] = CFrame.new(7.450580596923828e-09, -0.0000603795051574707, -0.00007223913416964933, 1, -1.7881389169360773e-07, -1.0244550452398471e-07, 1.7881397695873602e-07, 0.4772443175315857, 0.8787705302238464, -5.5879368687783426e-08, -0.8787707090377808, 0.47724470496177673),
            ["LeftUpperLeg"] = CFrame.new(0, 8.568167686462402e-08, -8.940696716308594e-08, 0.8803690075874329, -0.021042795851826668, -0.4738224744796753, -0.4596840739250183, 0.20815445482730865, -0.8633437752723694, 0.11679545044898987, 0.9778696298599243, 0.17357976734638214),
            ["LeftLowerLeg"] = CFrame.new(1.0058283805847168e-07, 0.00006097555160522461, 0.00007220730185508728, 1, 8.195640788244418e-08, 1.378357268322361e-07, -1.1175869474300271e-07, 0.18734878301620483, 0.982293426990509, 4.0978189730367376e-08, -0.9822935461997986, 0.18734881281852722),
        }},
        {Time = 0.012, Data = {
            ["RightFoot"] = CFrame.new(-9.778887033462524e-09, 3.5762786865234375e-07, -2.9038346838206053e-08, 0.8785520195960999, -0.07218765467405319, -0.4721606373786926, -0.1327635645866394, 0.9126548171043396, -0.38656818866729736, 0.4588248133659363, 0.4023062288761139, 0.7922307252883911),
            ["LeftLowerArm"] = CFrame.new(2.086162567138672e-07, -5.364418029785156e-07, 1.7881393432617188e-07, 1, -1.0058281674218961e-07, 6.705523958316917e-08, 5.96046660916727e-08, 0.19969962537288666, -0.9798572659492493, 9.685758328714655e-08, 0.9798572063446045, 0.19969959557056427),
            ["LeftFoot"] = CFrame.new(-8.568167686462402e-08, 5.960464477539063e-08, -1.4901161193847656e-08, 0.9604943990707397, -0.18827326595783234, -0.20494894683361053, 0.12090922147035599, 0.9456023573875427, -0.30202314257621765, 0.25066202878952026, 0.2653101980686188, 0.9310091137886047),
            ["Head"] = CFrame.new(-2.2351741790771484e-08, -2.384185791015625e-07, -1.6391277313232422e-07, 0.6053892374038696, 0.416434645652771, -0.6782963871955872, -0.5161299109458923, 0.8541356325149536, 0.06373639404773712, 0.6058992147445679, 0.31150388717651367, 0.7320190072059631),
            ["LowerTorso"] = CFrame.new(0.09591833502054214, -0.36815786361694336, 0.32766395807266235, 0.7686550617218018, -0.36600151658058167, 0.5246068835258484, 0.26114463806152344, 0.9282233119010925, 0.26496219635009766, -0.5839288830757141, -0.06666626781225204, 0.8090628981590271),
            ["UpperTorso"] = CFrame.new(1.043081283569336e-07, -2.9802322387695312e-08, 2.2351741790771484e-08, 0.974722146987915, 0.22341890633106232, 0.000975564238615334, -0.21357832849025726, 0.9304903149604797, 0.2976106107234955, 0.06558410078287125, -0.29029589891433716, 0.9546869397163391),
            ["HumanoidRootPart"] = CFrame.new(0, 0, 0, 1, 0, 0, 0, 1, 0, 0, 0, 1),
            ["RightUpperLeg"] = CFrame.new(-5.960464477539063e-08, 5.820766091346741e-08, -1.1008523870259523e-08, 0.9425134062767029, 0.25634896755218506, -0.21436849236488342, -0.3261246085166931, 0.565715491771698, -0.7573697566986084, -0.0728793814778328, 0.7837418913841248, 0.6167960166931152),
            ["LeftUpperArm"] = CFrame.new(0, -2.384185791015625e-07, -1.043081283569336e-07, 0.6022663712501526, -0.11321275681257248, -0.7902266383171082, -0.6344717741012573, 0.5328749418258667, -0.559901773929596, 0.4844801127910614, 0.8385864496231079, 0.249102383852005),
            ["RightLowerArm"] = CFrame.new(-3.5762786865234375e-07, 1.1920928955078125e-07, -3.2782554626464844e-07, 1, -1.862644971595273e-08, 9.685754776000977e-08, 8.940695295223122e-08, 0.7586508393287659, -0.651497483253479, -2.9802318834981634e-08, 0.6514974236488342, 0.7586508393287659),
            ["LeftHand"] = CFrame.new(-8.940696716308594e-08, 0, -4.023313522338867e-07, 0.8320921063423157, 0.02098313719034195, 0.5542405247688293, 0.32527828216552734, 0.7909287810325623, -0.5182904601097107, -0.4492402672767639, 0.6115484237670898, 0.6513005495071411),
            ["RightHand"] = CFrame.new(2.9802322387695312e-08, -5.960464477539063e-08, -2.2351741790771484e-07, 0.7008931040763855, -0.6834165453910828, -0.20418281853199005, 0.4669452905654907, 0.6560373902320862, -0.5929393768310547, 0.5391762256622314, 0.32024502754211426, 0.7789302468299866),
            ["RightUpperArm"] = CFrame.new(0, 0, -3.725290298461914e-07, 0.9674700498580933, -0.1629088968038559, 0.1935523897409439, 0.22596845030784607, 0.21245072782039642, -0.9506856203079224, 0.1137547492980957, 0.9634965062141418, 0.2423519790172577),
            ["RightLowerLeg"] = CFrame.new(-7.450580596923828e-08, -0.0000603795051574707, -0.00007220933184726164, 1, -1.1920930376163597e-07, -1.1175873737556685e-07, 1.2293456563838845e-07, 0.4954303205013275, 0.8686475157737732, -5.215405707303944e-08, -0.8686478137969971, 0.4954306483268738),
            ["LeftUpperLeg"] = CFrame.new(-5.960464477539063e-08, 1.341104507446289e-07, 4.470348358154297e-08, 0.8695317506790161, -0.025677284225821495, -0.49320921301841736, -0.47800055146217346, 0.20742133259773254, -0.8535174131393433, 0.1242181658744812, 0.9779146909713745, 0.16808563470840454),
            ["LeftLowerLeg"] = CFrame.new(-5.3085386753082275e-08, 0.000060498714447021484, 0.00007203221321105957, 1, 7.4505820180093e-08, 1.0058280253133489e-07, -1.7881393432617188e-07, 0.19479145109653473, 0.9808446764945984, 4.6566128730773926e-08, -0.9808447360992432, 0.19479146599769592),
        }},
        {Time = 0.023, Data = {
            ["RightFoot"] = CFrame.new(5.122274160385132e-09, 2.384185791015625e-07, -1.673470251262188e-10, 0.8787744045257568, -0.07566160708665848, -0.47120174765586853, -0.1273007094860077, 0.914414644241333, -0.38424012064933777, 0.4599459767341614, 0.39764463901519775, 0.793932318687439),
            ["LeftLowerArm"] = CFrame.new(-4.76837158203125e-07, 3.5762786865234375e-07, -1.4901161193847656e-07, 1, -1.2293455142753373e-07, 8.195635814445268e-08, 1.1175868053214799e-07, 0.199260413646698, -0.9799466133117676, 1.1175868053214799e-07, 0.9799466133117676, 0.19926032423973083),
            ["LeftFoot"] = CFrame.new(1.0803341865539551e-07, 0, -7.171183824539185e-08, 0.9591670632362366, -0.1958090364933014, -0.20410236716270447, 0.1293553113937378, 0.9454131722450256, -0.2991015613079071, 0.2515268325805664, 0.2604856491088867, 0.9321375489234924),
            ["Head"] = CFrame.new(7.450580596923828e-08, 0, 7.450580596923828e-08, 0.6030804514884949, 0.41854700446128845, -0.6790525317192078, -0.5111628174781799, 0.856307327747345, 0.07382732629776001, 0.6123778223991394, 0.30258265137672424, 0.7303678393363953),
            ["LowerTorso"] = CFrame.new(0.1010839119553566, -0.3618621826171875, 0.3224673569202423, 0.759315550327301, -0.3746170103549957, 0.532073438167572, 0.26938360929489136, 0.9252734780311584, 0.26702335476875305, -0.5923449397087097, -0.05942310392856598, 0.803490161895752),
            ["UpperTorso"] = CFrame.new(-1.1175870895385742e-07, -2.384185791015625e-07, -5.960464477539063e-08, 0.9723665714263916, 0.23345962166786194, 0.00022047761012800038, -0.2229558229446411, 0.9283373355865479, 0.2974570095539093, 0.06923934072256088, -0.28928640484809875, 0.954735279083252),
            ["HumanoidRootPart"] = CFrame.new(0, 0, 0, 1, 0, 0, 0, 1, 0, 0, 0, 1),
            ["RightUpperLeg"] = CFrame.new(-1.4901161193847656e-07, -7.241033017635345e-08, -1.2276723282411695e-07, 0.9380547404289246, 0.2611941695213318, -0.22766447067260742, -0.34072211384773254, 0.576008677482605, -0.7430495023727417, -0.06294357776641846, 0.7745912075042725, 0.6293221712112427),
            ["LeftUpperArm"] = CFrame.new(-1.1920928955078125e-07, 0, 4.470348358154297e-08, 0.5955341458320618, -0.10635505616664886, -0.7962586283683777, -0.6412482261657715, 0.5341039896011353, -0.5509390234947205, 0.48388004302978516, 0.838702380657196, 0.24987715482711792),
            ["RightLowerArm"] = CFrame.new(5.960464477539063e-08, 5.960464477539063e-08, 8.940696716308594e-08, 1, -7.450580596923828e-09, 3.72529100900465e-08, 4.4703490686970326e-08, 0.7571277022361755, -0.6532670259475708, 1.4901162970204496e-08, 0.653266966342926, 0.7571277022361755),
            ["LeftHand"] = CFrame.new(-1.7881393432617188e-07, -1.1920928955078125e-07, 3.129243850708008e-07, 0.8340141773223877, 0.023266347125172615, 0.5512521862983704, 0.32176676392555237, 0.7911086082458496, -0.5202051997184753, -0.4482036828994751, 0.611233115196228, 0.6523094177246094),
            ["RightHand"] = CFrame.new(-2.9802322387695312e-08, 1.1920928955078125e-07, -1.9371509552001953e-07, 0.705559492111206, -0.6806326508522034, -0.1972941905260086, 0.4679561257362366, 0.6565671563148499, -0.5915541648864746, 0.5321681499481201, 0.3250519335269928, 0.7817535996437073),
            ["RightUpperArm"] = CFrame.new(0, 0, -1.4901161193847656e-08, 0.9695653915405273, -0.1635441929101944, 0.18219900131225586, 0.2154993861913681, 0.2168540358543396, -0.9521210193634033, 0.11620326340198517, 0.9624072313308716, 0.24549779295921326),
            ["RightLowerLeg"] = CFrame.new(1.1175870895385742e-07, -0.00006026029586791992, -0.00007204541907412931, 1, -1.1920930376163597e-07, -1.192093463942001e-07, 1.564622067462551e-07, 0.5154926180839539, 0.8568938374519348, -1.1920930376163597e-07, -0.8568940162658691, 0.5154930353164673),
            ["LeftUpperLeg"] = CFrame.new(0, 8.568167686462402e-08, -1.4901161193847656e-07, 0.8589730858802795, -0.029047759249806404, -0.5111961960792542, -0.4947550296783447, 0.20999374985694885, -0.8432794213294983, 0.13184331357479095, 0.9772710800170898, 0.16600748896598816),
            ["LeftLowerLeg"] = CFrame.new(-1.30385160446167e-08, 0.000060558319091796875, 0.0000721542164683342, 1, 8.195640788244418e-08, 1.0430809993522416e-07, -1.3411046495548362e-07, 0.20314264297485352, 0.9791491627693176, 7.264316792543468e-08, -0.9791492223739624, 0.2031426578760147),
        }},
        {Time = 0.035, Data = {
            ["RightFoot"] = CFrame.new(2.6542693376541138e-08, 2.384185791015625e-07, -1.6465492080897093e-08, 0.8801706433296204, -0.0787263736128807, -0.4680836498737335, -0.12082454562187195, 0.9165045022964478, -0.3813405930995941, 0.4590221047401428, 0.39220115542411804, 0.7971682548522949),
            ["LeftLowerArm"] = CFrame.new(-2.384185791015625e-07, 2.980232238769531e-07, 1.4901161193847656e-08, 1, -1.0058281674218961e-07, 7.450580596923828e-08, 8.195639367158947e-08, 0.1983753740787506, -0.980126142501831, 5.2154071283894154e-08, 0.9801262021064758, 0.19837534427642822),
            ["LeftFoot"] = CFrame.new(1.30385160446167e-07, 5.960464477539063e-08, 7.450580596923828e-09, 0.9579342603683472, -0.20262494683265686, -0.2032368779182434, 0.13691119849681854, 0.9450470209121704, -0.2968871295452118, 0.2522248923778534, 0.25657224655151367, 0.9330342411994934),
            ["Head"] = CFrame.new(-1.3783574104309082e-07, -3.5762786865234375e-07, 4.470348358154297e-08, 0.6029024124145508, 0.4195234477519989, -0.6786078214645386, -0.505283772945404, 0.8590340614318848, 0.08215080946683884, 0.6174115538597107, 0.2933608293533325, 0.7298922538757324),
            ["LowerTorso"] = CFrame.new(0.10549180954694748, -0.3549966812133789, 0.3171357214450836, 0.7509511113166809, -0.38223451375961304, 0.5384879112243652, 0.27730774879455566, 0.922598123550415, 0.2681662142276764, -0.5993103384971619, -0.052052851766347885, 0.7988226413726807),
            ["UpperTorso"] = CFrame.new(3.3527612686157227e-08, -5.960464477539063e-08, 2.421438694000244e-08, 0.9700040817260742, 0.24308866262435913, -0.00028777122497558594, -0.23197239637374878, 0.925998866558075, 0.2978507876396179, 0.072670578956604, -0.28884974122047424, 0.9546123743057251),
            ["HumanoidRootPart"] = CFrame.new(0, 0, 0, 1, 0, 0, 0, 1, 0, 0, 0, 1),
            ["RightUpperLeg"] = CFrame.new(-2.9802322387695312e-08, 7.206108421087265e-08, 5.697802407667041e-08, 0.9334555268287659, 0.26602622866630554, -0.2406051605939865, -0.35488471388816833, 0.5874625444412231, -0.7272858023643494, -0.05213049799203873, 0.7642760872840881, 0.642778754234314),
            ["LeftUpperArm"] = CFrame.new(5.960464477539063e-08, 0, -1.4901161193847656e-08, 0.5918295383453369, -0.09995230287313461, -0.799842119216919, -0.6455076932907104, 0.5355194807052612, -0.544553816318512, 0.482760488986969, 0.8385871648788452, 0.25241613388061523),
            ["RightLowerArm"] = CFrame.new(0, 0, -4.470348358154297e-07, 1, -1.862645149230957e-09, 5.960465898624534e-08, 4.470348358154297e-08, 0.7563022375106812, -0.6542224884033203, 0, 0.6542223691940308, 0.7563022971153259),
            ["LeftHand"] = CFrame.new(1.4901161193847656e-07, -5.960464477539063e-08, 1.341104507446289e-07, 0.8346804976463318, 0.025653759017586708, 0.5501368641853333, 0.31834810972213745, 0.7926463484764099, -0.5199673771858215, -0.44940313696861267, 0.6091418862342834, 0.6534397006034851),
            ["RightHand"] = CFrame.new(2.384185791015625e-07, 5.960464477539063e-08, -5.960464477539063e-08, 0.7103083729743958, -0.6773369908332825, -0.19151069223880768, 0.46780240535736084, 0.657554566860199, -0.5905784964561462, 0.5259495973587036, 0.32990384101867676, 0.7839265465736389),
            ["RightUpperArm"] = CFrame.new(1.1920928955078125e-07, -3.5762786865234375e-07, 1.4901161193847656e-08, 0.9717941284179688, -0.16254113614559174, 0.17087022960186005, 0.20465564727783203, 0.22121718525886536, -0.9535088539123535, 0.11718517541885376, 0.9615837335586548, 0.24824240803718567),
            ["RightLowerLeg"] = CFrame.new(-5.960464477539063e-08, -0.000060439109802246094, -0.00007224658475024626, 1, -1.5646212148112681e-07, -3.725290653733282e-08, 1.1175868053214799e-07, 0.5366244316101074, 0.843821108341217, -3.725289587919178e-08, -0.8438211679458618, 0.5366247296333313),
            ["LeftUpperLeg"] = CFrame.new(5.960464477539063e-08, -4.470348358154297e-08, 0, 0.8488701581954956, -0.030849236994981766, -0.5277004837989807, -0.5100465416908264, 0.21437540650367737, -0.8330039978027344, 0.13882361352443695, 0.9762641191482544, 0.1662423461675644),
            ["LeftLowerLeg"] = CFrame.new(1.1455267667770386e-07, 0.000060617923736572266, 0.00007204525172710419, 1, 1.192093463942001e-07, 9.685756197086448e-08, -1.3411047916633834e-07, 0.2118048518896103, 0.9773120880126953, 8.475037560629062e-08, -0.9773120880126953, 0.2118048518896103),
        }},
        {Time = 0.047, Data = {
            ["RightFoot"] = CFrame.new(1.1641532182693481e-08, 3.5762786865234375e-07, 4.0810846257954836e-08, 0.8822669982910156, -0.08157259225845337, -0.4636283814907074, -0.1137373149394989, 0.9187564253807068, -0.37808749079704285, 0.45680296421051025, 0.3863062560558319, 0.8013105392456055),
            ["LeftLowerArm"] = CFrame.new(-4.172325134277344e-07, -1.7881393432617188e-07, -5.960464477539063e-08, 1, 0, 5.21540641784668e-08, 8.940694584680386e-08, 0.19729666411876678, -0.9803438782691956, 2.9802315282267955e-08, 0.9803438186645508, 0.19729667901992798),
            ["LeftFoot"] = CFrame.new(4.0978193283081055e-08, 5.960464477539063e-08, -1.210719347000122e-08, 0.9568099975585938, -0.2087196260690689, -0.20236359536647797, 0.14360663294792175, 0.9445688724517822, -0.2952412962913513, 0.25276854634284973, 0.253428190946579, 0.9337459802627563),
            ["Head"] = CFrame.new(7.450580596923828e-09, 3.5762786865234375e-07, -8.940696716308594e-08, 0.6047451496124268, 0.42002153396606445, -0.676657497882843, -0.4989236295223236, 0.8620437383651733, 0.08919621258974075, 0.6207724809646606, 0.28365954756736755, 0.7308753132820129),
            ["LowerTorso"] = CFrame.new(0.10926477611064911, -0.34788477420806885, 0.31177061796188354, 0.7435949444770813, -0.3888387382030487, 0.5439403057098389, 0.28468021750450134, 0.9202104210853577, 0.2686447501182556, -0.6049990057945251, -0.044913873076438904, 0.7949584722518921),
            ["UpperTorso"] = CFrame.new(-1.0803341865539551e-07, -2.9802322387695312e-08, -1.6763806343078613e-08, 0.9677731990814209, 0.2518230676651001, -0.0006086379289627075, -0.24017320573329926, 0.9237234592437744, 0.2984156012535095, 0.07571006566286087, -0.2886523902416229, 0.9544358253479004),
            ["HumanoidRootPart"] = CFrame.new(0, 0, 0, 1, 0, 0, 0, 1, 0, 0, 0, 1),
            ["RightUpperLeg"] = CFrame.new(-5.960464477539063e-08, 4.7119101509451866e-08, -2.544402377679944e-08, 0.9288539290428162, 0.27086636424064636, -0.25270912051200867, -0.36816149950027466, 0.599328875541687, -0.7108178734779358, -0.04108085855841637, 0.753283679485321, 0.6564114093780518),
            ["LeftUpperArm"] = CFrame.new(0, 4.76837158203125e-07, 1.4901161193847656e-08, 0.5912269353866577, -0.093773253262043, -0.8010352253913879, -0.6475415229797363, 0.5368800759315491, -0.5407863259315491, 0.4807710647583008, 0.8384309411048889, 0.25669580698013306),
            ["RightLowerArm"] = CFrame.new(1.7881393432617188e-07, 5.960464477539063e-08, -4.172325134277344e-07, 1, -5.587936335871291e-09, -3.7252898543727042e-09, 2.9802315282267955e-08, 0.7561370134353638, -0.6544134020805359, 4.470347292340193e-08, 0.6544134020805359, 0.7561370134353638),
            ["LeftHand"] = CFrame.new(5.960464477539063e-08, -5.960464477539063e-08, 2.086162567138672e-07, 0.834038257598877, 0.026793604716658592, 0.5510557293891907, 0.316074937582016, 0.7954493165016174, -0.5170652270317078, -0.45219117403030396, 0.6054275035858154, 0.6549664735794067),
            ["RightHand"] = CFrame.new(7.450580596923828e-08, 1.1920928955078125e-07, -1.1175870895385742e-07, 0.713657796382904, -0.6748409867286682, -0.18783585727214813, 0.46740207076072693, 0.6584725975990295, -0.5898723602294922, 0.5217547416687012, 0.3331720530986786, 0.7853459715843201),
            ["RightUpperArm"] = CFrame.new(1.1920928955078125e-07, 3.5762786865234375e-07, 1.4901161193847656e-07, 0.9739915728569031, -0.16018199920654297, 0.1602570116519928, 0.19418321549892426, 0.22562405467033386, -0.9546657800674438, 0.11676235496997833, 0.9609555602073669, 0.2508605420589447),
            ["RightLowerLeg"] = CFrame.new(7.450580596923828e-09, -0.000060617923736572266, -0.00007203051791293547, 1, -1.043080928297968e-07, -7.078051567077637e-08, 1.341104507446289e-07, 0.5578639507293701, 0.8299322128295898, -1.1175870895385742e-08, -0.8299323916435242, 0.5578643083572388),
            ["LeftUpperLeg"] = CFrame.new(-1.7881393432617188e-07, -2.1979212760925293e-07, -1.4901161193847656e-08, 0.8393910527229309, -0.03150017559528351, -0.5426145792007446, -0.5237430930137634, 0.22002622485160828, -0.8229712247848511, 0.14531303942203522, 0.9749851822853088, 0.1681901514530182),
            ["LeftLowerLeg"] = CFrame.new(2.8870999813079834e-08, 0.000060677528381347656, 0.00007204944267868996, 1, 5.215407838932151e-08, 3.725290653733282e-08, -3.725290298461914e-08, 0.2205929309129715, 0.9753659963607788, 6.007030606269836e-08, -0.9753660559654236, 0.2205929309129715),
        }},
        {Time = 0.058, Data = {
            ["RightFoot"] = CFrame.new(3.166496753692627e-08, 2.980232238769531e-07, -3.509194357320666e-08, 0.88541179895401, -0.08405730128288269, -0.4571438729763031, -0.1062656119465828, 0.9208564758300781, -0.37514108419418335, 0.45249730348587036, 0.3807331919670105, 0.8064048290252686),
            ["LeftLowerArm"] = CFrame.new(4.172325134277344e-07, -1.7881393432617188e-07, -1.4901161193847656e-08, 1, -5.5879347371501353e-08, 2.9802322387695312e-08, 4.4703494239684005e-08, 0.19592136144638062, -0.9806196689605713, 5.960465898624534e-08, 0.9806196093559265, 0.195921391248703),
            ["LeftFoot"] = CFrame.new(7.078051567077637e-08, 1.1920928955078125e-07, -2.0489096641540527e-08, 0.9559805393218994, -0.214207261800766, -0.20054058730602264, 0.14990079402923584, 0.9440408945083618, -0.2937976121902466, 0.2522520124912262, 0.25080305337905884, 0.9345943331718445),
            ["Head"] = CFrame.new(-6.705522537231445e-08, -2.384185791015625e-07, 4.470348358154297e-08, 0.608847975730896, 0.4205368459224701, -0.6726461052894592, -0.49231085181236267, 0.8651870489120483, 0.09529630094766617, 0.6220403909683228, 0.2731301486492157, 0.733802318572998),
            ["LowerTorso"] = CFrame.new(0.11232788860797882, -0.34090518951416016, 0.3066555857658386, 0.7372169494628906, -0.3940277695655823, 0.5488656163215637, 0.29070281982421875, 0.9182881712913513, 0.26877260208129883, -0.6099206209182739, -0.038586996495723724, 0.7915225625038147),
            ["UpperTorso"] = CFrame.new(7.450580596923828e-09, -1.1920928955078125e-07, 1.862645149230957e-08, 0.9659186601638794, 0.25884324312210083, -0.001155719393864274, -0.2466953694820404, 0.9219201803207397, 0.29867157340049744, 0.07837466895580292, -0.2882073223590851, 0.9543552398681641),
            ["HumanoidRootPart"] = CFrame.new(0, 0, 0, 1, 0, 0, 0, 1, 0, 0, 0, 1),
            ["RightUpperLeg"] = CFrame.new(-2.9802322387695312e-08, 1.343360054306686e-07, 3.334571374580264e-08, 0.924502432346344, 0.2740868330001831, -0.26489943265914917, -0.38011905550956726, 0.6112010478973389, -0.6942211389541626, -0.028369998559355736, 0.7425022721290588, 0.6692425012588501),
            ["LeftUpperArm"] = CFrame.new(-1.1920928955078125e-07, -3.5762786865234375e-07, -1.043081283569336e-07, 0.5922080874443054, -0.08793845027685165, -0.8009722232818604, -0.6483675241470337, 0.5382115244865417, -0.5384681224822998, 0.4784446358680725, 0.8382094502449036, 0.2617168724536896),
            ["RightLowerArm"] = CFrame.new(-1.7881393432617188e-07, -5.960464477539063e-08, -5.364418029785156e-07, 1, -2.7939677238464355e-08, 1.1175872671742582e-08, 1.0430814256778831e-07, 0.7562700510025024, -0.6542596220970154, 2.980232594040899e-08, 0.6542595624923706, 0.7562701106071472),
            ["LeftHand"] = CFrame.new(4.76837158203125e-07, -5.960464477539063e-08, -5.960464477539063e-08, 0.8324435353279114, 0.026604926213622093, 0.5534708499908447, 0.3150843381881714, 0.7989164590835571, -0.5123031139373779, -0.4558066427707672, 0.6008532643318176, 0.656670093536377),
            ["RightHand"] = CFrame.new(1.341104507446289e-07, -2.384185791015625e-07, 2.9802322387695312e-08, 0.7130584716796875, -0.6753580570220947, -0.1882530003786087, 0.4680739939212799, 0.6584773659706116, -0.5893338918685913, 0.5219717621803284, 0.3321131467819214, 0.785650372505188),
            ["RightUpperArm"] = CFrame.new(1.1920928955078125e-07, 2.384185791015625e-07, -4.023313522338867e-07, 0.9755916595458984, -0.1572890728712082, 0.1532357782125473, 0.18715904653072357, 0.23058481514453888, -0.954883337020874, 0.11485877633094788, 0.9602555632591248, 0.2543947398662567),
            ["RightLowerLeg"] = CFrame.new(-1.1175870895385742e-07, -0.0000603795051574707, -0.000071978363848757, 1, -7.450578820566989e-09, -1.043081780949251e-07, 1.2665987014770508e-07, 0.5776986479759216, 0.8162500262260437, 4.842877388000488e-08, -0.8162502646446228, 0.5776989459991455),
            ["LeftUpperLeg"] = CFrame.new(0, 2.0489096641540527e-07, -1.341104507446289e-07, 0.8306033611297607, -0.0322871208190918, -0.5559276938438416, -0.5356096029281616, 0.226863294839859, -0.8134220838546753, 0.1523827314376831, 0.9733912944793701, 0.17114008963108063),
            ["LeftLowerLeg"] = CFrame.new(1.5366822481155396e-07, 0.000060617923736572266, 0.00007201661355793476, 1, 5.215407838932151e-08, 4.842879164357328e-08, -5.960464477539063e-08, 0.22969403862953186, 0.9732629060745239, 3.073364496231079e-08, -0.9732629060745239, 0.22969405353069305),
        }},
        {Time = 0.070, Data = {
            ["RightFoot"] = CFrame.new(4.7963112592697144e-08, 2.980232238769531e-07, -1.5643308870494366e-09, 0.8884953260421753, -0.0862002745270729, -0.4507170617580414, -0.09947225451469421, 0.9226653575897217, -0.37255001068115234, 0.44797492027282715, 0.3758433759212494, 0.8112094402313232),
            ["LeftLowerArm"] = CFrame.new(-3.2782554626464844e-07, 3.5762786865234375e-07, -5.960464477539063e-08, 1, -1.6391277313232422e-07, 5.21540641784668e-08, 1.3411040811206476e-07, 0.19419625401496887, -0.9809627532958984, 1.043080928297968e-07, 0.9809627532958984, 0.19419622421264648),
            ["LeftFoot"] = CFrame.new(-1.1548399925231934e-07, 0, 1.210719347000122e-08, 0.9553589820861816, -0.2191428691148758, -0.19815602898597717, 0.1556679606437683, 0.9434121251106262, -0.29281648993492126, 0.25111111998558044, 0.2488977462053299, 0.9354104995727539),
            ["Head"] = CFrame.new(3.3527612686157227e-08, 1.1920928955078125e-07, 5.960464477539063e-08, 0.614240825176239, 0.42127564549446106, -0.6672594547271729, -0.486394464969635, 0.8679695129394531, 0.10024762898683548, 0.621392548084259, 0.26297518610954285, 0.738048255443573),
            ["LowerTorso"] = CFrame.new(0.11472860723733902, -0.3344508409500122, 0.301662415266037, 0.7314527034759521, -0.3981417417526245, 0.5535884499549866, 0.2958749234676361, 0.9167473316192627, 0.26838862895965576, -0.6143574714660645, -0.032520655542612076, 0.7883573770523071),
            ["UpperTorso"] = CFrame.new(3.3527612686157227e-08, -5.960464477539063e-08, -3.725290298461914e-09, 0.9642889499664307, 0.26484641432762146, -0.001798838609829545, -0.2522307336330414, 0.920385479927063, 0.2987814247608185, 0.08078677952289581, -0.2876579761505127, 0.954319953918457),
            ["HumanoidRootPart"] = CFrame.new(0, 0, 0, 1, 0, 0, 0, 1, 0, 0, 0, 1),
            ["RightUpperLeg"] = CFrame.new(-2.9802322387695312e-08, 1.9265280570834875e-07, -4.965841071680188e-08, 0.9204603433609009, 0.2769290804862976, -0.2757951617240906, -0.39050471782684326, 0.6226027011871338, -0.6781386733055115, -0.01608560048043728, 0.7318991422653198, 0.6812231540679932),
            ["LeftUpperArm"] = CFrame.new(0, -2.384185791015625e-07, 1.043081283569336e-07, 0.5937615633010864, -0.08246355503797531, -0.8004043102264404, -0.6487200260162354, 0.5394370555877686, -0.5368149280548096, 0.4760352671146393, 0.8379782438278198, 0.26680102944374084),
            ["RightLowerArm"] = CFrame.new(-2.980232238769531e-07, 5.960464477539063e-08, -6.258487701416016e-07, 1, -8.195637946073475e-08, 3.725289943190546e-08, 7.450579175838357e-08, 0.7558287978172302, -0.6547693610191345, 7.450579175838357e-08, 0.6547693610191345, 0.7558287382125854),
            ["LeftHand"] = CFrame.new(-8.940696716308594e-08, 5.960464477539063e-08, 2.9802322387695312e-08, 0.8307144641876221, 0.025485610589385033, 0.5561151504516602, 0.3148486912250519, 0.8023311495780945, -0.5070847272872925, -0.4591120779514313, 0.5963349342346191, 0.6584839820861816),
            ["RightHand"] = CFrame.new(4.917383193969727e-07, 0, 7.82310962677002e-07, 0.7119352221488953, -0.6758531332015991, -0.19071155786514282, 0.46867644786834717, 0.6595281958580017, -0.5876777768135071, 0.5229635238647461, 0.3290064334869385, 0.7862976789474487),
            ["RightUpperArm"] = CFrame.new(1.1920928955078125e-07, 3.5762786865234375e-07, 1.6391277313232422e-07, 0.9770981669425964, -0.15408946573734283, 0.1467503160238266, 0.18060551583766937, 0.23586253821849823, -0.9548563957214355, 0.1125204861164093, 0.9594922065734863, 0.2582900822162628),
            ["RightLowerLeg"] = CFrame.new(4.470348358154297e-08, -0.000060498714447021484, -0.00007221678242785856, 1, -1.192092469182171e-07, -4.097820749393577e-08, 8.940698847936801e-08, 0.5957096219062805, 0.8031997084617615, -7.078052988163108e-08, -0.8031998872756958, 0.595710039138794),
            ["LeftUpperLeg"] = CFrame.new(5.960464477539063e-08, 1.4901161193847656e-08, -1.4901161193847656e-08, 0.822425127029419, -0.0332065112888813, -0.5679033994674683, -0.545976459980011, 0.2343011498451233, -0.8043709993362427, 0.1597706824541092, 0.9715967774391174, 0.17456528544425964),
            ["LeftLowerLeg"] = CFrame.new(-1.3969838619232178e-08, 0.000060617923736572266, 0.00007223407737910748, 1, 1.266598843585598e-07, 1.3783574104309082e-07, -1.1175870895385742e-07, 0.23812507092952728, 0.9712345004081726, 9.359791874885559e-08, -0.9712345600128174, 0.2381250560283661),
        }},
        {Time = 0.081, Data = {
            ["RightFoot"] = CFrame.new(-5.3551048040390015e-09, 2.980232238769531e-07, -1.809530658647418e-08, 0.8914011716842651, -0.08790610730648041, -0.4446084201335907, -0.09361477196216583, 0.9241403937339783, -0.3704063892364502, 0.4434415400028229, 0.37180259823799133, 0.8155504465103149),
            ["LeftLowerArm"] = CFrame.new(-1.1920928955078125e-07, 5.364418029785156e-07, -8.940696716308594e-08, 1, -7.450577754752885e-08, 5.960464477539063e-08, 8.195637946073475e-08, 0.19170528650283813, -0.9814525842666626, 3.725289943190546e-08, 0.9814525246620178, 0.19170527160167694),
            ["LeftFoot"] = CFrame.new(4.842877388000488e-08, 1.7881393432617188e-07, -1.0244548320770264e-08, 0.9549076557159424, -0.2233896255493164, -0.1955725997686386, 0.16065067052841187, 0.9427070021629333, -0.2923957407474518, 0.24968543648719788, 0.24779142439365387, 0.93608558177948),
            ["Head"] = CFrame.new(7.82310962677002e-08, 2.384185791015625e-07, 7.450580596923828e-08, 0.6207891702651978, 0.42162737250328064, -0.6609472036361694, -0.4810885488986969, 0.8705440759658813, 0.10347402095794678, 0.6190110445022583, 0.25373873114585876, 0.7432644367218018),
            ["LowerTorso"] = CFrame.new(0.11646842956542969, -0.32877981662750244, 0.29683440923690796, 0.7263354063034058, -0.401231974363327, 0.5580769181251526, 0.30021610856056213, 0.9155850410461426, 0.2675337791442871, -0.6183099746704102, -0.026775594800710678, 0.7854781150817871),
            ["UpperTorso"] = CFrame.new(6.332993507385254e-08, 1.1920928955078125e-07, 3.5390257835388184e-08, 0.9628688097000122, 0.2699589133262634, -0.0024550112430006266, -0.2569260001182556, 0.9191005825996399, 0.2987360656261444, 0.08290290087461472, -0.28701287508010864, 0.9543326497077942),
            ["HumanoidRootPart"] = CFrame.new(0, 0, 0, 1, 0, 0, 0, 1, 0, 0, 0, 1),
            ["RightUpperLeg"] = CFrame.new(5.960464477539063e-08, 1.359148882329464e-08, -5.850597517564893e-08, 0.9168288707733154, 0.2793514132499695, -0.28528526425361633, -0.3992545008659363, 0.6332510113716125, -0.6630151867866516, -0.00455705588683486, 0.7217727899551392, 0.6921150088310242),
            ["LeftUpperArm"] = CFrame.new(0, 0, 1.043081283569336e-07, 0.5949760675430298, -0.0774143636226654, -0.8000066876411438, -0.6491339802742004, 0.5406538248062134, -0.535087525844574, 0.47394996881484985, 0.8376756906509399, 0.2714236080646515),
            ["RightLowerArm"] = CFrame.new(2.384185791015625e-07, -5.960464477539063e-08, -3.5762786865234375e-07, 1, -5.215405707303944e-08, 5.029141192380848e-08, 7.450577044210149e-08, 0.7553702592849731, -0.6552982926368713, 4.4703462265260896e-08, 0.6552982926368713, 0.7553701996803284),
            ["LeftHand"] = CFrame.new(-2.682209014892578e-07, 0, -7.450580596923828e-08, 0.8294966220855713, 0.024345487356185913, 0.5579807758331299, 0.3143792450428009, 0.8053951263427734, -0.502498209476471, -0.46162858605384827, 0.592238187789917, 0.6604188084602356),
            ["RightHand"] = CFrame.new(-1.341104507446289e-07, -5.960464477539063e-08, 3.203749656677246e-07, 0.7103608846664429, -0.6765708327293396, -0.19400788843631744, 0.46913886070251465, 0.6606265306472778, -0.5860729813575745, 0.5246866941452026, 0.3253067433834076, 0.7866889834403992),
            ["RightUpperArm"] = CFrame.new(0, 4.76837158203125e-07, 2.384185791015625e-07, 0.9783205389976501, -0.15099988877773285, 0.14173275232315063, 0.17551986873149872, 0.24131810665130615, -0.9544415473937988, 0.10991781949996948, 0.9586264491081238, 0.262589693069458),
            ["RightLowerLeg"] = CFrame.new(8.195638656616211e-08, -0.000060617923736572266, -0.0000721050237189047, 1, -8.195637946073475e-08, -3.72529100900465e-08, 3.725290653733282e-08, 0.6114240288734436, 0.7913029789924622, -5.587936158235607e-08, -0.7913032174110413, 0.6114243268966675),
            ["LeftUpperLeg"] = CFrame.new(0, -1.564621925354004e-07, -7.450580596923828e-08, 0.8150750994682312, -0.03416617214679718, -0.5783470273017883, -0.5547486543655396, 0.2418152242898941, -0.7961027026176453, 0.16705292463302612, 0.9697206020355225, 0.17814384400844574),
            ["LeftLowerLeg"] = CFrame.new(7.450580596923828e-09, 0.000060677528381347656, 0.00007221504347398877, 1, 6.705524668859653e-08, 1.0803343286625022e-07, -7.450581307466564e-08, 0.245366171002388, 0.9694305658340454, 2.5611374354639338e-08, -0.9694305658340454, 0.2453661859035492),
        }},
        {Time = 0.093, Data = {
            ["RightFoot"] = CFrame.new(4.353933036327362e-08, 3.5762786865234375e-07, -7.385096978396177e-09, 0.8944353461265564, -0.08932564407587051, -0.4381853938102722, -0.0884624794125557, 0.9251437187194824, -0.3691657483577728, 0.438360333442688, 0.3689580261707306, 0.8195793628692627),
            ["LeftLowerArm"] = CFrame.new(3.8743019104003906e-07, 3.5762786865234375e-07, -4.470348358154297e-08, 1, -6.332993507385254e-08, 2.980233659855003e-08, 7.450584149637507e-08, 0.18802693486213684, -0.9821639657020569, 6.705525379402388e-08, 0.9821639060974121, 0.18802691996097565),
            ["LeftFoot"] = CFrame.new(5.587935447692871e-08, -1.1920928955078125e-07, -9.313225746154785e-09, 0.9545626640319824, -0.22679956257343292, -0.1933191418647766, 0.1645558923482895, 0.9419764876365662, -0.29257845878601074, 0.24845828115940094, 0.24747204780578613, 0.9364964365959167),
            ["Head"] = CFrame.new(-1.862645149230957e-08, 0, -1.4901161193847656e-07, 0.628541111946106, 0.42070096731185913, -0.6541764140129089, -0.47609734535217285, 0.8732070326805115, 0.10411926358938217, 0.6150345206260681, 0.24600853025913239, 0.7491410970687866),
            ["LowerTorso"] = CFrame.new(0.11754167079925537, -0.32416391372680664, 0.2922510504722595, 0.7219947576522827, -0.4033234417438507, 0.562186598777771, 0.30368077754974365, 0.9148040413856506, 0.2662923336029053, -0.6216924786567688, -0.021536434069275856, 0.7829653024673462),
            ["UpperTorso"] = CFrame.new(-3.725290298461914e-09, -5.960464477539063e-08, 5.587935447692871e-09, 0.9616471529006958, 0.27427324652671814, -0.0030132089741528034, -0.26090478897094727, 0.9180549383163452, 0.29850292205810547, 0.08463762700557709, -0.28626832365989685, 0.9544039964675903),
            ["HumanoidRootPart"] = CFrame.new(0, 0, 0, 1, 0, 0, 0, 1, 0, 0, 0, 1),
            ["RightUpperLeg"] = CFrame.new(0, -1.1207885108888149e-07, 5.045876605436206e-08, 0.9136770367622375, 0.2810308635234833, -0.2936255633831024, -0.4063933491706848, 0.6427372694015503, -0.6494099497795105, 0.006220010109245777, 0.7126784324645996, 0.7014632821083069),
            ["LeftUpperArm"] = CFrame.new(0, -1.1920928955078125e-07, -2.2351741790771484e-07, 0.5946751236915588, -0.0729607492685318, -0.8006486296653748, -0.6502880454063416, 0.5419370532035828, -0.5323811173439026, 0.4727441668510437, 0.8372461199760437, 0.27483105659484863),
            ["RightLowerArm"] = CFrame.new(0, -3.5762786865234375e-07, -1.1920928955078125e-07, 1, 2.7939680791178034e-08, 1.3597309589385986e-07, 8.940694584680386e-08, 0.7550764083862305, -0.6556368470191956, -5.960463056453591e-08, 0.6556369066238403, 0.7550763487815857),
            ["LeftHand"] = CFrame.new(6.556510925292969e-07, 0, -2.9802322387695312e-08, 0.8296786546707153, 0.02432089112699032, 0.5577111840248108, 0.31229594349861145, 0.8078703880310059, -0.4998164772987366, -0.4627144932746887, 0.5888582468032837, 0.6626777052879333),
            ["RightHand"] = CFrame.new(2.086162567138672e-07, 5.960464477539063e-08, -1.564621925354004e-07, 0.7078214287757874, -0.6784331798553467, -0.19676657021045685, 0.47013920545578003, 0.6603438258171082, -0.5855900049209595, 0.5272172093391418, 0.3219853937625885, 0.786363422870636),
            ["RightUpperArm"] = CFrame.new(1.1920928955078125e-07, 3.5762786865234375e-07, -2.8312206268310547e-07, 0.9789280891418457, -0.14871414005756378, 0.1399427056312561, 0.17379425466060638, 0.24692782759666443, -0.9533217549324036, 0.10721664130687714, 0.9575545787811279, 0.26757022738456726),
            ["RightLowerLeg"] = CFrame.new(-5.960464477539063e-08, -0.000060439109802246094, -0.0000721348260412924, 1, -8.940696716308594e-08, -1.4901164746561335e-08, 8.940698137394065e-08, 0.6241964101791382, 0.7812672257423401, -4.842878098543224e-08, -0.7812674641609192, 0.6241967082023621),
