return {
    ["Heavy Love"] = {
        {Time = 0.000, Data = {
            ["RightFoot"] = CFrame.new(-4.5271008275449276e-08, 2.384185791015625e-07, 2.8318027034401894e-08, 0.9731850624084473, 0.23002035915851593, -0.001227147993631661, -0.2178397923707962, 0.9199120998382568, -0.32604822516441345, -0.07386888563632965, 0.31757277250289917, 0.9453523755073547),
            ["LeftLowerArm"] = CFrame.new(-2.384185791015625e-07, 2.384185791015625e-07, -2.868473529815674e-07, 1, 2.980231954552437e-07, -1.9371513815258368e-07, -1.6391278734317893e-07, -0.37946516275405884, -0.9252061247825623, -2.3841860752327193e-07, 0.9252060651779175, -0.379465252161026),
            ["RightUpperArm"] = CFrame.new(-5.960464477539063e-08, 1.1920928955078125e-07, 3.795139491558075e-08, 0.6650955677032471, -0.3925899565219879, 0.6352330446243286, 0.5413041710853577, 0.8394588828086853, -0.047944407910108566, -0.5144296288490295, 0.3757419288158417, 0.7708308696746826),
            ["Head"] = CFrame.new(-3.521563485264778e-09, 1.1920928955078125e-07, 2.0445440895855427e-08, 0.9998152256011963, -0.019160812720656395, 0.0015450564678758383, 0.019222110509872437, 0.9973102807998657, -0.07073065638542175, -0.00018564308993518353, 0.07074735313653946, 0.9974943399429321),
            ["RightHand"] = CFrame.new(2.980232238769531e-07, 1.1920928955078125e-07, 1.564621925354004e-07, 0.5627853274345398, 0.6713943481445312, -0.4821849763393402, -0.6199839115142822, 0.7286654710769653, 0.2909753620624542, 0.546710729598999, 0.13519026339054108, 0.8263359665870667),
            ["UpperTorso"] = CFrame.new(-1.3504177331924438e-08, 1.7881393432617188e-07, -3.725290298461914e-09, 0.991955578327179, -0.11042121052742004, -0.06189752370119095, 0.10334240645170212, 0.9887877702713013, -0.10779226571321487, 0.0731060728430748, 0.10052851587533951, 0.9922446608543396),
            ["HumanoidRootPart"] = CFrame.new(0, 0, 0, 1, 0, 0, 0, 1, 0, 0, 0, 1),
            ["RightUpperLeg"] = CFrame.new(-5.960464477539063e-08, 2.7258647605776787e-07, -1.146690919995308e-08, 0.9203647971153259, -0.3662160634994507, -0.13716599345207214, 0.2963462173938751, 0.8820040225982666, -0.3663986921310425, 0.2551620602607727, 0.29657185077667236, 0.9202921390533447),
            ["LeftUpperArm"] = CFrame.new(-5.960464477539063e-08, 0, 4.997127689421177e-08, 0.6650955080986023, 0.3925899863243103, -0.6352330446243286, -0.5413041710853577, 0.8394588828086853, -0.04794444143772125, 0.5144295692443848, 0.3757420778274536, 0.7708308696746826),
            ["RightLowerArm"] = CFrame.new(-3.8743019104003906e-07, -6.556510925292969e-07, 2.2351741790771484e-08, 1, -7.450580596923828e-08, 1.1920926112907182e-07, -1.4901161193847656e-08, -0.37946516275405884, -0.9252060055732727, 1.7881393432617188e-07, 0.9252060651779175, -0.3794650733470917),
            ["LeftHand"] = CFrame.new(5.960464477539063e-08, 3.5762786865234375e-07, -1.6391277313232422e-07, 0.5625824332237244, -0.6707302927970886, 0.483345091342926, 0.6206481456756592, 0.7288681864738464, 0.28904446959495544, -0.5461657643318176, 0.1373758316040039, 0.8263359069824219),
            ["LeftFoot"] = CFrame.new(1.9543222151696682e-08, -1.1920928955078125e-07, -6.752088665962219e-09, 0.9482753276824951, -0.3168954849243164, -0.018742399290204048, 0.31586337089538574, 0.947786271572113, -0.0439508855342865, 0.03169165924191475, 0.03575748950242996, 0.9988579154014587),
            ["LowerTorso"] = CFrame.new(-0.08608852326869965, -0.1252197027206421, -0.052914105355739594, 0.9949375987052917, 0.0717415064573288, 0.07037285715341568, -0.07215600460767746, 0.997387707233429, 0.003362497314810753, -0.06994779407978058, -0.00842329952865839, 0.997515082359314),
            ["RightLowerLeg"] = CFrame.new(-3.725290298461914e-08, -0.0000152587890625, -0.00003511662362143397, 1, -1.1175870895385742e-07, -3.725290298461914e-08, 7.078052988163108e-08, 0.7629088163375854, 0.6465059518814087, -1.4901164746561335e-08, -0.646506130695343, 0.7629089951515198),
            ["LeftUpperLeg"] = CFrame.new(-2.9802322387695312e-08, 2.896849764510989e-07, -3.725290298461914e-09, 0.9589439034461975, 0.2635256350040436, 0.10478933900594711, -0.24788622558116913, 0.9583728313446045, -0.14168260991573334, -0.13776430487632751, 0.10988981276750565, 0.9843501448631287),
            ["LeftLowerLeg"] = CFrame.new(0, 0.000015079975128173828, 0.00003508478403091431, 1, 6.705523247774181e-08, 7.450580596923828e-09, 7.450580596923828e-09, 0.98166424036026, 0.19061855971813202, -3.725290298461914e-08, -0.1906186044216156, 0.98166424036026),
        }},
        {Time = 0.033, Data = {
            ["RightFoot"] = CFrame.new(3.862805897369981e-08, 2.384185791015625e-07, -4.6566128730773926e-09, 0.9663230180740356, 0.257332444190979, 0.00010021535854320973, -0.23813654482364655, 0.8943876028060913, -0.37863123416900635, -0.09752370417118073, 0.3658563494682312, 0.92554771900177),
            ["LeftLowerArm"] = CFrame.new(1.7881393432617188e-07, 2.384185791015625e-07, 7.078051567077637e-08, 1, 1.0430807861894209e-07, -1.7881390590446244e-07, -1.6391278734317893e-07, -0.3605841398239136, -0.9327266216278076, -2.4586918812019576e-07, 0.9327267408370972, -0.3605843186378479),
            ["RightUpperArm"] = CFrame.new(5.960464477539063e-08, -1.1920928955078125e-07, -1.5788828022778034e-08, 0.6092846393585205, -0.3532216250896454, 0.7099344730377197, 0.5695073008537292, 0.8179033994674683, -0.08182571828365326, -0.5517551898956299, 0.4541679620742798, 0.6994982361793518),
            ["Head"] = CFrame.new(3.899913281202316e-09, -1.1920928955078125e-07, -2.5032932171598077e-08, 0.9999386072158813, -0.011052772402763367, 0.0009184336522594094, 0.011090048588812351, 0.9974355697631836, -0.07070676237344742, -0.00013457263412419707, 0.07071269303560257, 0.9974967837333679),
            ["RightHand"] = CFrame.new(-8.940696716308594e-08, 5.960464477539063e-08, 2.2351741790771484e-08, 0.5362681746482849, 0.6657910943031311, -0.518785834312439, -0.6130377650260925, 0.7297224402427673, 0.3028033971786499, 0.5801734328269958, 0.15565155446529388, 0.799481987953186),
            ["UpperTorso"] = CFrame.new(-2.8405338525772095e-08, 1.7881393432617188e-07, 4.656612873077393e-10, 0.9939211010932922, -0.08959807455539703, -0.06397790461778641, 0.08241139352321625, 0.9908067584037781, -0.10728637129068375, 0.07300238311290741, 0.10136166960000992, 0.9921676516532898),
            ["HumanoidRootPart"] = CFrame.new(0, 0, 0, 1, 0, 0, 0, 1, 0, 0, 0, 1),
            ["RightUpperLeg"] = CFrame.new(0, -6.175832822918892e-08, -7.741618901491165e-09, 0.917454183101654, -0.38290077447891235, -0.108005091547966, 0.305472195148468, 0.8519124388694763, -0.4253610670566559, 0.25488194823265076, 0.35725662112236023, 0.8985559940338135),
            ["LeftUpperArm"] = CFrame.new(0, -2.384185791015625e-07, -2.1973391994833946e-08, 0.6118417382240295, 0.3561112582683563, -0.7062822580337524, -0.5697497129440308, 0.8177940249443054, -0.08122966438531876, 0.5486665964126587, 0.45210379362106323, 0.7032548189163208),
            ["RightLowerArm"] = CFrame.new(3.5762786865234375e-07, 3.5762786865234375e-07, 5.681067705154419e-08, 1, 1.4901159417490817e-08, 2.0861622829215776e-07, 1.1920928955078125e-07, -0.3716472089290619, -0.9283740520477295, 1.1920928955078125e-07, 0.9283740520477295, -0.3716471791267395),
            ["LeftHand"] = CFrame.new(-1.1920928955078125e-07, 2.384185791015625e-07, 1.0803341865539551e-07, 0.586124062538147, -0.635541558265686, 0.5025395154953003, 0.5707202553749084, 0.7641086578369141, 0.3006926476955414, -0.5750976204872131, 0.11056645214557648, 0.8105788230895996),
            ["LeftFoot"] = CFrame.new(-3.433524398133159e-08, 0, -4.773028194904327e-09, 0.9505602717399597, -0.3100467622280121, -0.017505422234535217, 0.2969133257865906, 0.9239180684089661, -0.24128371477127075, 0.09098271280527115, 0.22415703535079956, 0.9702967405319214),
            ["LowerTorso"] = CFrame.new(-0.12111170589923859, -0.18398690223693848, -0.052914105355739594, 0.9961292743682861, 0.052704811096191406, 0.07034806907176971, -0.053119443356990814, 0.9985800385475159, 0.00403492571786046, -0.07003552466630936, -0.007756156846880913, 0.9975143671035767),
            ["RightLowerLeg"] = CFrame.new(-1.4901161193847656e-08, -0.000015079975128173828, -0.00003510917304083705, 1, -1.1175872316471214e-07, -2.2351747119842003e-08, 1.2665987014770508e-07, 0.6729249358177185, 0.7397105097770691, -5.21540641784668e-08, -0.739710807800293, 0.6729253530502319),
            ["LeftUpperLeg"] = CFrame.new(-5.960464477539063e-08, -8.051574695855379e-08, -9.313225746154785e-09, 0.9560874104499817, 0.29047006368637085, 0.03903968632221222, -0.25907477736473083, 0.8998981714248657, -0.3508041501045227, -0.13702978193759918, 0.3252851963043213, 0.9356347322463989),
            ["LeftLowerLeg"] = CFrame.new(2.9802322387695312e-08, 0.000015139579772949219, 0.00003503262996673584, 1, 8.568166975919667e-08, 2.2351741790771484e-08, -3.725290298461914e-08, 0.8176679611206055, 0.5756902694702148, 3.725290298461914e-08, -0.5756901502609253, 0.8176678419113159),
        }},
        {Time = 0.067, Data = {
            ["RightFoot"] = CFrame.new(3.196328179910779e-08, 2.384185791015625e-07, -9.051291272044182e-09, 0.957171618938446, 0.28951478004455566, 0.0019713514484465122, -0.26059404015541077, 0.8644833564758301, -0.4298361539840698, -0.1261482685804367, 0.4109133780002594, 0.902904748916626),
            ["LeftLowerArm"] = CFrame.new(0, -3.5762786865234375e-07, -1.1175870895385742e-07, 1, 1.3411036547950062e-07, -2.2631132878814242e-07, -4.470348358154297e-08, -0.32997509837150574, -0.9439895153045654, -1.862645149230957e-07, 0.9439896941184998, -0.32997533679008484),
            ["RightUpperArm"] = CFrame.new(-5.960464477539063e-08, 1.1920928955078125e-07, 2.0954757928848267e-09, 0.5598801374435425, -0.30132678151130676, 0.7718396186828613, 0.5809653401374817, 0.8069450855255127, -0.10639090090990067, -0.5907736420631409, 0.5079782605171204, 0.6268528699874878),
            ["Head"] = CFrame.new(4.71482053399086e-09, 1.1920928955078125e-07, 2.0379957277327776e-08, 0.9999952912330627, -0.003077171742916107, 0.00038089120062068105, 0.0030963937751948833, 0.9974957704544067, -0.07065834850072861, -0.00016250887711066753, 0.07065930962562561, 0.9975005984306335),
            ["RightHand"] = CFrame.new(-4.470348358154297e-08, -1.1920928955078125e-07, 1.2479722499847412e-07, 0.5488580465316772, 0.6358374953269958, -0.5426468253135681, -0.5704977512359619, 0.7594038844108582, 0.31279104948043823, 0.6109723448753357, 0.13790090382099152, 0.779548704624176),
            ["UpperTorso"] = CFrame.new(-2.7939677238464355e-09, 2.9802322387695312e-08, 1.862645149230957e-09, 0.9955260157585144, -0.06755197793245316, -0.06606576591730118, 0.06025655195116997, 0.992453932762146, -0.10679135471582413, 0.07278120517730713, 0.102332703769207, 0.9920841455459595),
            ["HumanoidRootPart"] = CFrame.new(0, 0, 0, 1, 0, 0, 0, 1, 0, 0, 0, 1),
            ["RightUpperLeg"] = CFrame.new(0, -2.5116605684161186e-07, -9.138602763414383e-09, 0.9124499559402466, -0.4024408459663391, -0.07400418072938919, 0.32035860419273376, 0.8151040077209473, -0.4826754927635193, 0.25456953048706055, 0.41670936346054077, 0.872667133808136),
            ["LeftUpperArm"] = CFrame.new(0, -1.1920928955078125e-07, 2.9249349609017372e-09, 0.5637357831001282, 0.3056219518184662, -0.7673312425613403, -0.5812090039253235, 0.8068699240684509, -0.10562741011381149, 0.5868543982505798, 0.5055257678031921, 0.6324916481971741),
            ["RightLowerArm"] = CFrame.new(4.172325134277344e-07, 0, 1.862645149230957e-07, 1, -1.341104365337742e-07, 5.587935447692871e-08, 1.4901161193847656e-08, -0.3450370728969574, -0.9385890960693359, 1.6391277313232422e-07, 0.9385890960693359, -0.3450370728969574),
            ["LeftHand"] = CFrame.new(5.960464477539063e-08, 4.172325134277344e-07, -7.450580596923828e-09, 0.6162663102149963, -0.5908921957015991, 0.5206368565559387, 0.5080381035804749, 0.8034265637397766, 0.3104882538318634, -0.6017584204673767, 0.0731600821018219, 0.7953203320503235),
            ["LeftFoot"] = CFrame.new(4.143657861277461e-08, 5.960464477539063e-08, 4.033790901303291e-08, 0.9529781937599182, -0.3026077449321747, -0.016157882288098335, 0.2768062651157379, 0.8909453749656677, -0.35999301075935364, 0.12333245575428009, 0.3385927379131317, 0.9328151345252991),
            ["LowerTorso"] = CFrame.new(-0.1592317521572113, -0.2524927854537964, -0.052914105355739594, 0.996928870677948, 0.03447630628943443, 0.07031525671482086, -0.03489101305603981, 0.9993801712989807, 0.004677806049585342, -0.07011040300130844, -0.007116810884326696, 0.9975138306617737),
            ["RightLowerLeg"] = CFrame.new(-3.725290298461914e-08, -0.000014781951904296875, -0.000035093340557068586, 1, -1.266598985694145e-07, -5.960465898624534e-08, 1.1175875158642157e-07, 0.5703613758087158, 0.821393609046936, -4.842879164357328e-08, -0.8213938474655151, 0.5703617930412292),
            ["LeftUpperLeg"] = CFrame.new(0, -2.353481249883771e-07, -8.381903171539307e-09, 0.953499972820282, 0.3013055622577667, -0.007268720306456089, -0.26886874437332153, 0.839459240436554, -0.47224757075309753, -0.1361890435218811, 0.45224255323410034, 0.8814361095428467),
            ["LeftLowerLeg"] = CFrame.new(-9.685754776000977e-08, 0.000015079975128173828, 0.00003506988286972046, 1, 2.980232949312267e-08, 4.470348358154297e-08, -2.9802318834981634e-08, 0.64028000831604, 0.7681418657302856, 2.607702853651972e-08, -0.7681416869163513, 0.6402797698974609),
        }},
        {Time = 0.100, Data = {
            ["RightFoot"] = CFrame.new(3.9362930692732334e-09, 3.5762786865234375e-07, 2.88418959826231e-08, 0.9465461373329163, 0.3225403428077698, 0.004300266969949007, -0.28265872597694397, 0.8357837200164795, -0.4707113206386566, -0.15541763603687286, 0.4443346858024597, 0.8822768926620483),
            ["LeftLowerArm"] = CFrame.new(-1.7881393432617188e-07, -1.7881393432617188e-07, 8.940696716308594e-08, 1, 7.450574202039206e-08, -1.2479718236590998e-07, -4.470347292340193e-08, -0.2930573523044586, -0.9560948014259338, -1.3411042232291948e-07, 0.9560948610305786, -0.2930574417114258),
            ["RightUpperArm"] = CFrame.new(5.960464477539063e-08, -1.1920928955078125e-07, -4.3919911263401445e-08, 0.5177044868469238, -0.24630048871040344, 0.8193400502204895, 0.5801219344139099, 0.8049463033676147, -0.12457960844039917, -0.6288406848907471, 0.5398125648498535, 0.5596085786819458),
            ["Head"] = CFrame.new(8.352799341082573e-09, 1.1920928955078125e-07, -8.229268644299736e-08, 0.9999837875366211, 0.0056998394429683685, -0.00020970660261809826, -0.005700419656932354, 0.9974885582923889, -0.0705978274345398, -0.0001932161394506693, 0.07059795409440994, 0.9975048899650574),
            ["RightHand"] = CFrame.new(-2.60770320892334e-07, 0, -1.2433156371116638e-07, 0.5851967334747314, 0.5891967415809631, -0.557128369808197, -0.5036584138870239, 0.8025614619255066, 0.3197239637374878, 0.6355101466178894, 0.09350105375051498, 0.7664102911949158),
            ["UpperTorso"] = CFrame.new(-9.778887033462524e-09, 5.960464477539063e-08, 1.862645149230957e-09, 0.9966334700584412, -0.04563097283244133, -0.06811437010765076, 0.03822864964604378, 0.9936014413833618, -0.1062777191400528, 0.07252808660268784, 0.10331602394580841, 0.9920007586479187),
            ["HumanoidRootPart"] = CFrame.new(0, 0, 0, 1, 0, 0, 0, 1, 0, 0, 0, 1),
            ["RightUpperLeg"] = CFrame.new(-5.960464477539063e-08, 2.1012965589761734e-08, -2.6193447411060333e-09, 0.9065864086151123, -0.41995373368263245, -0.04171228036284447, 0.33676379919052124, 0.7794646620750427, -0.528228223323822, 0.25434476137161255, 0.46483728289604187, 0.8480772972106934),
            ["LeftUpperArm"] = CFrame.new(-5.960464477539063e-08, 0, -3.129995818085263e-08, 0.5216400027275085, 0.2505553364753723, -0.8155450224876404, -0.5802893042564392, 0.8049353361129761, -0.12386961281299591, 0.6254247426986694, 0.5378673076629639, 0.5652810335159302),
            ["RightLowerArm"] = CFrame.new(3.2782554626464844e-07, 1.1920928955078125e-07, -1.341104507446289e-07, 1, -1.0430815677864302e-07, 5.4191332310438156e-08, 8.940695295223122e-08, -0.30701249837875366, -0.9517055153846741, 3.725289943190546e-08, 0.9517055749893188, -0.3070124387741089),
            ["LeftHand"] = CFrame.new(-2.980232238769531e-07, 1.7881393432617188e-07, -9.12696123123169e-08, 0.6466940641403198, -0.5419284701347351, 0.536750078201294, 0.4401235282421112, 0.8398604989051819, 0.31768766045570374, -0.6229591369628906, 0.030789785087108612, 0.7816482186317444),
            ["LeftFoot"] = CFrame.new(-1.5572004485875368e-07, -5.960464477539063e-08, -8.585629984736443e-09, 0.9554634690284729, -0.29473963379859924, -0.014774950221180916, 0.2574918568134308, 0.8570847511291504, -0.4462102949619293, 0.1441790908575058, 0.4225332736968994, 0.8948062062263489),
            ["LowerTorso"] = CFrame.new(-0.19622793793678284, -0.31948530673980713, -0.052914105355739594, 0.9973880052566528, 0.016702918335795403, 0.0702737420797348, -0.017117662355303764, 0.9998394250869751, 0.005303696263581514, -0.07017387449741364, -0.006492764223366976, 0.9975136518478394),
            ["RightLowerLeg"] = CFrame.new(1.1175870895385742e-07, -0.000015020370483398438, -0.000035149219911545515, 1, -1.5646217832454568e-07, -7.4505820180093e-08, 1.2665987014770508e-07, 0.4766591787338257, 0.8790879845619202, -6.51925802230835e-08, -0.8790881633758545, 0.47665977478027344),
            ["LeftUpperLeg"] = CFrame.new(-5.960464477539063e-08, 6.24713720753789e-08, 0, 0.9510653018951416, 0.30569395422935486, -0.045012038201093674, -0.27778640389442444, 0.7821061611175537, -0.5578033328056335, -0.13531285524368286, 0.5430111289024353, 0.8287516832351685),
            ["LeftLowerLeg"] = CFrame.new(3.725290298461914e-08, 0.000014960765838623047, 0.00003505242057144642, 1, 7.450579886381092e-08, 6.70552182668871e-08, -3.725289943190546e-08, 0.4760964512825012, 0.8793931007385254, 7.264315371457997e-08, -0.8793931007385254, 0.476096510887146),
        }},
        {Time = 0.133, Data = {
            ["RightFoot"] = CFrame.new(2.8594513423740864e-09, 2.980232238769531e-07, 6.935442797839642e-08, 0.9362541437149048, 0.35125911235809326, 0.006732982583343983, -0.30163538455963135, 0.8135169744491577, -0.4971986413002014, -0.18012288212776184, 0.4634731113910675, 0.8676106333732605),
            ["LeftLowerArm"] = CFrame.new(3.8743019104003906e-07, -1.7881393432617188e-07, -5.960464477539063e-08, 1, 1.1920927533992653e-07, -1.2479726763103827e-07, -1.3411046495548362e-07, -0.2555435597896576, -0.9667975902557373, -1.6391278734317893e-07, 0.9667975902557373, -0.25554370880126953),
            ["RightUpperArm"] = CFrame.new(5.960464477539063e-08, -3.5762786865234375e-07, 3.357854438945651e-08, 0.4846743643283844, -0.19670994579792023, 0.8522886633872986, 0.57081538438797, 0.8094345331192017, -0.13778862357139587, -0.6627674698829651, 0.5532821416854858, 0.5045971870422363),
            ["Head"] = CFrame.new(1.7462298274040222e-10, -3.5762786865234375e-07, 3.1262970878742635e-08, 0.9998023509979248, 0.019823286682367325, -0.0015186090022325516, -0.019881099462509155, 0.9972650408744812, -0.07118453085422516, 0.00010334444959880784, 0.07120073586702347, 0.9974620342254639),
            ["RightHand"] = CFrame.new(-7.078051567077637e-08, 5.960464477539063e-08, -1.384178176522255e-07, 0.6304785013198853, 0.5332371592521667, -0.564052402973175, -0.42506295442581177, 0.8452193737030029, 0.32392269372940063, 0.6494755148887634, 0.03553154692053795, 0.7595519423484802),
            ["UpperTorso"] = CFrame.new(-3.207242116332054e-08, -2.086162567138672e-07, -7.450580596923828e-09, 0.9971521496772766, -0.028525283560156822, -0.06981363892555237, 0.021085716784000397, 0.9942413568496704, -0.10507030040025711, 0.0724087581038475, 0.10329902172088623, 0.992011308670044),
            ["HumanoidRootPart"] = CFrame.new(0, 0, 0, 1, 0, 0, 0, 1, 0, 0, 0, 1),
            ["RightUpperLeg"] = CFrame.new(0, 3.7434801924973726e-08, -1.0069925338029861e-08, 0.9017884135246277, -0.4318099319934845, -0.01782839000225067, 0.3494325280189514, 0.752784788608551, -0.557863712310791, 0.254312127828598, 0.4968453049659729, 0.8297410607337952),
            ["LeftUpperArm"] = CFrame.new(0, -4.76837158203125e-07, 1.8037098925560713e-08, 0.48769599199295044, 0.19985619187355042, -0.8498294353485107, -0.570902943611145, 0.8094618916511536, -0.13726425170898438, 0.6604713797569275, 0.5521132946014404, 0.5088698267936707),
            ["RightLowerArm"] = CFrame.new(2.9802322387695312e-08, -2.384185791015625e-07, 2.086162567138672e-07, 1, -8.940698137394065e-08, 8.009374852235851e-08, 1.0430811414607888e-07, -0.2653771936893463, -0.9641447067260742, 1.341104365337742e-07, 0.9641447067260742, -0.2653772532939911),
            ["LeftHand"] = CFrame.new(-5.662441253662109e-07, 2.384185791015625e-07, -2.1606683731079102e-07, 0.6727826595306396, -0.49518483877182007, 0.5496871471405029, 0.3761575222015381, 0.8687301874160767, 0.3222007155418396, -0.637078583240509, -0.010001988150179386, 0.7707339525222778),
            ["LeftFoot"] = CFrame.new(5.653419066220522e-08, -5.960464477539063e-08, 1.9703293219208717e-08, 0.9578676819801331, -0.2868935763835907, -0.0134793221950531, 0.24102632701396942, 0.8284786939620972, -0.5054991841316223, 0.15619170665740967, 0.4809523820877075, 0.8627218008041382),
            ["LowerTorso"] = CFrame.new(-0.22787946462631226, -0.37371253967285156, -0.052914105355739594, 0.9975311160087585, -0.0007778327562846243, 0.07022317498922348, 0.000363108585588634, 0.9999824166297913, 0.0059183742851018906, -0.07022655010223389, -0.0058782631531357765, 0.9975137710571289),
            ["RightLowerLeg"] = CFrame.new(-2.2351741790771484e-08, -0.000015020370483398438, -0.00003523210762068629, 1, -7.450580596923828e-08, -1.0430811414607888e-07, 1.1175869474300271e-07, 0.40882113575935364, 0.9126145243644714, -6.332992796842518e-08, -0.9126145243644714, 0.4088212251663208),
            ["LeftUpperLeg"] = CFrame.new(-5.960464477539063e-08, 5.8964360505342484e-08, -2.7939677238464355e-09, 0.9486072063446045, 0.3076053261756897, -0.07432030141353607, -0.28644677996635437, 0.7348123788833618, -0.6148162484169006, -0.13450925052165985, 0.6045079231262207, 0.7851608395576477),
            ["LeftLowerLeg"] = CFrame.new(2.2351741790771484e-08, 0.0000152587890625, 0.00003502704203128815, 1, 1.1175870895385742e-07, 8.940698137394065e-08, -5.960464477539063e-08, 0.3469051122665405, 0.9379003643989563, 8.009374141693115e-08, -0.9379002451896667, 0.3469049334526062),
        }},
        {Time = 0.167, Data = {
            ["RightFoot"] = CFrame.new(-2.909655449911952e-08, 2.980232238769531e-07, 2.6135239750146866e-08, 0.9291113018989563, 0.36970049142837524, 0.008604254573583603, -0.3147137463092804, 0.8027116656303406, -0.5065659284591675, -0.19418443739414215, 0.46794822812080383, 0.8621583580970764),
            ["LeftLowerArm"] = CFrame.new(2.980232238769531e-07, -4.172325134277344e-07, 1.6391277313232422e-07, 1, 1.9371502446574596e-07, -1.266598843585598e-07, -1.639127589214695e-07, -0.22375236451625824, -0.9746460914611816, -1.639127589214695e-07, 0.9746460318565369, -0.22375254333019257),
            ["RightUpperArm"] = CFrame.new(-5.960464477539063e-08, 0, 9.42964106798172e-09, 0.4638042449951172, -0.16025254130363464, 0.8713235855102539, 0.556776762008667, 0.8177353143692017, -0.1459747552871704, -0.6891192197799683, 0.5528364181518555, 0.4684940278530121),
            ["Head"] = CFrame.new(-4.949106369167566e-08, 3.5762786865234375e-07, -3.447348717600107e-08, 0.9993141889572144, 0.036877892911434174, -0.0033467598259449005, -0.03702379763126373, 0.996651828289032, -0.07289954274892807, 0.0006471729720942676, 0.07297354936599731, 0.9973337650299072),
            ["RightHand"] = CFrame.new(6.332993507385254e-08, -5.960464477539063e-08, -3.5477569326758385e-07, 0.6724653840065002, 0.4786534607410431, -0.5645185708999634, -0.35091033577919006, 0.8777459859848022, 0.3262268900871277, 0.651653528213501, -0.021280892193317413, 0.7582181692123413),
            ["UpperTorso"] = CFrame.new(-1.4202669262886047e-08, 5.960464477539063e-08, -3.725290298461914e-09, 0.9973677396774292, -0.013827803544700146, -0.07117841392755508, 0.006462092511355877, 0.9946923851966858, -0.10269032418727875, 0.07222060114145279, 0.10196005553007126, 0.9921635389328003),
            ["HumanoidRootPart"] = CFrame.new(0, 0, 0, 1, 0, 0, 0, 1, 0, 0, 0, 1),
            ["RightUpperLeg"] = CFrame.new(-2.9802322387695312e-08, 2.1641608327627182e-07, -8.672941476106644e-09, 0.9006560444831848, -0.4344249665737152, -0.009679542854428291, 0.352189302444458, 0.7428492307662964, -0.569331169128418, 0.25452208518981934, 0.5093624591827393, 0.8220513463020325),
            ["LeftUpperArm"] = CFrame.new(-5.960464477539063e-08, 0, -1.3387762010097504e-09, 0.4653307795524597, 0.16178089380264282, -0.8702265620231628, -0.5568097829818726, 0.81775963306427, -0.14571237564086914, 0.6880627274513245, 0.5523549914360046, 0.4706099331378937),
            ["RightLowerArm"] = CFrame.new(-2.682209014892578e-07, 1.7881393432617188e-07, 4.470348358154297e-08, 1, -1.1920931797249068e-07, 9.965153680013827e-08, 8.195639367158947e-08, -0.2284032106399536, -0.9735666513442993, 1.266598843585598e-07, 0.9735666513442993, -0.22840319573879242),
            ["LeftHand"] = CFrame.new(-2.384185791015625e-07, 2.384185791015625e-07, -1.825392246246338e-07, 0.6917622089385986, -0.45821046829223633, 0.558129608631134, 0.32631757855415344, 0.887836217880249, 0.32444337010383606, -0.6441909074783325, -0.04231010004878044, 0.7636936902999878),
            ["LeftFoot"] = CFrame.new(2.3748725652694702e-08, -1.1920928955078125e-07, 1.5745172277092934e-08, 0.9599534869194031, -0.27988314628601074, -0.012441486120223999, 0.2294594794511795, 0.8109362125396729, -0.5382664799690247, 0.160740926861763, 0.5138559937477112, 0.8426828384399414),
            ["LowerTorso"] = CFrame.new(-0.2499655783176422, -0.40391528606414795, -0.052914105355739594, 0.9973716139793396, -0.018082309514284134, 0.0701630637049675, 0.017667658627033234, 0.9998226165771484, 0.006525946315377951, -0.07026861608028412, -0.005269176326692104, 0.9975141882896423),
            ["RightLowerLeg"] = CFrame.new(3.725290298461914e-08, -0.000015139579772949219, -0.000035161327105015516, 1, -9.685753354915505e-08, 0, 9.685754776000977e-08, 0.380802720785141, 0.9246562123298645, -9.313225746154785e-08, -0.9246562719345093, 0.3808029890060425),
            ["LeftUpperLeg"] = CFrame.new(2.9802322387695312e-08, -1.626904122531414e-08, -8.381903171539307e-09, 0.945824146270752, 0.31068265438079834, -0.09430374950170517, -0.2957720458507538, 0.7046624422073364, -0.6449573040008545, -0.13392478227615356, 0.6379084587097168, 0.7583779096603394),
            ["LeftLowerLeg"] = CFrame.new(0, 0.00001537799835205078, 0.00003511272370815277, 1, 3.725290298461914e-08, 4.4703490686970326e-08, -8.940698137394065e-08, 0.27069759368896484, 0.9626644253730774, 4.842878098543224e-08, -0.9626644253730774, 0.270697683095932),
        }},
        {Time = 0.200, Data = {
            ["RightFoot"] = CFrame.new(3.001332515850663e-08, 4.76837158203125e-07, 5.532638169825077e-08, 0.9282113313674927, 0.37194186449050903, 0.009116007015109062, -0.3190877437591553, 0.8084319233894348, -0.494591623544693, -0.1913289874792099, 0.4561766982078552, 0.8690776824951172),
            ["LeftLowerArm"] = CFrame.new(1.7881393432617188e-07, 0, -1.341104507446289e-07, 1, 1.0430805730266002e-07, -6.519256601222878e-08, -7.078052277620372e-08, -0.20458319783210754, -0.9788491725921631, -1.788139627478813e-07, 0.9788491725921631, -0.20458337664604187),
            ["RightUpperArm"] = CFrame.new(5.960464477539063e-08, 1.1920928955078125e-07, 1.9237631931900978e-08, 0.4588150382041931, -0.1437920480966568, 0.8768195509910583, 0.5420049428939819, 0.827248752117157, -0.14795324206352234, -0.704073429107666, 0.543123722076416, 0.4574901759624481),
            ["Head"] = CFrame.new(4.151661414653063e-08, -1.1920928955078125e-07, 2.7852365747094154e-08, 0.9986889362335205, 0.050950873643159866, -0.0049495333805680275, -0.05117939040064812, 0.9958231449127197, -0.07561091333627701, 0.001076418673619628, 0.07576517760753632, 0.9971250891685486),
            ["RightHand"] = CFrame.new(-8.66129994392395e-08, -1.1920928955078125e-07, 3.1868694350123405e-08, 0.702608048915863, 0.43970149755477905, -0.5594680905342102, -0.30016645789146423, 0.8960028886795044, 0.327229380607605, 0.6451681852340698, -0.06198037415742874, 0.7615224719047546),
            ["UpperTorso"] = CFrame.new(-3.4458935260772705e-08, -5.960464477539063e-08, -3.725290298461914e-09, 0.9973570704460144, 0.004767656791955233, -0.07249938696622849, -0.011973347514867783, 0.9949873089790344, -0.09928274899721146, 0.07166261225938797, 0.0998884066939354, 0.9924147129058838),
            ["HumanoidRootPart"] = CFrame.new(0, 0, 0, 1, 0, 0, 0, 1, 0, 0, 0, 1),
            ["RightUpperLeg"] = CFrame.new(-2.9802322387695312e-08, -2.72353645414114e-07, 1.1059455573558807e-09, 0.9057668447494507, -0.42305541038513184, -0.024710053578019142, 0.33850204944610596, 0.7573535442352295, -0.5584191679954529, 0.2549564838409424, 0.4974330961704254, 0.8291907906532288),
            ["LeftUpperArm"] = CFrame.new(1.1920928955078125e-07, 0, 2.4097971618175507e-08, 0.4588151276111603, 0.14379191398620605, -0.8768196105957031, -0.5420049428939819, 0.8272486925125122, -0.1479533314704895, 0.704073429107666, 0.5431237816810608, 0.45749008655548096),
            ["RightLowerArm"] = CFrame.new(-1.7881393432617188e-07, 5.364418029785156e-07, -1.4901161193847656e-07, 1, -1.1920927533992653e-07, 1.769512749660862e-07, 1.2665985593685036e-07, -0.20458337664604187, -0.9788491725921631, 1.639127589214695e-07, 0.9788491725921631, -0.2045833319425583),
            ["LeftHand"] = CFrame.new(-8.940696716308594e-08, 2.980232238769531e-07, -3.6135315895080566e-07, 0.7020530700683594, -0.4389258921146393, 0.5607724189758301, 0.3009420335292816, 0.8965577483177185, 0.32498905062675476, -0.64541095495224, -0.05939943343400955, 0.7615224123001099),
            ["LeftFoot"] = CFrame.new(-5.099718691781163e-08, -5.960464477539063e-08, 2.246815711259842e-08, 0.9614228010177612, -0.27481943368911743, -0.011852635070681572, 0.22487734258174896, 0.8100610971450806, -0.5415082573890686, 0.15841838717460632, 0.5179530382156372, 0.8406118154525757),
            ["LowerTorso"] = CFrame.new(-0.25826558470726013, -0.39882218837738037, -0.052914105355739594, 0.9969064593315125, -0.0355641134083271, 0.07009054720401764, 0.03514961525797844, 0.9993565678596497, 0.007138675544410944, -0.07029932737350464, -0.004652936011552811, 0.997515082359314),
            ["RightLowerLeg"] = CFrame.new(-3.725290298461914e-08, -0.000014841556549072266, -0.0000351240742020309, 1, -1.341104365337742e-07, -8.940696716308594e-08, 1.1920928955078125e-07, 0.4067199230194092, 0.9135528206825256, -5.21540641784668e-08, -0.9135529398918152, 0.40672022104263306),
            ["LeftUpperLeg"] = CFrame.new(8.940696716308594e-08, -1.966254785656929e-07, -3.725290298461914e-09, 0.9422085881233215, 0.31868353486061096, -0.10336238890886307, -0.30718061327934265, 0.6986058950424194, -0.6462119817733765, -0.133727565407753, 0.6406174302101135, 0.7561259865760803),
            ["LeftLowerLeg"] = CFrame.new(-1.1175870895385742e-07, 0.00001531839370727539, 0.00003501400351524353, 1, 7.450580596923828e-08, 5.960464477539063e-08, -9.685753354915505e-08, 0.2647448182106018, 0.9643185138702393, 7.450579886381092e-08, -0.964318573474884, 0.2647447884082794),
        }},
        {Time = 0.233, Data = {
            ["RightFoot"] = CFrame.new(-1.280568540096283e-09, 2.384185791015625e-07, -2.4156179279088974e-08, 0.9354272484779358, 0.3534325361251831, 0.007842657156288624, -0.3128615617752075, 0.8379703760147095, -0.44712772965431213, -0.16460147500038147, 0.4158018231391907, 0.8944357633590698),
            ["LeftLowerArm"] = CFrame.new(4.470348358154297e-07, -3.5762786865234375e-07, -2.5331974029541016e-07, 1, 8.940694584680386e-08, -2.2910532493369828e-07, -1.4901162614933128e-07, -0.2033698707818985, -0.9791019558906555, -1.4156104555240745e-07, 0.9791020154953003, -0.20337001979351044),
            ["RightUpperArm"] = CFrame.new(0, -1.1920928955078125e-07, -1.8335413187742233e-08, 0.47208482027053833, -0.1514720469713211, 0.8684424161911011, 0.5302111506462097, 0.8358150720596313, -0.14244115352630615, -0.704281210899353, 0.5277020931243896, 0.47488778829574585),
            ["Head"] = CFrame.new(4.21423465013504e-08, -3.5762786865234375e-07, -5.791662260890007e-09, 0.99859219789505, 0.05277511477470398, -0.005346329882740974, -0.05303297936916351, 0.9954442381858826, -0.07923553138971329, 0.001140310661867261, 0.07940758019685745, 0.9968416690826416),
            ["RightHand"] = CFrame.new(1.9744038581848145e-07, 1.1920928955078125e-07, -2.0617153495550156e-07, 0.7166672945022583, 0.428870290517807, -0.5499621629714966, -0.28785625100135803, 0.9001688361167908, 0.3268561065196991, 0.6352377533912659, -0.07593701779842377, 0.7685744762420654),
            ["UpperTorso"] = CFrame.new(-6.05359673500061e-09, 2.980232238769531e-07, -1.862645149230957e-09, 0.9970343112945557, 0.023729421198368073, -0.07320880889892578, -0.03067701868712902, 0.9949771165847778, -0.09528647363185883, 0.07057999074459076, 0.09724969416856766, 0.9927542209625244),
            ["HumanoidRootPart"] = CFrame.new(0, 0, 0, 1, 0, 0, 0, 1, 0, 0, 0, 1),
            ["RightUpperLeg"] = CFrame.new(0, 4.716566763818264e-07, -2.9103830456733704e-10, 0.9155447483062744, -0.39661651849746704, -0.0668816864490509, 0.3105854094028473, 0.8027836084365845, -0.5089943408966064, 0.2555670738220215, 0.44523459672927856, 0.8581676483154297),
            ["LeftUpperArm"] = CFrame.new(5.960464477539063e-08, 0, -2.7066562324762344e-08, 0.47103947401046753, 0.15048985183238983, -0.8691805005073547, -0.5301773548126221, 0.8358076810836792, -0.14261013269424438, 0.7050063014030457, 0.5279947519302368, 0.47348472476005554),
            ["RightLowerArm"] = CFrame.new(2.9802322387695312e-08, 1.7881393432617188e-07, 0, 1, -7.450579886381092e-08, 1.6391277313232422e-07, 1.1175870895385742e-07, -0.2001994550228119, -0.9797552227973938, 1.1920928955078125e-07, 0.9797552227973938, -0.20019952952861786),
            ["LeftHand"] = CFrame.new(-1.4901161193847656e-07, 5.960464477539063e-08, -5.587935447692871e-09, 0.7026758193969727, -0.44289249181747437, 0.5568601489067078, 0.3070845305919647, 0.8947755098342896, 0.3241538405418396, -0.6418301463127136, -0.0567719005048275, 0.7647424936294556),
            ["LeftFoot"] = CFrame.new(6.890331860631704e-09, 0, 1.4348188415169716e-08, 0.9627913236618042, -0.2699969708919525, -0.011603477410972118, 0.2282947301864624, 0.8355598449707031, -0.4997211992740631, 0.14461861550807953, 0.47847822308540344, 0.8661086559295654),
            ["LowerTorso"] = CFrame.new(-0.2501041889190674, -0.34052491188049316, -0.052914105355739594, 0.9965068101882935, -0.04547838121652603, 0.07004216313362122, 0.04506402462720871, 0.9989560842514038, 0.0074854642152786255, -0.07030946761369705, -0.004302934743463993, 0.9975159764289856),
            ["RightLowerLeg"] = CFrame.new(-5.21540641784668e-08, -0.000014841556549072266, -0.000035064469557255507, 1, -1.1920927533992653e-07, -7.4505820180093e-08, 1.4901159772762185e-07, 0.5140299797058105, 0.8577721118927002, -5.215405707303944e-08, -0.8577722311019897, 0.5140302181243896),
            ["LeftUpperLeg"] = CFrame.new(2.9802322387695312e-08, 5.396723281592131e-07, -4.6566128730773926e-09, 0.9407146573066711, 0.3276999592781067, -0.08757121860980988, -0.31171345710754395, 0.7333769202232361, -0.6041465997695923, -0.1337561011314392, 0.5956266522407532, 0.7920467853546143),
            ["LeftLowerLeg"] = CFrame.new(-4.470348358154297e-08, 0.000015497207641601562, 0.00003501027822494507, 1, 8.195638656616211e-08, 4.4703494239684005e-08, -4.4703490686970326e-08, 0.36714884638786316, 0.9301621317863464, 3.4458938813486384e-08, -0.9301621913909912, 0.3671492636203766),
        }},
        {Time = 0.267, Data = {
            ["RightFoot"] = CFrame.new(-1.2754753697663546e-08, 1.7881393432617188e-07, 4.656612873077393e-10, 0.9447895288467407, 0.32762640714645386, 0.005807608366012573, -0.29865673184394836, 0.8682703375816345, -0.3961196541786194, -0.13482198119163513, 0.37251541018486023, 0.9181806445121765),
            ["LeftLowerArm"] = CFrame.new(8.940696716308594e-08, 1.7881393432617188e-07, 7.450580596923828e-08, 1, 1.0430806440808738e-07, -6.23986053938097e-08, -1.341104365337742e-07, -0.2178102731704712, -0.9759910702705383, -1.937150670983101e-07, 0.9759911894798279, -0.21781040728092194),
            ["RightUpperArm"] = CFrame.new(5.960464477539063e-08, 1.1920928955078125e-07, -6.9267116487026215e-09, 0.4999750256538391, -0.17875023186206818, 0.8473920822143555, 0.5222218036651611, 0.8427904844284058, -0.13033980131149292, -0.6908758282661438, 0.507693350315094, 0.5147215127944946),
            ["Head"] = CFrame.new(5.627589416690171e-08, 0, -1.4057150110602379e-08, 0.9988226890563965, 0.048211470246315, -0.005376739427447319, -0.04849238321185112, 0.9953182935714722, -0.08360682427883148, 0.0013207609299570322, 0.08376915752887726, 0.9964843988418579),
            ["RightHand"] = CFrame.new(2.2351741790771484e-07, 5.960464477539063e-08, -2.430206222925335e-07, 0.7170349359512329, 0.44404712319374084, -0.5372923612594604, -0.30994534492492676, 0.893540620803833, 0.3248371183872223, 0.6243354678153992, -0.06638830155134201, 0.7783302068710327),
            ["UpperTorso"] = CFrame.new(4.190951585769653e-09, -5.960464477539063e-08, -3.725290298461914e-09, 0.9970661997795105, 0.02529432810842991, -0.07224445790052414, -0.03185495361685753, 0.9953272938728333, -0.09115396440029144, 0.06960118561983109, 0.09318787604570389, 0.993212878704071),
            ["HumanoidRootPart"] = CFrame.new(0, 0, 0, 1, 0, 0, 0, 1, 0, 0, 0, 1),
            ["RightUpperLeg"] = CFrame.new(5.960464477539063e-08, -5.061156116425991e-08, -3.550667315721512e-09, 0.9224534630775452, -0.3719283640384674, -0.10367733240127563, 0.28918927907943726, 0.8434469103813171, -0.45273280143737793, 0.25583046674728394, 0.387642502784729, 0.8855981230735779),
            ["LeftUpperArm"] = CFrame.new(5.960464477539063e-08, 0, 1.5133991837501526e-09, 0.4984288811683655, 0.1773255169391632, -0.8486014604568481, -0.5221410989761353, 0.8428055047988892, -0.13056693971157074, 0.6920530796051025, 0.5081679224967957, 0.5126675367355347),
            ["RightLowerArm"] = CFrame.new(-5.960464477539063e-08, 0, -8.940696716308594e-08, 1, -1.3411046495548362e-07, 1.3253885811082e-07, 9.685756197086448e-08, -0.21275141835212708, -0.9771064519882202, 8.195639367158947e-08, 0.9771063923835754, -0.21275141835212708),
            ["LeftHand"] = CFrame.new(-5.960464477539063e-08, 2.384185791015625e-07, -1.6391277313232422e-07, 0.6946350932121277, -0.46644851565361023, 0.5476387739181519, 0.33963221311569214, 0.8837476968765259, 0.3219316303730011, -0.6341390013694763, -0.03762912377715111, 0.7723029851913452),
            ["LeftFoot"] = CFrame.new(-4.96947905048728e-08, -5.960464477539063e-08, 5.6606950238347054e-08, 0.9622507691383362, -0.27189287543296814, -0.012151122093200684, 0.2395477592945099, 0.8672813773155212, -0.4363945424556732, 0.12919102609157562, 0.41701018810272217, 0.899673342704773),
            ["LowerTorso"] = CFrame.new(-0.22754038870334625, -0.27503514289855957, -0.052914105355739594, 0.9967272281646729, -0.040314771234989166, 0.07006797939538956, 0.03990033641457558, 0.9991769790649414, 0.00730490917339921, -0.07030480355024338, -0.004485266283154488, 0.9975154995918274),
