return {
    ["Heel Click Breakdown"] = {
        {Time = 0.000, Data = {
            ["RightFoot"] = CFrame.new(-1.30385160446167e-08, 5.364418029785156e-07, 3.149762051180005e-08, 0.9740270972251892, -0.1609734296798706, 0.1592448651790619, 0.18418246507644653, 0.9723353385925293, -0.1436690390110016, -0.13171252608299255, 0.16926772892475128, 0.9767293930053711),
            ["LeftLowerArm"] = CFrame.new(8.940696716308594e-08, -2.384185791015625e-07, -5.960464477539063e-08, 1, -5.960463056453591e-08, 3.725290298461914e-08, 2.9802322387695312e-08, 0.9999867081642151, -0.005154550075531006, 7.450580596923828e-09, 0.005154578480869532, 0.9999867677688599),
            ["LeftFoot"] = CFrame.new(3.725290298461914e-09, 1.7881393432617188e-07, -1.3830140233039856e-07, 0.9945668578147888, 0.06322052329778671, -0.08270475268363953, -0.06478850543498993, 0.9977641105651855, -0.016410499811172485, 0.08148230612277985, 0.021679507568478584, 0.9964389801025391),
            ["Head"] = CFrame.new(-2.5902409106492996e-08, 1.1920928955078125e-07, 2.6542693376541138e-08, 0.9506398439407349, -0.13067181408405304, -0.28144070506095886, 0.08069796115159988, 0.9799092411994934, -0.1823892444372177, 0.2996194660663605, 0.15067492425441742, 0.9420856237411499),
            ["LowerTorso"] = CFrame.new(-0.0005865097045898438, 0.023824691772460938, 0.006382852792739868, 0.9194304943084717, 0.19627119600772858, -0.3407715857028961, -0.2183942347764969, 0.9754756093025208, -0.027410022914409637, 0.3270345628261566, 0.0996241495013237, 0.9397464394569397),
            ["UpperTorso"] = CFrame.new(-2.421438694000244e-08, 1.1920928955078125e-07, 1.30385160446167e-08, 0.795652449131012, -0.34167036414146423, 0.5001985430717468, 0.16150008141994476, 0.9155074954032898, 0.36846137046813965, -0.5838278532028198, -0.21238508820533752, 0.7836055755615234),
            ["HumanoidRootPart"] = CFrame.new(0, 0, 0, 1, 0, 0, 0, 1, 0, 0, 0, 1),
            ["RightUpperLeg"] = CFrame.new(0, 4.284083843231201e-08, -1.6596459317952394e-08, 0.9868609309196472, -0.03070858120918274, 0.1586274951696396, 0.0851060226559639, 0.9333316683769226, -0.34878242015838623, -0.1373414546251297, 0.35769978165626526, 0.9236818552017212),
            ["LeftUpperArm"] = CFrame.new(-1.1920928955078125e-07, 3.5762786865234375e-07, 3.725290298461914e-09, 0.8510279655456543, 0.3984762728214264, -0.3420059382915497, -0.26636478304862976, 0.8888545036315918, 0.3728104829788208, 0.45254966616630554, -0.22617369890213013, 0.8625801205635071),
            ["RightLowerArm"] = CFrame.new(1.1920928955078125e-07, -1.7881393432617188e-07, -8.940696716308594e-08, 1, -5.960463056453591e-08, 5.215405707303944e-08, 8.940698137394065e-08, 0.4768930673599243, -0.8789613842964172, 1.3876707782856101e-07, 0.8789613246917725, 0.47689288854599),
            ["LeftHand"] = CFrame.new(1.4901161193847656e-08, 2.384185791015625e-07, 1.4901161193847656e-07, 0.8403024077415466, -0.02099595032632351, -0.5417110919952393, -0.06068430840969086, 0.989326536655426, -0.1324780285358429, 0.5387107133865356, 0.14419494569301605, 0.8300595879554749),
            ["RightHand"] = CFrame.new(-5.960464477539063e-08, -5.960464477539063e-08, -2.9802322387695312e-08, 0.6678446531295776, 0.15487128496170044, 0.7280099391937256, 0.13329671323299408, 0.9374123215675354, -0.3216986656188965, -0.732267439365387, 0.3118862807750702, 0.6054020524024963),
            ["RightUpperArm"] = CFrame.new(0, 1.1920928955078125e-07, 2.9802322387695312e-08, 0.6408470273017883, -0.30438926815986633, 0.7047427296638489, 0.5392220616340637, 0.8319096565246582, -0.13101859390735626, -0.5464016795158386, 0.4639759361743927, 0.697260320186615),
            ["RightLowerLeg"] = CFrame.new(-1.1175870895385742e-07, 1.7881393432617188e-07, -5.75528247281909e-09, 1, -1.1175873737556685e-07, -4.4703490686970326e-08, 1.1920927533992653e-07, 0.7158926725387573, 0.6982099413871765, -6.332992796842518e-08, -0.6982104182243347, 0.715893030166626),
            ["LeftUpperLeg"] = CFrame.new(-1.1920928955078125e-07, 3.9301812648773193e-07, 2.9802322387695312e-08, 0.8876365423202515, 0.15109878778457642, 0.43505245447158813, 0.23575067520141602, 0.6624224781990051, -0.7110683917999268, -0.3956301212310791, 0.733734130859375, 0.552368700504303),
            ["LeftLowerLeg"] = CFrame.new(6.705522537231445e-08, -1.7881393432617188e-07, 4.470348358154297e-08, 1, 8.940698137394065e-08, 8.940698847936801e-08, -8.195638656616211e-08, -0.029745815321803093, 0.9995575547218323, 9.685754776000977e-08, -0.9995574951171875, -0.029745835810899734),
        }},
        {Time = 0.033, Data = {
            ["RightFoot"] = CFrame.new(5.587935447692871e-09, 4.76837158203125e-07, 4.267349140718579e-08, 0.9710417985916138, -0.1497568041086197, 0.18614736199378967, 0.19218085706233978, 0.9525058269500732, -0.23621821403503418, -0.1419312208890915, 0.2651520371437073, 0.9537034034729004),
            ["LeftLowerArm"] = CFrame.new(1.1920928955078125e-07, 0, -1.341104507446289e-07, 1, 2.2351736461700966e-08, 4.4703490686970326e-08, 0, 0.9999867081642151, -0.005156305152922869, 7.450578820566989e-09, 0.005156234372407198, 0.9999867081642151),
            ["LeftFoot"] = CFrame.new(8.195638656616211e-08, 0, -2.9802322387695312e-08, 0.9927945733070374, 0.04561406746506691, -0.1108081042766571, -0.053904831409454346, 0.9958730936050415, -0.07301399856805801, 0.10702033340930939, 0.07846099883317947, 0.9911562204360962),
            ["Head"] = CFrame.new(6.984919309616089e-09, -1.1920928955078125e-07, 2.5960616767406464e-08, 0.9363299608230591, -0.16510514914989471, -0.30988141894340515, 0.11952584236860275, 0.9797167778015137, -0.1608375757932663, 0.33015114068984985, 0.113558329641819, 0.9370724558830261),
            ["LowerTorso"] = CFrame.new(-0.0017860829830169678, -0.023157477378845215, -0.0011211782693862915, 0.9282721877098083, 0.15936590731143951, -0.33602577447891235, -0.17796382308006287, 0.9837173819541931, -0.02508099563419819, 0.32655730843544006, 0.083082415163517, 0.9415187835693359),
            ["UpperTorso"] = CFrame.new(1.955777406692505e-08, 2.9802322387695312e-08, -1.862645149230957e-09, 0.7914330363273621, -0.2714988887310028, 0.547651469707489, 0.10016074031591415, 0.9414361715316772, 0.3219718039035797, -0.6029938459396362, -0.1999659687280655, 0.7722772359848022),
            ["HumanoidRootPart"] = CFrame.new(0, 0, 0, 1, 0, 0, 0, 1, 0, 0, 0, 1),
            ["RightUpperLeg"] = CFrame.new(5.960464477539063e-08, 9.033828973770142e-08, 5.75528247281909e-09, 0.9920386672019958, -0.0017829516436904669, 0.1259218007326126, 0.046398814767599106, 0.9347347021102905, -0.3523043990135193, -0.11707523465156555, 0.3553421199321747, 0.9273756146430969),
            ["LeftUpperArm"] = CFrame.new(0, 0, 1.862645149230957e-08, 0.843400239944458, 0.3849433958530426, -0.3748263120651245, -0.23521575331687927, 0.8917609453201294, 0.3865694999694824, 0.48306286334991455, -0.23786771297454834, 0.8426560163497925),
            ["RightLowerArm"] = CFrame.new(5.960464477539063e-08, 2.384185791015625e-07, 2.9802322387695312e-08, 1, -5.960463766996327e-08, 4.423781874152155e-08, 1.1175868053214799e-07, 0.5500490069389343, -0.8351324796676636, 7.91623975260336e-08, 0.8351324200630188, 0.5500488877296448),
            ["LeftHand"] = CFrame.new(5.960464477539063e-08, 2.384185791015625e-07, -1.4901161193847656e-07, 0.8376486897468567, -0.02009785734117031, -0.5458395481109619, -0.04776890203356743, 0.992798388004303, -0.10986120998859406, 0.5441165566444397, 0.11809924244880676, 0.8306562900543213),
            ["RightHand"] = CFrame.new(0, -1.1920928955078125e-07, -7.35744833946228e-08, 0.638881504535675, 0.15755008161067963, 0.7529997229576111, 0.0738428458571434, 0.9617265462875366, -0.26387396454811096, -0.7657530903816223, 0.22418776154518127, 0.6027952432632446),
            ["RightUpperArm"] = CFrame.new(0, -2.384185791015625e-07, 2.384185791015625e-07, 0.6612322926521301, -0.31797873973846436, 0.6794567704200745, 0.5164299011230469, 0.849887490272522, -0.10483957827091217, -0.5441250801086426, 0.4202152192592621, 0.7261867523193359),
            ["RightLowerLeg"] = CFrame.new(-7.450580596923828e-09, 2.980232238769531e-07, -2.8107024263590574e-08, 1, -1.043081283569336e-07, -3.3527619791584584e-08, 1.1175869474300271e-07, 0.7043781280517578, 0.7098246812820435, -7.450579886381092e-08, -0.7098249197006226, 0.7043784856796265),
            ["LeftUpperLeg"] = CFrame.new(0, 4.0978193283081055e-08, 7.450580596923828e-09, 0.8962296843528748, 0.16581113636493683, 0.4114355146884918, 0.18986915051937103, 0.6948621869087219, -0.6936255097389221, -0.400901734828949, 0.6997666954994202, 0.5912736058235168),
            ["LeftLowerLeg"] = CFrame.new(-1.4901161193847656e-08, -1.7881393432617188e-07, -1.3783574104309082e-07, 1, 8.940698847936801e-08, 5.587935447692871e-08, -8.940696716308594e-08, 0.24122245609760284, 0.9704698324203491, 5.21540641784668e-08, -0.9704699516296387, 0.24122248589992523),
        }},
        {Time = 0.067, Data = {
            ["RightFoot"] = CFrame.new(7.450580596923828e-09, 5.960464477539062e-07, 2.032174961641431e-08, 0.9690068364143372, -0.13352146744728088, 0.20784099400043488, 0.19509100914001465, 0.9297435283660889, -0.3122759461402893, -0.15154337882995605, 0.34314581751823425, 0.9269767999649048),
            ["LeftLowerArm"] = CFrame.new(2.682209014892578e-07, -4.172325134277344e-07, -1.4901161193847656e-07, 1, -1.4901161193847656e-08, 6.705523958316917e-08, 3.72529100900465e-08, 0.9999867677688599, -0.005156857427209616, 4.4703494239684005e-08, 0.005156826227903366, 0.9999867677688599),
            ["LeftFoot"] = CFrame.new(-3.5390257835388184e-08, 5.960464477539063e-08, 7.450580596923828e-09, 0.988796055316925, 0.026780009269714355, -0.14685095846652985, -0.04850812256336212, 0.9880291819572449, -0.14644235372543335, 0.141171395778656, 0.15192511677742004, 0.9782584309577942),
            ["Head"] = CFrame.new(1.30385160446167e-08, 1.1920928955078125e-07, -1.862645149230957e-08, 0.9213745594024658, -0.20132918655872345, -0.3324688673019409, 0.16445544362068176, 0.9769830107688904, -0.13586263358592987, 0.35216957330703735, 0.07050414383411407, 0.933276891708374),
            ["LowerTorso"] = CFrame.new(-0.005108863115310669, -0.07660865783691406, -0.009019523859024048, 0.9466333389282227, 0.08577977120876312, -0.31068816781044006, -0.09692227840423584, 0.9950792789459229, -0.020574308931827545, 0.30739447474479675, 0.04958892986178398, 0.9502891898155212),
            ["UpperTorso"] = CFrame.new(2.7474015951156616e-08, 0, -9.313225746154785e-10, 0.7993378639221191, -0.1493285447359085, 0.5820310711860657, 0.008057297207415104, 0.9712045788764954, 0.23811107873916626, -0.6008279919624329, -0.18564161658287048, 0.7775236368179321),
            ["HumanoidRootPart"] = CFrame.new(0, 0, 0, 1, 0, 0, 0, 1, 0, 0, 0, 1),
            ["RightUpperLeg"] = CFrame.new(-2.9802322387695312e-08, 9.313225746154785e-08, 2.029992174357176e-09, 0.9962762594223022, 0.05597054958343506, 0.06558218598365784, -0.03117893636226654, 0.9430490732192993, -0.33118942379951477, -0.08038394153118134, 0.3279113173484802, 0.9412824511528015),
            ["LeftUpperArm"] = CFrame.new(1.1920928955078125e-07, 0, 6.705522537231445e-08, 0.8334723114967346, 0.3565886318683624, -0.4221001863479614, -0.20312732458114624, 0.9081363677978516, 0.3660978376865387, 0.5138708353042603, -0.219392329454422, 0.829339325428009),
            ["RightLowerArm"] = CFrame.new(-5.960464477539063e-08, -5.960464477539063e-08, 4.842877388000488e-08, 1, -7.450580596923828e-08, 2.2351745343485163e-08, 8.940699558479537e-08, 0.6222035884857178, -0.7828556895256042, 1.476146849199722e-07, 0.7828555703163147, 0.6222033500671387),
            ["LeftHand"] = CFrame.new(-8.940696716308594e-08, 3.5762786865234375e-07, -2.9802322387695312e-08, 0.8365044593811035, -0.01968984864652157, -0.5476062297821045, -0.0421966053545475, 0.9940720796585083, -0.10020081698894501, 0.5463330745697021, 0.10692568868398666, 0.8307148814201355),
            ["RightHand"] = CFrame.new(1.4901161193847656e-07, 2.384185791015625e-07, -1.9371509552001953e-07, 0.601402997970581, 0.17026740312576294, 0.7805919051170349, 0.003314793575555086, 0.9764869809150696, -0.2155512422323227, -0.798939049243927, 0.1322207897901535, 0.586697518825531),
            ["RightUpperArm"] = CFrame.new(0, 1.1920928955078125e-07, 8.940696716308594e-08, 0.6925424933433533, -0.3040560185909271, 0.6541674137115479, 0.46100690960884094, 0.8840362429618835, -0.0771520733833313, -0.5548490881919861, 0.3550068140029907, 0.7524045705795288),
            ["RightLowerLeg"] = CFrame.new(-1.4901161193847656e-08, 4.172325134277344e-07, 9.145878721028566e-09, 1, -1.043081283569336e-07, -3.72529100900465e-08, 1.0989604959377175e-07, 0.7279535531997681, 0.685626208782196, -7.450579886381092e-08, -0.6856264472007751, 0.7279537916183472),
            ["LeftUpperLeg"] = CFrame.new(2.9802322387695312e-08, 8.381903171539307e-08, -3.725290298461914e-09, 0.9084634780883789, 0.17232944071292877, 0.38078436255455017, 0.1193072497844696, 0.7662211060523987, -0.6314039826393127, -0.4005744159221649, 0.6190378069877625, 0.6755238771438599),
            ["LeftLowerLeg"] = CFrame.new(1.1175870895385742e-08, 0, 8.195638656616211e-08, 1, 6.891789183782748e-08, 3.958122363201255e-08, -7.078051567077637e-08, 0.5853458046913147, 0.810783863067627, 5.21540641784668e-08, -0.810783863067627, 0.5853458046913147),
        }},
        {Time = 0.100, Data = {
            ["RightFoot"] = CFrame.new(-2.60770320892334e-08, 2.384185791015625e-07, 9.145878721028566e-09, 0.9670793414115906, -0.12418922036886215, 0.22211408615112305, 0.20177346467971802, 0.9060741662979126, -0.37191009521484375, -0.1550644338130951, 0.4044833779335022, 0.9013037085533142),
            ["LeftLowerArm"] = CFrame.new(-1.1920928955078125e-07, -4.172325134277344e-07, 8.940696716308594e-08, 1, -2.2351747119842003e-08, -1.4901157641133977e-08, -2.2351747119842003e-08, 0.9999867081642151, -0.005156925413757563, -7.4505820180093e-08, 0.0051569766364991665, 0.9999867081642151),
            ["LeftFoot"] = CFrame.new(-6.146728992462158e-08, 0, -1.30385160446167e-08, 0.9851213097572327, 0.02072121948003769, -0.170606791973114, -0.050672683864831924, 0.9835942983627319, -0.17313160002231598, 0.16422034800052643, 0.17920060455799103, 0.9700097441673279),
            ["Head"] = CFrame.new(2.60770320892334e-08, -2.384185791015625e-07, -3.259629011154175e-08, 0.906369686126709, -0.22213366627693176, -0.35937559604644775, 0.19207049906253815, 0.974285364151001, -0.11780072748661041, 0.3763018846511841, 0.03774568438529968, 0.9257280230522156),
            ["LowerTorso"] = CFrame.new(-0.00818287581205368, -0.12224507331848145, -0.015484806150197983, 0.9670533537864685, 0.03171130642294884, -0.25259140133857727, -0.037480760365724564, 0.9991341233253479, -0.01806093379855156, 0.25179997086524963, 0.026933196932077408, 0.9674045443534851),
            ["UpperTorso"] = CFrame.new(3.4924596548080444e-10, -1.1920928955078125e-07, 5.238689482212067e-09, 0.8157885670661926, -0.05889051780104637, 0.5753442049026489, -0.05360850319266319, 0.9828197956085205, 0.1766107678413391, -0.575860321521759, -0.17492042481899261, 0.7986162304878235),
            ["HumanoidRootPart"] = CFrame.new(0, 0, 0, 1, 0, 0, 0, 1, 0, 0, 0, 1),
            ["RightUpperLeg"] = CFrame.new(5.960464477539063e-08, -2.1792948246002197e-07, 1.6931153368204832e-08, 0.9961367845535278, 0.08607792854309082, -0.017385749146342278, -0.0871286392211914, 0.9440510272979736, -0.3180820941925049, -0.010966845788061619, 0.31836798787117004, 0.9479037523269653),
            ["LeftUpperArm"] = CFrame.new(0, -3.5762786865234375e-07, -7.450580596923828e-08, 0.8169968128204346, 0.335674524307251, -0.46887001395225525, -0.19085825979709625, 0.9246861934661865, 0.32943665981292725, 0.5441409945487976, -0.17966100573539734, 0.8195318579673767),
            ["RightLowerArm"] = CFrame.new(-1.7881393432617188e-07, 0, -3.4458935260772705e-08, 1, -4.4703494239684005e-08, 2.980232594040899e-08, 1.192093321833454e-07, 0.6539798974990845, -0.7565120458602905, 5.256153556842946e-08, 0.7565119862556458, 0.6539798378944397),
            ["LeftHand"] = CFrame.new(8.940696716308594e-08, -2.384185791015625e-07, -1.341104507446289e-07, 0.8362635970115662, -0.01960214041173458, -0.5479774475097656, -0.04102744907140732, 0.994322657585144, -0.0981803685426712, 0.5467905402183533, 0.10458667576313019, 0.8307114243507385),
            ["RightHand"] = CFrame.new(0, 1.1920928955078125e-07, 2.9802322387695312e-08, 0.5814622044563293, 0.1795797049999237, 0.7935068607330322, -0.032439570873975754, 0.9796770215034485, -0.19794125854969025, -0.8129264712333679, 0.08935429155826569, 0.5754703879356384),
            ["RightUpperArm"] = CFrame.new(-1.1920928955078125e-07, 0, 5.960464477539063e-08, 0.7325314879417419, -0.27119067311286926, 0.6243823766708374, 0.3917510211467743, 0.918056070804596, -0.06086280196905136, -0.5567125678062439, 0.2891863286495209, 0.7787441611289978),
            ["RightLowerLeg"] = CFrame.new(-4.842877388000488e-08, 3.5762786865234375e-07, -4.300818545743823e-08, 1, -1.0430816388407038e-07, -3.3527616238870905e-08, 1.1175872316471214e-07, 0.7224430441856384, 0.6914299726486206, -4.842878098543224e-08, -0.6914304494857788, 0.7224434614181519),
            ["LeftUpperLeg"] = CFrame.new(0, 1.7229467630386353e-08, -2.60770320892334e-08, 0.9283409714698792, 0.16653582453727722, 0.33233848214149475, 0.0785302072763443, 0.7859935760498047, -0.6132267713546753, -0.3633401691913605, 0.5953821539878845, 0.7165919542312622),
            ["LeftLowerLeg"] = CFrame.new(5.21540641784668e-08, 0, 2.9802322387695312e-08, 1, 5.168843486558217e-08, 2.7706850147524165e-08, -5.960464477539063e-08, 0.7218020558357239, 0.6920995116233826, 2.60770320892334e-08, -0.6920996904373169, 0.7218021154403687),
        }},
        {Time = 0.133, Data = {
            ["RightFoot"] = CFrame.new(1.862645149230957e-08, 2.980232238769531e-07, -2.0656443666666746e-08, 0.9652462005615234, -0.12295322865247726, 0.23061275482177734, 0.21202723681926727, 0.8843121528625488, -0.4159761667251587, -0.15278811752796173, 0.45041587948799133, 0.8796485662460327),
            ["LeftLowerArm"] = CFrame.new(0, -4.76837158203125e-07, 1.4901161193847656e-08, 1, -3.725289943190546e-08, 1.4901154088420299e-08, 2.2351741790771484e-08, 0.9999867081642151, -0.005156317260116339, 2.9802322387695312e-08, 0.005156304221600294, 0.9999867081642151),
            ["LeftFoot"] = CFrame.new(9.313225746154785e-09, 0, 6.705522537231445e-08, 0.9819170236587524, 0.022241145372390747, -0.18800115585327148, -0.02973337285220623, 0.9988681674003601, -0.037126023322343826, 0.18696266412734985, 0.04204455018043518, 0.9814669489860535),
            ["Head"] = CFrame.new(3.725290298461914e-08, -1.1920928955078125e-07, -2.514570951461792e-08, 0.893234372138977, -0.22798974812030792, -0.3874961733818054, 0.20170244574546814, 0.9734943509101868, -0.10781838744878769, 0.4018067717552185, 0.018148275092244148, 0.9155446290969849),
            ["LowerTorso"] = CFrame.new(-0.009718522429466248, -0.14995944499969482, -0.019424516707658768, 0.9841175675392151, 0.017427725717425346, -0.176660418510437, -0.02144709974527359, 0.9995521903038025, -0.020867969840765, 0.17621761560440063, 0.02432538941502571, 0.9840506315231323),
            ["UpperTorso"] = CFrame.new(3.259629011154175e-09, -2.086162567138672e-07, 6.111804395914078e-10, 0.8404412269592285, -0.027034489437937737, 0.541228175163269, -0.07107140123844147, 0.9846289753913879, 0.15954503417015076, -0.5372220873832703, -0.17255404591560364, 0.8256012797355652),
            ["HumanoidRootPart"] = CFrame.new(0, 0, 0, 1, 0, 0, 0, 1, 0, 0, 0, 1),
            ["RightUpperLeg"] = CFrame.new(0, -7.252674549818039e-08, 2.438173396512866e-08, 0.9921317100524902, 0.07074245810508728, -0.10329659283161163, -0.10014677047729492, 0.9435662627220154, -0.3156792223453522, 0.07513533532619476, 0.323540061712265, 0.94322669506073),
            ["LeftUpperArm"] = CFrame.new(5.960464477539063e-08, 2.384185791015625e-07, 0, 0.7945249676704407, 0.32029810547828674, -0.5158868432044983, -0.19303537905216217, 0.9387277364730835, 0.285530149936676, 0.5757320523262024, -0.12727642059326172, 0.8076715469360352),
            ["RightLowerArm"] = CFrame.new(-5.960464477539063e-08, -1.7881393432617188e-07, -6.612390279769897e-08, 1, -1.1175869474300271e-07, 4.4703490686970326e-08, 5.960464477539063e-08, 0.6314296722412109, -0.7754331231117249, 6.76081981509924e-08, 0.7754331231117249, 0.6314298510551453),
            ["LeftHand"] = CFrame.new(1.4901161193847656e-07, -5.960464477539063e-08, 8.940696716308594e-08, 0.8375146985054016, -0.020050013437867165, -0.546047031879425, -0.047108329832553864, 0.9929563403129578, -0.10871350765228271, 0.5443804860115051, 0.11677265167236328, 0.8306708335876465),
            ["RightHand"] = CFrame.new(-5.960464477539063e-08, -2.384185791015625e-07, 5.960464477539063e-08, 0.6030377149581909, 0.18784911930561066, 0.7752794027328491, -0.0028756780084222555, 0.9723837375640869, -0.23337054252624512, -0.7977075576782227, 0.13850170373916626, 0.5869243144989014),
            ["RightUpperArm"] = CFrame.new(2.384185791015625e-07, 3.5762786865234375e-07, 5.960464477539063e-08, 0.7694916725158691, -0.23284688591957092, 0.5946974158287048, 0.329345166683197, 0.9424797296524048, -0.05712973326444626, -0.5471877455711365, 0.23982150852680206, 0.801917314529419),
            ["RightLowerLeg"] = CFrame.new(3.725290298461914e-09, 4.172325134277344e-07, 6.129994289949536e-08, 1, -1.1175872316471214e-07, -5.215408194203519e-08, 1.1362135410308838e-07, 0.6871100664138794, 0.726553201675415, -8.568167686462402e-08, -0.7265533804893494, 0.687110185623169),
            ["LeftUpperLeg"] = CFrame.new(0, -2.2095628082752228e-07, -1.1175870895385742e-08, 0.9561601281166077, 0.12230505049228668, 0.26608163118362427, 0.07253546267747879, 0.7813844084739685, -0.6198202967643738, -0.28371912240982056, 0.6119477152824402, 0.7382570505142212),
            ["LeftLowerLeg"] = CFrame.new(6.705522537231445e-08, -1.1920928955078125e-07, -2.9802322387695312e-08, 1, 6.519259443393821e-08, 3.259629366425543e-08, -6.332992796842518e-08, 0.703568160533905, 0.7106278538703918, 2.2351738238057806e-08, -0.7106279134750366, 0.7035681009292603),
        }},
        {Time = 0.167, Data = {
            ["RightFoot"] = CFrame.new(1.6763806343078613e-08, 2.980232238769531e-07, -2.029992174357176e-09, 0.9642976522445679, -0.11998780816793442, 0.23607878386974335, 0.21650387346744537, 0.8705570101737976, -0.44187796115875244, -0.15250006318092346, 0.47721415758132935, 0.8654540181159973),
            ["LeftLowerArm"] = CFrame.new(-1.1920928955078125e-07, 0, -2.9802322387695312e-08, 1, 7.4505797087454084e-09, -2.2351738238057806e-08, -7.4505797087454084e-09, 0.9999867081642151, -0.005153417121618986, -5.215405707303944e-08, 0.005153409671038389, 0.9999867677688599),
            ["LeftFoot"] = CFrame.new(2.0489096641540527e-08, 1.1920928955078125e-07, -5.587935447692871e-08, 0.9779265522956848, 0.023092642426490784, -0.20766933262348175, -0.03956984356045723, 0.9963571429252625, -0.07554243505001068, 0.20516839623451233, 0.08209244161844254, 0.975277841091156),
            ["Head"] = CFrame.new(-7.450580596923828e-09, 1.1920928955078125e-07, -8.381903171539307e-09, 0.8833782076835632, -0.2248058170080185, -0.4112243056297302, 0.2046818733215332, 0.9744015336036682, -0.09298964589834213, 0.4216021001338959, -0.002025038003921509, 0.9067787528038025),
            ["LowerTorso"] = CFrame.new(-0.01040852814912796, -0.1592177152633667, -0.020673487335443497, 0.9941154718399048, 0.016104254871606827, -0.10712278634309769, -0.019152740016579628, 0.9994386434555054, -0.02749013528227806, 0.1066199466586113, 0.029380066320300102, 0.9938657283782959),
            ["UpperTorso"] = CFrame.new(8.731149137020111e-10, -8.940696716308594e-08, 3.754394128918648e-09, 0.8634459376335144, -0.014157706871628761, 0.5042429566383362, -0.07755347341299057, 0.9839962124824524, 0.16042737662792206, -0.4984443485736847, -0.17762607336044312, 0.8485295176506042),
            ["HumanoidRootPart"] = CFrame.new(0, 0, 0, 1, 0, 0, 0, 1, 0, 0, 0, 1),
            ["RightUpperLeg"] = CFrame.new(5.960464477539063e-08, 2.4103792384266853e-07, -5.420588422566652e-09, 0.983808159828186, 0.04659821093082428, -0.17306117713451385, -0.09706243872642517, 0.9502729773521423, -0.2959057092666626, 0.1506667286157608, 0.30791202187538147, 0.9394091963768005),
            ["LeftUpperArm"] = CFrame.new(0, -1.1920928955078125e-07, 7.450580596923828e-08, 0.7728297114372253, 0.2901628315448761, -0.5643934607505798, -0.19503554701805115, 0.95490562915802, 0.22386667132377625, 0.6039001941680908, -0.06293410807847977, 0.7945714592933655),
            ["RightLowerArm"] = CFrame.new(0, 1.1920928955078125e-07, -5.21540641784668e-08, 1, -3.725289587919178e-08, 2.9802318834981634e-08, 5.960464477539063e-08, 0.5692417025566101, -0.8221702575683594, -1.0454095900058746e-07, 0.8221703171730042, 0.5692416429519653),
            ["LeftHand"] = CFrame.new(-1.043081283569336e-07, -2.384185791015625e-07, 0, 0.841522216796875, -0.02138551138341427, -0.539799153804779, -0.06660181283950806, 0.9874863624572754, -0.14295101165771484, 0.5361013412475586, 0.156248077750206, 0.8295673727989197),
            ["RightHand"] = CFrame.new(-2.384185791015625e-07, -1.1920928955078125e-07, -8.940696716308594e-08, 0.6235455274581909, 0.19838064908981323, 0.7561983466148376, 0.02202228084206581, 0.9624282121658325, -0.2706420123577118, -0.7814768552780151, 0.18541070818901062, 0.595749020576477),
            ["RightUpperArm"] = CFrame.new(1.1920928955078125e-07, 0, -1.4901161193847656e-07, 0.7945707440376282, -0.19492019712924957, 0.5750334858894348, 0.2885163426399231, 0.9545245170593262, -0.07510964572429657, -0.5342430472373962, 0.22558631002902985, 0.8146747946739197),
            ["RightLowerLeg"] = CFrame.new(-6.705522537231445e-08, 3.5762786865234375e-07, -2.8107024263590574e-08, 1, -1.0430814256778831e-07, -4.470350489782504e-08, 1.0244549741855735e-07, 0.6765228509902954, 0.7364215850830078, -1.0803343286625022e-07, -0.7364217042922974, 0.6765230298042297),
            ["LeftUpperLeg"] = CFrame.new(-5.960464477539063e-08, 1.6973353922367096e-07, -7.450580596923828e-09, 0.9754441380500793, 0.06474184989929199, 0.2105165272951126, 0.07147198170423508, 0.8110468983650208, -0.5805986523628235, -0.20832780003547668, 0.581387460231781, 0.7865037322044373),
            ["LeftLowerLeg"] = CFrame.new(-6.332993507385254e-08, 2.384185791015625e-07, -3.3527612686157227e-08, 1, 6.332994928470725e-08, 3.9115558791991134e-08, -6.146729703004894e-08, 0.5845422744750977, 0.8113632202148438, 3.3527616238870905e-08, -0.8113632202148438, 0.5845422744750977),
        }},
        {Time = 0.200, Data = {
            ["RightFoot"] = CFrame.new(-3.5390257835388184e-08, 1.7881393432617188e-07, -6.908521754667163e-08, 0.9498425126075745, -0.2251308709383011, 0.2170608639717102, 0.28643760085105896, 0.9048614501953125, -0.31492725014686584, -0.1255100816488266, 0.36130598187446594, 0.9239618182182312),
            ["LeftLowerArm"] = CFrame.new(0, -6.556510925292969e-07, -2.9802322387695312e-08, 1, -5.0291401265667446e-08, -2.980232949312267e-08, 2.9802318834981634e-08, 0.9712517857551575, -0.23805466294288635, -5.960463766996327e-08, 0.23805458843708038, 0.9712518453598022),
            ["LeftFoot"] = CFrame.new(-3.725290298461914e-09, 5.960464477539063e-08, 1.0710209608078003e-08, 0.9726442098617554, 0.07189908623695374, -0.22089312970638275, -0.12063109874725342, 0.9689627289772034, -0.2157764881849289, 0.19852305948734283, 0.23652032017707825, 0.9511291980743408),
            ["Head"] = CFrame.new(1.862645149230957e-09, -3.5762786865234375e-07, -2.7939677238464355e-08, 0.8794158101081848, -0.20763608813285828, -0.42838701605796814, 0.1958896815776825, 0.9779872894287109, -0.0718904584646225, 0.43388399481773376, -0.020694920793175697, 0.900731086730957),
            ["LowerTorso"] = CFrame.new(-0.00998641550540924, -0.15580213069915771, -0.019199803471565247, 0.9979708194732666, 0.02628619410097599, -0.05799541622400284, -0.028333690017461777, 0.9989937543869019, -0.03476913645863533, 0.05702311173081398, 0.03634180873632431, 0.9977112412452698),
            ["UpperTorso"] = CFrame.new(-2.735760062932968e-09, 3.2782554626464844e-07, 2.724846126511693e-09, 0.8798161149024963, -0.017001891508698463, 0.47501012682914734, -0.07405589520931244, 0.9822525382041931, 0.17232419550418854, -0.46950963139533997, -0.18679086863994598, 0.8629425168037415),
            ["HumanoidRootPart"] = CFrame.new(0, 0, 0, 1, 0, 0, 0, 1, 0, 0, 0, 1),
            ["RightUpperLeg"] = CFrame.new(0, 4.901958163827658e-07, -1.6952981241047382e-09, 0.9834502339363098, 0.026632217690348625, -0.17921076714992523, -0.09895022958517075, 0.907541811466217, -0.4081383943557739, 0.15177160501480103, 0.4191165566444397, 0.8951572775840759),
            ["LeftUpperArm"] = CFrame.new(1.1920928955078125e-07, -4.76837158203125e-07, -4.470348358154297e-08, 0.7823305726051331, 0.30760452151298523, -0.5416074991226196, -0.20204147696495056, 0.9478516578674316, 0.2464885115623474, 0.5891842842102051, -0.0834084004163742, 0.8036820888519287),
            ["RightLowerArm"] = CFrame.new(1.1920928955078125e-07, 5.960464477539063e-08, -5.960464477539063e-08, 1, -1.0430809993522416e-07, -2.2351741790771484e-08, 1.0262010619044304e-07, 0.4710577130317688, -0.8821025490760803, -6.612390279769897e-08, 0.8821024298667908, 0.47105759382247925),
            ["LeftHand"] = CFrame.new(-3.725290298461914e-08, 0, 5.960464477539063e-08, 0.8277034163475037, -0.02856506034731865, -0.5604380965232849, -0.025933319702744484, 0.9956894516944885, -0.08904992043972015, 0.5605663061141968, 0.08824115246534348, 0.8233949542045593),
            ["RightHand"] = CFrame.new(2.9802322387695312e-08, 2.384185791015625e-07, 1.341104507446289e-07, 0.5805793404579163, 0.23004132509231567, 0.781030535697937, -0.07507430016994476, 0.9702954292297363, -0.22997988760471344, -0.8107352256774902, 0.07488631457090378, 0.5806035995483398),
            ["RightUpperArm"] = CFrame.new(-5.960464477539063e-08, -8.344650268554688e-07, 2.9802322387695312e-08, 0.8033077716827393, -0.14450284838676453, 0.5777679085731506, 0.26559776067733765, 0.9552285671234131, -0.1303698718547821, -0.5330615043640137, 0.25818100571632385, 0.8057219982147217),
            ["RightLowerLeg"] = CFrame.new(0, 2.384185791015625e-07, -5.75528247281909e-09, 1, -1.4901162614933128e-07, -6.705524668859653e-08, 1.3783574104309082e-07, 0.5248291492462158, 0.8512071967124939, -5.587935447692871e-08, -0.8512076139450073, 0.5248298048973083),
            ["LeftUpperLeg"] = CFrame.new(0, 5.078036338090897e-07, 1.862645149230957e-09, 0.9787489175796509, 0.0011582691222429276, 0.20505918562412262, 0.09350387752056122, 0.887456476688385, -0.4513072669506073, -0.1825038194656372, 0.4608902037143707, 0.868488609790802),
            ["LeftLowerLeg"] = CFrame.new(-7.450580596923828e-09, -5.960464477539063e-08, -1.1920928955078125e-07, 1, 7.07805440924858e-08, 2.7939677238464355e-08, -7.473862950746479e-08, 0.6002237200737, 0.7998319864273071, 1.4901159417490817e-08, -0.799832284450531, 0.6002238988876343),
        }},
        {Time = 0.233, Data = {
            ["RightFoot"] = CFrame.new(1.1175870895385742e-08, 4.172325134277344e-07, -8.549250196665525e-09, 0.9335118532180786, -0.32584071159362793, 0.14961090683937073, 0.3463138937950134, 0.927480161190033, -0.140880286693573, -0.09285667538642883, 0.18332603573799133, 0.9786569476127625),
            ["LeftLowerArm"] = CFrame.new(1.1920928955078125e-07, 1.1920928955078125e-07, -1.9371509552001953e-07, 1, -6.100161442645913e-08, -3.7718546508358486e-08, 2.9802322387695312e-08, 0.9241490364074707, -0.38203197717666626, 7.450580596923828e-09, 0.3820320963859558, 0.9241491556167603),
            ["LeftFoot"] = CFrame.new(6.05359673500061e-09, 0, -1.862645149230957e-08, 0.9697154760360718, 0.10726076364517212, -0.2194242775440216, -0.16724608838558197, 0.9463428854942322, -0.27652135491371155, 0.1779908984899521, 0.30484476685523987, 0.9356223344802856),
            ["Head"] = CFrame.new(-7.450580596923828e-09, -4.76837158203125e-07, -5.4016709327697754e-08, 0.8838294148445129, -0.18757368624210358, -0.4285578429698944, 0.18104544281959534, 0.9818580150604248, -0.056368980556726456, 0.43135637044906616, -0.02776777371764183, 0.9017543196678162),
            ["LowerTorso"] = CFrame.new(-0.008844077587127686, -0.14189612865447998, -0.015545345842838287, 0.9990387558937073, 0.0365307480096817, -0.02422882802784443, -0.037508245557546616, 0.9984467625617981, -0.04119822755455971, 0.0226861871778965, 0.042067404836416245, 0.9988572597503662),
            ["UpperTorso"] = CFrame.new(2.928572939708829e-09, 1.1920928955078125e-07, -1.775333657860756e-09, 0.8968126773834229, -0.020446643233299255, 0.44193795323371887, -0.06970791518688202, 0.9799230098724365, 0.18679340183734894, -0.43688443303108215, -0.19832530617713928, 0.8773819804191589),
            ["HumanoidRootPart"] = CFrame.new(0, 0, 0, 1, 0, 0, 0, 1, 0, 0, 0, 1),
            ["RightUpperLeg"] = CFrame.new(0, 1.9063008949160576e-08, 1.0986695997416973e-09, 0.9861943125724792, 0.03271501138806343, -0.1623283475637436, -0.10985621064901352, 0.8627611994743347, -0.4935329258441925, 0.12390462309122086, 0.5045521855354309, 0.854444146156311),
            ["LeftUpperArm"] = CFrame.new(0, 2.384185791015625e-07, -4.470348358154297e-08, 0.8024125695228577, 0.29839128255844116, -0.5168138742446899, -0.20151366293430328, 0.9506317377090454, 0.2359904944896698, 0.5617173910140991, -0.0852167084813118, 0.8229288458824158),
            ["RightLowerArm"] = CFrame.new(-5.960464477539063e-08, -2.980232238769531e-07, 5.21540641784668e-08, 1, -2.0116564769523393e-07, 2.8870989154938798e-08, 4.4703490686970326e-08, 0.3489299416542053, -0.9371487498283386, 7.823110337312755e-08, 0.9371488690376282, 0.34893012046813965),
            ["LeftHand"] = CFrame.new(-1.7881393432617188e-07, -1.7881393432617188e-07, 0, 0.8215791583061218, -0.03504436835646629, -0.5690168738365173, -0.012600207701325417, 0.9967488646507263, -0.07958025485277176, 0.5699552297592163, 0.07255120575428009, 0.8184661865234375),
            ["RightHand"] = CFrame.new(-2.9802322387695312e-08, 0, -1.7345882952213287e-07, 0.5269546508789062, 0.25550296902656555, 0.8105785250663757, -0.1696975827217102, 0.9661670923233032, -0.1942259818315506, -0.8327794671058655, -0.03520479053258896, 0.5524840950965881),
            ["RightUpperArm"] = CFrame.new(-5.960464477539063e-08, -2.384185791015625e-07, 2.9802322387695312e-08, 0.7846637964248657, -0.11972077935934067, 0.60825115442276, 0.27678006887435913, 0.9456080794334412, -0.17093320190906525, -0.5547031760215759, 0.3024769723415375, 0.7751208543777466),
            ["RightLowerLeg"] = CFrame.new(-3.725290298461914e-08, 0, 1.20904587674886e-07, 1, -1.4156103134155273e-07, -7.823113179483698e-08, 1.30385160446167e-07, 0.42440956830978394, 0.9054702520370483, -6.705522537231445e-08, -0.9054703712463379, 0.42440980672836304),
            ["LeftUpperLeg"] = CFrame.new(-5.960464477539063e-08, 5.21540641784668e-08, 8.381903171539307e-09, 0.9820647239685059, -0.05083819478750229, 0.18156100809574127, 0.11516789346933365, 0.9241856932640076, -0.3641664385795593, -0.14928247034549713, 0.37854504585266113, 0.9134650826454163),
            ["LeftLowerLeg"] = CFrame.new(-4.842877388000488e-08, -1.1920928955078125e-07, -4.470348358154297e-08, 1, 7.450583439094771e-08, 1.862645326866641e-08, -7.823108916227284e-08, 0.6721615195274353, 0.7404044270515442, 2.2351738238057806e-08, -0.7404046058654785, 0.6721615791320801),
        }},
        {Time = 0.267, Data = {
            ["RightFoot"] = CFrame.new(-3.864988684654236e-08, 4.172325134277344e-07, 2.7423084247857332e-08, 0.9746123552322388, -0.19498679041862488, 0.11004992574453354, 0.1985434591770172, 0.9798397421836853, -0.022238118574023247, -0.10349506884813309, 0.04352332651615143, 0.9936773180961609),
            ["LeftLowerArm"] = CFrame.new(-2.086162567138672e-07, -3.5762786865234375e-07, 2.0116567611694336e-07, 1, -5.4016702222270396e-08, 2.4214378058218244e-08, 3.352760558072987e-08, 0.8568156957626343, -0.5156224370002747, -5.215404996761208e-08, 0.5156227946281433, 0.8568158745765686),
            ["LeftFoot"] = CFrame.new(-3.2014213502407074e-09, 0, -8.847564458847046e-09, 0.9699844717979431, 0.1009170338511467, -0.22123755514621735, -0.16114851832389832, 0.9481177926063538, -0.2740509808063507, 0.1821027398109436, 0.3014772832393646, 0.9359220266342163),
            ["Head"] = CFrame.new(1.1175870895385742e-08, 1.1920928955078125e-07, 1.1175870895385742e-08, 0.8953721523284912, -0.17799679934978485, -0.4081985652446747, 0.1702452301979065, 0.9838332533836365, -0.05557657778263092, 0.411491721868515, -0.019732052460312843, 0.9111999869346619),
            ["LowerTorso"] = CFrame.new(-0.004114693962037563, -0.11692941188812256, -0.010084718465805054, 0.9999483823776245, 0.006815536879003048, -0.007549261674284935, -0.007160232402384281, 0.998887300491333, -0.046614907681941986, 0.007223156746476889, 0.04666655510663986, 0.9988844394683838),
            ["UpperTorso"] = CFrame.new(1.025910023599863e-09, 2.9802322387695312e-08, 8.840288501232862e-10, 0.9112438559532166, 0.0182495154440403, 0.41146305203437805, -0.10379979014396667, 0.9769467711448669, 0.18654924631118774, -0.39857304096221924, -0.21270157396793365, 0.8921310305595398),
            ["HumanoidRootPart"] = CFrame.new(0, 0, 0, 1, 0, 0, 0, 1, 0, 0, 0, 1),
            ["RightUpperLeg"] = CFrame.new(-5.960464477539063e-08, -1.646694727241993e-07, 2.495653461664915e-09, 0.9860685467720032, 0.0631636381149292, -0.15388043224811554, -0.13329452276229858, 0.8534536957740784, -0.5038347840309143, 0.09950581192970276, 0.5173269510269165, 0.8499831557273865),
            ["LeftUpperArm"] = CFrame.new(0, 1.1920928955078125e-07, 1.4901161193847656e-08, 0.8403663039207458, 0.28553587198257446, -0.4607103765010834, -0.18917590379714966, 0.9510507583618164, 0.24436631798744202, 0.5079340934753418, -0.11820197105407715, 0.8532474040985107),
            ["RightLowerArm"] = CFrame.new(-5.960464477539063e-08, -5.960464477539062e-07, 2.9802322387695312e-08, 1, -1.1362131147052423e-07, 6.70552182668871e-08, 7.823108916227284e-08, 0.22693465650081635, -0.9739099740982056, 6.146728281919422e-08, 0.9739100337028503, 0.2269347757101059),
            ["LeftHand"] = CFrame.new(2.3096799850463867e-07, 1.1920928955078125e-07, 0, 0.816308319568634, -0.04259198158979416, -0.5760436654090881, -0.0015394238289445639, 0.9971137046813965, -0.07590720802545547, 0.577614426612854, 0.06285027414560318, 0.8138868808746338),
            ["RightHand"] = CFrame.new(0, 1.1920928955078125e-07, -1.7881393432617188e-07, 0.5539652109146118, 0.2359456717967987, 0.7984060049057007, -0.08769968152046204, 0.9702027440071106, -0.22586581110954285, -0.827907919883728, 0.055101729929447174, 0.5581509470939636),
            ["RightUpperArm"] = CFrame.new(0, 0, -2.9802322387695312e-08, 0.7351548075675964, -0.15216463804244995, 0.6606009006500244, 0.33271974325180054, 0.930025577545166, -0.156045064330101, -0.5906310081481934, 0.3345121443271637, 0.7343407869338989),
            ["RightLowerLeg"] = CFrame.new(4.0978193283081055e-08, 2.980232238769531e-07, -1.3241515262052417e-07, 1, -1.341104365337742e-07, -1.1967499347065313e-07, 1.4528633585086936e-07, 0.39360499382019043, 0.9192795753479004, -8.940698137394065e-08, -0.9192796349525452, 0.39360547065734863),
