return {
    ["Heeseung Walk"] = {
        {Time = 0.000, Data = {
            ["RightFoot"] = CFrame.new(-3.725290298461914e-09, 3.5762786865234375e-07, -2.438173396512866e-08, 0.4819670021533966, -0.17502476274967194, 0.8585307598114014, 0.37858304381370544, 0.9252586960792542, -0.023903436958789825, -0.7901789546012878, 0.3365454077720642, 0.5122047066688538),
            ["LeftLowerArm"] = CFrame.new(-1.1920928955078125e-07, 0, -1.1920928955078125e-07, 1, -1.4156096028727916e-07, -2.682208730675484e-07, 3.7252880247251596e-07, -0.2922680974006653, -0.956336498260498, 2.235172900100224e-07, 0.9563364386558533, -0.2922680079936981),
            ["RightUpperArm"] = CFrame.new(-1.7881393432617188e-07, -0.06523799896240234, -2.9802322387695312e-08, 0.9608750939369202, -0.2603530287742615, -0.09452860802412033, 0.27513307332992554, 0.9365270733833313, 0.2172991931438446, 0.03195450082421303, -0.2348051369190216, 0.9715171456336975),
            ["Head"] = CFrame.new(-5.960464477539063e-08, 1.1920928955078125e-07, 5.21540641784668e-08, 0.7973405718803406, 0.37424013018608093, 0.4734894037246704, -0.13806356489658356, 0.8768337368965149, -0.4605444073677063, -0.5875257253646851, 0.3018392026424408, 0.7508040070533752),
            ["LowerTorso"] = CFrame.new(0.13093504309654236, -0.2400829792022705, 0.011226101778447628, -0.5861662030220032, 0.12275996059179306, -0.8008363246917725, 0.2564338743686676, 0.9657479524612427, -0.03965581953525543, 0.7685381174087524, -0.2286064177751541, -0.597568929195404),
            ["UpperTorso"] = CFrame.new(-7.82310962677002e-08, -2.682209014892578e-07, -7.450580596923828e-09, 0.999134361743927, -0.02071661502122879, -0.03607382997870445, 0.030270390212535858, 0.9568904638290405, 0.2888672947883606, 0.028534773737192154, -0.28970929980278015, 0.9566892981529236),
            ["HumanoidRootPart"] = CFrame.new(0, 0, 0, 1, 0, 0, 0, 1, 0, 0, 0, 1),
            ["RightUpperLeg"] = CFrame.new(-0.000025540590286254883, -0.00012587569653987885, -0.0049975235015153885, 0.8591649532318115, 0.2678382992744446, -0.4360019266605377, -0.33641317486763, 0.9376974105834961, -0.08688769489526749, 0.38556692004203796, 0.22132812440395355, 0.8957415223121643),
            ["LeftUpperArm"] = CFrame.new(0, -0.06523776054382324, -8.940696716308594e-08, 0.9510449767112732, 0.2532559037208557, -0.1771295964717865, -0.18452948331832886, 0.925090491771698, 0.3318984806537628, 0.2479161024093628, -0.28296467661857605, 0.9265358448028564),
            ["RightLowerArm"] = CFrame.new(1.1920928955078125e-07, 4.172325134277344e-07, -1.7881393432617188e-07, 1, -2.533196834519913e-07, 2.2351736106429598e-07, 2.9802315282267955e-08, -0.18901215493679047, -0.981974720954895, -2.533196834519913e-07, 0.981974720954895, -0.18901214003562927),
            ["LeftHand"] = CFrame.new(-2.9802322387695312e-08, 0, 5.960464477539063e-08, 0.38772016763687134, -0.46775022149086, -0.794281005859375, 0.4741136431694031, 0.840161144733429, -0.26333558559417725, 0.7904994487762451, -0.27447959780693054, 0.5475144386291504),
            ["LeftFoot"] = CFrame.new(-2.270098775625229e-08, 5.960464477539063e-08, -4.0978193283081055e-08, 0.9652007818222046, -0.12224602699279785, 0.2311778962612152, 0.20324629545211792, 0.9069353938102722, -0.36899757385253906, -0.1645548790693283, 0.403143048286438, 0.9002209305763245),
            ["RightHand"] = CFrame.new(8.195638656616211e-08, 0, 9.685754776000977e-08, 0.7920393943786621, 0.17693334817886353, 0.5842670202255249, -0.15201668441295624, 0.9840927720069885, -0.09193601459264755, -0.5912397503852844, -0.016001766547560692, 0.806337296962738),
            ["RightLowerLeg"] = CFrame.new(-7.450580596923828e-09, -5.960464477539063e-08, -4.300818545743823e-08, 1, 2.7567139682105335e-07, 8.195630840646118e-08, 4.6938663444962003e-07, 0.792593777179718, 0.6097496747970581, -1.695007227908718e-07, -0.6097500920295715, 0.7925940155982971),
            ["LeftUpperLeg"] = CFrame.new(0.000025331974029541016, 0.00012531504034996033, 0.004997506737709045, 0.732604444026947, 0.6267591118812561, 0.26545098423957825, -0.21749964356422424, 0.5851091146469116, -0.7812432050704956, -0.6449688076972961, 0.5146068930625916, 0.5649732947349548),
            ["LeftLowerLeg"] = CFrame.new(5.820766091346741e-09, 0, -3.725290298461914e-09, 1, 9.10368029849451e-08, 7.380732114370403e-08, -9.66247171163559e-08, 0.13909462094306946, 0.9902791976928711, 9.010545909404755e-08, -0.9902791380882263, 0.13909468054771423),
        }},
        {Time = 0.020, Data = {
            ["RightFoot"] = CFrame.new(1.6763806343078613e-08, 2.384185791015625e-07, -1.3205863069742918e-08, 0.5355814695358276, -0.18137215077877045, 0.8247765898704529, 0.37589597702026367, 0.9257757067680359, -0.04051215574145317, -0.7562108039855957, 0.33172813057899475, 0.5640056133270264),
            ["LeftLowerArm"] = CFrame.new(3.2782554626464844e-07, -4.76837158203125e-07, 5.960464477539063e-08, 1, -1.4528630742915993e-07, -1.0058283805847168e-07, 2.905725295931916e-07, -0.3016791343688965, -0.9534094333648682, 2.3096791323951038e-07, 0.9534095525741577, -0.3016795217990875),
            ["RightUpperArm"] = CFrame.new(0, -0.06523799896240234, -7.450580596923828e-09, 0.961391270160675, -0.269270122051239, -0.05675024539232254, 0.2751084566116333, 0.9355962872505188, 0.22130243480205536, -0.006494819186627865, -0.2283707559108734, 0.9735526442527771),
            ["Head"] = CFrame.new(-7.450580596923828e-08, -1.1920928955078125e-07, -7.450580596923828e-09, 0.824302613735199, 0.3426344096660614, 0.4506961405277252, -0.13451719284057617, 0.8918068408966064, -0.4319557845592499, -0.5499367117881775, 0.2954360246658325, 0.781208872795105),
            ["LowerTorso"] = CFrame.new(0.16825872659683228, -0.22127842903137207, 0.002335126278921962, -0.5541430115699768, 0.10987640172243118, -0.8251379728317261, 0.23711638152599335, 0.9710198640823364, -0.02993963658809662, 0.7979357242584229, -0.2122444212436676, -0.5641374588012695),
            ["UpperTorso"] = CFrame.new(-5.21540641784668e-08, -1.4901161193847656e-07, 7.450580596923828e-09, 0.9995909333229065, -0.012353764846920967, -0.025795115157961845, 0.019107166677713394, 0.9595534205436707, 0.2808775305747986, 0.021282078698277473, -0.2812555432319641, 0.9593968987464905),
            ["HumanoidRootPart"] = CFrame.new(0, 0, 0, 1, 0, 0, 0, 1, 0, 0, 0, 1),
            ["RightUpperLeg"] = CFrame.new(-0.000025451183319091797, -0.00012592412531375885, -0.0049974676221609116, 0.8753487467765808, 0.24627900123596191, -0.416066437959671, -0.30955424904823303, 0.9465177059173584, -0.09099622070789337, 0.37140369415283203, 0.20844897627830505, 0.9047698974609375),
            ["LeftUpperArm"] = CFrame.new(1.1920928955078125e-07, -0.065238356590271, 2.9802322387695312e-08, 0.9458218812942505, 0.26006126403808594, -0.19439414143562317, -0.1872759461402893, 0.9260430335998535, 0.32767680287361145, 0.26523351669311523, -0.27351856231689453, 0.9245749115943909),
            ["RightLowerArm"] = CFrame.new(-3.2782554626464844e-07, -1.1920928955078125e-07, 5.960464477539063e-08, 1, -5.960462345910855e-08, 1.49011640360186e-07, -7.450581307466564e-08, -0.18824948370456696, -0.9821212887763977, 1.1920930376163597e-07, 0.9821212291717529, -0.18824933469295502),
            ["LeftHand"] = CFrame.new(-5.960464477539063e-08, -1.1920928955078125e-07, 7.450580596923828e-09, 0.3908611536026001, -0.45570531487464905, -0.7997251749038696, 0.4652159512042999, 0.8475044965744019, -0.2555599510669708, 0.7942304015159607, -0.27215614914894104, 0.5432575941085815),
            ["LeftFoot"] = CFrame.new(1.816079020500183e-08, 5.960464477539063e-08, -3.91155481338501e-08, 0.9647051095962524, -0.11076483875513077, 0.23890389502048492, 0.1957593411207199, 0.9084635972976685, -0.3692861497402191, -0.17613165080547333, 0.4030199944972992, 0.8980827927589417),
            ["RightHand"] = CFrame.new(8.754432201385498e-08, -1.7881393432617188e-07, 1.695007085800171e-07, 0.7515400052070618, 0.20197197794914246, 0.6280085444450378, -0.17499619722366333, 0.9789105653762817, -0.10540568083524704, -0.6360534429550171, -0.03068339079618454, 0.7710349559783936),
            ["RightLowerLeg"] = CFrame.new(-5.960464477539063e-08, 0, 6.502523319795728e-08, 1, -2.9802293965985882e-08, 2.756714536644722e-07, 2.7567131155592506e-07, 0.797601044178009, 0.6031849384307861, 9.68574909165909e-08, -0.6031852960586548, 0.7976013422012329),
            ["LeftUpperLeg"] = CFrame.new(0.000025510787963867188, 0.0001256316900253296, 0.00499754399061203, 0.7737312316894531, 0.5649005174636841, 0.28675389289855957, -0.1903047263622284, 0.6389861106872559, -0.7453057765960693, -0.6042549014091492, 0.5220959782600403, 0.6019065976142883),
            ["LeftLowerLeg"] = CFrame.new(5.21540641784668e-08, -5.960464477539063e-08, 3.3527612686157227e-08, 1, 8.475034718458119e-08, 7.450581307466564e-08, -8.568167686462402e-08, 0.19453370571136475, 0.9808958768844604, 6.426125764846802e-08, -0.9808958768844604, 0.19453376531600952),
        }},
        {Time = 0.040, Data = {
            ["RightFoot"] = CFrame.new(9.313225746154785e-09, 2.980232238769531e-07, -2.029992174357176e-09, 0.5870681405067444, -0.1873190551996231, 0.7875679135322571, 0.3716793954372406, 0.9266302585601807, -0.056663285940885544, -0.719170093536377, 0.3259876072406769, 0.6136173605918884),
            ["LeftLowerArm"] = CFrame.new(-2.384185791015625e-07, 1.7881393432617188e-07, -5.960464477539063e-08, 1, 2.9802318834981634e-08, -1.1920930376163597e-07, 2.9802316703353426e-07, -0.31112027168273926, -0.950370728969574, 3.203748804025963e-07, 0.9503705501556396, -0.3111199736595154),
            ["RightUpperArm"] = CFrame.new(0, -0.0652381181716919, 6.705522537231445e-08, 0.9602818489074707, -0.2783610224723816, -0.019335608929395676, 0.27540215849876404, 0.9343714118003845, 0.22606199979782104, -0.04486025497317314, -0.2224082201719284, 0.9739210605621338),
            ["Head"] = CFrame.new(-7.450580596923828e-08, -1.1920928955078125e-07, 2.2351741790771484e-08, 0.8518273234367371, 0.311532586812973, 0.42111510038375854, -0.1317453235387802, 0.9054996371269226, -0.40337732434272766, -0.5069847106933594, 0.288128137588501, 0.8123723864555359),
            ["LowerTorso"] = CFrame.new(0.20545664429664612, -0.20253872871398926, -0.0065089743584394455, -0.5208540558815002, 0.09768131375312805, -0.8480385541915894, 0.21729852259159088, 0.975878119468689, -0.021055420860648155, 0.8255255818367004, -0.1952441781759262, -0.5295161604881287),
            ["UpperTorso"] = CFrame.new(-1.4901161193847656e-08, -1.4901161193847656e-07, -1.4901161193847656e-08, 0.9998713135719299, -0.003898929338902235, -0.015562659129500389, 0.007996870204806328, 0.9620464444160461, 0.27276885509490967, 0.013908453285694122, -0.2728581130504608, 0.9619537591934204),
            ["HumanoidRootPart"] = CFrame.new(0, 0, 0, 1, 0, 0, 0, 1, 0, 0, 0, 1),
            ["RightUpperLeg"] = CFrame.new(-0.0000254213809967041, -0.00012586219236254692, -0.004997460171580315, 0.8904189467430115, 0.22493475675582886, -0.3956737518310547, -0.28259021043777466, 0.9547020792961121, -0.09320258349180222, 0.356786847114563, 0.19480320811271667, 0.9136496186256409),
            ["LeftUpperArm"] = CFrame.new(-2.384185791015625e-07, -0.0652381181716919, -2.9802322387695312e-08, 0.9402364492416382, 0.26691508293151855, -0.21145136654376984, -0.19031532108783722, 0.9268278479576111, 0.32368239760398865, 0.28237462043762207, -0.264095664024353, 0.922235369682312),
            ["RightLowerArm"] = CFrame.new(2.384185791015625e-07, -2.384185791015625e-07, 2.086162567138672e-07, 1, 1.4901155864777138e-08, 4.321337314650009e-07, -1.564621925354004e-07, -0.18748635053634644, -0.9822673201560974, 7.450580596923828e-08, 0.9822672009468079, -0.1874856948852539),
            ["LeftHand"] = CFrame.new(2.9802322387695312e-08, 0, -9.685754776000977e-08, 0.3938465714454651, -0.4435899257659912, -0.8050541877746582, 0.4562613070011139, 0.8546704649925232, -0.24771857261657715, 0.7979415059089661, -0.26975217461586, 0.5390020608901978),
            ["LeftFoot"] = CFrame.new(4.6566128730773926e-08, 1.7881393432617188e-07, 1.0710209608078003e-08, 0.9642563462257385, -0.09872683137655258, 0.24589145183563232, 0.1873214840888977, 0.9103277325630188, -0.36907219886779785, -0.18740448355674744, 0.40194079279899597, 0.8962830305099487),
            ["RightHand"] = CFrame.new(-1.7136335372924805e-07, -1.7881393432617188e-07, -1.30385160446167e-07, 0.7077829241752625, 0.22595183551311493, 0.6693198084831238, -0.19699250161647797, 0.9730135202407837, -0.1201610118150711, -0.6784079074859619, -0.046803709119558334, 0.7331932187080383),
            ["RightLowerLeg"] = CFrame.new(0, 2.980232238769531e-07, -6.535992724820971e-08, 1, 3.650783071407204e-07, 1.8998966311301047e-07, 6.3329912336485e-07, 0.8026140332221985, 0.5964983105659485, -2.6635817107489856e-07, -0.5964986085891724, 0.8026143312454224),
            ["LeftUpperLeg"] = CFrame.new(0.000025540590286254883, 0.0001255422830581665, 0.004997473210096359, 0.8111167550086975, 0.4996137022972107, 0.3040987253189087, -0.1597740352153778, 0.689424455165863, -0.7065171003341675, -0.5626384019851685, 0.5244808793067932, 0.6390286684036255),
            ["LeftLowerLeg"] = CFrame.new(-4.470348358154297e-08, 2.980232238769531e-07, 3.5390257835388184e-08, 1, 7.4505820180093e-08, 5.867331509534779e-08, -9.552603330575948e-08, 0.25043296813964844, 0.9681339859962463, 5.4016702222270396e-08, -0.9681339263916016, 0.2504328787326813),
        }},
        {Time = 0.060, Data = {
            ["RightFoot"] = CFrame.new(7.450580596923828e-09, 4.76837158203125e-07, -5.75528247281909e-09, 0.6357333064079285, -0.1950567662715912, 0.7468576431274414, 0.3636161684989929, 0.9291471242904663, -0.06684914231300354, -0.680901288986206, 0.3140678107738495, 0.6616153120994568),
            ["LeftLowerArm"] = CFrame.new(-1.7881393432617188e-07, 2.384185791015625e-07, 0, 1, -4.1816403495431587e-07, -5.215407838932151e-08, 2.6077009351865854e-07, -0.3105475604534149, -0.9505578875541687, 3.725287101019603e-08, 0.9505578875541687, -0.3105475902557373),
            ["RightUpperArm"] = CFrame.new(0, -0.06523740291595459, -2.9802322387695312e-08, 0.9561878442764282, -0.29079315066337585, 0.03382908180356026, 0.27481457591056824, 0.9314100742340088, 0.23864692449569702, -0.10090558230876923, -0.21889440715312958, 0.9705170392990112),
            ["Head"] = CFrame.new(-4.470348358154297e-08, 1.1920928955078125e-07, -1.043081283569336e-07, 0.8769878149032593, 0.26676443219184875, 0.3996613919734955, -0.11409980058670044, 0.9235610365867615, -0.36608240008354187, -0.4667694866657257, 0.2754485309123993, 0.8403894901275635),
            ["LowerTorso"] = CFrame.new(0.24403265118598938, -0.1849977970123291, -0.01568017154932022, -0.48609328269958496, 0.08326256275177002, -0.8699313998222351, 0.19877959787845612, 0.9798917770385742, -0.017285479232668877, 0.8509994149208069, -0.18132683634757996, -0.4928697943687439),
            ["UpperTorso"] = CFrame.new(1.4901161193847656e-08, 2.9802322387695312e-08, 1.4901161193847656e-08, 0.9999770522117615, 0.006288513541221619, -0.0025511272251605988, -0.0053926631808280945, 0.9645490050315857, 0.263849139213562, 0.00412009796127677, -0.26382917165756226, 0.9645606279373169),
            ["HumanoidRootPart"] = CFrame.new(0, 0, 0, 1, 0, 0, 0, 1, 0, 0, 0, 1),
            ["RightUpperLeg"] = CFrame.new(-0.0000254213809967041, -0.00012566233635880053, -0.004997488111257553, 0.9016879200935364, 0.20508190989494324, -0.38065776228904724, -0.25489506125450134, 0.9632403254508972, -0.0848333016037941, 0.3492670953273773, 0.17352119088172913, 0.9208165407180786),
            ["LeftUpperArm"] = CFrame.new(1.1920928955078125e-07, -0.06523764133453369, -8.940696716308594e-08, 0.9340194463729858, 0.2745056748390198, -0.22859182953834534, -0.19382749497890472, 0.9269696474075317, 0.3211821913719177, 0.30006441473960876, -0.2556833028793335, 0.9190146327018738),
            ["RightLowerArm"] = CFrame.new(-1.4901161193847656e-07, 1.1920928955078125e-07, 2.9802322387695312e-08, 1, -3.5762769812208717e-07, 2.8312206268310547e-07, -2.9802322387695312e-08, -0.18945612013339996, -0.9818892478942871, -1.4901161193847656e-08, 0.9818892478942871, -0.18945592641830444),
            ["LeftHand"] = CFrame.new(1.9371509552001953e-07, 5.960464477539063e-08, 1.4901161193847656e-08, 0.4117789566516876, -0.4171551465988159, -0.810196578502655, 0.43617722392082214, 0.8708387017250061, -0.226694718003273, 0.8001172542572021, -0.260041207075119, 0.5405471324920654),
            ["LeftFoot"] = CFrame.new(-2.421438694000244e-08, 0, 3.39350663125515e-08, 0.9657018184661865, -0.08993079513311386, 0.24358199536800385, 0.1781284213066101, 0.912000834941864, -0.3694925904273987, -0.1889185607433319, 0.4002086818218231, 0.8967403173446655),
            ["RightHand"] = CFrame.new(-8.195638656616211e-08, -1.1920928955078125e-07, 2.60770320892334e-07, 0.6682254672050476, 0.2409178912639618, 0.7038702964782715, -0.21296924352645874, 0.9684658050537109, -0.12929803133010864, -0.7128245234489441, -0.06350283324718475, 0.6984617710113525),
            ["RightLowerLeg"] = CFrame.new(-3.725290298461914e-08, 1.1920928955078125e-07, 7.620110409334302e-08, 1, 1.4901154088420299e-08, 2.756714536644722e-07, 3.688038248128578e-07, 0.8081343173980713, 0.5889981389045715, 1.6391281576488836e-07, -0.5889981985092163, 0.8081344366073608),
            ["LeftUpperLeg"] = CFrame.new(0.000025510787963867188, 0.00012550503015518188, 0.004997473210096359, 0.8433141708374023, 0.4373890459537506, 0.3122695982456207, -0.13805529475212097, 0.7378644943237305, -0.6606792211532593, -0.5193861722946167, 0.5140495896339417, 0.6826351284980774),
            ["LeftLowerLeg"] = CFrame.new(4.284083843231201e-08, -2.384185791015625e-07, 5.029141902923584e-08, 1, 8.754431490842762e-08, 6.251503492649135e-08, -6.891787052154541e-08, 0.31161442399024963, 0.9502086043357849, 5.960464477539063e-08, -0.9502086043357849, 0.31161460280418396),
        }},
        {Time = 0.080, Data = {
            ["RightFoot"] = CFrame.new(-1.6763806343078613e-08, 2.384185791015625e-07, -3.183231456205249e-08, 0.6815584897994995, -0.2019730657339096, 0.703338623046875, 0.35418346524238586, 0.9321195483207703, -0.07554544508457184, -0.6403374671936035, 0.30059993267059326, 0.7068293690681458),
            ["LeftLowerArm"] = CFrame.new(8.940696716308594e-08, 0, 0, 1, -3.119929914419117e-08, 5.960463056453591e-08, 9.313222193441106e-08, -0.30991217494010925, -0.9507654905319214, 9.313222193441106e-08, 0.9507651925086975, -0.3099114000797272),
            ["RightUpperArm"] = CFrame.new(-1.1920928955078125e-07, -0.06523799896240234, -1.341104507446289e-07, 0.9488161206245422, -0.3038645386695862, 0.08610793203115463, 0.2742380201816559, 0.9278913736343384, 0.2526082992553711, -0.15665751695632935, -0.21606487035751343, 0.9637295007705688),
            ["Head"] = CFrame.new(3.725290298461914e-08, 2.384185791015625e-07, -1.043081283569336e-07, 0.9010385274887085, 0.22452102601528168, 0.3711062967777252, -0.09865495562553406, 0.9392591714859009, -0.3287237286567688, -0.4223704934120178, 0.25958138704299927, 0.8684589266777039),
            ["LowerTorso"] = CFrame.new(0.2826173007488251, -0.167464017868042, -0.024806838482618332, -0.45015326142311096, 0.06942019611597061, -0.8902487754821777, 0.18004989624023438, 0.983552873134613, -0.014346201904118061, 0.8746108412742615, -0.16674713790416718, -0.4552486538887024),
            ["UpperTorso"] = CFrame.new(-3.725290298461914e-08, 2.9802322387695312e-08, 3.725290298461914e-08, 0.9998077154159546, 0.01662503369152546, 0.010402069427073002, -0.018727025017142296, 0.9668256640434265, 0.2547498047351837, -0.005821636412292719, -0.25489541888237, 0.9669510722160339),
            ["HumanoidRootPart"] = CFrame.new(0, 0, 0, 1, 0, 0, 0, 1, 0, 0, 0, 1),
            ["RightUpperLeg"] = CFrame.new(-0.000025570392608642578, -0.00012585986405611038, -0.004997463896870613, 0.911919355392456, 0.18564926087856293, -0.3659746050834656, -0.2273721992969513, 0.9709925055503845, -0.07399684190750122, 0.34162119030952454, 0.15069179236888885, 0.9276784062385559),
            ["LeftUpperArm"] = CFrame.new(-1.1920928955078125e-07, -0.06523823738098145, -2.9802322387695312e-08, 0.9274020195007324, 0.282134085893631, -0.24561309814453125, -0.19754810631275177, 0.9269744157791138, 0.31889405846595764, 0.3176480829715729, -0.24722224473953247, 0.915412962436676),
            ["RightLowerArm"] = CFrame.new(-1.1920928955078125e-07, 2.384185791015625e-07, 7.450580596923828e-08, 1, -8.195639367158947e-08, 4.470347647611561e-08, 7.450580596923828e-08, -0.191369891166687, -0.981518030166626, 1.043081283569336e-07, 0.9815180897712708, -0.19136981666088104),
            ["LeftHand"] = CFrame.new(-1.4156103134155273e-07, -1.1920928955078125e-07, -5.960464477539063e-08, 0.4292270243167877, -0.3900766670703888, -0.8146193027496338, 0.4154263436794281, 0.8861267566680908, -0.20542782545089722, 0.8019882440567017, -0.25023913383483887, 0.5423974394798279),
            ["LeftFoot"] = CFrame.new(6.51925802230835e-09, 5.960464477539063e-08, -1.1175870895385742e-08, 0.9671312570571899, -0.08066520094871521, 0.24114401638507843, 0.1683524250984192, 0.9138528108596802, -0.36950036883354187, -0.19056425988674164, 0.3979525566101074, 0.8973957300186157),
            ["RightHand"] = CFrame.new(-1.341104507446289e-07, 5.960464477539063e-08, -1.7881393432617188e-07, 0.6267348527908325, 0.25484412908554077, 0.736381471157074, -0.22835320234298706, 0.9635869264602661, -0.13912279903888702, -0.7450222373008728, -0.08096224069595337, 0.6621082425117493),
            ["RightLowerLeg"] = CFrame.new(7.450580596923828e-09, -4.172325134277344e-07, 2.4047039914876223e-08, 1, 2.235172757991677e-08, 2.644955259256676e-07, 3.7997952517798694e-07, 0.8143325448036194, 0.5803982615470886, 1.369043900467659e-07, -0.5803985595703125, 0.8143327832221985),
            ["LeftUpperLeg"] = CFrame.new(0.00002536177635192871, 0.0001256689429283142, 0.004997435957193375, 0.8723215460777283, 0.3728477358818054, 0.3162907063961029, -0.1127542033791542, 0.7828693985939026, -0.6118841171264648, -0.47575390338897705, 0.49809661507606506, 0.724953830242157),
            ["LeftLowerLeg"] = CFrame.new(5.587935447692871e-09, -2.980232238769531e-07, 5.774199962615967e-08, 1, 6.984918599073353e-08, 5.5879368687783426e-08, -9.406356582530861e-08, 0.37255212664604187, 0.9280112981796265, 6.519257311765614e-08, -0.9280112385749817, 0.3725520968437195),
        }},
        {Time = 0.100, Data = {
            ["RightFoot"] = CFrame.new(-1.4901161193847656e-08, 1.7881393432617188e-07, -3.183231456205249e-08, 0.7228484153747559, -0.2118603140115738, 0.6577279567718506, 0.33631694316864014, 0.939359724521637, -0.06703899800777435, -0.6036399006843567, 0.2696641683578491, 0.7502665519714355),
            ["LeftLowerArm"] = CFrame.new(-2.980232238769531e-07, -1.1920928955078125e-07, -1.1920928955078125e-07, 1, 2.396736249465903e-07, 2.7619527998012927e-08, 1.2078086975009228e-08, -0.30386191606521606, -0.9527162313461304, 4.216561819703202e-07, 0.9527161121368408, -0.30386170744895935),
            ["RightUpperArm"] = CFrame.new(0, -0.06523752212524414, 1.1920928955078125e-07, 0.9278927445411682, -0.33478954434394836, 0.1641068309545517, 0.28430113196372986, 0.9200722575187683, 0.269518107175827, -0.24122202396392822, -0.2034282386302948, 0.948909342288971),
            ["Head"] = CFrame.new(-2.2351741790771484e-08, 0, 3.725290298461914e-09, 0.920802116394043, 0.17968285083770752, 0.34617558121681213, -0.0807575210928917, 0.9561606645584106, -0.28148698806762695, -0.3815779983997345, 0.23123770952224731, 0.8949456214904785),
            ["LowerTorso"] = CFrame.new(0.31945857405662537, -0.15279531478881836, -0.033514946699142456, -0.4171663522720337, 0.05380856245756149, -0.907235860824585, 0.17355583608150482, 0.9845913648605347, -0.02140822634100914, 0.8921046257019043, -0.16638672351837158, -0.42007729411125183),
            ["UpperTorso"] = CFrame.new(-1.4901161193847656e-08, -1.7881393432617188e-07, -7.450580596923828e-09, 0.9987809062004089, 0.03639480099081993, 0.033348649740219116, -0.04360659047961235, 0.9671255350112915, 0.2505328059196472, -0.023134244605898857, -0.2516814172267914, 0.9675336480140686),
            ["HumanoidRootPart"] = CFrame.new(0, 0, 0, 1, 0, 0, 0, 1, 0, 0, 0, 1),
            ["RightUpperLeg"] = CFrame.new(-0.000025451183319091797, -0.0001255655661225319, -0.004997460171580315, 0.9164485931396484, 0.18034347891807556, -0.3572089672088623, -0.2093650996685028, 0.976848840713501, -0.04396236687898636, 0.34101054072380066, 0.11507673561573029, 0.9329893589019775),
            ["LeftUpperArm"] = CFrame.new(0, -0.06523752212524414, -2.9802322387695312e-08, 0.9202844500541687, 0.29260867834091187, -0.25972476601600647, -0.2053402215242386, 0.9262807965278625, 0.31597375869750977, 0.3330347239971161, -0.2374536395072937, 0.9125259518623352),
            ["RightLowerArm"] = CFrame.new(1.1920928955078125e-07, 1.1920928955078125e-07, -8.940696716308594e-08, 1, -2.6822084464583895e-07, 2.7939677238464355e-07, -6.332994928470725e-08, -0.1925264596939087, -0.9812918305397034, -6.705523958316917e-08, 0.9812918305397034, -0.19252647459506989),
            ["LeftHand"] = CFrame.new(3.8475263863801956e-08, -1.1920928955078125e-07, 2.9802322387695312e-08, 0.45642101764678955, -0.35005471110343933, -0.8180108070373535, 0.38562408089637756, 0.9063503742218018, -0.17269356548786163, 0.8018566966056824, -0.2366238534450531, 0.5486667156219482),
            ["LeftFoot"] = CFrame.new(6.984919309616089e-09, -2.384185791015625e-07, -4.842877388000488e-08, 0.9701868891716003, -0.07599658519029617, 0.23013418912887573, 0.16040393710136414, 0.9131801128387451, -0.3746632933616638, -0.18168087303638458, 0.4004080891609192, 0.8981457352638245),
            ["RightHand"] = CFrame.new(-1.4901161193847656e-08, -1.1920928955078125e-07, 1.4901161193847656e-08, 0.6267068386077881, 0.2465863823890686, 0.73921138048172, -0.2276865839958191, 0.9651617407798767, -0.12892493605613708, -0.7452499270439148, -0.08751070499420166, 0.6610180735588074),
            ["RightLowerLeg"] = CFrame.new(6.332993507385254e-08, 2.384185791015625e-07, -7.281050784513354e-08, 1, -5.960460214282648e-08, 3.203747667157586e-07, 3.241003412313148e-07, 0.8261959552764893, 0.5633825659751892, 1.9371513815258368e-07, -0.5633828043937683, 0.8261961936950684),
            ["LeftUpperLeg"] = CFrame.new(0.000025510787963867188, 0.00012571364641189575, 0.00499749556183815, 0.8944648504257202, 0.32811227440834045, 0.3037683665752411, -0.10925788432359695, 0.8191483616828918, -0.5630797743797302, -0.43358445167541504, 0.4704659581184387, 0.7685480117797852),
            ["LeftLowerLeg"] = CFrame.new(1.1175870895385742e-08, 1.7881393432617188e-07, -2.0489096641540527e-08, 1, 7.636844401304188e-08, 4.749746196353044e-08, -8.661299233381214e-08, 0.42307615280151367, 0.9060941338539124, 5.4016702222270396e-08, -0.9060940742492676, 0.4230763912200928),
        }},
        {Time = 0.120, Data = {
            ["RightFoot"] = CFrame.new(-5.587935447692871e-08, 2.384185791015625e-07, 3.149762051180005e-08, 0.7607553601264954, -0.22041098773479462, 0.6104673147201538, 0.3192530572414398, 0.9459959268569946, -0.0562942698597908, -0.5650918483734131, 0.23771995306015015, 0.7900383472442627),
            ["LeftLowerArm"] = CFrame.new(1.1920928955078125e-07, 2.384185791015625e-07, 0, 1, -4.335307153269241e-07, -5.587938858298003e-07, 6.92903597609984e-07, -0.29780200123786926, -0.9546276330947876, 1.4901152667334827e-07, 0.9546277523040771, -0.29780229926109314),
            ["RightUpperArm"] = CFrame.new(0, -0.06523764133453369, 5.960464477539063e-08, 0.8992609977722168, -0.3656248152256012, 0.24009937047958374, 0.29439643025398254, 0.9118848443031311, 0.2860018312931061, -0.32351258397102356, -0.18650616705417633, 0.9276611804962158),
            ["Head"] = CFrame.new(-2.6309862732887268e-08, 0, -4.470348358154297e-08, 0.9367375373840332, 0.1386297345161438, 0.32141047716140747, -0.0638129785656929, 0.9704762101173401, -0.23260226845741272, -0.34416666626930237, 0.1973770260810852, 0.9179279208183289),
            ["LowerTorso"] = CFrame.new(0.3562776744365692, -0.13813018798828125, -0.04219460114836693, -0.3835272490978241, 0.0381857268512249, -0.9227398037910461, 0.16748790442943573, 0.98545241355896, -0.028833728283643723, 0.9082151055335999, -0.16560612618923187, -0.38434359431266785),
            ["UpperTorso"] = CFrame.new(-2.9802322387695312e-08, -1.4901161193847656e-07, -3.725290298461914e-08, 0.9968222975730896, 0.056249842047691345, 0.05640349164605141, -0.06847437471151352, 0.9668702483177185, 0.24591314792633057, -0.04070216044783592, -0.24899373948574066, 0.9676494598388672),
            ["HumanoidRootPart"] = CFrame.new(0, 0, 0, 1, 0, 0, 0, 1, 0, 0, 0, 1),
            ["RightUpperLeg"] = CFrame.new(-0.000025510787963867188, -0.0001255245879292488, -0.004997434094548225, 0.9202004671096802, 0.17608731985092163, -0.34960612654685974, -0.1922958344221115, 0.9812648892402649, -0.011904832907021046, 0.3409598171710968, 0.07818305492401123, 0.9368211627006531),
            ["LeftUpperArm"] = CFrame.new(-1.1920928955078125e-07, -0.06523764133453369, -5.960464477539063e-08, 0.9126734137535095, 0.304688423871994, -0.2723816931247711, -0.21527880430221558, 0.924931526184082, 0.31330040097236633, 0.3473936915397644, -0.22730322182178497, 0.9097533822059631),
            ["RightLowerArm"] = CFrame.new(-4.470348358154297e-07, -1.1920928955078125e-07, 2.896413207054138e-07, 1, 1.3038514623531228e-07, 5.625189487545867e-07, -2.4028102529882744e-07, -0.19367405772209167, -0.9810659885406494, 2.384183801495965e-07, 0.9810659289360046, -0.19367417693138123),
            ["LeftHand"] = CFrame.new(-3.725290298461914e-08, 1.1920928955078125e-07, 1.043081283569336e-07, 0.48389118909835815, -0.3102357089519501, -0.8182921409606934, 0.3552159070968628, 0.9241912364959717, -0.14033114910125732, 0.7997943162918091, -0.2227654606103897, 0.5574093461036682),
            ["LeftFoot"] = CFrame.new(-4.6100467443466187e-08, 5.960464477539063e-08, -2.7008354663848877e-08, 0.9731768369674683, -0.07068011164665222, 0.21893168985843658, 0.15185333788394928, 0.9122287034988403, -0.3804989159107208, -0.1728222370147705, 0.40353822708129883, 0.8984929919242859),
            ["RightHand"] = CFrame.new(9.313225746154785e-08, -5.960464477539063e-08, -4.470348358154297e-08, 0.627302348613739, 0.23799222707748413, 0.7415189743041992, -0.2268567532300949, 0.9667102098464966, -0.11835477501153946, -0.7450019121170044, -0.09397479146718979, 0.6604103446006775),
            ["RightLowerLeg"] = CFrame.new(1.862645149230957e-08, 5.960464477539063e-08, 1.6596459317952394e-08, 1, -1.341103512686459e-07, 2.440065429709648e-07, 2.9988584060447465e-07, 0.8381221294403076, 0.5454823970794678, 1.6298143634685403e-07, -0.5454825758934021, 0.8381223082542419),
            ["LeftUpperLeg"] = CFrame.new(0.000025510787963867188, 0.00012573599815368652, 0.004997432231903076, 0.9147781729698181, 0.28310626745224, 0.2881524860858917, -0.10226421803236008, 0.8523886203765869, -0.5128116607666016, -0.3907979726791382, 0.4396413564682007, 0.8086979389190674),
            ["LeftLowerLeg"] = CFrame.new(-1.816079020500183e-08, -1.7881393432617188e-07, 3.129243850708008e-07, 1, 7.473862950746479e-08, 3.492460010079412e-08, -7.334164564554158e-08, 0.47160205245018005, 0.8818115592002869, 4.9360089349193004e-08, -0.8818114995956421, 0.47160205245018005),
        }},
        {Time = 0.140, Data = {
            ["RightFoot"] = CFrame.new(1.4901161193847656e-08, 3.5762786865234375e-07, -4.5802153181284666e-08, 0.7937191724777222, -0.23116223514080048, 0.5626494884490967, 0.301204651594162, 0.9529750347137451, -0.03337864205241203, -0.5284748673439026, 0.19596606492996216, 0.8260214924812317),
            ["LeftLowerArm"] = CFrame.new(2.980232238769531e-07, -2.980232238769531e-07, 1.1920928955078125e-07, 1, 8.940695295223122e-08, -4.470347647611561e-08, 2.756714252427628e-07, -0.29088178277015686, -0.9567590355873108, 2.1606678046737215e-07, 0.956758975982666, -0.29088160395622253),
            ["RightUpperArm"] = CFrame.new(0, -0.06523776054382324, -1.1920928955078125e-07, 0.8677774667739868, -0.39193499088287354, 0.30553051829338074, 0.30637621879577637, 0.9060042500495911, 0.2920452654361725, -0.39127475023269653, -0.15982294082641602, 0.9062895178794861),
            ["Head"] = CFrame.new(5.960464477539063e-08, 2.384185791015625e-07, -3.3527612686157227e-08, 0.9500001072883606, 0.12290876358747482, 0.28704243898391724, -0.0692034587264061, 0.9792869687080383, -0.19028405845165253, -0.30448445677757263, 0.16090573370456696, 0.9388284087181091),
            ["LowerTorso"] = CFrame.new(0.390869677066803, -0.12794208526611328, -0.04930421710014343, -0.34732767939567566, 0.016719933599233627, -0.9375947117805481, 0.1678229421377182, 0.984807550907135, -0.04460746794939041, 0.9226044416427612, -0.17284317314624786, -0.34485703706741333),
            ["UpperTorso"] = CFrame.new(-1.4901161193847656e-08, -2.384185791015625e-07, -7.450580596923828e-09, 0.9936970472335815, 0.07784875482320786, 0.08065930753946304, -0.09536609798669815, 0.9652643203735352, 0.24324920773506165, -0.05892062932252884, -0.24940817058086395, 0.9666044116020203),
            ["HumanoidRootPart"] = CFrame.new(0, 0, 0, 1, 0, 0, 0, 1, 0, 0, 0, 1),
            ["RightUpperLeg"] = CFrame.new(-0.000025540590286254883, -0.00012587918899953365, -0.004997434094548225, 0.9185264110565186, 0.17671489715576172, -0.3536674678325653, -0.17847146093845367, 0.9835487604141235, 0.027927475050091743, 0.35278502106666565, 0.037467874586582184, 0.9349542856216431),
            ["LeftUpperArm"] = CFrame.new(1.7881393432617188e-07, -0.06523764133453369, -2.980232238769531e-07, 0.903458833694458, 0.32624897360801697, -0.27807149291038513, -0.2355278879404068, 0.9197782874107361, 0.31390252709388733, 0.35817429423332214, -0.21810443699359894, 0.9078223705291748),
            ["RightLowerArm"] = CFrame.new(2.384185791015625e-07, 3.5762786865234375e-07, -7.078051567077637e-08, 1, -7.450580596923828e-09, 2.0861628513557662e-07, -9.685758328714655e-08, -0.18446359038352966, -0.9828394055366516, 1.210719791089332e-08, 0.9828394055366516, -0.18446317315101624),
            ["LeftHand"] = CFrame.new(5.960464477539063e-08, -1.1920928955078125e-07, 1.4901161193847656e-08, 0.5126264691352844, -0.27821215987205505, -0.812288224697113, 0.33669522404670715, 0.9354115724563599, -0.10789807140827179, 0.7898421287536621, -0.218181774020195, 0.5731893181800842),
            ["LeftFoot"] = CFrame.new(4.752655513584614e-08, 5.960464477539063e-08, -2.7939677238464355e-09, 0.9764569997787476, -0.06388762593269348, 0.20603404939174652, 0.1418631374835968, 0.9097172617912292, -0.39024272561073303, -0.16250118613243103, 0.4102838933467865, 0.8973632454872131),
            ["RightHand"] = CFrame.new(4.470348358154297e-08, 1.1920928955078125e-07, 2.086162567138672e-07, 0.6606640219688416, 0.24143844842910767, 0.7107958793640137, -0.23243187367916107, 0.9661275148391724, -0.11212842166423798, -0.7137916088104248, -0.09113281220197678, 0.6944036483764648),
            ["RightLowerLeg"] = CFrame.new(-7.450580596923828e-09, -2.384185791015625e-07, 9.145878721028566e-09, 1, 3.35276041596444e-07, 3.725287456290971e-08, 4.386528758004715e-07, 0.8462929129600525, 0.5327175855636597, -2.0721924443023454e-07, -0.5327180624008179, 0.8462931513786316),
            ["LeftUpperLeg"] = CFrame.new(0.000025510787963867188, 0.0001254705712199211, 0.004997484385967255, 0.9315932393074036, 0.25182533264160156, 0.26214197278022766, -0.10715441405773163, 0.8793575167655945, -0.4639486074447632, -0.3473498821258545, 0.404121994972229, 0.8461875915527344),
            ["LeftLowerLeg"] = CFrame.new(-3.16067598760128e-08, -1.1920928955078125e-07, -6.984919309616089e-08, 1, 6.784103590007362e-08, 4.473259807014074e-08, -5.743642361721868e-08, 0.5069149732589722, 0.861996054649353, 3.9348389435645004e-08, -0.8619961142539978, 0.5069149732589722),
        }},
        {Time = 0.160, Data = {
            ["RightFoot"] = CFrame.new(3.073364496231079e-08, 2.384185791015625e-07, -2.508022589609027e-08, 0.8230613470077515, -0.24028824269771576, 0.5146181583404541, 0.28567221760749817, 0.9582808017730713, -0.009448595345020294, -0.4908783733844757, 0.15478910505771637, 0.8573674559593201),
            ["LeftLowerArm"] = CFrame.new(2.9802322387695312e-08, 6.556510925292969e-07, 5.960464477539063e-08, 1, 1.601874828338623e-07, 7.450580596923828e-08, 1.1175872316471214e-07, -0.2840724587440491, -0.9588029980659485, 3.054738328955864e-07, 0.9588028192520142, -0.2840721309185028),
            ["RightUpperArm"] = CFrame.new(1.1920928955078125e-07, -0.06523740291595459, 1.1175870895385742e-07, 0.8311589360237122, -0.41621795296669006, 0.36869749426841736, 0.3192499279975891, 0.9001133441925049, 0.2964378893375397, -0.4552519917488098, -0.1286802440881729, 0.8810146450996399),
            ["Head"] = CFrame.new(7.450580596923828e-09, -3.5762786865234375e-07, 7.450580596923828e-08, 0.9608632922172546, 0.10823412984609604, 0.2550044655799866, -0.07287544012069702, 0.98685222864151, -0.14426304399967194, -0.2672657370567322, 0.12003357708454132, 0.9561176896095276),
            ["LowerTorso"] = CFrame.new(0.42554253339767456, -0.11783909797668457, -0.05638407915830612, -0.31052181124687195, -0.005134327802807093, -0.9505523443222046, 0.16889037191867828, 0.9837772846221924, -0.060486212372779846, 0.9354422688484192, -0.1793213039636612, -0.30461737513542175),
            ["UpperTorso"] = CFrame.new(0, 1.7881393432617188e-07, 5.960464477539063e-08, 0.9895057678222656, 0.0993708074092865, 0.10489896684885025, -0.12216406315565109, 0.9630351066589355, 0.2400820404291153, -0.07716397941112518, -0.2503773272037506, 0.9650683403015137),
            ["HumanoidRootPart"] = CFrame.new(0, 0, 0, 1, 0, 0, 0, 1, 0, 0, 0, 1),
            ["RightUpperLeg"] = CFrame.new(-0.000025510787963867188, -0.00012548919767141342, -0.004997508600354195, 0.9157343506813049, 0.17906823754310608, -0.35967350006103516, -0.16594159603118896, 0.9838346838951111, 0.06732600182294846, 0.365915447473526, -0.001967464806511998, 0.9306461215019226),
            ["LeftUpperArm"] = CFrame.new(-1.1920928955078125e-07, -0.06523764133453369, 5.21540641784668e-08, 0.893481433391571, 0.3494815528392792, -0.2820526957511902, -0.2580491602420807, 0.9135209321975708, 0.3144683837890625, 0.3675617575645447, -0.20818786323070526, 0.9063972234725952),
            ["RightLowerArm"] = CFrame.new(-1.1920928955078125e-07, 0, 2.9802322387695312e-08, 1, -2.0116574717121694e-07, 8.940698137394065e-08, 1.7881390590446244e-07, -0.17501533031463623, -0.9845656752586365, -5.960463766996327e-08, 0.984565794467926, -0.17501556873321533),
            ["LeftHand"] = CFrame.new(0, 5.960464477539063e-08, -5.960464477539063e-08, 0.5422403216362, -0.24760998785495758, -0.8029103875160217, 0.31860271096229553, 0.9448199272155762, -0.07620672136545181, 0.7774752378463745, -0.21448715031147003, 0.5912085175514221),
            ["LeftFoot"] = CFrame.new(-3.4924596548080444e-08, -5.960464477539063e-08, 1.30385160446167e-08, 0.9795709252357483, -0.056329090148210526, 0.19304810464382172, 0.13118048012256622, 0.9065901637077332, -0.4011059105396271, -0.15242180228233337, 0.41823604702949524, 0.8954588770866394),
            ["RightHand"] = CFrame.new(-5.960464477539063e-08, -1.1920928955078125e-07, 1.6391277313232422e-07, 0.693171501159668, 0.24493415653705597, 0.6778797507286072, -0.23784156143665314, 0.9655393362045288, -0.10566533356904984, -0.6804003715515137, -0.08798336982727051, 0.727539598941803),
