return {
    ["Hellfire Dance"] = {
        {Time = 0.000, Data = {
            ["RightFoot"] = CFrame.new(2.0116567611694336e-07, -1.1920928955078125e-07, 2.4047039914876223e-08, 0.9928877353668213, -0.11891216039657593, 0.005825788248330355, 0.09871504455804825, 0.8496269583702087, 0.518062949180603, -0.06655387580394745, -0.5138035416603088, 0.8553226590156555),
            ["LeftLowerArm"] = CFrame.new(0.0000018477439880371094, -2.384185791015625e-07, 0.000004678964614868164, 1, 5.960465188081798e-08, -4.842878098543224e-08, -5.587936158235607e-08, 0.4367844760417938, -0.8995663523674011, -7.450581307466564e-08, 0.8995662927627563, 0.4367843270301819),
            ["RightUpperArm"] = CFrame.new(-0.011719703674316406, -0.05902433395385742, 0.005070153623819351, -0.06490300595760345, -0.30290651321411133, -0.9508077502250671, 0.019479960203170776, 0.9522504806518555, -0.30469590425491333, 0.9977014064788818, -0.0382973849773407, -0.05590327829122543),
            ["Head"] = CFrame.new(7.450580596923828e-09, -5.960464477539062e-07, -5.587935447692871e-09, 0.9703519940376282, 0.19982343912124634, -0.13596908748149872, -0.14169657230377197, 0.9260673522949219, 0.3497447073459625, 0.1958036869764328, -0.3201093077659607, 0.9269256591796875),
            ["RightHand"] = CFrame.new(2.9336661100387573e-07, 8.344650268554688e-07, -7.301568984985352e-07, 0.44680359959602356, -0.26684173941612244, 0.8539096117019653, 0.09001341462135315, 0.9630468487739563, 0.2538474500179291, -0.8900922536849976, -0.03655645623803139, 0.4543125331401825),
            ["UpperTorso"] = CFrame.new(8.940696716308594e-08, 3.2782554626464844e-07, -1.4901161193847656e-08, 0.8883640170097351, 0.1755407750606537, -0.4242579936981201, -0.19591505825519562, 0.9806105494499207, -0.004494331777095795, 0.4152430295944214, 0.08711116015911102, 0.9055302143096924),
            ["HumanoidRootPart"] = CFrame.new(0, 0, 0, 1, 0, 0, 0, 1, 0, 0, 0, 1),
            ["RightUpperLeg"] = CFrame.new(1.1920928955078125e-07, 2.3189932107925415e-07, -1.287116901949048e-08, 0.9168215394020081, 0.1640879064798355, -0.3640240728855133, -0.37854576110839844, 0.6472538113594055, -0.6616387367248535, 0.1270492672920227, 0.7444041967391968, 0.6555308103561401),
            ["LeftUpperArm"] = CFrame.new(0.056492745876312256, 0.05628323554992676, 0.003955431282520294, 0.7566351294517517, 0.30233877897262573, 0.5797364115715027, -0.23964248597621918, 0.9532004594802856, -0.18433822691440582, -0.6083376407623291, 0.0005472666234709322, 0.7936782240867615),
            ["RightLowerArm"] = CFrame.new(2.980232238769531e-07, 0, -0.000004341825842857361, 1, -0.000019157536371494643, 0.0000031604436117049772, 0.000018935883417725563, 0.9261970520019531, -0.37703976035118103, 0.000004285480827093124, 0.3770398199558258, 0.9261971712112427),
            ["LeftHand"] = CFrame.new(-0.0000016298145055770874, -0.0000013709068298339844, 2.849847078323364e-07, 0.9912682771682739, 0.04597455635666847, -0.12358654290437698, -0.10666951537132263, 0.8305692672729492, -0.5466045141220093, 0.07751725614070892, 0.5550146698951721, 0.8282209634780884),
            ["LeftFoot"] = CFrame.new(3.166496753692627e-08, -5.960464477539063e-08, 4.470348358154297e-08, 0.9567772746086121, 0.22990092635154724, -0.1781093329191208, -0.23624815046787262, 0.9715770483016968, -0.014993609860539436, 0.1695997416973114, 0.05642364174127579, 0.9838965535163879),
            ["LowerTorso"] = CFrame.new(-0.10309512913227081, 0.06551933288574219, -0.05889527499675751, 0.8263838887214661, -0.20097462832927704, 0.5260217189788818, 0.18951725959777832, 0.9789103865623474, 0.07627465575933456, -0.5302573442459106, 0.036658041179180145, 0.8470438718795776),
            ["RightLowerLeg"] = CFrame.new(-5.960464477539063e-08, -0.0007264614105224609, 0.000046218578063417226, 1, 7.82310962677002e-08, -3.7252917195473856e-08, -7.450577754752885e-08, 0.5404590964317322, 0.841370165348053, 8.940693874137651e-08, -0.8413703441619873, 0.540459394454956),
            ["LeftUpperLeg"] = CFrame.new(2.9802322387695312e-08, -6.05359673500061e-08, -5.587935447692871e-08, 0.9371140599250793, 0.21545137465000153, 0.27458739280700684, -0.0993758887052536, 0.9188737869262695, -0.38183167576789856, -0.33457720279693604, 0.33053234219551086, 0.8825000524520874),
            ["LeftLowerLeg"] = CFrame.new(-8.754432201385498e-08, -0.0007266998291015625, 0.00008090585470199585, 1, -1.1175870895385742e-08, 7.078052277620372e-08, -5.960464477539063e-08, 0.6311314702033997, 0.7756758332252502, -1.862645149230957e-08, -0.775675892829895, 0.6311315894126892),
        }},
        {Time = 0.033, Data = {
            ["RightFoot"] = CFrame.new(1.7136335372924805e-07, 0, 3.894820110872388e-08, 0.9753508567810059, -0.20779050886631012, 0.07425559312105179, 0.1629183441400528, 0.9050875902175903, 0.39277753233909607, -0.148823082447052, -0.3709981143474579, 0.9166306853294373),
            ["LeftLowerArm"] = CFrame.new(0.0000011324882507324219, -1.7881393432617188e-07, 0.000004798173904418945, 1, 1.4901161193847656e-07, 0, -8.754431490842762e-08, 0.7873856425285339, -0.6164608001708984, -8.195637946073475e-08, 0.6164608001708984, 0.7873857021331787),
            ["RightUpperArm"] = CFrame.new(-0.006523609161376953, -0.0635911226272583, 0.011252544820308685, -0.18672089278697968, -0.12639972567558289, -0.9742476344108582, 0.100472092628479, 0.9840316772460938, -0.14692537486553192, 0.9772619009017944, -0.12531867623329163, -0.17103999853134155),
            ["Head"] = CFrame.new(3.259629011154175e-09, -0.0000011920928955078125, -1.1175870895385742e-08, 0.9711876511573792, 0.18365880846977234, -0.15186807513237, -0.10810443758964539, 0.9074293971061707, 0.4060609042644501, 0.2123865783214569, -0.37794360518455505, 0.9011385440826416),
            ["RightHand"] = CFrame.new(2.4028122425079346e-07, 0.0000015497207641601562, -8.17934051156044e-07, 0.4743785858154297, -0.31261277198791504, 0.8229444026947021, 0.09271783381700516, 0.9473667144775391, 0.30643099546432495, -0.8754246830940247, -0.06906263530254364, 0.4783957600593567),
            ["UpperTorso"] = CFrame.new(-4.842877388000488e-08, -1.1920928955078125e-07, 1.4901161193847656e-08, 0.881984531879425, 0.17202287912368774, -0.438761830329895, -0.21093139052391052, 0.9766364097595215, -0.041102729737758636, 0.42143967747688293, 0.12880052626132965, 0.8976629972457886),
            ["HumanoidRootPart"] = CFrame.new(0, 0, 0, 1, 0, 0, 0, 1, 0, 0, 0, 1),
            ["RightUpperLeg"] = CFrame.new(0, -1.8067657947540283e-07, -2.4047039914876223e-08, 0.8980334997177124, 0.22837437689304352, -0.3760068714618683, -0.3946586549282074, 0.7958464622497559, -0.45920929312705994, 0.19437196850776672, 0.5607795119285583, 0.8048264980316162),
            ["LeftUpperArm"] = CFrame.new(0.06251382827758789, 0.058086395263671875, 0.01006530225276947, 0.8367358446121216, 0.37563636898994446, 0.3984602987766266, -0.31435665488243103, 0.9252920746803284, -0.2121666669845581, -0.44838947057724, 0.052268948405981064, 0.8923087120056152),
            ["RightLowerArm"] = CFrame.new(2.384185791015625e-07, -1.1920928955078125e-07, -0.0000036691781133413315, 1, -0.000018986409486387856, -0.000003945082880818518, 0.000018909808204625733, 0.9998268485069275, -0.018608255311846733, 0.0000042868782657023985, 0.018608223646879196, 0.9998269081115723),
            ["LeftHand"] = CFrame.new(-0.0000017085112631320953, -7.152557373046875e-07, 1.816079020500183e-08, 0.8573407530784607, 0.04914044588804245, -0.512397825717926, -0.25981706380844116, 0.9006372094154358, -0.3483502268791199, 0.4443669617176056, 0.43178462982177734, 0.7849208116531372),
            ["LeftFoot"] = CFrame.new(-3.1781382858753204e-08, -1.1920928955078125e-07, -2.9802322387695312e-08, 0.9337353110313416, 0.1553245484828949, -0.322509765625, -0.2179567962884903, 0.9613873362541199, -0.16801592707633972, 0.28395986557006836, 0.22717563807964325, 0.9315354228019714),
            ["LowerTorso"] = CFrame.new(-0.11970330029726028, -0.00458979606628418, -0.09155628085136414, 0.7968516945838928, -0.2083900421857834, 0.5670987367630005, 0.18394072353839874, 0.9777522087097168, 0.10082957148551941, -0.5754938721656799, 0.023966338485479355, 0.8174548745155334),
            ["RightLowerLeg"] = CFrame.new(-5.21540641784668e-08, -0.0007263422012329102, 0.00004615850775735453, 1, 8.940699558479537e-08, -2.980232594040899e-08, -5.960465188081798e-08, 0.8104736804962158, 0.5857749581336975, 9.685756197086448e-08, -0.5857752561569214, 0.8104738593101501),
            ["LeftUpperLeg"] = CFrame.new(-1.4901161193847656e-07, -2.6635825634002686e-07, 3.725290298461914e-08, 0.8973287343978882, 0.2550201117992401, 0.36023029685020447, -0.11982396990060806, 0.9262832403182983, -0.3572697937488556, -0.424786239862442, 0.2774240970611572, 0.8617380261421204),
            ["LeftLowerLeg"] = CFrame.new(1.210719347000122e-08, -0.0007264018058776855, 0.00008106604218482971, 1, 1.690350899252735e-07, -5.37838928948986e-08, -3.3061958504276845e-08, 0.649280846118927, 0.7605488300323486, -4.190952651583757e-08, -0.7605487704277039, 0.649280846118927),
        }},
        {Time = 0.067, Data = {
            ["RightFoot"] = CFrame.new(1.4156103134155273e-07, 5.960464477539063e-08, -1.3205863069742918e-08, 0.8844717144966125, -0.4033741354942322, 0.23451939225196838, 0.33830133080482483, 0.9005478620529175, 0.273067444562912, -0.3213440477848053, -0.16218207776546478, 0.9329709410667419),
            ["LeftLowerArm"] = CFrame.new(0.000001519918441772461, -7.748603820800781e-07, 0.000004857778549194336, 1, 1.3411047916633834e-07, 1.043081283569336e-07, -1.1548401346317405e-07, 0.9761471748352051, -0.2171100527048111, -8.940698137394065e-08, 0.21711008250713348, 0.9761471152305603),
            ["RightUpperArm"] = CFrame.new(-0.0016952753067016602, -0.06603813171386719, 0.017359882593154907, -0.319465696811676, -0.04499228671193123, -0.9465293288230896, 0.15669219195842743, 0.9826132655143738, -0.09959310293197632, 0.9345530271530151, -0.18013028800487518, -0.30686068534851074),
            ["Head"] = CFrame.new(8.381903171539307e-09, -7.152557373046875e-07, 7.450580596923828e-09, 0.9773815870285034, 0.12566637992858887, -0.17009872198104858, -0.03488853946328163, 0.8890985250473022, 0.45638418197631836, 0.20858608186244965, -0.44012707471847534, 0.8733727335929871),
            ["RightHand"] = CFrame.new(2.8312206268310547e-07, 9.5367431640625e-07, -7.487833499908447e-07, 0.48593372106552124, -0.30966222286224365, 0.8172987699508667, 0.020840676501393318, 0.9389688968658447, 0.3433704376220703, -0.8737471103668213, -0.1498222053050995, 0.46273064613342285),
            ["UpperTorso"] = CFrame.new(7.450580596923828e-09, 1.4901161193847656e-07, 7.450580596923828e-09, 0.8714032769203186, 0.16388267278671265, -0.4623832702636719, -0.22504876554012299, 0.9710617661476135, -0.07995115965604782, 0.43590059876441956, 0.17372849583625793, 0.883068323135376),
            ["HumanoidRootPart"] = CFrame.new(0, 0, 0, 1, 0, 0, 0, 1, 0, 0, 0, 1),
            ["RightUpperLeg"] = CFrame.new(-2.9802322387695312e-08, -6.030313670635223e-08, 1.3205863069742918e-08, 0.8217867612838745, 0.25165554881095886, -0.5112102627754211, -0.4526841938495636, 0.8332164287567139, -0.31753358244895935, 0.3460398316383362, 0.4923616349697113, 0.7986466884613037),
            ["LeftUpperArm"] = CFrame.new(0.06777673959732056, 0.058870553970336914, 0.016177088022232056, 0.8775204420089722, 0.4157294034957886, 0.23901264369487762, -0.36423763632774353, 0.9020289778709412, -0.23167787492275238, -0.3119118809700012, 0.11624440550804138, 0.942973256111145),
            ["RightLowerArm"] = CFrame.new(3.2782554626464844e-07, 9.5367431640625e-07, -0.000004079192876815796, 1, -0.000018903992895502597, -0.0000042403121369716246, 0.00001889700251922477, 0.9999972581863403, -0.0023737328592687845, 0.000004279427685105475, 0.0023737186565995216, 0.9999972581863403),
            ["LeftHand"] = CFrame.new(-0.0000014975666999816895, -0.0000013113021850585938, 3.501772880554199e-07, 0.5965219736099243, 0.07158518582582474, -0.7993976473808289, -0.2764197289943695, 0.9534029960632324, -0.12089233845472336, 0.7534942626953125, 0.29308435320854187, 0.5885138511657715),
            ["LeftFoot"] = CFrame.new(2.514570951461792e-08, -5.960464477539063e-08, -1.4901161193847656e-08, 0.887249231338501, 0.07968646287918091, -0.45435574650764465, -0.22685475647449493, 0.9330031871795654, -0.2793601155281067, 0.401653915643692, 0.3509349226951599, 0.8458834290504456),
            ["LowerTorso"] = CFrame.new(-0.13545477390289307, -0.07663190364837646, -0.1185031533241272, 0.7706207036972046, -0.2165072113275528, 0.599389910697937, 0.17438159883022308, 0.9762653708457947, 0.1284412294626236, -0.61297208070755, 0.005543111357837915, 0.7900851964950562),
            ["RightLowerLeg"] = CFrame.new(-5.029141902923584e-08, -0.0007265210151672363, 0.000046009030484128743, 1, 3.352762334429826e-08, -5.587936158235607e-08, 7.82310962677002e-08, 0.8678033351898193, 0.4969075918197632, 1.1175870895385742e-07, -0.4969077706336975, 0.8678035736083984),
            ["LeftUpperLeg"] = CFrame.new(2.9802322387695312e-08, 4.016328603029251e-08, 4.470348358154297e-08, 0.8579023480415344, 0.3051188588142395, 0.41340747475624084, -0.13496313989162445, 0.9101532697677612, -0.39167100191116333, -0.4957706034183502, 0.2802206873893738, 0.8220025897026062),
            ["LeftLowerLeg"] = CFrame.new(4.470348358154297e-08, -0.0007264614105224609, 0.00008096545934677124, 1, 1.5646223516796454e-07, -5.587934559514451e-09, -4.097820394122209e-08, 0.6054207682609558, 0.7959056496620178, -1.1175873559921001e-08, -0.7959056496620178, 0.6054205894470215),
        }},
        {Time = 0.100, Data = {
            ["RightFoot"] = CFrame.new(1.564621925354004e-07, 1.7881393432617188e-07, 9.85528458841145e-08, 0.9091386198997498, -0.3140929043292999, 0.27351927757263184, 0.306966096162796, 0.9491680264472961, 0.06965624541044235, -0.2814942002296448, 0.020634280517697334, 0.9593411087989807),
            ["LeftLowerArm"] = CFrame.new(0.0000011324882507324219, -7.152557373046875e-07, 0.000004455447196960449, 1, 2.011657045386528e-07, 1.6391281576488836e-07, -1.3411046495548362e-07, 0.9995908141136169, -0.02860695868730545, -1.266598843585598e-07, 0.028606999665498734, 0.9995908141136169),
            ["RightUpperArm"] = CFrame.new(0.0031787753105163574, -0.06838655471801758, 0.02276325225830078, -0.3529590964317322, -0.017461657524108887, -0.9354758262634277, 0.17615820467472076, 0.9807049632072449, -0.08477123081684113, 0.918906033039093, -0.1947125494480133, -0.3430728018283844),
            ["Head"] = CFrame.new(2.7939677238464355e-08, -5.960464477539062e-07, 2.9802322387695312e-08, 0.9839954376220703, 0.07138869166374207, -0.16326875984668732, 0.016070911660790443, 0.8769557476043701, 0.4803023040294647, 0.17746765911579132, -0.4752393960952759, 0.8617732524871826),
            ["RightHand"] = CFrame.new(2.5331974029541016e-07, 0.0000010728836059570312, -7.748603820800781e-07, 0.49106064438819885, -0.29821279644966125, 0.8184914588928223, -0.013769887387752533, 0.9368049502372742, 0.34958121180534363, -0.8710165023803711, -0.18293613195419312, 0.4559219181537628),
            ["UpperTorso"] = CFrame.new(-2.2351741790771484e-08, -2.682209014892578e-07, -1.4901161193847656e-08, 0.8547471761703491, 0.1519065946340561, -0.49631816148757935, -0.2299792319536209, 0.9680678248405457, -0.09977083653211594, 0.46531376242637634, 0.19942165911197662, 0.862388551235199),
            ["HumanoidRootPart"] = CFrame.new(0, 0, 0, 1, 0, 0, 0, 1, 0, 0, 0, 1),
            ["RightUpperLeg"] = CFrame.new(5.960464477539063e-08, -3.6763958632946014e-07, -9.145878721028566e-09, 0.8431706428527832, 0.2527696192264557, -0.4745217263698578, -0.42482635378837585, 0.8541678786277771, -0.2998669743537903, 0.3295239508152008, 0.4544279873371124, 0.8275922536849976),
            ["LeftUpperArm"] = CFrame.new(0.07323205471038818, 0.06070542335510254, 0.021934129297733307, 0.8836370706558228, 0.42494481801986694, 0.19648775458335876, -0.37803366780281067, 0.895208477973938, -0.2359924167394638, -0.27618134021759033, 0.13425268232822418, 0.9516828060150146),
            ["RightLowerArm"] = CFrame.new(2.384185791015625e-07, 6.556510925292969e-07, -0.000003814697265625, 1, -0.000018902124793385155, -0.000004230998456478119, 0.00001892471482278779, 0.9999971985816956, -0.002373732626438141, 0.000004285947852622485, 0.0023737086448818445, 0.9999971985816956),
            ["LeftHand"] = CFrame.new(-0.0000011026859283447266, -0.000001430511474609375, 2.086162567138672e-07, 0.42981207370758057, 0.08904734998941422, -0.8985164165496826, -0.11455394327640533, 0.992461621761322, 0.04356006160378456, 0.8956221342086792, 0.0842059925198555, 0.4367731511592865),
            ["LeftFoot"] = CFrame.new(2.2351741790771484e-08, -1.7881393432617188e-07, -2.2351741790771484e-08, 0.8746263384819031, 0.10368321090936661, -0.47358083724975586, -0.2698008716106415, 0.915709376335144, -0.2977978587150574, 0.4027858078479767, 0.38823461532592773, 0.8288773894309998),
            ["LowerTorso"] = CFrame.new(-0.15009184181690216, -0.10509753227233887, -0.14004367589950562, 0.7605913877487183, -0.21286147832870483, 0.6133439540863037, 0.16025622189044952, 0.9770458340644836, 0.14035502076148987, -0.6291412711143494, -0.008460627868771553, 0.7772449254989624),
            ["RightLowerLeg"] = CFrame.new(-1.8812716007232666e-07, -0.0007263422012329102, 0.00004603836714522913, 1, 8.195642919872625e-08, -5.960465188081798e-08, -2.2351741790771484e-08, 0.8804492950439453, 0.4741399884223938, 7.82310962677002e-08, -0.47414031624794006, 0.8804495334625244),
            ["LeftUpperLeg"] = CFrame.new(-8.940696716308594e-08, -2.3096799850463867e-07, 4.470348358154297e-08, 0.838948667049408, 0.3529379963874817, 0.4142463803291321, -0.15492239594459534, 0.8845795392990112, -0.4399072229862213, -0.5216935873031616, 0.30488333106040955, 0.7967946529388428),
            ["LeftLowerLeg"] = CFrame.new(-4.470348358154297e-08, -0.0007266998291015625, 0.00008092820644378662, 1, 9.685756197086448e-08, 0, -3.492460010079412e-08, 0.4935484528541565, 0.869718074798584, 2.421439049271612e-08, -0.8697183728218079, 0.4935488700866699),
        }},
        {Time = 0.133, Data = {
            ["RightFoot"] = CFrame.new(2.0116567611694336e-07, -1.1920928955078125e-07, 2.032174961641431e-08, 0.9116613864898682, -0.28488171100616455, 0.2961690425872803, 0.3017473816871643, 0.9533143043518066, -0.011850416660308838, -0.27896633744239807, 0.10017174482345581, 0.9550620317459106),
            ["LeftLowerArm"] = CFrame.new(0.0000014901161193847656, -0.0000010728836059570312, 0.000004902482032775879, 1, 8.195640788244418e-08, 1.4156104555240745e-07, -1.825392246246338e-07, 0.9995908141136169, -0.028607036918401718, -9.685754776000977e-08, 0.02860705554485321, 0.9995907545089722),
            ["RightUpperArm"] = CFrame.new(0.00846952199935913, -0.07107484340667725, 0.026426240801811218, -0.28525277972221375, -0.011243236251175404, -0.9583863019943237, 0.18894578516483307, 0.9796489477157593, -0.0677303820848465, 0.9396437406539917, -0.2004033476114273, -0.277323454618454),
            ["Head"] = CFrame.new(3.073364496231079e-08, -3.5762786865234375e-07, -1.862645149230957e-09, 0.9893637299537659, 0.038692157715559006, -0.14022241532802582, 0.03309300169348717, 0.8788271546363831, 0.47599101066589355, 0.14164851605892181, -0.4755687713623047, 0.8681994676589966),
            ["RightHand"] = CFrame.new(2.5331974029541016e-07, 9.5367431640625e-07, -8.009374141693115e-07, 0.4937422275543213, -0.2844045162200928, 0.8217859864234924, -0.03302592411637306, 0.9381930232048035, 0.3445334732532501, -0.8689809441566467, -0.19725105166435242, 0.4538332521915436),
            ["UpperTorso"] = CFrame.new(-2.2351741790771484e-08, 0, -3.725290298461914e-09, 0.8418546319007874, 0.13558544218540192, -0.522395670413971, -0.22110596299171448, 0.9696179032325745, -0.1046581119298935, 0.4923340976238251, 0.2036116123199463, 0.8462561368942261),
            ["HumanoidRootPart"] = CFrame.new(0, 0, 0, 1, 0, 0, 0, 1, 0, 0, 0, 1),
            ["RightUpperLeg"] = CFrame.new(-5.960464477539063e-08, 1.5832483768463135e-08, -8.737697498872876e-08, 0.8540951013565063, 0.23623742163181305, -0.46337175369262695, -0.40060949325561523, 0.8669815063476562, -0.2964036762714386, 0.3317132890224457, 0.4387880265712738, 0.835123598575592),
            ["LeftUpperArm"] = CFrame.new(0.07931190729141235, 0.06348466873168945, 0.026118125766515732, 0.8783303499221802, 0.4071536362171173, 0.2505224347114563, -0.35338348150253296, 0.9059097766876221, -0.233340784907341, -0.3219565153121948, 0.11641989648342133, 0.9395694732666016),
            ["RightLowerArm"] = CFrame.new(2.384185791015625e-07, 2.384185791015625e-07, -0.000003863126039505005, 1, -0.000018886350517277606, -0.0000042349570321675856, 0.000018912429368356243, 0.9999971985816956, -0.0023737482260912657, 0.0000042831534301512875, 0.002373745199292898, 0.9999971985816956),
            ["LeftHand"] = CFrame.new(-0.0000014565885066986084, -0.0000013113021850585938, 8.940696716308594e-08, 0.4138525426387787, 0.09876016527414322, -0.9049708247184753, 0.03343138471245766, 0.9917786121368408, 0.1235220804810524, 0.9097298383712769, -0.08137436211109161, 0.4071488380432129),
            ["LeftFoot"] = CFrame.new(2.60770320892334e-08, -2.384185791015625e-07, 8.940696716308594e-08, 0.9563338756561279, -0.0683976486325264, -0.28416043519973755, -0.018070563673973083, 0.9565356373786926, -0.2910551130771637, 0.29171720147132874, 0.2834808826446533, 0.9135315418243408),
            ["LowerTorso"] = CFrame.new(-0.1645498126745224, -0.11461114883422852, -0.15625596046447754, 0.7664111256599426, -0.1963588148355484, 0.6116021275520325, 0.14121852815151215, 0.9803436398506165, 0.1377817988395691, -0.6266348958015442, -0.01922794245183468, 0.7790757417678833),
            ["RightLowerLeg"] = CFrame.new(-1.1175870895385742e-08, -0.0007262825965881348, 0.00004602858825819567, 1, 2.235175244891252e-08, -4.097820394122209e-08, -4.8428766774577525e-08, 0.8759116530418396, 0.4824715852737427, 7.823108916227284e-08, -0.4824717342853546, 0.8759116530418396),
            ["LeftUpperLeg"] = CFrame.new(0, 3.1013041734695435e-07, 1.1175870895385742e-08, 0.9759610295295715, 0.21410654485225677, 0.0407230481505394, -0.16423563659191132, 0.845327615737915, -0.5083778500556946, -0.14327120780944824, 0.4894688129425049, 0.8601707220077515),
            ["LeftLowerLeg"] = CFrame.new(2.9802322387695312e-08, -0.0007264614105224609, 0.00008094683289527893, 1, 1.1920930376163597e-07, 4.842878098543224e-08, -8.940696716308594e-08, 0.3360682427883148, 0.9418376684188843, -2.9802322387695312e-08, -0.941837728023529, 0.3360683023929596),
        }},
        {Time = 0.167, Data = {
            ["RightFoot"] = CFrame.new(1.862645149230957e-07, -5.960464477539063e-08, 1.6952981241047382e-09, 0.9139994978904724, -0.27663856744766235, 0.29677626490592957, 0.30321741104125977, 0.9517793655395508, -0.046639639884233475, -0.2695632874965668, 0.13261625170707703, 0.953807532787323),
            ["LeftLowerArm"] = CFrame.new(0.0000013709068298339844, -2.384185791015625e-07, 0.000004604458808898926, 1, 1.49011640360186e-07, 1.3411047916633834e-07, -1.1920930376163597e-07, 0.9995908141136169, -0.028606943786144257, -1.1920930376163597e-07, 0.028607092797756195, 0.9995908141136169),
            ["RightUpperArm"] = CFrame.new(0.010482549667358398, -0.06989490985870361, 0.027727484703063965, -0.19138815999031067, -0.03545954078435898, -0.9808737635612488, 0.193024680018425, 0.9784719347953796, -0.07303569465875626, 0.9623472094535828, -0.20331095159053802, -0.18042336404323578),
            ["Head"] = CFrame.new(1.30385160446167e-08, -3.5762786865234375e-07, 2.7939677238464355e-08, 0.9932546615600586, 0.01526881754398346, -0.1149444729089737, 0.0390494130551815, 0.8893430829048157, 0.4555700719356537, 0.10918104648590088, -0.4569855332374573, 0.8827477693557739),
            ["RightHand"] = CFrame.new(3.0547380447387695e-07, 0.0000016093254089355469, -7.897615432739258e-07, 0.4960246980190277, -0.2705498933792114, 0.8250827789306641, -0.05230049416422844, 0.9391846656799316, 0.3394069969654083, -0.8667319416999817, -0.21150654554367065, 0.45170947909355164),
            ["UpperTorso"] = CFrame.new(0, -5.960464477539063e-08, 7.450580596923828e-09, 0.8414446711540222, 0.11888431757688522, -0.5271027684211731, -0.20744305849075317, 0.9718183279037476, -0.1119665801525116, 0.49893712997436523, 0.2035575658082962, 0.8423932194709778),
            ["HumanoidRootPart"] = CFrame.new(0, 0, 0, 1, 0, 0, 0, 1, 0, 0, 0, 1),
            ["RightUpperLeg"] = CFrame.new(0, -2.60770320892334e-07, -9.110226528719068e-08, 0.8751312494277954, 0.21295133233070374, -0.4345078766345978, -0.37269988656044006, 0.8693316578865051, -0.3245881199836731, 0.30861008167266846, 0.4459982216358185, 0.8401460647583008),
            ["LeftUpperArm"] = CFrame.new(0.08111739158630371, 0.06325209140777588, 0.027698025107383728, 0.8644307255744934, 0.3798946440219879, 0.329301118850708, -0.3125554919242859, 0.9191176891326904, -0.23985831439495087, -0.3937875032424927, 0.10441584140062332, 0.9132518172264099),
            ["RightLowerArm"] = CFrame.new(3.2782554626464844e-07, 5.960464477539063e-08, -0.000003928318619728088, 1, -0.00001890806197479833, -0.000004244503088557394, 0.00001889979284896981, 0.9999971985816956, -0.0023737328592687845, 0.000004297121904528467, 0.0023737403098493814, 0.9999971985816956),
            ["LeftHand"] = CFrame.new(-0.0000012889504432678223, -0.0000012516975402832031, 2.4586915969848633e-07, 0.4189183712005615, 0.1024339497089386, -0.9022274017333984, 0.09411219507455826, 0.9833672642707825, 0.15534399449825287, 0.9031336307525635, -0.14998719096183777, 0.402310848236084),
            ["LeftFoot"] = CFrame.new(7.450580596923828e-09, -1.1920928955078125e-07, 1.1920928955078125e-07, 0.9430370330810547, 0.2443755567073822, -0.22574719786643982, -0.24321231245994568, 0.969398021697998, 0.03339646756649017, 0.22699998319149017, 0.023410862311720848, 0.9736133217811584),
            ["LowerTorso"] = CFrame.new(-0.1810479462146759, -0.1145857572555542, -0.16855891048908234, 0.7858039140701294, -0.17397388815879822, 0.5935025811195374, 0.11636364459991455, 0.9840719699859619, 0.134395033121109, -0.6074304580688477, -0.036546021699905396, 0.7935317754745483),
            ["RightLowerLeg"] = CFrame.new(-4.842877388000488e-08, -0.000726163387298584, 0.00004613475903170183, 1, 1.639128583974525e-07, -4.470348358154297e-08, -4.842877388000488e-08, 0.8566607236862183, 0.5158803462982178, -1.4901161193847656e-08, -0.5158804059028625, 0.8566607236862183),
            ["LeftUpperLeg"] = CFrame.new(-2.9802322387695312e-08, -1.5227124094963074e-07, 2.9802322387695312e-08, 0.9628565311431885, 0.02781253680586815, -0.2685771882534027, -0.2402675747871399, 0.5421065092086792, -0.8052276968955994, 0.12320223450660706, 0.8398494124412537, 0.528653621673584),
            ["LeftLowerLeg"] = CFrame.new(-2.9802322387695312e-08, -0.0007264614105224609, 0.00008085370063781738, 1, 1.6018755388813588e-07, 1.4156103134155273e-07, -6.705523958316917e-08, -0.26795661449432373, 0.9634310007095337, 1.4901164746561335e-08, -0.9634310007095337, -0.26795661449432373),
        }},
        {Time = 0.200, Data = {
            ["RightFoot"] = CFrame.new(2.086162567138672e-07, -1.1920928955078125e-07, -4.6733475755900145e-08, 0.9142953157424927, -0.28080806136131287, 0.2919090986251831, 0.3059290945529938, 0.9510689973831177, -0.0433063767850399, -0.26546499133110046, 0.12889830768108368, 0.9554651975631714),
            ["LeftLowerArm"] = CFrame.new(0.0000013113021850585938, -2.384185791015625e-07, 0.000005342066287994385, 1, 1.266598985694145e-07, 1.6391281576488836e-07, -1.4901162614933128e-07, 0.9995907545089722, -0.02860693633556366, -1.4901162614933128e-07, 0.02860705554485321, 0.9995908141136169),
            ["RightUpperArm"] = CFrame.new(0.011907696723937988, -0.06677186489105225, 0.026778139173984528, -0.07432013750076294, -0.08392683416604996, -0.9936965703964233, 0.18327493965625763, 0.9783300757408142, -0.09633641690015793, 0.9802483916282654, -0.18927951157093048, -0.057327751070261),
            ["Head"] = CFrame.new(1.257285475730896e-08, -9.5367431640625e-07, 5.587935447692871e-09, 0.9976429343223572, -0.01643138937652111, -0.06662417948246002, 0.04336906969547272, 0.9033931493759155, 0.42661431431770325, 0.05317777395248413, -0.42849838733673096, 0.901976466178894),
            ["RightHand"] = CFrame.new(2.0209699869155884e-07, 0.0000010728836059570312, -8.884817361831665e-07, 0.49790650606155396, -0.2566643953323364, 0.8283790946006775, -0.07157549262046814, 0.9397798180580139, 0.3342021107673645, -0.8642719388008118, -0.22569313645362854, 0.44955208897590637),
            ["UpperTorso"] = CFrame.new(-7.450580596923828e-08, -5.960464477539063e-08, 4.936009645462036e-08, 0.8498773574829102, 0.09838338196277618, -0.5177151560783386, -0.18691515922546387, 0.974822461605072, -0.121589295566082, 0.4927181899547577, 0.20010484755039215, 0.8468690514564514),
            ["HumanoidRootPart"] = CFrame.new(0, 0, 0, 1, 0, 0, 0, 1, 0, 0, 0, 1),
            ["RightUpperLeg"] = CFrame.new(-5.960464477539063e-08, -2.7567148208618164e-07, -1.939042704179883e-08, 0.9074841141700745, 0.19287805259227753, -0.3731895089149475, -0.33610138297080994, 0.8662888407707214, -0.369566947221756, 0.2520085871219635, 0.4608057141304016, 0.8509700298309326),
            ["LeftUpperArm"] = CFrame.new(0.08186149597167969, 0.06161487102508545, 0.026745948940515518, 0.8201082944869995, 0.35409048199653625, 0.4494907855987549, -0.2744901776313782, 0.932701587677002, -0.23392929136753082, -0.5020732879638672, 0.06846649199724197, 0.8621108531951904),
            ["RightLowerArm"] = CFrame.new(3.2782554626464844e-07, 0.0000010728836059570312, -0.0000037224963307380676, 1, -0.000018913302483269945, -0.000004243107014190173, 0.000018905791876022704, 0.9999972581863403, -0.0023737489245831966, 0.000004288275249564322, 0.0023736984003335238, 0.9999972581863403),
            ["LeftHand"] = CFrame.new(-0.0000012237578630447388, -0.0000010728836059570312, 1.043081283569336e-07, 0.39188429713249207, 0.10971447080373764, -0.9134489893913269, 0.15565893054008484, 0.9706430435180664, 0.18336445093154907, 0.9067507982254028, -0.21404433250427246, 0.36330217123031616),
            ["LeftFoot"] = CFrame.new(-6.146728992462158e-08, 5.960464477539063e-08, 5.960464477539063e-08, 0.9143739938735962, 0.10853606462478638, -0.3900516629219055, 0.15106096863746643, 0.8023713827133179, 0.5773912072181702, 0.3756338953971863, -0.5868731141090393, 0.7172720432281494),
            ["LowerTorso"] = CFrame.new(-0.2008008062839508, -0.10394001007080078, -0.17880743741989136, 0.827168881893158, -0.14189337193965912, 0.5437445044517517, 0.08405359089374542, 0.9879520535469055, 0.12994588911533356, -0.5556319355964661, -0.06178351119160652, 0.829129695892334),
            ["RightLowerLeg"] = CFrame.new(-9.685754776000977e-08, -0.000726163387298584, 0.000046060253225732595, 1, 8.195642919872625e-08, -8.56816981809061e-08, -6.332993507385254e-08, 0.8357126116752625, 0.5491670370101929, 6.705522537231445e-08, -0.5491670966148376, 0.8357126116752625),
            ["LeftUpperLeg"] = CFrame.new(-1.1920928955078125e-07, -3.0780211091041565e-07, 1.955777406692505e-08, 0.804537832736969, -0.34379082918167114, -0.4842795431613922, -0.5736050605773926, -0.23845350742340088, -0.7836562991142273, 0.15393583476543427, 0.9082663059234619, -0.3890451490879059),
            ["LeftLowerLeg"] = CFrame.new(0, -0.0007266998291015625, 0.00008073425851762295, 1, 7.729976658765736e-08, 2.2351741790771484e-07, -1.4901162970204496e-08, -0.8881129026412964, 0.45962515473365784, 2.1432063590509642e-07, -0.45962533354759216, -0.8881130814552307),
        }},
        {Time = 0.233, Data = {
            ["RightFoot"] = CFrame.new(1.6391277313232422e-07, -2.980232238769531e-07, 4.267349140718579e-08, 0.9039629101753235, -0.2690016031265259, 0.3323991000652313, 0.27271726727485657, 0.9614061713218689, 0.036382850259542465, -0.3293578028678894, 0.05776216834783554, 0.9424367547035217),
            ["LeftLowerArm"] = CFrame.new(0.0000011026859283447266, -7.152557373046875e-07, 0.0000045299530029296875, 1, 1.6763810606335028e-07, 1.1175872316471214e-07, -1.4901162614933128e-07, 0.9995908141136169, -0.02860700711607933, -7.450581307466564e-08, 0.02860703319311142, 0.9995908141136169),
            ["RightUpperArm"] = CFrame.new(0.015542984008789062, -0.06527078151702881, 0.0224895179271698, 0.05155619978904724, -0.13282039761543274, -0.989798367023468, 0.19173799455165863, 0.9739944338798523, -0.12071248143911362, 0.9800910949707031, -0.18355834484100342, 0.07568202167749405),
            ["Head"] = CFrame.new(3.259629011154175e-09, -3.5762786865234375e-07, -3.14321368932724e-08, 0.9989283680915833, -0.03534942865371704, -0.02987714670598507, 0.044041309505701065, 0.9244669079780579, 0.37871018052101135, 0.014233342371881008, -0.37962013483047485, 0.925032913684845),
            ["RightHand"] = CFrame.new(1.7881393432617188e-07, 0.0000011920928955078125, -7.264316082000732e-07, 0.49938705563545227, -0.24276310205459595, 0.831671953201294, -0.09083275496959686, 0.9399795532226562, 0.3289196193218231, -0.8616043329238892, -0.23980136215686798, 0.44736313819885254),
            ["UpperTorso"] = CFrame.new(4.0978193283081055e-08, 1.4901161193847656e-07, 3.3527612686157227e-08, 0.8944551944732666, 0.07389967143535614, -0.4410088062286377, -0.14183352887630463, 0.9822091460227966, -0.1230788603425026, 0.42406728863716125, 0.17263832688331604, 0.8890235424041748),
            ["HumanoidRootPart"] = CFrame.new(0, 0, 0, 1, 0, 0, 0, 1, 0, 0, 0, 1),
            ["RightUpperLeg"] = CFrame.new(1.1920928955078125e-07, -3.3527612686157227e-07, -7.24758137948811e-08, 0.9397507905960083, 0.1650446653366089, -0.2993808686733246, -0.2790740728378296, 0.8761739134788513, -0.39298495650291443, 0.1974494606256485, 0.4528573155403137, 0.8694446086883545),
            ["LeftUpperArm"] = CFrame.new(0.08507043123245239, 0.0600438117980957, 0.022293318063020706, 0.729498028755188, 0.325639933347702, 0.6014910340309143, -0.22535879909992218, 0.9447230100631714, -0.2381429225206375, -0.6457909941673279, 0.03817352280020714, 0.7625592350959778),
            ["RightLowerArm"] = CFrame.new(3.5762786865234375e-07, 0, -0.000004004687070846558, 1, -0.00001891749161586631, -0.000004223547875881195, 0.00001890677958726883, 0.9999971985816956, -0.002373688854277134, 0.000004284083843231201, 0.0023737673182040453, 0.9999971985816956),
            ["LeftHand"] = CFrame.new(-0.00000130385160446167, -0.0000013709068298339844, 1.2665987014770508e-07, 0.2718431353569031, 0.15652285516262054, -0.9495271444320679, 0.23453162610530853, 0.9461584091186523, 0.2231125831604004, 0.9333254098892212, -0.2833458483219147, 0.2204972803592682),
            ["LeftFoot"] = CFrame.new(-2.6263296604156494e-07, -1.7881393432617188e-07, 7.450580596923828e-09, 0.7786068916320801, 0.28927984833717346, -0.5568556189537048, 0.3678925633430481, 0.5084649920463562, 0.778536319732666, 0.5083565711975098, -0.8110366463661194, 0.28947049379348755),
            ["LowerTorso"] = CFrame.new(-0.22789886593818665, -0.07592809200286865, -0.18615102767944336, 0.8921052813529968, -0.08619692921638489, 0.443529337644577, 0.04041973873972893, 0.9929232001304626, 0.11166851222515106, -0.4500160217285156, -0.08169272541999817, 0.8892760872840881),
            ["RightLowerLeg"] = CFrame.new(-1.4901161193847656e-08, -0.0007265210151672363, 0.00004601974069373682, 1, 8.940698847936801e-08, -2.980232949312267e-08, -4.0978189730367376e-08, 0.835688054561615, 0.5492042303085327, 7.450579886381092e-08, -0.5492043495178223, 0.8356881141662598),
            ["LeftUpperLeg"] = CFrame.new(-5.960464477539063e-08, -2.3050233721733093e-08, 5.587935447692871e-09, 0.6800941824913025, -0.5532534718513489, -0.48102253675460815, -0.7330319285392761, -0.5027287006378174, -0.45817887783050537, 0.011665218509733677, 0.6642097234725952, -0.7474552989006042),
            ["LeftLowerLeg"] = CFrame.new(-5.960464477539063e-08, -0.0007266998291015625, 0.00008103251457214355, 1, 1.49011640360186e-07, 3.129243850708008e-07, -6.705522537231445e-08, -0.9132183790206909, 0.4074708819389343, 1.4901161193847656e-07, -0.4074707329273224, -0.9132182598114014),
        }},
        {Time = 0.267, Data = {
            ["RightFoot"] = CFrame.new(1.9744038581848145e-07, -1.7881393432617188e-07, -3.3694959711283445e-08, 0.8556320667266846, -0.27584517002105713, 0.4379534125328064, 0.21995240449905396, 0.959728479385376, 0.17476341128349304, -0.46852412819862366, -0.05320456251502037, 0.8818473219871521),
            ["LeftLowerArm"] = CFrame.new(0.0000011622905731201172, -1.7881393432617188e-07, 0.000004373490810394287, 1, 1.7508865823856468e-07, 1.3411046495548362e-07, -1.6763807764164085e-07, 0.9995907545089722, -0.028606995940208435, -1.3411046495548362e-07, 0.028606995940208435, 0.9995907545089722),
            ["RightUpperArm"] = CFrame.new(0.021748244762420654, -0.06919991970062256, 0.017534248530864716, 0.17172978818416595, -0.15931402146816254, -0.9721769094467163, 0.2326461523771286, 0.9654834866523743, -0.11712142080068588, 0.9572799205780029, -0.20605988800525665, 0.2028661072254181),
            ["Head"] = CFrame.new(2.3050233721733093e-08, -7.152557373046875e-07, -2.8172507882118225e-08, 0.9990167617797852, -0.03690548613667488, -0.02457074448466301, 0.04280786216259003, 0.9471725225448608, 0.3178548812866211, 0.011542036198079586, -0.3185942471027374, 0.9478209614753723),
            ["RightHand"] = CFrame.new(3.129243850708008e-07, 0.0000012516975402832031, -7.674098014831543e-07, 0.5246256589889526, -0.0747784897685051, 0.8480422496795654, -0.208342507481575, 0.9545676112174988, 0.21305906772613525, -0.8254461288452148, -0.288459450006485, 0.4852115213871002),
            ["UpperTorso"] = CFrame.new(-1.30385160446167e-08, 2.9802322387695312e-08, -5.21540641784668e-08, 0.956390917301178, 0.04175479710102081, -0.2890899181365967, -0.07600891590118408, 0.9912090301513672, -0.10829342901706696, 0.28202688694000244, 0.12554417550563812, 0.9511569738388062),
            ["HumanoidRootPart"] = CFrame.new(0, 0, 0, 1, 0, 0, 0, 1, 0, 0, 0, 1),
            ["RightUpperLeg"] = CFrame.new(0, 8.800998330116272e-08, -9.145878721028566e-09, 0.9592866897583008, 0.1169654130935669, -0.25707632303237915, -0.21420183777809143, 0.8945522904396057, -0.3922930657863617, 0.184083491563797, 0.43138769268989563, 0.8831863403320312),
            ["LeftUpperArm"] = CFrame.new(0.09093672037124634, 0.0536198616027832, 0.01732134260237217, 0.6187765002250671, 0.29290664196014404, 0.7289181351661682, -0.16565710306167603, 0.9556747674942017, -0.24340012669563293, -0.7679018974304199, 0.02985985390841961, 0.6398709416389465),
            ["RightLowerArm"] = CFrame.new(2.384185791015625e-07, -5.960464477539063e-08, -0.000003896653652191162, 1, -0.000019030652765650302, -0.0000037383292692538816, 0.00001889467421278823, 0.9995212554931641, -0.030942652374505997, 0.000004300848104321631, 0.030942652374505997, 0.9995212554931641),
            ["LeftHand"] = CFrame.new(-0.0000014975666999816895, -0.0000012516975402832031, 1.4901161193847656e-08, 0.12058498710393906, 0.23869870603084564, -0.9635777473449707, 0.3206670582294464, 0.9092581272125244, 0.2653721570968628, 0.9394848942756653, -0.3409876227378845, 0.03310015797615051),
            ["LeftFoot"] = CFrame.new(-4.0978193283081055e-08, -1.1920928955078125e-07, 2.9802322387695312e-08, 0.7293182015419006, 0.45351994037628174, -0.5122644305229187, 0.33151915669441223, 0.42070871591567993, 0.844451904296875, 0.5984898209571838, -0.7856996059417725, 0.1564801186323166),
