return {
    ["Hello Friend"] = {
        {Time = 0.000, Data = {
            ["LeftLowerArm"] = CFrame.new(-7.748603820800781e-07, -0.0000011324882507324219, -4.172325134277344e-07, 1, -1.1175874448099421e-08, -3.352762334429826e-08, -2.421439226907296e-08, 0.9957590699195862, -0.09199972450733185, 7.4505820180093e-08, 0.09199972450733185, 0.9957590699195862),
            ["LeftFoot"] = CFrame.new(-3.562308847904205e-08, 5.960464477539063e-08, 3.725290298461914e-08, 0.9999616146087646, 0.008741478435695171, -0.0005573987727984786, -0.008352753706276417, 0.9324423670768738, -0.3612223267555237, -0.0026375369634479284, 0.36121296882629395, 0.9324795603752136),
            ["RightHand"] = CFrame.new(-7.450580596923828e-08, 7.152557373046875e-07, 3.7997961044311523e-07, 0.9676530361175537, 0.1635085940361023, 0.1921263337135315, -0.15334898233413696, 0.9859176278114319, -0.06671334058046341, -0.20032891631126404, 0.03509296104311943, 0.9790999889373779),
            ["HumanoidRootPart"] = CFrame.new(0, 0, 0, 1, 0, 0, 0, 1, 0, 0, 0, 1),
            ["RightLowerLeg"] = CFrame.new(-7.078051567077637e-08, -0.0000033974647521972656, -0.000013305041647981852, 1, 7.4505820180093e-08, -8.754436464641913e-08, -7.450581485102248e-09, 0.8320317268371582, 0.5547279119491577, -1.3876707782856101e-07, -0.5547281503677368, 0.8320319056510925),
            ["RightFoot"] = CFrame.new(2.60770320892334e-08, 3.5762786865234375e-07, -2.0656443666666746e-08, 0.9992931485176086, 0.03749541565775871, -0.0026982692070305347, -0.03617877885699272, 0.9397398829460144, -0.33997052907943726, -0.010211784392595291, 0.33982816338539124, 0.9404322504997253),
            ["LeftLowerLeg"] = CFrame.new(1.7695128917694092e-08, 0.000004112720489501953, 0.000013187527656555176, 1, 6.891789183782748e-08, 1.1920931797249068e-07, -8.754432201385498e-08, 0.799916684627533, 0.6001113057136536, 2.9103830456733704e-08, -0.600111186504364, 0.7999164462089539),
            ["RightUpperArm"] = CFrame.new(4.76837158203125e-07, -3.5762786865234375e-07, -7.450580596923828e-08, 0.2759200632572174, -0.9170321226119995, 0.2879584729671478, 0.23240672051906586, -0.22704793512821198, -0.9457465410232544, 0.9326603412628174, 0.3278740644454956, 0.15047715604305267),
            ["Head"] = CFrame.new(1.0058283805847168e-07, -1.1920928955078125e-07, -2.3096799850463867e-07, 0.9431729912757874, 0.21205714344978333, -0.2558448612689972, -0.2065485715866089, 0.9772318005561829, 0.048537012189626694, 0.26031234860420227, 0.007065602578222752, 0.9654986262321472),
            ["UpperTorso"] = CFrame.new(-6.06232788413763e-08, -3.2782554626464844e-07, -2.7222995413467288e-08, 0.972415030002594, -0.15475447475910187, 0.17452850937843323, 0.16938090324401855, 0.9829029440879822, -0.07219384610652924, -0.1603722870349884, 0.09976418316364288, 0.9820019602775574),
            ["LeftUpperArm"] = CFrame.new(1.1920928955078125e-07, 0, -2.2724270820617676e-07, 0.29830265045166016, 0.4534027874469757, -0.8399056196212769, -0.14131073653697968, 0.8912511467933655, 0.4309322237968445, 0.9439527988433838, -0.009860602207481861, 0.3299332559108734),
            ["RightLowerArm"] = CFrame.new(-5.960464477539063e-08, 0.0000017881393432617188, -6.402842700481415e-07, 1, -8.195634393359796e-08, 1.3411039390121005e-07, 8.940698137394065e-08, -0.17719320952892303, -0.9841761589050293, 8.009374852235851e-08, 0.9841760396957397, -0.17719314992427826),
            ["LeftHand"] = CFrame.new(-2.9802322387695312e-08, 2.980232238769531e-07, -1.1920928955078125e-07, 0.9380201101303101, -0.056846100836992264, -0.3418871760368347, 0.03880207613110542, 0.9974803328514099, -0.05939300358295441, 0.3444019556045532, 0.04244590178132057, 0.9378622770309448),
            ["cam"] = CFrame.new(0, 0, 0, 1, 0, 0, 0, 1, 0, 0, 0, 1),
            ["LowerTorso"] = CFrame.new(0.004507011733949184, -0.06949543952941895, -0.2987717390060425, 0.9991629123687744, -0.012405848130583763, 0.038983024656772614, 0.012780634686350822, 0.9998743534088135, -0.009379600174725056, -0.03886176645755768, 0.009869975969195366, 0.99919593334198),
            ["RightUpperLeg"] = CFrame.new(-8.940696716308594e-08, -1.0756775736808777e-07, 5.604670150205493e-08, 0.9413732290267944, -0.08072618395090103, -0.32756614685058594, 0.0274371225386858, 0.9860528707504272, -0.16415522992610931, 0.33624938130378723, 0.14554379880428314, 0.9304587841033936),
            ["LeftUpperLeg"] = CFrame.new(5.960464477539063e-08, 1.3597309589385986e-07, -2.2724270820617676e-07, 0.9627068638801575, 0.05960235372185707, 0.2638995945453644, -0.00466117961332202, 0.9789406657218933, -0.20409195125102997, -0.27050668001174927, 0.19525083899497986, 0.942710816860199),
        }},
        {Time = 0.033, Data = {
            ["LeftLowerArm"] = CFrame.new(-6.556510925292969e-07, -2.384185791015625e-07, -7.897615432739258e-07, 1, -6.984922862329768e-09, 4.284087040673512e-08, 0, 0.9990739822387695, -0.04302745684981346, 3.1664978195067306e-08, 0.043027475476264954, 0.9990739822387695),
            ["LeftFoot"] = CFrame.new(1.257285475730896e-08, -1.1920928955078125e-07, -2.9802322387695312e-08, 0.9997197985649109, 0.023628219962120056, -0.0014283241471275687, -0.02260361984372139, 0.9349724650382996, -0.35399919748306274, -0.007029308937489986, 0.35393261909484863, 0.9352446794509888),
            ["RightHand"] = CFrame.new(2.5331974029541016e-07, 1.7881393432617188e-07, 1.1920928955078125e-07, 0.9248694181442261, 0.30042460560798645, 0.23315609991550446, -0.16743052005767822, 0.8721732497215271, -0.4596530795097351, -0.34144362807273865, 0.38608160614967346, 0.8569465279579163),
            ["HumanoidRootPart"] = CFrame.new(0, 0, 0, 1, 0, 0, 0, 1, 0, 0, 0, 1),
            ["RightLowerLeg"] = CFrame.new(5.21540641784668e-08, -0.000003635883331298828, -0.000013245437003206462, 1, -1.0803340444454079e-07, 1.862645371275562e-09, 1.378357268322361e-07, 0.8395578265190125, 0.5432698726654053, -1.4901159772762185e-07, -0.5432702898979187, 0.8395582437515259),
            ["RightFoot"] = CFrame.new(2.0489096641540527e-08, 4.172325134277344e-07, 1.6952981241047382e-09, 0.9984529614448547, 0.05547615513205528, -0.003760130610316992, -0.05360462889075279, 0.9423879384994507, -0.33019891381263733, -0.014774594455957413, 0.32989001274108887, 0.9439039826393127),
            ["LeftLowerLeg"] = CFrame.new(7.078051567077637e-08, 0.0000036954879760742188, 0.000013247132301330566, 1, 5.960463766996327e-08, 1.1175870895385742e-08, -8.381902460996571e-08, 0.8022798299789429, 0.5969477891921997, 4.703178291265431e-08, -0.5969480872154236, 0.802280068397522),
            ["RightUpperArm"] = CFrame.new(5.960464477539062e-07, 0, -1.7881393432617188e-07, 0.3579217791557312, -0.8763684034347534, 0.32228922843933105, 0.2504592537879944, -0.2424020916223526, -0.9372895359992981, 0.8995344042778015, 0.41619664430618286, 0.1327335387468338),
            ["Head"] = CFrame.new(1.0989606380462646e-07, -1.1920928955078125e-07, -2.7194619178771973e-07, 0.9651338458061218, 0.1319596916437149, -0.2260604351758957, -0.12475204467773438, 0.9911237359046936, 0.045943181961774826, 0.23011650145053864, -0.016139833256602287, 0.9730293154716492),
            ["UpperTorso"] = CFrame.new(-5.587935447692871e-08, -5.960464477539063e-08, -5.3551048040390015e-09, 0.9855514168739319, -0.11370199173688889, 0.12554050981998444, 0.12492349743843079, 0.9884807467460632, -0.08544079214334488, -0.11437957733869553, 0.09988924115896225, 0.9884024858474731),
            ["LeftUpperArm"] = CFrame.new(-1.1920928955078125e-07, 3.5762786865234375e-07, -2.849847078323364e-07, 0.3635026216506958, 0.3984432518482208, -0.8420860767364502, -0.09633329510688782, 0.9151512384414673, 0.39143088459968567, 0.9265990853309631, -0.06116524338722229, 0.37104320526123047),
            ["RightLowerArm"] = CFrame.new(1.1920928955078125e-07, 0.0000013709068298339844, -4.814937710762024e-07, 1, -8.195636524988004e-08, 1.2665987014770508e-07, 1.1175875158642157e-07, -0.033999182283878326, -0.9994218349456787, 8.568170528633345e-08, 0.9994218945503235, -0.03399915620684624),
            ["LeftHand"] = CFrame.new(-8.940696716308594e-08, 2.980232238769531e-07, -2.5331974029541016e-07, 0.9493895769119263, -0.05661046504974365, -0.30895760655403137, 0.1267451047897339, 0.9690343141555786, 0.2119157612323761, 0.2873938977718353, -0.2403494417667389, 0.9271660447120667),
            ["cam"] = CFrame.new(0, 0, 0, 1, 0, 0, 0, 1, 0, 0, 0, 1),
            ["LowerTorso"] = CFrame.new(-0.02039717137813568, -0.0663750171661377, -0.3023529648780823, 0.9981213808059692, -0.01305069588124752, 0.05986243858933449, 0.013610691763460636, 0.9998672604560852, -0.008956480771303177, -0.05973760038614273, 0.00975442212074995, 0.998166561126709),
            ["RightUpperLeg"] = CFrame.new(5.960464477539063e-08, -5.513429641723633e-07, -3.336026566103101e-08, 0.9363398551940918, -0.09507467597723007, -0.3379770815372467, 0.0440773144364357, 0.9868530035018921, -0.15549376606941223, 0.34831705689430237, 0.13069790601730347, 0.9282203912734985),
            ["LeftUpperLeg"] = CFrame.new(0, -6.612390279769897e-08, -2.775341272354126e-07, 0.9675984382629395, 0.041787974536418915, 0.24901233613491058, 0.010002399794757366, 0.9790918231010437, -0.20317251980304718, -0.25229576230049133, 0.19908015429973602, 0.94694983959198),
        }},
        {Time = 0.067, Data = {
            ["LeftLowerArm"] = CFrame.new(-3.8743019104003906e-07, -0.0000014901161193847656, 2.980232238769531e-07, 1, -4.65661453841193e-10, -5.401671643312511e-08, 7.450584149637507e-09, 0.9977975487709045, -0.06633313000202179, -4.6566150047056e-08, 0.0663331151008606, 0.9977976083755493),
            ["LeftFoot"] = CFrame.new(-2.2351741790771484e-08, 0, -1.4901161193847656e-08, 0.999435305595398, 0.033576060086488724, -0.0013160498347133398, -0.032125841826200485, 0.9433181881904602, -0.33033090829849243, -0.0098495502024889, 0.33018699288368225, 0.9438643455505371),
            ["RightHand"] = CFrame.new(2.9802322387695312e-08, 6.556510925292969e-07, 8.940696716308594e-08, 0.9097696542739868, 0.3572668135166168, 0.21137599647045135, -0.14233027398586273, 0.7467985153198242, -0.6496415734291077, -0.3899506628513336, 0.5609388947486877, 0.73026442527771),
            ["HumanoidRootPart"] = CFrame.new(0, 0, 0, 1, 0, 0, 0, 1, 0, 0, 0, 1),
            ["RightLowerLeg"] = CFrame.new(2.9802322387695312e-08, -0.0000035762786865234375, -0.000013200733519624919, 1, -1.341104365337742e-07, -4.842878453814592e-08, 1.0803344707710494e-07, 0.8575476408004761, 0.5144044160842896, -1.5925620289181097e-07, -0.5144045948982239, 0.8575477004051208),
            ["RightFoot"] = CFrame.new(3.91155481338501e-08, 3.5762786865234375e-07, 1.6596459317952394e-08, 0.9972957372665405, 0.07333192974328995, -0.0048653981648385525, -0.07115022093057632, 0.9468041658401489, -0.3138459324836731, -0.018408380448818207, 0.31334373354911804, 0.9494615197181702),
            ["LeftLowerLeg"] = CFrame.new(-1.30385160446167e-07, 0.000004291534423828125, 0.000013336539268493652, 1, 7.82310962677002e-08, 1.0058285937475375e-07, -1.1734665861240501e-07, 0.8067135214805603, 0.5909430384635925, 1.6298146832127713e-08, -0.5909428596496582, 0.8067132830619812),
            ["RightUpperArm"] = CFrame.new(4.76837158203125e-07, -1.1920928955078125e-07, -2.9802322387695312e-08, 0.3939293622970581, -0.8605435490608215, 0.3229309320449829, 0.28297159075737, -0.22072991728782654, -0.9333838820457458, 0.8744980096817017, 0.4590676426887512, 0.15655730664730072),
            ["Head"] = CFrame.new(4.470348358154297e-08, -4.76837158203125e-07, -1.2665987014770508e-07, 0.9750075936317444, 0.05277223140001297, -0.21581333875656128, -0.045809365808963776, 0.998259425163269, 0.0371427945792675, 0.21739785373210907, -0.02632822096347809, 0.9757279753684998),
            ["UpperTorso"] = CFrame.new(-5.960464477539063e-08, 2.9802322387695312e-08, -1.1175870895385742e-08, 0.9935479164123535, -0.0888928472995758, 0.07043249905109406, 0.09525629878044128, 0.9911143779754639, -0.0928364247083664, -0.061554186046123505, 0.09894657135009766, 0.9931871294975281),
            ["LeftUpperArm"] = CFrame.new(-1.1920928955078125e-07, 0, -1.2479722499847412e-07, 0.42529988288879395, 0.3494728207588196, -0.8348585963249207, -0.06180982664227486, 0.93150395154953, 0.358441025018692, 0.9029394388198853, -0.10084247589111328, 0.4177693724632263),
            ["RightLowerArm"] = CFrame.new(-1.1920928955078125e-07, 0.0000017881393432617188, -1.4388933777809143e-07, 1, -9.685753354915505e-08, 1.1175870895385742e-07, 1.1175875158642157e-07, 0.30327650904655457, -0.9529027342796326, 6.705524668859653e-08, 0.9529026746749878, 0.303276389837265),
            ["LeftHand"] = CFrame.new(-2.9802322387695312e-08, 2.384185791015625e-07, -1.4901161193847656e-08, 0.9584389328956604, -0.09502353519201279, -0.26900798082351685, 0.20145876705646515, 0.893064022064209, 0.40230730175971985, 0.20201273262500763, -0.43978098034858704, 0.8750906586647034),
            ["cam"] = CFrame.new(0, 0, 0, 1, 0, 0, 0, 1, 0, 0, 0, 1),
            ["LowerTorso"] = CFrame.new(-0.03699948638677597, -0.058234453201293945, -0.3104920983314514, 0.9941142797470093, -0.013051304966211319, 0.10754816234111786, 0.014073891565203667, 0.9998626708984375, -0.008754629641771317, -0.10741911828517914, 0.010216721333563328, 0.9941614270210266),
            ["RightUpperLeg"] = CFrame.new(-1.7881393432617188e-07, -1.2246891856193542e-07, 4.85961209051311e-08, 0.923915684223175, -0.10357942432165146, -0.36830848455429077, 0.060626644641160965, 0.9901288747787476, -0.12636983394622803, 0.3777623474597931, 0.09442572295665741, 0.9210752248764038),
            ["LeftUpperLeg"] = CFrame.new(5.960464477539063e-08, 4.032626748085022e-07, -2.1979212760925293e-07, 0.9781826734542847, 0.02310066483914852, 0.20645786821842194, 0.020869895815849304, 0.9778441190719604, -0.20829173922538757, -0.20669560134410858, 0.20805612206459045, 0.9560281038284302),
        }},
        {Time = 0.100, Data = {
            ["LeftLowerArm"] = CFrame.new(-2.682209014892578e-07, -7.152557373046875e-07, -2.980232238769531e-07, 1, -1.3969836398786128e-09, -5.820767512432212e-08, 3.725290298461914e-09, 0.9925912022590637, -0.12150219082832336, 2.9802322387695312e-08, 0.12150218337774277, 0.9925912022590637),
            ["LeftFoot"] = CFrame.new(3.91155481338501e-08, -5.960464477539063e-08, 1.4901161193847656e-08, 0.9994710683822632, 0.032521504908800125, -0.00030328650609590113, -0.031097305938601494, 0.9528834819793701, -0.30173829197883606, -0.009523659013211727, 0.3015882968902588, 0.9533907771110535),
            ["RightHand"] = CFrame.new(-4.172325134277344e-07, 9.5367431640625e-07, -3.725290298461914e-08, 0.921615719795227, 0.3115974962711334, 0.2313690185546875, -0.16617564857006073, 0.855562686920166, -0.49030429124832153, -0.35072818398475647, 0.4134242534637451, 0.8402798771858215),
            ["HumanoidRootPart"] = CFrame.new(0, 0, 0, 1, 0, 0, 0, 1, 0, 0, 0, 1),
            ["RightLowerLeg"] = CFrame.new(7.450580596923828e-08, -0.0000035762786865234375, -0.000013275239325594157, 1, -9.313225746154785e-08, 2.9802315282267955e-08, 4.656612162534657e-08, 0.8839794993400574, 0.46752554178237915, -5.727633123342457e-08, -0.46752578020095825, 0.8839794993400574),
            ["RightFoot"] = CFrame.new(-3.5390257835388184e-08, 2.384185791015625e-07, -2.8107024263590574e-08, 0.9965428709983826, 0.08289334923028946, -0.005567664280533791, -0.08092917501926422, 0.9534124135971069, -0.29061159491539, -0.01878189481794834, 0.29005759954452515, 0.9568250179290771),
            ["LeftLowerLeg"] = CFrame.new(4.0978193283081055e-08, 0.000003874301910400391, 0.000013381242752075195, 1, -7.4505797087454084e-09, 5.5879341154252415e-09, -3.725290653733282e-08, 0.8069865107536316, 0.5905699729919434, -1.1827798118702049e-07, -0.5905699133872986, 0.8069864511489868),
            ["RightUpperArm"] = CFrame.new(4.76837158203125e-07, 1.1920928955078125e-07, -4.470348358154297e-08, 0.34908661246299744, -0.8978471755981445, 0.2683447301387787, 0.31195080280303955, -0.15868504345417023, -0.9367529153823853, 0.8836432099342346, 0.41071829199790955, 0.22468920052051544),
            ["Head"] = CFrame.new(2.7939677238464355e-08, 0, -6.332993507385254e-08, 0.9698583483695984, 0.07802359759807587, -0.23084016144275665, -0.07255004346370697, 0.9968475103378296, 0.032118991017341614, 0.23261843621730804, -0.014403412118554115, 0.9724614024162292),
            ["UpperTorso"] = CFrame.new(-5.960464477539063e-08, -6.258487701416016e-07, -1.0710209608078003e-08, 0.99424147605896, -0.10313522815704346, 0.029107404872775078, 0.10544482618570328, 0.9899700880050659, -0.0940253958106041, -0.01911812275648117, 0.09655317664146423, 0.995144248008728),
            ["LeftUpperArm"] = CFrame.new(-1.1920928955078125e-07, 1.1920928955078125e-07, -1.9371509552001953e-07, 0.469038188457489, 0.3418591618537903, -0.8143314123153687, -0.051794108003377914, 0.9311071038246155, 0.3610497713088989, 0.8816579580307007, -0.12716850638389587, 0.45443108677864075),
            ["RightLowerArm"] = CFrame.new(5.960464477539063e-08, 0.0000017285346984863281, -5.923211574554443e-07, 1, -2.9802318834981634e-08, 7.450578820566989e-09, 8.940698137394065e-08, 0.6546615362167358, -0.7559221982955933, 2.980232594040899e-08, 0.7559221386909485, 0.6546615362167358),
            ["LeftHand"] = CFrame.new(1.4901161193847656e-08, 5.960464477539062e-07, -1.1920928955078125e-07, 0.9597456455230713, -0.1483534574508667, -0.23849472403526306, 0.24900564551353455, 0.8422532677650452, 0.4781273603439331, 0.12994106113910675, -0.5182670950889587, 0.8452895879745483),
            ["cam"] = CFrame.new(0, 0, 0, 1, 0, 0, 0, 1, 0, 0, 0, 1),
            ["LowerTorso"] = CFrame.new(-0.03607625886797905, -0.04805898666381836, -0.3196078836917877, 0.9864720106124878, -0.016187597066164017, 0.16312864422798157, 0.017787860706448555, 0.9998068809509277, -0.008353883400559425, -0.1629619002342224, 0.011142581701278687, 0.9865695238113403),
            ["RightUpperLeg"] = CFrame.new(-5.960464477539063e-08, -8.824281394481659e-07, 2.438173396512866e-08, 0.9085121750831604, -0.0932113528251648, -0.407329261302948, 0.06561917811632156, 0.9945333003997803, -0.08122669160366058, 0.4126739501953125, 0.04706674441695213, 0.909662127494812),
            ["LeftUpperLeg"] = CFrame.new(-5.960464477539063e-08, -4.637986421585083e-07, -2.3469328880310059e-07, 0.9883777499198914, 0.016521982848644257, 0.15111735463142395, 0.017873352393507957, 0.9745515584945679, -0.22345000505447388, -0.1509636640548706, 0.22355405986309052, 0.9629297256469727),
        }},
        {Time = 0.133, Data = {
            ["LeftLowerArm"] = CFrame.new(-9.834766387939453e-07, -4.172325134277344e-07, -8.940696716308594e-08, 1, -3.539026138810186e-08, -5.8789751733456797e-08, 1.1175873559921001e-08, 0.9823988080024719, -0.1867956966161728, 5.587936779960501e-09, 0.1867956817150116, 0.9823988676071167),
            ["LeftFoot"] = CFrame.new(-6.51925802230835e-09, -5.960464477539063e-08, 2.2351741790771484e-08, 0.9997372627258301, 0.02291729673743248, 0.0004219893889967352, -0.0219070166349411, 0.9607486128807068, -0.27655380964279175, -0.006743081845343113, 0.27647221088409424, 0.9609983563423157),
            ["RightHand"] = CFrame.new(5.960464477539063e-08, 0, -1.862645149230957e-07, 0.968705952167511, 0.16147096455097198, 0.1885097324848175, -0.15511001646518707, 0.9867245554924011, -0.048121318221092224, -0.19377730786800385, 0.017375634983181953, 0.9808916449546814),
            ["HumanoidRootPart"] = CFrame.new(0, 0, 0, 1, 0, 0, 0, 1, 0, 0, 0, 1),
            ["RightLowerLeg"] = CFrame.new(-2.9802322387695312e-08, -0.000003814697265625, -0.000013308766938280314, 1, -9.499491682163352e-08, -3.3527619791584584e-08, 9.033823289428256e-08, 0.9073600172996521, 0.4203539192676544, -8.19563368281706e-08, -0.4203543961048126, 0.907360315322876),
            ["RightFoot"] = CFrame.new(5.587935447692871e-09, 2.980232238769531e-07, -2.8107024263590574e-08, 0.9965488314628601, 0.08280850946903229, -0.005777385085821152, -0.08129894733428955, 0.9595850706100464, -0.2694195806980133, -0.01676671765744686, 0.2689599394798279, 0.9630056619644165),
            ["LeftLowerLeg"] = CFrame.new(6.705522537231445e-08, 0.0000036954879760742188, 0.000013366341590881348, 1, 6.70552182668871e-08, -3.8184211348379904e-08, -3.5390257835388184e-08, 0.8053998351097107, 0.5927315950393677, -8.102506399154663e-08, -0.5927318930625916, 0.805400013923645),
            ["RightUpperArm"] = CFrame.new(3.5762786865234375e-07, -2.384185791015625e-07, -7.450580596923828e-08, 0.24202995002269745, -0.9549455046653748, 0.17175805568695068, 0.34086307883262634, -0.08205357939004898, -0.936525285243988, 0.9084239602088928, 0.28521305322647095, 0.30564621090888977),
            ["Head"] = CFrame.new(1.30385160446167e-08, -5.960464477539062e-07, -2.086162567138672e-07, 0.950522243976593, 0.1591828614473343, -0.26677417755126953, -0.15498195588588715, 0.9872291088104248, 0.03687068819999695, 0.26923635601997375, 0.006298757623881102, 0.9630535244941711),
            ["UpperTorso"] = CFrame.new(-8.754432201385498e-08, 2.9802322387695312e-08, -7.869675755500793e-08, 0.9896412491798401, -0.1426062434911728, 0.016544362530112267, 0.14353087544441223, 0.9852567911148071, -0.0931028425693512, -0.003023391356691718, 0.09451305121183395, 0.9955190420150757),
            ["LeftUpperArm"] = CFrame.new(4.172325134277344e-07, 2.384185791015625e-07, -1.9371509552001953e-07, 0.48786455392837524, 0.3683602213859558, -0.7913904786109924, -0.05755211040377617, 0.918202817440033, 0.39190736413002014, 0.8710200786590576, -0.14565154910087585, 0.46915844082832336),
            ["RightLowerArm"] = CFrame.new(1.1920928955078125e-07, 0.0000013709068298339844, 1.9744038581848145e-07, 1, -1.4901159417490817e-08, 7.4505797087454084e-09, 5.960464477539063e-08, 0.8687297105789185, -0.4952865242958069, 3.725290298461914e-08, 0.4952865242958069, 0.8687296509742737),
            ["LeftHand"] = CFrame.new(-1.4901161193847656e-07, 1.7881393432617188e-07, -2.421438694000244e-07, 0.9540514945983887, -0.21371100842952728, -0.2100318968296051, 0.2853655517101288, 0.8618128895759583, 0.4193389117717743, 0.09139075130224228, -0.46000686287879944, 0.8831995725631714),
            ["cam"] = CFrame.new(0, 0, 0, 1, 0, 0, 0, 1, 0, 0, 0, 1),
            ["LowerTorso"] = CFrame.new(-0.020856177434325218, -0.03937530517578125, -0.32709598541259766, 0.977805495262146, -0.01973940059542656, 0.20858295261859894, 0.021910082548856735, 0.9997271299362183, -0.008101261220872402, -0.20836614072322845, 0.012491527013480663, 0.9779711961746216),
            ["RightUpperLeg"] = CFrame.new(-1.4901161193847656e-07, -4.721805453300476e-07, -9.85528458841145e-08, 0.8948944807052612, -0.07100510597229004, -0.4405926764011383, 0.06100023165345192, 0.9974573850631714, -0.03685009852051735, 0.44208914041519165, 0.006100603844970465, 0.8969504833221436),
            ["LeftUpperLeg"] = CFrame.new(-1.1920928955078125e-07, -3.91155481338501e-08, -3.725290298461914e-07, 0.9945846199989319, 0.019468924030661583, 0.1020900085568428, 0.005617500748485327, 0.9707913398742676, -0.23985949158668518, -0.10377801954746246, 0.23913408815860748, 0.9654247760772705),
        }},
        {Time = 0.167, Data = {
            ["LeftLowerArm"] = CFrame.new(-4.172325134277344e-07, -9.5367431640625e-07, 0, 1, -2.328306969445748e-08, 3.6438002837257955e-08, 2.980232594040899e-08, 0.9705905318260193, -0.24073678255081177, 9.313226634333205e-09, 0.24073678255081177, 0.9705905318260193),
            ["LeftFoot"] = CFrame.new(3.725290298461914e-09, 0, -1.4901161193847656e-08, 0.9999623894691467, 0.008679426275193691, 0.0003020809090230614, -0.008311957120895386, 0.9665351510047913, -0.2563993036746979, -0.0025169975124299526, 0.25638747215270996, 0.9665709733963013),
            ["RightHand"] = CFrame.new(3.5762786865234375e-07, -1.1920928955078125e-07, 7.115304470062256e-07, 0.9992109537124634, -0.002085962099954486, -0.039662640541791916, 0.019983097910881042, 0.8894204497337341, 0.4566528797149658, 0.03432421758770943, -0.4570852518081665, 0.8887603878974915),
            ["HumanoidRootPart"] = CFrame.new(0, 0, 0, 1, 0, 0, 0, 1, 0, 0, 0, 1),
            ["RightLowerLeg"] = CFrame.new(2.9802322387695312e-08, -0.000003874301910400391, -0.000013286415196489543, 1, -1.1734663019069558e-07, 1.303851249190302e-08, 1.2665985593685036e-07, 0.9078769087791443, 0.41923657059669495, -1.0943039363553453e-08, -0.419236958026886, 0.9078770279884338),
            ["RightFoot"] = CFrame.new(-7.450580596923828e-09, 3.5762786865234375e-07, -5.045876605436206e-08, 0.9973097443580627, 0.07310834527015686, -0.0053403438068926334, -0.07180130481719971, 0.9596112966537476, -0.27201172709465027, -0.014762161299586296, 0.271664023399353, 0.9622791409492493),
            ["LeftLowerLeg"] = CFrame.new(3.5390257835388184e-08, 0.000003814697265625, 0.000013276934623718262, 1, 1.7229473314728239e-07, -8.381905836074566e-09, -1.2107194891086692e-07, 0.8128668665885925, 0.5824496150016785, -6.309711153562603e-08, -0.5824496150016785, 0.8128668665885925),
            ["RightUpperArm"] = CFrame.new(4.76837158203125e-07, -2.384185791015625e-07, -1.341104507446289e-07, 0.10495591908693314, -0.991820752620697, 0.072634756565094, 0.36818161606788635, -0.02909451723098755, -0.9292986392974854, 0.9238109588623047, 0.124278225004673, 0.3621164560317993),
            ["Head"] = CFrame.new(0, -4.76837158203125e-07, -1.7136335372924805e-07, 0.9165409803390503, 0.25002801418304443, -0.3121517300605774, -0.24735301733016968, 0.9676944017410278, 0.04882711172103882, 0.3142755627632141, 0.03245960548520088, 0.9487766623497009),
            ["UpperTorso"] = CFrame.new(-4.493631422519684e-08, -4.76837158203125e-07, 3.725290298461914e-09, 0.9804688096046448, -0.19216422736644745, 0.04188060015439987, 0.19517746567726135, 0.9769152998924255, -0.08684726804494858, -0.024224845692515373, 0.0933251827955246, 0.9953410029411316),
            ["LeftUpperArm"] = CFrame.new(-1.1920928955078125e-07, 1.1920928955078125e-07, -2.2351741790771484e-07, 0.4953504502773285, 0.4089200496673584, -0.7664283514022827, -0.07228736579418182, 0.8986208438873291, 0.43272989988327026, 0.8656803965568542, -0.15894992649555206, 0.4746920168399811),
            ["RightLowerArm"] = CFrame.new(-4.172325134277344e-07, 0.000001430511474609375, 6.332993507385254e-08, 1, -2.980232594040899e-08, -2.2351738238057806e-08, 4.4703490686970326e-08, 0.9301612377166748, -0.36715129017829895, 7.450581485102248e-09, 0.36715131998062134, 0.9301612973213196),
            ["LeftHand"] = CFrame.new(2.2351741790771484e-08, 3.5762786865234375e-07, -4.0978193283081055e-08, 0.9464144706726074, -0.26770445704460144, -0.18064922094345093, 0.30956363677978516, 0.9113786816596985, 0.27121788263320923, 0.09203357994556427, -0.3126069903373718, 0.9454135894775391),
            ["cam"] = CFrame.new(0, 0, 0, 1, 0, 0, 0, 1, 0, 0, 0, 1),
            ["LowerTorso"] = CFrame.new(0.002664996776729822, -0.035440921783447266, -0.33002614974975586, 0.9738855957984924, -0.012960793450474739, 0.22666944563388824, 0.015511655248701572, 0.9998348355293274, -0.00947602093219757, -0.22650916874408722, 0.01274457760155201, 0.9739257097244263),
            ["RightUpperLeg"] = CFrame.new(-2.980232238769531e-07, -3.9907172322273254e-07, 3.742025000974536e-08, 0.8884866237640381, -0.06451977044343948, -0.4543440341949463, 0.057408854365348816, 0.9979164004325867, -0.029445741325616837, 0.4552974998950958, 0.00007862874917918816, 0.8903395533561707),
            ["LeftUpperLeg"] = CFrame.new(1.1920928955078125e-07, 1.4202669262886047e-07, -2.514570951461792e-07, 0.99647057056427, 0.02186306193470955, 0.08104603737592697, -0.001718637766316533, 0.9705982804298401, -0.2406994104385376, -0.08392585813999176, 0.23971055448055267, 0.967210054397583),
        }},
        {Time = 0.200, Data = {
            ["LeftLowerArm"] = CFrame.new(-8.940696716308594e-07, -0.0000010132789611816406, -3.6135315895080566e-07, 1, -2.7939680791178034e-08, -3.1315725124159144e-08, 2.60770320892334e-08, 0.9648352265357971, -0.2628556787967682, 9.313225746154785e-09, 0.2628556787967682, 0.9648351669311523),
            ["LeftFoot"] = CFrame.new(3.026798367500305e-08, 0, -1.4901161193847656e-08, 0.9999723434448242, -0.007448908872902393, -0.00018800199904944748, 0.0071433959528803825, 0.9655634164810181, -0.2600696086883545, 0.0021193870343267918, 0.26006144285202026, 0.9655899405479431),
            ["RightHand"] = CFrame.new(-8.940696716308594e-08, 0.0000010132789611816406, 2.086162567138672e-07, 0.9442550539970398, -0.04459691047668457, -0.32618045806884766, 0.279817670583725, 0.6307207345962524, 0.7238048911094666, 0.17344930768013, -0.774727463722229, 0.6080400943756104),
            ["HumanoidRootPart"] = CFrame.new(0, 0, 0, 1, 0, 0, 0, 1, 0, 0, 0, 1),
            ["RightLowerLeg"] = CFrame.new(-2.9802322387695312e-08, -0.000003814697265625, -0.000013305041647981852, 1, -7.078052277620372e-08, -5.960465188081798e-08, 7.35744833946228e-08, 0.8965670466423035, 0.4429077208042145, -1.2246891856193542e-07, -0.4429081082344055, 0.8965672850608826),
            ["RightFoot"] = CFrame.new(1.0244548320770264e-08, 2.384185791015625e-07, -2.0656443666666746e-08, 0.9984768033027649, 0.05501091852784157, -0.004246769472956657, -0.05390489473938942, 0.9561929106712341, -0.2877311408519745, -0.011768258176743984, 0.28752216696739197, 0.9577018618583679),
            ["LeftLowerLeg"] = CFrame.new(1.3271346688270569e-08, 0.0000037550926208496094, 0.000013366341590881348, 1, 1.2072264610196726e-07, -1.1757944662349473e-07, -5.8673322200775146e-08, 0.8134037852287292, 0.5816988945007324, -5.273614078760147e-08, -0.5816996097564697, 0.8134042024612427),
            ["RightUpperArm"] = CFrame.new(4.76837158203125e-07, 0, -8.940696716308594e-08, -0.009316151961684227, -0.9998902678489685, 0.011516622267663479, 0.3756535053253174, -0.014173151925206184, -0.9266518950462341, 0.9267134666442871, -0.004306576680392027, 0.3757443130016327),
            ["Head"] = CFrame.new(1.1920928955078125e-07, -9.5367431640625e-07, -1.564621925354004e-07, 0.8804625868797302, 0.3288422226905823, -0.34153831005096436, -0.3284086287021637, 0.942569375038147, 0.06091589108109474, 0.3419552743434906, 0.058529943227767944, 0.9378917217254639),
            ["UpperTorso"] = CFrame.new(-7.636845111846924e-08, -5.960464477539063e-08, -4.6100467443466187e-08, 0.9676204919815063, -0.23542837798595428, 0.09101677685976028, 0.2422930896282196, 0.9674139022827148, -0.07351495325565338, -0.0707433819770813, 0.09318733215332031, 0.9931322336196899),
            ["LeftUpperArm"] = CFrame.new(-2.384185791015625e-07, 2.384185791015625e-07, -3.129243850708008e-07, 0.5166383981704712, 0.45472952723503113, -0.7254694104194641, -0.1048172190785408, 0.8745267391204834, 0.4735148251056671, 0.8497635722160339, -0.16859424114227295, 0.4994775652885437),
            ["RightLowerArm"] = CFrame.new(5.960464477539063e-08, 9.5367431640625e-07, 4.824250936508179e-07, 1, 0, 1.1175869119028903e-08, 3.72529100900465e-08, 0.868194043636322, -0.49622488021850586, 3.725291186640334e-09, 0.4962248206138611, 0.868194043636322),
            ["LeftHand"] = CFrame.new(7.450580596923828e-08, 0, -2.0116567611694336e-07, 0.9443973302841187, -0.27963992953300476, -0.1729605346918106, 0.29645800590515137, 0.9516854882240295, 0.08004645258188248, 0.1422199010848999, -0.12687116861343384, 0.981670618057251),
            ["cam"] = CFrame.new(0, 0, 0, 1, 0, 0, 0, 1, 0, 0, 0, 1),
            ["LowerTorso"] = CFrame.new(0.0280303917825222, -0.03842496871948242, -0.327096164226532, 0.9784330129623413, -0.009775500744581223, 0.20633329451084137, 0.01217476837337017, 0.9998722076416016, -0.010361596941947937, -0.20620563626289368, 0.012650186195969582, 0.978426992893219),
            ["RightUpperLeg"] = CFrame.new(-8.940696716308594e-08, -4.773028194904327e-07, -7.992639439180493e-08, 0.8945157527923584, -0.05897917225956917, -0.44312816858291626, 0.04324762150645256, 0.9980262517929077, -0.04553353041410446, 0.4449397325515747, 0.021566225215792656, 0.895301103591919),
            ["LeftUpperLeg"] = CFrame.new(8.940696716308594e-08, 2.2910535335540771e-07, -2.868473529815674e-07, 0.9963060021400452, 0.034817885607481, 0.0784989669919014, -0.015022014267742634, 0.9706853032112122, -0.2398841381072998, -0.08455054461956024, 0.23781879246234894, 0.9676225781440735),
        }},
        {Time = 0.233, Data = {
            ["LeftLowerArm"] = CFrame.new(-8.940696716308594e-07, 1.1920928955078125e-07, -3.1851232051849365e-07, 1, -2.2351745343485163e-08, -5.5821168132297316e-08, 2.980232949312267e-08, 0.9708951711654663, -0.2395050823688507, 8.381904947896146e-09, 0.23950500786304474, 0.9708952307701111),
            ["LeftFoot"] = CFrame.new(3.026798367500305e-08, 5.960464477539063e-08, 2.9802322387695312e-08, 0.99977046251297, -0.021423375234007835, -0.00019782774324994534, 0.02047852799296379, 0.9583134055137634, -0.2849847078323364, 0.006295203231275082, 0.2849152088165283, 0.9585321545600891),
            ["RightHand"] = CFrame.new(1.9371509552001953e-07, 2.980232238769531e-07, -3.725290298461914e-08, 0.8929601311683655, -0.025771159678697586, -0.449397474527359, 0.40277257561683655, 0.49151894450187683, 0.7721291780471802, 0.20098866522312164, -0.8704854846000671, 0.4492867887020111),
            ["HumanoidRootPart"] = CFrame.new(0, 0, 0, 1, 0, 0, 0, 1, 0, 0, 0, 1),
            ["RightLowerLeg"] = CFrame.new(9.313225746154785e-08, -0.0000036954879760742188, -0.000013215634680818766, 1, -4.842878453814592e-08, 9.313229298868464e-09, 2.6077039194660756e-08, 0.8837446570396423, 0.46796923875808716, 2.2817408407149742e-08, -0.46796953678131104, 0.8837447762489319),
            ["RightFoot"] = CFrame.new(-5.3085386753082275e-08, 2.384185791015625e-07, 2.4047039914876223e-08, 0.9993189573287964, 0.03678370267152786, -0.002923802472651005, -0.03594566509127617, 0.9525294899940491, -0.30231669545173645, -0.008336140774190426, 0.30221614241600037, 0.9532031416893005),
            ["LeftLowerLeg"] = CFrame.new(-3.725290298461914e-09, 0.000003874301910400391, 0.000013232231140136719, 1, 1.1548401346317405e-07, 1.4901164746561335e-08, -1.0244548320770264e-07, 0.8031961917877197, 0.5957148671150208, 7.916241884231567e-08, -0.5957147479057312, 0.8031960129737854),
            ["RightUpperArm"] = CFrame.new(5.960464477539062e-07, 4.76837158203125e-07, -1.341104507446289e-07, -0.06075171381235123, -0.9980496764183044, 0.014355149120092392, 0.3557034730911255, -0.035085055977106094, -0.9339402318000793, 0.9326223134994507, -0.051632124930620193, 0.35714104771614075),
            ["Head"] = CFrame.new(3.91155481338501e-08, -1.1920928955078125e-07, -2.682209014892578e-07, 0.8635066747665405, 0.3647867441177368, -0.34826263785362244, -0.3659319281578064, 0.9283624291419983, 0.06509348750114441, 0.3470591604709625, 0.07123171538114548, 0.9351341724395752),
            ["UpperTorso"] = CFrame.new(-4.0978193283081055e-08, -1.4901161193847656e-07, 6.05359673500061e-09, 0.9558227062225342, -0.2558963894844055, 0.14463792741298676, 0.2664782404899597, 0.9620375037193298, -0.05893353000283241, -0.12406627088785172, 0.0948728546500206, 0.9877280592918396),
            ["LeftUpperArm"] = CFrame.new(-1.1920928955078125e-07, 1.1920928955078125e-07, -3.5762786865234375e-07, 0.5489556789398193, 0.4872967004776001, -0.6791094541549683, -0.14329467713832855, 0.8553136587142944, 0.4979008436203003, 0.823477029800415, -0.17601270973682404, 0.5393562912940979),
            ["RightLowerArm"] = CFrame.new(2.384185791015625e-07, 0.0000017285346984863281, 2.8870999813079834e-07, 1, -7.450577044210149e-08, 4.8428763221863846e-08, 5.960463766996327e-08, 0.6517537832260132, -0.7584306597709656, 2.607702853651972e-08, 0.7584307193756104, 0.6517536640167236),
            ["LeftHand"] = CFrame.new(1.1175870895385742e-08, 2.980232238769531e-07, -1.564621925354004e-07, 0.9465433955192566, -0.25000202655792236, -0.20384924113750458, 0.23723958432674408, 0.9677064418792725, -0.08521518856287003, 0.218570277094841, 0.032298747450113297, 0.975286602973938),
            ["cam"] = CFrame.new(0, 0, 0, 1, 0, 0, 0, 1, 0, 0, 0, 1),
            ["LowerTorso"] = CFrame.new(0.044632688164711, -0.04642987251281738, -0.3196081817150116, 0.9870466589927673, -0.014561236836016178, 0.1597718596458435, 0.016364192590117455, 0.999816358089447, -0.00997457280755043, -0.1595972776412964, 0.012459903955459595, 0.9871036410331726),
            ["RightUpperLeg"] = CFrame.new(-1.1920928955078125e-07, -3.3061951398849487e-07, -8.365168469026685e-08, 0.9084871411323547, -0.04886236786842346, -0.41504600644111633, 0.02195473574101925, 0.9973500967025757, -0.06935963779687881, 0.4173358380794525, 0.053900133818387985, 0.9071527123451233),
            ["LeftUpperLeg"] = CFrame.new(0, 4.868488758802414e-07, -2.2351741790771484e-07, 0.9957235455513, 0.05407632514834404, 0.07490235567092896, -0.034299615770578384, 0.9692254066467285, -0.2437734752893448, -0.08577998727560043, 0.2401619553565979, 0.9669354557991028),
        }},
        {Time = 0.267, Data = {
            ["LeftLowerArm"] = CFrame.new(-5.066394805908203e-07, -3.5762786865234375e-07, -5.960464477539063e-08, 1, -5.5879372240497105e-09, 3.4458938813486384e-08, 1.1175873559921001e-08, 0.9829340577125549, -0.18395856022834778, 1.4901164746561335e-08, 0.18395861983299255, 0.9829339981079102),
            ["LeftFoot"] = CFrame.new(-4.190951585769653e-08, -1.1920928955078125e-07, -7.450580596923828e-09, 0.9996750354766846, -0.025488726794719696, 0.0003959190216846764, 0.024355843663215637, 0.9504325985908508, -0.3099748194217682, 0.007524691056460142, 0.3098844289779663, 0.9507447481155396),
            ["RightHand"] = CFrame.new(2.2351741790771484e-07, -1.1920928955078125e-07, 2.2351741790771484e-07, 0.9439831972122192, -0.04394615441560745, -0.3270541727542877, 0.2808453142642975, 0.6273760199546814, 0.7263093590736389, 0.17326749861240387, -0.7774754166603088, 0.6045745015144348),
            ["HumanoidRootPart"] = CFrame.new(0, 0, 0, 1, 0, 0, 0, 1, 0, 0, 0, 1),
            ["RightLowerLeg"] = CFrame.new(5.587935447692871e-09, -0.0000037550926208496094, -0.000013290140486788005, 1, -2.8498482151917415e-07, -1.275912353548847e-07, 2.1979215603096236e-07, 0.8585944175720215, 0.5126551985740662, -1.648441099177944e-07, -0.5126556158065796, 0.8585946559906006),
            ["RightFoot"] = CFrame.new(3.5390257835388184e-08, 3.5762786865234375e-07, 1.6952981241047382e-09, 0.9996228814125061, 0.02737632393836975, -0.002176485722884536, -0.026598026975989342, 0.9453767538070679, -0.324892520904541, -0.006836715154349804, 0.3248283565044403, 0.945748507976532),
            ["LeftLowerLeg"] = CFrame.new(-1.6763806343078613e-08, 0.0000040531158447265625, 0.0000133514404296875, 1, 1.881271884940361e-07, 4.097818262494002e-08, -1.1734664440155029e-07, 0.801439106464386, 0.5980764031410217, 2.7939677238464355e-08, -0.5980765223503113, 0.801439106464386),
            ["RightUpperArm"] = CFrame.new(7.152557373046875e-07, -2.384185791015625e-07, -1.1920928955078125e-07, -0.030055660754442215, -0.9947463274002075, 0.09785903245210648, 0.3138595521450043, -0.10234387964010239, -0.9439375996589661, 0.9489936232566833, 0.002343477215617895, 0.3152865767478943),
            ["Head"] = CFrame.new(2.644956111907959e-07, -8.344650268554688e-07, -1.7136335372924805e-07, 0.8878779411315918, 0.3190856873989105, -0.331447035074234, -0.3178626596927643, 0.946268618106842, 0.059489279985427856, 0.33262014389038086, 0.05253538116812706, 0.9415964484214783),
