return {
    ["Here Here"] = {
        {Time = 0.000, Data = {
            ["RightFoot"] = CFrame.new(-1.3783574104309082e-07, 4.172325134277344e-07, -5.75528247281909e-09, 0.964109480381012, 0.2652844786643982, -0.010813613422214985, -0.24788407981395721, 0.8847877383232117, -0.39459356665611267, -0.09511186182498932, 0.3831120729446411, 0.9187922477722168),
            ["LeftLowerArm"] = CFrame.new(-6.556510925292969e-07, 0.0000015497207641601562, 7.655471563339233e-07, 1, -3.455207604474708e-07, 2.272427366278862e-07, 3.576280960260192e-07, 0.2647078335285187, -0.9643287658691406, 1.9371520920685725e-07, 0.9643287062644958, 0.2647078335285187),
            ["RightUpperArm"] = CFrame.new(7.152557373046875e-07, 0, 1.150183379650116e-07, 0.7250881791114807, -0.5222011208534241, 0.448947012424469, 0.682706892490387, 0.6305829882621765, -0.36915621161460876, -0.09032457321882248, 0.5741700530052185, 0.8137384653091431),
            ["Head"] = CFrame.new(-2.3655593395233154e-07, -0.000001430511474609375, 2.2351741790771484e-07, 0.995750904083252, -0.036933548748493195, 0.08435790985822678, 0.059572841972112656, 0.9569002389907837, -0.28424105048179626, -0.07022403925657272, 0.28805863857269287, 0.9550344944000244),
            ["RightHand"] = CFrame.new(0.0000017881393432617188, 0.0000011324882507324219, -1.1920928955078125e-07, 0.5338932275772095, -0.7727419137954712, 0.34326091408729553, 0.8369328379631042, 0.5407626628875732, -0.08437531441450119, -0.12042233347892761, 0.3323337435722351, 0.9354425668716431),
            ["UpperTorso"] = CFrame.new(3.185414243489504e-08, -4.172325134277344e-07, 4.8985384637489915e-09, 0.9967685341835022, 0.0557447150349617, 0.05783626809716225, -0.050742074847221375, 0.9951197504997253, -0.08462784439325333, -0.062271565198898315, 0.08141962438821793, 0.994732677936554),
            ["HumanoidRootPart"] = CFrame.new(0, 0, 0, 1, 0, 0, 0, 1, 0, 0, 0, 1),
            ["RightUpperLeg"] = CFrame.new(5.960464477539063e-08, 5.334732122719288e-08, 1.3205863069742918e-08, 0.8205215930938721, -0.33384454250335693, -0.46399587392807007, 0.14396950602531433, 0.9062561988830566, -0.3974573612213135, 0.5531882643699646, 0.2593211233615875, 0.7916662096977234),
            ["LeftUpperArm"] = CFrame.new(-2.384185791015625e-07, 2.384185791015625e-07, 1.9185245037078857e-07, 0.5677824020385742, 0.3978264033794403, -0.7206647992134094, -0.7383691668510437, 0.6331579685211182, -0.2322106510400772, 0.36391502618789673, 0.6639617085456848, 0.6532385945320129),
            ["RightLowerArm"] = CFrame.new(-7.152557373046875e-07, 0.000003337860107421875, -4.76837158203125e-07, 1, 5.960462345910855e-08, 1.1920931797249068e-07, 1.043081283569336e-07, 0.15466386079788208, -0.9879671335220337, 2.9802322387695312e-08, 0.9879671335220337, 0.15466400980949402),
            ["LeftHand"] = CFrame.new(1.043081283569336e-07, -6.556510925292969e-07, 5.960464477539063e-08, 0.3702806532382965, 0.9288409352302551, 0.012113467790186405, -0.9286025166511536, 0.36978188157081604, 0.030966686084866524, 0.02428375743329525, -0.022715015336871147, 0.9994470477104187),
            ["LeftFoot"] = CFrame.new(-5.587935447692871e-08, -4.76837158203125e-07, -1.4901161193847656e-08, 0.9741150140762329, -0.22604866325855255, 0.001367419958114624, 0.22590768337249756, 0.9736880660057068, 0.029958583414554596, -0.008103622123599052, -0.028874289244413376, 0.9995502829551697),
            ["LowerTorso"] = CFrame.new(0.000011114869266748428, -0.14577150344848633, -0.005146147683262825, 0.9766843914985657, 0.00019361723389010876, 0.2146802544593811, -0.019511600956320763, 0.9959409236907959, 0.08786951005458832, -0.21379181742668152, -0.09000952541828156, 0.972723662853241),
            ["RightLowerLeg"] = CFrame.new(1.564621925354004e-07, -0.000003337860107421875, -0.000013290140486788005, 1, -4.44240981778421e-07, -3.129245840227668e-07, 5.51343077859201e-07, 0.7084433436393738, 0.7057676911354065, -3.3527619791584584e-08, -0.7057676911354065, 0.7084434628486633),
            ["LeftUpperLeg"] = CFrame.new(0, 1.4797842595726252e-07, 2.2351741790771484e-08, 0.9661474227905273, 0.2433815449476242, 0.08558463305234909, -0.16488207876682281, 0.8376449346542358, -0.5207348465919495, -0.19842661917209625, 0.4889952838420868, 0.8494178056716919),
            ["LeftLowerLeg"] = CFrame.new(-1.1920928955078125e-07, 0.000004351139068603516, 0.000013247132301330566, 1, 3.7252898543727042e-09, 6.705523247774181e-08, -7.450580596923828e-08, 0.6999463438987732, 0.7141954898834229, 2.9802322387695312e-08, -0.7141954898834229, 0.6999463438987732),
        }},
        {Time = 0.033, Data = {
            ["RightFoot"] = CFrame.new(-2.1606683731079102e-07, 4.172325134277344e-07, 8.737697498872876e-08, 0.9599756598472595, 0.2800811231136322, 0.0012777477968484163, -0.2639140784740448, 0.9060732126235962, -0.33072739839553833, -0.09378843009471893, 0.31715306639671326, 0.9437255263328552),
            ["LeftLowerArm"] = CFrame.new(-8.344650268554688e-07, 0.0000017881393432617188, 5.885958671569824e-07, 1, -3.110618251866981e-07, 2.2351744632942427e-07, 3.27825716794905e-07, 0.2337009757757187, -0.9723085761070251, 2.6822101517609553e-07, 0.9723085761070251, 0.23370108008384705),
            ["RightUpperArm"] = CFrame.new(3.5762786865234375e-07, -4.76837158203125e-07, 1.043081283569336e-07, 0.7305694222450256, -0.5883409976959229, 0.3465883433818817, 0.6828342080116272, 0.6312419772148132, -0.3677917718887329, -0.0023941239342093468, 0.5053597688674927, 0.8629053831100464),
            ["Head"] = CFrame.new(-1.4156103134155273e-07, -0.0000010728836059570312, 2.1792948246002197e-07, 0.9945778846740723, -0.06134745478630066, 0.0839725062251091, 0.08199595659971237, 0.9592598676681519, -0.27036505937576294, -0.06396525353193283, 0.27578452229499817, 0.9590888619422913),
            ["RightHand"] = CFrame.new(0.0000016987323760986328, 0.0000016093254089355469, 4.172325134277344e-07, 0.5442910194396973, -0.7667467594146729, 0.3403629660606384, 0.8361563682556152, 0.5286198854446411, -0.1462993174791336, -0.0677480399608612, 0.36422598361968994, 0.9288431406021118),
            ["UpperTorso"] = CFrame.new(1.6763806343078613e-08, -3.2782554626464844e-07, -7.450580596923828e-09, 0.9967180490493774, 0.06451090425252914, 0.048903387039899826, -0.059519633650779724, 0.9934608936309814, -0.09743223339319229, -0.054869040846824646, 0.09420178085565567, 0.9940399527549744),
            ["HumanoidRootPart"] = CFrame.new(0, 0, 0, 1, 0, 0, 0, 1, 0, 0, 0, 1),
            ["RightUpperLeg"] = CFrame.new(5.960464477539063e-08, -1.7508864402770996e-07, 5.75528247281909e-09, 0.8255982995033264, -0.312343031167984, -0.46992459893226624, 0.13269226253032684, 0.9169337153434753, -0.3763313889503479, 0.548434317111969, 0.24834313988685608, 0.7984644770622253),
            ["LeftUpperArm"] = CFrame.new(0, 4.76837158203125e-07, 1.825392246246338e-07, 0.5104893445968628, 0.3326689302921295, -0.7929264903068542, -0.757148802280426, 0.6109915971755981, -0.23111656308174133, 0.4075860381126404, 0.7183458209037781, 0.5637843608856201),
            ["RightLowerArm"] = CFrame.new(-0.0000013709068298339844, 0.000002384185791015625, -4.76837158203125e-07, 1, -7.450579886381092e-08, 1.8626454334480513e-07, 1.1175873737556685e-07, 0.1808779239654541, -0.9835056066513062, 2.980232949312267e-08, 0.9835055470466614, 0.18087796866893768),
            ["LeftHand"] = CFrame.new(-1.7881393432617188e-07, -6.556510925292969e-07, -1.4901161193847656e-07, 0.3604487478733063, 0.9315799474716187, -0.047281697392463684, -0.9288623929023743, 0.3631141483783722, 0.07323156297206879, 0.0853896215558052, 0.01752203330397606, 0.9961935877799988),
            ["LeftFoot"] = CFrame.new(6.705522537231445e-08, -2.980232238769531e-07, -1.4901161193847656e-08, 0.972155749797821, -0.22626283764839172, 0.06097757816314697, 0.22725346684455872, 0.9737870097160339, -0.009740417823195457, -0.05717531964182854, 0.02332630753517151, 0.9980916976928711),
            ["LowerTorso"] = CFrame.new(-0.033047474920749664, -0.1280132532119751, -0.008590787649154663, 0.986692488193512, -0.0049291253089904785, 0.16252340376377106, -0.012415748089551926, 0.9943381547927856, 0.10553397983312607, -0.1621234267950058, -0.1061474084854126, 0.9810447096824646),
            ["RightLowerLeg"] = CFrame.new(3.725290298461914e-08, -0.000003874301910400391, -0.000013245437003206462, 1, -4.274770049050858e-07, -2.756715389296005e-07, 4.917383193969727e-07, 0.7545368075370789, 0.6562576293945312, 4.842877388000488e-08, -0.6562578082084656, 0.7545369863510132),
            ["LeftUpperLeg"] = CFrame.new(-5.960464477539063e-08, -7.427297532558441e-08, -1.4901161193847656e-08, 0.9705365896224976, 0.24095313251018524, 0.0005369099089875817, -0.2081051617860794, 0.8393471837043762, -0.5021836161613464, -0.12145335972309113, 0.4872761070728302, 0.8647609353065491),
            ["LeftLowerLeg"] = CFrame.new(-1.4528632164001465e-07, 0.000004231929779052734, 0.000013262033462524414, 1, -3.2782563152977673e-07, -1.1175876579727628e-07, 3.054739181607147e-07, 0.7189100384712219, 0.6951031684875488, -1.3411049337719305e-07, -0.6951031684875488, 0.7189100980758667),
        }},
        {Time = 0.067, Data = {
            ["RightFoot"] = CFrame.new(-1.601874828338623e-07, 4.76837158203125e-07, 9.110226528719068e-08, 0.9574139714241028, 0.28818634152412415, 0.017537692561745644, -0.2718920111656189, 0.920383870601654, -0.2810125946998596, -0.09712536633014679, 0.2642771303653717, 0.9595438241958618),
            ["LeftLowerArm"] = CFrame.new(-5.364418029785156e-07, 0.0000021457672119140625, 7.897615432739258e-07, 1, -3.9488082848038175e-07, 2.682209014892578e-07, 4.172327123797004e-07, 0.24021445214748383, -0.9707198143005371, 2.533198539822479e-07, 0.9707198739051819, 0.24021455645561218),
            ["RightUpperArm"] = CFrame.new(1.1920928955078125e-07, 0, 4.842877388000488e-08, 0.735175371170044, -0.6044595837593079, 0.3068327307701111, 0.6768412590026855, 0.6295369267463684, -0.38153502345085144, 0.03745991364121437, 0.48817217350006104, 0.8719430565834045),
            ["Head"] = CFrame.new(-1.6670674085617065e-07, -9.5367431640625e-07, 2.207234501838684e-07, 0.991997241973877, -0.07801464945077896, 0.09927327185869217, 0.10226155072450638, 0.9576075077056885, -0.2693149745464325, -0.0740542933344841, 0.2773115336894989, 0.9579219222068787),
            ["RightHand"] = CFrame.new(9.5367431640625e-07, 0.0000015497207641601562, 4.76837158203125e-07, 0.5319738388061523, -0.7799931168556213, 0.32956746220588684, 0.8452590703964233, 0.5123281478881836, -0.15184544026851654, -0.05040823295712471, 0.35934773087501526, 0.9318413734436035),
            ["UpperTorso"] = CFrame.new(4.377216100692749e-08, -2.682209014892578e-07, 2.60770320892334e-08, 0.9969178438186646, 0.07148232311010361, 0.032330919057130814, -0.06728501617908478, 0.990942656993866, -0.11621273308992386, -0.040345266461372375, 0.11367914080619812, 0.9926980137825012),
            ["HumanoidRootPart"] = CFrame.new(0, 0, 0, 1, 0, 0, 0, 1, 0, 0, 0, 1),
            ["RightUpperLeg"] = CFrame.new(5.960464477539063e-08, -1.955777406692505e-08, -9.145878721028566e-09, 0.8486281037330627, -0.2982062101364136, -0.4369248151779175, 0.12482009083032608, 0.9155198335647583, -0.3824178874492645, 0.5140528678894043, 0.26999351382255554, 0.8141579627990723),
            ["LeftUpperArm"] = CFrame.new(4.76837158203125e-07, 0, 1.1920928955078125e-07, 0.4636518657207489, 0.3005657494068146, -0.833479106426239, -0.7773646116256714, 0.5893614292144775, -0.21990300714969635, 0.4251250922679901, 0.749875545501709, 0.5069075226783752),
            ["RightLowerArm"] = CFrame.new(-4.172325134277344e-07, 0.0000025033950805664062, -4.76837158203125e-07, 1, -2.2351734685344127e-08, 2.011657187495075e-07, 3.352760913344355e-08, 0.2003888636827469, -0.9797164797782898, 5.5879347371501353e-08, 0.9797164797782898, 0.20038887858390808),
            ["LeftHand"] = CFrame.new(-2.384185791015625e-07, -8.940696716308594e-07, -2.980232238769531e-07, 0.35880425572395325, 0.9296395778656006, -0.08384325355291367, -0.9264941811561584, 0.36562150716781616, 0.08904784917831421, 0.11343730986118317, 0.04572957381606102, 0.9924921989440918),
            ["LeftFoot"] = CFrame.new(5.122274160385132e-08, -1.1920928955078125e-07, -2.2351741790771484e-08, 0.9658190608024597, -0.2101767361164093, 0.15172243118286133, 0.22368116676807404, 0.9715321063995361, -0.07805288583040237, -0.13099811971187592, 0.109322190284729, 0.9853366017341614),
            ["LowerTorso"] = CFrame.new(-0.06845147907733917, -0.11791086196899414, -0.012589365243911743, 0.9950295090675354, -0.016304386779665947, 0.09823740273714066, 0.004040590021759272, 0.9923032522201538, 0.1237654760479927, -0.09949921071529388, -0.12275329977273941, 0.9874368906021118),
            ["RightLowerLeg"] = CFrame.new(1.2665987014770508e-07, -0.000003874301910400391, -0.000013305041647981852, 1, -3.073363643579796e-07, -2.607703493140434e-07, 4.544854732557724e-07, 0.7918198704719543, 0.6107544898986816, 0, -0.6107547879219055, 0.7918201088905334),
            ["LeftUpperLeg"] = CFrame.new(5.960464477539063e-08, 1.0291114449501038e-07, -1.862645149230957e-08, 0.9681775569915771, 0.23185507953166962, -0.09420982748270035, -0.2484959363937378, 0.8459476828575134, -0.47182852029800415, -0.029699252918362617, 0.4802246689796448, 0.876642644405365),
            ["LeftLowerLeg"] = CFrame.new(1.3597309589385986e-07, 0.000004291534423828125, 0.000013318844139575958, 1, 1.4901157641133977e-08, 7.450578820566989e-09, -7.450580596923828e-09, 0.7280351519584656, 0.6855397820472717, 4.2105966713279486e-08, -0.6855397820472717, 0.7280350923538208),
        }},
        {Time = 0.100, Data = {
            ["RightFoot"] = CFrame.new(-1.30385160446167e-07, 3.5762786865234375e-07, 5.3849362302571535e-08, 0.9544557332992554, 0.2960107922554016, 0.037310268729925156, -0.279519259929657, 0.9309133887290955, -0.2350941002368927, -0.10432317107915878, 0.21395808458328247, 0.9712562561035156),
            ["LeftLowerArm"] = CFrame.new(-0.0000016689300537109375, 0.0000016093254089355469, 8.046627044677734e-07, 1, -3.2410036965302425e-07, 2.3841860752327193e-07, 4.0233157960756216e-07, 0.24193167686462402, -0.9702933430671692, 2.533198824039573e-07, 0.9702933430671692, 0.24193161725997925),
            ["RightUpperArm"] = CFrame.new(2.384185791015625e-07, -1.1920928955078125e-07, 1.1175870895385742e-07, 0.7393412590026855, -0.6113643050193787, 0.2821497917175293, 0.6705231070518494, 0.6302708387374878, -0.39135339856147766, 0.061428625136613846, 0.47853153944015503, 0.875918984413147),
            ["Head"] = CFrame.new(-1.993030309677124e-07, -8.344650268554688e-07, 2.230517566204071e-07, 0.9888615012168884, -0.08980657905340195, 0.11869239807128906, 0.11900237202644348, 0.9560155868530273, -0.26809120178222656, -0.08939540386199951, 0.27922967076301575, 0.9560540318489075),
            ["RightHand"] = CFrame.new(0.0000017480924725532532, 0.0000015497207641601562, 2.980232238769531e-07, 0.5251389741897583, -0.7901173233985901, 0.3161386549472809, 0.8503684997558594, 0.5016829371452332, -0.15870629251003265, -0.03320474550127983, 0.352177232503891, 0.9353440999984741),
            ["UpperTorso"] = CFrame.new(5.611218512058258e-08, -4.470348358154297e-07, 3.748573362827301e-08, 0.9964484572410583, 0.08055751025676727, 0.024517029523849487, -0.07666536420583725, 0.9883407354354858, -0.13154856860637665, -0.03482840955257416, 0.1292017549276352, 0.9910064935684204),
            ["HumanoidRootPart"] = CFrame.new(0, 0, 0, 1, 0, 0, 0, 1, 0, 0, 0, 1),
            ["RightUpperLeg"] = CFrame.new(0, -2.123415470123291e-07, 1.879379851743579e-08, 0.8714314699172974, -0.2835468649864197, -0.40026015043258667, 0.11387970298528671, 0.910649836063385, -0.39717555046081543, 0.47711479663848877, 0.3005296587944031, 0.8258592486381531),
            ["LeftUpperArm"] = CFrame.new(-1.1920928955078125e-07, 2.384185791015625e-07, 1.7508864402770996e-07, 0.4295250475406647, 0.2708563506603241, -0.8614785075187683, -0.787993848323822, 0.578385055065155, -0.21103684604167938, 0.44110560417175293, 0.7694852352142334, 0.4618638753890991),
            ["RightLowerArm"] = CFrame.new(-2.980232238769531e-07, 0.0000029802322387695312, -9.5367431640625e-07, 1, -1.5832474886678938e-08, 2.1629973900871846e-07, 1.8393623690826644e-07, 0.2094239890575409, -0.9778250455856323, 2.0489098417897367e-08, 0.9778249263763428, 0.2094239443540573),
            ["LeftHand"] = CFrame.new(1.1920928955078125e-07, -7.748603820800781e-07, 0, 0.3581869304180145, 0.9271835088729858, -0.10969480127096176, -0.9237504601478577, 0.3689984083175659, 0.10259265452623367, 0.13559943437576294, 0.06458324193954468, 0.9886566400527954),
            ["LeftFoot"] = CFrame.new(-3.725290298461914e-08, -2.980232238769531e-07, -4.0978193283081055e-08, 0.9578650593757629, -0.18415072560310364, 0.22041559219360352, 0.21813398599624634, 0.9656539559364319, -0.14117377996444702, -0.1868479698896408, 0.18330572545528412, 0.9651356935501099),
            ["LowerTorso"] = CFrame.new(-0.10419654101133347, -0.11568343639373779, -0.015644697472453117, 0.9992344379425049, -0.02856713905930519, 0.026730136945843697, 0.024489672854542732, 0.9895524382591248, 0.14207805693149567, -0.030509628355503082, -0.14131464064121246, 0.9894945621490479),
            ["RightLowerLeg"] = CFrame.new(-6.705522537231445e-08, -0.000004112720489501953, -0.00001326033816440031, 1, -3.874302478834579e-07, -3.091991231940483e-07, 5.066394805908203e-07, 0.8193802237510681, 0.5732503533363342, 3.3527612686157227e-08, -0.5732505917549133, 0.8193804025650024),
            ["LeftUpperLeg"] = CFrame.new(2.9802322387695312e-08, -2.102387952618301e-07, 2.051820047199726e-08, 0.9593220949172974, 0.2195308953523636, -0.1775032877922058, -0.27725839614868164, 0.8510786294937134, -0.4458621144294739, 0.05318877846002579, 0.47693973779678345, 0.8773252367973328),
            ["LeftLowerLeg"] = CFrame.new(5.587935447692871e-08, 0.000004172325134277344, 0.000013202428817749023, 1, 1.862645371275562e-09, 7.450582373280668e-09, 1.6763806343078613e-08, 0.7202612161636353, 0.6937026977539062, 3.725290298461914e-09, -0.6937028765678406, 0.7202615141868591),
        }},
        {Time = 0.133, Data = {
            ["RightFoot"] = CFrame.new(-1.825392246246338e-07, 3.5762786865234375e-07, -5.75528247281909e-09, 0.950725793838501, 0.30421140789985657, 0.05980154871940613, -0.28725090622901917, 0.936896026134491, -0.19928021728992462, -0.1166510358452797, 0.1722828447818756, 0.9781162142753601),
            ["LeftLowerArm"] = CFrame.new(-4.172325134277344e-07, 0.000002384185791015625, 0.0000012516975402832031, 1, -3.427267927236244e-07, 2.235174747511337e-07, 4.2468343508517137e-07, 0.2403966337442398, -0.9706748127937317, 2.6077054826600943e-07, 0.9706747531890869, 0.2403966784477234),
            ["RightUpperArm"] = CFrame.new(4.76837158203125e-07, -2.384185791015625e-07, 9.12696123123169e-08, 0.7420457601547241, -0.6155853271484375, 0.26537349820137024, 0.665787935256958, 0.630685031414032, -0.39870139956474304, 0.07806751877069473, 0.4725370407104492, 0.877846360206604),
            ["Head"] = CFrame.new(-2.0908191800117493e-07, -0.0000013113021850585938, 2.246815711259842e-07, 0.9856762290000916, -0.0977049469947815, 0.13746388256549835, 0.13310593366622925, 0.951216995716095, -0.27833306789398193, -0.10356345772743225, 0.2926435172557831, 0.9505969882011414),
            ["RightHand"] = CFrame.new(8.046627044677734e-07, 0.0000011920928955078125, 0, 0.5183876752853394, -0.7971586585044861, 0.30953553318977356, 0.8548728823661804, 0.49222561717033386, -0.16403187811374664, -0.02160198986530304, 0.3496456742286682, 0.9366329312324524),
            ["UpperTorso"] = CFrame.new(5.541369318962097e-08, -3.5762786865234375e-07, 1.3504177331924438e-08, 0.9960458874702454, 0.08589913696050644, 0.022675616666674614, -0.08198093622922897, 0.9870362877845764, -0.13798047602176666, -0.034234046936035156, 0.13557586073875427, 0.9901753664016724),
            ["HumanoidRootPart"] = CFrame.new(0, 0, 0, 1, 0, 0, 0, 1, 0, 0, 0, 1),
            ["RightUpperLeg"] = CFrame.new(5.960464477539063e-08, 3.568129613995552e-07, -1.4733814168721437e-08, 0.8907410502433777, -0.277035117149353, -0.3603222668170929, 0.1076660305261612, 0.8988150358200073, -0.4248996078968048, 0.4415750205516815, 0.339680939912796, 0.830438494682312),
            ["LeftUpperArm"] = CFrame.new(0, 0, 1.4528632164001465e-07, 0.40371882915496826, 0.2422393262386322, -0.8822309374809265, -0.7937079668045044, 0.5723345279693604, -0.20606034994125366, 0.4550151824951172, 0.7834241390228271, 0.42332926392555237),
            ["RightLowerArm"] = CFrame.new(-9.5367431640625e-07, 0.0000027418136596679688, -5.066394805908203e-07, 1, -3.725288166833707e-08, 2.2910541019882658e-07, 1.7881389169360773e-07, 0.20545703172683716, -0.9786662459373474, -7.450578820566989e-09, 0.9786661863327026, 0.20545703172683716),
            ["LeftHand"] = CFrame.new(-2.9802322387695312e-08, -6.556510925292969e-07, 0, 0.35425564646720886, 0.9264387488365173, -0.12733499705791473, -0.922879159450531, 0.36833655834198, 0.11234942823648453, 0.15098702907562256, 0.07771439105272293, 0.9854763150215149),
            ["LeftFoot"] = CFrame.new(-3.5390257835388184e-08, -2.980232238769531e-07, -4.470348358154297e-08, 0.9524112939834595, -0.16179786622524261, 0.25832992792129517, 0.21718530356884003, 0.9548587799072266, -0.20267117023468018, -0.21387678384780884, 0.24913115799427032, 0.9445580840110779),
            ["LowerTorso"] = CFrame.new(-0.13908572494983673, -0.12185609340667725, -0.0160282701253891, 0.9982149600982666, -0.03277518227696419, -0.049927324056625366, 0.04032627493143082, 0.9865102171897888, 0.15865565836429596, 0.04405384138226509, -0.16038580238819122, 0.9860708117485046),
            ["RightLowerLeg"] = CFrame.new(4.470348358154297e-08, -0.000003635883331298828, -0.000013334843970369548, 1, -4.321335325130349e-07, -1.9371505288745539e-07, 5.140900043443253e-07, 0.8317923545837402, 0.5550868511199951, 7.4505797087454084e-09, -0.5550869107246399, 0.8317925333976746),
            ["LeftUpperLeg"] = CFrame.new(0, 1.9650906324386597e-07, -5.21540641784668e-08, 0.9529648423194885, 0.20977506041526794, -0.21875230967998505, -0.2863347828388214, 0.8597368001937866, -0.42292457818984985, 0.09935036301612854, 0.46566861867904663, 0.8793647289276123),
            ["LeftLowerLeg"] = CFrame.new(1.7136335372924805e-07, 0.000004589557647705078, 0.000013262033462524414, 1, 1.3411040811206476e-07, 5.960463056453591e-08, -1.4528632164001465e-07, 0.7088281512260437, 0.7053817510604858, 5.960464477539063e-08, -0.7053813338279724, 0.708827555179596),
        }},
        {Time = 0.167, Data = {
            ["RightFoot"] = CFrame.new(-7.078051567077637e-08, 4.76837158203125e-07, 3.894820110872388e-08, 0.9462513327598572, 0.31285548210144043, 0.0820360779762268, -0.29490193724632263, 0.9387274980545044, -0.17839114367961884, -0.1328200101852417, 0.1446102261543274, 0.9805339574813843),
            ["LeftLowerArm"] = CFrame.new(-4.76837158203125e-07, 0.000002086162567138672, 7.450580596923828e-07, 1, -3.259629295371269e-07, 2.8312211952652433e-07, 3.7252934248499514e-07, 0.2350618839263916, -0.9719804525375366, 2.6822112886293326e-07, 0.9719804525375366, 0.23506192862987518),
            ["RightUpperArm"] = CFrame.new(3.5762786865234375e-07, 0, 1.2014061212539673e-07, 0.7468456029891968, -0.6197304725646973, 0.24115602672100067, 0.6578025817871094, 0.6352748870849609, -0.4046251177787781, 0.09755805879831314, 0.4608255624771118, 0.882112443447113),
            ["Head"] = CFrame.new(-2.1141022443771362e-07, -9.5367431640625e-07, 2.1141022443771362e-07, 0.9828345775604248, -0.10742362588644028, 0.1499883532524109, 0.14931915700435638, 0.9406587481498718, -0.3047376275062561, -0.10835181176662445, 0.3219027817249298, 0.940552294254303),
            ["RightHand"] = CFrame.new(0.000001385807991027832, 0.0000013113021850585938, 2.2351741790771484e-07, 0.5161470174789429, -0.796783983707428, 0.3142094612121582, 0.8562185764312744, 0.4894070327281952, -0.1654404103755951, -0.0219559445977211, 0.35442352294921875, 0.9348272085189819),
            ["UpperTorso"] = CFrame.new(0, -3.5762786865234375e-07, -3.725290298461914e-09, 0.9960461854934692, 0.08595611900091171, 0.022445371374487877, -0.08223064988851547, 0.9876672029495239, -0.13323572278022766, -0.033620961010456085, 0.13086320459842682, 0.9908301830291748),
            ["HumanoidRootPart"] = CFrame.new(0, 0, 0, 1, 0, 0, 0, 1, 0, 0, 0, 1),
            ["RightUpperLeg"] = CFrame.new(5.960464477539063e-08, 7.636845111846924e-08, -1.6596459317952394e-08, 0.9032454490661621, -0.2821930944919586, -0.3232874274253845, 0.10876762866973877, 0.8793157339096069, -0.4636523127555847, 0.41511106491088867, 0.3836286664009094, 0.8249313235282898),
            ["LeftUpperArm"] = CFrame.new(2.384185791015625e-07, 3.5762786865234375e-07, 1.387670636177063e-07, 0.37890663743019104, 0.212402805685997, -0.900730311870575, -0.8008399605751038, 0.5630190968513489, -0.20411944389343262, 0.46377283334732056, 0.7986829876899719, 0.38343217968940735),
            ["RightLowerArm"] = CFrame.new(-2.384185791015625e-07, 0.000003337860107421875, -7.003545761108398e-07, 1, -5.587933671336032e-09, 2.0675365419720038e-07, 1.6391278734317893e-07, 0.18812768161296844, -0.9821445941925049, 7.450581485102248e-09, 0.9821445345878601, 0.18812774121761322),
            ["LeftHand"] = CFrame.new(4.172325134277344e-07, -5.364418029785156e-07, -2.086162567138672e-07, 0.3477517366409302, 0.9267773628234863, -0.14195960760116577, -0.922745406627655, 0.3651346266269684, 0.12336008250713348, 0.1661616414785385, 0.08809392899274826, 0.9821557998657227),
            ["LeftFoot"] = CFrame.new(-1.4901161193847656e-08, -2.980232238769531e-07, -2.9802322387695312e-08, 0.9498943090438843, -0.14477033913135529, 0.27702444791793823, 0.22513023018836975, 0.931696355342865, -0.28505849838256836, -0.21683456003665924, 0.33314192295074463, 0.9176051616668701),
            ["LowerTorso"] = CFrame.new(-0.1733071357011795, -0.13547027111053467, -0.01339375227689743, 0.9934656023979187, -0.029628802090883255, -0.11021968722343445, 0.047541577368974686, 0.9853753447532654, 0.1636316329240799, 0.10375954955816269, -0.1678023785352707, 0.9803450107574463),
            ["RightLowerLeg"] = CFrame.new(-5.587935447692871e-08, -0.000004112720489501953, -0.000013312492228578776, 1, -4.954635528520157e-07, -3.203750509328529e-07, 5.364417461350968e-07, 0.826257050037384, 0.5632932782173157, -5.215405707303944e-08, -0.5632932782173157, 0.826257050037384),
            ["LeftUpperLeg"] = CFrame.new(-5.960464477539063e-08, 1.9185245037078857e-07, -2.9802322387695312e-08, 0.9563610553741455, 0.21119192242622375, -0.20191988348960876, -0.2781180143356323, 0.8698279857635498, -0.40749192237854004, 0.08957645297050476, 0.44586676359176636, 0.8906059265136719),
            ["LeftLowerLeg"] = CFrame.new(-1.7136335372924805e-07, 0.000004291534423828125, 0.000013321638107299805, 1, -2.0861619987044833e-07, -5.960464477539063e-08, 1.788139627478813e-07, 0.6969836354255676, 0.7170870900154114, -1.0430814256778831e-07, -0.7170870304107666, 0.6969836354255676),
        }},
        {Time = 0.200, Data = {
            ["RightFoot"] = CFrame.new(-1.6763806343078613e-07, 2.384185791015625e-07, -2.029992174357176e-09, 0.9409415125846863, 0.3232325315475464, 0.10074877738952637, -0.3032984137535095, 0.9369766116142273, -0.17344945669174194, -0.15046368539333344, 0.13264884054660797, 0.9796760082244873),
            ["LeftLowerArm"] = CFrame.new(-9.834766387939453e-07, 0.0000023245811462402344, 0.0000011324882507324219, 1, -3.7066638469696045e-07, 2.4586918812019576e-07, 3.706666120706359e-07, 0.23234261572360992, -0.9726341366767883, 2.905728138102859e-07, 0.9726340174674988, 0.23234254121780396),
            ["RightUpperArm"] = CFrame.new(2.384185791015625e-07, 1.1920928955078125e-07, 1.3969838619232178e-07, 0.7535570859909058, -0.6284185647964478, 0.19298155605793, 0.64389568567276, 0.6464186310768127, -0.40931814908981323, 0.13247613608837128, 0.43270450830459595, 0.8917493224143982),
            ["Head"] = CFrame.new(-1.695007085800171e-07, -0.0000010728836059570312, 2.0489096641540527e-07, 0.9816550016403198, -0.11564897745847702, 0.15158767998218536, 0.1620367467403412, 0.9250324368476868, -0.3435974419116974, -0.10048680752515793, 0.36185696721076965, 0.9268020391464233),
            ["RightHand"] = CFrame.new(0.0000014603137969970703, 0.0000014901161193847656, -5.960464477539063e-08, 0.5112270712852478, -0.7923498153686523, 0.3329095244407654, 0.8587954044342041, 0.48602595925331116, -0.16201645135879517, -0.03342905640602112, 0.3687283396720886, 0.9289358854293823),
            ["UpperTorso"] = CFrame.new(1.5832483768463135e-08, -3.5762786865234375e-07, 3.725290298461914e-09, 0.996454656124115, 0.08214966207742691, 0.018153762444853783, -0.07947138696908951, 0.9899039268493652, -0.11736515164375305, -0.027611931785941124, 0.1155063584446907, 0.9929229021072388),
            ["HumanoidRootPart"] = CFrame.new(0, 0, 0, 1, 0, 0, 0, 1, 0, 0, 0, 1),
            ["RightUpperLeg"] = CFrame.new(0, -1.8533319234848022e-07, -1.287116901949048e-08, 0.9067093133926392, -0.2982538938522339, -0.298199325799942, 0.11712712049484253, 0.857299268245697, -0.5013175010681152, 0.40516600012779236, 0.4196220636367798, 0.8122549057006836),
            ["LeftUpperArm"] = CFrame.new(2.384185791015625e-07, 2.384185791015625e-07, 2.0116567611694336e-07, 0.34441712498664856, 0.1777229756116867, -0.9218414425849915, -0.8167963027954102, 0.5408149361610413, -0.2009056955575943, 0.4628397822380066, 0.8221519589424133, 0.33142927289009094),
            ["RightLowerArm"] = CFrame.new(-0.0000015795230865478516, 0.0000024437904357910156, -2.7567148208618164e-07, 1, -7.4505797087454084e-09, 2.0489103746967885e-07, 8.940699558479537e-08, 0.16886936128139496, -0.985638439655304, 2.980233304583635e-08, 0.9856384992599487, 0.16886933147907257),
            ["LeftHand"] = CFrame.new(5.662441253662109e-07, -7.748603820800781e-07, -2.384185791015625e-07, 0.33808091282844543, 0.9275702238082886, -0.15910619497299194, -0.9225758910179138, 0.3600426912307739, 0.1386471688747406, 0.18588998913764954, 0.09991354495286942, 0.9774775505065918),
            ["LeftFoot"] = CFrame.new(1.5459954738616943e-07, -4.76837158203125e-07, -3.725290298461914e-08, 0.9452417492866516, -0.15254290401935577, 0.28852930665016174, 0.2618674337863922, 0.8821170330047607, -0.39152902364730835, -0.19479137659072876, 0.4456460177898407, 0.8737595677375793),
            ["LowerTorso"] = CFrame.new(-0.20584610104560852, -0.15734541416168213, -0.006168395280838013, 0.9894444942474365, -0.03149459883570671, -0.1414489895105362, 0.05469034984707832, 0.9850711226463318, 0.16322946548461914, 0.1341964453458786, -0.16924232244491577, 0.9763956665992737),
            ["RightLowerLeg"] = CFrame.new(-7.078051567077637e-08, -0.0000037550926208496094, -0.000013327393389772624, 1, -5.662440116793732e-07, -3.2782554626464844e-07, 6.332992938951065e-07, 0.8057344555854797, 0.5922768115997314, 1.4901159417490817e-08, -0.5922770500183105, 0.8057346343994141),
            ["LeftUpperLeg"] = CFrame.new(-5.960464477539063e-08, -1.9744038581848145e-07, 0, 0.9634324908256531, 0.22919076681137085, -0.1388150155544281, -0.26623937487602234, 0.8772712349891663, -0.3993891477584839, 0.030242186039686203, 0.4217424690723419, 0.9062111973762512),
            ["LeftLowerLeg"] = CFrame.new(1.1920928955078125e-07, 0.000004351139068603516, 0.000013276934623718262, 1, 1.5646214990283625e-07, 7.450578820566989e-09, -1.4156105976326216e-07, 0.6837325096130371, 0.7297326326370239, 4.842878453814592e-08, -0.7297326922416687, 0.6837325692176819),
        }},
        {Time = 0.233, Data = {
            ["RightFoot"] = CFrame.new(-2.086162567138672e-07, 3.5762786865234375e-07, 2.4047039914876223e-08, 0.9350453019142151, 0.336521714925766, 0.11155004799365997, -0.31456458568573, 0.9326316714286804, -0.17676840722560883, -0.16352155804634094, 0.13019709289073944, 0.9779108762741089),
            ["LeftLowerArm"] = CFrame.new(-8.940696716308594e-07, 0.0000016689300537109375, 0.000001043081283569336, 1, -3.5390269204071956e-07, 2.6822092991096724e-07, 4.0372853504777595e-07, 0.23673032224178314, -0.9715754389762878, 2.6822101517609553e-07, 0.9715754389762878, 0.23673029243946075),
            ["RightUpperArm"] = CFrame.new(2.384185791015625e-07, 1.1920928955078125e-07, 8.614733815193176e-08, 0.7582770586013794, -0.6416975259780884, 0.11506714671850204, 0.6234845519065857, 0.6622330546379089, -0.4155891537666321, 0.19048115611076355, 0.3868742883205414, 0.9022445678710938),
            ["Head"] = CFrame.new(-1.8812716007232666e-07, -5.960464477539062e-07, 2.1047890186309814e-07, 0.9821715950965881, -0.11942525207996368, 0.14517842233181, 0.16684825718402863, 0.9095903038978577, -0.3805354833602905, -0.08660735189914703, 0.39797380566596985, 0.9132995009422302),
            ["RightHand"] = CFrame.new(0.0000016093254089355469, 0.0000013113021850585938, 4.246830940246582e-07, 0.5034471750259399, -0.7936943173408508, 0.3414531350135803, 0.8631726503372192, 0.4795701503753662, -0.15794162452220917, -0.03839343786239624, 0.37424832582473755, 0.9265334010124207),
            ["UpperTorso"] = CFrame.new(4.0978193283081055e-08, 5.960464477539063e-08, -2.60770320892334e-08, 0.9967065453529358, 0.0806610956788063, 0.00836392305791378, -0.07949411123991013, 0.9922208786010742, -0.0958051085472107, -0.016026571393013, 0.09482467174530029, 0.9953650236129761),
            ["HumanoidRootPart"] = CFrame.new(0, 0, 0, 1, 0, 0, 0, 1, 0, 0, 0, 1),
            ["RightUpperLeg"] = CFrame.new(0, 2.561137080192566e-07, -3.5222910810261965e-08, 0.9046212434768677, -0.31532055139541626, -0.28676387667655945, 0.1270144134759903, 0.8416826128959656, -0.5248217582702637, 0.40685105323791504, 0.4383416771888733, 0.8014540076255798),
            ["LeftUpperArm"] = CFrame.new(2.384185791015625e-07, 2.384185791015625e-07, 1.9371509552001953e-07, 0.30065587162971497, 0.13860845565795898, -0.9436067938804626, -0.8426406979560852, 0.5020282864570618, -0.19474144279956818, 0.44672441482543945, 0.8536717295646667, 0.2677347958087921),
            ["RightLowerArm"] = CFrame.new(-4.172325134277344e-07, 0.00000286102294921875, -8.158385753631592e-07, 1, 1.490115231206346e-08, 1.583248803171955e-07, 2.0116567611694336e-07, 0.16228988766670227, -0.9867432117462158, 2.3283064365386963e-08, 0.986743152141571, 0.16228987276554108),
            ["LeftHand"] = CFrame.new(7.450580596923828e-08, -7.152557373046875e-07, -5.960464477539063e-08, 0.3338589072227478, 0.9258863925933838, -0.1768408566713333, -0.919718861579895, 0.36106792092323303, 0.15410158038139343, 0.2065320760011673, 0.11119574308395386, 0.9721008539199829),
            ["LeftFoot"] = CFrame.new(1.7136335372924805e-07, -3.5762786865234375e-07, -1.862645149230957e-08, 0.9463232159614563, -0.172173410654068, 0.27354860305786133, 0.2890980541706085, 0.8293548822402954, -0.47811368107795715, -0.14455033838748932, 0.5315325260162354, 0.8346128463745117),
            ["LowerTorso"] = CFrame.new(-0.23960115015506744, -0.18408989906311035, -0.0001661013811826706, 0.9880362153053284, -0.0399586446583271, -0.1489563286304474, 0.06306353211402893, 0.9860910177230835, 0.15377792716026306, 0.14073970913887024, -0.16133181750774384, 0.9768134355545044),
            ["RightLowerLeg"] = CFrame.new(5.21540641784668e-08, -0.0000035762786865234375, -0.0000133199428091757, 1, -5.215407554715057e-07, -3.0174854259712447e-07, 5.215406986280868e-07, 0.7822725772857666, 0.622935950756073, -1.4901162970204496e-08, -0.6229363679885864, 0.7822729349136353),
            ["LeftUpperLeg"] = CFrame.new(-5.960464477539063e-08, 4.6566128730773926e-09, -7.450580596923828e-08, 0.9626189470291138, 0.2653861343860626, -0.05417579784989357, -0.2634492516517639, 0.870898962020874, -0.41488492488861084, -0.06292307376861572, 0.4136486351490021, 0.9082596898078918),
            ["LeftLowerLeg"] = CFrame.new(4.470348358154297e-08, 0.000004410743713378906, 0.000013232231140136719, 1, 3.241002275444771e-07, 1.257285475730896e-07, -3.0919909477233887e-07, 0.653100848197937, 0.7572708129882812, 1.825392246246338e-07, -0.7572709321975708, 0.6531010270118713),
        }},
        {Time = 0.267, Data = {
            ["RightFoot"] = CFrame.new(-1.564621925354004e-07, 3.5762786865234375e-07, -2.029992174357176e-09, 0.9298228621482849, 0.35010597109794617, 0.11338140815496445, -0.32770466804504395, 0.9279029369354248, -0.1777799427509308, -0.16744883358478546, 0.12814845144748688, 0.977516770362854),
            ["LeftLowerArm"] = CFrame.new(-5.960464477539062e-07, 0.0000021457672119140625, 9.462237358093262e-07, 1, -3.725289445810631e-07, 2.980231954552437e-07, 2.8451921707528527e-07, 0.25032156705856323, -0.9681628346443176, 2.644957817210525e-07, 0.9681628346443176, 0.2503215968608856),
            ["RightUpperArm"] = CFrame.new(3.5762786865234375e-07, -4.76837158203125e-07, 1.210719347000122e-07, 0.7515917420387268, -0.6593751311302185, 0.018287206068634987, 0.6024846434593201, 0.6749299168586731, -0.4260067343711853, 0.26855555176734924, 0.33120086789131165, 0.9045352339744568),
            ["Head"] = CFrame.new(-2.1606683731079102e-07, -8.344650268554688e-07, 2.3469328880310059e-07, 0.9831835627555847, -0.12039314955472946, 0.13731622695922852, 0.16689354181289673, 0.8976133465766907, -0.4079667925834656, -0.07414047420024872, 0.4240233600139618, 0.9026113748550415),
            ["RightHand"] = CFrame.new(0.0000012814998626708984, 0.0000013113021850585938, 3.3155083656311035e-07, 0.49581214785575867, -0.8060097098350525, 0.3232938051223755, 0.868058979511261, 0.4708578586578369, -0.15737423300743103, -0.02538025937974453, 0.3586661219596863, 0.9331209063529968),
            ["UpperTorso"] = CFrame.new(-3.725290298461914e-08, -8.344650268554688e-07, 1.1175870895385742e-08, 0.9966193437576294, 0.08209150284528732, -0.0033127141650766134, -0.0821063220500946, 0.9937446117401123, -0.07569774985313416, -0.002922123996540904, 0.07571381330490112, 0.9971253871917725),
            ["HumanoidRootPart"] = CFrame.new(0, 0, 0, 1, 0, 0, 0, 1, 0, 0, 0, 1),
            ["RightUpperLeg"] = CFrame.new(-2.9802322387695312e-08, -2.598389983177185e-07, 1.3205863069742918e-08, 0.9015878438949585, -0.32769620418548584, -0.282408744096756, 0.13702167570590973, 0.8355334401130676, -0.5320799350738525, 0.41032251715660095, 0.44102057814598083, 0.7982081174850464),
            ["LeftUpperArm"] = CFrame.new(5.960464477539063e-08, 3.5762786865234375e-07, 2.086162567138672e-07, 0.25713154673576355, 0.09800127148628235, -0.9613944292068481, -0.873603105545044, 0.4489037096500397, -0.18789120018482208, 0.41315993666648865, 0.8881899118423462, 0.20104141533374786),
            ["RightLowerArm"] = CFrame.new(-3.2782554626464844e-07, 0.00000286102294921875, -4.5821070671081543e-07, 1, -4.470347292340193e-08, 2.0954767876446567e-07, 1.788139627478813e-07, 0.1824130415916443, -0.9832220673561096, 4.4703490686970326e-08, 0.9832220077514648, 0.18241307139396667),
            ["LeftHand"] = CFrame.new(-7.450580596923828e-08, -5.960464477539062e-07, -1.1920928955078125e-07, 0.33346107602119446, 0.9214673042297363, -0.1992531567811966, -0.915227472782135, 0.3671163022518158, 0.16608506441116333, 0.22619110345840454, 0.12697899341583252, 0.9657711982727051),
            ["LeftFoot"] = CFrame.new(-9.103678166866302e-08, -4.172325134277344e-07, -4.470348358154297e-08, 0.9509401321411133, -0.2019473910331726, 0.2343718260526657, 0.29770976305007935, 0.8033956289291382, -0.5156784057617188, -0.08415330946445465, 0.560154139995575, 0.824103057384491),
