return {
    ["Here We Go"] = {
        {Time = 0.000, Data = {
            ["RightFoot"] = CFrame.new(3.725290298461914e-08, 2.384185791015625e-07, 1.0600342648103833e-07, 0.9207568764686584, 0.3759165108203888, -0.10437231510877609, -0.3479391038417816, 0.6702175736427307, -0.6555507779121399, -0.176480233669281, 0.6399182081222534, 0.74790358543396),
            ["LeftLowerArm"] = CFrame.new(8.642673492431641e-07, -5.960464477539063e-08, 0.000004902482032775879, 1, 3.3155092182823864e-07, -4.0233126696875843e-07, -5.5879347371501353e-08, -0.4796302020549774, -0.8774707317352295, -3.874301341966202e-07, 0.8774707913398743, -0.47963017225265503),
            ["RightUpperArm"] = CFrame.new(-0.02920234203338623, -0.02388596534729004, 0.06496623158454895, 0.9861831665039062, -0.122661292552948, 0.11134235560894012, 0.1260816603899002, 0.11979233473539352, -0.9847604632377625, 0.10745421797037125, 0.9851924180984497, 0.13360269367694855),
            ["Head"] = CFrame.new(2.2351741790771484e-08, -4.76837158203125e-07, 3.3527612686157227e-08, 0.8627312183380127, -0.4076990783214569, -0.29912588000297546, 0.41381463408470154, 0.9092127084732056, -0.045714616775512695, 0.29060685634613037, -0.08434344828128815, 0.9531179666519165),
            ["RightHand"] = CFrame.new(0.000001043081283569336, 0.0000013113021850585938, -8.344650268554688e-07, -0.15843728184700012, 0.0923689678311348, -0.9830389618873596, 0.6737907528877258, 0.7378782629966736, -0.03926227241754532, 0.72173672914505, -0.668583333492279, -0.17914465069770813),
            ["UpperTorso"] = CFrame.new(-1.0803341865539551e-07, -1.7881393432617188e-07, 2.2817403078079224e-08, 0.9267251491546631, -0.30060163140296936, 0.22543103992938995, 0.20555317401885986, 0.9078207015991211, 0.36552637815475464, -0.31452879309654236, -0.2924043536186218, 0.9030898809432983),
            ["HumanoidRootPart"] = CFrame.new(0, 0, 0, 1, 0, 0, 0, 1, 0, 0, 0, 1),
            ["RightUpperLeg"] = CFrame.new(-1.1920928955078125e-07, -2.123415470123291e-07, -8.55143298394978e-08, 0.7658452987670898, -0.641139030456543, 0.04921326786279678, 0.6374551057815552, 0.7469331622123718, -0.18905562162399292, 0.08445189148187637, 0.17615847289562225, 0.9807324409484863),
            ["LeftUpperArm"] = CFrame.new(0.029202818870544434, -0.0238875150680542, 0.06496536731719971, 0.6927597522735596, 0.6878336071968079, -0.21672682464122772, -0.14855489134788513, 0.43018174171447754, 0.8904352188110352, 0.7057021260261536, -0.5846611857414246, 0.40019330382347107),
            ["RightLowerArm"] = CFrame.new(2.384185791015625e-07, 7.152557373046875e-07, -0.000002950429916381836, 1, -0.00001917220652103424, 0.000001695007085800171, 0.000018769876987789758, 0.953551173210144, -0.30123114585876465, 0.000004164875008427771, 0.30123114585876465, 0.953551173210144),
            ["LeftHand"] = CFrame.new(-0.000001564621925354004, -1.7881393432617188e-07, -2.384185791015625e-07, 0.683407723903656, -0.5323221683502197, -0.4995846152305603, 0.6423215866088867, 0.7636798024177551, 0.06494005769491196, 0.3469538390636444, -0.36527588963508606, 0.8638275861740112),
            ["LeftFoot"] = CFrame.new(-1.341104507446289e-07, 1.1920928955078125e-07, -5.21540641784668e-08, 0.9116812348365784, -0.4107504189014435, -0.011014883406460285, 0.40251198410987854, 0.8981418609619141, -0.1769900619983673, 0.082591712474823, 0.15692493319511414, 0.9841510057449341),
            ["LowerTorso"] = CFrame.new(0.14622382819652557, -0.34119176864624023, 0.2887534499168396, 0.9614898562431335, 0.27316322922706604, 0.0303164292126894, -0.25780171155929565, 0.9346132278442383, -0.2450232207775116, -0.09526544064283371, 0.22777168452739716, 0.9690431952476501),
            ["RightLowerLeg"] = CFrame.new(-4.190951585769653e-08, -0.0007265210151672363, 0.000046167355321813375, 1, 4.097819896742294e-07, -3.7252917195473856e-08, -7.823107495141812e-08, 0.3117923438549042, 0.9501502513885498, 3.1851223525336536e-07, -0.9501502513885498, 0.3117925524711609),
            ["LeftUpperLeg"] = CFrame.new(0, -4.842877388000488e-07, 4.0046870708465576e-08, 0.942747950553894, 0.25617918372154236, 0.2135382443666458, -0.26569515466690063, 0.9639139175415039, 0.016619479283690453, -0.2015749216079712, -0.07240403443574905, 0.9767934083938599),
            ["LeftLowerLeg"] = CFrame.new(-4.470348358154297e-08, -0.0007263422012329102, 0.00008089840412139893, 1, 2.980232594040899e-08, -5.960465188081798e-08, -4.0978196835794733e-08, 0.8812774419784546, 0.4725993871688843, 3.725290653733282e-08, -0.47259944677352905, 0.8812775015830994),
        }},
        {Time = 0.017, Data = {
            ["RightFoot"] = CFrame.new(1.4901161193847656e-07, 2.384185791015625e-07, -1.3205863069742918e-08, 0.9258093237876892, 0.3562762141227722, -0.12627065181732178, -0.34810781478881836, 0.6734549403190613, -0.6521346569061279, -0.1473025232553482, 0.6477081179618835, 0.7475132942199707),
            ["LeftLowerArm"] = CFrame.new(6.556510925292969e-07, 2.384185791015625e-07, 0.000005453824996948242, 1, 2.98023280720372e-07, -4.2840849800995784e-07, -1.0244548320770264e-07, -0.43218234181404114, -0.9017862677574158, -4.470348358154297e-07, 0.9017862677574158, -0.4321824610233307),
            ["RightUpperArm"] = CFrame.new(-0.029202282428741455, -0.023886561393737793, 0.06496609002351761, 0.9818969964981079, -0.13921967148780823, 0.128437802195549, 0.14383217692375183, 0.10679543018341064, -0.9838228225708008, 0.12325090914964676, 0.9844859838485718, 0.124886155128479),
            ["Head"] = CFrame.new(0, -8.344650268554688e-07, 3.725290298461914e-08, 0.8850426077842712, -0.3494003713130951, -0.3076017200946808, 0.3523927330970764, 0.9346347451210022, -0.047721728682518005, 0.3041691482067108, -0.06616088002920151, 0.9503177404403687),
            ["RightHand"] = CFrame.new(0.0000011324882507324219, 0.0000012516975402832031, -0.0000010281801223754883, -0.18513816595077515, 0.10233651846647263, -0.977369487285614, 0.6678093671798706, 0.7427353858947754, -0.04873085021972656, 0.720940113067627, -0.661718487739563, -0.20584993064403534),
            ["UpperTorso"] = CFrame.new(-1.862645149230957e-08, -1.4901161193847656e-07, -3.166496753692627e-08, 0.9526333808898926, -0.2277192771434784, 0.2015783190727234, 0.14554722607135773, 0.9233636260032654, 0.35526859760284424, -0.26703158020973206, -0.30910155177116394, 0.912770688533783),
            ["HumanoidRootPart"] = CFrame.new(0, 0, 0, 1, 0, 0, 0, 1, 0, 0, 0, 1),
            ["RightUpperLeg"] = CFrame.new(-8.940696716308594e-08, -5.960464477539063e-08, -7.24758137948811e-08, 0.8148974180221558, -0.5788000226020813, -0.030539682134985924, 0.565451979637146, 0.8054673075675964, -0.17744457721710205, 0.12730364501476288, 0.1273302435874939, 0.9836568236351013),
            ["LeftUpperArm"] = CFrame.new(0.029202818870544434, -0.023888349533081055, 0.06496524810791016, 0.6834741830825806, 0.6870298981666565, -0.24668747186660767, -0.13852432370185852, 0.45386746525764465, 0.8802357912063599, 0.7167106866836548, -0.5674453973770142, 0.4053768217563629),
            ["RightLowerArm"] = CFrame.new(2.980232238769531e-07, 4.76837158203125e-07, -0.0000037178397178649902, 1, -0.00001915171196742449, 0.0000016577539554418763, 0.000018762422769214027, 0.9546105861663818, -0.29785677790641785, 0.000004174187324679224, 0.29785680770874023, 0.9546106457710266),
            ["LeftHand"] = CFrame.new(-0.0000014901161193847656, -4.172325134277344e-07, 8.940696716308594e-08, 0.6832093000411987, -0.5426250100135803, -0.48865216970443726, 0.6429865956306458, 0.7642205357551575, 0.050359632819890976, 0.3461119532585144, -0.34860455989837646, 0.8710241317749023),
            ["LeftFoot"] = CFrame.new(-7.450580596923828e-08, 1.1920928955078125e-07, 3.3527612686157227e-08, 0.9287154078483582, -0.3700807988643646, -0.022979548200964928, 0.35223355889320374, 0.899894654750824, -0.2571401596069336, 0.1158418357372284, 0.23071599006652832, 0.9661008715629578),
            ["LowerTorso"] = CFrame.new(0.17664192616939545, -0.3528578281402588, 0.3022539019584656, 0.9717245101928711, 0.21802973747253418, 0.09063398092985153, -0.1896984726190567, 0.9494422078132629, -0.25014829635620117, -0.14059148728847504, 0.2258821427822113, 0.9639561176300049),
            ["RightLowerLeg"] = CFrame.new(-9.313225746154785e-09, -0.0007264614105224609, 0.00004614314093487337, 1, 3.2782565995148616e-07, 1.4901164746561335e-08, -5.960464477539063e-08, 0.3378756642341614, 0.9411907196044922, 3.203749656677246e-07, -0.941190779209137, 0.3378759026527405),
            ["LeftUpperLeg"] = CFrame.new(5.960464477539063e-08, -1.862645149230957e-07, -3.5390257835388184e-08, 0.9289975166320801, 0.3483075201511383, 0.12508195638656616, -0.3293413519859314, 0.9322381019592285, -0.14988821744918823, -0.1688133329153061, 0.09805108606815338, 0.9807589054107666),
            ["LeftLowerLeg"] = CFrame.new(-7.450580596923828e-08, -0.000726163387298584, 0.00008089840412139893, 1, 8.940695295223122e-08, 1.4901161193847656e-08, -6.705522537231445e-08, 0.7490289807319641, 0.6625372171401978, 5.960464477539063e-08, -0.6625372767448425, 0.7490290403366089),
        }},
        {Time = 0.033, Data = {
            ["RightFoot"] = CFrame.new(2.3096799850463867e-07, 2.384185791015625e-07, -7.281050784513354e-08, 0.9333979487419128, 0.3219625651836395, -0.1584559828042984, -0.34426769614219666, 0.6788793206214905, -0.6485388875007629, -0.10123270004987717, 0.659896194934845, 0.7445058822631836),
            ["LeftLowerArm"] = CFrame.new(9.5367431640625e-07, -3.5762786865234375e-07, 0.000004991888999938965, 1, 4.284083843231201e-07, -2.6822084464583895e-07, -1.3038514623531228e-07, -0.3735561966896057, -0.9276075959205627, -4.4703477897201083e-07, 0.927607536315918, -0.3735561966896057),
            ["RightUpperArm"] = CFrame.new(-0.02920210361480713, -0.02388608455657959, 0.06496613472700119, 0.9772756099700928, -0.1565660685300827, 0.14289706945419312, 0.15926362574100494, 0.0974675714969635, -0.9824129939079285, 0.13988448679447174, 0.9828464984893799, 0.12018842250108719),
            ["Head"] = CFrame.new(7.450580596923828e-09, -8.344650268554688e-07, -1.4901161193847656e-08, 0.9051473736763, -0.2825394868850708, -0.31761544942855835, 0.27997565269470215, 0.9584464430809021, -0.054720040410757065, 0.3198779821395874, -0.03939509019255638, 0.946639358997345),
            ["RightHand"] = CFrame.new(9.834766387939453e-07, 0.000001430511474609375, -0.0000011026859283447266, -0.2153310626745224, 0.10906063765287399, -0.9704319834709167, 0.669001042842865, 0.7403926253318787, -0.06523801386356354, 0.7113861441612244, -0.6632680892944336, -0.23239120841026306),
            ["UpperTorso"] = CFrame.new(-5.21540641784668e-08, 1.1920928955078125e-07, 7.078051567077637e-08, 0.9733095765113831, -0.14595124125480652, 0.1771070957183838, 0.075973741710186, 0.9331196546554565, 0.3514483869075775, -0.21655617654323578, -0.32861244678497314, 0.9193025231361389),
            ["HumanoidRootPart"] = CFrame.new(0, 0, 0, 1, 0, 0, 0, 1, 0, 0, 0, 1),
            ["RightUpperLeg"] = CFrame.new(-1.1920928955078125e-07, 1.2293457984924316e-07, -1.6952981241047382e-09, 0.8643109202384949, -0.4896615147590637, -0.1148841381072998, 0.47307801246643066, 0.8690282702445984, -0.14486879110336304, 0.17077423632144928, 0.07086236774921417, 0.9827587008476257),
            ["LeftUpperArm"] = CFrame.new(0.029202699661254883, -0.023888468742370605, 0.06496517360210419, 0.6540340781211853, 0.7009740471839905, -0.2843877673149109, -0.12364435195922852, 0.4699455797672272, 0.873992383480072, 0.7462918758392334, -0.5364575386047363, 0.39403173327445984),
            ["RightLowerArm"] = CFrame.new(2.086162567138672e-07, 5.364418029785156e-07, -0.0000034943222999572754, 1, -0.000019136816263198853, 0.0000016540285514565767, 0.00001879408591776155, 0.9543673396110535, -0.29863548278808594, 0.0000041499724829918705, 0.29863542318344116, 0.9543672204017639),
            ["LeftHand"] = CFrame.new(-0.000001341104507446289, -1.7881393432617188e-07, 1.7881393432617188e-07, 0.7102959156036377, -0.5242944955825806, -0.4696735739707947, 0.6071574091911316, 0.7939397692680359, 0.03194190189242363, 0.3561454117298126, -0.30785560607910156, 0.882262110710144),
            ["LeftFoot"] = CFrame.new(-1.4901161193847656e-08, 1.1920928955078125e-07, -9.313225746154785e-08, 0.9481072425842285, -0.31703534722328186, -0.024108735844492912, 0.2996768355369568, 0.9163784384727478, -0.2654137909412384, 0.10623829811811447, 0.24441614747047424, 0.9638331532478333),
            ["LowerTorso"] = CFrame.new(0.2179379016160965, -0.35913586616516113, 0.31359341740608215, 0.9759034514427185, 0.1542411595582962, 0.15434397757053375, -0.11118263751268387, 0.9601302146911621, -0.256492555141449, -0.18775202333927155, 0.2331515997648239, 0.9541433453559875),
            ["RightLowerLeg"] = CFrame.new(-2.7008354663848877e-08, -0.0007265806198120117, 0.00004608353629009798, 1, 3.427267927236244e-07, -5.215408904746255e-08, -5.5879347371501353e-08, 0.37599363923072815, 0.9266221523284912, 2.9616055030601274e-07, -0.9266222715377808, 0.3759939968585968),
            ["LeftUpperLeg"] = CFrame.new(-5.960464477539063e-08, 1.4901161193847656e-08, -2.60770320892334e-08, 0.9073421955108643, 0.4203749895095825, 0.0038889022544026375, -0.399910032749176, 0.8659487962722778, -0.30034101009368896, -0.12962329387664795, 0.270956814289093, 0.9538240432739258),
            ["LeftLowerLeg"] = CFrame.new(7.078051567077637e-08, -0.0007265210151672363, 0.00008094310760498047, 1, 1.0430814256778831e-07, 4.4703494239684005e-08, -7.450581307466564e-08, 0.5919460654258728, 0.805977463722229, 1.0430814256778831e-07, -0.8059776425361633, 0.5919461846351624),
        }},
        {Time = 0.050, Data = {
            ["RightFoot"] = CFrame.new(4.842877388000488e-08, 1.7881393432617188e-07, -5.790934665128589e-08, 0.9399049878120422, 0.28238198161125183, -0.19193527102470398, -0.33803948760032654, 0.690509557723999, -0.6394731402397156, -0.048042621463537216, 0.6659256219863892, 0.7444697022438049),
            ["LeftLowerArm"] = CFrame.new(6.556510925292969e-07, -1.1920928955078125e-07, 0.0000046193599700927734, 1, 4.544855869426101e-07, -2.1886067713694501e-07, -1.8998980522155762e-07, -0.31167638301849365, -0.9501882791519165, -5.066394805908203e-07, 0.9501883387565613, -0.31167641282081604),
            ["RightUpperArm"] = CFrame.new(-0.029202401638031006, -0.02388632297515869, 0.0649660974740982, 0.9734677076339722, -0.17177468538284302, 0.15117564797401428, 0.1675472855567932, 0.08510914444923401, -0.9821835160255432, 0.15584833920001984, 0.981453001499176, 0.11163146048784256),
            ["Head"] = CFrame.new(3.3527612686157227e-08, -0.0000011920928955078125, -8.195638656616211e-08, 0.9208683967590332, -0.20997871458530426, -0.32849735021591187, 0.19984681904315948, 0.9776872396469116, -0.06472206860780716, 0.33475783467292786, -0.006048780865967274, 0.9422847628593445),
            ["RightHand"] = CFrame.new(0.0000011920928955078125, 0.0000013113021850585938, -7.003545761108398e-07, -0.24224820733070374, 0.11568167060613632, -0.963293194770813, 0.6758158802986145, 0.7324960827827454, -0.08198785781860352, 0.6961241364479065, -0.6708705425262451, -0.255625456571579),
            ["UpperTorso"] = CFrame.new(1.1175870895385742e-08, -2.9802322387695312e-08, -1.043081283569336e-07, 0.98606938123703, -0.05959618091583252, 0.15529204905033112, 0.0009994751308113337, 0.9357165098190308, 0.3527517020702362, -0.16633199155330658, -0.347682386636734, 0.9227408766746521),
            ["HumanoidRootPart"] = CFrame.new(0, 0, 0, 1, 0, 0, 0, 1, 0, 0, 0, 1),
            ["RightUpperLeg"] = CFrame.new(0, -1.862645149230957e-08, -3.894820110872388e-08, 0.9048931002616882, -0.38081374764442444, -0.1901298314332962, 0.3694198429584503, 0.9245390295982361, -0.09357645362615585, 0.21141764521598816, 0.014438929036259651, 0.9772892594337463),
            ["LeftUpperArm"] = CFrame.new(0.029202818870544434, -0.023888349533081055, 0.06496517360210419, 0.6180981993675232, 0.7135266065597534, -0.3299034833908081, -0.09710019081830978, 0.48575475811958313, 0.8686848878860474, 0.7800809144973755, -0.5048981308937073, 0.36952710151672363),
            ["RightLowerArm"] = CFrame.new(2.980232238769531e-07, 4.76837158203125e-07, -0.0000036135315895080566, 1, -0.000019146124031976797, 0.0000017210838905157289, 0.00001879408591776155, 0.9534184336662292, -0.30165114998817444, 0.000004138796612096485, 0.30165112018585205, 0.9534183740615845),
            ["LeftHand"] = CFrame.new(-0.000001426786184310913, 1.1920928955078125e-07, 0, 0.748985230922699, -0.48439252376556396, -0.4520871937274933, 0.549941897392273, 0.8350428938865662, 0.016387904062867165, 0.3695741593837738, -0.2608968913555145, 0.8918231725692749),
            ["LeftFoot"] = CFrame.new(-1.4901161193847656e-08, 1.1920928955078125e-07, -2.9802322387695312e-08, 0.9598507881164551, -0.2799393832683563, -0.017901401966810226, 0.27156513929367065, 0.9433335661888123, -0.19072024524211884, 0.07027725875377655, 0.17820186913013458, 0.9814812541007996),
            ["LowerTorso"] = CFrame.new(0.26483452320098877, -0.3619502782821655, 0.3203916549682617, 0.9730398654937744, 0.08716532588005066, 0.21353165805339813, -0.028698500245809555, 0.9643966555595398, -0.2628985047340393, -0.22884486615657806, 0.2496827095746994, 0.9408977627754211),
            ["RightLowerLeg"] = CFrame.new(-1.494772732257843e-07, -0.0007265806198120117, 0.00004614966019289568, 1, 3.0547388973900524e-07, -1.0430819230577981e-07, -9.313227167240257e-08, 0.4251804053783417, 0.9051084518432617, 3.706664415403793e-07, -0.905108630657196, 0.42518073320388794),
            ["LeftUpperLeg"] = CFrame.new(0, -2.123415470123291e-07, -5.960464477539063e-08, 0.8747344613075256, 0.47010695934295654, -0.11764003336429596, -0.4730475842952728, 0.7756394743919373, -0.41786301136016846, -0.10519396513700485, 0.42116841673851013, 0.9008615016937256),
            ["LeftLowerLeg"] = CFrame.new(-6.05359673500061e-08, -0.000726163387298584, 0.00008098036050796509, 1, 8.940696716308594e-08, -1.4901166522918174e-08, -1.0430814256778831e-07, 0.44665342569351196, 0.8947069644927979, 4.4703490686970326e-08, -0.8947070837020874, 0.4466536045074463),
        }},
        {Time = 0.067, Data = {
            ["RightFoot"] = CFrame.new(2.3096799850463867e-07, 2.384185791015625e-07, -2.8107024263590574e-08, 0.9444268941879272, 0.24709825217723846, -0.21679607033729553, -0.32871729135513306, 0.7064489126205444, -0.6267970204353333, -0.0017251071985810995, 0.6632289290428162, 0.7484150528907776),
            ["LeftLowerArm"] = CFrame.new(6.854534149169922e-07, -4.76837158203125e-07, 0.000004738569259643555, 1, 3.4458943787285534e-07, -2.887098560222512e-07, -1.2945380944984208e-07, -0.2576121687889099, -0.9662483334541321, -4.842876251132111e-07, 0.9662484526634216, -0.2576124370098114),
            ["RightUpperArm"] = CFrame.new(-0.02920234203338623, -0.02388596534729004, 0.06496622413396835, 0.9691160321235657, -0.18579965829849243, 0.16214996576309204, 0.17691545188426971, 0.06574755907058716, -0.9820275902748108, 0.1717994511127472, 0.9803855419158936, 0.0965876579284668),
            ["Head"] = CFrame.new(-1.1175870895385742e-08, -4.76837158203125e-07, 3.725290298461914e-08, 0.9305102825164795, -0.14023134112358093, -0.3383578062057495, 0.11961175501346588, 0.989498496055603, -0.08115306496620178, 0.34618470072746277, 0.03504210710525513, 0.9375117421150208),
            ["RightHand"] = CFrame.new(8.940696716308594e-07, 0.0000013113021850585938, -0.0000010132789611816406, -0.2646080553531647, 0.12382049858570099, -0.9563741087913513, 0.6869283318519592, 0.7202485203742981, -0.09680835902690887, 0.6768398284912109, -0.6825764179229736, -0.2756386697292328),
            ["UpperTorso"] = CFrame.new(-8.195638656616211e-08, -2.9802322387695312e-08, 1.4901161193847656e-07, 0.9898038506507874, 0.03132243454456329, 0.1389511376619339, -0.07937716692686081, 0.9312992691993713, 0.3555011451244354, -0.11826985329389572, -0.36290594935417175, 0.9242897629737854),
            ["HumanoidRootPart"] = CFrame.new(0, 0, 0, 1, 0, 0, 0, 1, 0, 0, 0, 1),
            ["RightUpperLeg"] = CFrame.new(-5.960464477539063e-08, 3.166496753692627e-08, 5.045876605436206e-08, 0.9301614165306091, -0.26715949177742004, -0.25184470415115356, 0.2670653462409973, 0.9630346298217773, -0.0352206751704216, 0.25194454193115234, -0.034498266875743866, 0.9671265482902527),
            ["LeftUpperArm"] = CFrame.new(0.029202759265899658, -0.0238875150680542, 0.06496532261371613, 0.5941666960716248, 0.7087557911872864, -0.380306214094162, -0.05457957461476326, 0.5072519183158875, 0.8600675463676453, 0.8024880886077881, -0.49026596546173096, 0.34007516503334045),
            ["RightLowerArm"] = CFrame.new(5.066394805908203e-07, 5.960464477539062e-07, -0.000003866851329803467, 1, -0.000019168479411746375, 0.0000018179414382757386, 0.000018764289052342065, 0.9518189430236816, -0.3066607415676117, 0.000004159287072980078, 0.3066607415676117, 0.9518189430236816),
            ["LeftHand"] = CFrame.new(-0.0000015273690223693848, -1.7881393432617188e-07, 2.9802322387695312e-08, 0.77877277135849, -0.4389786422252655, -0.44811731576919556, 0.4947195053100586, 0.8690120577812195, 0.008469824679195881, 0.38570138812065125, -0.22828899323940277, 0.8939346671104431),
            ["LeftFoot"] = CFrame.new(1.043081283569336e-07, 5.960464477539063e-08, 1.4901161193847656e-08, 0.9701565504074097, -0.2423427402973175, -0.008154943585395813, 0.24055705964565277, 0.9661464691162109, -0.09323768317699432, 0.030474696308374405, 0.08849338442087173, 0.9956105351448059),
            ["LowerTorso"] = CFrame.new(0.3102983832359314, -0.36550772190093994, 0.3230777382850647, 0.9644602537155151, 0.019480539485812187, 0.2635088860988617, 0.053381238132715225, 0.9623491764068604, -0.26652291417121887, -0.2587795853614807, 0.2711172103881836, 0.9271076917648315),
            ["RightLowerLeg"] = CFrame.new(6.682239472866058e-08, -0.0007263422012329102, 0.000046078879677224904, 1, 3.203748804025963e-07, -7.078055830334051e-08, -6.146728992462158e-08, 0.47800686955451965, 0.8783558011054993, 3.2689422369003296e-07, -0.8783560991287231, 0.4780075252056122),
            ["LeftUpperLeg"] = CFrame.new(-5.960464477539063e-08, 6.845220923423767e-08, 3.3527612686157227e-08, 0.8346189260482788, 0.5006786584854126, -0.22963456809520721, -0.5418410301208496, 0.6712573766708374, -0.5057885646820068, -0.0990937277674675, 0.5465660095214844, 0.8315322399139404),
            ["LeftLowerLeg"] = CFrame.new(-5.4016709327697754e-08, -0.0007262229919433594, 0.00008102040737867355, 1, 1.1920926112907182e-07, -7.450583439094771e-08, -1.1920927533992653e-07, 0.319219172000885, 0.9476809501647949, 1.862644971595273e-08, -0.9476808905601501, 0.3192194104194641),
        }},
        {Time = 0.083, Data = {
            ["RightFoot"] = CFrame.new(1.862645149230957e-07, 2.384185791015625e-07, -2.8107024263590574e-08, 0.9487334489822388, 0.22203542292118073, -0.2249559760093689, -0.31496527791023254, 0.7237647175788879, -0.6139719486236572, 0.026491645723581314, 0.653348982334137, 0.7565931677818298),
            ["LeftLowerArm"] = CFrame.new(8.046627044677734e-07, 5.960464477539063e-08, 0.000004738569259643555, 1, 4.6938674813645775e-07, -1.937149818331818e-07, -9.313225746154785e-08, -0.213454008102417, -0.9769530296325684, -5.662441253662109e-07, 0.9769532084465027, -0.21345418691635132),
            ["RightUpperArm"] = CFrame.new(-0.02920234203338623, -0.023886561393737793, 0.06496611982584, 0.9627488851547241, -0.19932924211025238, 0.18270784616470337, 0.19487948715686798, 0.04308372735977173, -0.9798805713653564, 0.18744762241840363, 0.9789850115776062, 0.08032412081956863),
            ["Head"] = CFrame.new(-1.4901161193847656e-08, -8.344650268554688e-07, 1.4901161193847656e-08, 0.9343253374099731, -0.08291340619325638, -0.34664320945739746, 0.05063457787036896, 0.9935792088508606, -0.10117624700069427, 0.35280632972717285, 0.07697916775941849, 0.9325245022773743),
            ["RightHand"] = CFrame.new(8.940696716308594e-07, 0.0000013113021850585938, -6.556510925292969e-07, -0.279678612947464, 0.1305563747882843, -0.9511755704879761, 0.6982167959213257, 0.7076677083969116, -0.1081664189696312, 0.6589940786361694, -0.6943784356117249, -0.28907614946365356),
            ["UpperTorso"] = CFrame.new(4.470348358154297e-08, -1.4901161193847656e-07, -5.21540641784668e-08, 0.9837433099746704, 0.12451109290122986, 0.12940652668476105, -0.16309428215026855, 0.9210622906684875, 0.3536166846752167, -0.0751623585820198, -0.36897337436676025, 0.9263958930969238),
            ["HumanoidRootPart"] = CFrame.new(0, 0, 0, 1, 0, 0, 0, 1, 0, 0, 0, 1),
            ["RightUpperLeg"] = CFrame.new(0, 5.587935447692871e-08, -9.110226528719068e-08, 0.9385714530944824, -0.16451746225357056, -0.30334410071372986, 0.178447425365448, 0.9837740063667297, 0.01858486421406269, 0.2953644394874573, -0.07157430052757263, 0.9526998400688171),
            ["LeftUpperArm"] = CFrame.new(0.029202699661254883, -0.023888349533081055, 0.06496511399745941, 0.5883232355117798, 0.6827680468559265, -0.4332500100135803, 0.0045856898650527, 0.5329586267471313, 0.8461288213729858, 0.8086128234863281, -0.4997829496860504, 0.31041979789733887),
            ["RightLowerArm"] = CFrame.new(2.682209014892578e-07, 4.76837158203125e-07, -0.0000036582350730895996, 1, -0.000019118189811706543, 0.0000020265581497369567, 0.000018741937310551293, 0.9493759870529175, -0.31414201855659485, 0.00000416301236327854, 0.3141420781612396, 0.949376106262207),
            ["LeftHand"] = CFrame.new(-0.0000015497207641601562, -4.76837158203125e-07, 1.1920928955078125e-07, 0.7934849262237549, -0.39785706996917725, -0.460531622171402, 0.45146700739860535, 0.8922607898712158, 0.007032474968582392, 0.4081166088581085, -0.2134956568479538, 0.887615442276001),
            ["LeftFoot"] = CFrame.new(-1.1920928955078125e-07, 1.1920928955078125e-07, -3.725290298461914e-08, 0.9781365990638733, -0.2077098786830902, 0.010268747806549072, 0.2078554332256317, 0.9780275225639343, -0.016073517501354218, -0.006704434752464294, 0.017856383696198463, 0.9998181462287903),
            ["LowerTorso"] = CFrame.new(0.349982887506485, -0.3706648349761963, 0.3236306607723236, 0.9525467753410339, -0.04667644202709198, 0.30079221725463867, 0.1303851157426834, 0.9554949402809143, -0.2646305561065674, -0.2750534117221832, 0.29129183292388916, 0.9162394404411316),
            ["RightLowerLeg"] = CFrame.new(4.7963112592697144e-08, -0.0007264614105224609, 0.00004605932190315798, 1, 2.160669083650646e-07, -1.1175876579727628e-07, -5.960463766996327e-08, 0.5281461477279663, 0.849153459072113, 3.7183048107181094e-07, -0.8491535186767578, 0.5281463861465454),
            ["LeftUpperLeg"] = CFrame.new(5.960464477539063e-08, -4.889443516731262e-08, -1.1175870895385742e-08, 0.7911869287490845, 0.5160410404205322, -0.3282146453857422, -0.6018349528312683, 0.5615692138671875, -0.5678334832191467, -0.10871018469333649, 0.6467933654785156, 0.7548776865005493),
            ["LeftLowerLeg"] = CFrame.new(1.1175870895385742e-07, -0.0007263422012329102, 0.00008101388812065125, 1, 1.6391277313232422e-07, 1.3411046495548362e-07, -5.960463766996327e-08, 0.20749667286872864, 0.9782357811927795, 8.568166975919667e-08, -0.9782357215881348, 0.20749658346176147),
        }},
        {Time = 0.100, Data = {
            ["RightFoot"] = CFrame.new(4.209578037261963e-07, 2.980232238769531e-07, -7.281050784513354e-08, 0.9540542364120483, 0.20755043625831604, -0.21610994637012482, -0.2975376844406128, 0.7413984537124634, -0.6014975905418396, 0.03538244590163231, 0.6381622552871704, 0.769088625907898),
            ["LeftLowerArm"] = CFrame.new(8.046627044677734e-07, 3.5762786865234375e-07, 0.000004857778549194336, 1, 3.7252937090670457e-07, -1.8626434439283912e-07, -1.043081283569336e-07, -0.17369060218334198, -0.9848002195358276, -5.364418029785156e-07, 0.9848003387451172, -0.17369115352630615),
            ["RightUpperArm"] = CFrame.new(-0.029202401638031006, -0.02388620376586914, 0.06496626883745193, 0.9561478495597839, -0.2086796760559082, 0.20550920069217682, 0.21442566812038422, 0.020794235169887543, -0.9765189290046692, 0.1995072215795517, 0.9777629375457764, 0.0646287351846695),
            ["Head"] = CFrame.new(-2.9802322387695312e-08, -7.152557373046875e-07, 5.960464477539063e-08, 0.934399425983429, -0.03789635747671127, -0.3542053699493408, -0.004979394376277924, 0.9928387403488159, -0.11935927718877792, 0.3561922311782837, 0.11329284310340881, 0.9275193214416504),
            ["RightHand"] = CFrame.new(0.000001043081283569336, 0.0000013709068298339844, -9.5367431640625e-07, -0.2849051058292389, 0.1319771409034729, -0.9494268298149109, 0.7067856788635254, 0.6980069875717163, -0.11506432294845581, 0.6475206613540649, -0.703823983669281, -0.2921452224254608),
            ["UpperTorso"] = CFrame.new(-3.725290298461914e-08, -6.258487701416016e-07, 0, 0.9686081409454346, 0.21417251229286194, 0.1262081116437912, -0.24514707922935486, 0.9071638584136963, 0.3419892489910126, -0.041247040033340454, -0.36219310760498047, 0.9311900734901428),
            ["HumanoidRootPart"] = CFrame.new(0, 0, 0, 1, 0, 0, 0, 1, 0, 0, 0, 1),
            ["RightUpperLeg"] = CFrame.new(2.9802322387695312e-08, -6.221234798431396e-07, 1.3205863069742918e-08, 0.9350275993347168, -0.07790550589561462, -0.34591078758239746, 0.10515113919973373, 0.9926032423973083, 0.06068010255694389, 0.3386248052120209, -0.0931105762720108, 0.9363031983375549),
            ["LeftUpperArm"] = CFrame.new(0.029202818870544434, -0.023888587951660156, 0.06496523320674896, 0.5917564630508423, 0.6457934975624084, -0.4824698865413666, 0.0709347203373909, 0.5544722080230713, 0.8291733264923096, 0.8029897212982178, -0.5248917937278748, 0.2823019325733185),
            ["RightLowerArm"] = CFrame.new(2.384185791015625e-07, 5.960464477539062e-07, -0.000002942979335784912, 1, -0.000019088380213361233, 0.000002115964207405341, 0.000018784767235047184, 0.9467670917510986, -0.3219195008277893, 0.000004148108928347938, 0.3219195008277893, 0.9467670321464539),
            ["LeftHand"] = CFrame.new(-0.00000155717134475708, -1.7881393432617188e-07, 3.2782554626464844e-07, 0.8003488779067993, -0.36073046922683716, -0.47886672616004944, 0.4133743345737457, 0.9105485677719116, 0.004969123750925064, 0.4342387914657593, -0.20192819833755493, 0.8778735995292664),
            ["LeftFoot"] = CFrame.new(-2.9802322387695312e-08, 1.1920928955078125e-07, 1.4901161193847656e-08, 0.9813691973686218, -0.18907104432582855, 0.034157704561948776, 0.18702417612075806, 0.9807830452919006, 0.055558741092681885, -0.04400566965341568, -0.04813500493764877, 0.9978710412979126),
            ["LowerTorso"] = CFrame.new(0.38282108306884766, -0.3769817352294922, 0.32441312074661255, 0.9396008849143982, -0.11194673925638199, 0.3234473168849945, 0.2005712240934372, 0.9458310008049011, -0.25529417395591736, -0.2773471176624298, 0.30474889278411865, 0.9111567735671997),
            ["RightLowerLeg"] = CFrame.new(-6.641494110226631e-08, -0.0007264018058776855, 0.000046119857870507985, 1, 2.682209014892578e-07, -9.313227877782992e-08, -2.980232594040899e-08, 0.5721551179885864, 0.8201452493667603, 2.998858974478935e-07, -0.8201454877853394, 0.5721553564071655),
            ["LeftUpperLeg"] = CFrame.new(0, -5.527399480342865e-07, 2.9802322387695312e-08, 0.7464628219604492, 0.5230715274810791, -0.4113263487815857, -0.6523945331573486, 0.4535394012928009, -0.6071929335594177, -0.13105271756649017, 0.7215941548347473, 0.679799497127533),
            ["LeftLowerLeg"] = CFrame.new(3.725290298461914e-08, -0.0007264614105224609, 0.00008091330528259277, 1, 1.192092469182171e-07, 5.96046660916727e-08, -1.043081283569336e-07, 0.11936409771442413, 0.9928506016731262, 2.0116567611694336e-07, -0.9928505420684814, 0.11936431378126144),
        }},
        {Time = 0.117, Data = {
            ["RightFoot"] = CFrame.new(1.043081283569336e-07, 2.384185791015625e-07, 3.149762051180005e-08, 0.9589378833770752, 0.19963344931602478, -0.20145636796951294, -0.28146857023239136, 0.7571237683296204, -0.5895242094993591, 0.034838683903217316, 0.6220210194587708, 0.7822253704071045),
            ["LeftLowerArm"] = CFrame.new(8.940696716308594e-07, -1.7881393432617188e-07, 0.0000044405460357666016, 1, 4.6193645175662823e-07, -2.2351726158831298e-07, -1.341104365337742e-07, -0.13327105343341827, -0.991079568862915, -4.917382625535538e-07, 0.9910797476768494, -0.1332714557647705),
            ["RightUpperArm"] = CFrame.new(-0.029202282428741455, -0.02388620376586914, 0.0649661049246788, 0.9525285959243774, -0.20922105014324188, 0.22116905450820923, 0.22560927271842957, -0.002709166379645467, -0.9742141366004944, 0.2044254094362259, 0.977864682674408, 0.04462192580103874),
            ["Head"] = CFrame.new(0, -7.152557373046875e-07, -1.4901161193847656e-08, 0.9320982098579407, -0.0002832053869497031, -0.3622056841850281, -0.05416174978017807, 0.9886474609375, -0.14015258848667145, 0.3581335246562958, 0.15025343000888824, 0.9215011596679688),
            ["RightHand"] = CFrame.new(8.642673492431641e-07, 0.0000011920928955078125, -0.0000011324882507324219, -0.28266841173171997, 0.1301599144935608, -0.9503458738327026, 0.7093369364738464, 0.6952998042106628, -0.11575425416231155, 0.6457086801528931, -0.7068356871604919, -0.2888660132884979),
            ["UpperTorso"] = CFrame.new(1.6391277313232422e-07, 2.9802322387695312e-08, 2.60770320892334e-08, 0.94913250207901, 0.28780561685562134, 0.1277320683002472, -0.31426000595092773, 0.8912133574485779, 0.32707729935646057, -0.019701695069670677, -0.3505806028842926, 0.9363252520561218),
            ["HumanoidRootPart"] = CFrame.new(0, 0, 0, 1, 0, 0, 0, 1, 0, 0, 0, 1),
            ["RightUpperLeg"] = CFrame.new(1.1920928955078125e-07, -2.3096799850463867e-07, 2.029992174357176e-09, 0.9272181987762451, -0.007016455288976431, -0.3744560182094574, 0.04499256610870361, 0.9946704506874084, 0.09277142584323883, 0.37180933356285095, -0.10286719352006912, 0.9225921630859375),
            ["LeftUpperArm"] = CFrame.new(0.02920287847518921, -0.023887991905212402, 0.06496518850326538, 0.5928248167037964, 0.6146326065063477, -0.5203719139099121, 0.12555740773677826, 0.5677160024642944, 0.8135928511619568, 0.7954835891723633, -0.547654390335083, 0.25938355922698975),
            ["RightLowerArm"] = CFrame.new(8.940696716308594e-08, 5.960464477539062e-07, -0.0000034794211387634277, 1, -0.00001906603210954927, 0.000002142041694241925, 0.000018784774511004798, 0.9464899897575378, -0.3227333426475525, 0.0000041676680666569155, 0.32273340225219727, 0.9464899301528931),
            ["LeftHand"] = CFrame.new(-0.00000155717134475708, -3.5762786865234375e-07, 2.682209014892578e-07, 0.8112014532089233, -0.32116857171058655, -0.4886731803417206, 0.3669009506702423, 0.9302577376365662, -0.002333583077415824, 0.4553415775299072, -0.1774015575647354, 0.8724638819694519),
            ["LeftFoot"] = CFrame.new(7.450580596923828e-08, 0, -1.4901161193847656e-08, 0.9792373180389404, -0.19288910925388336, 0.06235574185848236, 0.18401171267032623, 0.9748395681381226, 0.1258070319890976, -0.08505359292030334, -0.11172094941139221, 0.9900931119918823),
            ["LowerTorso"] = CFrame.new(0.4083458185195923, -0.3823329210281372, 0.32533204555511475, 0.9276829957962036, -0.17200280725955963, 0.33138999342918396, 0.25991109013557434, 0.9347013831138611, -0.24244502186775208, -0.2680494785308838, 0.31104403734207153, 0.9118120074272156),
            ["RightLowerLeg"] = CFrame.new(1.3457611203193665e-07, -0.0007262825965881348, 0.00004603603883879259, 1, 2.5331982556053845e-07, -2.0116578980378108e-07, -6.891786341611805e-08, 0.6093942523002625, 0.792867124080658, 2.719461633660103e-07, -0.7928673624992371, 0.6093945503234863),
            ["LeftUpperLeg"] = CFrame.new(8.940696716308594e-08, -1.0151416063308716e-07, -3.725290298461914e-08, 0.7039957046508789, 0.527381420135498, -0.4756668210029602, -0.692241370677948, 0.3598676919937134, -0.6255376935005188, -0.1587197631597519, 0.7696519494056702, 0.6184203624725342),
            ["LeftLowerLeg"] = CFrame.new(-9.685754776000977e-08, -0.0007265210151672363, 0.00008095055818557739, 1, 1.4156097449813387e-07, 3.725290298461914e-08, -7.450580596923828e-08, 0.05890446901321411, 0.9982635974884033, 5.21540641784668e-08, -0.9982635974884033, 0.05890452861785889),
        }},
        {Time = 0.133, Data = {
            ["RightFoot"] = CFrame.new(2.1606683731079102e-07, 1.7881393432617188e-07, 3.149762051180005e-08, 0.9624507427215576, 0.19519463181495667, -0.18864679336547852, -0.2694590091705322, 0.771122395992279, -0.5768553018569946, 0.03287084028124809, 0.6060276627540588, 0.7947643995285034),
            ["LeftLowerArm"] = CFrame.new(7.152557373046875e-07, -2.980232238769531e-07, 0.000004887580871582031, 1, 5.066398784947523e-07, -2.2351723316660355e-07, -1.341104365337742e-07, -0.10095175355672836, -0.994891345500946, -4.619359401658585e-07, 0.994891345500946, -0.10095220059156418),
            ["RightUpperArm"] = CFrame.new(-0.02920234203338623, -0.02388608455657959, 0.06496627628803253, 0.9546968340873718, -0.19915378093719482, 0.22111456096172333, 0.22005179524421692, -0.02773939073085785, -0.9750936627388, 0.20032760500907898, 0.9795756340026855, 0.01734141819179058),
            ["Head"] = CFrame.new(1.4901161193847656e-08, -7.152557373046875e-07, 7.450580596923828e-08, 0.9270133972167969, 0.039133377373218536, -0.37298068404197693, -0.10749687999486923, 0.9805362224578857, -0.16429615020751953, 0.3592917323112488, 0.19239892065525055, 0.9131770133972168),
            ["RightHand"] = CFrame.new(8.940696716308594e-07, 0.000001430511474609375, -9.834766387939453e-07, -0.27321043610572815, 0.12463340908288956, -0.9538463950157166, 0.7061187624931335, 0.6993594765663147, -0.11087226867675781, 0.6532627940177917, -0.7038202881813049, -0.2790778577327728),
            ["UpperTorso"] = CFrame.new(4.470348358154297e-08, -3.5762786865234375e-07, -7.078051567077637e-08, 0.9334229826927185, 0.3334805965423584, 0.132334366440773, -0.35866546630859375, 0.8765679597854614, 0.32091692090034485, -0.008980589918792248, -0.34701502323150635, 0.9378166794776917),
            ["HumanoidRootPart"] = CFrame.new(0, 0, 0, 1, 0, 0, 0, 1, 0, 0, 0, 1),
            ["RightUpperLeg"] = CFrame.new(-5.960464477539063e-08, -1.1175870895385742e-07, -6.502523319795728e-08, 0.9206140637397766, 0.046247150748968124, -0.3877255916595459, 0.0006793776410631835, 0.9927701354026794, 0.12002873420715332, 0.3904731869697571, -0.11076386272907257, 0.9139267802238464),
            ["LeftUpperArm"] = CFrame.new(0.029202818870544434, -0.023888230323791504, 0.06496532261371613, 0.5992778539657593, 0.5927895903587341, -0.5380224585533142, 0.1550869196653366, 0.5733714699745178, 0.8044824600219727, 0.78537517786026, -0.5655488967895508, 0.25167402625083923),
            ["RightLowerArm"] = CFrame.new(5.960464477539063e-08, 5.960464477539062e-07, -0.000004023313522338867, 1, -0.000019110737412120216, 0.000001978128921109601, 0.000018706547052715905, 0.9492073059082031, -0.3146514296531677, 0.000004126690782868536, 0.31465139985084534, 0.9492073059082031),
            ["LeftHand"] = CFrame.new(-0.000001385807991027832, -4.76837158203125e-07, 8.940696716308594e-08, 0.8238956928253174, -0.27881133556365967, -0.49341511726379395, 0.31637582182884216, 0.9486030340194702, -0.0077469684183597565, 0.4702150523662567, -0.14972198009490967, 0.8697595000267029),
            ["LeftFoot"] = CFrame.new(-4.470348358154297e-08, 1.1920928955078125e-07, 3.725290298461914e-08, 0.9740496873855591, -0.20236097276210785, 0.10137645155191422, 0.182051420211792, 0.9666170477867126, 0.18030236661434174, -0.13447847962379456, -0.15716774761676788, 0.978373110294342),
