return {
    ["Hey Pookie"] = {
        {Time = 0.000, Data = {
            ["RightFoot"] = CFrame.new(1.126900315284729e-07, 4.76837158203125e-07, 5.420588422566652e-09, 0.9963012933731079, 0.08589697629213333, 0.002341363113373518, -0.08448822051286697, 0.9842031002044678, -0.15558262169361115, -0.015668483451008797, 0.1548095941543579, 0.9878202080726624),
            ["LeftLowerArm"] = CFrame.new(0, 3.5762786865234375e-07, -1.1920928955078125e-07, 1, -6.705523247774181e-08, -5.587936335871291e-09, 4.132744280127554e-08, 0.8697265386581421, -0.493534117937088, 4.842878098543224e-08, 0.4935340881347656, 0.8697265386581421),
            ["LeftFoot"] = CFrame.new(5.052424967288971e-08, -1.7881393432617188e-07, -1.30385160446167e-08, 0.999966025352478, -0.008251477964222431, -0.000034447763027856126, 0.00807608850300312, 0.9795513153076172, -0.20103223621845245, 0.0016925707459449768, 0.20102515816688538, 0.9795846939086914),
            ["Head"] = CFrame.new(-2.7939677238464355e-09, 1.1920928955078125e-07, -3.306195139884949e-08, 0.9954371452331543, -0.024018939584493637, 0.09234733134508133, 0.024286724627017975, 0.9997034668922424, -0.0017768695252016187, -0.09227725863456726, 0.004011576063930988, 0.9957252740859985),
            ["LowerTorso"] = CFrame.new(0, -0.041037559509277344, 0, 0.9964277744293213, 0.005838343407958746, -0.08424758166074753, 0.001984045607969165, 0.9957135915756226, 0.09246886521577835, 0.08442632108926773, -0.09230569005012512, 0.9921451807022095),
            ["UpperTorso"] = CFrame.new(-9.313225746154785e-10, 2.384185791015625e-07, -1.3969838619232178e-08, 0.999374508857727, 0.005287577863782644, -0.03496566414833069, -0.006034404039382935, 0.9997552633285522, -0.02128797583281994, 0.0348445288836956, 0.021485643461346626, 0.9991617798805237),
            ["HumanoidRootPart"] = CFrame.new(0, 0, 0, 1, 0, 0, 0, 1, 0, 0, 0, 1),
            ["RightUpperLeg"] = CFrame.new(0, 2.537854015827179e-08, -2.032174961641431e-08, 0.9836087226867676, -0.11776214838027954, -0.13655075430870056, 0.06882921606302261, 0.9451482892036438, -0.3193078637123108, 0.16666315495967865, 0.3046751320362091, 0.9377614259719849),
            ["LeftUpperArm"] = CFrame.new(0, 1.1920928955078125e-07, -7.450580596923828e-09, 0.9392988085746765, -0.011092470027506351, -0.34292107820510864, 0.013458363711833954, 0.9998993277549744, 0.004520202521234751, 0.3428364396095276, -0.008860981091856956, 0.9393534064292908),
            ["RightLowerArm"] = CFrame.new(1.1920928955078125e-07, -1.1920928955078125e-07, -8.940696716308594e-08, 1, 2.3283064365386963e-09, -2.0314471882443286e-08, 1.862645371275562e-09, 0.9998242855072021, -0.018747050315141678, -1.0477380074647158e-09, 0.018747055903077126, 0.9998242259025574),
            ["LeftHand"] = CFrame.new(8.940696716308594e-08, -1.1920928955078125e-07, -2.9802322387695312e-08, 0.997890830039978, 0.05033106729388237, 0.04099531099200249, -0.04246421158313751, 0.9837964177131653, -0.1741885393857956, -0.04909815639257431, 0.17208023369312286, 0.9838586449623108),
            ["RightHand"] = CFrame.new(-1.471489667892456e-07, -2.384185791015625e-07, -7.450580596923828e-09, 0.9993433356285095, 0.01933947019279003, 0.030641378834843636, -0.01657211035490036, 0.9959713816642761, -0.088127002120018, -0.03222224861383438, 0.08756134659051895, 0.9956378936767578),
            ["RightUpperArm"] = CFrame.new(0, 0.025728225708007812, 0.0008585602045059204, 0.9679723978042603, -0.029658326879143715, 0.2492988258600235, 0.010906471870839596, 0.9970278739929199, 0.07626595348119736, -0.2508198320865631, -0.07110436260700226, 0.9654188752174377),
            ["RightLowerLeg"] = CFrame.new(-1.862645149230957e-09, -0.0000033974647521972656, -0.00001326033816440031, 1, -9.685756197086448e-08, -3.91155481338501e-08, 1.0803343286625022e-07, 0.9247134327888489, 0.3806638717651367, -6.146729703004894e-08, -0.3806641399860382, 0.9247135519981384),
            ["LeftUpperLeg"] = CFrame.new(0, 2.561137080192566e-09, -2.9802322387695312e-08, 0.99166339635849, 0.04009278863668442, 0.12245987355709076, 0.0017025433480739594, 0.9462029933929443, -0.3235693573951721, -0.1288447082042694, 0.32108035683631897, 0.9382465481758118),
            ["LeftLowerLeg"] = CFrame.new(-2.60770320892334e-08, 0.0000040531158447265625, 0.00001329369843006134, 1, 1.0983784193285828e-07, 1.3969838619232178e-09, -1.0151416063308716e-07, 0.9048265814781189, 0.42578038573265076, 1.7695128917694092e-08, -0.42578038573265076, 0.9048266410827637),
        }},
        {Time = 0.034, Data = {
            ["RightFoot"] = CFrame.new(4.0046870708465576e-08, 4.172325134277344e-07, -2.6244379114359617e-08, 0.9965173006057739, 0.08335474133491516, 0.002314436249434948, -0.08206960558891296, 0.9853124618530273, -0.1497466266155243, -0.01476261205971241, 0.14903508126735687, 0.9887217879295349),
            ["LeftLowerArm"] = CFrame.new(-2.9802322387695312e-08, 5.960464477539063e-08, -5.960464477539063e-08, 1, -9.685756197086448e-08, -2.2351748896198842e-08, 5.774201383701438e-08, 0.7528340816497803, -0.6582105159759521, 1.1292288881747936e-08, 0.6582103967666626, 0.7528340816497803),
            ["LeftFoot"] = CFrame.new(-1.4901161193847656e-08, -5.960464477539063e-08, 9.313225746154785e-09, 0.999942421913147, -0.010735870338976383, -0.0000344701147696469, 0.010515418834984303, 0.9800459146499634, -0.19849331676959991, 0.002164751524105668, 0.1984814703464508, 0.9801023602485657),
            ["Head"] = CFrame.new(2.7939677238464355e-09, 1.1920928955078125e-07, -1.792795956134796e-08, 0.9954898953437805, -0.027629533782601357, 0.09075605869293213, 0.028412699699401855, 0.999569296836853, -0.0073484699241817, -0.0905139222741127, 0.009893952868878841, 0.995846152305603),
            ["LowerTorso"] = CFrame.new(0.004014784004539251, -0.03921341896057129, 0.00004651530252886005, 0.996101975440979, 0.0052050696685910225, -0.08805512636899948, 0.0028430793900042772, 0.995844304561615, 0.09102749079465866, 0.08816300332546234, -0.090923011302948, 0.9919477105140686),
            ["UpperTorso"] = CFrame.new(9.313225746154785e-10, 2.9802322387695312e-08, 1.83936208486557e-08, 0.9993982911109924, 0.0054167937487363815, -0.03426175191998482, -0.006168516352772713, 0.9997417330741882, -0.021873053163290024, 0.034134432673454285, 0.022071223706007004, 0.9991735219955444),
            ["HumanoidRootPart"] = CFrame.new(0, 0, 0, 1, 0, 0, 0, 1, 0, 0, 0, 1),
            ["RightUpperLeg"] = CFrame.new(-8.940696716308594e-08, 8.055940270423889e-08, 3.55576048605144e-08, 0.9844824075698853, -0.11291884630918503, -0.134327232837677, 0.06603013724088669, 0.9475789070129395, -0.3126246929168701, 0.162586972117424, 0.29890385270118713, 0.9403308629989624),
            ["LeftUpperArm"] = CFrame.new(5.960464477539063e-08, 2.384185791015625e-07, 0, 0.940889835357666, -0.03237515687942505, -0.33716192841529846, 0.0003466675989329815, 0.9955130219459534, -0.09462432563304901, 0.33871251344680786, 0.0889141783118248, 0.9366793632507324),
            ["RightLowerArm"] = CFrame.new(5.960464477539063e-08, -2.384185791015625e-07, -2.421438694000244e-08, 1, -9.31322685637781e-10, -1.0360964530775618e-08, 3.725290298461914e-09, 0.9998053908348083, -0.019729891791939735, -2.852175384759903e-09, 0.019729875028133392, 0.9998053908348083),
            ["LeftHand"] = CFrame.new(-2.2351741790771484e-08, -2.384185791015625e-07, -5.960464477539063e-08, 0.9978731274604797, 0.04906342923641205, 0.04291988164186478, -0.03995727375149727, 0.9805895090103149, -0.1919579803943634, -0.051504895091056824, 0.18983474373817444, 0.9804642200469971),
            ["RightHand"] = CFrame.new(1.2293457984924316e-07, 5.960464477539063e-08, -2.9802322387695312e-08, 0.9993256330490112, 0.021143300458788872, 0.030023112893104553, -0.018485290929675102, 0.9961059093475342, -0.08620520681142807, -0.03172885254025459, 0.08559208363294601, 0.9958249926567078),
            ["RightUpperArm"] = CFrame.new(-5.960464477539063e-08, 0.02572798728942871, 0.0008585425093770027, 0.9667937755584717, -0.030599327757954597, 0.2537195682525635, 0.0117536885663867, 0.9970793724060059, 0.07546348869800568, -0.25528764724731445, -0.06997547298669815, 0.9643296599388123),
            ["RightLowerLeg"] = CFrame.new(2.9802322387695312e-08, -0.0000037550926208496094, -0.000013364646292757243, 1, -1.0430814256778831e-07, -3.445894591891374e-08, 9.685756197086448e-08, 0.9290302395820618, 0.3700040876865387, -5.587936335871291e-09, -0.3700040280818939, 0.929030179977417),
            ["LeftUpperLeg"] = CFrame.new(5.960464477539063e-08, 1.1641532182693481e-09, 0, 0.9911350011825562, 0.04356641694903374, 0.12551277875900269, -0.0014667706564068794, 0.9482377767562866, -0.31755775213241577, -0.132850781083107, 0.3145585358142853, 0.9398955702781677),
            ["LeftLowerLeg"] = CFrame.new(-4.0978193283081055e-08, 0.000003814697265625, 0.000013310462236404419, 1, -2.3283059924494864e-09, -9.778887921640944e-09, 9.31322685637781e-10, 0.9080274701118469, 0.4189106225967407, 2.3283067140944524e-10, -0.41891050338745117, 0.9080274701118469),
        }},
        {Time = 0.069, Data = {
            ["RightFoot"] = CFrame.new(1.0244548320770264e-08, 2.980232238769531e-07, -2.996966941282153e-08, 0.9970394372940063, 0.07685926556587219, 0.002252059755846858, -0.07583163678646088, 0.9877132773399353, -0.13664557039737701, -0.012726875022053719, 0.13607068359851837, 0.9906174540519714),
            ["LeftLowerArm"] = CFrame.new(-1.7881393432617188e-07, 5.364418029785156e-07, -2.980232238769531e-07, 1, -1.0541404549258004e-07, 4.610046033803883e-08, 8.707865362111988e-08, 0.3817113935947418, -0.9242815971374512, 1.235748499084366e-07, 0.9242815375328064, 0.38171133399009705),
            ["LeftFoot"] = CFrame.new(-7.683411240577698e-09, 1.1920928955078125e-07, 9.313225746154785e-09, 0.99985271692276, -0.01716655120253563, -0.000009909273103403393, 0.016843348741531372, 0.9811387062072754, -0.19257031381130219, 0.003315404523164034, 0.19254176318645477, 0.9812832474708557),
            ["Head"] = CFrame.new(-2.3283064365386963e-09, -3.5762786865234375e-07, 7.450580596923828e-09, 0.9955481886863708, -0.036229830235242844, 0.08701241761445999, 0.038170285522937775, 0.9990559816360474, -0.02074107713997364, -0.08617878705263138, 0.023970026522874832, 0.9959912896156311),
            ["LowerTorso"] = CFrame.new(0.014360366389155388, -0.03521120548248291, 0.00020557978132274002, 0.9951345920562744, 0.0043250797316432, -0.09843087196350098, 0.004368050489574671, 0.9961170554161072, 0.0879305824637413, 0.09842898696660995, -0.08793270587921143, 0.991251528263092),
            ["UpperTorso"] = CFrame.new(6.984919309616089e-10, 0, -2.9453076422214508e-08, 0.9994971752166748, 0.005401835311204195, -0.031244901940226555, -0.0061372872442007065, 0.9997053146362305, -0.02349046804010868, 0.03110881894826889, 0.02367039956152439, 0.9992356896400452),
            ["HumanoidRootPart"] = CFrame.new(0, 0, 0, 1, 0, 0, 0, 1, 0, 0, 0, 1),
            ["RightUpperLeg"] = CFrame.new(0, 6.51925802230835e-09, -2.4047039914876223e-08, 0.986656665802002, -0.10149384289979935, -0.12730969488620758, 0.059452448040246964, 0.952521800994873, -0.29860979318618774, 0.15157228708267212, 0.2870563566684723, 0.945845901966095),
            ["LeftUpperArm"] = CFrame.new(0, -3.5762786865234375e-07, 7.450580596923828e-09, 0.9462258815765381, -0.08531464636325836, -0.3120543956756592, -0.023830216377973557, 0.9435977339744568, -0.3302356004714966, 0.3226277530193329, 0.3199138045310974, 0.8908235430717468),
            ["RightLowerArm"] = CFrame.new(1.7881393432617188e-07, -2.384185791015625e-07, -5.21540641784668e-08, 1, -1.7462300494486271e-09, -4.99130736741904e-09, 3.0267979234110953e-09, 0.9997258186340332, -0.023416323587298393, 6.51925713412993e-09, 0.023416321724653244, 0.9997258186340332),
            ["LeftHand"] = CFrame.new(2.2118911147117615e-07, 5.960464477539063e-08, 1.862645149230957e-08, 0.9978328943252563, 0.047652341425418854, 0.04537393897771835, -0.03564219921827316, 0.971091091632843, -0.23603370785713196, -0.055309783667325974, 0.23390495777130127, 0.9706850647926331),
            ["RightHand"] = CFrame.new(-5.448237061500549e-08, 3.5762786865234375e-07, 7.450580596923828e-09, 0.9992724657058716, 0.025378677994012833, 0.02846830151975155, -0.02298443391919136, 0.9964092373847961, -0.08148840069770813, -0.030434144660830498, 0.08077477663755417, 0.9962676763534546),
            ["RightUpperArm"] = CFrame.new(1.1920928955078125e-07, 0.0257260799407959, 0.0008584568277001381, 0.9650996923446655, -0.03302859514951706, 0.25979185104370117, 0.014169184491038322, 0.9971475005149841, 0.07413516193628311, -0.2614993751049042, -0.06786675751209259, 0.9628147482872009),
            ["RightLowerLeg"] = CFrame.new(5.4016709327697754e-08, -0.000003516674041748047, -0.0000133199428091757, 1, -4.4703497792397684e-08, 1.0244550985305523e-08, 2.6077035641947077e-08, 0.9379660487174988, 0.3467269837856293, -1.1175872671742582e-08, -0.3467274308204651, 0.9379662275314331),
            ["LeftUpperLeg"] = CFrame.new(0, 1.862645149230957e-08, -1.1175870895385742e-08, 0.9895843267440796, 0.051907628774642944, 0.13427069783210754, -0.008889677934348583, 0.9529823660850525, -0.30289530754089355, -0.1436801254749298, 0.29854682087898254, 0.943517804145813),
            ["LeftLowerLeg"] = CFrame.new(8.381903171539307e-09, 0.000003933906555175781, 0.000013288110494613647, 1, 5.122273449842396e-08, 3.4226101064405157e-08, -6.05359673500061e-08, 0.9156191349029541, 0.40204665064811707, 2.9103830456733704e-08, -0.40204665064811707, 0.9156191349029541),
        }},
        {Time = 0.103, Data = {
            ["RightFoot"] = CFrame.new(-4.0978193283081055e-08, 3.5762786865234375e-07, -1.673470251262188e-10, 0.9976760149002075, 0.06810297071933746, 0.0021706095430999994, -0.06731276214122772, 0.9900418519973755, -0.12363716214895248, -0.010569113306701183, 0.12320385128259659, 0.9923251271247864),
            ["LeftLowerArm"] = CFrame.new(8.940696716308594e-08, 2.384185791015625e-07, 0, 1, -8.568167686462402e-08, 1.4435499906539917e-07, 7.729977369308472e-08, -0.19735880196094513, -0.9803314208984375, 9.592622518539429e-08, 0.9803313612937927, -0.19735871255397797),
            ["LeftFoot"] = CFrame.new(2.2817403078079224e-08, 0, -1.4901161193847656e-08, 0.9996612668037415, -0.026025384664535522, 0.00008705259097041562, 0.025588259100914, 0.9822497367858887, -0.18582427501678467, 0.004750605672597885, 0.18576359748840332, 0.9825830459594727),
            ["Head"] = CFrame.new(9.313225746154785e-10, 1.1920928955078125e-07, 0, 0.9954973459243774, -0.046453047543764114, 0.08262669295072556, 0.049640774726867676, 0.9980834126472473, -0.036952391266822815, -0.08075177669525146, 0.04088766127824783, 0.9958953261375427),
            ["LowerTorso"] = CFrame.new(0.028488554060459137, -0.031235694885253906, 0.0005064710276201367, 0.9934917092323303, 0.004736720584332943, -0.11380606889724731, 0.004990600980818272, 0.9963653683662415, 0.08503611385822296, 0.1137952208518982, -0.08505063503980637, 0.9898570775985718),
            ["UpperTorso"] = CFrame.new(-6.984919309616089e-10, -1.1920928955078125e-07, 2.561137080192566e-09, 0.9996878504753113, 0.004659595433622599, -0.024547787383198738, -0.005296256393194199, 0.9996496438980103, -0.025934716686606407, 0.02441834658384323, 0.02605663798749447, 0.9993622899055481),
            ["HumanoidRootPart"] = CFrame.new(0, 0, 0, 1, 0, 0, 0, 1, 0, 0, 0, 1),
            ["RightUpperLeg"] = CFrame.new(-2.9802322387695312e-08, 2.0279549062252045e-07, -1.287116901949048e-08, 0.9894343018531799, -0.08817892521619797, -0.11508411169052124, 0.05183970183134079, 0.9564751386642456, -0.2871725261211395, 0.13539771735668182, 0.2781723141670227, 0.9509404301643372),
            ["LeftUpperArm"] = CFrame.new(0, 0, 0, 0.9544945359230042, -0.14777328073978424, -0.2590430974960327, -0.033840712159872055, 0.8093284368515015, -0.5863807797431946, 0.29630231857299805, 0.5684635043144226, 0.767498791217804),
            ["RightLowerArm"] = CFrame.new(1.1920928955078125e-07, 1.7881393432617188e-07, -1.1175870895385742e-07, 1, -6.519258910486769e-09, 5.704351657698226e-09, 4.190952029858863e-09, 0.9995220303535461, -0.03091437742114067, 2.9685911506760476e-09, 0.030914366245269775, 0.9995220899581909),
            ["LeftHand"] = CFrame.new(-1.0803341865539551e-07, -1.1920928955078125e-07, -1.4901161193847656e-07, 0.9978486895561218, 0.04936438426375389, 0.04314109683036804, -0.034635692834854126, 0.9556670784950256, -0.29240527749061584, -0.05566295608878136, 0.2902820110321045, 0.9553208947181702),
            ["RightHand"] = CFrame.new(9.406358003616333e-08, -1.7881393432617188e-07, -1.4901161193847656e-08, 0.9991922378540039, 0.030280858278274536, 0.026421161368489265, -0.028208855539560318, 0.996742844581604, -0.07555161416530609, -0.02862287499010563, 0.0747452899813652, 0.9967918395996094),
            ["RightUpperArm"] = CFrame.new(1.1920928955078125e-07, 0.02572643756866455, 0.0008584596216678619, 0.9657852649688721, -0.036397065967321396, 0.25677648186683655, 0.01793941669166088, 0.9971071481704712, 0.07386250048875809, -0.2587220370769501, -0.06672889739274979, 0.96364426612854),
            ["RightLowerLeg"] = CFrame.new(-1.6763806343078613e-08, -0.000003635883331298828, -0.000013297591067384928, 1, -1.0430807861894209e-07, 1.8626449271863521e-09, 9.685751223287298e-08, 0.9455171823501587, 0.32557213306427, -2.793966658032332e-08, -0.32557225227355957, 0.9455172419548035),
            ["LeftUpperLeg"] = CFrame.new(2.9802322387695312e-08, -4.1443854570388794e-08, -1.1175870895385742e-08, 0.9870350360870361, 0.06194489076733589, 0.14807042479515076, -0.017446760088205338, 0.9584662318229675, -0.28467226028442383, -0.15955448150634766, 0.2783980667591095, 0.9471203088760376),
            ["LeftLowerLeg"] = CFrame.new(2.3283064365386963e-08, 0.000003933906555175781, 0.000013286247849464417, 1, 3.632156619914895e-08, 2.421439226907296e-08, -4.470348358154297e-08, 0.9246239066123962, 0.3808813989162445, 2.0489096641540527e-08, -0.38088133931159973, 0.924623966217041),
        }},
        {Time = 0.138, Data = {
            ["RightFoot"] = CFrame.new(-6.891787052154541e-08, 2.980232238769531e-07, 7.283233571797609e-09, 0.9982723593711853, 0.05872006341814995, 0.0020849427673965693, -0.05804681405425072, 0.9910852909088135, -0.11991900950670242, -0.00910812709480524, 0.11959090083837509, 0.9927815198898315),
            ["LeftLowerArm"] = CFrame.new(1.7881393432617188e-07, -5.960464477539063e-08, -1.7881393432617188e-07, 1, -7.078052277620372e-08, 1.810113019473647e-07, 2.5378545487342308e-08, -0.6578643918037415, -0.753136396408081, 1.466833339236473e-07, 0.753136396408081, -0.6578643918037415),
            ["LeftFoot"] = CFrame.new(-2.1886080503463745e-08, -2.384185791015625e-07, -7.450580596923828e-09, 0.999358057975769, -0.035826124250888824, 0.00029294568230398, 0.03528362140059471, 0.9827399849891663, -0.18159633874893188, 0.006218009628355503, 0.181489959359169, 0.9833731651306152),
            ["Head"] = CFrame.new(5.122274160385132e-09, -2.384185791015625e-07, 1.862645149230957e-08, 0.9953681826591492, -0.05486065894365311, 0.07894700020551682, 0.05898759886622429, 0.9969589114189148, -0.05092746764421463, -0.07591298222541809, 0.0553484708070755, 0.9955771565437317),
            ["LowerTorso"] = CFrame.new(0.04385112226009369, -0.029491782188415527, 0.000978465541265905, 0.9911348819732666, 0.008030668832361698, -0.13261660933494568, 0.0032002178486436605, 0.9964389204978943, 0.08425730466842651, 0.1328209936618805, -0.08393475413322449, 0.9875796437263489),
            ["UpperTorso"] = CFrame.new(4.656612873077393e-10, -2.9802322387695312e-08, -1.3504177331924438e-08, 0.9999148845672607, 0.0026037152856588364, -0.012785406783223152, -0.0029733830597251654, 0.9995756149291992, -0.028979821130633354, 0.012704531662166119, 0.029015371575951576, 0.9994983077049255),
            ["HumanoidRootPart"] = CFrame.new(0, 0, 0, 1, 0, 0, 0, 1, 0, 0, 0, 1),
            ["RightUpperLeg"] = CFrame.new(-8.940696716308594e-08, -1.5692785382270813e-07, 5.75528247281909e-09, 0.992211639881134, -0.0773557648062706, -0.09763260185718536, 0.04595328867435455, 0.955829381942749, -0.29030779004096985, 0.11577722430229187, 0.28356024622917175, 0.9519398212432861),
            ["LeftUpperArm"] = CFrame.new(5.960464477539063e-08, -1.1920928955078125e-07, -1.4901161193847656e-08, 0.9611845016479492, -0.20221781730651855, -0.18770278990268707, -0.011356821283698082, 0.6507391333580017, -0.7592164874076843, 0.27567264437675476, 0.7318788766860962, 0.6231837868690491),
            ["RightLowerArm"] = CFrame.new(2.384185791015625e-07, -1.7881393432617188e-07, 0, 1, -1.8626449271863521e-09, 1.1059455573558807e-09, 9.313224635931761e-10, 0.999060332775116, -0.04334092140197754, 1.0943039363553453e-08, 0.04334091767668724, 0.9990603923797607),
            ["LeftHand"] = CFrame.new(-3.91155481338501e-08, 5.960464477539063e-08, 1.043081283569336e-07, 0.9979167580604553, 0.05678382143378258, 0.030625641345977783, -0.04265207797288895, 0.9368221163749695, -0.34719619154930115, -0.0484059676527977, 0.3451665937900543, 0.9372923970222473),
            ["RightHand"] = CFrame.new(-1.0058283805847168e-07, -3.5762786865234375e-07, -1.4901161193847656e-08, 0.9991238117218018, 0.03407789394259453, 0.024297654628753662, -0.032304439693689346, 0.9970251321792603, -0.06998100131750107, -0.02661016397178173, 0.06913475692272186, 0.9972524046897888),
            ["RightUpperArm"] = CFrame.new(-1.1920928955078125e-07, 0.02572798728942871, 0.0008586309850215912, 0.9714478254318237, -0.04015477001667023, 0.23383046686649323, 0.022881384938955307, 0.9968360066413879, 0.0761219784617424, -0.23614729940891266, -0.0685981959104538, 0.969292938709259),
            ["RightLowerLeg"] = CFrame.new(-1.0803341865539551e-07, -0.0000032782554626464844, -0.000013290140486788005, 1, -4.097820394122209e-08, -6.053595846822191e-09, 2.9802322387695312e-08, 0.9455892443656921, 0.32536277174949646, -1.862645149230957e-08, -0.32536301016807556, 0.9455892443656921),
            ["LeftUpperLeg"] = CFrame.new(5.960464477539063e-08, 4.889443516731262e-09, -3.3527612686157227e-08, 0.9835947155952454, 0.07083647698163986, 0.1659030169248581, -0.023994900286197662, 0.9628786444664001, -0.2688659429550171, -0.17879001796245575, 0.2604743540287018, 0.9487820863723755),
            ["LeftLowerLeg"] = CFrame.new(4.936009645462036e-08, 0.000003933906555175781, 0.000013288110494613647, 1, 3.3527619791584584e-08, -2.3283062144940914e-09, -3.166497108963995e-08, 0.9318588376045227, 0.36282119154930115, 1.4901162970204496e-08, -0.36282113194465637, 0.9318587779998779),
        }},
        {Time = 0.172, Data = {
            ["RightFoot"] = CFrame.new(-3.166496753692627e-08, 4.172325134277344e-07, 7.283233571797609e-09, 0.9987441897392273, 0.05006113648414612, 0.0020067112054675817, -0.04936856031417847, 0.9901728630065918, -0.1308453530073166, -0.008537367917597294, 0.13058219850063324, 0.9914007782936096),
            ["LeftLowerArm"] = CFrame.new(-2.9802322387695312e-08, 1.7881393432617188e-07, -5.960464477539063e-08, 1, -5.587936158235607e-08, 1.7043203115463257e-07, 6.705522537231445e-08, -0.75667405128479, -0.6537924408912659, 1.862645149230957e-07, 0.6537924408912659, -0.7566739320755005),
            ["LeftFoot"] = CFrame.new(3.5157427191734314e-08, -1.1920928955078125e-07, -1.30385160446167e-08, 0.9989737868309021, -0.045289818197488785, 0.0006104559288360178, 0.04463624581694603, 0.982089638710022, -0.18305088579654694, 0.0076907966285943985, 0.18289023637771606, 0.9831032752990723),
            ["Head"] = CFrame.new(-2.3283064365386963e-09, 2.384185791015625e-07, 1.7695128917694092e-08, 0.9952772855758667, -0.058777764439582825, 0.07725602388381958, 0.06336571276187897, 0.9962837100028992, -0.05834003910422325, -0.07353980094194412, 0.06295988708734512, 0.9953030347824097),
            ["LowerTorso"] = CFrame.new(0.05824144557118416, -0.03146803379058838, 0.001627654186449945, 0.9881060719490051, 0.015127408318221569, -0.15302875638008118, -0.0018164897337555885, 0.9962283372879028, 0.08675149828195572, 0.15376390516757965, -0.0854416936635971, 0.9844067096710205),
            ["UpperTorso"] = CFrame.new(1.3969838619232178e-09, 8.940696716308594e-08, -2.7939677238464355e-09, 0.9999909996986389, -0.001031364779919386, 0.004137243144214153, 0.001164025510661304, 0.9994810223579407, -0.032191451638936996, -0.004101867321878672, 0.03219597414135933, 0.9994732141494751),
            ["HumanoidRootPart"] = CFrame.new(0, 0, 0, 1, 0, 0, 0, 1, 0, 0, 0, 1),
            ["RightUpperLeg"] = CFrame.new(1.7881393432617188e-07, 2.1513551473617554e-07, -1.6596459317952394e-08, 0.9945502281188965, -0.07122147083282471, -0.07614056020975113, 0.04382617399096489, 0.9482390284538269, -0.3145189583301544, 0.09460008144378662, 0.3094678819179535, 0.9461925625801086),
            ["LeftUpperArm"] = CFrame.new(0, 2.384185791015625e-07, 5.960464477539063e-08, 0.9606668949127197, -0.24624505639076233, -0.12838463485240936, 0.03729184716939926, 0.5725117921829224, -0.8190479278564453, 0.27518829703330994, 0.7820445895195007, 0.5591760277748108),
            ["RightLowerArm"] = CFrame.new(0, 5.960464477539062e-07, 1.341104507446289e-07, 1, -3.958120498026574e-09, -1.2805686511185854e-09, 6.51925802230835e-09, 0.9981871247291565, -0.060187503695487976, 1.3969838619232178e-09, 0.06018752604722977, 0.9981871843338013),
            ["LeftHand"] = CFrame.new(2.9802322387695312e-08, 3.5762786865234375e-07, 8.940696716308594e-08, 0.9978750348091125, 0.06394057720899582, 0.012530593201518059, -0.054308027029037476, 0.9224588871002197, -0.38225698471069336, -0.03600074350833893, 0.3807641267776489, 0.9239711165428162),
            ["RightHand"] = CFrame.new(1.6530975699424744e-07, 1.1920928955078125e-07, 3.725290298461914e-08, 0.9991169571876526, 0.03547469899058342, 0.022516261786222458, -0.033923130482435226, 0.9972491264343262, -0.0659051388502121, -0.02479228936135769, 0.06508311629295349, 0.9975718855857849),
            ["RightUpperArm"] = CFrame.new(-2.384185791015625e-07, 0.02573227882385254, 0.0008589625358581543, 0.9819843769073486, -0.043520741164684296, 0.18388231098651886, 0.028959933668375015, 0.9962817430496216, 0.08114270865917206, -0.18672993779182434, -0.07435568422079086, 0.9795934557914734),
            ["RightLowerLeg"] = CFrame.new(-3.725290298461914e-09, -0.0000036954879760742188, -0.000013252887583803385, 1, -1.415610029198433e-07, -2.8870996260366155e-08, 1.3411039390121005e-07, 0.9342525601387024, 0.3566117286682129, -2.887098560222512e-08, -0.35661202669143677, 0.9342526793479919),
            ["LeftUpperLeg"] = CFrame.new(-5.960464477539063e-08, 2.337619662284851e-07, -7.450580596923828e-09, 0.9795337319374084, 0.07694460451602936, 0.18599249422550201, -0.026298001408576965, 0.9650508165359497, -0.2607399821281433, -0.1995547115802765, 0.25051239132881165, 0.9473233222961426),
            ["LeftLowerLeg"] = CFrame.new(-2.60770320892334e-08, 0.000004172325134277344, 0.000013265758752822876, 1, 2.3283067918100642e-08, -1.862645371275562e-09, -3.9115551686563776e-08, 0.9347764253616333, 0.35523661971092224, 3.3527616238870905e-08, -0.35523658990859985, 0.9347764849662781),
        }},
        {Time = 0.207, Data = {
            ["RightFoot"] = CFrame.new(-8.847564458847046e-08, 4.76837158203125e-07, -3.892637323588133e-09, 0.9990904927253723, 0.04259856417775154, 0.0019084082450717688, -0.0418473519384861, 0.9881014823913574, -0.14800132811069489, -0.008190245367586613, 0.14778709411621094, 0.9889853596687317),
            ["LeftLowerArm"] = CFrame.new(-2.9802322387695312e-08, 1.7881393432617188e-07, 1.1920928955078125e-07, 1, -9.499492392706088e-08, 1.9487931979256246e-07, 6.705522537231445e-08, -0.6968972086906433, -0.7171710729598999, 1.6763806343078613e-07, 0.7171710133552551, -0.6968970894813538),
            ["LeftFoot"] = CFrame.new(-4.237517714500427e-08, 5.960464477539063e-08, 3.725290298461914e-09, 0.9985511898994446, -0.05380205810070038, 0.000994000700302422, 0.053025826811790466, 0.9806640148162842, -0.18837831914424896, 0.009160404093563557, 0.1881580352783203, 0.9820961356163025),
            ["Head"] = CFrame.new(-7.450580596923828e-09, -1.1920928955078125e-07, -2.7939677238464355e-08, 0.9951186180114746, -0.05883074179291725, 0.07923326641321182, 0.0635119304060936, 0.996299147605896, -0.057916413992643356, -0.07553277164697647, 0.06266596913337708, 0.9951722621917725),
            ["LowerTorso"] = CFrame.new(0.07081903517246246, -0.03578603267669678, 0.0023673814721405506, 0.9847725629806519, 0.023960674181580544, -0.17218859493732452, -0.008429600857198238, 0.9958726763725281, 0.09036917984485626, 0.17364321649074554, -0.0875416025519371, 0.980910062789917),
            ["UpperTorso"] = CFrame.new(2.3283064365386963e-09, -2.9802322387695312e-08, -1.1175870895385742e-08, 0.9997645020484924, -0.0050574191845953465, 0.021105576306581497, 0.005785326007753611, 0.9993855953216553, -0.03457159176468849, -0.020917776972055435, 0.03468554466962814, 0.9991793632507324),
            ["HumanoidRootPart"] = CFrame.new(0, 0, 0, 1, 0, 0, 0, 1, 0, 0, 0, 1),
            ["RightUpperLeg"] = CFrame.new(5.960464477539063e-08, -1.4668330550193787e-07, -9.145878721028566e-09, 0.9962213635444641, -0.06746447831392288, -0.054694581776857376, 0.044436171650886536, 0.9370244145393372, -0.3464256525039673, 0.07462143898010254, 0.3426860272884369, 0.9364817142486572),
            ["LeftUpperArm"] = CFrame.new(0, -1.1920928955078125e-07, -2.2351741790771484e-08, 0.9537709951400757, -0.26072707772254944, -0.14947357773780823, 0.053908348083496094, 0.637714147567749, -0.7683842778205872, 0.29565998911857605, 0.7248048186302185, 0.6222886443138123),
            ["RightLowerArm"] = CFrame.new(-2.086162567138672e-07, -2.384185791015625e-07, -3.3527612686157227e-08, 1, -7.683413016934537e-09, 4.656612873077393e-10, 5.122274604474342e-09, 0.9972313046455383, -0.07436258345842361, 2.561137302237171e-09, 0.07436256855726242, 0.9972313046455383),
            ["LeftHand"] = CFrame.new(-5.960464477539063e-08, 1.1920928955078125e-07, 1.4901161193847656e-08, 0.9988298416137695, 0.033132877200841904, 0.03523131459951401, -0.01818920485675335, 0.9323379397392273, -0.3611302375793457, -0.04481276124715805, 0.36006686091423035, 0.9318496584892273),
            ["RightHand"] = CFrame.new(-1.62515789270401e-07, -4.172325134277344e-07, 7.078051567077637e-08, 0.9991493225097656, 0.035117655992507935, 0.021622689440846443, -0.033704519271850586, 0.9974712133407593, -0.06257325410842896, -0.023765431717038155, 0.061791252344846725, 0.997806191444397),
            ["RightUpperArm"] = CFrame.new(-1.7881393432617188e-07, 0.025735855102539062, 0.0008592121303081512, 0.9920945167541504, -0.04567020386457443, 0.11688799411058426, 0.035859111696481705, 0.9957606196403503, 0.0847046971321106, -0.12026096135377884, -0.07984355092048645, 0.9895263314247131),
            ["RightLowerLeg"] = CFrame.new(1.210719347000122e-07, -0.000003874301910400391, -0.0000133199428091757, 1, -4.936010356004772e-08, -1.7229467630386353e-08, 6.705522537231445e-08, 0.9164678454399109, 0.4001081883907318, -3.725290298461914e-09, -0.40010854601860046, 0.9164679646492004),
            ["LeftUpperLeg"] = CFrame.new(-5.960464477539063e-08, -5.960464477539063e-08, 2.9802322387695312e-08, 0.9753826856613159, 0.08096247911453247, 0.2051190733909607, -0.025896582752466202, 0.9657819271087646, -0.25805985927581787, -0.21899347007274628, 0.24639524519443512, 0.9441034197807312),
            ["LeftLowerLeg"] = CFrame.new(4.190951585769653e-08, 0.0000037550926208496094, 0.000013288110494613647, 1, 2.1420417439799166e-08, 1.0244549208948683e-08, -1.816079020500183e-08, 0.9344423413276672, 0.3561146855354309, -1.4901161193847656e-08, -0.35611459612846375, 0.9344422817230225),
        }},
        {Time = 0.241, Data = {
            ["RightFoot"] = CFrame.new(-5.4016709327697754e-08, 3.5762786865234375e-07, 1.6596459317952394e-08, 0.9993292093276978, 0.036579884588718414, 0.0017775160958990455, -0.03579794615507126, 0.9859101176261902, -0.16340051591396332, -0.007729815319180489, 0.163227379322052, 0.9865582585334778),
            ["LeftLowerArm"] = CFrame.new(-8.940696716308594e-08, 1.7881393432617188e-07, 1.1920928955078125e-07, 1, -7.264315371457997e-08, 1.695007085800171e-07, 8.381903882082042e-08, -0.6061191558837891, -0.7953739762306213, 1.7555431952587242e-07, 0.7953739166259766, -0.6061190962791443),
            ["LeftFoot"] = CFrame.new(1.434236764907837e-07, 5.960464477539063e-08, -1.1175870895385742e-08, 0.9981478452682495, -0.06081952154636383, 0.0013555437326431274, 0.059925347566604614, 0.9791464805603027, -0.19411669671535492, 0.010478615760803223, 0.1938384473323822, 0.9809775352478027),
            ["Head"] = CFrame.new(5.587935447692871e-09, 3.5762786865234375e-07, 1.1175870895385742e-08, 0.9946247935295105, -0.05654186010360718, 0.08674422651529312, 0.060960784554481506, 0.9969285726547241, -0.04916645959019661, -0.0836978331208229, 0.05419018119573593, 0.9950166344642639),
            ["LowerTorso"] = CFrame.new(0.08108491450548172, -0.04035079479217529, 0.0030878030229359865, 0.981837809085846, 0.03161321207880974, -0.1870703399181366, -0.014524601399898529, 0.9956508874893188, 0.0920238122344017, 0.18916594982147217, -0.0876353308558464, 0.9780267477035522),
            ["UpperTorso"] = CFrame.new(-2.3283064365386963e-09, 2.384185791015625e-07, -5.587935447692871e-09, 0.999466598033905, -0.007899167016148567, 0.03168822452425957, 0.00901253055781126, 0.9993414878845215, -0.03514730557799339, -0.03138967603445053, 0.03541414812207222, 0.998879611492157),
            ["HumanoidRootPart"] = CFrame.new(0, 0, 0, 1, 0, 0, 0, 1, 0, 0, 0, 1),
            ["RightUpperLeg"] = CFrame.new(-5.960464477539063e-08, 1.8067657947540283e-07, 2.0656443666666746e-08, 0.9972108602523804, -0.06443801522254944, -0.037660375237464905, 0.0458432100713253, 0.9270024299621582, -0.3722432255744934, 0.05889803171157837, 0.3694785237312317, 0.9273709654808044),
            ["LeftUpperArm"] = CFrame.new(5.960464477539063e-08, -4.76837158203125e-07, -2.9802322387695312e-08, 0.9368483424186707, -0.19745780527591705, -0.2886618375778198, -0.0008094357326626778, 0.8241445422172546, -0.5663792490959167, 0.3497350215911865, 0.530845046043396, 0.7719384431838989),
            ["RightLowerArm"] = CFrame.new(-1.4901161193847656e-07, -1.7881393432617188e-07, -2.9802322387695312e-08, 1, -7.916241884231567e-09, -1.979060249013287e-09, 6.51925713412993e-09, 0.99702388048172, -0.07709372788667679, -2.7939672797572257e-09, 0.07709372788667679, 0.9970238208770752),
            ["LeftHand"] = CFrame.new(5.21540641784668e-08, 2.384185791015625e-07, -1.1920928955078125e-07, 0.9900521039962769, -0.06622283160686493, 0.12414306402206421, 0.09596751630306244, 0.9630573391914368, -0.2516164481639862, -0.10289417207241058, 0.26102709770202637, 0.9598321914672852),
            ["RightHand"] = CFrame.new(-1.5087425708770752e-07, -2.980232238769531e-07, -1.4901161193847656e-08, 0.9991704225540161, 0.034139178693294525, 0.022207168862223625, -0.03278418630361557, 0.9977338910102844, -0.05875733122229576, -0.02416277304291725, 0.05798053368926048, 0.9980252981185913),
            ["RightUpperArm"] = CFrame.new(-4.172325134277344e-07, 0.025736093521118164, 0.0008592382073402405, 0.9977653622627258, -0.04650560021400452, 0.047974877059459686, 0.042483534663915634, 0.9957513213157654, 0.08169734477996826, -0.051570434123277664, -0.07947663217782974, 0.9955019354820251),
            ["RightLowerLeg"] = CFrame.new(-2.60770320892334e-08, -0.000003516674041748047, -0.00001326033816440031, 1, -8.242206916975192e-08, -1.4901162970204496e-08, 7.078052277620372e-08, 0.8991369605064392, 0.4376674294471741, 2.7939681679356454e-09, -0.4376676082611084, 0.899137020111084),
            ["LeftUpperLeg"] = CFrame.new(0, 2.8312206268310547e-07, 0, 0.9719062447547913, 0.08378849178552628, 0.21994942426681519, -0.02527865394949913, 0.9662441611289978, -0.25638484954833984, -0.23400680720806122, 0.24362196028232574, 0.9412168860435486),
            ["LeftLowerLeg"] = CFrame.new(5.029141902923584e-08, 0.0000036954879760742188, 0.00001325458288192749, 1, 3.259628655882807e-08, 4.842877388000488e-08, -5.308539385850963e-08, 0.9328792691230774, 0.36018919944763184, 4.936010356004772e-08, -0.36018913984298706, 0.9328793287277222),
        }},
        {Time = 0.276, Data = {
            ["RightFoot"] = CFrame.new(4.6566128730773926e-08, 2.980232238769531e-07, -1.879379851743579e-08, 0.9994788765907288, 0.03224026784300804, 0.0016241235425695777, -0.03147876262664795, 0.9845494031906128, -0.1722547858953476, -0.007152543403208256, 0.17211391031742096, 0.985051155090332),
            ["LeftLowerArm"] = CFrame.new(0, -1.7881393432617188e-07, 5.960464477539063e-08, 1, -1.1362133989223366e-07, 1.4156101713069802e-07, 8.568167686462402e-08, -0.37945646047592163, -0.9252095818519592, 8.195638656616211e-08, 0.9252095818519592, -0.37945640087127686),
            ["LeftFoot"] = CFrame.new(2.3981556296348572e-08, 0, -3.725290298461914e-09, 0.9978371858596802, -0.06571612507104874, 0.0015799070242792368, 0.06474149972200394, 0.9783062934875488, -0.19678755104541779, 0.01138660404831171, 0.1964641809463501, 0.9804449677467346),
            ["Head"] = CFrame.new(5.587935447692871e-09, 2.384185791015625e-07, -7.450580596923828e-09, 0.9933716654777527, -0.053587958216667175, 0.10169124603271484, 0.05706711858510971, 0.997869610786438, -0.03161584585905075, -0.09978038817644119, 0.03720950707793236, 0.9943134784698486),
            ["LowerTorso"] = CFrame.new(0.08854011446237564, -0.0430675745010376, 0.003679074812680483, 0.980228066444397, 0.03510621190071106, -0.19473187625408173, -0.01808030903339386, 0.9959093332290649, 0.08853086084127426, 0.1970432698726654, -0.08325961977243423, 0.9768530130386353),
            ["UpperTorso"] = CFrame.new(5.587935447692871e-09, -1.4901161193847656e-07, -2.7939677238464355e-08, 0.9995344281196594, -0.007951176725327969, 0.029457662254571915, 0.008925123140215874, 0.9994128942489624, -0.033080048859119415, -0.02917737513780594, 0.03332754597067833, 0.9990185499191284),
            ["HumanoidRootPart"] = CFrame.new(0, 0, 0, 1, 0, 0, 0, 1, 0, 0, 0, 1),
            ["RightUpperLeg"] = CFrame.new(0, -1.955777406692505e-08, -1.6952981241047382e-09, 0.9976630806922913, -0.06178578734397888, -0.029170766472816467, 0.04599297046661377, 0.9230127334594727, -0.38201066851615906, 0.05052772909402847, 0.3797762393951416, 0.9236974716186523),
            ["LeftUpperArm"] = CFrame.new(0, 0, -2.2351741790771484e-08, 0.891642153263092, -0.07038883864879608, -0.44723573327064514, -0.06692218780517578, 0.9564977288246155, -0.2839607000350952, 0.4477676749229431, 0.2831213176250458, 0.8481429219245911),
            ["RightLowerArm"] = CFrame.new(5.960464477539063e-08, 2.980232238769531e-07, -2.9802322387695312e-08, 1, -8.381904059717726e-09, 2.3283066585833012e-09, 7.450581485102248e-09, 0.9982202649116516, -0.05963587388396263, 1.3038517820973539e-08, 0.05963587760925293, 0.9982202649116516),
            ["LeftHand"] = CFrame.new(1.6391277313232422e-07, 0, -5.960464477539063e-08, 0.9635546207427979, -0.1704546958208084, 0.20617446303367615, 0.19569507241249084, 0.974608302116394, -0.10882221162319183, -0.18239012360572815, 0.14520347118377686, 0.9724453687667847),
            ["RightHand"] = CFrame.new(2.2351741790771484e-08, 5.960464477539063e-08, 0, 0.9991238713264465, 0.03366499021649361, 0.024866612628102303, -0.03230445459485054, 0.9980599284172058, -0.053225111216306686, -0.026610178872942924, 0.0523751899600029, 0.9982728958129883),
