return {
    ["Hey Now! Solo"] = {
        {Time = 0.000, Data = {
            ["RightFoot"] = CFrame.new(1.257285475730896e-08, 2.384185791015625e-07, 1.6596459317952394e-08, 0.9997468590736389, -0.022490816190838814, -0.0006729616434313357, 0.021770479157567024, 0.9744212031364441, -0.223672017455101, 0.005686200223863125, 0.22360149025917053, 0.9746643304824829),
            ["LeftLowerArm"] = CFrame.new(2.384185791015625e-07, 0.0000011920928955078125, 5.960464477539063e-08, 1, -6.51925802230835e-08, -7.450580596923828e-09, 6.332993507385254e-08, 0.8272243142127991, -0.5618719458580017, 1.1175870895385742e-08, 0.5618718862533569, 0.8272243142127991),
            ["RightUpperArm"] = CFrame.new(-5.960464477539063e-08, 8.344650268554688e-07, 7.450580596923828e-08, 0.8505735397338867, 0.08830386400222778, 0.5183888673782349, 0.12531371414661407, 0.9233621954917908, -0.36290332674980164, -0.5107064247131348, 0.3736371397972107, 0.7743217945098877),
            ["Head"] = CFrame.new(-1.2665987014770508e-07, 3.5762786865234375e-07, 2.60770320892334e-08, 0.989319384098053, -0.10735315084457397, 0.09860257804393768, 0.10859193652868271, 0.9940598607063293, -0.0072679403237998486, -0.09723665565252304, 0.01789775863289833, 0.9951003193855286),
            ["RightHand"] = CFrame.new(-5.587935447692871e-07, -5.960464477539062e-07, 2.384185791015625e-07, 0.9685389399528503, -0.23687545955181122, -0.07630441337823868, 0.24585603177547455, 0.9582654237747192, 0.1458844244480133, 0.03856348618865013, -0.16005446016788483, 0.9863545894622803),
            ["UpperTorso"] = CFrame.new(-3.259629011154175e-09, 7.748603820800781e-07, -9.924406185746193e-09, 0.9950005412101746, 0.014178797602653503, -0.0988580584526062, -0.004572456702589989, 0.9953001737594604, 0.09673026204109192, 0.09976495802402496, -0.09579464793205261, 0.9903890490531921),
            ["HumanoidRootPart"] = CFrame.new(0, 0, 0, 1, 0, 0, 0, 1, 0, 0, 0, 1),
            ["RightUpperLeg"] = CFrame.new(1.1920928955078125e-07, 5.186302587389946e-07, -2.9169314075261354e-08, 0.9958569407463074, -0.042280010879039764, -0.08050733804702759, 0.01353821624070406, 0.9444042444229126, -0.3285076320171356, 0.08992088586091995, 0.32605674862861633, 0.9410638809204102),
            ["LeftUpperArm"] = CFrame.new(-3.5762786865234375e-07, 7.152557373046875e-07, -9.685754776000977e-08, 0.9392699599266052, -0.25866079330444336, -0.22553619742393494, 0.028450168669223785, 0.7136241793632507, -0.6999507546424866, 0.3419979512691498, 0.65102618932724, 0.6776447296142578),
            ["RightLowerArm"] = CFrame.new(-5.960464477539062e-07, 1.7881393432617188e-07, -2.384185791015625e-07, 1, -5.5879368687783426e-08, 2.0489094865183688e-08, 3.9115551686563776e-08, 0.9294627904891968, -0.36891594529151917, -8.381904059717726e-09, 0.36891597509384155, 0.929462730884552),
            ["LeftHand"] = CFrame.new(-8.195638656616211e-08, 0, -7.599592208862305e-07, 0.9215152859687805, 0.2572733163833618, -0.2908954918384552, -0.23423606157302856, 0.9657001495361328, 0.1120569109916687, 0.30974704027175903, -0.03512388840317726, 0.95017009973526),
            ["LeftFoot"] = CFrame.new(-6.6356733441352844e-09, 0, 2.0489096641540527e-08, 0.9999592304229736, 0.009005014784634113, 0.0007399090682156384, -0.008753911592066288, 0.9858301281929016, -0.16751843690872192, -0.0022378060966730118, 0.16750536859035492, 0.9858687520027161),
            ["LowerTorso"] = CFrame.new(0.0009882213780656457, -0.043383002281188965, -0.08154327422380447, 0.9993400573730469, 0.03323490917682648, -0.014663360081613064, -0.03284776583313942, 0.9991248250007629, 0.025896906852722168, 0.015511209145188332, -0.02539815753698349, 0.9995570778846741),
            ["RightLowerLeg"] = CFrame.new(1.4901161193847656e-08, -0.000003874301910400391, -0.000013357195712160319, 1, 4.6566135836201283e-08, 1.3737014192827246e-08, 2.1420424545226524e-08, 0.8671097159385681, 0.4981170892715454, -5.122275492652761e-09, -0.49811720848083496, 0.8671098351478577),
            ["LeftUpperLeg"] = CFrame.new(0, 8.181668817996979e-07, -3.585591912269592e-08, 0.9979855418205261, -0.025471830740571022, 0.058104727417230606, 0.040101099759340286, 0.9629680514335632, -0.2666167616844177, -0.049161992967128754, 0.26840975880622864, 0.9620496034622192),
            ["LeftLowerLeg"] = CFrame.new(7.962808012962341e-08, 0.000003874301910400391, 0.000013314187526702881, 1, 3.0267976569575694e-08, 5.774199962615967e-08, -4.4936296461628444e-08, 0.9015344381332397, 0.432707279920578, 4.842875611643649e-08, -0.4327073395252228, 0.9015344977378845),
        }},
        {Time = 0.033, Data = {
            ["RightFoot"] = CFrame.new(-8.521601557731628e-08, 4.172325134277344e-07, -2.029992174357176e-09, 0.999686062335968, -0.020584939047694206, 0.014288365840911865, 0.02323482558131218, 0.9750093221664429, -0.22094537317752838, -0.009383412078022957, 0.22120849788188934, 0.975181519985199),
            ["LeftLowerArm"] = CFrame.new(-2.384185791015625e-07, 7.152557373046875e-07, -1.1920928955078125e-07, 1, -5.960464477539063e-08, -2.2351747119842003e-08, 6.705523958316917e-08, 0.8239966630935669, -0.566594660282135, 3.725291186640334e-09, 0.5665946006774902, 0.8239967226982117),
            ["RightUpperArm"] = CFrame.new(0, 4.76837158203125e-07, 5.960464477539063e-08, 0.8183012008666992, 0.052444394677877426, 0.5723921060562134, 0.08259668201208115, 0.9747647047042847, -0.207392618060112, -0.5688241720199585, 0.21698737144470215, 0.7933193445205688),
            ["Head"] = CFrame.new(-1.4528632164001465e-07, 1.1920928955078125e-07, 1.862645149230957e-08, 0.9911108613014221, -0.11881484091281891, 0.05985154211521149, 0.11389747262001038, 0.9902836680412292, 0.07978618144989014, -0.06874977797269821, -0.07226002961397171, 0.9950135350227356),
            ["RightHand"] = CFrame.new(-2.2724270820617676e-07, -8.344650268554688e-07, -1.1920928955078125e-07, 0.9519649147987366, -0.2442624866962433, -0.1846581995487213, 0.2604999542236328, 0.9629968404769897, 0.06911586225032806, 0.16094279289245605, -0.1138993501663208, 0.980369508266449),
            ["UpperTorso"] = CFrame.new(-4.889443516731262e-09, 4.470348358154297e-07, -5.296897143125534e-09, 0.9962553381919861, 0.011327018961310387, -0.08571518957614899, -0.0021631817799061537, 0.9943364262580872, 0.10625631362199783, 0.0864332988858223, -0.10567300766706467, 0.990637481212616),
            ["HumanoidRootPart"] = CFrame.new(0, 0, 0, 1, 0, 0, 0, 1, 0, 0, 0, 1),
            ["RightUpperLeg"] = CFrame.new(1.7881393432617188e-07, -2.0081643015146255e-08, 2.0656443666666746e-08, 0.9947022199630737, -0.05006392300128937, -0.0897839367389679, 0.01594390720129013, 0.9379620552062988, -0.34637150168418884, 0.10155496746301651, 0.34310489892959595, 0.9337910413742065),
            ["LeftUpperArm"] = CFrame.new(-3.5762786865234375e-07, 5.960464477539062e-07, 7.450580596923828e-09, 0.9419023990631104, -0.2510451376438141, -0.22315098345279694, 0.07728560268878937, 0.8085207343101501, -0.583370566368103, 0.3268745243549347, 0.5322318077087402, 0.7809497714042664),
            ["RightLowerArm"] = CFrame.new(1.1920928955078125e-07, -3.5762786865234375e-07, -9.685754776000977e-08, 1, -3.166497464235363e-08, 3.725290298461914e-09, 2.980232594040899e-08, 0.9543179273605347, -0.29879316687583923, 3.026798722771673e-08, 0.29879316687583923, 0.9543178677558899),
            ["LeftHand"] = CFrame.new(2.9802322387695312e-08, 1.7881393432617188e-07, -4.246830940246582e-07, 0.9448191523551941, 0.11646287143230438, -0.3061913847923279, -0.07762406021356583, 0.9876446723937988, 0.13613441586494446, 0.3182629644870758, -0.10485460609197617, 0.9421858787536621),
            ["LeftFoot"] = CFrame.new(-1.5366822481155396e-08, -1.7881393432617188e-07, 1.30385160446167e-08, 0.9999565482139587, 0.009237273596227169, 0.0013174297055229545, -0.00889225210994482, 0.9861950874328613, -0.16534864902496338, -0.0028262778650969267, 0.16533027589321136, 0.9862343072891235),
            ["LowerTorso"] = CFrame.new(0.0003502302570268512, -0.04510319232940674, -0.06724430620670319, 0.9986778497695923, 0.03683679550886154, -0.0358581617474556, -0.03619151562452316, 0.9991739988327026, 0.018481392413377762, 0.03650934249162674, -0.017159193754196167, 0.9991859793663025),
            ["RightLowerLeg"] = CFrame.new(-1.862645149230957e-08, -0.000003635883331298828, -0.000013312492228578776, 1, -1.4342376175591198e-07, -7.543716407099055e-08, 1.2293463669266202e-07, 0.8523504137992859, 0.5229707360267639, -8.381907434795721e-08, -0.5229712128639221, 0.852350652217865),
            ["LeftUpperLeg"] = CFrame.new(0, 4.3958425521850586e-07, 3.725290298461914e-09, 0.9966050982475281, -0.023809116333723068, 0.07881291210651398, 0.04365723952651024, 0.9644311666488647, -0.2607044279575348, -0.06980277597904205, 0.2632599472999573, 0.9621962904930115),
            ["LeftLowerLeg"] = CFrame.new(-2.3283064365386963e-08, 0.000004291534423828125, 0.000013360753655433655, 1, 1.3969836842875338e-08, 1.4668335879264305e-08, -5.378389644761228e-08, 0.9015147686004639, 0.4327481985092163, -7.566998583286022e-09, -0.4327482283115387, 0.9015148878097534),
        }},
        {Time = 0.067, Data = {
            ["RightFoot"] = CFrame.new(-3.5390257835388184e-08, 2.384185791015625e-07, 5.420588422566652e-09, 0.998288094997406, -0.02018883265554905, 0.05489470437169075, 0.03197416663169861, 0.9742568135261536, -0.2231617420911789, -0.04897632449865341, 0.22453543543815613, 0.9732345342636108),
            ["LeftLowerArm"] = CFrame.new(-8.940696716308594e-08, 3.5762786865234375e-07, -4.76837158203125e-07, 1, -1.0803340444454079e-07, 7.450580596923828e-09, 4.470348358154297e-08, 0.8069292902946472, -0.5906480550765991, 3.166496753692627e-08, 0.5906479954719543, 0.8069292902946472),
            ["RightUpperArm"] = CFrame.new(1.1920928955078125e-07, 5.960464477539062e-07, -2.9802322387695312e-08, 0.79294753074646, 0.027577398344874382, 0.6086655855178833, 0.03239016234874725, 0.9956546425819397, -0.08730784058570862, -0.6084283590316772, 0.08894530683755875, 0.7886086702346802),
            ["Head"] = CFrame.new(-1.2665987014770508e-07, 5.960464477539062e-07, -1.4901161193847656e-08, 0.9912217259407043, -0.12538065016269684, -0.04194233939051628, 0.13028590381145477, 0.9802656173706055, 0.14867711067199707, 0.022473393008112907, -0.15283645689487457, 0.9879959225654602),
            ["RightHand"] = CFrame.new(-4.6193599700927734e-07, -7.748603820800781e-07, -4.470348358154297e-08, 0.9338398575782776, -0.2326515167951584, -0.27169162034988403, 0.23251886665821075, 0.9720265865325928, -0.03315557911992073, 0.27180513739585876, -0.03221137821674347, 0.9618130326271057),
            ["UpperTorso"] = CFrame.new(3.259629011154175e-09, 4.76837158203125e-07, -2.1595042198896408e-08, 0.9978556036949158, 0.007977318949997425, -0.06496711075305939, -0.00043808144982904196, 0.9933371543884277, 0.1152433231472969, 0.06545356661081314, -0.1149677112698555, 0.9912105798721313),
            ["HumanoidRootPart"] = CFrame.new(0, 0, 0, 1, 0, 0, 0, 1, 0, 0, 0, 1),
            ["RightUpperLeg"] = CFrame.new(2.384185791015625e-07, 2.0168954506516457e-08, 1.673470251262188e-10, 0.9872061014175415, -0.0696476623415947, -0.14343374967575073, 0.014458210207521915, 0.9349524974822998, -0.3544781506061554, 0.1587923765182495, 0.34786924719810486, 0.9239978194236755),
            ["LeftUpperArm"] = CFrame.new(-3.5762786865234375e-07, 5.960464477539062e-07, -4.470348358154297e-08, 0.9384576082229614, -0.203160360455513, -0.2793264091014862, 0.06339777261018753, 0.89629727602005, -0.43889862298965454, 0.33952632546424866, 0.39417901635169983, 0.8540169596672058),
            ["RightLowerArm"] = CFrame.new(2.384185791015625e-07, -2.384185791015625e-07, -1.043081283569336e-07, 1, -2.235175244891252e-08, 8.940695295223122e-08, 3.1664978195067306e-08, 0.9765115976333618, -0.21546512842178345, -9.196813977041529e-09, 0.2154652327299118, 0.976511538028717),
            ["LeftHand"] = CFrame.new(1.1920928955078125e-07, -1.1920928955078125e-07, -3.427267074584961e-07, 0.9597029685974121, 0.0007666501333005726, -0.281015545129776, 0.0571579672396183, 0.978560209274292, 0.19787120819091797, 0.2751423716545105, -0.20595979690551758, 0.9390832185745239),
            ["LeftFoot"] = CFrame.new(-3.6670826375484467e-08, 1.1920928955078125e-07, -2.0489096641540527e-08, 0.9999597668647766, 0.00897037424147129, 0.0001085244512069039, -0.008824973367154598, 0.985787570476532, -0.16776473820209503, -0.00161189294885844, 0.1677570641040802, 0.9858270883560181),
            ["LowerTorso"] = CFrame.new(0.00010035260493168607, -0.04577493667602539, -0.059020090848207474, 0.9973915219306946, 0.03834625333547592, -0.061153803020715714, -0.03767644986510277, 0.99921715259552, 0.012068896554410458, 0.0615687258541584, -0.009733355604112148, 0.9980553984642029),
            ["RightLowerLeg"] = CFrame.new(8.754432201385498e-08, -0.000003635883331298828, -0.000013230535842012614, 1, 6.519260153936557e-08, 4.98257577419281e-08, -4.284083843231201e-08, 0.8406279683113098, 0.541612982749939, 4.0046870708465576e-08, -0.541612982749939, 0.8406279683113098),
            ["LeftUpperLeg"] = CFrame.new(-2.384185791015625e-07, 2.8923386707901955e-07, -1.30385160446167e-08, 0.9943535923957825, -0.018778175115585327, 0.10444246977567673, 0.044616203755140305, 0.9669804573059082, -0.25091493129730225, -0.09628219157457352, 0.2541581094264984, 0.962358295917511),
            ["LeftLowerLeg"] = CFrame.new(3.3527612686157227e-08, 0.000004231929779052734, 0.000013232231140136719, 1, 4.7963112592697144e-08, 4.819595034177837e-08, -8.265489981340579e-08, 0.9015761613845825, 0.43262097239494324, 1.105945841572975e-07, -0.43262046575546265, 0.9015759229660034),
        }},
        {Time = 0.100, Data = {
            ["RightFoot"] = CFrame.new(2.6542693376541138e-08, 4.172325134277344e-07, -2.029992174357176e-09, 0.9949179887771606, -0.025859462097287178, 0.09731262177228928, 0.04666222631931305, 0.9748268127441406, -0.21802572906017303, -0.08922482281923294, 0.2214590460062027, 0.9710793495178223),
            ["LeftLowerArm"] = CFrame.new(-3.2782554626464844e-07, 4.172325134277344e-07, -2.384185791015625e-07, 1, -5.5879340266073996e-08, 2.6077039194660756e-08, 5.960464477539063e-08, 0.7910559773445129, -0.6117438673973083, 3.4458935260772705e-08, 0.6117438673973083, 0.7910558581352234),
            ["RightUpperArm"] = CFrame.new(3.5762786865234375e-07, 5.960464477539062e-07, 2.2351741790771484e-08, 0.7771469950675964, 0.012194371782243252, 0.6292009949684143, -0.014310559257864952, 0.999896228313446, -0.001703258603811264, -0.6291564106941223, -0.007680527865886688, 0.7772408127784729),
            ["Head"] = CFrame.new(-1.3783574104309082e-07, -1.1920928955078125e-07, -1.30385160446167e-08, 0.9746633172035217, -0.12322988361120224, -0.1866704374551773, 0.15506690740585327, 0.9737104177474976, 0.16686001420021057, 0.16120080649852753, -0.19157877564430237, 0.9681487679481506),
            ["RightHand"] = CFrame.new(-3.129243850708008e-07, -4.76837158203125e-07, -2.9802322387695312e-08, 0.9328370690345764, -0.16816940903663635, -0.31864404678344727, 0.14925575256347656, 0.9853038787841797, -0.08306032419204712, 0.32792940735816956, 0.02992231398820877, 0.9442282915115356),
            ["UpperTorso"] = CFrame.new(-1.3969838619232178e-08, 5.066394805908203e-07, -6.984919309616089e-09, 0.9992188215255737, 0.00414939085021615, -0.03930189087986946, 0.0007564012194052339, 0.9922828078269958, 0.12399356812238693, 0.03951307758688927, -0.12392642349004745, 0.9915044903755188),
            ["HumanoidRootPart"] = CFrame.new(0, 0, 0, 1, 0, 0, 0, 1, 0, 0, 0, 1),
            ["RightUpperLeg"] = CFrame.new(5.960464477539063e-08, 9.928153303917497e-07, 2.029992174357176e-09, 0.9743771553039551, -0.08460110425949097, -0.20840302109718323, 0.010232996195554733, 0.9422784447669983, -0.33467400074005127, 0.22468751668930054, 0.32396602630615234, 0.9190003275871277),
            ["LeftUpperArm"] = CFrame.new(-4.76837158203125e-07, 7.152557373046875e-07, -8.940696716308594e-08, 0.9244415163993835, -0.13568484783172607, -0.3563672602176666, 0.0303327813744545, 0.9577568173408508, -0.28597524762153625, 0.3801155984401703, 0.25355780124664307, 0.8895058035850525),
            ["RightLowerArm"] = CFrame.new(1.7881393432617188e-07, 4.76837158203125e-07, -2.682209014892578e-07, 1, -1.303851249190302e-08, -3.259628655882807e-08, 1.862644971595273e-08, 0.9905071258544922, -0.13746130466461182, 4.0978189730367376e-08, 0.137461319565773, 0.9905071258544922),
            ["LeftHand"] = CFrame.new(6.705522537231445e-08, -4.172325134277344e-07, -4.172325134277344e-07, 0.9636618494987488, -0.059091392904520035, -0.2605074346065521, 0.12835679948329926, 0.9576941132545471, 0.25757816433906555, 0.23426584899425507, -0.2816561460494995, 0.9304779767990112),
            ["LeftFoot"] = CFrame.new(-3.14321368932724e-09, -5.960464477539063e-08, 1.862645149230957e-09, 0.9999635815620422, 0.008355694822967052, -0.0017943826969712973, -0.008538596332073212, 0.9856454730033875, -0.16861186921596527, 0.00035980247776024044, 0.1686217039823532, 0.9856809973716736),
            ["LowerTorso"] = CFrame.new(0.000009418866284249816, -0.04344797134399414, -0.0552850142121315, 0.9955324530601501, 0.03723973035812378, -0.08676684647798538, -0.0367191806435585, 0.9992968440055847, 0.007588276173919439, 0.0869884192943573, -0.00436836713925004, 0.9961997866630554),
            ["RightLowerLeg"] = CFrame.new(4.842877388000488e-08, -0.0000037550926208496094, -0.000013290140486788005, 1, -1.862645504502325e-08, -3.399327042075129e-08, 2.7939677238464355e-08, 0.8554593920707703, 0.5178696513175964, -1.3969838619232178e-08, -0.5178700089454651, 0.8554595708847046),
            ["LeftUpperLeg"] = CFrame.new(5.960464477539063e-08, 8.082715794444084e-07, -3.166496753692627e-08, 0.9914011359214783, -0.011902699247002602, 0.13031555712223053, 0.04264992102980614, 0.9708673357963562, -0.23579174280166626, -0.12371260672807693, 0.23932206630706787, 0.9630265831947327),
            ["LeftLowerLeg"] = CFrame.new(2.0954757928848267e-08, 0.000003933906555175781, 0.000013267621397972107, 1, 6.519258732851085e-08, 2.6891935789308263e-08, -3.3993277526178645e-08, 0.9055861830711365, 0.42416203022003174, -8.265488737890792e-09, -0.42416250705718994, 0.9055863618850708),
        }},
        {Time = 0.133, Data = {
            ["RightFoot"] = CFrame.new(-2.7939677238464355e-09, 2.980232238769531e-07, 1.6596459317952394e-08, 0.9928455352783203, -0.031084546819329262, 0.11528926342725754, 0.0538119338452816, 0.9783948063850403, -0.19961915910243988, -0.10659368336200714, 0.20439548790454865, 0.9730677008628845),
            ["LeftLowerArm"] = CFrame.new(-2.980232238769531e-07, 3.5762786865234375e-07, -1.3969838619232178e-07, 1, -6.332993507385254e-08, 4.097820394122209e-08, 5.5413714505903044e-08, 0.7856587171554565, -0.6186602711677551, 5.6752491595091215e-09, 0.6186602711677551, 0.7856587171554565),
            ["RightUpperArm"] = CFrame.new(1.1920928955078125e-07, 4.76837158203125e-07, -7.450580596923828e-09, 0.7791934609413147, 0.009201153181493282, 0.6267160177230835, -0.05741175636649132, 0.9967365264892578, 0.05674619600176811, -0.6241484880447388, -0.08019714802503586, 0.7771788835525513),
            ["Head"] = CFrame.new(-1.043081283569336e-07, 2.384185791015625e-07, -1.1175870895385742e-07, 0.9289728403091431, -0.11902647465467453, -0.3504886031150818, 0.17857281863689423, 0.9735239744186401, 0.14269840717315674, 0.3242241144180298, -0.1951507031917572, 0.9256321787834167),
            ["RightHand"] = CFrame.new(-2.7939677238464355e-07, -2.980232238769531e-07, -1.4156103134155273e-07, 0.9367896318435669, -0.09986934065818787, -0.33533769845962524, 0.07637017220258713, 0.9936538338661194, -0.08258167654275894, 0.34145691990852356, 0.05175188183784485, 0.9384715557098389),
            ["UpperTorso"] = CFrame.new(7.916241884231567e-09, 9.834766387939453e-07, -2.444721758365631e-09, 0.9999388456344604, -0.00009552111441735178, -0.011058855801820755, 0.001557263545691967, 0.9912158250808716, 0.1322454810142517, 0.010949085466563702, -0.13225461542606354, 0.9911553859710693),
            ["HumanoidRootPart"] = CFrame.new(0, 0, 0, 1, 0, 0, 0, 1, 0, 0, 0, 1),
            ["RightUpperLeg"] = CFrame.new(1.7881393432617188e-07, -9.146378943114541e-08, 2.368324203416705e-08, 0.9661707878112793, -0.0838509202003479, -0.2438911646604538, 0.004267748445272446, 0.9507393836975098, -0.30996188521385193, 0.2578679323196411, 0.298435240983963, 0.9189346432685852),
            ["LeftUpperArm"] = CFrame.new(-4.76837158203125e-07, 2.384185791015625e-07, -4.470348358154297e-08, 0.8988451361656189, -0.06239904463291168, -0.43380147218704224, -0.0016874612774699926, 0.9893125295639038, -0.14580149948596954, 0.43826302886009216, 0.13178500533103943, 0.8891334533691406),
            ["RightLowerArm"] = CFrame.new(1.7881393432617188e-07, -1.1920928955078125e-07, -1.4901161193847656e-07, 1, -2.2351741790771484e-08, -4.470348358154297e-08, 0, 0.9967106580734253, -0.08104242384433746, 1.6763808119435453e-08, 0.08104242384433746, 0.9967106580734253),
            ["LeftHand"] = CFrame.new(2.9802322387695312e-08, 0, -2.980232238769531e-07, 0.9671767354011536, -0.059414856135845184, -0.2470608353614807, 0.12859350442886353, 0.9530312418937683, 0.2742176055908203, 0.219164177775383, -0.29698726534843445, 0.9293899536132812),
            ["LeftFoot"] = CFrame.new(-3.282912075519562e-08, -5.960464477539063e-08, 3.725290298461914e-09, 0.9999644756317139, 0.007571640890091658, -0.0037207386922091246, -0.00808528158813715, 0.9860260486602783, -0.16639530658721924, 0.0024092099629342556, 0.16641969978809357, 0.9860522150993347),
            ["LowerTorso"] = CFrame.new(-0.00023441039957106113, -0.03832817077636719, -0.05394330993294716, 0.993061900138855, 0.03401530534029007, -0.1125662624835968, -0.03357310965657234, 0.9994193315505981, 0.005822158884257078, 0.11269894987344742, -0.0020025649573653936, 0.9936271905899048),
            ["RightLowerLeg"] = CFrame.new(1.4901161193847656e-08, -0.000003635883331298828, -0.000013364646292757243, 1, 1.1734665861240501e-07, 8.940696716308594e-08, -1.1175872671742582e-08, 0.8794698715209961, 0.47595471143722534, 8.661300654466686e-08, -0.47595474123954773, 0.8794698119163513),
            ["LeftUpperLeg"] = CFrame.new(0, 3.9084989111870527e-07, 0, 0.9877395033836365, -0.004238971043378115, 0.15605346858501434, 0.038494568318128586, 0.9753775596618652, -0.217156320810318, -0.1512908637523651, 0.22050125896930695, 0.9635820984840393),
            ["LeftLowerLeg"] = CFrame.new(2.7939677238464355e-09, 0.0000035762786865234375, 0.000013327226042747498, 1, -1.396983329016166e-08, -1.6938427549462176e-08, -3.259628567064965e-09, 0.9135295152664185, 0.4067727327346802, 2.159504042253957e-08, -0.40677252411842346, 0.9135294556617737),
        }},
        {Time = 0.167, Data = {
            ["RightFoot"] = CFrame.new(1.6298145055770874e-08, 1.7881393432617188e-07, -5.75528247281909e-09, 0.9930693507194519, -0.0332426093518734, 0.11273141205310822, 0.05282106623053551, 0.983076274394989, -0.17541629076004028, -0.10499226301908493, 0.18015575408935547, 0.9780188202857971),
            ["LeftLowerArm"] = CFrame.new(5.960464477539063e-08, 8.940696716308594e-07, -5.960464477539063e-08, 1, -4.470347647611561e-08, 6.519259443393821e-08, 5.587935447692871e-08, 0.7912854552268982, -0.6114470362663269, -1.1175870895385742e-08, 0.6114470362663269, 0.7912853956222534),
            ["RightUpperArm"] = CFrame.new(0, 0.0000011920928955078125, -1.4901161193847656e-08, 0.7864059209823608, 0.01274880301207304, 0.6175785660743713, -0.09614492207765579, 0.9901285171508789, 0.10198855400085449, -0.610181987285614, -0.13958147168159485, 0.7798686623573303),
            ["Head"] = CFrame.new(-1.30385160446167e-07, 0.0000010728836059570312, -8.195638656616211e-08, 0.851673424243927, -0.1172773689031601, -0.5107822418212891, 0.19894680380821228, 0.9740322232246399, 0.10808071494102478, 0.48484307527542114, -0.1936679631471634, 0.8528892397880554),
            ["RightHand"] = CFrame.new(-2.9616057872772217e-07, -3.5762786865234375e-07, -7.660128176212311e-08, 0.9374546408653259, -0.05188292637467384, -0.3442192077636719, 0.0352076031267643, 0.9978916645050049, -0.05452337861061096, 0.34632232785224915, 0.03899410739541054, 0.9373049139976501),
            ["UpperTorso"] = CFrame.new(-9.313225746154785e-09, 4.470348358154297e-07, -1.1990778148174286e-08, 0.9998415112495422, -0.004411234520375729, 0.01725281961262226, 0.001978169195353985, 0.990350067615509, 0.1385749876499176, -0.017697615548968315, -0.13851886987686157, 0.9902017116546631),
            ["HumanoidRootPart"] = CFrame.new(0, 0, 0, 1, 0, 0, 0, 1, 0, 0, 0, 1),
            ["RightUpperLeg"] = CFrame.new(0, 1.0505573300179094e-07, 3.090099198743701e-08, 0.9690015316009521, -0.07085159420967102, -0.23667697608470917, -0.002074482152238488, 0.9556276798248291, -0.29457011818885803, 0.24704597890377045, 0.28592973947525024, 0.925857663154602),
            ["LeftUpperArm"] = CFrame.new(-3.5762786865234375e-07, 3.5762786865234375e-07, -1.564621925354004e-07, 0.871657133102417, -0.00008278153836727142, -0.4901162087917328, -0.020117925480008125, 0.9991511702537537, -0.035947900265455246, 0.4897031784057617, 0.0411943644285202, 0.8709155321121216),
            ["RightLowerArm"] = CFrame.new(-2.086162567138672e-07, -4.172325134277344e-07, -2.8312206268310547e-07, 1, 7.450583261459087e-09, -7.078052988163108e-08, 0, 0.9985928535461426, -0.05303245037794113, 2.2351747119842003e-08, 0.053032442927360535, 0.9985928535461426),
            ["LeftHand"] = CFrame.new(-2.2351741790771484e-08, 1.1920928955078125e-07, 0, 0.9656643271446228, -0.02869134023785591, -0.25820398330688477, 0.09887903183698654, 0.9596708416938782, 0.26316311955451965, 0.24024027585983276, -0.27965813875198364, 0.9295568466186523),
            ["LeftFoot"] = CFrame.new(-1.05355866253376e-08, 1.1920928955078125e-07, -9.313225746154785e-09, 0.9999632835388184, 0.006573863793164492, -0.005500015802681446, -0.007399135269224644, 0.9859707951545715, -0.16675403714179993, 0.004326777998358011, 0.16678886115550995, 0.9859831929206848),
            ["LowerTorso"] = CFrame.new(-0.000587694114074111, -0.03320801258087158, -0.054697148501873016, 0.9899059534072876, 0.02937648445367813, -0.13864821195602417, -0.028925800696015358, 0.9995677471160889, 0.005264871753752232, 0.13874293863773346, -0.0012012177612632513, 0.9903277158737183),
            ["RightLowerLeg"] = CFrame.new(7.450580596923828e-08, -0.000003516674041748047, -0.00001326033816440031, 1, -2.1234161806660268e-07, -1.3131648302078247e-07, 1.8067660789711226e-07, 0.8972743153572083, 0.4414730966091156, -8.940698137394065e-08, -0.44147342443466187, 0.8972744941711426),
            ["LeftUpperLeg"] = CFrame.new(-1.1920928955078125e-07, 3.785098670050502e-07, -2.60770320892334e-08, 0.9833123087882996, 0.004285171162337065, 0.18187497556209564, 0.03277288004755974, 0.9791948795318604, -0.20025821030139923, -0.17894931137561798, 0.20287702977657318, 0.9627139568328857),
            ["LeftLowerLeg"] = CFrame.new(-1.862645149230957e-08, 0.0000040531158447265625, 0.000013237819075584412, 1, 3.655441105365753e-08, 4.615868576252069e-08, -2.9569495296755122e-08, 0.9200363755226135, 0.3918329179286957, -1.2048987585444593e-08, -0.39183303713798523, 0.9200364351272583),
        }},
        {Time = 0.200, Data = {
            ["RightFoot"] = CFrame.new(2.0489096641540527e-08, 3.5762786865234375e-07, 5.420588422566652e-09, 0.993328869342804, -0.034230176359415054, 0.11011874675750732, 0.05123075470328331, 0.9865103960037231, -0.15547458827495575, -0.10331142693758011, 0.16007985174655914, 0.981683075428009),
            ["LeftLowerArm"] = CFrame.new(1.1920928955078125e-07, 2.980232238769531e-07, 2.9802322387695312e-08, 1, -7.636845111846924e-08, 9.31322685637781e-10, 5.401672709126615e-08, 0.8066390752792358, -0.5910443067550659, 1.2572859198201058e-08, 0.5910443067550659, 0.8066390752792358),
            ["RightUpperArm"] = CFrame.new(2.384185791015625e-07, 0.0000011920928955078125, 2.9802322387695312e-08, 0.8031987547874451, 0.031449709087610245, 0.5948804616928101, -0.13168342411518097, 0.983275294303894, 0.12581394612789154, -0.5809744596481323, -0.17938950657844543, 0.7939068078994751),
            ["Head"] = CFrame.new(-1.043081283569336e-07, 3.5762786865234375e-07, -7.82310962677002e-08, 0.7545855641365051, -0.11406365782022476, -0.6462121605873108, 0.20935697853565216, 0.975159764289856, 0.07234077155590057, 0.6219086647033691, -0.18987633287906647, 0.7597213983535767),
            ["RightHand"] = CFrame.new(-1.5273690223693848e-07, -0.0000011920928955078125, 6.705522537231445e-08, 0.9445791244506836, -0.03210888430476189, -0.32670965790748596, 0.024406159296631813, 0.9993197321891785, -0.027650024741888046, 0.327375203371048, 0.01814383827149868, 0.9447202682495117),
            ["UpperTorso"] = CFrame.new(5.587935447692871e-09, 2.980232238769531e-07, -8.381903171539307e-09, 0.9990364909172058, -0.008217645809054375, 0.043112412095069885, 0.002085370011627674, 0.9900929927825928, 0.1403975635766983, -0.043839048594236374, -0.1401723474264145, 0.989156186580658),
            ["HumanoidRootPart"] = CFrame.new(0, 0, 0, 1, 0, 0, 0, 1, 0, 0, 0, 1),
            ["RightUpperLeg"] = CFrame.new(2.980232238769531e-07, -5.603142199106514e-07, -1.7527781892567873e-08, 0.9757356643676758, -0.05447576567530632, -0.21206660568714142, -0.00824185460805893, 0.9587294459342957, -0.2842005491256714, 0.21879661083221436, 0.27905234694480896, 0.9350175261497498),
            ["LeftUpperArm"] = CFrame.new(-3.5762786865234375e-07, 0.000001430511474609375, -1.1920928955078125e-07, 0.851736843585968, 0.04559071362018585, -0.5219826102256775, -0.03322941064834595, 0.9989020228385925, 0.03302396833896637, 0.5229150652885437, -0.010782590135931969, 0.8523166179656982),
            ["RightLowerArm"] = CFrame.new(3.5762786865234375e-07, 5.960464477539062e-07, 8.940696716308594e-08, 1, 1.4901170075631853e-08, 1.1175872316471214e-07, 7.450582373280668e-09, 0.9996891617774963, -0.02493150159716606, 7.450582373280668e-09, 0.02493145316839218, 0.9996892213821411),
            ["LeftHand"] = CFrame.new(-1.4528632164001465e-07, -5.960464477539063e-08, -1.7881393432617188e-07, 0.9539499282836914, 0.0012673757737502456, -0.29996341466903687, 0.08155728131532669, 0.9612244367599487, 0.26343122124671936, 0.28866609930992126, -0.2757643163204193, 0.916856586933136),
            ["LeftFoot"] = CFrame.new(1.3213139027357101e-08, -5.960464477539063e-08, 2.0489096641540527e-08, 0.9999603629112244, 0.005355107598006725, -0.0071199750527739525, -0.006524486001580954, 0.9843761324882507, -0.1759573370218277, 0.006066448055207729, 0.17599721252918243, 0.984372079372406),
            ["LowerTorso"] = CFrame.new(-0.0010070375865325332, -0.03088092803955078, -0.056707657873630524, 0.986045241355896, 0.024001743644475937, -0.16473868489265442, -0.023362014442682266, 0.9997101426124573, 0.005820039659738541, 0.16483063995838165, -0.0018901953008025885, 0.9863200783729553),
            ["RightLowerLeg"] = CFrame.new(-1.4901161193847656e-08, -0.000003516674041748047, -0.0000133199428091757, 1, 5.02914261346632e-08, -5.867334351705722e-08, 8.940694584680386e-08, 0.910002589225769, 0.41460227966308594, -1.0989603538291703e-07, -0.4146026074886322, 0.9100027680397034),
            ["LeftUpperLeg"] = CFrame.new(-2.980232238769531e-07, -7.223570719361305e-08, -1.30385160446167e-08, 0.9781169295310974, 0.01479515340179205, 0.20752976834774017, 0.026161007583141327, 0.9808059334754944, -0.19322413206100464, -0.20640502870082855, 0.19442494213581085, 0.9589556455612183),
            ["LeftLowerLeg"] = CFrame.new(-4.6100467443466187e-08, 0.000003874301910400391, 0.00001321546733379364, 1, 6.775373151413078e-08, -4.703178291265431e-08, -4.679896647985515e-08, 0.9195446372032166, 0.3929855227470398, -3.29164357992795e-08, -0.3929857611656189, 0.9195446968078613),
        }},
        {Time = 0.233, Data = {
            ["RightFoot"] = CFrame.new(3.91155481338501e-08, 4.172325134277344e-07, 5.420588422566652e-09, 0.9936031103134155, -0.03477131575345993, 0.10744260251522064, 0.04979941248893738, 0.9888243079185486, -0.14052216708660126, -0.10135607421398163, 0.14497457444667816, 0.9842305183410645),
            ["LeftLowerArm"] = CFrame.new(-2.980232238769531e-07, 0.0000010132789611816406, 2.384185791015625e-07, 1, -6.51925802230835e-08, 1.9557775843281888e-08, 3.539026138810186e-08, 0.8194313049316406, -0.5731773376464844, 1.5366824257512235e-08, 0.5731773972511292, 0.8194313645362854),
            ["RightUpperArm"] = CFrame.new(-1.7881393432617188e-07, 4.76837158203125e-07, 3.725290298461914e-08, 0.8279997110366821, 0.049147218465805054, 0.5585705637931824, -0.1555071622133255, 0.9772037267684937, 0.14453507959842682, -0.5387337803840637, -0.2065366804599762, 0.816767156124115),
            ["Head"] = CFrame.new(-1.564621925354004e-07, 3.5762786865234375e-07, -1.0710209608078003e-08, 0.6596184968948364, -0.10467953979969025, -0.7442752718925476, 0.20824113488197327, 0.9769403338432312, 0.04715200513601303, 0.7221766710281372, -0.18609100580215454, 0.6662065386772156),
            ["RightHand"] = CFrame.new(-6.183981895446777e-07, -2.384185791015625e-07, 5.960464477539063e-08, 0.9588504433631897, -0.03817601129412651, -0.28133347630500793, 0.03310158848762512, 0.9991926550865173, -0.022769073024392128, 0.28197556734085083, 0.01251952163875103, 0.95933997631073),
            ["UpperTorso"] = CFrame.new(-3.725290298461914e-09, 8.344650268554688e-07, -5.704350769519806e-09, 0.9978834986686707, -0.010353812016546726, 0.06419782340526581, 0.0018336401553824544, 0.9913304448127747, 0.13137969374656677, -0.06500153243541718, -0.13098393380641937, 0.9892513155937195),
            ["HumanoidRootPart"] = CFrame.new(0, 0, 0, 1, 0, 0, 0, 1, 0, 0, 0, 1),
            ["RightUpperLeg"] = CFrame.new(2.384185791015625e-07, 7.027119863778353e-07, 1.6931153368204832e-08, 0.9814761281013489, -0.03832433000206947, -0.18771187961101532, -0.016768785193562508, 0.9588432312011719, -0.28344058990478516, 0.19084934890270233, 0.2813377380371094, 0.9404390454292297),
            ["LeftUpperArm"] = CFrame.new(-2.384185791015625e-07, 9.5367431640625e-07, -1.4901161193847656e-08, 0.8447628021240234, 0.0749109759926796, -0.5298717021942139, -0.04040592536330223, 0.9962561130523682, 0.07642809301614761, 0.5336132049560547, -0.04315366595983505, 0.8446269631385803),
            ["RightLowerArm"] = CFrame.new(5.960464477539062e-07, -2.980232238769531e-07, -3.501772880554199e-07, 1, 7.450583261459087e-09, 1.1175872671742582e-08, 7.450582373280668e-09, 0.9998947381973267, -0.014512768015265465, -7.450582373280668e-09, 0.014512753114104271, 0.9998946785926819),
            ["LeftHand"] = CFrame.new(-3.0547380447387695e-07, -2.980232238769531e-07, -5.960464477539063e-08, 0.9308775663375854, 0.03010692447423935, -0.36408868432044983, 0.07822897285223007, 0.9570554494857788, 0.27915066480636597, 0.3568575084209442, -0.2883373498916626, 0.8885462284088135),
            ["LeftFoot"] = CFrame.new(2.6338966563344002e-08, -5.960464477539063e-08, 0, 0.9999575018882751, 0.003943230956792831, -0.008331576362252235, -0.005490155890583992, 0.9808443784713745, -0.1947159618139267, 0.007404357194900513, 0.19475361704826355, 0.98082435131073),
            ["LowerTorso"] = CFrame.new(-0.0014486541040241718, -0.031452059745788574, -0.0595981702208519, 0.9816206097602844, 0.01808420941233635, -0.18998445570468903, -0.016096578910946846, 0.9997984170913696, 0.012000106275081635, 0.19016318023204803, -0.008721452206373215, 0.9817137718200684),
            ["RightLowerLeg"] = CFrame.new(-4.0978193283081055e-08, -0.000003337860107421875, -0.000013364646292757243, 1, -1.0058287358560847e-07, 2.0954763257918785e-08, 1.3038521728958585e-07, 0.9181528687477112, 0.3962259590625763, 3.6321598173572056e-08, -0.3962264657020569, 0.9181530475616455),
            ["LeftUpperLeg"] = CFrame.new(-1.1920928955078125e-07, 7.350463420152664e-07, -3.3527612686157227e-08, 0.972392201423645, 0.02888491563498974, 0.23155777156352997, 0.019096892327070236, 0.9791305661201477, -0.20233318209648132, -0.2325698584318161, 0.2011691927909851, 0.9515472650527954),
            ["LeftLowerLeg"] = CFrame.new(5.005858838558197e-08, 0.000003814697265625, 0.000013336539268493652, 1, -3.026798012228937e-08, 1.9208530321890294e-09, -3.719469532370567e-08, 0.9109703302383423, 0.4124720096588135, 5.1935785450041294e-08, -0.4124717712402344, 0.9109703302383423),
        }},
        {Time = 0.267, Data = {
            ["RightFoot"] = CFrame.new(6.05359673500061e-09, 4.172325134277344e-07, -1.3205863069742918e-08, 0.9938593506813049, -0.034805722534656525, 0.1050337478518486, 0.04813962057232857, 0.9907065033912659, -0.12721297144889832, -0.09962993115186691, 0.13148897886276245, 0.9862985610961914),
            ["LeftLowerArm"] = CFrame.new(-3.8743019104003906e-07, 0.0000013709068298339844, 1.4901161193847656e-07, 1, -6.519258732851085e-08, -2.2351745343485163e-08, 4.656613938891496e-08, 0.8076571226119995, -0.5896525979042053, -2.1420424545226524e-08, 0.5896525979042053, 0.80765700340271),
            ["RightUpperArm"] = CFrame.new(1.1920928955078125e-07, 8.344650268554688e-07, -4.470348358154297e-08, 0.8222443461418152, 0.04161708801984787, 0.567611038684845, -0.1613113135099411, 0.9734663367271423, 0.16230203211307526, -0.545795738697052, -0.22501404583454132, 0.8071404695510864),
            ["Head"] = CFrame.new(-1.30385160446167e-07, 5.960464477539062e-07, -9.872019290924072e-08, 0.5901663899421692, -0.09203770011663437, -0.802017867565155, 0.20050522685050964, 0.9790605902671814, 0.03518746793270111, 0.7819855213165283, -0.1815752536058426, 0.5962626934051514),
            ["RightHand"] = CFrame.new(-2.384185791015625e-07, -1.1920928955078125e-07, -1.4901161193847656e-07, 0.9589514136314392, -0.045550428330898285, -0.2798883020877838, 0.040302734822034836, 0.9988876581192017, -0.02447914332151413, 0.2806919813156128, 0.012194058857858181, 0.9597204923629761),
            ["UpperTorso"] = CFrame.new(3.259629011154175e-09, 3.5762786865234375e-07, -1.1350493878126144e-08, 0.9968982934951782, -0.01038186065852642, 0.0780143216252327, 0.0013106217375025153, 0.993313729763031, 0.11543893069028854, -0.07869116216897964, -0.1149786040186882, 0.9902462363243103),
            ["HumanoidRootPart"] = CFrame.new(0, 0, 0, 1, 0, 0, 0, 1, 0, 0, 0, 1),
            ["RightUpperLeg"] = CFrame.new(2.384185791015625e-07, -6.9267116487026215e-09, -1.6952981241047382e-09, 0.9856398105621338, -0.022259904071688652, -0.1673882156610489, -0.026754966005682945, 0.9581650495529175, -0.2849632501602173, 0.16672870516777039, 0.2853492796421051, 0.943809986114502),
            ["LeftUpperArm"] = CFrame.new(-3.5762786865234375e-07, 0.0000010728836059570312, -1.9371509552001953e-07, 0.8559848070144653, 0.09008022397756577, -0.5090929269790649, -0.034967657178640366, 0.9925364851951599, 0.11682767421007156, 0.5158170461654663, -0.08220092952251434, 0.8527460098266602),
            ["RightLowerArm"] = CFrame.new(0, 5.960464477539063e-08, -2.4959444999694824e-07, 1, -1.4901166522918174e-08, -7.823110337312755e-08, 2.2351745343485163e-08, 0.999853789806366, -0.0171023178845644, 7.450581485102248e-09, 0.01710229553282261, 0.9998538494110107),
            ["LeftHand"] = CFrame.new(-1.4156103134155273e-07, -1.7881393432617188e-07, -1.1920928955078125e-07, 0.8958656191825867, 0.06571674346923828, -0.43943852186203003, 0.0897638201713562, 0.9418414831161499, 0.3238475024700165, 0.4351636469364166, -0.3295694589614868, 0.8378642797470093),
