return {
    ["High Five"] = {
        [1] = {Time = 0.000, Data = {
            ["LeftFoot"] = CFrame.new(2.60770320892334e-08, 5.960464477539063e-08, 7.450580596923828e-09, 0.9815904498100281, -0.14780756831169128, 0.12096744775772095, 0.17394386231899261, 0.9533970355987549, -0.24653145670890808, -0.07889094948768616, 0.263034462928772, 0.9615556001663208),
            ["LeftLowerArm"] = CFrame.new(1.1920928955078125e-07, 4.76837158203125e-07, 0, 1, -7.264315371457997e-08, 0, 7.078052277620372e-08, 0.7984360456466675, -0.602079451084137, -5.02914261346632e-08, 0.6020796298980713, 0.7984362244606018),
            ["LowerTorso"] = CFrame.new(0.01318143680691719, -0.09299278259277344, -0.11171456426382065, 0.95799720287323, 0.007536496501415968, 0.2866784930229187, -0.021467166021466255, 0.9987344741821289, 0.045481376349925995, -0.28597283363342285, -0.04972518980503082, 0.9569466710090637),
            ["Head"] = CFrame.new(-5.774199962615967e-08, 0, 1.1175870895385742e-08, 0.8127759099006653, 0.11954659968614578, -0.5701791048049927, -0.1315457671880722, 0.9911025166511536, 0.02028437703847885, 0.5675306916236877, 0.05851811170578003, 0.8212699294090271),
            ["RightUpperArm"] = CFrame.new(-5.960464477539063e-08, -2.384185791015625e-07, 0, 0.3060760498046875, -0.9368917346000671, 0.16896429657936096, 0.48156461119651794, -0.0007342771859839559, -0.8764082789421082, 0.8212265372276306, 0.3496190011501312, 0.4509541988372803),
            ["UpperTorso"] = CFrame.new(-3.958120942115784e-09, -5.960464477539063e-08, 1.1175870895385742e-08, 0.9555492401123047, -0.19083057343959808, 0.22474327683448792, 0.19642521440982819, 0.9805154800415039, -0.002588306786492467, -0.21987032890319824, 0.04661848023533821, 0.9744146466255188),
            ["HumanoidRootPart"] = CFrame.new(0, 0, 0, 1, 0, 0, 0, 1, 0, 0, 0, 1),
            ["RightHand"] = CFrame.new(-2.384185791015625e-07, 0, -2.980232238769531e-07, 0.6677410006523132, -0.1247362345457077, 0.7338670492172241, -0.1057320311665535, 0.9599714279174805, 0.2593628168106079, -0.7368464469909668, -0.2507902979850769, 0.6278298497200012),
            ["LeftUpperArm"] = CFrame.new(0, -2.384185791015625e-07, -5.960464477539063e-08, 0.5413610935211182, 0.5484528541564941, -0.6372817158699036, -0.1891305148601532, 0.8179653882980347, 0.5432882308959961, 0.8192422986030579, -0.1735856980085373, 0.5465437769889832),
            ["RightLowerArm"] = CFrame.new(-3.5762786865234375e-07, 2.384185791015625e-07, -1.4901161193847656e-08, 1, -1.4900956557539757e-07, 3.72534287862436e-08, 4.4703490686970326e-08, 0.0032163418363779783, -0.9999948143959045, 7.450581307466564e-08, 0.9999948740005493, 0.003216408658772707),
            ["LeftHand"] = CFrame.new(-7.450580596923828e-08, -1.7881393432617188e-07, 8.940696716308594e-08, 0.9357532858848572, -0.002686799271032214, -0.35264530777931213, 0.057815730571746826, 0.98760986328125, 0.1458907425403595, 0.34788399934768677, -0.15690654516220093, 0.9243144989013672),
            ["RightUpperLeg"] = CFrame.new(0, -3.2782554626464844e-07, 2.438173396512866e-08, 0.8743504285812378, -0.2709137499332428, -0.4026434123516083, 0.13518522679805756, 0.9328083992004395, -0.3340536653995514, 0.466086208820343, 0.23764356970787048, 0.8522244095802307),
            ["LeftUpperLeg"] = CFrame.new(5.960464477539063e-08, -3.0675437301397324e-07, 1.1175870895385742e-08, 0.9925430417060852, 0.11493106186389923, -0.040609799325466156, -0.12079322338104248, 0.9720699191093445, -0.2012188732624054, 0.01634921133518219, 0.20462387800216675, 0.9787042140960693),
            ["RightLowerLeg"] = CFrame.new(1.043081283569336e-07, -0.00006026029586791992, -0.00007209757313830778, 1, -9.313233562124879e-08, -6.332992086299782e-08, 1.0430811414607888e-07, 0.8362845778465271, 0.5482944250106812, -4.0978189730367376e-08, -0.548295795917511, 0.8362854719161987),
            ["RightFoot"] = CFrame.new(-5.21540641784668e-08, 1.7881393432617188e-07, -3.55576048605144e-08, 0.9700177311897278, 0.13301213085651398, -0.20340882241725922, -0.18537558615207672, 0.9461622834205627, -0.26534780859947205, 0.1571674346923828, 0.2951010763645172, 0.9424518346786499),
            ["LeftLowerLeg"] = CFrame.new(8.940696716308594e-08, 0.000060677528381347656, 0.00007208064198493958, 1, -7.450581485102248e-09, 2.6077039194660756e-08, -3.91155481338501e-08, 0.8846909403800964, 0.46617811918258667, 1.6763806343078613e-08, -0.46617820858955383, 0.8846909403800964)
        }},
        [2] = {Time = 0.033, Data = {
            ["LeftFoot"] = CFrame.new(-3.3527612686157227e-08, -5.960464477539063e-08, 2.2351741790771484e-08, 0.9815501570701599, -0.1480489820241928, 0.12099894881248474, 0.1742226481437683, 0.9532327055931091, -0.24696974456310272, -0.07877643406391144, 0.2634938657283783, 0.9614391922950745),
            ["LeftLowerArm"] = CFrame.new(1.1920928955078125e-07, -2.384185791015625e-07, -3.2782554626464844e-07, 1, -5.960465898624534e-08, 1.0244550985305523e-08, 4.842878098543224e-08, 0.7977058291435242, -0.6030468344688416, -2.2351745343485163e-08, 0.6030467748641968, 0.7977058291435242),
            ["LowerTorso"] = CFrame.new(0.013569120317697525, -0.09299540519714355, -0.11193327605724335, 0.9580456614494324, 0.006754457019269466, 0.2865360379219055, -0.020584750920534134, 0.9987621307373047, 0.04528241232037544, -0.2858753800392151, -0.04928087815642357, 0.9569987654685974),
            ["Head"] = CFrame.new(-8.381903171539307e-08, -2.384185791015625e-07, -1.862645149230957e-09, 0.8127636313438416, 0.11996272951364517, -0.570108950138092, -0.13228046894073486, 0.9910116791725159, 0.019946657121181488, 0.567377507686615, 0.059202440083026886, 0.8213270306587219),
            ["RightUpperArm"] = CFrame.new(-1.1920928955078125e-07, -3.5762786865234375e-07, -5.029141902923584e-08, 0.3060758411884308, -0.9368919134140015, 0.16896404325962067, 0.4815646708011627, -0.0007341359159909189, -0.8764082789421082, 0.8212264776229858, 0.34961867332458496, 0.450954407453537),
            ["UpperTorso"] = CFrame.new(1.862645149230957e-09, -2.384185791015625e-07, 3.259629011154175e-09, 0.9555491209030151, -0.19083060324192047, 0.22474321722984314, 0.19642524421215057, 0.9805153608322144, -0.0025883312337100506, -0.21987034380435944, 0.04661854729056358, 0.974414587020874),
            ["HumanoidRootPart"] = CFrame.new(0, 0, 0, 1, 0, 0, 0, 1, 0, 0, 0, 1),
            ["RightHand"] = CFrame.new(-5.960464477539063e-08, -1.1920928955078125e-07, 5.960464477539063e-08, 0.6678670644760132, -0.12476606667041779, 0.7337471842765808, -0.10548988729715347, 0.9600281119346619, 0.2592511475086212, -0.7367669343948364, -0.25055837631225586, 0.62801593542099),
            ["LeftUpperArm"] = CFrame.new(-1.1920928955078125e-07, -4.76837158203125e-07, 5.4016709327697754e-08, 0.5412927269935608, 0.5491714477539062, -0.6367204785346985, -0.18965327739715576, 0.8174753785133362, 0.5438434481620789, 0.8191666007041931, -0.173622265458107, 0.5466456413269043),
            ["RightLowerArm"] = CFrame.new(-2.980232238769531e-07, 0, 4.023313522338867e-07, 1, -1.490095087319787e-07, 4.4704115964577795e-08, 1.1175872316471214e-07, 0.00462971068918705, -0.9999893307685852, 1.1920930376163597e-07, 0.9999892711639404, 0.004629804287105799),
            ["LeftHand"] = CFrame.new(1.6391277313232422e-07, -1.7881393432617188e-07, -5.960464477539063e-08, 0.9354750514030457, -0.0017675651470199227, -0.35338839888572693, 0.054111797362565994, 0.9889116287231445, 0.13829661905765533, 0.3492254614830017, -0.14849545061588287, 0.9251977801322937),
            ["RightUpperLeg"] = CFrame.new(0, -2.898741513490677e-07, 4.85961209051311e-08, 0.874595046043396, -0.26937106251716614, -0.4031464159488678, 0.1342538595199585, 0.9335073232650757, -0.33247289061546326, 0.46589651703834534, 0.2366504967212677, 0.8526046276092529),
            ["LeftUpperLeg"] = CFrame.new(0, -2.3725442588329315e-07, -1.30385160446167e-08, 0.9924041628837585, 0.11605896800756454, -0.04079686105251312, -0.12194593995809555, 0.9718073010444641, -0.20179203152656555, 0.016226613894104958, 0.20523414015769958, 0.9785783886909485),
            ["RightLowerLeg"] = CFrame.new(6.705522537231445e-08, -0.000060677528381347656, -0.00007201561675174162, 1, -7.45058699180845e-08, -3.725288078015865e-09, 9.313227167240257e-08, 0.8368687629699707, 0.5474020838737488, -3.3527616238870905e-08, -0.5474036931991577, 0.8368697762489319),
            ["RightFoot"] = CFrame.new(2.2351741790771484e-08, 4.172325134277344e-07, -1.3205863069742918e-08, 0.9700406789779663, 0.1327965408563614, -0.20344077050685883, -0.18513841927051544, 0.9462703466415405, -0.26512810587882996, 0.15730531513690948, 0.2948516607284546, 0.9425068497657776),
            ["LeftLowerLeg"] = CFrame.new(9.12696123123169e-08, 0.000060677528381347656, 0.00007206946611404419, 1, 4.842877388000488e-08, 5.2154071283894154e-08, -2.7939680791178034e-08, 0.8842153549194336, 0.46707963943481445, 3.539026138810186e-08, -0.46707943081855774, 0.8842153549194336)
        }},
        [3] = {Time = 0.067, Data = {
            ["LeftFoot"] = CFrame.new(3.725290298461914e-09, -1.7881393432617188e-07, 0, 0.9815241098403931, -0.14819994568824768, 0.12102562189102173, 0.17440122365951538, 0.9531208872795105, -0.24727487564086914, -0.07870612293481827, 0.26381322741508484, 0.9613573551177979),
            ["LeftLowerArm"] = CFrame.new(5.960464477539063e-08, 2.384185791015625e-07, -1.1920928955078125e-07, 1, -6.332993507385254e-08, -2.7939680791178034e-08, 7.450581307466564e-08, 0.7970098853111267, -0.6039660573005676, -3.725290742551124e-09, 0.6039662957191467, 0.7970101237297058),
            ["LowerTorso"] = CFrame.new(0.013832412660121918, -0.09299707412719727, -0.1120825856924057, 0.9581432342529297, 0.006292000412940979, 0.28622016310691833, -0.02004971355199814, 0.9987785220146179, 0.045161694288253784, -0.28558632731437683, -0.04900999739766121, 0.9570990204811096),
            ["Head"] = CFrame.new(-5.587935447692871e-09, 1.1920928955078125e-07, 3.166496753692627e-08, 0.8129202127456665, 0.1190091222524643, -0.5700852870941162, -0.13273131847381592, 0.9909957051277161, 0.017607256770133972, 0.5670477151870728, 0.061354927718639374, 0.8213968873023987),
            ["RightUpperArm"] = CFrame.new(0, 2.384185791015625e-07, 7.264316082000732e-08, 0.3060760796070099, -0.9368917346000671, 0.16896425187587738, 0.4815645217895508, -0.0007342735771089792, -0.8764082193374634, 0.8212265372276306, 0.34961891174316406, 0.4509543776512146),
            ["UpperTorso"] = CFrame.new(-3.259629011154175e-09, 8.940696716308594e-08, 1.3504177331924438e-08, 0.9555492401123047, -0.19083057343959808, 0.22474305331707, 0.19642527401447296, 0.9805154800415039, -0.0025883258786052465, -0.21987013518810272, 0.046618543565273285, 0.9744147062301636),
            ["HumanoidRootPart"] = CFrame.new(0, 0, 0, 1, 0, 0, 0, 1, 0, 0, 0, 1),
            ["RightHand"] = CFrame.new(-1.1920928955078125e-07, 4.172325134277344e-07, 1.1920928955078125e-07, 0.6681668758392334, -0.12483599781990051, 0.7334621548652649, -0.10490965098142624, 0.9601645469665527, 0.25898122787475586, -0.7365778684616089, -0.2500001788139343, 0.6284601092338562),
            ["LeftUpperArm"] = CFrame.new(-1.1920928955078125e-07, -1.1920928955078125e-07, -1.6763806343078613e-08, 0.5414717197418213, 0.5495506525039673, -0.6362408399581909, -0.18997307121753693, 0.8171867728233337, 0.5441656708717346, 0.8189741373062134, -0.173781618475914, 0.5468832850456238),
            ["RightLowerArm"] = CFrame.new(-1.7881393432617188e-07, 5.960464477539063e-08, -4.172325134277344e-07, 1, -1.0430667174432529e-07, 1.4901375777753856e-07, 1.1175872316471214e-07, 0.008005306124687195, -0.9999679923057556, 4.4703490686970326e-08, 0.9999679923057556, 0.008005563169717789),
            ["LeftHand"] = CFrame.new(-4.470348358154297e-08, -5.960464477539063e-08, 0, 0.9351637959480286, -0.0007662459393031895, -0.35421478748321533, 0.04996485263109207, 0.9902844429016113, 0.12977027893066406, 0.35067418217658997, -0.13905495405197144, 0.9261164665222168),
            ["RightUpperLeg"] = CFrame.new(-5.960464477539063e-08, -2.1886080503463745e-08, -5.420588422566652e-09, 0.8748641610145569, -0.2683747708797455, -0.4032268524169922, 0.13365575671195984, 0.9339115619659424, -0.3315775394439697, 0.4655629098415375, 0.23618659377098083, 0.852915346622467),
            ["LeftUpperLeg"] = CFrame.new(0, 3.050081431865692e-08, 1.862645149230957e-09, 0.9923222064971924, 0.11680738627910614, -0.040652770549058914, -0.12265270948410034, 0.9716708660125732, -0.2020200490951538, 0.015903769060969353, 0.20545510947704315, 0.978537380695343),
            ["RightLowerLeg"] = CFrame.new(-1.4156103134155273e-07, -0.000060498714447021484, -0.00007200071559054777, 1, -1.1175881553526779e-07, -2.607702498380604e-08, 1.0058285937475375e-07, 0.8372119665145874, 0.5468770861625671, 7.450582373280668e-09, -0.546878457069397, 0.8372129201889038),
            ["RightFoot"] = CFrame.new(-5.960464477539063e-08, 2.980232238769531e-07, -6.535992724820971e-08, 0.9700598120689392, 0.1326400190591812, -0.2034514993429184, -0.18496261537075043, 0.9463489651679993, -0.2649703025817871, 0.15739446878433228, 0.29466986656188965, 0.9425488710403442),
            ["LeftLowerLeg"] = CFrame.new(9.499490261077881e-08, 0.000060617923736572266, 0.00007215514779090881, 1, 7.450580596923828e-09, 4.470348358154297e-08, -2.2351741790771484e-08, 0.8839409351348877, 0.46759870648384094, 5.587935447692871e-08, -0.46759870648384094, 0.8839408755302429)
        }},
        [4] = {Time = 0.100, Data = {
            ["LeftFoot"] = CFrame.new(2.9802322387695312e-08, -5.960464477539063e-08, 0, 0.9815086722373962, -0.1482832282781601, 0.1210491731762886, 0.17450526356697083, 0.9530482292175293, -0.247481569647789, -0.07866812497377396, 0.2640289068222046, 0.9613012075424194),
            ["LeftLowerArm"] = CFrame.new(1.1920928955078125e-07, 2.980232238769531e-07, 2.9802322387695312e-08, 1, -4.8428766774577525e-08, 2.980233304583635e-08, 8.940695295223122e-08, 0.7962828278541565, -0.604924201965332, 3.7252898543727042e-09, 0.6049246191978455, 0.7962831258773804),
            ["LowerTorso"] = CFrame.new(0.014003620482981205, -0.09299767017364502, -0.11218023300170898, 0.9582802653312683, 0.006069210357964039, 0.28576600551605225, -0.01977480947971344, 0.9987867474555969, 0.04509972035884857, -0.2851455509662628, -0.04886912554502487, 0.9572376608848572),
            ["Head"] = CFrame.new(-1.4901161193847656e-08, 0, 2.421438694000244e-08, 0.8131893873214722, 0.11672867834568024, -0.5701730847358704, -0.13294987380504608, 0.9910338521003723, 0.013274415396153927, 0.5666103959083557, 0.06500989198684692, 0.8214172720909119),
            ["RightUpperArm"] = CFrame.new(0, -1.1920928955078125e-07, -3.5390257835388184e-08, 0.30607590079307556, -0.9368916749954224, 0.1689642071723938, 0.481564462184906, -0.0007342473254539073, -0.8764083385467529, 0.8212265968322754, 0.34961891174316406, 0.45095428824424744),
            ["UpperTorso"] = CFrame.new(2.7939677238464355e-09, 1.7881393432617188e-07, -3.259629011154175e-09, 0.9555492401123047, -0.1908305436372757, 0.2247432917356491, 0.19642528891563416, 0.9805154204368591, -0.0025883109774440527, -0.21987028419971466, 0.04661853238940239, 0.9744146466255188),
            ["HumanoidRootPart"] = CFrame.new(0, 0, 0, 1, 0, 0, 0, 1, 0, 0, 0, 1),
            ["RightHand"] = CFrame.new(5.364418029785156e-07, 1.1920928955078125e-07, -1.7881393432617188e-07, 0.6685248613357544, -0.12491802871227264, 0.7331221699714661, -0.10421255230903625, 0.9603291749954224, 0.2586522102355957, -0.7363520264625549, -0.24932600557804108, 0.6289920210838318),
            ["LeftUpperArm"] = CFrame.new(-2.384185791015625e-07, -2.384185791015625e-07, 9.313225746154785e-09, 0.541803777217865, 0.5496858358383179, -0.635841429233551, -0.19020642340183258, 0.8170602321624756, 0.5442739725112915, 0.81870037317276, -0.1739485114812851, 0.5472400188446045),
            ["RightLowerArm"] = CFrame.new(1.7881393432617188e-07, 0, 5.811452865600586e-07, 1, -2.2351424888711335e-07, 1.5646438100702653e-07, 4.470348358154297e-08, 0.012040899135172367, -0.9999275207519531, 1.341104507446289e-07, 0.9999275803565979, 0.01204124465584755),
            ["LeftHand"] = CFrame.new(-2.9802322387695312e-08, 0, -1.1920928955078125e-07, 0.93489009141922, 0.0000684894694131799, -0.35493743419647217, 0.0465463362634182, 0.991340160369873, 0.12279227375984192, 0.35187211632728577, -0.13131900131702423, 0.9267909526824951),
            ["RightUpperLeg"] = CFrame.new(0, 1.5087425708770752e-07, 2.2519088815897703e-08, 0.875149667263031, -0.26779794692993164, -0.4029906988143921, 0.13330401480197906, 0.9340881705284119, -0.3312220871448517, 0.4651271104812622, 0.23614351451396942, 0.8531649708747864),
            ["LeftUpperLeg"] = CFrame.new(2.9802322387695312e-08, 3.1548552215099335e-07, -1.1175870895385742e-08, 0.9922836422920227, 0.11727403104305267, -0.040250152349472046, -0.12302642315626144, 0.9716306924819946, -0.2019861489534378, 0.015420407056808472, 0.20537933707237244, 0.9785610437393188),
            ["RightLowerLeg"] = CFrame.new(4.470348358154297e-08, -0.0000603795051574707, -0.00007217952952487394, 1, -1.1548412004458442e-07, -3.3527591369875154e-08, 9.685756197086448e-08, 0.8373730778694153, 0.5466302037239075, 2.980232594040899e-08, -0.5466318130493164, 0.837374210357666),
            ["RightFoot"] = CFrame.new(8.195638656616211e-08, 4.172325134277344e-07, -2.8107024263590574e-08, 0.9700762629508972, 0.13252697885036469, -0.2034464031457901, -0.18483181297779083, 0.9464065432548523, -0.26485615968704224, 0.15744595229625702, 0.29453590512275696, 0.9425820112228394),
            ["LeftLowerLeg"] = CFrame.new(-8.381903171539307e-08, 0.00006091594696044922, 0.00007208064198493958, 1, 2.9802322387695312e-08, 7.450581485102248e-09, -3.3527616238870905e-08, 0.8838180899620056, 0.46783095598220825, -1.6763808119435453e-08, -0.4678307771682739, 0.8838180899620056)
        }},
        [5] = {Time = 0.133, Data = {
            ["LeftFoot"] = CFrame.new(-3.725290298461914e-09, 0, -3.725290298461914e-08, 0.9815002083778381, -0.1483214646577835, 0.12107077240943909, 0.1745598316192627, 0.9530010223388672, -0.24762490391731262, -0.0786522701382637, 0.2641778588294983, 0.9612616300582886),
            ["LeftLowerArm"] = CFrame.new(5.960464477539063e-08, -1.7881393432617188e-07, 8.940696716308594e-08, 1, -8.568166975919667e-08, 4.0046870708465576e-08, 2.9802322387695312e-08, 0.7956358194351196, -0.605774998664856, -5.21540641784668e-08, 0.6057752370834351, 0.7956360578536987),
            ["LowerTorso"] = CFrame.new(0.014114636927843094, -0.09299802780151367, -0.11224433779716492, 0.9584466814994812, 0.0060070897452533245, 0.28520873188972473, -0.019673621281981468, 0.9987897872924805, 0.04507680982351303, -0.28459271788597107, -0.04881478473544121, 0.9574049115180969),
            ["Head"] = CFrame.new(4.470348358154297e-08, 1.1920928955078125e-07, -3.725290298461914e-09, 0.8135532736778259, 0.11385859549045563, -0.5702345967292786, -0.13304980099201202, 0.9910765290260315, 0.008065964095294476, 0.5660644769668579, 0.06930756568908691, 0.8214423060417175),
            ["RightUpperArm"] = CFrame.new(1.1920928955078125e-07, 2.384185791015625e-07, -7.450580596923828e-09, 0.3060760796070099, -0.9368916153907776, 0.16896416246891022, 0.48156434297561646, -0.0007342546596191823, -0.8764083385467529, 0.8212267160415649, 0.3496191203594208, 0.4509541094303131),
            ["UpperTorso"] = CFrame.new(-6.51925802230835e-09, 3.2782554626464844e-07, 8.847564458847046e-09, 0.9555491805076599, -0.19083060324192047, 0.22474312782287598, 0.19642527401447296, 0.9805154204368591, -0.0025883405469357967, -0.21987010538578033, 0.04661855101585388, 0.974414587020874),
            ["HumanoidRootPart"] = CFrame.new(0, 0, 0, 1, 0, 0, 0, 1, 0, 0, 0, 1),
            ["RightHand"] = CFrame.new(-5.960464477539063e-08, 1.7881393432617188e-07, 1.1920928955078125e-07, 0.6688248515129089, -0.12498554587364197, 0.7328367829322815, -0.10362397134304047, 0.9604687094688416, 0.258370578289032, -0.7361626029014587, -0.24875399470329285, 0.6294400691986084),
            ["LeftUpperArm"] = CFrame.new(5.960464477539063e-08, 1.1920928955078125e-07, 9.685754776000977e-08, 0.5422624945640564, 0.5496571063995361, -0.6354751586914062, -0.1903236210346222, 0.8170261979103088, 0.544283926486969, 0.8183693885803223, -0.17419888079166412, 0.5476553440093994),
            ["RightLowerArm"] = CFrame.new(-2.384185791015625e-07, -5.960464477539063e-08, -1.4901161193847656e-07, 1, -4.47028583039355e-08, 1.1921095222078293e-07, 5.960463766996327e-08, 0.015429855324327946, -0.9998810291290283, 7.450579886381092e-08, 0.9998810291290283, 0.015430307947099209),
            ["LeftHand"] = CFrame.new(1.4901161193847656e-08, 2.384185791015625e-07, 0, 0.934744119644165, 0.0004793591215275228, -0.3553214967250824, 0.04501035809516907, 0.991783618927002, 0.11974653601646423, 0.35245928168296814, -0.1279258280992508, 0.9270423054695129),
            ["RightUpperLeg"] = CFrame.new(0, 3.5995617508888245e-07, -5.420588422566652e-09, 0.8754544854164124, -0.2674671709537506, -0.4025481641292572, 0.13311487436294556, 0.9341368079185486, -0.33116066455841064, 0.4646073877811432, 0.23632574081420898, 0.8533976674079895),
            ["LeftUpperLeg"] = CFrame.new(2.9802322387695312e-08, 3.2258685678243637e-07, 2.9802322387695312e-08, 0.9922741055488586, 0.11755464226007462, -0.039662931114435196, -0.12317728251218796, 0.9716560244560242, -0.20177239179611206, 0.01481924019753933, 0.20509904623031616, 0.9786290526390076),
            ["RightLowerLeg"] = CFrame.new(5.21540641784668e-08, -0.000060558319091796875, -0.0000720081661711447, 1, -8.195645762043569e-08, -5.9604616353681195e-08, 1.1920927533992653e-07, 0.8374262452125549, 0.5465492010116577, -7.4505797087454084e-09, -0.546550452709198, 0.837427020072937),
            ["RightFoot"] = CFrame.new(-3.3527612686157227e-08, 4.172325134277344e-07, 1.6596459317952394e-08, 0.9700909852981567, 0.1324417144060135, -0.20343224704265594, -0.18472957611083984, 0.946450412273407, -0.2647704780101776, 0.15747545659542084, 0.2944331765174866, 0.9426091909408569),
            ["LeftLowerLeg"] = CFrame.new(-2.2351741790771484e-08, 0.000060558319091796875, 0.00007213279604911804, 1, 6.705523958316917e-08, 1.4901162970204496e-08, -5.7742006731587026e-08, 0.8837968111038208, 0.4678710103034973, -1.6763808119435453e-08, -0.4678710103034973, 0.8837968111038208)
        }},
        [6] = {Time = 0.167, Data = {
            ["LeftFoot"] = CFrame.new(-2.60770320892334e-08, -5.960464477539063e-08, -1.4901161193847656e-08, 0.981495201587677, -0.14833758771419525, 0.12109163403511047, 0.17459064722061157, 0.9529657959938049, -0.24773907661437988, -0.07864708453416824, 0.2642959952354431, 0.9612295627593994),
            ["LeftLowerArm"] = CFrame.new(1.7881393432617188e-07, 4.76837158203125e-07, 8.940696716308594e-08, 1, -4.097817907222634e-08, 9.313224857976365e-09, 7.078050856534901e-08, 0.7950984835624695, -0.6064798831939697, -5.4016702222270396e-08, 0.6064804196357727, 0.7950988411903381),
            ["LowerTorso"] = CFrame.new(0.014197628945112228, -0.09299826622009277, -0.11229275912046432, 0.9586323499679565, 0.00602597976103425, 0.28458371758461, -0.019659139215946198, 0.9987902045249939, 0.04507357254624367, -0.2839677333831787, -0.048803649842739105, 0.9575909972190857),
            ["Head"] = CFrame.new(2.421438694000244e-08, -1.1920928955078125e-07, 1.862645149230957e-08, 0.8139321208000183, 0.11119148880243301, -0.570219874382019, -0.13309741020202637, 0.991097629070282, 0.0032783779315650463, 0.5655083060264587, 0.07322649657726288, 0.8214855194091797),
            ["RightUpperArm"] = CFrame.new(0, -1.1920928955078125e-07, -3.3527612686157227e-08, 0.30607596039772034, -0.9368917346000671, 0.16896405816078186, 0.4815644919872284, -0.000734262284822762, -0.8764081597328186, 0.8212266564369202, 0.34961891174316406, 0.45095446705818176),
            ["UpperTorso"] = CFrame.new(9.313225746154785e-10, 5.960464477539063e-08, 1.257285475730896e-08, 0.9555491805076599, -0.1908305585384369, 0.22474302351474762, 0.19642524421215057, 0.9805154204368591, -0.0025883230846375227, -0.21987013518810272, 0.04661854729056358, 0.9744147062301636),
            ["HumanoidRootPart"] = CFrame.new(0, 0, 0, 1, 0, 0, 0, 1, 0, 0, 0, 1),
            ["RightHand"] = CFrame.new(3.5762786865234375e-07, -2.384185791015625e-07, -2.384185791015625e-07, 0.6689509153366089, -0.12501351535320282, 0.7327170372009277, -0.10337555408477783, 0.9605277180671692, 0.2582508623600006, -0.7360830307006836, -0.24851199984550476, 0.6296288371086121),
            ["LeftUpperArm"] = CFrame.new(1.1920928955078125e-07, 1.1920928955078125e-07, 4.0978193283081055e-08, 0.5427886843681335, 0.54953932762146, -0.6351275444030762, -0.19041018187999725, 0.8170495629310608, 0.5442188382148743, 0.818000316619873, -0.17446091771125793, 0.5481230020523071),
            ["RightLowerArm"] = CFrame.new(-5.960464477539063e-08, 3.5762786865234375e-07, 2.9802322387695312e-08, 1, -1.6391044255215093e-07, 5.215480314291199e-08, 5.960463766996327e-08, 0.016853615641593933, -0.999858021736145, 4.470347647611561e-08, 0.999858021736145, 0.016854047775268555),
            ["LeftHand"] = CFrame.new(0, 0, 0, 0.9347407817840576, 0.0004238375404383987, -0.35533007979393005, 0.04557087644934654, 0.9915981888771057, 0.12106265127658844, 0.3523961901664734, -0.12935560941696167, 0.9268680810928345),
            ["RightUpperLeg"] = CFrame.new(-5.960464477539063e-08, 2.5425106287002563e-07, -1.6952981241047382e-09, 0.875778079032898, -0.267283171415329, -0.40196600556373596, 0.13300025463104248, 0.9340941905975342, -0.3313264548778534, 0.46402984857559204, 0.2367018312215805, 0.8536077737808228),
            ["LeftUpperLeg"] = CFrame.new(0, 1.0826624929904938e-08, 1.1175870895385742e-08, 0.9922789335250854, 0.11774737387895584, -0.038964495062828064, -0.1232181265950203, 0.9717156291007996, -0.20146001875400543, 0.01414065808057785, 0.20470555126667023, 0.9787214398384094),
            ["RightLowerLeg"] = CFrame.new(1.4901161193847656e-08, -0.000060677528381347656, -0.00007195601210696623, 1, -1.043082278329166e-07, -1.1175867342672063e-08, 9.313224325069314e-08, 0.8374077677726746, 0.5465771555900574, 0, -0.5465786457061768, 0.8374087810516357),
            ["RightFoot"] = CFrame.new(7.450580596923828e-09, 2.384185791015625e-07, -4.300818545743823e-08, 0.9701058268547058, 0.13236717879772186, -0.20341019332408905, -0.18463797867298126, 0.9464884996414185, -0.2646978497505188, 0.15749169886112213, 0.29434412717819214, 0.9426343441009521),
            ["LeftLowerLeg"] = CFrame.new(-9.313225746154785e-09, 0.00006085634231567383, 0.00007216259837150574, 1, 1.1175870895385742e-08, -7.450580596923828e-09, -7.450579886381092e-08, 0.8838276863098145, 0.4678128957748413, 2.7939673685750677e-08, -0.4678126573562622, 0.8838275671005249)
        }},
        [7] = {Time = 0.200, Data = {
            ["LeftFoot"] = CFrame.new(8.195638656616211e-08, -1.1920928955078125e-07, -7.450580596923828e-08, 0.9814948439598083, -0.14831975102424622, 0.12111680954694748, 0.1745871603488922, 0.9529427886009216, -0.24782946705818176, -0.0786590501666069, 0.264388769865036, 0.9612031579017639),
            ["LeftLowerArm"] = CFrame.new(5.960464477539063e-08, -1.1920928955078125e-07, -3.2782554626464844e-07, 1, -9.313226634333205e-09, 5.494803190231323e-08, 6.705523247774181e-08, 0.7947100400924683, -0.6069891452789307, -3.166497108963995e-08, 0.6069892644882202, 0.794710099697113),
            ["LowerTorso"] = CFrame.new(0.014250639826059341, -0.09299767017364502, -0.11232510209083557, 0.9588896632194519, 0.00618611229583621, 0.2837119698524475, -0.01978829689323902, 0.9987863302230835, 0.04510276019573212, -0.2830885648727417, -0.048862725496292114, 0.9578482508659363),
            ["Head"] = CFrame.new(3.725290298461914e-09, -2.384185791015625e-07, -1.862645149230957e-09, 0.8144636154174805, 0.108867347240448, -0.5699095726013184, -0.13305531442165375, 0.9911083579063416, -0.0008235247805714607, 0.5647523999214172, 0.0765003114938736, 0.8217070698738098),
            ["RightUpperArm"] = CFrame.new(-5.960464477539063e-08, 0, 1.30385160446167e-08, 0.3060762584209442, -0.9368917346000671, 0.1689644157886505, 0.4815647602081299, -0.0007343816105276346, -0.8764082193374634, 0.8212264180183411, 0.3496190309524536, 0.4509540796279907),
            ["UpperTorso"] = CFrame.new(-1.862645149230957e-09, 3.8743019104003906e-07, 7.450580596923828e-09, 0.9555492401123047, -0.1908305138349533, 0.2247428297996521, 0.196425199508667, 0.9805154800415039, -0.0025883407797664404, -0.21987000107765198, 0.046618420630693436, 0.9744147062301636),
            ["HumanoidRootPart"] = CFrame.new(0, 0, 0, 1, 0, 0, 0, 1, 0, 0, 0, 1),
            ["RightHand"] = CFrame.new(-1.1920928955078125e-07, 3.5762786865234375e-07, 5.960464477539063e-08, 0.6688592433929443, -0.12499339878559113, 0.7328042387962341, -0.10355664789676666, 0.960484504699707, 0.25833871960639954, -0.7361409068107605, -0.2486887127161026, 0.6294910907745361),
            ["LeftUpperArm"] = CFrame.new(5.960464477539063e-08, -1.1920928955078125e-07, -7.636845111846924e-08, 0.5435425043106079, 0.549239993095398, -0.6347419023513794, -0.19042587280273438, 0.817171573638916, 0.5440302491188049, 0.8174958825111389, -0.17483215034008026, 0.5487567782402039),
            ["RightLowerArm"] = CFrame.new(5.960464477539063e-08, -3.5762786865234375e-07, -3.725290298461914e-07, 1, -1.341085749118065e-07, 7.450682915077778e-08, 6.705522537231445e-08, 0.015813928097486496, -0.999875009059906, 1.043081283569336e-07, 0.9998749494552612, 0.015814393758773804),
            ["LeftHand"] = CFrame.new(-5.960464477539063e-08, -5.960464477539063e-08, 5.960464477539063e-08, 0.934820830821991, 0.00010208414460066706, -0.3551199436187744, 0.047278426587581635, 0.9910622835159302, 0.12474136799573898, 0.3519584834575653, -0.13340047001838684, 0.9264606833457947),
            ["RightUpperLeg"] = CFrame.new(-5.960464477539063e-08, 4.3585896492004395e-07, 1.879379851743579e-08, 0.8762046098709106, -0.26727259159088135, -0.4010423719882965, 0.1329994946718216, 0.9339222311973572, -0.33181145787239075, 0.4632243514060974, 0.23739121854305267, 0.853853702545166),
            ["LeftUpperLeg"] = CFrame.new(2.9802322387695312e-08, 2.50060111284256e-07, -1.862645149230957e-09, 0.9923091530799866, 0.11783000826835632, -0.03793182596564293, -0.12308036535978317, 0.971845805644989, -0.20091570913791656, 0.013189698569476604, 0.20403903722763062, 0.9788739085197449),
            ["RightLowerLeg"] = CFrame.new(5.21540641784668e-08, -0.000060677528381347656, -0.00007200071559054777, 1, -8.940705242821423e-08, -2.9802315282267955e-08, 1.1920928955078125e-07, 0.8372855186462402, 0.5467645525932312, -4.842877388000488e-08, -0.5467658638954163, 0.8372864723205566),
            ["RightFoot"] = CFrame.new(-8.940696716308594e-08, 1.7881393432617188e-07, -5.75528247281909e-09, 0.9701229333877563, 0.13229715824127197, -0.2033739984035492, -0.1845478117465973, 0.9465246796607971, -0.2646314203739166, 0.15749208629131317, 0.29425913095474243, 0.9426607489585876),
            ["LeftLowerLeg"] = CFrame.new(8.568167686462402e-08, 0.000060617923736572266, 0.00007203221321105957, 1, 8.195639367158947e-08, -1.862645149230957e-08, -3.539026138810186e-08, 0.8839514255523682, 0.4675787687301636, -3.166497108963995e-08, -0.4675787687301636, 0.8839514255523682)
        }},
        [8] = {Time = 0.233, Data = {
            ["LeftFoot"] = CFrame.new(4.470348358154297e-08, -5.960464477539063e-08, -4.470348358154297e-08, 0.9815014600753784, -0.1482529491186142, 0.12114463746547699, 0.17453302443027496, 0.9529423117637634, -0.2478695511817932, -0.07869632542133331, 0.264428049325943, 0.9611892104148865),
            ["LeftLowerArm"] = CFrame.new(-2.682209014892578e-07, 0, 8.940696716308594e-08, 1, -5.960462345910855e-08, 1.8626449271863521e-09, 5.587933316064664e-08, 0.7946150302886963, -0.6071135401725769, 1.6763801014008095e-08, 0.6071135401725769, 0.7946151494979858),
            ["LowerTorso"] = CFrame.new(0.01425209827721119, -0.09299695491790771, -0.1123296469449997, 0.9592244625091553, 0.006540999747812748, 0.28256991505622864, -0.020119111984968185, 0.9987764358520508, 0.045177340507507324, -0.28192853927612305, -0.049020253121852875, 0.9581823348999023),
            ["Head"] = CFrame.new(-8.381903171539307e-08, -1.1920928955078125e-07, 1.1175870895385742e-08, 0.8152177333831787, 0.10749666392803192, -0.5690909028053284, -0.1328815221786499, 0.9911270141601562, -0.003135675098747015, 0.563704252243042, 0.07817798107862473, 0.8222686648368835),
            ["RightUpperArm"] = CFrame.new(-5.960464477539063e-08, 0, -1.4901161193847656e-08, 0.3060759902000427, -0.9368917942047119, 0.1689642369747162, 0.48156455159187317, -0.0007343146135099232, -0.8764083385467529, 0.8212265372276306, 0.3496187627315521, 0.4509541094303131),
            ["UpperTorso"] = CFrame.new(2.3283064365386963e-09, 1.1920928955078125e-07, -1.862645149230957e-09, 0.9555491805076599, -0.19083049893379211, 0.2247430980205536, 0.1964251846075058, 0.9805154204368591, -0.002588300732895732, -0.2198701947927475, 0.04661846160888672, 0.9744147062301636),
            ["HumanoidRootPart"] = CFrame.new(0, 0, 0, 1, 0, 0, 0, 1, 0, 0, 0, 1),
            ["RightHand"] = CFrame.new(1.7881393432617188e-07, -5.960464477539063e-08, -5.960464477539063e-08, 0.6686268448829651, -0.124940887093544, 0.7330251336097717, -0.10401291400194168, 0.960376501083374, 0.25855717062950134, -0.7362875938415527, -0.2491321861743927, 0.6291441321372986),
            ["LeftUpperArm"] = CFrame.new(-1.1920928955078125e-07, 0, 4.470348358154297e-08, 0.5445641279220581, 0.5487267374992371, -0.6343097686767578, -0.19039437174797058, 0.8174170255661011, 0.5436723232269287, 0.8168230652809143, -0.17529542744159698, 0.5496104955673218),
            ["RightLowerArm"] = CFrame.new(1.7881393432617188e-07, -1.7881393432617188e-07, 5.513429641723633e-07, 1, -1.3410860333351593e-07, 1.5646433837446239e-07, -7.450581485102248e-09, 0.013191599398851395, -0.9999129772186279, 5.960465188081798e-08, 0.9999129772186279, 0.013192014768719673),
            ["LeftHand"] = CFrame.new(-4.470348358154297e-08, 1.1920928955078125e-07, -2.9802322387695312e-08, 0.93496173620224, -0.0004019403422717005, -0.3547484278678894, 0.04965295270085335, 0.9903038740158081, 0.12974151968955994, 0.3512566089630127, -0.13891783356666565, 0.9259161949157715),
            ["RightUpperLeg"] = CFrame.new(0, -5.4249539971351624e-08, 1.5068508218973875e-08, 0.8767236471176147, -0.26753050088882446, -0.3997339904308319, 0.13317061960697174, 0.9335748553276062, -0.3327194154262543, 0.4621918201446533, 0.23846499621868134, 0.8541139364242554),
            ["LeftUpperLeg"] = CFrame.new(0, -1.5832483768463135e-08, -2.421438694000244e-08, 0.9923732876777649, 0.11773749440908432, -0.036514777690172195, -0.12269030511379242, 0.9720675945281982, -0.2000795155763626, 0.01193759310990572, 0.203033447265625, 0.9790990948677063),
            ["RightLowerLeg"] = CFrame.new(9.685754776000977e-08, -0.00006031990051269531, -0.00007203796849353239, 1, -7.823118153282849e-08, -2.9802308176840597e-08, 1.229346082709526e-07, 0.8370225429534912, 0.5471668839454651, -3.72529100900465e-08, -0.5471684336662292, 0.8370236158370972),
            ["RightFoot"] = CFrame.new(-8.940696716308594e-08, 4.76837158203125e-07, 1.6952981241047382e-09, 0.9701411724090576, 0.13224457204341888, -0.20332090556621552, -0.1844722181558609, 0.9465530514717102, -0.26458269357681274, 0.15746799111366272, 0.29419153928756714, 0.9426859617233276),
            ["LeftLowerLeg"] = CFrame.new(2.9802322387695312e-08, 0.00006073713302612305, 0.00007206201553344727, 1, 5.5879340266073996e-08, -7.450580596923828e-09, -2.4214383387288763e-08, 0.8842054605484009, 0.4670984745025635, 5.215405707303944e-08, -0.467098206281662, 0.8842053413391113)
        }},
        [9] = {Time = 0.267, Data = {
            ["LeftFoot"] = CFrame.new(2.2351741790771484e-08, 5.960464477539063e-08, 2.9802322387695312e-08, 0.9815133213996887, -0.14815475046634674, 0.12116938084363937, 0.17444317042827606, 0.9529624581336975, -0.24785487353801727, -0.07874860614538193, 0.26441019773483276, 0.9611899256706238),
            ["LeftLowerArm"] = CFrame.new(-2.384185791015625e-07, 0, -2.980232238769531e-07, 1, -6.705523247774181e-08, 1.303851426825986e-08, 6.332993507385254e-08, 0.7947610020637512, -0.6069228053092957, 5.587935447692871e-08, 0.6069225668907166, 0.7947608232498169),
            ["LowerTorso"] = CFrame.new(0.014204916544258595, -0.09299564361572266, -0.11230731010437012, 0.9595575928688049, 0.007000374142080545, 0.2814255654811859, -0.020565880462527275, 0.9987627267837524, 0.04527818411588669, -0.2807603180408478, -0.049234773963689804, 0.9585142135620117),
            ["Head"] = CFrame.new(3.725290298461914e-09, -1.1920928955078125e-07, -1.4901161193847656e-08, 0.8159468173980713, 0.10957169532775879, -0.5676485300064087, -0.1325792372226715, 0.991172194480896, 0.0007520474609918892, 0.5627197027206421, 0.07464484870433807, 0.8232706785202026),
            ["RightUpperArm"] = CFrame.new(0, 1.1920928955078125e-07, -5.960464477539063e-08, 0.306076318025589, -0.9368916749954224, 0.168964222073555, 0.48156464099884033, -0.0007341320742852986, -0.8764083385467529, 0.8212264776229858, 0.3496190011501312, 0.4509540796279907),
            ["UpperTorso"] = CFrame.new(-8.847564458847046e-09, -1.7881393432617188e-07, 1.30385160446167e-08, 0.9555492401123047, -0.19083060324192047, 0.2247430980205536, 0.19642536342144012, 0.9805154204368591, -0.0025883668567985296, -0.21987007558345795, 0.0466185063123703, 0.9744146466255188),
            ["HumanoidRootPart"] = CFrame.new(0, 0, 0, 1, 0, 0, 0, 1, 0, 0, 0, 1),
            ["RightHand"] = CFrame.new(-1.1920928955078125e-07, 2.980232238769531e-07, -1.7881393432617188e-07, 0.6683191061019897, -0.1248711496591568, 0.7333176136016846, -0.10461314022541046, 0.960234522819519, 0.2588419020175934, -0.7364820241928101, -0.24971354007720947, 0.6286861300468445),
            ["LeftUpperArm"] = CFrame.new(0, 0, 2.9802322387695312e-08, 0.5456509590148926, 0.5480977892875671, -0.6339195966720581, -0.1902776062488556, 0.817730724811554, 0.5432412624359131, 0.816124677658081, -0.17579929530620575, 0.550486147403717),
            ["RightLowerArm"] = CFrame.new(1.1920928955078125e-07, 2.980232238769531e-07, -3.129243850708008e-07, 1, -2.980191737833593e-08, 8.195753053996668e-08, -7.450580596923828e-09, 0.009726116433739662, -0.9999527335166931, 1.043081283569336e-07, 0.9999527335166931, 0.00972643680870533),
            ["LeftHand"] = CFrame.new(-1.1920928955078125e-07, 5.960464477539063e-08, -2.9802322387695312e-08, 0.9351330399513245, -0.000996431685052812, -0.3542957901954651, 0.052289314568042755, 0.9894335269927979, 0.13523079454898834, 0.3504171669483185, -0.14498436450958252, 0.9253039360046387),
            ["RightUpperLeg"] = CFrame.new(-5.960464477539063e-08, -1.0686926543712616e-07, 3.9282895158976316e-08, 0.8772230744361877, -0.26797667145729065, -0.39833658933639526, 0.1334446370601654, 0.9331278800964355, -0.33386141061782837, 0.4611639678478241, 0.2397100329399109, 0.8543211221694946),
            ["LeftUpperLeg"] = CFrame.new(0, -5.6461431086063385e-08, -9.313225746154785e-09, 0.9924543499946594, 0.11749856173992157, -0.03505048155784607, -0.12214909493923187, 0.9723258018493652, -0.1991540938615799, 0.010679865255951881, 0.20193256437778473, 0.9793412089347839),
