return {
    ["Hip Hop Hero"] = {
        {Time = 0.000, Data = {
            ["LeftFoot"] = CFrame.new(-1.4901161193847656e-08, 0, 4.470348358154297e-08, 0.8600231409072876, -0.19041277468204498, 0.47339576482772827, 0.2956928312778473, 0.9420831203460693, -0.15825648605823517, -0.41584375500679016, 0.27608421444892883, 0.8665168285369873),
            ["LeftLowerArm"] = CFrame.new(1.4901161193847656e-07, 5.364418029785156e-07, -1.4901161193847656e-07, 1, -3.3527612686157227e-08, -3.725289943190546e-08, 1.4639226719737053e-08, 0.9793636202812195, -0.20210635662078857, 2.60770320892334e-08, 0.2021062821149826, 0.9793635606765747),
            ["LowerTorso"] = CFrame.new(0.0033858660608530045, -0.12632977962493896, -0.0115056112408638, 0.932407796382904, 0.06149659305810928, -0.3561376929283142, 0.00027338790823705494, 0.9852964878082275, 0.17085324227809906, 0.3614081144332886, -0.15940223634243011, 0.9186812043190002),
            ["Head"] = CFrame.new(1.862645149230957e-08, 1.1920928955078125e-07, 6.705522537231445e-08, 0.9056236147880554, 0.024049658328294754, 0.4233999252319336, 0.025822555646300316, 0.9934110045433044, -0.11165976524353027, -0.4232955276966095, 0.11205488443374634, 0.8990353345870972),
            ["RightUpperArm"] = CFrame.new(-1.1920928955078125e-07, -1.1920928955078125e-07, 0, 0.7297353148460388, -0.23186613619327545, -0.6432142853736877, -0.06526480615139008, 0.9128259420394897, -0.4030996263027191, 0.6806077361106873, 0.33613526821136475, 0.6509886384010315),
            ["UpperTorso"] = CFrame.new(-1.862645149230957e-09, -8.940696716308594e-08, -2.9802322387695312e-08, 0.9893025755882263, 0.04406019672751427, -0.13906529545783997, -0.04129001870751381, 0.998888373374939, 0.022744089365005493, 0.13991288840770721, -0.01675880141556263, 0.9900220632553101),
            ["HumanoidRootPart"] = CFrame.new(0, 0, 0, 1, 0, 0, 0, 1, 0, 0, 0, 1),
            ["RightHand"] = CFrame.new(-4.470348358154297e-08, 1.1920928955078125e-07, 3.3527612686157227e-08, 0.9887794852256775, -0.14541023969650269, 0.03422281891107559, 0.14937123656272888, 0.9652814865112305, -0.21428929269313812, -0.0018748689908534288, 0.21699686348438263, 0.976170539855957),
            ["LeftUpperArm"] = CFrame.new(1.7881393432617188e-07, 1.1920928955078125e-07, -2.9802322387695312e-08, 0.7272582650184631, 0.3186661899089813, -0.6079040765762329, -0.23916205763816833, 0.947834312915802, 0.2107408493757248, 0.6433483362197876, -0.007875562645494938, 0.7655330896377563),
            ["RightLowerArm"] = CFrame.new(0, 3.5762786865234375e-07, 1.9371509552001953e-07, 1, -8.69622454047203e-08, 8.102506399154663e-08, 8.009374141693115e-08, 0.23887556791305542, -0.9710502028465271, 9.313225746154785e-08, 0.9710502624511719, 0.2388755828142166),
            ["LeftHand"] = CFrame.new(-8.940696716308594e-08, 3.5762786865234375e-07, -5.960464477539063e-08, 0.9896724820137024, -0.14304989576339722, 0.009231450036168098, 0.14334054291248322, 0.9869388341903687, -0.0735207051038742, 0.001406158902682364, 0.07408470660448074, 0.997251033782959),
            ["RightUpperLeg"] = CFrame.new(0, 1.2293457984924316e-07, -1.6596459317952394e-08, 0.9180063605308533, -0.28481775522232056, -0.275940865278244, 0.13522520661354065, 0.8789454698562622, -0.4573502540588379, 0.37279826402664185, 0.3825361132621765, 0.8453918695449829),
            ["LeftUpperLeg"] = CFrame.new(0, 3.3527612686157227e-08, -2.9802322387695312e-08, 0.9354724884033203, 0.058507971465587616, -0.348522812128067, -0.2387026995420456, 0.8318422436714172, -0.5010585188865662, 0.26060014963150024, 0.5519197583198547, 0.7921313643455505),
            ["RightLowerLeg"] = CFrame.new(-4.0978193283081055e-08, -0.0007261037826538086, 0.000045994129322934896, 1, -1.1175873737556685e-07, 7.450581307466564e-08, 1.3411046495548362e-07, 0.7963679432868958, 0.6048121452331543, -3.725290742551124e-09, -0.6048124432563782, 0.7963682413101196),
            ["RightFoot"] = CFrame.new(3.725290298461914e-08, 0, -5.045876605436206e-08, 0.9442679286003113, 0.173313170671463, 0.2798583507537842, -0.05743265151977539, 0.9238741993904114, -0.37836217880249023, -0.32412898540496826, 0.34120240807533264, 0.8823387026786804),
            ["LeftLowerLeg"] = CFrame.new(-4.470348358154297e-08, -0.0007263422012329102, 0.00008094310760498047, 1, -6.705523247774181e-08, 7.078050145992165e-08, -4.470348358154297e-08, 0.7906992435455322, 0.6122046113014221, 6.705522537231445e-08, -0.6122049689292908, 0.7906994223594666),
        }},
        {Time = 0.040, Data = {
            ["LeftFoot"] = CFrame.new(-1.4901161193847656e-08, 0, 7.450580596923828e-09, 0.863376796245575, -0.1648923009634018, 0.47685572504997253, 0.2564689517021179, 0.9573131799697876, -0.1333228200674057, -0.43451622128486633, 0.2374069094657898, 0.8688116073608398),
            ["LeftLowerArm"] = CFrame.new(-1.4901161193847656e-07, 5.960464477539063e-08, -5.960464477539063e-08, 1, -3.725289943190546e-08, -1.1734663019069558e-07, 2.980232594040899e-08, 0.9705504775047302, -0.2408980429172516, 5.587936158235607e-08, 0.2408980429172516, 0.9705504775047302),
            ["LowerTorso"] = CFrame.new(-0.013709649443626404, -0.12193930149078369, -0.011488564312458038, 0.9316995143890381, 0.09835106879472733, -0.3496614694595337, -0.03702772408723831, 0.9833467602729797, 0.17792773246765137, 0.3613378405570984, -0.15282802283763885, 0.9198253154754639),
            ["Head"] = CFrame.new(3.725290298461914e-09, -3.5762786865234375e-07, 1.4901161193847656e-08, 0.9031623005867004, 0.006239786744117737, 0.42925408482551575, 0.04135724902153015, 0.9939790964126587, -0.10146572440862656, -0.4273027181625366, 0.1093926876783371, 0.897466242313385),
            ["RightUpperArm"] = CFrame.new(-1.1920928955078125e-07, -9.5367431640625e-07, 8.940696716308594e-08, 0.7426789999008179, -0.21184414625167847, -0.6352559924125671, -0.0927576869726181, 0.9069529175758362, -0.4108923077583313, 0.6631922125816345, 0.36408594250679016, 0.6539246439933777),
            ["UpperTorso"] = CFrame.new(-1.1175870895385742e-08, 3.2782554626464844e-07, 2.9802322387695312e-08, 0.9882135987281799, 0.01396610215306282, -0.1524433195590973, -0.011721333488821983, 0.9998094439506531, 0.015614036470651627, 0.15263231098651886, -0.013643179088830948, 0.9881889224052429),
            ["HumanoidRootPart"] = CFrame.new(0, 0, 0, 1, 0, 0, 0, 1, 0, 0, 0, 1),
            ["RightHand"] = CFrame.new(1.4901161193847656e-08, -1.1920928955078125e-07, -7.869675755500793e-08, 0.9879626035690308, -0.15465369820594788, 0.003500286489725113, 0.15417957305908203, 0.9825863838195801, -0.10369540005922318, 0.012597469612956047, 0.10298692435026169, 0.9946029186248779),
            ["LeftUpperArm"] = CFrame.new(1.1920928955078125e-07, -4.76837158203125e-07, 0, 0.738957405090332, 0.33033287525177, -0.5872156023979187, -0.23435552418231964, 0.9431578516960144, 0.2356499880552292, 0.6316798329353333, -0.03651808574795723, 0.7743687033653259),
            ["RightLowerArm"] = CFrame.new(1.1920928955078125e-07, 1.1920928955078125e-07, -5.960464477539063e-08, 1, -1.514563336968422e-07, 4.889443516731262e-08, 6.332993507385254e-08, 0.21348538994789124, -0.9769462943077087, 1.4202669262886047e-07, 0.9769462943077087, 0.21348533034324646),
            ["LeftHand"] = CFrame.new(-1.4901161193847656e-07, 3.5762786865234375e-07, 5.960464477539063e-08, 0.990178644657135, -0.13965840637683868, 0.006467972882091999, 0.13972681760787964, 0.9869664907455444, -0.07983594387769699, 0.004766167141497135, 0.07995560020208359, 0.9967870712280273),
            ["RightUpperLeg"] = CFrame.new(0, 2.1047890186309814e-07, -1.6952981241047382e-09, 0.9075708389282227, -0.3356347382068634, -0.25231799483299255, 0.1751084178686142, 0.8486842513084412, -0.4990714192390442, 0.38164401054382324, 0.40875959396362305, 0.8290135264396667),
            ["LeftUpperLeg"] = CFrame.new(-5.960464477539063e-08, 2.849847078323364e-07, 1.4901161193847656e-08, 0.9421084523200989, 0.02203216776251793, -0.3345838785171509, -0.19810500741004944, 0.8416375517845154, -0.5023950338363647, 0.27052947878837585, 0.5395932197570801, 0.7972784042358398),
            ["RightLowerLeg"] = CFrame.new(-5.587935447692871e-08, -0.0007263422012329102, 0.00004608353629009798, 1, -1.3038520307873114e-07, 0, 5.960463766996327e-08, 0.7688474655151367, 0.6394319534301758, -1.1920927533992653e-07, -0.6394323110580444, 0.7688477039337158),
            ["RightFoot"] = CFrame.new(3.725290298461914e-08, 1.7881393432617188e-07, 9.110226528719068e-08, 0.9407572746276855, 0.18982449173927307, 0.28096744418144226, -0.06909719109535217, 0.9185478687286377, -0.389224112033844, -0.33196622133255005, 0.3467513620853424, 0.8772469162940979),
            ["LeftLowerLeg"] = CFrame.new(-7.450580596923828e-08, -0.0007265210151672363, 0.0000810772180557251, 1, -4.470348358154297e-08, -6.332992796842518e-08, 2.9802322387695312e-08, 0.8197698593139648, 0.5726926922798157, 5.21540641784668e-08, -0.5726931691169739, 0.819770097732544),
        }},
        {Time = 0.080, Data = {
            ["LeftFoot"] = CFrame.new(2.2351741790771484e-08, 0, 4.0978193283081055e-08, 0.863408088684082, -0.14642119407653809, 0.4827917814254761, 0.22222156822681427, 0.9694997072219849, -0.10338345170021057, -0.4529285728931427, 0.19654859602451324, 0.8696114420890808),
            ["LeftLowerArm"] = CFrame.new(-2.682209014892578e-07, -1.7881393432617188e-07, 1.7881393432617188e-07, 1, 1.1175870895385742e-08, 5.029141902923584e-08, -7.4505797087454084e-09, 0.944049060344696, -0.32980531454086304, 3.725289943190546e-08, 0.32980528473854065, 0.944049060344696),
            ["LowerTorso"] = CFrame.new(-0.026491686701774597, -0.1127617359161377, -0.011472903192043304, 0.9297739863395691, 0.12656867504119873, -0.34568876028060913, -0.06948469579219818, 0.9824962615966797, 0.17283806204795837, 0.36151379346847534, -0.1366802453994751, 0.922294020652771),
            ["Head"] = CFrame.new(4.470348358154297e-08, -2.384185791015625e-07, 2.2351741790771484e-08, 0.895592212677002, -0.02546299248933792, 0.4441465735435486, 0.07461901754140854, 0.992814838886261, -0.09354619681835175, -0.43857336044311523, 0.11692093312740326, 0.8910572528839111),
            ["RightUpperArm"] = CFrame.new(5.960464477539063e-08, -4.76837158203125e-07, -1.4901161193847656e-08, 0.7771478891372681, -0.3037709593772888, -0.5511484742164612, -0.060123808681964874, 0.8359415531158447, -0.5455151200294495, 0.6264393925666809, 0.457083135843277, 0.6313862204551697),
            ["UpperTorso"] = CFrame.new(1.4901161193847656e-08, 1.4901161193847656e-07, 3.166496753692627e-08, 0.9846975803375244, -0.0014670230448246002, -0.17426596581935883, 0.006526034325361252, 0.9995736479759216, 0.028461046516895294, 0.17414993047714233, -0.02916279435157776, 0.9842872619628906),
            ["HumanoidRootPart"] = CFrame.new(0, 0, 0, 1, 0, 0, 0, 1, 0, 0, 0, 1),
            ["RightHand"] = CFrame.new(-1.4901161193847656e-08, -2.980232238769531e-07, 2.0582228899002075e-07, 0.9805492162704468, -0.19323527812957764, -0.03439980000257492, 0.1936814785003662, 0.9810124635696411, 0.010111572220921516, 0.031792718917131424, -0.016577469184994698, 0.9993570446968079),
            ["LeftUpperArm"] = CFrame.new(1.1920928955078125e-07, -1.1920928955078125e-07, 2.9802322387695312e-08, 0.7707127332687378, 0.3557528555393219, -0.5286228060722351, -0.2280452698469162, 0.9286763072013855, 0.29249903559684753, 0.5949766635894775, -0.10488300770521164, 0.7968702912330627),
            ["RightLowerArm"] = CFrame.new(1.7881393432617188e-07, -1.1920928955078125e-07, 2.9802322387695312e-08, 1, -4.2375173592290594e-08, 4.656611807263289e-08, 7.82310962677002e-08, 0.271330326795578, -0.9624862670898438, 9.872019290924072e-08, 0.9624862670898438, 0.2713303565979004),
            ["LeftHand"] = CFrame.new(-5.960464477539063e-08, 2.384185791015625e-07, 1.4901161193847656e-07, 0.9938068985939026, -0.1102849692106247, -0.01360931433737278, 0.1097499281167984, 0.9933343529701233, -0.03524225205183029, 0.017405398190021515, 0.03353061154484749, 0.9992861151695251),
            ["RightUpperLeg"] = CFrame.new(-2.9802322387695312e-08, -2.9802322387695312e-08, 2.8107024263590574e-08, 0.8984153866767883, -0.37519773840904236, -0.22820252180099487, 0.21358442306518555, 0.8273736834526062, -0.5194560885429382, 0.38370755314826965, 0.4179466962814331, 0.823461651802063),
            ["LeftUpperLeg"] = CFrame.new(5.960464477539063e-08, 1.30385160446167e-08, -1.4901161193847656e-08, 0.9452530145645142, -0.005507012829184532, -0.3262919485569, -0.1613675206899643, 0.8611782789230347, -0.4820087254047394, 0.2836501896381378, 0.508273184299469, 0.8131427764892578),
            ["RightLowerLeg"] = CFrame.new(-2.421438694000244e-08, -0.0007261037826538086, 0.00004594570054905489, 1, -1.937151665742931e-07, 1.266598843585598e-07, 1.2665991278026922e-07, 0.7498968839645386, 0.6615546345710754, -2.980233304583635e-08, -0.6615548133850098, 0.7498969435691833),
            ["RightFoot"] = CFrame.new(4.470348358154297e-08, -1.1920928955078125e-07, 1.6952981241047382e-09, 0.9361026883125305, 0.212709441781044, 0.2801187336444855, -0.09141650795936584, 0.9161778688430786, -0.3902066648006439, -0.33963918685913086, 0.339665949344635, 0.8770816326141357),
            ["LeftLowerLeg"] = CFrame.new(-2.9802322387695312e-08, -0.0007265806198120117, 0.00008097290992736816, 1, -4.0978193283081055e-08, 1.0430811414607888e-07, -3.3527616238870905e-08, 0.8551677465438843, 0.518351674079895, 6.705523247774181e-08, -0.5183514356613159, 0.85516756772995),
        }},
        {Time = 0.120, Data = {
            ["LeftFoot"] = CFrame.new(1.1175870895385742e-08, 5.960464477539063e-08, 4.470348358154297e-08, 0.8596839904785156, -0.15255838632583618, 0.4875134229660034, 0.21493367850780487, 0.9737995862960815, -0.07428252696990967, -0.463407963514328, 0.16864250600337982, 0.8699499368667603),
            ["LeftLowerArm"] = CFrame.new(5.960464477539063e-08, -3.5762786865234375e-07, -1.4901161193847656e-07, 1, -6.705522537231445e-08, -1.1175873559921001e-08, 2.2351738238057806e-08, 0.919905960559845, -0.3921392261981964, 3.725289943190546e-08, 0.3921389877796173, 0.9199059009552002),
            ["LowerTorso"] = CFrame.new(-0.02923537790775299, -0.10098743438720703, -0.011464081704616547, 0.9285485148429871, 0.13300125300884247, -0.3465665280818939, -0.08291090279817581, 0.9843323826789856, 0.15561406314373016, 0.36183348298072815, -0.11576107889413834, 0.9250274896621704),
            ["Head"] = CFrame.new(1.4901161193847656e-08, 0, -7.450580596923828e-08, 0.8840520977973938, -0.06205255910754204, 0.46325087547302246, 0.11619259417057037, 0.9892101883888245, -0.08923312276601791, -0.45271536707878113, 0.13271291553974152, 0.8817234039306641),
            ["RightUpperArm"] = CFrame.new(1.1920928955078125e-07, 1.1920928955078125e-07, -2.9802322387695312e-08, 0.7988277673721313, -0.44915029406547546, -0.40017277002334595, 0.011776234023272991, 0.6767736077308655, -0.736096978187561, 0.6014444828033447, 0.5833021998405457, 0.5459148287773132),
            ["UpperTorso"] = CFrame.new(3.725290298461914e-09, 2.9802322387695312e-08, 9.313225746154785e-09, 0.9802746772766113, 0.007116846740245819, -0.19751180708408356, 0.00486031174659729, 0.9981812238693237, 0.06008931249380112, 0.19758029282093048, -0.05986400693655014, 0.9784572124481201),
            ["HumanoidRootPart"] = CFrame.new(0, 0, 0, 1, 0, 0, 0, 1, 0, 0, 0, 1),
            ["RightHand"] = CFrame.new(-8.940696716308594e-08, -5.960464477539063e-08, 3.3527612686157227e-08, 0.9693516492843628, -0.23871161043643951, -0.05808842182159424, 0.23919911682605743, 0.9709694385528564, 0.0014860688243061304, 0.05604739114642143, -0.015335162170231342, 0.998310387134552),
            ["LeftUpperArm"] = CFrame.new(1.1920928955078125e-07, 3.5762786865234375e-07, 2.9802322387695312e-08, 0.8081667423248291, 0.3706061542034149, -0.4577309787273407, -0.22339236736297607, 0.9120098352432251, 0.34399718046188354, 0.5449426174163818, -0.1757534295320511, 0.8198465704917908),
            ["RightLowerArm"] = CFrame.new(-5.960464477539063e-08, -3.5762786865234375e-07, -2.9802322387695312e-08, 1, -2.7939673685750677e-08, 9.313224325069314e-08, 1.2665987014770508e-07, 0.4070799946784973, -0.9133925437927246, 1.9371509552001953e-07, 0.9133924841880798, 0.40707993507385254),
            ["LeftHand"] = CFrame.new(8.940696716308594e-08, -5.960464477539063e-08, 0, 0.9976661205291748, -0.057715483009815216, -0.03648717701435089, 0.058516889810562134, 0.9980594515800476, 0.02128942497074604, 0.03518757224082947, -0.02337467297911644, 0.9991074204444885),
            ["RightUpperLeg"] = CFrame.new(2.9802322387695312e-08, 1.862645149230957e-09, 4.300818545743823e-08, 0.8964322805404663, -0.38622182607650757, -0.21735237538814545, 0.23456493020057678, 0.8295919299125671, -0.5067117214202881, 0.37601691484451294, 0.4032493531703949, 0.8342668414115906),
            ["LeftUpperLeg"] = CFrame.new(-2.9802322387695312e-08, -2.60770320892334e-08, 1.4901161193847656e-08, 0.9454724192619324, -0.0074508339166641235, -0.3256167471408844, -0.14287826418876648, 0.8889212012290955, -0.43520674109458923, 0.2926905155181885, 0.45799970626831055, 0.8393860459327698),
            ["RightLowerLeg"] = CFrame.new(-4.470348358154297e-08, -0.0007260441780090332, 0.000046169217966962606, 1, -2.682210720195144e-07, -3.72529100900465e-08, 2.831220911048149e-07, 0.7517688274383545, 0.6594265699386597, -5.960465188081798e-08, -0.6594268679618835, 0.7517690658569336),
            ["RightFoot"] = CFrame.new(-3.725290298461914e-09, 0, 2.4047039914876223e-08, 0.9331417083740234, 0.22967106103897095, 0.27658262848854065, -0.11318369954824448, 0.9178925156593323, -0.3803456425666809, -0.3412275016307831, 0.3236117362976074, 0.8825187087059021),
            ["LeftLowerLeg"] = CFrame.new(2.9802322387695312e-08, -0.0007263422012329102, 0.00008097290992736816, 1, 5.2154096152889906e-08, 6.705524668859653e-08, -5.215408904746255e-08, 0.8925563097000122, 0.45093607902526855, 1.117587622445626e-08, -0.45093613862991333, 0.8925562500953674),
        }},
        {Time = 0.160, Data = {
            ["LeftFoot"] = CFrame.new(1.1175870895385742e-07, 1.1920928955078125e-07, -4.470348358154297e-08, 0.8534412384033203, -0.1745154708623886, 0.4911028742790222, 0.2370062619447708, 0.969162106513977, -0.067474864423275, -0.4641832113265991, 0.17398042976856232, 0.8684844374656677),
            ["LeftLowerArm"] = CFrame.new(0, 2.384185791015625e-07, 7.152557373046875e-07, 1, -9.313225746154785e-08, -4.8428763221863846e-08, 9.685756197086448e-08, 0.9125155210494995, -0.4090421795845032, -4.4703490686970326e-08, 0.4090421199798584, 0.9125155210494995),
            ["LowerTorso"] = CFrame.new(-0.018398135900497437, -0.08891606330871582, -0.011468939483165741, 0.9296139478683472, 0.10912230610847473, -0.3520089089870453, -0.0677725225687027, 0.9894868731498718, 0.12776044011116028, 0.3622496426105499, -0.09491134434938431, 0.9272363185882568),
            ["Head"] = CFrame.new(0, -2.384185791015625e-07, -1.4901161193847656e-08, 0.8708378672599792, -0.09444692730903625, 0.48241204023361206, 0.1565704494714737, 0.9835507273674011, -0.09007702022790909, -0.4659692049026489, 0.15397383272647858, 0.8713005781173706),
            ["RightUpperArm"] = CFrame.new(-5.960464477539063e-08, -1.1920928955078125e-07, 2.384185791015625e-07, 0.7916903495788574, -0.5831625461578369, -0.18206584453582764, 0.11952687799930573, 0.44011369347572327, -0.889951229095459, 0.5991159677505493, 0.6828040480613708, 0.41813740134239197),
            ["UpperTorso"] = CFrame.new(-5.587935447692871e-09, 8.940696716308594e-08, 2.7939677238464355e-09, 0.9756515026092529, 0.04408915340900421, -0.2148495316505432, -0.02109718881547451, 0.9939101338386536, 0.10815533995628357, 0.2183096706867218, -0.1009891927242279, 0.9706400632858276),
            ["HumanoidRootPart"] = CFrame.new(0, 0, 0, 1, 0, 0, 0, 1, 0, 0, 0, 1),
            ["RightHand"] = CFrame.new(2.9802322387695312e-08, -1.1920928955078125e-07, -2.9802322387695312e-08, 0.9551805257797241, -0.2788802981376648, -0.09927787631750107, 0.27039262652397156, 0.9584534168243408, -0.09085649996995926, 0.12049151211977005, 0.059940218925476074, 0.9909031987190247),
            ["LeftUpperArm"] = CFrame.new(0, -1.1920928955078125e-07, 1.4901161193847656e-07, 0.8423791527748108, 0.3721499741077423, -0.389745831489563, -0.22293470799922943, 0.8991163372993469, 0.376682847738266, 0.4906092584133148, -0.23042184114456177, 0.8403619527816772),
            ["RightLowerArm"] = CFrame.new(-5.960464477539063e-08, -1.1920928955078125e-07, 4.3213367462158203e-07, 1, -1.3038514623531228e-07, -6.70552182668871e-08, 1.639127589214695e-07, 0.6243051886558533, -0.7811805605888367, 7.450579886381092e-08, 0.7811805605888367, 0.6243051290512085),
            ["LeftHand"] = CFrame.new(-5.960464477539063e-08, 5.960464477539063e-08, -8.940696716308594e-08, 0.998542308807373, 0.013713337481021881, -0.05220424011349678, -0.009632346220314503, 0.9969351887702942, 0.07763698697090149, 0.05310913547873497, -0.07702096551656723, 0.9956139922142029),
            ["RightUpperLeg"] = CFrame.new(-2.9802322387695312e-08, -4.7497451305389404e-08, -1.6596459317952394e-08, 0.905820906162262, -0.35682085156440735, -0.2284020334482193, 0.2259092777967453, 0.8628832697868347, -0.45210355520248413, 0.35840439796447754, 0.3579265773296356, 0.8622267842292786),
            ["LeftUpperLeg"] = CFrame.new(5.960464477539063e-08, -2.1420419216156006e-07, 1.4901161193847656e-08, 0.9421642422676086, 0.01736137643456459, -0.3347015380859375, -0.15423212945461273, 0.9090901613235474, -0.38699817657470703, 0.29755523800849915, 0.41623759269714355, 0.8591899275779724),
            ["RightLowerLeg"] = CFrame.new(-2.2351741790771484e-08, -0.0007262825965881348, 0.000046050008677411824, 1, -1.5646223516796454e-07, 7.4505820180093e-08, 9.685751223287298e-08, 0.7832964658737183, 0.6216484308242798, 6.705520405603238e-08, -0.6216484308242798, 0.7832964658737183),
            ["RightFoot"] = CFrame.new(-4.842877388000488e-08, -1.1920928955078125e-07, 9.85528458841145e-08, 0.9353439211845398, 0.22981317341327667, 0.2689194083213806, -0.12412997335195541, 0.9251098036766052, -0.3588365614414215, -0.3312457203865051, 0.30225443840026855, 0.8938225507736206),
            ["LeftLowerLeg"] = CFrame.new(2.9802322387695312e-08, -0.0007263422012329102, 0.00008097290992736816, 1, 5.587936158235607e-08, 1.192093463942001e-07, -5.774199962615967e-08, 0.9054251313209534, 0.42450612783432007, 5.960464477539063e-08, -0.4245060682296753, 0.9054251313209534),
        }},
        {Time = 0.200, Data = {
            ["LeftFoot"] = CFrame.new(0, 1.1920928955078125e-07, 5.587935447692871e-08, 0.8458772301673889, -0.20058827102184296, 0.4942224323749542, 0.274911493062973, 0.957991898059845, -0.0817028135061264, -0.45707279443740845, 0.20497776567935944, 0.8654876947402954),
            ["LeftLowerArm"] = CFrame.new(1.1920928955078125e-07, 5.960464477539063e-08, -2.384185791015625e-07, 1, -6.705524668859653e-08, -2.6077039194660756e-08, 0, 0.9220616221427917, -0.38704347610473633, 2.980232594040899e-08, 0.3870433568954468, 0.922061562538147),
            ["LowerTorso"] = CFrame.new(0.0008384250104427338, -0.07913386821746826, -0.01149902492761612, 0.9313362240791321, 0.06587675213813782, -0.3581523895263672, -0.03288959711790085, 0.9946984052658081, 0.09743402898311615, 0.36267217993736267, -0.07896434515714645, 0.9285653829574585),
            ["Head"] = CFrame.new(-2.9802322387695312e-08, -1.1920928955078125e-07, -1.4901161193847656e-08, 0.8596334457397461, -0.11491444706916809, 0.49782034754753113, 0.18683543801307678, 0.9775943160057068, -0.09696333110332489, -0.47552403807640076, 0.1763632595539093, 0.8618427515029907),
            ["RightUpperArm"] = CFrame.new(0, 0, -1.4901161193847656e-08, 0.7540069222450256, -0.6545525193214417, 0.055087409913539886, 0.23994334042072296, 0.19638825953006744, -0.9507149457931519, 0.6114743947982788, 0.7300634384155273, 0.30513352155685425),
            ["UpperTorso"] = CFrame.new(9.313225746154785e-10, -5.960464477539063e-08, -2.0489096641540527e-08, 0.9704190492630005, 0.09516630321741104, -0.22187909483909607, -0.06023016944527626, 0.9854033589363098, 0.15922501683235168, 0.23379331827163696, -0.14115116000175476, 0.9619860053062439),
            ["HumanoidRootPart"] = CFrame.new(0, 0, 0, 1, 0, 0, 0, 1, 0, 0, 0, 1),
            ["RightHand"] = CFrame.new(-2.2351741790771484e-07, 2.384185791015625e-07, -5.364418029785156e-07, 0.9405694603919983, -0.28779783844947815, -0.18028207123279572, 0.2599550485610962, 0.9517460465431213, -0.16310472786426544, 0.21852394938468933, 0.10654592514038086, 0.9699976444244385),
            ["LeftUpperArm"] = CFrame.new(-1.1920928955078125e-07, -5.960464477539062e-07, 0, 0.8676128387451172, 0.366994172334671, -0.3355046212673187, -0.2266969233751297, 0.8924728035926819, 0.39000093936920166, 0.4425567388534546, -0.262312114238739, 0.8575173020362854),
            ["RightLowerArm"] = CFrame.new(-1.1920928955078125e-07, -4.76837158203125e-07, 1.4901161193847656e-07, 1, -1.3038518886787642e-07, -7.450579886381092e-08, 1.0430815677864302e-07, 0.8372269868850708, -0.5468555092811584, 7.450582373280668e-09, 0.5468555092811584, 0.8372269868850708),
            ["LeftHand"] = CFrame.new(-1.4901161193847656e-07, 1.1920928955078125e-07, 1.7881393432617188e-07, 0.994419276714325, 0.09056388586759567, -0.05411619693040848, -0.08335699886083603, 0.9888797402381897, 0.12316080927848816, 0.06466837972402573, -0.11796241998672485, 0.9909101128578186),
            ["RightUpperLeg"] = CFrame.new(5.960464477539063e-08, -2.384185791015625e-07, -4.639878170564771e-08, 0.9207901358604431, -0.2981192171573639, -0.25153619050979614, 0.19412493705749512, 0.909578263759613, -0.3674003481864929, 0.33832088112831116, 0.2894689738750458, 0.8954030275344849),
            ["LeftUpperLeg"] = CFrame.new(-5.960464477539063e-08, -1.3969838619232178e-08, 2.9802322387695312e-08, 0.9349598288536072, 0.0568896159529686, -0.35016241669654846, -0.18736273050308228, 0.9173493385314941, -0.3512340784072876, 0.30123963952064514, 0.39399731159210205, 0.8683438301086426),
            ["RightLowerLeg"] = CFrame.new(-8.940696716308594e-08, -0.000726163387298584, 0.000045994129322934896, 1, -1.49011640360186e-07, -2.6077035641947077e-08, 1.3783569841052667e-07, 0.8349093794822693, 0.5503873825073242, -9.313222193441106e-08, -0.5503875017166138, 0.8349094390869141),
            ["RightFoot"] = CFrame.new(0, -1.1920928955078125e-07, -3.55576048605144e-08, 0.940999448299408, 0.21734285354614258, 0.25938811898231506, -0.1264050453901291, 0.9367595314979553, -0.3263486623764038, -0.31391391158103943, 0.27430593967437744, 0.9089633822441101),
            ["LeftLowerLeg"] = CFrame.new(4.470348358154297e-08, -0.0007263422012329102, 0.00008097290992736816, 1, 1.3038517820973539e-08, 6.705524668859653e-08, -1.862645504502325e-08, 0.8959203362464905, 0.4442148804664612, 7.4505820180093e-08, -0.44421476125717163, 0.8959203362464905),
        }},
        {Time = 0.240, Data = {
            ["LeftFoot"] = CFrame.new(-4.0978193283081055e-08, 5.960464477539063e-08, -2.9802322387695312e-08, 0.8398421406745911, -0.21843689680099487, 0.49694105982780457, 0.3085958659648895, 0.9452652335166931, -0.10603062808513641, -0.4465802013874054, 0.242402583360672, 0.861282229423523),
            ["LeftLowerArm"] = CFrame.new(5.960464477539063e-08, -4.76837158203125e-07, 5.960464477539063e-08, 1, -6.135087460279465e-08, 6.332992086299782e-08, 0, 0.9390076398849487, -0.3438962996006012, 2.2351745343485163e-08, 0.34389644861221313, 0.9390076994895935),
            ["LowerTorso"] = CFrame.new(0.021161649376153946, -0.07403779029846191, -0.011564478278160095, 0.9317298531532288, 0.019607771188020706, -0.36262246966362, 0.00816255435347557, 0.9971582889556885, 0.07489152997732162, 0.36306047439575195, -0.07273860275745392, 0.9289220571517944),
            ["Head"] = CFrame.new(0, 0, -5.960464477539063e-08, 0.8547362685203552, -0.12025995552539825, 0.5049391984939575, 0.20031209290027618, 0.973856508731842, -0.10713787376880646, -0.47885391116142273, 0.19271990656852722, 0.8564800024032593),
            ["RightUpperArm"] = CFrame.new(2.384185791015625e-07, 3.5762786865234375e-07, -1.4901161193847656e-07, 0.7005497813224792, -0.6704946160316467, 0.24426832795143127, 0.3511441946029663, 0.025902973487973213, -0.9359630942344666, 0.6212307810783386, 0.7414621710777283, 0.2535865902900696),
            ["UpperTorso"] = CFrame.new(9.313225746154785e-10, 2.9802322387695312e-08, 1.30385160446167e-08, 0.9658976793289185, 0.14151637256145477, -0.2168290913105011, -0.09902317821979523, 0.9756590127944946, 0.19566310942173004, 0.2392408698797226, -0.1675194799900055, 0.9564000368118286),
            ["HumanoidRootPart"] = CFrame.new(0, 0, 0, 1, 0, 0, 0, 1, 0, 0, 0, 1),
            ["RightHand"] = CFrame.new(-1.1920928955078125e-07, 5.960464477539063e-08, 2.5331974029541016e-07, 0.9280568957328796, -0.2814313471317291, -0.24394087493419647, 0.2274700254201889, 0.94693922996521, -0.22707577049732208, 0.2949032485485077, 0.1552499532699585, 0.9428306221961975),
            ["LeftUpperArm"] = CFrame.new(-1.1920928955078125e-07, 1.1920928955078125e-07, -1.043081283569336e-07, 0.8818719387054443, 0.3615444004535675, -0.3026343286037445, -0.23202362656593323, 0.8915483355522156, 0.38898178935050964, 0.41044723987579346, -0.27281373739242554, 0.870118260383606),
            ["RightLowerArm"] = CFrame.new(-1.4901161193847656e-07, 5.960464477539063e-08, 0, 1, -2.1071171474318362e-08, 4.8428763221863846e-08, 5.960463766996327e-08, 0.9516419768333435, -0.30720919370651245, -6.332992796842518e-08, 0.30720940232276917, 0.9516419768333435),
            ["LeftHand"] = CFrame.new(-2.384185791015625e-07, 0, -5.960464477539063e-08, 0.9869036674499512, 0.15520040690898895, -0.04397815093398094, -0.14685370028018951, 0.9772289991378784, 0.15315821766853333, 0.0667467936873436, -0.1446940153837204, 0.9872226119041443),
            ["RightUpperLeg"] = CFrame.new(-2.9802322387695312e-08, -1.955777406692505e-08, 5.790934665128589e-08, 0.9340634942054749, -0.22975321114063263, -0.273384153842926, 0.15225867927074432, 0.9487066268920898, -0.27707940340042114, 0.32302141189575195, 0.21718458831310272, 0.9211341142654419),
            ["LeftUpperLeg"] = CFrame.new(5.960464477539063e-08, -8.381903171539307e-09, -1.4901161193847656e-08, 0.9245166778564453, 0.09703908860683441, -0.36858126521110535, -0.2291671335697174, 0.9142454266548157, -0.33412227034568787, 0.30455103516578674, 0.3933686912059784, 0.8674734830856323),
            ["RightLowerLeg"] = CFrame.new(-7.450580596923828e-08, -0.0007264614105224609, 0.00004600157990353182, 1, -6.891791315410956e-08, 7.450581307466564e-08, 2.2351741790771484e-08, 0.8875574469566345, 0.46069714426994324, -3.725290298461914e-08, -0.4606972634792328, 0.8875575065612793),
            ["RightFoot"] = CFrame.new(2.9802322387695312e-08, -5.960464477539063e-08, 9.145878721028566e-09, 0.9460911750793457, 0.2036479413509369, 0.2518710196018219, -0.12802714109420776, 0.9494155645370483, -0.28673887252807617, -0.29752403497695923, 0.23903460800647736, 0.9243061542510986),
            ["LeftLowerLeg"] = CFrame.new(-1.4901161193847656e-08, -0.0007261037826538086, 0.00008097290992736816, 1, 8.195640788244418e-08, -4.4703497792397684e-08, -1.0244549741855735e-07, 0.8711363673210144, 0.4910416603088379, -1.4901162970204496e-08, -0.4910413324832916, 0.8711361289024353),
        }},
        {Time = 0.280, Data = {
            ["LeftFoot"] = CFrame.new(-7.450580596923828e-09, 0, -2.9802322387695312e-08, 0.8371381163597107, -0.22611510753631592, 0.4980681836605072, 0.32970958948135376, 0.9351409077644348, -0.12962673604488373, -0.4364534616470337, 0.2727336585521698, 0.857394278049469),
            ["LeftLowerArm"] = CFrame.new(-1.1920928955078125e-07, 1.1920928955078125e-07, 1.1920928955078125e-07, 1, -3.725289943190546e-08, 4.4703490686970326e-08, 0, 0.9486456513404846, -0.3163408637046814, 8.940696716308594e-08, 0.3163408041000366, 0.9486456513404846),
            ["LowerTorso"] = CFrame.new(0.035278260707855225, -0.07548904418945312, -0.011670529842376709, 0.9307899475097656, -0.013031227514147758, -0.36532220244407654, 0.040119193494319916, 0.9969692230224609, 0.0666557103395462, 0.3633463382720947, -0.0766989067196846, 0.9284916520118713),
            ["Head"] = CFrame.new(4.470348358154297e-08, -1.1920928955078125e-07, 2.9802322387695312e-08, 0.8572545647621155, -0.10909280180931091, 0.5032032132148743, 0.19452859461307526, 0.9734858274459839, -0.12034963816404343, -0.4767318069934845, 0.20105761289596558, 0.8557467460632324),
            ["RightUpperArm"] = CFrame.new(1.7881393432617188e-07, 3.5762786865234375e-07, 4.470348358154297e-08, 0.6656940579414368, -0.7008194923400879, 0.2563272714614868, 0.41326963901519775, 0.06022728979587555, -0.9086148142814636, 0.6213369369506836, 0.7107915878295898, 0.3297203481197357),
            ["UpperTorso"] = CFrame.new(-5.587935447692871e-09, -5.960464477539063e-08, -1.7695128917694092e-08, 0.9645794034004211, 0.1660647690296173, -0.20496122539043427, -0.12281573563814163, 0.9703434109687805, 0.20820681750774384, 0.23345854878425598, -0.17565955221652985, 0.956368625164032),
            ["HumanoidRootPart"] = CFrame.new(0, 0, 0, 1, 0, 0, 0, 1, 0, 0, 0, 1),
            ["RightHand"] = CFrame.new(1.043081283569336e-07, 2.384185791015625e-07, 4.6193599700927734e-07, 0.9282251596450806, -0.3026849627494812, -0.21628671884536743, 0.2552294135093689, 0.9411187171936035, -0.22170588374137878, 0.2706584334373474, 0.1505904644727707, 0.9508241415023804),
            ["LeftUpperArm"] = CFrame.new(0, 1.1920928955078125e-07, 1.1920928955078125e-07, 0.8858934640884399, 0.3604598939418793, -0.291996031999588, -0.23582184314727783, 0.8919907212257385, 0.3856690227985382, 0.39947596192359924, -0.2728025019168854, 0.875213086605072),
            ["RightLowerArm"] = CFrame.new(0, -2.384185791015625e-07, -3.2782554626464844e-07, 1, -3.725289587919178e-08, -1.1175870895385742e-08, 7.450581485102248e-09, 0.9260445237159729, -0.37741437554359436, 5.960465188081798e-08, 0.3774142563343048, 0.9260445237159729),
            ["LeftHand"] = CFrame.new(5.960464477539063e-08, -2.384185791015625e-07, 1.1920928955078125e-07, 0.9810094237327576, 0.19111968576908112, -0.033074166625738144, -0.18248605728149414, 0.9672370553016663, 0.17649783194065094, 0.06572262942790985, -0.16711044311523438, 0.983745276927948),
            ["RightUpperLeg"] = CFrame.new(-2.9802322387695312e-08, -2.523884177207947e-07, -5.3849362302571535e-08, 0.9416477084159851, -0.17744334042072296, -0.2860305607318878, 0.11734215170145035, 0.969507098197937, -0.2151438593864441, 0.31548449397087097, 0.16902603209018707, 0.9337557554244995),
            ["LeftUpperLeg"] = CFrame.new(-5.960464477539063e-08, -1.6065314412117004e-07, -2.2351741790771484e-08, 0.9151086807250977, 0.12413692474365234, -0.383622407913208, -0.2637937366962433, 0.9038771986961365, -0.33677735924720764, 0.3049411475658417, 0.4093850553035736, 0.8598924279212952),
            ["RightLowerLeg"] = CFrame.new(7.450580596923828e-09, -0.0007265806198120117, 0.00004606118454830721, 1, -1.30385160446167e-08, 2.2351741790771484e-08, 5.5879341154252415e-09, 0.9214164018630981, 0.3885764479637146, -5.960463056453591e-08, -0.3885766267776489, 0.9214164614677429),
            ["RightFoot"] = CFrame.new(-5.21540641784668e-08, -5.960464477539063e-08, -9.480572771281004e-09, 0.9493379592895508, 0.19287365674972534, 0.24810706079006195, -0.12768013775348663, 0.9581308960914612, -0.2562867999076843, -0.287150114774704, 0.2116246521472931, 0.9342162013053894),
            ["LeftLowerLeg"] = CFrame.new(2.9802322387695312e-08, -0.0007264614105224609, 0.00008101761341094971, 1, 5.960463056453591e-08, -1.4901161193847656e-08, -6.332993507385254e-08, 0.8415760397911072, 0.5401385426521301, -1.1175870895385742e-08, -0.5401387810707092, 0.8415761590003967),
        }},
        {Time = 0.320, Data = {
            ["LeftFoot"] = CFrame.new(-2.9802322387695312e-08, 1.1920928955078125e-07, 0, 0.8375805616378784, -0.2279905080795288, 0.4964667856693268, 0.33999383449554443, 0.9288613200187683, -0.1470405012369156, -0.42762500047683716, 0.29195404052734375, 0.855511486530304),
            ["LeftLowerArm"] = CFrame.new(0, -5.960464477539063e-08, -1.7881393432617188e-07, 1, -2.514570951461792e-08, 1.5646217832454568e-07, 1.4901159417490817e-08, 0.9406887292861938, -0.3392711579799652, 8.940695295223122e-08, 0.3392711281776428, 0.9406886696815491),
            ["LowerTorso"] = CFrame.new(0.03779962658882141, -0.08418762683868408, -0.011804938316345215, 0.9302681684494019, -0.020028704777359962, -0.3663333058357239, 0.050343457609415054, 0.9960322380065918, 0.0733858197927475, 0.36340993642807007, -0.08671097457408905, 0.9275853037834167),
            ["Head"] = CFrame.new(-1.4901161193847656e-08, 2.384185791015625e-07, 0, 0.8642401099205017, -0.08502117544412613, 0.49584338068962097, 0.17368604242801666, 0.9754385352134705, -0.13547326624393463, -0.47214657068252563, 0.20320236682891846, 0.8577799797058105),
            ["RightUpperArm"] = CFrame.new(0, 1.1920928955078125e-07, 2.9802322387695312e-08, 0.6673423647880554, -0.7280488610267639, 0.15684233605861664, 0.4174826145172119, 0.19130277633666992, -0.8883196115493774, 0.6167353987693787, 0.6582918763160706, 0.4316120743751526),
            ["UpperTorso"] = CFrame.new(3.725290298461914e-09, -8.940696716308594e-08, -1.955777406692505e-08, 0.9675377607345581, 0.1613301932811737, -0.19453372061252594, -0.1223498061299324, 0.9725327491760254, 0.19801649451255798, 0.22113654017448425, -0.16778726875782013, 0.9607008695602417),
            ["HumanoidRootPart"] = CFrame.new(0, 0, 0, 1, 0, 0, 0, 1, 0, 0, 0, 1),
            ["RightHand"] = CFrame.new(1.9371509552001953e-07, -1.1920928955078125e-07, 2.980232238769531e-07, 0.9333887100219727, -0.32717961072921753, -0.14744238555431366, 0.29421451687812805, 0.9329131841659546, -0.20763149857521057, 0.205483540892601, 0.1504213660955429, 0.9670315384864807),
            ["LeftUpperArm"] = CFrame.new(5.960464477539063e-08, -2.384185791015625e-07, -5.960464477539063e-08, 0.8807297945022583, 0.36651432514190674, -0.2999705672264099, -0.23687492311000824, 0.889328122138977, 0.39113396406173706, 0.41012853384017944, -0.27342766523361206, 0.8700758218765259),
            ["RightLowerArm"] = CFrame.new(2.086162567138672e-07, 1.1920928955078125e-07, 3.5762786865234375e-07, 1, -3.352760202801619e-08, -8.195637946073475e-08, -1.4901161193847656e-08, 0.8363721370697021, -0.548162043094635, 1.4901161193847656e-08, 0.548162043094635, 0.8363721370697021),
            ["LeftHand"] = CFrame.new(-2.086162567138672e-07, -1.7881393432617188e-07, 1.1920928955078125e-07, 0.9815493822097778, 0.1882154643535614, -0.033703871071338654, -0.17750893533229828, 0.9624726176261902, 0.2052730768918991, 0.07107429206371307, -0.1955031454563141, 0.9781242609024048),
            ["RightUpperLeg"] = CFrame.new(0, -1.601874828338623e-07, 1.3205863069742918e-08, 0.942768394947052, -0.16696207225322723, -0.28863710165023804, 0.10459224879741669, 0.9699971079826355, -0.21946768462657928, 0.31662002205848694, 0.1767178475856781, 0.9319455623626709),
            ["LeftUpperLeg"] = CFrame.new(-2.9802322387695312e-08, 1.7229467630386353e-07, 0, 0.9126418232917786, 0.12726746499538422, -0.3884432315826416, -0.2771802544593811, 0.8911211490631104, -0.3592691123485565, 0.3004266619682312, 0.4355526268482208, 0.8485503196716309),
            ["RightLowerLeg"] = CFrame.new(2.2351741790771484e-08, -0.0007262825965881348, 0.00004606118454830721, 1, 1.1175873559921001e-08, -3.725290742551124e-09, -1.955776696149769e-08, 0.9201526045799255, 0.3915599584579468, 7.26431323982979e-08, -0.39156004786491394, 0.9201526045799255),
