return {
    ["Hip Shop"] = {
        {Time = 0.000, Data = {
            ["LeftFoot"] = CFrame.new(-1.4086253941059113e-08, -5.960464477539063e-08, -1.3923272490501404e-07, 1, 0, -2.3283064365386963e-10, -9.313225746154785e-10, 1, -3.6903657019138336e-08, 0, -5.740730557590723e-09, 1),
            ["LeftLowerArm"] = CFrame.new(4.470348358154297e-08, 1.1920928955078125e-07, -1.9744038581848145e-07, 0.46431854367256165, -0.884449303150177, 0.046456340700387955, 0.8854743242263794, 0.4646754264831543, -0.003444032510742545, -0.0185408815741539, 0.042734693735837936, 0.9989144206047058),
            ["RightUpperArm"] = CFrame.new(0.05175793170928955, -0.10448157787322998, 0.09890520572662354, -0.09965263307094574, -0.38711559772491455, 0.9166303277015686, -0.47021758556365967, 0.8301827907562256, 0.2994864881038666, -0.8769064545631409, -0.4011707901954651, -0.26475825905799866),
            ["Head"] = CFrame.new(7.636845111846924e-08, -1.1920928955078125e-07, 4.6566128730773926e-09, 0.6339079141616821, -0.30877792835235596, -0.70909583568573, 0.4470483064651489, 0.8944522142410278, 0.010154315270483494, 0.6311169266700745, -0.3234368562698364, 0.7050390839576721),
            ["LowerTorso"] = CFrame.new(-0.08112204074859619, -1.500494360923767, 0.044826917350292206, -0.007132465019822121, 0.9999672174453735, 0.00384689262136817, 1.9603980661031528e-08, 0.003846934298053384, -0.9999926686286926, -0.9999746084213257, -0.007132356055080891, -0.000027514281100593507),
            ["UpperTorso"] = CFrame.new(2.6098092575921328e-09, 2.9802322387695312e-08, -2.908450369432103e-09, 0.8870124220848083, 0.0016122941160574555, -0.46174272894859314, 0.2899211049079895, 0.7763602137565613, 0.5596522688865662, 0.3593810200691223, -0.6302875280380249, 0.6881736516952515),
            ["HumanoidRootPart"] = CFrame.new(0, 0, 0, 1, 0, 0, 0, 1, 0, 0, 0, 1),
            ["LeftUpperLeg"] = CFrame.new(0, 1.5599653124809265e-08, -2.1758751245215535e-08, 0.9999834299087524, -0.0006032031960785389, -0.005730875767767429, -0.004328306298702955, 0.5779010057449341, -0.8160954713821411, 0.0038039577193558216, 0.8161066770553589, 0.5778887271881104),
            ["LeftUpperArm"] = CFrame.new(-0.025506138801574707, 0.04508495330810547, -0.04884004592895508, -0.2338055670261383, 0.20674347877502441, 0.9500486254692078, 0.31098121404647827, 0.9417034387588501, -0.1283954679965973, -0.9212088584899902, 0.26542770862579346, -0.2844686210155487),
            ["RightLowerArm"] = CFrame.new(-6.705522537231445e-08, -1.1920928955078125e-07, -2.4959444999694824e-07, 0.3107646703720093, -0.9498048424720764, 0.03600706160068512, 0.9504194259643555, 0.3109707832336426, 0.00014375528553500772, -0.011333441361784935, 0.03417673334479332, 0.9993516206741333),
            ["LeftHand"] = CFrame.new(1.4901161193847656e-08, 5.960464477539063e-08, -9.499490261077881e-08, 0.08695299178361893, 0.3549830913543701, -0.9308202266693115, -0.0205707810819149, 0.9347997903823853, 0.35457906126976013, 0.9960001111030579, -0.011684118770062923, 0.08858592063188553),
            ["RightFoot"] = CFrame.new(1.5363397665169032e-08, 3.5762786865234375e-07, 5.47879608348012e-09, 0.9999996423721313, 0.00005597454946837388, -0.0008486807928420603, 0.00004544387411442585, 0.992890477180481, 0.11903166025876999, 0.0008493096102029085, -0.11903169751167297, 0.9928901195526123),
            ["RightHand"] = CFrame.new(1.4901161193847656e-08, -1.1920928955078125e-07, 2.9802322387695312e-08, 1, 4.6566128730773926e-09, 6.51925713412993e-09, 1.2107191693644381e-08, 1, -2.6891935789308263e-08, 4.656612428988183e-09, -8.149072527885437e-09, 1),
            ["RightLowerLeg"] = CFrame.new(8.230429671129968e-09, 2.980232238769531e-07, -4.925823304802179e-09, 1, -1.080831646405045e-09, 1.2211388844551863e-10, 8.883114244184753e-10, 0.9999871850013733, 0.0050780028104782104, -1.2756017075954418e-10, -0.005078005604445934, 0.9999871850013733),
            ["RightUpperLeg"] = CFrame.new(-2.9802322387695312e-08, 3.958120942115784e-09, 9.524228516966105e-09, 1, 8.94947547180891e-08, -2.4924605668275035e-07, 2.639903939893884e-08, 0.9999963641166687, -0.0026912649627774954, 5.7049447832469014e-08, 0.0026910603046417236, 0.9999963641166687),
            ["LeftLowerLeg"] = CFrame.new(-1.4901161193847656e-08, -5.960464477539063e-08, -2.7008354663848877e-08, 1, 8.381902460996571e-08, 1.0873191058635712e-07, -8.405186235904694e-08, -0.24457067251205444, 0.9696314930915833, 1.0919757187366486e-07, -0.9696314334869385, -0.24457064270973206),
        }},
        {Time = 0.033, Data = {
            ["LeftFoot"] = CFrame.new(-1.4086253941059113e-08, -5.960464477539063e-08, -1.3923272490501404e-07, 1, 0, -2.3283064365386963e-10, -9.313225746154785e-10, 1, -3.6903657019138336e-08, 0, -5.740730557590723e-09, 1),
            ["LeftLowerArm"] = CFrame.new(4.470348358154297e-08, 1.1920928955078125e-07, -1.9744038581848145e-07, 0.46431854367256165, -0.884449303150177, 0.046456340700387955, 0.8854743242263794, 0.4646754264831543, -0.003444032510742545, -0.0185408815741539, 0.042734693735837936, 0.9989144206047058),
            ["RightUpperArm"] = CFrame.new(0.05175793170928955, -0.10448157787322998, 0.09890520572662354, -0.09965263307094574, -0.38711559772491455, 0.9166303277015686, -0.47021758556365967, 0.8301827907562256, 0.2994864881038666, -0.8769064545631409, -0.4011707901954651, -0.26475825905799866),
            ["Head"] = CFrame.new(7.636845111846924e-08, -1.1920928955078125e-07, 4.6566128730773926e-09, 0.6339079141616821, -0.30877792835235596, -0.70909583568573, 0.4470483064651489, 0.8944522142410278, 0.010154315270483494, 0.6311169266700745, -0.3234368562698364, 0.7050390839576721),
            ["LowerTorso"] = CFrame.new(-0.08112204074859619, -1.500494360923767, 0.044826917350292206, -0.007132465019822121, 0.9999672174453735, 0.00384689262136817, 1.9603980661031528e-08, 0.003846934298053384, -0.9999926686286926, -0.9999746084213257, -0.007132356055080891, -0.000027514281100593507),
            ["UpperTorso"] = CFrame.new(2.6098092575921328e-09, 2.9802322387695312e-08, -2.908450369432103e-09, 0.8870124220848083, 0.0016122941160574555, -0.46174272894859314, 0.2899211049079895, 0.7763602137565613, 0.5596522688865662, 0.3593810200691223, -0.6302875280380249, 0.6881736516952515),
            ["HumanoidRootPart"] = CFrame.new(0, 0, 0, 1, 0, 0, 0, 1, 0, 0, 0, 1),
            ["LeftUpperLeg"] = CFrame.new(0, 1.5599653124809265e-08, -2.1758751245215535e-08, 0.9999834299087524, -0.0006032031960785389, -0.005730875767767429, -0.004328306298702955, 0.5779010057449341, -0.8160954713821411, 0.0038039577193558216, 0.8161066770553589, 0.5778887271881104),
            ["LeftUpperArm"] = CFrame.new(-0.025506138801574707, 0.04508495330810547, -0.04884004592895508, -0.2338055670261383, 0.20674347877502441, 0.9500486254692078, 0.31098121404647827, 0.9417034387588501, -0.1283954679965973, -0.9212088584899902, 0.26542770862579346, -0.2844686210155487),
            ["RightLowerArm"] = CFrame.new(-6.705522537231445e-08, -1.1920928955078125e-07, -2.4959444999694824e-07, 0.3107646703720093, -0.9498048424720764, 0.03600706160068512, 0.9504194259643555, 0.3109707832336426, 0.00014375528553500772, -0.011333441361784935, 0.03417673334479332, 0.9993516206741333),
            ["LeftHand"] = CFrame.new(1.4901161193847656e-08, 5.960464477539063e-08, -9.499490261077881e-08, 0.08695299178361893, 0.3549830913543701, -0.9308202266693115, -0.0205707810819149, 0.9347997903823853, 0.35457906126976013, 0.9960001111030579, -0.011684118770062923, 0.08858592063188553),
            ["RightFoot"] = CFrame.new(1.5363397665169032e-08, 3.5762786865234375e-07, 5.47879608348012e-09, 0.9999996423721313, 0.00005597454946837388, -0.0008486807928420603, 0.00004544387411442585, 0.992890477180481, 0.11903166025876999, 0.0008493096102029085, -0.11903169751167297, 0.9928901195526123),
            ["RightHand"] = CFrame.new(1.4901161193847656e-08, -1.1920928955078125e-07, 2.9802322387695312e-08, 1, 4.6566128730773926e-09, 6.51925713412993e-09, 1.2107191693644381e-08, 1, -2.6891935789308263e-08, 4.656612428988183e-09, -8.149072527885437e-09, 1),
            ["RightLowerLeg"] = CFrame.new(8.230429671129968e-09, 2.980232238769531e-07, -4.925823304802179e-09, 1, -1.080831646405045e-09, 1.2211388844551863e-10, 8.883114244184753e-10, 0.9999871850013733, 0.0050780028104782104, -1.2756017075954418e-10, -0.005078005604445934, 0.9999871850013733),
            ["RightUpperLeg"] = CFrame.new(-2.9802322387695312e-08, 3.958120942115784e-09, 9.524228516966105e-09, 1, 8.94947547180891e-08, -2.4924605668275035e-07, 2.639903939893884e-08, 0.9999963641166687, -0.0026912649627774954, 5.7049447832469014e-08, 0.0026910603046417236, 0.9999963641166687),
            ["LeftLowerLeg"] = CFrame.new(-1.4901161193847656e-08, -5.960464477539063e-08, -2.7008354663848877e-08, 1, 8.381902460996571e-08, 1.0873191058635712e-07, -8.405186235904694e-08, -0.24457067251205444, 0.9696314930915833, 1.0919757187366486e-07, -0.9696314334869385, -0.24457064270973206),
        }},
        {Time = 0.067, Data = {
            ["LeftFoot"] = CFrame.new(-1.4086253941059113e-08, -5.960464477539063e-08, -1.3923272490501404e-07, 1, 0, -2.3283064365386963e-10, -9.313225746154785e-10, 1, -3.6903657019138336e-08, 0, -5.740730557590723e-09, 1),
            ["LeftLowerArm"] = CFrame.new(4.470348358154297e-08, 1.1920928955078125e-07, -1.9744038581848145e-07, 0.46431854367256165, -0.884449303150177, 0.046456340700387955, 0.8854743242263794, 0.4646754264831543, -0.003444032510742545, -0.0185408815741539, 0.042734693735837936, 0.9989144206047058),
            ["RightUpperArm"] = CFrame.new(0.05175793170928955, -0.10448157787322998, 0.09890520572662354, -0.09965263307094574, -0.38711559772491455, 0.9166303277015686, -0.47021758556365967, 0.8301827907562256, 0.2994864881038666, -0.8769064545631409, -0.4011707901954651, -0.26475825905799866),
            ["Head"] = CFrame.new(7.636845111846924e-08, -1.1920928955078125e-07, 4.6566128730773926e-09, 0.6339079141616821, -0.30877792835235596, -0.70909583568573, 0.4470483064651489, 0.8944522142410278, 0.010154315270483494, 0.6311169266700745, -0.3234368562698364, 0.7050390839576721),
            ["LowerTorso"] = CFrame.new(-0.08112204074859619, -1.500494360923767, 0.044826917350292206, -0.007132465019822121, 0.9999672174453735, 0.00384689262136817, 1.9603980661031528e-08, 0.003846934298053384, -0.9999926686286926, -0.9999746084213257, -0.007132356055080891, -0.000027514281100593507),
            ["UpperTorso"] = CFrame.new(2.6098092575921328e-09, 2.9802322387695312e-08, -2.908450369432103e-09, 0.8870124220848083, 0.0016122941160574555, -0.46174272894859314, 0.2899211049079895, 0.7763602137565613, 0.5596522688865662, 0.3593810200691223, -0.6302875280380249, 0.6881736516952515),
            ["HumanoidRootPart"] = CFrame.new(0, 0, 0, 1, 0, 0, 0, 1, 0, 0, 0, 1),
            ["LeftUpperLeg"] = CFrame.new(0, 1.5599653124809265e-08, -2.1758751245215535e-08, 0.9999834299087524, -0.0006032031960785389, -0.005730875767767429, -0.004328306298702955, 0.5779010057449341, -0.8160954713821411, 0.0038039577193558216, 0.8161066770553589, 0.5778887271881104),
            ["LeftUpperArm"] = CFrame.new(-0.025506138801574707, 0.04508495330810547, -0.04884004592895508, -0.2338055670261383, 0.20674347877502441, 0.9500486254692078, 0.31098121404647827, 0.9417034387588501, -0.1283954679965973, -0.9212088584899902, 0.26542770862579346, -0.2844686210155487),
            ["RightLowerArm"] = CFrame.new(-6.705522537231445e-08, -1.1920928955078125e-07, -2.4959444999694824e-07, 0.3107646703720093, -0.9498048424720764, 0.03600706160068512, 0.9504194259643555, 0.3109707832336426, 0.00014375528553500772, -0.011333441361784935, 0.03417673334479332, 0.9993516206741333),
            ["LeftHand"] = CFrame.new(1.4901161193847656e-08, 5.960464477539063e-08, -9.499490261077881e-08, 0.08695299178361893, 0.3549830913543701, -0.9308202266693115, -0.0205707810819149, 0.9347997903823853, 0.35457906126976013, 0.9960001111030579, -0.011684118770062923, 0.08858592063188553),
            ["RightFoot"] = CFrame.new(1.5363397665169032e-08, 3.5762786865234375e-07, 5.47879608348012e-09, 0.9999996423721313, 0.00005597454946837388, -0.0008486807928420603, 0.00004544387411442585, 0.992890477180481, 0.11903166025876999, 0.0008493096102029085, -0.11903169751167297, 0.9928901195526123),
            ["RightHand"] = CFrame.new(1.4901161193847656e-08, -1.1920928955078125e-07, 2.9802322387695312e-08, 1, 4.6566128730773926e-09, 6.51925713412993e-09, 1.2107191693644381e-08, 1, -2.6891935789308263e-08, 4.656612428988183e-09, -8.149072527885437e-09, 1),
            ["RightLowerLeg"] = CFrame.new(8.230429671129968e-09, 2.980232238769531e-07, -4.925823304802179e-09, 1, -1.080831646405045e-09, 1.2211388844551863e-10, 8.883114244184753e-10, 0.9999871850013733, 0.0050780028104782104, -1.2756017075954418e-10, -0.005078005604445934, 0.9999871850013733),
            ["RightUpperLeg"] = CFrame.new(-2.9802322387695312e-08, 3.958120942115784e-09, 9.524228516966105e-09, 1, 8.94947547180891e-08, -2.4924605668275035e-07, 2.639903939893884e-08, 0.9999963641166687, -0.0026912649627774954, 5.7049447832469014e-08, 0.0026910603046417236, 0.9999963641166687),
            ["LeftLowerLeg"] = CFrame.new(-1.4901161193847656e-08, -5.960464477539063e-08, -2.7008354663848877e-08, 1, 8.381902460996571e-08, 1.0873191058635712e-07, -8.405186235904694e-08, -0.24457067251205444, 0.9696314930915833, 1.0919757187366486e-07, -0.9696314334869385, -0.24457064270973206),
        }},
        {Time = 0.100, Data = {
            ["LeftFoot"] = CFrame.new(-1.4086253941059113e-08, -5.960464477539063e-08, -1.3923272490501404e-07, 1, 0, -2.3283064365386963e-10, -9.313225746154785e-10, 1, -3.6903657019138336e-08, 0, -5.740730557590723e-09, 1),
            ["LeftLowerArm"] = CFrame.new(4.470348358154297e-08, 1.1920928955078125e-07, -1.9744038581848145e-07, 0.46431854367256165, -0.884449303150177, 0.046456340700387955, 0.8854743242263794, 0.4646754264831543, -0.003444032510742545, -0.0185408815741539, 0.042734693735837936, 0.9989144206047058),
            ["RightUpperArm"] = CFrame.new(0.05175793170928955, -0.10448157787322998, 0.09890520572662354, -0.09965263307094574, -0.38711559772491455, 0.9166303277015686, -0.47021758556365967, 0.8301827907562256, 0.2994864881038666, -0.8769064545631409, -0.4011707901954651, -0.26475825905799866),
            ["Head"] = CFrame.new(7.636845111846924e-08, -1.1920928955078125e-07, 4.6566128730773926e-09, 0.6339079141616821, -0.30877792835235596, -0.70909583568573, 0.4470483064651489, 0.8944522142410278, 0.010154315270483494, 0.6311169266700745, -0.3234368562698364, 0.7050390839576721),
            ["LowerTorso"] = CFrame.new(-0.08112204074859619, -1.500494360923767, 0.044826917350292206, -0.007132465019822121, 0.9999672174453735, 0.00384689262136817, 1.9603980661031528e-08, 0.003846934298053384, -0.9999926686286926, -0.9999746084213257, -0.007132356055080891, -0.000027514281100593507),
            ["UpperTorso"] = CFrame.new(2.6098092575921328e-09, 2.9802322387695312e-08, -2.908450369432103e-09, 0.8870124220848083, 0.0016122941160574555, -0.46174272894859314, 0.2899211049079895, 0.7763602137565613, 0.5596522688865662, 0.3593810200691223, -0.6302875280380249, 0.6881736516952515),
            ["HumanoidRootPart"] = CFrame.new(0, 0, 0, 1, 0, 0, 0, 1, 0, 0, 0, 1),
            ["LeftUpperLeg"] = CFrame.new(0, 1.5599653124809265e-08, -2.1758751245215535e-08, 0.9999834299087524, -0.0006032031960785389, -0.005730875767767429, -0.004328306298702955, 0.5779010057449341, -0.8160954713821411, 0.0038039577193558216, 0.8161066770553589, 0.5778887271881104),
            ["LeftUpperArm"] = CFrame.new(-0.025506138801574707, 0.04508495330810547, -0.04884004592895508, -0.2338055670261383, 0.20674347877502441, 0.9500486254692078, 0.31098121404647827, 0.9417034387588501, -0.1283954679965973, -0.9212088584899902, 0.26542770862579346, -0.2844686210155487),
            ["RightLowerArm"] = CFrame.new(-6.705522537231445e-08, -1.1920928955078125e-07, -2.4959444999694824e-07, 0.3107646703720093, -0.9498048424720764, 0.03600706160068512, 0.9504194259643555, 0.3109707832336426, 0.00014375528553500772, -0.011333441361784935, 0.03417673334479332, 0.9993516206741333),
            ["LeftHand"] = CFrame.new(1.4901161193847656e-08, 5.960464477539063e-08, -9.499490261077881e-08, 0.08695299923419952, 0.3549830913543701, -0.9308202266693115, -0.020570656284689903, 0.9347996711730957, 0.3545790910720825, 0.9960000514984131, -0.011684243567287922, 0.08858589828014374),
            ["RightFoot"] = CFrame.new(1.5363397665169032e-08, 3.5762786865234375e-07, 5.47879608348012e-09, 0.9999996423721313, 0.00005597454946837388, -0.0008486807928420603, 0.00004544387411442585, 0.992890477180481, 0.11903166025876999, 0.0008493096102029085, -0.11903169751167297, 0.9928901195526123),
            ["RightHand"] = CFrame.new(1.4901161193847656e-08, -1.1920928955078125e-07, 2.9802322387695312e-08, 1, 4.6566128730773926e-09, 6.51925713412993e-09, 1.2107191693644381e-08, 1, -2.6891935789308263e-08, 4.656612428988183e-09, -8.149072527885437e-09, 1),
            ["RightLowerLeg"] = CFrame.new(8.230429671129968e-09, 2.980232238769531e-07, -4.925823304802179e-09, 1, -1.080831646405045e-09, 1.2211388844551863e-10, 8.883114244184753e-10, 0.9999871850013733, 0.0050780028104782104, -1.2756017075954418e-10, -0.005078005604445934, 0.9999871850013733),
            ["RightUpperLeg"] = CFrame.new(-2.9802322387695312e-08, 3.958120942115784e-09, 9.524228516966105e-09, 1, 8.94947547180891e-08, -2.4924605668275035e-07, 2.639903939893884e-08, 0.9999963641166687, -0.0026912649627774954, 5.7049447832469014e-08, 0.0026910603046417236, 0.9999963641166687),
            ["LeftLowerLeg"] = CFrame.new(-1.4901161193847656e-08, -5.960464477539063e-08, -2.7008354663848877e-08, 1, 8.381902460996571e-08, 1.0873191058635712e-07, -8.405186235904694e-08, -0.24457067251205444, 0.9696314930915833, 1.0919757187366486e-07, -0.9696314334869385, -0.24457064270973206),
        }},
        {Time = 0.133, Data = {
            ["LeftFoot"] = CFrame.new(-1.4086253941059113e-08, -5.960464477539063e-08, -1.3923272490501404e-07, 1, 0, -2.3283064365386963e-10, -9.313225746154785e-10, 1, -3.6903657019138336e-08, 0, -5.740730557590723e-09, 1),
            ["LeftLowerArm"] = CFrame.new(4.470348358154297e-08, 1.1920928955078125e-07, -1.9744038581848145e-07, 0.46431854367256165, -0.884449303150177, 0.046456340700387955, 0.8854743242263794, 0.4646754264831543, -0.003444032510742545, -0.0185408815741539, 0.042734693735837936, 0.9989144206047058),
            ["RightUpperArm"] = CFrame.new(0.05175793170928955, -0.10448157787322998, 0.09890520572662354, -0.09965263307094574, -0.38711559772491455, 0.9166303277015686, -0.47021758556365967, 0.8301827907562256, 0.2994864881038666, -0.8769064545631409, -0.4011707901954651, -0.26475825905799866),
            ["Head"] = CFrame.new(7.636845111846924e-08, -1.1920928955078125e-07, 4.6566128730773926e-09, 0.6339079141616821, -0.30877792835235596, -0.70909583568573, 0.4470483064651489, 0.8944522142410278, 0.010154315270483494, 0.6311169266700745, -0.3234368562698364, 0.7050390839576721),
            ["LowerTorso"] = CFrame.new(-0.08112204074859619, -1.500494360923767, 0.044826917350292206, -0.007132465019822121, 0.9999672174453735, 0.00384689262136817, 1.9603980661031528e-08, 0.003846934298053384, -0.9999926686286926, -0.9999746084213257, -0.007132356055080891, -0.000027514281100593507),
            ["UpperTorso"] = CFrame.new(2.6098092575921328e-09, 2.9802322387695312e-08, -2.908450369432103e-09, 0.8870124220848083, 0.0016122941160574555, -0.46174272894859314, 0.2899211049079895, 0.7763602137565613, 0.5596522688865662, 0.3593810200691223, -0.6302875280380249, 0.6881736516952515),
            ["HumanoidRootPart"] = CFrame.new(0, 0, 0, 1, 0, 0, 0, 1, 0, 0, 0, 1),
            ["LeftUpperLeg"] = CFrame.new(0, 1.5599653124809265e-08, -2.1758751245215535e-08, 0.9999834299087524, -0.0006032031960785389, -0.005730875767767429, -0.004328306298702955, 0.5779010057449341, -0.8160954713821411, 0.0038039577193558216, 0.8161066770553589, 0.5778887271881104),
            ["LeftUpperArm"] = CFrame.new(-0.025506138801574707, 0.04508495330810547, -0.04884004592895508, -0.2338055670261383, 0.20674347877502441, 0.9500486254692078, 0.31098121404647827, 0.9417034387588501, -0.1283954679965973, -0.9212088584899902, 0.26542770862579346, -0.2844686210155487),
            ["RightLowerArm"] = CFrame.new(-6.705522537231445e-08, -1.1920928955078125e-07, -2.4959444999694824e-07, 0.3107646703720093, -0.9498048424720764, 0.03600706160068512, 0.9504194259643555, 0.3109707832336426, 0.00014375528553500772, -0.011333441361784935, 0.03417673334479332, 0.9993516206741333),
            ["LeftHand"] = CFrame.new(1.4901161193847656e-08, 5.960464477539063e-08, -9.499490261077881e-08, 0.08695299923419952, 0.3549830913543701, -0.9308202266693115, -0.020570656284689903, 0.9347996711730957, 0.3545790910720825, 0.9960000514984131, -0.011684243567287922, 0.08858589828014374),
            ["RightFoot"] = CFrame.new(1.5363397665169032e-08, 3.5762786865234375e-07, 5.47879608348012e-09, 0.9999996423721313, 0.00005597454946837388, -0.0008486807928420603, 0.00004544387411442585, 0.992890477180481, 0.11903166025876999, 0.0008493096102029085, -0.11903169751167297, 0.9928901195526123),
            ["RightHand"] = CFrame.new(1.4901161193847656e-08, -1.1920928955078125e-07, 2.9802322387695312e-08, 1, 4.6566128730773926e-09, 6.51925713412993e-09, 1.2107191693644381e-08, 1, -2.6891935789308263e-08, 4.656612428988183e-09, -8.149072527885437e-09, 1),
            ["RightLowerLeg"] = CFrame.new(8.230429671129968e-09, 2.980232238769531e-07, -4.925823304802179e-09, 1, -1.080831646405045e-09, 1.2211388844551863e-10, 8.883114244184753e-10, 0.9999871850013733, 0.0050780028104782104, -1.2756017075954418e-10, -0.005078005604445934, 0.9999871850013733),
            ["RightUpperLeg"] = CFrame.new(-2.9802322387695312e-08, 3.958120942115784e-09, 9.524228516966105e-09, 1, 8.94947547180891e-08, -2.4924605668275035e-07, 2.639903939893884e-08, 0.9999963641166687, -0.0026912649627774954, 5.7049447832469014e-08, 0.0026910603046417236, 0.9999963641166687),
            ["LeftLowerLeg"] = CFrame.new(-1.4901161193847656e-08, -5.960464477539063e-08, -2.7008354663848877e-08, 1, 8.381902460996571e-08, 1.0873191058635712e-07, -8.405186235904694e-08, -0.24457067251205444, 0.9696314930915833, 1.0919757187366486e-07, -0.9696314334869385, -0.24457064270973206),
        }},
        {Time = 0.167, Data = {
            ["LeftFoot"] = CFrame.new(-1.4086253941059113e-08, -5.960464477539063e-08, -1.3923272490501404e-07, 1, 0, -2.3283064365386963e-10, -9.313225746154785e-10, 1, -3.6903657019138336e-08, 0, -5.740730557590723e-09, 1),
            ["LeftLowerArm"] = CFrame.new(4.470348358154297e-08, 1.1920928955078125e-07, -1.9744038581848145e-07, 0.46431854367256165, -0.884449303150177, 0.046456340700387955, 0.8854743242263794, 0.4646754264831543, -0.003444032510742545, -0.0185408815741539, 0.042734693735837936, 0.9989144206047058),
            ["RightUpperArm"] = CFrame.new(0.05175793170928955, -0.10448157787322998, 0.09890520572662354, -0.09965263307094574, -0.38711559772491455, 0.9166303277015686, -0.47021758556365967, 0.8301827907562256, 0.2994864881038666, -0.8769064545631409, -0.4011707901954651, -0.26475825905799866),
            ["Head"] = CFrame.new(7.636845111846924e-08, -1.1920928955078125e-07, 4.6566128730773926e-09, 0.6339079141616821, -0.30877792835235596, -0.70909583568573, 0.4470483064651489, 0.8944522142410278, 0.010154315270483494, 0.6311169266700745, -0.3234368562698364, 0.7050390839576721),
            ["LowerTorso"] = CFrame.new(-0.08112204074859619, -1.500494360923767, 0.044826917350292206, -0.007132465019822121, 0.9999672174453735, 0.00384689262136817, 1.9603980661031528e-08, 0.003846934298053384, -0.9999926686286926, -0.9999746084213257, -0.007132356055080891, -0.000027514281100593507),
            ["UpperTorso"] = CFrame.new(2.6098092575921328e-09, 2.9802322387695312e-08, -2.908450369432103e-09, 0.8870124220848083, 0.0016122941160574555, -0.46174272894859314, 0.2899211049079895, 0.7763602137565613, 0.5596522688865662, 0.3593810200691223, -0.6302875280380249, 0.6881736516952515),
            ["HumanoidRootPart"] = CFrame.new(0, 0, 0, 1, 0, 0, 0, 1, 0, 0, 0, 1),
            ["LeftUpperLeg"] = CFrame.new(0, 1.5599653124809265e-08, -2.1758751245215535e-08, 0.9999834299087524, -0.0006032031960785389, -0.005730875767767429, -0.004328306298702955, 0.5779010057449341, -0.8160954713821411, 0.0038039577193558216, 0.8161066770553589, 0.5778887271881104),
            ["LeftUpperArm"] = CFrame.new(-0.025506138801574707, 0.04508495330810547, -0.04884004592895508, -0.2338055670261383, 0.20674347877502441, 0.9500486254692078, 0.31098121404647827, 0.9417034387588501, -0.1283954679965973, -0.9212088584899902, 0.26542770862579346, -0.2844686210155487),
            ["RightLowerArm"] = CFrame.new(-6.705522537231445e-08, -1.1920928955078125e-07, -2.4959444999694824e-07, 0.3107646703720093, -0.9498048424720764, 0.03600706160068512, 0.9504194259643555, 0.3109707832336426, 0.00014375528553500772, -0.011333441361784935, 0.03417673334479332, 0.9993516206741333),
            ["LeftHand"] = CFrame.new(1.4901161193847656e-08, 5.960464477539063e-08, -9.499490261077881e-08, 0.08695299923419952, 0.3549830913543701, -0.9308202266693115, -0.020570656284689903, 0.9347996711730957, 0.3545790910720825, 0.9960000514984131, -0.011684243567287922, 0.08858589828014374),
            ["RightFoot"] = CFrame.new(1.5363397665169032e-08, 3.5762786865234375e-07, 5.47879608348012e-09, 0.9999996423721313, 0.00005597454946837388, -0.0008486807928420603, 0.00004544387411442585, 0.992890477180481, 0.11903166025876999, 0.0008493096102029085, -0.11903169751167297, 0.9928901195526123),
            ["RightHand"] = CFrame.new(1.4901161193847656e-08, -1.1920928955078125e-07, 2.9802322387695312e-08, 1, 4.6566128730773926e-09, 6.51925713412993e-09, 1.2107191693644381e-08, 1, -2.6891935789308263e-08, 4.656612428988183e-09, -8.149072527885437e-09, 1),
            ["RightLowerLeg"] = CFrame.new(8.230429671129968e-09, 2.980232238769531e-07, -4.925823304802179e-09, 1, -1.080831646405045e-09, 1.2211388844551863e-10, 8.883114244184753e-10, 0.9999871850013733, 0.0050780028104782104, -1.2756017075954418e-10, -0.005078005604445934, 0.9999871850013733),
            ["RightUpperLeg"] = CFrame.new(-2.9802322387695312e-08, 3.958120942115784e-09, 9.524228516966105e-09, 1, 8.94947547180891e-08, -2.4924605668275035e-07, 2.639903939893884e-08, 0.9999963641166687, -0.0026912649627774954, 5.7049447832469014e-08, 0.0026910603046417236, 0.9999963641166687),
            ["LeftLowerLeg"] = CFrame.new(-1.4901161193847656e-08, -5.960464477539063e-08, -2.7008354663848877e-08, 1, 8.381902460996571e-08, 1.0873191058635712e-07, -8.405186235904694e-08, -0.24457067251205444, 0.9696314930915833, 1.0919757187366486e-07, -0.9696314334869385, -0.24457064270973206),
        }},
        {Time = 0.200, Data = {
            ["LeftFoot"] = CFrame.new(-1.4086253941059113e-08, -5.960464477539063e-08, -1.3923272490501404e-07, 1, 0, -2.3283064365386963e-10, -9.313225746154785e-10, 1, -3.6903657019138336e-08, 0, -5.740730557590723e-09, 1),
            ["LeftLowerArm"] = CFrame.new(4.470348358154297e-08, 1.1920928955078125e-07, -1.9744038581848145e-07, 0.46431854367256165, -0.884449303150177, 0.046456340700387955, 0.8854743242263794, 0.4646754264831543, -0.003444032510742545, -0.0185408815741539, 0.042734693735837936, 0.9989144206047058),
            ["RightUpperArm"] = CFrame.new(0.05175793170928955, -0.10448157787322998, 0.09890520572662354, -0.09965263307094574, -0.38711559772491455, 0.9166303277015686, -0.47021758556365967, 0.8301827907562256, 0.2994864881038666, -0.8769064545631409, -0.4011707901954651, -0.26475825905799866),
            ["Head"] = CFrame.new(7.636845111846924e-08, -1.1920928955078125e-07, 4.6566128730773926e-09, 0.6339079141616821, -0.30877792835235596, -0.70909583568573, 0.4470483064651489, 0.8944522142410278, 0.010154315270483494, 0.6311169266700745, -0.3234368562698364, 0.7050390839576721),
            ["LowerTorso"] = CFrame.new(-0.08112204074859619, -1.500494360923767, 0.044826917350292206, -0.007132465019822121, 0.9999672174453735, 0.00384689262136817, 1.9603980661031528e-08, 0.003846934298053384, -0.9999926686286926, -0.9999746084213257, -0.007132356055080891, -0.000027514281100593507),
            ["UpperTorso"] = CFrame.new(2.6098092575921328e-09, 2.9802322387695312e-08, -2.908450369432103e-09, 0.8870124220848083, 0.0016122941160574555, -0.46174272894859314, 0.2899211049079895, 0.7763602137565613, 0.5596522688865662, 0.3593810200691223, -0.6302875280380249, 0.6881736516952515),
            ["HumanoidRootPart"] = CFrame.new(0, 0, 0, 1, 0, 0, 0, 1, 0, 0, 0, 1),
            ["LeftUpperLeg"] = CFrame.new(0, 1.5599653124809265e-08, -2.1758751245215535e-08, 0.9999834299087524, -0.0006032031960785389, -0.005730875767767429, -0.004328306298702955, 0.5779010057449341, -0.8160954713821411, 0.0038039577193558216, 0.8161066770553589, 0.5778887271881104),
            ["LeftUpperArm"] = CFrame.new(-0.025506138801574707, 0.04508495330810547, -0.04884004592895508, -0.2338055670261383, 0.20674347877502441, 0.9500486254692078, 0.31098121404647827, 0.9417034387588501, -0.1283954679965973, -0.9212088584899902, 0.26542770862579346, -0.2844686210155487),
            ["RightLowerArm"] = CFrame.new(-6.705522537231445e-08, -1.1920928955078125e-07, -2.4959444999694824e-07, 0.3107646703720093, -0.9498048424720764, 0.03600706160068512, 0.9504194259643555, 0.3109707832336426, 0.00014375528553500772, -0.011333441361784935, 0.03417673334479332, 0.9993516206741333),
            ["LeftHand"] = CFrame.new(1.4901161193847656e-08, 5.960464477539063e-08, -9.499490261077881e-08, 0.11162523925304413, 0.19763456284999847, -0.9738996624946594, -0.02769918367266655, 0.9802624583244324, 0.19575095176696777, 0.9933642745018005, 0.005125369410961866, 0.11489640176296234),
            ["RightFoot"] = CFrame.new(1.5363397665169032e-08, 3.5762786865234375e-07, 5.47879608348012e-09, 1, 0.000001095736706702155, -0.0000882703679963015, -3.3641645025284106e-09, 0.9999234676361084, 0.012375989928841591, 0.00008827718556858599, -0.012375971302390099, 0.9999234080314636),
            ["RightHand"] = CFrame.new(1.4901161193847656e-08, -1.1920928955078125e-07, 2.9802322387695312e-08, 1, 4.6566128730773926e-09, 6.51925713412993e-09, 1.2107191693644381e-08, 1, -2.6891935789308263e-08, 4.656612428988183e-09, -8.149072527885437e-09, 1),
            ["RightLowerLeg"] = CFrame.new(8.230429671129968e-09, 2.980232238769531e-07, -4.925823304802179e-09, 1, -1.080831646405045e-09, 1.2211388844551863e-10, 8.883114244184753e-10, 0.9999871850013733, 0.0050780028104782104, -1.2756017075954418e-10, -0.005078005604445934, 0.9999871850013733),
            ["RightUpperLeg"] = CFrame.new(-2.9802322387695312e-08, 3.958120942115784e-09, 9.524228516966105e-09, 1, 8.94947547180891e-08, -2.4924605668275035e-07, 2.639903939893884e-08, 0.9999963641166687, -0.0026912649627774954, 5.7049447832469014e-08, 0.0026910603046417236, 0.9999963641166687),
            ["LeftLowerLeg"] = CFrame.new(-1.4901161193847656e-08, -5.960464477539063e-08, -2.7008354663848877e-08, 1, 8.381902460996571e-08, 1.0873191058635712e-07, -8.405186235904694e-08, -0.24457067251205444, 0.9696314930915833, 1.0919757187366486e-07, -0.9696314334869385, -0.24457064270973206),
        }},
        {Time = 0.233, Data = {
            ["LeftFoot"] = CFrame.new(-1.4086253941059113e-08, -5.960464477539063e-08, -1.3923272490501404e-07, 1, 0, -2.3283064365386963e-10, -9.313225746154785e-10, 1, -3.6903657019138336e-08, 0, -5.740730557590723e-09, 1),
            ["LeftLowerArm"] = CFrame.new(4.470348358154297e-08, 1.1920928955078125e-07, -1.9744038581848145e-07, 0.46431854367256165, -0.884449303150177, 0.046456340700387955, 0.8854743242263794, 0.4646754264831543, -0.003444032510742545, -0.0185408815741539, 0.042734693735837936, 0.9989144206047058),
            ["RightUpperArm"] = CFrame.new(0.05175793170928955, -0.10448157787322998, 0.09890520572662354, -0.09965263307094574, -0.38711559772491455, 0.9166303277015686, -0.47021758556365967, 0.8301827907562256, 0.2994864881038666, -0.8769064545631409, -0.4011707901954651, -0.26475825905799866),
            ["Head"] = CFrame.new(7.636845111846924e-08, -1.1920928955078125e-07, 4.6566128730773926e-09, 0.6339079141616821, -0.30877792835235596, -0.70909583568573, 0.4470483064651489, 0.8944522142410278, 0.010154315270483494, 0.6311169266700745, -0.3234368562698364, 0.7050390839576721),
            ["LowerTorso"] = CFrame.new(-0.08112204074859619, -1.500494360923767, 0.044826917350292206, -0.007132465019822121, 0.9999672174453735, 0.00384689262136817, 1.9603980661031528e-08, 0.003846934298053384, -0.9999926686286926, -0.9999746084213257, -0.007132356055080891, -0.000027514281100593507),
            ["UpperTorso"] = CFrame.new(2.6098092575921328e-09, 2.9802322387695312e-08, -2.908450369432103e-09, 0.8870124220848083, 0.0016122941160574555, -0.46174272894859314, 0.2899211049079895, 0.7763602137565613, 0.5596522688865662, 0.3593810200691223, -0.6302875280380249, 0.6881736516952515),
            ["HumanoidRootPart"] = CFrame.new(0, 0, 0, 1, 0, 0, 0, 1, 0, 0, 0, 1),
            ["LeftUpperLeg"] = CFrame.new(0, 1.5599653124809265e-08, -2.1758751245215535e-08, 0.9999834299087524, -0.0006032031960785389, -0.005730875767767429, -0.004328306298702955, 0.5779010057449341, -0.8160954713821411, 0.0038039577193558216, 0.8161066770553589, 0.5778887271881104),
            ["LeftUpperArm"] = CFrame.new(-0.025506138801574707, 0.04508495330810547, -0.04884004592895508, -0.2338055670261383, 0.20674347877502441, 0.9500486254692078, 0.31098121404647827, 0.9417034387588501, -0.1283954679965973, -0.9212088584899902, 0.26542770862579346, -0.2844686210155487),
            ["RightLowerArm"] = CFrame.new(-6.705522537231445e-08, -1.1920928955078125e-07, -2.4959444999694824e-07, 0.3107646703720093, -0.9498048424720764, 0.03600706160068512, 0.9504194259643555, 0.3109707832336426, 0.00014375528553500772, -0.011333441361784935, 0.03417673334479332, 0.9993516206741333),
            ["LeftHand"] = CFrame.new(1.4901161193847656e-08, 5.960464477539063e-08, -9.499490261077881e-08, 0.16609086096286774, -0.14972296357154846, -0.9746778011322021, -0.028794603422284126, 0.9872485399246216, -0.1565607488155365, 0.9856899976730347, 0.0540686696767807, 0.15966181457042694),
            ["RightFoot"] = CFrame.new(1.5363397665169032e-08, 3.5762786865234375e-07, 5.47879608348012e-09, 0.9999988675117493, 0.00015909278590697795, 0.0015429016202688217, 0.0001782036997610703, 0.9763548970222473, -0.2161736935377121, -0.0015408111503347754, 0.21617381274700165, 0.9763537049293518),
            ["RightHand"] = CFrame.new(1.4901161193847656e-08, -1.1920928955078125e-07, 2.9802322387695312e-08, 1, 4.6566128730773926e-09, 6.51925713412993e-09, 1.2107191693644381e-08, 1, -2.6891935789308263e-08, 4.656612428988183e-09, -8.149072527885437e-09, 1),
            ["RightLowerLeg"] = CFrame.new(8.230429671129968e-09, 2.980232238769531e-07, -4.925823304802179e-09, 1, -1.080831646405045e-09, 1.2211388844551863e-10, 8.883114244184753e-10, 0.9999871850013733, 0.0050780028104782104, -1.2756017075954418e-10, -0.005078005604445934, 0.9999871850013733),
            ["RightUpperLeg"] = CFrame.new(-2.9802322387695312e-08, 3.958120942115784e-09, 9.524228516966105e-09, 1, 8.94947547180891e-08, -2.4924605668275035e-07, 2.639903939893884e-08, 0.9999963641166687, -0.0026912649627774954, 5.7049447832469014e-08, 0.0026910603046417236, 0.9999963641166687),
            ["LeftLowerLeg"] = CFrame.new(-1.4901161193847656e-08, -5.960464477539063e-08, -2.7008354663848877e-08, 1, 8.381902460996571e-08, 1.0873191058635712e-07, -8.405186235904694e-08, -0.24457067251205444, 0.9696314930915833, 1.0919757187366486e-07, -0.9696314334869385, -0.24457064270973206),
        }},
        {Time = 0.267, Data = {
            ["LeftFoot"] = CFrame.new(-1.4086253941059113e-08, -5.960464477539063e-08, -1.3923272490501404e-07, 1, 0, -2.3283064365386963e-10, -9.313225746154785e-10, 1, -3.6903657019138336e-08, 0, -5.740730557590723e-09, 1),
            ["LeftLowerArm"] = CFrame.new(4.470348358154297e-08, 1.1920928955078125e-07, -1.9744038581848145e-07, 0.46431854367256165, -0.884449303150177, 0.046456340700387955, 0.8854743242263794, 0.4646754264831543, -0.003444032510742545, -0.0185408815741539, 0.042734693735837936, 0.9989144206047058),
            ["RightUpperArm"] = CFrame.new(0.05175793170928955, -0.10448157787322998, 0.09890520572662354, -0.09965263307094574, -0.38711559772491455, 0.9166303277015686, -0.47021758556365967, 0.8301827907562256, 0.2994864881038666, -0.8769064545631409, -0.4011707901954651, -0.26475825905799866),
            ["Head"] = CFrame.new(7.636845111846924e-08, -1.1920928955078125e-07, 4.6566128730773926e-09, 0.6339079141616821, -0.30877792835235596, -0.70909583568573, 0.4470483064651489, 0.8944522142410278, 0.010154315270483494, 0.6311169266700745, -0.3234368562698364, 0.7050390839576721),
            ["LowerTorso"] = CFrame.new(-0.08112204074859619, -1.500494360923767, 0.044826917350292206, -0.007132465019822121, 0.9999672174453735, 0.00384689262136817, 1.9603980661031528e-08, 0.003846934298053384, -0.9999926686286926, -0.9999746084213257, -0.007132356055080891, -0.000027514281100593507),
            ["UpperTorso"] = CFrame.new(2.6098092575921328e-09, 2.9802322387695312e-08, -2.908450369432103e-09, 0.8870124220848083, 0.0016122941160574555, -0.46174272894859314, 0.2899211049079895, 0.7763602137565613, 0.5596522688865662, 0.3593810200691223, -0.6302875280380249, 0.6881736516952515),
            ["HumanoidRootPart"] = CFrame.new(0, 0, 0, 1, 0, 0, 0, 1, 0, 0, 0, 1),
            ["LeftUpperLeg"] = CFrame.new(0, 1.5599653124809265e-08, -2.1758751245215535e-08, 0.9999834299087524, -0.0006032031960785389, -0.005730875767767429, -0.004328306298702955, 0.5779010057449341, -0.8160954713821411, 0.0038039577193558216, 0.8161066770553589, 0.5778887271881104),
            ["LeftUpperArm"] = CFrame.new(-0.025506138801574707, 0.04508495330810547, -0.04884004592895508, -0.2338055670261383, 0.20674347877502441, 0.9500486254692078, 0.31098121404647827, 0.9417034387588501, -0.1283954679965973, -0.9212088584899902, 0.26542770862579346, -0.2844686210155487),
            ["RightLowerArm"] = CFrame.new(-6.705522537231445e-08, -1.1920928955078125e-07, -2.4959444999694824e-07, 0.3107646703720093, -0.9498048424720764, 0.03600706160068512, 0.9504194259643555, 0.3109707832336426, 0.00014375528553500772, -0.011333441361784935, 0.03417673334479332, 0.9993516206741333),
            ["LeftHand"] = CFrame.new(1.4901161193847656e-08, 5.960464477539063e-08, -9.499490261077881e-08, 0.19079242646694183, -0.3072581887245178, -0.9323039650917053, -0.022659122943878174, 0.9481189250946045, -0.31710729002952576, 0.9813688397407532, 0.0816267877817154, 0.1739317923784256),
            ["RightFoot"] = CFrame.new(1.5363397665169032e-08, 3.5762786865234375e-07, 5.47879608348012e-09, 0.9999973177909851, 0.0003588896070141345, 0.0022786427289247513, 0.00038710658554919064, 0.9477043151855469, -0.3191494047641754, -0.0022740184795111418, 0.31914955377578735, 0.9477016925811768),
            ["RightHand"] = CFrame.new(1.4901161193847656e-08, -1.1920928955078125e-07, 2.9802322387695312e-08, 1, 4.6566128730773926e-09, 6.51925713412993e-09, 1.2107191693644381e-08, 1, -2.6891935789308263e-08, 4.656612428988183e-09, -8.149072527885437e-09, 1),
