return {
    ["Hitchhiker"] = {
        {Time = 0.000, Data = {
            ["LeftFoot"] = CFrame.new(-7.35744833946228e-08, 0, -1.862645149230957e-08, 0.9979657530784607, 0.05262760818004608, 0.035982079803943634, -0.05846525356173515, 0.9805454611778259, 0.18738320469856262, -0.025420401245355606, -0.18910568952560425, 0.9816277027130127),
            ["LeftLowerArm"] = CFrame.new(-0.000492393970489502, -0.00009942054748535156, -4.470348358154297e-07, 1, -2.3841860752327193e-07, -7.078051567077637e-08, 1.3411042232291948e-07, 0.9458810091018677, -0.3245140612125397, 1.0430809993522416e-07, 0.3245140016078949, 0.9458808898925781),
            ["LowerTorso"] = CFrame.new(0.2268611043691635, -0.11340963840484619, 0.22485393285751343, 0.9016392827033997, 0.028804562985897064, 0.4315285384654999, -0.033420953899621964, 0.9994365572929382, 0.00311755808070302, -0.43119558691978455, -0.01723300851881504, 0.9020938873291016),
            ["Head"] = CFrame.new(8.940696716308594e-08, 0, -4.470348358154297e-08, 0.9640929102897644, 0.040775544941425323, 0.26241642236709595, -0.08245710283517838, 0.9852651953697205, 0.14984411001205444, -0.2524398863315582, -0.16610178351402283, 0.953249454498291),
            ["RightUpperArm"] = CFrame.new(0.0031805038452148438, -0.06433272361755371, -8.940696716308594e-08, 0.9212421774864197, -0.04225146025419235, 0.3866981565952301, 0.06755686551332474, 0.9963552355766296, -0.05207972601056099, -0.38307833671569824, 0.07410214096307755, 0.9207345843315125),
            ["UpperTorso"] = CFrame.new(1.1175870895385742e-08, -2.384185791015625e-07, 3.725290298461914e-08, 0.9957041144371033, 0.06813403964042664, 0.06269849836826324, -0.08037818968296051, 0.9721805453300476, 0.22001022100448608, -0.04596410691738129, -0.22410470247268677, 0.9734805822372437),
            ["HumanoidRootPart"] = CFrame.new(0, 0, 0, 1, 0, 0, 0, 1, 0, 0, 0, 1),
            ["RightHand"] = CFrame.new(8.940696716308594e-08, 2.384185791015625e-07, -1.1920928955078125e-07, 0.9880375862121582, 0.05822134017944336, 0.14280086755752563, -0.06042347848415375, 0.998110830783844, 0.011129587888717651, -0.14188311994075775, -0.019625036045908928, 0.9896888732910156),
            ["LeftUpperArm"] = CFrame.new(-0.0031801462173461914, -0.06433224678039551, -2.9802322387695312e-08, 0.873416006565094, -0.05467628687620163, -0.48390763998031616, 0.4186442196369171, 0.5918990969657898, 0.6887559294700623, 0.24876031279563904, -0.8041554093360901, 0.5398598313331604),
            ["RightLowerArm"] = CFrame.new(-0.000007092952728271484, 8.940696716308594e-07, 1.4901161193847656e-07, 1, 1.7136335372924805e-07, 5.960465188081798e-08, -1.0011721229830073e-07, 0.757127046585083, -0.6532677412033081, -1.0710213160791682e-07, 0.6532676815986633, 0.757127046585083),
            ["LeftHand"] = CFrame.new(1.4901161193847656e-08, 0.00010007619857788086, -1.280568540096283e-07, 0.8870017528533936, 0.021857524290680885, 0.461248517036438, 0.12878502905368805, 0.94753497838974, -0.2925608158111572, -0.44344377517700195, 0.31890392303466797, 0.8376502990722656),
            ["RightUpperLeg"] = CFrame.new(0, -5.16185536980629e-07, -5.420588422566652e-09, 0.9989633560180664, 0.0418899841606617, 0.01782047748565674, -0.03928519785404205, 0.9910673499107361, -0.12744447588920593, -0.022999940440058708, 0.12661229074001312, 0.9916856288909912),
            ["LeftUpperLeg"] = CFrame.new(-5.960464477539063e-08, -6.309710443019867e-07, 9.499490261077881e-08, 0.9969250559806824, 0.03927086666226387, 0.06781107187271118, 0.020845884457230568, 0.7012730836868286, -0.7125880122184753, -0.07553808391094208, 0.711810290813446, 0.6982979774475098),
            ["RightLowerLeg"] = CFrame.new(-6.146728992462158e-08, -0.000003814697265625, -0.00001326033816440031, 1, -3.0174859944054333e-07, -7.450580596923828e-08, 2.0861615723788418e-07, 0.7161288261413574, 0.697968065738678, 1.396983151380482e-08, -0.6979683041572571, 0.7161288857460022),
            ["RightFoot"] = CFrame.new(6.891787052154541e-08, 1.7881393432617188e-07, -5.790934665128589e-08, 0.9975670576095581, -0.06859314441680908, -0.012447336688637733, 0.05306392163038254, 0.8629159331321716, -0.5025536417961121, 0.04521254077553749, 0.5006705522537231, 0.8644564151763916),
            ["LeftLowerLeg"] = CFrame.new(9.313225746154785e-09, 0.000003933906555175781, 0.000013303011655807495, 1, 2.4028119582908403e-07, 2.6193440305632976e-08, -1.4342366227992898e-07, 0.6026845574378967, 0.7979794144630432, 4.656612162534657e-08, -0.7979795932769775, 0.6026846766471863),
        }},
        {Time = 0.033, Data = {
            ["LeftFoot"] = CFrame.new(-3.725290298461914e-08, 5.960464477539063e-08, 3.725290298461914e-08, 0.9990158081054688, 0.03847416117787361, 0.02207278273999691, -0.04109937697649002, 0.9900729060173035, 0.13441121578216553, -0.0166824571788311, -0.13518638908863068, 0.9906798601150513),
            ["LeftLowerArm"] = CFrame.new(-0.0004925131797790527, -0.00009930133819580078, -4.470348358154297e-07, 1, -2.2351741790771484e-07, -8.940696716308594e-08, 1.341104365337742e-07, 0.9833967685699463, -0.1814688742160797, 1.0430811414607888e-07, 0.18146884441375732, 0.9833967089653015),
            ["LowerTorso"] = CFrame.new(0.2232304811477661, -0.143396258354187, 0.24049751460552216, 0.9008115530014038, 0.045780934393405914, 0.43179014325141907, -0.05173935741186142, 0.9986585378646851, 0.002056299475952983, -0.4311167597770691, -0.02419287897646427, 0.9019717574119568),
            ["Head"] = CFrame.new(1.1175870895385742e-07, -1.1920928955078125e-07, -1.4901161193847656e-08, 0.9575033187866211, 0.05451905354857445, 0.2832227945327759, -0.11407168209552765, 0.9734900593757629, 0.1982547789812088, -0.26490604877471924, -0.22213733196258545, 0.9383388757705688),
            ["RightUpperArm"] = CFrame.new(0.0031805038452148438, -0.06433284282684326, 0, 0.9015450477600098, -0.0650152936577797, 0.42778337001800537, 0.11145361512899399, 0.9901790022850037, -0.08439978957176208, -0.41808444261550903, 0.12376822531223297, 0.899932324886322),
            ["UpperTorso"] = CFrame.new(-3.841705620288849e-09, 1.1920928955078125e-07, -3.073364496231079e-08, 0.9973989129066467, 0.055727455765008926, 0.04571479931473732, -0.0639832615852356, 0.9765568375587463, 0.20553089678287506, -0.033189449459314346, -0.20792129635810852, 0.9775823354721069),
            ["HumanoidRootPart"] = CFrame.new(0, 0, 0, 1, 0, 0, 0, 1, 0, 0, 0, 1),
            ["RightHand"] = CFrame.new(1.7881393432617188e-07, 2.384185791015625e-07, 2.9802322387695312e-08, 0.9889575839042664, -0.0395146906375885, -0.14283408224582672, 0.0545562207698822, 0.9931868314743042, 0.1029745489358902, 0.1377919614315033, -0.10962986946105957, 0.9843752980232239),
            ["LeftUpperArm"] = CFrame.new(-0.0031801462173461914, -0.06433236598968506, 0, 0.8626212477684021, -0.09961481392383575, -0.4959573745727539, 0.43315643072128296, 0.6518313884735107, 0.6224821209907532, 0.26126644015312195, -0.7517930865287781, 0.6054274439811707),
            ["RightLowerArm"] = CFrame.new(-0.000007331371307373047, 4.172325134277344e-07, -1.043081283569336e-07, 1, 1.3411046495548362e-07, -7.450581485102248e-09, -7.543714986013583e-08, 0.6270596981048584, -0.778971254825592, -1.5785921902988775e-07, 0.778971254825592, 0.6270597577095032),
            ["LeftHand"] = CFrame.new(2.9802322387695312e-08, 0.00009995698928833008, -5.029141902923584e-08, 0.9162390232086182, 0.020034832879900932, 0.4001310467720032, 0.12116815894842148, 0.938117504119873, -0.3244287371635437, -0.3818697929382324, 0.3457374572753906, 0.8571121692657471),
            ["RightUpperLeg"] = CFrame.new(-5.960464477539063e-08, -5.058245733380318e-08, -7.387279765680432e-08, 0.9998079538345337, 0.019267478957772255, 0.003582234960049391, -0.01838022470474243, 0.9853242039680481, -0.1697016805410385, -0.006799479480832815, 0.16960301995277405, 0.985489010810852),
            ["LeftUpperLeg"] = CFrame.new(0, -2.5331974029541016e-07, 1.6298145055770874e-08, 0.9986356496810913, 0.025932537391781807, 0.04532518610358238, 0.012249113060534, 0.7274274826049805, -0.6860752105712891, -0.050762295722961426, 0.6856943964958191, 0.7261174321174622),
            ["RightLowerLeg"] = CFrame.new(-1.0803341865539551e-07, -0.0000037550926208496094, -0.000013327626220416278, 1, -1.9371509552001953e-07, -7.823111758398227e-08, 1.6018749704471702e-07, 0.6538795232772827, 0.7565985918045044, 9.31322685637781e-10, -0.756598711013794, 0.653879702091217),
            ["RightFoot"] = CFrame.new(-2.2351741790771484e-08, 2.384185791015625e-07, -2.8107024263590574e-08, 0.9962852597236633, -0.08580499142408371, -0.007299303077161312, 0.06705806404352188, 0.8261993527412415, -0.5593723654747009, 0.05402756482362747, 0.556805431842804, 0.8288844227790833),
            ["LeftLowerLeg"] = CFrame.new(1.6763806343078613e-08, 0.000003874301910400391, 0.000013308599591255188, 1, 5.681067705154419e-08, 9.150242874511605e-08, -1.3224779138454323e-07, 0.6562633514404297, 0.7545321583747864, 6.519257311765614e-08, -0.7545319199562073, 0.6562630534172058),
        }},
        {Time = 0.067, Data = {
            ["LeftFoot"] = CFrame.new(-1.7695128917694092e-08, 5.960464477539063e-08, -2.421438694000244e-08, 0.9996105432510376, 0.0255510825663805, 0.01122773252427578, -0.025835219770669937, 0.9993301033973694, 0.025920549407601357, -0.010557959787547588, -0.026200871914625168, 0.9996009469032288),
            ["LeftLowerArm"] = CFrame.new(-0.0004925727844238281, -0.00009942054748535156, -5.438923835754395e-07, 1, -2.3841860752327193e-07, -1.0430814256778831e-07, 1.341104507446289e-07, 0.9963572025299072, -0.08527842909097672, 1.1920928955078125e-07, 0.08527833968400955, 0.9963571429252625),
            ["LowerTorso"] = CFrame.new(0.21267369389533997, -0.17856156826019287, 0.23881427943706512, 0.8989890217781067, 0.06442960351705551, 0.4332062005996704, -0.06947676092386246, 0.9975748658180237, -0.0041885520331561565, -0.43242543935775757, -0.026332302019000053, 0.9012851119041443),
            ["Head"] = CFrame.new(4.842877388000488e-08, 0, 7.450580596923828e-09, 0.9544962644577026, 0.07210313528776169, 0.2893754839897156, -0.14054130017757416, 0.9645814299583435, 0.2232283651828766, -0.2630307078361511, -0.2537398636341095, 0.9308227300643921),
            ["RightUpperArm"] = CFrame.new(0.003180384635925293, -0.06433260440826416, 0, 0.8875464797019958, -0.11708879470825195, 0.44560253620147705, 0.176963210105896, 0.9796145558357239, -0.09507038444280624, -0.4253765940666199, 0.16323459148406982, 0.8901686072349548),
            ["UpperTorso"] = CFrame.new(1.1175870895385742e-08, 5.960464477539063e-08, -2.1420419216156006e-08, 0.9986313581466675, 0.037227582186460495, 0.036736175417900085, -0.04374076798558235, 0.9795496463775635, 0.19639050960540771, -0.028673773631453514, -0.19772857427597046, 0.9798374176025391),
            ["HumanoidRootPart"] = CFrame.new(0, 0, 0, 1, 0, 0, 0, 1, 0, 0, 0, 1),
            ["RightHand"] = CFrame.new(3.3527612686157227e-08, 1.7881393432617188e-07, -2.086162567138672e-07, 0.9116765856742859, -0.1361558735370636, -0.38769519329071045, 0.16689249873161316, 0.9848747253417969, 0.04657142981886864, 0.37549012899398804, -0.10716143995523453, 0.9206105470657349),
            ["LeftUpperArm"] = CFrame.new(-0.003180265426635742, -0.0643320083618164, -2.9802322387695312e-08, 0.8596822619438171, -0.10181945562362671, -0.5005912184715271, 0.41599202156066895, 0.7082695364952087, 0.5703491568565369, 0.2964744567871094, -0.6985606551170349, 0.651237428188324),
            ["RightLowerArm"] = CFrame.new(-0.000007212162017822266, 7.152557373046875e-07, 5.21540641784668e-08, 1, 1.0430814256778831e-07, -4.330650327233343e-08, -7.543715696556319e-08, 0.4215199947357178, -0.906819224357605, -6.475604408251456e-08, 0.906819224357605, 0.421519935131073),
            ["LeftHand"] = CFrame.new(-7.450580596923828e-08, 0.00009965896606445312, -3.650784492492676e-07, 0.9400447607040405, 0.03665786236524582, 0.33907535672187805, 0.0898561030626297, 0.9324586391448975, -0.3499242961406708, -0.329001247882843, 0.3594124913215637, 0.8732588887214661),
            ["RightUpperLeg"] = CFrame.new(-2.9802322387695312e-08, 1.3224780559539795e-07, -4.546745913103223e-08, 0.9998703598976135, -0.0034288205206394196, -0.01573697105050087, 0.00041866503306664526, 0.9822785258293152, -0.1874268651008606, 0.016100861132144928, 0.18739575147628784, 0.9821525812149048),
            ["LeftUpperLeg"] = CFrame.new(0, -1.434236764907837e-07, -4.656612873077393e-10, 0.9980051517486572, 0.014285034500062466, 0.06149515509605408, 0.028118880465626717, 0.7715352177619934, -0.6355648040771484, -0.05652457848191261, 0.6360263228416443, 0.7695946097373962),
            ["RightLowerLeg"] = CFrame.new(1.4901161193847656e-08, -0.000003933906555175781, -0.000013327393389772624, 1, -5.103648277327011e-07, -1.8626454334480513e-07, 4.135072799726913e-07, 0.5971219539642334, 0.8021501302719116, -2.79396800806353e-07, -0.8021504878997803, 0.5971225500106812),
            ["RightFoot"] = CFrame.new(-5.587935447692871e-09, 4.172325134277344e-07, -7.281050784513354e-08, 0.9915680289268494, -0.12936271727085114, 0.00763018149882555, 0.10564059019088745, 0.7728273868560791, -0.6257618069648743, 0.07505334168672562, 0.6212916374206543, 0.7799769639968872),
            ["LeftLowerLeg"] = CFrame.new(3.818422555923462e-08, 0.000003874301910400391, 0.000013260869309306145, 1, 2.1979207076583407e-07, -1.3969835288563104e-09, -6.332993507385254e-08, 0.7104933857917786, 0.7037041783332825, -3.725290298461914e-08, -0.7037038803100586, 0.7104931473731995),
        }},
        {Time = 0.100, Data = {
            ["LeftFoot"] = CFrame.new(-6.100162863731384e-08, 0, -1.4901161193847656e-08, 0.9999883770942688, 0.003981699701398611, 0.002755081048235297, -0.0038247820921242237, 0.9984914064407349, -0.05477673560380936, -0.002968942979350686, 0.05476553738117218, 0.9984948635101318),
            ["LeftLowerArm"] = CFrame.new(-0.0004923045635223389, -0.00009888410568237305, -7.37607479095459e-07, 1, -1.6391278734317893e-07, -8.475037560629062e-08, 1.1920928955078125e-07, 0.9915896654129028, -0.12942226231098175, 9.685754776000977e-08, 0.12942218780517578, 0.9915896058082581),
            ["LowerTorso"] = CFrame.new(0.19390495121479034, -0.20496857166290283, 0.22569061815738678, 0.8959035277366638, 0.08774824440479279, 0.43549644947052, -0.08905749022960663, 0.9958736896514893, -0.017449604347348213, -0.4352306127548218, -0.023151056841015816, 0.9000213146209717),
            ["Head"] = CFrame.new(4.842877388000488e-08, -1.1920928955078125e-07, -1.4901161193847656e-08, 0.954746663570404, 0.08904024213552475, 0.2837795317173004, -0.15529337525367737, 0.9629874229431152, 0.2203160971403122, -0.25365903973579407, -0.2544151544570923, 0.933236300945282),
            ["RightUpperArm"] = CFrame.new(0.003180384635925293, -0.06433284282684326, 5.960464477539063e-08, 0.9140565991401672, -0.17429648339748383, 0.36623719334602356, 0.2343972623348236, 0.9639020562171936, -0.12628906965255737, -0.33099639415740967, 0.20128020644187927, 0.921911895275116),
            ["UpperTorso"] = CFrame.new(7.450580596923828e-09, -1.4901161193847656e-07, 0, 0.9991727471351624, 0.02607794664800167, 0.031205764040350914, -0.03177175670862198, 0.9795424342155457, 0.1987137496471405, -0.025385329499840736, -0.19954080879688263, 0.9795607328414917),
            ["HumanoidRootPart"] = CFrame.new(0, 0, 0, 1, 0, 0, 0, 1, 0, 0, 0, 1),
            ["RightHand"] = CFrame.new(1.4901161193847656e-08, 1.1920928955078125e-07, 1.4156103134155273e-07, 0.8396706581115723, -0.18484161794185638, -0.5106728076934814, 0.18433281779289246, 0.9814785718917847, -0.052164964377880096, 0.5108567476272583, -0.05033234506845474, 0.8581911325454712),
            ["LeftUpperArm"] = CFrame.new(-0.0031801462173461914, -0.06433224678039551, -2.9802322387695312e-08, 0.9017434120178223, -0.06825050711631775, -0.4268611669540405, 0.3229731619358063, 0.7626867890357971, 0.5603505373001099, 0.28731027245521545, -0.6431569457054138, 0.7097864151000977),
            ["RightLowerArm"] = CFrame.new(-0.000007212162017822266, 4.172325134277344e-07, 2.5704503059387207e-07, 1, 1.862645149230957e-08, -6.33299421792799e-08, -7.264318924171675e-08, 0.16617538034915924, -0.9860963225364685, -4.4194180759404844e-08, 0.9860962629318237, 0.16617538034915924),
            ["LeftHand"] = CFrame.new(2.9802322387695312e-08, 0.00010001659393310547, -2.7194619178771973e-07, 0.9825941324234009, 0.07440062612295151, 0.17021618783473969, -0.023882579058408737, 0.959283709526062, -0.2814328670501709, -0.18422433733940125, 0.27246910333633423, 0.9443633556365967),
            ["RightUpperLeg"] = CFrame.new(-2.9802322387695312e-08, 6.692425813525915e-08, -3.708555595949292e-08, 0.9988584518432617, -0.03246694430708885, -0.03503752127289772, 0.02579074166715145, 0.9839590191841125, -0.17652101814746857, 0.0402066595852375, 0.1754157692193985, 0.983673095703125),
            ["LeftUpperLeg"] = CFrame.new(0, -2.998858690261841e-07, -2.2351741790771484e-08, 0.9923974275588989, 0.007785467430949211, 0.12282787263393402, 0.06670104712247849, 0.8047000169754028, -0.5899229049682617, -0.10343240201473236, 0.5936306715011597, 0.7980629205703735),
            ["RightLowerLeg"] = CFrame.new(-4.0978193283081055e-08, -0.0000035762786865234375, -0.00001328268990619108, 1, -3.725290298461914e-08, 6.70552680048786e-08, 1.1175873559921001e-08, 0.5614072680473328, 0.827539324760437, 9.40636013524454e-08, -0.8275396823883057, 0.5614078640937805),
            ["RightFoot"] = CFrame.new(5.4016709327697754e-08, 2.980232238769531e-07, -4.300818545743823e-08, 0.9847962260246277, -0.17151381075382233, 0.02755819633603096, 0.14426341652870178, 0.7191081047058105, -0.6797581315040588, 0.09677047282457352, 0.6733992099761963, 0.7329185009002686),
            ["LeftLowerLeg"] = CFrame.new(-7.171183824539185e-08, 0.0000037550926208496094, 0.000013363547623157501, 1, -2.7939680791178034e-08, -9.79052998673069e-08, 3.911554458113642e-08, 0.7367758750915527, 0.6761370897293091, 5.587934559514451e-09, -0.6761371493339539, 0.736775815486908),
        }},
        {Time = 0.133, Data = {
            ["LeftFoot"] = CFrame.new(-5.165202310308814e-08, 0, -1.4901161193847656e-08, 0.9999905824661255, -0.00422442052513361, 0.001061043469235301, 0.004324058536440134, 0.9921429753303528, -0.1250355839729309, -0.000524482864420861, 0.125038743019104, 0.9921517968177795),
            ["LeftLowerArm"] = CFrame.new(-0.0004925429821014404, -0.00009948015213012695, -4.172325134277344e-07, 1, -2.4586918812019576e-07, -6.332994928470725e-08, 1.9744041424019088e-07, 0.9601936936378479, -0.27933526039123535, 1.2293459406009788e-07, 0.2793351709842682, 0.9601937532424927),
            ["LowerTorso"] = CFrame.new(0.1598317176103592, -0.22665417194366455, 0.19836914539337158, 0.8909112215042114, 0.11460208147764206, 0.43948104977607727, -0.10863842815160751, 0.9933241009712219, -0.038795311003923416, -0.4409931004047394, -0.013181347399950027, 0.8974137306213379),
            ["Head"] = CFrame.new(9.313225746154785e-08, 0, 7.450580596923828e-09, 0.9580543637275696, 0.09637963771820068, 0.26989442110061646, -0.15754355490207672, 0.9638096690177917, 0.21506059169769287, -0.23939937353134155, -0.24855981767177582, 0.9385659694671631),
            ["RightUpperArm"] = CFrame.new(0.003180265426635742, -0.06433272361755371, -8.940696716308594e-08, 0.9663594961166382, -0.19367411732673645, 0.16924232244491577, 0.22966447472572327, 0.9459799528121948, -0.22885383665561676, -0.11577341705560684, 0.260023832321167, 0.9586359858512878),
            ["UpperTorso"] = CFrame.new(7.450580596923828e-09, -5.960464477539063e-08, -2.9802322387695312e-08, 0.9992268681526184, 0.030741963535547256, 0.024509696289896965, -0.03501121327280998, 0.9793866872787476, 0.19893710315227509, -0.017888737842440605, -0.1996413767337799, 0.9797057509422302),
            ["HumanoidRootPart"] = CFrame.new(0, 0, 0, 1, 0, 0, 0, 1, 0, 0, 0, 1),
            ["RightHand"] = CFrame.new(-5.960464477539063e-08, 2.384185791015625e-07, 1.1175870895385742e-07, 0.8100128769874573, -0.09140176326036453, -0.5792451500892639, 0.06336025148630142, 0.9956369400024414, -0.06850355863571167, 0.5829792618751526, 0.018787672743201256, 0.8122698664665222),
            ["LeftUpperArm"] = CFrame.new(-0.0031801462173461914, -0.06433224678039551, 0, 0.9593146443367004, -0.03823292255401611, -0.27974703907966614, 0.19428862631320953, 0.8082841634750366, 0.555811882019043, 0.2048591524362564, -0.5875500440597534, 0.7828249335289001),
            ["RightLowerArm"] = CFrame.new(-0.000007450580596923828, 0.0000010132789611816406, -3.725290298461914e-08, 1, 7.17118453508192e-08, -7.450580596923828e-08, -6.19329725282114e-08, -0.06478235125541687, -0.9978994727134705, -5.5413714505903044e-08, 0.9978994727134705, -0.06478233635425568),
            ["LeftHand"] = CFrame.new(1.4901161193847656e-08, 0.0000997781753540039, -4.76837158203125e-07, 0.9856939911842346, 0.1411105841398239, -0.09216969460248947, -0.15267397463321686, 0.9792049527168274, -0.13359752297401428, 0.07140092551708221, 0.145758256316185, 0.9867404103279114),
            ["RightUpperLeg"] = CFrame.new(1.7881393432617188e-07, -4.4441549107432365e-08, -1.1008523870259523e-08, 0.9964569211006165, -0.0682055726647377, -0.049209319055080414, 0.060772962868213654, 0.9883818030357361, -0.13931259512901306, 0.05813957378268242, 0.13582858443260193, 0.9890250563621521),
            ["LeftUpperLeg"] = CFrame.new(-1.1920928955078125e-07, -4.270114004611969e-07, -5.21540641784668e-08, 0.986312747001648, -0.01256336085498333, 0.16440634429454803, 0.10327434539794922, 0.824354887008667, -0.5565729141235352, -0.12853680551052094, 0.5659340023994446, 0.8143692016601562),
            ["RightLowerLeg"] = CFrame.new(-1.0058283805847168e-07, -0.0000036954879760742188, -0.000013252887583803385, 1, -6.705523247774181e-08, -8.940698847936801e-08, 1.4901161193847656e-07, 0.5375328660011292, 0.8432428240776062, -1.0058283805847168e-07, -0.8432428240776062, 0.5375329256057739),
            ["RightFoot"] = CFrame.new(-2.1420419216156006e-08, 2.980232238769531e-07, 4.639878170564771e-08, 0.9813785552978516, -0.1874571144580841, 0.041905615478754044, 0.15956838428974152, 0.6741661429405212, -0.721136748790741, 0.1069309338927269, 0.7143948674201965, 0.6915242075920105),
            ["LeftLowerLeg"] = CFrame.new(7.677590474486351e-08, 0.000003814697265625, 0.000013301847502589226, 1, -1.909211100326047e-08, 1.14796421257779e-07, -9.06584460835802e-08, 0.7213847041130066, 0.6925349831581116, 3.943569382158785e-08, -0.6925346851348877, 0.7213843464851379),
        }},
        {Time = 0.167, Data = {
            ["LeftFoot"] = CFrame.new(2.3981556296348572e-08, 0, 0, 0.9999470710754395, 0.009383629076182842, 0.004244859330356121, -0.008441363461315632, 0.982854962348938, -0.18418779969215393, -0.005900470539927483, 0.184141606092453, 0.9828819036483765),
            ["LeftLowerArm"] = CFrame.new(-0.0004924237728118896, -0.00009965896606445312, -3.2782554626464844e-07, 1, -2.6123592533622286e-07, -1.1734663019069558e-07, 2.0116564769523393e-07, 0.8968483805656433, -0.4423380196094513, 1.639127589214695e-07, 0.4423379600048065, 0.8968483805656433),
            ["LowerTorso"] = CFrame.new(0.09955306351184845, -0.2434011697769165, 0.15052807331085205, 0.8823530077934265, 0.14732514321804047, 0.4469323754310608, -0.12795931100845337, 0.9890590906143188, -0.07340706139802933, -0.45285719633102417, 0.007581792306154966, 0.8915508389472961),
            ["Head"] = CFrame.new(6.705522537231445e-08, -2.384185791015625e-07, 0, 0.9661048650741577, 0.08919968456029892, 0.24224960803985596, -0.14460591971874237, 0.9643542766571045, 0.22160771489143372, -0.2138470560312271, -0.24912695586681366, 0.9445661902427673),
            ["RightUpperArm"] = CFrame.new(0.003180384635925293, -0.06433272361755371, -5.960464477539063e-08, 0.9783724546432495, -0.1664845198392868, -0.12276984006166458, 0.10690020024776459, 0.9150400161743164, -0.3889386057853699, 0.17708639800548553, 0.3674025535583496, 0.9130467176437378),
            ["UpperTorso"] = CFrame.new(7.450580596923828e-09, 1.7881393432617188e-07, -3.725290298461914e-09, 0.9983658790588379, 0.05428174138069153, 0.017862815409898758, -0.05669986456632614, 0.97989821434021, 0.191271111369133, -0.007121194154024124, -0.19197139143943787, 0.9813746809959412),
            ["HumanoidRootPart"] = CFrame.new(0, 0, 0, 1, 0, 0, 0, 1, 0, 0, 0, 1),
            ["RightHand"] = CFrame.new(-5.960464477539063e-08, 2.384185791015625e-07, -1.4901161193847656e-07, 0.7052695155143738, 0.09697449952363968, -0.7022755146026611, -0.17988169193267822, 0.9826604127883911, -0.04495687410235405, 0.685738742351532, 0.15803325176239014, 0.7104843854904175),
            ["LeftUpperArm"] = CFrame.new(-0.0031801462173461914, -0.06433248519897461, 0, 0.9946247339248657, -0.0404515415430069, -0.09532156586647034, 0.08238032460212708, 0.8668142557144165, 0.491778701543808, 0.0627310648560524, -0.4969877302646637, 0.8654868602752686),
            ["RightLowerArm"] = CFrame.new(-0.000007420778274536133, 8.940696716308594e-07, -5.960464477539063e-08, 1, 2.7939680791178034e-08, -8.568165554834195e-08, -8.195640788244418e-08, -0.25847968459129333, -0.9660167098045349, -6.519259798665189e-09, 0.9660167098045349, -0.25847965478897095),
            ["LeftHand"] = CFrame.new(-4.470348358154297e-08, 0.0000998377799987793, -2.9802322387695312e-08, 0.8708723783493042, 0.18269388377666473, -0.4562941789627075, -0.2131706178188324, 0.9768885970115662, -0.015719762071967125, 0.4428766369819641, 0.11095842719078064, 0.889690101146698),
            ["RightUpperLeg"] = CFrame.new(0, 1.200241968035698e-07, -1.287116901949048e-08, 0.9916068911552429, -0.11280068010091782, -0.06318140029907227, 0.1093682274222374, 0.99245685338974, -0.05539096146821976, 0.06895285099744797, 0.048015810549259186, 0.9964637756347656),
            ["LeftUpperLeg"] = CFrame.new(8.940696716308594e-08, -3.175809979438782e-07, 2.60770320892334e-08, 0.984123945236206, -0.05077207088470459, 0.17006587982177734, 0.13350991904735565, 0.8431282639503479, -0.5208739042282104, -0.11694146692752838, 0.5353100299835205, 0.836521327495575),
            ["RightLowerLeg"] = CFrame.new(3.725290298461914e-08, -0.0000036954879760742188, -0.000013237986422609538, 1, -7.357449050005016e-08, -8.568167686462402e-08, 1.7136335372924805e-07, 0.5384284257888794, 0.842671275138855, -3.608874976634979e-08, -0.842671275138855, 0.5384283661842346),
            ["RightFoot"] = CFrame.new(6.05359673500061e-08, 2.980232238769531e-07, 4.639878170564771e-08, 0.9836205244064331, -0.17424561083316803, 0.046143632382154465, 0.14907507598400116, 0.6424779295921326, -0.7516639232635498, 0.10132777690887451, 0.7462309002876282, 0.6579302549362183),
            ["LeftLowerLeg"] = CFrame.new(9.313225746154785e-09, 0.000003993511199951172, 0.000013243407011032104, 1, 7.916242594774303e-08, -5.7043514800625417e-08, -5.5879347371501353e-08, 0.6770176291465759, 0.7359670996665955, 4.656612162534657e-08, -0.7359668016433716, 0.6770172715187073),
        }},
        {Time = 0.200, Data = {
            ["LeftFoot"] = CFrame.new(3.4458935260772705e-08, 5.960464477539063e-08, 0, 0.999744713306427, 0.02165171504020691, 0.006463642232120037, -0.01958506554365158, 0.9729883074760437, -0.23002243041992188, -0.011269214563071728, 0.22983711957931519, 0.9731639623641968),
            ["LeftLowerArm"] = CFrame.new(-0.000492483377456665, -0.00009953975677490234, 1.1920928955078125e-07, 1, -2.738088653586601e-07, 7.450581485102248e-09, 2.0861631355728605e-07, 0.8420900702476501, -0.5393369197845459, 8.195640788244418e-08, 0.5393369793891907, 0.8420901894569397),
            ["LowerTorso"] = CFrame.new(0.03887862339615822, -0.2546745538711548, 0.10012999176979065, 0.87276291847229, 0.18023842573165894, 0.45365095138549805, -0.14578264951705933, 0.9831653237342834, -0.11015184968709946, -0.4658675193786621, 0.030002010986208916, 0.8843457698822021),
            ["Head"] = CFrame.new(1.4901161193847656e-08, 0, 1.4901161193847656e-08, 0.9763177037239075, 0.06882385164499283, 0.20510251820087433, -0.11815275996923447, 0.9638013243675232, 0.23901264369487762, -0.18122830986976624, -0.25758567452430725, 0.9491080641746521),
            ["RightUpperArm"] = CFrame.new(0.003180384635925293, -0.06433284282684326, 5.960464477539063e-08, 0.9176636934280396, -0.15135881304740906, -0.3674129545688629, -0.06935474276542664, 0.8494125008583069, -0.523150622844696, 0.3912585973739624, 0.5055580735206604, 0.7689740657806396),
            ["UpperTorso"] = CFrame.new(0, -1.7881393432617188e-07, 1.862645149230957e-08, 0.9963009357452393, 0.08491626381874084, 0.013182245194911957, -0.08591940999031067, 0.9815828204154968, 0.17062565684318542, 0.0015493447426706553, -0.17112712562084198, 0.985247790813446),
            ["HumanoidRootPart"] = CFrame.new(0, 0, 0, 1, 0, 0, 0, 1, 0, 0, 0, 1),
            ["RightHand"] = CFrame.new(3.725290298461914e-08, 2.384185791015625e-07, -2.384185791015625e-07, 0.46481749415397644, 0.2574658989906311, -0.8471458554267883, -0.43357133865356445, 0.9004093408584595, 0.03575901687145233, 0.7719847559928894, 0.35067686438560486, 0.5301559567451477),
            ["LeftUpperArm"] = CFrame.new(-0.0031800270080566406, -0.06433236598968506, 5.960464477539063e-08, 0.9985958337783813, -0.05284114554524422, 0.0037969728000462055, 0.04828368127346039, 0.9373173117637634, 0.34511566162109375, -0.021794604137539864, -0.3444475829601288, 0.9385525584220886),
            ["RightLowerArm"] = CFrame.new(-0.0000073909759521484375, 0, 2.123415470123291e-07, 1, -4.4703469370688254e-08, -7.823107495141812e-08, -7.636847954017867e-08, -0.3629951477050781, -0.9317910671234131, 1.862645815364772e-09, 0.9317910075187683, -0.3629951775074005),
            ["LeftHand"] = CFrame.new(-8.940696716308594e-08, 0.0000998377799987793, 5.960464477539063e-08, 0.7194241881370544, 0.08038704097270966, -0.6899034380912781, -0.15179765224456787, 0.9874656200408936, -0.04323427751660347, 0.6777804493904114, 0.13582952320575714, 0.7226092219352722),
            ["RightUpperLeg"] = CFrame.new(5.960464477539063e-08, -4.884786903858185e-07, 5.75528247281909e-09, 0.9849040508270264, -0.15283723175525665, -0.08127080649137497, 0.1565522998571396, 0.9867991805076599, 0.04145846143364906, 0.07386160641908646, -0.05355590954422951, 0.9958295226097107),
            ["LeftUpperLeg"] = CFrame.new(0, -6.463378667831421e-07, 0, 0.9808123111724854, -0.08833111077547073, 0.1737959086894989, 0.16260473430156708, 0.8624447584152222, -0.47932109236717224, -0.10755067318677902, 0.4983842074871063, 0.8602594137191772),
            ["RightLowerLeg"] = CFrame.new(3.247987478971481e-08, -0.000003814697265625, -0.000013305041647981852, 1, -3.918539164260437e-07, -1.470325798891281e-07, 4.1001470663104556e-07, 0.5569482445716858, 0.8305469155311584, -2.552696685143019e-07, -0.8305472135543823, 0.5569486618041992),
            ["RightFoot"] = CFrame.new(6.9267116487026215e-09, 2.980232238769531e-07, -1.3205863069742918e-08, 0.9860886931419373, -0.15948593616485596, 0.04683282598853111, 0.1375001221895218, 0.6243522763252258, -0.7689458727836609, 0.09339588135480881, 0.7646886110305786, 0.6375963091850281),
            ["LeftLowerLeg"] = CFrame.new(-1.0058283805847168e-07, 0.0000037550926208496094, 0.000013209879398345947, 1, 1.1920928955078125e-07, 5.448237772043285e-08, -6.705522537231445e-08, 0.6346315741539001, 0.772814929485321, 1.8067657947540283e-07, -0.7728148698806763, 0.6346315145492554),
        }},
        {Time = 0.233, Data = {
            ["LeftFoot"] = CFrame.new(1.862645149230957e-09, -5.960464477539063e-08, 2.2351741790771484e-08, 0.999610424041748, 0.026907412335276604, 0.007416384294629097, -0.02428208664059639, 0.9694057106971741, -0.24425984919071198, -0.01376181747764349, 0.2439846396446228, 0.9696815013885498),
            ["LeftLowerArm"] = CFrame.new(-0.0004925727844238281, -0.00009918212890625, -8.940696716308594e-08, 1, -2.5331974029541016e-07, -1.4901161193847656e-08, 2.011657045386528e-07, 0.8254316449165344, -0.5645020008087158, 1.6763807764164085e-07, 0.5645020604133606, 0.8254317045211792),
            ["LowerTorso"] = CFrame.new(0.00032548076706007123, -0.25974810123443604, 0.0642385259270668, 0.8631357550621033, 0.20861554145812988, 0.459865540266037, -0.1615481674671173, 0.9768915772438049, -0.13994689285755157, -0.47843384742736816, 0.046502746641635895, 0.8768914341926575),
            ["Head"] = CFrame.new(3.725290298461914e-09, 2.384185791015625e-07, 1.1175870895385742e-08, 0.9820961952209473, 0.07745656371116638, 0.1717194765806198, -0.11916524171829224, 0.9614399075508118, 0.24785715341567993, -0.1458997130393982, -0.2638825476169586, 0.9534565210342407),
            ["RightUpperArm"] = CFrame.new(0.003180265426635742, -0.06433260440826416, 2.7939677238464355e-08, 0.8702480792999268, -0.13684336841106415, -0.47323769330978394, -0.14694632589817047, 0.8447962403297424, -0.5145128965377808, 0.47018638253211975, 0.5172941088676453, 0.7150682210922241),
            ["UpperTorso"] = CFrame.new(1.862645149230957e-08, 1.4901161193847656e-07, 3.725290298461914e-09, 0.9970412254333496, 0.076047383248806, 0.011213189922273159, -0.0768655389547348, 0.9878300428390503, 0.13521641492843628, -0.000793900340795517, -0.1356782615184784, 0.9907526969909668),
            ["HumanoidRootPart"] = CFrame.new(0, 0, 0, 1, 0, 0, 0, 1, 0, 0, 0, 1),
            ["RightHand"] = CFrame.new(1.257285475730896e-07, 3.5762786865234375e-07, -2.9802322387695312e-08, 0.2746228575706482, 0.30133065581321716, -0.9131168127059937, -0.5987651944160461, 0.7966321110725403, 0.08280988782644272, 0.7523713111877441, 0.5240010619163513, 0.3991996943950653),
            ["LeftUpperArm"] = CFrame.new(-0.0031800270080566406, -0.06433224678039551, -1.862645149230957e-08, 0.9962467551231384, -0.08090755343437195, -0.030773036181926727, 0.08404006063938141, 0.9892047047615051, 0.1200450211763382, 0.020727667957544327, -0.12218057364225388, 0.9922914505004883),
            ["RightLowerArm"] = CFrame.new(-0.000007152557373046875, 9.5367431640625e-07, 1.4901161193847656e-07, 1, -3.49246036535078e-08, -9.359794006513766e-08, -5.5879375793210784e-08, -0.36973777413368225, -0.9291362166404724, -1.816079731042919e-08, 0.9291362166404724, -0.3697378933429718),
            ["LeftHand"] = CFrame.new(-2.086162567138672e-07, 0.0000998377799987793, 1.7881393432617188e-07, 0.7190157771110535, 0.01510433666408062, -0.6948296427726746, -0.0974586084485054, 0.9920765161514282, -0.07928507775068283, 0.6881265640258789, 0.1247243732213974, 0.7147906422615051),
            ["RightUpperLeg"] = CFrame.new(0, 1.862645149230957e-08, -1.6596459317952394e-08, 0.9784293174743652, -0.1804012656211853, -0.10065585374832153, 0.1913709044456482, 0.9750217795372009, 0.11273733526468277, 0.07780356705188751, -0.12956853210926056, 0.9885134100914001),
            ["LeftUpperLeg"] = CFrame.new(2.9802322387695312e-08, -2.1420419216156006e-07, -2.9802322387695312e-08, 0.977753758430481, -0.11771741509437561, 0.17360958456993103, 0.18444208800792694, 0.8766726851463318, -0.4443267583847046, -0.0998939648270607, 0.4664630889892578, 0.8788820505142212),
            ["RightLowerLeg"] = CFrame.new(-3.259629011154175e-08, -0.0000034570693969726562, -0.000013304110325407237, 1, -2.8219074010849e-07, -1.4342374754505727e-07, 2.1699810304198763e-07, 0.5719127655029297, 0.8203139901161194, -5.871696373560553e-08, -0.8203144073486328, 0.5719135403633118),
            ["RightFoot"] = CFrame.new(-9.406358003616333e-08, 2.384185791015625e-07, 3.149762051180005e-08, 0.9868058562278748, -0.1547897905111313, 0.04748088866472244, 0.13440051674842834, 0.6196093559265137, -0.7733176946640015, 0.09028231352567673, 0.7694962024688721, 0.6322384476661682),
            ["LeftLowerLeg"] = CFrame.new(4.470348358154297e-08, 0.0000040531158447265625, 0.000013403594493865967, 1, 1.8626448650138627e-07, 6.053596024457875e-08, -1.5646212148112681e-07, 0.6108852028846741, 0.7917193174362183, 1.8067649421027454e-07, -0.7917191982269287, 0.6108851432800293),
        }},
        {Time = 0.267, Data = {
            ["LeftFoot"] = CFrame.new(-6.426125764846802e-08, 0, 0, 0.9993689060211182, 0.03432111442089081, 0.009155168198049068, -0.031371716409921646, 0.9736934900283813, -0.22569236159324646, -0.016660038381814957, 0.2252621054649353, 0.9741556644439697),
            ["LeftLowerArm"] = CFrame.new(-0.0004924237728118896, -0.00009894371032714844, -2.384185791015625e-07, 1, -2.607703493140434e-07, -2.2351745343485163e-08, 2.086162567138672e-07, 0.8914334177970886, -0.4531518816947937, 2.0489096641540527e-07, 0.4531519412994385, 0.8914333581924438),
            ["LowerTorso"] = CFrame.new(-0.026304123923182487, -0.2516423463821411, 0.05444401130080223, 0.8570448756217957, 0.2306167632341385, 0.46074938774108887, -0.17389744520187378, 0.971237063407898, -0.16266022622585297, -0.4850090444087982, 0.05928397551178932, 0.8724973797798157),
            ["Head"] = CFrame.new(1.30385160446167e-07, -2.384185791015625e-07, 1.1175870895385742e-08, 0.9873011112213135, 0.06625012308359146, 0.14438633620738983, -0.09590259939432144, 0.9731467962265015, 0.20925596356391907, -0.12664587795734406, -0.2204456478357315, 0.9671425223350525),
            ["RightUpperArm"] = CFrame.new(0.0031805038452148438, -0.06433308124542236, 5.587935447692871e-08, 0.8535753488540649, -0.16723953187465668, -0.49340930581092834, -0.12832817435264587, 0.8503992557525635, -0.5102452635765076, 0.5049169063568115, 0.49885082244873047, 0.704412579536438),
            ["UpperTorso"] = CFrame.new(-3.725290298461914e-09, 0, 1.6763806343078613e-08, 0.9973925352096558, 0.0713392049074173, 0.010899916291236877, -0.07216423004865646, 0.9872641563415527, 0.14178067445755005, -0.000646594853606075, -0.1421975940465927, 0.9898381233215332),
            ["HumanoidRootPart"] = CFrame.new(0, 0, 0, 1, 0, 0, 0, 1, 0, 0, 0, 1),
            ["RightHand"] = CFrame.new(-1.1175870895385742e-08, 2.980232238769531e-07, -2.682209014892578e-07, 0.17956456542015076, 0.27869850397109985, -0.9434425234794617, -0.6629340052604675, 0.7428458333015442, 0.09326543658971786, 0.7268253564834595, 0.6086930632591248, 0.3181474804878235),
            ["LeftUpperArm"] = CFrame.new(-0.0031800270080566406, -0.06433248519897461, 4.0978193283081055e-08, 0.9832466244697571, -0.14995498955249786, -0.10364289581775665, 0.12920112907886505, 0.9743912220001221, -0.18403083086013794, 0.12858125567436218, 0.1675567626953125, 0.9774409532546997),
            ["RightLowerArm"] = CFrame.new(-0.00000712275505065918, 7.152557373046875e-07, 2.9802322387695312e-08, 1, -6.519256601222878e-08, -6.146727571376687e-08, -7.543714986013583e-08, -0.36853229999542236, -0.9296150207519531, -9.313227522511625e-09, 0.9296149015426636, -0.3685322403907776),
            ["LeftHand"] = CFrame.new(5.21540641784668e-08, 0.00009995698928833008, 6.705522537231445e-08, 0.7814857363700867, 0.002177231479436159, -0.6239194273948669, -0.11855520308017731, 0.9822932481765747, -0.14506769180297852, 0.612555980682373, 0.187337264418602, 0.7679063081741333),
            ["RightUpperLeg"] = CFrame.new(1.1920928955078125e-07, -2.2910535335540771e-07, -1.6952981241047382e-09, 0.9733330011367798, -0.20335614681243896, -0.10615691542625427, 0.21775448322296143, 0.9646036624908447, 0.14873701333999634, 0.07215255498886108, -0.16788706183433533, 0.9831622242927551),
            ["LeftUpperLeg"] = CFrame.new(-5.960464477539063e-08, -2.4959444999694824e-07, -2.9802322387695312e-08, 0.9737434983253479, -0.14364509284496307, 0.17660580575466156, 0.20521606504917145, 0.8896884918212891, -0.40784910321235657, -0.09853895008563995, 0.4333827495574951, 0.895806610584259),
