return {
    ["Honorable Warrior"] = {
        {Time = 0.000, Data = {
            ["RightFoot"] = CFrame.new(-2.9802322387695312e-08, 2.384185791015625e-07, 3.4442200558260083e-07, 0.8928341865539551, 0.36731037497520447, -0.26063546538352966, -0.1653519868850708, 0.8056100010871887, 0.5689035654067993, 0.4189344048500061, -0.4648393988609314, 0.7800115942955017),
            ["LeftLowerArm"] = CFrame.new(1.1920928955078125e-07, 1.7881393432617188e-07, 1.4901161193847656e-07, 1, -8.568168397005138e-08, 1.1920930376163597e-07, 7.450581307466564e-08, 0.16688252985477448, -0.9859768152236938, 7.450581307466564e-08, 0.9859768152236938, 0.1668824851512909),
            ["LeftFoot"] = CFrame.new(-8.940696716308594e-08, 0, 3.725290298461914e-08, 0.986997663974762, -0.1020030826330185, -0.12422223389148712, 0.16057242453098297, 0.5909597277641296, 0.7905588150024414, -0.007228946313261986, -0.8002262711524963, 0.5996545553207397),
            ["Head"] = CFrame.new(-2.9802322387695312e-08, 0, 3.166496753692627e-07, 0.9642047882080078, -0.026042800396680832, -0.26387715339660645, 0.0475764274597168, 0.9960068464279175, 0.07554469257593155, 0.2608557641506195, -0.08539465814828873, 0.9615933895111084),
            ["LowerTorso"] = CFrame.new(1.9878876209259033, 0.023642778396606445, 0.7915927767753601, -0.2363363802433014, 0.010075549595057964, 0.9716190695762634, -0.48228323459625244, 0.8668628931045532, -0.1262996941804886, -0.8435330986976624, -0.4984447956085205, -0.2000119686126709),
            ["UpperTorso"] = CFrame.new(-5.960464477539063e-08, 0, -1.2665987014770508e-07, 0.9314339756965637, 0.15705730020999908, -0.3282741904258728, 0.04320225864648819, 0.847971498966217, 0.5282783508300781, 0.3613370954990387, -0.5062384605407715, 0.783044159412384),
            ["HumanoidRootPart"] = CFrame.new(0, 0, 0, 1, 0, 0, 0, 1, 0, 0, 0, 1),
            ["RightUpperLeg"] = CFrame.new(-4.172325134277344e-07, 2.980232238769531e-07, 2.8107024263590574e-08, 0.9983207583427429, 0.05765802413225174, 0.005598260089755058, -0.050459712743759155, 0.8180598616600037, 0.572915256023407, 0.028453394770622253, -0.5722357034683228, 0.8195955157279968),
            ["LeftUpperArm"] = CFrame.new(-2.384185791015625e-07, -7.152557373046875e-07, -1.1175870895385742e-07, 0.7565633654594421, 0.4448270797729492, -0.4793132543563843, -0.46300721168518066, 0.8820032477378845, 0.08771826326847076, 0.4617750346660614, 0.15556100010871887, 0.8732492923736572),
            ["RightLowerArm"] = CFrame.new(2.384185791015625e-07, 1.1920928955078125e-07, -2.384185791015625e-07, 1, -3.72529100900465e-08, 6.51925802230835e-08, -2.980232949312267e-08, 0.6655595898628235, -0.746344804763794, 1.4901164746561335e-08, 0.746344804763794, 0.6655595302581787),
            ["LeftHand"] = CFrame.new(2.9802322387695312e-08, -1.1920928955078125e-07, -1.6391277313232422e-07, 0.7271556258201599, -0.0944909006357193, 0.6799384355545044, 0.22670701146125793, 0.9679641723632812, -0.10793245583772659, -0.6479573845863342, 0.23263044655323029, 0.7252822518348694),
            ["RightHand"] = CFrame.new(-2.384185791015625e-07, -1.1920928955078125e-07, 1.6391277313232422e-07, 0.7795845866203308, 0.38279831409454346, -0.4956951439380646, -0.2561054229736328, 0.9171172380447388, 0.3054603934288025, 0.5715399980545044, -0.11118202656507492, 0.8130069375038147),
            ["RightUpperArm"] = CFrame.new(0, 0, 3.129243850708008e-07, 0.7019139528274536, -0.6547064185142517, 0.28049367666244507, 0.46580708026885986, 0.719864547252655, 0.5146056413650513, -0.5388326644897461, -0.2305528223514557, 0.8102495670318604),
            ["RightLowerLeg"] = CFrame.new(-2.9802322387695312e-08, -0.00006031990051269531, -0.00007186660513980314, 1, 0, -1.4901162970204496e-08, -2.2351745343485163e-08, 0.9999866485595703, 0.005171165335923433, 0, -0.0051710475236177444, 0.9999866485595703),
            ["LeftUpperLeg"] = CFrame.new(-2.384185791015625e-07, -1.73225998878479e-07, -1.6391277313232422e-07, 0.9471339583396912, -0.23569703102111816, 0.21767926216125488, 0.22598864138126373, 0.9716948866844177, 0.0688355565071106, -0.22774212062358856, -0.016003413125872612, 0.9735900163650513),
            ["LeftLowerLeg"] = CFrame.new(5.364418029785156e-07, 0.00006073713302612305, 0.00007209181785583496, 1, 3.725290298461914e-08, -1.1175869119028903e-08, -2.6077039194660756e-08, 0.9999858736991882, 0.00531597388908267, -1.1175873559921001e-08, -0.0053159743547439575, 0.9999858736991882),
        }},
        {Time = 0.033, Data = {
            ["RightFoot"] = CFrame.new(1.1920928955078125e-07, 5.364418029785156e-07, 1.6467674868181348e-07, 0.9571477174758911, 0.28749996423721313, -0.03482067584991455, -0.1074691116809845, 0.4642679691314697, 0.8791503310203552, 0.2689215838909149, -0.837734580039978, 0.4752707779407501),
            ["LeftLowerArm"] = CFrame.new(2.384185791015625e-07, 0, -2.9802322387695312e-08, 1, -9.685752644372769e-08, 5.960462345910855e-08, 2.9802322387695312e-08, 0.1554381251335144, -0.9878457188606262, -2.9802322387695312e-08, 0.9878457188606262, 0.1554381251335144),
            ["LeftFoot"] = CFrame.new(-3.501772880554199e-07, 5.960464477539063e-08, -8.940696716308594e-08, 0.9604344964027405, 0.03536776080727577, -0.2762512266635895, 0.21366320550441742, 0.5426740050315857, 0.8123133182525635, 0.17864404618740082, -0.8391985297203064, 0.5136461853981018),
            ["Head"] = CFrame.new(1.4901161193847656e-08, 0, 1.7881393432617188e-07, 0.9010114669799805, 0.04997185617685318, -0.4309075176715851, 0.01579965092241764, 0.9889032244682312, 0.14771880209445953, 0.4335075914859772, -0.13990452885627747, 0.8902235627174377),
            ["LowerTorso"] = CFrame.new(1.840424656867981, 0.39180707931518555, 0.6894630789756775, -0.7846661806106567, -0.10336025804281235, 0.6112410426139832, -0.41587263345718384, 0.8189786672592163, -0.3953781723976135, -0.4597269594669342, -0.5644384026527405, -0.6856095790863037),
            ["UpperTorso"] = CFrame.new(5.066394805908203e-07, -1.7881393432617188e-07, 5.960464477539063e-08, 0.8862975835800171, 0.1919039636850357, -0.4214850664138794, 0.08811624348163605, 0.8236032128334045, 0.5602798461914062, 0.454656183719635, -0.5337141156196594, 0.7130476832389832),
            ["HumanoidRootPart"] = CFrame.new(0, 0, 0, 1, 0, 0, 0, 1, 0, 0, 0, 1),
            ["RightUpperLeg"] = CFrame.new(-1.4901161193847656e-07, -3.129243850708008e-07, 1.3205863069742918e-08, 0.997452974319458, 0.0664898157119751, -0.025820156559348106, -0.05007591098546982, 0.9105637669563293, 0.41032442450523376, 0.05079323798418045, -0.4079863429069519, 0.9115740656852722),
            ["LeftUpperArm"] = CFrame.new(-2.384185791015625e-07, 0, 4.172325134277344e-07, 0.2998570501804352, 0.4954548180103302, -0.8152362704277039, -0.6687805652618408, 0.7185799479484558, 0.19072428345680237, 0.6803075671195984, 0.48802411556243896, 0.5468218326568604),
            ["RightLowerArm"] = CFrame.new(-8.940696716308594e-08, -1.7881393432617188e-07, 3.5762786865234375e-07, 1, -6.70552182668871e-08, -2.2351741790771484e-08, 2.9802315282267955e-08, 0.8602398633956909, -0.509889543056488, 0, 0.5098894834518433, 0.8602399230003357),
            ["LeftHand"] = CFrame.new(-2.384185791015625e-07, -2.384185791015625e-07, -2.682209014892578e-07, 0.6033239960670471, 0.07724261283874512, 0.7937467694282532, 0.19392551481723785, 0.951214075088501, -0.23996886610984802, -0.7735587358474731, 0.298706591129303, 0.5589105486869812),
            ["RightHand"] = CFrame.new(-1.7881393432617188e-07, 5.960464477539063e-08, 8.940696716308594e-08, 0.9769197106361389, 0.19415339827537537, 0.08906443417072296, -0.21271467208862305, 0.9223142266273499, 0.3226282000541687, -0.019506148993968964, -0.3341273367404938, 0.9423261880874634),
            ["RightUpperArm"] = CFrame.new(2.384185791015625e-07, 0, 1.1920928955078125e-07, 0.9612386226654053, -0.2710554897785187, -0.05049125850200653, 0.26873013377189636, 0.8800657391548157, 0.3914952278137207, -0.06168137490749359, -0.3898887634277344, 0.9187939167022705),
            ["RightLowerLeg"] = CFrame.new(1.4901161193847656e-07, -0.00006085634231567383, -0.00007219443068606779, 1, -2.9802322387695312e-08, 1.6763806343078613e-08, -2.9802322387695312e-08, 0.9999854564666748, 0.0053947484120726585, 1.1641532182693481e-08, -0.005394740961492062, 0.9999854564666748),
            ["LeftUpperLeg"] = CFrame.new(2.682209014892578e-07, -4.470348358154297e-08, -2.086162567138672e-07, 0.8606767058372498, -0.14676344394683838, 0.4875409007072449, 0.057210374623537064, 0.9793673753738403, 0.1938212662935257, -0.5059275031089783, -0.13892489671707153, 0.8513150811195374),
            ["LeftLowerLeg"] = CFrame.new(-1.4156103134155273e-07, 0.00006079673767089844, 0.00007194280624389648, 1, 3.725290742551124e-09, 1.1175874448099421e-08, 7.450581485102248e-09, 0.9999867081642151, 0.005167084746062756, -1.862645326866641e-08, -0.005167085211724043, 0.9999867081642151),
        }},
        {Time = 0.067, Data = {
            ["RightFoot"] = CFrame.new(-2.3096799850463867e-07, 2.980232238769531e-07, -1.50575942825526e-07, 0.9849124550819397, 0.09391368180513382, 0.14535410702228546, -0.1713925451040268, 0.41327404975891113, 0.894331693649292, 0.023918863385915756, -0.9057510495185852, 0.4231349527835846),
            ["LeftLowerArm"] = CFrame.new(-2.384185791015625e-07, -5.960464477539063e-08, 3.8743019104003906e-07, 1, -8.195640788244418e-08, 5.960465898624534e-08, 1.341104507446289e-07, 0.06328345090150833, -0.9979956150054932, 6.705522537231445e-08, 0.9979956746101379, 0.06328340619802475),
            ["LeftFoot"] = CFrame.new(4.470348358154297e-08, 5.960464477539063e-08, 2.086162567138672e-07, 0.9122253656387329, 0.13890281319618225, -0.3854232430458069, 0.26116466522216797, 0.5276790857315063, 0.80829918384552, 0.31565481424331665, -0.8380100727081299, 0.4450858533382416),
            ["Head"] = CFrame.new(-1.9371509552001953e-07, 2.384185791015625e-07, 1.7881393432617188e-07, 0.8817035555839539, 0.07142829895019531, -0.46636539697647095, 0.023276297375559807, 0.9806844592094421, 0.19420704245567322, 0.47122931480407715, -0.1820881962776184, 0.8630104660987854),
            ["LowerTorso"] = CFrame.new(1.7221559286117554, 0.6334929466247559, 0.5927147269248962, -0.9628152847290039, -0.2200857400894165, 0.15668150782585144, -0.27002984285354614, 0.8020260334014893, -0.5327646136283875, -0.00840875692665577, -0.555262565612793, -0.831632673740387),
            ["UpperTorso"] = CFrame.new(-5.587935447692871e-08, -1.1920928955078125e-07, 8.940696716308594e-08, 0.8692290782928467, 0.21163268387317657, -0.4468247890472412, 0.09513770043849945, 0.8152672052383423, 0.5712164640426636, 0.4851696491241455, -0.5390278100967407, 0.6885197162628174),
            ["HumanoidRootPart"] = CFrame.new(0, 0, 0, 1, 0, 0, 0, 1, 0, 0, 0, 1),
            ["RightUpperLeg"] = CFrame.new(5.960464477539063e-08, -1.7881393432617188e-07, 2.3672328097745776e-07, 0.995068371295929, -0.009094825945794582, -0.09877391904592514, -0.0015454929089173675, 0.9942452311515808, -0.10711667686700821, 0.09917978197336197, 0.10674089938402176, 0.9893279075622559),
            ["LeftUpperArm"] = CFrame.new(0, -5.960464477539062e-07, -5.960464477539063e-08, 0.05056546628475189, 0.4141739308834076, -0.9087921380996704, -0.6526992917060852, 0.702446699142456, 0.2838174104690552, 0.7559278607368469, 0.5788165926933289, 0.3058505654335022),
            ["RightLowerArm"] = CFrame.new(1.1920928955078125e-07, -5.960464477539063e-08, -1.2759119272232056e-07, 1, -6.705523247774181e-08, 1.1175872671742582e-08, 2.980232594040899e-08, 0.9130516052246094, -0.40784433484077454, 3.725290653733282e-08, 0.40784430503845215, 0.9130515456199646),
            ["LeftHand"] = CFrame.new(2.384185791015625e-07, -1.1920928955078125e-07, 2.980232238769531e-07, 0.6605871319770813, 0.17853130400180817, 0.7292126417160034, 0.051313646137714386, 0.9583045244216919, -0.2811039388179779, -0.7489936947822571, 0.2231123447418213, 0.6238826513290405),
            ["RightHand"] = CFrame.new(-8.195638656616211e-08, 2.384185791015625e-07, 9.872019290924072e-08, 0.945274293422699, 0.3065626621246338, -0.111695796251297, -0.2671087086200714, 0.923694372177124, 0.2746664583683014, 0.18737532198429108, -0.22980034351348877, 0.9550300240516663),
            ["RightUpperArm"] = CFrame.new(-2.384185791015625e-07, 0, 7.450580596923828e-09, 0.9267180562019348, -0.37044021487236023, 0.06298993527889252, 0.29769641160964966, 0.826097309589386, 0.4784768223762512, -0.22928285598754883, -0.4246613681316376, 0.875838041305542),
            ["RightLowerLeg"] = CFrame.new(1.341104507446289e-07, -0.00006031990051269531, -0.00007222423300845549, 1, -7.520432632190932e-08, -5.471521546951408e-08, 1.1548401346317405e-07, 0.7896319627761841, 0.6135805249214172, -5.960465188081798e-08, -0.6135808825492859, 0.7896321415901184),
            ["LeftUpperLeg"] = CFrame.new(-1.7881393432617188e-07, -4.172325134277344e-07, 5.960464477539063e-08, 0.6899717450141907, -0.012064636684954166, 0.7237356901168823, -0.15912973880767822, 0.972871720790863, 0.16792374849319458, -0.706127941608429, -0.23103053867816925, 0.6693341732025146),
            ["LeftLowerLeg"] = CFrame.new(-1.043081283569336e-07, 0.000060677528381347656, 0.00007206201553344727, 1, 2.2351738238057806e-08, 2.60770320892334e-08, 5.2154071283894154e-08, 0.9999864101409912, 0.005229860544204712, 1.862645326866641e-08, -0.0052298749797046185, 0.9999863505363464),
        }},
        {Time = 0.100, Data = {
            ["RightFoot"] = CFrame.new(0, 1.1920928955078125e-07, -2.1902815205976367e-07, 0.9896877408027649, 0.009109236299991608, 0.1429527848958969, -0.12949247658252716, 0.4835442304611206, 0.8656884431838989, -0.06123819202184677, -0.8752725720405579, 0.4797374904155731),
            ["LeftLowerArm"] = CFrame.new(1.7881393432617188e-07, 5.960464477539062e-07, -0.0000018477439880371094, 1, 7.4505820180093e-08, 1.4901161193847656e-08, 7.450581307466564e-08, 0.058575838804244995, -0.9982830286026001, 2.2351745343485163e-08, 0.9982829689979553, 0.05857596546411514),
            ["LeftFoot"] = CFrame.new(-1.1920928955078125e-07, -1.7881393432617188e-07, 4.76837158203125e-07, 0.9317876696586609, 0.1350214034318924, -0.3369573950767517, 0.23301492631435394, 0.4892885684967041, 0.8404169082641602, 0.27834463119506836, -0.8616066575050354, 0.4244515597820282),
            ["Head"] = CFrame.new(-8.940696716308594e-08, -2.384185791015625e-07, -2.2351741790771484e-08, 0.9287967085838318, 0.01847582682967186, -0.3701287508010864, 0.06901971995830536, 0.9726579189300537, 0.22174964845180511, 0.3641056716442108, -0.23150643706321716, 0.9021263122558594),
            ["LowerTorso"] = CFrame.new(1.6233214139938354, 0.7622053623199463, 0.5114374160766602, -0.9342958331108093, -0.31002572178840637, -0.17599833011627197, -0.15737305581569672, 0.8016507029533386, -0.5767059922218323, 0.3198828399181366, -0.5111166834831238, -0.7977686524391174),
            ["UpperTorso"] = CFrame.new(3.725290298461914e-08, -2.384185791015625e-07, -1.9371509552001953e-07, 0.8880759477615356, 0.22065149247646332, -0.40327924489974976, 0.05394871532917023, 0.8211842775344849, 0.5681074857711792, 0.45652028918266296, -0.5262788534164429, 0.7173700332641602),
            ["HumanoidRootPart"] = CFrame.new(0, 0, 0, 1, 0, 0, 0, 1, 0, 0, 0, 1),
            ["RightUpperLeg"] = CFrame.new(-2.384185791015625e-07, 1.1920928955078125e-07, 1.3205863069742918e-08, 0.9801203608512878, -0.12176742404699326, -0.15664198994636536, 0.09217122942209244, 0.9785951375961304, -0.18400029838085175, 0.1756942868232727, 0.16590455174446106, 0.9703644514083862),
            ["LeftUpperArm"] = CFrame.new(-1.1920928955078125e-07, 1.1920928955078125e-07, 0, -0.054171979427337646, 0.34782254695892334, -0.9359940886497498, -0.6819738149642944, 0.6718053221702576, 0.289118230342865, 0.7293676137924194, 0.6539856195449829, 0.20081278681755066),
            ["RightLowerArm"] = CFrame.new(-2.384185791015625e-07, 2.980232238769531e-07, 1.3783574104309082e-07, 1, -4.656614649434232e-08, 1.0943041139910292e-08, 4.4703490686970326e-08, 0.9088082313537598, -0.41721412539482117, 1.6763808119435453e-08, 0.4172140657901764, 0.9088083505630493),
            ["LeftHand"] = CFrame.new(0, 3.5762786865234375e-07, -5.960464477539063e-08, 0.6812412738800049, 0.24728190898895264, 0.6890298128128052, -0.0875081792473793, 0.9619802236557007, -0.2587207555770874, -0.7268099784851074, 0.11595545709133148, 0.6769797205924988),
            ["RightHand"] = CFrame.new(-4.842877388000488e-08, -4.76837158203125e-07, 2.9802322387695312e-08, 0.8503812551498413, 0.44269827008247375, -0.2843766510486603, -0.42938438057899475, 0.8962479829788208, 0.11121524125337601, 0.3041068911552429, 0.02753126248717308, 0.9522400498390198),
            ["RightUpperArm"] = CFrame.new(0, -1.1920928955078125e-07, 1.955777406692505e-08, 0.8956976532936096, -0.44331252574920654, 0.03463941812515259, 0.35826703906059265, 0.7656152248382568, 0.5343016386032104, -0.26338303089141846, -0.4661625623703003, 0.8445839285850525),
            ["RightLowerLeg"] = CFrame.new(5.066394805908203e-07, -0.00006020069122314453, -0.00007188523159129545, 1, -1.06636449004327e-07, -7.917699207382611e-08, 1.2665991278026922e-07, 0.719340980052948, 0.6946568489074707, 3.725291630729544e-09, -0.6946572065353394, 0.7193412780761719),
            ["LeftUpperLeg"] = CFrame.new(2.980232238769531e-07, -7.450580596923828e-08, -2.682209014892578e-07, 0.6880311965942383, 0.05645975470542908, 0.7234814167022705, -0.174052894115448, 0.980707049369812, 0.08899108320474625, -0.704498827457428, -0.18715257942676544, 0.6845839619636536),
            ["LeftLowerLeg"] = CFrame.new(4.470348358154297e-08, 0.00006008148193359375, 0.00007200241088867188, 1, 0, -3.3527616238870905e-08, -2.980232594040899e-08, 0.9925459027290344, 0.12187227606773376, -2.2351745343485163e-08, -0.12187226116657257, 0.9925458431243896),
        }},
        {Time = 0.133, Data = {
            ["RightFoot"] = CFrame.new(1.1920928955078125e-07, 7.152557373046875e-07, 1.4698161976411939e-07, 0.9885151982307434, -0.05845519155263901, 0.1393589973449707, -0.07759327441453934, 0.5950007438659668, 0.7999706268310547, -0.12968094646930695, -0.8015967011451721, 0.5836317539215088),
            ["LeftLowerArm"] = CFrame.new(-8.940696716308594e-07, -5.364418029785156e-07, -1.4901161193847656e-07, 1, -2.3096799850463867e-07, 1.8626454334480513e-07, 2.0861622829215776e-07, 0.08648136258125305, -0.996253490447998, 2.3841855067985307e-07, 0.996253490447998, 0.08648134022951126),
            ["LeftFoot"] = CFrame.new(0, -3.5762786865234375e-07, 4.3958425521850586e-07, 0.9576330780982971, 0.10460644960403442, -0.2683207094669342, 0.14942067861557007, 0.6160110235214233, 0.7734361886978149, 0.2461954951286316, -0.780761182308197, 0.5742824673652649),
            ["Head"] = CFrame.new(-1.1175870895385742e-07, 5.960464477539062e-07, 5.21540641784668e-08, 0.9798943400382996, -0.08027015626430511, -0.18265806138515472, 0.12838324904441833, 0.9544652700424194, 0.26928406953811646, 0.15272539854049683, -0.28731992840766907, 0.9455803632736206),
            ["LowerTorso"] = CFrame.new(1.528735637664795, 0.8522984981536865, 0.43449777364730835, -0.8147295713424683, -0.38594385981559753, -0.4327391982078552, -0.07516008615493774, 0.8103023171424866, -0.5811721086502075, 0.574949324131012, -0.4409734606742859, -0.6891849040985107),
            ["UpperTorso"] = CFrame.new(-7.450580596923828e-08, 0, 1.1920928955078125e-07, 0.9211896657943726, 0.22866472601890564, -0.31483644247055054, -0.01770179532468319, 0.832901120185852, 0.5531389117240906, 0.38871100544929504, -0.503972589969635, 0.7713075876235962),
            ["HumanoidRootPart"] = CFrame.new(0, 0, 0, 1, 0, 0, 0, 1, 0, 0, 0, 1),
            ["RightUpperLeg"] = CFrame.new(1.1920928955078125e-07, 1.4901161193847656e-07, 1.3205863069742918e-08, 0.9421834945678711, -0.2607896625995636, -0.21042589843273163, 0.21053040027618408, 0.9492264986038208, -0.23376533389091492, 0.26070550084114075, 0.17594876885414124, 0.9492496252059937),
            ["LeftUpperArm"] = CFrame.new(-1.1920928955078125e-07, 0.0000010728836059570312, -3.725290298461914e-08, -0.0793079063296318, 0.3262626528739929, -0.9419463276863098, -0.786018967628479, 0.5606899857521057, 0.2603861689567566, 0.6130942106246948, 0.7610383629798889, 0.21198153495788574),
            ["RightLowerArm"] = CFrame.new(-1.7881393432617188e-07, 5.960464477539063e-08, 2.682209014892578e-07, 1, -5.21540641784668e-08, -3.073364851502447e-08, 1.4901161193847656e-08, 0.8788498640060425, -0.47709861397743225, 3.3527612686157227e-08, 0.47709858417510986, 0.8788498640060425),
            ["LeftHand"] = CFrame.new(1.6391277313232422e-07, 2.980232238769531e-07, -2.9802322387695312e-08, 0.6633224487304688, 0.2764684557914734, 0.6953907608985901, -0.17895354330539703, 0.9608942866325378, -0.21132460236549377, -0.7266216278076172, 0.015733756124973297, 0.6868578195571899),
            ["RightHand"] = CFrame.new(1.043081283569336e-07, 0, -6.705522537231445e-08, 0.7790335416793823, 0.49024003744125366, -0.3908601701259613, -0.5686513185501099, 0.8150379657745361, -0.11112494021654129, 0.2640880346298218, 0.30883321166038513, 0.91371750831604),
            ["RightUpperArm"] = CFrame.new(0, 2.384185791015625e-07, -1.043081283569336e-07, 0.9040619134902954, -0.40871432423591614, -0.12499843537807465, 0.41007816791534424, 0.7470719218254089, 0.5231821537017822, -0.12044908106327057, -0.5242483615875244, 0.8430041074752808),
            ["RightLowerLeg"] = CFrame.new(-3.725290298461914e-07, -0.00006020069122314453, -0.00007201561675174162, 1, -1.1548398504146462e-07, -7.450581307466564e-08, 1.3411042232291948e-07, 0.6635482907295227, 0.7481331825256348, 3.7252894102834944e-09, -0.7481334805488586, 0.6635486483573914),
            ["LeftUpperLeg"] = CFrame.new(1.1920928955078125e-07, -8.940696716308594e-08, 5.21540641784668e-08, 0.7153618931770325, 0.2812541127204895, 0.6396511197090149, -0.16554643213748932, 0.9575721025466919, -0.23590266704559326, -0.6788607835769653, 0.06286406517028809, 0.7315711975097656),
            ["LeftLowerLeg"] = CFrame.new(8.940696716308594e-08, 0.000060439109802246094, 0.0000718357041478157, 1, 7.54371214384264e-08, -2.7939677238464355e-09, -5.960464477539063e-08, 0.7562130689620972, 0.6543254256248474, 4.470348358154297e-08, -0.6543254256248474, 0.7562131285667419),
        }},
        {Time = 0.167, Data = {
            ["RightFoot"] = CFrame.new(2.9802322387695312e-08, -1.7881393432617188e-07, -2.8107024263590574e-08, 0.984592854976654, -0.09009113162755966, 0.14986824989318848, -0.038922976702451706, 0.7226463556289673, 0.6901208162307739, -0.17047536373138428, -0.6853217482566833, 0.7080062031745911),
            ["LeftLowerArm"] = CFrame.new(3.8743019104003906e-07, -5.960464477539062e-07, -5.960464477539063e-08, 1, -9.778883480748846e-09, 1.3038518886787642e-07, 1.0244544768056585e-07, 0.11290673911571503, -0.9936056137084961, -2.5145700632833723e-08, 0.9936056733131409, 0.11290673166513443),
            ["LeftFoot"] = CFrame.new(2.9802322387695312e-08, 0, -1.434236764907837e-07, 0.9771583676338196, 0.05229887366294861, -0.20597678422927856, 0.12087152153253555, 0.6604209542274475, 0.7411034107208252, 0.1747904121875763, -0.7490721344947815, 0.639014482498169),
            ["Head"] = CFrame.new(-5.960464477539063e-08, -3.5762786865234375e-07, 8.940696716308594e-08, 0.9780067801475525, -0.19780884683132172, 0.06614057719707489, 0.16478392481803894, 0.9271982312202454, 0.33637771010398865, -0.1278638392686844, -0.31808075308799744, 0.9394016265869141),
            ["LowerTorso"] = CFrame.new(1.435646891593933, 0.9096932411193848, 0.36205506324768066, -0.6531689167022705, -0.4415569603443146, -0.6151404976844788, -0.021999789401888847, 0.8230984210968018, -0.5674724578857422, 0.7568925619125366, -0.35712239146232605, -0.5473365187644958),
            ["UpperTorso"] = CFrame.new(1.2665987014770508e-07, -4.172325134277344e-07, 3.203749656677246e-07, 0.9524912238121033, 0.2341340333223343, -0.19478650391101837, -0.10267442464828491, 0.8489615321159363, 0.5183843970298767, 0.2867376208305359, -0.4737568497657776, 0.8326680064201355),
            ["HumanoidRootPart"] = CFrame.new(0, 0, 0, 1, 0, 0, 0, 1, 0, 0, 0, 1),
            ["RightUpperLeg"] = CFrame.new(-8.940696716308594e-08, -4.470348358154297e-07, 1.920197973959148e-07, 0.878096342086792, -0.4046187698841095, -0.25540247559547424, 0.34127289056777954, 0.9037433862686157, -0.2584199011325836, 0.33537983894348145, 0.13975559175014496, 0.9316591024398804),
            ["LeftUpperArm"] = CFrame.new(0, 3.5762786865234375e-07, 0, -0.039845045655965805, 0.36138102412223816, -0.9315664768218994, -0.9032790064811707, 0.38557007908821106, 0.18820872902870178, 0.4271995425224304, 0.8489637970924377, 0.31106477975845337),
            ["RightLowerArm"] = CFrame.new(2.980232238769531e-07, 3.5762786865234375e-07, -2.9802322387695312e-08, 1, -7.450581485102248e-09, 1.3969845724659535e-08, 0, 0.8044652342796326, -0.5939998030662537, 2.2351745343485163e-08, 0.5939997434616089, 0.8044652938842773),
            ["LeftHand"] = CFrame.new(7.599592208862305e-07, 0, 0, 0.6286169290542603, 0.2908409535884857, 0.7212852835655212, -0.24038183689117432, 0.9546892642974854, -0.17545698583126068, -0.739633321762085, -0.06308849900960922, 0.6700465083122253),
            ["RightHand"] = CFrame.new(2.384185791015625e-07, 5.364418029785156e-07, -1.1920928955078125e-07, 0.7099329233169556, 0.4783698618412018, -0.516872763633728, -0.677075982093811, 0.6655681133270264, -0.3139859437942505, 0.1938128024339676, 0.572871208190918, 0.7964015603065491),
            ["RightUpperArm"] = CFrame.new(0, -2.384185791015625e-07, -2.1606683731079102e-07, 0.8842933177947998, -0.33862897753715515, -0.3214901089668274, 0.46103501319885254, 0.7422882318496704, 0.4862663149833679, 0.07397443056106567, -0.5782201290130615, 0.8125203847885132),
            ["RightLowerLeg"] = CFrame.new(7.450580596923828e-08, -0.00006079673767089844, -0.00007234344229800627, 1, -1.1548398504146462e-07, -6.9849201977945086e-09, 1.1175873737556685e-07, 0.6239336133003235, 0.781477153301239, -5.5879368687783426e-08, -0.7814773917198181, 0.6239339113235474),
            ["LeftUpperLeg"] = CFrame.new(0, -2.05356627702713e-07, -1.2852251529693604e-07, 0.7545589804649353, 0.39849963784217834, 0.521381676197052, -0.1518109142780304, 0.8789564967155457, -0.4520937502384186, -0.6384309530258179, 0.2619801163673401, 0.7237213253974915),
            ["LeftLowerLeg"] = CFrame.new(6.705522537231445e-08, 0.00006079673767089844, 0.00007157400250434875, 1, 6.845222344509239e-08, 4.842877388000488e-08, -9.872020712009544e-08, 0.4407655894756317, 0.8976223468780518, 7.264316792543468e-08, -0.8976223468780518, 0.4407655596733093),
        }},
        {Time = 0.200, Data = {
            ["RightFoot"] = CFrame.new(-6.705522537231445e-08, 0, -8.77116690389812e-08, 0.9824960827827454, -0.0748574435710907, 0.17058107256889343, -0.031151752918958664, 0.8367894291877747, 0.5466375946998596, -0.18366006016731262, -0.5423834323883057, 0.8198105692863464),
            ["LeftLowerArm"] = CFrame.new(7.450580596923828e-07, -1.7881393432617188e-07, -1.043081283569336e-07, 1, -9.64792192803543e-08, 5.331823160759086e-08, 6.821939990686587e-08, 0.1335180103778839, -0.9910464882850647, 8.083591751528729e-08, 0.9910464882850647, 0.13351799547672272),
            ["LeftFoot"] = CFrame.new(-5.21540641784668e-08, -2.980232238769531e-07, -5.4016709327697754e-08, 0.985761821269989, -0.02973092719912529, -0.16549868881702423, 0.1397479772567749, 0.6922164559364319, 0.7080304026603699, 0.09351047873497009, -0.7210773825645447, 0.6865151524543762),
            ["Head"] = CFrame.new(-1.4901161193847656e-07, 5.960464477539062e-07, 1.4901161193847656e-07, 0.8955135941505432, -0.29849615693092346, 0.3300841152667999, 0.1539076268672943, 0.9036617279052734, 0.3996350169181824, -0.4175738990306854, -0.3070760667324066, 0.8551821112632751),
            ["LowerTorso"] = CFrame.new(1.3424968719482422, 0.9397873878479004, 0.29399651288986206, -0.4795357882976532, -0.47517791390419006, -0.7377340197563171, 0.011651488952338696, 0.8371792435646057, -0.5468045473098755, 0.8774449229240417, -0.27080804109573364, -0.39592084288597107),
            ["UpperTorso"] = CFrame.new(-3.3527612686157227e-08, -3.2782554626464844e-07, 8.195638656616211e-08, 0.9701367020606995, 0.235122948884964, -0.059598568826913834, -0.18208670616149902, 0.8682743310928345, 0.4614589512348175, 0.16024746000766754, -0.43682608008384705, 0.8851574659347534),
            ["HumanoidRootPart"] = CFrame.new(0, 0, 0, 1, 0, 0, 0, 1, 0, 0, 0, 1),
            ["RightUpperLeg"] = CFrame.new(-2.9802322387695312e-08, -3.5762786865234375e-07, 4.300818545743823e-08, 0.7939662337303162, -0.5316163897514343, -0.2949603796005249, 0.4700559675693512, 0.8444726467132568, -0.2567359209060669, 0.38557109236717224, 0.06519192457199097, 0.9203723073005676),
            ["LeftUpperArm"] = CFrame.new(2.384185791015625e-07, -2.384185791015625e-07, 7.450580596923828e-08, 0.049681615084409714, 0.45635172724723816, -0.8884114027023315, -0.9779833555221558, 0.20273923873901367, 0.04945085197687149, 0.20268292725086212, 0.8663947582244873, 0.45637694001197815),
            ["RightLowerArm"] = CFrame.new(1.1920928955078125e-07, 1.1920928955078125e-07, 1.6391277313232422e-07, 1, -2.7939681679356454e-09, 9.685756197086448e-08, 5.960465188081798e-08, 0.6647627949714661, -0.7470545172691345, -5.960465188081798e-08, 0.7470545172691345, 0.6647626757621765),
            ["LeftHand"] = CFrame.new(3.711320459842682e-07, -5.960464477539063e-08, -5.103647708892822e-07, 0.5958754420280457, 0.3010788857936859, 0.7445030808448792, -0.27174559235572815, 0.947968065738678, -0.16586421430110931, -0.7557028532028198, -0.10348072648048401, 0.6466872096061707),
            ["RightHand"] = CFrame.new(8.940696716308594e-08, 1.1920928955078125e-07, 2.9802322387695312e-08, 0.6534841060638428, 0.4112341105937958, -0.6354880332946777, -0.7448238730430603, 0.49895912408828735, -0.44303184747695923, 0.13489282131195068, 0.7628410458564758, 0.6323589086532593),
            ["RightUpperArm"] = CFrame.new(1.1920928955078125e-07, 2.384185791015625e-07, -8.940696716308594e-08, 0.8143762946128845, -0.2505328059196472, -0.5234736800193787, 0.5058359503746033, 0.7485807538032532, 0.4286685585975647, 0.2844669818878174, -0.6138893961906433, 0.7363550066947937),
            ["RightLowerLeg"] = CFrame.new(1.043081283569336e-07, -0.000060439109802246094, -0.00007103214011294767, 1, -1.2386590242385864e-07, -8.754435043556441e-08, 1.4901159772762185e-07, 0.604572057723999, 0.7965502738952637, -7.450579886381092e-08, -0.7965505123138428, 0.6045724153518677),
            ["LeftUpperLeg"] = CFrame.new(1.4901161193847656e-07, -2.7567148208618164e-07, 1.341104507446289e-07, 0.8046672940254211, 0.4604388475418091, 0.37484219670295715, -0.14459671080112457, 0.764305055141449, -0.6284342408180237, -0.5758493542671204, 0.4514794945716858, 0.6815891265869141),
            ["LeftLowerLeg"] = CFrame.new(1.1920928955078125e-07, 0.000060617923736572266, 0.00007183104753494263, 1, 1.229346082709526e-07, 5.587933316064664e-08, -5.401672353855247e-08, 0.09581165760755539, 0.9953994750976562, 1.1920931797249068e-07, -0.9953994750976562, 0.09581165760755539),
        }},
        {Time = 0.233, Data = {
            ["RightFoot"] = CFrame.new(5.960464477539063e-08, 4.172325134277344e-07, -1.4731631381437182e-07, 0.9824080467224121, -0.02106727473437786, 0.18555530905723572, -0.055928971618413925, 0.9148179292678833, 0.39997488260269165, -0.17817553877830505, -0.403316855430603, 0.8975462913513184),
            ["LeftLowerArm"] = CFrame.new(-1.4901161193847656e-07, 1.1920928955078125e-07, -1.9371509552001953e-07, 1, -8.754431490842762e-08, 9.732322325817222e-08, 1.0803339023368608e-07, 0.14859072864055634, -0.9888988137245178, 6.332992086299782e-08, 0.9888988733291626, 0.14859069883823395),
            ["LeftFoot"] = CFrame.new(-1.043081283569336e-07, 2.384185791015625e-07, -7.636845111846924e-08, 0.9815953373908997, -0.11210867017507553, -0.15460391342639923, 0.18776583671569824, 0.7142984867095947, 0.6741824746131897, 0.0348515510559082, -0.6908034086227417, 0.7222020030021667),
            ["Head"] = CFrame.new(-1.4901161193847656e-08, -1.1920928955078125e-07, 2.2351741790771484e-08, 0.7501609325408936, -0.3521239161491394, 0.5597031712532043, 0.10483688116073608, 0.8990519046783447, 0.42510613799095154, -0.652891993522644, -0.2602202594280243, 0.7113488912582397),
            ["LowerTorso"] = CFrame.new(1.248333215713501, 0.9474613666534424, 0.22999615967273712, -0.30895569920539856, -0.4874518811702728, -0.8166621923446655, 0.03791346028447151, 0.8516766428947449, -0.5226946473121643, 0.9503205418586731, -0.19245201349258423, -0.24464932084083557),
            ["UpperTorso"] = CFrame.new(3.725290298461914e-08, 4.172325134277344e-07, -4.470348358154297e-08, 0.9704906344413757, 0.23005393147468567, 0.0722716748714447, -0.23983821272850037, 0.8897960782051086, 0.3882533311843872, 0.025012118741869926, -0.3941296637058258, 0.9187144637107849),
            ["HumanoidRootPart"] = CFrame.new(0, 0, 0, 1, 0, 0, 0, 1, 0, 0, 0, 1),
            ["RightUpperLeg"] = CFrame.new(0, -1.4901161193847656e-07, 8.77116690389812e-08, 0.7051050066947937, -0.6248770356178284, -0.3351950943470001, 0.5810895562171936, 0.7800973057746887, -0.23191197216510773, 0.4064011871814728, -0.031256046146154404, 0.9131600260734558),
            ["LeftUpperArm"] = CFrame.new(1.1920928955078125e-07, 2.384185791015625e-07, 2.8312206268310547e-07, 0.15223874151706696, 0.5947543978691101, -0.7893609404563904, -0.9879778623580933, 0.0698479637503624, -0.13791689276695251, -0.02689152956008911, 0.8008673191070557, 0.5982375741004944),
            ["RightLowerArm"] = CFrame.new(2.384185791015625e-07, 2.384185791015625e-07, 4.470348358154297e-08, 1, -1.1920926112907182e-07, 1.0430811414607888e-07, 1.5273688802608376e-07, 0.46539735794067383, -0.8851017951965332, 1.4901159417490817e-08, 0.8851017951965332, 0.4653974175453186),
            ["LeftHand"] = CFrame.new(1.0221265256404877e-07, -5.960464477539063e-08, 4.470348358154297e-08, 0.5651399493217468, 0.3097448945045471, 0.764640212059021, -0.272527277469635, 0.9449038505554199, -0.1813441663980484, -0.7786820530891418, -0.10590087622404099, 0.6184170246124268),
            ["RightHand"] = CFrame.new(-1.4901161193847656e-08, -1.1920928955078125e-07, -1.6391277313232422e-07, 0.6139600872993469, 0.31742021441459656, -0.7227014303207397, -0.7823715209960938, 0.3660825192928314, -0.5038635730743408, 0.10463196784257889, 0.8747731447219849, 0.4731007218360901),
            ["RightUpperArm"] = CFrame.new(-5.960464477539063e-08, 3.5762786865234375e-07, 2.086162567138672e-07, 0.6944877505302429, -0.16374829411506653, -0.7006236910820007, 0.541097104549408, 0.760683536529541, 0.35857290029525757, 0.4742370545864105, -0.6281298995018005, 0.6168889999389648),
            ["RightLowerLeg"] = CFrame.new(-2.086162567138672e-07, -0.00006020069122314453, -0.00007186660513980314, 1, -1.3597306747215043e-07, -9.685753354915505e-08, 7.450579175838357e-08, 0.6076909303665161, 0.7941733598709106, -1.0430809993522416e-07, -0.7941737174987793, 0.6076912879943848),
            ["LeftUpperLeg"] = CFrame.new(-5.960464477539063e-08, -2.644956111907959e-07, 1.4901161193847656e-08, 0.8468852043151855, 0.4801734685897827, 0.22851499915122986, -0.15197519958019257, 0.630341649055481, -0.7612969875335693, -0.5095970034599304, 0.6100023984909058, 0.606801450252533),
            ["LeftLowerLeg"] = CFrame.new(2.9802322387695312e-08, 0.00006085634231567383, 0.0000722929835319519, 1, 5.96046660916727e-08, 1.1920930376163597e-07, -1.0058283805847168e-07, -0.2153286635875702, 0.9765416979789734, 1.2293457984924316e-07, -0.9765416979789734, -0.215328648686409),
        }},
        {Time = 0.267, Data = {
            ["RightFoot"] = CFrame.new(1.1920928955078125e-07, 1.7881393432617188e-07, -2.963279257528484e-07, 0.9817904233932495, 0.04096191003918648, 0.1854984313249588, -0.09381039440631866, 0.9536486268043518, 0.28592658042907715, -0.16518829762935638, -0.2981218695640564, 0.9401257038116455),
            ["LeftLowerArm"] = CFrame.new(3.5762786865234375e-07, -1.7881393432617188e-07, -1.1920928955078125e-07, 1, -1.2665987014770508e-07, 4.470347292340193e-08, 6.705523247774181e-08, 0.15866395831108093, -0.9873326420783997, -1.1175872671742582e-08, 0.9873326420783997, 0.15866388380527496),
            ["LeftFoot"] = CFrame.new(0, 0, -1.4901161193847656e-08, 0.9716475009918213, -0.17169326543807983, -0.16255153715610504, 0.23628054559230804, 0.7299302816390991, 0.6413846015930176, 0.008530096150934696, -0.6616065502166748, 0.7498019337654114),
            ["Head"] = CFrame.new(-4.0978193283081055e-08, 4.76837158203125e-07, -6.51925802230835e-08, 0.5978189706802368, -0.3486661911010742, 0.7218345999717712, 0.051582369953393936, 0.915321946144104, 0.39940589666366577, -0.7999699115753174, -0.20153827965259552, 0.565181314945221),
            ["LowerTorso"] = CFrame.new(1.1523807048797607, 0.9371209144592285, 0.16942591965198517, -0.14658398926258087, -0.47970759868621826, -0.8650975227355957, 0.0683157667517662, 0.8675468564033508, -0.49264127016067505, 0.9868364930152893, -0.13131310045719147, -0.09439687430858612),
            ["UpperTorso"] = CFrame.new(-5.21540641784668e-08, 2.980232238769531e-07, 1.51805579662323e-07, 0.9587637186050415, 0.21716269850730896, 0.18333740532398224, -0.2661496698856354, 0.9123177528381348, 0.31119248270988464, -0.09968256205320358, -0.3471551835536957, 0.9324948787689209),
            ["HumanoidRootPart"] = CFrame.new(0, 0, 0, 1, 0, 0, 0, 1, 0, 0, 0, 1),
            ["RightUpperLeg"] = CFrame.new(-5.960464477539063e-08, 2.4586915969848633e-07, 8.77116690389812e-08, 0.6320019364356995, -0.6782256364822388, -0.37494486570358276, 0.660794734954834, 0.724388837814331, -0.19649720191955566, 0.40487536787986755, -0.1235748678445816, 0.9059829711914062),
            ["LeftUpperArm"] = CFrame.new(-1.1920928955078125e-07, 2.384185791015625e-07, 1.564621925354004e-07, 0.2305600345134735, 0.7374848127365112, -0.6347906589508057, -0.9448931813240051, 0.013862906023859978, -0.3270855247974396, -0.23242011666297913, 0.6752215027809143, 0.7000399827957153),
            ["RightLowerArm"] = CFrame.new(4.76837158203125e-07, -6.556510925292969e-07, -1.4901161193847656e-07, 1, -1.4901170075631853e-08, 1.9371509552001953e-07, 1.5832483768463135e-07, 0.25796931982040405, -0.9661531448364258, 0, 0.9661532044410706, 0.25796931982040405),
            ["LeftHand"] = CFrame.new(-3.650784492492676e-07, 0, -1.7881393432617188e-07, 0.5396316051483154, 0.29877451062202454, 0.7871037125587463, -0.23852352797985077, 0.9508615136146545, -0.19740435481071472, -0.8074058890342712, -0.0812169685959816, 0.5843793749809265),
            ["RightHand"] = CFrame.new(-2.9802322387695312e-08, 1.7881393432617188e-07, 4.172325134277344e-07, 0.5858879089355469, 0.23375558853149414, -0.7759469151496887, -0.804368793964386, 0.2842657268047333, -0.521712601184845, 0.0986221581697464, 0.9298126101493835, 0.3545733392238617),
            ["RightUpperArm"] = CFrame.new(0, 2.384185791015625e-07, -2.9802322387695312e-08, 0.5464137196540833, -0.09332570433616638, -0.8322997689247131, 0.5656610727310181, 0.7739794254302979, 0.2845761477947235, 0.6176241636276245, -0.6262957453727722, 0.47570309042930603),
            ["RightLowerLeg"] = CFrame.new(1.1920928955078125e-07, -0.00006008148193359375, -0.00007168779120547697, 1, -1.5646213569198153e-07, -7.450580596923828e-09, 9.685751223287298e-08, 0.6252882480621338, 0.780393660068512, -7.450577754752885e-08, -0.7803939580917358, 0.6252886056900024),
