return {
    ["Hood Vibin'"] = {
        {Time = 0.000, Data = {
            ["LeftFoot"] = CFrame.new(-6.239861249923706e-08, -1.7881393432617188e-07, 1.862645149230957e-09, 0.9903962016105652, -0.1368657797574997, -0.01957818679511547, 0.10022108256816864, 0.8082315921783447, -0.5802740454673767, 0.09524326026439667, 0.5727387070655823, 0.8141859769821167),
            ["LeftLowerArm"] = CFrame.new(5.960464477539062e-07, 1.7881393432617188e-07, 5.513429641723633e-07, 1, -5.587933316064664e-08, -1.8626442610525373e-09, 4.4703469370688254e-08, 0.7533031702041626, -0.6576734185218811, -1.4901155864777138e-08, 0.6576734185218811, 0.7533031702041626),
            ["RightUpperArm"] = CFrame.new(0, -1.1920928955078125e-07, -1.1175870895385742e-08, 0.65801602602005, -0.7529779672622681, -0.00627237930893898, 0.6964254975318909, 0.6117213368415833, -0.3752177953720093, 0.28636765480041504, 0.24253110587596893, 0.9269154667854309),
            ["Head"] = CFrame.new(-4.516914486885071e-08, 0, -1.6298145055770874e-08, 0.9585409164428711, -0.001969763310626149, -0.2849482297897339, 0.0062354025430977345, 0.9998817443847656, 0.01406348031014204, 0.28488674759864807, -0.015257187187671661, 0.9584397673606873),
            ["LowerTorso"] = CFrame.new(0.004122713580727577, -0.48217999935150146, -0.10360997170209885, 0.961980402469635, 0.03943181037902832, -0.27025705575942993, -0.1021687388420105, 0.9696344137191772, -0.22219550609588623, 0.25328895449638367, 0.24135956168174744, 0.9367979764938354),
            ["UpperTorso"] = CFrame.new(-1.4435499906539917e-08, -2.086162567138672e-07, -5.8673322200775146e-08, 0.8878974318504333, -0.11441364139318466, 0.4455869793891907, 0.013101458549499512, 0.9744758009910583, 0.2241102159023285, -0.45985499024391174, -0.19314908981323242, 0.8667334914207458),
            ["HumanoidRootPart"] = CFrame.new(0, 0, 0, 1, 0, 0, 0, 1, 0, 0, 0, 1),
            ["LeftUpperLeg"] = CFrame.new(-5.960464477539063e-08, 2.8312206268310547e-07, -7.450580596923828e-08, 0.9261730313301086, 0.2921391427516937, 0.23844996094703674, -0.1874733865261078, 0.9053555727005005, -0.3810315728187561, -0.3271961808204651, 0.3081982433795929, 0.8932841420173645),
            ["LeftUpperArm"] = CFrame.new(-2.384185791015625e-07, -2.384185791015625e-07, -1.1175870895385742e-08, 0.7454832196235657, 0.31155630946159363, -0.589226245880127, -0.665077805519104, 0.40592044591903687, -0.6268174052238464, 0.04389011487364769, 0.8591631054878235, 0.5098161101341248),
            ["RightLowerArm"] = CFrame.new(8.940696716308594e-07, 5.364418029785156e-07, -2.9802322387695312e-08, 1, -8.847565169389782e-08, 1.0989607801548118e-07, 5.21540641784668e-08, 0.24149878323078156, -0.9704011678695679, 7.450580596923828e-08, 0.9704011678695679, 0.24149878323078156),
            ["LeftHand"] = CFrame.new(-2.8312206268310547e-07, -2.384185791015625e-07, 3.948807716369629e-07, 0.830043375492096, 0.2676082253456116, -0.489299476146698, -0.4533670246601105, 0.8347245454788208, -0.3125593364238739, 0.3247867822647095, 0.48127010464668274, 0.8141822814941406),
            ["RightFoot"] = CFrame.new(5.587935447692871e-09, 4.76837158203125e-07, 6.129994289949536e-08, 0.9994789958000183, 0.03199192136526108, 0.004288351628929377, -0.023965587839484215, 0.8245025277137756, -0.5653501152992249, -0.021622374653816223, 0.5649531483650208, 0.8248399496078491),
            ["RightHand"] = CFrame.new(5.364418029785156e-07, -2.980232238769531e-07, -3.5762786865234375e-07, 0.7466161251068115, -0.2647697627544403, 0.6102961897850037, 0.368230938911438, 0.9285122156143188, -0.04765752702951431, -0.5540491342544556, 0.2603117525577545, 0.7907385230064392),
            ["RightLowerLeg"] = CFrame.new(-1.0058283805847168e-07, -0.0000035762786865234375, -0.000013245437003206462, 1, -5.010515451431274e-07, -5.27128918292874e-07, 4.041939405396988e-07, -0.01927122473716736, 0.9998142719268799, -6.258487132981827e-07, -0.9998143315315247, -0.019271034747362137),
            ["RightUpperLeg"] = CFrame.new(0, 1.30385160446167e-08, -2.4047039914876223e-08, 0.9704835414886475, -0.2411656230688095, 0.0009891166118904948, 0.17361098527908325, 0.6957759261131287, -0.6969613432884216, 0.16739487648010254, 0.676561176776886, 0.7171081304550171),
            ["LeftLowerLeg"] = CFrame.new(-7.450580596923828e-09, 0.000003933906555175781, 0.000013180077075958252, 1, -9.3132300094112e-08, -3.725289943190546e-08, 8.195638656616211e-08, 0.11405133455991745, 0.9934748411178589, -1.0803341865539551e-07, -0.9934749007225037, 0.11405131220817566),
        }},
        {Time = 0.033, Data = {
            ["LeftFoot"] = CFrame.new(-6.239861249923706e-08, -1.1920928955078125e-07, -9.313225746154785e-09, 0.9868583083152771, -0.1519668996334076, -0.054925188422203064, 0.11142465472221375, 0.8861516118049622, -0.44979989528656006, 0.11702685058116913, 0.437768816947937, 0.891438901424408),
            ["LeftLowerArm"] = CFrame.new(5.364418029785156e-07, 1.7881393432617188e-07, 0, 1, -5.7742006731587026e-08, 4.004685649761086e-08, 3.7252917195473856e-08, 0.6457263231277466, -0.7635689377784729, 5.215408194203519e-08, 0.7635689377784729, 0.6457263827323914),
            ["RightUpperArm"] = CFrame.new(0, -4.76837158203125e-07, -2.9802322387695312e-08, 0.6795621514320374, -0.7334667444229126, 0.014896100386977196, 0.674450159072876, 0.616636335849762, -0.4060501754283905, 0.28863877058029175, 0.28598296642303467, 0.9137294888496399),
            ["Head"] = CFrame.new(-2.60770320892334e-08, 0, -2.0023435354232788e-08, 0.9648221731185913, -0.08143626898527145, -0.2499726563692093, 0.08317063003778458, 0.996528685092926, -0.003635288216173649, 0.24940097332000732, -0.017282966524362564, 0.9682461023330688),
            ["LowerTorso"] = CFrame.new(0.019398944452404976, -0.4725421667098999, -0.1073991060256958, 0.9716945290565491, 0.03224083036184311, -0.2340307980775833, -0.08369448035955429, 0.9733725190162659, -0.21340413391590118, 0.22091880440711975, 0.22695070505142212, 0.9485190510749817),
            ["UpperTorso"] = CFrame.new(2.9802322387695312e-08, -1.7881393432617188e-07, 2.3748725652694702e-08, 0.9192713499069214, -0.08604802191257477, 0.3841042220592499, 0.00872737169265747, 0.980029284954071, 0.19866164028644562, -0.3935278356075287, -0.17927171289920807, 0.9016638398170471),
            ["HumanoidRootPart"] = CFrame.new(0, 0, 0, 1, 0, 0, 0, 1, 0, 0, 0, 1),
            ["LeftUpperLeg"] = CFrame.new(-5.960464477539063e-08, 3.5390257835388184e-08, 6.705522537231445e-08, 0.9368364810943604, 0.3099687397480011, 0.16203905642032623, -0.20522475242614746, 0.8622865080833435, -0.4629738926887512, -0.28323155641555786, 0.400476336479187, 0.8714348077774048),
            ["LeftUpperArm"] = CFrame.new(-3.5762786865234375e-07, 0, -5.960464477539063e-08, 0.7228736281394958, 0.3878123164176941, -0.5718876123428345, -0.6895422339439392, 0.4582377076148987, -0.560847282409668, 0.044557083398103714, 0.7997623085975647, 0.598660945892334),
            ["RightLowerArm"] = CFrame.new(0, 0.0000011920928955078125, -2.384185791015625e-07, 1, -7.17118453508192e-08, 1.2293457984924316e-07, 9.685754776000977e-08, 0.22709333896636963, -0.9738730788230896, 6.705522537231445e-08, 0.9738730788230896, 0.22709327936172485),
            ["LeftHand"] = CFrame.new(-1.1175870895385742e-07, -1.1920928955078125e-07, -2.2351741790771484e-07, 0.846697211265564, 0.263327032327652, -0.462344765663147, -0.438977986574173, 0.8367487788200378, -0.3273375332355499, 0.3006695508956909, 0.4801149368286133, 0.8240677118301392),
            ["RightFoot"] = CFrame.new(6.891787052154541e-08, 2.980232238769531e-07, 4.639878170564771e-08, 0.9996436238288879, 0.02654232829809189, 0.002884435933083296, -0.020014017820358276, 0.8164764642715454, -0.5770310759544373, -0.017670882865786552, 0.5767683386802673, 0.8167172074317932),
            ["RightHand"] = CFrame.new(3.725290298461914e-07, 3.5762786865234375e-07, -3.2782554626464844e-07, 0.771210253238678, -0.261542409658432, 0.5803710222244263, 0.348461389541626, 0.9364240765571594, -0.041046932339668274, -0.5327377915382385, 0.23389269411563873, 0.813317060470581),
            ["RightLowerLeg"] = CFrame.new(6.891787052154541e-08, -0.0000036954879760742188, -0.0000133199428091757, 1, -5.085016141492815e-07, -5.541372729567229e-07, 4.805625053450058e-07, 0.00514067942276597, 0.9999868869781494, -6.072223754927109e-07, -0.9999867677688599, 0.0051409113220870495),
            ["RightUpperLeg"] = CFrame.new(0, 7.648486644029617e-08, 3.3694959711283445e-08, 0.967534065246582, -0.2489921599626541, -0.04336774721741676, 0.15433982014656067, 0.7179560661315918, -0.678762674331665, 0.20014271140098572, 0.6500323414802551, 0.7330760955810547),
            ["LeftLowerLeg"] = CFrame.new(6.705522537231445e-08, 0.0000040531158447265625, 0.000013399869203567505, 1, 1.1175870895385742e-07, 5.960465188081798e-08, -1.1175870895385742e-07, 0.07158197462558746, 0.9974347949028015, 1.0803341865539551e-07, -0.9974347949028015, 0.07158201187849045),
        }},
        {Time = 0.067, Data = {
            ["LeftFoot"] = CFrame.new(-3.725290298461914e-08, 1.1920928955078125e-07, 2.9802322387695312e-08, 0.9824486374855042, -0.16815486550331116, -0.0807378739118576, 0.12593181431293488, 0.9172245860099792, -0.37794241309165955, 0.13760757446289062, 0.3611414432525635, 0.9223020672798157),
            ["LeftLowerArm"] = CFrame.new(-8.344650268554688e-07, 3.5762786865234375e-07, -1.6391277313232422e-07, 1, -4.8428766774577525e-08, 2.3283050154532248e-08, -3.725287633926655e-09, 0.5087140798568726, -0.8609355092048645, 1.1548391398719104e-07, 0.8609355092048645, 0.5087140202522278),
            ["RightUpperArm"] = CFrame.new(-1.7881393432617188e-07, 0, 1.1175870895385742e-08, 0.7308365702629089, -0.6749746203422546, 0.10142610222101212, 0.6313595771789551, 0.6120535731315613, -0.4762096405029297, 0.25935113430023193, 0.4120677411556244, 0.8734627962112427),
            ["Head"] = CFrame.new(-3.864988684654236e-08, -3.5762786865234375e-07, 1.3737007975578308e-08, 0.9733831882476807, -0.15676485002040863, -0.1671827882528305, 0.15623736381530762, 0.9875836372375488, -0.016386577859520912, 0.16767586767673492, -0.010169776156544685, 0.9857897162437439),
            ["LowerTorso"] = CFrame.new(0.032701704651117325, -0.4492107629776001, -0.11381156742572784, 0.9841410517692566, 0.02819174714386463, -0.17513349652290344, -0.0642993301153183, 0.9768409132957458, -0.20407725870609283, 0.16532427072525024, 0.2121017575263977, 0.9631618857383728),
            ["UpperTorso"] = CFrame.new(-1.210719347000122e-08, -2.086162567138672e-07, 5.494803190231323e-08, 0.9661657214164734, -0.05882605165243149, 0.2511240541934967, 0.015598110854625702, 0.9851875901222229, 0.17076952755451202, -0.2574499547481537, -0.16107457876205444, 0.9527720808982849),
            ["HumanoidRootPart"] = CFrame.new(0, 0, 0, 1, 0, 0, 0, 1, 0, 0, 0, 1),
            ["LeftUpperLeg"] = CFrame.new(0, -5.494803190231323e-08, -7.450580596923828e-09, 0.9425301551818848, 0.3215962052345276, 0.09062504768371582, -0.22564028203487396, 0.8126934766769409, -0.537229597568512, -0.2464214712381363, 0.4859066903591156, 0.838553249835968),
            ["LeftUpperArm"] = CFrame.new(-1.1920928955078125e-07, 1.1920928955078125e-07, -1.4901161193847656e-08, 0.6978561282157898, 0.5245737433433533, -0.4876672625541687, -0.7159983515739441, 0.528552234172821, -0.45604705810546875, 0.018527310341596603, 0.6674241423606873, 0.7444473505020142),
            ["RightLowerArm"] = CFrame.new(7.748603820800781e-07, 3.5762786865234375e-07, -2.086162567138672e-07, 1, -1.0896474123001099e-07, 1.0430816388407038e-07, 6.705524668859653e-08, 0.23826563358306885, -0.9712001085281372, 8.940699558479537e-08, 0.9712000489234924, 0.23826564848423004),
            ["LeftHand"] = CFrame.new(-3.725290298461914e-08, -1.1920928955078125e-07, 1.7881393432617188e-07, 0.8246564269065857, 0.2588762938976288, -0.502916693687439, -0.46068331599235535, 0.8232862949371338, -0.33161798119544983, 0.32819637656211853, 0.5051561594009399, 0.7981882691383362),
            ["RightFoot"] = CFrame.new(2.6542693376541138e-08, 4.76837158203125e-07, 9.145878721028566e-09, 0.9996535181999207, 0.026254205033183098, 0.0019469158723950386, -0.020101848989725113, 0.8089639544487, -0.5875140428543091, -0.016999725252389908, 0.5872717499732971, 0.8092116117477417),
            ["RightHand"] = CFrame.new(9.387731552124023e-07, 2.384185791015625e-07, -5.066394805908203e-07, 0.7845104932785034, -0.267022043466568, 0.5596807599067688, 0.33216631412506104, 0.9430909156799316, -0.015655120834708214, -0.5236496925354004, 0.1981886774301529, 0.8285605311393738),
            ["RightLowerLeg"] = CFrame.new(7.450580596923828e-09, -0.0000036954879760742188, -0.000013096425391267985, 1, -3.6321566199148947e-07, -4.218892684093589e-07, 4.0605658568892977e-07, 0.05333637073636055, 0.9985765814781189, -3.5576519508140336e-07, -0.9985766410827637, 0.053336579352617264),
            ["RightUpperLeg"] = CFrame.new(-2.9802322387695312e-08, -4.889443516731262e-08, 7.617927622050047e-09, 0.9573450088500977, -0.2697572410106659, -0.10354485362768173, 0.1424158811569214, 0.752318799495697, -0.643221914768219, 0.2514125406742096, 0.6010387539863586, 0.7586463093757629),
            ["LeftLowerLeg"] = CFrame.new(-8.940696716308594e-08, 0.000003874301910400391, 0.000013288110494613647, 1, 1.1175876579727628e-07, 1.7136335372924805e-07, -1.4901162614933128e-07, 0.026769932359457016, 0.9996416568756104, 1.788139627478813e-07, -0.9996416568756104, 0.026769764721393585),
        }},
        {Time = 0.100, Data = {
            ["LeftFoot"] = CFrame.new(5.587935447692871e-09, -5.960464477539063e-08, -1.4901161193847656e-08, 0.9811906218528748, -0.17041493952274323, -0.09068531543016434, 0.1295478492975235, 0.9295628070831299, -0.34515267610549927, 0.14311684668064117, 0.32691261172294617, 0.9341552257537842),
            ["LeftLowerArm"] = CFrame.new(-3.5762786865234375e-07, -9.5367431640625e-07, 4.172325134277344e-07, 1, -8.195638656616211e-08, 7.450578820566989e-09, 1.0244543346971113e-07, 0.3626982569694519, -0.9319067001342773, 6.705519695060502e-08, 0.9319067001342773, 0.3626982867717743),
            ["RightUpperArm"] = CFrame.new(0, -1.1920928955078125e-07, -3.725290298461914e-08, 0.8062864542007446, -0.5400261282920837, 0.24140048027038574, 0.565875768661499, 0.5853005051612854, -0.5806959867477417, 0.17229920625686646, 0.6048099398612976, 0.7775076627731323),
            ["Head"] = CFrame.new(-2.444721758365631e-08, -4.76837158203125e-07, 2.3283064365386963e-10, 0.9767129421234131, -0.21310117840766907, -0.024897102266550064, 0.2125885933637619, 0.9769005179405212, -0.021714743226766586, 0.028949441388249397, 0.01591622829437256, 0.999454140663147),
            ["LowerTorso"] = CFrame.new(0.044871944934129715, -0.4186440706253052, -0.12264570593833923, 0.9943535327911377, 0.026760738343000412, -0.10268916934728622, -0.0467151440680027, 0.9792587161064148, -0.19715498387813568, 0.09528325498104095, 0.2008388638496399, 0.9749795198440552),
            ["UpperTorso"] = CFrame.new(9.313225746154785e-10, -4.172325134277344e-07, -2.2351741790771484e-08, 0.9984909892082214, -0.039605043828487396, 0.03804321214556694, 0.033904727548360825, 0.9895306825637817, 0.1402837336063385, -0.04320088028907776, -0.13878217339515686, 0.9893802404403687),
            ["HumanoidRootPart"] = CFrame.new(0, 0, 0, 1, 0, 0, 0, 1, 0, 0, 0, 1),
            ["LeftUpperLeg"] = CFrame.new(5.960464477539063e-08, -3.343448042869568e-07, 1.4901161193847656e-08, 0.940108597278595, 0.33711934089660645, 0.05046224221587181, -0.24346241354942322, 0.7676666975021362, -0.5928016901016235, -0.23858310282230377, 0.5450124144554138, 0.8037660717964172),
            ["LeftUpperArm"] = CFrame.new(-2.384185791015625e-07, -2.384185791015625e-07, -3.5390257835388184e-08, 0.6783819794654846, 0.6785615086555481, -0.28169503808021545, -0.7324123978614807, 0.5942856073379517, -0.33226001262664795, -0.058051545172929764, 0.4317162036895752, 0.900139570236206),
            ["RightLowerArm"] = CFrame.new(-9.834766387939453e-07, -1.7881393432617188e-07, -2.682209014892578e-07, 1, -1.18830925543989e-07, 2.980232949312267e-08, 7.4505820180093e-08, 0.31837981939315796, -0.9479632377624512, 5.960465898624534e-08, 0.9479632377624512, 0.31837981939315796),
            ["LeftHand"] = CFrame.new(-8.791685104370117e-07, -2.980232238769531e-07, -3.427267074584961e-07, 0.7608858346939087, 0.24835297465324402, -0.5994777679443359, -0.5021448135375977, 0.8104969263076782, -0.301571786403656, 0.41097864508628845, 0.5304862260818481, 0.74140465259552),
            ["RightFoot"] = CFrame.new(-5.122274160385132e-09, 2.384185791015625e-07, 1.0600342648103833e-07, 0.9995522499084473, 0.02990133687853813, 0.0011262951884418726, -0.023379480466246605, 0.8039239645004272, -0.5942718982696533, -0.01867511495947838, 0.5939801335334778, 0.8042634725570679),
            ["RightHand"] = CFrame.new(6.854534149169922e-07, 4.172325134277344e-07, -3.2782554626464844e-07, 0.7735347151756287, -0.2853279411792755, 0.5658904910087585, 0.3455391526222229, 0.9384040236473083, 0.0008239648886956275, -0.5312690138816833, 0.19489996135234833, 0.8244799971580505),
            ["RightLowerLeg"] = CFrame.new(-2.9802322387695312e-08, -0.0000035762786865234375, -0.000013245437003206462, 1, -1.9557769803668634e-07, -1.8253938094403566e-07, 2.1047890186309814e-07, 0.1160322055220604, 0.9932454228401184, -1.993030309677124e-07, -0.993245542049408, 0.11603248864412308),
            ["RightUpperLeg"] = CFrame.new(5.960464477539063e-08, -3.25031578540802e-07, 2.0656443666666746e-08, 0.9392271041870117, -0.29569825530052185, -0.17439864575862885, 0.13857482373714447, 0.7913466095924377, -0.5954554677009583, 0.31408512592315674, 0.5351009368896484, 0.7842307686805725),
            ["LeftLowerLeg"] = CFrame.new(1.043081283569336e-07, 0.000003814697265625, 0.000013265758752822876, 1, 9.685754776000977e-08, 8.940698847936801e-08, -5.960463766996327e-08, 0.0034409798681735992, 0.999994158744812, 1.0430811414607888e-07, -0.999994158744812, 0.0034410739317536354),
        }},
        {Time = 0.133, Data = {
            ["LeftFoot"] = CFrame.new(-7.82310962677002e-08, 5.960464477539063e-08, 1.4901161193847656e-08, 0.9858566522598267, -0.15053175389766693, -0.07366707921028137, 0.11270621418952942, 0.9208284020423889, -0.37332603335380554, 0.12403228133916855, 0.3597433567047119, 0.924770712852478),
            ["LeftLowerArm"] = CFrame.new(-5.066394805908203e-07, -1.1920928955078125e-07, 2.384185791015625e-07, 1, -6.379560346658764e-08, 1.1175867342672063e-08, 1.0058278832048018e-07, 0.29622361063957214, -0.9551186561584473, 6.705519695060502e-08, 0.9551186561584473, 0.29622364044189453),
            ["RightUpperArm"] = CFrame.new(0, -1.1920928955078125e-07, -4.470348358154297e-08, 0.866504430770874, -0.3368407189846039, 0.36838650703430176, 0.4976758062839508, 0.5259177684783936, -0.6897314786911011, 0.03858857974410057, 0.7809922695159912, 0.6233474612236023),
            ["Head"] = CFrame.new(-2.8870999813079834e-08, 2.384185791015625e-07, -4.190951585769653e-08, 0.9620989561080933, -0.23439504206180573, 0.139372318983078, 0.2394004762172699, 0.9707136154174805, -0.020064853131771088, -0.13058748841285706, 0.052670180797576904, 0.9900368452072144),
            ["LowerTorso"] = CFrame.new(0.05613462254405022, -0.39268815517425537, -0.13252630829811096, 0.9984844923019409, 0.025676503777503967, -0.04867859557271004, -0.03462483733892441, 0.9805907011032104, -0.1929846853017807, 0.04277860373258591, 0.19437770545482635, 0.9799935221672058),
            ["UpperTorso"] = CFrame.new(-4.889443516731262e-09, -5.066394805908203e-07, 2.3283064365386963e-10, 0.9821745157241821, -0.03063387982547283, -0.18545833230018616, 0.05175554007291794, 0.9925674200057983, 0.11014212667942047, 0.18070583045482635, -0.11777729541063309, 0.9764599204063416),
            ["HumanoidRootPart"] = CFrame.new(0, 0, 0, 1, 0, 0, 0, 1, 0, 0, 0, 1),
            ["LeftUpperLeg"] = CFrame.new(0, -2.766028046607971e-07, 5.21540641784668e-08, 0.9248062372207642, 0.3744146227836609, 0.06743193417787552, -0.25562584400177, 0.7428340911865234, -0.6187513470649719, -0.2817603051662445, 0.5549876093864441, 0.7826875448226929),
            ["LeftUpperArm"] = CFrame.new(-3.5762786865234375e-07, 8.344650268554688e-07, -1.4901161193847656e-08, 0.6488803625106812, 0.7608823776245117, -0.0035189958289265633, -0.7381278872489929, 0.6283392310142517, -0.24567659199237823, -0.18471986055374146, 0.16201220452785492, 0.9693454504013062),
            ["RightLowerArm"] = CFrame.new(7.748603820800781e-07, 7.152557373046875e-07, 1.043081283569336e-07, 1, -5.960465898624534e-08, 1.4901164746561335e-08, 8.940698847936801e-08, 0.4550653100013733, -0.8904581069946289, 5.960465898624534e-08, 0.8904581069946289, 0.4550653398036957),
            ["LeftHand"] = CFrame.new(-6.705522537231445e-07, -1.1920928955078125e-07, -2.60770320892334e-07, 0.6918652057647705, 0.21957382559776306, -0.6878300905227661, -0.5305998921394348, 0.8006994724273682, -0.27810803055763245, 0.48967987298965454, 0.5573757886886597, 0.67048180103302),
            ["RightFoot"] = CFrame.new(-1.1827796697616577e-07, 3.5762786865234375e-07, 1.6596459317952394e-08, 0.9994819164276123, 0.032184768468141556, 0.00029421038925647736, -0.02563399076461792, 0.8015103936195374, -0.5974306464195251, -0.019463980570435524, 0.5971141457557678, 0.8019206523895264),
            ["RightHand"] = CFrame.new(4.917383193969727e-07, -3.5762786865234375e-07, -4.470348358154297e-07, 0.7424788475036621, -0.3130509555339813, 0.5922199487686157, 0.393432080745697, 0.9193247556686401, -0.00729376170784235, -0.5421590805053711, 0.23841381072998047, 0.805743396282196),
            ["RightLowerLeg"] = CFrame.new(-1.3783574104309082e-07, -0.000003814697265625, -0.000013439152098726481, 1, -4.6938646391936345e-07, -3.892932056714926e-07, 5.029142471357773e-07, 0.1702941656112671, 0.9853932857513428, -4.228205057188461e-07, -0.9853932857513428, 0.1702946573495865),
            ["RightUpperLeg"] = CFrame.new(-2.9802322387695312e-08, -5.029141902923584e-08, 1.879379851743579e-08, 0.9217963218688965, -0.3098568618297577, -0.23298116028308868, 0.136760875582695, 0.8222444653511047, -0.5524585247039795, 0.3627506196498871, 0.4773915708065033, 0.8003183007240295),
            ["LeftLowerLeg"] = CFrame.new(0, 0.000003933906555175781, 0.000013357028365135193, 1, 1.5180556545146828e-07, 1.6391281576488836e-07, -1.7881393432617188e-07, -0.00017806420510169119, 1, 1.8347054719924927e-07, -1, -0.00017807963013183326),
        }},
        {Time = 0.167, Data = {
            ["LeftFoot"] = CFrame.new(1.1175870895385742e-08, -1.1920928955078125e-07, -4.470348358154297e-08, 0.9932191967964172, -0.10851284861564636, -0.04172152280807495, 0.07846581190824509, 0.8905068039894104, -0.44815242290496826, 0.0857837125658989, 0.4418400526046753, 0.892983078956604),
            ["LeftLowerArm"] = CFrame.new(5.960464477539062e-07, 2.384185791015625e-07, 2.682209014892578e-07, 1, -9.685752644372769e-08, 7.601918383670636e-08, 1.0803340444454079e-07, 0.3384719491004944, -0.9409765005111694, 5.215405707303944e-08, 0.9409764409065247, 0.338471919298172),
            ["RightUpperArm"] = CFrame.new(-1.1920928955078125e-07, -3.5762786865234375e-07, -5.960464477539063e-08, 0.879811704158783, -0.17624367773532867, 0.4414403736591339, 0.47002363204956055, 0.46087366342544556, -0.7527771592140198, -0.07077609747648239, 0.8697894215583801, 0.4883207678794861),
            ["Head"] = CFrame.new(-2.7939677238464355e-08, 0, -2.9802322387695312e-08, 0.9444815516471863, -0.2211233377456665, 0.2430209368467331, 0.2310933768749237, 0.9728454947471619, -0.01293947547674179, -0.23356062173843384, 0.06838163733482361, 0.9699348211288452),
            ["LowerTorso"] = CFrame.new(0.06407102942466736, -0.38157403469085693, -0.14244668185710907, 0.9985437989234924, 0.023032043129205704, -0.0487847626209259, -0.03187815845012665, 0.9814317226409912, -0.1891443282365799, 0.04352252930402756, 0.19042402505874634, 0.9807367920875549),
            ["UpperTorso"] = CFrame.new(-1.6298145055770874e-09, -1.7881393432617188e-07, 6.332993507385254e-08, 0.9537464380264282, -0.030202990397810936, -0.2990913689136505, 0.0589912123978138, 0.9943991899490356, 0.08769505470991135, 0.2947675585746765, -0.10128256678581238, 0.9501862525939941),
            ["HumanoidRootPart"] = CFrame.new(0, 0, 0, 1, 0, 0, 0, 1, 0, 0, 0, 1),
            ["LeftUpperLeg"] = CFrame.new(2.9802322387695312e-08, 8.847564458847046e-08, 6.891787052154541e-08, 0.8890575766563416, 0.43272536993026733, 0.14941702783107758, -0.26048094034194946, 0.7465620636940002, -0.6122045516967773, -0.37646570801734924, 0.5053650140762329, 0.7764534950256348),
            ["LeftUpperArm"] = CFrame.new(-2.384185791015625e-07, -1.1920928955078125e-07, 2.9802322387695312e-08, 0.6072385311126709, 0.7774016261100769, 0.16403670608997345, -0.7419690489768982, 0.6286962628364563, -0.2328583151102066, -0.28415367007255554, 0.019690413028001785, 0.9585765600204468),
            ["RightLowerArm"] = CFrame.new(1.1920928955078125e-07, 5.364418029785156e-07, -4.470348358154297e-08, 1, -5.587935447692871e-08, 7.450580596923828e-09, 1.043081283569336e-07, 0.5781946182250977, -0.8158988952636719, 7.450580596923828e-08, 0.8158989548683167, 0.5781946182250977),
            ["LeftHand"] = CFrame.new(-4.023313522338867e-07, -2.384185791015625e-07, 3.534369170665741e-07, 0.6554411053657532, 0.1995207816362381, -0.7284149527549744, -0.5355706810951233, 0.8028147220611572, -0.26201653480529785, 0.5325044393539429, 0.5618540644645691, 0.6330552101135254),
            ["RightFoot"] = CFrame.new(2.6542693376541138e-08, 2.980232238769531e-07, 9.110226528719068e-08, 0.9995981454849243, 0.028349678963422775, -0.000006380663307936629, -0.02274707518517971, 0.8019236922264099, -0.5969931483268738, -0.016919368878006935, 0.5967535376548767, 0.8022463917732239),
            ["RightHand"] = CFrame.new(6.109476089477539e-07, 5.960464477539063e-08, -4.6193599700927734e-07, 0.7190009355545044, -0.33208438754081726, 0.6105390191078186, 0.4463343024253845, 0.8940002918243408, -0.03936072438955307, -0.5327508449554443, 0.3008047938346863, 0.7910075783729553),
            ["RightLowerLeg"] = CFrame.new(-5.029141902923584e-08, -0.0000036954879760742188, -0.000013200733519624919, 1, -5.718317197533906e-07, -4.619359401658585e-07, 4.936009077027848e-07, 0.19197271764278412, 0.9814002513885498, -4.172324565843155e-07, -0.9814003109931946, 0.19197297096252441),
            ["RightUpperLeg"] = CFrame.new(-2.9802322387695312e-08, -1.1175870895385742e-08, 4.1145540308207273e-08, 0.9200212955474854, -0.30361664295196533, -0.2477453052997589, 0.13001315295696259, 0.8329049944877625, -0.5379272103309631, 0.36967211961746216, 0.46269458532333374, 0.8057646751403809),
            ["LeftLowerLeg"] = CFrame.new(5.960464477539063e-08, 0.0000040531158447265625, 0.000013209879398345947, 1, 7.450578820566989e-09, 0, 0, 0.01571035012602806, 0.9998766779899597, -3.725290298461914e-08, -0.9998766183853149, 0.015710584819316864),
        }},
        {Time = 0.200, Data = {
            ["LeftFoot"] = CFrame.new(-4.842877388000488e-08, -5.960464477539063e-08, 0, 0.9978687763214111, -0.06295875459909439, -0.01715509407222271, 0.04445411637425423, 0.8483371138572693, -0.5275872349739075, 0.04776938259601593, 0.5256999731063843, 0.8493276238441467),
            ["LeftLowerArm"] = CFrame.new(2.384185791015625e-07, 1.7881393432617188e-07, 2.384185791015625e-07, 1, -5.960465898624534e-08, 6.146727571376687e-08, 4.4703494239684005e-08, 0.4327501952648163, -0.9015138745307922, 2.980232949312267e-08, 0.9015139937400818, 0.4327501654624939),
            ["RightUpperArm"] = CFrame.new(-5.960464477539063e-08, -7.152557373046875e-07, 2.9802322387695312e-08, 0.8587327003479004, -0.17103257775306702, 0.48303842544555664, 0.5047109127044678, 0.44524499773979187, -0.7396106123924255, -0.08857312053442001, 0.8789225220680237, 0.4686683714389801),
            ["Head"] = CFrame.new(-9.313225746154785e-09, -3.5762786865234375e-07, -1.4901161193847656e-08, 0.9560316205024719, -0.18782487511634827, 0.22522352635860443, 0.1930277943611145, 0.9811927080154419, -0.0011024255072697997, -0.22078058123588562, 0.044528380036354065, 0.9743065237998962),
            ["LowerTorso"] = CFrame.new(0.06448031961917877, -0.38795435428619385, -0.152405247092247, 0.9937028288841248, 0.02013537660241127, -0.11022444069385529, -0.040534332394599915, 0.9816951751708984, -0.18609556555747986, 0.10445970296859741, 0.18939155340194702, 0.9763294458389282),
            ["UpperTorso"] = CFrame.new(1.862645149230957e-08, -5.364418029785156e-07, 2.7008354663848877e-08, 0.9709552526473999, -0.03635020554065704, -0.23648416996002197, 0.05671227350831032, 0.9951902031898499, 0.07987725734710693, 0.2324431985616684, -0.09096880257129669, 0.9683464765548706),
            ["HumanoidRootPart"] = CFrame.new(0, 0, 0, 1, 0, 0, 0, 1, 0, 0, 0, 1),
            ["LeftUpperLeg"] = CFrame.new(0, -2.3562461137771606e-07, 5.587935447692871e-08, 0.8339897990226746, 0.48019614815711975, 0.2717958092689514, -0.26021140813827515, 0.7766408324241638, -0.5736888647079468, -0.48657089471817017, 0.4077264368534088, 0.7726630568504333),
            ["LeftUpperArm"] = CFrame.new(-2.384185791015625e-07, 0, -5.960464477539063e-08, 0.60545814037323, 0.7866294384002686, 0.12097406387329102, -0.7360845804214478, 0.6112672686576843, -0.2907433807849884, -0.30265480279922485, 0.08698586374521255, 0.9491226077079773),
            ["RightLowerArm"] = CFrame.new(2.980232238769531e-07, 2.980232238769531e-07, 5.885958671569824e-07, 1, -3.725289587919178e-08, -1.4901161193847656e-08, 1.1920928955078125e-07, 0.6134654879570007, -0.7897214889526367, 7.450580596923828e-08, 0.7897215485572815, 0.6134656071662903),
            ["LeftHand"] = CFrame.new(-8.344650268554688e-07, -2.384185791015625e-07, -1.601874828338623e-07, 0.6490962505340576, 0.21857717633247375, -0.7286274433135986, -0.5207883715629578, 0.8258556723594666, -0.21619898080825806, 0.5544848442077637, 0.5197945833206177, 0.6498923897743225),
            ["RightFoot"] = CFrame.new(1.30385160446167e-08, 3.5762786865234375e-07, 2.4047039914876223e-08, 0.9997785091400146, 0.021047178655862808, 0.0003026431950274855, -0.016779139637947083, 0.8055548071861267, -0.5922833681106567, -0.012709683738648891, 0.5921473503112793, 0.8057297468185425),
            ["RightHand"] = CFrame.new(4.172325134277344e-07, 1.7881393432617188e-07, -1.043081283569336e-07, 0.7266514897346497, -0.3311476409435272, 0.6019293665885925, 0.46090173721313477, 0.8847112059593201, -0.06968419998884201, -0.5094578266143799, 0.3280663788318634, 0.7955031991004944),
            ["RightLowerLeg"] = CFrame.new(-1.1362135410308838e-07, -0.000003933906555175781, -0.000013245437003206462, 1, -4.50759955583635e-07, -3.585593617572158e-07, 4.4889748096466064e-07, 0.17286808788776398, 0.9849449992179871, -3.7159770727157593e-07, -0.9849449992179871, 0.17286822199821472),
            ["RightUpperLeg"] = CFrame.new(5.960464477539063e-08, -2.0954757928848267e-07, 1.6931153368204832e-08, 0.9379425048828125, -0.2796247899532318, -0.205119326710701, 0.12172362208366394, 0.8193010687828064, -0.5602936744689941, 0.32472649216651917, 0.5005554556846619, 0.8024942278862),
            ["LeftLowerLeg"] = CFrame.new(1.341104507446289e-07, 0.000003635883331298828, 0.000013336539268493652, 1, -1.4901161193847656e-08, -6.705519695060502e-08, 2.980232594040899e-08, 0.06187489628791809, 0.9980839490890503, -2.980232594040899e-08, -0.9980839490890503, 0.061874859035015106),
        }},
        {Time = 0.233, Data = {
            ["LeftFoot"] = CFrame.new(-7.82310962677002e-08, 0, 3.725290298461914e-08, 0.9988529086112976, -0.04747055098414421, -0.006291445344686508, 0.03488398343324661, 0.8113498687744141, -0.5835189819335938, 0.032804444432258606, 0.5826302170753479, 0.812075138092041),
            ["LeftLowerArm"] = CFrame.new(-7.748603820800781e-07, -5.960464477539063e-08, 2.086162567138672e-07, 1, -8.195637946073475e-08, 5.727629570628778e-08, 5.9604616353681195e-08, 0.5886832475662231, -0.8083637952804565, 4.4703462265260896e-08, 0.8083637952804565, 0.5886831879615784),
            ["RightUpperArm"] = CFrame.new(-5.960464477539063e-08, -3.5762786865234375e-07, -2.9802322387695312e-08, 0.8165479898452759, -0.3301756978034973, 0.47353291511535645, 0.577056884765625, 0.48952847719192505, -0.6537333726882935, -0.015961069613695145, 0.8070599436759949, 0.5902537107467651),
            ["Head"] = CFrame.new(-3.306195139884949e-08, 2.384185791015625e-07, -7.450580596923828e-09, 0.9852981567382812, -0.1470358967781067, 0.08699539303779602, 0.14656604826450348, 0.9891304969787598, 0.011799352243542671, -0.08778471499681473, 0.0011246836511418223, 0.996138870716095),
            ["LowerTorso"] = CFrame.new(0.05514788255095482, -0.40878140926361084, -0.16252374649047852, 0.9793230891227722, 0.017578743398189545, -0.2015376091003418, -0.05626023933291435, 0.9805845022201538, -0.18785330653190613, 0.19432242214679718, 0.19530761241912842, 0.9612979888916016),
            ["UpperTorso"] = CFrame.new(-1.862645149230957e-09, -2.086162567138672e-07, -7.636845111846924e-08, 0.9990280866622925, -0.03955259919166565, -0.0194547101855278, 0.04116104915738106, 0.9950239658355713, 0.09073653072118759, 0.015769055113196373, -0.09144913405179977, 0.9956849813461304),
            ["HumanoidRootPart"] = CFrame.new(0, 0, 0, 1, 0, 0, 0, 1, 0, 0, 0, 1),
            ["LeftUpperLeg"] = CFrame.new(0, -1.2945383787155151e-07, -4.470348358154297e-08, 0.784125566482544, 0.489243745803833, 0.38182157278060913, -0.26052096486091614, 0.817902684211731, -0.5129950642585754, -0.5632725358009338, 0.3027799427509308, 0.7687966823577881),
            ["LeftUpperArm"] = CFrame.new(-2.384185791015625e-07, 3.5762786865234375e-07, -7.450580596923828e-08, 0.6513711810112, 0.7506394386291504, -0.11070737987756729, -0.7159638404846191, 0.5597467422485352, -0.4172283709049225, -0.2512199282646179, 0.35103291273117065, 0.9020335674285889),
            ["RightLowerArm"] = CFrame.new(4.172325134277344e-07, 0.0000013113021850585938, -9.685754776000977e-08, 1, -9.220094909778709e-08, 2.980232949312267e-08, 1.0430814256778831e-07, 0.5357488989830017, -0.844377338886261, 1.4901162970204496e-08, 0.8443773984909058, 0.5357489585876465),
            ["LeftHand"] = CFrame.new(-2.682209014892578e-07, -1.7881393432617188e-07, -3.725290298461914e-08, 0.6728134751319885, 0.2517216205596924, -0.6956711411476135, -0.5026643872261047, 0.8454881906509399, -0.18021701276302338, 0.5428172945976257, 0.47094154357910156, 0.6953873038291931),
            ["RightFoot"] = CFrame.new(9.918585419654846e-08, 2.980232238769531e-07, 6.129994289949536e-08, 0.9998027682304382, 0.01984381675720215, 0.0008783956873230636, -0.01556878350675106, 0.810337245464325, -0.5857568383216858, -0.01233529020100832, 0.5856279134750366, 0.8104864358901978),
            ["RightHand"] = CFrame.new(0.0000010579824447631836, -2.384185791015625e-07, -1.4901161193847656e-07, 0.751904308795929, -0.31848636269569397, 0.5772402882575989, 0.4322595000267029, 0.8992646336555481, -0.06689468771219254, -0.4977867305278778, 0.2998160719871521, 0.8138296604156494),
            ["RightLowerLeg"] = CFrame.new(1.6763806343078613e-08, -0.0000035762786865234375, -0.000013334843970369548, 1, -3.7252889661942845e-09, -1.2200329990719183e-07, 7.078051567077637e-08, 0.12483781576156616, 0.9921771287918091, -6.705522537231445e-08, -0.9921771883964539, 0.12483803182840347),
            ["RightUpperLeg"] = CFrame.new(0, -7.35744833946228e-08, -7.620110409334302e-08, 0.9613456726074219, -0.24501770734786987, -0.12562234699726105, 0.12262187898159027, 0.7894680500030518, -0.6014184355735779, 0.2465328574180603, 0.5627667903900146, 0.7889962196350098),
            ["LeftLowerLeg"] = CFrame.new(0, 0.0000037550926208496094, 0.000013306736946105957, 1, -2.9802315282267955e-08, -4.4703490686970326e-08, -1.4901162970204496e-08, 0.1310996264219284, 0.9913692474365234, -8.940698137394065e-08, -0.9913691878318787, 0.13109968602657318),
        }},
        {Time = 0.267, Data = {
            ["LeftFoot"] = CFrame.new(-4.0978193283081055e-08, -1.7881393432617188e-07, 3.725290298461914e-08, 0.9965630173683167, -0.08283789455890656, 0.0002651275717653334, 0.06516607850790024, 0.7819831371307373, -0.6198835372924805, 0.05114251747727394, 0.6177703738212585, 0.7846937775611877),
            ["LeftLowerArm"] = CFrame.new(3.5762786865234375e-07, 2.384185791015625e-07, 5.960464477539063e-08, 1, -2.6077040971017595e-08, 9.313226634333205e-09, 2.9802322387695312e-08, 0.8196703791618347, -0.5728355050086975, 2.9802322387695312e-08, 0.5728355646133423, 0.8196703791618347),
            ["RightUpperArm"] = CFrame.new(-1.7881393432617188e-07, -5.960464477539062e-07, -4.470348358154297e-08, 0.7665694952011108, -0.5330355763435364, 0.35811227560043335, 0.63474440574646, 0.544439435005188, -0.5483477115631104, 0.09731835871934891, 0.6476564407348633, 0.7556920051574707),
            ["Head"] = CFrame.new(-2.468004822731018e-08, 0, -9.918585419654846e-08, 0.9886988997459412, -0.10914953052997589, -0.10276613384485245, 0.11225411295890808, 0.9933673143386841, 0.024910494685173035, 0.09936553239822388, -0.03616490215063095, 0.9943936467170715),
            ["LowerTorso"] = CFrame.new(0.03860287368297577, -0.44001805782318115, -0.17284166812896729, 0.9625762701034546, 0.011370707303285599, -0.27077266573905945, -0.06641031801700592, 0.9785542488098145, -0.19499066472053528, 0.2627485692501068, 0.20567545294761658, 0.9426881670951843),
            ["UpperTorso"] = CFrame.new(2.7939677238464355e-08, -4.76837158203125e-07, -2.7008354663848877e-08, 0.9719921350479126, -0.03207950294017792, 0.2328137755393982, 0.007476326543837786, 0.9943593740463257, 0.10579970479011536, -0.2348945289850235, -0.10109587758779526, 0.9667493104934692),
            ["HumanoidRootPart"] = CFrame.new(0, 0, 0, 1, 0, 0, 0, 1, 0, 0, 0, 1),
            ["LeftUpperLeg"] = CFrame.new(0, -3.4924596548080444e-08, 1.4901161193847656e-08, 0.7693769335746765, 0.4713081121444702, 0.43119364976882935, -0.2639025151729584, 0.8492265343666077, -0.4573509395122528, -0.5817341804504395, 0.23808206617832184, 0.7777546644210815),
            ["LeftUpperArm"] = CFrame.new(-2.384185791015625e-07, -1.1920928955078125e-07, -6.05359673500061e-08, 0.7094444036483765, 0.5837104320526123, -0.3949315845966339, -0.6843823790550232, 0.43681401014328003, -0.5837931036949158, -0.16825442016124725, 0.6844528913497925, 0.7093762755393982),
            ["RightLowerArm"] = CFrame.new(-8.940696716308594e-07, 7.748603820800781e-07, -5.364418029785156e-07, 1, -5.5879347371501353e-08, 2.980232594040899e-08, 1.0430814256778831e-07, 0.4115864038467407, -0.9113708138465881, 5.960465188081798e-08, 0.9113708138465881, 0.4115864634513855),
            ["LeftHand"] = CFrame.new(-1.9371509552001953e-07, -1.7881393432617188e-07, -6.705522537231445e-08, 0.705580472946167, 0.2601169943809509, -0.6591626405715942, -0.5189257264137268, 0.823112964630127, -0.23065368831157684, 0.4825683832168579, 0.5048012733459473, 0.7157537937164307),
            ["RightFoot"] = CFrame.new(5.3551048040390015e-08, 3.5762786865234375e-07, -4.300818545743823e-08, 0.9995430707931519, 0.03015243634581566, 0.002133834408596158, -0.02319650910794735, 0.8103858828544617, -0.5854370594024658, -0.019381655380129814, 0.5851200819015503, 0.8107151389122009),
            ["RightHand"] = CFrame.new(7.301568984985352e-07, -3.5762786865234375e-07, -5.960464477539063e-08, 0.7686330080032349, -0.30212441086769104, 0.5638476610183716, 0.39462631940841675, 0.9176777601242065, -0.04623584449291229, -0.5034614205360413, 0.258047491312027, 0.8245836496353149),
