return {
    ["Hooray"] = {
        {Time = 0.000, Data = {
            ["LeftFoot"] = CFrame.new(2.3283064365386963e-09, 5.960464477539063e-08, 2.2351741790771484e-08, 0.9989668130874634, -0.022159526124596596, -0.039679694920778275, 0.006638653576374054, 0.9348617792129517, -0.354949951171875, 0.044960662722587585, 0.35431987047195435, 0.9340428709983826),
            ["LeftLowerArm"] = CFrame.new(2.682209014892578e-07, 2.980232238769531e-07, -2.086162567138672e-07, 1, -3.725290298461914e-09, -1.7462298274040222e-08, 5.587936335871291e-09, 0.9999867677688599, -0.005153978709131479, -2.0489098417897367e-08, 0.005154015496373177, 0.9999867677688599),
            ["RightUpperArm"] = CFrame.new(-5.960464477539063e-08, 0, -2.9802322387695312e-08, 0.09943908452987671, -0.11957390606403351, 0.9878329634666443, 0.5686434507369995, -0.8078432679176331, -0.15502861142158508, 0.8165515661239624, 0.577140748500824, -0.012336323969066143),
            ["Head"] = CFrame.new(4.6566128730773926e-09, -2.384185791015625e-07, -1.3969838619232178e-08, 0.9680289030075073, -0.23923534154891968, -0.07540984451770782, 0.22955243289470673, 0.9660964608192444, -0.11816711723804474, 0.1011229082942009, 0.09707881510257721, 0.9901262521743774),
            ["RightHand"] = CFrame.new(5.960464477539063e-08, 0, 4.3213367462158203e-07, 0.8316454887390137, -0.24729636311531067, 0.4972028136253357, 0.44646960496902466, 0.8301746845245361, -0.33387863636016846, -0.3301979899406433, 0.49965447187423706, 0.8008211851119995),
            ["UpperTorso"] = CFrame.new(-1.30385160446167e-08, -1.4901161193847656e-07, -5.704350769519806e-09, 0.9923065900802612, -0.11903455853462219, -0.034038297832012177, 0.12324222922325134, 0.9759235978126526, 0.17995688319206238, 0.011797698214650154, -0.1827673465013504, 0.9830854535102844),
            ["HumanoidRootPart"] = CFrame.new(0, 0, 0, 1, 0, 0, 0, 1, 0, 0, 0, 1),
            ["LeftUpperLeg"] = CFrame.new(-5.960464477539063e-08, -3.520399332046509e-07, 1.4901161193847656e-08, 0.9975437521934509, -0.06188584864139557, 0.032813530415296555, 0.0693054050207138, 0.9399744272232056, -0.33413323760032654, -0.010165810585021973, 0.33558666706085205, 0.941954493522644),
            ["LeftUpperArm"] = CFrame.new(2.980232238769531e-07, 0, 4.470348358154297e-08, 0.11209127306938171, 0.982180655002594, -0.15085335075855255, -0.15354493260383606, -0.13286736607551575, -0.9791681170463562, -0.981763482093811, 0.13291901350021362, 0.1359155923128128),
            ["RightLowerArm"] = CFrame.new(4.76837158203125e-07, -7.152557373046875e-07, -4.0978193283081055e-08, 1, -5.960464477539063e-08, -5.960465188081798e-08, 7.601921225841579e-08, 0.5806722044944763, -0.81413733959198, 7.450581485102248e-09, 0.8141374588012695, 0.5806725025177002),
            ["LeftHand"] = CFrame.new(5.21540641784668e-08, 0, 4.76837158203125e-07, 0.9188928604125977, 0.2810261845588684, 0.27687618136405945, -0.1845404952764511, 0.9265002608299255, -0.32793617248535156, -0.3486843407154083, 0.2502433657646179, 0.9032150506973267),
            ["RightFoot"] = CFrame.new(4.842877388000488e-08, 3.5762786865234375e-07, -2.257729647681117e-08, 0.9136454463005066, 0.052032917737960815, -0.4031680226325989, -0.2880575954914093, 0.7826664447784424, -0.5517750382423401, 0.28683584928512573, 0.620262861251831, 0.7300683856010437),
            ["LowerTorso"] = CFrame.new(-0.05298672616481781, -0.1921292543411255, 0.0026887059211730957, 0.9780292510986328, 0.11200951039791107, 0.175819993019104, -0.09210620075464249, 0.9887843728065491, -0.11756724119186401, -0.18701668083667755, 0.09879008680582047, 0.9773768186569214),
            ["RightLowerLeg"] = CFrame.new(0, 0, -1.3205863069742918e-08, 1, -1.1734664440155029e-07, -6.85686600832014e-08, 1.2386588821300393e-07, 0.5681735873222351, 0.8229085803031921, -6.70552182668871e-08, -0.8229087591171265, 0.568173885345459),
            ["RightUpperLeg"] = CFrame.new(0, -1.648440957069397e-07, -1.6596459317952394e-08, 0.9789918065071106, -0.1793704330921173, -0.09696107357740402, 0.15899251401424408, 0.9692627787590027, -0.1877526044845581, 0.1276579201221466, 0.16839207708835602, 0.977418839931488),
            ["LeftLowerLeg"] = CFrame.new(-4.470348358154297e-08, 5.960464477539063e-08, -3.725290298461914e-08, 1, 5.960465898624534e-08, 2.887101047122087e-08, -6.332993507385254e-08, 0.680292546749115, 0.7329409718513489, 3.4458935260772705e-08, -0.7329407930374146, 0.6802923083305359),
        }},
        {Time = 0.033, Data = {
            ["LeftFoot"] = CFrame.new(-9.406358003616333e-08, -1.1920928955078125e-07, -3.725290298461914e-09, 0.9995368719100952, -0.02236737497150898, -0.02063540183007717, 0.014610095880925655, 0.9475190043449402, -0.31936508417129517, 0.026695752516388893, 0.31891587376594543, 0.947407066822052),
            ["LeftLowerArm"] = CFrame.new(-5.960464477539063e-08, -1.7881393432617188e-07, -4.470348358154297e-08, 1, 1.862645149230957e-09, -1.6996631657661965e-08, 7.450580596923828e-09, 0.9999867081642151, -0.005154350772500038, 9.778887033462524e-09, 0.005154348909854889, 0.9999867081642151),
            ["RightUpperArm"] = CFrame.new(0, 5.960464477539062e-07, 0, 0.12428972125053406, -0.09449556469917297, 0.9877361059188843, 0.6247578263282776, -0.7659031748771667, -0.15188820660114288, 0.7708629965782166, 0.6359739899635315, -0.03615708276629448),
            ["Head"] = CFrame.new(0, 1.1920928955078125e-07, 4.6566128730773926e-09, 0.9594979286193848, -0.2699664831161499, -0.08051064610481262, 0.2666190266609192, 0.9625054001808167, -0.049977924674749374, 0.0909842699766159, 0.026488129049539566, 0.9955000281333923),
            ["RightHand"] = CFrame.new(-1.1920928955078125e-07, 1.7881393432617188e-07, -6.109476089477539e-07, 0.8054410219192505, -0.18546290695667267, 0.5629108548164368, 0.42411983013153076, 0.8437902331352234, -0.32884731888771057, -0.4139893054962158, 0.5036085247993469, 0.7582814693450928),
            ["UpperTorso"] = CFrame.new(2.7008354663848877e-08, -2.9802322387695312e-08, 7.508788257837296e-09, 0.9919499158859253, -0.12491948902606964, -0.020751433447003365, 0.12662869691848755, 0.9795824289321899, 0.1561521291732788, 0.000821303459815681, -0.1575227975845337, 0.9875150322914124),
            ["HumanoidRootPart"] = CFrame.new(0, 0, 0, 1, 0, 0, 0, 1, 0, 0, 0, 1),
            ["LeftUpperLeg"] = CFrame.new(2.9802322387695312e-08, 9.313225746154785e-09, 4.470348358154297e-08, 0.9963110685348511, -0.08200680464506149, 0.025281574577093124, 0.0858151912689209, 0.9515854716300964, -0.29516276717185974, 0.00014781346544623375, 0.2962433695793152, 0.9551124572753906),
            ["LeftUpperArm"] = CFrame.new(1.1920928955078125e-07, 3.5762786865234375e-07, 1.4901161193847656e-08, 0.10367477685213089, 0.9881807565689087, -0.1129174456000328, -0.18222838640213013, -0.09273546934127808, -0.9788733720779419, -0.9777752757072449, 0.12206126004457474, 0.17046017944812775),
            ["RightLowerArm"] = CFrame.new(0, 0, -1.341104507446289e-07, 1, -5.960463766996327e-08, -7.450578820566989e-09, 6.565823440496388e-08, 0.5189502239227295, -0.8548043370246887, 6.70552182668871e-08, 0.8548043966293335, 0.5189504623413086),
            ["LeftHand"] = CFrame.new(-1.7881393432617188e-07, -5.960464477539063e-08, 5.066394805908203e-07, 0.932455837726593, 0.27238816022872925, 0.23734170198440552, -0.18950685858726501, 0.9280692934989929, -0.32058486342430115, -0.30759280920028687, 0.2539532780647278, 0.9170029759407043),
            ["RightFoot"] = CFrame.new(-3.166496753692627e-08, 4.172325134277344e-07, -6.535992724820971e-08, 0.9187608957290649, 0.054978445172309875, -0.39096805453300476, -0.2773165702819824, 0.7947137951850891, -0.5399304032325745, 0.281023234128952, 0.604489266872406, 0.7453985810279846),
            ["LowerTorso"] = CFrame.new(-0.05368378758430481, -0.1700601577758789, 0.0011366158723831177, 0.9779244661331177, 0.12459348142147064, 0.16775089502334595, -0.10756644606590271, 0.988417387008667, -0.10705454647541046, -0.17914621531963348, 0.08664689213037491, 0.9799994826316833),
            ["RightLowerLeg"] = CFrame.new(-3.5390257835388184e-08, 2.980232238769531e-07, -5.75528247281909e-09, 1, -1.2852252950779075e-07, -6.89179060486822e-08, 1.266598843585598e-07, 0.5958070158958435, 0.8031274676322937, -5.681068415697155e-08, -0.8031277656555176, 0.5958072543144226),
            ["RightUpperLeg"] = CFrame.new(0, 6.658956408500671e-08, -1.6596459317952394e-08, 0.9753734469413757, -0.1969006508588791, -0.0993829071521759, 0.17614367604255676, 0.9665767550468445, -0.18628697097301483, 0.13274125754833221, 0.16419349610805511, 0.9774560332298279),
            ["LeftLowerLeg"] = CFrame.new(-2.9802322387695312e-08, 1.1920928955078125e-07, -2.9802322387695312e-08, 1, 5.401671643312511e-08, 1.0244551873483942e-08, -4.6566128730773926e-08, 0.7433596253395081, 0.6688921451568604, 2.9802322387695312e-08, -0.6688920259475708, 0.7433595061302185),
        }},
        {Time = 0.067, Data = {
            ["LeftFoot"] = CFrame.new(4.0978193283081055e-08, -5.960464477539063e-08, 3.725290298461914e-09, 0.9997398853302002, -0.02216561697423458, 0.005380969028919935, 0.02279537171125412, 0.9626420736312866, -0.2698158919811249, 0.0008006376447156072, 0.2698683738708496, 0.962897002696991),
            ["LeftLowerArm"] = CFrame.new(5.960464477539063e-08, -5.960464477539063e-08, -4.023313522338867e-07, 1, -9.313225746154785e-10, 1.6298141503057195e-08, 5.587934559514451e-09, 0.9999867677688599, -0.005154676269739866, 3.4924592107188346e-09, 0.005154678598046303, 0.9999867081642151),
            ["RightUpperArm"] = CFrame.new(0, 0, -5.21540641784668e-08, 0.14645734429359436, -0.08063880354166031, 0.9859248399734497, 0.6713836789131165, -0.7238664627075195, -0.15893790125846863, 0.7264944911003113, 0.6852114200592041, -0.05187597498297691),
            ["Head"] = CFrame.new(4.6566128730773926e-09, 4.76837158203125e-07, 1.0710209608078003e-08, 0.9518983364105225, -0.29368168115615845, -0.08741101622581482, 0.29564201831817627, 0.9552453756332397, 0.010104024782776833, 0.08053157478570938, -0.03546028211712837, 0.9961211085319519),
            ["RightHand"] = CFrame.new(-1.564621925354004e-07, -4.172325134277344e-07, 8.940696716308594e-08, 0.7838839888572693, -0.11721344292163849, 0.6097435355186462, 0.3896198868751526, 0.8574737310409546, -0.3360583782196045, -0.4834483861923218, 0.5009989142417908, 0.7178284525871277),
            ["UpperTorso"] = CFrame.new(3.4458935260772705e-08, 0, -2.038723323494196e-08, 0.9915013313293457, -0.129838764667511, -0.008188830688595772, 0.12980394065380096, 0.9830873012542725, 0.12919111549854279, -0.008723631501197815, -0.12915611267089844, 0.991585910320282),
            ["HumanoidRootPart"] = CFrame.new(0, 0, 0, 1, 0, 0, 0, 1, 0, 0, 0, 1),
            ["LeftUpperLeg"] = CFrame.new(5.960464477539063e-08, -3.189779818058014e-07, -2.9802322387695312e-08, 0.9948353171348572, -0.10121623426675797, 0.00761270709335804, 0.10001539438962936, 0.9647132158279419, -0.24356797337532043, 0.017309024930000305, 0.24307139217853546, 0.9698539972305298),
            ["LeftUpperArm"] = CFrame.new(0, 8.344650268554688e-07, -2.2351741790771484e-08, 0.09774908423423767, 0.9918336868286133, -0.08192183077335358, -0.21198943257331848, -0.059676043689250946, -0.9754483103752136, -0.9723712205886841, 0.1127157211303711, 0.20442497730255127),
            ["RightLowerArm"] = CFrame.new(1.7881393432617188e-07, 5.960464477539063e-08, 0, 1, 0, 2.9802315282267955e-08, 1.0058283805847168e-07, 0.46147462725639343, -0.8871533870697021, 7.450580596923828e-08, 0.8871533870697021, 0.4614746868610382),
            ["LeftHand"] = CFrame.new(5.960464477539063e-08, -1.7881393432617188e-07, 1.4901161193847656e-07, 0.9447258114814758, 0.26276203989982605, 0.19608530402183533, -0.1937779188156128, 0.9299311637878418, -0.3125350773334503, -0.2644680440425873, 0.2572629749774933, 0.9294473528862),
            ["RightFoot"] = CFrame.new(7.2177499532699585e-09, 3.5762786865234375e-07, -3.648892743512988e-08, 0.9238473176956177, 0.05786491930484772, -0.37836217880249023, -0.26353752613067627, 0.8130466938018799, -0.5191364288330078, 0.27758628129959106, 0.5793157815933228, 0.7663808465003967),
            ["LowerTorso"] = CFrame.new(-0.05490905046463013, -0.14154374599456787, -0.0008527189493179321, 0.9780500531196594, 0.1338721662759781, 0.15967614948749542, -0.1200142502784729, 0.9883572459220886, -0.09352413564920425, -0.17033737897872925, 0.07230787724256516, 0.9827292561531067),
            ["RightLowerLeg"] = CFrame.new(1.1175870895385742e-08, 1.7881393432617188e-07, -1.6931153368204832e-08, 1, -1.182779953978752e-07, -5.4948056771308984e-08, 1.0989606380462646e-07, 0.6398742198944092, 0.7684794664382935, -5.122274160385132e-08, -0.7684797644615173, 0.6398744583129883),
            ["RightUpperLeg"] = CFrame.new(1.1920928955078125e-07, -2.644956111907959e-07, -1.6952981241047382e-09, 0.9720350503921509, -0.2101515531539917, -0.104805588722229, 0.18967771530151367, 0.96571946144104, -0.1772240549325943, 0.1384568214416504, 0.1523885577917099, 0.9785741567611694),
            ["LeftLowerLeg"] = CFrame.new(7.636845111846924e-08, -1.7881393432617188e-07, 0, 1, 6.146728992462158e-08, 0, -5.4016709327697754e-08, 0.8183780908584595, 0.5746803283691406, 4.6566128730773926e-09, -0.5746801495552063, 0.8183780312538147),
        }},
        {Time = 0.100, Data = {
            ["LeftFoot"] = CFrame.new(-1.0244548320770264e-08, 5.960464477539063e-08, -3.725290298461914e-09, 0.9992280602455139, -0.021443471312522888, 0.032916322350502014, 0.02798127755522728, 0.976607620716095, -0.2132013440132141, -0.02757464163005352, 0.21395769715309143, 0.9764536619186401),
            ["LeftLowerArm"] = CFrame.new(2.9802322387695312e-08, -2.980232238769531e-07, -2.2817403078079224e-07, 1, -2.7939683899802503e-09, 2.2409945898971273e-08, 4.6566128730773926e-09, 0.9999867081642151, -0.005154764745384455, 1.650187186896801e-08, 0.005154772661626339, 0.9999867081642151),
            ["RightUpperArm"] = CFrame.new(-1.1920928955078125e-07, -1.1920928955078125e-07, -1.4901161193847656e-08, 0.15895459055900574, -0.07956266403198242, 0.9840748310089111, 0.6922944784164429, -0.7016539573669434, -0.16855305433273315, 0.7038906216621399, 0.7080617547035217, -0.05645033344626427),
            ["Head"] = CFrame.new(-2.0954757928848267e-09, 0, 1.3737007975578308e-08, 0.9484008550643921, -0.30354034900665283, -0.09164738655090332, 0.30795472860336304, 0.9506298899650574, 0.0382995568215847, 0.07549725472927094, -0.06454646587371826, 0.9950547218322754),
            ["RightHand"] = CFrame.new(1.9371509552001953e-07, 1.7881393432617188e-07, 1.341104507446289e-07, 0.7765119075775146, -0.06386622041463852, 0.6268577575683594, 0.35360458493232727, 0.8675962686538696, -0.34962958097457886, -0.5215296745300293, 0.49315106868743896, 0.6962820887565613),
            ["UpperTorso"] = CFrame.new(8.96397978067398e-09, -5.960464477539063e-08, -2.0372681319713593e-10, 0.9912905097007751, -0.1316865086555481, -0.0013294694945216179, 0.13105957210063934, 0.9854815602302551, 0.10793295502662659, -0.012903119437396526, -0.10716713964939117, 0.9941573143005371),
            ["HumanoidRootPart"] = CFrame.new(0, 0, 0, 1, 0, 0, 0, 1, 0, 0, 0, 1),
            ["LeftUpperLeg"] = CFrame.new(2.9802322387695312e-08, 1.257285475730896e-08, -2.9802322387695312e-08, 0.9933645129203796, -0.11321569979190826, -0.02022935263812542, 0.10740171372890472, 0.9761050939559937, -0.18890181183815002, 0.041132744401693344, 0.18547563254833221, 0.9817876815795898),
            ["LeftUpperArm"] = CFrame.new(5.960464477539063e-08, 2.384185791015625e-07, -1.4901161193847656e-08, 0.09769748151302338, 0.9935328364372253, -0.057859234511852264, -0.23738187551498413, -0.033195629715919495, -0.9708490967750549, -0.966491162776947, 0.1085842028260231, 0.23260359466075897),
            ["RightLowerArm"] = CFrame.new(2.384185791015625e-07, -2.980232238769531e-07, -4.470348358154297e-08, 1, -8.940696716308594e-08, -4.470347647611561e-08, 9.872017159295865e-08, 0.413765549659729, -0.9103834629058838, 6.705521116145974e-08, 0.9103834629058838, 0.4137656092643738),
            ["LeftHand"] = CFrame.new(1.4901161193847656e-08, -5.960464477539063e-08, -5.587935447692871e-08, 0.9554271101951599, 0.25210821628570557, 0.15362489223480225, -0.19651441276073456, 0.931415319442749, -0.3063456118106842, -0.22032079100608826, 0.2625013589859009, 0.9394422769546509),
            ["RightFoot"] = CFrame.new(-2.0954757928848267e-09, 3.5762786865234375e-07, 6.688787834718823e-08, 0.9266811609268188, 0.059480465948581696, -0.37111255526542664, -0.2506129741668701, 0.8336392641067505, -0.492177277803421, 0.2800988554954529, 0.5490971207618713, 0.7874243855476379),
            ["LowerTorso"] = CFrame.new(-0.05642697215080261, -0.11355829238891602, -0.001958876848220825, 0.9781674742698669, 0.13662870228290558, 0.15659227967262268, -0.1251360923051834, 0.9888206124305725, -0.0810847133398056, -0.1659201979637146, 0.05971908196806908, 0.984329342842102),
            ["RightLowerLeg"] = CFrame.new(-2.561137080192566e-08, 2.980232238769531e-07, -4.207686288282275e-08, 1, -1.0803344707710494e-07, -5.075709808011197e-08, 1.0919757187366486e-07, 0.6916658878326416, 0.7222172617912292, -4.563480615615845e-08, -0.7222176194190979, 0.691666305065155),
            ["RightUpperLeg"] = CFrame.new(5.960464477539063e-08, -2.0070001482963562e-07, 2.8107024263590574e-08, 0.9702903032302856, -0.2137671709060669, -0.1133149191737175, 0.194717139005661, 0.967938244342804, -0.15868449211120605, 0.14360348880290985, 0.13190551102161407, 0.9808053374290466),
            ["LeftLowerLeg"] = CFrame.new(8.381903171539307e-09, -1.1920928955078125e-07, 2.9802322387695312e-08, 1, 4.703180778165006e-08, 9.778887033462524e-09, -4.470347647611561e-08, 0.8857108354568481, 0.46423739194869995, 1.8626449271863521e-09, -0.4642374813556671, 0.8857108354568481),
        }},
        {Time = 0.133, Data = {
            ["LeftFoot"] = CFrame.new(-4.1443854570388794e-08, 1.1920928955078125e-07, 3.725290298461914e-09, 0.9979201555252075, -0.02024228312075138, 0.06120152026414871, 0.02955056168138981, 0.9874340891838074, -0.15524403750896454, -0.057290103286504745, 0.15672969818115234, 0.9859786033630371),
            ["LeftLowerArm"] = CFrame.new(-1.4901161193847656e-07, 2.980232238769531e-07, 9.313225746154785e-08, 1, 0, 3.3905962482094765e-09, 3.725290742551124e-09, 0.9999867677688599, -0.005154655314981937, -2.351589856175451e-08, 0.0051546539179980755, 0.9999867081642151),
            ["RightUpperArm"] = CFrame.new(2.384185791015625e-07, 3.5762786865234375e-07, 1.4901161193847656e-08, 0.16455380618572235, -0.08755996823310852, 0.982474148273468, 0.6929318904876709, -0.6986041069030762, -0.17831948399543762, 0.7019739747047424, 0.7101308107376099, -0.05428481847047806),
            ["Head"] = CFrame.new(-6.984919309616089e-10, 1.1920928955078125e-07, -6.752088665962219e-09, 0.949735701084137, -0.29992008209228516, -0.08972272276878357, 0.30421388149261475, 0.9518270492553711, 0.03846050053834915, 0.07386540621519089, -0.06382212042808533, 0.9952239990234375),
            ["RightHand"] = CFrame.new(3.427267074584961e-07, 1.7881393432617188e-07, 4.6193599700927734e-07, 0.7806861996650696, -0.024987146258354187, 0.6244238018989563, 0.31874069571495056, 0.8753795623779297, -0.36347633600234985, -0.5375253558158875, 0.4827900826931, 0.6913610100746155),
            ["UpperTorso"] = CFrame.new(1.6298145055770874e-09, 2.9802322387695312e-08, 1.4551915228366852e-09, 0.9914262294769287, -0.13066695630550385, 0.0005385975819081068, 0.130072221159935, 0.9872898459434509, 0.09132377803325653, -0.012464703992009163, -0.09047071635723114, 0.9958211779594421),
            ["HumanoidRootPart"] = CFrame.new(0, 0, 0, 1, 0, 0, 0, 1, 0, 0, 0, 1),
            ["LeftUpperLeg"] = CFrame.new(2.9802322387695312e-08, 1.8416903913021088e-07, -7.450580596923828e-09, 0.9916660785675049, -0.11728952825069427, -0.05330754816532135, 0.10910522192716599, 0.9845887422561646, -0.13667918741703033, 0.06851721554994583, 0.1297239512205124, 0.9891800284385681),
            ["LeftUpperArm"] = CFrame.new(0, -1.1920928955078125e-07, 0, 0.09718694537878036, 0.9940729141235352, -0.04872164875268936, -0.25155410170555115, -0.022829296067357063, -0.9675740003585815, -0.9629514217376709, 0.10629170387983322, 0.24784424901008606),
            ["RightLowerArm"] = CFrame.new(-8.940696716308594e-08, 4.76837158203125e-07, -1.7881393432617188e-07, 1, -5.960463056453591e-08, -4.470347292340193e-08, 1.0989604959377175e-07, 0.38133224844932556, -0.9244379997253418, 8.195637946073475e-08, 0.9244380593299866, 0.3813323676586151),
            ["LeftHand"] = CFrame.new(2.9802322387695312e-08, -5.960464477539063e-08, -5.681067705154419e-08, 0.9627930521965027, 0.24196377396583557, 0.12034566700458527, -0.19742345809936523, 0.9338698387145996, -0.29817941784858704, -0.18453586101531982, 0.26332607865333557, 0.9468928575515747),
            ["RightFoot"] = CFrame.new(2.3283064365386963e-09, 2.980232238769531e-07, 5.198671715334058e-08, 0.9271529316902161, 0.059978682547807693, -0.3698519170284271, -0.24000677466392517, 0.8530761003494263, -0.4633115231990814, 0.28772276639938354, 0.5183278918266296, 0.805327296257019),
            ["LowerTorso"] = CFrame.new(-0.0584045946598053, -0.09010589122772217, -0.001964949071407318, 0.9785897135734558, 0.13399453461170197, 0.1562299132347107, -0.12456469237804413, 0.9898297786712646, -0.06870704889297485, -0.1638474315404892, 0.0477752760052681, 0.9853281378746033),
            ["RightLowerLeg"] = CFrame.new(-2.8638169169425964e-08, 5.960464477539063e-08, 4.1742168832570314e-08, 1, -1.0104851355663413e-07, -3.911556234470481e-08, 1.0582151332982903e-07, 0.7408440113067627, 0.671676754951477, -3.77185607192132e-08, -0.6716770529747009, 0.7408444285392761),
            ["RightUpperLeg"] = CFrame.new(-2.9802322387695312e-08, 1.932494342327118e-07, 5.75528247281909e-09, 0.9704271554946899, -0.20956696569919586, -0.11980358511209488, 0.19279828667640686, 0.9715221524238586, -0.1377449631690979, 0.14525878429412842, 0.1105734184384346, 0.9831955432891846),
            ["LeftLowerLeg"] = CFrame.new(-2.7474015951156616e-08, -1.7881393432617188e-07, -4.0978193283081055e-08, 1, 2.7008358216562556e-08, 1.5599658453879783e-08, -3.3527612686157227e-08, 0.9375211596488953, 0.34792858362197876, 9.313225746154785e-10, -0.3479284644126892, 0.9375211596488953),
        }},
        {Time = 0.167, Data = {
            ["LeftFoot"] = CFrame.new(6.030313670635223e-08, 5.960464477539063e-08, -5.587935447692871e-09, 0.9955117702484131, -0.018761873245239258, 0.0927603542804718, 0.026761282235383987, 0.9959564805030823, -0.08575952798128128, -0.09077629446983337, 0.08785709738731384, 0.9919883012771606),
            ["LeftLowerArm"] = CFrame.new(-1.1920928955078125e-07, 1.7881393432617188e-07, -1.825392246246338e-07, 1, 3.7252898543727042e-09, -3.3178363167962743e-08, 7.450581485102248e-09, 0.9999867081642151, -0.005154313985258341, -2.005254096104636e-08, 0.005154312588274479, 0.9999867081642151),
            ["RightUpperArm"] = CFrame.new(1.1920928955078125e-07, -1.1920928955078125e-07, 2.2351741790771484e-08, 0.17060457170009613, -0.09861989319324493, 0.9803918600082397, 0.6890362501144409, -0.6993100047111511, -0.1902490109205246, 0.7043601274490356, 0.7079828977584839, -0.051352739334106445),
            ["Head"] = CFrame.new(1.1641532182693481e-09, 1.1920928955078125e-07, 5.587935447692871e-09, 0.9538669586181641, -0.2886451780796051, -0.08259520679712296, 0.2919488847255707, 0.955933690071106, 0.030930615961551666, 0.07002755254507065, -0.05361716076731682, 0.9961031079292297),
            ["RightHand"] = CFrame.new(-3.427267074584961e-07, -5.960464477539063e-08, -2.5331974029541016e-07, 0.7845818996429443, 0.011656217277050018, 0.619915783405304, 0.2845839858055115, 0.8815155625343323, -0.376752108335495, -0.55085688829422, 0.47201114892959595, 0.6883040070533752),
            ["UpperTorso"] = CFrame.new(9.778887033462524e-09, -8.940696716308594e-08, 8.847564458847046e-09, 0.991706371307373, -0.12851649522781372, 0.0014463744591921568, 0.12805669009685516, 0.98899245262146, 0.07413101941347122, -0.010957484133541584, -0.07333097606897354, 0.9972474575042725),
            ["HumanoidRootPart"] = CFrame.new(0, 0, 0, 1, 0, 0, 0, 1, 0, 0, 0, 1),
            ["LeftUpperLeg"] = CFrame.new(0, 1.862645149230957e-09, 2.9802322387695312e-08, 0.9892796874046326, -0.11551667749881744, -0.08934059739112854, 0.10918678343296051, 0.9913538694381714, -0.0727728009223938, 0.09697458148002625, 0.06223774328827858, 0.9933390617370605),
            ["LeftUpperArm"] = CFrame.new(0, 0, 0, 0.09255413711071014, 0.9941514134407043, -0.05564962700009346, -0.25257745385169983, -0.030620258301496506, -0.9670921564102173, -0.9631399512290955, 0.10356424003839493, 0.2482660561800003),
            ["RightLowerArm"] = CFrame.new(0, 1.7881393432617188e-07, -9.685754776000977e-08, 1, -8.568166975919667e-08, -3.725290298461914e-08, 1.6763807764164085e-07, 0.36942487955093384, -0.9292606115341187, 2.980232594040899e-08, 0.9292606115341187, 0.36942484974861145),
            ["LeftHand"] = CFrame.new(1.043081283569336e-07, -1.7881393432617188e-07, -1.6763806343078613e-07, 0.9666956663131714, 0.2339542657136917, 0.10375505685806274, -0.1966497004032135, 0.9384669065475464, -0.28391677141189575, -0.16379424929618835, 0.25405773520469666, 0.9532188177108765),
            ["RightFoot"] = CFrame.new(4.598405212163925e-08, 3.5762786865234375e-07, -1.0411895345896482e-08, 0.9266744256019592, 0.0601748488843441, -0.37101709842681885, -0.23088200390338898, 0.8700503706932068, -0.43555206060409546, 0.29659441113471985, 0.4892764985561371, 0.8201467990875244),
            ["LowerTorso"] = CFrame.new(-0.060798078775405884, -0.07085216045379639, -0.0015954822301864624, 0.9795346260070801, 0.1300297975540161, 0.15363635122776031, -0.12302260845899582, 0.9909168481826782, -0.05430867522954941, -0.15930259227752686, 0.03429648280143738, 0.9866339564323425),
            ["RightLowerLeg"] = CFrame.new(-2.5494955480098724e-08, 2.384185791015625e-07, -9.480572771281004e-09, 1, -9.173527359962463e-08, -2.7008361769276235e-08, 9.604262629636651e-08, 0.7822610139846802, 0.622950553894043, -3.166496398421259e-08, -0.6229507923126221, 0.7822611927986145),
            ["RightUpperLeg"] = CFrame.new(0, 6.309710443019867e-08, 5.75528247281909e-09, 0.9715890884399414, -0.20366384088993073, -0.12056444585323334, 0.1891493797302246, 0.9743799567222595, -0.12168137729167938, 0.14225764572620392, 0.09541941434144974, 0.9852197170257568),
            ["LeftLowerLeg"] = CFrame.new(-5.477340891957283e-08, -1.7881393432617188e-07, -2.3283064365386963e-08, 1, 1.3969838619232178e-08, -9.080398655214594e-09, -1.7695127141337252e-08, 0.9794117212295532, 0.20187325775623322, 4.889443072642052e-09, -0.20187318325042725, 0.9794117212295532),
        }},
        {Time = 0.200, Data = {
            ["LeftFoot"] = CFrame.new(-8.731149137020111e-09, 0, 5.820766091346741e-11, 0.9921045303344727, -0.01721804589033127, 0.12422650307416916, 0.016682736575603485, 0.9998466372489929, 0.00534822978079319, -0.12429957836866379, -0.003233569674193859, 0.9922395348548889),
            ["LeftLowerArm"] = CFrame.new(-1.1920928955078125e-07, -1.7881393432617188e-07, -1.7136335372924805e-07, 1, -5.587934559514451e-09, -2.0256264221529818e-08, 1.8626447051417472e-09, 0.9999867677688599, -0.005153756123036146, 2.316664371448951e-08, 0.005153751466423273, 0.9999867081642151),
            ["RightUpperArm"] = CFrame.new(-5.960464477539063e-08, 5.960464477539062e-07, -2.60770320892334e-08, 0.1771499067544937, -0.11186446994543076, 0.9778058528900146, 0.6810694932937622, -0.7032716274261475, -0.20384664833545685, 0.7104663252830505, 0.7020651698112488, -0.0483970008790493),
            ["Head"] = CFrame.new(2.3283064365386963e-09, 0, 2.3283064365386963e-09, 0.9597991108894348, -0.2711893320083618, -0.07240233570337296, 0.27307233214378357, 0.9618374705314636, 0.017329098656773567, 0.06493977457284927, -0.03640342876315117, 0.9972249865531921),
            ["RightHand"] = CFrame.new(5.21540641784668e-08, 5.960464477539063e-08, -2.682209014892578e-07, 0.7871366143226624, 0.04141189903020859, 0.6153869032859802, 0.25617530941963196, 0.8856608271598816, -0.387271523475647, -0.5610617995262146, 0.46248239278793335, 0.6865273118019104),
            ["UpperTorso"] = CFrame.new(1.4435499906539917e-08, -8.940696716308594e-08, -1.1641532182693481e-09, 0.9920637011528015, -0.12572912871837616, 0.0013454530853778124, 0.12543371319770813, 0.9903615117073059, 0.05874094367027283, -0.0087179159745574, -0.058105986565351486, 0.9982723593711853),
            ["HumanoidRootPart"] = CFrame.new(0, 0, 0, 1, 0, 0, 0, 1, 0, 0, 0, 1),
            ["LeftUpperLeg"] = CFrame.new(-1.1920928955078125e-07, 7.543712854385376e-08, -1.4901161193847656e-08, 0.9864099621772766, -0.10484468191862106, -0.12650315463542938, 0.10780824720859528, 0.9940298795700073, 0.016793131828308105, 0.12398724257946014, -0.03020298480987549, 0.9918240904808044),
            ["LeftUpperArm"] = CFrame.new(1.1920928955078125e-07, 2.384185791015625e-07, 3.3527612686157227e-08, 0.08454428613185883, 0.9938075542449951, -0.07210332900285721, -0.2487345039844513, -0.04902222752571106, -0.9673303365707397, -0.964874804019928, 0.09971681237220764, 0.24304963648319244),
            ["RightLowerArm"] = CFrame.new(5.960464477539063e-08, 2.980232238769531e-07, 0, 1, -7.450579886381092e-08, -3.725290298461914e-08, 6.915068695434456e-08, 0.3878919184207916, -0.9217048287391663, 8.940694584680386e-08, 0.921704888343811, 0.38789209723472595),
            ["LeftHand"] = CFrame.new(-1.4901161193847656e-08, -1.1920928955078125e-07, -5.21540641784668e-08, 0.970335066318512, 0.22522881627082825, 0.0878743976354599, -0.19481630623340607, 0.943666398525238, -0.2674703299999237, -0.143166184425354, 0.24241651594638824, 0.9595507979393005),
            ["RightFoot"] = CFrame.new(-4.400499165058136e-08, 5.960464477539063e-08, -5.697802407667041e-08, 0.9255383014678955, 0.06006196513772011, -0.3738604187965393, -0.22350041568279266, 0.8836548924446106, -0.41134098172187805, 0.30565765500068665, 0.46427005529403687, 0.8312803506851196),
            ["LowerTorso"] = CFrame.new(-0.06311038136482239, -0.056392669677734375, -0.0009680204093456268, 0.9807454347610474, 0.12553921341896057, 0.14959436655044556, -0.1207818016409874, 0.9918521642684937, -0.04051060974597931, -0.15346117317676544, 0.021662313491106033, 0.9879172444343567),
            ["RightLowerLeg"] = CFrame.new(-2.0023435354232788e-08, 2.384185791015625e-07, -1.879379851743579e-08, 1, -8.940698137394065e-08, -2.6077039194660756e-08, 8.405185525361958e-08, 0.8142234683036804, 0.5805514454841614, -2.7008351111135198e-08, -0.5805517435073853, 0.8142236471176147),
            ["RightUpperLeg"] = CFrame.new(1.1920928955078125e-07, -2.4796463549137115e-08, 1.3205863069742918e-08, 0.9733477234840393, -0.1972106695175171, -0.11705636978149414, 0.18464253842830658, 0.976626992225647, -0.11003129184246063, 0.1360197514295578, 0.08548501878976822, 0.9870110750198364),
            ["LeftLowerLeg"] = CFrame.new(-4.377216100692749e-08, -3.5762786865234375e-07, 2.7939677238464355e-09, 1, 7.930796575017496e-10, -1.2842069629925845e-09, 2.6775524020195007e-09, 0.9999878406524658, 0.004952026531100273, 2.6047928258776665e-09, -0.0049520255997776985, 0.9999878406524658),
        }},
        {Time = 0.233, Data = {
            ["LeftFoot"] = CFrame.new(4.092726157978177e-09, 0, -2.561137080192566e-09, 0.9885625839233398, -0.015940869227051735, 0.1499660760164261, 0.015529578551650047, 0.9998718500137329, 0.003913586493581533, -0.1500093638896942, -0.001539901364594698, 0.9886834621429443),
            ["LeftLowerArm"] = CFrame.new(1.4901161193847656e-07, -6.556510925292969e-07, -3.241002559661865e-07, 1, -7.450580596923828e-09, 3.119929914419117e-08, 4.656612428988183e-09, 0.9980937838554382, -0.06171625107526779, -2.7241181754789068e-08, 0.06171628460288048, 0.9980937838554382),
            ["RightUpperArm"] = CFrame.new(1.1920928955078125e-07, 2.384185791015625e-07, -1.862645149230957e-08, 0.18373458087444305, -0.12643039226531982, 0.974811315536499, 0.6697578430175781, -0.7097695469856262, -0.21829257905483246, 0.7194900512695312, 0.6929953694343567, -0.045731447637081146),
            ["Head"] = CFrame.new(1.1641532182693481e-09, -1.1920928955078125e-07, 2.7939677238464355e-09, 0.9666218161582947, -0.24886161088943481, -0.060910869389772415, 0.24927406013011932, 0.9684326648712158, -0.0008525233715772629, 0.0592002272605896, -0.014359324239194393, 0.9981428384780884),
            ["RightHand"] = CFrame.new(-2.9802322387695312e-08, -5.960464477539063e-08, -1.7881393432617188e-07, 0.7880697250366211, 0.059993915259838104, 0.6126555800437927, 0.23808762431144714, 0.8880828022956848, -0.39322131872177124, -0.5676798224449158, 0.4557517170906067, 0.685587465763092),
            ["UpperTorso"] = CFrame.new(-1.7636921256780624e-08, 2.086162567138672e-07, -1.1175870895385742e-08, 0.992414653301239, -0.12293639034032822, 0.00015940867888275534, 0.12278705090284348, 0.9912711381912231, 0.048009831458330154, -0.006060146726667881, -0.0476260781288147, 0.9988468885421753),
            ["HumanoidRootPart"] = CFrame.new(0, 0, 0, 1, 0, 0, 0, 1, 0, 0, 0, 1),
            ["LeftUpperLeg"] = CFrame.new(5.960464477539063e-08, 9.755603969097137e-08, -3.725290298461914e-09, 0.9838244318962097, -0.10340520739555359, -0.14627687633037567, 0.10538718849420547, 0.9944141507148743, 0.005844508297741413, 0.1448553204536438, -0.021165698766708374, 0.9892265200614929),
            ["LeftUpperArm"] = CFrame.new(0, 0, -3.725290298461914e-09, 0.075773686170578, 0.9947009682655334, -0.06948718428611755, -0.23301345109939575, -0.0500938817858696, -0.9711824655532837, -0.9695169925689697, 0.0897815003991127, 0.22798287868499756),
            ["RightLowerArm"] = CFrame.new(-1.1920928955078125e-07, -3.5762786865234375e-07, -1.564621925354004e-07, 1, -1.4901157641133977e-08, -5.960464477539063e-08, 5.727633123342457e-08, 0.4349370300769806, -0.9004608988761902, 2.9802318834981634e-08, 0.9004608392715454, 0.434937059879303),
            ["LeftHand"] = CFrame.new(1.1920928955078125e-07, -1.1920928955078125e-07, 2.2351741790771484e-07, 0.9745662808418274, 0.21453633904457092, 0.06476765125989914, -0.19561438262462616, 0.9554002285003662, -0.2212364673614502, -0.1093423068523407, 0.20294007658958435, 0.9730671644210815),
            ["RightFoot"] = CFrame.new(-7.986091077327728e-08, 2.384185791015625e-07, 1.6130798030644655e-08, 0.9242366552352905, 0.05971507355570793, -0.37712132930755615, -0.21828310191631317, 0.8930085897445679, -0.3935580551624298, 0.31327152252197266, 0.44606029987335205, 0.8383863568305969),
            ["LowerTorso"] = CFrame.new(-0.06485219299793243, -0.04731452465057373, -0.00014381855726242065, 0.9819802045822144, 0.12124843895435333, 0.14496102929115295, -0.11813048273324966, 0.9925461411476135, -0.029958760365843773, -0.14751295745372772, 0.012294596992433071, 0.9889837503433228),
            ["RightLowerLeg"] = CFrame.new(-3.702007234096527e-08, -1.1920928955078125e-07, 5.420588422566652e-09, 1, -8.42846930027008e-08, -2.328306969445748e-08, 8.742790669202805e-08, 0.8351613879203796, 0.5500048995018005, -2.6542693376541138e-08, -0.5500050187110901, 0.8351615071296692),
            ["RightUpperLeg"] = CFrame.new(-2.9802322387695312e-08, 3.0954834073781967e-07, -2.032174961641431e-08, 0.9752094149589539, -0.19126339256763458, -0.11128754168748856, 0.1801140010356903, 0.9782465100288391, -0.10292113572359085, 0.12855158746242523, 0.08032505959272385, 0.9884445071220398),
            ["LeftLowerLeg"] = CFrame.new(4.602770786732435e-08, -5.960464477539063e-08, 3.899913281202316e-09, 1, 2.365084128541639e-09, 5.4569699453610454e-12, 1.6884766917968363e-09, 0.9999877214431763, 0.004957427736371756, -4.365573874620665e-11, -0.004957425873726606, 0.999987781047821),
        }},
        {Time = 0.267, Data = {
            ["LeftFoot"] = CFrame.new(-9.89530235528946e-09, -5.960464477539063e-08, 4.118192009627819e-09, 0.9867694973945618, -0.015269984491169453, 0.16140888631343842, 0.01498785987496376, 0.9998833537101746, 0.0029656337574124336, -0.16143541038036346, -0.0005071939085610211, 0.9868832230567932),
            ["LeftLowerArm"] = CFrame.new(0, -2.980232238769531e-07, -4.172325134277344e-07, 1, -7.450581485102248e-09, 8.381903171539307e-09, 1.5832483768463135e-08, 0.994262158870697, -0.10697167366743088, 4.190951585769653e-09, 0.10697168111801147, 0.994262158870697),
            ["RightUpperArm"] = CFrame.new(0, -3.5762786865234375e-07, -7.450580596923828e-09, 0.1894097626209259, -0.14120468497276306, 0.971691906452179, 0.6565341353416443, -0.7176463603973389, -0.23226407170295715, 0.7301279902458191, 0.6819420456886292, -0.04322357103228569),
            ["Head"] = CFrame.new(9.313225746154785e-10, -2.384185791015625e-07, -4.656612873077393e-10, 0.9734592437744141, -0.22329877316951752, -0.05014824494719505, 0.2224372774362564, 0.974693775177002, -0.022220680490136147, 0.053841035813093185, 0.010476179420948029, 0.9984946250915527),
            ["RightHand"] = CFrame.new(-7.450580596923828e-08, 2.980232238769531e-07, -2.682209014892578e-07, 0.7873373031616211, 0.06372199952602386, 0.6132208108901978, 0.23410868644714355, 0.8892443180084229, -0.39298561215400696, -0.5703447461128235, 0.4529724419116974, 0.6852172613143921),
            ["UpperTorso"] = CFrame.new(2.066371962428093e-08, 2.9802322387695312e-08, -2.7939677238464355e-09, 0.9926914572715759, -0.12066245824098587, -0.002055916003882885, 0.12063388526439667, 0.9916977882385254, 0.0445314384996891, -0.0033344251569360495, -0.04445398971438408, 0.999005913734436),
            ["HumanoidRootPart"] = CFrame.new(0, 0, 0, 1, 0, 0, 0, 1, 0, 0, 0, 1),
            ["LeftUpperLeg"] = CFrame.new(5.960464477539063e-08, 2.257293090224266e-07, -3.725290298461914e-09, 0.9830514192581177, -0.10116977244615555, -0.15288807451725006, 0.10265737026929855, 0.99471515417099, 0.0018470626091584563, 0.15189318358898163, -0.017510879784822464, 0.9882418513298035),
            ["LeftUpperArm"] = CFrame.new(5.960464477539063e-08, 0, 7.450580596923828e-09, 0.06728857755661011, 0.9947262406349182, -0.07740887254476547, -0.21704715490341187, -0.061132900416851044, -0.974245011806488, -0.9738392233848572, 0.08235698938369751, 0.21178895235061646),
            ["RightLowerArm"] = CFrame.new(2.384185791015625e-07, -2.980232238769531e-07, -6.705522537231445e-08, 1, -2.980232594040899e-08, 5.960465188081798e-08, 8.009374852235851e-08, 0.4973469376564026, -0.8675518035888672, 5.960465188081798e-08, 0.8675518035888672, 0.49734699726104736),
            ["LeftHand"] = CFrame.new(-1.043081283569336e-07, -3.5762786865234375e-07, -1.9371509552001953e-07, 0.9776791930198669, 0.20519563555717468, 0.045146021991968155, -0.19387969374656677, 0.9639073610305786, -0.1824645698070526, -0.08095747977495193, 0.16963888704776764, 0.9821754097938538),
            ["RightFoot"] = CFrame.new(-8.66129994392395e-08, 1.7881393432617188e-07, -3.4160620998591185e-08, 0.9234275221824646, 0.059259235858917236, -0.3791702389717102, -0.2157115340232849, 0.8973087072372437, -0.3851045072078705, 0.31741175055503845, 0.437407523393631, 0.8413825035095215),
            ["LowerTorso"] = CFrame.new(-0.06554006040096283, -0.0441361665725708, 0.0007977541536092758, 0.9830330014228821, 0.1177636981010437, 0.1406337171792984, -0.11534025520086288, 0.9930041432380676, -0.025289349257946014, -0.1426280289888382, 0.00863953772932291, 0.9897386431694031),
