return {
    ["House Party"] = {
        {Time = 0.000, Data = {
            ["LeftFoot"] = CFrame.new(-1.6763806343078613e-08, -5.960464477539063e-08, 1.862645149230957e-08, 0.9836063385009766, -0.0667581856250763, -0.16751691699028015, 0.03841639682650566, 0.9851999282836914, -0.16704916954040527, 0.17618951201438904, 0.15787526965141296, 0.9716135263442993),
            ["LeftLowerArm"] = CFrame.new(5.960464477539063e-08, 2.384185791015625e-07, 0.000004187226295471191, 1, -1.4901159417490817e-08, 2.8870999813079834e-08, -1.862645149230957e-09, 0.9938756823539734, -0.11050377786159515, -3.725290298461914e-09, 0.11050379276275635, 0.9938757419586182),
            ["LowerTorso"] = CFrame.new(1.1066219052224824e-09, -0.03182268142700195, 1.4568954376237286e-10, 0.9659258127212524, -3.477462939827092e-08, -0.2588190734386444, 3.477462939827092e-08, 1, -4.578167178692638e-09, 0.2588190734386444, -4.578166734603428e-09, 0.9659258127212524),
            ["Head"] = CFrame.new(3.725290298461914e-09, 1.1920928955078125e-07, 7.275957614183426e-09, 0.9900599122047424, -0.017731808125972748, 0.13952432572841644, 0.019969481974840164, 0.9996931552886963, -0.014654314145445824, -0.1392216682434082, 0.017294755205512047, 0.9901102781295776),
            ["RightUpperArm"] = CFrame.new(0, 1.1920928955078125e-07, -9.313225746154785e-09, 0.9940745830535889, -0.10870078206062317, -0.000013213721103966236, 0.10818471759557724, 0.9893433451652527, 0.09744688868522644, -0.010579470545053482, -0.09687089174985886, 0.9952408075332642),
            ["UpperTorso"] = CFrame.new(-3.497202527569243e-15, 0, -2.1094237467877974e-15, 0.9898638129234314, -0.018837688490748405, 0.1407650262117386, 0.01009346079081297, 0.9979891180992126, 0.0625770315527916, -0.14166076481342316, -0.0605219230055809, 0.9880634546279907),
            ["HumanoidRootPart"] = CFrame.new(0, 0, 0, 1, 0, 0, 0, 1, 0, 0, 0, 1),
            ["RightHand"] = CFrame.new(-7.450580596923828e-08, -5.960464477539063e-08, 0, 0.9405233263969421, -0.01903092861175537, 0.3391959071159363, 0.03304692357778549, 0.998819887638092, -0.035592786967754364, -0.3381182551383972, 0.04468521475791931, 0.94004225730896),
            ["LeftUpperArm"] = CFrame.new(0, -1.1920928955078125e-07, -1.4901161193847656e-08, 0.9948778748512268, 0.10108360648155212, -0.0003836809191852808, -0.10001109540462494, 0.9848595857620239, 0.14159584045410156, 0.014690868556499481, -0.14083220064640045, 0.9899244904518127),
            ["RightLowerArm"] = CFrame.new(8.940696716308594e-08, -4.76837158203125e-07, -0.00000426173210144043, 1, -0.000020002946257591248, 8.540226872355561e-07, 0.00001999735650315415, 0.9964234828948975, -0.08450020849704742, 8.456407840640168e-07, 0.08450020849704742, 0.9964234232902527),
            ["LeftHand"] = CFrame.new(-6.426125764846802e-08, 2.384185791015625e-07, 0, 0.9376704692840576, -0.059378355741500854, -0.34241560101509094, 0.03918968886137009, 0.9970771074295044, -0.06558634340763092, 0.3453090488910675, 0.0480792336165905, 0.9372566938400269),
            ["RightUpperLeg"] = CFrame.new(-2.9802322387695312e-08, -1.660186299545785e-08, -1.5497789718210697e-09, 0.93951016664505, -0.14048391580581665, -0.31238603591918945, 0.11051775515079498, 0.987572968006134, -0.11173863708972931, 0.32420143485069275, 0.07045526802539825, 0.9433608055114746),
            ["LeftUpperLeg"] = CFrame.new(2.9802322387695312e-08, 1.6601406471750124e-08, -7.304891802561997e-09, 0.8206543922424316, 0.16667209565639496, 0.5465773344039917, -0.0667581856250763, 0.9779312014579773, -0.19797460734844208, -0.567511796951294, 0.1259802132844925, 0.81367027759552),
            ["RightLowerLeg"] = CFrame.new(-1.862645149230957e-08, -0.0007260441780090332, 0.00004608353629009798, 1, 3.2596300769682784e-08, -9.685756907629184e-08, -2.421438694000244e-08, 0.9555822014808655, 0.294724702835083, -2.1420419216156006e-08, -0.2947247326374054, 0.9555822610855103),
            ["RightFoot"] = CFrame.new(-5.587935447692871e-09, 0, -3.183231456205249e-08, 0.9815338850021362, 0.1105177104473114, 0.1561320424079895, -0.07812396436929703, 0.9766392707824707, -0.2001809924840927, -0.17460817098617554, 0.18428677320480347, 0.9672385454177856),
            ["LeftLowerLeg"] = CFrame.new(-4.470348358154297e-08, -0.0007264018058776855, 0.00008095800876617432, 1, 5.494803900774059e-08, -1.4901161193847656e-08, -3.3527612686157227e-08, 0.9363754987716675, 0.3509998917579651, 5.21540641784668e-08, -0.35099998116493225, 0.9363754987716675),
        }},
        {Time = 0.016, Data = {
            ["LeftFoot"] = CFrame.new(-1.862645149230957e-09, -1.7881393432617188e-07, 3.3527612686157227e-08, 0.9837362766265869, -0.06616222858428955, -0.16698971390724182, 0.03816573694348335, 0.9854530096054077, -0.16560731828212738, 0.17551741003990173, 0.15654054284095764, 0.9719510674476624),
            ["LeftLowerArm"] = CFrame.new(8.940696716308594e-08, 4.76837158203125e-07, 0.000004202127456665039, 1, -7.450581485102248e-09, 7.450581485102248e-09, 7.450580596923828e-09, 0.9938693046569824, -0.11056189984083176, -1.862645149230957e-08, 0.11056191474199295, 0.9938693046569824),
            ["LowerTorso"] = CFrame.new(-0.0010620082030072808, -0.03185677528381348, 1.4568954376237286e-10, 0.9659458994865417, 0.0013437833404168487, -0.25874096155166626, -0.001341135473921895, 0.9999991059303284, 0.00018674270540941507, 0.25874102115631104, 0.00016662334382999688, 0.9659467339515686),
            ["Head"] = CFrame.new(2.0954757928848267e-09, 1.1920928955078125e-07, -2.371962182223797e-08, 0.9900864362716675, -0.017726130783557892, 0.1393364667892456, 0.020075460895895958, 0.9996787905693054, -0.015473495237529278, -0.13901744782924652, 0.018117230385541916, 0.9901242256164551),
            ["RightUpperArm"] = CFrame.new(5.960464477539063e-08, 3.5762786865234375e-07, -5.587935447692871e-09, 0.9940563440322876, -0.10883891582489014, 0.0024940604344010353, 0.10808046162128448, 0.9893609285354614, 0.09738468378782272, -0.01306677795946598, -0.09653632342815399, 0.9952437281608582),
            ["UpperTorso"] = CFrame.new(-7.003109203651547e-10, 2.9802322387695312e-08, 7.275957614183426e-11, 0.9898165464401245, -0.02001934126019478, 0.14093412458896637, 0.011133305728435516, 0.9979159832000732, 0.0635594055056572, -0.1419128179550171, -0.061343077570199966, 0.9879766702651978),
            ["HumanoidRootPart"] = CFrame.new(0, 0, 0, 1, 0, 0, 0, 1, 0, 0, 0, 1),
            ["RightHand"] = CFrame.new(1.043081283569336e-07, 5.960464477539063e-08, -2.9802322387695312e-08, 0.9409418106079102, -0.016879210248589516, 0.33814746141433716, 0.030971698462963104, 0.9988600611686707, -0.036323241889476776, -0.33714884519577026, 0.04465106129646301, 0.9403918981552124),
            ["LeftUpperArm"] = CFrame.new(-5.960464477539063e-08, 2.384185791015625e-07, -2.2351741790771484e-08, 0.9948472380638123, 0.10136617720127106, -0.0019954571034759283, -0.10009020566940308, 0.9850801229476929, 0.1399964839220047, 0.016156602650880814, -0.1390754133462906, 0.9901500344276428),
            ["RightLowerArm"] = CFrame.new(-1.1920928955078125e-07, 5.960464477539063e-08, -0.000004231929779052734, 1, -0.00001999922278628219, 8.447096888630767e-07, 0.000019997358322143555, 0.9964171648025513, -0.08457567542791367, 8.419156074523926e-07, 0.08457568287849426, 0.9964171051979065),
            ["LeftHand"] = CFrame.new(-9.313225746154785e-08, -2.384185791015625e-07, 1.4901161193847656e-08, 0.9381394982337952, -0.059803929179906845, -0.34105420112609863, 0.03948773816227913, 0.9970241785049438, -0.06620930880308151, 0.34399884939193726, 0.04864611476659775, 0.9377092123031616),
            ["RightUpperLeg"] = CFrame.new(-5.960464477539063e-08, 1.2550844985526055e-07, 2.7466739993542433e-08, 0.9401580095291138, -0.14260722696781158, -0.30946114659309387, 0.11193624138832092, 0.9870625734329224, -0.11479469388723373, 0.32182812690734863, 0.07328512519598007, 0.9439575672149658),
            ["LeftUpperLeg"] = CFrame.new(0, -1.0010444384533912e-07, -2.977321855723858e-08, 0.8211286067962646, 0.16369962692260742, 0.5467634201049805, -0.06495512276887894, 0.9785642623901367, -0.19543009996414185, -0.567034900188446, 0.12495822459459305, 0.8141602873802185),
            ["RightLowerLeg"] = CFrame.new(-5.587935447692871e-08, -0.0007265806198120117, 0.00004614314093487337, 1, 3.3527619791584584e-08, -1.7695133180950506e-07, -1.862645149230957e-09, 0.9541724920272827, 0.2992573082447052, 1.3783574104309082e-07, -0.2992572784423828, 0.9541725516319275),
            ["RightFoot"] = CFrame.new(-2.7939677238464355e-08, 1.1920928955078125e-07, 1.287116901949048e-08, 0.9820579886436462, 0.11073533445596695, 0.15264295041561127, -0.0786602571606636, 0.9761987924575806, -0.2021103799343109, -0.1713905930519104, 0.18647713959217072, 0.967394232749939),
            ["LeftLowerLeg"] = CFrame.new(-2.2351741790771484e-08, -0.0007269382476806641, 0.00008101761341094971, 1, 2.514570951461792e-08, -5.494803190231323e-08, -2.980232594040899e-08, 0.9375552535057068, 0.3478366732597351, -2.7939681679356454e-09, -0.34783661365509033, 0.937555193901062),
        }},
        {Time = 0.032, Data = {
            ["LeftFoot"] = CFrame.new(1.862645149230957e-09, 0, 4.842877388000488e-08, 0.9840924143791199, -0.06453949213027954, -0.16551966965198517, 0.03740646690130234, 0.986066997051239, -0.16208843886852264, 0.1736745685338974, 0.15331850945949554, 0.972795307636261),
            ["LeftLowerArm"] = CFrame.new(5.960464477539063e-08, 2.980232238769531e-07, 0.000004231929779052734, 1, 1.1175872671742582e-08, 2.8871003365793513e-08, 3.725290742551124e-09, 0.9938458204269409, -0.11077267676591873, -5.587936335871291e-09, 0.11077269911766052, 0.9938458204269409),
            ["LowerTorso"] = CFrame.new(-0.0038618510589003563, -0.03209567070007324, 1.4568954376237286e-10, 0.966092050075531, 0.004893188830465078, -0.25815147161483765, -0.0048720515333116055, 0.9999879002571106, 0.0007215890800580382, 0.2581518590450287, 0.0005606058984994888, 0.9661042094230652),
            ["Head"] = CFrame.new(9.313225746154785e-10, -2.384185791015625e-07, 7.566995918750763e-09, 0.9901677966117859, -0.01764226146042347, 0.1387677937746048, 0.02029271610081196, 0.999637246131897, -0.017708363011479378, -0.13840506970882416, 0.02035011351108551, 0.9901666641235352),
            ["RightUpperArm"] = CFrame.new(-5.960464477539063e-08, -4.76837158203125e-07, -1.862645149230957e-09, 0.9939614534378052, -0.10930067300796509, 0.009698999114334583, 0.10785072296857834, 0.9894025325775146, 0.09721596539020538, -0.02022198960185051, -0.09558287262916565, 0.9952161312103271),
            ["UpperTorso"] = CFrame.new(-2.368324203416705e-09, 5.960464477539063e-08, -5.093170329928398e-10, 0.9897295236587524, -0.023130185902118683, 0.1410692185163498, 0.013868425972759724, 0.9977042078971863, 0.06628727912902832, -0.14227856695652008, -0.06365006417036057, 0.9877781271934509),
            ["HumanoidRootPart"] = CFrame.new(0, 0, 0, 1, 0, 0, 0, 1, 0, 0, 0, 1),
            ["RightHand"] = CFrame.new(-7.078051567077637e-08, 1.1920928955078125e-07, 0, 0.9420962929725647, -0.010689627379179, 0.33517220616340637, 0.025020936504006386, 0.998946487903595, -0.03846915066242218, -0.33440786600112915, 0.044627975672483444, 0.9413712024688721),
            ["LeftUpperArm"] = CFrame.new(0, -4.76837158203125e-07, 0, 0.9947373867034912, 0.10224062204360962, -0.0066763549111783504, -0.10040034353733063, 0.9856796860694885, 0.13548195362091064, 0.020432503893971443, -0.13409866392612457, 0.9907573461532593),
            ["RightLowerArm"] = CFrame.new(1.7881393432617188e-07, 1.7881393432617188e-07, -0.000004217028617858887, 1, -0.000019995497495983727, 8.521602694600006e-07, 0.00001999922278628219, 0.9963721632957458, -0.08510389178991318, 8.642674629300018e-07, 0.08510386943817139, 0.9963721632957458),
            ["LeftHand"] = CFrame.new(-6.612390279769897e-08, 1.1920928955078125e-07, 0, 0.9395303726196289, -0.06124911829829216, -0.33694422245025635, 0.040596332401037216, 0.9968584179878235, -0.06800893694162369, 0.3400511145591736, 0.05021776631474495, 0.9390652179718018),
            ["RightUpperLeg"] = CFrame.new(5.960464477539063e-08, -1.1205702321603894e-07, 5.165929906070232e-10, 0.941907525062561, -0.14813683927059174, -0.30143940448760986, 0.11565161496400833, 0.9856447577476501, -0.12300051748752594, 0.3153330981731415, 0.08099306374788284, 0.9455184936523438),
            ["LeftUpperLeg"] = CFrame.new(0, 6.092159310355783e-08, -1.1641532182693481e-09, 0.8226324915885925, 0.15605436265468597, 0.5467382669448853, -0.060124315321445465, 0.9800810217857361, -0.18927830457687378, -0.5653854608535767, 0.12283424288034439, 0.8156293034553528),
            ["RightLowerLeg"] = CFrame.new(-4.0978193283081055e-08, -0.0007263422012329102, 0.00004602393164532259, 1, -2.7939684343891713e-08, 8.381903882082042e-08, 7.450578820566989e-09, 0.9501545429229736, 0.3117794096469879, -7.357446918376809e-08, -0.3117794096469879, 0.9501545429229736),
            ["RightFoot"] = CFrame.new(-7.450580596923828e-09, 0, 1.6952981241047382e-09, 0.9835004806518555, 0.11128866672515869, 0.1426243782043457, -0.08021477609872818, 0.9749227166175842, -0.20758460462093353, -0.16214963793754578, 0.19271895289421082, 0.9677639007568359),
            ["LeftLowerLeg"] = CFrame.new(1.4901161193847656e-08, -0.0007260441780090332, 0.00008098781108856201, 1, 1.4901162970204496e-08, 8.009376273321323e-08, -1.1175873559921001e-08, 0.9403306841850281, 0.34026220440864563, 1.1175873559921001e-08, -0.3402620851993561, 0.9403306245803833),
        }},
        {Time = 0.048, Data = {
            ["LeftFoot"] = CFrame.new(7.636845111846924e-08, 5.960464477539063e-08, 2.2351741790771484e-08, 0.9846194982528687, -0.06213880330324173, -0.16328918933868408, 0.03611988201737404, 0.9868215322494507, -0.15772980451583862, 0.17093847692012787, 0.14940568804740906, 0.9738881587982178),
            ["LeftLowerArm"] = CFrame.new(-2.9802322387695312e-08, 3.5762786865234375e-07, 0.000004336237907409668, 1, 1.0244550985305523e-08, -1.769513247040777e-08, 3.725290742551124e-09, 0.993799090385437, -0.11119160801172256, -3.725290742551124e-09, 0.11119164526462555, 0.9937990307807922),
            ["LowerTorso"] = CFrame.new(-0.007820251397788525, -0.03274416923522949, 1.4568954376237286e-10, 0.9664890170097351, 0.0099262073636055, -0.2565159499645233, -0.009855310432612896, 0.9999502301216125, 0.0015619463520124555, 0.256518691778183, 0.0010184403508901596, 0.9665387272834778),
            ["Head"] = CFrame.new(-1.862645149230957e-09, -2.384185791015625e-07, -1.7957063391804695e-08, 0.99030601978302, -0.01738433726131916, 0.13781148195266724, 0.020473593845963478, 0.9995692372322083, -0.021030951291322708, -0.13738636672496796, 0.023648429661989212, 0.9902352094650269),
            ["RightUpperArm"] = CFrame.new(0, -1.1920928955078125e-07, -2.7939677238464355e-08, 0.9936903119087219, -0.1101519763469696, 0.02112578973174095, 0.10762063413858414, 0.9894518852233887, 0.09696754068136215, -0.03158412501215935, -0.09408213198184967, 0.995063304901123),
            ["UpperTorso"] = CFrame.new(9.531504474580288e-10, 1.1920928955078125e-07, -5.238689482212067e-10, 0.9896836876869202, -0.02751106582581997, 0.14060334861278534, 0.017717666923999786, 0.9973589181900024, 0.07043594121932983, -0.14216995239257812, -0.067218117415905, 0.9875573515892029),
            ["HumanoidRootPart"] = CFrame.new(0, 0, 0, 1, 0, 0, 0, 1, 0, 0, 0, 1),
            ["RightHand"] = CFrame.new(-1.1175870895385742e-08, 0, -2.9802322387695312e-08, 0.9438016414642334, -0.000858752871863544, 0.33051130175590515, 0.01559939980506897, 0.9989979863166809, -0.041949763894081116, -0.33014407753944397, 0.044748030602931976, 0.9428693056106567),
            ["LeftUpperArm"] = CFrame.new(5.960464477539063e-08, -2.384185791015625e-07, -2.2351741790771484e-08, 0.9945041537284851, 0.10372969508171082, -0.01419922336935997, -0.10106561332941055, 0.9865492582321167, 0.1284770518541336, 0.02733512595295906, -0.12633588910102844, 0.9916108250617981),
            ["RightLowerArm"] = CFrame.new(2.9802322387695312e-08, -2.384185791015625e-07, -0.000004157423973083496, 1, -0.000019985252947662957, 8.614734952061553e-07, 0.000019992701709270477, 0.9962486624717712, -0.08653784543275833, 8.67992639541626e-07, 0.08653783798217773, 0.9962486028671265),
            ["LeftHand"] = CFrame.new(-3.3527612686157227e-08, 2.980232238769531e-07, 7.450580596923828e-09, 0.9417993426322937, -0.06396229565143585, -0.33003485202789307, 0.04284503683447838, 0.9965646862983704, -0.07087472826242447, 0.33343443274497986, 0.05260942503809929, 0.9413043856620789),
            ["RightUpperLeg"] = CFrame.new(0, -6.373738870024681e-09, -3.010063664987683e-08, 0.9444870352745056, -0.15569326281547546, -0.28931617736816406, 0.12085586041212082, 0.9834864139556885, -0.13471579551696777, 0.3055128753185272, 0.09227166324853897, 0.9477066397666931),
            ["LeftUpperLeg"] = CFrame.new(5.960464477539063e-08, 1.2259988579899073e-07, 1.4435499906539917e-08, 0.8252649903297424, 0.14567066729068756, 0.5456351637840271, -0.053130000829696655, 0.9819020628929138, -0.18178445100784302, -0.5622408986091614, 0.1210307627916336, 0.8180689811706543),
            ["RightLowerLeg"] = CFrame.new(-7.450580596923828e-09, -0.0007263422012329102, 0.000046090986870694906, 1, -4.842877388000488e-08, 5.587935447692871e-09, 3.166496398421259e-08, 0.9438494443893433, 0.330375999212265, -4.00468671557519e-08, -0.3303759694099426, 0.9438493847846985),
            ["RightFoot"] = CFrame.new(1.862645149230957e-09, -5.960464477539063e-08, 2.7772330213338137e-08, 0.9856085777282715, 0.11201886087656021, 0.12659984827041626, -0.0828271135687828, 0.9728747606277466, -0.21599642932415009, -0.14736150205135345, 0.2024019956588745, 0.9681519269943237),
            ["LeftLowerLeg"] = CFrame.new(5.960464477539063e-08, -0.0007265210151672363, 0.00008088350296020508, 1, 3.352760558072987e-08, 3.166496398421259e-08, -2.2351734685344127e-08, 0.9435561299324036, 0.33121269941329956, 1.955776696149769e-08, -0.3312125504016876, 0.9435560703277588),
        }},
        {Time = 0.065, Data = {
            ["LeftFoot"] = CFrame.new(8.940696716308594e-08, -5.960464477539063e-08, 4.0978193283081055e-08, 0.9852601885795593, -0.05920857563614845, -0.16048894822597504, 0.034274641424417496, 0.9874925017356873, -0.15389560163021088, 0.1675937920808792, 0.14612647891044617, 0.9749664068222046),
            ["LeftLowerArm"] = CFrame.new(-1.1920928955078125e-07, 3.5762786865234375e-07, 0.00000426173210144043, 1, -2.7939677238464355e-09, -8.847565347025466e-09, 1.862645149230957e-09, 0.9937222599983215, -0.11187571287155151, -1.862645149230957e-08, 0.1118757426738739, 0.9937222599983215),
            ["LowerTorso"] = CFrame.new(-0.012357925064861774, -0.034006595611572266, 1.4568954376237286e-10, 0.9672608375549316, 0.015721550211310387, -0.253296822309494, -0.015555575489997864, 0.9998754858970642, 0.0026581150013953447, 0.253307044506073, 0.0013690873747691512, 0.967384934425354),
            ["Head"] = CFrame.new(-9.313225746154785e-10, 0, -1.4522811397910118e-08, 0.9905021786689758, -0.016857612878084183, 0.13646043837070465, 0.020470334216952324, 0.9994750022888184, -0.025114675983786583, -0.13596540689468384, 0.027669381350278854, 0.9903271794319153),
            ["RightUpperArm"] = CFrame.new(0, 2.384185791015625e-07, 0, 0.9931065440177917, -0.11145440489053726, 0.036296721547842026, 0.10751568526029587, 0.9894925951957703, 0.0966688022017479, -0.04668950289487839, -0.09209996461868286, 0.9946545958518982),
            ["UpperTorso"] = CFrame.new(2.735760062932968e-09, -1.4901161193847656e-07, 1.1641532182693481e-09, 0.9897633790969849, -0.032489173114299774, 0.13897094130516052, 0.02209765836596489, 0.996887743473053, 0.07567474991083145, -0.1409970372915268, -0.0718291625380516, 0.9874008893966675),
            ["HumanoidRootPart"] = CFrame.new(0, 0, 0, 1, 0, 0, 0, 1, 0, 0, 0, 1),
            ["RightHand"] = CFrame.new(-1.862645149230957e-09, 3.5762786865234375e-07, 2.9802322387695312e-08, 0.9458436965942383, 0.012215430848300457, 0.3243926465511322, 0.0031068213284015656, 0.9989054203033447, -0.046673741191625595, -0.3246077299118042, 0.04515390843153, 0.944770336151123),
            ["LeftUpperArm"] = CFrame.new(-5.960464477539063e-08, 0, -2.9802322387695312e-08, 0.9940851330757141, 0.10584069043397903, -0.0243410412222147, -0.10222302377223969, 0.987568736076355, 0.11940915137529373, 0.0366768017411232, -0.11621469259262085, 0.9925467371940613),
            ["RightLowerArm"] = CFrame.new(-5.960464477539063e-08, -2.980232238769531e-07, -0.000004276633262634277, 1, -0.00002000527638301719, 8.931384627430816e-07, 0.0000200001522898674, 0.9960020780563354, -0.08933112770318985, 8.996576070785522e-07, 0.08933112025260925, 0.9960020780563354),
            ["LeftHand"] = CFrame.new(1.862645149230957e-08, -1.7881393432617188e-07, -2.2351741790771484e-08, 0.9448726177215576, -0.06818784028291702, -0.3202596604824066, 0.046572718769311905, 0.9961192607879639, -0.07468296587467194, 0.32410928606987, 0.055650532245635986, 0.9443814754486084),
            ["RightUpperLeg"] = CFrame.new(0, 1.7056299839168787e-07, -2.9634975362569094e-08, 0.9476618766784668, -0.16387002170085907, -0.2740141451358795, 0.12672151625156403, 0.9807915687561035, -0.148288756608963, 0.2930508255958557, 0.10580402612686157, 0.9502245783805847),
            ["LeftUpperLeg"] = CFrame.new(5.960464477539063e-08, 2.7604983188211918e-08, 1.6298145055770874e-08, 0.829116702079773, 0.1345619559288025, 0.5426402688026428, -0.04483544081449509, 0.9834803342819214, -0.17537440359592438, -0.5572747588157654, 0.12107636034488678, 0.8214532136917114),
            ["RightLowerLeg"] = CFrame.new(1.1175870895385742e-08, -0.0007264614105224609, 0.000046053733967710286, 1, -2.4214401150857157e-08, -3.725290742551124e-09, 1.4901162970204496e-08, 0.935577929019928, 0.35312026739120483, -4.4703490686970326e-08, -0.353120356798172, 0.9355779886245728),
            ["RightFoot"] = CFrame.new(-4.470348358154297e-08, 0, 2.6841007638722658e-08, 0.9880639314651489, 0.11274321377277374, 0.10497026890516281, -0.08660688251256943, 0.9701008796691895, -0.22672376036643982, -0.1273932158946991, 0.21492625772953033, 0.9682859182357788),
            ["LeftLowerLeg"] = CFrame.new(8.940696716308594e-08, -0.0007265806198120117, 0.00008100271224975586, 1, 6.193294410650196e-08, -5.494803900774059e-08, -4.0978189730367376e-08, 0.9460878968238831, 0.32391002774238586, -3.6321576857289983e-08, -0.3239099085330963, 0.9460879564285278),
        }},
        {Time = 0.081, Data = {
            ["LeftFoot"] = CFrame.new(2.3283064365386963e-08, -5.960464477539063e-08, 3.3527612686157227e-08, 0.9859609603881836, -0.05599606782197952, -0.1573072075843811, 0.03183616325259209, 0.987852156162262, -0.15210126340389252, 0.16391326487064362, 0.14495772123336792, 0.9757662415504456),
            ["LeftLowerArm"] = CFrame.new(-5.960464477539063e-08, 5.364418029785156e-07, 0.000004246830940246582, 1, -1.6763806343078613e-08, 4.284083843231201e-08, 0, 0.9936082363128662, -0.11288414150476456, -3.166496753692627e-08, 0.11288414895534515, 0.9936081767082214),
            ["LowerTorso"] = CFrame.new(-0.016895603388547897, -0.03608834743499756, 1.4568954376237286e-10, 0.9685323238372803, 0.02155689336359501, -0.24795258045196533, -0.021239502355456352, 0.9997665882110596, 0.003955263178795576, 0.24797996878623962, 0.0014355892781168222, 0.9687641263008118),
            ["Head"] = CFrame.new(-1.1641532182693481e-10, 0, 1.4479155652225018e-08, 0.9907569289207458, -0.01596381701529026, 0.13470712304115295, 0.020130807533860207, 0.9993582963943481, -0.029628613963723183, -0.13414765894412994, 0.032066378742456436, 0.9904423952102661),
            ["RightUpperArm"] = CFrame.new(0, 0, -1.4435499906539917e-08, 0.9920560717582703, -0.11326748132705688, 0.054730065166950226, 0.10766085237264633, 0.9895075559616089, 0.0963539257645607, -0.06506957113742828, -0.08969616889953613, 0.9938414096832275),
            ["UpperTorso"] = CFrame.new(-6.28642737865448e-09, 2.980232238769531e-07, -2.3283064365386963e-10, 0.9900559186935425, -0.0373757965862751, 0.1356186866760254, 0.026426110416650772, 0.9963099360466003, 0.08165951818227768, -0.13817034661769867, -0.07726359367370605, 0.9873901009559631),
            ["HumanoidRootPart"] = CFrame.new(0, 0, 0, 1, 0, 0, 0, 1, 0, 0, 0, 1),
            ["RightHand"] = CFrame.new(1.471489667892456e-07, 1.1920928955078125e-07, -7.450580596923828e-09, 0.9479957818984985, 0.02812921069562435, 0.31703776121139526, -0.012056201696395874, 0.9985458254814148, -0.05254606157541275, -0.318054735660553, 0.0459911935031414, 0.9469562768936157),
            ["LeftUpperArm"] = CFrame.new(5.960464477539063e-08, -1.1920928955078125e-07, 0, 0.9934040307998657, 0.1085740476846695, -0.03688040375709534, -0.1040148138999939, 0.9886164665222168, 0.10871247202157974, 0.04826391488313675, -0.10415928065776825, 0.9933888912200928),
            ["RightLowerArm"] = CFrame.new(-2.9802322387695312e-08, -2.384185791015625e-07, -0.000004187226295471191, 1, -0.000020008536012028344, 9.397044777870178e-07, 0.00002000946733460296, 0.9955780506134033, -0.0939386710524559, 9.443612043469329e-07, 0.09393870830535889, 0.9955779910087585),
            ["LeftHand"] = CFrame.new(8.009374141693115e-08, 1.7881393432617188e-07, 4.470348358154297e-08, 0.948641300201416, -0.07416851073503494, -0.3075365722179413, 0.052126068621873856, 0.9954877495765686, -0.07929103076457977, 0.31202974915504456, 0.05918807536363602, 0.9482269287109375),
            ["RightUpperLeg"] = CFrame.new(5.960464477539063e-08, 5.908077582716942e-08, -2.032174961641431e-08, 0.9512394666671753, -0.17134295403957367, -0.25648611783981323, 0.13237862288951874, 0.9778264760971069, -0.16226953268051147, 0.2786027193069458, 0.12040385603904724, 0.9528291821479797),
            ["LeftUpperLeg"] = CFrame.new(0, 1.538719516247511e-07, 2.7939677238464355e-09, 0.8342870473861694, 0.124799445271492, 0.5370197892189026, -0.03610865771770477, 0.9843208193778992, -0.17265217006206512, -0.5501465797424316, 0.1246504932641983, 0.8257123827934265),
            ["RightLowerLeg"] = CFrame.new(4.842877388000488e-08, -0.0007263422012329102, 0.00004602020635502413, 1, -5.0291436792804234e-08, 5.587936158235607e-08, 1.1175870895385742e-08, 0.9256483912467957, 0.378385066986084, -4.6566128730773926e-08, -0.3783849775791168, 0.9256482720375061),
            ["RightFoot"] = CFrame.new(-1.862645149230957e-08, 0, 9.611540008336306e-09, 0.9904923439025879, 0.11324578523635864, 0.07810540497303009, -0.09164950996637344, 0.9666202664375305, -0.23926061391830444, -0.10259366035461426, 0.22982735931873322, 0.9678087830543518),
            ["LeftLowerLeg"] = CFrame.new(2.9802322387695312e-08, -0.0007266402244567871, 0.00008094310760498047, 1, 3.91155481338501e-08, -1.4901162970204496e-08, -2.2351747119842003e-08, 0.9467721581459045, 0.32190459966659546, 2.7939683899802503e-09, -0.3219044506549835, 0.9467721581459045),
        }},
        {Time = 0.097, Data = {
            ["LeftFoot"] = CFrame.new(1.30385160446167e-08, 1.1920928955078125e-07, -3.725290298461914e-09, 0.9866742491722107, -0.05274933949112892, -0.15392059087753296, 0.028806807473301888, 0.9876785278320312, -0.15382274985313416, 0.16013804078102112, 0.1473388522863388, 0.9760363698005676),
            ["LeftLowerArm"] = CFrame.new(2.682209014892578e-07, 3.5762786865234375e-07, 0.000004246830940246582, 1, -2.7008354663848877e-08, 1.4435499906539917e-08, 9.313225746154785e-09, 0.9934487342834473, -0.11427881568670273, -2.9802322387695312e-08, 0.11427883058786392, 0.9934487342834473),
            ["LowerTorso"] = CFrame.new(-0.020854005590081215, -0.03919374942779541, 1.4568954376237286e-10, 0.9704214930534363, 0.026706034317612648, -0.23993517458438873, -0.026175204664468765, 0.9996427893638611, 0.005399428308010101, 0.23999366164207458, 0.001040630741044879, 0.9707738757133484),
            ["Head"] = CFrame.new(1.7462298274040222e-09, -2.384185791015625e-07, 4.449975676834583e-08, 0.9910698533058167, -0.014597790315747261, 0.13254284858703613, 0.019296256825327873, 0.9992276430130005, -0.03423379734158516, -0.13194067776203156, 0.03648548945784569, 0.99058598279953),
            ["RightUpperArm"] = CFrame.new(5.960464477539063e-08, -2.384185791015625e-07, 2.60770320892334e-08, 0.9903829097747803, -0.11565089225769043, 0.07593860477209091, 0.10817958414554596, 0.9894791841506958, 0.09606361389160156, -0.08624951541423798, -0.0869247317314148, 0.9924743175506592),
            ["UpperTorso"] = CFrame.new(3.7325662560760975e-09, -4.172325134277344e-07, 2.6193447411060333e-10, 0.9906449317932129, -0.041466034948825836, 0.13001276552677155, 0.03012271039187908, 0.9956621527671814, 0.08803173899650574, -0.13309915363788605, -0.08329184353351593, 0.9875966906547546),
            ["HumanoidRootPart"] = CFrame.new(0, 0, 0, 1, 0, 0, 0, 1, 0, 0, 0, 1),
            ["RightHand"] = CFrame.new(7.147900760173798e-08, -1.1920928955078125e-07, -1.1175870895385742e-08, 0.9500342607498169, 0.046470172703266144, 0.30866730213165283, -0.0294832494109869, 0.9977944493293762, -0.0594736784696579, -0.31075021624565125, 0.04740150645375252, 0.9493089914321899),
            ["LeftUpperArm"] = CFrame.new(0, -2.384185791015625e-07, 7.450580596923828e-09, 0.9923756718635559, 0.1119312196969986, -0.05159487947821617, -0.10658130794763565, 0.9895778894424438, 0.09683062136173248, 0.061895497143268585, -0.09059330821037292, 0.9939627051353455),
            ["RightLowerArm"] = CFrame.new(-2.9802322387695312e-08, -1.1920928955078125e-07, -0.000004235655069351196, 1, -0.000020020874217152596, 0.0000010114163160324097, 0.000020019710063934326, 0.9949049353599548, -0.10081760585308075, 0.0000010104849934577942, 0.10081759095191956, 0.9949049949645996),
            ["LeftHand"] = CFrame.new(-2.9802322387695312e-08, 1.1920928955078125e-07, -1.4901161193847656e-08, 0.9529544711112976, -0.08214684575796127, -0.29176995158195496, 0.0598573163151741, 0.9946213960647583, -0.08453132212162018, 0.29714450240135193, 0.06308994442224503, 0.9527459144592285),
            ["RightUpperLeg"] = CFrame.new(0, -4.00636054109782e-07, 1.0986695997416973e-09, 0.9550676941871643, -0.17691056430339813, -0.2377992421388626, 0.1368987262248993, 0.974920392036438, -0.17546802759170532, 0.262877494096756, 0.1350294053554535, 0.9553337097167969),
            ["LeftUpperLeg"] = CFrame.new(5.960464477539063e-08, -3.336754161864519e-07, -2.7939677238464355e-09, 0.8408888578414917, 0.11833921074867249, 0.5281115174293518, -0.02783047966659069, 0.9839656352996826, -0.1761736273765564, -0.5404918193817139, 0.1334449052810669, 0.8306991457939148),
            ["RightLowerLeg"] = CFrame.new(-4.0978193283081055e-08, -0.0007265806198120117, 0.000046068635128904134, 1, -7.450582373280668e-09, 2.421439226907296e-08, 1.1175869119028903e-08, 0.9143742322921753, 0.4048703610897064, 2.607702853651972e-08, -0.40487009286880493, 0.9143742322921753),
            ["RightFoot"] = CFrame.new(7.450580596923828e-09, -5.960464477539063e-08, 2.590968506410718e-08, 0.9924787878990173, 0.11327005177736282, 0.0464315339922905, -0.09799434244632721, 0.9624322652816772, -0.25322186946868896, -0.07336976379156113, 0.2467670738697052, 0.9662933349609375),
            ["LeftLowerLeg"] = CFrame.new(-4.470348358154297e-08, -0.0007265210151672363, 0.00008100271224975586, 1, 3.981403651209803e-08, -1.3969836398786128e-09, -5.587935447692871e-08, 0.944450855255127, 0.32865282893180847, -9.313225746154785e-10, -0.32865265011787415, 0.944450855255127),
        }},
        {Time = 0.113, Data = {
            ["LeftFoot"] = CFrame.new(6.426125764846802e-08, -5.960464477539063e-08, 0, 0.9873603582382202, -0.04972099885344505, -0.15049119293689728, 0.02528478018939495, 0.9867721199989319, -0.16012980043888092, 0.15646223723888397, 0.15430065989494324, 0.9755567312240601),
            ["LeftLowerArm"] = CFrame.new(1.1920928955078125e-07, -2.384185791015625e-07, 0.000004157423973083496, 1, -1.862645371275562e-09, 1.862645326866641e-08, 1.3038517820973539e-08, 0.9932346343994141, -0.11612512171268463, -5.587936335871291e-09, 0.11612510681152344, 0.9932346940040588),
            ["LowerTorso"] = CFrame.new(-0.023653846234083176, -0.04352760314941406, 1.4568954376237286e-10, 0.9730240702629089, 0.03043491393327713, -0.22868718206882477, -0.029631324112415314, 0.9995367527008057, 0.006947581190615892, 0.2287926971912384, 0.000016140174921019934, 0.9734751582145691),
            ["Head"] = CFrame.new(2.3283064365386963e-09, 1.1920928955078125e-07, -6.701156962662935e-09, 0.9914388060569763, -0.012645850889384747, 0.12995827198028564, 0.01780085079371929, 0.9990968704223633, -0.038581863045692444, -0.12935301661491394, 0.040564801543951035, 0.990768551826477),
            ["RightUpperArm"] = CFrame.new(5.960464477539063e-08, 1.1920928955078125e-07, 3.725290298461914e-09, 0.9879434704780579, -0.11866600066423416, 0.09942922741174698, 0.10919340699911118, 0.9893888235092163, 0.09584638476371765, -0.10974787920713425, -0.08383380621671677, 0.9904178380966187),
            ["UpperTorso"] = CFrame.new(-1.3845237845089287e-08, 1.7881393432617188e-07, -2.8967406251467764e-10, 0.9915967583656311, -0.04404021054506302, 0.12164068967103958, 0.03260798379778862, 0.9949977993965149, 0.09442514181137085, -0.12519070506095886, -0.08966520428657532, 0.9880726337432861),
            ["HumanoidRootPart"] = CFrame.new(0, 0, 0, 1, 0, 0, 0, 1, 0, 0, 0, 1),
            ["RightHand"] = CFrame.new(-1.0686926543712616e-07, 2.384185791015625e-07, -2.3283064365386963e-08, 0.951752245426178, 0.06681552529335022, 0.2995053827762604, -0.04875873774290085, 0.9965358972549438, -0.06737049669027328, -0.3029693365097046, 0.04951651394367218, 0.9517130255699158),
            ["LeftUpperArm"] = CFrame.new(0, 3.5762786865234375e-07, 1.4901161193847656e-08, 0.9909102916717529, 0.11592090874910355, -0.06825894117355347, -0.11005411297082901, 0.9903512001037598, 0.08421830087900162, 0.07736299186944962, -0.07594062387943268, 0.9941065907478333),
            ["RightLowerArm"] = CFrame.new(-2.9802322387695312e-08, -2.980232238769531e-07, -0.000004154164344072342, 1, -0.000020028326616738923, 0.0000011101366226284881, 0.000020029025108669885, 0.9938841462135315, -0.11042770743370056, 0.0000011092053000538726, 0.11042771488428116, 0.9938842058181763),
            ["LeftHand"] = CFrame.new(-1.0058283805847168e-07, 1.7881393432617188e-07, 0, 0.9576113820075989, -0.09236577153205872, -0.27285370230674744, 0.07012055814266205, 0.9934517741203308, -0.09020468592643738, 0.2793988287448883, 0.0672483816742897, 0.9578173756599426),
            ["RightUpperLeg"] = CFrame.new(-5.960464477539063e-08, 2.460999439790612e-07, 7.617927622050047e-09, 0.9590243697166443, -0.17951101064682007, -0.21919849514961243, 0.1392858922481537, 0.972439706325531, -0.18697720766067505, 0.24672181904315948, 0.1487843245267868, 0.9575967788696289),
            ["LeftUpperLeg"] = CFrame.new(5.960464477539063e-08, 2.142649009329034e-07, -1.862645149230957e-09, 0.8490400910377502, 0.11673488467931747, 0.5152707695960999, -0.020904775708913803, 0.9819439053535461, -0.1880139708518982, -0.5279147028923035, 0.14885978400707245, 0.836150050163269),
            ["RightLowerLeg"] = CFrame.new(-3.3527612686157227e-08, -0.0007261037826538086, 0.00004608167364494875, 1, -6.519259443393821e-08, 3.539026138810186e-08, 3.3527612686157227e-08, 0.9020769000053406, 0.4315757155418396, 1.0989606380462646e-07, -0.43157559633255005, 0.9020767211914062),
            ["RightFoot"] = CFrame.new(-1.862645149230957e-08, 0, 8.365168469026685e-08, 0.9935940504074097, 0.11251834779977798, 0.010520095936954021, -0.10559230297803879, 0.9575226902961731, -0.2683295011520386, -0.040265366435050964, 0.2654995918273926, 0.963269829750061),
            ["LeftLowerLeg"] = CFrame.new(-1.1175870895385742e-07, -0.0007263422012329102, 0.00008098781108856201, 1, -9.546056389808655e-09, 1.168810257468067e-07, -1.1175870895385742e-08, 0.9379753470420837, 0.3467022478580475, 5.029141902923584e-08, -0.34670212864875793, 0.9379753470420837),
        }},
        {Time = 0.129, Data = {
            ["LeftFoot"] = CFrame.new(2.0489096641540527e-08, 0, -3.725290298461914e-08, 0.987986147403717, -0.04717668890953064, -0.14716586470603943, 0.021506935358047485, 0.9849727749824524, -0.17136575281620026, 0.15303891897201538, 0.16614185273647308, 0.9741540551185608),
            ["LeftLowerArm"] = CFrame.new(5.960464477539063e-08, 1.7881393432617188e-07, 0.000004202127456665039, 1, -3.213063237694769e-08, 8.381904059717726e-09, -1.862645371275562e-09, 0.9929550290107727, -0.11849251389503479, -5.587936335871291e-09, 0.11849252879619598, 0.9929550290107727),
            ["LowerTorso"] = CFrame.new(-0.024715851992368698, -0.04929471015930176, 2.121008924049761e-09, 0.9763886332511902, 0.03199656680226326, -0.21363863348960876, -0.03087575174868107, 0.99948650598526, 0.00858176127076149, 0.2138034999370575, -0.0017828819109126925, 0.9768750667572021),
            ["Head"] = CFrame.new(-1.6298145055770874e-09, -2.384185791015625e-07, 1.511943992227316e-08, 0.9918596148490906, -0.009985565207898617, 0.12694475054740906, 0.015473216772079468, 0.9989845156669617, -0.04231645539402962, -0.12639324367046356, 0.0439361147582531, 0.9910067915916443),
            ["RightUpperArm"] = CFrame.new(5.960464477539063e-08, -4.76837158203125e-07, -2.2351741790771484e-08, 0.9846181869506836, -0.12237709760665894, 0.12470374256372452, 0.11082059144973755, 0.9892164468765259, 0.09575875848531723, -0.13507765531539917, -0.08046608418226242, 0.9875622987747192),
            ["UpperTorso"] = CFrame.new(-3.899913281202316e-09, 2.682209014892578e-07, 1.5133991837501526e-09, 0.9929399490356445, -0.04436751827597618, 0.11000873893499374, 0.0332997627556324, 0.9943817257881165, 0.10047920048236847, -0.11384875327348709, -0.09610652923583984, 0.9888387322425842),
            ["HumanoidRootPart"] = CFrame.new(0, 0, 0, 1, 0, 0, 0, 1, 0, 0, 0, 1),
            ["RightHand"] = CFrame.new(-8.149072527885437e-08, -1.7881393432617188e-07, -4.0978193283081055e-08, 0.9529700875282288, 0.08873271197080612, 0.2897838354110718, -0.06945609301328659, 0.9946734309196472, -0.0761619508266449, -0.29499828815460205, 0.05245281010866165, 0.9540570378303528),
            ["LeftUpperArm"] = CFrame.new(5.960464477539063e-08, -1.1920928955078125e-07, 3.725290298461914e-08, 0.9889172315597534, 0.12056513130664825, -0.0866423174738884, -0.1145506277680397, 0.9908525347709656, 0.07134132832288742, 0.09445102512836456, -0.060625750571489334, 0.9936818480491638),
            ["RightLowerArm"] = CFrame.new(-2.086162567138672e-07, -4.172325134277344e-07, -0.000004302710294723511, 1, -0.00002006185422942508, 0.0000012302772347538848, 0.000020052306354045868, 0.9923779964447021, -0.12323158234357834, 0.0000012405216693878174, 0.12323157489299774, 0.9923779964447021),
            ["LeftHand"] = CFrame.new(-7.450580596923828e-09, -3.5762786865234375e-07, 1.4901161193847656e-08, 0.962352454662323, -0.10506778210401535, -0.25067639350891113, 0.08326657861471176, 0.9918854236602783, -0.09607362002134323, 0.2587365210056305, 0.07158373296260834, 0.9632918834686279),
            ["RightUpperLeg"] = CFrame.new(-2.9802322387695312e-08, 1.8747232388705015e-07, -7.283233571797609e-09, 0.9630003571510315, -0.17822293937206268, -0.20215612649917603, 0.13848137855529785, 0.9707472920417786, -0.196144700050354, 0.23119992017745972, 0.16089247167110443, 0.9595103859901428),
            ["LeftUpperLeg"] = CFrame.new(0, -2.0736479200422764e-08, -1.4901161193847656e-08, 0.8588409423828125, 0.12090183049440384, 0.4977700114250183, -0.016273953020572662, 0.9776965975761414, -0.2093910574913025, -0.5119839310646057, 0.17173291742801666, 0.8416534066200256),
