return {
    ["Hugo Hilaire 2"] = {
        {Time = 0.000, Data = {
            ["RightFoot"] = CFrame.new(8.568167686462402e-08, 3.5762786865234375e-07, 1.4733814168721437e-08, 0.9576231837272644, 0.2580846846103668, 0.12786811590194702, -0.24490654468536377, 0.963275134563446, -0.11009916663169861, -0.1515871286392212, 0.07411795109510422, 0.9856612086296082),
            ["LeftLowerArm"] = CFrame.new(0, 1.7881393432617188e-07, -2.384185791015625e-07, 1, 2.8870999813079834e-08, 8.89413058757782e-08, 6.705522537231445e-08, 0.3758355677127838, -0.9266864061355591, -7.450580596923828e-08, 0.9266863465309143, 0.3758355975151062),
            ["LeftFoot"] = CFrame.new(1.0523945093154907e-07, 0, 0, 0.9878610968589783, -0.13926050066947937, -0.06882638484239578, 0.11910755187273026, 0.96346515417099, -0.23989266157150269, 0.09971941262483597, 0.2287828028202057, 0.9683566689491272),
            ["Head"] = CFrame.new(-1.4901161193847656e-08, -1.1920928955078125e-07, -3.725290298461914e-09, 0.7561668753623962, 0.3304438889026642, -0.5648173093795776, -0.21593104302883148, 0.9407898783683777, 0.26132044196128845, 0.6177260875701904, -0.0756402537226677, 0.7827472686767578),
            ["LowerTorso"] = CFrame.new(-0.06211048364639282, -0.164656400680542, -0.000046230852603912354, 0.9966897368431091, -0.0805380567908287, -0.011098458431661129, 0.07992474734783173, 0.9956625699996948, -0.04762415960431099, 0.014885877259075642, 0.04657946899533272, 0.9988036751747131),
            ["UpperTorso"] = CFrame.new(7.392372936010361e-09, -2.9802322387695312e-08, 1.1641532182693481e-10, 0.7659024596214294, 0.0031265204306691885, 0.6429491639137268, -0.0012941118329763412, 0.9999936819076538, -0.003321165218949318, -0.642955482006073, 0.001711647491902113, 0.7659016847610474),
            ["HumanoidRootPart"] = CFrame.new(0, 0, 0, 1, 0, 0, 0, 1, 0, 0, 0, 1),
            ["RightUpperLeg"] = CFrame.new(0, 5.3958501666784286e-08, -6.81757228448987e-09, 0.8385081887245178, -0.33566200733184814, -0.4292260706424713, 0.2259296178817749, 0.9309999942779541, -0.28669628500938416, 0.4958425760269165, 0.1434222012758255, 0.8564870953559875),
            ["LeftUpperArm"] = CFrame.new(-0.0013016462326049805, -3.5762786865234375e-07, -0.000013303011655807495, 0.7940138578414917, 0.20363792777061462, 0.572777271270752, 0.1263032704591751, 0.8663983941078186, -0.4831163287162781, -0.5946340560913086, 0.4559447467327118, 0.662212073802948),
            ["RightLowerArm"] = CFrame.new(1.1920928955078125e-07, -2.384185791015625e-07, -2.8312206268310547e-07, 1, 3.725289943190546e-08, -1.7881393432617188e-07, -1.7881393432617188e-07, 0.031866930425167084, -0.9994921684265137, -6.705522537231445e-08, 0.9994921088218689, 0.03186697140336037),
            ["LeftHand"] = CFrame.new(2.9802322387695312e-08, 0, 1.6205012798309326e-07, 0.8306947946548462, 0.06949248164892197, -0.552374005317688, -0.3277644217014313, 0.8630511164665222, -0.3843349814414978, 0.45001858472824097, 0.5003134608268738, 0.739709198474884),
            ["RightHand"] = CFrame.new(-5.960464477539063e-08, -5.960464477539063e-08, 2.384185791015625e-07, 0.9699126482009888, 0.22729724645614624, 0.08720919489860535, -0.1938842386007309, 0.9378138780593872, -0.2879481613636017, -0.14723585546016693, 0.2623760402202606, 0.9536668062210083),
            ["RightUpperArm"] = CFrame.new(0.001291513442993164, -2.384185791015625e-07, -0.000013124197721481323, 0.5463347434997559, -0.4762647747993469, -0.6889776587486267, 0.11000441759824753, 0.8562703132629395, -0.5046783685684204, 0.83031165599823, 0.1999327391386032, 0.5202015042304993),
            ["RightLowerLeg"] = CFrame.new(-7.450580596923828e-09, 2.980232238769531e-07, 1.6596459317952394e-08, 1, -4.4703490686970326e-08, 3.725290298461914e-09, 8.940696716308594e-08, 0.8964701890945435, 0.44310396909713745, -1.4901161193847656e-08, -0.44310423731803894, 0.8964702486991882),
            ["LeftUpperLeg"] = CFrame.new(2.9802322387695312e-08, -5.0087692216038704e-08, 0, 0.9482332468032837, 0.2764611840248108, 0.15627840161323547, -0.11361584067344666, 0.7548514008522034, -0.6459805369377136, -0.2965554893016815, 0.5947844982147217, 0.7471855282783508),
            ["LeftLowerLeg"] = CFrame.new(3.166496753692627e-08, 5.960464477539063e-08, 7.450580596923828e-08, 1, -4.284084198502569e-08, -5.8673322200775146e-08, 7.264316082000732e-08, 0.31424087285995483, 0.9493433833122253, -1.5832483768463135e-08, -0.9493433833122253, 0.31424084305763245),
        }},
        {Time = 0.033, Data = {
            ["RightFoot"] = CFrame.new(1.3224780559539795e-07, 3.5762786865234375e-07, -2.0656443666666746e-08, 0.9346094131469727, 0.31870415806770325, 0.15790197253227234, -0.2864731252193451, 0.9376396536827087, -0.19688844680786133, -0.21080440282821655, 0.13877929747104645, 0.9676269292831421),
            ["LeftLowerArm"] = CFrame.new(-5.960464477539063e-08, -2.384185791015625e-07, -4.470348358154297e-08, 1, -2.1886080503463745e-07, -1.3504177331924438e-08, 5.960464477539063e-08, 0.3571857810020447, -0.9340333938598633, 1.9371509552001953e-07, 0.9340333342552185, 0.35718581080436707),
            ["LeftFoot"] = CFrame.new(-9.022187441587448e-09, -5.960464477539063e-08, 3.3527612686157227e-08, 0.9985849261283875, -0.04767581820487976, -0.02356267347931862, 0.036460522562265396, 0.9363052845001221, -0.3492893874645233, 0.038714513182640076, 0.3479360044002533, 0.9367185831069946),
            ["Head"] = CFrame.new(-3.3527612686157227e-08, -2.384185791015625e-07, -5.587935447692871e-09, 0.7096893191337585, 0.3540591895580292, -0.6090839505195618, -0.2754918038845062, 0.9351716041564941, 0.22261707484722137, 0.648417592048645, 0.00980867724865675, 0.761221706867218),
            ["LowerTorso"] = CFrame.new(-0.08022911101579666, -0.19506752490997314, -0.00005842745304107666, 0.9950506687164307, -0.09926711022853851, 0.004495149478316307, 0.09935948997735977, 0.9933181405067444, -0.0587090402841568, 0.0013627620646730065, 0.058865103870630264, 0.9982650279998779),
            ["UpperTorso"] = CFrame.new(3.7471181713044643e-10, -8.940696716308594e-08, 5.005858838558197e-09, 0.7492762804031372, 0.0536508671939373, 0.6600807309150696, -0.04796972870826721, 0.9984917640686035, -0.02670486830174923, -0.6605179905891418, -0.011654556728899479, 0.7507199048995972),
            ["HumanoidRootPart"] = CFrame.new(0, 0, 0, 1, 0, 0, 0, 1, 0, 0, 0, 1),
            ["RightUpperLeg"] = CFrame.new(0, -2.911838237196207e-08, 3.5433913581073284e-09, 0.9281296730041504, -0.3019257187843323, -0.21775290369987488, 0.2550891041755676, 0.941865086555481, -0.2186770737171173, 0.2711181044578552, 0.1474141776561737, 0.9511908292770386),
            ["LeftUpperArm"] = CFrame.new(-0.0014874935150146484, -0.000006198883056640625, -0.0001060832291841507, 0.7982622981071472, 0.16326725482940674, 0.5797595977783203, 0.13146480917930603, 0.8921221494674683, -0.4322442412376404, -0.5877875685691833, 0.42126229405403137, 0.6906836032867432),
            ["RightLowerArm"] = CFrame.new(-5.960464477539063e-08, 2.384185791015625e-07, -2.60770320892334e-08, 1, 2.9802322387695312e-08, 3.725290298461914e-09, 2.9802322387695312e-08, 0.023041661828756332, -0.9997345209121704, -3.91155481338501e-08, 0.9997345209121704, 0.02304166927933693),
            ["LeftHand"] = CFrame.new(-2.9802322387695312e-08, 5.960464477539063e-08, -9.685754776000977e-08, 0.8376772403717041, 0.06702735275030136, -0.5420371294021606, -0.3101644515991211, 0.875260591506958, -0.3711024224758148, 0.44954973459243774, 0.47898465394973755, 0.7539752721786499),
            ["RightHand"] = CFrame.new(-2.9802322387695312e-08, 5.960464477539063e-08, -2.9802322387695312e-08, 0.9658621549606323, 0.21175232529640198, 0.14923591911792755, -0.12900350987911224, 0.8927140235900879, -0.4317639172077179, -0.22465191781520844, 0.3977723717689514, 0.8895552754402161),
            ["RightUpperArm"] = CFrame.new(0.0011054277420043945, -0.000006079673767089844, -0.00010606460273265839, 0.6370617151260376, -0.42367586493492126, -0.6439343094825745, 0.1966528743505478, 0.8970858454704285, -0.39568257331848145, 0.7453053593635559, 0.12544263899326324, 0.6548160314559937),
            ["RightLowerLeg"] = CFrame.new(-3.725290298461914e-09, 3.5762786865234375e-07, -2.8107024263590574e-08, 1, -7.450580596923828e-09, 2.2351741790771484e-08, 9.685754776000977e-08, 0.8938601016998291, 0.4483458995819092, -1.4901161193847656e-08, -0.4483461081981659, 0.8938601613044739),
            ["LeftUpperLeg"] = CFrame.new(0, -8.966890163719654e-08, -5.820766091346741e-10, 0.9929406046867371, 0.11783748120069504, -0.013545861467719078, -0.10163773596286774, 0.7863936424255371, -0.6093069314956665, -0.061146821826696396, 0.6063823699951172, 0.7928187251091003),
            ["LeftLowerLeg"] = CFrame.new(3.457535058259964e-08, -1.7881393432617188e-07, 1.1548399925231934e-07, 1, 1.0523945093154907e-07, 2.8172511434831904e-08, -5.1746610552072525e-08, 0.3004109859466553, 0.953809916973114, 8.67876224219799e-08, -0.953809916973114, 0.30041107535362244),
        }},
        {Time = 0.067, Data = {
            ["RightFoot"] = CFrame.new(2.491287887096405e-08, 1.1920928955078125e-07, -2.8107024263590574e-08, 0.916144609451294, 0.35918089747428894, 0.17795611917972565, -0.298353910446167, 0.9074971675872803, -0.29569211602211, -0.267701655626297, 0.2178029865026474, 0.9385615587234497),
            ["LeftLowerArm"] = CFrame.new(-5.960464477539063e-08, -3.5762786865234375e-07, 5.960464477539063e-08, 1, 4.516914486885071e-08, 1.1350493878126144e-07, 7.078051567077637e-08, 0.3382038176059723, -0.9410728812217712, -8.195638656616211e-08, 0.941072940826416, 0.3382038176059723),
            ["LeftFoot"] = CFrame.new(-3.003515303134918e-08, 5.960464477539063e-08, -2.7939677238464355e-08, 0.9990510940551758, 0.03904690593481064, 0.01929795742034912, -0.02649347484111786, 0.8964658975601196, -0.4423200190067291, -0.034571174532175064, 0.4413889944553375, 0.8966497182846069),
            ["Head"] = CFrame.new(-5.587935447692871e-09, 0, 0, 0.6743001937866211, 0.31618309020996094, -0.6673436760902405, -0.30670884251594543, 0.9419795274734497, 0.13639777898788452, 0.6717507243156433, 0.11270715296268463, 0.7321531176567078),
            ["LowerTorso"] = CFrame.new(-0.09837944060564041, -0.2254810333251953, -0.00007174909114837646, 0.995798647403717, -0.08958467841148376, 0.018964841961860657, 0.09071420878171921, 0.9933525919914246, -0.07086332887411118, -0.01249050535261631, 0.07228598743677139, 0.9973057508468628),
            ["UpperTorso"] = CFrame.new(6.082700565457344e-09, 2.086162567138672e-07, 1.83936208486557e-08, 0.732977032661438, 0.0776250883936882, 0.6758098602294922, -0.07513272017240524, 0.9966278672218323, -0.03298671543598175, -0.6760915517807007, -0.026596928015351295, 0.7363375425338745),
            ["HumanoidRootPart"] = CFrame.new(0, 0, 0, 1, 0, 0, 0, 1, 0, 0, 0, 1),
            ["RightUpperLeg"] = CFrame.new(0, -3.958120942115784e-09, 2.2984750103205442e-08, 0.9541407823562622, -0.299184650182724, -0.010193164460361004, 0.2909788191318512, 0.9348952770233154, -0.2032293677330017, 0.07033266127109528, 0.1909433752298355, 0.9790780544281006),
            ["LeftUpperArm"] = CFrame.new(-0.0015954971313476562, -0.000013470649719238281, -0.0001311972737312317, 0.7973941564559937, 0.13009142875671387, 0.589269757270813, 0.1233309656381607, 0.9207447171211243, -0.3701605200767517, -0.5907216668128967, 0.3678390085697174, 0.7181521058082581),
            ["RightLowerArm"] = CFrame.new(1.1920928955078125e-07, 2.384185791015625e-07, 2.9802322387695312e-08, 1, -2.5890767574310303e-07, 3.9115551686563776e-08, 4.330649971961975e-08, -0.014644332230091095, -0.9998928308486938, 2.477318048477173e-07, 0.9998928308486938, -0.014644287526607513),
            ["LeftHand"] = CFrame.new(2.9802322387695312e-08, 1.7881393432617188e-07, 1.9976869225502014e-07, 0.8505987524986267, 0.07124364376068115, -0.5209665298461914, -0.28334301710128784, 0.8967282176017761, -0.33999302983283997, 0.4429430067539215, 0.4368099570274353, 0.7829424142837524),
            ["RightHand"] = CFrame.new(4.842877388000488e-08, -2.384185791015625e-07, -2.384185791015625e-07, 0.9483871459960938, 0.20512253046035767, 0.2418401837348938, -0.0657317265868187, 0.8732202649116516, -0.48287251591682434, -0.3102278709411621, 0.4420536160469055, 0.8416337966918945),
            ["RightUpperArm"] = CFrame.new(0.0009975433349609375, -0.000013470649719238281, -0.00013108551502227783, 0.7230227589607239, -0.38491877913475037, -0.573651134967804, 0.23786966502666473, 0.9183236956596375, -0.3163853883743286, 0.6485800743103027, 0.09229961037635803, 0.7555294632911682),
            ["RightLowerLeg"] = CFrame.new(2.0489096641540527e-08, 4.172325134277344e-07, -7.094786269590259e-08, 1, -8.009376273321323e-08, -7.450581485102248e-09, 7.078051567077637e-08, 0.8590192794799805, 0.5119431614875793, -3.91155481338501e-08, -0.5119433403015137, 0.85901939868927),
            ["LeftUpperLeg"] = CFrame.new(0, 5.74218574911356e-08, 2.60770320892334e-08, 0.98832106590271, -0.03727322444319725, -0.14775791764259338, -0.05153515562415123, 0.8307405710220337, -0.5542691349983215, 0.1434079110622406, 0.5554105639457703, 0.8191174268722534),
            ["LeftLowerLeg"] = CFrame.new(3.3527612686157227e-08, 5.960464477539063e-08, 2.2351741790771484e-08, 1, 1.136213683139431e-07, 5.587936779960501e-09, -6.891787762697277e-08, 0.35012325644493103, 0.9367037415504456, 8.940698137394065e-08, -0.9367037415504456, 0.3501232862472534),
        }},
        {Time = 0.100, Data = {
            ["RightFoot"] = CFrame.new(8.381903171539307e-09, 3.5762786865234375e-07, -5.52245182916522e-09, 0.9023225903511047, 0.3862537443637848, 0.19136925041675568, -0.2960508465766907, 0.8779776096343994, -0.37617674469947815, -0.3133174777030945, 0.28277787566185, 0.9065698981285095),
            ["LeftLowerArm"] = CFrame.new(8.940696716308594e-08, 5.960464477539063e-08, 2.384185791015625e-07, 1, -7.729977369308472e-08, 7.59027898311615e-08, 1.2665987014770508e-07, 0.32407766580581665, -0.9460305571556091, 5.587935447692871e-08, 0.9460304975509644, 0.3240776062011719),
            ["LeftFoot"] = CFrame.new(-5.3551048040390015e-08, 5.960464477539063e-08, 1.30385160446167e-08, 0.9990751147270203, 0.03855025768280029, 0.019052594900131226, -0.02472969889640808, 0.8775545954704285, -0.4788386821746826, -0.03517904132604599, 0.4779247045516968, 0.87769615650177),
            ["Head"] = CFrame.new(7.450580596923828e-09, -1.1920928955078125e-07, 0, 0.6593915820121765, 0.23685863614082336, -0.7135129570960999, -0.2986965477466583, 0.9534891843795776, 0.04048166796565056, 0.6899154186248779, 0.18643060326576233, 0.6994715929031372),
            ["LowerTorso"] = CFrame.new(-0.11732815951108932, -0.2520127296447754, -0.00008510053157806396, 0.9973924160003662, -0.06485065817832947, 0.03166650980710983, 0.06730468571186066, 0.9942052960395813, -0.08382090926170349, -0.026047172024846077, 0.08573364466428757, 0.9959775805473328),
            ["UpperTorso"] = CFrame.new(-2.112938091158867e-08, -8.940696716308594e-08, -4.656612873077393e-10, 0.7182075381278992, 0.08724989742040634, 0.6903372406959534, -0.09258083999156952, 0.9952690005302429, -0.02947090193629265, -0.6896425485610962, -0.04274577647447586, 0.7228872776031494),
            ["HumanoidRootPart"] = CFrame.new(0, 0, 0, 1, 0, 0, 0, 1, 0, 0, 0, 1),
            ["RightUpperLeg"] = CFrame.new(0, -1.5564728528261185e-07, 4.823959898203611e-09, 0.9414087533950806, -0.3068023920059204, 0.14007839560508728, 0.3310319185256958, 0.9200354814529419, -0.20964869856834412, -0.06455636024475098, 0.2437354177236557, 0.9676907658576965),
            ["LeftUpperArm"] = CFrame.new(-0.0016649961471557617, -0.000018596649169921875, -0.00011733174324035645, 0.7935474514961243, 0.1035151481628418, 0.5996391177177429, 0.10429166257381439, 0.94770747423172, -0.3016188442707062, -0.5995045900344849, 0.3018862307071686, 0.7412550449371338),
            ["RightLowerArm"] = CFrame.new(0, 1.1920928955078125e-07, -2.9802322387695312e-08, 1, -1.266598843585598e-07, 6.705523247774181e-08, 2.2351741790771484e-08, -0.09926324337720871, -0.9950612783432007, 1.043081283569336e-07, 0.9950612187385559, -0.09926323592662811),
            ["LeftHand"] = CFrame.new(1.1920928955078125e-07, -5.960464477539063e-08, 7.264316082000732e-08, 0.8683729767799377, 0.07705803960561752, -0.4898882210254669, -0.2496969997882843, 0.9214352369308472, -0.2976721227169037, 0.4284622371196747, 0.3808140158653259, 0.819390594959259),
            ["RightHand"] = CFrame.new(8.940696716308594e-08, 2.384185791015625e-07, 8.940696716308594e-08, 0.9186310768127441, 0.19415536522865295, 0.3441230058670044, -0.02772270329296589, 0.9004666209220886, -0.4340408444404602, -0.3941427171230316, 0.3891834318637848, 0.8325791954994202),
            ["RightUpperArm"] = CFrame.new(0.0009279251098632812, -0.000018835067749023438, -0.00011713802814483643, 0.8000695705413818, -0.3544221520423889, -0.48401808738708496, 0.24512742459774017, 0.9295340776443481, -0.2754615843296051, 0.5475410223007202, 0.10174236446619034, 0.830570638179779),
            ["RightLowerLeg"] = CFrame.new(-8.568167686462402e-08, 4.172325134277344e-07, -5.75528247281909e-09, 1, -1.434236907016384e-07, 2.6077035641947077e-08, 8.568168397005138e-08, 0.8052660822868347, 0.5929134488105774, -1.0430814256778831e-07, -0.5929136872291565, 0.805266261100769),
            ["LeftUpperLeg"] = CFrame.new(-5.960464477539063e-08, -4.225876182317734e-08, -4.6566128730773926e-09, 0.9586735367774963, -0.14471004903316498, -0.24495752155780792, -0.007928503677248955, 0.8470615744590759, -0.5314356088638306, 0.2843981981277466, 0.5114153623580933, 0.8109081983566284),
            ["LeftLowerLeg"] = CFrame.new(7.82310962677002e-08, 1.1920928955078125e-07, 2.9802322387695312e-08, 1, 3.0919906635062944e-07, 1.471489667892456e-07, -2.4028122425079346e-07, 0.38344261050224304, 0.9235647320747375, 2.2910535335540771e-07, -0.9235646724700928, 0.38344261050224304),
        }},
        {Time = 0.133, Data = {
            ["RightFoot"] = CFrame.new(-5.774199962615967e-08, 3.5762786865234375e-07, 1.0077201295644045e-08, 0.8908111453056335, 0.4071428179740906, 0.20171891152858734, -0.29499930143356323, 0.8558935523033142, -0.4247604310512543, -0.3455881178379059, 0.3188745379447937, 0.8825463652610779),
            ["LeftLowerArm"] = CFrame.new(0, -2.384185791015625e-07, 2.9802322387695312e-08, 1, 4.3772171665068527e-08, 5.774199962615967e-08, 4.0978193283081055e-08, 0.3193669021129608, -0.9476312398910522, -6.332993507385254e-08, 0.9476311802864075, 0.31936681270599365),
            ["LeftFoot"] = CFrame.new(-7.310882210731506e-08, 0, -2.7939677238464355e-08, 0.9991135001182556, 0.037739936262369156, 0.01865217462182045, -0.024232205003499985, 0.8778846263885498, -0.4782588481903076, -0.034423939883708954, 0.47738295793533325, 0.8780208230018616),
            ["Head"] = CFrame.new(0, 2.384185791015625e-07, 1.1175870895385742e-08, 0.6571573615074158, 0.1540060192346573, -0.7378525137901306, -0.26278236508369446, 0.9642984867095947, -0.03277293220162392, 0.7064627408981323, 0.2154315710067749, 0.6741658449172974),
            ["LowerTorso"] = CFrame.new(-0.13785021007061005, -0.2707788944244385, -0.00009767711162567139, 0.9986667633056641, -0.03015040047466755, 0.041900552809238434, 0.03410494327545166, 0.9946885704994202, -0.09711597114801407, -0.03874991461634636, 0.09841550886631012, 0.9943906664848328),
            ["UpperTorso"] = CFrame.new(-2.0256265997886658e-08, 1.4901161193847656e-07, 0, 0.7053689956665039, 0.08633825927972794, 0.7035626173019409, -0.10323403030633926, 0.9944843053817749, -0.018539858981966972, -0.7012827396392822, -0.059554167091846466, 0.7103914618492126),
            ["HumanoidRootPart"] = CFrame.new(0, 0, 0, 1, 0, 0, 0, 1, 0, 0, 0, 1),
            ["RightUpperLeg"] = CFrame.new(0, 7.939524948596954e-08, -7.639755494892597e-10, 0.9187754392623901, -0.3364180028438568, 0.2065788060426712, 0.37910977005958557, 0.8978374004364014, -0.22397302091121674, -0.11012565344572067, 0.28409692645072937, 0.952450156211853),
            ["LeftUpperArm"] = CFrame.new(-0.001707315444946289, -0.00002181529998779297, -0.0000737309455871582, 0.7884873151779175, 0.08342975378036499, 0.6093663573265076, 0.07694562524557114, 0.9695928692817688, -0.23231270909309387, -0.6102190613746643, 0.23006363213062286, 0.758091926574707),
            ["RightLowerArm"] = CFrame.new(-1.4901161193847656e-07, 0, 0, 1, 8.195640788244418e-08, -1.4202669262886047e-08, -7.450580596923828e-09, -0.19319114089012146, -0.9811612367630005, -5.21540641784668e-08, 0.9811612367630005, -0.1931910514831543),
            ["LeftHand"] = CFrame.new(5.960464477539063e-08, 0, -1.1920928955078125e-07, 0.8894650936126709, 0.07945697009563446, -0.45004281401634216, -0.21149548888206482, 0.944536566734314, -0.2512378990650177, 0.40511927008628845, 0.3186492621898651, 0.8569369912147522),
            ["RightHand"] = CFrame.new(0, -1.1920928955078125e-07, -1.3969838619232178e-09, 0.8829891681671143, 0.16132748126983643, 0.44079887866973877, -0.010787446051836014, 0.9458082914352417, -0.3245464861392975, -0.4692695140838623, 0.2818158268928528, 0.8368786573410034),
            ["RightUpperArm"] = CFrame.new(0.0008856058120727539, -0.000022292137145996094, -0.00007387995719909668, 0.8653976321220398, -0.33531659841537476, -0.37235718965530396, 0.24374280869960785, 0.9309560656547546, -0.2718643546104431, 0.4378087818622589, 0.1445113718509674, 0.8873780965805054),
            ["RightLowerLeg"] = CFrame.new(-8.195638656616211e-08, 1.7881393432617188e-07, -4.300818545743823e-08, 1, -1.303851746570217e-07, -3.3527616238870905e-08, 1.2293459406009788e-07, 0.744478702545166, 0.6676458716392517, -5.2154071283894154e-08, -0.6676461696624756, 0.7444790005683899),
            ["LeftUpperLeg"] = CFrame.new(0, 1.3702083379030228e-07, -1.30385160446167e-08, 0.9368677139282227, -0.2161245495080948, -0.2748981714248657, 0.03973919153213501, 0.8468441367149353, -0.5303543210029602, 0.34741854667663574, 0.48594772815704346, 0.8019696474075317),
            ["LeftLowerLeg"] = CFrame.new(3.725290298461914e-09, -1.1920928955078125e-07, 8.195638656616211e-08, 1, 7.078052277620372e-08, 2.421438694000244e-08, -5.587935447692871e-08, 0.39865589141845703, 0.9171006083488464, 5.774199962615967e-08, -0.9171006679534912, 0.39865589141845703),
        }},
        {Time = 0.167, Data = {
            ["RightFoot"] = CFrame.new(4.656612873077393e-10, 4.172325134277344e-07, -5.75528247281909e-09, 0.872567355632782, 0.43771612644195557, 0.2168664187192917, -0.3181833326816559, 0.8461290597915649, -0.427580326795578, -0.3706556558609009, 0.3040895164012909, 0.8775785565376282),
            ["LeftLowerArm"] = CFrame.new(8.940696716308594e-08, -2.384185791015625e-07, -1.3783574104309082e-07, 1, -3.236346231005882e-07, 9.12696123123169e-08, 1.9464644651634444e-07, 0.3253442943096161, -0.9455956220626831, 2.831220911048149e-07, 0.9455956220626831, 0.3253443241119385),
            ["LeftFoot"] = CFrame.new(3.3527612686157227e-08, -1.1920928955078125e-07, -4.936009645462036e-08, 0.9980934262275696, 0.055333830416202545, 0.027347512543201447, -0.036243390291929245, 0.884049654006958, -0.4659857451915741, -0.04996133968234062, 0.46410614252090454, 0.8843694925308228),
            ["Head"] = CFrame.new(2.3283064365386963e-08, 0, 0, 0.6569446325302124, 0.085747130215168, -0.7490469217300415, -0.21857832372188568, 0.9725037813186646, -0.08037473261356354, 0.7215588688850403, 0.21652716398239136, 0.6576235294342041),
            ["LowerTorso"] = CFrame.new(-0.16072045266628265, -0.2778961658477783, -0.00010892748832702637, 0.9987489581108093, 0.009338021278381348, 0.04912782087922096, -0.003878609277307987, 0.993916392326355, -0.11006911844015121, -0.04985677823424339, 0.10974086076021194, 0.9927090406417847),
            ["UpperTorso"] = CFrame.new(1.0477378964424133e-08, -1.7881393432617188e-07, 2.468004822731018e-08, 0.6944491267204285, 0.07866305112838745, 0.7152290344238281, -0.10953889787197113, 0.9939781427383423, -0.0029642884619534016, -0.7111551761627197, -0.07628685235977173, 0.6988839507102966),
            ["HumanoidRootPart"] = CFrame.new(0, 0, 0, 1, 0, 0, 0, 1, 0, 0, 0, 1),
            ["RightUpperLeg"] = CFrame.new(0, -7.916241884231567e-08, 2.0656443666666746e-08, 0.8964623212814331, -0.4053184390068054, 0.1790875494480133, 0.4399636685848236, 0.862298309803009, -0.25074610114097595, -0.05279487743973732, 0.30357638001441956, 0.9513433575630188),
            ["LeftUpperArm"] = CFrame.new(-0.001732468605041504, -0.000024080276489257812, -0.000011563301086425781, 0.7836279273033142, 0.06918058544397354, 0.6173665523529053, 0.04508790746331215, 0.9848256707191467, -0.167587548494339, -0.6195921897888184, 0.15916205942630768, 0.768617570400238),
            ["RightLowerArm"] = CFrame.new(1.1920928955078125e-07, 5.960464477539063e-08, -5.960464477539063e-08, 1, -1.266598843585598e-07, 1.341104507446289e-07, 1.4528632164001465e-07, -0.260841429233551, -0.9653817415237427, 1.043081283569336e-07, 0.9653817415237427, -0.26084139943122864),
            ["LeftHand"] = CFrame.new(1.4156103134155273e-07, 5.960464477539063e-08, -1.7881393432617188e-07, 0.9117069840431213, 0.07454945892095566, -0.40402084589004517, -0.17039741575717926, 0.9634429812431335, -0.20674270391464233, 0.3738384246826172, 0.25733286142349243, 0.8910806179046631),
            ["RightHand"] = CFrame.new(-1.7881393432617188e-07, 5.960464477539063e-08, -1.862645149230957e-07, 0.8502482175827026, 0.10224863886833191, 0.5163558721542358, -0.0018450133502483368, 0.9815253615379333, -0.19132333993911743, -0.526378870010376, 0.16171963512897491, 0.8347286581993103),
            ["RightUpperArm"] = CFrame.new(0.0008608102798461914, -0.000024557113647460938, -0.000011622905731201172, 0.9113835692405701, -0.3316752314567566, -0.24366311728954315, 0.25304049253463745, 0.9185109734535217, -0.30382266640663147, 0.32457756996154785, 0.21524234116077423, 0.9210430383682251),
            ["RightLowerLeg"] = CFrame.new(3.3527612686157227e-08, 2.384185791015625e-07, -1.3205863069742918e-08, 1, 7.078052277620372e-08, -3.3527616238870905e-08, -1.1175870895385742e-08, 0.6882516145706177, 0.7254717350006104, 7.82310962677002e-08, -0.7254720330238342, 0.6882519125938416),
            ["LeftUpperLeg"] = CFrame.new(0, -1.0710209608078003e-08, 1.4901161193847656e-08, 0.9430714845657349, -0.24120162427425385, -0.22899335622787476, 0.0919511541724205, 0.8507664799690247, -0.5174373388290405, 0.3196265995502472, 0.4669243097305298, 0.8245124220848083),
            ["LeftLowerLeg"] = CFrame.new(4.0978193283081055e-08, 0, 6.705522537231445e-08, 1, 2.3841855067985307e-07, 1.4528632164001465e-07, -2.1606686573250045e-07, 0.4237251281738281, 0.9057908058166504, 1.8998983364326705e-07, -0.9057908058166504, 0.4237251579761505),
        }},
        {Time = 0.200, Data = {
            ["RightFoot"] = CFrame.new(-5.555921234190464e-08, 3.5762786865234375e-07, -1.3671524357050657e-08, 0.846186637878418, 0.47749435901641846, 0.23657472431659698, -0.3767717480659485, 0.8500456809997559, -0.3680557608604431, -0.37684378027915955, 0.22230932116508484, 0.8992037773132324),
            ["LeftLowerArm"] = CFrame.new(8.940696716308594e-08, 2.384185791015625e-07, -2.2351741790771484e-08, 1, -8.521602268274364e-08, 6.845220212881031e-08, 8.940698137394065e-08, 0.3399829566478729, -0.9404316544532776, 5.7742006731587026e-08, 0.9404317140579224, 0.33998292684555054),
            ["LeftFoot"] = CFrame.new(-3.550667315721512e-09, 5.960464477539063e-08, 2.0023435354232788e-08, 0.995801568031311, 0.08206281065940857, 0.040557894855737686, -0.05523606762290001, 0.8920022249221802, -0.44864368438720703, -0.07299468666315079, 0.44451987743377686, 0.8927899599075317),
            ["Head"] = CFrame.new(-1.1175870895385742e-08, 2.384185791015625e-07, -5.587935447692871e-09, 0.657130241394043, 0.028329186141490936, -0.7532445788383484, -0.16576631367206573, 0.9802612662315369, -0.10774727165699005, 0.7353240251541138, 0.19566652178764343, 0.6488553285598755),
            ["LowerTorso"] = CFrame.new(-0.18626928329467773, -0.2687176465988159, -0.00011841952800750732, 0.9974289536476135, 0.04782414063811302, 0.05337149649858475, -0.041031863540410995, 0.9917052984237671, -0.12180805206298828, -0.05875416100025177, 0.11930495500564575, 0.9911177158355713),
            ["UpperTorso"] = CFrame.new(1.0943040251731873e-08, -1.1920928955078125e-07, 2.1420419216156006e-08, 0.6854139566421509, 0.06855618953704834, 0.7249191999435425, -0.11389189958572388, 0.9933982491493225, 0.013738755136728287, -0.7191914319992065, -0.09197915345430374, 0.6886968612670898),
            ["HumanoidRootPart"] = CFrame.new(0, 0, 0, 1, 0, 0, 0, 1, 0, 0, 0, 1),
            ["RightUpperLeg"] = CFrame.new(0, -4.842877388000488e-08, 1.673470251262188e-10, 0.8582993149757385, -0.5062604546546936, 0.08380229026079178, 0.5060555338859558, 0.8080093860626221, -0.3017098605632782, 0.085030697286129, 0.30136582255363464, 0.9497097134590149),
            ["LeftUpperArm"] = CFrame.new(-0.0017497539520263672, -0.00002586841583251953, 0.0000546872615814209, 0.7798552513122559, 0.05963299050927162, 0.6231130361557007, 0.013452168554067612, 0.9936254024505615, -0.11192765831947327, -0.6258154511451721, 0.09566959738731384, 0.7740816473960876),
            ["RightLowerArm"] = CFrame.new(1.7881393432617188e-07, -5.364418029785156e-07, -5.960464477539063e-08, 1, -1.788139627478813e-07, 2.9802322387695312e-08, -4.4703490686970326e-08, -0.2846371829509735, -0.9586353898048401, 1.4156104555240745e-07, 0.9586353302001953, -0.2846372425556183),
            ["LeftHand"] = CFrame.new(-3.725290298461914e-09, 0, 3.725290298461914e-09, 0.9328180551528931, 0.06040029600262642, -0.35524988174438477, -0.12741486728191376, 0.9774528741836548, -0.16837851703166962, 0.3370698392391205, 0.20233063399791718, 0.9194814562797546),
            ["RightHand"] = CFrame.new(8.940696716308594e-08, -1.1920928955078125e-07, 1.4901161193847656e-08, 0.8282058238983154, 0.03169284760951996, 0.5595273971557617, 0.010987457819283009, 0.9972895383834839, -0.07275203615427017, -0.5603165030479431, 0.06640154123306274, 0.8256126642227173),
            ["RightUpperArm"] = CFrame.new(0.0008431673049926758, -0.000025153160095214844, 0.000054895877838134766, 0.9332523941993713, -0.33957457542419434, -0.11717105656862259, 0.27870839834213257, 0.8902648687362671, -0.3602084517478943, 0.22663088142871857, 0.30350881814956665, 0.9254841208457947),
            ["RightLowerLeg"] = CFrame.new(9.313225746154785e-08, 4.172325134277344e-07, -3.55576048605144e-08, 1, -1.266598843585598e-07, -1.2665987014770508e-07, 2.048909948371147e-07, 0.6463939547538757, 0.7630035877227783, -5.960465188081798e-08, -0.7630038857460022, 0.6463942527770996),
            ["LeftUpperLeg"] = CFrame.new(-5.960464477539063e-08, -1.4458782970905304e-07, 1.862645149230957e-09, 0.9660331010818481, -0.224737286567688, -0.12756690382957458, 0.14033034443855286, 0.8707350492477417, -0.47130459547042847, 0.21699665486812592, 0.43739426136016846, 0.8726962804794312),
            ["LeftLowerLeg"] = CFrame.new(6.705522537231445e-08, 0, 4.0978193283081055e-08, 1, 2.710148976348137e-07, 6.332993507385254e-08, -1.9371512394172896e-07, 0.4806930124759674, 0.8768889904022217, 2.1234157543403853e-07, -0.8768890500068665, 0.48069292306900024),
        }},
        {Time = 0.233, Data = {
            ["RightFoot"] = CFrame.new(-9.778887033462524e-08, 2.980232238769531e-07, 2.4047039914876223e-08, 0.8287011981010437, 0.5015128254890442, 0.24847453832626343, -0.45175158977508545, 0.86143958568573, -0.23203933238983154, -0.3304164707660675, 0.08004268258810043, 0.9404351115226746),
            ["LeftLowerArm"] = CFrame.new(-2.9802322387695312e-08, -4.172325134277344e-07, 1.932494342327118e-08, 1, -7.997732609510422e-08, 4.500907380133867e-08, 6.979098543524742e-08, 0.3573816418647766, -0.9339584708213806, 5.8586010709404945e-08, 0.9339584708213806, 0.3573816418647766),
            ["LeftFoot"] = CFrame.new(1.4645593182649463e-08, -1.1920928955078125e-07, 2.3283064365386963e-08, 0.9917324781417847, 0.1150398701429367, 0.0568559430539608, -0.0803469866514206, 0.9021469950675964, -0.42388105392456055, -0.10005561262369156, 0.41580837965011597, 0.9039316177368164),
            ["Head"] = CFrame.new(-3.725290298461914e-08, 1.1920928955078125e-07, -3.725290298461914e-09, 0.6561846733093262, -0.023194141685962677, -0.7542438507080078, -0.10385269671678543, 0.9872404932975769, -0.12070996314287186, 0.7474198341369629, 0.1575383096933365, 0.645403265953064),
            ["LowerTorso"] = CFrame.new(-0.21304984390735626, -0.2450498342514038, -0.00012567639350891113, 0.99541836977005, 0.07730453461408615, 0.05627008527517319, -0.06938934326171875, 0.9889358878135681, -0.1311141848564148, -0.06578323245048523, 0.1266089230775833, 0.9897690415382385),
            ["UpperTorso"] = CFrame.new(-3.958120942115784e-09, -1.4901161193847656e-07, -8.381903171539307e-09, 0.6788532733917236, 0.06271367520093918, 0.7315909266471863, -0.11959812790155411, 0.9924845695495605, 0.025898661464452744, -0.724468469619751, -0.1050783172249794, 0.6812517642974854),
            ["HumanoidRootPart"] = CFrame.new(0, 0, 0, 1, 0, 0, 0, 1, 0, 0, 0, 1),
            ["RightUpperLeg"] = CFrame.new(0, -4.377216100692749e-08, -7.283233571797609e-09, 0.7890245318412781, -0.6131253242492676, -0.038958288729190826, 0.5531686544418335, 0.7365934252738953, -0.389146089553833, 0.26729172468185425, 0.2854951322078705, 0.9203519821166992),
            ["LeftUpperArm"] = CFrame.new(-0.0017722845077514648, -0.000029802322387695312, 0.00010314583778381348, 0.7773752808570862, 0.05252733826637268, 0.6268402338027954, -0.012515037320554256, 0.9976016879081726, -0.0680755227804184, -0.6289126873016357, 0.04507531598210335, 0.7761682271957397),
            ["RightLowerArm"] = CFrame.new(0, 1.1920928955078125e-07, -1.1920928955078125e-07, 1, -1.788139627478813e-07, -2.9802322387695312e-08, -1.4901162970204496e-08, -0.267856627702713, -0.963458776473999, 1.8626454334480513e-07, 0.9634588360786438, -0.2678565979003906),
            ["LeftHand"] = CFrame.new(-9.080395102500916e-09, 5.960464477539063e-08, -2.444721758365631e-07, 0.9508383870124817, 0.03708644583821297, -0.3074589967727661, -0.0829235315322876, 0.9870402216911316, -0.13738757371902466, 0.29837924242019653, 0.15612895786762238, 0.9415910243988037),
            ["RightHand"] = CFrame.new(2.9802322387695312e-08, 2.980232238769531e-07, -5.960464477539063e-08, 0.8193575143814087, -0.024809230118989944, 0.5727459192276001, 0.030909985303878784, 0.9995218515396118, -0.0009235143661499023, -0.5724490880966187, 0.018460245802998543, 0.8197324275970459),
            ["RightUpperArm"] = CFrame.new(0.0008206367492675781, -0.00002956390380859375, 0.00010314583778381348, 0.9365993738174438, -0.3499208092689514, -0.018357761204242706, 0.309908390045166, 0.8516740202903748, -0.4226207435131073, 0.16351862251758575, 0.3901371657848358, 0.9061207175254822),
            ["RightLowerLeg"] = CFrame.new(5.21540641784668e-08, 1.7881393432617188e-07, 1.0134681360796094e-07, 1, 8.940698137394065e-08, -6.705523247774181e-08, 4.4703490686970326e-08, 0.6154338717460632, 0.7881883382797241, 1.5832485189548606e-07, -0.7881885766983032, 0.6154342293739319),
            ["LeftUpperLeg"] = CFrame.new(-5.960464477539063e-08, -4.889443516731262e-08, -2.2351741790771484e-08, 0.9834043383598328, -0.1792377382516861, 0.028101913630962372, 0.17571386694908142, 0.9023747444152832, -0.3935028612613678, 0.04517209529876709, 0.39191025495529175, 0.9188938736915588),
            ["LeftLowerLeg"] = CFrame.new(3.0850060284137726e-08, -1.1920928955078125e-07, -5.21540641784668e-08, 1, 2.504675364889408e-07, 7.986090366784993e-08, -1.9604343037826766e-07, 0.5637726187705994, 0.8259299993515015, 1.6065315833202476e-07, -0.8259300589561462, 0.5637726187705994),
        }},
        {Time = 0.267, Data = {
            ["RightFoot"] = CFrame.new(3.364402800798416e-08, 2.980232238769531e-07, -1.2856617104262114e-08, 0.8386998176574707, 0.4879847764968872, 0.24177199602127075, -0.4997725486755371, 0.8660387992858887, -0.014288117177784443, -0.2163565307855606, -0.10884744673967361, 0.9702279567718506),
            ["LeftLowerArm"] = CFrame.new(5.960464477539063e-08, 4.172325134277344e-07, -6.612390279769897e-08, 1, 3.166497464235363e-08, 1.0104851355663413e-07, 7.916241884231567e-08, 0.369680792093277, -0.9291589260101318, -6.542541086673737e-08, 0.9291589260101318, 0.3696807622909546),
            ["LeftFoot"] = CFrame.new(5.4016709327697754e-08, 5.960464477539063e-08, -1.5832483768463135e-08, 0.9857142567634583, 0.15099218487739563, 0.07462434470653534, -0.11000855267047882, 0.9126825928688049, -0.3935844898223877, -0.12753652036190033, 0.3797524869441986, 0.9162546396255493),
            ["Head"] = CFrame.new(-2.2351741790771484e-08, 0, 1.1175870895385742e-08, 0.6524015665054321, -0.07425522804260254, -0.7542271018028259, -0.03224913030862808, 0.9915671944618225, -0.12551718950271606, 0.7571871280670166, 0.10621075332164764, 0.6445052623748779),
            ["LowerTorso"] = CFrame.new(-0.23917098343372345, -0.21268975734710693, -0.00013011693954467773, 0.9941988587379456, 0.08928866684436798, 0.05996812880039215, -0.08042608201503754, 0.9873398542404175, -0.13671810925006866, -0.07141629606485367, 0.13110201060771942, 0.9887931942939758),
            ["UpperTorso"] = CFrame.new(1.955777406692505e-08, -2.9802322387695312e-08, -2.0489096641540527e-08, 0.6753770112991333, 0.06849470734596252, 0.7342849373817444, -0.1300039440393448, 0.9911425113677979, 0.027119766920804977, -0.725923478603363, -0.11377599835395813, 0.6782994866371155),
            ["HumanoidRootPart"] = CFrame.new(0, 0, 0, 1, 0, 0, 0, 1, 0, 0, 0, 1),
            ["RightUpperLeg"] = CFrame.new(0, 6.426125764846802e-08, -4.919274942949414e-08, 0.6899765729904175, -0.7052304744720459, -0.1630406528711319, 0.5556231141090393, 0.6603882908821106, -0.5051440000534058, 0.46391305327415466, 0.25794827938079834, 0.8474947810173035),
            ["LeftUpperArm"] = CFrame.new(-0.0018138885498046875, -0.00003457069396972656, 0.00010794401168823242, 0.7757321000099182, 0.0450320690870285, 0.6294536590576172, -0.027484431862831116, 0.9989151954650879, -0.037592362612485886, -0.6304636597633362, 0.011861446313560009, 0.7761281728744507),
            ["RightLowerArm"] = CFrame.new(1.1920928955078125e-07, -2.384185791015625e-07, -1.7881393432617188e-07, 1, -1.341104507446289e-07, 1.9371509552001953e-07, 1.7881390590446244e-07, -0.22661635279655457, -0.9739841222763062, 1.4901159772762185e-07, 0.9739841222763062, -0.22661645710468292),
            ["LeftHand"] = CFrame.new(-1.0803341865539551e-07, 5.960464477539063e-08, 1.0244548320770264e-07, 0.9646104574203491, 0.006049622315913439, -0.2636096775531769, -0.03706585615873337, 0.9929209351539612, -0.11284606903791428, 0.2610608637332916, 0.11862342059612274, 0.9580062031745911),
            ["RightHand"] = CFrame.new(-2.9802322387695312e-08, 1.1920928955078125e-07, -5.960464477539063e-08, 0.8215072751045227, -0.0454057939350605, 0.5683871507644653, 0.05241958424448967, 0.9986171126365662, 0.004011296667158604, -0.5677834153175354, 0.026499290019273758, 0.8227514624595642),
            ["RightUpperArm"] = CFrame.new(0.000779271125793457, -0.000034689903259277344, 0.0001080632209777832, 0.9332966804504395, -0.3577275574207306, 0.031436748802661896, 0.3290453255176544, 0.8168251514434814, -0.4738418161869049, 0.14382800459861755, 0.45257896184921265, 0.8800488114356995),
