return {
    ["Hugo Hilaire 1"] = {
        {Time = 0.000, Data = {
            ["RightFoot"] = CFrame.new(-2.421438694000244e-08, 3.5762786865234375e-07, -3.183231456205249e-08, 0.9442140460014343, 0.2950989902019501, 0.14620687067508698, -0.24265477061271667, 0.9235423803329468, -0.2969648540019989, -0.22266225516796112, 0.2449207454919815, 0.9436289072036743),
            ["LeftLowerArm"] = CFrame.new(-2.086162567138672e-07, 1.7881393432617188e-07, -7.636845111846924e-08, 1, -5.21540641784668e-08, 7.450580596923828e-09, 4.470347647611561e-08, 0.9338977336883545, -0.35754039883613586, 3.4691762351712896e-08, 0.35754039883613586, 0.9338976740837097),
            ["LeftFoot"] = CFrame.new(-9.778887033462524e-08, -5.960464477539063e-08, -3.91155481338501e-08, 0.9933301210403442, -0.10336999595165253, -0.051088396459817886, 0.06569808721542358, 0.8715031147003174, -0.4859694540500641, 0.09475831687450409, 0.4793716073036194, 0.8724814653396606),
            ["Head"] = CFrame.new(-2.444721758365631e-08, 1.1920928955078125e-07, 2.561137080192566e-09, 0.9902931451797485, -0.1385766565799713, 0.010776180773973465, 0.13859403133392334, 0.9903489351272583, -0.0008753110305406153, -0.010550880804657936, 0.0023603281006217003, 0.9999416470527649),
            ["LowerTorso"] = CFrame.new(0.08301547169685364, -0.30242133140563965, -0.0001033395528793335, 0.9953173995018005, -0.09665736556053162, 0.0007986595737747848, 0.09621091187000275, 0.9898563623428345, -0.10453622788190842, 0.00931363832205534, 0.1041235700249672, 0.9945207834243774),
            ["UpperTorso"] = CFrame.new(-5.529727786779404e-10, 5.960464477539063e-08, -1.6130798030644655e-08, 0.9803905487060547, 0.197061687707901, -0.0010788067011162639, -0.19581522047519684, 0.9747756123542786, 0.10709326714277267, 0.022155575454235077, -0.10478199273347855, 0.9942483901977539),
            ["HumanoidRootPart"] = CFrame.new(0, 0, 0, 1, 0, 0, 0, 1, 0, 0, 0, 1),
            ["RightUpperLeg"] = CFrame.new(5.960464477539063e-08, 8.975621312856674e-08, -2.5065673980861902e-08, 0.9258388876914978, -0.2814532220363617, -0.25220316648483276, 0.08083993941545486, 0.7993945479393005, -0.5953430533409119, 0.3691710829734802, 0.5308035612106323, 0.7628632187843323),
            ["LeftUpperArm"] = CFrame.new(-0.0020760297775268555, -0.0001004934310913086, 0.0004261559806764126, 0.42892715334892273, 0.03992535546422005, -0.9024564623832703, -0.2677557170391083, 0.9597477316856384, -0.08480123430490494, 0.8627447485923767, 0.27801135182380676, 0.4223521053791046),
            ["RightLowerArm"] = CFrame.new(-2.9802322387695312e-08, 3.5762786865234375e-07, 7.450580596923828e-08, 1, 1.7136335372924805e-07, 7.450579886381092e-08, -1.4156103134155273e-07, 0.999983012676239, -0.005839891266077757, -6.332993507385254e-08, 0.005839921534061432, 0.9999829530715942),
            ["LeftHand"] = CFrame.new(5.960464477539063e-08, 5.960464477539063e-08, -1.4901161193847656e-08, 0.980400800704956, 0.19335320591926575, -0.03779955953359604, -0.1769067645072937, 0.9484299421310425, 0.26302993297576904, 0.0867079421877861, -0.2511877119541168, 0.9640468955039978),
            ["RightHand"] = CFrame.new(1.5692785382270813e-07, 1.7881393432617188e-07, -8.265487849712372e-08, 0.999987006187439, -0.001885153353214264, -0.004736620932817459, 0.0009323954582214355, 0.9810785055160522, -0.1936083883047104, 0.0050118789076805115, 0.19360141456127167, 0.9810674786567688),
            ["RightUpperArm"] = CFrame.new(0.001567840576171875, 0.0002504587173461914, -0.0012817522510886192, 0.8318622708320618, -0.3460836112499237, -0.43385639786720276, 0.19189243018627167, 0.9128941893577576, -0.3602798581123352, 0.5207518935203552, 0.21644942462444305, 0.8258131146430969),
            ["RightLowerLeg"] = CFrame.new(7.450580596923828e-08, 2.980232238769531e-07, 3.149762051180005e-08, 1, -1.6391278734317893e-07, -8.56816981809061e-08, 9.685754776000977e-08, 0.3055013418197632, 0.9521916508674622, -1.7136335372924805e-07, -0.9521916508674622, 0.30550166964530945),
            ["LeftUpperLeg"] = CFrame.new(0, 6.851041689515114e-08, -2.764863893389702e-09, 0.9117905497550964, 0.3926328122615814, 0.1203228309750557, -0.23922103643417358, 0.7459918260574341, -0.621505856513977, -0.33378341794013977, 0.537899374961853, 0.7741142511367798),
            ["LeftLowerLeg"] = CFrame.new(-5.21540641784668e-08, 1.1920928955078125e-07, -1.4901161193847656e-08, 1, -3.725290298461914e-08, -5.21540641784668e-08, 6.705523247774181e-08, 0.2671278417110443, 0.9636610746383667, -1.4901162970204496e-08, -0.9636610746383667, 0.2671279013156891),
        }},
        {Time = 0.033, Data = {
            ["RightFoot"] = CFrame.new(7.450580596923828e-08, 2.980232238769531e-07, -3.55576048605144e-08, 0.9478479623794556, 0.28559258580207825, 0.14149682223796844, -0.2562447190284729, 0.946832537651062, -0.19454267621040344, -0.18953374028205872, 0.1481391191482544, 0.9706347584724426),
            ["LeftLowerArm"] = CFrame.new(1.4901161193847656e-07, 1.1920928955078125e-07, 5.21540641784668e-08, 1, -7.078051567077637e-08, -1.341104507446289e-07, 4.842877388000488e-08, 0.9985941648483276, -0.05300767719745636, 9.313225746154785e-08, 0.05300766974687576, 0.9985941052436829),
            ["LeftFoot"] = CFrame.new(-1.30385160446167e-08, 0, -2.60770320892334e-08, 0.9923906922340393, -0.11038394272327423, -0.05455498397350311, 0.0631861612200737, 0.8368300795555115, -0.5438041090965271, 0.10568045824766159, 0.5362189412117004, 0.837437093257904),
            ["Head"] = CFrame.new(-4.0745362639427185e-10, 1.1920928955078125e-07, -4.656612873077393e-10, 0.999642014503479, -0.024540595710277557, 0.01066218875348568, 0.02455127239227295, 0.9996982216835022, -0.0008719846955500543, -0.010637572035193443, 0.001133442739956081, 0.9999427795410156),
            ["LowerTorso"] = CFrame.new(0.08017013967037201, -0.3582812547683716, -0.00010335445404052734, 0.9950969815254211, -0.098898746073246, 0.0010350847151130438, 0.09846450388431549, 0.9896335601806641, -0.10454758256673813, 0.009315269067883492, 0.10413690656423569, 0.9945193529129028),
            ["UpperTorso"] = CFrame.new(-9.837094694375992e-09, 1.4901161193847656e-07, -6.875779945403337e-10, 0.9801557064056396, 0.19822685420513153, -0.000962557562161237, -0.19698591530323029, 0.9745397567749023, 0.10709306597709656, 0.022166777402162552, -0.10477828234434128, 0.9942485690116882),
            ["HumanoidRootPart"] = CFrame.new(0, 0, 0, 1, 0, 0, 0, 1, 0, 0, 0, 1),
            ["RightUpperLeg"] = CFrame.new(-5.960464477539063e-08, 1.3571116141974926e-07, 2.9613147489726543e-09, 0.7863668203353882, -0.49852681159973145, -0.3648262321949005, 0.08358996361494064, 0.6709993481636047, -0.7367311120033264, 0.6120783686637878, 0.5488450527191162, 0.5693235397338867),
            ["LeftUpperArm"] = CFrame.new(-0.0020804405212402344, -0.00010144710540771484, 0.00042620953172445297, 0.3541162610054016, -0.19429416954517365, -0.9147959351539612, -0.2577100694179535, 0.9200340509414673, -0.2951659560203552, 0.8989923596382141, 0.3402751684188843, 0.27572745084762573),
            ["RightLowerArm"] = CFrame.new(0, 3.5762786865234375e-07, -4.470348358154297e-08, 1, -2.3283067140944524e-10, 1.9528670236468315e-08, 5.937182301352095e-09, 0.9899042844772339, -0.14173759520053864, 3.5506677598107217e-09, 0.14173763990402222, 0.9899042844772339),
            ["LeftHand"] = CFrame.new(8.940696716308594e-08, -5.960464477539063e-08, -1.4901161193847656e-08, 0.9908140897750854, 0.1345214992761612, -0.013839617371559143, -0.13503630459308624, 0.9896866083145142, -0.047810040414333344, 0.00726537499576807, 0.04923977702856064, 0.9987605810165405),
            ["RightHand"] = CFrame.new(1.1327210813760757e-07, 1.1920928955078125e-07, 1.043081283569336e-07, 0.9975476861000061, 0.06992863118648529, 0.0029345012735575438, -0.06913654506206512, 0.9910429120063782, -0.11425460129976273, -0.010897817090153694, 0.11377149820327759, 0.9934471845626831),
            ["RightUpperArm"] = CFrame.new(0.001465439796447754, 0.00008440017700195312, -0.0009273746982216835, 0.7345277070999146, -0.1707332581281662, -0.6567490100860596, 0.07203222066164017, 0.9819798469543457, -0.1747196465730667, 0.6747447848320007, 0.08102932572364807, 0.7335896492004395),
            ["RightLowerLeg"] = CFrame.new(4.470348358154297e-08, 2.384185791015625e-07, 4.639878170564771e-08, 1, -3.7252908668961027e-07, -2.98023280720372e-07, 3.0919909477233887e-07, 0.11751490086317062, 0.9930710792541504, -3.0547380447387695e-07, -0.9930711388587952, 0.11751504242420197),
            ["LeftUpperLeg"] = CFrame.new(-5.960464477539063e-08, 7.130438461899757e-08, -5.238689482212067e-10, 0.8973137736320496, 0.41767576336860657, 0.1427408754825592, -0.23635870218276978, 0.7277930974960327, -0.6437792778015137, -0.3727768659591675, 0.5439339876174927, 0.7517801523208618),
            ["LeftLowerLeg"] = CFrame.new(-2.2351741790771484e-08, 0, 7.450580596923828e-08, 1, -7.450581307466564e-08, 2.980232594040899e-08, 1.4901162970204496e-08, 0.22472068667411804, 0.974423348903656, -5.2154071283894154e-08, -0.9744232892990112, 0.22472062706947327),
        }},
        {Time = 0.067, Data = {
            ["RightFoot"] = CFrame.new(-4.470348358154297e-08, 0, 6.875052349641919e-08, 0.9951099157333374, 0.08850715309381485, 0.04385121911764145, -0.08140866458415985, 0.9863193035125732, -0.1433417797088623, -0.05593804270029068, 0.13907112181186676, 0.9887012839317322),
            ["LeftLowerArm"] = CFrame.new(-5.960464477539063e-08, -5.960464477539063e-08, 1.4901161193847656e-08, 1, -4.4703490686970326e-08, -1.4901162970204496e-08, 1.0430814256778831e-07, 0.9999886155128479, -0.004787512589246035, 2.2351745343485163e-08, 0.004787531215697527, 0.9999885559082031),
            ["LeftFoot"] = CFrame.new(1.862645149230957e-08, 5.960464477539063e-08, 3.725290298461914e-08, 0.9933294057846069, -0.10337570309638977, -0.05109144747257233, 0.05417516082525253, 0.8094997406005859, -0.5846155285835266, 0.10179349035024643, 0.5779478549957275, 0.8097002506256104),
            ["Head"] = CFrame.new(3.4633558243513107e-09, 0, 2.0954757928848267e-09, 0.9956870079040527, 0.09220273792743683, 0.010300222784280777, -0.09219875931739807, 0.9957403540611267, -0.0008601305307820439, -0.010335653088986874, -0.00009324705752078444, 0.9999465942382812),
            ["LowerTorso"] = CFrame.new(0.07351045310497284, -0.4181845188140869, -0.00010336935520172119, 0.9949929118156433, -0.09993890672922134, 0.0011445359559729695, 0.0995103120803833, 0.9895284175872803, -0.1045522689819336, 0.009316287003457546, 0.10414265841245651, 0.9945187568664551),
            ["UpperTorso"] = CFrame.new(-2.153683453798294e-09, 0, -7.181370165199041e-09, 0.9806219935417175, 0.19590860605239868, -0.0006158858304843307, -0.19471946358680725, 0.975006103515625, 0.10699262470006943, 0.0215612705796957, -0.10479938983917236, 0.9942596554756165),
            ["HumanoidRootPart"] = CFrame.new(0, 0, 0, 1, 0, 0, 0, 1, 0, 0, 0, 1),
            ["RightUpperLeg"] = CFrame.new(0, 7.872586138546467e-08, -1.2878444977104664e-09, 0.5677163004875183, -0.7085374593734741, -0.4191335439682007, -0.010934789665043354, 0.5026013255119324, -0.8644492030143738, 0.8231517672538757, 0.49534493684768677, 0.2775872051715851),
            ["LeftUpperArm"] = CFrame.new(-0.002071380615234375, -0.00009942054748535156, 0.00042587239295244217, 0.29689928889274597, -0.3148570656776428, -0.9015076160430908, -0.245722696185112, 0.8870941996574402, -0.3907485008239746, 0.9227519631385803, 0.3375338613986969, 0.18601004779338837),
            ["RightLowerArm"] = CFrame.new(-1.1920928955078125e-07, -1.7881393432617188e-07, 2.9802322387695312e-08, 1, 4.4703490686970326e-08, -3.9115551686563776e-08, -7.078052277620372e-08, 0.88796067237854, -0.4599195122718811, -2.0489098417897367e-08, 0.4599195420742035, 0.88796067237854),
            ["LeftHand"] = CFrame.new(-5.960464477539063e-08, 0, -4.470348358154297e-08, 0.9991683959960938, 0.04077502712607384, 0.00012671203876379877, -0.040606316179037094, 0.9953065514564514, -0.08784117549657822, -0.0037077968008816242, 0.08776301145553589, 0.9961345195770264),
            ["RightHand"] = CFrame.new(1.564621925354004e-07, -2.980232238769531e-07, 0, 0.9821155071258545, 0.18701303005218506, 0.021805038675665855, -0.18716822564601898, 0.9823136925697327, 0.0052902852185070515, -0.020430056378245354, -0.009276888333261013, 0.9997483491897583),
            ["RightUpperArm"] = CFrame.new(0.001275777816772461, -0.00004839897155761719, -0.0005295677110552788, 0.6375563144683838, 0.1282181590795517, -0.7596592307090759, 0.00757843442261219, 0.9849618077278137, 0.172605961561203, 0.7703664898872375, -0.11580303311347961, 0.6269969940185547),
            ["RightLowerLeg"] = CFrame.new(-3.3527612686157227e-08, 1.7881393432617188e-07, 6.129994289949536e-08, 1, -2.980231954552437e-07, -2.7567156735130993e-07, 2.831220911048149e-07, -0.08929545432329178, 0.9960052371025085, -2.79396800806353e-07, -0.9960052371025085, -0.08929526805877686),
            ["LeftUpperLeg"] = CFrame.new(0, 1.4953548088669777e-07, -1.539592631161213e-08, 0.8888496160507202, 0.43878093361854553, 0.13197597861289978, -0.23131388425827026, 0.6783381104469299, -0.6973889470100403, -0.3955253064632416, 0.5893459916114807, 0.704436719417572),
            ["LeftLowerLeg"] = CFrame.new(7.450580596923828e-09, 0, 7.450580596923828e-08, 1, -9.685754776000977e-08, -3.725290742551124e-09, 2.980232594040899e-08, 0.10589878261089325, 0.9943770170211792, -5.960465188081798e-08, -0.9943769574165344, 0.10589880496263504),
        }},
        {Time = 0.100, Data = {
            ["RightFoot"] = CFrame.new(2.9802322387695312e-08, 3.5762786865234375e-07, 1.6596459317952394e-08, 0.998638927936554, -0.04673581197857857, -0.023155122995376587, 0.04262267053127289, 0.9871269464492798, -0.1541549265384674, 0.030061624944210052, 0.15295840799808502, 0.9877753853797913),
            ["LeftLowerArm"] = CFrame.new(-5.960464477539063e-08, 1.1920928955078125e-07, -3.725290298461914e-08, 1, -1.043081283569336e-07, 1.4901162970204496e-08, 1.4156103134155273e-07, 0.9999885559082031, -0.004787877667695284, 0, 0.00478789210319519, 0.9999886155128479),
            ["LeftFoot"] = CFrame.new(8.288770914077759e-08, -5.960464477539063e-08, -2.7939677238464355e-08, 0.9941627383232117, -0.09672340005636215, -0.04780350252985954, 0.04669015854597092, 0.7851244211196899, -0.6175755858421326, 0.09726571291685104, 0.6117388010025024, 0.7850574851036072),
            ["Head"] = CFrame.new(8.585629984736443e-09, -1.1920928955078125e-07, 5.587935447692871e-09, 0.988760232925415, 0.14919796586036682, 0.009660447016358376, -0.14919689297676086, 0.9888072609901428, -0.0008360205101780593, -0.009677053429186344, -0.0006146850646473467, 0.9999530911445618),
            ["LowerTorso"] = CFrame.new(0.06380625069141388, -0.47289586067199707, -0.00010335445404052734, 0.9958810210227966, -0.09066984802484512, 0.0001661023125052452, 0.09019025415182114, 0.9904218316078186, -0.10454825311899185, 0.009314863942563534, 0.10413260012865067, 0.994519829750061),
            ["UpperTorso"] = CFrame.new(4.650792106986046e-08, 1.4901161193847656e-07, 2.5570443540345877e-08, 0.983522891998291, 0.18078385293483734, -0.00003527316221152432, -0.1797482669353485, 0.9779097437858582, 0.10669158399105072, 0.019322607666254044, -0.10492724925279617, 0.994292140007019),
            ["HumanoidRootPart"] = CFrame.new(0, 0, 0, 1, 0, 0, 0, 1, 0, 0, 0, 1),
            ["RightUpperLeg"] = CFrame.new(0, 1.438602339476347e-07, 1.7411366570740938e-08, 0.4428313672542572, -0.8114752769470215, -0.38132444024086, -0.08644711226224899, 0.38467472791671753, -0.9189952611923218, 0.8924278020858765, 0.4399242699146271, 0.10019626468420029),
            ["LeftUpperArm"] = CFrame.new(-0.002011895179748535, -0.0000883340835571289, 0.00042458390817046165, 0.25536850094795227, -0.4148152470588684, -0.8733357787132263, -0.2443067878484726, 0.8462873101234436, -0.4734046757221222, 0.9354684352874756, 0.33425450325012207, 0.1147729754447937),
            ["RightLowerArm"] = CFrame.new(-5.960464477539063e-08, -1.1920928955078125e-07, 8.940696716308594e-08, 1, -1.862645149230957e-08, 5.634501576423645e-08, 1.4901162970204496e-08, 0.8062851428985596, -0.5915270447731018, 0, 0.5915271043777466, 0.8062852025032043),
            ["LeftHand"] = CFrame.new(1.4901161193847656e-08, 0, -2.2351741790771484e-08, 0.9988206028938293, -0.048049427568912506, 0.006976434029638767, 0.04839767515659332, 0.996782660484314, -0.0638907328248024, -0.003884062170982361, 0.06415298581123352, 0.997932493686676),
            ["RightHand"] = CFrame.new(8.940696716308594e-08, 5.960464477539063e-08, -4.470348358154297e-08, 0.9493336081504822, 0.3090043067932129, -0.05728916823863983, -0.3137783408164978, 0.942160427570343, -0.11780029535293579, 0.0175748523324728, 0.12980788946151733, 0.99138343334198),
            ["RightUpperArm"] = CFrame.new(0.0010415315628051758, -0.00010883808135986328, -0.00012757349759340286, 0.7085397839546204, 0.37979191541671753, -0.5947516560554504, -0.058588698506355286, 0.8715680241584778, 0.48676127195358276, 0.7032345533370972, -0.31004399061203003, 0.6397921442985535),
            ["RightLowerLeg"] = CFrame.new(3.3527612686157227e-08, 4.172325134277344e-07, 2.8383510652929544e-08, 1, -5.066394237474015e-07, -4.0978213178277656e-07, 2.5331974029541016e-07, -0.2102527916431427, 0.9776471853256226, -5.975889507681131e-07, -0.977647066116333, -0.21025273203849792),
            ["LeftUpperLeg"] = CFrame.new(5.960464477539063e-08, 2.507586032152176e-07, 1.0397343430668116e-08, 0.8880650401115417, 0.44239071011543274, 0.12502433359622955, -0.21690090000629425, 0.6429937481880188, -0.7345155477523804, -0.40533262491226196, 0.625179648399353, 0.6669750809669495),
            ["LeftLowerLeg"] = CFrame.new(0, -1.1920928955078125e-07, -4.470348358154297e-08, 1, -7.4505797087454084e-09, 1.862645326866641e-08, 4.0978193283081055e-08, 0.0092621436342597, 0.9999572038650513, -3.725290298461914e-08, -0.9999570846557617, 0.009262182749807835),
        }},
        {Time = 0.133, Data = {
            ["RightFoot"] = CFrame.new(4.0978193283081055e-08, 4.76837158203125e-07, 5.3849362302571535e-08, 0.9980587959289551, 0.05580654740333557, 0.027649346739053726, -0.04813908040523529, 0.9729265570640564, -0.22604534029960632, -0.0395156629383564, 0.22427566349506378, 0.973724365234375),
            ["LeftLowerArm"] = CFrame.new(-1.1920928955078125e-07, 1.1920928955078125e-07, -5.960464477539063e-08, 1, 1.4901162970204496e-08, -4.0978196835794733e-08, 3.725290298461914e-08, 0.9999886155128479, -0.0047862292267382145, 1.4901161193847656e-08, 0.0047861807979643345, 0.9999886155128479),
            ["LeftFoot"] = CFrame.new(7.404014468193054e-08, 5.960464477539063e-08, 3.166496753692627e-08, 0.9932016730308533, -0.1043572798371315, -0.051576320081949234, 0.047330092638731, 0.7668193578720093, -0.6401157379150391, 0.10635047405958176, 0.6333228349685669, 0.766545295715332),
            ["Head"] = CFrame.new(-2.7241185307502747e-08, 1.1920928955078125e-07, 5.3551048040390015e-09, 0.9928587675094604, 0.11897744238376617, 0.008713028393685818, -0.11897509545087814, 0.9928969740867615, -0.0007933186716400087, -0.00874552596360445, -0.0002489797188900411, 0.999961793422699),
            ["LowerTorso"] = CFrame.new(0.0517352819442749, -0.49753308296203613, -0.00010336935520172119, 0.9976359605789185, -0.06868679821491241, -0.0021528350189328194, 0.06808611005544662, 0.9921876788139343, -0.10453635454177856, 0.009316284209489822, 0.10414265096187592, 0.9945187568664551),
            ["UpperTorso"] = CFrame.new(1.4260876923799515e-09, -8.940696716308594e-08, -4.114554030820727e-09, 0.9886711239814758, 0.15009574592113495, 0.0008210702217184007, -0.14933276176452637, 0.9830643534660339, 0.10622768849134445, 0.015137162990868092, -0.10514688491821289, 0.9943414926528931),
            ["HumanoidRootPart"] = CFrame.new(0, 0, 0, 1, 0, 0, 0, 1, 0, 0, 0, 1),
            ["RightUpperLeg"] = CFrame.new(5.960464477539063e-08, -4.4354237616062164e-08, -3.092281986027956e-09, 0.5722907781600952, -0.7611234784126282, -0.3052447736263275, -0.012894921004772186, 0.3638284504413605, -0.9313768148422241, 0.8199494481086731, 0.5369544625282288, 0.19840097427368164),
            ["LeftUpperArm"] = CFrame.new(-0.0018908977508544922, -0.00006747245788574219, 0.00042276084423065186, 0.23466257750988007, -0.5128381252288818, -0.8257908821105957, -0.252066969871521, 0.7883516550064087, -0.5612166523933411, 0.938826858997345, 0.339851051568985, 0.05572708696126938),
            ["RightLowerArm"] = CFrame.new(5.960464477539063e-08, 0, 1.7508864402770996e-07, 1, 7.264316792543468e-08, -3.725290298461914e-09, 0, 0.7364436984062195, -0.6764989495277405, -7.497146725654602e-08, 0.6764988303184509, 0.7364435791969299),
            ["LeftHand"] = CFrame.new(8.940696716308594e-08, 1.1920928955078125e-07, 2.2351741790771484e-08, 0.9919425249099731, -0.12622115015983582, 0.010876714251935482, 0.12662674486637115, 0.9904851317405701, -0.053898122161626816, -0.003970142919570208, 0.054841168224811554, 0.9984872341156006),
            ["RightHand"] = CFrame.new(-4.470348358154297e-08, 1.7881393432617188e-07, -1.4901161193847656e-08, 0.9484744668006897, 0.26246893405914307, -0.17749986052513123, -0.31622040271759033, 0.8195090889930725, -0.4779224395751953, 0.020022908225655556, 0.5094262361526489, 0.8602814078330994),
            ["RightUpperArm"] = CFrame.new(0.0008102655410766602, -0.00008237361907958984, 0.00024769315496087074, 0.8778314590454102, 0.4770098626613617, -0.04328525811433792, -0.3149709403514862, 0.6429836750030518, 0.6981156468391418, 0.36083975434303284, -0.5991942286491394, 0.7146754264831543),
            ["RightLowerLeg"] = CFrame.new(2.2351741790771484e-08, 2.384185791015625e-07, -2.438173396512866e-08, 1, -2.0489093799369584e-07, -3.632158893651649e-07, 3.520399332046509e-07, -0.2793130576610565, 0.9602001905441284, -3.2782554626464844e-07, -0.9602000713348389, -0.2793129086494446),
            ["LeftUpperLeg"] = CFrame.new(0, -1.930748112499714e-07, -3.14321368932724e-09, 0.9237189888954163, 0.3730141222476959, 0.08719995617866516, -0.19967901706695557, 0.6631180047988892, -0.7213894724845886, -0.32691240310668945, 0.6489490866661072, 0.6870177984237671),
            ["LeftLowerLeg"] = CFrame.new(1.4901161193847656e-08, 0, -6.705522537231445e-08, 1, -5.960465188081798e-08, -8.195637946073475e-08, 9.313225746154785e-08, -0.014858929440379143, 0.999889612197876, 0, -0.9998896718025208, -0.014859011396765709),
        }},
        {Time = 0.167, Data = {
            ["RightFoot"] = CFrame.new(4.470348358154297e-08, 3.5762786865234375e-07, -5.790934665128589e-08, 0.9650534391403198, 0.23481327295303345, 0.11633835732936859, -0.17117978632450104, 0.9010111689567566, -0.3985929787158966, -0.1984170377254486, 0.36474886536598206, 0.9097192883491516),
            ["LeftLowerArm"] = CFrame.new(1.1920928955078125e-07, -1.7881393432617188e-07, 2.9802322387695312e-08, 1, -8.940698137394065e-08, 2.421439049271612e-08, 1.1920930376163597e-07, 0.9112851619720459, -0.41177600622177124, 2.980232594040899e-08, 0.41177600622177124, 0.9112852215766907),
            ["LeftFoot"] = CFrame.new(9.156065061688423e-08, 0, -5.820766091346741e-09, 0.9910094141960144, -0.11994300037622452, -0.059279248118400574, 0.05300302058458328, 0.7587770223617554, -0.6491903066635132, 0.12284556031227112, 0.6402117013931274, 0.7583127021789551),
            ["Head"] = CFrame.new(2.9685907065868378e-08, -1.1920928955078125e-07, -1.7462298274040222e-09, 0.9983576536178589, 0.0568062886595726, 0.007428337354212999, -0.05680248141288757, 0.9983851313591003, -0.0007216861704364419, -0.007457338739186525, 0.00029855273896828294, 0.9999722242355347),
            ["LowerTorso"] = CFrame.new(0.0379113033413887, -0.4840759038925171, -0.00010339915752410889, 0.9991238713264465, -0.04154954478144646, -0.005010995082557201, 0.040799662470817566, 0.9936909675598145, -0.10446835309267044, 0.009319992735981941, 0.10417237877845764, 0.994515597820282),
            ["UpperTorso"] = CFrame.new(7.07223080098629e-09, 1.7881393432617188e-07, 4.540197551250458e-09, 0.9938212633132935, 0.11097374558448792, 0.0020177261903882027, -0.11056414246559143, 0.9882313013076782, 0.10570990294218063, 0.009737039916217327, -0.105279840528965, 0.9943950176239014),
            ["HumanoidRootPart"] = CFrame.new(0, 0, 0, 1, 0, 0, 0, 1, 0, 0, 0, 1),
            ["RightUpperLeg"] = CFrame.new(-2.9802322387695312e-08, 1.569860614836216e-07, -7.05040292814374e-09, 0.8004526495933533, -0.5633975267410278, -0.20459483563899994, 0.10108482837677002, 0.46333059668540955, -0.8804014325141907, 0.5908109545707703, 0.684037983417511, 0.4278249442577362),
            ["LeftUpperArm"] = CFrame.new(-0.0017365217208862305, -0.00004661083221435547, 0.0004206695593893528, 0.26788026094436646, -0.44791659712791443, -0.8530011773109436, -0.2298373430967331, 0.8300880193710327, -0.508063793182373, 0.9356361627578735, 0.3321518301963806, 0.1194162368774414),
            ["RightLowerArm"] = CFrame.new(-5.960464477539063e-08, 0, 5.960464477539063e-08, 1, -8.335337753351268e-08, 1.1362135410308838e-07, 1.564621925354004e-07, 0.6739826202392578, -0.7387472987174988, -7.078051567077637e-08, 0.7387472987174988, 0.6739825010299683),
            ["LeftHand"] = CFrame.new(1.4901161193847656e-08, 0, -6.332993507385254e-08, 0.9813680052757263, -0.1877432018518448, -0.04086018353700638, 0.19132404029369354, 0.9744127988815308, 0.117961086332798, 0.01766831800341606, -0.12358072400093079, 0.9921772480010986),
            ["RightHand"] = CFrame.new(9.313225746154785e-08, 0, -6.705522537231445e-08, 0.9918383955955505, 0.11513146013021469, 0.05478634685277939, -0.029073722660541534, 0.6225902438163757, -0.7820078730583191, -0.12414316833019257, 0.7740324139595032, 0.6208561062812805),
            ["RightUpperArm"] = CFrame.new(0.0006072521209716797, 0.0000152587890625, 0.0005895714275538921, 0.7492164373397827, 0.3382520377635956, 0.569438636302948, -0.6586991548538208, 0.4703754782676697, 0.5872498750686646, -0.06921149790287018, -0.8150659799575806, 0.5752193927764893),
            ["RightLowerLeg"] = CFrame.new(-1.043081283569336e-07, 3.5762786865234375e-07, -1.1751399142667651e-07, 1, -3.241002559661865e-07, -3.5762798233918147e-07, 3.296881914138794e-07, -0.2765832543373108, 0.9609900712966919, -3.7997961044311523e-07, -0.9609900116920471, -0.27658307552337646),
            ["LeftUpperLeg"] = CFrame.new(5.960464477539063e-08, 1.7514685168862343e-07, 4.656612873077393e-10, 0.9743959903717041, 0.22454401850700378, -0.01150936633348465, -0.17428413033485413, 0.7219741344451904, -0.6696106195449829, -0.14204758405685425, 0.6544718146324158, 0.7426231503486633),
            ["LeftLowerLeg"] = CFrame.new(5.960464477539063e-08, 5.960464477539063e-08, -5.774199962615967e-08, 1, -3.9115551686563776e-08, -3.725290653733282e-08, 5.2154071283894154e-08, 0.02765924669802189, 0.9996174573898315, -3.259629366425543e-08, -0.9996175169944763, 0.027659224346280098),
        }},
        {Time = 0.200, Data = {
            ["RightFoot"] = CFrame.new(-5.122274160385132e-08, 2.384185791015625e-07, 2.590968506410718e-08, 0.9305900931358337, 0.328011691570282, 0.16251350939273834, -0.19355906546115875, 0.8177208304405212, -0.5420953631401062, -0.3107043206691742, 0.4730128049850464, 0.8244525790214539),
            ["LeftLowerArm"] = CFrame.new(-1.1920928955078125e-07, 1.7881393432617188e-07, 1.1175870895385742e-07, 1, -5.960465188081798e-08, -2.2351741790771484e-08, 5.960464477539063e-08, 0.7927536964416504, -0.609542191028595, 6.705522537231445e-08, 0.6095422506332397, 0.7927536368370056),
            ["LeftFoot"] = CFrame.new(-3.518653102219105e-08, 1.1920928955078125e-07, 6.984919309616089e-09, 0.9900961518287659, -0.1258591264486313, -0.06220311298966408, 0.05800287798047066, 0.7702029347419739, -0.6351560950279236, 0.12784919142723083, 0.6252574920654297, 0.7698751091957092),
            ["Head"] = CFrame.new(-2.5989720597863197e-08, 0, -1.57160684466362e-09, 0.9998990893363953, 0.012986525893211365, 0.005776986479759216, -0.012983234599232674, 0.999915599822998, -0.0006068102666176856, -0.005784379784017801, 0.000531744968611747, 0.9999831318855286),
            ["LowerTorso"] = CFrame.new(0.022888867184519768, -0.45043039321899414, -0.00010339915752410889, 0.9998911619186401, -0.012345477007329464, -0.008078394457697868, 0.01143611315637827, 0.9944813847541809, -0.10428790003061295, 0.009321296587586403, 0.10418416559696198, 0.9945143461227417),
            ["UpperTorso"] = CFrame.new(-9.313225746154785e-10, -2.9802322387695312e-08, 1.2922100722789764e-08, 0.9978019595146179, 0.06616911292076111, 0.0035972432233393192, -0.06618007272481918, 0.9922496676445007, 0.10517044365406036, 0.003389670979231596, -0.10517733544111252, 0.9944477677345276),
            ["HumanoidRootPart"] = CFrame.new(0, 0, 0, 1, 0, 0, 0, 1, 0, 0, 0, 1),
            ["RightUpperLeg"] = CFrame.new(-2.9802322387695312e-08, 4.7963112592697144e-08, 1.3671524357050657e-08, 0.9384715557098389, -0.33706337213516235, -0.07522940635681152, 0.1483491063117981, 0.5901538133621216, -0.7935433387756348, 0.31187134981155396, 0.7335576415061951, 0.6038455367088318),
            ["LeftUpperArm"] = CFrame.new(-0.0015598535537719727, -0.000030875205993652344, 0.0004185568541288376, 0.2703227996826172, -0.4501012861728668, -0.8510783910751343, -0.2402506172657013, 0.8244874477386475, -0.5123476982116699, 0.9323117733001709, 0.3429713845252991, 0.11474063992500305),
            ["RightLowerArm"] = CFrame.new(-1.1920928955078125e-07, -1.1920928955078125e-07, 2.2351741790771484e-07, 1, -2.7567151050789107e-07, 1.4901162970204496e-08, 1.9371509552001953e-07, 0.6168091893196106, -0.7871127724647522, 1.043081283569336e-07, 0.7871127128601074, 0.6168092489242554),
            ["LeftHand"] = CFrame.new(-1.4901161193847656e-07, 1.7881393432617188e-07, -2.60770320892334e-07, 0.9711828231811523, -0.23365816473960876, -0.04698962718248367, 0.23790091276168823, 0.9622918367385864, 0.13190022110939026, 0.0143981808796525, -0.13927800953388214, 0.9901487231254578),
            ["RightHand"] = CFrame.new(1.4901161193847656e-07, 1.1920928955078125e-07, 2.086162567138672e-07, 0.8835706114768982, 0.0693276971578598, 0.4631378650665283, 0.3408411145210266, 0.5829979181289673, -0.7375234365463257, -0.3211391866207123, 0.8095104098320007, 0.49149012565612793),
            ["RightUpperArm"] = CFrame.new(0.00047194957733154297, 0.00016188621520996094, 0.0009201846551150084, 0.4416837990283966, 0.16691844165325165, 0.8815065622329712, -0.8384866118431091, 0.42631667852401733, 0.3394029438495636, -0.3191482722759247, -0.8890402317047119, 0.3282560408115387),
            ["RightLowerLeg"] = CFrame.new(-2.9802322387695312e-08, 2.384185791015625e-07, 8.365168469026685e-08, 1, -3.576278118089249e-07, -3.2037507935456233e-07, 2.980232238769531e-07, -0.18399524688720703, 0.9829272627830505, -3.8743019104003906e-07, -0.982927143573761, -0.18399497866630554),
            ["LeftUpperLeg"] = CFrame.new(0, 6.810296326875687e-09, 9.778887033462524e-09, 0.989870548248291, 0.0705876499414444, -0.12318145483732224, -0.13225343823432922, 0.7739691734313965, -0.6192582249641418, 0.05162665992975235, 0.629276692867279, 0.7754648923873901),
            ["LeftLowerLeg"] = CFrame.new(1.1175870895385742e-08, -1.1920928955078125e-07, 1.564621925354004e-07, 1, -3.911554458113642e-08, -7.078051567077637e-08, 5.960464477539063e-08, 0.10528294742107391, 0.994442343711853, -1.862645149230957e-08, -0.9944422841072083, 0.1052829772233963),
        }},
        {Time = 0.233, Data = {
            ["RightFoot"] = CFrame.new(2.1187588572502136e-08, 4.172325134277344e-07, 3.6154233384877443e-08, 0.9203940629959106, 0.3503493368625641, 0.17358066141605377, -0.18776065111160278, 0.7854542136192322, -0.5897520184516907, -0.34295883774757385, 0.5102127194404602, 0.788709282875061),
            ["LeftLowerArm"] = CFrame.new(1.1920928955078125e-07, 0, -3.3527612686157227e-08, 1, -5.5879368687783426e-08, -1.4901162970204496e-08, 5.2154071283894154e-08, 0.6909241080284119, -0.7229273915290833, 5.2154071283894154e-08, 0.722927451133728, 0.6909240484237671),
            ["LeftFoot"] = CFrame.new(-7.229391485452652e-08, -1.1920928955078125e-07, 2.1420419216156006e-08, 0.9912901520729065, -0.11806388944387436, -0.058350302278995514, 0.05983025208115578, 0.798437774181366, -0.5990973711013794, 0.11732085049152374, 0.5903881788253784, 0.7985471487045288),
            ["Head"] = CFrame.new(5.078618414700031e-09, -1.1920928955078125e-07, 3.2014213502407074e-09, 0.9998037815093994, -0.019454674795269966, 0.003730248659849167, 0.01945641078054905, 0.9998106360435486, -0.00042837264481931925, -0.003721208544448018, 0.0005008658044971526, 0.9999929666519165),
            ["LowerTorso"] = CFrame.new(0.007181733846664429, -0.40669000148773193, -0.00010339915752410889, 0.9997950792312622, 0.016900526359677315, -0.011141032911837101, -0.017968518659472466, 0.9944146871566772, -0.1040036678314209, 0.009321088902652264, 0.10418255627155304, 0.994514524936676),
            ["UpperTorso"] = CFrame.new(-2.561137080192566e-09, 2.9802322387695312e-08, -2.0314473658800125e-08, 0.9998323917388916, 0.017436513677239418, 0.005598992109298706, -0.01792699657380581, 0.9943448305130005, 0.10467619448900223, -0.003742140717804432, -0.10475900769233704, 0.9944906830787659),
            ["HumanoidRootPart"] = CFrame.new(0, 0, 0, 1, 0, 0, 0, 1, 0, 0, 0, 1),
            ["RightUpperLeg"] = CFrame.new(-2.9802322387695312e-08, 6.298068910837173e-08, -1.6130798030644655e-08, 0.9677668213844299, -0.2517501711845398, -0.007028098218142986, 0.16940510272979736, 0.6713619232177734, -0.7215089797973633, 0.18635840713977814, 0.6970617175102234, 0.6923694014549255),
            ["LeftUpperArm"] = CFrame.new(-0.0013679265975952148, -0.00002300739288330078, 0.000416599097661674, 0.2700583040714264, -0.47465643286705017, -0.8377170562744141, -0.2664896249771118, 0.7992091178894043, -0.5387468338012695, 0.9252307415008545, 0.3687358796596527, 0.08934205025434494),
            ["RightLowerArm"] = CFrame.new(0, 5.960464477539063e-08, 7.078051567077637e-08, 1, -2.980232594040899e-08, -1.564622067462551e-07, -1.6915146261453629e-07, 0.5644671320915222, -0.8254557251930237, 1.0244548320770264e-07, 0.8254556059837341, 0.5644670724868774),
            ["LeftHand"] = CFrame.new(8.754432201385498e-08, 5.960464477539063e-08, 1.825392246246338e-07, 0.9644675850868225, -0.2623269855976105, -0.03141496330499649, 0.26406148076057434, 0.9609876871109009, 0.08230651915073395, 0.008598200045526028, -0.08767738193273544, 0.9961118102073669),
            ["RightHand"] = CFrame.new(-1.2293457984924316e-07, 0, -1.6391277313232422e-07, 0.7117090821266174, -0.021393142640590668, 0.7021484971046448, 0.5461248159408569, 0.6455279588699341, -0.5338929295539856, -0.44183480739593506, 0.7634369730949402, 0.4711114168167114),
            ["RightUpperArm"] = CFrame.new(0.0004438161849975586, 0.00033295154571533203, 0.0012896227417513728, 0.11346058547496796, 0.0006540394970215857, 0.9935423731803894, -0.8861275911331177, 0.4523250460624695, 0.10089629143476486, -0.44933801889419556, -0.8918530344963074, 0.051900625228881836),
            ["RightLowerLeg"] = CFrame.new(5.960464477539063e-08, 2.980232238769531e-07, -1.1343217920511961e-08, 1, -3.725289943190546e-08, -2.980232949312267e-08, -1.4901161193847656e-08, -0.0518016517162323, 0.9986574649810791, -4.6566128730773926e-08, -0.9986574053764343, -0.051801472902297974),
            ["LeftUpperLeg"] = CFrame.new(2.9802322387695312e-08, -8.12578946352005e-08, -2.7939677238464355e-09, 0.9862313270568848, -0.013777120038866997, -0.16479724645614624, -0.08569728583097458, 0.8097036480903625, -0.5805481672286987, 0.14143520593643188, 0.5866773128509521, 0.7973743677139282),
            ["LeftLowerLeg"] = CFrame.new(-1.4901161193847656e-08, -5.960464477539063e-08, -7.450580596923828e-09, 1, 8.940696716308594e-08, 5.587935447692871e-08, -8.847564458847046e-08, 0.19939322769641876, 0.9799196124076843, 8.195638656616211e-08, -0.9799195528030396, 0.1993931531906128),
        }},
        {Time = 0.267, Data = {
            ["RightFoot"] = CFrame.new(-6.181653589010239e-08, 5.960464477539063e-08, -7.70014594309032e-08, 0.9628271460533142, 0.24204032123088837, 0.11991899460554123, -0.13298682868480682, 0.8111700415611267, -0.5694887042045593, -0.2351139485836029, 0.5323718190193176, 0.8132048845291138),
            ["LeftLowerArm"] = CFrame.new(5.960464477539063e-08, -1.7881393432617188e-07, 2.2351741790771484e-08, 1, -4.097820394122209e-08, 6.332993507385254e-08, 8.940696716308594e-08, 0.6219897866249084, -0.783025324344635, 3.725290298461914e-08, 0.7830254435539246, 0.6219897866249084),
            ["LeftFoot"] = CFrame.new(-8.934875950217247e-08, 1.1920928955078125e-07, -2.561137080192566e-08, 0.9936524629592896, -0.10084917396306992, -0.049842484295368195, 0.053625140339136124, 0.8141264319419861, -0.5782062411308289, 0.09888972342014313, 0.5718632340431213, 0.8143669366836548),
            ["Head"] = CFrame.new(-3.965396899729967e-10, -2.384185791015625e-07, -4.4165062718093395e-09, 0.9981011152267456, -0.06158456578850746, 0.0012605143710970879, 0.06158481538295746, 0.9981019496917725, -0.00015977500879671425, -0.0012482821475714445, 0.00023710020468570292, 0.9999992251396179),
            ["LowerTorso"] = CFrame.new(-0.008723810315132141, -0.3629488945007324, -0.00010339915752410889, 0.99892657995224, 0.04415997117757797, -0.01398695819079876, -0.045374829322099686, 0.9935784339904785, -0.10364864021539688, 0.009320017881691456, 0.10417202115058899, 0.9945157170295715),
            ["UpperTorso"] = CFrame.new(-2.5029294192790985e-09, 0, 4.598405212163925e-09, 0.9994094967842102, -0.03340351581573486, 0.008054916746914387, 0.032382819801568985, 0.994019627571106, 0.10429006069898605, -0.01149040088057518, -0.10396765172481537, 0.9945142865180969),
            ["HumanoidRootPart"] = CFrame.new(0, 0, 0, 1, 0, 0, 0, 1, 0, 0, 0, 1),
            ["RightUpperLeg"] = CFrame.new(0, 3.757304511964321e-08, -1.229636836796999e-09, 0.9695589542388916, -0.2448509782552719, 0.0018723139073699713, 0.19148805737495422, 0.7534429430961609, -0.6290121078491211, 0.15260355174541473, 0.6102226972579956, 0.7773932218551636),
            ["LeftUpperArm"] = CFrame.new(-0.0011676549911499023, -0.000023603439331054688, 0.00041502685053274035, 0.27700769901275635, -0.5111722946166992, -0.8136152625083923, -0.29134097695350647, 0.7622076272964478, -0.578065812587738, 0.91563481092453, 0.39716818928718567, 0.06221194937825203),
            ["RightLowerArm"] = CFrame.new(-2.384185791015625e-07, 5.960464477539063e-08, 8.195638656616211e-08, 1, -2.3841860752327193e-07, 1.564622067462551e-07, 2.440065429709648e-07, 0.5188489556312561, -0.8548660278320312, 1.266598843585598e-07, 0.8548659682273865, 0.5188489556312561),
            ["LeftHand"] = CFrame.new(-7.310882210731506e-08, -1.1920928955078125e-07, 1.0873191058635712e-07, 0.9619306325912476, -0.273091197013855, -0.010524965822696686, 0.27320340275764465, 0.9618899822235107, 0.011295072734355927, 0.007039358839392662, -0.01374051533639431, 0.999880850315094),
            ["RightHand"] = CFrame.new(0, 1.1920928955078125e-07, 8.940696716308594e-08, 0.6087536215782166, -0.13127155601978302, 0.782423734664917, 0.6163376569747925, 0.6992321014404297, -0.3622186481952667, -0.4995467960834503, 0.7027391195297241, 0.5065677762031555),
            ["RightUpperArm"] = CFrame.new(0.0005545616149902344, 0.000508427619934082, 0.0016922909999266267, -0.166479229927063, -0.14069606363773346, 0.975955605506897, -0.860961377620697, 0.5032119154930115, -0.07431918382644653, -0.48065611720085144, -0.8526326417922974, -0.20490825176239014),
