return {
    ["Hula Hoopin' Fail 2"] = {
        {Time = 0.000, Data = {
            ["LeftLowerArm"] = CFrame.new(8.046627044677734e-07, -0.0000012516975402832031, 6.3810155381816e-08, 1, 6.332984270329689e-08, 5.587940776763389e-08, -6.332992086299782e-08, 0.9207561016082764, -0.3901355564594269, -3.725289587919178e-08, 0.3901386857032776, 0.920757532119751),
            ["LeftFoot"] = CFrame.new(-3.795139491558075e-08, -5.960464477539063e-08, 4.20550394508723e-09, 0.9709153175354004, -0.2330235242843628, -0.054997846484184265, 0.23628143966197968, 0.9696431756019592, 0.06294459104537964, 0.0386606901884079, -0.07410964369773865, 0.9965004920959473),
            ["RightHand"] = CFrame.new(9.406359424701805e-08, -1.1920928955078125e-07, -4.1398749317522743e-07, 0.9600250124931335, 0.09522842615842819, -0.2632184326648712, -0.127681702375412, 0.9858025312423706, -0.10904291272163391, 0.24909743666648865, 0.13829337060451508, 0.9585540294647217),
            ["HumanoidRootPart"] = CFrame.new(0, 0, 0, 1, 0, 0, 0, 1, 0, 0, 0, 1),
            ["Handle"] = CFrame.new(3.365002155303955, -0.012982197105884552, -1.4209142923355103, -0.4252777099609375, -0.9030768871307373, 0.05992631986737251, 0.9048887491226196, -0.42556196451187134, 0.00857476331293583, 0.017758524045348167, 0.05787276849150658, 0.998166024684906),
            ["RightLowerLeg"] = CFrame.new(-3.9045744415489025e-07, 0.0006093978881835938, -0.000020437424609554, 1, -8.195621603590553e-08, -5.960477977851042e-08, 8.940695295223122e-08, 0.7432350516319275, 0.669026255607605, -1.1920928955078125e-07, -0.6690303683280945, 0.7432388067245483),
            ["RightFoot"] = CFrame.new(3.009335713954897e-08, 3.5762786865234375e-07, 6.751361070200801e-08, 0.9895786046981812, 0.14394597709178925, 0.003772289725020528, -0.12951728701591492, 0.9012319445610046, -0.41352519392967224, -0.06292515248060226, 0.40873056650161743, 0.9104849100112915),
            ["LeftLowerLeg"] = CFrame.new(3.6810530446018674e-07, -0.000609278678894043, 0.00002065349144686479, 1, -3.166493556250316e-08, -1.8626469255877964e-08, 8.940696716308594e-08, 0.8965210914611816, 0.4429974853992462, -1.1920930376163597e-07, -0.44300127029418945, 0.8965229392051697),
            ["LowerTorso"] = CFrame.new(-0.020320430397987366, -0.15920639038085938, 0.033674973994493484, 0.968863308429718, -0.03261001780629158, -0.24543975293636322, 0.025278890505433083, 0.9991369843482971, -0.03296036645770073, 0.2463027983903885, 0.025729887187480927, 0.9688513875007629),
            ["Head"] = CFrame.new(5.061656338511966e-08, 7.152557373046875e-07, -2.0847657822287147e-08, 0.9613111019134521, -0.05451584607362747, 0.27001672983169556, 0.05104253813624382, 0.9984987378120422, 0.019871996715664864, -0.27069470286369324, -0.005320710130035877, 0.9626505970954895),
            ["UpperTorso"] = CFrame.new(6.146729703004894e-08, 5.364418029785156e-07, 1.6763808119435453e-08, 0.9975560307502747, -0.01930779591202736, -0.06715172529220581, 0.03213648870587349, 0.980161190032959, 0.19557759165763855, 0.062043312937021255, -0.19725939631462097, 0.9783865213394165),
            ["LeftUpperArm"] = CFrame.new(-1.1920928955078125e-07, 1.1920928955078125e-07, 1.4901524991728365e-07, 0.8383259177207947, 0.4119076728820801, -0.35713356733322144, -0.40987628698349, 0.9081435799598694, 0.08528733998537064, 0.35945942997932434, 0.07488254457712173, 0.9301515221595764),
            ["RightLowerArm"] = CFrame.new(3.5762786865234375e-07, -7.748603820800781e-07, -6.008486508335409e-08, 1, 5.587930118622353e-08, 0, -5.960464477539063e-08, 0.8914898037910461, -0.4530373811721802, 2.980232594040899e-08, 0.45304086804389954, 0.8914915919303894),
            ["LeftHand"] = CFrame.new(-1.2101372703909874e-07, -8.940696716308594e-07, 3.02825391429451e-08, 0.9729616641998291, -0.17867529392242432, 0.14636090397834778, 0.20098772644996643, 0.9671918153762817, -0.15537981688976288, -0.11379662901163101, 0.1805969625711441, 0.9769521951675415),
            ["RightUpperArm"] = CFrame.new(1.1920928955078125e-07, 8.344650268554688e-07, -2.2352105588652194e-07, 0.9759572744369507, -0.1880703568458557, -0.11017182469367981, 0.2014210820198059, 0.9713466763496399, 0.12615154683589935, 0.08328963816165924, -0.1453106552362442, 0.9858742952346802),
            ["RightUpperLeg"] = CFrame.new(1.7881393432617188e-07, -1.0803341865539551e-07, 7.446942618116736e-09, 0.9233189821243286, -0.2720748484134674, -0.27103182673454285, 0.21178287267684937, 0.9494684934616089, -0.23163755238056183, 0.3203592002391815, 0.15647655725479126, 0.9342836141586304),
            ["LeftUpperLeg"] = CFrame.new(-2.384185791015625e-07, -9.173527359962463e-08, -3.3523974707350135e-08, 0.9595413208007812, 0.27906957268714905, -0.03744141384959221, -0.2619274854660034, 0.8358887434005737, -0.4823687970638275, -0.10331754386425018, 0.47266289591789246, 0.8751677870750427),
        }},
        {Time = 0.033, Data = {
            ["LeftLowerArm"] = CFrame.new(7.450580596923828e-07, -5.960464477539063e-08, 6.3810155381816e-08, 1, 2.793963727043547e-09, 7.450585925994346e-09, -1.1920928955078125e-07, 0.9282014966011047, -0.37207508087158203, 2.6077035641947077e-08, 0.3720781207084656, 0.9282026886940002),
            ["LeftFoot"] = CFrame.new(-4.912726936368017e-08, -1.7881393432617188e-07, 8.429925202335653e-08, 0.9692754149436951, -0.24050424993038177, -0.05161638185381889, 0.24302732944488525, 0.9687318205833435, 0.04995293915271759, 0.03798826411366463, -0.06096315011382103, 0.9974169731140137),
            ["RightHand"] = CFrame.new(-1.2945385208240623e-07, -3.5762786865234375e-07, -4.1398749317522743e-07, 0.9866808652877808, 0.11861513555049896, -0.11131776869297028, -0.12893228232860565, 0.9875079989433289, -0.09057577699422836, 0.09918354451656342, 0.10372284054756165, 0.9896486401557922),
            ["HumanoidRootPart"] = CFrame.new(0, 0, 0, 1, 0, 0, 0, 1, 0, 0, 0, 1),
            ["Handle"] = CFrame.new(3.379183292388916, -0.01315848995000124, -1.41684091091156, -0.4251873195171356, -0.9031175374984741, 0.059955108910799026, 0.904930591583252, -0.4254733920097351, 0.008550192229449749, 0.01778729446232319, 0.05789009854197502, 0.9981644749641418),
            ["RightLowerLeg"] = CFrame.new(-4.6868854042259045e-07, 0.0006095767021179199, -0.000020310764739406295, 1, -4.4703408974555714e-08, -1.713636947897612e-07, 4.8428766774577525e-08, 0.752286970615387, 0.6588317155838013, -7.82310962677002e-08, -0.6588355898857117, 0.7522904276847839),
            ["RightFoot"] = CFrame.new(-1.1146769907099952e-07, 3.5762786865234375e-07, 4.5838532969355583e-10, 0.9911845922470093, 0.13243749737739563, 0.003698828397318721, -0.11910838633775711, 0.9029658436775208, -0.41287165880203247, -0.058019597083330154, 0.4087948203086853, 0.9107816815376282),
            ["LeftLowerLeg"] = CFrame.new(4.87314594010968e-07, -0.0006091594696044922, 0.000020325665900600143, 1, -6.146724018663008e-08, -1.6763825883003847e-08, 4.470348358154297e-08, 0.8873993158340454, 0.4609981179237366, -1.4901162970204496e-08, -0.4610016644001007, 0.8874012231826782),
            ["LowerTorso"] = CFrame.new(-0.007884969003498554, -0.15926027297973633, 0.028402000665664673, 0.9683427810668945, -0.038487523794174194, -0.24663928151130676, 0.03551016002893448, 0.9992330074310303, -0.01650846004486084, 0.24708551168441772, 0.007227716501802206, 0.9689667224884033),
            ["Head"] = CFrame.new(2.081424099742435e-08, 2.384185791015625e-07, -6.229151239267594e-08, 0.9582294225692749, -0.07038571685552597, 0.2772044837474823, 0.05401812866330147, 0.9963394999504089, 0.06625330448150635, -0.2808530926704407, -0.04851212352514267, 0.9585239887237549),
            ["UpperTorso"] = CFrame.new(5.401671643312511e-08, 7.450580596923828e-07, 1.3329556125540876e-08, 0.9977864027023315, -0.005792365875095129, -0.0662490576505661, 0.016964072361588478, 0.9854111075401306, 0.16934160888195038, 0.06430166214704514, -0.17009209096431732, 0.9833283424377441),
            ["LeftUpperArm"] = CFrame.new(-2.384185791015625e-07, 0, -5.960100679658353e-08, 0.748856782913208, 0.4115864634513855, -0.5194346904754639, -0.44940224289894104, 0.89141446352005, 0.05843651667237282, 0.4870842397212982, 0.189675971865654, 0.8525096774101257),
            ["RightLowerArm"] = CFrame.new(7.152557373046875e-07, -0.0000011324882507324219, -1.792941759504174e-07, 1, 4.4703394763701e-08, -3.725297048617904e-08, -4.4703490686970326e-08, 0.8077472448348999, -0.5895253419876099, -1.4901164746561335e-08, 0.5895290374755859, 0.8077499270439148),
            ["LeftHand"] = CFrame.new(-2.402230450115894e-07, -0.0000012516975402832031, -3.049936196930503e-07, 0.9663744568824768, -0.13976915180683136, 0.21583646535873413, 0.17165474593639374, 0.9756145477294922, -0.13678501546382904, -0.1914549469947815, 0.16923649609088898, 0.9668012261390686),
            ["RightUpperArm"] = CFrame.new(0, 9.5367431640625e-07, -2.384222170803696e-07, 0.9740748405456543, -0.1652757078409195, -0.15447570383548737, 0.19757792353630066, 0.9540994167327881, 0.22506842017173767, 0.11018691211938858, -0.24975669384002686, 0.9620194435119629),
            ["RightUpperLeg"] = CFrame.new(2.980232238769531e-07, 1.367880031466484e-07, -1.554508344270289e-08, 0.9264174103736877, -0.2534697949886322, -0.278396874666214, 0.1913357824087143, 0.9537898302078247, -0.23167690634727478, 0.3242552578449249, 0.161363422870636, 0.9321057200431824),
            ["LeftUpperLeg"] = CFrame.new(-1.7881393432617188e-07, -6.00120984017849e-08, 1.9852450350299478e-08, 0.9546913504600525, 0.29317352175712585, -0.05113724619150162, -0.278546005487442, 0.8197883367538452, -0.500354528427124, -0.10476882755756378, 0.49193134903907776, 0.8643091917037964),
        }},
        {Time = 0.067, Data = {
            ["LeftLowerArm"] = CFrame.new(6.854534149169922e-07, -0.0000010132789611816406, 2.873275946058129e-07, 1, 8.38189517793353e-09, 1.4901170075631853e-08, -1.4901159417490817e-08, 0.9518060088157654, -0.306698203086853, -6.146728992462158e-08, 0.30670079588890076, 0.951806902885437),
            ["LeftFoot"] = CFrame.new(-4.423778676709844e-09, 0, -1.2558304618437433e-08, 0.9742060899734497, -0.22534501552581787, -0.011976050212979317, 0.22540879249572754, 0.9742533564567566, 0.004486726596951485, 0.010656717233359814, -0.007070716004818678, 0.9999182820320129),
            ["RightHand"] = CFrame.new(-8.475036850086326e-08, -2.980232238769531e-07, -2.9477817520273675e-07, 0.9898008704185486, 0.13831587135791779, 0.03410939499735832, -0.1360558420419693, 0.9887928366661072, -0.061458900570869446, -0.04222786799073219, 0.05619184672832489, 0.9975266456604004),
            ["HumanoidRootPart"] = CFrame.new(0, 0, 0, 1, 0, 0, 0, 1, 0, 0, 0, 1),
            ["Handle"] = CFrame.new(3.395698308944702, -0.013756425119936466, -1.4083054065704346, -0.42523759603500366, -0.9030901193618774, 0.0600120984017849, 0.9049057364463806, -0.4255269169807434, 0.00851244293153286, 0.017849083989858627, 0.05792456492781639, 0.9981613755226135),
            ["RightLowerLeg"] = CFrame.new(-4.984908628102858e-07, 0.0006090998649597168, -0.000020333116481197067, 1, -1.0430792940496758e-07, -3.7252981144320074e-08, 5.21540464148984e-08, 0.7686687707901001, 0.639642596244812, -2.9802315282267955e-08, -0.6396470069885254, 0.7686724662780762),
            ["RightFoot"] = CFrame.new(-2.951129829398269e-08, 2.980232238769531e-07, 3.7711288314312696e-08, 0.9931718707084656, 0.11664997041225433, 0.001644052448682487, -0.10607138276100159, 0.9087991118431091, -0.403521865606308, -0.04856494814157486, 0.40059587359428406, 0.9149685502052307),
            ["LeftLowerLeg"] = CFrame.new(4.575122716232727e-07, -0.0006092190742492676, 0.000020295863578212447, 1, -4.470344094897882e-08, -1.2107213009926454e-08, 8.195638656616211e-08, 0.8553961515426636, 0.5179705023765564, -1.3411046495548362e-07, -0.5179744958877563, 0.8553984761238098),
            ["LowerTorso"] = CFrame.new(0.0024346376303583384, -0.15964984893798828, 0.019121097400784492, 0.9634960293769836, -0.051329828798770905, -0.26275643706321716, 0.054548803716897964, 0.998498797416687, 0.004967588931322098, 0.2621069550514221, -0.019119475036859512, 0.9648494720458984),
            ["Head"] = CFrame.new(2.127990228473209e-08, 2.384185791015625e-07, -7.110649846708839e-09, 0.9453698396682739, -0.1124873161315918, 0.30597808957099915, 0.0636211559176445, 0.9841971397399902, 0.1652510017156601, -0.3197314143180847, -0.13675780594348907, 0.9375871419906616),
            ["UpperTorso"] = CFrame.new(6.589107925947246e-08, 6.258487701416016e-07, 0, 0.9966886043548584, 0.022494666278362274, -0.0781402513384819, -0.01227337121963501, 0.991581380367279, 0.12890097498893738, 0.08038203418254852, -0.12751628458499908, 0.9885740280151367),
            ["LeftUpperArm"] = CFrame.new(-2.384185791015625e-07, 1.1920928955078125e-07, 8.941060514189303e-08, 0.7395654320716858, 0.36614328622817993, -0.5647868514060974, -0.4661158621311188, 0.883934497833252, -0.037320543080568314, 0.4855709373950958, 0.2908591628074646, 0.824392557144165),
            ["RightLowerArm"] = CFrame.new(5.960464477539062e-07, -0.0000011324882507324219, -3.581081386982987e-07, 1, 6.705509036919466e-08, -1.4901203826411802e-08, -7.450584149637507e-08, 0.7225058674812317, -0.6913614869117737, -5.2154096152889906e-08, 0.6913648843765259, 0.7225090861320496),
            ["LeftHand"] = CFrame.new(-7.170602316364239e-07, -0.0000010132789611816406, -1.1127850996217603e-07, 0.9740378856658936, -0.15820053219795227, 0.16193675994873047, 0.18139062821865082, 0.9733735918998718, -0.14014416933059692, -0.13545416295528412, 0.16588108241558075, 0.9767990112304688),
            ["RightUpperArm"] = CFrame.new(0, 9.5367431640625e-07, -1.1921292752958834e-07, 0.9715198874473572, -0.15779149532318115, -0.17678138613700867, 0.2058444619178772, 0.931536853313446, 0.2997746765613556, 0.11737655103206635, -0.3276292085647583, 0.9374879598617554),
            ["RightUpperLeg"] = CFrame.new(1.1920928955078125e-07, -1.1175870895385742e-08, -3.911918611265719e-08, 0.9356875419616699, -0.22258247435092926, -0.27376413345336914, 0.16043870151042938, 0.9594600796699524, -0.23172059655189514, 0.31424254179000854, 0.1728971302509308, 0.9334659576416016),
            ["LeftUpperLeg"] = CFrame.new(-5.960464477539063e-08, -4.931353032588959e-07, 1.4904799172654748e-08, 0.946660041809082, 0.31125494837760925, -0.08340691775083542, -0.30654165148735046, 0.7900767922401428, -0.530853807926178, -0.09933307766914368, 0.528109073638916, 0.843349039554596),
        }},
        {Time = 0.100, Data = {
            ["LeftLowerArm"] = CFrame.new(9.238719940185547e-07, -8.344650268554688e-07, 1.0851364606878633e-07, 1, 7.450572070410999e-08, 1.4901168299275014e-08, -2.9802318834981634e-08, 0.9492770433425903, -0.3144383430480957, 1.30385160446167e-08, 0.3144409954547882, 0.9492779970169067),
            ["LeftFoot"] = CFrame.new(-6.40284341102415e-08, 5.960464477539063e-08, 3.400782944140701e-08, 0.9658249616622925, -0.2589850425720215, -0.010507723316550255, 0.25631532073020935, 0.960334062576294, -0.10981493443250656, 0.038531139492988586, 0.10336960852146149, 0.9938965439796448),
            ["RightHand"] = CFrame.new(-1.1455269088855857e-07, -2.384185791015625e-07, -1.755688856519555e-07, 0.981562614440918, 0.14388439059257507, 0.12582775950431824, -0.14094626903533936, 0.9895002245903015, -0.03198618441820145, -0.1291089802980423, 0.013661662116646767, 0.9915363788604736),
            ["HumanoidRootPart"] = CFrame.new(0, 0, 0, 1, 0, 0, 0, 1, 0, 0, 0, 1),
            ["Handle"] = CFrame.new(3.4133355617523193, -0.014141569845378399, -1.4002217054367065, -0.4250924289226532, -0.9031565189361572, 0.06003997102379799, 0.9049734473228455, -0.4253835082054138, 0.008485881611704826, 0.017875751480460167, 0.05794130638241768, 0.9981599450111389),
            ["RightLowerLeg"] = CFrame.new(-4.053586053487379e-07, 0.0006095767021179199, -0.000020385270545375533, 1, -2.9802265544276452e-08, 0, 5.587935447692871e-08, 0.7789365649223328, 0.6270983815193176, -9.313227167240257e-08, -0.627102792263031, 0.7789401412010193),
            ["RightFoot"] = CFrame.new(-1.0884839696245763e-08, 4.172325134277344e-07, 1.1221709428355098e-07, 0.9948700666427612, 0.10106869786977768, -0.004359341226518154, -0.09468483924865723, 0.9151381850242615, -0.3918594419956207, -0.035615548491477966, 0.3902656137943268, 0.9200147986412048),
            ["LeftLowerLeg"] = CFrame.new(3.9045704625095823e-07, -0.0006092190742492676, 0.000020295863578212447, 1, -6.193283041966424e-08, -6.146743913859609e-08, 8.195641498787154e-08, 0.7899652123451233, 0.6131474375724792, -5.960467319710006e-08, -0.6131516098976135, 0.7899685502052307),
            ["LowerTorso"] = CFrame.new(0.0072432043962180614, -0.16189610958099365, -0.003566471626982093, 0.9475317001342773, -0.062013525515794754, -0.31358927488327026, 0.07148764282464981, 0.9972644448280334, 0.01879372075200081, 0.311566025018692, -0.04022577777504921, 0.9493727684020996),
            ["Head"] = CFrame.new(2.640217644511722e-08, 1.1920928955078125e-07, 8.489010383527784e-09, 0.9164043664932251, -0.17704710364341736, 0.35896775126457214, 0.08181135356426239, 0.9607697129249573, 0.26500391960144043, -0.39180365204811096, -0.21348480880260468, 0.894938588142395),
            ["UpperTorso"] = CFrame.new(4.889444227273998e-08, 5.662441253662109e-07, -7.916242772409987e-09, 0.994225800037384, 0.053565461188554764, -0.09298423677682877, -0.04454095661640167, 0.9943310618400574, 0.09654894471168518, 0.09762885421514511, -0.09185070544481277, 0.9909754991531372),
            ["LeftUpperArm"] = CFrame.new(-2.384185791015625e-07, -1.1920928955078125e-07, 3.637978807091713e-12, 0.7925765514373779, 0.3356316387653351, -0.5090932846069336, -0.45283427834510803, 0.8830968737602234, -0.12279100716114044, 0.4083670675754547, 0.3278586268424988, 0.85190749168396),
            ["RightLowerArm"] = CFrame.new(7.152557373046875e-07, -0.0000010728836059570312, -2.9850346550119866e-07, 1, 1.0430784413983929e-07, -2.235180929233138e-08, -7.264317503086204e-08, 0.6455455422401428, -0.763718843460083, -9.685758328714655e-08, 0.763721764087677, 0.6455490589141846),
            ["LeftHand"] = CFrame.new(1.1740488048417319e-07, -0.0000014901161193847656, 8.988719457647676e-08, 0.9812157154083252, -0.18605215847492218, 0.050999440252780914, 0.19083939492702484, 0.9747948050498962, -0.11556180566549301, -0.028213631361722946, 0.12312491238117218, 0.9919902086257935),
            ["RightUpperArm"] = CFrame.new(2.384185791015625e-07, 5.960464477539062e-07, -1.1921292752958834e-07, 0.9693320989608765, -0.1772790551185608, -0.170200914144516, 0.2280888557434082, 0.9068065881729126, 0.3545060157775879, 0.0914928987622261, -0.38245800137519836, 0.919433057308197),
            ["RightUpperLeg"] = CFrame.new(1.1920928955078125e-07, 3.995373845100403e-07, -3.911918611265719e-08, 0.9540790319442749, -0.19305701553821564, -0.22904756665229797, 0.1374514400959015, 0.9615182280540466, -0.23788383603096008, 0.2661586403846741, 0.19547860324382782, 0.9439007043838501),
            ["LeftUpperLeg"] = CFrame.new(0, -9.639188647270203e-08, -3.9111910155043006e-08, 0.9321795701980591, 0.29352161288261414, -0.21186833083629608, -0.3617755174636841, 0.775820255279541, -0.5169292688369751, 0.012641996145248413, 0.5585230588912964, 0.8293949365615845),
        }},
        {Time = 0.133, Data = {
            ["LeftLowerArm"] = CFrame.new(0.0000012218952178955078, -2.980232238769531e-07, 1.886074016965722e-07, 1, 0, -2.9802340151263707e-08, -3.725289587919178e-08, 0.890764594078064, -0.45446136593818665, 9.313223969797946e-09, 0.454464852809906, 0.8907665014266968),
            ["LeftFoot"] = CFrame.new(-1.0873192479721183e-07, -5.960464477539063e-08, 7.930794687638354e-09, 0.9474359154701233, -0.27769502997398376, -0.15890878438949585, 0.22047865390777588, 0.9265837669372559, -0.3046784996986389, 0.2318500578403473, 0.253629595041275, 0.9391053915023804),
            ["RightHand"] = CFrame.new(-4.4237827978577116e-07, 3.5762786865234375e-07, -5.6359574784892175e-08, 0.9702544808387756, 0.15471279621124268, 0.18620042502880096, -0.15617236495018005, 0.987705647945404, -0.006886780261993408, -0.18497689068317413, -0.0223977230489254, 0.982487678527832),
            ["HumanoidRootPart"] = CFrame.new(0, 0, 0, 1, 0, 0, 0, 1, 0, 0, 0, 1),
            ["Handle"] = CFrame.new(3.4314703941345215, -0.01851080358028412, -1.3971468210220337, -0.45640549063682556, -0.887632429599762, 0.061667315661907196, 0.8897655606269836, -0.45504382252693176, 0.035388536751270294, -0.003350659739226103, 0.07102029770612717, 0.9974692463874817),
            ["RightLowerLeg"] = CFrame.new(-5.357437657949049e-07, 0.0006095170974731445, -0.00002034056706179399, 1, -8.940679663282936e-08, -6.705535327000689e-08, 4.470348358154297e-08, 0.7690753936767578, 0.6391541957855225, -2.1234157543403853e-07, -0.6391581296920776, 0.7690786719322205),
            ["RightFoot"] = CFrame.new(8.224742487072945e-08, 2.384185791015625e-07, 4.5838532969355583e-10, 0.9956355094909668, 0.09178169071674347, -0.01691904105246067, -0.0911533460021019, 0.9174351692199707, -0.38729971647262573, -0.02002507820725441, 0.38715487718582153, 0.9217987060546875),
            ["LeftLowerLeg"] = CFrame.new(5.096663358017395e-07, -0.0006095767021179199, 0.000020504479834926315, 1, -1.359727548333467e-07, 0, 1.0058282384761696e-07, 0.7121161818504333, 0.702057957649231, -7.450580596923828e-08, -0.7020617127418518, 0.7121199369430542),
            ["LowerTorso"] = CFrame.new(0.00795104168355465, -0.17003989219665527, -0.04029037058353424, 0.9140085577964783, -0.06711966544389725, -0.4001043438911438, 0.0803496316075325, 0.99663245677948, 0.016363803297281265, 0.39765870571136475, -0.0471053346991539, 0.9163234829902649),
            ["Head"] = CFrame.new(9.34733179747127e-09, 1.1920928955078125e-07, -1.5259722374594276e-08, 0.8592676520347595, -0.25390464067459106, 0.44406357407569885, 0.09839722514152527, 0.933944821357727, 0.34360307455062866, -0.5019732713699341, -0.25155436992645264, 0.8274929523468018),
            ["UpperTorso"] = CFrame.new(2.7939680791178034e-08, 5.364418029785156e-07, -9.778887921640944e-09, 0.9904418587684631, 0.07052236795425415, -0.11853992938995361, -0.06078939884901047, 0.9946260452270508, 0.08380606770515442, 0.12381311506032944, -0.07579978555440903, 0.9894063472747803),
            ["LeftUpperArm"] = CFrame.new(-1.1920928955078125e-07, -4.76837158203125e-07, 4.470712156035006e-08, 0.8740836381912231, 0.34433573484420776, -0.34265556931495667, -0.41088807582855225, 0.9003369808197021, -0.14339229464530945, 0.25913089513778687, 0.26613202691078186, 0.9284534454345703),
            ["RightLowerArm"] = CFrame.new(4.172325134277344e-07, -0.0000011324882507324219, 2.9754303909612645e-07, 1, 7.450555727928077e-08, -2.980241831096464e-08, -1.0803343286625022e-07, 0.5830764770507812, -0.8124146461486816, 1.4901164746561335e-08, 0.8124173283576965, 0.5830801129341125),
            ["LeftHand"] = CFrame.new(-4.786416525348614e-07, -0.0000012516975402832031, 3.581081386982987e-07, 0.9759502410888672, -0.1997510939836502, -0.08730026334524155, 0.19781574606895447, 0.9797688722610474, -0.030353020876646042, 0.09159719944000244, 0.012353885918855667, 0.9957195520401001),
            ["RightUpperArm"] = CFrame.new(-1.1920928955078125e-07, -1.1920928955078125e-07, -1.34114088723436e-07, 0.9652786254882812, -0.22530372440814972, -0.13219866156578064, 0.2594665586948395, 0.8855271935462952, 0.38537684082984924, 0.03023873083293438, -0.4063001871109009, 0.9132404923439026),
            ["RightUpperLeg"] = CFrame.new(5.960464477539063e-08, 3.213062882423401e-07, -6.240225047804415e-08, 0.9760773777961731, -0.17072996497154236, -0.13462793827056885, 0.13208089768886566, 0.9574540257453918, -0.2565837502479553, 0.17270679771900177, 0.23266561329364777, 0.9570998549461365),
            ["LeftUpperLeg"] = CFrame.new(-2.384185791015625e-07, 4.6566128730773926e-08, -2.5142071535810828e-08, 0.9138630628585815, 0.2714073061943054, -0.30198442935943604, -0.3896702229976654, 0.795216977596283, -0.4645232558250427, 0.11406820267438889, 0.5421882271766663, 0.8324803709983826),
        }},
        {Time = 0.167, Data = {
            ["LeftLowerArm"] = CFrame.new(2.086162567138672e-07, -0.0000011324882507324219, -2.559682243941097e-08, 1, 1.4901129219424547e-08, -7.4505919656076e-08, -4.470347292340193e-08, 0.8185079097747803, -0.5744916200637817, 2.048909308882685e-08, 0.5744951963424683, 0.8185105919837952),
            ["LeftFoot"] = CFrame.new(-2.055894725572216e-07, 0, -7.030030957366762e-08, 0.9351115822792053, -0.3012789189815521, -0.1865440160036087, 0.19872447848320007, 0.8817271590232849, -0.42785727977752686, 0.2933853566646576, 0.36302638053894043, 0.8843865394592285),
            ["RightHand"] = CFrame.new(4.6566128730773926e-09, -1.7881393432617188e-07, 3.245077317970413e-09, 0.955233097076416, 0.1803397238254547, 0.23453764617443085, -0.18181149661540985, 0.9832108020782471, -0.015511270612478256, -0.23339730501174927, -0.02782507985830307, 0.9719832539558411),
            ["HumanoidRootPart"] = CFrame.new(0, 0, 0, 1, 0, 0, 0, 1, 0, 0, 0, 1),
            ["Handle"] = CFrame.new(3.448688507080078, -0.03529872000217438, -1.4030581712722778, -0.5818637609481812, -0.8118124604225159, 0.04894106462597847, 0.8085135817527771, -0.5708909034729004, 0.14279302954673767, -0.08798033744096756, 0.12265448272228241, 0.9885417819023132),
            ["RightLowerLeg"] = CFrame.new(-3.718309926625807e-07, 0.0006094574928283691, -0.000020452325770747848, 1, -6.705506905291259e-08, -5.2154184970731876e-08, 1.0430809993522416e-07, 0.7460782527923584, 0.6658541560173035, -5.960463766996327e-08, -0.6658582091331482, 0.7460819482803345),
            ["RightFoot"] = CFrame.new(8.224742487072945e-08, 4.172325134277344e-07, -3.6794517654925585e-08, 0.9948451519012451, 0.09476453065872192, -0.03609775751829147, -0.10137984156608582, 0.9213822484016418, -0.37519875168800354, -0.002296019811183214, 0.37692779302597046, 0.9262412786483765),
            ["LeftLowerLeg"] = CFrame.new(3.308524014755676e-07, -0.0006092190742492676, 0.000020385270545375533, 1, -1.4156060501591128e-07, -4.470361858466276e-08, 7.078051567077637e-08, 0.656391978263855, 0.7544164061546326, 1.4901162970204496e-08, -0.7544201016426086, 0.656396210193634),
            ["LowerTorso"] = CFrame.new(0.0028709780890494585, -0.1803297996520996, -0.07624022662639618, 0.8560883402824402, -0.06800395250320435, -0.5123361945152283, 0.08443234115839005, 0.9963901042938232, 0.008829573169350624, 0.5098863244056702, -0.05081712082028389, 0.8587396144866943),
            ["Head"] = CFrame.new(3.0127466743579134e-08, 0, 2.29245102900677e-08, 0.7980664968490601, -0.3144698441028595, 0.5140036940574646, 0.1104762852191925, 0.9149203300476074, 0.3882181644439697, -0.5923553109169006, -0.2530405819416046, 0.7649097442626953),
            ["UpperTorso"] = CFrame.new(4.0978196835794733e-08, 2.9802322387695312e-08, -9.31322685637781e-10, 0.9903479218482971, 0.0655030906200409, -0.12214924395084381, -0.05597029626369476, 0.9952300190925598, 0.07990199327468872, 0.12680034339427948, -0.07229471951723099, 0.9892902970314026),
            ["LeftUpperArm"] = CFrame.new(-2.384185791015625e-07, -4.76837158203125e-07, 1.4901524991728365e-07, 0.9254137873649597, 0.3430880606174469, -0.16094134747982025, -0.3665958046913147, 0.9180701971054077, -0.15083788335323334, 0.09600484371185303, 0.1985894739627838, 0.9753696322441101),
            ["RightLowerArm"] = CFrame.new(0, -8.940696716308594e-07, 5.9124438678281876e-08, 1, 4.470333081485478e-08, -5.9604850832784e-08, -1.229346082709526e-07, 0.5488519668579102, -0.8359171748161316, -2.980233304583635e-08, 0.8359195590019226, 0.5488556623458862),
            ["LeftHand"] = CFrame.new(-1.8061838602534408e-07, -0.000001430511474609375, 1.792941759504174e-07, 0.9558867812156677, -0.194154292345047, -0.2204209715127945, 0.20967432856559753, 0.9765360355377197, 0.04912362992763519, 0.20571163296699524, -0.09317412972450256, 0.9741671085357666),
            ["RightUpperArm"] = CFrame.new(0, 0, -2.384222170803696e-07, 0.9570605158805847, -0.27209579944610596, -0.10000216215848923, 0.2890417277812958, 0.8693404793739319, 0.4008718729019165, -0.022139668464660645, -0.4125664234161377, 0.9106598496437073),
            ["RightUpperLeg"] = CFrame.new(1.7881393432617188e-07, -2.2351741790771484e-07, -5.591573426499963e-09, 0.9896302223205566, -0.14359040558338165, -0.003782134037464857, 0.13597367703914642, 0.9449803829193115, -0.29752567410469055, 0.04629599675536156, 0.2939283549785614, 0.9547063708305359),
            ["LeftUpperLeg"] = CFrame.new(0, -1.1175870895385742e-07, -1.4900797395966947e-07, 0.9111689925193787, 0.2732192575931549, -0.3084225058555603, -0.3854694366455078, 0.8296547532081604, -0.4038338363170624, 0.1455489844083786, 0.48685139417648315, 0.8612746000289917),
        }},
        {Time = 0.200, Data = {
            ["LeftLowerArm"] = CFrame.new(7.450580596923828e-07, -8.940696716308594e-07, 1.2341480726263399e-07, 1, 4.4703373447418926e-08, -5.960475846222835e-08, -1.043081283569336e-07, 0.7548883557319641, -0.655849814414978, 7.450581485102248e-09, 0.6558533906936646, 0.7548914551734924),
            ["LeftFoot"] = CFrame.new(-2.2049063375106925e-07, 0, -1.038279293652522e-07, 0.9570907354354858, -0.27638694643974304, -0.08711228519678116, 0.2011909782886505, 0.8500958681106567, -0.4866775572299957, 0.20856529474258423, 0.44827157258987427, 0.8692275881767273),
            ["RightHand"] = CFrame.new(-3.529713126226852e-07, 1.1920928955078125e-07, 3.245077317970413e-09, 0.9473527073860168, 0.20469829440116882, 0.2462160736322403, -0.20085877180099487, 0.9787664413452148, -0.04088260605931282, -0.24935665726661682, -0.010724470019340515, 0.9683523178100586),
            ["HumanoidRootPart"] = CFrame.new(0, 0, 0, 1, 0, 0, 0, 1, 0, 0, 0, 1),
            ["Handle"] = CFrame.new(3.464590549468994, -0.07397478818893433, -1.4239972829818726, -0.754059910774231, -0.6566444039344788, -0.014562263153493404, 0.6339616775512695, -0.733450710773468, 0.2452417016029358, -0.17171572148799896, 0.17569340765476227, 0.9693526029586792),
            ["RightLowerLeg"] = CFrame.new(-5.022161531087477e-07, 0.0006094574928283691, -0.000020355468222987838, 1, -8.940681084368407e-08, 2.2351796857833506e-08, 8.940694584680386e-08, 0.7410421371459961, 0.6714547872543335, -5.215405707303944e-08, -0.6714586019515991, 0.7410455942153931),
            ["RightFoot"] = CFrame.new(4.0163214976018935e-09, 2.980232238769531e-07, -1.6305421013385057e-08, 0.9939956068992615, 0.1094016432762146, 0.0020830079447478056, -0.10315285623073578, 0.9432393312454224, -0.3156850337982178, -0.03650124371051788, 0.3135775923728943, 0.9488617181777954),
            ["LeftLowerLeg"] = CFrame.new(3.9045704625095823e-07, -0.0006094574928283691, 0.000020444875190150924, 1, -5.960447424513404e-08, -1.56462661493606e-07, 2.086162567138672e-07, 0.6380320191383362, 0.7700066566467285, 4.4703490686970326e-08, -0.7700098752975464, 0.6380358934402466),
            ["LowerTorso"] = CFrame.new(-0.027287403121590614, -0.17925071716308594, -0.10600461810827255, 0.7700293064117432, -0.057663142681121826, -0.6353974342346191, 0.08391305059194565, 0.9964092969894409, 0.011268449947237968, 0.6324663162231445, -0.061995748430490494, 0.7721030712127686),
            ["Head"] = CFrame.new(6.611571734538302e-09, 3.5762786865234375e-07, 1.736921717565565e-09, 0.7533332109451294, -0.35437309741973877, 0.5539948344230652, 0.13712218403816223, 0.9085238575935364, 0.3946889638900757, -0.6431846618652344, -0.2213689386844635, 0.7330146431922913),
            ["UpperTorso"] = CFrame.new(5.587936158235607e-08, 5.364418029785156e-07, -3.9115551686563776e-08, 0.9935759902000427, 0.05249464139342308, -0.10025568306446075, -0.04457269236445427, 0.9958232045173645, 0.07968167960643768, 0.10401981323957443, -0.07470185309648514, 0.9917659759521484),
            ["LeftUpperArm"] = CFrame.new(-2.384185791015625e-07, -3.5762786865234375e-07, 1.9371873349882662e-07, 0.9522331357002258, 0.30528005957603455, 0.0075989821925759315, -0.29941633343696594, 0.9382622838020325, -0.17323903739452362, -0.06001632288098335, 0.16269005835056305, 0.9848504662513733),
            ["RightLowerArm"] = CFrame.new(6.556510925292969e-07, -5.364418029785156e-07, 2.9754303909612645e-07, 1, 9.685721380492396e-08, 2.9802425416392e-08, -5.96046660916727e-08, 0.5543555617332458, -0.8322775959968567, -7.450584149637507e-08, 0.8322799801826477, 0.5543593168258667),
            ["LeftHand"] = CFrame.new(-2.402230450115894e-07, -0.0000013709068298339844, -2.3793839432073582e-07, 0.9251371622085571, -0.1522095501422882, -0.34778475761413574, 0.20316602289676666, 0.9723818302154541, 0.1148751825094223, 0.32069459557533264, -0.17693491280078888, 0.9305103421211243),
            ["RightUpperArm"] = CFrame.new(1.1920928955078125e-07, -2.384185791015625e-07, -1.9371873349882662e-07, 0.9448062181472778, -0.3120410144329071, -0.09986651688814163, 0.3261217772960663, 0.8664894104003906, 0.3779376745223999, -0.031398847699165344, -0.38964924216270447, 0.9204291701316833),
            ["RightUpperLeg"] = CFrame.new(4.172325134277344e-07, -6.165355443954468e-07, 1.117223291657865e-08, 0.9870889186859131, -0.13523846864700317, 0.08582867681980133, 0.15746918320655823, 0.9173936247825623, -0.3654995262622833, -0.029309038072824478, 0.37429875135421753, 0.9268460273742676),
            ["LeftUpperLeg"] = CFrame.new(-1.1920928955078125e-07, -5.308538675308228e-07, -5.028778105042875e-08, 0.928045392036438, 0.2792138457298279, -0.2465224266052246, -0.3546409606933594, 0.8646966218948364, -0.35570478439331055, 0.11384926736354828, 0.41753989458084106, 0.9014992117881775),
        }},
        {Time = 0.233, Data = {
            ["LeftLowerArm"] = CFrame.new(9.238719940185547e-07, -0.0000010728836059570312, 3.320310781873559e-07, 1, 1.0430781571812986e-07, -1.4901196720984444e-08, -1.0058281674218961e-07, 0.6995965838432312, -0.7145347595214844, -1.3969836842875338e-08, 0.7145380973815918, 0.6995999217033386),
            ["LeftFoot"] = CFrame.new(-5.6577849960604e-08, -5.960464477539063e-08, -5.9124438678281876e-08, 0.9712203145027161, -0.2376134842634201, -0.016485711559653282, 0.1969688981771469, 0.8401543498039246, -0.5053117275238037, 0.13391952216625214, 0.4875248968601227, 0.862779438495636),
            ["RightHand"] = CFrame.new(1.834705756209587e-07, -2.384185791015625e-07, -1.755688856519555e-07, 0.9632736444473267, 0.19243286550045013, 0.18728113174438477, -0.1868382692337036, 0.9812538027763367, -0.047241754829883575, -0.19286119937896729, 0.010515578091144562, 0.9811697006225586),
            ["HumanoidRootPart"] = CFrame.new(0, 0, 0, 1, 0, 0, 0, 1, 0, 0, 0, 1),
            ["Handle"] = CFrame.new(3.4777801036834717, -0.14736837148666382, -1.4652416706085205, -0.9028013348579407, -0.4127238988876343, -0.12086962163448334, 0.3705831468105316, -0.8891995549201965, 0.2683158814907074, -0.21821559965610504, 0.19744184613227844, 0.9557181596755981),
            ["RightLowerLeg"] = CFrame.new(-5.096667337056715e-07, 0.0006091594696044922, -0.000020407622287166305, 1, -8.9406789527402e-08, 3.725299890788847e-08, 6.70552182668871e-08, 0.7358042597770691, 0.677190363407135, -5.21540641784668e-08, -0.6771944165229797, 0.7358079552650452),
            ["RightFoot"] = CFrame.new(-8.53906527709114e-08, 2.980232238769531e-07, 9.731593308970332e-08, 0.998752236366272, 0.03878557309508324, 0.03146049380302429, -0.03198271989822388, 0.9805715084075928, -0.19353502988815308, -0.03835557401180267, 0.19228944182395935, 0.9805889129638672),
            ["LeftLowerLeg"] = CFrame.new(5.841721417709778e-07, -0.0006093382835388184, 0.00002040017170656938, 1, -5.960448845598876e-08, 5.960480820021985e-08, 6.705522537231445e-08, 0.6509377360343933, 0.7591279745101929, 0, -0.7591311931610107, 0.6509413719177246),
            ["LowerTorso"] = CFrame.new(-0.09149285405874252, -0.16378962993621826, -0.13106898963451385, 0.667228102684021, -0.0304094310849905, -0.7442324757575989, 0.07934992760419846, 0.9963823556900024, 0.030427852645516396, 0.7406147122383118, -0.07935786247253418, 0.6672272086143494),
            ["Head"] = CFrame.new(5.364336175261997e-08, -1.1920928955078125e-07, 3.599566866796522e-09, 0.7177023887634277, -0.3961150050163269, 0.5727109909057617, 0.18821623921394348, 0.9021821618080139, 0.38812294602394104, -0.6704311966896057, -0.17076441645622253, 0.7220544815063477),
            ["UpperTorso"] = CFrame.new(3.166497108963995e-08, 6.258487701416016e-07, -1.4901162970204496e-08, 0.995554506778717, 0.052938397973775864, -0.07790317386388779, -0.04664070904254913, 0.9956590533256531, 0.08054541796445847, 0.08182896673679352, -0.07655462622642517, 0.9937019944190979),
            ["LeftUpperArm"] = CFrame.new(0, -5.960464477539062e-07, 7.450944394804537e-08, 0.9612627625465393, 0.24065418541431427, 0.13438954949378967, -0.21459665894508362, 0.9593988060951233, -0.18303249776363373, -0.17298078536987305, 0.14710403978824615, 0.9738782048225403),
            ["RightLowerArm"] = CFrame.new(5.364418029785156e-07, -0.0000013709068298339844, 1.783337495453452e-07, 1, 1.1734633886817392e-07, 1.4901212708196e-08, -6.70552680048786e-08, 0.6014529466629028, -0.7989055514335632, -1.341105502206119e-07, 0.7989082336425781, 0.6014565229415894),
            ["LeftHand"] = CFrame.new(1.1740488048417319e-07, -9.5367431640625e-07, -5.9124438678281876e-08, 0.9021742939949036, -0.07099896669387817, -0.4254890978336334, 0.15753138065338135, 0.9724634885787964, 0.17174942791461945, 0.4015786647796631, -0.22197771072387695, 0.8885163068771362),
            ["RightUpperArm"] = CFrame.new(0, 5.960464477539062e-07, -1.0431176633574069e-07, 0.9250079989433289, -0.3674450218677521, -0.09667739272117615, 0.3788994252681732, 0.8732059001922607, 0.3065016269683838, -0.02820328064262867, -0.3201497495174408, 0.9469479918479919),
            ["RightUpperLeg"] = CFrame.new(2.384185791015625e-07, -8.847564458847046e-08, -2.9805960366502404e-08, 0.9869090914726257, -0.14391878247261047, 0.07278910279273987, 0.16124327480793, 0.8712115287780762, -0.46366751194000244, 0.0033156604040414095, 0.46933767199516296, 0.8830143213272095),
            ["LeftUpperLeg"] = CFrame.new(-1.1920928955078125e-07, -1.1920928955078125e-07, -2.979868440888822e-08, 0.9519581198692322, 0.2686738669872284, -0.14694079756736755, -0.3035583794116974, 0.891148030757904, -0.33720022439956665, 0.04034905880689621, 0.36560845375061035, 0.9298948645591736),
        }},
        {Time = 0.267, Data = {
            ["LeftLowerArm"] = CFrame.new(0.0000011324882507324219, -8.344650268554688e-07, -1.0695659469206475e-08, 1, 5.2153890095496536e-08, -5.2154213392441306e-08, -7.823108916227284e-08, 0.656629204750061, -0.7542104721069336, 2.2817403078079224e-08, 0.7542136311531067, 0.6566327810287476),
            ["LeftFoot"] = CFrame.new(-1.1245721509567375e-07, -1.1920928955078125e-07, 1.1968951696417207e-07, 0.9801352620124817, -0.19732174277305603, 0.01999320462346077, 0.18029367923736572, 0.8444561958312988, -0.5043644905090332, 0.0826387107372284, 0.497953861951828, 0.8632594347000122),
            ["RightHand"] = CFrame.new(-5.494803900774059e-08, 1.7881393432617188e-07, -1.1596422666571016e-07, 0.9858073592185974, 0.14532694220542908, 0.08404937386512756, -0.1421860009431839, 0.9889382123947144, -0.042237985879182816, -0.08925800025463104, 0.029688192531466484, 0.9955660104751587),
            ["HumanoidRootPart"] = CFrame.new(0, 0, 0, 1, 0, 0, 0, 1, 0, 0, 0, 1),
