return {
    ["Hula Hoopin' Fail"] = {
        {Time = 0.000, Data = {
            ["LeftLowerArm"] = CFrame.new(2.9802322387695312e-08, -9.5367431640625e-07, 6.3810155381816e-08, 1, 2.4447198043731078e-08, -3.725292962997173e-09, -4.097817196679898e-08, 0.9307013154029846, -0.36577722430229187, -5.960462345910855e-08, 0.36578020453453064, 0.9307024478912354),
            ["LeftFoot"] = CFrame.new(1.4202672815599726e-08, -5.960464477539063e-08, 5.5428252210276696e-08, 0.9738938212394714, -0.22160160541534424, 0.04924165457487106, 0.22407464683055878, 0.9731724858283997, -0.052198708057403564, -0.03635323420166969, 0.06187043339014053, 0.9974219799041748),
            ["RightHand"] = CFrame.new(9.406359424701805e-08, -5.960464477539063e-08, -3.543828483998368e-07, 0.9961327314376831, 0.08760621398687363, -0.006705093663185835, -0.0851883664727211, 0.9443258047103882, -0.31778913736343384, -0.02150854840874672, 0.31713396310806274, 0.9481377601623535),
            ["HumanoidRootPart"] = CFrame.new(0, 0, 0, 1, 0, 0, 0, 1, 0, 0, 0, 1),
            ["Handle"] = CFrame.new(3.4781811237335205, -0.1417722851037979, -0.15436744689941406, -0.6759120225906372, -0.727218747138977, -0.1195739135146141, 0.7322415113449097, -0.6810380220413208, 0.002784323412925005, -0.08345857262611389, -0.08567438274621964, 0.992821455001831),
            ["RightLowerLeg"] = CFrame.new(-5.543702172872145e-07, 0.000609278678894043, -0.00002037781996477861, 1, -3.166493556250316e-08, -1.1920948850274726e-07, 7.078052277620372e-08, 0.8475536108016968, 0.5307056307792664, -7.823111047855491e-08, -0.5307099223136902, 0.8475562334060669),
            ["RightFoot"] = CFrame.new(-1.0884839696245763e-08, 2.384185791015625e-07, 1.1221709428355098e-07, 0.9652990698814392, 0.2337266355752945, -0.11649376153945923, -0.2610548436641693, 0.8754932880401611, -0.40664228796958923, 0.006946587935090065, 0.42294612526893616, 0.906129777431488),
            ["LeftLowerLeg"] = CFrame.new(3.9045704625095823e-07, -0.000609278678894043, 0.00002047467751253862, 1, -5.2968896824268086e-08, -6.705531063744274e-08, 3.7252888773764425e-08, 0.854110062122345, 0.5200880169868469, -5.215405352032576e-08, -0.5200923085212708, 0.8541126251220703),
            ["LowerTorso"] = CFrame.new(-0.05914333462715149, -0.17485976219177246, 0.03130101412534714, 0.9635053277015686, -0.01088414341211319, -0.2674679756164551, -0.0009738932712934911, 0.999023973941803, -0.04416143521666527, 0.2676875591278076, 0.04281066358089447, 0.9625542163848877),
            ["Head"] = CFrame.new(4.689127308665775e-08, 0, 6.529969454049933e-08, 0.9374253749847412, 0.034146543592214584, 0.34650784730911255, -0.02617080695927143, 0.999274492263794, -0.027670972049236298, -0.3472013473510742, 0.016871357336640358, 0.9376389384269714),
            ["UpperTorso"] = CFrame.new(2.351589856175451e-08, 2.086162567138672e-07, 5.02914261346632e-08, 0.996584951877594, 0.0036297140177339315, -0.08249510824680328, 0.012870359234511852, 0.979995846748352, 0.19859956204891205, 0.08156571537256241, -0.19898487627506256, 0.9766026735305786),
            ["LeftUpperArm"] = CFrame.new(0, 1.1920928955078125e-07, 5.960828275419772e-08, 0.875858724117279, 0.2899751663208008, -0.3857296109199524, -0.3110090494155884, 0.9503703117370605, 0.008248502388596535, 0.36897820234298706, 0.1127418503165245, 0.9225749969482422),
            ["RightLowerArm"] = CFrame.new(2.980232238769531e-07, 4.76837158203125e-07, -1.1968951696417207e-07, 1, -1.8626446163239052e-08, -6.519260686843609e-09, 0, 0.9741281867027283, -0.22599409520626068, -3.725290742551124e-09, 0.22599613666534424, 0.9741286635398865),
            ["LeftHand"] = CFrame.new(-8.958742228060146e-07, -5.364418029785156e-07, 1.1968951696417207e-07, 0.9974315166473389, -0.06451204419136047, 0.031124360859394073, 0.06696754693984985, 0.9940696358680725, -0.08567798137664795, -0.02541257068514824, 0.0875430703163147, 0.995836615562439),
            ["RightUpperArm"] = CFrame.new(1.1920928955078125e-07, 5.960464477539062e-07, 5.960100679658353e-08, 0.9691206216812134, -0.22815050184726715, -0.09356009215116501, 0.23011329770088196, 0.9731053113937378, 0.010634739883244038, 0.08861762285232544, -0.031836122274398804, 0.9955568313598633),
            ["RightUpperLeg"] = CFrame.new(5.960464477539063e-08, 1.1362135410308838e-07, -1.4904799172654748e-08, 0.9416535496711731, -0.2611590623855591, -0.21233361959457397, 0.25126853585243225, 0.9651764035224915, -0.0727844089269638, 0.2239478975534439, 0.015185176394879818, 0.9744828939437866),
            ["LeftUpperLeg"] = CFrame.new(-1.7881393432617188e-07, -4.279427230358124e-07, 2.9805960366502404e-08, 0.970289945602417, 0.2399623990058899, -0.03092774748802185, -0.2303348332643509, 0.8770254254341125, -0.42162632942199707, -0.07405008375644684, 0.4162266254425049, 0.9062420725822449),
        }},
        {Time = 0.033, Data = {
            ["LeftLowerArm"] = CFrame.new(-2.682209014892578e-07, -2.980232238769531e-07, -1.4480612264833326e-07, 1, 2.9802293965985882e-08, 0, -2.9802311729554276e-08, 0.9222058653831482, -0.38669607043266296, -2.2351736461700966e-08, 0.3866991400718689, 0.922207236289978),
            ["LeftFoot"] = CFrame.new(-4.1676685214042664e-08, 0, -3.118475788710384e-08, 0.9772489666938782, -0.20684699714183807, 0.046901483088731766, 0.21021009981632233, 0.9740033149719238, -0.08442986011505127, -0.028218314051628113, 0.09236899018287659, 0.9953250885009766),
            ["RightHand"] = CFrame.new(-3.678724738165329e-07, -2.980232238769531e-07, -4.586909767567704e-07, 0.9984055757522583, 0.05637788400053978, 0.002814227482303977, -0.05312418192625046, 0.9553089737892151, -0.29079392552375793, -0.0190828088670969, 0.29018324613571167, 0.9567816257476807),
            ["HumanoidRootPart"] = CFrame.new(0, 0, 0, 1, 0, 0, 0, 1, 0, 0, 0, 1),
            ["Handle"] = CFrame.new(3.4645936489105225, -0.1187666729092598, -0.5485870838165283, -0.6998191475868225, -0.7121449112892151, -0.05572619289159775, 0.7134706974029541, -0.7006582617759705, -0.005923415534198284, -0.03482647240161896, -0.04390399530529976, 0.9984286427497864),
            ["RightLowerLeg"] = CFrame.new(-4.575126695272047e-07, 0.0006092190742492676, -0.00002047467751253862, 1, -9.872004369526621e-08, -1.1175892211667815e-07, -7.101334631443024e-09, 0.8123064637184143, 0.5832266807556152, -3.539026138810186e-08, -0.5832308530807495, 0.8123095035552979),
            ["RightFoot"] = CFrame.new(4.126922803493471e-08, 2.980232238769531e-07, 7.908965926617384e-09, 0.95880526304245, 0.24035000801086426, -0.15141229331493378, -0.2805331349372864, 0.8849435448646545, -0.37171506881713867, 0.04464978724718094, 0.3988820016384125, 0.9159160852432251),
            ["LeftLowerLeg"] = CFrame.new(3.830064656540344e-07, -0.0006092190742492676, 0.000020489578673732467, 1, -1.0244534109915548e-08, -3.3527673082289766e-08, 8.940695295223122e-08, 0.8335045576095581, 0.5525082945823669, -2.2351741790771484e-08, -0.5525125861167908, 0.8335073590278625),
            ["LowerTorso"] = CFrame.new(-0.0771406814455986, -0.17465901374816895, -0.003508759429678321, 0.9669970273971558, -0.009495293721556664, -0.25461065769195557, -0.0021038781851530075, 0.9989736676216125, -0.04524518549442291, 0.2547789514064789, 0.044288042932748795, 0.9659847021102905),
            ["Head"] = CFrame.new(7.855624062358402e-08, 0, 5.1329852368553475e-08, 0.9386627674102783, 0.031052498146891594, 0.34343579411506653, -0.024670783430337906, 0.9994325041770935, -0.022935863584280014, -0.34395310282707214, 0.013056471943855286, 0.938896119594574),
            ["UpperTorso"] = CFrame.new(2.7241188860216425e-08, -1.4901161193847656e-07, 5.1222748709278676e-08, 0.9958271384239197, -0.0030795123893767595, -0.09120861440896988, 0.02188028022646904, 0.9783364534378052, 0.20586004853248596, 0.0885988101363182, -0.20699863135814667, 0.9743216037750244),
            ["LeftUpperArm"] = CFrame.new(-1.1920928955078125e-07, 9.5367431640625e-07, 3.637978807091713e-12, 0.9232159852981567, 0.293386846780777, -0.2481895536184311, -0.3168599307537079, 0.946591317653656, -0.05969130992889404, 0.21742166578769684, 0.13375043869018555, 0.9668706655502319),
            ["RightLowerArm"] = CFrame.new(1.1920928955078125e-07, 7.748603820800781e-07, -1.4949183935186738e-07, 1, 2.1944277506236176e-08, -3.1664978195067306e-08, -3.725289943190546e-08, 0.9567425847053528, -0.2909332513809204, 3.725290298461914e-09, 0.29093578457832336, 0.9567433595657349),
            ["LeftHand"] = CFrame.new(-2.9982768978698005e-07, -8.940696716308594e-07, 1.1968951696417207e-07, 0.9859445691108704, -0.1260504573583603, -0.10965778678655624, 0.11983359605073929, 0.9908833503723145, -0.06156279146671295, 0.11641813814640045, 0.04755738005042076, 0.9920611381530762),
            ["RightUpperArm"] = CFrame.new(0, 5.960464477539062e-07, -1.0431176633574069e-07, 0.969535231590271, -0.23491635918617249, -0.06940286606550217, 0.23690341413021088, 0.9712868332862854, 0.021856851875782013, 0.062275663018226624, -0.037633102387189865, 0.9973493218421936),
            ["RightUpperLeg"] = CFrame.new(5.960464477539063e-08, -1.7182901501655579e-07, 2.979868440888822e-08, 0.9480129480361938, -0.27071526646614075, -0.16729040443897247, 0.2609783411026001, 0.9621802568435669, -0.07809197902679443, 0.1821041852235794, 0.030373122543096542, 0.9828100800514221),
            ["LeftUpperLeg"] = CFrame.new(-5.960464477539063e-08, -7.003545761108398e-07, 3.637978807091713e-12, 0.9747037887573242, 0.22078074514865875, -0.03477219492197037, -0.2140987068414688, 0.8776828050613403, -0.4287551939487457, -0.06414186954498291, 0.42535731196403503, 0.9027513265609741),
        }},
        {Time = 0.067, Data = {
            ["LeftLowerArm"] = CFrame.new(-5.960464477539063e-08, -1.1920928955078125e-07, 1.4949183935186738e-07, 1, 4.470344094897882e-08, -3.725292785361489e-08, -2.2351736461700966e-08, 0.911786675453186, -0.410660982131958, -2.1886076950750066e-08, 0.41066423058509827, 0.9117881655693054),
            ["LeftFoot"] = CFrame.new(2.537854371098547e-08, -1.7881393432617188e-07, -9.265205846986646e-08, 0.9842620491981506, -0.17182080447673798, 0.04131104052066803, 0.1760914921760559, 0.973239541053772, -0.14763310551643372, -0.014839161187410355, 0.15258589386940002, 0.9881791472434998),
            ["RightHand"] = CFrame.new(2.7287754278404464e-07, -1.7881393432617188e-07, -3.2458049759043206e-07, 0.9978489875793457, -0.010170571506023407, 0.06476008892059326, 0.020867442712187767, 0.9857834577560425, -0.16671881079673767, -0.062143824994564056, 0.16771313548088074, 0.9838755130767822),
            ["HumanoidRootPart"] = CFrame.new(0, 0, 0, 1, 0, 0, 0, 1, 0, 0, 0, 1),
            ["Handle"] = CFrame.new(3.4254536628723145, -0.060782745480537415, -0.948017954826355, -0.7483771443367004, -0.6631810665130615, 0.01126338541507721, 0.6627845764160156, -0.74836665391922, -0.02568391151726246, 0.025461936369538307, -0.01175582967698574, 0.9996066689491272),
            ["RightLowerLeg"] = CFrame.new(-6.214254426595289e-07, 0.0006095170974731445, -0.00002045605106104631, 1, -6.472679814351068e-08, 0, 6.193295831735668e-08, 0.7522869110107422, 0.6588318943977356, -7.450582373280668e-09, -0.6588356494903564, 0.7522903084754944),
            ["RightFoot"] = CFrame.new(2.6368063288373378e-08, 4.172325134277344e-07, 4.5161868911236525e-08, 0.9365649819374084, 0.2722468674182892, -0.22074748575687408, -0.32758092880249023, 0.9038952589035034, -0.27506551146507263, 0.12464682757854462, 0.3299320638179779, 0.9357401132583618),
            ["LeftLowerLeg"] = CFrame.new(4.5006169102634885e-07, -0.0006093978881835938, 0.000020355468222987838, 1, -7.450567096611849e-08, 2.7939741187310574e-08, 7.823107495141812e-08, 0.7940627336502075, 0.6078314781188965, -2.2351740014414645e-08, -0.6078360080718994, 0.7940661907196045),
            ["LowerTorso"] = CFrame.new(-0.12041803449392319, -0.17325282096862793, -0.08208741247653961, 0.9749706387519836, -0.006888789590448141, -0.22222723066806793, -0.0040575554594397545, 0.998802125453949, -0.048763010650873184, 0.22229701280593872, 0.04844466224312782, 0.9737747311592102),
            ["Head"] = CFrame.new(7.110566002666019e-08, 0, 6.483402614776423e-08, 0.9425176382064819, 0.007082886062562466, 0.33408141136169434, -0.016728047281503677, 0.9995219111442566, 0.02600296586751938, -0.3337373435497284, -0.03009689971804619, 0.9421855211257935),
            ["UpperTorso"] = CFrame.new(2.7008358216562556e-08, -1.1920928955078125e-07, 5.587936158235607e-08, 0.9938258528709412, -0.007555442396551371, -0.11069381237030029, 0.029079964384436607, 0.9805387854576111, 0.194158136844635, 0.10707256197929382, -0.19618014991283417, 0.974704921245575),
            ["LeftUpperArm"] = CFrame.new(0, -2.384185791015625e-07, 2.9805960366502404e-08, 0.9496906995773315, 0.3063826858997345, -0.06495325267314911, -0.3125247061252594, 0.9405744075775146, -0.13283869624137878, 0.02039392851293087, 0.14645643532276154, 0.9890071153640747),
            ["RightLowerArm"] = CFrame.new(1.7881393432617188e-07, -3.5762786865234375e-07, -2.6870114311350335e-07, 1, 5.5879286975368814e-08, -3.7252952722610644e-08, -5.21540641784668e-08, 0.8653189539909363, -0.5012180209159851, -2.980232594040899e-08, 0.5012215971946716, 0.8653210997581482),
            ["LeftHand"] = CFrame.new(-6.276532644733379e-07, -3.5762786865234375e-07, 4.802132025361061e-10, 0.9404736161231995, -0.19251875579357147, -0.2800832986831665, 0.18701569736003876, 0.981255292892456, -0.04650427773594856, 0.28378617763519287, -0.008643959648907185, 0.9588487148284912),
            ["RightUpperArm"] = CFrame.new(-1.1920928955078125e-07, 1.1920928955078125e-07, 7.446942618116736e-09, 0.9607780575752258, -0.272164523601532, -0.053230516612529755, 0.27568089962005615, 0.9581736326217651, 0.07682419568300247, 0.030095264315605164, -0.08848636597394943, 0.9956227540969849),
            ["RightUpperLeg"] = CFrame.new(1.1920928955078125e-07, -9.58913005888462e-07, -1.1179508874192834e-08, 0.9557767510414124, -0.2827025353908539, -0.08106441795825958, 0.27789589762687683, 0.95836341381073, -0.06566686928272247, 0.09625346213579178, 0.04023570194840431, 0.9945433139801025),
            ["LeftUpperLeg"] = CFrame.new(-1.7881393432617188e-07, -9.592622518539429e-07, 3.725654096342623e-08, 0.9836238026618958, 0.17508795857429504, -0.042766790837049484, -0.17608416080474854, 0.8829046487808228, -0.4352818727493286, -0.038453608751297, 0.43568742275238037, 0.8992778658866882),
        }},
        {Time = 0.100, Data = {
            ["LeftLowerArm"] = CFrame.new(5.662441253662109e-07, 2.384185791015625e-07, 1.9106666471202516e-08, 1, 4.470344805440618e-08, -1.4901173628345532e-08, -8.940694584680386e-08, 0.9278743267059326, -0.3728901147842407, -2.9802318834981634e-08, 0.3728930950164795, 0.9278755187988281),
            ["LeftFoot"] = CFrame.new(-1.236330859910595e-07, 0, 5.6359574784892175e-08, 0.9908487200737, -0.13057446479797363, 0.034198466688394547, 0.13480018079280853, 0.9702391028404236, -0.20115675032138824, -0.0069148605689406395, 0.20392757654190063, 0.9789619445800781),
            ["RightHand"] = CFrame.new(-3.715977641149948e-07, -5.364418029785156e-07, -2.2027236923349847e-07, 0.9830372333526611, -0.04251008480787277, 0.1784123182296753, 0.04739917069673538, 0.9986058473587036, -0.023230912163853645, -0.17717602849006653, 0.031293824315071106, 0.9836815595626831),
            ["HumanoidRootPart"] = CFrame.new(0, 0, 0, 1, 0, 0, 0, 1, 0, 0, 0, 1),
            ["Handle"] = CFrame.new(3.362825870513916, 0.011329266242682934, -1.3385281562805176, -0.8035908341407776, -0.5900530219078064, 0.07801348716020584, 0.5877230167388916, -0.8073561191558838, -0.05245182663202286, 0.09393315017223358, 0.003701138775795698, 0.9955716133117676),
            ["RightLowerLeg"] = CFrame.new(-4.351609277364332e-07, 0.0006098747253417969, -0.000020333116481197067, 1, -7.078038066765657e-08, 4.470359371566701e-08, 5.599576269332829e-08, 0.7246833443641663, 0.6890782713890076, 2.2351741790771484e-08, -0.6890820264816284, 0.7246869802474976),
            ["RightFoot"] = CFrame.new(-2.5786007995520777e-08, 2.384185791015625e-07, 1.5359546523541212e-08, 0.9071483016014099, 0.3215807378292084, -0.2714219391345978, -0.37176376581192017, 0.9146319031715393, -0.15886302292346954, 0.19716395437717438, 0.24501922726631165, 0.9492590427398682),
            ["LeftLowerLeg"] = CFrame.new(3.4575356266941526e-07, -0.0006090998649597168, 0.00002047467751253862, 1, -1.1175851000189141e-07, 9.31324262154476e-09, 5.4016709327697754e-08, 0.7639715671539307, 0.6452465057373047, 4.4703490686970326e-08, -0.6452500224113464, 0.7639745473861694),
            ["LowerTorso"] = CFrame.new(-0.17290358245372772, -0.1694352626800537, -0.16565868258476257, 0.9837024807929993, -0.005321080796420574, -0.17972518503665924, -0.004620744846761227, 0.9984837770462036, -0.054852645844221115, 0.17974455654621124, 0.05478966608643532, 0.9821863770484924),
            ["Head"] = CFrame.new(1.3816088539897464e-07, -8.344650268554688e-07, 4.620757820816834e-08, 0.9478225111961365, -0.010940112173557281, 0.31861087679862976, -0.013449592515826225, 0.9971489906311035, 0.07424948364496231, -0.31851470470428467, -0.07466111332178116, 0.9449731111526489),
            ["UpperTorso"] = CFrame.new(4.4703490686970326e-08, 4.76837158203125e-07, 8.195639367158947e-08, 0.9907515048980713, -0.026561493054032326, -0.13306452333927155, 0.052682384848594666, 0.9790207743644714, 0.1968304067850113, 0.1250447928905487, -0.20202194154262543, 0.9713659286499023),
            ["LeftUpperArm"] = CFrame.new(-1.1920928955078125e-07, -7.152557373046875e-07, -5.960100679658353e-08, 0.928942859172821, 0.3687516152858734, 0.03301043063402176, -0.35313063859939575, 0.9093040823936462, -0.220140740275383, -0.11119376868009567, 0.1928427517414093, 0.9749094247817993),
            ["RightLowerArm"] = CFrame.new(3.5762786865234375e-07, -5.960464477539063e-08, -3.02825391429451e-08, 1, 7.450564254440906e-08, -5.960479398936513e-08, -8.940698137394065e-08, 0.6967142820358276, -0.7173454761505127, -5.960465898624534e-08, 0.7173488736152649, 0.6967176795005798),
            ["LeftHand"] = CFrame.new(-7.170602316364239e-07, -5.960464477539062e-07, 2.3889882072580804e-07, 0.9045524597167969, -0.22152751684188843, -0.36429563164711, 0.20698265731334686, 0.9751464128494263, -0.0790378600358963, 0.3727506995201111, -0.003908955492079258, 0.9279233813285828),
            ["RightUpperArm"] = CFrame.new(0, -3.5762786865234375e-07, 3.166132955811918e-08, 0.9386613368988037, -0.3317050337791443, -0.09428027272224426, 0.3409743309020996, 0.9335998892784119, 0.11011690646409988, 0.0514938086271286, -0.13551077246665955, 0.9894370436668396),
            ["RightUpperLeg"] = CFrame.new(2.384185791015625e-07, 8.381903171539307e-09, -3.725654096342623e-08, 0.9558539986610413, -0.29299527406692505, -0.02232600934803486, 0.29252639412879944, 0.9560046792030334, -0.02195296250283718, 0.027776041999459267, 0.014452910982072353, 0.9995096921920776),
            ["LeftUpperLeg"] = CFrame.new(-4.172325134277344e-07, -6.603077054023743e-07, 1.4156466932035983e-07, 0.9911677837371826, 0.12118226289749146, -0.05386584997177124, -0.13255350291728973, 0.8930737972259521, -0.42993685603141785, -0.00399457011371851, 0.4332829713821411, 0.9012506604194641),
        }},
        {Time = 0.133, Data = {
            ["LeftLowerArm"] = CFrame.new(1.4901161193847656e-07, -8.344650268554688e-07, -8.520147787294263e-08, 1, 5.9604616353681195e-08, -1.4901171851988693e-08, -9.685756907629184e-08, 0.9375092387199402, -0.347957581281662, 1.117587533627784e-08, 0.34796053171157837, 0.9375102519989014),
            ["LeftFoot"] = CFrame.new(-1.6833656957260246e-07, -1.1920928955078125e-07, -3.6772693334796713e-08, 0.9951512813568115, -0.09538111835718155, 0.024012712761759758, 0.09834665060043335, 0.9683695435523987, -0.22931893169879913, -0.0013805534690618515, 0.23057067394256592, 0.9730551242828369),
            ["RightHand"] = CFrame.new(1.9092115621788253e-07, -2.980232238769531e-07, -4.1398749317522743e-07, 0.9506462216377258, -0.02382531762123108, 0.30936089158058167, 0.007782620377838612, 0.9985647797584534, 0.05298754945397377, -0.31017929315567017, -0.0479651540517807, 0.9494673013687134),
            ["HumanoidRootPart"] = CFrame.new(0, 0, 0, 1, 0, 0, 0, 1, 0, 0, 0, 1),
            ["Handle"] = CFrame.new(3.283139228820801, 0.0809924528002739, -1.7096455097198486, -0.850776195526123, -0.5063427686691284, 0.14073286950588226, 0.49974730610847473, -0.8623316287994385, -0.08141480386257172, 0.1625806987285614, 0.001066694501787424, 0.9866944551467896),
            ["RightLowerLeg"] = CFrame.new(-5.282931851979811e-07, 0.0006093978881835938, -0.00002040017170656938, 1, -7.450566386069113e-08, -6.705538169171632e-08, 2.6309862732887268e-08, 0.7089056372642517, 0.7052999138832092, -1.0430814256778831e-07, -0.7053033709526062, 0.7089091539382935),
            ["RightFoot"] = CFrame.new(-3.4342590993219346e-09, 2.980232238769531e-07, 6.006303010508418e-08, 0.896808385848999, 0.3431759178638458, -0.27922549843788147, -0.3737717270851135, 0.9253655076026917, -0.06317620724439621, 0.2367054522037506, 0.16102498769760132, 0.958145022392273),
            ["LeftLowerLeg"] = CFrame.new(4.649628522201965e-07, -0.000609278678894043, 0.000020549183318507858, 1, -5.215395759705643e-08, -5.029153271607356e-08, 9.464563532901593e-08, 0.75328528881073, 0.6576902270317078, -4.8428770327291204e-08, -0.6576938629150391, 0.7532885670661926),
            ["LowerTorso"] = CFrame.new(-0.21884837746620178, -0.16000914573669434, -0.22875161468982697, 0.9904963970184326, -0.01153524313122034, -0.1370544284582138, 0.002769151236861944, 0.9979473948478699, -0.0639791265130043, 0.13751113414764404, 0.0629921704530716, 0.9884951710700989),
            ["Head"] = CFrame.new(7.110566002666019e-08, 7.152557373046875e-07, -6.18258511053682e-08, 0.9549539089202881, -0.003798477351665497, 0.2967301309108734, -0.02588846907019615, 0.9950394630432129, 0.09605336934328079, -0.2956230640411377, -0.09940924495458603, 0.9501184821128845),
            ["UpperTorso"] = CFrame.new(7.264316792543468e-08, -1.7881393432617188e-07, 1.005828522693264e-07, 0.9872502684593201, -0.06410879641771317, -0.14569585025310516, 0.09707621484994888, 0.9678785800933838, 0.2319183051586151, 0.12614794075489044, -0.2431071251630783, 0.9617623686790466),
            ["LeftUpperArm"] = CFrame.new(1.1920928955078125e-07, 5.960464477539062e-07, -2.979868440888822e-08, 0.8828731775283813, 0.46676933765411377, 0.051617227494716644, -0.4319150447845459, 0.8502296805381775, -0.3009231686592102, -0.1843484789133072, 0.243384450674057, 0.9522504210472107),
            ["RightLowerArm"] = CFrame.new(2.384185791015625e-07, 1.7881393432617188e-07, -1.1968951696417207e-07, 1, 1.1920889164684922e-07, -5.960485793821135e-08, -1.1920926112907182e-07, 0.5375415682792664, -0.8432350754737854, -5.960463766996327e-08, 0.8432373404502869, 0.5375451445579529),
            ["LeftHand"] = CFrame.new(-9.121140465140343e-08, -4.172325134277344e-07, 4.802132025361061e-10, 0.912950873374939, -0.13631828129291534, -0.38462749123573303, 0.10911048948764801, 0.989780843257904, -0.09180688112974167, 0.39321190118789673, 0.041848670691251755, 0.9184951186180115),
            ["RightUpperArm"] = CFrame.new(0, 8.344650268554688e-07, -5.960828275419772e-08, 0.9061312675476074, -0.3853141665458679, -0.1745327115058899, 0.40146610140800476, 0.913349449634552, 0.06793465465307236, 0.13323338329792023, -0.13162778317928314, 0.9823050498962402),
            ["RightUpperLeg"] = CFrame.new(5.960464477539063e-08, -4.598405212163925e-07, 3.3523974707350135e-08, 0.9554958939552307, -0.29500314593315125, 0.001545405713841319, 0.2950029671192169, 0.955494225025177, -0.00160540163051337, -0.0010035749292001128, 0.001989923184737563, 0.9999975562095642),
            ["LeftUpperLeg"] = CFrame.new(-1.1920928955078125e-07, -8.353963494300842e-07, 9.686118573881686e-08, 0.9943288564682007, 0.08158879727125168, -0.06821678578853607, -0.10262511670589447, 0.904363751411438, -0.414235919713974, 0.027895815670490265, 0.41889092326164246, 0.9076096415519714),
        }},
        {Time = 0.167, Data = {
            ["LeftLowerArm"] = CFrame.new(2.9802322387695312e-08, -1.7881393432617188e-07, -5.539914837981996e-08, 1, 6.332991375757047e-08, 1.4901170075631853e-08, -5.21540641784668e-08, 0.9436963200569153, -0.330810010433197, -7.450581485102248e-09, 0.33081284165382385, 0.9436975121498108),
            ["LeftFoot"] = CFrame.new(-7.147901470716533e-08, 0, 3.400782944140701e-08, 0.9977654814720154, -0.06604073196649551, 0.010139050893485546, 0.06651416420936584, 0.9674307107925415, -0.2442387193441391, 0.006320821586996317, 0.2443694919347763, 0.9696621298789978),
            ["RightHand"] = CFrame.new(-2.0395967226249923e-07, -7.152557373046875e-07, -1.1596422666571016e-07, 0.9041927456855774, 0.015184195712208748, 0.42685484886169434, -0.031607333570718765, 0.9990065097808838, 0.03141596540808678, -0.4259536862373352, -0.04189814254641533, 0.9037743210792542),
            ["HumanoidRootPart"] = CFrame.new(0, 0, 0, 1, 0, 0, 0, 1, 0, 0, 0, 1),
            ["Handle"] = CFrame.new(3.1994102001190186, 0.13835035264492035, -2.0561602115631104, -0.8822073936462402, -0.42773517966270447, 0.1968824416399002, 0.41416582465171814, -0.9038039445877075, -0.10768565535545349, 0.2240018993616104, -0.013456237502396107, 0.9744954109191895),
            ["RightLowerLeg"] = CFrame.new(-4.277103471395094e-07, 0.000609278678894043, -0.00002047840280283708, 1, 7.450562833355434e-09, -1.2666028226249182e-07, 5.494803900774059e-08, 0.6767287850379944, 0.7362287640571594, -4.4703497792397684e-08, -0.7362323999404907, 0.6767327785491943),
            ["RightFoot"] = CFrame.new(1.891748269144955e-08, 3.5762786865234375e-07, -2.9343937058001757e-08, 0.9054189920425415, 0.3340420126914978, -0.2619813084602356, -0.33888477087020874, 0.9404138326644897, 0.027874566614627838, 0.25568246841430664, 0.0635441243648529, 0.9646704196929932),
            ["LeftLowerLeg"] = CFrame.new(3.606547238632629e-07, -0.0006095170974731445, 0.000020444875190150924, 1, -2.9802258438849094e-08, -5.587946816376643e-08, 8.84756374830431e-08, 0.7527976632118225, 0.658248245716095, -2.60770320892334e-08, -0.6582520604133606, 0.7528010010719299),
            ["LowerTorso"] = CFrame.new(-0.25831571221351624, -0.14483189582824707, -0.2748744487762451, 0.9941909909248352, -0.028429072350263596, -0.10380859673023224, 0.020634524524211884, 0.9969398379325867, -0.07539980113506317, 0.10563449561595917, 0.07282045483589172, 0.9917351603507996),
            ["Head"] = CFrame.new(1.0277062756358646e-07, 0, 4.248228435699275e-08, 0.9646909236907959, -0.0033726466353982687, 0.26336291432380676, -0.028537321835756302, 0.9926928877830505, 0.11724401265382767, -0.2618338465690613, -0.12062084674835205, 0.957545816898346),
            ["UpperTorso"] = CFrame.new(7.450581307466564e-08, 1.1920928955078125e-07, 8.940698137394065e-08, 0.987067461013794, -0.08397220075130463, -0.1365528702735901, 0.11972521990537643, 0.9526121020317078, 0.2796328663825989, 0.10660048574209213, -0.2923678457736969, 0.9503467082977295),
            ["LeftUpperArm"] = CFrame.new(0, 0, 3.637978807091713e-12, 0.8446111679077148, 0.5345509052276611, 0.02984631061553955, -0.4920147657394409, 0.7969681024551392, -0.3503689169883728, -0.21107704937458038, 0.2812424302101135, 0.9361361265182495),
            ["RightLowerArm"] = CFrame.new(4.76837158203125e-07, 3.5762786865234375e-07, -6.008486508335409e-08, 1, 1.0430773045300157e-07, -1.4901218037266517e-08, -5.960463766996327e-08, 0.45605361461639404, -0.8899505138397217, -7.450580596923828e-09, 0.8899523615837097, 0.4560571014881134),
            ["LeftHand"] = CFrame.new(-7.319613928302715e-07, -8.940696716308594e-07, -2.9754303909612645e-07, 0.9208914637565613, 0.05390063673257828, -0.38607487082481384, -0.07649170607328415, 0.9961258769035339, -0.043383341282606125, 0.38224074244499207, 0.06948348879814148, 0.9214468002319336),
            ["RightUpperArm"] = CFrame.new(-1.1920928955078125e-07, 3.5762786865234375e-07, 2.979868440888822e-08, 0.8586505651473999, -0.44211462140083313, -0.259339302778244, 0.45348060131073, 0.8910894393920898, -0.01766020804643631, 0.2389027625322342, -0.10244223475456238, 0.9656248688697815),
            ["RightUpperLeg"] = CFrame.new(1.1920928955078125e-07, -1.1455267667770386e-07, 2.0485458662733436e-08, 0.959591805934906, -0.2794773280620575, 0.032824140042066574, 0.28039246797561646, 0.9594840407371521, -0.02773386426270008, -0.023743372410535812, 0.03581710904836655, 0.9990763664245605),
            ["LeftUpperLeg"] = CFrame.new(-1.7881393432617188e-07, -9.872019290924072e-08, 7.450944394804537e-08, 0.9949183464050293, 0.06358698755502701, -0.07806705683469772, -0.08927661925554276, 0.9156261086463928, -0.3919896185398102, 0.046554841101169586, 0.39697039127349854, 0.9166513085365295),
        }},
        {Time = 0.200, Data = {
            ["LeftLowerArm"] = CFrame.new(8.940696716308594e-08, -1.1920928955078125e-07, 4.20550350099802e-09, 1, 2.9802286860558524e-08, -1.8626472808591643e-08, -8.475032586829911e-08, 0.8851883411407471, -0.46522966027259827, -2.2351736461700966e-08, 0.4652330279350281, 0.8851901292800903),
            ["LeftFoot"] = CFrame.new(-1.3853424718490714e-07, 5.960464477539063e-08, 6.753544568027792e-08, 0.999259889125824, -0.03829380124807358, -0.003658159403130412, 0.0361175462603569, 0.9666855931282043, -0.25340336561203003, 0.013239900581538677, 0.2530859410762787, 0.9673538208007812),
            ["RightHand"] = CFrame.new(3.4458938813486384e-08, -4.76837158203125e-07, -4.7359213795061805e-07, 0.8585271835327148, 0.034432969987392426, 0.5116105675697327, -0.014761628583073616, 0.9989889860153198, -0.042463187128305435, -0.5125555396080017, 0.028903909027576447, 0.8581675887107849),
            ["HumanoidRootPart"] = CFrame.new(0, 0, 0, 1, 0, 0, 0, 1, 0, 0, 0, 1),
            ["Handle"] = CFrame.new(3.124239206314087, 0.19261859357357025, -2.3768181800842285, -0.896560549736023, -0.3702675402164459, 0.24308696389198303, 0.349045068025589, -0.9284762740135193, -0.1268499493598938, 0.27266618609428406, -0.02887636423110962, 0.9616745114326477),
            ["RightLowerLeg"] = CFrame.new(-6.400518941518385e-07, 0.0006094574928283691, -0.000020395515093696304, 1, -2.9802251333421736e-08, -5.5879489480048505e-08, 1.2665984172599565e-07, 0.6602364182472229, 0.7510547637939453, -1.341104365337742e-07, -0.7510578632354736, 0.6602399349212646),
            ["RightFoot"] = CFrame.new(-8.911594306937332e-08, 2.384185791015625e-07, -2.9343937058001757e-08, 0.9183722138404846, 0.3162250220775604, -0.23789869248867035, -0.29560548067092896, 0.9478904604911804, 0.11882687360048294, 0.26307788491249084, -0.03880336508154869, 0.963994026184082),
            ["LeftLowerLeg"] = CFrame.new(4.612375619217346e-07, -0.0006091594696044922, 0.000020437424609554, 1, -1.1920906217710581e-07, 5.215417786530452e-08, 6.705523247774181e-08, 0.7542600631713867, 0.6565724015235901, -1.6763809895792292e-08, -0.6565758585929871, 0.7542631030082703),
            ["LowerTorso"] = CFrame.new(-0.2981518507003784, -0.12728238105773926, -0.308739572763443, 0.9954551458358765, -0.05311964079737663, -0.07904107123613358, 0.04611010476946831, 0.9950524568557739, -0.08800214529037476, 0.08332465589046478, 0.08395839482545853, 0.9929794073104858),
            ["Head"] = CFrame.new(2.2676886146655306e-08, 4.76837158203125e-07, -3.202352871767289e-08, 0.9762051701545715, -0.023143412545323372, 0.215610533952713, -0.007265987806022167, 0.9902392029762268, 0.13918821513652802, -0.21672725677490234, -0.1374439299106598, 0.9665085673332214),
            ["UpperTorso"] = CFrame.new(-1.862645371275562e-09, -3.2782554626464844e-07, 1.0803343286625022e-07, 0.9917938709259033, -0.07092103362083435, -0.10637369751930237, 0.10279083251953125, 0.9370839595794678, 0.33362504839897156, 0.07602005451917648, -0.3418242931365967, 0.9366850852966309),
            ["LeftUpperArm"] = CFrame.new(-1.1920928955078125e-07, 4.76837158203125e-07, 3.637978807091713e-12, 0.8195728063583374, 0.5685406923294067, 0.0711728185415268, -0.5224356055259705, 0.7925014495849609, -0.31463879346847534, -0.23529015481472015, 0.22068747878074646, 0.9465395212173462),
            ["RightLowerArm"] = CFrame.new(2.980232238769531e-07, -5.364418029785156e-07, 1.5352272342283868e-08, 1, 8.940664741885485e-08, 0, -1.043081283569336e-07, 0.4508383274078369, -0.8926038146018982, -2.2351745343485163e-08, 0.8926056623458862, 0.45084184408187866),
            ["LeftHand"] = CFrame.new(-4.786416525348614e-07, 0, 4.802132025361061e-10, 0.9155009984970093, 0.16299451887607574, -0.36781954765319824, -0.1462198942899704, 0.9865379333496094, 0.0732271745800972, 0.3748036026954651, -0.013257104903459549, 0.9270094633102417),
            ["RightUpperArm"] = CFrame.new(0, 0.0000013113021850585938, -1.2666350812651217e-07, 0.8056908845901489, -0.5039927363395691, -0.3112185001373291, 0.4950983226299286, 0.8614200353622437, -0.11326783895492554, 0.3251766860485077, -0.06282533705234528, 0.9435642957687378),
            ["RightUpperLeg"] = CFrame.new(1.1920928955078125e-07, 5.587935447692871e-08, -4.656976670958102e-08, 0.9648820757865906, -0.2532312572002411, 0.06984107196331024, 0.25723764300346375, 0.9647272825241089, -0.05593748018145561, -0.05321265012025833, 0.0719393640756607, 0.9959885478019714),
            ["LeftUpperLeg"] = CFrame.new(-1.7881393432617188e-07, -3.4086406230926514e-07, 7.45421857573092e-09, 0.9947518706321716, 0.05830935761332512, -0.08407680690288544, -0.08544782549142838, 0.9254221320152283, -0.36917516589164734, 0.056280240416526794, 0.37442487478256226, 0.9255490303039551),
        }},
        {Time = 0.233, Data = {
            ["LeftLowerArm"] = CFrame.new(0, -4.172325134277344e-07, 6.3810155381816e-08, 1, 5.960456661568969e-08, 0, -4.371393913515931e-08, 0.8671368360519409, -0.49806636571884155, -1.2107190805465962e-08, 0.49807003140449524, 0.8671389818191528),
            ["LeftFoot"] = CFrame.new(-2.1653249859809875e-08, -1.1920928955078125e-07, 1.9106666471202516e-08, 0.9997405409812927, -0.01457296870648861, -0.017510799691081047, 0.009498300962150097, 0.9652796387672424, -0.26104387640953064, 0.02070673368871212, 0.2608121335506439, 0.9651681184768677),
            ["RightHand"] = CFrame.new(3.0267986517173995e-07, -1.1920928955078125e-07, -4.1398749317522743e-07, 0.8813748955726624, 0.12180401384830475, 0.45644527673721313, -0.08512259274721146, 0.9913225173950195, -0.10016760975122452, -0.464685320854187, 0.04943180829286575, 0.8840950727462769),
            ["HumanoidRootPart"] = CFrame.new(0, 0, 0, 1, 0, 0, 0, 1, 0, 0, 0, 1),
            ["Handle"] = CFrame.new(3.0558958053588867, 0.2632722556591034, -2.6215178966522217, -0.8961967825889587, -0.34866422414779663, 0.2743624150753021, 0.3231934607028961, -0.9367017149925232, -0.13463935256004333, 0.3039366602897644, -0.031986720860004425, 0.9521542191505432),
            ["RightLowerLeg"] = CFrame.new(-4.714825081464369e-07, 0.0006094574928283691, -0.00002047467751253862, 1, -9.406332424077846e-08, -4.6566279721105275e-09, 7.264314660915261e-08, 0.6573730707168579, 0.7535613775253296, -1.1362133989223366e-07, -0.7535653710365295, 0.6573775410652161),
            ["RightFoot"] = CFrame.new(-8.632197534552688e-08, 2.980232238769531e-07, -6.992195267230272e-09, 0.9354432225227356, 0.28620535135269165, -0.20744623243808746, -0.24920043349266052, 0.9501867294311523, 0.18719707429409027, 0.25068971514701843, -0.12341728061437607, 0.9601684808731079),
            ["LeftLowerLeg"] = CFrame.new(4.053582074448059e-07, -0.0006092190742492676, 0.000020310764739406295, 1, -8.195621603590553e-08, 9.313246840392253e-10, 8.568167686462402e-08, 0.7533671259880066, 0.6575966477394104, 6.519258910486769e-09, -0.6576002836227417, 0.7533703446388245),
            ["LowerTorso"] = CFrame.new(-0.3334799110889435, -0.11073970794677734, -0.3353442847728729, 0.9950944781303406, -0.08142474293708801, -0.05618879199028015, 0.07550382614135742, 0.9920715093612671, -0.1004646047949791, 0.06392361223697662, 0.09573020786046982, 0.9933527708053589),
            ["Head"] = CFrame.new(5.620449883281253e-08, 1.1920928955078125e-07, 5.7383449103554085e-08, 0.9874624013900757, -0.037603847682476044, 0.1533101350069046, 0.014808233827352524, 0.9889959096908569, 0.14719921350479126, -0.1571582704782486, -0.1430846005678177, 0.9771533012390137),
            ["UpperTorso"] = CFrame.new(8.195639367158947e-08, 1.1920928955078125e-07, 2.2351745343485163e-08, 0.9970976114273071, -0.04854554682970047, -0.058649975806474686, 0.0677265152335167, 0.9174611568450928, 0.39201492071151733, 0.034778494387865067, -0.3948524594306946, 0.9180874824523926),
            ["LeftUpperArm"] = CFrame.new(0, -3.5762786865234375e-07, -1.4897523215040565e-08, 0.8017440438270569, 0.5936278700828552, 0.06940171122550964, -0.5537251234054565, 0.7814722657203674, -0.28754934668540955, -0.2249334305524826, 0.19211263954639435, 0.9552481174468994),
            ["RightLowerArm"] = CFrame.new(0, -1.7881393432617188e-07, -2.0909649833811272e-07, 1, 8.940666873513692e-08, -2.9802432521819355e-08, -7.450580596923828e-08, 0.5343716144561768, -0.8452474474906921, -4.4703490686970326e-08, 0.8452496528625488, 0.5343753099441528),
            ["LeftHand"] = CFrame.new(-2.2532186960688705e-07, -3.5762786865234375e-07, 2.3889882072580804e-07, 0.9379268884658813, 0.12383639067411423, -0.323972225189209, -0.10849557816982269, 0.9919652342796326, 0.06506532430648804, 0.32942667603492737, -0.02587711066007614, 0.9438265562057495),
            ["RightUpperArm"] = CFrame.new(0, 2.384185791015625e-07, -5.960828275419772e-08, 0.7844303846359253, -0.5411118268966675, -0.30310186743736267, 0.5088490843772888, 0.8408951163291931, -0.1842930167913437, 0.35460084676742554, -0.009668122045695782, 0.9349681735038757),
            ["RightUpperLeg"] = CFrame.new(1.1920928955078125e-07, 2.9709190130233765e-07, -1.601911208126694e-07, 0.9696115255355835, -0.21954719722270966, 0.10795120149850845, 0.22838635742664337, 0.9704667925834656, -0.0776711255311966, -0.08771070837974548, 0.09996633976697922, 0.9911174178123474),
            ["LeftUpperLeg"] = CFrame.new(-2.384185791015625e-07, -3.203749656677246e-07, -4.469984560273588e-08, 0.9939398765563965, 0.061315663158893585, -0.09123680740594864, -0.08961600065231323, 0.9326353669166565, -0.34951117634773254, 0.06366037577390671, 0.355572372674942, 0.9324795007705688),
        }},
        {Time = 0.267, Data = {
            ["LeftLowerArm"] = CFrame.new(8.046627044677734e-07, -2.980232238769531e-07, 4.006142617640762e-08, 1, 5.960457372111705e-08, -3.911559076641424e-08, -4.132742859042082e-08, 0.873411238193512, -0.4869799017906189, -1.3737006199221469e-08, 0.4869834780693054, 0.8734132051467896),
            ["LeftFoot"] = CFrame.new(-1.5500701522341842e-07, -1.1920928955078125e-07, -1.0695659469206475e-08, 0.9995286464691162, 0.0027219553012400866, -0.03058118186891079, -0.01096879132091999, 0.9619815349578857, -0.2728918790817261, 0.02867553010582924, 0.27310097217559814, 0.9615585207939148),
            ["RightHand"] = CFrame.new(9.406359424701805e-08, -3.5762786865234375e-07, -3.2458049759043206e-07, 0.9090385437011719, 0.1947757452726364, 0.3683909475803375, -0.15041525661945343, 0.9778093099594116, -0.1458195000886917, -0.3886183500289917, 0.0771445706486702, 0.9181638360023499),
            ["HumanoidRootPart"] = CFrame.new(0, 0, 0, 1, 0, 0, 0, 1, 0, 0, 0, 1),
            ["Handle"] = CFrame.new(2.99650502204895, 0.3796447515487671, -2.702860116958618, -0.8622676730155945, -0.4144028425216675, 0.2911604642868042, 0.3937584161758423, -0.9100877642631531, -0.12917712330818176, 0.3185102939605713, 0.003265254432335496, 0.9479129314422607),
