return {
    ["Hula"] = {
        {Time = 0.000, Data = {
            ["RightFoot"] = CFrame.new(3.725290298461914e-09, 2.980232238769531e-07, -2.029992174357176e-09, 0.9987280368804932, -0.036745671182870865, -0.0345284529030323, 0.03198225796222687, 0.9910496473312378, -0.12960626184940338, 0.03898207098245621, 0.12833718955516815, 0.9909642338752747),
            ["LeftLowerArm"] = CFrame.new(-8.940696716308594e-07, -3.5762786865234375e-07, 3.5762786865234375e-07, 1, -1.0430815677864302e-07, 1.192093321833454e-07, 9.685754776000977e-08, 0.46158331632614136, -0.8870968818664551, 0, 0.8870969414710999, 0.46158328652381897),
            ["RightUpperArm"] = CFrame.new(1.1920928955078125e-07, 3.5762786865234375e-07, 0, 0.7823382019996643, -0.6126492023468018, -0.11228460818529129, 0.30151861906051636, 0.5302621126174927, -0.7924069762229919, 0.5450077652931213, 0.5860744118690491, 0.5995693802833557),
            ["Head"] = CFrame.new(3.427267074584961e-07, 1.1920928955078125e-07, -2.9802322387695312e-08, 0.7582999467849731, 0.19202950596809387, -0.6229814291000366, -0.25488418340682983, 0.9668945074081421, -0.012209633365273476, 0.6000127196311951, 0.16804665327072144, 0.782141387462616),
            ["RightHand"] = CFrame.new(3.427267074584961e-07, -4.172325134277344e-07, -5.364418029785156e-07, 0.36417773365974426, -0.5402107238769531, 0.7586482167243958, 0.5224130749702454, 0.7928552031517029, 0.31379184126853943, -0.7710118889808655, 0.2820517122745514, 0.5709532499313354),
            ["UpperTorso"] = CFrame.new(5.960464477539063e-08, -5.364418029785156e-07, -1.043081283569336e-07, 0.9861171841621399, -0.04622606933116913, 0.15948712825775146, 0.04948306083679199, 0.9986386299133301, -0.016509002074599266, -0.15850676596164703, 0.024171730503439903, 0.9870620369911194),
            ["HumanoidRootPart"] = CFrame.new(0, 0, 0, 1, 0, 0, 0, 1, 0, 0, 0, 1),
            ["RightUpperLeg"] = CFrame.new(-1.7881393432617188e-07, 5.239853635430336e-07, 1.0633812053129077e-07, 0.8890324234962463, 0.2537340819835663, 0.38110432028770447, 0.1825476586818695, 0.5669205784797668, -0.8032917976379395, -0.4198783338069916, 0.783721923828125, 0.4576919674873352),
            ["LeftUpperArm"] = CFrame.new(2.384185791015625e-07, 0.0000013113021850585938, -8.940696716308594e-08, -0.24041615426540375, 0.41276273131370544, -0.8785369992256165, -0.6551712155342102, 0.5988085269927979, 0.46062901616096497, 0.7162057757377625, 0.6863347291946411, 0.12646694481372833),
            ["RightLowerArm"] = CFrame.new(-4.172325134277344e-07, -0.0000010728836059570312, -5.811452865600586e-07, 1, -1.4901157641133977e-08, 0, -2.980232949312267e-08, 1, 6.705525379402388e-08, -1.4901164746561335e-08, -7.450578820566989e-09, 1),
            ["LeftHand"] = CFrame.new(-2.682209014892578e-07, 0, -4.76837158203125e-07, 0.8629232048988342, 0.11843466758728027, -0.49126046895980835, -0.015119207091629505, 0.9777635931968689, 0.2091647982597351, 0.5051089525222778, -0.17306570708751678, 0.8455254435539246),
            ["LeftFoot"] = CFrame.new(1.8044374883174896e-07, 5.960464477539063e-08, 5.587935447692871e-08, 0.9953421950340271, 0.09078191220760345, -0.032444700598716736, -0.08637914806604385, 0.6903564929962158, -0.7182950973510742, -0.04280942678451538, 0.7177510857582092, 0.6949816942214966),
            ["LowerTorso"] = CFrame.new(-0.7131800651550293, -0.32348084449768066, -0.23107358813285828, 0.7990300059318542, 0.09487534314393997, -0.5937591195106506, -0.0614892803132534, 0.995189368724823, 0.0762719064950943, 0.5981389880180359, -0.024433722719550133, 0.8010197877883911),
            ["RightLowerLeg"] = CFrame.new(7.450580596923828e-08, -0.0000037550926208496094, -0.000013225413567852229, 1, -7.82310962677002e-08, -2.3096805534805753e-07, 2.2351741790771484e-07, -0.2970917224884033, 0.9548488855361938, -3.5390257835388184e-07, -0.9548489451408386, -0.2970919609069824),
            ["LeftUpperLeg"] = CFrame.new(-3.5762786865234375e-07, 7.35744833946228e-08, -8.940696716308594e-08, 0.8886224627494812, -0.06804315745830536, 0.45356395840644836, 0.17334797978401184, 0.9654043316841125, -0.19479428231716156, -0.4246182143688202, 0.25172340869903564, 0.8696752190589905),
            ["LeftLowerLeg"] = CFrame.new(1.862645149230957e-07, 0.000003993511199951172, 0.00001329183578491211, 1, 3.3155100709336693e-07, 7.450577044210149e-08, -2.365559055306221e-07, 0.5807550549507141, 0.814079225063324, 8.195637946073475e-08, -0.8140784502029419, 0.5807538628578186),
        }},
        {Time = 0.033, Data = {
            ["RightFoot"] = CFrame.new(-7.30506144464016e-09, 2.384185791015625e-07, -2.438173396512866e-08, 0.9997252225875854, -0.015341194346547127, -0.01772218570113182, 0.014167549088597298, 0.9978136420249939, -0.06455530971288681, 0.018674122169613838, 0.06428653001785278, 0.997756838798523),
            ["LeftLowerArm"] = CFrame.new(-5.960464477539062e-07, -2.384185791015625e-07, 4.470348358154297e-07, 1, -1.1175872316471214e-07, 2.980233659855003e-08, 1.5832482347377663e-07, 0.4443463981151581, -0.8958551287651062, 8.940695295223122e-08, 0.895855188369751, 0.4443463385105133),
            ["RightUpperArm"] = CFrame.new(1.1920928955078125e-07, 5.960464477539062e-07, -1.4901161193847656e-08, 0.7740967869758606, -0.6212762594223022, -0.1216137483716011, 0.27372342348098755, 0.501684844493866, -0.8206022381782532, 0.5708324313163757, 0.6019369959831238, 0.5584104061126709),
            ["Head"] = CFrame.new(4.6938657760620117e-07, 3.5762786865234375e-07, 0, 0.7403058409690857, 0.22682105004787445, -0.6328504085540771, -0.29367631673812866, 0.955904483795166, -0.0009338295785710216, 0.6047326922416687, 0.18654444813728333, 0.7742736339569092),
            ["RightHand"] = CFrame.new(3.5762786865234375e-07, -6.556510925292969e-07, -7.82310962677002e-07, 0.46129655838012695, -0.4450984299182892, 0.7675239443778992, 0.37263503670692444, 0.8822617530822754, 0.28767573833465576, -0.80520099401474, 0.15330253541469574, 0.5728434920310974),
            ["UpperTorso"] = CFrame.new(7.450580596923828e-08, -1.1920928955078125e-07, -9.685754776000977e-08, 0.9830724000930786, -0.11417605727910995, 0.1432918757200241, 0.11297988891601562, 0.9934605956077576, 0.016483880579471588, -0.1442369520664215, -0.000015752391846035607, 0.9895431995391846),
            ["HumanoidRootPart"] = CFrame.new(0, 0, 0, 1, 0, 0, 0, 1, 0, 0, 0, 1),
            ["RightUpperLeg"] = CFrame.new(-2.9802322387695312e-08, 2.4415203370153904e-07, -3.894820110872388e-08, 0.8680335283279419, 0.2531142830848694, 0.4271427094936371, 0.254668265581131, 0.5115344524383545, -0.8206562399864197, -0.426218181848526, 0.8211368322372437, 0.37956857681274414),
            ["LeftUpperArm"] = CFrame.new(3.5762786865234375e-07, 0.0000010728836059570312, -2.9802322387695312e-08, -0.17089369893074036, 0.4051186740398407, -0.8981505036354065, -0.7013583183288574, 0.5902187824249268, 0.39967286586761475, 0.6920202374458313, 0.698226809501648, 0.18326862156391144),
            ["RightLowerArm"] = CFrame.new(-8.642673492431641e-07, -6.556510925292969e-07, -7.450580596923828e-08, 1, 2.9802315282267955e-08, 0, 1.4901164746561335e-08, 1, 1.4901166522918174e-08, 1.4901164746561335e-08, 7.450578820566989e-09, 1),
            ["LeftHand"] = CFrame.new(-2.980232238769531e-07, 1.1920928955078125e-07, -2.086162567138672e-07, 0.8546936511993408, -0.041422288864851, -0.5174775123596191, 0.16419291496276855, 0.9672097563743591, 0.19376806914806366, 0.4924829304218292, -0.25057846307754517, 0.8334692716598511),
            ["LeftFoot"] = CFrame.new(6.216578185558319e-08, -1.1920928955078125e-07, 6.332993507385254e-08, 0.9966855645179749, 0.07726195454597473, -0.02546689100563526, -0.07239317893981934, 0.6995493173599243, -0.7109082341194153, -0.03711054474115372, 0.7103952765464783, 0.7028235197067261),
            ["LowerTorso"] = CFrame.new(-0.6696250438690186, -0.334287166595459, -0.23035970330238342, 0.8091892004013062, 0.10336884111166, -0.57838374376297, -0.08805851638317108, 0.9946200251579285, 0.054560162127017975, 0.5809118151664734, 0.006782111711800098, 0.8139382600784302),
            ["RightLowerLeg"] = CFrame.new(7.668859325349331e-09, -0.000003516674041748047, -0.00001305940531892702, 1, -2.4586915969848633e-07, -3.427268211453338e-07, 2.1606686573250045e-07, -0.32030633091926575, 0.9473140835762024, -3.4645202617866744e-07, -0.9473140835762024, -0.3203065097332001),
            ["LeftUpperLeg"] = CFrame.new(-1.1920928955078125e-07, -1.1175870895385742e-07, -2.384185791015625e-07, 0.8969321846961975, -0.07027466595172882, 0.4365476667881012, 0.1637682467699051, 0.9698731303215027, -0.18035002052783966, -0.410722017288208, 0.233254536986351, 0.8814194202423096),
            ["LeftLowerLeg"] = CFrame.new(4.470348358154297e-08, 0.0000036954879760742188, 0.000013202428817749023, 1, 1.1175873559921001e-08, 1.862644971595273e-08, -1.3597309589385986e-07, 0.5615714192390442, 0.8274285197257996, 6.51925802230835e-08, -0.8274283409118652, 0.5615711808204651),
        }},
        {Time = 0.067, Data = {
            ["RightFoot"] = CFrame.new(-3.8300640881061554e-08, 1.7881393432617188e-07, 3.755121724680066e-08, 0.9988230466842651, 0.03347738832235336, 0.035098496824502945, -0.03396688029170036, 0.99933260679245, 0.013441262766718864, -0.034624796360731125, -0.014616490341722965, 0.9992935061454773),
            ["LeftLowerArm"] = CFrame.new(4.76837158203125e-07, 0, 5.960464477539063e-08, 1, -5.960463056453591e-08, 7.450579886381092e-08, 6.798653373607522e-08, 0.3973013460636139, -0.9176881909370422, 7.450579175838357e-08, 0.9176881909370422, 0.3973013460636139),
            ["RightUpperArm"] = CFrame.new(2.384185791015625e-07, 4.76837158203125e-07, -7.450580596923828e-09, 0.7663136124610901, -0.6304057836532593, -0.12390293180942535, 0.24989037215709686, 0.4701346457004547, -0.8464799523353577, 0.5918769836425781, 0.6177070736885071, 0.5178028345108032),
            ["Head"] = CFrame.new(4.023313522338867e-07, 1.1920928955078125e-07, -2.9802322387695312e-08, 0.7138708829879761, 0.2483794391155243, -0.654748797416687, -0.3349887728691101, 0.9421898126602173, -0.007817038334906101, 0.6149560213088989, 0.22491392493247986, 0.7558061480522156),
            ["RightHand"] = CFrame.new(8.940696716308594e-08, -5.364418029785156e-07, -2.4586915969848633e-07, 0.5215395092964172, -0.326619416475296, 0.7882362008094788, 0.16894452273845673, 0.9450697302818298, 0.27982330322265625, -0.8363338708877563, -0.012770753353834152, 0.5480716824531555),
            ["UpperTorso"] = CFrame.new(-1.1920928955078125e-07, -5.960464477539063e-08, -6.332993507385254e-08, 0.9762046933174133, -0.1801537722349167, 0.1207021027803421, 0.17172177135944366, 0.9821287989616394, 0.07703729718923569, -0.13242360949516296, -0.05447700247168541, 0.9896950721740723),
            ["HumanoidRootPart"] = CFrame.new(0, 0, 0, 1, 0, 0, 0, 1, 0, 0, 0, 1),
            ["RightUpperLeg"] = CFrame.new(-2.980232238769531e-07, 5.280598998069763e-07, 3.183231456205249e-08, 0.8203842043876648, 0.2134406417608261, 0.5304834246635437, 0.3714998662471771, 0.5063043832778931, -0.7782309651374817, -0.43469250202178955, 0.8355231881141663, 0.3360711932182312),
            ["LeftUpperArm"] = CFrame.new(1.7881393432617188e-07, 0.0000011920928955078125, -4.470348358154297e-08, -0.08716264367103577, 0.41051608324050903, -0.9076780080795288, -0.7477587461471558, 0.5750687122344971, 0.33189260959625244, 0.6582245230674744, 0.7076528072357178, 0.25684255361557007),
            ["RightLowerArm"] = CFrame.new(-3.8743019104003906e-07, -5.364418029785156e-07, 2.8312206268310547e-07, 1, -1.4901155864777138e-08, -2.980233304583635e-08, 2.980232594040899e-08, 1, -2.2351748896198842e-08, -1.4901162970204496e-08, 7.450577932388569e-09, 1),
            ["LeftHand"] = CFrame.new(-2.384185791015625e-07, 0.0000010728836059570312, -2.682209014892578e-07, 0.8282914161682129, -0.169146329164505, -0.5341561436653137, 0.29348888993263245, 0.9430708885192871, 0.1564662605524063, 0.47728145122528076, -0.2863685190677643, 0.830780029296875),
            ["LeftFoot"] = CFrame.new(2.337619662284851e-07, 5.960464477539063e-08, 3.166496753692627e-08, 0.9969150424003601, 0.07578238844871521, -0.02043549343943596, -0.06885644048452377, 0.7194296717643738, -0.6911441683769226, -0.037674546241760254, 0.6904188394546509, 0.7224279046058655),
            ["LowerTorso"] = CFrame.new(-0.6199365854263306, -0.34621357917785645, -0.22914201021194458, 0.8246316313743591, 0.09914010763168335, -0.5569146871566772, -0.11266354471445084, 0.9935824275016785, 0.010051706805825233, 0.5543371438980103, 0.05445503070950508, 0.8305089473724365),
            ["RightLowerLeg"] = CFrame.new(2.514570951461792e-08, -0.000003635883331298828, -0.000013100267096888274, 1, 2.2351736461700966e-08, 6.705524668859653e-08, 7.450580596923828e-09, -0.21909300982952118, 0.9757040739059448, 1.0058283805847168e-07, -0.9757040143013, -0.21909268200397491),
            ["LeftUpperLeg"] = CFrame.new(-4.172325134277344e-07, -1.4528632164001465e-07, -8.754432201385498e-08, 0.9063581824302673, -0.05977883189916611, 0.41825994849205017, 0.141941636800766, 0.975486159324646, -0.16816456615924835, -0.3979540765285492, 0.21178610622882843, 0.8926250338554382),
            ["LeftLowerLeg"] = CFrame.new(1.1548399925231934e-07, 0.000003814697265625, 0.000013217329978942871, 1, -7.450582373280668e-09, 1.8626444830971423e-09, 4.470347647611561e-08, 0.5132312178611755, 0.8582509756088257, -3.5390254282674505e-08, -0.8582503795623779, 0.5132302045822144),
        }},
        {Time = 0.100, Data = {
            ["RightFoot"] = CFrame.new(-9.266659617424011e-08, 1.7881393432617188e-07, -4.6733475755900145e-08, 0.9917252659797668, 0.09297430515289307, 0.08852662891149521, -0.09261798113584518, 0.9956685900688171, -0.008134831674396992, -0.08889895677566528, -0.00013079505879431963, 0.9960405826568604),
            ["LeftLowerArm"] = CFrame.new(-8.940696716308594e-08, 4.172325134277344e-07, -4.470348358154297e-08, 1, -6.705522537231445e-08, 3.725290653733282e-08, 1.1082735795753251e-07, 0.3282613456249237, -0.9445869326591492, 5.215404996761208e-08, 0.9445869326591492, 0.3282613754272461),
            ["RightUpperArm"] = CFrame.new(0, 0, 1.4901161193847656e-08, 0.7581318616867065, -0.6408647894859314, -0.12053411453962326, 0.23772451281547546, 0.4437350630760193, -0.8640522956848145, 0.607225775718689, 0.6264116764068604, 0.48875892162323),
            ["Head"] = CFrame.new(2.5331974029541016e-07, 0, -4.470348358154297e-08, 0.6811199188232422, 0.25555121898651123, -0.6861263513565063, -0.3679512143135071, 0.9296506643295288, -0.019013365730643272, 0.6329989433288574, 0.2654113471508026, 0.7272339463233948),
            ["RightHand"] = CFrame.new(1.862645149230957e-07, -5.364418029785156e-07, -5.960464477539062e-07, 0.532150149345398, -0.2148803174495697, 0.8189277648925781, -0.050394874066114426, 0.9575024247169495, 0.28398847579956055, -0.8451489806175232, -0.1923942118883133, 0.498706191778183),
            ["UpperTorso"] = CFrame.new(-1.7881393432617188e-07, -2.9802322387695312e-08, -5.960464477539063e-08, 0.9680140018463135, -0.23122601211071014, 0.09738285839557648, 0.22009417414665222, 0.968931257724762, 0.11283142119646072, -0.12044690549373627, -0.08778899908065796, 0.9888305068016052),
            ["HumanoidRootPart"] = CFrame.new(0, 0, 0, 1, 0, 0, 0, 1, 0, 0, 0, 1),
            ["RightUpperLeg"] = CFrame.new(-3.2782554626464844e-07, 3.497116267681122e-07, -5.571200745180249e-08, 0.7739070057868958, 0.16734984517097473, 0.6107878684997559, 0.45258384943008423, 0.5284742712974548, -0.7182495594024658, -0.4429851472377777, 0.8322913646697998, 0.33325037360191345),
            ["LeftUpperArm"] = CFrame.new(0, 2.384185791015625e-07, -1.9371509552001953e-07, 0.010179935954511166, 0.42694154381752014, -0.9042220711708069, -0.7850174307823181, 0.5635364055633545, 0.25724393129348755, 0.619390070438385, 0.7072112560272217, 0.3408932685852051),
            ["RightLowerArm"] = CFrame.new(-6.258487701416016e-07, -1.7881393432617188e-07, -4.172325134277344e-07, 1, -1.4901162970204496e-08, -2.23517560016262e-08, 1.4901164746561335e-08, 1, -2.23517560016262e-08, 2.2351747119842003e-08, 1.4901162970204496e-08, 1),
            ["LeftHand"] = CFrame.new(2.384185791015625e-07, -2.980232238769531e-07, -3.166496753692627e-07, 0.7815840244293213, -0.2852293848991394, -0.5547709465026855, 0.4051744043827057, 0.9083253145217896, 0.10382089018821716, 0.47429972887039185, -0.305923730134964, 0.8255001306533813),
            ["LeftFoot"] = CFrame.new(2.9103830456733704e-10, 0, 3.050081431865692e-08, 0.9967337846755981, 0.07923436164855957, -0.01561233401298523, -0.06956452876329422, 0.7441911697387695, -0.6643349528312683, -0.04101940616965294, 0.6632506847381592, 0.7472720146179199),
            ["LowerTorso"] = CFrame.new(-0.5650477409362793, -0.3560464382171631, -0.22748178243637085, 0.8434805274009705, 0.09716218709945679, -0.5282992720603943, -0.12641677260398865, 0.9917869567871094, -0.019432006403803825, 0.5220722556114197, 0.08317641913890839, 0.848835825920105),
            ["RightLowerLeg"] = CFrame.new(1.1175870895385742e-08, -0.000003814697265625, -0.000013344157196115702, 1, -3.352759847530251e-08, -6.70552680048786e-08, 4.8428763221863846e-08, -0.11438744515180588, 0.9934362173080444, -5.215404996761208e-08, -0.9934362173080444, -0.11438741534948349),
            ["LeftUpperLeg"] = CFrame.new(-2.980232238769531e-07, 7.450580596923828e-09, -8.568167686462402e-08, 0.9195658564567566, -0.035167157649993896, 0.39135921001434326, 0.11631699651479721, 0.9757108688354492, -0.18563014268875122, -0.37532520294189453, 0.21622154116630554, 0.9013210535049438),
            ["LeftLowerLeg"] = CFrame.new(1.327134668827057e-07, 0.000004112720489501953, 0.0000133514404296875, 1, -1.1501835217586631e-07, -1.5133993258586997e-07, 1.1455269088855857e-07, 0.4505211412906647, 0.8927660584449768, -1.1385419895759696e-07, -0.8927657604217529, 0.45052072405815125),
        }},
        {Time = 0.133, Data = {
            ["RightFoot"] = CFrame.new(-5.448237061500549e-08, 1.1920928955078125e-07, 5.420588422566652e-09, 0.981881320476532, 0.14974528551101685, 0.11612722277641296, -0.14170804619789124, 0.9870882630348206, -0.07467062771320343, -0.1258094161748886, 0.05686222389340401, 0.9904235601425171),
            ["LeftLowerArm"] = CFrame.new(0.0000014901161193847656, 1.1920928955078125e-07, 2.859160304069519e-07, 1, -8.940695295223122e-08, 1.005828522693264e-07, 1.0151416063308716e-07, 0.24595142900943756, -0.9692821502685547, 6.51925802230835e-08, 0.9692821502685547, 0.24595142900943756),
            ["RightUpperArm"] = CFrame.new(3.5762786865234375e-07, 5.960464477539062e-07, -6.332993507385254e-08, 0.7487660646438599, -0.6531751751899719, -0.11274556815624237, 0.23897984623908997, 0.42468371987342834, -0.873231053352356, 0.6182540655136108, 0.6269018650054932, 0.47408437728881836),
            ["Head"] = CFrame.new(2.8312206268310547e-07, 5.960464477539062e-07, -1.043081283569336e-07, 0.6446129083633423, 0.24977371096611023, -0.7225561738014221, -0.3890269994735718, 0.9207770824432373, -0.028767213225364685, 0.6581278443336487, 0.2996375560760498, 0.6907134056091309),
            ["RightHand"] = CFrame.new(-1.4901161193847656e-07, -4.76837158203125e-07, -5.997717380523682e-07, 0.5012698173522949, -0.13077321648597717, 0.855351984500885, -0.2547154724597931, 0.9224134087562561, 0.29029932618141174, -0.8269514441490173, -0.36338964104652405, 0.429067999124527),
            ["UpperTorso"] = CFrame.new(-1.341104507446289e-07, 1.7881393432617188e-07, -6.05359673500061e-08, 0.9614953994750977, -0.26308223605155945, 0.07946308702230453, 0.25366419553756714, 0.9608191847801208, 0.1117187887430191, -0.10574092715978622, -0.08726014196872711, 0.9905576705932617),
            ["HumanoidRootPart"] = CFrame.new(0, 0, 0, 1, 0, 0, 0, 1, 0, 0, 0, 1),
            ["RightUpperLeg"] = CFrame.new(-1.4901161193847656e-07, 4.988396540284157e-07, -7.340713636949658e-08, 0.7527649998664856, 0.10795631259679794, 0.6493768095970154, 0.500501275062561, 0.5469110012054443, -0.6711085438728333, -0.42760202288627625, 0.8302010893821716, 0.35766342282295227),
            ["LeftUpperArm"] = CFrame.new(5.960464477539063e-08, 0.0000011920928955078125, -1.341104507446289e-07, 0.112273208796978, 0.4454917013645172, -0.8882184028625488, -0.8097441792488098, 0.559110701084137, 0.17807169258594513, 0.5759419798851013, 0.6992369890213013, 0.423507422208786),
            ["RightLowerArm"] = CFrame.new(-4.76837158203125e-07, -4.172325134277344e-07, -1.6391277313232422e-07, 1, -1.4901159417490817e-08, -2.980232949312267e-08, 1.4901164746561335e-08, 1, 1.4901164746561335e-08, 2.2351747119842003e-08, 0, 1),
            ["LeftHand"] = CFrame.new(6.258487701416016e-07, 1.7881393432617188e-07, 0, 0.7260891795158386, -0.3944653868675232, -0.5631977319717407, 0.5058321356773376, 0.8612440228462219, 0.048914022743701935, 0.4657557010650635, -0.3203994035720825, 0.8248732089996338),
            ["LeftFoot"] = CFrame.new(-5.820766091346741e-08, -5.960464477539063e-08, -4.6566128730773926e-08, 0.9964532852172852, 0.0835418626666069, -0.010085956193506718, -0.07094456255435944, 0.7695817351341248, -0.6345957517623901, -0.045253295451402664, 0.6330597996711731, 0.7727783918380737),
            ["LowerTorso"] = CFrame.new(-0.5059895515441895, -0.36411619186401367, -0.2255338728427887, 0.8637514114379883, 0.09722252190113068, -0.49445050954818726, -0.12543687224388123, 0.9918087124824524, -0.024107854813337326, 0.488056480884552, 0.0828455314040184, 0.8688713908195496),
            ["RightLowerLeg"] = CFrame.new(-5.587935447692871e-08, -0.000003635883331298828, -0.000013219359971117228, 1, -2.16066737834808e-07, -4.470350489782504e-08, 2.7380880851524125e-07, -0.019431723281741142, 0.9998112320899963, -2.9802318834981634e-08, -0.9998112320899963, -0.01943163014948368),
            ["LeftUpperLeg"] = CFrame.new(-5.960464477539063e-08, 2.0116567611694336e-07, -1.6111880540847778e-07, 0.935549259185791, 0.0036598644219338894, 0.3531774878501892, 0.08588328212499619, 0.9675768613815308, -0.23752672970294952, -0.342595636844635, 0.25255048274993896, 0.9049015641212463),
            ["LeftLowerLeg"] = CFrame.new(-1.341104507446289e-07, 0.0000040531158447265625, 0.000013336539268493652, 1, -1.8533330603531795e-07, -1.2665985593685036e-07, 1.7508864402770996e-07, 0.37878456711769104, 0.9254853129386902, -1.5506520867347717e-07, -0.9254849553108215, 0.378783643245697),
        }},
        {Time = 0.167, Data = {
            ["RightFoot"] = CFrame.new(-2.9802322387695312e-08, 2.384185791015625e-07, 6.351910997182131e-09, 0.981900691986084, 0.1675785332918167, 0.08825349062681198, -0.14604279398918152, 0.9666086435317993, -0.21056829392910004, -0.12059294432401657, 0.193868950009346, 0.9735873937606812),
            ["LeftLowerArm"] = CFrame.new(-0.0000011324882507324219, -0.0000011324882507324219, 3.5390257835388184e-07, 1, -9.685756907629184e-08, 1.2107200575428578e-07, 1.0943041672817344e-07, 0.16083048284053802, -0.9869821071624756, 7.916242594774303e-08, 0.9869821071624756, 0.16083046793937683),
            ["RightUpperArm"] = CFrame.new(3.5762786865234375e-07, 3.5762786865234375e-07, 6.51925802230835e-09, 0.7369868159294128, -0.6682501435279846, -0.1014503762125969, 0.24957847595214844, 0.40853703022003174, -0.8779568076133728, 0.6281409859657288, 0.6217228174209595, 0.4678671658039093),
            ["Head"] = CFrame.new(2.0116567611694336e-07, 2.384185791015625e-07, -2.2351741790771484e-08, 0.6069909334182739, 0.2330702543258667, -0.759763240814209, -0.4008457362651825, 0.9152952432632446, -0.039461951702833176, 0.6862103939056396, 0.3285009264945984, 0.6490012407302856),
            ["RightHand"] = CFrame.new(3.986060619354248e-07, -3.5762786865234375e-07, -5.988404154777527e-07, 0.44819366931915283, -0.08300791680812836, 0.8900742530822754, -0.4235919117927551, 0.857080340385437, 0.2932291626930237, -0.7872053980827332, -0.5084517598152161, 0.3489765226840973),
            ["UpperTorso"] = CFrame.new(-1.341104507446289e-07, 2.9802322387695312e-08, -4.470348358154297e-08, 0.9598529934883118, -0.2731999456882477, 0.06359392404556274, 0.2662813365459442, 0.958733856678009, 0.09961780160665512, -0.08818522840738297, -0.07868453115224838, 0.99299156665802),
            ["HumanoidRootPart"] = CFrame.new(0, 0, 0, 1, 0, 0, 0, 1, 0, 0, 0, 1),
            ["RightUpperLeg"] = CFrame.new(-1.7881393432617188e-07, 2.2689346224069595e-07, 4.998582880944014e-09, 0.7877411246299744, 0.04221382737159729, 0.6145585775375366, 0.48124995827674866, 0.5805875062942505, -0.6567464470863342, -0.3845290243625641, 0.8131027221679688, 0.43703776597976685),
            ["LeftUpperArm"] = CFrame.new(0, 9.5367431640625e-07, -1.1175870895385742e-07, 0.2050023078918457, 0.44917765259742737, -0.8696054220199585, -0.8226377367973328, 0.5604756474494934, 0.09557263553142548, 0.5303217768669128, 0.6957776546478271, 0.48440927267074585),
            ["RightLowerArm"] = CFrame.new(-5.662441253662109e-07, -3.5762786865234375e-07, 1.341104507446289e-07, 1, -1.4901159417490817e-08, 4.470350489782504e-08, 1.4901164746561335e-08, 1, -1.4901168299275014e-08, 2.2351747119842003e-08, 0, 1),
            ["LeftHand"] = CFrame.new(-5.364418029785156e-07, 1.1920928955078125e-07, -3.5762786865234375e-07, 0.6696380376815796, -0.48844820261001587, -0.5594670176506042, 0.5901554822921753, 0.8072881102561951, 0.001558880670927465, 0.4508897662162781, -0.3312164843082428, 0.8288511037826538),
            ["LeftFoot"] = CFrame.new(1.257285475730896e-08, -5.960464477539063e-08, 1.1175870895385742e-08, 0.9963225722312927, 0.08559804409742355, -0.0037943702191114426, -0.07062370330095291, 0.7953397035598755, -0.6020365953445435, -0.04851521924138069, 0.6000897884368896, 0.7984595894813538),
            ["LowerTorso"] = CFrame.new(-0.4438929855823517, -0.36733412742614746, -0.2235276997089386, 0.886118471622467, 0.08530128002166748, -0.4555412232875824, -0.1073838472366333, 0.9939571022987366, -0.02276194468140602, 0.4508468210697174, 0.06908755004405975, 0.889923632144928),
            ["RightLowerLeg"] = CFrame.new(9.499490261077881e-08, -0.000003635883331298828, -0.000013386998034548014, 1, 5.960463766996327e-08, 4.470348358154297e-08, 0, 0.05887971073389053, 0.9982651472091675, 5.960464477539063e-08, -0.9982650876045227, 0.0588795468211174),
            ["LeftUpperLeg"] = CFrame.new(-4.172325134277344e-07, -3.5762786865234375e-07, -1.9744038581848145e-07, 0.9532946348190308, 0.05375497043132782, 0.297219842672348, 0.04020101577043533, 0.9526992440223694, -0.3012438714504242, -0.29935458302497864, 0.29912295937538147, 0.9060421586036682),
            ["LeftLowerLeg"] = CFrame.new(1.0058283805847168e-07, 0.000003993511199951172, 0.00001329183578491211, 1, 4.3958445417047187e-07, 3.5762769812208717e-07, -4.2002653799499967e-07, 0.30690857768058777, 0.9517393112182617, 4.135072799726913e-07, -0.9517390131950378, 0.30690762400627136),
        }},
        {Time = 0.200, Data = {
            ["RightFoot"] = CFrame.new(-2.9336661100387573e-08, 1.7881393432617188e-07, 2.4047039914876223e-08, 0.9857348203659058, 0.15750473737716675, 0.05932166054844856, -0.132063090801239, 0.9423315525054932, -0.3075231611728668, -0.10433697700500488, 0.29530251026153564, 0.9496897459030151),
            ["LeftLowerArm"] = CFrame.new(-0.0000013709068298339844, 3.5762786865234375e-07, 1.7881393432617188e-07, 1, -1.043080928297968e-07, 6.146729703004894e-08, 6.519256601222878e-08, 0.08477449417114258, -0.9964002370834351, 8.940694584680386e-08, 0.9964001774787903, 0.08477453142404556),
            ["RightUpperArm"] = CFrame.new(2.384185791015625e-07, 3.5762786865234375e-07, -1.6763806343078613e-08, 0.7221264839172363, -0.686005711555481, -0.08904758095741272, 0.26711899042129517, 0.3952663540840149, -0.8788697719573975, 0.638107180595398, 0.6108689308166504, 0.4686773419380188),
            ["Head"] = CFrame.new(3.1851232051849365e-07, 2.384185791015625e-07, -7.450580596923828e-08, 0.5700076222419739, 0.21074500679969788, -0.7941523790359497, -0.40531736612319946, 0.9128797054290771, -0.04866718500852585, 0.7147092223167419, 0.349624365568161, 0.605767011642456),
            ["RightHand"] = CFrame.new(2.1979212760925293e-07, -7.748603820800781e-07, -3.46451997756958e-07, 0.3956969678401947, -0.0663963332772255, 0.9159778952598572, -0.5473370552062988, 0.783847987651825, 0.29326513409614563, -0.7374592423439026, -0.6173927187919617, 0.27382516860961914),
            ["UpperTorso"] = CFrame.new(-2.9802322387695312e-08, -1.7881393432617188e-07, -6.705522537231445e-08, 0.9641200304031372, -0.2612358331680298, 0.04720697179436684, 0.25687211751937866, 0.9629197716712952, 0.0824766531586647, -0.06700234860181808, -0.06739124655723572, 0.9954743981361389),
            ["HumanoidRootPart"] = CFrame.new(0, 0, 0, 1, 0, 0, 0, 1, 0, 0, 0, 1),
            ["RightUpperLeg"] = CFrame.new(-5.960464477539063e-08, 2.0599691197276115e-07, 5.75528247281909e-09, 0.8395499587059021, 0.021081488579511642, 0.5428733825683594, 0.40646693110466003, 0.6386350393295288, -0.6533982753753662, -0.3604726493358612, 0.7692209482192993, 0.5275976061820984),
            ["LeftUpperArm"] = CFrame.new(0, 8.344650268554688e-07, -1.4901161193847656e-07, 0.27932077646255493, 0.42414090037345886, -0.8614431619644165, -0.8208248019218445, 0.5709837079048157, 0.014979777857661247, 0.4982234835624695, 0.7029097080230713, 0.5076329708099365),
            ["RightLowerArm"] = CFrame.new(3.5762786865234375e-07, -5.960464477539063e-08, -3.2782554626464844e-07, 1, -1.4901162970204496e-08, -2.980233659855003e-08, -1.4901162970204496e-08, 1, -7.450584149637507e-09, -3.725290742551124e-09, 1.4901162970204496e-08, 1),
            ["LeftHand"] = CFrame.new(-2.2351741790771484e-07, -5.960464477539063e-08, -5.736947059631348e-07, 0.6221725940704346, -0.5602367520332336, -0.5468419194221497, 0.6541199684143066, 0.7557926774024963, -0.030076682567596436, 0.4301491677761078, -0.3389872908592224, 0.8366955518722534),
            ["LeftFoot"] = CFrame.new(-3.5390257835388184e-08, 5.960464477539063e-08, 9.313225746154785e-09, 0.9958077073097229, 0.09138519316911697, 0.003980343230068684, -0.07345046103000641, 0.8247953653335571, -0.5606407523155212, -0.05451742932200432, 0.5579977035522461, 0.8280495405197144),
            ["LowerTorso"] = CFrame.new(-0.3799580931663513, -0.3626694679260254, -0.22173082828521729, 0.9097750782966614, 0.05725270137190819, -0.4111344516277313, -0.07163902372121811, 0.9972370266914368, -0.019655101001262665, 0.40887320041656494, 0.04733499139547348, 0.9113628268241882),
            ["RightLowerLeg"] = CFrame.new(9.872019290924072e-08, -0.0000036954879760742188, -0.000013334843970369548, 1, 2.3655596237404097e-07, 1.4901166878189542e-07, -5.5879375793210784e-08, 0.10301081091165543, 0.9946803450584412, 1.35973138526424e-07, -0.9946802258491516, 0.10301069915294647),
            ["LeftUpperLeg"] = CFrame.new(-1.7881393432617188e-07, 2.1420419216156006e-07, -9.685754776000977e-08, 0.9646212458610535, 0.11899074912071228, 0.23526006937026978, -0.022279608994722366, 0.925953209400177, -0.3769799768924713, -0.26269659399986267, 0.3584020137786865, 0.8958452939987183),
            ["LeftLowerLeg"] = CFrame.new(4.470348358154297e-08, 0.000003933906555175781, 0.00001341104507446289, 1, 2.3096797008292924e-07, 1.844018271413006e-07, -2.197920991875435e-07, 0.22558574378490448, 0.9742234945297241, 1.0430811414607888e-07, -0.9742233157157898, 0.22558534145355225),
        }},
        {Time = 0.233, Data = {
            ["RightFoot"] = CFrame.new(2.5072949938476086e-08, 2.384185791015625e-07, 2.032174961641431e-08, 0.9825743436813354, 0.18278178572654724, 0.03374125435948372, -0.15227468311786652, 0.8956965208053589, -0.41777995228767395, -0.10658438503742218, 0.40536224842071533, 0.9079214930534363),
            ["LeftLowerArm"] = CFrame.new(0.0000014007091522216797, -4.76837158203125e-07, 5.066394805908203e-07, 1, -1.043081283569336e-07, 4.656615093523442e-09, 7.211930608264083e-08, 0.030540060251951218, -0.9995335340499878, 8.940698847936801e-08, 0.9995335340499878, 0.030540060251951218),
            ["RightUpperArm"] = CFrame.new(1.1920928955078125e-07, 4.76837158203125e-07, -3.562308847904205e-08, 0.7033565044403076, -0.7065587639808655, -0.07787404954433441, 0.2900068163871765, 0.38524818420410156, -0.8760592937469482, 0.6489882469177246, 0.5935980081558228, 0.4758736491203308),
            ["Head"] = CFrame.new(2.5331974029541016e-07, 2.384185791015625e-07, -5.797483026981354e-08, 0.5351044535636902, 0.18731781840324402, -0.8237568736076355, -0.4036372900009155, 0.913293182849884, -0.05452093854546547, 0.742118775844574, 0.36167335510253906, 0.5643156170845032),
            ["RightHand"] = CFrame.new(4.470348358154297e-07, -4.172325134277344e-07, -1.8998980522155762e-07, 0.365482896566391, -0.06582271307706833, 0.9284878373146057, -0.623452365398407, 0.7233811616897583, 0.29669323563575745, -0.6911798119544983, -0.6873043179512024, 0.22334608435630798),
            ["UpperTorso"] = CFrame.new(-1.1175870895385742e-08, -8.940696716308594e-08, -4.0978193283081055e-08, 0.973496675491333, -0.22708013653755188, 0.02718430943787098, 0.2248985916376114, 0.9721084833145142, 0.06652748584747314, -0.04153311252593994, -0.05865056812763214, 0.997414231300354),
            ["HumanoidRootPart"] = CFrame.new(0, 0, 0, 1, 0, 0, 0, 1, 0, 0, 0, 1),
            ["RightUpperLeg"] = CFrame.new(-2.9802322387695312e-08, 7.311464287340641e-07, -1.6596459317952394e-08, 0.8786024451255798, 0.006187331397086382, 0.4775136411190033, 0.31955236196517944, 0.7354528903961182, -0.5974903106689453, -0.35488587617874146, 0.6775476932525635, 0.6441941261291504),
            ["LeftUpperArm"] = CFrame.new(5.960464477539063e-08, 5.960464477539062e-07, -7.28759914636612e-08, 0.34660592675209045, 0.37532198429107666, -0.8596498370170593, -0.8010722994804382, 0.5952311754226685, -0.06311070919036865, 0.4880034923553467, 0.7105161547660828, 0.5069707632064819),
            ["RightLowerArm"] = CFrame.new(-6.556510925292969e-07, -7.152557373046875e-07, 7.152557373046875e-07, 1, 7.450578820566989e-09, 0, -2.2351745343485163e-08, 1, 0, -9.313226634333205e-09, 1.4901157641133977e-08, 1),
            ["LeftHand"] = CFrame.new(3.2782554626464844e-07, 1.1920928955078125e-07, -3.0547380447387695e-07, 0.5926596522331238, -0.6068198680877686, -0.529645562171936, 0.6963683366775513, 0.7164748311042786, -0.041653700172901154, 0.40475383400917053, -0.3441419005393982, 0.8471957445144653),
            ["LeftFoot"] = CFrame.new(6.146728992462158e-08, 1.7881393432617188e-07, -2.7008354663848877e-08, 0.9958251118659973, 0.09052329510450363, 0.011744115501642227, -0.07137922197580338, 0.8524211645126343, -0.5179610252380371, -0.05689844489097595, 0.514959990978241, 0.8553235530853271),
            ["LowerTorso"] = CFrame.new(-0.31541603803634644, -0.35100817680358887, -0.22041481733322144, 0.9328184127807617, 0.009483334608376026, -0.36022213101387024, -0.017378900200128555, 0.9996744394302368, -0.018686000257730484, 0.3599276542663574, 0.023690911009907722, 0.9326794743537903),
            ["RightLowerLeg"] = CFrame.new(-5.4016709327697754e-08, -0.000003516674041748047, -0.00001337954745395109, 1, -2.821908537953277e-07, -2.5145723725472635e-07, 2.621672194891289e-07, 0.2309206873178482, 0.9729726910591125, -2.4866304215720447e-07, -0.9729726314544678, 0.23092055320739746),
            ["LeftUpperLeg"] = CFrame.new(-5.960464477539063e-08, -6.332993507385254e-08, -8.195638656616211e-08, 0.9697147607803345, 0.19145826995372772, 0.15164725482463837, -0.10505352914333344, 0.8874854445457458, -0.44870203733444214, -0.22049246728420258, 0.41918179392814636, 0.8807211518287659),
            ["LeftLowerLeg"] = CFrame.new(-2.2351741790771484e-08, 0.000003874301910400391, 0.000013276934623718262, 1, 1.7136333951839333e-07, 1.0803335470654929e-07, -1.4156097449813387e-07, 0.14886173605918884, 0.9888581037521362, 1.0058280253133489e-07, -0.9888580441474915, 0.1488613486289978),
        }},
        {Time = 0.267, Data = {
            ["RightFoot"] = CFrame.new(2.153683453798294e-08, 4.76837158203125e-07, 5.524634616449475e-08, 0.9782264828681946, 0.2071831375360489, 0.01216504629701376, -0.17763234674930573, 0.866129994392395, -0.4671900272369385, -0.10733018070459366, 0.45485612750053406, 0.8840733170509338),
            ["LeftLowerArm"] = CFrame.new(-5.960464477539062e-07, 4.76837158203125e-07, -1.4901161193847656e-08, 1, -8.940695295223122e-08, 1.2665991278026922e-07, 2.980232594040899e-08, 0.00981664564460516, -0.9999518990516663, 7.450581307466564e-08, 0.9999518394470215, 0.009816702455282211),
            ["RightUpperArm"] = CFrame.new(3.5762786865234375e-07, 5.960464477539062e-07, 1.4901161193847656e-08, 0.6800758838653564, -0.7297505140304565, -0.07043357193470001, 0.31709012389183044, 0.37939849495887756, -0.8692011833190918, 0.6610223650932312, 0.5687891244888306, 0.4894164502620697),
            ["Head"] = CFrame.new(3.0547380447387695e-07, 4.76837158203125e-07, -7.078051567077637e-08, 0.5033523440361023, 0.16681741178035736, -0.8478257060050964, -0.3969155251979828, 0.9161828756332397, -0.0553806908428669, 0.7675249576568604, 0.36439117789268494, 0.5273752212524414),
            ["RightHand"] = CFrame.new(3.427267074584961e-07, -6.556510925292969e-07, -4.0978193283081055e-08, 0.3780992925167084, -0.06243515759706497, 0.9236572980880737, -0.6493324041366577, 0.69325852394104, 0.3126656413078308, -0.6598547101020813, -0.7179794311523438, 0.2215794324874878),
            ["UpperTorso"] = CFrame.new(-2.2351741790771484e-08, -1.7881393432617188e-07, -6.332993507385254e-08, 0.9854384660720825, -0.1700318455696106, 0.0005009618471376598, 0.16971470415592194, 0.9837718605995178, 0.058222513645887375, -0.010392493568360806, -0.057289671152830124, 0.9983035922050476),
            ["HumanoidRootPart"] = CFrame.new(0, 0, 0, 1, 0, 0, 0, 1, 0, 0, 0, 1),
            ["RightUpperLeg"] = CFrame.new(-1.1920928955078125e-07, 5.389738362282515e-07, -1.287116901949048e-08, 0.9082005620002747, 0.030610326677560806, 0.4174141585826874, 0.21450385451316833, 0.8223385810852051, -0.5270167589187622, -0.35938820242881775, 0.5681746006011963, 0.7402828931808472),
            ["LeftUpperArm"] = CFrame.new(0, 0.0000011920928955078125, -4.0978193283081055e-08, 0.41708317399024963, 0.3165057599544525, -0.8519775867462158, -0.7632078528404236, 0.6309763789176941, -0.13922150433063507, 0.4935133159160614, 0.708302915096283, 0.5047292113304138),
            ["RightLowerArm"] = CFrame.new(2.384185791015625e-07, -4.76837158203125e-07, 4.3585896492004395e-07, 1, -1.4901157641133977e-08, -7.450584149637507e-09, -7.450582373280668e-09, 1, -7.450584149637507e-09, -3.073365206773815e-08, -3.725289587919178e-08, 1),
            ["LeftHand"] = CFrame.new(-8.940696716308594e-08, 1.1920928955078125e-07, -4.1350722312927246e-07, 0.5801949501037598, -0.6327376365661621, -0.5128515958786011, 0.7222901582717896, 0.690702497959137, -0.035028327256441116, 0.3763916790485382, -0.3501043915748596, 0.857762336730957),
            ["LeftFoot"] = CFrame.new(7.078051567077637e-08, 1.7881393432617188e-07, 1.1175870895385742e-08, 0.9978405237197876, 0.06458019465208054, 0.011985976248979568, -0.050215017050504684, 0.8676730990409851, -0.49459341168403625, -0.04234056547284126, 0.4929228127002716, 0.8690418601036072),
            ["LowerTorso"] = CFrame.new(-0.2515038847923279, -0.3334980010986328, -0.21984437108039856, 0.9517678618431091, -0.060036007314920425, -0.3008883595466614, 0.055287908762693405, 0.998175323009491, -0.02427879348397255, 0.30179694294929504, 0.006472285371273756, 0.9533503651618958),
