return {
    ["Hula Hoopin'"] = {
        {Time = 0.000, Data = {
            ["LeftLowerArm"] = CFrame.new(-0.000488579273223877, -0.00009810924530029297, -6.183981895446777e-07, 1, 5.96046660916727e-08, -8.940699558479537e-08, -3.7252917195473856e-08, 0.8869825005531311, -0.46180301904678345, -1.8626458597736928e-08, 0.46180301904678345, 0.8869825005531311),
            ["LeftFoot"] = CFrame.new(4.6566128730773926e-08, -1.1920928955078125e-07, 2.7008354663848877e-08, 0.9941508173942566, -0.1061481460928917, 0.019918259233236313, 0.10691551864147186, 0.9933583736419678, -0.04252307862043381, -0.015272149816155434, 0.04440423846244812, 0.9988970160484314),
            ["RightHand"] = CFrame.new(-2.086162567138672e-07, 5.960464477539062e-07, 8.940696716308594e-08, 0.6030135750770569, -0.6891509890556335, 0.4018031358718872, 0.653310239315033, 0.7156646251678467, 0.24700188636779785, -0.45777782797813416, 0.11355653405189514, 0.8817848563194275),
            ["HumanoidRootPart"] = CFrame.new(0, 0, 0, 1, 0, 0, 0, 1, 0, 0, 0, 1),
            ["Handle"] = CFrame.new(3.316772937774658, -0.9474387764930725, -2.010990619659424, -0.7188846468925476, 0.6946342587471008, -0.0262311939150095, 0.6790128350257874, 0.6936385035514832, -0.24043144285678864, -0.14881694316864014, -0.19065377116203308, -0.9703116416931152),
            ["RightLowerLeg"] = CFrame.new(-9.685754776000977e-08, -4.76837158203125e-07, -0.0000018013452063314617, 1, -0.0000010803343002407928, -2.1606686573250045e-07, 0.0000010393557658971986, 0.9052556157112122, 0.42486730217933655, -3.129242998056725e-07, -0.4248674213886261, 0.9052556753158569),
            ["RightFoot"] = CFrame.new(-6.705522537231445e-08, 1.7881393432617188e-07, 1.6596459317952394e-08, 0.9891776442527771, 0.14551641047000885, -0.01878013089299202, -0.12155824899673462, 0.7410994172096252, -0.6602994799613953, -0.0821661651134491, 0.6554362773895264, 0.7507676482200623),
            ["LeftLowerLeg"] = CFrame.new(6.705522537231445e-08, 1.7881393432617188e-07, 0.0000018104910850524902, 1, -2.870802120469307e-07, -1.5110707352050667e-07, 3.1758108320900647e-07, 0.7180933356285095, 0.6959468722343445, -8.195640788244418e-08, -0.6959468722343445, 0.7180933356285095),
            ["RightUpperArm"] = CFrame.new(-0.008557736873626709, -0.08395171165466309, 2.2351741790771484e-08, 0.6716665625572205, -0.7405494451522827, -0.02179902046918869, 0.5815917253494263, 0.5452605485916138, -0.60367751121521, 0.4589281380176544, 0.3927818238735199, 0.7969306111335754),
            ["Head"] = CFrame.new(-3.14321368932724e-09, 0, -2.584420144557953e-08, 0.9959063529968262, 0.03973766043782234, 0.081187903881073, -0.027766022831201553, 0.9892473220825195, -0.14359289407730103, -0.08602094650268555, 0.1407509595155716, 0.986301064491272),
            ["UpperTorso"] = CFrame.new(-7.636845111846924e-08, 0.0000012218952178955078, -4.377216100692749e-08, 0.9894598126411438, -0.09022487699985504, 0.11326482892036438, 0.05523937940597534, 0.958197832107544, 0.2807236313819885, -0.1338583528995514, -0.2715080678462982, 0.9530820846557617),
            ["LeftUpperArm"] = CFrame.new(0.008558094501495361, -0.08395278453826904, 4.563480615615845e-08, 0.6636595726013184, 0.7422215938568115, -0.09320910274982452, -0.6558127999305725, 0.5173551440238953, -0.5497602224349976, -0.35981324315071106, 0.4259704351425171, 0.8301059603691101),
            ["RightLowerArm"] = CFrame.new(-0.000012427568435668945, 3.5762786865234375e-07, 6.07222318649292e-07, 1, 7.450579175838357e-08, -1.4901166522918174e-08, -4.4703490686970326e-08, 0.9140585064888, -0.405582457780838, 3.259629366425543e-08, 0.4055824279785156, 0.9140584468841553),
            ["LeftHand"] = CFrame.new(6.258487701416016e-07, 0.00010102987289428711, -6.556510925292969e-07, 0.7290318608283997, 0.654967188835144, -0.19882293045520782, -0.6256124973297119, 0.755453884601593, 0.19467565417289734, 0.2777075469493866, -0.017538608983159065, 0.9605056047439575),
            ["LowerTorso"] = CFrame.new(0.09591223299503326, -0.27733492851257324, -0.028303993865847588, 0.9938214421272278, 0.050162822008132935, -0.0990084856748581, -0.07035724818706512, 0.9746414422988892, -0.21242403984069824, 0.08584196865558624, 0.21807752549648285, 0.9721488356590271),
            ["RightUpperLeg"] = CFrame.new(-2.384185791015625e-07, -3.0151568353176117e-07, 1.0411895345896482e-08, 0.9543127417564392, -0.14092719554901123, -0.26348960399627686, 0.25472500920295715, 0.8446676135063171, 0.4707990884780884, 0.1562126725912094, -0.5164070129394531, 0.8419747352600098),
            ["LeftUpperLeg"] = CFrame.new(-2.384185791015625e-07, -5.83939254283905e-07, -1.601874828338623e-07, 0.9988565444946289, 0.015281683765351772, -0.04530124366283417, -0.035855889320373535, 0.8662109375, -0.49839040637016296, 0.031624212861061096, 0.499444842338562, 0.865768313407898),
        }},
        {Time = 0.033, Data = {
            ["LeftLowerArm"] = CFrame.new(-0.0004882216453552246, -0.00009799003601074219, -6.109476089477539e-07, 1, -4.4703494239684005e-08, -7.450583439094771e-08, -4.4703497792397684e-08, 0.8786221146583557, -0.47751784324645996, 7.07805440924858e-08, 0.4775177538394928, 0.8786221146583557),
            ["LeftFoot"] = CFrame.new(4.470348358154297e-08, -5.960464477539063e-08, 1.816079020500183e-08, 0.9960809946060181, -0.08620788902044296, 0.019772959873080254, 0.0867263600230217, 0.9958646297454834, -0.027058321982622147, -0.01735849864780903, 0.028667468577623367, 0.9994382858276367),
            ["RightHand"] = CFrame.new(5.960464477539063e-08, 5.960464477539062e-07, -5.960464477539063e-08, 0.6261778473854065, -0.697975218296051, 0.3474649488925934, 0.6522635817527771, 0.7130998373031616, 0.2569842040538788, -0.42714574933052063, 0.06572090089321136, 0.9017912149429321),
            ["HumanoidRootPart"] = CFrame.new(0, 0, 0, 1, 0, 0, 0, 1, 0, 0, 0, 1),
            ["Handle"] = CFrame.new(2.9454805850982666, -0.6815381646156311, -1.9957563877105713, -0.31319451332092285, 0.9474489092826843, -0.06519095599651337, 0.9216088652610779, 0.28664809465408325, -0.2616679072380066, -0.22923007607460022, -0.14203350245952606, -0.9629538655281067),
            ["RightLowerLeg"] = CFrame.new(2.2351741790771484e-08, -5.960464477539063e-08, -0.0000018013452063314617, 1, -0.000001057982672136859, -2.235174747511337e-07, 0.0000010281800086886506, 0.8623647689819336, 0.5062874555587769, -2.942979051567818e-07, -0.5062875747680664, 0.8623647689819336),
            ["RightFoot"] = CFrame.new(8.940696716308594e-08, 5.960464477539063e-08, 7.620110409334302e-08, 0.9854992628097534, 0.16861803829669952, -0.01895674131810665, -0.13573196530342102, 0.7163499593734741, -0.6844118237495422, -0.10182426124811172, 0.6770604252815247, 0.7288492321968079),
            ["LeftLowerLeg"] = CFrame.new(5.21540641784668e-08, 1.7881393432617188e-07, 0.0000019371509552001953, 1, -2.958114464490791e-07, -1.5355180948972702e-07, 3.243331718749687e-07, 0.7425580620765686, 0.6697817444801331, -8.56816981809061e-08, -0.6697817444801331, 0.7425580024719238),
            ["RightUpperArm"] = CFrame.new(-0.008557677268981934, -0.08395171165466309, 4.0978193283081055e-08, 0.6287716031074524, -0.7775093913078308, -0.012221403419971466, 0.5876583456993103, 0.48540782928466797, -0.647320032119751, 0.5092190504074097, 0.3998231291770935, 0.7621203064918518),
            ["Head"] = CFrame.new(-2.9103830456733704e-09, -4.76837158203125e-07, -5.075708031654358e-08, 0.9959482550621033, 0.009454422630369663, 0.08943071216344833, 0.0030369136948138475, 0.9903551340103149, -0.13851885497570038, -0.08987777680158615, 0.13822932541370392, 0.9863137006759644),
            ["UpperTorso"] = CFrame.new(-5.960464477539063e-08, 0.0000011026859283447266, -1.257285475730896e-07, 0.9873558878898621, -0.08187419176101685, 0.13573873043060303, 0.04054541513323784, 0.9582438468933105, 0.2830635607242584, -0.15324634313583374, -0.27398085594177246, 0.9494473338127136),
            ["LeftUpperArm"] = CFrame.new(0.008557915687561035, -0.08395278453826904, 7.450580596923828e-09, 0.6746644973754883, 0.7354474663734436, -0.06300342828035355, -0.6248083114624023, 0.5235474705696106, -0.5792205929756165, -0.3929915428161621, 0.4301338493824005, 0.8127325177192688),
            ["RightLowerArm"] = CFrame.new(-0.000012665987014770508, 1.7881393432617188e-07, 2.0745210349559784e-07, 1, 0, 1.4901168299275014e-08, -4.470348358154297e-08, 0.9213307499885559, -0.38877975940704346, 9.42964106798172e-09, 0.3887796700000763, 0.9213307499885559),
            ["LeftHand"] = CFrame.new(7.450580596923828e-07, 0.00010085105895996094, -9.5367431640625e-07, 0.7415311336517334, 0.6556143760681152, -0.1424829512834549, -0.6275768280029297, 0.7528982162475586, 0.19822163879871368, 0.2372320592403412, -0.0575684979557991, 0.9697457551956177),
            ["LowerTorso"] = CFrame.new(0.0639926940202713, -0.2737753391265869, -0.01538425125181675, 0.9892966151237488, 0.06717482209205627, -0.1295374631881714, -0.09191914647817612, 0.9763484597206116, -0.19569054245948792, 0.1133282259106636, 0.20550298690795898, 0.9720726609230042),
            ["RightUpperLeg"] = CFrame.new(-2.384185791015625e-07, -3.548339009284973e-07, -5.3849362302571535e-08, 0.9501445293426514, -0.20295505225658417, -0.23671677708625793, 0.2851448953151703, 0.8727342486381531, 0.39626675844192505, 0.12616650760173798, -0.444009393453598, 0.8870952129364014),
            ["LeftUpperLeg"] = CFrame.new(-2.384185791015625e-07, -6.472691893577576e-07, -2.0489096641540527e-07, 0.9999901652336121, 0.002984965918585658, 0.0032962511759251356, -0.000965725164860487, 0.8693200945854187, -0.4942486882209778, -0.004340821877121925, 0.4942406117916107, 0.8693143129348755),
        }},
        {Time = 0.067, Data = {
            ["LeftLowerArm"] = CFrame.new(-0.0004881620407104492, -0.00009810924530029297, -4.917383193969727e-07, 1, 7.450583261459087e-09, -7.450584149637507e-08, -1.192093321833454e-07, 0.8605270385742188, -0.5094048380851746, -2.0489103746967885e-08, 0.5094048976898193, 0.8605270385742188),
            ["LeftFoot"] = CFrame.new(-4.284083843231201e-08, -5.960464477539063e-08, 9.685754776000977e-08, 0.9965426325798035, -0.08070686459541321, 0.019730929285287857, 0.08042017370462418, 0.9966495037078857, 0.014918534085154533, -0.02086879126727581, -0.013279827311635017, 0.9996939897537231),
            ["RightHand"] = CFrame.new(1.1920928955078125e-07, 5.960464477539062e-07, 0, 0.643936812877655, -0.7023055553436279, 0.30350035429000854, 0.6510215997695923, 0.7113615870475769, 0.2648313641548157, -0.40189090371131897, 0.02705058827996254, 0.915287971496582),
            ["HumanoidRootPart"] = CFrame.new(0, 0, 0, 1, 0, 0, 0, 1, 0, 0, 0, 1),
            ["Handle"] = CFrame.new(2.7489724159240723, -0.3763852119445801, -2.051921844482422, 0.16258873045444489, 0.9815317392349243, -0.10079888254404068, 0.9543471932411194, -0.18237930536270142, -0.2365572452545166, -0.2505720853805542, -0.05773555487394333, -0.9663748145103455),
            ["RightLowerLeg"] = CFrame.new(-2.0116567611694336e-07, -2.384185791015625e-07, -0.000001786444045137614, 1, -0.000001057982672136859, -2.53319797138829e-07, 0.0000010132789611816406, 0.8326859474182129, 0.553745448589325, -3.725290298461914e-07, -0.5537456274032593, 0.8326860666275024),
            ["RightFoot"] = CFrame.new(7.450580596923828e-08, 5.960464477539063e-08, -7.281050784513354e-08, 0.9832285046577454, 0.18137767910957336, -0.01907711662352085, -0.1432853788137436, 0.7035204172134399, -0.69608074426651, -0.11283210664987564, 0.6871399283409119, 0.7177100777626038),
            ["LeftLowerLeg"] = CFrame.new(-4.470348358154297e-08, 2.384185791015625e-07, 0.0000020712614059448242, 1, -3.1036336167744594e-07, -1.473818116437542e-07, 3.2782563152977673e-07, 0.7803505659103394, 0.6253423690795898, -6.332994928470725e-08, -0.6253424286842346, 0.7803506255149841),
            ["RightUpperArm"] = CFrame.new(-0.008557677268981934, -0.08395230770111084, 4.470348358154297e-08, 0.6106245517730713, -0.7916566133499146, 0.02099776826798916, 0.5758994221687317, 0.42568737268447876, -0.6979385018348694, 0.5435785055160522, 0.43825802206993103, 0.715849757194519),
            ["Head"] = CFrame.new(3.4924596548080444e-09, -7.152557373046875e-07, -3.4226104617118835e-08, 0.9954960942268372, -0.0034981609787791967, 0.09473805129528046, 0.01982109434902668, 0.9849132299423218, -0.1719100922346115, -0.09270738065242767, 0.17301374673843384, 0.9805465936660767),
            ["UpperTorso"] = CFrame.new(-6.798654794692993e-08, 9.834766387939453e-07, -1.5459954738616943e-07, 0.9868935942649841, -0.07837805896997452, 0.14106035232543945, 0.03458142280578613, 0.9565392136573792, 0.2895461916923523, -0.15762385725975037, -0.28087320923805237, 0.9467127323150635),
            ["LeftUpperArm"] = CFrame.new(0.008557915687561035, -0.0839531421661377, 3.166496753692627e-08, 0.6734996438026428, 0.737648069858551, -0.04793801158666611, -0.5880717635154724, 0.4953794777393341, -0.6393405199050903, -0.44785013794898987, 0.4587750732898712, 0.767427921295166),
            ["RightLowerArm"] = CFrame.new(-0.000012487173080444336, 4.172325134277344e-07, -3.2782554626464844e-07, 1, -2.9802311729554276e-08, -1.4901168299275014e-08, 5.960465188081798e-08, 0.9238866567611694, -0.38266628980636597, -1.1175872671742582e-08, 0.3826661705970764, 0.9238865971565247),
            ["LeftHand"] = CFrame.new(5.364418029785156e-07, 0.00010073184967041016, -5.960464477539062e-07, 0.7477130889892578, 0.6555628776550293, -0.10565289109945297, -0.6308985352516174, 0.7509903907775879, 0.1948857456445694, 0.2071041762828827, -0.07906235009431839, 0.9751189947128296),
            ["LowerTorso"] = CFrame.new(0.05207143351435661, -0.26621389389038086, 0.01966845989227295, 0.987195611000061, 0.07311594486236572, -0.14177078008651733, -0.09545806795358658, 0.9828431010246277, -0.15782009065151215, 0.12779927253723145, 0.16933245956897736, 0.97723788022995),
            ["RightUpperLeg"] = CFrame.new(-2.384185791015625e-07, -2.086162567138672e-07, -6.129994289949536e-08, 0.9507502913475037, -0.22374898195266724, -0.21450045704841614, 0.28396573662757874, 0.9061665534973145, 0.3134097754955292, 0.12424802780151367, -0.3588853180408478, 0.9250750541687012),
            ["LeftUpperLeg"] = CFrame.new(-2.384185791015625e-07, -5.341134965419769e-07, -1.862645149230957e-07, 0.9997779130935669, 0.0053725517354905605, 0.020376894623041153, 0.0058275917544960976, 0.8587590456008911, -0.5123466849327087, -0.020251469686627388, 0.5123516321182251, 0.858536958694458),
        }},
        {Time = 0.100, Data = {
            ["LeftLowerArm"] = CFrame.new(-0.00048804283142089844, -0.00009816884994506836, -4.6193599700927734e-07, 1, -2.2351747119842003e-08, -1.4901168299275014e-08, -7.450583439094771e-08, 0.8358848094940186, -0.5489048361778259, 0, 0.5489048361778259, 0.8358849287033081),
            ["LeftFoot"] = CFrame.new(-1.862645149230957e-09, -1.7881393432617188e-07, 1.0989606380462646e-07, 0.9953777194023132, -0.09396860003471375, 0.019829940050840378, 0.09237822145223618, 0.9932710528373718, 0.06984987109899521, -0.026260141283273697, -0.06769468635320663, 0.9973604083061218),
            ["RightHand"] = CFrame.new(-2.086162567138672e-07, 3.5762786865234375e-07, 2.980232238769531e-07, 0.6558735966682434, -0.7021411061286926, 0.2771781384944916, 0.6485700607299805, 0.7120299935340881, 0.26901698112487793, -0.38624703884124756, 0.003328212071210146, 0.9223893284797668),
            ["HumanoidRootPart"] = CFrame.new(0, 0, 0, 1, 0, 0, 0, 1, 0, 0, 0, 1),
            ["Handle"] = CFrame.new(2.708770751953125, -0.04085104539990425, -2.1393182277679443, 0.5983023643493652, 0.7911575436592102, -0.12690234184265137, 0.7717068791389465, -0.6115785241127014, -0.1744714081287384, -0.21564507484436035, 0.006455238908529282, -0.9764505624771118),
            ["RightLowerLeg"] = CFrame.new(-8.940696716308594e-08, -4.172325134277344e-07, -0.000001786444045137614, 1, -0.0000010356309303460876, -2.756715389296005e-07, 0.0000010207296554654022, 0.8180914521217346, 0.5750880837440491, -3.6880379639114835e-07, -0.5750882625579834, 0.8180914521217346),
            ["RightFoot"] = CFrame.new(-1.862645149230957e-08, 0, -7.281050784513354e-08, 0.9848492741584778, 0.17236852645874023, -0.019003678113222122, -0.13695357739925385, 0.7058812975883484, -0.6949642300605774, -0.10637541860342026, 0.6870376467704773, 0.7187930941581726),
            ["LeftLowerLeg"] = CFrame.new(2.9802322387695312e-08, 2.384185791015625e-07, 0.0000018700957298278809, 1, -3.0640515547020186e-07, -1.5972182154655457e-07, 3.3713880043251265e-07, 0.813887894153595, 0.5810220241546631, -5.2154071283894154e-08, -0.5810219645500183, 0.8138878345489502),
            ["RightUpperArm"] = CFrame.new(-0.008557796478271484, -0.08395230770111084, -1.1175870895385742e-08, 0.6226038336753845, -0.7811980843544006, 0.04602218046784401, 0.5345985293388367, 0.38164177536964417, -0.7540184855461121, 0.571462094783783, 0.49404385685920715, 0.6552389860153198),
            ["Head"] = CFrame.new(-1.1175870895385742e-08, -1.1920928955078125e-07, -3.14321368932724e-09, 0.9953955411911011, 0.013102243654429913, 0.0949532613158226, 0.01088694203644991, 0.9687495827674866, -0.24780192971229553, -0.09523267298936844, 0.24769479036331177, 0.9641463160514832),
            ["UpperTorso"] = CFrame.new(-5.4016709327697754e-08, 0.0000010132789611816406, -1.1548399925231934e-07, 0.9883718490600586, -0.08255394548177719, 0.1276954561471939, 0.04140925034880638, 0.954179048538208, 0.2963573932647705, -0.14630979299545288, -0.2876235246658325, 0.9465020895004272),
            ["LeftUpperArm"] = CFrame.new(0.008558034896850586, -0.0839531421661377, 1.30385160446167e-08, 0.6603314876556396, 0.7486063838005066, -0.059793274849653244, -0.546142041683197, 0.4240359365940094, -0.7224340438842773, -0.5154523253440857, 0.5096881985664368, 0.6888498067855835),
            ["RightLowerArm"] = CFrame.new(-0.000013083219528198242, 6.556510925292969e-07, -2.905726432800293e-07, 1, 4.470348358154297e-08, 1.4901168299275014e-08, 7.4505820180093e-08, 0.9227725863456726, -0.3853452205657959, -4.4703494239684005e-08, 0.38534510135650635, 0.9227725267410278),
            ["LeftHand"] = CFrame.new(9.834766387939453e-07, 0.00010055303573608398, -6.556510925292969e-07, 0.7495567202568054, 0.6554228067398071, -0.09265816956758499, -0.6326335072517395, 0.7505080103874207, 0.1910831779241562, 0.19478102028369904, -0.08460905402898788, 0.9771907329559326),
            ["LowerTorso"] = CFrame.new(0.067863829433918, -0.2593270540237427, 0.0712943971157074, 0.9891667366027832, 0.05958828702569008, -0.13415800034999847, -0.07359606772661209, 0.9920585751533508, -0.10199704021215439, 0.12701477110385895, 0.11076558381319046, 0.9856968522071838),
            ["RightUpperLeg"] = CFrame.new(-2.682209014892578e-07, -1.30385160446167e-07, -6.875052349641919e-08, 0.9602161645889282, -0.19187124073505402, -0.2029052972793579, 0.23682913184165955, 0.9445151090621948, 0.22760289907455444, 0.14797669649124146, -0.2666019797325134, 0.9523792862892151),
            ["LeftUpperLeg"] = CFrame.new(-1.7881393432617188e-07, -6.050686351954937e-07, -1.778826117515564e-07, 0.9994919896125793, 0.03172733634710312, -0.00302961771376431, -0.027987314388155937, 0.8282269239425659, -0.5596936345100403, -0.01524836104363203, 0.5594940781593323, 0.8286941647529602),
        }},
        {Time = 0.133, Data = {
            ["LeftLowerArm"] = CFrame.new(-0.0004881620407104492, -0.00009834766387939453, -5.513429641723633e-07, 1, 1.676381167214913e-08, -1.341105360097572e-07, -7.450583439094771e-08, 0.8096631765365601, -0.5868949294090271, 2.980233304583635e-08, 0.5868948698043823, 0.8096631765365601),
            ["LeftFoot"] = CFrame.new(-1.1548399925231934e-07, 1.1920928955078125e-07, 1.5459954738616943e-07, 0.9927916526794434, -0.11817270517349243, 0.02000247687101364, 0.11490854620933533, 0.9859245419502258, 0.12144604325294495, -0.03407246991991997, -0.11827171593904495, 0.9923964738845825),
            ["RightHand"] = CFrame.new(1.7881393432617188e-07, 4.76837158203125e-07, -2.384185791015625e-07, 0.6640284657478333, -0.7005161046981812, 0.2614259421825409, 0.6457727551460266, 0.7135421633720398, 0.2717261016368866, -0.37688690423965454, -0.0116121182218194, 0.9261865615844727),
            ["HumanoidRootPart"] = CFrame.new(0, 0, 0, 1, 0, 0, 0, 1, 0, 0, 0, 1),
            ["Handle"] = CFrame.new(2.8385231494903564, 0.28729310631752014, -2.1899237632751465, 0.8962303400039673, 0.42191600799560547, -0.13696052134037018, 0.412322461605072, -0.9062216281890869, -0.09355589002370834, -0.16358928382396698, 0.027375726029276848, -0.9861487150192261),
            ["RightLowerLeg"] = CFrame.new(1.4901161193847656e-08, -2.384185791015625e-07, -0.0000018460486899130046, 1, -0.0000010281803497491637, -3.054739181607147e-07, 0.0000010132790748684783, 0.8200190663337708, 0.5723361372947693, -3.669411512419174e-07, -0.5723362565040588, 0.8200191855430603),
            ["RightFoot"] = CFrame.new(1.1175870895385742e-08, 0, -5.790934665128589e-08, 0.98919278383255, 0.14541329443454742, -0.018779344856739044, -0.11893725395202637, 0.720911979675293, -0.6827443242073059, -0.08574158698320389, 0.6775993704795837, 0.7304159998893738),
            ["LeftLowerLeg"] = CFrame.new(-7.450580596923828e-09, 2.980232238769531e-07, 0.0000017955899238586426, 1, -3.1851240578362194e-07, -1.3224780559539795e-07, 3.3900150242516247e-07, 0.8374285101890564, 0.5465468764305115, -5.960465898624534e-08, -0.5465468764305115, 0.8374285697937012),
            ["RightUpperArm"] = CFrame.new(-0.008557796478271484, -0.08395254611968994, -1.862645149230957e-08, 0.6563161015510559, -0.7524023652076721, 0.05625129118561745, 0.48056405782699585, 0.35938549041748047, -0.7999324202537537, 0.5816420316696167, 0.5520260334014893, 0.5974479913711548),
            ["Head"] = CFrame.new(5.3551048040390015e-09, -1.1920928955078125e-07, -7.181370165199041e-08, 0.9950854778289795, 0.05020040646195412, 0.08535155653953552, -0.01968367025256157, 0.9450434446334839, -0.32635170221328735, -0.09704392403364182, 0.32306790351867676, 0.9413870573043823),
            ["UpperTorso"] = CFrame.new(-6.705522537231445e-08, 0.0000011324882507324219, -1.0337680578231812e-07, 0.9912918210029602, -0.08851020038127899, 0.09750182926654816, 0.056364331394433975, 0.9543585777282715, 0.2932967245578766, -0.11901143193244934, -0.28524693846702576, 0.9510366320610046),
            ["LeftUpperArm"] = CFrame.new(0.00855785608291626, -0.0839531421661377, -4.7963112592697144e-08, 0.6426621675491333, 0.7601076364517212, -0.09615644067525864, -0.5079322457313538, 0.3287261724472046, -0.7962006330490112, -0.5735766887664795, 0.5605136156082153, 0.5973429083824158),
            ["RightLowerArm"] = CFrame.new(-0.000012874603271484375, 2.980232238769531e-07, -7.450580596923828e-08, 1, -4.470347292340193e-08, 7.4505820180093e-08, 7.450580596923828e-08, 0.9194025993347168, -0.39331796765327454, -1.1175870895385742e-08, 0.39331793785095215, 0.919402539730072),
            ["LeftHand"] = CFrame.new(5.960464477539062e-07, 0.00010061264038085938, -8.642673492431641e-07, 0.749934732913971, 0.6534436345100403, -0.10300211608409882, -0.6299805045127869, 0.7529773712158203, 0.19013087451457977, 0.20179806649684906, -0.07769638299942017, 0.9763405919075012),
            ["LowerTorso"] = CFrame.new(0.1049157902598381, -0.25557053089141846, 0.12591013312339783, 0.9931130409240723, 0.029443150386214256, -0.11340021342039108, -0.03429625928401947, 0.9985668659210205, -0.04108552634716034, 0.11202801018953323, 0.0446917749941349, 0.9926995635032654),
            ["RightUpperLeg"] = CFrame.new(-2.682209014892578e-07, -2.3562461137771606e-07, -4.267349140718579e-08, 0.9708871841430664, -0.122125543653965, -0.20606711506843567, 0.15601833164691925, 0.9751735925674438, 0.15714573860168457, 0.18175970017910004, -0.18472115695476532, 0.9658372402191162),
            ["LeftUpperLeg"] = CFrame.new(-2.384185791015625e-07, -7.313210517168045e-07, -1.7136335372924805e-07, 0.9956786036491394, 0.07238747179508209, -0.05817379057407379, -0.09286321699619293, 0.781136691570282, -0.6174155473709106, 0.0007485041278414428, 0.6201496124267578, 0.7844832539558411),
        }},
        {Time = 0.167, Data = {
            ["LeftLowerArm"] = CFrame.new(-0.0004884302616119385, -0.00009828805923461914, -4.6193599700927734e-07, 1, 7.636848664560603e-08, -4.470350489782504e-08, -7.4505820180093e-08, 0.7883793115615845, -0.6151895523071289, 2.2351747119842003e-08, 0.6151895523071289, 0.7883792519569397),
            ["LeftFoot"] = CFrame.new(-2.2351741790771484e-08, 0, 2.9802322387695312e-08, 0.9891951680183411, -0.14520931243896484, 0.020181680098176003, 0.13953405618667603, 0.9747576117515564, 0.17429329454898834, -0.04498117417097092, -0.16959348320960999, 0.9844869375228882),
            ["RightHand"] = CFrame.new(-1.1920928955078125e-07, 4.76837158203125e-07, -1.4901161193847656e-07, 0.6671663522720337, -0.6994625926017761, 0.25620561838150024, 0.6443479657173157, 0.714471161365509, 0.27266594767570496, -0.3737710118293762, -0.016827980056405067, 0.9273682832717896),
            ["HumanoidRootPart"] = CFrame.new(0, 0, 0, 1, 0, 0, 0, 1, 0, 0, 0, 1),
            ["Handle"] = CFrame.new(3.1462724208831787, 0.5605378150939941, -2.217705726623535, 0.9917646646499634, -0.0431935079395771, -0.12057054042816162, -0.045017436146736145, -0.9989087581634521, -0.012443577870726585, -0.11990150064229965, 0.017768878489732742, -0.9926268458366394),
            ["RightLowerLeg"] = CFrame.new(-1.1175870895385742e-07, -1.7881393432617188e-07, -0.0000018460486899130046, 1, -0.0000010430815109430114, -2.719462486311386e-07, 0.000001031905526360788, 0.8336344361305237, 0.5523166060447693, -3.7718569956268766e-07, -0.5523167252540588, 0.8336343765258789),
            ["RightFoot"] = CFrame.new(-1.30385160446167e-08, 1.1920928955078125e-07, 1.6596459317952394e-08, 0.9933905005455017, 0.11327937245368958, -0.018524469807744026, -0.09671435505151749, 0.7391165494918823, -0.6665982007980347, -0.06181991845369339, 0.6639838814735413, 0.7451870441436768),
            ["LeftLowerLeg"] = CFrame.new(-2.60770320892334e-08, 1.7881393432617188e-07, 0.0000018551945686340332, 1, -3.0919918003746716e-07, -1.210719347000122e-07, 3.3527621212670056e-07, 0.8654131889343262, 0.5010589361190796, -5.960465898624534e-08, -0.5010589361190796, 0.8654131889343262),
            ["RightUpperArm"] = CFrame.new(-0.00855797529220581, -0.08395218849182129, 8.195638656616211e-08, 0.6923859119415283, -0.7193977236747742, 0.05561864748597145, 0.434928834438324, 0.35460543632507324, -0.8276981711387634, 0.575707197189331, 0.5972620248794556, 0.5584105849266052),
            ["Head"] = CFrame.new(6.402842700481415e-09, 1.1920928955078125e-07, -1.7113052308559418e-08, 0.994461178779602, 0.08415798097848892, 0.0629640445113182, -0.053745560348033905, 0.921988308429718, -0.38346973061561584, -0.09032412618398666, 0.37796181440353394, 0.9214047193527222),
            ["UpperTorso"] = CFrame.new(-5.681067705154419e-08, 0.0000010132789611816406, -1.1082738637924194e-07, 0.9945018291473389, -0.08960117399692535, 0.054201316088438034, 0.07062739133834839, 0.956049919128418, 0.2845706343650818, -0.0773170068860054, -0.2791779339313507, 0.9571216702461243),
            ["LeftUpperArm"] = CFrame.new(0.00855797529220581, -0.0839529037475586, 2.421438694000244e-08, 0.6269188523292542, 0.7679924964904785, -0.1310904324054718, -0.47898203134536743, 0.24722324311733246, -0.8422886729240417, -0.6144500970840454, 0.5908198952674866, 0.5228433609008789),
            ["RightLowerArm"] = CFrame.new(-0.000012665987014770508, 4.76837158203125e-07, 1.1920928955078125e-07, 1, 1.4901157641133977e-08, -2.980232949312267e-08, 5.960463766996327e-08, 0.9136203527450562, -0.4065684378147125, 7.4505797087454084e-09, 0.4065684676170349, 0.9136204123497009),
            ["LeftHand"] = CFrame.new(7.152557373046875e-07, 0.00010073184967041016, -7.450580596923828e-07, 0.7429529428482056, 0.6540164351463318, -0.14242008328437805, -0.6264415383338928, 0.7543617486953735, 0.19623860716819763, 0.23577941954135895, -0.05657818168401718, 0.9701582193374634),
            ["LowerTorso"] = CFrame.new(0.1477394849061966, -0.253928542137146, 0.17207275331020355, 0.9965702295303345, -0.0013252866920083761, -0.0827418863773346, 0.0019100472563877702, 0.9999737739562988, 0.0069885277189314365, 0.08273047208786011, -0.007122598588466644, 0.9965465068817139),
            ["RightUpperLeg"] = CFrame.new(-2.384185791015625e-07, -2.1728919818997383e-07, -4.639878170564771e-08, 0.972945511341095, -0.048356909304857254, -0.22591759264469147, 0.076751209795475, 0.9899664521217346, 0.11864052712917328, 0.21791374683380127, -0.1327703297138214, 0.9668948650360107),
            ["LeftUpperLeg"] = CFrame.new(-2.384185791015625e-07, -1.7479760572314262e-07, -1.7229467630386353e-07, 0.9868510961532593, 0.10380763560533524, -0.12389060854911804, -0.15981446206569672, 0.7413002252578735, -0.6518691182136536, 0.024171138182282448, 0.6630972623825073, 0.7481428980827332),
        }},
        {Time = 0.200, Data = {
            ["LeftLowerArm"] = CFrame.new(-0.00048810243606567383, -0.00009840726852416992, -3.725290298461914e-07, 1, 6.332995639013461e-08, -5.960465898624534e-08, 0, 0.7795555591583252, -0.6263331174850464, 0, 0.6263332366943359, 0.7795555591583252),
            ["LeftFoot"] = CFrame.new(-8.568167686462402e-08, 5.960464477539063e-08, 6.705522537231445e-08, 0.9854682087898254, -0.16863982379436493, 0.020325317978858948, 0.16015030443668365, 0.9623359441757202, 0.21968567371368408, -0.05660737305879593, -0.2132376730442047, 0.9753589630126953),
            ["RightHand"] = CFrame.new(-2.980232238769531e-07, 7.748603820800781e-07, -1.4901161193847656e-07, 0.6471900939941406, -0.699842095375061, 0.30226802825927734, 0.645937979221344, 0.7140052318572998, 0.2701122462749481, -0.40485700964927673, 0.020432399585843086, 0.9141517281532288),
            ["HumanoidRootPart"] = CFrame.new(0, 0, 0, 1, 0, 0, 0, 1, 0, 0, 0, 1),
            ["Handle"] = CFrame.new(3.5416955947875977, 0.6895513534545898, -2.2259280681610107, 0.8616745471954346, -0.501211404800415, -0.07939904183149338, -0.4986787438392639, -0.8653161525726318, 0.05047251656651497, -0.09400266408920288, -0.0038962564431130886, -0.995564341545105),
            ["RightLowerLeg"] = CFrame.new(-4.470348358154297e-08, -4.172325134277344e-07, -0.000001831147528719157, 1, -0.0000010728836059570312, -2.9802325229866256e-07, 0.0000010402873158454895, 0.8529358506202698, 0.5220156908035278, -3.664754331111908e-07, -0.5220157504081726, 0.8529359102249146),
            ["RightFoot"] = CFrame.new(6.239861249923706e-08, 5.960464477539063e-08, 3.149762051180005e-08, 0.9959666132926941, 0.08783391863107681, -0.018327731639146805, -0.07853397727012634, 0.7545645833015442, -0.6515095233917236, -0.043394919484853745, 0.6503210663795471, 0.7584189772605896),
            ["LeftLowerLeg"] = CFrame.new(-3.725290298461914e-09, 1.1920928955078125e-07, 0.0000017210841178894043, 1, -3.22237639238665e-07, -9.685753354915505e-08, 3.203750509328529e-07, 0.891658365726471, 0.4527088701725006, -1.4901164746561335e-08, -0.45270898938179016, 0.8916584253311157),
            ["RightUpperArm"] = CFrame.new(-0.00855785608291626, -0.08395195007324219, 1.1920928955078125e-07, 0.7189338207244873, -0.6928827166557312, 0.05542876198887825, 0.41368404030799866, 0.36242687702178955, -0.835167646408081, 0.5585694313049316, 0.6233461499214172, 0.5471953749656677),
            ["Head"] = CFrame.new(-1.955777406692505e-08, 3.5762786865234375e-07, 6.356276571750641e-08, 0.9946327805519104, 0.09950980544090271, 0.02834727056324482, -0.07861394435167313, 0.9049201011657715, -0.41825762391090393, -0.06727275252342224, 0.4137842357158661, 0.9078860282897949),
            ["UpperTorso"] = CFrame.new(-6.891787052154541e-08, 0.0000012218952178955078, -1.30385160446167e-07, 0.9965056777000427, -0.08265016227960587, 0.01206275261938572, 0.07601195573806763, 0.9572188854217529, 0.27920299768447876, -0.03462286666035652, -0.27731046080589294, 0.9601564407348633),
            ["LeftUpperArm"] = CFrame.new(0.008558034896850586, -0.08395242691040039, 1.2293457984924316e-07, 0.6171662211418152, 0.7722458839416504, -0.15088661015033722, -0.45602959394454956, 0.1947794407606125, -0.8683850169181824, -0.6412043571472168, 0.604729175567627, 0.4723778963088989),
            ["RightLowerArm"] = CFrame.new(-0.000012993812561035156, 4.76837158203125e-07, -1.043081283569336e-07, 1, -7.450578820566989e-09, 7.450583439094771e-08, 4.470348358154297e-08, 0.9082608819007874, -0.41840437054634094, 1.4901161193847656e-08, 0.41840437054634094, 0.9082608819007874),
            ["LeftHand"] = CFrame.new(3.5762786865234375e-07, 0.00010073184967041016, -6.258487701416016e-07, 0.7264106273651123, 0.6572275757789612, -0.20094679296016693, -0.6255654096603394, 0.7533848285675049, 0.20268048346042633, 0.2845974564552307, -0.02152395062148571, 0.9584054946899414),
            ["LowerTorso"] = CFrame.new(0.1821979284286499, -0.25344645977020264, 0.2002129852771759, 0.9983299374580383, -0.024845164269208908, -0.05215413123369217, 0.02685830183327198, 0.9989067912101746, 0.038260508328676224, 0.051146525889635086, -0.03959738090634346, 0.9979058504104614),
            ["RightUpperLeg"] = CFrame.new(-3.2782554626464844e-07, -8.66129994392395e-08, -7.992639439180493e-08, 0.9682798385620117, 0.008959040977060795, -0.24970775842666626, 0.01940275728702545, 0.9936436414718628, 0.1108870580792427, 0.24911397695541382, -0.1122148334980011, 0.9619511961936951),
            ["LeftUpperLeg"] = CFrame.new(-1.7881393432617188e-07, -2.7939677238464355e-07, -1.862645149230957e-07, 0.9763161540031433, 0.12193101644515991, -0.17871683835983276, -0.21105125546455383, 0.7184479236602783, -0.6627895832061768, 0.04758411645889282, 0.6848106384277344, 0.7271658778190613),
        }},
        {Time = 0.233, Data = {
            ["LeftLowerArm"] = CFrame.new(-0.0004888176918029785, -0.00009810924530029297, -7.599592208862305e-07, 1, 0, -2.980233304583635e-08, -1.4901164746561335e-08, 0.7836611866950989, -0.6211885809898376, 3.72529100900465e-08, 0.6211886405944824, 0.7836611866950989),
            ["LeftFoot"] = CFrame.new(-2.60770320892334e-08, 5.960464477539063e-08, 2.9802322387695312e-08, 0.9826993346214294, -0.18408003449440002, 0.02041175216436386, 0.17400188744068146, 0.9553692936897278, 0.2387325018644333, -0.0634465143084526, -0.23104999959468842, 0.970870852470398),
            ["RightHand"] = CFrame.new(5.960464477539063e-08, 4.76837158203125e-07, -1.7881393432617188e-07, 0.617682695388794, -0.6920240521430969, 0.373591810464859, 0.6448783874511719, 0.7175987362861633, 0.26302850246429443, -0.4501109719276428, 0.07845310121774673, 0.8895196914672852),
            ["HumanoidRootPart"] = CFrame.new(0, 0, 0, 1, 0, 0, 0, 1, 0, 0, 0, 1),
            ["Handle"] = CFrame.new(3.961153984069824, 0.622147798538208, -2.221320629119873, 0.5316105484962463, -0.8465940952301025, -0.025852305814623833, -0.8433970808982849, -0.5319178700447083, 0.07579637318849564, -0.0779200941324234, -0.01849040389060974, -0.9967882037162781),
            ["RightLowerLeg"] = CFrame.new(-5.587935447692871e-08, -4.76837158203125e-07, -0.0000017268394003622234, 1, -0.0000010617078487484832, -2.7753415565712203e-07, 0.0000010374932344348053, 0.8770641684532166, 0.48037341237068176, -2.947635664440895e-07, -0.48037347197532654, 0.8770641088485718),
            ["RightFoot"] = CFrame.new(9.313225746154785e-09, 5.960464477539063e-08, 1.6952981241047382e-09, 0.9972173571586609, 0.07228878140449524, -0.018216745927929878, -0.06736142933368683, 0.7690733075141907, -0.6356011033058167, -0.03193666785955429, 0.6350595355033875, 0.7718027830123901),
            ["LeftLowerLeg"] = CFrame.new(-1.1175870895385742e-08, 2.980232238769531e-07, 0.0000018700957298278809, 1, -3.0547388973900524e-07, -1.266598843585598e-07, 3.0547388973900524e-07, 0.9010721445083618, 0.4336692690849304, -4.4703494239684005e-08, -0.43366920948028564, 0.9010722041130066),
            ["RightUpperArm"] = CFrame.new(-0.008557915687561035, -0.08395218849182129, 0, 0.7362706065177917, -0.6730166673660278, 0.07055854052305222, 0.4322834610939026, 0.38755354285240173, -0.8142020106315613, 0.5206117630004883, 0.6299609541893005, 0.5762782096862793),
            ["Head"] = CFrame.new(-1.7695128917694092e-08, -2.384185791015625e-07, -8.568167686462402e-08, 0.9946082830429077, 0.10179432481527328, -0.019805414602160454, -0.10046185553073883, 0.8984116911888123, -0.42750903964042664, -0.02572457119822502, 0.4271937608718872, 0.9037941098213196),
            ["UpperTorso"] = CFrame.new(-6.28642737865448e-08, 9.238719940185547e-07, -1.1129304766654968e-07, 0.9971806406974792, -0.07215418666601181, -0.020608434453606606, 0.07503937929868698, 0.9582343697547913, 0.2759638726711273, -0.00016423223132733256, -0.27673229575157166, 0.9609470367431641),
            ["LeftUpperArm"] = CFrame.new(0.008557915687561035, -0.0839529037475586, -1.2665987014770508e-07, 0.6145702004432678, 0.7748365998268127, -0.14817582070827484, -0.43773746490478516, 0.17868578433990479, -0.8811653256416321, -0.6562692523002625, 0.6063824892044067, 0.4489896595478058),
            ["RightLowerArm"] = CFrame.new(-0.000012934207916259766, 6.556510925292969e-07, -1.6391277313232422e-07, 1, 7.450581307466564e-08, 2.980233304583635e-08, 7.450581307466564e-08, 0.9064888954162598, -0.4222297668457031, 2.980232594040899e-08, 0.4222298562526703, 0.906488835811615),
            ["LeftHand"] = CFrame.new(7.152557373046875e-07, 0.00010061264038085938, -3.2782554626464844e-07, 0.7131015658378601, 0.6565055847167969, -0.2459402233362198, -0.6249807476997375, 0.7542522549629211, 0.20125249028205872, 0.31762439012527466, 0.01019438449293375, 0.9481618404388428),
            ["LowerTorso"] = CFrame.new(0.20437376201152802, -0.2533451318740845, 0.20777668058872223, 0.9986705183982849, -0.042253781110048294, -0.02952706441283226, 0.04370216652750969, 0.9977794289588928, 0.05026271566748619, 0.027337707579135895, -0.051486290991306305, 0.9982994794845581),
            ["RightUpperLeg"] = CFrame.new(-2.384185791015625e-07, -2.0489096641540527e-07, -7.24758137948811e-08, 0.9626258015632629, 0.050215572118759155, -0.26613909006118774, -0.014645131304860115, 0.9908747673034668, 0.13398827612400055, 0.2704388201236725, -0.1250830888748169, 0.9545769095420837),
            ["LeftUpperLeg"] = CFrame.new(-2.384185791015625e-07, -5.355104804039001e-07, -1.73225998878479e-07, 0.9672850370407104, 0.13127028942108154, -0.21708938479423523, -0.2448945790529251, 0.7065509557723999, -0.6639370322227478, 0.06622954457998276, 0.695380449295044, 0.7155835628509521),
        }},
        {Time = 0.267, Data = {
            ["LeftLowerArm"] = CFrame.new(-0.000488579273223877, -0.00009799003601074219, -7.897615432739258e-07, 1, -3.166497108963995e-08, -5.960465898624534e-08, -4.4703497792397684e-08, 0.7924699187278748, -0.6099109649658203, 0, 0.6099110245704651, 0.7924699187278748),
            ["LeftFoot"] = CFrame.new(3.725290298461914e-09, -1.1920928955078125e-07, 1.4528632164001465e-07, 0.9808059334754944, -0.19390927255153656, 0.02046767808496952, 0.18345990777015686, 0.9532833099365234, 0.23998692631721497, -0.06604709476232529, -0.23162512481212616, 0.9705603718757629),
            ["RightHand"] = CFrame.new(-2.980232238769531e-07, 5.364418029785156e-07, 5.960464477539063e-08, 0.6048889756202698, -0.6824988126754761, 0.41024962067604065, 0.6410054564476013, 0.7229950428009033, 0.25766289234161377, -0.47246304154396057, 0.107114776968956, 0.8748171925544739),
            ["HumanoidRootPart"] = CFrame.new(0, 0, 0, 1, 0, 0, 0, 1, 0, 0, 0, 1),
