return {
    ["Humble"] = {
        {Time = 0.000, Data = {
            ["RightFoot"] = CFrame.new(1.9371509552001953e-07, -5.960464477539063e-08, 1.6952981241047382e-09, 0.988994300365448, -0.11478494852781296, 0.0933532863855362, 0.1479024887084961, 0.7503320574760437, -0.6443033218383789, 0.003910150844603777, 0.6510193347930908, 0.7590510845184326),
            ["LeftLowerArm"] = CFrame.new(0.000001430511474609375, -4.172325134277344e-07, 0.0000048354268074035645, 1, 2.9802322387695312e-08, -1.49011640360186e-07, -8.940698137394065e-08, 0.0315023809671402, -0.9995036721229553, -2.980232594040899e-08, 0.9995037317276001, 0.03150229901075363),
            ["RightUpperArm"] = CFrame.new(-0.02947676181793213, -0.04194772243499756, -0.06430718302726746, 0.7104479670524597, 0.21160820126533508, 0.6711825132369995, 0.28648340702056885, 0.7841612696647644, -0.5504709482192993, -0.642799437046051, 0.5833637118339539, 0.4964834451675415),
            ["Head"] = CFrame.new(3.725290298461914e-09, -9.5367431640625e-07, -1.1175870895385742e-08, 0.9652203917503357, 0.013703159987926483, -0.2610785663127899, -0.05935165658593178, 0.9840367436408997, -0.167777419090271, 0.25461164116859436, 0.17743755877017975, 0.9506254196166992),
            ["RightHand"] = CFrame.new(2.980232238769531e-07, 0.0000013113021850585938, -7.748603820800781e-07, 0.37083107233047485, -0.21014909446239471, 0.9046112298965454, 0.27196604013442993, 0.9559319019317627, 0.11058325320482254, -0.8879858255386353, 0.20501591265201569, 0.4116431176662445),
            ["UpperTorso"] = CFrame.new(-2.2351741790771484e-08, 3.8743019104003906e-07, 0, 0.9983448386192322, -0.026315227150917053, -0.051138777285814285, 0.025616342201828957, 0.9995700120925903, -0.014273716136813164, 0.05149250477552414, 0.012940137647092342, 0.9985895752906799),
            ["HumanoidRootPart"] = CFrame.new(0, 0, 0, 1, 0, 0, 0, 1, 0, 0, 0, 1),
            ["RightUpperLeg"] = CFrame.new(8.940696716308594e-08, 1.3969838619232178e-07, -1.287116901949048e-08, 0.981666624546051, 0.08561830967664719, -0.17029473185539246, -0.14400853216648102, 0.9184578657150269, -0.3683704733848572, 0.1248694360256195, 0.3861406743526459, 0.9139491319656372),
            ["LeftUpperArm"] = CFrame.new(0.03503316640853882, 0.038260698318481445, -0.07265929877758026, 0.3690771162509918, 0.6666296720504761, -0.6476011872291565, 0.1785566657781601, 0.6329554915428162, 0.7533157467842102, 0.9120852947235107, -0.39366522431373596, 0.11457829922437668),
            ["RightLowerArm"] = CFrame.new(2.9802322387695312e-08, 5.960464477539062e-07, -0.000003904104232788086, 1, -0.000018924474716186523, -0.000004246831394993933, 0.000018894672393798828, 0.9999971985816956, -0.002373680705204606, 0.000004291534423828125, 0.0023736655712127686, 0.9999972581863403),
            ["LeftHand"] = CFrame.new(-0.0000012423843145370483, -8.940696716308594e-07, 8.940696716308594e-08, 0.473219096660614, -0.7092334628105164, -0.5225424766540527, 0.6289796233177185, 0.6873241662979126, -0.3632774353027344, 0.616804838180542, -0.1567588448524475, 0.771348774433136),
            ["LeftFoot"] = CFrame.new(-2.60770320892334e-08, -2.384185791015625e-07, -1.3969838619232178e-08, 0.9947863817214966, 0.09018754959106445, -0.047605324536561966, -0.0911775454878807, 0.9956524968147278, -0.019046757370233536, 0.04568047076463699, 0.02328803390264511, 0.9986846446990967),
            ["LowerTorso"] = CFrame.new(0.18247993290424347, -0.30166196823120117, 0.12827715277671814, 0.9402716755867004, -0.03261100500822067, 0.3388596773147583, 0.021050021052360535, 0.9990659356117249, 0.03773779049515724, -0.33977386355400085, -0.028350768610835075, 0.9400798082351685),
            ["RightLowerLeg"] = CFrame.new(-1.4901161193847656e-08, -0.0007263422012329102, 0.00004603883280651644, 1, 1.1175875158642157e-07, 3.7252917195473856e-08, -7.450580596923828e-08, 0.486129492521286, 0.87388676404953, 1.341104507446289e-07, -0.8738868832588196, 0.48612964153289795),
            ["LeftUpperLeg"] = CFrame.new(2.9802322387695312e-08, 1.210719347000122e-07, 1.4901161193847656e-08, 0.9517917037010193, 0.10662666708230972, 0.28761690855026245, 0.15590181946754456, 0.6393555998802185, -0.7529404163360596, -0.26417291164398193, 0.7614821195602417, 0.5919098854064941),
            ["LeftLowerLeg"] = CFrame.new(4.470348358154297e-08, -0.0007264614105224609, 0.00008092820644378662, 1, 7.450580596923828e-08, 4.6566128730773926e-08, 7.450582373280668e-09, 0.6659273505210876, 0.7460165023803711, -7.450582373280668e-09, -0.7460166215896606, 0.665927529335022),
        }},
        {Time = 0.033, Data = {
            ["RightFoot"] = CFrame.new(1.7881393432617188e-07, 5.960464477539063e-08, -7.281050784513354e-08, 0.9884510636329651, -0.11912380903959274, 0.09366976469755173, 0.15128633379936218, 0.7399164438247681, -0.6554664373397827, 0.008773737587034702, 0.6620673537254333, 0.7493929266929626),
            ["LeftLowerArm"] = CFrame.new(0.0000012814998626708984, -5.960464477539062e-07, 0.000004597008228302002, 1, 7.450580596923828e-08, -8.940698137394065e-08, -2.980232594040899e-08, 0.047509968280792236, -0.998870849609375, -5.960465188081798e-08, 0.9988707900047302, 0.04750997573137283),
            ["RightUpperArm"] = CFrame.new(-0.026731491088867188, -0.0561903715133667, -0.06993389874696732, 0.7081800103187561, 0.1999746710062027, 0.6771199107170105, 0.29422834515571594, 0.7882131338119507, -0.5405089259147644, -0.6418027281761169, 0.5820054411888123, 0.4993583858013153),
            ["Head"] = CFrame.new(1.862645149230957e-08, -8.344650268554688e-07, 1.4901161193847656e-08, 0.9593300223350525, 0.016360053792595863, -0.2818128764629364, -0.05897185206413269, 0.9879066348075867, -0.1433974951505661, 0.27605876326560974, 0.1541845053434372, 0.9486931562423706),
            ["RightHand"] = CFrame.new(5.066394805908203e-07, 0.0000012516975402832031, -7.450580596923828e-07, 0.4009912312030792, -0.23468893766403198, 0.8855093717575073, 0.27178955078125, 0.953582763671875, 0.12965433299541473, -0.874835193157196, 0.18868215382099152, 0.44616469740867615),
            ["UpperTorso"] = CFrame.new(3.725290298461914e-09, -3.2782554626464844e-07, -9.313225746154785e-09, 0.9986255764961243, -0.01690042018890381, -0.04961290955543518, 0.017846906557679176, 0.9996659755706787, 0.018696162849664688, 0.04928039014339447, -0.019556039944291115, 0.9985935091972351),
            ["HumanoidRootPart"] = CFrame.new(0, 0, 0, 1, 0, 0, 0, 1, 0, 0, 0, 1),
            ["RightUpperLeg"] = CFrame.new(-5.960464477539063e-08, -1.4159013517200947e-07, -1.7993443179875612e-08, 0.9774053692817688, 0.08841700106859207, -0.19199280440807343, -0.1491629183292389, 0.9320782423019409, -0.33012235164642334, 0.14976389706134796, 0.35130149126052856, 0.9242067337036133),
            ["LeftUpperArm"] = CFrame.new(0.03978371620178223, 0.043991684913635254, -0.08219127357006073, 0.35281121730804443, 0.6594086289405823, -0.6638558506965637, 0.1676020473241806, 0.6534692645072937, 0.738165020942688, 0.920561671257019, -0.3716963529586792, 0.1200331375002861),
            ["RightLowerArm"] = CFrame.new(1.7881393432617188e-07, 1.7881393432617188e-07, -0.000004023313522338867, 1, -0.00001889467421278823, -0.000004291534878575476, 0.00001884997072920669, 0.9999971985816956, -0.002373799914494157, 0.000004246831394993933, 0.0023737403098493814, 0.9999971985816956),
            ["LeftHand"] = CFrame.new(-0.0000014044344425201416, -0.0000012516975402832031, 1.341104507446289e-07, 0.476176917552948, -0.6972848176956177, -0.5357692837715149, 0.6122103333473206, 0.7002447247505188, -0.36722782254219055, 0.6312322616577148, -0.1531381458044052, 0.7603256106376648),
            ["LeftFoot"] = CFrame.new(-1.1175870895385742e-08, -1.1920928955078125e-07, 2.7939677238464355e-08, 0.9952816367149353, 0.08705311268568039, -0.04285207763314247, -0.0879465639591217, 0.9959359169006348, -0.019420942291617393, 0.040987178683280945, 0.023098072037100792, 0.9988927245140076),
            ["LowerTorso"] = CFrame.new(0.18825753033161163, -0.3132094144821167, 0.12175910174846649, 0.9331664443016052, -0.025696085765957832, 0.35852494835853577, 0.02645792067050934, 0.9996461272239685, 0.0027818018570542336, -0.35846951603889465, 0.0068899355828762054, 0.9335160255432129),
            ["RightLowerLeg"] = CFrame.new(-2.2351741790771484e-08, -0.0007265210151672363, 0.0000461207891930826, 1, 7.450583439094771e-08, 7.4505820180093e-08, -5.215405707303944e-08, 0.4768825173377991, 0.8789671063423157, 1.5273688802608376e-07, -0.8789671063423157, 0.4768825173377991),
            ["LeftUpperLeg"] = CFrame.new(2.9802322387695312e-08, -1.57160684466362e-07, -4.6566128730773926e-09, 0.9592220783233643, 0.10171821713447571, 0.2637169063091278, 0.13730408251285553, 0.6478428840637207, -0.7492978572845459, -0.2470642477273941, 0.7549524307250977, 0.607458770275116),
            ["LeftLowerLeg"] = CFrame.new(0, -0.0007266402244567871, 0.00008092820644378662, 1, 5.960465188081798e-08, -1.327134491191373e-08, -2.9802322387695312e-08, 0.6431987285614014, 0.7656992673873901, 2.2351741790771484e-08, -0.7656993865966797, 0.6431987285614014),
        }},
        {Time = 0.067, Data = {
            ["RightFoot"] = CFrame.new(2.60770320892334e-07, 5.960464477539063e-08, 3.149762051180005e-08, 0.9879120588302612, -0.12284568697214127, 0.09454502910375595, 0.1545700877904892, 0.7344303131103516, -0.6608484983444214, 0.011745513416826725, 0.6674736738204956, 0.7445405125617981),
            ["LeftLowerArm"] = CFrame.new(0.000001430511474609375, -5.364418029785156e-07, 0.000004723668098449707, 1, 8.940698137394065e-08, -2.980232949312267e-08, -5.960465898624534e-08, 0.05452629178762436, -0.9985123872756958, -4.4703494239684005e-08, 0.9985123872756958, 0.054526280611753464),
            ["RightUpperArm"] = CFrame.new(-0.02715432643890381, -0.06273221969604492, -0.07365468144416809, 0.6965512633323669, 0.1833871454000473, 0.6936755776405334, 0.31749847531318665, 0.7882026433944702, -0.5271919965744019, -0.6434369683265686, 0.5874569416046143, 0.4907981753349304),
            ["Head"] = CFrame.new(-2.60770320892334e-08, -7.152557373046875e-07, -7.450580596923828e-09, 0.9548307657241821, 0.02916780114173889, -0.2957152724266052, -0.059599585831165314, 0.9937466979026794, -0.09442208707332611, 0.2911119759082794, 0.10778171569108963, 0.9505982995033264),
            ["RightHand"] = CFrame.new(3.5762786865234375e-07, 0.0000010728836059570312, -8.344650268554688e-07, 0.4197467267513275, -0.2475682944059372, 0.8732253909111023, 0.274747759103775, 0.951602041721344, 0.13772167265415192, -0.8650586605072021, 0.18210846185684204, 0.46745097637176514),
            ["UpperTorso"] = CFrame.new(1.862645149230957e-08, -2.086162567138672e-07, -2.2351741790771484e-08, 0.9985049366950989, -0.01304533425718546, -0.053082164376974106, 0.014937957748770714, 0.9992611408233643, 0.035413291305303574, 0.05258076265454292, -0.03615355119109154, 0.9979619979858398),
            ["HumanoidRootPart"] = CFrame.new(0, 0, 0, 1, 0, 0, 0, 1, 0, 0, 0, 1),
            ["RightUpperLeg"] = CFrame.new(2.9802322387695312e-08, -2.380693331360817e-07, 4.85961209051311e-08, 0.9730876684188843, 0.08922296017408371, -0.21246123313903809, -0.15227115154266357, 0.9409897327423096, -0.30224472284317017, 0.1729566901922226, 0.32646238803863525, 0.9292515516281128),
            ["LeftUpperArm"] = CFrame.new(0.0402522087097168, 0.04504239559173584, -0.08800922334194183, 0.353524386882782, 0.6512064337730408, -0.6715286374092102, 0.164279043674469, 0.6635071039199829, 0.7299116253852844, 0.9208870530128479, -0.3683593273162842, 0.12758642435073853),
            ["RightLowerArm"] = CFrame.new(2.682209014892578e-07, 1.1920928955078125e-07, -0.000003829598426818848, 1, -0.000018954278857563622, -0.000004246830940246582, 0.000018924474716186523, 0.9999972581863403, -0.00237371027469635, 0.00000432133674621582, 0.0023738148156553507, 0.9999971985816956),
            ["LeftHand"] = CFrame.new(-0.0000013317912817001343, -0.0000010132789611816406, 1.4901161193847656e-08, 0.4713241457939148, -0.6917652487754822, -0.5470958352088928, 0.605464518070221, 0.7048400044441223, -0.3696129322052002, 0.6413005590438843, -0.15703977644443512, 0.7510476112365723),
            ["LeftFoot"] = CFrame.new(-2.9802322387695312e-08, -2.384185791015625e-07, 7.450580596923828e-09, 0.9957205057144165, 0.08324894309043884, -0.04012836515903473, -0.08374455571174622, 0.9964284300804138, -0.01082803774625063, 0.03908364102244377, 0.014142360538244247, 0.9991358518600464),
            ["LowerTorso"] = CFrame.new(0.1942148059606552, -0.316562294960022, 0.11490102112293243, 0.9256594777107239, -0.0214714165776968, 0.377748042345047, 0.028796236962080002, 0.9994907379150391, -0.013752628117799759, -0.37726035714149475, 0.023607974871993065, 0.9258062839508057),
            ["RightLowerLeg"] = CFrame.new(-4.470348358154297e-08, -0.0007263422012329102, 0.00004615804209606722, 1, 9.685758328714655e-08, 5.21540641784668e-08, -5.587936158235607e-08, 0.48072871565818787, 0.8768694400787354, 2.048909948371147e-07, -0.8768693804740906, 0.4807286858558655),
            ["LeftUpperLeg"] = CFrame.new(-2.9802322387695312e-08, -3.6973506212234497e-07, -6.332993507385254e-08, 0.965318500995636, 0.0917823389172554, 0.24440997838974, 0.12657196819782257, 0.6542633175849915, -0.7455998659133911, -0.22834143042564392, 0.750676691532135, 0.6199553608894348),
            ["LeftLowerLeg"] = CFrame.new(8.940696716308594e-08, -0.0007264614105224609, 0.00008098781108856201, 1, 5.5879368687783426e-08, 4.656612873077393e-10, -7.450581485102248e-09, 0.6385321021080017, 0.7695953249931335, 1.1920930376163597e-07, -0.7695953249931335, 0.6385320425033569),
        }},
        {Time = 0.100, Data = {
            ["RightFoot"] = CFrame.new(1.7508864402770996e-07, -1.7881393432617188e-07, -7.281050784513354e-08, 0.9875687956809998, -0.12387536466121674, 0.09676123410463333, 0.15703518688678741, 0.7504565715789795, -0.6419926285743713, 0.006912030279636383, 0.6492070555686951, 0.7605805397033691),
            ["LeftLowerArm"] = CFrame.new(0.000001341104507446289, -2.384185791015625e-07, 0.000004649162292480469, 1, 5.960465188081798e-08, -5.960465188081798e-08, -7.450580596923828e-08, 0.055503956973552704, -0.9984585046768188, -5.960464477539063e-08, 0.9984585046768188, 0.055503882467746735),
            ["RightUpperArm"] = CFrame.new(-0.02886742353439331, -0.0641014575958252, -0.07872696965932846, 0.6741164922714233, 0.17634017765522003, 0.7172663807868958, 0.3440726101398468, 0.7843170762062073, -0.5161982178688049, -0.653590977191925, 0.5947695374488831, 0.46804744005203247),
            ["Head"] = CFrame.new(-1.862645149230957e-08, -8.344650268554688e-07, -7.450580596923828e-09, 0.9539988040924072, 0.05109228193759918, -0.2954248785972595, -0.06549225747585297, 0.9970887303352356, -0.03904898092150688, 0.2925699055194855, 0.056600578129291534, 0.9545676708221436),
            ["RightHand"] = CFrame.new(3.5762786865234375e-07, 0.0000011920928955078125, -6.854534149169922e-07, 0.4269302487373352, -0.23470428586006165, 0.8732950091362, 0.2662211060523987, 0.9555536508560181, 0.12666375935077667, -0.8642088174819946, 0.17841295897960663, 0.47043848037719727),
            ["UpperTorso"] = CFrame.new(-1.4901161193847656e-08, 0, 2.60770320892334e-08, 0.9979146122932434, -0.016161426901817322, -0.062492936849594116, 0.01883753202855587, 0.9989200234413147, 0.04247356578707695, 0.06173888221383095, -0.0435621477663517, 0.9971413016319275),
            ["HumanoidRootPart"] = CFrame.new(0, 0, 0, 1, 0, 0, 0, 1, 0, 0, 0, 1),
            ["RightUpperLeg"] = CFrame.new(5.960464477539063e-08, 3.7741847336292267e-07, 3.892637323588133e-09, 0.9703473448753357, 0.09212708473205566, -0.22346946597099304, -0.1525270938873291, 0.9505845308303833, -0.2704160809516907, 0.18751384317874908, 0.2964823842048645, 0.9364489316940308),
            ["LeftUpperArm"] = CFrame.new(0.03838014602661133, 0.04220783710479736, -0.09381356090307236, 0.3758452534675598, 0.6415116786956787, -0.6687323451042175, 0.16784903407096863, 0.6625778079032898, 0.7299434542655945, 0.9113546013832092, -0.38659194111824036, 0.14134959876537323),
            ["RightLowerArm"] = CFrame.new(3.5762786865234375e-07, 1.7881393432617188e-07, -0.000003829598426818848, 1, -0.000018894672393798828, -0.000004246831394993933, 0.000018924474716186523, 0.9999971985816956, -0.0023737179581075907, 0.000004231929779052734, 0.002373740077018738, 0.9999972581863403),
            ["LeftHand"] = CFrame.new(-0.0000014062970876693726, -0.0000013709068298339844, -5.960464477539063e-08, 0.4529188275337219, -0.6921871304512024, -0.5619080662727356, 0.6071326732635498, 0.7009986639022827, -0.37415432929992676, 0.6528818011283875, -0.17169108986854553, 0.7377452254295349),
            ["LeftFoot"] = CFrame.new(3.3527612686157227e-08, -1.1920928955078125e-07, 5.832407623529434e-08, 0.995459258556366, 0.08309198170900345, -0.046440694481134415, -0.08205249160528183, 0.9963423013687134, 0.023862261325120926, 0.04825364053249359, -0.019943026825785637, 0.99863600730896),
            ["LowerTorso"] = CFrame.new(0.2001659870147705, -0.293235182762146, 0.11188268661499023, 0.9209123253822327, -0.02035634219646454, 0.3892378509044647, 0.028612125664949417, 0.9994716644287109, -0.015424182638525963, -0.3887181580066681, 0.02534124068915844, 0.9210082292556763),
            ["RightLowerLeg"] = CFrame.new(-5.960464477539063e-08, -0.0007264018058776855, 0.00004606118454830721, 1, 1.1175870895385742e-07, 2.2351748896198842e-08, -8.195637946073475e-08, 0.5291370153427124, 0.8485360741615295, 1.1175869474300271e-07, -0.8485364317893982, 0.5291376113891602),
            ["LeftUpperLeg"] = CFrame.new(-2.9802322387695312e-08, 3.8230791687965393e-07, 5.587935447692871e-08, 0.9665289521217346, 0.0816861242055893, 0.24320581555366516, 0.12542641162872314, 0.6765047907829285, -0.7256788611412048, -0.22380797564983368, 0.7318938970565796, 0.6436157822608948),
            ["LeftLowerLeg"] = CFrame.new(-8.940696716308594e-08, -0.0007262825965881348, 0.00008097290992736816, 1, 7.078051567077637e-08, 1.644948639523136e-07, -2.2351741790771484e-08, 0.680335521697998, 0.7329004406929016, 5.960464477539063e-08, -0.732900857925415, 0.6803358793258667),
        }},
        {Time = 0.133, Data = {
            ["RightFoot"] = CFrame.new(1.3783574104309082e-07, 0, -7.281050784513354e-08, 0.9872782230377197, -0.12071332335472107, 0.10348982363939285, 0.1586960107088089, 0.7885072827339172, -0.5941991209983826, -0.00987494271248579, 0.6030627489089966, 0.7976322174072266),
            ["LeftLowerArm"] = CFrame.new(0.000001341104507446289, -4.172325134277344e-07, 0.000005140900611877441, 1, -4.470347647611561e-08, -5.960465898624534e-08, -1.1920930376163597e-07, 0.05588718503713608, -0.9984371066093445, -5.960465188081798e-08, 0.9984371662139893, 0.05588716268539429),
            ["RightUpperArm"] = CFrame.new(-0.02995401620864868, -0.06459057331085205, -0.08240711688995361, 0.6497650742530823, 0.17668147385120392, 0.7393167018890381, 0.3638128340244293, 0.7816928625106812, -0.506553590297699, -0.667417049407959, 0.5981137156486511, 0.44363757967948914),
            ["Head"] = CFrame.new(-3.725290298461914e-09, -0.0000011920928955078125, 3.725290298461914e-09, 0.9551757574081421, 0.06986121088266373, -0.28767842054367065, -0.07166000455617905, 0.9974199533462524, 0.004286017268896103, 0.2872353792190552, 0.016520889475941658, 0.9577175378799438),
            ["RightHand"] = CFrame.new(2.086162567138672e-07, 0.0000012516975402832031, -8.940696716308594e-07, 0.4341553747653961, -0.21004922688007355, 0.8760068416595459, 0.2507191002368927, 0.9621888399124146, 0.10645591467618942, -0.8652451038360596, 0.1734132170677185, 0.4704032242298126),
            ["UpperTorso"] = CFrame.new(-7.450580596923828e-09, -1.1920928955078125e-07, 1.30385160446167e-08, 0.9969349503517151, -0.020463207736611366, -0.07551100850105286, 0.0238749198615551, 0.9987214207649231, 0.04455931484699249, 0.07450280338525772, -0.04622543230652809, 0.996148943901062),
            ["HumanoidRootPart"] = CFrame.new(0, 0, 0, 1, 0, 0, 0, 1, 0, 0, 0, 1),
            ["RightUpperLeg"] = CFrame.new(-5.960464477539063e-08, -3.1921081244945526e-07, 7.094786269590259e-08, 0.96797776222229, 0.09561842679977417, -0.2321125715970993, -0.1486089527606964, 0.9634596109390259, -0.22284722328186035, 0.20232297480106354, 0.2502051591873169, 0.9468172788619995),
            ["LeftUpperArm"] = CFrame.new(0.03708970546722412, 0.039894700050354004, -0.09786543995141983, 0.3934970200061798, 0.6338018178939819, -0.6659247279167175, 0.174157977104187, 0.6598526239395142, 0.7309332489967346, 0.902678906917572, -0.4035961627960205, 0.14926840364933014),
            ["RightLowerArm"] = CFrame.new(2.9802322387695312e-08, 3.5762786865234375e-07, -0.000003933906555175781, 1, -0.000018946826457977295, -0.000004231930233800085, 0.00001892447289719712, 0.9999971985816956, -0.0023737403098493814, 0.000004217028163111536, 0.002373740077018738, 0.9999972581863403),
            ["LeftHand"] = CFrame.new(-0.0000015012919902801514, -0.0000013709068298339844, 1.9371509552001953e-07, 0.4441584348678589, -0.6889070868492126, -0.5728262066841125, 0.6064664721488953, 0.7017862796783447, -0.37375766038894653, 0.6594860553741455, -0.18139231204986572, 0.7295036315917969),
            ["LeftFoot"] = CFrame.new(-1.4901161193847656e-08, 0, -4.377216100692749e-08, 0.9924463629722595, 0.10970810055732727, -0.05490494519472122, -0.09872689843177795, 0.9798901081085205, 0.1734028458595276, 0.07282433658838272, -0.16667239367961884, 0.9833193421363831),
            ["LowerTorso"] = CFrame.new(0.20597238838672638, -0.24439740180969238, 0.11752712726593018, 0.9174249768257141, -0.02042078599333763, 0.3973847031593323, 0.02745191939175129, 0.999550998210907, -0.01201216783374548, -0.3969610035419464, 0.02192923240363598, 0.9175735116004944),
            ["RightLowerLeg"] = CFrame.new(-7.450580596923828e-08, -0.0007265806198120117, 0.00004608353629009798, 1, 9.872024264723223e-08, 3.725289943190546e-08, -5.960462345910855e-08, 0.621694028377533, 0.7832602262496948, 9.499486708364202e-08, -0.78326016664505, 0.6216939687728882),
            ["LeftUpperLeg"] = CFrame.new(-5.960464477539063e-08, -3.2922253012657166e-07, 2.60770320892334e-08, 0.9605726003646851, 0.0772743746638298, 0.2670750916004181, 0.13920935988426208, 0.697839617729187, -0.7025957107543945, -0.2406681329011917, 0.7120733857154846, 0.6595680713653564),
            ["LeftLowerLeg"] = CFrame.new(1.4901161193847656e-08, -0.0007267594337463379, 0.00008109956979751587, 1, 3.725290298461914e-08, 8.475035429000854e-08, -2.9802322387695312e-08, 0.7394856214523315, 0.6731725335121155, 6.705522537231445e-08, -0.6731723546981812, 0.739485502243042),
        }},
        {Time = 0.167, Data = {
            ["RightFoot"] = CFrame.new(2.4028122425079346e-07, 5.960464477539063e-08, 6.875052349641919e-08, 0.9868366718292236, -0.11690741032361984, 0.11174169182777405, 0.15924352407455444, 0.8229275941848755, -0.545373260974884, -0.028197137638926506, 0.5559881925582886, 0.8307116627693176),
            ["LeftLowerArm"] = CFrame.new(0.0000012814998626708984, -7.748603820800781e-07, 0.00000451505184173584, 1, 5.960463766996327e-08, -4.4703490686970326e-08, -1.1920930376163597e-07, 0.0523945614695549, -0.9986265301704407, -8.940698137394065e-08, 0.9986264705657959, 0.0523945614695549),
            ["RightUpperArm"] = CFrame.new(-0.03141742944717407, -0.06310892105102539, -0.08583217859268188, 0.6363188624382019, 0.18306776881217957, 0.7493895888328552, 0.3696330189704895, 0.7803019285202026, -0.5044807195663452, -0.6771039366722107, 0.5980093479156494, 0.4288525879383087),
            ["Head"] = CFrame.new(-1.4901161193847656e-08, -9.5367431640625e-07, 1.862645149230957e-08, 0.9558237195014954, 0.0774955153465271, -0.28354135155677795, -0.07798060029745102, 0.9969087243080139, 0.009593719616532326, 0.2834080755710602, 0.012940776534378529, 0.9589120149612427),
            ["RightHand"] = CFrame.new(5.513429641723633e-07, 0.0000013113021850585938, -7.152557373046875e-07, 0.4368484616279602, -0.19632068276405334, 0.8778504133224487, 0.2415710985660553, 0.9656485319137573, 0.09574173390865326, -0.8664911985397339, 0.1702387034893036, 0.46926790475845337),
            ["UpperTorso"] = CFrame.new(0, 2.086162567138672e-07, -2.0489096641540527e-08, 0.9964771270751953, -0.026165224611759186, -0.07967935502529144, 0.02981095016002655, 0.9985459446907043, 0.044914498925209045, 0.0783882886171341, -0.04713166877627373, 0.9958081841468811),
            ["HumanoidRootPart"] = CFrame.new(0, 0, 0, 1, 0, 0, 0, 1, 0, 0, 0, 1),
            ["RightUpperLeg"] = CFrame.new(-2.9802322387695312e-08, -1.0814983397722244e-07, 1.6931153368204832e-08, 0.966925859451294, 0.09562947601079941, -0.23645158112049103, -0.1432599425315857, 0.9706287384033203, -0.19327852129936218, 0.2110235095024109, 0.22076000273227692, 0.9522258639335632),
            ["LeftUpperArm"] = CFrame.new(0.03515821695327759, 0.037220001220703125, -0.10104529559612274, 0.3983366787433624, 0.632882297039032, -0.6639187335968018, 0.1775393933057785, 0.6569355726242065, 0.7327452898025513, 0.8998931050300598, -0.40975064039230347, 0.14931991696357727),
            ["RightLowerArm"] = CFrame.new(6.556510925292969e-07, 4.172325134277344e-07, -0.0000037848949432373047, 1, -0.000018917027773568407, -0.0000042617330109351315, 0.000018894672393798828, 0.9999972581863403, -0.0023737926967442036, 0.00000426173210144043, 0.002373755443841219, 0.9999972581863403),
            ["LeftHand"] = CFrame.new(-0.0000014416873455047607, -0.0000012516975402832031, -1.4901161193847656e-08, 0.4427695572376251, -0.685783326625824, -0.5776293873786926, 0.6088184714317322, 0.7028875350952148, -0.367817223072052, 0.6582515835762024, -0.18881328403949738, 0.7287350296974182),
            ["LeftFoot"] = CFrame.new(2.8870999813079834e-08, -5.960464477539063e-08, -7.264316082000732e-08, 0.9839522838592529, 0.1666114777326584, -0.06386388838291168, -0.13413304090499878, 0.9267029166221619, 0.3510417938232422, 0.11767063289880753, -0.33684173226356506, 0.9341793060302734),
            ["LowerTorso"] = CFrame.new(0.21119919419288635, -0.20290887355804443, 0.13332520425319672, 0.9168494343757629, -0.0204201340675354, 0.3987106680870056, 0.02456769347190857, 0.99968421459198, -0.0052950396202504635, -0.39847660064697266, 0.014650154858827591, 0.9170615077018738),
            ["RightLowerLeg"] = CFrame.new(-2.2351741790771484e-08, -0.0007265806198120117, 0.00004611333861248568, 1, 7.823112468940963e-08, -7.450580596923828e-09, -6.332992796842518e-08, 0.6942479610443115, 0.719735860824585, 7.636844401304188e-08, -0.7197359204292297, 0.6942480206489563),
            ["LeftUpperLeg"] = CFrame.new(-2.9802322387695312e-08, -7.450580596923828e-09, -3.632158041000366e-08, 0.9412687420845032, 0.08942616730928421, 0.32560113072395325, 0.1740749329328537, 0.6977543234825134, -0.6948646903038025, -0.289328932762146, 0.7107333540916443, 0.6412074565887451),
            ["LeftLowerLeg"] = CFrame.new(1.4901161193847656e-08, -0.0007261037826538086, 0.00008096545934677124, 1, 9.685756197086448e-08, -4.6566128730773926e-08, -4.4703490686970326e-08, 0.7727838158607483, 0.6346692442893982, 5.960465188081798e-08, -0.6346693634986877, 0.7727838754653931),
        }},
        {Time = 0.200, Data = {
            ["RightFoot"] = CFrame.new(1.9371509552001953e-07, -5.960464477539063e-08, 1.6952981241047382e-09, 0.9866068959236145, -0.11500236392021179, 0.11567787826061249, 0.15859657526016235, 0.8421007394790649, -0.5154736638069153, -0.03813181817531586, 0.5269163846969604, 0.8490615487098694),
            ["LeftLowerArm"] = CFrame.new(0.0000013113021850585938, -4.76837158203125e-07, 0.0000045746564865112305, 1, 7.450581307466564e-08, 0, -1.1920930376163597e-07, 0.05001480132341385, -0.9987485408782959, -1.4901162970204496e-08, 0.9987485408782959, 0.05001470819115639),
            ["RightUpperArm"] = CFrame.new(-0.03267604112625122, -0.060195207595825195, -0.08780503273010254, 0.6478341817855835, 0.19972258806228638, 0.7351341843605042, 0.36859118938446045, 0.7623534202575684, -0.5319371819496155, -0.6666719317436218, 0.6155714392662048, 0.4202626049518585),
            ["Head"] = CFrame.new(-2.2351741790771484e-08, -7.152557373046875e-07, -2.2351741790771484e-08, 0.9561893939971924, 0.0808785930275917, -0.28135499358177185, -0.08402081578969955, 0.9964636564254761, 0.0008977416437119246, 0.28043243288993835, 0.022781310603022575, 0.9596033096313477),
            ["RightHand"] = CFrame.new(1.341104507446289e-07, 0.0000012516975402832031, -9.238719940185547e-07, 0.43602269887924194, -0.19571541249752045, 0.8783958554267883, 0.2401173710823059, 0.9659814238548279, 0.09603967517614365, -0.8673107624053955, 0.1690426468849182, 0.4681848883628845),
            ["UpperTorso"] = CFrame.new(-7.450580596923828e-09, -5.960464477539063e-08, -2.7939677238464355e-09, 0.9960320591926575, -0.03222726285457611, -0.08295535296201706, 0.0359039306640625, 0.9984202980995178, 0.043217264115810394, 0.08143171668052673, -0.046024344861507416, 0.9956157803535461),
            ["HumanoidRootPart"] = CFrame.new(0, 0, 0, 1, 0, 0, 0, 1, 0, 0, 0, 1),
            ["RightUpperLeg"] = CFrame.new(-2.9802322387695312e-08, -3.2589014153927565e-07, -2.6841007638722658e-08, 0.9664736986160278, 0.0910642147064209, -0.24007482826709747, -0.13992320001125336, 0.9707576036453247, -0.19506768882274628, 0.21529094874858856, 0.22211961448192596, 0.9509535431861877),
            ["LeftUpperArm"] = CFrame.new(0.03343009948730469, 0.03585660457611084, -0.10232025384902954, 0.3968452215194702, 0.6343908905982971, -0.6633723378181458, 0.18348266184329987, 0.6533034443855286, 0.734525740146637, 0.8993598222732544, -0.413210391998291, 0.14286087453365326),
            ["RightLowerArm"] = CFrame.new(0.0000011026859283447266, 5.960464477539062e-07, -0.0000039637088775634766, 1, -0.00001886486825242173, -0.000004217028617858887, 0.00001886486825242173, 0.9999971985816956, -0.0023736953735351562, 0.000004291533969080774, 0.0023736802395433187, 0.9999972581863403),
            ["LeftHand"] = CFrame.new(-0.0000014379620552062988, -0.0000013113021850585938, 1.1175870895385742e-07, 0.44827038049697876, -0.6792340874671936, -0.5811144709587097, 0.6079617738723755, 0.7082444429397583, -0.3588489294052124, 0.6553137898445129, -0.192434161901474, 0.7304338812828064),
            ["LeftFoot"] = CFrame.new(7.450580596923828e-09, -1.1920928955078125e-07, 2.9802322387695312e-08, 0.9826287031173706, 0.18174782395362854, 0.03753231465816498, -0.18078570067882538, 0.8917636275291443, 0.41481807827949524, 0.041922345757484436, -0.41439756751060486, 0.9091299772262573),
            ["LowerTorso"] = CFrame.new(0.21644814312458038, -0.181679368019104, 0.15606550872325897, 0.9162641167640686, -0.020771600306034088, 0.4000360369682312, 0.021233662962913513, 0.9997691512107849, 0.0032776182051748037, -0.40001180768013, 0.005491063464432955, 0.9164936542510986),
            ["RightLowerLeg"] = CFrame.new(-5.587935447692871e-08, -0.0007263422012329102, 0.000046090986870694906, 1, 1.040753190295618e-07, 1.4901168299275014e-08, -4.842877388000488e-08, 0.7241010665893555, 0.6896935701370239, 9.313225746154785e-08, -0.6896939873695374, 0.7241015434265137),
            ["LeftUpperLeg"] = CFrame.new(0, 7.2177499532699585e-09, -2.514570951461792e-08, 0.9379887580871582, 0.11798204481601715, 0.32597148418426514, 0.17858968675136566, 0.6414722800254822, -0.7460691332817078, -0.2971244156360626, 0.7580195665359497, 0.5806233286857605),
            ["LeftLowerLeg"] = CFrame.new(3.725290298461914e-09, -0.0007265806198120117, 0.00008099526166915894, 1, 7.450581307466564e-08, 2.6542693376541138e-08, -4.470348358154297e-08, 0.6676483750343323, 0.7444767951965332, 5.960464477539063e-08, -0.7444767951965332, 0.6676483154296875),
        }},
        {Time = 0.233, Data = {
            ["RightFoot"] = CFrame.new(2.682209014892578e-07, 0, -5.75528247281909e-09, 0.9866257309913635, -0.11384079605340958, 0.11666250228881836, 0.157048761844635, 0.8555588722229004, -0.49331021308898926, -0.04365282133221626, 0.5050339698791504, 0.861994743347168),
            ["LeftLowerArm"] = CFrame.new(0.0000012814998626708984, -1.1920928955078125e-07, 0.000004902482032775879, 1, 2.980232594040899e-08, -1.3411047916633834e-07, -1.4901162970204496e-08, 0.05102994292974472, -0.9986972212791443, -4.4703490686970326e-08, 0.9986972212791443, 0.051029887050390244),
            ["RightUpperArm"] = CFrame.new(-0.03344470262527466, -0.05459308624267578, -0.08797359466552734, 0.6195634007453918, 0.22208145260810852, 0.752875030040741, 0.4047732353210449, 0.7313886880874634, -0.5488436222076416, -0.6725324988365173, 0.6447870135307312, 0.36324918270111084),
            ["Head"] = CFrame.new(-2.9802322387695312e-08, -0.0000011920928955078125, -1.6763806343078613e-08, 0.9553760886192322, 0.08084890991449356, -0.28411269187927246, -0.09013189375400543, 0.9957343935966492, -0.019730934873223305, 0.28130578994750977, 0.044457994401454926, 0.9585878849029541),
            ["RightHand"] = CFrame.new(2.682209014892578e-07, 0.0000013113021850585938, -7.897615432739258e-07, 0.43519526720046997, -0.19511087238788605, 0.8789405226707458, 0.23866257071495056, 0.9663124084472656, 0.09633573889732361, -0.8681275248527527, 0.16784539818763733, 0.4671006202697754),
            ["UpperTorso"] = CFrame.new(2.2351741790771484e-08, 0, 2.60770320892334e-08, 0.9959053993225098, -0.03772687911987305, -0.08215374499559402, 0.04140447452664375, 0.9981938004493713, 0.04353048652410507, 0.08036304265260696, -0.04675380885601044, 0.9956685304641724),
            ["HumanoidRootPart"] = CFrame.new(0, 0, 0, 1, 0, 0, 0, 1, 0, 0, 0, 1),
            ["RightUpperLeg"] = CFrame.new(5.960464477539063e-08, 1.8044374883174896e-09, -2.6266206987202168e-09, 0.9665480256080627, 0.0844278484582901, -0.24219195544719696, -0.1373237818479538, 0.967870831489563, -0.2106379121541977, 0.21662679314613342, 0.236850306391716, 0.9470874667167664),
            ["LeftUpperArm"] = CFrame.new(0.032173991203308105, 0.036904335021972656, -0.10094763338565826, 0.3921152651309967, 0.6379245519638062, -0.6627953052520752, 0.1950603872537613, 0.6464545726776123, 0.7375962734222412, 0.8989979028701782, -0.4185078740119934, 0.12905089557170868),
            ["RightLowerArm"] = CFrame.new(2.980232238769531e-07, 6.556510925292969e-07, -0.0000037923455238342285, 1, -0.000018961734895128757, -0.0000042244791984558105, 0.000018902122974395752, 0.9999972581863403, -0.0023737065494060516, 0.000004336237907409668, 0.0023737186565995216, 0.9999971985816956),
            ["LeftHand"] = CFrame.new(-0.0000015050172805786133, -0.000001430511474609375, 3.427267074584961e-07, 0.45305415987968445, -0.668117880821228, -0.5902201533317566, 0.6004011631011963, 0.718074381351471, -0.3519771099090576, 0.6589843034744263, -0.19490419328212738, 0.7264657020568848),
            ["LeftFoot"] = CFrame.new(-3.725290298461914e-09, -1.7881393432617188e-07, -1.4901161193847656e-08, 0.970957338809967, -0.0013055281015112996, 0.23924921452999115, -0.10238654166460037, 0.9015251398086548, 0.42043977975845337, -0.2162381410598755, -0.4327249526977539, 0.8752086758613586),
            ["LowerTorso"] = CFrame.new(0.22159717977046967, -0.16822397708892822, 0.18284492194652557, 0.9156884551048279, -0.021130675449967384, 0.4013330340385437, 0.017763052135705948, 0.9997689127922058, 0.012110576033592224, -0.40149614214897156, -0.003960614092648029, 0.9158522486686707),
            ["RightLowerLeg"] = CFrame.new(-1.1175870895385742e-08, -0.0007262229919433594, 0.00004608353629009798, 1, 7.310885763445185e-08, -3.725291186640334e-09, -5.215405707303944e-08, 0.7372625470161438, 0.6756064891815186, 8.00937343115038e-08, -0.6756063103675842, 0.7372625470161438),
            ["LeftUpperLeg"] = CFrame.new(-2.9802322387695312e-08, -1.0139774531126022e-07, -3.725290298461914e-09, 0.9757547378540039, 0.11159021407365799, 0.1882828176021576, 0.08632713556289673, 0.5942926406860352, -0.7996024489402771, -0.2011229246854782, 0.7964696884155273, 0.5702505707740784),
            ["LeftLowerLeg"] = CFrame.new(-1.2665987014770508e-07, -0.0007265210151672363, 0.00008103251457214355, 1, 8.568167686462402e-08, 3.81842291119483e-08, -3.3527612686157227e-08, 0.48512494564056396, 0.8744449019432068, 5.21540641784668e-08, -0.874444842338562, 0.48512500524520874),
        }},
        {Time = 0.267, Data = {
            ["RightFoot"] = CFrame.new(8.568167686462402e-08, 1.1920928955078125e-07, 1.6952981241047382e-09, 0.986737847328186, -0.11280389875173569, 0.1167210042476654, 0.15513114631175995, 0.8669999241828918, -0.4735460579395294, -0.04777931794524193, 0.4853726327419281, 0.8730008602142334),
            ["LeftLowerArm"] = CFrame.new(0.0000013709068298339844, -4.76837158203125e-07, 0.000004678964614868164, 1, 7.450580596923828e-08, -8.940698137394065e-08, -1.4901162970204496e-08, 0.05214971303939819, -0.9986392855644226, 0, 0.9986393451690674, 0.05214961618185043),
            ["RightUpperArm"] = CFrame.new(-0.033721983432769775, -0.04724287986755371, -0.08654066920280457, 0.6533339023590088, 0.2541249692440033, 0.7131444215774536, 0.4149385094642639, 0.6676962375640869, -0.6180679798126221, -0.633230447769165, 0.6997159123420715, 0.33078259229660034),
            ["Head"] = CFrame.new(-1.4901161193847656e-08, -5.960464477539062e-07, 2.2351741790771484e-08, 0.952523946762085, 0.08038777858018875, -0.2936594784259796, -0.09831967204809189, 0.9940540194511414, -0.04679587483406067, 0.28815191984176636, 0.0734466016292572, 0.9547640681266785),
            ["RightHand"] = CFrame.new(4.023313522338867e-07, 0.0000010728836059570312, -9.238719940185547e-07, 0.4343658685684204, -0.19450759887695312, 0.8794842958450317, 0.23720668256282806, 0.9666414260864258, 0.09663014113903046, -0.8689414858818054, 0.16664667427539825, 0.466015100479126),
            ["UpperTorso"] = CFrame.new(-1.4901161193847656e-08, -2.086162567138672e-07, -7.450580596923828e-09, 0.9962629079818726, -0.04295944795012474, -0.07493175566196442, 0.04624643921852112, 0.9980171322822571, 0.04269745573401451, 0.07294867932796478, -0.046003226190805435, 0.9962742328643799),
            ["HumanoidRootPart"] = CFrame.new(0, 0, 0, 1, 0, 0, 0, 1, 0, 0, 0, 1),
            ["RightUpperLeg"] = CFrame.new(-5.960464477539063e-08, -3.6816345527768135e-08, -3.336026566103101e-08, 0.9668198823928833, 0.07711208611726761, -0.24354280531406403, -0.13485229015350342, 0.9637575149536133, -0.23018769919872284, 0.21696600317955017, 0.2553923428058624, 0.9421786665916443),
            ["LeftUpperArm"] = CFrame.new(0.031354308128356934, 0.03891801834106445, -0.09747204184532166, 0.3810749650001526, 0.645637035369873, -0.661765992641449, 0.20757444202899933, 0.6377552151679993, 0.7417422533035278, 0.9009410738945007, -0.42002519965171814, 0.10901477932929993),
            ["RightLowerArm"] = CFrame.new(5.960464477539063e-08, 3.5762786865234375e-07, -0.0000035688281059265137, 1, -0.000018954278857563622, -0.000004217028617858887, 0.00001887977123260498, 0.9999972581863403, -0.002373702824115753, 0.000004298985004425049, 0.0023737738374620676, 0.9999971985816956),
            ["LeftHand"] = CFrame.new(-0.0000014603137969970703, -0.0000011324882507324219, 2.086162567138672e-07, 0.4595624506473541, -0.6565852761268616, -0.598078191280365, 0.5910969972610474, 0.7287147045135498, -0.3458029627799988, 0.66287761926651, -0.19460429251194, 0.7229958176612854),
            ["LeftFoot"] = CFrame.new(3.3760443329811096e-08, -5.960464477539063e-08, -1.6763806343078613e-08, 0.9245396256446838, -0.21113653481006622, 0.31725016236305237, 0.05618337541818619, 0.8989115953445435, 0.43451324105262756, -0.376921683549881, -0.38390040397644043, 0.8429417610168457),
