return {
    ["Hunter Protocol"] = {
        {Time = 0.000, Data = {
            ["LeftFoot"] = CFrame.new(3.3527612686157227e-08, 0, -1.862645149230957e-08, 0.9618749618530273, -0.22056910395622253, 0.16169753670692444, 0.2531206011772156, 0.9418721795082092, -0.22092264890670776, -0.10356942564249039, 0.25342893600463867, 0.9617937207221985),
            ["LeftLowerArm"] = CFrame.new(2.384185791015625e-07, 1.7881393432617188e-07, -5.960464477539063e-08, 1, -6.332994928470725e-08, 6.705523247774181e-08, 2.2351745343485163e-08, 0.8554722666740417, -0.517848789691925, 5.2154071283894154e-08, 0.517848551273346, 0.8554722666740417),
            ["LowerTorso"] = CFrame.new(-0.09134212881326675, -0.15920400619506836, 0.027237242087721825, 0.764452338218689, 0.052071064710617065, -0.6425740122795105, 0.015355449169874191, 0.9949792623519897, 0.09889617562294006, 0.6444975137710571, -0.08546839654445648, 0.7598145604133606),
            ["Head"] = CFrame.new(2.3283064365386963e-09, -1.1920928955078125e-07, -6.752088665962219e-09, 0.8427740335464478, -0.06742820888757706, 0.5340275168418884, -0.0007499604253098369, 0.9919748902320862, 0.12643353641033173, -0.5382669568061829, -0.10695517063140869, 0.8359600305557251),
            ["RightUpperArm"] = CFrame.new(0, -1.1920928955078125e-07, -8.940696716308594e-08, 0.909115731716156, -0.40099185705184937, 0.11275740712881088, 0.3770012855529785, 0.9072108268737793, 0.18665118515491486, -0.1771402657032013, -0.12717784941196442, 0.9759339690208435),
            ["UpperTorso"] = CFrame.new(3.4458935260772705e-08, 2.9802322387695312e-08, 3.213062882423401e-08, 0.9998964071273804, 0.008486737497150898, -0.011623050086200237, -0.008811336942017078, 0.9995644688606262, -0.028168566524982452, 0.011378847993910313, 0.028268057852983475, 0.9995356202125549),
            ["HumanoidRootPart"] = CFrame.new(0, 0, 0, 1, 0, 0, 0, 1, 0, 0, 0, 1),
            ["RightHand"] = CFrame.new(0, 5.960464477539063e-08, 1.564621925354004e-07, 0.9067324995994568, 0.38193008303642273, 0.1787896454334259, -0.3817427158355713, 0.923534095287323, -0.036841969937086105, -0.17918917536735535, -0.03484561666846275, 0.9831972718238831),
            ["LeftUpperArm"] = CFrame.new(0, -1.1920928955078125e-07, 0, 0.9388712644577026, 0.3276001214981079, -0.10582543164491653, -0.266611784696579, 0.8863610625267029, 0.3785261809825897, 0.21780462563037872, -0.3271729648113251, 0.9195210337638855),
            ["RightLowerArm"] = CFrame.new(-8.940696716308594e-08, 1.1920928955078125e-07, -5.960464477539063e-08, 1, -3.7252898543727042e-09, -4.842878098543224e-08, 5.960463766996327e-08, 0.925049901008606, -0.3798457384109497, -5.960463766996327e-08, 0.3798457086086273, 0.9250499606132507),
            ["LeftHand"] = CFrame.new(0, 1.7881393432617188e-07, 1.6391277313232422e-07, 0.9745205044746399, -0.22377537190914154, 0.015317978337407112, 0.22418852150440216, 0.9739068150520325, -0.035282861441373825, -0.007022915408015251, 0.03781807795166969, 0.9992600679397583),
            ["RightUpperLeg"] = CFrame.new(1.1920928955078125e-07, -2.5704503059387207e-07, 4.300818545743823e-08, 0.9009361863136292, -0.32690539956092834, -0.2853888273239136, 0.2872775197029114, 0.9422089457511902, -0.17237764596939087, 0.32524704933166504, 0.07331546396017075, 0.9427827596664429),
            ["LeftUpperLeg"] = CFrame.new(5.960464477539063e-08, -1.8998980522155762e-07, 1.4901161193847656e-08, 0.8337355256080627, 0.3976556658744812, 0.3830859661102295, -0.1868482381105423, 0.856043815612793, -0.4819510579109192, -0.5195891261100769, 0.33024081587791443, 0.7880153656005859),
            ["RightLowerLeg"] = CFrame.new(-7.450580596923828e-08, -0.00006031990051269531, -0.00007206032023532316, 1, -4.00468671557519e-08, -1.4901157641133977e-08, 4.470348358154297e-08, 0.9498167037963867, 0.31280675530433655, 9.313225746154785e-09, -0.3128071129322052, 0.9498168230056763),
            ["RightFoot"] = CFrame.new(-5.21540641784668e-08, 5.364418029785156e-07, 2.7772330213338137e-08, 0.9315195083618164, 0.3259998857975006, -0.16123241186141968, -0.352256715297699, 0.919018030166626, -0.17697669565677643, 0.09048092365264893, 0.22165270149707794, 0.9709188342094421),
            ["LeftLowerLeg"] = CFrame.new(0, 0.000060498714447021484, 0.00007204711437225342, 1, 8.195638656616211e-08, -3.725290298461914e-08, -1.1175870895385742e-07, 0.7827094793319702, 0.6223874092102051, -7.450580596923828e-09, -0.6223873496055603, 0.7827093601226807),
        }},
        {Time = 0.033, Data = {
            ["LeftFoot"] = CFrame.new(-2.60770320892334e-08, 0, -2.2351741790771484e-08, 0.9663563966751099, -0.20164041221141815, 0.15967635810375214, 0.2367832511663437, 0.9398683309555054, -0.2461332529783249, -0.10044411569833755, 0.2756607234477997, 0.9559926390647888),
            ["LeftLowerArm"] = CFrame.new(2.9802322387695312e-08, -3.5762786865234375e-07, -5.960464477539063e-08, 1, -4.4703494239684005e-08, 8.195639367158947e-08, 1.2293459406009788e-07, 0.5545563101768494, -0.832146406173706, 5.2154071283894154e-08, 0.8321462273597717, 0.554556131362915),
            ["LowerTorso"] = CFrame.new(-0.13296817243099213, -0.15952444076538086, 0.03935915604233742, 0.7552840113639832, 0.020985379815101624, -0.655061662197113, 0.043328315019607544, 0.9957020282745361, 0.08185543119907379, 0.6539638638496399, -0.09020679444074631, 0.7511285543441772),
            ["Head"] = CFrame.new(2.9802322387695312e-08, -1.1920928955078125e-07, 7.450580596923828e-09, 0.8269540071487427, -0.132381409406662, 0.5464634895324707, 0.08681705594062805, 0.990295946598053, 0.10852129757404327, -0.5555267333984375, -0.04229960963129997, 0.830422043800354),
            ["RightUpperArm"] = CFrame.new(0, -1.1920928955078125e-07, 2.9802322387695312e-08, 0.8772479891777039, -0.47968342900276184, -0.018432514742016792, 0.4765276610851288, 0.8655571937561035, 0.15405204892158508, -0.05794175714254379, -0.14392554759979248, 0.9878907799720764),
            ["UpperTorso"] = CFrame.new(-5.820766091346741e-09, 0, 2.1420419216156006e-08, 0.9976153373718262, 0.06699859350919724, -0.016584549099206924, -0.06497269868850708, 0.9926713705062866, 0.10189329087734222, 0.023289674893021584, -0.10057273507118225, 0.9946570992469788),
            ["HumanoidRootPart"] = CFrame.new(0, 0, 0, 1, 0, 0, 0, 1, 0, 0, 0, 1),
            ["RightHand"] = CFrame.new(-2.384185791015625e-07, 1.1920928955078125e-07, -1.2293457984924316e-07, 0.9175812005996704, 0.36970463395118713, 0.1461615264415741, -0.36282649636268616, 0.9290552735328674, -0.07220246642827988, -0.16248571872711182, 0.013220416381955147, 0.9866223335266113),
            ["LeftUpperArm"] = CFrame.new(0, -3.5762786865234375e-07, -1.1920928955078125e-07, 0.8335245251655579, 0.41586506366729736, -0.36372146010398865, -0.30620184540748596, 0.8957082033157349, 0.3224080801010132, 0.4598665237426758, -0.1573628932237625, 0.8739334940910339),
            ["RightLowerArm"] = CFrame.new(-8.344650268554688e-07, -6.556510925292969e-07, 1.1920928955078125e-07, 1, -6.705523247774181e-08, 7.82310962677002e-08, -8.195640788244418e-08, 0.8846569061279297, -0.4662427008152008, 2.980232949312267e-08, 0.4662427306175232, 0.8846569061279297),
            ["LeftHand"] = CFrame.new(1.7881393432617188e-07, -2.384185791015625e-07, 1.4901161193847656e-08, 0.9792075157165527, -0.20285716652870178, -0.0013887067325413227, 0.2028588205575943, 0.9791353344917297, 0.011931509710848331, -0.0010604691924527287, -0.011965052224695683, 0.9999278783798218),
            ["RightUpperLeg"] = CFrame.new(5.960464477539063e-08, -6.938353180885315e-08, -4.639878170564771e-08, 0.9068546295166016, -0.33266931772232056, -0.2587391138076782, 0.27080217003822327, 0.9303831458091736, -0.24708980321884155, 0.32292553782463074, 0.1540074199438095, 0.9338098764419556),
            ["LeftUpperLeg"] = CFrame.new(-1.1920928955078125e-07, 2.2351741790771484e-08, 1.4901161193847656e-08, 0.823173463344574, 0.42910489439964294, 0.37182578444480896, -0.19853438436985016, 0.8310555219650269, -0.5195487141609192, -0.5319489240646362, 0.35385850071907043, 0.7692949175834656),
            ["RightLowerLeg"] = CFrame.new(1.043081283569336e-07, -0.00006014108657836914, -0.00007198581442935392, 1, -1.1920931797249068e-07, 2.2351745343485163e-08, 2.9802322387695312e-08, 0.9043421745300293, 0.42680802941322327, -1.0803341865539551e-07, -0.42680826783180237, 0.9043423533439636),
            ["RightFoot"] = CFrame.new(-2.9802322387695312e-08, 2.980232238769531e-07, 2.2184394765645266e-08, 0.9488022327423096, 0.2871634066104889, -0.13157299160957336, -0.30624544620513916, 0.9383324384689331, -0.1604558676481247, 0.07738237828016281, 0.19253462553024292, 0.9782344698905945),
            ["LeftLowerLeg"] = CFrame.new(-5.960464477539063e-08, 0.000060677528381347656, 0.00007203221321105957, 1, 7.078052988163108e-08, -2.980232594040899e-08, -1.1920930376163597e-07, 0.7381947040557861, 0.6745879054069519, -7.450581307466564e-08, -0.6745877861976624, 0.7381945848464966),
        }},
        {Time = 0.067, Data = {
            ["LeftFoot"] = CFrame.new(4.0978193283081055e-08, -5.960464477539063e-08, 5.21540641784668e-08, 0.9694964289665222, -0.188297837972641, 0.15691006183624268, 0.22428929805755615, 0.9397189021110535, -0.25811395049095154, -0.09884896129369736, 0.28543365001678467, 0.9532872438430786),
            ["LeftLowerArm"] = CFrame.new(-2.9802322387695312e-08, -2.384185791015625e-07, 2.086162567138672e-07, 1, -6.705523247774181e-08, 7.078052277620372e-08, 1.0803341865539551e-07, 0.016588034108281136, -0.9998624324798584, 5.960464477539063e-08, 0.9998624324798584, 0.016587944701313972),
            ["LowerTorso"] = CFrame.new(-0.16754616796970367, -0.16175532341003418, 0.06256204843521118, 0.7418707609176636, -0.014545837417244911, -0.6703851819038391, 0.06637067347764969, 0.9964481592178345, 0.051827333867549896, 0.6672501564025879, -0.08294307440519333, 0.7402011156082153),
            ["Head"] = CFrame.new(6.705522537231445e-08, -5.960464477539062e-07, 2.2351741790771484e-08, 0.8181674480438232, -0.18742874264717102, 0.5435739755630493, 0.14214599132537842, 0.9819674491882324, 0.12463726103305817, -0.5571324825286865, -0.024707026779651642, 0.8300560116767883),
            ["RightUpperArm"] = CFrame.new(0, -4.76837158203125e-07, 0, 0.8268015384674072, -0.530752420425415, -0.18628257513046265, 0.5586275458335876, 0.8135452270507812, 0.16149137914180756, 0.06583734601736069, -0.23758387565612793, 0.9691333770751953),
            ["UpperTorso"] = CFrame.new(-1.862645149230957e-09, 5.960464477539063e-08, 2.7939677238464355e-08, 0.9943626523017883, 0.10585945099592209, 0.006058559753000736, -0.10495515912771225, 0.9745241403579712, 0.19820982217788696, 0.015078123658895493, -0.1977282464504242, 0.9801409840583801),
            ["HumanoidRootPart"] = CFrame.new(0, 0, 0, 1, 0, 0, 0, 1, 0, 0, 0, 1),
            ["RightHand"] = CFrame.new(1.1920928955078125e-07, -1.1920928955078125e-07, 5.960464477539063e-08, 0.9375201463699341, 0.33550089597702026, 0.09216850250959396, -0.32823818922042847, 0.940716564655304, -0.08551108092069626, -0.11539331078529358, 0.049915485084056854, 0.9920649528503418),
            ["LeftUpperArm"] = CFrame.new(1.1920928955078125e-07, -3.5762786865234375e-07, -2.9802322387695312e-08, 0.7096588015556335, 0.5159854292869568, -0.4797329902648926, -0.4747382700443268, 0.8533263206481934, 0.21553991734981537, 0.520584225654602, 0.07478802651166916, 0.8505285382270813),
            ["RightLowerArm"] = CFrame.new(1.1920928955078125e-07, -1.1920928955078125e-07, 0, 1, 0, -9.685756197086448e-08, 7.450580596923828e-08, 0.7440481185913086, -0.668126106262207, -1.4901161193847656e-08, 0.6681260466575623, 0.7440480589866638),
            ["LeftHand"] = CFrame.new(-4.470348358154297e-08, 1.1920928955078125e-07, 2.086162567138672e-07, 0.9817125201225281, -0.1867227554321289, -0.03708527609705925, 0.1873517483472824, 0.9821894764900208, 0.014253245666623116, 0.03376363590359688, -0.02094052918255329, 0.9992104768753052),
            ["RightUpperLeg"] = CFrame.new(0, 3.466848284006119e-07, 4.300818545743823e-08, 0.9177533388137817, -0.3414386808872223, -0.2028505802154541, 0.2527240514755249, 0.8960888385772705, -0.3649049401283264, 0.3063647150993347, 0.28362730145454407, 0.9086782336235046),
            ["LeftUpperLeg"] = CFrame.new(-1.1920928955078125e-07, 8.940696716308594e-08, 3.725290298461914e-08, 0.8090365529060364, 0.4607650935649872, 0.364904522895813, -0.21838772296905518, 0.8120503425598145, -0.5411851406097412, -0.5456801652908325, 0.3581477403640747, 0.7576037645339966),
            ["RightLowerLeg"] = CFrame.new(0, -0.000060439109802246094, -0.0000721646283636801, 1, -8.940696716308594e-08, -5.960463056453591e-08, 5.215405707303944e-08, 0.7904141545295715, 0.612572431564331, -4.470347647611561e-08, -0.6125727891921997, 0.7904145121574402),
            ["RightFoot"] = CFrame.new(-7.450580596923828e-08, 2.980232238769531e-07, -1.306034391745925e-08, 0.9729782342910767, 0.20475716888904572, -0.10671437531709671, -0.21875840425491333, 0.9653476476669312, -0.1422983855009079, 0.07387987524271011, 0.16179800033569336, 0.9840545654296875),
            ["LeftLowerLeg"] = CFrame.new(3.725290298461914e-08, 0.000060558319091796875, 0.00007227063179016113, 1, 9.313227877782992e-08, 7.450580596923828e-09, -7.450581307466564e-08, 0.7025193572044373, 0.7116646766662598, -5.960465188081798e-08, -0.7116647958755493, 0.702519416809082),
        }},
        {Time = 0.100, Data = {
            ["LeftFoot"] = CFrame.new(-6.332993507385254e-08, 0, -1.1175870895385742e-08, 0.9717069864273071, -0.17829841375350952, 0.15490372478961945, 0.21347105503082275, 0.9436350464820862, -0.2529487609863281, -0.10107236355543137, 0.2788594365119934, 0.9549983739852905),
            ["LeftLowerArm"] = CFrame.new(-4.76837158203125e-07, 0, 5.960464477539063e-08, 1, -7.4505820180093e-08, 5.215408194203519e-08, 4.4703494239684005e-08, -0.3124895393848419, -0.9499213099479675, 9.499492392706088e-08, 0.9499212503433228, -0.3124895691871643),
            ["LowerTorso"] = CFrame.new(-0.1921456903219223, -0.16781020164489746, 0.09567895531654358, 0.7409907579421997, -0.038642507046461105, -0.670402467250824, 0.07957687228918076, 0.9963613152503967, 0.03052465431392193, 0.6667835116386414, -0.07596699893474579, 0.7413696050643921),
            ["Head"] = CFrame.new(3.725290298461914e-09, 0, -3.725290298461914e-08, 0.8247369527816772, -0.19045978784561157, 0.5324790477752686, 0.16116462647914886, 0.9816927909851074, 0.10151474177837372, -0.5420653820037842, 0.002094026654958725, 0.8403338193893433),
            ["RightUpperArm"] = CFrame.new(0, 2.384185791015625e-07, 2.9802322387695312e-08, 0.7873951196670532, -0.5214137434959412, -0.3288414478302002, 0.5932564735412598, 0.7858947515487671, 0.17440266907215118, 0.16749882698059082, -0.33241111040115356, 0.928141713142395),
            ["UpperTorso"] = CFrame.new(-2.9802322387695312e-08, 0, 3.725290298461914e-09, 0.9957818388938904, 0.08511659502983093, 0.034260932356119156, -0.09141705185174942, 0.9523051381111145, 0.2911320924758911, -0.00784676056355238, -0.2930361032485962, 0.9560691714286804),
            ["HumanoidRootPart"] = CFrame.new(0, 0, 0, 1, 0, 0, 0, 1, 0, 0, 0, 1),
            ["RightHand"] = CFrame.new(-1.1920928955078125e-07, -1.7881393432617188e-07, -2.682209014892578e-07, 0.9574753046035767, 0.2806813418865204, 0.06677482277154922, -0.27231377363204956, 0.9556376338005066, -0.11225880682468414, -0.09532149881124496, 0.08930143713951111, 0.9914329051971436),
            ["LeftUpperArm"] = CFrame.new(0, 2.384185791015625e-07, -1.1920928955078125e-07, 0.5872617959976196, 0.5686319470405579, -0.5760047435760498, -0.6300455927848816, 0.7678900957107544, 0.11570224165916443, 0.5081004500389099, 0.29496192932128906, 0.8092166781425476),
            ["RightLowerArm"] = CFrame.new(8.344650268554688e-07, 5.364418029785156e-07, 2.086162567138672e-07, 1, -3.725290653733282e-08, 5.960465898624534e-08, 7.28759914636612e-08, 0.5885322093963623, -0.8084737658500671, 5.960464477539063e-08, 0.8084738850593567, 0.5885322690010071),
            ["LeftHand"] = CFrame.new(-3.080349415540695e-07, -5.960464477539063e-08, -1.043081283569336e-07, 0.9803957939147949, -0.18723353743553162, -0.0613824799656868, 0.18750827014446259, 0.9822621941566467, -0.001304386300034821, 0.06053811311721802, -0.010230927728116512, 0.9981135129928589),
            ["RightUpperLeg"] = CFrame.new(-5.960464477539063e-08, -1.5599653124809265e-07, 4.300818545743823e-08, 0.9438314437866211, -0.3087161183357239, -0.11779934167861938, 0.2325979322195053, 0.8739515542984009, -0.42673981189727783, 0.23469236493110657, 0.37537044286727905, 0.8966696858406067),
            ["LeftUpperLeg"] = CFrame.new(0, -8.009374141693115e-08, 4.842877388000488e-08, 0.8067495822906494, 0.4806619882583618, 0.3436848223209381, -0.23061557114124298, 0.7916322946548462, -0.5658046007156372, -0.5440327525138855, 0.37720346450805664, 0.74949711561203),
            ["RightLowerLeg"] = CFrame.new(8.940696716308594e-08, -0.00006026029586791992, -0.00007198581442935392, 1, -1.1175872316471214e-07, -1.1920931797249068e-07, 1.3830141654125327e-07, 0.724007248878479, 0.689791738986969, -4.4703490686970326e-08, -0.6897923350334167, 0.7240078449249268),
            ["RightFoot"] = CFrame.new(-3.725290298461914e-08, 3.5762786865234375e-07, -3.9282895158976316e-08, 0.9800832867622375, 0.16681110858917236, -0.10775379091501236, -0.1789499670267105, 0.9771130084991455, -0.115008644759655, 0.08610282838344574, 0.13200125098228455, 0.9875029921531677),
            ["LeftLowerLeg"] = CFrame.new(-1.4901161193847656e-08, 0.000060498714447021484, 0.00007209181785583496, 1, 7.823110337312755e-08, 2.9802322387695312e-08, -3.725290298461914e-08, 0.676596462726593, 0.7363539934158325, 1.4901161193847656e-08, -0.7363539934158325, 0.6765965819358826),
        }},
        {Time = 0.133, Data = {
            ["LeftFoot"] = CFrame.new(-5.21540641784668e-08, 0, -3.3527612686157227e-08, 0.9731265306472778, -0.1696312576532364, 0.1557248830795288, 0.20230665802955627, 0.9528130888938904, -0.22631710767745972, -0.10998638719320297, 0.25173914432525635, 0.9615249633789062),
            ["LeftLowerArm"] = CFrame.new(-5.364418029785156e-07, 2.384185791015625e-07, 8.940696716308594e-08, 1, -9.685756907629184e-08, 6.68224089395153e-08, 1.359731243155693e-07, -0.426065593957901, -0.9046923518180847, 1.583248803171955e-07, 0.9046923518180847, -0.4260656535625458),
            ["LowerTorso"] = CFrame.new(-0.20383617281913757, -0.17942523956298828, 0.1375451385974884, 0.7702510356903076, -0.03847592696547508, -0.6365792155265808, 0.0842553898692131, 0.9955681562423706, 0.04177383705973625, 0.6321507096290588, -0.0858115404844284, 0.7700792551040649),
            ["Head"] = CFrame.new(3.5390257835388184e-08, 0, -1.2665987014770508e-07, 0.8424533009529114, -0.14096125960350037, 0.5200022459030151, 0.15207712352275848, 0.9881351590156555, 0.021482126787304878, -0.516860842704773, 0.06098296120762825, 0.8538947701454163),
            ["RightUpperArm"] = CFrame.new(0, 0, -1.4901161193847656e-07, 0.7692990899085999, -0.472650408744812, -0.42986083030700684, 0.5909109711647034, 0.7821976542472839, 0.19746188819408417, 0.24290570616722107, -0.4059167504310608, 0.8810383081436157),
            ["UpperTorso"] = CFrame.new(-1.4901161193847656e-08, -8.940696716308594e-08, 2.2351741790771484e-08, 0.9992413520812988, 0.018709439784288406, 0.034157268702983856, -0.030196495354175568, 0.9260803461074829, 0.3761163055896759, -0.024595467373728752, -0.37686243653297424, 0.9259426593780518),
            ["HumanoidRootPart"] = CFrame.new(0, 0, 0, 1, 0, 0, 0, 1, 0, 0, 0, 1),
            ["RightHand"] = CFrame.new(1.7881393432617188e-07, 5.960464477539063e-08, -4.470348358154297e-08, 0.9838767051696777, 0.14917218685150146, 0.0986626073718071, -0.13015027344226837, 0.9755496382713318, -0.17709873616695404, -0.12266836315393448, 0.16140243411064148, 0.9792353510856628),
            ["LeftUpperArm"] = CFrame.new(5.960464477539063e-08, 0, -8.940696716308594e-08, 0.4900776743888855, 0.5967813730239868, -0.6353548765182495, -0.759121835231781, 0.6504520177841187, 0.025417426601052284, 0.4284367263317108, 0.46985548734664917, 0.7718018889427185),
            ["RightLowerArm"] = CFrame.new(-5.960464477539063e-08, -3.5762786865234375e-07, -5.960464477539063e-08, 1, -7.450579175838357e-08, 3.725290653733282e-08, 1.6763808119435453e-08, 0.5229548811912537, -0.8523602485656738, -6.705523247774181e-08, 0.8523603677749634, 0.5229551196098328),
            ["LeftHand"] = CFrame.new(-1.601874828338623e-07, -5.960464477539063e-08, -2.8870999813079834e-07, 0.9795131087303162, -0.18917059898376465, -0.06905508041381836, 0.19008876383304596, 0.9817425012588501, 0.006918689236044884, 0.06648583710193634, -0.01990356296300888, 0.9975888729095459),
            ["RightUpperLeg"] = CFrame.new(-2.9802322387695312e-08, -1.1222437024116516e-07, -3.894820110872388e-08, 0.9742398262023926, -0.22550562024116516, 0.0020164581947028637, 0.19578249752521515, 0.8413236737251282, -0.5038291811943054, 0.11191960424184799, 0.4912451207637787, 0.8638009428977966),
            ["LeftUpperLeg"] = CFrame.new(-5.960464477539063e-08, -2.0675361156463623e-07, 7.450580596923828e-09, 0.8314633369445801, 0.47725582122802734, 0.2844218909740448, -0.22332260012626648, 0.7558588981628418, -0.6154709458351135, -0.5087198615074158, 0.4482235610485077, 0.7350508570671082),
            ["RightLowerLeg"] = CFrame.new(1.4901161193847656e-08, -0.00006020069122314453, -0.00007204541907412931, 1, -1.1548399925231934e-07, -2.2351745343485163e-08, 1.266598843585598e-07, 0.6616639494895935, 0.7498001456260681, -4.4703490686970326e-08, -0.7498005032539368, 0.6616643667221069),
            ["RightFoot"] = CFrame.new(-1.043081283569336e-07, 4.172325134277344e-07, 5.3849362302571535e-08, 0.9801891446113586, 0.1524028480052948, -0.12650133669376373, -0.1690244972705841, 0.9765773415565491, -0.13314400613307953, 0.10324686765670776, 0.15188859403133392, 0.9829903841018677),
            ["LeftLowerLeg"] = CFrame.new(3.725290298461914e-08, 0.00006073713302612305, 0.00007189810276031494, 1, 5.960465898624534e-08, 1.1175873559921001e-08, -4.4703490686970326e-08, 0.6587725877761841, 0.7523422241210938, -3.725290653733282e-08, -0.7523422241210938, 0.6587725281715393),
        }},
        {Time = 0.167, Data = {
            ["LeftFoot"] = CFrame.new(7.450580596923828e-09, -5.960464477539063e-08, -1.1175870895385742e-08, 0.9781596064567566, -0.15974558889865875, 0.13298648595809937, 0.18295873701572418, 0.9653375744819641, -0.18614345788955688, -0.09864109009504318, 0.20640932023525238, 0.9734809994697571),
            ["LeftLowerArm"] = CFrame.new(-1.4901161193847656e-07, 5.960464477539063e-08, 1.7881393432617188e-07, 1, -6.612390990312633e-08, 1.0512306403143157e-07, 3.7020086551819986e-08, -0.47517597675323486, -0.8798907995223999, 1.0244551873483942e-07, 0.8798907995223999, -0.47517600655555725),
            ["LowerTorso"] = CFrame.new(-0.20376400649547577, -0.20628690719604492, 0.1898745745420456, 0.8257309198379517, -0.023269128054380417, -0.5635842084884644, 0.08894577622413635, 0.9920200109481812, 0.08935985714197159, 0.5570074319839478, -0.12391560524702072, 0.8212111592292786),
            ["Head"] = CFrame.new(1.4901161193847656e-08, 0, -8.940696716308594e-08, 0.8355539441108704, -0.08135198056697845, 0.543351948261261, 0.1360182911157608, 0.9888193011283875, -0.06111762300133705, -0.5323049426078796, 0.12497309595346451, 0.8372772932052612),
            ["RightUpperArm"] = CFrame.new(0, -2.384185791015625e-07, -4.284083843231201e-08, 0.7494251728057861, -0.42643260955810547, -0.5064750909805298, 0.5967118144035339, 0.7664706110954285, 0.23760853707790375, 0.286874383687973, -0.4802895188331604, 0.8288699388504028),
            ["UpperTorso"] = CFrame.new(-1.4901161193847656e-08, 0, 0, 0.999512255191803, -0.03122243657708168, 0.0006554388091899455, 0.027957580983638763, 0.9039543867111206, 0.42671409249305725, -0.013915548101067543, -0.4264877140522003, 0.9043864607810974),
            ["HumanoidRootPart"] = CFrame.new(0, 0, 0, 1, 0, 0, 0, 1, 0, 0, 0, 1),
            ["RightHand"] = CFrame.new(1.7881393432617188e-07, 0, 2.9802322387695312e-08, 0.9873312711715698, 0.046283554285764694, 0.15177230536937714, -0.008931795135140419, 0.9712068438529968, -0.2380705028772354, -0.15842090547084808, 0.23369908332824707, 0.9593161940574646),
            ["LeftUpperArm"] = CFrame.new(5.960464477539063e-08, -3.5762786865234375e-07, -5.960464477539063e-08, 0.41076794266700745, 0.6095613241195679, -0.6780152916908264, -0.8505408763885498, 0.5240525007247925, -0.044147562235593796, 0.3284052312374115, 0.5948143601417542, 0.7337207794189453),
            ["RightLowerArm"] = CFrame.new(5.960464477539063e-08, -1.1920928955078125e-07, 1.043081283569336e-07, 1, -5.21540641784668e-08, -3.2596294552433847e-09, 9.313227167240257e-08, 0.536259114742279, -0.8440534472465515, 3.725290653733282e-08, 0.8440535068511963, 0.5362592339515686),
            ["LeftHand"] = CFrame.new(2.7334317564964294e-07, 0, 1.601874828338623e-07, 0.9787163734436035, -0.19121751189231873, -0.07449974864721298, 0.19315986335277557, 0.9809687733650208, 0.01973859593272209, 0.06930772960186005, -0.03370887413620949, 0.9970256686210632),
            ["RightUpperLeg"] = CFrame.new(-2.9802322387695312e-08, 3.259629011154175e-09, -2.4047039914876223e-08, 0.9934309124946594, -0.0943334773182869, 0.06477854400873184, 0.11295635998249054, 0.717697024345398, -0.6871330142021179, 0.018328256905078888, 0.6899363398551941, 0.7236379981040955),
            ["LeftUpperLeg"] = CFrame.new(0, -2.8405338525772095e-07, 2.2351741790771484e-08, 0.8655633330345154, 0.4617191553115845, 0.19394753873348236, -0.2010451704263687, 0.675061821937561, -0.7098395824432373, -0.45867323875427246, 0.5754190683364868, 0.677135169506073),
            ["RightLowerLeg"] = CFrame.new(2.2351741790771484e-08, -0.000060439109802246094, -0.00007201561675174162, 1, -1.378357268322361e-07, -6.705523958316917e-08, 1.341104507446289e-07, 0.5132197141647339, 0.858256995677948, -1.862645149230957e-07, -0.8582572937011719, 0.5132203102111816),
            ["RightFoot"] = CFrame.new(3.725290298461914e-08, 3.5762786865234375e-07, 1.6596459317952394e-08, 0.9875545501708984, 0.09660296142101288, -0.12411265075206757, -0.11638551950454712, 0.979642927646637, -0.163566455245018, 0.10578511655330658, 0.17597635090351105, 0.9786940813064575),
            ["LeftLowerLeg"] = CFrame.new(-1.4901161193847656e-08, 0.00006079673767089844, 0.00007212162017822266, 1, 4.0978189730367376e-08, 4.4703494239684005e-08, -8.940698137394065e-08, 0.629902720451355, 0.7766739130020142, 0, -0.7766740322113037, 0.6299028992652893),
        }},
        {Time = 0.200, Data = {
            ["LeftFoot"] = CFrame.new(3.166496753692627e-08, 5.960464477539063e-08, -3.3527612686157227e-08, 0.9879005551338196, -0.1402287483215332, 0.06624583899974823, 0.14869776368141174, 0.9777911305427551, -0.14769437909126282, -0.04406352341175079, 0.15575775504112244, 0.9868119359016418),
            ["LeftLowerArm"] = CFrame.new(-1.4901161193847656e-07, -2.384185791015625e-07, -2.9802322387695312e-08, 1, -7.823108916227284e-08, 2.7008351111135198e-08, 5.122273094571028e-08, -0.5374955534934998, -0.8432665467262268, 1.1175868053214799e-07, 0.8432665467262268, -0.5374955534934998),
            ["LowerTorso"] = CFrame.new(-0.19785138964653015, -0.2622354030609131, 0.2465197741985321, 0.8843021392822266, -0.00603004265576601, -0.46687620878219604, 0.09013177454471588, 0.9833143353462219, 0.15801680088043213, 0.45813316106796265, -0.18181495368480682, 0.8700904846191406),
            ["Head"] = CFrame.new(-1.1175870895385742e-07, 3.5762786865234375e-07, -4.0978193283081055e-08, 0.7903013229370117, -0.048336323350667953, 0.6108089089393616, 0.14672160148620605, 0.9828095436096191, -0.112062968313694, -0.594892144203186, 0.17818251252174377, 0.7838076949119568),
            ["RightUpperArm"] = CFrame.new(0, 2.384185791015625e-07, -1.1175870895385742e-07, 0.7483315467834473, -0.3691050708293915, -0.5511455535888672, 0.5970211625099182, 0.7368833422660828, 0.3171255886554718, 0.2890773415565491, -0.5663607120513916, 0.7717965841293335),
            ["UpperTorso"] = CFrame.new(0, -8.940696716308594e-08, 6.705522537231445e-08, 0.9982935786247253, -0.05471320450305939, -0.02040891721844673, 0.058045655488967896, 0.8915222883224487, 0.44924238324165344, -0.006384494714438915, -0.44966042041778564, 0.893176794052124),
            ["HumanoidRootPart"] = CFrame.new(0, 0, 0, 1, 0, 0, 0, 1, 0, 0, 0, 1),
            ["RightHand"] = CFrame.new(2.9802322387695312e-08, 1.7881393432617188e-07, -1.1920928955078125e-07, 0.97198086977005, 0.11650840938091278, 0.2041546106338501, -0.051232557743787766, 0.9526427984237671, -0.2997443377971649, -0.229409322142601, 0.28088682889938354, 0.9319196343421936),
            ["LeftUpperArm"] = CFrame.new(-2.384185791015625e-07, 3.5762786865234375e-07, -8.940696716308594e-08, 0.3144015669822693, 0.6448904275894165, -0.6966119408607483, -0.9135145545005798, 0.4050939679145813, -0.03727893531322479, 0.2581527829170227, 0.6480857133865356, 0.7164789438247681),
            ["RightLowerArm"] = CFrame.new(1.1920928955078125e-07, -1.7881393432617188e-07, -3.725290298461914e-07, 1, -1.2665984172599565e-07, 0, 8.381900329368364e-08, 0.6246403455734253, -0.7809127569198608, 7.636842269675981e-08, 0.7809126973152161, 0.6246402263641357),
            ["LeftHand"] = CFrame.new(-7.264316082000732e-08, 1.1920928955078125e-07, -3.203749656677246e-07, 0.9767154455184937, -0.19620883464813232, -0.08676993101835251, 0.19859975576400757, 0.9798817038536072, 0.019750913605093956, 0.08114945143461227, -0.0365234911441803, 0.9960326552391052),
            ["RightUpperLeg"] = CFrame.new(0, -2.948800101876259e-07, 3.55576048605144e-08, 0.9963449835777283, 0.03362677991390228, 0.07852447032928467, 0.0503477118909359, 0.5114393830299377, -0.8578433394432068, -0.06900697946548462, 0.8586611151695251, 0.5078767538070679),
            ["LeftUpperLeg"] = CFrame.new(-5.960464477539063e-08, -4.98257577419281e-08, 6.798654794692993e-08, 0.8896685838699341, 0.4418995678424835, 0.1149544045329094, -0.1584775447845459, 0.5349451899528503, -0.8298907279968262, -0.42822277545928955, 0.7201099991798401, 0.5459550619125366),
            ["RightLowerLeg"] = CFrame.new(6.332993507385254e-08, -0.000060439109802246094, -0.00007201934204204008, 1, -1.331791139591587e-07, -1.4156105976326216e-07, 8.940695295223122e-08, 0.4221644997596741, 0.9065191149711609, -4.470347647611561e-08, -0.9065192937850952, 0.42216500639915466),
            ["RightFoot"] = CFrame.new(2.60770320892334e-08, 4.76837158203125e-07, -2.029992174357176e-09, 0.9915605783462524, 0.051739905029535294, -0.11887285113334656, -0.06198202818632126, 0.9945241212844849, -0.08414339274168015, 0.11386828124523163, 0.09080138802528381, 0.9893377423286438),
            ["LeftLowerLeg"] = CFrame.new(-5.21540641784668e-08, 0.000060677528381347656, 0.0000720396637916565, 1, 7.171183113996449e-08, 1.4901164746561335e-08, -8.195636524988004e-08, 0.5715916752815247, 0.8205382227897644, 0, -0.8205381631851196, 0.5715917348861694),
        }},
        {Time = 0.233, Data = {
            ["LeftFoot"] = CFrame.new(-3.166496753692627e-08, 5.960464477539063e-08, -3.725290298461914e-08, 0.9936948418617249, -0.11063110828399658, -0.01820252276957035, 0.10729975253343582, 0.9854548573493958, -0.13177865743637085, 0.03251653164625168, 0.12899500131607056, 0.9911120533943176),
            ["LeftLowerArm"] = CFrame.new(4.172325134277344e-07, 5.960464477539063e-08, 0, 1, -6.705524668859653e-08, 1.6158446669578552e-07, 8.940698137394065e-08, -0.6188086867332458, -0.7855420708656311, 1.1175872316471214e-07, 0.785541832447052, -0.618808388710022),
            ["LowerTorso"] = CFrame.new(-0.18878142535686493, -0.3718695640563965, 0.2922242283821106, 0.9339104294776917, 0.006480135954916477, -0.35744839906692505, 0.08203434199094772, 0.9692734479904175, 0.2319040149450302, 0.3479680120944977, -0.24590060114860535, 0.904682993888855),
            ["Head"] = CFrame.new(-2.2351741790771484e-08, 2.384185791015625e-07, 1.210719347000122e-07, 0.7469952702522278, -0.02833010070025921, 0.6642255783081055, 0.19094039499759674, 0.9661419987678528, -0.17352670431137085, -0.6368200778961182, 0.256451278924942, 0.7271126508712769),
            ["RightUpperArm"] = CFrame.new(0, 2.384185791015625e-07, -1.4901161193847656e-07, 0.7853186130523682, -0.2897361218929291, -0.5471084713935852, 0.550236165523529, 0.7316967248916626, 0.40231844782829285, 0.2837512791156769, -0.6169870495796204, 0.7340383529663086),
            ["UpperTorso"] = CFrame.new(7.450580596923828e-09, -8.940696716308594e-08, 7.450580596923828e-09, 0.9949575662612915, -0.1002541035413742, -0.0029537896625697613, 0.08903401345014572, 0.8692792654037476, 0.48623716831207275, -0.04617966711521149, -0.48404833674430847, 0.8738218545913696),
            ["HumanoidRootPart"] = CFrame.new(0, 0, 0, 1, 0, 0, 0, 1, 0, 0, 0, 1),
            ["RightHand"] = CFrame.new(-1.6577541828155518e-07, 5.960464477539063e-08, -5.960464477539063e-08, 0.9336336851119995, 0.2507610023021698, 0.255826473236084, -0.15056325495243073, 0.9226857423782349, -0.35493913292884827, -0.32505226135253906, 0.29286518692970276, 0.8992058038711548),
            ["LeftUpperArm"] = CFrame.new(0, 1.1920928955078125e-07, -5.960464477539063e-08, 0.2878580093383789, 0.7648835778236389, -0.576273500919342, -0.9357092976570129, 0.35277092456817627, 0.0008286159136332572, 0.20392641425132751, 0.5389859080314636, 0.8172564506530762),
            ["RightLowerArm"] = CFrame.new(2.384185791015625e-07, 0, 2.60770320892334e-08, 1, -5.215407838932151e-08, 3.539026138810186e-08, 5.587935447692871e-08, 0.7231392860412598, -0.6907022595405579, -3.888271749019623e-08, 0.6907023191452026, 0.723139226436615),
            ["LeftHand"] = CFrame.new(-1.1920928955078125e-07, 0, 1.862645149230957e-07, 0.9740052223205566, -0.2024635374546051, -0.10159973800182343, 0.2081609070301056, 0.9768710732460022, 0.04890834167599678, 0.08934769034385681, -0.06878609955310822, 0.9936224818229675),
            ["RightUpperLeg"] = CFrame.new(0, -1.8347054719924927e-07, -9.110226528719068e-08, 0.982458233833313, 0.09071454405784607, 0.16293129324913025, 0.12937811017036438, 0.2976619005203247, -0.9458639621734619, -0.13430209457874298, 0.9503517150878906, 0.28070393204689026),
            ["LeftUpperLeg"] = CFrame.new(0, 2.8870999813079834e-08, -5.960464477539063e-08, 0.9113929271697998, 0.409126341342926, 0.04448225721716881, -0.09801185131072998, 0.3207637071609497, -0.9420744776725769, -0.3996957242488861, 0.8542401790618896, 0.3324408531188965),
            ["RightLowerLeg"] = CFrame.new(7.450580596923828e-09, -0.00006008148193359375, -0.00007198208913905546, 1, -9.685753354915505e-08, -1.378358263082191e-07, 1.1175872316471214e-07, 0.35921329259872437, 0.9332553148269653, -8.940698137394065e-08, -0.9332555532455444, 0.3592139482498169),
            ["RightFoot"] = CFrame.new(6.693881005048752e-08, 4.172325134277344e-07, 3.336026566103101e-08, 0.9954327940940857, 0.09463915973901749, -0.012534616515040398, -0.0946008712053299, 0.9955087900161743, 0.0036105592735111713, 0.012820049189031124, -0.0024076621048152447, 0.9999149441719055),
            ["LeftLowerLeg"] = CFrame.new(-1.51805579662323e-07, 0.00006079673767089844, 0.00007205456495285034, 1, 9.522771904357796e-08, 5.681067705154419e-08, -7.264316082000732e-08, 0.4413776397705078, 0.8973214030265808, 7.916241884231567e-08, -0.8973214030265808, 0.44137778878211975),
        }},
        {Time = 0.267, Data = {
            ["LeftFoot"] = CFrame.new(6.658956408500671e-08, 5.960464477539063e-08, -2.421438694000244e-08, 0.9982525706291199, -0.056073904037475586, -0.018642757087945938, 0.05295168235898018, 0.9888777136802673, -0.13898581266403198, 0.026228921487927437, 0.13775603473186493, 0.9901189208030701),
            ["LeftLowerArm"] = CFrame.new(-1.7881393432617188e-07, 5.960464477539063e-08, 1.7881393432617188e-07, 1, -7.823110337312755e-08, 1.899897767998482e-07, 1.3085082173347473e-07, -0.6763086915016174, -0.7366183996200562, 2.2351741790771484e-07, 0.7366182804107666, -0.6763086318969727),
            ["LowerTorso"] = CFrame.new(-0.17921662330627441, -0.5154337882995605, 0.3222619593143463, 0.9785730838775635, -0.0016833341214805841, -0.20589302480220795, 0.06351975351572037, 0.953661322593689, 0.2941010892391205, 0.19585710763931274, -0.30087772011756897, 0.9333341717720032),
            ["Head"] = CFrame.new(1.4901161193847656e-08, 0, 3.725290298461914e-09, 0.7055872678756714, -0.03059927374124527, 0.7079622745513916, 0.2705342471599579, 0.9350253343582153, -0.22921353578567505, -0.6549487709999084, 0.3532583713531494, 0.6680199503898621),
            ["RightUpperArm"] = CFrame.new(-5.960464477539063e-08, 0, -7.450580596923828e-08, 0.7872073650360107, -0.3223274350166321, -0.5257468223571777, 0.5563517212867737, 0.7389802932739258, 0.3799747824668884, 0.26604020595550537, -0.591619074344635, 0.7610580921173096),
            ["UpperTorso"] = CFrame.new(-7.450580596923828e-09, -8.940696716308594e-08, 7.078051567077637e-08, 0.9910216927528381, -0.13345398008823395, 0.008138585835695267, 0.10682136565446854, 0.8269175887107849, 0.5520839095115662, -0.0804077535867691, -0.5462576150894165, 0.8337488174438477),
            ["HumanoidRootPart"] = CFrame.new(0, 0, 0, 1, 0, 0, 0, 1, 0, 0, 0, 1),
            ["RightHand"] = CFrame.new(-2.9802322387695312e-08, -1.1920928955078125e-07, -2.5331974029541016e-07, 0.9052148461341858, 0.32379379868507385, 0.27521538734436035, -0.2045559585094452, 0.8996752500534058, -0.3856702744960785, -0.372482031583786, 0.2928176820278168, 0.8806332945823669),
            ["LeftUpperArm"] = CFrame.new(0, 1.1920928955078125e-07, -5.960464477539063e-08, 0.3876429796218872, 0.8192881345748901, -0.422493040561676, -0.9138856530189514, 0.4015348255634308, -0.05985528603196144, 0.12060706317424774, 0.4093126356601715, 0.9043876528739929),
            ["RightLowerArm"] = CFrame.new(4.172325134277344e-07, 1.1920928955078125e-07, 5.401670932769775e-07, 1, -4.4703494239684005e-08, 2.980232594040899e-08, 4.0978196835794733e-08, 0.796941876411438, -0.6040560007095337, -6.705523247774181e-08, 0.6040560007095337, 0.7969419360160828),
            ["LeftHand"] = CFrame.new(5.960464477539063e-08, 0, 2.9802322387695312e-08, 0.9711645841598511, -0.20829299092292786, -0.11598911136388779, 0.2175903469324112, 0.973219096660614, 0.07415606081485748, 0.09743682295084, -0.09725571423768997, 0.9904783964157104),
            ["RightUpperLeg"] = CFrame.new(-5.960464477539063e-08, -1.2834789231419563e-07, 6.535992724820971e-08, 0.9588344693183899, 0.05667148530483246, 0.27825331687927246, 0.2686416804790497, 0.13651446998119354, -0.953517496585846, -0.09202292561531067, 0.9890158176422119, 0.11567028611898422),
            ["LeftUpperLeg"] = CFrame.new(2.9802322387695312e-08, -1.4703255146741867e-07, 5.960464477539063e-08, 0.9471593499183655, 0.31970030069351196, 0.026095928624272346, -0.00004919304046779871, 0.08150048553943634, -0.9966732859611511, -0.32076361775398254, 0.944007158279419, 0.07720967382192612),
            ["RightLowerLeg"] = CFrame.new(6.984919309616089e-09, -0.0000603795051574707, -0.00007200071559054777, 1, -1.6810371050723916e-07, -9.872020712009544e-08, 1.5273690223693848e-07, 0.2504424452781677, 0.968131422996521, -7.543712854385376e-08, -0.9681315422058105, 0.2504429817199707),
            ["RightFoot"] = CFrame.new(1.862645149230957e-09, 4.172325134277344e-07, 1.6596459317952394e-08, 0.9740850925445557, 0.1840295046567917, 0.13149723410606384, -0.18320465087890625, 0.9829017519950867, -0.018448274582624435, -0.13264387845993042, -0.006120346486568451, 0.9911449551582336),
