return {
    ["Hustle and Bop"] = {
        {Time = 0.000, Data = {
            ["LeftFoot"] = CFrame.new(7.82310962677002e-08, -1.1920928955078125e-07, -6.891787052154541e-08, 0.972027599811554, -0.2348201870918274, -0.004677951335906982, 0.23260830342769623, 0.9652451872825623, -0.1191437691450119, 0.03249320387840271, 0.114722840487957, 0.9928659796714783),
            ["LeftLowerArm"] = CFrame.new(-5.364418029785156e-07, -0.0000022649765014648438, 0.0000024139881134033203, 1, -5.21540464148984e-08, 1.1548394240890048e-07, 6.705522537231445e-08, -0.2218618094921112, -0.9750781059265137, 1.4901161193847656e-07, 0.9750781655311584, -0.2218618094921112),
            ["LowerTorso"] = CFrame.new(-0.12188855558633804, -0.08176469802856445, 0.16897806525230408, 0.8981010913848877, -0.03268350660800934, -0.4385729134082794, 0.04778330773115158, 0.9985828995704651, 0.02343294396996498, 0.43718552589416504, -0.042001623660326004, 0.8983900547027588),
            ["Head"] = CFrame.new(-2.0489096641540527e-07, 5.960464477539062e-07, -3.91155481338501e-07, 0.9107736945152283, -0.04656689241528511, 0.41027218103408813, 0.013552363961935043, 0.9964562058448792, 0.08301497250795364, -0.41268375515937805, -0.07004772126674652, 0.9081769585609436),
            ["RightUpperArm"] = CFrame.new(-3.5762786865234375e-07, 0.0000016689300537109375, -8.791685104370117e-07, 0.5962220430374146, -0.34347328543663025, 0.7256344556808472, 0.23143593966960907, 0.9390208721160889, 0.2543172836303711, -0.7687370181083679, 0.01630830205976963, 0.6393570303916931),
            ["UpperTorso"] = CFrame.new(1.862645149230957e-08, 0.0000027418136596679688, -9.313225746154785e-08, 0.992091178894043, 0.059265926480293274, -0.11064688861370087, -0.057410892099142075, 0.9981527924537659, 0.019879592582583427, 0.11162076145410538, -0.01337004080414772, 0.9936609864234924),
            ["HumanoidRootPart"] = CFrame.new(0, 0, 0, 1, 0, 0, 0, 1, 0, 0, 0, 1),
            ["RightHand"] = CFrame.new(-1.8812716007232666e-07, 6.556510925292969e-07, -5.42961061000824e-07, 0.9061015844345093, 0.1545953005552292, -0.3938021659851074, -0.13924261927604675, 0.9879578948020935, 0.06745953857898712, 0.3994888961315155, -0.0062911631539464, 0.916716456413269),
            ["LeftUpperArm"] = CFrame.new(0, -7.152557373046875e-07, 1.4901161193847656e-07, 0.8904117941856384, 0.3003838360309601, -0.34195995330810547, -0.16764025390148163, 0.9149210453033447, 0.36717352271080017, 0.42315927147865295, -0.269609272480011, 0.8650127053260803),
            ["RightLowerArm"] = CFrame.new(0.0000023245811462402344, -4.172325134277344e-07, 0.0000011920928955078125, 1, -8.19561876141961e-08, 7.264315371457997e-08, 1.2666001225625223e-07, -0.11171293258666992, -0.9937405586242676, 8.19564718312904e-08, 0.9937404990196228, -0.11171296238899231),
            ["LeftHand"] = CFrame.new(8.344650268554688e-07, 0, -4.1350722312927246e-07, 0.964821994304657, -0.1786431521177292, 0.19288642704486847, 0.19682924449443817, 0.9772098064422607, -0.07949431985616684, -0.17428931593894958, 0.11466354876756668, 0.977995753288269),
            ["RightUpperLeg"] = CFrame.new(8.940696716308594e-07, -0.0000020684674382209778, 1.2868986232206225e-07, 0.944503903388977, -0.13215695321559906, -0.30074411630630493, 0.08340373635292053, 0.9819806814193726, -0.16958127915859222, 0.3177359402179718, 0.13508698344230652, 0.9385068416595459),
            ["LeftUpperLeg"] = CFrame.new(0, -1.3364478945732117e-07, -5.587935447692871e-08, 0.9586858749389648, 0.2694966793060303, -0.09106577932834625, -0.28413262963294983, 0.8916545510292053, -0.3524491488933563, -0.013784999027848244, 0.3637632727622986, 0.9313896894454956),
            ["RightLowerLeg"] = CFrame.new(-5.960464477539063e-08, -0.0001220703125, -0.00007735023245913908, 1, -3.725289943190546e-08, -4.0978196835794733e-08, 6.426126475389538e-08, 0.9112666249275208, 0.41181644797325134, -4.0978196835794733e-08, -0.4118167757987976, 0.9112669229507446),
            ["RightFoot"] = CFrame.new(2.9802322387695312e-08, 2.980232238769531e-07, -4.300818545743823e-08, 0.974367082118988, 0.1142909899353981, -0.19376860558986664, -0.15477748215198517, 0.9656479954719543, -0.208729088306427, 0.16325657069683075, 0.2333701103925705, 0.9585854411125183),
            ["LeftLowerLeg"] = CFrame.new(2.086162567138672e-07, 0.00012218952178955078, 0.00007766485214233398, 1, 4.190949809412814e-09, 5.4016702222270396e-08, -8.568167686462402e-08, 0.891075074672699, 0.45385587215423584, -5.21540641784668e-08, -0.45385608077049255, 0.8910751342773438),
        }},
        {Time = 0.033, Data = {
            ["LeftFoot"] = CFrame.new(2.60770320892334e-08, 0, -1.4901161193847656e-08, 0.9735122919082642, -0.22861801087856293, 0.0028008653316646814, 0.22673258185386658, 0.9637621641159058, -0.14055274426937103, 0.029433706775307655, 0.13746415078639984, 0.9900692105293274),
            ["LeftLowerArm"] = CFrame.new(-3.2782554626464844e-07, -0.0000019073486328125, 0.0000027120113372802734, 1, -1.0058280253133489e-07, 8.009369167893965e-08, 9.685754776000977e-08, -0.1502799391746521, -0.9886434674263, 1.0058283805847168e-07, 0.9886434674263, -0.1502799242734909),
            ["LowerTorso"] = CFrame.new(-0.12974610924720764, -0.0820162296295166, 0.15581122040748596, 0.8899722099304199, -0.043362025171518326, -0.4539484679698944, 0.048321161419153214, 0.9988316893577576, -0.0006759964162483811, 0.4534473717212677, -0.02133369818329811, 0.8910277485847473),
            ["Head"] = CFrame.new(-2.123415470123291e-07, 0, -3.948807716369629e-07, 0.8999555706977844, -0.043429020792245865, 0.4338136911392212, 0.0035262953024357557, 0.9957189559936523, 0.09236587584018707, -0.4359675347805023, -0.08159542828798294, 0.8962556719779968),
            ["RightUpperArm"] = CFrame.new(-4.76837158203125e-07, 0.000001430511474609375, -8.344650268554688e-07, 0.5839356780052185, -0.33340856432914734, 0.7401741743087769, 0.22676484286785126, 0.9424663186073303, 0.24563172459602356, -0.7794849872589111, 0.024412376806139946, 0.6259450316429138),
            ["UpperTorso"] = CFrame.new(0, 0.0000026226043701171875, -1.30385160446167e-07, 0.9934444427490234, 0.057180944830179214, -0.09898761659860611, -0.05315930023789406, 0.997668445110321, 0.04280143976211548, 0.10120441019535065, -0.037258733063936234, 0.9941678047180176),
            ["HumanoidRootPart"] = CFrame.new(0, 0, 0, 1, 0, 0, 0, 1, 0, 0, 0, 1),
            ["RightHand"] = CFrame.new(-0.0000011846423149108887, 3.5762786865234375e-07, -1.862645149230957e-07, 0.925411581993103, 0.1564883142709732, -0.345144659280777, -0.15293079614639282, 0.9875177145004272, 0.037697382271289825, 0.34673556685447693, 0.01789763569831848, 0.937792181968689),
            ["LeftUpperArm"] = CFrame.new(1.1920928955078125e-07, -0.0000010728836059570312, 8.940696716308594e-08, 0.8765593767166138, 0.29391399025917053, -0.3811275064945221, -0.16974279284477234, 0.929785430431366, 0.32662907242774963, 0.45036762952804565, -0.22161611914634705, 0.8649018406867981),
            ["RightLowerArm"] = CFrame.new(0.000002205371856689453, -0.0000011920928955078125, 9.238719940185547e-07, 1, -1.2665954329804663e-07, 7.078048724906694e-08, 8.940703821735951e-08, -0.09329838305711746, -0.9956382513046265, 1.3411056443146663e-07, 0.9956382513046265, -0.09329838305711746),
            ["LeftHand"] = CFrame.new(6.258487701416016e-07, -5.960464477539063e-08, 9.685754776000977e-08, 0.9809715747833252, -0.18855862319469452, 0.04626532644033432, 0.1904967576265335, 0.9807973504066467, -0.04180585592985153, -0.03749402239918709, 0.049823734909296036, 0.9980540871620178),
            ["RightUpperLeg"] = CFrame.new(7.152557373046875e-07, -0.000001541338860988617, 1.1530210031196475e-07, 0.9559153914451599, -0.13132160902023315, -0.2626412510871887, 0.0956469252705574, 0.9848957657814026, -0.14433318376541138, 0.2776281535625458, 0.1128493919968605, 0.9540375471115112),
            ["LeftUpperLeg"] = CFrame.new(-1.7881393432617188e-07, -3.294553607702255e-08, -3.888271749019623e-08, 0.9602314829826355, 0.26761355996131897, -0.07961545139551163, -0.27867987751960754, 0.9011447429656982, -0.33207768201828003, -0.017123769968748093, 0.3410589396953583, 0.9398860931396484),
            ["RightLowerLeg"] = CFrame.new(-1.4901161193847656e-08, -0.0001220703125, -0.00007739493594272062, 1, -1.117587622445626e-08, -2.2351734685344127e-08, 9.220093488693237e-08, 0.9145808219909668, 0.4044027030467987, -1.6763806343078613e-08, -0.40440329909324646, 0.9145811200141907),
            ["RightFoot"] = CFrame.new(1.4901161193847656e-08, 2.980232238769531e-07, 6.875052349641919e-08, 0.969283938407898, 0.12037918716669083, -0.21447058022022247, -0.1643001288175583, 0.9658320546150208, -0.2004348486661911, 0.18301421403884888, 0.22951579093933105, 0.9559437036514282),
            ["LeftLowerLeg"] = CFrame.new(1.9371509552001953e-07, 0.00012201070785522461, 0.00007763504981994629, 1, 4.2840827774170975e-08, -2.6077035641947077e-08, -6.70552182668871e-08, 0.8795261979103088, 0.47585076093673706, 5.215405707303944e-08, -0.47585052251815796, 0.8795260787010193),
        }},
        {Time = 0.067, Data = {
            ["LeftFoot"] = CFrame.new(4.470348358154297e-08, 0, -7.450580596923828e-09, 0.9761454463005066, -0.21634691953659058, 0.018284333869814873, 0.21621258556842804, 0.9609397053718567, -0.17276376485824585, 0.019807051867246628, 0.17259497940540314, 0.9847935438156128),
            ["LeftLowerArm"] = CFrame.new(-2.980232238769531e-07, -0.0000029206275939941406, 0.0000020563602447509766, 1, -6.33298924412884e-08, 7.916234068261474e-08, 9.126959099603482e-08, 0.023832665756344795, -0.9997159838676453, 1.4528629321830522e-07, 0.99971604347229, 0.02383262664079666),
            ["LowerTorso"] = CFrame.new(-0.14864970743656158, -0.08251953125, 0.13886386156082153, 0.868023693561554, -0.07001738250255585, -0.4915613532066345, 0.045963551849126816, 0.9970875978469849, -0.060859158635139465, 0.4943908452987671, 0.030233288183808327, 0.8687137961387634),
            ["Head"] = CFrame.new(-2.367887645959854e-07, 2.384185791015625e-07, -3.427267074584961e-07, 0.8733993768692017, -0.03704572096467018, 0.48559412360191345, -0.021828360855579376, 0.9931226372718811, 0.11502573639154434, -0.4865153729915619, -0.11106313019990921, 0.8665838837623596),
            ["RightUpperArm"] = CFrame.new(-2.980232238769531e-07, 0.0000010728836059570312, -8.195638656616211e-07, 0.5552120208740234, -0.3100243806838989, 0.7717671990394592, 0.21742397546768188, 0.9497639536857605, 0.2251114845275879, -0.802786648273468, 0.042816098779439926, 0.5947271585464478),
            ["UpperTorso"] = CFrame.new(-5.587935447692871e-09, 0.0000028908252716064453, -1.1920928955078125e-07, 0.9964662790298462, 0.04889315366744995, -0.06829714775085449, -0.041888538748025894, 0.9940575957298279, 0.10047391057014465, 0.07280413806438446, -0.09725794941186905, 0.9925928711891174),
            ["HumanoidRootPart"] = CFrame.new(0, 0, 0, 1, 0, 0, 0, 1, 0, 0, 0, 1),
            ["RightHand"] = CFrame.new(-6.854534149169922e-07, 4.76837158203125e-07, -5.830079317092896e-07, 0.9575709700584412, 0.16568483412265778, -0.2358102649450302, -0.17769823968410492, 0.9836127758026123, -0.03048628941178322, 0.22689484059810638, 0.07109583914279938, 0.9713208675384521),
            ["LeftUpperArm"] = CFrame.new(1.7881393432617188e-07, -7.152557373046875e-07, 8.940696716308594e-08, 0.8424477577209473, 0.27029895782470703, -0.4660690426826477, -0.17383605241775513, 0.9551507234573364, 0.23972511291503906, 0.5099636316299438, -0.12093629688024521, 0.851652204990387),
            ["RightLowerArm"] = CFrame.new(0.0000024437904357910156, -2.384185791015625e-07, 0.0000013709068298339844, 1, -1.0803314864915592e-07, 7.078048014363958e-08, 5.587941487306125e-08, -0.04639248922467232, -0.9989233613014221, 1.1548412004458442e-07, 0.9989233016967773, -0.0463925302028656),
            ["LeftHand"] = CFrame.new(4.172325134277344e-07, -2.980232238769531e-07, -1.0244548320770264e-08, 0.9392624497413635, -0.19786906242370605, -0.2804173231124878, 0.21472148597240448, 0.9762027263641357, 0.03038162738084793, 0.26773253083229065, -0.08874788135290146, 0.9593972563743591),
            ["RightUpperLeg"] = CFrame.new(7.152557373046875e-07, -0.0000017471611499786377, 4.300818545743823e-08, 0.9774816036224365, -0.13095822930335999, -0.16546833515167236, 0.1162361353635788, 0.9885941743850708, -0.09576498717069626, 0.1761220246553421, 0.07437504082918167, 0.9815545678138733),
            ["LeftUpperLeg"] = CFrame.new(0, 4.5960769057273865e-07, -4.470348358154297e-08, 0.9633005261421204, 0.264678418636322, -0.0446922592818737, -0.26661306619644165, 0.9241279363632202, -0.2736877501010895, -0.03113829344511032, 0.2755594253540039, 0.9607797265052795),
            ["RightLowerLeg"] = CFrame.new(-4.470348358154297e-08, -0.00012224912643432617, -0.00007742473826510832, 1, -4.097820749393577e-08, -1.043080928297968e-07, 7.264316792543468e-08, 0.9145016670227051, 0.40458157658576965, -8.195639367158947e-08, -0.40458229184150696, 0.9145020246505737),
            ["RightFoot"] = CFrame.new(6.705522537231445e-08, 3.5762786865234375e-07, -7.653579814359546e-08, 0.9557206630706787, 0.1302114874124527, -0.26389971375465393, -0.182133749127388, 0.9661111831665039, -0.1829109787940979, 0.23113913834095, 0.22287707030773163, 0.9470483660697937),
            ["LeftLowerLeg"] = CFrame.new(3.2782554626464844e-07, 0.00012189149856567383, 0.00007751584053039551, 1, 3.725289943190546e-08, 1.1175870895385742e-08, -8.009374852235851e-08, 0.863875150680542, 0.5037060379981995, -1.4901162970204496e-08, -0.5037059783935547, 0.8638750910758972),
        }},
        {Time = 0.100, Data = {
            ["LeftFoot"] = CFrame.new(1.4901161193847656e-07, 0, 3.725290298461914e-09, 0.9789125323295593, -0.20139113068580627, 0.03423551842570305, 0.20413415133953094, 0.9580466151237488, -0.2011859118938446, 0.007718035951256752, 0.20393237471580505, 0.9789546728134155),
            ["LeftLowerArm"] = CFrame.new(-5.662441253662109e-07, -0.0000019073486328125, 0.000002205371856689453, 1, -5.960460214282648e-08, 6.798647689265636e-08, 7.450577754752885e-08, 0.2325279712677002, -0.9725896716117859, 7.636842269675981e-08, 0.9725897312164307, 0.2325279414653778),
            ["LowerTorso"] = CFrame.new(-0.1715390384197235, -0.08365130424499512, 0.12035207450389862, 0.8362640738487244, -0.10461724549531937, -0.5382542610168457, 0.03487705439329147, 0.9897911548614502, -0.13819266855716705, 0.5472165942192078, 0.09679283946752548, 0.8313754200935364),
            ["Head"] = CFrame.new(-2.4959444999694824e-07, 4.76837158203125e-07, -3.7997961044311523e-07, 0.8432656526565552, -0.027266887947916985, 0.5368053317070007, -0.05340392887592316, 0.9895204901695251, 0.13415449857711792, -0.5348374247550964, -0.14179536700248718, 0.8329722881317139),
            ["RightUpperArm"] = CFrame.new(-4.172325134277344e-07, 0.0000020265579223632812, -8.493661880493164e-07, 0.5179545283317566, -0.2853465676307678, 0.8064121603965759, 0.2066536843776703, 0.9565390944480896, 0.20573589205741882, -0.8300706744194031, 0.06008615344762802, 0.5544116497039795),
            ["UpperTorso"] = CFrame.new(-4.6566128730773926e-08, 0.0000026226043701171875, -6.705522537231445e-08, 0.9991077184677124, 0.031953632831573486, -0.027617530897259712, -0.026618177071213722, 0.9840935468673706, 0.17564572393894196, 0.032791074365377426, -0.17475377023220062, 0.9840660095214844),
            ["HumanoidRootPart"] = CFrame.new(0, 0, 0, 1, 0, 0, 0, 1, 0, 0, 0, 1),
            ["RightHand"] = CFrame.new(-6.221234798431396e-07, 4.172325134277344e-07, -9.033828973770142e-08, 0.9740582704544067, 0.188514843583107, -0.1251908540725708, -0.20152679085731506, 0.9742699265480042, -0.10092153400182724, 0.10294448584318161, 0.1235327422618866, 0.9869864583015442),
            ["LeftUpperArm"] = CFrame.new(1.7881393432617188e-07, -3.5762786865234375e-07, 2.5331974029541016e-07, 0.804879903793335, 0.23373809456825256, -0.5454676747322083, -0.1746419221162796, 0.9717569947242737, 0.15870942175388336, 0.5671582818031311, -0.03248053044080734, 0.822968065738678),
            ["RightLowerArm"] = CFrame.new(0.000002384185791015625, -0.0000010728836059570312, 0.0000012218952178955078, 1, -1.341101523166799e-07, 7.450579175838357e-08, 9.313233562124879e-08, 0.017229145392775536, -0.999851644039154, 1.3038527413300471e-07, 0.999851644039154, 0.017229143530130386),
            ["LeftHand"] = CFrame.new(8.642673492431641e-07, -1.1920928955078125e-07, 2.2351741790771484e-08, 0.7907761931419373, -0.19139094650745392, -0.5814143419265747, 0.2806159257888794, 0.9575160145759583, 0.06646636128425598, 0.5439925193786621, -0.21571408212184906, 0.8108881115913391),
            ["RightUpperLeg"] = CFrame.new(7.152557373046875e-07, -0.0000015925616025924683, 1.4731631381437182e-07, 0.9888739585876465, -0.1397458016872406, -0.05098380148410797, 0.1375201940536499, 0.9894834756851196, -0.044841665774583817, 0.05671392381191254, 0.03733127564191818, 0.9976922869682312),
            ["LeftUpperLeg"] = CFrame.new(-1.1920928955078125e-07, 1.0989606380462646e-07, -1.4901161193847656e-08, 0.9667787551879883, 0.25537049770355225, 0.011175726540386677, -0.2489655762910843, 0.9506373405456543, -0.18521517515182495, -0.05792275816202164, 0.17628006637096405, 0.982634425163269),
            ["RightLowerLeg"] = CFrame.new(-5.960464477539063e-08, -0.00012242794036865234, -0.00007746944174868986, 1, -1.0430811414607888e-07, -2.60770320892334e-08, 6.332993507385254e-08, 0.9050267338752747, 0.42535436153411865, 2.0489096641540527e-08, -0.42535462975502014, 0.905026912689209),
            ["RightFoot"] = CFrame.new(-4.0978193283081055e-08, 4.172325134277344e-07, -3.9282895158976316e-08, 0.9403095245361328, 0.14412814378738403, -0.30829399824142456, -0.20326265692710876, 0.9644123315811157, -0.16909489035606384, 0.27295103669166565, 0.22166657447814941, 0.9361420273780823),
            ["LeftLowerLeg"] = CFrame.new(2.8312206268310547e-07, 0.00012248754501342773, 0.0000776052474975586, 1, 4.097817907222634e-08, 9.685754776000977e-08, -1.6763808119435453e-08, 0.8563622236251831, 0.5163753628730774, -7.450581485102248e-09, -0.5163756608963013, 0.8563624024391174),
        }},
        {Time = 0.133, Data = {
            ["LeftFoot"] = CFrame.new(2.9802322387695312e-08, -5.960464477539063e-08, -7.450580596923828e-08, 0.9814032316207886, -0.1874011754989624, 0.04157676547765732, 0.19190886616706848, 0.9529799222946167, -0.234521746635437, 0.004328348208218813, 0.23813894391059875, 0.971221387386322),
            ["LeftLowerArm"] = CFrame.new(-7.450580596923828e-07, -0.0000029802322387695312, 0.0000027418136596679688, 1, -1.1175861658330177e-07, 4.470345515983354e-08, 8.195636524988004e-08, 0.40307918190956116, -0.9151651263237, 7.823107495141812e-08, 0.9151651263237, 0.40307915210723877),
            ["LowerTorso"] = CFrame.new(-0.1918092519044876, -0.09251904487609863, 0.09858119487762451, 0.8010502457618713, -0.13907939195632935, -0.5822160243988037, 0.014615543186664581, 0.9768885374069214, -0.21324950456619263, 0.5984187126159668, 0.16231416165828705, 0.7845694422721863),
            ["Head"] = CFrame.new(-2.551823854446411e-07, 5.960464477539062e-07, -3.3527612686157227e-07, 0.8281113505363464, -0.014768240973353386, 0.5603693127632141, -0.07595014572143555, 0.987479031085968, 0.1382632702589035, -0.5553945899009705, -0.1570574939250946, 0.8166208267211914),
            ["RightUpperArm"] = CFrame.new(-4.172325134277344e-07, 0.0000016689300537109375, -8.493661880493164e-07, 0.48181140422821045, -0.2741280794143677, 0.8322929739952087, 0.19879183173179626, 0.9592378735542297, 0.20085939764976501, -0.8534281253814697, 0.06867664307355881, 0.5166661739349365),
            ["UpperTorso"] = CFrame.new(-2.60770320892334e-08, 0.0000024437904357910156, -1.043081283569336e-07, 0.9998400211334229, 0.007006989326328039, 0.016459429636597633, -0.010897628031671047, 0.9682372212409973, 0.249796062707901, -0.014186037704348564, -0.2499353289604187, 0.9681586623191833),
            ["HumanoidRootPart"] = CFrame.new(0, 0, 0, 1, 0, 0, 0, 1, 0, 0, 0, 1),
            ["RightHand"] = CFrame.new(-6.742775440216064e-07, 4.172325134277344e-07, -5.904585123062134e-07, 0.9688615798950195, 0.23487721383571625, -0.07835865020751953, -0.2435862421989441, 0.9609286189079285, -0.13146138191223145, 0.0444197803735733, 0.14645496010780334, 0.9882195591926575),
            ["LeftUpperArm"] = CFrame.new(-1.1920928955078125e-07, -8.344650268554688e-07, 2.5331974029541016e-07, 0.7936754822731018, 0.21293246746063232, -0.5698588490486145, -0.1663937270641327, 0.9770050644874573, 0.1333198994398117, 0.5851430892944336, -0.010991867631673813, 0.8108555674552917),
            ["RightLowerArm"] = CFrame.new(0.000002562999725341797, -6.556510925292969e-07, 0.0000011622905731201172, 1, -8.94067397894105e-08, 9.685751223287298e-08, 6.332998481184404e-08, 0.08513178676366806, -0.9963697195053101, 7.823116021654641e-08, 0.9963697195053101, 0.08513180166482925),
            ["LeftHand"] = CFrame.new(7.450580596923828e-07, -2.980232238769531e-07, -2.905726432800293e-07, 0.6908143162727356, -0.18414589762687683, -0.6991894245147705, 0.31838950514793396, 0.945693850517273, 0.06550785899162292, 0.6491562128067017, -0.2678682506084442, 0.7119289636611938),
            ["RightUpperLeg"] = CFrame.new(7.748603820800781e-07, -0.0000020246952772140503, -1.6596459317952394e-08, 0.9861767888069153, -0.16160333156585693, 0.036599673330783844, 0.1624370664358139, 0.9864943623542786, -0.021052755415439606, -0.03270362317562103, 0.02670661173760891, 0.9991082549095154),
            ["LeftUpperLeg"] = CFrame.new(-2.384185791015625e-07, -3.5390257835388184e-07, 1.4901161193847656e-08, 0.9679083824157715, 0.23907876014709473, 0.07742436230182648, -0.23127314448356628, 0.9679651260375977, -0.09775674343109131, -0.09831631183624268, 0.07671342045068741, 0.9921941161155701),
            ["RightLowerLeg"] = CFrame.new(1.1920928955078125e-07, -0.00012230873107910156, -0.00007739493594272062, 1, -1.0058287358560847e-07, 7.450578820566989e-09, 8.56816981809061e-08, 0.8716601133346558, 0.4901101887226105, 5.5879368687783426e-08, -0.49011099338531494, 0.8716605305671692),
            ["RightFoot"] = CFrame.new(-4.470348358154297e-08, 3.5762786865234375e-07, -9.516224963590503e-08, 0.9342383742332458, 0.16179440915584564, -0.317838579416275, -0.2272290289402008, 0.9569122195243835, -0.18079231679439545, 0.27489206194877625, 0.2411256730556488, 0.9307485222816467),
            ["LeftLowerLeg"] = CFrame.new(2.5331974029541016e-07, 0.00012224912643432617, 0.0000776052474975586, 1, 1.8626444386882213e-08, 4.8428766774577525e-08, -5.8673329306202504e-08, 0.8456087708473206, 0.5338034629821777, -2.6077035641947077e-08, -0.5338032841682434, 0.8456085324287415),
        }},
        {Time = 0.167, Data = {
            ["LeftFoot"] = CFrame.new(1.4528632164001465e-07, 5.960464477539063e-08, -7.450580596923828e-09, 0.9844491481781006, -0.17187175154685974, 0.036335092037916183, 0.17517466843128204, 0.9449272155761719, -0.2764529883861542, 0.01318091806024313, 0.27851900458335876, 0.9603403806686401),
            ["LeftLowerArm"] = CFrame.new(-1.4901161193847656e-07, -0.0000020265579223632812, 0.0000028014183044433594, 1, -5.960459503739912e-08, 2.9802311729554276e-08, 8.568165554834195e-08, 0.5298530459403992, -0.8480895161628723, 4.656611807263289e-08, 0.8480895757675171, 0.529853105545044),
            ["LowerTorso"] = CFrame.new(-0.20797978341579437, -0.10585212707519531, 0.06260057538747787, 0.7717611789703369, -0.16546647250652313, -0.614007830619812, -0.007135835941880941, 0.9632397890090942, -0.26854875683784485, 0.635872483253479, 0.21163702011108398, 0.7422102689743042),
            ["Head"] = CFrame.new(-2.1606683731079102e-07, 5.960464477539062e-07, -3.3527612686157227e-07, 0.8302204608917236, -0.013413414359092712, 0.5572741627693176, -0.07959839701652527, 0.9866132140159607, 0.14233216643333435, -0.5517228841781616, -0.16252514719963074, 0.8180385828018188),
            ["RightUpperArm"] = CFrame.new(-1.7881393432617188e-07, 0.0000021457672119140625, -9.015202522277832e-07, 0.42409399151802063, -0.38677626848220825, 0.8188703060150146, 0.2294337898492813, 0.9205993413925171, 0.3160017132759094, -0.8760732412338257, 0.0538620799779892, 0.4791601002216339),
            ["UpperTorso"] = CFrame.new(6.705522537231445e-08, 0.0000027120113372802734, -2.1606683731079102e-07, 0.9980897307395935, -0.023359348997473717, 0.05719581991434097, 0.0054931314662098885, 0.9556534886360168, 0.29444247484207153, -0.061536986380815506, -0.29356566071510315, 0.9539561867713928),
            ["HumanoidRootPart"] = CFrame.new(0, 0, 0, 1, 0, 0, 0, 1, 0, 0, 0, 1),
            ["RightHand"] = CFrame.new(-4.420289769768715e-07, 1.7881393432617188e-07, -0.0000012509699445217848, 0.921427309513092, 0.3789227306842804, -0.08596055209636688, -0.3824545741081238, 0.9235321879386902, -0.028580566868185997, 0.06855747103691101, 0.059210896492004395, 0.9958885908126831),
            ["LeftUpperArm"] = CFrame.new(0, -1.1920928955078125e-07, 2.2351741790771484e-07, 0.8066219687461853, 0.23743680119514465, -0.5412808060646057, -0.165215864777565, 0.9698371291160583, 0.17921988666057587, 0.5675076246261597, -0.05513456091284752, 0.8215200901031494),
            ["RightLowerArm"] = CFrame.new(0.0000016689300537109375, 0, 0.0000011324882507324219, 1, -1.4156070449189428e-07, 5.960463056453591e-08, 8.940705242821423e-08, 0.16435033082962036, -0.9864020943641663, 8.940705242821423e-08, 0.986402153968811, 0.1643502563238144),
            ["LeftHand"] = CFrame.new(6.556510925292969e-07, -3.5762786865234375e-07, 1.4901161193847656e-08, 0.6941510438919067, -0.18474888801574707, -0.6957170963287354, 0.2941625416278839, 0.9549213647842407, 0.03991949185729027, 0.6569799184799194, -0.23236393928527832, 0.7172058820724487),
            ["RightUpperLeg"] = CFrame.new(7.748603820800781e-07, -0.0000024121254682540894, 6.535992724820971e-08, 0.9773893356323242, -0.19649377465248108, 0.07810401171445847, 0.19771575927734375, 0.9802255034446716, -0.008154038339853287, -0.07495758682489395, 0.023411951959133148, 0.996911883354187),
            ["LeftUpperLeg"] = CFrame.new(-1.1920928955078125e-07, -2.905726432800293e-07, -1.4901161193847656e-08, 0.9657571315765381, 0.21746186912059784, 0.14150497317314148, -0.2152453511953354, 0.9760686755180359, -0.030972100794315338, -0.1448543816804886, -0.0005466052098199725, 0.9894529581069946),
            ["RightLowerLeg"] = CFrame.new(-5.960464477539063e-08, -0.00012224912643432617, -0.00007740983710391447, 1, -4.284084198502569e-08, 3.3527616238870905e-08, 9.685756197086448e-08, 0.8339429497718811, 0.5518503189086914, -6.33299421792799e-08, -0.5518507361412048, 0.8339433073997498),
            ["RightFoot"] = CFrame.new(3.3527612686157227e-08, 2.980232238769531e-07, 3.149762051180005e-08, 0.9383231401443481, 0.18464098870754242, -0.29233115911483765, -0.2501252591609955, 0.9462180137634277, -0.20520402491092682, 0.23871992528438568, 0.2656673192977905, 0.9340417385101318),
            ["LeftLowerLeg"] = CFrame.new(3.129243850708008e-07, 0.0001220703125, 0.0000776052474975586, 1, 4.4703462265260896e-08, 0, -7.310882921274242e-08, 0.8286809921264648, 0.5597211718559265, -2.6077035641947077e-08, -0.5597212910652161, 0.8286810517311096),
        }},
        {Time = 0.200, Data = {
            ["LeftFoot"] = CFrame.new(3.725290298461914e-09, -5.960464477539063e-08, -2.2351741790771484e-08, 0.9873644113540649, -0.15736213326454163, 0.018680555745959282, 0.15536563098430634, 0.9380892515182495, -0.30959683656692505, 0.03119485080242157, 0.308586984872818, 0.9506844878196716),
            ["LeftLowerArm"] = CFrame.new(-0.0000012218952178955078, -0.0000023245811462402344, 0.0000022649765014648438, 1, -1.0430805730266002e-07, 3.725288166833707e-08, 6.332992796842518e-08, 0.589678168296814, -0.80763840675354, 7.078050856534901e-08, 0.80763840675354, 0.589678168296814),
            ["LowerTorso"] = CFrame.new(-0.2208479642868042, -0.11415338516235352, 0.025837786495685577, 0.7595383524894714, -0.17598259449005127, -0.6262041926383972, -0.017336711287498474, 0.9568870067596436, -0.28994274139404297, 0.6502314805984497, 0.23107898235321045, 0.723741352558136),
            ["Head"] = CFrame.new(-2.086162567138672e-07, 1.1920928955078125e-07, -3.427267074584961e-07, 0.8398621082305908, -0.01969034969806671, 0.542442798614502, -0.06595328450202942, 0.9882356524467468, 0.13798752427101135, -0.5387780666351318, -0.15166638791561127, 0.8286828398704529),
            ["RightUpperArm"] = CFrame.new(-4.172325134277344e-07, 0.0000015497207641601562, -8.344650268554688e-07, 0.34792330861091614, -0.496806263923645, 0.7950679063796997, 0.27377671003341675, 0.8649263381958008, 0.420652836561203, -0.8966580629348755, 0.07131616026163101, 0.43694207072257996),
            ["UpperTorso"] = CFrame.new(2.2351741790771484e-08, 0.0000030100345611572266, -1.7136335372924805e-07, 0.9952768683433533, -0.03859232738614082, 0.08907673507928848, 0.007625915110111237, 0.9458297491073608, 0.3245736062526703, -0.09677719324827194, -0.3223610818386078, 0.941656768321991),
            ["HumanoidRootPart"] = CFrame.new(0, 0, 0, 1, 0, 0, 0, 1, 0, 0, 0, 1),
            ["RightHand"] = CFrame.new(-2.6635825634002686e-07, 4.172325134277344e-07, -1.210719347000122e-08, 0.8278343677520752, 0.5596322417259216, -0.03875633701682091, -0.5468916893005371, 0.8205087184906006, 0.16635830700397491, 0.12489946186542511, -0.11652155220508575, 0.985303521156311),
            ["LeftUpperArm"] = CFrame.new(1.7881393432617188e-07, -7.152557373046875e-07, 1.6391277313232422e-07, 0.8211491107940674, 0.28026536107063293, -0.4971575438976288, -0.1972794234752655, 0.9568074345588684, 0.2135423868894577, 0.5355325937271118, -0.07727116346359253, 0.8409721255302429),
            ["RightLowerArm"] = CFrame.new(0.0000021457672119140625, -3.5762786865234375e-07, 0.000001430511474609375, 1, -5.960450266684347e-08, 1.0430809993522416e-07, 7.450588412893921e-08, 0.2601633071899414, -0.9655646681785583, 5.960470872423684e-08, 0.9655646681785583, 0.26016342639923096),
            ["LeftHand"] = CFrame.new(2.682209014892578e-07, -2.980232238769531e-07, 0, 0.7058732509613037, -0.17745210230350494, -0.685750424861908, 0.24183392524719238, 0.9703152775764465, -0.002158701652660966, 0.6657771468162537, -0.16431386768817902, 0.7278335094451904),
            ["RightUpperLeg"] = CFrame.new(8.344650268554688e-07, -0.0000019017606973648071, -1.1345400707796216e-07, 0.968615710735321, -0.22854097187519073, 0.09773721545934677, 0.2328006625175476, 0.9719122648239136, -0.034505732357501984, -0.08710642904043198, 0.05617586150765419, 0.9946138858795166),
            ["LeftUpperLeg"] = CFrame.new(-1.7881393432617188e-07, -1.2665987014770508e-07, -2.9802322387695312e-08, 0.9616566300392151, 0.20304936170578003, 0.18435707688331604, -0.20563314855098724, 0.9786153435707092, -0.005198540166020393, -0.18147067725658417, -0.032910849899053574, 0.9828455448150635),
            ["RightLowerLeg"] = CFrame.new(1.1920928955078125e-07, -0.00012236833572387695, -0.00007740983710391447, 1, -5.2154071283894154e-08, -5.960465188081798e-08, 7.450581307466564e-08, 0.7826297879219055, 0.6224871873855591, -2.980232594040899e-08, -0.622487485408783, 0.7826300859451294),
            ["RightFoot"] = CFrame.new(-2.9802322387695312e-08, 2.384185791015625e-07, 3.149762051180005e-08, 0.9345534443855286, 0.2509051263332367, -0.2523023188114166, -0.29765915870666504, 0.9397758841514587, -0.16798880696296692, 0.19495847821235657, 0.2320948988199234, 0.9529550671577454),
            ["LeftLowerLeg"] = CFrame.new(1.9371509552001953e-07, 0.00012195110321044922, 0.0000775456428527832, 1, 7.450577754752885e-08, 3.7252888773764425e-08, -2.7939673685750677e-08, 0.8137024641036987, 0.5812819004058838, 3.7252898543727042e-09, -0.5812817215919495, 0.8137022852897644),
        }},
        {Time = 0.233, Data = {
            ["LeftFoot"] = CFrame.new(2.2351741790771484e-08, 5.960464477539063e-08, -1.4901161193847656e-08, 0.9894575476646423, -0.14467765390872955, -0.006509577855467796, 0.13452492654323578, 0.934813380241394, -0.3286747634410858, 0.05363701283931732, 0.3243338167667389, 0.9444207549095154),
            ["LeftLowerArm"] = CFrame.new(-5.364418029785156e-07, -0.0000029802322387695312, 0.0000020265579223632812, 1, -1.0430802888095059e-07, 0, 7.823106784599076e-08, 0.5744436383247375, -0.8185442090034485, 1.1175866632129328e-07, 0.8185442090034485, 0.5744436383247375),
            ["LowerTorso"] = CFrame.new(-0.2281360775232315, -0.11371326446533203, -0.01092498004436493, 0.7607800960540771, -0.17335467040538788, -0.6254293918609619, -0.018367549404501915, 0.9575300812721252, -0.28774788975715637, 0.648749828338623, 0.23040050268173218, 0.7252857089042664),
            ["Head"] = CFrame.new(-2.3469328880310059e-07, 3.5762786865234375e-07, -3.4831464290618896e-07, 0.8498170971870422, -0.02579394169151783, 0.5264464020729065, -0.048574600368738174, 0.9907187223434448, 0.12695318460464478, -0.5248346328735352, -0.1334589421749115, 0.8406765460968018),
            ["RightUpperArm"] = CFrame.new(-2.980232238769531e-07, 0.0000020265579223632812, -8.791685104370117e-07, 0.35796409845352173, -0.5605949759483337, 0.7467228174209595, 0.3638246953487396, 0.8202506303787231, 0.4413849711418152, -0.8599380254745483, 0.11367626488208771, 0.4975784420967102),
            ["UpperTorso"] = CFrame.new(4.0978193283081055e-08, 0.00000286102294921875, -2.0489096641540527e-07, 0.9932916164398193, -0.04277050122618675, 0.10743590444326401, 0.005149137228727341, 0.9445211887359619, 0.32841038703918457, -0.11552157998085022, -0.32565394043922424, 0.9384051561355591),
            ["HumanoidRootPart"] = CFrame.new(0, 0, 0, 1, 0, 0, 0, 1, 0, 0, 0, 1),
            ["RightHand"] = CFrame.new(-3.915047273039818e-07, 3.5762786865234375e-07, -5.93892764300108e-07, 0.7787180542945862, 0.6269353032112122, 0.023457085713744164, -0.6022540926933289, 0.7365416288375854, 0.307890385389328, 0.17575013637542725, -0.2538868486881256, 0.9511327147483826),
            ["LeftUpperArm"] = CFrame.new(2.384185791015625e-07, -7.152557373046875e-07, 1.341104507446289e-07, 0.8381567001342773, 0.3192061483860016, -0.4422678053379059, -0.24009166657924652, 0.9439986348152161, 0.22632388770580292, 0.4897442162036896, -0.08351004868745804, 0.8678576350212097),
            ["RightLowerArm"] = CFrame.new(0.0000020265579223632812, -5.960464477539062e-07, 4.172325134277344e-07, 1, -8.940677531654728e-08, 4.4703469370688254e-08, 5.960470161880949e-08, 0.3569807708263397, -0.9341117143630981, 4.4703526214107114e-08, 0.9341117739677429, 0.35698074102401733),
            ["LeftHand"] = CFrame.new(3.5762786865234375e-07, -2.384185791015625e-07, -2.384185791015625e-07, 0.7237500548362732, -0.14769987761974335, -0.6740701794624329, 0.1940271258354187, 0.9809739589691162, -0.006620243191719055, 0.6622230410575867, -0.12599638104438782, 0.7386376261711121),
            ["RightUpperLeg"] = CFrame.new(8.344650268554688e-07, -0.0000019762665033340454, 8.77116690389812e-08, 0.9577048420906067, -0.2608281373977661, 0.1215323656797409, 0.27396056056022644, 0.9556759595870972, -0.10783961415290833, -0.08801794052124023, 0.13657332956790924, 0.9867120385169983),
            ["LeftUpperLeg"] = CFrame.new(0, -2.60770320892334e-07, -1.341104507446289e-07, 0.9577429890632629, 0.1939169317483902, 0.21242570877075195, -0.19867703318595886, 0.9800643920898438, 0.0010859586764127016, -0.20798027515411377, -0.043244220316410065, 0.9771766662597656),
            ["RightLowerLeg"] = CFrame.new(3.725290298461914e-08, -0.00012242794036865234, -0.00007733533129794523, 1, -1.6205012798309326e-07, 0, 1.7136336794010276e-07, 0.7094414830207825, 0.7047638893127441, 0, -0.7047644257545471, 0.7094419002532959),
            ["RightFoot"] = CFrame.new(5.21540641784668e-08, 4.172325134277344e-07, -4.300818545743823e-08, 0.9095118641853333, 0.38340529799461365, -0.16059020161628723, -0.386877179145813, 0.922073245048523, 0.010324041359126568, 0.1520337015390396, 0.05273890495300293, 0.9869672656059265),
            ["LeftLowerLeg"] = CFrame.new(1.7881393432617188e-07, 0.00012224912643432617, 0.00007769465446472168, 1, 5.960463056453591e-08, -2.9802315282267955e-08, -9.033828973770142e-08, 0.8101524114608765, 0.5862196087837219, -5.960464477539063e-08, -0.5862194299697876, 0.8101521730422974),
        }},
        {Time = 0.267, Data = {
            ["LeftFoot"] = CFrame.new(2.2351741790771484e-08, 1.1920928955078125e-07, -4.470348358154297e-08, 0.9903050065040588, -0.1349271982908249, -0.03302823752164841, 0.11573755741119385, 0.9329273700714111, -0.3409559428691864, 0.07681740820407867, 0.33382824063301086, 0.9394989609718323),
            ["LeftLowerArm"] = CFrame.new(-7.748603820800781e-07, -0.0000030994415283203125, 0.000002205371856689453, 1, -5.960459503739912e-08, 0, 7.823108916227284e-08, 0.5325354933738708, -0.8464076519012451, 5.960463766996327e-08, 0.8464076519012451, 0.5325354933738708),
            ["LowerTorso"] = CFrame.new(-0.23052752017974854, -0.11056876182556152, -0.04716632515192032, 0.7635160684585571, -0.16943010687828064, -0.6231666207313538, -0.019383708015084267, 0.9585223197937012, -0.28435781598091125, 0.6454978585243225, 0.22919104993343353, 0.7285629510879517),
            ["Head"] = CFrame.new(-1.7136335372924805e-07, 9.5367431640625e-07, -4.023313522338867e-07, 0.8541291952133179, -0.03576931729912758, 0.5188295245170593, -0.028073756024241447, 0.9930061101913452, 0.11467691510915756, -0.5193025469779968, -0.11251441389322281, 0.8471512794494629),
            ["RightUpperArm"] = CFrame.new(-4.172325134277344e-07, 0.0000016689300537109375, -8.195638656616211e-07, 0.5123881697654724, -0.5530756711959839, 0.6569365859031677, 0.49520185589790344, 0.8152832984924316, 0.30014729499816895, -0.7015936374664307, 0.17152418196201324, 0.6916255950927734),
            ["UpperTorso"] = CFrame.new(-3.91155481338501e-08, 0.000002771615982055664, -2.421438694000244e-07, 0.9924818873405457, -0.03580198064446449, 0.11703894287347794, -0.006203756667673588, 0.9403150081634521, 0.34024888277053833, -0.12223471701145172, -0.3384166955947876, 0.9330234527587891),
            ["HumanoidRootPart"] = CFrame.new(0, 0, 0, 1, 0, 0, 0, 1, 0, 0, 0, 1),
            ["RightHand"] = CFrame.new(-3.4086406230926514e-07, 4.76837158203125e-07, -8.419156074523926e-07, 0.8881235122680664, 0.45649996399879456, -0.05333327874541283, -0.4118861258029938, 0.8420246243476868, 0.34834519028663635, 0.2039276510477066, -0.2874063551425934, 0.9358479380607605),
            ["LeftUpperArm"] = CFrame.new(3.5762786865234375e-07, -5.960464477539062e-07, 4.470348358154297e-08, 0.861557126045227, 0.3333117961883545, -0.3829132616519928, -0.2710365355014801, 0.9397806525230408, 0.20821049809455872, 0.4292534589767456, -0.07560174912214279, 0.9000144004821777),
            ["RightLowerArm"] = CFrame.new(0.0000025033950805664062, -0.0000011920928955078125, 8.344650268554688e-07, 1, -5.960450977227083e-08, -1.4901154088420299e-08, 1.1175881553526779e-07, 0.44014403223991394, -0.8979272842407227, 5.960470161880949e-08, 0.8979272842407227, 0.44014397263526917),
            ["LeftHand"] = CFrame.new(5.364418029785156e-07, -1.1920928955078125e-07, -1.7881393432617188e-07, 0.9209073781967163, -0.06883937120437622, -0.38365450501441956, 0.1396484375, 0.9772112369537354, 0.1598646640777588, 0.3639065623283386, -0.20079725980758667, 0.909534215927124),
            ["RightUpperLeg"] = CFrame.new(8.940696716308594e-07, -0.0000019725412130355835, 8.77116690389812e-08, 0.9553704857826233, -0.2715187072753906, 0.11638156324625015, 0.2890152037143707, 0.9406262636184692, -0.17802421748638153, -0.06113526225090027, 0.20371517539024353, 0.9771195650100708),
