return {
    ["Hydout's Vibe"] = {
        {Time = 0.000, Data = {
            ["RightFoot"] = CFrame.new(4.260800778865814e-08, 4.76837158203125e-07, -5.75528247281909e-09, 0.909386396408081, 0.1967526078224182, -0.36647599935531616, -0.3106119930744171, 0.9072117805480957, -0.2837018668651581, 0.27665257453918457, 0.37182673811912537, 0.8861200213432312),
            ["LeftLowerArm"] = CFrame.new(-2.682209014892578e-07, 5.960464477539063e-08, -1.0803341865539551e-07, 1, -1.2665985593685036e-07, 1.0430814256778831e-07, 7.450581307466564e-08, -0.15980400145053864, -0.9871487617492676, 1.5087427129856223e-07, 0.9871487617492676, -0.15980401635169983),
            ["RightUpperArm"] = CFrame.new(0, 2.384185791015625e-07, 2.9802322387695312e-08, 0.37068426609039307, -0.5311432480812073, 0.7618924379348755, 0.8124053478240967, 0.5829865336418152, 0.011160902678966522, -0.45010095834732056, 0.6148281693458557, 0.6476074457168579),
            ["Head"] = CFrame.new(3.026798367500305e-08, 2.384185791015625e-07, -2.7939677238464355e-09, 0.9982244968414307, -0.03489268943667412, 0.0482749305665493, 0.051453035324811935, 0.9134352207183838, -0.4037187695503235, -0.030009165406227112, 0.4054858684539795, 0.9136086106300354),
            ["RightHand"] = CFrame.new(3.129243850708008e-07, 1.1920928955078125e-07, 7.450580596923828e-08, 0.9248906970024109, 0.21945612132549286, -0.3105096220970154, -0.1969165951013565, 0.9750391244888306, 0.10257972776889801, 0.32527080178260803, -0.03373054787516594, 0.9450191259384155),
            ["UpperTorso"] = CFrame.new(-1.1175870895385742e-08, -2.9802322387695312e-08, -3.073364496231079e-08, 0.9950394034385681, 0.09802110493183136, -0.01698710210621357, -0.09637298434972763, 0.9921402931213379, 0.07981248199939728, 0.024676909670233727, -0.07777941972017288, 0.9966651797294617),
            ["HumanoidRootPart"] = CFrame.new(0, 0, 0, 1, 0, 0, 0, 1, 0, 0, 0, 1),
            ["RightUpperLeg"] = CFrame.new(2.980232238769531e-07, -2.421438694000244e-08, 5.045876605436206e-08, 0.9612529873847961, -0.1969868242740631, -0.19284413754940033, 0.08435506373643875, 0.876186728477478, -0.47453272342681885, 0.2624439597129822, 0.4398784339427948, 0.858853816986084),
            ["LeftUpperArm"] = CFrame.new(0, 3.5762786865234375e-07, 4.470348358154297e-08, 0.32755810022354126, 0.27594199776649475, -0.9036380052566528, -0.8302736878395081, 0.5405332446098328, -0.13590295612812042, 0.45094501972198486, 0.7947829365730286, 0.40616336464881897),
            ["RightLowerArm"] = CFrame.new(2.384185791015625e-07, -4.172325134277344e-07, 1.1920928955078125e-07, 1, -5.2154071283894154e-08, 1.9371509552001953e-07, 2.2351738238057806e-08, -0.5286210775375366, -0.8488579392433167, 1.5273688802608376e-07, 0.8488579988479614, -0.5286210775375366),
            ["LeftHand"] = CFrame.new(2.9802322387695312e-08, 1.7881393432617188e-07, -3.5762786865234375e-07, 0.9262011051177979, -0.014493068680167198, 0.3767513036727905, -0.034135982394218445, 0.9919333457946777, 0.12207794934511185, -0.37548136711120605, -0.12592950463294983, 0.9182350039482117),
            ["LeftFoot"] = CFrame.new(9.42964106798172e-09, 1.1920928955078125e-07, -7.450580596923828e-09, 0.8680921792984009, -0.31361469626426697, 0.3847876787185669, 0.3385700583457947, 0.9409363269805908, 0.0030711814761161804, -0.36302387714385986, 0.12761150300502777, 0.9230000376701355),
            ["LowerTorso"] = CFrame.new(-0.02555960789322853, -0.12363636493682861, -0.1620653122663498, 0.968994140625, -0.046051282435655594, 0.2427545040845871, 0.021264471113681793, 0.994375467300415, 0.10375554114580154, -0.24616721272468567, -0.09537645429372787, 0.9645232558250427),
            ["RightLowerLeg"] = CFrame.new(-6.798654794692993e-08, -0.00012236833572387695, -0.00007734650716884062, 1, -4.959290933470584e-08, -1.1920926112907182e-07, 8.917411520315e-08, 0.7205541133880615, 0.6933985948562622, -1.0384244575334378e-07, -0.6933987140655518, 0.7205541729927063),
            ["LeftUpperLeg"] = CFrame.new(-1.7881393432617188e-07, -7.729977369308472e-08, 1.4901161193847656e-08, 0.9273724555969238, 0.15495403110980988, -0.3405429720878601, -0.3153027892112732, 0.8136609196662903, -0.4884057343006134, 0.20140616595745087, 0.5603080987930298, 0.8034241199493408),
            ["LeftLowerLeg"] = CFrame.new(2.9685907065868378e-08, 0.00012224912643432617, 0.00007751584053039551, 1, 1.6414563930311488e-08, -1.396983195789403e-09, -7.00820166343874e-08, 0.7577401995658875, 0.6525558233261108, -1.0686925122627144e-07, -0.6525563597679138, 0.7577407360076904),
        }},
        {Time = 0.033, Data = {
            ["RightFoot"] = CFrame.new(1.1175870895385742e-08, 1.1920928955078125e-07, 6.502523319795728e-08, 0.9144963026046753, 0.2127913236618042, -0.34411677718162537, -0.3127589523792267, 0.9113548398017883, -0.26760798692703247, 0.25666797161102295, 0.35235247015953064, 0.8999831676483154),
            ["LeftLowerArm"] = CFrame.new(-8.940696716308594e-08, 3.5762786865234375e-07, -8.940696716308594e-08, 1, -5.8207639597185334e-08, 1.0430809993522416e-07, 1.043081283569336e-07, -0.11041130870580673, -0.9938859939575195, 7.450580596923828e-08, 0.9938860535621643, -0.11041133105754852),
            ["RightUpperArm"] = CFrame.new(-5.960464477539063e-08, 1.1920928955078125e-07, -1.043081283569336e-07, 0.4130285978317261, -0.4953204095363617, 0.7642414569854736, 0.82023686170578, 0.56697678565979, -0.0758218914270401, -0.395751029253006, 0.6581755876541138, 0.6404576301574707),
            ["Head"] = CFrame.new(-2.1420419216156006e-08, 2.384185791015625e-07, 2.3283064365386963e-09, 0.9969029426574707, -0.036514610052108765, 0.06965140998363495, 0.061925508081912994, 0.9104117751121521, -0.4090425670146942, -0.04847542569041252, 0.41208893060684204, 0.9098532199859619),
            ["RightHand"] = CFrame.new(2.086162567138672e-07, 5.960464477539063e-08, 1.862645149230957e-07, 0.9267697930335999, 0.2030046582221985, -0.316048800945282, -0.1791851967573166, 0.9784072041511536, 0.10301487147808075, 0.33013689517974854, -0.03883983567357063, 0.9431337118148804),
            ["UpperTorso"] = CFrame.new(9.313225746154785e-09, 0, -2.514570951461792e-08, 0.9955173134803772, 0.09168881922960281, -0.023208748549222946, -0.08979097753763199, 0.993306040763855, 0.07266979664564133, 0.029716365039348602, -0.07026010751724243, 0.9970860481262207),
            ["HumanoidRootPart"] = CFrame.new(0, 0, 0, 1, 0, 0, 0, 1, 0, 0, 0, 1),
            ["RightUpperLeg"] = CFrame.new(0, 3.725290298461914e-09, -2.032174961641431e-08, 0.9594664573669434, -0.2142242044210434, -0.1831180900335312, 0.09975190460681915, 0.8658458590507507, -0.4902658462524414, 0.263578861951828, 0.4521271884441376, 0.8521193265914917),
            ["LeftUpperArm"] = CFrame.new(5.960464477539063e-08, 4.76837158203125e-07, -8.940696716308594e-08, 0.2467924952507019, 0.29950982332229614, -0.9216222167015076, -0.8509928584098816, 0.521935760974884, -0.05826009064912796, 0.4635780155658722, 0.7986720204353333, 0.3836905360221863),
            ["RightLowerArm"] = CFrame.new(-2.9802322387695312e-08, -2.384185791015625e-07, -1.7136335372924805e-07, 1, -1.3411042232291948e-07, 1.6391273049976007e-07, 1.1175872316471214e-07, -0.5187462568283081, -0.8549282550811768, 1.611188196193325e-07, 0.8549283146858215, -0.5187463760375977),
            ["LeftHand"] = CFrame.new(-1.9371509552001953e-07, -5.960464477539063e-08, -5.960464477539063e-08, 0.9480894804000854, -0.02334134466946125, 0.3171458840370178, -0.018641512840986252, 0.9915082454681396, 0.12870098650455475, -0.3174569606781006, -0.1279321163892746, 0.9396034479141235),
            ["LeftFoot"] = CFrame.new(6.007030606269836e-08, 0, -7.450580596923828e-09, 0.8723804950714111, -0.28530195355415344, 0.3969324827194214, 0.33098548650741577, 0.9423024654388428, -0.050146106630563736, -0.35972344875335693, 0.1751253306865692, 0.9164769053459167),
            ["LowerTorso"] = CFrame.new(-0.051134973764419556, -0.11912667751312256, -0.1524370163679123, 0.9756655693054199, -0.04030577838420868, 0.21552768349647522, 0.01622653193771839, 0.9935367107391357, 0.11234568804502487, -0.218662828207016, -0.10611455142498016, 0.9700135588645935),
            ["RightLowerLeg"] = CFrame.new(-9.872019290924072e-08, -0.00012230873107910156, -0.00007742753223283216, 1, -5.681066994611683e-08, -6.33299421792799e-08, 7.636844401304188e-08, 0.7315430045127869, 0.681795060634613, -7.823108916227284e-08, -0.6817953586578369, 0.7315431833267212),
            ["LeftUpperLeg"] = CFrame.new(5.960464477539063e-08, -1.6530975699424744e-07, 1.1175870895385742e-08, 0.9438967108726501, 0.15483970940113068, -0.29169121384620667, -0.289490669965744, 0.8129921555519104, -0.505211591720581, 0.15891553461551666, 0.5613095164299011, 0.8122053742408752),
            ["LeftLowerLeg"] = CFrame.new(-2.0489096641540527e-08, 0.0001226663589477539, 0.00007736682891845703, 1, -2.4214381610931923e-08, 4.842878098543224e-08, -7.264316792543468e-08, 0.7463431358337402, 0.6655616164207458, 7.450581485102248e-09, -0.6655613780021667, 0.7463429570198059),
        }},
        {Time = 0.067, Data = {
            ["RightFoot"] = CFrame.new(1.6763806343078613e-08, 1.7881393432617188e-07, -5.75528247281909e-09, 0.9226108193397522, 0.23432287573814392, -0.3064020872116089, -0.3160833716392517, 0.9145544171333313, -0.2523512542247772, 0.2210896611213684, 0.3296709656715393, 0.9178435802459717),
            ["LeftLowerArm"] = CFrame.new(3.2782554626464844e-07, -5.960464477539063e-08, -5.960464477539063e-08, 1, -9.685753354915505e-08, 1.2665987014770508e-07, 7.450581307466564e-08, -0.08432011306285858, -0.99643874168396, 1.1920930376163597e-07, 0.9964386820793152, -0.08432013541460037),
            ["RightUpperArm"] = CFrame.new(0, -3.5762786865234375e-07, -1.4901161193847656e-08, 0.46395745873451233, -0.4482748508453369, 0.7640636563301086, 0.8175934553146362, 0.548705518245697, -0.17453737556934357, -0.34100520610809326, 0.7056712508201599, 0.6210825443267822),
            ["Head"] = CFrame.new(-2.60770320892334e-08, -1.1920928955078125e-07, 1.1175870895385742e-08, 0.9939618110656738, -0.04047844558954239, 0.10198722779750824, 0.07992326468229294, 0.9039218425750732, -0.4201638400554657, -0.07518088817596436, 0.4257779121398926, 0.9016990065574646),
            ["RightHand"] = CFrame.new(5.960464477539063e-08, -5.960464477539063e-08, -1.6391277313232422e-07, 0.936525821685791, 0.19000446796417236, -0.2946487367153168, -0.16600583493709564, 0.9805540442466736, 0.10467026382684708, 0.3088068664073944, -0.049113012850284576, 0.9498559236526489),
            ["UpperTorso"] = CFrame.new(9.313225746154785e-09, 4.470348358154297e-07, 1.862645149230957e-08, 0.9959449172019958, 0.08498498797416687, -0.029519448056817055, -0.08282306045293808, 0.9942395091056824, 0.06803065538406372, 0.03513100743293762, -0.06530991196632385, 0.997246503829956),
            ["HumanoidRootPart"] = CFrame.new(0, 0, 0, 1, 0, 0, 0, 1, 0, 0, 0, 1),
            ["RightUpperLeg"] = CFrame.new(-8.940696716308594e-08, 2.253800630569458e-07, 1.3205863069742918e-08, 0.9551389217376709, -0.24135251343250275, -0.17163510620594025, 0.12108773738145828, 0.8471367955207825, -0.5173946619033813, 0.27027279138565063, 0.47340086102485657, 0.8383579850196838),
            ["LeftUpperArm"] = CFrame.new(0, -2.384185791015625e-07, 1.4901161193847656e-08, 0.1492796391248703, 0.3341763913631439, -0.9306136965751648, -0.862119197845459, 0.5048773288726807, 0.04300520196557045, 0.48421695828437805, 0.795880138874054, 0.3634677827358246),
            ["RightLowerArm"] = CFrame.new(5.960464477539063e-08, -4.172325134277344e-07, 1.9371509552001953e-07, 1, -5.960463056453591e-08, 1.2293456563838845e-07, 5.960464477539063e-08, -0.4879836142063141, -0.8728527426719666, 1.4156103134155273e-07, 0.8728528022766113, -0.4879836142063141),
            ["LeftHand"] = CFrame.new(-5.364418029785156e-07, -2.384185791015625e-07, -5.960464477539063e-08, 0.9684426188468933, -0.05620245635509491, 0.24281719326972961, 0.024255555123090744, 0.9908718466758728, 0.13260753452777863, -0.24805349111557007, -0.12253312766551971, 0.9609656929969788),
            ["LeftFoot"] = CFrame.new(5.21540641784668e-08, 0, 1.4901161193847656e-08, 0.8802309632301331, -0.2666899263858795, 0.3925172984600067, 0.32374560832977295, 0.9422445893287659, -0.0858146920800209, -0.3469613790512085, 0.2026125192642212, 0.9157325625419617),
            ["LowerTorso"] = CFrame.new(-0.08740644156932831, -0.1198960542678833, -0.14079022407531738, 0.9837717413902283, -0.030598226934671402, 0.17679637670516968, 0.009242546744644642, 0.9926854968070984, 0.12037497758865356, -0.17918646335601807, -0.11678744852542877, 0.9768586754798889),
            ["RightLowerLeg"] = CFrame.new(-1.0803341865539551e-07, -0.00012236833572387695, -0.00007734673999948427, 1, -1.266598843585598e-07, -1.4901164746561335e-08, 1.1920928955078125e-07, 0.7346909046173096, 0.6784017086029053, -5.960464477539063e-08, -0.6784020662307739, 0.734691321849823),
            ["LeftUpperLeg"] = CFrame.new(1.7881393432617188e-07, 3.14321368932724e-07, 1.862645149230957e-08, 0.9600375890731812, 0.15451450645923615, -0.23335173726081848, -0.25790688395500183, 0.8122154474258423, -0.5232496857643127, 0.10868234932422638, 0.5625223517417908, 0.8196076154708862),
            ["LeftLowerLeg"] = CFrame.new(-7.264316082000732e-08, 0.0001227855682373047, 0.00007729977369308472, 1, 3.5390257835388184e-08, 6.332992796842518e-08, -5.8673329306202504e-08, 0.7349398136138916, 0.6781324148178101, 5.960465188081798e-08, -0.6781323552131653, 0.7349398136138916),
        }},
        {Time = 0.100, Data = {
            ["RightFoot"] = CFrame.new(-3.725290298461914e-08, 3.5762786865234375e-07, 3.894820110872388e-08, 0.93021160364151, 0.2566150724887848, -0.2624022364616394, -0.32003241777420044, 0.9171265363693237, -0.23760922253131866, 0.17968223989009857, 0.3050044775009155, 0.935247004032135),
            ["LeftLowerArm"] = CFrame.new(0, 4.172325134277344e-07, -2.086162567138672e-07, 1, -1.1175870895385742e-07, 1.2479722499847412e-07, 7.82310962677002e-08, -0.10052496194839478, -0.9949345588684082, 1.1175870895385742e-07, 0.994934618473053, -0.10052497684955597),
            ["RightUpperArm"] = CFrame.new(0, 2.384185791015625e-07, 0, 0.5056844353675842, -0.40434175729751587, 0.7620965838432312, 0.8078730702400208, 0.5318785309791565, -0.253863126039505, -0.30269545316696167, 0.7440518140792847, 0.5956193804740906),
            ["Head"] = CFrame.new(-1.4901161193847656e-08, 1.1920928955078125e-07, 1.30385160446167e-08, 0.989729642868042, -0.04348765313625336, 0.13617657124996185, 0.09812676161527634, 0.8994041681289673, -0.4259616732597351, -0.10395368188619614, 0.43494948744773865, 0.8944342732429504),
            ["RightHand"] = CFrame.new(8.940696716308594e-08, 0, -1.4901161193847656e-07, 0.9522532224655151, 0.180306538939476, -0.24638068675994873, -0.15653873980045319, 0.9811825752258301, 0.11303311586380005, 0.26212504506111145, -0.0690680518746376, 0.962559163570404),
            ["UpperTorso"] = CFrame.new(9.778887033462524e-09, -2.384185791015625e-07, -5.4016709327697754e-08, 0.9963321089744568, 0.07957470417022705, -0.03147078678011894, -0.07723473757505417, 0.9945775866508484, 0.06964459270238876, 0.036842118948698044, -0.0669584795832634, 0.9970753788948059),
            ["HumanoidRootPart"] = CFrame.new(0, 0, 0, 1, 0, 0, 0, 1, 0, 0, 0, 1),
            ["RightUpperLeg"] = CFrame.new(5.960464477539063e-08, -1.587904989719391e-07, -1.6596459317952394e-08, 0.9504955410957336, -0.2712521255016327, -0.15159398317337036, 0.14596743881702423, 0.8204283118247986, -0.5528028011322021, 0.27432069182395935, 0.503308892250061, 0.8194072842597961),
            ["LeftUpperArm"] = CFrame.new(1.1920928955078125e-07, 2.384185791015625e-07, 7.450580596923828e-09, 0.06972380727529526, 0.3689909279346466, -0.926814079284668, -0.8586038947105408, 0.4952038526535034, 0.1325623244047165, 0.5078760981559753, 0.7865234017372131, 0.3513445258140564),
            ["RightLowerArm"] = CFrame.new(0, 5.960464477539063e-08, -3.725290298461914e-07, 1, -5.960463766996327e-08, 1.3411042232291948e-07, 7.450580596923828e-08, -0.4414384365081787, -0.8972914814949036, 4.470348358154297e-08, 0.8972915410995483, -0.4414384365081787),
            ["LeftHand"] = CFrame.new(2.980232238769531e-07, 1.1920928955078125e-07, 1.1920928955078125e-07, 0.9741570353507996, -0.09465071558952332, 0.20508408546447754, 0.06664960086345673, 0.9879918694496155, 0.13939155638217926, -0.21581491827964783, -0.12212046980857849, 0.968767523765564),
            ["LeftFoot"] = CFrame.new(-3.259629011154175e-09, 5.960464477539063e-08, 1.4901161193847656e-08, 0.8925926685333252, -0.25678932666778564, 0.3705902099609375, 0.315375417470932, 0.9430088996887207, -0.10617351531982422, -0.322206050157547, 0.21164491772651672, 0.9227080345153809),
            ["LowerTorso"] = CFrame.new(-0.12914150953292847, -0.12858712673187256, -0.12874910235404968, 0.9914208054542542, -0.017767859622836113, 0.12949571013450623, 0.0016685310984030366, 0.9923574328422546, 0.12338519096374512, -0.1306983232498169, -0.12211056798696518, 0.9838734865188599),
            ["RightLowerLeg"] = CFrame.new(7.450580596923828e-09, -0.00012236833572387695, -0.00007735023245913908, 1, -7.450579886381092e-08, -9.685756197086448e-08, 1.1920927533992653e-07, 0.7258784174919128, 0.687822699546814, 0, -0.6878231167793274, 0.7258786559104919),
            ["LeftUpperLeg"] = CFrame.new(-2.384185791015625e-07, -3.864988684654236e-08, -3.725290298461914e-08, 0.9723736047744751, 0.1494358479976654, -0.17932768166065216, -0.2238846868276596, 0.8144719004631042, -0.5352674722671509, 0.06606936454772949, 0.5606287717819214, 0.8254273533821106),
            ["LeftLowerLeg"] = CFrame.new(1.1641532182693481e-07, 0.00012236833572387695, 0.00007748976349830627, 1, 7.450579886381092e-08, 3.725290298461914e-08, -6.891786341611805e-08, 0.7220536470413208, 0.6918371319770813, 2.9802318834981634e-08, -0.6918371319770813, 0.7220537066459656),
        }},
        {Time = 0.133, Data = {
            ["RightFoot"] = CFrame.new(1.862645149230957e-08, 3.5762786865234375e-07, 2.4047039914876223e-08, 0.9371989965438843, 0.2772187292575836, -0.21167884767055511, -0.32238665223121643, 0.9201261401176453, -0.2223387360572815, 0.13313481211662292, 0.27661842107772827, 0.9517130255699158),
            ["LeftLowerArm"] = CFrame.new(-5.662441253662109e-07, -1.1920928955078125e-07, -3.2782554626464844e-07, 1, -5.587935447692871e-08, 5.02914261346632e-08, 7.17118453508192e-08, -0.1467287391424179, -0.989176869392395, 7.450581307466564e-08, 0.9891768097877502, -0.14672867953777313),
            ["RightUpperArm"] = CFrame.new(0, -2.384185791015625e-07, 3.3527612686157227e-08, 0.5353718996047974, -0.36609891057014465, 0.761149525642395, 0.7970759272575378, 0.5170724987983704, -0.3119393587112427, -0.27936887741088867, 0.7736973762512207, 0.568634569644928),
            ["Head"] = CFrame.new(-9.313225746154785e-09, -1.1920928955078125e-07, 1.792795956134796e-08, 0.9848448038101196, -0.04161520302295685, 0.1683717668056488, 0.11218129843473434, 0.8932183384895325, -0.4354037642478943, -0.1322733610868454, 0.4476932883262634, 0.8843498229980469),
            ["RightHand"] = CFrame.new(1.7881393432617188e-07, 2.384185791015625e-07, -4.898756742477417e-07, 0.9600630402565002, 0.18359245359897614, -0.2111232429742813, -0.160146564245224, 0.979350745677948, 0.12339039146900177, 0.22941723465919495, -0.08465184271335602, 0.9696400761604309),
            ["UpperTorso"] = CFrame.new(9.313225746154785e-09, 1.4901161193847656e-07, -2.7939677238464355e-09, 0.997340202331543, 0.06851247698068619, -0.02487213723361492, -0.06633415073156357, 0.9946010708808899, 0.07980276644229889, 0.030205339193344116, -0.07794062793254852, 0.9965004324913025),
            ["HumanoidRootPart"] = CFrame.new(0, 0, 0, 1, 0, 0, 0, 1, 0, 0, 0, 1),
            ["RightUpperLeg"] = CFrame.new(-2.9802322387695312e-08, 6.50179572403431e-08, 3.9282895158976316e-08, 0.9448869228363037, -0.305296927690506, -0.11824826896190643, 0.17855654656887054, 0.7832731008529663, -0.5954837203025818, 0.2744199335575104, 0.5415507555007935, 0.794617235660553),
            ["LeftUpperArm"] = CFrame.new(0, -3.5762786865234375e-07, -2.60770320892334e-08, 0.009261035360395908, 0.40117812156677246, -0.9159533381462097, -0.8473025560379028, 0.48958826065063477, 0.20586766302585602, 0.5310296416282654, 0.7741830945014954, 0.3444533348083496),
            ["RightLowerArm"] = CFrame.new(4.172325134277344e-07, -2.384185791015625e-07, 5.960464477539063e-08, 1, -1.0430809993522416e-07, 1.0337680578231812e-07, 7.450580596923828e-08, -0.37756672501564026, -0.9259824156761169, 1.341104507446289e-07, 0.9259824156761169, -0.37756672501564026),
            ["LeftHand"] = CFrame.new(1.0058283805847168e-07, 0, 1.4901161193847656e-07, 0.9687907099723816, -0.12258244305849075, 0.21544869244098663, 0.09491084516048431, 0.9863675236701965, 0.13442948460578918, -0.2289903461933136, -0.1097855418920517, 0.9672179818153381),
            ["LeftFoot"] = CFrame.new(2.561137080192566e-08, -1.1920928955078125e-07, -7.450580596923828e-09, 0.9114323854446411, -0.20038369297981262, 0.35935673117637634, 0.2754368484020233, 0.945970356464386, -0.17109796404838562, -0.30565592646598816, 0.25492459535598755, 0.9173811674118042),
            ["LowerTorso"] = CFrame.new(-0.17560255527496338, -0.1445215940475464, -0.11777950078248978, 0.9973717927932739, 0.00228191283531487, 0.07241757214069366, -0.010842437855899334, 0.9929497838020325, 0.11803928017616272, -0.07163765281438828, -0.11851423978805542, 0.9903647899627686),
            ["RightLowerLeg"] = CFrame.new(-1.043081283569336e-07, -0.0001227259635925293, -0.0000774172876845114, 1, -5.960463056453591e-08, -5.960465898624534e-08, 1.043081283569336e-07, 0.7024556398391724, 0.7117272019386292, -5.587935447692871e-08, -0.7117275595664978, 0.7024560570716858),
            ["LeftUpperLeg"] = CFrame.new(5.960464477539063e-08, 6.449408829212189e-08, -3.725290298461914e-09, 0.9841314554214478, 0.13783426582813263, -0.11174598336219788, -0.176637202501297, 0.8208771347999573, -0.5431020855903625, 0.01687173917889595, 0.5542224049568176, 0.8321977257728577),
            ["LeftLowerLeg"] = CFrame.new(-1.3969838619232178e-08, 0.0001227259635925293, 0.00007725507020950317, 1, 8.475033297372647e-08, 2.7939684343891713e-08, -1.136213683139431e-07, 0.6965171694755554, 0.7175403833389282, 2.421439049271612e-08, -0.7175402045249939, 0.6965169906616211),
        }},
        {Time = 0.167, Data = {
            ["RightFoot"] = CFrame.new(-3.725290298461914e-08, 5.364418029785156e-07, -2.0656443666666746e-08, 0.9416648745536804, 0.29530981183052063, -0.16142939031124115, -0.3249431848526001, 0.9226618409156799, -0.20762230455875397, 0.08763141930103302, 0.2479662001132965, 0.9647971987724304),
            ["LeftLowerArm"] = CFrame.new(9.834766387939453e-07, -4.76837158203125e-07, 1.7881393432617188e-07, 1, -8.940698137394065e-08, 1.434236907016384e-07, 1.4156105976326216e-07, -0.20785316824913025, -0.9781601428985596, 1.1175873737556685e-07, 0.9781601428985596, -0.20785322785377502),
            ["RightUpperArm"] = CFrame.new(0, 3.5762786865234375e-07, -7.337075658142567e-08, 0.5516149401664734, -0.33403241634368896, 0.7642927765846252, 0.7885321378707886, 0.5075540542602539, -0.34728386998176575, -0.27191585302352905, 0.7942361831665039, 0.5433695912361145),
            ["Head"] = CFrame.new(7.450580596923828e-09, 0, -7.478956831619143e-08, 0.9794237017631531, -0.040942445397377014, 0.19761860370635986, 0.1272815614938736, 0.885217547416687, -0.44742533564567566, -0.15661680698394775, 0.4633721709251404, 0.8722140789031982),
            ["RightHand"] = CFrame.new(-2.9802322387695312e-08, -2.384185791015625e-07, 5.21540641784668e-08, 0.9605738520622253, 0.19100627303123474, -0.20202571153640747, -0.1662975251674652, 0.9770560264587402, 0.13306626677513123, 0.22280699014663696, -0.09422366321086884, 0.9702984094619751),
            ["UpperTorso"] = CFrame.new(-1.7113052308559418e-08, -2.086162567138672e-07, 2.537854015827179e-08, 0.9984554648399353, 0.053128086030483246, -0.01625066250562668, -0.05129443109035492, 0.9938898086547852, 0.09773461520671844, 0.021343812346458435, -0.09675008803606033, 0.9950798749923706),
            ["HumanoidRootPart"] = CFrame.new(0, 0, 0, 1, 0, 0, 0, 1, 0, 0, 0, 1),
            ["RightUpperLeg"] = CFrame.new(5.960464477539063e-08, -3.4458935260772705e-08, 1.0877556633204222e-08, 0.9378129839897156, -0.3386959731578827, -0.07610399276018143, 0.21642644703388214, 0.7418677806854248, -0.6346588134765625, 0.2714157700538635, 0.5787204504013062, 0.7690359950065613),
            ["LeftUpperArm"] = CFrame.new(5.960464477539063e-08, 2.384185791015625e-07, -4.7264620661735535e-08, -0.035311728715896606, 0.425930380821228, -0.9040665626525879, -0.8321679830551147, 0.4884016513824463, 0.26260286569595337, 0.5533981323242188, 0.7616081833839417, 0.3371993899345398),
            ["RightLowerArm"] = CFrame.new(0, -1.1920928955078125e-07, -1.1920928955078125e-07, 1, -1.0430814256778831e-07, 1.6018749704471702e-07, 8.940698137394065e-08, -0.29668524861335754, -0.9549753665924072, 1.0430814256778831e-07, 0.954975426197052, -0.2966853082180023),
            ["LeftHand"] = CFrame.new(-3.0547380447387695e-07, 0, 5.364418029785156e-07, 0.9693411588668823, -0.13374844193458557, 0.20612916350364685, 0.10825720429420471, 0.9855358004570007, 0.13038302958011627, -0.22058609127998352, -0.10407054424285889, 0.9697995781898499),
            ["LeftFoot"] = CFrame.new(1.3969838619232178e-09, 1.7881393432617188e-07, 0, 0.9241582751274109, -0.16733776032924652, 0.34340935945510864, 0.2577345371246338, 0.936652660369873, -0.2371809482574463, -0.2819655239582062, 0.30770111083984375, 0.9087437391281128),
            ["LowerTorso"] = CFrame.new(-0.22430084645748138, -0.1661299467086792, -0.10939531773328781, 0.9995788335800171, 0.025238297879695892, 0.014326573349535465, -0.02659669704735279, 0.9941940903663635, 0.1042625904083252, -0.01161198504269123, -0.1045997142791748, 0.9944466352462769),
            ["RightLowerLeg"] = CFrame.new(8.940696716308594e-08, -0.00012218952178955078, -0.00007751041994197294, 1, -7.450580596923828e-08, -4.842877388000488e-08, 1.4901158351676713e-07, 0.671711802482605, 0.7408121824264526, -5.960463056453591e-08, -0.7408125996589661, 0.6717122197151184),
            ["LeftUpperLeg"] = CFrame.new(0, -2.5797635316848755e-07, 1.862645149230957e-09, 0.9904277920722961, 0.13586637377738953, -0.024354001507163048, -0.1269591599702835, 0.8274464011192322, -0.5470046401023865, -0.05416823923587799, 0.5448604822158813, 0.8367753028869629),
            ["LeftLowerLeg"] = CFrame.new(-6.332993507385254e-08, 0.00012254714965820312, 0.00007747858762741089, 1, 5.960464477539063e-08, 1.862644793959589e-08, -6.891787052154541e-08, 0.660083532333374, 0.7511921525001526, 4.470348358154297e-08, -0.7511922717094421, 0.6600836515426636),
        }},
        {Time = 0.200, Data = {
            ["RightFoot"] = CFrame.new(-5.21540641784668e-08, 4.76837158203125e-07, -9.480572771281004e-09, 0.9423818588256836, 0.31201282143592834, -0.12068509310483932, -0.3306798040866852, 0.9234235286712646, -0.19478030502796173, 0.050669115036726, 0.22346578538417816, 0.973393976688385),
            ["LeftLowerArm"] = CFrame.new(-8.940696716308594e-08, 5.364418029785156e-07, -2.086162567138672e-07, 1, -5.5879340266073996e-08, 1.30385160446167e-07, 7.450579886381092e-08, -0.2753257751464844, -0.9613509774208069, 1.1920927533992653e-07, 0.9613510370254517, -0.2753257751464844),
            ["RightUpperArm"] = CFrame.new(0, -3.5762786865234375e-07, 2.9802322387695312e-08, 0.5563284754753113, -0.31080925464630127, 0.7706466913223267, 0.7817444205284119, 0.5101978182792664, -0.35857218503952026, -0.28173473477363586, 0.8019325733184814, 0.5268108248710632),
            ["Head"] = CFrame.new(7.078051567077637e-08, -2.384185791015625e-07, 3.073364496231079e-08, 0.9750393033027649, -0.040718212723731995, 0.21826708316802979, 0.13837099075317383, 0.8802333474159241, -0.45391932129859924, -0.17364318668842316, 0.4727909564971924, 0.863896369934082),
            ["RightHand"] = CFrame.new(-1.7881393432617188e-07, 1.1920928955078125e-07, 7.450580596923828e-09, 0.9655128717422485, 0.1819380521774292, -0.18623510003089905, -0.16233471035957336, 0.9799274802207947, 0.11571343243122101, 0.20354950428009033, -0.08149038255214691, 0.9756674766540527),
            ["UpperTorso"] = CFrame.new(3.026798367500305e-08, 5.960464477539063e-08, 9.313225746154785e-09, 0.9991280436515808, 0.03986535593867302, -0.012410947121679783, -0.03813214600086212, 0.9923209547996521, 0.11766566336154938, 0.01700642518699169, -0.11708979308605194, 0.9929757714271545),
            ["HumanoidRootPart"] = CFrame.new(0, 0, 0, 1, 0, 0, 0, 1, 0, 0, 0, 1),
            ["RightUpperLeg"] = CFrame.new(5.960464477539063e-08, 8.940696716308594e-08, -1.5665136743336916e-08, 0.9293034076690674, -0.3675137460231781, -0.03645144775509834, 0.25326481461524963, 0.7060083746910095, -0.6613695025444031, 0.2687976062297821, 0.6053807735443115, 0.7491740584373474),
            ["LeftUpperArm"] = CFrame.new(-2.384185791015625e-07, 1.1920928955078125e-07, 3.725290298461914e-09, -0.05817019194364548, 0.4392610192298889, -0.8964742422103882, -0.8205455541610718, 0.49044036865234375, 0.2935529053211212, 0.5686134696006775, 0.752673864364624, 0.33190464973449707),
            ["RightLowerArm"] = CFrame.new(4.76837158203125e-07, 5.960464477539063e-08, -1.1920928955078125e-07, 1, -8.940694584680386e-08, 1.4901159772762185e-07, 8.940693874137651e-08, -0.19845525920391083, -0.9801099896430969, 1.490115550950577e-07, 0.9801099896430969, -0.19845524430274963),
            ["LeftHand"] = CFrame.new(-5.960464477539063e-08, -1.7881393432617188e-07, 4.470348358154297e-08, 0.9678239226341248, -0.16250349581241608, 0.19211874902248383, 0.13824087381362915, 0.9813385009765625, 0.13365714251995087, -0.21025311946868896, -0.10279794782400131, 0.9722274541854858),
            ["LeftFoot"] = CFrame.new(9.406358003616333e-08, -5.960464477539063e-08, 0, 0.9324402809143066, -0.13937564194202423, 0.33336204290390015, 0.24236927926540375, 0.9255219101905823, -0.2909747064113617, -0.2679785490036011, 0.3521130681037903, 0.8967739343643188),
            ["LowerTorso"] = CFrame.new(-0.27271080017089844, -0.19080936908721924, -0.10450859367847443, 0.998630702495575, 0.04227292910218239, -0.03081721067428589, -0.039478130638599396, 0.9954903721809387, 0.08625766634941101, 0.03432460129261017, -0.08492294698953629, 0.9957961440086365),
            ["RightLowerLeg"] = CFrame.new(2.9802322387695312e-08, -0.00012218952178955078, -0.00007739866123301908, 1, -9.685753354915505e-08, -3.725289943190546e-08, 1.6391277313232422e-07, 0.6426023244857788, 0.7661995887756348, -2.2351741790771484e-08, -0.7661999464035034, 0.6426026821136475),
            ["LeftUpperLeg"] = CFrame.new(0, 1.8719583749771118e-07, -9.313225746154785e-09, 0.9898205399513245, 0.13367027044296265, 0.04886231571435928, -0.08489866554737091, 0.8301162123680115, -0.551089346408844, -0.1142258271574974, 0.5413311123847961, 0.8330143690109253),
            ["LeftLowerLeg"] = CFrame.new(1.825392246246338e-07, 0.00012254714965820312, 0.00007739695138297975, 1, 9.872017869838601e-08, 7.450578820566989e-09, -6.332993507385254e-08, 0.6133422255516052, 0.7898172736167908, -3.239256329834461e-08, -0.789817214012146, 0.6133422255516052),
        }},
        {Time = 0.233, Data = {
            ["RightFoot"] = CFrame.new(3.725290298461914e-08, 2.980232238769531e-07, -2.0656443666666746e-08, 0.9406824111938477, 0.3279840350151062, -0.08685288578271866, -0.3386780917644501, 0.9230518937110901, -0.18240630626678467, 0.020343055948615074, 0.20100188255310059, 0.9793796539306641),
            ["LeftLowerArm"] = CFrame.new(6.556510925292969e-07, 1.7881393432617188e-07, 5.960464477539063e-08, 1, -9.685756197086448e-08, 1.3224781980625266e-07, 1.266598843585598e-07, -0.34221550822257996, -0.9396215677261353, 1.0430814256778831e-07, 0.9396215081214905, -0.34221550822257996),
            ["RightUpperArm"] = CFrame.new(0, -4.76837158203125e-07, 6.332993507385254e-08, 0.549943745136261, -0.3020641505718231, 0.7786650061607361, 0.7798378467559814, 0.519500732421875, -0.3492445647716522, -0.299022912979126, 0.7992973327636719, 0.5212571024894714),
            ["Head"] = CFrame.new(5.21540641784668e-08, -2.384185791015625e-07, 3.5390257835388184e-08, 0.9736376404762268, -0.0406249575316906, 0.22445353865623474, 0.14103320240974426, 0.8805969953536987, -0.4523920714855194, -0.17927470803260803, 0.47212138772010803, 0.8631119132041931),
            ["RightHand"] = CFrame.new(-4.172325134277344e-07, 1.1920928955078125e-07, -1.4901161193847656e-07, 0.9692158699035645, 0.1774376481771469, -0.17069461941719055, -0.16180332005023956, 0.981576681137085, 0.1016218513250351, 0.18558131158351898, -0.07087448984384537, 0.980069637298584),
            ["UpperTorso"] = CFrame.new(-4.470348358154297e-08, 1.7881393432617188e-07, -1.862645149230957e-09, 0.9994381666183472, 0.03188684955239296, -0.010330256074666977, -0.030214156955480576, 0.9904916286468506, 0.13421472907066345, 0.014511716552078724, -0.13382722437381744, 0.9908984899520874),
            ["HumanoidRootPart"] = CFrame.new(0, 0, 0, 1, 0, 0, 0, 1, 0, 0, 0, 1),
            ["RightUpperLeg"] = CFrame.new(0, -6.565824151039124e-08, 2.9613147489726543e-09, 0.9185189604759216, -0.39532047510147095, -0.006681106518954039, 0.286331444978714, 0.6767480969429016, -0.6782523989677429, 0.27264872193336487, 0.6210747361183167, 0.7347986698150635),
            ["LeftUpperArm"] = CFrame.new(0, -4.76837158203125e-07, 7.450580596923828e-09, -0.05425260215997696, 0.43934154510498047, -0.8966804146766663, -0.8184372782707214, 0.4948759377002716, 0.2919901907444, 0.5720289945602417, 0.7497178912162781, 0.3327251076698303),
            ["RightLowerArm"] = CFrame.new(-2.384185791015625e-07, -1.1920928955078125e-07, 0, 1, -8.940696716308594e-08, 7.450579175838357e-08, 1.0430811414607888e-07, -0.08553998172283173, -0.9963347911834717, 7.450579886381092e-08, 0.9963347911834717, -0.08554000407457352),
            ["LeftHand"] = CFrame.new(-4.470348358154297e-08, 2.384185791015625e-07, 1.4156103134155273e-07, 0.9578056335449219, -0.19157379865646362, 0.21426159143447876, 0.1662020981311798, 0.977364182472229, 0.13090550899505615, -0.2344895899295807, -0.08977127820253372, 0.9679648280143738),
            ["LeftFoot"] = CFrame.new(2.7008354663848877e-08, 0, -7.450580596923828e-09, 0.9386544227600098, -0.11246603727340698, 0.32600530982017517, 0.22573329508304596, 0.9150446057319641, -0.33427196741104126, -0.2607150077819824, 0.3873560428619385, 0.8842979669570923),
            ["LowerTorso"] = CFrame.new(-0.3204289674758911, -0.2149120569229126, -0.10227905213832855, 0.9967690110206604, 0.052901532500982285, -0.06043994799256325, -0.04868132993578911, 0.9964085221290588, 0.0692836344242096, 0.06388808786869049, -0.06611748039722443, 0.995764434337616),
            ["RightLowerLeg"] = CFrame.new(-2.9802322387695312e-08, -0.00012236833572387695, -0.00007746199116809294, 1, -1.1175868053214799e-07, -2.6077039194660756e-08, 1.4901161193847656e-07, 0.6198000907897949, 0.784759521484375, -9.685754776000977e-08, -0.7847597599029541, 0.619800329208374),
            ["LeftUpperLeg"] = CFrame.new(1.1920928955078125e-07, -3.91155481338501e-08, 1.862645149230957e-08, 0.9863143563270569, 0.12792716920375824, 0.10401339828968048, -0.04872312769293785, 0.8288336396217346, -0.5573693513870239, -0.15751256048679352, 0.5446736812591553, 0.8237236738204956),
            ["LeftLowerLeg"] = CFrame.new(1.862645149230957e-07, 0.00012236833572387695, 0.00007734447717666626, 1, 1.1548398504146462e-07, -3.725290298461914e-09, -3.3527616238870905e-08, 0.5635926127433777, 0.8260529637336731, -8.195639367158947e-08, -0.8260529637336731, 0.5635926127433777),
        }},
        {Time = 0.267, Data = {
            ["RightFoot"] = CFrame.new(4.470348358154297e-08, 2.980232238769531e-07, 9.145878721028566e-09, 0.9370899200439453, 0.3431231677532196, -0.06425801664590836, -0.34907519817352295, 0.9226317405700684, -0.1640031486749649, 0.0030132848769426346, 0.17611689865589142, 0.9843648076057434),
            ["LeftLowerArm"] = CFrame.new(2.980232238769531e-07, -7.748603820800781e-07, 2.9802322387695312e-08, 1, -6.705523958316917e-08, 1.0384251680761736e-07, 1.1920930376163597e-07, -0.3953765332698822, -0.9185191988945007, 1.1920930376163597e-07, 0.918519139289856, -0.3953765630722046),
            ["RightUpperArm"] = CFrame.new(2.384185791015625e-07, -2.384185791015625e-07, -9.685754776000977e-08, 0.5303821563720703, -0.3031935393810272, 0.7916871905326843, 0.7821711897850037, 0.5351786017417908, -0.31904885172843933, -0.3269604742527008, 0.7884526252746582, 0.5209983587265015),
            ["Head"] = CFrame.new(3.725290298461914e-09, -1.1920928955078125e-07, 1.5832483768463135e-08, 0.974494218826294, -0.040312107652425766, 0.22076255083084106, 0.1378360092639923, 0.8838265538215637, -0.44704803824424744, -0.17709435522556305, 0.46607473492622375, 0.8668401837348938),
            ["RightHand"] = CFrame.new(3.5762786865234375e-07, 0, 2.086162567138672e-07, 0.9708336591720581, 0.19167977571487427, -0.14401715993881226, -0.18069316446781158, 0.9797756671905518, 0.08596328645944595, 0.15758183598518372, -0.0574331097304821, 0.9858343601226807),
            ["UpperTorso"] = CFrame.new(2.7939677238464355e-09, 0, 5.587935447692871e-09, 0.9995993375778198, 0.027033239603042603, -0.008393279276788235, -0.025499286130070686, 0.9887142181396484, 0.14762800931930542, 0.012289414182305336, -0.14735479652881622, 0.9890074133872986),
            ["HumanoidRootPart"] = CFrame.new(0, 0, 0, 1, 0, 0, 0, 1, 0, 0, 0, 1),
            ["RightUpperLeg"] = CFrame.new(1.1920928955078125e-07, 5.962792783975601e-07, 2.9038346838206053e-08, 0.9092203974723816, -0.4158165454864502, 0.020371245220303535, 0.31571245193481445, 0.6567842364311218, -0.6848069429397583, 0.27137425541877747, 0.6290716528892517, 0.7284397482872009),
            ["LeftUpperArm"] = CFrame.new(1.1920928955078125e-07, -8.344650268554688e-07, -1.341104507446289e-07, -0.03240613266825676, 0.4298584759235382, -0.9023146033287048, -0.8231146931648254, 0.5006266832351685, 0.2680578827857971, 0.5669496655464172, 0.7513952255249023, 0.33759942650794983),
            ["RightLowerArm"] = CFrame.new(-4.76837158203125e-07, -7.748603820800781e-07, -1.7881393432617188e-07, 1, -8.940693874137651e-08, 8.940694584680386e-08, 1.0430809993522416e-07, 0.02405441366136074, -0.999710738658905, 1.0430809993522416e-07, 0.999710738658905, 0.024054372683167458),
            ["LeftHand"] = CFrame.new(-2.2351741790771484e-08, -5.960464477539063e-08, -1.73225998878479e-07, 0.9569663405418396, -0.16302697360515594, 0.2400786280632019, 0.13870897889137268, 0.983629047870636, 0.11503836512565613, -0.2549026310443878, -0.07678678631782532, 0.963913083076477),
            ["LeftFoot"] = CFrame.new(6.984919309616089e-08, -1.1920928955078125e-07, 7.450580596923828e-09, 0.9450163245201111, -0.08520787954330444, 0.31572744250297546, 0.20570793747901917, 0.9054145216941833, -0.3713611364364624, -0.2542210519313812, 0.41588982939720154, 0.8731592297554016),
            ["LowerTorso"] = CFrame.new(-0.3670637607574463, -0.2351137399673462, -0.10121665149927139, 0.9948859810829163, 0.057651765644550323, -0.0829346552491188, -0.053285207599401474, 0.9971216917037964, 0.053935449570417404, 0.08580541610717773, -0.04924043267965317, 0.995094358921051),
