return {
    ["Hyped to Death"] = {
        {Time = 0.000, Data = {
            ["LeftFoot"] = CFrame.new(-2.459273673593998e-08, 1.1920928955078125e-07, 2.2351741790771484e-08, 0.9892535209655762, 0.13750803470611572, 0.049689535051584244, -0.06659142673015594, 0.7262923121452332, -0.6841527819633484, -0.13016563653945923, 0.6734916567802429, 0.727644145488739),
            ["LeftLowerArm"] = CFrame.new(3.2782554626464844e-07, -2.980232238769531e-07, -8.847564458847046e-09, 1, -2.7939670133036998e-08, 5.587934559514451e-09, 2.0954756152491427e-08, 0.9525445699691772, -0.3043991029262543, 5.122273716295922e-09, 0.3043990731239319, 0.952544629573822),
            ["LowerTorso"] = CFrame.new(-0.05917530506849289, -0.3444669246673584, 0.16679370403289795, 0.9992545247077942, -0.02166028693318367, 0.031960368156433105, 0.021985100582242012, 0.9997099041938782, -0.009846772067248821, -0.031737811863422394, 0.010542082600295544, 0.9994407296180725),
            ["Head"] = CFrame.new(-9.313225746154785e-09, 0, 3.4924596548080444e-10, 0.9913636445999146, 0.02693898044526577, -0.12834568321704865, -0.03608354181051254, 0.9969316124916077, -0.06946543604135513, 0.12608052790164948, 0.0734967589378357, 0.9892937541007996),
            ["RightFoot"] = CFrame.new(-2.6775524020195007e-08, 3.5762786865234375e-07, 1.6952981241047382e-09, 0.9956860542297363, -0.0895010307431221, 0.02447373978793621, 0.08539071679115295, 0.7806761860847473, -0.6190742254257202, 0.03630172833800316, 0.6184936165809631, 0.7849510908126831),
            ["UpperTorso"] = CFrame.new(-5.122274160385132e-09, 1.7881393432617188e-07, -1.30385160446167e-08, 0.9991808533668518, 0.038823749870061874, 0.011415350250899792, -0.038441553711891174, 0.9987489581108093, -0.031984224915504456, -0.012642808258533478, 0.031519196927547455, 0.9994232654571533),
            ["HumanoidRootPart"] = CFrame.new(0, 0, 0, 1, 0, 0, 0, 1, 0, 0, 0, 1),
            ["LeftUpperLeg"] = CFrame.new(2.9802322387695312e-08, 8.265487849712372e-08, -1.1175870895385742e-08, 0.9993663430213928, -0.007584479637444019, -0.03477673605084419, -0.014315282925963402, 0.8088908195495605, -0.5877845287322998, 0.03258862346410751, 0.5879099369049072, 0.808269739151001),
            ["LeftUpperArm"] = CFrame.new(5.960464477539063e-08, 0, -2.60770320892334e-08, 0.3020946979522705, 0.9507290124893188, 0.06966596096754074, -0.9530530571937561, 0.29962822794914246, 0.04373687133193016, 0.020708022639155388, -0.07960805296897888, 0.9966111183166504),
            ["RightLowerArm"] = CFrame.new(2.384185791015625e-07, 0, -7.776543498039246e-08, 1, 2.3166649043560028e-08, 4.6566123179658803e-10, -1.0812072126498151e-08, 0.9881048798561096, -0.153781458735466, 8.149071417662412e-10, 0.1537814736366272, 0.9881049394607544),
            ["LeftHand"] = CFrame.new(-2.1373853087425232e-07, 0, -2.9802322387695312e-08, 0.13467095792293549, 0.08930175751447678, 0.9868581891059875, 0.3735118508338928, 0.9178913235664368, -0.1340319663286209, -0.9177977442741394, 0.3866533637046814, 0.09025812894105911),
            ["RightHand"] = CFrame.new(7.117341738194227e-08, 2.980232238769531e-07, -3.3527612686157227e-08, 0.38327500224113464, -0.006326775532215834, -0.923612654209137, -0.34357187151908875, 0.927243173122406, -0.14892485737800598, 0.8573555946350098, 0.3744064271450043, 0.35321536660194397),
            ["RightUpperArm"] = CFrame.new(-1.1920928955078125e-07, 0, 0, 0.2571191191673279, -0.966082751750946, -0.02395968697965145, 0.9657371640205383, 0.2559650242328644, 0.04282315447926521, -0.03523785620927811, -0.0341494120657444, 0.9987953901290894),
            ["RightLowerLeg"] = CFrame.new(4.563480615615845e-08, -0.00006031990051269531, -0.00007209943578345701, 1, -1.4994292030223733e-07, -1.098960922263359e-07, 1.4528632164001465e-07, 0.2734079360961914, 0.9618980884552002, -1.1175870895385742e-07, -0.9618982076644897, 0.27340826392173767),
            ["RightUpperLeg"] = CFrame.new(-2.9802322387695312e-08, 7.019843906164169e-08, 6.686605047434568e-09, 0.9958654642105103, 0.06291715800762177, -0.06552514433860779, -0.0887971892952919, 0.826374888420105, -0.5560752153396606, 0.019161660224199295, 0.5595945119857788, 0.8285450339317322),
            ["LeftLowerLeg"] = CFrame.new(-2.4607288651168346e-08, 0.000060677528381347656, 0.00007203733548521996, 1, 8.588540367782116e-08, 7.072231511529026e-08, -8.565257303416729e-08, 0.19396203756332397, 0.9810090661048889, 7.05476850271225e-08, -0.9810090661048889, 0.19396205246448517),
        }},
        {Time = 0.033, Data = {
            ["LeftFoot"] = CFrame.new(-1.0803341865539551e-07, 0, 7.450580596923828e-09, 0.9900910258293152, 0.1273828148841858, 0.059105392545461655, -0.08033934980630875, 0.8590310215950012, -0.5055801868438721, -0.11517559736967087, 0.4958219528198242, 0.8607527017593384),
            ["LeftLowerArm"] = CFrame.new(-5.960464477539063e-08, 1.1920928955078125e-07, -4.470348358154297e-08, 1, -1.6065316188473844e-08, -3.026798367500305e-09, -2.3283064365386963e-09, 0.9735754132270813, -0.22836598753929138, -3.725290298461914e-09, 0.22836604714393616, 0.9735754132270813),
            ["LowerTorso"] = CFrame.new(-0.07768747210502625, -0.23026371002197266, 0.15466660261154175, 0.9995946884155273, -0.009239842183887959, 0.02692810259759426, 0.008926665410399437, 0.9998914003372192, 0.011727206408977509, -0.02703353390097618, -0.011482074856758118, 0.9995685815811157),
            ["Head"] = CFrame.new(1.4901161193847656e-08, 0, 9.313225746154785e-10, 0.9913589358329773, 0.021625755354762077, -0.1293821483850479, -0.032893627882003784, 0.995786726474762, -0.08559716492891312, 0.12698593735694885, 0.0891135036945343, 0.9878934621810913),
            ["RightFoot"] = CFrame.new(-6.51925802230835e-09, 3.5762786865234375e-07, 7.526978151872754e-08, 0.999876081943512, -0.009665761142969131, 0.012430951930582523, 0.014260774478316307, 0.8905982971191406, -0.4545668363571167, -0.006677246652543545, 0.4546881318092346, 0.8906258940696716),
            ["UpperTorso"] = CFrame.new(-9.313225746154785e-10, 0, 1.862645149230957e-09, 0.9996012449264526, 0.02720683254301548, 0.0075693316757678986, -0.02661477029323578, 0.9972183704376221, -0.06962225586175919, -0.009442483074963093, 0.06939303874969482, 0.9975447654724121),
            ["HumanoidRootPart"] = CFrame.new(0, 0, 0, 1, 0, 0, 0, 1, 0, 0, 0, 1),
            ["LeftUpperLeg"] = CFrame.new(8.940696716308594e-08, 3.748573362827301e-08, -1.3969838619232178e-08, 0.9985352158546448, -0.03370480239391327, -0.04232506453990936, 0.004887087270617485, 0.8352537751197815, -0.5498428344726562, 0.05388452857732773, 0.5488306879997253, 0.8341950178146362),
            ["LeftUpperArm"] = CFrame.new(-1.1920928955078125e-07, -1.1920928955078125e-07, 1.4901161193847656e-08, 0.39053648710250854, 0.9178460240364075, 0.07099410146474838, -0.9143654704093933, 0.37779077887535095, 0.14563587307929993, 0.10685037821531296, -0.12179066240787506, 0.9867877960205078),
            ["RightLowerArm"] = CFrame.new(0, -5.960464477539063e-08, -1.862645149230957e-08, 1, 1.862645149230957e-09, -1.8626449271863521e-09, 4.121829988434911e-09, 0.9930697679519653, -0.11752622574567795, -1.862645149230957e-09, 0.11752626299858093, 0.9930698275566101),
            ["LeftHand"] = CFrame.new(3.166496753692627e-08, -5.960464477539063e-08, -7.334165275096893e-08, 0.08158791065216064, 0.10292923450469971, 0.9913370013237, 0.42609313130378723, 0.895570695400238, -0.12805387377738953, -0.9009928703308105, 0.43284955620765686, 0.029210392385721207),
            ["RightHand"] = CFrame.new(-3.259629011154175e-07, 2.980232238769531e-07, 1.862645149230957e-08, 0.25598251819610596, -0.006613952107727528, -0.966658890247345, -0.40740683674812317, 0.9060927629470825, -0.11408551037311554, 0.8766372203826904, 0.42302751541137695, 0.22924931347370148),
            ["RightUpperArm"] = CFrame.new(0, 0, -1.862645149230957e-08, 0.3431642949581146, -0.9370630979537964, -0.06442872434854507, 0.9384437203407288, 0.34493890404701233, -0.018456850200891495, 0.03951920196413994, -0.05412900075316429, 0.9977517127990723),
            ["RightLowerLeg"] = CFrame.new(-6.05359673500061e-09, -0.00006031990051269531, -0.00007214344077510759, 1, -1.3597308168300515e-07, -8.847566590475253e-08, 1.3317914238086814e-07, 0.44459548592567444, 0.8957313299179077, -8.009374852235851e-08, -0.8957314491271973, 0.44459593296051025),
            ["RightUpperLeg"] = CFrame.new(-2.9802322387695312e-08, -4.656612873077393e-10, -1.287116901949048e-08, 0.9984224438667297, 0.042739514261484146, -0.03641648590564728, -0.055351849645376205, 0.858128547668457, -0.5104427337646484, 0.009433954022824764, 0.5116531252861023, 0.8591402769088745),
            ["LeftLowerLeg"] = CFrame.new(5.960464477539063e-08, 0.000060617923736572266, 0.00007202289998531342, 1, 8.00937343115038e-08, 5.960463766996327e-08, -8.288770914077759e-08, 0.3542395830154419, 0.9351546764373779, 5.634501576423645e-08, -0.9351546764373779, 0.3542395830154419),
        }},
        {Time = 0.067, Data = {
            ["LeftFoot"] = CFrame.new(4.98257577419281e-08, 5.960464477539063e-08, 3.725290298461914e-09, 0.9950048923492432, 0.031357429921627045, 0.09477303922176361, -0.017045948654413223, 0.9888100028038025, -0.14820389449596405, -0.09835980832576752, 0.1458481252193451, 0.9844052791595459),
            ["LeftLowerArm"] = CFrame.new(5.960464477539063e-08, -2.980232238769531e-07, -1.043081283569336e-07, 1, -1.862645149230957e-09, 2.7939672797572257e-09, 2.7939677238464355e-09, 0.9895108342170715, -0.14445878565311432, -1.1175870895385742e-08, 0.14445878565311432, 0.9895108938217163),
            ["LowerTorso"] = CFrame.new(-0.0952184870839119, -0.07306623458862305, 0.14156675338745117, 0.9998406767845154, -0.005934693850576878, 0.01683371514081955, 0.00507800467312336, 0.998711884021759, 0.05048522353172302, -0.01711164601147175, -0.050391700118780136, 0.9985829591751099),
            ["Head"] = CFrame.new(-1.862645149230957e-09, 0, 3.026798367500305e-09, 0.9916684627532959, 0.01007602084428072, -0.12842172384262085, -0.026343364268541336, 0.9917297959327698, -0.12561100721359253, 0.1260939985513687, 0.12794768810272217, 0.9837325811386108),
            ["RightFoot"] = CFrame.new(3.565219230949879e-08, 4.172325134277344e-07, 9.575887816026807e-08, 0.9948198199272156, 0.09725017845630646, 0.029599733650684357, -0.09414118528366089, 0.9912332892417908, -0.09270434826612473, -0.038355764001607895, 0.08943784981966019, 0.9952536225318909),
            ["UpperTorso"] = CFrame.new(-7.2177499532699585e-09, 1.7881393432617188e-07, 1.8510036170482635e-08, 0.9994298815727234, 0.029472997412085533, 0.01647290587425232, -0.02730773203074932, 0.9925182461738586, -0.11900334060192108, -0.019857043400406837, 0.11848562955856323, 0.992757260799408),
            ["HumanoidRootPart"] = CFrame.new(0, 0, 0, 1, 0, 0, 0, 1, 0, 0, 0, 1),
            ["LeftUpperLeg"] = CFrame.new(0, 1.2363307178020477e-07, 5.587935447692871e-09, 0.9983804821968079, -0.035384926944971085, -0.04454591125249863, 0.010326138697564602, 0.8827323913574219, -0.4697626829147339, 0.05594462528824806, 0.46854186058044434, 0.8816681504249573),
            ["LeftUpperArm"] = CFrame.new(0, -3.5762786865234375e-07, -7.450580596923828e-09, 0.5507473349571228, 0.8322089314460754, 0.06407763808965683, -0.821187436580658, 0.5265066623687744, 0.22009526193141937, 0.14942790567874908, -0.1738366186618805, 0.9733716249465942),
            ["RightLowerArm"] = CFrame.new(-2.9802322387695312e-08, 1.7881393432617188e-07, -1.4901161193847656e-08, 1, 3.166496753692627e-08, -1.4901159417490817e-08, 1.1175870895385742e-08, 0.9999954104423523, -0.0030321883969008923, 3.725290298461914e-09, 0.0030321888625621796, 0.9999954700469971),
            ["LeftHand"] = CFrame.new(-3.91155481338501e-07, -5.960464477539063e-08, 1.1175870895385742e-08, 0.05936366319656372, 0.11901425570249557, 0.9911164045333862, 0.46461763978004456, 0.8754732012748718, -0.13295646011829376, -0.8835194110870361, 0.46838289499282837, -0.0033247587271034718),
            ["RightHand"] = CFrame.new(4.0978193283081055e-08, -1.1920928955078125e-07, -2.9802322387695312e-08, 0.24681061506271362, -0.04162663221359253, -0.9681693315505981, -0.4408656656742096, 0.8848770260810852, -0.15043306350708008, 0.8629728555679321, 0.4639611542224884, 0.20004530251026154),
            ["RightUpperArm"] = CFrame.new(-5.960464477539063e-08, 0, -2.60770320892334e-08, 0.4891819655895233, -0.8600608110427856, -0.14490121603012085, 0.8654348850250244, 0.49927687644958496, -0.041775334626436234, 0.10827517509460449, -0.10496684163808823, 0.9885638952255249),
            ["RightLowerLeg"] = CFrame.new(-3.766035661101341e-08, -0.000060558319091796875, -0.00007202586130006239, 1, -1.0599615052342415e-07, -4.6100474548893544e-08, 1.0794610716402531e-07, 0.6987143158912659, 0.7154005765914917, -4.511093720793724e-08, -0.7154008746147156, 0.6987146139144897),
            ["RightUpperLeg"] = CFrame.new(-2.9802322387695312e-08, 9.73232090473175e-08, 9.480572771281004e-09, 0.9993666410446167, 0.021674785763025284, -0.02822435460984707, -0.03165620192885399, 0.9037787318229675, -0.4268278479576111, 0.016257166862487793, 0.4274507761001587, 0.9038923978805542),
            ["LeftLowerLeg"] = CFrame.new(1.955777406692505e-08, 0.00006073713302612305, 0.00007211696356534958, 1, 6.94999613415348e-08, 3.073365206773815e-08, -7.078052277620372e-08, 0.6167192459106445, 0.7871832847595215, 3.4458938813486384e-08, -0.7871832251548767, 0.6167192459106445),
        }},
        {Time = 0.100, Data = {
            ["LeftFoot"] = CFrame.new(-8.731149137020111e-10, 0, 1.1175870895385742e-08, 0.9782446026802063, -0.11748099327087402, 0.17098478972911835, 0.08541473001241684, 0.9791880249977112, 0.18410678207874298, -0.18905526399612427, -0.165496826171875, 0.9679198861122131),
            ["LeftLowerArm"] = CFrame.new(-2.980232238769531e-07, -2.384185791015625e-07, -2.9802322387695312e-08, 1, -3.4924600988972543e-09, -1.8626447051417472e-09, -1.4435498130183078e-08, 0.9948370456695557, -0.10148588567972183, 0, 0.10148593783378601, 0.9948369860649109),
            ["LowerTorso"] = CFrame.new(-0.11019837111234665, 0.04463052749633789, 0.13015305995941162, 0.9999505877494812, -0.0026404843665659428, 0.009581307880580425, 0.0017526240553706884, 0.9958018660545349, 0.09151796251535416, -0.00978273618966341, -0.09149665385484695, 0.9957573413848877),
            ["Head"] = CFrame.new(6.05359673500061e-09, 0, -6.752088665962219e-09, 0.9939278364181519, 0.0053815958090126514, -0.10990224033594131, -0.02613438293337822, 0.9817679524421692, -0.18827839195728302, 0.10688522458076477, 0.1900075227022171, 0.9759472012519836),
            ["RightFoot"] = CFrame.new(-4.190951585769653e-08, 2.384185791015625e-07, 4.1742168832570314e-08, 0.974597692489624, 0.2238815724849701, 0.006037089508026838, -0.2235948145389557, 0.9710978865623474, 0.08351219445466995, 0.012834207154810429, -0.08274053782224655, 0.9964884519577026),
            ["UpperTorso"] = CFrame.new(-1.1641532182693481e-09, 5.960464477539063e-08, -9.66247171163559e-09, 0.999225378036499, 0.03077518194913864, 0.02453012391924858, -0.02648000605404377, 0.9868525266647339, -0.15943986177444458, -0.02911440283060074, 0.15866678953170776, 0.9869028925895691),
            ["HumanoidRootPart"] = CFrame.new(0, 0, 0, 1, 0, 0, 0, 1, 0, 0, 0, 1),
            ["LeftUpperLeg"] = CFrame.new(5.960464477539063e-08, 9.068753570318222e-08, 4.656612873077393e-10, 0.9970535039901733, -0.023720240220427513, -0.07294943928718567, -0.010345782153308392, 0.900718092918396, -0.43428102135658264, 0.07600811123847961, 0.4337560534477234, 0.8978187441825867),
            ["LeftUpperArm"] = CFrame.new(5.960464477539063e-08, 0, 0, 0.6817934513092041, 0.7208715081214905, 0.124507375061512, -0.7307081818580627, 0.6629400849342346, 0.1630217581987381, 0.03497685119509697, -0.20212574303150177, 0.9787347912788391),
            ["RightLowerArm"] = CFrame.new(4.172325134277344e-07, -2.384185791015625e-07, -6.51925802230835e-08, 1, 2.7939677238464355e-08, 5.5879341154252415e-09, -6.053596024457875e-08, 1, 4.190950697591234e-09, 4.656612428988183e-09, 1.3969838619232178e-09, 1),
            ["LeftHand"] = CFrame.new(-2.5890767574310303e-07, -5.960464477539063e-08, 3.725290298461914e-08, 0.030301786959171295, 0.13191764056682587, 0.9907975196838379, 0.52397221326828, 0.8420416712760925, -0.12813669443130493, -0.8511961698532104, 0.523033082485199, -0.043605830520391464),
            ["RightHand"] = CFrame.new(7.450580596923828e-08, -5.960464477539063e-08, -6.51925802230835e-08, 0.17133906483650208, -0.0854349359869957, -0.9815008640289307, -0.43015775084495544, 0.8897725939750671, -0.1525420993566513, 0.886344850063324, 0.4483366012573242, 0.11570235341787338),
            ["RightUpperArm"] = CFrame.new(0, 0, -2.2351741790771484e-08, 0.6222547888755798, -0.764555811882019, -0.1680871546268463, 0.7800609469413757, 0.6235979199409485, 0.05129045993089676, 0.06560434401035309, -0.16303396224975586, 0.9844368696212769),
            ["RightLowerLeg"] = CFrame.new(7.683411240577698e-09, -0.0000603795051574707, -0.00007202865526778623, 1, -8.195639367158947e-08, -2.3283067918100642e-08, 8.149072527885437e-08, 0.8378185629844666, 0.5459486246109009, -2.7008354663848877e-08, -0.5459489226341248, 0.8378188014030457),
            ["RightUpperLeg"] = CFrame.new(-8.940696716308594e-08, 1.0058283805847168e-07, 9.946234058588743e-09, 0.9995108246803284, 0.008533574640750885, -0.03009093552827835, -0.019016582518815994, 0.9296204447746277, -0.3680276870727539, 0.024832554161548615, 0.36841967701911926, 0.9293278455734253),
            ["LeftLowerLeg"] = CFrame.new(-1.210719347000122e-08, 0.000060677528381347656, 0.00007202848792076111, 1, 5.972106009721756e-08, 2.0023437130589627e-08, -6.123445928096771e-08, 0.7429300546646118, 0.6693690419197083, 1.9150320440530777e-08, -0.6693690419197083, 0.7429301142692566),
        }},
        {Time = 0.133, Data = {
            ["LeftFoot"] = CFrame.new(-5.960464477539063e-08, 1.1920928955078125e-07, 3.3527612686157227e-08, 0.9682794213294983, -0.12502089142799377, 0.21634414792060852, 0.09572793543338776, 0.9853730201721191, 0.14098285138607025, -0.2308054268360138, -0.11580058187246323, 0.9660844802856445),
            ["LeftLowerArm"] = CFrame.new(0, -5.960464477539062e-07, -1.1920928955078125e-07, 1, -1.4901159417490817e-08, -5.587935447692871e-09, 5.5879347371501353e-08, 0.9994343519210815, -0.03362981230020523, 2.4680044674596502e-08, 0.033629849553108215, 0.9994344115257263),
            ["LowerTorso"] = CFrame.new(-0.12158042192459106, 0.12927532196044922, 0.11491311341524124, 0.9999247193336487, 0.0009737593936733902, 0.012230330146849155, -0.0020968010649085045, 0.995742917060852, 0.09215035289525986, -0.012088531628251076, -0.09216906130313873, 0.9956700205802917),
            ["Head"] = CFrame.new(-1.1641532182693481e-08, 4.76837158203125e-07, 8.847564458847046e-09, 0.9964749217033386, 0.008875456638634205, -0.08342119306325912, -0.027885746210813522, 0.9728881120681763, -0.2295893132686615, 0.07912177592515945, 0.2311062514781952, 0.9697060585021973),
            ["RightFoot"] = CFrame.new(-5.587935447692871e-09, 2.980232238769531e-07, -2.7175701688975096e-08, 0.9757600426673889, 0.21738402545452118, 0.025230994448065758, -0.21823492646217346, 0.9751494526863098, 0.03817320987582207, -0.01630578376352787, -0.04275400936603546, 0.9989525675773621),
            ["UpperTorso"] = CFrame.new(1.4551915228366852e-09, -5.960464477539063e-08, 2.0954757928848267e-08, 0.999399721622467, 0.028089558705687523, 0.02028270997107029, -0.02459658868610859, 0.9875074028968811, -0.15564125776290894, -0.024401212111115456, 0.1550489366054535, 0.9876054525375366),
            ["HumanoidRootPart"] = CFrame.new(0, 0, 0, 1, 0, 0, 0, 1, 0, 0, 0, 1),
            ["LeftUpperLeg"] = CFrame.new(0, 3.707828000187874e-08, 2.7474015951156616e-08, 0.9974337816238403, -0.015199493616819382, -0.06996314972639084, -0.015434088185429573, 0.9085798263549805, -0.41742607951164246, 0.06991175562143326, 0.4174346327781677, 0.9060136675834656),
            ["LeftUpperArm"] = CFrame.new(5.960464477539063e-08, 3.5762786865234375e-07, -1.1175870895385742e-08, 0.7310632467269897, 0.6370213031768799, 0.24443896114826202, -0.6668944954872131, 0.7428402900695801, 0.05865255370736122, -0.14421620965003967, -0.20589378476142883, 0.9678892493247986),
            ["RightLowerArm"] = CFrame.new(5.960464477539062e-07, 3.5762786865234375e-07, -5.960464477539063e-08, 1, -3.259629011154175e-09, -3.725290298461914e-09, -6.05359673500061e-09, 0.99969482421875, -0.02470504119992256, 9.313225746154785e-09, 0.02470504492521286, 0.99969482421875),
            ["LeftHand"] = CFrame.new(-4.544854164123535e-07, 0, -5.21540641784668e-08, 0.0021822305861860514, 0.1472058743238449, 0.9891035556793213, 0.5900251865386963, 0.798398494720459, -0.12012550234794617, -0.8073818683624268, 0.5838581919670105, -0.0851128026843071),
            ["RightHand"] = CFrame.new(2.2258609533309937e-07, 3.5762786865234375e-07, 2.9802322387695312e-08, 0.11206291615962982, -0.09320224821567535, -0.9893206357955933, -0.39897701144218445, 0.9075989127159119, -0.13069650530815125, 0.9100875854492188, 0.40936243534088135, 0.06452255696058273),
            ["RightUpperArm"] = CFrame.new(0, 3.5762786865234375e-07, 7.450580596923828e-09, 0.7223750352859497, -0.6820704340934753, -0.11381666362285614, 0.6906201243400574, 0.7033067941665649, 0.16853345930576324, -0.03490364924073219, -0.2003483921289444, 0.9791028499603271),
            ["RightLowerLeg"] = CFrame.new(2.8405338525772095e-08, -0.000060439109802246094, -0.00007213296339614317, 1, -8.568168397005138e-08, -2.2817406630792902e-08, 8.475035429000854e-08, 0.8325332403182983, 0.5539749264717102, -2.468004822731018e-08, -0.5539751648902893, 0.8325334787368774),
            ["RightUpperLeg"] = CFrame.new(-2.9802322387695312e-08, -4.275352694094181e-08, 2.1587766241282225e-08, 0.9978142976760864, -0.0005966575117781758, -0.06607848405838013, -0.023617690429091454, 0.9306917190551758, -0.3650414049625397, 0.06171649321913719, 0.3658040761947632, 0.9286432862281799),
            ["LeftLowerLeg"] = CFrame.new(-1.30385160446167e-08, 0.000060558319091796875, 0.00007203593850135803, 1, 5.774199962615967e-08, 1.816079020500183e-08, -5.774199962615967e-08, 0.7481508851051331, 0.663528561592102, 2.0489096641540527e-08, -0.6635286211967468, 0.7481510043144226),
        }},
        {Time = 0.167, Data = {
            ["LeftFoot"] = CFrame.new(1.2060627341270447e-07, 0, 2.421438694000244e-08, 0.9650481939315796, -0.13677552342414856, 0.2235497236251831, 0.12197156995534897, 0.9894000291824341, 0.07880695164203644, -0.23195898532867432, -0.048785798251628876, 0.9715014100074768),
            ["LeftLowerArm"] = CFrame.new(1.1920928955078125e-07, 2.384185791015625e-07, 0, 1, -2.2351745343485163e-08, 1.4901159417490817e-08, -6.705522537231445e-08, 0.9999712705612183, -0.0075914738699793816, -1.862645149230957e-08, 0.007591464556753635, 0.9999712109565735),
            ["LowerTorso"] = CFrame.new(-0.1309346705675125, 0.18221211433410645, 0.09584702551364899, 0.9997850060462952, 0.0036836648359894753, 0.02040543220937252, -0.005071788560599089, 0.9976451992988586, 0.0683988407254219, -0.020105421543121338, -0.06848761439323425, 0.9974494576454163),
            ["Head"] = CFrame.new(-1.5832483768463135e-08, 2.384185791015625e-07, -2.7241185307502747e-08, 0.9973711967468262, 0.02008231170475483, -0.06962451338768005, -0.03435460478067398, 0.9770292043685913, -0.21031787991523743, 0.06380151212215424, 0.21215702593326569, 0.9751507043838501),
            ["RightFoot"] = CFrame.new(4.190951585769653e-08, 4.172325134277344e-07, 1.4733814168721437e-08, 0.980599582195282, 0.1958526372909546, 0.008142584003508091, -0.1955612301826477, 0.9802972674369812, -0.027805285528302193, -0.013427911326289177, 0.02567366138100624, 0.9995802044868469),
            ["UpperTorso"] = CFrame.new(1.3620592653751373e-08, 8.940696716308594e-08, 1.0943040251731873e-08, 0.9996732473373413, 0.023086270317435265, 0.010973990894854069, -0.021289177238941193, 0.989572286605835, -0.14245568215847015, -0.014148320071399212, 0.14217552542686462, 0.9897404313087463),
            ["HumanoidRootPart"] = CFrame.new(0, 0, 0, 1, 0, 0, 0, 1, 0, 0, 0, 1),
            ["LeftUpperLeg"] = CFrame.new(2.9802322387695312e-08, 2.2258609533309937e-07, 8.381903171539307e-09, 0.9982041716575623, -0.016787661239504814, -0.05750495195388794, -0.006491729058325291, 0.923964262008667, -0.3824239671230316, 0.059552520513534546, 0.38211047649383545, 0.9221959114074707),
            ["LeftUpperArm"] = CFrame.new(0, 1.1920928955078125e-07, 1.4901161193847656e-08, 0.7280980348587036, 0.61282879114151, 0.3071058690547943, -0.6448407173156738, 0.764308512210846, 0.0036374330520629883, -0.23249448835849762, -0.2006828337907791, 0.951668381690979),
            ["RightLowerArm"] = CFrame.new(0, -1.1920928955078125e-07, -1.4901161193847656e-08, 1, -2.60770320892334e-08, -5.587934559514451e-09, -2.7939673685750677e-08, 0.999599039554596, -0.028316792100667953, -3.7252898543727042e-09, 0.028316792100667953, 0.9995989799499512),
            ["LeftHand"] = CFrame.new(-4.470348358154297e-08, 0, -1.1920928955078125e-07, -0.008573816157877445, 0.15250015258789062, 0.9882663488388062, 0.5970922112464905, 0.7935539484024048, -0.11727356910705566, -0.8021268844604492, 0.5890805721282959, -0.09786032885313034),
            ["RightHand"] = CFrame.new(1.434236764907837e-07, -1.1920928955078125e-07, -4.842877388000488e-08, 0.06458588689565659, -0.11467304080724716, -0.9913015961647034, -0.3601287305355072, 0.9237549901008606, -0.13032247126102448, 0.9306642413139343, 0.36541324853897095, 0.018364422023296356),
            ["RightUpperArm"] = CFrame.new(0, 4.76837158203125e-07, -1.30385160446167e-08, 0.7561882138252258, -0.6496378183364868, -0.0784229263663292, 0.648634672164917, 0.7283644676208496, 0.22081303596496582, -0.08632800728082657, -0.21784403920173645, 0.9721582531929016),
            ["RightLowerLeg"] = CFrame.new(8.009374141693115e-08, -0.000060617923736572266, -0.00007217766687972471, 1, -8.568167686462402e-08, -2.60770320892334e-08, 8.66129994392395e-08, 0.8210301399230957, 0.5708845257759094, -2.7008354663848877e-08, -0.5708848237991333, 0.8210303783416748),
            ["RightUpperLeg"] = CFrame.new(-5.960464477539063e-08, 1.8510036170482635e-08, 1.4602846931666136e-08, 0.9961802363395691, -0.0010903171496465802, -0.08731462061405182, -0.02848488837480545, 0.9411669373512268, -0.33673936128616333, 0.08254477381706238, 0.3379400670528412, 0.9375408887863159),
            ["LeftLowerLeg"] = CFrame.new(-5.122274160385132e-09, 0.00006073713302612305, 0.0000721123069524765, 1, 5.587935447692871e-08, 1.7229465854029513e-08, -5.727633833885193e-08, 0.7624059915542603, 0.6470990180969238, 1.932494342327118e-08, -0.6470990777015686, 0.7624059319496155),
        }},
        {Time = 0.200, Data = {
            ["LeftFoot"] = CFrame.new(-1.1641532182693481e-09, -5.960464477539063e-08, 2.561137080192566e-09, 0.9623479247093201, -0.13858960568904877, 0.2338363230228424, 0.13906727731227875, 0.9901763796806335, 0.01452734787017107, -0.2335525006055832, 0.01853860355913639, 0.972167432308197),
            ["LeftLowerArm"] = CFrame.new(-2.9802322387695312e-08, -4.172325134277344e-07, 7.450580596923828e-08, 1, -7.450580596923828e-09, -2.2351738238057806e-08, -4.470347647611561e-08, 0.9994463920593262, -0.03327175974845886, -7.4505797087454084e-09, 0.03327174112200737, 0.9994463324546814),
            ["LowerTorso"] = CFrame.new(-0.13898055255413055, 0.19940948486328125, 0.08443330973386765, 0.999606192111969, 0.005185483489185572, 0.027578696608543396, -0.006926862522959709, 0.997962474822998, 0.06342636048793793, -0.02719360776245594, -0.06359241157770157, 0.9976053833961487),
            ["Head"] = CFrame.new(2.421438694000244e-08, -3.5762786865234375e-07, 6.752088665962219e-09, 0.997210681438446, 0.028068330138921738, -0.06915966421365738, -0.040107641369104385, 0.9829625487327576, -0.17937684059143066, 0.06294655054807663, 0.18165042996406555, 0.9813464879989624),
            ["RightFoot"] = CFrame.new(-2.421438694000244e-08, 2.384185791015625e-07, 4.489265847951174e-09, 0.9864518642425537, 0.16385987401008606, -0.00792534090578556, -0.16402438282966614, 0.9842633008956909, -0.06574014574289322, -0.002971597481518984, 0.06614972651004791, 0.9978053569793701),
            ["UpperTorso"] = CFrame.new(-1.5832483768463135e-08, -1.1920928955078125e-07, 2.468004822731018e-08, 0.999793291091919, 0.019948959350585938, 0.003927350044250488, -0.019117966294288635, 0.9881405830383301, -0.15235742926597595, -0.006920148152858019, 0.15225085616111755, 0.9883177280426025),
            ["HumanoidRootPart"] = CFrame.new(0, 0, 0, 1, 0, 0, 0, 1, 0, 0, 0, 1),
            ["LeftUpperLeg"] = CFrame.new(2.9802322387695312e-08, -9.42964106798172e-08, 2.7939677238464355e-08, 0.9994492530822754, -0.012236270122230053, -0.03084934689104557, -0.0009517589933238924, 0.9185976982116699, -0.3951929807662964, 0.0331738218665123, 0.39500463008880615, 0.9180800914764404),
            ["LeftUpperArm"] = CFrame.new(-1.1920928955078125e-07, 0, -3.725290298461914e-09, 0.721964418888092, 0.6465992331504822, 0.2463265210390091, -0.6731006503105164, 0.7387917041778564, 0.033502526581287384, -0.16032128036022186, -0.18999020755290985, 0.9686077237129211),
            ["RightLowerArm"] = CFrame.new(4.76837158203125e-07, 2.384185791015625e-07, -2.9802322387695312e-08, 1, 7.17118453508192e-08, 1.6763804566721774e-08, 5.3551048040390015e-09, 0.9999945759773254, -0.0033226567320525646, -7.450580596923828e-09, 0.0033226502127945423, 0.9999945163726807),
            ["LeftHand"] = CFrame.new(-2.980232238769531e-07, 1.7881393432617188e-07, 2.9802322387695312e-08, -0.01363055594265461, 0.1560586839914322, 0.9876538515090942, 0.5746405124664307, 0.8095624446868896, -0.11998797953128815, -0.8182924389839172, 0.565910279750824, -0.10071247816085815),
            ["RightHand"] = CFrame.new(-2.2910535335540771e-07, 2.384185791015625e-07, -2.9802322387695312e-08, 0.01686283014714718, -0.12737210094928741, -0.9917117953300476, -0.3706815540790558, 0.9203758239746094, -0.12451255321502686, 0.9286069869995117, 0.36970892548561096, -0.031694330275058746),
            ["RightUpperArm"] = CFrame.new(0, 0, -5.587935447692871e-09, 0.7245755195617676, -0.6806875467300415, -0.10795687139034271, 0.6870092153549194, 0.7008944153785706, 0.19174344837665558, -0.05485104024410248, -0.21310003101825714, 0.9754894971847534),
            ["RightLowerLeg"] = CFrame.new(6.612390279769897e-08, -0.000060439109802246094, -0.00007208267197711393, 1, -8.940698137394065e-08, -1.6763808119435453e-08, 8.754432911928234e-08, 0.8186635971069336, 0.5742731690406799, -3.3527616238870905e-08, -0.5742735266685486, 0.8186637759208679),
            ["RightUpperLeg"] = CFrame.new(-8.940696716308594e-08, -1.621665433049202e-07, 2.0656443666666746e-08, 0.9957815408706665, 0.004829781129956245, -0.09162846952676773, -0.03611140698194504, 0.9386528730392456, -0.3429677188396454, 0.08435085415840149, 0.34482961893081665, 0.9348676204681396),
            ["LeftLowerLeg"] = CFrame.new(-5.459878593683243e-08, 0.000060677528381347656, 0.00007200147956609726, 1, 5.820765380804005e-08, 2.2118911147117615e-08, -5.844049155712128e-08, 0.7436622381210327, 0.6685556173324585, 2.293381839990616e-08, -0.6685555577278137, 0.7436622381210327),
        }},
        {Time = 0.233, Data = {
            ["LeftFoot"] = CFrame.new(-8.638016879558563e-08, 5.960464477539063e-08, -6.891787052154541e-08, 0.9625312685966492, -0.1442241072654724, 0.2296365648508072, 0.156685933470726, 0.9869592189788818, -0.03689213842153549, -0.22132118046283722, 0.07149065285921097, 0.9725770354270935),
            ["LeftLowerArm"] = CFrame.new(1.7881393432617188e-07, -1.1920928955078125e-07, -4.284083843231201e-08, 1, -6.612390279769897e-08, 3.7252894102834944e-09, 3.352760913344355e-08, 0.9947521090507507, -0.10231486707925797, -1.5133989617055477e-09, 0.10231490433216095, 0.9947521090507507),
            ["LowerTorso"] = CFrame.new(-0.14715731143951416, 0.1886610984802246, 0.07788339257240295, 0.9996479153633118, 0.006445583887398243, 0.02573849819600582, -0.008150995709002018, 0.9977388381958008, 0.06671396642923355, -0.02525028958916664, -0.06690026819705963, 0.9974400997161865),
            ["Head"] = CFrame.new(6.984919309616089e-09, -2.384185791015625e-07, 4.819594323635101e-08, 0.9972047805786133, 0.026304319500923157, -0.0699337050318718, -0.037123553454875946, 0.9867052435874939, -0.1582237035036087, 0.06484198570251465, 0.16037783026695251, 0.9849236011505127),
            ["RightFoot"] = CFrame.new(-1.0244548320770264e-08, 2.980232238769531e-07, 1.845910446718335e-08, 0.9922928810119629, 0.12233515828847885, -0.019724657759070396, -0.1236376166343689, 0.9880927801132202, -0.09157703071832657, 0.008286673575639725, 0.09331017732620239, 0.9956027269363403),
            ["UpperTorso"] = CFrame.new(4.423782229423523e-09, 2.9802322387695312e-08, 2.2351741790771484e-08, 0.9997766613960266, 0.02031952142715454, 0.005809207446873188, -0.019071482121944427, 0.9858992695808411, -0.16624976694583893, -0.009105408564209938, 0.16610181331634521, 0.9860666394233704),
            ["HumanoidRootPart"] = CFrame.new(0, 0, 0, 1, 0, 0, 0, 1, 0, 0, 0, 1),
            ["LeftUpperLeg"] = CFrame.new(0, 7.869675755500793e-08, 3.3527612686157227e-08, 0.9999937415122986, -0.0022727265022695065, 0.0027142635080963373, 0.0031962853390723467, 0.9092480540275574, -0.41624245047569275, -0.0015219328925013542, 0.41624850034713745, 0.9092496037483215),
            ["LeftUpperArm"] = CFrame.new(0, 1.1920928955078125e-07, -3.725290298461914e-09, 0.6767717599868774, 0.7238211035728455, 0.13439933955669403, -0.7359992861747742, 0.6694098711013794, 0.10097202658653259, -0.016882603988051414, -0.16725283861160278, 0.9857695698738098),
            ["RightLowerArm"] = CFrame.new(4.172325134277344e-07, -3.5762786865234375e-07, -5.960464477539063e-08, 1, 2.1886082279820585e-08, 0, -4.0512528443059637e-08, 1, -7.450578820566989e-09, -7.4505797087454084e-09, 3.725290742551124e-09, 1),
            ["LeftHand"] = CFrame.new(1.2293457984924316e-07, 1.7881393432617188e-07, 0, -0.011585459113121033, 0.16186504065990448, 0.9867449402809143, 0.5203316807746887, 0.8436563014984131, -0.13228382170200348, -0.8538857102394104, 0.5119021534919739, -0.09399763494729996),
            ["RightHand"] = CFrame.new(-1.8998980522155762e-07, 2.980232238769531e-07, -3.725290298461914e-08, -0.020823849365115166, -0.14678865671157837, -0.9889487028121948, -0.37217292189598083, 0.919211208820343, -0.1286008507013321, 0.9279298186302185, 0.3653819262981415, -0.07377228885889053),
            ["RightUpperArm"] = CFrame.new(-5.960464477539063e-08, 2.384185791015625e-07, 1.862645149230957e-09, 0.6324677467346191, -0.7617706060409546, -0.1403220295906067, 0.7745791077613831, 0.6211917400360107, 0.1189454048871994, -0.003442185465246439, -0.18391965329647064, 0.9829353094100952),
            ["RightLowerLeg"] = CFrame.new(2.3283064365386963e-08, -0.000060498714447021484, -0.00007218139217002317, 1, -9.12696123123169e-08, -2.7008354663848877e-08, 9.313227167240257e-08, 0.7936350107192993, 0.6083937883377075, -3.632158396271734e-08, -0.608394205570221, 0.7936353087425232),
            ["RightUpperLeg"] = CFrame.new(-2.9802322387695312e-08, -7.194466888904572e-08, 2.8107024263590574e-08, 0.9962825775146484, 0.01138870045542717, -0.0853893905878067, -0.0434131994843483, 0.9225267171859741, -0.38348379731178284, 0.07440660148859024, 0.38576507568359375, 0.9195916652679443),
            ["LeftLowerLeg"] = CFrame.new(7.82310962677002e-08, 0.000060498714447021484, 0.00007205735892057419, 1, 5.8673322200775146e-08, 2.246815711259842e-08, -6.100162863731384e-08, 0.7279913425445557, 0.6855863928794861, 2.514570951461792e-08, -0.6855863928794861, 0.7279913425445557),
        }},
        {Time = 0.267, Data = {
            ["LeftFoot"] = CFrame.new(9.080395102500916e-09, -1.1920928955078125e-07, -1.4901161193847656e-08, 0.9689212441444397, -0.16540315747261047, 0.183939129114151, 0.18284162878990173, 0.9797031283378601, -0.08216379582881927, -0.1666155606508255, 0.11324197798967361, 0.9794976711273193),
            ["LeftLowerArm"] = CFrame.new(-1.7881393432617188e-07, 5.960464477539063e-08, -5.21540641784668e-08, 1, 2.5262121283731176e-08, 2.7939672797572257e-09, -1.5366820704798556e-08, 0.9912096261978149, -0.13230068981647491, 2.7939672797572257e-09, 0.13230068981647491, 0.9912096858024597),
            ["LowerTorso"] = CFrame.new(-0.15683868527412415, 0.1397554874420166, 0.07230618596076965, 0.999847412109375, 0.007614062167704105, 0.01572776399552822, -0.008578660897910595, 0.9980266690254211, 0.06220297887921333, -0.01522311195731163, -0.06232840195298195, 0.9979395866394043),
            ["Head"] = CFrame.new(1.30385160446167e-08, 2.384185791015625e-07, 9.546056389808655e-09, 0.9977985620498657, 0.023282580077648163, -0.062097400426864624, -0.03162877634167671, 0.990064799785614, -0.13700860738754272, 0.05829053744673729, 0.13867118954658508, 0.9886215925216675),
            ["RightFoot"] = CFrame.new(1.30385160446167e-08, 3.5762786865234375e-07, 2.8703652787953615e-08, 0.9968221187591553, 0.0791211724281311, -0.009257371537387371, -0.07962661236524582, 0.993049144744873, -0.08667747676372528, 0.0023349879775196314, 0.08713938295841217, 0.9961934089660645),
            ["UpperTorso"] = CFrame.new(-1.3213139027357101e-08, 1.4901161193847656e-07, -9.080395102500916e-09, 0.9996629357337952, 0.024733539670705795, 0.007903289049863815, -0.02303357981145382, 0.9852105379104614, -0.16979311406612396, -0.011985988356173038, 0.16955381631851196, 0.9854480624198914),
            ["HumanoidRootPart"] = CFrame.new(0, 0, 0, 1, 0, 0, 0, 1, 0, 0, 0, 1),
            ["LeftUpperLeg"] = CFrame.new(2.9802322387695312e-08, 9.499490261077881e-08, 2.1420419216156006e-08, 0.9997854828834534, 0.005774000659584999, 0.01989414170384407, 0.002906187903136015, 0.9117743968963623, -0.4106810688972473, -0.020510246977210045, 0.4106508195400238, 0.9115619659423828),
            ["LeftUpperArm"] = CFrame.new(5.960464477539063e-08, 1.1920928955078125e-07, 9.313225746154785e-09, 0.5529043674468994, 0.8305802941322327, 0.06658297032117844, -0.8307334184646606, 0.543275773525238, 0.12138205766677856, 0.06464458256959915, -0.12242536246776581, 0.9903702735900879),
            ["RightLowerArm"] = CFrame.new(2.980232238769531e-07, -5.960464477539063e-08, -4.470348358154297e-08, 1, 8.381902283360887e-09, -7.450578820566989e-09, 6.9849175332592495e-09, 1, 0, -7.450578820566989e-09, -7.4505797087454084e-09, 1),
            ["LeftHand"] = CFrame.new(-2.0023435354232788e-07, 5.960464477539063e-08, -7.450580596923828e-09, -0.009662903845310211, 0.17572419345378876, 0.9843920469284058, 0.49218636751174927, 0.8577664494514465, -0.14828874170780182, -0.8704362511634827, 0.48307132720947266, -0.09477751702070236),
            ["RightHand"] = CFrame.new(3.0919909477233887e-07, 0, -5.960464477539063e-08, -0.054645784199237823, -0.15644995868206024, -0.9861730337142944, -0.38355231285095215, 0.9151659607887268, -0.12393153458833694, 0.9219011068344116, 0.37147656083106995, -0.11001674085855484),
            ["RightUpperArm"] = CFrame.new(0, 1.1920928955078125e-07, -5.587935447692871e-09, 0.4804963171482086, -0.8675195574760437, -0.12858116626739502, 0.8763734102249146, 0.4804929494857788, 0.033109165728092194, 0.03305951505899429, -0.12859395146369934, 0.9911461472511292),
