return {
    ["Hype Medley"] = {
        {Time = 0.000, Data = {
            ["RightFoot"] = CFrame.new(-7.450580596923828e-09, 4.76837158203125e-07, 9.110226528719068e-08, 0.9362683892250061, 0.22231027483940125, -0.271993488073349, -0.30979064106941223, 0.8875814080238342, -0.3409234881401062, 0.16562405228614807, 0.40345698595046997, 0.8998838067054749),
            ["LeftLowerArm"] = CFrame.new(-2.980232238769531e-07, -3.5762786865234375e-07, -5.960464477539063e-08, 1, -5.867331509534779e-08, 9.685754776000977e-08, 5.21540641784668e-08, -0.35872703790664673, -0.9334424138069153, 2.8312206268310547e-07, 0.9334425330162048, -0.35872724652290344),
            ["LeftFoot"] = CFrame.new(1.341104507446289e-07, 5.960464477539063e-08, -6.705522537231445e-08, 0.9606265425682068, -0.2634938359260559, 0.08813448995351791, 0.27625682950019836, 0.93966144323349, -0.2017887830734253, -0.02964678220450878, 0.21819141507148743, 0.9754555821418762),
            ["Head"] = CFrame.new(-9.080395102500916e-09, 1.1920928955078125e-07, -7.916241884231567e-09, 0.9134274125099182, -0.04830741137266159, 0.4041249752044678, 0.017219366505742073, 0.9966290593147278, 0.08021274209022522, -0.4066375195980072, -0.06630964577198029, 0.9111799597740173),
            ["LowerTorso"] = CFrame.new(-0.12772877514362335, -0.15373945236206055, 0.07015258073806763, 0.8998460173606873, -0.03138221055269241, -0.43507733941078186, 0.04624002426862717, 0.9986515045166016, 0.02360273152589798, 0.4337499141693115, -0.04135680943727493, 0.9000836610794067),
            ["UpperTorso"] = CFrame.new(-5.587935447692871e-09, 2.384185791015625e-07, 7.450580596923828e-09, 0.9925135970115662, 0.05839471518993378, -0.10727023333311081, -0.056300945580005646, 0.9981614947319031, 0.02244706079363823, 0.10838377475738525, -0.016239602118730545, 0.9939764738082886),
            ["HumanoidRootPart"] = CFrame.new(0, 0, 0, 1, 0, 0, 0, 1, 0, 0, 0, 1),
            ["RightUpperLeg"] = CFrame.new(0, 2.1792948246002197e-07, 1.3205863069742918e-08, 0.9328852891921997, -0.22851255536079407, -0.27839910984039307, 0.19744789600372314, 0.9709287285804749, -0.13532157242298126, 0.3012297451496124, 0.07127036899328232, 0.9508848786354065),
            ["LeftUpperArm"] = CFrame.new(0, 0, -4.470348358154297e-08, 0.9132778644561768, 0.32412973046302795, -0.24670498073101044, -0.22122585773468018, 0.9032309651374817, 0.36774054169654846, 0.3420272767543793, -0.2812718152999878, 0.8966067433357239),
            ["RightLowerArm"] = CFrame.new(1.7881393432617188e-07, 3.5762786865234375e-07, -8.940696716308594e-08, 1, -5.8673329306202504e-08, 1.3364478945732117e-07, 1.1175868053214799e-07, -0.24162453413009644, -0.970369815826416, 1.1175868053214799e-07, 0.9703698754310608, -0.24162451922893524),
            ["LeftHand"] = CFrame.new(5.960464477539063e-08, -1.1920928955078125e-07, -1.9371509552001953e-07, 0.8942135572433472, -0.4473522901535034, -0.0160672664642334, 0.44759225845336914, 0.8930132985115051, 0.0467793270945549, -0.006578529253602028, -0.04902210831642151, 0.9987760782241821),
            ["RightHand"] = CFrame.new(1.0803341865539551e-07, 5.960464477539063e-08, -2.561137080192566e-08, 0.9031983017921448, 0.3960808217525482, -0.1653871089220047, -0.3694249391555786, 0.9135229587554932, 0.1702977865934372, 0.2185365855693817, -0.09271452575922012, 0.97141432762146),
            ["RightUpperArm"] = CFrame.new(0, 1.1920928955078125e-07, 4.470348358154297e-08, 0.6564372777938843, -0.36930131912231445, 0.6578044891357422, 0.27332237362861633, 0.9291648268699646, 0.24889278411865234, -0.7031252384185791, 0.01641026884317398, 0.7108767628669739),
            ["RightLowerLeg"] = CFrame.new(8.940696716308594e-08, -0.000060558319091796875, -0.00007214972720248625, 1, -7.450581307466564e-08, -8.195640788244418e-08, 7.823110337312755e-08, 0.836405336856842, 0.5481109023094177, 7.450581485102248e-09, -0.5481114387512207, 0.8364056944847107),
            ["LeftUpperLeg"] = CFrame.new(2.9802322387695312e-08, 1.6763806343078613e-07, -3.3527612686157227e-08, 0.9500465989112854, 0.270745187997818, -0.15526901185512543, -0.3120412826538086, 0.8136793971061707, -0.49046504497528076, -0.006451605353504419, 0.5144150853157043, 0.8575171232223511),
            ["LeftLowerLeg"] = CFrame.new(-1.4901161193847656e-08, 0.00006085634231567383, 0.00007221102714538574, 1, 5.587936158235607e-08, 3.3527612686157227e-08, -3.166496753692627e-08, 0.7327603697776794, 0.6804869771003723, -1.4901161193847656e-08, -0.6804868578910828, 0.7327601909637451),
        }},
        {Time = 0.033, Data = {
            ["RightFoot"] = CFrame.new(-2.2351741790771484e-08, 2.980232238769531e-07, 4.639878170564771e-08, 0.9375226497650146, 0.21012558043003082, -0.2773074507713318, -0.3045012354850769, 0.8811227083206177, -0.3618030250072479, 0.1683163344860077, 0.4236391484737396, 0.8900556564331055),
            ["LeftLowerArm"] = CFrame.new(1.1920928955078125e-07, 5.960464477539063e-08, 1.1920928955078125e-07, 1, -2.1234149016891024e-07, 1.0430814256778831e-07, 4.470348358154297e-08, -0.38907384872436523, -0.9212065935134888, 2.5331974029541016e-07, 0.9212065935134888, -0.38907402753829956),
            ["LeftFoot"] = CFrame.new(-2.9802322387695312e-08, 1.1920928955078125e-07, 3.725290298461914e-08, 0.9625222086906433, -0.25546085834503174, 0.09105519205331802, 0.2692343294620514, 0.9404517412185669, -0.20751722157001495, -0.03262026607990265, 0.22425523400306702, 0.9739844799041748),
            ["Head"] = CFrame.new(-6.984919309616089e-09, 0, -1.862645149230957e-09, 0.9201472401618958, -0.04958203062415123, 0.388420969247818, 0.0198015458881855, 0.9965736865997314, 0.08030424267053604, -0.39107170701026917, -0.06620028614997864, 0.9179763197898865),
            ["LowerTorso"] = CFrame.new(-0.13807909190654755, -0.1557621955871582, 0.05834781378507614, 0.9050247073173523, -0.028080636635422707, -0.42443105578422546, 0.04175887256860733, 0.998863935470581, 0.022957978770136833, 0.4233042001724243, -0.038501299917697906, 0.9051691889762878),
            ["UpperTorso"] = CFrame.new(3.725290298461914e-09, -1.7881393432617188e-07, 1.4901161193847656e-08, 0.9933393597602844, 0.05549316853284836, -0.1009828969836235, -0.05313371121883392, 0.9982513189315796, 0.02590855583548546, 0.10224398970603943, -0.020370393991470337, 0.9945507645606995),
            ["HumanoidRootPart"] = CFrame.new(0, 0, 0, 1, 0, 0, 0, 1, 0, 0, 0, 1),
            ["RightUpperLeg"] = CFrame.new(0, -2.8032809495925903e-07, -1.6596459317952394e-08, 0.9437885284423828, -0.2295529544353485, -0.23784013092517853, 0.1986009031534195, 0.968973696231842, -0.14713214337825775, 0.2642366886138916, 0.09162644296884537, 0.960096001625061),
            ["LeftUpperArm"] = CFrame.new(-1.1920928955078125e-07, 0, -1.4901161193847656e-08, 0.911878228187561, 0.3356005549430847, -0.2363271266222, -0.23288391530513763, 0.8971311450004578, 0.37539446353912354, 0.33799901604652405, -0.2872771620750427, 0.8962302207946777),
            ["RightLowerArm"] = CFrame.new(0, -7.748603820800781e-07, 1.4901161193847656e-07, 1, -5.494803900774059e-08, 6.053598156086082e-08, 8.568168397005138e-08, -0.2564988434314728, -0.9665445685386658, 1.1920930376163597e-07, 0.9665446281433105, -0.2564988434314728),
            ["LeftHand"] = CFrame.new(-1.7881393432617188e-07, 1.1920928955078125e-07, 2.682209014892578e-07, 0.9218385219573975, -0.381478875875473, 0.06846867501735687, 0.36971792578697205, 0.9185409545898438, 0.13996729254722595, -0.11628570407629013, -0.10371312499046326, 0.987786054611206),
            ["RightHand"] = CFrame.new(1.862645149230957e-07, -5.960464477539063e-08, -2.2258609533309937e-07, 0.9074233770370483, 0.3569108247756958, -0.22180533409118652, -0.32809242606163025, 0.9315535426139832, 0.1567263901233673, 0.26256099343299866, -0.06944461166858673, 0.9624132513999939),
            ["RightUpperArm"] = CFrame.new(0, -1.1920928955078125e-07, 4.470348358154297e-08, 0.6520812511444092, -0.37325870990753174, 0.6599000692367554, 0.27886632084846497, 0.9274752140045166, 0.24904482066631317, -0.7049990296363831, 0.02162647247314453, 0.7088784575462341),
            ["RightLowerLeg"] = CFrame.new(2.9802322387695312e-08, -0.0000603795051574707, -0.00007207522139651701, 1, -2.2351741790771484e-08, -7.450580596923828e-08, 9.313224325069314e-08, 0.8194369077682495, 0.5731688737869263, 0, -0.573169469833374, 0.8194372653961182),
            ["LeftUpperLeg"] = CFrame.new(0, -2.1094456315040588e-07, 5.21540641784668e-08, 0.9539271593093872, 0.2515903115272522, -0.16347898542881012, -0.29991716146469116, 0.8150632977485657, -0.49570325016975403, 0.008531395345926285, 0.5218946933746338, 0.8529672026634216),
            ["LeftLowerLeg"] = CFrame.new(0, 0.00006073713302612305, 0.00007215142250061035, 1, 8.940698137394065e-08, 3.72529100900465e-08, -5.8673322200775146e-08, 0.7252705097198486, 0.6884641647338867, -1.4901161193847656e-08, -0.6884639859199524, 0.7252704501152039),
        }},
        {Time = 0.067, Data = {
            ["RightFoot"] = CFrame.new(-5.21540641784668e-08, 1.7881393432617188e-07, -7.281050784513354e-08, 0.9398178458213806, 0.1934383362531662, -0.2816470265388489, -0.2953279912471771, 0.8744332194328308, -0.3848994970321655, 0.17182506620883942, 0.4449135661125183, 0.8789352774620056),
            ["LeftLowerArm"] = CFrame.new(0, 2.384185791015625e-07, 1.1920928955078125e-07, 1, -1.678708798635853e-07, 1.4156104555240745e-07, 7.450581307466564e-08, -0.43341633677482605, -0.9011937379837036, 8.940698137394065e-08, 0.9011938571929932, -0.43341657519340515),
            ["LeftFoot"] = CFrame.new(2.2351741790771484e-08, 1.7881393432617188e-07, 1.862645149230957e-08, 0.9651005864143372, -0.2447931319475174, 0.0930454432964325, 0.2595151364803314, 0.9416235685348511, -0.2144690304994583, -0.03511310741305351, 0.23113107681274414, 0.9722888469696045),
            ["Head"] = CFrame.new(-7.450580596923828e-09, 1.1920928955078125e-07, 7.450580596923828e-09, 0.9301158785820007, -0.04770990461111069, 0.36415404081344604, 0.021255336701869965, 0.9968572854995728, 0.07631401717662811, -0.36665064096450806, -0.06324061006307602, 0.9282069206237793),
            ["LowerTorso"] = CFrame.new(-0.1506188064813614, -0.15845942497253418, 0.04158511385321617, 0.9130349159240723, -0.02448696829378605, -0.40714573860168457, 0.03563752397894859, 0.9991681575775146, 0.019825097173452377, 0.40632158517837524, -0.03261066973209381, 0.913148045539856),
            ["UpperTorso"] = CFrame.new(5.587935447692871e-09, -8.940696716308594e-08, 3.725290298461914e-09, 0.9945265054702759, 0.050675392150878906, -0.09137294441461563, -0.04777713119983673, 0.9982916712760925, 0.033633481711149216, 0.09292121231555939, -0.029083842411637306, 0.9952486753463745),
            ["HumanoidRootPart"] = CFrame.new(0, 0, 0, 1, 0, 0, 0, 1, 0, 0, 0, 1),
            ["RightUpperLeg"] = CFrame.new(0, 2.6961788535118103e-07, 9.480572771281004e-09, 0.9541267156600952, -0.23098424077033997, -0.19049273431301117, 0.200078085064888, 0.9652240872383118, -0.16826024651527405, 0.22273558378219604, 0.12242834270000458, 0.9671613574028015),
            ["LeftUpperArm"] = CFrame.new(0, -2.384185791015625e-07, -1.4901161193847656e-08, 0.9049882888793945, 0.36180490255355835, -0.22381605207920074, -0.2582482397556305, 0.88525390625, 0.3868247866630554, 0.33808907866477966, -0.29227185249328613, 0.8945798873901367),
            ["RightLowerArm"] = CFrame.new(5.960464477539063e-08, -2.384185791015625e-07, -2.682209014892578e-07, 1, -6.146727571376687e-08, 1.1920930376163597e-07, 7.078052277620372e-08, -0.28425726294517517, -0.9587480425834656, 8.940698137394065e-08, 0.9587480425834656, -0.2842573821544647),
            ["LeftHand"] = CFrame.new(-5.960464477539063e-08, 1.7881393432617188e-07, -1.4901161193847656e-08, 0.9440827369689941, -0.2629318833351135, 0.19893380999565125, 0.22365689277648926, 0.9540259838104248, 0.19952940940856934, -0.24225065112113953, -0.14387929439544678, 0.9594860076904297),
            ["RightHand"] = CFrame.new(-1.1175870895385742e-07, 5.960464477539063e-08, 6.332993507385254e-08, 0.901780903339386, 0.3144266605377197, -0.296525776386261, -0.2855067253112793, 0.9484681487083435, 0.13745497167110443, 0.3244645893573761, -0.039294060319662094, 0.9450812935829163),
            ["RightUpperArm"] = CFrame.new(0, -1.1920928955078125e-07, 1.4901161193847656e-08, 0.6461859345436096, -0.3786104619503021, 0.6626445651054382, 0.2899295389652252, 0.9249563217163086, 0.24575714766979218, -0.705963671207428, 0.03331546485424042, 0.7074642181396484),
            ["RightLowerLeg"] = CFrame.new(1.341104507446289e-07, -0.000060439109802246094, -0.00007207522139651701, 1, -6.705523247774181e-08, -5.215407838932151e-08, 8.195637946073475e-08, 0.7896255850791931, 0.6135887503623962, 1.1175869119028903e-08, -0.6135890483856201, 0.7896258234977722),
            ["LeftUpperLeg"] = CFrame.new(1.1920928955078125e-07, 1.3597309589385986e-07, -1.862645149230957e-08, 0.9584023952484131, 0.2260531485080719, -0.17425525188446045, -0.28391554951667786, 0.8176648020744324, -0.5008156895637512, 0.029271259903907776, 0.5294567346572876, 0.8478317856788635),
            ["LeftLowerLeg"] = CFrame.new(2.9802322387695312e-08, 0.00006085634231567383, 0.00007218122482299805, 1, 7.450581307466564e-08, 4.842877388000488e-08, -2.6077035641947077e-08, 0.7157782316207886, 0.6983275413513184, 1.4901162970204496e-08, -0.6983276605606079, 0.7157784104347229),
        }},
        {Time = 0.100, Data = {
            ["RightFoot"] = CFrame.new(7.450580596923828e-09, 2.384185791015625e-07, 4.639878170564771e-08, 0.9454697370529175, 0.17788270115852356, -0.2728467285633087, -0.279282808303833, 0.8737946152687073, -0.3981006443500519, 0.16759532690048218, 0.45259353518486023, 0.8758255839347839),
            ["LeftLowerArm"] = CFrame.new(1.1920928955078125e-07, -3.5762786865234375e-07, 0, 1, -1.355074203956974e-07, 8.195639367158947e-08, 8.195637946073475e-08, -0.49378007650375366, -0.8695868849754333, 1.7881390590446244e-07, 0.8695867657661438, -0.49378013610839844),
            ["LeftFoot"] = CFrame.new(0, 5.960464477539063e-08, 7.450580596923828e-09, 0.9678499102592468, -0.23518115282058716, 0.08919833600521088, 0.24941034615039825, 0.943252682685852, -0.2192462831735611, -0.03257369622588158, 0.23444469273090363, 0.9715836048126221),
            ["Head"] = CFrame.new(-1.862645149230957e-09, -4.76837158203125e-07, -2.2351741790771484e-08, 0.9423331022262573, -0.0391346700489521, 0.3323805034160614, 0.021170971915125847, 0.9981212019920349, 0.05749758332967758, -0.3340061604976654, -0.04714496433734894, 0.9413912296295166),
            ["LowerTorso"] = CFrame.new(-0.16156622767448425, -0.1616058349609375, 0.02647504396736622, 0.9232876300811768, -0.023628370836377144, -0.38338184356689453, 0.03240640088915825, 0.9993393421173096, 0.01645270735025406, 0.3827398121356964, -0.02761460654437542, 0.9234433770179749),
            ["UpperTorso"] = CFrame.new(8.847564458847046e-09, 0, -9.313225746154785e-10, 0.9956387281417847, 0.04391404613852501, -0.0823114886879921, -0.040157295763492584, 0.9980989098548889, 0.04675418138504028, 0.08420809358358383, -0.043244846165180206, 0.9955094456672668),
            ["HumanoidRootPart"] = CFrame.new(0, 0, 0, 1, 0, 0, 0, 1, 0, 0, 0, 1),
            ["RightUpperLeg"] = CFrame.new(1.1920928955078125e-07, -8.707866072654724e-08, -3.708555595949292e-08, 0.9585811495780945, -0.2333257794380188, -0.16334250569343567, 0.19836704432964325, 0.9584540724754333, -0.20497922599315643, 0.20438428223133087, 0.16408781707286835, 0.9650403261184692),
            ["LeftUpperArm"] = CFrame.new(5.960464477539063e-08, -3.5762786865234375e-07, -4.470348358154297e-08, 0.896533191204071, 0.3942440450191498, -0.2019903063774109, -0.2931050956249237, 0.8698440790176392, 0.39681318402290344, 0.332141250371933, -0.2965518832206726, 0.8953989744186401),
            ["RightLowerArm"] = CFrame.new(1.7881393432617188e-07, 3.5762786865234375e-07, 0, 1, -3.352760913344355e-08, 1.005828522693264e-07, 7.078050145992165e-08, -0.32603374123573303, -0.945358157157898, 1.4901158351676713e-07, 0.945358157157898, -0.3260338008403778),
            ["LeftHand"] = CFrame.new(5.960464477539063e-08, 0, 3.725290298461914e-07, 0.935620129108429, -0.11953944712877274, 0.332152396440506, 0.06691887229681015, 0.9839189648628235, 0.16560609638690948, -0.34660762548446655, -0.1327172815799713, 0.9285738468170166),
            ["RightHand"] = CFrame.new(3.725290298461914e-08, 0, -2.2351741790771484e-08, 0.8356388211250305, 0.32413652539253235, -0.44344475865364075, -0.26616379618644714, 0.9451577067375183, 0.18929779529571533, 0.4804839491844177, -0.04015574976801872, 0.8760839700698853),
            ["RightUpperArm"] = CFrame.new(-5.960464477539063e-08, -3.5762786865234375e-07, -1.4901161193847656e-08, 0.6508306860923767, -0.3780760169029236, 0.6583904027938843, 0.30734115839004517, 0.9241577386856079, 0.22687873244285583, -0.6942340135574341, 0.05469073727726936, 0.7176685333251953),
            ["RightLowerLeg"] = CFrame.new(-8.195638656616211e-08, -0.000060439109802246094, -0.00007198581442935392, 1, -3.725290653733282e-08, -1.5646224937881925e-07, 9.685756197086448e-08, 0.7480176687240601, 0.6636781692504883, 8.195639367158947e-08, -0.6636788249015808, 0.7480183243751526),
            ["LeftUpperLeg"] = CFrame.new(-5.960464477539063e-08, -1.755543053150177e-07, 4.0978193283081055e-08, 0.9609322547912598, 0.20211632549762726, -0.18909867107868195, -0.27193132042884827, 0.8167727589607239, -0.508857250213623, 0.05160210281610489, 0.5403991937637329, 0.8398249745368958),
            ["LeftLowerLeg"] = CFrame.new(-8.940696716308594e-08, 0.00006073713302612305, 0.00007221102714538574, 1, 2.9802322387695312e-08, 3.725289943190546e-08, -7.82310962677002e-08, 0.7051716446876526, 0.7090364694595337, -3.725290298461914e-08, -0.709036648273468, 0.7051718831062317),
        }},
        {Time = 0.133, Data = {
            ["RightFoot"] = CFrame.new(-5.960464477539063e-08, 2.980232238769531e-07, -7.281050784513354e-08, 0.9499583840370178, 0.19442613422870636, -0.24449531733989716, -0.2742108106613159, 0.893925130367279, -0.3545513153076172, 0.14962494373321533, 0.4038518965244293, 0.9025050401687622),
            ["LeftLowerArm"] = CFrame.new(0, -1.1920928955078125e-07, 1.7881393432617188e-07, 1, -7.916241884231567e-09, 1.3411047916633834e-07, 8.940696716308594e-08, -0.4999999403953552, -0.8660253286361694, 8.940696716308594e-08, 0.8660255074501038, -0.5000002384185791),
            ["LeftFoot"] = CFrame.new(2.2351741790771484e-08, 5.960464477539063e-08, 1.862645149230957e-08, 0.9705898761749268, -0.22877158224582672, 0.0749601349234581, 0.239765927195549, 0.9465826153755188, -0.21562443673610687, -0.021627463400363922, 0.22725537419319153, 0.9735949635505676),
            ["Head"] = CFrame.new(-1.862645149230957e-08, 0, 3.725290298461914e-09, 0.9571056365966797, -0.017032237723469734, 0.2892380952835083, 0.013479793444275856, 0.9998072981834412, 0.014269912615418434, -0.28942549228668213, -0.009758835658431053, 0.9571508765220642),
            ["LowerTorso"] = CFrame.new(-0.16952797770500183, -0.16430282592773438, 0.021753158420324326, 0.9338110089302063, -0.024440236389636993, -0.3569308817386627, 0.033180177211761475, 0.9992803335189819, 0.018382737413048744, 0.35622474551200867, -0.029009032994508743, 0.933949887752533),
            ["UpperTorso"] = CFrame.new(4.6566128730773926e-09, 1.1920928955078125e-07, 1.0244548320770264e-08, 0.9968554973602295, 0.030069053173065186, -0.07331553846597672, -0.02527156099677086, 0.9975320100784302, 0.06550800800323486, 0.07510429620742798, -0.06344921886920929, 0.9951550364494324),
            ["HumanoidRootPart"] = CFrame.new(0, 0, 0, 1, 0, 0, 0, 1, 0, 0, 0, 1),
            ["RightUpperLeg"] = CFrame.new(0, 2.193264663219452e-07, -2.4047039914876223e-08, 0.9588068723678589, -0.24036221206188202, -0.15137581527233124, 0.19064979255199432, 0.9395748972892761, -0.28434497117996216, 0.2105758786201477, 0.2437724769115448, 0.9466961026191711),
            ["LeftUpperArm"] = CFrame.new(-1.1920928955078125e-07, 0, 2.9802322387695312e-08, 0.8873863220214844, 0.4289412796497345, -0.1689825803041458, -0.3382668197154999, 0.8548250198364258, 0.3935096263885498, 0.31324294209480286, -0.2920339107513428, 0.9036566019058228),
            ["RightLowerArm"] = CFrame.new(0, 5.960464477539062e-07, 8.940696716308594e-08, 1, -5.960463056453591e-08, 1.266598985694145e-07, 1.4156103134155273e-07, -0.3753495514392853, -0.9268832802772522, 1.6391277313232422e-07, 0.9268833994865417, -0.3753497898578644),
            ["LeftHand"] = CFrame.new(-1.1920928955078125e-07, 1.7881393432617188e-07, -3.427267074584961e-07, 0.9025061130523682, -0.009304625913500786, 0.4305763244628906, 0.01993628218770027, 0.999597430229187, -0.020185764878988266, -0.43021535873413086, 0.026801787316799164, 0.9023284912109375),
            ["RightHand"] = CFrame.new(1.4901161193847656e-08, 0, 3.203749656677246e-07, 0.6696482300758362, 0.3802538514137268, -0.637948751449585, -0.2540348768234253, 0.924447238445282, 0.2843647301197052, 0.697880744934082, -0.028362996876239777, 0.7156522870063782),
            ["RightUpperArm"] = CFrame.new(0, 0, -5.960464477539063e-08, 0.676408052444458, -0.3556891083717346, 0.6449475884437561, 0.3186054229736328, 0.9307966232299805, 0.17918796837329865, -0.6640503406524658, 0.08427964150905609, 0.7429227828979492),
            ["RightLowerLeg"] = CFrame.new(-7.450580596923828e-09, -0.00006020069122314453, -0.00007212737546069548, 1, -1.5646217832454568e-07, 2.9802322387695312e-08, 7.450579886381092e-08, 0.6750327944755554, 0.7377874255180359, -6.70552182668871e-08, -0.7377878427505493, 0.6750330924987793),
            ["LeftUpperLeg"] = CFrame.new(0, -4.7031790018081665e-08, 2.60770320892334e-08, 0.9617078900337219, 0.1860571950674057, -0.2012479603290558, -0.26623988151550293, 0.8085209727287292, -0.5247952342033386, 0.06507127732038498, 0.5582799315452576, 0.8270969390869141),
            ["LeftLowerLeg"] = CFrame.new(1.4901161193847656e-07, 0.000060617923736572266, 0.00007206201553344727, 1, 7.078050145992165e-08, 9.313224325069314e-08, -1.0058283805847168e-07, 0.6990015506744385, 0.7151203155517578, 2.9802322387695312e-08, -0.7151200771331787, 0.6990014314651489),
        }},
        {Time = 0.167, Data = {
            ["RightFoot"] = CFrame.new(-5.21540641784668e-08, 3.5762786865234375e-07, 7.620110409334302e-08, 0.9456849694252014, 0.24984535574913025, -0.2079848349094391, -0.29679298400878906, 0.9246047139167786, -0.23878780007362366, 0.13264186680316925, 0.28754723072052, 0.9485371708869934),
            ["LeftLowerArm"] = CFrame.new(-2.9802322387695312e-08, -1.1920928955078125e-07, -5.960464477539063e-08, 1, -4.1443851017675115e-08, 1.1920926112907182e-07, -7.4505797087454084e-09, -0.5, -0.8660253882408142, 7.450579886381092e-08, 0.866025447845459, -0.5000000596046448),
            ["LeftFoot"] = CFrame.new(8.195638656616211e-08, -1.1920928955078125e-07, -5.21540641784668e-08, 0.9732025265693665, -0.22491855919361115, 0.04783979430794716, 0.22994300723075867, 0.9502496719360352, -0.210123673081398, 0.0018009949708357453, 0.21549323201179504, 0.9765037298202515),
            ["Head"] = CFrame.new(2.2351741790771484e-08, 0, 7.450580596923828e-09, 0.972729504108429, 0.014262530021369457, 0.23150360584259033, -0.0024143962655216455, 0.9986762404441833, -0.05138174816966057, -0.2319299429655075, 0.049421727657318115, 0.9714761972427368),
            ["LowerTorso"] = CFrame.new(-0.1745040863752365, -0.16857314109802246, 0.025530630722641945, 0.9435316920280457, -0.030359866097569466, -0.3298885226249695, 0.0398961566388607, 0.9989577531814575, 0.02217433787882328, 0.3288715183734894, -0.034083470702171326, 0.9437594413757324),
            ["UpperTorso"] = CFrame.new(2.0489096641540527e-08, 5.960464477539063e-08, 1.862645149230957e-09, 0.9982024431228638, 0.015254299156367779, -0.05795878544449806, -0.009799731895327568, 0.9955940246582031, 0.093255415558815, 0.05912592634558678, -0.09251981228590012, 0.9939538240432739),
            ["HumanoidRootPart"] = CFrame.new(0, 0, 0, 1, 0, 0, 0, 1, 0, 0, 0, 1),
            ["RightUpperLeg"] = CFrame.new(1.1920928955078125e-07, 9.313225746154785e-10, -2.032174961641431e-08, 0.9601056575775146, -0.2432495802640915, -0.13793465495109558, 0.1744985431432724, 0.9066063761711121, -0.38420799374580383, 0.21851186454296112, 0.3448110520839691, 0.9128845930099487),
            ["LeftUpperArm"] = CFrame.new(5.960464477539063e-08, 0, 8.940696716308594e-08, 0.8680881261825562, 0.4754520654678345, -0.1427180916070938, -0.3947261869907379, 0.8354669213294983, 0.38234320282936096, 0.30102211236953735, -0.2755730450153351, 0.9129322171211243),
            ["RightLowerArm"] = CFrame.new(1.1920928955078125e-07, 5.364418029785156e-07, 4.470348358154297e-08, 1, -3.725289943190546e-08, 1.1920930376163597e-07, 1.0803341865539551e-07, -0.4346238374710083, -0.9006121158599854, 1.2665987014770508e-07, 0.9006121158599854, -0.4346240162849426),
            ["LeftHand"] = CFrame.new(5.960464477539063e-08, -1.7881393432617188e-07, 8.940696716308594e-08, 0.8613187670707703, 0.03182185813784599, 0.5070674419403076, 0.10452430695295334, 0.9655886888504028, -0.23814517259597778, -0.49719682335853577, 0.2581197917461395, 0.8283534646034241),
            ["RightHand"] = CFrame.new(-1.043081283569336e-07, 0, 4.470348358154297e-08, 0.49082422256469727, 0.3736301064491272, -0.7870782613754272, -0.22483128309249878, 0.9271001219749451, 0.29989349842071533, 0.8417496681213379, 0.029764939099550247, 0.5390470027923584),
            ["RightUpperArm"] = CFrame.new(-5.960464477539063e-08, -1.1920928955078125e-07, -2.9802322387695312e-08, 0.709673285484314, -0.31398770213127136, 0.630694568157196, 0.3141511082649231, 0.9423050284385681, 0.11563052982091904, -0.6306131482124329, 0.11607350409030914, 0.7673681974411011),
            ["RightLowerLeg"] = CFrame.new(-1.2246891856193542e-07, -0.00006031990051269531, -0.00007214134529931471, 1, -1.4901162614933128e-07, 2.2351747119842003e-08, 1.4156105976326216e-07, 0.5796313881874084, 0.8148782253265381, -4.4703494239684005e-08, -0.8148788809776306, 0.5796321630477905),
            ["LeftUpperLeg"] = CFrame.new(0, -2.0954757928848267e-08, 3.725290298461914e-09, 0.96087247133255, 0.18255700170993805, -0.20831987261772156, -0.269339919090271, 0.7913397550582886, -0.5488510727882385, 0.06465515494346619, 0.5834847688674927, 0.8095464110374451),
            ["LeftLowerLeg"] = CFrame.new(0, 0.000060498714447021484, 0.00007221102714538574, 1, 1.043081283569336e-07, 5.5879347371501353e-08, -3.7252898543727042e-09, 0.6883506178855896, 0.7253782153129578, -5.215405707303944e-08, -0.7253782153129578, 0.6883506178855896),
        }},
        {Time = 0.200, Data = {
            ["RightFoot"] = CFrame.new(4.470348358154297e-08, 1.7881393432617188e-07, 1.6596459317952394e-08, 0.9344377517700195, 0.3140839636325836, -0.1678640991449356, -0.3348270654678345, 0.9353975653648376, -0.11367520689964294, 0.12131393700838089, 0.1624281406402588, 0.9792342185974121),
            ["LeftLowerArm"] = CFrame.new(-1.7881393432617188e-07, -1.7881393432617188e-07, -1.7881393432617188e-07, 1, -5.4016702222270396e-08, 1.341104507446289e-07, 8.195639367158947e-08, -0.5, -0.8660253286361694, 7.450581307466564e-08, 0.866025447845459, -0.5000001788139343),
            ["LeftFoot"] = CFrame.new(-7.450580596923828e-09, 1.1920928955078125e-07, -7.82310962677002e-08, 0.9755093455314636, -0.21986620128154755, -0.006363519933074713, 0.21355053782463074, 0.9536265730857849, -0.2121158242225647, 0.052705369889736176, 0.20556123554706573, 0.9772238731384277),
            ["Head"] = CFrame.new(7.450580596923828e-09, -1.1920928955078125e-07, -4.470348358154297e-08, 0.9875619411468506, 0.038971517235040665, 0.15232455730438232, -0.019209809601306915, 0.9914438128471375, -0.12911365926265717, -0.15605300664901733, 0.12458168715238571, 0.9798606634140015),
            ["LowerTorso"] = CFrame.new(-0.1733098030090332, -0.17846202850341797, 0.02505846694111824, 0.956575870513916, -0.047165147960186005, -0.287642240524292, 0.05472496896982193, 0.9983338713645935, 0.018293626606464386, 0.2863001823425293, -0.03324045240879059, 0.9575632214546204),
            ["UpperTorso"] = CFrame.new(4.656612873077393e-10, 2.980232238769531e-07, -1.0244548320770264e-08, 0.9991670250892639, 0.012479563243687153, -0.03885304555296898, -0.007168740965425968, 0.990963339805603, 0.13394120335578918, 0.040173470973968506, -0.13355109095573425, 0.9902273416519165),
            ["HumanoidRootPart"] = CFrame.new(0, 0, 0, 1, 0, 0, 0, 1, 0, 0, 0, 1),
            ["RightUpperLeg"] = CFrame.new(0, 2.705492079257965e-07, -1.6952981241047382e-09, 0.9581780433654785, -0.24716612696647644, -0.14423087239265442, 0.15684130787849426, 0.8751343488693237, -0.45775705575942993, 0.23936502635478973, 0.4159913957118988, 0.8773004412651062),
            ["LeftUpperArm"] = CFrame.new(0, 2.384185791015625e-07, -5.960464477539063e-08, 0.8307957053184509, 0.5372534990310669, -0.14538729190826416, -0.4551789164543152, 0.80617356300354, 0.3780164122581482, 0.32029804587364197, -0.2478770762681961, 0.9143118858337402),
            ["RightLowerArm"] = CFrame.new(-2.086162567138672e-07, 4.172325134277344e-07, 8.754432201385498e-08, 1, -1.043081283569336e-07, 1.1920930376163597e-07, 4.4703490686970326e-08, -0.5000000596046448, -0.8660253882408142, 1.266598843585598e-07, 0.866025447845459, -0.5000001788139343),
            ["LeftHand"] = CFrame.new(-1.7881393432617188e-07, -1.1920928955078125e-07, 3.5762786865234375e-07, 0.8112853169441223, 0.013876188546419144, 0.5844859480857849, 0.2751536965370178, 0.8730204701423645, -0.40264827013015747, -0.5158551931381226, 0.48748618364334106, 0.7044504880905151),
            ["RightHand"] = CFrame.new(-1.6391277313232422e-07, -1.1920928955078125e-07, -2.60770320892334e-07, 0.4620736241340637, 0.26164719462394714, -0.8473658561706543, -0.20001621544361115, 0.9616154432296753, 0.18785470724105835, 0.8639916181564331, 0.08268439769744873, 0.49667057394981384),
            ["RightUpperArm"] = CFrame.new(0, -3.5762786865234375e-07, -8.940696716308594e-08, 0.7302127480506897, -0.26875337958335876, 0.6281408667564392, 0.2910447120666504, 0.9541524648666382, 0.06990010291337967, -0.6181280612945557, 0.13177521526813507, 0.7749536037445068),
            ["RightLowerLeg"] = CFrame.new(-4.470348358154297e-08, -0.00006026029586791992, -0.00007206777081592008, 1, -1.7881387748275301e-07, -5.215408194203519e-08, 1.9371509552001953e-07, 0.500525176525116, 0.865721583366394, -1.4901161193847656e-08, -0.8657220005989075, 0.5005258917808533),
            ["LeftUpperLeg"] = CFrame.new(0, 2.891756594181061e-07, -1.862645149230957e-08, 0.9589681625366211, 0.18703250586986542, -0.21307039260864258, -0.278181254863739, 0.7658042907714844, -0.579792320728302, 0.05473015829920769, 0.6152745485305786, 0.7864108681678772),
            ["LeftLowerLeg"] = CFrame.new(1.4901161193847656e-08, 0.000060617923736572266, 0.00007191300392150879, 1, 7.4505797087454084e-09, 1.1548398504146462e-07, -4.842878098543224e-08, 0.6625776290893555, 0.7489935159683228, 2.980232594040899e-08, -0.7489933371543884, 0.6625774502754211),
        }},
        {Time = 0.233, Data = {
            ["RightFoot"] = CFrame.new(0, 2.384185791015625e-07, -4.300818545743823e-08, 0.9241508841514587, 0.36008429527282715, -0.1276126652956009, -0.368770569562912, 0.9280739426612854, -0.05183405429124832, 0.09976781159639359, 0.09496346116065979, 0.9904687404632568),
            ["LeftLowerArm"] = CFrame.new(-2.9802322387695312e-08, -2.384185791015625e-07, -1.1920928955078125e-07, 1, -8.940695295223122e-08, 1.6391277313232422e-07, 4.470348358154297e-08, -0.5000000596046448, -0.8660253882408142, 1.341104507446289e-07, 0.8660253882408142, -0.5000001192092896),
            ["LeftFoot"] = CFrame.new(1.0803341865539551e-07, -1.1920928955078125e-07, 0, 0.9736137390136719, -0.20871876180171967, -0.0922643169760704, 0.18667976558208466, 0.9610002636909485, -0.20403313636779785, 0.13125188648700714, 0.1814253032207489, 0.9746065139770508),
            ["Head"] = CFrame.new(2.2351741790771484e-08, 1.1920928955078125e-07, -2.2351741790771484e-08, 0.9980283379554749, 0.04182817041873932, 0.046797845512628555, -0.03214215114712715, 0.9809965491294861, -0.19134441018104553, -0.05391212925314903, 0.1894630640745163, 0.9804067015647888),
            ["LowerTorso"] = CFrame.new(-0.16694040596485138, -0.19014906883239746, 0.015614655800163746, 0.9755367040634155, -0.06101060286164284, -0.2112010419368744, 0.06736548990011215, 0.997462809085846, 0.02301928773522377, 0.2092607468366623, -0.0366838201880455, 0.9771716594696045),
            ["UpperTorso"] = CFrame.new(-9.458744898438454e-10, 5.960464477539063e-08, -5.820766091346741e-10, 0.9996822476387024, 0.012923807837069035, -0.02164570428431034, -0.009167511016130447, 0.9861807227134705, 0.16541936993598938, 0.0234843697398901, -0.1651683747768402, 0.9859858155250549),
            ["HumanoidRootPart"] = CFrame.new(0, 0, 0, 1, 0, 0, 0, 1, 0, 0, 0, 1),
            ["RightUpperLeg"] = CFrame.new(0, -1.30385160446167e-08, 5.75528247281909e-09, 0.9461742639541626, -0.27135756611824036, -0.17640447616577148, 0.15140265226364136, 0.8528130054473877, -0.4997876286506653, 0.2860619127750397, 0.44617846608161926, 0.8479940295219421),
            ["LeftUpperArm"] = CFrame.new(5.960464477539063e-08, 2.384185791015625e-07, 2.9802322387695312e-08, 0.7716554999351501, 0.5776485204696655, -0.26621392369270325, -0.48142531514167786, 0.8039820194244385, 0.34905970096588135, 0.4156651794910431, -0.14119182527065277, 0.8984917998313904),
            ["RightLowerArm"] = CFrame.new(-8.940696716308594e-08, -1.1920928955078125e-07, 1.6391277313232422e-07, 1, -1.3038510360274813e-07, 1.1548401346317405e-07, 8.940696716308594e-08, -0.4999999403953552, -0.8660253882408142, 1.7136335372924805e-07, 0.8660253882408142, -0.5000001192092896),
            ["LeftHand"] = CFrame.new(-5.960464477539063e-08, 0, 2.9802322387695312e-08, 0.7657926678657532, -0.09104452282190323, 0.6366103291511536, 0.5073061585426331, 0.6939077377319336, -0.511011004447937, -0.39522436261177063, 0.7142849564552307, 0.5775768160820007),
            ["RightHand"] = CFrame.new(5.960464477539063e-08, 0, 8.195638656616211e-08, 0.509511411190033, 0.1866345852613449, -0.8399798274040222, -0.4001755118370056, 0.9155951738357544, -0.039301712065935135, 0.7617465257644653, 0.35616448521614075, 0.5411925315856934),
            ["RightUpperArm"] = CFrame.new(0, 1.1920928955078125e-07, -3.5390257835388184e-08, 0.7508279085159302, -0.2531393766403198, 0.6100638508796692, 0.2560996413230896, 0.9629607200622559, 0.0843789204955101, -0.6088271737098694, 0.09288305789232254, 0.7878466844558716),
            ["RightLowerLeg"] = CFrame.new(-2.2351741790771484e-08, -0.00006026029586791992, -0.00007204541907412931, 1, -1.7136329688582919e-07, 0, 5.960464477539063e-08, 0.4642581343650818, 0.8856995105743408, -9.685754776000977e-08, -0.885699987411499, 0.4642591178417206),
            ["LeftUpperLeg"] = CFrame.new(0, 6.309710443019867e-08, -7.450580596923828e-09, 0.9590516686439514, 0.1818895787000656, -0.21710848808288574, -0.27961140871047974, 0.7301888465881348, -0.6234113574028015, 0.045137953013181686, 0.6585898399353027, 0.7511472702026367),
            ["LeftLowerLeg"] = CFrame.new(1.341104507446289e-07, 0.000060498714447021484, 0.00007195770740509033, 1, 9.313227167240257e-08, 3.725290653733282e-08, -9.173527359962463e-08, 0.6410706043243408, 0.7674819827079773, 0, -0.7674819827079773, 0.641070544719696),
        }},
        {Time = 0.267, Data = {
            ["RightFoot"] = CFrame.new(1.4901161193847656e-08, 3.5762786865234375e-07, 3.5579432733356953e-09, 0.9397972822189331, 0.3261030614376068, -0.10216814279556274, -0.3342030644416809, 0.9394672513008118, -0.0755612924695015, 0.0713411346077919, 0.10515805333852768, 0.9918932914733887),
            ["LeftLowerArm"] = CFrame.new(-8.940696716308594e-08, 4.172325134277344e-07, -3.5762786865234375e-07, 1, -1.3224781980625266e-07, 8.940698137394065e-08, 0, -0.5000001192092896, -0.866025447845459, 1.3411046495548362e-07, 0.8660253882408142, -0.5000000596046448),
            ["LeftFoot"] = CFrame.new(1.4901161193847656e-08, -5.960464477539063e-08, 4.0978193283081055e-08, 0.9688121676445007, -0.18766674399375916, -0.16181527078151703, 0.1547391563653946, 0.9682245850563049, -0.1964610517024994, 0.19354280829429626, 0.16529473662376404, 0.9670672416687012),
            ["Head"] = CFrame.new(0, -1.1920928955078125e-07, 6.332993507385254e-08, 0.9963213205337524, 0.024784352630376816, -0.08203403651714325, -0.042669642716646194, 0.973637580871582, -0.2240738570690155, 0.07431787997484207, 0.22675001621246338, 0.9711135625839233),
            ["LowerTorso"] = CFrame.new(-0.1569882482290268, -0.19846487045288086, 0.003101679729297757, 0.9920591115951538, -0.0648973137140274, -0.10773617774248123, 0.07006581127643585, 0.9965314269065857, 0.04489875212311745, 0.10444868355989456, -0.052090834826231, 0.993165135383606),
            ["UpperTorso"] = CFrame.new(1.4784745872020721e-08, 5.960464477539063e-08, 7.450580596923828e-09, 0.9999306201934814, 0.011738976463675499, -0.0009888187050819397, -0.011373026296496391, 0.9838204979896545, 0.178795725107193, 0.0030716911423951387, -0.17877209186553955, 0.9838857054710388),
            ["HumanoidRootPart"] = CFrame.new(0, 0, 0, 1, 0, 0, 0, 1, 0, 0, 0, 1),
            ["RightUpperLeg"] = CFrame.new(0, -3.187451511621475e-07, -9.145878721028566e-09, 0.9237909913063049, -0.3416380286216736, -0.1728954315185547, 0.1941738873720169, 0.8071689605712891, -0.5574719309806824, 0.33001020550727844, 0.4814164340496063, 0.8119928240776062),
            ["LeftUpperArm"] = CFrame.new(0, -2.384185791015625e-07, 5.960464477539063e-08, 0.7220051288604736, 0.5477673411369324, -0.4226815402507782, -0.4819304943084717, 0.8364892601966858, 0.26082345843315125, 0.49643903970718384, 0.015387149527668953, 0.867935299873352),
            ["RightLowerArm"] = CFrame.new(-5.960464477539063e-08, -2.384185791015625e-07, 5.960464477539063e-08, 1, -1.210719347000122e-07, 1.5273694486950262e-07, 6.705522537231445e-08, -0.5000000596046448, -0.8660253882408142, 1.7881393432617188e-07, 0.8660253882408142, -0.5000001788139343),
            ["LeftHand"] = CFrame.new(1.7881393432617188e-07, -5.960464477539063e-08, 5.960464477539063e-08, 0.5556471347808838, -0.2934993505477905, 0.7778912782669067, 0.7664650678634644, 0.543362021446228, -0.3424743711948395, -0.3221607208251953, 0.7865214347839355, 0.5268744230270386),
            ["RightHand"] = CFrame.new(5.960464477539063e-08, 0, 2.2724270820617676e-07, 0.3995814025402069, 0.3235708773136139, -0.8576927781105042, -0.7347919344902039, 0.6724773645401001, -0.08862750977277756, 0.5481018424034119, 0.6656396985054016, 0.5064666271209717),
            ["RightUpperArm"] = CFrame.new(-5.960464477539063e-08, -2.384185791015625e-07, 1.4901161193847656e-08, 0.7744113802909851, -0.26021283864974976, 0.5766943097114563, 0.2152692824602127, 0.9654927253723145, 0.146571084856987, -0.594933807849884, 0.010638189502060413, 0.8037043213844299),
            ["RightLowerLeg"] = CFrame.new(8.940696716308594e-08, -0.00006031990051269531, -0.00007209012255771086, 1, -1.1455264825599443e-07, -4.4703494239684005e-08, 1.1920928955078125e-07, 0.43986374139785767, 0.898064136505127, -5.960464477539063e-08, -0.8980644941329956, 0.4398646652698517),
            ["LeftUpperLeg"] = CFrame.new(0, -1.548323780298233e-07, 7.450580596923828e-09, 0.9629209041595459, 0.16343486309051514, -0.21464458107948303, -0.26716703176498413, 0.6882221102714539, -0.6745162606239319, 0.037483543157577515, 0.7068517804145813, 0.7063678503036499),
