return {
    ["Hype"] = {
        {Time = 0.000, Data = {
            ["LeftFoot"] = CFrame.new(-1.862645149230957e-08, -1.1920928955078125e-07, 1.5832483768463135e-08, 0.9755170345306396, 0.21722601354122162, 0.0343417152762413, -0.13546158373355865, 0.7165112495422363, -0.684296727180481, -0.17325329780578613, 0.6628909707069397, 0.7283945679664612),
            ["LeftLowerArm"] = CFrame.new(0.0000014007091522216797, -4.172325134277344e-07, 0.000004783272743225098, 1, 1.4901159772762185e-07, 1.4901162970204496e-08, -1.1833618884793395e-07, 0.8263471126556396, -0.5631612539291382, -9.499491682163352e-08, 0.5631611943244934, 0.8263471126556396),
            ["LowerTorso"] = CFrame.new(-0.17786593735218048, -0.4000709056854248, 0.7284522652626038, 0.9938519597053528, -0.09895911067724228, 0.04965304583311081, 0.10947142541408539, 0.8112186789512634, -0.5744044184684753, 0.016563070937991142, 0.5763084888458252, 0.8170643448829651),
            ["Head"] = CFrame.new(-4.0978193283081055e-08, -3.5762786865234375e-07, 4.6566128730773926e-09, 0.6326797604560852, -0.18889297544956207, -0.7510231137275696, 0.09774912893772125, 0.9815184473991394, -0.16451984643936157, 0.7682197093963623, 0.030676476657390594, 0.6394510865211487),
            ["RightUpperArm"] = CFrame.new(-0.029202282428741455, -0.023885726928710938, 0.0649661123752594, 0.4103122651576996, -0.9091805815696716, -0.07095348089933395, 0.6754558682441711, 0.35526132583618164, -0.6461803317070007, 0.6127015352249146, 0.2172098457813263, 0.7598792910575867),
            ["UpperTorso"] = CFrame.new(-3.166496753692627e-08, -5.960464477539063e-08, 4.377216100692749e-08, 0.9571284651756287, 0.21805821359157562, -0.19067180156707764, -0.0009083598852157593, 0.6605083346366882, 0.7508181929588318, 0.28966233134269714, -0.7184562683105469, 0.6323894262313843),
            ["HumanoidRootPart"] = CFrame.new(0, 0, 0, 1, 0, 0, 0, 1, 0, 0, 0, 1),
            ["RightHand"] = CFrame.new(5.960464477539063e-08, 0.0000011920928955078125, -7.152557373046875e-07, 0.5704846382141113, -0.1299690306186676, -0.8109591007232666, -0.35743993520736694, 0.8496960401535034, -0.387625515460968, 0.7394484877586365, 0.5110036730766296, 0.43828290700912476),
            ["LeftUpperArm"] = CFrame.new(0.029202520847320557, -0.0238875150680542, 0.06496524810791016, 0.9728298783302307, 0.20044413208961487, 0.11586294323205948, -0.1773301213979721, 0.9668494462966919, -0.18372881412506104, -0.14884944260120392, 0.15819087624549866, 0.9761247634887695),
            ["RightLowerArm"] = CFrame.new(7.748603820800781e-07, 2.384185791015625e-07, -0.0000040531158447265625, 1, -3.3900138873832475e-07, 0.00001947209420904983, 0.000018991528122569434, -0.2095772624015808, -0.9777921438217163, 0.0000043585891944530886, 0.9777921438217163, -0.2095772922039032),
            ["LeftHand"] = CFrame.new(-0.0000013522803783416748, -0.0000015497207641601562, 2.868473529815674e-07, 0.7468448281288147, 0.6219879388809204, -0.23527292907238007, -0.6395440697669983, 0.7687517404556274, 0.0021855165250599384, 0.1822260469198227, 0.14883534610271454, 0.9719269275665283),
            ["RightUpperLeg"] = CFrame.new(-5.960464477539063e-08, -9.499490261077881e-08, -4.360481398180127e-08, 0.9654613137245178, 0.01597854122519493, -0.2600560188293457, -0.07775843888521194, 0.9703013300895691, -0.2290615439414978, 0.24867257475852966, 0.24137131869792938, 0.9380308389663696),
            ["LeftUpperLeg"] = CFrame.new(0, -5.21540641784668e-08, -2.60770320892334e-08, 0.9761849641799927, 0.04243401810526848, 0.21274980902671814, -0.042986977845430374, 0.9990736842155457, -0.0020281749311834574, -0.21263878047466278, -0.007165462709963322, 0.977104663848877),
            ["RightLowerLeg"] = CFrame.new(-4.470348358154297e-08, -0.0007262229919433594, 0.00004614314093487337, 1, 1.4901173628345532e-08, -8.195641498787154e-08, -3.725290298461914e-08, 0.9999855756759644, 0.005375639535486698, 6.705522537231445e-08, -0.005375874228775501, 0.9999855756759644),
            ["RightFoot"] = CFrame.new(1.601874828338623e-07, 0, 6.129994289949536e-08, 0.986244797706604, 0.044572386890649796, 0.15916797518730164, -0.08139858394861221, 0.9690655469894409, 0.232994943857193, -0.1438591182231903, -0.24274548888206482, 0.9593638181686401),
            ["LeftLowerLeg"] = CFrame.new(3.3527612686157227e-08, -0.0007265210151672363, 0.0000810772180557251, 1, 2.607704061574623e-07, 1.5087425708770752e-07, -2.2351738948600541e-07, 0.12039625644683838, 0.9927259087562561, 1.937150670983101e-07, -0.9927259683609009, 0.1203962117433548),
        }},
        {Time = 0.033, Data = {
            ["LeftFoot"] = CFrame.new(-3.3527612686157227e-08, -1.1920928955078125e-07, -2.2351741790771484e-08, 0.9745457768440247, 0.22246746718883514, 0.027730176225304604, -0.13425646722316742, 0.6781876087188721, -0.7225210070610046, -0.17954368889331818, 0.7004069089889526, 0.6907926797866821),
            ["LeftLowerArm"] = CFrame.new(0.0000012814998626708984, -7.748603820800781e-07, 0.000004783272743225098, 1, 1.564621925354004e-07, 8.940698137394065e-08, -1.0151417484394187e-07, 0.8371667265892029, -0.5469478368759155, -1.2293459406009788e-07, 0.5469478368759155, 0.8371667861938477),
            ["LowerTorso"] = CFrame.new(-0.1774432361125946, -0.4121743440628052, 0.7278361916542053, 0.9928198456764221, -0.08433610945940018, 0.08483080565929413, 0.11766669154167175, 0.8161678910255432, -0.5657071471214294, -0.02152663841843605, 0.5716270804405212, 0.8202311396598816),
            ["Head"] = CFrame.new(2.2351741790771484e-08, -7.152557373046875e-07, 5.681067705154419e-08, 0.6266850233078003, -0.19784662127494812, -0.753739058971405, 0.10758939385414124, 0.9799380898475647, -0.16776755452156067, 0.7718098163604736, 0.02404346875846386, 0.6353987455368042),
            ["RightUpperArm"] = CFrame.new(-0.029202282428741455, -0.023885607719421387, 0.06496617197990417, 0.42842593789100647, -0.8872337937355042, -0.17107689380645752, 0.6253358721733093, 0.42780372500419617, -0.6526404023170471, 0.652231752872467, 0.1726277619600296, 0.7381011843681335),
            ["UpperTorso"] = CFrame.new(2.986053004860878e-08, 5.960464477539063e-08, 1.3597309589385986e-07, 0.9495977759361267, 0.22252069413661957, -0.22079087793827057, 0.02764793112874031, 0.6421436667442322, 0.7660853266716003, 0.3122493624687195, -0.7335776686668396, 0.6036262512207031),
            ["HumanoidRootPart"] = CFrame.new(0, 0, 0, 1, 0, 0, 0, 1, 0, 0, 0, 1),
            ["RightHand"] = CFrame.new(3.8743019104003906e-07, 0.0000010132789611816406, -9.122304618358612e-07, 0.5080580711364746, 0.045956674963235855, -0.8600955605506897, -0.47320491075515747, 0.8492666482925415, -0.23414404690265656, 0.7196902632713318, 0.5259602069854736, 0.453224241733551),
            ["LeftUpperArm"] = CFrame.new(0.029202699661254883, -0.02388763427734375, 0.06496523320674896, 0.9664725065231323, 0.2488543540239334, 0.06326445937156677, -0.23513533174991608, 0.9567449688911438, -0.17131975293159485, -0.10316173732280731, 0.15070046484470367, 0.9831822514533997),
            ["RightLowerArm"] = CFrame.new(0, 6.556510925292969e-07, -0.000003814697265625, 1, -7.599592208862305e-07, 0.00001947162854776252, 0.000019043684005737305, -0.1862899214029312, -0.9824948906898499, 0.000004425644874572754, 0.9824948310852051, -0.18628989160060883),
            ["LeftHand"] = CFrame.new(-0.0000014345860108733177, -0.0000012516975402832031, 3.259629011154175e-08, 0.8035942912101746, 0.5538120269775391, -0.21800945699214935, -0.5721142888069153, 0.8197482824325562, -0.02642621286213398, 0.16407789289951324, 0.14596232771873474, 0.975588858127594),
            ["RightUpperLeg"] = CFrame.new(0, 1.4901161193847656e-08, 2.996966941282153e-08, 0.9529081583023071, -0.029543083161115646, -0.3018166124820709, -0.07677390426397324, 0.9393207430839539, -0.3343386948108673, 0.29337990283966064, 0.34176576137542725, 0.8928182125091553),
            ["LeftUpperLeg"] = CFrame.new(-5.960464477539063e-08, -1.862645149230957e-08, 1.0803341865539551e-07, 0.9831153750419617, 0.026559367775917053, 0.18104907870292664, -0.025899440050125122, 0.9996464848518372, -0.00600859709084034, -0.1811446249485016, 0.0012183396611362696, 0.9834557771682739),
            ["RightLowerLeg"] = CFrame.new(-6.51925802230835e-09, -0.0007264614105224609, 0.00004609471216099337, 1, 1.4901170075631853e-08, -5.960464477539063e-08, -7.450581307466564e-08, 0.9999855756759644, 0.005384920164942741, 1.0430814256778831e-07, -0.005384833086282015, 0.9999855160713196),
            ["RightFoot"] = CFrame.new(2.086162567138672e-07, 0, 2.4047039914876223e-08, 0.9825109243392944, 0.058574236929416656, 0.1767524927854538, -0.0833192989230156, 0.987199604511261, 0.13599561154842377, -0.16652411222457886, -0.14834405481815338, 0.9748147130012512),
            ["LeftLowerLeg"] = CFrame.new(-8.195638656616211e-08, -0.0007265806198120117, 0.0000810474157333374, 1, -1.4901159417490817e-08, -4.656612162534657e-08, -3.725290298461914e-09, 0.12400667369365692, 0.992281436920166, -5.21540641784668e-08, -0.992281436920166, 0.12400659173727036),
        }},
        {Time = 0.067, Data = {
            ["LeftFoot"] = CFrame.new(-1.4901161193847656e-08, -1.1920928955078125e-07, 4.98257577419281e-08, 0.9740811586380005, 0.22536969184875488, 0.019350994378328323, -0.13752692937850952, 0.6579824090003967, -0.7403683662414551, -0.17958907783031464, 0.7185177206993103, 0.6719229221343994),
            ["LeftLowerArm"] = CFrame.new(0.0000012516975402832031, -4.76837158203125e-07, 0.000004678964614868164, 1, 1.7881393432617188e-07, 2.980232949312267e-08, -1.126900315284729e-07, 0.8563787341117859, -0.5163482427597046, -1.30385160446167e-07, 0.5163481831550598, 0.8563787937164307),
            ["LowerTorso"] = CFrame.new(-0.17841053009033203, -0.4132344722747803, 0.7359023094177246, 0.9934252500534058, -0.05161541700363159, 0.10218773037195206, 0.09903963655233383, 0.8351972103118896, -0.5409592986106873, -0.05742506682872772, 0.5475232005119324, 0.8348177671432495),
            ["Head"] = CFrame.new(3.166496753692627e-08, -7.152557373046875e-07, -7.450580596923828e-09, 0.6217457056045532, -0.19335711002349854, -0.7589765787124634, 0.09981873631477356, 0.9807074069976807, -0.16807515919208527, 0.7768324017524719, 0.02874000184237957, 0.629051148891449),
            ["RightUpperArm"] = CFrame.new(-0.02920222282409668, -0.023885607719421387, 0.06496617197990417, 0.39210084080696106, -0.8940437436103821, -0.21666301786899567, 0.5824923515319824, 0.42358529567718506, -0.6937421560287476, 0.71201092004776, 0.14581242203712463, 0.6868618130683899),
            ["UpperTorso"] = CFrame.new(1.1175870895385742e-08, -2.682209014892578e-07, -2.7939677238464355e-08, 0.9473048448562622, 0.1960643231868744, -0.25332263112068176, 0.07326310873031616, 0.6372407078742981, 0.7671745419502258, 0.31184324622154236, -0.745307445526123, 0.5892969965934753),
            ["HumanoidRootPart"] = CFrame.new(0, 0, 0, 1, 0, 0, 0, 1, 0, 0, 0, 1),
            ["RightHand"] = CFrame.new(8.940696716308594e-08, 0.0000011324882507324219, -8.121132850646973e-07, 0.395947128534317, 0.2580791413784027, -0.8812607526779175, -0.5934979915618896, 0.8042330741882324, -0.031135044991970062, 0.7007039189338684, 0.535354495048523, 0.47160378098487854),
            ["LeftUpperArm"] = CFrame.new(0.029202699661254883, -0.02388739585876465, 0.06496527791023254, 0.9554757475852966, 0.2944137752056122, 0.019668107852339745, -0.28610438108444214, 0.940690279006958, -0.18233515322208405, -0.07218366861343384, 0.16858969628810883, 0.9830397963523865),
            ["RightLowerArm"] = CFrame.new(1.4901161193847656e-07, 8.344650268554688e-07, -0.000003635883331298828, 1, -0.0000016093254089355469, 0.00001940504262165632, 0.00001902878466353286, -0.14278268814086914, -0.9897540807723999, 0.000004373491265141638, 0.9897540807723999, -0.14278265833854675),
            ["LeftHand"] = CFrame.new(-0.000001409091055393219, -0.0000015497207641601562, 3.688037395477295e-07, 0.9047740697860718, 0.3905606269836426, -0.16984118521213531, -0.4067659080028534, 0.9106206893920898, -0.07288195937871933, 0.12619614601135254, 0.13502727448940277, 0.982772707939148),
            ["RightUpperLeg"] = CFrame.new(8.940696716308594e-08, -2.952292561531067e-07, 1.5068508218973875e-08, 0.9486790895462036, -0.08276128023862839, -0.3052186965942383, -0.056783851236104965, 0.9048820734024048, -0.42185792326927185, 0.31110048294067383, 0.41753914952278137, 0.853743314743042),
            ["LeftUpperLeg"] = CFrame.new(-5.960464477539063e-08, -3.241002559661865e-07, -6.705522537231445e-08, 0.9859930872917175, -0.01034610066562891, 0.16646496951580048, 0.013148149475455284, 0.9997896552085876, -0.015739334747195244, -0.16626711189746857, 0.017707616090774536, 0.9859217405319214),
            ["RightLowerLeg"] = CFrame.new(-8.061761036515236e-08, -0.0007265210151672363, 0.000046137320168782026, 1, 5.960468030252741e-08, -5.215405707303944e-08, -3.72529100900465e-08, 0.9999855756759644, 0.0053860764019191265, 7.4505820180093e-08, -0.00538618816062808, 0.9999855160713196),
            ["RightFoot"] = CFrame.new(1.6391277313232422e-07, 0, -6.535992724820971e-08, 0.9809020161628723, 0.06782504171133041, 0.18229416012763977, -0.08339338004589081, 0.9933698773384094, 0.07913244515657425, -0.17571823298931122, -0.09282295405864716, 0.9800546169281006),
            ["LeftLowerLeg"] = CFrame.new(8.940696716308594e-08, -0.0007264018058776855, 0.00008095800876617432, 1, 1.1920926112907182e-07, 5.681067705154419e-08, -1.2665987014770508e-07, 0.16607865691184998, 0.9861124753952026, 6.705522537231445e-08, -0.9861124753952026, 0.16607876121997833),
        }},
        {Time = 0.100, Data = {
            ["LeftFoot"] = CFrame.new(1.1175870895385742e-08, -5.960464477539063e-08, -6.624031811952591e-08, 0.974969744682312, 0.22124750912189484, 0.021994449198246002, -0.15008945763111115, 0.727908730506897, -0.6690459251403809, -0.1640346199274063, 0.6489980816841125, 0.7428956031799316),
            ["LeftLowerArm"] = CFrame.new(0.0000011622905731201172, -1.1920928955078125e-07, 0.000005036592483520508, 1, 1.788139627478813e-07, 6.705523247774181e-08, -1.0058283805847168e-07, 0.8662700057029724, -0.49957630038261414, -1.4528632164001465e-07, 0.4995763301849365, 0.8662699460983276),
            ["LowerTorso"] = CFrame.new(-0.1825801581144333, -0.3711280822753906, 0.7320461273193359, 0.994692325592041, -0.014815163798630238, 0.10182178020477295, 0.06386300176382065, 0.8647956848144531, -0.49804627895355225, -0.0806763768196106, 0.5019053816795349, 0.8611518144607544),
            ["Head"] = CFrame.new(-2.1886080503463745e-08, -4.76837158203125e-07, -1.862645149230957e-09, 0.6189915537834167, -0.22500132024288177, -0.7524783611297607, 0.12119163572788239, 0.9739741086959839, -0.19153906404972076, 0.7759910225868225, 0.02736692875623703, 0.6301500797271729),
            ["RightUpperArm"] = CFrame.new(-0.029202282428741455, -0.023885488510131836, 0.06496624648571014, 0.31268221139907837, -0.9216014742851257, -0.2299574762582779, 0.5802202224731445, 0.3769994080066681, -0.7219529747962952, 0.7520467638969421, 0.09231593459844589, 0.6526128053665161),
            ["UpperTorso"] = CFrame.new(1.4901161193847656e-08, 8.940696716308594e-08, 0, 0.9453437924385071, 0.15214784443378448, -0.28840288519859314, 0.10858545452356339, 0.687095582485199, 0.718407154083252, 0.30746451020240784, -0.7104580998420715, 0.6330206394195557),
            ["HumanoidRootPart"] = CFrame.new(0, 0, 0, 1, 0, 0, 0, 1, 0, 0, 0, 1),
            ["RightHand"] = CFrame.new(2.086162567138672e-07, 8.940696716308594e-07, -9.760260581970215e-07, 0.3224676251411438, 0.3223123252391815, -0.8900163173675537, -0.6054116487503052, 0.7930166721343994, 0.06783421337604523, 0.7276615500450134, 0.5169519186019897, 0.4508543908596039),
            ["LeftUpperArm"] = CFrame.new(0.029202520847320557, -0.02388739585876465, 0.06496524810791016, 0.947074294090271, 0.32058876752853394, -0.016523614525794983, -0.3193219304084778, 0.9355533719062805, -0.15090905129909515, -0.03292101249098778, 0.1481984555721283, 0.9884095788002014),
            ["RightLowerArm"] = CFrame.new(-1.7881393432617188e-07, 7.152557373046875e-07, -0.0000035762786865234375, 1, -0.0000021755697616754333, 0.000019334262105985545, 0.00001896918001875747, -0.1192179024219513, -0.992868185043335, 0.0000044405464905139524, 0.992868185043335, -0.11921791732311249),
            ["LeftHand"] = CFrame.new(-0.0000010970979928970337, -0.000001430511474609375, 1.9744038581848145e-07, 0.9701575040817261, 0.21390968561172485, -0.1141791045665741, -0.22493809461593628, 0.9697904586791992, -0.09439101070165634, 0.09053879231214523, 0.11725731194019318, 0.9889658689498901),
            ["RightUpperLeg"] = CFrame.new(0, -1.6298145055770874e-08, 2.029992174357176e-09, 0.9511927962303162, -0.12873084843158722, -0.2804650664329529, -0.030172128230333328, 0.8656893372535706, -0.49967160820961, 0.3071187734603882, 0.4837462306022644, 0.8195533156394958),
            ["LeftUpperLeg"] = CFrame.new(2.9802322387695312e-08, -1.1548399925231934e-07, -8.195638656616211e-08, 0.9844767451286316, -0.05050833895802498, 0.1680908501148224, 0.057829756289720535, 0.9975665211677551, -0.038947153836488724, -0.16571465134620667, 0.04806331545114517, 0.9850018620491028),
            ["RightLowerLeg"] = CFrame.new(1.862645149230957e-09, -0.0007264614105224609, 0.000046206470869947225, 1, 5.2154096152889906e-08, -3.7252917195473856e-08, -4.0978193283081055e-08, 0.9999855756759644, 0.0053832437843084335, 1.043081283569336e-07, -0.00538330664858222, 0.9999855756759644),
            ["RightFoot"] = CFrame.new(1.7136335372924805e-07, -1.1920928955078125e-07, 7.620110409334302e-08, 0.981893002986908, 0.06794591248035431, 0.17683188617229462, -0.08205059170722961, 0.9938990473747253, 0.07370524108409882, -0.17074528336524963, -0.08687976002693176, 0.9814775586128235),
            ["LeftLowerLeg"] = CFrame.new(-8.940696716308594e-08, -0.0007266402244567871, 0.00008101761341094971, 1, 1.1920931797249068e-07, 8.312051846814938e-08, -1.005828522693264e-07, 0.23135186731815338, 0.9728702306747437, 1.0430814256778831e-07, -0.9728702306747437, 0.23135147988796234),
        }},
        {Time = 0.133, Data = {
            ["LeftFoot"] = CFrame.new(-6.332993507385254e-08, -1.7881393432617188e-07, -2.0489096641540527e-08, 0.9793030619621277, 0.2018984705209732, 0.014235876500606537, -0.1726689636707306, 0.8700788021087646, -0.46167975664138794, -0.10559885203838348, 0.4496665298938751, 0.8869324922561646),
            ["LeftLowerArm"] = CFrame.new(0.0000014901161193847656, -2.384185791015625e-07, 0.000004976987838745117, 1, 1.1920928955078125e-07, 5.2154071283894154e-08, -1.043081283569336e-07, 0.8589501976966858, -0.512059211730957, -1.4901161193847656e-07, 0.512059211730957, 0.8589501976966858),
            ["LowerTorso"] = CFrame.new(-0.18198181688785553, -0.2454599142074585, 0.7408196926116943, 0.9970324039459229, 0.038484569638967514, 0.06667325645685196, -0.01236417330801487, 0.9348859786987305, -0.3547329306602478, -0.07598363608121872, 0.3528558313846588, 0.9325873851776123),
            ["Head"] = CFrame.new(-1.4901161193847656e-08, -8.344650268554688e-07, 2.0302832126617432e-07, 0.6300300359725952, -0.23092861473560333, -0.7414408922195435, 0.14806941151618958, 0.9729689955711365, -0.17722006142139435, 0.7623239159584045, 0.0018691685982048512, 0.6471928954124451),
            ["RightUpperArm"] = CFrame.new(-0.02920234203338623, -0.02388584613800049, 0.06496629118919373, 0.25154542922973633, -0.9371361136436462, -0.2418699562549591, 0.6189244389533997, 0.3478837013244629, -0.7042084336280823, 0.7440816164016724, 0.027441322803497314, 0.6675249338150024),
            ["UpperTorso"] = CFrame.new(1.862645149230957e-08, 5.960464477539063e-08, -2.0489096641540527e-08, 0.9486768245697021, 0.034052640199661255, -0.31440863013267517, 0.14076979458332062, 0.8447919487953186, 0.5162465572357178, 0.2831895351409912, -0.5340102314949036, 0.796640932559967),
            ["HumanoidRootPart"] = CFrame.new(0, 0, 0, 1, 0, 0, 0, 1, 0, 0, 0, 1),
            ["RightHand"] = CFrame.new(3.427267074584961e-07, 0.0000011920928955078125, -7.748603820800781e-07, 0.2348395586013794, 0.36099007725715637, -0.9025165438652039, -0.5708372592926025, 0.8027291893959045, 0.17254230380058289, 0.786762535572052, 0.47467049956321716, 0.3945796489715576),
            ["LeftUpperArm"] = CFrame.new(0.029202640056610107, -0.02388763427734375, 0.06496536731719971, 0.9453564286231995, 0.3241032361984253, -0.03547597676515579, -0.32550516724586487, 0.9444282054901123, -0.045845840126276016, 0.018645640462636948, 0.05488824471831322, 0.9983184933662415),
            ["RightLowerArm"] = CFrame.new(2.682209014892578e-07, 6.556510925292969e-07, -0.000003814697265625, 1, -0.000001944601535797119, 0.000019371515008970164, 0.000018976630599354394, -0.12421901524066925, -0.9922548532485962, 0.000004421920039021643, 0.9922548532485962, -0.12421900033950806),
            ["LeftHand"] = CFrame.new(-0.0000013657845556735992, -0.0000011920928955078125, 1.30385160446167e-07, 0.9874582886695862, 0.13058817386627197, -0.08872866630554199, -0.1389310210943222, 0.9856918454170227, -0.09544558823108673, 0.07499514520168304, 0.1065756306052208, 0.9914723634719849),
            ["RightUpperLeg"] = CFrame.new(5.960464477539063e-08, -2.1606683731079102e-07, 5.045876605436206e-08, 0.9673328399658203, -0.17674174904823303, -0.18174023926258087, 0.020992973819375038, 0.7702814936637878, -0.6373586058616638, 0.25263896584510803, 0.6127225160598755, 0.7488287687301636),
            ["LeftUpperLeg"] = CFrame.new(5.960464477539063e-08, -1.993030309677124e-07, 3.725290298461914e-08, 0.972184956073761, -0.10483526438474655, 0.20944245159626007, 0.1264471560716629, 0.9876437187194824, -0.09257969260215759, -0.1971488744020462, 0.11648790538311005, 0.97342848777771),
            ["RightLowerLeg"] = CFrame.new(-5.611218512058258e-08, -0.0007264018058776855, 0.00004614826320903376, 1, 5.960468740795477e-08, -6.705523247774181e-08, -6.332993507385254e-08, 0.9999856948852539, 0.0053679668344557285, 7.450580596923828e-08, -0.005367882549762726, 0.9999856948852539),
            ["RightFoot"] = CFrame.new(1.4901161193847656e-07, -1.1920928955078125e-07, -3.55576048605144e-08, 0.9891683459281921, 0.05421051010489464, 0.13640905916690826, -0.0786774754524231, 0.9803443551063538, 0.18092802166938782, -0.12391969561576843, -0.1897004395723343, 0.9739906191825867),
            ["LeftLowerLeg"] = CFrame.new(-2.2351741790771484e-08, -0.0007262825965881348, 0.00008095800876617432, 1, 2.3841855067985307e-07, 1.1175870895385742e-07, -2.1234151859061967e-07, 0.4470690190792084, 0.8944993019104004, 9.685753354915505e-08, -0.8944994211196899, 0.44706934690475464),
        }},
        {Time = 0.167, Data = {
            ["LeftFoot"] = CFrame.new(5.960464477539063e-08, -5.960464477539063e-08, 1.862645149230957e-08, 0.9823997020721436, 0.18664763867855072, -0.007326751947402954, -0.18482369184494019, 0.9656246900558472, -0.18278267979621887, -0.027040885761380196, 0.18091943860054016, 0.9831260442733765),
            ["LeftLowerArm"] = CFrame.new(0.0000016689300537109375, -0.0000011920928955078125, 0.000004589557647705078, 1, 1.564622067462551e-07, 3.725290653733282e-08, -5.960464477539063e-08, 0.8425506949424744, -0.5386170744895935, -1.3783574104309082e-07, 0.5386170148849487, 0.8425507545471191),
            ["LowerTorso"] = CFrame.new(-0.17868950963020325, -0.1103600263595581, 0.7677488923072815, 0.9949641227722168, 0.09804603457450867, 0.02082253433763981, -0.09445459395647049, 0.986666738986969, -0.13254082202911377, -0.03354000300168991, 0.129906564950943, 0.9909588098526001),
            ["Head"] = CFrame.new(1.4901161193847656e-08, -4.76837158203125e-07, 1.1175870895385742e-08, 0.6565216183662415, -0.19112271070480347, -0.7296929359436035, 0.18592429161071777, 0.9785235524177551, -0.08901660889387131, 0.7310345768928528, -0.07722636312246323, 0.6779559254646301),
            ["RightUpperArm"] = CFrame.new(-0.02920234203338623, -0.023885488510131836, 0.06496617197990417, 0.22006703913211823, -0.931220293045044, -0.29051586985588074, 0.5593885779380798, 0.3644545376300812, -0.7444847226142883, 0.7991589903831482, 0.0013253622455522418, 0.601118266582489),
            ["UpperTorso"] = CFrame.new(3.725290298461914e-08, -4.172325134277344e-07, -6.28642737865448e-09, 0.9495938420295715, -0.1133117750287056, -0.29228752851486206, 0.1607750505208969, 0.9764618277549744, 0.14378418028354645, 0.2691151797771454, -0.18352903425693512, 0.94545978307724),
            ["HumanoidRootPart"] = CFrame.new(0, 0, 0, 1, 0, 0, 0, 1, 0, 0, 0, 1),
            ["RightHand"] = CFrame.new(2.3050233721733093e-07, 0.0000011324882507324219, -9.5367431640625e-07, 0.1668810099363327, 0.38133206963539124, -0.9092503786087036, -0.5079841613769531, 0.8236225843429565, 0.2521868348121643, 0.8450460433959961, 0.4197997450828552, 0.33115795254707336),
            ["LeftUpperArm"] = CFrame.new(0.029202759265899658, -0.023887276649475098, 0.06496526300907135, 0.9539892673492432, 0.2989681661128998, -0.022858576849102974, -0.29383665323257446, 0.9473455548286438, 0.12726496160030365, 0.059703096747398376, -0.11469274759292603, 0.9916054010391235),
            ["RightLowerArm"] = CFrame.new(0.0000011324882507324219, 5.960464477539062e-07, -0.0000037550926208496094, 1, -0.0000015329567304434022, 0.000019413884729146957, 0.000019011551557923667, -0.1492854505777359, -0.988794207572937, 0.000004373490355646936, 0.988794207572937, -0.1492854207754135),
            ["LeftHand"] = CFrame.new(-0.0000012516975402832031, -0.0000011920928955078125, 2.384185791015625e-07, 0.9853225946426392, 0.14636525511741638, -0.08784372359514236, -0.1545858383178711, 0.9833545684814453, -0.0954846516251564, 0.07240599393844604, 0.10766257345676422, 0.9915473461151123),
            ["RightUpperLeg"] = CFrame.new(5.960464477539063e-08, -3.0919909477233887e-07, -1.42325006891042e-07, 0.9760621786117554, -0.21715155243873596, -0.012161937542259693, 0.07593497633934021, 0.3926485776901245, -0.9165484309196472, 0.20380529761314392, 0.8936846852302551, 0.3997385799884796),
            ["LeftUpperLeg"] = CFrame.new(8.940696716308594e-08, -2.980232238769531e-07, -9.499490261077881e-08, 0.9469845294952393, -0.16894300282001495, 0.2732740044593811, 0.21550577878952026, 0.9648665189743042, -0.15029989182949066, -0.23828095197677612, 0.2012239396572113, 0.9501217603683472),
            ["RightLowerLeg"] = CFrame.new(-8.242204785346985e-08, -0.0007263422012329102, 0.00004617108061211184, 1, -1.4901162970204496e-08, -6.705523247774181e-08, 5.494804611316795e-08, 0.7822753190994263, 0.6229329705238342, 2.2351747119842003e-08, -0.6229329705238342, 0.7822753190994263),
            ["RightFoot"] = CFrame.new(1.9744038581848145e-07, 1.1920928955078125e-07, 1.3580574886873364e-07, 0.9951185584068298, 0.03827092796564102, 0.09096338599920273, -0.04662546515464783, 0.9947065711021423, 0.09156949818134308, -0.08697732537984848, -0.09536398947238922, 0.9916353821754456),
            ["LeftLowerLeg"] = CFrame.new(3.725290298461914e-08, -0.0007267594337463379, 0.00008095055818557739, 1, -2.9802322387695312e-08, 0, 0, 0.7137580513954163, 0.7003929018974304, -1.1175872671742582e-08, -0.7003924250602722, 0.7137575149536133),
        }},
        {Time = 0.200, Data = {
            ["LeftFoot"] = CFrame.new(0, -1.7881393432617188e-07, 0, 0.9829394817352295, 0.18124184012413025, -0.03132817894220352, -0.18156322836875916, 0.9833490252494812, -0.007714972831308842, 0.029408210888504982, 0.013271382078528404, 0.9994794130325317),
            ["LeftLowerArm"] = CFrame.new(0.0000014603137969970703, -5.364418029785156e-07, 0.000004589557647705078, 1, 1.8626454334480513e-07, 4.4703494239684005e-08, -6.332993507385254e-08, 0.8263471126556396, -0.5631611943244934, -1.601874828338623e-07, 0.5631611943244934, 0.8263470530509949),
            ["LowerTorso"] = CFrame.new(-0.17919977009296417, -0.035248517990112305, 0.7518476247787476, 0.9927952289581299, 0.11841007322072983, -0.018349772319197655, -0.11899914592504501, 0.9922675490379333, -0.035277627408504486, 0.014030654914677143, 0.03720706328749657, 0.9992091655731201),
            ["Head"] = CFrame.new(-2.2351741790771484e-08, -7.152557373046875e-07, -3.725290298461914e-08, 0.6802955865859985, -0.14430733025074005, -0.718591034412384, 0.18246816098690033, 0.9829029440879822, -0.02464260160923004, 0.7098615169525146, -0.11435586959123611, 0.6949962377548218),
            ["RightUpperArm"] = CFrame.new(-0.029202401638031006, -0.02388596534729004, 0.06496630609035492, 0.16884011030197144, -0.9190632104873657, -0.35611197352409363, 0.3014332950115204, 0.39213597774505615, -0.8691187500953674, 0.9384194612503052, 0.03939810022711754, 0.34324461221694946),
            ["UpperTorso"] = CFrame.new(2.8870999813079834e-08, -2.980232238769531e-07, 3.958120942115784e-09, 0.9546921849250793, -0.17050252854824066, -0.24390937387943268, 0.1533140242099762, 0.984256386756897, -0.08794435113668442, 0.25506412982940674, 0.04656511917710304, 0.9658022522926331),
            ["HumanoidRootPart"] = CFrame.new(0, 0, 0, 1, 0, 0, 0, 1, 0, 0, 0, 1),
            ["RightHand"] = CFrame.new(1.7881393432617188e-07, 5.960464477539062e-07, -6.854534149169922e-07, 0.14998334646224976, 0.38959139585494995, -0.9086931347846985, -0.4496980905532837, 0.8453968167304993, 0.28822970390319824, 0.8804979920387268, 0.36540788412094116, 0.30199429392814636),
            ["LeftUpperArm"] = CFrame.new(0.029202699661254883, -0.02388763427734375, 0.06496521830558777, 0.9620802998542786, 0.2726733088493347, -0.00711952056735754, -0.2609434425830841, 0.9276674389839172, 0.2670987844467163, 0.07943529635667801, -0.25511276721954346, 0.9636428952217102),
            ["RightLowerArm"] = CFrame.new(5.066394805908203e-07, 2.384185791015625e-07, -0.0000041425228118896484, 1, -3.3527621212670056e-07, 0.000019509347112034447, 0.000018998982341145165, -0.20957718789577484, -0.9777922034263611, 0.0000043958430069324095, 0.9777922034263611, -0.20957715809345245),
            ["LeftHand"] = CFrame.new(-0.0000013113021850585938, -0.0000013113021850585938, 1.4528632164001465e-07, 0.9782498478889465, 0.18894097208976746, -0.08560629934072495, -0.19686217606067657, 0.975707471370697, -0.09612707793712616, 0.06536439806222916, 0.11088893562555313, 0.9916810393333435),
            ["RightUpperLeg"] = CFrame.new(5.960464477539063e-08, -4.6938657760620117e-07, 7.094786269590259e-08, 0.9803714752197266, -0.18929444253444672, 0.05513057857751846, 0.09428025037050247, 0.20452472567558289, -0.974310576915741, 0.1731560230255127, 0.960383951663971, 0.2183568775653839),
            ["LeftUpperLeg"] = CFrame.new(5.960464477539063e-08, -4.116445779800415e-07, 5.3085386753082275e-08, 0.9286146759986877, -0.19362927973270416, 0.31651630997657776, 0.24094268679618835, 0.9633963704109192, -0.11753319203853607, -0.2821727693080902, 0.1854054033756256, 0.9412776231765747),
            ["RightLowerLeg"] = CFrame.new(-8.381903171539307e-08, -0.0007264018058776855, 0.000045983884774614125, 1, -1.8463470041751862e-07, -1.3969845724659535e-07, 2.3096797008292924e-07, 0.3434164226055145, 0.9391831159591675, -1.1362133989223366e-07, -0.939183235168457, 0.3434167802333832),
            ["RightFoot"] = CFrame.new(1.7881393432617188e-07, -1.7881393432617188e-07, 3.149762051180005e-08, 0.9974191784858704, 0.02775954082608223, 0.06621479988098145, -0.031441234052181244, 0.9979788661003113, 0.05522392317652702, -0.0645480677485466, -0.05716328322887421, 0.9962760806083679),
            ["LeftLowerLeg"] = CFrame.new(-2.9802322387695312e-08, -0.0007265210151672363, 0.00008094310760498047, 1, 4.470347647611561e-08, 2.2351741790771484e-08, -7.078050856534901e-08, 0.8446208238601685, 0.5353648662567139, 1.6763804566721774e-08, -0.5353649258613586, 0.8446208834648132),
        }},
        {Time = 0.233, Data = {
            ["LeftFoot"] = CFrame.new(3.725290298461914e-08, -1.7881393432617188e-07, -5.21540641784668e-08, 0.982578456401825, 0.17928610742092133, -0.04895126074552536, -0.1751699596643448, 0.9814146161079407, 0.07836425304412842, 0.06209108978509903, -0.06842388957738876, 0.9957222938537598),
            ["LeftLowerArm"] = CFrame.new(9.834766387939453e-07, 0, 0.000004827976226806641, 1, 1.8626454334480513e-07, 1.4901162970204496e-08, -6.519256601222878e-08, 0.8117868304252625, -0.5839539766311646, -1.3038513202445756e-07, 0.5839539766311646, 0.8117867708206177),
            ["LowerTorso"] = CFrame.new(-0.18175697326660156, -0.003177642822265625, 0.7133775949478149, 0.9931037425994873, 0.10575331747531891, -0.05060844123363495, -0.10918214917182922, 0.9915104508399963, -0.07061450928449631, 0.04271107539534569, 0.075653076171875, 0.9962190389633179),
            ["Head"] = CFrame.new(1.4901161193847656e-08, -4.76837158203125e-07, -2.2351741790771484e-08, 0.6855400800704956, -0.08716742694377899, -0.7227977514266968, 0.10788915306329727, 0.9940080642700195, -0.017547110095620155, 0.719996452331543, -0.06595288217067719, 0.6908368468284607),
            ["RightUpperArm"] = CFrame.new(-0.02920234203338623, -0.023885488510131836, 0.0649661272764206, 0.10644686967134476, -0.9113032817840576, -0.3977377414703369, -0.0010885861702263355, 0.3999035954475403, -0.916556715965271, 0.9943177700042725, 0.0979975014925003, 0.04157646745443344),
            ["UpperTorso"] = CFrame.new(-2.2351741790771484e-08, 5.066394805908203e-07, 1.0710209608078003e-08, 0.9636344909667969, -0.1618804782629013, -0.21261101961135864, 0.14360590279102325, 0.9846853017807007, -0.09885503351688385, 0.22535759210586548, 0.06472793221473694, 0.9721235632896423),
            ["HumanoidRootPart"] = CFrame.new(0, 0, 0, 1, 0, 0, 0, 1, 0, 0, 0, 1),
            ["RightHand"] = CFrame.new(1.4901161193847656e-07, 6.556510925292969e-07, -8.195638656616211e-07, 0.2062840461730957, 0.35662755370140076, -0.9111878871917725, -0.3903765082359314, 0.883892297744751, 0.25756728649139404, 0.8972476124763489, 0.3025742769241333, 0.32155224680900574),
            ["LeftUpperArm"] = CFrame.new(0.029202580451965332, -0.02388739585876465, 0.06496521830558777, 0.9586607217788696, 0.2844364047050476, -0.008085615932941437, -0.26737865805625916, 0.9101637005805969, 0.31640300154685974, 0.09735582768917084, -0.3011610805988312, 0.9485904574394226),
            ["RightLowerArm"] = CFrame.new(2.384185791015625e-07, 4.172325134277344e-07, -0.0000036954879760742188, 1, 0.0000021008308976888657, 0.000019382683603907935, 0.000019010154574061744, -0.33030906319618225, -0.9438728094100952, 0.0000044032926780346315, 0.9438729286193848, -0.33030909299850464),
            ["LeftHand"] = CFrame.new(-0.0000010505318641662598, -8.940696716308594e-07, 2.421438694000244e-07, 0.9647328853607178, 0.24932479858398438, -0.08442416787147522, -0.2569875419139862, 0.9615340232849121, -0.09700564295053482, 0.05699098855257034, 0.115280382335186, 0.991696834564209),
            ["RightUpperLeg"] = CFrame.new(0, 6.07222318649292e-07, 2.9038346838206053e-08, 0.9853928089141846, -0.1603512167930603, 0.05734609439969063, 0.09920918196439743, 0.2668311595916748, -0.9586233496665955, 0.138414666056633, 0.9503097534179688, 0.27884167432785034),
            ["LeftUpperLeg"] = CFrame.new(-2.9802322387695312e-08, 4.3585896492004395e-07, -3.3527612686157227e-08, 0.928522527217865, -0.16796523332595825, 0.3311097323894501, 0.20708204805850983, 0.974503755569458, -0.08636894077062607, -0.3081606924533844, 0.14876234531402588, 0.9396312236785889),
            ["RightLowerLeg"] = CFrame.new(-4.6566128730773926e-09, -0.0007261037826538086, 0.00004630239709513262, 1, -1.4528633585086936e-07, -1.6926792056892737e-07, 1.5227118410621188e-07, 0.030027981847524643, 0.9995490908622742, -1.620500711396744e-07, -0.999549150466919, 0.03002806380391121),
            ["RightFoot"] = CFrame.new(1.4528632164001465e-07, 1.1920928955078125e-07, -5.75528247281909e-09, 0.9982941746711731, 0.022737056016921997, 0.053776562213897705, -0.026089338585734367, 0.9977052807807922, 0.06247920170426369, -0.052232589572668076, -0.06377562135457993, 0.9965965151786804),
            ["LeftLowerLeg"] = CFrame.new(-4.470348358154297e-08, -0.0007264614105224609, 0.00008090585470199585, 1, 2.980232594040899e-08, -1.4901159417490817e-08, 7.450578820566989e-09, 0.8395079970359802, 0.5433473587036133, 2.4214381610931923e-08, -0.5433474183082581, 0.8395079374313354),
        }},
        {Time = 0.267, Data = {
            ["LeftFoot"] = CFrame.new(1.1175870895385742e-08, -1.1920928955078125e-07, -1.4901161193847656e-08, 0.9820146560668945, 0.18220148980617523, -0.049496591091156006, -0.17403081059455872, 0.9751739501953125, 0.13692817091941833, 0.07321634888648987, -0.12585149705410004, 0.9893436431884766),
            ["LeftLowerArm"] = CFrame.new(0.0000011920928955078125, 1.1920928955078125e-07, 0.000004887580871582031, 1, 1.9371513815258368e-07, -1.4901164746561335e-08, -6.51925802230835e-08, 0.7958957552909851, -0.6054337024688721, -1.5273690223693848e-07, 0.6054337620735168, 0.7958958148956299),
            ["LowerTorso"] = CFrame.new(-0.18663142621517181, 0.00636601448059082, 0.7040009498596191, 0.9940868020057678, 0.08607687056064606, -0.06619936227798462, -0.09264052659273148, 0.9903082251548767, -0.10347650945186615, 0.056650832295417786, 0.10899735242128372, 0.9924265146255493),
            ["Head"] = CFrame.new(-2.2351741790771484e-08, -7.152557373046875e-07, 3.3527612686157227e-08, 0.6742777824401855, -0.03054099529981613, -0.7378458380699158, -0.0150687824934721, 0.998367428779602, -0.055095162242650986, 0.7383241653442383, 0.04826784133911133, 0.6727169752120972),
            ["RightUpperArm"] = CFrame.new(-0.02920222282409668, -0.023885369300842285, 0.06496621668338776, 0.09408386051654816, -0.8992859125137329, -0.4271215498447418, -0.2599177360534668, 0.3919580578804016, -0.8825032114982605, 0.9610363841056824, 0.1940460056066513, -0.19686339795589447),
            ["UpperTorso"] = CFrame.new(2.9802322387695312e-08, -1.7881393432617188e-07, 1.0337680578231812e-07, 0.9719564318656921, -0.1293126493692398, -0.19641512632369995, 0.12404509633779526, 0.9915121793746948, -0.03894147276878357, 0.19978372752666473, 0.013485057279467583, 0.9797472357749939),
            ["HumanoidRootPart"] = CFrame.new(0, 0, 0, 1, 0, 0, 0, 1, 0, 0, 0, 1),
            ["RightHand"] = CFrame.new(1.564621925354004e-07, 9.5367431640625e-07, -5.066394805908203e-07, 0.29980823397636414, 0.2648167312145233, -0.9165078997612, -0.303472638130188, 0.9372711181640625, 0.17154403030872345, 0.9044442176818848, 0.22670479118824005, 0.36136671900749207),
            ["LeftUpperArm"] = CFrame.new(0.029202580451965332, -0.02388739585876465, 0.06496527791023254, 0.9465460181236267, 0.3222390413284302, -0.014579767361283302, -0.3043229281902313, 0.9070782661437988, 0.2908553183078766, 0.10694987326860428, -0.2708709239959717, 0.9566560387611389),
            ["RightLowerArm"] = CFrame.new(2.086162567138672e-07, 5.960464477539062e-07, -0.00000432133674621582, 1, 0.0000052638351917266846, 0.000018745662600849755, 0.00001900363713502884, -0.48223188519477844, -0.8760436177253723, 0.000004369765520095825, 0.8760436177253723, -0.48223185539245605),
            ["LeftHand"] = CFrame.new(-0.0000010505318641662598, -0.0000010728836059570312, 2.8312206268310547e-07, 0.9440369606018066, 0.31823429465293884, -0.08672349154949188, -0.3259291648864746, 0.9403903484344482, -0.09714100509881973, 0.05064031109213829, 0.1199704259634018, 0.9914851188659668),
            ["RightUpperLeg"] = CFrame.new(2.9802322387695312e-08, -4.2282044887542725e-07, 4.487083060666919e-08, 0.9893485903739929, -0.13751204311847687, 0.04774704948067665, 0.09612374752759933, 0.3708444833755493, -0.9237070679664612, 0.10931411385536194, 0.9184578657150269, 0.38011258840560913),
