return {
    ["Hype Hop"] = {
        {Time = 0.000, Data = {
            ["RightFoot"] = CFrame.new(-2.9802322387695312e-08, 2.980232238769531e-07, 1.6560807125642896e-07, 0.9741153717041016, 0.1250467598438263, -0.18831542134284973, -0.12236747145652771, 0.9921486377716064, 0.025835726410150528, 0.19006727635860443, -0.0021236843895167112, 0.9817687273025513),
            ["LeftLowerArm"] = CFrame.new(5.066394805908203e-07, 0.0000014901161193847656, 0.000002950429916381836, 1, -9.685750512744562e-08, 8.195639367158947e-08, 1.1920937481590954e-07, 0.16401980817317963, -0.986457109451294, 6.705527511030596e-08, 0.9864570498466492, 0.16401976346969604),
            ["RightUpperArm"] = CFrame.new(4.76837158203125e-07, 5.960464477539062e-07, -6.705522537231445e-07, 0.9139016270637512, -0.27451038360595703, 0.29904502630233765, 0.20277075469493866, 0.9468991756439209, 0.24953150749206543, -0.3516644835472107, -0.16740962862968445, 0.9210354089736938),
            ["Head"] = CFrame.new(5.960464477539063e-08, 9.5367431640625e-07, 2.644956111907959e-07, 0.9265689849853516, 0.019025888293981552, -0.375643253326416, -0.05441228300333023, 0.9949944019317627, -0.08381908386945724, 0.3721681833267212, 0.09810380637645721, 0.9229662418365479),
            ["RightHand"] = CFrame.new(-8.642673492431641e-07, 0, -4.470348358154297e-07, 0.9597184658050537, 0.016006307676434517, -0.2805073857307434, -0.016058383509516716, 0.9998689293861389, 0.0021127425134181976, 0.28050437569618225, 0.0024768495932221413, 0.9598495364189148),
            ["UpperTorso"] = CFrame.new(1.1920928955078125e-07, 5.662441253662109e-07, 1.3550743460655212e-07, 0.9988877773284912, -0.045894596725702286, -0.010811916552484035, 0.04714777693152428, 0.9695824980735779, 0.2401818484067917, -0.0005401821690611541, -0.2404240220785141, 0.970667839050293),
            ["HumanoidRootPart"] = CFrame.new(0, 0, 0, 1, 0, 0, 0, 1, 0, 0, 0, 1),
            ["RightUpperLeg"] = CFrame.new(7.152557373046875e-07, -8.174683898687363e-07, 1.2496457202360034e-07, 0.9980462193489075, -0.06242603063583374, -0.002608592389151454, 0.034095413982868195, 0.5791406631469727, -0.8145138621330261, 0.05235781520605087, 0.8128339648246765, 0.5801381468772888),
            ["LeftUpperArm"] = CFrame.new(-3.5762786865234375e-07, 2.384185791015625e-07, 4.172325134277344e-07, -0.09716803580522537, 0.33644479513168335, -0.9366767406463623, -0.7536234855651855, -0.6395951509475708, -0.1515575349330902, -0.6500846147537231, 0.6911750435829163, 0.3157009184360504),
            ["RightLowerArm"] = CFrame.new(0.0000027418136596679688, 8.344650268554688e-07, -9.387731552124023e-07, 1, -5.96046660916727e-08, 7.450586281265714e-08, 2.2351766659767236e-08, 0.8344316482543945, -0.55111163854599, 7.450588590529605e-09, 0.5511115193367004, 0.8344316482543945),
            ["LeftHand"] = CFrame.new(-2.654269337654114e-07, -2.384185791015625e-07, -3.562308847904205e-08, 0.7050353288650513, 0.06472763419151306, 0.7062119841575623, 0.2314654439687729, 0.9202873706817627, -0.3154284954071045, -0.6703348755836487, 0.3858518600463867, 0.633853018283844),
            ["LeftFoot"] = CFrame.new(-9.033828973770142e-08, 0, 2.9802322387695312e-08, 0.9996016025543213, 0.027770530432462692, -0.005044461227953434, -0.02710532955825329, 0.8946654796600342, -0.445914089679718, -0.007870301604270935, 0.4458729028701782, 0.8950615525245667),
            ["LowerTorso"] = CFrame.new(-0.0327472947537899, -0.23657941818237305, -0.10102233290672302, 0.9808655381202698, -0.005417455919086933, 0.19461101293563843, 0.07650940865278244, 0.9299138188362122, -0.3597313165664673, -0.17902261018753052, 0.3677375614643097, 0.9125349521636963),
            ["RightLowerLeg"] = CFrame.new(0, -0.00012242794036865234, -0.00007739493594272062, 1, -7.823110337312755e-08, 3.725291186640334e-09, 8.568166975919667e-08, 0.8358926177024841, 0.5488924384117126, -3.166496398421259e-08, -0.54889315366745, 0.8358930349349976),
            ["LeftUpperLeg"] = CFrame.new(-1.1920928955078125e-07, 6.561167538166046e-07, -2.039596438407898e-07, 0.9988685846328735, -0.011146835051476955, -0.04623141512274742, 0.001861050259321928, 0.9805595874786377, -0.19621284306049347, 0.04751993715763092, 0.19590499997138977, 0.9794709086418152),
            ["LeftLowerLeg"] = CFrame.new(2.905726432800293e-07, 0.00012195110321044922, 0.0000777021050453186, 1, 7.450577754752885e-08, 8.568165554834195e-08, -7.264316082000732e-08, 0.3351239264011383, 0.9421741366386414, 7.450580596923828e-08, -0.9421741366386414, 0.33512362837791443),
        }},
        {Time = 0.033, Data = {
            ["RightFoot"] = CFrame.new(5.960464477539063e-08, 2.980232238769531e-07, -5.75528247281909e-09, 0.9691145420074463, 0.24540865421295166, 0.024326378479599953, -0.24384966492652893, 0.9683095216751099, -0.053981345146894455, -0.036803364753723145, 0.046382807195186615, 0.9982456564903259),
            ["LeftLowerArm"] = CFrame.new(-0.0000010728836059570312, 5.960464477539063e-08, 0.000002637505531311035, 1, -8.195632972274325e-08, 3.725287101019603e-08, 4.4703490686970326e-08, -0.15749317407608032, -0.9875200986862183, 5.960465188081798e-08, 0.9875200390815735, -0.1574932187795639),
            ["RightUpperArm"] = CFrame.new(4.76837158203125e-07, 0.0000011920928955078125, -6.854534149169922e-07, 0.9082024693489075, -0.31475183367729187, 0.2758616805076599, 0.21851448714733124, 0.9187476634979248, 0.3288681209087372, -0.35695919394493103, -0.23839902877807617, 0.9031866192817688),
            ["Head"] = CFrame.new(7.82310962677002e-08, 9.5367431640625e-07, 3.5762786865234375e-07, 0.9336521029472351, -0.04862362518906593, -0.3548656702041626, 0.02946462109684944, 0.9978113174438477, -0.059198539704084396, 0.3569674789905548, 0.0448148287832737, 0.9330412745475769),
            ["RightHand"] = CFrame.new(-5.066394805908203e-07, -4.76837158203125e-07, -1.4901161193847656e-07, 0.9239172339439392, 0.20677420496940613, -0.3219027817249298, -0.1973690688610077, 0.9783686399459839, 0.06197137385606766, 0.32775360345840454, 0.00627721194177866, 0.9447424411773682),
            ["UpperTorso"] = CFrame.new(1.1920928955078125e-07, 5.662441253662109e-07, 7.217749953269958e-08, 0.9973042011260986, -0.019653160125017166, -0.07069872319698334, 0.033543143421411514, 0.9790118932723999, 0.20102442800998688, 0.06526383012533188, -0.20285353064537048, 0.9770317673683167),
            ["HumanoidRootPart"] = CFrame.new(0, 0, 0, 1, 0, 0, 0, 1, 0, 0, 0, 1),
            ["RightUpperLeg"] = CFrame.new(7.748603820800781e-07, -0.0000012861564755439758, 2.441738615743816e-07, 0.9917494058609009, -0.12819209694862366, 0.000021753816326963715, 0.049177952110767365, 0.38030436635017395, -0.923552930355072, 0.11838395893573761, 0.915934145450592, 0.3834710717201233),
            ["LeftUpperArm"] = CFrame.new(-5.960464477539062e-07, 3.5762786865234375e-07, 4.3213367462158203e-07, -0.19951370358467102, 0.4442693591117859, -0.8733950853347778, -0.8905986547470093, -0.453959584236145, -0.027471743524074554, -0.4086909294128418, 0.7723636031150818, 0.4862368702888489),
            ["RightLowerArm"] = CFrame.new(6.556510925292969e-07, 1.1920928955078125e-07, -0.0000011473894119262695, 1, -7.636841559133245e-08, 2.9802340151263707e-08, 4.097822881021784e-08, 0.6446431875228882, -0.7644836902618408, 7.45058699180845e-08, 0.764483630657196, 0.6446431875228882),
            ["LeftHand"] = CFrame.new(-2.4586915969848633e-07, 1.1920928955078125e-07, 1.4156103134155273e-07, 0.7870947122573853, -0.07675530016422272, 0.6120380759239197, 0.23551619052886963, 0.9544509053230286, -0.1831820160150528, -0.5701000094413757, 0.2883265018463135, 0.7693203687667847),
            ["LeftFoot"] = CFrame.new(1.4901161193847656e-08, 0, 1.4901161193847656e-08, 0.9994903206825256, -0.022637605667114258, -0.022513937205076218, 0.01722043566405773, 0.9760375022888184, -0.2169201821088791, 0.026884738355875015, 0.21642188727855682, 0.9759297370910645),
            ["LowerTorso"] = CFrame.new(-0.006508174352347851, -0.14894914627075195, -0.09789285063743591, 0.9662843942642212, -0.025577250868082047, 0.2562038004398346, 0.11260154098272324, 0.9368332028388977, -0.33115625381469727, -0.23155011236667633, 0.34883996844291687, 0.9081273674964905),
            ["RightLowerLeg"] = CFrame.new(-5.960464477539063e-08, -0.00012242794036865234, -0.00007753463432891294, 1, -9.685753354915505e-08, -6.70552680048786e-08, 1.4854596486202354e-07, 0.4000864326953888, 0.9164772033691406, -9.057113459221e-08, -0.9164774417877197, 0.4000871181488037),
            ["LeftUpperLeg"] = CFrame.new(-1.1920928955078125e-07, 2.0721927285194397e-07, -2.0489096641540527e-08, 0.9929394721984863, 0.015687303617596626, -0.11757995933294296, -0.04410305246710777, 0.9689826369285583, -0.24316170811653137, 0.11011850833892822, 0.2466304898262024, 0.9628329873085022),
            ["LeftLowerLeg"] = CFrame.new(3.0919909477233887e-07, 0.00012201070785522461, 0.00007749348878860474, 1, 7.823104652970869e-08, 6.33299421792799e-08, -7.264315371457997e-08, 0.3886605203151703, 0.9213811159133911, 8.00937343115038e-08, -0.9213809967041016, 0.3886604905128479),
        }},
        {Time = 0.067, Data = {
            ["RightFoot"] = CFrame.new(3.725290298461914e-08, 1.7881393432617188e-07, 2.4047039914876223e-08, 0.9609403014183044, 0.19577190279960632, 0.19561998546123505, -0.19442130625247955, 0.980566143989563, -0.026274453848600388, -0.1969624161720276, -0.012783989310264587, 0.980327844619751),
            ["LeftLowerArm"] = CFrame.new(-7.748603820800781e-07, -2.384185791015625e-07, 0.0000029280781745910645, 1, -8.195634393359796e-08, 1.1175868053214799e-07, 7.450583439094771e-08, -0.34008529782295227, -0.9403946399688721, 1.1175875158642157e-07, 0.9403945803642273, -0.34008529782295227),
            ["RightUpperArm"] = CFrame.new(4.76837158203125e-07, 8.344650268554688e-07, -7.003545761108398e-07, 0.8523954153060913, -0.3928386867046356, 0.3451085090637207, 0.2157144546508789, 0.8653947710990906, 0.4522823393344879, -0.47632911801338196, -0.3110785484313965, 0.8223994970321655),
            ["Head"] = CFrame.new(1.0058283805847168e-07, 7.152557373046875e-07, 1.434236764907837e-07, 0.9551968574523926, -0.1000441312789917, -0.2785501778125763, 0.09659922122955322, 0.994981050491333, -0.02610209211707115, 0.27976348996162415, -0.0019751491490751505, 0.9600669145584106),
            ["RightHand"] = CFrame.new(-7.450580596923828e-07, -1.1920928955078125e-07, -5.960464477539063e-08, 0.9326966404914856, 0.30638521909713745, -0.19027672708034515, -0.30274099111557007, 0.9518293738365173, 0.048671092838048935, 0.1960231065750122, 0.012209209613502026, 0.9805233478546143),
            ["UpperTorso"] = CFrame.new(5.774199962615967e-08, 8.046627044677734e-07, 2.3748725652694702e-08, 0.9905970096588135, 0.02295994572341442, -0.13487239181995392, -0.003673361148685217, 0.9899258017539978, 0.14154009521007538, 0.13676314055919647, -0.13971352577209473, 0.980701744556427),
            ["HumanoidRootPart"] = CFrame.new(0, 0, 0, 1, 0, 0, 0, 1, 0, 0, 0, 1),
            ["RightUpperLeg"] = CFrame.new(7.152557373046875e-07, -0.0000013224780559539795, 3.55932570528239e-07, 0.9895195960998535, -0.13352635502815247, -0.05496923252940178, -0.02777913399040699, 0.19753722846508026, -0.9799017310142517, 0.1417015939950943, 0.9711591005325317, 0.1917579174041748),
            ["LeftUpperArm"] = CFrame.new(-5.960464477539062e-07, 3.5762786865234375e-07, 2.682209014892578e-07, -0.313152939081192, 0.5441019535064697, -0.778388500213623, -0.9496915936470032, -0.18339160084724426, 0.25387701392173767, -0.004614845849573612, 0.8187311291694641, 0.5741584300994873),
            ["RightLowerArm"] = CFrame.new(7.748603820800781e-07, 8.344650268554688e-07, -0.0000012889504432678223, 1, -7.450577754752885e-08, 4.470351555596608e-08, 8.940706663906894e-08, 0.3671119213104248, -0.9301767945289612, 7.450588412893921e-08, 0.9301767349243164, 0.3671119213104248),
            ["LeftHand"] = CFrame.new(2.682209014892578e-07, -2.384185791015625e-07, 5.960464477539063e-08, 0.8124504685401917, -0.2664095461368561, 0.518604040145874, 0.253930002450943, 0.9623892307281494, 0.09657483547925949, -0.5248274207115173, 0.05322687700390816, 0.8495429158210754),
            ["LeftFoot"] = CFrame.new(6.984919309616089e-09, 5.960464477539063e-08, 2.2351741790771484e-08, 0.9558312296867371, -0.2585660517215729, -0.13975094258785248, 0.270314484834671, 0.9600324630737305, 0.07258033752441406, 0.115398108959198, -0.10715124011039734, 0.987523078918457),
            ["LowerTorso"] = CFrame.new(0.05324222147464752, -0.028401970863342285, -0.08240780234336853, 0.9539886116981506, -0.08861121535301208, 0.28645050525665283, 0.16586241126060486, 0.9518154859542847, -0.2579478323459625, -0.2497909665107727, 0.29359057545661926, 0.9227182865142822),
            ["RightLowerLeg"] = CFrame.new(-1.043081283569336e-07, -0.00012242794036865234, -0.00007730552897555754, 1, -1.359730248395863e-07, -1.732260841436073e-07, 1.4062970876693726e-07, 0.010927542112767696, 0.9999403357505798, -1.73225998878479e-07, -0.9999403357505798, 0.010927804745733738),
            ["LeftUpperLeg"] = CFrame.new(-1.1920928955078125e-07, 3.594905138015747e-07, 1.4901161193847656e-08, 0.9765598773956299, 0.06585352122783661, -0.20492437481880188, -0.1348244547843933, 0.9292884469032288, -0.3438679873943329, 0.16778939962387085, 0.36343666911125183, 0.916384756565094),
            ["LeftLowerLeg"] = CFrame.new(2.7194619178771973e-07, 0.00012224912643432617, 0.00007759034633636475, 1, 6.984918599073353e-08, 6.239861249923706e-08, -6.938353891428051e-08, 0.42926713824272156, 0.9031777381896973, 4.144385812310247e-08, -0.9031776189804077, 0.4292668402194977),
        }},
        {Time = 0.100, Data = {
            ["RightFoot"] = CFrame.new(3.725290298461914e-08, 2.980232238769531e-07, -1.3205863069742918e-08, 0.9928645491600037, 0.01903163269162178, 0.1177196279168129, -0.027501467615365982, 0.9971148371696472, 0.07075154781341553, -0.11603371798992157, -0.07348410785198212, 0.9905233383178711),
            ["LeftLowerArm"] = CFrame.new(-5.364418029785156e-07, 2.384185791015625e-07, 0.0000027865171432495117, 1, -1.0430802888095059e-07, 9.68574909165909e-08, 8.195641498787154e-08, -0.30438244342803955, -0.952549934387207, 9.685758328714655e-08, 0.952549934387207, -0.3043822646141052),
            ["RightUpperArm"] = CFrame.new(1.1920928955078125e-07, 9.5367431640625e-07, -7.301568984985352e-07, 0.7712259888648987, -0.4863615036010742, 0.4106859266757965, 0.25408145785331726, 0.8267393708229065, 0.5019409656524658, -0.5836549401283264, -0.2827622890472412, 0.7611782550811768),
            ["Head"] = CFrame.new(9.12696123123169e-08, 0.0000010728836059570312, 1.685693860054016e-07, 0.9721982479095459, -0.10328134149312973, -0.21015134453773499, 0.10256291180849075, 0.9946231245994568, -0.014344543218612671, 0.21050292253494263, -0.007608072832226753, 0.977563738822937),
            ["RightHand"] = CFrame.new(-8.046627044677734e-07, -3.5762786865234375e-07, -2.9802322387695312e-08, 0.9184901118278503, 0.3936355710029602, -0.03777453303337097, -0.3919639587402344, 0.918889045715332, 0.0448024719953537, 0.05234638229012489, -0.02634439617395401, 0.9982814788818359),
            ["UpperTorso"] = CFrame.new(4.842877388000488e-08, 9.834766387939453e-07, 1.2479722499847412e-07, 0.9806183576583862, 0.038613460958004, -0.1920856535434723, -0.021394751965999603, 0.995628297328949, 0.09092073887586594, 0.1947564333677292, -0.08504874259233475, 0.9771574139595032),
            ["HumanoidRootPart"] = CFrame.new(0, 0, 0, 1, 0, 0, 0, 1, 0, 0, 0, 1),
            ["RightUpperLeg"] = CFrame.new(7.748603820800781e-07, -0.0000012889504432678223, 2.8142676455900073e-07, 0.9837522506713867, -0.12355469167232513, -0.130252406001091, -0.12774807214736938, 0.0280148945748806, -0.9914109110832214, 0.12614277005195618, 0.991942286491394, 0.011775685474276543),
            ["LeftUpperArm"] = CFrame.new(-2.384185791015625e-07, 4.76837158203125e-07, 3.0547380447387695e-07, -0.30934926867485046, 0.7249056100845337, -0.6154796481132507, -0.7916842103004456, 0.16223829984664917, 0.5889949202537537, 0.5268199443817139, 0.6694705486297607, 0.5237078070640564),
            ["RightLowerArm"] = CFrame.new(0.0000018477439880371094, 2.384185791015625e-07, -0.0000010244548320770264, 1, -8.940693874137651e-08, 8.195643630415361e-08, 5.960470872423684e-08, 0.08953230828046799, -0.995983898639679, 8.940706663906894e-08, 0.9959839582443237, 0.08953235298395157),
            ["LeftHand"] = CFrame.new(2.9802322387695312e-08, 2.384185791015625e-07, -9.313225746154785e-08, 0.9219932556152344, -0.32660454511642456, 0.20798537135124207, 0.2593040466308594, 0.919715166091919, 0.29476362466812134, -0.2875584661960602, -0.21783873438835144, 0.9326609969139099),
            ["LeftFoot"] = CFrame.new(2.828892320394516e-08, 1.1920928955078125e-07, 1.862645149230957e-08, 0.9121422171592712, -0.3832205832004547, -0.1453915238380432, 0.40098702907562256, 0.9078025221824646, 0.1228988841176033, 0.08488883823156357, -0.17040158808231354, 0.9817113876342773),
            ["LowerTorso"] = CFrame.new(0.12097004801034927, 0.09269380569458008, -0.06075175106525421, 0.9470422863960266, -0.13585636019706726, 0.29095354676246643, 0.19409629702568054, 0.964019238948822, -0.1816416084766388, -0.2558075785636902, 0.22849519550800323, 0.9393362402915955),
            ["RightLowerLeg"] = CFrame.new(1.4901161193847656e-08, -0.00012242794036865234, -0.00007770972297294065, 1, -1.4714893836753618e-07, -1.7043211641976086e-07, 1.685693860054016e-07, -0.3027498722076416, 0.9530700445175171, -2.0582228899002075e-07, -0.9530701041221619, -0.30275028944015503),
            ["LeftUpperLeg"] = CFrame.new(-5.960464477539063e-08, 2.812594175338745e-07, 2.9802322387695312e-08, 0.9553874731063843, 0.0834278091788292, -0.2833273112773895, -0.19075392186641693, 0.9066687226295471, -0.37625107169151306, 0.22549471259117126, 0.4135114550590515, 0.882134199142456),
            ["LeftLowerLeg"] = CFrame.new(1.8812716007232666e-07, 0.00012218952178955078, 0.00007745809853076935, 1, 7.776540655868303e-08, 4.6566128730773926e-08, -8.195637946073475e-08, 0.5018143653869629, 0.8649755120277405, 3.5390254282674505e-08, -0.8649753928184509, 0.5018141865730286),
        }},
        {Time = 0.133, Data = {
            ["RightFoot"] = CFrame.new(-3.3527612686157227e-08, 1.7881393432617188e-07, 1.6952981241047382e-09, 0.9971712827682495, -0.05577874183654785, -0.050381675362586975, 0.06565544754266739, 0.9727041125297546, 0.22256764769554138, 0.03659157082438469, -0.22524580359458923, 0.9736146926879883),
            ["LeftLowerArm"] = CFrame.new(-0.0000013113021850585938, 7.152557373046875e-07, 0.000002652406692504883, 1, -1.0710200371022438e-07, 7.264311818744318e-08, 9.126964783945368e-08, -0.06874750554561615, -0.9976341724395752, 6.705524668859653e-08, 0.9976341128349304, -0.06874754279851913),
            ["RightUpperArm"] = CFrame.new(2.384185791015625e-07, 0, -6.556510925292969e-07, 0.7122097611427307, -0.597592294216156, 0.3682944178581238, 0.3476914167404175, 0.7560940384864807, 0.5544658899307251, -0.6098096966743469, -0.26684319972991943, 0.7462753057479858),
            ["Head"] = CFrame.new(-8.009374141693115e-08, 8.344650268554688e-07, 2.7706846594810486e-07, 0.9757001996040344, -0.09742098301649094, -0.19626106321811676, 0.08977536112070084, 0.994828462600708, -0.047504618763923645, 0.19987405836582184, 0.028730839490890503, 0.9794003367424011),
            ["RightHand"] = CFrame.new(-4.76837158203125e-07, -6.556510925292969e-07, 1.862645149230957e-08, 0.9051119089126587, 0.422587126493454, -0.04682629182934761, -0.41589415073394775, 0.9028560519218445, 0.10900936275720596, 0.08834333717823029, -0.07919090986251831, 0.9929372668266296),
            ["UpperTorso"] = CFrame.new(8.195638656616211e-08, 9.238719940185547e-07, -2.2351741790771484e-08, 0.9771608114242554, 0.01398803386837244, -0.21204063296318054, 0.007150555495172739, 0.9951016902923584, 0.0985981747508049, 0.21238088607788086, -0.09786222875118256, 0.9722743034362793),
            ["HumanoidRootPart"] = CFrame.new(0, 0, 0, 1, 0, 0, 0, 1, 0, 0, 0, 1),
            ["RightUpperLeg"] = CFrame.new(5.364418029785156e-07, -0.000002291053533554077, 1.3241515262052417e-07, 0.9810886979103088, -0.11934749037027359, -0.1523849368095398, -0.15946708619594574, -0.05217185243964195, -0.9858237504959106, 0.10970568656921387, 0.991480827331543, -0.07021736353635788),
            ["LeftUpperArm"] = CFrame.new(-5.960464477539062e-07, 7.152557373046875e-07, 3.650784492492676e-07, -0.10443411022424698, 0.8250516653060913, -0.5553228855133057, -0.5519446134567261, 0.4164111614227295, 0.7224672436714172, 0.8273153901100159, 0.38195765018463135, 0.4118952751159668),
            ["RightLowerArm"] = CFrame.new(7.748603820800781e-07, 8.940696716308594e-07, -0.000001300126314163208, 1, -1.3411033705779118e-07, 9.313229298868464e-08, 5.960469451338213e-08, -0.27793771028518677, -0.9605991840362549, 1.0430821362206188e-07, 0.9605991244316101, -0.2779376804828644),
            ["LeftHand"] = CFrame.new(-3.855675458908081e-07, -1.1920928955078125e-07, -1.7881393432617188e-07, 0.9609278440475464, -0.276154488325119, -0.018880492076277733, 0.2662547826766968, 0.9035223126411438, 0.33579161763191223, -0.07567133754491806, -0.3276984989643097, 0.9417471289634705),
            ["LeftFoot"] = CFrame.new(-1.7462298274040222e-10, -5.960464477539063e-08, 1.6763806343078613e-08, 0.9365760087966919, -0.3049308955669403, -0.1727505922317505, 0.33574533462524414, 0.9220202565193176, 0.1927538812160492, 0.1005018949508667, -0.23852863907814026, 0.9659209251403809),
            ["LowerTorso"] = CFrame.new(0.1722683608531952, 0.1861875057220459, -0.04978185147047043, 0.9506695866584778, -0.10513322055339813, 0.2918466031551361, 0.16189731657505035, 0.9706764817237854, -0.17769785225391388, -0.26460662484169006, 0.21618105471134186, 0.9398133754730225),
            ["RightLowerLeg"] = CFrame.new(-9.313225746154785e-08, -0.00012218952178955078, -0.00007761100278003141, 1, -1.313164261773636e-07, -2.5006016812767484e-07, 9.802171518913383e-08, -0.5234083533287048, 0.8520817756652832, -2.1606686573250045e-07, -0.8520819544792175, -0.5234087109565735),
            ["LeftUpperLeg"] = CFrame.new(-1.1920928955078125e-07, -2.477318048477173e-07, -9.685754776000977e-08, 0.947384774684906, 0.01550966314971447, -0.31972062587738037, -0.16388656198978424, 0.88148432970047, -0.4428613781929016, 0.2749607563018799, 0.4719584584236145, 0.8376470804214478),
            ["LeftLowerLeg"] = CFrame.new(1.8347054719924927e-07, 0.00012236833572387695, 0.00007752608507871628, 1, 8.102505688611927e-08, 5.401671643312511e-08, -7.264316082000732e-08, 0.424595445394516, 0.9053834080696106, 4.377216100692749e-08, -0.9053832292556763, 0.4245951175689697),
        }},
        {Time = 0.167, Data = {
            ["RightFoot"] = CFrame.new(3.3527612686157227e-08, 7.152557373046875e-07, -2.0692095858976245e-07, 0.9974965453147888, -0.03272082656621933, -0.0626898929476738, 0.04571187496185303, 0.9747487306594849, 0.218577042222023, 0.053954362869262695, -0.2208947390317917, 0.9738039374351501),
            ["LeftLowerArm"] = CFrame.new(-4.470348358154297e-07, 1.1920928955078125e-07, 0.0000035762786865234375, 1, -1.4156093186556973e-07, 3.911553747570906e-08, 1.192093321833454e-07, 0.3008574843406677, -0.9536691308021545, 5.96046660916727e-08, 0.9536691308021545, 0.30085739493370056),
            ["RightUpperArm"] = CFrame.new(5.960464477539062e-07, 5.960464477539062e-07, -7.37607479095459e-07, 0.6600498557090759, -0.7122392058372498, 0.23885053396224976, 0.5058953166007996, 0.656475841999054, 0.5595619678497314, -0.5553414225578308, -0.24850553274154663, 0.7936251759529114),
            ["Head"] = CFrame.new(8.009374141693115e-08, 0.0000017881393432617188, 2.3044412955641747e-07, 0.9738126397132874, -0.11783736199140549, -0.1944306343793869, 0.10827881842851639, 0.9923614263534546, -0.0591159351170063, 0.19991154968738556, 0.03651511296629906, 0.9791333675384521),
            ["RightHand"] = CFrame.new(-9.238719940185547e-07, -9.5367431640625e-07, 1.6391277313232422e-07, 0.8646265864372253, 0.46318677067756653, -0.1946249157190323, -0.44537633657455444, 0.8858940005302429, 0.12973737716674805, 0.23250961303710938, -0.02549304999411106, 0.9722599983215332),
            ["UpperTorso"] = CFrame.new(8.195638656616211e-08, 3.8743019104003906e-07, 1.7881393432617188e-07, 0.9824035167694092, -0.01092537585645914, -0.18645140528678894, 0.040133584290742874, 0.9873164296150208, 0.15360917150974274, 0.18240809440612793, -0.15838879346847534, 0.9703814387321472),
            ["HumanoidRootPart"] = CFrame.new(0, 0, 0, 1, 0, 0, 0, 1, 0, 0, 0, 1),
            ["RightUpperLeg"] = CFrame.new(5.960464477539062e-07, -0.0000015255063772201538, 3.4103140933439136e-07, 0.9840874075889587, -0.1238548681139946, -0.12740446627140045, -0.1178353950381279, 0.08176503330469131, -0.9896612167358398, 0.1329919993877411, 0.9889258742332458, 0.06586935371160507),
            ["LeftUpperArm"] = CFrame.new(-3.5762786865234375e-07, 7.152557373046875e-07, 3.725290298461914e-07, 0.13434410095214844, 0.7587924599647522, -0.6373270153999329, -0.3922368586063385, 0.6313472986221313, 0.6689924001693726, 0.9100010395050049, 0.16010785102844238, 0.3824441134929657),
            ["RightLowerArm"] = CFrame.new(0.0000017881393432617188, 0, -4.172325134277344e-07, 1, -1.1548395661975519e-07, 2.235175742271167e-07, 5.960470161880949e-08, -0.5530480742454529, -0.8331494331359863, 1.4901175404702371e-07, 0.8331493735313416, -0.5530480742454529),
            ["LeftHand"] = CFrame.new(-3.2782554626464844e-07, 0, -8.475035429000854e-08, 0.9740399718284607, -0.21470390260219574, -0.07175324112176895, 0.22636932134628296, 0.9212607741355896, 0.31628426909446716, -0.0018040237482637167, -0.3243161737918854, 0.945946991443634),
            ["LeftFoot"] = CFrame.new(3.010882210219279e-09, -5.960464477539063e-08, 2.3326720111072063e-08, 0.9300028681755066, -0.2536731958389282, -0.2659789025783539, 0.30310577154159546, 0.9386324882507324, 0.1646106243133545, 0.20789796113967896, -0.23370707035064697, 0.949820339679718),
            ["LowerTorso"] = CFrame.new(0.19009172916412354, 0.24988079071044922, -0.05848005414009094, 0.9583451747894287, -0.045912470668554306, 0.2818985879421234, 0.11573272943496704, 0.9647592902183533, -0.23631685972213745, -0.2611143887042999, 0.2590978741645813, 0.929885745048523),
            ["RightLowerLeg"] = CFrame.new(-7.450580596923828e-08, -0.00012242794036865234, -0.00007734278187854216, 1, -1.322478482279621e-07, -2.3283050154532248e-07, 1.112930618774044e-07, -0.6112158894538879, 0.7914628982543945, -2.3655596237404097e-07, -0.7914640307426453, -0.611217200756073),
            ["LeftUpperLeg"] = CFrame.new(0, 1.0803341865539551e-07, 2.1606683731079102e-07, 0.9563332796096802, -0.08628836274147034, -0.2792500853538513, -0.0787476971745491, 0.8440269231796265, -0.5304867625236511, 0.2814702093601227, 0.5293137431144714, 0.8003768920898438),
            ["LeftLowerLeg"] = CFrame.new(2.1094456315040588e-07, 0.00012189149856567383, 0.00007780734449625015, 1, 8.661304207180365e-08, 7.171180982368242e-08, -9.033828973770142e-08, 0.13731050491333008, 0.9905282258987427, 7.543712854385376e-08, -0.9905281662940979, 0.1373094618320465),
        }},
        {Time = 0.200, Data = {
            ["RightFoot"] = CFrame.new(-1.2665987014770508e-07, -1.7881393432617188e-07, 9.145878721028566e-09, 0.9978929162025452, -0.03003745898604393, -0.0575130358338356, 0.0402124784886837, 0.9819400310516357, 0.18487024307250977, 0.05092085152864456, -0.1867929846048355, 0.9810786843299866),
            ["LeftLowerArm"] = CFrame.new(-0.0000011622905731201172, 5.364418029785156e-07, 0.0000030621886253356934, 1, -1.341103512686459e-07, 0, 4.842878453814592e-08, 0.5642556548118591, -0.8256000876426697, 2.980232949312267e-08, 0.8256001472473145, 0.5642557144165039),
            ["RightUpperArm"] = CFrame.new(3.5762786865234375e-07, 2.384185791015625e-07, -7.525086402893066e-07, 0.5498043298721313, -0.8313295245170593, 0.08128050714731216, 0.7336190938949585, 0.5271168351173401, 0.42889511585235596, -0.39939746260643005, -0.1761794537305832, 0.8996902704238892),
            ["Head"] = CFrame.new(1.7136335372924805e-07, 0.0000016689300537109375, 2.3422762751579285e-07, 0.978147566318512, -0.1137361153960228, -0.17404484748840332, 0.10702195018529892, 0.9931204915046692, -0.047518931329250336, 0.178252175450325, 0.02785385027527809, 0.9835906028747559),
            ["RightHand"] = CFrame.new(-9.238719940185547e-07, -3.5762786865234375e-07, 2.9802322387695312e-08, 0.7901638150215149, 0.4977532625198364, -0.3576071262359619, -0.5011376142501831, 0.8606138229370117, 0.09058155119419098, 0.35284897685050964, 0.10763603448867798, 0.9294687509536743),
            ["UpperTorso"] = CFrame.new(5.029141902923584e-08, 8.046627044677734e-07, 1.1175870895385742e-07, 0.9868227243423462, -0.00968216173350811, -0.16151614487171173, 0.038078535348176956, 0.9840693473815918, 0.17366020381450653, 0.15726140141487122, -0.177521750330925, 0.9714704751968384),
            ["HumanoidRootPart"] = CFrame.new(0, 0, 0, 1, 0, 0, 0, 1, 0, 0, 0, 1),
            ["RightUpperLeg"] = CFrame.new(5.364418029785156e-07, -0.0000017546117305755615, 5.790934665128589e-08, 0.9816970825195312, -0.10711422562599182, -0.1574721783399582, -0.12003075331449509, 0.29397326707839966, -0.9482468962669373, 0.14786379039287567, 0.949792742729187, 0.27573615312576294),
            ["LeftUpperArm"] = CFrame.new(-2.384185791015625e-07, 0.0000010728836059570312, 3.427267074584961e-07, 0.41011422872543335, 0.6216288208961487, -0.6673709750175476, -0.28881755471229553, 0.7825987935066223, 0.5514740347862244, 0.8650957942008972, -0.033418841660022736, 0.5004921555519104),
            ["RightLowerArm"] = CFrame.new(4.76837158203125e-07, 3.5762786865234375e-07, -0.0000011436641216278076, 1, -3.352760913344355e-08, 1.3411049337719305e-07, 1.3038525992215e-07, -0.7194209098815918, -0.6945744752883911, 1.527370159237762e-07, 0.6945744752883911, -0.7194209098815918),
            ["LeftHand"] = CFrame.new(-1.4901161193847656e-07, 0, -2.9802322387695312e-08, 0.983294665813446, -0.17917698621749878, 0.03205240145325661, 0.16462723910808563, 0.9505545496940613, 0.26333269476890564, -0.07765068858861923, -0.25365692377090454, 0.9641725420951843),
            ["LeftFoot"] = CFrame.new(-4.678440745919943e-09, -1.7881393432617188e-07, -6.775371730327606e-08, 0.9240792393684387, -0.32102999091148376, -0.2074061781167984, 0.33390507102012634, 0.9421485662460327, 0.029393773525953293, 0.18597011268138885, -0.09641554206609726, 0.9778132438659668),
            ["LowerTorso"] = CFrame.new(0.229980006814003, 0.28649353981018066, -0.02665441483259201, 0.9626451730728149, -0.04386626556515694, 0.2671891748905182, 0.11010054498910904, 0.9649415612220764, -0.2382558137178421, -0.24737054109573364, 0.2587733566761017, 0.933725893497467),
            ["RightLowerLeg"] = CFrame.new(1.1175870895385742e-07, -0.00012236833572387695, -0.00007724406168563291, 1, -1.1920927533992653e-07, -2.3655582026549382e-07, 1.2409874727836723e-07, -0.5136638879776001, 0.8579912781715393, -2.286397204898094e-07, -0.8579915165901184, -0.5136643648147583),
            ["LeftUpperLeg"] = CFrame.new(8.940696716308594e-08, -7.450580596923828e-09, 1.4901161193847656e-08, 0.9675759673118591, -0.13504092395305634, -0.21344903111457825, -0.06434740126132965, 0.6854011416435242, -0.7253164052963257, 0.24424625933170319, 0.7155342102050781, 0.6544888615608215),
            ["LeftLowerLeg"] = CFrame.new(2.4400651454925537e-07, 0.00012195110321044922, 0.00007792646647430956, 1, 8.102514215124756e-08, 1.0523931592842928e-07, -8.428468589727345e-08, -0.24787266552448273, 0.9687924981117249, 1.1385417053588753e-07, -0.968792736530304, -0.2478734254837036),
        }},
        {Time = 0.233, Data = {
            ["RightFoot"] = CFrame.new(9.313225746154785e-09, 3.5762786865234375e-07, 6.875052349641919e-08, 0.9999909400939941, -0.0034583909437060356, -0.002515876665711403, 0.003937349189072847, 0.9741504788398743, 0.22586657106876373, 0.0016695514786988497, -0.2258736491203308, 0.974155068397522),
            ["LeftLowerArm"] = CFrame.new(-3.8743019104003906e-07, 0.0000011324882507324219, 0.0000026300549507141113, 1, -3.725287456290971e-08, 2.2351738238057806e-08, 6.705525379402388e-08, 0.7371671795845032, -0.6757104992866516, 1.117587622445626e-08, 0.6757104396820068, 0.7371671795845032),
            ["RightUpperArm"] = CFrame.new(5.960464477539062e-07, 0.0000016689300537109375, -7.171183824539185e-07, 0.34515804052352905, -0.9378803968429565, -0.03530511632561684, 0.9350127577781677, 0.34035542607307434, 0.09954571723937988, -0.08134565502405167, -0.06736975908279419, 0.9944064617156982),
            ["Head"] = CFrame.new(8.940696716308594e-08, 0.0000015497207641601562, 2.2351741790771484e-07, 0.9800668358802795, -0.09459035843610764, -0.17470459640026093, 0.08877115696668625, 0.9952142834663391, -0.04084595665335655, 0.17773213982582092, 0.024523001164197922, 0.983773410320282),
            ["RightHand"] = CFrame.new(-7.040798664093018e-07, -7.152557373046875e-07, -1.7881393432617188e-07, 0.599202573299408, 0.46777743101119995, -0.6497234106063843, -0.5987949371337891, 0.800538957118988, 0.024124976247549057, 0.5314140915870667, 0.37459537386894226, 0.7597878575325012),
            ["UpperTorso"] = CFrame.new(1.043081283569336e-07, 7.450580596923828e-07, -1.862645149230957e-08, 0.9892866611480713, -0.03385646641254425, -0.142006054520607, 0.05836400389671326, 0.983340322971344, 0.172150120139122, 0.13381174206733704, -0.17859365046024323, 0.974781334400177),
            ["HumanoidRootPart"] = CFrame.new(0, 0, 0, 1, 0, 0, 0, 1, 0, 0, 0, 1),
            ["RightUpperLeg"] = CFrame.new(5.960464477539062e-07, -0.0000014211982488632202, 1.9947037799283862e-07, 0.9849628210067749, -0.10591846704483032, -0.1364906281232834, -0.06794820725917816, 0.48886945843696594, -0.8697065711021423, 0.15884415805339813, 0.8659030199050903, 0.4743214249610901),
            ["LeftUpperArm"] = CFrame.new(-4.76837158203125e-07, 9.5367431640625e-07, 3.7066638469696045e-07, 0.6575882434844971, 0.44404521584510803, -0.6086064577102661, -0.19626367092132568, 0.8809138536453247, 0.4306640625, 0.7273640036582947, -0.16375228762626648, 0.6664283871650696),
            ["RightLowerArm"] = CFrame.new(0.000002205371856689453, 7.748603820800781e-07, -9.723007678985596e-07, 1, -5.58793225025056e-08, 1.5273688802608376e-07, 7.217754927069109e-08, -0.7478750348091125, -0.66383957862854, 1.471490662652286e-07, 0.6638396382331848, -0.7478750348091125),
            ["LeftHand"] = CFrame.new(-8.940696716308594e-08, -1.1920928955078125e-07, 1.341104507446289e-07, 0.963793933391571, -0.1648697853088379, 0.20956945419311523, 0.12262117117643356, 0.9719460010528564, 0.20071138441562653, -0.23678138852119446, -0.16774672269821167, 0.9569721221923828),
            ["LeftFoot"] = CFrame.new(2.3865140974521637e-09, -5.960464477539063e-08, -5.5762939155101776e-08, 0.9487633109092712, -0.30729326605796814, -0.07361442595720291, 0.30772557854652405, 0.9514582753181458, -0.005680552218109369, 0.07178618758916855, -0.0172636266797781, 0.9972706437110901),
            ["LowerTorso"] = CFrame.new(0.25633376836776733, 0.29210877418518066, 0.026723667979240417, 0.9673414826393127, -0.02239087037742138, 0.252485990524292, 0.07971122115850449, 0.9724278450012207, -0.2191585898399353, -0.24061720073223114, 0.23212707042694092, 0.9424545168876648),
            ["RightLowerLeg"] = CFrame.new(3.3527612686157227e-08, -0.00012248754501342773, -0.00007709598139626905, 1, -1.527368311826649e-07, -1.8998980522155762e-07, 1.6530974278339272e-07, -0.2829793691635132, 0.9591259360313416, -1.9464638967292558e-07, -0.9591259956359863, -0.2829796373844147),
            ["LeftUpperLeg"] = CFrame.new(5.960464477539063e-08, -6.19795173406601e-07, -4.470348358154297e-08, 0.9761106967926025, -0.19630756974220276, -0.09311976283788681, -0.0028886962682008743, 0.41681885719299316, -0.9089848399162292, 0.21725495159626007, 0.8875390291213989, 0.4062945246696472),
            ["LeftLowerLeg"] = CFrame.new(2.7008354663848877e-07, 0.0001220703125, 0.00007747858762741089, 1, 7.450584860180243e-08, 1.2665975646086736e-07, -7.63684582238966e-08, -0.5222563743591309, 0.8527883887290955, 1.4435501327625389e-07, -0.8527885675430298, -0.5222565531730652),
        }},
        {Time = 0.267, Data = {
            ["RightFoot"] = CFrame.new(2.491287887096405e-08, 1.7881393432617188e-07, -7.281050784513354e-08, 0.9941750764846802, 0.06500784307718277, 0.08596505969762802, -0.08673090487718582, 0.9560596346855164, 0.28005072474479675, -0.0639825165271759, -0.2858739495277405, 0.9561284184455872),
            ["LeftLowerArm"] = CFrame.new(-5.364418029785156e-07, 9.5367431640625e-07, 0.0000026971101760864258, 1, -4.470344805440618e-08, 1.1175870895385742e-08, 3.7252920748187535e-08, 0.8728095889091492, -0.488060861825943, 2.6077044523731274e-08, 0.488060861825943, 0.8728095889091492),
            ["RightUpperArm"] = CFrame.new(1.1920928955078125e-07, 4.76837158203125e-07, -7.003545761108398e-07, 0.059540122747421265, -0.9980325698852539, -0.019649703055620193, 0.966521143913269, 0.0625595822930336, -0.24884356558322906, 0.2495831996202469, -0.0041756839491426945, 0.9683444499969482),
            ["Head"] = CFrame.new(1.0244548320770264e-07, 5.960464477539062e-07, 2.2910535335540771e-07, 0.9724681377410889, -0.10209804773330688, -0.20947954058647156, 0.09955242276191711, 0.9947736859321594, -0.022688882425427437, 0.21070127189159393, 0.0012099766172468662, 0.9775498509407043),
            ["RightHand"] = CFrame.new(-8.796341717243195e-07, -4.76837158203125e-07, -4.470348358154297e-08, 0.5373958945274353, 0.2827889323234558, -0.7945037484169006, -0.5796187520027161, 0.8081731200218201, -0.10439520329236984, 0.6125746965408325, 0.516610860824585, 0.5982186198234558),
            ["UpperTorso"] = CFrame.new(7.82310962677002e-08, 9.238719940185547e-07, -2.2351741790771484e-08, 0.9926644563674927, -0.06319314986467361, -0.10307230800390244, 0.080709308385849, 0.9811164736747742, 0.17577430605888367, 0.09001799672842026, -0.18280349671840668, 0.9790197014808655),
            ["HumanoidRootPart"] = CFrame.new(0, 0, 0, 1, 0, 0, 0, 1, 0, 0, 0, 1),
            ["RightUpperLeg"] = CFrame.new(7.748603820800781e-07, -0.0000011045485734939575, 1.7711863620206714e-07, 0.9875741600990295, -0.11248626559972763, -0.10974545776844025, -0.002946499502286315, 0.684956431388855, -0.7285778522491455, 0.15712599456310272, 0.7198482751846313, 0.6761142015457153),
            ["LeftUpperArm"] = CFrame.new(-3.5762786865234375e-07, -2.384185791015625e-07, 3.427267074584961e-07, 0.7337045073509216, 0.30054527521133423, -0.6093851923942566, -0.10696206241846085, 0.9367614984512329, 0.33322227001190186, 0.670996904373169, -0.17930558323860168, 0.7194530963897705),
            ["RightLowerArm"] = CFrame.new(7.748603820800781e-07, 4.76837158203125e-07, -7.599592208862305e-07, 1, -7.21774640055628e-08, 1.3550744881740684e-07, 6.286433062996366e-08, -0.6658693552017212, -0.7460683584213257, 1.1071107763882537e-07, 0.7460684776306152, -0.6658692955970764),
            ["LeftHand"] = CFrame.new(-3.396999090909958e-07, 3.5762786865234375e-07, -3.2247044146060944e-08, 0.9723225831985474, -0.20229393243789673, 0.11690180748701096, 0.17613135278224945, 0.963387668132782, 0.20214378833770752, -0.15351420640945435, -0.17595885694026947, 0.9723538160324097),
