return {
    ["Hypnot-Eyes"] = {
        {Time = 0.000, Data = {
            ["LeftFoot"] = CFrame.new(-1.5832483768463135e-08, -1.7881393432617188e-07, 7.450580596923828e-09, 0.9843943119049072, -0.14520345628261566, -0.09941773116588593, 0.11138094961643219, 0.9514840245246887, -0.28683149814605713, 0.13624344766139984, 0.2712821662425995, 0.9528084397315979),
            ["LeftLowerArm"] = CFrame.new(-2.980232238769531e-07, -4.76837158203125e-07, 1.1920928955078125e-07, 1, -3.725289943190546e-08, -1.7322601308933372e-07, 4.470347647611561e-08, 0.9477770924568176, -0.31893354654312134, -3.6321576857289983e-08, 0.31893354654312134, 0.9477771520614624),
            ["LowerTorso"] = CFrame.new(-0.05007274076342583, -0.13882851600646973, 0.3421364724636078, 0.994286060333252, 0.045118339359760284, -0.09674522280693054, -0.007207860238850117, 0.9325962066650391, 0.3608497083187103, 0.1065051481127739, -0.35809051990509033, 0.9275925755500793),
            ["Head"] = CFrame.new(0, -1.1920928955078125e-07, -3.725290298461914e-09, 0.9976980090141296, -0.06180044636130333, 0.027917806059122086, 0.06742750853300095, 0.8601934909820557, -0.5054904222488403, 0.007224726490676403, 0.5062093138694763, 0.8623804450035095),
            ["RightUpperArm"] = CFrame.new(-1.7881393432617188e-07, 1.1920928955078125e-07, 4.470348358154297e-08, 0.7856010794639587, -0.11336719989776611, 0.6082590222358704, 0.363847941160202, 0.8797751665115356, -0.30595800280570984, -0.500445544719696, 0.46167469024658203, 0.73240065574646),
            ["UpperTorso"] = CFrame.new(0, 5.960464477539063e-08, 9.941868484020233e-08, 0.9998891949653625, -0.0006155591108836234, 0.014879191294312477, -0.003071824787184596, 0.9691324234008789, 0.24652190506458282, -0.014571668580174446, -0.24654026329517365, 0.9690231084823608),
            ["HumanoidRootPart"] = CFrame.new(0, 0, 0, 1, 0, 0, 0, 1, 0, 0, 0, 1),
            ["RightHand"] = CFrame.new(8.288770914077759e-08, 5.960464477539063e-08, 2.9802322387695312e-08, 0.9414286613464355, 0.13179165124893188, 0.31039175391197205, -0.17893198132514954, 0.9754284024238586, 0.12854205071926117, -0.2858240306377411, -0.1765519678592682, 0.9418778419494629),
            ["LeftUpperArm"] = CFrame.new(0, 0, -4.470348358154297e-08, 0.861073911190033, 0.1430688202381134, -0.48793768882751465, -0.31012678146362305, 0.9082223176956177, -0.2809867262840271, 0.402955561876297, 0.3932729959487915, 0.8264158964157104),
            ["RightLowerArm"] = CFrame.new(0, -5.960464477539063e-08, 5.960464477539063e-08, 1, -2.1420420992512845e-08, 8.591450750827789e-08, 7.450581485102248e-09, 0.9606674313545227, -0.2777017056941986, 4.5401982617931935e-08, 0.277701735496521, 0.9606673717498779),
            ["LeftHand"] = CFrame.new(-1.043081283569336e-07, 0, -3.166496753692627e-08, 0.9212097525596619, -0.15306097269058228, -0.35769417881965637, 0.15908360481262207, 0.9871832132339478, -0.0127191711217165, 0.3550565540790558, -0.045186229050159454, 0.9337522387504578),
            ["RightUpperLeg"] = CFrame.new(-8.940696716308594e-08, -2.0489096641540527e-08, 9.516224963590503e-08, 0.9837337732315063, -0.03512100502848625, 0.17616604268550873, 0.16299372911453247, 0.5867366194725037, -0.7932044267654419, -0.07550490647554398, 0.8090159296989441, 0.5829169750213623),
            ["LeftUpperLeg"] = CFrame.new(0, 4.0978193283081055e-08, 1.1175870895385742e-08, 0.9806115031242371, 0.1864277869462967, 0.06038094684481621, -0.08347760885953903, 0.6761749386787415, -0.7319966554641724, -0.17729252576828003, 0.7127637267112732, 0.6786274313926697),
            ["RightLowerLeg"] = CFrame.new(-7.252674549818039e-08, -0.0000603795051574707, -0.00007199326500995085, 1, -9.173528781047935e-08, -4.6566135836201283e-08, 1.0617077350616455e-07, 0.7659847140312195, 0.6428585648536682, -4.842877388000488e-08, -0.6428589224815369, 0.7659850120544434),
            ["RightFoot"] = CFrame.new(3.876630216836929e-08, 4.172325134277344e-07, 1.7062120605260134e-08, 0.9827380180358887, 0.12048981338739395, 0.14038565754890442, -0.09988201409578323, 0.984289824962616, -0.14559224247932434, -0.15572267770767212, 0.1290573626756668, 0.9793338775634766),
            ["LeftLowerLeg"] = CFrame.new(2.7474015951156616e-08, 0.000060558319091796875, 0.00007207877933979034, 1, 5.401672353855247e-08, 2.0489098417897367e-08, -8.00937343115038e-08, 0.7398508787155151, 0.6727707982063293, 3.352760913344355e-08, -0.6727709770202637, 0.7398508787155151),
        }},
        {Time = 0.033, Data = {
            ["LeftFoot"] = CFrame.new(-3.725290298461914e-09, -5.960464477539063e-08, -3.725290298461914e-09, 0.9843935370445251, -0.14521941542625427, -0.09940271079540253, 0.11139657348394394, 0.9514743089675903, -0.28685781359672546, 0.13623639941215515, 0.271308034658432, 0.9528020024299622),
            ["LeftLowerArm"] = CFrame.new(8.940696716308594e-08, -3.5762786865234375e-07, 5.960464477539063e-08, 1, -3.725290298461914e-09, -6.007029895727101e-08, 2.0489096641540527e-08, 0.9478443264961243, -0.31873375177383423, -4.6566128730773926e-09, 0.31873372197151184, 0.9478443264961243),
            ["LowerTorso"] = CFrame.new(-0.05007274076342583, -0.13882851600646973, 0.3421364724636078, 0.9942585229873657, 0.04545600339770317, -0.09686998277902603, -0.0072707305662333965, 0.9318923354148865, 0.36266225576400757, 0.10675755143165588, -0.35987570881843567, 0.9268723130226135),
            ["Head"] = CFrame.new(-1.1175870895385742e-08, -1.1920928955078125e-07, -2.398155629634857e-07, 0.9975639581680298, -0.06357327103614807, 0.028718261048197746, 0.06933939456939697, 0.8585781455039978, -0.5079720616340637, 0.007636465132236481, 0.5087260007858276, 0.8608947396278381),
            ["RightUpperArm"] = CFrame.new(0, -1.1920928955078125e-07, -2.4586915969848633e-07, 0.7857047915458679, -0.11169648170471191, 0.6084341406822205, 0.3639797270298004, 0.8787608742713928, -0.3087041676044464, -0.5001868605613708, 0.46400800347328186, 0.7311017513275146),
            ["UpperTorso"] = CFrame.new(9.313225746154785e-09, -2.086162567138672e-07, -3.306195139884949e-08, 0.9998788833618164, -0.0007457886822521687, 0.01554794143885374, -0.0031058304011821747, 0.9692079424858093, 0.24622416496276855, -0.01525282021611929, -0.2462427318096161, 0.9690881967544556),
            ["HumanoidRootPart"] = CFrame.new(0, 0, 0, 1, 0, 0, 0, 1, 0, 0, 0, 1),
            ["RightHand"] = CFrame.new(1.2665987014770508e-07, 2.980232238769531e-07, -1.30385160446167e-08, 0.9410697817802429, 0.13355839252471924, 0.3107249140739441, -0.18055440485477448, 0.9752475619316101, 0.1276422142982483, -0.2859859764575958, -0.17622283101081848, 0.9418904185295105),
            ["LeftUpperArm"] = CFrame.new(5.960464477539063e-08, 0, -2.384185791015625e-07, 0.8608857989311218, 0.1427495926618576, -0.4883629083633423, -0.30983954668045044, 0.9084240794181824, -0.2806510031223297, 0.40357789397239685, 0.39292266964912415, 0.8262788653373718),
            ["RightLowerArm"] = CFrame.new(-8.940696716308594e-08, 4.76837158203125e-07, -1.4901161193847656e-07, 1, -1.5832487321176814e-08, -4.994218372189607e-08, 2.980232594040899e-08, 0.960758626461029, -0.2773858308792114, -7.287599856908855e-08, 0.2773858904838562, 0.960758626461029),
            ["LeftHand"] = CFrame.new(-3.725290298461914e-09, 1.1920928955078125e-07, 4.284083843231201e-08, 0.920886218547821, -0.15467357635498047, -0.35783377289772034, 0.16052351891994476, 0.9869397878646851, -0.01349541824311018, 0.35524770617485046, -0.04501296207308769, 0.9336878657341003),
            ["RightUpperLeg"] = CFrame.new(0, -2.7008354663848877e-07, -5.420588422566652e-09, 0.9836945533752441, -0.03503820672631264, 0.1764010787010193, 0.1632891297340393, 0.5850860476493835, -0.7943618893623352, -0.07537680119276047, 0.8102139830589294, 0.5812675356864929),
            ["LeftUpperLeg"] = CFrame.new(2.9802322387695312e-08, -2.60770320892334e-07, 5.21540641784668e-08, 0.9805886745452881, 0.18646718561649323, 0.060628559440374374, -0.08300495147705078, 0.6749060153961182, -0.7332201600074768, -0.17764005064964294, 0.7139551043510437, 0.6772830486297607),
            ["RightLowerLeg"] = CFrame.new(1.1525116860866547e-08, -0.000060439109802246094, -0.00007201934204204008, 1, -8.963978359588509e-08, -2.7008354663848877e-08, 1.1920928955078125e-07, 0.7659738063812256, 0.6428713798522949, -3.91155481338501e-08, -0.6428717970848083, 0.7659741640090942),
            ["RightFoot"] = CFrame.new(1.664739102125168e-08, 2.980232238769531e-07, 6.81757228448987e-09, 0.982733964920044, 0.12050793319940567, 0.14039960503578186, -0.09991495311260223, 0.9843021035194397, -0.1454867422580719, -0.15572775900363922, 0.12894703447818756, 0.9793475270271301),
            ["LeftLowerLeg"] = CFrame.new(-1.0593794286251068e-07, 0.00006079673767089844, 0.0000720638781785965, 1, 4.749745841081676e-08, 4.842878453814592e-08, -7.264316792543468e-08, 0.739904522895813, 0.6727118492126465, 4.4703490686970326e-08, -0.6727119088172913, 0.7399047017097473),
        }},
        {Time = 0.067, Data = {
            ["LeftFoot"] = CFrame.new(3.4458935260772705e-08, 5.960464477539063e-08, 2.2351741790771484e-08, 0.9843938946723938, -0.1452353596687317, -0.09937594085931778, 0.11139188706874847, 0.9514170289039612, -0.287049800157547, 0.13623768091201782, 0.2715004086494446, 0.9527470469474792),
            ["LeftLowerArm"] = CFrame.new(1.7881393432617188e-07, -1.1920928955078125e-07, 1.7881393432617188e-07, 1, -6.33299421792799e-08, -1.2305100938192481e-07, 2.4214383387288763e-08, 0.9479543566703796, -0.3184063136577606, -7.078050856534901e-08, 0.3184063732624054, 0.9479543566703796),
            ["LowerTorso"] = CFrame.new(-0.05007274076342583, -0.13882851600646973, 0.34198853373527527, 0.9941882491111755, 0.046034518629312515, -0.09731703996658325, -0.00744986766949296, 0.9312161207199097, 0.3643913269042969, 0.10739776492118835, -0.3615485429763794, 0.9261471033096313),
            ["Head"] = CFrame.new(0, -1.1920928955078125e-07, 2.0582228899002075e-07, 0.9974194765090942, -0.06519010663032532, 0.03008035011589527, 0.07140450179576874, 0.8570793271064758, -0.5102120041847229, 0.00747940968722105, 0.5110434293746948, 0.8595225214958191),
            ["RightUpperArm"] = CFrame.new(1.1920928955078125e-07, -1.1920928955078125e-07, -2.2351741790771484e-08, 0.7855739593505859, -0.11031419038772583, 0.608855128288269, 0.36440980434417725, 0.8777188658714294, -0.3111512362957001, -0.5000791549682617, 0.46630510687828064, 0.7297125458717346),
            ["UpperTorso"] = CFrame.new(-1.1175870895385742e-08, 1.1920928955078125e-07, -1.1408701539039612e-08, 0.9998685717582703, -0.0008192472159862518, 0.01619696244597435, -0.0031926806550472975, 0.9692358374595642, 0.2461133599281311, -0.015900304540991783, -0.24613264203071594, 0.9691057205200195),
            ["HumanoidRootPart"] = CFrame.new(0, 0, 0, 1, 0, 0, 0, 1, 0, 0, 0, 1),
            ["RightHand"] = CFrame.new(-3.725290298461914e-09, 1.1920928955078125e-07, -9.685754776000977e-08, 0.940049409866333, 0.13823390007019043, 0.311766654253006, -0.18509645760059357, 0.9746125340461731, 0.12597598135471344, -0.2864376902580261, -0.17613044381141663, 0.9417704939842224),
            ["LeftUpperArm"] = CFrame.new(0, -1.1920928955078125e-07, 5.960464477539063e-08, 0.8609279990196228, 0.14210322499275208, -0.48847702145576477, -0.3091893792152405, 0.9086615443229675, -0.28059932589530945, 0.40398627519607544, 0.39260780811309814, 0.8262289762496948),
            ["RightLowerArm"] = CFrame.new(1.7881393432617188e-07, 1.1920928955078125e-07, 2.9802322387695312e-08, 1, -1.816079198135867e-08, -5.820767201569765e-10, 4.1909511416804435e-09, 0.9608270525932312, -0.2771487534046173, 1.1641530406336642e-08, 0.2771488428115845, 0.960827112197876),
            ["LeftHand"] = CFrame.new(-7.078051567077637e-08, 5.960464477539063e-08, -1.862645149230957e-09, 0.9203723073005676, -0.15721242129802704, -0.35804879665374756, 0.1627960503101349, 0.9865501523017883, -0.014704217202961445, 0.3555451035499573, -0.044755518436431885, 0.9335871338844299),
            ["RightUpperLeg"] = CFrame.new(-2.9802322387695312e-08, 7.450580596923828e-08, 5.75528247281909e-09, 0.9835870265960693, -0.03483406454324722, 0.17704010009765625, 0.16384391486644745, 0.5834059119224548, -0.795482873916626, -0.0755763128399849, 0.8114334344863892, 0.5795376896858215),
            ["LeftUpperLeg"] = CFrame.new(2.9802322387695312e-08, 7.078051567077637e-08, -1.862645149230957e-08, 0.9805261492729187, 0.18656615912914276, 0.061332110315561295, -0.08231067657470703, 0.6739506721496582, -0.7341766953468323, -0.17830733954906464, 0.7148311734199524, 0.6761826872825623),
            ["RightLowerLeg"] = CFrame.new(-6.949994713068008e-08, -0.00006031990051269531, -0.00007211619958980009, 1, -1.1315569281578064e-07, -4.6100474548893544e-08, 8.84756374830431e-08, 0.7658671736717224, 0.6429985165596008, -3.166496398421259e-08, -0.6429989337921143, 0.7658675312995911),
            ["RightFoot"] = CFrame.new(9.19681042432785e-08, 4.76837158203125e-07, 9.145878721028566e-09, 0.9827293157577515, 0.1205378994345665, 0.1404060572385788, -0.09994938224554062, 0.98430335521698, -0.14545436203479767, -0.15573495626449585, 0.12890903651714325, 0.9793514609336853),
            ["LeftLowerLeg"] = CFrame.new(-1.0849907994270325e-07, 0.000060617923736572266, 0.0000721123069524765, 1, 6.146729703004894e-08, 2.6077035641947077e-08, -8.288773045705966e-08, 0.7400440573692322, 0.6725583672523499, 2.0489101970611046e-08, -0.6725584268569946, 0.7400439977645874),
        }},
        {Time = 0.100, Data = {
            ["LeftFoot"] = CFrame.new(-2.1420419216156006e-08, -1.7881393432617188e-07, -1.1175870895385742e-08, 0.9843915104866028, -0.1452793926000595, -0.0993344858288765, 0.11141397058963776, 0.9513470530509949, -0.2872733175754547, 0.13623638451099396, 0.271721750497818, 0.9526839256286621),
            ["LeftLowerArm"] = CFrame.new(2.682209014892578e-07, -4.172325134277344e-07, -1.1920928955078125e-07, 1, -1.8626449271863521e-09, -2.3283064365386963e-08, 1.862645326866641e-08, 0.9481032490730286, -0.31796276569366455, 6.9849201977945086e-09, 0.3179625868797302, 0.9481031894683838),
            ["LowerTorso"] = CFrame.new(-0.05007274076342583, -0.13882851600646973, 0.34184059500694275, 0.9940860271453857, 0.04678427428007126, -0.09800154715776443, -0.00771710742264986, 0.9305944442749023, 0.365970641374588, 0.10832135379314423, -0.36305001378059387, 0.9254518747329712),
            ["Head"] = CFrame.new(1.1175870895385742e-08, 0, 2.193264663219452e-07, 0.9972752332687378, -0.06658302247524261, 0.03176313266158104, 0.07344528287649155, 0.8557087779045105, -0.5122188925743103, 0.006924978457391262, 0.5131561756134033, 0.8582674860954285),
            ["RightUpperArm"] = CFrame.new(1.1920928955078125e-07, 0, 2.0116567611694336e-07, 0.785323977470398, -0.10924356430768967, 0.6093701720237732, 0.36507323384284973, 0.8766696453094482, -0.31332388520240784, -0.4999878406524658, 0.46852558851242065, 0.7283516526222229),
            ["UpperTorso"] = CFrame.new(-1.862645149230957e-09, 1.4901161193847656e-07, -4.237517714500427e-08, 0.9998582601547241, -0.0008139099227264524, 0.016819799318909645, -0.003354086074978113, 0.9691920876502991, 0.24628347158432007, -0.016502078622579575, -0.24630500376224518, 0.9690518975257874),
            ["HumanoidRootPart"] = CFrame.new(0, 0, 0, 1, 0, 0, 0, 1, 0, 0, 0, 1),
            ["RightHand"] = CFrame.new(1.1362135410308838e-07, -2.980232238769531e-07, 1.1548399925231934e-07, 0.9384818077087402, 0.14495070278644562, 0.31343498826026917, -0.19165925681591034, 0.9736489653587341, 0.12359054386615753, -0.28726086020469666, -0.1760600209236145, 0.9415327906608582),
            ["LeftUpperArm"] = CFrame.new(0, 0, 1.564621925354004e-07, 0.8611432909965515, 0.14116518199443817, -0.48836931586265564, -0.3082773983478546, 0.908888041973114, -0.28086912631988525, 0.4042242169380188, 0.3924219310283661, 0.8262009620666504),
            ["RightLowerArm"] = CFrame.new(4.76837158203125e-07, -3.5762786865234375e-07, 8.940696716308594e-08, 1, -1.955777229056821e-08, -4.528553887439557e-08, 2.4214381610931923e-08, 0.9608893394470215, -0.2769324779510498, -5.122272828117502e-09, 0.27693262696266174, 0.9608893990516663),
            ["LeftHand"] = CFrame.new(-1.0058283805847168e-07, -5.960464477539063e-08, -1.7136335372924805e-07, 0.919704258441925, -0.16047146916389465, -0.35831987857818604, 0.1657080054283142, 0.9860407114028931, -0.016266271471977234, 0.3559282422065735, -0.044416218996047974, 0.9334571957588196),
            ["RightUpperLeg"] = CFrame.new(5.960464477539063e-08, -2.2351741790771484e-08, -8.365168469026685e-08, 0.9834302663803101, -0.0345439575612545, 0.17796581983566284, 0.16458001732826233, 0.5817540287971497, -0.7965399622917175, -0.07601669430732727, 0.8126308917999268, 0.5777994990348816),
            ["LeftUpperLeg"] = CFrame.new(0, 5.960464477539063e-08, -9.685754776000977e-08, 0.9804386496543884, 0.18669457733631134, 0.062331970781087875, -0.08147874474525452, 0.6732552647590637, -0.7349072098731995, -0.1791684627532959, 0.7154525518417358, 0.6752971410751343),
            ["RightLowerLeg"] = CFrame.new(7.683411240577698e-08, -0.00006020069122314453, -0.00007217207894427702, 1, -8.498320624994449e-08, -4.703179712350902e-08, 8.66129994392395e-08, 0.7657297849655151, 0.6431623101234436, -4.470348358154297e-08, -0.6431624889373779, 0.7657298445701599),
            ["RightFoot"] = CFrame.new(-1.1641532182693481e-08, 1.7881393432617188e-07, -9.946234058588743e-09, 0.9827203154563904, 0.12056821584701538, 0.1404426246881485, -0.09997838735580444, 0.9843037724494934, -0.14543254673480988, -0.15577271580696106, 0.12887808680534363, 0.9793493747711182),
            ["LeftLowerLeg"] = CFrame.new(-6.030313670635223e-08, 0.000060677528381347656, 0.00007201731204986572, 1, 4.5634813261585805e-08, 1.6763804566721774e-08, -5.029141192380848e-08, 0.7402618527412415, 0.6723189353942871, 1.862644971595273e-08, -0.6723186373710632, 0.7402616143226624),
        }},
        {Time = 0.133, Data = {
            ["LeftFoot"] = CFrame.new(5.3551048040390015e-08, 0, 3.725290298461914e-09, 0.9843905568122864, -0.14530785381793976, -0.09930171817541122, 0.11140713840723038, 0.9512560367584229, -0.28757697343826294, 0.1362486034631729, 0.27202528715133667, 0.9525957703590393),
            ["LeftLowerArm"] = CFrame.new(2.086162567138672e-07, -1.1920928955078125e-07, 3.5762786865234375e-07, 1, -2.2351741790771484e-08, 1.210719347000122e-08, 2.9802318834981634e-08, 0.9482802152633667, -0.31743454933166504, -1.2805683979877358e-07, 0.31743451952934265, 0.9482802152633667),
            ["LowerTorso"] = CFrame.new(-0.05007274076342583, -0.13882851600646973, 0.3415446877479553, 0.9939643740653992, 0.047655049711465836, -0.09881225228309631, -0.008075985126197338, 0.9300628304481506, 0.36731189489364624, 0.10940585285425186, -0.36429694294929504, 0.924834132194519),
            ["Head"] = CFrame.new(7.450580596923828e-09, 0, -2.7194619178771973e-07, 0.9971369504928589, -0.06772653758525848, 0.033631645143032074, 0.07537336647510529, 0.8545295596122742, -0.5139047503471375, 0.006065650377422571, 0.5149683952331543, 0.8571877479553223),
            ["RightUpperArm"] = CFrame.new(0, 1.1920928955078125e-07, -1.9371509552001953e-07, 0.7849851846694946, -0.10857587307691574, 0.6099260449409485, 0.36595919728279114, 0.8756574392318726, -0.315115749835968, -0.49987223744392395, 0.4705691635608673, 0.727112352848053),
            ["UpperTorso"] = CFrame.new(1.30385160446167e-08, -8.940696716308594e-08, -8.032657206058502e-08, 0.9998481273651123, -0.0007304967730306089, 0.017416618764400482, -0.003590457607060671, 0.9690686464309692, 0.24676524102687836, -0.017058173194527626, -0.24679021537303925, 0.9689188599586487),
            ["HumanoidRootPart"] = CFrame.new(0, 0, 0, 1, 0, 0, 0, 1, 0, 0, 0, 1),
            ["RightHand"] = CFrame.new(-1.4528632164001465e-07, 2.384185791015625e-07, -2.9802322387695312e-08, 0.9365721940994263, 0.15282341837882996, 0.3154008090496063, -0.19938941299915314, 0.9724336862564087, 0.12089993059635162, -0.28822991251945496, -0.1761188954114914, 0.941225528717041),
            ["LeftUpperArm"] = CFrame.new(-1.1920928955078125e-07, 1.1920928955078125e-07, -1.30385160446167e-07, 0.8614725470542908, 0.1399466097354889, -0.48813939094543457, -0.3071568012237549, 0.9090899229049683, -0.2814428508281708, 0.40437576174736023, 0.3923906683921814, 0.8261415362358093),
            ["RightLowerArm"] = CFrame.new(-2.9802322387695312e-08, 3.5762786865234375e-07, 1.4901161193847656e-07, 1, -2.7008361769276235e-08, -6.402841989938679e-08, 2.8871003365793513e-08, 0.960939884185791, -0.2767573297023773, 1.7741696467510337e-07, 0.2767574191093445, 0.960939884185791),
            ["LeftHand"] = CFrame.new(1.4901161193847656e-07, 0, -7.078051567077637e-08, 0.9189257621765137, -0.164206400513649, -0.3586251437664032, 0.16902177035808563, 0.9854457378387451, -0.018118249252438545, 0.3563806414604187, -0.04396609216928482, 0.9333057999610901),
            ["RightUpperLeg"] = CFrame.new(5.960464477539063e-08, -2.6635825634002686e-07, -4.267349140718579e-08, 0.9832374453544617, -0.034234389662742615, 0.17908744513988495, 0.1654522716999054, 0.5802496671676636, -0.7974559664726257, -0.07661500573158264, 0.813718855381012, 0.576187252998352),
            ["LeftUpperLeg"] = CFrame.new(-5.960464477539063e-08, -3.632158041000366e-07, -7.450580596923828e-08, 0.9803383350372314, 0.18680575489997864, 0.06356403231620789, -0.08054796606302261, 0.6729145050048828, -0.7353217601776123, -0.18013550341129303, 0.7157442569732666, 0.6747307777404785),
            ["RightLowerLeg"] = CFrame.new(1.5133991837501526e-09, -0.0000603795051574707, -0.00007208267197711393, 1, -8.754432911928234e-08, -3.632158396271734e-08, 9.03382755268467e-08, 0.7654699087142944, 0.6434711813926697, -4.656612162534657e-08, -0.6434717178344727, 0.7654704451560974),
            ["RightFoot"] = CFrame.new(-6.752088665962219e-09, 4.172325134277344e-07, 1.7993443179875612e-08, 0.9827155470848083, 0.12061336636543274, 0.1404372751712799, -0.10002248734235764, 0.9842973947525024, -0.14544416964054108, -0.1557745486497879, 0.1288839429616928, 0.9793485403060913),
            ["LeftLowerLeg"] = CFrame.new(-1.792795956134796e-08, 0.00006085634231567383, 0.00007211416959762573, 1, 4.5634813261585805e-08, 3.91155481338501e-08, -4.936009645462036e-08, 0.7405499815940857, 0.6720011234283447, 2.2351741790771484e-08, -0.6720012426376343, 0.7405501008033752),
        }},
        {Time = 0.167, Data = {
            ["LeftFoot"] = CFrame.new(-4.190951585769653e-09, -1.1920928955078125e-07, 3.3527612686157227e-08, 0.9843893051147461, -0.14534686505794525, -0.09925752133131027, 0.11141645908355713, 0.9511692523956299, -0.2878601849079132, 0.13625028729438782, 0.2723075747489929, 0.9525148868560791),
            ["LeftLowerArm"] = CFrame.new(8.940696716308594e-08, 0, 0, 1, -4.0046870708465576e-08, 1.862645149230957e-08, 1.3038517820973539e-08, 0.9484659433364868, -0.3168792724609375, -4.936010356004772e-08, 0.3168792128562927, 0.9484659433364868),
            ["LowerTorso"] = CFrame.new(-0.05007274076342583, -0.13882851600646973, 0.3412487506866455, 0.9938361048698425, 0.04857499524950981, -0.09965124726295471, -0.008502086624503136, 0.9296436905860901, 0.3683618903160095, 0.11053330451250076, -0.3652440905570984, 0.9243263602256775),
            ["Head"] = CFrame.new(-1.862645149230957e-08, 2.384185791015625e-07, 1.7415732145309448e-07, 0.9970414638519287, -0.06814218312501907, 0.03556623309850693, 0.07672061026096344, 0.8538450002670288, -0.5148423314094543, 0.0047143129631876945, 0.516048014163971, 0.8565467596054077),
            ["RightUpperArm"] = CFrame.new(-5.960464477539063e-08, 3.5762786865234375e-07, 1.4156103134155273e-07, 0.7845380902290344, -0.10833267867565155, 0.6105442047119141, 0.3669896423816681, 0.8747779726982117, -0.3163577616214752, -0.4998186528682709, 0.4722580909729004, 0.7260534763336182),
            ["UpperTorso"] = CFrame.new(-5.587935447692871e-09, 5.960464477539063e-08, -4.819594323635101e-08, 0.9998382329940796, -0.0005663805641233921, 0.017978757619857788, -0.0039004129357635975, 0.9688971042633057, 0.2474336475133896, -0.01755972020328045, -0.2474636733531952, 0.9687380790710449),
            ["HumanoidRootPart"] = CFrame.new(0, 0, 0, 1, 0, 0, 0, 1, 0, 0, 0, 1),
            ["RightHand"] = CFrame.new(-1.30385160446167e-08, 1.1920928955078125e-07, -4.470348358154297e-08, 0.9345313906669617, 0.16101118922233582, 0.3173742890357971, -0.2074441909790039, 0.9710820317268372, 0.11818158626556396, -0.2891677916049957, -0.17628154158592224, 0.9409074187278748),
            ["LeftUpperArm"] = CFrame.new(0, 0, 1.3783574104309082e-07, 0.8618624806404114, 0.1385306864976883, -0.48785510659217834, -0.30588677525520325, 0.9092861413955688, -0.28219154477119446, 0.4045076370239258, 0.3924387991428375, 0.8260541558265686),
            ["RightLowerArm"] = CFrame.new(-2.384185791015625e-07, 0, -2.086162567138672e-07, 1, -4.0978193283081055e-08, -1.561129607807743e-07, 8.381901395182467e-09, 0.9609647393226624, -0.2766711413860321, -1.305015473462845e-07, 0.2766711115837097, 0.9609647393226624),
            ["LeftHand"] = CFrame.new(-1.7136335372924805e-07, -5.960464477539063e-08, -3.725290298461914e-09, 0.9180205464363098, -0.16845183074474335, -0.358974426984787, 0.17280933260917664, 0.9847487211227417, -0.020167913287878036, 0.3568967282772064, -0.043519526720047, 0.9331295490264893),
            ["RightUpperLeg"] = CFrame.new(-2.9802322387695312e-08, 8.009374141693115e-08, -1.6596459317952394e-08, 0.9830280542373657, -0.03394763171672821, 0.1802874207496643, 0.1663852483034134, 0.5789417624473572, -0.7982122302055359, -0.07727853208780289, 0.8146619200706482, 0.5747641921043396),
            ["LeftUpperLeg"] = CFrame.new(2.9802322387695312e-08, 1.0058283805847168e-07, -5.21540641784668e-08, 0.9802409410476685, 0.18686634302139282, 0.06487374007701874, -0.07959573715925217, 0.672864556312561, -0.7354711294174194, -0.18108612298965454, 0.715775191783905, 0.6744431257247925),
            ["RightLowerLeg"] = CFrame.new(1.3271346688270569e-08, -0.00006026029586791992, -0.00007208267197711393, 1, -8.963978359588509e-08, -2.7474015951156616e-08, 1.0803341865539551e-07, 0.7651490569114685, 0.6438528895378113, -4.470348358154297e-08, -0.6438531875610352, 0.7651492953300476),
            ["RightFoot"] = CFrame.new(-4.400499165058136e-08, 5.364418029785156e-07, 9.145878721028566e-09, 0.9827010035514832, 0.1206928938627243, 0.1404711753129959, -0.1000908687710762, 0.9842841625213623, -0.1454867422580719, -0.1558227241039276, 0.12891040742397308, 0.9793373346328735),
            ["LeftLowerLeg"] = CFrame.new(-4.842877388000488e-08, 0.00006073713302612305, 0.00007207505404949188, 1, 8.381903171539307e-08, 2.0489094865183688e-08, -7.264316082000732e-08, 0.740908682346344, 0.6716057658195496, 2.9802322387695312e-08, -0.6716058254241943, 0.7409087419509888),
        }},
        {Time = 0.200, Data = {
            ["LeftFoot"] = CFrame.new(-3.4924596548080444e-08, 1.1920928955078125e-07, 3.725290298461914e-09, 0.9843885898590088, -0.14538216590881348, -0.09921295940876007, 0.1114308312535286, 0.9510998725891113, -0.2880837619304657, 0.13624370098114014, 0.2725309431552887, 0.9524518847465515),
            ["LeftLowerArm"] = CFrame.new(1.4901161193847656e-07, -1.7881393432617188e-07, 1.7881393432617188e-07, 1, -3.166497108963995e-08, -5.995390495172614e-08, 3.539026138810186e-08, 0.9486414194107056, -0.3163534700870514, -1.550652228843319e-07, 0.3163534700870514, 0.9486414194107056),
            ["LowerTorso"] = CFrame.new(-0.05007274076342583, -0.13882851600646973, 0.3409528136253357, 0.9937143921852112, 0.049475230276584625, -0.10041893273591995, -0.008978713303804398, 0.9293704628944397, 0.3690391778945923, 0.11158467084169388, -0.36581793427467346, 0.923973023891449),
            ["Head"] = CFrame.new(0, 0, -1.5832483768463135e-08, 0.9970085620880127, -0.06761251389980316, 0.03745214268565178, 0.07724040746688843, 0.8538282513618469, -0.5147925019264221, 0.0028285810258239508, 0.5161453485488892, 0.8564963936805725),
            ["RightUpperArm"] = CFrame.new(1.1920928955078125e-07, 0, -5.960464477539063e-08, 0.7840472459793091, -0.10848750174045563, 0.6111469268798828, 0.36806684732437134, 0.8740798830986023, -0.3170351982116699, -0.4997968375682831, 0.4735134243965149, 0.7252504229545593),
            ["UpperTorso"] = CFrame.new(1.862645149230957e-09, -2.9802322387695312e-08, -3.3760443329811096e-08, 0.9998297095298767, -0.0003479854203760624, 0.01845671981573105, -0.0042450749315321445, 0.9686927199363708, 0.24822673201560974, -0.017965255305171013, -0.24826273322105408, 0.9685261845588684),
            ["HumanoidRootPart"] = CFrame.new(0, 0, 0, 1, 0, 0, 0, 1, 0, 0, 0, 1),
            ["RightHand"] = CFrame.new(6.705522537231445e-08, -5.960464477539063e-08, 8.568167686462402e-08, 0.9325873851776123, 0.1686219722032547, 0.31913530826568604, -0.21494118869304657, 0.9697468876838684, 0.11572128534317017, -0.28996726870536804, -0.17651546001434326, 0.9406174421310425),
            ["LeftUpperArm"] = CFrame.new(0, -2.384185791015625e-07, -3.725290298461914e-08, 0.8622517585754395, 0.13699975609779358, -0.48759928345680237, -0.30453431606292725, 0.9094921350479126, -0.28298914432525635, 0.40469831228256226, 0.3924986720085144, 0.8259323239326477),
            ["RightLowerArm"] = CFrame.new(-2.9802322387695312e-08, 1.1920928955078125e-07, 5.960464477539063e-08, 1, -2.7008354663848877e-08, -5.02914261346632e-08, 3.632158396271734e-08, 0.9609645009040833, -0.27667176723480225, 3.864989039925604e-08, 0.276671826839447, 0.960964560508728),
            ["LeftHand"] = CFrame.new(2.1606683731079102e-07, -3.5762786865234375e-07, -2.60770320892334e-08, 0.9170548915863037, -0.1728995442390442, -0.3593273162841797, 0.17679853737354279, 0.9839953184127808, -0.022258330136537552, 0.35742494463920593, -0.04311646521091461, 0.9329460859298706),
            ["RightUpperLeg"] = CFrame.new(0, -1.4528632164001465e-07, -7.992639439180493e-08, 0.9828213453292847, -0.033736880868673325, 0.18144993484020233, 0.1673053652048111, 0.5779290795326233, -0.7987533807754517, -0.07791776210069656, 0.8153893947601318, 0.5736453533172607),
            ["LeftUpperLeg"] = CFrame.new(-5.960464477539063e-08, 3.725290298461914e-09, -1.0058283805847168e-07, 0.9801626801490784, 0.18683676421642303, 0.06613132357597351, -0.07869700342416763, 0.6731239557266235, -0.7353305220603943, -0.18190136551856995, 0.7155390977859497, 0.6744744181632996),
            ["RightLowerLeg"] = CFrame.new(7.2177499532699585e-09, -0.00006020069122314453, -0.00007206032023532316, 1, -7.77654278749651e-08, -4.749744419996205e-08, 8.568168397005138e-08, 0.7647603154182434, 0.6443145871162415, -5.02914261346632e-08, -0.6443149447441101, 0.7647605538368225),
            ["RightFoot"] = CFrame.new(1.8742866814136505e-08, 4.172325134277344e-07, 6.81757228448987e-09, 0.9826905131340027, 0.12074490636587143, 0.140500009059906, -0.10012976080179214, 0.9842716455459595, -0.1455453783273697, -0.15586382150650024, 0.12895816564559937, 0.979324460029602),
            ["LeftLowerLeg"] = CFrame.new(-5.005858838558197e-08, 0.000060617923736572266, 0.00007202289998531342, 1, 4.6566128730773926e-08, 2.421439049271612e-08, -9.033828973770142e-08, 0.741326630115509, 0.6711446642875671, 2.9802322387695312e-08, -0.6711444854736328, 0.7413264513015747),
        }},
        {Time = 0.233, Data = {
            ["LeftFoot"] = CFrame.new(4.0046870708465576e-08, 0, -1.1175870895385742e-08, 0.9843891859054565, -0.14540523290634155, -0.09917337447404861, 0.11143125593662262, 0.9510302543640137, -0.28831353783607483, 0.13623924553394318, 0.27276161313056946, 0.9523864388465881),
            ["LeftLowerArm"] = CFrame.new(4.172325134277344e-07, 3.5762786865234375e-07, -1.1920928955078125e-07, 1, -2.1420426321583363e-08, 3.6903664124565694e-08, 4.284084198502569e-08, 0.9487901926040649, -0.3159071207046509, 1.3504179108281278e-08, 0.31590718030929565, 0.9487901329994202),
            ["LowerTorso"] = CFrame.new(-0.05007274076342583, -0.13882851600646973, 0.34050893783569336, 0.9936146140098572, 0.05028644949197769, -0.10100147873163223, -0.009493017569184303, 0.9292716383934021, 0.36927521228790283, 0.11242732405662537, -0.36595842242240906, 0.9238151907920837),
            ["Head"] = CFrame.new(0, 0, 0, 0.9970355033874512, -0.06622879952192307, 0.03916553407907486, 0.07694050669670105, 0.8544562458992004, -0.5137940645217896, 0.0005626099300570786, 0.5152845978736877, 0.8570190668106079),
            ["RightUpperArm"] = CFrame.new(1.1920928955078125e-07, 1.1920928955078125e-07, 6.705522537231445e-08, 0.78357994556427, -0.10896676033735275, 0.6116607785224915, 0.3690449297428131, 0.873630702495575, -0.31713569164276123, -0.4998084008693695, 0.4742315411567688, 0.724773108959198),
            ["UpperTorso"] = CFrame.new(-1.862645149230957e-09, -8.940696716308594e-08, -4.21423465013504e-08, 0.9998224973678589, -0.000061787199229002, 0.018843555822968483, -0.004633995238691568, 0.968479335308075, 0.2490507811307907, -0.018264975398778915, -0.2490939050912857, 0.9683071374893188),
            ["HumanoidRootPart"] = CFrame.new(0, 0, 0, 1, 0, 0, 0, 1, 0, 0, 0, 1),
            ["RightHand"] = CFrame.new(-1.1734664440155029e-07, 0, -8.195638656616211e-08, 0.9309484362602234, 0.1749015599489212, 0.32053759694099426, -0.22113245725631714, 0.968589723110199, 0.11373022943735123, -0.2905779182910919, -0.17675815522670746, 0.9403834342956543),
            ["LeftUpperArm"] = CFrame.new(0, -1.1920928955078125e-07, 5.587935447692871e-08, 0.862596333026886, 0.13541145622730255, -0.4874334931373596, -0.30313432216644287, 0.9097321033477783, -0.28371989727020264, 0.40501511096954346, 0.3924937844276428, 0.8257794380187988),
            ["RightLowerArm"] = CFrame.new(-2.086162567138672e-07, 4.172325134277344e-07, 0, 1, -3.4458938813486384e-08, 2.0954759705205106e-08, 3.166496398421259e-08, 0.9609387516975403, -0.2767612338066101, -7.299239968006077e-08, 0.27676135301589966, 0.9609387516975403),
            ["LeftHand"] = CFrame.new(-2.086162567138672e-07, 0, -5.21540641784668e-08, 0.916046142578125, -0.17744570970535278, -0.35968416929244995, 0.1809098869562149, 0.9831992387771606, -0.02430598996579647, 0.3579542636871338, -0.04280495271086693, 0.9327574968338013),
            ["RightUpperLeg"] = CFrame.new(0, -5.587935447692871e-08, 2.438173396512866e-08, 0.9826369285583496, -0.03366544470191002, 0.18245936930179596, 0.1681431531906128, 0.5773240923881531, -0.7990149855613708, -0.07843900471925735, 0.8158207535743713, 0.5729604363441467),
            ["LeftUpperLeg"] = CFrame.new(-5.960464477539063e-08, 2.3655593395233154e-07, 6.332993507385254e-08, 0.9801167249679565, 0.18668000400066376, 0.06724468618631363, -0.07791133970022202, 0.6737530827522278, -0.7348379492759705, -0.18248571455478668, 0.7149877548217773, 0.674901008605957),
            ["RightLowerLeg"] = CFrame.new(-9.336508810520172e-08, -0.00006026029586791992, -0.00007212737546069548, 1, -1.0314398934951896e-07, -4.516914486885071e-08, 9.499491682163352e-08, 0.7642215490341187, 0.6449536085128784, -4.842878098543224e-08, -0.6449539661407471, 0.764221727848053),
            ["RightFoot"] = CFrame.new(1.83936208486557e-08, 3.5762786865234375e-07, -3.892637323588133e-09, 0.9826897382736206, 0.12077399343252182, 0.14048002660274506, -0.10008421540260315, 0.9842042922973633, -0.14603151381015778, -0.15589772164821625, 0.12944376468658447, 0.9792549014091492),
            ["LeftLowerLeg"] = CFrame.new(-1.1641532182693481e-08, 0.000060498714447021484, 0.00007207691669464111, 1, 5.21540641784668e-08, 2.0489103746967885e-08, -7.729977369308472e-08, 0.7417764067649841, 0.6706474423408508, 1.862645149230957e-08, -0.6706472635269165, 0.7417762875556946),
        }},
        {Time = 0.267, Data = {
            ["LeftFoot"] = CFrame.new(-3.4924596548080444e-08, 0, -2.2351741790771484e-08, 0.9843921065330505, -0.14541243016719818, -0.09913364797830582, 0.11145634204149246, 0.9510424733161926, -0.2882634103298187, 0.13619732856750488, 0.2727152109146118, 0.9524057507514954),
            ["LeftLowerArm"] = CFrame.new(2.086162567138672e-07, -5.960464477539062e-07, 2.384185791015625e-07, 1, -3.632158396271734e-08, -1.5390106966606254e-07, 2.6077039194660756e-08, 0.9489082098007202, -0.31555256247520447, -4.237518780314531e-08, 0.3155525028705597, 0.9489081501960754),
            ["LowerTorso"] = CFrame.new(-0.05007274076342583, -0.13882851600646973, 0.34021300077438354, 0.9935284852981567, 0.05112248659133911, -0.10142801702022552, -0.010152426548302174, 0.9293797612190247, 0.3689853847026825, 0.11312858760356903, -0.36556774377822876, 0.9238842725753784),
            ["Head"] = CFrame.new(0, -1.1920928955078125e-07, -1.5366822481155396e-08, 0.9971067309379578, -0.0642213225364685, 0.04066750407218933, 0.07599015533924103, 0.8556515574455261, -0.5119431018829346, -0.00191966793499887, 0.5135523080825806, 0.8580561876296997),
            ["RightUpperArm"] = CFrame.new(0, 2.384185791015625e-07, 1.7881393432617188e-07, 0.7831407785415649, -0.10991496592760086, 0.6120533347129822, 0.36992430686950684, 0.8735030889511108, -0.3164621591567993, -0.4998466372489929, 0.4742477536201477, 0.7247360944747925),
            ["UpperTorso"] = CFrame.new(9.313225746154785e-09, 0, 7.2177499532699585e-09, 0.9998175501823425, 0.00026549678295850754, 0.01909870095551014, -0.0050290729850530624, 0.9682812690734863, 0.2498122751712799, -0.01842658966779709, -0.24986273050308228, 0.9681059718132019),
            ["HumanoidRootPart"] = CFrame.new(0, 0, 0, 1, 0, 0, 0, 1, 0, 0, 0, 1),
            ["RightHand"] = CFrame.new(6.51925802230835e-08, 1.7881393432617188e-07, -4.470348358154297e-08, 0.929567813873291, 0.1801028549671173, 0.32166239619255066, -0.2263178676366806, 0.9675602316856384, 0.11228372901678085, -0.29100504517555237, -0.1771731823682785, 0.9401732683181763),
            ["LeftUpperArm"] = CFrame.new(0, 2.384185791015625e-07, 1.1175870895385742e-07, 0.8629205226898193, 0.13364681601524353, -0.4873465597629547, -0.30153870582580566, 0.9100657105445862, -0.28434959053993225, 0.4055151343345642, 0.39232492446899414, 0.8256141543388367),
            ["RightLowerArm"] = CFrame.new(2.384185791015625e-07, -1.1920928955078125e-07, 5.960464477539063e-08, 1, -3.445892815534535e-08, -3.0035149478635503e-08, 2.9802315282267955e-08, 0.9608767628669739, -0.27697619795799255, -7.776541366411038e-08, 0.27697619795799255, 0.9608767628669739),
            ["LeftHand"] = CFrame.new(3.725290298461914e-08, 2.980232238769531e-07, 9.685754776000977e-08, 0.9150487780570984, -0.18184933066368103, -0.3600233197212219, 0.18490077555179596, 0.9824060797691345, -0.026265772059559822, 0.35846540331840515, -0.04253406822681427, 0.9325735569000244),
            ["RightUpperLeg"] = CFrame.new(0, -6.332993507385254e-08, 3.55576048605144e-08, 0.9824535846710205, -0.03376917168498039, 0.18342529237270355, 0.16901402175426483, 0.5770524740219116, -0.7990273833274841, -0.07886352390050888, 0.8160086870193481, 0.5726346373558044),
            ["LeftUpperLeg"] = CFrame.new(0, -6.705522537231445e-08, 2.2351741790771484e-08, 0.9801143407821655, 0.1863136887550354, 0.06828860193490982, -0.07714004069566727, 0.6748101711273193, -0.7339487075805664, -0.18282648921012878, 0.7140858173370361, 0.6757633090019226),
            ["RightLowerLeg"] = CFrame.new(-2.444721758365631e-08, -0.000060439109802246094, -0.00007215345249278471, 1, -8.987262845039368e-08, -3.864989039925604e-08, 9.126962652317161e-08, 0.763562023639679, 0.6457341313362122, -5.7742006731587026e-08, -0.6457346081733704, 0.7635623812675476),
