return {
    ["I Ain't Afraid"] = {
        [1] = {Time = 0.000, Data = {
            ["RightFoot"] = CFrame.new(5.029141902923584e-08, 2.980232238769531e-07, 4.965841071680188e-08, 0.9741594791412354, -0.1051541417837143, -0.19988998770713806, -0.0007598676020279527, 0.8834805488586426, -0.46846693754196167, 0.2258601039648056, 0.45651382207870483, 0.8605712652206421),
            ["LeftLowerArm"] = CFrame.new(-1.7881393432617188e-07, -0.0000011920928955078125, -1.4901161193847656e-07, 1, -1.5646214990283625e-07, 1.4156104555240745e-07, 1.3434328138828278e-07, -0.2446836531162262, -0.9696030020713806, 1.1175870895385742e-07, 0.9696030020713806, -0.2446836233139038),
            ["RightUpperArm"] = CFrame.new(-5.960464477539063e-08, -1.1920928955078125e-07, 2.9802322387695312e-08, 0.814016580581665, -0.1557874232530594, 0.5595599412918091, 0.338639497756958, 0.9099812507629395, -0.23928555846214294, -0.4719112813472748, 0.3842715620994568, 0.7934955358505249),
            ["Head"] = CFrame.new(1.5832483768463135e-08, -1.1920928955078125e-07, -5.587935447692871e-09, 0.989027202129364, -0.11664439737796783, -0.09066101163625717, 0.10684105008840561, 0.9885712265968323, -0.10635849833488464, 0.10203102231025696, 0.09550514817237854, 0.9901860952377319),
            ["RightHand"] = CFrame.new(-5.960464477539063e-08, -2.980232238769531e-07, -7.450580596923828e-08, 0.9969683289527893, 0.044640105217695236, 0.06373060494661331, -0.018771812319755554, 0.9328546524047852, -0.3597634434700012, -0.07551127672195435, 0.3574764132499695, 0.9308644533157349),
            ["UpperTorso"] = CFrame.new(-8.381903171539307e-09, 4.172325134277344e-07, 1.955777406692505e-08, 0.9814192652702332, 0.08746650815010071, 0.1707800179719925, -0.11639617383480072, 0.978976845741272, 0.16750063002109528, -0.15253899991512299, -0.18426650762557983, 0.9709674715995789),
            ["HumanoidRootPart"] = CFrame.new(0, 0, 0, 1, 0, 0, 0, 1, 0, 0, 0, 1),
            ["RightUpperLeg"] = CFrame.new(-1.7881393432617188e-07, 3.511086106300354e-07, 4.0679879020899534e-08, 0.981048047542572, 0.0750969648361206, -0.1786203533411026, -0.08781351894140244, 0.9940546751022339, -0.06437540054321289, 0.17272396385669708, 0.07884056866168976, 0.9818099141120911),
            ["LeftUpperArm"] = CFrame.new(5.960464477539063e-08, 7.152557373046875e-07, 1.4901161193847656e-07, 0.9704177975654602, 0.215409055352211, 0.10903379321098328, -0.19168443977832794, 0.9619903564453125, -0.19450348615646362, -0.14678727090358734, 0.1678495854139328, 0.9748230576515198),
            ["RightLowerArm"] = CFrame.new(-1.7881393432617188e-07, 4.76837158203125e-07, 4.6193599700927734e-07, 1, -4.4703462265260896e-08, 7.450579886381092e-08, 6.14673041354763e-08, -0.28314265608787537, -0.9590778350830078, 1.0803344707710494e-07, 0.959077775478363, -0.2831425964832306),
            ["LeftHand"] = CFrame.new(-8.940696716308594e-08, -1.1920928955078125e-07, -1.3224780559539795e-07, 0.9438701868057251, -0.08931870013475418, -0.3180115222930908, -0.03454915061593056, 0.9307714104652405, -0.3639654815196991, 0.3285050094127655, 0.354523241519928, 0.8754415512084961),
            ["LeftFoot"] = CFrame.new(2.2351741790771484e-08, -1.1920928955078125e-07, 0, 0.9815579056739807, 0.10367973893880844, 0.16060741245746613, -0.06391943246126175, 0.9697938561439514, -0.235402449965477, -0.1801624894142151, 0.22079533338546753, 0.9585358500480652),
            ["LowerTorso"] = CFrame.new(0.028837217018008232, -0.11940038204193115, 0.1603815257549286, 0.9917593598365784, 0.006186242215335369, 0.12796594202518463, 0.004984845407307148, 0.9962139129638672, -0.08679331094026566, -0.1280183643102646, 0.08671595901250839, 0.9879735708236694),
            ["RightLowerLeg"] = CFrame.new(-1.2211967259645462e-07, -0.000003516674041748047, -0.00001328082726104185, 1, -1.0803341865539551e-07, -2.7008361769276235e-08, 6.752089376504955e-08, 0.8140866160392761, 0.5807428956031799, -1.3969840395589017e-08, -0.5807434916496277, 0.8140869736671448),
            ["LeftUpperLeg"] = CFrame.new(1.1920928955078125e-07, -1.157168298959732e-07, 4.6100467443466187e-08, 0.936576783657074, 0.2692369520664215, 0.22435566782951355, 0.008049066178500652, 0.6234764456748962, -0.7818009257316589, -0.3503701984882355, 0.7340222001075745, 0.5817662477493286),
            ["LeftLowerLeg"] = CFrame.new(-1.6763806343078613e-07, 0.000004172325134277344, 0.000013172626495361328, 1, 1.7508862981685525e-07, 6.51925802230835e-08, -1.601874686230076e-07, 0.3244588077068329, 0.9458998441696167, 0, -0.9458998441696167, 0.3244588375091553)
        }},
        [2] = {Time = 0.033, Data = {
            ["RightFoot"] = CFrame.new(-6.51925802230835e-09, 4.172325134277344e-07, 2.3115717340260744e-08, 0.9732989072799683, -0.11262816935777664, -0.2000107318162918, 0.004022025037556887, 0.8795822262763977, -0.47572940587997437, 0.2295064926147461, 0.46222302317619324, 0.8565496206283569),
            ["LeftLowerArm"] = CFrame.new(-4.76837158203125e-07, 2.384185791015625e-07, 1.1920928955078125e-07, 1, -4.4703462265260896e-08, 1.1920926112907182e-07, 1.1222434181945573e-07, -0.3137833774089813, -0.9494946002960205, 1.154839708306099e-07, 0.9494946002960205, -0.3137833774089813),
            ["RightUpperArm"] = CFrame.new(0, -0.0000010728836059570312, -2.2351741790771484e-08, 0.7942219376564026, -0.17283053696155548, 0.5825298428535461, 0.3528934717178345, 0.9116404056549072, -0.21066127717494965, -0.4946490228176117, 0.3728828430175781, 0.7850356698036194),
            ["Head"] = CFrame.new(-4.470348358154297e-08, -4.76837158203125e-07, -2.9802322387695312e-08, 0.9855688810348511, -0.11887435615062714, -0.12051166594028473, 0.11344878375530243, 0.9922367334365845, -0.05094873532652855, 0.12563256919384003, 0.03654158487915993, 0.9914036393165588),
            ["RightHand"] = CFrame.new(-7.152557373046875e-07, -1.7881393432617188e-07, -1.7881393432617188e-07, 0.9942807555198669, -0.04875991493463516, 0.0950177013874054, 0.0813184455037117, 0.9223967790603638, -0.3775865435600281, -0.06923297792673111, 0.3831537365913391, 0.9210864305496216),
            ["UpperTorso"] = CFrame.new(-7.741618901491165e-09, 4.470348358154297e-07, 1.0710209608078003e-08, 0.9753032326698303, 0.08921736478805542, 0.20204944908618927, -0.11913612484931946, 0.9827994704246521, 0.14110924303531647, -0.18598468601703644, -0.1616956740617752, 0.9691564440727234),
            ["HumanoidRootPart"] = CFrame.new(0, 0, 0, 1, 0, 0, 0, 1, 0, 0, 0, 1),
            ["RightUpperLeg"] = CFrame.new(-2.9802322387695312e-08, 3.6368146538734436e-07, -2.4047039914876223e-08, 0.9832478761672974, 0.07954419404268265, -0.1640016734600067, -0.0875210240483284, 0.9952773451805115, -0.04198925942182541, 0.15988710522651672, 0.05563938990235329, 0.9855660796165466),
            ["LeftUpperArm"] = CFrame.new(-1.1920928955078125e-07, 0, 1.2665987014770508e-07, 0.9691693186759949, 0.20453520119190216, 0.13739128410816193, -0.18145717680454254, 0.9696981310844421, -0.16358152031898499, -0.16668620705604553, 0.13360752165317535, 0.9769160151481628),
            ["RightLowerArm"] = CFrame.new(-3.5762786865234375e-07, 0.0000016093254089355469, 3.203749656677246e-07, 1, -1.0430806440808738e-07, 1.1920926112907182e-07, 9.49949381379156e-08, -0.3156082034111023, -0.9488896131515503, 5.96046660916727e-08, 0.9488896727561951, -0.3156081736087799),
            ["LeftHand"] = CFrame.new(4.2909596231766045e-07, -2.384185791015625e-07, -6.090776878409088e-07, 0.9532809257507324, -0.06933683156967163, -0.2940204441547394, -0.05064554139971733, 0.9228430986404419, -0.3818318843841553, 0.29780977964401245, 0.378883957862854, 0.8762171864509583),
            ["LeftFoot"] = CFrame.new(-1.2514647096395493e-08, 0, -7.450580596923828e-09, 0.9859318137168884, 0.09093426167964935, 0.14024780690670013, -0.04992654174566269, 0.96097332239151, -0.2720983028411865, -0.15951745212078094, 0.26126888394355774, 0.9519943594932556),
            ["LowerTorso"] = CFrame.new(0.03970068693161011, -0.121925950050354, 0.15191398561000824, 0.9936419129371643, 0.012657545506954193, 0.11187302321195602, 0.00035594115615822375, 0.9933021068572998, -0.11554571986198425, -0.11258622258901596, 0.11485087871551514, 0.9869821667671204),
            ["RightLowerLeg"] = CFrame.new(4.9709342420101166e-08, -0.0000035762786865234375, -0.000013271514035295695, 1, -8.940698137394065e-08, -2.0489109076038403e-08, 9.080395102500916e-08, 0.8067511916160583, 0.5908904671669006, -2.421438694000244e-08, -0.5908913016319275, 0.8067519068717957),
            ["LeftUpperLeg"] = CFrame.new(-1.1920928955078125e-07, 2.3283064365386963e-08, -1.862645149230957e-08, 0.9271542429924011, 0.30368390679359436, 0.21945644915103912, -0.042307235300540924, 0.666824460029602, -0.744013249874115, -0.3722836375236511, 0.6805301904678345, 0.6310968995094299),
            ["LeftLowerLeg"] = CFrame.new(-2.6775524020195007e-08, 0.000003874301910400391, 0.000013455748558044434, 1, 1.1792870679983025e-07, 1.0165969399622554e-07, -1.3189857384077186e-07, 0.41888895630836487, 0.9080373644828796, 3.946479765204458e-08, -0.9080374836921692, 0.41888922452926636)
        }},
        [3] = {Time = 0.067, Data = {
            ["RightFoot"] = CFrame.new(5.587935447692871e-09, 1.7881393432617188e-07, 1.229636836796999e-09, 0.9722825288772583, -0.11980421096086502, -0.20078310370445251, 0.003765638917684555, 0.866658627986908, -0.49888691306114197, 0.2337789535522461, 0.48430347442626953, 0.8430883884429932),
            ["LeftLowerArm"] = CFrame.new(8.940696716308594e-08, 0.000001430511474609375, -1.7881393432617188e-07, 1, -1.1920926112907182e-07, 1.1920928955078125e-07, 8.300411735717717e-08, -0.38286951184272766, -0.9238024950027466, 1.5646217832454568e-07, 0.9238024353981018, -0.38286954164505005),
            ["RightUpperArm"] = CFrame.new(-3.5762786865234375e-07, -3.5762786865234375e-07, -7.450580596923828e-09, 0.7780623435974121, -0.19177024066448212, 0.5981999635696411, 0.35261374711990356, 0.9214195013046265, -0.16324752569198608, -0.5198870301246643, 0.3379502296447754, 0.7845426201820374),
            ["Head"] = CFrame.new(2.60770320892334e-08, 1.1920928955078125e-07, 0, 0.9808875918388367, -0.1230117604136467, -0.1507573425769806, 0.12541301548480988, 0.9920834302902222, 0.0064879911951720715, 0.14876578748226166, -0.025270920246839523, 0.988549530506134),
            ["RightHand"] = CFrame.new(-1.1920928955078125e-07, -1.1920928955078125e-07, -1.4901161193847656e-07, 0.980322539806366, -0.15090841054916382, 0.12725767493247986, 0.1894816905260086, 0.9001395106315613, -0.3922317326068878, -0.05535860359668732, 0.4086264371871948, 0.9110212922096252),
            ["UpperTorso"] = CFrame.new(-6.51925802230835e-09, -8.940696716308594e-08, -7.310882210731506e-08, 0.9692808985710144, 0.09518537670373917, 0.2267913818359375, -0.12393279373645782, 0.9854794144630432, 0.1160646378993988, -0.21245059370994568, -0.1406061351299286, 0.9670029282569885),
            ["HumanoidRootPart"] = CFrame.new(0, 0, 0, 1, 0, 0, 0, 1, 0, 0, 0, 1),
            ["RightUpperLeg"] = CFrame.new(-8.940696716308594e-08, 7.636845111846924e-08, 2.438173396512866e-08, 0.9848544597625732, 0.07885559648275375, -0.1544134020805359, -0.08474792540073395, 0.9958902597427368, -0.031945958733558655, 0.15125977993011475, 0.04454818740487099, 0.9874897599220276),
            ["LeftUpperArm"] = CFrame.new(1.7881393432617188e-07, 7.152557373046875e-07, 1.9371509552001953e-07, 0.9715545773506165, 0.19346588850021362, 0.13657480478286743, -0.17978310585021973, 0.977937638759613, -0.10637758672237396, -0.1541420817375183, 0.07879774272441864, 0.9849016070365906),
            ["RightLowerArm"] = CFrame.new(2.980232238769531e-07, 2.384185791015625e-07, 1.5273690223693848e-07, 1, -8.940692453052179e-08, 1.4901158351676713e-07, 8.568168397005138e-08, -0.3391288220882416, -0.9407399892807007, 1.1175872316471214e-07, 0.9407399892807007, -0.3391287624835968),
            ["LeftHand"] = CFrame.new(-2.0116567611694336e-07, -2.980232238769531e-07, 9.685754776000977e-08, 0.9603284001350403, -0.04655560478568077, -0.27495819330215454, -0.0692206472158432, 0.9153162240982056, -0.3967427909374237, 0.2701443135738373, 0.4000362455844879, 0.8757814764976501),
            ["LeftFoot"] = CFrame.new(2.1420419216156006e-08, 5.960464477539063e-08, 7.450580596923828e-09, 0.9885851144790649, 0.0836537703871727, 0.12530627846717834, -0.03908414766192436, 0.945612907409668, -0.3229369819164276, -0.1455061435699463, 0.31435367465019226, 0.938088595867157),
            ["LowerTorso"] = CFrame.new(0.04935154318809509, -0.1330047845840454, 0.13956451416015625, 0.9947131276130676, 0.021372022107243538, 0.10044508427381516, -0.006805717013776302, 0.9896734952926636, -0.14317864179611206, -0.1024678573012352, 0.14173805713653564, 0.9845865964889526),
            ["RightLowerLeg"] = CFrame.new(-6.752088665962219e-09, -0.000003993511199951172, -0.000013271514035295695, 1, -8.568166975919667e-08, -3.3527616238870905e-08, 1.0291113028415566e-07, 0.7809103727340698, 0.6246423125267029, -2.2351738238057806e-08, -0.6246431469917297, 0.7809110879898071),
            ["LeftUpperLeg"] = CFrame.new(-5.960464477539063e-08, 5.774199962615967e-08, -5.21540641784668e-08, 0.9185166358947754, 0.32344821095466614, 0.22739458084106445, -0.08546506613492966, 0.7239516377449036, -0.6845362782478333, -0.3860348165035248, 0.6093236804008484, 0.6926050782203674),
            ["LeftLowerLeg"] = CFrame.new(-9.313225746154785e-08, 0.0000037550926208496094, 0.0000133514404296875, 1, 9.313223614526578e-08, 3.8649897504683395e-08, -1.862644971595273e-08, 0.5332191586494446, 0.8459770679473877, -3.725289943190546e-08, -0.8459771275520325, 0.5332193374633789)
        }},
        [4] = {Time = 0.100, Data = {
            ["RightFoot"] = CFrame.new(5.681067705154419e-08, 2.980232238769531e-07, 4.7330104280263186e-08, 0.9710474014282227, -0.12695129215717316, -0.20236152410507202, -0.0026247785426676273, 0.8413816690444946, -0.5404343605041504, 0.23887231945991516, 0.5253192186355591, 0.8166887760162354),
            ["LeftLowerArm"] = CFrame.new(-5.364418029785156e-07, -4.76837158203125e-07, 1.6391277313232422e-07, 1, -1.0430809993522416e-07, 1.192093321833454e-07, 7.078051567077637e-08, -0.4487122595310211, -0.8936762809753418, 1.0244548320770264e-07, 0.8936763405799866, -0.4487123191356659),
            ["RightUpperArm"] = CFrame.new(-5.960464477539063e-08, -2.384185791015625e-07, -7.450580596923828e-09, 0.7736552357673645, -0.20795199275016785, 0.5985094308853149, 0.33408698439598083, 0.9365103840827942, -0.10646271705627441, -0.538371205329895, 0.28231972455978394, 0.7940101623535156),
            ["Head"] = CFrame.new(-7.450580596923828e-09, -2.384185791015625e-07, 3.725290298461914e-08, 0.9751372933387756, -0.12240180373191833, -0.1847296953201294, 0.13566854596138, 0.9888792037963867, 0.06092609837651253, 0.175217866897583, -0.08447330445051193, 0.9808990955352783),
            ["RightHand"] = CFrame.new(-2.682209014892578e-07, -2.980232238769531e-07, 2.682209014892578e-07, 0.9605005383491516, -0.23339547216892242, 0.1515432894229889, 0.2755666971206665, 0.8735718727111816, -0.40116745233535767, -0.03875323757529259, 0.4270817041397095, 0.9033822417259216),
            ["UpperTorso"] = CFrame.new(-1.6763806343078613e-08, 2.384185791015625e-07, 5.494803190231323e-08, 0.9646466970443726, 0.09883201867341995, 0.24431315064430237, -0.12484057247638702, 0.9877769947052002, 0.09333543479442596, -0.23210234940052032, -0.12053591012954712, 0.9651941061019897),
            ["HumanoidRootPart"] = CFrame.new(0, 0, 0, 1, 0, 0, 0, 1, 0, 0, 0, 1),
            ["RightUpperLeg"] = CFrame.new(-2.682209014892578e-07, 1.1082738637924194e-07, 4.300818545743823e-08, 0.9851055145263672, 0.07220174372196198, -0.15605789422988892, -0.07991267740726471, 0.995843231678009, -0.043706804513931274, 0.15225335955619812, 0.05552668869495392, 0.9867805242538452),
            ["LeftUpperArm"] = CFrame.new(1.1920928955078125e-07, 4.76837158203125e-07, 2.0116567611694336e-07, 0.9766173362731934, 0.18435311317443848, 0.11060121655464172, -0.1819261610507965, 0.9827999472618103, -0.03173616901040077, -0.11454961448907852, 0.010872832499444485, 0.9933581352233887),
            ["RightLowerArm"] = CFrame.new(-2.384185791015625e-07, 0.000002086162567138672, 4.023313522338867e-07, 1, -4.4703469370688254e-08, 5.960464477539063e-08, 4.8894428061885264e-08, -0.35535863041877747, -0.934730052947998, 9.685753354915505e-08, 0.9347299933433533, -0.35535863041877747),
            ["LeftHand"] = CFrame.new(5.960464477539063e-08, -1.7881393432617188e-07, -4.76837158203125e-07, 0.9651829600334167, -0.02162136696279049, -0.2606809437274933, -0.09012807160615921, 0.9080637693405151, -0.4090198874473572, 0.24555853009223938, 0.4182737469673157, 0.8744989037513733),
            ["LeftFoot"] = CFrame.new(-3.5390257835388184e-08, 0, -1.4901161193847656e-08, 0.9900608658790588, 0.07480181008577347, 0.11909735202789307, -0.031098607927560806, 0.9423040151596069, -0.3333105444908142, -0.1371583491563797, 0.3262942433357239, 0.9352647066116333),
            ["LowerTorso"] = CFrame.new(0.057539839297533035, -0.15789520740509033, 0.12922175228595734, 0.9945065975189209, 0.032391998916864395, 0.0995359793305397, -0.015361178666353226, 0.9857825636863708, -0.16732308268547058, -0.10354074090719223, 0.16487492620944977, 0.9808647632598877),
            ["RightLowerLeg"] = CFrame.new(-9.66247171163559e-08, -0.000003635883331298828, -0.000013295728422235698, 1, -1.1362135410308838e-07, -3.5390279151670256e-08, 1.215376386198841e-07, 0.72611004114151, 0.6875774264335632, -4.842879164357328e-08, -0.687578558921814, 0.7261110544204712),
            ["LeftUpperLeg"] = CFrame.new(2.9802322387695312e-08, -3.1478703022003174e-07, 3.725290298461914e-08, 0.9150791168212891, 0.32802537083625793, 0.23458386957645416, -0.11586885899305344, 0.7710313200950623, -0.6261672973632812, -0.3862701952457428, 0.5458114147186279, 0.7435623407363892),
            ["LeftLowerLeg"] = CFrame.new(-8.195638656616211e-08, 0.000004112720489501953, 0.000013321638107299805, 1, 1.0058283805847168e-07, 1.0570514064056624e-07, -7.078052277620372e-08, 0.6367055177688599, 0.7711070775985718, 4.842878098543224e-08, -0.7711070775985718, 0.6367056369781494)
        }},
        [5] = {Time = 0.133, Data = {
            ["RightFoot"] = CFrame.new(-1.862645149230957e-08, 2.384185791015625e-07, 5.757465260103345e-08, 0.9698171615600586, -0.13370604813098907, -0.20390549302101135, -0.013085060752928257, 0.8065055012702942, -0.591081440448761, 0.24348202347755432, 0.5759093761444092, 0.7804136276245117),
            ["LeftLowerArm"] = CFrame.new(0.0000014603137969970703, -8.344650268554688e-07, -5.587935447692871e-08, 1, -8.940695295223122e-08, 1.7881390590446244e-07, 9.49948883999241e-08, -0.5084686875343323, -0.8610804677009583, 1.4901159772762185e-07, 0.8610804677009583, -0.5084686875343323),
            ["RightUpperArm"] = CFrame.new(-1.1920928955078125e-07, 1.1920928955078125e-07, -3.91155481338501e-08, 0.7829648852348328, -0.21049509942531586, 0.5853697657585144, 0.30006322264671326, 0.9520939588546753, -0.05898464471101761, -0.5449110269546509, 0.2218308448791504, 0.8086180090904236),
            ["Head"] = CFrame.new(1.1175870895385742e-07, -8.344650268554688e-07, 1.30385160446167e-08, 0.9705677628517151, -0.10991140455007553, -0.21428453922271729, 0.13421210646629333, 0.9856552481651306, 0.10232748091220856, 0.19996368885040283, -0.12807531654834747, 0.9713966250419617),
            ["RightHand"] = CFrame.new(-3.5762786865234375e-07, 0, -6.556510925292969e-07, 0.9497320055961609, -0.2708157002925873, 0.15706032514572144, 0.31206366419792175, 0.859013557434082, -0.4058474004268646, -0.025007132440805435, 0.43445903062820435, 0.9003443717956543),
            ["UpperTorso"] = CFrame.new(-3.3993273973464966e-08, 6.556510925292969e-07, 1.5832483768463135e-08, 0.964396595954895, 0.09034375101327896, 0.24855022132396698, -0.11372843384742737, 0.9901745915412903, 0.08136476576328278, -0.23875732719898224, -0.10673516243696213, 0.9651955962181091),
            ["HumanoidRootPart"] = CFrame.new(0, 0, 0, 1, 0, 0, 0, 1, 0, 0, 0, 1),
            ["RightUpperLeg"] = CFrame.new(-8.940696716308594e-08, 6.370246410369873e-07, 1.6931153368204832e-08, 0.9836791753768921, 0.06026793643832207, -0.16953808069229126, -0.07319945842027664, 0.9947808980941772, -0.07108373194932938, 0.16436918079853058, 0.0823335126042366, 0.9829567670822144),
            ["LeftUpperArm"] = CFrame.new(0, 1.1920928955078125e-07, 2.2910535335540771e-07, 0.9801857471466064, 0.1832110583782196, 0.0752967894077301, -0.186591237783432, 0.9815999865531921, 0.04056059941649437, -0.06648015975952148, -0.05380663648247719, 0.9963359236717224),
            ["RightLowerArm"] = CFrame.new(-5.960464477539063e-08, 7.748603820800781e-07, 1.1920928955078125e-07, 1, -5.960462345910855e-08, 1.4901158351676713e-07, 9.464567085615272e-08, -0.36587396264076233, -0.9306644201278687, 1.1920930376163597e-07, 0.9306644797325134, -0.36587387323379517),
            ["LeftHand"] = CFrame.new(3.129243850708008e-07, -5.960464477539063e-08, -1.4156103134155273e-07, 0.9680700302124023, 0.005953205283731222, -0.2506093382835388, -0.11334718763828278, 0.9020808935165405, -0.4164161682128906, 0.22359086573123932, 0.43152594566345215, 0.8739522695541382),
            ["LeftFoot"] = CFrame.new(-2.2351741790771484e-08, 0, 3.3527612686157227e-08, 0.9881806373596191, 0.06431079655885696, 0.13915148377418518, -0.01903710328042507, 0.9522005319595337, -0.3048798143863678, -0.15210747718811035, 0.2986273169517517, 0.9421704411506653),
            ["LowerTorso"] = CFrame.new(0.06401320546865463, -0.19439959526062012, 0.12279772758483887, 0.9928644895553589, 0.0452539399266243, 0.11032804101705551, -0.024139557033777237, 0.9823128581047058, -0.18568465113639832, -0.11677961051464081, 0.18169641494750977, 0.9763959646224976),
            ["RightLowerLeg"] = CFrame.new(-2.3748725652694702e-08, -0.0000035762786865234375, -0.000013346019841264933, 1, -1.0617077350616455e-07, -5.401674130212086e-08, 1.5273685960437433e-07, 0.6490633487701416, 0.760733962059021, -6.89178563106907e-08, -0.7607343792915344, 0.6490639448165894),
            ["LeftUpperLeg"] = CFrame.new(2.9802322387695312e-08, 1.9744038581848145e-07, 5.587935447692871e-08, 0.9253549575805664, 0.3119015097618103, 0.21548964083194733, -0.13434387743473053, 0.8013262748718262, -0.5829477906227112, -0.35449954867362976, 0.5104837417602539, 0.7834131121635437),
            ["LeftLowerLeg"] = CFrame.new(-1.7881393432617188e-07, 0.000003933906555175781, 0.000013262033462524414, 1, 1.1082740059009666e-07, 6.7986569263212e-08, -8.195636524988004e-08, 0.7060215473175049, 0.7081906199455261, -1.4901157641133977e-08, -0.708190381526947, 0.7060213685035706)
        }},
        [6] = {Time = 0.167, Data = {
            ["RightFoot"] = CFrame.new(2.8870999813079834e-08, 4.172325134277344e-07, 2.032174961641431e-08, 0.9687899947166443, -0.13911277055740356, -0.205167755484581, -0.02346665970981121, 0.7724911570549011, -0.6345914006233215, 0.24677009880542755, 0.619600772857666, 0.7451174259185791),
            ["LeftLowerArm"] = CFrame.new(5.960464477539063e-08, -7.152557373046875e-07, 1.601874828338623e-07, 1, -1.1920920428565296e-07, 1.6391271628890536e-07, 8.195634393359796e-08, -0.5597228407859802, -0.8286799192428589, 9.406353740359918e-08, 0.8286799192428589, -0.559722900390625),
            ["RightUpperArm"] = CFrame.new(-2.384185791015625e-07, -3.5762786865234375e-07, 2.9802322387695312e-08, 0.8047844767570496, -0.21198049187660217, 0.5544243454933167, 0.25988471508026123, 0.9656060934066772, -0.0080471932888031, -0.5336496233940125, 0.15056264400482178, 0.8321952819824219),
            ["Head"] = CFrame.new(-2.2351741790771484e-08, 1.1920928955078125e-07, 5.960464477539063e-08, 0.9654027819633484, -0.10087445378303528, -0.24046161770820618, 0.1346203088760376, 0.982558012008667, 0.12828578054904938, 0.22332671284675598, -0.156218484044075, 0.9621439576148987),
            ["RightHand"] = CFrame.new(-1.7881393432617188e-07, 0, 2.980232238769531e-07, 0.9592181444168091, -0.24878065288066864, 0.1341971606016159, 0.28217795491218567, 0.8706795573234558, -0.40285584330558777, -0.01662006415426731, 0.42429405450820923, 0.9053719639778137),
            ["UpperTorso"] = CFrame.new(-1.0710209608078003e-08, 8.940696716308594e-08, 9.313225746154785e-10, 0.9650461673736572, 0.08502006530761719, 0.24790650606155396, -0.10668977349996567, 0.9914366006851196, 0.07530472427606583, -0.23938122391700745, -0.09912160038948059, 0.9658528566360474),
            ["HumanoidRootPart"] = CFrame.new(0, 0, 0, 1, 0, 0, 0, 1, 0, 0, 0, 1),
            ["RightUpperLeg"] = CFrame.new(-1.1920928955078125e-07, -7.35744833946228e-08, 3.183231456205249e-08, 0.9815614223480225, 0.046479374170303345, -0.18541009724140167, -0.06660326570272446, 0.9923627972602844, -0.10382813960313797, 0.17916812002658844, 0.11426269263029099, 0.9771606922149658),
            ["LeftUpperArm"] = CFrame.new(0, 4.76837158203125e-07, 2.3096799850463867e-07, 0.9840573668479919, 0.17682260274887085, 0.019102072343230247, -0.1778450906276703, 0.9774234890937805, 0.11408093571662903, 0.001501232385635376, -0.11565937101840973, 0.9932878613471985),
            ["RightLowerArm"] = CFrame.new(-5.960464477539063e-08, 0.0000013709068298339844, 5.066394805908203e-07, 1, -1.490115550950577e-07, 1.043081283569336e-07, 6.519259443393821e-08, -0.37218552827835083, -0.9281584024429321, 1.1175873737556685e-07, 0.9281583428382874, -0.3721855580806732),
            ["LeftHand"] = CFrame.new(-2.086162567138672e-07, -4.76837158203125e-07, -7.003545761108398e-07, 0.9690314531326294, 0.035569265484809875, -0.24436257779598236, -0.13870574533939362, 0.8971139788627625, -0.419460654258728, 0.20430128276348114, 0.4403650760650635, 0.8742652535438538),
            ["LeftFoot"] = CFrame.new(-1.1175870895385742e-08, 0, -3.725290298461914e-09, 0.9880369305610657, 0.05821826308965683, 0.1428065001964569, -0.015216083265841007, 0.9582905173301697, -0.2853904068470001, -0.15346528589725494, 0.27980366349220276, 0.9477123618125916),
            ["LowerTorso"] = CFrame.new(0.06851925700902939, -0.23133563995361328, 0.12099596858024597, 0.990581214427948, 0.05718132480978966, 0.12441597878932953, -0.031952228397130966, 0.9800748825073242, -0.19604165852069855, -0.13314689695835114, 0.19021977484226227, 0.9726707935333252),
            ["RightLowerLeg"] = CFrame.new(8.800998330116272e-08, -0.000003874301910400391, -0.000013308766938280314, 1, -1.3969832934890292e-07, -5.960468030252741e-08, 1.3131645459907304e-07, 0.5717273950576782, 0.8204429745674133, -6.146727571376687e-08, -0.8204436898231506, 0.5717284679412842),
            ["LeftUpperLeg"] = CFrame.new(-5.960464477539063e-08, 6.705522537231445e-08, 4.842877388000488e-08, 0.9316298961639404, 0.29971015453338623, 0.20552271604537964, -0.13759008049964905, 0.8143393397331238, -0.5638449788093567, -0.33635514974594116, 0.4970165491104126, 0.7998995780944824),
            ["LeftLowerLeg"] = CFrame.new(-5.960464477539063e-08, 0.000003993511199951172, 0.000013455748558044434, 1, 6.402841989938679e-08, 2.7008354663848877e-08, -4.470347292340193e-08, 0.7354145646095276, 0.6776173114776611, 5.215404996761208e-08, -0.6776175498962402, 0.7354148030281067)
        }},
        [7] = {Time = 0.200, Data = {
            ["RightFoot"] = CFrame.new(1.6763806343078613e-08, 2.980232238769531e-07, -2.029992174357176e-09, 0.9680033922195435, -0.14277082681655884, -0.20636297762393951, -0.031328242272138596, 0.7471789121627808, -0.663883626461029, 0.2489738166332245, 0.6491072177886963, 0.7187996506690979),
            ["LeftLowerArm"] = CFrame.new(-2.9802322387695312e-08, 2.384185791015625e-07, 6.705522537231445e-08, 1, -5.960460924825384e-08, 1.6391271628890536e-07, 5.5879340266073996e-08, -0.587927520275116, -0.8089136481285095, 1.6018744020129816e-07, 0.8089135885238647, -0.5879275798797607),
            ["RightUpperArm"] = CFrame.new(-5.960464477539063e-08, -5.960464477539062e-07, 2.60770320892334e-08, 0.8269508481025696, -0.2230457216501236, 0.5161424279212952, 0.25166305899620056, 0.9676991701126099, 0.014972912147641182, -0.5028100609779358, 0.11751209944486618, 0.8563719987869263),
            ["Head"] = CFrame.new(-4.470348358154297e-08, -3.5762786865234375e-07, 3.725290298461914e-09, 0.9599012732505798, -0.10050364583730698, -0.2617035210132599, 0.1389113813638687, 0.9813838601112366, 0.13262547552585602, 0.24350230395793915, -0.1636609584093094, 0.955992579460144),
            ["RightHand"] = CFrame.new(-5.960464477539063e-08, -1.1920928955078125e-07, 8.940696716308594e-08, 0.9787128567695618, -0.18373891711235046, 0.0914403423666954, 0.20495104789733887, 0.8984116911888123, -0.38839614391326904, -0.010787591338157654, 0.39886903762817383, 0.9169445037841797),
            ["UpperTorso"] = CFrame.new(-1.955777406692505e-08, 1.4901161193847656e-07, 4.0978193283081055e-08, 0.9656186699867249, 0.08773352205753326, 0.2447110265493393, -0.10932822525501251, 0.9910899996757507, 0.07607992738485336, -0.235855832695961, -0.10021800547838211, 0.9666066765785217),
            ["HumanoidRootPart"] = CFrame.new(0, 0, 0, 1, 0, 0, 0, 1, 0, 0, 0, 1),
            ["RightUpperLeg"] = CFrame.new(-1.4901161193847656e-07, 3.0547380447387695e-07, -7.24758137948811e-08, 0.9794942140579224, 0.03335503116250038, -0.19869232177734375, -0.06258317828178406, 0.9877862930297852, -0.14269420504570007, 0.19150573015213013, 0.15220287442207336, 0.9696183800697327),
            ["LeftUpperArm"] = CFrame.new(-1.1920928955078125e-07, 3.5762786865234375e-07, 1.0058283805847168e-07, 0.9847250580787659, 0.1615239381790161, -0.06501304358243942, -0.15000265836715698, 0.9765767455101013, 0.15426327288150787, 0.0884074717760086, -0.1421547681093216, 0.9858886003494263),
            ["RightLowerArm"] = CFrame.new(-4.172325134277344e-07, -5.960464477539063e-08, 2.682209014892578e-07, 1, -7.450577754752885e-08, 7.450579175838357e-08, 9.872019290924072e-08, -0.3757668435573578, -0.9267141819000244, 7.450580596923828e-08, 0.926714301109314, -0.3757668435573578),
            ["LeftHand"] = CFrame.new(4.3958425521850586e-07, -5.960464477539063e-08, 7.450580596923828e-08, 0.9683032631874084, 0.06953618675470352, -0.23990336060523987, -0.16627584397792816, 0.8961738348007202, -0.41136935353279114, 0.18639014661312103, 0.43822038173675537, 0.8793301582336426),
            ["LeftFoot"] = CFrame.new(5.960464477539063e-08, -1.1920928955078125e-07, -7.264316082000732e-08, 0.9880455136299133, 0.04824099689722061, 0.1464197039604187, -0.011046434752643108, 0.9694914221763611, -0.244875967502594, -0.15376649796962738, 0.24033169448375702, 0.9584347009658813),
            ["LowerTorso"] = CFrame.new(0.070808045566082, -0.26184749603271484, 0.12789109349250793, 0.9883418679237366, 0.06546732038259506, 0.13745705783367157, -0.03762076795101166, 0.9798467755317688, -0.1961759477853775, -0.1475299596786499, 0.18871763348579407, 0.9708865880966187),
            ["RightLowerLeg"] = CFrame.new(4.563480615615845e-08, -0.000003874301910400391, -0.00001322308526141569, 1, -1.1734660176898615e-07, -5.774206002229221e-08, 1.331791139591587e-07, 0.5062543749809265, 0.8623836040496826, -8.381902460996571e-08, -0.8623842597007751, 0.506255567073822),
            ["LeftUpperLeg"] = CFrame.new(-5.960464477539063e-08, -3.688037395477295e-07, -1.4901161193847656e-08, 0.9372186660766602, 0.29194629192352295, 0.19075855612754822, -0.13373512029647827, 0.8060421347618103, -0.5765513181686401, -0.3220810890197754, 0.5148431062698364, 0.7944808006286621),
            ["LeftLowerLeg"] = CFrame.new(-6.705522537231445e-08, 0.000003993511199951172, 0.000013262033462524414, 1, 6.426126475389538e-08, 1.210719791089332e-08, -1.4901162970204496e-08, 0.736685037612915, 0.6762357950210571, 8.195639367158947e-08, -0.676236093044281, 0.7366853356361389)
        }},
        [8] = {Time = 0.233, Data = {
            ["RightFoot"] = CFrame.new(-4.6566128730773926e-09, 2.980232238769531e-07, 5.420588422566652e-09, 0.9677432179450989, -0.14318540692329407, -0.20729413628578186, -0.03670947998762131, 0.7338762879371643, -0.6782900094985962, 0.24924977123737335, 0.664020836353302, 0.7049480676651001),
            ["LeftLowerArm"] = CFrame.new(1.1920928955078125e-07, -7.152557373046875e-07, 0, 1, -7.450579175838357e-08, 1.6391278734317893e-07, 7.264314660915261e-08, -0.5839807987213135, -0.8117675185203552, 1.1734661597984086e-07, 0.8117674589157104, -0.5839808583259583),
            ["RightUpperArm"] = CFrame.new(-5.960464477539063e-08, -1.1920928955078125e-07, -2.421438694000244e-08, 0.8443964123725891, -0.23634132742881775, 0.48076748847961426, 0.2593357264995575, 0.9655965566635132, 0.019194670021533966, -0.46876394748687744, 0.10847227275371552, 0.8766379952430725),
            ["Head"] = CFrame.new(5.21540641784668e-08, 1.1920928955078125e-07, -5.4016709327697754e-08, 0.9560580849647522, -0.1025112196803093, -0.2746717929840088, 0.14124223589897156, 0.9820370078086853, 0.12511645257472992, 0.256911963224411, -0.1584138125181198, 0.9533631801605225),
            ["RightHand"] = CFrame.new(-4.172325134277344e-07, 3.5762786865234375e-07, -5.066394805908203e-07, 0.9940423965454102, -0.09893764555454254, 0.04572959616780281, 0.10884224623441696, 0.9232474565505981, -0.3684665262699127, -0.005764544475823641, 0.37124863266944885, 0.928515613079071),
            ["UpperTorso"] = CFrame.new(-3.5390257835388184e-08, 5.364418029785156e-07, -3.725290298461914e-08, 0.9667794108390808, 0.09544207900762558, 0.2371252030134201, -0.11619111895561218, 0.990384042263031, 0.07509483397006989, -0.22767779231071472, -0.10015200078487396, 0.9685723781585693),
            ["HumanoidRootPart"] = CFrame.new(0, 0, 0, 1, 0, 0, 0, 1, 0, 0, 0, 1),
            ["RightUpperLeg"] = CFrame.new(-2.086162567138672e-07, 3.2689422369003296e-07, -1.6952981241047382e-09, 0.9777868390083313, 0.024470657110214233, -0.2081688642501831, -0.06117364019155502, 0.9832383394241333, -0.17175662517547607, 0.20047643780708313, 0.1806756854057312, 0.9628943204879761),
            ["LeftUpperArm"] = CFrame.new(0, 3.5762786865234375e-07, 1.3969838619232178e-07, 0.9784232974052429, 0.14200596511363983, -0.1500740796327591, -0.11623626947402954, 0.9788409471511841, 0.16840314865112305, 0.17081287503242493, -0.14732550084590912, 0.9742270112037659),
            ["RightLowerArm"] = CFrame.new(-8.344650268554688e-07, 3.5762786865234375e-07, 2.384185791015625e-07, 1, -6.705521116145974e-08, 1.1920930376163597e-07, 6.33299421792799e-08, -0.36466705799102783, -0.9311380386352539, 1.5459956159702415e-07, 0.9311379790306091, -0.36466705799102783),
            ["LeftHand"] = CFrame.new(4.3213367462158203e-07, 1.7881393432617188e-07, -2.1606683731079102e-07, 0.9659907817840576, 0.1108049601316452, -0.23363284766674042, -0.19631071388721466, 0.9023401141166687, -0.38372454047203064, 0.1682976335287094, 0.4165390431880951, 0.8934043645858765),
            ["LeftFoot"] = CFrame.new(5.029141902923584e-08, 0, 9.313225746154785e-08, 0.9880743026733398, 0.029587522149086, 0.15110868215560913, -0.00422631623223424, 0.9862064123153687, -0.1654665470123291, -0.15392033755779266, 0.16285474598407745, 0.9745701551437378),
            ["LowerTorso"] = CFrame.new(0.07062719017267227, -0.2786591053009033, 0.1318311244249344, 0.9865692257881165, 0.06852655112743378, 0.1482742875814438, -0.04006493091583252, 0.9815335869789124, -0.18704715371131897, -0.15835389494895935, 0.17859436571598053, 0.971096396446228),
            ["RightLowerLeg"] = CFrame.new(1.3923272490501404e-07, -0.0000036954879760742188, -0.000013360921002458781, 1, -1.2107187785659335e-07, -5.215408904746255e-08, 1.2759117851146584e-07, 0.4703262150287628, 0.8824922442436218, -7.078050856534901e-08, -0.8824926018714905, 0.4703269600868225),
            ["LeftUpperLeg"] = CFrame.new(0, 2.60770320892334e-08, 8.940696716308594e-08, 0.9413871765136719, 0.2876170575618744, 0.1762574166059494, -0.1305500715970993, 0.7924318909645081, -0.5958260297775269, -0.31104159355163574, 0.5378924012184143, 0.7835333943367004),
            ["LeftLowerLeg"] = CFrame.new(-2.9802322387695312e-08, 0.0000040531158447265625, 0.000013262033462524414, 1, 5.4016709327697754e-08, 4.7497451305389404e-08, -5.215407838932151e-08, 0.745391309261322, 0.6666269898414612, 1.4901164746561335e-08, -0.6666271686553955, 0.7453914880752563)
        }},
        [9] = {Time = 0.267, Data = {
            ["RightFoot"] = CFrame.new(3.91155481338501e-08, 2.384185791015625e-07, -2.0656443666666746e-08, 0.9679260849952698, -0.14146052300930023, -0.20762470364570618, -0.039292991161346436, 0.7310079336166382, -0.6812357306480408, 0.24814379215240479, 0.6675450205802917, 0.7020042538642883),
            ["LeftLowerArm"] = CFrame.new(-1.4901161193847656e-07, 6.556510925292969e-07, 5.960464477539063e-08, 1, -7.823108916227284e-08, 1.4156103134155273e-07, 4.284083487959833e-08, -0.5654933452606201, -0.824752926826477, 1.2852250108608132e-07, 0.824752926826477, -0.5654932856559753),
            ["RightUpperArm"] = CFrame.new(-1.7881393432617188e-07, 3.5762786865234375e-07, 3.5390257835388184e-08, 0.8561028242111206, -0.24482807517051697, 0.4551342725753784, 0.26458659768104553, 0.9641345143318176, 0.020947344601154327, -0.44393908977508545, 0.10248935222625732, 0.8901764154434204),
            ["Head"] = CFrame.new(-2.2351741790771484e-08, -1.1920928955078125e-07, 5.029141902923584e-08, 0.9544705152511597, -0.10088605433702469, -0.28072789311408997, 0.13915979862213135, 0.9829866886138916, 0.11988216638565063, 0.26385733485221863, -0.15349002182483673, 0.952271044254303),
            ["RightHand"] = CFrame.new(-3.5762786865234375e-07, -1.1920928955078125e-07, -1.9371509552001953e-07, 0.9996984601020813, -0.022596409544348717, 0.00961870327591896, 0.024539044126868248, 0.9346734285354614, -0.3546598255634308, -0.0009763243142515421, 0.35478895902633667, 0.9349460005760193),
            ["UpperTorso"] = CFrame.new(3.725290298461914e-09, 5.662441253662109e-07, 2.7008354663848877e-08, 0.9683930277824402, 0.10587596893310547, 0.22584357857704163, -0.12463361024856567, 0.989699125289917, 0.0704423189163208, -0.21605899930000305, -0.09636355936527252, 0.9716134667396545),
            ["HumanoidRootPart"] = CFrame.new(0, 0, 0, 1, 0, 0, 0, 1, 0, 0, 0, 1),
            ["RightUpperLeg"] = CFrame.new(-8.940696716308594e-08, 5.699694156646729e-07, 9.143695933744311e-08, 0.9762443900108337, 0.022261032834649086, -0.21552635729312897, -0.06221430003643036, 0.9816208481788635, -0.1804165244102478, 0.20754873752593994, 0.18953903019428253, 0.9596865773200989),
            ["LeftUpperArm"] = CFrame.new(0, 1.1920928955078125e-07, 1.5459954738616943e-07, 0.9688625335693359, 0.12445786595344543, -0.21404626965522766, -0.08874578028917313, 0.9816029667854309, 0.16905571520328522, 0.23114874958992004, -0.14479604363441467, 0.9620834589004517),
            ["RightLowerArm"] = CFrame.new(2.384185791015625e-07, 5.364418029785156e-07, 5.364418029785156e-07, 1, -2.980230462412692e-08, 8.940692453052179e-08, 6.519256601222878e-08, -0.3491513431072235, -0.9370664358139038, 1.5273685960437433e-07, 0.9370664358139038, -0.3491513133049011),
            ["LeftHand"] = CFrame.new(4.842877388000488e-07, 0, -4.023313522338867e-07, 0.9617315530776978, 0.1564280092716217, -0.22495046257972717, -0.22854873538017273, 0.9108306169509888, -0.3437340259552002, 0.1511221081018448, 0.38199204206466675, 0.9117259383201599),
            ["LeftFoot"] = CFrame.new(-8.754432201385498e-08, 1.1920928955078125e-07, 1.1175870895385742e-08, 0.9879828095436096, 0.00955235306173563, 0.15426817536354065, 0.0028236398939043283, 0.9968064427375793, -0.07980691641569138, -0.1545386016368866, 0.0792832300066948, 0.9848005771636963),
