return {
    ["I Like To Move It"] = {
        [1] = {Time = 0.000, Data = {
            ["RightFoot"] = CFrame.new(-2.0023435354232788e-08, 2.980232238769531e-07, 3.26617737300694e-08, 0.9957141280174255, 0.04024834930896759, -0.08326733857393265, -0.0773332491517067, 0.8561360836029053, -0.5109302401542664, 0.05072405934333801, 0.5151805877685547, 0.8555797934532166),
            ["LeftLowerArm"] = CFrame.new(-2.384185791015625e-07, 8.940696716308594e-07, 2.2351741790771484e-07, 1, -4.656613938891496e-08, 5.215408194203519e-08, 8.195643630415361e-08, 0.32158592343330383, -0.9468804597854614, 7.82311460056917e-08, 0.9468804001808167, 0.3215859532356262),
            ["RightUpperArm"] = CFrame.new(1.1920928955078125e-07, 4.76837158203125e-07, -8.940696716308594e-08, 0.8329170346260071, -0.39600449800491333, 0.3865613043308258, 0.4836074113845825, 0.8604306578636169, -0.16057081520557404, -0.2690224349498749, 0.3206860423088074, 0.9081780910491943),
            ["Head"] = CFrame.new(-3.725290298461914e-09, 5.960464477539062e-07, -8.66129994392395e-08, 0.9209818243980408, 0.026195229962468147, -0.38872411847114563, -0.035530850291252136, 0.9992266893386841, -0.016845719888806343, 0.38798218965530396, 0.029326193034648895, 0.9212002754211426),
            ["RightHand"] = CFrame.new(6.556510925292969e-07, -2.384185791015625e-07, 5.21540641784668e-07, 0.9841068387031555, 0.17129777371883392, -0.046807173639535904, -0.17348134517669678, 0.9836950898170471, -0.047416802495718, 0.03792155534029007, 0.05478333309292793, 0.9977779388427734),
            ["UpperTorso"] = CFrame.new(1.9848812371492386e-08, 7.748603820800781e-07, -8.87666828930378e-10, 0.9226704835891724, -0.05106854438781738, 0.3821927607059479, -0.11229497194290161, 0.9126372933387756, 0.3930433392524719, -0.36887550354003906, -0.40556782484054565, 0.8363287448883057),
            ["HumanoidRootPart"] = CFrame.new(0, 0, 0, 1, 0, 0, 0, 1, 0, 0, 0, 1),
            ["RightUpperLeg"] = CFrame.new(1.7881393432617188e-07, 7.920898497104645e-07, -2.637534635141492e-08, 0.9989408850669861, -0.045839738100767136, -0.00397013034671545, 0.03966216742992401, 0.9016216993331909, -0.4307034909725189, 0.023322895169258118, 0.4300895929336548, 0.9024847149848938),
            ["LeftUpperArm"] = CFrame.new(0, 3.5762786865234375e-07, 1.1175870895385742e-07, 0.7732867002487183, -0.07986495643854141, -0.6290066838264465, -0.2719036638736725, 0.8544202446937561, -0.44275790452957153, 0.5727968215942383, 0.5134080052375793, 0.6389962434768677),
            ["RightLowerArm"] = CFrame.new(-0.0000017881393432617188, -2.384185791015625e-07, -2.421438694000244e-07, 1, -1.1175863079415649e-07, 7.450583439094771e-08, 8.940696716308594e-08, 0.1873122900724411, -0.9823005199432373, 4.563480615615845e-08, 0.9823004007339478, 0.1873122900724411),
            ["LeftHand"] = CFrame.new(2.086162567138672e-07, 0, 2.4400651454925537e-07, 0.9326805472373962, 0.3239043653011322, -0.1587233692407608, -0.34036701917648315, 0.93597412109375, -0.0900157168507576, 0.11940453201532364, 0.1379801332950592, 0.9832111597061157),
            ["LeftFoot"] = CFrame.new(2.0489096641540527e-08, -1.1920928955078125e-07, 1.4901161193847656e-08, 0.9906853437423706, -0.0028342425357550383, -0.13614201545715332, -0.06608898192644119, 0.8641296029090881, -0.4989113509654999, 0.11905825138092041, 0.5032614469528198, 0.8558930158615112),
            ["LowerTorso"] = CFrame.new(-0.050203852355480194, -0.30789756774902344, 0.015200741589069366, 0.9988278150558472, 0.04810774698853493, -0.005360852926969528, -0.048311032354831696, 0.9838292002677917, -0.17247077822685242, -0.0030230171978473663, 0.17252758145332336, 0.9850000739097595),
            ["RightLowerLeg"] = CFrame.new(2.1420419216156006e-08, -0.000003635883331298828, -0.000013345088518690318, 1, -1.499428066153996e-07, -1.2945395155838924e-07, 1.4668331971279258e-07, 0.13739411532878876, 0.9905164241790771, -1.2991951336971397e-07, -0.9905164241790771, 0.13739469647407532),
            ["LeftUpperLeg"] = CFrame.new(-2.384185791015625e-07, 9.639188647270203e-08, -3.795139491558075e-08, 0.9394059181213379, 0.16828568279743195, 0.29865798354148865, -0.0635218471288681, 0.9415779709815979, -0.33075088262557983, -0.3368702232837677, 0.291737824678421, 0.8952135443687439),
            ["LeftLowerLeg"] = CFrame.new(-5.960464477539063e-08, 0.000003874301910400391, 0.0000133514404296875, 1, 8.56816981809061e-08, 5.960462345910855e-08, -6.70552182668871e-08, 0.276999831199646, 0.9608700275421143, 9.126959810146218e-08, -0.9608700275421143, 0.27699950337409973)
        }},
        [2] = {Time = 0.033, Data = {
            ["RightFoot"] = CFrame.new(-1.280568540096283e-08, 2.980232238769531e-07, -1.5999830793589354e-08, 0.9907026886940002, 0.1100819930434227, -0.07993970066308975, -0.13420964777469635, 0.8870195746421814, -0.44179511070251465, 0.02227448858320713, 0.44841745495796204, 0.8935473561286926),
            ["LeftLowerArm"] = CFrame.new(-5.960464477539062e-07, -1.1920928955078125e-07, 4.246830940246582e-07, 1, -1.080334541825323e-07, 8.568171949718817e-08, 8.38190601371025e-08, 0.09659459441900253, -0.995323896408081, 8.38190601371025e-08, 0.9953238368034363, 0.09659460186958313),
            ["RightUpperArm"] = CFrame.new(0, -1.1920928955078125e-07, 0, 0.6862921118736267, -0.3387881815433502, 0.6436036229133606, 0.46459224820137024, 0.8850322365760803, -0.02953312173485756, -0.5596044659614563, 0.31928157806396484, 0.7647889852523804),
            ["Head"] = CFrame.new(1.6763806343078613e-08, 4.76837158203125e-07, -5.21540641784668e-08, 0.9137189984321594, -0.020840944722294807, -0.40581196546554565, -0.029589690268039703, 0.9926201105117798, -0.11760084331035614, 0.40526801347732544, 0.11946188658475876, 0.906359076499939),
            ["RightHand"] = CFrame.new(3.5762786865234375e-07, -3.5762786865234375e-07, 3.7997961044311523e-07, 0.87525874376297, 0.09353180974721909, -0.4745250940322876, -0.022659296169877052, 0.9879754781723022, 0.15294115245342255, 0.4831239879131317, -0.12311062216758728, 0.8668534755706787),
            ["UpperTorso"] = CFrame.new(1.7695128917694092e-08, 6.556510925292969e-07, -3.119930624961853e-08, 0.9130428433418274, -0.06849990040063858, 0.40207037329673767, -0.12696081399917603, 0.8890857696533203, 0.43978118896484375, -0.3875999450683594, -0.45258626341819763, 0.8030766248703003),
            ["HumanoidRootPart"] = CFrame.new(0, 0, 0, 1, 0, 0, 0, 1, 0, 0, 0, 1),
            ["RightUpperLeg"] = CFrame.new(1.1920928955078125e-07, 2.4959444999694824e-07, 7.537164492532611e-08, 0.9931542277336121, -0.10624291002750397, 0.04855123162269592, 0.11640074104070663, 0.8653358221054077, -0.4874890446662903, 0.00977915246039629, 0.4898025393486023, 0.8717781901359558),
            ["LeftUpperArm"] = CFrame.new(5.960464477539063e-08, -1.1920928955078125e-07, 1.4901161193847656e-08, 0.7917844653129578, 0.132034569978714, -0.5963590145111084, -0.2518494129180908, 0.9600687623023987, -0.12181958556175232, 0.5564612746238708, 0.24664747714996338, 0.7934203743934631),
            ["RightLowerArm"] = CFrame.new(-0.0000012814998626708984, -0.0000010728836059570312, -1.341104507446289e-07, 1, -1.6391271628890536e-07, 5.215408194203519e-08, 7.823110337312755e-08, 0.3342730402946472, -0.9424763917922974, 1.2014062633625144e-07, 0.9424763321876526, 0.33427298069000244),
            ["LeftHand"] = CFrame.new(-1.1175870895385742e-07, -2.384185791015625e-07, 1.9371509552001953e-07, 0.9544661045074463, 0.2864418029785156, 0.08334019035100937, -0.2747681438922882, 0.952907383441925, -0.1283360868692398, -0.11617626249790192, 0.09959325939416885, 0.9882227778434753),
            ["LeftFoot"] = CFrame.new(2.0954757928848267e-09, 0, 4.470348358154297e-08, 0.9989409446716309, 0.0078016482293605804, -0.04534630849957466, -0.03572530299425125, 0.752586841583252, -0.6575233936309814, 0.028997063636779785, 0.6584468483924866, 0.7520683407783508),
            ["LowerTorso"] = CFrame.new(-0.0813271775841713, -0.34314393997192383, 0.0012224316596984863, 0.9956701397895813, 0.09272298216819763, 0.0065893251448869705, -0.08928320556879044, 0.9736469388008118, -0.2098575383424759, -0.025874292477965355, 0.20836056768894196, 0.9777097702026367),
            ["RightLowerLeg"] = CFrame.new(1.5832483768463135e-08, -0.000003993511199951172, -0.000013377917639445513, 1, -1.485456522232198e-07, -1.5040882317407522e-07, 1.5273690223693848e-07, -0.019905487075448036, 0.9998019337654114, -1.555308699607849e-07, -0.9998018741607666, -0.019904842600226402),
            ["LeftUpperLeg"] = CFrame.new(-3.5762786865234375e-07, -5.681067705154419e-07, -3.003515303134918e-08, 0.9747533798217773, 0.009248464368283749, 0.22309282422065735, 0.02741415612399578, 0.986625611782074, -0.16068091988563538, -0.221594899892807, 0.162740096449852, 0.9614630341529846),
            ["LeftLowerLeg"] = CFrame.new(7.636845111846924e-08, 0.000003874301910400391, 0.000013381242752075195, 1, 6.05359673500061e-08, 6.891783499440862e-08, -8.102505688611927e-08, 0.4064927399158478, 0.9136540293693542, 6.51925713412993e-09, -0.9136540293693542, 0.4064927101135254)
        }},
        [3] = {Time = 0.067, Data = {
            ["RightFoot"] = CFrame.new(-6.327172741293907e-08, 2.384185791015625e-07, 5.571200745180249e-08, 0.9864888787269592, 0.14687687158584595, -0.07257454842329025, -0.161325141787529, 0.948045015335083, -0.27419811487197876, 0.02853059209883213, 0.2822020947933197, 0.9589308500289917),
            ["LeftLowerArm"] = CFrame.new(-1.4901161193847656e-07, -7.152557373046875e-07, 6.556510925292969e-07, 1, -8.56816981809061e-08, 7.357451181633223e-08, 1.4575201134903182e-07, 0.06555446982383728, -0.9978489875793457, 7.4505820180093e-08, 0.9978489875793457, 0.06555448472499847),
            ["RightUpperArm"] = CFrame.new(2.384185791015625e-07, 0, -2.9802322387695312e-08, 0.38436436653137207, -0.2967625558376312, 0.8741831183433533, 0.5279479622840881, 0.8474574685096741, 0.05555956810712814, -0.7573209404945374, 0.4401680529117584, 0.48240765929222107),
            ["Head"] = CFrame.new(4.6566128730773926e-09, 7.152557373046875e-07, -1.955777406692505e-08, 0.9147464632987976, -0.061951667070388794, -0.3992505371570587, -0.013303196057677269, 0.9830201268196106, -0.18301509320735931, 0.40380939841270447, 0.172723650932312, 0.8983899354934692),
            ["RightHand"] = CFrame.new(4.100147634744644e-07, -6.556510925292969e-07, 5.811452865600586e-07, 0.5384201407432556, -0.005931664723902941, -0.8426556587219238, 0.2683364152908325, 0.9491286277770996, 0.16477416455745697, 0.7988111972808838, -0.31483304500579834, 0.5126217603683472),
            ["UpperTorso"] = CFrame.new(4.889443516731262e-09, 0.0000011026859283447266, -5.6694261729717255e-08, 0.9089629054069519, -0.06474984437227249, 0.4118179976940155, -0.14721408486366272, 0.8743621110916138, 0.46240562200546265, -0.3900187015533447, -0.4809349477291107, 0.7852306365966797),
            ["HumanoidRootPart"] = CFrame.new(0, 0, 0, 1, 0, 0, 0, 1, 0, 0, 0, 1),
            ["RightUpperLeg"] = CFrame.new(1.7881393432617188e-07, 7.487833499908447e-07, -1.2742384569719434e-07, 0.9862653613090515, -0.14371269941329956, 0.0814083144068718, 0.16388428211212158, 0.7901284694671631, -0.5906268954277039, 0.020557550713419914, 0.5958554744720459, 0.8028278350830078),
            ["LeftUpperArm"] = CFrame.new(-1.1920928955078125e-07, 7.152557373046875e-07, 7.450580596923828e-08, 0.8920814990997314, 0.2323278784751892, -0.3875751495361328, -0.27220219373703003, 0.9609131217002869, -0.050518400967121124, 0.3606892228126526, 0.1505652219057083, 0.9204527735710144),
            ["RightLowerArm"] = CFrame.new(-0.0000013113021850585938, -4.172325134277344e-07, -2.5425106287002563e-07, 1, -8.475032586829911e-08, 6.89179060486822e-08, 9.936051270642565e-08, 0.36395812034606934, -0.9314153790473938, 5.5646545149556914e-08, 0.931415319442749, 0.3639581799507141),
            ["LeftHand"] = CFrame.new(-2.7939677238464355e-09, 1.1920928955078125e-07, -5.21540641784668e-08, 0.9711601734161377, 0.215500608086586, 0.10201724618673325, -0.22271251678466797, 0.9726859331130981, 0.06543149054050446, -0.08513015508651733, -0.08626502752304077, 0.9926284551620483),
            ["LeftFoot"] = CFrame.new(2.3283064365386963e-08, 0, 0, 0.9992333650588989, 0.021043801680207253, 0.033014170825481415, 0.008084358647465706, 0.7141807675361633, -0.6999141573905945, -0.0383070632815361, 0.6996448040008545, 0.7134636640548706),
            ["LowerTorso"] = CFrame.new(-0.10426798462867737, -0.36041975021362305, -0.013698279857635498, 0.9931704998016357, 0.11467873305082321, 0.02147349901497364, -0.10662910342216492, 0.9668790698051453, -0.23189455270767212, -0.04735565185546875, 0.22802114486694336, 0.9725039005279541),
            ["RightLowerLeg"] = CFrame.new(3.771856427192688e-08, -0.0000035762786865234375, -0.000013207252777647227, 1, -1.4435477169172373e-07, -1.8300521276159998e-07, 1.4435501327625389e-07, -0.17439423501491547, 0.9846760034561157, -1.8114226918442e-07, -0.984675943851471, -0.17439407110214233),
            ["LeftUpperLeg"] = CFrame.new(-2.980232238769531e-07, 3.771856427192688e-08, -1.1920928955078125e-07, 0.9862949252128601, -0.07641143351793289, 0.14623208343982697, 0.09135939180850983, 0.9909454584121704, -0.09839002788066864, -0.13738973438739777, 0.11040104925632477, 0.9843452572822571),
            ["LeftLowerLeg"] = CFrame.new(9.220093488693237e-08, 0.000004112720489501953, 0.000013388693332672119, 1, 1.14552619834285e-07, 3.44589530243411e-08, -8.754434333013705e-08, 0.443656861782074, 0.8961963653564453, 3.632158751543102e-08, -0.8961967825889587, 0.44365766644477844)
        }},
        [4] = {Time = 0.100, Data = {
            ["RightFoot"] = CFrame.new(-2.0954757928848267e-08, 4.172325134277344e-07, 1.6952981241047382e-09, 0.988707423210144, 0.13150960206985474, -0.0718529149889946, -0.13218475878238678, 0.9912140965461731, -0.004699893295764923, 0.07060384750366211, 0.01414431817829609, 0.997404158115387),
            ["LeftLowerArm"] = CFrame.new(-3.5762786865234375e-07, -0.0000010728836059570312, 4.76837158203125e-07, 1, -6.705524668859653e-08, 8.940699558479537e-08, 1.1175870895385742e-07, -0.013130498118698597, -0.9999138116836548, 9.685754776000977e-08, 0.9999138712882996, -0.013130438514053822),
            ["RightUpperArm"] = CFrame.new(1.1920928955078125e-07, 4.76837158203125e-07, -8.940696716308594e-08, 0.12848041951656342, -0.1470659077167511, 0.9807469844818115, 0.6080641150474548, 0.7929174304008484, 0.03924230486154556, -0.7834225296974182, 0.5913152098655701, 0.1912996619939804),
            ["Head"] = CFrame.new(-9.313225746154785e-09, 8.344650268554688e-07, -1.210719347000122e-08, 0.9247997403144836, -0.08397508412599564, -0.3710712492465973, 0.003502878360450268, 0.9771746397018433, -0.21240904927253723, 0.3804384171962738, 0.1951359361410141, 0.903984785079956),
            ["RightHand"] = CFrame.new(7.078051567077637e-08, -6.556510925292969e-07, 0.0000010542571544647217, 0.4769631028175354, -0.07061208784580231, -0.8760822415351868, 0.29524165391921997, 0.9517203569412231, 0.08402916043996811, 0.8278518319129944, -0.29873478412628174, 0.47478318214416504),
            ["UpperTorso"] = CFrame.new(6.752088665962219e-08, 0.0000010728836059570312, -8.707866072654724e-08, 0.9119811058044434, -0.0328243188560009, 0.40891703963279724, -0.1667497158050537, 0.8810707330703735, 0.4426160156726837, -0.3748132586479187, -0.47184422612190247, 0.7980464696884155),
            ["HumanoidRootPart"] = CFrame.new(0, 0, 0, 1, 0, 0, 0, 1, 0, 0, 0, 1),
            ["RightUpperLeg"] = CFrame.new(3.5762786865234375e-07, 4.759058356285095e-07, -4.639878170564771e-08, 0.9849778413772583, -0.15516452491283417, 0.075780488550663, 0.16180096566677094, 0.6759899854660034, -0.718928873538971, 0.060325246304273605, 0.7203899025917053, 0.6909404397010803),
            ["LeftUpperArm"] = CFrame.new(0, 4.76837158203125e-07, 8.940696716308594e-08, 0.9299218058586121, 0.3350765109062195, -0.15155647695064545, -0.33171242475509644, 0.9421725273132324, 0.047726839780807495, 0.15878431499004364, 0.005890757776796818, 0.9872956871986389),
            ["RightLowerArm"] = CFrame.new(-0.0000011920928955078125, -9.5367431640625e-07, -1.043081283569336e-07, 1, -1.0430811414607888e-07, 6.705525379402388e-08, 4.842878098543224e-08, 0.4597631096839905, -0.8880416750907898, 5.401671643312511e-08, 0.8880416750907898, 0.45976313948631287),
            ["LeftHand"] = CFrame.new(1.30385160446167e-07, -5.960464477539063e-08, 6.258487701416016e-07, 0.9870952367782593, 0.15276409685611725, 0.04802326112985611, -0.15822507441043854, 0.9766079187393188, 0.14560873806476593, -0.024656135588884354, -0.15132808685302734, 0.9881760478019714),
            ["LeftFoot"] = CFrame.new(2.0489096641540527e-08, 0, 1.1175870895385742e-08, 0.9989598989486694, 0.035844381898641586, 0.02818351238965988, -0.007833566516637802, 0.7438172101974487, -0.6683369874954224, -0.0449196882545948, 0.667421281337738, 0.7433245778083801),
            ["LowerTorso"] = CFrame.new(-0.11586778610944748, -0.33307361602783203, -0.019529134035110474, 0.9936433434486389, 0.10197725892066956, 0.04768216237425804, -0.08921044319868088, 0.9716405272483826, -0.21898914873600006, -0.06866182386875153, 0.21334335207939148, 0.9745615720748901),
            ["RightLowerLeg"] = CFrame.new(-7.636845111846924e-08, -0.000003516674041748047, -0.000013458709872793406, 1, -1.5087411497916037e-07, -1.937154365805327e-07, 1.4156105976326216e-07, -0.2562503516674042, 0.9666104912757874, -2.0209704132412298e-07, -0.9666105508804321, -0.25625041127204895),
            ["LeftUpperLeg"] = CFrame.new(-1.7881393432617188e-07, -4.675239324569702e-07, -5.587935447692871e-08, 0.9889392852783203, -0.07303392142057419, 0.12909415364265442, 0.08864275366067886, 0.9888545870780945, -0.119621142745018, -0.1189187541604042, 0.1297411471605301, 0.9843909740447998),
            ["LeftLowerLeg"] = CFrame.new(3.91155481338501e-08, 0.000003993511199951172, 0.000013336539268493652, 1, 8.381903171539307e-08, 4.4703497792397684e-08, -8.195638656616211e-08, 0.45404714345932007, 0.8909775614738464, 9.313225746154785e-10, -0.8909777402877808, 0.4540475010871887)
        }},
        [5] = {Time = 0.133, Data = {
            ["RightFoot"] = CFrame.new(-2.514570951461792e-08, 4.76837158203125e-07, -1.3205863069742918e-08, 0.9933810234069824, 0.09631242603063583, -0.062595434486866, -0.08725296705961227, 0.9871151447296143, 0.13412879407405853, 0.0747072696685791, -0.12777996063232422, 0.988985002040863),
            ["LeftLowerArm"] = CFrame.new(-6.258487701416016e-07, -5.960464477539062e-07, 1.7881393432617188e-07, 1, -5.960467319710006e-08, 0, 1.192093321833454e-07, -0.04480614513158798, -0.9989957213401794, 7.450583439094771e-08, 0.9989957809448242, -0.044806115329265594),
            ["RightUpperArm"] = CFrame.new(2.384185791015625e-07, -1.1920928955078125e-07, -5.960464477539063e-08, -0.05568297952413559, 0.02355140820145607, 0.9981707334518433, 0.7157260775566101, 0.6979868412017822, 0.023458106443285942, -0.6961577534675598, 0.7157232761383057, -0.055722370743751526),
            ["Head"] = CFrame.new(9.499490261077881e-08, -1.1920928955078125e-07, -7.729977369308472e-08, 0.9358766078948975, -0.10792933404445648, -0.33538973331451416, 0.02813374623656273, 0.9717775583267212, -0.23421578109264374, 0.35120299458503723, 0.2097613513469696, 0.9125002026557922),
            ["RightHand"] = CFrame.new(-1.6391277313232422e-07, -7.152557373046875e-07, 4.6938657760620117e-07, 0.6363809108734131, -0.01604381389915943, -0.7712081074714661, 0.06677477806806564, 0.997176468372345, 0.034356068819761276, 0.7684793472290039, -0.07336083054542542, 0.6356554627418518),
            ["UpperTorso"] = CFrame.new(3.119930624961853e-08, 8.344650268554688e-07, -3.4458935260772705e-08, 0.914411723613739, 0.016615334898233414, 0.40444427728652954, -0.19521406292915344, 0.8933882117271423, 0.4046591818332672, -0.3546021580696106, -0.44897839426994324, 0.8201682567596436),
            ["HumanoidRootPart"] = CFrame.new(0, 0, 0, 1, 0, 0, 0, 1, 0, 0, 0, 1),
            ["RightUpperLeg"] = CFrame.new(1.7881393432617188e-07, 4.721805453300476e-07, -4.267349140718579e-08, 0.9828072786331177, -0.18264757096767426, 0.02701631747186184, 0.14016546308994293, 0.6428238153457642, -0.753081738948822, 0.12018178403377533, 0.7439203262329102, 0.6573721766471863),
            ["LeftUpperArm"] = CFrame.new(5.960464477539063e-08, -3.5762786865234375e-07, -5.960464477539063e-08, 0.908760130405426, 0.4173119366168976, 0.0024471504148095846, -0.41312912106513977, 0.8987916707992554, 0.1466219276189804, 0.058987587690353394, -0.13425526022911072, 0.989189624786377),
            ["RightLowerArm"] = CFrame.new(-9.5367431640625e-07, -7.152557373046875e-07, -2.980232238769531e-07, 1, -1.0430809993522416e-07, 1.4901162970204496e-08, 1.1920930376163597e-07, 0.5718253254890442, -0.8203754425048828, -1.4901162970204496e-08, 0.8203755021095276, 0.5718252658843994),
            ["LeftHand"] = CFrame.new(2.7939677238464355e-07, 1.1920928955078125e-07, 1.6391277313232422e-07, 0.9926601052284241, 0.09667687118053436, 0.07266009598970413, -0.10367731004953384, 0.9896005392074585, 0.09970864653587341, -0.06226494908332825, -0.10651001334190369, 0.9923602342605591),
            ["LeftFoot"] = CFrame.new(-1.0803341865539551e-07, 1.7881393432617188e-07, 8.195638656616211e-08, 0.998910129070282, 0.04139139503240585, 0.021573282778263092, -0.01857060194015503, 0.776466965675354, -0.6298842430114746, -0.042822789400815964, 0.6287971138954163, 0.7763894200325012),
            ["LowerTorso"] = CFrame.new(-0.12204889953136444, -0.2817671298980713, -0.008692003786563873, 0.9944225549697876, 0.07210073620080948, 0.07697572559118271, -0.05599363148212433, 0.9794000387191772, -0.194010928273201, -0.08937836438417435, 0.18861868977546692, 0.9779747128486633),
            ["RightLowerLeg"] = CFrame.new(-2.9802322387695312e-08, -0.0000036954879760742188, -0.000013268720067571849, 1, -1.4062950981497124e-07, -1.9371539394796855e-07, 1.4528635006172408e-07, -0.1917508989572525, 0.9814437031745911, -1.6763810606335028e-07, -0.9814436435699463, -0.191750630736351),
            ["LeftUpperLeg"] = CFrame.new(-5.960464477539063e-08, -1.8905848264694214e-07, -4.0978193283081055e-08, 0.9929893612861633, -0.05280381068587303, 0.10575467348098755, 0.06679551303386688, 0.9887996315956116, -0.13346782326698303, -0.0975225493311882, 0.1395959109067917, 0.9853945374488831),
            ["LeftLowerLeg"] = CFrame.new(1.2852251529693604e-07, 0.000004231929779052734, 0.000013217329978942871, 1, 1.0058283805847168e-07, 3.725289587919178e-08, -6.519257311765614e-08, 0.5103960633277893, 0.8599395155906677, 5.4948024796885875e-08, -0.859939455986023, 0.5103960633277893)
        }},
        [6] = {Time = 0.167, Data = {
            ["RightFoot"] = CFrame.new(-1.1175870895385742e-08, 4.172325134277344e-07, -6.16346369497478e-08, 0.9974462985992432, 0.061943959444761276, -0.03555220365524292, -0.05862241983413696, 0.9944038391113281, 0.08789022266864777, 0.04079758748412132, -0.08558118343353271, 0.9954955577850342),
            ["LeftLowerArm"] = CFrame.new(-3.5762786865234375e-07, 0, 2.384185791015625e-07, 1, -1.4901168299275014e-07, 5.960465898624534e-08, 7.4505820180093e-08, -0.18763941526412964, -0.9822380542755127, 1.0430815677864302e-07, 0.9822380542755127, -0.18763937056064606),
            ["RightUpperArm"] = CFrame.new(0, -2.384185791015625e-07, 2.9802322387695312e-08, 0.016017718240618706, 0.167029470205307, 0.9858218431472778, 0.7514221668243408, 0.6484309434890747, -0.1220739409327507, -0.659627377986908, 0.7427237629890442, -0.11512328684329987),
            ["Head"] = CFrame.new(-2.9802322387695312e-08, 1.1920928955078125e-07, 7.543712854385376e-08, 0.9460939168930054, -0.12614084780216217, -0.298319935798645, 0.05439876765012741, 0.9698468446731567, -0.2375669926404953, 0.31929153203964233, 0.208532452583313, 0.9244281053543091),
            ["RightHand"] = CFrame.new(1.4156103134155273e-07, -5.364418029785156e-07, 5.085021257400513e-07, 0.7876322269439697, 0.03141547366976738, -0.6153443455696106, -0.16545937955379486, 0.9728001356124878, -0.16212080419063568, 0.5935139656066895, 0.22950609028339386, 0.7714065909385681),
            ["UpperTorso"] = CFrame.new(6.658956408500671e-08, 7.152557373046875e-07, 1.6763806343078613e-08, 0.9177120923995972, 0.06959521025419235, 0.39110255241394043, -0.22284507751464844, 0.9052219986915588, 0.36181938648223877, -0.32885369658470154, -0.4192013144493103, 0.8462420701980591),
            ["HumanoidRootPart"] = CFrame.new(0, 0, 0, 1, 0, 0, 0, 1, 0, 0, 0, 1),
            ["RightUpperLeg"] = CFrame.new(2.384185791015625e-07, 1.5832483768463135e-08, -9.145878721028566e-09, 0.9706910252571106, -0.23346735537052155, -0.057025499641895294, 0.11298031359910965, 0.6527179479598999, -0.7491293549537659, 0.21211877465248108, 0.7207303643226624, 0.6599646210670471),
            ["LeftUpperArm"] = CFrame.new(5.960464477539063e-08, -2.384185791015625e-07, -4.470348358154297e-08, 0.8722109794616699, 0.43825650215148926, 0.21720825135707855, -0.471184641122818, 0.8720040917396545, 0.13264214992523193, -0.1312752068042755, -0.21803715825080872, 0.9670711755752563),
            ["RightLowerArm"] = CFrame.new(-8.642673492431641e-07, -7.748603820800781e-07, -3.082677721977234e-07, 1, -8.195634393359796e-08, 1.4901164746561335e-08, 1.0430814256778831e-07, 0.5910102128982544, -0.8066641688346863, 1.4901162970204496e-08, 0.8066641688346863, 0.5910102128982544),
            ["LeftHand"] = CFrame.new(-8.195638656616211e-08, 5.960464477539063e-08, 1.341104507446289e-07, 0.9534865021705627, 0.013049009256064892, 0.30115312337875366, -0.007841553539037704, 0.9997982978820801, -0.018493980169296265, -0.3013336956501007, 0.015272263437509537, 0.9533964395523071),
            ["LeftFoot"] = CFrame.new(1.862645149230957e-09, -5.960464477539063e-08, 4.470348358154297e-08, 0.9991382956504822, 0.03744987025856972, 0.017898913472890854, -0.019664499908685684, 0.8068379163742065, -0.5904457569122314, -0.03655378893017769, 0.5895847678184509, 0.8068788647651672),
            ["LowerTorso"] = CFrame.new(-0.12812110781669617, -0.21305513381958008, 0.00558076798915863, 0.9938826560974121, 0.03568658605217934, 0.1045168861746788, -0.018054742366075516, 0.9861253499984741, -0.16501787304878235, -0.10895566642284393, 0.16212137043476105, 0.9807371497154236),
            ["RightLowerLeg"] = CFrame.new(-7.450580596923828e-09, -0.0000033974647521972656, -0.000013538803614210337, 1, -1.5832466715437477e-07, -1.8253948042001866e-07, 1.341104365337742e-07, -0.08763225376605988, 0.9961529970169067, -1.4808027515300637e-07, -0.996152937412262, -0.0876317173242569),
            ["LeftUpperLeg"] = CFrame.new(2.9802322387695312e-08, -1.601874828338623e-07, -4.842877388000488e-08, 0.9965956807136536, -0.030028142035007477, 0.07678170502185822, 0.03803378343582153, 0.9937419295310974, -0.10502642393112183, -0.07314740121364594, 0.10758917778730392, 0.9915009140968323),
            ["LeftLowerLeg"] = CFrame.new(1.862645149230957e-09, 0.0000035762786865234375, 0.000013373792171478271, 1, 5.0291436792804234e-08, 6.70552182668871e-08, -7.264316792543468e-08, 0.6269738078117371, 0.7790405750274658, 4.377216455964117e-08, -0.7790404558181763, 0.6269734501838684)
        }},
        [7] = {Time = 0.200, Data = {
            ["RightFoot"] = CFrame.new(-5.960464477539063e-08, 2.980232238769531e-07, -5.75528247281909e-09, 0.9992843866348267, 0.036974407732486725, 0.007984841242432594, -0.03699692338705063, 0.9993118643760681, 0.00267766579054296, -0.007880046963691711, -0.0029710887465626, 0.9999645948410034),
            ["LeftLowerArm"] = CFrame.new(-5.066394805908203e-07, 0, 3.2782554626464844e-07, 1, -5.960465898624534e-08, 4.4703494239684005e-08, 0, -0.4082324504852295, -0.9128780961036682, 1.6391282997574308e-07, 0.9128780961036682, -0.40823233127593994),
            ["RightUpperArm"] = CFrame.new(1.1920928955078125e-07, -1.1920928955078125e-07, 2.9802322387695312e-08, 0.05125096067786217, 0.16724590957164764, 0.984582245349884, 0.7412068247795105, 0.6543633341789246, -0.14973579347133636, -0.669317364692688, 0.737453281879425, -0.09042710065841675),
            ["Head"] = CFrame.new(4.284083843231201e-08, 0, 6.51925802230835e-09, 0.9521155953407288, -0.13534729182720184, -0.2741481065750122, 0.07001867890357971, 0.9693717360496521, -0.23540568351745605, 0.2976129651069641, 0.2049378901720047, 0.9324306845664978),
            ["RightHand"] = CFrame.new(-9.685754776000977e-08, -4.76837158203125e-07, 3.0547380447387695e-07, 0.8744677305221558, -0.263519287109375, -0.4072639048099518, 0.20266596972942352, 0.9612616300582886, -0.1868225485086441, 0.440718412399292, 0.08083183318376541, 0.8939986228942871),
            ["UpperTorso"] = CFrame.new(3.4458935260772705e-08, 4.172325134277344e-07, -5.587935447692871e-09, 0.9200391173362732, 0.11704966425895691, 0.3739352226257324, -0.24684815108776093, 0.9142880439758301, 0.32115936279296875, -0.30429285764694214, -0.3877844512462616, 0.8700742125511169),
            ["HumanoidRootPart"] = CFrame.new(0, 0, 0, 1, 0, 0, 0, 1, 0, 0, 0, 1),
            ["RightUpperLeg"] = CFrame.new(1.1920928955078125e-07, 3.6117853596806526e-07, -3.149762051180005e-08, 0.9474905133247375, -0.27134475111961365, -0.16921564936637878, 0.07947460561990738, 0.7123610973358154, -0.6972990036010742, 0.3097507953643799, 0.6472355127334595, 0.696520209312439),
            ["LeftUpperArm"] = CFrame.new(1.1920928955078125e-07, 2.384185791015625e-07, 1.4901161193847656e-08, 0.8149543404579163, 0.4423632025718689, 0.37438511848449707, -0.48538073897361755, 0.8739762306213379, 0.023901160806417465, -0.3166308104991913, -0.20119774341583252, 0.9269652962684631),
            ["RightLowerArm"] = CFrame.new(-2.980232238769531e-07, -0.0000010728836059570312, -1.4901161193847656e-07, 1, -4.470347292340193e-08, 7.450584860180243e-08, 2.9802322387695312e-08, 0.25999096035957336, -0.9656111598014832, 8.940696716308594e-08, 0.9656110405921936, 0.25999101996421814),
            ["LeftHand"] = CFrame.new(-5.587935447692871e-07, -5.960464477539063e-08, -5.140900611877441e-07, 0.9110483527183533, 0.08558138459920883, 0.4033198058605194, -0.012238619849085808, 0.9834024310112, -0.18102511763572693, -0.41211801767349243, 0.1599864810705185, 0.8969743847846985),
            ["LeftFoot"] = CFrame.new(1.7695128917694092e-08, 0, 2.2351741790771484e-08, 0.9992236495018005, 0.03757019713521004, 0.0118643157184124, -0.026559703052043915, 0.8647542595863342, -0.5014922618865967, -0.02910103090107441, 0.5007880926132202, 0.8650807738304138),
            ["LowerTorso"] = CFrame.new(-0.13272297382354736, -0.12029647827148438, 0.021522298455238342, 0.9915393590927124, -0.0019097243202850223, 0.12979215383529663, 0.019682548940181732, 0.9905422329902649, -0.13578911125659943, -0.12830528616905212, 0.1371949017047882, 0.9821992516517639),
            ["RightLowerLeg"] = CFrame.new(-4.470348358154297e-08, -0.000003337860107421875, -0.000013249162293504924, 1, -1.4901149825163884e-07, -1.2852260056206433e-07, 1.3783574104309082e-07, 0.08729654550552368, 0.9961823225021362, -1.1175870895385742e-07, -0.996182382106781, 0.08729709684848785),
            ["LeftUpperLeg"] = CFrame.new(-2.384185791015625e-07, -7.884809747338295e-07, 7.450580596923828e-09, 0.998547375202179, -0.004031860735267401, 0.05373100936412811, 0.006594163365662098, 0.9988449215888977, -0.047595955431461334, -0.05347699671983719, 0.04788118973374367, 0.9974204897880554),
            ["LeftLowerLeg"] = CFrame.new(1.5832483768463135e-08, 0.0000037550926208496094, 0.000013276934623718262, 1, 5.587936158235607e-08, 0, -5.046605267011728e-08, 0.7728496193885803, 0.6345891356468201, 7.683413372205905e-08, -0.6345891952514648, 0.7728497982025146)
        }},
        [8] = {Time = 0.233, Data = {
            ["RightFoot"] = CFrame.new(4.0978193283081055e-08, 3.5762786865234375e-07, -2.8107024263590574e-08, 0.9974729418754578, 0.028661256656050682, 0.06501080095767975, -0.02256300300359726, 0.995440661907196, -0.0926760658621788, -0.06737034767866135, 0.09097534418106079, 0.9935718178749084),
            ["LeftLowerArm"] = CFrame.new(-3.8743019104003906e-07, -4.76837158203125e-07, 2.9802322387695312e-08, 1, -1.4901162970204496e-08, 1.8812723112660024e-07, 7.450580596923828e-08, -0.5743956565856934, -0.8185778856277466, 1.043081283569336e-07, 0.8185778856277466, -0.5743956565856934),
            ["RightUpperArm"] = CFrame.new(0, -5.960464477539062e-07, 2.9802322387695312e-08, 0.20205506682395935, 0.03507021442055702, 0.9787461161613464, 0.689825713634491, 0.7042977213859558, -0.16764579713344574, -0.6952081322669983, 0.7090378999710083, 0.11811459809541702),
            ["Head"] = CFrame.new(-6.705522537231445e-08, 1.1920928955078125e-07, 2.9802322387695312e-08, 0.955098032951355, -0.1361403614282608, -0.26316091418266296, 0.073670394718647, 0.9694105386734009, -0.23412838578224182, 0.2869851887226105, 0.20422835648059845, 0.9359115362167358),
            ["RightHand"] = CFrame.new(8.028000593185425e-07, -3.5762786865234375e-07, 5.960464477539062e-07, 0.9805417656898499, -0.1688987761735916, -0.10005563497543335, 0.14715097844600677, 0.9697274565696716, -0.1948724240064621, 0.12994040548801422, 0.17635725438594818, 0.9757119417190552),
            ["UpperTorso"] = CFrame.new(3.5390257835388184e-08, 7.152557373046875e-07, -1.4901161193847656e-08, 0.9252325296401978, 0.13955776393413544, 0.35280105471611023, -0.25443539023399353, 0.9180268049240112, 0.3041207492351532, -0.2814383804798126, -0.3711474537849426, 0.8848966956138611),
            ["HumanoidRootPart"] = CFrame.new(0, 0, 0, 1, 0, 0, 0, 1, 0, 0, 0, 1),
            ["RightUpperLeg"] = CFrame.new(2.980232238769531e-07, -2.4121254682540894e-07, 5.045876605436206e-08, 0.9149256348609924, -0.2962287664413452, -0.27415284514427185, 0.06980252265930176, 0.7851229906082153, -0.6153943538665771, 0.39754098653793335, 0.5439028739929199, 0.7390061616897583),
            ["LeftUpperArm"] = CFrame.new(5.960464477539063e-08, 2.384185791015625e-07, 4.470348358154297e-08, 0.8983386754989624, 0.3557973802089691, 0.25767454504966736, -0.3871806561946869, 0.9183725714683533, 0.08174994587898254, -0.20755474269390106, -0.17320577800273895, 0.9627673625946045),
            ["RightLowerArm"] = CFrame.new(-0.000001043081283569336, -0.0000010728836059570312, -2.384185791015625e-07, 1, -8.940690321423972e-08, 6.332994928470725e-08, 8.56816981809061e-08, 0.028221281245350838, -0.9996017813682556, 6.705523958316917e-08, 0.9996016621589661, 0.028221286833286285),
            ["LeftHand"] = CFrame.new(-1.4901161193847656e-08, 2.384185791015625e-07, -3.534369170665741e-07, 0.9733768105506897, 0.18051381409168243, 0.14125339686870575, -0.14275996387004852, 0.9595819115638733, -0.2425328493118286, -0.17932479083538055, 0.21591052412986755, 0.9598048329353333),
            ["LeftFoot"] = CFrame.new(7.078051567077637e-08, -1.1920928955078125e-07, 7.450580596923828e-09, 0.9983797669410706, 0.053868070244789124, 0.01833447255194187, -0.043075550347566605, 0.9260045289993286, -0.3750467598438263, -0.03718087449669838, 0.3736494481563568, 0.926824688911438),
            ["LowerTorso"] = CFrame.new(-0.13464263081550598, -0.07137727737426758, 0.026567824184894562, 0.9880625009536743, -0.01857326366007328, 0.15292993187904358, 0.03750494867563248, 0.9918388724327087, -0.12185678631067276, -0.14941857755184174, 0.12613774836063385, 0.980695366859436),
            ["RightLowerLeg"] = CFrame.new(-1.341104507446289e-07, -0.0000032782554626464844, -0.000013506207324098796, 1, -1.6391260260206764e-07, -1.0244561821082243e-07, 1.0803343286625022e-07, 0.25497129559516907, 0.9669482707977295, -1.7508865823856468e-07, -0.9669486284255981, 0.2549726665019989),
            ["LeftUpperLeg"] = CFrame.new(-2.980232238769531e-07, -7.078051567077637e-07, -8.195638656616211e-08, 0.9995397925376892, 0.005912325344979763, 0.029753845185041428, -0.0025111932773143053, 0.9935835599899292, -0.11307355016469955, -0.030231479555368423, 0.1129467636346817, 0.9931410551071167),
            ["LeftLowerLeg"] = CFrame.new(3.725290298461914e-08, 0.0000037550926208496094, 0.000013276934623718262, 1, 4.470347647611561e-08, 4.097818262494002e-08, -6.007030606269836e-08, 0.7578998804092407, 0.6523705720901489, 4.6566128730773926e-08, -0.6523709297180176, 0.7579001784324646)
        }},
        [9] = {Time = 0.267, Data = {
            ["RightFoot"] = CFrame.new(-1.0244548320770264e-07, 2.980232238769531e-07, -2.438173396512866e-08, 0.99305659532547, 0.040260061621665955, 0.11053473502397537, -0.017831478267908096, 0.9802721738815308, -0.1968461573123932, -0.11627895385026932, 0.1935087889432907, 0.9741836190223694),
            ["LeftLowerArm"] = CFrame.new(-2.384185791015625e-07, -9.5367431640625e-07, 2.980232238769531e-07, 1, -6.705523247774181e-08, 1.1548402767402877e-07, 7.4505820180093e-08, -0.5728151202201843, -0.8196845650672913, 1.1920931797249068e-07, 0.819684624671936, -0.5728151798248291),
            ["RightUpperArm"] = CFrame.new(1.1920928955078125e-07, 0, -1.1920928955078125e-07, 0.32616138458251953, -0.17561344802379608, 0.928858757019043, 0.650566041469574, 0.7545901536941528, -0.08577556908130646, -0.6858444809913635, 0.6322608590126038, 0.3603663444519043),
            ["Head"] = CFrame.new(1.4901161193847656e-08, -2.384185791015625e-07, -6.239861249923706e-08, 0.9568659663200378, -0.1304129809141159, -0.25961533188819885, 0.06860698014497757, 0.9697478413581848, -0.2342698574066162, 0.2823132872581482, 0.20635341107845306, 0.9368658065795898),
            ["RightHand"] = CFrame.new(2.3417669581249356e-08, -4.76837158203125e-07, 6.360933184623718e-07, 0.9761989712715149, -0.203030064702034, 0.0762530118227005, 0.18883444368839264, 0.9686261415481567, 0.16157057881355286, -0.106664277613163, -0.14332586526870728, 0.9839107990264893),
            ["UpperTorso"] = CFrame.new(9.313225746154785e-09, 6.854534149169922e-07, -3.166496753692627e-08, 0.9370571374893188, 0.11981537938117981, 0.3279761075973511, -0.23079492151737213, 0.9173792004585266, 0.32426708936691284, -0.26202628016471863, -0.37955206632614136, 0.8872895240783691),
            ["HumanoidRootPart"] = CFrame.new(0, 0, 0, 1, 0, 0, 0, 1, 0, 0, 0, 1),
            ["RightUpperLeg"] = CFrame.new(2.384185791015625e-07, 2.093147486448288e-07, 5.045876605436206e-08, 0.8874149322509766, -0.27961501479148865, -0.3664836883544922, 0.0996808260679245, 0.8926135301589966, -0.439664751291275, 0.45006492733955383, 0.35363340377807617, 0.8199906349182129),
            ["LeftUpperArm"] = CFrame.new(-1.1920928955078125e-07, 1.1920928955078125e-07, -1.4901161193847656e-08, 0.9162153601646423, 0.3868411183357239, -0.10441940277814865, -0.37144187092781067, 0.9177292585372925, 0.14072692394256592, 0.15026767551898956, -0.09015049785375595, 0.9845265746116638),
            ["RightLowerArm"] = CFrame.new(-9.5367431640625e-07, -7.152557373046875e-07, -1.1920928955078125e-07, 1, -8.882484081595976e-08, 1.7980350719426497e-07, 1.0212537659981535e-07, -0.2890626788139343, -0.957310140132904, 9.895305908003138e-08, 0.957310140132904, -0.2890627384185791),
            ["LeftHand"] = CFrame.new(-1.862645149230957e-09, 1.1920928955078125e-07, 1.4156103134155273e-07, 0.9142962694168091, 0.40017378330230713, 0.06263834983110428, -0.381590336561203, 0.9028493762016296, -0.1981210559606552, -0.13583578169345856, 0.1572391390800476, 0.9781741499900818),
            ["LeftFoot"] = CFrame.new(-7.636845111846924e-08, 1.7881393432617188e-07, 2.9802322387695312e-08, 0.9960483908653259, 0.08416078984737396, 0.02836618758738041, -0.07509608566761017, 0.968621551990509, -0.2369237244129181, -0.047415729612112045, 0.2338574230670929, 0.9711140990257263),
