return {
    ["I Love You So"] = {
        {Time = 0.000, Data = {
            ["RightFoot"] = CFrame.new(-7.450580596923828e-08, 4.172325134277344e-07, -5.142283043824136e-08, 0.9981817603111267, 0.055503133684396744, 0.02351038157939911, -0.05662408471107483, 0.9971403479576111, 0.05004937946796417, -0.02066521719098091, -0.05128975585103035, 0.9984700083732605),
            ["LeftLowerArm"] = CFrame.new(0.00002104043960571289, 0, 7.450580596923828e-09, 1, 0.0000365525484085083, 0.000013478102118824609, -0.000027485191822052002, 0.9068912863731384, -0.4213649034500122, -0.000027606496587395668, 0.42136478424072266, 0.9068912863731384),
            ["RightUpperArm"] = CFrame.new(0, 0, 0, 0.9390156269073486, 0.049746084958314896, -0.34025728702545166, 0.01856802962720394, 0.9807024598121643, 0.19462251663208008, 0.3433729410171509, -0.1890716403722763, 0.9199712872505188),
            ["Head"] = CFrame.new(7.905327947810292e-09, -1.1920928955078125e-07, -3.09046299662441e-09, 0.9869012236595154, -0.007236449979245663, 0.1611638367176056, -0.048438914120197296, 0.9396072626113892, 0.3388094902038574, -0.1538824886083603, -0.34217798709869385, 0.9269490242004395),
            ["RightHand"] = CFrame.new(-9.709037840366364e-08, 1.1920928955078125e-07, -6.030313670635223e-08, 0.9656128287315369, 0.06451395899057388, -0.251852810382843, -0.04983988031744957, 0.9966902732849121, 0.06422165781259537, 0.25516244769096375, -0.04946093261241913, 0.9656323194503784),
            ["UpperTorso"] = CFrame.new(-5.704350769519806e-09, 8.940696716308594e-08, 6.51925802230835e-09, 0.9979007244110107, 0.040226392447948456, -0.05075449496507645, -0.03836779296398163, 0.9985756874084473, 0.037077393382787704, 0.05217364802956581, -0.03505219146609306, 0.998022735118866),
            ["HumanoidRootPart"] = CFrame.new(0, 0, 0, 1, 0, 0, 0, 1, 0, 0, 0, 1),
            ["RightUpperLeg"] = CFrame.new(5.960464477539063e-08, -4.4121406972408295e-08, -1.0586518328636885e-09, 0.9905664324760437, -0.1264619529247284, -0.05277753621339798, 0.0384526252746582, 0.6261881589889526, -0.7787232995033264, 0.13152751326560974, 0.769347608089447, 0.6251437067985535),
            ["LeftUpperArm"] = CFrame.new(-5.960464477539063e-08, 0, -7.450580596923828e-09, 0.7509395480155945, 0.11057329177856445, -0.651047945022583, -0.17792707681655884, 0.983301043510437, -0.03822404146194458, 0.6359496116638184, 0.14454297721385956, 0.758073627948761),
            ["RightLowerArm"] = CFrame.new(-5.960464477539063e-08, 4.76837158203125e-07, -7.644625506630354e-20, 1, -1.0494847657582795e-07, -3.1595856597732563e-08, 9.010547330490226e-08, 0.9877358078956604, -0.15613478422164917, 2.162414780570998e-08, 0.1561349332332611, 0.9877358078956604),
            ["LeftHand"] = CFrame.new(-2.9802322387695312e-08, 2.384185791015625e-07, -5.960464477539063e-08, 1, -0.000027626756491372362, -0.00002768636477412656, 0.000027641654014587402, 1, 1.7881397695873602e-07, 0.000027686357498168945, 0, 1),
            ["LeftFoot"] = CFrame.new(2.3441330654350168e-08, -1.1920928955078125e-07, -3.204760234964965e-09, 0.9868679046630859, -0.1592000126838684, 0.02733464166522026, 0.14612506330013275, 0.8077559471130371, -0.5711193084716797, 0.06884263455867767, 0.5676140189170837, 0.8204118013381958),
            ["LowerTorso"] = CFrame.new(-0.04963098093867302, -0.028925418853759766, 0.001155018457211554, 0.9838665723800659, -0.01875719241797924, -0.17791786789894104, 0.014661304652690887, 0.9995970129966736, -0.0243082232773304, 0.1783021092414856, 0.021307537332177162, 0.9837451577186584),
            ["RightLowerLeg"] = CFrame.new(-4.470348358154297e-08, -0.000004291534423828125, -0.000013054195733275265, 1, -0.0000031366939765575808, -0.0000012181695865365327, 0.000003125516968793818, 0.7336760759353638, 0.6794994473457336, -0.0000012144440688643954, -0.6794995069503784, 0.733676016330719),
            ["LeftUpperLeg"] = CFrame.new(-1.7881390590446244e-07, 1.1012889444828033e-07, 7.451149031112436e-09, 0.9721879959106445, 0.1642884612083435, -0.1669127196073532, -0.17315883934497833, 0.9840830564498901, -0.039957866072654724, 0.15769127011299133, 0.0677487924695015, 0.9851616621017456),
            ["LeftLowerLeg"] = CFrame.new(3.486450594891721e-08, 0.0000036954879760742188, 0.000012957232684129849, 1, -0.0000035390248740441166, -0.0000018402938621875364, 0.000003553926944732666, 0.5887409448623657, 0.8083214163780212, -0.0000017601996660232544, -0.8083217740058899, 0.5887415409088135),
        }},
        {Time = 0.033, Data = {
            ["RightFoot"] = CFrame.new(2.9802322387695312e-08, 2.980232238769531e-07, -6.719346856698394e-09, 0.99894779920578, 0.041815344244241714, 0.018839307129383087, -0.04457700252532959, 0.9818365573883057, 0.18441836535930634, -0.010785573162138462, -0.18506364524364471, 0.9826672673225403),
            ["LeftLowerArm"] = CFrame.new(0.00002110004425048828, 0, 8.195638656616211e-08, 1, 0.000033680349588394165, 0.000019736589820240624, -0.000027477733965497464, 0.9667541980743408, -0.25570738315582275, -0.00002772779407678172, 0.25570738315582275, 0.9667543172836304),
            ["RightUpperArm"] = CFrame.new(0, -3.5762786865234375e-07, 1.4901161193847656e-08, 0.9062768220901489, 0.1269012689590454, -0.4031853675842285, -0.009455624967813492, 0.9597159028053284, 0.28081294894218445, 0.42257899045944214, -0.2506820559501648, 0.870968222618103),
            ["Head"] = CFrame.new(1.4711986295878887e-08, -2.384185791015625e-07, -2.444721758365631e-09, 0.9859650731086731, 0.017806243151426315, 0.166000097990036, -0.07445941865444183, 0.9368313550949097, 0.3417643904685974, -0.14942848682403564, -0.349327951669693, 0.9250087141990662),
            ["RightHand"] = CFrame.new(2.2351741790771484e-07, -2.384185791015625e-07, -1.1920928955078125e-07, 0.9377872943878174, -0.00022405199706554413, -0.34721046686172485, 0.08358360826969147, 0.9707379341125488, 0.2251259833574295, 0.33699989318847656, -0.2401413470506668, 0.9103643894195557),
            ["UpperTorso"] = CFrame.new(-1.6298145055770874e-09, 1.1920928955078125e-07, -1.862645149230957e-09, 0.99882972240448, 0.04604803025722504, -0.014792593196034431, -0.04536426067352295, 0.9980169534683228, 0.043639495968818665, 0.016772780567407608, -0.04291733726859093, 0.9989378452301025),
            ["HumanoidRootPart"] = CFrame.new(0, 0, 0, 1, 0, 0, 0, 1, 0, 0, 0, 1),
            ["RightUpperLeg"] = CFrame.new(5.960464477539063e-08, 2.835877239704132e-07, -1.223452272824943e-08, 0.9890478849411011, -0.12058817595243454, -0.08510565012693405, 0.012858609668910503, 0.644820511341095, -0.764225959777832, 0.14703446626663208, 0.7547616958618164, 0.6393089294433594),
            ["LeftUpperArm"] = CFrame.new(-1.1920928955078125e-07, -3.5762786865234375e-07, 3.725290298461914e-09, 0.7053340077400208, 0.13306042551994324, -0.6962751150131226, -0.17558470368385315, 0.9844109416007996, 0.010255013592541218, 0.6867853403091431, 0.11502203345298767, 0.71770179271698),
            ["RightLowerArm"] = CFrame.new(5.960464477539063e-08, 5.960464477539062e-07, 5.960464477539063e-08, 1, -6.519260153936557e-08, -6.472692604120311e-08, 5.960463766996327e-08, 0.9981703162193298, -0.060465648770332336, 3.818422200652094e-08, 0.06046580523252487, 0.9981703758239746),
            ["LeftHand"] = CFrame.new(2.9802322387695312e-08, -1.1920928955078125e-07, 2.9802322387695312e-08, 0.9928170442581177, 0.00760978739708662, 0.11939992755651474, -0.010938875377178192, 0.99956876039505, 0.027251597493886948, -0.11914100497961044, -0.028361808508634567, 0.992472231388092),
            ["LeftFoot"] = CFrame.new(7.559567194448391e-08, -3.3306690738754696e-16, -9.261156463935549e-08, 0.9848560094833374, -0.16940775513648987, 0.03687387332320213, 0.1613934189081192, 0.8181328773498535, -0.5519156455993652, 0.0633309856057167, 0.5495085120201111, 0.8330843448638916),
            ["LowerTorso"] = CFrame.new(-0.05954902619123459, -0.10144054889678955, 0.0012459709541872144, 0.9767655730247498, -0.024759890511631966, -0.2128753662109375, 0.018734542652964592, 0.9993661046028137, -0.030275611206889153, 0.21349002420902252, 0.025584055110812187, 0.9766101837158203),
            ["RightLowerLeg"] = CFrame.new(4.0978193283081055e-08, -0.0000036954879760742188, -0.000013009492249693722, 1, -0.000002156942855435773, -5.494802053362946e-07, 0.0000021606690552289365, 0.8746569156646729, 0.4847421944141388, -5.383046186580032e-07, -0.4847426414489746, 0.874657154083252),
            ["LeftUpperLeg"] = CFrame.new(5.9604552404834976e-08, 2.7799978852272034e-07, -2.9802549761370756e-08, 0.9636582732200623, 0.19623509049415588, -0.1812583953142166, -0.17082679271697998, 0.9743287563323975, 0.1466350108385086, 0.20538024604320526, -0.11034218221902847, 0.972442090511322),
            ["LeftLowerLeg"] = CFrame.new(2.927657050122434e-08, 0.000003635883331298828, 0.000013005661458009854, 1, -0.0000028461220153985778, -0.000001259148120880127, 0.000002900138042605249, 0.6979506015777588, 0.7161459922790527, -0.0000011548398788363556, -0.716145932674408, 0.697950541973114),
        }},
        {Time = 0.067, Data = {
            ["RightFoot"] = CFrame.new(-8.242204785346985e-08, 3.5762786865234375e-07, -1.2592863640747964e-07, 0.9997183084487915, 0.02303825318813324, 0.005723628215491772, -0.0230353195220232, 0.9997345209121704, -0.0005803520325571299, -0.005735381506383419, 0.00044867413816973567, 0.999983549118042),
            ["LeftLowerArm"] = CFrame.new(0.0000209808349609375, -1.7881393432617188e-07, -2.980232238769531e-07, 1, 0.00003243773244321346, 0.000021619724066113122, -0.000027500096621224657, 0.9802510738372803, -0.19775716960430145, -0.00002762489384622313, 0.19775715470314026, 0.980251133441925),
            ["RightUpperArm"] = CFrame.new(0, 3.5762786865234375e-07, 2.9802322387695312e-08, 0.8812927603721619, 0.18768268823623657, -0.43370306491851807, -0.028650090098381042, 0.9372840523719788, 0.3473871946334839, 0.47170159220695496, -0.2937242090702057, 0.8313986659049988),
            ["Head"] = CFrame.new(1.0244548320770264e-08, 0, -2.561137080192566e-09, 0.9847739934921265, 0.03870007395744324, 0.16947773098945618, -0.09188398718833923, 0.943471372127533, 0.3184639811515808, -0.14757277071475983, -0.329187273979187, 0.932661771774292),
            ["RightHand"] = CFrame.new(-7.450580596923828e-09, -5.960464477539063e-08, -5.960464477539063e-08, 0.9200087189674377, -0.039948154240846634, -0.3898565471172333, 0.16011793911457062, 0.9462887048721313, 0.2808915078639984, 0.35769563913345337, -0.3208456039428711, 0.8769903182983398),
            ["UpperTorso"] = CFrame.new(-2.561137080192566e-09, 1.1920928955078125e-07, 2.7939677238464355e-09, 0.9985030293464661, 0.05323510989546776, 0.012561525218188763, -0.05408291891217232, 0.9952214360237122, 0.08129869401454926, -0.008173571899533272, -0.08185631781816483, 0.9966106414794922),
            ["HumanoidRootPart"] = CFrame.new(0, 0, 0, 1, 0, 0, 0, 1, 0, 0, 0, 1),
            ["RightUpperLeg"] = CFrame.new(1.1920928955078125e-07, 2.7939677238464355e-08, -8.509232429787517e-09, 0.9891616702079773, -0.11993089318275452, -0.08470971882343292, -0.0024948648642748594, 0.5631107091903687, -0.8263776898384094, 0.14680910110473633, 0.8176325559616089, 0.5567084550857544),
            ["LeftUpperArm"] = CFrame.new(0, 0, -1.4901161193847656e-08, 0.6242861747741699, 0.17288480699062347, -0.7618252038955688, -0.20814329385757446, 0.9767627716064453, 0.05109633877873421, 0.7529562711715698, 0.12667004764080048, 0.6457643508911133),
            ["RightLowerArm"] = CFrame.new(5.960464477539063e-08, 2.384185791015625e-07, 1.1920928955078125e-07, 1, -1.378358120973644e-07, 2.6077035641947077e-08, 5.587935447692871e-08, 0.9988373517990112, -0.0482083335518837, -5.122274160385132e-08, 0.04820837825536728, 0.9988373517990112),
            ["LeftHand"] = CFrame.new(1.7881393432617188e-07, -2.980232238769531e-07, -4.470348358154297e-08, 0.9796172380447388, 0.027729693800210953, 0.1989506036043167, -0.036986105144023895, 0.9983919262886047, 0.042961228638887405, -0.19743919372558594, -0.04944384843111038, 0.9790675044059753),
            ["LeftFoot"] = CFrame.new(4.579302625984383e-08, 5.960464477539063e-08, 1.1696470458844033e-08, 0.9836187958717346, -0.1740080565214157, 0.047066062688827515, 0.16775089502334595, 0.7880308628082275, -0.5923402309417725, 0.06598253548145294, 0.5905325412750244, 0.8043120503425598),
            ["LowerTorso"] = CFrame.new(-0.06682223081588745, -0.2611914873123169, 0.0012586250668391585, 0.9710883498191833, -0.029552944004535675, -0.23688413202762604, 0.02088143676519394, 0.9990197420120239, -0.03903280943632126, 0.23780544102191925, 0.03295782208442688, 0.9707534909248352),
            ["RightLowerLeg"] = CFrame.new(-3.725290298461914e-09, -0.0000036954879760742188, -0.000012905184121336788, 1, -0.000002392567466813489, -7.101334631443024e-07, 0.000002359971176701947, 0.8671769499778748, 0.49799981713294983, -6.193294552758744e-07, -0.4980001151561737, 0.8671771883964539),
            ["LeftUpperLeg"] = CFrame.new(-1.2545520178264269e-14, 2.3446045815944672e-07, -3.725290298461914e-09, 0.9570590853691101, 0.21091893315315247, -0.19887463748455048, -0.1599234938621521, 0.9563344120979309, 0.24464069306850433, 0.2417900562286377, -0.2023308277130127, 0.9489994645118713),
            ["LeftLowerLeg"] = CFrame.new(5.2559634866611304e-08, 0.000003874301910400391, 0.000013011249393457547, 1, -0.000003308057330286829, -0.0000015422704109369079, 0.0000033788373912102543, 0.6966878175735474, 0.7173746228218079, -0.0000014416870044442476, -0.7173744440078735, 0.6966875791549683),
        }},
        {Time = 0.100, Data = {
            ["RightFoot"] = CFrame.new(2.561137080192566e-09, 4.172325134277344e-07, 5.288529791869223e-08, 0.9999660849571228, 0.008243299089372158, 0.0002022707340074703, -0.007928874343633652, 0.9679857492446899, -0.25088006258010864, -0.00226409500464797, 0.25087010860443115, 0.9680181741714478),
            ["LeftLowerArm"] = CFrame.new(0.0000209808349609375, 5.960464477539063e-08, -8.940696716308594e-08, 1, 0.00003257952630519867, 0.0000214471947401762, -0.000027567144570639357, 0.979163646697998, -0.20307306945323944, -0.00002755224340944551, 0.20307305455207825, 0.9791635870933533),
            ["RightUpperArm"] = CFrame.new(-5.960464477539063e-08, -2.384185791015625e-07, -2.2351741790771484e-08, 0.8661268353462219, 0.2280929982662201, -0.4447447955608368, -0.041068434715270996, 0.919269859790802, 0.3914795517921448, 0.4981342554092407, -0.320806086063385, 0.8055717349052429),
            ["Head"] = CFrame.new(5.3551048040390015e-09, -1.1920928955078125e-07, -8.440110832452774e-09, 0.9831529855728149, 0.06281518936157227, 0.17165276408195496, -0.10824807733297348, 0.9567940831184387, 0.26986587047576904, -0.14728467166423798, -0.28390049934387207, 0.947474479675293),
            ["RightHand"] = CFrame.new(-1.1175870895385742e-07, -1.7881393432617188e-07, -5.960464477539063e-08, 0.926361083984375, -0.07488758116960526, -0.3691166639328003, 0.18125700950622559, 0.9477224349975586, 0.26261818408966064, 0.3301531672477722, -0.3101842403411865, 0.8915069699287415),
            ["UpperTorso"] = CFrame.new(-1.1641532182693481e-08, -1.7881393432617188e-07, 3.725290298461914e-09, 0.9981808662414551, 0.050651125609874725, 0.032700952142477036, -0.05494394525885582, 0.9875296354293823, 0.1475345939397812, -0.024820365011692047, -0.14906294643878937, 0.9885162115097046),
            ["HumanoidRootPart"] = CFrame.new(0, 0, 0, 1, 0, 0, 0, 1, 0, 0, 0, 1),
            ["RightUpperLeg"] = CFrame.new(5.960464477539063e-08, -4.6193599700927734e-07, 1.7567799659445882e-08, 0.9892299175262451, -0.12380383908748627, -0.0780821219086647, -0.006725831888616085, 0.49444520473480225, -0.8691826462745667, 0.14621561765670776, 0.8603467345237732, 0.48828744888305664),
            ["LeftUpperArm"] = CFrame.new(-5.960464477539063e-08, -1.1920928955078125e-07, 5.960464477539063e-08, 0.5223451852798462, 0.23752601444721222, -0.8189853429794312, -0.27493181824684143, 0.9560457468032837, 0.10192666947841644, 0.8071977496147156, 0.1719241738319397, 0.5646893382072449),
            ["RightLowerArm"] = CFrame.new(-5.960464477539063e-08, 4.76837158203125e-07, 5.960464477539063e-08, 1, -1.322478482279621e-07, 6.239861960466442e-08, 9.126959810146218e-08, 0.9986123442649841, -0.05266363173723221, 8.754431490842762e-08, 0.05266367271542549, 0.9986123442649841),
            ["LeftHand"] = CFrame.new(-2.9802322387695312e-08, -1.7881393432617188e-07, 7.450580596923828e-08, 0.967384934425354, 0.055032916367053986, 0.2472604662179947, -0.06932169944047928, 0.996367871761322, 0.04945305362343788, -0.24364085495471954, -0.06498050689697266, 0.9676862955093384),
            ["LeftFoot"] = CFrame.new(-1.0086282919985479e-08, -5.551115123125783e-16, -3.20486459592928e-09, 0.9830912947654724, -0.17530816793441772, 0.052900660783052444, 0.16892586648464203, 0.7567335963249207, -0.6315206289291382, 0.07067892700433731, 0.6297788619995117, 0.7735524773597717),
            ["LowerTorso"] = CFrame.new(-0.07000400125980377, -0.3599504232406616, 0.0011813087621703744, 0.9687533378601074, -0.032662197947502136, -0.24586616456508636, 0.020396186038851738, 0.9984245896339417, -0.052271805703639984, 0.24718613922595978, 0.04562374949455261, 0.9678933024406433),
            ["RightLowerLeg"] = CFrame.new(-3.119930624961853e-08, -0.0000040531158447265625, -0.00001304674515267834, 1, -0.00000251084566116333, -7.313211654036422e-07, 0.000002500834170859889, 0.8257644176483154, 0.5640149712562561, -6.649643751188705e-07, -0.56401526927948, 0.8257645964622498),
            ["LeftUpperLeg"] = CFrame.new(-5.960464477539063e-08, -4.0838494896888733e-07, 2.2737367544323206e-13, 0.9544126391410828, 0.2119147777557373, -0.21021096408367157, -0.14987874031066895, 0.9492636919021606, 0.2764686644077301, 0.2581334710121155, -0.23235908150672913, 0.9377507567405701),
            ["LeftLowerLeg"] = CFrame.new(-1.3137656651451834e-07, 0.0000036954879760742188, 0.000012994485587114468, 1, -0.000003434717200434534, -0.0000016093250678750337, 0.0000034682441309996648, 0.6627129316329956, 0.7488735318183899, -0.0000014416867770705721, -0.7488736510276794, 0.6627129316329956),
        }},
        {Time = 0.133, Data = {
            ["RightFoot"] = CFrame.new(-6.798654794692993e-08, 2.980232238769531e-07, -1.1102747521363199e-07, 0.9999096989631653, 0.013421829789876938, -0.0007480458589270711, -0.012970293872058392, 0.9486575126647949, -0.31603920459747314, -0.003532108850777149, 0.31602051854133606, 0.948745846748352),
            ["LeftLowerArm"] = CFrame.new(0.000021249055862426758, -5.960464477539063e-08, 5.960464477539063e-08, 1, 0.00003760308027267456, 0.000010266900972055737, -0.000027514997782418504, 0.8677178621292114, -0.49705711007118225, -0.000027611855330178514, 0.4970570504665375, 0.8677178621292114),
            ["RightUpperArm"] = CFrame.new(0, 0, 2.60770320892334e-08, 0.8612385392189026, 0.24277052283287048, -0.4464647173881531, -0.0457930825650692, 0.9120182991027832, 0.40758514404296875, 0.5061336755752563, -0.3305831849575043, 0.7965824604034424),
            ["Head"] = CFrame.new(-9.313225746154785e-09, -1.1920928955078125e-07, 1.3737007975578308e-08, 0.9825692176818848, 0.09507967531681061, 0.15974244475364685, -0.13051147758960724, 0.9647446870803833, 0.22854872047901154, -0.13238030672073364, -0.24541309475898743, 0.9603373408317566),
            ["RightHand"] = CFrame.new(1.4435499906539917e-08, 1.7881393432617188e-07, -1.1920928955078125e-07, 0.9456070065498352, -0.11388757079839706, -0.30472466349601746, 0.18777011334896088, 0.956004798412323, 0.22538253664970398, 0.2656499445438385, -0.27034133672714233, 0.9253894686698914),
            ["UpperTorso"] = CFrame.new(-7.450580596923828e-09, -2.9802322387695312e-08, 1.5832483768463135e-08, 0.9992743134498596, 0.02581028640270233, 0.028011079877614975, -0.03102279268205166, 0.9781906008720398, 0.20537984371185303, -0.02209927886724472, -0.206099733710289, 0.9782814979553223),
            ["HumanoidRootPart"] = CFrame.new(0, 0, 0, 1, 0, 0, 0, 1, 0, 0, 0, 1),
            ["RightUpperLeg"] = CFrame.new(5.960464477539063e-08, 1.587904989719391e-07, 1.0117219062522054e-08, 0.9859678745269775, -0.15337646007537842, -0.06590161472558975, 0.02724790945649147, 0.5373421311378479, -0.8429241180419922, 0.16469639539718628, 0.8293004035949707, 0.5339813232421875),
            ["LeftUpperArm"] = CFrame.new(-5.960464477539063e-08, 0, -5.960464477539063e-08, 0.4171922206878662, 0.32605889439582825, -0.8483138084411621, -0.36965689063072205, 0.9136033058166504, 0.16936010122299194, 0.8302436470985413, 0.24292927980422974, 0.5016781687736511),
            ["RightLowerArm"] = CFrame.new(-1.1920928955078125e-07, 5.364418029785156e-07, 1.7881393432617188e-07, 1, -6.146731834633101e-08, -5.558833038321609e-08, 4.4587068259716034e-08, 0.9971378445625305, -0.07560628652572632, 9.109498932957649e-08, 0.07560644298791885, 0.9971377849578857),
            ["LeftHand"] = CFrame.new(-2.9802322387695312e-08, -5.960464477539063e-08, 1.043081283569336e-07, 0.9585244655609131, 0.08329137414693832, 0.2725684642791748, -0.1006130576133728, 0.9936596155166626, 0.05017735809087753, -0.2666609287261963, -0.07552003115415573, 0.960827112197876),
            ["LeftFoot"] = CFrame.new(-6.224025383971821e-08, -7.771561172376096e-16, -3.300734974232e-08, 0.9827589392662048, -0.17834578454494476, 0.04876253381371498, 0.17327024042606354, 0.7963513135910034, -0.579484224319458, 0.06451643258333206, 0.5779423713684082, 0.8135233521461487),
            ["LowerTorso"] = CFrame.new(-0.06403909623622894, -0.3210865259170532, 0.0010116943158209324, 0.9773316979408264, -0.017473120242357254, -0.2109915316104889, 0.0029656412079930305, 0.9976206421852112, -0.06888014078140259, 0.21169304847717285, 0.0666930302977562, 0.9750580191612244),
            ["RightLowerLeg"] = CFrame.new(-6.146728992462158e-08, -0.000004172325134277344, -0.000012689117284025997, 1, -0.0000025015322080435, -8.083881652964919e-07, 0.000002524814817661536, 0.8413200378417969, 0.5405372977256775, -7.56233760057512e-07, -0.5405373573303223, 0.8413200974464417),
            ["LeftUpperLeg"] = CFrame.new(-5.96045985901128e-08, 8.89413058757782e-08, 1.49013885675231e-08, 0.9474886059761047, 0.21005798876285553, -0.2411247193813324, -0.1310420036315918, 0.9428297877311707, 0.3064311146736145, 0.29170775413513184, -0.2587425112724304, 0.9208468198776245),
            ["LeftLowerLeg"] = CFrame.new(4.5109054269687476e-08, 0.0000036954879760742188, 0.000013061540812486783, 1, -0.000002942979790532263, -0.0000012516976539700408, 0.000003032386302947998, 0.7243743538856506, 0.6894071102142334, -0.0000012479722499847412, -0.6894068121910095, 0.7243741154670715),
        }},
        {Time = 0.167, Data = {
            ["RightFoot"] = CFrame.new(6.146728992462158e-08, 5.364418029785156e-07, -9.612631401978433e-08, 0.9997624754905701, 0.02179616503417492, 0.00003927947545889765, -0.02033490501344204, 0.9333839416503906, -0.35830286145210266, -0.007846401073038578, 0.35821717977523804, 0.9336054921150208),
            ["LeftLowerArm"] = CFrame.new(0.000020742416381835938, -2.980232238769531e-07, -2.9802322387695312e-08, 1, 0.00003567337989807129, -0.000015430150597239845, -0.00002746284008026123, 0.3661626875400543, -0.9305508732795715, -0.000027567148208618164, 0.9305509328842163, 0.36616259813308716),
            ["RightUpperArm"] = CFrame.new(0, 2.384185791015625e-07, 3.725290298461914e-09, 0.8637253642082214, 0.21449613571166992, -0.45603740215301514, -0.04573525860905647, 0.9345303177833557, 0.3529324531555176, 0.5018833875656128, -0.2839798331260681, 0.8169874548912048),
            ["Head"] = CFrame.new(3.725290298461914e-09, -2.384185791015625e-07, -9.709037840366364e-08, 0.9833827614784241, 0.12733174860477448, 0.12940292060375214, -0.15259765088558197, 0.9658889770507812, 0.2092190831899643, -0.09834863245487213, -0.22548902034759521, 0.9692689776420593),
            ["RightHand"] = CFrame.new(2.0489096641540527e-07, -1.1920928955078125e-07, -1.1920928955078125e-07, 0.9669212102890015, -0.14972473680973053, -0.2065090835094452, 0.18690535426139832, 0.9668160676956177, 0.1741640567779541, 0.17357976734638214, -0.2070005089044571, 0.9628192186355591),
            ["UpperTorso"] = CFrame.new(-1.3969838619232178e-09, 2.9802322387695312e-08, 5.122274160385132e-09, 0.9999058842658997, -0.013266876339912415, -0.0034923688508570194, 0.013716842979192734, 0.9711726903915405, 0.2379823476076126, 0.00023441656958311796, -0.2380078285932541, 0.9712632298469543),
            ["HumanoidRootPart"] = CFrame.new(0, 0, 0, 1, 0, 0, 0, 1, 0, 0, 0, 1),
            ["RightUpperLeg"] = CFrame.new(0, 4.842877388000488e-08, 1.3842509360983968e-08, 0.9794053435325623, -0.20190326869487762, -0.0005804186221212149, 0.11153056472539902, 0.5434116125106812, -0.8320245146751404, 0.168303981423378, 0.8148245215415955, 0.5547385215759277),
            ["LeftUpperArm"] = CFrame.new(-5.960464477539063e-08, -3.5762786865234375e-07, -5.21540641784668e-08, 0.3202901780605316, 0.40424469113349915, -0.8567383289337158, -0.473643034696579, 0.8515622019767761, 0.22473163902759552, 0.8204124569892883, 0.3338087499141693, 0.4642146825790405),
            ["RightLowerArm"] = CFrame.new(1.1920928955078125e-07, 0, 2.9802322387695312e-08, 1, -6.89179060486822e-08, 3.3527619791584584e-08, 1.210719347000122e-07, 0.9901696443557739, -0.13987232744693756, -3.4924596548080444e-08, 0.1398724764585495, 0.9901696443557739),
            ["LeftHand"] = CFrame.new(2.086162567138672e-07, -2.384185791015625e-07, 1.1920928955078125e-07, 0.9534173011779785, 0.10567620396614075, 0.28253889083862305, -0.12423604726791382, 0.9910643100738525, 0.04854872450232506, -0.2748837471008301, -0.08138858526945114, 0.9580265283584595),
            ["LeftFoot"] = CFrame.new(-2.8712271671338385e-08, -6.661338147750939e-16, -1.522165291589772e-07, 0.9812607765197754, -0.188380166888237, 0.040500458329916, 0.18706467747688293, 0.8809671998023987, -0.43463021516799927, 0.04619607701897621, 0.43406206369400024, 0.8996978998184204),
            ["LowerTorso"] = CFrame.new(-0.04720040783286095, -0.23585975170135498, 0.0007567884749732912, 0.991763174533844, 0.022104868665337563, -0.12616343796253204, -0.03322051092982292, 0.9956810474395752, -0.0866929441690445, 0.12370222061872482, 0.09017008543014526, 0.9882141351699829),
            ["RightLowerLeg"] = CFrame.new(3.725290298461914e-08, -0.000004172325134277344, -0.000012856755347456783, 1, -0.0000032633527098369086, -0.000001387670181429712, 0.0000032838429433468264, 0.7047682404518127, 0.7094374895095825, -0.0000013038514907748322, -0.7094375491142273, 0.7047684788703918),
            ["LeftUpperLeg"] = CFrame.new(2.270406085358445e-14, 1.150183379650116e-07, 7.450580596923828e-09, 0.9234644174575806, 0.22629524767398834, -0.30984508991241455, -0.09796344488859177, 0.9198499917984009, 0.3798410892486572, 0.37096720933914185, -0.3204162120819092, 0.8716173768043518),
            ["LeftLowerLeg"] = CFrame.new(1.205461899189686e-07, 0.0000040531158447265625, 0.00001299821087741293, 1, -0.0000018328425994695863, -5.513431347026199e-07, 0.0000019371511825738708, 0.8699215650558472, 0.4931902587413788, -4.917383762403915e-07, -0.49319010972976685, 0.8699215054512024),
        }},
        {Time = 0.200, Data = {
            ["RightFoot"] = CFrame.new(-4.470348358154297e-08, 4.172325134277344e-07, -4.024695954285562e-08, 0.9998198747634888, 0.01866130158305168, 0.003467073431238532, -0.016645895317196846, 0.94985431432724, -0.3122490346431732, -0.009120196104049683, 0.3121354281902313, 0.9499940276145935),
            ["LeftLowerArm"] = CFrame.new(0.000020951032638549805, 2.384185791015625e-07, -1.7881393432617188e-07, 1, 0.00002253800630569458, -0.00003164633744745515, -0.000027440484700491652, -0.16853192448616028, -0.9856961965560913, -0.000027507539925863966, 0.9856962561607361, -0.16853190958499908),
            ["RightUpperArm"] = CFrame.new(-5.960464477539063e-08, 4.76837158203125e-07, -5.21540641784668e-08, 0.8765300512313843, 0.13796500861644745, -0.4611515700817108, -0.042927950620651245, 0.976631760597229, 0.210588738322258, 0.47942912578582764, -0.16479121148586273, 0.8619696497917175),
            ["Head"] = CFrame.new(-1.5832483768463135e-08, 3.5762786865234375e-07, -1.0011717677116394e-08, 0.984952986240387, 0.14472973346710205, 0.09445130825042725, -0.16152864694595337, 0.9652678370475769, 0.20534522831439972, -0.061451252549886703, -0.21751192212104797, 0.9741213321685791),
            ["RightHand"] = CFrame.new(6.332993507385254e-08, 5.960464477539063e-08, 4.470348358154297e-08, 0.9805616736412048, -0.17538730800151825, -0.08796659111976624, 0.18487590551376343, 0.9760342836380005, 0.11479595303535461, 0.06572462618350983, -0.12882736325263977, 0.9894866347312927),
            ["UpperTorso"] = CFrame.new(-3.3178366720676422e-09, 3.2782554626464844e-07, -8.447386790066957e-09, 0.9980089664459229, -0.05172842741012573, -0.03608652576804161, 0.059155795723199844, 0.9661614894866943, 0.25106310844421387, 0.02187831699848175, -0.2526979446411133, 0.9672979116439819),
            ["HumanoidRootPart"] = CFrame.new(0, 0, 0, 1, 0, 0, 0, 1, 0, 0, 0, 1),
            ["RightUpperLeg"] = CFrame.new(0, 4.540197551250458e-07, -1.5959813026711345e-08, 0.9771246910095215, -0.20733949542045593, 0.04730552062392235, 0.167484849691391, 0.6131680607795715, -0.7719934582710266, 0.13105854392051697, 0.7622567415237427, 0.6338677406311035),
            ["LeftUpperArm"] = CFrame.new(-5.960464477539063e-08, 3.5762786865234375e-07, -1.1175870895385742e-08, 0.24935343861579895, 0.43572086095809937, -0.864852786064148, -0.5718517303466797, 0.7869822382926941, 0.23161333799362183, 0.7815424799919128, 0.4368138909339905, 0.44540441036224365),
            ["RightLowerArm"] = CFrame.new(1.1920928955078125e-07, 4.172325134277344e-07, -2.682209014892578e-07, 1, -7.823112468940963e-08, 5.0989918065624806e-08, 8.381902460996571e-08, 0.960217297077179, -0.27925392985343933, 2.0489094865183688e-08, 0.2792541980743408, 0.960217297077179),
            ["LeftHand"] = CFrame.new(-1.341104507446289e-07, 1.1920928955078125e-07, -2.086162567138672e-07, 0.9517333507537842, 0.11493674665689468, 0.2845931947231293, -0.13374176621437073, 0.9898780584335327, 0.04748266190290451, -0.2762550115585327, -0.08325275778770447, 0.9574717283248901),
            ["LeftFoot"] = CFrame.new(-1.3302096135703323e-07, -1.1920928955078125e-07, 2.6597074764822537e-08, 0.9780344367027283, -0.20713110268115997, 0.02335590124130249, 0.2048199474811554, 0.9341766238212585, -0.2921695113182068, 0.03869876265525818, 0.2905355989933014, 0.9560813307762146),
            ["LowerTorso"] = CFrame.new(-0.022886358201503754, -0.1505831480026245, 0.0004329351941123605, 0.9973881244659424, 0.06851337850093842, -0.022866569459438324, -0.07053472846746445, 0.9920589923858643, -0.10413357615470886, 0.015550443902611732, 0.10547447949647903, 0.9943004250526428),
            ["RightLowerLeg"] = CFrame.new(-2.9802322387695312e-08, -0.0000040531158447265625, -0.000013048607797827572, 1, -0.000003978608219767921, -0.0000024470498374284944, 0.0000039637093323108274, 0.4750438332557678, 0.8799620270729065, -0.0000023376198896585265, -0.8799622058868408, 0.4750441908836365),
            ["LeftUpperLeg"] = CFrame.new(-5.960463411724959e-08, 4.437752068042755e-07, 4.1911789594450966e-09, 0.9170953035354614, 0.20368745923042297, -0.3427061140537262, -0.07846208661794662, 0.9350332021713257, 0.34576964378356934, 0.3908706307411194, -0.29021430015563965, 0.873496413230896),
            ["LeftLowerLeg"] = CFrame.new(2.7413925351993385e-08, 0.0000040531158447265625, 0.000012990760296816006, 1, -0.0000015795230865478516, -3.650783071407204e-07, 0.0000016018742599044344, 0.9220162034034729, 0.3871510624885559, -3.16649561682425e-07, -0.387151300907135, 0.9220162630081177),
        }},
        {Time = 0.233, Data = {
            ["RightFoot"] = CFrame.new(5.122274160385132e-08, 4.172325134277344e-07, 2.4945620680227876e-08, 0.9999986290931702, 0.0016055080341175199, 0.0005718638421967626, -0.0014552503125742078, 0.9790081977844238, -0.20381568372249603, -0.0008870252640917897, 0.20381465554237366, 0.9790091514587402),
            ["LeftLowerArm"] = CFrame.new(0.000021219253540039062, 2.980232238769531e-07, -2.086162567138672e-07, 1, 0.00001609325408935547, -0.000035436827602097765, -0.000027492642402648926, -0.3534940183162689, -0.9354369044303894, -0.000027477741241455078, 0.9354367852210999, -0.3534940183162689),
            ["RightUpperArm"] = CFrame.new(0, 2.384185791015625e-07, 4.470348358154297e-08, 0.9053070545196533, 0.03299163654446602, -0.4234747886657715, -0.027558788657188416, 0.9994406700134277, 0.018947910517454147, 0.4238629639148712, -0.005483359098434448, 0.9057097434997559),
            ["Head"] = CFrame.new(9.313225746154785e-10, -1.1920928955078125e-07, 1.7229467630386353e-08, 0.9878635406494141, 0.13947540521621704, 0.06835561990737915, -0.15066376328468323, 0.9674427509307861, 0.2033594250679016, -0.037766486406326294, -0.21119001507759094, 0.9767152070999146),
            ["RightHand"] = CFrame.new(-1.862645149230957e-08, 5.960464477539063e-08, -2.9802322387695312e-08, 0.9817270040512085, -0.18737605214118958, 0.0332028791308403, 0.1854034960269928, 0.9811259508132935, 0.05493110418319702, -0.04286901280283928, -0.047771453857421875, 0.9979380369186401),
            ["UpperTorso"] = CFrame.new(-1.862645149230957e-09, -5.960464477539063e-08, 2.7939677238464355e-08, 0.9959279298782349, -0.07640663534402847, -0.04785121977329254, 0.08618468046188354, 0.9626586437225342, 0.2566334307193756, 0.026455892249941826, -0.25971242785453796, 0.9653235673904419),
            ["HumanoidRootPart"] = CFrame.new(0, 0, 0, 1, 0, 0, 0, 1, 0, 0, 0, 1),
            ["RightUpperLeg"] = CFrame.new(-5.960464477539063e-08, 2.561137080192566e-07, 2.6666384655982256e-09, 0.9851820468902588, -0.1712433099746704, 0.009600291028618813, 0.1381068378686905, 0.7588645219802856, -0.6364363431930542, 0.10170008987188339, 0.6283315420150757, 0.7712695598602295),
            ["LeftUpperArm"] = CFrame.new(5.960464477539063e-08, 0, 1.1175870895385742e-08, 0.22971747815608978, 0.3919468820095062, -0.8908466100692749, -0.6539904475212097, 0.7400414943695068, 0.1569562703371048, 0.7207819223403931, 0.5465494990348816, 0.4263298809528351),
            ["RightLowerArm"] = CFrame.new(0, 3.5762786865234375e-07, 6.891787052154541e-08, 1, -8.195638656616211e-08, 6.332994928470725e-08, 1.3224779138454323e-07, 0.7436764240264893, -0.6685395240783691, 6.332992796842518e-08, 0.6685397028923035, 0.7436766028404236),
            ["LeftHand"] = CFrame.new(-1.9371509552001953e-07, 1.1920928955078125e-07, -2.5704503059387207e-07, 0.958868145942688, 0.08250825852155685, 0.27159571647644043, -0.09193697571754456, 0.9955184459686279, 0.022154157981276512, -0.2685506343841553, -0.04621248319745064, 0.9621565341949463),
            ["LeftFoot"] = CFrame.new(1.5990563539958202e-08, -5.960464477539063e-08, 5.639986255800977e-08, 0.9797087907791138, -0.2003411203622818, -0.005841411184519529, 0.19038143754005432, 0.9393243193626404, -0.28535065054893494, 0.06265442073345184, 0.27844828367233276, 0.9584054350852966),
            ["LowerTorso"] = CFrame.new(0.005467843730002642, -0.11165332794189453, 0.00006581662455573678, 0.9927371144294739, 0.10098985582590103, 0.06537797302007675, -0.09306798130273819, 0.989044189453125, -0.11458603292703629, -0.07623373717069626, 0.10766919702291489, 0.9912596940994263),
            ["RightLowerLeg"] = CFrame.new(6.146728992462158e-08, -0.0000036954879760742188, -0.000013028584362473339, 1, -0.000004271044417691883, -0.000002921558916568756, 0.000004313887529860949, 0.3727865517139435, 0.9279171228408813, -0.0000028954830213479, -0.9279171824455261, 0.37278664112091064),
            ["LeftUpperLeg"] = CFrame.new(-5.960457727383073e-08, 2.2444874048233032e-07, 2.2351969164446928e-08, 0.9594079256057739, 0.08202933520078659, -0.2698292136192322, -0.06542372703552246, 0.9954004287719727, 0.0699850544333458, 0.2743288576602936, -0.04949096590280533, 0.960361659526825),
            ["LeftLowerLeg"] = CFrame.new(-1.2561400808408507e-07, 0.0000036954879760742188, 0.000012992622941965237, 1, -0.0000027492642402648926, -9.98377799987793e-07, 0.0000027390196919441223, 0.7788904905319214, 0.6271603107452393, -9.206123650074005e-07, -0.6271600723266602, 0.7788902521133423),
        }},
        {Time = 0.267, Data = {
            ["RightFoot"] = CFrame.new(1.6472768038511276e-08, 1.1920928955078125e-07, -2.5345798349007964e-08, 0.9997612833976746, -0.020427430048584938, -0.007767008151859045, 0.018747111782431602, 0.9842851758003235, -0.17558859288692474, 0.011231755837798119, 0.17540127038955688, 0.9844330549240112),
            ["LeftLowerArm"] = CFrame.new(0.000020772218704223633, 4.76837158203125e-07, 2.9802322387695312e-08, 1, 0.000016123061868711375, -0.00003537908924045041, -0.00002752244472503662, -0.35015469789505005, -0.93669193983078, -0.000027514994144439697, 0.9366919994354248, -0.3501546084880829),
            ["RightUpperArm"] = CFrame.new(0, -3.5762786865234375e-07, 4.470348358154297e-08, 0.947310209274292, -0.06799120455980301, -0.3130185902118683, 0.015401309356093407, 0.9857507348060608, -0.16750630736351013, 0.3199473023414612, 0.15385939180850983, 0.9348587989807129),
            ["Head"] = CFrame.new(-7.450580596923828e-09, -1.1920928955078125e-07, 5.587935447692871e-08, 0.9919866323471069, 0.11007578670978546, 0.062015991657972336, -0.12055354565382004, 0.9715447425842285, 0.20388157665729523, -0.037808891385793686, -0.20972396433353424, 0.9770293831825256),
            ["RightHand"] = CFrame.new(4.470348358154297e-08, -5.960464477539063e-08, 1.6391277313232422e-07, 0.9724858403205872, -0.18753618001937866, 0.13820815086364746, 0.18893326818943024, 0.9819852113723755, 0.003060001879930496, -0.1362922042608261, 0.02313629537820816, 0.9903985261917114),
            ["UpperTorso"] = CFrame.new(3.3993273973464966e-08, -2.980232238769531e-07, 1.862645149230957e-08, 0.9956644177436829, -0.08800438791513443, -0.030127111822366714, 0.09247660636901855, 0.9714139103889465, 0.2186392843723297, 0.010024652816355228, -0.2204773873090744, 0.9753406047821045),
            ["HumanoidRootPart"] = CFrame.new(0, 0, 0, 1, 0, 0, 0, 1, 0, 0, 0, 1),
            ["RightUpperLeg"] = CFrame.new(5.960464477539063e-08, -6.128102540969849e-07, 1.7567799659445882e-08, 0.9887077808380127, -0.1407700926065445, -0.05138872563838959, 0.09246175736188889, 0.8429089188575745, -0.530052125453949, 0.11793151497840881, 0.5193153619766235, 0.8464065194129944),
            ["LeftUpperArm"] = CFrame.new(-5.960464477539063e-08, 0, 1.043081283569336e-07, 0.6711726784706116, 0.22246214747428894, -0.7071335911750793, -0.5572308301925659, 0.7805191278457642, -0.28334417939186096, 0.4888979494571686, 0.5842095017433167, 0.6478257179260254),
            ["RightLowerArm"] = CFrame.new(-1.1920928955078125e-07, 3.5762786865234375e-07, -1.1920928955078125e-07, 1, -7.636847954017867e-08, 1.5925625973522983e-07, 1.578591763973236e-07, 0.09012247622013092, -0.9959307909011841, 8.870847523212433e-08, 0.9959307312965393, 0.09012240916490555),
            ["LeftHand"] = CFrame.new(5.960464477539063e-08, 0, -1.7136335372924805e-07, 0.9700371026992798, 0.0019711561035364866, 0.24294912815093994, 0.008246184326708317, 0.9991239309310913, -0.04103082790970802, -0.24281713366508484, 0.04180492088198662, 0.969170868396759),
            ["LeftFoot"] = CFrame.new(3.834235329236435e-08, 1.1920928955078125e-07, 4.149876886572201e-08, 0.9914608597755432, -0.12885679304599762, -0.020034097135066986, 0.11773288995027542, 0.9505518674850464, -0.2873850166797638, 0.05607493221759796, 0.2825724184513092, 0.9576056599617004),
