return {
    ["I Love It"] = {
        {Time = 0.000, Data = {
            ["LeftFoot"] = CFrame.new(2.2351741790771484e-08, -1.1920928955078125e-07, -1.4901161193847656e-08, 0.9153870940208435, -0.18241779506206512, -0.3588733375072479, 0.27754929661750793, 0.931685209274292, 0.23436933755874634, 0.2916039824485779, -0.3141438961029053, 0.9034827351570129),
            ["LeftLowerArm"] = CFrame.new(1.7881393432617188e-07, -2.384185791015625e-07, -4.470348358154297e-08, 1, -7.729977369308472e-08, -6.798656215778465e-08, 4.6566128730773926e-08, 0.9175072908401489, -0.39771920442581177, -2.60770320892334e-08, 0.39771899580955505, 0.9175072908401489),
            ["RightUpperArm"] = CFrame.new(-2.384185791015625e-07, 0, 1.1175870895385742e-07, 0.9938621520996094, -0.05717926472425461, -0.09470370411872864, 0.0770723819732666, 0.9720038771629333, 0.22196456789970398, 0.07936054468154907, -0.22790122032165527, 0.9704447388648987),
            ["Head"] = CFrame.new(-2.2351741790771484e-08, 2.384185791015625e-07, 1.1175870895385742e-08, 0.9512293934822083, 0.001407511648721993, 0.30848121643066406, 0.19608338177204132, 0.7692233324050903, -0.6081503033638, -0.23814693093299866, 0.6389785408973694, 0.7314318418502808),
            ["RightHand"] = CFrame.new(-2.9802322387695312e-08, -5.960464477539063e-08, 2.9802322387695312e-08, 0.36862102150917053, -0.9235439300537109, 0.10576112568378448, 0.911281943321228, 0.3365556597709656, -0.2372666895389557, 0.1835317313671112, 0.18383954465389252, 0.9656702876091003),
            ["UpperTorso"] = CFrame.new(1.862645149230957e-09, 2.9802322387695312e-08, 3.725290298461914e-09, 0.9992665648460388, 0.03469900041818619, 0.016202012076973915, -0.03817585110664368, 0.9359880685806274, 0.3499557673931122, -0.0030217382591217756, -0.35031765699386597, 0.936626136302948),
            ["HumanoidRootPart"] = CFrame.new(0, 0, 0, 1, 0, 0, 0, 1, 0, 0, 0, 1),
            ["LeftUpperLeg"] = CFrame.new(5.960464477539063e-08, -6.51925802230835e-08, -1.6763806343078613e-08, 0.9313191175460815, 0.15958349406719208, -0.32738029956817627, -0.3130088448524475, 0.8102723956108093, -0.49546360969543457, 0.18619945645332336, 0.5639076828956604, 0.804573118686676),
            ["LeftUpperArm"] = CFrame.new(0, 2.384185791015625e-07, -1.043081283569336e-07, 0.9120523929595947, -0.1071438193321228, 0.3958290219306946, 0.036149803549051285, 0.9825125336647034, 0.18265366554260254, -0.4084772765636444, -0.1522805541753769, 0.8999761939048767),
            ["RightLowerArm"] = CFrame.new(-1.1920928955078125e-07, 1.1920928955078125e-07, -2.384185791015625e-07, 1, -8.195638656616211e-08, -5.215408194203519e-08, 7.450580596923828e-08, 0.9095449447631836, -0.41560569405555725, -8.940696716308594e-08, 0.4156056344509125, 0.9095449447631836),
            ["LeftHand"] = CFrame.new(-6.798654794692993e-08, 1.1920928955078125e-07, 2.421438694000244e-08, 0.4292726218700409, 0.8951942324638367, 0.11980120092630386, -0.8761787414550781, 0.44495031237602234, -0.18528440594673157, -0.21917109191417694, -0.025429505854845047, 0.9753549695014954),
            ["RightFoot"] = CFrame.new(-1.050066202878952e-07, 4.76837158203125e-07, -3.55576048605144e-08, 0.9864206910133362, 0.04116936773061752, 0.15899483859539032, -0.0024821539409458637, 0.9716994166374207, -0.23620738089084625, -0.16421985626220703, 0.23260556161403656, 0.9586066603660583),
            ["LowerTorso"] = CFrame.new(0.09972482919692993, -0.09154117107391357, 0.11791487783193588, 0.9557622671127319, -0.04744686558842659, -0.2902882695198059, 0.05515009164810181, 0.9983083605766296, 0.01840849779546261, 0.28892379999160767, -0.033603571355342865, 0.9567621946334839),
            ["RightLowerLeg"] = CFrame.new(2.421438694000244e-08, 5.960464477539062e-07, 9.145878721028566e-09, 1, -7.264316792543468e-08, -2.5611386789137214e-08, 7.729977369308472e-08, 0.8355617523193359, 0.5493964552879333, -5.029141902923584e-08, -0.5493965744972229, 0.8355618119239807),
            ["RightUpperLeg"] = CFrame.new(0, 1.1548399925231934e-07, 2.438173396512866e-08, 0.9898228049278259, 0.07496781647205353, 0.12095770984888077, -0.03891276568174362, 0.9601762890815735, -0.2766719460487366, -0.13688214123249054, 0.2691492736339569, 0.9533215761184692),
            ["LeftLowerLeg"] = CFrame.new(-2.9802322387695312e-08, 0, 8.940696716308594e-08, 1, 1.4901162970204496e-08, 1.4901164746561335e-08, -5.5879347371501353e-08, 0.4756672978401184, 0.8796254396438599, 0, -0.8796252608299255, 0.47566720843315125),
        }},
        {Time = 0.017, Data = {
            ["LeftFoot"] = CFrame.new(4.470348358154297e-08, 0, -7.450580596923828e-09, 0.9215215444564819, -0.1729983240365982, -0.34766313433647156, 0.2389010637998581, 0.958375096321106, 0.15634439885616302, 0.3061443269252777, -0.2271316647529602, 0.9244927763938904),
            ["LeftLowerArm"] = CFrame.new(1.4901161193847656e-07, 2.384185791015625e-07, 1.7881393432617188e-07, 1, -6.053594603372403e-08, -2.887101047122087e-08, 6.705523958316917e-08, 0.9057794809341431, -0.4237496554851532, -4.842878453814592e-08, 0.4237494468688965, 0.9057794213294983),
            ["RightUpperArm"] = CFrame.new(0, 0, 5.21540641784668e-08, 0.9899348616600037, -0.05006689205765724, -0.13237224519252777, 0.07940642535686493, 0.9707274436950684, 0.22667822241783142, 0.11714822053909302, -0.23490789532661438, 0.9649324417114258),
            ["Head"] = CFrame.new(1.6298145055770874e-08, 0, 1.1920928955078125e-07, 0.9501988291740417, -0.022038955241441727, 0.31086426973342896, 0.217641219496727, 0.7608786821365356, -0.6113066077232361, -0.22305746376514435, 0.64851975440979, 0.727782666683197),
            ["RightHand"] = CFrame.new(0, -1.1920928955078125e-07, -1.1920928955078125e-07, 0.3843085467815399, -0.915045440196991, 0.12246987968683243, 0.9096542000770569, 0.3526757061481476, -0.21942880749702454, 0.15759523212909698, 0.19573351740837097, 0.9679112434387207),
            ["UpperTorso"] = CFrame.new(5.587935447692871e-09, 0, 7.450580596923828e-09, 0.9965776801109314, 0.08108197897672653, 0.016085011884570122, -0.08167759329080582, 0.9359447360038757, 0.3425438106060028, 0.01271948404610157, -0.3426852822303772, 0.9393641948699951),
            ["HumanoidRootPart"] = CFrame.new(0, 0, 0, 1, 0, 0, 0, 1, 0, 0, 0, 1),
            ["LeftUpperLeg"] = CFrame.new(1.1920928955078125e-07, 1.266016624867916e-07, 0, 0.9226593375205994, 0.17432527244091034, -0.3439629077911377, -0.34274107217788696, 0.779496431350708, -0.5243221521377563, 0.17671526968479156, 0.6016611456871033, 0.7789581418037415),
            ["LeftUpperArm"] = CFrame.new(5.960464477539063e-08, -3.5762786865234375e-07, 5.960464477539063e-08, 0.9079376459121704, -0.13906419277191162, 0.3953610956668854, 0.06239205226302147, 0.977682888507843, 0.20060810446739197, -0.4144352972507477, -0.15747226774692535, 0.8963514566421509),
            ["RightLowerArm"] = CFrame.new(0, -1.7881393432617188e-07, -8.940696716308594e-08, 1, -1.4901157641133977e-08, 7.450582373280668e-09, 3.72529100900465e-08, 0.9069404602050781, -0.4212588369846344, -4.4703494239684005e-08, 0.4212587773799896, 0.9069405794143677),
            ["LeftHand"] = CFrame.new(5.21540641784668e-08, -1.1920928955078125e-07, 1.4901161193847656e-08, 0.4560275673866272, 0.8817027807235718, 0.12099252641201019, -0.8701249957084656, 0.4702680706977844, -0.1474124640226364, -0.18687285482883453, -0.03805431351065636, 0.9816467761993408),
            ["RightFoot"] = CFrame.new(-5.3551048040390015e-09, 4.76837158203125e-07, 1.6952981241047382e-09, 0.9827964305877686, 0.01521132979542017, 0.18406462669372559, 0.03599536046385765, 0.9617166519165039, -0.27167144417762756, -0.18115051090717316, 0.2736234962940216, 0.9446243047714233),
            ["LowerTorso"] = CFrame.new(0.09956656396389008, -0.12182307243347168, 0.12703976035118103, 0.9549921751022339, -0.0685049369931221, -0.2886122763156891, 0.08038228005170822, 0.996327817440033, 0.029489649459719658, 0.28553226590156555, -0.051361698657274246, 0.9569917917251587),
            ["RightLowerLeg"] = CFrame.new(-4.1443854570388794e-08, 2.980232238769531e-07, 1.6596459317952394e-08, 1, -7.636847243475131e-08, -1.1175874448099421e-08, 9.406356582530861e-08, 0.79710453748703, 0.6038410067558289, -2.2817399525365545e-08, -0.6038413047790527, 0.7971048951148987),
            ["RightUpperLeg"] = CFrame.new(0, 1.8533319234848022e-07, -5.012407200410962e-08, 0.99213707447052, 0.09775394946336746, 0.07815493643283844, -0.06754875928163528, 0.9439343810081482, -0.3231489658355713, -0.10536220669746399, 0.3153287470340729, 0.9431153535842896),
            ["LeftLowerLeg"] = CFrame.new(4.470348358154297e-08, 5.960464477539063e-08, 2.9802322387695312e-08, 1, 1.4901164746561335e-08, 8.940698137394065e-08, -7.82310962677002e-08, 0.4043843150138855, 0.9145891666412354, 1.1920928955078125e-07, -0.9145892262458801, 0.4043843150138855),
        }},
        {Time = 0.033, Data = {
            ["LeftFoot"] = CFrame.new(-2.9802322387695312e-08, 0, 2.9802322387695312e-08, 0.9238142371177673, -0.18145239353179932, -0.33710888028144836, 0.22484511137008667, 0.9698362350463867, 0.09414158761501312, 0.30985796451568604, -0.1627664566040039, 0.9367470741271973),
            ["LeftLowerArm"] = CFrame.new(-2.9802322387695312e-08, -2.384185791015625e-07, -1.7881393432617188e-07, 1, -5.1222748709278676e-08, -3.492458944265309e-08, 3.72529100900465e-08, 0.8870794177055359, -0.46161678433418274, 4.4703494239684005e-08, 0.4616169035434723, 0.8870794177055359),
            ["RightUpperArm"] = CFrame.new(0, 4.76837158203125e-07, -8.940696716308594e-08, 0.9798451662063599, -0.03743920475244522, -0.19621877372264862, 0.08144275099039078, 0.9718055129051208, 0.22127178311347961, 0.182402104139328, -0.23279276490211487, 0.9552680253982544),
            ["Head"] = CFrame.new(1.1175870895385742e-08, 5.960464477539062e-07, 5.21540641784668e-08, 0.9452135562896729, -0.04251314699649811, 0.3236727714538574, 0.23694512248039246, 0.7713724374771118, -0.5906282067298889, -0.2245628386735916, 0.6349624395370483, 0.7391849756240845),
            ["RightHand"] = CFrame.new(8.940696716308594e-08, 2.384185791015625e-07, -1.1920928955078125e-07, 0.3966275751590729, -0.8998308181762695, 0.18163488805294037, 0.9141246676445007, 0.3690389096736908, -0.16788800060749054, 0.08404048532247543, 0.23262573778629303, 0.9689285159111023),
            ["UpperTorso"] = CFrame.new(2.421438694000244e-08, 8.940696716308594e-08, 2.7939677238464355e-08, 0.991022527217865, 0.130641371011734, 0.02841344103217125, -0.13294318318367004, 0.9404204487800598, 0.31294673681259155, 0.014163262210786343, -0.31391456723213196, 0.949345588684082),
            ["HumanoidRootPart"] = CFrame.new(0, 0, 0, 1, 0, 0, 0, 1, 0, 0, 0, 1),
            ["LeftUpperLeg"] = CFrame.new(-5.960464477539063e-08, -2.1711457520723343e-08, -6.05359673500061e-09, 0.9113198518753052, 0.2078489512205124, -0.3553800582885742, -0.3833467960357666, 0.743193507194519, -0.5483691692352295, 0.15013818442821503, 0.6359735131263733, 0.756965160369873),
            ["LeftUpperArm"] = CFrame.new(0, 3.5762786865234375e-07, -5.960464477539063e-08, 0.8927873373031616, -0.1804439127445221, 0.4127601981163025, 0.09267821162939072, 0.9702428579330444, 0.22369526326656342, -0.44084206223487854, -0.16145838797092438, 0.8829436302185059),
            ["RightLowerArm"] = CFrame.new(2.384185791015625e-07, 0, 8.940696716308594e-08, 1, -2.607702853651972e-08, -4.284083487959833e-08, 6.705523247774181e-08, 0.9097597002983093, -0.41513535380363464, 2.980232594040899e-08, 0.4151354134082794, 0.9097597002983093),
            ["LeftHand"] = CFrame.new(-9.313225746154785e-09, 5.960464477539063e-08, -1.4901161193847656e-08, 0.4933294653892517, 0.8656896948814392, 0.08489803224802017, -0.8610106706619263, 0.4998619556427002, -0.09380015730857849, -0.1236390620470047, -0.026823772117495537, 0.9919646978378296),
            ["RightFoot"] = CFrame.new(3.702007234096527e-08, 2.980232238769531e-07, -4.300818545743823e-08, 0.9858077764511108, 0.00828118622303009, 0.16767442226409912, 0.039154186844825745, 0.9598965048789978, -0.27760687470436096, -0.16324888169765472, 0.2802325189113617, 0.945949137210846),
            ["LowerTorso"] = CFrame.new(0.10395638644695282, -0.14472925662994385, 0.1371200978755951, 0.9502755999565125, -0.09220277518033981, -0.29744768142700195, 0.11269757896661758, 0.9922431707382202, 0.05246690288186073, 0.2903028726577759, -0.08337964862585068, 0.9532954096794128),
            ["RightLowerLeg"] = CFrame.new(1.3504177331924438e-08, -5.960464477539063e-08, 1.6952981241047382e-09, 1, -1.0523946514240379e-07, -1.932494519962802e-08, 1.010484851349247e-07, 0.7786929607391357, 0.6274048089981079, -3.5157423639020635e-08, -0.6274052262306213, 0.7786932587623596),
            ["RightUpperLeg"] = CFrame.new(0, -2.0489096641540527e-08, 5.790934665128589e-08, 0.9863476753234863, 0.14135593175888062, 0.08448000997304916, -0.10060886293649673, 0.9234007596969604, -0.3704175055027008, -0.130369633436203, 0.356860876083374, 0.9250156879425049),
            ["LeftLowerLeg"] = CFrame.new(-2.9802322387695312e-08, -1.1920928955078125e-07, -1.043081283569336e-07, 1, 2.980232949312267e-08, 1.043081283569336e-07, -9.685754776000977e-08, 0.3505743443965912, 0.9365348815917969, 1.043081283569336e-07, -0.9365350008010864, 0.3505743443965912),
        }},
        {Time = 0.050, Data = {
            ["LeftFoot"] = CFrame.new(2.9802322387695312e-08, 5.960464477539063e-08, -5.21540641784668e-08, 0.9230230450630188, -0.19169026613235474, -0.3335917294025421, 0.21800768375396729, 0.9750015735626221, 0.042949724942445755, 0.3170193135738373, -0.11236916482448578, 0.9417388439178467),
            ["LeftLowerArm"] = CFrame.new(2.9802322387695312e-08, 5.960464477539063e-08, -2.2351741790771484e-07, 1, -6.332992796842518e-08, -5.215404996761208e-08, 4.516913776342335e-08, 0.8819742798805237, -0.47129756212234497, -7.4505797087454084e-09, 0.47129765152931213, 0.8819742202758789),
            ["RightUpperArm"] = CFrame.new(2.384185791015625e-07, 0, -3.5390257835388184e-08, 0.9786537289619446, -0.028838658705353737, -0.20348306000232697, 0.07020232081413269, 0.977459728717804, 0.19910821318626404, 0.19315442442893982, -0.2091429978609085, 0.9586191773414612),
            ["Head"] = CFrame.new(2.2351741790771484e-08, 1.1920928955078125e-07, -1.2665987014770508e-07, 0.9391206502914429, -0.024294249713420868, 0.3427278399467468, 0.22523155808448792, 0.7968093156814575, -0.5606830716133118, -0.25946739315986633, 0.603742241859436, 0.7537720799446106),
            ["RightHand"] = CFrame.new(0, 1.1920928955078125e-07, 1.1920928955078125e-07, 0.3686697781085968, -0.9139204621315002, 0.16980041563510895, 0.9255061745643616, 0.3438440263271332, -0.15877537429332733, 0.0867232158780098, 0.21568691730499268, 0.9726037979125977),
            ["UpperTorso"] = CFrame.new(1.4901161193847656e-08, 2.9802322387695312e-08, 3.725290298461914e-08, 0.9888941645622253, 0.1422245055437088, 0.04313633590936661, -0.1486039161682129, 0.9416595101356506, 0.30198413133621216, 0.002329760929569602, -0.3050406575202942, 0.9523365497589111),
            ["HumanoidRootPart"] = CFrame.new(0, 0, 0, 1, 0, 0, 0, 1, 0, 0, 0, 1),
            ["LeftUpperLeg"] = CFrame.new(0, 1.4237593859434128e-07, 4.0978193283081055e-08, 0.9075122475624084, 0.23700866103172302, -0.3467685282230377, -0.39980021119117737, 0.74052894115448, -0.5401634573936462, 0.12876863777637482, 0.6288432478904724, 0.76679527759552),
            ["LeftUpperArm"] = CFrame.new(0, -1.1920928955078125e-07, -7.450580596923828e-08, 0.8953830003738403, -0.19420379400253296, 0.40071725845336914, 0.10740771144628525, 0.9675073027610779, 0.22889579832553864, -0.43214917182922363, -0.16190935671329498, 0.8871485590934753),
            ["RightLowerArm"] = CFrame.new(0, -4.76837158203125e-07, 5.960464477539063e-08, 1, -5.681067705154419e-08, -7.823107495141812e-08, 2.2351738238057806e-08, 0.9297053813934326, -0.36830392479896545, -1.4901159417490817e-08, 0.3683040738105774, 0.9297055006027222),
            ["LeftHand"] = CFrame.new(-7.82310962677002e-08, -1.1920928955078125e-07, -1.4901161193847656e-08, 0.486276775598526, 0.8701443672180176, 0.07989834994077682, -0.865999162197113, 0.49210846424102783, -0.08874055743217468, -0.11653570830821991, -0.026039373129606247, 0.9928451180458069),
            ["RightFoot"] = CFrame.new(9.941868484020233e-08, 3.5762786865234375e-07, -2.8107024263590574e-08, 0.9852147698402405, 0.010642159730196, 0.1709931194782257, 0.037586722522974014, 0.9603267908096313, -0.27633243799209595, -0.16714979708194733, 0.27867406606674194, 0.9457282423973083),
            ["LowerTorso"] = CFrame.new(0.1092035323381424, -0.1559457778930664, 0.1382467895746231, 0.9414823651313782, -0.10167133063077927, -0.3213628828525543, 0.125837504863739, 0.9905090928077698, 0.05528758466243744, 0.31269168853759766, -0.0924917683005333, 0.9453408718109131),
            ["RightLowerLeg"] = CFrame.new(-2.491287887096405e-08, 2.980232238769531e-07, -8.398637874051929e-08, 1, -1.0360963642597198e-07, -1.0826625818083357e-08, 9.406358003616333e-08, 0.7663528919219971, 0.6424194574356079, -6.076879799365997e-08, -0.6424198150634766, 0.7663532495498657),
            ["RightUpperLeg"] = CFrame.new(0, 2.9243528842926025e-07, 2.0656443666666746e-08, 0.9818545579910278, 0.16318921744823456, 0.09659731388092041, -0.11302144825458527, 0.9125979542732239, -0.392926424741745, -0.15227603912353516, 0.3748789429664612, 0.9144823551177979),
            ["LeftLowerLeg"] = CFrame.new(-2.9802322387695312e-08, -1.1920928955078125e-07, -2.9802322387695312e-08, 1, 1.0430815677864302e-07, 5.960465188081798e-08, -5.587936158235607e-08, 0.3343725800514221, 0.9424409866333008, 1.0430814256778831e-07, -0.9424409866333008, 0.3343726098537445),
        }},
        {Time = 0.067, Data = {
            ["LeftFoot"] = CFrame.new(-2.9802322387695312e-08, 5.960464477539063e-08, 2.2351741790771484e-08, 0.9208884239196777, -0.21133708953857422, -0.3275686800479889, 0.23181194067001343, 0.9724574089050293, 0.024289434775710106, 0.313413143157959, -0.09830217063426971, 0.9445152282714844),
            ["LeftLowerArm"] = CFrame.new(-1.4901161193847656e-07, 3.5762786865234375e-07, -1.1175870895385742e-07, 1, -5.029141902923584e-08, -3.0733637856883433e-08, 5.029141902923584e-08, 0.8771770596504211, -0.48016712069511414, -2.0489096641540527e-08, 0.4801672399044037, 0.8771770000457764),
            ["RightUpperArm"] = CFrame.new(-1.7881393432617188e-07, 3.5762786865234375e-07, 1.0617077350616455e-07, 0.9814444780349731, -0.011151105165481567, -0.19142208993434906, 0.0493328683078289, 0.9793856143951416, 0.19588270783424377, 0.18529178202152252, -0.20169147849082947, 0.9617627263069153),
            ["Head"] = CFrame.new(-2.2351741790771484e-08, 2.384185791015625e-07, -2.9802322387695312e-08, 0.9391429424285889, 0.0023661861196160316, 0.34351834654808044, 0.19619682431221008, 0.8171486258506775, -0.5420101284980774, -0.2819879949092865, 0.5764222741127014, 0.7669552564620972),
            ["RightHand"] = CFrame.new(0, 0, 2.9802322387695312e-08, 0.3269427418708801, -0.9388175010681152, 0.10830602794885635, 0.9353092312812805, 0.30503585934638977, -0.179303839802742, 0.1352963149547577, 0.15992161631584167, 0.9778138995170593),
            ["UpperTorso"] = CFrame.new(1.862645149230957e-08, 8.940696716308594e-08, 0, 0.9913721680641174, 0.12041215598583221, 0.051790930330753326, -0.13060370087623596, 0.940985918045044, 0.3122312128543854, -0.011138129979372025, -0.3163013756275177, 0.9485934376716614),
            ["HumanoidRootPart"] = CFrame.new(0, 0, 0, 1, 0, 0, 0, 1, 0, 0, 0, 1),
            ["LeftUpperLeg"] = CFrame.new(-5.960464477539063e-08, -4.6798959374427795e-08, 3.725290298461914e-09, 0.9126962423324585, 0.24595384299755096, -0.3263317048549652, -0.38764137029647827, 0.773806631565094, -0.500956654548645, 0.12930545210838318, 0.5837208032608032, 0.801592230796814),
            ["LeftUpperArm"] = CFrame.new(0, 3.5762786865234375e-07, 8.940696716308594e-08, 0.9123178124427795, -0.18638230860233307, 0.3646062910556793, 0.10574588924646378, 0.9674411416053772, 0.22994671761989594, -0.39559322595596313, -0.17122897505760193, 0.9023229479789734),
            ["RightLowerArm"] = CFrame.new(0, 0, 5.960464477539063e-08, 1, -8.00937343115038e-08, -4.4703469370688254e-08, 7.4505797087454084e-09, 0.9349149465560913, -0.354871928691864, -2.2351738238057806e-08, 0.3548719882965088, 0.9349149465560913),
            ["LeftHand"] = CFrame.new(1.0058283805847168e-07, -2.980232238769531e-07, 7.450580596923828e-09, 0.44899213314056396, 0.8899883031845093, 0.07954293489456177, -0.8837841749191284, 0.45544490218162537, -0.10721743106842041, -0.13164958357810974, -0.02215879037976265, 0.9910486936569214),
            ["RightFoot"] = CFrame.new(2.852175384759903e-08, 2.384185791015625e-07, 1.6596459317952394e-08, 0.9824044704437256, 0.012918885797262192, 0.186318501830101, 0.03899749368429184, 0.9614260196685791, -0.2722853422164917, -0.18264919519424438, 0.2747604250907898, 0.9440053701400757),
            ["LowerTorso"] = CFrame.new(0.11329376697540283, -0.1537032127380371, 0.12947584688663483, 0.933006763458252, -0.09675131738185883, -0.3466087281703949, 0.11655638366937637, 0.992505669593811, 0.03670327737927437, 0.34046000242233276, -0.07464386522769928, 0.9372915625572205),
            ["RightLowerLeg"] = CFrame.new(-6.239861249923706e-08, 5.960464477539063e-08, 4.8261426854878664e-08, 1, -8.870850365383376e-08, -2.1071171474318362e-08, 1.0035002162567253e-07, 0.7581555247306824, 0.6520731449127197, -1.3387763786454343e-08, -0.6520738005638123, 0.7581560015678406),
            ["RightUpperLeg"] = CFrame.new(1.1920928955078125e-07, -1.5459954738616943e-07, -6.129994289949536e-08, 0.9811248183250427, 0.15928535163402557, 0.10964702069759369, -0.10568786412477493, 0.9165287017822266, -0.3857530653476715, -0.1619393527507782, 0.3668833374977112, 0.9160634875297546),
            ["LeftLowerLeg"] = CFrame.new(1.4901161193847656e-08, -2.980232238769531e-07, -5.960464477539063e-08, 1, 2.980232594040899e-08, 5.960464477539063e-08, -1.4901162970204496e-08, 0.35920950770378113, 0.933256983757019, 5.960465188081798e-08, -0.9332570433616638, 0.35920965671539307),
        }},
        {Time = 0.083, Data = {
            ["LeftFoot"] = CFrame.new(4.842877388000488e-08, 0, -1.4901161193847656e-08, 0.91976398229599, -0.2293573021888733, -0.31847938895225525, 0.2552606463432312, 0.9659802317619324, 0.04152483120560646, 0.29812103509902954, -0.11948845535516739, 0.9470199346542358),
            ["LeftLowerArm"] = CFrame.new(-2.086162567138672e-07, -2.980232238769531e-07, -2.60770320892334e-08, 1, -2.8987404476765732e-08, 2.671731280656786e-08, 3.888272104290991e-08, 0.8745157718658447, -0.4849971532821655, 4.656613428188905e-10, 0.48499709367752075, 0.8745157718658447),
            ["RightUpperArm"] = CFrame.new(0, -5.960464477539062e-07, -1.3597309589385986e-07, 0.983832061290741, 0.006868881639093161, -0.1789616346359253, 0.02911992371082306, 0.979831337928772, 0.1976928859949112, 0.1767100840806961, -0.19970807433128357, 0.9637895822525024),
            ["Head"] = CFrame.new(6.984919309616089e-10, -2.384185791015625e-07, -1.4901161193847656e-08, 0.9433776140213013, 0.023750565946102142, 0.3308694660663605, 0.16428445279598236, 0.8330702781677246, -0.5282087326049805, -0.28818279504776, 0.5526571273803711, 0.7819981575012207),
            ["RightHand"] = CFrame.new(4.470348358154297e-08, -5.960464477539063e-08, -2.9802322387695312e-08, 0.30758199095726013, -0.9490581154823303, 0.06842635571956635, 0.9380100965499878, 0.2903535068035126, -0.1892930269241333, 0.15978218615055084, 0.12240771949291229, 0.9795335531234741),
            ["UpperTorso"] = CFrame.new(-2.9802322387695312e-08, -2.9802322387695312e-08, 5.587935447692871e-09, 0.995330810546875, 0.0826367735862732, 0.04987892881035805, -0.09424958378076553, 0.9435637593269348, 0.31749722361564636, -0.02082698792219162, -0.3207157850265503, 0.9469465613365173),
            ["HumanoidRootPart"] = CFrame.new(0, 0, 0, 1, 0, 0, 0, 1, 0, 0, 0, 1),
            ["LeftUpperLeg"] = CFrame.new(-5.960464477539063e-08, -1.0244548320770264e-07, 3.725290298461914e-09, 0.9232556819915771, 0.23604872822761536, -0.30311718583106995, -0.357411652803421, 0.8171088695526123, -0.4523162841796875, 0.14091099798679352, 0.5259411334991455, 0.8387669920921326),
            ["LeftUpperArm"] = CFrame.new(1.1920928955078125e-07, -4.76837158203125e-07, 8.940696716308594e-08, 0.9387639164924622, -0.15527749061584473, 0.3075893223285675, 0.08462361991405487, 0.9692594408988953, 0.2310306280851364, -0.33400776982307434, -0.1908540576696396, 0.9230459332466125),
            ["RightLowerArm"] = CFrame.new(2.384185791015625e-07, -4.172325134277344e-07, 2.086162567138672e-07, 1, -5.4016702222270396e-08, -1.1175870895385742e-08, 7.450580596923828e-09, 0.9392410516738892, -0.3432583808898926, 1.1175870895385742e-08, 0.34325850009918213, 0.9392410516738892),
            ["LeftHand"] = CFrame.new(-1.237494871020317e-07, 5.960464477539062e-07, -9.19681042432785e-09, 0.43310970067977905, 0.8988490104675293, 0.06698258221149445, -0.891851544380188, 0.4381200671195984, -0.11248001456260681, -0.13044892251491547, -0.011022238992154598, 0.9913937449455261),
            ["RightFoot"] = CFrame.new(9.441282600164413e-08, 2.980232238769531e-07, 3.894820110872388e-08, 0.9797486066818237, 0.018431223928928375, 0.1993812918663025, 0.035525474697351456, 0.9639558792114258, -0.26368004083633423, -0.19705495238304138, 0.265423446893692, 0.9437795877456665),
            ["LowerTorso"] = CFrame.new(0.1172349750995636, -0.13886427879333496, 0.11444543302059174, 0.9281255602836609, -0.0813753753900528, -0.36326444149017334, 0.09360530227422714, 0.9954783320426941, 0.01615920662879944, 0.36030685901641846, -0.04900125414133072, 0.9315460324287415),
            ["RightLowerLeg"] = CFrame.new(8.521601557731628e-08, 1.1920928955078125e-07, -2.2519088815897703e-08, 1, -1.0663647032060908e-07, -2.6775531125622365e-08, 1.0197980770954018e-07, 0.763197124004364, 0.6461654305458069, -3.527383896084757e-08, -0.6461658477783203, 0.7631974220275879),
            ["RightUpperLeg"] = CFrame.new(5.960464477539063e-08, -2.4959444999694824e-07, -9.145878721028566e-09, 0.9824202656745911, 0.1385020613670349, 0.12517040967941284, -0.08531992137432098, 0.9294907450675964, -0.35884183645248413, -0.16604508459568024, 0.34185391664505005, 0.9249675869941711),
            ["LeftLowerLeg"] = CFrame.new(-1.341104507446289e-07, -1.7881393432617188e-07, 5.960464477539063e-08, 1, 0, 2.980232949312267e-08, -4.470347647611561e-08, 0.4121561050415039, 0.911113440990448, 8.195637946073475e-08, -0.9111132621765137, 0.41215598583221436),
        }},
        {Time = 0.100, Data = {
            ["LeftFoot"] = CFrame.new(2.2351741790771484e-08, -1.1920928955078125e-07, 1.4901161193847656e-08, 0.9173780083656311, -0.246234729886055, -0.31270715594291687, 0.2870798110961914, 0.9535410404205322, 0.09134980291128159, 0.2756858468055725, -0.1735743135213852, 0.945446789264679),
            ["LeftLowerArm"] = CFrame.new(-2.9802322387695312e-08, 3.5762786865234375e-07, -2.980232238769531e-07, 1, -2.3283059036316445e-08, 1.3969838619232178e-09, 5.8673329306202504e-08, 0.8670724034309387, -0.4981822073459625, -2.1420420992512845e-08, 0.49818217754364014, 0.8670724034309387),
            ["RightUpperArm"] = CFrame.new(0, 0, 1.0803341865539551e-07, 0.9879206418991089, 0.017166754230856895, -0.15400663018226624, 0.011631145142018795, 0.9828267097473145, 0.18416456878185272, 0.15452326834201813, -0.1837312877178192, 0.9707551002502441),
            ["Head"] = CFrame.new(-7.450580596923828e-09, -2.384185791015625e-07, -1.1175870895385742e-07, 0.9464185833930969, 0.04562139883637428, 0.3197040855884552, 0.13117541372776031, 0.8503190279006958, -0.5096573829650879, -0.29510173201560974, 0.5242865085601807, 0.7987732887268066),
            ["RightHand"] = CFrame.new(5.960464477539063e-08, -1.1920928955078125e-07, -2.9802322387695312e-08, 0.2998431622982025, -0.9526015520095825, 0.051424313336610794, 0.9376896023750305, 0.28437015414237976, -0.19967932999134064, 0.175591379404068, 0.10809244215488434, 0.9785110354423523),
            ["UpperTorso"] = CFrame.new(2.2351741790771484e-08, -1.1920928955078125e-07, 1.1175870895385742e-08, 0.998497486114502, 0.04379859194159508, 0.03293418884277344, -0.05199925974011421, 0.9469300508499146, 0.31720587611198425, -0.017293212935328484, -0.31844180822372437, 0.9477847218513489),
            ["HumanoidRootPart"] = CFrame.new(0, 0, 0, 1, 0, 0, 0, 1, 0, 0, 0, 1),
            ["LeftUpperLeg"] = CFrame.new(8.940696716308594e-08, -3.575114533305168e-07, 1.3969838619232178e-09, 0.9330216646194458, 0.21580569446086884, -0.28792139887809753, -0.3219238817691803, 0.8581000566482544, -0.4000367820262909, 0.16073505580425262, 0.46593177318573, 0.8700987696647644),
            ["LeftUpperArm"] = CFrame.new(5.960464477539063e-08, 0, -1.1920928955078125e-07, 0.9631060361862183, -0.11518808454275131, 0.2432253509759903, 0.05551041290163994, 0.9693647027015686, 0.23927146196365356, -0.2633352279663086, -0.21694213151931763, 0.9399950504302979),
            ["RightLowerArm"] = CFrame.new(-1.7881393432617188e-07, -1.1920928955078125e-07, 1.4901161193847656e-07, 1, 9.313221305262687e-09, 5.681068415697155e-08, 8.195638656616211e-08, 0.9525275826454163, -0.3044523298740387, -7.82310962677002e-08, 0.30445238947868347, 0.952527642250061),
            ["LeftHand"] = CFrame.new(1.8067657947540283e-07, -2.384185791015625e-07, 7.450580596923828e-09, 0.436845064163208, 0.897778332233429, 0.05621898174285889, -0.8913416266441345, 0.4404359757900238, -0.10736013203859329, -0.12114640325307846, -0.003210564609616995, 0.9926294684410095),
            ["RightFoot"] = CFrame.new(-1.221778802573681e-07, 1.1920928955078125e-07, 6.129994289949536e-08, 0.9776170253753662, 0.019463013857603073, 0.2094905823469162, 0.03411247208714485, 0.9678736925125122, -0.24911226332187653, -0.20760896801948547, 0.2506829798221588, 0.9455457925796509),
            ["LowerTorso"] = CFrame.new(0.12308388948440552, -0.11398577690124512, 0.09574085474014282, 0.9281489849090576, -0.06283669173717499, -0.3668665587902069, 0.0662672147154808, 0.9977967143058777, -0.003250198205932975, 0.3662624657154083, -0.02129456028342247, 0.9302679300308228),
            ["RightLowerLeg"] = CFrame.new(-7.2177499532699585e-09, 2.980232238769531e-07, -2.438173396512866e-08, 1, -8.428467168641873e-08, -3.690367122999305e-08, 9.96515154838562e-08, 0.7858836650848389, 0.6183744668960571, -2.9336661100387573e-08, -0.6183744072914124, 0.7858837246894836),
            ["RightUpperLeg"] = CFrame.new(5.960464477539063e-08, -3.0407682061195374e-07, -4.639878170564771e-08, 0.9855347871780396, 0.10782849788665771, 0.13074465095996857, -0.06263883411884308, 0.9486116170883179, -0.3101816475391388, -0.15747235715389252, 0.2975050210952759, 0.9416438937187195),
            ["LeftLowerLeg"] = CFrame.new(-2.9802322387695312e-08, -1.7881393432617188e-07, -7.450580596923828e-08, 1, 7.4505820180093e-08, 2.980232949312267e-08, -7.450581307466564e-08, 0.48187971115112305, 0.8762375116348267, 8.940698137394065e-08, -0.8762375116348267, 0.4818795919418335),
        }},
        {Time = 0.117, Data = {
            ["LeftFoot"] = CFrame.new(2.2351741790771484e-08, 0, 7.450580596923828e-08, 0.9151101112365723, -0.24908675253391266, -0.31706327199935913, 0.3126910924911499, 0.934870719909668, 0.16805097460746765, 0.25455403327941895, -0.252928227186203, 0.9333969354629517),
            ["LeftLowerArm"] = CFrame.new(-5.960464477539063e-08, -1.1920928955078125e-07, -1.4901161193847656e-07, 1, -6.298067489751702e-08, -2.3428579964956953e-08, 4.097818262494002e-08, 0.8635960817337036, -0.5041845440864563, -2.4214381610931923e-08, 0.5041844248771667, 0.8635959029197693),
            ["RightUpperArm"] = CFrame.new(0, -3.5762786865234375e-07, -1.043081283569336e-07, 0.9901934862136841, 0.0315600261092186, -0.1360912173986435, -0.008110562339425087, 0.9854922294616699, 0.16952680051326752, 0.1394672393798828, -0.16676028072834015, 0.9760839939117432),
            ["Head"] = CFrame.new(7.450580596923828e-09, -2.384185791015625e-07, 0, 0.9477328062057495, 0.0684208944439888, 0.3116428256034851, 0.09416108578443527, 0.8732573986053467, -0.4780746102333069, -0.30485469102859497, 0.48243165016174316, 0.8211719989776611),
            ["RightHand"] = CFrame.new(-1.6391277313232422e-07, -2.384185791015625e-07, -1.4901161193847656e-07, 0.27918028831481934, -0.9585307836532593, 0.05724798142910004, 0.943000316619873, 0.2624346613883972, -0.20464244484901428, 0.1811322569847107, 0.11111703515052795, 0.9771612882614136),
            ["UpperTorso"] = CFrame.new(-9.313225746154785e-09, 2.384185791015625e-07, 7.450580596923828e-09, 0.9999274611473083, 0.006070849485695362, 0.010402251034975052, -0.008956501260399818, 0.9522414207458496, 0.3052150011062622, -0.008052569814026356, -0.3052860200405121, 0.9522266983985901),
            ["HumanoidRootPart"] = CFrame.new(0, 0, 0, 1, 0, 0, 0, 1, 0, 0, 0, 1),
            ["LeftUpperLeg"] = CFrame.new(2.9802322387695312e-08, 1.996086211875081e-07, 1.1175870895385742e-08, 0.942832350730896, 0.19761785864830017, -0.26835495233535767, -0.28836435079574585, 0.8874168992042542, -0.35963502526283264, 0.1670723855495453, 0.4164595603942871, 0.8936712741851807),
            ["LeftUpperArm"] = CFrame.new(5.960464477539063e-08, -1.1920928955078125e-07, -1.1920928955078125e-07, 0.9745427370071411, -0.07775001227855682, 0.2102890908718109, 0.02408883348107338, 0.9688259959220886, 0.24656851589679718, -0.2229042798280716, -0.23522573709487915, 0.9460351467132568),
            ["RightLowerArm"] = CFrame.new(1.1920928955078125e-07, -5.960464477539063e-08, 5.960464477539063e-08, 1, -7.450579175838357e-08, 4.9360089349193004e-08, 4.0978189730367376e-08, 0.9647524952888489, -0.2631590664386749, -4.284083487959833e-08, 0.263158917427063, 0.9647524356842041),
            ["LeftHand"] = CFrame.new(-1.1175870895385742e-08, 1.1920928955078125e-07, -4.470348358154297e-08, 0.4433952271938324, 0.8959876298904419, 0.024634946137666702, -0.8904674053192139, 0.4434678256511688, -0.10200005024671555, -0.10231571644544601, 0.023289918899536133, 0.9944794178009033),
            ["RightFoot"] = CFrame.new(6.446498446166515e-09, 4.172325134277344e-07, -3.55576048605144e-08, 0.9791836142539978, 0.017699573189020157, 0.20220299065113068, 0.028968065977096558, 0.9738075733184814, -0.22552073001861572, -0.20089858770370483, 0.22668392956256866, 0.9530237913131714),
            ["LowerTorso"] = CFrame.new(0.1304633617401123, -0.08418095111846924, 0.0770229920744896, 0.9316510558128357, -0.04210403561592102, -0.3609065115451813, 0.038712698966264725, 0.999112069606781, -0.01662459224462509, 0.3612860143184662, 0.0015166536904871464, 0.9324538111686707),
            ["RightLowerLeg"] = CFrame.new(1.0014628060162067e-07, 2.980232238769531e-07, -9.516224963590503e-08, 1, -9.033831105398349e-08, -5.187031248965468e-08, 8.766073733568192e-08, 0.8167783617973328, 0.5769512057304382, -6.052869139239192e-08, -0.5769515037536621, 0.8167786598205566),
            ["RightUpperLeg"] = CFrame.new(-2.9802322387695312e-08, 2.924061845988035e-07, 2.029992174357176e-09, 0.9872088432312012, 0.07868120819330215, 0.1386653035879135, -0.04106598719954491, 0.9658844470977783, -0.25569701194763184, -0.15405315160751343, 0.2467317283153534, 0.9567606449127197),
            ["LeftLowerLeg"] = CFrame.new(-1.4901161193847656e-08, 0, -1.1920928955078125e-07, 1, 4.4703494239684005e-08, 5.960465898624534e-08, -9.010545909404755e-08, 0.5526936650276184, 0.8333847522735596, 6.705522537231445e-08, -0.8333845734596252, 0.552693247795105),
        }},
        {Time = 0.133, Data = {
            ["LeftFoot"] = CFrame.new(-4.470348358154297e-08, 0, 4.470348358154297e-08, 0.9152421355247498, -0.23529452085494995, -0.32706061005592346, 0.32490062713623047, 0.911069929599762, 0.25375398993492126, 0.23826807737350464, -0.3385085463523865, 0.9102969169616699),
            ["LeftLowerArm"] = CFrame.new(0, 0, 1.4901161193847656e-07, 1, -6.123445928096771e-08, -1.167791019440756e-08, 4.842877388000488e-08, 0.8650429844856262, -0.5016977190971375, -4.423782229423523e-08, 0.5016977190971375, 0.8650429844856262),
            ["RightUpperArm"] = CFrame.new(-1.1920928955078125e-07, -1.1920928955078125e-07, 2.905726432800293e-07, 0.9891855716705322, 0.0475042350590229, -0.13876350224018097, -0.024158872663974762, 0.9859457015991211, 0.16531012952327728, 0.14466629922389984, -0.16017000377178192, 0.9764309525489807),
            ["Head"] = CFrame.new(-7.450580596923828e-09, -3.5762786865234375e-07, 9.685754776000977e-08, 0.9469362497329712, 0.08838469535112381, 0.30903053283691406, 0.06009308993816376, 0.8958144783973694, -0.4403468072414398, -0.31575387716293335, 0.4355510473251343, 0.8429679870605469),
            ["RightHand"] = CFrame.new(8.940696716308594e-08, 5.960464477539063e-08, 2.9802322387695312e-08, 0.25661569833755493, -0.9634441137313843, 0.07696738839149475, 0.9494791030883789, 0.23640714585781097, -0.20640024542808533, 0.1806594580411911, 0.12604445219039917, 0.9754357933998108),
            ["UpperTorso"] = CFrame.new(-7.450580596923828e-09, 2.980232238769531e-07, 0, 0.999588131904602, -0.025368865579366684, -0.01342054083943367, 0.02813000977039337, 0.9587526917457581, 0.28284624218940735, 0.0056915185414254665, -0.28310728073120117, 0.9590713977813721),
            ["HumanoidRootPart"] = CFrame.new(0, 0, 0, 1, 0, 0, 0, 1, 0, 0, 0, 1),
            ["LeftUpperLeg"] = CFrame.new(0, 2.0209699869155884e-07, 0, 0.9521465301513672, 0.18516434729099274, -0.24316911399364471, -0.26135939359664917, 0.9057255983352661, -0.33369508385658264, 0.1584560126066208, 0.38128113746643066, 0.9107779860496521),
            ["LeftUpperArm"] = CFrame.new(0, -1.1920928955078125e-07, 1.7881393432617188e-07, 0.9806355834007263, -0.042501259595155716, 0.19117425382137299, -0.007404887117445469, 0.9674227833747864, 0.2530580759048462, -0.19570158421993256, -0.24957332015037537, 0.9483744502067566),
            ["RightLowerArm"] = CFrame.new(-5.960464477539063e-08, -3.5762786865234375e-07, -1.1920928955078125e-07, 1, -4.470348358154297e-08, -4.6566135836201283e-08, 3.352760913344355e-08, 0.9713529348373413, -0.23764169216156006, -9.872017869838601e-08, 0.23764172196388245, 0.9713529944419861),
            ["LeftHand"] = CFrame.new(5.960464477539063e-08, -1.1920928955078125e-07, 1.1641532182693481e-08, 0.4358094334602356, 0.9000360369682312, 0.0023373120930045843, -0.8944308161735535, 0.4333817958831787, -0.11033482849597931, -0.10031821578741074, 0.04599441960453987, 0.9938917756080627),
            ["RightFoot"] = CFrame.new(3.6088749766349792e-09, 2.384185791015625e-07, 1.6596459317952394e-08, 0.9834399223327637, 0.015964101999998093, 0.18053016066551208, 0.017660515382885933, 0.9829308986663818, -0.18312546610832214, -0.18037207424640656, 0.18328149616718292, 0.9663715958595276),
            ["LowerTorso"] = CFrame.new(0.13825726509094238, -0.05268549919128418, 0.05981450527906418, 0.9360629916191101, -0.02265205606818199, -0.35110270977020264, 0.015557058155536652, 0.9996140599250793, -0.023015858605504036, 0.3514885902404785, 0.016082167625427246, 0.9360540509223938),
            ["RightLowerLeg"] = CFrame.new(-2.421438694000244e-08, 1.1920928955078125e-07, 1.6596459317952394e-08, 1, -9.35979329597103e-08, -9.080398655214594e-09, 7.543712854385376e-08, 0.8464843034744263, 0.53241366147995, -2.8172507882118225e-08, -0.532413899898529, 0.8464843034744263),
