return {
    ["I ❤ cofi"] = {
        {Time = 0.000, Data = {
            ["LeftLowerArm"] = CFrame.new(1.4901161193847656e-07, -5.960464477539063e-08, 1.7881393432617188e-07, 1, -4.656612162534657e-08, 2.0489094865183688e-08, 2.8870999813079834e-08, 0.9144616723060608, -0.4046725034713745, 1.3969838619232178e-08, 0.4046724736690521, 0.9144616723060608),
            ["LeftFoot"] = CFrame.new(1.862645149230957e-08, 0, 3.725290298461914e-08, 0.99446702003479, -0.05372731760144234, -0.0902714654803276, 0.015296142548322678, 0.9242164492607117, -0.3815625011920929, 0.10393062978982925, 0.3780703544616699, 0.9199245572090149),
            ["RightHand"] = CFrame.new(1.955777406692505e-08, 0, 5.364418029785156e-07, 0.9778368473052979, 0.004010593052953482, -0.2093299925327301, 0.06281772255897522, 0.9481334090232849, 0.3116040527820587, 0.19972245395183563, -0.3178475797176361, 0.9268678426742554),
            ["HumanoidRootPart"] = CFrame.new(0, 0, 0, 1, 0, 0, 0, 1, 0, 0, 0, 1),
            ["RightLowerLeg"] = CFrame.new(-7.450580596923828e-09, -0.00012224912643432617, -0.00007746199116809294, 1, -7.078051567077637e-08, 5.21540464148984e-08, 8.940694584680386e-08, 0.849738597869873, 0.5272039175033569, -1.1920926112907182e-07, -0.5272043943405151, 0.8497387766838074),
            ["RightFoot"] = CFrame.new(5.587935447692871e-09, 4.76837158203125e-07, 1.287116901949048e-08, 0.9955721497535706, 0.09361760318279266, -0.008484951220452785, -0.09361572563648224, 0.9792746901512146, -0.17960289120674133, -0.008505196310579777, 0.17960208654403687, 0.9837026000022888),
            ["LeftLowerLeg"] = CFrame.new(0, 0.00012290477752685547, 0.0000774972140789032, 1, -3.7252898543727042e-09, 3.539026138810186e-08, -3.3527616238870905e-08, 0.9151015877723694, 0.40322351455688477, 4.400499520329504e-08, -0.4032233655452728, 0.9151015877723694),
            ["RightUpperArm"] = CFrame.new(-1.1920928955078125e-07, -1.1920928955078125e-07, 4.470348358154297e-08, 0.5858026146888733, 0.3349170684814453, 0.7380149960517883, 0.6118950247764587, 0.4143410325050354, -0.6737255454063416, -0.5314319729804993, 0.846257746219635, 0.03778792917728424),
            ["Head"] = CFrame.new(-7.450580596923828e-08, 4.76837158203125e-07, 9.313225746154785e-10, 0.9839584827423096, 0.1315487027168274, -0.12050164490938187, -0.11653134971857071, 0.9853920936584473, 0.12418962270021439, 0.13507841527462006, -0.10815505683422089, 0.9849144220352173),
            ["UpperTorso"] = CFrame.new(5.587935447692871e-09, 0, 3.725290298461914e-08, 0.9727672338485718, -0.09843599051237106, -0.20984375476837158, 0.09016522020101547, 0.9947381019592285, -0.04864684119820595, 0.21352818608283997, 0.0284014493227005, 0.9765240550041199),
            ["LeftUpperArm"] = CFrame.new(-2.384185791015625e-07, -2.384185791015625e-07, 8.940696716308594e-08, 0.4480627775192261, -0.3799797296524048, -0.8092312216758728, -0.3545909821987152, 0.7553976774215698, -0.5510350465774536, 0.8206734657287598, 0.5338444113731384, 0.20372819900512695),
            ["RightLowerArm"] = CFrame.new(-4.470348358154297e-07, 5.960464477539063e-08, 1.4156103134155273e-07, 1, -8.963981201759452e-08, 1.0477378964424133e-09, 7.962810144590549e-08, 0.6542352437973022, -0.7562911510467529, 1.164153484722874e-08, 0.7562912106513977, 0.6542352437973022),
            ["LeftHand"] = CFrame.new(-6.565096555277705e-08, -5.960464477539063e-08, -1.9453000277280807e-07, 0.8672625422477722, -0.04142290726304054, 0.49612483382225037, 0.07177598774433136, 0.9965248703956604, -0.042266976088285446, -0.4926498830318451, 0.07226639986038208, 0.8672218918800354),
            ["Sign"] = CFrame.new(0.28732603788375854, -1.4215692281723022, 0.04535394161939621, 0.8409441709518433, 0.5409952402114868, 0.010137534700334072, -0.5406188368797302, 0.8408426642417908, -0.027375737205147743, -0.023328159004449844, 0.017542477697134018, 0.9995738863945007),
            ["LowerTorso"] = CFrame.new(-0.1865270733833313, -0.07522034645080566, -0.31075286865234375, 0.9326087832450867, -0.05319685861468315, -0.3569469749927521, -0.01276116818189621, 0.983596682548523, -0.17992986738681793, 0.36066359281539917, 0.17235921323299408, 0.9166319370269775),
            ["RightUpperLeg"] = CFrame.new(0, 9.406358003616333e-08, 2.8107024263590574e-08, 0.9932753443717957, -0.09351389110088348, 0.06825850903987885, 0.10540883243083954, 0.9742949604988098, -0.19909387826919556, -0.04788566753268242, 0.2049500197172165, 0.9776003956794739),
            ["LeftUpperLeg"] = CFrame.new(-1.1920928955078125e-07, -3.986060619354248e-07, 4.470348358154297e-08, 0.846331775188446, 0.05657285451889038, 0.5296433568000793, -0.1423298716545105, 0.9822072982788086, 0.12252040952444077, -0.513288140296936, -0.1790769100189209, 0.8393251895904541),
        }},
        {Time = 0.033, Data = {
            ["LeftLowerArm"] = CFrame.new(-8.940696716308594e-08, -2.384185791015625e-07, -2.9802322387695312e-08, 1, -5.215408194203519e-08, 5.1222748709278676e-08, 5.4016702222270396e-08, 0.9132975339889526, -0.40729308128356934, 1.955777229056821e-08, 0.40729305148124695, 0.9132975935935974),
            ["LeftFoot"] = CFrame.new(-4.0046870708465576e-08, 5.960464477539063e-08, -7.450580596923828e-09, 0.9944614768028259, -0.05370368808507919, -0.0903451219201088, 0.01526337955147028, 0.9242805242538452, -0.3814087212085724, 0.10398736596107483, 0.37791720032691956, 0.9199811220169067),
            ["RightHand"] = CFrame.new(-2.0512379705905914e-07, -2.980232238769531e-07, 2.086162567138672e-07, 0.9764865636825562, 0.00512782484292984, -0.21551772952079773, 0.06371515989303589, 0.9481909275054932, 0.3112465739250183, 0.20594798028469086, -0.31765979528427124, 0.9255688786506653),
            ["HumanoidRootPart"] = CFrame.new(0, 0, 0, 1, 0, 0, 0, 1, 0, 0, 0, 1),
            ["RightLowerLeg"] = CFrame.new(-5.960464477539063e-08, -0.00012236833572387695, -0.00007740983710391447, 1, -9.685756907629184e-08, -7.63684582238966e-08, 8.940698137394065e-08, 0.8495846390724182, 0.5274518132209778, -5.587936158235607e-08, -0.5274522304534912, 0.8495849967002869),
            ["RightFoot"] = CFrame.new(3.725290298461914e-09, 4.172325134277344e-07, 9.145878721028566e-09, 0.9955706000328064, 0.0936264619231224, -0.008571114391088486, -0.09363828599452972, 0.9792361855506897, -0.17980115115642548, -0.008440879173576832, 0.1798073947429657, 0.9836657047271729),
            ["LeftLowerLeg"] = CFrame.new(1.341104507446289e-07, 0.00012290477752685547, 0.00007741525769233704, 1, 2.0489096641540527e-08, -1.1175869119028903e-08, -6.705522537231445e-08, 0.9151872992515564, 0.4030287563800812, 1.234002411365509e-08, -0.40302884578704834, 0.9151873588562012),
            ["RightUpperArm"] = CFrame.new(0, 0, -1.4901161193847656e-08, 0.5833020806312561, 0.33290043473243713, 0.7409022450447083, 0.6153624653816223, 0.4142687916755676, -0.6706045866012573, -0.5301771759986877, 0.8470883369445801, 0.03678945079445839),
            ["Head"] = CFrame.new(-2.9802322387695312e-08, 0, -1.7695128917694092e-08, 0.9834833145141602, 0.13495658338069916, -0.12061275541782379, -0.11997970938682556, 0.985021710395813, 0.1238437294960022, 0.1355198621749878, -0.10732702165842056, 0.9849444031715393),
            ["UpperTorso"] = CFrame.new(-9.313225746154785e-09, 2.086162567138672e-07, 5.21540641784668e-08, 0.9727679491043091, -0.098430335521698, -0.20984312891960144, 0.09015817940235138, 0.9947384595870972, -0.04865270107984543, 0.2135278433561325, 0.028408728539943695, 0.9765238761901855),
            ["LeftUpperArm"] = CFrame.new(-3.5762786865234375e-07, 3.5762786865234375e-07, -5.960464477539063e-08, 0.4478742778301239, -0.3796863555908203, -0.8094732165336609, -0.3541978597640991, 0.7559362649917603, -0.5505490899085999, 0.8209461569786072, 0.5332903265953064, 0.20408034324645996),
            ["RightLowerArm"] = CFrame.new(7.748603820800781e-07, -1.7881393432617188e-07, -8.568167686462402e-08, 1, -7.729975237680264e-08, 3.3527619791584584e-08, 6.030314381177959e-08, 0.6532338261604309, -0.7571561932563782, 2.508750540641813e-08, 0.7571561932563782, 0.6532340049743652),
            ["LeftHand"] = CFrame.new(-2.9458897188305855e-07, -5.960464477539063e-08, 9.73232090473175e-08, 0.8677194714546204, -0.038514528423547745, 0.49555978178977966, 0.06813587248325348, 0.9967986345291138, -0.04183473065495491, -0.49236202239990234, 0.07006624341011047, 0.8675657510757446),
            ["Sign"] = CFrame.new(0.2873268723487854, -1.4215689897537231, 0.04535365849733353, 0.8417408466339111, 0.5397542715072632, 0.010176621377468109, -0.539315402507782, 0.8415915966033936, -0.029949121177196503, -0.024724047631025314, 0.019722221419215202, 0.9994996190071106),
            ["LowerTorso"] = CFrame.new(-0.1865270733833313, -0.07522034645080566, -0.31075286865234375, 0.9326905608177185, -0.05292878299951553, -0.35677286982536316, -0.012880784459412098, 0.9836548566818237, -0.17960290610790253, 0.3604475259780884, 0.1721094399690628, 0.9167638421058655),
            ["RightUpperLeg"] = CFrame.new(5.960464477539063e-08, 4.069879651069641e-07, 2.0656443666666746e-08, 0.99326491355896, -0.0936819314956665, 0.0681806430220604, 0.10557691752910614, 0.9741958379745483, -0.1994895190000534, -0.04773277789354324, 0.20534424483776093, 0.9775251746177673),
            ["LeftUpperLeg"] = CFrame.new(-1.1920928955078125e-07, 4.5821070671081543e-07, 2.9802322387695312e-08, 0.8464217782020569, 0.05640821158885956, 0.5295170545578003, -0.14201094210147858, 0.9822731018066406, 0.122362419962883, -0.5132281184196472, -0.17876732349395752, 0.8394279479980469),
        }},
        {Time = 0.067, Data = {
            ["LeftLowerArm"] = CFrame.new(1.1920928955078125e-07, 2.384185791015625e-07, 2.682209014892578e-07, 1, -3.166496753692627e-08, 1.0244548320770264e-08, 2.0489098417897367e-08, 0.9106823801994324, -0.41310733556747437, 6.519258910486769e-09, 0.413107305765152, 0.9106823801994324),
            ["LeftFoot"] = CFrame.new(5.3085386753082275e-08, 2.384185791015625e-07, 0, 0.9944533109664917, -0.05399109795689583, -0.09026513993740082, 0.01560579240322113, 0.924437403678894, -0.3810137212276459, 0.10401566326618195, 0.3774923086166382, 0.9201526045799255),
            ["RightHand"] = CFrame.new(6.658956408500671e-08, -2.384185791015625e-07, 1.4901161193847656e-07, 0.9735237956047058, 0.0031298461835831404, -0.22856464982032776, 0.0703764408826828, 0.9472329616546631, 0.3127249777317047, 0.217482790350914, -0.3205307722091675, 0.9219335317611694),
            ["HumanoidRootPart"] = CFrame.new(0, 0, 0, 1, 0, 0, 0, 1, 0, 0, 0, 1),
            ["RightLowerLeg"] = CFrame.new(7.450580596923828e-09, -0.00012242794036865234, -0.00007743963942630216, 1, -8.56816981809061e-08, -1.30385116037246e-08, 8.195639367158947e-08, 0.8490711450576782, 0.5282779335975647, -7.450581307466564e-08, -0.5282785892486572, 0.8490715026855469),
            ["RightFoot"] = CFrame.new(7.450580596923828e-09, 2.384185791015625e-07, 2.4047039914876223e-08, 0.995603084564209, 0.09326964616775513, -0.008675004355609417, -0.09329994767904282, 0.9791364669799805, -0.18051880598068237, -0.00834283884614706, 0.18053463101387024, 0.9835333824157715),
            ["LeftLowerLeg"] = CFrame.new(1.1175870895385742e-07, 0.00012260675430297852, 0.00007737055420875549, 1, 5.0291369291244337e-08, 3.352762334429826e-08, -1.3504177331924438e-08, 0.9153971672058105, 0.4025525450706482, 6.123445928096771e-08, -0.4025518298149109, 0.9153969287872314),
            ["RightUpperArm"] = CFrame.new(0, -1.1920928955078125e-07, -2.9802322387695312e-08, 0.5775722861289978, 0.32723432779312134, 0.7478823661804199, 0.6230323314666748, 0.4152745008468628, -0.662855863571167, -0.5274856090545654, 0.8488020896911621, 0.035973429679870605),
            ["Head"] = CFrame.new(4.6566128730773926e-09, 2.384185791015625e-07, -2.9802322387695312e-08, 0.982383131980896, 0.14246097207069397, -0.12094791978597641, -0.1276087760925293, 0.9841967821121216, 0.12277145683765411, 0.13652673363685608, -0.1051744744181633, 0.9850375056266785),
            ["UpperTorso"] = CFrame.new(2.421438694000244e-08, 5.960464477539063e-08, -7.450580596923828e-09, 0.9728241562843323, -0.09829617291688919, -0.2096451371908188, 0.09004131704568863, 0.9947521686553955, -0.048586633056402206, 0.21332088112831116, 0.02838950976729393, 0.9765697121620178),
            ["LeftUpperArm"] = CFrame.new(5.960464477539063e-08, 1.1920928955078125e-07, -5.960464477539063e-08, 0.4474114775657654, -0.37921565771102905, -0.8099496960639954, -0.353153258562088, 0.7571373581886292, -0.5495688915252686, 0.8216481804847717, 0.5319197773933411, 0.20483066141605377),
            ["RightLowerArm"] = CFrame.new(7.748603820800781e-07, 5.960464477539063e-08, 1.9371509552001953e-07, 1, -6.449409539754924e-08, -5.180481821298599e-08, 7.031486859432334e-08, 0.6476233601570129, -0.7619606852531433, 8.801000461744479e-08, 0.7619607448577881, 0.6476232409477234),
            ["LeftHand"] = CFrame.new(1.9067374523729086e-07, -1.7881393432617188e-07, -4.598405212163925e-08, 0.8685062527656555, -0.03608209267258644, 0.4943631589412689, 0.06446902453899384, 0.9970982074737549, -0.04048515856266022, -0.4914678633213043, 0.06703274697065353, 0.8683121800422668),
            ["Sign"] = CFrame.new(0.28732702136039734, -1.4215694665908813, 0.04535335302352905, 0.8438314199447632, 0.5364790558815002, 0.010236491449177265, -0.5359480381011963, 0.8436057567596436, -0.033517152070999146, -0.02661082334816456, 0.02279778942465782, 0.9993857741355896),
            ["LowerTorso"] = CFrame.new(-0.18586397171020508, -0.07522034645080566, -0.31075286865234375, 0.932870626449585, -0.052288301289081573, -0.35639628767967224, -0.013138504698872566, 0.9838107228279114, -0.1787288784980774, 0.35997188091278076, 0.17141343653202057, 0.9170810580253601),
            ["RightUpperLeg"] = CFrame.new(5.960464477539063e-08, -1.0617077350616455e-07, -3.894820110872388e-08, 0.993287205696106, -0.09372550994157791, 0.06779436767101288, 0.10559307783842087, 0.9739693403244019, -0.20058365166187286, -0.04722985252737999, 0.20639576017856598, 0.9773281216621399),
            ["LeftUpperLeg"] = CFrame.new(2.384185791015625e-07, -2.086162567138672e-07, 1.4901161193847656e-08, 0.8467335104942322, 0.05635905638337135, 0.5290238857269287, -0.14153027534484863, 0.9824039936065674, 0.12186753004789352, -0.5128465294837952, -0.17806240916252136, 0.8398107886314392),
        }},
        {Time = 0.100, Data = {
            ["LeftLowerArm"] = CFrame.new(0, 1.1920928955078125e-07, 3.8743019104003906e-07, 1, -3.3527616238870905e-08, 4.842878098543224e-08, 2.4214381610931923e-08, 0.9080008864402771, -0.4189683496952057, 6.239859828838235e-08, 0.4189683198928833, 0.9080009460449219),
            ["LeftFoot"] = CFrame.new(-9.313225746154785e-10, -1.1920928955078125e-07, -2.2351741790771484e-08, 0.9944322109222412, -0.05426044762134552, -0.09033616632223129, 0.015905385836958885, 0.9247099757194519, -0.3803398907184601, 0.10417212545871735, 0.3767853379249573, 0.9204243421554565),
            ["RightHand"] = CFrame.new(-3.939494490623474e-07, 1.1920928955078125e-07, 5.960464477539062e-07, 0.9700133800506592, -0.00009690597653388977, -0.24305160343647003, 0.07884477078914642, 0.9460470676422119, 0.3142906427383423, 0.22990785539150238, -0.32402950525283813, 0.917685866355896),
            ["HumanoidRootPart"] = CFrame.new(0, 0, 0, 1, 0, 0, 0, 1, 0, 0, 0, 1),
            ["RightLowerLeg"] = CFrame.new(2.9802322387695312e-08, -0.00012230873107910156, -0.00007738003478152677, 1, -5.5879368687783426e-08, -5.4016702222270396e-08, 5.215405707303944e-08, 0.8483752608299255, 0.5293949842453003, -2.2351738238057806e-08, -0.5293954610824585, 0.8483755588531494),
            ["RightFoot"] = CFrame.new(0, 4.172325134277344e-07, -2.8107024263590574e-08, 0.9956328272819519, 0.09292745590209961, -0.008933874778449535, -0.09300234168767929, 0.9789884686470032, -0.1814720332622528, -0.008117756806313992, 0.1815105527639389, 0.9833555221557617),
            ["LeftLowerLeg"] = CFrame.new(-3.725290298461914e-08, 0.00012254714965820312, 0.00007737800478935242, 1, 3.166496753692627e-08, 4.0978193283081055e-08, -3.3527619791584584e-08, 0.9157922267913818, 0.4016524851322174, 8.614735591550016e-09, -0.4016525447368622, 0.9157921671867371),
            ["RightUpperArm"] = CFrame.new(0, 3.5762786865234375e-07, 0, 0.5709299445152283, 0.320248544216156, 0.7559628486633301, 0.6315516233444214, 0.4170212745666504, -0.6536328196525574, -0.5245774984359741, 0.8506081104278564, 0.035836443305015564),
            ["Head"] = CFrame.new(-1.7229467630386353e-08, 7.152557373046875e-07, 3.073364496231079e-08, 0.9812127947807312, 0.15009620785713196, -0.12121295183897018, -0.13548880815505981, 0.9833723306655884, 0.12092059850692749, 0.13734722137451172, -0.10222572088241577, 0.9852338433265686),
            ["UpperTorso"] = CFrame.new(-1.862645149230957e-08, 0, 1.4901161193847656e-08, 0.97285395860672, -0.09806758165359497, -0.2096140831708908, 0.08984430134296417, 0.9947779774665833, -0.04842275753617287, 0.21326813101768494, 0.028275657445192337, 0.9765844941139221),
            ["LeftUpperArm"] = CFrame.new(-3.5762786865234375e-07, 4.76837158203125e-07, -2.9802322387695312e-08, 0.4467695653438568, -0.37868937849998474, -0.8105500340461731, -0.35190725326538086, 0.7585797905921936, -0.5483776330947876, 0.8225317001342773, 0.5302368998527527, 0.2056468278169632),
            ["RightLowerArm"] = CFrame.new(2.384185791015625e-07, 5.960464477539063e-08, 2.980232238769531e-07, 1, -7.497146725654602e-08, 4.0745366192140864e-08, 6.845221633966503e-08, 0.6400336027145386, -0.7683469653129578, 3.678724525002508e-08, 0.7683470249176025, 0.6400335431098938),
            ["LeftHand"] = CFrame.new(1.2548116501420736e-07, 2.384185791015625e-07, 1.2828968465328217e-07, 0.8694501519203186, -0.03385285660624504, 0.49285945296287537, 0.061604999005794525, 0.9972917437553406, -0.04017632454633713, -0.4901646673679352, 0.06529387831687927, 0.8691809177398682),
            ["Sign"] = CFrame.new(0.2873268723487854, -1.421569585800171, 0.04535354673862457, 0.8465051054954529, 0.5322538018226624, 0.010068768635392189, -0.5316322445869446, 0.8461858630180359, -0.037026192992925644, -0.028221476823091507, 0.02599109150469303, 0.9992636442184448),
            ["LowerTorso"] = CFrame.new(-0.18520088493824005, -0.07520151138305664, -0.310752809047699, 0.9331493377685547, -0.05117180198431015, -0.3558284342288971, -0.013576461933553219, 0.9840944409370422, -0.17712679505348206, 0.35923266410827637, 0.1701166331768036, 0.9176123142242432),
            ["RightUpperLeg"] = CFrame.new(5.960464477539063e-08, -1.3224780559539795e-07, -8.365168469026685e-08, 0.9932907223701477, -0.0939919501543045, 0.06737302988767624, 0.10585734248161316, 0.9735496044158936, -0.20247334241867065, -0.046559978276491165, 0.20824669301509857, 0.9769675135612488),
            ["LeftUpperLeg"] = CFrame.new(2.9802322387695312e-08, -1.4901161193847656e-08, -5.960464477539063e-08, 0.8471227288246155, 0.056030988693237305, 0.5284351706504822, -0.1404813975095749, 0.9826605916023254, 0.12100915610790253, -0.5124920606613159, -0.17674483358860016, 0.8403053879737854),
        }},
        {Time = 0.133, Data = {
            ["LeftLowerArm"] = CFrame.new(-9.238719940185547e-07, -1.1920928955078125e-07, -3.8743019104003906e-07, 1, -7.264316792543468e-08, 3.864988684654236e-08, 4.470347647611561e-08, 0.9067395925521851, -0.42169126868247986, -2.7939673685750677e-08, 0.42169123888015747, 0.9067394733428955),
            ["LeftFoot"] = CFrame.new(5.4016709327697754e-08, 0, -2.2351741790771484e-08, 0.9944280385971069, -0.054492827504873276, -0.09024076908826828, 0.016256803646683693, 0.925063967704773, -0.37946340441703796, 0.10415659844875336, 0.3758821487426758, 0.9207955002784729),
            ["RightHand"] = CFrame.new(1.4901161193847656e-07, -2.384185791015625e-07, -2.086162567138672e-07, 0.9671521186828613, -0.003004890400916338, -0.25418058037757874, 0.08544353395700455, 0.9455928802490234, 0.31393226981163025, 0.23940810561180115, -0.32533830404281616, 0.9147889614105225),
            ["HumanoidRootPart"] = CFrame.new(0, 0, 0, 1, 0, 0, 0, 1, 0, 0, 0, 1),
            ["RightLowerLeg"] = CFrame.new(2.2351741790771484e-08, -0.00012254714965820312, -0.00007736513362033293, 1, -5.215408194203519e-08, -7.264311108201582e-08, 8.940696716308594e-08, 0.8474971652030945, 0.5307993292808533, -2.2351741790771484e-08, -0.5308000445365906, 0.8474975228309631),
            ["RightFoot"] = CFrame.new(2.421438694000244e-08, 4.172325134277344e-07, -2.029992174357176e-09, 0.9956619143486023, 0.09259036183357239, -0.009188415482640266, -0.09270843118429184, 0.9788099527359009, -0.18258211016654968, -0.007911628112196922, 0.18264184892177582, 0.9831476807594299),
            ["LeftLowerLeg"] = CFrame.new(2.9802322387695312e-08, 0.00012224912643432617, 0.00007740035653114319, 1, 3.0733630751456076e-08, -1.4901162970204496e-08, -5.4016709327697754e-08, 0.9163656830787659, 0.40034282207489014, 6.984919309616089e-10, -0.40034252405166626, 0.9163655042648315),
            ["RightUpperArm"] = CFrame.new(0, 0, 5.960464477539063e-08, 0.5655611157417297, 0.3142140209674835, 0.7625026702880859, 0.6378611922264099, 0.4193990230560303, -0.6459394693374634, -0.522756040096283, 0.8516889810562134, 0.03677087277173996),
            ["Head"] = CFrame.new(2.7939677238464355e-08, 0, 1.7229467630386353e-08, 0.9805607795715332, 0.15400266647338867, -0.12158887833356857, -0.13973833620548248, 0.9831018447875977, 0.11825442314147949, 0.13774579763412476, -0.09896489977836609, 0.9855111241340637),
            ["UpperTorso"] = CFrame.new(-4.0978193283081055e-08, -2.9802322387695312e-08, 5.960464477539063e-08, 0.9729128479957581, -0.0976501852273941, -0.20953507721424103, 0.08951020985841751, 0.9948282241821289, -0.048008713871240616, 0.21313948929309845, 0.02795274555683136, 0.9766219258308411),
            ["LeftUpperArm"] = CFrame.new(0, -3.5762786865234375e-07, -1.4901161193847656e-07, 0.4462583363056183, -0.37815049290657043, -0.811083197593689, -0.3508089482784271, 0.7598727345466614, -0.547290027141571, 0.8232779502868652, 0.5287680625915527, 0.2064409703016281),
            ["RightLowerArm"] = CFrame.new(4.76837158203125e-07, -2.980232238769531e-07, 3.91155481338501e-07, 1, -3.259629366425543e-08, 7.217749953269958e-08, 6.239863381551913e-08, 0.6330123543739319, -0.7741417288780212, 1.792796666677532e-08, 0.774141788482666, 0.6330122947692871),
            ["LeftHand"] = CFrame.new(1.551816239953041e-07, -2.384185791015625e-07, 3.841705620288849e-08, 0.8704833388328552, -0.03127928450703621, 0.4912031292915344, 0.06008416786789894, 0.9972679615020752, -0.04297293722629547, -0.4885168671607971, 0.06692081689834595, 0.86998450756073),
            ["Sign"] = CFrame.new(0.28732672333717346, -1.4215689897537231, 0.04535362124443054, 0.8492431044578552, 0.5278884768486023, 0.00930377934128046, -0.5272154808044434, 0.848827064037323, -0.03962826356291771, -0.028810741379857063, 0.028749750927090645, 0.9991711378097534),
            ["LowerTorso"] = CFrame.new(-0.18453778326511383, -0.07518243789672852, -0.31075283885002136, 0.9334301948547363, -0.0496419295668602, -0.35530805587768555, -0.014179661870002747, 0.9845016598701477, -0.17480126023292542, 0.358478844165802, 0.16820292174816132, 0.9182596206665039),
            ["RightUpperLeg"] = CFrame.new(0, -1.9371509552001953e-07, -4.639878170564771e-08, 0.9932752251625061, -0.09441038221120834, 0.067015141248703, 0.10632320493459702, 0.9729183316230774, -0.2052449882030487, -0.0458231195807457, 0.21098986268043518, 0.9764136075973511),
            ["LeftUpperLeg"] = CFrame.new(1.1920928955078125e-07, -3.3527612686157227e-08, -1.4901161193847656e-08, 0.8476169109344482, 0.05538449436426163, 0.5277100801467896, -0.1388569325208664, 0.9830319285392761, 0.11986272037029266, -0.5121173858642578, -0.17487382888793945, 0.8409250378608704),
        }},
        {Time = 0.167, Data = {
            ["LeftLowerArm"] = CFrame.new(-2.682209014892578e-07, -4.76837158203125e-07, -4.470348358154297e-07, 1, -3.911554458113642e-08, -5.587934559514451e-09, 4.470348358154297e-08, 0.9073042869567871, -0.42047449946403503, 4.0978193283081055e-08, 0.4204745292663574, 0.9073043465614319),
            ["LeftFoot"] = CFrame.new(3.3527612686157227e-08, -1.1920928955078125e-07, 2.2351741790771484e-08, 0.9943955540657043, -0.05515146628022194, -0.0901990681886673, 0.017021305859088898, 0.925541341304779, -0.3782639801502228, 0.10434473305940628, 0.37460869550704956, 0.921292781829834),
            ["RightHand"] = CFrame.new(4.0978193283081055e-08, 2.384185791015625e-07, -2.682209014892578e-07, 0.9653382301330566, -0.005925302393734455, -0.2609351575374603, 0.08985254913568497, 0.9461772441864014, 0.3109264373779297, 0.2450486123561859, -0.3235948085784912, 0.9139134287834167),
            ["HumanoidRootPart"] = CFrame.new(0, 0, 0, 1, 0, 0, 0, 1, 0, 0, 0, 1),
            ["RightLowerLeg"] = CFrame.new(-7.450580596923828e-09, -0.00012242794036865234, -0.00007738003478152677, 1, -7.264319634714411e-08, -4.097817196679898e-08, 9.685754776000977e-08, 0.8459094762802124, 0.5333255529403687, -3.725290298461914e-09, -0.5333264470100403, 0.8459100723266602),
            ["RightFoot"] = CFrame.new(-1.30385160446167e-08, 2.980232238769531e-07, -1.3205863069742918e-08, 0.9957148432731628, 0.09198201447725296, -0.009558034129440784, -0.09216182678937912, 0.9784731864929199, -0.1846526563167572, -0.007632334716618061, 0.18474236130714417, 0.9827573895454407),
            ["LeftLowerLeg"] = CFrame.new(4.470348358154297e-08, 0.00012260675430297852, 0.00007749348878860474, 1, 4.284083843231201e-08, -7.450581307466564e-08, -2.1886082279820585e-08, 0.9173591732978821, 0.39806053042411804, -1.9557775843281888e-08, -0.39806047081947327, 0.9173591732978821),
            ["RightUpperArm"] = CFrame.new(-1.1920928955078125e-07, 0, -1.043081283569336e-07, 0.5619890689849854, 0.3090255558490753, 0.7672492265701294, 0.6413875222206116, 0.4229077696800232, -0.640133798122406, -0.5222933292388916, 0.8518523573875427, 0.03946441784501076),
            ["Head"] = CFrame.new(1.0229996405541897e-08, -1.1920928955078125e-07, -5.107722245156765e-08, 0.9803845286369324, 0.15524238348007202, -0.12143346667289734, -0.14107193052768707, 0.9829759001731873, 0.11771722137928009, 0.13764087855815887, -0.09827719628810883, 0.9855945706367493),
            ["UpperTorso"] = CFrame.new(-2.9802322387695312e-08, 5.960464477539063e-08, 4.470348358154297e-08, 0.9730184078216553, -0.09671978652477264, -0.20947663486003876, 0.08887253701686859, 0.9949533343315125, -0.04657827317714691, 0.2129245400428772, 0.026704810559749603, 0.9767037034034729),
            ["LeftUpperArm"] = CFrame.new(-1.1920928955078125e-07, -3.5762786865234375e-07, 0, 0.44582563638687134, -0.3778494596481323, -0.8114612102508545, -0.350272536277771, 0.7606070041656494, -0.546613335609436, 0.8237406611442566, 0.5279268622398376, 0.20674777030944824),
            ["RightLowerArm"] = CFrame.new(-4.470348358154297e-07, 0, 1.043081283569336e-07, 1, -8.102506399154663e-08, -1.3038517820973539e-08, 5.02914261346632e-08, 0.624988853931427, -0.780633807182312, 6.05359762317903e-09, 0.7806336879730225, 0.624988853931427),
            ["LeftHand"] = CFrame.new(3.6781420931220055e-07, 1.7881393432617188e-07, 6.845220923423767e-08, 0.872066080570221, -0.028092462569475174, 0.48858126997947693, 0.060763534158468246, 0.996841311454773, -0.05114004388451576, -0.48560136556625366, 0.07428537309169769, 0.8710184097290039),
            ["Sign"] = CFrame.new(0.2873263955116272, -1.421569585800171, 0.04535377770662308, 0.852770984172821, 0.522205114364624, 0.007087382022291422, -0.5215627551078796, 0.8522457480430603, -0.0410253182053566, -0.027457695454359055, 0.03128967434167862, 0.9991329908370972),
            ["LowerTorso"] = CFrame.new(-0.18321159482002258, -0.07522034645080566, -0.31113794445991516, 0.9337323307991028, -0.047044191509485245, -0.3548673093318939, -0.015111940912902355, 0.9852629899978638, -0.17037749290466309, 0.357652872800827, 0.16444970667362213, 0.9192610383033752),
            ["RightUpperLeg"] = CFrame.new(0, 4.7031790018081665e-07, 2.0656443666666746e-08, 0.9932517409324646, -0.09484348446130753, 0.06675124913454056, 0.10693081468343735, 0.9717471599578857, -0.21041207015514374, -0.04490938037633896, 0.21612980961799622, 0.9753313064575195),
            ["LeftUpperLeg"] = CFrame.new(0, 3.203749656677246e-07, 1.4901161193847656e-08, 0.8481183648109436, 0.05441912263631821, 0.527004599571228, -0.13628514111042023, 0.9836465120315552, 0.11775385588407516, -0.5119780898094177, -0.17169204354286194, 0.8416652083396912),
        }},
        {Time = 0.200, Data = {
            ["LeftLowerArm"] = CFrame.new(2.9802322387695312e-08, -2.384185791015625e-07, -1.4901161193847656e-07, 1, -6.89178563106907e-08, -2.7939677238464355e-08, 4.0978193283081055e-08, 0.9086685180664062, -0.4175184965133667, 1.862645149230957e-09, 0.41751834750175476, 0.9086684584617615),
            ["LeftFoot"] = CFrame.new(-1.6763806343078613e-08, -1.1920928955078125e-07, -1.4901161193847656e-08, 0.9943779706954956, -0.05546922981739044, -0.09019792824983597, 0.017509056255221367, 0.9262211918830872, -0.37657395005226135, 0.1044313833117485, 0.3728772699832916, 0.9219850897789001),
            ["RightHand"] = CFrame.new(-1.1362135410308838e-07, -2.384185791015625e-07, 0, 0.9639802575111389, -0.009815891273319721, -0.2657925486564636, 0.09412123262882233, 0.9472455382347107, 0.3063775897026062, 0.24876351654529572, -0.3203587532043457, 0.9140498042106628),
            ["HumanoidRootPart"] = CFrame.new(0, 0, 0, 1, 0, 0, 0, 1, 0, 0, 0, 1),
            ["RightLowerLeg"] = CFrame.new(-6.705522537231445e-08, -0.00012236833572387695, -0.00007742473826510832, 1, -3.7252898543727042e-09, -7.078055119791316e-08, 1.1175869474300271e-07, 0.8441106677055359, 0.5361686944961548, -1.0430811414607888e-07, -0.5361688733100891, 0.8441109657287598),
            ["RightFoot"] = CFrame.new(4.470348358154297e-08, 4.76837158203125e-07, 2.7772330213338137e-08, 0.9957239031791687, 0.09184138476848602, -0.00995376706123352, -0.09207919985055923, 0.978033721446991, -0.18700659275054932, -0.007439819164574146, 0.18712393939495087, 0.9823083281517029),
            ["LeftLowerLeg"] = CFrame.new(1.4901161193847656e-08, 0.0001227855682373047, 0.00007751211524009705, 1, 2.1420420992512845e-08, -5.587933671336032e-09, -1.7695128917694092e-08, 0.9190102815628052, 0.3942336440086365, 5.3551048040390015e-09, -0.3942338228225708, 0.9190102219581604),
            ["RightUpperArm"] = CFrame.new(0, 1.1920928955078125e-07, -5.960464477539063e-08, 0.5591164827346802, 0.3033212423324585, 0.7716119885444641, 0.6438855528831482, 0.42743998765945435, -0.6345916986465454, -0.5223029255867004, 0.8516404032707214, 0.04368463531136513),
            ["Head"] = CFrame.new(-3.632158041000366e-08, -1.1920928955078125e-07, -9.313225746154785e-10, 0.9801618456840515, 0.15715442597866058, -0.12077008932828903, -0.1426127403974533, 0.9823681712150574, 0.12089036405086517, 0.1376391351222992, -0.10126861929893494, 0.9852918982505798),
            ["UpperTorso"] = CFrame.new(-3.3527612686157227e-08, -1.7881393432617188e-07, -7.450580596923828e-08, 0.9731529951095581, -0.09518265724182129, -0.20955564081668854, 0.08776833117008209, 0.9951499700546265, -0.04442247003316879, 0.21276751160621643, 0.024837534874677658, 0.9767871499061584),
            ["LeftUpperArm"] = CFrame.new(0, -3.5762786865234375e-07, 2.9802322387695312e-08, 0.4452756345272064, -0.3775547444820404, -0.8119003772735596, -0.35015642642974854, 0.7611169815063477, -0.5459775328636169, 0.8240875005722046, 0.5274025201797485, 0.2067035585641861),
            ["RightLowerArm"] = CFrame.new(7.152557373046875e-07, -1.7881393432617188e-07, 2.384185791015625e-07, 1, -4.0978193283081055e-08, 5.494803190231323e-08, 7.078051567077637e-08, 0.6140942573547363, -0.7892327308654785, 9.313225746154785e-08, 0.7892327904701233, 0.6140941977500916),
            ["LeftHand"] = CFrame.new(-2.4045584723353386e-07, 0, -2.0023435354232788e-08, 0.8743557929992676, -0.02436402067542076, 0.48467352986335754, 0.0629911944270134, 0.9959874749183655, -0.06356950849294662, -0.48117995262145996, 0.08611252158880234, 0.8723821043968201),
            ["Sign"] = CFrame.new(0.28732654452323914, -1.4215692281723022, 0.04535383731126785, 0.8575116395950317, 0.5144209861755371, 0.0034880719613283873, -0.513884961605072, 0.856866180896759, -0.04166227951645851, -0.0244146678596735, 0.03393428772687912, 0.9991256594657898),
            ["LowerTorso"] = CFrame.new(-0.18254853785037994, -0.07522034645080566, -0.3119562566280365, 0.9340373277664185, -0.04312813654541969, -0.35456204414367676, -0.01643260568380356, 0.986443281173706, -0.16327784955501556, 0.3567972183227539, 0.15833398699760437, 0.9206660985946655),
            ["RightUpperLeg"] = CFrame.new(-5.960464477539063e-08, -3.045424818992615e-07, 1.0261283023282886e-07, 0.9931304454803467, -0.09606390446424484, 0.06681147962808609, 0.10849381983280182, 0.9698433876037598, -0.21824955940246582, -0.043830737471580505, 0.22399897873401642, 0.9736033082008362),
            ["LeftUpperLeg"] = CFrame.new(0, -2.9243528842926025e-07, 1.4901161193847656e-08, 0.8486456871032715, 0.052158422768116, 0.5263838768005371, -0.131670281291008, 0.9846336245536804, 0.1147158071398735, -0.5123118162155151, -0.16666211187839508, 0.8424727320671082),
        }},
        {Time = 0.233, Data = {
            ["LeftLowerArm"] = CFrame.new(1.4901161193847656e-07, 1.1920928955078125e-07, 6.556510925292969e-07, 1, -4.842878453814592e-08, 2.6077039194660756e-08, 0, 0.9101547002792358, -0.41426882147789, 0, 0.41426873207092285, 0.9101547002792358),
            ["LeftFoot"] = CFrame.new(1.0244548320770264e-08, -1.1920928955078125e-07, -2.2351741790771484e-08, 0.9943572878837585, -0.05577290430665016, -0.09023928642272949, 0.01799713633954525, 0.927000880241394, -0.3746275305747986, 0.10454579442739487, 0.37088924646377563, 0.9227735996246338),
            ["RightHand"] = CFrame.new(-2.0675361156463623e-07, 2.384185791015625e-07, 1.4901161193847656e-07, 0.9628696441650391, -0.013770956546068192, -0.26961538195610046, 0.09788001328706741, 0.9485535621643066, 0.30110734701156616, 0.2515981197357178, -0.316317081451416, 0.9146814346313477),
            ["HumanoidRootPart"] = CFrame.new(0, 0, 0, 1, 0, 0, 0, 1, 0, 0, 0, 1),
            ["RightLowerLeg"] = CFrame.new(-5.21540641784668e-08, -0.00012236833572387695, -0.00007742473826510832, 1, -1.2293466511437146e-07, 8.009370588979436e-08, 9.685756907629184e-08, 0.8420988321304321, 0.5393223762512207, -5.960465898624534e-08, -0.5393232703208923, 0.8420993685722351),
            ["RightFoot"] = CFrame.new(3.725290298461914e-09, 3.5762786865234375e-07, 5.420588422566652e-09, 0.995729923248291, 0.09171681106090546, -0.010492905043065548, -0.09203939884901047, 0.9775444865226746, -0.1895667314529419, -0.007129507139325142, 0.18972313404083252, 0.9818118810653687),
            ["LeftLowerLeg"] = CFrame.new(1.7881393432617188e-07, 0.00012254714965820312, 0.00007751211524009705, 1, 3.3527616238870905e-08, 3.7252889661942845e-09, -1.3504177331924438e-08, 0.9208372831344604, 0.38994690775871277, 3.725290298461914e-08, -0.38994720578193665, 0.92083740234375),
            ["RightUpperArm"] = CFrame.new(1.1920928955078125e-07, 3.5762786865234375e-07, -5.960464477539063e-08, 0.5566320419311523, 0.2974872887134552, 0.7756687998771667, 0.6457536816596985, 0.43246787786483765, -0.6292645335197449, -0.5226500630378723, 0.8511597514152527, 0.04862194508314133),
            ["Head"] = CFrame.new(1.6763806343078613e-08, 2.384185791015625e-07, 9.313225746154785e-09, 0.9799193739891052, 0.15923257172107697, -0.12001246213912964, -0.14422932267189026, 0.9816439747810364, 0.12479228526353836, 0.13768059015274048, -0.10497694462537766, 0.9848979711532593),
            ["UpperTorso"] = CFrame.new(2.60770320892334e-08, -1.4901161193847656e-07, 5.21540641784668e-08, 0.9732754826545715, -0.09361710399389267, -0.20969174802303314, 0.08655082434415817, 0.9953343272209167, -0.04264601320028305, 0.2127057909965515, 0.023357322439551353, 0.976837158203125),
            ["LeftUpperArm"] = CFrame.new(-2.384185791015625e-07, 5.960464477539062e-07, 1.1920928955078125e-07, 0.4449092149734497, -0.3768267035484314, -0.8124391436576843, -0.3500104248523712, 0.7618566155433655, -0.5450387597084045, 0.8243473768234253, 0.5268548727035522, 0.2070637345314026),
            ["RightLowerArm"] = CFrame.new(-2.384185791015625e-07, 0, -5.438923835754395e-07, 1, -6.891787052154541e-08, -6.519258910486769e-09, 1.0058281674218961e-07, 0.602812647819519, -0.7978827953338623, -1.2107190805465962e-08, 0.7978827953338623, 0.602812647819519),
            ["LeftHand"] = CFrame.new(3.9651058614254e-07, -2.384185791015625e-07, 1.2479722499847412e-07, 0.8766475915908813, -0.020631682127714157, 0.48069050908088684, 0.06563029438257217, 0.9948694705963135, -0.07699087262153625, -0.47663578391075134, 0.09904175996780396, 0.8735039830207825),
            ["Sign"] = CFrame.new(0.2873261570930481, -1.4215699434280396, 0.04535379260778427, 0.8623692393302917, 0.5062476396560669, -0.00033806057763285935, -0.5058465600013733, 0.8616215586662292, -0.04195842891931534, -0.02094394713640213, 0.036355581134557724, 0.9991192817687988),
            ["LowerTorso"] = CFrame.new(-0.18188543617725372, -0.07522034645080566, -0.31277453899383545, 0.9343832731246948, -0.03853233531117439, -0.35417962074279785, -0.017940059304237366, 0.9877840280532837, -0.15479297935962677, 0.3558174967765808, 0.15098997950553894, 0.9222776293754578),
            ["RightUpperLeg"] = CFrame.new(1.1920928955078125e-07, 3.725290298461914e-09, 3.55576048605144e-08, 0.9929834604263306, -0.09745683521032333, 0.06697751581668854, 0.11030462384223938, 0.9674962162971497, -0.22756105661392212, -0.042622923851013184, 0.23335221409797668, 0.9714576601982117),
            ["LeftUpperLeg"] = CFrame.new(8.940696716308594e-08, -7.636845111846924e-08, -7.450580596923828e-08, 0.8492268919944763, 0.04958906024694443, 0.5256946086883545, -0.12615863978862762, 0.9858018755912781, 0.11081011593341827, -0.5127357244491577, -0.1604236215353012, 0.8434253334999084),
        }},
        {Time = 0.267, Data = {
            ["LeftLowerArm"] = CFrame.new(-1.1920928955078125e-07, 0, 0.000001043081283569336, 1, -5.401672709126615e-08, -1.769513602312145e-08, 3.3527616238870905e-08, 0.9111297726631165, -0.41211968660354614, 1.1175872671742582e-08, 0.4121195375919342, 0.9111297726631165),
            ["LeftFoot"] = CFrame.new(-2.7939677238464355e-09, 5.960464477539063e-08, -3.725290298461914e-08, 0.994331419467926, -0.05638948455452919, -0.09013985842466354, 0.01884813979268074, 0.9278333783149719, -0.3725184202194214, 0.10464110225439072, 0.3687079846858978, 0.9236368536949158),
            ["RightHand"] = CFrame.new(-2.644956111907959e-07, -1.1920928955078125e-07, -5.960464477539063e-08, 0.9617779850959778, -0.01685534417629242, -0.27331146597862244, 0.10083281993865967, 0.9497712850570679, 0.2962556779384613, 0.25458985567092896, -0.31249096989631653, 0.9151685833930969),
            ["HumanoidRootPart"] = CFrame.new(0, 0, 0, 1, 0, 0, 0, 1, 0, 0, 0, 1),
            ["RightLowerLeg"] = CFrame.new(-7.450580596923828e-09, -0.0001221299171447754, -0.00007752904639346525, 1, -8.754429359214555e-08, -9.499491682163352e-08, 9.685754776000977e-08, 0.8399342894554138, 0.5426879525184631, 4.470348358154297e-08, -0.5426880717277527, 0.8399344682693481),
            ["RightFoot"] = CFrame.new(-1.30385160446167e-08, 4.76837158203125e-07, 3.5222910810261965e-08, 0.9957771301269531, 0.09113800525665283, -0.011037621647119522, -0.09155706316232681, 0.9770891666412354, -0.19213014841079712, -0.006725836545228958, 0.19232967495918274, 0.9813075065612793),
