return {
    ["I'm Out"] = {
        {Time = 0.000, Data = {
            ["RightFoot"] = CFrame.new(7.916241884231567e-08, 2.384185791015625e-07, 1.6596459317952394e-08, 0.9738865494728088, 0.05444233864545822, -0.22041131556034088, -0.14376512169837952, 0.899264395236969, -0.413104385137558, 0.1757175475358963, 0.4340042769908905, 0.8836084008216858),
            ["LeftLowerArm"] = CFrame.new(1.7881393432617188e-07, -4.172325134277344e-07, -8.940696716308594e-08, 1, -1.378357268322361e-07, 1.0058283805847168e-07, 8.56816981809061e-08, 0.11280569434165955, -0.993617057800293, 1.2572857599479903e-07, 0.993617057800293, 0.11280570924282074),
            ["LeftFoot"] = CFrame.new(-9.313225746154785e-09, 0, -2.9802322387695312e-08, 0.9976058006286621, 0.056132689118385315, 0.040395788848400116, -0.03415793552994728, 0.9078332185745239, -0.4179382026195526, -0.06013266742229462, 0.4155573546886444, 0.9075769782066345),
            ["Head"] = CFrame.new(-7.450580596923828e-08, -1.1920928955078125e-07, -8.195638656616211e-08, 0.9304192662239075, 0.07315177470445633, 0.35912251472473145, 0.012062609195709229, 0.9732348322868347, -0.2294958084821701, -0.3662985563278198, 0.21785935759544373, 0.9046341180801392),
            ["LowerTorso"] = CFrame.new(-0.09221156686544418, -0.11378896236419678, 0.042446792125701904, 0.9811000823974609, -0.03279843181371689, -0.1907016485929489, -0.010281398892402649, 0.9753022789955139, -0.22063510119915009, 0.19322821497917175, 0.2184257209300995, 0.9565318822860718),
            ["UpperTorso"] = CFrame.new(-3.725290298461914e-09, 2.9802322387695312e-08, -3.725290298461914e-09, 0.9868080615997314, -0.13068632781505585, -0.09555678814649582, 0.15682955086231232, 0.9181475043296814, 0.36388149857521057, 0.04018085449934006, -0.3740673065185547, 0.9265307784080505),
            ["HumanoidRootPart"] = CFrame.new(0, 0, 0, 1, 0, 0, 0, 1, 0, 0, 0, 1),
            ["RightUpperLeg"] = CFrame.new(5.960464477539063e-08, -2.514570951461792e-07, -1.6596459317952394e-08, 0.9954334497451782, -0.08033437281847, -0.051563818007707596, 0.07903241366147995, 0.9965113401412964, -0.026814140379428864, 0.053537994623184204, 0.022616568952798843, 0.9983096718788147),
            ["LeftUpperArm"] = CFrame.new(-2.384185791015625e-07, 2.384185791015625e-07, -5.960464477539063e-08, 0.9867309331893921, 0.10736658424139023, -0.12179751694202423, -0.09492059051990509, 0.9900619983673096, 0.1037662997841835, 0.13172808289527893, -0.0908283218741417, 0.9871159791946411),
            ["RightLowerArm"] = CFrame.new(2.980232238769531e-07, -3.5762786865234375e-07, -1.6391277313232422e-07, 1, -1.341104365337742e-07, 1.4156103134155273e-07, 1.3411046495548362e-07, -0.07559841871261597, -0.9971384406089783, 5.960465188081798e-08, 0.9971383810043335, -0.07559846341609955),
            ["LeftHand"] = CFrame.new(1.7881393432617188e-07, 1.7881393432617188e-07, -3.501772880554199e-07, 0.6298940777778625, 0.08942180871963501, -0.7715160250663757, -0.40596193075180054, 0.8847611546516418, -0.22889484465122223, 0.662139356136322, 0.45738551020622253, 0.5936077237129211),
            ["RightHand"] = CFrame.new(5.960464477539063e-08, -5.960464477539063e-08, -2.4586915969848633e-07, 0.9953938722610474, -0.016840115189552307, 0.09437953680753708, 0.029170114547014236, 0.9909757971763611, -0.13082869350910187, -0.09132488071918488, 0.13297903537750244, 0.9869024753570557),
            ["RightUpperArm"] = CFrame.new(1.1920928955078125e-07, 2.384185791015625e-07, -7.450580596923828e-08, 0.5569712519645691, -0.8022015690803528, 0.21507202088832855, 0.5310177803039551, 0.14485207200050354, -0.8348880410194397, 0.6385947465896606, 0.5792155265808105, 0.506661593914032),
            ["RightLowerLeg"] = CFrame.new(-3.3527612686157227e-08, 1.7881393432617188e-07, -2.8107024263590574e-08, 1, -8.940699558479537e-08, -3.9115551686563776e-08, 8.940696716308594e-08, 0.7670037150382996, 0.641642153263092, -5.681067705154419e-08, -0.6416428089141846, 0.767004132270813),
            ["LeftUpperLeg"] = CFrame.new(0, -2.514570951461792e-07, 1.862645149230957e-08, 0.8982025384902954, 0.04066329076886177, 0.43769723176956177, -0.03217136487364769, 0.9991230368614197, -0.02680203504860401, -0.4384031891822815, 0.009992527775466442, 0.8987230062484741),
            ["LeftLowerLeg"] = CFrame.new(-5.960464477539063e-08, 1.1920928955078125e-07, -1.4901161193847656e-08, 1, 4.842879164357328e-08, -3.725290742551124e-09, -4.7963105487269786e-08, 0.789600670337677, 0.6136209964752197, 3.4458931708059026e-08, -0.6136210560798645, 0.7896007299423218),
        }},
        {Time = 0.033, Data = {
            ["RightFoot"] = CFrame.new(-1.5832483768463135e-08, 3.5762786865234375e-07, 9.145878721028566e-09, 0.9737551808357239, 0.051568467170000076, -0.22167932987213135, -0.13530439138412476, 0.9143543243408203, -0.381639301776886, 0.18301279842853546, 0.40161794424057007, 0.8973348140716553),
            ["LeftLowerArm"] = CFrame.new(2.384185791015625e-07, -1.7881393432617188e-07, -2.9802322387695312e-08, 1, -1.7508864402770996e-07, 7.82310962677002e-08, 5.960465898624534e-08, 0.09998185932636261, -0.9949893355369568, 1.098960922263359e-07, 0.9949893355369568, 0.0999818742275238),
            ["LeftFoot"] = CFrame.new(-3.725290298461914e-08, -5.960464477539063e-08, 0, 0.9977617859840393, 0.0562618263065815, 0.036139827221632004, -0.03855293616652489, 0.9255900382995605, -0.37655895948410034, -0.054636478424072266, 0.3743230700492859, 0.9256875514984131),
            ["Head"] = CFrame.new(-7.450580596923828e-09, 1.1920928955078125e-07, 0, 0.9299800992012024, 0.06419749557971954, 0.3619610369205475, 0.007408984005451202, 0.981160044670105, -0.19305454194545746, -0.3675352931022644, 0.18221867084503174, 0.9119837284088135),
            ["LowerTorso"] = CFrame.new(-0.09321628510951996, -0.0903310775756836, 0.04754629731178284, 0.9811760187149048, -0.025573605671525, -0.19141526520252228, -0.010759594850242138, 0.9824140071868896, -0.18640583753585815, 0.1928161084651947, 0.18495647609233856, 0.9636457562446594),
            ["UpperTorso"] = CFrame.new(5.587935447692871e-09, -2.086162567138672e-07, 3.725290298461914e-09, 0.9865869283676147, -0.13233356177806854, -0.09557311236858368, 0.15630201995372772, 0.9346740245819092, 0.31930258870124817, 0.047075286507606506, -0.3299579918384552, 0.9428211450576782),
            ["HumanoidRootPart"] = CFrame.new(0, 0, 0, 1, 0, 0, 0, 1, 0, 0, 0, 1),
            ["RightUpperLeg"] = CFrame.new(-2.9802322387695312e-08, -3.0547380447387695e-07, -3.894820110872388e-08, 0.9955280423164368, -0.07738270610570908, -0.054184332489967346, 0.07618741691112518, 0.9968096613883972, -0.023792002350091934, 0.05585255101323128, 0.019557274878025055, 0.998247504234314),
            ["LeftUpperArm"] = CFrame.new(-2.384185791015625e-07, 9.5367431640625e-07, 0, 0.9874569773674011, 0.10288845002651215, -0.11976134032011032, -0.08797395974397659, 0.9884017109870911, 0.1237851083278656, 0.13110823929309845, -0.11169657111167908, 0.9850556254386902),
            ["RightLowerArm"] = CFrame.new(2.384185791015625e-07, 3.5762786865234375e-07, 1.6391277313232422e-07, 1, -1.7136335372924805e-07, 1.0430809993522416e-07, 7.450580596923828e-08, -0.05055835098028183, -0.998721182346344, 1.601874828338623e-07, 0.998721182346344, -0.05055839195847511),
            ["LeftHand"] = CFrame.new(0, -1.7881393432617188e-07, -3.203749656677246e-07, 0.6302560567855835, 0.08838552236557007, -0.771340012550354, -0.40440231561660767, 0.8854551315307617, -0.22897246479988098, 0.6627488732337952, 0.45624271035194397, 0.5938065648078918),
            ["RightHand"] = CFrame.new(-1.1920928955078125e-07, -2.384185791015625e-07, 1.4901161193847656e-08, 0.9968725442886353, 0.03926105052232742, 0.06858468800783157, -0.032555755227804184, 0.994821310043335, -0.09628450870513916, -0.07200979441404343, 0.0937504991889, 0.9929881691932678),
            ["RightUpperArm"] = CFrame.new(2.384185791015625e-07, 8.344650268554688e-07, -4.470348358154297e-08, 0.5667061805725098, -0.7932158708572388, 0.2228289693593979, 0.5575289130210876, 0.1700606495141983, -0.812552273273468, 0.606634795665741, 0.5847118496894836, 0.5386151075363159),
            ["RightLowerLeg"] = CFrame.new(-4.0512531995773315e-08, 2.384185791015625e-07, -1.4137185644358397e-08, 1, -8.568167686462402e-08, -3.352762689701194e-08, 7.823110337312755e-08, 0.8150665760040283, 0.5793673396110535, -3.3527616238870905e-08, -0.5793673396110535, 0.8150666356086731),
            ["LeftUpperLeg"] = CFrame.new(-5.960464477539063e-08, -4.3492764234542847e-07, -3.725290298461914e-09, 0.8964851498603821, 0.022393543273210526, 0.44250747561454773, -0.016932141035795212, 0.9997239708900452, -0.016288936138153076, -0.4427501857280731, 0.007110120262950659, 0.8966169357299805),
            ["LeftLowerLeg"] = CFrame.new(0, -2.384185791015625e-07, 0, 1, 1.4901161193847656e-08, 5.774202094244174e-08, -4.4703490686970326e-08, 0.8399314880371094, 0.5426927208900452, 2.8871003365793513e-08, -0.5426925420761108, 0.839931309223175),
        }},
        {Time = 0.067, Data = {
            ["RightFoot"] = CFrame.new(1.4901161193847656e-08, 2.980232238769531e-07, -3.55576048605144e-08, 0.9737113118171692, 0.04526381939649582, -0.2232433557510376, -0.12483372539281845, 0.9258146286010742, -0.3567683696746826, 0.19053317606449127, 0.37525802850723267, 0.9071267247200012),
            ["LeftLowerArm"] = CFrame.new(3.2782554626464844e-07, 0, 2.9802322387695312e-08, 1, -1.154839708306099e-07, 1.005828522693264e-07, 5.2154071283894154e-08, 0.08349551260471344, -0.9965081810951233, 1.0617078771701927e-07, 0.9965081214904785, 0.08349551260471344),
            ["LeftFoot"] = CFrame.new(3.5390257835388184e-08, -5.960464477539063e-08, 7.450580596923828e-09, 0.9980370998382568, 0.05535077303647995, 0.029296066612005234, -0.042903684079647064, 0.9450857043266296, -0.3239946961402893, -0.04562069848179817, 0.32210177183151245, 0.9456052184104919),
            ["Head"] = CFrame.new(1.4901161193847656e-08, -1.1920928955078125e-07, 1.4901161193847656e-08, 0.9295794367790222, 0.05589095875620842, 0.3643600344657898, -0.002461983822286129, 0.9893579483032227, -0.1454811543226242, -0.3686136305332184, 0.1343393325805664, 0.919824481010437),
            ["LowerTorso"] = CFrame.new(-0.0940273255109787, -0.06506574153900146, 0.04852163791656494, 0.9813482165336609, -0.015239913947880268, -0.19163371622562408, -0.011992763727903366, 0.990057647228241, -0.1401500403881073, 0.1918642818927765, 0.1398341953754425, 0.9714085459709167),
            ["UpperTorso"] = CFrame.new(-5.587935447692871e-09, 5.960464477539063e-08, -2.60770320892334e-08, 0.9867100119590759, -0.13327288627624512, -0.09296121448278427, 0.15212763845920563, 0.9587122797966003, 0.24026638269424438, 0.057102154940366745, -0.2512151896953583, 0.9662454724311829),
            ["HumanoidRootPart"] = CFrame.new(0, 0, 0, 1, 0, 0, 0, 1, 0, 0, 0, 1),
            ["RightUpperLeg"] = CFrame.new(-8.940696716308594e-08, 2.314336597919464e-07, -6.129994289949536e-08, 0.9955130815505981, -0.07451669126749039, -0.05831845477223396, 0.07348708063364029, 0.9971033930778503, -0.019608186557888985, 0.0596107617020607, 0.015234477818012238, 0.9981054663658142),
            ["LeftUpperArm"] = CFrame.new(1.1920928955078125e-07, -3.5762786865234375e-07, -8.940696716308594e-08, 0.9876828193664551, 0.10073931515216827, -0.1197260171175003, -0.08043524622917175, 0.9832184910774231, 0.1637423038482666, 0.13421224057674408, -0.15209531784057617, 0.9792109727859497),
            ["RightLowerArm"] = CFrame.new(-1.7881393432617188e-07, 0, -1.043081283569336e-07, 1, -1.2293456563838845e-07, 1.3411047916633834e-07, 1.1175872316471214e-07, -0.02438751980662346, -0.9997026920318604, 3.725290742551124e-09, 0.9997025728225708, -0.02438746951520443),
            ["LeftHand"] = CFrame.new(-2.9802322387695312e-08, 5.960464477539063e-08, -1.1175870895385742e-07, 0.6306816339492798, 0.08769267052412033, -0.7710712552070618, -0.4033542573451996, 0.885883092880249, -0.2291649878025055, 0.6629828214645386, 0.4555450975894928, 0.5940812826156616),
            ["RightHand"] = CFrame.new(-2.2351741790771484e-07, 1.1920928955078125e-07, 2.2351741790771484e-08, 0.9962841868400574, 0.0728306770324707, 0.04597325623035431, -0.06962091475725174, 0.9952580332756042, -0.06793088465929031, -0.05070283263921738, 0.06447773426771164, 0.9966302514076233),
            ["RightUpperArm"] = CFrame.new(0, -4.76837158203125e-07, 1.4901161193847656e-08, 0.5551835298538208, -0.7955944538116455, 0.2424890697002411, 0.5934422016143799, 0.17464351654052734, -0.7857008576393127, 0.582750141620636, 0.5801114439964294, 0.5690985321998596),
            ["RightLowerLeg"] = CFrame.new(-8.847564458847046e-09, 3.5762786865234375e-07, -2.6244379114359617e-08, 1, -7.078051567077637e-08, -1.676381167214913e-08, 7.450580596923828e-08, 0.8665896654129028, 0.49902141094207764, -1.862645149230957e-09, -0.4990215003490448, 0.8665897250175476),
            ["LeftUpperLeg"] = CFrame.new(1.1920928955078125e-07, -4.190951585769653e-09, -6.332993507385254e-08, 0.8938578367233276, -0.0033625795040279627, 0.4483378827571869, 0.0032503989059478045, 0.9999942779541016, 0.0010197138180956244, -0.44833868741989136, 0.0005458355299197137, 0.8938636183738708),
            ["LeftLowerLeg"] = CFrame.new(-4.0978193283081055e-08, 2.384185791015625e-07, 0, 1, 4.097821459936313e-08, 3.166497108963995e-08, -3.91155481338501e-08, 0.8966239094734192, 0.4427928626537323, -3.725290298461914e-09, -0.44279301166534424, 0.896623969078064),
        }},
        {Time = 0.100, Data = {
            ["RightFoot"] = CFrame.new(-2.2351741790771484e-08, 2.980232238769531e-07, -3.55576048605144e-08, 0.9737655520439148, 0.03686278313398361, -0.22454816102981567, -0.1152203306555748, 0.9308152794837952, -0.34685298800468445, 0.19622671604156494, 0.3636262118816376, 0.9106433391571045),
            ["LeftLowerArm"] = CFrame.new(0, -1.7881393432617188e-07, 8.940696716308594e-08, 1, -1.73225998878479e-07, 7.078051567077637e-08, 8.568168397005138e-08, 0.06549976021051407, -0.9978526830673218, 2.8871003365793513e-08, 0.997852623462677, 0.0654996708035469),
            ["LeftFoot"] = CFrame.new(3.725290298461914e-09, 1.1920928955078125e-07, 7.450580596923828e-09, 0.9983054399490356, 0.05406522750854492, 0.021523412317037582, -0.046139370650053024, 0.96079421043396, -0.27339690923690796, -0.03546077013015747, 0.2719404101371765, 0.9616605043411255),
            ["Head"] = CFrame.new(-5.029141902923584e-08, -3.5762786865234375e-07, -2.2351741790771484e-08, 0.9294115304946899, 0.049611929804086685, 0.36569514870643616, -0.01388479769229889, 0.9949219822883606, -0.09968757629394531, -0.36878374218940735, 0.08757327497005463, 0.9253807067871094),
            ["LowerTorso"] = CFrame.new(-0.09481640160083771, -0.04594218730926514, 0.04639725387096405, 0.9814966320991516, -0.006223046220839024, -0.19137878715991974, -0.013088040053844452, 0.9949539303779602, -0.09947554767131805, 0.19103214144706726, 0.10013968497514725, 0.9764624238014221),
            ["UpperTorso"] = CFrame.new(1.862645149230957e-09, 1.1920928955078125e-07, 1.1175870895385742e-08, 0.9870538115501404, -0.1335907131433487, -0.08876072615385056, 0.14642995595932007, 0.976386547088623, 0.1588323414325714, 0.06544619053602219, -0.16977326571941376, 0.9833076000213623),
            ["HumanoidRootPart"] = CFrame.new(0, 0, 0, 1, 0, 0, 0, 1, 0, 0, 0, 1),
            ["RightUpperLeg"] = CFrame.new(0, 4.423782229423523e-09, -1.6596459317952394e-08, 0.9954546689987183, -0.07191344350576401, -0.06243745610117912, 0.07126963138580322, 0.9973790645599365, -0.012481581419706345, 0.06317135691642761, 0.00797491054981947, 0.9979708194732666),
            ["LeftUpperArm"] = CFrame.new(-3.5762786865234375e-07, 1.1920928955078125e-07, 5.960464477539063e-08, 0.9871503114700317, 0.1045006513595581, -0.1208881288766861, -0.07778472453355789, 0.9750884771347046, 0.2077307105064392, 0.139584481716156, -0.19565819203853607, 0.9706873893737793),
            ["RightLowerArm"] = CFrame.new(-1.7881393432617188e-07, -5.960464477539063e-08, 2.682209014892578e-07, 1, -1.1548399925231934e-07, 9.685753354915505e-08, 1.341104507446289e-07, -0.056215107440948486, -0.9984186887741089, 1.1175870895385742e-07, 0.9984186887741089, -0.056215133517980576),
            ["LeftHand"] = CFrame.new(8.940696716308594e-08, 5.960464477539063e-08, -1.564621925354004e-07, 0.6311114430427551, 0.08753643929958344, -0.7707374095916748, -0.40311184525489807, 0.8859152793884277, -0.22946691513061523, 0.6627210974693298, 0.45551246404647827, 0.594397783279419),
            ["RightHand"] = CFrame.new(2.682209014892578e-07, -1.7881393432617188e-07, -1.564621925354004e-07, 0.9960461258888245, 0.08538278192281723, 0.024533946067094803, -0.08416250348091125, 0.9953393340110779, -0.04707927256822586, -0.028439465910196304, 0.044828154146671295, 0.9985898733139038),
            ["RightUpperArm"] = CFrame.new(2.384185791015625e-07, 3.5762786865234375e-07, -5.960464477539063e-08, 0.5795924067497253, -0.7927273511886597, 0.1888287216424942, 0.513204038143158, 0.17508111894130707, -0.840219259262085, 0.6330042481422424, 0.5838921070098877, 0.5083063840866089),
            ["RightLowerLeg"] = CFrame.new(-2.421438694000244e-08, 2.384185791015625e-07, -1.3205863069742918e-08, 1, -5.587935447692871e-08, 2.2351747119842003e-08, 5.401671643312511e-08, 0.9053377509117126, 0.4246921241283417, -3.539026138810186e-08, -0.4246922731399536, 0.9053378701210022),
            ["LeftUpperLeg"] = CFrame.new(-1.1920928955078125e-07, 1.9883736968040466e-07, 3.725290298461914e-09, 0.8907688856124878, -0.029633376747369766, 0.4534895718097687, 0.020658498629927635, 0.9994806051254272, 0.02473290264606476, -0.45398709177970886, -0.012662836350500584, 0.8909183144569397),
            ["LeftLowerLeg"] = CFrame.new(-1.1175870895385742e-08, -1.1920928955078125e-07, 7.450580596923828e-09, 1, 2.6077040971017595e-08, 0, -2.6077035641947077e-08, 0.9407477974891663, 0.3391072154045105, 3.3061954951563166e-08, -0.33910733461380005, 0.9407477378845215),
        }},
        {Time = 0.133, Data = {
            ["RightFoot"] = CFrame.new(4.0046870708465576e-08, 2.384185791015625e-07, -5.75528247281909e-09, 0.973815381526947, 0.029912538826465607, -0.2253641039133072, -0.10820310562849045, 0.9328092336654663, -0.3437424302101135, 0.19993941485881805, 0.3591269552707672, 0.9116207361221313),
            ["LeftLowerArm"] = CFrame.new(-1.7881393432617188e-07, -2.384185791015625e-07, -5.960464477539063e-08, 1, -1.4621758737121127e-07, 1.0430809993522416e-07, 6.332992796842518e-08, 0.048879727721214294, -0.9988046884536743, 7.171183113996449e-08, 0.9988046884536743, 0.04887973517179489),
            ["LeftFoot"] = CFrame.new(-5.21540641784668e-08, 0, -3.725290298461914e-09, 0.9984835982322693, 0.05306867137551308, 0.014639093540608883, -0.04823620244860649, 0.9715378284454346, -0.23192176222801208, -0.026530278846621513, 0.2308637648820877, 0.9726243615150452),
            ["Head"] = CFrame.new(-3.4458935260772705e-08, 0, 1.862645149230957e-09, 0.9297836422920227, 0.05089350789785385, 0.3645711839199066, -0.02520935609936714, 0.9968746900558472, -0.07486918568611145, -0.3672422468662262, 0.06042163074016571, 0.9281607866287231),
            ["LowerTorso"] = CFrame.new(-0.09566102921962738, -0.03427422046661377, 0.04420505464076996, 0.9815464019775391, -0.0002403478865744546, -0.19122403860092163, -0.0134694529697299, 0.9974284768104553, -0.07039192318916321, 0.1907491683959961, 0.07166861742734909, 0.9790191650390625),
            ["UpperTorso"] = CFrame.new(-9.313225746154785e-10, 2.384185791015625e-07, 1.6763806343078613e-08, 0.9872329235076904, -0.13560746610164642, -0.08355660736560822, 0.14348074793815613, 0.984907865524292, 0.09679728746414185, 0.06916917115449905, -0.1075502336025238, 0.9917906522750854),
            ["HumanoidRootPart"] = CFrame.new(0, 0, 0, 1, 0, 0, 0, 1, 0, 0, 0, 1),
            ["RightUpperLeg"] = CFrame.new(0, 2.088709152303636e-07, 5.75528247281909e-09, 0.9954431056976318, -0.06959144026041031, -0.06519322842359543, 0.06932560354471207, 0.997573971748352, -0.0063334801234304905, 0.06547586619853973, 0.001785038155503571, 0.997852623462677),
            ["LeftUpperArm"] = CFrame.new(5.960464477539063e-08, 0, -2.2351741790771484e-08, 0.9856290221214294, 0.11660610139369965, -0.12222358584403992, -0.08439792692661285, 0.9666842222213745, 0.24165797233581543, 0.146330326795578, -0.22786974906921387, 0.9626332521438599),
            ["RightLowerArm"] = CFrame.new(-1.7881393432617188e-07, -1.7881393432617188e-07, 3.8743019104003906e-07, 1, -1.2293455142753373e-07, 1.1175870895385742e-07, 5.960465188081798e-08, -0.08388958871364594, -0.996475100517273, 8.195639367158947e-08, 0.9964750409126282, -0.08388963341712952),
            ["LeftHand"] = CFrame.new(1.1920928955078125e-07, -5.960464477539063e-08, 1.9371509552001953e-07, 0.6315106749534607, 0.08760453760623932, -0.7704024314880371, -0.40321654081344604, 0.8857816457748413, -0.22979824244976044, 0.6622768640518188, 0.4557590186595917, 0.5947041511535645),
            ["RightHand"] = CFrame.new(3.604218363761902e-07, -4.76837158203125e-07, 1.0849907994270325e-07, 0.9989149570465088, 0.04644324630498886, 0.003447653027251363, -0.0462857224047184, 0.9982532858848572, -0.03671512007713318, -0.005146773066371679, 0.036515746265649796, 0.9993197917938232),
            ["RightUpperArm"] = CFrame.new(-5.960464477539063e-08, 0, -1.4901161193847656e-08, 0.596044659614563, -0.7913944721221924, 0.13574080169200897, 0.44681668281555176, 0.18644553422927856, -0.8749817609786987, 0.6671474575996399, 0.5821795463562012, 0.464738130569458),
            ["RightLowerLeg"] = CFrame.new(-4.6566128730773926e-08, 1.1920928955078125e-07, 3.149762051180005e-08, 1, -6.891789183782748e-08, 3.72529100900465e-08, 5.494803900774059e-08, 0.9292142391204834, 0.3695414066314697, 1.4668332326550626e-08, -0.3695417046546936, 0.929214358329773),
            ["LeftUpperLeg"] = CFrame.new(-1.1920928955078125e-07, 2.669548848643899e-07, 1.862645149230957e-08, 0.887818455696106, -0.051444292068481445, 0.4573095440864563, 0.03277977555990219, 0.9982773065567017, 0.04866114258766174, -0.4590250849723816, -0.028211649507284164, 0.8879753351211548),
            ["LeftLowerLeg"] = CFrame.new(1.30385160446167e-08, 0, -3.725290298461914e-09, 1, 1.1175874448099421e-08, 1.210719347000122e-08, -2.1420419216156006e-08, 0.9680593609809875, 0.2507210671901703, 3.2014213502407074e-08, -0.25072118639945984, 0.9680593609809875),
        }},
        {Time = 0.167, Data = {
            ["RightFoot"] = CFrame.new(-1.4901161193847656e-08, 2.384185791015625e-07, 3.149762051180005e-08, 0.9737579226493835, 0.02550698071718216, -0.2261524647474289, -0.10278592258691788, 0.9358707070350647, -0.3370177447795868, 0.20305316150188446, 0.35141924023628235, 0.9139333963394165),
            ["LeftLowerArm"] = CFrame.new(2.086162567138672e-07, -1.7881393432617188e-07, 4.470348358154297e-08, 1, -6.053595313915139e-08, 1.0617075929530984e-07, 7.636842980218717e-08, 0.03634387627243996, -0.9993393421173096, 2.4680042898239662e-08, 0.9993393421173096, 0.03634385019540787),
            ["LeftFoot"] = CFrame.new(-1.955777406692505e-08, -1.1920928955078125e-07, 7.450580596923828e-09, 0.9985951781272888, 0.05227608606219292, 0.008655385114252567, -0.04972802475094795, 0.9809843301773071, -0.18760856986045837, -0.018298331648111343, 0.18691453337669373, 0.9822058081626892),
            ["Head"] = CFrame.new(1.6880221664905548e-08, 0, 9.313225746154785e-09, 0.9300670027732849, 0.057141758501529694, 0.3629188537597656, -0.0340922512114048, 0.996991753578186, -0.06960710138082504, -0.3658047318458557, 0.05236664414405823, 0.9292173385620117),
            ["LowerTorso"] = CFrame.new(-0.09652507305145264, -0.025951147079467773, 0.042106933891773224, 0.9815701246261597, 0.002821089467033744, -0.19108149409294128, -0.013682156801223755, 0.9983625411987305, -0.055544525384902954, 0.1906118392944336, 0.05713525414466858, 0.9800014495849609),
            ["UpperTorso"] = CFrame.new(1.0244548320770264e-08, 2.682209014892578e-07, -1.862645149230957e-09, 0.9872843027114868, -0.1375989019870758, -0.07960072159767151, 0.14236538112163544, 0.9881339073181152, 0.057649578899145126, 0.07072378695011139, -0.0682489275932312, 0.9951584339141846),
            ["HumanoidRootPart"] = CFrame.new(0, 0, 0, 1, 0, 0, 0, 1, 0, 0, 0, 1),
            ["RightUpperLeg"] = CFrame.new(-2.9802322387695312e-08, 7.08969309926033e-08, -2.4047039914876223e-08, 0.9954516887664795, -0.0677499920129776, -0.06697648018598557, 0.06844358146190643, 0.9976219534873962, 0.008113650605082512, 0.06626760959625244, -0.012660990469157696, 0.9977216124534607),
            ["LeftUpperArm"] = CFrame.new(1.7881393432617188e-07, 0, 5.122274160385132e-08, 0.9836359024047852, 0.13168559968471527, -0.12296091020107269, -0.09517072886228561, 0.9592631459236145, 0.26600152254104614, 0.15298038721084595, -0.24994643032550812, 0.9560983180999756),
            ["RightLowerArm"] = CFrame.new(0, -3.5762786865234375e-07, 1.043081283569336e-07, 1, -1.2293455142753373e-07, 1.1059452731387864e-07, 1.3038514623531228e-07, -0.1128753200173378, -0.9936091303825378, 1.0244546899684792e-07, 0.9936092495918274, -0.11287538707256317),
            ["LeftHand"] = CFrame.new(1.4901161193847656e-07, -1.1920928955078125e-07, -8.940696716308594e-08, 0.6318974494934082, 0.08691952377557755, -0.7701622247695923, -0.4024689197540283, 0.8860120177268982, -0.2302207052707672, 0.662362813949585, 0.4554423391819, 0.5948517322540283),
            ["RightHand"] = CFrame.new(-3.203749656677246e-07, 0, -3.725290298461914e-09, 0.9987351894378662, -0.04730641096830368, -0.017039259895682335, 0.04668853059411049, 0.9982962608337402, -0.03499831259250641, 0.018665913492441177, 0.03415852412581444, 0.9992421269416809),
            ["RightUpperArm"] = CFrame.new(0, 1.1920928955078125e-07, 1.6763806343078613e-08, 0.6078796982765198, -0.7898405194282532, 0.08144954591989517, 0.3868768513202667, 0.2050384283065796, -0.8990470170974731, 0.6934035420417786, 0.5780234336853027, 0.4302099049091339),
            ["RightLowerLeg"] = CFrame.new(-2.7939677238464355e-08, 2.384185791015625e-07, -1.6931153368204832e-08, 1, -5.0291436792804234e-08, 3.539026494081554e-08, 4.936009645462036e-08, 0.9467071294784546, 0.32209569215774536, -2.561137080192566e-09, -0.3220959007740021, 0.9467071890830994),
            ["LeftUpperLeg"] = CFrame.new(0, -2.176966518163681e-08, 1.4901161193847656e-08, 0.8851714730262756, -0.07516123354434967, 0.4591538906097412, 0.03870895504951477, 0.9953408241271973, 0.08830796182155609, -0.4636518955230713, -0.06039431318640709, 0.8839567303657532),
            ["LeftLowerLeg"] = CFrame.new(-3.632158041000366e-08, -2.384185791015625e-07, 3.725290298461914e-09, 1, 2.2351748896198842e-08, -1.210719613453648e-08, -1.2107191693644381e-08, 0.9879366159439087, 0.15485888719558716, -5.820765536235228e-10, -0.15485891699790955, 0.9879366755485535),
        }},
        {Time = 0.200, Data = {
            ["RightFoot"] = CFrame.new(-4.377216100692749e-08, 2.980232238769531e-07, -4.300818545743823e-08, 0.9736997485160828, 0.02240334264934063, -0.2267310917377472, -0.09924042969942093, 0.9374923706054688, -0.33355551958084106, 0.205085888504982, 0.3472839891910553, 0.915059506893158),
            ["LeftLowerArm"] = CFrame.new(5.960464477539063e-08, 2.980232238769531e-07, -2.9802322387695312e-08, 1, -1.632142812013626e-07, 7.543710722757169e-08, 1.0337680578231812e-07, 0.030869588255882263, -0.9995234608650208, 3.306195139884949e-08, 0.9995234608650208, 0.03086954727768898),
            ["LeftFoot"] = CFrame.new(2.3283064365386963e-08, -5.960464477539063e-08, -1.210719347000122e-08, 0.9986526966094971, 0.051713183522224426, 0.004313258919864893, -0.05083717405796051, 0.9916328191757202, -0.11865903437137604, -0.010413434356451035, 0.11827990412712097, 0.992925763130188),
            ["Head"] = CFrame.new(-4.6566128730773926e-09, -1.1920928955078125e-07, 3.725290298461914e-09, 0.9301930069923401, 0.06533048301935196, 0.36121028661727905, -0.03952103853225708, 0.9961389899253845, -0.07839202880859375, -0.36493706703186035, 0.05864439904689789, 0.9291834235191345),
            ["LowerTorso"] = CFrame.new(-0.0973399206995964, -0.021024584770202637, 0.03989985212683678, 0.9815825819969177, 0.0042684669606387615, -0.19099068641662598, -0.013789014890789986, 0.9987257122993469, -0.04854702204465866, 0.19054007530212402, 0.050286486744880676, 0.9803906083106995),
            ["UpperTorso"] = CFrame.new(0, 2.086162567138672e-07, -9.313225746154785e-09, 0.9873299598693848, -0.1386248618364334, -0.07721838355064392, 0.14165647327899933, 0.9892882108688354, 0.035247523337602615, 0.0715050920844078, -0.045739419758319855, 0.9963909387588501),
            ["HumanoidRootPart"] = CFrame.new(0, 0, 0, 1, 0, 0, 0, 1, 0, 0, 0, 1),
            ["RightUpperLeg"] = CFrame.new(0, 7.671769708395004e-08, -1.6596459317952394e-08, 0.9954512119293213, -0.0665731281042099, -0.06815463304519653, 0.06821729242801666, 0.9974260330200195, 0.022085312753915787, 0.06650896370410919, -0.026634300127625465, 0.9974302649497986),
            ["LeftUpperArm"] = CFrame.new(-2.384185791015625e-07, 3.5762786865234375e-07, 2.9802322387695312e-08, 0.9813981652259827, 0.1475622057914734, -0.12281390279531479, -0.10819082707166672, 0.9535459280014038, 0.2811494469642639, 0.15859569609165192, -0.2626321613788605, 0.951772928237915),
            ["RightLowerArm"] = CFrame.new(-1.1920928955078125e-07, -5.960464477539063e-08, -8.195638656616211e-08, 1, -1.378357126213814e-07, 6.938351049257108e-08, 1.7508864402770996e-07, -0.1299094259738922, -0.9915258884429932, 5.3085386753082275e-08, 0.9915258288383484, -0.1299094706773758),
            ["LeftHand"] = CFrame.new(0, -5.960464477539063e-08, -2.086162567138672e-07, 0.6319974660873413, 0.08511259406805038, -0.7702826857566833, -0.39952918887138367, 0.8874653577804565, -0.2297428995370865, 0.6640450358390808, 0.45294731855392456, 0.5948805212974548),
            ["RightHand"] = CFrame.new(7.450580596923828e-08, -6.556510925292969e-07, -1.3597309589385986e-07, 0.9938405156135559, -0.10649177432060242, -0.0306684672832489, 0.10526783019304276, 0.9936753511428833, -0.03909112140536308, 0.03463737294077873, 0.03562192618846893, 0.9987649321556091),
            ["RightUpperArm"] = CFrame.new(1.1920928955078125e-07, 2.384185791015625e-07, -3.3527612686157227e-08, 0.6108884811401367, -0.7907114624977112, 0.039883170276880264, 0.34324154257774353, 0.21911364793777466, -0.9133315682411194, 0.7134426832199097, 0.5716332197189331, 0.4052589535713196),
            ["RightLowerLeg"] = CFrame.new(7.450580596923828e-09, 2.980232238769531e-07, -2.438173396512866e-08, 1, -5.0291436792804234e-08, 4.749745841081676e-08, 4.0512531995773315e-08, 0.95746910572052, 0.2885359525680542, -4.7264620661735535e-08, -0.2885361313819885, 0.95746910572052),
            ["LeftUpperLeg"] = CFrame.new(-5.960464477539063e-08, 7.916241884231567e-09, -7.450580596923828e-09, 0.8832167983055115, -0.1119823306798935, 0.4553987681865692, 0.04128418490290642, 0.9858681559562683, 0.162356436252594, -0.46714407205581665, -0.12459515780210495, 0.8753584027290344),
            ["LeftLowerLeg"] = CFrame.new(4.6566128730773926e-08, -2.384185791015625e-07, 0, 1, 0, -3.9581212973871516e-08, -5.587934559514451e-09, 0.9999878406524658, 0.004949065390974283, 4.1443851017675115e-08, -0.0049490793608129025, 0.999987781047821),
        }},
        {Time = 0.233, Data = {
            ["RightFoot"] = CFrame.new(-1.30385160446167e-08, 3.5762786865234375e-07, -5.75528247281909e-09, 0.9737100601196289, 0.020463434979319572, -0.22687040269374847, -0.09805285930633545, 0.9366171360015869, -0.3363536596298218, 0.20560768246650696, 0.3497565984725952, 0.9140000939369202),
            ["LeftLowerArm"] = CFrame.new(2.384185791015625e-07, 1.7881393432617188e-07, -1.7881393432617188e-07, 1, -1.4816167492881505e-07, 9.729593841711903e-08, 8.152711217235264e-08, 0.0320955291390419, -0.9994848370552063, 3.8160127502351315e-08, 0.9994848370552063, 0.03209548071026802),
            ["LeftFoot"] = CFrame.new(4.7497451305389404e-08, -5.960464477539063e-08, -6.51925802230835e-09, 0.9986704587936401, 0.051482681185007095, 0.0026463025715202093, -0.050794146955013275, 0.9914795160293579, -0.11995140463113785, -0.008799120783805847, 0.11965758353471756, 0.9927763342857361),
            ["Head"] = CFrame.new(-1.3969838619232178e-08, -1.1920928955078125e-07, 7.450580596923828e-09, 0.9303027391433716, 0.0736183226108551, 0.35932886600494385, -0.04218766465783119, 0.9946255683898926, -0.09455221891403198, -0.36435842514038086, 0.07280303537845612, 0.928408682346344),
            ["LowerTorso"] = CFrame.new(-0.09806694090366364, -0.01930868625640869, 0.03750517964363098, 0.9816000461578369, 0.004757247865200043, -0.19088976085186005, -0.013854321092367172, 0.9988292455673218, -0.0463499091565609, 0.19044576585292816, 0.0481417141854763, 0.9805166125297546),
            ["UpperTorso"] = CFrame.new(-3.725290298461914e-09, -8.940696716308594e-08, -3.725290298461914e-09, 0.9873633980751038, -0.13907203078269958, -0.07597837597131729, 0.14133895933628082, 0.989638090133667, 0.025295918807387352, 0.07167314738035202, -0.035714972764253616, 0.9967885613441467),
            ["HumanoidRootPart"] = CFrame.new(0, 0, 0, 1, 0, 0, 0, 1, 0, 0, 0, 1),
            ["RightUpperLeg"] = CFrame.new(0, 3.564637154340744e-07, -3.149762051180005e-08, 0.9954084157943726, -0.06637164950370789, -0.06897103786468506, 0.06854135543107986, 0.9972096681594849, 0.029580282047390938, 0.06681526452302933, -0.03417196497321129, 0.9971801042556763),
            ["LeftUpperArm"] = CFrame.new(1.1920928955078125e-07, 0, -2.9802322387695312e-08, 0.9794619083404541, 0.16025598347187042, -0.12236254662275314, -0.11935717612504959, 0.9499446153640747, 0.2887198030948639, 0.16250666975975037, -0.26818525791168213, 0.949562132358551),
            ["RightLowerArm"] = CFrame.new(-2.9802322387695312e-08, 1.1920928955078125e-07, 9.685754776000977e-08, 1, -1.5646217832454568e-07, 2.0791776478290558e-07, 8.195638656616211e-08, -0.1342541128396988, -0.9909470081329346, 1.0617077350616455e-07, 0.9909469485282898, -0.13425399363040924),
            ["LeftHand"] = CFrame.new(3.618333721533418e-08, 5.960464477539063e-08, 2.2351741790771484e-07, 0.6318694949150085, 0.08057644963264465, -0.7708752155303955, -0.39275017380714417, 0.8907220959663391, -0.2288253754377365, 0.6681978106498718, 0.4473496675491333, 0.5944665670394897),
            ["RightHand"] = CFrame.new(-2.086162567138672e-07, 5.364418029785156e-07, -7.078051567077637e-08, 0.9895806908607483, -0.13884946703910828, -0.03809170052409172, 0.1372487097978592, 0.9896523952484131, -0.04184412583708763, 0.043507542461156845, 0.03618023172020912, 0.9983977675437927),
            ["RightUpperArm"] = CFrame.new(0, 5.960464477539062e-07, -1.4901161193847656e-08, 0.6028199195861816, -0.7977579832077026, 0.013799251057207584, 0.32022395730018616, 0.22606156766414642, -0.9199742674827576, 0.7307973504066467, 0.5589978098869324, 0.39173564314842224),
            ["RightLowerLeg"] = CFrame.new(-1.1175870895385742e-08, 5.960464477539063e-08, 2.6266206987202168e-09, 1, -5.02914261346632e-08, -1.862645815364772e-09, 4.327739588916302e-08, 0.961466372013092, 0.27492260932922363, -1.7869751900434494e-08, -0.2749227285385132, 0.9614664316177368),
            ["LeftUpperLeg"] = CFrame.new(-1.1920928955078125e-07, 2.9103830456733704e-07, -1.4901161193847656e-08, 0.8824915289878845, -0.11259015649557114, 0.4566533863544464, 0.04207116365432739, 0.9859292507171631, 0.1617824137210846, -0.46844297647476196, -0.12355968356132507, 0.8748109936714172),
            ["LeftLowerLeg"] = CFrame.new(-3.585591912269592e-08, -2.384185791015625e-07, -1.0244548320770264e-08, 1, 1.8626449271863521e-09, 8.381906724252985e-09, -1.862645149230957e-09, 0.9999877214431763, 0.004950423259288073, -6.05359673500061e-09, -0.004950413014739752, 0.999987781047821),
        }},
        {Time = 0.267, Data = {
            ["RightFoot"] = CFrame.new(-3.725290298461914e-09, 1.1920928955078125e-07, 3.149762051180005e-08, 0.973805844783783, 0.019840963184833527, -0.22651420533657074, -0.09994270652532578, 0.9321467876434326, -0.34801387786865234, 0.20423956215381622, 0.3615367114543915, 0.9097129702568054),
            ["LeftLowerArm"] = CFrame.new(-2.9802322387695312e-08, -5.960464477539063e-08, -5.960464477539063e-08, 1, -1.4691612193473702e-07, 7.450580596923828e-08, 9.592622518539429e-08, 0.03813919425010681, -0.9992724657058716, 3.4458935260772705e-08, 0.9992724657058716, 0.0381392240524292),
            ["LeftFoot"] = CFrame.new(4.190951585769653e-08, -5.960464477539063e-08, 2.7939677238464355e-09, 0.9986555576324463, 0.05166007950901985, 0.004281246569007635, -0.050758082419633865, 0.9912899136543274, -0.1215234249830246, -0.010521892458200455, 0.12114273756742477, 0.9925794005393982),
            ["Head"] = CFrame.new(-2.60770320892334e-08, -4.76837158203125e-07, -3.725290298461914e-09, 0.9303176403045654, 0.08475863188505173, 0.356826514005661, -0.043312083929777145, 0.9915112853050232, -0.1225949227809906, -0.3641885221004486, 0.09859739243984222, 0.9260914325714111),
            ["LowerTorso"] = CFrame.new(-0.09867405891418457, -0.021146059036254883, 0.0349179282784462, 0.9816213250160217, 0.004524513613432646, -0.19078554213047028, -0.013846293091773987, 0.9987726807594299, -0.047555264085531235, 0.190336212515831, 0.049322932958602905, 0.9804791808128357),
            ["UpperTorso"] = CFrame.new(2.7939677238464355e-09, 8.940696716308594e-08, 5.587935447692871e-09, 0.987238883972168, -0.1399979144334793, -0.07589582353830338, 0.1422952264547348, 0.9894898533821106, 0.0257306806743145, 0.0714958980679512, -0.03620193153619766, 0.9967837929725647),
            ["HumanoidRootPart"] = CFrame.new(0, 0, 0, 1, 0, 0, 0, 1, 0, 0, 0, 1),
            ["RightUpperLeg"] = CFrame.new(-2.9802322387695312e-08, -4.2957253754138947e-08, 9.480572771281004e-09, 0.9953179359436035, -0.06739213317632675, -0.06928591430187225, 0.06931617110967636, 0.9972624182701111, 0.02574838139116764, 0.067361019551754, -0.030430559068918228, 0.9972645044326782),
            ["LeftUpperArm"] = CFrame.new(-1.1920928955078125e-07, -5.960464477539062e-07, 1.862645149230957e-08, 0.9777861833572388, 0.17091378569602966, -0.1213374137878418, -0.1298247128725052, 0.9483062028884888, 0.28958767652511597, 0.16455937922000885, -0.2674022316932678, 0.9494295120239258),
            ["RightLowerArm"] = CFrame.new(0, 1.1920928955078125e-07, 2.2351741790771484e-08, 1, -1.2293456563838845e-07, 5.634502286966381e-08, 7.823110337312755e-08, -0.1339251697063446, -0.9909915328025818, 8.777715976293621e-08, 0.9909914135932922, -0.13392521440982819),
            ["LeftHand"] = CFrame.new(-9.499490261077881e-08, 1.1920928955078125e-07, -2.2351741790771484e-07, 0.6310690641403198, 0.07243553549051285, -0.7723374366760254, -0.3808212876319885, 0.8963260054588318, -0.22710134088993073, 0.6758159399032593, 0.4374391436576843, 0.5932284593582153),
            ["RightHand"] = CFrame.new(-2.5331974029541016e-07, 1.7881393432617188e-07, 1.862645149230957e-08, 0.9875484108924866, -0.15203522145748138, -0.04041583463549614, 0.1502925008535385, 0.9876993298530579, -0.043153997510671616, 0.04647960886359215, 0.03654250502586365, 0.9982506036758423),
            ["RightUpperArm"] = CFrame.new(1.1920928955078125e-07, -8.344650268554688e-07, -6.332993507385254e-08, 0.5875816345214844, -0.809157133102417, -0.0035490011796355247, 0.3079502284526825, 0.22767427563667297, -0.9237592816352844, 0.7482743859291077, 0.5416909456253052, 0.3829573690891266),
