return {
    ["I'm Diamond"] = {
        {Time = 0.000, Data = {
            ["LeftFoot"] = CFrame.new(-5.587935447692871e-09, -5.960464477539063e-08, -3.725290298461914e-09, 0.9965056777000427, 0.04622453823685646, 0.06956979632377625, -0.015731601044535637, 0.921869695186615, -0.3871801197528839, -0.08203139901161194, 0.38473302125930786, 0.9193756580352783),
            ["LeftLowerArm"] = CFrame.new(-2.9802322387695312e-08, 1.7881393432617188e-07, -3.166496753692627e-08, 1, -4.470348358154297e-08, 1.4901157641133977e-08, 4.470348358154297e-08, 0.760949969291687, -0.6488104462623596, 2.2351741790771484e-08, 0.6488105654716492, 0.7609500288963318),
            ["LowerTorso"] = CFrame.new(0.011331896297633648, -0.1534099578857422, 0.2682052552700043, 0.9943488836288452, 0.026157652959227562, -0.10288885235786438, -0.04139437526464462, 0.9879902005195618, -0.1488688886165619, 0.09775911271572113, 0.15228663384914398, 0.9834896922111511),
            ["Head"] = CFrame.new(-1.1525116860866547e-08, -3.5762786865234375e-07, 1.4691613614559174e-07, 0.9828801155090332, 0.13945119082927704, 0.12041692435741425, -0.14195193350315094, 0.9897959232330322, 0.012402801774442196, -0.11745858937501907, -0.029283873736858368, 0.9926460385322571),
            ["RightUpperArm"] = CFrame.new(-1.1920928955078125e-07, -7.152557373046875e-07, 6.705522537231445e-08, 0.9392486810684204, -0.2898210883140564, 0.18389055132865906, 0.28730639815330505, 0.9569705128669739, 0.04077434912323952, -0.18779511749744415, 0.014535704627633095, 0.9821006655693054),
            ["UpperTorso"] = CFrame.new(-3.3527612686157227e-08, 1.4901161193847656e-07, 3.026798367500305e-09, 0.9990924596786499, -0.0425947941839695, 0.00018823708523996174, 0.04233316332101822, 0.9924468994140625, -0.11513959616422653, 0.004717533942312002, 0.11504311114549637, 0.9933493733406067),
            ["HumanoidRootPart"] = CFrame.new(0, 0, 0, 1, 0, 0, 0, 1, 0, 0, 0, 1),
            ["RightHand"] = CFrame.new(-5.249457899481058e-07, 0, 5.383044481277466e-07, 0.06652279198169708, -0.11084870249032974, 0.9916085004806519, -0.6145967841148376, 0.778347909450531, 0.12823964655399323, -0.7860315442085266, -0.6179702281951904, -0.01634933240711689),
            ["LeftUpperArm"] = CFrame.new(-2.384185791015625e-07, -3.5762786865234375e-07, 1.2665987014770508e-07, 0.8713089823722839, 0.20109844207763672, -0.44763851165771484, -0.26169100403785706, 0.9620615839958191, -0.07717076689004898, 0.4151369333267212, 0.1843825876712799, 0.8908784985542297),
            ["RightLowerArm"] = CFrame.new(-4.76837158203125e-07, -2.384185791015625e-07, 4.470348358154297e-08, 1, -8.032660048229445e-08, 8.934875239674511e-08, 7.881317287683487e-08, 0.49684441089630127, -0.8678396344184875, 5.029141902923584e-08, 0.8678396344184875, 0.49684441089630127),
            ["LeftHand"] = CFrame.new(-7.152557373046875e-07, -2.384185791015625e-07, -4.3213367462158203e-07, 0.46086007356643677, -0.17365673184394836, -0.8703169226646423, 0.5983874201774597, 0.7850222587585449, 0.16022732853889465, 0.6553933620452881, -0.5946289300918579, 0.46569928526878357),
            ["RightUpperLeg"] = CFrame.new(1.1920928955078125e-07, 1.8347054719924927e-07, -4.919274942949414e-08, 0.987166166305542, -0.15143832564353943, 0.05069078877568245, 0.15158586204051971, 0.9884436130523682, 0.0009473694954067469, -0.05024847388267517, 0.00674850819632411, 0.9987139105796814),
            ["LeftUpperLeg"] = CFrame.new(0, 2.421438694000244e-07, -1.7695128917694092e-08, 0.9636380076408386, 0.02368086576461792, 0.2661598324775696, 0.04133002087473869, 0.9708694219589233, -0.23601782321929932, -0.26399561762809753, 0.23843635618686676, 0.9345879554748535),
            ["RightLowerLeg"] = CFrame.new(-1.5739351511001587e-07, -0.00012224912643432617, -0.00007744615868432447, 1, -9.49948883999241e-08, -1.192093321833454e-07, 1.1641535024864424e-07, 0.4746438264846802, 0.8801779747009277, -6.14673041354763e-08, -0.8801779747009277, 0.47464388608932495),
            ["RightFoot"] = CFrame.new(2.60770320892334e-08, 2.980232238769531e-07, -3.55576048605144e-08, 0.8277065753936768, 0.4409552812576294, -0.34707456827163696, -0.5090078115463257, 0.8503402471542358, -0.13353677093982697, 0.23624777793884277, 0.2871932089328766, 0.9282819032669067),
            ["LeftLowerLeg"] = CFrame.new(1.4156103134155273e-07, 0.0001227259635925293, 0.00007747113704681396, 1, 3.7252888773764425e-08, 5.494806387673634e-08, -6.519260153936557e-08, 0.7113718390464783, 0.7028166055679321, 8.195641498787154e-08, -0.7028158903121948, 0.7113711833953857),
        }},
        {Time = 0.033, Data = {
            ["LeftFoot"] = CFrame.new(4.377216100692749e-08, -5.960464477539063e-08, -1.1175870895385742e-08, 0.9961956143379211, 0.06224767118692398, 0.0609884075820446, -0.034838560968637466, 0.9259577989578247, -0.3760162889957428, -0.0798787921667099, 0.372461199760437, 0.9246038794517517),
            ["LeftLowerArm"] = CFrame.new(-2.086162567138672e-07, 0, 1.6763806343078613e-07, 1, -1.0430814256778831e-07, 3.725290653733282e-08, 2.980232594040899e-08, 0.7140378355979919, -0.700107216835022, -1.4901162970204496e-08, 0.7001071572303772, 0.7140377759933472),
            ["LowerTorso"] = CFrame.new(-0.014265897683799267, -0.13515186309814453, 0.24815969169139862, 0.9979860186576843, 0.015896307304501534, -0.061410754919052124, -0.024862907826900482, 0.988655149936676, -0.14813151955604553, 0.05835931748151779, 0.1493600308895111, 0.9870591759681702),
            ["Head"] = CFrame.new(8.381903171539307e-09, 5.960464477539062e-07, -5.00003807246685e-08, 0.9900714755058289, 0.11662863940000534, 0.0784619078040123, -0.11655927449464798, 0.9931687116622925, -0.005479064304381609, -0.07856488972902298, -0.0037207743152976036, 0.9969021081924438),
            ["RightUpperArm"] = CFrame.new(-5.960464477539063e-08, 5.960464477539062e-07, -1.043081283569336e-07, 0.9017638564109802, -0.3149619698524475, 0.2960081994533539, 0.3433852791786194, 0.937963604927063, -0.048071518540382385, -0.2625042200088501, 0.14499399065971375, 0.9539750814437866),
            ["UpperTorso"] = CFrame.new(-3.632158041000366e-08, 3.8743019104003906e-07, 1.8975697457790375e-08, 0.9999057054519653, -0.013729986734688282, -0.0003653709136415273, 0.01364290900528431, 0.9959338903427124, -0.08904794603586197, 0.001586520578712225, 0.08903457224369049, 0.9960273504257202),
            ["HumanoidRootPart"] = CFrame.new(0, 0, 0, 1, 0, 0, 0, 1, 0, 0, 0, 1),
            ["RightHand"] = CFrame.new(1.9371509552001953e-07, 0, 1.8998980522155762e-07, 0.1454193890094757, -0.035833340138196945, 0.9887210726737976, -0.6626333594322205, 0.7385694980621338, 0.12422627955675125, -0.7346906065940857, -0.6732243895530701, 0.08365791290998459),
            ["LeftUpperArm"] = CFrame.new(-2.384185791015625e-07, 4.76837158203125e-07, 1.4901161193847656e-08, 0.8145055770874023, 0.19333185255527496, -0.5469950437545776, -0.3118589222431183, 0.9409418106079102, -0.13180522620677948, 0.4892083704471588, 0.27794140577316284, 0.8266944885253906),
            ["RightLowerArm"] = CFrame.new(-3.5762786865234375e-07, 1.1920928955078125e-07, -8.195638656616211e-08, 1, -9.126962652317161e-08, 4.9360085796479325e-08, 1.341104365337742e-07, 0.24462251365184784, -0.9696184396743774, 5.960463766996327e-08, 0.9696184992790222, 0.24462249875068665),
            ["LeftHand"] = CFrame.new(-1.4901161193847656e-07, -2.384185791015625e-07, -1.1920928955078125e-07, 0.14384739100933075, -0.2954042851924896, -0.9444810152053833, 0.7405456900596619, 0.6652182340621948, -0.09527209401130676, 0.6564298272132874, -0.6857267022132874, 0.31445011496543884),
            ["RightUpperLeg"] = CFrame.new(0, -9.033828973770142e-08, 1.1343217920511961e-08, 0.9908641576766968, -0.1289423108100891, 0.039525073021650314, 0.1292085349559784, 0.9916083812713623, -0.004248818848282099, -0.03864565119147301, 0.009316894225776196, 0.9992096424102783),
            ["LeftUpperLeg"] = CFrame.new(2.9802322387695312e-08, 6.51925802230835e-09, -7.450580596923828e-09, 0.9711527824401855, 0.007347557693719864, 0.23834535479545593, 0.04638083651661873, 0.9746160507202148, -0.21902623772621155, -0.23390443623065948, 0.22376267611980438, 0.9461601972579956),
            ["RightLowerLeg"] = CFrame.new(-5.122274160385132e-08, -0.00012195110321044922, -0.00007742473826510832, 1, -1.564621925354004e-07, -9.685759039257391e-08, 7.776546340210189e-08, 0.46859970688819885, 0.8834104537963867, -8.195641498787154e-08, -0.883410632610321, 0.46860018372535706),
            ["RightFoot"] = CFrame.new(1.1175870895385742e-08, 4.172325134277344e-07, -3.55576048605144e-08, 0.8853617310523987, 0.3634353280067444, -0.28991398215293884, -0.4162848889827728, 0.8973817229270935, -0.1463293433189392, 0.2069820612668991, 0.2502415180206299, 0.9458000659942627),
            ["LeftLowerLeg"] = CFrame.new(6.51925802230835e-09, 0.00012248754501342773, 0.00007751584053039551, 1, 5.215405707303944e-08, 7.450583261459087e-09, -8.10250853078287e-08, 0.735660195350647, 0.6773508787155151, 5.401672353855247e-08, -0.6773508191108704, 0.735660195350647),
        }},
        {Time = 0.067, Data = {
            ["LeftFoot"] = CFrame.new(6.332993507385254e-08, 0, 7.450580596923828e-09, 0.9956170916557312, 0.07564717531204224, 0.054992884397506714, -0.051869947463274, 0.9359250068664551, -0.34835880994796753, -0.07782158255577087, 0.34397953748703003, 0.9357467889785767),
            ["LeftLowerArm"] = CFrame.new(8.940696716308594e-08, -2.384185791015625e-07, 6.705522537231445e-08, 1, -5.960463766996327e-08, 7.310882210731506e-08, 8.940696716308594e-08, 0.5946716070175171, -0.8039687275886536, 4.470348358154297e-08, 0.8039686679840088, 0.5946716666221619),
            ["LowerTorso"] = CFrame.new(-0.03747152164578438, -0.10790705680847168, 0.22928638756275177, 0.9997189044952393, 0.0071408674120903015, -0.022609706968069077, -0.00993725098669529, 0.99196857213974, -0.12609368562698364, 0.021527700126171112, 0.12628291547298431, 0.9917606711387634),
            ["Head"] = CFrame.new(7.450580596923828e-09, -1.1920928955078125e-07, 4.487810656428337e-08, 0.9945310950279236, 0.09674772620201111, 0.039343010634183884, -0.09588149189949036, 0.995119035243988, -0.023342562839388847, -0.04140930995345116, 0.019442660734057426, 0.9989531636238098),
            ["RightUpperArm"] = CFrame.new(-2.384185791015625e-07, -2.384185791015625e-07, -9.12696123123169e-08, 0.8679323792457581, -0.3501279354095459, 0.3522838354110718, 0.4149162769317627, 0.9009848237037659, -0.1267709732055664, -0.2730162739753723, 0.25619688630104065, 0.9272676706314087),
            ["UpperTorso"] = CFrame.new(-3.5390257835388184e-08, -1.4901161193847656e-07, 2.60770320892334e-08, 0.9999426007270813, 0.010721612721681595, 0.00012382282875478268, -0.01066586747765541, 0.9957941174507141, -0.09099620580673218, -0.0010989174479618669, 0.09098964929580688, 0.9958512783050537),
            ["HumanoidRootPart"] = CFrame.new(0, 0, 0, 1, 0, 0, 0, 1, 0, 0, 0, 1),
            ["RightHand"] = CFrame.new(-3.501772880554199e-07, -1.1920928955078125e-07, -2.086162567138672e-07, 0.25995564460754395, 0.015154263004660606, 0.9655017256736755, -0.6767917275428772, 0.7160429954528809, 0.1709834188222885, -0.6887496113777161, -0.6978917121887207, 0.19639569520950317),
            ["LeftUpperArm"] = CFrame.new(-1.1920928955078125e-07, 0, -1.043081283569336e-07, 0.7760058045387268, 0.21679826080799103, -0.5922951698303223, -0.3855706453323364, 0.9062277674674988, -0.17345479130744934, 0.4991496503353119, 0.3629736006259918, 0.7868289947509766),
            ["RightLowerArm"] = CFrame.new(4.172325134277344e-07, 2.384185791015625e-07, -4.470348358154297e-08, 1, -8.940694584680386e-08, 8.195635814445268e-08, 6.705521116145974e-08, -0.041862327605485916, -0.9991234540939331, 8.940694584680386e-08, 0.9991234540939331, -0.041862353682518005),
            ["LeftHand"] = CFrame.new(-5.066394805908203e-07, -1.1920928955078125e-07, -3.4458935260772705e-08, -0.04131661355495453, -0.32783958315849304, -0.9438294768333435, 0.7661314010620117, 0.5959692597389221, -0.24054813385009766, 0.6413545608520508, -0.7330360412597656, 0.22654472291469574),
            ["RightUpperLeg"] = CFrame.new(1.1920928955078125e-07, 1.5203841030597687e-07, -8.272036211565137e-08, 0.9931259155273438, -0.10779174417257309, 0.04562794417142868, 0.11097194254398346, 0.9910564422607422, -0.07411102205514908, -0.03723149374127388, 0.07866489142179489, 0.9962056875228882),
            ["LeftUpperLeg"] = CFrame.new(5.960464477539063e-08, -4.656612873077393e-10, -7.264316082000732e-08, 0.977774977684021, -0.010912569239735603, 0.2093736082315445, 0.054442547261714935, 0.9776028990745544, -0.2032942771911621, -0.20246554911136627, 0.21017497777938843, 0.9564696550369263),
            ["RightLowerLeg"] = CFrame.new(-1.1614611139521003e-07, -0.00012254714965820312, -0.00007745454058749601, 1, -1.033767915714634e-07, -7.473864371831951e-08, 1.231383066624403e-07, 0.4165317714214325, 0.9091209769248962, -7.601920515298843e-08, -0.9091212153434753, 0.4165321886539459),
            ["RightFoot"] = CFrame.new(-6.880145519971848e-08, 3.5762786865234375e-07, -2.0656443666666746e-08, 0.9326969385147095, 0.2988068461418152, -0.20196843147277832, -0.32411062717437744, 0.9400674700737, -0.10594997555017471, 0.1582053303718567, 0.164279505610466, 0.9736443758010864),
            ["LeftLowerLeg"] = CFrame.new(-7.636845111846924e-08, 0.00012254714965820312, 0.00007747113704681396, 1, 7.078050145992165e-08, -9.313226634333205e-09, -4.749744419996205e-08, 0.7816377282142639, 0.6237329840660095, 2.9802318834981634e-08, -0.6237328052520752, 0.7816374897956848),
        }},
        {Time = 0.100, Data = {
            ["LeftFoot"] = CFrame.new(-9.313225746154785e-09, 0, 1.862645149230957e-08, 0.9954562187194824, 0.0813651978969574, 0.049464151263237, -0.0621468648314476, 0.9487332701683044, -0.30990782380104065, -0.07214399427175522, 0.3054260313510895, 0.9494791030883789),
            ["LeftLowerArm"] = CFrame.new(-2.384185791015625e-07, 7.152557373046875e-07, 4.470348358154297e-08, 1, -4.842878453814592e-08, 3.725290653733282e-08, 4.470347292340193e-08, 0.40827152132987976, -0.9128605723381042, 2.9802315282267955e-08, 0.912860631942749, 0.4082714915275574),
            ["LowerTorso"] = CFrame.new(-0.05579684302210808, -0.07865619659423828, 0.21137191355228424, 0.9999246001243591, -0.0018641551723703742, 0.012137355282902718, 0.002961439313367009, 0.9958441853523254, -0.09102542698383331, -0.011917228810489178, 0.0910545140504837, 0.9957746267318726),
            ["Head"] = CFrame.new(-9.313225746154785e-10, 3.5762786865234375e-07, -2.0503648556768894e-08, 0.99668949842453, 0.08109930157661438, 0.005745237227529287, -0.0808311402797699, 0.9960318803787231, -0.037241384387016296, -0.00874269101768732, 0.03665369004011154, 0.999289870262146),
            ["RightUpperArm"] = CFrame.new(-2.384185791015625e-07, -2.384185791015625e-07, -9.12696123123169e-08, 0.8473974466323853, -0.38189566135406494, 0.3688810467720032, 0.46937960386276245, 0.863563060760498, -0.1842329353094101, -0.24819432199001312, 0.32926374673843384, 0.9110351204872131),
            ["UpperTorso"] = CFrame.new(-3.14321368932724e-08, -8.940696716308594e-08, -1.8801074475049973e-08, 0.999605655670166, 0.028081655502319336, -0.00021811033366248012, -0.027925685048103333, 0.993174135684967, -0.11324887722730637, -0.0029635922983288765, 0.1132102906703949, 0.993566632270813),
            ["HumanoidRootPart"] = CFrame.new(0, 0, 0, 1, 0, 0, 0, 1, 0, 0, 0, 1),
            ["RightHand"] = CFrame.new(-5.438923835754395e-07, -1.7881393432617188e-07, -1.1920928955078125e-07, 0.5236130356788635, -0.019545136019587517, 0.8517320156097412, -0.48461419343948364, 0.8154090046882629, 0.3166343867778778, -0.7006986141204834, -0.5785553455352783, 0.41748690605163574),
            ["LeftUpperArm"] = CFrame.new(-2.384185791015625e-07, 3.5762786865234375e-07, -1.9371509552001953e-07, 0.7815968990325928, 0.2589292526245117, -0.5675049424171448, -0.45370233058929443, 0.8603365421295166, -0.23232583701610565, 0.42808929085731506, 0.43906351923942566, 0.7899131178855896),
            ["RightLowerArm"] = CFrame.new(2.980232238769531e-07, -2.980232238769531e-07, -2.3469328880310059e-07, 1, -1.4901162614933128e-07, 1.2665984172599565e-07, 8.195635814445268e-08, -0.30706533789634705, -0.9516884684562683, 8.940693874137651e-08, 0.9516884684562683, -0.30706533789634705),
            ["LeftHand"] = CFrame.new(-3.129243850708008e-07, 1.1920928955078125e-07, -6.109476089477539e-07, 0.17660517990589142, -0.28868618607521057, -0.9409947395324707, 0.6270270347595215, 0.7699278593063354, -0.1185247078537941, 0.7587145566940308, -0.5690970420837402, 0.31698715686798096),
            ["RightUpperLeg"] = CFrame.new(0, -3.451714292168617e-07, -5.3849362302571535e-08, 0.9957014918327332, -0.0796477347612381, 0.047274135053157806, 0.08509384840726852, 0.9882018566131592, -0.12734295427799225, -0.03657400980591774, 0.13081826269626617, 0.9907315969467163),
            ["LeftUpperLeg"] = CFrame.new(1.1920928955078125e-07, -4.4424086809158325e-07, 1.3969838619232178e-08, 0.9834911227226257, -0.024748221039772034, 0.17925629019737244, 0.06034276261925697, 0.9787567853927612, -0.19594362378120422, -0.17059913277626038, 0.2035255879163742, 0.964091956615448),
            ["RightLowerLeg"] = CFrame.new(2.9045622795820236e-08, -0.00012236833572387695, -0.00007742473826510832, 1, -1.7881387748275301e-07, -8.568170528633345e-08, 8.102507109697399e-08, 0.4197048544883728, 0.9076605439186096, -5.7742006731587026e-08, -0.907660722732544, 0.41970524191856384),
            ["RightFoot"] = CFrame.new(-5.960464477539063e-08, 3.5762786865234375e-07, 6.129994289949536e-08, 0.9568628668785095, 0.2524815499782562, -0.14375931024551392, -0.26553475856781006, 0.9607753753662109, -0.08001230657100677, 0.11791878938674927, 0.1147342398762703, 0.9863728880882263),
            ["LeftLowerLeg"] = CFrame.new(5.168840289115906e-08, 0.00012260675430297852, 0.00007740594446659088, 1, 9.68574909165909e-08, 2.421439582178664e-08, -2.6077039194660756e-08, 0.8279248476028442, 0.5608395934104919, 7.264317503086204e-08, -0.5608391165733337, 0.8279244899749756),
        }},
        {Time = 0.133, Data = {
            ["LeftFoot"] = CFrame.new(2.2351741790771484e-08, 1.1920928955078125e-07, 3.3527612686157227e-08, 0.9956032633781433, 0.08194269984960556, 0.04538332670927048, -0.06611374020576477, 0.9579411149024963, -0.27924516797065735, -0.06635641306638718, 0.275017112493515, 0.9591467976570129),
            ["LeftLowerArm"] = CFrame.new(4.76837158203125e-07, -1.1920928955078125e-07, -2.0302832126617432e-07, 1, -8.940698847936801e-08, 4.470347647611561e-08, 8.940695295223122e-08, 0.17597000300884247, -0.9843955039978027, 5.960463766996327e-08, 0.9843955636024475, 0.17597007751464844),
            ["LowerTorso"] = CFrame.new(-0.07066325098276138, -0.058199405670166016, 0.1942024827003479, 0.9990649819374084, -0.011450113728642464, 0.041689399629831314, 0.013586458750069141, 0.9985895156860352, -0.05132703110575676, -0.04104289785027504, 0.051845453679561615, 0.9978113770484924),
            ["Head"] = CFrame.new(3.725290298461914e-09, 2.384185791015625e-07, 7.799826562404633e-08, 0.9975231289863586, 0.06701222062110901, -0.02137862518429756, -0.06803300976753235, 0.9963655471801758, -0.05125758796930313, 0.01786603033542633, 0.05258512496948242, 0.9984567165374756),
            ["RightUpperArm"] = CFrame.new(-1.7881393432617188e-07, 0, -1.1548399925231934e-07, 0.8408693671226501, -0.40335017442703247, 0.360897958278656, 0.4977562725543976, 0.8381623029708862, -0.22298558056354523, -0.2125498503446579, 0.3671410083770752, 0.9055551290512085),
            ["UpperTorso"] = CFrame.new(-1.30385160446167e-08, -3.2782554626464844e-07, 9.313225746154785e-09, 0.9991116523742676, 0.042115431278944016, -0.0015116720460355282, -0.04189726337790489, 0.9887925982475281, -0.14329670369625092, -0.004540260415524244, 0.14323274791240692, 0.989678680896759),
            ["HumanoidRootPart"] = CFrame.new(0, 0, 0, 1, 0, 0, 0, 1, 0, 0, 0, 1),
            ["RightHand"] = CFrame.new(-1.7136335372924805e-07, -7.152557373046875e-07, 7.450580596923828e-08, 0.7422126531600952, -0.17055203020572662, 0.6480991840362549, -0.07220901548862457, 0.9410922527313232, 0.33035025000572205, -0.6662629842758179, -0.291988730430603, 0.6861751675605774),
            ["LeftUpperArm"] = CFrame.new(-3.5762786865234375e-07, 3.5762786865234375e-07, -2.2351741790771484e-08, 0.8173572421073914, 0.264468252658844, -0.5118434429168701, -0.46567416191101074, 0.8263663053512573, -0.3166484832763672, 0.33922675251960754, 0.4971671998500824, 0.7985925078392029),
            ["RightLowerArm"] = CFrame.new(-5.364418029785156e-07, -9.5367431640625e-07, 5.587935447692871e-08, 1, -8.195640788244418e-08, 1.2665985593685036e-07, 2.9802318834981634e-08, -0.5053493976593018, -0.8629149198532104, 1.7881390590446244e-07, 0.8629148602485657, -0.505349338054657),
            ["LeftHand"] = CFrame.new(2.9802322387695312e-08, 1.1920928955078125e-07, 8.940696716308594e-08, 0.45272842049598694, -0.11097153276205063, -0.8847159743309021, 0.20309153199195862, 0.9789779186248779, -0.018868589773774147, 0.8682113289833069, -0.1711360067129135, 0.46574854850769043),
            ["RightUpperLeg"] = CFrame.new(1.1920928955078125e-07, -3.948807716369629e-07, -3.336026566103101e-08, 0.9977973699569702, -0.05000879615545273, 0.04358532652258873, 0.057666435837745667, 0.9786515235900879, -0.1972706913948059, -0.03278953582048416, 0.19934962689876556, 0.9793797731399536),
            ["LeftUpperLeg"] = CFrame.new(1.7881393432617188e-07, -1.8812716007232666e-07, -2.2351741790771484e-08, 0.9881358742713928, -0.03256988897919655, 0.1500888615846634, 0.06418316066265106, 0.9753990769386292, -0.2108963131904602, -0.13952776789665222, 0.21802735328674316, 0.9659172892570496),
            ["RightLowerLeg"] = CFrame.new(2.1653249859809875e-08, -0.00012242794036865234, -0.000077357683039736, 1, -1.6018744020129816e-07, -6.984922151787032e-08, 1.266598843585598e-07, 0.4190305769443512, 0.9079720973968506, -1.005828522693264e-07, -0.9079721570014954, 0.41903072595596313),
            ["RightFoot"] = CFrame.new(-2.9802322387695312e-08, 2.980232238769531e-07, -6.16346369497478e-08, 0.9667549729347229, 0.22298632562160492, -0.1251486837863922, -0.23318199813365936, 0.9696425199508667, -0.07361670583486557, 0.10493376851081848, 0.10035200417041779, 0.9894030690193176),
            ["LeftLowerLeg"] = CFrame.new(-7.299240678548813e-08, 0.00012248754501342773, 0.00007736636325716972, 1, 4.8428763221863846e-08, 7.450581485102248e-09, -7.078052277620372e-08, 0.8521215319633484, 0.5233440399169922, -1.3038517820973539e-08, -0.5233439803123474, 0.8521215915679932),
        }},
        {Time = 0.167, Data = {
            ["LeftFoot"] = CFrame.new(5.029141902923584e-08, -5.960464477539063e-08, 3.725290298461914e-09, 0.995516300201416, 0.0832158699631691, 0.04497211426496506, -0.06798864901065826, 0.9600501656532288, -0.2714427709579468, -0.06576398760080338, 0.26716840267181396, 0.9614033699035645),
            ["LeftLowerArm"] = CFrame.new(-1.7881393432617188e-07, 9.5367431640625e-07, 1.862645149230957e-07, 1, -1.1175869474300271e-07, 1.564622067462551e-07, 8.195640788244418e-08, -0.06365761160850525, -0.9979718327522278, 1.0430815677864302e-07, 0.997971773147583, -0.06365768611431122),
            ["LowerTorso"] = CFrame.new(-0.0810517743229866, -0.05065798759460449, 0.17756466567516327, 0.9976450204849243, -0.020398754626512527, 0.0654858872294426, 0.021447481587529182, 0.9996521472930908, -0.015351616777479649, -0.0651499480009079, 0.016719968989491463, 0.9977354407310486),
            ["Head"] = CFrame.new(1.6763806343078613e-08, 7.152557373046875e-07, -2.0838342607021332e-08, 0.9975097179412842, 0.0563216432929039, -0.04245514050126076, -0.059370048344135284, 0.9954643249511719, -0.07433763146400452, 0.0380757637321949, 0.07667309045791626, 0.9963290095329285),
            ["RightUpperArm"] = CFrame.new(-1.1920928955078125e-07, 0, -8.195638656616211e-08, 0.8477364182472229, -0.40206047892570496, 0.3459632396697998, 0.4970945119857788, 0.8297616243362427, -0.253757506608963, -0.1850411295890808, 0.3870958983898163, 0.903281033039093),
            ["UpperTorso"] = CFrame.new(-3.725290298461914e-08, -8.940696716308594e-08, -4.516914486885071e-08, 0.998617947101593, 0.05246743932366371, -0.0030914773233234882, -0.052247870713472366, 0.9846131205558777, -0.16675472259521484, -0.005705296993255615, 0.1666857749223709, 0.9859935641288757),
            ["HumanoidRootPart"] = CFrame.new(0, 0, 0, 1, 0, 0, 0, 1, 0, 0, 0, 1),
            ["RightHand"] = CFrame.new(3.427267074584961e-07, -2.384185791015625e-07, 1.1175870895385742e-07, 0.787724494934082, -0.3156079649925232, 0.5290385484695435, 0.24682343006134033, 0.9485423564910889, 0.1983572542667389, -0.564418613910675, -0.02567177452147007, 0.8250895142555237),
            ["LeftUpperArm"] = CFrame.new(-1.1920928955078125e-07, 7.152557373046875e-07, -1.043081283569336e-07, 0.871551513671875, 0.19954970479011536, -0.4478591978549957, -0.39582332968711853, 0.825412929058075, -0.40251395106315613, 0.28934726119041443, 0.5280846953392029, 0.7983763217926025),
            ["RightLowerArm"] = CFrame.new(-1.4901161193847656e-07, -2.384185791015625e-07, 2.9802322387695312e-08, 1, -6.70552182668871e-08, 1.1734661597984086e-07, 5.960463766996327e-08, -0.6137429475784302, -0.7895060181617737, 1.7881390590446244e-07, 0.7895059585571289, -0.6137428879737854),
            ["LeftHand"] = CFrame.new(-6.705522537231445e-08, 1.1920928955078125e-07, -1.7881393432617188e-07, 0.5241129398345947, 0.11589815467596054, -0.8437259197235107, -0.21488022804260254, 0.9766402244567871, 0.0006747225415892899, 0.8240947723388672, 0.18094637989997864, 0.5367738604545593),
            ["RightUpperLeg"] = CFrame.new(1.1920928955078125e-07, 2.66125425696373e-07, -2.7772330213338137e-08, 0.9985625743865967, -0.019402390345931053, 0.04996355250477791, 0.03280136361718178, 0.9584506154060364, -0.28336629271507263, -0.04238972067832947, 0.28459784388542175, 0.9577093124389648),
            ["LeftUpperLeg"] = CFrame.new(2.9802322387695312e-08, -1.1362135410308838e-07, -9.313225746154785e-09, 0.9915534853935242, -0.036816030740737915, 0.12436366081237793, 0.06592199951410294, 0.9688312411308289, -0.2387896627187729, -0.11169584840536118, 0.2449711263179779, 0.9630749225616455),
            ["RightLowerLeg"] = CFrame.new(-2.7939677238464355e-09, -0.00012218952178955078, -0.00007742846355540678, 1, -8.940694584680386e-08, -1.2107197733257635e-07, 1.4156103134155273e-07, 0.39146772027015686, 0.9201918244361877, -9.685754776000977e-08, -0.9201918244361877, 0.3914680480957031),
            ["RightFoot"] = CFrame.new(4.0978193283081055e-08, 3.5762786865234375e-07, -7.560447556897998e-08, 0.9627571105957031, 0.22607173025608063, -0.14829209446907043, -0.24132268130779266, 0.9658527374267578, -0.09429637342691422, 0.12191051989793777, 0.12657101452350616, 0.9844378232955933),
            ["LeftLowerLeg"] = CFrame.new(9.96515154838562e-08, 0.0001226663589477539, 0.00007739756256341934, 1, 4.8428738352868095e-08, 4.8428795196286956e-08, -4.842878098543224e-08, 0.856780469417572, 0.5156821012496948, -5.02914261346632e-08, -0.5156814455986023, 0.8567799925804138),
        }},
        {Time = 0.200, Data = {
            ["LeftFoot"] = CFrame.new(3.725290298461914e-08, -5.960464477539063e-08, -3.3527612686157227e-08, 0.9951558113098145, 0.086125448346138, 0.047405973076820374, -0.0694851353764534, 0.9573156237602234, -0.28056830167770386, -0.06954646855592728, 0.2759152948856354, 0.9586626887321472),
            ["LeftLowerArm"] = CFrame.new(5.960464477539063e-08, 4.76837158203125e-07, -2.5331974029541016e-07, 1, -7.450579886381092e-08, 8.940694584680386e-08, 7.450580596923828e-08, -0.26776692271232605, -0.9634836912155151, 1.2665987014770508e-07, 0.9634836912155151, -0.26776692271232605),
            ["LowerTorso"] = CFrame.new(-0.0877317413687706, -0.051122426986694336, 0.16124488413333893, 0.9960944056510925, -0.02715928852558136, 0.08401364833116531, 0.02656121924519539, 0.999613344669342, 0.0082284826785326, -0.08420464396476746, -0.005964841227978468, 0.9964306354522705),
            ["Head"] = CFrame.new(-7.450580596923828e-09, 0, -3.527384251356125e-08, 0.997131884098053, 0.04835967719554901, -0.0582180917263031, -0.05466490983963013, 0.9921926856040955, -0.11209586262702942, 0.05234263837337494, 0.1149568036198616, 0.9919905066490173),
            ["RightUpperArm"] = CFrame.new(-5.960464477539063e-08, -1.1920928955078125e-07, -1.4901161193847656e-07, 0.8604185581207275, -0.37492498755455017, 0.34512487053871155, 0.4769744873046875, 0.8309269547462463, -0.2864539325237274, -0.17937488853931427, 0.41108596324920654, 0.8937746286392212),
            ["UpperTorso"] = CFrame.new(-1.1175870895385742e-08, 2.384185791015625e-07, 7.450580596923828e-09, 0.9982128143310547, 0.059634461998939514, -0.003879386931657791, -0.059407640248537064, 0.9831814765930176, -0.17269930243492126, -0.00648469477891922, 0.17262111604213715, 0.9849669933319092),
            ["HumanoidRootPart"] = CFrame.new(0, 0, 0, 1, 0, 0, 0, 1, 0, 0, 0, 1),
            ["RightHand"] = CFrame.new(1.7136335372924805e-07, -4.76837158203125e-07, 1.0803341865539551e-07, 0.7786420583724976, -0.38275158405303955, 0.4972100555896759, 0.40465715527534485, 0.911915123462677, 0.06828884780406952, -0.4795509874820709, 0.14802703261375427, 0.8649386167526245),
            ["LeftUpperArm"] = CFrame.new(5.960464477539063e-08, -2.384185791015625e-07, -7.450580596923828e-09, 0.9119900465011597, 0.09573356807231903, -0.39888525009155273, -0.28946924209594727, 0.8391776084899902, -0.46042218804359436, 0.2906576693058014, 0.5353652834892273, 0.7930335402488708),
            ["RightLowerArm"] = CFrame.new(-8.344650268554688e-07, 1.7881393432617188e-07, 2.9802322387695312e-08, 1, -1.0803339023368608e-07, 1.6391271628890536e-07, 1.0430809993522416e-07, -0.6640221476554871, -0.7477129697799683, 1.6391273049976007e-07, 0.7477129101753235, -0.6640220880508423),
            ["LeftHand"] = CFrame.new(-8.195638656616211e-08, 1.1920928955078125e-07, -2.980232238769531e-07, 0.5111598968505859, 0.26723381876945496, -0.8168854117393494, -0.45325249433517456, 0.8913465142250061, 0.0079734418541193, 0.7302587628364563, 0.366179496049881, 0.5767449736595154),
            ["RightUpperLeg"] = CFrame.new(1.1920928955078125e-07, 4.49188519269228e-07, -3.894820110872388e-08, 0.9977965950965881, 0.012461243197321892, 0.06516736000776291, 0.013168594799935818, 0.9254686832427979, -0.3785953223705292, -0.06502804160118103, 0.3786192238330841, 0.923265278339386),
            ["LeftUpperLeg"] = CFrame.new(1.1920928955078125e-07, 2.816086634993553e-07, 2.0489096641540527e-08, 0.9938522577285767, -0.040241558104753494, 0.10314225405454636, 0.06618662923574448, 0.9627599716186523, -0.2621306777000427, -0.08875269442796707, 0.2673459053039551, 0.9595047235488892),
            ["RightLowerLeg"] = CFrame.new(9.313225746154785e-09, -0.00012242794036865234, -0.00007752159581286833, 1, -1.4156101713069802e-07, -9.49949381379156e-08, 1.4901161193847656e-07, 0.3398410677909851, 0.9404827952384949, -1.424923539161682e-07, -0.9404829740524292, 0.33984145522117615),
            ["RightFoot"] = CFrame.new(7.450580596923828e-09, 2.980232238769531e-07, -9.480572771281004e-09, 0.9521017670631409, 0.23531264066696167, -0.19527000188827515, -0.26145288348197937, 0.9576274752616882, -0.12079711258411407, 0.15857067704200745, 0.1660652905702591, 0.973281979560852),
            ["LeftLowerLeg"] = CFrame.new(9.918585419654846e-08, 0.0001226663589477539, 0.00007736124098300934, 1, 5.587932605521928e-08, 3.725290653733282e-08, -4.0978193283081055e-08, 0.8516669273376465, 0.5240835547447205, 1.4901161193847656e-08, -0.5240833759307861, 0.8516669273376465),
        }},
        {Time = 0.233, Data = {
            ["LeftFoot"] = CFrame.new(-4.6566128730773926e-08, -2.384185791015625e-07, -2.2351741790771484e-08, 0.9948081970214844, 0.08779039233922958, 0.05147472769021988, -0.06845058500766754, 0.9515075087547302, -0.29991278052330017, -0.07530789822340012, 0.29483258724212646, 0.9525768756866455),
            ["LeftLowerArm"] = CFrame.new(-1.4901161193847656e-07, 4.172325134277344e-07, -2.5331974029541016e-07, 1, -1.1920927533992653e-07, 1.378357126213814e-07, 8.940695295223122e-08, -0.4030288755893707, -0.9151872396469116, 1.1920927533992653e-07, 0.9151872396469116, -0.4030289053916931),
            ["LowerTorso"] = CFrame.new(-0.09197919815778732, -0.057750701904296875, 0.14502954483032227, 0.9946984648704529, -0.03016694262623787, 0.09831015020608902, 0.029320893809199333, 0.9995196461677551, 0.010039684362709522, -0.09856578707695007, -0.007103917188942432, 0.9951052069664001),
            ["Head"] = CFrame.new(2.2351741790771484e-08, -2.384185791015625e-07, 3.818422555923462e-08, 0.9967858791351318, 0.03989477828145027, -0.06947285681962967, -0.05113142728805542, 0.9844033718109131, -0.16833212971687317, 0.061673738062381744, 0.17134326696395874, 0.9832791090011597),
            ["RightUpperArm"] = CFrame.new(-1.7881393432617188e-07, 0, -9.685754776000977e-08, 0.8704426884651184, -0.33388614654541016, 0.36173149943351746, 0.4522275924682617, 0.832656979560852, -0.319644570350647, -0.19447341561317444, 0.44181716442108154, 0.8757725954055786),
            ["UpperTorso"] = CFrame.new(-3.166496753692627e-08, -5.960464477539063e-08, -2.421438694000244e-08, 0.9978089332580566, 0.06611751019954681, -0.002417713636532426, -0.06577008962631226, 0.9872705340385437, -0.1448144167661667, -0.007187841925770044, 0.14465612173080444, 0.9894559383392334),
            ["HumanoidRootPart"] = CFrame.new(0, 0, 0, 1, 0, 0, 0, 1, 0, 0, 0, 1),
            ["RightHand"] = CFrame.new(8.195638656616211e-08, -1.1920928955078125e-07, -4.470348358154297e-08, 0.7540786862373352, -0.41943359375, 0.505411684513092, 0.5119142532348633, 0.8574493527412415, -0.0521964393556118, -0.4114718735218048, 0.2980876564979553, 0.861298143863678),
            ["LeftUpperArm"] = CFrame.new(5.960464477539063e-08, 3.5762786865234375e-07, -9.685754776000977e-08, 0.9267243146896362, -0.00571137061342597, -0.3756985068321228, -0.19497784972190857, 0.8474178910255432, -0.4938284456729889, 0.3211941123008728, 0.5308957099914551, 0.784209132194519),
            ["RightLowerArm"] = CFrame.new(-8.940696716308594e-08, -8.344650268554688e-07, -2.980232238769531e-07, 1, -4.842878098543224e-08, 1.3411042232291948e-07, 5.960463056453591e-08, -0.6905877590179443, -0.7232486605644226, 1.1920926112907182e-07, 0.7232486605644226, -0.6905877590179443),
            ["LeftHand"] = CFrame.new(1.9371509552001953e-07, -5.364418029785156e-07, -4.209578037261963e-07, 0.4729818105697632, 0.37875720858573914, -0.79550701379776, -0.6264801621437073, 0.7794362902641296, -0.0013784542679786682, 0.6195247769355774, 0.4990212917327881, 0.6059428453445435),
            ["RightUpperLeg"] = CFrame.new(0, 1.546577550470829e-07, -8.923962013795972e-08, 0.9963549375534058, 0.03835853189229965, 0.07619359344244003, 0.001549960463307798, 0.8849083781242371, -0.465762734413147, -0.08529029041528702, 0.4641830623149872, 0.8816233277320862),
            ["LeftUpperLeg"] = CFrame.new(1.1920928955078125e-07, 1.3865064829587936e-07, 2.60770320892334e-08, 0.9954021573066711, -0.04314145818352699, 0.0855192095041275, 0.06510929763317108, 0.9595915675163269, -0.2737603485584259, -0.07025319337844849, 0.2780698537826538, 0.957988440990448),
            ["RightLowerLeg"] = CFrame.new(-7.450580596923828e-09, -0.0001220703125, -0.00007733533129794523, 1, -1.1920927533992653e-07, -7.264318924171675e-08, 9.499490261077881e-08, 0.2816936671733856, 0.9595043659210205, -1.0710209608078003e-07, -0.9595044255256653, 0.2816939949989319),
            ["RightFoot"] = CFrame.new(5.587935447692871e-08, 2.980232238769531e-07, 2.032174961641431e-08, 0.9478424787521362, 0.2254054844379425, -0.22536005079746246, -0.2579824924468994, 0.9577521681785583, -0.12710486352443695, 0.18718881905078888, 0.17861463129520416, 0.9659489393234253),
            ["LeftLowerLeg"] = CFrame.new(5.494803190231323e-08, 0.0001227259635925293, 0.00007750280201435089, 1, 8.195631551188853e-08, -2.9802343703977385e-08, -4.0978196835794733e-08, 0.8353537917137146, 0.5497133731842041, -2.2351745343485163e-08, -0.549712598323822, 0.835353434085846),
        }},
        {Time = 0.267, Data = {
            ["LeftFoot"] = CFrame.new(-1.4901161193847656e-08, -1.7881393432617188e-07, -1.862645149230957e-08, 0.9945110082626343, 0.08788958936929703, 0.056774962693452835, -0.06510675698518753, 0.9445745944976807, -0.3217761516571045, -0.08190888911485672, 0.3163135051727295, 0.9451120495796204),
            ["LeftLowerArm"] = CFrame.new(1.4901161193847656e-07, 1.7881393432617188e-07, 8.940696716308594e-08, 1, -7.450577754752885e-08, 1.0430809993522416e-07, 6.705520405603238e-08, -0.44813746213912964, -0.8939645886421204, 1.6391271628890536e-07, 0.8939647078514099, -0.4481375217437744),
            ["LowerTorso"] = CFrame.new(-0.09353461116552353, -0.06635618209838867, 0.12870508432388306, 0.9937570691108704, -0.029934892430901527, 0.10747461020946503, 0.030278485268354416, 0.9995402693748474, -0.0015662126243114471, -0.10737831890583038, 0.0048106033354997635, 0.9942066073417664),
            ["Head"] = CFrame.new(1.862645149230957e-08, 1.1920928955078125e-07, -3.166496753692627e-08, 0.996642529964447, 0.03130754455924034, -0.0756540298461914, -0.048129551112651825, 0.9715237617492676, -0.23200252652168274, 0.066236212849617, 0.23486486077308655, 0.9697687029838562),
            ["RightUpperArm"] = CFrame.new(-2.384185791015625e-07, -1.1920928955078125e-07, -1.4901161193847656e-07, 0.8686280846595764, -0.28899744153022766, 0.4024495780467987, 0.4354358911514282, 0.8328143358230591, -0.34178343415260315, -0.23639127612113953, 0.47212377190589905, 0.8492457866668701),
            ["UpperTorso"] = CFrame.new(-3.3527612686157227e-08, 3.5762786865234375e-07, 3.725290298461914e-09, 0.9973709583282471, 0.07246104627847672, 0.0008943642023950815, -0.07204319536685944, 0.9928005337715149, -0.095692478120327, -0.00782189890742302, 0.09537646174430847, 0.9954105615615845),
            ["HumanoidRootPart"] = CFrame.new(0, 0, 0, 1, 0, 0, 0, 1, 0, 0, 0, 1),
            ["RightHand"] = CFrame.new(7.599592208862305e-07, -1.1920928955078125e-07, -4.470348358154297e-08, 0.7174950242042542, -0.43230316042900085, 0.5461821556091309, 0.5761680603027344, 0.8089739084243774, -0.11658338457345963, -0.3914477527141571, 0.39834076166152954, 0.8295139670372009),
            ["LeftUpperArm"] = CFrame.new(-2.384185791015625e-07, 3.5762786865234375e-07, -6.705522537231445e-08, 0.8993638157844543, -0.05632271245121956, -0.43355804681777954, -0.17725268006324768, 0.8595375418663025, -0.4793502390384674, 0.3996577858924866, 0.5079596638679504, 0.7630535960197449),
            ["RightLowerArm"] = CFrame.new(-7.450580596923828e-07, 0, -2.9802322387695312e-08, 1, -5.587936158235607e-08, 1.8626454334480513e-07, 1.0430814256778831e-07, -0.6865272521972656, -0.7271040678024292, 1.3411046495548362e-07, 0.7271040678024292, -0.6865272521972656),
            ["LeftHand"] = CFrame.new(-2.2351741790771484e-07, -2.384185791015625e-07, -1.1920928955078125e-07, 0.4194079637527466, 0.4465683400630951, -0.7903631329536438, -0.7398017048835754, 0.6727091073989868, -0.012485427781939507, 0.5261088609695435, 0.5899484753608704, 0.612511396408081),
            ["RightUpperLeg"] = CFrame.new(2.384185791015625e-07, 3.748573362827301e-08, -5.804031388834119e-08, 0.9957464337348938, 0.05016573145985603, 0.07728176563978195, 0.0001971707824850455, 0.8376155495643616, -0.5462605953216553, -0.09213601052761078, 0.5439518094062805, 0.8340426087379456),
