return {
["ice twerk 3"] = {

          {Time = 0.000, Data = {

              ["Head"] = CFrame.new(0.000000, 0.000000, 0.000000, 0.627892, -0.162810, 0.761081, -0.005324, 0.976954, 0.213382, -0.778282, -0.138033, 0.612555),

              ["LeftFoot"] = CFrame.new(-0.000000, 0.011371, -0.000002, 0.949239, -0.240621, -0.202610, 0.251752, 0.967306, 0.030687, 0.188589, -0.080132, 0.978779),

              ["LeftHand"] = CFrame.new(0.000500, 0.000100, -0.000000, 0.998479, 0.006817, 0.054703, -0.025569, 0.936398, 0.350012, -0.048837, -0.350875, 0.935147),

              ["LeftLowerArm"] = CFrame.new(-0.000500, 0.091107, 0.058773, 1.000000, -0.000000, -0.000000, 0.000000, 0.411360, -0.911473, 0.000000, 0.911473, 0.411360),

              ["LeftLowerLeg"] = CFrame.new(0.000000, 0.056501, -0.010721, 1.000000, -0.000000, 0.000000, 0.000000, 0.890042, 0.455870, -0.000000, -0.455878, 0.890046),

              ["LeftUpperArm"] = CFrame.new(-0.219824, 0.023899, 0.489483, 0.188842, 0.497705, -0.846539, 0.053944, 0.855490, 0.515001, 0.980525, -0.142920, 0.134704),

              ["LeftUpperLeg"] = CFrame.new(-0.000000, -0.086379, 0.139157, 0.961230, 0.263363, 0.081716, -0.031203, 0.398311, -0.916714, -0.273977, 0.878629, 0.391098),

              ["LowerTorso"] = CFrame.new(-0.167322, -0.278359, 0.236340, 0.998429, 0.045208, 0.033108, -0.056035, 0.805513, 0.589923, 0.000000, -0.590851, 0.806781),

              ["RightFoot"] = CFrame.new(-0.000000, 0.011636, -0.000102, 0.903918, 0.327177, 0.275492, -0.351419, 0.935263, 0.042311, -0.243798, -0.135050, 0.960372),

              ["RightHand"] = CFrame.new(-0.000501, -0.001722, -0.000000, 0.695590, 0.620682, -0.361814, -0.712424, 0.660940, -0.235820, 0.092766, 0.421796, 0.901931),

              ["RightLowerArm"] = CFrame.new(0.000000, 0.018879, 0.002108, 1.000000, 0.000000, 0.000000, -0.000000, 0.978779, -0.204921, -0.000000, 0.204920, 0.978779),

              ["RightLowerLeg"] = CFrame.new(-0.000000, 0.056653, -0.010972, 1.000000, 0.000000, 0.000000, -0.000000, 0.888508, 0.458853, -0.000000, -0.458860, 0.888512),

              ["RightUpperArm"] = CFrame.new(-0.044365, -0.389865, 0.184714, 0.637443, -0.720940, 0.271866, 0.756169, 0.653083, -0.041130, -0.147899, 0.231795, 0.961456),

              ["RightUpperLeg"] = CFrame.new(0.000000, -0.107950, 0.140785, 0.884162, -0.466536, -0.024519, 0.141641, 0.317691, -0.937551, 0.445191, 0.825480, 0.346982),

              ["UpperTorso"] = CFrame.new(0.087177, 0.117041, -0.077054, 0.998429, -0.052903, -0.018471, 0.045208, 0.955260, -0.292292, 0.033108, 0.290998, 0.956151)

          }},

          {Time = 0.033, Data = {

              ["Head"] = CFrame.new(0.000000, -0.000000, 0.000000, 0.628428, -0.162867, 0.760627, -0.005418, 0.976895, 0.213651, -0.777849, -0.138385, 0.613025),

              ["LeftFoot"] = CFrame.new(-0.000000, 0.012757, -0.000002, 0.946160, -0.247617, -0.208500, 0.250836, 0.967964, -0.011296, 0.204604, -0.041610, 0.977957),

              ["LeftHand"] = CFrame.new(0.000500, 0.000100, -0.000000, 0.998479, 0.006817, 0.054703, -0.025568, 0.936398, 0.350012, -0.048837, -0.350875, 0.935147),

              ["LeftLowerArm"] = CFrame.new(-0.000500, 0.091106, 0.058773, 1.000000, -0.000000, -0.000000, 0.000000, 0.411360, -0.911473, 0.000000, 0.911473, 0.411360),

              ["LeftLowerLeg"] = CFrame.new(-0.000000, 0.064093, -0.014256, 1.000000, -0.000000, -0.000000, 0.000000, 0.854039, 0.520204, -0.000000, -0.520209, 0.854042),

              ["LeftUpperArm"] = CFrame.new(-0.219824, 0.023899, 0.489483, 0.188842, 0.497705, -0.846539, 0.053944, 0.855490, 0.515001, 0.980525, -0.142920, 0.134704),

              ["LeftUpperLeg"] = CFrame.new(-0.000000, -0.086379, 0.139158, 0.957044, 0.279836, 0.075894, -0.049732, 0.416289, -0.907865, -0.285648, 0.865098, 0.412336),

              ["LowerTorso"] = CFrame.new(-0.161477, -0.291476, 0.218101, 0.998607, 0.046255, 0.025386, -0.052615, 0.836859, 0.544884, 0.003959, -0.545461, 0.838127),

              ["RightFoot"] = CFrame.new(-0.000000, 0.012975, -0.000103, 0.901820, 0.330547, 0.278330, -0.345186, 0.938527, 0.003829, -0.259938, -0.099524, 0.960478),

              ["RightHand"] = CFrame.new(-0.000501, -0.001584, -0.000000, 0.696114, 0.620243, -0.361560, -0.711805, 0.661912, -0.234961, 0.093586, 0.420917, 0.902257),

              ["RightLowerArm"] = CFrame.new(0.000000, 0.019927, 0.002303, 1.000000, 0.000000, 0.000000, -0.000000, 0.976819, -0.214068, -0.000000, 0.214067, 0.976819),

              ["RightLowerLeg"] = CFrame.new(-0.000000, 0.063996, -0.014408, 1.000000, 0.000000, 0.000000, -0.000000, 0.853507, 0.521077, 0.000000, -0.521082, 0.853510),

              ["RightUpperArm"] = CFrame.new(-0.045640, -0.391192, 0.184559, 0.637901, -0.721585, 0.269066, 0.755621, 0.653923, -0.037725, -0.148727, 0.227377, 0.962383),

              ["RightUpperLeg"] = CFrame.new(0.000000, -0.107950, 0.140785, 0.884272, -0.466895, -0.008504, 0.166523, 0.332279, -0.928360, 0.436273, 0.819512, 0.371585),

              ["UpperTorso"] = CFrame.new(0.080538, 0.112701, -0.083616, 0.998606, -0.050979, -0.013667, 0.046268, 0.970153, -0.238040, 0.025394, 0.237076, 0.971159)

          }},

          {Time = 0.067, Data = {

              ["Head"] = CFrame.new(0.000000, -0.000000, -0.000000, 0.630012, -0.163033, 0.759279, -0.005695, 0.976719, 0.214447, -0.776564, -0.139428, 0.614417),

              ["LeftFoot"] = CFrame.new(-0.000000, 0.016548, -0.000002, 0.936688, -0.267864, -0.225548, 0.250293, 0.962596, -0.103753, 0.244888, 0.040724, 0.968691),

              ["LeftHand"] = CFrame.new(0.000500, 0.000100, 0.000000, 0.998479, 0.006817, 0.054703, -0.025569, 0.936398, 0.350012, -0.048837, -0.350875, 0.935147),

              ["LeftLowerArm"] = CFrame.new(-0.000500, 0.091107, 0.058773, 1.000000, -0.000000, -0.000000, 0.000000, 0.411360, -0.911473, 0.000000, 0.911473, 0.411360),

              ["LeftLowerLeg"] = CFrame.new(0.000000, 0.079275, -0.022633, 1.000000, -0.000000, -0.000000, 0.000000, 0.768053, 0.640387, -0.000000, -0.640386, 0.768052),

              ["LeftUpperArm"] = CFrame.new(-0.219824, 0.023899, 0.489484, 0.188842, 0.497705, -0.846539, 0.053944, 0.855490, 0.515001, 0.980525, -0.142920, 0.134704),

              ["LeftUpperLeg"] = CFrame.new(-0.000000, -0.086379, 0.139158, 0.943930, 0.323793, 0.064458, -0.104091, 0.477148, -0.872628, -0.313308, 0.816999, 0.484114),

              ["LowerTorso"] = CFrame.new(-0.143810, -0.319922, 0.169990, 0.998983, 0.044792, 0.005177, -0.042728, 0.903723, 0.425980, 0.014402, -0.425768, 0.904718),

              ["RightFoot"] = CFrame.new(-0.000000, 0.016764, -0.000102, 0.897224, 0.337787, 0.284426, -0.328179, 0.941021, -0.082336, -0.295444, -0.019471, 0.955156),

              ["RightHand"] = CFrame.new(-0.000501, -0.001200, -0.000000, 0.697747, 0.618869, -0.360767, -0.709927, 0.664665, -0.232864, 0.095675, 0.418595, 0.903118),

              ["RightLowerArm"] = CFrame.new(0.000000, 0.022884, 0.002903, 1.000000, 0.000000, 0.000000, -0.000000, 0.970778, -0.239978, -0.000000, 0.239977, 0.970778),

              ["RightLowerLeg"] = CFrame.new(0.000000, 0.079123, -0.022761, 1.000000, 0.000000, 0.000000, -0.000000, 0.767764, 0.640733, 0.000000, -0.640733, 0.767763),

              ["RightUpperArm"] = CFrame.new(-0.049334, -0.394931, 0.184150, 0.639291, -0.723237, 0.261217, 0.753947, 0.656341, -0.027950, -0.151233, 0.214813, 0.964875),

              ["RightUpperLeg"] = CFrame.new(0.000000, -0.107950, 0.140785, 0.885972, -0.463254, 0.021172, 0.224360, 0.388219, -0.893833, 0.405853, 0.796669, 0.447901),

              ["UpperTorso"] = CFrame.new(0.062505, 0.100520, -0.098489, 0.998980, -0.045143, -0.000700, 0.044848, 0.994002, -0.099741, 0.005199, 0.099608, 0.995013)

          }},

          {Time = 0.100, Data = {

              ["Head"] = CFrame.new(0.000000, 0.000000, -0.000000, 0.632611, -0.163301, 0.757057, -0.006146, 0.976428, 0.215757, -0.774445, -0.141143, 0.616696),

              ["LeftFoot"] = CFrame.new(0.000000, 0.021394, -0.000002, 0.919582, -0.300553, -0.253073, 0.251927, 0.945297, -0.207247, 0.301499, 0.126813, 0.944988),

              ["LeftHand"] = CFrame.new(0.000500, 0.000100, 0.000000, 0.998479, 0.006817, 0.054703, -0.025569, 0.936398, 0.350012, -0.048837, -0.350875, 0.935147),

              ["LeftLowerArm"] = CFrame.new(-0.000500, 0.091106, 0.058773, 1.000000, -0.000000, 0.000000, 0.000000, 0.411360, -0.911473, 0.000000, 0.911473, 0.411360),

              ["LeftLowerLeg"] = CFrame.new(0.000000, 0.093200, -0.031832, 1.000000, -0.000000, -0.000000, 0.000000, 0.672527, 0.740077, -0.000000, -0.740072, 0.672522),

              ["LeftUpperArm"] = CFrame.new(-0.219824, 0.023899, 0.489483, 0.188842, 0.497705, -0.846539, 0.053944, 0.855490, 0.515001, 0.980525, -0.142920, 0.134704),

              ["LeftUpperLeg"] = CFrame.new(-0.000000, -0.086380, 0.139158, 0.919565, 0.388943, 0.055883, -0.193220, 0.571403, -0.797588, -0.342148, 0.722649, 0.600609),

              ["LowerTorso"] = CFrame.new(-0.114004, -0.347174, 0.103464, 0.999211, 0.033614, -0.021141, -0.026936, 0.964931, 0.261117, 0.029177, -0.260342, 0.965076),

              ["RightFoot"] = CFrame.new(-0.000000, 0.021872, -0.000102, 0.893389, 0.343685, 0.289391, -0.300970, 0.936010, -0.182502, -0.333576, 0.075938, 0.939652),

              ["RightHand"] = CFrame.new(-0.000500, -0.000642, -0.000000, 0.700609, 0.616446, -0.359365, -0.706756, 0.668822, -0.230594, 0.098201, 0.415537, 0.904258),

              ["RightLowerArm"] = CFrame.new(0.000000, 0.027361, 0.003961, 1.000000, 0.000000, 0.000000, 0.000000, 0.960148, -0.279493, -0.000000, 0.279492, 0.960148),

              ["RightLowerLeg"] = CFrame.new(0.000000, 0.093865, -0.032630, 1.000000, 0.000000, 0.000000, -0.000000, 0.665286, 0.746593, 0.000000, -0.746588, 0.665281),

              ["RightUpperArm"] = CFrame.new(-0.055243, -0.400724, 0.183613, 0.641609, -0.725315, 0.249512, 0.751098, 0.660070, -0.012634, -0.155531, 0.195515, 0.968289),

              ["RightUpperLeg"] = CFrame.new(0.000000, -0.107951, 0.140785, 0.891866, -0.450301, 0.042442, 0.286325, 0.489442, -0.823680, 0.350132, 0.746777, 0.565464),

              ["UpperTorso"] = CFrame.new(0.035936, 0.082662, -0.114162, 0.999207, -0.035356, 0.018290, 0.033745, 0.996066, 0.081941, -0.021115, -0.081258, 0.996469)

          }},

          {Time = 0.133, Data = {

              ["Head"] = CFrame.new(-0.000000, 0.000000, -0.000000, 0.636189, -0.163662, 0.753976, -0.006762, 0.976022, 0.217566, -0.771504, -0.143512, 0.619827),

              ["LeftFoot"] = CFrame.new(-0.000000, 0.024100, -0.000003, 0.894365, -0.342197, -0.288137, 0.256103, 0.919763, -0.297416, 0.366772, 0.192191, 0.910231),

              ["LeftHand"] = CFrame.new(0.000500, 0.000100, 0.000000, 0.998479, 0.006817, 0.054703, -0.025569, 0.936398, 0.350012, -0.048837, -0.350875, 0.935147),

              ["LeftLowerArm"] = CFrame.new(-0.000500, 0.091107, 0.058773, 1.000000, -0.000000, -0.000000, 0.000000, 0.411360, -0.911473, 0.000000, 0.911473, 0.411360),

              ["LeftLowerLeg"] = CFrame.new(-0.000000, 0.101235, -0.038784, 1.000000, -0.000000, 0.000000, 0.000000, 0.600221, 0.799840, -0.000000, -0.799834, 0.600213),

              ["LeftUpperArm"] = CFrame.new(-0.219824, 0.023899, 0.489484, 0.188842, 0.497705, -0.846539, 0.053944, 0.855490, 0.515001, 0.980525, -0.142920, 0.134704),

              ["LeftUpperLeg"] = CFrame.new(-0.000000, -0.086379, 0.139158, 0.882094, 0.467843, 0.055081, -0.305865, 0.657720, -0.688354, -0.358270, 0.590362, 0.723281),

              ["LowerTorso"] = CFrame.new(-0.073523, -0.363331, 0.034976, 0.998919, 0.009968, -0.045413, -0.005818, 0.995869, 0.090616, 0.046128, -0.090254, 0.994850),

              ["RightFoot"] = CFrame.new(-0.000000, 0.024881, -0.000102, 0.894279, 0.342329, 0.288249, -0.264738, 0.923979, -0.276016, -0.360803, 0.170512, 0.916912),

              ["RightHand"] = CFrame.new(-0.000500, 0.000020, -0.000000, 0.704860, 0.612812, -0.357261, -0.702239, 0.673954, -0.229452, 0.100165, 0.412612, 0.905382),

              ["RightLowerArm"] = CFrame.new(0.000000, 0.032909, 0.005529, 1.000000, 0.000000, 0.000000, -0.000000, 0.944384, -0.328845, -0.000000, 0.328844, 0.944384),

              ["RightLowerLeg"] = CFrame.new(-0.000000, 0.103333, -0.041406, 1.000000, 0.000000, 0.000000, -0.000000, 0.574096, 0.818794, 0.000000, -0.818788, 0.574087),

              ["RightUpperArm"] = CFrame.new(-0.063139, -0.408202, 0.183124, 0.644807, -0.727175, 0.235456, 0.747015, 0.664767, 0.007311, -0.161840, 0.171176, 0.971857),

              ["RightUpperLeg"] = CFrame.new(0.000000, -0.107951, 0.140785, 0.904612, -0.423505, 0.048148, 0.323814, 0.609373, -0.723733, 0.277166, 0.670304, 0.688398),

              ["UpperTorso"] = CFrame.new(0.003754, 0.064400, -0.125199, 0.998916, -0.021629, 0.041209, 0.010202, 0.965674, 0.259558, -0.045408, -0.258856, 0.964848)

          }},

          {Time = 0.167, Data = {

              ["Head"] = CFrame.new(0.000000, 0.000000, 0.000000, 0.640705, -0.164103, 0.750045, -0.007531, 0.975502, 0.219864, -0.767750, -0.146516, 0.623773),

              ["LeftFoot"] = CFrame.new(0.000000, 0.024832, -0.000003, 0.864157, -0.384948, -0.324133, 0.266364, 0.896355, -0.354412, 0.426946, 0.219915, 0.877114),

              ["LeftHand"] = CFrame.new(0.000500, 0.000100, -0.000000, 0.998479, 0.006817, 0.054703, -0.025569, 0.936398, 0.350012, -0.048837, -0.350875, 0.935147),

              ["LeftLowerArm"] = CFrame.new(-0.000500, 0.091106, 0.058773, 1.000000, -0.000000, -0.000000, 0.000000, 0.411360, -0.911473, 0.000000, 0.911473, 0.411360),

              ["LeftLowerLeg"] = CFrame.new(-0.000000, 0.104110, -0.041962, 1.000000, -0.000000, -0.000000, 0.000000, 0.567294, 0.823522, -0.000000, -0.823515, 0.567285),

              ["LeftUpperArm"] = CFrame.new(-0.219824, 0.023899, 0.489483, 0.188842, 0.497705, -0.846539, 0.053944, 0.855490, 0.515001, 0.980525, -0.142920, 0.134704),

              ["LeftUpperLeg"] = CFrame.new(-0.000000, -0.086380, 0.139158, 0.834094, 0.548313, 0.060341, -0.415740, 0.696741, -0.584546, -0.362557, 0.462499, 0.809114),

              ["LowerTorso"] = CFrame.new(-0.026449, -0.369357, -0.016241, 0.997806, -0.022357, -0.062314, 0.020025, 0.999084, -0.037811, 0.063102, 0.036480, 0.997340),

              ["RightFoot"] = CFrame.new(-0.000000, 0.026532, -0.000102, 0.902582, 0.329332, 0.277304, -0.228057, 0.912032, -0.340877, -0.365151, 0.244413, 0.898279),

              ["RightHand"] = CFrame.new(-0.000500, 0.000730, -0.000000, 0.710698, 0.607751, -0.354329, -0.696263, 0.679705, -0.230695, 0.100632, 0.410657, 0.906218),

              ["RightLowerArm"] = CFrame.new(0.000000, 0.039101, 0.007635, 1.000000, 0.000000, 0.000000, -0.000000, 0.923198, -0.384326, -0.000000, 0.384326, 0.923197),

              ["RightLowerLeg"] = CFrame.new(-0.000000, 0.108225, -0.046913, 1.000000, 0.000000, 0.000000, -0.000000, 0.516748, 0.856144, 0.000000, -0.856137, 0.516738),

              ["RightUpperArm"] = CFrame.new(-0.072766, -0.416992, 0.182917, 0.648786, -0.728275, 0.220663, 0.741627, 0.670093, 0.031067, -0.170490, 0.143494, 0.974855),

              ["RightUpperLeg"] = CFrame.new(0.000000, -0.107950, 0.140785, 0.924691, -0.378489, 0.041134, 0.318966, 0.711167, -0.626483, 0.207864, 0.592442, 0.778349),

              ["UpperTorso"] = CFrame.new(-0.031045, 0.053262, -0.130000, 0.997812, -0.003984, 0.066001, -0.021998, 0.921320, 0.388183, -0.062355, -0.388785, 0.919216)

          }},

          {Time = 0.200, Data = {

              ["Head"] = CFrame.new(0.000000, 0.000000, 0.000000, 0.646122, -0.164610, 0.745272, -0.008439, 0.974865, 0.222636, -0.763188, -0.150140, 0.628492),

              ["LeftFoot"] = CFrame.new(-0.000000, 0.024921, -0.000003, 0.835902, -0.419873, -0.353541, 0.286203, 0.883008, -0.372015, 0.468355, 0.209768, 0.858262),

              ["LeftHand"] = CFrame.new(0.000500, 0.000100, -0.000000, 0.998479, 0.006817, 0.054703, -0.025569, 0.936398, 0.350012, -0.048837, -0.350875, 0.935147),

              ["LeftLowerArm"] = CFrame.new(-0.000500, 0.091106, 0.058773, 1.000000, -0.000000, 0.000000, 0.000000, 0.411360, -0.911473, 0.000000, 0.911473, 0.411360),

              ["LeftLowerLeg"] = CFrame.new(-0.000000, 0.104375, -0.042246, 1.000000, -0.000000, -0.000000, 0.000000, 0.564333, 0.825553, -0.000000, -0.825547, 0.564324),

              ["LeftUpperArm"] = CFrame.new(-0.219824, 0.023899, 0.489484, 0.188842, 0.497705, -0.846539, 0.053944, 0.855490, 0.515001, 0.980525, -0.142920, 0.134704),

              ["LeftUpperLeg"] = CFrame.new(0.000000, -0.086380, 0.139158, 0.783854, 0.618073, 0.059653, -0.494362, 0.679295, -0.542354, -0.375737, 0.395657, 0.838030),

              ["LowerTorso"] = CFrame.new(0.021738, -0.373315, -0.035907, 0.995703, -0.056069, -0.073697, 0.049490, 0.994868, -0.088251, 0.078267, 0.084225, 0.993368),

              ["RightFoot"] = CFrame.new(0.000000, 0.027026, -0.000102, 0.917152, 0.304868, 0.256705, -0.199534, 0.908802, -0.366437, -0.344989, 0.284840, 0.894330),

              ["RightHand"] = CFrame.new(-0.000499, 0.001452, -0.000000, 0.718353, 0.600988, -0.350406, -0.688613, 0.685879, -0.235336, 0.098901, 0.410345, 0.906550),

              ["RightLowerArm"] = CFrame.new(-0.000000, 0.045583, 0.010273, 1.000000, 0.000000, 0.000000, -0.000000, 0.896644, -0.442752, -0.000000, 0.442752, 0.896644),

              ["RightLowerLeg"] = CFrame.new(-0.000000, 0.110011, -0.049338, 1.000000, 0.000000, 0.000000, -0.000000, 0.491572, 0.870844, 0.000000, -0.870837, 0.491560),

              ["RightUpperArm"] = CFrame.new(-0.083837, -0.426717, 0.183280, 0.653376, -0.728268, 0.206701, 0.734850, 0.675745, 0.058010, -0.181924, 0.113993, 0.976683),

              ["RightUpperLeg"] = CFrame.new(0.000000, -0.107951, 0.140785, 0.948387, -0.315567, 0.031296, 0.273500, 0.763990, -0.584376, 0.160500, 0.562793, 0.810879),

              ["UpperTorso"] = CFrame.new(-0.065496, 0.055248, -0.129489, 0.995725, 0.017033, 0.090780, -0.055562, 0.895590, 0.441397, -0.073783, -0.444554, 0.892708)

          }},

          {Time = 0.233, Data = {

              ["Head"] = CFrame.new(0.000000, 0.000000, 0.000000, 0.652395, -0.165167, 0.739662, -0.009472, 0.974111, 0.225874, -0.757820, -0.154365, 0.633941),

              ["LeftFoot"] = CFrame.new(-0.000000, 0.024669, -0.000003, 0.814983, -0.443285, -0.373254, 0.312953, 0.878762, -0.360343, 0.487712, 0.176849, 0.854889),

              ["LeftHand"] = CFrame.new(0.000500, 0.000100, 0.000000, 0.998479, 0.006817, 0.054703, -0.025569, 0.936398, 0.350012, -0.048837, -0.350875, 0.935147),

              ["LeftLowerArm"] = CFrame.new(-0.000500, 0.091107, 0.058773, 1.000000, -0.000000, -0.000000, 0.000000, 0.411360, -0.911473, 0.000000, 0.911473, 0.411360),

              ["LeftLowerLeg"] = CFrame.new(-0.000000, 0.103484, -0.041251, 1.000000, -0.000000, -0.000000, 0.000000, 0.574665, 0.818395, -0.000000, -0.818389, 0.574656),

              ["LeftUpperArm"] = CFrame.new(-0.219824, 0.023899, 0.489484, 0.188842, 0.497705, -0.846539, 0.053944, 0.855490, 0.515001, 0.980525, -0.142920, 0.134704),

              ["LeftUpperLeg"] = CFrame.new(-0.000000, -0.086380, 0.139158, 0.739748, 0.671278, 0.046463, -0.532166, 0.625897, -0.570119, -0.411791, 0.397038, 0.820247),

              ["LowerTorso"] = CFrame.new(0.066038, -0.379719, -0.026287, 0.992663, -0.085085, -0.085908, 0.079540, 0.994642, -0.066031, 0.091066, 0.058713, 0.994112),

              ["RightFoot"] = CFrame.new(0.000000, 0.027061, -0.000102, 0.933103, 0.275089, 0.231631, -0.181392, 0.916183, -0.357376, -0.310508, 0.291435, 0.904782),

              ["RightHand"] = CFrame.new(-0.000498, 0.002166, 0.000000, 0.728090, 0.592170, -0.345286, -0.678931, 0.692436, -0.244101, 0.094538, 0.412150, 0.906197),

              ["RightLowerArm"] = CFrame.new(-0.000000, 0.052081, 0.013403, 1.000000, 0.000000, 0.000000, 0.000000, 0.865120, -0.501565, -0.000000, 0.501566, 0.865120),

              ["RightLowerLeg"] = CFrame.new(-0.000000, 0.110144, -0.049527, 1.000000, 0.000000, 0.000000, -0.000000, 0.489608, 0.871949, 0.000000, -0.871943, 0.489596),

              ["RightUpperArm"] = CFrame.new(-0.096015, -0.436991, 0.184565, 0.658313, -0.727027, 0.195075, 0.726588, 0.681452, 0.087717, -0.196707, 0.083995, 0.976858),

              ["RightUpperLeg"] = CFrame.new(-0.000000, -0.107951, 0.140785, 0.969228, -0.245122, 0.022612, 0.207821, 0.765556, -0.608861, 0.131936, 0.594844, 0.792955),

              ["UpperTorso"] = CFrame.new(-0.096956, 0.069509, -0.124502, 0.992712, 0.038689, 0.114128, -0.084403, 0.899197, 0.429325, -0.086013, -0.435829, 0.895910)

          }},

          {Time = 0.267, Data = {

              ["Head"] = CFrame.new(0.000000, 0.000000, -0.000000, 0.659483, -0.165757, 0.733217, -0.010614, 0.973236, 0.229564, -0.751645, -0.159176, 0.640073),

              ["LeftFoot"] = CFrame.new(-0.000000, 0.024222, -0.000003, 0.804944, -0.453891, -0.382185, 0.341846, 0.881194, -0.326567, 0.484981, 0.132209, 0.864459),

              ["LeftHand"] = CFrame.new(0.000500, 0.000100, 0.000000, 0.998479, 0.006817, 0.054703, -0.025569, 0.936398, 0.350012, -0.048837, -0.350875, 0.935147),

              ["LeftLowerArm"] = CFrame.new(-0.000500, 0.091106, 0.058773, 1.000000, -0.000000, -0.000000, 0.000000, 0.411360, -0.911473, 0.000000, 0.911473, 0.411360),

              ["LeftLowerLeg"] = CFrame.new(-0.000000, 0.101726, -0.039311, 1.000000, -0.000000, -0.000000, 0.000000, 0.594765, 0.803906, -0.000000, -0.803900, 0.594757),

              ["LeftUpperArm"] = CFrame.new(-0.219824, 0.023899, 0.489484, 0.188842, 0.497705, -0.846539, 0.053944, 0.855490, 0.515001, 0.980525, -0.142920, 0.134704),

              ["LeftUpperLeg"] = CFrame.new(-0.000000, -0.086380, 0.139158, 0.709050, 0.704715, 0.024960, -0.525926, 0.552064, -0.647002, -0.469733, 0.445648, 0.762080),

              ["LowerTorso"] = CFrame.new(0.101995, -0.386827, 0.006655, 0.989121, -0.104676, -0.103353, 0.106697, 0.994190, 0.014210, 0.101265, -0.025083, 0.994543),

              ["RightFoot"] = CFrame.new(-0.000000, 0.026679, -0.000102, 0.946644, 0.246536, 0.207588, -0.172936, 0.932074, -0.318342, -0.271954, 0.265440, 0.924968),

              ["RightHand"] = CFrame.new(-0.000498, 0.002862, -0.000000, 0.740198, 0.580848, -0.338707, -0.666684, 0.699478, -0.257418, 0.087396, 0.416348, 0.904994),

              ["RightLowerArm"] = CFrame.new(0.000000, 0.058393, 0.016957, 1.000000, 0.000000, 0.000000, -0.000000, 0.829288, -0.558821, -0.000000, 0.558822, 0.829288),

              ["RightLowerLeg"] = CFrame.new(0.000000, 0.108674, -0.047472, 1.000000, 0.000000, 0.000000, -0.000000, 0.510930, 0.859629, 0.000000, -0.859622, 0.510920),

              ["RightUpperArm"] = CFrame.new(-0.108902, -0.447421, 0.187183, 0.663209, -0.724637, 0.187232, 0.716731, 0.686960, 0.119927, -0.215525, 0.054659, 0.974968),

              ["RightUpperLeg"] = CFrame.new(0.000000, -0.107951, 0.140785, 0.983669, -0.179431, 0.014149, 0.140806, 0.718161, -0.681466, 0.112115, 0.672346, 0.731713),

              ["UpperTorso"] = CFrame.new(-0.123030, 0.092215, -0.113791, 0.989207, 0.057823, 0.134630, -0.103790, 0.925090, 0.365288, -0.103423, -0.375319, 0.921108)

          }},

          {Time = 0.300, Data = {

              ["Head"] = CFrame.new(0.000000, 0.000000, -0.000000, 0.667338, -0.166361, 0.725936, -0.011848, 0.972237, 0.233697, -0.744660, -0.164556, 0.646840),

              ["LeftFoot"] = CFrame.new(-0.000000, 0.023147, -0.000002, 0.807425, -0.451304, -0.380007, 0.366978, 0.888504, -0.275488, 0.461943, 0.082974, 0.883007),

              ["LeftHand"] = CFrame.new(0.000500, 0.000100, 0.000000, 0.998479, 0.006817, 0.054703, -0.025569, 0.936398, 0.350012, -0.048837, -0.350875, 0.935147),

              ["LeftLowerArm"] = CFrame.new(-0.000500, 0.091106, 0.058773, 1.000000, -0.000000, -0.000000, 0.000000, 0.411360, -0.911473, 0.000000, 0.911473, 0.411360),

              ["LeftLowerLeg"] = CFrame.new(0.000000, 0.098482, -0.036272, 1.000000, -0.000000, -0.000000, 0.000000, 0.626386, 0.779519, -0.000000, -0.779513, 0.626379),

              ["LeftUpperArm"] = CFrame.new(-0.219824, 0.023899, 0.489483, 0.188842, 0.497705, -0.846539, 0.053944, 0.855490, 0.515001, 0.980525, -0.142920, 0.134704),

              ["LeftUpperLeg"] = CFrame.new(0.000000, -0.086380, 0.139158, 0.697166, 0.716891, 0.004956, -0.474845, 0.466921, -0.745984, -0.537105, 0.517737, 0.665945),

              ["LowerTorso"] = CFrame.new(0.125261, -0.390090, 0.056696, 0.985866, -0.110384, -0.126029, 0.127547, 0.982269, 0.137405, 0.108627, -0.151538, 0.982464),

              ["RightFoot"] = CFrame.new(-0.000000, 0.025274, -0.000102, 0.956032, 0.224337, 0.188897, -0.173238, 0.951703, -0.253490, -0.236626, 0.209605, 0.948716),

              ["RightHand"] = CFrame.new(-0.000498, 0.003608, -0.000000, 0.754980, 0.566463, -0.330342, -0.651155, 0.707134, -0.275609, 0.077473, 0.423180, 0.902726),

              ["RightLowerArm"] = CFrame.new(0.000000, 0.064406, 0.020822, 1.000000, 0.000000, 0.000000, -0.000000, 0.790259, -0.612772, -0.000000, 0.612773, 0.790260),

              ["RightLowerLeg"] = CFrame.new(0.000000, 0.104632, -0.042841, 1.000000, 0.000000, 0.000000, -0.000000, 0.559189, 0.829046, 0.000000, -0.829040, 0.559180),

              ["RightUpperArm"] = CFrame.new(-0.122010, -0.457610, 0.191603, 0.667496, -0.721331, 0.184746, 0.705154, 0.692054, 0.154337, -0.239182, 0.027255, 0.970592),

              ["RightUpperLeg"] = CFrame.new(-0.000000, -0.107951, 0.140785, 0.991650, -0.128825, 0.005910, 0.086204, 0.628067, -0.773356, 0.095916, 0.767421, 0.633945),

              ["UpperTorso"] = CFrame.new(-0.141581, 0.118281, -0.095776, 0.985995, 0.071450, 0.150696, -0.109276, 0.959373, 0.260119, -0.125988, -0.272943, 0.953745)

          }},

          {Time = 0.333, Data = {

              ["Head"] = CFrame.new(-0.000000, 0.000000, -0.000000, 0.675914, -0.166959, 0.717819, -0.013156, 0.971112, 0.238261, -0.736863, -0.170488, 0.654192),

              ["LeftFoot"] = CFrame.new(-0.000000, 0.021401, -0.000002, 0.821588, -0.436090, -0.367198, 0.382834, 0.899292, -0.211464, 0.422412, 0.033154, 0.905786),

              ["LeftHand"] = CFrame.new(0.000500, 0.000100, -0.000000, 0.998479, 0.006817, 0.054703, -0.025569, 0.936398, 0.350012, -0.048837, -0.350875, 0.935147),

              ["LeftLowerArm"] = CFrame.new(-0.000500, 0.091106, 0.058773, 1.000000, -0.000000, -0.000000, -0.000000, 0.411360, -0.911473, 0.000000, 0.911473, 0.411360),

              ["LeftLowerLeg"] = CFrame.new(0.000000, 0.093221, -0.031848, 1.000000, -0.000000, -0.000000, 0.000000, 0.672361, 0.740228, -0.000000, -0.740223, 0.672356),

              ["LeftUpperArm"] = CFrame.new(-0.219824, 0.023899, 0.489484, 0.188842, 0.497705, -0.846539, 0.053944, 0.855490, 0.515001, 0.980525, -0.142920, 0.134704),

              ["LeftUpperLeg"] = CFrame.new(-0.000000, -0.086379, 0.139158, 0.706371, 0.707837, -0.002177, -0.383569, 0.380169, -0.841626, -0.594907, 0.595347, 0.540057),

              ["LowerTorso"] = CFrame.new(0.131960, -0.385086, 0.116645, 0.983872, -0.098935, -0.149023, 0.138728, 0.947966, 0.286556, 0.112918, -0.302608, 0.946403),

              ["RightFoot"] = CFrame.new(0.000000, 0.022980, -0.000102, 0.960992, 0.211572, 0.178149, -0.182113, 0.968790, -0.168183, -0.208158, 0.129168, 0.969524),

              ["RightHand"] = CFrame.new(-0.000497, 0.004668, 0.000000, 0.772714, 0.548318, -0.319783, -0.631438, 0.715433, -0.299070, 0.064796, 0.433016, 0.899053),

              ["RightLowerArm"] = CFrame.new(0.000000, 0.070156, 0.024800, 1.000000, 0.000000, 0.000000, -0.000000, 0.749927, -0.661520, -0.000000, 0.661521, 0.749927),

              ["RightLowerLeg"] = CFrame.new(-0.000000, 0.097212, -0.035438, 1.000000, 0.000000, 0.000000, -0.000000, 0.636108, 0.771605, 0.000000, -0.771600, 0.636102),

              ["RightUpperArm"] = CFrame.new(-0.134733, -0.467147, 0.198343, 0.670371, -0.717423, 0.189492, 0.691715, 0.696629, 0.190365, -0.268577, 0.003460, 0.963252),

              ["RightUpperLeg"] = CFrame.new(0.000000, -0.107950, 0.140785, 0.994958, -0.100293, -0.000039, 0.051580, 0.512009, -0.857420, 0.086013, 0.853105, 0.514617),

              ["UpperTorso"] = CFrame.new(-0.150731, 0.142239, -0.070645, 0.984042, 0.076792, 0.160514, -0.097607, 0.987204, 0.126100, -0.148777, -0.139755, 0.978945)

          }},

          {Time = 0.367, Data = {

              ["Head"] = CFrame.new(-0.000000, 0.000000, 0.000000, 0.685161, -0.167529, 0.708864, -0.014520, 0.969856, 0.243245, -0.728247, -0.176954, 0.662075),

              ["LeftFoot"] = CFrame.new(-0.000000, 0.018465, -0.000002, 0.843935, -0.410359, -0.345532, 0.386000, 0.911799, -0.140109, 0.372528, -0.015135, 0.927889),

              ["LeftHand"] = CFrame.new(0.000500, 0.000100, 0.000000, 0.998479, 0.006817, 0.054703, -0.025569, 0.936398, 0.350012, -0.048837, -0.350875, 0.935147),

              ["LeftLowerArm"] = CFrame.new(-0.000500, 0.091106, 0.058773, 1.000000, -0.000000, -0.000000, 0.000000, 0.411360, -0.911473, 0.000000, 0.911473, 0.411360),

              ["LeftLowerLeg"] = CFrame.new(-0.000000, 0.085017, -0.026172, 1.000000, -0.000000, -0.000000, 0.000000, 0.731402, 0.681948, -0.000000, -0.681946, 0.731400),

              ["LeftUpperArm"] = CFrame.new(-0.219824, 0.023898, 0.489483, 0.188842, 0.497705, -0.846539, 0.053944, 0.855490, 0.515001, 0.980525, -0.142920, 0.134704),

              ["LeftUpperLeg"] = CFrame.new(0.000000, -0.086380, 0.139158, 0.734397, 0.678645, 0.010036, -0.265161, 0.300475, -0.916185, -0.624780, 0.670191, 0.400630),

              ["LowerTorso"] = CFrame.new(0.120519, -0.369374, 0.178551, 0.983880, -0.071076, -0.164098, 0.137864, 0.885925, 0.442867, 0.113901, -0.458351, 0.881442),

              ["RightFoot"] = CFrame.new(-0.000000, 0.018684, -0.000102, 0.962143, 0.208486, 0.175550, -0.198579, 0.977405, -0.072429, -0.186672, 0.034819, 0.981803),

              ["RightHand"] = CFrame.new(-0.000496, 0.005715, 0.000000, 0.793608, 0.525569, -0.306536, -0.606320, 0.725071, -0.326574, 0.050622, 0.445027, 0.894084),

              ["RightLowerArm"] = CFrame.new(-0.000000, 0.075439, 0.028889, 1.000000, 0.000000, 0.000000, -0.000000, 0.708385, -0.705826, -0.000000, 0.705827, 0.708385),

              ["RightLowerLeg"] = CFrame.new(-0.000000, 0.084874, -0.026310, 1.000000, 0.000000, 0.000000, -0.000000, 0.731009, 0.682370, 0.000000, -0.682368, 0.731007),

              ["RightUpperArm"] = CFrame.new(-0.146308, -0.475622, 0.207938, 0.670716, -0.713615, 0.202218, 0.676262, 0.700344, 0.228449, -0.304647, -0.016471, 0.952323),

              ["RightUpperLeg"] = CFrame.new(0.000000, -0.107951, 0.140785, 0.995370, -0.096096, -0.002007, 0.035856, 0.390592, -0.919858, 0.089178, 0.915534, 0.392246),

              ["UpperTorso"] = CFrame.new(-0.149346, 0.159829, -0.041139, 0.984079, 0.072142, 0.162430, -0.069556, 0.997345, -0.021556, -0.163554, 0.009915, 0.986485)

          }},

          {Time = 0.400, Data = {

              ["Head"] = CFrame.new(-0.000000, -0.000000, 0.000000, 0.695026, -0.168050, 0.699069, -0.015919, 0.968466, 0.248637, -0.718808, -0.183937, 0.670434),

              ["LeftFoot"] = CFrame.new(-0.000000, 0.014777, -0.000002, 0.868715, -0.378894, -0.319038, 0.379173, 0.923120, -0.063867, 0.318689, -0.065487, 0.945587),

              ["LeftHand"] = CFrame.new(0.000500, 0.000100, 0.000000, 0.998479, 0.006817, 0.054703, -0.025569, 0.936398, 0.350012, -0.048837, -0.350875, 0.935147),

              ["LeftLowerArm"] = CFrame.new(-0.000500, 0.091106, 0.058773, 1.000000, -0.000000, -0.000000, 0.000000, 0.411360, -0.911473, 0.000000, 0.911473, 0.411360),

              ["LeftLowerLeg"] = CFrame.new(-0.000000, 0.073450, -0.019318, 1.000000, -0.000000, 0.000000, 0.000000, 0.802254, 0.596981, -0.000000, -0.596983, 0.802255),

              ["LeftUpperArm"] = CFrame.new(-0.219824, 0.023898, 0.489483, 0.188842, 0.497705, -0.846539, 0.053944, 0.855490, 0.515001, 0.980525, -0.142920, 0.134704),

              ["LeftUpperLeg"] = CFrame.new(-0.000000, -0.086379, 0.139157, 0.772859, 0.633233, 0.041279, -0.141626, 0.235514, -0.961493, -0.618571, 0.737258, 0.271713),

              ["LowerTorso"] = CFrame.new(0.095019, -0.342917, 0.234927, 0.985704, -0.034769, -0.164858, 0.126457, 0.799256, 0.587535, 0.111336, -0.599984, 0.792227),

              ["RightFoot"] = CFrame.new(0.000000, 0.013685, -0.000102, 0.960869, 0.211896, 0.178422, -0.220261, 0.975033, 0.028227, -0.167975, -0.066420, 0.983549),

              ["RightHand"] = CFrame.new(-0.000495, 0.007031, -0.000000, 0.817709, 0.497231, -0.290024, -0.574533, 0.736112, -0.357846, 0.035558, 0.459239, 0.887599),

              ["RightLowerArm"] = CFrame.new(-0.000000, 0.080353, 0.032868, 1.000000, 0.000000, 0.000000, -0.000000, 0.667740, -0.744394, -0.000000, 0.744395, 0.667741),

              ["RightLowerLeg"] = CFrame.new(-0.000000, 0.067798, -0.016416, 1.000000, 0.000000, 0.000000, -0.000000, 0.833017, 0.553245, 0.000000, -0.553248, 0.833019),

              ["RightUpperArm"] = CFrame.new(-0.155775, -0.482617, 0.220889, 0.667020, -0.710342, 0.224718, 0.658638, 0.703190, 0.267806, -0.348253, -0.030623, 0.936900),

              ["RightUpperLeg"] = CFrame.new(0.000000, -0.107951, 0.140785, 0.993792, -0.111200, -0.003546, 0.028905, 0.288819, -0.956943, 0.107436, 0.950904, 0.290254),

              ["UpperTorso"] = CFrame.new(-0.138581, 0.169353, -0.011631, 0.985915, 0.059434, 0.156333, -0.033105, 0.985584, -0.165918, -0.163941, 0.158406, 0.973669)

          }},

          {Time = 0.433, Data = {

              ["Head"] = CFrame.new(0.000000, 0.000000, 0.000000, 0.705457, -0.168497, 0.688432, -0.017333, 0.966937, 0.254425, -0.708541, -0.191418, 0.679212),

              ["LeftFoot"] = CFrame.new(-0.000000, 0.011778, -0.000002, 0.891414, -0.346671, -0.291907, 0.367682, 0.929767, 0.018606, 0.264937, -0.123907, 0.956266),

              ["LeftHand"] = CFrame.new(0.000500, 0.000100, -0.000000, 0.998479, 0.006817, 0.054703, -0.025569, 0.936398, 0.350012, -0.048837, -0.350875, 0.935147),

              ["LeftLowerArm"] = CFrame.new(-0.000500, 0.091106, 0.058773, 1.000000, -0.000000, -0.000000, 0.000000, 0.411360, -0.911473, 0.000000, 0.911473, 0.411360),

              ["LeftLowerLeg"] = CFrame.new(-0.000000, 0.058748, -0.011705, 1.000000, -0.000000, -0.000000, 0.000000, 0.880027, 0.474918, -0.000000, -0.474925, 0.880030),

              ["LeftUpperArm"] = CFrame.new(-0.219824, 0.023899, 0.489483, 0.188842, 0.497705, -0.846539, 0.053944, 0.855490, 0.515001, 0.980525, -0.142920, 0.134704),

              ["LeftUpperLeg"] = CFrame.new(-0.000000, -0.086379, 0.139158, 0.813634, 0.574920, 0.086422, -0.034475, 0.196085, -0.979978, -0.580355, 0.794366, 0.179372),

              ["LowerTorso"] = CFrame.new(0.061036, -0.309183, 0.280279, 0.988709, 0.000024, -0.149849, 0.106932, 0.700445, 0.705650, 0.104978, -0.713706, 0.692534),

              ["RightFoot"] = CFrame.new(-0.000000, 0.009836, -0.000102, 0.958197, 0.218860, 0.184286, -0.245090, 0.960194, 0.134021, -0.147609, -0.173571, 0.973693),

              ["RightHand"] = CFrame.new(-0.000495, 0.008201, 0.000000, 0.844779, 0.462229, -0.269618, -0.534691, 0.749205, -0.390897, 0.021315, 0.474381, 0.880060),

              ["RightLowerArm"] = CFrame.new(-0.000000, 0.084661, 0.036752, 1.000000, 0.000000, 0.000000, -0.000000, 0.627999, -0.778213, -0.000000, 0.778214, 0.628000),

              ["RightLowerLeg"] = CFrame.new(0.000000, 0.046615, -0.007138, 1.000000, 0.000000, -0.000000, -0.000000, 0.927470, 0.373888, 0.000000, -0.373899, 0.927474),

              ["RightUpperArm"] = CFrame.new(-0.161944, -0.487729, 0.237562, 0.657308, -0.708280, 0.257460, 0.638710, 0.704890, 0.308513, -0.399994, -0.038346, 0.915715),

              ["RightUpperLeg"] = CFrame.new(0.000000, -0.107950, 0.140785, 0.990126, -0.139761, -0.010822, 0.021801, 0.229771, -0.972998, 0.138473, 0.963157, 0.230560),

              ["UpperTorso"] = CFrame.new(-0.119895, 0.171811, 0.013130, 0.988908, 0.041473, 0.142620, 0.001781, 0.956844, -0.290597, -0.148518, 0.287628, 0.946157)

          }},

          {Time = 0.467, Data = {

              ["Head"] = CFrame.new(-0.000000, 0.000000, 0.000000, 0.716398, -0.168849, 0.676953, -0.018742, 0.965266, 0.260595, -0.697441, -0.199377, 0.688350),

              ["LeftFoot"] = CFrame.new(-0.000000, 0.008517, -0.000003, 0.909927, -0.317279, -0.267158, 0.354467, 0.929310, 0.103645, 0.215374, -0.188991, 0.958063),

              ["LeftHand"] = CFrame.new(0.000500, 0.000100, 0.000000, 0.998479, 0.006817, 0.054703, -0.025569, 0.936398, 0.350012, -0.048837, -0.350875, 0.935147),

              ["LeftLowerArm"] = CFrame.new(-0.000500, 0.091106, 0.058773, 1.000000, -0.000000, -0.000000, 0.000000, 0.411360, -0.911473, 0.000000, 0.911473, 0.411360),

              ["LeftLowerLeg"] = CFrame.new(-0.000000, 0.040609, -0.005126, 1.000000, -0.000000, 0.000000, 0.000000, 0.946856, 0.321645, -0.000000, -0.321658, 0.946860),

              ["LeftUpperArm"] = CFrame.new(-0.219824, 0.023898, 0.489483, 0.188842, 0.497705, -0.846539, 0.053944, 0.855490, 0.515001, 0.980525, -0.142920, 0.134704),

              ["LeftUpperLeg"] = CFrame.new(0.000000, -0.086379, 0.139157, 0.851603, 0.507082, 0.132820, 0.041760, 0.186935, -0.981482, -0.522521, 0.841382, 0.138026),

              ["LowerTorso"] = CFrame.new(0.023303, -0.274408, 0.311964, 0.992159, 0.025437, -0.122364, 0.081701, 0.608898, 0.789030, 0.094578, -0.792840, 0.602046),

              ["RightFoot"] = CFrame.new(0.000000, 0.005077, -0.000103, 0.954611, 0.227845, 0.191851, -0.270183, 0.933507, 0.235751, -0.125373, -0.276859, 0.952688),

              ["RightHand"] = CFrame.new(-0.000494, 0.008911, 0.000000, 0.874137, 0.419525, -0.244711, -0.485587, 0.764714, -0.423580, 0.009431, 0.489092, 0.872179),

              ["RightLowerArm"] = CFrame.new(-0.000001, 0.088143, 0.040520, 1.000000, 0.000000, 0.000000, -0.000000, 0.589561, -0.807723, -0.000000, 0.807724, 0.589562),

              ["RightLowerLeg"] = CFrame.new(0.000000, 0.021343, -0.001319, 1.000000, 0.000000, -0.000000, -0.000000, 0.986417, 0.164243, -0.000000, -0.164260, 0.986420),

              ["RightUpperArm"] = CFrame.new(-0.163396, -0.490590, 0.258042, 0.639156, -0.707835, 0.300746, 0.616414, 0.705336, 0.350051, -0.459905, -0.038353, 0.887139),

              ["RightUpperLeg"] = CFrame.new(0.000000, -0.107950, 0.140785, 0.983886, -0.176546, -0.028297, 0.010915, 0.217263, -0.976051, 0.178466, 0.960015, 0.215694),

              ["UpperTorso"] = CFrame.new(-0.094447, 0.169886, 0.029030, 0.992324, 0.021056, 0.121857, 0.027268, 0.923889, -0.381689, -0.120619, 0.382082, 0.916223)

          }},

          {Time = 0.500, Data = {

              ["Head"] = CFrame.new(-0.000000, 0.000000, 0.000000, 0.727791, -0.169080, 0.664630, -0.020124, 0.963449, 0.267135, -0.685504, -0.207793, 0.697787),

              ["LeftFoot"] = CFrame.new(0.000000, 0.004825, -0.000003, 0.924009, -0.292497, -0.246289, 0.340664, 0.922246, 0.182817, 0.173656, -0.252801, 0.951798),

              ["LeftHand"] = CFrame.new(0.000500, 0.000100, -0.000000, 0.998479, 0.006817, 0.054703, -0.025569, 0.936398, 0.350012, -0.048837, -0.350875, 0.935147),

              ["LeftLowerArm"] = CFrame.new(-0.000500, 0.091106, 0.058773, 1.000000, -0.000000, -0.000000, 0.000000, 0.411360, -0.911473, 0.000000, 0.911473, 0.411360),

              ["LeftLowerLeg"] = CFrame.new(0.000000, 0.021284, -0.001185, 1.000000, 0.000000, 0.000000, 0.000000, 0.986763, 0.162151, -0.000000, -0.162168, 0.986766),

              ["LeftUpperArm"] = CFrame.new(-0.219824, 0.023899, 0.489483, 0.188842, 0.497705, -0.846539, 0.053944, 0.855490, 0.515001, 0.980525, -0.142920, 0.134704),

              ["LeftUpperLeg"] = CFrame.new(-0.000000, -0.086379, 0.139157, 0.884508, 0.435605, 0.167016, 0.081176, 0.208826, -0.974577, -0.459408, 0.875580, 0.149352),

