return {
["ice twerk 13"] = {

          {Time = 0.000, Data = {

              ["Head"] = CFrame.new(-0.000000, -0.000000, -0.000000, 1.000000, -0.000000, -0.000000, 0.000000, 0.975105, 0.221742, 0.000000, -0.221742, 0.975105),

              ["LeftFoot"] = CFrame.new(-0.000000, 0.013743, -0.000003, 0.992239, -0.095121, -0.080094, 0.089478, 0.993432, -0.071334, 0.086348, 0.063605, 0.994232),

              ["LeftHand"] = CFrame.new(0.000500, 0.000100, -0.000000, 0.977037, 0.213069, 0.000000, -0.213069, 0.977037, 0.000001, -0.000000, -0.000000, 1.000000),

              ["LeftLowerArm"] = CFrame.new(-0.000500, -0.000100, -0.000000, 1.000000, -0.000000, -0.000000, 0.000000, 1.000000, -0.000001, 0.000000, 0.000000, 1.000000),

              ["LeftLowerLeg"] = CFrame.new(-0.000000, 0.069342, -0.017066, 1.000000, -0.000000, -0.000000, 0.000000, 0.825365, 0.564598, -0.000000, -0.564600, 0.825366),

              ["LeftUpperArm"] = CFrame.new(-0.064441, -0.021689, 0.219588, 0.871119, 0.277305, -0.405282, -0.219721, 0.958180, 0.183342, 0.439175, -0.070664, 0.895618),

              ["LeftUpperLeg"] = CFrame.new(0.000000, -0.000000, -0.000100, 0.965004, 0.200180, 0.169400, -0.124530, 0.918306, -0.375756, -0.230780, 0.341529, 0.911104),

              ["LowerTorso"] = CFrame.new(0.000000, 0.000000, 0.000000, 0.999948, -0.002099, -0.009958, 0.001498, 0.998201, -0.059933, 0.010066, 0.059915, 0.998153),

              ["RightFoot"] = CFrame.new(0.000000, -0.005510, -0.000103, 0.993174, 0.089229, 0.075134, -0.083963, 0.993966, -0.070571, -0.080973, 0.063787, 0.994673),

              ["RightHand"] = CFrame.new(-0.000500, 0.000000, 0.000000, 0.997331, -0.022355, 0.069510, 0.003598, 0.965869, 0.259011, -0.072927, -0.258066, 0.963370),

              ["RightLowerArm"] = CFrame.new(-0.000000, 0.018156, 0.001644, 1.000000, 0.000000, 0.000000, -0.000000, 0.983383, -0.181542, -0.000000, 0.181541, 0.983383),

              ["RightLowerLeg"] = CFrame.new(0.000000, -0.005490, -0.000069, 1.000000, -0.000000, -0.000000, 0.000000, 1.000000, -0.000008, -0.000000, -0.000011, 1.000000),

              ["RightUpperArm"] = CFrame.new(-0.030543, -0.506437, -0.270536, 0.285500, -0.940483, -0.184341, 0.752716, 0.339105, -0.564294, 0.593219, 0.022349, 0.804730),

              ["RightUpperLeg"] = CFrame.new(-0.000000, 0.000000, -0.000000, 0.994012, -0.083179, -0.070863, 0.091486, 0.988127, 0.123437, 0.059755, -0.129174, 0.989819),

              ["UpperTorso"] = CFrame.new(-0.000000, -0.000000, 0.000000, 1.000000, 0.000000, 0.000000, 0.000000, 0.980496, -0.196537, -0.000000, 0.196537, 0.980496)

          }},

          {Time = 0.050, Data = {

              ["Head"] = CFrame.new(-0.000000, 0.000000, -0.000000, 0.999948, -0.008472, -0.005773, 0.009541, 0.975075, 0.221668, 0.003751, -0.221712, 0.975105),

              ["LeftFoot"] = CFrame.new(0.000000, 0.013720, -0.000003, 0.991593, -0.098980, -0.083344, 0.091954, 0.992188, -0.084314, 0.091032, 0.075932, 0.992948),

              ["LeftHand"] = CFrame.new(0.000500, 0.000100, -0.000000, 0.977737, 0.209815, 0.002803, -0.209813, 0.977741, -0.001037, -0.002958, 0.000427, 0.999996),

              ["LeftLowerArm"] = CFrame.new(-0.000500, 0.001237, 0.000007, 1.000000, 0.000000, -0.000000, -0.000000, 0.999911, -0.013373, 0.000000, 0.013373, 0.999911),

              ["LeftLowerLeg"] = CFrame.new(0.000000, 0.069225, -0.017000, 1.000000, -0.000000, -0.000000, 0.000000, 0.826035, 0.563617, -0.000000, -0.563619, 0.826036),

              ["LeftUpperArm"] = CFrame.new(-0.065242, -0.030585, 0.217726, 0.868326, 0.299061, -0.395692, -0.236806, 0.950946, 0.199059, 0.435813, -0.079145, 0.896551),

              ["LeftUpperLeg"] = CFrame.new(0.000000, -0.000000, -0.000100, 0.959968, 0.212916, 0.182017, -0.135973, 0.922303, -0.361739, -0.244895, 0.322527, 0.914338),

              ["LowerTorso"] = CFrame.new(0.002308, 0.010296, -0.000446, 0.999889, -0.009225, -0.011707, 0.008469, 0.997975, -0.063047, 0.012265, 0.062941, 0.997942),

              ["RightFoot"] = CFrame.new(-0.000000, -0.012249, -0.000103, 0.993493, 0.087122, 0.073359, -0.082036, 0.994188, -0.069716, -0.079002, 0.063250, 0.994866),

              ["RightHand"] = CFrame.new(-0.000500, 0.000000, -0.000000, 0.997321, -0.022401, 0.069642, 0.003545, 0.965643, 0.259850, -0.073069, -0.258904, 0.963134),

              ["RightLowerArm"] = CFrame.new(-0.000000, 0.018161, 0.001644, 1.000000, 0.000000, 0.000000, -0.000000, 0.983375, -0.181589, -0.000000, 0.181589, 0.983375),

              ["RightLowerLeg"] = CFrame.new(-0.000000, -0.012205, -0.000158, 1.000000, -0.000000, -0.000000, 0.000000, 1.000000, -0.000008, 0.000000, -0.000011, 1.000000),

              ["RightUpperArm"] = CFrame.new(-0.018930, -0.509362, -0.270188, 0.261740, -0.949854, -0.171085, 0.762168, 0.312174, -0.567140, 0.592108, 0.018047, 0.805656),

              ["RightUpperLeg"] = CFrame.new(-0.000000, -0.000000, 0.000000, 0.995020, -0.074462, -0.066258, 0.082398, 0.988544, 0.126468, 0.056082, -0.131290, 0.989756),

              ["UpperTorso"] = CFrame.new(-0.000027, -0.004096, -0.000479, 0.999975, 0.005111, -0.004968, -0.005966, 0.981541, -0.191159, 0.003899, 0.191183, 0.981547)

          }},

          {Time = 0.100, Data = {

              ["Head"] = CFrame.new(-0.000000, 0.000000, 0.000000, 0.999274, -0.031493, -0.021445, 0.035454, 0.974702, 0.220678, 0.013953, -0.221278, 0.975111),

              ["LeftFoot"] = CFrame.new(-0.000000, 0.013554, -0.000003, 0.989527, -0.110421, -0.092977, 0.099479, 0.988364, -0.115082, 0.104597, 0.104617, 0.988995),

              ["LeftHand"] = CFrame.new(0.000500, 0.000100, 0.000000, 0.979627, 0.200538, 0.010766, -0.200505, 0.979684, -0.004010, -0.011352, 0.001770, 0.999934),

              ["LeftLowerArm"] = CFrame.new(-0.000500, 0.004952, 0.000122, 1.000000, -0.000000, -0.000000, 0.000000, 0.998724, -0.050513, 0.000000, 0.050512, 0.998723),

              ["LeftLowerLeg"] = CFrame.new(0.000000, 0.068345, -0.016508, 1.000000, -0.000000, -0.000000, 0.000000, 0.831064, 0.556174, -0.000000, -0.556177, 0.831066),

              ["LeftUpperArm"] = CFrame.new(-0.068204, -0.054303, 0.212932, 0.858957, 0.356121, -0.367929, -0.282173, 0.928797, 0.240237, 0.427285, -0.102534, 0.898284),

              ["LeftUpperLeg"] = CFrame.new(0.000000, 0.000000, -0.000100, 0.944551, 0.245973, 0.217539, -0.167814, 0.931027, -0.324062, -0.282246, 0.269605, 0.920685),

              ["LowerTorso"] = CFrame.new(0.008469, 0.037095, -0.001280, 0.999509, -0.028412, -0.013179, 0.027411, 0.997116, -0.070775, 0.015152, 0.070379, 0.997405),

              ["RightFoot"] = CFrame.new(0.000000, -0.030061, -0.000103, 0.994267, 0.081796, 0.068875, -0.077112, 0.994691, -0.068138, -0.074078, 0.062443, 0.995296),

              ["RightHand"] = CFrame.new(-0.000500, -0.000000, 0.000000, 0.997290, -0.022533, 0.070040, 0.003383, 0.964987, 0.262278, -0.073497, -0.261328, 0.962447),

              ["RightLowerArm"] = CFrame.new(-0.000000, 0.018175, 0.001647, 1.000000, 0.000000, 0.000000, -0.000000, 0.983349, -0.181727, -0.000000, 0.181727, 0.983349),

              ["RightLowerLeg"] = CFrame.new(0.000000, -0.029956, -0.000393, 1.000000, -0.000000, 0.000000, -0.000000, 1.000000, -0.000008, 0.000000, -0.000011, 1.000000),

              ["RightUpperArm"] = CFrame.new(0.012230, -0.515208, -0.268759, 0.198023, -0.970781, -0.135539, 0.784200, 0.239863, -0.572273, 0.588062, 0.007033, 0.808785),

              ["RightUpperLeg"] = CFrame.new(0.000000, -0.000000, -0.000000, 0.997064, -0.050841, -0.057252, 0.058158, 0.989218, 0.134414, 0.049801, -0.137342, 0.989270),

              ["UpperTorso"] = CFrame.new(-0.000340, -0.015464, -0.001720, 0.999651, 0.019080, -0.018287, -0.022013, 0.984035, -0.176606, 0.014626, 0.176947, 0.984112)

          }},

          {Time = 0.150, Data = {

              ["Head"] = CFrame.new(-0.000000, -0.000000, 0.000000, 0.996863, -0.065470, -0.044484, 0.073625, 0.973293, 0.217439, 0.029061, -0.220032, 0.975060),

              ["LeftFoot"] = CFrame.new(0.000000, 0.013047, -0.000003, 0.985370, -0.130373, -0.109777, 0.113283, 0.982225, -0.149680, 0.127332, 0.135042, 0.982621),

              ["LeftHand"] = CFrame.new(0.000500, 0.000100, -0.000000, 0.982283, 0.185955, 0.023248, -0.185800, 0.982549, -0.008656, -0.024451, 0.004184, 0.999692),

              ["LeftLowerArm"] = CFrame.new(-0.000500, 0.010585, 0.000562, 1.000000, -0.000000, -0.000000, 0.000000, 0.994276, -0.106839, 0.000000, 0.106838, 0.994276),

              ["LeftLowerLeg"] = CFrame.new(0.000000, 0.065646, -0.015055, 1.000000, -0.000000, 0.000000, 0.000000, 0.845895, 0.533346, -0.000000, -0.533349, 0.845897),

              ["LeftUpperArm"] = CFrame.new(-0.074645, -0.088168, 0.206618, 0.840555, 0.435094, -0.322738, -0.346549, 0.889781, 0.296974, 0.416378, -0.137779, 0.898692),

              ["LeftUpperLeg"] = CFrame.new(-0.000000, -0.000000, -0.000100, 0.916618, 0.291039, 0.274064, -0.217109, 0.938054, -0.270016, -0.335672, 0.188018, 0.923028),

              ["LowerTorso"] = CFrame.new(0.017287, 0.074318, -0.001795, 0.998379, -0.056228, -0.008772, 0.055343, 0.995216, -0.080513, 0.013258, 0.079897, 0.996715),

              ["RightFoot"] = CFrame.new(0.000000, -0.055312, -0.000103, 0.995205, 0.074824, 0.063004, -0.070569, 0.995237, -0.067255, -0.067732, 0.062493, 0.995745),

              ["RightHand"] = CFrame.new(-0.000500, 0.000000, -0.000000, 0.997238, -0.022744, 0.070706, 0.003113, 0.963925, 0.266159, -0.074209, -0.265201, 0.961332),

              ["RightLowerArm"] = CFrame.new(-0.000000, 0.018196, 0.001651, 1.000000, 0.000000, 0.000000, -0.000000, 0.983309, -0.181945, -0.000000, 0.181945, 0.983309),

              ["RightLowerLeg"] = CFrame.new(0.000000, -0.055119, -0.000727, 1.000000, -0.000000, 0.000000, 0.000000, 1.000000, -0.000008, 0.000000, -0.000011, 1.000000),

              ["RightUpperArm"] = CFrame.new(0.057348, -0.518824, -0.265586, 0.105820, -0.990795, -0.084420, 0.807822, 0.135162, -0.573721, 0.579850, -0.007485, 0.814689),

              ["RightUpperLeg"] = CFrame.new(-0.000000, -0.000000, -0.000000, 0.998568, -0.016267, -0.050965, 0.023541, 0.989071, 0.145558, 0.048040, -0.146542, 0.988036),

              ["UpperTorso"] = CFrame.new(-0.001481, -0.032714, -0.003394, 0.998499, 0.039951, -0.037458, -0.045308, 0.986838, -0.155237, 0.030763, 0.156701, 0.987167)

          }},

          {Time = 0.200, Data = {

              ["Head"] = CFrame.new(-0.000000, 0.000001, -0.000000, 0.991658, -0.106764, -0.072216, 0.119794, 0.970193, 0.210654, 0.047573, -0.217548, 0.974890),

              ["LeftFoot"] = CFrame.new(0.000000, 0.012029, -0.000003, 0.977967, -0.159694, -0.134466, 0.135268, 0.975321, -0.174519, 0.159007, 0.152472, 0.975429),

              ["LeftHand"] = CFrame.new(0.000500, 0.000100, 0.000000, 0.985196, 0.166791, 0.039620, -0.166330, 0.985961, -0.014669, -0.041510, 0.007863, 0.999107),

              ["LeftLowerArm"] = CFrame.new(-0.000500, 0.017653, 0.001570, 1.000000, -0.000000, -0.000000, 0.000000, 0.984118, -0.177515, 0.000000, 0.177515, 0.984118),

              ["LeftLowerLeg"] = CFrame.new(-0.000000, 0.060115, -0.012329, 1.000000, -0.000000, -0.000000, 0.000000, 0.873678, 0.486498, -0.000000, -0.486504, 0.873682),

              ["LeftUpperArm"] = CFrame.new(-0.085293, -0.127052, 0.200175, 0.811852, 0.521624, -0.262306, -0.419759, 0.833720, 0.358766, 0.405831, -0.181160, 0.895814),

              ["LeftUpperLeg"] = CFrame.new(-0.000000, -0.000000, -0.000100, 0.873569, 0.338908, 0.349316, -0.279815, 0.936964, -0.209273, -0.398222, 0.085087, 0.913336),

              ["LowerTorso"] = CFrame.new(0.027549, 0.115847, -0.001563, 0.996008, -0.089022, 0.006505, 0.089246, 0.991966, -0.089663, 0.001530, 0.089886, 0.995951),

              ["RightFoot"] = CFrame.new(0.000000, -0.084354, -0.000104, 0.996084, 0.067629, 0.056945, -0.063690, 0.995625, -0.068358, -0.061316, 0.064470, 0.996034),

              ["RightHand"] = CFrame.new(-0.000500, 0.000000, 0.000000, 0.997164, -0.023030, 0.071644, 0.002733, 0.962476, 0.271356, -0.075204, -0.270388, 0.959809),

              ["RightLowerArm"] = CFrame.new(0.000000, 0.018225, 0.001656, 1.000000, 0.000000, 0.000000, -0.000000, 0.983255, -0.182236, -0.000000, 0.182236, 0.983255),

              ["RightLowerLeg"] = CFrame.new(0.000000, -0.084062, -0.001110, 1.000000, -0.000000, 0.000000, -0.000000, 1.000000, -0.000008, -0.000000, -0.000011, 1.000000),

              ["RightUpperArm"] = CFrame.new(0.109741, -0.515985, -0.260265, -0.001217, -0.999668, -0.025755, 0.823886, 0.013595, -0.566593, 0.566754, -0.021909, 0.823596),

              ["RightUpperLeg"] = CFrame.new(0.000000, -0.000000, -0.000000, 0.998231, 0.025316, -0.053796, -0.016469, 0.987152, 0.158939, 0.057128, -0.157764, 0.985822),

              ["UpperTorso"] = CFrame.new(-0.004004, -0.054404, -0.005280, 0.996035, 0.065757, -0.059915, -0.073073, 0.988887, -0.129473, 0.050735, 0.133338, 0.989771)

          }},

          {Time = 0.250, Data = {

              ["Head"] = CFrame.new(-0.000000, -0.000000, 0.000000, 0.983168, -0.151698, -0.101825, 0.169563, 0.965150, 0.199335, 0.068037, -0.213245, 0.974627),

              ["LeftFoot"] = CFrame.new(0.000000, 0.010382, -0.000003, 0.966167, -0.197297, -0.166129, 0.167311, 0.969613, -0.178497, 0.196286, 0.144652, 0.969814),

              ["LeftHand"] = CFrame.new(0.000500, 0.000100, -0.000000, 0.987833, 0.143792, 0.059250, -0.142735, 0.989522, -0.021732, -0.061753, 0.013011, 0.998007),

              ["LeftLowerArm"] = CFrame.new(-0.000500, 0.025645, 0.003344, 1.000000, -0.000000, -0.000000, 0.000000, 0.966300, -0.257418, 0.000000, 0.257417, 0.966300),

              ["LeftLowerLeg"] = CFrame.new(-0.000000, 0.050971, -0.008510, 1.000000, -0.000000, -0.000000, 0.000000, 0.912524, 0.409014, -0.000000, -0.409024, 0.912528),

              ["LeftUpperArm"] = CFrame.new(-0.099197, -0.165714, 0.194551, 0.774932, 0.602153, -0.192074, -0.491393, 0.765115, 0.416091, 0.397509, -0.228058, 0.888806),

              ["LeftUpperLeg"] = CFrame.new(-0.000000, -0.000000, -0.000100, 0.814922, 0.379928, 0.437678, -0.348893, 0.924591, -0.152971, -0.462792, -0.028028, 0.886024),

              ["LowerTorso"] = CFrame.new(0.038131, 0.155438, -0.000548, 0.991715, -0.123057, 0.036854, 0.126082, 0.987373, -0.095902, -0.024587, 0.099754, 0.994708),

              ["RightFoot"] = CFrame.new(-0.000000, -0.113455, -0.000104, 0.996777, 0.061371, 0.051676, -0.057540, 0.995697, -0.072639, -0.055909, 0.069438, 0.996019),

              ["RightHand"] = CFrame.new(-0.000500, 0.000000, 0.000000, 0.997068, -0.023386, 0.072856, 0.002238, 0.960658, 0.277729, -0.076483, -0.276749, 0.957893),

              ["RightLowerArm"] = CFrame.new(-0.000000, 0.018261, 0.001662, 1.000000, 0.000000, 0.000000, -0.000000, 0.983189, -0.182591, -0.000000, 0.182591, 0.983189),

              ["RightLowerLeg"] = CFrame.new(0.000000, -0.113065, -0.001495, 1.000000, 0.000000, 0.000000, 0.000000, 1.000000, -0.000008, 0.000000, -0.000011, 1.000000),

              ["RightUpperArm"] = CFrame.new(0.161668, -0.505267, -0.252899, -0.107321, -0.993723, 0.031559, 0.828854, -0.106955, -0.549146, 0.549074, -0.032778, 0.835130),

              ["RightUpperLeg"] = CFrame.new(-0.000000, -0.000001, -0.000000, 0.994986, 0.070263, -0.071182, -0.056909, 0.982960, 0.174797, 0.082250, -0.169863, 0.982028),

              ["UpperTorso"] = CFrame.new(-0.008256, -0.079047, -0.007387, 0.992053, 0.094429, -0.083148, -0.102721, 0.989482, -0.101853, 0.072656, 0.109584, 0.991319)

          }},

          {Time = 0.300, Data = {

              ["Head"] = CFrame.new(-0.000000, 0.000000, 0.000000, 0.971759, -0.196639, -0.130449, 0.218522, 0.958527, 0.182958, 0.089062, -0.206297, 0.974428),

              ["LeftFoot"] = CFrame.new(-0.000000, 0.006737, -0.000003, 0.954463, -0.228209, -0.192158, 0.205252, 0.969742, -0.132190, 0.216498, 0.086727, 0.972420),

              ["LeftHand"] = CFrame.new(0.000499, 0.000100, 0.000000, 0.989696, 0.117743, 0.081482, -0.115686, 0.992847, -0.029535, -0.084376, 0.019805, 0.996237),

              ["LeftLowerArm"] = CFrame.new(-0.000500, 0.034033, 0.005969, 1.000000, -0.000000, -0.000000, 0.000000, 0.939965, -0.341270, 0.000000, 0.341270, 0.939965),

              ["LeftLowerLeg"] = CFrame.new(-0.000000, 0.030973, -0.002797, 1.000000, -0.000000, -0.000000, 0.000000, 0.970442, 0.241321, 0.000000, -0.241336, 0.970446),

              ["LeftUpperArm"] = CFrame.new(-0.113454, -0.199578, 0.189950, 0.735784, 0.666380, -0.120664, -0.552387, 0.693633, 0.462323, 0.391779, -0.273516, 0.878463),

              ["LeftUpperLeg"] = CFrame.new(0.000000, 0.000000, -0.000100, 0.754439, 0.376508, 0.537650, -0.403531, 0.912091, -0.072472, -0.517672, -0.162271, 0.840048),

              ["LowerTorso"] = CFrame.new(0.048117, 0.187387, 0.000909, 0.984212, -0.154705, 0.085978, 0.162837, 0.981837, -0.097367, -0.069354, 0.109830, 0.991528),

              ["RightFoot"] = CFrame.new(-0.000000, -0.139160, -0.000104, 0.997218, 0.057025, 0.048017, -0.053001, 0.995280, -0.081292, -0.052423, 0.078526, 0.995533),

              ["RightHand"] = CFrame.new(-0.000500, 0.000000, 0.000000, 0.996949, -0.023807, 0.074343, 0.001626, 0.958486, 0.285138, -0.078044, -0.284145, 0.955599),

              ["RightLowerArm"] = CFrame.new(-0.000000, 0.018302, 0.001670, 1.000000, 0.000000, 0.000000, -0.000000, 0.983113, -0.183001, -0.000000, 0.183001, 0.983113),

              ["RightLowerLeg"] = CFrame.new(0.000000, -0.138683, -0.001835, 1.000000, -0.000000, -0.000000, 0.000000, 1.000000, -0.000008, -0.000000, -0.000011, 1.000000),

              ["RightUpperArm"] = CFrame.new(0.205455, -0.488717, -0.244024, -0.196864, -0.977216, 0.079334, 0.826127, -0.208912, -0.523327, 0.527977, -0.037485, 0.848431),

              ["RightUpperLeg"] = CFrame.new(0.000000, 0.000000, -0.000000, 0.987430, 0.115543, -0.107854, -0.093011, 0.976475, 0.194549, 0.127795, -0.182065, 0.974945),

              ["UpperTorso"] = CFrame.new(-0.014214, -0.105142, -0.009975, 0.986761, 0.123755, -0.104820, -0.131930, 0.988417, -0.075005, 0.094323, 0.087841, 0.991659)

          }},

          {Time = 0.350, Data = {

              ["Head"] = CFrame.new(0.000000, 0.000000, -0.000000, 0.958738, -0.238103, -0.155332, 0.262432, 0.951340, 0.161500, 0.109320, -0.195600, 0.974572),

              ["LeftFoot"] = CFrame.new(0.000000, -0.008428, -0.000003, 0.948437, -0.242465, -0.204162, 0.237805, 0.970154, -0.047448, 0.209563, -0.003538, 0.977787),

              ["LeftHand"] = CFrame.new(0.000500, 0.000100, -0.000000, 0.990373, 0.089462, 0.105634, -0.085900, 0.995586, -0.037809, -0.108550, 0.028371, 0.993686),

              ["LeftLowerArm"] = CFrame.new(-0.000500, 0.042302, 0.009388, 1.000000, -0.000000, -0.000000, 0.000000, 0.905695, -0.423930, 0.000000, 0.423930, 0.905695),

              ["LeftLowerLeg"] = CFrame.new(-0.000000, -0.007999, -0.000005, 1.000000, -0.000000, 0.000000, 0.000000, 1.000000, -0.000008, -0.000000, -0.000011, 1.000000),

              ["LeftUpperArm"] = CFrame.new(-0.123780, -0.225342, 0.185785, 0.703160, 0.708638, -0.058299, -0.596211, 0.632300, 0.494702, 0.387427, -0.313096, 0.867105),

              ["LeftUpperLeg"] = CFrame.new(0.000000, -0.000000, -0.000100, 0.709871, 0.319081, 0.627911, -0.431661, 0.901541, 0.029881, -0.556554, -0.292251, 0.777711),

              ["LowerTorso"] = CFrame.new(0.056878, 0.208633, 0.002176, 0.970850, -0.180549, 0.157648, 0.196582, 0.976093, -0.092730, -0.137137, 0.121018, 0.983132),

              ["RightFoot"] = CFrame.new(-0.000000, -0.159539, -0.000104, 0.997353, 0.055617, 0.046832, -0.050949, 0.994114, -0.095605, -0.051871, 0.092970, 0.994317),

              ["RightHand"] = CFrame.new(-0.000501, 0.000000, 0.000000, 0.996804, -0.024292, 0.076107, 0.000892, 0.955976, 0.293445, -0.079884, -0.292436, 0.952942),

              ["RightLowerArm"] = CFrame.new(0.000000, 0.018347, 0.001678, 1.000000, 0.000000, 0.000000, -0.000000, 0.983028, -0.183457, -0.000000, 0.183457, 0.983028),

              ["RightLowerLeg"] = CFrame.new(-0.000000, -0.158996, -0.002104, 1.000000, -0.000000, 0.000000, 0.000000, 1.000000, -0.000008, 0.000000, -0.000011, 1.000000),

              ["RightUpperArm"] = CFrame.new(0.234429, -0.470998, -0.234260, -0.256216, -0.960180, 0.111386, 0.824340, -0.277225, -0.493569, 0.504794, -0.034640, 0.862545),

              ["RightUpperLeg"] = CFrame.new(-0.000000, -0.000001, -0.000000, 0.972792, 0.159073, -0.168441, -0.120116, 0.967977, 0.220443, 0.198113, -0.194206, 0.960746),

              ["UpperTorso"] = CFrame.new(-0.021422, -0.131234, -0.013490, 0.980812, 0.151379, -0.122847, -0.158639, 0.985988, -0.051590, 0.113317, 0.070088, 0.991084)

          }},

          {Time = 0.400, Data = {

              ["Head"] = CFrame.new(-0.000000, -0.000000, -0.000000, 0.946209, -0.272805, -0.173968, 0.297372, 0.945124, 0.135320, 0.127505, -0.179774, 0.975410),

              ["LeftFoot"] = CFrame.new(0.000000, -0.039898, -0.000003, 0.947873, -0.243752, -0.205246, 0.235042, 0.969729, -0.066192, 0.215156, 0.014510, 0.976470),

              ["LeftHand"] = CFrame.new(0.000500, 0.000100, 0.000000, 0.989578, 0.059801, 0.130993, -0.054144, 0.997458, -0.046335, -0.133429, 0.038760, 0.990300),

              ["LeftLowerArm"] = CFrame.new(-0.000500, 0.049987, 0.013390, 1.000000, -0.000000, -0.000000, -0.000000, 0.865602, -0.500733, 0.000000, 0.500733, 0.865602),

              ["LeftLowerLeg"] = CFrame.new(-0.000000, -0.039358, -0.000420, 1.000000, -0.000000, 0.000000, -0.000000, 1.000000, -0.000008, 0.000000, -0.000011, 1.000000),

              ["LeftUpperArm"] = CFrame.new(-0.125495, -0.240780, 0.180925, 0.686606, 0.726875, -0.015010, -0.618490, 0.594829, 0.513467, 0.382155, -0.343266, 0.857978),

              ["LeftUpperLeg"] = CFrame.new(-0.000000, 0.000000, -0.000100, 0.688915, 0.325295, 0.647751, -0.437441, 0.899143, 0.013704, -0.577964, -0.292788, 0.761729),

              ["LowerTorso"] = CFrame.new(0.064093, 0.216727, 0.002387, 0.946260, -0.197357, 0.256209, 0.224508, 0.971087, -0.081152, -0.232785, 0.134312, 0.963209),

              ["RightFoot"] = CFrame.new(0.000000, -0.173145, -0.000104, 0.997037, 0.058846, 0.049550, -0.052709, 0.991710, -0.117182, -0.056032, 0.114226, 0.991874),

              ["RightHand"] = CFrame.new(-0.000500, 0.000000, -0.000000, 0.996632, -0.024836, 0.078152, 0.000031, 0.953148, 0.302508, -0.082003, -0.301484, 0.949938),

              ["RightLowerArm"] = CFrame.new(-0.000001, 0.018397, 0.001688, 1.000000, 0.000000, 0.000000, -0.000000, 0.982936, -0.183951, -0.000000, 0.183950, 0.982935),

              ["RightLowerLeg"] = CFrame.new(-0.000000, -0.172558, -0.002284, 1.000000, -0.000000, -0.000000, -0.000000, 1.000000, -0.000008, 0.000000, -0.000011, 1.000000),

              ["RightUpperArm"] = CFrame.new(0.242514, -0.457525, -0.223878, -0.272950, -0.954078, 0.123426, 0.833635, -0.298601, -0.464639, 0.480157, -0.023931, 0.876856),

              ["RightUpperLeg"] = CFrame.new(-0.000000, 0.000000, -0.000000, 0.945133, 0.200048, -0.258271, -0.132972, 0.957702, 0.255203, 0.298399, -0.206851, 0.931755),

              ["UpperTorso"] = CFrame.new(-0.029003, -0.155945, -0.018453, 0.975236, 0.174827, -0.135461, -0.180954, 0.982896, -0.034230, 0.127160, 0.057895, 0.990191)

          }},

          {Time = 0.450, Data = {

              ["Head"] = CFrame.new(0.000000, 0.000000, -0.000000, 0.936762, -0.297575, -0.184192, 0.319768, 0.941667, 0.104940, 0.142220, -0.157203, 0.977272),

              ["LeftFoot"] = CFrame.new(0.000000, -0.057247, -0.000003, 0.952161, -0.233767, -0.196838, 0.222659, 0.971842, -0.077119, 0.209313, 0.029611, 0.977398),

              ["LeftHand"] = CFrame.new(0.000500, 0.000100, -0.000000, 0.987183, 0.029627, 0.156821, -0.021227, 0.998262, -0.054972, -0.158176, 0.050939, 0.986096),

              ["LeftLowerArm"] = CFrame.new(-0.000500, 0.056697, 0.017626, 1.000000, -0.000000, -0.000000, 0.000000, 0.823170, -0.567795, 0.000000, 0.567795, 0.823170),

              ["LeftLowerLeg"] = CFrame.new(0.000000, -0.056648, -0.000650, 1.000000, -0.000000, 0.000000, 0.000000, 1.000000, -0.000008, 0.000000, -0.000011, 1.000000),

              ["LeftUpperArm"] = CFrame.new(-0.114424, -0.243645, 0.174128, 0.694655, 0.719343, 0.000255, -0.614814, 0.593529, 0.519352, 0.373441, -0.360927, 0.854560),

              ["LeftUpperLeg"] = CFrame.new(-0.000000, 0.000000, -0.000100, 0.699376, 0.325864, 0.636150, -0.424090, 0.905618, 0.002349, -0.575344, -0.271422, 0.771562),

              ["LowerTorso"] = CFrame.new(0.069713, 0.209205, 0.000463, 0.899953, -0.202009, 0.386363, 0.243900, 0.967810, -0.062096, -0.361382, 0.150117, 0.920254),

              ["RightFoot"] = CFrame.new(0.000000, -0.179091, -0.000104, 0.995791, 0.070110, 0.059036, -0.060728, 0.987122, -0.147997, -0.068647, 0.143790, 0.987224),

              ["RightHand"] = CFrame.new(-0.000500, -0.000000, -0.000000, 0.996432, -0.025438, 0.080478, -0.000961, 0.950021, 0.312188, -0.084396, -0.311148, 0.946605),

              ["RightLowerArm"] = CFrame.new(-0.000000, 0.018449, 0.001698, 1.000000, 0.000000, 0.000000, -0.000000, 0.982838, -0.184473, -0.000000, 0.184473, 0.982838),

              ["RightLowerLeg"] = CFrame.new(-0.000000, -0.178484, -0.002363, 1.000000, 0.000000, -0.000000, -0.000000, 1.000000, -0.000008, -0.000000, -0.000011, 1.000000),

              ["RightUpperArm"] = CFrame.new(0.222332, -0.451967, -0.212410, -0.232027, -0.966281, 0.111649, 0.860667, -0.257426, -0.439299, 0.453227, -0.005837, 0.891376),

              ["RightUpperLeg"] = CFrame.new(-0.000000, 0.000000, -0.000000, 0.891932, 0.239590, -0.383476, -0.124442, 0.945399, 0.301230, 0.434709, -0.220949, 0.873045),

              ["UpperTorso"] = CFrame.new(-0.035743, -0.177967, -0.025348, 0.971280, 0.191508, -0.141213, -0.196947, 0.980083, -0.025472, 0.133522, 0.052552, 0.989652)

          }},

          {Time = 0.500, Data = {

              ["Head"] = CFrame.new(-0.000000, 0.000001, -0.000000, 0.933015, -0.309119, -0.184196, 0.326270, 0.942625, 0.070749, 0.151757, -0.126108, 0.980340),

              ["LeftFoot"] = CFrame.new(0.000000, -0.049143, -0.000003, 0.961084, -0.211325, -0.177941, 0.199862, 0.976530, -0.080274, 0.190719, 0.041594, 0.980761),

              ["LeftHand"] = CFrame.new(0.000500, 0.000100, -0.000000, 0.983230, -0.000199, 0.182371, 0.012010, 0.997899, -0.063661, -0.181973, 0.064784, 0.981167),

              ["LeftLowerArm"] = CFrame.new(-0.000500, 0.062136, 0.021648, 1.000000, -0.000000, -0.000000, 0.000000, 0.782902, -0.622145, 0.000000, 0.622145, 0.782902),

              ["LeftLowerLeg"] = CFrame.new(0.000000, -0.048572, -0.000543, 1.000000, 0.000000, -0.000000, 0.000000, 1.000000, -0.000008, 0.000000, -0.000011, 1.000000),

              ["LeftUpperArm"] = CFrame.new(-0.087782, -0.229961, 0.164594, 0.733060, 0.679863, -0.020252, -0.577303, 0.637667, 0.510002, 0.359645, -0.362170, 0.859935),

              ["LeftUpperLeg"] = CFrame.new(0.000000, 0.000000, -0.000100, 0.748893, 0.319519, 0.580575, -0.392346, 0.919818, -0.000121, -0.534063, -0.227690, 0.814207),

              ["LowerTorso"] = CFrame.new(0.073883, 0.183666, -0.004950, 0.812493, -0.191801, 0.550516, 0.252036, 0.967083, -0.035040, -0.525674, 0.167219, 0.834089),

              ["RightFoot"] = CFrame.new(0.000000, -0.177274, -0.000104, 0.992014, 0.096482, 0.081241, -0.079628, 0.978574, -0.189876, -0.097815, 0.181889, 0.978441),

              ["RightHand"] = CFrame.new(-0.000500, 0.000000, -0.000000, 0.996201, -0.026095, 0.083088, -0.002088, 0.946620, 0.322347, -0.087064, -0.321292, 0.942968),

              ["RightLowerArm"] = CFrame.new(-0.000000, 0.018503, 0.001708, 1.000000, 0.000000, 0.000000, -0.000000, 0.982736, -0.185016, -0.000000, 0.185016, 0.982736),

              ["RightLowerLeg"] = CFrame.new(-0.000000, -0.176673, -0.002339, 1.000000, -0.000000, 0.000000, -0.000000, 1.000000, -0.000008, 0.000000, -0.000011, 1.000000),

              ["RightUpperArm"] = CFrame.new(0.165511, -0.451693, -0.198380, -0.116419, -0.990484, 0.073406, 0.899491, -0.136486, -0.415077, 0.421145, 0.017705, 0.906820),

              ["RightUpperLeg"] = CFrame.new(0.000000, 0.000000, -0.000000, 0.787617, 0.281751, -0.547973, -0.083377, 0.929886, 0.358280, 0.610498, -0.236493, 0.755884),

              ["UpperTorso"] = CFrame.new(-0.040223, -0.196004, -0.034534, 0.970164, 0.198681, -0.138951, -0.204367, 0.978500, -0.027780, 0.130444, 0.055348, 0.989910)

          }},

          {Time = 0.550, Data = {

              ["Head"] = CFrame.new(-0.000000, -0.000000, 0.000000, 0.935085, -0.307221, -0.176723, 0.316556, 0.948201, 0.026598, 0.159397, -0.080814, 0.983901),

              ["LeftFoot"] = CFrame.new(-0.000000, -0.022238, -0.000003, 0.972306, -0.178777, -0.150536, 0.168867, 0.982678, -0.076341, 0.161568, 0.048814, 0.985653),

              ["LeftHand"] = CFrame.new(0.000500, 0.000100, -0.000000, 0.977938, -0.028843, 0.206896, 0.044711, 0.996371, -0.072433, -0.204054, 0.080086, 0.975678),

              ["LeftLowerArm"] = CFrame.new(-0.000500, 0.066087, 0.024950, 1.000000, -0.000000, -0.000000, -0.000000, 0.749843, -0.661615, 0.000000, 0.661615, 0.749844),

              ["LeftLowerLeg"] = CFrame.new(0.000000, -0.021760, -0.000187, 1.000000, -0.000000, 0.000000, -0.000000, 1.000000, -0.000008, 0.000000, -0.000011, 1.000000),

              ["LeftUpperArm"] = CFrame.new(-0.047792, -0.195233, 0.152868, 0.797558, 0.598266, -0.077326, -0.497050, 0.724373, 0.477730, 0.341822, -0.342582, 0.875097),

              ["LeftUpperLeg"] = CFrame.new(-0.000000, -0.000000, -0.000100, 0.830800, 0.302868, 0.466951, -0.344428, 0.938805, 0.003898, -0.437196, -0.164063, 0.884275),

              ["LowerTorso"] = CFrame.new(0.076857, 0.139385, -0.014916, 0.656050, -0.167233, 0.735956, 0.246134, 0.969236, 0.000832, -0.713454, 0.180598, 0.677028),

              ["RightFoot"] = CFrame.new(-0.000000, -0.157093, -0.000104, 0.994585, 0.079496, 0.066939, -0.063201, 0.973971, -0.217687, -0.082497, 0.212274, 0.973721),

              ["RightHand"] = CFrame.new(-0.000500, 0.000000, 0.000000, 0.995936, -0.026805, 0.085984, -0.003357, 0.942977, 0.332846, -0.090002, -0.331778, 0.939053),

              ["RightLowerArm"] = CFrame.new(-0.000000, 0.018559, 0.001718, 1.000000, 0.000000, 0.000000, -0.000000, 0.982631, -0.185571, -0.000000, 0.185570, 0.982631),

              ["RightLowerLeg"] = CFrame.new(-0.000000, -0.156558, -0.002072, 1.000000, 0.000000, -0.000000, 0.000000, 1.000000, -0.000008, 0.000000, -0.000011, 1.000000),

              ["RightUpperArm"] = CFrame.new(0.072929, -0.443024, -0.179887, 0.072406, -0.997264, 0.014904, 0.922064, 0.061234, -0.382164, 0.380205, 0.041414, 0.923975),

              ["RightUpperLeg"] = CFrame.new(0.000000, -0.000000, -0.000000, 0.699792, 0.333744, -0.631588, -0.099729, 0.921137, 0.376252, 0.707351, -0.200305, 0.677888),

              ["UpperTorso"] = CFrame.new(-0.040989, -0.208651, -0.046198, 0.972768, 0.193385, -0.127766, -0.200298, 0.978767, -0.043552, 0.116631, 0.067958, 0.990848)

          }},

          {Time = 0.600, Data = {

              ["Head"] = CFrame.new(-0.000000, 0.000000, 0.000000, 0.940734, -0.295542, -0.166358, 0.295375, 0.955019, -0.026321, 0.166654, -0.024377, 0.985714),

              ["LeftFoot"] = CFrame.new(0.000000, 0.001966, -0.000003, 0.981240, -0.147476, -0.124179, 0.136038, 0.986033, -0.096087, 0.136608, 0.077395, 0.987597),

              ["LeftHand"] = CFrame.new(0.000500, 0.000100, 0.000000, 0.971686, -0.055519, 0.229662, 0.076022, 0.993777, -0.081408, -0.223711, 0.096562, 0.969860),

              ["LeftLowerArm"] = CFrame.new(-0.000500, 0.068373, 0.027026, 1.000000, -0.000000, -0.000000, 0.000000, 0.729053, -0.684457, 0.000000, 0.684458, 0.729053),

              ["LeftLowerLeg"] = CFrame.new(-0.000000, 0.008458, -0.000070, 1.000000, 0.000000, -0.000000, -0.000000, 0.998120, 0.061280, 0.000000, -0.061298, 0.998121),

              ["LeftUpperArm"] = CFrame.new(-0.006994, -0.145784, 0.141152, 0.863255, 0.482237, -0.149126, -0.386778, 0.821772, 0.418442, 0.324335, -0.303544, 0.895917),

              ["LeftUpperLeg"] = CFrame.new(-0.000000, -0.000001, -0.000100, 0.910996, 0.283484, 0.299539, -0.287332, 0.957293, -0.032107, -0.295849, -0.056810, 0.953544),

              ["LowerTorso"] = CFrame.new(0.079781, 0.081989, -0.027816, 0.422117, -0.140272, 0.895623, 0.223615, 0.973540, 0.047082, -0.878529, 0.180401, 0.442315),

              ["RightFoot"] = CFrame.new(-0.000000, -0.113005, -0.000104, 0.999902, -0.010731, -0.009035, 0.008829, 0.981935, -0.189013, 0.010899, 0.188912, 0.981933),

              ["RightHand"] = CFrame.new(-0.000500, 0.000000, -0.000000, 0.995635, -0.027563, 0.089169, -0.004769, 0.939124, 0.343549, -0.093210, -0.342472, 0.934892),

              ["RightLowerArm"] = CFrame.new(-0.000000, 0.018615, 0.001729, 1.000000, 0.000000, 0.000000, -0.000000, 0.982526, -0.186128, -0.000000, 0.186128, 0.982526),

              ["RightLowerLeg"] = CFrame.new(-0.000000, -0.112616, -0.001489, 1.000000, -0.000000, -0.000000, 0.000000, 1.000000, -0.000008, 0.000000, -0.000011, 1.000000),

              ["RightUpperArm"] = CFrame.new(-0.044611, -0.407526, -0.156250, 0.313132, -0.948334, -0.051095, 0.890852, 0.311947, -0.330262, 0.329137, 0.057898, 0.942505),

              ["RightUpperLeg"] = CFrame.new(-0.000000, -0.000001, -0.000000, 0.720646, 0.351926, -0.597340, -0.219235, 0.933052, 0.285225, 0.657728, -0.074582, 0.749554),

              ["UpperTorso"] = CFrame.new(-0.036772, -0.214223, -0.060305, 0.979216, 0.172350, -0.106922, -0.180804, 0.980646, -0.075118, 0.091906, 0.092889, 0.991426)

          }},

          {Time = 0.650, Data = {

              ["Head"] = CFrame.new(-0.000000, 0.000000, 0.000000, 0.948593, -0.276452, -0.154098, 0.267452, 0.960508, -0.076777, 0.169237, 0.031617, 0.985068),

              ["LeftFoot"] = CFrame.new(-0.000000, 0.007515, -0.000003, 0.986314, -0.126126, -0.106201, 0.104958, 0.977013, -0.185560, 0.127156, 0.171864, 0.976877),

              ["LeftHand"] = CFrame.new(0.000500, 0.000100, -0.000000, 0.964988, -0.079505, 0.249956, 0.105106, 0.990308, -0.090786, -0.240313, 0.113879, 0.963992),

              ["LeftLowerArm"] = CFrame.new(-0.000500, 0.068798, 0.027427, 1.000000, -0.000000, -0.000000, 0.000000, 0.725038, -0.688709, 0.000000, 0.688709, 0.725038),

              ["LeftLowerLeg"] = CFrame.new(-0.000000, 0.035127, -0.003710, 1.000000, -0.000000, 0.000000, 0.000000, 0.961209, 0.275807, -0.000000, -0.275821, 0.961213),

              ["LeftUpperArm"] = CFrame.new(0.024440, -0.095942, 0.130931, 0.909989, 0.357510, -0.210016, -0.275222, 0.899648, 0.338949, 0.310118, -0.250639, 0.917064),

              ["LeftUpperLeg"] = CFrame.new(-0.000000, -0.000000, -0.000100, 0.963115, 0.247668, 0.105214, -0.227030, 0.957784, -0.176360, -0.144452, 0.145982, 0.978686),

              ["LowerTorso"] = CFrame.new(0.086142, 0.019304, -0.041226, 0.140174, -0.133244, 0.981120, 0.181847, 0.977513, 0.106773, -0.973285, 0.163447, 0.161252),

              ["RightFoot"] = CFrame.new(-0.000000, -0.059895, -0.000103, 0.996377, -0.065060, -0.054782, 0.060506, 0.994872, -0.081039, 0.059770, 0.077436, 0.995204),

              ["RightHand"] = CFrame.new(-0.000500, 0.000000, 0.000000, 0.995295, -0.028368, 0.092646, -0.006329, 0.935103, 0.354322, -0.096684, -0.353239, 0.930523),

              ["RightLowerArm"] = CFrame.new(0.000000, 0.018670, 0.001739, 1.000000, 0.000000, 0.000000, -0.000000, 0.982421, -0.186680, -0.000000, 0.186679, 0.982421),

              ["RightLowerLeg"] = CFrame.new(0.000000, -0.059686, -0.000787, 1.000000, 0.000000, 0.000000, -0.000000, 1.000000, -0.000007, -0.000000, -0.000011, 1.000000),

              ["RightUpperArm"] = CFrame.new(-0.164832, -0.333431, -0.129230, 0.561510, -0.820507, -0.107120, 0.781641, 0.568433, -0.256753, 0.271558, 0.060440, 0.960522),

              ["RightUpperLeg"] = CFrame.new(-0.000000, -0.000000, -0.000000, 0.791850, 0.281393, -0.542024, -0.291509, 0.954045, 0.069430, 0.536652, 0.103034, 0.837490),

              ["UpperTorso"] = CFrame.new(-0.026797, -0.210550, -0.076439, 0.988350, 0.131984, -0.075788, -0.140717, 0.982173, -0.124643, 0.057986, 0.133856, 0.989303)

          }},

          {Time = 0.700, Data = {

              ["Head"] = CFrame.new(-0.000000, 0.000000, -0.000000, 0.957337, -0.252671, -0.140225, 0.237941, 0.964607, -0.113658, 0.163980, 0.075444, 0.983575),

              ["LeftFoot"] = CFrame.new(0.000000, 0.009777, -0.000003, 0.988276, -0.116792, -0.098341, 0.092279, 0.970050, -0.224709, 0.121633, 0.212986, 0.969451),

              ["LeftHand"] = CFrame.new(0.000500, 0.000100, -0.000000, 0.958457, -0.100150, 0.267081, 0.131149, 0.986221, -0.100835, -0.253300, 0.131672, 0.958384),

              ["LeftLowerArm"] = CFrame.new(-0.000500, 0.067065, 0.025822, 1.000000, -0.000000, -0.000000, 0.000000, 0.741110, -0.671383, 0.000000, 0.671383, 0.741110),

              ["LeftLowerLeg"] = CFrame.new(-0.000000, 0.047589, -0.007300, 1.000000, -0.000000, -0.000000, 0.000000, 0.924806, 0.380430, -0.000000, -0.380440, 0.924810),

              ["LeftUpperArm"] = CFrame.new(0.044607, -0.063522, 0.121084, 0.934140, 0.261521, -0.242877, -0.198087, 0.945970, 0.256713, 0.296890, -0.191695, 0.935473),

              ["LeftUpperLeg"] = CFrame.new(-0.000000, -0.000000, -0.000100, 0.986048, 0.163728, -0.030052, -0.165041, 0.937997, -0.304818, -0.021720, 0.305540, 0.951936),

              ["LowerTorso"] = CFrame.new(0.101581, -0.039620, -0.054241, -0.133771, -0.168671, 0.976553, 0.117895, 0.975703, 0.184673, -0.983975, 0.139835, -0.110636),

              ["RightFoot"] = CFrame.new(-0.000000, -0.014356, -0.000103, 0.999525, -0.023569, -0.019845, 0.024838, 0.997485, 0.066405, 0.018230, -0.066851, 0.997595),

              ["RightHand"] = CFrame.new(-0.000500, 0.000000, -0.000000, 0.994912, -0.029213, 0.096417, -0.008040, 0.930961, 0.365034, -0.100424, -0.363949, 0.925988),

              ["RightLowerArm"] = CFrame.new(0.000000, 0.018723, 0.001749, 1.000000, -0.000000, 0.000000, -0.000000, 0.982319, -0.187217, -0.000000, 0.187217, 0.982319),

              ["RightLowerLeg"] = CFrame.new(-0.000000, -0.014305, -0.000186, 1.000000, 0.000000, -0.000000, 0.000000, 1.000000, -0.000007, 0.000000, -0.000010, 1.000000),

              ["RightUpperArm"] = CFrame.new(-0.262180, -0.226331, -0.102448, 0.766738, -0.626854, -0.138446, 0.604955, 0.777701, -0.170915, 0.214808, 0.047293, 0.975511),

              ["RightUpperLeg"] = CFrame.new(-0.000000, -0.000000, -0.000000, 0.872324, 0.118939, -0.474240, -0.237752, 0.950747, -0.198874, 0.427228, 0.286241, 0.857639),

              ["UpperTorso"] = CFrame.new(-0.011242, -0.194839, -0.093391, 0.997076, 0.068546, -0.033772, -0.073818, 0.978249, -0.193856, 0.019750, 0.195783, 0.980449)

          }},

          {Time = 0.750, Data = {

              ["Head"] = CFrame.new(0.000000, -0.000000, 0.000000, 0.965891, -0.227305, -0.124040, 0.211873, 0.969128, -0.126100, 0.148874, 0.095518, 0.984232),

              ["LeftFoot"] = CFrame.new(-0.000000, 0.009925, -0.000003, 0.988960, -0.113355, -0.095448, 0.090469, 0.971980, -0.216971, 0.117361, 0.205927, 0.971500),

              ["LeftHand"] = CFrame.new(0.000500, 0.000100, 0.000000, 0.952756, -0.116871, 0.280354, 0.153353, 0.981819, -0.111865, -0.262180, 0.149572, 0.953356),

              ["LeftLowerArm"] = CFrame.new(-0.000500, 0.062687, 0.022087, 1.000000, -0.000000, -0.000000, 0.000000, 0.778502, -0.627642, 0.000000, 0.627643, 0.778502),

              ["LeftLowerLeg"] = CFrame.new(0.000000, 0.048423, -0.007589, 1.000000, -0.000000, -0.000000, 0.000000, 0.921878, 0.387471, -0.000000, -0.387481, 0.921882),

              ["LeftUpperArm"] = CFrame.new(0.056593, -0.065775, 0.107537, 0.942063, 0.233717, -0.240610, -0.189961, 0.962919, 0.191579, 0.276463, -0.134773, 0.951527),

