return {
["ice twerk 8"] = {
        {Time = 0.000, Data = {
            ["Head"] = CFrame.new(-3.7252902984619141e-08, 1.1920928955078125e-07, 7.4505805969238281e-09, -0.21097362041473389, 0.087855957448482513, -0.97353553771972656, -0.1364324688911438, 0.98355734348297119, 0.11832647770643234, 0.96792376041412354, 0.15778563916683197, -0.19551825523376465),
            ["LeftFoot"] = CFrame.new(-2.5844201445579529e-08, 0.0041106343269348145, -2.8172507882118225e-06, 0.9886629581451416, -0.11486313492059708, -0.096705690026283264, 0.12250379472970963, 0.98946386575698853, 0.077162407338619232, 0.08682367205619812, -0.088134430348873138, 0.99231749773025513),
            ["LeftHand"] = CFrame.new(0.00049994885921478271, 0.00010025501251220703, 8.9406967163085938e-08, 1, -0, 0, 0, 0.67023253440856934, 0.74215114116668701, -0, -0.74215114116668701, 0.67023253440856934),
            ["LeftLowerArm"] = CFrame.new(-0.00049984455108642578, 0.081426382064819336, 0.041949942708015442, 1, 0, 0, 0, 0.57971477508544922, -0.8148195743560791, 0, 0.8148195743560791, 0.57971477508544922),
            ["LeftLowerLeg"] = CFrame.new(-3.9581209421157837e-08, 0.017875492572784424, -0.00078058987855911255, 1, -0, 0, 0, 0.9908631443977356, 0.13487114012241364, -0, -0.13487114012241364, 0.9908631443977356),
            ["LeftUpperArm"] = CFrame.new(-0.3589329719543457, -0.29625272750854492, 0.53268176317214966, 0.28211444616317749, 0.16095604002475739, -0.94578272104263306, 0.1629997044801712, 0.96345174312591553, 0.21258373558521271, 0.94543260335922241, -0.21413524448871613, 0.24556785821914673),
            ["LeftUpperLeg"] = CFrame.new(0.057934761047363281, -0.19994977116584778, 0.14809572696685791, 0.97239327430725098, 0.1421138197183609, 0.18508106470108032, -0.032094955444335938, 0.86706912517547607, -0.4971528947353363, -0.23113039135932922, 0.4774879515171051, 0.84769332408905029),
            ["LowerTorso"] = CFrame.new(-0.035256892442703247, 0.081757545471191406, 0.18708318471908569, 0.95917195081710815, 0.098926983773708344, -0.26495778560638428, -0.014908149838447571, 0.9532131552696228, 0.30193126201629639, 0.28243041038513184, -0.28565394878387451, 0.91577011346817017),
            ["RightFoot"] = CFrame.new(7.4505805969238281e-09, -0.047269701957702637, -0.00010305101022822782, 0.98105031251907349, 0.1482296884059906, 0.12477269768714905, -0.18474346399307251, 0.90973770618438721, 0.3718160092830658, -0.058396253734827042, -0.38782116770744324, 0.91988295316696167),
            ["RightHand"] = CFrame.new(-0.00049984455108642578, 5.9604644775390625e-08, 8.9406967163085938e-08, 0.60298669338226318, 0.76047039031982422, -0.24102246761322021, -0.79728555679321289, 0.58479428291320801, -0.14950405061244965, 0.027255155146121979, 0.28231269121170044, 0.9589352011680603),
            ["RightLowerArm"] = CFrame.new(-8.9406967163085938e-08, 0.093167901039123535, 0.063415288925170898, 1, 0, 0, 0, 0.36491268873214722, -0.93104177713394165, 0, 0.93104177713394165, 0.36491268873214722),
            ["RightLowerLeg"] = CFrame.new(1.0430812835693359e-07, -0.047104537487030029, -0.00062063167570158839, 1, 0, 0, 0, 1, 0, 0, 0, 1),
            ["RightUpperArm"] = CFrame.new(0.065009236335754395, -0.35255444049835205, -0.20574134588241577, 0.86998355388641357, 0.48580509424209595, -0.084392622113227844, -0.18087808787822723, 0.47365111112594604, 0.8619384765625, 0.45870673656463623, -0.73460757732391357, 0.49994015693664551),
            ["RightUpperLeg"] = CFrame.new(0.060491740703582764, -0.1096295565366745, 0.18866778910160065, 0.99248349666595459, -0.12234310805797577, 0.0029499977827072144, 0.10104016959667206, 0.80559104681015015, -0.58379280567169189, 0.069046519696712494, 0.57970273494720459, 0.8118973970413208),
            ["UpperTorso"] = CFrame.new(-0.015116318129003048, -0.068208545446395874, -0.016868995502591133, 0.97532898187637329, -0.062428902834653854, -0.21174521744251251, -0.068654738366603851, 0.82583630084991455, -0.55971503257751465, 0.20980928838253021, 0.56044363975524902, 0.80117601156234741)
        }},
        {Time = 0.017, Data = {
            ["Head"] = CFrame.new(0, 4.76837158203125e-07, -3.7252902984619141e-08, -0.21097362041473389, 0.087855957448482513, -0.97353553771972656, -0.1364324688911438, 0.98355734348297119, 0.11832647770643234, 0.96792376041412354, 0.15778563916683197, -0.19551825523376465),
            ["LeftFoot"] = CFrame.new(-3.0151568353176117e-08, 0.0038130283355712891, -2.8256326913833618e-06, 0.99097943305969238, -0.10252905637025833, -0.086299248039722443, 0.11126822978258133, 0.98839408159255981, 0.10342393070459366, 0.074693702161312103, -0.11209335178136826, 0.99088644981384277),
            ["LeftHand"] = CFrame.new(0.00049990415573120117, 0.00010013580322265625, 5.9604644775390625e-08, 1, -0, 0, 0, 0.67023253440856934, 0.74215114116668701, -0, -0.74215114116668701, 0.67023253440856934),
            ["LeftLowerArm"] = CFrame.new(-0.00049990415573120117, 0.081426620483398438, 0.041950017213821411, 1, 0, 0, 0, 0.57971477508544922, -0.8148195743560791, 0, 0.8148195743560791, 0.57971477508544922),
            ["LeftLowerLeg"] = CFrame.new(3.2596290111541748e-08, 0.016495585441589355, -0.00063972920179367065, 1, -0, 0, 0, 0.99229574203491211, 0.12389174103736877, -0, -0.12389174103736877, 0.99229574203491211),
            ["LeftUpperArm"] = CFrame.new(-0.35862386226654053, -0.3011925220489502, 0.53341454267501831, 0.2827114462852478, 0.16412186622619629, -0.94505989551544189, 0.15307685732841492, 0.96490651369094849, 0.21336092054843903, 0.94691169261932373, -0.20498637855052948, 0.24766683578491211),
            ["LeftUpperLeg"] = CFrame.new(0.057934820652008057, -0.19994966685771942, 0.14809572696685791, 0.9763723611831665, 0.10611668229103088, 0.18824535608291626, 0.0028822198510169983, 0.86465054750442505, -0.50236546993255615, -0.21607580780982971, 0.49103832244873047, 0.84391504526138306),
            ["LowerTorso"] = CFrame.new(-0.058430589735507965, 0.069632291793823242, 0.22404590249061584, 0.95658516883850098, 0.12451446056365967, -0.26351648569107056, -0.04147488996386528, 0.95310193300247192, 0.29979422688484192, 0.2884867787361145, -0.27584943175315857, 0.91688740253448486),
            ["RightFoot"] = CFrame.new(-3.3527612686157227e-08, -0.042587220668792725, -0.00010297650442225859, 0.97926044464111328, 0.15499253571033478, 0.1304849237203598, -0.19482894241809845, 0.89709669351577759, 0.3965592086315155, -0.055593904107809067, -0.41375699639320374, 0.90868836641311646),
            ["RightHand"] = CFrame.new(-0.00050005316734313965, 5.9604644775390625e-08, 8.9406967163085938e-08, 0.59839189052581787, 0.76358819007873535, -0.24261164665222168, -0.80118966102600098, 0.57207643985748291, -0.17556697130203247, 0.0047315880656242371, 0.29943576455116272, 0.9541047215461731),
            ["RightLowerArm"] = CFrame.new(1.7881393432617188e-07, 0.093168020248413086, 0.063415586948394775, 1, 0, 0, 0, 0.36491268873214722, -0.93104177713394165, 0, 0.93104177713394165, 0.36491268873214722),
            ["RightLowerLeg"] = CFrame.new(1.0430812835693359e-07, -0.042438089847564697, -0.00055892596719786525, 1, 0, 0, 0, 1, 0, 0, 0, 1),
            ["RightUpperArm"] = CFrame.new(0.062679529190063477, -0.3444286584854126, -0.19782599806785583, 0.87466585636138916, 0.48042774200439453, -0.064411371946334839, -0.19711844623088837, 0.47393488883972168, 0.85821330547332764, 0.44283625483512878, -0.73795318603515625, 0.50923585891723633),
            ["RightUpperLeg"] = CFrame.new(0.060491800308227539, -0.10962957143783569, 0.18866774439811707, 0.98797625303268433, -0.15342500805854797, 0.019069429486989975, 0.13361448049545288, 0.78526365756988525, -0.60457277297973633, 0.077782049775123596, 0.59985148906707764, 0.79632163047790527),
            ["UpperTorso"] = CFrame.new(-0.013139776885509491, -0.044143378734588623, -0.053980432450771332, 0.97647088766098022, -0.086853981018066406, -0.19738544523715973, -0.038949105888605118, 0.8292231559753418, -0.55755889415740967, 0.21210278570652008, 0.55212795734405518, 0.80632936954498291)
        }},
        {Time = 0.033, Data = {
            ["Head"] = CFrame.new(-3.7252902984619141e-08, 0, -2.2351741790771484e-08, -0.21097362041473389, 0.087855957448482513, -0.97353553771972656, -0.1364324688911438, 0.98355734348297119, 0.11832647770643234, 0.96792376041412354, 0.15778563916683197, -0.19551825523376465),
            ["LeftFoot"] = CFrame.new(6.2747858464717865e-08, 0.0045985579490661621, -2.7958303689956665e-06, 0.99349182844161987, -0.087124615907669067, -0.07337120920419693, 0.093493044376373291, 0.99169021844863892, 0.088371828198432922, 0.065062142908573151, -0.094656378030776978, 0.99338161945343018),
            ["LeftHand"] = CFrame.new(0.00049990415573120117, 9.9897384643554688e-05, -8.9406967163085938e-08, 1, -0, 0, 0, 0.67023253440856934, 0.74215114116668701, -0, -0.74215114116668701, 0.67023253440856934),
            ["LeftLowerArm"] = CFrame.new(-0.00050002336502075195, 0.081426262855529785, 0.041950151324272156, 1, 0, 0, 0, 0.57971477508544922, -0.8148195743560791, 0, 0.8148195743560791, 0.57971477508544922),
            ["LeftLowerLeg"] = CFrame.new(-1.0849907994270325e-07, 0.020188450813293457, -0.0010465458035469055, 1, -0, 0, 0, 0.98816883563995361, 0.15337015688419342, -0, -0.15337015688419342, 0.98816883563995361),
            ["LeftUpperArm"] = CFrame.new(-0.35827243328094482, -0.30716145038604736, 0.53423625230789185, 0.28341966867446899, 0.16790594160556793, -0.94418275356292725, 0.14115352928638458, 0.96652603149414062, 0.21425002813339233, 0.94855105876922607, -0.19399738311767578, 0.25023198127746582),
            ["LeftUpperLeg"] = CFrame.new(0.057934790849685669, -0.19994921982288361, 0.14809589087963104, 0.97936254739761353, 0.063703417778015137, 0.19180934131145477, 0.042325697839260101, 0.86334091424942017, -0.50284290313720703, -0.19762967526912689, 0.50058400630950928, 0.8428274393081665),
            ["LowerTorso"] = CFrame.new(-0.084552966058254242, 0.055040121078491211, 0.2213912308216095, 0.95292013883590698, 0.15173609554767609, -0.26252502202987671, -0.070958331227302551, 0.95333719253540039, 0.29345032572746277, 0.29480189085006714, -0.26100638508796692, 0.91922116279602051),
            ["RightFoot"] = CFrame.new(-3.166496753692627e-08, -0.030815005302429199, -0.00010303983435733244, 0.97526788711547852, 0.16907325387001038, 0.14236141741275787, -0.21317207813262939, 0.8896934986114502, 0.40373650193214417, -0.05839698389172554, -0.42409870028495789, 0.90373122692108154),
            ["RightHand"] = CFrame.new(-0.00050002336502075195, 1.1920928955078125e-07, 5.9604644775390625e-08, 0.59385025501251221, 0.76665979623794556, -0.24407927691936493, -0.80427700281143188, 0.55739104747772217, -0.20604315400123596, -0.021917387843132019, 0.31866613030433655, 0.94761359691619873),
            ["RightLowerArm"] = CFrame.new(-2.0861625671386719e-07, 0.093167960643768311, 0.063416063785552979, 1, 0, 0, 0, 0.36491268873214722, -0.93104177713394165, 0, 0.93104177713394165, 0.36491268873214722),
            ["RightLowerLeg"] = CFrame.new(7.4505805969238281e-08, -0.030706167221069336, -0.00040328333852812648, 1, 0, 0, 0, 1, 0, 0, 0, 1),
            ["RightUpperArm"] = CFrame.new(0.060184240341186523, -0.33466672897338867, -0.18811041116714478, 0.8796391487121582, 0.47394520044326782, -0.040136590600013733, -0.21661274135112762, 0.47429460287094116, 0.85330158472061157, 0.42345476150512695, -0.74190336465835571, 0.51987063884735107),
            ["RightUpperLeg"] = CFrame.new(0.060491561889648438, -0.10962897539138794, 0.18866802752017975, 0.98011094331741333, -0.19572921097278595, 0.032751075923442841, 0.17500893771648407, 0.77467572689056396, -0.60765904188156128, 0.093565128743648529, 0.60130494832992554, 0.79352253675460815),
            ["UpperTorso"] = CFrame.new(0.00083993282169103622, -0.027881324291229248, -0.056467149406671524, 0.97665894031524658, -0.11424989998340607, -0.18189071118831635, -0.0049424991011619568, 0.83462953567504883, -0.55078959465026855, 0.21473900973796844, 0.53883254528045654, 0.81458377838134766)
        }},
        {Time = 0.050, Data = {
            ["Head"] = CFrame.new(9.3132257461547852e-09, 0, -4.4703483581542969e-08, -0.21097362041473389, 0.087855957448482513, -0.97353553771972656, -0.1364324688911438, 0.98355734348297119, 0.11832647770643234, 0.96792376041412354, 0.15778563916683197, -0.19551825523376465),
            ["LeftFoot"] = CFrame.new(3.4226104617118835e-08, 0.0060075521469116211, -2.7781352400779724e-06, 0.99582147598266602, -0.069864809513092041, -0.058808594942092896, 0.07238323986530304, 0.99649888277053833, 0.041840400546789169, 0.055679529905319214, -0.045922327786684036, 0.99739205837249756),
            ["LeftHand"] = CFrame.new(0.00050000846385955811, 9.9956989288330078e-05, -1.1175870895385742e-07, 1, -0, 0, 0, 0.67023253440856934, 0.74215114116668701, -0, -0.74215114116668701, 0.67023253440856934),
            ["LeftLowerArm"] = CFrame.new(-0.00050008296966552734, 0.081426560878753662, 0.041950002312660217, 1, 0, 0, 0, 0.57971477508544922, -0.8148195743560791, 0, 0.8148195743560791, 0.57971477508544922),
            ["LeftLowerLeg"] = CFrame.new(1.46450474858284e-07, 0.027189671993255615, -0.0020849574357271194, 1, -0, 0, 0, 0.97765445709228516, 0.21021832525730133, -0, -0.21021832525730133, 0.97765445709228516),
            ["LeftUpperArm"] = CFrame.new(-0.35789966583251953, -0.31398665904998779, 0.53509032726287842, 0.28419727087020874, 0.17216424643993378, -0.94318145513534546, 0.12748263776302338, 0.96822488307952881, 0.21514831483364105, 0.95025259256362915, -0.18138383328914642, 0.2532188892364502),
            ["LeftUpperLeg"] = CFrame.new(0.057934820652008057, -0.19994936883449554, 0.14809577167034149, 0.98053741455078125, 0.017580587416887283, 0.19554373621940613, 0.083260521292686462, 0.86475187540054321, -0.49524936079978943, -0.17780357599258423, 0.5018916130065918, 0.84645777940750122),
            ["LowerTorso"] = CFrame.new(-0.1109355092048645, 0.038964271545410156, 0.18706145882606506, 0.94834399223327637, 0.17801100015640259, -0.2625943124294281, -0.10124897956848145, 0.95427966117858887, 0.28124538064002991, 0.30065318942070007, -0.2401299774646759, 0.92300879955291748),
            ["RightFoot"] = CFrame.new(8.5681676864624023e-08, -0.01343846321105957, -0.0001029653285513632, 0.96911931037902832, 0.18865261971950531, 0.15880143642425537, -0.23754487931728363, 0.88705015182495117, 0.39587175846099854, -0.066182613372802734, -0.42136943340301514, 0.90447092056274414),
            ["RightHand"] = CFrame.new(-0.00049987435340881348, 2.9802322387695312e-07, -2.9802322387695312e-08, 0.58990156650543213, 0.76933175325393677, -0.24524444341659546, -0.80583316087722778, 0.54153388738632202, -0.2395285964012146, -0.051468752324581146, 0.33892440795898438, 0.93940472602844238),
            ["RightLowerArm"] = CFrame.new(5.9604644775390625e-08, 0.093167901039123535, 0.063415348529815674, 1, 0, 0, 0, 0.36491268873214722, -0.93104177713394165, 0, 0.93104177713394165, 0.36491268873214722),
            ["RightLowerLeg"] = CFrame.new(1.2665987014770508e-07, -0.013390481472015381, -0.00017399917123839259, 1, 0, 0, 0, 1, 0, 0, 0, 1),
            ["RightUpperArm"] = CFrame.new(0.057762742042541504, -0.32358968257904053, -0.17680788040161133, 0.88447725772857666, 0.4664243757724762, -0.012178689241409302, -0.23881140351295471, 0.47497159242630005, 0.84697765111923218, 0.4008355438709259, -0.74622398614883423, 0.53148901462554932),
            ["RightUpperLeg"] = CFrame.new(0.060491740703582764, -0.10962934046983719, 0.18866769969463348, 0.96837258338928223, -0.24594423174858093, 0.04202328622341156, 0.22210022807121277, 0.77293843030929565, -0.594338059425354, 0.11369259655475616, 0.58487403392791748, 0.80311667919158936),
            ["UpperTorso"] = CFrame.new(0.023091990500688553, -0.016983717679977417, -0.031901456415653229, 0.97563910484313965, -0.14292146265506744, -0.16643859446048737, 0.031774487346410751, 0.84272992610931396, -0.53739809989929199, 0.21706850826740265, 0.51901805400848389, 0.82674151659011841)
        }},
        {Time = 0.067, Data = {
            ["Head"] = CFrame.new(-1.0244548320770264e-08, -1.1920928955078125e-07, -8.9406967163085938e-08, -0.21097362041473389, 0.087855957448482513, -0.97353553771972656, -0.1364324688911438, 0.98355734348297119, 0.11832647770643234, 0.96792376041412354, 0.15778563916683197, -0.19551825523376465),
            ["LeftFoot"] = CFrame.new(3.1897798180580139e-08, 0.0075345039367675781, -2.7017667889595032e-06, 0.99770051240921021, -0.0518483966588974, -0.043651700019836426, 0.050808645784854889, 0.9984053373336792, -0.024601694196462631, 0.044857650995254517, 0.0223272405564785, 0.99874383211135864),
            ["LeftHand"] = CFrame.new(0.00049988925457000732, 9.9837779998779297e-05, 1.4901161193847656e-08, 1, -0, 0, 0, 0.67023253440856934, 0.74215114116668701, -0, -0.74215114116668701, 0.67023253440856934),
            ["LeftLowerArm"] = CFrame.new(-0.00049987435340881348, 0.081426501274108887, 0.041949920356273651, 1, 0, 0, 0, 0.57971477508544922, -0.8148195743560791, 0, 0.8148195743560791, 0.57971477508544922),
            ["LeftLowerLeg"] = CFrame.new(1.4854595065116882e-07, 0.035237789154052734, -0.0037359744310379028, 1, -0, 0, 0, 0.96093690395355225, 0.27676758170127869, -0, -0.27676758170127869, 0.96093690395355225),
            ["LeftUpperArm"] = CFrame.new(-0.35752618312835693, -0.32149350643157959, 0.53592562675476074, 0.2849045991897583, 0.17691509425640106, -0.94208836555480957, 0.11248607933521271, 0.96985924243927002, 0.2161480188369751, 0.95193290710449219, -0.16755339503288269, 0.25641685724258423),
            ["LeftUpperLeg"] = CFrame.new(0.057934701442718506, -0.19994975626468658, 0.14809586107730865, 0.97965401411056519, -0.029971301555633545, 0.19844341278076172, 0.12265600264072418, 0.87204426527023315, -0.47380834817886353, -0.15885078907012939, 0.48850852251052856, 0.85797774791717529),
            ["LowerTorso"] = CFrame.new(-0.1348876953125, 0.022350549697875977, 0.12896633148193359, 0.94318366050720215, 0.20084944367408752, -0.26469618082046509, -0.13034078478813171, 0.95642095804214478, 0.2612856924533844, 0.30564004182815552, -0.21193970739841461, 0.92825949192047119),
            ["RightFoot"] = CFrame.new(9.4994902610778809e-08, 0.0026634335517883301, -0.00010283866868121549, 0.96081423759460449, 0.21202817559242249, 0.17854972183704376, -0.26262667775154114, 0.9023776650428772, 0.34167498350143433, -0.088674560189247131, -0.37517809867858887, 0.92270159721374512),
            ["RightHand"] = CFrame.new(-0.00050005316734313965, 1.7881393432617188e-07, -2.9802322387695312e-08, 0.58706259727478027, 0.77132803201675415, -0.24578583240509033, -0.80528730154037476, 0.52532613277435303, -0.27485418319702148, -0.082884989678859711, 0.35928481817245483, 0.92953991889953613),
            ["RightLowerArm"] = CFrame.new(-5.9604644775390625e-08, 0.093167543411254883, 0.063415497541427612, 1, 0, 0, 0, 0.36491268873214722, -0.93104177713394165, 0, 0.93104177713394165, 0.36491268873214722),
            ["RightLowerLeg"] = CFrame.new(-2.9802322387695312e-08, 0.010338068008422852, -0.00027735362527891994, 1, -0, 0, 0, 0.99700891971588135, 0.077286668121814728, -0, -0.077286668121814728, 0.99700891971588135),
            ["RightUpperArm"] = CFrame.new(0.055635571479797363, -0.31152689456939697, -0.16415396332740784, 0.88872623443603516, 0.4580572247505188, 0.018688693642616272, -0.26296508312225342, 0.47596651315689087, 0.83922892808914185, 0.37551969289779663, -0.75075918436050415, 0.54345703125),
            ["RightUpperLeg"] = CFrame.new(0.060491800308227539, -0.10962954163551331, 0.1886679083108902, 0.95278358459472656, -0.2982807457447052, 0.056851722300052643, 0.27201470732688904, 0.75521647930145264, -0.59636908769607544, 0.13495001196861267, 0.58367520570755005, 0.80069458484649658),
            ["UpperTorso"] = CFrame.new(0.049889855086803436, -0.0088148713111877441, 0.012146744877099991, 0.97338974475860596, -0.17102013528347015, -0.15252695977687836, 0.06928388774394989, 0.85408943891525269, -0.51549094915390015, 0.2184310108423233, 0.49120596051216125, 0.84321087598800659)
        }},
        {Time = 0.083, Data = {
            ["Head"] = CFrame.new(-3.9814040064811707e-08, -3.5762786865234375e-07, 6.7055225372314453e-08, -0.21097362041473389, 0.087855957448482513, -0.97353553771972656, -0.1364324688911438, 0.98355734348297119, 0.11832647770643234, 0.96792376041412354, 0.15778563916683197, -0.19551825523376465),
            ["LeftFoot"] = CFrame.new(-1.0454095900058746e-07, 0.0089013576507568359, -2.7343630790710449e-06, 0.99897313117980957, -0.03464604914188385, -0.029195485636591911, 0.031548924744129181, 0.99442863464355469, -0.1005803719162941, 0.032517537474632263, 0.099556006491184235, 0.99450045824050903),
            ["LeftHand"] = CFrame.new(0.00049993395805358887, 0.00010025501251220703, -2.9802322387695312e-08, 1, -0, 0, 0, 0.67023253440856934, 0.74215114116668701, -0, -0.74215114116668701, 0.67023253440856934),
            ["LeftLowerArm"] = CFrame.new(-0.00049993395805358887, 0.081426739692687988, 0.041949838399887085, 1, 0, 0, 0, 0.57971477508544922, -0.8148195743560791, 0, 0.8148195743560791, 0.57971477508544922),
            ["LeftLowerLeg"] = CFrame.new(1.126900315284729e-07, 0.042726576328277588, -0.0057415738701820374, 1, -0, 0, 0, 0.94062626361846924, 0.33944401144981384, -0, -0.33944401144981384, 0.94062626361846924),
            ["LeftUpperArm"] = CFrame.new(-0.35716831684112549, -0.329506516456604, 0.53669726848602295, 0.28561633825302124, 0.18205185234546661, -0.94089347124099731, 0.096460744738578796, 0.97134369611740112, 0.21722513437271118, 0.95347720384597778, -0.15280234813690186, 0.25987076759338379),
            ["LeftUpperLeg"] = CFrame.new(0.057934820652008057, -0.19994950294494629, 0.14809577167034149, 0.97707062959671021, -0.076296813786029816, 0.19877567887306213, 0.15751400589942932, 0.88717073202133179, -0.43372508883476257, -0.14325612783432007, 0.45509001612663269, 0.87884628772735596),
            ["LowerTorso"] = CFrame.new(-0.15371008217334747, 0.00616455078125, 0.05497509241104126, 0.93809932470321655, 0.21769806742668152, -0.26940152049064636, -0.15630403161048889, 0.96016800403594971, 0.23161715269088745, 0.30909332633018494, -0.1751713752746582, 0.93476003408432007),
            ["RightFoot"] = CFrame.new(9.8720192909240723e-08, 0.0076667666435241699, -0.00010264867887599394, 0.95064926147460938, 0.23736333847045898, 0.19981160759925842, -0.27971798181533813, 0.9343220591545105, 0.22090759873390198, -0.13425302505493164, -0.26589652895927429, 0.95460736751556396),
            ["RightHand"] = CFrame.new(-0.00049981474876403809, 1.1920928955078125e-07, 1.4901161193847656e-07, 0.5858687162399292, 0.77237659692764282, -0.24534118175506592, -0.80221039056777954, 0.50978338718414307, -0.31077221035957336, -0.11496231704950333, 0.37888696789741516, 0.9182746410369873),
            ["RightLowerArm"] = CFrame.new(-3.2782554626464844e-07, 0.093167901039123535, 0.063415691256523132, 1, 0, 0, 0, 0.36491268873214722, -0.93104177713394165, 0, 0.93104177713394165, 0.36491268873214722),
            ["RightLowerLeg"] = CFrame.new(-1.1920928955078125e-07, 0.034678101539611816, -0.0037514104042202234, 1, -0, 0, 0, 0.96180069446563721, 0.27375078201293945, -0, -0.27375078201293945, 0.96180069446563721),
            ["RightUpperArm"] = CFrame.new(0.053987979888916016, -0.29881322383880615, -0.15041312575340271, 0.89203506708145142, 0.44899296760559082, 0.051756173372268677, -0.28835982084274292, 0.47720682621002197, 0.83013385534286499, 0.34802588820457458, -0.75543290376663208, 0.55515676736831665),
            ["RightUpperLeg"] = CFrame.new(0.060491621494293213, -0.10962944477796555, 0.18866781890392303, 0.93424683809280396, -0.34509289264678955, 0.08996523916721344, 0.32185477018356323, 0.70723474025726318, -0.62946683168411255, 0.15359798073768616, 0.61703318357467651, 0.77180159091949463),
            ["UpperTorso"] = CFrame.new(0.077465176582336426, -0.00076311826705932617, 0.068058088421821594, 0.97021663188934326, -0.19675326347351074, -0.14130741357803345, 0.10592439770698547, 0.86920130252838135, -0.48297947645187378, 0.217852383852005, 0.45362681150436401, 0.86415451765060425)
        }},
        {Time = 0.100, Data = {
            ["Head"] = CFrame.new(-1.3038516044616699e-08, -3.5762786865234375e-07, 6.7055225372314453e-08, -0.21097362041473389, 0.087855957448482513, -0.97353553771972656, -0.1364324688911438, 0.98355734348297119, 0.11832647770643234, 0.96792376041412354, 0.15778563916683197, -0.19551825523376465),
            ["LeftFoot"] = CFrame.new(-6.6356733441352844e-08, 0.010014593601226807, -2.773478627204895e-06, 0.99965232610702515, -0.020159905776381493, -0.016993694007396698, 0.016806302592158318, 0.98380160331726074, -0.17847132682800293, 0.020316388458013535, 0.17812368273735046, 0.98379838466644287),
            ["LeftHand"] = CFrame.new(0.00049988925457000732, 9.9897384643554688e-05, 1.4156103134155273e-07, 1, -0, 0, 0, 0.67023253440856934, 0.74215114116668701, -0, -0.74215114116668701, 0.67023253440856934),
            ["LeftLowerArm"] = CFrame.new(-0.00049990415573120117, 0.08142620325088501, 0.041950136423110962, 1, 0, 0, 0, 0.57971477508544922, -0.8148195743560791, 0, 0.8148195743560791, 0.57971477508544922),
            ["LeftLowerLeg"] = CFrame.new(1.3224780559539795e-07, 0.048921108245849609, -0.0077641308307647705, 1, -0, 0, 0, 0.92009705305099487, 0.39169040322303772, -0, -0.39169040322303772, 0.92009705305099487),
            ["LeftUpperArm"] = CFrame.new(-0.35684120655059814, -0.33784544467926025, 0.53736937046051025, 0.2863268256187439, 0.18728852272033691, -0.93964886665344238, 0.07980191707611084, 0.97264003753662109, 0.21818122267723083, 0.9548029899597168, -0.13745692372322083, 0.26354694366455078),
            ["LeftUpperLeg"] = CFrame.new(0.057934701442718506, -0.19994953274726868, 0.14809580147266388, 0.97375202178955078, -0.11713448911905289, 0.19515770673751831, 0.18404433131217957, 0.90967798233032227, -0.37230852246284485, -0.13392052054405212, 0.39845386147499084, 0.90735876560211182),
            ["LowerTorso"] = CFrame.new(-0.16468456387519836, -0.0085092782974243164, -0.027084410190582275, 0.93393921852111816, 0.22579567134380341, -0.27708101272583008, -0.17703957855701447, 0.96565377712249756, 0.19018355011940002, 0.31050693988800049, -0.12856557965278625, 0.94183671474456787),
            ["RightFoot"] = CFrame.new(7.8231096267700195e-08, 0.010767996311187744, -0.00010260770068271086, 0.93940424919128418, 0.26222839951515198, 0.2208075076341629, -0.29108491539955139, 0.95038378238677979, 0.10972797125577927, -0.18107809126377106, -0.16735264658927917, 0.96912527084350586),
            ["RightHand"] = CFrame.new(-0.00049981474876403809, -2.384185791015625e-07, 1.1920928955078125e-07, 0.58680605888366699, 0.77225124835968018, -0.24348872900009155, -0.79633951187133789, 0.49593830108642578, -0.34624975919723511, -0.14663633704185486, 0.39708113670349121, 0.90599358081817627),
            ["RightLowerArm"] = CFrame.new(-8.9406967163085938e-08, 0.09316784143447876, 0.063415557146072388, 1, 0, 0, 0, 0.36491268873214722, -0.93104177713394165, 0, 0.93104177713394165, 0.36491268873214722),
            ["RightLowerLeg"] = CFrame.new(-1.862645149230957e-09, 0.051820456981658936, -0.0090071987360715866, 1, -0, 0, 0, 0.90848851203918457, 0.4179098904132843, -0, -0.4179098904132843, 0.90848851203918457),
            ["RightUpperArm"] = CFrame.new(0.052958369255065918, -0.28578090667724609, -0.1358799934387207, 0.89410251379013062, 0.43949577212333679, 0.086163491010665894, -0.31439545750617981, 0.47891074419021606, 0.8196340799331665, 0.31896108388900757, -0.75992631912231445, 0.56637072563171387),
            ["RightUpperLeg"] = CFrame.new(0.060491740703582764, -0.10962923616170883, 0.188667893409729, 0.9146878719329834, -0.38786035776138306, 0.11362452805042267, 0.36874490976333618, 0.68578886985778809, -0.627471923828125, 0.16544897854328156, 0.61583936214447021, 0.77030420303344727),
            ["UpperTorso"] = CFrame.new(0.1019924134016037, 0.0094222426414489746, 0.128109410405159, 0.96663004159927368, -0.21832631528377533, -0.13401505351066589, 0.13994796574115753, 0.88821786642074585, -0.43758836388587952, 0.21457162499427795, 0.40423092246055603, 0.88913238048553467)
        }},
        {Time = 0.117, Data = {
            ["Head"] = CFrame.new(2.6077032089233398e-08, 2.384185791015625e-07, -4.4703483581542969e-08, -0.21097362041473389, 0.087855957448482513, -0.97353553771972656, -0.1364324688911438, 0.98355734348297119, 0.11832647770643234, 0.96792376041412354, 0.15778563916683197, -0.19551825523376465),
            ["LeftFoot"] = CFrame.new(-1.0011717677116394e-08, 0.010870158672332764, -2.7623027563095093e-06, 0.99989157915115356, -0.01123206689953804, -0.009522327221930027, 0.0084595326334238052, 0.96746146678924561, -0.25287696719169617, 0.012052816338837147, 0.25276902318000793, 0.96745157241821289),
            ["LeftHand"] = CFrame.new(0.00049982964992523193, 0.00010055303573608398, 9.6857547760009766e-08, 1, -0, 0, 0, 0.67023253440856934, 0.74215114116668701, -0, -0.74215114116668701, 0.67023253440856934),
            ["LeftLowerArm"] = CFrame.new(-0.00050002336502075195, 0.081426501274108887, 0.041949860751628876, 1, 0, 0, 0, 0.57971477508544922, -0.8148195743560791, 0, 0.8148195743560791, 0.57971477508544922),
            ["LeftLowerLeg"] = CFrame.new(-1.6391277313232422e-07, 0.053700029850006104, -0.0095643773674964905, 1, -0, 0, 0, 0.90179693698883057, 0.43216004967689514, -0, -0.43216004967689514, 0.90179693698883057),
            ["LeftUpperArm"] = CFrame.new(-0.35655498504638672, -0.34632968902587891, 0.53791666030883789, 0.28692913055419922, 0.19265145063400269, -0.93838006258010864, 0.062816701829433441, 0.97367697954177856, 0.21910548210144043, 0.9558899998664856, -0.12181367725133896, 0.26727455854415894),
            ["LeftUpperLeg"] = CFrame.new(0.057934761047363281, -0.19994956254959106, 0.14809580147266388, 0.97117853164672852, -0.14687427878379822, 0.18772384524345398, 0.19749343395233154, 0.93680870532989502, -0.28876602649688721, -0.1334490180015564, 0.31751757860183716, 0.93881517648696899),
            ["LowerTorso"] = CFrame.new(-0.16507315635681152, -0.020334124565124512, -0.10941231995820999, 0.9315761923789978, 0.22261905670166016, -0.28741350769996643, -0.19077587127685547, 0.97233647108078003, 0.13478270173072815, 0.30946782231330872, -0.070728808641433716, 0.9482758641242981),
            ["RightFoot"] = CFrame.new(6.891787052154541e-08, 0.013033866882324219, -0.0001026372701744549, 0.92867434024810791, 0.28372108936309814, 0.23888561129570007, -0.29392409324645996, 0.95579975843429565, 0.0074479579925537109, -0.22621366381645203, -0.077130958437919617, 0.97101914882659912),
            ["RightHand"] = CFrame.new(-0.00049993395805358887, 5.9604644775390625e-08, 2.384185791015625e-07, 0.59037375450134277, 0.77074790000915527, -0.23959627747535706, -0.78748738765716553, 0.48495137691497803, -0.38037580251693726, -0.17698130011558533, 0.41324293613433838, 0.89325690269470215),
            ["RightLowerArm"] = CFrame.new(-2.9802322387695312e-07, 0.093167722225189209, 0.063415274024009705, 1, 0, 0, 0, 0.36491268873214722, -0.93104177713394165, 0, 0.93104177713394165, 0.36491268873214722),
            ["RightLowerLeg"] = CFrame.new(-5.5879354476928711e-08, 0.06430363655090332, -0.01456492580473423, 1, -0, 0, 0, 0.85189032554626465, 0.52372026443481445, -0, -0.52372026443481445, 0.85189032554626465),
            ["RightUpperArm"] = CFrame.new(0.05262911319732666, -0.27275419235229492, -0.12087860703468323, 0.89472240209579468, 0.42984241247177124, 0.12127380818128586, -0.34050107002258301, 0.48078453540802002, 0.80802559852600098, 0.28901708126068115, -0.7642524242401123, 0.57653045654296875),
            ["RightUpperLeg"] = CFrame.new(0.060491800308227539, -0.10962922871112823, 0.18866781890392303, 0.89717656373977661, -0.42353039979934692, 0.12528465688228607, 0.40913307666778564, 0.69008278846740723, -0.59698903560638428, 0.1663862019777298, 0.58686268329620361, 0.79240638017654419),
            ["UpperTorso"] = CFrame.new(0.119580939412117, 0.023160308599472046, 0.18445736169815063, 0.96329200267791748, -0.23385250568389893, -0.1318390965461731, 0.16951510310173035, 0.91067218780517578, -0.37675029039382935, 0.2081662118434906, 0.3405718207359314, 0.91688477993011475)
        }},
        {Time = 0.133, Data = {
            ["Head"] = CFrame.new(-3.7252902984619141e-08, 0, 7.4505805969238281e-09, -0.21097362041473389, 0.087855957448482513, -0.97353553771972656, -0.1364324688911438, 0.98355734348297119, 0.11832647770643234, 0.96792376041412354, 0.15778563916683197, -0.19551825523376465),
            ["LeftFoot"] = CFrame.new(5.8440491557121277e-08, 0.011466264724731445, -2.8777867555618286e-06, 0.99989646673202515, -0.010973998345434666, -0.009309135377407074, 0.0074252253398299217, 0.94756323099136353, -0.31948205828666687, 0.012326989322900772, 0.31937983632087708, 0.94754660129547119),
            ["LeftHand"] = CFrame.new(0.00050002336502075195, 9.9897384643554688e-05, 1.4901161193847656e-07, 1, -0, 0, 0, 0.67023253440856934, 0.74215114116668701, -0, -0.74215114116668701, 0.67023253440856934),
            ["LeftLowerArm"] = CFrame.new(-0.00049996376037597656, 0.081426084041595459, 0.041949883103370667, 1, 0, 0, 0, 0.57971477508544922, -0.8148195743560791, 0, 0.8148195743560791, 0.57971477508544922),
            ["LeftLowerLeg"] = CFrame.new(2.9802322387695312e-08, 0.057010948657989502, -0.010939896106719971, 1, -0, 0, 0, 0.88782835006713867, 0.46017482876777649, -0, -0.46017482876777649, 0.88782835006713867),
            ["LeftUpperArm"] = CFrame.new(-0.35631728172302246, -0.35477662086486816, 0.53832548856735229, 0.28734225034713745, 0.19802477955818176, -0.9371342658996582, 0.045950047671794891, 0.9744187593460083, 0.21999245882034302, 0.95672512054443359, -0.10627449303865433, 0.2708924412727356),
            ["LeftUpperLeg"] = CFrame.new(0.057934612035751343, -0.19994968175888062, 0.14809583127498627, 0.97078448534011841, -0.16006813943386078, 0.17876166105270386, 0.19270361959934235, 0.96398025751113892, -0.18332324922084808, -0.1429784893989563, 0.21241538226604462, 0.96666276454925537),
            ["LowerTorso"] = CFrame.new(-0.15293519198894501, -0.027801513671875, -0.18543617427349091, 0.9317658543586731, 0.20630015432834625, -0.29875180125236511, -0.19610793888568878, 0.97848814725875854, 0.064051717519760132, 0.30553898215293884, -0.0010936036705970764, 0.952178955078125),
            ["RightFoot"] = CFrame.new(4.4703483581542969e-08, 0.015038907527923584, -0.0001026524041662924, 0.9205470085144043, 0.29883250594139099, 0.25157967209815979, -0.28688123822212219, 0.95429259538650513, -0.083814270794391632, -0.265127032995224, 0.0049814879894256592, 0.96420061588287354),
            ["RightHand"] = CFrame.new(-0.0005000680685043335, 2.9802322387695312e-07, 0, 0.5968860387802124, 0.76761436462402344, -0.23344205319881439, -0.77570772171020508, 0.47779345512390137, -0.41229954361915588, -0.20494996011257172, 0.42717865109443665, 0.88063269853591919),
            ["RightLowerArm"] = CFrame.new(-2.9802322387695312e-07, 0.09316784143447876, 0.063415661454200745, 1, 0, 0, 0, 0.36491268873214722, -0.93104177713394165, 0, 0.93104177713394165, 0.36491268873214722),
            ["RightLowerLeg"] = CFrame.new(-6.7055225372314453e-08, 0.073467075824737549, -0.019539115950465202, 1, -0, 0, 0, 0.80101960897445679, 0.59863811731338501, -0, -0.59863811731338501, 0.80101960897445679),
            ["RightUpperArm"] = CFrame.new(0.05301821231842041, -0.26004254817962646, -0.10575652122497559, 0.8939594030380249, 0.42008820176124573, 0.15608516335487366, -0.36590030789375305, 0.48309493064880371, 0.79544734954833984, 0.25875398516654968, -0.76820921897888184, 0.58557760715484619),
            ["RightUpperLeg"] = CFrame.new(0.060491740703582764, -0.10962934792041779, 0.18866793811321259, 0.88538968563079834, -0.44832554459571838, 0.12283848226070404, 0.43875136971473694, 0.71867752075195312, -0.53944402933120728, 0.15356530249118805, 0.5315137505531311, 0.83301311731338501),
            ["UpperTorso"] = CFrame.new(0.12713915109634399, 0.040610730648040771, 0.230680912733078, 0.96078687906265259, -0.24199759960174561, -0.13537250459194183, 0.19323122501373291, 0.93446534872055054, -0.29905882477760315, 0.19887243211269379, 0.26117357611656189, 0.94458353519439697)
        }},
        {Time = 0.150, Data = {
            ["Head"] = CFrame.new(-7.4505805969238281e-09, 1.1920928955078125e-07, 8.1956386566162109e-08, -0.21097362041473389, 0.087855957448482513, -0.97353553771972656, -0.1364324688911438, 0.98355734348297119, 0.11832647770643234, 0.96792376041412354, 0.15778563916683197, -0.19551825523376465),
            ["LeftFoot"] = CFrame.new(1.3038516044616699e-08, 0.011758744716644287, -2.9020011425018311e-06, 0.99964195489883423, -0.020497661083936691, -0.017200306057929993, 0.012544023804366589, 0.92677396535873413, -0.37540999054908752, 0.023635823279619217, 0.3750598132610321, 0.92669922113418579),
            ["LeftHand"] = CFrame.new(0.00049994885921478271, 9.9837779998779297e-05, 1.4901161193847656e-07, 1, -0, 0, 0, 0.67023253440856934, 0.74215114116668701, -0, -0.74215114116668701, 0.67023253440856934),
            ["LeftLowerArm"] = CFrame.new(-0.00049996376037597656, 0.081426441669464111, 0.04194999486207962, 1, 0, 0, 0, 0.57971477508544922, -0.8148195743560791, 0, 0.8148195743560791, 0.57971477508544922),
            ["LeftLowerLeg"] = CFrame.new(1.2479722499847412e-07, 0.058626115322113037, -0.011650353670120239, 1, -0, 0, 0, 0.88060134649276733, 0.47385787963867188, -0, -0.47385787963867188, 0.88060134649276733),
            ["LeftUpperArm"] = CFrame.new(-0.35613083839416504, -0.36300390958786011, 0.53859353065490723, 0.2877005934715271, 0.20324496924877167, -0.93590593338012695, 0.029450863599777222, 0.97488284111022949, 0.22076264023780823, 0.95726752281188965, -0.091076783835887909, 0.27448862791061401),
            ["LeftUpperLeg"] = CFrame.new(0.057934790849685669, -0.19994950294494629, 0.14809586107730865, 0.97285634279251099, -0.15585429966449738, 0.17105545103549957, 0.16800202429294586, 0.98402470350265503, -0.058912858366966248, -0.15914095938205719, 0.086051404476165771, 0.98349851369857788),
            ["LowerTorso"] = CFrame.new(-0.12958124279975891, -0.03013908863067627, -0.25343438982963562, 0.93445432186126709, 0.17857418954372406, -0.30806884169578552, -0.19349624216556549, 0.9809299111366272, -0.018322652205824852, 0.29892197251319885, 0.076731838285923004, 0.9511876106262207),
            ["RightFoot"] = CFrame.new(-4.6566128730773926e-08, 0.017112970352172852, -0.00010272690997226164, 0.9161105751991272, 0.30668053030967712, 0.25824105739593506, -0.27142605185508728, 0.94847089052200317, -0.16349571943283081, -0.29507505893707275, 0.079686813056468964, 0.95214533805847168),
            ["RightHand"] = CFrame.new(-0.00050001591444015503, 1.7881393432617188e-07, 2.9802322387695312e-08, 0.60680019855499268, 0.76256126165390015, -0.22426295280456543, -0.76092606782913208, 0.47574567794799805, -0.44120019674301147, -0.22975006699562073, 0.43836790323257446, 0.86893528699874878),
            ["RightLowerArm"] = CFrame.new(-1.1920928955078125e-07, 0.093167662620544434, 0.063415646553039551, 1, 0, 0, 0, 0.36491268873214722, -0.93104177713394165, 0, 0.93104177713394165, 0.36491268873214722),
            ["RightLowerLeg"] = CFrame.new(2.9802322387695312e-08, 0.080169141292572021, -0.023377237841486931, 1, -0, 0, 0, 0.76137346029281616, 0.64831358194351196, -0, -0.64831358194351196, 0.76137346029281616),
