return {
    ["Illusive"] = {
        {Time = 0.000, Data = {
            ["LeftLowerArm"] = CFrame.new(0.0000016689300537109375, -5.960464477539063e-08, 0.000004939734935760498, 1, 1.4528635006172408e-07, -2.980232949312267e-08, -9.313227877782992e-08, 0.8737325668334961, -0.48640668392181396, -9.196812555956058e-08, 0.4864065945148468, 0.8737326264381409),
            ["LeftFoot"] = CFrame.new(-1.2165401130914688e-08, -1.7881393432617188e-07, -3.026798367500305e-08, 0.9823670387268066, 0.01835453510284424, 0.18605966866016388, 0.03875824064016342, 0.9535582661628723, -0.2987050414085388, -0.18290118873119354, 0.30064910650253296, 0.9360325932502747),
            ["RightHand"] = CFrame.new(1.7881393432617188e-07, 0.0000011920928955078125, -5.21540641784668e-07, -0.04106643423438072, 0.5937294363975525, 0.8036158680915833, -0.31607693433761597, 0.7552700638771057, -0.5741628408432007, -0.9478443264961243, -0.27758342027664185, 0.15664811432361603),
            ["HumanoidRootPart"] = CFrame.new(0, 0, 0, 1, 0, 0, 0, 1, 0, 0, 0, 1),
            ["RightLowerLeg"] = CFrame.new(2.514570951461792e-08, -0.000726163387298584, 0.00004607608570950106, 1, 1.22468989616209e-07, -7.91624472640251e-08, -4.982575063650074e-08, 0.7559043765068054, 0.6546821594238281, 1.0314396092780953e-07, -0.6546822190284729, 0.7559043765068054),
            ["LeftUpperLeg"] = CFrame.new(0, 3.4226104617118835e-07, -2.2351741790771484e-08, 0.9952364563941956, -0.048360925167798996, -0.08464981615543365, 0.008040468208491802, 0.9060482382774353, -0.42309796810150146, 0.09715820103883743, 0.42040202021598816, 0.9021211266517639),
            ["Guitar"] = CFrame.new(0, 0, 0, 1, 0, 0, 0, 1, 0, 0, 0, 1),
            ["LowerTorso"] = CFrame.new(-0.029039474204182625, -0.15940678119659424, 0.00401364266872406, 0.9931850433349609, -0.012272077612578869, 0.11590106040239334, 0.02770812436938286, 0.9907918572425842, -0.13252867758274078, -0.11320743709802628, 0.13483691215515137, 0.9843795299530029),
            ["Head"] = CFrame.new(1.862645149230957e-09, -5.960464477539062e-07, 1.30385160446167e-08, 0.903879702091217, 0.09641110897064209, -0.41678109765052795, -0.03340104594826698, 0.9872038960456848, 0.1559256762266159, 0.426480770111084, -0.127017080783844, 0.8955338001251221),
            ["UpperTorso"] = CFrame.new(1.5366822481155396e-08, 4.76837158203125e-07, 1.6298145055770874e-08, 0.945566713809967, 0.03064427524805069, 0.32398220896720886, -0.08765000849962234, 0.9827484488487244, 0.16285857558250427, -0.3134024441242218, -0.18239076435565948, 0.9319402575492859),
            ["LeftUpperArm"] = CFrame.new(0.013266324996948242, -0.0008927583694458008, -0.06579369306564331, 0.689263641834259, 0.10093428939580917, -0.7174455523490906, -0.20916715264320374, 0.9758050441741943, -0.06366918981075287, 0.693660318851471, 0.19395098090171814, 0.6936988830566406),
            ["RightLowerArm"] = CFrame.new(-1.7881393432617188e-07, 3.5762786865234375e-07, -0.000004023313522338867, 1, -0.000018969181837746873, -0.000003898516752087744, 0.00001889467421278823, 0.9998059868812561, -0.019700853154063225, 0.000004287809588277014, 0.019700823351740837, 0.9998059868812561),
            ["LeftHand"] = CFrame.new(-0.0000012442469596862793, -0.0000016093254089355469, 1.9371509552001953e-07, 0.9858967065811157, -0.032861463725566864, 0.1640969216823578, 0.05079665407538414, 0.9930331110954285, -0.1063254177570343, -0.15945979952812195, 0.11316163092851639, 0.9806972742080688),
            ["RightFoot"] = CFrame.new(1.5739351511001587e-07, 0, 6.129994289949536e-08, 0.9998570084571838, -0.003688763827085495, 0.01650512032210827, 0.011647695675492287, 0.857775866985321, -0.5138920545578003, -0.012262200936675072, 0.5140106678009033, 0.8576961159706116),
            ["RightUpperArm"] = CFrame.new(-0.04902440309524536, 0.04813647270202637, -0.06956042349338531, 0.8052243590354919, -0.16562676429748535, 0.5693695545196533, 0.5921388268470764, 0.27542945742607117, -0.7573046088218689, -0.031390998512506485, 0.94694584608078, 0.3198564648628235),
            ["RightUpperLeg"] = CFrame.new(0, 4.33996319770813e-07, 1.6931153368204832e-08, 0.9262269735336304, -0.02979465015232563, -0.37578681111335754, 0.016574213281273842, 0.9991263747215271, -0.03836538642644882, 0.3766017258167267, 0.02930658683180809, 0.9259117245674133),
            ["LeftLowerLeg"] = CFrame.new(2.2817403078079224e-08, -0.0007266402244567871, 0.00008098408579826355, 1, 5.448237772043285e-08, 4.516913776342335e-08, -7.91623975260336e-08, 0.5736352801322937, 0.8191109299659729, 4.19095051995555e-08, -0.8191109299659729, 0.5736352205276489),
        }},
        {Time = 0.033, Data = {
            ["LeftLowerArm"] = CFrame.new(0.000001341104507446289, 5.364418029785156e-07, 0.000004947185516357422, 1, 1.5646217832454568e-07, 5.960464477539063e-08, -1.0523943672069436e-07, 0.9343207478523254, -0.3564333915710449, -1.1362133989223366e-07, 0.356433242559433, 0.9343208074569702),
            ["LeftFoot"] = CFrame.new(-3.102468326687813e-08, 0, -4.190951585769653e-09, 0.9827466011047363, 0.009111326187849045, 0.18473286926746368, 0.03320668265223503, 0.9738650918006897, -0.224686399102211, -0.1819521188735962, 0.22694437205791473, 0.9567601680755615),
            ["RightHand"] = CFrame.new(6.556510925292969e-07, 0.0000013113021850585938, -5.364418029785156e-07, 0.771595299243927, 0.418852299451828, 0.4787510633468628, -0.12883935868740082, 0.8399240374565125, -0.5271890163421631, -0.6229293942451477, 0.3450947403907776, 0.7020463943481445),
            ["HumanoidRootPart"] = CFrame.new(0, 0, 0, 1, 0, 0, 0, 1, 0, 0, 0, 1),
            ["RightLowerLeg"] = CFrame.new(2.852175384759903e-09, -0.0007265806198120117, 0.00004604628338711336, 1, 1.101871518471853e-07, -2.7241192412930104e-08, -5.471518704780465e-08, 0.7668209671974182, 0.6418610215187073, 9.692301006225534e-08, -0.6418611407279968, 0.766821026802063),
            ["LeftUpperLeg"] = CFrame.new(-8.940696716308594e-08, -2.7939677238464355e-08, 1.4901161193847656e-08, 0.9876891374588013, -0.10782717168331146, -0.11332917213439941, 0.04716135188937187, 0.8960215449333191, -0.44149908423423767, 0.14915098249912262, 0.43071892857551575, 0.8900759816169739),
            ["Guitar"] = CFrame.new(0, 0, 0, 1, 0, 0, 0, 1, 0, 0, 0, 1),
            ["LowerTorso"] = CFrame.new(-0.021856077015399933, -0.13804924488067627, -0.008854225277900696, 0.9854232668876648, 0.03301775082945824, 0.16688576340675354, -0.020612848922610283, 0.9969308972358704, -0.07552491873502731, -0.16886721551418304, 0.07098402082920074, 0.9830794334411621),
            ["Head"] = CFrame.new(2.3283064365386963e-09, -8.344650268554688e-07, 2.3283064365386963e-09, 0.8348058462142944, 0.12343032658100128, -0.5365297198295593, -0.02954278513789177, 0.9831830263137817, 0.1802176535129547, 0.5497512221336365, -0.13459613919258118, 0.8244134783744812),
            ["UpperTorso"] = CFrame.new(4.423782229423523e-09, 2.384185791015625e-07, 2.444721758365631e-09, 0.9158416390419006, -0.031810030341148376, 0.4002777636051178, -0.007992717437446117, 0.9952154755592346, 0.09737710654735565, -0.4014602303504944, -0.0923813134431839, 0.911205530166626),
            ["LeftUpperArm"] = CFrame.new(-0.007361292839050293, -0.025631189346313477, -0.05608842521905899, 0.7626951336860657, 0.11022308468818665, -0.6372966766357422, -0.21087080240249634, 0.9739047884941101, -0.08392209559679031, 0.6114161014556885, 0.19839413464069366, 0.7660353779792786),
            ["RightLowerArm"] = CFrame.new(1.1920928955078125e-07, 1.7881393432617188e-07, -0.0000037103891372680664, 1, -0.00001935661020979751, -0.0000011436641216278076, 0.000018909573554992676, 0.9873901009559631, -0.1583060324192047, 0.000004289671778678894, 0.15830601751804352, 0.9873901009559631),
            ["LeftHand"] = CFrame.new(-0.0000013282988220453262, -0.0000010132789611816406, 3.166496753692627e-07, 0.7883408069610596, -0.1102081760764122, -0.6052870750427246, 0.0496646985411644, 0.9920141696929932, -0.11593741923570633, 0.6132310628890991, 0.0613369420170784, 0.7875189185142517),
            ["RightFoot"] = CFrame.new(1.5870318748056889e-07, -2.384185791015625e-07, -5.790934665128589e-08, 0.9996374249458313, 0.0033258069306612015, 0.026723697781562805, 0.011151104234158993, 0.8521519303321838, -0.5231757164001465, -0.024512585252523422, 0.523283839225769, 0.8518058061599731),
            ["RightUpperArm"] = CFrame.new(-0.07225769758224487, 0.05903279781341553, -0.06283724308013916, 0.2900680601596832, -0.47607704997062683, 0.8301873803138733, 0.8620131015777588, -0.246824711561203, -0.4427315592765808, 0.41568490862846375, 0.8440546989440918, 0.3387886881828308),
            ["RightUpperLeg"] = CFrame.new(8.940696716308594e-08, -7.636845111846924e-08, -1.6596459317952394e-08, 0.9027360081672668, -0.08051320165395737, -0.4225938022136688, 0.05051904544234276, 0.9953740239143372, -0.08172255009412766, 0.427218496799469, 0.052424751222133636, 0.9026272296905518),
            ["LeftLowerLeg"] = CFrame.new(1.126900315284729e-07, -0.0007267594337463379, 0.00008094776421785355, 1, 8.288768782449552e-08, 1.0710208719899583e-08, -6.938352470342579e-08, 0.6505004167556763, 0.759505569934845, 3.7252898543727042e-09, -0.7595058679580688, 0.6505007743835449),
        }},
        {Time = 0.067, Data = {
            ["LeftLowerArm"] = CFrame.new(0.0000012516975402832031, 4.76837158203125e-07, 0.000004887580871582031, 1, 1.6763804921993142e-07, 9.173527359962463e-08, -1.527369164477932e-07, 0.9667338728904724, -0.2557843029499054, -1.136213683139431e-07, 0.2557843029499054, 0.9667338728904724),
            ["LeftFoot"] = CFrame.new(-1.0652001947164536e-08, -2.980232238769531e-07, -9.313225746154785e-09, 0.9823148250579834, 0.0020547674503177404, 0.18722552061080933, 0.028753139078617096, 0.9864235520362854, -0.16168473660945892, -0.18501591682434082, 0.1642085611820221, 0.9689193367958069),
            ["RightHand"] = CFrame.new(-1.4901161193847656e-07, 0.000001430511474609375, -7.692724466323853e-07, 0.9927705526351929, 0.10911361873149872, -0.05000857263803482, -0.11909262090921402, 0.8435573577880859, -0.5236676335334778, -0.014954246580600739, 0.5258376002311707, 0.8504536747932434),
            ["HumanoidRootPart"] = CFrame.new(0, 0, 0, 1, 0, 0, 0, 1, 0, 0, 0, 1),
            ["RightLowerLeg"] = CFrame.new(-7.962808012962341e-08, -0.0007262229919433594, 0.00004604628338711336, 1, 9.220097751949652e-08, 3.469177656256761e-08, -4.796310193455611e-08, 0.7683548331260681, 0.6400238871574402, 6.728804180511361e-08, -0.6400241851806641, 0.7683550715446472),
            ["LeftUpperLeg"] = CFrame.new(-5.960464477539063e-08, -5.846231942996383e-08, -3.725290298461914e-09, 0.9787849187850952, -0.1547510027885437, -0.13428369164466858, 0.0752534419298172, 0.8811084628105164, -0.4668883681297302, 0.19057005643844604, 0.44687798619270325, 0.8740612864494324),
            ["Guitar"] = CFrame.new(0, 0, 0, 1, 0, 0, 0, 1, 0, 0, 0, 1),
            ["LowerTorso"] = CFrame.new(-0.016541942954063416, -0.12215197086334229, -0.022680237889289856, 0.9757683277130127, 0.06471870839595795, 0.209015890955925, -0.06322190910577774, 0.99790358543396, -0.013841473497450352, -0.20947349071502686, 0.00029169159824959934, 0.9778143167495728),
            ["Head"] = CFrame.new(8.381903171539307e-09, -4.76837158203125e-07, -1.862645149230957e-09, 0.7715907096862793, 0.14712364971637726, -0.6188720464706421, -0.023430071771144867, 0.9787993431091309, 0.20347680151462555, 0.6356877088546753, -0.14250068366527557, 0.7586795091629028),
            ["UpperTorso"] = CFrame.new(1.0244548320770264e-08, -8.940696716308594e-08, 2.561137080192566e-09, 0.8843360543251038, -0.08749541640281677, 0.4585791528224945, 0.08158685266971588, 0.9961289763450623, 0.032724108546972275, -0.4596666991710663, 0.008474950678646564, 0.8880509734153748),
            ["LeftUpperArm"] = CFrame.new(-0.02464240789413452, -0.041286587715148926, -0.04690016433596611, 0.7970972061157227, 0.16450242698192596, -0.5810121893882751, -0.2625699043273926, 0.9608764052391052, -0.08816865086555481, 0.54377681016922, 0.22283506393432617, 0.8091051578521729),
            ["RightLowerArm"] = CFrame.new(1.1920928955078125e-07, -1.7881393432617188e-07, -0.000004157423973083496, 1, -0.000019219238311052322, -0.0000016912820228753844, 0.000018913298845291138, 0.9905104041099548, -0.13743796944618225, 0.000004298985004425049, 0.13743799924850464, 0.9905104637145996),
            ["LeftHand"] = CFrame.new(-0.0000014118850231170654, -8.940696716308594e-07, 1.598382368683815e-07, 0.8925897479057312, -0.046987298876047134, -0.4484144151210785, 0.0579105019569397, 0.998264729976654, 0.010669796727597713, 0.44713541865348816, -0.035491641610860825, 0.8937621116638184),
            ["RightFoot"] = CFrame.new(1.6170088201761246e-07, -5.960464477539063e-08, 2.4047039914876223e-08, 0.9994755387306213, 0.009004230611026287, 0.031106431037187576, 0.008952093310654163, 0.8463104963302612, -0.532614529132843, -0.031121550127863884, 0.5326138734817505, 0.8457860946655273),
            ["RightUpperArm"] = CFrame.new(-0.09189069271087646, 0.06574392318725586, -0.0556124672293663, -0.17832429707050323, -0.6014499664306641, 0.778754472732544, 0.7101213932037354, -0.626512885093689, -0.3212621808052063, 0.6811226010322571, 0.49572131037712097, 0.538824737071991),
            ["RightUpperLeg"] = CFrame.new(5.960464477539063e-08, -3.973400453105569e-08, 5.75528247281909e-09, 0.8823742270469666, -0.12452337145805359, -0.45377275347709656, 0.06826343387365341, 0.9880223274230957, -0.13839100301265717, 0.46557044982910156, 0.0911363735795021, 0.8803057670593262),
            ["LeftLowerLeg"] = CFrame.new(4.7497451305389404e-08, -0.0007264614105224609, 0.0000809086486697197, 1, 6.705523247774181e-08, 6.519258910486769e-09, -6.722986967133693e-08, 0.712035059928894, 0.7021439075469971, -2.1886087608891103e-08, -0.7021438479423523, 0.7120350003242493),
        }},
        {Time = 0.100, Data = {
            ["LeftLowerArm"] = CFrame.new(0.0000014603137969970703, -2.384185791015625e-07, 0.000004799105226993561, 1, 1.8998980522155762e-07, 1.043081283569336e-07, -9.872020712009544e-08, 0.982290506362915, -0.18736425042152405, -1.303851746570217e-07, 0.1873643398284912, 0.982290506362915),
            ["LeftFoot"] = CFrame.new(1.3969838619232178e-09, -1.1920928955078125e-07, -1.30385160446167e-08, 0.9819172024726868, -0.003657642751932144, 0.18927587568759918, 0.025919068604707718, 0.9929957985877991, -0.11527237296104431, -0.18752849102020264, 0.11809349805116653, 0.9751344323158264),
            ["RightHand"] = CFrame.new(-1.1175870895385742e-07, 0.0000011920928955078125, -8.493661880493164e-07, 0.7662068009376526, -0.12251497805118561, -0.6308064460754395, -0.2557562589645386, 0.8424132466316223, -0.47426658868789673, 0.5895048975944519, 0.5247189998626709, 0.6141291260719299),
            ["HumanoidRootPart"] = CFrame.new(0, 0, 0, 1, 0, 0, 0, 1, 0, 0, 0, 1),
            ["RightLowerLeg"] = CFrame.new(2.0489096641540527e-08, -0.0007261037826538086, 0.000046009030484128743, 1, 6.239864092094649e-08, -6.05359895544666e-09, -6.705522537231445e-08, 0.7637762427330017, 0.6454811096191406, 5.0640664994716644e-08, -0.6454811692237854, 0.7637762427330017),
            ["LeftUpperLeg"] = CFrame.new(0, 4.656612873077393e-10, 3.725290298461914e-09, 0.9713358879089355, -0.1848241537809372, -0.14948785305023193, 0.09199202805757523, 0.87213134765625, -0.4805457293987274, 0.21918949484825134, 0.45301979780197144, 0.8641349673271179),
            ["Guitar"] = CFrame.new(0, 0, 0, 1, 0, 0, 0, 1, 0, 0, 0, 1),
            ["LowerTorso"] = CFrame.new(-0.012898504734039307, -0.11172664165496826, -0.03465831279754639, 0.9675275087356567, 0.08416537195444107, 0.23834159970283508, -0.0924614816904068, 0.9954313039779663, 0.023823704570531845, -0.23524753749370575, -0.045087505131959915, 0.9708892107009888),
            ["Head"] = CFrame.new(-2.7939677238464355e-09, -8.344650268554688e-07, 6.05359673500061e-09, 0.7232687473297119, 0.1591043472290039, -0.6719884872436523, -0.015288359485566616, 0.9765475392341614, 0.21475869417190552, 0.6903975009918213, -0.1450546383857727, 0.7087385654449463),
            ["UpperTorso"] = CFrame.new(1.4901161193847656e-08, -1.4901161193847656e-07, 5.122274160385132e-09, 0.8565187454223633, -0.12607866525650024, 0.500479519367218, 0.14885106682777405, 0.9888436198234558, -0.005637887865304947, -0.4941851496696472, 0.07932598143815994, 0.8657301068305969),
            ["LeftUpperArm"] = CFrame.new(-0.037257254123687744, -0.049942851066589355, -0.038948290050029755, 0.7978824377059937, 0.22844141721725464, -0.5578515529632568, -0.3335272967815399, 0.9381561875343323, -0.09285960346460342, 0.502138614654541, 0.26014938950538635, 0.8247296214103699),
            ["RightLowerArm"] = CFrame.new(1.1920928955078125e-07, 9.5367431640625e-07, -0.0000036172568798065186, 1, -0.000019259756300016306, -0.0000022426249870477477, 0.000018851835193345323, 0.9942250847816467, -0.107315294444561, 0.000004276634172128979, 0.10731525719165802, 0.9942250847816467),
            ["LeftHand"] = CFrame.new(-0.0000012814998626708984, -0.0000017285346984863281, 2.384185791015625e-07, 0.9928852319717407, 0.020568860694766045, -0.11728529632091522, -0.006177217233926058, 0.9925388693809509, 0.12177245318889618, 0.11891506612300873, -0.12018163502216339, 0.9856042265892029),
            ["RightFoot"] = CFrame.new(2.2677704691886902e-07, -5.960464477539063e-08, 1.6596459317952394e-08, 0.9994310736656189, 0.012010709382593632, 0.03151904046535492, 0.006785582285374403, 0.8437570929527283, -0.5366824269294739, -0.03304041549563408, 0.5365908741950989, 0.8431954383850098),
            ["RightUpperArm"] = CFrame.new(-0.10639667510986328, 0.07212352752685547, -0.048636578023433685, -0.467254638671875, -0.631742537021637, 0.6185261011123657, 0.6297355890274048, -0.7288554310798645, -0.2687068283557892, 0.6205692887306213, 0.2639531195163727, 0.7383915781974792),
            ["RightUpperLeg"] = CFrame.new(5.960464477539063e-08, -6.239861249923706e-08, -1.6596459317952394e-08, 0.8683754205703735, -0.1554098278284073, -0.4709267020225525, 0.07926862686872482, 0.9809156656265259, -0.17754146456718445, 0.48953109979629517, 0.1168428584933281, 0.864122211933136),
            ["LeftLowerLeg"] = CFrame.new(6.984919309616089e-09, -0.0007261037826538086, 0.00008085742592811584, 1, 5.6810691262398905e-08, 2.0372683096070432e-08, -4.44706529378891e-08, 0.7507487535476685, 0.6605883240699768, 8.312053978443146e-08, -0.6605879068374634, 0.750748336315155),
        }},
        {Time = 0.133, Data = {
            ["LeftLowerArm"] = CFrame.new(0.0000013113021850585938, 0, 0.000004872679710388184, 1, 1.5646217832454568e-07, 3.725289587919178e-08, -1.955777406692505e-07, 0.9896602034568787, -0.14343193173408508, -1.4901161193847656e-07, 0.14343203604221344, 0.9896601438522339),
            ["LeftFoot"] = CFrame.new(-1.0244548320770264e-08, -2.384185791015625e-07, 1.1175870895385742e-08, 0.9815064072608948, -0.007369966246187687, 0.19128741323947906, 0.024729104712605476, 0.9957674145698547, -0.0885208249092102, -0.18982557952404022, 0.09161399304866791, 0.9775342345237732),
            ["RightHand"] = CFrame.new(1.8440186977386475e-07, 0.0000013113021850585938, -7.450580596923828e-07, 0.5397292375564575, -0.268851101398468, -0.7977538108825684, -0.2840050756931305, 0.8339267373085022, -0.4731886684894562, 0.7924856543540955, 0.48195990920066833, 0.37373974919319153),
            ["HumanoidRootPart"] = CFrame.new(0, 0, 0, 1, 0, 0, 0, 1, 0, 0, 0, 1),
            ["RightLowerLeg"] = CFrame.new(-3.166496753692627e-08, -0.0007265210151672363, 0.00004603883280651644, 1, 7.4505820180093e-08, -9.778887921640944e-09, -6.332992796842518e-08, 0.7556580305099487, 0.6549662351608276, 5.075707321111622e-08, -0.654966413974762, 0.7556582689285278),
            ["LeftUpperLeg"] = CFrame.new(-2.9802322387695312e-08, -5.499459803104401e-07, -9.313225746154785e-09, 0.967430830001831, -0.1994769126176834, -0.15584179759025574, 0.10152144730091095, 0.8697120547294617, -0.483005553483963, 0.2318861037492752, 0.451453298330307, 0.8616373538970947),
            ["Guitar"] = CFrame.new(0, 0, 0, 1, 0, 0, 0, 1, 0, 0, 0, 1),
            ["LowerTorso"] = CFrame.new(-0.010919570922851562, -0.10571503639221191, -0.04416622221469879, 0.9632067084312439, 0.0950900986790657, 0.25137779116630554, -0.10780537873506546, 0.9934731721878052, 0.03727223351597786, -0.24619285762310028, -0.06300073862075806, 0.9671711921691895),
            ["Head"] = CFrame.new(-4.493631422519684e-08, -7.152557373046875e-07, 3.3993273973464966e-08, 0.6942527294158936, 0.15798208117485046, -0.7021784782409668, -0.007618159055709839, 0.9771705269813538, 0.2123197615146637, 0.7196910381317139, -0.14205437898635864, 0.6796070337295532),
            ["UpperTorso"] = CFrame.new(-1.862645149230957e-08, -6.556510925292969e-07, -2.0954757928848267e-08, 0.8364838361740112, -0.14693760871887207, 0.5279245376586914, 0.18654291331768036, 0.982196033000946, -0.02219749055802822, -0.5152636170387268, 0.11704831570386887, 0.8490011692047119),
            ["LeftUpperArm"] = CFrame.new(-0.0455397367477417, -0.05548739433288574, -0.03207199275493622, 0.8056651949882507, 0.26901933550834656, -0.5277615189552307, -0.3881443738937378, 0.9127702713012695, -0.12725727260112762, 0.4474903345108032, 0.30737462639808655, 0.8398056030273438),
            ["RightLowerArm"] = CFrame.new(1.4901161193847656e-07, 2.980232238769531e-07, -0.0000038817524909973145, 1, -0.000019311904907226562, -0.000001458450924474164, 0.00001889141094579827, 0.9892573952674866, -0.1461847871541977, 0.000004269182227290003, 0.1461847424507141, 0.9892573356628418),
            ["LeftHand"] = CFrame.new(-0.0000015497207641601562, -0.0000011324882507324219, 2.384185791015625e-07, 0.9542692303657532, 0.08207773417234421, 0.28746020793914795, -0.13159731030464172, 0.9787268042564392, 0.157404363155365, -0.2684258818626404, -0.1880352646112442, 0.944770097732544),
            ["RightFoot"] = CFrame.new(1.6461126506328583e-07, -1.1920928955078125e-07, -3.55576048605144e-08, 0.9994712471961975, 0.012031490914523602, 0.030208922922611237, 0.005969981662929058, 0.8453394770622253, -0.534196138381958, -0.03196398541331291, 0.534093976020813, 0.8448207378387451),
            ["RightUpperArm"] = CFrame.new(-0.11633336544036865, 0.07837796211242676, -0.042012929916381836, -0.5643278956413269, -0.6484624147415161, 0.5109114646911621, 0.580122709274292, -0.7518072128295898, -0.3134380578994751, 0.5873600244522095, 0.11950968950986862, 0.8004536628723145),
            ["RightUpperLeg"] = CFrame.new(-2.9802322387695312e-08, -5.038455128669739e-07, -2.590968506410718e-08, 0.8626779913902283, -0.17263908684253693, -0.4753758907318115, 0.08719005435705185, 0.9766296744346619, -0.1964498907327652, 0.49818122386932373, 0.12802483141422272, 0.8575693368911743),
            ["LeftLowerLeg"] = CFrame.new(-1.6763806343078613e-08, -0.0007264614105224609, 0.00008095521479845047, 1, 5.1688413549300094e-08, 5.9255413020764536e-08, -6.379559636116028e-08, 0.7671202421188354, 0.6415033936500549, 5.2619725465774536e-08, -0.6415033340454102, 0.7671202421188354),
        }},
        {Time = 0.167, Data = {
            ["LeftLowerArm"] = CFrame.new(0.0000013113021850585938, -7.152557373046875e-07, 0.00000476837158203125, 1, 1.9371513815258368e-07, 7.450580596923828e-08, -1.2665987014770508e-07, 0.9933962225914001, -0.11473464965820312, -1.4901161193847656e-07, 0.1147347092628479, 0.9933961629867554),
            ["LeftFoot"] = CFrame.new(-2.991873770952225e-08, -1.1920928955078125e-07, 1.210719347000122e-08, 0.9811874032020569, -0.008887945674359798, 0.192853182554245, 0.02395864576101303, 0.9968233704566956, -0.07595524936914444, -0.19156545400619507, 0.07914674282073975, 0.9782834649085999),
            ["RightHand"] = CFrame.new(3.0547380447387695e-07, 3.5762786865234375e-07, -7.674098014831543e-07, 0.5010210275650024, -0.3107447326183319, -0.8077222108840942, -0.2755899429321289, 0.8274411559104919, -0.48927655816078186, 0.8203830122947693, 0.4677380621433258, 0.32892748713493347),
            ["HumanoidRootPart"] = CFrame.new(0, 0, 0, 1, 0, 0, 0, 1, 0, 0, 0, 1),
            ["RightLowerLeg"] = CFrame.new(-7.450580596923828e-09, -0.0007262229919433594, 0.000046053733967710286, 1, 9.313229298868464e-08, -1.7695128917694092e-08, -6.984918599073353e-08, 0.7450198531150818, 0.6670425534248352, 5.529727076236668e-08, -0.6670423746109009, 0.7450196146965027),
            ["LeftUpperLeg"] = CFrame.new(8.940696716308594e-08, 4.6659260988235474e-07, 1.4901161193847656e-08, 0.9676045775413513, -0.20231996476650238, -0.15102340281009674, 0.10598030686378479, 0.8684191703796387, -0.48437222838401794, 0.22914975881576538, 0.45267534255981445, 0.8617282509803772),
            ["Guitar"] = CFrame.new(0, 0, 0, 1, 0, 0, 0, 1, 0, 0, 0, 1),
            ["LowerTorso"] = CFrame.new(-0.010368630290031433, -0.10180389881134033, -0.05264219641685486, 0.9634143114089966, 0.099171943962574, 0.2489936500787735, -0.11425967514514923, 0.99234539270401, 0.04685499519109726, -0.24244095385074615, -0.07359068840742111, 0.9673711657524109),
            ["Head"] = CFrame.new(1.3504177331924438e-08, -4.76837158203125e-07, -2.852175384759903e-09, 0.6851740479469299, 0.1477854698896408, -0.7132293581962585, -0.0025200464297086, 0.9796754121780396, 0.20057375729084015, 0.7283751368522644, -0.13563065230846405, 0.6716204285621643),
            ["UpperTorso"] = CFrame.new(2.0489096641540527e-08, 5.066394805908203e-07, -2.6542693376541138e-08, 0.8245404958724976, -0.15639059245586395, 0.5437597036361694, 0.2101045399904251, 0.9769551753997803, -0.03761410340666771, -0.5253466367721558, 0.1452607363462448, 0.8383976817131042),
            ["LeftUpperArm"] = CFrame.new(-0.05028259754180908, -0.05783486366271973, -0.025921866297721863, 0.9106379151344299, 0.27326151728630066, -0.3099465072154999, -0.3618454039096832, 0.8895564675331116, -0.2788499891757965, 0.19951613247394562, 0.3660840094089508, 0.9089422225952148),
            ["RightLowerArm"] = CFrame.new(2.9802322387695312e-08, 8.344650268554688e-07, -0.000003509223461151123, 1, -0.00001933868225023616, -7.80448317527771e-07, 0.00001889467421278823, 0.9836183786392212, -0.18026384711265564, 0.0000042673204916354734, 0.18026380240917206, 0.9836183786392212),
            ["LeftHand"] = CFrame.new(-0.0000014901161193847656, -0.0000013113021850585938, 1.7881393432617188e-07, 0.7800702452659607, 0.12813477218151093, 0.6124306917190552, -0.24410182237625122, 0.9635683298110962, 0.10931816697120667, -0.5761117935180664, -0.23477132618427277, 0.7829293012619019),
            ["RightFoot"] = CFrame.new(2.2398307919502258e-07, 5.960464477539063e-08, 9.145878721028566e-09, 0.9995768070220947, 0.009496575221419334, 0.02749536745250225, 0.0063756597228348255, 0.8507065176963806, -0.5256026387214661, -0.028382141143083572, 0.5255551934242249, 0.8502858877182007),
            ["RightUpperArm"] = CFrame.new(-0.12201005220413208, 0.08227550983428955, -0.03553338348865509, -0.6236240863800049, -0.6450142860412598, 0.44164419174194336, 0.5243762135505676, -0.7641658782958984, -0.37560638785362244, 0.5797608494758606, -0.0026496192440390587, 0.8147823214530945),
            ["RightUpperLeg"] = CFrame.new(-8.940696716308594e-08, 3.6694109439849854e-07, -1.6596459317952394e-08, 0.8656985759735107, -0.18092547357082367, -0.46672457456588745, 0.08839965611696243, 0.9729979038238525, -0.21321499347686768, 0.4926983714103699, 0.1433216780424118, 0.8583167195320129),
            ["LeftLowerLeg"] = CFrame.new(-3.4458935260772705e-08, -0.0007265210151672363, 0.00008101016283035278, 1, 3.632158396271734e-08, 1.7578715372223996e-08, -6.798654794692993e-08, 0.7721034288406372, 0.6354971528053284, -6.984919309616089e-10, -0.6354969143867493, 0.7721033096313477),
        }},
        {Time = 0.200, Data = {
            ["LeftLowerArm"] = CFrame.new(0.0000013113021850585938, -5.960464477539063e-08, 0.000004947185516357422, 1, 1.6391281576488836e-07, 1.4901162614933128e-07, -1.3411046495548362e-07, 0.9954896569252014, -0.09487076848745346, -7.450581307466564e-08, 0.09487073868513107, 0.9954896569252014),
            ["LeftFoot"] = CFrame.new(2.0139850676059723e-08, 5.960464477539063e-08, -1.862645149230957e-09, 0.9809560179710388, -0.008300124667584896, 0.19405309855937958, 0.023675858974456787, 0.9967461228370667, -0.0770503431558609, -0.19278185069561005, 0.08017728477716446, 0.977960467338562),
            ["RightHand"] = CFrame.new(4.209578037261963e-07, 9.5367431640625e-07, -0.0000010654330253601074, 0.47138306498527527, -0.3173424005508423, -0.8228554725646973, -0.26074421405792236, 0.8411608934402466, -0.4737730026245117, 0.8425024747848511, 0.4378836452960968, 0.3137642443180084),
            ["HumanoidRootPart"] = CFrame.new(0, 0, 0, 1, 0, 0, 0, 1, 0, 0, 0, 1),
            ["RightLowerLeg"] = CFrame.new(-1.0803341865539551e-07, -0.0007266998291015625, 0.000046053733967710286, 1, 9.359795427599238e-08, -1.210719524635806e-08, -6.332993507385254e-08, 0.7317475080490112, 0.6815757155418396, 6.041955202817917e-08, -0.6815758347511292, 0.731747567653656),
            ["LeftUpperLeg"] = CFrame.new(0, -9.941868484020233e-08, 2.60770320892334e-08, 0.9716818928718567, -0.19440491497516632, -0.13431696593761444, 0.10677638649940491, 0.8683356642723083, -0.484346866607666, 0.21079151332378387, 0.4562894105911255, 0.8645039200782776),
            ["Guitar"] = CFrame.new(0, 0, 0, 1, 0, 0, 0, 1, 0, 0, 0, 1),
            ["LowerTorso"] = CFrame.new(-0.011166512966156006, -0.09916853904724121, -0.05991789698600769, 0.9679849147796631, 0.09794382005929947, 0.23111090064048767, -0.11294128745794296, 0.9922112226486206, 0.05254839360713959, -0.22416400909423828, -0.07696801424026489, 0.9715073108673096),
            ["Head"] = CFrame.new(-2.735760062932968e-09, -3.5762786865234375e-07, 1.9106664694845676e-08, 0.6955982446670532, 0.1292719691991806, -0.7067049741744995, 0.0017576856771484017, 0.9833691120147705, 0.18160973489284515, 0.718428909778595, -0.12756957113742828, 0.683802604675293),
            ["UpperTorso"] = CFrame.new(-2.2351741790771484e-08, 0, 1.0710209608078003e-08, 0.8207808136940002, -0.15579062700271606, 0.5495890378952026, 0.2205280214548111, 0.9739249348640442, -0.0532706193625927, -0.5269594192504883, 0.16492336988449097, 0.8337351083755493),
            ["LeftUpperArm"] = CFrame.new(-0.05180776119232178, -0.05757319927215576, -0.020283952355384827, 0.9478181600570679, 0.30907368659973145, -0.07819387316703796, -0.3123197853565216, 0.8509138822555542, -0.4223766326904297, -0.06400930881500244, 0.42475759983062744, 0.903041422367096),
            ["RightLowerArm"] = CFrame.new(1.4901161193847656e-07, 3.5762786865234375e-07, -0.0000042244791984558105, 1, -0.000019351020455360413, -0.000001538545120638446, 0.000018911436200141907, 0.9897348880767822, -0.14291571080684662, 0.000004276633262634277, 0.1429157257080078, 0.989734947681427),
            ["LeftHand"] = CFrame.new(-0.0000016689300537109375, -0.0000010728836059570312, 3.5762786865234375e-07, 0.613956868648529, 0.15020164847373962, 0.7749167084693909, -0.2964679002761841, 0.9537318348884583, 0.050026506185531616, -0.7315489649772644, -0.260452002286911, 0.6300805807113647),
            ["RightFoot"] = CFrame.new(1.8463470041751862e-07, -1.1920928955078125e-07, 4.639878170564771e-08, 0.9996787309646606, 0.0038073863834142685, 0.02505829930305481, 0.009528838098049164, 0.8596697449684143, -0.5107613205909729, -0.023486575111746788, 0.5108360052108765, 0.8593572974205017),
            ["RightUpperArm"] = CFrame.new(-0.1237342357635498, 0.08387613296508789, -0.02914692461490631, -0.6600879430770874, -0.6209387183189392, 0.4227515757083893, 0.4514535367488861, -0.7777236700057983, -0.4374193847179413, 0.600394606590271, -0.09788254648447037, 0.7936909794807434),
            ["RightUpperLeg"] = CFrame.new(-5.960464477539063e-08, -1.2759119272232056e-07, 5.75528247281909e-09, 0.8783479928970337, -0.18038657307624817, -0.44267988204956055, 0.08389226347208023, 0.9698633551597595, -0.22875165939331055, 0.470602810382843, 0.16378602385520935, 0.8670105338096619),
            ["LeftLowerLeg"] = CFrame.new(1.1734664440155029e-07, -0.0007264018058776855, 0.00008104555308818817, 1, 8.661302075552157e-08, -3.294553962973623e-08, -8.172357723879031e-08, 0.7665040493011475, 0.6422396302223206, 1.9092118108687828e-08, -0.6422395706176758, 0.7665039300918579),
        }},
        {Time = 0.233, Data = {
            ["LeftLowerArm"] = CFrame.new(0.0000013709068298339844, -5.364418029785156e-07, 0.0000045299530029296875, 1, 1.6391277313232422e-07, 1.1920928955078125e-07, -1.0430815677864302e-07, 0.9969124794006348, -0.0785209983587265, -1.266598985694145e-07, 0.07852107286453247, 0.9969124794006348),
            ["LeftFoot"] = CFrame.new(-2.3865140974521637e-08, -1.7881393432617188e-07, 1.955777406692505e-08, 0.9808043837547302, -0.006479343865066767, 0.19488655030727386, 0.02382689341902733, 0.9959406852722168, -0.08680158853530884, -0.19353309273719788, 0.08977904170751572, 0.9769774079322815),
            ["RightHand"] = CFrame.new(2.384185791015625e-07, 9.5367431640625e-07, -0.0000010095536708831787, 0.4551015794277191, -0.2885887622833252, -0.8423768281936646, -0.2436835914850235, 0.8695438504219055, -0.429548442363739, 0.8564467430114746, 0.40076175332069397, 0.3254067301750183),
            ["HumanoidRootPart"] = CFrame.new(0, 0, 0, 1, 0, 0, 0, 1, 0, 0, 0, 1),
            ["RightLowerLeg"] = CFrame.new(-4.842877388000488e-08, -0.0007264018058776855, 0.000046009030484128743, 1, 1.0617082324415605e-07, -2.5611377463263807e-09, -6.007030606269836e-08, 0.719368577003479, 0.6946284770965576, 9.17934812605381e-08, -0.6946287155151367, 0.7193686962127686),
            ["LeftUpperLeg"] = CFrame.new(2.9802322387695312e-08, 1.641456037759781e-07, 1.1175870895385742e-08, 0.9776595830917358, -0.1781248301267624, -0.11159511655569077, 0.10372613370418549, 0.8706082105636597, -0.4809180796146393, 0.18281902372837067, 0.4585988521575928, 0.8696346282958984),
            ["Guitar"] = CFrame.new(0, 0, 0, 1, 0, 0, 0, 1, 0, 0, 0, 1),
            ["LowerTorso"] = CFrame.new(-0.012772982940077782, -0.09720349311828613, -0.066031813621521, 0.9746940732002258, 0.09207303822040558, 0.2037007063627243, -0.10489007830619812, 0.9930693507194519, 0.05302305519580841, -0.19740693271160126, -0.0730474442243576, 0.9775963425636292),
            ["Head"] = CFrame.new(2.8172507882118225e-08, -4.76837158203125e-07, 4.260800778865814e-08, 0.719630777835846, 0.10391844063997269, -0.6865366101264954, 0.008700763806700706, 0.9873101115226746, 0.1585654467344284, 0.694302499294281, -0.12008200585842133, 0.7095946073532104),
            ["UpperTorso"] = CFrame.new(3.725290298461914e-09, 1.7881393432617188e-07, -1.6763806343078613e-08, 0.8247085213661194, -0.1463688313961029, 0.5462892651557922, 0.21850252151489258, 0.9733896255493164, -0.06906051188707352, -0.5216439962387085, 0.17632034420967102, 0.8347446918487549),
            ["LeftUpperArm"] = CFrame.new(-0.05075526237487793, -0.0554201602935791, -0.01462160050868988, 0.9263336658477783, 0.3765397071838379, -0.011118936352431774, -0.3320032060146332, 0.8021106719970703, -0.496379554271698, -0.17798802256584167, 0.4635046124458313, 0.8680343627929688),
            ["RightLowerArm"] = CFrame.new(-8.940696716308594e-08, 5.960464477539063e-08, -0.0000037513673305511475, 1, -0.000019300729036331177, -0.0000018030405044555664, 0.000018911439838120714, 0.9916695356369019, -0.12880882620811462, 0.000004298985913919751, 0.12880875170230865, 0.9916695356369019),
            ["LeftHand"] = CFrame.new(-0.0000012516975402832031, -0.0000012516975402832031, 6.258487701416016e-07, 0.5121737122535706, 0.1557518094778061, 0.8446415066719055, -0.30347394943237305, 0.9528034925460815, 0.008323772810399532, -0.8034809827804565, -0.2605898678302765, 0.5352677702903748),
            ["RightFoot"] = CFrame.new(2.0803418010473251e-07, -5.960464477539063e-08, 5.3849362302571535e-08, 0.9997382164001465, -0.002272528363391757, 0.022766510024666786, 0.013142462819814682, 0.8715558648109436, -0.4901202619075775, -0.018728507682681084, 0.49029111862182617, 0.8713574409484863),
            ["RightUpperArm"] = CFrame.new(-0.12230038642883301, 0.08360826969146729, -0.02244935929775238, -0.670608639717102, -0.6114500761032104, 0.4200151264667511, 0.3998109996318817, -0.774846613407135, -0.48965704441070557, 0.6248481869697571, -0.1604415327310562, 0.7640833854675293),
            ["RightUpperLeg"] = CFrame.new(-5.960464477539063e-08, 3.734603524208069e-07, 5.75528247281909e-09, 0.8935365080833435, -0.1726446896791458, -0.4144710898399353, 0.07623197138309479, 0.9680500030517578, -0.2388891577720642, 0.4424717128276825, 0.18186014890670776, 0.8781489729881287),
            ["LeftLowerLeg"] = CFrame.new(6.426125764846802e-08, -0.0007264614105224609, 0.00008088070899248123, 1, 3.9581212973871516e-08, 5.8906159949856374e-08, -3.659806679934263e-08, 0.7546764612197876, 0.6560973525047302, 3.5390257835388184e-08, -0.6560971140861511, 0.754676342010498),
        }},
        {Time = 0.267, Data = {
            ["LeftLowerArm"] = CFrame.new(0.0000011920928955078125, -7.152557373046875e-07, 0.000005245208740234375, 1, 1.1920928955078125e-07, 1.0430814256778831e-07, -1.1920930376163597e-07, 0.9978554844856262, -0.06545571982860565, -1.3411046495548362e-07, 0.06545581668615341, 0.9978554844856262),
            ["LeftFoot"] = CFrame.new(1.6880221664905548e-08, -1.1920928955078125e-07, -7.450580596923828e-09, 0.9807494282722473, -0.00420574564486742, 0.1952257752418518, 0.024400744587183, 0.9945714473724365, -0.10115491598844528, -0.19374039769172668, 0.10397112369537354, 0.975527822971344),
            ["RightHand"] = CFrame.new(3.129243850708008e-07, 0.0000011324882507324219, -7.860362529754639e-07, 0.44212761521339417, -0.2474132478237152, -0.8621540069580078, -0.23080001771450043, 0.897456705570221, -0.37590256333351135, 0.8667494654655457, 0.3651823103427887, 0.3396877348423004),
            ["HumanoidRootPart"] = CFrame.new(0, 0, 0, 1, 0, 0, 0, 1, 0, 0, 0, 1),
            ["RightLowerLeg"] = CFrame.new(-1.0826624929904938e-07, -0.0007262825965881348, 0.000046090986870694906, 1, 1.1990783832516172e-07, -2.7357611287470718e-08, -6.542542507759208e-08, 0.7112921476364136, 0.7028963565826416, 5.785842915884132e-08, -0.7028965353965759, 0.7112923860549927),
            ["LeftUpperLeg"] = CFrame.new(0, -1.521548256278038e-07, 1.7695128917694092e-08, 0.9837368726730347, -0.15609188377857208, -0.08886577934026718, 0.09590993076562881, 0.8748093843460083, -0.4748786985874176, 0.15186521410942078, 0.4586327373981476, 0.8755530118942261),
            ["Guitar"] = CFrame.new(0, 0, 0, 1, 0, 0, 0, 1, 0, 0, 0, 1),
            ["LowerTorso"] = CFrame.new(-0.014737682417035103, -0.09511423110961914, -0.07124517858028412, 0.9814665913581848, 0.08141040802001953, 0.17348156869411469, -0.09117613732814789, 0.9946249127388, 0.049074314534664154, -0.1685539335012436, -0.06398217380046844, 0.9836136698722839),
            ["Head"] = CFrame.new(6.05359673500061e-09, -8.344650268554688e-07, -3.213062882423401e-08, 0.7504841685295105, 0.07448074221611023, -0.6566784381866455, 0.017730191349983215, 0.99100261926651, 0.13266293704509735, 0.6606506705284119, -0.1112046167254448, 0.7424110174179077),
            ["UpperTorso"] = CFrame.new(3.5390257835388184e-08, -8.940696716308594e-08, 3.5390257835388184e-08, 0.8351637721061707, -0.1295037567615509, 0.534537136554718, 0.2052033692598343, 0.9750756025314331, -0.08437646180391312, -0.5102871656417847, 0.18015699088573456, 0.8409225344657898),
