return {
    ["I'm Only Human"] = {
        [1] = {Time = 0.000, Data = {
            ["LeftLowerArm"] = CFrame.new(1.1920928955078125e-07, -5.960464477539063e-08, -5.960464477539063e-08, 1, -2.2351741790771484e-08, -2.3283067918100642e-08, 2.1187588572502136e-08, 0.968019425868988, -0.2508752942085266, 9.778887033462524e-09, 0.25087523460388184, 0.968019425868988),
            ["LeftFoot"] = CFrame.new(6.51925802230835e-09, 0, 3.725290298461914e-09, 0.9943236112594604, -0.10603710263967514, 0.008763670921325684, 0.1063494011759758, 0.987978994846344, -0.1121935322880745, 0.003238410223275423, 0.11248858273029327, 0.9936478137969971),
            ["RightHand"] = CFrame.new(-1.2665987014770508e-07, 0, 0, 0.9767802357673645, 0.11709167063236237, 0.17941592633724213, -0.10180044174194336, 0.9905215501785278, -0.09221647679805756, -0.18851305544376373, 0.07181062549352646, 0.9794417023658752),
            ["HumanoidRootPart"] = CFrame.new(0, 0, 0, 1, 0, 0, 0, 1, 0, 0, 0, 1),
            ["RightLowerLeg"] = CFrame.new(3.166496753692627e-08, -0.00012230873107910156, -0.0000774172876845114, 1, -4.284084909045305e-08, -1.7695125364980413e-08, 3.352760913344355e-08, 0.9608266353607178, 0.27715015411376953, -1.6763804566721774e-08, -0.27715033292770386, 0.9608266353607178),
            ["RightFoot"] = CFrame.new(1.2386590242385864e-07, 2.384185791015625e-07, -2.029992174357176e-09, 0.9972261786460876, 0.07343770563602448, -0.012123438529670238, -0.07415518909692764, 0.9942801594734192, -0.07686412334442139, 0.006409318186342716, 0.07754998654127121, 0.9969679117202759),
            ["LeftLowerLeg"] = CFrame.new(-1.3597309589385986e-07, 0.00012236833572387695, 0.00007743388414382935, 1, 1.3038519597330378e-08, 4.656611984898973e-09, -1.1175869119028903e-08, 0.9815325140953064, 0.19129548966884613, 4.656612428988183e-09, -0.19129551947116852, 0.9815325140953064),
            ["RightUpperArm"] = CFrame.new(0, -1.1920928955078125e-07, 4.831235855817795e-09, 0.9120006561279297, 0.019649768248200417, 0.40971800684928894, -0.06974057853221893, 0.9917371869087219, 0.10767418891191483, -0.4042167663574219, -0.1267728954553604, 0.9058352112770081),
            ["Head"] = CFrame.new(-1.6995382878803866e-10, -2.384185791015625e-07, 2.5077042664634064e-09, 0.9999996423721313, 0.0007497339975088835, -0.00035594464861787856, -0.0007568029686808586, 0.9997939467430115, -0.020289208739995956, 0.0003406597243156284, 0.02028956450521946, 0.9997941851615906),
            ["UpperTorso"] = CFrame.new(1.1350493878126144e-09, -2.682209014892578e-07, 8.68749339133501e-09, 0.9996744394302368, -0.001439106883481145, 0.025475136935710907, 0.0026673292741179466, 0.9988320469856262, -0.04824452847242355, -0.02537594921886921, 0.048296764492988586, 0.9985107183456421),
            ["LeftUpperArm"] = CFrame.new(5.960464477539063e-08, -1.1920928955078125e-07, 3.725290298461914e-09, 0.839976966381073, -0.0005688496748916805, -0.542621910572052, 0.07043156772851944, 0.9916542172431946, 0.10798825323581696, 0.538031816482544, -0.12892533838748932, 0.8330066800117493),
            ["RightLowerArm"] = CFrame.new(1.1920928955078125e-07, -1.7881393432617188e-07, 1.4901161193847656e-08, 1, -2.60770320892334e-08, -5.587934559514451e-09, 2.0489094865183688e-08, 0.9645044803619385, -0.264066606760025, -9.778886145284105e-09, 0.2640666663646698, 0.9645044207572937),
            ["LeftHand"] = CFrame.new(0, 5.960464477539063e-08, 2.9802322387695312e-08, 0.9858101606369019, -0.10722875595092773, -0.1291522979736328, 0.09705254435539246, 0.9918392300605774, -0.08267959207296371, 0.13696391880512238, 0.06897185742855072, 0.9881719946861267),
            ["cam"] = CFrame.new(7.910998344421387, 0.053926944732666016, 4.567417621612549, 0.4999999701976776, 0, 0.866025447845459, 0, 1, 0, -0.866025447845459, 0, 0.4999999701976776),
            ["LowerTorso"] = CFrame.new(0, -0.021318912506103516, 0, 0.9996677041053772, 0.00674122991040349, -0.024884728714823723, -0.00577382929623127, 0.9992324709892273, 0.0387444905936718, 0.02512681484222412, -0.03858792781829834, 0.9989393353462219),
            ["RightUpperLeg"] = CFrame.new(5.960464477539063e-08, -1.0954681783914566e-07, 2.3450411390513182e-08, 0.984113872051239, -0.10877618938684464, -0.14031288027763367, 0.07290378212928772, 0.9682120680809021, -0.23927094042301178, 0.16187962889671326, 0.22524043917655945, 0.9607610702514648),
            ["LeftUpperLeg"] = CFrame.new(-5.960464477539063e-08, -7.275957614183426e-08, 1.7695128917694092e-08, 0.9723501205444336, 0.11433334648609161, 0.20362484455108643, -0.09218047559261322, 0.9890598058700562, -0.1151667907834053, -0.21456457674503326, 0.09321220964193344, 0.9722518920898438)
        }},
        [2] = {Time = 0.042, Data = {
            ["LeftLowerArm"] = CFrame.new(1.1920928955078125e-07, -5.960464477539063e-08, -5.960464477539063e-08, 1, -2.2351741790771484e-08, -2.3283067918100642e-08, 2.1187588572502136e-08, 0.968019425868988, -0.2508752942085266, 9.778887033462524e-09, 0.25087523460388184, 0.968019425868988),
            ["LeftFoot"] = CFrame.new(6.51925802230835e-09, 0, 3.725290298461914e-09, 0.9943236112594604, -0.10603710263967514, 0.008763670921325684, 0.1063494011759758, 0.987978994846344, -0.1121935322880745, 0.003238410223275423, 0.11248858273029327, 0.9936478137969971),
            ["RightHand"] = CFrame.new(-1.2665987014770508e-07, 0, 0, 0.9767802357673645, 0.11709167063236237, 0.17941592633724213, -0.10180044174194336, 0.9905215501785278, -0.09221647679805756, -0.18851305544376373, 0.07181062549352646, 0.9794417023658752),
            ["HumanoidRootPart"] = CFrame.new(0, 0, 0, 1, 0, 0, 0, 1, 0, 0, 0, 1),
            ["RightLowerLeg"] = CFrame.new(3.166496753692627e-08, -0.00012230873107910156, -0.0000774172876845114, 1, -4.284084909045305e-08, -1.7695125364980413e-08, 3.352760913344355e-08, 0.9608266353607178, 0.27715015411376953, -1.6763804566721774e-08, -0.27715033292770386, 0.9608266353607178),
            ["RightFoot"] = CFrame.new(1.2386590242385864e-07, 2.384185791015625e-07, -2.029992174357176e-09, 0.9972261786460876, 0.07343770563602448, -0.012123438529670238, -0.07415518909692764, 0.9942801594734192, -0.07686412334442139, 0.006409318186342716, 0.07754998654127121, 0.9969679117202759),
            ["LeftLowerLeg"] = CFrame.new(-1.3597309589385986e-07, 0.00012236833572387695, 0.00007743388414382935, 1, 1.3038519597330378e-08, 4.656611984898973e-09, -1.1175869119028903e-08, 0.9815325140953064, 0.19129548966884613, 4.656612428988183e-09, -0.19129551947116852, 0.9815325140953064),
            ["RightUpperArm"] = CFrame.new(0, -1.1920928955078125e-07, 4.831235855817795e-09, 0.9120006561279297, 0.019649768248200417, 0.40971800684928894, -0.06974057853221893, 0.9917371869087219, 0.10767418891191483, -0.4042167663574219, -0.1267728954553604, 0.9058352112770081),
            ["Head"] = CFrame.new(-1.6995382878803866e-10, -2.384185791015625e-07, 2.5077042664634064e-09, 0.9999996423721313, 0.0007497339975088835, -0.00035594464861787856, -0.0007568029686808586, 0.9997939467430115, -0.020289208739995956, 0.0003406597243156284, 0.02028956450521946, 0.9997941851615906),
            ["UpperTorso"] = CFrame.new(1.1350493878126144e-09, -2.682209014892578e-07, 8.68749339133501e-09, 0.9996744394302368, -0.001439106883481145, 0.025475136935710907, 0.0026673292741179466, 0.9988320469856262, -0.04824452847242355, -0.02537594921886921, 0.048296764492988586, 0.9985107183456421),
            ["LeftUpperArm"] = CFrame.new(5.960464477539063e-08, -1.1920928955078125e-07, 3.725290298461914e-09, 0.839976966381073, -0.0005688496748916805, -0.542621910572052, 0.07043156772851944, 0.9916542172431946, 0.10798825323581696, 0.538031816482544, -0.12892533838748932, 0.8330066800117493),
            ["RightLowerArm"] = CFrame.new(1.1920928955078125e-07, -1.7881393432617188e-07, 1.4901161193847656e-08, 1, -2.60770320892334e-08, -5.587934559514451e-09, 2.0489094865183688e-08, 0.9645044803619385, -0.264066606760025, -9.778886145284105e-09, 0.2640666663646698, 0.9645044207572937),
            ["LeftHand"] = CFrame.new(0, 5.960464477539063e-08, 2.9802322387695312e-08, 0.9858101606369019, -0.10722875595092773, -0.1291522979736328, 0.09705254435539246, 0.9918392300605774, -0.08267959207296371, 0.13696391880512238, 0.06897185742855072, 0.9881719946861267),
            ["cam"] = CFrame.new(8.58393669128418, 0.053926944732666016, 3.1242973804473877, 0.34202003479003906, 0, 0.9396926760673523, 0, 1, 0, -0.9396926760673523, 0, 0.34202003479003906),
            ["LowerTorso"] = CFrame.new(0, -0.021318912506103516, 0, 0.9996677041053772, 0.00674122991040349, -0.024884728714823723, -0.00577382929623127, 0.9992324709892273, 0.0387444905936718, 0.02512681484222412, -0.03858792781829834, 0.9989393353462219),
            ["RightUpperLeg"] = CFrame.new(5.960464477539063e-08, -1.0954681783914566e-07, 2.3450411390513182e-08, 0.984113872051239, -0.10877618938684464, -0.14031288027763367, 0.07290378212928772, 0.9682120680809021, -0.23927094042301178, 0.16187962889671326, 0.22524043917655945, 0.9607610702514648),
            ["LeftUpperLeg"] = CFrame.new(-5.960464477539063e-08, -7.275957614183426e-08, 1.7695128917694092e-08, 0.9723501205444336, 0.11433334648609161, 0.20362484455108643, -0.09218047559261322, 0.9890598058700562, -0.1151667907834053, -0.21456457674503326, 0.09321220964193344, 0.9722518920898438)
        }},
        [3] = {Time = 0.083, Data = {
            ["LeftLowerArm"] = CFrame.new(1.1920928955078125e-07, -5.960464477539063e-08, -5.960464477539063e-08, 1, -2.2351741790771484e-08, -2.3283067918100642e-08, 2.1187588572502136e-08, 0.968019425868988, -0.2508752942085266, 9.778887033462524e-09, 0.25087523460388184, 0.968019425868988),
            ["LeftFoot"] = CFrame.new(6.51925802230835e-09, 0, 3.725290298461914e-09, 0.9943236112594604, -0.10603710263967514, 0.008763670921325684, 0.1063494011759758, 0.987978994846344, -0.1121935322880745, 0.003238410223275423, 0.11248858273029327, 0.9936478137969971),
            ["RightHand"] = CFrame.new(-1.2665987014770508e-07, 0, 0, 0.9767802357673645, 0.11709167063236237, 0.17941592633724213, -0.10180044174194336, 0.9905215501785278, -0.09221647679805756, -0.18851305544376373, 0.07181062549352646, 0.9794417023658752),
            ["HumanoidRootPart"] = CFrame.new(0, 0, 0, 1, 0, 0, 0, 1, 0, 0, 0, 1),
            ["RightLowerLeg"] = CFrame.new(3.166496753692627e-08, -0.00012230873107910156, -0.0000774172876845114, 1, -4.284084909045305e-08, -1.7695125364980413e-08, 3.352760913344355e-08, 0.9608266353607178, 0.27715015411376953, -1.6763804566721774e-08, -0.27715033292770386, 0.9608266353607178),
            ["RightFoot"] = CFrame.new(1.2386590242385864e-07, 2.384185791015625e-07, -2.029992174357176e-09, 0.9972261786460876, 0.07343770563602448, -0.012123438529670238, -0.07415518909692764, 0.9942801594734192, -0.07686412334442139, 0.006409318186342716, 0.07754998654127121, 0.9969679117202759),
            ["LeftLowerLeg"] = CFrame.new(-1.3597309589385986e-07, 0.00012236833572387695, 0.00007743388414382935, 1, 1.3038519597330378e-08, 4.656611984898973e-09, -1.1175869119028903e-08, 0.9815325140953064, 0.19129548966884613, 4.656612428988183e-09, -0.19129551947116852, 0.9815325140953064),
            ["RightUpperArm"] = CFrame.new(0, -1.1920928955078125e-07, 4.831235855817795e-09, 0.9120006561279297, 0.019649768248200417, 0.40971800684928894, -0.06974057853221893, 0.9917371869087219, 0.10767418891191483, -0.4042167663574219, -0.1267728954553604, 0.9058352112770081),
            ["Head"] = CFrame.new(-1.6995382878803866e-10, -2.384185791015625e-07, 2.5077042664634064e-09, 0.9999996423721313, 0.0007497339975088835, -0.00035594464861787856, -0.0007568029686808586, 0.9997939467430115, -0.020289208739995956, 0.0003406597243156284, 0.02028956450521946, 0.9997941851615906),
            ["UpperTorso"] = CFrame.new(1.1350493878126144e-09, -2.682209014892578e-07, 8.68749339133501e-09, 0.9996744394302368, -0.001439106883481145, 0.025475136935710907, 0.0026673292741179466, 0.9988320469856262, -0.04824452847242355, -0.02537594921886921, 0.048296764492988586, 0.9985107183456421),
            ["LeftUpperArm"] = CFrame.new(5.960464477539063e-08, -1.1920928955078125e-07, 3.725290298461914e-09, 0.839976966381073, -0.0005688496748916805, -0.542621910572052, 0.07043156772851944, 0.9916542172431946, 0.10798825323581696, 0.538031816482544, -0.12892533838748932, 0.8330066800117493),
            ["RightLowerArm"] = CFrame.new(1.1920928955078125e-07, -1.7881393432617188e-07, 1.4901161193847656e-08, 1, -2.60770320892334e-08, -5.587934559514451e-09, 2.0489094865183688e-08, 0.9645044803619385, -0.264066606760025, -9.778886145284105e-09, 0.2640666663646698, 0.9645044207572937),
            ["LeftHand"] = CFrame.new(0, 5.960464477539063e-08, 2.9802322387695312e-08, 0.9858101606369019, -0.10722875595092773, -0.1291522979736328, 0.09705254435539246, 0.9918392300605774, -0.08267959207296371, 0.13696391880512238, 0.06897185742855072, 0.9881719946861267),
            ["cam"] = CFrame.new(8.996055603027344, 0.053926944732666016, 1.5862476825714111, 0.17364811897277832, 0, 0.9848078489303589, 0, 1, 0, -0.9848078489303589, 0, 0.17364811897277832),
            ["LowerTorso"] = CFrame.new(0, -0.021318912506103516, 0, 0.9996677041053772, 0.00674122991040349, -0.024884728714823723, -0.00577382929623127, 0.9992324709892273, 0.0387444905936718, 0.02512681484222412, -0.03858792781829834, 0.9989393353462219),
            ["RightUpperLeg"] = CFrame.new(5.960464477539063e-08, -1.0954681783914566e-07, 2.3450411390513182e-08, 0.984113872051239, -0.10877618938684464, -0.14031288027763367, 0.07290378212928772, 0.9682120680809021, -0.23927094042301178, 0.16187962889671326, 0.22524043917655945, 0.9607610702514648),
            ["LeftUpperLeg"] = CFrame.new(-5.960464477539063e-08, -7.275957614183426e-08, 1.7695128917694092e-08, 0.9723501205444336, 0.11433334648609161, 0.20362484455108643, -0.09218047559261322, 0.9890598058700562, -0.1151667907834053, -0.21456457674503326, 0.09321220964193344, 0.9722518920898438)
        }},
        [4] = {Time = 0.125, Data = {
            ["LeftLowerArm"] = CFrame.new(1.1920928955078125e-07, -5.960464477539063e-08, -5.960464477539063e-08, 1, -2.2351741790771484e-08, -2.3283067918100642e-08, 2.1187588572502136e-08, 0.968019425868988, -0.2508752942085266, 9.778887033462524e-09, 0.25087523460388184, 0.968019425868988),
            ["LeftFoot"] = CFrame.new(6.51925802230835e-09, 0, 3.725290298461914e-09, 0.9943236112594604, -0.10603710263967514, 0.008763670921325684, 0.1063494011759758, 0.987978994846344, -0.1121935322880745, 0.003238410223275423, 0.11248858273029327, 0.9936478137969971),
            ["RightHand"] = CFrame.new(-1.2665987014770508e-07, 0, 0, 0.9767802357673645, 0.11709167063236237, 0.17941592633724213, -0.10180044174194336, 0.9905215501785278, -0.09221647679805756, -0.18851305544376373, 0.07181062549352646, 0.9794417023658752),
            ["HumanoidRootPart"] = CFrame.new(0, 0, 0, 1, 0, 0, 0, 1, 0, 0, 0, 1),
            ["RightLowerLeg"] = CFrame.new(3.166496753692627e-08, -0.00012230873107910156, -0.0000774172876845114, 1, -4.284084909045305e-08, -1.7695125364980413e-08, 3.352760913344355e-08, 0.9608266353607178, 0.27715015411376953, -1.6763804566721774e-08, -0.27715033292770386, 0.9608266353607178),
            ["RightFoot"] = CFrame.new(1.2386590242385864e-07, 2.384185791015625e-07, -2.029992174357176e-09, 0.9972261786460876, 0.07343770563602448, -0.012123438529670238, -0.07415518909692764, 0.9942801594734192, -0.07686412334442139, 0.006409318186342716, 0.07754998654127121, 0.9969679117202759),
            ["LeftLowerLeg"] = CFrame.new(-1.3597309589385986e-07, 0.00012236833572387695, 0.00007743388414382935, 1, 1.3038519597330378e-08, 4.656611984898973e-09, -1.1175869119028903e-08, 0.9815325140953064, 0.19129548966884613, 4.656612428988183e-09, -0.19129551947116852, 0.9815325140953064),
            ["RightUpperArm"] = CFrame.new(0, -1.1920928955078125e-07, 4.831235855817795e-09, 0.9120006561279297, 0.019649768248200417, 0.40971800684928894, -0.06974057853221893, 0.9917371869087219, 0.10767418891191483, -0.4042167663574219, -0.1267728954553604, 0.9058352112770081),
            ["Head"] = CFrame.new(-1.6995382878803866e-10, -2.384185791015625e-07, 2.5077042664634064e-09, 0.9999996423721313, 0.0007497339975088835, -0.00035594464861787856, -0.0007568029686808586, 0.9997939467430115, -0.020289208739995956, 0.0003406597243156284, 0.02028956450521946, 0.9997941851615906),
            ["UpperTorso"] = CFrame.new(1.1350493878126144e-09, -2.682209014892578e-07, 8.68749339133501e-09, 0.9996744394302368, -0.001439106883481145, 0.025475136935710907, 0.0026673292741179466, 0.9988320469856262, -0.04824452847242355, -0.02537594921886921, 0.048296764492988586, 0.9985107183456421),
            ["LeftUpperArm"] = CFrame.new(5.960464477539063e-08, -1.1920928955078125e-07, 3.725290298461914e-09, 0.839976966381073, -0.0005688496748916805, -0.542621910572052, 0.07043156772851944, 0.9916542172431946, 0.10798825323581696, 0.538031816482544, -0.12892533838748932, 0.8330066800117493),
            ["RightLowerArm"] = CFrame.new(1.1920928955078125e-07, -1.7881393432617188e-07, 1.4901161193847656e-08, 1, -2.60770320892334e-08, -5.587934559514451e-09, 2.0489094865183688e-08, 0.9645044803619385, -0.264066606760025, -9.778886145284105e-09, 0.2640666663646698, 0.9645044207572937),
            ["LeftHand"] = CFrame.new(0, 5.960464477539063e-08, 2.9802322387695312e-08, 0.9858101606369019, -0.10722875595092773, -0.1291522979736328, 0.09705254435539246, 0.9918392300605774, -0.08267959207296371, 0.13696391880512238, 0.06897185742855072, 0.9881719946861267),
            ["cam"] = CFrame.new(9.134834289550781, 0.053926944732666016, -4.169925489350135e-07, -1.6490483289999247e-07, 0, 1, 0, 1, 0, -1, 0, -1.6490483289999247e-07),
            ["LowerTorso"] = CFrame.new(0, -0.021318912506103516, 0, 0.9996677041053772, 0.00674122991040349, -0.024884728714823723, -0.00577382929623127, 0.9992324709892273, 0.0387444905936718, 0.02512681484222412, -0.03858792781829834, 0.9989393353462219),
            ["RightUpperLeg"] = CFrame.new(5.960464477539063e-08, -1.0954681783914566e-07, 2.3450411390513182e-08, 0.984113872051239, -0.10877618938684464, -0.14031288027763367, 0.07290378212928772, 0.9682120680809021, -0.23927094042301178, 0.16187962889671326, 0.22524043917655945, 0.9607610702514648),
            ["LeftUpperLeg"] = CFrame.new(-5.960464477539063e-08, -7.275957614183426e-08, 1.7695128917694092e-08, 0.9723501205444336, 0.11433334648609161, 0.20362484455108643, -0.09218047559261322, 0.9890598058700562, -0.1151667907834053, -0.21456457674503326, 0.09321220964193344, 0.9722518920898438)
        }},
        [5] = {Time = 0.167, Data = {
            ["LeftLowerArm"] = CFrame.new(1.1920928955078125e-07, -5.960464477539063e-08, -5.960464477539063e-08, 1, -2.2351741790771484e-08, -2.3283067918100642e-08, 2.1187588572502136e-08, 0.968019425868988, -0.2508752942085266, 9.778887033462524e-09, 0.25087523460388184, 0.968019425868988),
            ["LeftFoot"] = CFrame.new(6.51925802230835e-09, 0, 3.725290298461914e-09, 0.9943236112594604, -0.10603710263967514, 0.008763670921325684, 0.1063494011759758, 0.987978994846344, -0.1121935322880745, 0.003238410223275423, 0.11248858273029327, 0.9936478137969971),
            ["RightHand"] = CFrame.new(-1.2665987014770508e-07, 0, 0, 0.9767802357673645, 0.11709167063236237, 0.17941592633724213, -0.10180044174194336, 0.9905215501785278, -0.09221647679805756, -0.18851305544376373, 0.07181062549352646, 0.9794417023658752),
            ["HumanoidRootPart"] = CFrame.new(0, 0, 0, 1, 0, 0, 0, 1, 0, 0, 0, 1),
            ["RightLowerLeg"] = CFrame.new(3.166496753692627e-08, -0.00012230873107910156, -0.0000774172876845114, 1, -4.284084909045305e-08, -1.7695125364980413e-08, 3.352760913344355e-08, 0.9608266353607178, 0.27715015411376953, -1.6763804566721774e-08, -0.27715033292770386, 0.9608266353607178),
            ["RightFoot"] = CFrame.new(1.2386590242385864e-07, 2.384185791015625e-07, -2.029992174357176e-09, 0.9972261786460876, 0.07343770563602448, -0.012123438529670238, -0.07415518909692764, 0.9942801594734192, -0.07686412334442139, 0.006409318186342716, 0.07754998654127121, 0.9969679117202759),
            ["LeftLowerLeg"] = CFrame.new(-1.3597309589385986e-07, 0.00012236833572387695, 0.00007743388414382935, 1, 1.3038519597330378e-08, 4.656611984898973e-09, -1.1175869119028903e-08, 0.9815325140953064, 0.19129548966884613, 4.656612428988183e-09, -0.19129551947116852, 0.9815325140953064),
            ["RightUpperArm"] = CFrame.new(0, -1.1920928955078125e-07, 4.831235855817795e-09, 0.9120006561279297, 0.019649768248200417, 0.40971800684928894, -0.06974057853221893, 0.9917371869087219, 0.10767418891191483, -0.4042167663574219, -0.1267728954553604, 0.9058352112770081),
            ["Head"] = CFrame.new(-1.6995382878803866e-10, -2.384185791015625e-07, 2.5077042664634064e-09, 0.9999996423721313, 0.0007497339975088835, -0.00035594464861787856, -0.0007568029686808586, 0.9997939467430115, -0.020289208739995956, 0.0003406597243156284, 0.02028956450521946, 0.9997941851615906),
            ["UpperTorso"] = CFrame.new(1.1350493878126144e-09, -2.682209014892578e-07, 8.68749339133501e-09, 0.9996744394302368, -0.001439106883481145, 0.025475136935710907, 0.0026673292741179466, 0.9988320469856262, -0.04824452847242355, -0.02537594921886921, 0.048296764492988586, 0.9985107183456421),
            ["LeftUpperArm"] = CFrame.new(5.960464477539063e-08, -1.1920928955078125e-07, 3.725290298461914e-09, 0.839976966381073, -0.0005688496748916805, -0.542621910572052, 0.07043156772851944, 0.9916542172431946, 0.10798825323581696, 0.538031816482544, -0.12892533838748932, 0.8330066800117493),
            ["RightLowerArm"] = CFrame.new(1.1920928955078125e-07, -1.7881393432617188e-07, 1.4901161193847656e-08, 1, -2.60770320892334e-08, -5.587934559514451e-09, 2.0489094865183688e-08, 0.9645044803619385, -0.264066606760025, -9.778886145284105e-09, 0.2640666663646698, 0.9645044207572937),
            ["LeftHand"] = CFrame.new(0, 5.960464477539063e-08, 2.9802322387695312e-08, 0.9858101606369019, -0.10722875595092773, -0.1291522979736328, 0.09705254435539246, 0.9918392300605774, -0.08267959207296371, 0.13696391880512238, 0.06897185742855072, 0.9881719946861267),
            ["cam"] = CFrame.new(9.041854858398438, 0.053926944732666016, -1.3000224828720093, -0.14231495559215546, 0, 0.9898214340209961, 0, 1, 0, -0.9898214340209961, 0, -0.14231495559215546),
            ["LowerTorso"] = CFrame.new(0, -0.021318912506103516, 0, 0.9996677041053772, 0.00674122991040349, -0.024884728714823723, -0.00577382929623127, 0.9992324709892273, 0.0387444905936718, 0.02512681484222412, -0.03858792781829834, 0.9989393353462219),
            ["RightUpperLeg"] = CFrame.new(5.960464477539063e-08, -1.0954681783914566e-07, 2.3450411390513182e-08, 0.984113872051239, -0.10877618938684464, -0.14031288027763367, 0.07290378212928772, 0.9682120680809021, -0.23927094042301178, 0.16187962889671326, 0.22524043917655945, 0.9607610702514648),
            ["LeftUpperLeg"] = CFrame.new(-5.960464477539063e-08, -7.275957614183426e-08, 1.7695128917694092e-08, 0.9723501205444336, 0.11433334648609161, 0.20362484455108643, -0.09218047559261322, 0.9890598058700562, -0.1151667907834053, -0.21456457674503326, 0.09321220964193344, 0.9722518920898438)
        }},
        [6] = {Time = 0.208, Data = {
            ["LeftLowerArm"] = CFrame.new(1.1920928955078125e-07, -5.960464477539063e-08, -5.960464477539063e-08, 1, -2.2351741790771484e-08, -2.3283067918100642e-08, 2.1187588572502136e-08, 0.968019425868988, -0.2508752942085266, 9.778887033462524e-09, 0.25087523460388184, 0.968019425868988),
            ["LeftFoot"] = CFrame.new(6.51925802230835e-09, 0, 3.725290298461914e-09, 0.9943236112594604, -0.10603710263967514, 0.008763670921325684, 0.1063494011759758, 0.987978994846344, -0.1121935322880745, 0.003238410223275423, 0.11248858273029327, 0.9936478137969971),
            ["RightHand"] = CFrame.new(-1.2665987014770508e-07, 0, 0, 0.9767802357673645, 0.11709167063236237, 0.17941592633724213, -0.10180044174194336, 0.9905215501785278, -0.09221647679805756, -0.18851305544376373, 0.07181062549352646, 0.9794417023658752),
            ["HumanoidRootPart"] = CFrame.new(0, 0, 0, 1, 0, 0, 0, 1, 0, 0, 0, 1),
            ["RightLowerLeg"] = CFrame.new(3.166496753692627e-08, -0.00012230873107910156, -0.0000774172876845114, 1, -4.284084909045305e-08, -1.7695125364980413e-08, 3.352760913344355e-08, 0.9608266353607178, 0.27715015411376953, -1.6763804566721774e-08, -0.27715033292770386, 0.9608266353607178),
            ["RightFoot"] = CFrame.new(1.2386590242385864e-07, 2.384185791015625e-07, -2.029992174357176e-09, 0.9972261786460876, 0.07343770563602448, -0.012123438529670238, -0.07415518909692764, 0.9942801594734192, -0.07686412334442139, 0.006409318186342716, 0.07754998654127121, 0.9969679117202759),
            ["LeftLowerLeg"] = CFrame.new(-1.3597309589385986e-07, 0.00012236833572387695, 0.00007743388414382935, 1, 1.3038519597330378e-08, 4.656611984898973e-09, -1.1175869119028903e-08, 0.9815325140953064, 0.19129548966884613, 4.656612428988183e-09, -0.19129551947116852, 0.9815325140953064),
            ["RightUpperArm"] = CFrame.new(0, -1.1920928955078125e-07, 4.831235855817795e-09, 0.9120006561279297, 0.019649768248200417, 0.40971800684928894, -0.06974057853221893, 0.9917371869087219, 0.10767418891191483, -0.4042167663574219, -0.1267728954553604, 0.9058352112770081),
            ["Head"] = CFrame.new(-1.6995382878803866e-10, -2.384185791015625e-07, 2.5077042664634064e-09, 0.9999996423721313, 0.0007497339975088835, -0.00035594464861787856, -0.0007568029686808586, 0.9997939467430115, -0.020289208739995956, 0.0003406597243156284, 0.02028956450521946, 0.9997941851615906),
            ["UpperTorso"] = CFrame.new(1.1350493878126144e-09, -2.682209014892578e-07, 8.68749339133501e-09, 0.9996744394302368, -0.001439106883481145, 0.025475136935710907, 0.0026673292741179466, 0.9988320469856262, -0.04824452847242355, -0.02537594921886921, 0.048296764492988586, 0.9985107183456421),
            ["LeftUpperArm"] = CFrame.new(5.960464477539063e-08, -1.1920928955078125e-07, 3.725290298461914e-09, 0.839976966381073, -0.0005688496748916805, -0.542621910572052, 0.07043156772851944, 0.9916542172431946, 0.10798825323581696, 0.538031816482544, -0.12892533838748932, 0.8330066800117493),
            ["RightLowerArm"] = CFrame.new(1.1920928955078125e-07, -1.7881393432617188e-07, 1.4901161193847656e-08, 1, -2.60770320892334e-08, -5.587934559514451e-09, 2.0489094865183688e-08, 0.9645044803619385, -0.264066606760025, -9.778886145284105e-09, 0.2640666663646698, 0.9645044207572937),
            ["LeftHand"] = CFrame.new(0, 5.960464477539063e-08, 2.9802322387695312e-08, 0.9858101606369019, -0.10722875595092773, -0.1291522979736328, 0.09705254435539246, 0.9918392300605774, -0.08267959207296371, 0.13696391880512238, 0.06897185742855072, 0.9881719946861267),
            ["cam"] = CFrame.new(8.764808654785156, 0.053926944732666016, -2.573580741882324, -0.2817327380180359, 0, 0.9594929218292236, 0, 1, 0, -0.9594929218292236, 0, -0.2817327380180359),
            ["LowerTorso"] = CFrame.new(0, -0.021318912506103516, 0, 0.9996677041053772, 0.00674122991040349, -0.024884728714823723, -0.00577382929623127, 0.9992324709892273, 0.0387444905936718, 0.02512681484222412, -0.03858792781829834, 0.9989393353462219),
            ["RightUpperLeg"] = CFrame.new(5.960464477539063e-08, -1.0954681783914566e-07, 2.3450411390513182e-08, 0.984113872051239, -0.10877618938684464, -0.14031288027763367, 0.07290378212928772, 0.9682120680809021, -0.23927094042301178, 0.16187962889671326, 0.22524043917655945, 0.9607610702514648),
            ["LeftUpperLeg"] = CFrame.new(-5.960464477539063e-08, -7.275957614183426e-08, 1.7695128917694092e-08, 0.9723501205444336, 0.11433334648609161, 0.20362484455108643, -0.09218047559261322, 0.9890598058700562, -0.1151667907834053, -0.21456457674503326, 0.09321220964193344, 0.9722518920898438)
        }},
        [7] = {Time = 0.250, Data = {
            ["LeftLowerArm"] = CFrame.new(1.1920928955078125e-07, -5.960464477539063e-08, -5.960464477539063e-08, 1, -2.2351741790771484e-08, -2.3283067918100642e-08, 2.1187588572502136e-08, 0.968019425868988, -0.2508752942085266, 9.778887033462524e-09, 0.25087523460388184, 0.968019425868988),
            ["LeftFoot"] = CFrame.new(6.51925802230835e-09, 0, 3.725290298461914e-09, 0.9943236112594604, -0.10603710263967514, 0.008763670921325684, 0.1063494011759758, 0.987978994846344, -0.1121935322880745, 0.003238410223275423, 0.11248858273029327, 0.9936478137969971),
            ["RightHand"] = CFrame.new(-1.2665987014770508e-07, 0, 0, 0.9767802357673645, 0.11709167063236237, 0.17941592633724213, -0.10180044174194336, 0.9905215501785278, -0.09221647679805756, -0.18851305544376373, 0.07181062549352646, 0.9794417023658752),
            ["HumanoidRootPart"] = CFrame.new(0, 0, 0, 1, 0, 0, 0, 1, 0, 0, 0, 1),
            ["RightLowerLeg"] = CFrame.new(3.166496753692627e-08, -0.00012230873107910156, -0.0000774172876845114, 1, -4.284084909045305e-08, -1.7695125364980413e-08, 3.352760913344355e-08, 0.9608266353607178, 0.27715015411376953, -1.6763804566721774e-08, -0.27715033292770386, 0.9608266353607178),
            ["RightFoot"] = CFrame.new(1.2386590242385864e-07, 2.384185791015625e-07, -2.029992174357176e-09, 0.9972261786460876, 0.07343770563602448, -0.012123438529670238, -0.07415518909692764, 0.9942801594734192, -0.07686412334442139, 0.006409318186342716, 0.07754998654127121, 0.9969679117202759),
            ["LeftLowerLeg"] = CFrame.new(-1.3597309589385986e-07, 0.00012236833572387695, 0.00007743388414382935, 1, 1.3038519597330378e-08, 4.656611984898973e-09, -1.1175869119028903e-08, 0.9815325140953064, 0.19129548966884613, 4.656612428988183e-09, -0.19129551947116852, 0.9815325140953064),
            ["RightUpperArm"] = CFrame.new(0, -1.1920928955078125e-07, 4.831235855817795e-09, 0.9120006561279297, 0.019649768248200417, 0.40971800684928894, -0.06974057853221893, 0.9917371869087219, 0.10767418891191483, -0.4042167663574219, -0.1267728954553604, 0.9058352112770081),
            ["Head"] = CFrame.new(-1.6995382878803866e-10, -2.384185791015625e-07, 2.5077042664634064e-09, 0.9999996423721313, 0.0007497339975088835, -0.00035594464861787856, -0.0007568029686808586, 0.9997939467430115, -0.020289208739995956, 0.0003406597243156284, 0.02028956450521946, 0.9997941851615906),
            ["UpperTorso"] = CFrame.new(1.1350493878126144e-09, -2.682209014892578e-07, 8.68749339133501e-09, 0.9996744394302368, -0.001439106883481145, 0.025475136935710907, 0.0026673292741179466, 0.9988320469856262, -0.04824452847242355, -0.02537594921886921, 0.048296764492988586, 0.9985107183456421),
            ["LeftUpperArm"] = CFrame.new(5.960464477539063e-08, -1.1920928955078125e-07, 3.725290298461914e-09, 0.839976966381073, -0.0005688496748916805, -0.542621910572052, 0.07043156772851944, 0.9916542172431946, 0.10798825323581696, 0.538031816482544, -0.12892533838748932, 0.8330066800117493),
            ["RightLowerArm"] = CFrame.new(1.1920928955078125e-07, -1.7881393432617188e-07, 1.4901161193847656e-08, 1, -2.60770320892334e-08, -5.587934559514451e-09, 2.0489094865183688e-08, 0.9645044803619385, -0.264066606760025, -9.778886145284105e-09, 0.2640666663646698, 0.9645044207572937),
            ["LeftHand"] = CFrame.new(0, 5.960464477539063e-08, 2.9802322387695312e-08, 0.9858101606369019, -0.10722875595092773, -0.1291522979736328, 0.09705254435539246, 0.9918392300605774, -0.08267959207296371, 0.13696391880512238, 0.06897185742855072, 0.9881719946861267),
            ["cam"] = CFrame.new(8.309337615966797, 0.053926944732666016, -3.7947473526000977, -0.4154151976108551, 0, 0.9096320271492004, 0, 1, 0, -0.9096320271492004, 0, -0.4154151976108551),
            ["LowerTorso"] = CFrame.new(0, -0.021318912506103516, 0, 0.9996677041053772, 0.00674122991040349, -0.024884728714823723, -0.00577382929623127, 0.9992324709892273, 0.0387444905936718, 0.02512681484222412, -0.03858792781829834, 0.9989393353462219),
            ["RightUpperLeg"] = CFrame.new(5.960464477539063e-08, -1.0954681783914566e-07, 2.3450411390513182e-08, 0.984113872051239, -0.10877618938684464, -0.14031288027763367, 0.07290378212928772, 0.9682120680809021, -0.23927094042301178, 0.16187962889671326, 0.22524043917655945, 0.9607610702514648),
            ["LeftUpperLeg"] = CFrame.new(-5.960464477539063e-08, -7.275957614183426e-08, 1.7695128917694092e-08, 0.9723501205444336, 0.11433334648609161, 0.20362484455108643, -0.09218047559261322, 0.9890598058700562, -0.1151667907834053, -0.21456457674503326, 0.09321220964193344, 0.9722518920898438)
        }},
        [8] = {Time = 0.292, Data = {
            ["LeftLowerArm"] = CFrame.new(1.1920928955078125e-07, -5.960464477539063e-08, -5.960464477539063e-08, 1, -2.2351741790771484e-08, -2.3283067918100642e-08, 2.1187588572502136e-08, 0.968019425868988, -0.2508752942085266, 9.778887033462524e-09, 0.25087523460388184, 0.968019425868988),
            ["LeftFoot"] = CFrame.new(6.51925802230835e-09, 0, 3.725290298461914e-09, 0.9943236112594604, -0.10603710263967514, 0.008763670921325684, 0.1063494011759758, 0.987978994846344, -0.1121935322880745, 0.003238410223275423, 0.11248858273029327, 0.9936478137969971),
            ["RightHand"] = CFrame.new(-1.2665987014770508e-07, 0, 0, 0.9767802357673645, 0.11709167063236237, 0.17941592633724213, -0.10180044174194336, 0.9905215501785278, -0.09221647679805756, -0.18851305544376373, 0.07181062549352646, 0.9794417023658752),
            ["HumanoidRootPart"] = CFrame.new(0, 0, 0, 1, 0, 0, 0, 1, 0, 0, 0, 1),
            ["RightLowerLeg"] = CFrame.new(3.166496753692627e-08, -0.00012230873107910156, -0.0000774172876845114, 1, -4.284084909045305e-08, -1.7695125364980413e-08, 3.352760913344355e-08, 0.9608266353607178, 0.27715015411376953, -1.6763804566721774e-08, -0.27715033292770386, 0.9608266353607178),
            ["RightFoot"] = CFrame.new(1.2386590242385864e-07, 2.384185791015625e-07, -2.029992174357176e-09, 0.9972261786460876, 0.07343770563602448, -0.012123438529670238, -0.07415518909692764, 0.9942801594734192, -0.07686412334442139, 0.006409318186342716, 0.07754998654127121, 0.9969679117202759),
            ["LeftLowerLeg"] = CFrame.new(-1.3597309589385986e-07, 0.00012236833572387695, 0.00007743388414382935, 1, 1.3038519597330378e-08, 4.656611984898973e-09, -1.1175869119028903e-08, 0.9815325140953064, 0.19129548966884613, 4.656612428988183e-09, -0.19129551947116852, 0.9815325140953064),
            ["RightUpperArm"] = CFrame.new(0, -1.1920928955078125e-07, 4.831235855817795e-09, 0.9120006561279297, 0.019649768248200417, 0.40971800684928894, -0.06974057853221893, 0.9917371869087219, 0.10767418891191483, -0.4042167663574219, -0.1267728954553604, 0.9058352112770081),
            ["Head"] = CFrame.new(-1.6995382878803866e-10, -2.384185791015625e-07, 2.5077042664634064e-09, 0.9999996423721313, 0.0007497339975088835, -0.00035594464861787856, -0.0007568029686808586, 0.9997939467430115, -0.020289208739995956, 0.0003406597243156284, 0.02028956450521946, 0.9997941851615906),
            ["UpperTorso"] = CFrame.new(1.1350493878126144e-09, -2.682209014892578e-07, 8.68749339133501e-09, 0.9996744394302368, -0.001439106883481145, 0.025475136935710907, 0.0026673292741179466, 0.9988320469856262, -0.04824452847242355, -0.02537594921886921, 0.048296764492988586, 0.9985107183456421),
            ["LeftUpperArm"] = CFrame.new(5.960464477539063e-08, -1.1920928955078125e-07, 3.725290298461914e-09, 0.839976966381073, -0.0005688496748916805, -0.542621910572052, 0.07043156772851944, 0.9916542172431946, 0.10798825323581696, 0.538031816482544, -0.12892533838748932, 0.8330066800117493),
            ["RightLowerArm"] = CFrame.new(1.1920928955078125e-07, -1.7881393432617188e-07, 1.4901161193847656e-08, 1, -2.60770320892334e-08, -5.587934559514451e-09, 2.0489094865183688e-08, 0.9645044803619385, -0.264066606760025, -9.778886145284105e-09, 0.2640666663646698, 0.9645044207572937),
            ["LeftHand"] = CFrame.new(0, 5.960464477539063e-08, 2.9802322387695312e-08, 0.9858101606369019, -0.10722875595092773, -0.1291522979736328, 0.09705254435539246, 0.9918392300605774, -0.08267959207296371, 0.13696391880512238, 0.06897185742855072, 0.9881719946861267),
            ["cam"] = CFrame.new(7.684711456298828, 0.053926944732666016, -4.93866491317749, -0.5406409502029419, 0, 0.8412534594535828, 0, 1, 0, -0.8412534594535828, 0, -0.5406409502029419),
            ["LowerTorso"] = CFrame.new(0, -0.021318912506103516, 0, 0.9996677041053772, 0.00674122991040349, -0.024884728714823723, -0.00577382929623127, 0.9992324709892273, 0.0387444905936718, 0.02512681484222412, -0.03858792781829834, 0.9989393353462219),
            ["RightUpperLeg"] = CFrame.new(5.960464477539063e-08, -1.0954681783914566e-07, 2.3450411390513182e-08, 0.984113872051239, -0.10877618938684464, -0.14031288027763367, 0.07290378212928772, 0.9682120680809021, -0.23927094042301178, 0.16187962889671326, 0.22524043917655945, 0.9607610702514648),
            ["LeftUpperLeg"] = CFrame.new(-5.960464477539063e-08, -7.275957614183426e-08, 1.7695128917694092e-08, 0.9723501205444336, 0.11433334648609161, 0.20362484455108643, -0.09218047559261322, 0.9890598058700562, -0.1151667907834053, -0.21456457674503326, 0.09321220964193344, 0.9722518920898438)
        }},
        [9] = {Time = 0.333, Data = {
            ["LeftLowerArm"] = CFrame.new(1.1920928955078125e-07, -5.960464477539063e-08, -5.960464477539063e-08, 1, -2.2351741790771484e-08, -2.3283067918100642e-08, 2.1187588572502136e-08, 0.968019425868988, -0.2508752942085266, 9.778887033462524e-09, 0.25087523460388184, 0.968019425868988),
            ["LeftFoot"] = CFrame.new(6.51925802230835e-09, 0, 3.725290298461914e-09, 0.9943236112594604, -0.10603710263967514, 0.008763670921325684, 0.1063494011759758, 0.987978994846344, -0.1121935322880745, 0.003238410223275423, 0.11248858273029327, 0.9936478137969971),
            ["RightHand"] = CFrame.new(-1.2665987014770508e-07, 0, 0, 0.9767802357673645, 0.11709167063236237, 0.17941592633724213, -0.10180044174194336, 0.9905215501785278, -0.09221647679805756, -0.18851305544376373, 0.07181062549352646, 0.9794417023658752),
            ["HumanoidRootPart"] = CFrame.new(0, 0, 0, 1, 0, 0, 0, 1, 0, 0, 0, 1),
            ["RightLowerLeg"] = CFrame.new(3.166496753692627e-08, -0.00012230873107910156, -0.0000774172876845114, 1, -4.284084909045305e-08, -1.7695125364980413e-08, 3.352760913344355e-08, 0.9608266353607178, 0.27715015411376953, -1.6763804566721774e-08, -0.27715033292770386, 0.9608266353607178),
            ["RightFoot"] = CFrame.new(1.2386590242385864e-07, 2.384185791015625e-07, -2.029992174357176e-09, 0.9972261786460876, 0.07343770563602448, -0.012123438529670238, -0.07415518909692764, 0.9942801594734192, -0.07686412334442139, 0.006409318186342716, 0.07754998654127121, 0.9969679117202759),
            ["LeftLowerLeg"] = CFrame.new(-1.3597309589385986e-07, 0.00012236833572387695, 0.00007743388414382935, 1, 1.3038519597330378e-08, 4.656611984898973e-09, -1.1175869119028903e-08, 0.9815325140953064, 0.19129548966884613, 4.656612428988183e-09, -0.19129551947116852, 0.9815325140953064),
            ["RightUpperArm"] = CFrame.new(0, -1.1920928955078125e-07, 4.831235855817795e-09, 0.9120006561279297, 0.019649768248200417, 0.40971800684928894, -0.06974057853221893, 0.9917371869087219, 0.10767418891191483, -0.4042167663574219, -0.1267728954553604, 0.9058352112770081),
            ["Head"] = CFrame.new(-1.6995382878803866e-10, -2.384185791015625e-07, 2.5077042664634064e-09, 0.9999996423721313, 0.0007497339975088835, -0.00035594464861787856, -0.0007568029686808586, 0.9997939467430115, -0.020289208739995956, 0.0003406597243156284, 0.02028956450521946, 0.9997941851615906),
