return {
    ["Image"] = {
        {Time = 0.000, Data = {
            ["RightFoot"] = CFrame.new(-2.8405338525772095e-08, 2.980232238769531e-07, -7.377457222901285e-08, 0.9973006248474121, 0.03377146273851395, -0.06519992649555206, -0.06844688951969147, 0.7490230202674866, -0.6589987277984619, 0.026580780744552612, 0.6616828441619873, 0.7493128776550293),
            ["LeftLowerArm"] = CFrame.new(-6.854534149169922e-07, -2.980232238769531e-07, -2.9802322387695312e-08, 1, 9.126963362859897e-08, 2.9802315282267955e-08, 3.073363643579796e-07, 1, 2.2351736106429598e-07, 5.215404996761208e-08, 5.364419166653533e-07, 1),
            ["RightUpperArm"] = CFrame.new(0.0011659860610961914, 0.01988542079925537, 0.01366829127073288, 0.6831343173980713, -0.7239025831222534, -0.09639730304479599, 0.7269105911254883, 0.6867099404335022, -0.005534363444894552, 0.07020339369773865, -0.06629148125648499, 0.9953276515007019),
            ["Head"] = CFrame.new(-2.2118911147117615e-09, -1.1920928955078125e-07, -5.3551048040390015e-09, 0.9112887382507324, 0.0018709569703787565, -0.4117636978626251, -0.12205734103918076, 0.9562744498252869, -0.2657840847969055, 0.39326193928718567, 0.29246482253074646, 0.8716705441474915),
            ["RightHand"] = CFrame.new(-6.612390279769897e-08, 5.960464477539063e-08, 1.1175870895385742e-08, 0.8776742815971375, 0.35301247239112854, 0.3241455554962158, -0.32988089323043823, 0.9356124401092529, -0.12572906911373138, -0.3476586639881134, 0.0034201187081635, 0.9376149773597717),
            ["UpperTorso"] = CFrame.new(6.705522537231445e-08, -1.7881393432617188e-07, -8.381903171539307e-09, 0.9606972336769104, -0.1490752249956131, -0.2341737002134323, 0.11674503982067108, 0.9823131561279297, -0.14639520645141602, 0.2518557906150818, 0.11330297589302063, 0.9611093401908875),
            ["HumanoidRootPart"] = CFrame.new(0, 0, 0, 1, 0, 0, 0, 1, 0, 0, 0, 1),
            ["RightUpperLeg"] = CFrame.new(-2.9802322387695312e-08, 8.66129994392395e-08, -4.7839421313256025e-09, 0.951351523399353, -0.29177019000053406, -0.0989970937371254, 0.15040980279445648, 0.7202179431915283, -0.6772468686103821, 0.26889991760253906, 0.6294096112251282, 0.7290653586387634),
            ["LeftUpperArm"] = CFrame.new(-0.028163909912109375, 0.005335688591003418, 0.013019386678934097, 0.6629028916358948, 0.7348074316978455, 0.14358913898468018, -0.7236950993537903, 0.678020179271698, -0.1286631077528, -0.19189880788326263, -0.018623709678649902, 0.9812380075454712),
            ["RightLowerArm"] = CFrame.new(1.1920928955078125e-07, 5.960464477539062e-07, -7.450580596923828e-09, 1, -1.4225960853764263e-07, -1.4901162970204496e-08, -1.4073165743866412e-07, 1, -3.022142038844322e-07, 3.399329528974704e-08, -9.732326589073637e-08, 1),
            ["LeftHand"] = CFrame.new(8.195638656616211e-08, 1.1920928955078125e-07, 8.940696716308594e-08, 0.8692163825035095, -0.22812072932720184, -0.4386616349220276, 0.283718466758728, 0.9567252993583679, 0.06465950608253479, 0.40492814779281616, -0.18065933883190155, 0.8963230848312378),
            ["LeftFoot"] = CFrame.new(1.862645149230957e-09, -1.1920928955078125e-07, 2.2872200133861043e-08, 0.9959997534751892, 0.06670451164245605, 0.05945586413145065, -0.04112743213772774, 0.9329290986061096, -0.3577035963535309, -0.07932866364717484, 0.35382750630378723, 0.9319405555725098),
            ["LowerTorso"] = CFrame.new(-0.06007157266139984, -0.2889355421066284, 0.09536056220531464, 0.9263665080070496, 0.10007431358098984, 0.3630843758583069, -0.15476444363594055, 0.9800448417663574, 0.12474042177200317, -0.343355655670166, -0.17174790799617767, 0.9233686327934265),
            ["RightLowerLeg"] = CFrame.new(-2.9802322387695312e-08, 1.1920928955078125e-07, 7.000198820605874e-08, 1, -3.986060619354248e-07, -6.25848997515277e-07, 7.301571827156295e-07, 0.2527622878551483, 0.9675283432006836, -1.0430816388407038e-07, -0.9675284028053284, 0.2527628242969513),
            ["LeftUpperLeg"] = CFrame.new(0, 1.1175870895385742e-07, 1.4901161193847656e-08, 0.9470970630645752, -0.31456640362739563, -0.0636809915304184, 0.18417467176914215, 0.6951779127120972, -0.6948434710502625, 0.262844055891037, 0.6463555693626404, 0.7163360714912415),
            ["LeftLowerLeg"] = CFrame.new(-1.2293457984924316e-07, 1.1920928955078125e-07, 2.0556407775984553e-07, 1, -3.6507850609268644e-07, -3.9115562344704813e-07, 6.118789315223694e-07, 0.5528700351715088, 0.8332675695419312, 4.0978193283081055e-08, -0.8332675695419312, 0.5528700351715088),
        }},
        {Time = 0.033, Data = {
            ["RightFoot"] = CFrame.new(-1.1175870895385742e-08, 2.980232238769531e-07, 4.3572072172537446e-08, 0.9961320161819458, 0.05144927650690079, -0.07123234122991562, -0.08708121627569199, 0.6863827705383301, -0.7220075130462646, 0.011745762079954147, 0.725418210029602, 0.6882086396217346),
            ["LeftLowerArm"] = CFrame.new(7.748603820800781e-07, -1.7881393432617188e-07, -7.644625506630354e-20, 1, -1.30385160446167e-07, -4.321335609347443e-07, -7.450580596923828e-09, 1, 7.450579175838357e-08, -3.948807716369629e-07, 4.0978193283081055e-07, 1),
            ["RightUpperArm"] = CFrame.new(-0.0020662546157836914, 0.020487308502197266, 0.014781579375267029, 0.5913786888122559, -0.8004953861236572, -0.09735670685768127, 0.8063873648643494, 0.5865563154220581, 0.07543976604938507, -0.003284159116446972, -0.12312105298042297, 0.9923862814903259),
            ["Head"] = CFrame.new(2.3283064365386963e-10, 1.1920928955078125e-07, 5.820766091346741e-10, 0.9009155035018921, -0.009575780481100082, -0.4338887631893158, -0.12223944813013077, 0.9536814093589783, -0.27486246824264526, 0.4164237976074219, 0.30066612362861633, 0.8580159544944763),
            ["RightHand"] = CFrame.new(1.8347054719924927e-07, 5.960464477539063e-08, 7.644625506630354e-20, 0.9509297013282776, 0.2507301867008209, 0.1812925636768341, -0.23697508871555328, 0.9669304490089417, -0.09427933394908905, -0.1989363431930542, 0.04669058322906494, 0.9788996577262878),
            ["UpperTorso"] = CFrame.new(-1.30385160446167e-08, 2.682209014892578e-07, 1.862645149230957e-09, 0.9443213939666748, -0.22046972811222076, -0.24423426389694214, 0.1808197945356369, 0.9678967595100403, -0.1745857149362564, 0.27488431334495544, 0.12070269882678986, 0.9538707733154297),
            ["HumanoidRootPart"] = CFrame.new(0, 0, 0, 1, 0, 0, 0, 1, 0, 0, 0, 1),
            ["RightUpperLeg"] = CFrame.new(-2.9802322387695312e-08, 2.123415470123291e-07, 2.6666384655982256e-09, 0.9280062317848206, -0.37071171402931213, -0.037114132195711136, 0.2270202934741974, 0.6416496634483337, -0.7326302528381348, 0.29540881514549255, 0.6714600920677185, 0.6796141266822815),
            ["LeftUpperArm"] = CFrame.new(-0.03066730499267578, 0.0028306245803833008, 0.013855177909135818, 0.5145053267478943, 0.8412710428237915, 0.16597341001033783, -0.8356916308403015, 0.5353080630302429, -0.12273912131786346, -0.19210344552993774, -0.07555260509252548, 0.9784620404243469),
            ["RightLowerArm"] = CFrame.new(5.364418029785156e-07, 7.152557373046875e-07, -1.862645149230957e-08, 1, 7.799827272947368e-08, 3.1478714390686946e-07, 3.254973819366569e-07, 1, 2.2351750317284313e-07, 3.11061882030117e-07, 3.799796672865341e-07, 1),
            ["LeftHand"] = CFrame.new(-1.4901161193847656e-08, 1.1920928955078125e-07, 2.9802322387695312e-08, 0.8951539993286133, -0.14658671617507935, -0.420964777469635, 0.18650102615356445, 0.9809134602546692, 0.05501170828938484, 0.40486615896224976, -0.1277543306350708, 0.9054073691368103),
            ["LeftFoot"] = CFrame.new(-1.5832483768463135e-08, 5.960464477539063e-08, 1.16963292384753e-08, 0.9956613183021545, 0.06931893527507782, 0.0620761513710022, -0.040836673229932785, 0.924953281879425, -0.37788018584251404, -0.08361177891492844, 0.373706191778183, 0.9237711429595947),
            ["LowerTorso"] = CFrame.new(-0.07179544121026993, -0.3488861322402954, 0.09441893547773361, 0.9064505696296692, 0.15639083087444305, 0.39228740334510803, -0.2211359590291977, 0.9671462178230286, 0.1254081130027771, -0.3597865700721741, -0.20042508840560913, 0.9112537503242493),
            ["RightLowerLeg"] = CFrame.new(-4.0978193283081055e-08, 3.5762786865234375e-07, -7.528433343395591e-08, 1, -1.5273684539351962e-07, -6.891789325891295e-07, 8.828945396999188e-07, 0.09409070760011673, 0.9955636858940125, -3.017487699707999e-07, -0.9955636262893677, 0.09409061074256897),
            ["LeftUpperLeg"] = CFrame.new(2.9802322387695312e-08, 1.30385160446167e-07, -1.4901161193847656e-08, 0.9233852624893188, -0.38295796513557434, -0.026515398174524307, 0.24442775547504425, 0.639811098575592, -0.728626549243927, 0.29599809646606445, 0.6663220524787903, 0.6843979358673096),
            ["LeftLowerLeg"] = CFrame.new(3.5390257835388184e-08, -1.7881393432617188e-07, 1.2360769119368342e-07, 1, -1.2293456563838845e-07, -4.544855869426101e-07, 6.137416335150192e-07, 0.5013108849525452, 0.865267276763916, -1.4901162970204496e-08, -0.8652672171592712, 0.5013107657432556),
        }},
        {Time = 0.067, Data = {
            ["RightFoot"] = CFrame.new(-1.7695128917694092e-08, 2.980232238769531e-07, 3.1464878702536225e-08, 0.9943584203720093, 0.07206445187330246, -0.07783260196447372, -0.10594538599252701, 0.6389102339744568, -0.7619505524635315, -0.005181466694921255, 0.7658985257148743, 0.6429412364959717),
            ["LeftLowerArm"] = CFrame.new(-1.4901161193847656e-07, 5.960464477539063e-08, 5.960464477539063e-08, 1, -8.940698137394065e-08, -5.960463056453591e-08, 8.568167686462402e-08, 1, 3.35276041596444e-07, -4.470348358154297e-08, 5.99771794895787e-07, 1),
            ["RightUpperArm"] = CFrame.new(-0.0038655996322631836, 0.021436095237731934, 0.015286738984286785, 0.49302372336387634, -0.8560190200805664, -0.1554301679134369, 0.8698878288269043, 0.4819554090499878, 0.10495088994503021, -0.014929652214050293, -0.18695037066936493, 0.9822559952735901),
            ["Head"] = CFrame.new(-9.313225746154785e-10, 2.384185791015625e-07, 2.6193447411060333e-09, 0.8925444483757019, -0.015604652464389801, -0.4506891071796417, -0.12005241960287094, 0.955114483833313, -0.2708207070827484, 0.43468591570854187, 0.29582592844963074, 0.8506090044975281),
            ["RightHand"] = CFrame.new(1.9790604710578918e-07, -2.384185791015625e-07, 2.60770320892334e-08, 0.9812985062599182, 0.16903598606586456, 0.0920877605676651, -0.16441163420677185, 0.9848161339759827, -0.05573177710175514, -0.10011037439107895, 0.03954899683594704, 0.9941900372505188),
            ["UpperTorso"] = CFrame.new(5.279434844851494e-08, -1.1920928955078125e-07, 4.598405212163925e-09, 0.9288939833641052, -0.28690585494041443, -0.23418155312538147, 0.24356664717197418, 0.9496073126792908, -0.19728553295135498, 0.27898281812667847, 0.12621863186359406, 0.9519650936126709),
            ["HumanoidRootPart"] = CFrame.new(0, 0, 0, 1, 0, 0, 0, 1, 0, 0, 0, 1),
            ["RightUpperLeg"] = CFrame.new(0, -2.980232238769531e-07, -4.7839421313256025e-09, 0.9019410610198975, -0.43035393953323364, 0.03602629527449608, 0.3043094277381897, 0.5741448402404785, -0.7601009607315063, 0.3064279854297638, 0.6965294480323792, 0.648805558681488),
            ["LeftUpperArm"] = CFrame.new(-0.032004356384277344, 0.0020804405212402344, 0.014202702790498734, 0.371215283870697, 0.9153316020965576, 0.15610042214393616, -0.9145126938819885, 0.389519065618515, -0.10927694290876389, -0.16082864999771118, -0.10219071060419083, 0.981677770614624),
            ["RightLowerArm"] = CFrame.new(-5.960464477539062e-07, 3.5762786865234375e-07, 2.60770320892334e-08, 1, -5.206096034271468e-07, 1.4249241075958707e-07, -2.4447228952340083e-07, 1, 1.0989610643719061e-07, 1.7229476156899182e-07, 3.0919926530259545e-07, 1),
            ["LeftHand"] = CFrame.new(2.2351741790771484e-07, -3.5762786865234375e-07, -5.960464477539063e-08, 0.916678786277771, -0.061977360397577286, -0.3947899341583252, 0.08772080391645432, 0.9950131773948669, 0.04747694730758667, 0.38987839221954346, -0.07815252244472504, 0.9175440073013306),
            ["LeftFoot"] = CFrame.new(-3.4458935260772705e-08, 1.7881393432617188e-07, -3.673244464152958e-08, 0.9953153729438782, 0.07291027158498764, 0.06349452584981918, -0.04270283877849579, 0.9207242727279663, -0.38787010312080383, -0.08674056828022003, 0.38334181904792786, 0.9195244312286377),
            ["LowerTorso"] = CFrame.new(-0.08603822439908981, -0.38879716396331787, 0.09142578393220901, 0.8885932564735413, 0.21155059337615967, 0.40699923038482666, -0.28306835889816284, 0.951094925403595, 0.12365610897541046, -0.36093536019325256, -0.22508856654167175, 0.9050198197364807),
            ["RightLowerLeg"] = CFrame.new(7.450580596923828e-09, 5.960464477539063e-08, 2.9023794922977686e-08, 1, 7.450577044210149e-08, -7.282942533493042e-07, 7.096683134477644e-07, -0.018355917185544968, 0.9998315572738647, -3.7997989466020954e-07, -0.9998315572738647, -0.01835586503148079),
            ["LeftUpperLeg"] = CFrame.new(1.1920928955078125e-07, -2.1606683731079102e-07, 1.4901161193847656e-08, 0.8998903632164001, -0.4359123706817627, 0.013332915492355824, 0.30381476879119873, 0.6046707630157471, -0.7362540364265442, 0.31288012862205505, 0.6665985584259033, 0.6765738725662231),
            ["LeftLowerLeg"] = CFrame.new(-3.725290298461914e-09, -5.960464477539063e-08, -2.563719192494318e-07, 1, -2.272427366278862e-07, -4.4703489265884855e-07, 4.87081820210733e-07, 0.4837833642959595, 0.875187873840332, -1.1175873559921001e-08, -0.8751878142356873, 0.4837833344936371),
        }},
        {Time = 0.100, Data = {
            ["RightFoot"] = CFrame.new(-3.91155481338501e-08, 2.980232238769531e-07, 2.0754669094458222e-08, 0.9917768239974976, 0.0981108695268631, -0.08217677474021912, -0.12515507638454437, 0.6093713045120239, -0.7829444408416748, -0.026739254593849182, 0.7867916226387024, 0.6166399717330933),
            ["LeftLowerArm"] = CFrame.new(-1.1920928955078125e-07, -2.384185791015625e-07, -1.1920928955078125e-07, 1, 1.452863784834335e-07, -1.6391263102377707e-07, 1.601874686230076e-07, 1, -5.960459503739912e-08, -1.1920927533992653e-07, 3.2782565995148616e-07, 1),
            ["RightUpperArm"] = CFrame.new(-0.005395948886871338, 0.022623658180236816, 0.015104595571756363, 0.3311535716056824, -0.9048303365707397, -0.2676178812980652, 0.9311056733131409, 0.3593181073665619, -0.06271261721849442, 0.15290406346321106, -0.22841334342956543, 0.9614821076393127),
            ["Head"] = CFrame.new(1.1641532182693481e-10, 1.1920928955078125e-07, 3.6670826375484467e-09, 0.885604977607727, -0.02335643395781517, -0.46385154128074646, -0.11049913614988327, 0.9594599604606628, -0.2592810392379761, 0.4511029124259949, 0.28087592124938965, 0.8471217155456543),
            ["RightHand"] = CFrame.new(-7.776543498039246e-08, 1.1920928955078125e-07, 3.3527612686157227e-08, 0.9486179351806641, 0.13924920558929443, 0.284136563539505, -0.13914133608341217, 0.9900568127632141, -0.020668691024184227, -0.28418952226638794, -0.01992839388549328, 0.95856112241745),
            ["UpperTorso"] = CFrame.new(4.7031790018081665e-08, -1.7881393432617188e-07, 3.1548552215099335e-08, 0.9161167740821838, -0.34154874086380005, -0.20993947982788086, 0.29785263538360596, 0.9303531050682068, -0.2138390690088272, 0.2683543860912323, 0.13337068259716034, 0.9540431499481201),
            ["HumanoidRootPart"] = CFrame.new(0, 0, 0, 1, 0, 0, 0, 1, 0, 0, 0, 1),
            ["RightUpperLeg"] = CFrame.new(0, -4.284083843231201e-08, 6.227128324098885e-08, 0.8717607259750366, -0.47887492179870605, 0.10349884629249573, 0.3788382112979889, 0.5249172449111938, -0.7621966004371643, 0.31066861748695374, 0.7036623954772949, 0.6390183568000793),
            ["LeftUpperArm"] = CFrame.new(-0.03311419486999512, 0.001846909523010254, 0.013971403241157532, 0.2748546600341797, 0.9523265361785889, 0.13239765167236328, -0.9531373977661133, 0.2879791259765625, -0.09272085875272751, -0.12642818689346313, -0.10070861876010895, 0.9868505001068115),
            ["RightLowerArm"] = CFrame.new(-3.2782554626464844e-07, 2.384185791015625e-07, 5.587935447692871e-09, 1, -1.676382055393333e-08, 1.8998984785412176e-07, 2.3376207991532283e-07, 1, 6.332994928470725e-08, 1.899898904866859e-07, 2.2724289294728806e-07, 1),
            ["LeftHand"] = CFrame.new(2.086162567138672e-07, -5.960464477539063e-08, 8.940696716308594e-08, 0.9212934374809265, -0.07989399880170822, -0.3805729150772095, 0.09941514581441879, 0.9945352077484131, 0.03188122808933258, 0.3759458363056183, -0.0672060176730156, 0.924201250076294),
            ["LeftFoot"] = CFrame.new(2.2351741790771484e-08, -5.960464477539063e-08, 1.914690983539913e-08, 0.9947293400764465, 0.08018280565738678, 0.06390826404094696, -0.04961423575878143, 0.921846866607666, -0.3843655586242676, -0.08973322808742523, 0.3791690468788147, 0.9209663271903992),
            ["LowerTorso"] = CFrame.new(-0.10715360939502716, -0.4036597013473511, 0.085422582924366, 0.8725826740264893, 0.26084235310554504, 0.41299012303352356, -0.336549311876297, 0.9338235855102539, 0.12127750366926193, -0.35402560234069824, -0.24481622874736786, 0.9026244878768921),
            ["RightLowerLeg"] = CFrame.new(0, -5.960464477539063e-08, -2.2057065507397056e-07, 1, 3.352759847530251e-08, -8.712525527698745e-07, 6.33299521268782e-07, -0.07823004573583603, 0.9969354271888733, -2.3841863594498136e-07, -0.9969353079795837, -0.07822994887828827),
            ["LeftUpperLeg"] = CFrame.new(-5.960464477539063e-08, -2.4586915969848633e-07, 2.9802322387695312e-08, 0.8762910962104797, -0.4798840582370758, 0.042720381170511246, 0.3601215183734894, 0.5935242772102356, -0.7197511792182922, 0.3200416564941406, 0.6460961699485779, 0.6929165720939636),
            ["LeftLowerLeg"] = CFrame.new(-4.0978193283081055e-08, -5.960464477539063e-08, -1.0502759550945484e-08, 1, -1.6763806343078613e-07, -5.308539243742416e-07, 5.585609414993087e-07, 0.5068779587745667, 0.8620178699493408, -1.452863784834335e-07, -0.8620178699493408, 0.5068779587745667),
        }},
        {Time = 0.133, Data = {
            ["RightFoot"] = CFrame.new(-9.313225746154785e-10, 2.980232238769531e-07, 2.128217602148652e-09, 0.9896185398101807, 0.11657047271728516, -0.08406273275613785, -0.13818424940109253, 0.6110064387321472, -0.779471755027771, -0.03950059786438942, 0.782995879650116, 0.620771586894989),
            ["LeftLowerArm"] = CFrame.new(-5.662441253662109e-07, 1.1920928955078125e-07, 2.9802322387695312e-08, 1, -2.3469326038139116e-07, -2.533196834519913e-07, 1.3038513202445756e-07, 1, 3.818421703272179e-07, -2.3841852225814364e-07, 6.761401323274185e-07, 1),
            ["RightUpperArm"] = CFrame.new(-0.006408035755157471, 0.023502588272094727, 0.014816924929618835, 0.12858569622039795, -0.9422397017478943, -0.30927327275276184, 0.9358568787574768, 0.21846646070480347, -0.27648571133613586, 0.3280816972255707, -0.2538834512233734, 0.909893274307251),
            ["Head"] = CFrame.new(-9.022187441587448e-10, 0, 1.0855728760361671e-08, 0.8802809715270996, -0.032524097710847855, -0.4733368158340454, -0.09619433432817459, 0.9646928906440735, -0.24518199265003204, 0.46459898352622986, 0.2613614499568939, 0.8460721373558044),
            ["RightHand"] = CFrame.new(1.1175870895385742e-08, 1.7881393432617188e-07, 2.9802322387695312e-08, 0.8156411647796631, 0.09937245398759842, 0.5699602365493774, -0.12415221333503723, 0.9922522306442261, 0.004669556859880686, -0.5650802850723267, -0.07457030564546585, 0.8216590881347656),
            ["UpperTorso"] = CFrame.new(-4.1443854570388794e-08, 8.940696716308594e-08, 3.14321368932724e-08, 0.9087012410163879, -0.3744092583656311, -0.1846075803041458, 0.3325096070766449, 0.9165562391281128, -0.22217592597007751, 0.2523878514766693, 0.140507772564888, 0.9573703408241272),
            ["HumanoidRootPart"] = CFrame.new(0, 0, 0, 1, 0, 0, 0, 1, 0, 0, 0, 1),
            ["RightUpperLeg"] = CFrame.new(-5.960464477539063e-08, 9.872019290924072e-08, 3.246896085329354e-08, 0.8487159013748169, -0.5113651752471924, 0.13485954701900482, 0.4272497296333313, 0.5127125978469849, -0.7447036504745483, 0.31167134642601013, 0.6896604895591736, 0.6536279320716858),
            ["LeftUpperArm"] = CFrame.new(-0.033834218978881836, 0.0017970800399780273, 0.01368027925491333, 0.19895818829536438, 0.9736819267272949, 0.11117269843816757, -0.9754297733306885, 0.20770245790481567, -0.07345978170633316, -0.09461705386638641, -0.09382594376802444, 0.9910824298858643),
            ["RightLowerArm"] = CFrame.new(-3.2782554626464844e-07, 1.1920928955078125e-07, -2.4586915969848633e-07, 1, -4.2468340666346194e-07, 2.011657045386528e-07, -3.3155100709336693e-07, 1, -7.450581485102248e-09, 1.0803346839338701e-07, 1.788140622238643e-07, 1),
            ["LeftHand"] = CFrame.new(-8.940696716308594e-08, -2.384185791015625e-07, 2.9802322387695312e-08, 0.924687385559082, -0.10370373725891113, -0.36633166670799255, 0.11986227333545685, 0.992556095123291, 0.02157389558851719, 0.36136743426322937, -0.06385888904333115, 0.9302341938018799),
            ["LeftFoot"] = CFrame.new(-1.1175870895385742e-08, -5.960464477539063e-08, 5.204583430895582e-10, 0.9942969083786011, 0.08555418998003006, 0.06367228180170059, -0.057886190712451935, 0.9343780279159546, -0.351549357175827, -0.08957050740718842, 0.3458588421344757, 0.9340015649795532),
            ["LowerTorso"] = CFrame.new(-0.1254744976758957, -0.3792060613632202, 0.07885759323835373, 0.8617425560951233, 0.2926807105541229, 0.41441255807876587, -0.3703404664993286, 0.9211756587028503, 0.11951328814029694, -0.34676751494407654, -0.2564634084701538, 0.9022077918052673),
            ["RightLowerLeg"] = CFrame.new(1.4901161193847656e-08, 5.960464477539063e-08, 1.0397343430668116e-08, 1, -1.0430809993522416e-07, -6.910413503646851e-07, 8.316713433487166e-07, -0.061287470161914825, 0.9981202483177185, -1.7881399116959074e-07, -0.9981201887130737, -0.061287540942430496),
            ["LeftUpperLeg"] = CFrame.new(2.9802322387695312e-08, -5.21540641784668e-08, 2.9802322387695312e-08, 0.8597131967544556, -0.5093547105789185, 0.03809306025505066, 0.39677664637565613, 0.619009256362915, -0.6777875423431396, 0.32165437936782837, 0.5978172421455383, 0.7342703342437744),
            ["LeftLowerLeg"] = CFrame.new(-5.029141902923584e-08, -5.960464477539063e-08, 8.635478820906428e-08, 1, -1.8998984785412176e-07, -5.196782240091125e-07, 4.749745698973129e-07, 0.5896552801132202, 0.8076550960540771, -7.450581307466564e-08, -0.8076550960540771, 0.5896552801132202),
        }},
        {Time = 0.167, Data = {
            ["RightFoot"] = CFrame.new(5.587935447692871e-09, 2.384185791015625e-07, 6.784830475226045e-09, 0.989151656627655, 0.12016526609659195, -0.08449563384056091, -0.14220061898231506, 0.6389569044113159, -0.7559844851493835, -0.03685425594449043, 0.7597990036010742, 0.6491132378578186),
            ["LeftLowerArm"] = CFrame.new(2.384185791015625e-07, -1.1920928955078125e-07, 8.940696716308594e-08, 1, 2.0675371104061924e-07, 3.7252894102834944e-09, 3.743917318388412e-07, 1, 1.3224777717368852e-07, -4.4703490686970326e-08, 4.069881640589301e-07, 1),
            ["RightUpperArm"] = CFrame.new(-0.006729602813720703, 0.023960471153259277, 0.014468356966972351, -0.00853082723915577, -0.9577841758728027, -0.2873613238334656, 0.9449167847633362, 0.0863102450966835, -0.31572580337524414, 0.32719942927360535, -0.27422624826431274, 0.9042902588844299),
            ["Head"] = CFrame.new(6.984919309616089e-10, 2.384185791015625e-07, -1.6472768038511276e-08, 0.8799490332603455, -0.03781651705503464, -0.4735606014728546, -0.08177982270717621, 0.9698880910873413, -0.2294103354215622, 0.4679764211177826, 0.24059726297855377, 0.8503596186637878),
            ["RightHand"] = CFrame.new(1.4901161193847656e-08, 0, 1.341104507446289e-07, 0.7681683897972107, 0.0670526772737503, 0.6367269158363342, -0.10487918555736542, 0.9942455291748047, 0.021827299147844315, -0.6315994262695312, -0.08354615420103073, 0.7707803845405579),
            ["UpperTorso"] = CFrame.new(-3.818422555923462e-08, 2.9802322387695312e-08, -9.313225746154785e-09, 0.9092904329299927, -0.38689661026000977, -0.15330277383327484, 0.3498096764087677, 0.9101200699806213, -0.2220693826675415, 0.2254418134689331, 0.14829875528812408, 0.9629036784172058),
            ["HumanoidRootPart"] = CFrame.new(0, 0, 0, 1, 0, 0, 0, 1, 0, 0, 0, 1),
            ["RightUpperLeg"] = CFrame.new(-5.960464477539063e-08, 8.195638656616211e-08, -1.968510332517326e-08, 0.8441444039344788, -0.5175491571426392, 0.13986770808696747, 0.4446987211704254, 0.5302376747131348, -0.7218666672706604, 0.2994382977485657, 0.6715586185455322, 0.6777503490447998),
            ["LeftUpperArm"] = CFrame.new(-0.03406238555908203, 0.0019642114639282227, 0.013372860848903656, 0.10959603637456894, 0.9897212982177734, 0.09187209606170654, -0.9921892881393433, 0.11447054147720337, -0.04956775903701782, -0.05957503989338875, -0.08572201430797577, 0.9945363402366638),
            ["RightLowerArm"] = CFrame.new(4.172325134277344e-07, 2.384185791015625e-07, -3.725290298461914e-08, 1, -1.6391291524087137e-07, 3.799796672865341e-07, 3.166497464235363e-08, 1, 2.980232594040899e-08, 4.2608019157341914e-07, 2.4214406835199043e-07, 1),
            ["LeftHand"] = CFrame.new(4.3213367462158203e-07, 1.1920928955078125e-07, -1.1920928955078125e-07, 0.9308266043663025, -0.12181118130683899, -0.34456366300582886, 0.13714385032653809, 0.9903415441513062, 0.02038044109940529, 0.33875301480293274, -0.06622545421123505, 0.9385417699813843),
            ["LeftFoot"] = CFrame.new(-5.960464477539063e-08, -1.1920928955078125e-07, 7.971038940013386e-09, 0.9942201972007751, 0.08791311085224152, 0.061624061316251755, -0.06584266573190689, 0.9526682496070862, -0.2967967689037323, -0.08479969203472137, 0.2910235524177551, 0.9529502391815186),
            ["LowerTorso"] = CFrame.new(-0.1351398229598999, -0.32977426052093506, 0.07328720390796661, 0.8621805310249329, 0.3074744641780853, 0.40262162685394287, -0.38304251432418823, 0.9157867431640625, 0.12088456749916077, -0.3315466344356537, -0.25844553112983704, 0.9073493480682373),
            ["RightLowerLeg"] = CFrame.new(7.450580596923828e-09, 0, 9.607902029529214e-08, 1, -2.2351744632942427e-07, -7.627537570442655e-07, 6.975604378567368e-07, 0.008168107829988003, 0.9999667406082153, -1.1920926112907182e-07, -0.9999667406082153, 0.008168408647179604),
            ["LeftUpperLeg"] = CFrame.new(-1.1920928955078125e-07, 8.195638656616211e-08, 1.4901161193847656e-08, 0.8567802906036377, -0.5155264735221863, 0.012648209929466248, 0.4137285351753235, 0.6725425720214844, -0.6136086583137512, 0.3078249990940094, 0.5309604406356812, 0.7895090579986572),
            ["LeftLowerLeg"] = CFrame.new(3.725290298461914e-09, -2.384185791015625e-07, 1.0870652999983577e-07, 1, -5.178155788598815e-07, -4.2095774688277743e-07, 5.625186076940736e-07, 0.7042915225028992, 0.7099109888076782, 1.192092469182171e-07, -0.7099109888076782, 0.7042914032936096),
        }},
        {Time = 0.200, Data = {
            ["RightFoot"] = CFrame.new(6.51925802230835e-09, 3.5762786865234375e-07, -8.943243301473558e-08, 0.9898110628128052, 0.11487634479999542, -0.0841277688741684, -0.13971394300460815, 0.6696354746818542, -0.7294299006462097, -0.027459366247057915, 0.7337519526481628, 0.6788628101348877),
            ["LeftLowerArm"] = CFrame.new(1.1920928955078125e-07, -3.5762786865234375e-07, -8.940696716308594e-08, 1, -1.1734665861240501e-07, -1.6554253079448245e-07, 1.4901157641133977e-08, 1, 2.5425097760489734e-07, -1.094303740956093e-07, 6.781193064853142e-07, 1),
            ["RightUpperArm"] = CFrame.new(-0.006836891174316406, 0.023787260055541992, 0.014287397265434265, -0.1459304392337799, -0.9550291895866394, -0.25811538100242615, 0.9451824426651001, -0.05755281075835228, -0.3214309513568878, 0.29212069511413574, -0.2908726632595062, 0.9110755324363708),
            ["Head"] = CFrame.new(-1.3969838619232178e-09, 0, 2.270098775625229e-09, 0.8847991824150085, -0.04364830628037453, -0.4639241099357605, -0.0642012506723404, 0.9746889472007751, -0.21414870023727417, 0.4615287184715271, 0.21926310658454895, 0.859601616859436),
            ["RightHand"] = CFrame.new(-2.421438694000244e-07, 1.7881393432617188e-07, -9.685754776000977e-08, 0.7399872541427612, 0.03479696810245514, 0.6717201471328735, -0.09682662039995193, 0.993770182132721, 0.055187005549669266, -0.6656152606010437, -0.10587822645902634, 0.7387465238571167),
            ["UpperTorso"] = CFrame.new(-1.778826117515564e-07, 1.4901161193847656e-07, 1.7229467630386353e-08, 0.9206432104110718, -0.37192729115486145, -0.11868543922901154, 0.341551274061203, 0.9145672917366028, -0.21658599376678467, 0.18910008668899536, 0.1588611602783203, 0.9690223932266235),
            ["HumanoidRootPart"] = CFrame.new(0, 0, 0, 1, 0, 0, 0, 1, 0, 0, 0, 1),
            ["RightUpperLeg"] = CFrame.new(-3.2782554626464844e-07, 3.3155083656311035e-07, 3.246896085329354e-08, 0.8574047684669495, -0.49926361441612244, 0.12487250566482544, 0.43155649304389954, 0.5653019547462463, -0.7029885053634644, 0.2803857922554016, 0.6566351056098938, 0.7001528143882751),
            ["LeftUpperArm"] = CFrame.new(-0.03413856029510498, 0.0016951560974121094, 0.013216383755207062, 0.009926318190991879, 0.9975451827049255, 0.06931861490011215, -0.9988332390785217, 0.013167710043489933, -0.04646412655711174, -0.047262728214263916, -0.06877663731575012, 0.9965119957923889),
            ["RightLowerArm"] = CFrame.new(0, 4.172325134277344e-07, -1.30385160446167e-07, 1, -5.587938645135182e-08, 1.7089779191792331e-07, 1.192093321833454e-07, 1, 1.4901170075631853e-08, 1.5506526551689603e-07, 2.4773194695626444e-07, 1),
            ["LeftHand"] = CFrame.new(1.1362135410308838e-07, 1.1920928955078125e-07, 5.960464477539063e-08, 0.9324719309806824, -0.14242993295192719, -0.3319786787033081, 0.1580176204442978, 0.9872278571128845, 0.02029024250805378, 0.3248484432697296, -0.07137877494096756, 0.9430687427520752),
            ["LeftFoot"] = CFrame.new(-1.210719347000122e-08, -5.960464477539063e-08, 1.16963292384753e-08, 0.9940972924232483, 0.09130216389894485, 0.05860492214560509, -0.07318707555532455, 0.9631025195121765, -0.2589929401874542, -0.08008921891450882, 0.2531750500202179, 0.964099645614624),
            ["LowerTorso"] = CFrame.new(-0.1395331174135208, -0.2887223958969116, 0.0663565993309021, 0.8736554384231567, 0.29916954040527344, 0.3836975395679474, -0.37050506472587585, 0.9202290773391724, 0.12611304223537445, -0.3153604567050934, -0.2523411810398102, 0.9148069620132446),
            ["RightLowerLeg"] = CFrame.new(-7.450580596923828e-09, -5.960464477539063e-08, 2.9023794922977686e-08, 1, -2.756714536644722e-07, -6.257327527237067e-07, 7.124618264242599e-07, 0.08496224135160446, 0.9963842034339905, -5.960465188081798e-08, -0.9963842630386353, 0.08496247977018356),
            ["LeftUpperLeg"] = CFrame.new(-1.1920928955078125e-07, 3.427267074584961e-07, 4.470348358154297e-08, 0.8665454387664795, -0.4990227520465851, -0.0086847934871912, 0.4088875949382782, 0.7197903990745544, -0.5609927177429199, 0.28619933128356934, 0.482574462890625, 0.827775239944458),
            ["LeftLowerLeg"] = CFrame.new(-1.0244548320770264e-08, -3.5762786865234375e-07, 4.910188522444514e-08, 1, -3.8743019104003906e-07, -3.613531021073868e-07, 5.587935447692871e-07, 0.7776384949684143, 0.6287117004394531, 4.470348358154297e-08, -0.6287117600440979, 0.7776384353637695),
        }},
        {Time = 0.233, Data = {
            ["RightFoot"] = CFrame.new(-1.4901161193847656e-08, 1.7881393432617188e-07, -3.931563696824014e-08, 0.9914975762367249, 0.10271881520748138, -0.07988428324460983, -0.1291450411081314, 0.7015522718429565, -0.7008178234100342, -0.0159443486481905, 0.7051761150360107, 0.7088533043861389),
            ["LeftLowerArm"] = CFrame.new(-2.086162567138672e-07, -3.5762786865234375e-07, -8.940696716308594e-08, 1, -1.1175869119028903e-08, 2.6077035641947077e-08, 2.086160861836106e-07, 1, 4.2095786056961515e-07, 5.960459503739912e-08, 7.320194299609284e-07, 1),
            ["RightUpperArm"] = CFrame.new(-0.006282627582550049, 0.0231320858001709, 0.014461562037467957, -0.25633302330970764, -0.9234864115715027, -0.2854229211807251, 0.9631129503250122, -0.21900343894958496, -0.15636759996414185, 0.08189485222101212, -0.31497687101364136, 0.945559561252594),
            ["Head"] = CFrame.new(4.190951585769653e-09, -2.384185791015625e-07, 1.1059455573558807e-08, 0.8933447599411011, -0.05074317753314972, -0.4464980959892273, -0.04442962631583214, 0.9787622094154358, -0.20012661814689636, 0.4471704065799713, 0.19861994683742523, 0.8721174001693726),
            ["RightHand"] = CFrame.new(5.597248673439026e-07, -1.1920928955078125e-07, 4.470348358154297e-08, 0.83527010679245, 0.08396214991807938, 0.543391227722168, -0.1442444771528244, 0.9871196150779724, 0.06919936090707779, -0.5305821299552917, -0.13618136942386627, 0.8366226553916931),
            ["UpperTorso"] = CFrame.new(-6.146728992462158e-08, -2.086162567138672e-07, 2.7008354663848877e-08, 0.9393396377563477, -0.33362478017807007, -0.07959575951099396, 0.31157931685447693, 0.9270386099815369, -0.20861004292964935, 0.1433858871459961, 0.1711551994085312, 0.9747545719146729),
            ["HumanoidRootPart"] = CFrame.new(0, 0, 0, 1, 0, 0, 0, 1, 0, 0, 0, 1),
            ["RightUpperLeg"] = CFrame.new(0, -1.6763806343078613e-08, 2.501838025636971e-08, 0.8827020525932312, -0.46171510219573975, 0.08749950677156448, 0.3903384804725647, 0.6166940331459045, -0.6836113333702087, 0.26167333126068115, 0.6375795602798462, 0.724582314491272),
            ["LeftUpperArm"] = CFrame.new(-0.03374838829040527, 0.0015465021133422852, 0.013386934995651245, -0.09978168457746506, 0.9943456649780273, 0.03633558377623558, -0.9828225374221802, -0.09279624372720718, -0.15952721238136292, -0.1552535444498062, -0.05162933096289635, 0.9865245819091797),
            ["RightLowerArm"] = CFrame.new(-5.960464477539063e-08, 4.172325134277344e-07, -7.644625506630354e-20, 1, 8.195642919872625e-08, 2.1792958193600498e-07, 3.9488099901063833e-07, 1, -4.097821459936313e-08, 2.1234167491002154e-07, 1.7508872929283825e-07, 1),
            ["LeftHand"] = CFrame.new(-3.203749656677246e-07, 1.1920928955078125e-07, -5.960464477539063e-08, 0.8950088024139404, -0.15003645420074463, -0.42005738615989685, 0.17940527200698853, 0.9832853674888611, 0.031043509021401405, 0.4083784818649292, -0.10314522683620453, 0.9069664478302002),
            ["LeftFoot"] = CFrame.new(5.3085386753082275e-08, 1.1920928955078125e-07, 2.2872200133861043e-08, 0.9941483736038208, 0.09419611096382141, 0.0528780035674572, -0.0786227285861969, 0.9666363596916199, -0.24378801882266998, -0.07407740503549576, 0.23820436000823975, 0.9683859348297119),
            ["LowerTorso"] = CFrame.new(-0.1382550746202469, -0.2539790868759155, 0.05508631095290184, 0.8924859166145325, 0.26935726404190063, 0.36182260513305664, -0.33573564887046814, 0.9323706030845642, 0.13403958082199097, -0.3012482225894928, -0.24110518395900726, 0.922560453414917),
            ["RightLowerLeg"] = CFrame.new(-5.960464477539063e-08, 1.7881393432617188e-07, -7.1559043135494e-08, 1, -2.086162567138672e-07, -7.27363214991783e-07, 7.338824730140914e-07, 0.1722084879875183, 0.9850605130195618, -1.8253929567890737e-07, -0.9850605726242065, 0.17220862209796906),
            ["LeftUpperLeg"] = CFrame.new(-5.960464477539063e-08, -1.30385160446167e-07, -4.470348358154297e-08, 0.8866182565689087, -0.46196526288986206, -0.022273125126957893, 0.3830242156982422, 0.760399580001831, -0.52448570728302, 0.25923052430152893, 0.4564874768257141, 0.8511279821395874),
            ["LeftLowerLeg"] = CFrame.new(7.264316082000732e-08, 0, -8.500856552018377e-08, 1, -3.6507850609268644e-07, -5.047769491284271e-07, 5.364419735087722e-07, 0.8140817880630493, 0.5807504653930664, -1.229346224818073e-07, -0.5807504057884216, 0.814081609249115),
        }},
        {Time = 0.267, Data = {
            ["RightFoot"] = CFrame.new(-3.91155481338501e-08, 4.172325134277344e-07, -5.980473360978067e-08, 0.9936529397964478, 0.08512866497039795, -0.07353252172470093, -0.1124633401632309, 0.7376336455345154, -0.665769100189209, -0.0024360530078411102, 0.6698131561279297, 0.7425258159637451),
            ["LeftLowerArm"] = CFrame.new(-5.364418029785156e-07, -1.7881393432617188e-07, -2.384185791015625e-07, 1, -3.7252917195473856e-08, -7.45057615603173e-09, 1.4901162614933128e-07, 1, 8.19563368281706e-08, 7.078052277620372e-08, 3.5017740174225764e-07, 1),
            ["RightUpperArm"] = CFrame.new(-0.005096018314361572, 0.021919727325439453, 0.014765411615371704, -0.3559328317642212, -0.8655480146408081, -0.35233327746391296, 0.9251657724380493, -0.379556804895401, -0.0021906679030507803, -0.13183441758155823, -0.32674670219421387, 0.9358721375465393),
            ["Head"] = CFrame.new(1.280568540096283e-08, -1.1920928955078125e-07, 6.51925802230835e-09, 0.9059630036354065, -0.06332817673683167, -0.4185936152935028, -0.018558144569396973, 0.9818578958511353, -0.18870794773101807, 0.42295005917549133, 0.17873087525367737, 0.8883517384529114),
            ["RightHand"] = CFrame.new(2.586457412689924e-07, -2.980232238769531e-07, 1.1175870895385742e-08, 0.8975117206573486, 0.1671653836965561, 0.4080791473388672, -0.21887271106243134, 0.9722064137458801, 0.08312470465898514, -0.38284143805503845, -0.16392236948013306, 0.9091544151306152),
            ["UpperTorso"] = CFrame.new(-1.0244548320770264e-08, -1.1920928955078125e-07, -6.146728992462158e-08, 0.9660351872444153, -0.25481876730918884, -0.04293283820152283, 0.241240993142128, 0.9488651752471924, -0.20361179113388062, 0.0926215723156929, 0.18633897602558136, 0.9781099557876587),
            ["HumanoidRootPart"] = CFrame.new(0, 0, 0, 1, 0, 0, 0, 1, 0, 0, 0, 1),
            ["RightUpperLeg"] = CFrame.new(0, 7.636845111846924e-08, -2.7135683922097087e-08, 0.9200703501701355, -0.3909928798675537, 0.024393346160650253, 0.3091544508934021, 0.6864263415336609, -0.6582118272781372, 0.24061182141304016, 0.6131422519683838, 0.7524374723434448),
            ["LeftUpperArm"] = CFrame.new(-0.03290116786956787, 0.0014258623123168945, 0.013697952032089233, -0.18926012516021729, 0.981401264667511, -0.0321260541677475, -0.9283353686332703, -0.1894959956407547, -0.31981977820396423, -0.3199595510959625, -0.03070545196533203, 0.9469336271286011),
            ["RightLowerArm"] = CFrame.new(4.172325134277344e-07, -1.1920928955078125e-07, -2.9802322387695312e-08, 1, -1.068111572521957e-07, 2.7939686120248552e-09, 1.3667165887909505e-07, 1, -1.4435505590881803e-07, -1.9557782948709246e-08, 4.9360142639898186e-08, 1),
            ["LeftHand"] = CFrame.new(-1.341104507446289e-07, -3.5762786865234375e-07, 5.960464477539063e-08, 0.8524934649467468, -0.14407174289226532, -0.5024926066398621, 0.20484916865825653, 0.9764586687088013, 0.06756850332021713, 0.480927973985672, -0.16053636372089386, 0.8619372248649597),
            ["LeftFoot"] = CFrame.new(-6.612390279769897e-08, -5.960464477539063e-08, -1.0655412552296184e-08, 0.9940951466560364, 0.09838662296533585, 0.045772165060043335, -0.08234108984470367, 0.958672046661377, -0.27233824133872986, -0.07067503780126572, 0.2669609785079956, 0.9611123204231262),
            ["LowerTorso"] = CFrame.new(-0.13258367776870728, -0.22968685626983643, 0.04303876683115959, 0.9191673994064331, 0.2051074057817459, 0.3362473249435425, -0.2656759023666382, 0.9531167149543762, 0.1448615938425064, -0.2907707393169403, -0.22248485684394836, 0.9305659532546997),
            ["RightLowerLeg"] = CFrame.new(-2.9802322387695312e-08, -5.960464477539063e-08, -4.503817763179541e-09, 1, -3.0547380447387695e-07, -7.320197141780227e-07, 7.599593345730682e-07, 0.27522873878479004, 0.9613786339759827, -1.0430814256778831e-07, -0.9613787531852722, 0.27522924542427063),
