return {
    ["In Da Party"] = {
        [1] = {Time = 0.000, Data = {
            ["RightFoot"] = CFrame.new(-5.587935447692871e-09, 3.5762786865234375e-07, 1.287116901949048e-08, 0.9967114329338074, 0.0703888013958931, -0.04014696180820465, -0.07985735684633255, 0.9373129606246948, -0.3392157554626465, 0.013753269799053669, 0.34130629897117615, 0.9398515224456787),
            ["LeftLowerArm"] = CFrame.new(2.682209014892578e-07, 1.1920928955078125e-07, 2.086162567138672e-07, 1, -6.705521116145974e-08, 7.07805440924858e-08, 1.266598985694145e-07, 0.38968440890312195, -0.9209485054016113, 5.215407838932151e-08, 0.9209485054016113, 0.3896844685077667),
            ["LeftFoot"] = CFrame.new(-1.240987330675125e-07, -1.1920928955078125e-07, 1.862645149230957e-08, 0.9979584217071533, -0.040834974497556686, 0.04910891503095627, 0.043737247586250305, 0.9972665905952454, -0.059553083032369614, -0.04654281958937645, 0.06157954782247543, 0.997016429901123),
            ["Head"] = CFrame.new(1.3504177331924438e-08, -1.1920928955078125e-07, 3.958120942115784e-09, 0.9819884896278381, -0.1718026101589203, -0.07862964272499084, 0.17932182550430298, 0.9785487055778503, 0.10142133384943008, 0.05951850861310959, -0.11369438469409943, 0.9917314648628235),
            ["LowerTorso"] = CFrame.new(-0.034104589372873306, -0.05745649337768555, 0.009022310376167297, 0.9989801049232483, 0.02174103446304798, 0.03957682475447655, -0.02271997556090355, 0.9994426965713501, 0.024455733597278595, -0.039023078978061676, -0.025329971686005592, 0.9989172220230103),
            ["UpperTorso"] = CFrame.new(-1.803346094675362e-08, -1.1920928955078125e-07, -6.05359673500061e-09, 0.999485194683075, 0.031965550035238266, -0.002768943551927805, -0.03175218030810356, 0.9978218078613281, 0.05782350152730942, 0.00461126584559679, -0.05770578980445862, 0.9983230829238892),
            ["HumanoidRootPart"] = CFrame.new(0, 0, 0, 1, 0, 0, 0, 1, 0, 0, 0, 1),
            ["RightUpperLeg"] = CFrame.new(-2.9802322387695312e-08, 2.2319727577269077e-07, -1.1008523870259523e-08, 0.9836707711219788, -0.15692470967769623, -0.08812791854143143, 0.06256122887134552, 0.7572588920593262, -0.650111734867096, 0.16875427961349487, 0.6339823007583618, 0.7547106146812439),
            ["LeftUpperArm"] = CFrame.new(0, -2.384185791015625e-07, 3.725290298461914e-08, -0.19504927098751068, 0.739355206489563, -0.6444453001022339, -0.9784735441207886, -0.1015203669667244, 0.1796753853559494, 0.06741964817047119, 0.6656181216239929, 0.7432408928871155),
            ["RightLowerArm"] = CFrame.new(3.5762786865234375e-07, -4.76837158203125e-07, -5.960464477539062e-07, 1, -5.960450977227083e-08, 1.4901255340760144e-08, 4.0978047621820224e-08, 0.3935796320438385, -0.9192904829978943, 5.96044316125699e-08, 0.9192904829978943, 0.3935796916484833),
            ["LeftHand"] = CFrame.new(-1.043081283569336e-07, 0, 1.7881393432617188e-07, 0.8969957828521729, -0.27027326822280884, -0.34978654980659485, 0.30874231457710266, 0.9493644833564758, 0.05818510800600052, 0.31634923815727234, -0.16018567979335785, 0.9350208640098572),
            ["RightHand"] = CFrame.new(-7.152557373046875e-07, 0, 3.5762786865234375e-07, 0.7330489158630371, 0.10246603935956955, 0.6724119186401367, -0.24142560362815857, 0.9634166359901428, 0.11638646572828293, -0.6358875036239624, -0.24764709174633026, 0.7309695482254028),
            ["RightUpperArm"] = CFrame.new(0, 3.5762786865234375e-07, 1.1175870895385742e-08, -0.3798501491546631, -0.5634344816207886, 0.7336589694023132, 0.9186184406280518, -0.13640668988227844, 0.37085506319999695, -0.1088765487074852, 0.8148218989372253, 0.5693954229354858),
            ["RightLowerLeg"] = CFrame.new(3.725290298461914e-08, -0.00006031990051269531, -0.00007209012255771086, 1, -1.4342364806907426e-07, -1.6763810606335028e-07, 1.4901161193847656e-07, -0.0726829245686531, 0.9973551630973816, -1.5459954738616943e-07, -0.9973551630973816, -0.07268273830413818),
            ["LeftUpperLeg"] = CFrame.new(-1.1920928955078125e-07, 1.9656727090477943e-07, 2.7939677238464355e-08, 0.9999972581863403, -0.0023074005730450153, 0.0005806144909001887, 0.0023317746818065643, 0.9018532633781433, -0.43203631043434143, 0.000473245105240494, 0.4320363700389862, 0.9018561244010925),
            ["LeftLowerLeg"] = CFrame.new(1.4901161193847656e-08, 0.000060617923736572266, 0.00007195677608251572, 1, 6.309710443019867e-08, 2.7008358216562556e-08, -6.51925802230835e-08, 0.6592312455177307, 0.7519403696060181, 3.073364496231079e-08, -0.7519402503967285, 0.6592312455177307)
        }},
        [2] = {Time = 0.033, Data = {
            ["RightFoot"] = CFrame.new(2.0489096641540527e-08, 2.384185791015625e-07, -1.2868986232206225e-07, 0.9970256686210632, 0.0511837899684906, -0.057620421051979065, -0.0631181076169014, 0.9712926149368286, -0.22936171293258667, 0.044226691126823425, 0.2323162704706192, 0.9716343283653259),
            ["LeftLowerArm"] = CFrame.new(-1.1920928955078125e-07, -1.1920928955078125e-07, -8.940696716308594e-08, 1, -6.332992796842518e-08, 9.685753354915505e-08, 8.940694584680386e-08, 0.573843777179718, -0.8189647793769836, 2.9802315282267955e-08, 0.8189648389816284, 0.5738437175750732),
            ["LeftFoot"] = CFrame.new(5.681067705154419e-08, -1.7881393432617188e-07, 2.0489096641540527e-08, 0.9976927638053894, -0.02204306609928608, 0.06421380490064621, 0.0323479138314724, 0.985904335975647, -0.16415341198444366, -0.059690237045288086, 0.16585177183151245, 0.9843425154685974),
            ["Head"] = CFrame.new(-1.0244548320770264e-08, -2.384185791015625e-07, -2.0256265997886658e-08, 0.9787930250167847, -0.18824072182178497, -0.08080627769231796, 0.19301286339759827, 0.9796013832092285, 0.055920835584402084, 0.0686313658952713, -0.07033144682645798, 0.9951599836349487),
            ["LowerTorso"] = CFrame.new(-0.05944567918777466, -0.10525095462799072, 0.02911314368247986, 0.9979849457740784, 0.0633089542388916, -0.004268409218639135, -0.06292124092578888, 0.9960727095603943, 0.0622904933989048, 0.00819519255310297, -0.061896394938230515, 0.9980489611625671),
            ["UpperTorso"] = CFrame.new(-3.5455741453915834e-08, 5.662441253662109e-07, -1.83499651029706e-08, 0.9990778565406799, -0.0036265060771256685, 0.042782243341207504, 0.0019306261092424393, 0.9992132186889648, 0.03961415961384773, -0.04289223626255989, -0.03949502855539322, 0.9982987642288208),
            ["HumanoidRootPart"] = CFrame.new(0, 0, 0, 1, 0, 0, 0, 1, 0, 0, 0, 1),
            ["RightUpperLeg"] = CFrame.new(5.960464477539063e-08, 1.2433156371116638e-07, 1.7746060620993376e-08, 0.9848347306251526, -0.15983963012695312, -0.06746865808963776, 0.08653996139764786, 0.7896188497543335, -0.6074644923210144, 0.15037141740322113, 0.5924131870269775, 0.7914764881134033),
            ["LeftUpperArm"] = CFrame.new(0, -3.5762786865234375e-07, 2.2351741790771484e-08, -0.35429897904396057, 0.6380860209465027, -0.6836071014404297, -0.9279914498329163, -0.14974112808704376, 0.34118831157684326, 0.11534342914819717, 0.7552641034126282, 0.645191490650177),
            ["RightLowerArm"] = CFrame.new(0.0000013113021850585938, -8.344650268554688e-07, -1.7881393432617188e-07, 1, -7.450588412893921e-08, 5.21542986575696e-08, 9.313171034364132e-08, 0.5820881128311157, -0.813125729560852, 5.96042966094501e-08, 0.813125729560852, 0.5820881724357605),
            ["LeftHand"] = CFrame.new(1.1920928955078125e-07, 1.7881393432617188e-07, 2.384185791015625e-07, 0.9533079862594604, -0.22559140622615814, -0.20077911019325256, 0.21806281805038452, 0.9741404056549072, -0.05915375053882599, 0.20893216133117676, 0.01260959543287754, 0.977849006652832),
            ["RightHand"] = CFrame.new(2.9802322387695312e-08, 2.384185791015625e-07, 5.960464477539063e-08, 0.8129377365112305, 0.10383988171815872, 0.5730167627334595, -0.16030311584472656, 0.9858636856079102, 0.04876815900206566, -0.5598527789115906, -0.1314922273159027, 0.8180914521217346),
            ["RightUpperArm"] = CFrame.new(0, -2.384185791015625e-07, 1.862645149230957e-08, -0.5282374024391174, -0.49708718061447144, 0.688382089138031, 0.8397940397262573, -0.18617840111255646, 0.5099838972091675, -0.1253446638584137, 0.8474916219711304, 0.5157970786094666),
            ["RightLowerLeg"] = CFrame.new(-7.450580596923828e-09, -0.00006026029586791992, -0.00007213855133159086, 1, -1.452862647965958e-07, -1.2852251529693604e-07, 1.4528630742915993e-07, 0.11838112026453018, 0.9929682016372681, -1.5273688802608376e-07, -0.9929683208465576, 0.1183813288807869),
            ["LeftUpperLeg"] = CFrame.new(-1.1920928955078125e-07, 1.6193371266126633e-07, -3.119930624961853e-08, 0.9974028468132019, -0.038723673671483994, 0.06072995811700821, 0.061976831406354904, 0.8910048007965088, -0.44974377751350403, -0.036694951355457306, 0.4523395895957947, 0.8910906910896301),
            ["LeftLowerLeg"] = CFrame.new(-9.42964106798172e-08, 0.00006079673767089844, 0.00007215142250061035, 1, 6.728805601596832e-08, 2.9685910618582056e-08, -6.402841989938679e-08, 0.6535360217094421, 0.7568954825401306, 3.096647205325098e-08, -0.7568954229354858, 0.6535360813140869)
        }},
        [3] = {Time = 0.067, Data = {
            ["RightFoot"] = CFrame.new(5.4016709327697754e-08, 3.5762786865234375e-07, 9.482755558565259e-08, 0.9957253336906433, 0.048550669103860855, -0.07857508957386017, -0.062215421348810196, 0.9813159704208374, -0.18206685781478882, 0.06826750189065933, 0.18617723882198334, 0.9801416993141174),
            ["LeftLowerArm"] = CFrame.new(3.5762786865234375e-07, -3.5762786865234375e-07, 1.4901161193847656e-07, 1, -1.1920926112907182e-07, 6.705522537231445e-08, 2.980232594040899e-08, 0.45187363028526306, -0.8920820355415344, 2.980232594040899e-08, 0.8920819759368896, 0.4518736004829407),
            ["LeftFoot"] = CFrame.new(-1.4202669262886047e-08, 5.960464477539063e-08, -1.3969838619232178e-08, 0.9967795610427856, -0.004776253364980221, 0.08004801720380783, 0.026389876380562782, 0.9621599912643433, -0.2712044417858124, -0.07572364062070847, 0.2724435031414032, 0.9591874480247498),
            ["Head"] = CFrame.new(4.656612873077393e-10, 1.1920928955078125e-07, -3.213062882423401e-08, 0.9768764972686768, -0.1988900899887085, -0.07845409959554672, 0.1994016468524933, 0.9799169301986694, -0.0013387065846472979, 0.07714477181434631, -0.014336070977151394, 0.9969168305397034),
            ["LowerTorso"] = CFrame.new(-0.08063162863254547, -0.14636564254760742, 0.04208676517009735, 0.9948123097419739, 0.09263615310192108, -0.04203673452138901, -0.08904185146093369, 0.992765486240387, 0.08054981380701065, 0.049194447696208954, -0.07638891041278839, 0.9958637952804565),
            ["UpperTorso"] = CFrame.new(-9.953510016202927e-09, -5.960464477539063e-08, 1.6763806343078613e-08, 0.9963995814323425, -0.026934456080198288, 0.08039023727178574, 0.0227885153144598, 0.9983843564987183, 0.052051834762096405, -0.08166233450174332, -0.050032418221235275, 0.995403528213501),
            ["HumanoidRootPart"] = CFrame.new(0, 0, 0, 1, 0, 0, 0, 1, 0, 0, 0, 1),
            ["RightUpperLeg"] = CFrame.new(-5.960464477539063e-08, 2.1746382117271423e-07, -1.287116901949048e-08, 0.985025942325592, -0.16706469655036926, -0.0425836443901062, 0.11160170286893845, 0.8061339855194092, -0.5811137557029724, 0.13141174614429474, 0.5676596164703369, 0.8127076029777527),
            ["LeftUpperArm"] = CFrame.new(0, -2.384185791015625e-07, -1.862645149230957e-08, -0.348327100276947, 0.6324504613876343, -0.6918632388114929, -0.9271957278251648, -0.12399829924106598, 0.353458046913147, 0.1377548724412918, 0.7646116018295288, 0.6295973062515259),
            ["RightLowerArm"] = CFrame.new(0.0000019073486328125, -5.364418029785156e-07, -7.152557373046875e-07, 1, -7.450580596923828e-08, 3.725310904201251e-08, 2.607687932254521e-08, 0.5140169858932495, -0.8577800989151001, 1.4901074152362526e-08, 0.8577800393104553, 0.5140169262886047),
            ["LeftHand"] = CFrame.new(-2.9802322387695312e-08, 0, -3.5762786865234375e-07, 0.9842042922973633, -0.172241672873497, -0.040924400091171265, 0.17226938903331757, 0.9850457310676575, -0.002879805862903595, 0.04080832004547119, -0.004215375054627657, 0.9991580843925476),
            ["RightHand"] = CFrame.new(5.066394805908203e-07, -1.1920928955078125e-07, 1.7881393432617188e-07, 0.877135694026947, 0.10283800959587097, 0.46910062432289124, -0.2040778398513794, 0.964039146900177, 0.17025017738342285, -0.43472447991371155, -0.24505719542503357, 0.8665792942047119),
            ["RightUpperArm"] = CFrame.new(-1.7881393432617188e-07, -4.76837158203125e-07, -3.725290298461914e-08, -0.5081958174705505, -0.4765992760658264, 0.7173493504524231, 0.8536226153373718, -0.16819486021995544, 0.49298983812332153, -0.11430418491363525, 0.8628810048103333, 0.4923117756843567),
            ["RightLowerLeg"] = CFrame.new(1.043081283569336e-07, -0.000060498714447021484, -0.00007203796849353239, 1, -1.2107189206744806e-07, -1.3224783401710738e-07, 1.5459954738616943e-07, 0.19445444643497467, 0.9809114933013916, -1.0989606380462646e-07, -0.9809115529060364, 0.1944548636674881),
            ["LeftUpperLeg"] = CFrame.new(-5.960464477539063e-08, 4.586763679981232e-08, -1.6763806343078613e-08, 0.99236661195755, -0.06391515582799911, 0.10546786338090897, 0.10535386949777603, 0.8839133381843567, -0.45562902092933655, -0.06410285085439682, 0.4632624387741089, 0.8838997483253479),
            ["LeftLowerLeg"] = CFrame.new(7.916241884231567e-09, 0.000060617923736572266, 0.00007209926843643188, 1, 6.891787762697277e-08, 2.8870999813079834e-08, -6.798654794692993e-08, 0.6362844705581665, 0.7714545726776123, 3.166496753692627e-08, -0.7714546322822571, 0.6362844705581665)
        }},
        [4] = {Time = 0.100, Data = {
            ["RightFoot"] = CFrame.new(2.60770320892334e-08, 1.7881393432617188e-07, -3.9282895158976316e-08, 0.9937736392021179, 0.05144340172410011, -0.09883160889148712, -0.0823669508099556, 0.9365454912185669, -0.34073179960250854, 0.07503186166286469, 0.34675100445747375, 0.9349515438079834),
            ["LeftLowerArm"] = CFrame.new(2.980232238769531e-07, -1.7881393432617188e-07, 0, 1, -1.1920926112907182e-07, 8.195639367158947e-08, 1.0058281674218961e-07, 0.24325644969940186, -0.9699621200561523, 4.470347292340193e-08, 0.9699620604515076, 0.2432563602924347),
            ["LeftFoot"] = CFrame.new(-1.5005934983491898e-07, -5.960464477539063e-08, -5.878973752260208e-08, 0.9956158995628357, 0.006397397257387638, 0.09331711381673813, 0.02573459781706333, 0.9404207468032837, -0.3390376567840576, -0.08992630988359451, 0.3399527072906494, 0.9361332654953003),
            ["Head"] = CFrame.new(4.6566128730773926e-08, -2.384185791015625e-07, -5.3085386753082275e-08, 0.9761625528335571, -0.20358754694461823, -0.07522556185722351, 0.19908420741558075, 0.9779393672943115, -0.06324690580368042, 0.08644232898950577, 0.04676311835646629, 0.9951587915420532),
            ["LowerTorso"] = CFrame.new(-0.09519226849079132, -0.17869722843170166, 0.04138879477977753, 0.9917424321174622, 0.10622921586036682, -0.07185053825378418, -0.10191023349761963, 0.9929015040397644, 0.06132791191339493, 0.07785532623529434, -0.053499191999435425, 0.9955282211303711),
            ["UpperTorso"] = CFrame.new(4.0745362639427185e-09, 2.384185791015625e-07, 1.3969838619232178e-09, 0.9936059713363647, -0.03838689252734184, 0.10617717355489731, 0.026423346251249313, 0.9933715462684631, 0.11187005788087845, -0.10976770520210266, -0.10834918171167374, 0.9880342483520508),
            ["HumanoidRootPart"] = CFrame.new(0, 0, 0, 1, 0, 0, 0, 1, 0, 0, 0, 1),
            ["RightUpperLeg"] = CFrame.new(5.960464477539063e-08, 4.936009645462036e-08, -3.336026566103101e-08, 0.9838350415229797, -0.17425523698329926, -0.041278332471847534, 0.12991638481616974, 0.8531725406646729, -0.5051917433738708, 0.1232498288154602, 0.4916624128818512, 0.862019419670105),
            ["LeftUpperArm"] = CFrame.new(0, -1.1920928955078125e-07, 4.0978193283081055e-08, -0.12212961167097092, 0.6830229759216309, -0.72011399269104, -0.9866485595703125, -0.004786033183336258, 0.16279375553131104, 0.10774530470371246, 0.7303812503814697, 0.6744880676269531),
            ["RightLowerArm"] = CFrame.new(3.5762786865234375e-07, -5.960464477539062e-07, -2.980232238769531e-07, 1, -7.450562833355434e-08, 5.215438036998421e-08, 5.215390075363757e-08, 0.4212149977684021, -0.9069609045982361, 1.1920892006855865e-07, 0.9069608449935913, 0.4212149381637573),
            ["LeftHand"] = CFrame.new(-1.043081283569336e-07, 5.960464477539063e-08, -9.685754776000977e-08, 0.9921660423278809, -0.10465791076421738, 0.06821493804454803, 0.10038027167320251, 0.992928147315979, 0.06338425725698471, -0.07436621189117432, -0.056040119379758835, 0.9956551194190979),
            ["RightHand"] = CFrame.new(-5.960464477539063e-08, 5.960464477539063e-08, 8.940696716308594e-08, 0.9237020611763, 0.09646957367658615, 0.37076443433761597, -0.19968228042125702, 0.9471606612205505, 0.2510349154472351, -0.326958030462265, -0.30590903759002686, 0.8941561579704285),
            ["RightUpperArm"] = CFrame.new(1.1920928955078125e-07, -3.5762786865234375e-07, -3.725290298461914e-09, -0.3585659861564636, -0.49177077412605286, 0.7934684753417969, 0.9297034740447998, -0.11149855703115463, 0.35102641582489014, -0.08415408432483673, 0.8635563254356384, 0.49718037247657776),
            ["RightLowerLeg"] = CFrame.new(-4.0978193283081055e-08, -0.000060498714447021484, -0.00007207522139651701, 1, -1.378357126213814e-07, -1.3038520307873114e-07, 1.4528633585086936e-07, 0.23975753784179688, 0.9708328247070312, -9.872020712009544e-08, -0.9708327651023865, 0.23975779116153717),
            ["LeftUpperLeg"] = CFrame.new(-5.960464477539063e-08, 1.0168878361582756e-07, 1.6298145055770874e-08, 0.9881417155265808, -0.07659196108579636, 0.13307790458202362, 0.12808428704738617, 0.8891541957855225, -0.43931692838668823, -0.08467861264944077, 0.4511525332927704, 0.8884205222129822),
            ["LeftLowerLeg"] = CFrame.new(7.497146725654602e-08, 0.000060498714447021484, 0.0000721178948879242, 1, 7.12461769580841e-08, 3.341119381161661e-08, -7.078050856534901e-08, 0.6051247715950012, 0.7961305975914001, 3.5390254282674505e-08, -0.7961307168006897, 0.6051247715950012)
        }},
        [5] = {Time = 0.133, Data = {
            ["RightFoot"] = CFrame.new(-3.259629011154175e-08, 4.172325134277344e-07, -2.0656443666666746e-08, 0.9920247197151184, 0.05869423970580101, -0.11154361814260483, -0.09820907562971115, 0.914644718170166, -0.3921477496623993, 0.07900585979223251, 0.39997491240501404, 0.9131145477294922),
            ["LeftLowerArm"] = CFrame.new(-5.960464477539063e-08, -5.960464477539063e-08, -2.9802322387695312e-08, 1, -8.940695295223122e-08, 5.960465898624534e-08, 5.2154071283894154e-08, 0.04051767289638519, -0.9991788864135742, 1.0430814256778831e-07, 0.9991788268089294, 0.04051757976412773),
            ["LeftFoot"] = CFrame.new(9.650830179452896e-08, 1.1920928955078125e-07, 2.561137080192566e-09, 0.994786262512207, 0.009802842512726784, 0.10150974988937378, 0.0282280333340168, 0.9300118684768677, -0.3664439618587494, -0.09799744188785553, 0.36739879846572876, 0.9248863458633423),
            ["Head"] = CFrame.new(3.725290298461914e-08, -1.1920928955078125e-07, -3.073364496231079e-08, 0.978019654750824, -0.1942906528711319, -0.0756881907582283, 0.18671326339244843, 0.9776241779327393, -0.09689751267433167, 0.09282089024782181, 0.08063578605651855, 0.9924123883247375),
            ["LowerTorso"] = CFrame.new(-0.10033085942268372, -0.19915771484375, 0.03808441013097763, 0.9914017915725708, 0.09934869408607483, -0.08516079187393188, -0.09660125523805618, 0.9946788549423218, 0.035807427018880844, 0.088265061378479, -0.0272729080170393, 0.9957236051559448),
            ["UpperTorso"] = CFrame.new(3.003515303134918e-08, -8.940696716308594e-08, 1.4435499906539917e-08, 0.9924325346946716, -0.02961142174899578, 0.11916771531105042, 0.0091828852891922, 0.9856678247451782, 0.1684482842683792, -0.12244774401187897, -0.16607922315597534, 0.9784806370735168),
            ["HumanoidRootPart"] = CFrame.new(0, 0, 0, 1, 0, 0, 0, 1, 0, 0, 0, 1),
            ["RightUpperLeg"] = CFrame.new(-2.9802322387695312e-08, 4.6798959374427795e-08, 9.480572771281004e-09, 0.9841106534004211, -0.16901607811450958, -0.05440376698970795, 0.12725849449634552, 0.8850817680358887, -0.44770050048828125, 0.12382037937641144, 0.43366339802742004, 0.8925270438194275),
            ["LeftUpperArm"] = CFrame.new(5.960464477539063e-08, -1.1920928955078125e-07, -8.568167686462402e-08, 0.21473835408687592, 0.7184309959411621, -0.6616225838661194, -0.9743322134017944, 0.20444081723690033, -0.09423776715993881, 0.0675593912601471, 0.6648765206336975, 0.743891716003418),
            ["RightLowerArm"] = CFrame.new(-0.0000014901161193847656, -6.556510925292969e-07, -7.450580596923828e-07, 1, -7.636799637111835e-08, 7.823159364761523e-08, 7.823115311111906e-08, 0.3124121129512787, -0.9499467015266418, 4.0978221704790485e-08, 0.9499467015266418, 0.3124120533466339),
            ["LeftHand"] = CFrame.new(2.086162567138672e-07, 2.384185791015625e-07, -1.1920928955078125e-07, 0.997989296913147, 0.006317361257970333, -0.06306784600019455, -0.0004932804149575531, 0.9957651495933533, 0.0919317975640297, 0.06338153034448624, -0.09171611815690994, 0.9937660694122314),
            ["RightHand"] = CFrame.new(9.685754776000977e-08, 5.960464477539063e-08, -5.960464477539063e-08, 0.9542486667633057, 0.08523806184530258, 0.28660598397254944, -0.16757670044898987, 0.9462893605232239, 0.27651211619377136, -0.24764403700828552, -0.31188300251960754, 0.9172775745391846),
            ["RightUpperArm"] = CFrame.new(1.1920928955078125e-07, 3.5762786865234375e-07, -8.940696716308594e-08, -0.12340985238552094, -0.5117657780647278, 0.8502151966094971, 0.9904600977897644, -0.01058994885534048, 0.13739226758480072, -0.06130889803171158, 0.859059751033783, 0.5081905126571655),
            ["RightLowerLeg"] = CFrame.new(6.705522537231445e-08, -0.0000603795051574707, -0.00007208267197711393, 1, -1.2293457984924316e-07, -1.3411047916633834e-07, 1.639127589214695e-07, 0.2748546600341797, 0.961485743522644, -9.313224325069314e-08, -0.9614858627319336, 0.2748548984527588),
            ["LeftUpperLeg"] = CFrame.new(-5.960464477539063e-08, 5.679612513631582e-08, 2.561137080192566e-08, 0.9876507520675659, -0.07087744027376175, 0.13972266018390656, 0.12590470910072327, 0.8898218274116516, -0.4385946989059448, -0.09324177354574203, 0.4507700800895691, 0.8877569437026978),
            ["LeftLowerLeg"] = CFrame.new(6.239861249923706e-08, 0.00006085634231567383, 0.00007194746285676956, 1, 7.078052277620372e-08, 3.9581212973871516e-08, -7.28759914636612e-08, 0.5574023723602295, 0.8302425742149353, 3.725290298461914e-08, -0.8302425742149353, 0.5574023723602295)
        }},
        [6] = {Time = 0.167, Data = {
            ["RightFoot"] = CFrame.new(-6.239861249923706e-08, 4.172325134277344e-07, -6.535992724820971e-08, 0.9913192987442017, 0.057040710002183914, -0.11845877021551132, -0.09562988579273224, 0.9311348795890808, -0.3519127070903778, 0.09022767096757889, 0.360186368227005, 0.9285068511962891),
            ["LeftLowerArm"] = CFrame.new(-2.384185791015625e-07, 2.384185791015625e-07, -8.940696716308594e-08, 1, -8.195635814445268e-08, 9.685756197086448e-08, 5.215405707303944e-08, -0.1151081919670105, -0.993353009223938, 7.450579886381092e-08, 0.9933529496192932, -0.11510828137397766),
            ["LeftFoot"] = CFrame.new(3.1315721571445465e-08, 0, -1.6298145055770874e-08, 0.9949750900268555, 0.004225143697112799, 0.10003399848937988, 0.03117947466671467, 0.9363534450531006, -0.34967145323753357, -0.09514456987380981, 0.35103341937065125, 0.9315166473388672),
            ["Head"] = CFrame.new(5.494803190231323e-08, -1.1920928955078125e-07, -2.0023435354232788e-08, 0.9818910360336304, -0.17158626019954681, -0.08029994368553162, 0.16405688226222992, 0.9821025729179382, -0.09252001345157623, 0.0947379395365715, 0.0776708796620369, 0.9924676418304443),
            ["LowerTorso"] = CFrame.new(-0.09616948664188385, -0.20476281642913818, 0.04059528186917305, 0.9940972328186035, 0.07567671686410904, -0.07774118334054947, -0.0735170841217041, 0.9968341588973999, 0.030280010774731636, 0.07978656142950058, -0.024385971948504448, 0.9965136647224426),
            ["UpperTorso"] = CFrame.new(2.3050233721733093e-08, -4.76837158203125e-07, 4.656612873077393e-10, 0.9927276372909546, -0.00038762958138249815, 0.12038213759660721, -0.022245705127716064, 0.982181966304779, 0.1866111308336258, -0.11830952018499374, -0.18793201446533203, 0.9750305414199829),
            ["HumanoidRootPart"] = CFrame.new(0, 0, 0, 1, 0, 0, 0, 1, 0, 0, 0, 1),
            ["RightUpperLeg"] = CFrame.new(-2.9802322387695312e-08, -2.1280720829963684e-07, 1.5068508218973875e-08, 0.9859007000923157, -0.14967824518680573, -0.07480908930301666, 0.09940997511148453, 0.8835418820381165, -0.45768046379089355, 0.13460178673267365, 0.44379058480262756, 0.885964035987854),
            ["LeftUpperArm"] = CFrame.new(1.1920928955078125e-07, -3.5762786865234375e-07, 5.960464477539063e-08, 0.5232664942741394, 0.6856905221939087, -0.5059849619865417, -0.8515135049819946, 0.44400572776794434, -0.27889755368232727, 0.03342295438051224, 0.5767906904220581, 0.8162078857421875),
            ["RightLowerArm"] = CFrame.new(-0.000003814697265625, -7.152557373046875e-07, -7.450580596923828e-07, 1, -5.029095007103024e-08, 1.1921002851522644e-07, 1.2666031068420125e-07, 0.17769674956798553, -0.9840853214263916, 4.097833539162821e-08, 0.9840852618217468, 0.1776968389749527),
            ["LeftHand"] = CFrame.new(8.940696716308594e-08, 1.7881393432617188e-07, -8.940696716308594e-08, 0.9650733470916748, 0.09947294741868973, -0.242360457777977, -0.08700858056545258, 0.9942995309829712, 0.06162763014435768, 0.24710941314697266, -0.03838784992694855, 0.968226969242096),
            ["RightHand"] = CFrame.new(7.301568984985352e-07, 1.1920928955078125e-07, 1.7881393432617188e-07, 0.972412109375, 0.07195237278938293, 0.22189465165138245, -0.13389617204666138, 0.951096773147583, 0.27836939692497253, -0.19101478159427643, -0.3003964126110077, 0.9344909191131592),
            ["RightUpperArm"] = CFrame.new(1.1920928955078125e-07, 2.384185791015625e-07, 1.2293457984924316e-07, 0.12391036748886108, -0.5222557783126831, 0.843738853931427, 0.9901290535926819, 0.12120278179645538, -0.07038723677396774, -0.06550350785255432, 0.8441320061683655, 0.5321188569068909),
            ["RightLowerLeg"] = CFrame.new(-1.862645149230957e-09, -0.00006079673767089844, -0.00007211992488009855, 1, -1.6205008535052912e-07, -1.2293459406009788e-07, 1.5087427129856223e-07, 0.2562969923019409, 0.9665980935096741, -1.2014062633625144e-07, -0.9665981531143188, 0.2562972605228424),
            ["LeftUpperLeg"] = CFrame.new(1.4901161193847656e-07, -3.142704372294247e-07, -1.1641532182693481e-08, 0.9910001754760742, -0.04538687691092491, 0.1259317845106125, 0.10051455348730087, 0.8736140131950378, -0.4761253893375397, -0.08840591460466385, 0.4844982922077179, 0.8703137040138245),
            ["LeftLowerLeg"] = CFrame.new(6.05359673500061e-08, 0.00006073713302612305, 0.00007199961692094803, 1, 7.543712854385376e-08, 4.0512531995773315e-08, -7.450581307466564e-08, 0.502192497253418, 0.8647558689117432, 4.284084198502569e-08, -0.8647558689117432, 0.5021925568580627)
        }},
        [7] = {Time = 0.200, Data = {
            ["RightFoot"] = CFrame.new(4.563480615615845e-08, 2.980232238769531e-07, -9.480572771281004e-09, 0.9909817576408386, 0.039535898715257645, -0.12803219258785248, -0.07562170177698135, 0.9537931084632874, -0.2907921075820923, 0.11061948537826538, 0.29785189032554626, 0.9481813311576843),
            ["LeftLowerArm"] = CFrame.new(-3.2782554626464844e-07, 3.5762786865234375e-07, 0, 1, -1.341104507446289e-07, 1.005828522693264e-07, 1.2665984172599565e-07, -0.20318733155727386, -0.9791399240493774, 7.450579175838357e-08, 0.9791399240493774, -0.20318737626075745),
            ["LeftFoot"] = CFrame.new(1.6996636986732483e-08, -1.1920928955078125e-07, 4.656612873077393e-10, 0.9961706399917603, -0.0032544084824621677, 0.08737072348594666, 0.03165633603930473, 0.9449301958084106, -0.3257374167442322, -0.08149915933609009, 0.3272559344768524, 0.9414147138595581),
            ["Head"] = CFrame.new(5.960464477539063e-08, 1.1920928955078125e-07, -4.7497451305389404e-08, 0.9850847721099854, -0.1487985998392105, -0.0864119902253151, 0.14344066381454468, 0.9875057339668274, -0.06524845212697983, 0.0950411856174469, 0.051880281418561935, 0.9941205382347107),
            ["LowerTorso"] = CFrame.new(-0.08549328148365021, -0.19597625732421875, 0.04243572801351547, 0.997460663318634, 0.043518513441085815, -0.05637882649898529, -0.041477397084236145, 0.9984585046768188, 0.03688201680779457, 0.05789697542786598, -0.03444990888237953, 0.9977279901504517),
            ["UpperTorso"] = CFrame.new(-2.153683453798294e-08, 4.172325134277344e-07, -2.0954757928848267e-09, 0.9930244088172913, 0.03795107826590538, 0.11163489520549774, -0.057437825947999954, 0.9825513958930969, 0.17690041661262512, -0.10297346860170364, -0.18207843601703644, 0.9778772592544556),
            ["HumanoidRootPart"] = CFrame.new(0, 0, 0, 1, 0, 0, 0, 1, 0, 0, 0, 1),
            ["RightUpperLeg"] = CFrame.new(-5.960464477539063e-08, 3.534369170665741e-07, -1.287116901949048e-08, 0.987791895866394, -0.12425461411476135, -0.09395851939916611, 0.04696657508611679, 0.8126269578933716, -0.5808887481689453, 0.14853131771087646, 0.5693840980529785, 0.808542013168335),
            ["LeftUpperArm"] = CFrame.new(0, 0, -4.470348358154297e-08, 0.7186219692230225, 0.6306591629981995, -0.2930043339729309, -0.6953141689300537, 0.6449813842773438, -0.31707602739334106, -0.010984466411173344, 0.431587815284729, 0.9020040035247803),
            ["RightLowerArm"] = CFrame.new(-0.000003635883331298828, -5.364418029785156e-07, -5.662441253662109e-07, 1, -1.0430708385911203e-07, 1.0430873942368635e-07, 8.940737217244532e-08, 0.03213655948638916, -0.9994835257530212, 1.043085973151392e-07, 0.9994835257530212, 0.032136574387550354),
            ["LeftHand"] = CFrame.new(0, -1.1920928955078125e-07, -1.1920928955078125e-07, 0.9321568608283997, 0.1378781497478485, -0.3347736895084381, -0.14787748456001282, 0.9889957904815674, -0.004432812333106995, 0.3304784297943115, 0.053637828677892685, 0.9422882199287415),
            ["RightHand"] = CFrame.new(2.384185791015625e-07, 2.384185791015625e-07, 1.7881393432617188e-07, 0.9802451133728027, 0.05760650336742401, 0.1892116516828537, -0.09945803880691528, 0.9704628586769104, 0.2197965532541275, -0.17096136510372162, -0.23427201807498932, 0.9570205807685852),
            ["RightUpperArm"] = CFrame.new(1.1920928955078125e-07, -1.1920928955078125e-07, -5.960464477539063e-08, 0.30975237488746643, -0.5396369695663452, 0.7828444838523865, 0.946932315826416, 0.2494337558746338, -0.20273610949516296, -0.08586408197879791, 0.8040987253189087, 0.5882624387741089),
            ["RightLowerLeg"] = CFrame.new(3.166496753692627e-08, -0.000060558319091796875, -0.00007225403533084318, 1, -1.3504175910838967e-07, -1.4994300556736562e-07, 1.51805579662323e-07, 0.08258036524057388, 0.996584415435791, -1.5739351511001587e-07, -0.9965844750404358, 0.08258061110973358),
            ["LeftUpperLeg"] = CFrame.new(-1.1920928955078125e-07, 1.0113581083714962e-07, 1.0244548320770264e-08, 0.9949983358383179, -0.012631775811314583, 0.09908995032310486, 0.06195862218737602, 0.8561438322067261, -0.513009786605835, -0.07835501432418823, 0.5165833234786987, 0.8526442050933838),
            ["LeftLowerLeg"] = CFrame.new(8.847564458847046e-08, 0.00006103515625, 0.00007201917469501495, 1, 7.729976658765736e-08, 4.6566128730773926e-08, -7.543713564928112e-08, 0.4719514548778534, 0.8816245794296265, 4.936010356004772e-08, -0.8816245198249817, 0.471951425075531)
        }},
        [8] = {Time = 0.233, Data = {
            ["RightFoot"] = CFrame.new(3.725290298461914e-09, 3.5762786865234375e-07, 1.6933336155489087e-07, 0.9873111844062805, 0.006856798660010099, -0.15864944458007812, -0.0393730029463768, 0.9784409403800964, -0.20273923873901367, 0.15383891761302948, 0.20641320943832397, 0.966295599937439),
            ["LeftLowerArm"] = CFrame.new(2.9802322387695312e-08, 2.980232238769531e-07, -3.725290298461914e-08, 1, -8.568170528633345e-08, -3.632159462085838e-08, 4.598405922706661e-08, -0.22518448531627655, -0.9743162393569946, 8.381903882082042e-08, 0.9743162393569946, -0.22518445551395416),
            ["LeftFoot"] = CFrame.new(-8.638016879558563e-08, 0, 5.029141902923584e-08, 0.9976763129234314, -0.0144357243552804, 0.06658492237329483, 0.030080020427703857, 0.970217764377594, -0.24035954475402832, -0.06113211438059807, 0.24180394411087036, 0.9683974981307983),
            ["Head"] = CFrame.new(-2.60770320892334e-08, 1.1920928955078125e-07, -5.122274160385132e-08, 0.986929714679718, -0.13100774586200714, -0.0938451960682869, 0.1285303384065628, 0.9911892414093018, -0.032000571489334106, 0.09721068292856216, 0.01952042616903782, 0.9950724840164185),
            ["LowerTorso"] = CFrame.new(-0.0720897987484932, -0.15871572494506836, 0.03843817859888077, 0.9996172189712524, 0.010880294255912304, -0.02543722465634346, -0.009682688862085342, 0.9988601803779602, 0.046739041805267334, 0.02591676451265812, -0.04647485166788101, 0.998583197593689),
            ["UpperTorso"] = CFrame.new(2.10711732506752e-08, 2.980232238769531e-07, 1.0710209608078003e-08, 0.9928627014160156, 0.07381035387516022, 0.09367933869361877, -0.08754721283912659, 0.9844633936882019, 0.1522080898284912, -0.08098935335874557, -0.159323051571846, 0.9838988780975342),
            ["HumanoidRootPart"] = CFrame.new(0, 0, 0, 1, 0, 0, 0, 1, 0, 0, 0, 1),
            ["RightUpperLeg"] = CFrame.new(0, 1.0151416063308716e-07, 2.0656443666666746e-08, 0.986854076385498, -0.10381103307008743, -0.12386443465948105, -0.028493177145719528, 0.642657458782196, -0.7656238079071045, 0.1590825617313385, 0.7590880393981934, 0.6312510967254639),
            ["LeftUpperArm"] = CFrame.new(-1.1920928955078125e-07, 0, -1.4901161193847656e-08, 0.7925196886062622, 0.598975658416748, -0.11463265120983124, -0.6065886616706848, 0.7548320889472961, -0.24955712258815765, -0.06295019388198853, 0.26731374859809875, 0.9615511298179626),
            ["RightLowerArm"] = CFrame.new(-0.000004082918167114258, -6.556510925292969e-07, -7.748603820800781e-07, 1, -8.940615714436717e-08, 2.980245028538775e-08, 1.3411116128736467e-07, -0.09700126945972443, -0.9952843189239502, 1.7881487224258308e-07, 0.9952843189239502, -0.09700123965740204),
            ["LeftHand"] = CFrame.new(-2.0675361156463623e-07, -1.1920928955078125e-07, -1.4901161193847656e-07, 0.9262629747390747, 0.16757066547870636, -0.3375749886035919, -0.20764712989330292, 0.9744102954864502, -0.08606533706188202, 0.31451475620269775, 0.14981584250926971, 0.9373558163642883),
            ["RightHand"] = CFrame.new(2.9802322387695312e-08, 1.1920928955078125e-07, -5.960464477539063e-08, 0.9813638925552368, 0.04758310317993164, 0.1861739456653595, -0.06247727572917938, 0.9952268004417419, 0.07496577501296997, -0.1817181408405304, -0.08520304411649704, 0.9796527624130249),
            ["RightUpperArm"] = CFrame.new(-1.1920928955078125e-07, 0, 2.2351741790771484e-08, 0.42075759172439575, -0.5871904492378235, 0.6914988160133362, 0.9022884368896484, 0.3498745560646057, -0.251919150352478, -0.09401340037584305, 0.7299282550811768, 0.6770275235176086),
            ["RightLowerLeg"] = CFrame.new(5.587935447692871e-08, -0.00006031990051269531, -0.00007220188126666471, 1, -1.7881387748275301e-07, -1.713633963618122e-07, 1.2665985593685036e-07, -0.18221312761306763, 0.9832590818405151, -1.7881390590446244e-07, -0.9832590818405151, -0.18221306800842285),
            ["LeftUpperLeg"] = CFrame.new(2.9802322387695312e-08, -1.1641532182693481e-10, 9.313225746154785e-09, 0.9976608157157898, 0.01786470226943493, 0.06598418951034546, 0.020240770652890205, 0.844768762588501, -0.5347487926483154, -0.06529449671506882, 0.5348334312438965, 0.8424310088157654),
            ["LeftLowerLeg"] = CFrame.new(5.4016709327697754e-08, 0.00006073713302612305, 0.00007210299372673035, 1, 7.404014468193054e-08, 3.5855915569982244e-08, -7.404014468193054e-08, 0.4831637144088745, 0.8755300045013428, 4.819594323635101e-08, -0.8755300045013428, 0.4831637442111969)
        }},
        [9] = {Time = 0.267, Data = {
            ["RightFoot"] = CFrame.new(-4.260800778865814e-08, 2.980232238769531e-07, -8.398637874051929e-08, 0.9780498147010803, -0.03126233071088791, -0.20601294934749603, 0.020712202414870262, 0.9983706474304199, -0.05317026004195213, 0.20733942091464996, 0.04773586243391037, 0.9771037101745605),
            ["LeftLowerArm"] = CFrame.new(9.238719940185547e-07, 2.980232238769531e-07, 2.9802322387695312e-08, 1, -1.1548401346317405e-07, 1.5739355774258001e-07, 4.6100467443466187e-08, -0.21520785987377167, -0.976568341255188, 1.0989606380462646e-07, 0.976568341255188, -0.21520783007144928),
            ["LeftFoot"] = CFrame.new(1.4086253941059113e-08, 1.1920928955078125e-07, 1.1175870895385742e-08, 0.9990338683128357, -0.023910917341709137, 0.036872223019599915, 0.02704884298145771, 0.995832622051239, -0.08709629625082016, -0.0346359945833683, 0.08800952136516571, 0.995517373085022),
            ["Head"] = CFrame.new(-5.587935447692871e-09, 4.76837158203125e-07, 5.681067705154419e-08, 0.9884525537490845, -0.1133684366941452, -0.10054502636194229, 0.11209840327501297, 0.9935303330421448, -0.01821090281009674, 0.10195908695459366, 0.006729824468493462, 0.9947658777236938),
            ["LowerTorso"] = CFrame.new(-0.057379066944122314, -0.08958256244659424, 0.028111495077610016, 0.9997517466545105, -0.019029464572668076, 0.01158949639648199, 0.01835397072136402, 0.9982711672782898, 0.05583912879228592, -0.012632046826183796, -0.05561255291104317, 0.9983726143836975),
            ["UpperTorso"] = CFrame.new(5.435140337795019e-09, -2.9802322387695312e-08, 1.4551915228366852e-09, 0.9924143552780151, 0.1015017181634903, 0.06936360895633698, -0.10932515561580658, 0.986700177192688, 0.12029452621936798, -0.05623098462820053, -0.12696516513824463, 0.9903120398521423),
            ["HumanoidRootPart"] = CFrame.new(0, 0, 0, 1, 0, 0, 0, 1, 0, 0, 0, 1),
            ["RightUpperLeg"] = CFrame.new(-1.1920928955078125e-07, 2.2444874048233032e-07, -2.49783624894917e-08, 0.9791837334632874, -0.10540906339883804, -0.17345981299877167, -0.1149027943611145, 0.4166084825992584, -0.9017954468727112, 0.16732224822044373, 0.9029542207717896, 0.39582422375679016),
            ["LeftUpperArm"] = CFrame.new(-1.1920928955078125e-07, 2.384185791015625e-07, 1.1175870895385742e-07, 0.8040017485618591, 0.5939882397651672, 0.0275554321706295, -0.5846671462059021, 0.7981318235397339, -0.1454305201768875, -0.10837690532207489, 0.10081568360328674, 0.9889846444129944),
            ["RightLowerArm"] = CFrame.new(-0.00000426173210144043, -0.0000010728836059570312, -4.172325134277344e-07, 1, -2.9802112777588263e-08, 1.490120240532633e-07, 7.450618966231559e-08, -0.19511163234710693, -0.980781078338623, 0, 0.980781078338623, -0.19511161744594574),
            ["LeftHand"] = CFrame.new(2.0116567611694336e-07, -1.1920928955078125e-07, -2.4586915969848633e-07, 0.9408109784126282, 0.18845218420028687, -0.2817099094390869, -0.2384236454963684, 0.9587282538414001, -0.15490102767944336, 0.240891695022583, 0.2128988653421402, 0.9469135403633118),
            ["RightHand"] = CFrame.new(-6.854534149169922e-07, -2.384185791015625e-07, -5.960464477539063e-08, 0.9802987575531006, 0.0480644591152668, 0.1915832906961441, -0.025269072502851486, 0.992489218711853, -0.11969725787639618, -0.1958974152803421, 0.11249406635761261, 0.9741501212120056),
