return {
    ["Independence"] = {
        {Time = 0.000, Data = {
            ["RightFoot"] = CFrame.new(1.8998980522155762e-07, -5.960464477539063e-08, 1.6952981241047382e-09, 0.9222273826599121, 0.3580746054649353, -0.14587457478046417, -0.3862778842449188, 0.8697590827941895, -0.30709660053253174, 0.016912177205085754, 0.3395610451698303, 0.940432071685791),
            ["LeftLowerArm"] = CFrame.new(0.0000016689300537109375, 5.960464477539063e-08, 0.000005071982741355896, 1, 1.9744041424019088e-07, 1.1548401346317405e-07, -1.4901161193847656e-07, 0.9551090598106384, -0.29625460505485535, -1.7136335372924805e-07, 0.29625460505485535, 0.9551090002059937),
            ["RightUpperArm"] = CFrame.new(-0.0008802413940429688, 0.016800880432128906, -0.012046068906784058, 0.6129571795463562, -0.6192510724067688, 0.49072563648223877, 0.14956949651241302, 0.7007913589477539, 0.6975102424621582, -0.7758302092552185, -0.3541463315486908, 0.5221761465072632),
            ["Head"] = CFrame.new(-9.313225746154785e-10, -0.0000011920928955078125, -3.3527612686157227e-08, 0.9914098978042603, 0.05708133056759834, 0.1176779568195343, -0.0308307446539402, 0.976377010345459, -0.2138633131980896, -0.12710560858249664, 0.2083979696035385, 0.9697497487068176),
            ["RightHand"] = CFrame.new(4.041939973831177e-07, 0.0000010132789611816406, -7.795169949531555e-07, 0.7885671257972717, 0.4261210560798645, 0.443375825881958, -0.3299224078655243, 0.9016090035438538, -0.27973729372024536, -0.5189539790153503, 0.07431203126907349, 0.8515661954879761),
            ["UpperTorso"] = CFrame.new(2.3748725652694702e-08, 1.1920928955078125e-07, 5.075708031654358e-08, 0.9928489327430725, -0.01883956976234913, 0.11788228899240494, -0.00954218115657568, 0.9717850089073181, 0.23567529022693634, -0.11899631470441818, -0.23511475324630737, 0.9646559357643127),
            ["HumanoidRootPart"] = CFrame.new(0, 0, 0, 1, 0, 0, 0, 1, 0, 0, 0, 1),
            ["RightUpperLeg"] = CFrame.new(0, 1.7276033759117126e-07, -2.6266206987202168e-09, 0.9339233040809631, -0.353366881608963, 0.05402765050530434, 0.3449377715587616, 0.8511480689048767, -0.3956831991672516, 0.0938357338309288, 0.3881736993789673, 0.9167965650558472),
            ["LeftUpperArm"] = CFrame.new(0.060099780559539795, 0.017114639282226562, -0.012033548206090927, 0.8188120126724243, 0.3873579502105713, 0.4236753284931183, -0.41062241792678833, 0.9109588265419006, -0.03928614407777786, -0.4011686146259308, -0.14180263876914978, 0.9049618244171143),
            ["RightLowerArm"] = CFrame.new(4.470348358154297e-07, 4.172325134277344e-07, -0.000003986060619354248, 1, -0.000019334262105985545, -9.760261718838592e-07, 0.00001893937587738037, 0.9852467775344849, -0.17114019393920898, 0.000004295259714126587, 0.17114019393920898, 0.9852467775344849),
            ["LeftHand"] = CFrame.new(-0.0000017285346984863281, -0.0000010132789611816406, 0, 0.6384238004684448, -0.02160199172794819, -0.7693814039230347, 0.17428386211395264, 0.9776998162269592, 0.1171678677201271, 0.7496933341026306, -0.20889350771903992, 0.6279522776603699),
            ["LeftFoot"] = CFrame.new(8.800998330116272e-08, -2.980232238769531e-07, -9.313225746154785e-09, 0.9658169150352478, -0.2533235549926758, 0.05499877780675888, 0.25898706912994385, 0.9338698387145996, -0.24660271406173706, 0.011108491569757462, 0.25241708755493164, 0.9675548672676086),
            ["LowerTorso"] = CFrame.new(0.2623225748538971, -0.28111541271209717, 0.17982274293899536, -0.018308402970433235, 0.0071359057910740376, 0.9998070001602173, -0.007645956240594387, 0.9999443292617798, -0.0072768977843225, -0.9998031854629517, -0.007777709048241377, -0.018252823501825333),
            ["RightLowerLeg"] = CFrame.new(1.6298145055770874e-08, -0.0007262229919433594, 0.000045990404032636434, 1, 1.6763807764164085e-07, 5.587938289863814e-08, -2.980233304583635e-08, 0.41927170753479004, 0.9078606963157654, 1.0430816388407038e-07, -0.9078608155250549, 0.4192720651626587),
            ["LeftUpperLeg"] = CFrame.new(-5.960464477539063e-08, 1.317821443080902e-07, 4.563480615615845e-08, 0.9644303321838379, 0.2504461407661438, -0.08456363528966904, -0.24816562235355377, 0.7476679086685181, -0.6159601211547852, -0.09103928506374359, 0.615036129951477, 0.7832254767417908),
            ["LeftLowerLeg"] = CFrame.new(5.587935447692871e-09, -0.0007265806198120117, 0.000080890953540802, 1, 7.450578820566989e-09, 5.215407838932151e-08, -5.215404996761208e-08, 0.5706775188446045, 0.8211742639541626, 6.705521116145974e-08, -0.8211743831634521, 0.5706775784492493),
        }},
        {Time = 0.033, Data = {
            ["RightFoot"] = CFrame.new(2.4260953068733215e-07, -1.1920928955078125e-07, 1.3580574886873364e-07, 0.9210764169692993, 0.32548078894615173, -0.21373024582862854, -0.3884012997150421, 0.8069109916687012, -0.4450160264968872, 0.027617141604423523, 0.49290668964385986, 0.8696436882019043),
            ["LeftLowerArm"] = CFrame.new(0.000001043081283569336, -7.152557373046875e-07, 0.000004604458808898926, 1, 1.4901161193847656e-07, 1.620501706156574e-07, -1.1920928955078125e-07, 0.9833126664161682, -0.18192362785339355, -1.5273690223693848e-07, 0.18192365765571594, 0.9833126664161682),
            ["RightUpperArm"] = CFrame.new(-0.004868745803833008, 0.009182214736938477, -0.010661870241165161, 0.5910758376121521, -0.6036727428436279, 0.5349846482276917, 0.05041038617491722, 0.6895952224731445, 0.722438395023346, -0.8050392270088196, -0.4000471830368042, 0.4380344748497009),
            ["Head"] = CFrame.new(-1.6763806343078613e-08, -0.0000010728836059570312, -2.7939677238464355e-08, 0.9685248136520386, 0.07483558356761932, 0.2374015897512436, -0.023141860961914062, 0.9766768217086792, -0.21346415579319, -0.24783925712108612, 0.20125126838684082, 0.9476674199104309),
            ["RightHand"] = CFrame.new(2.384185791015625e-07, 0.0000011324882507324219, -6.025657057762146e-07, 0.8047755360603333, 0.40475985407829285, 0.4341718256473541, -0.314578652381897, 0.9111137986183167, -0.2662936747074127, -0.5033653974533081, 0.0777256041765213, 0.8605709671974182),
            ["UpperTorso"] = CFrame.new(2.60770320892334e-08, 3.2782554626464844e-07, -3.771856427192688e-08, 0.9889752864837646, -0.1294572949409485, 0.07189334183931351, 0.10786386579275131, 0.9624200463294983, 0.2492249310016632, -0.10145563632249832, -0.23872250318527222, 0.9657734632492065),
            ["HumanoidRootPart"] = CFrame.new(0, 0, 0, 1, 0, 0, 0, 1, 0, 0, 0, 1),
            ["RightUpperLeg"] = CFrame.new(5.960464477539063e-08, 3.725290298461914e-09, 1.0986695997416973e-09, 0.9030566811561584, -0.40222957730293274, 0.15066567063331604, 0.42713212966918945, 0.804022490978241, -0.41364988684654236, 0.04524365812540054, 0.4379033148288727, 0.8978829383850098),
            ["LeftUpperArm"] = CFrame.new(0.05625957250595093, 0.02571547031402588, -0.009799152612686157, 0.7851378917694092, 0.436614066362381, 0.43923419713974, -0.43228408694267273, 0.894222617149353, -0.1161738783121109, -0.4434961974620819, -0.09866143763065338, 0.8908294439315796),
            ["RightLowerArm"] = CFrame.new(2.980232238769531e-07, 4.76837158203125e-07, -0.000003691762685775757, 1, -0.00001922995397762861, -0.000002264976728838519, 0.000018954278857563622, 0.9944512844085693, -0.10519794374704361, 0.000004291534878575476, 0.1051979586482048, 0.9944512844085693),
            ["LeftHand"] = CFrame.new(-0.0000014901161193847656, -0.0000011324882507324219, 2.086162567138672e-07, 0.6637017130851746, -0.047425638884305954, -0.7464918494224548, 0.15522445738315582, 0.9849953055381775, 0.07543102651834488, 0.7317140698432922, -0.1659376174211502, 0.661105215549469),
            ["LeftFoot"] = CFrame.new(-2.2351741790771484e-08, -5.960464477539063e-08, 3.725290298461914e-09, 0.964573323726654, -0.2578940987586975, 0.05558118224143982, 0.26355987787246704, 0.9327405691146851, -0.246031254529953, 0.011607195250689983, 0.25196385383605957, 0.9676669836044312),
            ["LowerTorso"] = CFrame.new(0.26399290561676025, -0.3358161449432373, 0.17394289374351501, -0.04036775603890419, 0.007709866389632225, 0.9991551637649536, -0.09364151209592819, 0.9955400228500366, -0.011465266346931458, -0.9947872757911682, -0.09402523189783096, -0.039465755224227905),
            ["RightLowerLeg"] = CFrame.new(6.717164069414139e-08, -0.0007263422012329102, 0.00004603883280651644, 1, 1.3131653986420133e-07, 2.887100691850719e-08, -5.168840289115906e-08, 0.2696833610534668, 0.9629490971565247, 1.1827796697616577e-07, -0.9629491567611694, 0.2696834206581116),
            ["LeftUpperLeg"] = CFrame.new(0, -9.778887033462524e-08, -5.587935447692871e-09, 0.9824362993240356, 0.18051759898662567, -0.047248080372810364, -0.16904252767562866, 0.7537788152694702, -0.6350134015083313, -0.0790165588259697, 0.6318471431732178, 0.7710548043251038),
            ["LeftLowerLeg"] = CFrame.new(1.862645149230957e-09, -0.0007264018058776855, 0.00008098781108856201, 1, 7.4505820180093e-08, 6.70552182668871e-08, -3.725290653733282e-08, 0.5523037910461426, 0.8336430788040161, 2.980232594040899e-08, -0.8336430191993713, 0.5523034930229187),
        }},
        {Time = 0.067, Data = {
            ["RightFoot"] = CFrame.new(1.043081283569336e-07, -1.1920928955078125e-07, -1.3205863069742918e-08, 0.9251120686531067, 0.2721118927001953, -0.2648073434829712, -0.3735729157924652, 0.7770305275917053, -0.5066232085227966, 0.06790529936552048, 0.5676079392433167, 0.8204938173294067),
            ["LeftLowerArm"] = CFrame.new(8.046627044677734e-07, -1.1920928955078125e-07, 0.000005252659320831299, 1, 1.1920928955078125e-07, 7.82310962677002e-08, -1.4901162614933128e-07, 0.9905970692634583, -0.13681192696094513, -1.1920930376163597e-07, 0.13681188225746155, 0.990597128868103),
            ["RightUpperArm"] = CFrame.new(-0.008794426918029785, 0.009595513343811035, -0.007468752562999725, 0.5721155405044556, -0.5977553129196167, 0.5615800023078918, -0.023953542113304138, 0.6722396016120911, 0.739946186542511, -0.819823145866394, -0.4367867112159729, 0.370280385017395),
            ["Head"] = CFrame.new(2.2351741790771484e-08, -7.152557373046875e-07, -2.9802322387695312e-08, 0.9627670645713806, 0.07869666069746017, 0.25862374901771545, -0.024300888180732727, 0.9780106544494629, -0.20713485777378082, -0.2692377269268036, 0.1931377500295639, 0.9435088038444519),
            ["RightHand"] = CFrame.new(2.384185791015625e-07, 9.5367431640625e-07, -8.866190910339355e-07, 0.816239058971405, 0.38993141055107117, 0.42627081274986267, -0.3045786917209625, 0.9174376130104065, -0.256008505821228, -0.4909028708934784, 0.07913103699684143, 0.8676133155822754),
            ["UpperTorso"] = CFrame.new(-3.725290298461914e-08, -2.9802322387695312e-08, 3.958120942115784e-08, 0.9834058284759521, -0.17471149563789368, 0.04887613654136658, 0.15647323429584503, 0.9531607627868652, 0.2588449716567993, -0.0918099582195282, -0.24690183997154236, 0.9646815657615662),
            ["HumanoidRootPart"] = CFrame.new(0, 0, 0, 1, 0, 0, 0, 1, 0, 0, 0, 1),
            ["RightUpperLeg"] = CFrame.new(-2.9802322387695312e-08, 8.847564458847046e-08, 5.2321411203593016e-08, 0.8936523199081421, -0.3963497579097748, 0.21045807003974915, 0.4485894441604614, 0.8019188642501831, -0.39458033442497253, -0.012378468178212643, 0.4470268487930298, 0.8944348692893982),
            ["LeftUpperArm"] = CFrame.new(0.052338480949401855, 0.026365160942077637, -0.006467588245868683, 0.7539830207824707, 0.46648305654525757, 0.46249648928642273, -0.4310262203216553, 0.8826311230659485, -0.18756021559238434, -0.49570751190185547, -0.05793093144893646, 0.866555392742157),
            ["RightLowerArm"] = CFrame.new(4.76837158203125e-07, 4.76837158203125e-07, -0.0000036954879760742188, 1, -0.00001916289511427749, -0.0000027269122711004457, 0.000018902122974395752, 0.9967352151870728, -0.08074034005403519, 0.0000042691826820373535, 0.08074043691158295, 0.996735155582428),
            ["LeftHand"] = CFrame.new(-0.0000014901161193847656, -0.0000010728836059570312, 2.980232238769531e-07, 0.6866511702537537, -0.05007879063487053, -0.7252598404884338, 0.09231971949338913, 0.995554506778717, 0.0186625849455595, 0.7211014628410339, -0.07977037876844406, 0.6882224082946777),
            ["LeftFoot"] = CFrame.new(-1.203734427690506e-07, -5.960464477539063e-08, 2.7939677238464355e-08, 0.9636734127998352, -0.261081725358963, 0.05630255863070488, 0.2667364478111267, 0.9300467371940613, -0.25271525979042053, 0.013615230098366737, 0.2585527002811432, 0.965901255607605),
            ["LowerTorso"] = CFrame.new(0.26007428765296936, -0.35615360736846924, 0.1725093275308609, -0.045525915920734406, 0.018775073811411858, 0.9987866878509521, -0.12506791949272156, 0.991849422454834, -0.02434541843831539, -0.9911031126976013, -0.1260245144367218, -0.04280669242143631),
            ["RightLowerLeg"] = CFrame.new(-3.026798367500305e-08, -0.0007264018058776855, 0.00004602393164532259, 1, 1.7508864402770996e-07, 5.215407838932151e-08, -1.1362132568137895e-07, 0.21028578281402588, 0.9776400327682495, 1.378357126213814e-07, -0.9776399731636047, 0.21028590202331543),
            ["LeftUpperLeg"] = CFrame.new(2.9802322387695312e-08, 3.306195139884949e-08, 1.862645149230957e-08, 0.9870404601097107, 0.15698370337486267, -0.03327783942222595, -0.1420959085226059, 0.7586514353752136, -0.6358118653297424, -0.07456576824188232, 0.6323007345199585, 0.7711263298988342),
            ["LeftLowerLeg"] = CFrame.new(5.587935447692871e-08, -0.0007266998291015625, 0.00008088350296020508, 1, 6.70552182668871e-08, 7.4505797087454084e-09, -6.705521116145974e-08, 0.5354737639427185, 0.8445519804954529, 5.960463056453591e-08, -0.8445518612861633, 0.5354735255241394),
        }},
        {Time = 0.100, Data = {
            ["RightFoot"] = CFrame.new(1.9744038581848145e-07, -1.7881393432617188e-07, 1.3580574886873364e-07, 0.931473970413208, 0.2232443392276764, -0.2872597575187683, -0.34748464822769165, 0.7797985672950745, -0.5207386612892151, 0.10775281488895416, 0.584872841835022, 0.8039359450340271),
            ["LeftLowerArm"] = CFrame.new(0.0000016987323760986328, -7.152557373046875e-07, 0.000004783272743225098, 1, 1.601874686230076e-07, 5.21540641784668e-08, -1.341104507446289e-07, 0.985272228717804, -0.17099331319332123, -9.12696123123169e-08, 0.17099325358867645, 0.985272228717804),
            ["RightUpperArm"] = CFrame.new(-0.013786613941192627, 0.012192606925964355, -0.004462942481040955, 0.5298052430152893, -0.6126306056976318, 0.5865066051483154, -0.08680204302072525, 0.6487388014793396, 0.7560448050498962, -0.8436657190322876, -0.4514663815498352, 0.2905275225639343),
            ["Head"] = CFrame.new(-1.1175870895385742e-08, -0.0000010728836059570312, 3.5390257835388184e-08, 0.9711167812347412, 0.08056672662496567, 0.2245917171239853, -0.03772137686610222, 0.9812711477279663, -0.1889025866985321, -0.23560462892055511, 0.17497436702251434, 0.9559678435325623),
            ["RightHand"] = CFrame.new(2.905726432800293e-07, 8.940696716308594e-07, -9.611248970031738e-07, 0.825276792049408, 0.3782944679260254, 0.4192982614040375, -0.2971501052379608, 0.9222712516784668, -0.24722018837928772, -0.48022904992103577, 0.0794304832816124, 0.8735395073890686),
            ["UpperTorso"] = CFrame.new(3.3527612686157227e-08, 8.940696716308594e-08, 1.3504177331924438e-08, 0.9832955002784729, -0.18163877725601196, 0.011718888767063618, 0.17242980003356934, 0.9501931071281433, 0.2596171796321869, -0.05829174816608429, -0.2532597780227661, 0.9656404852867126),
            ["HumanoidRootPart"] = CFrame.new(0, 0, 0, 1, 0, 0, 0, 1, 0, 0, 0, 1),
            ["RightUpperLeg"] = CFrame.new(0, 2.3096799850463867e-07, -2.3115717340260744e-08, 0.8975463509559631, -0.374549925327301, 0.23264339566230774, 0.43787553906440735, 0.8190759420394897, -0.3706478774547577, -0.05172645300626755, 0.43454238772392273, 0.8991647958755493),
            ["LeftUpperArm"] = CFrame.new(0.04726672172546387, 0.02376866340637207, -0.0037120915949344635, 0.6988593935966492, 0.4879910945892334, 0.5229343175888062, -0.40690329670906067, 0.8725243806838989, -0.2704278230667114, -0.5882391929626465, -0.023792622610926628, 0.8083369135856628),
            ["RightLowerArm"] = CFrame.new(3.8743019104003906e-07, 5.960464477539062e-07, -0.000003563240170478821, 1, -0.000019207598597859032, -0.0000028386712074279785, 0.00001890957537398208, 0.9970076084136963, -0.07730452716350555, 0.000004276633717381628, 0.07730459421873093, 0.9970075488090515),
            ["LeftHand"] = CFrame.new(-0.000001519918441772461, -0.0000011920928955078125, 3.2782554626464844e-07, 0.7084341645240784, -0.031095394864678383, -0.705091118812561, -0.009591426700353622, 0.9985126256942749, -0.053672391921281815, 0.7057117819786072, 0.044786237180233, 0.7070825099945068),
            ["LeftFoot"] = CFrame.new(-8.405186235904694e-08, -1.1920928955078125e-07, 1.862645149230957e-08, 0.9640445113182068, -0.2607369124889374, 0.05132824555039406, 0.2652462124824524, 0.9323458075523376, -0.24571512639522552, 0.016211435198783875, 0.25049492716789246, 0.9679821729660034),
            ["LowerTorso"] = CFrame.new(0.2481478750705719, -0.3507121801376343, 0.17395223677158356, -0.03371012955904007, 0.03619752451777458, 0.9987759590148926, -0.12451653927564621, 0.9914055466651917, -0.040133025497198105, -0.9916447401046753, -0.12571699917316437, -0.028913218528032303),
            ["RightLowerLeg"] = CFrame.new(6.239861249923706e-08, -0.000726163387298584, 0.00004606118454830721, 1, 1.1175876579727628e-07, 5.587938645135182e-08, -7.823110337312755e-08, 0.2090238481760025, 0.977910578250885, 1.4156104555240745e-07, -0.977910578250885, 0.20902405679225922),
            ["LeftUpperLeg"] = CFrame.new(0, 2.9709190130233765e-07, 1.1175870895385742e-08, 0.9860039353370667, 0.16490936279296875, -0.02451903373003006, -0.14471733570098877, 0.7735368013381958, -0.6170068979263306, -0.08278391510248184, 0.6119198799133301, 0.7865756750106812),
            ["LeftLowerLeg"] = CFrame.new(-3.3527612686157227e-08, -0.0007265210151672363, 0.00008081644773483276, 1, 5.2154071283894154e-08, 2.980232594040899e-08, -2.2351741790771484e-08, 0.5310059785842896, 0.8473681211471558, 2.9802322387695312e-08, -0.8473681807518005, 0.5310059785842896),
        }},
        {Time = 0.133, Data = {
            ["RightFoot"] = CFrame.new(1.0989606380462646e-07, -5.960464477539063e-08, 3.149762051180005e-08, 0.8888307213783264, 0.20892144739627838, -0.4078383445739746, -0.3838692307472229, 0.8255256414413452, -0.41370514035224915, 0.2502490282058716, 0.5242702960968018, 0.8139508962631226),
            ["LeftLowerArm"] = CFrame.new(0.0000014901161193847656, -3.5762786865234375e-07, 0.000004649162292480469, 1, 1.4156104555240745e-07, 7.450581307466564e-08, -1.4901162614933128e-07, 0.9114571213722229, -0.4113951623439789, -1.0430814256778831e-07, 0.4113951325416565, 0.9114571213722229),
            ["RightUpperArm"] = CFrame.new(-0.02076321840286255, 0.0192488431930542, -0.0029286229982972145, 0.5123096108436584, -0.6270862817764282, 0.586772620677948, -0.0996505469083786, 0.6352246999740601, 0.7658718228340149, -0.8529998064041138, -0.45083537697792053, 0.26294201612472534),
            ["Head"] = CFrame.new(-5.922629497945309e-09, -9.5367431640625e-07, -2.0023435354232788e-08, 0.98850417137146, 0.07808388024568558, 0.1294700652360916, -0.058132097125053406, 0.9867784380912781, -0.15129166841506958, -0.13957159221172333, 0.1420258730649948, 0.9799736738204956),
            ["RightHand"] = CFrame.new(2.7567148208618164e-07, 0.0000011920928955078125, -7.897615432739258e-07, 0.833186149597168, 0.3680482804775238, 0.4127236604690552, -0.290802538394928, 0.9264287352561951, -0.239089697599411, -0.4703560471534729, 0.0791851207613945, 0.8789172172546387),
            ["UpperTorso"] = CFrame.new(1.30385160446167e-08, -8.940696716308594e-08, 1.862645149230957e-09, 0.9871397018432617, -0.1598372757434845, 0.002708836691454053, 0.15408074855804443, 0.9558293223381042, 0.25029870867729187, -0.04259626939892769, -0.24666237831115723, 0.96816486120224),
            ["HumanoidRootPart"] = CFrame.new(0, 0, 0, 1, 0, 0, 0, 1, 0, 0, 0, 1),
            ["RightUpperLeg"] = CFrame.new(2.9802322387695312e-08, 1.2852251529693604e-07, -2.4047039914876223e-08, 0.9238443970680237, -0.3103465437889099, 0.22404618561267853, 0.3762553036212921, 0.8438223004341125, -0.38261735439300537, -0.07031115889549255, 0.4377772808074951, 0.896329939365387),
            ["LeftUpperArm"] = CFrame.new(0.040224432945251465, 0.015444159507751465, -0.0031719524413347244, 0.5969350337982178, 0.5185665488243103, 0.6121745109558105, -0.35109183192253113, 0.8549382090568542, -0.38185763359069824, -0.7213897705078125, 0.013014694675803185, 0.6924068331718445),
            ["RightLowerArm"] = CFrame.new(3.5762786865234375e-07, 2.384185791015625e-07, -0.000003830180503427982, 1, -0.000019192701074643992, -0.0000026598581825965084, 0.00001888722545118071, 0.9965357780456543, -0.083165742456913, 0.000004298985913919751, 0.08316580206155777, 0.9965358376502991),
            ["LeftHand"] = CFrame.new(-0.0000012069940567016602, -0.0000013709068298339844, 1.4901161193847656e-07, 0.7125457525253296, 0.0441635437309742, -0.7002339363098145, -0.18281912803649902, 0.9752284288406372, -0.12452593445777893, 0.6773889660835266, 0.2167467176914215, 0.7029692530632019),
            ["LeftFoot"] = CFrame.new(-6.612390279769897e-08, 0, 0, 0.9649763107299805, -0.2579372525215149, 0.047844696789979935, 0.26134538650512695, 0.9293634295463562, -0.2607341408729553, 0.022788001224398613, 0.2641063630580902, 0.9642244577407837),
            ["LowerTorso"] = CFrame.new(0.22488832473754883, -0.32094085216522217, 0.18057210743427277, 0.03647816181182861, 0.054420072585344315, 0.9978516101837158, -0.09477074444293976, 0.9942044019699097, -0.050756655633449554, -0.9948306679725647, -0.09271562099456787, 0.04142417013645172),
            ["RightLowerLeg"] = CFrame.new(-5.75091689825058e-08, -0.0007262229919433594, 0.00004611333861248568, 1, 1.695007227908718e-07, 6.984920020158825e-08, -1.257285475730896e-07, 0.22460603713989258, 0.974449634552002, 1.5273690223693848e-07, -0.974449634552002, 0.22460615634918213),
            ["LeftUpperLeg"] = CFrame.new(-5.960464477539063e-08, -3.259629011154175e-08, -2.9802322387695312e-08, 0.9734479784965515, 0.2282053828239441, 0.017928821966052055, -0.17698979377746582, 0.8000181317329407, -0.573276162147522, -0.14516814053058624, 0.5548812747001648, 0.8191660046577454),
            ["LeftLowerLeg"] = CFrame.new(-3.725290298461914e-09, -0.0007264018058776855, 0.00008102506399154663, 1, 5.215404996761208e-08, 3.725289587919178e-08, -9.685754776000977e-08, 0.5327409505844116, 0.8462783694267273, 5.21540641784668e-08, -0.8462783694267273, 0.5327409505844116),
        }},
        {Time = 0.167, Data = {
            ["RightFoot"] = CFrame.new(1.601874828338623e-07, 5.960464477539063e-08, 3.149762051180005e-08, 0.8184980750083923, 0.27593907713890076, -0.5039026737213135, -0.40868717432022095, 0.8961036205291748, -0.17312806844711304, 0.4037766456604004, 0.3476436138153076, 0.8462321162223816),
            ["LeftLowerArm"] = CFrame.new(0.0000014901161193847656, -4.172325134277344e-07, 0.000004842877388000488, 1, 1.5646223516796454e-07, 4.097820394122209e-08, -5.960465188081798e-08, 0.647097110748291, -0.7624078392982483, -5.960465188081798e-08, 0.7624077200889587, 0.6470969319343567),
            ["RightUpperArm"] = CFrame.new(-0.029842078685760498, 0.03208816051483154, -0.0020697377622127533, 0.5512977242469788, -0.6210017800331116, 0.5571603775024414, -0.0572427436709404, 0.6380826830863953, 0.7678369879722595, -0.8323425054550171, -0.45520028471946716, 0.3162258565425873),
            ["Head"] = CFrame.new(-1.210719347000122e-08, -0.0000010728836059570312, 3.3527612686157227e-08, 0.9964836239814758, 0.07258784025907516, -0.041851598769426346, -0.07613204419612885, 0.9929865598678589, -0.09045331925153732, 0.03499225899577141, 0.09332142025232315, 0.9950209856033325),
            ["RightHand"] = CFrame.new(2.980232238769531e-07, 9.5367431640625e-07, -9.238719940185547e-07, 0.9094803929328918, 0.25333863496780396, 0.3296431303024292, -0.20867586135864258, 0.9639507532119751, -0.16508613526821136, -0.3595827519893646, 0.0813540369272232, 0.9295601844787598),
            ["UpperTorso"] = CFrame.new(1.4901161193847656e-08, -1.7881393432617188e-07, -1.862645149230957e-08, 0.9896486401557922, -0.1261320263147354, 0.06845775991678238, 0.10747108608484268, 0.9674894213676453, 0.22894160449504852, -0.09510906785726547, -0.21921445429325104, 0.971030056476593),
            ["HumanoidRootPart"] = CFrame.new(0, 0, 0, 1, 0, 0, 0, 1, 0, 0, 0, 1),
            ["RightUpperLeg"] = CFrame.new(2.9802322387695312e-08, -9.96515154838562e-08, -5.757465260103345e-08, 0.9423155188560486, -0.24517683684825897, 0.2278813123703003, 0.3232276737689972, 0.8434149622917175, -0.429156631231308, -0.08697926253080368, 0.4780580401420593, 0.8740108013153076),
            ["LeftUpperArm"] = CFrame.new(0.031724512577056885, -0.0007666349411010742, -0.003901183605194092, 0.46793875098228455, 0.5684473514556885, 0.6766838431358337, -0.2682884931564331, 0.820923388004303, -0.5040892958641052, -0.8420537710189819, 0.05433644726872444, 0.5366498231887817),
            ["RightLowerArm"] = CFrame.new(3.5762786865234375e-07, 4.76837158203125e-07, -0.0000038333237171173096, 1, -0.000019162898752256297, -0.000002399087179583148, 0.000018917025954579003, 0.9949830770492554, -0.10004398226737976, 0.000004276633717381628, 0.10004404932260513, 0.9949830174446106),
            ["LeftHand"] = CFrame.new(-0.0000013262033462524414, -0.0000012516975402832031, 1.2665987014770508e-07, 0.6759639978408813, 0.2039545476436615, -0.7081485986709595, -0.4347042143344879, 0.8863035440444946, -0.15968212485313416, 0.5950671434402466, 0.41577473282814026, 0.6877697110176086),
            ["LeftFoot"] = CFrame.new(-6.792106432840228e-08, -5.960464477539063e-08, 1.4319084584712982e-08, 0.9656401872634888, -0.2585684061050415, 0.026107177138328552, 0.2575607895851135, 0.938770055770874, -0.22885265946388245, 0.03466533496975899, 0.22771340608596802, 0.9731110334396362),
            ["LowerTorso"] = CFrame.new(0.18994447588920593, -0.2650914192199707, 0.19227151572704315, 0.18601848185062408, 0.06097918748855591, 0.9806522130966187, -0.05000320076942444, 0.9973665475845337, -0.052533481270074844, -0.9812730550765991, -0.03926354646682739, 0.18857774138450623),
            ["RightLowerLeg"] = CFrame.new(-6.146728992462158e-08, -0.0007266998291015625, 0.000046165492676664144, 1, 1.1920931797249068e-07, 1.1175875158642157e-07, -1.1548398504146462e-07, 0.27239689230918884, 0.9621849060058594, 1.639127589214695e-07, -0.9621850252151489, 0.2723971903324127),
            ["LeftUpperLeg"] = CFrame.new(0, -1.1874362826347351e-07, -7.450580596923828e-09, 0.9340780377388, 0.3395547866821289, 0.11045768111944199, -0.23424723744392395, 0.8161984086036682, -0.5281556844711304, -0.26949313282966614, 0.4674641191959381, 0.8419327139854431),
            ["LeftLowerLeg"] = CFrame.new(-2.2351741790771484e-08, -0.0007266998291015625, 0.00008113682270050049, 1, 3.725290298461914e-08, 3.725290298461914e-08, -1.043081283569336e-07, 0.5172154903411865, 0.8558553457260132, 3.725290298461914e-08, -0.8558552265167236, 0.5172153115272522),
        }},
        {Time = 0.200, Data = {
            ["RightFoot"] = CFrame.new(1.341104507446289e-07, -5.960464477539063e-08, 4.639878170564771e-08, 0.8577341437339783, 0.36543041467666626, -0.36159780621528625, -0.37827640771865845, 0.9249351620674133, 0.037441302090883255, 0.3481367528438568, 0.10466912388801575, 0.9315821528434753),
            ["LeftLowerArm"] = CFrame.new(0.0000014901161193847656, -4.76837158203125e-07, 0.000004861503839492798, 1, 6.70552182668871e-08, -8.428471431898288e-08, -5.2154071283894154e-08, 0.1757073849439621, -0.9844425320625305, -2.980232594040899e-08, 0.9844424724578857, 0.17570731043815613),
            ["RightUpperArm"] = CFrame.new(-0.04039490222930908, 0.0453035831451416, -0.0021374523639678955, 0.5824059247970581, -0.6146411299705505, 0.5319958925247192, -0.02175397053360939, 0.6424245238304138, 0.7660400867462158, -0.812606930732727, -0.45771944522857666, 0.3607809841632843),
            ["Head"] = CFrame.new(-1.3969838619232178e-08, -0.0000011920928955078125, -7.450580596923828e-08, 0.9658748507499695, 0.07689307630062103, -0.24733257293701172, -0.0820922777056694, 0.996566653251648, -0.010762451216578484, 0.2456558793783188, 0.03069911152124405, 0.9688708782196045),
            ["RightHand"] = CFrame.new(4.470348358154297e-07, 0.0000010728836059570312, -6.854534149169922e-07, 0.9555750489234924, 0.15828315913677216, 0.24864155054092407, -0.13155785202980042, 0.9839258193969727, -0.12075856328010559, -0.2637590765953064, 0.08268306404352188, 0.9610384702682495),
            ["UpperTorso"] = CFrame.new(3.3527612686157227e-08, 2.980232238769531e-07, 2.2351741790771484e-08, 0.9797536134719849, -0.09996797144412994, 0.1734623908996582, 0.06693356484174728, 0.9801162481307983, 0.18679428100585938, -0.18868675827980042, -0.17140181362628937, 0.9669637084007263),
            ["HumanoidRootPart"] = CFrame.new(0, 0, 0, 1, 0, 0, 0, 1, 0, 0, 0, 1),
            ["RightUpperLeg"] = CFrame.new(2.9802322387695312e-08, -8.934875950217247e-08, 3.55576048605144e-08, 0.9565110206604004, -0.22348502278327942, 0.18745972216129303, 0.2915327847003937, 0.7539334893226624, -0.5887214541435242, -0.009761535562574863, 0.6177691221237183, 0.7862988710403442),
            ["LeftUpperArm"] = CFrame.new(0.022881031036376953, -0.019694924354553223, -0.004876300692558289, 0.3345440924167633, 0.6298455595970154, 0.7009814977645874, -0.16355857253074646, 0.771359384059906, -0.6150229573249817, -0.9280779957771301, 0.09110074490308762, 0.36107054352760315),
            ["RightLowerArm"] = CFrame.new(2.384185791015625e-07, 5.960464477539062e-07, -0.0000035762786865234375, 1, -0.000019311904907226562, -0.0000018104910850524902, 0.000018917025954579003, 0.9919770956039429, -0.126417875289917, 0.000004276633717381628, 0.12641796469688416, 0.9919770956039429),
            ["LeftHand"] = CFrame.new(-0.000001430511474609375, -0.0000013709068298339844, 5.005858838558197e-08, 0.5427087545394897, 0.46370989084243774, -0.7003138661384583, -0.7214213013648987, 0.6843468546867371, -0.10592851042747498, 0.43013766407966614, 0.5627100467681885, 0.7059317231178284),
            ["LeftFoot"] = CFrame.new(7.334165275096893e-08, -1.7881393432617188e-07, 0, 0.9642406105995178, -0.26499754190444946, -0.004054047632962465, 0.2609255611896515, 0.9518832564353943, -0.16073627769947052, 0.04645361006259918, 0.15393075346946716, 0.9869891405105591),
            ["LowerTorso"] = CFrame.new(0.1456264853477478, -0.19703304767608643, 0.20422053337097168, 0.37860968708992004, 0.046992167830467224, 0.9243627786636353, -0.015057167038321495, 0.9988908171653748, -0.04461371526122093, -0.9254339337348938, 0.002972900401800871, 0.3788973093032837),
            ["RightLowerLeg"] = CFrame.new(-1.1175870895385742e-08, -0.0007263422012329102, 0.00004603883280651644, 1, 1.2107196312172164e-07, 5.96046660916727e-08, -8.940698137394065e-08, 0.20709343254566193, 0.9783211946487427, 2.011657045386528e-07, -0.9783211946487427, 0.2070935219526291),
            ["LeftUpperLeg"] = CFrame.new(2.9802322387695312e-08, -1.5599653124809265e-08, -1.862645149230957e-08, 0.86260986328125, 0.4370773434638977, 0.25469154119491577, -0.28721848130226135, 0.8376142382621765, -0.4646589457988739, -0.41642504930496216, 0.3276672661304474, 0.8480709791183472),
            ["LeftLowerLeg"] = CFrame.new(8.195638656616211e-08, -0.0007265806198120117, 0.00008099526166915894, 1, 3.352760913344355e-08, 2.2351741790771484e-08, -1.862645326866641e-08, 0.5399215221405029, 0.841715395450592, 2.2351745343485163e-08, -0.841715395450592, 0.5399214625358582),
        }},
        {Time = 0.233, Data = {
            ["RightFoot"] = CFrame.new(1.043081283569336e-07, -5.960464477539063e-08, -1.3205863069742918e-08, 0.9450963139533997, 0.2994025647640228, -0.13096150755882263, -0.2804863750934601, 0.9488339424133301, 0.14505770802497864, 0.16769155859947205, -0.10036071389913559, 0.9807178378105164),
            ["LeftLowerArm"] = CFrame.new(0.0000012516975402832031, -4.76837158203125e-07, 0.000004626810550689697, 1, -5.587935447692871e-09, -8.940698137394065e-08, -3.725290298461914e-08, -0.18577244877815247, -0.9825928211212158, 6.705522537231445e-08, 0.9825928211212158, -0.18577250838279724),
            ["RightUpperArm"] = CFrame.new(-0.051194190979003906, 0.05353653430938721, -0.0033546090126037598, 0.5862634778022766, -0.6118839383125305, 0.5309362411499023, -0.013562608510255814, 0.6478744149208069, 0.761626660823822, -0.8100069761276245, -0.45371443033218384, 0.3715260624885559),
            ["Head"] = CFrame.new(-2.7939677238464355e-08, -8.344650268554688e-07, 4.470348358154297e-08, 0.8933945894241333, 0.09772748500108719, -0.43851566314697266, -0.07135653495788574, 0.9945310354232788, 0.07626517862081528, 0.44357025623321533, -0.036843955516815186, 0.8954818248748779),
            ["RightHand"] = CFrame.new(1.1920928955078125e-07, 0.0000010728836059570312, -9.238719940185547e-07, 0.9716202020645142, 0.11466015875339508, 0.20689882338047028, -0.09434926509857178, 0.9899302124977112, -0.10552981495857239, -0.21691559255123138, 0.08301425725221634, 0.9726543426513672),
            ["UpperTorso"] = CFrame.new(1.862645149230957e-08, -5.960464477539063e-08, -7.450580596923828e-09, 0.9543493986129761, -0.09111899137496948, 0.28445547819137573, 0.05671410635113716, 0.9902876019477844, 0.12694072723388672, -0.2932592034339905, -0.1050131693482399, 0.9502479434013367),
            ["HumanoidRootPart"] = CFrame.new(0, 0, 0, 1, 0, 0, 0, 1, 0, 0, 0, 1),
            ["RightUpperLeg"] = CFrame.new(5.960464477539063e-08, -2.367887645959854e-07, 3.55576048605144e-08, 0.9668545722961426, -0.25519290566444397, 0.008293957449495792, 0.16968035697937012, 0.6179203987121582, -0.7677130103111267, 0.1907898485660553, 0.7436739802360535, 0.6407402157783508),
            ["LeftUpperArm"] = CFrame.new(0.014253675937652588, -0.03714299201965332, -0.005596071481704712, 0.29668623208999634, 0.6660430431365967, 0.684371292591095, 0.0495898500084877, 0.7049259543418884, -0.7075453996658325, -0.9536865949630737, 0.24385660886764526, 0.1761125773191452),
            ["RightLowerArm"] = CFrame.new(2.980232238769531e-07, 1.1920928955078125e-07, -0.000003874301910400391, 1, -0.00001932681152538862, -0.0000011660157497317414, 0.00001890957537398208, 0.9867813587188721, -0.16205789148807526, 0.0000042654578464862425, 0.1620577573776245, 0.9867812991142273),
            ["LeftHand"] = CFrame.new(-0.0000012814998626708984, -0.0000011920928955078125, -5.960464477539063e-08, 0.36923542618751526, 0.6488639712333679, -0.665311872959137, -0.8905502557754517, 0.4517040550708771, -0.05370143800973892, 0.2656792104244232, 0.6123226881027222, 0.7446317076683044),
            ["LeftFoot"] = CFrame.new(-3.341119736433029e-08, 0, -4.470348358154297e-08, 0.9606496691703796, -0.27324533462524414, -0.04989282041788101, 0.2713059186935425, 0.9615616202354431, -0.04233934357762337, 0.059543903917074203, 0.02713695913553238, 0.9978567361831665),
            ["LowerTorso"] = CFrame.new(0.09657086431980133, -0.13026607036590576, 0.21057644486427307, 0.5727466940879822, 0.021308569237589836, 0.8194554448127747, -0.002638800535351038, 0.999704897403717, -0.024151302874088287, -0.8197281956672668, 0.011670200154185295, 0.5726338624954224),
            ["RightLowerLeg"] = CFrame.new(-3.5390257835388184e-08, -0.0007264614105224609, 0.00004588795854942873, 1, 1.6391278734317893e-07, 1.1175877290270364e-07, 4.470347647611561e-08, 0.038964662700891495, 0.9992406368255615, 2.8312203426139604e-07, -0.9992405772209167, 0.03896484524011612),
            ["LeftUpperLeg"] = CFrame.new(0, -9.895302355289459e-08, -2.2351741790771484e-08, 0.775089681148529, 0.4839327335357666, 0.4062577188014984, -0.31813496351242065, 0.8544139266014099, -0.4108125865459442, -0.5459178686141968, 0.1891719251871109, 0.816203236579895),
            ["LeftLowerLeg"] = CFrame.new(-1.0104849934577942e-07, -0.0007262825965881348, 0.00008095800876617432, 1, 2.46800535563807e-08, 8.754432201385498e-08, -2.421439049271612e-08, 0.5663147568702698, 0.824189305305481, 2.7008358216562556e-08, -0.8241890668869019, 0.5663143992424011),
        }},
        {Time = 0.267, Data = {
            ["RightFoot"] = CFrame.new(1.2852251529693604e-07, -5.960464477539063e-08, -2.0656443666666746e-08, 0.9934822916984558, 0.11397264897823334, 0.0018127555958926678, -0.11284178495407104, 0.9811264276504517, 0.1570286899805069, 0.016118425875902176, -0.1562093198299408, 0.987592339515686),
            ["LeftLowerArm"] = CFrame.new(0.0000012814998626708984, -2.384185791015625e-07, 0.000005036592483520508, 1, 2.2351745343485163e-08, -5.215407838932151e-08, -2.980232594040899e-08, -0.2986848056316376, -0.9543519020080566, 4.4703490686970326e-08, 0.9543518424034119, -0.2986847162246704),
            ["RightUpperArm"] = CFrame.new(-0.060145795345306396, 0.05730164051055908, -0.005617886781692505, 0.5831348896026611, -0.60382080078125, 0.5434648394584656, -0.017365457490086555, 0.6595646739006042, 0.7514472603797913, -0.8121898174285889, -0.44763267040252686, 0.3741294741630554),
            ["Head"] = CFrame.new(5.587935447692871e-09, -5.960464477539062e-07, 7.450580596923828e-09, 0.8081670999526978, 0.1261085569858551, -0.5752934813499451, -0.04423565790057182, 0.9870449900627136, 0.15422551333904266, 0.5872896313667297, -0.09919154644012451, 0.8032758235931396),
            ["RightHand"] = CFrame.new(3.2782554626464844e-07, 0.0000012516975402832031, -6.556510925292969e-07, 0.9782755374908447, 0.09460148960351944, 0.18446555733680725, -0.07718320190906525, 0.9920459389686584, -0.09943686425685883, -0.19240537285804749, 0.08303911983966827, 0.9777959585189819),
            ["UpperTorso"] = CFrame.new(-2.0489096641540527e-08, -2.682209014892578e-07, 2.1420419216156006e-08, 0.9239971041679382, -0.08507987856864929, 0.3728146553039551, 0.06623568385839462, 0.9958073496818542, 0.06309165805578232, -0.3766195774078369, -0.033602889627218246, 0.925758421421051),
            ["HumanoidRootPart"] = CFrame.new(0, 0, 0, 1, 0, 0, 0, 1, 0, 0, 0, 1),
            ["RightUpperLeg"] = CFrame.new(2.9802322387695312e-08, -3.465975169092417e-07, 2.9613147489726543e-09, 0.9291352033615112, -0.30845385789871216, -0.20387257635593414, 0.0303737074136734, 0.6132060289382935, -0.7893385887145996, 0.3684905171394348, 0.7272102236747742, 0.5791205167770386),
            ["LeftUpperArm"] = CFrame.new(0.007117927074432373, -0.05021071434020996, -0.006329849362373352, 0.37930378317832947, 0.7039191126823425, 0.6005216836929321, 0.26156866550445557, 0.5409734845161438, -0.7993308901786804, -0.8875306248664856, 0.4602668881416321, 0.02107018418610096),
            ["RightLowerArm"] = CFrame.new(1.1920928955078125e-07, 4.76837158203125e-07, -0.0000034570693969726562, 1, -0.000019438564777374268, -3.3527612686157227e-07, 0.000018989667296409607, 0.9783656597137451, -0.2068835198879242, 0.0000042691826820373535, 0.20688360929489136, 0.9783656597137451),
            ["LeftHand"] = CFrame.new(-0.0000014454126358032227, -9.5367431640625e-07, 2.384185791015625e-07, 0.3514113426208496, 0.6866095066070557, -0.6364563703536987, -0.9228152632713318, 0.3686610460281372, -0.11180929839611053, 0.1578674465417862, 0.6266231536865234, 0.7631658315658569),
            ["LeftFoot"] = CFrame.new(3.91155481338501e-08, -2.384185791015625e-07, 4.656612873077393e-10, 0.9589200019836426, -0.25948598980903625, -0.11462739109992981, 0.2708982527256012, 0.9575473070144653, 0.0985766053199768, 0.08418210595846176, -0.12557920813560486, 0.9885056018829346),
