return {
    Inferno = {
        [1] = {Time = 0.000, Data = {
            ["LeftLowerArm"] = CFrame.new(1.1920928955078125e-07, -1.1920928955078125e-07, 0, 1, 5.587936335871291e-09, 2.2351738238057806e-08, 7.450579175838357e-08, 0.9539467692375183, -0.29997608065605164, -4.470347292340193e-08, 0.29997605085372925, 0.9539467096328735),
            ["LeftFoot"] = CFrame.new(4.7624780563637614e-08, -5.960464477539063e-08, 7.308699423447251e-09, 0.9271700978279114, -0.19751328229904175, -0.3183465301990509, -0.2059679627418518, 0.4410611391067505, -0.8735229969024658, 0.3129422664642334, 0.8754734396934509, 0.368257075548172),
            ["RightHand"] = CFrame.new(-5.587935447692871e-08, -5.960464477539063e-08, -4.516914486885071e-08, 0.9459068179130554, 0.2949899137020111, 0.13505996763706207, -0.19919735193252563, 0.8566362857818604, -0.4759146571159363, -0.2560873329639435, 0.42326730489730835, 0.8690592646598816),
            ["HumanoidRootPart"] = CFrame.new(0, 0, 0, 1, 0, 0, 0, 1, 0, 0, 0, 1),
            ["CamPart"] = CFrame.new(3.8508801460266113, -0.5283194780349731, 1.1562085151672363, -0.34826216101646423, 0.29648712277412415, 0.8892744779586792, 0.05900745093822479, 0.9537158608436584, -0.2948633134365082, -0.935538113117218, -0.050215914845466614, -0.34963807463645935),
            ["RightLowerLeg"] = CFrame.new(-5.494803190231323e-08, -0.000003516674041748047, -0.000013311677321325988, 1, -6.407499313354492e-07, -6.407503860828001e-07, 3.897586395851249e-07, -0.3931529223918915, 0.9194731116294861, -6.146731266198913e-07, -0.9194731712341309, -0.39315304160118103),
            ["RightFoot"] = CFrame.new(-1.862645149230957e-08, 2.980232238769531e-07, 3.149762051180005e-08, 0.9845703840255737, 0.17081014811992645, 0.03801800683140755, -0.13882972300052643, 0.89471834897995, -0.42450568079948425, -0.10652541369199753, 0.41267791390419006, 0.904626727104187),
            ["LeftLowerLeg"] = CFrame.new(7.450580596923828e-09, 0.0000037550926208496094, 0.000013452023267745972, 1, 3.725291151113197e-07, 4.855101565226505e-07, -2.6822095833267667e-07, -0.45811939239501953, 0.8888907432556152, 4.6193611069611507e-07, -0.88889080286026, -0.4581194221973419),
            ["RightUpperArm"] = CFrame.new(-5.960464477539063e-08, -2.384185791015625e-07, 0, 0.5846125483512878, -0.36010536551475525, 0.7270159721374512, 0.49166420102119446, 0.8700571060180664, 0.03559638187289238, -0.6453638672828674, 0.3366376757621765, 0.6856971979141235),
            ["Head"] = CFrame.new(-4.6566128730773926e-08, 0, 5.960464477539063e-08, 0.8993339538574219, 0.20766358077526093, -0.38480445742607117, -0.21307776868343353, 0.9766034483909607, 0.029045559465885162, 0.38183295726776123, 0.055871546268463135, 0.922541081905365),
            ["UpperTorso"] = CFrame.new(-1.1175870895385742e-08, -8.940696716308594e-08, 7.450580596923828e-09, 0.9606274366378784, 0.18954865634441376, -0.20314113795757294, -0.15048089623451233, 0.9695724844932556, 0.19309262931346893, 0.23356053233146667, -0.1549212485551834, 0.9599213004112244),
            ["LeftUpperArm"] = CFrame.new(0, -1.1920928955078125e-07, -4.563480615615845e-08, 0.9561506509780884, 0.11956562101840973, 0.2673575282096863, -0.15910743176937103, 0.9784738421440125, 0.13143020868301392, -0.24588780105113983, -0.16820566356182098, 0.9545921087265015),
            ["RightLowerArm"] = CFrame.new(1.1920928955078125e-07, 1.1920928955078125e-07, -8.940696716308594e-08, 1, -9.592622518539429e-08, 1.0943040251731873e-07, 7.450580596923828e-08, -0.1737438589334488, -0.9847908616065979, 1.0803341865539551e-07, 0.9847908616065979, -0.1737438589334488),
            ["LeftHand"] = CFrame.new(-1.1920928955078125e-07, 1.1920928955078125e-07, -4.842877388000488e-08, 0.9915852546691895, 0.12263654172420502, 0.041461020708084106, -0.12869106233119965, 0.9685617685317993, 0.21290113031864166, -0.014048174023628235, -0.2164452075958252, 0.9761937260627747),
            ["LowerTorso"] = CFrame.new(0.1650078296661377, -0.8812727928161621, 0.150808647274971, 0.880502462387085, 0.13020020723342896, -0.4558108448982239, -0.03031213767826557, 0.9750378131866455, 0.21996015310287476, 0.47307172417640686, -0.17985883355140686, 0.8624697327613831),
            ["RightUpperLeg"] = CFrame.new(-5.960464477539063e-08, -2.4586915969848633e-07, 2.8107024263590574e-08, 0.8137403726577759, -0.5598568320274353, 0.1561625748872757, 0.07032289355993271, -0.1718684583902359, -0.9826067090034485, 0.5769586563110352, 0.8105687499046326, -0.10048554092645645),
            ["LeftUpperLeg"] = CFrame.new(2.9802322387695312e-08, -2.598389983177185e-07, -5.21540641784668e-08, 0.9790452122688293, 0.19281096756458282, -0.06553201377391815, -0.1384410560131073, 0.3941729962825775, -0.9085491895675659, -0.1493472307920456, 0.898583173751831, 0.41260629892349243)
        }},
        [2] = {Time = 0.017, Data = {
            ["LeftLowerArm"] = CFrame.new(-5.960464477539063e-08, 1.1920928955078125e-07, 5.960464477539063e-08, 1, -1.4901159417490817e-08, 0, 5.960463056453591e-08, 0.9538179636001587, -0.3003852367401123, -5.960463056453591e-08, 0.30038517713546753, 0.9538179636001587),
            ["LeftFoot"] = CFrame.new(2.5471308617852628e-08, 0, 2.452725311741233e-08, 0.9270798563957214, -0.1978606879711151, -0.31839248538017273, -0.20583650469779968, 0.4411660134792328, -0.8735010623931885, 0.313295841217041, 0.875342071056366, 0.3682692348957062),
            ["RightHand"] = CFrame.new(-2.60770320892334e-08, -1.1920928955078125e-07, -3.3527612686157227e-08, 0.946050226688385, 0.2943768799304962, 0.13539338111877441, -0.1985950767993927, 0.8569647073745728, -0.47557494044303894, -0.25602561235427856, 0.4230292737483978, 0.869193434715271),
            ["HumanoidRootPart"] = CFrame.new(0, 0, 0, 1, 0, 0, 0, 1, 0, 0, 0, 1),
            ["CamPart"] = CFrame.new(3.949036121368408, -0.5705344676971436, 1.1181377172470093, -0.348205029964447, 0.29738980531692505, 0.8889952898025513, 0.06171582266688347, 0.9535592794418335, -0.2948148846626282, -0.9353846311569214, -0.047790952026844025, -0.3503877818584442),
            ["RightLowerLeg"] = CFrame.new(-8.847564458847046e-09, -0.000003635883331298828, -0.00001333437830908224, 1, -4.917382625535538e-07, -6.556513199029723e-07, 4.069879651069641e-07, -0.3919939696788788, 0.9199678301811218, -6.891787052154541e-07, -0.9199678301811218, -0.3919939696788788),
            ["RightFoot"] = CFrame.new(7.078051567077637e-08, 2.980232238769531e-07, -7.281050784513354e-08, 0.984630286693573, 0.17052523791790009, 0.037744950503110886, -0.13861265778541565, 0.8944617509841919, -0.4251168668270111, -0.10625433176755905, 0.41335123777389526, 0.9043511152267456),
            ["LeftLowerLeg"] = CFrame.new(2.9802322387695312e-08, 0.0000040531158447265625, 0.000013295561075210571, 1, 1.3411046495548362e-07, 1.8940775703413237e-07, -1.1175866632129328e-07, -0.4565245509147644, 0.8897107839584351, 2.682208162241295e-07, -0.8897109031677246, -0.4565248191356659),
            ["RightUpperArm"] = CFrame.new(1.1920928955078125e-07, 1.1920928955078125e-07, -5.960464477539063e-08, 0.5857770442962646, -0.3603953719139099, 0.7259342074394226, 0.4917072653770447, 0.8700500726699829, 0.035170115530490875, -0.6442742347717285, 0.33634525537490845, 0.6868643164634705),
            ["Head"] = CFrame.new(4.470348358154297e-08, -1.1920928955078125e-07, -1.4901161193847656e-08, 0.8993895053863525, 0.20723237097263336, -0.3849067687988281, -0.2129867821931839, 0.9766495227813721, 0.028150461614131927, 0.3817528486251831, 0.056661784648895264, 0.9225260615348816),
            ["UpperTorso"] = CFrame.new(-1.4901161193847656e-08, -1.1920928955078125e-07, -7.450580596923828e-09, 0.9605309367179871, 0.19006066024303436, -0.20311881601810455, -0.1508055329322815, 0.9693616032600403, 0.19389691948890686, 0.23374775052070618, -0.155612513422966, 0.9597640037536621),
            ["LeftUpperArm"] = CFrame.new(5.960464477539063e-08, 0, -9.825453162193298e-08, 0.9556787014007568, 0.11977488547563553, 0.26894664764404297, -0.15991441905498505, 0.9781830906867981, 0.13261006772518158, -0.24719564616680145, -0.16974103450775146, 0.9539822936058044),
            ["RightLowerArm"] = CFrame.new(-5.960464477539063e-08, -1.7881393432617188e-07, 8.940696716308594e-08, 1, -9.639188647270203e-08, 1.0849906573184853e-07, 1.0058283805847168e-07, -0.17339859902858734, -0.9848517179489136, 1.0617077350616455e-07, 0.9848517775535583, -0.17339859902858734),
            ["LeftHand"] = CFrame.new(1.1920928955078125e-07, -5.960464477539063e-08, 7.078051567077637e-08, 0.991660475730896, 0.12233942002058029, 0.04052925482392311, -0.12818105518817902, 0.968919038772583, 0.21157914400100708, -0.013385036960244179, -0.21500973403453827, 0.9765201807022095),
            ["LowerTorso"] = CFrame.new(0.16570158302783966, -0.8800203800201416, 0.15047772228717804, 0.8803383708000183, 0.13018544018268585, -0.4561317265033722, -0.030069289728999138, 0.9749826788902283, 0.22023768723011017, 0.4733922481536865, -0.18016813695430756, 0.8622292280197144),
            ["RightUpperLeg"] = CFrame.new(0, -3.501772880554199e-07, -1.6596459317952394e-08, 0.8141874074935913, -0.5596267580986023, 0.15465158224105835, 0.06981005519628525, -0.17007233202457428, -0.9829557538032532, 0.5763900876045227, 0.8111063241958618, -0.0994032472372055),
            ["LeftUpperLeg"] = CFrame.new(-5.960464477539063e-08, -1.2293457984924316e-07, 7.450580596923828e-09, 0.9788950681686401, 0.19360706210136414, -0.06542785465717316, -0.13888220489025116, 0.3953614830970764, -0.907965362071991, -0.14992092549800873, 0.8978894948959351, 0.4139059782028198)
        }},
        [3] = {Time = 0.033, Data = {
            ["LeftLowerArm"] = CFrame.new(1.7881393432617188e-07, -5.960464477539063e-08, 1.341104507446289e-07, 1, -6.030314381177959e-08, -1.4901161193847656e-08, 0, 0.9534481763839722, -0.30155694484710693, -2.9802318834981634e-08, 0.3015569746494293, 0.9534481763839722),
            ["LeftFoot"] = CFrame.new(4.787216312251985e-08, 0, -3.3580363378860056e-08, 0.9268202781677246, -0.1988728791475296, -0.3185179829597473, -0.2054436206817627, 0.44147229194641113, -0.873438835144043, 0.3143201470375061, 0.8749581575393677, 0.3683083951473236),
            ["RightHand"] = CFrame.new(3.725290298461914e-08, -5.960464477539063e-08, 1.2991949915885925e-07, 0.9464666247367859, 0.292583703994751, 0.1363663226366043, -0.19683441519737244, 0.8579217791557312, -0.4745803773403168, -0.25584614276885986, 0.4223328232765198, 0.8695847988128662),
            ["HumanoidRootPart"] = CFrame.new(0, 0, 0, 1, 0, 0, 0, 1, 0, 0, 0, 1),
            ["CamPart"] = CFrame.new(4.2092132568359375, -0.6822524070739746, 1.0171713829040527, -0.3480350971221924, 0.2998640537261963, 0.8882303237915039, 0.06913959980010986, 0.9530943036079407, -0.2946709990501404, -0.9349284768104553, -0.04114396125078201, -0.35244274139404297),
            ["RightLowerLeg"] = CFrame.new(2.468004822731018e-08, -0.0000036954879760742188, -0.000013250093616079539, 1, -1.6391281576488836e-07, -3.501775438508048e-07, 2.2072342176215898e-07, -0.3886732757091522, 0.9213756918907166, -2.84984679410627e-07, -0.9213757514953613, -0.3886733949184418),
            ["RightFoot"] = CFrame.new(7.450580596923828e-09, 2.384185791015625e-07, -6.535992724820971e-08, 0.98480224609375, 0.16970078647136688, 0.03696389123797417, -0.1379842460155487, 0.8937246203422546, -0.42686834931373596, -0.10547550767660141, 0.4152805209159851, 0.903558075428009),
            ["LeftLowerLeg"] = CFrame.new(1.4901161193847656e-08, 0.000003933906555175781, 0.000013295561075210571, 1, 1.4156105976326216e-07, 2.5416377980036486e-07, -1.266598843585598e-07, -0.45193901658058167, 0.8920488357543945, 1.4901162614933128e-07, -0.8920489549636841, -0.45193901658058167),
            ["RightUpperArm"] = CFrame.new(0, -1.1920928955078125e-07, 0, 0.5891257524490356, -0.3612257242202759, 0.722804844379425, 0.49185532331466675, 0.8700164556503296, 0.033906325697898865, -0.6410999894142151, 0.3355402648448944, 0.6902199387550354),
            ["Head"] = CFrame.new(1.4901161193847656e-08, 0, -2.9802322387695312e-08, 0.8995446562767029, 0.20599259436130524, -0.38520950078964233, -0.21273092925548553, 0.9767763614654541, 0.025564685463905334, 0.38152971863746643, 0.05894938111305237, 0.9224749803543091),
            ["UpperTorso"] = CFrame.new(-1.4901161193847656e-08, -2.9802322387695312e-08, -3.725290298461914e-08, 0.9602539539337158, 0.19152569770812988, -0.20305249094963074, -0.15173359215259552, 0.9687535166740417, 0.19619791209697723, 0.23428477346897125, -0.1575898677110672, 0.9593102335929871),
            ["LeftUpperArm"] = CFrame.new(0, 0, -3.277091309428215e-08, 0.9543136954307556, 0.120359405875206, 0.273494154214859, -0.1622331142425537, 0.9773383736610413, 0.1359788477420807, -0.25092989206314087, -0.17413631081581116, 0.9522136449813843),
            ["RightLowerArm"] = CFrame.new(-2.384185791015625e-07, 2.980232238769531e-07, -1.1920928955078125e-07, 1, -8.89413058757782e-08, 1.210719347000122e-07, 9.313224325069314e-08, -0.17238591611385345, -0.9850295782089233, 1.0989604959377175e-07, 0.9850295782089233, -0.17238590121269226),
            ["LeftHand"] = CFrame.new(-5.960464477539063e-08, -1.1920928955078125e-07, 8.940696716308594e-08, 0.9918713569641113, 0.12148106098175049, 0.03786415234208107, -0.12672601640224457, 0.9699298739433289, 0.2077900618314743, -0.011483202688395977, -0.21089933812618256, 0.9774404168128967),
            ["LowerTorso"] = CFrame.new(0.16770943999290466, -0.8764355182647705, 0.1495305895805359, 0.87986820936203, 0.13014382123947144, -0.45704981684684753, -0.029373694211244583, 0.9748242497444153, 0.22103144228458405, 0.47430911660194397, -0.1810533106327057, 0.8615396618843079),
            ["RightUpperLeg"] = CFrame.new(5.960464477539063e-08, 2.60770320892334e-07, -1.6952981241047382e-09, 0.8154639005661011, -0.5589467883110046, 0.1503237634897232, 0.06833408027887344, -0.16492612659931183, -0.9839358925819397, 0.5747600793838501, 0.8126364350318909, -0.09629637748003006),
            ["LeftUpperLeg"] = CFrame.new(2.9802322387695312e-08, 1.5832483768463135e-07, 2.9802322387695312e-08, 0.9784602522850037, 0.19589164853096008, -0.06513175368309021, -0.14016054570674896, 0.39876070618629456, -0.9062809348106384, -0.1515609622001648, 0.89588862657547, 0.4176274538040161)
        }},
        [4] = {Time = 0.050, Data = {
            ["LeftLowerArm"] = CFrame.new(0, 5.364418029785156e-07, -2.2351741790771484e-07, 1, 2.153683675842899e-09, -7.450581485102248e-09, 2.9802322387695312e-08, 0.9528608918190002, -0.3034076392650604, -1.4901161193847656e-08, 0.30340757966041565, 0.9528608918190002),
            ["LeftFoot"] = CFrame.new(7.80964910518378e-08, 0, -3.536661097314209e-08, 0.9264079928398132, -0.20049695670604706, -0.3186992406845093, -0.20478594303131104, 0.44198229908943176, -0.8733353018760681, 0.31596052646636963, 0.8743298649787903, 0.3683970868587494),
            ["RightHand"] = CFrame.new(5.21540641784668e-08, 0, -1.30385160446167e-07, 0.9471327662467957, 0.28967759013175964, 0.1379365175962448, -0.1939828097820282, 0.8594614863395691, -0.47296592593193054, -0.2555587887763977, 0.42120420932769775, 0.8702164888381958),
            ["HumanoidRootPart"] = CFrame.new(0, 0, 0, 1, 0, 0, 0, 1, 0, 0, 0, 1),
            ["CamPart"] = CFrame.new(4.579977035522461, -0.8410849571228027, 0.8731777667999268, -0.3477455675601959, 0.3035587668418884, 0.8870880007743835, 0.08022437244653702, 0.9523011445999146, -0.294425904750824, -0.9341504573822021, -0.031219232827425003, -0.35551130771636963),
            ["RightLowerLeg"] = CFrame.new(-6.28642737865448e-09, -0.0000035762786865234375, -0.000013154167390894145, 1, 4.470347647611561e-08, -8.195640788244418e-08, 3.6321576857289983e-08, -0.3834061026573181, 0.9235799312591553, 8.940695295223122e-08, -0.9235799312591553, -0.3834061324596405),
            ["RightFoot"] = CFrame.new(5.21540641784668e-08, 3.5762786865234375e-07, 2.4047039914876223e-08, 0.9850736260414124, 0.16838254034519196, 0.035740241408348083, -0.1369817852973938, 0.8925618529319763, -0.4296153783798218, -0.10424001514911652, 0.4183071255683899, 0.902304470539093),
            ["LeftLowerLeg"] = CFrame.new(-7.450580596923828e-09, 0.000003874301910400391, 0.000013198703527450562, 1, 5.960465188081798e-08, -7.194468309990043e-08, 2.2351748896198842e-08, -0.4446430504322052, 0.895707905292511, -5.96046660916727e-08, -0.8957078456878662, -0.4446432292461395),
            ["RightUpperArm"] = CFrame.new(1.1920928955078125e-07, -2.384185791015625e-07, -1.4901161193847656e-07, 0.5944300293922424, -0.36253440380096436, 0.7177895307540894, 0.49213171005249023, 0.869938850402832, 0.0318266861140728, -0.6359711289405823, 0.33432817459106445, 0.6955324411392212),
            ["Head"] = CFrame.new(0, 0, -1.4901161193847656e-08, 0.8997818827629089, 0.2040243148803711, -0.38570308685302734, -0.212335467338562, 0.9769617319107056, 0.02143724448978901, 0.38119083642959595, 0.06260961294174194, 0.9223740100860596),
            ["UpperTorso"] = CFrame.new(-7.450580596923828e-09, 5.960464477539063e-08, 1.4901161193847656e-08, 0.95981365442276, 0.19383741915225983, -0.20294080674648285, -0.1531953513622284, 0.9677810072898865, 0.19982782006263733, 0.23513619601726532, -0.16070781648159027, 0.9585844278335571),
            ["LeftUpperArm"] = CFrame.new(-1.1920928955078125e-07, 0, -4.7497451305389404e-08, 0.9521167874336243, 0.1212390884757042, 0.2806682884693146, -0.16592063009738922, 0.9759676456451416, 0.14127154648303986, -0.2567954659461975, -0.18107564747333527, 0.9493511915206909),
            ["RightLowerArm"] = CFrame.new(5.960464477539063e-08, 5.960464477539063e-08, 7.450580596923828e-08, 1, -9.406359424701805e-08, 1.0943041672817344e-07, 7.450581307466564e-08, -0.17073476314544678, -0.9853171110153198, 1.1920930376163597e-07, 0.985317051410675, -0.17073477804660797),
            ["LeftHand"] = CFrame.new(1.1920928955078125e-07, -2.384185791015625e-07, 1.2665987014770508e-07, 0.9921905994415283, 0.12010268867015839, 0.03366294875741005, -0.12444331496953964, 0.9714904427528381, 0.20179268717765808, -0.008467541076242924, -0.20440585911273956, 0.9788496494293213),
            ["LowerTorso"] = CFrame.new(0.17092132568359375, -0.8707778453826904, 0.14803573489189148, 0.8791239857673645, 0.130079984664917, -0.4584977626800537, -0.028274042531847954, 0.9745723009109497, 0.22228233516216278, 0.47575369477272034, -0.18245016038417816, 0.8604477643966675),
            ["RightUpperLeg"] = CFrame.new(0, 9.685754776000977e-08, -3.149762051180005e-08, 0.8174670338630676, -0.557813823223114, 0.14349761605262756, 0.06598737835884094, -0.15679693222045898, -0.9854239821434021, 0.5721830725669861, 0.8150205612182617, -0.09136784076690674),
            ["LeftUpperLeg"] = CFrame.new(0, 7.450580596923828e-09, 2.9802322387695312e-08, 0.9777618050575256, 0.19950352609157562, -0.06465496122837067, -0.14220450818538666, 0.4041067063808441, -0.9035904407501221, -0.15414190292358398, 0.8926904201507568, 0.42349040508270264)
        }},
        [5] = {Time = 0.067, Data = {
            ["LeftLowerArm"] = CFrame.new(-1.1920928955078125e-07, -1.1920928955078125e-07, 1.7881393432617188e-07, 1, -1.594890086664691e-08, 5.960464477539063e-08, 2.980232594040899e-08, 0.9520785808563232, -0.3058539032936096, -5.960465188081798e-08, 0.3058539032936096, 0.9520784616470337),
            ["LeftFoot"] = CFrame.new(-9.997165761888027e-09, -5.960464477539063e-08, -1.1337760952301323e-08, 0.9258614778518677, -0.20267537236213684, -0.31891006231307983, -0.203854039311409, 0.44270995259284973, -0.8731845021247864, 0.31815752387046814, 0.873458981513977, 0.3685718774795532),
            ["RightHand"] = CFrame.new(2.1606683731079102e-07, 0, -4.936009645462036e-08, 0.9480217099189758, 0.2857237458229065, 0.14005963504314423, -0.19010698795318604, 0.8615337610244751, -0.4707642197608948, -0.25517457723617554, 0.41966837644577026, 0.8710708618164062),
            ["HumanoidRootPart"] = CFrame.new(0, 0, 0, 1, 0, 0, 0, 1, 0, 0, 0, 1),
            ["CamPart"] = CFrame.new(5.009890556335449, -1.024641513824463, 0.706026554107666, -0.34732818603515625, 0.30812135338783264, 0.8856774568557739, 0.0939137265086174, 0.9511580467224121, -0.29407238960266113, -0.9330292344093323, -0.01896236650645733, -0.359300822019577),
            ["RightLowerLeg"] = CFrame.new(-5.8906152844429016e-08, -0.0000036954879760742188, -0.000013331642549019307, 1, -2.8312206268310547e-07, -4.76837158203125e-07, 1.834705898318134e-07, -0.37638911604881287, 0.9264618158340454, -5.206094328968902e-07, -0.9264616966247559, -0.37638893723487854),
            ["RightFoot"] = CFrame.new(-3.725290298461914e-08, 2.980232238769531e-07, -1.1751399142667651e-07, 0.9854305386543274, 0.16661567986011505, 0.03414617106318474, -0.13564452528953552, 0.8910340070724487, -0.4331962764263153, -0.10260236263275146, 0.4222531020641327, 0.9006526470184326),
            ["LeftLowerLeg"] = CFrame.new(-3.725290298461914e-08, 0.000003933906555175781, 0.000013239681720733643, 1, 1.4901159772762185e-07, 2.6170164346694946e-07, -1.043081283569336e-07, -0.4349016547203064, 0.900477945804596, 3.8743019104003906e-07, -0.9004780054092407, -0.43490177392959595),
            ["RightUpperArm"] = CFrame.new(0, 2.384185791015625e-07, -2.9802322387695312e-08, 0.6014496088027954, -0.3642580211162567, 0.7110376358032227, 0.4925539195537567, 0.8698002099990845, 0.028951190412044525, -0.6290063858032227, 0.33281171321868896, 0.7025578022003174),
            ["Head"] = CFrame.new(8.940696716308594e-08, 1.1920928955078125e-07, 2.9802322387695312e-08, 0.900083065032959, 0.2014065384864807, -0.38637539744377136, -0.21182502806186676, 0.9771780371665955, 0.0159168541431427, 0.3807632029056549, 0.06751745939254761, 0.922204315662384),
            ["UpperTorso"] = CFrame.new(-3.725290298461914e-08, -1.1920928955078125e-07, 3.725290298461914e-09, 0.9592263102531433, 0.19688887894153595, -0.20277981460094452, -0.1551201194524765, 0.9664725661277771, 0.2046179473400116, 0.23626814782619476, -0.16481971740722656, 0.9576073884963989),
            ["LeftUpperArm"] = CFrame.new(0, 1.1920928955078125e-07, 4.842877388000488e-08, 0.9491361379623413, 0.12232010066509247, 0.29013535380363464, -0.170842245221138, 0.9740870594978333, 0.14821413159370422, -0.264487624168396, -0.19024279713630676, 0.9454386234283447),
            ["RightLowerArm"] = CFrame.new(0, 0, 0, 1, -9.778888454547996e-08, 1.0943041672817344e-07, 7.823111758398227e-08, -0.1684691458940506, -0.9857069253921509, 1.2107196312172164e-07, 0.9857069849967957, -0.1684691160917282),
            ["LeftHand"] = CFrame.new(5.960464477539063e-08, -5.960464477539063e-08, 3.725290298461914e-08, 0.9925869703292847, 0.11823812127113342, 0.028124749660491943, -0.12145524471998215, 0.9734856486320496, 0.19384132325649261, -0.004459664691239595, -0.1958201825618744, 0.9806297421455383),
            ["LowerTorso"] = CFrame.new(0.17522719502449036, -0.8633060455322266, 0.14606161415576935, 0.8781370520591736, 0.12999920547008514, -0.46040797233581543, -0.026818571612238884, 0.974236011505127, 0.22393077611923218, 0.47765684127807617, -0.1842944175004959, 0.8589991331100464),
            ["RightUpperLeg"] = CFrame.new(-8.940696716308594e-08, 1.4901161193847656e-08, 4.300818545743823e-08, 0.820086658000946, -0.556208610534668, 0.13449934124946594, 0.06286178529262543, -0.14605318009853363, -0.9872774481773376, 0.5687762498855591, 0.8181079626083374, -0.08481211215257645),
            ["LeftUpperLeg"] = CFrame.new(0, -2.7939677238464355e-08, 2.2351741790771484e-08, 0.976819634437561, 0.20427511632442474, -0.06399306654930115, -0.14493538439273834, 0.41112664341926575, -0.8999825119972229, -0.15753476321697235, 0.8883954882621765, 0.43120354413986206)
        }},
        [6] = {Time = 0.083, Data = {
            ["LeftLowerArm"] = CFrame.new(2.980232238769531e-07, 0, -8.940696716308594e-08, 1, -5.587935447692871e-09, 0, 5.960465188081798e-08, 0.9511229395866394, -0.30881252884864807, -5.960465188081798e-08, 0.30881252884864807, 0.9511229395866394),
            ["LeftFoot"] = CFrame.new(-1.0980329534504563e-08, 5.960464477539063e-08, -2.99842213280499e-08, 0.9251992702484131, -0.2053467184305191, -0.3191222548484802, -0.20263713598251343, 0.4436742663383484, -0.8729784488677979, 0.320849746465683, 0.8723450899124146, 0.3688761293888092),
            ["RightHand"] = CFrame.new(1.862645149230957e-07, 5.960464477539063e-08, 6.51925802230835e-09, 0.9491043090820312, 0.28078576922416687, 0.14269006252288818, -0.18527279794216156, 0.8640857934951782, -0.4680061340332031, -0.25470590591430664, 0.41774997115135193, 0.8721295595169067),
            ["HumanoidRootPart"] = CFrame.new(0, 0, 0, 1, 0, 0, 0, 1, 0, 0, 0, 1),
            ["CamPart"] = CFrame.new(5.447519779205322, -1.2105326652526855, 0.5355856418609619, -0.34678563475608826, 0.3132002055644989, 0.884107232093811, 0.10915157198905945, 0.9496722221374512, -0.2936130166053772, -0.9315717220306396, -0.005319091025739908, -0.36351895332336426),
            ["RightLowerLeg"] = CFrame.new(3.562308847904205e-08, -0.0000035762786865234375, -0.000013201839465182275, 1, 0, -4.4703494239684005e-08, 2.9802311729554276e-08, -0.36781325936317444, 0.9298996925354004, 1.0710206055364324e-07, -0.9298996329307556, -0.367813378572464),
            ["RightFoot"] = CFrame.new(-3.3527612686157227e-08, 2.980232238769531e-07, 9.85528458841145e-08, 0.985858678817749, 0.16444548964500427, 0.032255928963422775, -0.13401074707508087, 0.8892049789428711, -0.4374420940876007, -0.10061733424663544, 0.42693352699279785, 0.8986678719520569),
            ["LeftLowerLeg"] = CFrame.new(1.4901161193847656e-08, 0.000003933906555175781, 0.000013377517461776733, 1, 1.7136326846411976e-07, 2.5564804673194885e-07, -8.940693874137651e-08, -0.42297157645225525, 0.906143069267273, 2.086161856595936e-07, -0.9061429500579834, -0.4229714870452881),
            ["RightUpperArm"] = CFrame.new(1.1920928955078125e-07, 0, 1.4901161193847656e-07, 0.6099365949630737, -0.36633405089378357, 0.702692449092865, 0.4931355118751526, 0.8695845603942871, 0.02529842033982277, -0.6203182339668274, 0.3310922384262085, 0.7110438346862793),
            ["Head"] = CFrame.new(4.470348358154297e-08, 1.1920928955078125e-07, 2.9802322387695312e-08, 0.9004305601119995, 0.19821788370609283, -0.38721349835395813, -0.21122470498085022, 0.977394700050354, 0.009152381680905819, 0.3802747428417206, 0.07354796677827835, 0.9219446182250977),
            ["UpperTorso"] = CFrame.new(1.862645149230957e-08, -1.7881393432617188e-07, -4.470348358154297e-08, 0.9585080742835999, 0.2005731612443924, -0.20256547629833221, -0.157436802983284, 0.9648553729057312, 0.21039940416812897, 0.23764680325984955, -0.1697782576084137, 0.9563992619514465),
            ["LeftUpperArm"] = CFrame.new(0, 0, -8.009374141693115e-08, 0.9454151391983032, 0.12350280582904816, 0.30155807733535767, -0.17686507105827332, 0.9717087149620056, 0.1565278023481369, -0.2736949622631073, -0.2013188749551773, 0.9405115246772766),
            ["RightLowerArm"] = CFrame.new(5.960464477539063e-08, 5.960464477539063e-08, 1.6391277313232422e-07, 1, -8.661300654466686e-08, 1.0291113028415566e-07, 8.195639367158947e-08, -0.1656077802181244, -0.9861916899681091, 1.005828522693264e-07, 0.9861917495727539, -0.1656077355146408),
            ["LeftHand"] = CFrame.new(1.7881393432617188e-07, 5.960464477539063e-08, -5.960464477539063e-08, 0.9930270314216614, 0.115918830037117, 0.021450461819767952, -0.11788605153560638, 0.9757956266403198, 0.18418972194194794, 0.00041979551315307617, -0.185434028506279, 0.982656717300415),
            ["LowerTorso"] = CFrame.new(0.18051692843437195, -0.8542795181274414, 0.14367669820785522, 0.8769384026527405, 0.1299070119857788, -0.46271294355392456, -0.02505526691675186, 0.9738243222236633, 0.22591693699359894, 0.47994929552078247, -0.18652184307575226, 0.85723876953125),
            ["RightUpperLeg"] = CFrame.new(-5.960464477539063e-08, -3.0547380447387695e-07, -7.620110409334302e-08, 0.8232092261314392, -0.5541068911552429, 0.12366249412298203, 0.05905084311962128, -0.13306772708892822, -0.9893463253974915, 0.5646588802337646, 0.8217412233352661, -0.07682222127914429),
            ["LeftUpperLeg"] = CFrame.new(8.940696716308594e-08, -1.4528632164001465e-07, -2.2351741790771484e-08, 0.9756525158882141, 0.21003803610801697, -0.0631367564201355, -0.14827217161655426, 0.4195448160171509, -0.895543098449707, -0.1616094410419464, 0.8831003904342651, 0.44047296047210693)
        }},
        [7] = {Time = 0.100, Data = {
            ["LeftLowerArm"] = CFrame.new(-1.7881393432617188e-07, 1.1920928955078125e-07, 1.341104507446289e-07, 1, -5.587934559514451e-09, 1.4901161193847656e-08, 2.9802315282267955e-08, 0.950016438961029, -0.3121999502182007, -4.470347292340193e-08, 0.31219998002052307, 0.9500164985656738),
            ["LeftFoot"] = CFrame.new(7.0403984864242375e-09, -5.960464477539063e-08, -4.162939148955047e-08, 0.9244402647018433, -0.20844919979572296, -0.3193103075027466, -0.201124370098114, 0.44489216804504395, -0.8727084994316101, 0.32397425174713135, 0.8709878921508789, 0.3693520724773407),
            ["RightHand"] = CFrame.new(-1.30385160446167e-08, 5.960464477539063e-08, -1.210719347000122e-07, 0.9503490924835205, 0.27492648363113403, 0.14578090608119965, -0.1795455366373062, 0.8670626282691956, -0.4647213816642761, -0.2541653513908386, 0.41547322273254395, 0.8733739852905273),
            ["HumanoidRootPart"] = CFrame.new(0, 0, 0, 1, 0, 0, 0, 1, 0, 0, 0, 1),
            ["CamPart"] = CFrame.new(5.841426849365234, -1.3763692378997803, 0.38172459602355957, -0.3461388349533081, 0.31844428181648254, 0.8824858069419861, 0.12488485127687454, 0.9479011297225952, -0.29306551814079285, -0.929834246635437, 0.008767754770815372, -0.36787423491477966),
            ["RightLowerLeg"] = CFrame.new(5.5530108511447906e-08, -0.0000033974647521972656, -0.000013230739568825811, 1, -4.917383762403915e-07, -6.780033459108381e-07, 3.939495343274757e-07, -0.3578696548938751, 0.9337716102600098, -7.057025754875212e-07, -0.9337716102600098, -0.35786959528923035),
            ["RightFoot"] = CFrame.new(5.587935447692871e-08, 2.980232238769531e-07, -1.0261283023282886e-07, 0.9863434433937073, 0.16191989183425903, 0.03014408051967621, -0.132120281457901, 0.8871382474899292, -0.44218745827674866, -0.09834085404872894, 0.43216636776924133, 0.8964159488677979),
            ["LeftLowerLeg"] = CFrame.new(-2.9802322387695312e-08, 0.000003933906555175781, 0.000013276934623718262, 1, -2.2351741790771484e-08, -1.0058285937475375e-07, 7.450580596923828e-08, -0.4090994894504547, 0.9124897718429565, -5.960464477539063e-08, -0.9124897718429565, -0.4090995788574219),
            ["RightUpperArm"] = CFrame.new(0, 0, -5.960464477539063e-08, 0.6196399331092834, -0.36870139837265015, 0.6928966045379639, 0.49388638138771057, 0.869275689125061, 0.020885460078716278, -0.6100186705589294, 0.3292706608772278, 0.7207344770431519),
            ["Head"] = CFrame.new(-7.450580596923828e-08, -1.1920928955078125e-07, -1.4901161193847656e-08, 0.9008067846298218, 0.19453689455986023, -0.3882041275501251, -0.21055948734283447, 0.977580189704895, 0.0012931674718856812, 0.3797522783279419, 0.08057515323162079, 0.9215725064277649),
            ["UpperTorso"] = CFrame.new(0, -5.960464477539063e-08, -2.9802322387695312e-08, 0.957675039768219, 0.2047828882932663, -0.20229336619377136, -0.16007404029369354, 0.9629570245742798, 0.2170027196407318, 0.2392381727695465, -0.17543618381023407, 0.9549802541732788),
            ["LeftUpperArm"] = CFrame.new(-1.1920928955078125e-07, -1.1920928955078125e-07, 1.1175870895385742e-08, 0.9410005211830139, 0.1246890053153038, 0.31459614634513855, -0.183853417634964, 0.9688470959663391, 0.16593192517757416, -0.2841055989265442, -0.21398164331912994, 0.9346100091934204),
            ["RightLowerArm"] = CFrame.new(-2.384185791015625e-07, -1.1920928955078125e-07, 1.4901161193847656e-08, 1, -9.872017869838601e-08, 1.108273437466778e-07, 9.313222193441106e-08, -0.16216665506362915, -0.9867634177207947, 1.0803338312825872e-07, 0.9867634773254395, -0.16216664016246796),
            ["LeftHand"] = CFrame.new(2.9802322387695312e-08, 1.7881393432617188e-07, 7.450580596923828e-09, 0.9934784173965454, 0.11317750811576843, 0.013841958716511726, -0.11386018991470337, 0.9783017635345459, 0.1730939745903015, 0.0060486504808068275, -0.17354120314121246, 0.984808087348938),
            ["LowerTorso"] = CFrame.new(0.18668048083782196, -0.8439571857452393, 0.14094942808151245, 0.8755592107772827, 0.12980881333351135, -0.46534478664398193, -0.02303224615752697, 0.9733462929725647, 0.22818100452423096, 0.48256149888038635, -0.1890680491924286, 0.8552120923995972),
            ["RightUpperLeg"] = CFrame.new(-1.1920928955078125e-07, -5.21540641784668e-08, -1.6596459317952394e-08, 0.8267228007316589, -0.5514868497848511, 0.11131850630044937, 0.054647188633680344, -0.11821191012859344, -0.9914836287498474, 0.5599492192268372, 0.8257652521133423, -0.0675913617014885),
            ["LeftUpperLeg"] = CFrame.new(5.960464477539063e-08, -1.8067657947540283e-07, -2.2351741790771484e-08, 0.9742799401283264, 0.21662312746047974, -0.062073320150375366, -0.1521325409412384, 0.4290972948074341, -0.890354573726654, -0.16623593866825104, 0.8768979907035828, 0.45101621747016907)
        }},
        [8] = {Time = 0.117, Data = {
            ["LeftLowerArm"] = CFrame.new(1.1920928955078125e-07, -5.960464477539063e-08, 1.7881393432617188e-07, 1, -3.725290298461914e-08, -7.450580596923828e-09, 5.960464477539063e-08, 0.9487816691398621, -0.31593257188796997, -2.9802322387695312e-08, 0.31593263149261475, 0.9487817287445068),
            ["LeftFoot"] = CFrame.new(2.5029294192790985e-08, -1.1920928955078125e-07, -6.320988177321851e-09, 0.923602283000946, -0.2119220793247223, -0.31944969296455383, -0.1993088722229004, 0.4463714063167572, -0.8723695874214172, 0.3274674713611603, 0.8693915605545044, 0.370031476020813),
            ["RightHand"] = CFrame.new(1.5087425708770752e-07, 5.960464477539063e-08, -1.6391277313232422e-07, 0.9517239332199097, 0.26820844411849976, 0.14928463101387024, -0.17299078404903412, 0.8704074621200562, -0.46093934774398804, -0.25356629490852356, 0.4128621220588684, 0.8747851252555847),
            ["HumanoidRootPart"] = CFrame.new(0, 0, 0, 1, 0, 0, 0, 1, 0, 0, 0, 1),
            ["CamPart"] = CFrame.new(6.1401777267456055, -1.4997613430023193, 0.2643120288848877, -0.3454309403896332, 0.3235044777393341, 0.8809214234352112, 0.14006681740283966, 0.9459623694419861, -0.2924661636352539, -0.927932620048523, 0.022360991686582565, -0.37207692861557007),
            ["RightLowerLeg"] = CFrame.new(-8.85920599102974e-08, -0.000003635883331298828, -0.000013215489161666483, 1, -5.51342679955269e-07, -7.376077633125533e-07, 4.5821064986739657e-07, -0.34675824642181396, 0.9379545450210571, -6.55651035685878e-07, -0.9379544854164124, -0.34675854444503784),
            ["RightFoot"] = CFrame.new(7.450580596923828e-09, 1.7881393432617188e-07, -4.300818545743823e-08, 0.986871063709259, 0.15908606350421906, 0.02788151428103447, -0.13001039624214172, 0.8848952054977417, -0.44727787375450134, -0.09582768380641937, 0.43778082728385925, 0.8939604759216309),
            ["LeftLowerLeg"] = CFrame.new(4.470348358154297e-08, 0.000003814697265625, 0.000013295561075210571, 1, 1.490115550950577e-07, 1.4062969455608254e-07, -7.450579886381092e-08, -0.39356210827827454, 0.9192981123924255, 8.940695295223122e-08, -0.919297993183136, -0.3935620188713074),
            ["RightUpperArm"] = CFrame.new(0, -1.1920928955078125e-07, -8.940696716308594e-08, 0.6303077936172485, -0.3713027536869049, 0.6817964911460876, 0.49481436610221863, 0.8688563704490662, 0.01572813279926777, -0.598223090171814, 0.32744908332824707, 0.7313728332519531),
            ["Head"] = CFrame.new(-2.9802322387695312e-08, 1.1920928955078125e-07, 7.450580596923828e-08, 0.901194155216217, 0.19044186174869537, -0.3893340826034546, -0.20985494554042816, 0.9777037501335144, -0.007511197589337826, 0.37922292947769165, 0.08847275376319885, 0.9210659265518188),
            ["UpperTorso"] = CFrame.new(-1.30385160446167e-08, 1.1920928955078125e-07, 4.0978193283081055e-08, 0.9567439556121826, 0.20941098034381866, -0.20196066796779633, -0.16296131908893585, 0.9608078598976135, 0.22425881028175354, 0.2410077303647995, -0.18164649605751038, 0.9533728957176208),
            ["LeftUpperArm"] = CFrame.new(0, 0, -2.2351741790771484e-08, 0.9359477162361145, 0.12578819692134857, 0.3289061188697815, -0.19166432321071625, 0.9655240774154663, 0.1761481910943985, -0.2954093813896179, -0.22790510952472687, 0.9277890920639038),
            ["RightLowerArm"] = CFrame.new(1.1920928955078125e-07, -2.980232238769531e-07, -2.9802322387695312e-08, 1, -8.56816981809061e-08, 1.0896476965172042e-07, 8.754434333013705e-08, -0.15815949440002441, -0.9874136447906494, 1.0244550452398471e-07, 0.9874135851860046, -0.1581595093011856),
            ["LeftHand"] = CFrame.new(2.682209014892578e-07, 0, 4.470348358154297e-08, 0.9939107298851013, 0.11005160212516785, 0.0055014342069625854, -0.1095002219080925, 0.9808915853500366, 0.16081520915031433, 0.012301700189709663, -0.16043832898139954, 0.9869692325592041),
            ["LowerTorso"] = CFrame.new(0.19360774755477905, -0.8325984477996826, 0.13794828951358795, 0.8740311861038208, 0.1297096312046051, -0.46823593974113464, -0.020797979086637497, 0.9728112816810608, 0.23066346347332, 0.4854244887828827, -0.19186870753765106, 0.8529651165008545),
            ["RightUpperLeg"] = CFrame.new(5.960464477539063e-08, 5.960464477539063e-08, 4.300818545743823e-08, 0.8305178284645081, -0.5483390688896179, 0.09779828786849976, 0.04974650964140892, -0.10185759514570236, -0.9935543537139893, 0.554766058921814, 0.8300297856330872, -0.05731670930981636),
            ["LeftUpperLeg"] = CFrame.new(0, 8.940696716308594e-08, 2.2351741790771484e-08, 0.9727225303649902, 0.22386233508586884, -0.06080029159784317, -0.15643495321273804, 0.4395073354244232, -0.8845118880271912, -0.1712867170572281, 0.8698959946632385, 0.4625388979911804)
        }},
        [9] = {Time = 0.133, Data = {
            ["LeftLowerArm"] = CFrame.new(1.1920928955078125e-07, 2.384185791015625e-07, -2.9802322387695312e-08, 1, -7.171183824539185e-08, -5.21540641784668e-08, 1.4901161193847656e-08, 0.9474426507949829, -0.31992560625076294, 0, 0.3199256360530853, 0.9474427103996277),
            ["LeftFoot"] = CFrame.new(-2.2650965547654778e-08, 0, 1.4407305570784956e-08, 0.9227012395858765, -0.21570689976215363, -0.3195191025733948, -0.1971910297870636, 0.4481077492237091, -0.8719605803489685, 0.331267386674881, 0.8675655722618103, 0.370934396982193),
            ["RightHand"] = CFrame.new(5.681067705154419e-08, 5.960464477539063e-08, 2.0489096641540527e-08, 0.9531959295272827, 0.26069456338882446, 0.15315334498882294, -0.16567423939704895, 0.8740634322166443, -0.45668941736221313, -0.2529222071170807, 0.4099409282207489, 0.8763440847396851),
            ["HumanoidRootPart"] = CFrame.new(0, 0, 0, 1, 0, 0, 0, 1, 0, 0, 0, 1),
            ["CamPart"] = CFrame.new(6.292336463928223, -1.558319330215454, 0.2032163143157959, -0.3447268605232239, 0.32803481817245483, 0.8795206546783447, 0.15365935862064362, 0.9440343976020813, -0.2918699085712433, -0.9260412454605103, 0.03453119099140167, -0.37583956122398376),
            ["RightLowerLeg"] = CFrame.new(1.6239937394857407e-07, -0.0000035762786865234375, -0.000013361182936932892, 1, 1.0430811414607888e-07, 0, -5.587934559514451e-09, -0.33469247817993164, 0.9423273801803589, 1.9185242194907914e-07, -0.9423274397850037, -0.3346925675868988),
