return {
    ["Infinite Dab"] = {
        {Time = 0.000, Data = {
            ["RightFoot"] = CFrame.new(5.6694261729717255e-08, 3.5762786865234375e-07, -5.75528247281909e-09, 0.9756975173950195, 0.10351551324129105, -0.19312962889671326, -0.20321820676326752, 0.757129967212677, -0.6208509802818298, 0.08195627480745316, 0.6450107097625732, 0.7597665190696716),
            ["LeftLowerArm"] = CFrame.new(4.470348358154297e-07, 5.364418029785156e-07, 8.046627044677734e-07, 1, 0, -1.4901159417490817e-08, -1.4901157641133977e-08, 1, 0, 0, -2.9802311729554276e-08, 1),
            ["RightUpperArm"] = CFrame.new(0, 0, -1.862645149230957e-09, 0.6751880049705505, 0.2771838307380676, 0.6835863590240479, 0.5499171018600464, 0.4285118579864502, -0.7169160842895508, -0.49164247512817383, 0.8599690794944763, 0.13689804077148438),
            ["Head"] = CFrame.new(1.862645149230957e-09, -2.384185791015625e-07, 8.381903171539307e-09, 0.769043505191803, 0.42197316884994507, -0.48011544346809387, -0.15148261189460754, 0.8500434756278992, 0.5044594407081604, 0.6209872961044312, -0.3152220845222473, 0.7176418900489807),
            ["RightHand"] = CFrame.new(-1.4901161193847656e-07, 5.960464477539063e-08, 8.940696716308594e-08, 0.8027758598327637, -0.14555883407592773, 0.5782418847084045, 0.09469039738178253, 0.9885614514350891, 0.11738802492618561, -0.5887145400047302, -0.03948233649134636, 0.8073762655258179),
            ["UpperTorso"] = CFrame.new(5.494803190231323e-08, 0, -5.934271030128002e-08, 0.95970219373703, 0.013937911950051785, 0.28067341446876526, -0.1035357192158699, 0.9460486173629761, 0.3070383369922638, -0.26125115156173706, -0.3237250745296478, 0.9093679189682007),
            ["HumanoidRootPart"] = CFrame.new(0, 0, 0, 1, 0, 0, 0, 1, 0, 0, 0, 1),
            ["RightUpperLeg"] = CFrame.new(5.960464477539063e-08, 8.754432201385498e-08, -1.0181247489526868e-07, 0.9172055721282959, -0.33291634917259216, 0.21886178851127625, 0.39692890644073486, 0.8109542727470398, -0.4298851191997528, -0.03437123820185661, 0.4811651408672333, 0.8759557008743286),
            ["LeftUpperArm"] = CFrame.new(0, -4.76837158203125e-07, 5.21540641784668e-08, -0.4021987318992615, 0.8735732436180115, 0.2740548849105835, -0.8362027406692505, -0.228604257106781, -0.4985029101371765, -0.37282878160476685, -0.4296624958515167, 0.8224285840988159),
            ["RightLowerArm"] = CFrame.new(2.980232238769531e-07, 2.384185791015625e-07, 8.940696716308594e-08, 1, -5.960464477539063e-08, 1.2665991278026922e-07, 1.3411040811206476e-07, -0.21645937860012054, -0.9762917160987854, 1.3038511781360285e-07, 0.9762917160987854, -0.21645937860012054),
            ["LeftHand"] = CFrame.new(4.6193599700927734e-07, -1.1920928955078125e-07, -3.8743019104003906e-07, 0.5062749981880188, 0.6562566161155701, -0.5594755411148071, -0.22567236423492432, 0.7269762754440308, 0.6485194563865662, 0.8323207497596741, -0.2020709365606308, 0.5161488652229309),
            ["LeftFoot"] = CFrame.new(6.146728992462158e-08, -5.960464477539063e-08, 0, 0.9958954453468323, 0.07700735330581665, -0.047561902552843094, -0.09045872837305069, 0.8289122581481934, -0.5520160794258118, -0.00308475224301219, 0.5540526509284973, 0.8324759006500244),
            ["LowerTorso"] = CFrame.new(-0.07236164063215256, -0.3255472183227539, 0.05793149396777153, 0.9682328701019287, 0.24974927306175232, 0.01226753555238247, -0.23993419110774994, 0.9417560696601868, -0.2356419861316681, -0.07040443271398544, 0.22521290183067322, 0.9717625379562378),
            ["RightLowerLeg"] = CFrame.new(1.257285475730896e-08, -0.0000035762786865234375, -0.000013375822163652629, 1, -1.1129300503398554e-07, -1.1734670124496915e-07, 1.6065315833202476e-07, 0.12589044868946075, 0.9920440912246704, -1.3876707782856101e-07, -0.99204421043396, 0.12589086592197418),
            ["LeftUpperLeg"] = CFrame.new(1.7881393432617188e-07, -1.4901161193847656e-08, -2.3283064365386963e-08, 0.8756559491157532, -0.17759203910827637, 0.44909659028053284, 0.2089170515537262, 0.9777138829231262, -0.02071956731379032, -0.43540841341018677, 0.11196707934141159, 0.8932429552078247),
            ["LeftLowerLeg"] = CFrame.new(0, 0.000004112720489501953, 0.000013306736946105957, 1, 8.940694584680386e-08, 8.195638656616211e-08, -7.450579175838357e-08, 0.5874142646789551, 0.8092864751815796, 3.7252894102834944e-09, -0.8092864155769348, 0.5874142646789551),
        }},
        {Time = 0.033, Data = {
            ["RightFoot"] = CFrame.new(-7.904600352048874e-08, 2.384185791015625e-07, 5.3849362302571535e-08, 0.9767891764640808, 0.10024135559797287, -0.1893007606267929, -0.19985298812389374, 0.7445092797279358, -0.6369963884353638, 0.07708272337913513, 0.6600437164306641, 0.7472622990608215),
            ["LeftLowerArm"] = CFrame.new(-1.4901161193847656e-07, 7.152557373046875e-07, 9.238719940185547e-07, 1, 2.2351741790771484e-08, -7.450581485102248e-09, 1.4901162970204496e-08, 1, 1.4901162970204496e-08, 7.450581485102248e-09, 4.470348358154297e-08, 1),
            ["RightUpperArm"] = CFrame.new(0, -2.384185791015625e-07, 3.5390257835388184e-08, 0.6758676171302795, 0.27943652868270874, 0.6819957494735718, 0.5403470396995544, 0.44142478704452515, -0.7163584232330322, -0.501226544380188, 0.8526778221130371, 0.14735202491283417),
            ["Head"] = CFrame.new(6.51925802230835e-08, 1.1920928955078125e-07, -1.3504177331924438e-08, 0.735689640045166, 0.41484200954437256, -0.5354128479957581, -0.1497027575969696, 0.8705300688743591, 0.46879279613494873, 0.6605678796768188, -0.2647331655025482, 0.7025428414344788),
            ["RightHand"] = CFrame.new(5.364418029785156e-07, -5.960464477539062e-07, 2.9802322387695312e-08, 0.8022359609603882, -0.1456337571144104, 0.578971803188324, 0.09896600246429443, 0.9888136386871338, 0.1115952879190445, -0.5887472629547119, -0.03222721070051193, 0.8076745867729187),
            ["UpperTorso"] = CFrame.new(7.916241884231567e-09, 5.960464477539063e-08, 2.1124378690728918e-08, 0.9528253674507141, 0.041084323078393936, 0.3007257878780365, -0.14165368676185608, 0.9364665746688843, 0.3208807706832886, -0.2684364914894104, -0.34834226965904236, 0.8981088399887085),
            ["HumanoidRootPart"] = CFrame.new(0, 0, 0, 1, 0, 0, 0, 1, 0, 0, 0, 1),
            ["RightUpperLeg"] = CFrame.new(1.1920928955078125e-07, -1.5832483768463135e-08, -3.196328179910779e-08, 0.9196277856826782, -0.2996523082256317, 0.2539554536342621, 0.38803455233573914, 0.793382465839386, -0.4690137803554535, -0.060942746698856354, 0.5298610925674438, 0.8458917737007141),
            ["LeftUpperArm"] = CFrame.new(1.7881393432617188e-07, -3.5762786865234375e-07, -3.725290298461914e-09, -0.4149389863014221, 0.8666622638702393, 0.2769879102706909, -0.8379755020141602, -0.24542886018753052, -0.48740312457084656, -0.35443297028541565, -0.43435168266296387, 0.8280797600746155),
            ["RightLowerArm"] = CFrame.new(5.960464477539063e-08, 5.960464477539063e-08, -6.51925802230835e-08, 1, -1.0430816388407038e-07, 8.195639367158947e-08, 4.470347647611561e-08, -0.26563045382499695, -0.964074969291687, 1.6298143634685403e-07, 0.9640750288963318, -0.2656303942203522),
            ["LeftHand"] = CFrame.new(-4.172325134277344e-07, -1.7881393432617188e-07, 0, 0.5141921639442444, 0.6382283568382263, -0.5729495286941528, -0.19298045337200165, 0.7369899153709412, 0.6477688550949097, 0.8356823921203613, -0.22250960767269135, 0.5021199584007263),
            ["LeftFoot"] = CFrame.new(-2.9802322387695312e-08, 5.960464477539063e-08, 3.725290298461914e-08, 0.9958073496818542, 0.08338303118944168, -0.03761667385697365, -0.08829822391271591, 0.7687556147575378, -0.6334171891212463, -0.02389853075146675, 0.6340835690498352, 0.7728957533836365),
            ["LowerTorso"] = CFrame.new(-0.09164009988307953, -0.38683152198791504, 0.067542165517807, 0.9735901355743408, 0.22796614468097687, -0.012398358434438705, -0.22373487055301666, 0.9418919086456299, -0.2505641579627991, -0.04544221982359886, 0.24672073125839233, 0.9680206775665283),
            ["RightLowerLeg"] = CFrame.new(1.0710209608078003e-07, -0.000003516674041748047, -0.000013230535842012614, 1, -1.5925616025924683e-07, -1.6274869096832845e-07, 1.322478482279621e-07, 0.03501776233315468, 0.999386727809906, -1.4249241075958707e-07, -0.9993867874145508, 0.03501826152205467),
            ["LeftUpperLeg"] = CFrame.new(-5.960464477539063e-08, 1.862645149230957e-07, -1.5832483768463135e-08, 0.8705441355705261, -0.14362528920173645, 0.47066426277160645, 0.19789791107177734, 0.9778870344161987, -0.0676269605755806, -0.4505433738231659, 0.1520153433084488, 0.8797168731689453),
            ["LeftLowerLeg"] = CFrame.new(-2.9802322387695312e-08, 0.000003933906555175781, 0.000013232231140136719, 1, 3.725287456290971e-08, 7.450584860180243e-08, -8.195637946073475e-08, 0.4695965051651001, 0.8828805088996887, 1.1920927533992653e-07, -0.8828811049461365, 0.469597727060318),
        }},
        {Time = 0.067, Data = {
            ["RightFoot"] = CFrame.new(-2.7095666155219078e-08, 2.980232238769531e-07, -5.790934665128589e-08, 0.977424144744873, 0.0966542512178421, -0.18788303434848785, -0.19633926451206207, 0.7440126538276672, -0.6386671662330627, 0.07805714756250381, 0.6611378192901611, 0.7461932301521301),
            ["LeftLowerArm"] = CFrame.new(2.980232238769531e-07, 0.0000013113021850585938, 4.172325134277344e-07, 1, -3.352760913344355e-08, -4.470348358154297e-08, -3.725290742551124e-09, 1, -1.4901161193847656e-08, 2.2351745343485163e-08, 1.4901159417490817e-08, 1),
            ["RightUpperArm"] = CFrame.new(0, 0, 7.450580596923828e-09, 0.6607564091682434, 0.2691148519515991, 0.70069819688797, 0.5566299557685852, 0.45058122277259827, -0.6979539394378662, -0.5035514235496521, 0.8512073159217834, 0.14792712032794952),
            ["Head"] = CFrame.new(1.364387571811676e-07, -3.5762786865234375e-07, -2.1420419216156006e-08, 0.7310462594032288, 0.3756812810897827, -0.569591760635376, -0.14232046902179718, 0.9003713726997375, 0.4111890196800232, 0.667320191860199, -0.21953371167182922, 0.7116803526878357),
            ["RightHand"] = CFrame.new(2.980232238769531e-07, 3.5762786865234375e-07, 0, 0.8026971220970154, -0.14906804263591766, 0.5774565935134888, 0.10363149642944336, 0.9883917570114136, 0.11109565943479538, -0.5873141288757324, -0.029333502054214478, 0.8088273406028748),
            ["UpperTorso"] = CFrame.new(4.0046870708465576e-08, 8.940696716308594e-08, 7.334165275096893e-09, 0.9465056657791138, 0.06961473822593689, 0.3150888979434967, -0.1790851354598999, 0.9255985021591187, 0.3334607183933258, -0.26843199133872986, -0.3720502257347107, 0.8885510563850403),
            ["HumanoidRootPart"] = CFrame.new(0, 0, 0, 1, 0, 0, 0, 1, 0, 0, 0, 1),
            ["RightUpperLeg"] = CFrame.new(-1.4901161193847656e-07, 7.385388016700745e-07, -8.923962013795972e-08, 0.9260889887809753, -0.2669351100921631, 0.2666545510292053, 0.3684271275997162, 0.7921815514564514, -0.48652905225753784, -0.08136715739965439, 0.5488114953041077, 0.8319764137268066),
            ["LeftUpperArm"] = CFrame.new(1.7881393432617188e-07, -2.384185791015625e-07, 5.21540641784668e-08, -0.40706270933151245, 0.8678608536720276, 0.2848113775253296, -0.8458079695701599, -0.2404290735721588, -0.4762381315231323, -0.34483155608177185, -0.4347545802593231, 0.8319133520126343),
            ["RightLowerArm"] = CFrame.new(0.0000013709068298339844, 2.384185791015625e-07, 7.217749953269958e-07, 1, -1.1920928955078125e-07, 1.154839708306099e-07, 1.0430811414607888e-07, -0.2741451859474182, -0.9616883993148804, 1.140870011795414e-07, 0.9616883993148804, -0.2741451561450958),
            ["LeftHand"] = CFrame.new(-2.7567148208618164e-07, 7.152557373046875e-07, -3.8743019104003906e-07, 0.532217800617218, 0.5974135398864746, -0.5998678207397461, -0.13917791843414307, 0.7606551647186279, 0.6340609192848206, 0.8350890278816223, -0.2539701461791992, 0.48798105120658875),
            ["LeftFoot"] = CFrame.new(-1.1175870895385742e-08, 0, 5.21540641784668e-08, 0.9956701397895813, 0.08826804906129837, -0.029152730479836464, -0.08466746658086777, 0.7316632866859436, -0.6763870716094971, -0.03837381675839424, 0.6759272813796997, 0.7359692454338074),
            ["LowerTorso"] = CFrame.new(-0.10443290323019028, -0.4181172847747803, 0.07098281383514404, 0.9789953827857971, 0.20155927538871765, -0.03069179132580757, -0.202488973736763, 0.9436520338058472, -0.26176154613494873, -0.023798096925020218, 0.2624780535697937, 0.9646445512771606),
            ["RightLowerLeg"] = CFrame.new(-5.820766091346741e-08, -0.0000037550926208496094, -0.000013215634680818766, 1, -1.4225950906165963e-07, -1.8393627954083058e-07, 1.4458784391990775e-07, 0.0003638211346697062, 1, -1.0267832806221122e-07, -1, 0.0003640857758000493),
            ["LeftUpperLeg"] = CFrame.new(2.9802322387695312e-08, 5.960464477539062e-07, -4.842877388000488e-08, 0.8688802123069763, -0.11330818384885788, 0.48188045620918274, 0.18006983399391174, 0.9791079759597778, -0.09445926547050476, -0.46110963821411133, 0.16884563863277435, 0.8711307644844055),
            ["LeftLowerLeg"] = CFrame.new(-7.450580596923828e-09, 0.000003635883331298828, 0.000013321638107299805, 1, 1.1920921849650767e-07, 2.9802343703977385e-08, -8.195637946073475e-08, 0.398834228515625, 0.917022705078125, 1.1548398504146462e-07, -0.9170231223106384, 0.39883506298065186),
        }},
        {Time = 0.100, Data = {
            ["RightFoot"] = CFrame.new(-8.346978574991226e-08, 3.5762786865234375e-07, -2.8107024263590574e-08, 0.9760579466819763, 0.10724631696939468, -0.18923364579677582, -0.20245082676410675, 0.7660294771194458, -0.6100916266441345, 0.07952834665775299, 0.6337957978248596, 0.7694016695022583),
            ["LeftLowerArm"] = CFrame.new(0.0000013113021850585938, -7.152557373046875e-07, 6.556510925292969e-07, 1, 0, 4.4703490686970326e-08, 7.450582373280668e-09, 1, 1.4901162970204496e-08, -3.72529100900465e-08, -1.4901159417490817e-08, 1),
            ["RightUpperArm"] = CFrame.new(2.384185791015625e-07, -3.5762786865234375e-07, 1.1175870895385742e-07, 0.6630903482437134, 0.1885853111743927, 0.7243941426277161, 0.5890274047851562, 0.465714693069458, -0.6604213714599609, -0.4619068205356598, 0.8646070957183838, 0.19772903621196747),
            ["Head"] = CFrame.new(1.4621764421463013e-07, -2.384185791015625e-07, 8.009374141693115e-08, 0.7480044364929199, 0.3050120174884796, -0.5894548892974854, -0.12273770570755005, 0.9363954663276672, 0.32878419756889343, 0.6522459983825684, -0.17358370125293732, 0.7378643751144409),
            ["RightHand"] = CFrame.new(3.2782554626464844e-07, -4.76837158203125e-07, 8.940696716308594e-08, 0.828450083732605, -0.15878888964653015, 0.5370816588401794, 0.122104212641716, 0.9871067404747009, 0.10349331051111221, -0.5465904474258423, -0.020159106701612473, 0.8371573686599731),
            ["UpperTorso"] = CFrame.new(6.909249350428581e-08, 0, 2.584420144557953e-08, 0.9414089918136597, 0.09259902685880661, 0.3243064880371094, -0.20581889152526855, 0.9194943904876709, 0.33491596579551697, -0.26718512177467346, -0.38204121589660645, 0.8846789002418518),
            ["HumanoidRootPart"] = CFrame.new(0, 0, 0, 1, 0, 0, 0, 1, 0, 0, 0, 1),
            ["RightUpperLeg"] = CFrame.new(1.1920928955078125e-07, 2.3655593395233154e-07, -1.845910446718335e-08, 0.934822142124176, -0.24689269065856934, 0.25524795055389404, 0.3423147201538086, 0.8177520632743835, -0.4627126157283783, -0.09448924660682678, 0.519928514957428, 0.848967432975769),
            ["LeftUpperArm"] = CFrame.new(1.1920928955078125e-07, -2.384185791015625e-07, 1.1920928955078125e-07, -0.3679109811782837, 0.8881819248199463, 0.2752716541290283, -0.8562573194503784, -0.2081700563430786, -0.47274577617645264, -0.36258095502853394, -0.409631609916687, 0.8371003270149231),
            ["RightLowerArm"] = CFrame.new(1.1920928955078125e-07, 5.364418029785156e-07, -2.4586915969848633e-07, 1, -1.0430809993522416e-07, 1.5273694486950262e-07, 1.043081283569336e-07, -0.27414679527282715, -0.9616879820823669, 1.043081283569336e-07, 0.9616878628730774, -0.27414676547050476),
            ["LeftHand"] = CFrame.new(-3.5762786865234375e-07, -5.960464477539062e-07, 8.940696716308594e-08, 0.5908370614051819, 0.49884188175201416, -0.6340885758399963, -0.027115920558571815, 0.7977733612060547, 0.6023475527763367, 0.8063351511955261, -0.3386951684951782, 0.484880656003952),
            ["LeftFoot"] = CFrame.new(-3.166496753692627e-08, 1.1920928955078125e-07, 2.9802322387695312e-08, 0.994727611541748, 0.09915325045585632, -0.02618507295846939, -0.09147017449140549, 0.7423722743988037, -0.663713812828064, -0.046370405703783035, 0.6626100540161133, 0.7475281953811646),
            ["LowerTorso"] = CFrame.new(-0.11097480356693268, -0.38753819465637207, 0.06785564124584198, 0.9839085340499878, 0.1735004037618637, -0.0426812469959259, -0.17861045897006989, 0.9487642049789429, -0.26066261529922485, -0.004730632528662682, 0.26409149169921875, 0.9644860625267029),
            ["RightLowerLeg"] = CFrame.new(2.3283064365386963e-09, -0.0000037550926208496094, -0.000013290140486788005, 1, -1.1525109755439189e-07, -1.8300499959877925e-07, 1.5366823902240867e-07, 0.07432512193918228, 0.9972341060638428, -1.273583762895214e-07, -0.9972341060638428, 0.07432571053504944),
            ["LeftUpperLeg"] = CFrame.new(2.384185791015625e-07, 3.7997961044311523e-07, 1.862645149230957e-08, 0.8682777881622314, -0.10316639393568039, 0.48523247241973877, 0.15883538126945496, 0.9844589233398438, -0.07491298019886017, -0.46996286511421204, 0.14211724698543549, 0.8711702227592468),
            ["LeftLowerLeg"] = CFrame.new(8.195638656616211e-08, 0.000003814697265625, 0.0000133514404296875, 1, 1.4901155864777138e-08, 8.195645762043569e-08, -9.685754776000977e-08, 0.44250765442848206, 0.8967645168304443, 3.3527612686157227e-08, -0.8967647552490234, 0.4425082504749298),
        }},
        {Time = 0.133, Data = {
            ["RightFoot"] = CFrame.new(-5.369656719267368e-08, 3.5762786865234375e-07, -6.908521754667163e-08, 0.9740251302719116, 0.12283980846405029, -0.19022491574287415, -0.21077871322631836, 0.7988367676734924, -0.563410758972168, 0.08274945616722107, 0.5888720154762268, 0.8039793372154236),
            ["LeftLowerArm"] = CFrame.new(7.450580596923828e-07, 0.0000013113021850585938, 5.662441253662109e-07, 1, 4.4703490686970326e-08, 1.4901162970204496e-08, -2.980233304583635e-08, 1, -7.450581307466564e-08, -1.4901166522918174e-08, -1.4901162970204496e-08, 1),
            ["RightUpperArm"] = CFrame.new(-1.7881393432617188e-07, -2.384185791015625e-07, -2.2351741790771484e-08, 0.6507747173309326, 0.01573418267071247, 0.7591079473495483, 0.664381742477417, 0.4721715450286865, -0.5793538093566895, -0.3675447702407837, 0.8813663125038147, 0.2968238294124603),
            ["Head"] = CFrame.new(4.7497451305389404e-08, -2.384185791015625e-07, -5.960464477539063e-08, 0.7816691398620605, 0.20646478235721588, -0.5885283946990967, -0.08597607165575027, 0.9702798128128052, 0.22619761526584625, 0.6177390813827515, -0.12621235847473145, 0.7761887311935425),
            ["RightHand"] = CFrame.new(-4.76837158203125e-07, -2.384185791015625e-07, -1.4901161193847656e-07, 0.8518627882003784, -0.16567322611808777, 0.49687254428863525, 0.13599035143852234, 0.9860826730728149, 0.09564299881458282, -0.5058028697967529, -0.013904856517910957, 0.8625369668006897),
            ["UpperTorso"] = CFrame.new(-8.789356797933578e-09, -2.9802322387695312e-08, -3.003515303134918e-08, 0.9417195916175842, 0.10666514933109283, 0.3190403878688812, -0.21643772721290588, 0.9181491732597351, 0.3318987488746643, -0.25752463936805725, -0.3816080093383789, 0.8877254128456116),
            ["HumanoidRootPart"] = CFrame.new(0, 0, 0, 1, 0, 0, 0, 1, 0, 0, 0, 1),
            ["RightUpperLeg"] = CFrame.new(-2.086162567138672e-07, 4.0978193283081055e-07, -1.4511897461488843e-07, 0.9451999068260193, -0.2387305498123169, 0.22272174060344696, 0.312255859375, 0.8602349162101746, -0.40310341119766235, -0.09536011517047882, 0.4505592882633209, 0.8876387476921082),
            ["LeftUpperArm"] = CFrame.new(1.1920928955078125e-07, -5.960464477539062e-07, -1.4901161193847656e-08, -0.2875487506389618, 0.9289730191230774, 0.23307740688323975, -0.8690868616104126, -0.15081170201301575, -0.47110915184020996, -0.40249690413475037, -0.338031142950058, 0.8507239818572998),
            ["RightLowerArm"] = CFrame.new(-5.960464477539063e-08, 3.5762786865234375e-07, -1.341104507446289e-07, 1, -5.5879347371501353e-08, 1.3411046495548362e-07, 7.450577754752885e-08, -0.27415066957473755, -0.9616867899894714, 8.940693874137651e-08, 0.9616867899894714, -0.27415063977241516),
            ["LeftHand"] = CFrame.new(-9.685754776000977e-07, -6.556510925292969e-07, 2.384185791015625e-07, 0.6278889775276184, 0.39508959650993347, -0.6705666184425354, 0.07413685321807861, 0.8272968530654907, 0.5568516850471497, 0.7747639417648315, -0.3993547558784485, 0.4901598393917084),
            ["LeftFoot"] = CFrame.new(-9.313225746154785e-09, 0, -3.725290298461914e-08, 0.9936916828155518, 0.10878682136535645, -0.027244659140706062, -0.10225605219602585, 0.7791586518287659, -0.6184293031692505, -0.04604927822947502, 0.6173145174980164, 0.785368025302887),
            ["LowerTorso"] = CFrame.new(-0.11249946057796478, -0.32302021980285645, 0.059864502400159836, 0.9883610606193542, 0.14557090401649475, -0.04417571797966957, -0.1520574390888214, 0.954073965549469, -0.25811126828193665, 0.004573407117277384, 0.2618243396282196, 0.9651048183441162),
            ["RightLowerLeg"] = CFrame.new(9.359791874885559e-08, -0.000003516674041748047, -0.000013468954421114177, 1, -1.264270395040512e-07, -9.592626071253108e-08, 1.010484851349247e-07, 0.21483385562896729, 0.9766505360603333, -1.0803340444454079e-07, -0.9766506552696228, 0.21483421325683594),
            ["LeftUpperLeg"] = CFrame.new(8.940696716308594e-08, 3.7439167499542236e-07, -1.4528632164001465e-07, 0.8714610934257507, -0.10553447902202606, 0.47897621989250183, 0.1332167685031891, 0.9907945394515991, -0.024072792381048203, -0.4720263183116913, 0.08478595316410065, 0.8774977922439575),
            ["LeftLowerLeg"] = CFrame.new(-8.940696716308594e-08, 0.000003814697265625, 0.000013187527656555176, 1, 1.0430809993522416e-07, 5.215408194203519e-08, -7.450580596923828e-08, 0.5494840145111084, 0.8355039358139038, 1.4901161193847656e-08, -0.8355042934417725, 0.5494845509529114),
        }},
        {Time = 0.167, Data = {
            ["RightFoot"] = CFrame.new(-4.831235855817795e-09, 2.384185791015625e-07, -9.480572771281004e-09, 0.9707863330841064, 0.14643466472625732, -0.19008119404315948, -0.22396621108055115, 0.8372560739517212, -0.49883902072906494, 0.08609937876462936, 0.5268388390541077, 0.8455937504768372),
            ["LeftLowerArm"] = CFrame.new(6.556510925292969e-07, 0.0000010728836059570312, 3.8743019104003906e-07, 1, 2.980232949312267e-08, -2.980233304583635e-08, 5.960465898624534e-08, 1, 0, 0, 4.4703494239684005e-08, 1),
            ["RightUpperArm"] = CFrame.new(1.1920928955078125e-07, 4.76837158203125e-07, -1.4901161193847656e-08, 0.5654782652854919, -0.2378404438495636, 0.7897254824638367, 0.7819409966468811, 0.4591258764266968, -0.4216298758983612, -0.26230278611183167, 0.8559412360191345, 0.4456028938293457),
            ["Head"] = CFrame.new(2.430751919746399e-07, -2.384185791015625e-07, 1.1175870895385742e-08, 0.8223493099212646, 0.09219519048929214, -0.5614639520645142, -0.03098875656723976, 0.9925776720046997, 0.11759839951992035, 0.568138599395752, -0.0793079361319542, 0.8191024661064148),
            ["RightHand"] = CFrame.new(2.384185791015625e-07, -5.364418029785156e-07, -8.940696716308594e-08, 0.8529796600341797, -0.1626051813364029, 0.4959690570831299, 0.1237463504076004, 0.9861435890197754, 0.11048871278762817, -0.5070627331733704, -0.032870300114154816, 0.8612821102142334),
            ["UpperTorso"] = CFrame.new(4.417961463332176e-08, 1.7881393432617188e-07, -1.4086253941059113e-08, 0.952212929725647, 0.10037185996770859, 0.2884722352027893, -0.19610580801963806, 0.9249899387359619, 0.32547852396965027, -0.2341650426387787, -0.36649590730667114, 0.9004707336425781),
            ["HumanoidRootPart"] = CFrame.new(0, 0, 0, 1, 0, 0, 0, 1, 0, 0, 0, 1),
            ["RightUpperLeg"] = CFrame.new(-5.960464477539063e-08, 4.12575900554657e-07, -8.923962013795972e-08, 0.9529854655265808, -0.24917542934417725, 0.17242497205734253, 0.2922408878803253, 0.9061853885650635, -0.30565252900123596, -0.08008798956871033, 0.3416718542575836, 0.9364005923271179),
            ["LeftUpperArm"] = CFrame.new(0, -5.960464477539062e-07, 0, -0.1536419838666916, 0.9754457473754883, 0.1577966809272766, -0.8817160725593567, -0.06324825435876846, -0.4675215780735016, -0.4460615813732147, -0.21096277236938477, 0.8697837591171265),
            ["RightLowerArm"] = CFrame.new(4.76837158203125e-07, 1.1920928955078125e-07, -1.1920928955078125e-07, 1, -6.519256601222878e-08, 1.3411047916633834e-07, 2.9802315282267955e-08, -0.25609511137008667, -0.9666516184806824, 1.3411042232291948e-07, 0.9666516184806824, -0.25609517097473145),
            ["LeftHand"] = CFrame.new(0, 1.1920928955078125e-07, 5.364418029785156e-07, 0.6115522384643555, 0.3382786810398102, -0.7152422666549683, 0.08633710443973541, 0.8700621724128723, 0.4853224754333496, 0.7864794135093689, -0.35855188965797424, 0.5028823614120483),
            ["LeftFoot"] = CFrame.new(-5.960464477539063e-08, 1.7881393432617188e-07, -1.4901161193847656e-08, 0.9935035705566406, 0.10938873887062073, -0.03138167783617973, -0.1093023419380188, 0.8404635190963745, -0.5307298302650452, -0.031680990010499954, 0.5307121276855469, 0.8469598889350891),
            ["LowerTorso"] = CFrame.new(-0.10856182873249054, -0.2338881492614746, 0.04707716032862663, 0.991073727607727, 0.12954364717006683, -0.03148438781499863, -0.13329046964645386, 0.9583551287651062, -0.25256505608558655, -0.0025449732784181833, 0.2545071542263031, 0.9670675992965698),
            ["RightLowerLeg"] = CFrame.new(-9.778887033462524e-09, -0.0000036954879760742188, -0.000013472679711412638, 1, -1.5646207884856267e-07, -6.845226607765653e-08, 1.0617075929530984e-07, 0.40665847063064575, 0.9135798811912537, -9.918583998569375e-08, -0.9135802388191223, 0.40665948390960693),
            ["LeftUpperLeg"] = CFrame.new(2.682209014892578e-07, 5.19677996635437e-07, -1.6763806343078613e-08, 0.8790640830993652, -0.1331755816936493, 0.45772331953048706, 0.11363817751407623, 0.9910458922386169, 0.07010344415903091, -0.46296069025993347, -0.009610595181584358, 0.8863266110420227),
            ["LeftLowerLeg"] = CFrame.new(8.195638656616211e-08, 0.000003933906555175781, 0.000013232231140136719, 1, 1.1920928955078125e-07, 2.60770320892334e-08, -7.124618406351146e-08, 0.7147000432014465, 0.6994310021400452, 8.009374852235851e-08, -0.6994311809539795, 0.7147002220153809),
        }},
        {Time = 0.200, Data = {
            ["RightFoot"] = CFrame.new(-3.3905962482094765e-08, 2.980232238769531e-07, 1.287116901949048e-08, 0.96994549036026, 0.15225191414356232, -0.1898033171892166, -0.22054466605186462, 0.8796272277832031, -0.42144492268562317, 0.10279014706611633, 0.45063886046409607, 0.8867688775062561),
            ["LeftLowerArm"] = CFrame.new(3.5762786865234375e-07, 6.556510925292969e-07, -7.450580596923828e-08, 1, -2.2351747119842003e-08, -1.1175869119028903e-08, 1.4901162970204496e-08, 0.9995737075805664, -0.02919667586684227, 7.450581485102248e-09, 0.02919667214155197, 0.9995737671852112),
            ["RightUpperArm"] = CFrame.new(-5.960464477539063e-08, 3.5762786865234375e-07, -7.450580596923828e-08, 0.43728014826774597, -0.5005781650543213, 0.7471329569816589, 0.8756041526794434, 0.4265264570713043, -0.22669920325279236, -0.20519119501113892, 0.7533237934112549, 0.6248198747634888),
            ["Head"] = CFrame.new(1.4435499906539917e-07, -3.5762786865234375e-07, -3.725290298461914e-08, 0.8576184511184692, -0.022643812000751495, -0.5137879252433777, 0.037140242755413055, 0.9991486668586731, 0.017959952354431152, 0.5129438638687134, -0.034484997391700745, 0.8577292561531067),
            ["RightHand"] = CFrame.new(1.7881393432617188e-07, -1.7881393432617188e-07, -1.3597309589385986e-07, 0.8509636521339417, -0.1527552604675293, 0.5025205612182617, 0.09580797702074051, 0.9858654737472534, 0.13744127750396729, -0.5164124965667725, -0.06881199032068253, 0.8535707592964172),
            ["UpperTorso"] = CFrame.new(6.7870132625103e-08, -2.9802322387695312e-08, 3.073364496231079e-08, 0.966725766658783, 0.08121573179960251, 0.2425808310508728, -0.15658025443553925, 0.9377391934394836, 0.3100450038909912, -0.20229698717594147, -0.33771181106567383, 0.919253408908844),
            ["HumanoidRootPart"] = CFrame.new(0, 0, 0, 1, 0, 0, 0, 1, 0, 0, 0, 1),
            ["RightUpperLeg"] = CFrame.new(-2.9802322387695312e-08, 8.181668817996979e-07, -5.757465260103345e-08, 0.962755024433136, -0.24676641821861267, 0.11049456149339676, 0.264455109834671, 0.944500207901001, -0.19489184021949768, -0.056269362568855286, 0.21685390174388885, 0.9745810031890869),
            ["LeftUpperArm"] = CFrame.new(1.1920928955078125e-07, -9.5367431640625e-07, -1.4901161193847656e-08, 0.03617732226848602, 0.998487651348114, 0.041396137326955795, -0.8862549066543579, 0.051196880638599396, -0.4603599011898041, -0.4617830216884613, -0.020032890141010284, 0.8867667317390442),
            ["RightLowerArm"] = CFrame.new(0, -5.364418029785156e-07, 8.940696716308594e-08, 1, -5.960464477539063e-08, 1.5087425708770752e-07, 9.685752644372769e-08, -0.19694291055202484, -0.9804150462150574, 4.470347292340193e-08, 0.9804150462150574, -0.19694292545318604),
            ["LeftHand"] = CFrame.new(-2.384185791015625e-07, -1.1920928955078125e-07, 0, 0.5841675996780396, 0.2900119721889496, -0.7580510973930359, 0.05614180117845535, 0.9173069596290588, 0.3942032754421234, 0.8096891045570374, -0.27283918857574463, 0.5195790529251099),
            ["LeftFoot"] = CFrame.new(-4.470348358154297e-08, 1.1920928955078125e-07, 1.4901161193847656e-08, 0.9942787289619446, 0.10053890198469162, -0.036080971360206604, -0.10647270828485489, 0.9057255387306213, -0.41027402877807617, -0.008569419384002686, 0.41176846623420715, 0.9112483859062195),
            ["LowerTorso"] = CFrame.new(-0.0952678695321083, -0.14660978317260742, 0.03207174316048622, 0.9934831261634827, 0.11323434114456177, -0.013011299073696136, -0.1129939928650856, 0.9634768962860107, -0.24278514087200165, -0.01495552808046341, 0.2426731139421463, 0.9699928760528564),
            ["RightLowerLeg"] = CFrame.new(4.586763679981232e-08, -0.0000034570693969726562, -0.000013386998034548014, 1, -1.3131649723163719e-07, -6.193296542278404e-08, 1.0686929385883559e-07, 0.6034855246543884, 0.7973737120628357, -2.933666820581493e-08, -0.7973739504814148, 0.6034858226776123),
            ["LeftUpperLeg"] = CFrame.new(-5.960464477539063e-08, 4.2654573917388916e-07, 1.1641532182693481e-08, 0.8894078135490417, -0.1650869995355606, 0.42626330256462097, 0.09036491811275482, 0.9776037335395813, 0.1900668442249298, -0.4480937719345093, -0.13052760064601898, 0.8844062089920044),
            ["LeftLowerLeg"] = CFrame.new(6.146728992462158e-08, 0.0000036954879760742188, 0.000013299286365509033, 1, 5.21540641784668e-08, -7.450582373280668e-09, -4.4703490686970326e-08, 0.878268837928772, 0.47816693782806396, 2.3283066585833012e-09, -0.4781671464443207, 0.8782690167427063),
        }},
        {Time = 0.233, Data = {
            ["RightFoot"] = CFrame.new(-6.752088665962219e-09, 5.960464477539063e-08, -9.480572771281004e-09, 0.9732880592346191, 0.13027293980121613, -0.1890488564968109, -0.1929234117269516, 0.9104621410369873, -0.3658396601676941, 0.12446270138025284, 0.39253994822502136, 0.9112748503684998),
            ["LeftLowerArm"] = CFrame.new(-8.046627044677734e-07, 9.5367431640625e-07, 7.413327693939209e-07, 1, -3.725290742551124e-09, -1.3969835288563104e-09, 1.1641533959050321e-08, 0.9963171482086182, -0.08574561029672623, -3.3760446882524775e-08, 0.08574562519788742, 0.9963170886039734),
            ["RightUpperArm"] = CFrame.new(1.1920928955078125e-07, 1.1920928955078125e-07, 2.9802322387695312e-08, 0.2999002933502197, -0.7006938457489014, 0.6473699808120728, 0.9288635849952698, 0.3691430985927582, -0.030755575746297836, -0.21742196381092072, 0.6105419397354126, 0.7615551352500916),
            ["Head"] = CFrame.new(1.6065314412117004e-08, 2.384185791015625e-07, 9.313225746154785e-09, 0.888001024723053, -0.10952354222536087, -0.44660812616348267, 0.10139274597167969, 0.993953287601471, -0.04214969649910927, 0.44852399826049805, -0.007853840477764606, 0.8937363028526306),
            ["RightHand"] = CFrame.new(5.364418029785156e-07, -3.5762786865234375e-07, -8.940696716308594e-08, 0.8054465055465698, -0.13053317368030548, 0.5781151056289673, 0.03865315020084381, 0.9849371910095215, 0.1685371845960617, -0.5914067625999451, -0.11340165883302689, 0.798359751701355),
            ["UpperTorso"] = CFrame.new(1.862645149230957e-08, -1.1920928955078125e-07, 2.7997884899377823e-08, 0.9810603857040405, 0.05548684671521187, 0.18558533489704132, -0.1089908629655838, 0.9501646161079407, 0.2920757532119751, -0.16013023257255554, -0.30677106976509094, 0.9382163286209106),
            ["HumanoidRootPart"] = CFrame.new(0, 0, 0, 1, 0, 0, 0, 1, 0, 0, 0, 1),
            ["RightUpperLeg"] = CFrame.new(-1.4901161193847656e-07, 6.88538420945406e-07, -1.4116085367277265e-07, 0.97465580701828, -0.2168138027191162, 0.05511609837412834, 0.22176675498485565, 0.9688087105751038, -0.11058638244867325, -0.02942030131816864, 0.12000641226768494, 0.9923371076583862),
            ["LeftUpperArm"] = CFrame.new(-1.1920928955078125e-07, -3.5762786865234375e-07, 1.4901161193847656e-08, 0.2935262620449066, 0.9476879239082336, -0.12541921436786652, -0.8726685643196106, 0.2120792269706726, -0.43985459208488464, -0.39024603366851807, 0.23855838179588318, 0.8892682194709778),
            ["RightLowerArm"] = CFrame.new(-3.5762786865234375e-07, -1.1920928955078125e-07, -1.4901161193847656e-07, 1, -1.1920928955078125e-07, 1.1920930376163597e-07, 8.940694584680386e-08, -0.10335003584623337, -0.9946451187133789, 1.1175868053214799e-07, 0.9946451187133789, -0.10335011780261993),
            ["LeftHand"] = CFrame.new(-2.2351741790771484e-08, -5.960464477539063e-08, 1.7881393432617188e-07, 0.5555409789085388, 0.22718384861946106, -0.7998510003089905, 0.011887568049132824, 0.9596816897392273, 0.28083762526512146, 0.8314042687416077, -0.16552509367465973, 0.5304418802261353),
            ["LeftFoot"] = CFrame.new(-1.862645149230957e-09, -5.960464477539063e-08, -4.470348358154297e-08, 0.995714545249939, 0.08284778147935867, -0.04109625518321991, -0.09170757979154587, 0.9418725371360779, -0.32321205735206604, 0.011929663829505444, 0.3255957365036011, 0.9454338550567627),
            ["LowerTorso"] = CFrame.new(-0.07021525502204895, -0.0966181755065918, 0.017195753753185272, 0.9959026575088501, 0.09018591046333313, 0.006663505453616381, -0.0860765278339386, 0.9679544568061829, -0.2359132021665573, -0.027726011350750923, 0.23437297344207764, 0.9717513918876648),
            ["RightLowerLeg"] = CFrame.new(-7.334165275096893e-09, -0.000003635883331298828, -0.000013208184100221843, 1, -1.2665987014770508e-07, -5.308541162207803e-08, 1.2782402336597443e-07, 0.728361964225769, 0.6851918697357178, -3.841705620288849e-08, -0.6851925849914551, 0.7283627390861511),
            ["LeftUpperLeg"] = CFrame.new(-5.960464477539063e-08, 1.2014061212539673e-07, -2.8638169169425964e-08, 0.9004494547843933, -0.1630546748638153, 0.40324223041534424, 0.05519246309995651, 0.9624150991439819, 0.26591578125953674, -0.43144479393959045, -0.2171875387430191, 0.8756052851676941),
            ["LeftLowerLeg"] = CFrame.new(2.3748725652694702e-08, 0.000003874301910400391, 0.00001333281397819519, 1, 5.215405707303944e-08, 1.4901162970204496e-08, -1.955777229056821e-08, 0.9528483748435974, 0.3034467101097107, 5.704349881341386e-09, -0.30344685912132263, 0.9528484344482422),
        }},
        {Time = 0.267, Data = {
            ["RightFoot"] = CFrame.new(-3.3905962482094765e-08, 1.7881393432617188e-07, 9.145878721028566e-09, 0.9761298298835754, 0.10637786984443665, -0.18935243785381317, -0.16257914900779724, 0.9359740018844604, -0.3122827112674713, 0.1440088301897049, 0.33561351895332336, 0.9309271574020386),
            ["LeftLowerArm"] = CFrame.new(8.642673492431641e-07, 4.172325134277344e-07, 3.762543201446533e-07, 1, 1.4901161193847656e-08, 0, 2.2351747119842003e-08, 0.9831657409667969, -0.18271614611148834, 7.450582373280668e-09, 0.18271613121032715, 0.9831658005714417),
            ["RightUpperArm"] = CFrame.new(0, 1.1920928955078125e-07, -2.9802322387695312e-08, 0.17405764758586884, -0.8616015315055847, 0.47680896520614624, 0.9555692076683044, 0.2647540867328644, 0.1295872926712036, -0.23788966238498688, 0.43306824564933777, 0.8694024085998535),
            ["Head"] = CFrame.new(7.194466888904572e-08, -3.5762786865234375e-07, -2.3283064365386963e-08, 0.9192269444465637, -0.1541864275932312, -0.3622822165489197, 0.14894428849220276, 0.987930178642273, -0.042540863156318665, 0.3644687533378601, -0.014855158515274525, 0.9310972094535828),
            ["RightHand"] = CFrame.new(-2.9802322387695312e-08, -1.7881393432617188e-07, -1.1920928955078125e-07, 0.7336814403533936, -0.11712215840816498, 0.6693234443664551, -0.01740630902349949, 0.9814700484275818, 0.19082336127758026, -0.6792706847190857, -0.15165407955646515, 0.7180476784706116),
            ["UpperTorso"] = CFrame.new(1.6298145055770874e-09, 4.172325134277344e-07, -4.44706529378891e-08, 0.9923214316368103, 0.03235094994306564, 0.11938044428825378, -0.06412993371486664, 0.9598902463912964, 0.27294355630874634, -0.10576212406158447, -0.2785036265850067, 0.9545941948890686),
            ["HumanoidRootPart"] = CFrame.new(0, 0, 0, 1, 0, 0, 0, 1, 0, 0, 0, 1),
            ["RightUpperLeg"] = CFrame.new(0, 7.394701242446899e-07, -1.7527781892567873e-08, 0.9861863255500793, -0.16546227037906647, 0.00768003985285759, 0.1656104177236557, 0.985830545425415, -0.026674609631299973, -0.0031575572211295366, 0.027577955275774002, 0.9996147155761719),
            ["LeftUpperArm"] = CFrame.new(5.960464477539063e-08, -5.960464477539062e-07, -4.470348358154297e-08, 0.5111595988273621, 0.7969539761543274, -0.3218388855457306, -0.8321340084075928, 0.3651726245880127, -0.4173750579357147, -0.2151019424200058, 0.4811582863330841, 0.8498340845108032),
            ["RightLowerArm"] = CFrame.new(4.76837158203125e-07, -2.384185791015625e-07, -2.9802322387695312e-08, 1, -5.215404996761208e-08, 8.940695295223122e-08, 8.940694584680386e-08, 0.058351609855890274, -0.9982960820198059, 5.960463056453591e-08, 0.9982961416244507, 0.05835162475705147),
            ["LeftHand"] = CFrame.new(-0.0000010058283805847168, 6.556510925292969e-07, 1.4901161193847656e-07, 0.5451647043228149, 0.1743420660495758, -0.8200003504753113, -0.05075111985206604, 0.983206033706665, 0.17530058324337006, 0.8367913961410522, -0.05395175516605377, 0.5448571443557739),
            ["LeftFoot"] = CFrame.new(3.725290298461914e-08, -1.7881393432617188e-07, 0, 0.996971845626831, 0.06282965838909149, -0.04582095518708229, -0.07345127314329147, 0.9543334245681763, -0.28957346081733704, 0.02553454041481018, 0.2920621931552887, 0.9560583829879761),
            ["LowerTorso"] = CFrame.new(-0.03764914721250534, -0.06634187698364258, 0.0032092221081256866, 0.9980571269989014, 0.05620577558875084, 0.026888633146882057, -0.04848039895296097, 0.9716256856918335, -0.23150205612182617, -0.03913743793964386, 0.2297486811876297, 0.9724628329277039),
