return {
    ["Interworld"] = {
        {Time = 0.000, Data = {
            ["RightFoot"] = CFrame.new(-2.942979335784912e-07, -1.1920928955078125e-07, -8.940696716308594e-08, 0.9987568259239197, -0.04964514449238777, -0.0045287832617759705, 0.032334089279174805, 0.7143774628639221, -0.6990236043930054, 0.03793951869010925, 0.6979972720146179, 0.7150842547416687),
            ["LeftLowerArm"] = CFrame.new(-5.364418029785156e-07, 0.0000015497207641601562, 3.7997961044311523e-07, 1, 3.725215691474659e-08, 1.303879599845459e-07, 9.313223614526578e-08, 0.3861158788204193, -0.9224503040313721, -6.332992086299782e-08, 0.9224503040313721, 0.3861159682273865),
            ["RightUpperArm"] = CFrame.new(-2.980232238769531e-07, -3.5762786865234375e-07, 4.76837158203125e-07, 0.7702131271362305, -0.6184872984886169, 0.15572655200958252, 0.43985241651535034, 0.6919043660163879, 0.572541356086731, -0.46184608340263367, -0.3724808692932129, 0.8049507737159729),
            ["Head"] = CFrame.new(4.76837158203125e-07, -4.76837158203125e-07, -1.1920928955078125e-07, 0.9745877981185913, -0.09112406522035599, -0.20463424921035767, 0.0774618610739708, 0.9942581057548523, -0.07382726669311523, 0.21018657088279724, 0.05610005557537079, 0.9760504961013794),
            ["RightHand"] = CFrame.new(-1.7881393432617188e-07, -2.384185791015625e-07, 2.086162567138672e-07, 0.6756101846694946, -0.5546827912330627, -0.4856739938259125, 0.30638641119003296, 0.8104139566421509, -0.49935612082481384, 0.6705805659294128, 0.18856388330459595, 0.7174707651138306),
            ["UpperTorso"] = CFrame.new(4.917383193969727e-07, -2.9802322387695312e-08, -1.7881393432617188e-07, 0.9884201884269714, -0.13862334191799164, -0.06171954423189163, 0.15140636265277863, 0.8739191889762878, 0.4618888199329376, -0.010090692900121212, -0.46588510274887085, 0.8847878575325012),
            ["HumanoidRootPart"] = CFrame.new(0, 0, 0, 1, 0, 0, 0, 1, 0, 0, 0, 1),
            ["RightUpperLeg"] = CFrame.new(4.172325134277344e-07, 2.0489096641540527e-08, -1.4901161193847656e-08, 0.987866222858429, 0.12122432887554169, -0.0970882996916771, -0.126067653298378, 0.990982174873352, -0.04540000110864639, 0.09070373326539993, 0.05708753690123558, 0.994239866733551),
            ["LeftUpperArm"] = CFrame.new(-1.1920928955078125e-07, -5.960464477539062e-07, 5.960464477539063e-08, 0.9408857226371765, 0.17778746783733368, -0.2882939279079437, -0.19306333363056183, 0.9808644652366638, -0.025167599320411682, 0.2783174216747284, 0.07935117930173874, 0.9572111368179321),
            ["RightLowerArm"] = CFrame.new(-3.8743019104003906e-07, 2.980232238769531e-07, -8.940696716308594e-07, 1, 2.6076417469766966e-08, 9.68598712347557e-08, 1.0617072376817305e-07, 0.14929509162902832, -0.9887926578521729, -2.2351731132630448e-08, 0.9887926578521729, 0.14929506182670593),
            ["LeftHand"] = CFrame.new(-1.1175870895385742e-07, -2.980232238769531e-07, 0.0000010728836059570312, 0.8345451951026917, 0.5502355694770813, -0.027840767055749893, -0.5458706021308899, 0.8189717531204224, -0.17694827914237976, -0.07456254214048386, 0.16286882758140564, 0.9838263988494873),
            ["LeftFoot"] = CFrame.new(-8.195638656616211e-08, 1.7881393432617188e-07, 4.1350722312927246e-07, 0.9656032919883728, -0.25318261981010437, -0.05923566594719887, 0.24117137491703033, 0.9572125673294067, -0.15993864834308624, 0.09719453006982803, 0.14015182852745056, 0.985348105430603),
            ["LowerTorso"] = CFrame.new(1.376621961593628, -0.3651543855667114, 6.2519354820251465, 0.7450729608535767, 0.07127656042575836, 0.6631636619567871, -0.05632634460926056, 0.9974459409713745, -0.043921686708927155, -0.6646004319190979, -0.004628707189112902, 0.747184693813324),
            ["RightLowerLeg"] = CFrame.new(3.8743019104003906e-07, -5.960464477539063e-08, 3.3527612686157227e-07, 1, 2.2352002915226876e-08, 0, -3.3527616238870905e-08, 0.4860665500164032, 0.8739282488822937, -1.1920930376163597e-07, -0.8739218711853027, 0.48605504631996155),
            ["LeftUpperLeg"] = CFrame.new(4.470348358154297e-07, -3.110617399215698e-07, -6.556510925292969e-07, 0.9097373485565186, -0.10365434736013412, -0.4020390510559082, -0.23364920914173126, 0.6726287603378296, -0.702117919921875, 0.34319984912872314, 0.7326842546463013, 0.587703287601471),
            ["LeftLowerLeg"] = CFrame.new(-2.9802322387695312e-08, 5.960464477539062e-07, -7.152557373046875e-07, 1, -1.4901232248121232e-08, 1.6763796395480313e-07, -1.4901164746561335e-08, 0.5079885125160217, 0.8613668084144592, -4.4703494239684005e-08, -0.86136394739151, 0.5079834461212158),
        }},
        {Time = 0.033, Data = {
            ["RightFoot"] = CFrame.new(-1.9371509552001953e-07, 2.384185791015625e-07, -2.8312206268310547e-07, 0.9904753565788269, -0.12654195725917816, -0.05428158864378929, 0.053606171160936356, 0.7175370454788208, -0.6944641470909119, 0.12682685256004333, 0.6849290728569031, 0.7174769043922424),
            ["LeftLowerArm"] = CFrame.new(-0.0000021457672119140625, 7.748603820800781e-07, 0.0000018123537302017212, 1, -3.7252179119207085e-09, 9.127148103971194e-08, 6.705523247774181e-08, 0.42771413922309875, -0.9039139747619629, -3.3527616238870905e-08, 0.9039140343666077, 0.4277142584323883),
            ["RightUpperArm"] = CFrame.new(0, 3.5762786865234375e-07, 0.0000010132789611816406, 0.780760645866394, -0.548103928565979, 0.2999971807003021, 0.41389837861061096, 0.8133522868156433, 0.4088399112224579, -0.4680824279785156, -0.19503900408744812, 0.8618884086608887),
            ["Head"] = CFrame.new(-2.980232238769531e-07, 0, 2.682209014892578e-07, 0.9535737633705139, -0.07004724442958832, -0.2929005026817322, 0.034722208976745605, 0.9916602969169617, -0.12411364912986755, 0.2991514205932617, 0.10818154364824295, 0.9480534195899963),
            ["RightHand"] = CFrame.new(8.642673492431641e-07, -8.344650268554688e-07, 0, 0.6035173535346985, -0.6547650694847107, -0.45502856373786926, 0.39725637435913086, 0.7417193651199341, -0.5404066443443298, 0.6913424134254456, 0.14537908136844635, 0.7077497243881226),
            ["UpperTorso"] = CFrame.new(1.6391277313232422e-07, 2.9802322387695312e-08, -1.7136335372924805e-07, 0.9831942319869995, -0.18185922503471375, -0.016014492139220238, 0.1688397377729416, 0.8724160194396973, 0.45867571234703064, -0.06944315880537033, -0.45367124676704407, 0.8884595036506653),
            ["HumanoidRootPart"] = CFrame.new(0, 0, 0, 1, 0, 0, 0, 1, 0, 0, 0, 1),
            ["RightUpperLeg"] = CFrame.new(0.000001430511474609375, 4.172325134277344e-07, 4.1350722312927246e-07, 0.9830977916717529, 0.17200863361358643, -0.06271383911371231, -0.17435689270496368, 0.9840914607048035, -0.03410930186510086, 0.05584337189793587, 0.04446526616811752, 0.9974485635757446),
            ["LeftUpperArm"] = CFrame.new(-4.76837158203125e-07, -1.1920928955078125e-07, 6.407499313354492e-07, 0.9813472628593445, 0.13923463225364685, -0.13252361118793488, -0.13539007306098938, 0.9900758266448975, 0.03772846981883049, 0.1364816129207611, -0.01907050609588623, 0.990461528301239),
            ["RightLowerArm"] = CFrame.new(-8.940696716308594e-07, -4.76837158203125e-07, 5.960464477539062e-07, 1, 1.862600917945656e-08, 8.195841161295903e-08, 8.568168397005138e-08, -0.04410015046596527, -0.9990271329879761, -1.1175872671742582e-08, 0.9990270733833313, -0.04410024732351303),
            ["LeftHand"] = CFrame.new(-1.862645149230957e-07, -4.172325134277344e-07, 6.258487701416016e-07, 0.7820724248886108, 0.6155915856361389, 0.09700514376163483, -0.5785635709762573, 0.775063693523407, -0.25404778122901917, -0.23157469928264618, 0.14256003499031067, 0.962314784526825),
            ["LeftFoot"] = CFrame.new(-9.685754776000977e-08, 5.960464477539063e-08, 3.762543201446533e-07, 0.982730507850647, -0.16853120923042297, 0.0764179453253746, 0.1592736840248108, 0.980593740940094, 0.1143166571855545, -0.09419538825750351, -0.10016655921936035, 0.9905008673667908),
            ["LowerTorso"] = CFrame.new(1.4254920482635498, -0.33050715923309326, 6.2405242919921875, 0.7355186939239502, 0.03842996805906296, 0.6764136552810669, -0.06649525463581085, 0.9976644515991211, 0.015624051913619041, -0.6742334365844727, -0.05647006258368492, 0.736356258392334),
            ["RightLowerLeg"] = CFrame.new(2.682209014892578e-07, -1.1920928955078125e-07, 2.942979335784912e-07, 1, 7.450645256312782e-08, 2.980203106517365e-08, -5.2154071283894154e-08, 0.6305112242698669, 0.7761892080307007, 0, -0.7761802077293396, 0.6305001378059387),
            ["LeftUpperLeg"] = CFrame.new(8.046627044677734e-07, 1.601874828338623e-07, -4.0978193283081055e-07, 0.9692103862762451, -0.11132219433784485, -0.21963785588741302, -0.12091092020273209, 0.5618707537651062, -0.818336009979248, 0.21450360119342804, 0.8197003602981567, 0.5311171412467957),
            ["LeftLowerLeg"] = CFrame.new(5.960464477539063e-08, 1.1920928955078125e-07, -1.7136335372924805e-07, 1, 1.490120560276864e-08, 9.313231430496671e-08, -5.215407838932151e-08, 0.49569952487945557, 0.8684960007667542, -5.960465898624534e-08, -0.8684940934181213, 0.49569639563560486),
        }},
        {Time = 0.067, Data = {
            ["RightFoot"] = CFrame.new(-2.4586915969848633e-07, 5.960464477539063e-08, 1.043081283569336e-07, 0.9862523674964905, -0.15674635767936707, -0.052325259894132614, 0.09150882065296173, 0.7817359566688538, -0.616868257522583, 0.13759569823741913, 0.6035889387130737, 0.7853251695632935),
            ["LeftLowerArm"] = CFrame.new(1.1920928955078125e-07, 2.384185791015625e-07, -0.0000014230608940124512, 1, 6.472563995885139e-08, 1.310863524395245e-07, 7.124614853637468e-08, 0.4071248769760132, -0.9133723974227905, 6.053594514554561e-09, 0.9133725762367249, 0.4071251451969147),
            ["RightUpperArm"] = CFrame.new(-4.76837158203125e-07, 0, 5.960464477539063e-08, 0.7551817893981934, -0.44781410694122314, 0.47870737314224243, 0.42768609523773193, 0.8900310397148132, 0.15790843963623047, -0.49677491188049316, 0.08548271656036377, 0.8636574745178223),
            ["Head"] = CFrame.new(-3.8743019104003906e-07, -5.960464477539062e-07, -2.682209014892578e-07, 0.915250301361084, -0.04773975908756256, -0.40004780888557434, -0.01422525942325592, 0.9885062575340271, -0.1505090296268463, 0.4026346206665039, 0.14344441890716553, 0.9040513634681702),
            ["RightHand"] = CFrame.new(5.178153514862061e-07, -1.7881393432617188e-07, -2.9802322387695312e-08, 0.5570396780967712, -0.7218999862670898, -0.4105713367462158, 0.5029788613319397, 0.6866474151611328, -0.5249062776565552, 0.6608472466468811, 0.08588255196809769, 0.7455900311470032),
            ["UpperTorso"] = CFrame.new(-7.599592208862305e-07, -2.086162567138672e-07, 4.3213367462158203e-07, 0.9731573462486267, -0.22880317270755768, 0.024776775389909744, 0.19605021178722382, 0.880573034286499, 0.4314572513103485, -0.12053646892309189, -0.41501855850219727, 0.9017930626869202),
            ["HumanoidRootPart"] = CFrame.new(0, 0, 0, 1, 0, 0, 0, 1, 0, 0, 0, 1),
            ["RightUpperLeg"] = CFrame.new(-8.344650268554688e-07, -2.5937333703041077e-07, 6.556510925292969e-07, 0.9794782996177673, 0.18789617717266083, -0.0729316845536232, -0.1862013339996338, 0.9820707440376282, 0.029411135241389275, 0.07714502513408661, -0.015231270343065262, 0.9969032406806946),
            ["LeftUpperArm"] = CFrame.new(-3.5762786865234375e-07, 0, -0.000001385807991027832, 0.9885780811309814, 0.15064041316509247, -0.003974915482103825, -0.14800679683685303, 0.975506067276001, 0.16275624930858612, 0.028415139764547348, -0.16029806435108185, 0.9866582751274109),
            ["RightLowerArm"] = CFrame.new(9.5367431640625e-07, 0, 0.0000010132789611816406, 1, 2.048864544690332e-08, 7.637017063188978e-08, 1.0058283805847168e-07, -0.2710467576980591, -0.9625661969184875, 1.4901161193847656e-08, 0.9625661969184875, -0.27104708552360535),
            ["LeftHand"] = CFrame.new(-5.224719643592834e-07, -8.344650268554688e-07, 0.0000010114163160324097, 0.7902882099151611, 0.5808720588684082, 0.195020392537117, -0.5201323628425598, 0.8042078614234924, -0.2875964641571045, -0.32389354705810547, 0.12584726512432098, 0.9376861453056335),
            ["LeftFoot"] = CFrame.new(-1.5308614820241928e-07, 5.960464477539063e-08, 1.4528632164001465e-07, 0.9741095900535583, -0.12940610945224762, 0.1853877156972885, 0.06993070989847183, 0.9522397518157959, 0.297239750623703, -0.2149887979030609, -0.27657485008239746, 0.9366322755813599),
            ["LowerTorso"] = CFrame.new(1.4586995840072632, -0.26199638843536377, 6.207063674926758, 0.7175149917602539, -0.0011455449275672436, 0.6965420842170715, -0.08022861927747726, 0.9932072758674622, 0.08427772670984268, -0.6919072866439819, -0.11635315418243408, 0.7125492095947266),
            ["RightLowerLeg"] = CFrame.new(2.2351741790771484e-07, -1.7881393432617188e-07, 4.246830940246582e-07, 1, 7.450616834603352e-08, -1.0430743202505255e-07, -3.725290298461914e-08, 0.8135956525802612, 0.5814428329467773, 1.3783574104309082e-07, -0.5814312100410461, 0.8135872483253479),
            ["LeftUpperLeg"] = CFrame.new(-5.960464477539062e-07, -9.383074939250946e-08, 4.917383193969727e-07, 0.9941359758377075, -0.10329699516296387, 0.03200208395719528, 0.07752607762813568, 0.4744359254837036, -0.8768661618232727, 0.0753883570432663, 0.8742084503173828, 0.4796682894229889),
            ["LeftLowerLeg"] = CFrame.new(6.845220923423767e-08, 0.0000011920928955078125, -2.2351741790771484e-07, 1, -8.032675680169632e-08, 1.593872980265587e-07, -9.709034287652685e-08, 0.5190465450286865, 0.8547473549842834, -1.9092105674189952e-08, -0.8547459840774536, 0.5190442800521851),
        }},
        {Time = 0.100, Data = {
            ["RightFoot"] = CFrame.new(-2.5331974029541016e-07, 2.384185791015625e-07, -1.7881393432617188e-07, 0.9949440956115723, -0.09409963339567184, 0.03510401025414467, 0.10016817599534988, 0.9045236706733704, -0.4144957661628723, 0.007254765368998051, 0.41591131687164307, 0.9093738794326782),
            ["LeftLowerArm"] = CFrame.new(0.000002384185791015625, 7.748603820800781e-07, -8.791685104370117e-07, 1, 7.450423389343541e-09, 1.2293727991163905e-07, 1.0058281674218961e-07, 0.3425620496273041, -0.9394952058792114, -3.725289587919178e-08, 0.9394952058792114, 0.3425622284412384),
            ["RightUpperArm"] = CFrame.new(5.960464477539062e-07, 2.384185791015625e-07, 2.384185791015625e-07, 0.7184410095214844, -0.3144037425518036, 0.6204686760902405, 0.5009918212890625, 0.8527092337608337, -0.1480054259300232, -0.48254501819610596, 0.4171779751777649, 0.7701383233070374),
            ["Head"] = CFrame.new(-1.1920928955078125e-07, -1.1920928955078125e-07, 1.4901161193847656e-07, 0.8605442643165588, -0.02508682571351528, -0.5087577104568481, -0.04083457589149475, 0.9921743273735046, -0.11799438297748566, 0.507736325263977, 0.12231452763080597, 0.8527854681015015),
            ["RightHand"] = CFrame.new(-1.341104507446289e-07, -2.384185791015625e-07, -9.685754776000977e-08, 0.5205763578414917, -0.7730044722557068, -0.36258241534233093, 0.5983591675758362, 0.6332255005836487, -0.49090802669525146, 0.6090702414512634, 0.03859849274158478, 0.792176365852356),
            ["UpperTorso"] = CFrame.new(7.599592208862305e-07, -2.086162567138672e-07, -3.5762786865234375e-07, 0.961344301700592, -0.2595365643501282, 0.09196723252534866, 0.20447000861167908, 0.8965818285942078, 0.3928523063659668, -0.1844157874584198, -0.35886189341545105, 0.9149913787841797),
            ["HumanoidRootPart"] = CFrame.new(0, 0, 0, 1, 0, 0, 0, 1, 0, 0, 0, 1),
            ["RightUpperLeg"] = CFrame.new(-5.960464477539063e-08, -2.5331974029541016e-07, -0.000001385807991027832, 0.9702785015106201, 0.20588012039661407, -0.12718306481838226, -0.1735231727361679, 0.9582308530807495, 0.22733214497566223, 0.16866980493068695, -0.19851182401180267, 0.9654763340950012),
            ["LeftUpperArm"] = CFrame.new(2.980232238769531e-07, 0, -7.897615432739258e-07, 0.979667067527771, 0.1848311722278595, 0.07800499349832535, -0.19990083575248718, 0.9324555993080139, 0.3009595274925232, -0.017091447487473488, -0.31042546033859253, 0.9504413604736328),
            ["RightLowerArm"] = CFrame.new(0.0000017881393432617188, -3.5762786865234375e-07, 0.000001043081283569336, 1, 5.029040650583738e-08, 5.960585980346877e-08, 6.705523247774181e-08, -0.39582937955856323, -0.9183239936828613, -7.450581485102248e-09, 0.9183241128921509, -0.39582958817481995),
            ["LeftHand"] = CFrame.new(6.183981895446777e-07, -3.5762786865234375e-07, -7.450580596923828e-08, 0.8135643601417542, 0.5328996777534485, 0.23266206681728363, -0.45822271704673767, 0.8338872194290161, -0.30767467617988586, -0.35797345638275146, 0.14370152354240417, 0.9226076602935791),
            ["LeftFoot"] = CFrame.new(1.7881393432617188e-07, 0, 2.7567148208618164e-07, 0.9787411689758301, -0.1736939400434494, 0.1090855821967125, 0.12404194474220276, 0.9248186349868774, 0.359619140625, -0.1633383333683014, -0.3384391665458679, 0.9267008900642395),
            ["LowerTorso"] = CFrame.new(1.4683361053466797, -0.185796856880188, 6.14349889755249, 0.6925250887870789, -0.04167293757200241, 0.7201891541481018, -0.08092065155506134, 0.9875418543815613, 0.13495534658432007, -0.716840922832489, -0.15173815190792084, 0.6805252432823181),
            ["RightLowerLeg"] = CFrame.new(-2.9802322387695312e-08, 1.1920928955078125e-07, -5.960464477539062e-07, 1, -2.980233659855003e-08, 5.960456661568969e-08, -3.725291186640334e-09, 0.982235312461853, 0.1876579225063324, 9.685756907629184e-08, -0.1876535266637802, 0.9822344779968262),
            ["LeftUpperLeg"] = CFrame.new(-9.5367431640625e-07, -1.7136335372924805e-07, -7.748603820800781e-07, 0.9674593806266785, -0.08696375042200089, 0.23761019110679626, 0.2516259253025055, 0.4293094575405121, -0.8673948049545288, -0.026583872735500336, 0.8989608883857727, 0.43722736835479736),
            ["LeftLowerLeg"] = CFrame.new(-4.917383193969727e-07, -1.1920928955078125e-07, 2.9802322387695312e-08, 1, 0, 7.357458287060581e-08, -1.1175869474300271e-07, 0.4809562861919403, 0.8767454028129578, -1.4901159417490817e-08, -0.8767446279525757, 0.4809548854827881),
        }},
        {Time = 0.133, Data = {
            ["RightFoot"] = CFrame.new(1.862645149230957e-07, -2.384185791015625e-07, -1.4901161193847656e-08, 0.9952685236930847, -0.03957884758710861, 0.08874393999576569, 0.06615449488162994, 0.9449182748794556, -0.3205525279045105, -0.07116357237100601, 0.3249047100543976, 0.9430645704269409),
            ["LeftLowerArm"] = CFrame.new(-8.344650268554688e-07, 8.940696716308594e-07, 2.384185791015625e-07, 1, -1.4900827238761849e-08, 2.607765026141351e-08, 8.940695295223122e-08, 0.21896487474441528, -0.9757327437400818, -2.9802318834981634e-08, 0.9757328033447266, 0.2189648300409317),
            ["RightUpperArm"] = CFrame.new(0, 2.384185791015625e-07, 5.960464477539063e-08, 0.6861932277679443, -0.20870262384414673, 0.6968235373497009, 0.6164256930351257, 0.6754603385925293, -0.4047086536884308, -0.3862101435661316, 0.7072458863258362, 0.5921553373336792),
            ["Head"] = CFrame.new(7.450580596923828e-07, 0, 4.76837158203125e-07, 0.8128547668457031, 0.017626475542783737, -0.5821995735168457, -0.0543365404009819, 0.9974780082702637, -0.045664332807064056, 0.5799265503883362, 0.0687536895275116, 0.8117625713348389),
            ["RightHand"] = CFrame.new(5.21540641784668e-08, -4.172325134277344e-07, 3.725290298461914e-07, 0.4786248207092285, -0.8058581948280334, -0.34858590364456177, 0.6512247920036316, 0.5921086072921753, -0.4746708869934082, 0.5889180302619934, 0.00017952178313862532, 0.8081927299499512),
            ["UpperTorso"] = CFrame.new(1.4901161193847656e-07, 4.76837158203125e-07, 5.364418029785156e-07, 0.947516679763794, -0.2852693200111389, 0.14433863759040833, 0.21561460196971893, 0.9035331010818481, 0.3703218698501587, -0.23605625331401825, -0.31976476311683655, 0.9176209568977356),
            ["HumanoidRootPart"] = CFrame.new(0, 0, 0, 1, 0, 0, 0, 1, 0, 0, 0, 1),
            ["RightUpperLeg"] = CFrame.new(-0.0000017583370208740234, -5.21540641784668e-08, 3.5762786865234375e-07, 0.9631537199020386, 0.19383350014686584, -0.18645773828029633, -0.1306367665529251, 0.9431437849998474, 0.30562931299209595, 0.23509366810321808, -0.27001580595970154, 0.9337153434753418),
            ["LeftUpperArm"] = CFrame.new(5.960464477539063e-08, 5.960464477539062e-07, 4.76837158203125e-07, 0.9584334492683411, 0.23634037375450134, 0.15981480479240417, -0.28318849205970764, 0.856350302696228, 0.43183374404907227, -0.034782491624355316, -0.4591376781463623, 0.8876818418502808),
            ["RightLowerArm"] = CFrame.new(4.76837158203125e-07, -3.5762786865234375e-07, 2.4586915969848633e-07, 1, -2.9801729084510953e-08, 7.450729810898338e-08, 4.0978193283081055e-08, -0.4189409017562866, -0.9080134034156799, 2.5262124836444855e-08, 0.9080135226249695, -0.4189411997795105),
            ["LeftHand"] = CFrame.new(-8.940696716308594e-07, -0.0000011920928955078125, 2.5331974029541016e-07, 0.8072704076766968, 0.5089864730834961, 0.29874420166015625, -0.4129295349121094, 0.8487700819969177, -0.33026987314224243, -0.42166784405708313, 0.14325600862503052, 0.8953623175621033),
            ["LeftFoot"] = CFrame.new(2.5331974029541016e-07, 5.960464477539063e-08, 1.2665987014770508e-07, 0.9722392559051514, -0.19855916500091553, 0.12381235510110855, 0.12803834676742554, 0.8942975401878357, 0.4287654459476471, -0.19584974646568298, -0.4010066092014313, 0.8948913812637329),
            ["LowerTorso"] = CFrame.new(1.4502235651016235, -0.14387333393096924, 6.067719459533691, 0.6580094695091248, -0.0475931391119957, 0.7515041828155518, -0.0913361981511116, 0.9855874180793762, 0.14239081740379333, -0.7474498748779297, -0.16233403980731964, 0.6441789269447327),
            ["RightLowerLeg"] = CFrame.new(2.8312206268310547e-07, -2.384185791015625e-07, 2.9802322387695312e-08, 1, -4.4703497792397684e-08, 1.4901141653922423e-08, -7.450580596923828e-09, 0.9878097176551819, 0.15566971898078918, 9.685754776000977e-08, -0.15566620230674744, 0.9878091812133789),
            ["LeftUpperLeg"] = CFrame.new(-0.0000018477439880371094, -1.4901161193847656e-07, 9.5367431640625e-07, 0.9292890429496765, -0.11071299761533737, 0.3523680865764618, 0.36418992280960083, 0.4336012601852417, -0.8242278695106506, -0.0615425705909729, 0.8942776918411255, 0.44326648116111755),
            ["LeftLowerLeg"] = CFrame.new(1.4901161193847656e-07, 2.980232238769531e-07, -2.980232238769531e-07, 1, -2.2351773765194594e-08, 1.2293463669266202e-07, -7.450580596923828e-08, 0.4430885910987854, 0.896478533744812, -1.4901161193847656e-08, -0.8964778780937195, 0.44308727979660034),
        }},
        {Time = 0.167, Data = {
            ["RightFoot"] = CFrame.new(2.905726432800293e-07, -1.1920928955078125e-07, 3.5762786865234375e-07, 0.9962584376335144, -0.06563790887594223, 0.05623053014278412, 0.07777928560972214, 0.9645370841026306, -0.25222548842430115, -0.037677615880966187, 0.25565603375434875, 0.9660333395004272),
            ["LeftLowerArm"] = CFrame.new(-2.384185791015625e-07, 0.0000013709068298339844, 6.183981895446777e-07, 1, 2.607641036433961e-08, 5.215532539182277e-08, 1.1175866632129328e-07, 0.06559048593044281, -0.9978466033935547, -2.002342824880543e-08, 0.9978467226028442, 0.06559038907289505),
            ["RightUpperArm"] = CFrame.new(7.152557373046875e-07, 3.5762786865234375e-07, 3.5762786865234375e-07, 0.6176550388336182, -0.1782470941543579, 0.7659680247306824, 0.7520562410354614, 0.4187662899494171, -0.5089849233627319, -0.23002980649471283, 0.8904284238815308, 0.39271804690361023),
            ["Head"] = CFrame.new(2.086162567138672e-07, 2.384185791015625e-07, 4.76837158203125e-07, 0.7853719592094421, 0.03473930060863495, -0.6180490255355835, -0.02970191091299057, 0.9993889331817627, 0.01843036338686943, 0.6183111071586609, 0.0038829604163765907, 0.7859234809875488),
            ["RightHand"] = CFrame.new(3.427267074584961e-07, 0, -2.8312206268310547e-07, 0.4142686724662781, -0.8356918096542358, -0.36055782437324524, 0.676775336265564, 0.5477228760719299, -0.4919079840183258, 0.6085692048072815, -0.040236618369817734, 0.7924801111221313),
            ["UpperTorso"] = CFrame.new(1.9371509552001953e-07, 0, 1.1920928955078125e-07, 0.9408681988716125, -0.28382423520088196, 0.18496233224868774, 0.20806139707565308, 0.9149930477142334, 0.3456849455833435, -0.2673530578613281, -0.2867606580257416, 0.919940710067749),
            ["HumanoidRootPart"] = CFrame.new(0, 0, 0, 1, 0, 0, 0, 1, 0, 0, 0, 1),
            ["RightUpperLeg"] = CFrame.new(1.7881393432617188e-07, -4.172325134277344e-07, 4.470348358154297e-08, 0.9746464490890503, 0.13712190091609955, -0.17681656777858734, -0.062409885227680206, 0.9254588484764099, 0.37366512417793274, 0.21487069129943848, -0.3531622886657715, 0.9105548858642578),
            ["LeftUpperArm"] = CFrame.new(-5.960464477539062e-07, 4.76837158203125e-07, 5.066394805908203e-07, 0.9201688170433044, 0.29997026920318604, 0.25158292055130005, -0.3906927704811096, 0.7453640699386597, 0.540189802646637, -0.025467008352279663, -0.5953571796417236, 0.8030573725700378),
            ["RightLowerArm"] = CFrame.new(9.5367431640625e-07, 9.5367431640625e-07, 7.152557373046875e-07, 1, 1.4900860989541798e-08, 1.1921170539608283e-07, 8.940694584680386e-08, -0.4024321436882019, -0.9154496788978577, 1.4901157641133977e-08, 0.9154497981071472, -0.40243250131607056),
            ["LeftHand"] = CFrame.new(1.7881393432617188e-07, -5.960464477539062e-07, 2.384185791015625e-07, 0.7989758253097534, 0.4860950708389282, 0.35404810309410095, -0.3718802332878113, 0.8620505332946777, -0.3443451523780823, -0.4725915789604187, 0.14345891773700714, 0.8695265650749207),
            ["LeftFoot"] = CFrame.new(1.9371509552001953e-07, -5.960464477539063e-08, -2.60770320892334e-07, 0.9763439297676086, -0.15918494760990143, 0.14634545147418976, 0.07764694094657898, 0.8897545337677002, 0.4497903883457184, -0.20180100202560425, -0.4277816116809845, 0.8810627460479736),
            ["LowerTorso"] = CFrame.new(1.4071835279464722, -0.1509319543838501, 5.999598026275635, 0.6266304850578308, -0.03876705840229988, 0.7783517241477966, -0.0986575037240982, 0.9867802858352661, 0.12857471406459808, -0.7730465531349182, -0.1573590487241745, 0.6145219802856445),
            ["RightLowerLeg"] = CFrame.new(-5.662441253662109e-07, 2.384185791015625e-07, 2.384185791015625e-07, 1, 6.705527511030596e-08, -1.8626397491061653e-07, -2.9802322387695312e-08, 0.9610756635665894, 0.27629056572914124, -6.705522537231445e-08, -0.2762853801250458, 0.9610741138458252),
            ["LeftUpperLeg"] = CFrame.new(7.748603820800781e-07, -1.1175870895385742e-07, -4.470348358154297e-07, 0.9299336075782776, -0.17342445254325867, 0.32426363229751587, 0.36756691336631775, 0.46443095803260803, -0.805725634098053, -0.01087270025163889, 0.8684629797935486, 0.49564024806022644),
            ["LeftLowerLeg"] = CFrame.new(-5.960464477539063e-08, 4.172325134277344e-07, 2.9802322387695312e-08, 1, 1.4901212708196e-08, 2.9802293965985882e-08, -1.0430814256778831e-07, 0.4422658681869507, 0.8968856334686279, -2.980232594040899e-08, -0.8968840837478638, 0.4422626495361328),
        }},
        {Time = 0.200, Data = {
            ["RightFoot"] = CFrame.new(4.917383193969727e-07, 2.384185791015625e-07, 2.086162567138672e-07, 0.9942216277122498, -0.06984467804431915, 0.08152828365564346, 0.07680226117372513, 0.9933584332466125, -0.08566728979349136, -0.0749988928437233, 0.09143790602684021, 0.9929825067520142),
            ["LeftLowerArm"] = CFrame.new(8.940696716308594e-08, 6.556510925292969e-07, -6.556510925292969e-07, 1, 2.980161539767323e-08, 7.450766759120597e-08, 1.0430811414607888e-07, -0.05195697769522667, -0.9986493587493896, 0, 0.9986493587493896, -0.05195712670683861),
            ["RightUpperArm"] = CFrame.new(-4.172325134277344e-07, -3.5762786865234375e-07, -3.5762786865234375e-07, 0.5216259360313416, -0.18473753333091736, 0.8329195380210876, 0.8506063222885132, 0.18831457197666168, -0.4909422695636749, -0.06614741683006287, 0.9645774364471436, 0.25538361072540283),
            ["Head"] = CFrame.new(-0.0000014901161193847656, -3.5762786865234375e-07, -7.152557373046875e-07, 0.7711811661720276, 0.029768772423267365, -0.6359197497367859, 0.013621593825519085, 0.9979058504104614, 0.06323298811912537, 0.6364700198173523, -0.05742610991001129, 0.7691603899002075),
            ["RightHand"] = CFrame.new(-1.7136335372924805e-07, 2.980232238769531e-07, -1.4901161193847656e-08, 0.3581337630748749, -0.8608065247535706, -0.36159858107566833, 0.6954908967018127, 0.5043420791625977, -0.5117914080619812, 0.6229227781295776, -0.0682009682059288, 0.7793049216270447),
            ["UpperTorso"] = CFrame.new(4.3213367462158203e-07, 1.7881393432617188e-07, -2.9802322387695312e-08, 0.9324359893798828, -0.262056827545166, 0.24877598881721497, 0.1833416372537613, 0.9364063143730164, 0.2992139756679535, -0.311366468667984, -0.2333870232105255, 0.9211849570274353),
            ["HumanoidRootPart"] = CFrame.new(0, 0, 0, 1, 0, 0, 0, 1, 0, 0, 0, 1),
            ["RightUpperLeg"] = CFrame.new(-5.960464477539063e-08, 3.129243850708008e-07, 8.493661880493164e-07, 0.9911119937896729, 0.046462543308734894, -0.12465920299291611, 0.019612252712249756, 0.8757718205451965, 0.4823203980922699, 0.13157716393470764, -0.48048412799835205, 0.8670796751976013),
            ["LeftUpperArm"] = CFrame.new(7.152557373046875e-07, -1.1920928955078125e-07, -4.172325134277344e-07, 0.8621447682380676, 0.3682765066623688, 0.34793558716773987, -0.5066552758216858, 0.6302595138549805, 0.5882924199104309, -0.002624124987050891, -0.6834802627563477, 0.7299678325653076),
            ["RightLowerArm"] = CFrame.new(8.344650268554688e-07, 1.1920928955078125e-07, -1.7881393432617188e-07, 1, -7.450430494770899e-09, 3.725366681806008e-08, 1.3411046495548362e-07, -0.3987129032611847, -0.9170756340026855, 2.980232594040899e-08, 0.9170758128166199, -0.3987131714820862),
            ["LeftHand"] = CFrame.new(4.3213367462158203e-07, -0.0000010728836059570312, -2.2351741790771484e-07, 0.807207465171814, 0.45680665969848633, 0.37382447719573975, -0.332232803106308, 0.875079870223999, -0.35193243622779846, -0.48789098858833313, 0.15988463163375854, 0.8581369519233704),
            ["LeftFoot"] = CFrame.new(2.086162567138672e-07, 0, -1.043081283569336e-07, 0.9867038726806641, -0.10982327163219452, 0.11982185393571854, 0.07192988693714142, 0.9561234712600708, 0.2840011417865753, -0.14574497938156128, -0.2716003954410553, 0.9513076543807983),
            ["LowerTorso"] = CFrame.new(1.351193904876709, -0.19168365001678467, 5.9397478103637695, 0.6230722665786743, -0.040321748703718185, 0.7811242341995239, -0.09018524736166, 0.9883061051368713, 0.12295373529195786, -0.7769476771354675, -0.14705492556095123, 0.6121496558189392),
            ["RightLowerLeg"] = CFrame.new(-6.146728992462158e-07, 2.980232238769531e-07, -1.7881393432617188e-07, 1, 9.313232141039407e-08, -8.56814637018033e-08, 4.0978189730367376e-08, 0.9553824663162231, 0.2953760325908661, 1.0803340444454079e-07, -0.2953715920448303, 0.9553811550140381),
            ["LeftUpperLeg"] = CFrame.new(7.748603820800781e-07, 2.8312206268310547e-07, 7.748603820800781e-07, 0.9433445334434509, -0.21514151990413666, 0.2526165544986725, 0.3288269639015198, 0.5041787028312683, -0.798543393611908, 0.04442901909351349, 0.836371898651123, 0.5463637113571167),
            ["LeftLowerLeg"] = CFrame.new(8.046627044677734e-07, -1.1920928955078125e-07, -8.940696716308594e-08, 1, -5.192142538135158e-08, 6.705511168547673e-08, -1.4901162614933128e-07, 0.3827593922615051, 0.92384934425354, 0, -0.923848032951355, 0.3827563226222992),
        }},
        {Time = 0.233, Data = {
            ["RightFoot"] = CFrame.new(9.872019290924072e-08, 0, -1.7881393432617188e-07, 0.9985066056251526, -0.05331990495324135, -0.011932885274291039, 0.05435635894536972, 0.9913904666900635, 0.11912578344345093, 0.005481199361383915, -0.11959105730056763, 0.9928075075149536),
            ["LeftLowerArm"] = CFrame.new(-4.172325134277344e-07, 0.0000013113021850585938, 1.1920928955078125e-07, 1, 1.0430565566821315e-07, 8.940914142385736e-08, 5.960462345910855e-08, -0.06541159003973007, -0.9978583455085754, 0, 0.997858464717865, -0.0654117539525032),
            ["RightUpperArm"] = CFrame.new(0.000001430511474609375, -2.384185791015625e-07, -1.1920928955078125e-07, 0.4621107876300812, -0.18348118662834167, 0.8676210045814514, 0.8868140578269958, 0.09982399642467499, -0.451233446598053, -0.0038094986230134964, 0.9779416918754578, 0.20885907113552094),
            ["Head"] = CFrame.new(3.129243850708008e-07, -1.1920928955078125e-07, 2.384185791015625e-07, 0.771371066570282, 0.018661707639694214, -0.6361119151115417, 0.03325950726866722, 0.9970217347145081, 0.069581538438797, 0.6355160474777222, -0.07482993602752686, 0.768453061580658),
            ["RightHand"] = CFrame.new(-5.21540641784668e-08, 5.960464477539062e-07, -3.2782554626464844e-07, 0.30631133913993835, -0.8808962106704712, -0.3608272075653076, 0.7250455021858215, 0.461508184671402, -0.5111926794052124, 0.6168324947357178, -0.10503412038087845, 0.780055046081543),
            ["UpperTorso"] = CFrame.new(-4.470348358154297e-07, -1.1920928955078125e-07, 3.8743019104003906e-07, 0.923282265663147, -0.24083870649337769, 0.2992434799671173, 0.16323265433311462, 0.9511892199516296, 0.2619049549102783, -0.3477138876914978, -0.19296586513519287, 0.9175289273262024),
            ["HumanoidRootPart"] = CFrame.new(0, 0, 0, 1, 0, 0, 0, 1, 0, 0, 0, 1),
            ["RightUpperLeg"] = CFrame.new(1.1920928955078125e-07, 3.2782554626464844e-07, 9.238719940185547e-07, 0.9988610744476318, -0.04329182952642441, -0.02005189284682274, 0.047004375606775284, 0.8207859992980957, 0.5692939162254333, -0.00819431059062481, -0.569593071937561, 0.8218895792961121),
            ["LeftUpperArm"] = CFrame.new(0.0000017881393432617188, -3.5762786865234375e-07, -5.960464477539063e-08, 0.8158650994300842, 0.39778825640678406, 0.4196491241455078, -0.5774467587471008, 0.5985808372497559, 0.5552225708961487, -0.030323408544063568, -0.6953169703483582, 0.7180685997009277),
            ["RightLowerArm"] = CFrame.new(-2.384185791015625e-07, 3.5762786865234375e-07, 0.0000011920928955078125, 1, -3.725216579653079e-09, 9.313415461065233e-08, 7.450581307466564e-08, -0.4191586971282959, -0.9079128503799438, 3.725290653733282e-08, 0.9079129695892334, -0.41915902495384216),
            ["LeftHand"] = CFrame.new(8.940696716308594e-07, -7.748603820800781e-07, -2.086162567138672e-07, 0.8223938941955566, 0.4491371512413025, 0.34920597076416016, -0.3302413523197174, 0.8766784071922302, -0.349822074174881, -0.4632590711116791, 0.17236821353435516, 0.86929851770401),
            ["LeftFoot"] = CFrame.new(-1.1920928955078125e-07, 5.960464477539063e-08, -3.427267074584961e-07, 0.9965965747833252, 0.013743305578827858, 0.08128824084997177, -0.007869420573115349, 0.9973608255386353, -0.07217581570148468, -0.08205729722976685, 0.0712927058339119, 0.9940739274024963),
            ["LowerTorso"] = CFrame.new(1.3026710748672485, -0.24332726001739502, 5.8845601081848145, 0.6317400336265564, -0.044200435280799866, 0.7739191651344299, -0.07641088962554932, 0.989960253238678, 0.1189122274518013, -0.7714052200317383, -0.1342574656009674, 0.6220201849937439),
            ["RightLowerLeg"] = CFrame.new(-5.21540641784668e-08, -4.172325134277344e-07, -5.960464477539062e-07, 1, -3.7252920748187535e-08, 1.4901129219424547e-08, -9.313227167240257e-08, 0.9553567171096802, 0.2954581677913666, 6.891787762697277e-08, -0.29545488953590393, 0.9553557634353638),
            ["LeftUpperLeg"] = CFrame.new(-5.364418029785156e-07, -4.842877388000488e-08, 0.0000012367963790893555, 0.949073851108551, -0.242247074842453, 0.20143292844295502, 0.3106478452682495, 0.612970769405365, -0.7264702916145325, 0.052505653351545334, 0.7520527243614197, 0.6570126414299011),
            ["LeftLowerLeg"] = CFrame.new(-2.980232238769531e-07, 0, 1.1920928955078125e-07, 1, 5.215437681727053e-08, 2.235166363107055e-08, -5.960464477539063e-08, 0.39121493697166443, 0.9203015565872192, -5.960464477539063e-08, -0.9202994108200073, 0.3912099301815033),
        }},
        {Time = 0.267, Data = {
            ["RightFoot"] = CFrame.new(1.8905848264694214e-07, 4.76837158203125e-07, 1.1920928955078125e-07, 0.9921651482582092, 0.0291962418705225, -0.12147421389818192, 0.0073506394401192665, 0.9569689035415649, 0.29010292887687683, 0.12471644580364227, -0.28871819376945496, 0.9492546916007996),
            ["LeftLowerArm"] = CFrame.new(-9.5367431640625e-07, 2.384185791015625e-07, 0, 1, 1.4900807698836616e-08, 1.1921225961941673e-07, 1.0430814256778831e-07, 0.0001803295745048672, -1, 0, 1, 0.00018026384350378066),
            ["RightUpperArm"] = CFrame.new(0, 0, -3.5762786865234375e-07, 0.43388742208480835, -0.16419315338134766, 0.8858679533004761, 0.8982491493225098, 0.15516361594200134, -0.4112028479576111, -0.06993088871240616, 0.9741482734680176, 0.21482622623443604),
            ["Head"] = CFrame.new(-2.086162567138672e-07, 4.76837158203125e-07, 1.1920928955078125e-07, 0.7768691182136536, 0.004906852263957262, -0.6296433806419373, 0.03445436432957649, 0.998140275478363, 0.0502893403172493, 0.6287187933921814, -0.06076199561357498, 0.775255024433136),
            ["RightHand"] = CFrame.new(-5.960464477539063e-08, -6.556510925292969e-07, -5.960464477539063e-08, 0.3034929633140564, -0.896328330039978, -0.3232467770576477, 0.75582355260849, 0.43303602933883667, -0.49113088846206665, 0.5801920890808105, -0.09526454657316208, 0.8088893890380859),
            ["UpperTorso"] = CFrame.new(-6.556510925292969e-07, 0, 1.341104507446289e-07, 0.932117223739624, -0.21144025027751923, 0.294024795293808, 0.13599629700183868, 0.9568130970001221, 0.25693148374557495, -0.33565232157707214, -0.19950410723686218, 0.9206169843673706),
            ["HumanoidRootPart"] = CFrame.new(0, 0, 0, 1, 0, 0, 0, 1, 0, 0, 0, 1),
            ["RightUpperLeg"] = CFrame.new(5.364418029785156e-07, -2.3096799850463867e-07, -7.450580596923828e-08, 0.990210235118866, -0.1225447729229927, 0.0668184757232666, 0.05403686687350273, 0.7779516577720642, 0.625992476940155, -0.12870073318481445, -0.6162580251693726, 0.7769612669944763),
            ["LeftUpperArm"] = CFrame.new(-0.0000016689300537109375, 1.1920928955078125e-07, -4.172325134277344e-07, 0.8259279131889343, 0.3551395535469055, 0.43783268332481384, -0.5532318353652954, 0.660082995891571, 0.5081743001937866, -0.10852475464344025, -0.661941409111023, 0.7416613101959229),
            ["RightLowerArm"] = CFrame.new(2.980232238769531e-07, 4.76837158203125e-07, 5.662441253662109e-07, 1, 4.4702638035687414e-08, 4.0978996196372464e-08, 4.4703494239684005e-08, -0.45072999596595764, -0.8926602602005005, 2.980232949312267e-08, 0.89266037940979, -0.45073026418685913),
            ["LeftHand"] = CFrame.new(2.2351741790771484e-08, -5.960464477539062e-07, -2.9802322387695312e-08, 0.8038316369056702, 0.4825882017612457, 0.34779879450798035, -0.3528784513473511, 0.8575385808944702, -0.37430480122566223, -0.478885680437088, 0.17814640700817108, 0.8596115112304688),
            ["LeftFoot"] = CFrame.new(2.4586915969848633e-07, 3.5762786865234375e-07, 4.470348358154297e-08, 0.9737101793289185, 0.22741204500198364, 0.01315698679536581, -0.20118165016174316, 0.8856076598167419, -0.4186060130596161, -0.10683929175138474, 0.4049481153488159, 0.9080726504325867),
            ["LowerTorso"] = CFrame.new(1.269591212272644, -0.29916441440582275, 5.836360454559326, 0.633936882019043, -0.03907567262649536, 0.7723971009254456, -0.06030629575252533, 0.9931842088699341, 0.09974109381437302, -0.7710300087928772, -0.10980995744466782, 0.6272596120834351),
