return {
    ["Internet Angel"] = {
        {Time = 0.000, Data = {
            ["LeftFoot"] = CFrame.new(-3.740433385246433e-08, 1.1920928955078125e-07, -4.46789272245951e-10, 0.9999786019325256, -0.006075230427086353, -0.002459855517372489, 0.005469024647027254, 0.9802423119544983, -0.1977252960205078, 0.0036122803576290607, 0.19770750403404236, 0.9802544116973877),
            ["LeftLowerArm"] = CFrame.new(-8.940696716308594e-08, 1.1920928955078125e-07, 3.725290298461914e-08, 1, -7.450583439094771e-08, 9.685758328714655e-08, 5.21540641784668e-08, -0.09594472497701645, -0.9953867197036743, 5.960464477539063e-08, 0.9953867197036743, -0.09594476222991943),
            ["RightUpperArm"] = CFrame.new(1.1920928955078125e-07, 2.384185791015625e-07, 1.7695128917694092e-08, -0.25842344760894775, -0.9233779907226562, -0.2838844060897827, 0.9613082408905029, -0.21678054332733154, -0.16997845470905304, 0.09541375935077667, -0.31682679057121277, 0.9436720609664917),
            ["Head"] = CFrame.new(8.195638656616211e-08, 2.384185791015625e-07, 3.259629011154175e-08, 0.957689106464386, -0.12959635257720947, -0.2569752633571625, 0.09810008108615875, 0.9864022135734558, -0.13186006247997284, 0.2705695629119873, 0.10107166320085526, 0.9573801159858704),
            ["LowerTorso"] = CFrame.new(-0.352062851190567, -0.40383660793304443, -3.3717515179887414e-07, 0.9095475077629089, -0.18924617767333984, 0.37001246213912964, 0.061800867319107056, 0.9419986009597778, 0.32987770438194275, -0.41097939014434814, -0.27717235684394836, 0.868488073348999),
            ["UpperTorso"] = CFrame.new(1.862645149230957e-08, 2.086162567138672e-07, 1.4901161193847656e-08, 0.9960896968841553, 0.0883481577038765, 0.00026456359773874283, -0.0866541862487793, 0.9775657057762146, -0.19198019802570343, -0.017219742760062218, 0.1912064403295517, 0.9813988208770752),
            ["HumanoidRootPart"] = CFrame.new(0, 0, 0, 1, 0, 0, 0, 1, 0, 0, 0, 1),
            ["LeftUpperLeg"] = CFrame.new(0, 2.60770320892334e-07, -1.043081283569336e-07, 0.7402501702308655, 0.614645779132843, 0.2724711000919342, 0.17254365980625153, 0.2180158793926239, -0.9605715870857239, -0.6498141288757324, 0.7580763697624207, 0.05533308535814285),
            ["LeftUpperArm"] = CFrame.new(0, 1.1920928955078125e-07, 2.7939677238464355e-09, 0.24641427397727966, -0.27707618474960327, -0.9287135601043701, -0.5640198588371277, 0.7382736802101135, -0.369910329580307, 0.7881380915641785, 0.6149640083312988, 0.025644734501838684),
            ["RightLowerArm"] = CFrame.new(-5.364418029785156e-07, 0, -2.9802322387695312e-08, 1, 2.374872920540838e-08, 3.725290742551124e-09, 1.6763808119435453e-08, 1, -6.9849201977945086e-09, 0, 7.916242772409987e-09, 1),
            ["LeftHand"] = CFrame.new(-2.384185791015625e-07, 5.960464477539063e-08, 3.501772880554199e-07, 0.905038058757782, -0.021866953000426292, 0.4247684180736542, 0.0312836579978466, 0.999394953250885, -0.015206294134259224, -0.4241788685321808, 0.027050649747252464, 0.9051743745803833),
            ["RightFoot"] = CFrame.new(-1.2564305507112294e-07, 4.172325134277344e-07, 4.0745362639427185e-09, 0.7387646436691284, 0.669037938117981, 0.0813356563448906, -0.6646074652671814, 0.7432231903076172, -0.07691514492034912, -0.1119099035859108, 0.00276594003662467, 0.9937146306037903),
            ["RightHand"] = CFrame.new(-7.264316082000732e-07, 5.960464477539063e-08, 6.705522537231445e-08, 0.35548439621925354, -0.39344900846481323, -0.8478377461433411, 0.3373497724533081, 0.8999528288841248, -0.2761884331703186, 0.8716800212860107, -0.18783721327781677, 0.45264914631843567),
            ["RightLowerLeg"] = CFrame.new(-1.4528632164001465e-07, -0.0000035762786865234375, -0.00001333856926066801, 1, -1.2293459406009788e-07, -2.2351741790771484e-08, 3.81842291119483e-08, 0.9375633597373962, 0.34781450033187866, 1.4901162970204496e-08, -0.34781455993652344, 0.9375633597373962),
            ["RightUpperLeg"] = CFrame.new(0, 2.2724270820617676e-07, -2.032174961641431e-08, 0.7764763236045837, -0.5781909823417664, -0.25055861473083496, 0.5252652168273926, 0.8135316371917725, -0.24952498078346252, 0.3481105864048004, 0.062140271067619324, 0.9353917241096497),
            ["LeftLowerLeg"] = CFrame.new(6.798654794692993e-08, 0.000003814697265625, 0.000013424083590507507, 1, -5.3551048040390015e-08, 1.1571681568511849e-07, -1.5599649572095586e-08, 0.3117319941520691, 0.95017009973526, 1.4435496353826238e-08, -0.95017009973526, 0.31173190474510193),
        }},
        {Time = 0.033, Data = {
            ["LeftFoot"] = CFrame.new(3.916829882655293e-08, 1.1920928955078125e-07, 1.2122450243623462e-07, 0.9999768733978271, -0.0062960488721728325, -0.002570600714534521, 0.005646631121635437, 0.9793460965156555, -0.20211239159107208, 0.003790050745010376, 0.2020929753780365, 0.9793590307235718),
            ["LeftLowerArm"] = CFrame.new(-1.1920928955078125e-07, 5.960464477539063e-08, -2.60770320892334e-07, 1, -7.4505820180093e-08, 1.266598843585598e-07, 7.823110337312755e-08, -0.09594471007585526, -0.9953866600990295, 1.3411046495548362e-07, 0.9953867197036743, -0.09594468772411346),
            ["RightUpperArm"] = CFrame.new(-5.960464477539063e-08, -2.384185791015625e-07, 1.0710209608078003e-07, -0.25842347741127014, -0.9233781099319458, -0.28388434648513794, 0.9613083600997925, -0.21678054332733154, -0.16997843980789185, 0.09541378915309906, -0.3168267607688904, 0.9436721205711365),
            ["Head"] = CFrame.new(-5.21540641784668e-08, -1.1920928955078125e-07, 4.7497451305389404e-08, 0.957689106464386, -0.12959638237953186, -0.2569752335548401, 0.09810005873441696, 0.9864022135734558, -0.13186007738113403, 0.27056950330734253, 0.10107167810201645, 0.9573801159858704),
            ["LowerTorso"] = CFrame.new(-0.352062851190567, -0.40383660793304443, -3.3717515179887414e-07, 0.9080944061279297, -0.2084597498178482, 0.36319294571876526, 0.08037779480218887, 0.9379339218139648, 0.3373713195323944, -0.41097939014434814, -0.27717235684394836, 0.868488073348999),
            ["UpperTorso"] = CFrame.new(-4.842877388000488e-08, -8.940696716308594e-08, 6.705522537231445e-08, 0.9944818019866943, 0.10488812625408173, 0.0021331775933504105, -0.10235916078090668, 0.9745590090751648, -0.19939246773719788, -0.022992808371782303, 0.19807381927967072, 0.9799174070358276),
            ["HumanoidRootPart"] = CFrame.new(0, 0, 0, 1, 0, 0, 0, 1, 0, 0, 0, 1),
            ["LeftUpperLeg"] = CFrame.new(0, 3.725290298461914e-09, 7.450580596923828e-08, 0.7394628524780273, 0.6257717609405518, 0.24820253252983093, 0.16470502316951752, 0.189314603805542, -0.9680042862892151, -0.652738094329834, 0.7566834092140198, 0.03692341595888138),
            ["LeftUpperArm"] = CFrame.new(0, -1.1920928955078125e-07, 6.984919309616089e-08, 0.24641430377960205, -0.27707618474960327, -0.9287135004997253, -0.5640198588371277, 0.7382737398147583, -0.36991026997566223, 0.7881381511688232, 0.6149640679359436, 0.025644749402999878),
            ["RightLowerArm"] = CFrame.new(-5.364418029785156e-07, 2.384185791015625e-07, -7.450580596923828e-08, 1, 1.862645371275562e-09, 0, 2.7939677238464355e-09, 1, -1.0244548320770264e-08, 0, 1.3504179108281278e-08, 1),
            ["LeftHand"] = CFrame.new(5.960464477539063e-08, 2.384185791015625e-07, 1.4901161193847656e-07, 0.9050379395484924, -0.021867038682103157, 0.4247684180736542, 0.03128369525074959, 0.9993948936462402, -0.015206316486001015, -0.4241788983345032, 0.027050618082284927, 0.9051744341850281),
            ["RightFoot"] = CFrame.new(-3.2896423363126814e-08, 3.5762786865234375e-07, -3.763125278055668e-08, 0.7409349083900452, 0.6665533781051636, 0.08198856562376022, -0.6647208333015442, 0.7452850341796875, -0.05192583054304123, -0.09571647644042969, -0.016025826334953308, 0.9952797293663025),
            ["RightHand"] = CFrame.new(-5.587935447692871e-08, 1.1920928955078125e-07, 7.450580596923828e-09, 0.35548439621925354, -0.3934490978717804, -0.8478377461433411, 0.3373498022556305, 0.8999528288841248, -0.2761884033679962, 0.8716800808906555, -0.18783718347549438, 0.4526491165161133),
            ["RightLowerLeg"] = CFrame.new(1.862645149230957e-07, -0.0000035762786865234375, -0.000013312492228578776, 1, -3.16649760634391e-07, 4.842879164357328e-08, 1.3085082173347473e-07, 0.9539969563484192, 0.29981622099876404, 3.725290298461914e-08, -0.2998163402080536, 0.953997015953064),
            ["RightUpperLeg"] = CFrame.new(-5.960464477539063e-08, 7.264316082000732e-08, -5.420588422566652e-09, 0.7889213562011719, -0.5542417764663696, -0.2653662860393524, 0.5056037902832031, 0.8309071063995361, -0.23228897154331207, 0.3492389917373657, 0.04908749833703041, 0.9357470273971558),
            ["LeftLowerLeg"] = CFrame.new(9.592622518539429e-08, 0.000003874301910400391, 0.000013280659914016724, 1, -1.7043208799805143e-07, -7.5786402931044e-08, 1.1106023123375053e-07, 0.29624292254447937, 0.9551128149032593, -1.5599654545894737e-07, -0.9551126956939697, 0.29624274373054504),
        }},
        {Time = 0.067, Data = {
            ["LeftFoot"] = CFrame.new(3.916829882655293e-08, 1.1920928955078125e-07, 1.2122450243623462e-07, 0.9999768733978271, -0.0062960488721728325, -0.002570600714534521, 0.005646631121635437, 0.9793460965156555, -0.20211239159107208, 0.003790050745010376, 0.2020929753780365, 0.9793590307235718),
            ["LeftLowerArm"] = CFrame.new(-1.1920928955078125e-07, 5.960464477539063e-08, -2.60770320892334e-07, 1, -7.4505820180093e-08, 1.266598843585598e-07, 7.823110337312755e-08, -0.09594471007585526, -0.9953866600990295, 1.3411046495548362e-07, 0.9953867197036743, -0.09594468772411346),
            ["RightUpperArm"] = CFrame.new(-5.960464477539063e-08, -2.384185791015625e-07, 1.0710209608078003e-07, -0.25842347741127014, -0.9233781099319458, -0.28388434648513794, 0.9613083600997925, -0.21678054332733154, -0.16997843980789185, 0.09541378915309906, -0.3168267607688904, 0.9436721205711365),
            ["Head"] = CFrame.new(-5.21540641784668e-08, -1.1920928955078125e-07, 4.7497451305389404e-08, 0.957689106464386, -0.12959638237953186, -0.2569752335548401, 0.09810005873441696, 0.9864022135734558, -0.13186007738113403, 0.27056950330734253, 0.10107167810201645, 0.9573801159858704),
            ["LowerTorso"] = CFrame.new(-0.352062851190567, -0.40383660793304443, -3.3717515179887414e-07, 0.9080944061279297, -0.2084597498178482, 0.36319294571876526, 0.08037779480218887, 0.9379339218139648, 0.3373713195323944, -0.41097939014434814, -0.27717235684394836, 0.868488073348999),
            ["UpperTorso"] = CFrame.new(-4.842877388000488e-08, -8.940696716308594e-08, 6.705522537231445e-08, 0.9944818019866943, 0.10488812625408173, 0.0021331775933504105, -0.10235916078090668, 0.9745590090751648, -0.19939246773719788, -0.022992808371782303, 0.19807381927967072, 0.9799174070358276),
            ["HumanoidRootPart"] = CFrame.new(0, 0, 0, 1, 0, 0, 0, 1, 0, 0, 0, 1),
            ["LeftUpperLeg"] = CFrame.new(0, 3.725290298461914e-09, 7.450580596923828e-08, 0.7394628524780273, 0.6257717609405518, 0.24820253252983093, 0.16470502316951752, 0.189314603805542, -0.9680042862892151, -0.652738094329834, 0.7566834092140198, 0.03692341595888138),
            ["LeftUpperArm"] = CFrame.new(0, -1.1920928955078125e-07, 6.984919309616089e-08, 0.24641430377960205, -0.27707618474960327, -0.9287135004997253, -0.5640198588371277, 0.7382737398147583, -0.36991026997566223, 0.7881381511688232, 0.6149640679359436, 0.025644749402999878),
            ["RightLowerArm"] = CFrame.new(-5.364418029785156e-07, 2.384185791015625e-07, -7.450580596923828e-08, 1, 1.862645371275562e-09, 0, 2.7939677238464355e-09, 1, -1.0244548320770264e-08, 0, 1.3504179108281278e-08, 1),
            ["LeftHand"] = CFrame.new(5.960464477539063e-08, 2.384185791015625e-07, 1.4901161193847656e-07, 0.9050379395484924, -0.021867038682103157, 0.4247684180736542, 0.03128369525074959, 0.9993948936462402, -0.015206316486001015, -0.4241788983345032, 0.027050618082284927, 0.9051744341850281),
            ["RightFoot"] = CFrame.new(-3.2896423363126814e-08, 3.5762786865234375e-07, -3.763125278055668e-08, 0.7409349083900452, 0.6665533781051636, 0.08198856562376022, -0.6647208333015442, 0.7452850341796875, -0.05192583054304123, -0.09571647644042969, -0.016025826334953308, 0.9952797293663025),
            ["RightHand"] = CFrame.new(-5.587935447692871e-08, 1.1920928955078125e-07, 7.450580596923828e-09, 0.35548439621925354, -0.3934490978717804, -0.8478377461433411, 0.3373498022556305, 0.8999528288841248, -0.2761884033679962, 0.8716800808906555, -0.18783718347549438, 0.4526491165161133),
            ["RightLowerLeg"] = CFrame.new(1.862645149230957e-07, -0.0000035762786865234375, -0.000013312492228578776, 1, -3.16649760634391e-07, 4.842879164357328e-08, 1.3085082173347473e-07, 0.9539969563484192, 0.29981622099876404, 3.725290298461914e-08, -0.2998163402080536, 0.953997015953064),
            ["RightUpperLeg"] = CFrame.new(-5.960464477539063e-08, 7.264316082000732e-08, -5.420588422566652e-09, 0.7889213562011719, -0.5542417764663696, -0.2653662860393524, 0.5056037902832031, 0.8309071063995361, -0.23228897154331207, 0.3492389917373657, 0.04908749833703041, 0.9357470273971558),
            ["LeftLowerLeg"] = CFrame.new(9.592622518539429e-08, 0.000003874301910400391, 0.000013280659914016724, 1, -1.7043208799805143e-07, -7.5786402931044e-08, 1.1106023123375053e-07, 0.29624292254447937, 0.9551128149032593, -1.5599654545894737e-07, -0.9551126956939697, 0.29624274373054504),
        }},
        {Time = 0.100, Data = {
            ["LeftFoot"] = CFrame.new(3.916829882655293e-08, 1.1920928955078125e-07, 1.2122450243623462e-07, 0.9999768733978271, -0.0062960488721728325, -0.002570600714534521, 0.005646631121635437, 0.9793460965156555, -0.20211239159107208, 0.003790050745010376, 0.2020929753780365, 0.9793590307235718),
            ["LeftLowerArm"] = CFrame.new(-1.1920928955078125e-07, 5.960464477539063e-08, -2.60770320892334e-07, 1, -7.4505820180093e-08, 1.266598843585598e-07, 7.823110337312755e-08, -0.09594471007585526, -0.9953866600990295, 1.3411046495548362e-07, 0.9953867197036743, -0.09594468772411346),
            ["RightUpperArm"] = CFrame.new(-5.960464477539063e-08, -2.384185791015625e-07, 1.0710209608078003e-07, -0.25842347741127014, -0.9233781099319458, -0.28388434648513794, 0.9613083600997925, -0.21678054332733154, -0.16997843980789185, 0.09541378915309906, -0.3168267607688904, 0.9436721205711365),
            ["Head"] = CFrame.new(-5.21540641784668e-08, -1.1920928955078125e-07, 4.7497451305389404e-08, 0.957689106464386, -0.12959638237953186, -0.2569752335548401, 0.09810005873441696, 0.9864022135734558, -0.13186007738113403, 0.27056950330734253, 0.10107167810201645, 0.9573801159858704),
            ["LowerTorso"] = CFrame.new(-0.352062851190567, -0.40383660793304443, -3.3717515179887414e-07, 0.9080944061279297, -0.2084597498178482, 0.36319294571876526, 0.08037779480218887, 0.9379339218139648, 0.3373713195323944, -0.41097939014434814, -0.27717235684394836, 0.868488073348999),
            ["UpperTorso"] = CFrame.new(-4.842877388000488e-08, -8.940696716308594e-08, 6.705522537231445e-08, 0.9944818019866943, 0.10488812625408173, 0.0021331775933504105, -0.10235916078090668, 0.9745590090751648, -0.19939246773719788, -0.022992808371782303, 0.19807381927967072, 0.9799174070358276),
            ["HumanoidRootPart"] = CFrame.new(0, 0, 0, 1, 0, 0, 0, 1, 0, 0, 0, 1),
            ["LeftUpperLeg"] = CFrame.new(0, 3.725290298461914e-09, 7.450580596923828e-08, 0.7394628524780273, 0.6257717609405518, 0.24820253252983093, 0.16470502316951752, 0.189314603805542, -0.9680042862892151, -0.652738094329834, 0.7566834092140198, 0.03692341595888138),
            ["LeftUpperArm"] = CFrame.new(0, -1.1920928955078125e-07, 6.984919309616089e-08, 0.24641430377960205, -0.27707618474960327, -0.9287135004997253, -0.5640198588371277, 0.7382737398147583, -0.36991026997566223, 0.7881381511688232, 0.6149640679359436, 0.025644749402999878),
            ["RightLowerArm"] = CFrame.new(-5.364418029785156e-07, 2.384185791015625e-07, -7.450580596923828e-08, 1, 1.862645371275562e-09, 0, 2.7939677238464355e-09, 1, -1.0244548320770264e-08, 0, 1.3504179108281278e-08, 1),
            ["LeftHand"] = CFrame.new(5.960464477539063e-08, 2.384185791015625e-07, 1.4901161193847656e-07, 0.9050379395484924, -0.021867038682103157, 0.4247684180736542, 0.03128369525074959, 0.9993948936462402, -0.015206316486001015, -0.4241788983345032, 0.027050618082284927, 0.9051744341850281),
            ["RightFoot"] = CFrame.new(-3.2896423363126814e-08, 3.5762786865234375e-07, -3.763125278055668e-08, 0.7409349083900452, 0.6665533781051636, 0.08198856562376022, -0.6647208333015442, 0.7452850341796875, -0.05192583054304123, -0.09571647644042969, -0.016025826334953308, 0.9952797293663025),
            ["RightHand"] = CFrame.new(-5.587935447692871e-08, 1.1920928955078125e-07, 7.450580596923828e-09, 0.35548439621925354, -0.3934490978717804, -0.8478377461433411, 0.3373498022556305, 0.8999528288841248, -0.2761884033679962, 0.8716800808906555, -0.18783718347549438, 0.4526491165161133),
            ["RightLowerLeg"] = CFrame.new(1.862645149230957e-07, -0.0000035762786865234375, -0.000013312492228578776, 1, -3.16649760634391e-07, 4.842879164357328e-08, 1.3085082173347473e-07, 0.9539969563484192, 0.29981622099876404, 3.725290298461914e-08, -0.2998163402080536, 0.953997015953064),
            ["RightUpperLeg"] = CFrame.new(-5.960464477539063e-08, 7.264316082000732e-08, -5.420588422566652e-09, 0.7889213562011719, -0.5542417764663696, -0.2653662860393524, 0.5056037902832031, 0.8309071063995361, -0.23228897154331207, 0.3492389917373657, 0.04908749833703041, 0.9357470273971558),
            ["LeftLowerLeg"] = CFrame.new(9.592622518539429e-08, 0.000003874301910400391, 0.000013280659914016724, 1, -1.7043208799805143e-07, -7.5786402931044e-08, 1.1106023123375053e-07, 0.29624292254447937, 0.9551128149032593, -1.5599654545894737e-07, -0.9551126956939697, 0.29624274373054504),
        }},
        {Time = 0.133, Data = {
            ["LeftFoot"] = CFrame.new(-8.179995347745717e-09, 0, 3.529839887050912e-08, 0.999988853931427, -0.004364146385341883, -0.0017965740989893675, 0.003917380701750517, 0.9798333644866943, -0.1997779756784439, 0.0026322302874177694, 0.19976863265037537, 0.979839563369751),
            ["LeftLowerArm"] = CFrame.new(-3.2782554626464844e-07, 4.76837158203125e-07, -7.636845111846924e-08, 1, -7.450583439094771e-08, 9.685756907629184e-08, 7.82310962677002e-08, -0.09594471007585526, -0.9953867197036743, 1.043081283569336e-07, 0.9953867197036743, -0.09594465047121048),
            ["RightUpperArm"] = CFrame.new(1.1920928955078125e-07, 2.384185791015625e-07, -1.4901161193847656e-08, -0.25842344760894775, -0.923378050327301, -0.2838844060897827, 0.9613082408905029, -0.21678052842617035, -0.16997845470905304, 0.09541374444961548, -0.31682682037353516, 0.9436721205711365),
            ["Head"] = CFrame.new(1.862645149230957e-08, 1.1920928955078125e-07, -2.9802322387695312e-08, 0.957689106464386, -0.12959638237953186, -0.2569752633571625, 0.09810006618499756, 0.9864022135734558, -0.13186007738113403, 0.2705695927143097, 0.10107165575027466, 0.9573801159858704),
            ["LowerTorso"] = CFrame.new(-0.352062851190567, -0.40383660793304443, -3.3717515179887414e-07, 0.9039433598518372, -0.21117404103279114, 0.37187620997428894, 0.0845288336277008, 0.9406481981277466, 0.32868799567222595, -0.4192151427268982, -0.26568105816841125, 0.8681430220603943),
            ["UpperTorso"] = CFrame.new(2.2351741790771484e-08, 0, 2.9802322387695312e-08, 0.9958401322364807, 0.09022216498851776, -0.01274416595697403, -0.09069310128688812, 0.96796715259552, -0.2341248095035553, -0.008787386119365692, 0.2343066781759262, 0.9721230268478394),
            ["HumanoidRootPart"] = CFrame.new(0, 0, 0, 1, 0, 0, 0, 1, 0, 0, 0, 1),
            ["LeftUpperLeg"] = CFrame.new(5.960464477539063e-08, -2.5704503059387207e-07, -2.9802322387695312e-08, 0.7460058331489563, 0.6212257146835327, 0.2399042844772339, 0.1546574980020523, 0.18878042697906494, -0.9697644710540771, -0.6477318406105042, 0.7605528235435486, 0.0447540320456028),
            ["LeftUpperArm"] = CFrame.new(0, 3.5762786865234375e-07, 1.4901161193847656e-08, 0.24641430377960205, -0.27707621455192566, -0.9287135004997253, -0.5640197992324829, 0.7382737398147583, -0.369910329580307, 0.7881381511688232, 0.6149640679359436, 0.025644730776548386),
            ["RightLowerArm"] = CFrame.new(-6.854534149169922e-07, 5.960464477539063e-08, 0, 1, 6.519258910486769e-09, 5.587935447692871e-09, -1.862645504502325e-08, 1, -1.1175870895385742e-08, 1.3038519597330378e-08, 1.3038517820973539e-08, 1),
            ["LeftHand"] = CFrame.new(-5.960464477539063e-08, 2.384185791015625e-07, 5.960464477539063e-08, 0.905038058757782, -0.021867038682103157, 0.42476844787597656, 0.031283654272556305, 0.9993948936462402, -0.01520637609064579, -0.4241788387298584, 0.02705063298344612, 0.9051743745803833),
            ["RightFoot"] = CFrame.new(4.872890713158995e-08, 4.76837158203125e-07, -2.3246684577316046e-08, 0.7411274313926697, 0.6665769815444946, 0.08003639429807663, -0.6656697392463684, 0.7450945973396301, -0.041441984474658966, -0.08725883811712265, -0.022564195096492767, 0.9959301352500916),
            ["RightHand"] = CFrame.new(-1.9371509552001953e-07, 0, 4.470348358154297e-08, 0.35548433661460876, -0.39344894886016846, -0.8478377461433411, 0.3373497426509857, 0.8999528884887695, -0.27618837356567383, 0.8716800212860107, -0.18783721327781677, 0.4526490569114685),
            ["RightLowerLeg"] = CFrame.new(6.705522537231445e-08, -0.0000035762786865234375, -0.000013316217518877238, 1, -1.564622067462551e-07, 7.450581485102248e-09, 4.2375166486863236e-08, 0.9617412686347961, 0.2739596664905548, 3.725289587919178e-08, -0.273959755897522, 0.9617412090301514),
            ["RightUpperLeg"] = CFrame.new(0, 1.6763806343078613e-08, -3.894820110872388e-08, 0.790743350982666, -0.5436902046203613, -0.28129351139068604, 0.5034435391426086, 0.8390077352523804, -0.2064237892627716, 0.34823793172836304, 0.02161286026239395, 0.9371570348739624),
            ["LeftLowerLeg"] = CFrame.new(-6.007030606269836e-08, 0.0000037550926208496094, 0.000013319775462150574, 1, -1.5692783961185341e-07, -4.639151640617456e-08, 2.630985562745991e-08, 0.29515528678894043, 0.9554493427276611, -5.797481605895882e-08, -0.9554493427276611, 0.2951553761959076),
        }},
        {Time = 0.167, Data = {
            ["LeftFoot"] = CFrame.new(-8.179995347745717e-09, 0, 3.529839887050912e-08, 0.999988853931427, -0.004364146385341883, -0.0017965740989893675, 0.003917380701750517, 0.9798333644866943, -0.1997779756784439, 0.0026322302874177694, 0.19976863265037537, 0.979839563369751),
            ["LeftLowerArm"] = CFrame.new(-3.2782554626464844e-07, 4.76837158203125e-07, -7.636845111846924e-08, 1, -7.450583439094771e-08, 9.685756907629184e-08, 7.82310962677002e-08, -0.09594471007585526, -0.9953867197036743, 1.043081283569336e-07, 0.9953867197036743, -0.09594465047121048),
            ["RightUpperArm"] = CFrame.new(1.1920928955078125e-07, 2.384185791015625e-07, -1.4901161193847656e-08, -0.25842344760894775, -0.923378050327301, -0.2838844060897827, 0.9613082408905029, -0.21678052842617035, -0.16997845470905304, 0.09541374444961548, -0.31682682037353516, 0.9436721205711365),
            ["Head"] = CFrame.new(1.862645149230957e-08, 1.1920928955078125e-07, -2.9802322387695312e-08, 0.957689106464386, -0.12959638237953186, -0.2569752633571625, 0.09810006618499756, 0.9864022135734558, -0.13186007738113403, 0.2705695927143097, 0.10107165575027466, 0.9573801159858704),
            ["LowerTorso"] = CFrame.new(-0.352062851190567, -0.40383660793304443, -3.3717515179887414e-07, 0.9039433598518372, -0.21117404103279114, 0.37187620997428894, 0.0845288336277008, 0.9406481981277466, 0.32868799567222595, -0.4192151427268982, -0.26568105816841125, 0.8681430220603943),
            ["UpperTorso"] = CFrame.new(2.2351741790771484e-08, 0, 2.9802322387695312e-08, 0.9958401322364807, 0.09022216498851776, -0.01274416595697403, -0.09069310128688812, 0.96796715259552, -0.2341248095035553, -0.008787386119365692, 0.2343066781759262, 0.9721230268478394),
            ["HumanoidRootPart"] = CFrame.new(0, 0, 0, 1, 0, 0, 0, 1, 0, 0, 0, 1),
            ["LeftUpperLeg"] = CFrame.new(5.960464477539063e-08, -2.5704503059387207e-07, -2.9802322387695312e-08, 0.7460058331489563, 0.6212257146835327, 0.2399042844772339, 0.1546574980020523, 0.18878042697906494, -0.9697644710540771, -0.6477318406105042, 0.7605528235435486, 0.0447540320456028),
            ["LeftUpperArm"] = CFrame.new(0, 3.5762786865234375e-07, 1.4901161193847656e-08, 0.24641430377960205, -0.27707621455192566, -0.9287135004997253, -0.5640197992324829, 0.7382737398147583, -0.369910329580307, 0.7881381511688232, 0.6149640679359436, 0.025644730776548386),
            ["RightLowerArm"] = CFrame.new(-6.854534149169922e-07, 5.960464477539063e-08, 0, 1, 6.519258910486769e-09, 5.587935447692871e-09, -1.862645504502325e-08, 1, -1.1175870895385742e-08, 1.3038519597330378e-08, 1.3038517820973539e-08, 1),
            ["LeftHand"] = CFrame.new(-5.960464477539063e-08, 2.384185791015625e-07, 5.960464477539063e-08, 0.905038058757782, -0.021867038682103157, 0.42476844787597656, 0.031283654272556305, 0.9993948936462402, -0.01520637609064579, -0.4241788387298584, 0.02705063298344612, 0.9051743745803833),
            ["RightFoot"] = CFrame.new(4.872890713158995e-08, 4.76837158203125e-07, -2.3246684577316046e-08, 0.7411274313926697, 0.6665769815444946, 0.08003639429807663, -0.6656697392463684, 0.7450945973396301, -0.041441984474658966, -0.08725883811712265, -0.022564195096492767, 0.9959301352500916),
            ["RightHand"] = CFrame.new(-1.9371509552001953e-07, 0, 4.470348358154297e-08, 0.35548433661460876, -0.39344894886016846, -0.8478377461433411, 0.3373497426509857, 0.8999528884887695, -0.27618837356567383, 0.8716800212860107, -0.18783721327781677, 0.4526490569114685),
            ["RightLowerLeg"] = CFrame.new(6.705522537231445e-08, -0.0000035762786865234375, -0.000013316217518877238, 1, -1.564622067462551e-07, 7.450581485102248e-09, 4.2375166486863236e-08, 0.9617412686347961, 0.2739596664905548, 3.725289587919178e-08, -0.273959755897522, 0.9617412090301514),
            ["RightUpperLeg"] = CFrame.new(0, 1.6763806343078613e-08, -3.894820110872388e-08, 0.790743350982666, -0.5436902046203613, -0.28129351139068604, 0.5034435391426086, 0.8390077352523804, -0.2064237892627716, 0.34823793172836304, 0.02161286026239395, 0.9371570348739624),
            ["LeftLowerLeg"] = CFrame.new(-6.007030606269836e-08, 0.0000037550926208496094, 0.000013319775462150574, 1, -1.5692783961185341e-07, -4.639151640617456e-08, 2.630985562745991e-08, 0.29515528678894043, 0.9554493427276611, -5.797481605895882e-08, -0.9554493427276611, 0.2951553761959076),
        }},
        {Time = 0.200, Data = {
            ["LeftFoot"] = CFrame.new(-8.179995347745717e-09, 0, 3.529839887050912e-08, 0.999988853931427, -0.004364146385341883, -0.0017965740989893675, 0.003917380701750517, 0.9798333644866943, -0.1997779756784439, 0.0026322302874177694, 0.19976863265037537, 0.979839563369751),
            ["LeftLowerArm"] = CFrame.new(2.980232238769531e-07, -6.556510925292969e-07, 1.4901161193847656e-08, 1, -1.0803344707710494e-07, 1.3411047916633834e-07, 1.341104507446289e-07, -0.09594469517469406, -0.9953866600990295, 1.4528632164001465e-07, 0.9953866600990295, -0.09594470262527466),
            ["RightUpperArm"] = CFrame.new(1.1920928955078125e-07, 2.384185791015625e-07, -1.4901161193847656e-08, -0.06541173160076141, -0.9934421181678772, -0.09377719461917877, 0.996176540851593, -0.05955849960446358, -0.0639144703745842, 0.05791008844971657, -0.09759937971830368, 0.9935395121574402),
            ["Head"] = CFrame.new(1.862645149230957e-08, 1.1920928955078125e-07, -2.9802322387695312e-08, 0.9483981728553772, -0.0905492827296257, -0.3038778305053711, 0.061316829174757004, 0.9926415681838989, -0.10441770404577255, 0.3110966682434082, 0.08039674162864685, 0.9469716548919678),
            ["LowerTorso"] = CFrame.new(-0.352062851190567, -0.40383660793304443, -3.3717515179887414e-07, 0.9039433598518372, -0.21117404103279114, 0.37187620997428894, 0.0845288336277008, 0.9406481981277466, 0.32868799567222595, -0.4192151427268982, -0.26568105816841125, 0.8681430220603943),
            ["UpperTorso"] = CFrame.new(2.2351741790771484e-08, 0, 2.9802322387695312e-08, 0.9958401322364807, 0.09022216498851776, -0.01274416595697403, -0.09069310128688812, 0.96796715259552, -0.2341248095035553, -0.008787386119365692, 0.2343066781759262, 0.9721230268478394),
            ["HumanoidRootPart"] = CFrame.new(0, 0, 0, 1, 0, 0, 0, 1, 0, 0, 0, 1),
            ["LeftUpperLeg"] = CFrame.new(5.960464477539063e-08, -2.5704503059387207e-07, -2.9802322387695312e-08, 0.7460058331489563, 0.6212257146835327, 0.2399042844772339, 0.1546574980020523, 0.18878042697906494, -0.9697644710540771, -0.6477318406105042, 0.7605528235435486, 0.0447540320456028),
            ["LeftUpperArm"] = CFrame.new(0, 3.5762786865234375e-07, 1.4901161193847656e-08, 0.1986149549484253, 0.0593477264046669, -0.9782791137695312, -0.5569287538528442, 0.8281805515289307, -0.06282849609851837, 0.8064630031585693, 0.5573104023933411, 0.1975415199995041),
            ["RightLowerArm"] = CFrame.new(3.5762786865234375e-07, 1.1920928955078125e-07, 1.4901161193847656e-08, 1, -6.984920419839113e-10, 1.862645371275562e-09, -4.190951585769653e-09, 1, 7.683412128756117e-09, 5.587935447692871e-09, -1.862645326866641e-08, 1),
            ["LeftHand"] = CFrame.new(0, -1.7881393432617188e-07, 2.2351741790771484e-07, 0.9811665415763855, -0.02475253865122795, -0.19157184660434723, 0.02287272922694683, 0.999666154384613, -0.012018272653222084, 0.19180531799793243, 0.007410177029669285, 0.9814050197601318),
            ["RightFoot"] = CFrame.new(4.872890713158995e-08, 4.76837158203125e-07, -2.3246684577316046e-08, 0.7411274313926697, 0.6665769815444946, 0.08003639429807663, -0.6656697392463684, 0.7450945973396301, -0.041441984474658966, -0.08725883811712265, -0.022564195096492767, 0.9959301352500916),
            ["RightHand"] = CFrame.new(2.2258609533309937e-07, 5.960464477539063e-08, 1.4901161193847656e-08, 0.9986026883125305, -0.05277390778064728, -0.0027611160185188055, 0.052748437970876694, 0.9922208786010742, 0.1127624586224556, -0.0032112745102494955, -0.11275053024291992, 0.9936182498931885),
            ["RightLowerLeg"] = CFrame.new(6.705522537231445e-08, -0.0000035762786865234375, -0.000013316217518877238, 1, -1.564622067462551e-07, 7.450581485102248e-09, 4.2375166486863236e-08, 0.9617412686347961, 0.2739596664905548, 3.725289587919178e-08, -0.273959755897522, 0.9617412090301514),
            ["RightUpperLeg"] = CFrame.new(0, 1.6763806343078613e-08, -3.894820110872388e-08, 0.790743350982666, -0.5436902046203613, -0.28129351139068604, 0.5034435391426086, 0.8390077352523804, -0.2064237892627716, 0.34823793172836304, 0.02161286026239395, 0.9371570348739624),
            ["LeftLowerLeg"] = CFrame.new(-6.007030606269836e-08, 0.0000037550926208496094, 0.000013319775462150574, 1, -1.5692783961185341e-07, -4.639151640617456e-08, 2.630985562745991e-08, 0.29515528678894043, 0.9554493427276611, -5.797481605895882e-08, -0.9554493427276611, 0.2951553761959076),
        }},
        {Time = 0.233, Data = {
            ["LeftFoot"] = CFrame.new(-8.179995347745717e-09, 0, 3.529839887050912e-08, 0.999988853931427, -0.004364146385341883, -0.0017965740989893675, 0.003917380701750517, 0.9798333644866943, -0.1997779756784439, 0.0026322302874177694, 0.19976863265037537, 0.979839563369751),
            ["LeftLowerArm"] = CFrame.new(2.980232238769531e-07, -6.556510925292969e-07, 1.4901161193847656e-08, 1, -1.0803344707710494e-07, 1.3411047916633834e-07, 1.341104507446289e-07, -0.09594469517469406, -0.9953866600990295, 1.4528632164001465e-07, 0.9953866600990295, -0.09594470262527466),
            ["RightUpperArm"] = CFrame.new(1.1920928955078125e-07, 2.384185791015625e-07, -1.4901161193847656e-08, -0.06541173160076141, -0.9934421181678772, -0.09377719461917877, 0.996176540851593, -0.05955849960446358, -0.0639144703745842, 0.05791008844971657, -0.09759937971830368, 0.9935395121574402),
            ["Head"] = CFrame.new(1.862645149230957e-08, 1.1920928955078125e-07, -2.9802322387695312e-08, 0.9483981728553772, -0.0905492827296257, -0.3038778305053711, 0.061316829174757004, 0.9926415681838989, -0.10441770404577255, 0.3110966682434082, 0.08039674162864685, 0.9469716548919678),
            ["LowerTorso"] = CFrame.new(-0.352062851190567, -0.40383660793304443, -3.3717515179887414e-07, 0.9039433598518372, -0.21117404103279114, 0.37187620997428894, 0.0845288336277008, 0.9406481981277466, 0.32868799567222595, -0.4192151427268982, -0.26568105816841125, 0.8681430220603943),
            ["UpperTorso"] = CFrame.new(2.2351741790771484e-08, 0, 2.9802322387695312e-08, 0.9958401322364807, 0.09022216498851776, -0.01274416595697403, -0.09069310128688812, 0.96796715259552, -0.2341248095035553, -0.008787386119365692, 0.2343066781759262, 0.9721230268478394),
            ["HumanoidRootPart"] = CFrame.new(0, 0, 0, 1, 0, 0, 0, 1, 0, 0, 0, 1),
            ["LeftUpperLeg"] = CFrame.new(5.960464477539063e-08, -2.5704503059387207e-07, -2.9802322387695312e-08, 0.7460058331489563, 0.6212257146835327, 0.2399042844772339, 0.1546574980020523, 0.18878042697906494, -0.9697644710540771, -0.6477318406105042, 0.7605528235435486, 0.0447540320456028),
            ["LeftUpperArm"] = CFrame.new(0, 3.5762786865234375e-07, 1.4901161193847656e-08, 0.1986149549484253, 0.0593477264046669, -0.9782791137695312, -0.5569287538528442, 0.8281805515289307, -0.06282849609851837, 0.8064630031585693, 0.5573104023933411, 0.1975415199995041),
            ["RightLowerArm"] = CFrame.new(3.5762786865234375e-07, 1.1920928955078125e-07, 1.4901161193847656e-08, 1, -6.984920419839113e-10, 1.862645371275562e-09, -4.190951585769653e-09, 1, 7.683412128756117e-09, 5.587935447692871e-09, -1.862645326866641e-08, 1),
            ["LeftHand"] = CFrame.new(0, -1.7881393432617188e-07, 2.2351741790771484e-07, 0.9811665415763855, -0.02475253865122795, -0.19157184660434723, 0.02287272922694683, 0.999666154384613, -0.012018272653222084, 0.19180531799793243, 0.007410177029669285, 0.9814050197601318),
            ["RightFoot"] = CFrame.new(4.872890713158995e-08, 4.76837158203125e-07, -2.3246684577316046e-08, 0.7411274313926697, 0.6665769815444946, 0.08003639429807663, -0.6656697392463684, 0.7450945973396301, -0.041441984474658966, -0.08725883811712265, -0.022564195096492767, 0.9959301352500916),
            ["RightHand"] = CFrame.new(2.2258609533309937e-07, 5.960464477539063e-08, 1.4901161193847656e-08, 0.9986026883125305, -0.05277390778064728, -0.0027611160185188055, 0.052748437970876694, 0.9922208786010742, 0.1127624586224556, -0.0032112745102494955, -0.11275053024291992, 0.9936182498931885),
            ["RightLowerLeg"] = CFrame.new(6.705522537231445e-08, -0.0000035762786865234375, -0.000013316217518877238, 1, -1.564622067462551e-07, 7.450581485102248e-09, 4.2375166486863236e-08, 0.9617412686347961, 0.2739596664905548, 3.725289587919178e-08, -0.273959755897522, 0.9617412090301514),
            ["RightUpperLeg"] = CFrame.new(0, 1.6763806343078613e-08, -3.894820110872388e-08, 0.790743350982666, -0.5436902046203613, -0.28129351139068604, 0.5034435391426086, 0.8390077352523804, -0.2064237892627716, 0.34823793172836304, 0.02161286026239395, 0.9371570348739624),
            ["LeftLowerLeg"] = CFrame.new(-6.007030606269836e-08, 0.0000037550926208496094, 0.000013319775462150574, 1, -1.5692783961185341e-07, -4.639151640617456e-08, 2.630985562745991e-08, 0.29515528678894043, 0.9554493427276611, -5.797481605895882e-08, -0.9554493427276611, 0.2951553761959076),
        }},
        {Time = 0.267, Data = {
            ["LeftFoot"] = CFrame.new(6.847926670161542e-08, 0, 5.141055225976743e-08, 0.9411238431930542, -0.2475179135799408, -0.23026341199874878, 0.3033851683139801, 0.9188695549964905, 0.25226178765296936, 0.14914250373840332, -0.30726805329322815, 0.9398632049560547),
            ["LeftLowerArm"] = CFrame.new(2.9802322387695312e-08, -1.1920928955078125e-07, 1.341104507446289e-07, 1, -8.940696716308594e-08, 0, 9.685756197086448e-08, 0.48537272214889526, -0.87430739402771, 5.2154071283894154e-08, 0.8743073344230652, 0.4853726923465729),
            ["RightUpperArm"] = CFrame.new(0, 1.1920928955078125e-07, -1.3969838619232178e-08, 0.9167836308479309, -0.3963177502155304, -0.04939825087785721, 0.39862677454948425, 0.9004023671150208, 0.1742769330739975, -0.024590764194726944, -0.17946568131446838, 0.9834568500518799),
            ["Head"] = CFrame.new(-8.149072527885437e-10, 2.384185791015625e-07, -1.4071702025830746e-08, 0.996782124042511, 0.07015728205442429, -0.038774773478507996, -0.0721248984336853, 0.9960434436798096, -0.05191803351044655, 0.03497892990708351, 0.05454758182168007, 0.9978983998298645),
            ["LowerTorso"] = CFrame.new(0.07869642972946167, -0.40383660793304443, -3.3717515179887414e-07, 0.996690034866333, 0.018486978486180305, 0.07916593551635742, -0.038153477013111115, 0.9662662148475647, 0.25470346212387085, -0.07178668677806854, -0.25688084959983826, 0.963773250579834),
            ["UpperTorso"] = CFrame.new(-8.381903171539307e-09, 1.1920928955078125e-07, -1.5832483768463135e-08, 0.9949374198913574, -0.07867397367954254, -0.06252975016832352, 0.06046152859926224, 0.9656062722206116, -0.25288164615631104, 0.0802743062376976, 0.24782073497772217, 0.9654744863510132),
            ["HumanoidRootPart"] = CFrame.new(0, 0, 0, 1, 0, 0, 0, 1, 0, 0, 0, 1),
            ["LeftUpperLeg"] = CFrame.new(2.9802322387695312e-08, 3.259629011154175e-09, -1.1175870895385742e-08, 0.5319653749465942, 0.7897655963897705, 0.3054231107234955, -0.062477968633174896, 0.3963189125061035, -0.9159846901893616, -0.8444579839706421, 0.4681897461414337, 0.26017099618911743),
            ["LeftUpperArm"] = CFrame.new(5.960464477539063e-08, 1.1920928955078125e-07, -1.5832483768463135e-08, 0.7404933571815491, 0.6555252075195312, -0.14817655086517334, -0.5565666556358337, 0.7217273712158203, 0.4115132689476013, 0.37670043110847473, -0.2222527116537094, 0.8992778658866882),
            ["RightLowerArm"] = CFrame.new(1.7881393432617188e-07, -1.7881393432617188e-07, -1.6763806343078613e-08, 1, -9.126962652317161e-08, 6.705523247774181e-08, 7.962808012962341e-08, -0.0631999745965004, -0.9980009198188782, 9.685754776000977e-08, 0.9980009198188782, -0.06319998949766159),
            ["LeftHand"] = CFrame.new(-4.470348358154297e-08, 2.384185791015625e-07, 8.940696716308594e-08, 0.2803407907485962, -0.5121392011642456, -0.8118636608123779, 0.5302324891090393, 0.787653923034668, -0.31377512216567993, 0.8001641035079956, -0.34251248836517334, 0.4923643469810486),
            ["RightFoot"] = CFrame.new(-3.601599019020796e-08, 1.7881393432617188e-07, 4.984758561477065e-08, 0.9669285416603088, 0.2348141223192215, 0.09955737739801407, -0.22254221141338348, 0.9674561619758606, -0.12043078988790512, -0.12459620833396912, 0.09429224580526352, 0.9877170324325562),
            ["RightHand"] = CFrame.new(-2.1047890186309814e-07, 1.1920928955078125e-07, -1.6391277313232422e-07, 0.519601583480835, 0.8517594933509827, 0.06723154336214066, -0.8190320730209351, 0.5189512372016907, -0.24469618499279022, -0.24331213533878326, 0.07207974791526794, 0.9672661423683167),
            ["RightLowerLeg"] = CFrame.new(-1.6391277313232422e-07, -0.000003635883331298828, -0.00001322308526141569, 1, -2.419110955997894e-07, -1.7322605572189786e-07, 2.4586918812019576e-07, 0.45915183424949646, 0.8883578181266785, -1.1920930376163597e-07, -0.888357937335968, 0.4591519236564636),
