return {
    ["Interstellar Bass"] = {
        [1] = {Time = 0.000, Data = {
            ["LeftFoot"] = CFrame.new(-5.960464477539063e-08, 0, 1.4901161193847656e-08, 0.9896848797798157, -0.12620609998703003, 0.0677926167845726, 0.1380711793899536, 0.9664965271949768, -0.21638123691082, -0.03821282088756561, 0.2235095500946045, 0.9739524126052856),
            ["LeftLowerArm"] = CFrame.new(-1.7881393432617188e-07, -2.384185791015625e-07, 1.4901161193847656e-08, 1, -1.1175870895385742e-08, 1.1920926112907182e-07, 1.0430811414607888e-07, 0.5397263765335083, -0.8418406248092651, 8.940695295223122e-08, 0.8418405652046204, 0.539726197719574),
            ["LowerTorso"] = CFrame.new(0.0019155517220497131, -0.15878582000732422, -0.028509780764579773, 0.9856359362602234, 0.02297389879822731, -0.16731417179107666, -0.01382007822394371, 0.9983535408973694, 0.05567075312137604, 0.16831766068935394, -0.05255879834294319, 0.9843306541442871),
            ["Head"] = CFrame.new(2.2351741790771484e-08, -1.1920928955078125e-07, 9.685754776000977e-08, 0.9991738796234131, 0.012705935165286064, 0.03860251232981682, -0.0187168437987566, 0.9870061874389648, 0.15958884358406067, -0.03607318550348282, -0.16017942130565643, 0.9864285588264465),
            ["RightUpperArm"] = CFrame.new(-1.1920928955078125e-07, -2.384185791015625e-07, 1.1175870895385742e-07, 0.34842586517333984, -0.7275512218475342, -0.5909894704818726, 0.151268869638443, 0.6658791303634644, -0.7305634021759033, 0.9250497817993164, 0.16514883935451508, 0.3420654237270355),
            ["UpperTorso"] = CFrame.new(9.313225746154785e-10, 1.4901161193847656e-07, -5.587935447692871e-09, 0.9887058138847351, -0.07562915980815887, -0.12938784062862396, 0.08721742779016495, 0.9924382567405701, 0.08636908233165741, 0.12187746167182922, -0.09667849540710449, 0.9878254532814026),
            ["HumanoidRootPart"] = CFrame.new(0, 0, 0, 1, 0, 0, 0, 1, 0, 0, 0, 1),
            ["RightHand"] = CFrame.new(4.470348358154297e-08, 2.980232238769531e-07, -3.5762786865234375e-07, 0.7242234945297241, -0.5926756262779236, -0.3524714708328247, 0.4285525977611542, 0.787299633026123, -0.4432854652404785, 0.5402249693870544, 0.1699851006269455, 0.8241734504699707),
            ["LeftUpperArm"] = CFrame.new(2.384185791015625e-07, -3.5762786865234375e-07, 0, 0.3104532063007355, 0.7870494723320007, 0.5330778956413269, -0.372440367937088, 0.6166618466377258, -0.6935535669326782, -0.8745896220207214, 0.016776224598288536, 0.4845735430717468),
            ["RightLowerArm"] = CFrame.new(-1.4901161193847656e-07, 5.960464477539063e-08, -3.427267074584961e-07, 1, -7.450579886381092e-08, 9.685752644372769e-08, 8.195638656616211e-08, 0.3029550611972809, -0.9530048966407776, 4.470348358154297e-08, 0.9530048370361328, 0.30295512080192566),
            ["LeftHand"] = CFrame.new(0, -1.1920928955078125e-07, -5.960464477539063e-08, 0.8975006937980652, -0.1847042441368103, 0.40047121047973633, 0.2950609624385834, 0.9263812899589539, -0.2340017855167389, -0.32776781916618347, 0.3281801640987396, 0.8859266638755798),
            ["RightUpperLeg"] = CFrame.new(0, -2.514570951461792e-08, -1.287116901949048e-08, 0.9988716840744019, -0.03905570134520531, 0.027020834386348724, 0.046650249511003494, 0.9135168790817261, -0.40411749482154846, -0.008900844492018223, 0.40492191910743713, 0.9143079519271851),
            ["LeftUpperLeg"] = CFrame.new(0, 9.639188647270203e-08, -1.4901161193847656e-08, 0.9025098085403442, 0.2366371601819992, 0.35983210802078247, -0.05020586773753166, 0.8876307606697083, -0.457811176776886, -0.4277331233024597, 0.39511334896087646, 0.8129759430885315),
            ["RightLowerLeg"] = CFrame.new(-3.3527612686157227e-08, 2.384185791015625e-07, -3.55576048605144e-08, 1, -9.685754776000977e-08, -5.0291436792804234e-08, 1.0617077350616455e-07, 0.6595903038978577, 0.7516252994537354, -2.8870999813079834e-08, -0.7516254186630249, 0.6595904231071472),
            ["RightFoot"] = CFrame.new(-9.220093488693237e-08, 2.980232238769531e-07, -1.3205863069742918e-08, 0.9743322730064392, 0.028135811910033226, -0.22334979474544525, -0.12921375036239624, 0.8823394179344177, -0.45252686738967896, 0.18433815240859985, 0.4697718918323517, 0.8633275032043457),
            ["LeftLowerLeg"] = CFrame.new(-1.4901161193847656e-08, -5.960464477539063e-08, 8.940696716308594e-08, 1, 6.705524668859653e-08, 8.195641498787154e-08, -6.705522537231445e-08, 0.4872434437274933, 0.873266339302063, 1.0058283805847168e-07, -0.8732662796974182, 0.48724326491355896)
        }},
        [2] = {Time = 0.033, Data = {
            ["LeftFoot"] = CFrame.new(6.891787052154541e-08, 0, -1.862645149230957e-08, 0.989158570766449, -0.13562051951885223, 0.056324250996112823, 0.1421915739774704, 0.9803765416145325, -0.13654173910617828, -0.03670115768909454, 0.14307023584842682, 0.9890318512916565),
            ["LeftLowerArm"] = CFrame.new(2.9802322387695312e-08, 0, -7.450580596923828e-08, 1, -8.195637946073475e-08, 0, 9.685756197086448e-08, 0.4537825584411621, -0.8911125063896179, 4.4703490686970326e-08, 0.8911124467849731, 0.45378249883651733),
            ["LowerTorso"] = CFrame.new(0.02005159854888916, -0.16462385654449463, -0.031112127006053925, 0.9865396022796631, 0.00913990382105112, -0.1632668375968933, -0.0012221436481922865, 0.9988210201263428, 0.04853058233857155, 0.16351789236068726, -0.047677818685770035, 0.9853876233100891),
            ["Head"] = CFrame.new(7.450580596923828e-09, 1.1920928955078125e-07, -1.4901161193847656e-08, 0.9962660074234009, 0.026068877428770065, 0.08230719715356827, -0.03890744224190712, 0.9865980744361877, 0.15846329927444458, -0.07707316428422928, -0.16107384860515594, 0.983928382396698),
            ["RightUpperArm"] = CFrame.new(1.1920928955078125e-07, 0, 1.6763806343078613e-08, 0.3021177053451538, -0.7416234016418457, -0.5989322066307068, 0.05954542011022568, 0.6417466402053833, -0.7646016478538513, 0.951409101486206, 0.19533593952655792, 0.23804324865341187),
            ["UpperTorso"] = CFrame.new(9.313225746154785e-10, 5.960464477539063e-08, -1.0710209608078003e-08, 0.989304780960083, -0.07288848608732224, -0.12634651362895966, 0.08369005471467972, 0.9930791854858398, 0.08239976316690445, 0.11946607381105423, -0.09209238737821579, 0.9885579943656921),
            ["HumanoidRootPart"] = CFrame.new(0, 0, 0, 1, 0, 0, 0, 1, 0, 0, 0, 1),
            ["RightHand"] = CFrame.new(9.313225746154785e-08, 5.960464477539063e-08, -2.8312206268310547e-07, 0.7130028605461121, -0.5194883346557617, -0.47091302275657654, 0.49704235792160034, 0.848185658454895, -0.18311217427253723, 0.4945460557937622, -0.10350397229194641, 0.8629662990570068),
            ["LeftUpperArm"] = CFrame.new(0, 3.5762786865234375e-07, -5.960464477539063e-08, 0.2717839479446411, 0.7614954710006714, 0.588437020778656, -0.34037813544273376, 0.6479940414428711, -0.6813563704490662, -0.9001535177230835, -0.015109410509467125, 0.4353106915950775),
            ["RightLowerArm"] = CFrame.new(-2.682209014892578e-07, -5.960464477539063e-08, -6.705522537231445e-08, 1, -1.1175869474300271e-07, 5.308537254222756e-08, 6.053598156086082e-08, 0.34399935603141785, -0.9389699697494507, 3.72529100900465e-08, 0.9389699101448059, 0.34399929642677307),
            ["LeftHand"] = CFrame.new(5.960464477539063e-08, 0, -2.9802322387695312e-08, 0.9593279361724854, -0.009706140495836735, 0.28212735056877136, 0.09172756224870682, 0.9558945894241333, -0.2790188193321228, -0.26697561144828796, 0.2935495376586914, 0.917906641960144),
            ["RightUpperLeg"] = CFrame.new(5.960464477539063e-08, 4.1443854570388794e-08, -1.6596459317952394e-08, 0.9997369050979614, -0.020733049139380455, 0.009810442104935646, 0.022920135408639908, 0.9193817377090454, -0.3926985561847687, -0.0008777074981480837, 0.3928198516368866, 0.9196149706840515),
            ["LeftUpperLeg"] = CFrame.new(-5.960464477539063e-08, 2.0116567611694336e-07, 0, 0.9055445790290833, 0.29109007120132446, 0.30863532423973083, -0.0804516077041626, 0.832103967666626, -0.5487534999847412, -0.4165533185005188, 0.47209054231643677, 0.7769258618354797),
            ["RightLowerLeg"] = CFrame.new(-8.009374141693115e-08, 2.384185791015625e-07, 1.6596459317952394e-08, 1, -1.0430814256778831e-07, -2.887101047122087e-08, 1.1548399925231934e-07, 0.6610831022262573, 0.7503123879432678, -3.585591912269592e-08, -0.7503126859664917, 0.6610835790634155),
            ["RightFoot"] = CFrame.new(-1.257285475730896e-08, 1.1920928955078125e-07, -3.55576048605144e-08, 0.9755752086639404, 0.017625844106078148, -0.21895748376846313, -0.11873593181371689, 0.8809242844581604, -0.45812007784843445, 0.18481017649173737, 0.4729289710521698, 0.8615009188652039),
            ["LeftLowerLeg"] = CFrame.new(1.4901161193847656e-08, -2.980232238769531e-07, 8.195638656616211e-08, 1, 5.215407838932151e-08, 8.56816981809061e-08, -8.195637946073475e-08, 0.35814550518989563, 0.933665931224823, 7.823108916227284e-08, -0.9336658120155334, 0.35814541578292847)
        }},
        [3] = {Time = 0.067, Data = {
            ["LeftFoot"] = CFrame.new(3.64379957318306e-08, 5.960464477539063e-08, 1.257285475730896e-08, 0.9909253716468811, -0.1308608055114746, 0.030699357390403748, 0.1328287124633789, 0.9883288741111755, -0.07458394020795822, -0.020580995827913284, 0.07798495888710022, 0.9967421293258667),
            ["LeftLowerArm"] = CFrame.new(-1.1920928955078125e-07, 1.1920928955078125e-07, -2.9802322387695312e-08, 1, -8.195637946073475e-08, 7.450579175838357e-08, 2.2351745343485163e-08, 0.43794652819633484, -0.8990011215209961, 5.960465188081798e-08, 0.8990010619163513, 0.4379462003707886),
            ["LowerTorso"] = CFrame.new(0.04989320784807205, -0.15958070755004883, -0.037486039102077484, 0.9883597493171692, -0.015870774164795876, -0.15130478143692017, 0.020824065431952477, 0.9992960095405579, 0.031208988279104233, 0.15070292353630066, -0.03399648517370224, 0.987994372844696),
            ["Head"] = CFrame.new(-1.4901161193847656e-08, 3.5762786865234375e-07, 9.313225746154785e-09, 0.9843900203704834, 0.045608311891555786, 0.16998915374279022, -0.07143021374940872, 0.9862488508224487, 0.14903341233730316, -0.16085441410541534, -0.15884929895401, 0.9741112589836121),
            ["RightUpperArm"] = CFrame.new(0, 1.1920928955078125e-07, -2.2351741790771484e-08, 0.30690115690231323, -0.768531858921051, -0.5614005327224731, 0.12471874803304672, 0.6172553896903992, -0.7768146991729736, 0.9435343146324158, 0.16838809847831726, 0.28528669476509094),
            ["UpperTorso"] = CFrame.new(1.862645149230957e-09, 2.9802322387695312e-08, 4.656612873077393e-10, 0.9909383654594421, -0.05982648581266403, -0.1202583834528923, 0.07000640779733658, 0.9941468238830566, 0.0822872593998909, 0.1146315410733223, -0.08996046334505081, 0.9893264770507812),
            ["HumanoidRootPart"] = CFrame.new(0, 0, 0, 1, 0, 0, 0, 1, 0, 0, 0, 1),
            ["RightHand"] = CFrame.new(5.21540641784668e-08, 1.1920928955078125e-07, 1.341104507446289e-07, 0.7374570369720459, -0.42429018020629883, -0.5254858732223511, 0.43557411432266235, 0.8933972716331482, -0.11007405817508698, 0.5161707997322083, -0.14771313965320587, 0.8436517715454102),
            ["LeftUpperArm"] = CFrame.new(-1.1920928955078125e-07, 9.5367431640625e-07, 0, 0.29642894864082336, 0.792629063129425, 0.5327939391136169, -0.3782114088535309, 0.6096839308738708, -0.6965928077697754, -0.8769755363464355, 0.004981569945812225, 0.4805092215538025),
            ["RightLowerArm"] = CFrame.new(-1.1920928955078125e-07, 1.1920928955078125e-07, 0, 1, -9.126959810146218e-08, 6.146728281919422e-08, 5.774202094244174e-08, 0.25659704208374023, -0.9665185809135437, 6.705524668859653e-08, 0.9665184617042542, 0.25659698247909546),
            ["LeftHand"] = CFrame.new(1.7881393432617188e-07, -5.960464477539063e-08, -7.450580596923828e-08, 0.7960717082023621, 0.16190588474273682, 0.5831435322761536, -0.08890236169099808, 0.9843828678131104, -0.1519431471824646, -0.5986369252204895, 0.06911519169807434, 0.7980331778526306),
            ["RightUpperLeg"] = CFrame.new(-5.960464477539063e-08, -1.043081283569336e-07, 1.1343217920511961e-08, 0.9997109770774841, 0.010057471692562103, -0.021835247054696083, -0.01692281849682331, 0.9395319819450378, -0.3420428931713104, 0.017074884846806526, 0.3423134386539459, 0.9394307136535645),
            ["LeftUpperLeg"] = CFrame.new(0, -1.3364478945732117e-07, 1.30385160446167e-08, 0.9087136387825012, 0.350480854511261, 0.22672191262245178, -0.1347663253545761, 0.7603984475135803, -0.6353206038475037, -0.3950665295124054, 0.5467699766159058, 0.7382175326347351),
            ["RightLowerLeg"] = CFrame.new(-3.585591912269592e-08, 2.384185791015625e-07, 1.6596459317952394e-08, 1, -1.2479722499847412e-07, -5.355106580395841e-08, 1.1548401346317405e-07, 0.6977763772010803, 0.7163154482841492, -4.691538180168209e-08, -0.7163156867027283, 0.6977765560150146),
            ["RightFoot"] = CFrame.new(-1.909211277961731e-08, 3.5762786865234375e-07, 8.365168469026685e-08, 0.9771249294281006, 0.00029229492065496743, -0.21266613900661469, -0.09843942523002625, 0.8870405554771423, -0.4510746896266937, 0.18851181864738464, 0.4616914689540863, 0.8667784333229065),
            ["LeftLowerLeg"] = CFrame.new(2.9802322387695312e-08, 0, -1.1920928955078125e-07, 1, 8.940698137394065e-08, 1.0430815677864302e-07, -9.685754776000977e-08, 0.23242218792438507, 0.972615122795105, 7.450580596923828e-08, -0.9726150631904602, 0.23242203891277313)
        }},
        [4] = {Time = 0.100, Data = {
            ["LeftFoot"] = CFrame.new(4.563480615615845e-08, -1.1920928955078125e-07, -1.862645149230957e-08, 0.9934828877449036, -0.11349813640117645, 0.010482423938810825, 0.11389225721359253, 0.992133617401123, -0.05195821449160576, -0.0045028068125247955, 0.0528133325278759, 0.998594343662262),
            ["LeftLowerArm"] = CFrame.new(2.384185791015625e-07, 2.980232238769531e-07, -3.427267074584961e-07, 1, 0, 7.450579175838357e-08, 1.0430814256778831e-07, 0.4347793757915497, -0.9005368947982788, 1.0430814256778831e-07, 0.9005370736122131, 0.4347796142101288),
            ["LowerTorso"] = CFrame.new(0.0757400393486023, -0.13348233699798584, -0.046145372092723846, 0.9907504916191101, -0.03339458256959915, -0.13152280449867249, 0.03476718068122864, 0.9993622303009033, 0.008153118193149567, 0.13116663694381714, -0.012650380842387676, 0.991279661655426),
            ["Head"] = CFrame.new(-2.60770320892334e-08, 2.384185791015625e-07, -2.514570951461792e-08, 0.9655342102050781, 0.06115386635065079, 0.2529900372028351, -0.09800509363412857, 0.9858877062797546, 0.13572245836257935, -0.24111981689929962, -0.15583893656730652, 0.957901656627655),
            ["RightUpperArm"] = CFrame.new(-1.1920928955078125e-07, 3.5762786865234375e-07, -3.91155481338501e-08, 0.33120959997177124, -0.7845547795295715, -0.5241888165473938, 0.21960929036140442, 0.6043862700462341, -0.7658258080482483, 0.9176447987556458, 0.13853207230567932, 0.3724740743637085),
            ["UpperTorso"] = CFrame.new(-8.847564458847046e-09, 5.960464477539063e-08, 0, 0.9921757578849792, -0.04888251796364784, -0.11488191783428192, 0.059416718780994415, 0.9941555857658386, 0.09013603627681732, 0.1098044142127037, -0.09625668078660965, 0.989281415939331),
            ["HumanoidRootPart"] = CFrame.new(0, 0, 0, 1, 0, 0, 0, 1, 0, 0, 0, 1),
            ["RightHand"] = CFrame.new(-1.4901161193847656e-08, 5.960464477539063e-08, -8.940696716308594e-08, 0.7399375438690186, -0.3129517436027527, -0.5954446792602539, 0.35786885023117065, 0.9326639175415039, -0.04547533765435219, 0.5695808529853821, -0.1794421523809433, 0.8021082282066345),
            ["LeftUpperArm"] = CFrame.new(-1.1920928955078125e-07, 2.384185791015625e-07, -4.470348358154297e-08, 0.310982346534729, 0.826229989528656, 0.4697169065475464, -0.40591922402381897, 0.5623438954353333, -0.7204160094261169, -0.8593716025352478, 0.03336958587169647, 0.5102616548538208),
            ["RightLowerArm"] = CFrame.new(-1.1920928955078125e-07, 5.960464477539063e-08, 3.5762786865234375e-07, 1, -2.9802315282267955e-08, 1.0430809993522416e-07, 1.1175872316471214e-07, 0.11136666685342789, -0.9937794208526611, 1.005828522693264e-07, 0.9937793612480164, 0.11136670410633087),
            ["LeftHand"] = CFrame.new(-1.1920928955078125e-07, 3.5762786865234375e-07, -3.948807716369629e-07, 0.7437964081764221, 0.28485727310180664, 0.6046683192253113, -0.2933633029460907, 0.9519782066345215, -0.08761069178581238, -0.6005872488021851, -0.11222294718027115, 0.791644275188446),
            ["RightUpperLeg"] = CFrame.new(-5.960464477539063e-08, 3.181048668920994e-08, 5.75528247281909e-09, 0.9980959892272949, 0.032269880175590515, -0.052565351128578186, -0.04445769637823105, 0.9671106338500977, -0.2504408359527588, 0.04275482892990112, 0.25230079889297485, 0.9667038321495056),
            ["LeftUpperLeg"] = CFrame.new(2.9802322387695312e-08, 1.9674189388751984e-07, 4.6566128730773926e-09, 0.9142107963562012, 0.3691697120666504, 0.16713032126426697, -0.1760086566209793, 0.7332209944725037, -0.6568166017532349, -0.3650202453136444, 0.5710524320602417, 0.7352954149246216),
            ["RightLowerLeg"] = CFrame.new(-1.30385160446167e-08, 0, 3.894820110872388e-08, 1, -8.847565169389782e-08, -3.073365206773815e-08, 9.406359424701805e-08, 0.7736454010009766, 0.6336185932159424, -3.4458938813486384e-08, -0.633618950843811, 0.7736455798149109),
            ["RightFoot"] = CFrame.new(-3.306195139884949e-08, 3.5762786865234375e-07, -2.0656443666666746e-08, 0.9782469272613525, -0.013398637995123863, -0.20701098442077637, -0.07609498500823975, 0.905171275138855, -0.4181794822216034, 0.19298343360424042, 0.4248356819152832, 0.8844617009162903),
            ["LeftLowerLeg"] = CFrame.new(-2.9802322387695312e-08, -1.1920928955078125e-07, 1.2665987014770508e-07, 1, 6.332994928470725e-08, 9.685756907629184e-08, -8.195637946073475e-08, 0.19452804327011108, 0.9808969497680664, 7.450579886381092e-08, -0.9808969497680664, 0.19452796876430511)
        }},
        [5] = {Time = 0.133, Data = {
            ["LeftFoot"] = CFrame.new(-3.073364496231079e-08, -5.960464477539063e-08, 3.725290298461914e-09, 0.9950948357582092, -0.09683793038129807, 0.020217718556523323, 0.09733115136623383, 0.9949374794960022, -0.025021711364388466, -0.017692258581519127, 0.026866747066378593, 0.9994824528694153),
            ["LeftLowerArm"] = CFrame.new(-5.960464477539063e-08, -1.1920928955078125e-07, 2.9802322387695312e-08, 1, -1.043081283569336e-07, 6.705523247774181e-08, 5.960465188081798e-08, 0.40936094522476196, -0.9123725891113281, 5.960465188081798e-08, 0.9123725295066833, 0.4093610644340515),
            ["LowerTorso"] = CFrame.new(0.08627566695213318, -0.08680999279022217, -0.06032288074493408, 0.9947788715362549, -0.029870934784412384, -0.09758459776639938, 0.026672961190342903, 0.9990687966346741, -0.03391335904598236, 0.09850673377513885, 0.031133420765399933, 0.994649350643158),
            ["Head"] = CFrame.new(-1.862645149230957e-09, -2.384185791015625e-07, -4.330649971961975e-08, 0.9491250514984131, 0.05746423453092575, 0.3096119165420532, -0.09905117750167847, 0.9877824783325195, 0.12031134963035583, -0.2989155948162079, -0.14485786855220795, 0.9432209134101868),
            ["RightUpperArm"] = CFrame.new(0, 3.5762786865234375e-07, -3.725290298461914e-09, 0.35112327337265015, -0.784713089466095, -0.5108208656311035, 0.2929862439632416, 0.610239565372467, -0.7360480427742004, 0.8893095850944519, 0.10878007113933563, 0.444179505109787),
            ["UpperTorso"] = CFrame.new(6.984919309616089e-09, 5.960464477539063e-08, 2.3283064365386963e-09, 0.9925149083137512, -0.048233762383461, -0.11219532787799835, 0.0618295855820179, 0.9907196164131165, 0.12104460597038269, 0.1053156778216362, -0.12707556784152985, 0.9862862229347229),
            ["HumanoidRootPart"] = CFrame.new(0, 0, 0, 1, 0, 0, 0, 1, 0, 0, 0, 1),
            ["RightHand"] = CFrame.new(-4.470348358154297e-08, -2.384185791015625e-07, -2.4400651454925537e-07, 0.7269139885902405, -0.1768379807472229, -0.6635696291923523, 0.21339280903339386, 0.9766071438789368, -0.026497628539800644, 0.6527323722839355, -0.12233949452638626, 0.7476451992988586),
            ["LeftUpperArm"] = CFrame.new(0, -4.76837158203125e-07, -8.940696716308594e-08, 0.3906373381614685, 0.8488390445709229, 0.35619500279426575, -0.5074423551559448, 0.5214033126831055, -0.6860328316688538, -0.7680524587631226, 0.08724161982536316, 0.6344162821769714),
            ["RightLowerArm"] = CFrame.new(-1.1920928955078125e-07, 1.7881393432617188e-07, 4.023313522338867e-07, 1, -9.685754776000977e-08, 1.1175870895385742e-07, 6.705523247774181e-08, -0.014008112251758575, -0.9999018907546997, 1.6391278734317893e-07, 0.9999018907546997, -0.014008134603500366),
            ["LeftHand"] = CFrame.new(0, 0, -3.725290298461914e-08, 0.8102949261665344, 0.301280677318573, 0.5026451945304871, -0.2531234323978424, 0.953521192073822, -0.16348110139369965, -0.5285365581512451, 0.005236463155597448, 0.8488944172859192),
            ["RightUpperLeg"] = CFrame.new(-8.940696716308594e-08, 4.9709342420101166e-08, 6.686605047434568e-09, 0.9961239695549011, 0.028737466782331467, -0.08313343673944473, -0.03685121238231659, 0.9945263266563416, -0.097772978246212, 0.07986867427825928, 0.10045752674341202, 0.9917304515838623),
            ["LeftUpperLeg"] = CFrame.new(0, -6.472691893577576e-08, -7.450580596923828e-09, 0.9313005805015564, 0.33594053983688354, 0.14079491794109344, -0.18238459527492523, 0.7646562457084656, -0.6180912852287292, -0.3153015077114105, 0.5499500036239624, 0.7733951210975647),
            ["RightLowerLeg"] = CFrame.new(1.7695128917694092e-08, 4.172325134277344e-07, 2.4047039914876223e-08, 1, -7.171185245624656e-08, -1.0244550985305523e-08, 7.357449050005016e-08, 0.8754333257675171, 0.4833385944366455, -1.5366824257512235e-08, -0.4833390414714813, 0.875433623790741),
            ["RightFoot"] = CFrame.new(5.9138983488082886e-08, 3.5762786865234375e-07, -5.75528247281909e-09, 0.9787325263023376, -0.016905050724744797, -0.20444312691688538, -0.05841446295380592, 0.9323738217353821, -0.35674458742141724, 0.19664819538593292, 0.3611002266407013, 0.9115571975708008),
            ["LeftLowerLeg"] = CFrame.new(7.450580596923828e-08, -5.960464477539063e-08, 4.0978193283081055e-08, 1, 8.754432911928234e-08, 5.960465898624534e-08, -7.450579886381092e-08, 0.2175157517194748, 0.9760568737983704, 7.450579886381092e-08, -0.9760568737983704, 0.21751590073108673)
        }},
        [6] = {Time = 0.167, Data = {
            ["LeftFoot"] = CFrame.new(1.0244548320770264e-07, -2.980232238769531e-07, -1.862645149230957e-08, 0.9947932958602905, -0.09691081196069717, 0.03153929114341736, 0.09694615751504898, 0.9952896237373352, 0.00041096843779087067, -0.03143055737018585, 0.0026485901325941086, 0.999502420425415),
            ["LeftLowerArm"] = CFrame.new(0, 2.384185791015625e-07, -1.4901161193847656e-08, 1, -5.960463766996327e-08, 1.0058283805847168e-07, 4.470348358154297e-08, 0.4494372010231018, -0.8933119773864746, 6.705522537231445e-08, 0.8933119773864746, 0.4494371712207794),
            ["LowerTorso"] = CFrame.new(0.09067226201295853, -0.0458599328994751, -0.0731864720582962, 0.9980728626251221, -0.01859471946954727, -0.05920322611927986, 0.014996286481618881, 0.9980461597442627, -0.06065554916858673, 0.06021542847156525, 0.05965082347393036, 0.9964014887809753),
            ["Head"] = CFrame.new(1.6763806343078613e-08, 1.1920928955078125e-07, 1.4784745872020721e-08, 0.937523365020752, 0.049354683607816696, 0.3444039821624756, -0.0933297723531723, 0.9892828464508057, 0.11229008436203003, -0.33517080545425415, -0.13741761445999146, 0.9320820569992065),
            ["RightUpperArm"] = CFrame.new(0, 0, 3.4458935260772705e-08, 0.370352178812027, -0.7808078527450562, -0.5031684041023254, 0.3515101969242096, 0.6192100048065186, -0.7021535038948059, 0.8598138093948364, 0.08317524939775467, 0.5037878155708313),
            ["UpperTorso"] = CFrame.new(2.3283064365386963e-09, -5.960464477539063e-08, 4.656612873077393e-10, 0.9929622411727905, -0.04727822542190552, -0.10858607292175293, 0.06252528727054596, 0.9879459142684937, 0.1416105479001999, 0.1005820482969284, -0.1474032998085022, 0.9839489459991455),
            ["HumanoidRootPart"] = CFrame.new(0, 0, 0, 1, 0, 0, 0, 1, 0, 0, 0, 1),
            ["RightHand"] = CFrame.new(2.086162567138672e-07, 2.384185791015625e-07, 1.457519829273224e-07, 0.6832932829856873, -0.03740682825446129, -0.7291849255561829, 0.04294731840491295, 0.9990168213844299, -0.011004420928657055, 0.7288799285888672, -0.023797186091542244, 0.6842283010482788),
            ["LeftUpperArm"] = CFrame.new(-1.1920928955078125e-07, 4.76837158203125e-07, 4.470348358154297e-08, 0.4586600363254547, 0.8682082891464233, 0.1893293261528015, -0.5826838612556458, 0.4547103941440582, -0.673585832118988, -0.6709027290344238, 0.19862785935401917, 0.7144485712051392),
            ["RightLowerArm"] = CFrame.new(0, 2.980232238769531e-07, 1.341104507446289e-07, 1, -1.0430811414607888e-07, 7.450581307466564e-08, 5.21540641784668e-08, -0.12130911648273468, -0.9926148653030396, 1.4156103134155273e-07, 0.9926148653030396, -0.12130902707576752),
            ["LeftHand"] = CFrame.new(0, -1.1920928955078125e-07, -1.4901161193847656e-08, 0.9159561991691589, 0.1811600923538208, 0.3580574095249176, -0.0370207242667675, 0.926636815071106, -0.3741302490234375, -0.3995668292045593, 0.3294316232204437, 0.8554656505584717),
            ["RightUpperLeg"] = CFrame.new(-2.9802322387695312e-08, 2.0256265997886658e-08, 1.6931153368204832e-08, 0.9925295114517212, 0.02818174473941326, -0.1187053993344307, -0.0201780516654253, 0.9974748492240906, 0.06809500604867935, 0.12032462656497955, -0.06519121676683426, 0.9905918836593628),
            ["LeftUpperLeg"] = CFrame.new(-5.960464477539063e-08, 1.210719347000122e-08, 1.1175870895385742e-08, 0.9489948749542236, 0.29484108090400696, 0.11170362681150436, -0.17540806531906128, 0.7881116271018982, -0.5900102257728577, -0.2619941830635071, 0.5403228998184204, 0.7996313571929932),
            ["RightLowerLeg"] = CFrame.new(-5.727633833885193e-08, 1.1920928955078125e-07, 1.7062120605260134e-08, 1, -3.259629011154175e-08, -1.3737014192827246e-08, 4.0570736103973104e-08, 0.9635390043258667, 0.2675679922103882, -1.7229465854029513e-08, -0.26756802201271057, 0.9635390639305115),
            ["RightFoot"] = CFrame.new(2.1187588572502136e-08, 3.5762786865234375e-07, -5.75528247281909e-09, 0.9791562557220459, -0.016447866335511208, -0.20244142413139343, -0.039619650691747665, 0.9621014595031738, -0.2697980999946594, 0.1992068737745285, 0.27219557762145996, 0.9413961172103882),
            ["LeftLowerLeg"] = CFrame.new(-2.9802322387695312e-08, 0, 2.60770320892334e-08, 1, 4.936010356004772e-08, 2.980232594040899e-08, -6.70552182668871e-08, 0.23849892616271973, 0.9711428880691528, 5.960463766996327e-08, -0.9711427688598633, 0.23849879205226898)
        }},
        [7] = {Time = 0.200, Data = {
            ["LeftFoot"] = CFrame.new(-1.3969838619232178e-09, -1.1920928955078125e-07, 4.0978193283081055e-08, 0.9939081072807312, -0.09833600372076035, 0.049766071140766144, 0.09899080544710159, 0.9950290322303772, -0.010862241499125957, -0.0484505221247673, 0.015722282230854034, 0.9987018704414368),
            ["LeftLowerArm"] = CFrame.new(0, -3.5762786865234375e-07, 7.450580596923828e-08, 1, -7.450579886381092e-08, 2.2351741790771484e-08, 8.940694584680386e-08, 0.4999504089355469, -0.866054117679596, 2.9802315282267955e-08, 0.8660539984703064, 0.4999502897262573),
            ["LowerTorso"] = CFrame.new(0.09372442215681076, -0.02080702781677246, -0.07927369326353073, 0.9998021125793457, -0.012875325977802277, -0.015166576951742172, 0.012011795304715633, 0.9983745813369751, -0.055713314563035965, 0.015859249979257584, 0.055520106106996536, 0.998331606388092),
            ["Head"] = CFrame.new(1.30385160446167e-08, -1.1920928955078125e-07, -4.889443516731262e-09, 0.9374834895133972, 0.04694201052188873, 0.3448496460914612, -0.08986301720142365, 0.9899114370346069, 0.10954547673463821, -0.33622825145721436, -0.13368618488311768, 0.932243824005127),
            ["RightUpperArm"] = CFrame.new(1.1920928955078125e-07, 1.1920928955078125e-07, 0, 0.46166732907295227, -0.7662262916564941, -0.44694602489471436, 0.3453662395477295, 0.6193600296974182, -0.7050641179084778, 0.8170590400695801, 0.1711449921131134, 0.5505669116973877),
            ["UpperTorso"] = CFrame.new(3.6088749766349792e-09, 0, 8.149072527885437e-09, 0.9937402009963989, -0.03209301084280014, -0.10700761526823044, 0.047488365322351456, 0.9883519411087036, 0.1445869356393814, 0.1011209636926651, -0.14876344799995422, 0.98368901014328),
            ["HumanoidRootPart"] = CFrame.new(0, 0, 0, 1, 0, 0, 0, 1, 0, 0, 0, 1),
            ["RightHand"] = CFrame.new(1.1175870895385742e-07, -3.5762786865234375e-07, -1.043081283569336e-07, 0.6503996849060059, 0.049748726189136505, -0.7579615712165833, -0.031993500888347626, 0.9987616539001465, 0.03810032084584236, 0.7589181661605835, -0.0005307570681907237, 0.6511855125427246),
            ["LeftUpperArm"] = CFrame.new(-3.5762786865234375e-07, -3.5762786865234375e-07, -5.21540641784668e-08, 0.4969082176685333, 0.8670887351036072, 0.03520461171865463, -0.621707022190094, 0.3840022683143616, -0.6826587319374084, -0.6054442524909973, 0.3173317015171051, 0.7298888564109802),
            ["RightLowerArm"] = CFrame.new(-2.9802322387695312e-08, -1.1920928955078125e-07, -1.6391277313232422e-07, 1, -1.4156101713069802e-07, 1.043080928297968e-07, 9.872017159295865e-08, -0.19194626808166504, -0.98140549659729, 7.450579175838357e-08, 0.98140549659729, -0.19194617867469788),
            ["LeftHand"] = CFrame.new(2.086162567138672e-07, 1.1920928955078125e-07, -1.1920928955078125e-07, 0.94581538438797, 0.08439607918262482, 0.3135450482368469, 0.15047940611839294, 0.7417484521865845, -0.6535785794258118, -0.28773123025894165, 0.6653469800949097, 0.68885737657547),
            ["RightUpperLeg"] = CFrame.new(-5.960464477539063e-08, 1.9790604710578918e-07, -7.639755494892597e-10, 0.9854180216789246, 0.049366071820259094, -0.16283269226551056, -0.01316127274185419, 0.976234495639801, 0.21631699800491333, 0.1696416735649109, -0.21101975440979004, 0.9626486897468567),
            ["LeftUpperLeg"] = CFrame.new(5.960464477539063e-08, 2.1141022443771362e-07, 4.190951585769653e-09, 0.9639617800712585, 0.25528910756111145, 0.07486852258443832, -0.16439974308013916, 0.7928602695465088, -0.5868093967437744, -0.20916637778282166, 0.5533534288406372, 0.8062564730644226),
            ["RightLowerLeg"] = CFrame.new(4.842877388000488e-08, 2.384185791015625e-07, -2.0656443666666746e-08, 1, 0, 2.3283067140944524e-10, 9.313225746154785e-10, 0.9999870657920837, 0.005086472723633051, -1.8510036170482635e-08, -0.005086460150778294, 0.9999871253967285),
            ["RightFoot"] = CFrame.new(-1.4202669262886047e-08, 4.172325134277344e-07, 9.145878721028566e-09, 0.9803613424301147, -0.014772506430745125, -0.19665588438510895, -0.01809520088136196, 0.9862456917762756, -0.16429275274276733, 0.19637803733348846, 0.16462500393390656, 0.9666097164154053),
            ["LeftLowerLeg"] = CFrame.new(-7.450580596923828e-09, 1.1920928955078125e-07, 4.470348358154297e-08, 1, 8.56816981809061e-08, 6.705523958316917e-08, -6.705522537231445e-08, 0.2558884024620056, 0.966706395149231, 6.705522537231445e-08, -0.966706395149231, 0.2558882236480713)
        }},
        [8] = {Time = 0.233, Data = {
            ["LeftFoot"] = CFrame.new(1.0826624929904938e-08, -5.960464477539063e-08, -2.3748725652694702e-08, 0.9932012557983398, -0.08933970332145691, 0.07463060319423676, 0.09291989356279373, 0.9946125149726868, -0.04595674201846123, -0.07012277096509933, 0.052578844130039215, 0.9961518049240112),
            ["LeftLowerArm"] = CFrame.new(-3.2782554626464844e-07, 1.1920928955078125e-07, -3.2782554626464844e-07, 1, -8.940694584680386e-08, -6.28642649047606e-09, 1.341104365337742e-07, 0.45334887504577637, -0.8913331031799316, 5.5879347371501353e-08, 0.8913331031799316, 0.45334896445274353),
            ["LowerTorso"] = CFrame.new(0.0942334458231926, -0.013934850692749023, -0.08107292652130127, 0.9994063377380371, -0.004679650068283081, 0.034133367240428925, 0.006121951155364513, 0.9990873336791992, -0.04227352887392044, -0.033904388546943665, 0.042457398027181625, 0.9985228180885315),
            ["Head"] = CFrame.new(9.313225746154785e-09, 0, -3.702007234096527e-08, 0.9445300698280334, 0.04967428743839264, 0.324646919965744, -0.08622876554727554, 0.9913251996040344, 0.09919183701276779, -0.31690341234207153, -0.12168349325656891, 0.940619707107544),
            ["RightUpperArm"] = CFrame.new(-5.960464477539063e-08, 1.1920928955078125e-07, -3.725290298461914e-08, 0.5132490992546082, -0.7547705769538879, -0.40853002667427063, 0.3197265565395355, 0.6098977327346802, -0.725120484828949, 0.7964611053466797, 0.24154962599277496, 0.5543497204780579),
            ["UpperTorso"] = CFrame.new(-2.7939677238464355e-09, 2.384185791015625e-07, 3.026798367500305e-09, 0.9945833086967468, -0.025851644575595856, -0.10067737102508545, 0.040358543395996094, 0.9886316061019897, 0.14484065771102905, 0.09578847885131836, -0.14811928570270538, 0.9843196868896484),
            ["HumanoidRootPart"] = CFrame.new(0, 0, 0, 1, 0, 0, 0, 1, 0, 0, 0, 1),
            ["RightHand"] = CFrame.new(-8.940696716308594e-08, 2.384185791015625e-07, -1.30385160446167e-08, 0.6235044598579407, 0.11269038170576096, -0.7736559510231018, -0.09639380872249603, 0.993087887763977, 0.06696708500385284, 0.7758547067642212, 0.032821428030729294, 0.6300570964813232),
            ["LeftUpperArm"] = CFrame.new(0, 3.5762786865234375e-07, -5.21540641784668e-08, 0.516014575958252, 0.8547890782356262, -0.055358827114105225, -0.6418882012367249, 0.34307926893234253, -0.6857669353485107, -0.5671935677528381, 0.38939982652664185, 0.7257128357887268),
            ["RightLowerArm"] = CFrame.new(-1.7881393432617188e-07, -5.364418029785156e-07, 2.980232238769531e-07, 1, -7.450579175838357e-08, 7.450579175838357e-08, 6.705522537231445e-08, -0.22136172652244568, -0.9751917719841003, 8.940696716308594e-08, 0.9751917719841003, -0.22136178612709045),
            ["LeftHand"] = CFrame.new(4.172325134277344e-07, 1.7881393432617188e-07, 7.846392691135406e-08, 0.9569078087806702, -0.028321776539087296, 0.2890074551105499, 0.2308642566204071, 0.6779008507728577, -0.6979628801345825, -0.17615094780921936, 0.7346075177192688, 0.6552271246910095),
            ["RightUpperLeg"] = CFrame.new(0, -3.934837877750397e-08, 1.3205863069742918e-08, 0.9737685322761536, 0.05171486735343933, -0.2215864658355713, -0.002611541887745261, 0.9763062000274658, 0.21637816727161407, 0.2275262176990509, -0.2101237177848816, 0.9508311748504639),
            ["LeftUpperLeg"] = CFrame.new(0, 2.2421590983867645e-07, 2.7939677238464355e-09, 0.9770851135253906, 0.2076173722743988, 0.04690123721957207, -0.14389871060848236, 0.8066961169242859, -0.5731793642044067, -0.1568370759487152, 0.5532960295677185, 0.8180866837501526),
            ["RightLowerLeg"] = CFrame.new(-1.210719347000122e-08, 2.384185791015625e-07, 3.149762051180005e-08, 1, -3.725292518907963e-09, 2.6077040971017595e-08, -4.656613428188905e-10, 0.9999871253967285, 0.0050924066454172134, 2.0954760149294316e-09, -0.005092398729175329, 0.9999871253967285),
            ["RightFoot"] = CFrame.new(9.66247171163559e-09, 4.172325134277344e-07, -1.3205863069742918e-08, 0.9823317527770996, -0.01040564849972725, -0.18685905635356903, -0.023477064445614815, 0.9837139844894409, -0.17820096015930176, 0.18567010760307312, 0.179439514875412, 0.9660891890525818),
            ["LeftLowerLeg"] = CFrame.new(0, -5.960464477539063e-08, 1.1175870895385742e-07, 1, 9.406359424701805e-08, 6.705523247774181e-08, -8.195637946073475e-08, 0.3034152686595917, 0.9528584480285645, 3.725289943190546e-08, -0.9528584480285645, 0.3034152090549469)
        }},
        [9] = {Time = 0.267, Data = {
            ["LeftFoot"] = CFrame.new(5.3085386753082275e-08, -5.960464477539063e-08, 0, 0.9922674298286438, -0.06333638727664948, 0.1067424863576889, 0.07748183608055115, 0.987939178943634, -0.1340629905462265, -0.09696408361196518, 0.14129695296287537, 0.985207200050354),
            ["LeftLowerArm"] = CFrame.new(-8.940696716308594e-08, -5.960464477539063e-08, 0, 1, -1.341104365337742e-07, -1.8626449271863521e-09, 7.450580596923828e-08, 0.38399526476860046, -0.9233350157737732, 5.774199962615967e-08, 0.9233350157737732, 0.38399526476860046),
            ["LowerTorso"] = CFrame.new(0.08810808509588242, -0.02795231342315674, -0.0733301118016243, 0.9955406785011292, 0.025734206661581993, 0.090755395591259, -0.02391323447227478, 0.9994915127754211, -0.021095391362905502, -0.09125211089849472, 0.018831072375178337, 0.9956497550010681),
            ["Head"] = CFrame.new(2.1886080503463745e-08, 1.1920928955078125e-07, -4.452886059880257e-09, 0.9562031626701355, 0.047018829733133316, 0.2889026999473572, -0.07023952901363373, 0.9950332045555115, 0.07053579390048981, -0.28415122628211975, -0.08773883432149887, 0.9547565579414368),
            ["RightUpperArm"] = CFrame.new(0, 0, -7.450580596923828e-08, 0.4374025762081146, -0.7720065712928772, -0.4611774682998657, 0.3081480860710144, 0.6104617118835449, -0.729644775390625, 0.8448216915130615, 0.1770375669002533, 0.504909873008728),
            ["UpperTorso"] = CFrame.new(7.450580596923828e-09, 1.7881393432617188e-07, 5.587935447692871e-09, 0.9952961206436157, -0.04954000934958458, -0.08325541019439697, 0.061558015644550323, 0.986976146697998, 0.14862261712551117, 0.07480833679437637, -0.1530485302209854, 0.9853830933570862),
            ["HumanoidRootPart"] = CFrame.new(0, 0, 0, 1, 0, 0, 0, 1, 0, 0, 0, 1),
            ["RightHand"] = CFrame.new(2.086162567138672e-07, -1.7881393432617188e-07, -3.762543201446533e-07, 0.5744083523750305, 0.17931662499904633, -0.7986868619918823, -0.20464089512825012, 0.9761861562728882, 0.07199183106422424, 0.792576253414154, 0.12209120392799377, 0.5974249243736267),
            ["LeftUpperArm"] = CFrame.new(5.960464477539063e-08, 4.76837158203125e-07, -6.146728992462158e-08, 0.5128833055496216, 0.8561777472496033, -0.06253392994403839, -0.6111119389533997, 0.3129775822162628, -0.72704017162323, -0.6029038429260254, 0.4111019968986511, 0.6837412714958191),
            ["RightLowerArm"] = CFrame.new(-8.940696716308594e-08, 2.384185791015625e-07, -5.960464477539063e-08, 1, -8.195637946073475e-08, 1.1920928955078125e-07, 8.195639367158947e-08, -0.2178007811307907, -0.9759933352470398, 1.0430814256778831e-07, 0.975993275642395, -0.21780073642730713),
            ["LeftHand"] = CFrame.new(-8.940696716308594e-08, 2.384185791015625e-07, -1.6763806343078613e-07, 0.9080005884170532, -0.12076455354690552, 0.40118688344955444, 0.37895667552948, 0.645105242729187, -0.6634990572929382, -0.17868059873580933, 0.754490077495575, 0.6315205097198486),
            ["RightUpperLeg"] = CFrame.new(1.1920928955078125e-07, 5.080364644527435e-07, 5.75528247281909e-09, 0.9581138491630554, 0.007927327416837215, -0.2862778604030609, 0.030079465359449387, 0.9913024306297302, 0.12811987102031708, 0.2848035395145416, -0.13136468827724457, 0.9495421648025513),
            ["LeftUpperLeg"] = CFrame.new(0, 3.7939753383398056e-07, 3.725290298461914e-09, 0.9901701211929321, 0.13423725962638855, 0.03928693011403084, -0.09110435098409653, 0.8321184515953064, -0.5470640063285828, -0.1061277985572815, 0.5381072163581848, 0.8361683487892151),
            ["RightLowerLeg"] = CFrame.new(-9.720679372549057e-08, 1.1920928955078125e-07, 1.985608832910657e-08, 1, -2.46800535563807e-08, -1.9004803064603948e-08, 2.270098420353861e-08, 0.9895260334014893, 0.14435483515262604, 7.130437351676733e-10, -0.1443549543619156, 0.9895259737968445),
