return {
    ["Invader"] = {
        {Time = 0.000, Data = {
            ["RightFoot"] = CFrame.new(1.341104507446289e-07, 2.384185791015625e-07, 1.6596459317952394e-08, 0.9780092239379883, -0.20838963985443115, 0.008472451940178871, 0.16838812828063965, 0.7650018930435181, -0.6216246485710144, 0.12305868417024612, 0.6093816757202148, 0.7832695245742798),
            ["LeftLowerArm"] = CFrame.new(3.5762786865234375e-07, -1.1920928955078125e-07, -2.980232238769531e-07, 1, -5.0291429687376876e-08, 9.685754776000977e-08, 1.0803340444454079e-07, -0.20264621078968048, -0.9792520403862, 7.4505797087454084e-09, 0.9792520999908447, -0.20264622569084167),
            ["RightUpperArm"] = CFrame.new(-5.960464477539063e-08, -1.1920928955078125e-07, -2.9802322387695312e-08, 0.4439525306224823, -0.8516173958778381, -0.2786647081375122, 0.8522017002105713, 0.49738460779190063, -0.16236090660095215, 0.2768729329109192, -0.16539786756038666, 0.946564793586731),
            ["Head"] = CFrame.new(-1.4901161193847656e-07, -1.1920928955078125e-07, -1.1920928955078125e-07, 0.9144968390464783, -0.2275402843952179, 0.3345460891723633, 0.24882256984710693, 0.9683088064193726, -0.02157619595527649, -0.31903454661369324, 0.10297423601150513, 0.9421323537826538),
            ["LowerTorso"] = CFrame.new(3.224395275115967, -0.8177998065948486, 2.252779006958008, 0.8731077313423157, 0.4839346408843994, 0.05907865986227989, -0.45143410563468933, 0.7567523717880249, 0.4727930426597595, 0.18409296870231628, -0.4394693374633789, 0.8791909217834473),
            ["UpperTorso"] = CFrame.new(5.960464477539063e-08, 2.980232238769531e-07, 2.086162567138672e-07, 0.9918789267539978, 0.10083939135074615, 0.07750951498746872, -0.1271570473909378, 0.7731906175613403, 0.6212949156761169, 0.0027213471475988626, -0.6261051297187805, 0.7797338962554932),
            ["HumanoidRootPart"] = CFrame.new(0, 0, 0, 1, 0, 0, 0, 1, 0, 0, 0, 1),
            ["RightUpperLeg"] = CFrame.new(1.1920928955078125e-07, 5.960464477539062e-07, 2.8142676455900073e-07, 0.7763588428497314, -0.10477262735366821, 0.6215218901634216, 0.5149127244949341, -0.463263601064682, -0.7212849259376526, 0.3634994328022003, 0.8800054788589478, -0.3057101368904114),
            ["LeftUpperArm"] = CFrame.new(0, -2.384185791015625e-07, -2.384185791015625e-07, 0.6423699855804443, 0.6685178279876709, 0.37475958466529846, -0.5082662105560303, 0.737592339515686, -0.4445481598377228, -0.5736081600189209, 0.09508676826953888, 0.8135921359062195),
            ["RightLowerArm"] = CFrame.new(4.172325134277344e-07, -3.5762786865234375e-07, 3.5762786865234375e-07, 1, -1.4901162970204496e-08, 5.960465188081798e-08, 1.2665985593685036e-07, 0.6679385900497437, -0.7442164421081543, 6.70552182668871e-08, 0.7442163825035095, 0.6679384708404541),
            ["LeftHand"] = CFrame.new(-3.650784492492676e-07, -1.7881393432617188e-07, 2.738088369369507e-07, 0.9921842217445374, 0.1227044016122818, 0.022675810381770134, -0.11478463560342789, 0.9687660336494446, -0.21981117129325867, -0.04893936589360237, 0.21549029648303986, 0.975278913974762),
            ["LeftFoot"] = CFrame.new(-1.4156103134155273e-07, 1.7881393432617188e-07, -2.868473529815674e-07, 0.9593152403831482, -0.27254194021224976, -0.07372485846281052, 0.2810642719268799, 0.9466256499290466, 0.15780557692050934, 0.02678097039461136, -0.17210692167282104, 0.9847142696380615),
            ["RightHand"] = CFrame.new(0.0000010058283805847168, -5.960464477539063e-08, 5.21540641784668e-08, 0.8856773376464844, -0.35947421193122864, -0.29386046528816223, 0.40167874097824097, 0.9106681942939758, 0.09663107991218567, 0.23287333548069, -0.20362141728401184, 0.9509513974189758),
            ["RightLowerLeg"] = CFrame.new(4.917383193969727e-07, -0.00006031990051269531, -0.00007202306733233854, 1, -1.4156101713069802e-07, -2.533198539822479e-07, 1.6763806343078613e-07, -0.7668347954750061, 0.6418443322181702, -2.1606683731079102e-07, -0.641844630241394, -0.7668350338935852),
            ["LeftUpperLeg"] = CFrame.new(-5.960464477539063e-08, 7.152557373046875e-07, 3.8743019104003906e-07, 0.9057657122612, 0.422627717256546, 0.03121257945895195, -0.21941381692886353, 0.5307037234306335, -0.8186643719673157, -0.3625548183917999, 0.7346696257591248, 0.5734233260154724),
            ["LeftLowerLeg"] = CFrame.new(1.2665987014770508e-07, 0.00006091594696044922, 0.00007238984107971191, 1, 6.984918599073353e-08, 8.754431490842762e-08, 0, 0.8997161388397217, 0.4364756941795349, -7.4505797087454084e-09, -0.4364754259586334, 0.8997160792350769),
        }},
        {Time = 0.033, Data = {
            ["RightFoot"] = CFrame.new(5.140900611877441e-07, 2.980232238769531e-07, -2.8107024263590574e-08, 0.9922370910644531, -0.12392241507768631, -0.010429616086184978, 0.09863437712192535, 0.8352817893028259, -0.5409023761749268, 0.07574167102575302, 0.5356748104095459, 0.8410207629203796),
            ["LeftLowerArm"] = CFrame.new(4.172325134277344e-07, -1.1920928955078125e-07, 2.086162567138672e-07, 1, -2.0489101970611046e-08, 1.2107194891086692e-07, 1.1175872316471214e-07, -0.26143208146095276, -0.9652220010757446, 1.4901162970204496e-08, 0.9652220010757446, -0.261432021856308),
            ["RightUpperArm"] = CFrame.new(-3.5762786865234375e-07, -2.384185791015625e-07, 8.940696716308594e-08, 0.40968745946884155, -0.9005409479141235, -0.14554104208946228, 0.8956549763679504, 0.42736488580703735, -0.12313298881053925, 0.17308539152145386, -0.07990846782922745, 0.9816599488258362),
            ["Head"] = CFrame.new(-4.172325134277344e-07, -1.1920928955078125e-07, 8.940696716308594e-08, 0.8835933208465576, -0.2803264260292053, 0.37507298588752747, 0.2902020812034607, 0.9564568996429443, 0.031192608177661896, -0.36748552322387695, 0.08128548413515091, 0.9264703989028931),
            ["LowerTorso"] = CFrame.new(2.684988498687744, -0.8177996873855591, 1.9562987089157104, 0.8714160323143005, 0.4865646958351135, 0.06236185133457184, -0.4549679756164551, 0.7541278004646301, 0.4735984802246094, 0.1834074705839157, -0.4410739839076996, 0.8785303235054016),
            ["UpperTorso"] = CFrame.new(0, -5.960464477539063e-08, -4.470348358154297e-08, 0.9919034838676453, 0.10610975325107574, 0.06977277249097824, -0.12685731053352356, 0.8024024367332458, 0.5831446051597595, 0.005891513079404831, -0.5872743129730225, 0.8093665838241577),
            ["HumanoidRootPart"] = CFrame.new(0, 0, 0, 1, 0, 0, 0, 1, 0, 0, 0, 1),
            ["RightUpperLeg"] = CFrame.new(1.1920928955078125e-07, 0, -7.620110409334302e-08, 0.7287442088127136, -0.14206740260124207, 0.6698871850967407, 0.5591664910316467, -0.4412534236907959, -0.7018749713897705, 0.395303338766098, 0.886065661907196, -0.24212174117565155),
            ["LeftUpperArm"] = CFrame.new(-1.1920928955078125e-07, -1.1920928955078125e-07, 0, 0.6503673791885376, 0.6306405663490295, 0.42345577478408813, -0.5255666971206665, 0.7760640382766724, -0.34857484698295593, -0.548454225063324, 0.004147306550294161, 0.8361703753471375),
            ["RightLowerArm"] = CFrame.new(-2.384185791015625e-07, 5.960464477539062e-07, -1.7881393432617188e-07, 1, -2.514570596190424e-08, 1.1175872316471214e-07, 8.195638656616211e-08, 0.6350148320198059, -0.7724999785423279, 1.4901161193847656e-08, 0.7724999189376831, 0.6350149512290955),
            ["LeftHand"] = CFrame.new(-2.0116567611694336e-07, -2.980232238769531e-07, -2.421438694000244e-08, 0.9916267991065979, 0.10653579980134964, 0.07298298925161362, -0.08509334921836853, 0.9641714096069336, -0.25126224756240845, -0.09713645279407501, 0.24294795095920563, 0.9651637077331543),
            ["LeftFoot"] = CFrame.new(-1.816079020500183e-08, -1.7881393432617188e-07, 1.0058283805847168e-07, 0.9853097200393677, -0.16896182298660278, 0.02483665756881237, 0.1624819040298462, 0.9722577333450317, 0.16826914250850677, -0.05257862061262131, -0.16176170110702515, 0.9854282140731812),
            ["RightHand"] = CFrame.new(2.9802322387695312e-08, -5.960464477539063e-08, 2.6635825634002686e-07, 0.8418735861778259, -0.4307030737400055, -0.32518255710601807, 0.5065202713012695, 0.8385463953018188, 0.20069167017936707, 0.1862419843673706, -0.33366867899894714, 0.9241099953651428),
            ["RightLowerLeg"] = CFrame.new(6.407499313354492e-07, -0.00006008148193359375, -0.00007204541907412931, 1, -7.823108916227284e-08, -2.160669083650646e-07, 1.0803343286625022e-07, -0.7583252787590027, 0.6518760919570923, -2.533197687171196e-07, -0.6518763899803162, -0.7583256363868713),
            ["LeftUpperLeg"] = CFrame.new(2.9802322387695312e-08, -1.1920928955078125e-07, 1.4901161193847656e-08, 0.9266611933708191, 0.37589552998542786, 0.0013606995344161987, -0.22462227940559387, 0.5566368103027344, -0.7998126745223999, -0.3014034032821655, 0.7408495545387268, 0.6002481579780579),
            ["LeftLowerLeg"] = CFrame.new(-4.98257577419281e-08, 0.000060617923736572266, 0.00007200241088867188, 1, 1.3440148904919624e-07, 5.587935447692871e-09, -6.984920020158825e-08, 0.9329887628555298, 0.35990557074546814, 6.798655505235729e-08, -0.35990551114082336, 0.9329887628555298),
        }},
        {Time = 0.067, Data = {
            ["RightFoot"] = CFrame.new(2.8312206268310547e-07, 4.172325134277344e-07, -8.026108844205737e-08, 0.999321460723877, -0.033099714666604996, -0.0161544568836689, 0.022361258044838905, 0.8937563300132751, -0.4479950964450836, 0.02926662191748619, 0.447330117225647, 0.8938900828361511),
            ["LeftLowerArm"] = CFrame.new(-2.9802322387695312e-08, 2.384185791015625e-07, -2.9802322387695312e-08, 1, -8.568168397005138e-08, 1.1175868053214799e-07, 1.0058281674218961e-07, -0.33126479387283325, -0.9435377717018127, 1.5273685960437433e-07, 0.9435378313064575, -0.3312648832798004),
            ["RightUpperArm"] = CFrame.new(1.1920928955078125e-07, 1.1920928955078125e-07, 1.1920928955078125e-07, 0.36413687467575073, -0.9312492609024048, -0.01338888704776764, 0.9287155866622925, 0.3641507029533386, -0.06986871361732483, 0.06994077563285828, 0.013007359579205513, 0.9974663853645325),
            ["Head"] = CFrame.new(1.3783574104309082e-07, 1.1920928955078125e-07, 2.60770320892334e-07, 0.8399704098701477, -0.3393087387084961, 0.42346107959747314, 0.33079850673675537, 0.9387987852096558, 0.09606973826885223, -0.4301420748233795, 0.059384629130363464, 0.9008060097694397),
            ["LowerTorso"] = CFrame.new(2.119719982147217, -0.8177996873855591, 1.6480004787445068, 0.8679876923561096, 0.4919511675834656, 0.06768638640642166, -0.46201491355895996, 0.7500566840171814, 0.4732411801815033, 0.1820429265499115, -0.4420396089553833, 0.8783287405967712),
            ["UpperTorso"] = CFrame.new(2.086162567138672e-07, -2.384185791015625e-07, -1.7881393432617188e-07, 0.9917670488357544, 0.11353886127471924, 0.05922088772058487, -0.12749238312244415, 0.8321564793586731, 0.539686381816864, 0.011994371190667152, -0.5427933931350708, 0.8397806286811829),
            ["HumanoidRootPart"] = CFrame.new(0, 0, 0, 1, 0, 0, 0, 1, 0, 0, 0, 1),
            ["RightUpperLeg"] = CFrame.new(7.152557373046875e-07, -5.960464477539063e-08, -1.6596459317952394e-08, 0.6718104481697083, -0.18350417912006378, 0.717633068561554, 0.6085102558135986, -0.41569674015045166, -0.6759521961212158, 0.4223577678203583, 0.890798807144165, -0.16760528087615967),
            ["LeftUpperArm"] = CFrame.new(-3.5762786865234375e-07, 0, 1.6763806343078613e-07, 0.6595083475112915, 0.5868276357650757, 0.46976804733276367, -0.5426270961761475, 0.8041397929191589, -0.24272453784942627, -0.5201967358589172, -0.09483017772436142, 0.8487654328346252),
            ["RightLowerArm"] = CFrame.new(-2.086162567138672e-07, -4.172325134277344e-07, -5.066394805908203e-07, 1, -1.1548399925231934e-07, 2.8870999813079834e-08, 1.1920930376163597e-07, 0.6062237620353699, -0.7952942252159119, 5.960465188081798e-08, 0.7952941656112671, 0.6062236428260803),
            ["LeftHand"] = CFrame.new(-1.7881393432617188e-07, 2.384185791015625e-07, -5.960464477539063e-08, 0.9881903529167175, 0.0881510004401207, 0.12533628940582275, -0.05004086345434189, 0.9587612748146057, -0.2797730267047882, -0.14482992887496948, 0.27019694447517395, 0.9518498182296753),
            ["LeftFoot"] = CFrame.new(2.9802322387695312e-08, -1.7881393432617188e-07, 3.725290298461914e-09, 0.9921579957008362, -0.03371090814471245, 0.12035782635211945, 0.0020729592069983482, 0.9672479033470154, 0.2538253366947174, -0.12497276812791824, -0.2515853941440582, 0.9597325921058655),
            ["RightHand"] = CFrame.new(-1.341104507446289e-07, -1.1920928955078125e-07, 2.337619662284851e-07, 0.7847208976745605, -0.49442553520202637, -0.3738403916358948, 0.6050153970718384, 0.7421116828918457, 0.2884904146194458, 0.13479407131671906, -0.452563613653183, 0.8814854621887207),
            ["RightLowerLeg"] = CFrame.new(-5.21540641784668e-07, -0.000060558319091796875, -0.0000721050237189047, 1, -1.1548398504146462e-07, -2.458692165419052e-07, 1.1175870895385742e-07, -0.7495508193969727, 0.6619464755058289, -2.980232238769531e-07, -0.6619468331336975, -0.7495511174201965),
            ["LeftUpperLeg"] = CFrame.new(3.5762786865234375e-07, -2.384185791015625e-07, -6.705522537231445e-08, 0.9454504251480103, 0.3257443308830261, -0.003805899526923895, -0.23092639446258545, 0.6619163155555725, -0.7131197452545166, -0.22977538406848907, 0.6750981211662292, 0.7010318636894226),
            ["LeftLowerLeg"] = CFrame.new(-3.725290298461914e-08, 0.000060558319091796875, 0.00007221102714538574, 1, 2.2351741790771484e-08, 8.195639367158947e-08, 1.2852251529693604e-07, 0.9963260293006897, 0.08564164489507675, 1.4901161193847656e-08, -0.08564163744449615, 0.9963260889053345),
        }},
        {Time = 0.100, Data = {
            ["RightFoot"] = CFrame.new(2.9802322387695312e-08, 4.172325134277344e-07, -2.8107024263590574e-08, 0.9988228678703308, 0.04736011475324631, -0.010491537861526012, -0.04801085591316223, 0.9342857599258423, -0.35327768325805664, -0.006929212249815464, 0.35336554050445557, 0.9354597330093384),
            ["LeftLowerArm"] = CFrame.new(2.086162567138672e-07, 0, -8.940696716308594e-08, 1, -5.960463766996327e-08, 1.3224781980625266e-07, 4.4703490686970326e-08, -0.3933960497379303, -0.9193691611289978, 1.4528633585086936e-07, 0.9193691611289978, -0.3933960199356079),
            ["RightUpperArm"] = CFrame.new(1.1920928955078125e-07, 0, 1.043081283569336e-07, 0.31098008155822754, -0.9427415132522583, 0.12054012715816498, 0.9499651193618774, 0.3122307062149048, -0.00885428674519062, -0.02928900718688965, 0.11726227402687073, 0.9926690459251404),
            ["Head"] = CFrame.new(5.774199962615967e-08, 0, 1.30385160446167e-07, 0.7941814661026001, -0.39093416929244995, 0.46523788571357727, 0.36137935519218445, 0.9193405508995056, 0.15562118589878082, -0.4885497987270355, 0.04453592002391815, 0.8713987469673157),
            ["LowerTorso"] = CFrame.new(1.5673820972442627, -0.8178000450134277, 1.345611572265625, 0.8653759360313416, 0.4959249198436737, 0.07199268788099289, -0.4672827422618866, 0.7466696500778198, 0.4734250605106354, 0.18102853000164032, -0.44333159923553467, 0.8778870701789856),
            ["UpperTorso"] = CFrame.new(1.341104507446289e-07, -1.7881393432617188e-07, -1.341104507446289e-07, 0.9916689991950989, 0.11893884837627411, 0.049459170550107956, -0.127735435962677, 0.858452558517456, 0.49673226475715637, 0.01662244275212288, -0.49891167879104614, 0.8664934635162354),
            ["HumanoidRootPart"] = CFrame.new(0, 0, 0, 1, 0, 0, 0, 1, 0, 0, 0, 1),
            ["RightUpperLeg"] = CFrame.new(5.364418029785156e-07, 0, -2.4011387722566724e-07, 0.6202828288078308, -0.2239084541797638, 0.7517409324645996, 0.6511685848236084, -0.38731545209884644, -0.6526609063148499, 0.43729710578918457, 0.8943443298339844, -0.09444306790828705),
            ["LeftUpperArm"] = CFrame.new(5.960464477539063e-08, 0, 5.960464477539063e-08, 0.667395293712616, 0.5404764413833618, 0.5123171210289001, -0.5570027828216553, 0.8189119100570679, -0.1383158564567566, -0.49429911375045776, -0.19305065274238586, 0.8475848436355591),
            ["RightLowerArm"] = CFrame.new(5.960464477539062e-07, -2.384185791015625e-07, -3.2782554626464844e-07, 1, -1.1362133989223366e-07, -1.4901159417490817e-08, 4.470347647611561e-08, 0.5835174918174744, -0.8121005296707153, 4.470347647611561e-08, 0.8121006488800049, 0.5835175514221191),
            ["LeftHand"] = CFrame.new(-7.450580596923828e-08, 0, 0, 0.9812831878662109, 0.07099518924951553, 0.17900587618350983, -0.013222793117165565, 0.9522066712379456, -0.3051683008670807, -0.1921161562204361, 0.29708951711654663, 0.9353231191635132),
            ["LeftFoot"] = CFrame.new(-1.862645149230957e-08, 0, 6.705522537231445e-08, 0.9751692414283752, 0.09576278924942017, 0.1996854841709137, -0.14441178739070892, 0.9585698246955872, 0.24553872644901276, -0.16789917647838593, -0.2682786285877228, 0.9485971331596375),
            ["RightHand"] = CFrame.new(2.421438694000244e-08, 0, -2.0116567611694336e-07, 0.7233332395553589, -0.5476864576339722, -0.4205101728439331, 0.6870647072792053, 0.6315404772758484, 0.35930317640304565, 0.06878360360860825, -0.5488134026527405, 0.8331102132797241),
            ["RightLowerLeg"] = CFrame.new(-3.129243850708008e-07, -0.00006031990051269531, -0.00007214972720248625, 1, -1.0430809993522416e-07, -2.831220911048149e-07, 1.564622067462551e-07, -0.7410423755645752, 0.6714581251144409, -2.831220911048149e-07, -0.6714581847190857, -0.7410424947738647),
            ["LeftUpperLeg"] = CFrame.new(1.7881393432617188e-07, -5.960464477539063e-08, -2.086162567138672e-07, 0.9568384885787964, 0.2866297662258148, -0.04799575358629227, -0.2387487292289734, 0.6810960173606873, -0.6921759247779846, -0.16570840775966644, 0.673759400844574, 0.7201313376426697),
            ["LeftLowerLeg"] = CFrame.new(-3.3527612686157227e-08, 0.00006079673767089844, 0.00007195770740509033, 1, -4.0978196835794733e-08, 5.215405707303944e-08, 1.4901161193847656e-07, 0.9999829530715942, 0.0058435495011508465, -4.470348358154297e-08, -0.0058436025865375996, 0.999983012676239),
        }},
        {Time = 0.133, Data = {
            ["RightFoot"] = CFrame.new(7.450580596923828e-08, 3.5762786865234375e-07, -2.8107024263590574e-08, 0.9943838715553284, 0.10578708350658417, -0.0031365312170237303, -0.10271301865577698, 0.9574970602989197, -0.26953554153442383, -0.025510195642709732, 0.26834437251091003, 0.9629854559898376),
            ["LeftLowerArm"] = CFrame.new(2.682209014892578e-07, -1.7881393432617188e-07, -2.123415470123291e-07, 1, -6.332993507385254e-08, 1.2107190627830278e-07, 1.0430814256778831e-07, -0.4335629940032959, -0.9011232852935791, 1.266598843585598e-07, 0.9011233448982239, -0.4335629642009735),
            ["RightUpperArm"] = CFrame.new(-5.960464477539063e-08, 0, -1.2665987014770508e-07, 0.25240302085876465, -0.9324667453765869, 0.2584541141986847, 0.9601271152496338, 0.2745295464992523, 0.052816905081272125, -0.1202031746506691, 0.23481760919094086, 0.9645786285400391),
            ["Head"] = CFrame.new(-7.450580596923828e-09, 0, -7.450580596923828e-08, 0.7624363899230957, -0.4241369366645813, 0.4886702597141266, 0.38002991676330566, 0.9047552943229675, 0.1923413723707199, -0.5237060189247131, 0.03906150534749031, 0.8510030508041382),
            ["LowerTorso"] = CFrame.new(1.0667692422866821, -0.8178000450134277, 1.0668582916259766, 0.8662439584732056, 0.4943731129169464, 0.07222620397806168, -0.4655304551124573, 0.7461746335029602, 0.4759252965450287, 0.18139132857322693, -0.4458909034729004, 0.8765149712562561),
            ["UpperTorso"] = CFrame.new(-1.043081283569336e-07, 5.960464477539063e-08, 1.1175870895385742e-07, 0.9918936491012573, 0.11893557012081146, 0.044737111777067184, -0.12611791491508484, 0.8783826231956482, 0.46101871132850647, 0.015535278245806694, -0.46292370557785034, 0.886262059211731),
            ["HumanoidRootPart"] = CFrame.new(0, 0, 0, 1, 0, 0, 0, 1, 0, 0, 0, 1),
            ["RightUpperLeg"] = CFrame.new(-2.9802322387695312e-08, 1.7881393432617188e-07, 1.6221747500821948e-07, 0.5897216200828552, -0.2578091025352478, 0.7653515934944153, 0.6781853437423706, -0.3564821481704712, -0.6426392197608948, 0.4385124146938324, 0.8980284333229065, -0.03538303077220917),
            ["LeftUpperArm"] = CFrame.new(5.960464477539063e-08, 0, -8.940696716308594e-08, 0.6715503334999084, 0.49565309286117554, 0.5507705211639404, -0.5677807331085205, 0.8218206167221069, -0.04728744924068451, -0.4760727882385254, -0.2809608280658722, 0.8333161473274231),
            ["RightLowerArm"] = CFrame.new(-3.8743019104003906e-07, 5.960464477539063e-08, -5.21540641784668e-08, 1, -1.4156101713069802e-07, -7.450581485102248e-09, 3.725290298461914e-08, 0.5694501996040344, -0.8220258355140686, 6.705522537231445e-08, 0.8220257759094238, 0.569450318813324),
            ["LeftHand"] = CFrame.new(2.384185791015625e-07, 5.960464477539063e-08, 7.450580596923828e-09, 0.970942497253418, 0.05896958336234093, 0.23193420469760895, 0.020312698557972908, 0.9453602433204651, -0.32539430260658264, -0.2384495586156845, 0.3206503391265869, 0.9166925549507141),
            ["LeftFoot"] = CFrame.new(-1.862645149230957e-08, 5.960464477539063e-08, 2.421438694000244e-08, 0.9478949308395386, 0.18103480339050293, 0.26214802265167236, -0.24073028564453125, 0.9459841251373291, 0.2171708643436432, -0.20867255330085754, -0.2689621150493622, 0.9402740001678467),
            ["RightHand"] = CFrame.new(-6.891787052154541e-08, 0, -2.384185791015625e-07, 0.6692087054252625, -0.5937820672988892, -0.446746826171875, 0.7429075241088867, 0.521885871887207, 0.4191938638687134, -0.01575912907719612, -0.612419843673706, 0.7903757691383362),
            ["RightLowerLeg"] = CFrame.new(-1.6391277313232422e-07, -0.000060439109802246094, -0.00007209012255771086, 1, -1.313164261773636e-07, -2.793969144931907e-07, 7.450580596923828e-08, -0.7329128980636597, 0.6803223490715027, -2.7567148208618164e-07, -0.6803224682807922, -0.7329131364822388),
            ["LeftUpperLeg"] = CFrame.new(1.1920928955078125e-07, 1.1920928955078125e-07, 5.587935447692871e-08, 0.960721492767334, 0.2623105049133301, -0.09059493243694305, -0.24798032641410828, 0.664897620677948, -0.70456862449646, -0.12457935512065887, 0.6993598937988281, 0.703829288482666),
            ["LeftLowerLeg"] = CFrame.new(-2.2351741790771484e-08, 0.000060677528381347656, 0.00007220730185508728, 1, -3.725290653733282e-08, -7.4505797087454084e-09, 1.4901161193847656e-08, 0.9999828934669495, 0.005862428806722164, 3.725290298461914e-08, -0.005862408317625523, 0.9999828934669495),
        }},
        {Time = 0.167, Data = {
            ["RightFoot"] = CFrame.new(-1.4901161193847656e-08, 3.5762786865234375e-07, 1.287116901949048e-08, 0.9906725883483887, 0.13610567152500153, -0.006572225596755743, -0.13449124991893768, 0.9688889384269714, -0.20776551961898804, -0.02191026695072651, 0.2067115604877472, 0.9781566262245178),
            ["LeftLowerArm"] = CFrame.new(3.8743019104003906e-07, -5.960464477539063e-08, -1.4901161193847656e-07, 1, -8.568167686462402e-08, 1.2665985593685036e-07, 8.195637946073475e-08, -0.43607476353645325, -0.8999104499816895, 1.1920927533992653e-07, 0.8999105095863342, -0.4360748529434204),
            ["RightUpperArm"] = CFrame.new(-1.1920928955078125e-07, 0, -6.705522537231445e-08, 0.18858319520950317, -0.8963808417320251, 0.401170551776886, 0.9620559811592102, 0.2506497800350189, 0.10780969262123108, -0.19719184935092926, 0.36561739444732666, 0.9096369743347168),
            ["Head"] = CFrame.new(-4.842877388000488e-08, 0, -1.7881393432617188e-07, 0.7627890110015869, -0.42996516823768616, 0.4829936921596527, 0.3881937563419342, 0.9018324613571167, 0.18974696099758148, -0.5171639323234558, 0.04275832325220108, 0.8548176884651184),
            ["LowerTorso"] = CFrame.new(0.6566757559776306, -0.8178000450134277, 0.8294674754142761, 0.8731075525283813, 0.4831395745277405, 0.06526423990726471, -0.451434463262558, 0.7506428360939026, 0.4824337661266327, 0.1840926855802536, -0.45067915320396423, 0.873497724533081),
            ["UpperTorso"] = CFrame.new(-3.725290298461914e-08, -2.9802322387695312e-08, -8.940696716308594e-08, 0.9926146268844604, 0.11060614883899689, 0.04982638359069824, -0.12123563885688782, 0.8899676203727722, 0.43961313366889954, 0.004279982764273882, -0.4424070715904236, 0.8968042135238647),
            ["HumanoidRootPart"] = CFrame.new(0, 0, 0, 1, 0, 0, 0, 1, 0, 0, 0, 1),
            ["RightUpperLeg"] = CFrame.new(1.1920928955078125e-07, 0, -1.2835516827180982e-07, 0.5938630104064941, -0.2789728343486786, 0.7546529769897461, 0.6813287138938904, -0.3244984447956085, -0.6561188697814941, 0.42792293429374695, 0.9038113951683044, -0.0026357024908065796),
            ["LeftUpperArm"] = CFrame.new(0, 0, -2.9802322387695312e-08, 0.6696030497550964, 0.45701897144317627, 0.5854616761207581, -0.5749419331550598, 0.8179724216461182, 0.019051568582654, -0.4701845943927765, -0.3493635058403015, 0.8104762434959412),
            ["RightLowerArm"] = CFrame.new(-5.960464477539063e-08, 2.980232238769531e-07, 1.043081283569336e-07, 1, -4.4703497792397684e-08, 7.823110337312755e-08, 3.72529100900465e-08, 0.5669314861297607, -0.8237650394439697, 5.960465898624534e-08, 0.8237650394439697, 0.5669315457344055),
            ["LeftHand"] = CFrame.new(4.3585896492004395e-07, -1.1920928955078125e-07, -2.2351741790771484e-08, 0.958033561706543, 0.05573433265089989, 0.28118592500686646, 0.045786302536726, 0.9385710954666138, -0.34203511476516724, -0.28297609090805054, 0.3405556380748749, 0.896630585193634),
            ["LeftFoot"] = CFrame.new(8.847564458847046e-08, 5.960464477539063e-08, 3.3527612686157227e-08, 0.9306780695915222, 0.18837285041809082, 0.3136144280433655, -0.26464176177978516, 0.9385374188423157, 0.2216130942106247, -0.25259292125701904, -0.28924596309661865, 0.9233275651931763),
            ["RightHand"] = CFrame.new(-1.2665987014770508e-07, 0, -5.960464477539063e-08, 0.6326285004615784, -0.6407512426376343, -0.4349933862686157, 0.7652473449707031, 0.43083086609840393, 0.4783109426498413, -0.11906993389129639, -0.6354705095291138, 0.7628888487815857),
            ["RightLowerLeg"] = CFrame.new(-7.82310962677002e-08, -0.00006026029586791992, -0.00007227638707263395, 1, -7.264316082000732e-08, -2.607704345791717e-07, 5.960464477539063e-08, -0.7251580953598022, 0.6885820627212524, -2.8312206268310547e-07, -0.6885823607444763, -0.7251585125923157),
            ["LeftUpperLeg"] = CFrame.new(0, 2.2351741790771484e-08, -5.774199962615967e-08, 0.958860456943512, 0.2618265748023987, -0.10969790071249008, -0.25754374265670776, 0.6397954821586609, -0.7241083979606628, -0.11940662562847137, 0.7225708365440369, 0.680906355381012),
            ["LeftLowerLeg"] = CFrame.new(-1.1920928955078125e-07, 0.00006073713302612305, 0.00007215142250061035, 1, 1.0430814256778831e-07, 4.470347647611561e-08, -7.450579886381092e-08, 0.9999828338623047, 0.005865178070962429, 5.215405707303944e-08, -0.005865023471415043, 0.9999828338623047),
        }},
        {Time = 0.200, Data = {
            ["RightFoot"] = CFrame.new(1.043081283569336e-07, 2.980232238769531e-07, -7.281050784513354e-08, 0.9926066398620605, 0.11534640192985535, -0.037781696766614914, -0.12030185759067535, 0.9762687087059021, -0.18007433414459229, 0.016114331781864166, 0.1832883208990097, 0.982927143573761),
            ["LeftLowerArm"] = CFrame.new(3.2782554626464844e-07, 0, 1.4901161193847656e-08, 1, -8.568168397005138e-08, 1.266598843585598e-07, 7.450580596923828e-08, -0.3785306215286255, -0.9255889058113098, 1.043081283569336e-07, 0.925588846206665, -0.3785304129123688),
            ["RightUpperArm"] = CFrame.new(-5.960464477539063e-08, 0, -7.450580596923828e-08, 0.11434315890073776, -0.8134691715240479, 0.5702574849128723, 0.9598261117935181, 0.23851989209651947, 0.1477910429239273, -0.2562411427497864, 0.5304490923881531, 0.8080620765686035),
            ["Head"] = CFrame.new(-1.4901161193847656e-07, -1.1920928955078125e-07, -5.960464477539063e-08, 0.798018217086792, -0.40772905945777893, 0.44376128911972046, 0.38925594091415405, 0.9108949899673462, 0.13693197071552277, -0.4600510001182556, 0.06346255540847778, 0.8856216073036194),
            ["LowerTorso"] = CFrame.new(0.3846801519393921, -0.8178002834320068, 0.6510120034217834, 0.8889486193656921, 0.45567524433135986, 0.04615839570760727, -0.4165676236152649, 0.7625118494033813, 0.49502256512641907, 0.19037321209907532, -0.4592777192592621, 0.8676531910896301),
            ["UpperTorso"] = CFrame.new(-5.587935447692871e-08, -2.9802322387695312e-08, 9.872019290924072e-08, 0.9935451149940491, 0.08989138156175613, 0.069193534553051, -0.11131035536527634, 0.8901298642158508, 0.44190362095832825, -0.021867891773581505, -0.4467531740665436, 0.8943899869918823),
            ["HumanoidRootPart"] = CFrame.new(0, 0, 0, 1, 0, 0, 0, 1, 0, 0, 0, 1),
            ["RightUpperLeg"] = CFrame.new(-8.940696716308594e-08, -8.940696716308594e-08, 1.2868986232206225e-07, 0.6588454842567444, -0.27774500846862793, 0.6991285085678101, 0.6327976584434509, -0.29794225096702576, -0.7147008776664734, 0.40680450201034546, 0.9132842421531677, -0.020541587844491005),
            ["LeftUpperArm"] = CFrame.new(0, 0, -5.21540641784668e-08, 0.6526935696601868, 0.42839503288269043, 0.624875009059906, -0.572819709777832, 0.8188485503196716, 0.0369437001645565, -0.4958515465259552, -0.38205355405807495, 0.7798503041267395),
            ["RightLowerArm"] = CFrame.new(-1.1920928955078125e-07, -1.1920928955078125e-07, 5.960464477539063e-08, 1, -5.960465188081798e-08, 5.2154071283894154e-08, 4.097820394122209e-08, 0.5894967317581177, -0.8077707290649414, 4.842878453814592e-08, 0.807770848274231, 0.5894968509674072),
            ["LeftHand"] = CFrame.new(-7.450580596923828e-08, 0, 5.960464477539063e-08, 0.9406096935272217, 0.06731361150741577, 0.3327493667602539, 0.06083875894546509, 0.9308564066886902, -0.3602847754955292, -0.3339941203594208, 0.3591313064098358, 0.8714774250984192),
            ["LeftFoot"] = CFrame.new(-2.9802322387695312e-08, 0, 2.2351741790771484e-08, 0.9310485124588013, 0.045206815004348755, 0.3620840013027191, -0.16296888887882233, 0.939348042011261, 0.30177220702171326, -0.32648080587387085, -0.3399730324745178, 0.8819460272789001),
            ["RightHand"] = CFrame.new(-4.0978193283081055e-08, -5.960464477539063e-08, -8.940696716308594e-08, 0.6389864683151245, -0.7058624625205994, -0.305703341960907, 0.7201557159423828, 0.4092966318130493, 0.5602248907089233, -0.27031856775283813, -0.5781301259994507, 0.7698659896850586),
            ["RightLowerLeg"] = CFrame.new(-1.3364478945732117e-07, -0.00006026029586791992, -0.00007198581442935392, 1, -1.527369164477932e-07, -2.6822101517609553e-07, 1.0430814256778831e-07, -0.7175430655479431, 0.6965139508247375, -2.7567151050789107e-07, -0.6965140700340271, -0.717543363571167),
            ["LeftUpperLeg"] = CFrame.new(5.960464477539063e-08, -2.0489096641540527e-08, 1.1362135410308838e-07, 0.9462647438049316, 0.3081095516681671, -0.0982426181435585, -0.27195852994918823, 0.5937755107879639, -0.7572775483131409, -0.17499026656150818, 0.7433028817176819, 0.6456618905067444),
            ["LeftLowerLeg"] = CFrame.new(-1.6763806343078613e-08, 0.000060617923736572266, 0.00007210671901702881, 1, 8.195640788244418e-08, 2.9802322387695312e-08, 1.1175873737556685e-07, 0.999983012676239, 0.005836352705955505, 8.940698847936801e-08, -0.005836294498294592, 0.999983012676239),
        }},
        {Time = 0.233, Data = {
            ["RightFoot"] = CFrame.new(-6.705522537231445e-08, 3.5762786865234375e-07, 7.620110409334302e-08, 0.9949857592582703, 0.049631182104349136, -0.08683451265096664, -0.0649411752820015, 0.9808737635612488, -0.18349237740039825, 0.07606703788042068, 0.18821129202842712, 0.9791783690452576),
            ["LeftLowerArm"] = CFrame.new(-4.76837158203125e-07, 2.384185791015625e-07, 0, 1, -6.705523247774181e-08, 6.705525379402388e-08, 5.215405707303944e-08, -0.2549106776714325, -0.9669647216796875, 1.1920927533992653e-07, 0.9669646620750427, -0.2549106478691101),
            ["RightUpperArm"] = CFrame.new(0, 0, 5.960464477539063e-08, 0.02240614779293537, -0.6785077452659607, 0.7342513799667358, 0.9564858078956604, 0.22826236486434937, 0.18174512684345245, -0.29091739654541016, 0.6982289552688599, 0.6540976166725159),
            ["Head"] = CFrame.new(2.9802322387695312e-08, 0, 1.7881393432617188e-07, 0.8505426049232483, -0.36752521991729736, 0.37616828083992004, 0.3791080713272095, 0.9242185950279236, 0.04579378291964531, -0.36449214816093445, 0.10365909337997437, 0.9254190921783447),
            ["LowerTorso"] = CFrame.new(0.2333070933818817, -0.8178004026412964, 0.524895966053009, 0.9103196263313293, 0.4135979413986206, 0.01596647873520851, -0.36286136507987976, 0.7789033651351929, 0.5115087628364563, 0.1991226077079773, -0.4714300334453583, 0.8591298460960388),
            ["UpperTorso"] = CFrame.new(-8.940696716308594e-08, 5.960464477539063e-08, -7.916241884231567e-09, 0.9934107661247253, 0.05689820647239685, 0.0994873121380806, -0.09697950631380081, 0.8799114227294922, 0.4651353359222412, -0.0610746368765831, -0.4717187285423279, 0.879631519317627),
            ["HumanoidRootPart"] = CFrame.new(0, 0, 0, 1, 0, 0, 0, 1, 0, 0, 0, 1),
            ["RightUpperLeg"] = CFrame.new(-1.1920928955078125e-07, 1.4901161193847656e-07, 5.977199180051684e-08, 0.7593843936920166, -0.25974979996681213, 0.5965446829795837, 0.5320907831192017, -0.2797377109527588, -0.7991409301757812, 0.37445247173309326, 0.9242709875106812, -0.07421812415122986),
            ["LeftUpperArm"] = CFrame.new(0, 0, 2.0302832126617432e-07, 0.6229394674301147, 0.40889182686805725, 0.6668986678123474, -0.5606020092964172, 0.8279303908348083, 0.016025211662054062, -0.5455931425094604, -0.3838474154472351, 0.7449762225151062),
            ["RightLowerArm"] = CFrame.new(0, 0, -2.384185791015625e-07, 1, -1.043081283569336e-07, 0, 5.2154071283894154e-08, 0.629563570022583, -0.7769489288330078, 2.980232594040899e-08, 0.7769489884376526, 0.6295636296272278),
            ["LeftHand"] = CFrame.new(0, 0, -5.960464477539063e-08, 0.9182810187339783, 0.0913856029510498, 0.3852379322052002, 0.07178352028131485, 0.9184449911117554, -0.3889809250831604, -0.38936758041381836, 0.384847491979599, 0.8368306756019592),
            ["LeftFoot"] = CFrame.new(1.30385160446167e-08, 5.960464477539063e-08, 1.862645149230957e-08, 0.900022566318512, -0.22420665621757507, 0.37375250458717346, 0.07366794347763062, 0.9234563708305359, 0.37656503915786743, -0.42957255244255066, -0.3113836646080017, 0.8476484417915344),
            ["RightHand"] = CFrame.new(-7.450580596923828e-09, 0, 4.470348358154297e-08, 0.6398521065711975, -0.7642885446548462, -0.08032505959272385, 0.623330295085907, 0.4550069272518158, 0.6359464526176453, -0.44949835538864136, -0.45698100328445435, 0.7675415277481079),
            ["RightLowerLeg"] = CFrame.new(-1.471489667892456e-07, -0.0000603795051574707, -0.00007214600191218778, 1, -1.192092469182171e-07, -2.5331982556053845e-07, 1.0430815677864302e-07, -0.7085851430892944, 0.7056251168251038, -2.53319797138829e-07, -0.7056252956390381, -0.7085853219032288),
            ["LeftUpperLeg"] = CFrame.new(-1.1920928955078125e-07, 1.1175870895385742e-07, -5.192123353481293e-08, 0.9150155782699585, 0.3893614113330841, -0.10556721687316895, -0.2845942974090576, 0.4375430941581726, -0.8529726266860962, -0.2859243154525757, 0.8105269074440002, 0.5111687183380127),
            ["LeftLowerLeg"] = CFrame.new(-1.0710209608078003e-07, 0.000060498714447021484, 0.00007200613617897034, 1, 2.2351738238057806e-08, -2.9802318834981634e-08, -8.568166975919667e-08, 0.9761496782302856, 0.21709927916526794, 2.9802318834981634e-08, -0.21709902584552765, 0.9761495590209961),
        }},
        {Time = 0.267, Data = {
            ["RightFoot"] = CFrame.new(6.705522537231445e-08, 2.384185791015625e-07, -4.300818545743823e-08, 0.991338312625885, -0.01988561637699604, -0.12981896102428436, -0.0067742615938186646, 0.9794125556945801, -0.2017555683851242, 0.13115814328193665, 0.20088720321655273, 0.9707943797111511),
            ["LeftLowerArm"] = CFrame.new(-4.172325134277344e-07, -1.1920928955078125e-07, -1.4901161193847656e-08, 1, -1.49011640360186e-07, 8.940696716308594e-08, 1.4156103134155273e-07, -0.08296441286802292, -0.996552586555481, 7.450580596923828e-08, 0.9965525269508362, -0.08296442031860352),
            ["RightUpperArm"] = CFrame.new(1.1920928955078125e-07, 0, -2.9802322387695312e-08, -0.08093870431184769, -0.5429821610450745, 0.8358345031738281, 0.9494052529335022, 0.21330219507217407, 0.23050352931022644, -0.30344465374946594, 0.8122022747993469, 0.49824562668800354),
            ["Head"] = CFrame.new(1.4901161193847656e-08, 0, -5.960464477539063e-08, 0.9051826596260071, -0.31705939769744873, 0.2830508053302765, 0.34757906198501587, 0.9354875683784485, -0.0636545941233635, -0.24460813403129578, 0.15600158274173737, 0.9569903016090393),
            ["LowerTorso"] = CFrame.new(0.1437665820121765, -0.8178004026412964, 0.4325924515724182, 0.9306881427764893, 0.36531227827072144, -0.019149169325828552, -0.3009696900844574, 0.7944192886352539, 0.5275559425354004, 0.20793516933918, -0.48522669076919556, 0.8493044376373291),
            ["UpperTorso"] = CFrame.new(1.1175870895385742e-08, -8.940696716308594e-08, -3.818422555923462e-08, 0.9908974170684814, 0.01519663818180561, 0.13375915586948395, -0.08045530319213867, 0.8634848594665527, 0.49791663885116577, -0.10793240368366241, -0.5041459798812866, 0.8568475246429443),
            ["HumanoidRootPart"] = CFrame.new(0, 0, 0, 1, 0, 0, 0, 1, 0, 0, 0, 1),
            ["RightUpperLeg"] = CFrame.new(-8.940696716308594e-08, -7.450580596923828e-08, 1.879379851743579e-08, 0.8431199193000793, -0.23685261607170105, 0.4827521741390228, 0.4233376681804657, -0.2611953020095825, -0.8675034642219543, 0.3315630853176117, 0.9357765913009644, -0.11995042860507965),
            ["LeftUpperArm"] = CFrame.new(0, 0, -2.1606683731079102e-07, 0.5960114002227783, 0.39628034830093384, 0.6983784437179565, -0.5487534999847412, 0.8359625339508057, -0.006031356751918793, -0.5862081050872803, -0.3796428442001343, 0.7157033681869507),
            ["RightLowerArm"] = CFrame.new(-2.980232238769531e-07, -1.1920928955078125e-07, 2.086162567138672e-07, 1, -5.215405707303944e-08, 3.4458935260772705e-08, 1.1734665861240501e-07, 0.6559867262840271, -0.7547723650932312, 1.6763808119435453e-08, 0.7547723650932312, 0.6559868454933167),
            ["LeftHand"] = CFrame.new(1.4901161193847656e-08, -5.960464477539063e-08, 1.043081283569336e-07, 0.896798312664032, 0.11757757514715195, 0.4265305995941162, 0.08552058041095734, 0.899795651435852, -0.42784833908081055, -0.43409568071365356, 0.42017072439193726, 0.7968798279762268),
            ["LeftFoot"] = CFrame.new(-6.239861249923706e-08, -5.960464477539063e-08, 5.960464477539063e-08, 0.819402277469635, -0.47333717346191406, 0.3233143389225006, 0.24819445610046387, 0.8013869524002075, 0.5442226529121399, -0.5167006254196167, -0.3656923174858093, 0.7741380333900452),
            ["RightHand"] = CFrame.new(-1.4901161193847656e-08, -1.1920928955078125e-07, -5.681067705154419e-08, 0.594812273979187, -0.8000649213790894, 0.07806827127933502, 0.5542641878128052, 0.47852399945259094, 0.6810328960418701, -0.5822281837463379, -0.3618161380290985, 0.7280793190002441),
            ["RightLowerLeg"] = CFrame.new(-1.0058283805847168e-07, -0.0000603795051574707, -0.00007207522139651701, 1, -8.195637946073475e-08, -2.011657187495075e-07, 1.1920928955078125e-07, -0.6964647173881531, 0.7175909876823425, -2.2351741790771484e-07, -0.7175911664962769, -0.6964648962020874),
