return {
    ["Invisible Stairs"] = {
        {Time = 0.000, Data = {
            ["RightFoot"] = CFrame.new(2.0302832126617432e-07, -5.960464477539063e-08, 3.149762051180005e-08, 0.9823663234710693, -0.14861799776554108, -0.11344224959611893, 0.11191395670175552, 0.953461766242981, -0.27997517585754395, 0.14977219700813293, 0.26234233379364014, 0.953281044960022),
            ["LeftLowerArm"] = CFrame.new(0.0000013709068298339844, -4.172325134277344e-07, 0.00000476837158203125, 1, 1.0989606380462646e-07, 5.704350769519806e-09, -1.0058282384761696e-07, 0.6434606909751892, -0.7654792070388794, -1.3038514623531228e-07, 0.7654792070388794, 0.6434606313705444),
            ["RightUpperArm"] = CFrame.new(-0.10751384496688843, 0.08329343795776367, -0.017005950212478638, 0.3727262020111084, -0.926658034324646, 0.048785991966724396, 0.8436864018440247, 0.36030450463294983, 0.3979623019695282, -0.38635286688804626, -0.10717029124498367, 0.9161037802696228),
            ["Head"] = CFrame.new(1.4435499906539917e-08, -8.344650268554688e-07, 2.1653249859809875e-08, 0.8639028072357178, -0.015147946774959564, -0.5034310817718506, -0.05166992172598839, 0.9916083216667175, -0.11850391328334808, 0.5010011792182922, 0.12838798761367798, 0.8558703660964966),
            ["RightHand"] = CFrame.new(2.60770320892334e-07, 0.0000010132789611816406, -9.5367431640625e-07, 0.9070942997932434, -0.3519204258918762, 0.23093658685684204, 0.3631075918674469, 0.9317253828048706, -0.006406114436686039, -0.2129151076078415, 0.08966593444347382, 0.9729477167129517),
            ["UpperTorso"] = CFrame.new(-2.584420144557953e-08, 2.9802322387695312e-08, -1.7462298274040222e-08, 0.7155014276504517, -0.04753725975751877, -0.6969916820526123, 0.1554824858903885, 0.9834951758384705, 0.09253373742103577, 0.681089460849762, -0.17457792162895203, 0.7110838294029236),
            ["HumanoidRootPart"] = CFrame.new(0, 0, 0, 1, 0, 0, 0, 1, 0, 0, 0, 1),
            ["RightUpperLeg"] = CFrame.new(2.9802322387695312e-08, -2.668239176273346e-07, -4.639878170564771e-08, 0.9884135127067566, 0.008519571274518967, -0.15154637396335602, -0.11986701935529709, 0.6563228964805603, -0.7448976635932922, 0.0931171253323555, 0.7544321417808533, 0.6497393846511841),
            ["LeftUpperArm"] = CFrame.new(-0.04048943519592285, -0.022152185440063477, -0.015525951981544495, 0.36451858282089233, 0.8727531433105469, 0.324697345495224, -0.7035068869590759, 0.4865531623363495, -0.518019437789917, -0.6100855469703674, -0.03959960490465164, 0.7913453578948975),
            ["RightLowerArm"] = CFrame.new(5.960464477539063e-08, 3.5762786865234375e-07, -0.0000036954879760742188, 1, -0.000018545428247307427, 0.000005788170710729901, 0.00001895986497402191, 0.8651015758514404, -0.5015966892242432, 0.000004334840923547745, 0.5015968084335327, 0.86510169506073),
            ["LeftHand"] = CFrame.new(-0.0000012367963790893555, -0.0000011920928955078125, 0, 0.9830371141433716, 0.13220828771591187, 0.12711769342422485, -0.05754336714744568, 0.8804237842559814, -0.47068315744400024, -0.17414584755897522, 0.45538437366485596, 0.8730970621109009),
            ["LeftFoot"] = CFrame.new(-1.30385160446167e-08, -1.1920928955078125e-07, -2.2351741790771484e-08, 0.995887279510498, -0.07895947247743607, 0.04443016275763512, 0.08719628304243088, 0.7021213173866272, -0.7066984176635742, 0.02460530772805214, 0.7076659202575684, 0.7061185836791992),
            ["LowerTorso"] = CFrame.new(-0.013764631003141403, -0.359531044960022, 0.26760101318359375, 0.971335232257843, 0.012123685330152512, -0.23740485310554504, -0.02761637233197689, 0.9976914525032043, -0.06204192340373993, 0.23610462248325348, 0.06681975722312927, 0.9694275259971619),
            ["RightLowerLeg"] = CFrame.new(7.450580596923828e-09, -0.0007263422012329102, 0.00004613569035427645, 1, 1.6391281576488836e-07, 3.725291186640334e-09, -1.1920931797249068e-07, 0.3825351297855377, 0.9239410161972046, 6.705523958316917e-08, -0.9239410161972046, 0.3825351297855377),
            ["LeftUpperLeg"] = CFrame.new(2.9802322387695312e-08, -2.882443368434906e-07, -2.9802322387695312e-08, 0.8919680714607239, 0.12077194452285767, 0.43566855788230896, -0.08684981614351273, 0.9914842247962952, -0.09703761339187622, -0.44367799162864685, 0.0487167090177536, 0.8948612213134766),
            ["LeftLowerLeg"] = CFrame.new(-1.955777406692505e-08, -0.0007265806198120117, 0.00008101388812065125, 1, 1.266598985694145e-07, 3.725290298461914e-08, -6.332992796842518e-08, 0.5134624242782593, 0.8581121563911438, 4.0978189730367376e-08, -0.8581121563911438, 0.5134624242782593),
        }},
        {Time = 0.033, Data = {
            ["RightFoot"] = CFrame.new(1.9185245037078857e-07, 1.1920928955078125e-07, 2.3115717340260744e-08, 0.9778214693069458, -0.13439443707466125, -0.16063416004180908, 0.07297582924365997, 0.937531054019928, -0.34016209840774536, 0.1963152140378952, 0.32089534401893616, 0.9265453815460205),
            ["LeftLowerArm"] = CFrame.new(0.0000013113021850585938, 5.960464477539063e-08, 0.000005125999450683594, 1, 1.4156104555240745e-07, 1.0780060222259635e-07, -1.862645149230957e-07, 0.6528529524803162, -0.7574847340583801, -1.043081283569336e-07, 0.7574846744537354, 0.6528529524803162),
            ["RightUpperArm"] = CFrame.new(-0.108009934425354, 0.0734337568283081, -0.02814808487892151, 0.4178454279899597, -0.8883796334266663, 0.19022871553897858, 0.8009206652641296, 0.45903491973876953, 0.38446468114852905, -0.42887207865715027, -0.008288166485726833, 0.903327226638794),
            ["Head"] = CFrame.new(-2.3283064365386963e-08, -9.5367431640625e-07, -2.2351741790771484e-08, 0.8517610430717468, 0.0041941250674426556, -0.5239139795303345, -0.056056901812553406, 0.9949573874473572, -0.08317053318023682, 0.5209230184555054, 0.10021044313907623, 0.8477010130882263),
            ["RightHand"] = CFrame.new(4.731118679046631e-07, 0.0000010728836059570312, -5.960464477539062e-07, 0.8866615295410156, -0.36036187410354614, 0.289776474237442, 0.4216211140155792, 0.8873741626739502, -0.18655513226985931, -0.18991301953792572, 0.287587434053421, 0.9387369155883789),
            ["UpperTorso"] = CFrame.new(1.5832483768463135e-08, -5.364418029785156e-07, 5.122274160385132e-08, 0.7403033971786499, 0.006389431655406952, -0.6722422242164612, 0.191427081823349, 0.9565562009811401, 0.2198997139930725, 0.6444428563117981, -0.29147791862487793, 0.7069190740585327),
            ["HumanoidRootPart"] = CFrame.new(0, 0, 0, 1, 0, 0, 0, 1, 0, 0, 0, 1),
            ["RightUpperLeg"] = CFrame.new(0, -7.636845111846924e-07, 4.6733475755900145e-08, 0.9886097311973572, 0.05380209535360336, -0.1405569612979889, -0.1393778771162033, 0.679671585559845, -0.7201530337333679, 0.0567869134247303, 0.7315407991409302, 0.6794286370277405),
            ["LeftUpperArm"] = CFrame.new(-0.04247403144836426, -0.018152713775634766, -0.027139514684677124, 0.4237728416919708, 0.8601751327514648, 0.28375235199928284, -0.6544116139411926, 0.5073509812355042, -0.5606606602668762, -0.626228392124176, 0.051901593804359436, 0.7779101729393005),
            ["RightLowerArm"] = CFrame.new(8.940696716308594e-08, 7.152557373046875e-07, -0.000003814697265625, 1, -0.000019313300072099082, 0.0000020125883111177245, 0.00001890072599053383, 0.9462636113166809, -0.3233964145183563, 0.00000424729660153389, 0.3233965337276459, 0.9462636113166809),
            ["LeftHand"] = CFrame.new(-0.0000016391277313232422, -0.0000011324882507324219, 9.685754776000977e-08, 0.9912530779838562, 0.11573728173971176, 0.06342028081417084, -0.06435216963291168, 0.8434270620346069, -0.5333756804466248, -0.11522205919027328, 0.5246291160583496, 0.8434976935386658),
            ["LeftFoot"] = CFrame.new(-2.2351741790771484e-08, -1.7881393432617188e-07, -5.960464477539063e-08, 0.9933441877365112, -0.07866191864013672, 0.08414121717214584, 0.11504575610160828, 0.6417425274848938, -0.7582419514656067, 0.005647776182740927, 0.7628753185272217, 0.6465211510658264),
            ["LowerTorso"] = CFrame.new(-0.01065438985824585, -0.42657601833343506, 0.2908128499984741, 0.9710738062858582, -0.042298898100852966, -0.23500345647335052, 0.0077542755752801895, 0.9892519116401672, -0.14601612091064453, 0.23865394294261932, 0.13997012376785278, 0.9609644412994385),
            ["RightLowerLeg"] = CFrame.new(-6.705522537231445e-08, -0.0007264614105224609, 0.00004606118454830721, 1, 1.5646224937881925e-07, 0, -1.266598985694145e-07, 0.2738741338253021, 0.9617656469345093, 1.266598985694145e-07, -0.9617655277252197, 0.2738741934299469),
            ["LeftUpperLeg"] = CFrame.new(-5.960464477539063e-08, -5.140900611877441e-07, 4.0978193283081055e-08, 0.9081521034240723, 0.1805344521999359, 0.37771302461624146, -0.14611512422561646, 0.982187807559967, -0.11814247816801071, -0.3923139274120331, 0.052101776003837585, 0.9183546304702759),
            ["LeftLowerLeg"] = CFrame.new(-4.1676685214042664e-08, -0.0007264614105224609, 0.0000809989869594574, 1, 1.0058283805847168e-07, 5.960465188081798e-08, -7.82310962677002e-08, 0.2922613024711609, 0.9563385248184204, 7.636845111846924e-08, -0.9563385844230652, 0.2922613024711609),
        }},
        {Time = 0.067, Data = {
            ["RightFoot"] = CFrame.new(1.778826117515564e-07, -1.1920928955078125e-07, -2.029992174357176e-09, 0.9770389199256897, -0.12514936923980713, -0.1724317967891693, 0.05078257992863655, 0.9227697253227234, -0.3819911777973175, 0.20692087709903717, 0.3644636869430542, 0.9079372882843018),
            ["LeftLowerArm"] = CFrame.new(0.0000011026859283447266, -2.980232238769531e-07, 0.000004887580871582031, 1, 1.005828522693264e-07, 7.450581485102248e-09, -1.0430814256778831e-07, 0.6830912828445435, -0.7303330302238464, -1.6391278734317893e-07, 0.7303329706192017, 0.6830912828445435),
            ["RightUpperArm"] = CFrame.new(-0.10652852058410645, 0.06817901134490967, -0.03863605856895447, 0.4638476073741913, -0.8357827663421631, 0.29379013180732727, 0.7445398569107056, 0.5474858283996582, 0.38199442625045776, -0.4801102578639984, 0.04155168682336807, 0.876223623752594),
            ["Head"] = CFrame.new(-3.725290298461914e-08, -8.344650268554688e-07, 7.078051567077637e-08, 0.8345265984535217, 0.022956719622015953, -0.5504892468452454, -0.05189112573862076, 0.9979653358459473, -0.03704816848039627, 0.5485185980796814, 0.05948328226804733, 0.8340197801589966),
            ["RightHand"] = CFrame.new(1.825392246246338e-07, 0.0000011324882507324219, -7.152557373046875e-07, 0.884448766708374, -0.3329564034938812, 0.3269403576850891, 0.4252024292945862, 0.8636658787727356, -0.27071091532707214, -0.19223247468471527, 0.37844589352607727, 0.9054422378540039),
            ["UpperTorso"] = CFrame.new(2.60770320892334e-08, 1.1920928955078125e-07, 3.259629011154175e-08, 0.7734942436218262, 0.06164766848087311, -0.630797803401947, 0.21209421753883362, 0.9127024412155151, 0.34927114844322205, 0.5972627401351929, -0.40394794940948486, 0.692895233631134),
            ["HumanoidRootPart"] = CFrame.new(0, 0, 0, 1, 0, 0, 0, 1, 0, 0, 0, 1),
            ["RightUpperLeg"] = CFrame.new(5.960464477539063e-08, -4.0978193283081055e-08, -6.875052349641919e-08, 0.9849008917808533, 0.08644302189350128, -0.14999310672283173, -0.16447503864765167, 0.7375918626785278, -0.6549094319343567, 0.05402126535773277, 0.6696909666061401, 0.7406725287437439),
            ["LeftUpperArm"] = CFrame.new(-0.042358458042144775, -0.008489489555358887, -0.038076817989349365, 0.601652979850769, 0.730286717414856, 0.3235659599304199, -0.611980676651001, 0.6817772388458252, -0.40082332491874695, -0.5133160352706909, 0.043140292167663574, 0.857114851474762),
            ["RightLowerArm"] = CFrame.new(5.662441253662109e-07, 6.556510925292969e-07, -0.000003814697265625, 1, -0.000019313767552375793, 0.000002566725015640259, 0.00001898221489682328, 0.9373290538787842, -0.3484456241130829, 0.0000043213362914684694, 0.3484455943107605, 0.9373290538787842),
            ["LeftHand"] = CFrame.new(-0.000001430511474609375, -9.5367431640625e-07, 2.9802322387695312e-08, 0.9971953630447388, 0.06422683596611023, 0.03842270374298096, -0.03611798211932182, 0.8626193404197693, -0.5045624375343323, -0.06555072963237762, 0.5017597079277039, 0.8625198602676392),
            ["LeftFoot"] = CFrame.new(-4.842877388000488e-08, -5.960464477539063e-08, -1.4901161193847656e-08, 0.992194652557373, -0.09314786642789841, 0.08290644735097885, 0.12440672516822815, 0.7849460244178772, -0.6069455146789551, -0.008541402406990528, 0.6125221848487854, 0.7904073596000671),
            ["LowerTorso"] = CFrame.new(-0.007817305624485016, -0.4582561254501343, 0.3056979477405548, 0.9677935242652893, -0.09877640008926392, -0.2315579205751419, 0.04373683035373688, 0.9717932939529419, -0.23174338042736053, 0.24791723489761353, 0.21415214240550995, 0.9448152780532837),
            ["RightLowerLeg"] = CFrame.new(-1.1920928955078125e-07, -0.0007264018058776855, 0.000046031382225919515, 1, 1.713634105726669e-07, -3.7252920748187535e-09, -1.1175870895385742e-07, 0.22747749090194702, 0.9737834334373474, 1.1175870895385742e-07, -0.9737834334373474, 0.22747749090194702),
            ["LeftUpperLeg"] = CFrame.new(2.9802322387695312e-08, 2.2351741790771484e-08, -4.470348358154297e-08, 0.9126760363578796, 0.25705239176750183, 0.3177209198474884, -0.21362726390361786, 0.962826132774353, -0.16531579196453094, -0.34840482473373413, 0.08300598710775375, 0.933661699295044),
            ["LeftLowerLeg"] = CFrame.new(-1.862645149230957e-08, -0.0007266402244567871, 0.00008098036050796509, 1, 5.5879347371501353e-08, 1.1548399925231934e-07, -7.82310962677002e-08, 0.04053741693496704, 0.9991780519485474, 8.195638656616211e-08, -0.9991780519485474, 0.04053737223148346),
        }},
        {Time = 0.100, Data = {
            ["RightFoot"] = CFrame.new(1.6763806343078613e-07, -2.384185791015625e-07, 1.6596459317952394e-08, 0.9782257676124573, -0.11395124346017838, -0.17346324026584625, 0.033996909856796265, 0.9124811291694641, -0.4077039062976837, 0.20474040508270264, 0.3929293155670166, 0.8964865207672119),
            ["LeftLowerArm"] = CFrame.new(0.0000012814998626708984, 1.7881393432617188e-07, 0.000004947185516357422, 1, 1.0617077350616455e-07, 0, -7.4505820180093e-08, 0.6440562605857849, -0.7649782299995422, -8.940698847936801e-08, 0.7649781703948975, 0.6440562605857849),
            ["RightUpperArm"] = CFrame.new(-0.10319846868515015, 0.06550717353820801, -0.046032726764678955, 0.500810980796814, -0.7478428483009338, 0.435797780752182, 0.6702575087547302, 0.6536455750465393, 0.35142868757247925, -0.5476706624031067, 0.11609746515750885, 0.8286002278327942),
            ["Head"] = CFrame.new(-3.3527612686157227e-08, -8.344650268554688e-07, 0, 0.8164598941802979, 0.03266001120209694, -0.5764777660369873, -0.03544318303465843, 0.9993511438369751, 0.0064193615689873695, 0.5763132572174072, 0.015190917998552322, 0.8170876502990723),
            ["RightHand"] = CFrame.new(2.60770320892334e-07, 0.0000012516975402832031, -8.046627044677734e-07, 0.8851013779640198, -0.2974429130554199, 0.357942670583725, 0.4278838038444519, 0.8226069211959839, -0.3744777739048004, -0.1830604523420334, 0.48460888862609863, 0.8553615808486938),
            ["UpperTorso"] = CFrame.new(3.725290298461914e-09, -2.9802322387695312e-08, 1.862645149230957e-09, 0.8056089282035828, 0.09235584735870361, -0.5852048397064209, 0.2006177455186844, 0.8868918418884277, 0.4161435067653656, 0.5574468374252319, -0.45265138149261475, 0.695959746837616),
            ["HumanoidRootPart"] = CFrame.new(0, 0, 0, 1, 0, 0, 0, 1, 0, 0, 0, 1),
            ["RightUpperLeg"] = CFrame.new(0, -1.2293457984924316e-07, -6.875052349641919e-08, 0.9839317202568054, 0.11084041744470596, -0.13997392356395721, -0.17271357774734497, 0.7895988821983337, -0.5888158082962036, 0.045258644968271255, 0.6035297513008118, 0.7960547804832458),
            ["LeftUpperArm"] = CFrame.new(-0.03980129957199097, -0.0012440681457519531, -0.04547840356826782, 0.7516040205955505, 0.5476433038711548, 0.36766621470451355, -0.5670264959335327, 0.8212056756019592, -0.0640479326248169, -0.33700504899024963, -0.16033785045146942, 0.9277496933937073),
            ["RightLowerArm"] = CFrame.new(-1.4901161193847656e-07, 2.980232238769531e-07, -0.0000037550926208496094, 1, -0.000019235541913076304, 0.000002134591568392352, 0.000018946830095956102, 0.9453779458999634, -0.32597634196281433, 0.000004332513526605908, 0.32597634196281433, 0.9453779458999634),
            ["LeftHand"] = CFrame.new(-0.0000016093254089355469, -0.000001430511474609375, 1.1920928955078125e-07, 0.9990472793579102, 0.0353395938873291, -0.025606347247958183, -0.04327455908060074, 0.8781260251998901, -0.47646817564964294, 0.005647523328661919, 0.4771224856376648, 0.8788187503814697),
            ["LeftFoot"] = CFrame.new(5.960464477539063e-08, -1.1920928955078125e-07, -1.862645149230957e-08, 0.9916807413101196, -0.10575203597545624, 0.07338836044073105, 0.12720219790935516, 0.8924500346183777, -0.43284234404563904, -0.019721584394574165, 0.43857666850090027, 0.8984774351119995),
            ["LowerTorso"] = CFrame.new(-0.004733741283416748, -0.4453556537628174, 0.3107883036136627, 0.9625722765922546, -0.1283949315547943, -0.2386828362941742, 0.06107679381966591, 0.9607757329940796, -0.27051761746406555, 0.2640537619590759, 0.24581477046012878, 0.9326578974723816),
            ["RightLowerLeg"] = CFrame.new(-2.9802322387695312e-08, -0.0007262229919433594, 0.00004607608570950106, 1, 2.0116574717121694e-07, -1.8626460374093767e-08, -1.1920927533992653e-07, 0.24142712354660034, 0.9704189896583557, 1.341104365337742e-07, -0.9704190492630005, 0.24142713844776154),
            ["LeftUpperLeg"] = CFrame.new(0, -1.1175870895385742e-07, 2.2351741790771484e-08, 0.9124585390090942, 0.30293866991996765, 0.27504122257232666, -0.21895255148410797, 0.9293586611747742, -0.2972412705421448, -0.34565770626068115, 0.21099914610385895, 0.9143303632736206),
            ["LeftLowerLeg"] = CFrame.new(-2.60770320892334e-08, -0.0007266402244567871, 0.00008091703057289124, 1, 1.4901159772762185e-07, 1.3038518886787642e-07, -8.940695295223122e-08, -0.20683059096336365, 0.9783767461776733, 8.940695295223122e-08, -0.9783768057823181, -0.20683060586452484),
        }},
        {Time = 0.133, Data = {
            ["RightFoot"] = CFrame.new(1.5459954738616943e-07, -5.960464477539063e-08, 5.3849362302571535e-08, 0.9798728227615356, -0.0984300971031189, -0.17366845905780792, 0.014815491624176502, 0.9034427404403687, -0.4284527897834778, 0.19907210767269135, 0.41725608706474304, 0.8867173194885254),
            ["LeftLowerArm"] = CFrame.new(0.0000014901161193847656, -4.76837158203125e-07, 0.000004887580871582031, 1, 1.303851746570217e-07, -2.980232594040899e-08, -1.2107196312172164e-07, 0.6965688467025757, -0.717490017414093, -1.3411047916633834e-07, 0.717490017414093, 0.6965687870979309),
            ["RightUpperArm"] = CFrame.new(-0.09595763683319092, 0.060684800148010254, -0.04953795671463013, 0.5339899659156799, -0.629084587097168, 0.5648956298828125, 0.5775220394134521, 0.7593638896942139, 0.2997244894504547, -0.6175137162208557, 0.16618971526622772, 0.7688031196594238),
            ["Head"] = CFrame.new(2.9802322387695312e-08, -0.0000010728836059570312, -6.705522537231445e-08, 0.7897034287452698, 0.025415685027837753, -0.6129617094993591, -0.012412414886057377, 0.9995989203453064, 0.0254555381834507, 0.6133632063865662, -0.012494208291172981, 0.7897024750709534),
            ["RightHand"] = CFrame.new(1.4901161193847656e-07, 0.0000010728836059570312, -8.493661880493164e-07, 0.8878514170646667, -0.2640415132045746, 0.3768310844898224, 0.4275650084018707, 0.7760456800460815, -0.46361789107322693, -0.17002393305301666, 0.5727436542510986, 0.8019082546234131),
            ["UpperTorso"] = CFrame.new(7.450580596923828e-09, -1.1920928955078125e-07, -4.936009645462036e-08, 0.8424415588378906, 0.09348449856042862, -0.5306158065795898, 0.15936526656150818, 0.8975303769111633, 0.41114720702171326, 0.5146794319152832, -0.43092915415763855, 0.7412185072898865),
            ["HumanoidRootPart"] = CFrame.new(0, 0, 0, 1, 0, 0, 0, 1, 0, 0, 0, 1),
            ["RightUpperLeg"] = CFrame.new(5.960464477539063e-08, -8.195638656616211e-08, -1.6596459317952394e-08, 0.987271249294281, 0.12363972514867783, -0.10004466027021408, -0.1583034098148346, 0.8246280550956726, -0.5430734753608704, 0.015354147180914879, 0.5519979596138, 0.8337039947509766),
            ["LeftUpperArm"] = CFrame.new(-0.0332028865814209, 0.00348055362701416, -0.048782795667648315, 0.8632828593254089, 0.4256787598133087, 0.27118319272994995, -0.4879227578639984, 0.8413192629814148, 0.2326226681470871, -0.12912903726100922, -0.3331357538700104, 0.9339948296546936),
            ["RightLowerArm"] = CFrame.new(-1.1920928955078125e-07, 8.344650268554688e-07, -0.000003933906555175781, 1, -0.00001932680606842041, 0.0000013224780559539795, 0.000018958004147862084, 0.9581111669540405, -0.2863965630531311, 0.0000042989854591724, 0.2863966226577759, 0.9581111669540405),
            ["LeftHand"] = CFrame.new(-0.000001430511474609375, -0.0000013113021850585938, 2.9802322387695312e-08, 0.9947237372398376, 0.018372654914855957, -0.10093167424201965, -0.06826995313167572, 0.8529117107391357, -0.5175720453262329, 0.07657670974731445, 0.521731972694397, 0.8496658802032471),
            ["LeftFoot"] = CFrame.new(4.842877388000488e-08, -5.960464477539063e-08, -7.450580596923828e-09, 0.9889014959335327, -0.11045769602060318, 0.09936235845088959, 0.1432361900806427, 0.8864313364028931, -0.44013962149620056, -0.03946113958954811, 0.44948720932006836, 0.892414927482605),
            ["LowerTorso"] = CFrame.new(-0.0021778643131256104, -0.4008798599243164, 0.297918438911438, 0.9566969871520996, -0.12410077452659607, -0.26330554485321045, 0.05484728515148163, 0.9652148485183716, -0.25564080476760864, 0.28587162494659424, 0.23012922704219818, 0.9302246570587158),
            ["RightLowerLeg"] = CFrame.new(-9.313225746154785e-08, -0.0007266402244567871, 0.00004601648106472567, 1, 1.1920936060505483e-07, 1.1175876579727628e-07, -7.4505820180093e-08, 0.28974074125289917, 0.9571051597595215, 1.266598985694145e-07, -0.957105278968811, 0.28974103927612305),
            ["LeftUpperLeg"] = CFrame.new(0, -1.9371509552001953e-07, -1.4901161193847656e-08, 0.9139930009841919, 0.3289562165737152, 0.23749694228172302, -0.19577710330486298, 0.8702778220176697, -0.45198214054107666, -0.35537055134773254, 0.3666120767593384, 0.859829843044281),
            ["LeftLowerLeg"] = CFrame.new(2.2351741790771484e-08, -0.0007267594337463379, 0.00008090957999229431, 1, 1.341104507446289e-07, 1.080334541825323e-07, -8.940696716308594e-08, -0.35145804286003113, 0.9362035989761353, 1.0244548320770264e-07, -0.93620365858078, -0.35145822167396545),
        }},
        {Time = 0.167, Data = {
            ["RightFoot"] = CFrame.new(1.434236764907837e-07, -5.960464477539063e-08, 7.620110409334302e-08, 0.9814497232437134, -0.08145032823085785, -0.173558309674263, -0.0037276768125593662, 0.8969902992248535, -0.4420345723628998, 0.19168390333652496, 0.43448176980018616, 0.8800471425056458),
            ["LeftLowerArm"] = CFrame.new(9.5367431640625e-07, -4.172325134277344e-07, 0.000004589557647705078, 1, 1.341104365337742e-07, -5.541369318962097e-08, -1.3411046495548362e-07, 0.7859848737716675, -0.6182457208633423, -8.940698137394065e-08, 0.6182456612586975, 0.7859849333763123),
            ["RightUpperArm"] = CFrame.new(-0.08816003799438477, 0.05475354194641113, -0.04832202196121216, 0.5571917295455933, -0.5235768556594849, 0.6445189118385315, 0.4864298403263092, 0.8348583579063416, 0.2576768398284912, -0.672995924949646, 0.16993772983551025, 0.719859778881073),
            ["Head"] = CFrame.new(7.450580596923828e-09, -7.152557373046875e-07, -7.450580596923828e-09, 0.7635818719863892, 0.013102585449814796, -0.6455779671669006, -0.009942373260855675, 0.9999141693115234, 0.008534451946616173, 0.6456345915794373, -0.00009839983249548823, 0.7636467218399048),
            ["RightHand"] = CFrame.new(3.948807716369629e-07, 0.0000010132789611816406, -7.068738341331482e-07, 0.9075049161911011, -0.20479604601860046, 0.36673304438591003, 0.37913990020751953, 0.7751815319061279, -0.505318284034729, -0.18079762160778046, 0.5976220369338989, 0.7811276316642761),
            ["UpperTorso"] = CFrame.new(-1.1175870895385742e-08, -5.960464477539063e-08, 1.955777406692505e-08, 0.8753337860107422, 0.07866907864809036, -0.4770766496658325, 0.11554539203643799, 0.9240558743476868, 0.3643762469291687, 0.4695105254650116, -0.37407466769218445, 0.7997673749923706),
            ["HumanoidRootPart"] = CFrame.new(0, 0, 0, 1, 0, 0, 0, 1, 0, 0, 0, 1),
            ["RightUpperLeg"] = CFrame.new(8.940696716308594e-08, 1.8998980522155762e-07, -7.620110409334302e-08, 0.991138756275177, 0.12392950057983398, -0.047807708382606506, -0.1309359222650528, 0.8509436845779419, -0.508675754070282, -0.022358259186148643, 0.5104275941848755, 0.8596299290657043),
            ["LeftUpperArm"] = CFrame.new(-0.025875508785247803, 0.005705833435058594, -0.04750975966453552, 0.9203655123710632, 0.3674362003803253, 0.13385842740535736, -0.38846123218536377, 0.8196308612823486, 0.4210734963417053, 0.04500334709882736, -0.4395405054092407, 0.8970949053764343),
            ["RightLowerArm"] = CFrame.new(2.086162567138672e-07, 4.76837158203125e-07, -0.000004082918167114258, 1, -0.000018916094632004388, 0.000004525064014160307, 0.000018931925296783447, 0.8972300291061401, -0.4415634870529175, 0.000004280358552932739, 0.4415634870529175, 0.8972300887107849),
            ["LeftHand"] = CFrame.new(-0.0000013113021850585938, -0.000001430511474609375, 1.5273690223693848e-07, 0.9794654846191406, 0.0399622768163681, -0.19761179387569427, -0.14848285913467407, 0.8060225248336792, -0.5729575753211975, 0.13638310134410858, 0.5905342102050781, 0.7954050898551941),
            ["LeftFoot"] = CFrame.new(1.862645149230957e-08, -5.960464477539063e-08, -9.313225746154785e-08, 0.988771378993988, -0.10302111506462097, 0.10824869573116302, 0.13986176252365112, 0.8931029438972473, -0.42755818367004395, -0.052629824727773666, 0.4378969967365265, 0.8974832892417908),
            ["LowerTorso"] = CFrame.new(-0.0013807788491249084, -0.346272349357605, 0.2807765603065491, 0.9500141739845276, -0.10220726579427719, -0.2950030267238617, 0.03761127591133118, 0.9754812121391296, -0.2168452888727188, 0.30993303656578064, 0.19491064548492432, 0.9305651783943176),
            ["RightLowerLeg"] = CFrame.new(-1.4901161193847656e-08, -0.0007262229919433594, 0.0000461207891930826, 1, 8.940699558479537e-08, 4.842880230171431e-08, -8.195640788244418e-08, 0.3536238968372345, 0.9353876113891602, 1.6018752546642645e-07, -0.9353877902030945, 0.3536241948604584),
            ["LeftUpperLeg"] = CFrame.new(-2.9802322387695312e-08, 1.5273690223693848e-07, -2.9802322387695312e-08, 0.9057121276855469, 0.3576141893863678, 0.22759073972702026, -0.16439740359783173, 0.7912212014198303, -0.589018702507019, -0.390716016292572, 0.4960656762123108, 0.7754091620445251),
            ["LeftLowerLeg"] = CFrame.new(-8.195638656616211e-08, -0.0007265806198120117, 0.00008084625005722046, 1, 7.823107495141812e-08, 1.3411046495548362e-07, -5.587933316064664e-08, -0.41314566135406494, 0.910664975643158, 1.490115550950577e-07, -0.910664975643158, -0.4131457507610321),
        }},
        {Time = 0.200, Data = {
            ["RightFoot"] = CFrame.new(1.0617077350616455e-07, -1.1920928955078125e-07, 2.4047039914876223e-08, 0.9828513860702515, -0.06433258950710297, -0.17281381785869598, -0.019478444010019302, 0.8957051634788513, -0.444221168756485, 0.18336792290210724, 0.43996983766555786, 0.8790922164916992),
            ["LeftLowerArm"] = CFrame.new(0.0000013113021850585938, -3.5762786865234375e-07, 0.0000049173831939697266, 1, 1.9371512394172896e-07, 5.587936335871291e-09, -1.9371512394172896e-07, 0.7987130880355835, -0.6017121076583862, -7.450581307466564e-08, 0.6017121076583862, 0.7987130880355835),
            ["RightUpperArm"] = CFrame.new(-0.08011496067047119, 0.04480540752410889, -0.04494526982307434, 0.5675507187843323, -0.4567192494869232, 0.6850501894950867, 0.4372973144054413, 0.8721951842308044, 0.21919547021389008, -0.697608232498169, 0.1751660853624344, 0.6947371959686279),
            ["Head"] = CFrame.new(7.450580596923828e-09, -8.344650268554688e-07, -1.043081283569336e-07, 0.7432445883750916, 0.005728114861994982, -0.6689953207969666, -0.02833062782883644, 0.9993359446525574, -0.02291835844516754, 0.6684197783470154, 0.035986822098493576, 0.7429133057594299),
            ["RightHand"] = CFrame.new(-3.725290298461914e-08, 7.152557373046875e-07, -7.078051567077637e-07, 0.9380840063095093, -0.13626964390277863, 0.3184788227081299, 0.29396793246269226, 0.7995151877403259, -0.5237921476364136, -0.18325194716453552, 0.5849838852882385, 0.7900715470314026),
            ["UpperTorso"] = CFrame.new(-2.2351741790771484e-08, -4.470348358154297e-07, 1.7695128917694092e-08, 0.9012528657913208, 0.057761721312999725, -0.42942607402801514, 0.07658511400222778, 0.9542351365089417, 0.28908517956733704, 0.4264717400074005, -0.2934263348579407, 0.8555834293365479),
            ["HumanoidRootPart"] = CFrame.new(0, 0, 0, 1, 0, 0, 0, 1, 0, 0, 0, 1),
            ["RightUpperLeg"] = CFrame.new(-2.9802322387695312e-08, -1.3597309589385986e-07, -6.875052349641919e-08, 0.9935965538024902, 0.11281625926494598, 0.006209308281540871, -0.09585649520158768, 0.8707715272903442, -0.4822539985179901, -0.05981271713972092, 0.4785704016685486, 0.8760095238685608),
            ["LeftUpperArm"] = CFrame.new(-0.01823437213897705, 0.004054069519042969, -0.044096291065216064, 0.9365760087966919, 0.33870840072631836, 0.09001157432794571, -0.3340216279029846, 0.7849431037902832, 0.5218179225921631, 0.10608992725610733, -0.5187879800796509, 0.8482947945594788),
            ["RightLowerArm"] = CFrame.new(5.066394805908203e-07, 3.5762786865234375e-07, -0.000003946945071220398, 1, -0.000016789881556178443, 0.000009782613233255688, 0.000018909571736003272, 0.7306127548217773, -0.6827921867370605, 0.000004309229097998468, 0.6827921867370605, 0.7306126952171326),
            ["LeftHand"] = CFrame.new(-0.0000013709068298339844, -0.0000013113021850585938, 1.341104507446289e-07, 0.9634746313095093, 0.0474640354514122, -0.2635594308376312, -0.1930709183216095, 0.8051252365112305, -0.560800313949585, 0.18558073043823242, 0.5912027359008789, 0.7848817706108093),
            ["LeftFoot"] = CFrame.new(-5.587935447692871e-09, -2.384185791015625e-07, -1.1175870895385742e-08, 0.9901695251464844, -0.0845785140991211, 0.11140410602092743, 0.12200236320495605, 0.9117790460586548, -0.3921409845352173, -0.0684092566370964, 0.40187761187553406, 0.9131345152854919),
            ["LowerTorso"] = CFrame.new(-0.0029587522149086, -0.2878626585006714, 0.2677501440048218, 0.942374587059021, -0.06976133584976196, -0.32720571756362915, 0.016431258991360664, 0.9864893555641174, -0.16299964487552643, 0.33415600657463074, 0.14823029935359955, 0.9307886958122253),
            ["RightLowerLeg"] = CFrame.new(-4.470348358154297e-08, -0.000726163387298584, 0.00004610588803188875, 1, 9.313225746154785e-08, 4.656614649434232e-08, -7.4505820180093e-08, 0.43009552359580994, 0.9027831554412842, 1.0058285937475375e-07, -0.9027834534645081, 0.4300960600376129),
            ["LeftUpperLeg"] = CFrame.new(0, -2.5331974029541016e-07, -7.450580596923828e-09, 0.8913618326187134, 0.38565120100975037, 0.23821710050106049, -0.12023921310901642, 0.7078585624694824, -0.6960450410842896, -0.4370546042919159, 0.5917849540710449, 0.6773285865783691),
            ["LeftLowerLeg"] = CFrame.new(-5.21540641784668e-08, -0.0007265806198120117, 0.00008108653128147125, 1, 8.940698847936801e-08, 1.0989604959377175e-07, -6.705522537231445e-08, -0.3945423364639282, 0.9188777208328247, 1.434236764907837e-07, -0.9188777804374695, -0.39454230666160583),
        }},
        {Time = 0.233, Data = {
            ["RightFoot"] = CFrame.new(1.7974525690078735e-07, 0, -5.75528247281909e-09, 0.9840998649597168, -0.04633509740233421, -0.17146630585193634, -0.03446675091981888, 0.8972051739692688, -0.44026705622673035, 0.17424015700817108, 0.439176470041275, 0.8813422918319702),
            ["LeftLowerArm"] = CFrame.new(0.0000010728836059570312, -8.344650268554688e-07, 0.000004172325134277344, 1, 1.788139627478813e-07, -7.450581485102248e-09, -1.341104507446289e-07, 0.7707146406173706, -0.6371806263923645, -4.470348358154297e-08, 0.637180507183075, 0.770714521408081),
            ["RightUpperArm"] = CFrame.new(-0.07169234752655029, 0.032321810722351074, -0.03877288103103638, 0.5612776875495911, -0.4111141562461853, 0.718298077583313, 0.4218500852584839, 0.888806164264679, 0.17907023429870605, -0.712046205997467, 0.20250611007213593, 0.672295868396759),
            ["Head"] = CFrame.new(6.984919309616089e-10, -7.152557373046875e-07, 7.450580596923828e-09, 0.7308719158172607, 0.0033620866015553474, -0.6825060844421387, -0.04698250815272331, 0.9978635907173157, -0.04539645090699196, 0.6808956265449524, 0.06524477899074554, 0.7294687628746033),
            ["RightHand"] = CFrame.new(3.0174851417541504e-07, 8.940696716308594e-07, -7.450580596923828e-07, 0.9629251956939697, -0.07735483348369598, 0.25843995809555054, 0.21100537478923798, 0.8128673434257507, -0.5428844690322876, -0.1680828481912613, 0.5772894024848938, 0.7990527749061584),
            ["UpperTorso"] = CFrame.new(-1.1641532182693481e-09, -3.8743019104003906e-07, -2.0023435354232788e-08, 0.918893039226532, 0.0396079458296299, -0.392513245344162, 0.04307136312127113, 0.9789275527000427, 0.1996142566204071, 0.3921484351158142, -0.2003302425146103, 0.8978237509727478),
            ["HumanoidRootPart"] = CFrame.new(0, 0, 0, 1, 0, 0, 0, 1, 0, 0, 0, 1),
            ["RightUpperLeg"] = CFrame.new(5.960464477539063e-08, -3.026798367500305e-07, -3.894820110872388e-08, 0.9940791130065918, 0.09373880177736282, 0.05495225638151169, -0.05868823826313019, 0.888813316822052, -0.4544961154460907, -0.09144622087478638, 0.448579877614975, 0.8890520334243774),
            ["LeftUpperArm"] = CFrame.new(-0.010181427001953125, 0.0010334253311157227, -0.03803160786628723, 0.9411759972572327, 0.3270643353462219, 0.08495067059993744, -0.30952444672584534, 0.7335428595542908, 0.6050699949264526, 0.13558174669742584, -0.5957717299461365, 0.7916272878646851),
            ["RightLowerArm"] = CFrame.new(4.470348358154297e-07, 1.7881393432617188e-07, -0.000003896653652191162, 1, -0.000013880429833079688, 0.000013664366633747704, 0.00001898780647024978, 0.5401215553283691, -0.8415870666503906, 0.000004343688942753943, 0.8415870070457458, 0.5401216149330139),
            ["LeftHand"] = CFrame.new(-0.0000013709068298339844, -0.0000015497207641601562, 2.980232238769531e-07, 0.9484378695487976, 0.02090519107878208, -0.3162726163864136, -0.18454083800315857, 0.8476839661598206, -0.4973696768283844, 0.25770193338394165, 0.5300896167755127, 0.8078336715698242),
            ["LeftFoot"] = CFrame.new(-6.05359673500061e-08, -5.960464477539063e-08, -1.862645149230957e-08, 0.9913102388381958, -0.060707937926054, 0.11669853329658508, 0.09830760955810547, 0.9313579201698303, -0.3505825996398926, -0.0874050110578537, 0.35900846123695374, 0.9292327165603638),
            ["LowerTorso"] = CFrame.new(-0.0068940669298172, -0.2319432497024536, 0.25403934717178345, 0.9342246651649475, -0.035469163209199905, -0.3549174666404724, -0.0016043221112340689, 0.9946156144142151, -0.1036212146282196, 0.35668179392814636, 0.09737489372491837, 0.9291374087333679),
            ["RightLowerLeg"] = CFrame.new(-1.4016404747962952e-07, -0.0007264018058776855, 0.000046187844418454915, 1, 7.823112468940963e-08, 6.51925802230835e-08, -7.450579886381092e-08, 0.5126141309738159, 0.8586190938949585, 1.769512749660862e-07, -0.8586191534996033, 0.5126141905784607),
            ["LeftUpperLeg"] = CFrame.new(-1.1920928955078125e-07, -3.0919909477233887e-07, 0, 0.8757131695747375, 0.40235018730163574, 0.2669103145599365, -0.06795775890350342, 0.6500087380409241, -0.7568819522857666, -0.4780254364013672, 0.6446728706359863, 0.5965640544891357),
            ["LeftLowerLeg"] = CFrame.new(-9.12696123123169e-08, -0.0007265806198120117, 0.00008098036050796509, 1, 7.916242594774303e-08, 1.238658740021492e-07, -9.03382755268467e-08, -0.29152485728263855, 0.9565632343292236, 1.0617075929530984e-07, -0.9565633535385132, -0.29152485728263855),
        }},
        {Time = 0.267, Data = {
            ["RightFoot"] = CFrame.new(2.3283064365386963e-07, 5.960464477539063e-08, 1.6596459317952394e-08, 0.9851191639900208, -0.028302356600761414, -0.16952623426914215, -0.04909150302410126, 0.8989235758781433, -0.435346394777298, 0.16471247375011444, 0.4371904134750366, 0.8841574192047119),
            ["LeftLowerArm"] = CFrame.new(0.0000011622905731201172, -7.748603820800781e-07, 0.0000044405460357666016, 1, 1.043081283569336e-07, 7.450580596923828e-09, -1.4901161193847656e-07, 0.7499099373817444, -0.6615399718284607, -5.960464477539063e-08, 0.6615399718284607, 0.7499099373817444),
            ["RightUpperArm"] = CFrame.new(-0.06308227777481079, 0.020693063735961914, -0.03209695219993591, 0.5616031289100647, -0.4003254771232605, 0.7241145968437195, 0.4104851484298706, 0.8946706652641296, 0.1762561798095703, -0.718403697013855, 0.19825230538845062, 0.6667771935462952),
            ["Head"] = CFrame.new(2.2351741790771484e-08, -9.5367431640625e-07, 1.4901161193847656e-08, 0.7185898423194885, 0.00005298946052789688, -0.6954344511032104, -0.046780962496995926, 0.9977385997772217, -0.04826274886727333, 0.6938589215278625, 0.06721416115760803, 0.7169670462608337),
            ["RightHand"] = CFrame.new(3.3155083656311035e-07, 0.0000011920928955078125, -6.92903995513916e-07, 0.9779888987541199, -0.03395119309425354, 0.20587632060050964, 0.14348731935024261, 0.8257779479026794, -0.545437753200531, -0.1514900028705597, 0.5629726648330688, 0.8124731779098511),
            ["UpperTorso"] = CFrame.new(1.1175870895385742e-08, -1.7881393432617188e-07, 1.816079020500183e-08, 0.9332693219184875, 0.023723656311631203, -0.3583930432796478, 0.017292115837335587, 0.993691623210907, 0.11080635339021683, 0.35876089334487915, -0.10960956662893295, 0.9269717335700989),
            ["HumanoidRootPart"] = CFrame.new(0, 0, 0, 1, 0, 0, 0, 1, 0, 0, 0, 1),
            ["RightUpperLeg"] = CFrame.new(5.960464477539063e-08, -2.4872133508324623e-07, -1.6596459317952394e-08, 0.9931750297546387, 0.06729453802108765, 0.09526212513446808, -0.020693382248282433, 0.9054740071296692, -0.42389699816703796, -0.1147833913564682, 0.419032484292984, 0.9006867408752441),
            ["LeftUpperArm"] = CFrame.new(-0.0018872618675231934, 0.0007613897323608398, -0.03157728910446167, 0.9441400170326233, 0.3194381594657898, 0.08098888397216797, -0.28785014152526855, 0.6797415018081665, 0.674606442451477, 0.16044335067272186, -0.6602354645729065, 0.7337213754653931),
            ["RightLowerArm"] = CFrame.new(2.980232238769531e-07, 5.364418029785156e-07, -0.0000037848949432373047, 1, -0.000011704862117767334, 0.00001554191294417251, 0.000018978493244503625, 0.4087699353694916, -0.91263747215271, 0.0000043511395233508665, 0.91263747215271, 0.40877002477645874),
            ["LeftHand"] = CFrame.new(-0.0000013113021850585938, -0.0000013709068298339844, 1.1920928955078125e-07, 0.9288347363471985, -0.008111254312098026, -0.37040531635284424, -0.1665135622024536, 0.8839591145515442, -0.43690910935401917, 0.3309674561023712, 0.46749401092529297, 0.8197013735771179),
            ["LeftFoot"] = CFrame.new(3.4226104617118835e-08, -5.960464477539063e-08, 2.0489096641540527e-08, 0.9923853874206543, -0.03360430896282196, 0.11849921196699142, 0.06846761703491211, 0.9502338767051697, -0.3039207458496094, -0.10238899290561676, 0.30971965193748474, 0.9452989101409912),
