return {
["iron man pose"] = {

          {Time = 0.000, Data = {

              ["Head"] = CFrame.new(-0.000000, 0.000000, -0.000000, 1.000000, -0.000000, 0.000000, 0.000000, 0.559604, -0.828760, -0.000000, 0.828760, 0.559604),

              ["LeftFoot"] = CFrame.new(-0.000000, 0.027088, -0.000003, 0.911136, -0.315245, -0.265444, 0.331441, 0.943316, 0.017375, 0.244905, -0.103802, 0.963970),

              ["LeftHand"] = CFrame.new(0.000514, -0.020959, -0.000000, 0.915920, -0.346948, 0.201786, 0.349369, 0.936660, 0.024671, -0.197563, 0.047902, 0.979119),

              ["LeftLowerArm"] = CFrame.new(-0.000499, -0.021133, 0.000114, 1.000000, -0.000000, -0.000000, 0.000000, 1.000000, -0.000001, 0.000000, -0.000000, 1.000000),

              ["LeftLowerLeg"] = CFrame.new(0.000000, 0.111183, -0.050645, 1.000000, -0.000000, -0.000000, 0.000000, 0.476962, 0.878931, -0.000000, -0.878924, 0.476949),

              ["LeftUpperArm"] = CFrame.new(0.150351, -0.379716, 0.352269, 0.956855, -0.152635, -0.247248, 0.272592, 0.766176, 0.581952, 0.100609, -0.624241, 0.774726),

              ["LeftUpperLeg"] = CFrame.new(-0.000000, -0.000000, -0.000100, 0.928264, 0.371003, -0.026122, -0.365224, 0.922569, 0.124436, 0.070264, -0.105944, 0.991884),

              ["LowerTorso"] = CFrame.new(-0.000000, -1.504153, 0.679985, 1.000000, 0.000000, -0.000000, 0.000000, 0.067438, 0.997724, 0.000000, -0.997724, 0.067438),

              ["RightFoot"] = CFrame.new(-0.000000, 0.026347, -0.000103, 0.883470, 0.358374, 0.301759, -0.406289, 0.906782, 0.112607, -0.233259, -0.222072, 0.946711),

              ["RightHand"] = CFrame.new(-0.000515, -0.022521, 0.000000, 0.987572, 0.136108, -0.078587, -0.144540, 0.982906, -0.114036, 0.061722, 0.123977, 0.990364),

              ["RightLowerArm"] = CFrame.new(-0.000000, -0.022494, 0.000123, 1.000000, 0.000000, 0.000000, -0.000000, 1.000000, -0.000001, -0.000000, -0.000000, 1.000000),

              ["RightLowerLeg"] = CFrame.new(0.000000, 0.107708, -0.046304, 1.000000, 0.000000, 0.000000, -0.000000, 0.523107, 0.852274, 0.000000, -0.852267, 0.523095),

              ["RightUpperArm"] = CFrame.new(-0.189853, -0.352552, 0.318472, 0.962178, 0.229623, 0.146584, -0.271521, 0.764618, 0.584496, 0.022132, -0.602190, 0.798046),

              ["RightUpperLeg"] = CFrame.new(0.000000, -0.000000, -0.000000, 0.937728, -0.345154, -0.039185, 0.347358, 0.930770, 0.114087, -0.002905, -0.120568, 0.992698),

              ["UpperTorso"] = CFrame.new(-0.000000, 0.000000, 0.000000, 1.000000, 0.000000, 0.000000, 0.000000, 0.893746, -0.448573, -0.000000, 0.448573, 0.893746)

          }},

          {Time = 0.017, Data = {

              ["Head"] = CFrame.new(-0.000000, 0.000000, -0.000000, 1.000000, -0.000000, 0.000000, 0.000000, 0.559604, -0.828760, -0.000000, 0.828760, 0.559604),

              ["LeftFoot"] = CFrame.new(-0.000000, 0.027088, -0.000003, 0.911136, -0.315245, -0.265444, 0.331441, 0.943316, 0.017375, 0.244905, -0.103802, 0.963970),

              ["LeftHand"] = CFrame.new(0.000514, -0.020959, -0.000000, 0.915920, -0.346948, 0.201786, 0.349369, 0.936660, 0.024671, -0.197563, 0.047902, 0.979119),

              ["LeftLowerArm"] = CFrame.new(-0.000499, -0.021133, 0.000114, 1.000000, -0.000000, -0.000000, 0.000000, 1.000000, -0.000001, 0.000000, -0.000000, 1.000000),

              ["LeftLowerLeg"] = CFrame.new(0.000000, 0.111183, -0.050645, 1.000000, -0.000000, -0.000000, 0.000000, 0.476962, 0.878931, -0.000000, -0.878924, 0.476949),

              ["LeftUpperArm"] = CFrame.new(0.150351, -0.379716, 0.352269, 0.956855, -0.152635, -0.247248, 0.272592, 0.766176, 0.581952, 0.100609, -0.624241, 0.774726),

              ["LeftUpperLeg"] = CFrame.new(-0.000000, -0.000000, -0.000100, 0.928264, 0.371003, -0.026122, -0.365224, 0.922569, 0.124436, 0.070264, -0.105944, 0.991884),

              ["LowerTorso"] = CFrame.new(-0.000000, -1.504153, 0.679985, 1.000000, 0.000000, -0.000000, 0.000000, 0.067438, 0.997724, 0.000000, -0.997724, 0.067438),

              ["RightFoot"] = CFrame.new(-0.000000, 0.026347, -0.000103, 0.883470, 0.358374, 0.301759, -0.406289, 0.906782, 0.112607, -0.233259, -0.222072, 0.946711),

              ["RightHand"] = CFrame.new(-0.000515, -0.022521, 0.000000, 0.987572, 0.136108, -0.078587, -0.144540, 0.982906, -0.114036, 0.061722, 0.123977, 0.990364),

              ["RightLowerArm"] = CFrame.new(-0.000000, -0.022494, 0.000123, 1.000000, 0.000000, 0.000000, -0.000000, 1.000000, -0.000001, -0.000000, -0.000000, 1.000000),

              ["RightLowerLeg"] = CFrame.new(0.000000, 0.107708, -0.046304, 1.000000, 0.000000, 0.000000, -0.000000, 0.523107, 0.852274, 0.000000, -0.852267, 0.523095),

              ["RightUpperArm"] = CFrame.new(-0.189853, -0.352552, 0.318472, 0.962178, 0.229623, 0.146584, -0.271521, 0.764618, 0.584496, 0.022132, -0.602190, 0.798046),

              ["RightUpperLeg"] = CFrame.new(0.000000, -0.000000, -0.000000, 0.937728, -0.345154, -0.039185, 0.347358, 0.930770, 0.114087, -0.002905, -0.120568, 0.992698),

              ["UpperTorso"] = CFrame.new(-0.000000, 0.000000, 0.000000, 1.000000, 0.000000, 0.000000, 0.000000, 0.893746, -0.448573, -0.000000, 0.448573, 0.893746)

          }},

          {Time = 0.033, Data = {

              ["Head"] = CFrame.new(-0.000000, 0.000000, -0.000000, 1.000000, -0.000000, 0.000000, 0.000000, 0.559604, -0.828760, -0.000000, 0.828760, 0.559604),

              ["LeftFoot"] = CFrame.new(-0.000000, 0.027088, -0.000003, 0.911136, -0.315245, -0.265444, 0.331441, 0.943316, 0.017375, 0.244905, -0.103802, 0.963970),

              ["LeftHand"] = CFrame.new(0.000514, -0.020959, -0.000000, 0.915920, -0.346948, 0.201786, 0.349369, 0.936660, 0.024671, -0.197563, 0.047902, 0.979119),

              ["LeftLowerArm"] = CFrame.new(-0.000499, -0.021133, 0.000114, 1.000000, -0.000000, -0.000000, 0.000000, 1.000000, -0.000001, 0.000000, -0.000000, 1.000000),

              ["LeftLowerLeg"] = CFrame.new(0.000000, 0.111183, -0.050645, 1.000000, -0.000000, -0.000000, 0.000000, 0.476962, 0.878931, -0.000000, -0.878924, 0.476949),

              ["LeftUpperArm"] = CFrame.new(0.150351, -0.379716, 0.352269, 0.956855, -0.152635, -0.247248, 0.272592, 0.766176, 0.581952, 0.100609, -0.624241, 0.774726),

              ["LeftUpperLeg"] = CFrame.new(-0.000000, -0.000000, -0.000100, 0.928264, 0.371003, -0.026122, -0.365224, 0.922569, 0.124436, 0.070264, -0.105944, 0.991884),

              ["LowerTorso"] = CFrame.new(-0.000000, -1.504153, 0.679985, 1.000000, 0.000000, -0.000000, 0.000000, 0.067438, 0.997724, 0.000000, -0.997724, 0.067438),

              ["RightFoot"] = CFrame.new(-0.000000, 0.026347, -0.000103, 0.883470, 0.358374, 0.301759, -0.406289, 0.906782, 0.112607, -0.233259, -0.222072, 0.946711),

              ["RightHand"] = CFrame.new(-0.000515, -0.022521, 0.000000, 0.987572, 0.136108, -0.078587, -0.144540, 0.982906, -0.114036, 0.061722, 0.123977, 0.990364),

              ["RightLowerArm"] = CFrame.new(-0.000000, -0.022494, 0.000123, 1.000000, 0.000000, 0.000000, -0.000000, 1.000000, -0.000001, -0.000000, -0.000000, 1.000000),

              ["RightLowerLeg"] = CFrame.new(0.000000, 0.107708, -0.046304, 1.000000, 0.000000, 0.000000, -0.000000, 0.523107, 0.852274, 0.000000, -0.852267, 0.523095),

              ["RightUpperArm"] = CFrame.new(-0.189853, -0.352552, 0.318472, 0.962178, 0.229623, 0.146584, -0.271521, 0.764618, 0.584496, 0.022132, -0.602190, 0.798046),

              ["RightUpperLeg"] = CFrame.new(0.000000, -0.000000, -0.000000, 0.937728, -0.345154, -0.039185, 0.347358, 0.930770, 0.114087, -0.002905, -0.120568, 0.992698),

              ["UpperTorso"] = CFrame.new(-0.000000, 0.000000, 0.000000, 1.000000, 0.000000, 0.000000, 0.000000, 0.893746, -0.448573, -0.000000, 0.448573, 0.893746)

          }},

          {Time = 0.050, Data = {

              ["Head"] = CFrame.new(-0.000000, 0.000000, -0.000000, 1.000000, -0.000000, 0.000000, 0.000000, 0.559604, -0.828760, -0.000000, 0.828760, 0.559604),

              ["LeftFoot"] = CFrame.new(-0.000000, 0.027088, -0.000003, 0.911136, -0.315245, -0.265444, 0.331441, 0.943316, 0.017375, 0.244905, -0.103802, 0.963970),

              ["LeftHand"] = CFrame.new(0.000514, -0.020959, -0.000000, 0.915920, -0.346948, 0.201786, 0.349369, 0.936660, 0.024671, -0.197563, 0.047902, 0.979119),

              ["LeftLowerArm"] = CFrame.new(-0.000499, -0.021133, 0.000114, 1.000000, -0.000000, -0.000000, 0.000000, 1.000000, -0.000001, 0.000000, -0.000000, 1.000000),

              ["LeftLowerLeg"] = CFrame.new(0.000000, 0.111183, -0.050645, 1.000000, -0.000000, -0.000000, 0.000000, 0.476962, 0.878931, -0.000000, -0.878924, 0.476949),

              ["LeftUpperArm"] = CFrame.new(0.150351, -0.379716, 0.352269, 0.956855, -0.152635, -0.247248, 0.272592, 0.766176, 0.581952, 0.100609, -0.624241, 0.774726),

              ["LeftUpperLeg"] = CFrame.new(-0.000000, -0.000000, -0.000100, 0.928264, 0.371003, -0.026122, -0.365224, 0.922569, 0.124436, 0.070264, -0.105944, 0.991884),

              ["LowerTorso"] = CFrame.new(-0.000000, -1.504153, 0.679985, 1.000000, 0.000000, -0.000000, 0.000000, 0.067438, 0.997724, 0.000000, -0.997724, 0.067438),

              ["RightFoot"] = CFrame.new(-0.000000, 0.026347, -0.000103, 0.883470, 0.358374, 0.301759, -0.406289, 0.906782, 0.112607, -0.233259, -0.222072, 0.946711),

              ["RightHand"] = CFrame.new(-0.000515, -0.022521, 0.000000, 0.987572, 0.136108, -0.078587, -0.144540, 0.982906, -0.114036, 0.061722, 0.123977, 0.990364),

              ["RightLowerArm"] = CFrame.new(-0.000000, -0.022494, 0.000123, 1.000000, 0.000000, 0.000000, -0.000000, 1.000000, -0.000001, -0.000000, -0.000000, 1.000000),

              ["RightLowerLeg"] = CFrame.new(0.000000, 0.107708, -0.046304, 1.000000, 0.000000, 0.000000, -0.000000, 0.523107, 0.852274, 0.000000, -0.852267, 0.523095),

              ["RightUpperArm"] = CFrame.new(-0.189853, -0.352552, 0.318472, 0.962178, 0.229623, 0.146584, -0.271521, 0.764618, 0.584496, 0.022132, -0.602190, 0.798046),

              ["RightUpperLeg"] = CFrame.new(0.000000, -0.000000, -0.000000, 0.937728, -0.345154, -0.039185, 0.347358, 0.930770, 0.114087, -0.002905, -0.120568, 0.992698),

              ["UpperTorso"] = CFrame.new(-0.000000, 0.000000, 0.000000, 1.000000, 0.000000, 0.000000, 0.000000, 0.893746, -0.448573, -0.000000, 0.448573, 0.893746)

          }},

          {Time = 0.067, Data = {

              ["Head"] = CFrame.new(-0.000000, 0.000000, -0.000000, 1.000000, -0.000000, 0.000000, 0.000000, 0.559604, -0.828760, -0.000000, 0.828760, 0.559604),

              ["LeftFoot"] = CFrame.new(-0.000000, 0.027088, -0.000003, 0.911136, -0.315245, -0.265444, 0.331441, 0.943316, 0.017375, 0.244905, -0.103802, 0.963970),

              ["LeftHand"] = CFrame.new(0.000514, -0.020959, -0.000000, 0.915920, -0.346948, 0.201786, 0.349369, 0.936660, 0.024671, -0.197563, 0.047902, 0.979119),

              ["LeftLowerArm"] = CFrame.new(-0.000499, -0.021133, 0.000114, 1.000000, -0.000000, -0.000000, 0.000000, 1.000000, -0.000001, 0.000000, -0.000000, 1.000000),

              ["LeftLowerLeg"] = CFrame.new(0.000000, 0.111183, -0.050645, 1.000000, -0.000000, -0.000000, 0.000000, 0.476962, 0.878931, -0.000000, -0.878924, 0.476949),

              ["LeftUpperArm"] = CFrame.new(0.150351, -0.379716, 0.352269, 0.956855, -0.152635, -0.247248, 0.272592, 0.766176, 0.581952, 0.100609, -0.624241, 0.774726),

              ["LeftUpperLeg"] = CFrame.new(-0.000000, -0.000000, -0.000100, 0.928264, 0.371003, -0.026122, -0.365224, 0.922569, 0.124436, 0.070264, -0.105944, 0.991884),

              ["LowerTorso"] = CFrame.new(-0.000000, -1.504153, 0.679985, 1.000000, 0.000000, -0.000000, 0.000000, 0.067438, 0.997724, 0.000000, -0.997724, 0.067438),

              ["RightFoot"] = CFrame.new(-0.000000, 0.026347, -0.000103, 0.883470, 0.358374, 0.301759, -0.406289, 0.906782, 0.112607, -0.233259, -0.222072, 0.946711),

              ["RightHand"] = CFrame.new(-0.000515, -0.022521, 0.000000, 0.987572, 0.136108, -0.078587, -0.144540, 0.982906, -0.114036, 0.061722, 0.123977, 0.990364),

              ["RightLowerArm"] = CFrame.new(-0.000000, -0.022494, 0.000123, 1.000000, 0.000000, 0.000000, -0.000000, 1.000000, -0.000001, -0.000000, -0.000000, 1.000000),

              ["RightLowerLeg"] = CFrame.new(0.000000, 0.107708, -0.046304, 1.000000, 0.000000, 0.000000, -0.000000, 0.523107, 0.852274, 0.000000, -0.852267, 0.523095),

              ["RightUpperArm"] = CFrame.new(-0.189853, -0.352552, 0.318472, 0.962178, 0.229623, 0.146584, -0.271521, 0.764618, 0.584496, 0.022132, -0.602190, 0.798046),

              ["RightUpperLeg"] = CFrame.new(0.000000, -0.000000, -0.000000, 0.937728, -0.345154, -0.039185, 0.347358, 0.930770, 0.114087, -0.002905, -0.120568, 0.992698),

              ["UpperTorso"] = CFrame.new(-0.000000, 0.000000, 0.000000, 1.000000, 0.000000, 0.000000, 0.000000, 0.893746, -0.448573, -0.000000, 0.448573, 0.893746)

          }},

          {Time = 0.083, Data = {

              ["Head"] = CFrame.new(-0.000000, 0.000000, -0.000000, 1.000000, -0.000000, 0.000000, 0.000000, 0.559604, -0.828760, -0.000000, 0.828760, 0.559604),

              ["LeftFoot"] = CFrame.new(-0.000000, 0.027088, -0.000003, 0.911136, -0.315245, -0.265444, 0.331441, 0.943316, 0.017375, 0.244905, -0.103802, 0.963970),

              ["LeftHand"] = CFrame.new(0.000514, -0.020959, -0.000000, 0.915920, -0.346948, 0.201786, 0.349369, 0.936660, 0.024671, -0.197563, 0.047902, 0.979119),

              ["LeftLowerArm"] = CFrame.new(-0.000499, -0.021133, 0.000114, 1.000000, -0.000000, -0.000000, 0.000000, 1.000000, -0.000001, 0.000000, -0.000000, 1.000000),

              ["LeftLowerLeg"] = CFrame.new(0.000000, 0.111183, -0.050645, 1.000000, -0.000000, -0.000000, 0.000000, 0.476962, 0.878931, -0.000000, -0.878924, 0.476949),

              ["LeftUpperArm"] = CFrame.new(0.150351, -0.379716, 0.352269, 0.956855, -0.152635, -0.247248, 0.272592, 0.766176, 0.581952, 0.100609, -0.624241, 0.774726),

              ["LeftUpperLeg"] = CFrame.new(-0.000000, -0.000000, -0.000100, 0.928264, 0.371003, -0.026122, -0.365224, 0.922569, 0.124436, 0.070264, -0.105944, 0.991884),

              ["LowerTorso"] = CFrame.new(-0.000000, -1.504153, 0.679985, 1.000000, 0.000000, -0.000000, 0.000000, 0.067438, 0.997724, 0.000000, -0.997724, 0.067438),

              ["RightFoot"] = CFrame.new(-0.000000, 0.026347, -0.000103, 0.883470, 0.358374, 0.301759, -0.406289, 0.906782, 0.112607, -0.233259, -0.222072, 0.946711),

              ["RightHand"] = CFrame.new(-0.000515, -0.022521, 0.000000, 0.987572, 0.136108, -0.078587, -0.144540, 0.982906, -0.114036, 0.061722, 0.123977, 0.990364),

              ["RightLowerArm"] = CFrame.new(-0.000000, -0.022494, 0.000123, 1.000000, 0.000000, 0.000000, -0.000000, 1.000000, -0.000001, -0.000000, -0.000000, 1.000000),

              ["RightLowerLeg"] = CFrame.new(0.000000, 0.107708, -0.046304, 1.000000, 0.000000, 0.000000, -0.000000, 0.523107, 0.852274, 0.000000, -0.852267, 0.523095),

              ["RightUpperArm"] = CFrame.new(-0.189853, -0.352552, 0.318472, 0.962178, 0.229623, 0.146584, -0.271521, 0.764618, 0.584496, 0.022132, -0.602190, 0.798046),

              ["RightUpperLeg"] = CFrame.new(0.000000, -0.000000, -0.000000, 0.937728, -0.345154, -0.039185, 0.347358, 0.930770, 0.114087, -0.002905, -0.120568, 0.992698),

              ["UpperTorso"] = CFrame.new(-0.000000, 0.000000, 0.000000, 1.000000, 0.000000, 0.000000, 0.000000, 0.893746, -0.448573, -0.000000, 0.448573, 0.893746)

          }},

          {Time = 0.100, Data = {

              ["Head"] = CFrame.new(-0.000000, 0.000000, -0.000000, 1.000000, -0.000000, 0.000000, 0.000000, 0.559604, -0.828760, -0.000000, 0.828760, 0.559604),

              ["LeftFoot"] = CFrame.new(-0.000000, 0.027088, -0.000003, 0.911136, -0.315245, -0.265444, 0.331441, 0.943316, 0.017375, 0.244905, -0.103802, 0.963970),

              ["LeftHand"] = CFrame.new(0.000514, -0.020959, -0.000000, 0.915920, -0.346948, 0.201786, 0.349369, 0.936660, 0.024671, -0.197563, 0.047902, 0.979119),

              ["LeftLowerArm"] = CFrame.new(-0.000499, -0.021133, 0.000114, 1.000000, -0.000000, -0.000000, 0.000000, 1.000000, -0.000001, 0.000000, -0.000000, 1.000000),

              ["LeftLowerLeg"] = CFrame.new(0.000000, 0.111183, -0.050645, 1.000000, -0.000000, -0.000000, 0.000000, 0.476962, 0.878931, -0.000000, -0.878924, 0.476949),

              ["LeftUpperArm"] = CFrame.new(0.150351, -0.379716, 0.352269, 0.956855, -0.152635, -0.247248, 0.272592, 0.766176, 0.581952, 0.100609, -0.624241, 0.774726),

              ["LeftUpperLeg"] = CFrame.new(-0.000000, -0.000000, -0.000100, 0.928264, 0.371003, -0.026122, -0.365224, 0.922569, 0.124436, 0.070264, -0.105944, 0.991884),

              ["LowerTorso"] = CFrame.new(-0.000000, -1.504153, 0.679985, 1.000000, 0.000000, -0.000000, 0.000000, 0.067438, 0.997724, 0.000000, -0.997724, 0.067438),

              ["RightFoot"] = CFrame.new(-0.000000, 0.026347, -0.000103, 0.883470, 0.358374, 0.301759, -0.406289, 0.906782, 0.112607, -0.233259, -0.222072, 0.946711),

              ["RightHand"] = CFrame.new(-0.000515, -0.022521, 0.000000, 0.987572, 0.136108, -0.078587, -0.144540, 0.982906, -0.114036, 0.061722, 0.123977, 0.990364),

              ["RightLowerArm"] = CFrame.new(-0.000000, -0.022494, 0.000123, 1.000000, 0.000000, 0.000000, -0.000000, 1.000000, -0.000001, -0.000000, -0.000000, 1.000000),

              ["RightLowerLeg"] = CFrame.new(0.000000, 0.107708, -0.046304, 1.000000, 0.000000, 0.000000, -0.000000, 0.523107, 0.852274, 0.000000, -0.852267, 0.523095),

              ["RightUpperArm"] = CFrame.new(-0.189853, -0.352552, 0.318472, 0.962178, 0.229623, 0.146584, -0.271521, 0.764618, 0.584496, 0.022132, -0.602190, 0.798046),

              ["RightUpperLeg"] = CFrame.new(0.000000, -0.000000, -0.000000, 0.937728, -0.345154, -0.039185, 0.347358, 0.930770, 0.114087, -0.002905, -0.120568, 0.992698),

              ["UpperTorso"] = CFrame.new(-0.000000, 0.000000, 0.000000, 1.000000, 0.000000, 0.000000, 0.000000, 0.893746, -0.448573, -0.000000, 0.448573, 0.893746)

          }},

          {Time = 0.117, Data = {

              ["Head"] = CFrame.new(-0.000000, 0.000000, -0.000000, 1.000000, -0.000000, 0.000000, 0.000000, 0.559604, -0.828760, -0.000000, 0.828760, 0.559604),

              ["LeftFoot"] = CFrame.new(-0.000000, 0.027088, -0.000003, 0.911136, -0.315245, -0.265444, 0.331441, 0.943316, 0.017375, 0.244905, -0.103802, 0.963970),

              ["LeftHand"] = CFrame.new(0.000514, -0.020959, -0.000000, 0.915920, -0.346948, 0.201786, 0.349369, 0.936660, 0.024671, -0.197563, 0.047902, 0.979119),

              ["LeftLowerArm"] = CFrame.new(-0.000499, -0.021133, 0.000114, 1.000000, -0.000000, -0.000000, 0.000000, 1.000000, -0.000001, 0.000000, -0.000000, 1.000000),

              ["LeftLowerLeg"] = CFrame.new(0.000000, 0.111183, -0.050645, 1.000000, -0.000000, -0.000000, 0.000000, 0.476962, 0.878931, -0.000000, -0.878924, 0.476949),

              ["LeftUpperArm"] = CFrame.new(0.150351, -0.379716, 0.352269, 0.956855, -0.152635, -0.247248, 0.272592, 0.766176, 0.581952, 0.100609, -0.624241, 0.774726),

              ["LeftUpperLeg"] = CFrame.new(-0.000000, -0.000000, -0.000100, 0.928264, 0.371003, -0.026122, -0.365224, 0.922569, 0.124436, 0.070264, -0.105944, 0.991884),

              ["LowerTorso"] = CFrame.new(-0.000000, -1.504153, 0.679985, 1.000000, 0.000000, -0.000000, 0.000000, 0.067438, 0.997724, 0.000000, -0.997724, 0.067438),

              ["RightFoot"] = CFrame.new(-0.000000, 0.026347, -0.000103, 0.883470, 0.358374, 0.301759, -0.406289, 0.906782, 0.112607, -0.233259, -0.222072, 0.946711),

              ["RightHand"] = CFrame.new(-0.000515, -0.022521, 0.000000, 0.987572, 0.136108, -0.078587, -0.144540, 0.982906, -0.114036, 0.061722, 0.123977, 0.990364),

              ["RightLowerArm"] = CFrame.new(-0.000000, -0.022494, 0.000123, 1.000000, 0.000000, 0.000000, -0.000000, 1.000000, -0.000001, -0.000000, -0.000000, 1.000000),

              ["RightLowerLeg"] = CFrame.new(0.000000, 0.107708, -0.046304, 1.000000, 0.000000, 0.000000, -0.000000, 0.523107, 0.852274, 0.000000, -0.852267, 0.523095),

              ["RightUpperArm"] = CFrame.new(-0.189853, -0.352552, 0.318472, 0.962178, 0.229623, 0.146584, -0.271521, 0.764618, 0.584496, 0.022132, -0.602190, 0.798046),

              ["RightUpperLeg"] = CFrame.new(0.000000, -0.000000, -0.000000, 0.937728, -0.345154, -0.039185, 0.347358, 0.930770, 0.114087, -0.002905, -0.120568, 0.992698),

              ["UpperTorso"] = CFrame.new(-0.000000, 0.000000, 0.000000, 1.000000, 0.000000, 0.000000, 0.000000, 0.893746, -0.448573, -0.000000, 0.448573, 0.893746)

          }},

          {Time = 0.133, Data = {

              ["Head"] = CFrame.new(-0.000000, 0.000000, -0.000000, 1.000000, -0.000000, 0.000000, 0.000000, 0.559604, -0.828760, -0.000000, 0.828760, 0.559604),

              ["LeftFoot"] = CFrame.new(-0.000000, 0.027088, -0.000003, 0.911136, -0.315245, -0.265444, 0.331441, 0.943316, 0.017375, 0.244905, -0.103802, 0.963970),

              ["LeftHand"] = CFrame.new(0.000514, -0.020959, -0.000000, 0.915920, -0.346948, 0.201786, 0.349369, 0.936660, 0.024671, -0.197563, 0.047902, 0.979119),

              ["LeftLowerArm"] = CFrame.new(-0.000499, -0.021133, 0.000114, 1.000000, -0.000000, -0.000000, 0.000000, 1.000000, -0.000001, 0.000000, -0.000000, 1.000000),

              ["LeftLowerLeg"] = CFrame.new(0.000000, 0.111183, -0.050645, 1.000000, -0.000000, -0.000000, 0.000000, 0.476962, 0.878931, -0.000000, -0.878924, 0.476949),

              ["LeftUpperArm"] = CFrame.new(0.150351, -0.379716, 0.352269, 0.956855, -0.152635, -0.247248, 0.272592, 0.766176, 0.581952, 0.100609, -0.624241, 0.774726),

              ["LeftUpperLeg"] = CFrame.new(-0.000000, -0.000000, -0.000100, 0.928264, 0.371003, -0.026122, -0.365224, 0.922569, 0.124436, 0.070264, -0.105944, 0.991884),

              ["LowerTorso"] = CFrame.new(-0.000000, -1.504153, 0.679985, 1.000000, 0.000000, -0.000000, 0.000000, 0.067438, 0.997724, 0.000000, -0.997724, 0.067438),

              ["RightFoot"] = CFrame.new(-0.000000, 0.026347, -0.000103, 0.883470, 0.358374, 0.301759, -0.406289, 0.906782, 0.112607, -0.233259, -0.222072, 0.946711),

              ["RightHand"] = CFrame.new(-0.000515, -0.022521, 0.000000, 0.987572, 0.136108, -0.078587, -0.144540, 0.982906, -0.114036, 0.061722, 0.123977, 0.990364),

              ["RightLowerArm"] = CFrame.new(-0.000000, -0.022494, 0.000123, 1.000000, 0.000000, 0.000000, -0.000000, 1.000000, -0.000001, -0.000000, -0.000000, 1.000000),

              ["RightLowerLeg"] = CFrame.new(0.000000, 0.107708, -0.046304, 1.000000, 0.000000, 0.000000, -0.000000, 0.523107, 0.852274, 0.000000, -0.852267, 0.523095),

              ["RightUpperArm"] = CFrame.new(-0.189853, -0.352552, 0.318472, 0.962178, 0.229623, 0.146584, -0.271521, 0.764618, 0.584496, 0.022132, -0.602190, 0.798046),

              ["RightUpperLeg"] = CFrame.new(0.000000, -0.000000, -0.000000, 0.937728, -0.345154, -0.039185, 0.347358, 0.930770, 0.114087, -0.002905, -0.120568, 0.992698),

              ["UpperTorso"] = CFrame.new(-0.000000, 0.000000, 0.000000, 1.000000, 0.000000, 0.000000, 0.000000, 0.893746, -0.448573, -0.000000, 0.448573, 0.893746)

          }},

          {Time = 0.150, Data = {

              ["Head"] = CFrame.new(-0.000000, 0.000000, -0.000000, 1.000000, -0.000000, 0.000000, 0.000000, 0.559604, -0.828760, -0.000000, 0.828760, 0.559604),

              ["LeftFoot"] = CFrame.new(-0.000000, 0.027088, -0.000003, 0.911136, -0.315245, -0.265444, 0.331441, 0.943316, 0.017375, 0.244905, -0.103802, 0.963970),

              ["LeftHand"] = CFrame.new(0.000514, -0.020959, -0.000000, 0.915920, -0.346948, 0.201786, 0.349369, 0.936660, 0.024671, -0.197563, 0.047902, 0.979119),

              ["LeftLowerArm"] = CFrame.new(-0.000499, -0.021133, 0.000114, 1.000000, -0.000000, -0.000000, 0.000000, 1.000000, -0.000001, 0.000000, -0.000000, 1.000000),

              ["LeftLowerLeg"] = CFrame.new(0.000000, 0.111183, -0.050645, 1.000000, -0.000000, -0.000000, 0.000000, 0.476962, 0.878931, -0.000000, -0.878924, 0.476949),

              ["LeftUpperArm"] = CFrame.new(0.150351, -0.379716, 0.352269, 0.956855, -0.152635, -0.247248, 0.272592, 0.766176, 0.581952, 0.100609, -0.624241, 0.774726),

              ["LeftUpperLeg"] = CFrame.new(-0.000000, -0.000000, -0.000100, 0.928264, 0.371003, -0.026122, -0.365224, 0.922569, 0.124436, 0.070264, -0.105944, 0.991884),

              ["LowerTorso"] = CFrame.new(-0.000000, -1.504153, 0.679985, 1.000000, 0.000000, -0.000000, 0.000000, 0.067438, 0.997724, 0.000000, -0.997724, 0.067438),

              ["RightFoot"] = CFrame.new(-0.000000, 0.026347, -0.000103, 0.883470, 0.358374, 0.301759, -0.406289, 0.906782, 0.112607, -0.233259, -0.222072, 0.946711),

              ["RightHand"] = CFrame.new(-0.000515, -0.022521, 0.000000, 0.987572, 0.136108, -0.078587, -0.144540, 0.982906, -0.114036, 0.061722, 0.123977, 0.990364),

              ["RightLowerArm"] = CFrame.new(-0.000000, -0.022494, 0.000123, 1.000000, 0.000000, 0.000000, -0.000000, 1.000000, -0.000001, -0.000000, -0.000000, 1.000000),

              ["RightLowerLeg"] = CFrame.new(0.000000, 0.107708, -0.046304, 1.000000, 0.000000, 0.000000, -0.000000, 0.523107, 0.852274, 0.000000, -0.852267, 0.523095),

              ["RightUpperArm"] = CFrame.new(-0.189853, -0.352552, 0.318472, 0.962178, 0.229623, 0.146584, -0.271521, 0.764618, 0.584496, 0.022132, -0.602190, 0.798046),

              ["RightUpperLeg"] = CFrame.new(0.000000, -0.000000, -0.000000, 0.937728, -0.345154, -0.039185, 0.347358, 0.930770, 0.114087, -0.002905, -0.120568, 0.992698),

              ["UpperTorso"] = CFrame.new(-0.000000, 0.000000, 0.000000, 1.000000, 0.000000, 0.000000, 0.000000, 0.893746, -0.448573, -0.000000, 0.448573, 0.893746)

          }},

          {Time = 0.167, Data = {

              ["Head"] = CFrame.new(-0.000000, 0.000000, -0.000000, 1.000000, -0.000000, 0.000000, 0.000000, 0.559604, -0.828760, -0.000000, 0.828760, 0.559604),

              ["LeftFoot"] = CFrame.new(-0.000000, 0.027088, -0.000003, 0.911136, -0.315245, -0.265444, 0.331441, 0.943316, 0.017375, 0.244905, -0.103802, 0.963970),

              ["LeftHand"] = CFrame.new(0.000514, -0.020959, -0.000000, 0.915920, -0.346948, 0.201786, 0.349369, 0.936660, 0.024671, -0.197563, 0.047902, 0.979119),

              ["LeftLowerArm"] = CFrame.new(-0.000499, -0.021133, 0.000114, 1.000000, -0.000000, -0.000000, 0.000000, 1.000000, -0.000001, 0.000000, -0.000000, 1.000000),

              ["LeftLowerLeg"] = CFrame.new(0.000000, 0.111183, -0.050645, 1.000000, -0.000000, -0.000000, 0.000000, 0.476962, 0.878931, -0.000000, -0.878924, 0.476949),

              ["LeftUpperArm"] = CFrame.new(0.150351, -0.379716, 0.352269, 0.956855, -0.152635, -0.247248, 0.272592, 0.766176, 0.581952, 0.100609, -0.624241, 0.774726),

              ["LeftUpperLeg"] = CFrame.new(-0.000000, -0.000000, -0.000100, 0.928264, 0.371003, -0.026122, -0.365224, 0.922569, 0.124436, 0.070264, -0.105944, 0.991884),

              ["LowerTorso"] = CFrame.new(-0.000000, -1.504153, 0.679985, 1.000000, 0.000000, -0.000000, 0.000000, 0.067438, 0.997724, 0.000000, -0.997724, 0.067438),

              ["RightFoot"] = CFrame.new(-0.000000, 0.026347, -0.000103, 0.883470, 0.358374, 0.301759, -0.406289, 0.906782, 0.112607, -0.233259, -0.222072, 0.946711),

              ["RightHand"] = CFrame.new(-0.000515, -0.022521, 0.000000, 0.987572, 0.136108, -0.078587, -0.144540, 0.982906, -0.114036, 0.061722, 0.123977, 0.990364),

              ["RightLowerArm"] = CFrame.new(-0.000000, -0.022494, 0.000123, 1.000000, 0.000000, 0.000000, -0.000000, 1.000000, -0.000001, -0.000000, -0.000000, 1.000000),

              ["RightLowerLeg"] = CFrame.new(0.000000, 0.107708, -0.046304, 1.000000, 0.000000, 0.000000, -0.000000, 0.523107, 0.852274, 0.000000, -0.852267, 0.523095),

              ["RightUpperArm"] = CFrame.new(-0.189853, -0.352552, 0.318472, 0.962178, 0.229623, 0.146584, -0.271521, 0.764618, 0.584496, 0.022132, -0.602190, 0.798046),

              ["RightUpperLeg"] = CFrame.new(0.000000, -0.000000, -0.000000, 0.937728, -0.345154, -0.039185, 0.347358, 0.930770, 0.114087, -0.002905, -0.120568, 0.992698),

              ["UpperTorso"] = CFrame.new(-0.000000, 0.000000, 0.000000, 1.000000, 0.000000, 0.000000, 0.000000, 0.893746, -0.448573, -0.000000, 0.448573, 0.893746)

          }},

      }
}
