return {
    ["It's Good"] = {
        {Time = 0.000, Data = {
            ["RightFoot"] = CFrame.new(-8.940696716308594e-08, 2.980232238769531e-07, -1.3205863069742918e-08, 0.9580609798431396, 0.2776665985584259, -0.07085570693016052, -0.28103145956993103, 0.8620356917381287, -0.42180031538009644, -0.056040264666080475, 0.4240233600139618, 0.9039160013198853),
            ["LeftLowerArm"] = CFrame.new(-0.0000022649765014648438, -0.0000017881393432617188, -0.0000018477439880371094, 1, -4.8428415055923324e-08, 3.725311970015355e-08, 2.2351768436124075e-08, 0.8368388414382935, -0.5474494099617004, -1.0430825625462603e-07, 0.5474492907524109, 0.8368389010429382),
            ["LeftFoot"] = CFrame.new(1.3783574104309082e-07, 5.960464477539063e-08, -6.084883352741599e-08, 0.980704665184021, -0.19223351776599884, 0.03556421771645546, 0.19266825914382935, 0.9812209010124207, -0.009194417856633663, -0.033128973096609116, 0.015869157388806343, 0.9993250966072083),
            ["Head"] = CFrame.new(1.30385160446167e-08, -4.76837158203125e-07, 1.30385160446167e-08, 0.9379934072494507, -0.025078274309635162, 0.3457452952861786, 0.03481902554631233, 0.9991517663002014, -0.02199038676917553, -0.3448999524116516, 0.03266436606645584, 0.9380707144737244),
            ["LowerTorso"] = CFrame.new(-0.04620964825153351, -0.15269184112548828, 0.039108384400606155, 0.9634904265403748, -0.011835468001663685, -0.2674812376499176, 1.890465739506908e-07, 0.9990225434303284, -0.04420391470193863, 0.26774296164512634, 0.04258999601006508, 0.9625486135482788),
            ["UpperTorso"] = CFrame.new(1.9782078197749797e-09, 1.7881393432617188e-07, 5.587935447692871e-09, 0.996629536151886, 0.008715237490832806, -0.0815695971250534, 0.007169230375438929, 0.9812827706336975, 0.19243909418582916, 0.08172009140253067, -0.1923753023147583, 0.9779129028320312),
            ["HumanoidRootPart"] = CFrame.new(0, 0, 0, 1, 0, 0, 0, 1, 0, 0, 0, 1),
            ["RightUpperLeg"] = CFrame.new(5.960464477539063e-08, 3.306195139884949e-08, 5.75528247281909e-09, 0.8916041851043701, -0.3099917769432068, -0.330071359872818, 0.29544833302497864, 0.9506497383117676, -0.09473901987075806, 0.3431507349014282, -0.013049473986029625, 0.9391897320747375),
            ["LeftUpperArm"] = CFrame.new(5.960464477539063e-08, -1.1920928955078125e-07, -2.9802322387695312e-08, 0.7952554225921631, 0.4329219460487366, -0.42443740367889404, -0.3355683386325836, 0.8973707556724548, 0.28656503558158875, 0.5049382448196411, -0.08546537905931473, 0.8589140176773071),
            ["RightLowerArm"] = CFrame.new(0.0000021457672119140625, -9.5367431640625e-07, 0.0000013709068298339844, 1, -6.146721176492065e-08, 1.1175969483190329e-08, 5.960418292261238e-08, 0.85484778881073, -0.5188788175582886, 2.2351567707801223e-08, 0.5188788175582886, 0.8548479080200195),
            ["LeftHand"] = CFrame.new(1.1920928955078125e-07, -2.384185791015625e-07, -8.940696716308594e-08, 0.9987494945526123, 0.030157331377267838, 0.03987564891576767, -0.02868075855076313, 0.9989004135131836, -0.03711390495300293, -0.04095005989074707, 0.0358949638903141, 0.9985151886940002),
            ["RightHand"] = CFrame.new(-2.2351741790771484e-07, -2.384185791015625e-07, -2.2351741790771484e-08, 0.9976428151130676, -0.06819337606430054, 0.00765363359823823, 0.06860758364200592, 0.9889236688613892, -0.1316344290971756, 0.0014064154820516706, 0.13183239102363586, 0.9912688732147217),
            ["RightUpperArm"] = CFrame.new(-5.960464477539063e-08, 2.384185791015625e-07, 5.960464477539063e-08, 0.9721574783325195, -0.23428703844547272, -0.004416309297084808, 0.22681957483291626, 0.9361046552658081, 0.26881301403045654, -0.05884496122598648, -0.26233112812042236, 0.9631822109222412),
            ["RightLowerLeg"] = CFrame.new(-5.960464477539063e-08, -0.000060439109802246094, -0.00007209012255771086, 1, -4.842878098543224e-08, -5.2154071283894154e-08, 1.1920928955078125e-07, 0.8345927596092224, 0.5508672595024109, 3.725290298461914e-08, -0.5508675575256348, 0.834592878818512),
            ["LeftUpperLeg"] = CFrame.new(2.9802322387695312e-08, 1.0849907994270325e-07, 2.2351741790771484e-08, 0.971336841583252, 0.2374095618724823, 0.011899730190634727, -0.19994398951530457, 0.8430741429328918, -0.4992479085922241, -0.1285584568977356, 0.48255854845046997, 0.8663775324821472),
            ["LeftLowerLeg"] = CFrame.new(-9.685754776000977e-08, 0.00006079673767089844, 0.00007195770740509033, 1, 4.330649616690607e-08, 7.665222234720659e-09, -5.215405707303944e-08, 0.8366671204566956, 0.5477117896080017, 7.4505797087454084e-09, -0.5477117896080017, 0.8366671800613403),
        }},
        {Time = 0.033, Data = {
            ["RightFoot"] = CFrame.new(1.1920928955078125e-07, 4.172325134277344e-07, -1.3205863069742918e-08, 0.9602169394493103, 0.2702486217021942, -0.07035238295793533, -0.27400556206703186, 0.8631563782691956, -0.4241246283054352, -0.053894225507974625, 0.4265289306640625, 0.9028670191764832),
            ["LeftLowerArm"] = CFrame.new(-0.000028312206268310547, -0.0000026226043701171875, -0.0000020265579223632812, 1, -2.8870314139339825e-08, -7.450332795144732e-09, 7.4502004565601965e-09, 0.8311448693275452, -0.5560558438301086, -7.4502004565601965e-09, 0.5560559034347534, 0.8311449289321899),
            ["LeftFoot"] = CFrame.new(4.470348358154297e-08, 0, 1.816079020500183e-08, 0.9801695942878723, -0.19670946896076202, 0.023937717080116272, 0.1962345540523529, 0.98033607006073, 0.020815717056393623, -0.027561713010072708, -0.01570555381476879, 0.9994967579841614),
            ["Head"] = CFrame.new(1.1641532182693481e-08, -1.1920928955078125e-07, -4.190951585769653e-08, 0.9372994899749756, -0.011876989156007767, 0.348322331905365, 0.027290893718600273, 0.9988529086112976, -0.03938073664903641, -0.34745484590530396, 0.04638843238353729, 0.9365472197532654),
            ["LowerTorso"] = CFrame.new(-0.03851240500807762, -0.1485435962677002, 0.047946996986866, 0.961327075958252, -0.008378312923014164, -0.27528202533721924, -0.004991831257939339, 0.9988428950309753, -0.04783241078257561, 0.2753642499446869, 0.047356750816106796, 0.9601728320121765),
            ["UpperTorso"] = CFrame.new(-6.51925802230835e-09, 8.940696716308594e-08, -3.725290298461914e-09, 0.9977972507476807, 0.00007353861292358488, -0.06633839756250381, 0.012654460966587067, 0.9814258217811584, 0.19142404198646545, 0.06512036174535751, -0.19184184074401855, 0.9792629480361938),
            ["HumanoidRootPart"] = CFrame.new(0, 0, 0, 1, 0, 0, 0, 1, 0, 0, 0, 1),
            ["RightUpperLeg"] = CFrame.new(5.960464477539063e-08, 1.1827796697616577e-07, 1.3205863069742918e-08, 0.8948096632957458, -0.3107854723930359, -0.3205123841762543, 0.2934783697128296, 0.9504767656326294, -0.1022958979010582, 0.33643171191215515, -0.002528231358155608, 0.9417046308517456),
            ["LeftUpperArm"] = CFrame.new(5.960464477539063e-08, -3.5762786865234375e-07, 2.9802322387695312e-08, 0.7962229251861572, 0.4318059980869293, -0.42375507950782776, -0.33190932869911194, 0.8973737955093384, 0.2907836139202118, 0.5058313608169556, -0.09090563654899597, 0.8578324913978577),
            ["RightLowerArm"] = CFrame.new(0.00002562999725341797, -7.748603820800781e-07, 0.000001430511474609375, 1, -4.842777912017482e-08, 1.3038088830796823e-08, 3.7250877937822224e-08, 0.8451701402664185, -0.5344973802566528, 7.450175587564445e-09, 0.5344974398612976, 0.8451701402664185),
            ["LeftHand"] = CFrame.new(-1.1920928955078125e-07, 5.960464477539063e-08, 1.4901161193847656e-07, 0.9996134638786316, 0.02407139725983143, 0.013903912156820297, -0.023572107776999474, 0.9991090893745422, -0.035012926906347275, -0.014744164422154427, 0.03466535732150078, 0.9992902278900146),
            ["RightHand"] = CFrame.new(5.960464477539063e-08, -1.1920928955078125e-07, -7.450580596923828e-09, 0.9977290630340576, -0.06598580628633499, 0.01355277094990015, 0.06714934855699539, 0.9900978803634644, -0.12327560037374496, -0.005289679858833551, 0.12390393018722534, 0.9922799468040466),
            ["RightUpperArm"] = CFrame.new(-5.960464477539063e-08, -3.5762786865234375e-07, -4.470348358154297e-08, 0.9735991358757019, -0.22760801017284393, -0.017260421067476273, 0.22335085272789001, 0.9343098998069763, 0.27779290080070496, -0.04710804298520088, -0.27433475852012634, 0.9604859948158264),
            ["RightLowerLeg"] = CFrame.new(0, -0.0000603795051574707, -0.00007211992488009855, 1, -7.823108916227284e-08, -1.1175872316471214e-07, 1.3224780559539795e-07, 0.828199028968811, 0.5604338645935059, 6.332993507385254e-08, -0.560434103012085, 0.8281992673873901),
            ["LeftUpperLeg"] = CFrame.new(0, 2.4121254682540894e-07, 4.470348358154297e-08, 0.9681822061538696, 0.24650460481643677, 0.04311186447739601, -0.1951143890619278, 0.8514696955680847, -0.4867543876171112, -0.15669551491737366, 0.4628552496433258, 0.8724743723869324),
            ["LeftLowerLeg"] = CFrame.new(1.1175870895385742e-08, 0.000060617923736572266, 0.00007206946611404419, 1, 1.9092105674189952e-08, 2.2584572434425354e-08, -5.587935447692871e-08, 0.8525770306587219, 0.5226015448570251, 2.2351741790771484e-08, -0.5226015448570251, 0.8525770902633667),
        }},
        {Time = 0.067, Data = {
            ["RightFoot"] = CFrame.new(-1.2665987014770508e-07, 1.1920928955078125e-07, 3.149762051180005e-08, 0.9649792313575745, 0.25306448340415955, -0.06909109652042389, -0.25775107741355896, 0.865695595741272, -0.42910999059677124, -0.04878072068095207, 0.43189090490341187, 0.9006060361862183),
            ["LeftLowerArm"] = CFrame.new(0.000027000904083251953, -0.0000012516975402832031, -0.0000018477439880371094, 1, -4.7498605937335014e-08, -3.352895916464149e-08, 2.2353079387471553e-08, 0.8219906687736511, -0.5695010423660278, 5.2157183461076784e-08, 0.5695010423660278, 0.8219907283782959),
            ["LeftFoot"] = CFrame.new(-1.30385160446167e-07, 5.960464477539063e-08, 2.421438694000244e-08, 0.9780654907226562, -0.20820051431655884, 0.006361703854054213, 0.20668192207813263, 0.9738226532936096, 0.09461604058742523, -0.02589423768222332, -0.09122572094202042, 0.9954935312271118),
            ["Head"] = CFrame.new(3.725290298461914e-09, -1.1920928955078125e-07, 3.073364496231079e-08, 0.937442421913147, -0.0027753333561122417, 0.3481275141239166, 0.02234315313398838, 0.9983919858932495, -0.05221429467201233, -0.34742262959480286, 0.05662032589316368, 0.9359919428825378),
            ["LowerTorso"] = CFrame.new(-0.020551234483718872, -0.13903284072875977, 0.06843043118715286, 0.9564293026924133, -0.0008764712838456035, -0.2919628620147705, -0.016045212745666504, 0.9983264803886414, -0.05555884167551994, 0.29152294993400574, 0.05782270431518555, 0.9548146724700928),
            ["UpperTorso"] = CFrame.new(-3.725290298461914e-09, -3.8743019104003906e-07, 2.3283064365386963e-09, 0.9989951848983765, -0.014145705848932266, -0.04252827912569046, 0.022211134433746338, 0.980425238609314, 0.19563472270965576, 0.038928378373384476, -0.19638273119926453, 0.9797542691230774),
            ["HumanoidRootPart"] = CFrame.new(0, 0, 0, 1, 0, 0, 0, 1, 0, 0, 0, 1),
            ["RightUpperLeg"] = CFrame.new(1.1920928955078125e-07, 3.284949343651533e-07, -1.6952981241047382e-09, 0.9017075896263123, -0.31111428141593933, -0.30021873116493225, 0.2882322669029236, 0.9501470327377319, -0.11892356723546982, 0.32225072383880615, 0.0207014512270689, 0.9464279413223267),
            ["LeftUpperArm"] = CFrame.new(5.960464477539063e-08, -2.384185791015625e-07, -2.9802322387695312e-08, 0.8054227828979492, 0.4240707457065582, -0.41405633091926575, -0.3226148784160614, 0.8997212648391724, 0.29396340250968933, 0.4972060024738312, -0.10327532887458801, 0.8614771366119385),
            ["RightLowerArm"] = CFrame.new(-0.000030308961868286133, -7.748603820800781e-07, 0.0000016093254089355469, 1, -5.774343847519958e-08, 2.7940833646766805e-08, 3.7255055929108494e-08, 0.8315202593803406, -0.5554943680763245, 4.4706069957101136e-08, 0.5554944276809692, 0.8315202593803406),
            ["LeftHand"] = CFrame.new(2.384185791015625e-07, 5.960464477539063e-08, -1.1920928955078125e-07, 0.9990721344947815, 0.011310524307191372, -0.04151397943496704, -0.01303496491163969, 0.9990803003311157, -0.040883999317884445, 0.04104962944984436, 0.0413590669631958, 0.9983011484146118),
            ["RightHand"] = CFrame.new(5.960464477539063e-08, 3.5762786865234375e-07, 3.725290298461914e-08, 0.9978355169296265, -0.05986670032143593, 0.02713429182767868, 0.06276469677686691, 0.9906644821166992, -0.1210612803697586, -0.019623728469014168, 0.12247443944215775, 0.9922740459442139),
            ["RightUpperArm"] = CFrame.new(-5.960464477539063e-08, -4.76837158203125e-07, 1.4901161193847656e-08, 0.9750182628631592, -0.21940335631370544, -0.03460022062063217, 0.21979522705078125, 0.9305222630500793, 0.29288068413734436, -0.032088153064250946, -0.29324138164520264, 0.9555227756500244),
            ["RightLowerLeg"] = CFrame.new(-7.450580596923828e-08, -0.0000603795051574707, -0.00007211992488009855, 1, -2.2351741790771484e-08, -6.705523247774181e-08, 9.406356582530861e-08, 0.8139360547065735, 0.5809541940689087, -3.352760913344355e-08, -0.5809544920921326, 0.8139363527297974),
            ["LeftUpperLeg"] = CFrame.new(0, 1.8440186977386475e-07, -3.725290298461914e-08, 0.9598165154457092, 0.26035603880882263, 0.10472334921360016, -0.1875009685754776, 0.8726247549057007, -0.45096513628959656, -0.20879565179347992, 0.4132080674171448, 0.8863765597343445),
            ["LeftLowerLeg"] = CFrame.new(5.960464477539063e-08, 0.000060558319091796875, 0.00007193535566329956, 1, 2.6542693376541138e-08, 6.51925713412993e-09, -5.21540641784668e-08, 0.8914594054222107, 0.4531007409095764, -3.725290298461914e-09, -0.4531007707118988, 0.8914592862129211),
        }},
        {Time = 0.100, Data = {
            ["RightFoot"] = CFrame.new(-1.3783574104309082e-07, 2.384185791015625e-07, -5.045876605436206e-08, 0.9699164628982544, 0.23382864892482758, -0.06772329658269882, -0.23977698385715485, 0.8695498108863831, -0.4317288100719452, -0.04206204414367676, 0.434979647397995, 0.8994575142860413),
            ["LeftLowerArm"] = CFrame.new(0.0002771615982055664, -0.000002086162567138672, -0.0000019669532775878906, 1, -5.542574399441946e-08, -1.1179997372323669e-08, -7.454759476388517e-09, 0.8167145252227783, -0.5770419239997864, 2.981903790555407e-08, 0.5770418643951416, 0.8167145848274231),
            ["LeftFoot"] = CFrame.new(-5.4016709327697754e-08, -5.960464477539063e-08, -3.725290298461914e-09, 0.9740003943443298, -0.22647981345653534, 0.00549212284386158, 0.22198891639709473, 0.9589636325836182, 0.17637953162193298, -0.045213162899017334, -0.17057442665100098, 0.9843069314956665),
            ["Head"] = CFrame.new(1.862645149230957e-08, 2.384185791015625e-07, 6.51925802230835e-08, 0.939589262008667, 0.0026998943649232388, 0.3422890603542328, 0.01803932711482048, 0.9982059001922607, -0.0574059896171093, -0.3418283462524414, 0.05981506407260895, 0.9378393888473511),
            ["LowerTorso"] = CFrame.new(-0.00014340830966830254, -0.1286144256591797, 0.09158963710069656, 0.9515560269355774, 0.006711848545819521, -0.30740249156951904, -0.02727648615837097, 0.9976627230644226, -0.06265055388212204, 0.3062635362148285, 0.06800036877393723, 0.9495149254798889),
            ["UpperTorso"] = CFrame.new(1.1641532182693481e-09, -2.086162567138672e-07, -1.9615981727838516e-08, 0.999474048614502, -0.027836795896291733, -0.016633665189146996, 0.030590135604143143, 0.9795734286308289, 0.19874678552150726, 0.010761442594230175, -0.19915111362934113, 0.9799097776412964),
            ["HumanoidRootPart"] = CFrame.new(0, 0, 0, 1, 0, 0, 0, 1, 0, 0, 0, 1),
            ["RightUpperLeg"] = CFrame.new(-2.9802322387695312e-08, 3.189779818058014e-08, 1.1343217920511961e-08, 0.9083995223045349, -0.3081918954849243, -0.28253859281539917, 0.28096094727516174, 0.9504067301750183, -0.13337227702140808, 0.3096309006214142, 0.041772887110710144, 0.9499388933181763),
            ["LeftUpperArm"] = CFrame.new(0, 0, -5.960464477539063e-08, 0.8154983520507812, 0.41438835859298706, -0.40398266911506653, -0.30934396386146545, 0.9020607471466064, 0.3009408712387085, 0.48915114998817444, -0.12070085108280182, 0.8638474941253662),
            ["RightLowerArm"] = CFrame.new(-0.00026106834411621094, -6.556510925292969e-07, 0.0000013113021850585938, 0.9999999403953552, -7.63868754916075e-08, -2.7950525449682573e-08, 7.827166115248474e-08, 0.8269972205162048, -0.5622060894966125, 2.236333251914857e-08, 0.562205970287323, 0.8269972205162048),
            ["LeftHand"] = CFrame.new(0, -2.384185791015625e-07, 1.1920928955078125e-07, 0.995675802230835, -0.00012178631732240319, -0.09270629286766052, -0.005785539746284485, 0.9980515837669373, -0.062335651367902756, 0.09271594882011414, 0.06239568442106247, 0.9937403798103333),
            ["RightHand"] = CFrame.new(-7.450580596923828e-08, -1.1920928955078125e-07, -4.842877388000488e-08, 0.9978161454200745, -0.050682563334703445, 0.04217827692627907, 0.05623997747898102, 0.988892674446106, -0.13781556487083435, -0.034643013030290604, 0.13972367346286774, 0.9895594716072083),
            ["RightUpperArm"] = CFrame.new(0, -2.384185791015625e-07, 0, 0.9762504696846008, -0.21125273406505585, -0.04791330173611641, 0.2155458778142929, 0.9250280261039734, 0.31264859437942505, -0.021796680986881256, -0.31574591994285583, 0.9486597180366516),
            ["RightLowerLeg"] = CFrame.new(1.1920928955078125e-07, -0.00006031990051269531, -0.00007214972720248625, 1, -8.195637946073475e-08, -3.725290653733282e-08, 1.247972107876194e-07, 0.8025075793266296, 0.5966416001319885, -4.8428766774577525e-08, -0.5966418981552124, 0.8025079369544983),
            ["LeftUpperLeg"] = CFrame.new(1.4901161193847656e-07, 2.1979212760925293e-07, -2.421438694000244e-08, 0.9523868560791016, 0.26290208101272583, 0.1544082760810852, -0.18276359140872955, 0.8976324796676636, -0.4010654389858246, -0.24404281377792358, 0.35374918580055237, 0.9029421806335449),
            ["LeftLowerLeg"] = CFrame.new(1.862645149230957e-09, 0.000060677528381347656, 0.00007212162017822266, 1, 1.4901159417490817e-08, 5.587935447692871e-09, -2.607702853651972e-08, 0.932330846786499, 0.3616064786911011, 1.4901159417490817e-08, -0.3616064786911011, 0.932330846786499),
        }},
        {Time = 0.133, Data = {
            ["RightFoot"] = CFrame.new(2.9802322387695312e-08, 4.172325134277344e-07, -6.535992724820971e-08, 0.9732835292816162, 0.21960657835006714, -0.06702527403831482, -0.22668378055095673, 0.8726080060005188, -0.4326309561729431, -0.036522045731544495, 0.43626639246940613, 0.8990762829780579),
            ["LeftLowerArm"] = CFrame.new(0.0007275044918060303, -0.0000011920928955078125, -0.000002175569534301758, 1, -4.053608648746376e-08, 2.983130542588697e-08, 2.9845974580666734e-08, 0.8122435808181763, -0.5833183526992798, -2.238448004732163e-08, 0.583318293094635, 0.812243640422821),
            ["LeftFoot"] = CFrame.new(-1.955777406692505e-08, 0, 8.195638656616211e-08, 0.9706683158874512, -0.240373894572258, 0.004839424975216389, 0.2338186502456665, 0.948499858379364, 0.21372166275978088, -0.05596331134438515, -0.20632131397724152, 0.9768826961517334),
            ["Head"] = CFrame.new(-1.1175870895385742e-08, 2.384185791015625e-07, 0, 0.9437248706817627, 0.011034185998141766, 0.33054015040397644, 0.010884400457143784, 0.997906506061554, -0.06443286687135696, -0.3305523693561554, 0.06372588872909546, 0.9415899515151978),
            ["LowerTorso"] = CFrame.new(0.015197254717350006, -0.12156534194946289, 0.1096939891576767, 0.9500368237495422, 0.011350136250257492, -0.3119317591190338, -0.033100906759500504, 0.9973670840263367, -0.06452315300703049, 0.31037816405296326, 0.07162458449602127, 0.9479110240936279),
            ["UpperTorso"] = CFrame.new(-1.862645149230957e-09, -1.7881393432617188e-07, 2.3748725652694702e-08, 0.9992837309837341, -0.037427205592393875, 0.005602686200290918, 0.03557581827044487, 0.9795194268226624, 0.19818158447742462, -0.012905283831059933, -0.19784028828144073, 0.9801493287086487),
            ["HumanoidRootPart"] = CFrame.new(0, 0, 0, 1, 0, 0, 0, 1, 0, 0, 0, 1),
            ["RightUpperLeg"] = CFrame.new(1.1920928955078125e-07, 2.561137080192566e-08, 9.480572771281004e-09, 0.9116851687431335, -0.30277881026268005, -0.27776825428009033, 0.2726280987262726, 0.9515250325202942, -0.14238736033439636, 0.3074153959751129, 0.054084889590740204, 0.9500371813774109),
            ["LeftUpperArm"] = CFrame.new(5.960464477539063e-08, -1.1920928955078125e-07, -5.960464477539063e-08, 0.8189325928688049, 0.4096209406852722, -0.4018271565437317, -0.2973305284976959, 0.9017749428749084, 0.3135684132575989, 0.4908605217933655, -0.13788676261901855, 0.8603545427322388),
            ["RightLowerArm"] = CFrame.new(-0.0006818175315856934, -0.0000011920928955078125, 0.0000012814998626708984, 1, -4.193596936374888e-08, 3.729110797934254e-09, 8.206800572452266e-08, 0.8252465128898621, -0.5647727847099304, -1.4921456070737804e-08, 0.5647727251052856, 0.8252464532852173),
            ["LeftHand"] = CFrame.new(-5.960464477539063e-08, -1.7881393432617188e-07, -5.960464477539063e-08, 0.9939467310905457, -0.003116212086752057, -0.10934977978467941, -0.00660184258595109, 0.9962959885597229, -0.0863148421049118, 0.10966455936431885, 0.08593370765447617, 0.9902486801147461),
            ["RightHand"] = CFrame.new(-3.725290298461914e-07, -1.1920928955078125e-07, 1.5273690223693848e-07, 0.9978095293045044, -0.039156001061201096, 0.05310952663421631, 0.04726298525929451, 0.9873881340026855, -0.15167148411273956, -0.04628625884652138, 0.15339963138103485, 0.9870031476020813),
            ["RightUpperArm"] = CFrame.new(2.384185791015625e-07, 2.384185791015625e-07, 2.9802322387695312e-08, 0.977859377861023, -0.20342065393924713, -0.04885677993297577, 0.20801660418510437, 0.9198077321052551, 0.3322897255420685, -0.02280944213271141, -0.3355202376842499, 0.9419112205505371),
            ["RightLowerLeg"] = CFrame.new(8.940696716308594e-08, -0.000060677528381347656, -0.00007211992488009855, 1, -3.725289943190546e-08, -1.5646217832454568e-07, 1.3131645459907304e-07, 0.7971853613853455, 0.6037343740463257, 5.215404996761208e-08, -0.6037346720695496, 0.7971855401992798),
            ["LeftUpperLeg"] = CFrame.new(2.9802322387695312e-08, 2.093147486448288e-07, -1.862645149230957e-08, 0.9482113718986511, 0.26238778233528137, 0.17901933193206787, -0.16840851306915283, 0.8931395411491394, -0.4170615077018738, -0.2693210542201996, 0.3653140664100647, 0.8910734057426453),
            ["LeftLowerLeg"] = CFrame.new(6.239861249923706e-08, 0.000060498714447021484, 0.0000721663236618042, 1, 2.3515895009040833e-08, 0, -3.9115551686563776e-08, 0.9180431962013245, 0.39648041129112244, -7.450581485102248e-09, -0.39648038148880005, 0.9180431365966797),
        }},
        {Time = 0.167, Data = {
            ["RightFoot"] = CFrame.new(3.725290298461914e-08, 3.5762786865234375e-07, 2.4047039914876223e-08, 0.9764635562896729, 0.20485058426856995, -0.06749338656663895, -0.2136879414319992, 0.8763828277587891, -0.4316137731075287, -0.029266348108649254, 0.4358779489994049, 0.8995301127433777),
            ["LeftLowerArm"] = CFrame.new(0.0018075108528137207, -0.0000010728836059570312, -0.0000018775463104248047, 1, -5.515567025327073e-08, 1.120253489972356e-08, 5.2343779088914744e-08, 0.7978553175926208, -0.6028489470481873, -8.225450898180497e-08, 0.6028488874435425, 0.7978554368019104),
            ["LeftFoot"] = CFrame.new(-1.5366822481155396e-07, 1.1920928955078125e-07, 8.009374141693115e-08, 0.9697640538215637, -0.24363107979297638, 0.01419994980096817, 0.2407316416501999, 0.9645335674285889, 0.10827454179525375, -0.040075380355119705, -0.10158237814903259, 0.994019627571106),
            ["Head"] = CFrame.new(1.0244548320770264e-08, -2.384185791015625e-07, 1.30385160446167e-08, 0.9491603374481201, 0.01943928375840187, 0.31418341398239136, 0.003988063428550959, 0.997350811958313, -0.07389368116855621, -0.31476765871047974, 0.07009753584861755, 0.946482241153717),
            ["LowerTorso"] = CFrame.new(0.02876180410385132, -0.11562919616699219, 0.13262881338596344, 0.9508492350578308, 0.014746535569429398, -0.3093031048774719, -0.03550713136792183, 0.9974693059921265, -0.06159885227680206, 0.30761194229125977, 0.0695536881685257, 0.948966383934021),
            ["UpperTorso"] = CFrame.new(7.450580596923828e-09, -1.4901161193847656e-07, 8.614733815193176e-09, 0.9987175464630127, -0.044195301830768585, 0.024694891646504402, 0.03844485804438591, 0.9794367551803589, 0.1980544775724411, -0.03294014185667038, -0.19685113430023193, 0.9798797965049744),
            ["HumanoidRootPart"] = CFrame.new(0, 0, 0, 1, 0, 0, 0, 1, 0, 0, 0, 1),
            ["RightUpperLeg"] = CFrame.new(1.1920928955078125e-07, 3.157183527946472e-07, 5.162291927263141e-08, 0.9138737320899963, -0.29417407512664795, -0.27981528639793396, 0.2594929039478302, 0.9532753825187683, -0.15469200909137726, 0.3122473955154419, 0.06875874102115631, 0.9475092887878418),
            ["LeftUpperArm"] = CFrame.new(1.1920928955078125e-07, -4.76837158203125e-07, -2.9802322387695312e-08, 0.8191875219345093, 0.40665391087532043, -0.40421566367149353, -0.28424233198165894, 0.9000688791275024, 0.33005836606025696, 0.498134583234787, -0.1565520465373993, 0.8530364632606506),
            ["RightLowerArm"] = CFrame.new(-0.0016940832138061523, -0.0000011920928955078125, 0.0000014007091522216797, 1, -2.6118476270653446e-08, 1.6806772862310027e-08, 5.980708550623604e-08, 0.8193536400794983, -0.5732884407043457, 2.2427656176660093e-08, 0.5732884407043457, 0.8193535208702087),
            ["LeftHand"] = CFrame.new(1.1920928955078125e-07, 0, -1.4901161193847656e-07, 0.9937644004821777, -0.0023396944161504507, -0.11032204329967499, -0.009062475524842739, 0.995179295539856, -0.09923043102025986, 0.1111312136054039, 0.0980444997549057, 0.9889299869537354),
            ["RightHand"] = CFrame.new(5.066394805908203e-07, 2.384185791015625e-07, -7.450580596923828e-08, 0.9978786110877991, -0.022507471963763237, 0.06103362888097763, 0.032714713364839554, 0.9876008033752441, -0.15490767359733582, -0.05628550052642822, 0.15536417067050934, 0.9860419034957886),
            ["RightUpperArm"] = CFrame.new(1.1920928955078125e-07, 4.76837158203125e-07, 1.1920928955078125e-07, 0.9796603322029114, -0.19597290456295013, -0.0426301509141922, 0.19834183156490326, 0.9141837358474731, 0.3527263104915619, -0.03043104149401188, -0.35477158427238464, 0.9347549676895142),
            ["RightLowerLeg"] = CFrame.new(8.940696716308594e-08, -0.00006002187728881836, -0.0000721646283636801, 1, -9.685756197086448e-08, -4.4703490686970326e-08, 1.0989606380462646e-07, 0.7933596968650818, 0.6087528467178345, 1.1175870895385742e-08, -0.6087532043457031, 0.7933599948883057),
            ["LeftUpperLeg"] = CFrame.new(8.940696716308594e-08, 6.717164069414139e-08, 1.979060471057892e-08, 0.9458728432655334, 0.25489360094070435, 0.20088264346122742, -0.1461871862411499, 0.8872632384300232, -0.4374852776527405, -0.2897479236125946, 0.38443902134895325, 0.8765003681182861),
            ["LeftLowerLeg"] = CFrame.new(6.146728992462158e-08, 0.000060558319091796875, 0.00007196515798568726, 1, 3.2508985725598905e-08, 1.0244550985305523e-08, -1.862645326866641e-08, 0.8797145485877991, 0.4755021929740906, -4.656613428188905e-10, -0.4755021929740906, 0.8797146081924438),
        }},
        {Time = 0.200, Data = {
            ["RightFoot"] = CFrame.new(5.960464477539063e-08, 2.384185791015625e-07, 1.6952981241047382e-09, 0.9791712164878845, 0.19084666669368744, -0.06929253786802292, -0.20199035108089447, 0.881037175655365, -0.42775365710258484, -0.02058587595820427, 0.4328407645225525, 0.9012354612350464),
            ["LeftLowerArm"] = CFrame.new(0.0035648345947265625, -0.0000019073486328125, -0.0000021457672119140625, 1, -7.473228436083446e-08, 8.607704415908302e-08, 9.005014334206862e-08, 0.7897096872329712, -0.6134807467460632, 3.752089128283842e-08, 0.6134807467460632, 0.7897096276283264),
            ["LeftFoot"] = CFrame.new(9.383074939250946e-08, -5.960464477539063e-08, -2.60770320892334e-08, 0.9719879031181335, -0.23358435928821564, 0.02603846974670887, 0.23484984040260315, 0.9696106910705566, -0.06856309622526169, -0.009231878444552422, 0.07275774329900742, 0.9973070025444031),
            ["Head"] = CFrame.new(1.210719347000122e-08, 3.5762786865234375e-07, -1.30385160446167e-08, 0.9553723335266113, 0.026601659134030342, 0.29419735074043274, -0.0019027444068342447, 0.9966204762458801, -0.08424997329711914, -0.2953983545303345, 0.07771749794483185, 0.9520241022109985),
            ["LowerTorso"] = CFrame.new(0.039346396923065186, -0.10961461067199707, 0.15739032626152039, 0.9527814388275146, 0.017770972102880478, -0.30313655734062195, -0.03670058026909828, 0.997707188129425, -0.05686349421739578, 0.30143100023269653, 0.06530376523733139, 0.9512490630149841),
            ["UpperTorso"] = CFrame.new(1.1175870895385742e-08, -4.470348358154297e-07, -3.725290298461914e-09, 0.9978451132774353, -0.04965880140662193, 0.04288368299603462, 0.040131062269210815, 0.9789994359016418, 0.1998741626739502, -0.051908597350120544, -0.19772252440452576, 0.9788826107978821),
            ["HumanoidRootPart"] = CFrame.new(0, 0, 0, 1, 0, 0, 0, 1, 0, 0, 0, 1),
            ["RightUpperLeg"] = CFrame.new(-2.9802322387695312e-08, 2.337619662284851e-07, -4.0810846257954836e-08, 0.9152616262435913, -0.28511500358581543, -0.28461509943008423, 0.24550074338912964, 0.9548880457878113, -0.16708730161190033, 0.3194146454334259, 0.08305517584085464, 0.9439682364463806),
            ["LeftUpperArm"] = CFrame.new(1.7881393432617188e-07, 3.5762786865234375e-07, -7.450580596923828e-08, 0.818387508392334, 0.4033123254776001, -0.4090273082256317, -0.2695079743862152, 0.8980011940002441, 0.3474235534667969, 0.5075503587722778, -0.17587773501873016, 0.8437970280647278),
            ["RightLowerArm"] = CFrame.new(-0.0032924413681030273, -4.76837158203125e-07, 0.0000013709068298339844, 1, -7.707384241939508e-08, -8.424702713227816e-09, 4.499969463722664e-08, 0.8223417401313782, -0.5689939260482788, 2.999979642481776e-08, 0.5689938068389893, 0.8223417401313782),
            ["LeftHand"] = CFrame.new(2.9802322387695312e-08, 2.384185791015625e-07, 1.4901161193847656e-07, 0.993597686290741, -0.0014992490177974105, -0.11064019799232483, -0.013207233510911465, 0.9921810626983643, -0.12749119102954865, 0.11220217496156693, 0.12479761987924576, 0.9856494069099426),
            ["RightHand"] = CFrame.new(-1.4901161193847656e-07, 1.7881393432617188e-07, 4.470348358154297e-08, 0.9978122711181641, -0.003641304327175021, 0.06647973507642746, 0.01660529151558876, 0.9857268929481506, -0.1700127273797989, -0.06399277597665787, 0.16831257939338684, 0.9831968545913696),
            ["RightUpperArm"] = CFrame.new(-5.960464477539063e-08, 2.384185791015625e-07, -1.4901161193847656e-08, 0.9813006520271301, -0.18976639211177826, -0.031001633033156395, 0.18751130998134613, 0.9074248671531677, 0.3749014139175415, -0.04345741122961044, -0.3749251961708069, 0.9265462160110474),
            ["RightLowerLeg"] = CFrame.new(5.960464477539063e-08, -0.000060558319091796875, -0.00007211992488009855, 1, -8.195641498787154e-08, -3.72529100900465e-08, 1.1175873737556685e-07, 0.7921070456504822, 0.6103819012641907, 5.960465898624534e-08, -0.6103823184967041, 0.7921072840690613),
            ["LeftUpperLeg"] = CFrame.new(2.9802322387695312e-08, 3.214809112250805e-07, -3.632158041000366e-08, 0.9460721611976624, 0.24013248085975647, 0.2174486517906189, -0.12171828746795654, 0.885535717010498, -0.4483429491519928, -0.30022019147872925, 0.39769724011421204, 0.8670091032981873),
            ["LeftLowerLeg"] = CFrame.new(5.2619725465774536e-08, 0.0000603795051574707, 0.00007217749953269958, 1, 4.871981928999958e-08, 1.6763808119435453e-08, -5.401669511684304e-08, 0.8010510802268982, 0.5985960364341736, 1.909210745054679e-08, -0.5985960960388184, 0.8010511994361877),
        }},
        {Time = 0.233, Data = {
            ["RightFoot"] = CFrame.new(1.1175870895385742e-08, 3.5762786865234375e-07, -2.8107024263590574e-08, 0.9803407788276672, 0.18344926834106445, -0.07265207916498184, -0.19689258933067322, 0.8855355381965637, -0.4207848906517029, -0.0128566212952137, 0.42681747674942017, 0.9042465686798096),
            ["LeftLowerArm"] = CFrame.new(0.005483001470565796, -0.0000016093254089355469, -0.0000014007091522216797, 1, -1.1694891277613806e-08, 9.19161209367303e-08, 3.013327543044397e-08, 0.7921050190925598, -0.6103848218917847, 3.7666595176233386e-08, 0.6103848814964294, 0.7921050190925598),
            ["LeftFoot"] = CFrame.new(2.87545844912529e-08, 5.960464477539063e-08, 7.450580596923828e-09, 0.9805648922920227, -0.18730612099170685, 0.05838697403669357, 0.19549739360809326, 0.9578872323036194, -0.21031641960144043, -0.01653456687927246, 0.21764346957206726, 0.9758883118629456),
            ["Head"] = CFrame.new(1.7695128917694092e-08, -2.384185791015625e-07, -3.166496753692627e-08, 0.9623369574546814, 0.03294806927442551, 0.2698541283607483, -0.007030121050775051, 0.995573103427887, -0.09715347737073898, -0.27176859974861145, 0.08802579343318939, 0.9579874277114868),
            ["LowerTorso"] = CFrame.new(0.04223386570811272, -0.10424041748046875, 0.17417339980602264, 0.9558453559875488, 0.019739292562007904, -0.2932063937187195, -0.03666631877422333, 0.9979556202888489, -0.052346713840961456, 0.2915736734867096, 0.0607861652970314, 0.9546149969100952),
            ["UpperTorso"] = CFrame.new(1.862645149230957e-09, -2.384185791015625e-07, 1.30385160446167e-08, 0.9966945052146912, -0.05484042316675186, 0.05993851646780968, 0.04130847752094269, 0.9773927330970764, 0.20735736191272736, -0.0699549987912178, -0.2041959911584854, 0.9764273762702942),
            ["HumanoidRootPart"] = CFrame.new(0, 0, 0, 1, 0, 0, 0, 1, 0, 0, 0, 1),
            ["RightUpperLeg"] = CFrame.new(5.960464477539063e-08, -3.166496753692627e-08, -1.6596459317952394e-08, 0.9145472645759583, -0.27913329005241394, -0.29272493720054626, 0.23703673481941223, 0.9562769532203674, -0.17131249606609344, 0.32774507999420166, 0.08728667348623276, 0.9407253861427307),
            ["LeftUpperArm"] = CFrame.new(1.1920928955078125e-07, 0, -4.470348358154297e-08, 0.8156102299690247, 0.4018644690513611, -0.415776789188385, -0.2588086426258087, 0.8959424495697021, 0.36042773723602295, 0.5174919962882996, -0.1891881823539734, 0.8349979519844055),
            ["RightLowerArm"] = CFrame.new(-0.005015671253204346, -0.0000019073486328125, 0.0000015497207641601562, 1, -5.263635216579132e-08, 3.285354210902369e-08, 2.2578147351737243e-08, 0.8271241188049316, -0.5620191693305969, 1.5052098234491496e-08, 0.5620192289352417, 0.8271241188049316),
            ["LeftHand"] = CFrame.new(8.940696716308594e-08, 5.960464477539063e-08, 8.940696716308594e-08, 0.9932571053504944, -0.001234228489920497, -0.1122235432267189, -0.01883729360997677, 0.9857891798019409, -0.17230071127414703, 0.11439274996519089, 0.1679825335741043, 0.9786308407783508),
            ["RightHand"] = CFrame.new(1.043081283569336e-07, -2.980232238769531e-07, -1.1175870895385742e-07, 0.9976077079772949, 0.012779716402292252, 0.06905025243759155, 0.002170052845031023, 0.9842967391014099, -0.1800851672887802, -0.06909510493278503, 0.17605900764465332, 0.981224536895752),
            ["RightUpperArm"] = CFrame.new(1.1920928955078125e-07, 0, -2.9802322387695312e-08, 0.9823769330978394, -0.18620099127292633, -0.011195965111255646, 0.1756717562675476, 0.901634156703949, 0.39349278807640076, -0.06383563578128815, -0.39036545157432556, 0.9192594885826111),
            ["RightLowerLeg"] = CFrame.new(-4.470348358154297e-08, -0.00006031990051269531, -0.0000721050237189047, 1, -5.2154071283894154e-08, -5.21540641784668e-08, 1.0803343286625022e-07, 0.7971583008766174, 0.6037701368331909, -2.2351745343485163e-08, -0.6037704944610596, 0.7971585392951965),
            ["LeftUpperLeg"] = CFrame.new(0, 6.984919309616089e-10, -7.450580596923828e-09, 0.95018470287323, 0.19773182272911072, 0.24093835055828094, -0.08345378935337067, 0.9061844348907471, -0.4145665466785431, -0.3003075420856476, 0.3738075792789459, 0.8775439262390137),
            ["LeftLowerLeg"] = CFrame.new(-6.007030606269836e-08, 0.000060617923736572266, 0.00007197260856628418, 1, 4.7031790018081665e-08, 2.514570951461792e-08, -4.330649971961975e-08, 0.7378966212272644, 0.674913763999939, 1.7695128917694092e-08, -0.6749138236045837, 0.7378966212272644),
        }},
        {Time = 0.267, Data = {
            ["RightFoot"] = CFrame.new(1.1175870895385742e-07, 3.5762786865234375e-07, -3.55576048605144e-08, 0.980747401714325, 0.1794915497303009, -0.07692518830299377, -0.19522319734096527, 0.8916012048721313, -0.40857675671577454, -0.0047494214959442616, 0.41572844982147217, 0.9094765186309814),
            ["LeftLowerArm"] = CFrame.new(0.007717758417129517, -0.0000014901161193847656, -0.0000015497207641601562, 1, -4.453563562378804e-08, 7.525351897186283e-09, 4.540532216879001e-08, 0.7875365614891052, -0.6162679195404053, -6.810797970047133e-08, 0.61626797914505, 0.7875365018844604),
            ["LeftFoot"] = CFrame.new(6.833579391241074e-08, 0, -4.842877388000488e-08, 0.9873335361480713, -0.12057485431432724, 0.1031230017542839, 0.1419188678264618, 0.9617606997489929, -0.23425519466400146, -0.07093434780836105, 0.24592319130897522, 0.9666903018951416),
            ["Head"] = CFrame.new(5.587935447692871e-09, -3.5762786865234375e-07, 6.332993507385254e-08, 0.9690069556236267, 0.03566887974739075, 0.24445664882659912, -0.008071687072515488, 0.9940294623374939, -0.1139909029006958, -0.24690145254135132, 0.1031169667840004, 0.9629366397857666),
            ["LowerTorso"] = CFrame.new(0.04180273041129112, -0.10002970695495605, 0.18756115436553955, 0.9620740413665771, 0.014563032425940037, -0.2723994255065918, -0.02802254632115364, 0.9985674023628235, -0.0455860011279583, 0.2713452875614166, 0.05149044096469879, 0.9611037969589233),
            ["UpperTorso"] = CFrame.new(-3.725290298461914e-09, -5.960464477539063e-08, -9.313225746154785e-09, 0.9965917468070984, -0.048473771661520004, 0.06674563884735107, 0.032759420573711395, 0.9751592874526978, 0.21906854212284088, -0.07570664584636688, -0.21613536775112152, 0.9734238982200623),
            ["HumanoidRootPart"] = CFrame.new(0, 0, 0, 1, 0, 0, 0, 1, 0, 0, 0, 1),
            ["RightUpperLeg"] = CFrame.new(5.960464477539063e-08, 1.3597309589385986e-07, 2.0656443666666746e-08, 0.9113637804985046, -0.26533597707748413, -0.31466320157051086, 0.22357629239559174, 0.960994303226471, -0.16279950737953186, 0.3455861210823059, 0.07801824808120728, 0.9351381659507751),
            ["LeftUpperArm"] = CFrame.new(5.960464477539063e-08, -5.960464477539062e-07, 2.9802322387695312e-08, 0.8142386078834534, 0.39845260977745056, -0.4215461313724518, -0.24804510176181793, 0.8948941230773926, 0.3701906204223633, 0.5248705744743347, -0.20099715888500214, 0.8278028964996338),
            ["RightLowerArm"] = CFrame.new(-0.007206529378890991, -0.0000015497207641601562, 0.0000016242265701293945, 1, -2.9650054855778762e-08, 9.064201833552943e-09, 2.267853638215911e-08, 0.8272117376327515, -0.5618903040885925, 7.55951212738637e-09, 0.5618903040885925, 0.8272117376327515),
            ["LeftHand"] = CFrame.new(0, -7.748603820800781e-07, -5.960464477539063e-08, 0.9930133819580078, -0.0007867008680477738, -0.11251839995384216, -0.023056045174598694, 0.9799368977546692, -0.2057354599237442, 0.11572670936584473, 0.19930654764175415, 0.9721174836158752),
