return {
    ["It's Complicated"] = {
        {Time = 0.000, Data = {
            ["LeftFoot"] = CFrame.new(1.862645149230957e-09, 0, -2.9802322387695312e-08, 0.9927529096603394, 0.05566677078604698, -0.10650350153446198, -0.11137957870960236, 0.7590008974075317, -0.6414926052093506, 0.045126184821128845, 0.6487056016921997, 0.7597002387046814),
            ["LeftLowerArm"] = CFrame.new(-2.384185791015625e-07, -3.5762786865234375e-07, 1.1920928955078125e-07, 1, -6.286425247026273e-08, 1.3783576946480025e-07, 4.097820749393577e-08, -0.6002748608589172, -0.7997937798500061, 1.4435505590881803e-07, 0.7997937202453613, -0.600274920463562),
            ["LowerTorso"] = CFrame.new(-0.005957442335784435, -0.2066495418548584, 0.002185814082622528, 0.8161184191703796, -0.16550074517726898, 0.5536788105964661, 0.222164586186409, 0.9743359088897705, -0.03622914105653763, -0.5334731936454773, 0.15257509052753448, 0.8319418430328369),
            ["Head"] = CFrame.new(1.210719347000122e-07, -2.384185791015625e-07, 2.9802322387695312e-08, 0.9197301268577576, 0.12576395273208618, -0.3718603551387787, -0.18884485960006714, 0.9722243547439575, -0.13826578855514526, 0.3441428244113922, 0.19739112257957458, 0.9179338216781616),
            ["RightUpperArm"] = CFrame.new(0, -2.384185791015625e-07, -1.4901161193847656e-08, 0.4754118323326111, -0.15676994621753693, -0.8656829595565796, 0.19847671687602997, 0.9777393937110901, -0.0680641159415245, 0.8570826649665833, -0.13945940136909485, 0.49594396352767944),
            ["UpperTorso"] = CFrame.new(1.4901161193847656e-08, 3.2782554626464844e-07, 1.4901161193847656e-08, 0.9856293201446533, 0.053143784403800964, -0.16034547984600067, -0.026762185618281364, 0.9863607287406921, 0.16240818798542023, 0.1667894423007965, -0.1557830423116684, 0.9736081957817078),
            ["HumanoidRootPart"] = CFrame.new(0, 0, 0, 1, 0, 0, 0, 1, 0, 0, 0, 1),
            ["RightHand"] = CFrame.new(-4.172325134277344e-07, 0, 7.450580596923828e-08, -0.025882257148623466, 0.9566740393638611, -0.290008544921875, -0.8053098917007446, 0.15193040668964386, 0.5730559825897217, 0.5922888517379761, 0.2483787089586258, 0.7664867043495178),
            ["LeftUpperArm"] = CFrame.new(-2.384185791015625e-07, 0, 2.9802322387695312e-08, 0.29187431931495667, 0.9506545662879944, 0.10519202053546906, -0.28429263830184937, 0.19123919308185577, -0.9394707679748535, -0.9132289886474609, 0.24430213868618011, 0.32608190178871155),
            ["RightLowerArm"] = CFrame.new(-5.960464477539062e-07, 9.5367431640625e-07, 1.601874828338623e-07, 1, -7.450580596923828e-08, 1.6391277313232422e-07, 7.823110337312755e-08, -0.5282735228538513, -0.8490742444992065, 1.1920930376163597e-07, 0.8490742444992065, -0.5282735824584961),
            ["LeftHand"] = CFrame.new(2.905726432800293e-07, -1.7881393432617188e-07, -2.7194619178771973e-07, -0.32979294657707214, -0.40472763776779175, 0.8528962731361389, 0.911126971244812, 0.10006499290466309, 0.39979347586631775, -0.24715250730514526, 0.9089457988739014, 0.3357575237751007),
            ["RightUpperLeg"] = CFrame.new(2.384185791015625e-07, -1.341104507446289e-07, 2.8107024263590574e-08, 0.9514502882957458, 0.24544532597064972, 0.18573887646198273, -0.07957848906517029, 0.7790712714195251, -0.6218639612197876, -0.2973374128341675, 0.5768920183181763, 0.7607801556587219),
            ["LeftUpperLeg"] = CFrame.new(5.960464477539063e-08, -6.48200511932373e-07, 2.2351741790771484e-08, 0.8950021862983704, 0.3509930372238159, 0.2752726972103119, -0.1670091599225998, 0.8359085321426392, -0.5228428840637207, -0.41361695528030396, 0.4219726026058197, 0.8067591786384583),
            ["RightLowerLeg"] = CFrame.new(-1.4156103134155273e-07, -0.000003337860107421875, -0.000013241711712908, 1, -2.533197687171196e-07, -8.940703821735951e-08, 1.7136336794010276e-07, 0.4549837112426758, 0.8904995918273926, -7.450581485102248e-09, -0.8904997706413269, 0.45498397946357727),
            ["RightFoot"] = CFrame.new(-6.332993507385254e-08, 2.384185791015625e-07, -7.281050784513354e-08, 0.9789965748786926, 0.11940889805555344, 0.16524916887283325, -0.14863327145576477, 0.972812831401825, 0.17760486900806427, -0.13954907655715942, -0.19843582808971405, 0.9701284766197205),
            ["LeftLowerLeg"] = CFrame.new(1.6763806343078613e-08, 0.0000037550926208496094, 0.00001325272023677826, 1, -2.6077044523731274e-08, 1.3783575525394554e-07, -1.0430815677864302e-07, 0.36697646975517273, 0.930230438709259, -1.862645504502325e-08, -0.9302302002906799, 0.36697617173194885),
        }},
        {Time = 0.033, Data = {
            ["LeftFoot"] = CFrame.new(-5.587935447692871e-09, -5.960464477539063e-08, -7.450580596923828e-09, 0.9958077073097229, 0.08419577032327652, 0.0357501246035099, -0.04222232103347778, 0.7698003053665161, -0.6368871927261353, -0.08114363998174667, 0.6327074766159058, 0.7701277136802673),
            ["LeftLowerArm"] = CFrame.new(-2.9802322387695312e-08, 3.5762786865234375e-07, -1.4901161193847656e-07, 1, -6.519257311765614e-08, 1.415610881849716e-07, 6.705525379402388e-08, -0.6045324802398682, -0.7965804934501648, 1.415611023958263e-07, 0.7965804934501648, -0.6045326590538025),
            ["LowerTorso"] = CFrame.new(-0.009559687227010727, -0.20082759857177734, 0.016523167490959167, 0.8257514238357544, -0.1638098657131195, 0.5397230386734009, 0.2151292860507965, 0.9760310649871826, -0.03290541470050812, -0.5213962197303772, 0.14328192174434662, 0.8411993384361267),
            ["Head"] = CFrame.new(-3.3352989703416824e-08, -7.152557373046875e-07, 4.0978193283081055e-08, 0.9411516189575195, 0.10713934898376465, -0.32055407762527466, -0.17192316055297852, 0.9683157205581665, -0.18112719058990479, 0.2909916341304779, 0.22557882964611053, 0.9297516942024231),
            ["RightUpperArm"] = CFrame.new(-3.5762786865234375e-07, 1.1920928955078125e-07, -4.470348358154297e-08, 0.5268036723136902, -0.21661794185638428, -0.8219212293624878, 0.3177068531513214, 0.9470739364624023, -0.045970406383275986, 0.7883782386779785, -0.23691266775131226, 0.5677431225776672),
            ["UpperTorso"] = CFrame.new(0, 5.960464477539063e-08, 3.725290298461914e-09, 0.9765291213989258, 0.08008148521184921, -0.19994457066059113, -0.042986463755369186, 0.9820976257324219, 0.1834024339914322, 0.21105223894119263, -0.1705029159784317, 0.9624893069267273),
            ["HumanoidRootPart"] = CFrame.new(0, 0, 0, 1, 0, 0, 0, 1, 0, 0, 0, 1),
            ["RightHand"] = CFrame.new(-2.682209014892578e-07, 2.384185791015625e-07, -2.384185791015625e-07, 0.005400718655437231, 0.8977450132369995, -0.4404824376106262, -0.9033657908439636, 0.19328075647354126, 0.38284847140312195, 0.4288371205329895, 0.3958491086959839, 0.812035858631134),
            ["LeftUpperArm"] = CFrame.new(0, -2.384185791015625e-07, 5.960464477539063e-08, 0.35010990500450134, 0.9354997873306274, 0.047572433948516846, -0.0667489543557167, 0.07557398080825806, -0.994903564453125, -0.9343274235725403, 0.34515032172203064, 0.08890275657176971),
            ["RightLowerArm"] = CFrame.new(-7.748603820800781e-07, 7.152557373046875e-07, 1.043081283569336e-07, 1, -1.0430811414607888e-07, 1.4901161193847656e-07, 9.685753354915505e-08, -0.5373814702033997, -0.8433393239974976, 1.3038514623531228e-07, 0.8433392643928528, -0.5373815298080444),
            ["LeftHand"] = CFrame.new(-4.470348358154297e-08, -1.7881393432617188e-07, -3.0174851417541504e-07, -0.32694822549819946, -0.4321132302284241, 0.8404660224914551, 0.9108079671859741, 0.09312392771244049, 0.40219002962112427, -0.2520591616630554, 0.896998405456543, 0.36312541365623474),
            ["RightUpperLeg"] = CFrame.new(2.384185791015625e-07, -5.327165126800537e-07, 2.438173396512866e-08, 0.9707470536231995, 0.20032118260860443, 0.1323695033788681, -0.07030095160007477, 0.7642722725868225, -0.6410506367683411, -0.22958232462406158, 0.6129922270774841, 0.7559975981712341),
            ["LeftUpperLeg"] = CFrame.new(5.960464477539063e-08, -9.760260581970215e-07, 1.862645149230957e-08, 0.9451000094413757, 0.26474663615226746, 0.1915595829486847, -0.13820531964302063, 0.8550257086753845, -0.499830037355423, -0.29611682891845703, 0.44591498374938965, 0.8446744680404663),
            ["RightLowerLeg"] = CFrame.new(-7.450580596923828e-09, -0.0000036954879760742188, -0.000013297591067384928, 1, -2.6822084464583895e-07, -4.8428795196286956e-08, 9.685754776000977e-08, 0.45423424243927, 0.8908819556236267, -4.470348358154297e-08, -0.8908822536468506, 0.4542349576950073),
            ["RightFoot"] = CFrame.new(7.450580596923828e-08, 2.384185791015625e-07, -1.3205863069742918e-08, 0.9691495895385742, 0.06289762258529663, 0.23831313848495483, -0.12416479736566544, 0.9598292112350464, 0.2516169250011444, -0.21291379630565643, -0.2734444737434387, 0.9380276799201965),
            ["LeftLowerLeg"] = CFrame.new(-2.0489096641540527e-08, 0.000004112720489501953, 0.000013263896107673645, 1, 2.235175244891252e-08, 2.2351741790771484e-08, -2.2351741790771484e-08, 0.38646984100341797, 0.9223023653030396, 1.4901161193847656e-08, -0.9223021268844604, 0.3864692449569702),
        }},
        {Time = 0.067, Data = {
            ["LeftFoot"] = CFrame.new(1.1175870895385742e-08, 1.1920928955078125e-07, 5.21540641784668e-08, 0.9470394253730774, 0.132665753364563, 0.2924317717552185, 0.0705428496003151, 0.802471935749054, -0.5925056338310242, -0.31327342987060547, 0.5817548036575317, 0.7506135702133179),
            ["LeftLowerArm"] = CFrame.new(-3.2782554626464844e-07, -4.76837158203125e-07, -5.082692950963974e-07, 1, -6.519257311765614e-08, 1.4528633585086936e-07, 6.309711864105338e-08, -0.6087756156921387, -0.7933424711227417, 1.3946558397037734e-07, 0.7933424115180969, -0.6087756156921387),
            ["LowerTorso"] = CFrame.new(-0.021998535841703415, -0.1767129898071289, 0.04394514858722687, 0.8572119474411011, -0.1557648777961731, 0.4908410608768463, 0.1920522004365921, 0.98108971118927, -0.024060988798737526, -0.4778112769126892, 0.11489247530698776, 0.8709168434143066),
            ["Head"] = CFrame.new(6.51925802230835e-08, 2.384185791015625e-07, 5.774199962615967e-08, 0.9601925015449524, 0.09351405501365662, -0.2632214426994324, -0.1526435762643814, 0.9648223519325256, -0.21405117213726044, 0.23394504189491272, 0.24570941925048828, 0.9406895041465759),
            ["RightUpperArm"] = CFrame.new(-1.7881393432617188e-07, 1.1920928955078125e-07, 0, 0.6644379496574402, -0.3703311085700989, -0.6491356492042542, 0.5097141861915588, 0.8597769141197205, 0.03122817724943161, 0.5465470552444458, -0.3516227900981903, 0.7600314617156982),
            ["UpperTorso"] = CFrame.new(-1.862645149230957e-08, 2.682209014892578e-07, 7.450580596923828e-09, 0.974795937538147, 0.08429676294326782, -0.20656020939350128, -0.046070750802755356, 0.981972336769104, 0.18332459032535553, 0.2182900756597519, -0.16918766498565674, 0.9611061215400696),
            ["HumanoidRootPart"] = CFrame.new(0, 0, 0, 1, 0, 0, 0, 1, 0, 0, 0, 1),
            ["RightHand"] = CFrame.new(-6.556510925292969e-07, -1.1920928955078125e-07, -1.7881393432617188e-07, 0.2361171692609787, 0.8169417977333069, -0.526170015335083, -0.9206753969192505, 0.3612755537033081, 0.14777305722236633, 0.31081435084342957, 0.4495398700237274, 0.837441623210907),
            ["LeftUpperArm"] = CFrame.new(-1.1920928955078125e-07, 8.344650268554688e-07, 5.960464477539063e-08, 0.3686251938343048, 0.9284769296646118, 0.04523159936070442, 0.07566115260124207, 0.01852862536907196, -0.9969614744186401, -0.9264938831329346, 0.37092748284339905, -0.06341961771249771),
            ["RightLowerArm"] = CFrame.new(-0.0000014901161193847656, 3.5762786865234375e-07, 7.450580596923828e-08, 1, -6.053596024457875e-08, 9.685753354915505e-08, 1.1920927533992653e-07, -0.5572010278701782, -0.8303776979446411, 1.7136333951839333e-07, 0.8303776979446411, -0.5572009682655334),
            ["LeftHand"] = CFrame.new(4.470348358154297e-08, 1.1920928955078125e-07, -2.868473529815674e-07, -0.32541215419769287, -0.46437352895736694, 0.8236894011497498, 0.912841260433197, 0.07292978465557098, 0.4017488956451416, -0.24663297832012177, 0.8826315999031067, 0.4001670479774475),
            ["RightUpperLeg"] = CFrame.new(5.960464477539063e-08, -4.246830940246582e-07, 5.418405635282397e-08, 0.9883496165275574, 0.11653809994459152, 0.09789813309907913, -0.018933188170194626, 0.732357382774353, -0.6806570887565613, -0.1510188728570938, 0.6708738207817078, 0.7260315418243408),
            ["LeftUpperLeg"] = CFrame.new(0, -3.7997961044311523e-07, 3.3527612686157227e-08, 0.9930553436279297, 0.10475936532020569, 0.05354073643684387, -0.07000111788511276, 0.891905665397644, -0.4467708170413971, -0.0945567712187767, 0.43992018699645996, 0.8930449485778809),
            ["RightLowerLeg"] = CFrame.new(-7.450580596923828e-09, -0.0000035762786865234375, -0.000013208184100221843, 1, -1.1920927533992653e-07, 2.2351747119842003e-08, 2.0861628513557662e-07, 0.42969563603401184, 0.9029737710952759, -8.940698137394065e-08, -0.9029737710952759, 0.42969587445259094),
            ["RightFoot"] = CFrame.new(-3.725290298461914e-08, 2.980232238769531e-07, -9.480572771281004e-09, 0.9490312337875366, 0.11882419884204865, 0.29192596673965454, -0.1471165269613266, 0.9861270785331726, 0.07687800377607346, -0.2787410616874695, -0.11590626835823059, 0.953346312046051),
            ["LeftLowerLeg"] = CFrame.new(5.587935447692871e-08, 0.000003993511199951172, 0.000013288110494613647, 1, 1.4901168299275014e-08, 1.1175865211043856e-07, -8.195638656616211e-08, 0.4630202353000641, 0.8863481283187866, 3.3527612686157227e-08, -0.886347770690918, 0.4630195200443268),
        }},
        {Time = 0.100, Data = {
            ["LeftFoot"] = CFrame.new(-3.725290298461914e-09, 0, 2.60770320892334e-08, 0.9108040928840637, 0.14652255177497864, 0.38596266508102417, 0.0953393206000328, 0.8349761366844177, -0.5419648885726929, -0.4016796052455902, 0.53042072057724, 0.7465298771858215),
            ["LeftLowerArm"] = CFrame.new(-2.980232238769531e-07, 1.7881393432617188e-07, -1.043081283569336e-07, 1, -6.332990665214311e-08, 1.4156103134155273e-07, 6.426125764846802e-08, -0.6081474423408508, -0.7938240766525269, 1.4156103134155273e-07, 0.7938240766525269, -0.6081475019454956),
            ["LowerTorso"] = CFrame.new(-0.04637502133846283, -0.14989948272705078, 0.0717650055885315, 0.9094560146331787, -0.14885275065898895, 0.38824301958084106, 0.16416794061660767, 0.9864118695259094, -0.0063707828521728516, -0.38201919198036194, 0.06953100860118866, 0.9215350151062012),
            ["Head"] = CFrame.new(2.3283064365386963e-08, -3.5762786865234375e-07, -5.960464477539063e-08, 0.9770587682723999, 0.0845823734998703, -0.19545356929302216, -0.13062269985675812, 0.9628612399101257, -0.23629656434059143, 0.16820813715457916, 0.25640636682510376, 0.9518203139305115),
            ["RightUpperArm"] = CFrame.new(-5.960464477539063e-08, 2.384185791015625e-07, -8.940696716308594e-08, 0.7887319922447205, -0.47711241245269775, -0.38764116168022156, 0.5087472200393677, 0.8605796098709106, -0.024063697084784508, 0.34507715702056885, -0.17823150753974915, 0.9214962124824524),
            ["UpperTorso"] = CFrame.new(3.3527612686157227e-08, 4.172325134277344e-07, 5.587935447692871e-09, 0.9834750294685364, 0.07442327588796616, -0.16503971815109253, -0.048094380646944046, 0.9862442016601562, 0.15814365446567535, 0.17453904449939728, -0.14759282767772675, 0.9735258221626282),
            ["HumanoidRootPart"] = CFrame.new(0, 0, 0, 1, 0, 0, 0, 1, 0, 0, 0, 1),
            ["RightHand"] = CFrame.new(-4.6938657760620117e-07, 5.960464477539063e-08, 2.9802322387695312e-08, 0.47758275270462036, 0.7138432264328003, -0.5121940970420837, -0.8357442021369934, 0.5489348769187927, -0.014220347627997398, 0.27101007103919983, 0.43485453724861145, 0.8587520718574524),
            ["LeftUpperArm"] = CFrame.new(-1.1920928955078125e-07, -1.1920928955078125e-07, 4.470348358154297e-08, 0.31664448976516724, 0.9455752372741699, 0.07499203830957413, 0.16006450355052948, 0.024660486727952957, -0.9867984056472778, -0.9349415898323059, 0.3244680166244507, -0.1435444951057434),
            ["RightLowerArm"] = CFrame.new(-0.0000013113021850585938, 0.0000010728836059570312, 6.705522537231445e-08, 1, -6.70552182668871e-08, 1.8253919620292436e-07, 4.656613938891496e-08, -0.5864202976226807, -0.8100069165229797, 1.4714899521095504e-07, 0.8100069165229797, -0.5864203572273254),
            ["LeftHand"] = CFrame.new(1.4901161193847656e-07, -1.7881393432617188e-07, -2.3096799850463867e-07, -0.3257640600204468, -0.4711456000804901, 0.8196948766708374, 0.9162206053733826, 0.056597575545310974, 0.3966566026210785, -0.23327584564685822, 0.8802377581596375, 0.4132358133792877),
            ["RightUpperLeg"] = CFrame.new(1.1920928955078125e-07, 3.3993273973464966e-07, 3.4626282285898924e-08, 0.9988365769386292, 0.0450885184109211, 0.017106350511312485, -0.019768765196204185, 0.706375241279602, -0.7075614333152771, -0.043986182659864426, 0.7064001560211182, 0.7064448595046997),
            ["LeftUpperLeg"] = CFrame.new(1.7881393432617188e-07, 3.650784492492676e-07, 2.0489096641540527e-08, 0.9993390440940857, 0.014342999085783958, -0.03340258449316025, -0.02683759666979313, 0.9108830094337463, -0.4117908477783203, 0.02451952174305916, 0.41241565346717834, 0.9106660485267639),
            ["RightLowerLeg"] = CFrame.new(-5.960464477539063e-08, -0.000003516674041748047, -0.000013200733519624919, 1, -1.2293457984924316e-07, -3.1664985300494664e-08, 1.4901162614933128e-07, 0.5474829077720642, 0.8368165493011475, -1.3411046495548362e-07, -0.8368168473243713, 0.5474833846092224),
            ["RightFoot"] = CFrame.new(5.21540641784668e-08, 2.980232238769531e-07, -5.790934665128589e-08, 0.899530291557312, 0.18637627363204956, 0.395106703042984, -0.2573602795600891, 0.9569031000137329, 0.1345447152853012, -0.35300299525260925, -0.2227114886045456, 0.9087290167808533),
            ["LeftLowerLeg"] = CFrame.new(-1.4901161193847656e-08, 0.000003814697265625, 0.000013299286365509033, 1, 1.1920931797249068e-07, 0, -5.960465188081798e-08, 0.5454687476158142, 0.8381315469741821, 5.587936158235607e-08, -0.8381311297416687, 0.5454682111740112),
        }},
        {Time = 0.133, Data = {
            ["LeftFoot"] = CFrame.new(3.725290298461914e-08, 5.960464477539063e-08, -1.4901161193847656e-08, 0.9282512068748474, 0.1421947181224823, 0.3437015414237976, 0.05178448185324669, 0.8656381964683533, -0.49798518419265747, -0.3683317005634308, 0.4800533056259155, 0.796165943145752),
            ["LeftLowerArm"] = CFrame.new(-2.086162567138672e-07, -7.152557373046875e-07, -2.980232238769531e-07, 1, -8.195637946073475e-08, 1.415611023958263e-07, 6.146731124090365e-08, -0.6065776944160461, -0.7950242161750793, 1.3411049337719305e-07, 0.7950242161750793, -0.6065776944160461),
            ["LowerTorso"] = CFrame.new(-0.08329455554485321, -0.1345672607421875, 0.09259438514709473, 0.9628722667694092, -0.11767421662807465, 0.24296049773693085, 0.11712673306465149, 0.9929757118225098, 0.016749881207942963, -0.24322490394115448, 0.012329169549047947, 0.9698915481567383),
            ["Head"] = CFrame.new(4.377216100692749e-08, -7.152557373046875e-07, -3.725290298461914e-09, 0.9911765456199646, 0.0771464854478836, -0.10778453946113586, -0.10256344079971313, 0.9614917635917664, -0.2549789547920227, 0.08396319299936295, 0.2637839913368225, 0.960920512676239),
            ["RightUpperArm"] = CFrame.new(-1.7881393432617188e-07, 1.1920928955078125e-07, -8.940696716308594e-08, 0.8206982016563416, -0.5527174472808838, 0.14476871490478516, 0.5693557858467102, 0.812343955039978, -0.12621963024139404, -0.04783821478486061, 0.1860131323337555, 0.9813820123672485),
            ["UpperTorso"] = CFrame.new(0, 3.8743019104003906e-07, -1.4901161193847656e-08, 0.9939706325531006, 0.04544194042682648, -0.09978703409433365, -0.032915305346250534, 0.9917646050453186, 0.123772531747818, 0.10458971560001373, -0.11974172294139862, 0.9872806668281555),
            ["HumanoidRootPart"] = CFrame.new(0, 0, 0, 1, 0, 0, 0, 1, 0, 0, 0, 1),
            ["RightHand"] = CFrame.new(-7.152557373046875e-07, -1.1920928955078125e-07, -1.4901161193847656e-07, 0.5985654592514038, 0.5643216371536255, -0.5685600638389587, -0.6951211094856262, 0.7186545133590698, -0.01850868947803974, 0.3981534242630005, 0.40629664063453674, 0.822433590888977),
            ["LeftUpperArm"] = CFrame.new(0, -2.384185791015625e-07, 8.940696716308594e-08, 0.21743321418762207, 0.9697903394699097, 0.11058751493692398, 0.19080974161624908, 0.068880595266819, -0.979207456111908, -0.9572431445121765, 0.2340133637189865, -0.17006853222846985),
            ["RightLowerArm"] = CFrame.new(-3.5762786865234375e-07, 6.556510925292969e-07, 1.8998980522155762e-07, 1, -5.960465898624534e-08, 4.470348358154297e-08, 9.313229298868464e-08, -0.6130582094192505, -0.7900376915931702, 1.6205018482651212e-07, 0.7900377511978149, -0.6130582690238953),
            ["LeftHand"] = CFrame.new(2.2351741790771484e-08, -4.76837158203125e-07, -3.0919909477233887e-07, -0.32466477155685425, -0.47335299849510193, 0.8188588619232178, 0.919394314289093, 0.04531155899167061, 0.390718549489975, -0.22205160558223724, 0.8797067403793335, 0.4204869270324707),
            ["RightUpperLeg"] = CFrame.new(1.1920928955078125e-07, -1.0797521099448204e-08, 1.3205863069742918e-08, 0.9977579116821289, 0.02176489867269993, -0.06329014152288437, -0.061582330614328384, 0.6688845157623291, -0.740811288356781, 0.026210177689790726, 0.7430476546287537, 0.6687248945236206),
            ["LeftUpperLeg"] = CFrame.new(0, -1.3504177331924438e-08, 2.7939677238464355e-08, 0.996703565120697, -0.04599703848361969, -0.06683150678873062, 0.015465939417481422, 0.9163675308227539, -0.40003910660743713, 0.07964281737804413, 0.39768680930137634, 0.9140581488609314),
            ["RightLowerLeg"] = CFrame.new(2.9802322387695312e-08, -0.000003933906555175781, -0.000013316217518877238, 1, -1.0989604959377175e-07, -1.0686925122627144e-07, 1.2293456563838845e-07, 0.6401744484901428, 0.7682295441627502, -5.960463766996327e-08, -0.7682295441627502, 0.6401745676994324),
            ["RightFoot"] = CFrame.new(1.4901161193847656e-08, 4.172325134277344e-07, 1.6596459317952394e-08, 0.8909787535667419, 0.22321730852127075, 0.3953878581523895, -0.2999141216278076, 0.9431280493736267, 0.14339099824428558, -0.3408934772014618, -0.24634069204330444, 0.9072527885437012),
            ["LeftLowerLeg"] = CFrame.new(7.82310962677002e-08, 0.0000040531158447265625, 0.000013314187526702881, 1, 1.0430815677864302e-07, 1.4901159417490817e-08, -9.685756197086448e-08, 0.6193079352378845, 0.7851486802101135, 7.450581485102248e-09, -0.7851482629776001, 0.6193073987960815),
        }},
        {Time = 0.167, Data = {
            ["LeftFoot"] = CFrame.new(-1.6065314412117004e-08, -5.960464477539063e-08, 3.725290298461914e-08, 0.9672824740409851, 0.14049847424030304, 0.21124616265296936, -0.03574390336871147, 0.89982008934021, -0.4347953796386719, -0.25117138028144836, 0.4130183458328247, 0.8754016757011414),
            ["LeftLowerArm"] = CFrame.new(-1.4901161193847656e-07, 5.960464477539063e-08, -1.5832483768463135e-07, 1, -5.960464477539063e-08, 1.378358120973644e-07, 6.984922151787032e-08, -0.604533851146698, -0.7965794205665588, 1.369044611010395e-07, 0.7965795397758484, -0.604533851146698),
            ["LowerTorso"] = CFrame.new(-0.13511516153812408, -0.13197994232177734, 0.10882073640823364, 0.9946154356002808, -0.04150890186429024, 0.0949588492512703, 0.03848406672477722, 0.9986986517906189, 0.033467527478933334, -0.09622447192668915, -0.029632916674017906, 0.9949184656143188),
            ["Head"] = CFrame.new(4.7031790018081665e-08, -3.5762786865234375e-07, 7.171183824539185e-08, 0.9972807765007019, 0.07151603698730469, -0.017795074731111526, -0.07367663085460663, 0.9618706703186035, -0.2633945345878601, -0.001720362575724721, 0.2639894187450409, 0.9645240902900696),
            ["RightUpperArm"] = CFrame.new(-1.7881393432617188e-07, 1.1920928955078125e-07, 0, 0.6046140193939209, -0.44217735528945923, 0.6625112891197205, 0.7028052806854248, 0.6875802278518677, -0.18247778713703156, -0.37484210729599, 0.5759449601173401, 0.7264851331710815),
            ["UpperTorso"] = CFrame.new(-1.4901161193847656e-08, 3.2782554626464844e-07, 2.421438694000244e-08, 0.999295175075531, -0.016354946419596672, -0.03379077464342117, 0.01962176151573658, 0.9949210286140442, 0.09872710704803467, 0.03200448304414749, -0.09932054579257965, 0.9945406913757324),
            ["HumanoidRootPart"] = CFrame.new(0, 0, 0, 1, 0, 0, 0, 1, 0, 0, 0, 1),
            ["RightHand"] = CFrame.new(-1.4901161193847656e-07, 1.1920928955078125e-07, -2.60770320892334e-07, 0.3209885358810425, 0.365832656621933, -0.8735748529434204, -0.5469291806221008, 0.8246361613273621, 0.14437320828437805, 0.7731978297233582, 0.43144142627716064, 0.46478337049484253),
            ["LeftUpperArm"] = CFrame.new(5.960464477539063e-08, 1.1920928955078125e-07, 6.891787052154541e-08, 0.1162426769733429, 0.9815065264701843, 0.15209458768367767, 0.18305157124996185, 0.12933839857578278, -0.9745581150054932, -0.97620689868927, 0.14112654328346252, -0.16463172435760498),
            ["RightLowerArm"] = CFrame.new(-5.364418029785156e-07, -1.1920928955078125e-07, 1.4901161193847656e-07, 1, -1.266598843585598e-07, 1.3411046495548362e-07, 8.940698137394065e-08, -0.6227742433547974, -0.7824016809463501, 1.6391278734317893e-07, 0.7824016809463501, -0.6227742433547974),
            ["LeftHand"] = CFrame.new(8.195638656616211e-08, -2.384185791015625e-07, -2.3562461137771606e-07, -0.3223949670791626, -0.4712892770767212, 0.8209434151649475, 0.9224754571914673, 0.03814563900232315, 0.38416674733161926, -0.21236905455589294, 0.8811534643173218, 0.42245474457740784),
            ["RightUpperLeg"] = CFrame.new(2.980232238769531e-07, 3.480818122625351e-07, 4.6733475755900145e-08, 0.9892507791519165, 0.000391717825550586, -0.14622856676578522, -0.11563587933778763, 0.6141857504844666, -0.7806432843208313, 0.08950583636760712, 0.7891615033149719, 0.6076292395591736),
            ["LeftUpperLeg"] = CFrame.new(-5.960464477539063e-08, -3.91155481338501e-08, 2.2351741790771484e-08, 0.9912330508232117, -0.1212773323059082, -0.05243001505732536, 0.09164944291114807, 0.9169548749923706, -0.3883219361305237, 0.09517062455415726, 0.38011255860328674, 0.9200310707092285),
            ["RightLowerLeg"] = CFrame.new(-5.6228600442409515e-08, -0.0000032186508178710938, -0.000013161617971491069, 1, -1.1362135410308838e-07, -3.073365562045183e-08, 6.658957829586143e-08, 0.7431925535202026, 0.6690775156021118, -1.3737011528291987e-08, -0.6690776944160461, 0.7431925535202026),
            ["RightFoot"] = CFrame.new(2.6775524020195007e-08, 2.384185791015625e-07, -8.678034646436572e-08, 0.9543991684913635, 0.15366356074810028, 0.25594857335090637, -0.22135892510414124, 0.9395158886909485, 0.26136210560798645, -0.2003060132265091, -0.3061003088951111, 0.9306880235671997),
            ["LeftLowerLeg"] = CFrame.new(-2.561137080192566e-09, 0.0000040531158447265625, 0.000013345852494239807, 1, 4.679897003256883e-08, 1.8160781323217634e-08, -4.0512531995773315e-08, 0.7022442817687988, 0.7119368314743042, 3.236345946788788e-08, -0.7119362354278564, 0.702243447303772),
        }},
        {Time = 0.200, Data = {
            ["LeftFoot"] = CFrame.new(-7.450580596923828e-09, 1.1920928955078125e-07, 4.470348358154297e-08, 0.9912470579147339, 0.12595385313034058, 0.03956173360347748, -0.10310382395982742, 0.9257168173789978, -0.3638930320739746, -0.08245666325092316, 0.35662874579429626, 0.9306002855300903),
            ["LeftLowerArm"] = CFrame.new(-2.980232238769531e-07, 1.1920928955078125e-07, -6.62636011838913e-07, 1, -6.705521116145974e-08, 1.4528635006172408e-07, 7.124619116893882e-08, -0.6024847626686096, -0.7981303930282593, 1.396984146140312e-07, 0.7981303930282593, -0.6024847626686096),
            ["LowerTorso"] = CFrame.new(-0.17921636998653412, -0.13511276245117188, 0.12009008228778839, 0.9997223019599915, 0.020597290247678757, -0.011447991244494915, -0.020223798230290413, 0.9992884993553162, 0.03183542191982269, 0.012095569632947445, -0.03159505873918533, 0.9994275569915771),
            ["Head"] = CFrame.new(2.4796463549137115e-08, 1.1920928955078125e-07, -3.961031325161457e-08, 0.9959977865219116, 0.06729741394519806, 0.058818720281124115, -0.049013931304216385, 0.9615572094917297, -0.270195335149765, -0.07474099844694138, 0.2662310302257538, 0.961007297039032),
            ["RightUpperArm"] = CFrame.new(-1.7881393432617188e-07, 5.960464477539062e-07, -9.773066267371178e-08, 0.36938154697418213, -0.17516401410102844, 0.9126198291778564, 0.7927403450012207, 0.5718370079994202, -0.21110478043556213, -0.4848919212818146, 0.8014487028121948, 0.350085586309433),
            ["UpperTorso"] = CFrame.new(-1.548323780298233e-08, 2.682209014892578e-07, 1.3737007975578308e-08, 0.998242199420929, -0.05871479585766792, 0.00807792879641056, 0.057612840086221695, 0.9932955503463745, 0.10022348165512085, -0.013908375054597855, -0.09958192706108093, 0.994932234287262),
            ["HumanoidRootPart"] = CFrame.new(0, 0, 0, 1, 0, 0, 0, 1, 0, 0, 0, 1),
            ["RightHand"] = CFrame.new(-5.513429641723633e-07, 1.7881393432617188e-07, 1.4901161193847656e-08, -0.057469889521598816, 0.15318016707897186, -0.9865257740020752, -0.4513467252254486, 0.8774220943450928, 0.16253243386745453, 0.8904962539672852, 0.4546058773994446, 0.018711932003498077),
            ["LeftUpperArm"] = CFrame.new(-1.1920928955078125e-07, 4.76837158203125e-07, 4.738103598356247e-08, 0.05110723525285721, 0.9795306921005249, 0.19469928741455078, 0.15608151257038116, 0.18472427129745483, -0.9703171849250793, -0.9864211678504944, 0.07997927814722061, -0.1434459090232849),
            ["RightLowerArm"] = CFrame.new(-9.238719940185547e-07, 5.960464477539062e-07, 4.470348358154297e-08, 1, -8.195635814445268e-08, 8.940694584680386e-08, 1.0430811414607888e-07, -0.6254414916038513, -0.780271053314209, 1.341104365337742e-07, 0.780271053314209, -0.6254414916038513),
            ["LeftHand"] = CFrame.new(-3.725290298461914e-08, 4.172325134277344e-07, -4.0046870708465576e-08, -0.3196830153465271, -0.46749740839004517, 0.8241656422615051, 0.9251559376716614, 0.03387793153524399, 0.37807267904281616, -0.2046690285205841, 0.8833450675010681, 0.421677827835083),
            ["RightUpperLeg"] = CFrame.new(1.7881393432617188e-07, 1.909211277961731e-08, -3.790773916989565e-09, 0.9648314118385315, 0.05120231583714485, -0.2578349709510803, -0.23064474761486053, 0.6354443430900574, -0.7368946075439453, 0.12610918283462524, 0.7704471945762634, 0.6249059438705444),
            ["LeftUpperLeg"] = CFrame.new(1.1920928955078125e-07, -4.400499165058136e-08, 3.958120942115784e-08, 0.9850670099258423, -0.1663246899843216, -0.04448825120925903, 0.13659420609474182, 0.9122706055641174, -0.386140376329422, 0.10480996966362, 0.3742973506450653, 0.9213666319847107),
            ["RightLowerLeg"] = CFrame.new(0, -0.000003814697265625, -0.000013327393389772624, 1, -7.450583439094771e-08, -7.450582373280668e-09, 7.078052277620372e-08, 0.8874109387397766, 0.46097856760025024, 0, -0.4609792232513428, 0.8874114155769348),
            ["RightFoot"] = CFrame.new(2.2351741790771484e-08, 2.384185791015625e-07, -1.3205863069742918e-08, 0.9810744524002075, 0.042786214500665665, 0.18884457647800446, -0.04903893545269966, 0.9983885288238525, 0.028560064733028412, -0.18731822073459625, -0.03728021681308746, 0.9815917015075684),
            ["LeftLowerLeg"] = CFrame.new(-3.91155481338501e-08, 0.000003814697265625, 0.000013221055269241333, 1, 3.3527612686157227e-08, 2.980232594040899e-08, -1.0803341865539551e-07, 0.7490692734718323, 0.6624919176101685, 2.9802322387695312e-08, -0.6624917387962341, 0.749069094657898),
        }},
        {Time = 0.233, Data = {
            ["LeftFoot"] = CFrame.new(7.450580596923828e-09, 0, 5.960464477539063e-08, 0.9888792634010315, 0.10135400295257568, -0.10883692651987076, -0.1319887787103653, 0.9353397488594055, -0.32820552587509155, 0.06853460520505905, 0.33892032504081726, 0.9383153319358826),
            ["LeftLowerArm"] = CFrame.new(-2.384185791015625e-07, -2.384185791015625e-07, -4.377216100692749e-08, 1, -7.078052277620372e-08, 1.3876710625027044e-07, 6.472694735748519e-08, -0.6009069085121155, -0.7993190884590149, 1.4062977982121083e-07, 0.7993191480636597, -0.6009068489074707),
            ["LowerTorso"] = CFrame.new(-0.19552350044250488, -0.16391515731811523, 0.12697632610797882, 0.9951819181442261, 0.0830736756324768, -0.05207403376698494, -0.08151981234550476, 0.9961804747581482, 0.03128872439265251, 0.05447440594434738, -0.026892907917499542, 0.9981529712677002),
            ["Head"] = CFrame.new(1.7229467630386353e-08, -4.76837158203125e-07, 6.658956408500671e-08, 0.9920652508735657, 0.06527576595544815, 0.10745135694742203, -0.03348028287291527, 0.9609581828117371, -0.2746606767177582, -0.12118493765592575, 0.2688837945461273, 0.9555186629295349),
            ["RightUpperArm"] = CFrame.new(-2.384185791015625e-07, -5.960464477539062e-07, -5.587935447692871e-08, 0.30873212218284607, -0.044653307646512985, 0.9501003623008728, 0.802202582359314, 0.5489122867584229, -0.23487526178359985, -0.5110337734222412, 0.8346864581108093, 0.20528782904148102),
            ["UpperTorso"] = CFrame.new(1.7229467630386353e-08, 2.980232238769531e-07, -9.313225746154785e-10, 0.9943870902061462, -0.10538838058710098, 0.00935891643166542, 0.10392989963293076, 0.9895240664482117, 0.10020362585783005, -0.0198211707174778, -0.09866853803396225, 0.994922935962677),
            ["HumanoidRootPart"] = CFrame.new(0, 0, 0, 1, 0, 0, 0, 1, 0, 0, 0, 1),
            ["RightHand"] = CFrame.new(-7.152557373046875e-07, 2.384185791015625e-07, -2.9802322387695312e-08, -0.15714861452579498, 0.08545180410146713, -0.9838711619377136, -0.4739035665988922, 0.8675263524055481, 0.15104101598262787, 0.8664408326148987, 0.48999595642089844, -0.09583467990159988),
            ["LeftUpperArm"] = CFrame.new(-1.1920928955078125e-07, -2.384185791015625e-07, 5.587935447692871e-08, 0.03524059057235718, 0.9777223467826843, 0.20692309737205505, 0.1086425632238388, 0.20207658410072327, -0.9733251929283142, -0.9934560656547546, 0.05678124725818634, -0.0991009771823883),
            ["RightLowerArm"] = CFrame.new(2.384185791015625e-07, 2.384185791015625e-07, 3.725290298461914e-07, 1, -1.043081283569336e-07, 1.4901162614933128e-07, 1.136213683139431e-07, -0.6265954971313477, -0.7793447375297546, 1.6391278734317893e-07, 0.7793446779251099, -0.6265955567359924),
            ["LeftHand"] = CFrame.new(-7.450580596923828e-09, 8.940696716308594e-07, -4.936009645462036e-07, -0.31729137897491455, -0.46384650468826294, 0.8271474838256836, 0.9274301528930664, 0.030324602499604225, 0.3727648854255676, -0.1979885697364807, 0.8853965401649475, 0.4205634593963623),
            ["RightUpperLeg"] = CFrame.new(1.7881393432617188e-07, 1.4435499906539917e-08, 2.029992174357176e-09, 0.9457352757453918, 0.08348261564970016, -0.31403112411499023, -0.3060075342655182, 0.5538700819015503, -0.7743301391601562, 0.10928935557603836, 0.8284072279930115, 0.5493609309196472),
            ["LeftUpperLeg"] = CFrame.new(5.960464477539063e-08, -3.5390257835388184e-07, 2.60770320892334e-08, 0.9783167243003845, -0.20479264855384827, -0.030928771942853928, 0.17371731996536255, 0.8926752805709839, -0.4158760905265808, 0.1127777099609375, 0.4014858305454254, 0.9088953137397766),
            ["RightLowerLeg"] = CFrame.new(2.2351741790771484e-08, -0.000003635883331298828, -0.000013215634680818766, 1, -5.96046660916727e-08, 0, 1.0430814256778831e-07, 0.8736123442649841, 0.48662254214286804, -6.705523247774181e-08, -0.4866226613521576, 0.8736124038696289),
            ["RightFoot"] = CFrame.new(-5.587935447692871e-09, 2.980232238769531e-07, 1.333683030679822e-08, 0.9943510890007019, -0.09398999065160751, 0.04931466281414032, 0.10613163560628891, 0.88670814037323, -0.4499833583831787, -0.0014337226748466492, 0.4526750445365906, 0.891674280166626),
            ["LeftLowerLeg"] = CFrame.new(7.450580596923828e-09, 0.000004172325134277344, 0.00001325458288192749, 1, 3.3527619791584584e-08, -3.7252898543727042e-09, -6.705523247774181e-08, 0.743661642074585, 0.668556809425354, 2.2351745343485163e-08, -0.668556272983551, 0.7436612248420715),
        }},
        {Time = 0.267, Data = {
            ["LeftFoot"] = CFrame.new(4.6566128730773926e-08, -5.960464477539063e-08, -2.9802322387695312e-08, 0.9769368171691895, 0.09713535755872726, -0.19015614688396454, -0.15974169969558716, 0.9234132766723633, -0.348985493183136, 0.14169380068778992, 0.3713121712207794, 0.9176327586174011),
            ["LeftLowerArm"] = CFrame.new(-2.384185791015625e-07, -4.76837158203125e-07, -3.855675458908081e-07, 1, -6.14672543974848e-08, 1.4901161193847656e-07, 7.264316792543468e-08, -0.6002745628356934, -0.79979407787323, 1.3411046495548362e-07, 0.79979407787323, -0.6002745032310486),
            ["LowerTorso"] = CFrame.new(-0.1981630027294159, -0.19843029975891113, 0.1295260637998581, 0.9930945634841919, 0.10593395680189133, -0.05041021108627319, -0.10416021943092346, 0.9938865900039673, 0.036607421934604645, 0.05398000031709671, -0.031103892251849174, 0.99805748462677),
            ["Head"] = CFrame.new(3.5390257835388184e-08, -1.1920928955078125e-07, 4.656612873077393e-10, 0.9911815524101257, 0.0605340301990509, 0.11787677556276321, -0.026114732027053833, 0.9613471627235413, -0.2740979492664337, -0.12991276383399963, 0.26860252022743225, 0.9544503092765808),
            ["RightUpperArm"] = CFrame.new(-1.1920928955078125e-07, 2.384185791015625e-07, -7.82310962677002e-08, 0.3044666349887848, -0.005220986902713776, 0.9525086879730225, 0.797120988368988, 0.5488172769546509, -0.2517891228199005, -0.5214385390281677, 0.8359260559082031, 0.17125830054283142),
            ["UpperTorso"] = CFrame.new(-2.3283064365386963e-09, -1.1920928955078125e-07, -4.6566128730773926e-09, 0.9929036498069763, -0.11884954571723938, 0.0041413153521716595, 0.11795870214700699, 0.9886888265609741, 0.09262935072183609, -0.01510342862457037, -0.09148351103067398, 0.9956920742988586),
            ["HumanoidRootPart"] = CFrame.new(0, 0, 0, 1, 0, 0, 0, 1, 0, 0, 0, 1),
            ["RightHand"] = CFrame.new(-2.980232238769531e-07, -1.7881393432617188e-07, -8.940696716308594e-08, -0.18988679349422455, 0.11359106004238129, -0.9752129316329956, -0.48687344789505005, 0.8516562581062317, 0.19400016963481903, 0.8525827527046204, 0.5116431713104248, -0.10641379654407501),
            ["LeftUpperArm"] = CFrame.new(0, 2.384185791015625e-07, 6.705522537231445e-08, 0.05253912881016731, 0.9725932478904724, 0.22649943828582764, 0.06408266723155975, 0.22306150197982788, -0.9726957082748413, -0.9965606927871704, 0.06561935693025589, -0.05060699209570885),
            ["RightLowerArm"] = CFrame.new(-6.258487701416016e-07, 4.76837158203125e-07, 1.4156103134155273e-07, 1, -8.940696716308594e-08, 1.1920928955078125e-07, 3.539026494081554e-08, -0.6295379400253296, -0.7769696712493896, 1.6391281576488836e-07, 0.7769697308540344, -0.6295379996299744),
            ["LeftHand"] = CFrame.new(7.450580596923828e-08, 2.980232238769531e-07, -1.341104507446289e-07, -0.3159888982772827, -0.4616713225841522, 0.8288611173629761, 0.9285654425621033, 0.02881399542093277, 0.3700486719608307, -0.19472351670265198, 0.8865830302238464, 0.4195871651172638),
            ["RightUpperLeg"] = CFrame.new(2.384185791015625e-07, -1.6763806343078613e-07, -1.7527781892567873e-08, 0.9385601282119751, 0.09756507724523544, -0.3310377895832062, -0.33666908740997314, 0.4697599709033966, -0.8160756230354309, 0.07588782161474228, 0.8773862719535828, 0.4737452268600464),
