return {
    ["It's True"] = {
        {Time = 0.000, Data = {
            ["RightFoot"] = CFrame.new(7.450580596923828e-09, 4.76837158203125e-07, 9.145878721028566e-09, 0.9915047287940979, -0.12690863013267517, -0.02850646898150444, 0.13005362451076508, 0.9637073278427124, 0.23313993215560913, -0.0021155348513275385, -0.23486687242984772, 0.9720253348350525),
            ["LeftLowerArm"] = CFrame.new(0, -2.384185791015625e-07, -2.1606683731079102e-07, 1, -1.1175868053214799e-07, 1.1175866632129328e-07, 8.940696716308594e-08, -0.42236384749412537, -0.9064263701438904, 1.043081283569336e-07, 0.9064264297485352, -0.42236390709877014),
            ["LeftFoot"] = CFrame.new(-2.3283064365386963e-08, 1.1920928955078125e-07, 3.3527612686157227e-08, 0.9893972873687744, 0.1407226175069809, -0.035918451845645905, -0.12174609303474426, 0.9384688138961792, 0.32319363951683044, 0.07918904721736908, -0.3153940737247467, 0.9456510543823242),
            ["Head"] = CFrame.new(-2.992237568832934e-09, -3.5762786865234375e-07, 8.589267963543534e-09, 0.9993664622306824, -0.003492819145321846, -0.03541850671172142, -0.017326606437563896, 0.8215298652648926, -0.5699021816253662, 0.031087923794984818, 0.5701548457145691, 0.8209489583969116),
            ["LowerTorso"] = CFrame.new(-0.002617772202938795, 0.2257847785949707, -0.03770431876182556, 0.9999898672103882, -0.002497966168448329, 0.0037465589120984077, 0.002714478177949786, 0.998257577419281, -0.05894401669502258, -0.003592790337279439, 0.058953579515218735, 0.9982543587684631),
            ["UpperTorso"] = CFrame.new(2.2919266484677792e-10, 1.7881393432617188e-07, -5.061338015366346e-09, 0.9999789595603943, -0.0041433642618358135, -0.005004393868148327, 0.004335114732384682, 0.9992324113845825, 0.03893345966935158, 0.004839237313717604, -0.03895433247089386, 0.9992293119430542),
            ["HumanoidRootPart"] = CFrame.new(0, 0, 0, 1, 0, 0, 0, 1, 0, 0, 0, 1),
            ["RightUpperLeg"] = CFrame.new(5.960464477539063e-08, 6.854534149169922e-07, -3.359309630468488e-08, 0.9786507487297058, 0.018810566514730453, -0.20466789603233337, -0.056357886642217636, 0.9821948409080505, -0.17921262979507446, 0.1976526528596878, 0.1869211047887802, 0.9622858762741089),
            ["LeftUpperArm"] = CFrame.new(0, -4.76837158203125e-07, 5.820766091346741e-10, 0.14871148765087128, 0.8957581520080566, -0.4189298748970032, -0.3777863383293152, -0.3400438725948334, -0.8611897826194763, -0.913872241973877, 0.2863347828388214, 0.2878367304801941),
            ["RightLowerArm"] = CFrame.new(-5.960464477539063e-08, -5.960464477539063e-08, 3.8743019104003906e-07, 1, -7.450577754752885e-08, 1.192092469182171e-07, 8.940696716308594e-08, -0.4464271366596222, -0.8948200345039368, 1.1920928955078125e-07, 0.8948200941085815, -0.4464271068572998),
            ["LeftHand"] = CFrame.new(2.9802322387695312e-08, -1.1920928955078125e-07, 6.183981895446777e-07, 0.8552185297012329, 0.2735217213630676, -0.4402132034301758, -0.3675326108932495, 0.9189440608024597, -0.1430436223745346, 0.36540547013282776, 0.2841261923313141, 0.8864259719848633),
            ["RightHand"] = CFrame.new(2.9802322387695312e-08, 3.5762786865234375e-07, 1.9371509552001953e-07, 0.8915945291519165, -0.22607725858688354, 0.3923629820346832, 0.31927725672721863, 0.928287148475647, -0.19064363837242126, -0.3211250603199005, 0.2952493131160736, 0.8998368978500366),
            ["RightUpperArm"] = CFrame.new(1.1920928955078125e-07, -4.76837158203125e-07, 1.1641532182693481e-10, 0.26172399520874023, -0.8900669813156128, 0.3732042908668518, 0.3552511930465698, -0.2706933617591858, -0.8947188854217529, 0.8973835110664368, 0.3667506277561188, 0.24535033106803894),
            ["RightLowerLeg"] = CFrame.new(1.4901161193847656e-08, 4.172325134277344e-07, -4.300818545743823e-08, 1, -8.195639367158947e-08, -2.980233659855003e-08, 8.568167686462402e-08, 0.8151642084121704, 0.5792297720909119, -4.284083843231201e-08, -0.5792299509048462, 0.8151644468307495),
            ["LeftUpperLeg"] = CFrame.new(-5.960464477539063e-08, 1.501757651567459e-08, 2.7939677238464355e-09, 0.9831951260566711, -0.0014788113767281175, 0.1825522780418396, 0.044681061059236526, 0.9715038537979126, -0.232774555683136, -0.17700599133968353, 0.23701941967010498, 0.9552438259124756),
            ["LeftLowerLeg"] = CFrame.new(-4.0978193283081055e-08, 1.7881393432617188e-07, 2.9802322387695312e-08, 1, 4.097820394122209e-08, 9.313229298868464e-09, -4.563480615615845e-08, 0.7806705832481384, 0.6249428987503052, 2.7939677238464355e-08, -0.6249427795410156, 0.7806704640388489),
        }},
        {Time = 0.033, Data = {
            ["RightFoot"] = CFrame.new(5.587935447692871e-09, 1.7881393432617188e-07, -5.2321411203593016e-08, 0.9862490892410278, -0.16225971281528473, -0.031380098313093185, 0.16525836288928986, 0.9701062440872192, 0.17771774530410767, 0.0016056133899837732, -0.18045984208583832, 0.9835810661315918),
            ["LeftLowerArm"] = CFrame.new(4.470348358154297e-07, -3.5762786865234375e-07, -6.705522537231445e-08, 1, -1.043081283569336e-07, 1.0430809993522416e-07, 8.940698137394065e-08, -0.42115873098373413, -0.9069869518280029, 8.940698137394065e-08, 0.9069869518280029, -0.4211588203907013),
            ["LeftFoot"] = CFrame.new(6.984919309616089e-09, 1.7881393432617188e-07, 5.587935447692871e-09, 0.99814373254776, 0.06060819700360298, 0.005983089096844196, -0.0603724867105484, 0.9717294573783875, 0.22824770212173462, 0.008019772358238697, -0.2281855046749115, 0.9735847115516663),
            ["Head"] = CFrame.new(1.8817445379681885e-09, 3.5762786865234375e-07, -3.3360265661031008e-09, 0.9994810223579407, -0.0029937957879155874, -0.03207322210073471, -0.01600482687354088, 0.81792813539505, -0.5750975608825684, 0.02795531414449215, 0.5753125548362732, 0.8174560070037842),
            ["LowerTorso"] = CFrame.new(-0.006305320654064417, 0.06080961227416992, -0.013794377446174622, 0.9999935626983643, -0.0017407216364517808, 0.003171402495354414, 0.0019870169926434755, 0.9968416094779968, -0.07939077913761139, -0.0030231892596930265, 0.0793965607881546, 0.9968385100364685),
            ["UpperTorso"] = CFrame.new(4.729372449219227e-11, -3.5762786865234375e-07, 3.394234227016568e-09, 0.9999796748161316, -0.0031495827715843916, -0.00556018715724349, 0.0036212478298693895, 0.9962047934532166, 0.08696559816598892, 0.005265179555863142, -0.08698397129774094, 0.9961957931518555),
            ["HumanoidRootPart"] = CFrame.new(0, 0, 0, 1, 0, 0, 0, 1, 0, 0, 0, 1),
            ["RightUpperLeg"] = CFrame.new(0, -9.04605258256197e-07, 1.8211721908301115e-08, 0.9863349795341492, 0.03639185056090355, -0.16068312525749207, -0.08166258782148361, 0.9550500512123108, -0.2849748134613037, 0.1430896818637848, 0.2942022979259491, 0.9449710845947266),
            ["LeftUpperArm"] = CFrame.new(-2.384185791015625e-07, 2.384185791015625e-07, -2.561137080192566e-09, 0.4659077525138855, 0.8129022717475891, -0.34945663809776306, -0.703325629234314, 0.10058628767728806, -0.7037155628204346, -0.5369012951850891, 0.5736483335494995, 0.6185988187789917),
            ["RightLowerArm"] = CFrame.new(-2.980232238769531e-07, 1.7881393432617188e-07, -1.0477378964424133e-07, 1, -1.043081283569336e-07, 1.6391271628890536e-07, 1.0151417484394187e-07, -0.4672717750072479, -0.8841137886047363, 1.3411046495548362e-07, 0.8841137886047363, -0.4672718644142151),
            ["LeftHand"] = CFrame.new(2.5331974029541016e-07, -5.960464477539063e-08, 8.940696716308594e-08, 0.8534709215164185, 0.26455703377723694, -0.4489958882331848, -0.3614012897014618, 0.9211953282356262, -0.14418132603168488, 0.3754686415195465, 0.2853221595287323, 0.8818244934082031),
            ["RightHand"] = CFrame.new(1.862645149230957e-07, 5.960464477539063e-08, -3.725290298461914e-08, 0.8914748430252075, -0.22751522064208984, 0.39180320501327515, 0.32055535912513733, 0.9278627038002014, -0.19056564569473267, -0.3201826214790344, 0.295478880405426, 0.9000971913337708),
            ["RightUpperArm"] = CFrame.new(0, 4.76837158203125e-07, -4.6566128730773926e-09, 0.37739089131355286, -0.8747924566268921, 0.3038327693939209, 0.6050013303756714, -0.01549089327454567, -0.796073853969574, 0.7011058926582336, 0.48425018787384033, 0.5234044194221497),
            ["RightLowerLeg"] = CFrame.new(-1.1175870895385742e-08, 1.7881393432617188e-07, 1.6952981241047382e-09, 1, -8.940696716308594e-08, -3.7252917195473856e-08, 1.1548399925231934e-07, 0.6920069456100464, 0.7218906879425049, -3.3527612686157227e-08, -0.721890926361084, 0.6920071244239807),
            ["LeftUpperLeg"] = CFrame.new(-1.1920928955078125e-07, -4.214816726744175e-07, -1.5133991837501526e-08, 0.9936953783035278, -0.016364313662052155, 0.11091293394565582, 0.04848993942141533, 0.9547058939933777, -0.293573796749115, -0.10108508169651031, 0.29710108041763306, 0.9494802355766296),
            ["LeftLowerLeg"] = CFrame.new(1.862645149230957e-08, 0, 7.450580596923828e-09, 1, 7.078052277620372e-08, 2.7939684343891713e-08, -6.891786341611805e-08, 0.6876377463340759, 0.7260541915893555, 3.352760913344355e-08, -0.7260540127754211, 0.6876375079154968),
        }},
        {Time = 0.067, Data = {
            ["RightFoot"] = CFrame.new(3.818422555923462e-08, 3.5762786865234375e-07, -7.281050784513354e-08, 0.9961113333702087, -0.04824091121554375, 0.07372330129146576, 0.07365717738866806, 0.9151126742362976, -0.3964129090309143, -0.04834182560443878, 0.4003020226955414, 0.9151075482368469),
            ["LeftLowerArm"] = CFrame.new(1.1920928955078125e-07, 0, -5.960464477539063e-08, 1, -8.195638656616211e-08, 1.8626454334480513e-07, 2.9802318834981634e-08, -0.4127048850059509, -0.9108648896217346, 1.4901159772762185e-07, 0.9108648896217346, -0.4127048850059509),
            ["LeftFoot"] = CFrame.new(2.9802322387695312e-08, 5.960464477539063e-08, 1.30385160446167e-08, 0.9969848394393921, 0.061598338186740875, -0.04719135910272598, -0.07528915256261826, 0.9151151776313782, -0.39610087871551514, 0.018786365166306496, 0.39845946431159973, 0.9169935584068298),
            ["Head"] = CFrame.new(-4.5838532969355583e-10, 2.384185791015625e-07, 1.5857949620112777e-08, 0.9995988607406616, -0.0026609895285218954, -0.02819603681564331, -0.013818450272083282, 0.8232038021087646, -0.5675777792930603, 0.024721398949623108, 0.5677398443222046, 0.8228369355201721),
            ["LowerTorso"] = CFrame.new(-0.009899640455842018, -0.1102607250213623, 0.013581916689872742, 0.9999963641166687, -0.00011144752352265641, 0.002693713176995516, 0.0003870204382110387, 0.9947308897972107, -0.10251975059509277, -0.002668093889951706, 0.1025204062461853, 0.9947274327278137),
            ["UpperTorso"] = CFrame.new(-7.275957614183426e-10, 1.1920928955078125e-07, -2.0354491425678134e-09, 0.9999844431877136, -0.002863002708181739, -0.004794327076524496, 0.0036011505872011185, 0.9868127703666687, 0.1618259996175766, 0.004267794545739889, -0.16184072196483612, 0.9868077635765076),
            ["HumanoidRootPart"] = CFrame.new(0, 0, 0, 1, 0, 0, 0, 1, 0, 0, 0, 1),
            ["RightUpperLeg"] = CFrame.new(-2.9802322387695312e-08, 1.7565253074280918e-07, -1.1241354513913393e-08, 0.9949597716331482, 0.013456646353006363, -0.09936816990375519, -0.032143618911504745, 0.981462836265564, -0.18893800675868988, 0.09498367458581924, 0.1911795735359192, 0.9769485592842102),
            ["LeftUpperArm"] = CFrame.new(-3.5762786865234375e-07, 5.960464477539062e-07, 3.958120942115784e-09, 0.5699673891067505, 0.7354192137718201, -0.3664640188217163, -0.7999929785728455, 0.3949192464351654, -0.45171886682510376, -0.18747907876968384, 0.5506336688995361, 0.813421368598938),
            ["RightLowerArm"] = CFrame.new(-2.980232238769531e-07, 1.7881393432617188e-07, 2.8312206268310547e-07, 1, -7.450579886381092e-08, 1.4901159772762185e-07, 7.450579175838357e-08, -0.477969229221344, -0.8783766031265259, 1.6391273049976007e-07, 0.8783766627311707, -0.4779691696166992),
            ["LeftHand"] = CFrame.new(7.450580596923828e-08, -1.7881393432617188e-07, -5.960464477539063e-08, 0.8596889972686768, 0.23853090405464172, -0.45170536637306213, -0.33814793825149536, 0.9285336136817932, -0.1532370150089264, 0.3828718066215515, 0.2844793498516083, 0.8789088726043701),
            ["RightHand"] = CFrame.new(-1.341104507446289e-07, 3.5762786865234375e-07, -5.960464477539063e-08, 0.8050789833068848, -0.21750324964523315, 0.5518512725830078, 0.36133453249931335, 0.9176371097564697, -0.16546805202960968, -0.4704095423221588, 0.3326178193092346, 0.8173619508743286),
            ["RightUpperArm"] = CFrame.new(1.1920928955078125e-07, 7.152557373046875e-07, 1.1874362826347351e-08, 0.5725864768028259, -0.7562780380249023, 0.31652551889419556, 0.7535479664802551, 0.33338603377342224, -0.5665855407714844, 0.32297107577323914, 0.5629363656044006, 0.7607841491699219),
            ["RightLowerLeg"] = CFrame.new(7.450580596923828e-09, 2.980232238769531e-07, -1.3205863069742918e-08, 1, -1.0803344707710494e-07, -3.7252917195473856e-08, 1.0989606380462646e-07, 0.712049663066864, 0.7021287679672241, -4.377216100692749e-08, -0.7021291255950928, 0.7120500206947327),
            ["LeftUpperLeg"] = CFrame.new(0, 5.6443241192027926e-08, -3.841705620288849e-09, 0.993293285369873, -0.028483588248491287, 0.1120593324303627, 0.048240646719932556, 0.9828887581825256, -0.1777709275484085, -0.1050783097743988, 0.18198449909687042, 0.9776708483695984),
            ["LeftLowerLeg"] = CFrame.new(3.3527612686157227e-08, 0, -4.470348358154297e-08, 1, 5.96046660916727e-08, 2.7939680791178034e-08, -6.51925802230835e-08, 0.7225363850593567, 0.6913328766822815, 3.3527612686157227e-08, -0.6913329362869263, 0.7225363254547119),
        }},
        {Time = 0.100, Data = {
            ["RightFoot"] = CFrame.new(5.587935447692871e-09, 3.5762786865234375e-07, 5.3849362302571535e-08, 0.9962806701660156, -0.034453198313713074, 0.07898036390542984, 0.07277175784111023, 0.8272544145584106, -0.5570945143699646, -0.046143144369125366, 0.5607701539993286, 0.8266848921775818),
            ["LeftLowerArm"] = CFrame.new(2.9802322387695312e-08, -5.960464477539062e-07, 1.1920928955078125e-07, 1, -1.1175869474300271e-07, 1.2293457984924316e-07, 8.754432201385498e-08, -0.3261808753013611, -0.9453073143959045, 8.940696716308594e-08, 0.9453073740005493, -0.32618099451065063),
            ["LeftFoot"] = CFrame.new(1.862645149230957e-09, 1.1920928955078125e-07, 1.862645149230957e-08, 0.9967904090881348, 0.05770163610577583, -0.05549190938472748, -0.07883863151073456, 0.827928364276886, -0.5552648901939392, 0.013903623446822166, 0.5578576326370239, 0.8298202157020569),
            ["Head"] = CFrame.new(-2.3283064365386963e-10, 0, -1.7438651411794126e-08, 0.9992319941520691, -0.0382208488881588, -0.008649091236293316, 0.031415920704603195, 0.9132454991340637, -0.40619656443595886, 0.023423923179507256, 0.4056129455566406, 0.9137448668479919),
            ["LowerTorso"] = CFrame.new(-0.011566619388759136, -0.21168053150177002, 0.040974900126457214, 0.9999939203262329, 0.0027201783377677202, 0.002191174076870084, -0.0023944233544170856, 0.9905723333358765, -0.13696983456611633, -0.0025430989917367697, 0.13696376979351044, 0.9905728697776794),
            ["UpperTorso"] = CFrame.new(5.675246939063072e-10, -1.7881393432617188e-07, 3.96194081986323e-08, 0.999995768070221, -0.002809130121022463, -0.0008147582993842661, 0.0029247691854834557, 0.9630134105682373, 0.2694377899169922, 0.00002773756204987876, -0.2694389820098877, 0.9630175232887268),
            ["HumanoidRootPart"] = CFrame.new(0, 0, 0, 1, 0, 0, 0, 1, 0, 0, 0, 1),
            ["RightUpperLeg"] = CFrame.new(-5.960464477539063e-08, -2.4051405489444733e-07, 9.946234058588743e-09, 0.9953204989433289, 0.0012837332906201482, -0.0966206043958664, -0.023106811568140984, 0.9740641713142395, -0.22508928179740906, 0.09382569789886475, 0.22626835107803345, 0.9695355892181396),
            ["LeftUpperArm"] = CFrame.new(2.384185791015625e-07, 5.960464477539062e-07, -5.774199962615967e-08, 0.6258314847946167, 0.6497789025306702, -0.4314189851284027, -0.7776626944541931, 0.4774353802204132, -0.409018337726593, -0.059796858578920364, 0.5914751291275024, 0.8041030168533325),
            ["RightLowerArm"] = CFrame.new(-8.940696716308594e-08, -1.1920928955078125e-07, 1.1920928955078125e-07, 1, -3.259629011154175e-08, 1.6670675506702537e-07, 1.1315570702663535e-07, -0.2566732168197632, -0.9664982557296753, 9.313227167240257e-08, 0.9664983153343201, -0.25667330622673035),
            ["LeftHand"] = CFrame.new(1.7136335372924805e-07, -5.960464477539063e-08, 5.960464477539063e-08, 0.888110876083374, 0.1963036060333252, -0.4156010150909424, -0.287425696849823, 0.9427946209907532, -0.16889259219169617, 0.3586720824241638, 0.26944980025291443, 0.8937287330627441),
            ["RightHand"] = CFrame.new(-6.705522537231445e-08, 0, 5.960464477539063e-08, 0.9476104974746704, -0.14953750371932983, 0.28226396441459656, 0.20669695734977722, 0.9607704877853394, -0.18492281436920166, -0.24353808164596558, 0.23357798159122467, 0.94134521484375),
            ["RightUpperArm"] = CFrame.new(0, 2.384185791015625e-07, -4.6333298087120056e-08, 0.7983129024505615, -0.5481711030006409, 0.2494095265865326, 0.5988124012947083, 0.6783571243286133, -0.42574092745780945, 0.06419016420841217, 0.48922404646873474, 0.8697928190231323),
            ["RightLowerLeg"] = CFrame.new(0, 2.980232238769531e-07, -4.300818545743823e-08, 1, -1.1175872316471214e-07, -5.7742006731587026e-08, 1.1827796697616577e-07, 0.6072815656661987, 0.7944863438606262, -5.4016709327697754e-08, -0.7944867610931396, 0.6072820425033569),
            ["LeftUpperLeg"] = CFrame.new(5.960464477539063e-08, -2.0547304302453995e-07, 1.1408701539039612e-08, 0.9931591749191284, -0.026262493804097176, 0.11377736926078796, 0.050352588295936584, 0.9754542112350464, -0.21436837315559387, -0.10535473376512527, 0.218630850315094, 0.9701036214828491),
            ["LeftLowerLeg"] = CFrame.new(-3.725290298461914e-08, 5.960464477539063e-08, 5.587935447692871e-08, 1, 6.705523958316917e-08, 2.2351748896198842e-08, -6.332992796842518e-08, 0.6175642609596252, 0.7865205407142639, 3.166496398421259e-08, -0.7865204215049744, 0.61756432056427),
        }},
        {Time = 0.133, Data = {
            ["RightFoot"] = CFrame.new(1.1175870895385742e-08, 2.384185791015625e-07, 2.2184394765645266e-08, 0.9965026378631592, -0.03720194101333618, 0.0748240277171135, 0.07361384481191635, 0.8145558834075928, -0.5753949880599976, -0.03954252228140831, 0.5788909792900085, 0.8144458532333374),
            ["LeftLowerArm"] = CFrame.new(4.172325134277344e-07, -2.384185791015625e-07, 0, 1, -1.1920926112907182e-07, 3.725290298461914e-08, 1.2665987014770508e-07, -0.13428497314453125, -0.9909428358078003, 7.450580596923828e-08, 0.9909427762031555, -0.13428504765033722),
            ["LeftFoot"] = CFrame.new(4.0978193283081055e-08, -5.960464477539063e-08, 3.166496753692627e-08, 0.9973888397216797, 0.06581278145313263, -0.02973776124417782, -0.07099034637212753, 0.8177909851074219, -0.5711203217506409, -0.013267757371068, 0.5717400312423706, 0.820327639579773),
            ["Head"] = CFrame.new(-1.1641532182693481e-10, 2.384185791015625e-07, 3.302920958958566e-08, 0.9981982111930847, -0.05937753617763519, -0.008645625784993172, 0.05252966284751892, 0.9343850612640381, -0.35237088799476624, 0.029001258313655853, 0.3512819707393646, 0.9358205199241638),
            ["LowerTorso"] = CFrame.new(-0.012552551925182343, -0.23789429664611816, 0.06332984566688538, 0.9999834895133972, 0.005524508189409971, 0.0016457999590784311, -0.005198855418711901, 0.9876627922058105, -0.15650935471057892, -0.002490132814273238, 0.15649819374084473, 0.987675130367279),
            ["UpperTorso"] = CFrame.new(-2.0954757928848267e-09, -2.9802322387695312e-08, 4.718640411738306e-08, 0.9999889731407166, -0.0037367872428148985, 0.002837807172909379, 0.002522321417927742, 0.9380740523338318, 0.3464258909225464, -0.003956591710448265, -0.3464148938655853, 0.9380730986595154),
            ["HumanoidRootPart"] = CFrame.new(0, 0, 0, 1, 0, 0, 0, 1, 0, 0, 0, 1),
            ["RightUpperLeg"] = CFrame.new(5.960464477539063e-08, -2.691522240638733e-07, 7.350899977609515e-08, 0.9957278966903687, -0.002923698863014579, -0.09229043871164322, -0.021063750609755516, 0.96595299243927, -0.25785914063453674, 0.08990210294723511, 0.2587014436721802, 0.9617646336555481),
            ["LeftUpperArm"] = CFrame.new(0, -2.384185791015625e-07, 9.313225746154785e-10, 0.74146568775177, 0.49250203371047974, -0.4557088315486908, -0.6699475646018982, 0.5812424421310425, -0.46187397837638855, 0.037403423339128494, 0.6477646827697754, 0.7609218955039978),
            ["RightLowerArm"] = CFrame.new(-2.384185791015625e-07, 1.7881393432617188e-07, 1.4901161193847656e-07, 1, -6.705522537231445e-08, 9.313224325069314e-08, 8.940695295223122e-08, -0.14407534897327423, -0.9895668029785156, 9.685753354915505e-08, 0.9895668029785156, -0.14407537877559662),
            ["LeftHand"] = CFrame.new(-3.2782554626464844e-07, 5.960464477539063e-08, -5.960464477539063e-08, 0.9337037205696106, 0.14842532575130463, -0.3258332312107086, -0.21547026932239532, 0.959726870059967, -0.18026909232139587, 0.28595444560050964, 0.238525390625, 0.9280818104743958),
            ["RightHand"] = CFrame.new(-3.725290298461914e-08, 0, 2.9802322387695312e-08, 0.9848848581314087, -0.10335306078195572, 0.13899636268615723, 0.12618935108184814, 0.9778399467468262, -0.16704894602298737, -0.1186511218547821, 0.1820637583732605, 0.9761017560958862),
            ["RightUpperArm"] = CFrame.new(0, 0, 3.026798367500305e-08, 0.8621088266372681, -0.4439168870449066, 0.2443484514951706, 0.5066775679588318, 0.7616584897041321, -0.40392354130744934, -0.006801575887948275, 0.47203192114830017, 0.8815552592277527),
            ["RightLowerLeg"] = CFrame.new(0, 1.7881393432617188e-07, -1.6931153368204832e-08, 1, -1.1548399925231934e-07, -7.450583439094771e-08, 1.2293457984924316e-07, 0.5452535152435303, 0.8382710218429565, -7.078051567077637e-08, -0.8382712602615356, 0.5452538132667542),
            ["LeftUpperLeg"] = CFrame.new(-5.960464477539063e-08, -2.0721927285194397e-07, 6.158370524644852e-08, 0.9947294592857361, -0.038941048085689545, 0.09485267102718353, 0.06122744828462601, 0.9676268100738525, -0.2448463886976242, -0.08224739879369736, 0.249363511800766, 0.9649110436439514),
            ["LeftLowerLeg"] = CFrame.new(2.421438694000244e-08, 0, 0, 1, 7.4505820180093e-08, 3.72529100900465e-08, -6.891786341611805e-08, 0.5608676075935364, 0.8279054760932922, 3.352760913344355e-08, -0.827905535697937, 0.5608677268028259),
        }},
        {Time = 0.167, Data = {
            ["RightFoot"] = CFrame.new(-4.6566128730773926e-09, 2.980232238769531e-07, 5.198671715334058e-08, 0.9975391626358032, -0.029628125950694084, 0.06354383379220963, 0.06060237064957619, 0.8201214671134949, -0.5689709186553955, -0.03525610268115997, 0.5714219808578491, 0.8198989033699036),
            ["LeftLowerArm"] = CFrame.new(-2.384185791015625e-07, -2.980232238769531e-07, 1.1920928955078125e-07, 1, -8.195639367158947e-08, 6.705523247774181e-08, 1.1920928955078125e-07, 0.09310197085142136, -0.9956566095352173, 1.4901161193847656e-08, 0.9956566095352173, 0.09310191124677658),
            ["LeftFoot"] = CFrame.new(9.778887033462524e-09, -5.960464477539063e-08, 1.257285475730896e-08, 0.9970390200614929, 0.07508289813995361, 0.016611507162451744, -0.05298588052392006, 0.827329695224762, -0.5592122077941895, -0.05573050305247307, 0.5566759705543518, 0.8288580775260925),
            ["Head"] = CFrame.new(2.2118911147117615e-09, -1.1920928955078125e-07, 2.537854015827179e-08, 0.9972090721130371, -0.07405095547437668, -0.009516988880932331, 0.06844218820333481, 0.9576315879821777, -0.2797453701496124, 0.02982916682958603, 0.2783133387565613, 0.9600271582603455),
            ["LowerTorso"] = CFrame.new(-0.012925808317959309, -0.24224483966827393, 0.07629719376564026, 0.9999749064445496, 0.006952424068003893, 0.0014334245352074504, -0.006657020188868046, 0.9885571002960205, -0.1507001370191574, -0.0024647535756230354, 0.15068680047988892, 0.9885785579681396),
            ["UpperTorso"] = CFrame.new(-2.5902409106492996e-09, 2.980232238769531e-07, -4.302910383557901e-08, 0.9999836087226868, -0.0048727295361459255, 0.003020406235009432, 0.003483731299638748, 0.9349066019058228, 0.35487696528434753, -0.004553015809506178, -0.3548606038093567, 0.9349081516265869),
            ["HumanoidRootPart"] = CFrame.new(0, 0, 0, 1, 0, 0, 0, 1, 0, 0, 0, 1),
            ["RightUpperLeg"] = CFrame.new(1.1920928955078125e-07, -7.916241884231567e-09, 3.7303834687918425e-08, 0.9966217875480652, -0.0007202727138064802, -0.08212555199861526, -0.022543327882885933, 0.959154486656189, -0.28198331594467163, 0.07897418737411499, 0.2828819155693054, 0.9558979272842407),
            ["LeftUpperArm"] = CFrame.new(-1.1920928955078125e-07, -3.5762786865234375e-07, 6.938353180885315e-08, 0.7479744553565979, 0.4270947277545929, -0.5080596208572388, -0.6503134965896606, 0.6246943473815918, -0.4322609007358551, 0.1327654868364334, 0.6537179350852966, 0.7450007200241089),
            ["RightLowerArm"] = CFrame.new(1.1920928955078125e-07, -1.7881393432617188e-07, 0, 1, -1.1175872316471214e-07, 7.450580596923828e-08, 1.154839708306099e-07, -0.04501468315720558, -0.9989863634109497, 1.3038513202445756e-07, 0.9989864230155945, -0.04501477628946304),
            ["LeftHand"] = CFrame.new(-8.940696716308594e-08, 1.1920928955078125e-07, 1.1920928955078125e-07, 0.9710832834243774, 0.1055217832326889, -0.21415573358535767, -0.1447526514530182, 0.9735683798789978, -0.17666703462600708, 0.1898529827594757, 0.20255804061889648, 0.9606904983520508),
            ["RightHand"] = CFrame.new(-1.9371509552001953e-07, 0, 2.384185791015625e-07, 0.9995869398117065, -0.028717145323753357, 0.0011138917179778218, 0.0286269411444664, 0.9915340542793274, -0.12665222585201263, 0.0025327131152153015, 0.12663182616233826, 0.9919465780258179),
            ["RightUpperArm"] = CFrame.new(0, -1.1920928955078125e-07, 2.60770320892334e-08, 0.9006138443946838, -0.35281288623809814, 0.25380685925483704, 0.42566925287246704, 0.8339443802833557, -0.3512013852596283, -0.08775240182876587, 0.4243346154689789, 0.9012434482574463),
            ["RightLowerLeg"] = CFrame.new(-3.3527612686157227e-08, -5.960464477539063e-08, 1.3953103916719556e-07, 1, -1.1548399925231934e-07, -7.4505820180093e-08, 1.2898816237338906e-07, 0.5299555659294128, 0.8480252027511597, -6.891786341611805e-08, -0.8480254411697388, 0.5299559235572815),
            ["LeftUpperLeg"] = CFrame.new(-1.1920928955078125e-07, 9.150244295597076e-08, 8.731149137020111e-10, 0.996353805065155, -0.062369540333747864, 0.058216970413923264, 0.0761771947145462, 0.9576079249382019, -0.277820348739624, -0.03842148557305336, 0.2812420725822449, 0.9588674306869507),
            ["LeftLowerLeg"] = CFrame.new(1.30385160446167e-08, -1.7881393432617188e-07, -1.862645149230957e-08, 1, 6.612391700855369e-08, 3.9115551686563776e-08, -8.00937343115038e-08, 0.5362764000892639, 0.8440424203872681, 3.725289943190546e-08, -0.8440424203872681, 0.5362765192985535),
        }},
        {Time = 0.200, Data = {
            ["RightFoot"] = CFrame.new(3.725290298461914e-09, 4.172325134277344e-07, -1.091320882551372e-07, 0.9987546801567078, -0.01588791236281395, 0.04729538410902023, 0.03753028064966202, 0.863850474357605, -0.5023481249809265, -0.03287488594651222, 0.5034978985786438, 0.8633710145950317),
            ["LeftLowerArm"] = CFrame.new(-1.7881393432617188e-07, -3.5762786865234375e-07, -1.4901161193847656e-07, 1, -8.195638656616211e-08, 1.341104365337742e-07, 1.043081283569336e-07, 0.274912565946579, -0.9614692330360413, 5.960464477539063e-08, 0.9614692330360413, 0.27491268515586853),
            ["LeftFoot"] = CFrame.new(-1.1816155165433884e-08, -5.960464477539063e-08, 2.7939677238464355e-09, 0.9961141347885132, 0.07540326565504074, 0.04551016166806221, -0.044275641441345215, 0.8754167556762695, -0.481336772441864, -0.07613475620746613, 0.4774514138698578, 0.8753536343574524),
            ["Head"] = CFrame.new(1.0477378964424133e-09, 0, 5.1684764912351966e-08, 0.9965578317642212, -0.08260670304298401, -0.006975858472287655, 0.0793861374258995, 0.9751653671264648, -0.2067614495754242, 0.02388249896466732, 0.20549599826335907, 0.9783666133880615),
            ["LowerTorso"] = CFrame.new(-0.013121294789016247, -0.2001652717590332, 0.08229370415210724, 0.9999749064445496, 0.0069457911886274815, 0.001403861679136753, -0.006675617303699255, 0.9898170828819275, -0.14218851923942566, -0.002377178054302931, 0.1421755850315094, 0.9898386001586914),
            ["UpperTorso"] = CFrame.new(-5.529727786779404e-10, -1.1920928955078125e-07, -3.618060873122886e-08, 0.9999850392341614, -0.004515400622040033, 0.0030900260899215937, 0.0031780535355210304, 0.9390550255775452, 0.34375226497650146, -0.00445388350635767, -0.34373730421066284, 0.9390553832054138),
            ["HumanoidRootPart"] = CFrame.new(0, 0, 0, 1, 0, 0, 0, 1, 0, 0, 0, 1),
            ["RightUpperLeg"] = CFrame.new(5.960464477539063e-08, -2.5564804673194885e-07, -1.0484654922038317e-08, 0.9976779818534851, 0.007042855489999056, -0.06774270534515381, -0.024544207379221916, 0.9649863839149475, -0.2611493170261383, 0.06353156268596649, 0.2622055113315582, 0.9629184603691101),
            ["LeftUpperArm"] = CFrame.new(-2.384185791015625e-07, 2.384185791015625e-07, -5.587935447692871e-09, 0.7258643507957458, 0.3990054428577423, -0.5602816343307495, -0.6500487327575684, 0.6642045378684998, -0.3691464960575104, 0.22485019266605377, 0.6321606636047363, 0.7414953708648682),
            ["RightLowerArm"] = CFrame.new(1.1920928955078125e-07, -4.172325134277344e-07, 8.940696716308594e-08, 1, -1.1548399925231934e-07, 5.5879347371501353e-08, 1.1920928955078125e-07, -0.0074746087193489075, -0.9999720454216003, 9.313225746154785e-08, 0.9999721050262451, -0.007474577985703945),
            ["LeftHand"] = CFrame.new(0, 5.960464477539063e-08, 1.4901161193847656e-07, 0.9905164241790771, 0.07101791352033615, -0.11761745810508728, -0.08965162932872772, 0.9827762246131897, -0.16159720718860626, 0.10411511361598969, 0.17060914635658264, 0.9798227548599243),
            ["RightHand"] = CFrame.new(1.1920928955078125e-07, 5.960464477539063e-08, -2.384185791015625e-07, 0.9980581998825073, 0.045710381120443344, 0.04231548681855202, -0.04000817611813545, 0.9910988211631775, -0.1269746571779251, -0.04774275794625282, 0.12503500282764435, 0.9910030364990234),
            ["RightUpperArm"] = CFrame.new(1.1920928955078125e-07, 2.384185791015625e-07, 8.521601557731628e-08, 0.8960164785385132, -0.35651758313179016, 0.2646689713001251, 0.43181541562080383, 0.8384605646133423, -0.3324446380138397, -0.10339213907718658, 0.41216394305229187, 0.9052242636680603),
            ["RightLowerLeg"] = CFrame.new(-9.313225746154785e-09, 4.172325134277344e-07, 2.032174961641431e-08, 1, -1.2107194891086692e-07, -6.146731124090365e-08, 1.2014061212539673e-07, 0.593123197555542, 0.8051115274429321, -6.332993507385254e-08, -0.805111825466156, 0.5931235551834106),
            ["LeftUpperLeg"] = CFrame.new(0, 3.958120942115784e-09, -2.6368070393800735e-08, 0.9965918064117432, -0.07450228184461594, 0.03541523963212967, 0.08136668801307678, 0.958454430103302, -0.27339494228363037, -0.013575350865721703, 0.27534475922584534, 0.9612497091293335),
            ["LeftLowerLeg"] = CFrame.new(-1.5832483768463135e-08, -1.7881393432617188e-07, 8.195638656616211e-08, 1, 6.728807022682304e-08, 3.7485744286414047e-08, -7.287598435823384e-08, 0.5785679817199707, 0.8156341910362244, 4.2375173592290594e-08, -0.8156342506408691, 0.5785679221153259),
        }},
        {Time = 0.233, Data = {
            ["RightFoot"] = CFrame.new(-1.0244548320770264e-08, 4.172325134277344e-07, 6.119080353528261e-09, 0.9997802376747131, -0.011085515841841698, 0.017795380204916, 0.014666259288787842, 0.9763318300247192, -0.2157798409461975, -0.014982163906097412, 0.21599358320236206, 0.9762799739837646),
            ["LeftLowerArm"] = CFrame.new(8.940696716308594e-08, 2.980232238769531e-07, 4.842877388000488e-08, 1, -2.2351738238057806e-08, 7.078050856534901e-08, 8.940696716308594e-08, 0.3871208131313324, -0.9220290780067444, 9.685754776000977e-08, 0.9220290780067444, 0.3871205449104309),
            ["LeftFoot"] = CFrame.new(-1.8360879039391875e-08, 5.960464477539063e-08, 4.7497451305389404e-08, 0.9970288872718811, 0.05228468030691147, 0.05656694993376732, -0.04033424332737923, 0.9799953699111938, -0.1948907971382141, -0.06562517583370209, 0.19203011691570282, 0.9791924357414246),
            ["Head"] = CFrame.new(3.4924596548080444e-10, 2.384185791015625e-07, -5.846231942996383e-08, 0.996410608291626, -0.08453506231307983, 0.004448265768587589, 0.08421792089939117, 0.9846165180206299, -0.1530936062335968, 0.008561942726373672, 0.15291881561279297, 0.9882016777992249),
            ["LowerTorso"] = CFrame.new(-0.013282295316457748, -0.05391371250152588, 0.08649000525474548, 0.9999747276306152, 0.006965164560824633, 0.0014314871514216065, -0.006721509620547295, 0.9915769696235657, -0.12934502959251404, -0.002320338739082217, 0.12933214008808136, 0.9915987253189087),
            ["UpperTorso"] = CFrame.new(3.2014213502407074e-10, 1.1920928955078125e-07, -6.445134204113856e-08, 0.9999861121177673, -0.004624492023140192, 0.002529083751142025, 0.0035415231250226498, 0.9448716640472412, 0.3274218440055847, -0.00390381901524961, -0.3274083733558655, 0.9448748826980591),
            ["HumanoidRootPart"] = CFrame.new(0, 0, 0, 1, 0, 0, 0, 1, 0, 0, 0, 1),
            ["RightUpperLeg"] = CFrame.new(0, 4.470348358154297e-08, -7.561902748420835e-08, 0.999155580997467, 0.02283974550664425, -0.034153833985328674, -0.027936473488807678, 0.9871864914894104, -0.15710675716400146, 0.03012792579829693, 0.15792803466320038, 0.9869909882545471),
            ["LeftUpperArm"] = CFrame.new(5.960464477539063e-08, 5.960464477539062e-07, -5.774199962615967e-08, 0.6886319518089294, 0.38305386900901794, -0.6156749129295349, -0.6466085314750671, 0.7086518406867981, -0.2823297381401062, 0.32815176248550415, 0.5925220847129822, 0.7356862425804138),
            ["RightLowerArm"] = CFrame.new(5.960464477539063e-08, 5.364418029785156e-07, 2.086162567138672e-07, 1, -7.078051567077637e-08, 1.1548399925231934e-07, 1.564621925354004e-07, 0.01743456721305847, -0.9998480677604675, 1.043081283569336e-07, 0.9998480677604675, 0.017434604465961456),
            ["LeftHand"] = CFrame.new(-5.960464477539063e-08, 5.960464477539063e-08, -1.9371509552001953e-07, 0.9957236051559448, 0.050228916108608246, -0.0775342732667923, -0.06140124052762985, 0.9868994355201721, -0.149196058511734, 0.06902451068162918, 0.15331900119781494, 0.9857631921768188),
            ["RightHand"] = CFrame.new(-2.086162567138672e-07, 1.1920928955078125e-07, 0, 0.9870777726173401, 0.07167888432741165, 0.14331693947315216, -0.07031046599149704, 0.9974184036254883, -0.014595838263630867, -0.14399318397045135, 0.0043305461294949055, 0.9895692467689514),
            ["RightUpperArm"] = CFrame.new(-5.960464477539063e-08, 9.5367431640625e-07, 5.122274160385132e-09, 0.8818082213401794, -0.3861178159713745, 0.27079036831855774, 0.46014413237571716, 0.8302416801452637, -0.3145892024040222, -0.10335300117731094, 0.4020099639892578, 0.909783661365509),
            ["RightLowerLeg"] = CFrame.new(-6.984919309616089e-09, 3.5762786865234375e-07, -7.617927622050047e-09, 1, -9.685758328714655e-08, -2.980232949312267e-08, 9.080396523586387e-08, 0.7914350032806396, 0.6112529039382935, -2.7008358216562556e-08, -0.6112533807754517, 0.7914353609085083),
            ["LeftUpperLeg"] = CFrame.new(-5.960464477539063e-08, -2.468004822731018e-08, -3.725290298461914e-08, 0.9971116185188293, -0.07322335243225098, 0.020173439756035805, 0.07556003332138062, 0.9832736849784851, -0.16572166979312897, -0.007701318245381117, 0.16676723957061768, 0.9859662652015686),
            ["LeftLowerLeg"] = CFrame.new(-6.202935765031725e-08, -1.7881393432617188e-07, 2.1420419216156006e-08, 1, 5.6141317372748745e-08, 1.520675496635704e-08, -5.5082644223602983e-08, 0.7841570973396301, 0.6205623149871826, 1.9994333300132894e-08, -0.6205624938011169, 0.7841571569442749),
        }},
        {Time = 0.267, Data = {
            ["RightFoot"] = CFrame.new(-1.955777406692505e-08, 2.384185791015625e-07, 1.6952981241047382e-09, 0.982494056224823, 0.06905028223991394, 0.17302480340003967, -0.13070985674858093, 0.9172952771186829, 0.37614351511001587, -0.13274215161800385, -0.39217519760131836, 0.9102628827095032),
            ["LeftLowerArm"] = CFrame.new(-5.960464477539063e-08, 3.5762786865234375e-07, 1.341104507446289e-07, 1, -1.0430811414607888e-07, 7.543710722757169e-08, 8.940698137394065e-08, 0.47138500213623047, -0.881927490234375, -5.401671643312511e-08, 0.8819275498390198, 0.47138500213623047),
            ["LeftFoot"] = CFrame.new(9.313225746154785e-09, -5.960464477539063e-08, -7.916241884231567e-09, 0.9863556623458862, 0.0898318663239479, -0.13795988261699677, -0.01071255560964346, 0.8712512254714966, 0.490720272064209, 0.16428013145923615, -0.48254698514938354, 0.8603259325027466),
            ["Head"] = CFrame.new(5.820766091346741e-10, 4.76837158203125e-07, 1.0210715117864311e-07, 0.9972643256187439, -0.07002504169940948, 0.023674163967370987, 0.07220762223005295, 0.991376519203186, -0.10935570299625397, -0.015812378376722336, 0.11076607555150986, 0.9937207102775574),
            ["LowerTorso"] = CFrame.new(-0.011743644252419472, 0.10933136940002441, 0.08939030766487122, 0.9999675154685974, 0.007962952367961407, 0.0013299426063895226, -0.007768167648464441, 0.9938923120498657, -0.11008112877607346, -0.0021983906626701355, 0.11006723344326019, 0.99392169713974),
            ["UpperTorso"] = CFrame.new(-7.566995918750763e-10, -2.9802322387695312e-08, -1.2680175132118165e-08, 0.9999373555183411, -0.01119229570031166, -0.00011109781917184591, 0.010722165927290916, 0.9549927711486816, 0.29643532633781433, -0.0032116940710693598, -0.2964179217815399, 0.9550529718399048),
            ["HumanoidRootPart"] = CFrame.new(0, 0, 0, 1, 0, 0, 0, 1, 0, 0, 0, 1),
            ["RightUpperLeg"] = CFrame.new(0, -4.977919161319733e-07, -1.1008523870259523e-08, 0.9848064184188843, -0.039318811148405075, -0.16914620995521545, 0.016197623685002327, 0.9905819892883301, -0.1359594464302063, 0.17289897799491882, 0.13115370273590088, 0.9761683940887451),
            ["LeftUpperArm"] = CFrame.new(-1.1920928955078125e-07, -1.1920928955078125e-07, 5.4249539971351624e-08, 0.6383038759231567, 0.37798258662223816, -0.6705948710441589, -0.6327646374702454, 0.7537380456924438, -0.17744867503643036, 0.43838030099868774, 0.5375946760177612, 0.7202878594398499),
            ["RightLowerArm"] = CFrame.new(-5.960464477539063e-08, 1.7881393432617188e-07, 2.9802322387695312e-08, 1, -1.2665985593685036e-07, 8.568167686462402e-08, 1.2293459406009788e-07, 0.026450451463460922, -0.9996501207351685, 6.33299421792799e-08, 0.9996501207351685, 0.026450403034687042),
            ["LeftHand"] = CFrame.new(2.384185791015625e-07, -1.7881393432617188e-07, 1.862645149230957e-09, 0.9910228848457336, 0.046841058880090714, -0.12521861493587494, -0.0659160390496254, 0.986052393913269, -0.15282584726810455, 0.11631347239017487, 0.15970773994922638, 0.9802880883216858),
            ["RightHand"] = CFrame.new(1.1920928955078125e-07, -1.1920928955078125e-07, 0, 0.966521680355072, 0.10839200764894485, 0.2325666844844818, -0.13258123397827148, 0.9869868755340576, 0.09099002182483673, -0.2196774035692215, -0.1187777891755104, 0.9683148264884949),
