return {
    ["It's Ok I'm Ok"] = {
        {Time = 0.000, Data = {
            ["RightFoot"] = CFrame.new(-1.043081283569336e-07, 2.980232238769531e-07, 8.181814337149262e-09, 0.9339697360992432, 0.31548938155174255, -0.16783034801483154, -0.34427520632743835, 0.6684963703155518, -0.659231960773468, -0.09578672051429749, 0.6734828352928162, 0.7329707741737366),
            ["LeftLowerArm"] = CFrame.new(8.940696716308594e-08, -1.1920928955078125e-07, -2.9802322387695312e-08, 1, -1.275912353548847e-07, 1.8067650842112926e-07, 1.4156096028727916e-07, 0.8435893654823303, -0.5369885563850403, 2.169980604094235e-07, 0.5369889140129089, 0.8435896039009094),
            ["RightUpperArm"] = CFrame.new(0.011256694793701172, -0.1082535982131958, -0.0006912536919116974, 0.27156656980514526, -0.9354500770568848, -0.22624029219150543, -0.0757833942770958, 0.21355997025966644, -0.9739862084388733, 0.9594314098358154, 0.28164777159690857, -0.012895812280476093),
            ["Head"] = CFrame.new(2.0489096641540527e-08, 0, 1.30385160446167e-08, 0.823630154132843, 0.012163938954472542, -0.5669967532157898, -0.00999943446367979, 0.9999260902404785, 0.006926478818058968, 0.5670391321182251, -0.00003517931327223778, 0.8236909508705139),
            ["RightHand"] = CFrame.new(5.960464477539063e-08, 4.172325134277344e-07, -8.940696716308594e-08, 0.36212968826293945, 0.03383392468094826, -0.931513249874115, -0.14405234158039093, 0.9893666505813599, -0.0200661588460207, 0.9209294319152832, 0.14145304262638092, 0.36315348744392395),
            ["UpperTorso"] = CFrame.new(2.0838342607021332e-08, -5.960464477539063e-08, -6.202026270329952e-08, 0.7844276428222656, 0.33836737275123596, -0.5197892189025879, -0.42166048288345337, 0.9055421948432922, -0.04685791954398155, 0.4548359513282776, 0.2559312880039215, 0.8530085682868958),
            ["HumanoidRootPart"] = CFrame.new(0, 0, 0, 1, 0, 0, 0, 1, 0, 0, 0, 1),
            ["RightUpperLeg"] = CFrame.new(5.960464477539063e-08, -3.585591912269592e-08, -2.527303877286613e-08, 0.9593752026557922, -0.22830112278461456, -0.1657644361257553, 0.014345448464155197, 0.6262524724006653, -0.7794884443283081, 0.28176847100257874, 0.7454437017440796, 0.6040859818458557),
            ["LeftUpperArm"] = CFrame.new(0.006355881690979004, -0.061122894287109375, -0.00039033032953739166, 0.5234488248825073, 0.6956366300582886, -0.4920275807380676, -0.05279577523469925, 0.6028287410736084, 0.7961218953132629, 0.8504199981689453, -0.3907521069049835, 0.35227665305137634),
            ["RightLowerArm"] = CFrame.new(0, 3.5762786865234375e-07, -3.129243850708008e-07, 1, -2.4214389782173384e-07, 6.947668680368224e-07, -3.6321594620858377e-07, -0.04199503734707832, -0.999117910861969, -1.415610881849716e-07, 0.9991178512573242, -0.04199489578604698),
            ["LeftHand"] = CFrame.new(-4.470348358154297e-08, 5.960464477539063e-08, 1.2665987014770508e-07, 0.8293085098266602, 0.3661811649799347, 0.4220885634422302, -0.3337002396583557, 0.9304197430610657, -0.15153667330741882, -0.44820940494537354, -0.01518099382519722, 0.8937996625900269),
            ["LeftFoot"] = CFrame.new(3.725290298461914e-08, -1.1920928955078125e-07, 4.245748641551472e-09, 0.8843895196914673, -0.4390334486961365, -0.15844495594501495, 0.364904522895813, 0.8620243668556213, -0.3517933189868927, 0.291032612323761, 0.2533051669597626, 0.9225707650184631),
            ["LowerTorso"] = CFrame.new(0.2610741853713989, -0.6796897649765015, 0.061564698815345764, 0.9662854671478271, -0.25745880603790283, -0.0027177382726222277, 0.25211474299430847, 0.9439804553985596, 0.2129296064376831, -0.052255116403102875, -0.2064359486103058, 0.977063775062561),
            ["RightLowerLeg"] = CFrame.new(2.2351741790771484e-08, 1.1920928955078125e-07, -3.430614015087485e-08, 1, -1.5646217832454568e-07, -8.493665859532484e-07, 6.407501018657058e-07, 0.028568565845489502, 0.9995918273925781, -8.940698847936801e-08, -0.9995918273925781, 0.028568996116518974),
            ["LeftUpperLeg"] = CFrame.new(2.9802322387695312e-08, -5.774199962615967e-08, -2.0954757928848267e-09, 0.4859144389629364, 0.780414342880249, -0.39349839091300964, -0.44574928283691406, -0.16598676145076752, -0.8796340823173523, -0.7517944574356079, 0.602828323841095, 0.2672134041786194),
            ["LeftLowerLeg"] = CFrame.new(2.9802322387695312e-08, -1.1920928955078125e-07, -3.285450134171697e-08, 1, 2.9802325229866256e-07, -3.7252917195473856e-07, 4.544854732557724e-07, -0.232988178730011, 0.9724797606468201, 9.685756197086448e-08, -0.9724796414375305, -0.23298779129981995),
        }},
        {Time = 0.033, Data = {
            ["RightFoot"] = CFrame.new(-7.450580596923828e-08, 3.5762786865234375e-07, -1.4169927453622222e-08, 0.9321092367172241, 0.32070472836494446, -0.1682884842157364, -0.3465506434440613, 0.6547453999519348, -0.6717222332954407, -0.10523834824562073, 0.6844392418861389, 0.7214349508285522),
            ["LeftLowerArm"] = CFrame.new(0, 0, 6.705522537231445e-07, 1, -1.5622936189174652e-07, 1.8044370619918482e-07, 2.8172504329404546e-08, 0.7954437732696533, -0.6060269474983215, 1.1117661813386803e-07, 0.6060274243354797, 0.7954441905021667),
            ["RightUpperArm"] = CFrame.new(0.01244509220123291, -0.11431217193603516, -0.0015630945563316345, 0.25143054127693176, -0.9272274971008301, -0.277546226978302, -0.08728880435228348, 0.2638665437698364, -0.9606014490127563, 0.9639312624931335, 0.26575136184692383, -0.014592612162232399),
            ["Head"] = CFrame.new(-3.3527612686157227e-08, 0, 2.60770320892334e-08, 0.8098443746566772, 0.011733198538422585, -0.5865277051925659, -0.008555865846574306, 0.9999298453330994, 0.008189737796783447, 0.5865824818611145, -0.0016139410436153412, 0.809887707233429),
            ["RightHand"] = CFrame.new(-2.9802322387695312e-08, 1.1920928955078125e-07, -5.960464477539063e-08, 0.33496928215026855, -0.02569405548274517, -0.941878616809845, -0.24325507879257202, 0.9633821249008179, -0.11279194802045822, 0.9102871417999268, 0.2668985426425934, 0.31645339727401733),
            ["UpperTorso"] = CFrame.new(-8.393544703722e-08, -2.086162567138672e-07, -6.984919309616089e-09, 0.7871164083480835, 0.3400515913963318, -0.5145996809005737, -0.40981242060661316, 0.9118466973304749, -0.024281486868858337, 0.46097907423973083, 0.2300015687942505, 0.8570867776870728),
            ["HumanoidRootPart"] = CFrame.new(0, 0, 0, 1, 0, 0, 0, 1, 0, 0, 0, 1),
            ["RightUpperLeg"] = CFrame.new(-1.7881393432617188e-07, -2.2351741790771484e-07, -2.434171619825065e-08, 0.9568314552307129, -0.24295224249362946, -0.1595233529806137, 0.0319780558347702, 0.6335322260856628, -0.7730551958084106, 0.28887882828712463, 0.734582245349884, 0.6139527559280396),
            ["LeftUpperArm"] = CFrame.new(0.006781816482543945, -0.062293410301208496, -0.0008517652750015259, 0.4840947687625885, 0.7236560583114624, -0.49190911650657654, -0.030458642169833183, 0.5757670402526855, 0.8170461058616638, 0.8744853138923645, -0.38054466247558594, 0.3007674515247345),
            ["RightLowerArm"] = CFrame.new(-5.960464477539063e-08, 1.7881393432617188e-07, 1.341104507446289e-07, 1, -1.5646226358967397e-07, 3.6507861977952416e-07, -8.940698137394065e-08, -0.12084841728210449, -0.9926709532737732, -2.980232594040899e-08, 0.992671012878418, -0.1208486333489418),
            ["LeftHand"] = CFrame.new(5.029141902923584e-08, -1.7881393432617188e-07, -3.725290298461914e-08, 0.7999146580696106, 0.3543456494808197, 0.48433035612106323, -0.3230104446411133, 0.9344083070755005, -0.1501513421535492, -0.5057675838470459, -0.03633613884449005, 0.8619040846824646),
            ["LeftFoot"] = CFrame.new(-2.9802322387695312e-08, 0, 1.16963292384753e-08, 0.8841289281845093, -0.43722203373908997, -0.16478297114372253, 0.357174277305603, 0.8597977161407471, -0.36493024230003357, 0.301235169172287, 0.2637893557548523, 0.9163365364074707),
            ["LowerTorso"] = CFrame.new(0.2610741853713989, -0.6975797414779663, 0.06156471371650696, 0.9674936532974243, -0.2526208758354187, 0.011778870597481728, 0.24584659934043884, 0.9504263997077942, 0.19039186835289001, -0.059291914105415344, -0.1813070923089981, 0.9816375374794006),
            ["RightLowerLeg"] = CFrame.new(1.2665987014770508e-07, -2.384185791015625e-07, 8.862843969836831e-08, 1, -3.725289587919178e-08, -8.195641498787154e-07, 6.407501018657058e-07, -0.0033803668338805437, 0.9999942779541016, -3.2782563152977673e-07, -0.9999942779541016, -0.0033802345860749483),
            ["LeftUpperLeg"] = CFrame.new(-5.960464477539063e-08, -8.381903171539307e-08, 3.4924596548080444e-09, 0.4873678386211395, 0.7774487137794495, -0.3975500762462616, -0.45643752813339233, -0.16130708158016205, -0.8750113844871521, -0.744404137134552, 0.6079092025756836, 0.27624109387397766),
            ["LeftLowerLeg"] = CFrame.new(-1.1920928955078125e-07, -1.1920928955078125e-07, -1.7953340147869312e-08, 1, 3.7066629943183216e-07, -3.725290298461914e-07, 6.85453471760411e-07, -0.24774593114852905, 0.9688250422477722, 7.450581485102248e-09, -0.9688250422477722, -0.2477460503578186),
        }},
        {Time = 0.067, Data = {
            ["RightFoot"] = CFrame.new(4.842877388000488e-08, 3.5762786865234375e-07, -3.6521669244393706e-08, 0.9314219951629639, 0.32264381647109985, -0.1683875322341919, -0.3473004996776581, 0.6496683359146118, -0.6762487888336182, -0.1087912991642952, 0.6883547306060791, 0.7171702980995178),
            ["LeftLowerArm"] = CFrame.new(-8.940696716308594e-08, 1.1920928955078125e-07, -4.3585896492004395e-07, 1, 4.1909537173978606e-08, 1.0989601406663496e-07, 2.3469328880310059e-07, 0.7516853213310242, -0.6595216989517212, 1.6205012798309326e-07, 0.6595220565795898, 0.7516855001449585),
            ["RightUpperArm"] = CFrame.new(0.013306856155395508, -0.11778569221496582, -0.0020596496760845184, 0.2439996898174286, -0.9237133264541626, -0.2953264117240906, -0.07927033305168152, 0.2845141589641571, -0.9553889036178589, 0.9665300846099854, 0.25652557611465454, -0.0038016964681446552),
            ["Head"] = CFrame.new(1.30385160446167e-08, 0, 1.1175870895385742e-08, 0.8026744723320007, 0.007793704979121685, -0.5963664650917053, -0.007162934169173241, 0.9999684691429138, 0.003427139949053526, 0.5963743329048157, 0.0015209184493869543, 0.8027049899101257),
            ["RightHand"] = CFrame.new(2.9802322387695312e-08, -1.1920928955078125e-07, -8.940696716308594e-08, 0.3291473388671875, -0.047339972108602524, -0.9430912733078003, -0.2568282186985016, 0.9566037654876709, -0.13765360414981842, 0.9086810946464539, 0.2875206768512726, 0.3027053475379944),
            ["UpperTorso"] = CFrame.new(3.9261067286133766e-08, -2.9802322387695312e-08, 7.916241884231567e-09, 0.7898113131523132, 0.3433595299720764, -0.5082343816757202, -0.4073435366153717, 0.9131327867507935, -0.016117975115776062, 0.4585513174533844, 0.21975602209568024, 0.861068069934845),
            ["HumanoidRootPart"] = CFrame.new(0, 0, 0, 1, 0, 0, 0, 1, 0, 0, 0, 1),
            ["RightUpperLeg"] = CFrame.new(0, -1.601874828338623e-07, -5.715264705941081e-09, 0.9555090069770813, -0.2488042414188385, -0.15842671692371368, 0.038408901542425156, 0.6374882459640503, -0.7695023417472839, 0.29245054721832275, 0.729181170463562, 0.6186819076538086),
            ["LeftUpperArm"] = CFrame.new(0.007129251956939697, -0.06310510635375977, -0.0011034831404685974, 0.44040703773498535, 0.7490593194961548, -0.49492618441581726, -0.00622530747205019, 0.5538010001182556, 0.8326256275177002, 0.8977766633033752, -0.3636133074760437, 0.24856124818325043),
            ["RightLowerArm"] = CFrame.new(-5.960464477539063e-08, 3.5762786865234375e-07, 7.450580596923828e-08, 1, -8.940699558479537e-08, 2.6635834160515515e-07, 0, -0.16025428473949432, -0.9870757460594177, -2.980233304583635e-08, 0.9870758056640625, -0.16025444865226746),
            ["LeftHand"] = CFrame.new(3.725290298461914e-08, 0, -2.7939677238464355e-08, 0.7589251399040222, 0.38759347796440125, 0.5232630968093872, -0.35838043689727783, 0.9195298552513123, -0.16133403778076172, -0.543687641620636, -0.06508687883615494, 0.8367598652839661),
            ["LeftFoot"] = CFrame.new(7.450580596923828e-09, 5.960464477539063e-08, 1.16963292384753e-08, 0.8850090503692627, -0.4332449734210968, -0.17046430706977844, 0.3486711084842682, 0.8593957424163818, -0.3739883005619049, 0.30852457880973816, 0.27154695987701416, 0.9116330146789551),
            ["LowerTorso"] = CFrame.new(0.2610741853713989, -0.7035847902297974, 0.06156471371650696, 0.9678055047988892, -0.2510301470756531, 0.018346065655350685, 0.2436564713716507, 0.9526655077934265, 0.18182417750358582, -0.0631210207939148, -0.1715002804994583, 0.9831599593162537),
            ["RightLowerLeg"] = CFrame.new(-2.2351741790771484e-08, 1.1920928955078125e-07, 9.607902029529214e-08, 1, -9.313223614526578e-08, -9.089710601983825e-07, 5.662441253662109e-07, -0.01383720152080059, 0.9999043345451355, -1.862645149230957e-07, -0.9999043345451355, -0.013836909085512161),
            ["LeftUpperLeg"] = CFrame.new(5.960464477539063e-08, -8.940696716308594e-08, 2.6542693376541138e-08, 0.4865383803844452, 0.7793095111846924, -0.39491406083106995, -0.4555678963661194, -0.1593974381685257, -0.8758139610290527, -0.7454786896705627, 0.6060274839401245, 0.2774755656719208),
            ["LeftLowerLeg"] = CFrame.new(1.4901161193847656e-07, 0, -7.755798492325994e-08, 1, 1.322478482279621e-07, -4.917383762403915e-07, 7.897619411778578e-07, -0.25099465250968933, 0.9679884910583496, 8.940700979565008e-08, -0.9679885506629944, -0.2509947717189789),
        }},
        {Time = 0.100, Data = {
            ["RightFoot"] = CFrame.new(-1.1175870895385742e-08, 3.5762786865234375e-07, -1.4169927453622222e-08, 0.9322026968002319, 0.3203704357147217, -0.1684069186449051, -0.3464208245277405, 0.6549968719482422, -0.6715437769889832, -0.10483717173337936, 0.6843551397323608, 0.7215734124183655),
            ["LeftLowerArm"] = CFrame.new(0, 0, -5.178153514862061e-07, 1, 2.2631147089668957e-07, 2.7008351111135198e-08, 4.749741719933809e-07, 0.7409266233444214, -0.671585738658905, 2.2165461643908202e-07, 0.6715860366821289, 0.74092698097229),
            ["RightUpperArm"] = CFrame.new(0.013653874397277832, -0.11684155464172363, -0.0022755004465579987, 0.23374632000923157, -0.9156766533851624, -0.3269544243812561, -0.06667988002300262, 0.32038143277168274, -0.9449388980865479, 0.9700085520744324, 0.24267683923244476, 0.013830718584358692),
            ["Head"] = CFrame.new(-1.30385160446167e-08, -1.1920928955078125e-07, 3.725290298461914e-09, 0.8093181252479553, -0.004774065688252449, -0.5873515009880066, -0.000931926304474473, 0.9999553561210632, -0.009411516599357128, 0.5873697400093079, 0.008164359256625175, 0.8092772364616394),
            ["RightHand"] = CFrame.new(1.4901161193847656e-08, 0, 3.2782554626464844e-07, 0.32795968651771545, -0.05960862338542938, -0.9428091049194336, -0.2528398633003235, 0.9560599327087402, -0.14839786291122437, 0.9102277755737305, 0.2870476543903351, 0.29847779870033264),
            ["UpperTorso"] = CFrame.new(-2.4738255888223648e-08, -3.5762786865234375e-07, -1.210719347000122e-08, 0.7921561598777771, 0.3476940989494324, -0.5015949606895447, -0.4106028378009796, 0.9116647243499756, -0.016509834676980972, 0.45154616236686707, 0.21903474628925323, 0.8649450540542603),
            ["HumanoidRootPart"] = CFrame.new(0, 0, 0, 1, 0, 0, 0, 1, 0, 0, 0, 1),
            ["RightUpperLeg"] = CFrame.new(-1.1920928955078125e-07, -3.096647560596466e-07, 8.254573913291097e-09, 0.9550871253013611, -0.24694472551345825, -0.16378912329673767, 0.03578957915306091, 0.6448183655738831, -0.7634976506233215, 0.29415613412857056, 0.7233448028564453, 0.6246955394744873),
            ["LeftUpperArm"] = CFrame.new(0.0070098042488098145, -0.05998539924621582, -0.0011682622134685516, 0.43543511629104614, 0.7507659196853638, -0.49673664569854736, -0.007748288102447987, 0.5548992156982422, 0.8318812251091003, 0.9001868367195129, -0.35838162899017334, 0.24743959307670593),
            ["RightLowerArm"] = CFrame.new(-5.960464477539063e-08, 7.152557373046875e-07, 2.9802322387695312e-08, 1, -9.685764013056541e-08, -4.2840863301307763e-08, 3.6135307368567737e-07, -0.19518429040908813, -0.980766773223877, 1.5646214990283625e-07, 0.9807666540145874, -0.19518357515335083),
            ["LeftHand"] = CFrame.new(1.043081283569336e-07, -5.960464477539063e-08, -3.9301812648773193e-07, 0.756109356880188, 0.38796767592430115, 0.5270480513572693, -0.36431580781936646, 0.9185382723808289, -0.15349793434143066, -0.543665885925293, -0.07595159113407135, 0.8358581066131592),
            ["LeftFoot"] = CFrame.new(2.2351741790771484e-08, 5.960464477539063e-08, 4.894923222309444e-08, 0.8872334957122803, -0.43113720417022705, -0.16412824392318726, 0.34781646728515625, 0.8588870167732239, -0.375947505235672, 0.3030521273612976, 0.2764667272567749, 0.9119899272918701),
            ["LowerTorso"] = CFrame.new(0.2610741853713989, -0.6934512853622437, 0.06156471371650696, 0.967681348323822, -0.25136032700538635, 0.020268123596906662, 0.24365073442459106, 0.9526637196540833, 0.18184104561805725, -0.06501632928848267, -0.1710258424282074, 0.983119010925293),
            ["RightLowerLeg"] = CFrame.new(-7.450580596923828e-09, 0, -1.497901394031942e-07, 1, -1.2293453721667902e-07, -9.23872676139581e-07, 5.662438979925355e-07, 0.0019439321476966143, 0.9999982118606567, -2.1234147595805553e-07, -0.9999980926513672, 0.0019446196965873241),
            ["LeftUpperLeg"] = CFrame.new(0, -2.7939677238464355e-07, -6.51925802230835e-09, 0.4928685426712036, 0.7803277373313904, -0.384927362203598, -0.45429182052612305, -0.14652475714683533, -0.8787202835083008, -0.7420914173126221, 0.6079632043838501, 0.2822791635990143),
            ["LeftLowerLeg"] = CFrame.new(-5.960464477539063e-08, 0, 2.6750143433673657e-08, 1, 1.5273690223693848e-07, -2.8312203426139604e-07, 6.407501587091247e-07, -0.2378976047039032, 0.9712902903556824, 1.5646224937881925e-07, -0.9712902903556824, -0.23789766430854797),
        }},
        {Time = 0.133, Data = {
            ["RightFoot"] = CFrame.new(1.4156103134155273e-07, 2.384185791015625e-07, -4.3972249841317534e-08, 0.9333227872848511, 0.3171459138393402, -0.16830666363239288, -0.34495076537132263, 0.6620510220527649, -0.6653549075126648, -0.09958698600530624, 0.6790485978126526, 0.7273073196411133),
            ["LeftLowerArm"] = CFrame.new(-5.960464477539063e-08, -2.980232238769531e-07, -1.0244548320770264e-07, 1, 1.4249241075958707e-07, 3.8184204242952546e-08, 3.483146713278984e-07, 0.746823251247406, -0.6650223731994629, 1.434236907016384e-07, 0.6650226712226868, 0.7468234300613403),
            ["RightUpperArm"] = CFrame.new(0.013445496559143066, -0.11409163475036621, -0.0023274458944797516, 0.228576198220253, -0.9052035212516785, -0.35827261209487915, -0.05596792325377464, 0.3551885783672333, -0.9331179261207581, 0.9719159007072449, 0.23334021866321564, 0.030525170266628265),
            ["Head"] = CFrame.new(4.284083843231201e-08, 0, -1.4901161193847656e-08, 0.8293180465698242, -0.01931781694293022, -0.5584427714347839, 0.00427223788574338, 0.9995921850204468, -0.028233835473656654, 0.5587607026100159, 0.021029146388173103, 0.8290624618530273),
            ["RightHand"] = CFrame.new(-2.9802322387695312e-08, 5.960464477539063e-08, 2.9802322387695312e-08, 0.329555869102478, -0.06804215162992477, -0.9416807889938354, -0.25017988681793213, 0.9554526209831238, -0.15659202635288239, 0.9103862643241882, 0.28719452023506165, 0.29785269498825073),
            ["UpperTorso"] = CFrame.new(-8.611823432147503e-08, 1.7881393432617188e-07, 9.313225746154785e-10, 0.7946937084197998, 0.34673064947128296, -0.4982364773750305, -0.40936657786369324, 0.912189781665802, -0.018137745559215546, 0.4481973350048065, 0.21837526559829712, 0.8668514490127563),
            ["HumanoidRootPart"] = CFrame.new(0, 0, 0, 1, 0, 0, 0, 1, 0, 0, 0, 1),
            ["RightUpperLeg"] = CFrame.new(0, 2.5657936930656433e-07, 1.4773831935599446e-08, 0.9549981951713562, -0.24507370591163635, -0.1670851856470108, 0.03475716710090637, 0.6518945097923279, -0.7575128078460693, 0.29456838965415955, 0.7176158428192139, 0.6310759782791138),
            ["LeftUpperArm"] = CFrame.new(0.006700098514556885, -0.056853652000427246, -0.0011597685515880585, 0.42867469787597656, 0.7502919435501099, -0.5032890439033508, -0.00477497186511755, 0.5589432120323181, 0.8291924595832825, 0.9034463763237, -0.3530505895614624, 0.24318741261959076),
            ["RightLowerArm"] = CFrame.new(-1.1920928955078125e-07, 2.384185791015625e-07, -8.940696716308594e-08, 1, -1.7508882876882126e-07, 4.097820394122209e-08, 3.4831461448447953e-07, -0.22189204394817352, -0.975071370601654, -1.378357268322361e-07, 0.9750712513923645, -0.2218915820121765),
            ["LeftHand"] = CFrame.new(-3.725290298461914e-09, 5.960464477539063e-08, 1.0617077350616455e-07, 0.7648047804832458, 0.3861909806728363, 0.5156841278076172, -0.37015026807785034, 0.918527364730835, -0.1389118880033493, -0.5273162722587585, -0.08464021980762482, 0.8454427123069763),
            ["LeftFoot"] = CFrame.new(-5.21540641784668e-08, 1.1920928955078125e-07, -3.204831955372356e-09, 0.8898084163665771, -0.4286620020866394, -0.15649403631687164, 0.34852081537246704, 0.8597450256347656, -0.37332502007484436, 0.2945750057697296, 0.27764642238616943, 0.914405882358551),
            ["LowerTorso"] = CFrame.new(0.2610741853713989, -0.6797522306442261, 0.061564698815345764, 0.9682943224906921, -0.24895146489143372, 0.020723024383187294, 0.24119462072849274, 0.9532692432403564, 0.18194247782230377, -0.06504946202039719, -0.17117556929588318, 0.9830908179283142),
            ["RightLowerLeg"] = CFrame.new(-7.450580596923828e-09, 0, 7.372727850452065e-08, 1, -1.2665985593685036e-07, -6.705524242534011e-07, 7.301570690287917e-07, 0.021077454090118408, 0.9997778534889221, -2.495945068403671e-07, -0.9997779130935669, 0.021077552810311317),
            ["LeftUpperLeg"] = CFrame.new(-1.7881393432617188e-07, -4.470348358154297e-08, -2.0954757928848267e-08, 0.5015796422958374, 0.7819200158119202, -0.37016043066978455, -0.4523925185203552, -0.12764276564121246, -0.882637083530426, -0.7374000549316406, 0.6101709604263306, 0.28971192240715027),
            ["LeftLowerLeg"] = CFrame.new(8.940696716308594e-08, -5.960464477539063e-08, 4.910188522444514e-08, 1, 2.4773186169113615e-07, -1.9371512394172896e-07, 6.705524242534011e-07, -0.22077080607414246, 0.9753258228302002, 9.685756907629184e-08, -0.9753258228302002, -0.22077074646949768),
        }},
        {Time = 0.167, Data = {
            ["RightFoot"] = CFrame.new(1.4901161193847656e-08, 3.5762786865234375e-07, 5.288529791869223e-08, 0.9338657259941101, 0.31563615798950195, -0.16813331842422485, -0.34412768483161926, 0.6651788949966431, -0.6626555323600769, -0.09731941670179367, 0.6766912341117859, 0.7298073768615723),
            ["LeftLowerArm"] = CFrame.new(-1.7881393432617188e-07, 1.7881393432617188e-07, -1.9185245037078857e-07, 1, 2.71946277052848e-07, -8.195635814445268e-08, 5.299223744259507e-07, 0.7491856217384338, -0.6623594164848328, 2.2910526809027942e-07, 0.6623601317405701, 0.7491862177848816),
            ["RightUpperArm"] = CFrame.new(0.013388276100158691, -0.11290192604064941, -0.002011522650718689, 0.23311956226825714, -0.896041989326477, -0.37784141302108765, -0.04795989394187927, 0.3774798512458801, -0.9247750043869019, 0.9712647795677185, 0.23370413482189178, 0.045023780316114426),
            ["Head"] = CFrame.new(-9.313225746154785e-09, 2.384185791015625e-07, -1.4901161193847656e-08, 0.8616164326667786, -0.018290480598807335, -0.5072305798530579, -0.010789591819047928, 0.9984646439552307, -0.054332174360752106, 0.5074453353881836, 0.05228637158870697, 0.8600960969924927),
            ["RightHand"] = CFrame.new(8.940696716308594e-08, -2.980232238769531e-07, 2.9802322387695312e-08, 0.32713744044303894, -0.06873616576194763, -0.9424735903739929, -0.23928609490394592, 0.9588210582733154, -0.15298600494861603, 0.9141790270805359, 0.275567889213562, 0.2972186803817749),
            ["UpperTorso"] = CFrame.new(-1.1874362826347351e-08, 2.9802322387695312e-08, -6.076879799365997e-08, 0.7944394946098328, 0.3439265191555023, -0.5005800724029541, -0.414450079202652, 0.9094777703285217, -0.032885849475860596, 0.443956196308136, 0.23359116911888123, 0.8650655150413513),
            ["HumanoidRootPart"] = CFrame.new(0, 0, 0, 1, 0, 0, 0, 1, 0, 0, 0, 1),
            ["RightUpperLeg"] = CFrame.new(0, 1.1548399925231934e-07, -2.0616425899788737e-08, 0.9561643004417419, -0.24293585121631622, -0.163499116897583, 0.031745411455631256, 0.6410441994667053, -0.7668471336364746, 0.29110488295555115, 0.7280415296554565, 0.6206556558609009),
            ["LeftUpperArm"] = CFrame.new(0.006683468818664551, -0.05636096000671387, -0.0010041743516921997, 0.42860618233680725, 0.7532345652580261, -0.498933345079422, 0.0016446587396785617, 0.5515764951705933, 0.8341225981712341, 0.9034899473190308, -0.35833096504211426, 0.23517033457756042),
            ["RightLowerArm"] = CFrame.new(0, 3.5762786865234375e-07, -1.043081283569336e-07, 1, -7.823115311111906e-08, -1.0430819941120717e-07, 5.029142471357773e-07, -0.23939605057239532, -0.9709221124649048, 1.7136336794010276e-07, 0.9709221124649048, -0.23939578235149384),
            ["LeftHand"] = CFrame.new(-7.450580596923828e-09, -5.960464477539063e-08, -2.2351741790771484e-07, 0.7809039950370789, 0.378628134727478, 0.4968196451663971, -0.3692443370819092, 0.9213212132453918, -0.12176276743412018, -0.5038329362869263, -0.08836353570222855, 0.8592694997787476),
            ["LeftFoot"] = CFrame.new(-3.725290298461914e-08, 1.1920928955078125e-07, 7.875155461078975e-08, 0.8898299336433411, -0.4305802881717682, -0.15100756287574768, 0.3522322177886963, 0.8585705757141113, -0.37254413962364197, 0.2900606691837311, 0.27831122279167175, 0.9156460165977478),
            ["LowerTorso"] = CFrame.new(0.2610741853713989, -0.675186038017273, 0.061564698815345764, 0.969120979309082, -0.24624450504779816, 0.012971466407179832, 0.2390875667333603, 0.9512242078781128, 0.19496090710163116, -0.0603468157351017, -0.18583938479423523, 0.9807252883911133),
            ["RightLowerLeg"] = CFrame.new(-2.086162567138672e-07, -1.7881393432617188e-07, 4.392495611682534e-08, 1, 1.490115231206346e-08, -7.301570690287917e-07, 7.599595619467436e-07, 0.025758344680070877, 0.9996681809425354, -3.1664981747780985e-07, -0.9996681809425354, 0.025758400559425354),
            ["LeftUpperLeg"] = CFrame.new(0, 7.078051567077637e-08, -4.284083843231201e-08, 0.503371000289917, 0.7842290997505188, -0.3627706468105316, -0.4434814453125, -0.12584181129932404, -0.887405276298523, -0.7415806651115417, 0.6075760126113892, 0.28444597125053406),
            ["LeftLowerLeg"] = CFrame.new(8.940696716308594e-08, 0, -1.7953340147869312e-08, 1, 2.1792955351429555e-07, -4.023314090773056e-07, 6.258487701416016e-07, -0.21479181945323944, 0.9766598343849182, 9.685754776000977e-08, -0.976659893989563, -0.21479183435440063),
        }},
        {Time = 0.200, Data = {
            ["RightFoot"] = CFrame.new(-1.1920928955078125e-07, 4.172325134277344e-07, 5.288529791869223e-08, 0.9342808127403259, 0.3145294487476349, -0.16790133714675903, -0.34345927834510803, 0.6675858497619629, -0.6605785489082336, -0.095682792365551, 0.6748336553573608, 0.731741189956665),
            ["LeftLowerArm"] = CFrame.new(-1.7881393432617188e-07, -5.960464477539063e-08, -8.352799341082573e-07, 1, -1.117587622445626e-08, 6.239858407752763e-08, 9.965147995671941e-08, 0.7693400979042053, -0.6388390064239502, 7.066407192724e-08, 0.6388394236564636, 0.7693405747413635),
            ["RightUpperArm"] = CFrame.new(0.013405084609985352, -0.11182940006256104, -0.0014770030975341797, 0.25691914558410645, -0.8866985440254211, -0.38439324498176575, -0.03304789587855339, 0.3894510567188263, -0.9204541444778442, 0.9658676981925964, 0.24918575584888458, 0.07075383514165878),
            ["Head"] = CFrame.new(-1.862645149230957e-08, 0, 0, 0.9387643933296204, -0.07195093482732773, -0.3369638919830322, 0.04929274693131447, 0.995939314365387, -0.07533329725265503, 0.34101590514183044, 0.05411045253276825, 0.9384989142417908),
            ["RightHand"] = CFrame.new(-4.470348358154297e-08, 7.748603820800781e-07, 8.940696716308594e-08, 0.3802712857723236, -0.03947761282324791, -0.9240322113037109, -0.2514520287513733, 0.9570419788360596, -0.1443690061569214, 0.8900368809700012, 0.287249356508255, 0.3540087640285492),
            ["UpperTorso"] = CFrame.new(-1.1990778148174286e-08, -1.4901161193847656e-07, 7.246853783726692e-09, 0.7894187569618225, 0.3410201072692871, -0.5104148387908936, -0.42626404762268066, 0.9028609395027161, -0.05604659393429756, 0.4417206346988678, 0.2618155777454376, 0.8580999970436096),
            ["HumanoidRootPart"] = CFrame.new(0, 0, 0, 1, 0, 0, 0, 1, 0, 0, 0, 1),
            ["RightUpperLeg"] = CFrame.new(-5.960464477539063e-08, -3.864988684654236e-08, 2.7812347980216146e-08, 0.958579957485199, -0.23845602571964264, -0.15576690435409546, 0.025749407708644867, 0.6172018051147461, -0.7863836288452148, 0.28365734219551086, 0.7498005032539368, 0.5977771282196045),
            ["LeftUpperArm"] = CFrame.new(0.006772935390472412, -0.05650198459625244, -0.0007462874054908752, 0.4365402162075043, 0.748282253742218, -0.4995061159133911, 0.010486816987395287, 0.5509315729141235, 0.8344846367835999, 0.8996236324310303, -0.3695243299007416, 0.2326568216085434),
            ["RightLowerArm"] = CFrame.new(-5.960464477539063e-08, 4.76837158203125e-07, 2.9802322387695312e-08, 1, -3.7252917195473856e-08, 1.5739358616428945e-07, 1.3969847145745007e-07, -0.2448762208223343, -0.9695543050765991, 1.4901169720360485e-07, 0.9695544242858887, -0.2448766678571701),
            ["LeftHand"] = CFrame.new(2.5331974029541016e-07, -2.384185791015625e-07, -3.725290298461914e-09, 0.8177101612091064, 0.36794060468673706, 0.44268494844436646, -0.36643657088279724, 0.9258202314376831, -0.092635378241539, -0.4439307451248169, -0.0864674523472786, 0.8918793201446533),
            ["LeftFoot"] = CFrame.new(-4.470348358154297e-08, 1.1920928955078125e-07, -4.7908315536915325e-08, 0.8880739212036133, -0.43426376581192017, -0.15079784393310547, 0.3576315939426422, 0.8587675094604492, -0.36690250039100647, 0.28883281350135803, 0.27190685272216797, 0.917955756187439),
            ["LowerTorso"] = CFrame.new(0.2610741853713989, -0.6743100881576538, 0.061564698815345764, 0.9699345231056213, -0.24335679411888123, -0.0021472389344125986, 0.23792611062526703, 0.94636070728302, 0.21861524879932404, -0.051169443875551224, -0.21255335211753845, 0.9758087992668152),
            ["RightLowerLeg"] = CFrame.new(-4.470348358154297e-08, 5.960464477539063e-08, 2.1573214326053858e-08, 1, -1.0430809993522416e-07, -7.152559646783629e-07, 7.003548034845153e-07, 0.024897292256355286, 0.999690055847168, -1.67638120274205e-07, -0.999690055847168, 0.024897413328289986),
            ["LeftUpperLeg"] = CFrame.new(2.9802322387695312e-08, 1.1175870895385742e-08, 4.866160452365875e-08, 0.49852609634399414, 0.7883757948875427, -0.3604660928249359, -0.4274705648422241, -0.13817988336086273, -0.8934066295623779, -0.7541490793228149, 0.5994747281074524, 0.26812103390693665),
            ["LeftLowerLeg"] = CFrame.new(1.1920928955078125e-07, -5.960464477539063e-08, 1.0870652999983577e-07, 1, 3.464519693352486e-07, -6.407501587091247e-07, 3.129243850708008e-07, -0.21563051640987396, 0.9764751195907593, -4.470348358154297e-08, -0.9764750599861145, -0.2156301736831665),
        }},
        {Time = 0.233, Data = {
            ["RightFoot"] = CFrame.new(-1.1548399925231934e-07, 2.384185791015625e-07, 3.7984136724844575e-08, 0.9345055222511292, 0.3141157031059265, -0.16742509603500366, -0.34421488642692566, 0.677714467048645, -0.6497835516929626, -0.09064066410064697, 0.6648567318916321, 0.7414514422416687),
            ["LeftLowerArm"] = CFrame.new(-2.9802322387695312e-08, -2.980232238769531e-07, -6.239861249923706e-08, 1, 1.1175872316471214e-07, 6.984916467445146e-08, 3.157182391078095e-07, 0.8089728355407715, -0.5878458023071289, 2.0209692763728526e-07, 0.587846040725708, 0.808972954750061),
            ["RightUpperArm"] = CFrame.new(0.012843608856201172, -0.11123430728912354, -0.00249432772397995, 0.30074331164360046, -0.8704818487167358, -0.38963404297828674, -0.07993214577436447, 0.38410401344299316, -0.919823408126831, 0.9503496289253235, 0.30777496099472046, 0.0459374263882637),
            ["Head"] = CFrame.new(-9.313225746154785e-09, 2.384185791015625e-07, 3.725290298461914e-09, 0.9962930083274841, -0.060930557548999786, -0.060727521777153015, 0.0558798685669899, 0.9950926899909973, -0.08165763318538666, 0.06540447473526001, 0.07796144485473633, 0.9948086142539978),
            ["RightHand"] = CFrame.new(-8.940696716308594e-08, 0, -2.9802322387695312e-08, 0.46739909052848816, 0.08203084766864777, -0.8802324533462524, -0.31076377630233765, 0.9473856091499329, -0.07672495394945145, 0.8276255130767822, 0.30940505862236023, 0.46829932928085327),
            ["UpperTorso"] = CFrame.new(-2.718297764658928e-08, -1.4901161193847656e-07, -2.0256265997886658e-08, 0.7723087072372437, 0.3422665297985077, -0.5351564884185791, -0.43923062086105347, 0.8963271975517273, -0.06061553210020065, 0.45892906188964844, 0.28187111020088196, 0.8425753712654114),
            ["HumanoidRootPart"] = CFrame.new(0, 0, 0, 1, 0, 0, 0, 1, 0, 0, 0, 1),
            ["RightUpperLeg"] = CFrame.new(-2.9802322387695312e-08, 8.195638656616211e-08, 2.501838025636971e-08, 0.9620168805122375, -0.23359383642673492, -0.14127109944820404, 0.01773318462073803, 0.569875955581665, -0.8215394020080566, 0.27241355180740356, 0.787829577922821, 0.5523726344108582),
            ["LeftUpperArm"] = CFrame.new(0.0067441463470458984, -0.05840945243835449, -0.0013097897171974182, 0.4583929181098938, 0.7360156178474426, -0.4981537163257599, 0.004562326241284609, 0.5585545301437378, 0.8294553160667419, 0.8887379765510559, -0.38248923420906067, 0.2526794373989105),
            ["RightLowerArm"] = CFrame.new(-1.1920928955078125e-07, 2.980232238769531e-07, 1.4901161193847656e-07, 1, 3.725293140632857e-08, -1.0617080192787398e-07, 4.6566117362090154e-07, -0.25388339161872864, -0.9672349691390991, 1.713633110966839e-07, 0.9672349095344543, -0.25388303399086),
            ["LeftHand"] = CFrame.new(1.341104507446289e-07, -1.7881393432617188e-07, 8.940696716308594e-08, 0.8819355368614197, 0.3478441536426544, 0.31810998916625977, -0.35709938406944275, 0.9335588216781616, -0.03079013153910637, -0.3076845407485962, -0.0864422470331192, 0.947553813457489),
            ["LeftFoot"] = CFrame.new(0, 5.960464477539063e-08, 8.620213520771358e-08, 0.8820698261260986, -0.445587694644928, -0.15298552811145782, 0.3744629919528961, 0.8601599335670471, -0.34626880288124084, 0.285885214805603, 0.24814604222774506, 0.9255773425102234),
            ["LowerTorso"] = CFrame.new(0.25725793838500977, -0.6805654764175415, 0.08070097118616104, 0.9701553583145142, -0.24143944680690765, -0.022487660869956017, 0.23944182693958282, 0.9392086863517761, 0.24607881903648376, -0.0382925309240818, -0.24411915242671967, 0.9689889550209045),
            ["RightLowerLeg"] = CFrame.new(7.450580596923828e-08, 5.960464477539063e-08, -3.058084985241294e-08, 1, 0, -8.195639793484588e-07, 7.450585712831526e-07, 0.012290115468204021, 0.9999244809150696, -2.0861639882241434e-07, -0.9999245405197144, 0.012289874255657196),
            ["LeftUpperLeg"] = CFrame.new(-5.960464477539063e-08, -4.842877388000488e-08, -1.3969838619232178e-08, 0.5009821057319641, 0.7742565274238586, -0.38670915365219116, -0.4256401062011719, -0.16862940788269043, -0.8890414834022522, -0.7535565495491028, 0.6099926233291626, 0.24507425725460052),
            ["LeftLowerLeg"] = CFrame.new(5.960464477539063e-08, -5.960464477539063e-08, 5.655246582136897e-08, 1, 3.1385567922370683e-07, -5.513430210157821e-07, 3.576278118089249e-07, -0.22553367912769318, 0.9742355346679688, -7.4505797087454084e-09, -0.9742353558540344, -0.22553329169750214),
        }},
        {Time = 0.267, Data = {
            ["RightFoot"] = CFrame.new(1.825392246246338e-07, 4.172325134277344e-07, 2.308297553099692e-08, 0.9343920946121216, 0.31483444571495056, -0.16670577228069305, -0.34560343623161316, 0.6875749230384827, -0.6385909914970398, -0.08642791211605072, 0.6543088555335999, 0.7512728571891785),
            ["LeftLowerArm"] = CFrame.new(0, -1.1920928955078125e-07, 5.662441253662109e-07, 1, -1.732259846676243e-07, 1.434235912256554e-07, 7.26431323982979e-08, 0.8762602210044861, -0.48183780908584595, 5.587933316064664e-08, 0.48183831572532654, 0.8762603998184204),
            ["RightUpperArm"] = CFrame.new(0.011523604393005371, -0.10921275615692139, -0.0038315169513225555, 0.34193155169487, -0.838261067867279, -0.42473673820495605, -0.13837315142154694, 0.4021402597427368, -0.9050613045692444, 0.9294814467430115, 0.3682412803173065, 0.02151174284517765),
            ["Head"] = CFrame.new(1.30385160446167e-08, 2.384185791015625e-07, -1.1175870895385742e-08, 0.9692772030830383, -0.0634070485830307, 0.2376575469970703, 0.09097670018672943, 0.9901003241539001, -0.10688617825508118, -0.22852776944637299, 0.12522372603416443, 0.9654503464698792),
            ["RightHand"] = CFrame.new(-2.9802322387695312e-08, 2.384185791015625e-07, 1.4901161193847656e-07, 0.5514060258865356, 0.1991376429796219, -0.8101209998130798, -0.3545789420604706, 0.9349550604820251, -0.01151968352496624, 0.7551326155662537, 0.2936042845249176, 0.5861495137214661),
            ["UpperTorso"] = CFrame.new(2.833257894963026e-08, 1.4901161193847656e-07, 6.51925802230835e-09, 0.7571130394935608, 0.3472600281238556, -0.5533444285392761, -0.44403672218322754, 0.894827663898468, -0.045989781618118286, 0.4791777729988098, 0.28052470088005066, 0.8316819667816162),
            ["HumanoidRootPart"] = CFrame.new(0, 0, 0, 1, 0, 0, 0, 1, 0, 0, 0, 1),
            ["RightUpperLeg"] = CFrame.new(-2.9802322387695312e-08, 2.0302832126617432e-07, 1.3842509360983968e-08, 0.9671451449394226, -0.22160179913043976, -0.12459027022123337, 0.011779136024415493, 0.5286141633987427, -0.8487808108329773, 0.2539517879486084, 0.8194265365600586, 0.5138565301895142),
            ["LeftUpperArm"] = CFrame.new(0.006696581840515137, -0.06346523761749268, -0.002226579934358597, 0.46504414081573486, 0.7207691073417664, -0.5140291452407837, -0.015474515035748482, 0.5871644616127014, 0.8093194961547852, 0.885152280330658, -0.3684152364730835, 0.2842111587524414),
            ["RightLowerArm"] = CFrame.new(-5.960464477539063e-08, 2.384185791015625e-07, -2.980232238769531e-07, 1, -2.9802322387695312e-08, 3.35276340024393e-08, 2.980233659855003e-07, -0.2968105971813202, -0.9549363255500793, 2.2351753159455257e-07, 0.9549363851547241, -0.2968110740184784),
            ["LeftHand"] = CFrame.new(3.725290298461914e-08, 0, -7.450580596923828e-09, 0.9479800462722778, 0.3090011477470398, 0.07650013267993927, -0.31398746371269226, 0.9472048878669739, 0.06492067873477936, -0.05240052193403244, -0.08556374162435532, 0.9949538111686707),
            ["LeftFoot"] = CFrame.new(-5.960464477539063e-08, -5.960464477539063e-08, 2.6597490432322957e-08, 0.8723210096359253, -0.46181514859199524, -0.16057106852531433, 0.3947564959526062, 0.8590044975280762, -0.32600364089012146, 0.28848475217819214, 0.22099320590496063, 0.9316322803497314),
            ["LowerTorso"] = CFrame.new(0.25322970747947693, -0.6937013864517212, 0.09983722120523453, 0.968966543674469, -0.2428111732006073, -0.04633207246661186, 0.24644148349761963, 0.9343083500862122, 0.2575548589229584, -0.019248753786087036, -0.2609802186489105, 0.9651522040367126),
