return {
    ["It's Go Time!"] = {
        {Time = 0.000, Data = {
            ["LeftLowerArm"] = CFrame.new(2.682209014892578e-07, -0.0000010728836059570312, 1.862645149230957e-07, 1, -8.195641498787154e-08, 3.725290298461914e-08, 6.705522537231445e-08, 0.5077896118164062, -0.8614811301231384, 4.470348358154297e-08, 0.8614811897277832, 0.5077896118164062),
            ["LeftFoot"] = CFrame.new(1.0244548320770264e-08, -1.1920928955078125e-07, -4.1676685214042664e-08, 0.9950749278068542, 0.09872464835643768, 0.008908521384000778, -0.08321446925401688, 0.8808053135871887, -0.4661085307598114, -0.05386318266391754, 0.46307173371315, 0.884682834148407),
            ["RightHand"] = CFrame.new(-1.6391277313232422e-07, 0, -1.7881393432617188e-07, 0.8501966595649719, -0.20747032761573792, 0.4838612973690033, 0.13270723819732666, 0.9738530516624451, 0.18438829481601715, -0.5094649195671082, -0.09255442023277283, 0.8554994463920593),
            ["HumanoidRootPart"] = CFrame.new(0, 0, 0, 1, 0, 0, 0, 1, 0, 0, 0, 1),
            ["RightLowerLeg"] = CFrame.new(7.450580596923828e-09, -0.000003814697265625, -0.000013148579455446452, 1, -2.60770320892334e-07, -1.750886866602741e-07, 2.5331974029541016e-07, 0.2886451184749603, 0.9574362635612488, -2.5704503059387207e-07, -0.9574361443519592, 0.2886449098587036),
            ["LeftUpperLeg"] = CFrame.new(-2.384185791015625e-07, 4.805624485015869e-07, 5.21540641784668e-08, 0.9855012893676758, 0.035878412425518036, 0.16583114862442017, 0.12790998816490173, 0.4850435256958008, -0.8650849461555481, -0.11147315800189972, 0.8737537860870361, 0.473421573638916),
            ["LeftLowerLeg"] = CFrame.new(-6.332993507385254e-08, 0.0000037550926208496094, 0.00001332070678472519, 1, 1.378357268322361e-07, 2.0861632776814076e-07, -1.3783576946480025e-07, 0.3310343027114868, 0.943618655204773, 2.4773186169113615e-07, -0.9436187148094177, 0.3310348093509674),
            ["LowerTorso"] = CFrame.new(-0.06029494106769562, -0.31646156311035156, -0.04113750159740448, 0.9771301746368408, 0.05179792270064354, -0.2062373012304306, 0.023414982482790947, 0.9377705454826355, 0.34646517038345337, 0.2113494575023651, -0.34337058663368225, 0.9151109457015991),
            ["Head"] = CFrame.new(-4.284083843231201e-08, 4.76837158203125e-07, 3.762543201446533e-07, 0.9964748024940491, 0.08273544907569885, -0.013887192122638226, -0.07358010858297348, 0.7824075222015381, -0.6184048056602478, -0.040298569947481155, 0.6172466278076172, 0.7857370376586914),
            ["UpperTorso"] = CFrame.new(-5.960464477539063e-08, 5.960464477539063e-08, 4.842877388000488e-08, 0.9996786117553711, -0.025295834988355637, -0.0016926523530855775, 0.024624381214380264, 0.9529206156730652, 0.30221858620643616, -0.006031894125044346, -0.30216309428215027, 0.9532371759414673),
            ["LeftUpperArm"] = CFrame.new(-3.5762786865234375e-07, 2.384185791015625e-07, 3.8743019104003906e-07, 0.24456259608268738, 0.06968661397695541, -0.9671261310577393, -0.06369756162166595, 0.996414303779602, 0.05568939447402954, 0.9675391316413879, 0.04798401519656181, 0.24812448024749756),
            ["RightLowerArm"] = CFrame.new(1.7881393432617188e-07, 5.960464477539063e-08, 8.940696716308594e-08, 1, -5.960465188081798e-08, 7.450577044210149e-08, 1.0617074508445512e-07, 0.3957088887691498, -0.918376088142395, 3.725289587919178e-08, 0.918376088142395, 0.39570876955986023),
            ["LeftHand"] = CFrame.new(1.5273690223693848e-07, 1.1920928955078125e-07, -1.4901161193847656e-07, 0.4434172809123993, 0.43356242775917053, -0.7844774127006531, -0.46824216842651367, 0.8583508133888245, 0.20972174406051636, 0.7642843127250671, 0.2743310332298279, 0.5836197733879089),
            ["MainHandle2"] = CFrame.new(0, 0, 0, 1, 0, 0, 0, 1, 0, 0, 0, 1),
            ["RightFoot"] = CFrame.new(5.168840289115906e-08, 3.5762786865234375e-07, 3.5921402741223574e-08, 0.9993790984153748, 0.035041116178035736, 0.003708461532369256, -0.029193883761763573, 0.8823335766792297, -0.46971842646598816, -0.019731838256120682, 0.4693184196949005, 0.8828085064888),
            ["RightUpperLeg"] = CFrame.new(2.980232238769531e-07, 5.587935447692871e-07, -1.287116901949048e-08, 0.998803436756134, -0.04865425080060959, 0.00494748679921031, 0.026648301631212234, 0.45663172006607056, -0.8892567157745361, 0.04100724682211876, 0.888324499130249, 0.4573817253112793),
            ["RightUpperArm"] = CFrame.new(2.384185791015625e-07, 1.1920928955078125e-07, 4.470348358154297e-08, 0.15545593202114105, -0.07959546148777008, 0.9846308827400208, 0.23461635410785675, 0.9712031483650208, 0.041468195617198944, -0.9595773816108704, 0.2245640754699707, 0.16965365409851074),
        }},
        {Time = 0.033, Data = {
            ["LeftLowerArm"] = CFrame.new(-3.8743019104003906e-07, -5.960464477539063e-08, 1.7508864402770996e-07, 1, -9.685760460342863e-08, 5.960463766996327e-08, 2.7939680791178034e-08, 0.34652179479599, -0.9380419254302979, 2.980232594040899e-08, 0.9380419850349426, 0.3465218245983124),
            ["LeftFoot"] = CFrame.new(-1.6763806343078613e-08, -5.960464477539063e-08, 2.2351741790771484e-08, 0.9947586059570312, 0.1015428975224495, 0.012014249339699745, -0.07970798015594482, 0.8436684012413025, -0.5309143662452698, -0.0640466958284378, 0.5271743535995483, 0.8473403453826904),
            ["RightHand"] = CFrame.new(-3.5762786865234375e-07, 2.384185791015625e-07, -1.043081283569336e-07, 0.8083177208900452, -0.2092532068490982, 0.5503048896789551, 0.14455948770046234, 0.9766334891319275, 0.15902765095233917, -0.5707231760025024, -0.04899308830499649, 0.8196796774864197),
            ["HumanoidRootPart"] = CFrame.new(0, 0, 0, 1, 0, 0, 0, 1, 0, 0, 0, 1),
            ["RightLowerLeg"] = CFrame.new(2.2351741790771484e-08, -0.000003814697265625, -0.000013386998034548014, 1, 1.564622067462551e-07, 1.7508862981685525e-07, -1.862645326866641e-08, 0.13431157171726227, 0.990939199924469, 7.823110337312755e-08, -0.9909392595291138, 0.13431134819984436),
            ["LeftUpperLeg"] = CFrame.new(-1.7881393432617188e-07, 3.259629011154175e-07, -1.043081283569336e-07, 0.9856688976287842, 0.05666453763842583, 0.15888996422290802, 0.12946943938732147, 0.34970104694366455, -0.9278721809387207, -0.10814138501882553, 0.9351462125778198, 0.3373531997203827),
            ["LeftLowerLeg"] = CFrame.new(-3.725290298461914e-08, 0.000003874301910400391, 0.000013314187526702881, 1, 1.6763804921993142e-07, 7.823115311111906e-08, -1.7508860139514582e-07, 0.11017514765262604, 0.9939121603965759, 1.1175868053214799e-07, -0.9939121603965759, 0.11017581075429916),
            ["LowerTorso"] = CFrame.new(-0.05330939590930939, -0.44132208824157715, -0.010026827454566956, 0.9770808219909668, 0.051416389644145966, -0.20656612515449524, 0.023441264405846596, 0.9385002851486206, 0.3444819152355194, 0.21157439053058624, -0.34142881631851196, 0.9157852530479431),
            ["Head"] = CFrame.new(-2.1420419216156006e-08, 1.1920928955078125e-07, 1.564621925354004e-07, 0.9973454475402832, 0.07257459312677383, -0.00592598132789135, -0.06197667866945267, 0.8033427596092224, -0.5922831296920776, -0.038224101066589355, 0.5910781025886536, 0.8057082295417786),
            ["UpperTorso"] = CFrame.new(-5.587935447692871e-08, 0, 1.1175870895385742e-08, 0.999873697757721, -0.01585559733211994, 0.0011320002377033234, 0.014591403305530548, 0.9437389969825745, 0.33036911487579346, -0.006306488998234272, -0.3303108513355255, 0.9438512325286865),
            ["LeftUpperArm"] = CFrame.new(-2.384185791015625e-07, -3.5762786865234375e-07, 4.76837158203125e-07, 0.2802940309047699, 0.11231625825166702, -0.9533207416534424, -0.04043661057949066, 0.9936311841011047, 0.10517628490924835, 0.9590621590614319, 0.009068803861737251, 0.28305062651634216),
            ["RightLowerArm"] = CFrame.new(2.384185791015625e-07, 0, 1.4901161193847656e-07, 1, -7.450579886381092e-08, 1.043080928297968e-07, 7.823104652970869e-08, 0.3536777198314667, -0.9353674054145813, 5.215403220404369e-08, 0.9353674054145813, 0.3536776900291443),
            ["LeftHand"] = CFrame.new(1.7881393432617188e-07, 5.960464477539063e-08, -4.470348358154297e-08, 0.38846278190612793, 0.39804404973983765, -0.831058144569397, -0.4263758957386017, 0.8771757483482361, 0.2208310216665268, 0.8168845176696777, 0.2685585021972656, 0.5104665756225586),
            ["MainHandle2"] = CFrame.new(0, 0, 0, 1, 0, 0, 0, 1, 0, 0, 0, 1),
            ["RightFoot"] = CFrame.new(-2.4301698431372643e-09, 1.7881393432617188e-07, -2.5604094844311476e-08, 0.9993882775306702, 0.03464961424469948, 0.0047583929263055325, -0.02750886045396328, 0.8627591133117676, -0.5048665404319763, -0.021598922088742256, 0.5044264793395996, 0.8631843328475952),
            ["RightUpperLeg"] = CFrame.new(2.980232238769531e-07, 2.9243528842926025e-07, -6.875052349641919e-08, 0.9987929463386536, -0.04812910407781601, 0.009809443727135658, 0.02610122412443161, 0.35087850689888, -0.9360572099685669, 0.041609685868024826, 0.9351833462715149, 0.3517112135887146),
            ["RightUpperArm"] = CFrame.new(1.1920928955078125e-07, -2.384185791015625e-07, 3.725290298461914e-07, 0.21085995435714722, -0.06327293813228607, 0.9754664301872253, 0.20620420575141907, 0.9783267974853516, 0.018884681165218353, -0.9555196762084961, 0.19716326892375946, 0.21933713555335999),
        }},
        {Time = 0.067, Data = {
            ["LeftLowerArm"] = CFrame.new(1.4901161193847656e-07, -2.384185791015625e-07, -1.6391277313232422e-07, 1, -5.960465898624534e-08, 2.2351731132630448e-08, 5.960464477539063e-08, 0.21467874944210052, -0.9766846895217896, 5.4016709327697754e-08, 0.9766848087310791, 0.2146788090467453),
            ["LeftFoot"] = CFrame.new(-1.6763806343078613e-08, 0, -4.0978193283081055e-08, 0.9940545558929443, 0.10758744180202484, 0.016746709123253822, -0.07711514085531235, 0.8042299151420593, -0.589293897151947, -0.07686876505613327, 0.5844992399215698, 0.8077452182769775),
            ["RightHand"] = CFrame.new(-1.7881393432617188e-07, -1.1920928955078125e-07, 5.960464477539063e-08, 0.7389364838600159, -0.22769153118133545, 0.6341368556022644, 0.15598414838314056, 0.9734113216400146, 0.16774794459342957, -0.6554707288742065, -0.02503984235227108, 0.7548054456710815),
            ["HumanoidRootPart"] = CFrame.new(0, 0, 0, 1, 0, 0, 0, 1, 0, 0, 0, 1),
            ["RightLowerLeg"] = CFrame.new(1.1175870895385742e-07, -0.000003874301910400391, -0.000013368371583055705, 1, -5.25265875239711e-07, -4.917384330838104e-07, 5.587934879258682e-07, -0.1108797937631607, 0.9938338994979858, -6.332992938951065e-07, -0.9938338994979858, -0.11087988317012787),
            ["LeftUpperLeg"] = CFrame.new(0, 5.513429641723633e-07, -6.705522537231445e-08, 0.9856694340705872, 0.07678907364606857, 0.15019701421260834, 0.13303574919700623, 0.19359099864959717, -0.9720206260681152, -0.10371755808591843, 0.9780726432800293, 0.1806010901927948),
            ["LeftLowerLeg"] = CFrame.new(7.82310962677002e-08, 0.000003933906555175781, 0.0000135861337184906, 1, 2.905725295931916e-07, 2.9429799042191007e-07, -2.197921844526718e-07, -0.1324940174818039, 0.991183876991272, 3.5390266361901013e-07, -0.9911838173866272, -0.13249388337135315),
            ["LowerTorso"] = CFrame.new(-0.046675123274326324, -0.5949153900146484, 0.021825209259986877, 0.9769282937049866, 0.04964863136410713, -0.20771661400794983, 0.02342526987195015, 0.9418240785598755, 0.33528897166252136, 0.21227915585041046, -0.33241909742355347, 0.9189314842224121),
            ["Head"] = CFrame.new(-4.516914486885071e-08, 4.76837158203125e-07, 4.023313522338867e-07, 0.9981793165206909, 0.060283027589321136, 0.002001639921218157, -0.049479492008686066, 0.8373684287071228, -0.5443950295448303, -0.03449391573667526, 0.5433048605918884, 0.8388267159461975),
            ["UpperTorso"] = CFrame.new(-6.612390279769897e-08, 2.682209014892578e-07, -2.7474015951156616e-08, 0.999943196773529, -0.008470436558127403, 0.006468438543379307, 0.0052186064422130585, 0.9183180332183838, 0.39580878615379333, -0.00929274596273899, -0.39575260877609253, 0.9183101654052734),
            ["LeftUpperArm"] = CFrame.new(-2.384185791015625e-07, 1.1920928955078125e-07, 4.3213367462158203e-07, 0.33290088176727295, 0.12588636577129364, -0.9345210790634155, -0.010342508554458618, 0.9914765954017639, 0.12987437844276428, 0.9429051280021667, -0.03356998786330223, 0.3313654661178589),
            ["RightLowerArm"] = CFrame.new(-5.960464477539063e-08, 5.960464477539063e-08, 8.940696716308594e-08, 1, -1.0430814256778831e-07, 1.192092469182171e-07, 1.3969835066518499e-08, 0.23500432074069977, -0.9719944000244141, 2.9802315282267955e-08, 0.9719944000244141, 0.2350042462348938),
            ["LeftHand"] = CFrame.new(2.1606683731079102e-07, 2.980232238769531e-07, -3.129243850708008e-07, 0.3044860064983368, 0.33160629868507385, -0.8929309844970703, -0.41272997856140137, 0.8908002972602844, 0.19007566571235657, 0.8584533929824829, 0.31066399812698364, 0.4081000089645386),
            ["MainHandle2"] = CFrame.new(0, 0, 0, 1, 0, 0, 0, 1, 0, 0, 0, 1),
            ["RightFoot"] = CFrame.new(4.5271008275449276e-08, 2.384185791015625e-07, 1.1357769835740328e-08, 0.9995172619819641, 0.03060094639658928, 0.005371402949094772, -0.022218944504857063, 0.8248884081840515, -0.5648588538169861, -0.021716181188821793, 0.5644668936729431, 0.8251701593399048),
            ["RightUpperLeg"] = CFrame.new(5.960464477539063e-08, 5.606561899185181e-07, 4.300818545743823e-08, 0.9989380240440369, -0.04371769353747368, 0.014550848864018917, 0.022709395736455917, 0.19237156212329865, -0.9810593724250793, 0.040090542286634445, 0.9803478717803955, 0.1931602954864502),
            ["RightUpperArm"] = CFrame.new(0, 1.1920928955078125e-07, 5.811452865600586e-07, 0.2655673623085022, -0.06452754884958267, 0.961930513381958, 0.15351879596710205, 0.9878571033477783, 0.02388366498053074, -0.9517909288406372, 0.1413317173719406, 0.2722488045692444),
        }},
        {Time = 0.100, Data = {
            ["LeftLowerArm"] = CFrame.new(-3.8743019104003906e-07, -5.960464477539062e-07, -1.2852251529693604e-07, 1, -1.0430815677864302e-07, 8.195635814445268e-08, 8.940696716308594e-08, 0.21867284178733826, -0.9757983088493347, 4.842877388000488e-08, 0.9757982492446899, 0.21867285668849945),
            ["LeftFoot"] = CFrame.new(-1.210719347000122e-08, 5.960464477539063e-08, -3.725290298461914e-08, 0.9940177202224731, 0.10758732259273529, 0.01881139725446701, -0.0752587616443634, 0.7995201349258423, -0.5959051847457886, -0.07915183901786804, 0.5909252762794495, 0.8028345108032227),
            ["RightHand"] = CFrame.new(-1.6111880540847778e-07, 0, -1.4901161193847656e-08, 0.6812282204627991, -0.2490677833557129, 0.6883992552757263, 0.21317745745182037, 0.9670836925506592, 0.13894110918045044, -0.7003452181816101, 0.05210067704319954, 0.7119002342224121),
            ["HumanoidRootPart"] = CFrame.new(0, 0, 0, 1, 0, 0, 0, 1, 0, 0, 0, 1),
            ["RightLowerLeg"] = CFrame.new(4.470348358154297e-08, -0.0000036954879760742188, -0.00001333856926066801, 1, -1.1175868053214799e-07, -2.1606693678677402e-07, 2.1606689415420988e-07, -0.17255976796150208, 0.9849991202354431, -2.719462486311386e-07, -0.9849990606307983, -0.172559916973114),
            ["LeftUpperLeg"] = CFrame.new(-2.384185791015625e-07, 1.3597309589385986e-07, -2.2351741790771484e-08, 0.9857737421989441, 0.08424647897481918, 0.14543955028057098, 0.13038063049316406, 0.16279909014701843, -0.9780068397521973, -0.10607118904590607, 0.9830559492111206, 0.14949902892112732),
            ["LeftLowerLeg"] = CFrame.new(1.862645149230957e-08, 0.0000040531158447265625, 0.000013221055269241333, 1, 7.823102521342662e-08, 1.0430815677864302e-07, -6.332992796842518e-08, -0.19410161674022675, 0.9809815287590027, 1.0430811414607888e-07, -0.9809814691543579, -0.19410155713558197),
            ["LowerTorso"] = CFrame.new(-0.04339420795440674, -0.638235330581665, 0.03876782953739166, 0.976633608341217, 0.045207079499959946, -0.21010300517082214, 0.02356155402958393, 0.9492098093032837, 0.3137604594230652, 0.2136159986257553, -0.3113793134689331, 0.9259650707244873),
            ["Head"] = CFrame.new(-7.264316082000732e-08, 4.76837158203125e-07, 1.1175870895385742e-08, 0.9986312985420227, 0.0520159974694252, 0.0054755681194365025, -0.0413498729467392, 0.8492645621299744, -0.5263457894325256, -0.03202860429883003, 0.5253989100456238, 0.8502530455589294),
            ["UpperTorso"] = CFrame.new(-5.005858838558197e-08, -3.2782554626464844e-07, -1.862645149230957e-09, 0.9999299049377441, -0.005407832562923431, 0.0105292284861207, -0.00018773970077745616, 0.8821773529052734, 0.47091731429100037, -0.011835310608148575, -0.47088623046875, 0.882114589214325),
            ["LeftUpperArm"] = CFrame.new(-2.384185791015625e-07, 0, 5.960464477539063e-08, 0.35623079538345337, 0.11129425466060638, -0.9277463555335999, -0.02527550607919693, 0.9936658143997192, 0.10949686914682388, 0.9340561628341675, -0.015556871891021729, 0.3567873239517212),
            ["RightLowerArm"] = CFrame.new(-2.9802322387695312e-08, 5.364418029785156e-07, 4.470348358154297e-07, 1, -1.1920928955078125e-07, 1.043080928297968e-07, 2.980230462412692e-08, 0.20499354600906372, -0.9787633419036865, 7.450576333667414e-08, 0.9787634015083313, 0.20499351620674133),
            ["LeftHand"] = CFrame.new(2.7567148208618164e-07, -5.960464477539063e-08, -1.9371509552001953e-07, 0.2454775869846344, 0.2764001488685608, -0.9291629195213318, -0.45853909850120544, 0.8775906562805176, 0.13991640508174896, 0.8540976047515869, 0.3917110562324524, 0.3421691656112671),
            ["MainHandle2"] = CFrame.new(0, 0, 0, 1, 0, 0, 0, 1, 0, 0, 0, 1),
            ["RightFoot"] = CFrame.new(1.0302755981683731e-08, 5.364418029785156e-07, 2.1020241547375917e-08, 0.9996398687362671, 0.026336686685681343, 0.005149197299033403, -0.01868113875389099, 0.8207093477249146, -0.5710403919219971, -0.01926540397107601, 0.570738673210144, 0.820905864238739),
            ["RightUpperLeg"] = CFrame.new(1.7881393432617188e-07, 9.499490261077881e-08, 2.0656443666666746e-08, 0.9991227984428406, -0.03958505019545555, 0.013663902878761292, 0.019867850467562675, 0.16084878146648407, -0.9867791533470154, 0.0368640273809433, 0.9861849546432495, 0.16149410605430603),
            ["RightUpperArm"] = CFrame.new(1.1920928955078125e-07, -3.5762786865234375e-07, 3.5762786865234375e-07, 0.28285521268844604, -0.057888567447662354, 0.9574141502380371, 0.13621780276298523, 0.9904841780662537, 0.019644418731331825, -0.9494407176971436, 0.12486033141613007, 0.28804904222488403),
        }},
        {Time = 0.133, Data = {
            ["LeftLowerArm"] = CFrame.new(1.1920928955078125e-07, -5.960464477539063e-08, -3.725290298461914e-08, 1, -8.195642919872625e-08, 6.705520405603238e-08, 4.4703494239684005e-08, 0.17196732759475708, -0.985102653503418, 7.823111758398227e-08, 0.985102653503418, 0.1719672679901123),
            ["LeftFoot"] = CFrame.new(-6.51925802230835e-09, 5.960464477539063e-08, 3.3527612686157227e-08, 0.9938952922821045, 0.10851943492889404, 0.01989615708589554, -0.07494030892848969, 0.7963809967041016, -0.6001337766647339, -0.08097102493047714, 0.5949798226356506, 0.7996521592140198),
            ["RightHand"] = CFrame.new(-3.2782554626464844e-07, -1.1920928955078125e-07, 9.313225746154785e-08, 0.6337687969207764, -0.2964478135108948, 0.7144621014595032, 0.25504663586616516, 0.9520806670188904, 0.1688006967306137, -0.7302659749984741, 0.07524055242538452, 0.6790069341659546),
            ["HumanoidRootPart"] = CFrame.new(0, 0, 0, 1, 0, 0, 0, 1, 0, 0, 0, 1),
            ["RightLowerLeg"] = CFrame.new(-3.3527612686157227e-08, -0.000003337860107421875, -0.000013278964615892619, 1, 1.1920936060505483e-07, 2.458692165419052e-07, -7.07805440924858e-08, -0.2031918466091156, 0.9791390895843506, 2.5331982556053845e-07, -0.979138970375061, -0.20319171249866486),
            ["LeftUpperLeg"] = CFrame.new(-5.960464477539063e-08, 7.562339305877686e-07, -2.60770320892334e-08, 0.9855276346206665, 0.08873586356639862, 0.14443404972553253, 0.12934131920337677, 0.15712137520313263, -0.9790729880332947, -0.10957276821136475, 0.9835847616195679, 0.14337028563022614),
            ["LeftLowerLeg"] = CFrame.new(-2.2351741790771484e-08, 0.000003933906555175781, 0.000013368204236030579, 1, 1.0803335470654929e-07, 1.3411056443146663e-07, -5.960465898624534e-08, -0.22503647208213806, 0.9743505120277405, 9.685756907629184e-08, -0.9743503332138062, -0.22503627836704254),
            ["LowerTorso"] = CFrame.new(-0.04274607077240944, -0.6605744361877441, 0.04604731500148773, 0.9761528372764587, 0.04141123220324516, -0.2130984216928482, 0.023668386042118073, 0.9554824233055115, 0.29409724473953247, 0.2157907336950302, -0.2921275198459625, 0.9317166209220886),
            ["Head"] = CFrame.new(-4.6566128730773926e-09, 5.960464477539062e-07, -1.3969838619232178e-07, 0.9988136887550354, 0.048313774168491364, 0.006089485250413418, -0.03664887323975563, 0.8281538486480713, -0.5593013167381287, -0.032065022736787796, 0.55841463804245, 0.828942060470581),
            ["UpperTorso"] = CFrame.new(-5.400943337008357e-08, 2.086162567138672e-07, -3.026798367500305e-08, 0.9999041557312012, -0.005199763458222151, 0.012835733592510223, -0.002373868366703391, 0.8487674593925476, 0.5287610292434692, -0.013643997721374035, -0.5287408232688904, 0.8486737012863159),
            ["LeftUpperArm"] = CFrame.new(-3.5762786865234375e-07, 0, 7.450580596923828e-08, 0.3529750108718872, 0.12167907506227493, -0.9276868104934692, -0.030523762106895447, 0.9924772381782532, 0.11856330931186676, 0.9351347088813782, -0.013533342629671097, 0.35403379797935486),
            ["RightLowerArm"] = CFrame.new(-2.384185791015625e-07, 4.76837158203125e-07, 4.023313522338867e-07, 1, -1.3411042232291948e-07, 7.450577044210149e-09, 9.313223614526578e-08, 0.13239188492298126, -0.9911975264549255, 1.3411042232291948e-07, 0.9911975264549255, 0.13239187002182007),
            ["LeftHand"] = CFrame.new(1.862645149230957e-07, 1.1920928955078125e-07, -2.384185791015625e-07, 0.18036146461963654, 0.259612500667572, -0.9487207531929016, -0.457196444272995, 0.8761357069015503, 0.1528322994709015, 0.8708852529525757, 0.4061867594718933, 0.2767150402069092),
            ["MainHandle2"] = CFrame.new(0, 0, 0, 1, 0, 0, 0, 1, 0, 0, 0, 1),
            ["RightFoot"] = CFrame.new(-5.481706466525793e-08, 2.980232238769531e-07, -2.397428033873439e-08, 0.9996687769889832, 0.02520870976150036, 0.005194827914237976, -0.017669782042503357, 0.8189173340797424, -0.5736396908760071, -0.01871495321393013, 0.5733575224876404, 0.819091260433197),
            ["RightUpperLeg"] = CFrame.new(1.7881393432617188e-07, 6.05359673500061e-07, -6.129994289949536e-08, 0.9992185831069946, -0.036735400557518005, 0.014593447558581829, 0.020072152838110924, 0.15349774062633514, -0.9879451394081116, 0.03405247628688812, 0.9874659776687622, 0.1541150063276291),
            ["RightUpperArm"] = CFrame.new(2.384185791015625e-07, -2.384185791015625e-07, 7.450580596923828e-08, 0.2688760459423065, -0.07899898290634155, 0.9599295854568481, 0.12574948370456696, 0.9909795522689819, 0.04633187875151634, -0.9549307227134705, 0.10825306177139282, 0.27638480067253113),
        }},
        {Time = 0.167, Data = {
            ["LeftLowerArm"] = CFrame.new(0, -8.344650268554688e-07, -4.991888999938965e-07, 1, -9.685754776000977e-08, 8.195634393359796e-08, 7.82310962677002e-08, 0.1294836550951004, -0.9915815591812134, 8.940696716308594e-08, 0.9915815591812134, 0.12948361039161682),
            ["LeftFoot"] = CFrame.new(2.7008354663848877e-08, -5.960464477539063e-08, -2.2351741790771484e-08, 0.9938086271286011, 0.10922165960073471, 0.020372647792100906, -0.07507077604532242, 0.7952762842178345, -0.6015812754631042, -0.08190739899873734, 0.5963274240493774, 0.7985517978668213),
            ["RightHand"] = CFrame.new(-2.682209014892578e-07, -1.7881393432617188e-07, -1.1175870895385742e-07, 0.585641622543335, -0.33246058225631714, 0.7392521500587463, 0.2872951328754425, 0.9379446506500244, 0.19422009587287903, -0.757948100566864, 0.09864015132188797, 0.6448137164115906),
            ["HumanoidRootPart"] = CFrame.new(0, 0, 0, 1, 0, 0, 0, 1, 0, 0, 0, 1),
            ["RightLowerLeg"] = CFrame.new(-2.2351741790771484e-08, -0.0000035762786865234375, -0.000013271514035295695, 1, -3.017484857537056e-07, -3.0547380447387695e-07, 2.5890770416481246e-07, -0.213522806763649, 0.9769380688667297, -3.129244134925102e-07, -0.9769381284713745, -0.2135227918624878),
            ["LeftUpperLeg"] = CFrame.new(-1.7881393432617188e-07, 5.401670932769775e-07, -9.685754776000977e-08, 0.98508620262146, 0.09235034137964249, 0.14517755806446075, 0.12984219193458557, 0.1546463817358017, -0.979400634765625, -0.11289943754673004, 0.9836441874504089, 0.14034922420978546),
            ["LeftLowerLeg"] = CFrame.new(-4.842877388000488e-08, 0.0000036954879760742188, 0.000013407319784164429, 1, 5.960462345910855e-08, 9.313227167240257e-08, -8.940695295223122e-08, -0.236215740442276, 0.9717006683349609, 1.639127589214695e-07, -0.9717006683349609, -0.23621566593647003),
            ["LowerTorso"] = CFrame.new(-0.04315516725182533, -0.6687448024749756, 0.049812689423561096, 0.9754589796066284, 0.0406043715775013, -0.21640540659427643, 0.023851359263062477, 0.9575787782669067, 0.2871827781200409, 0.2188861221075058, -0.2852965295314789, 0.9331102967262268),
            ["Head"] = CFrame.new(-3.073364496231079e-08, 7.152557373046875e-07, 2.0302832126617432e-07, 0.998973548412323, 0.044762950390577316, 0.006949020083993673, -0.03124644048511982, 0.7919830679893494, -0.609743058681488, -0.03279738873243332, 0.6088999509811401, 0.7925687432289124),
            ["UpperTorso"] = CFrame.new(-5.605397745966911e-08, 5.960464477539063e-08, 1.1175870895385742e-08, 0.9998770952224731, -0.004983662161976099, 0.014871768653392792, -0.004315007943660021, 0.8241847157478333, 0.5663045644760132, -0.015079343691468239, -0.5662990808486938, 0.824061930179596),
            ["LeftUpperArm"] = CFrame.new(-3.5762786865234375e-07, 0, 1.9371509552001953e-07, 0.3450959324836731, 0.13157126307487488, -0.9292997121810913, -0.033078260719776154, 0.9912155270576477, 0.12805376946926117, 0.9379843473434448, -0.01345120184123516, 0.3464165925979614),
            ["RightLowerArm"] = CFrame.new(-2.086162567138672e-07, -1.1920928955078125e-07, 4.023313522338867e-07, 1, -7.450579886381092e-08, 5.960460214282648e-08, -3.7252894102834944e-09, 0.0833543986082077, -0.9965199828147888, 1.0430809993522416e-07, 0.9965199828147888, 0.0833544135093689),
            ["LeftHand"] = CFrame.new(2.0116567611694336e-07, 1.1920928955078125e-07, 2.2351741790771484e-07, 0.11400847882032394, 0.24832867085933685, -0.9619433879852295, -0.4453640878200531, 0.8782896399497986, 0.1739492267370224, 0.8880614638328552, 0.40858331322669983, 0.21072907745838165),
            ["MainHandle2"] = CFrame.new(0, 0, 0, 1, 0, 0, 0, 1, 0, 0, 0, 1),
            ["RightFoot"] = CFrame.new(-5.180481821298599e-09, 3.5762786865234375e-07, 2.1311279851943254e-08, 0.9996716976165771, 0.025067197158932686, 0.005321306176483631, -0.01750851422548294, 0.8197587728500366, -0.5724413990974426, -0.018711715936660767, 0.5721601247787476, 0.8199284672737122),
            ["RightUpperLeg"] = CFrame.new(1.7881393432617188e-07, 5.885958671569824e-07, 2.0656443666666746e-08, 0.9993041753768921, -0.03367394208908081, 0.01604353077709675, 0.020881908014416695, 0.14865225553512573, -0.9886690378189087, 0.030907586216926575, 0.9883160591125488, 0.14925196766853333),
            ["RightUpperArm"] = CFrame.new(0, 3.5762786865234375e-07, 2.980232238769531e-07, 0.26095834374427795, -0.09524742513895035, 0.9606397151947021, 0.11433108896017075, 0.9911662936210632, 0.06721604615449905, -0.9585558176040649, 0.09229040890932083, 0.26954278349876404),
        }},
        {Time = 0.200, Data = {
            ["LeftLowerArm"] = CFrame.new(-8.940696716308594e-08, -5.960464477539062e-07, 2.980232238769531e-07, 1, -7.450584149637507e-08, 1.1920927533992653e-07, 1.229346082709526e-07, 0.09302234649658203, -0.995664119720459, 5.215407838932151e-08, 0.9956640601158142, 0.09302235394716263),
            ["LeftFoot"] = CFrame.new(-1.5832483768463135e-08, 1.7881393432617188e-07, 7.450580596923828e-09, 0.9937047958374023, 0.11014629155397415, 0.020460549741983414, -0.07563154399394989, 0.7942935228347778, -0.6028075218200684, -0.08264870196580887, 0.5974659323692322, 0.7976243495941162),
            ["RightHand"] = CFrame.new(-1.7881393432617188e-07, -1.7881393432617188e-07, 1.7229467630386353e-07, 0.5537254810333252, -0.3517271876335144, 0.7547689080238342, 0.30418282747268677, 0.9292105436325073, 0.2098587453365326, -0.7751522064208984, 0.11338349431753159, 0.6215168833732605),
            ["HumanoidRootPart"] = CFrame.new(0, 0, 0, 1, 0, 0, 0, 1, 0, 0, 0, 1),
            ["RightLowerLeg"] = CFrame.new(2.60770320892334e-08, -0.0000037550926208496094, -0.000013036820746492594, 1, 5.364419166653533e-07, 7.562341011180251e-07, -3.892928930326889e-07, -0.21409042179584503, 0.9768139719963074, 7.301570121853729e-07, -0.9768139123916626, -0.21409019827842712),
            ["LeftUpperLeg"] = CFrame.new(-2.980232238769531e-07, -1.341104507446289e-07, -9.685754776000977e-08, 0.9843884706497192, 0.09593787044286728, 0.14756399393081665, 0.1306818723678589, 0.1632384955883026, -0.977893590927124, -0.117905393242836, 0.9819109439849854, 0.1481526792049408),
            ["LeftLowerLeg"] = CFrame.new(-5.960464477539063e-08, 0.000003933906555175781, 0.000013384968042373657, 1, 4.0978157755944267e-08, 2.607705695822915e-08, -2.9802322387695312e-08, -0.23801185190677643, 0.9712623357772827, 4.470348358154297e-08, -0.9712622165679932, -0.23801179230213165),
            ["LowerTorso"] = CFrame.new(-0.0444319061934948, -0.6698892116546631, 0.05089752376079559, 0.9744958877563477, 0.03962787985801697, -0.22087912261486053, 0.02406206540763378, 0.9601576924324036, 0.278421014547348, 0.2231120467185974, -0.27663493156433105, 0.9347161054611206),
            ["Head"] = CFrame.new(-3.3527612686157227e-08, 4.76837158203125e-07, 4.470348358154297e-08, 0.9991137981414795, 0.04138437286019325, 0.0076850466430187225, -0.026276208460330963, 0.7558543086051941, -0.654212474822998, -0.0328829288482666, 0.653430700302124, 0.7562717199325562),
            ["UpperTorso"] = CFrame.new(-5.960464477539063e-08, -2.384185791015625e-07, -3.3993273973464966e-08, 0.9998491406440735, -0.004731029737740755, 0.016712691634893417, -0.0062117017805576324, 0.8011633157730103, 0.5984137058258057, -0.01622071862220764, -0.5984272360801697, 0.8010130524635315),
            ["LeftUpperArm"] = CFrame.new(-2.384185791015625e-07, -4.76837158203125e-07, -2.4586915969848633e-07, 0.33445364236831665, 0.1381036788225174, -0.9322382211685181, -0.03713598847389221, 0.9903674125671387, 0.13339197635650635, 0.9416802525520325, -0.009993853978812695, 0.3363606631755829),
            ["RightLowerArm"] = CFrame.new(0, -4.172325134277344e-07, 8.791685104370117e-07, 1, -7.450579886381092e-08, -1.8626444386882213e-08, 1.5087420024428866e-07, 0.04741966351866722, -0.998875081539154, 5.960462345910855e-08, 0.9988751411437988, 0.047419749200344086),
            ["LeftHand"] = CFrame.new(-5.21540641784668e-08, -1.1920928955078125e-07, -2.682209014892578e-07, 0.06777238845825195, 0.24991528689861298, -0.9658930897712708, -0.4314575493335724, 0.8802527189254761, 0.19748316705226898, 0.8995839357376099, 0.4033578932285309, 0.16748462617397308),
            ["MainHandle2"] = CFrame.new(0, 0, 0, 1, 0, 0, 0, 1, 0, 0, 0, 1),
            ["RightFoot"] = CFrame.new(-2.491287887096405e-08, 3.5762786865234375e-07, 1.9652361515909433e-08, 0.9996483325958252, 0.02592473104596138, 0.005593640264123678, -0.01811530813574791, 0.8214960098266602, -0.5699263215065002, -0.01937059499323368, 0.5696247220039368, 0.8216767311096191),
            ["RightUpperLeg"] = CFrame.new(2.384185791015625e-07, 1.1362135410308838e-07, -7.620110409334302e-08, 0.9993732571601868, -0.030179865658283234, 0.01850150153040886, 0.022935843095183372, 0.153924822807312, -0.9878164529800415, 0.026964373886585236, 0.9876216053962708, 0.1545204222202301),
            ["RightUpperArm"] = CFrame.new(1.1920928955078125e-07, 1.1920928955078125e-07, 3.427267074584961e-07, 0.25942543148994446, -0.10902399569749832, 0.9595896601676941, 0.10893141478300095, 0.9905702471733093, 0.08309423178434372, -0.9596001505851746, 0.0829726830124855, 0.2688552439212799),
        }},
        {Time = 0.233, Data = {
            ["LeftLowerArm"] = CFrame.new(1.7881393432617188e-07, -3.5762786865234375e-07, -1.4901161193847656e-07, 1, -7.450584149637507e-08, 4.470347647611561e-08, 8.940698137394065e-08, 0.06991299986839294, -0.9975531101226807, 5.2154071283894154e-08, 0.9975531101226807, 0.06991305202245712),
            ["LeftFoot"] = CFrame.new(-1.210719347000122e-08, 5.960464477539063e-08, -2.60770320892334e-08, 0.9935433864593506, 0.11161234229803085, 0.020354310050606728, -0.07658934593200684, 0.7921881675720215, -0.6054511070251465, -0.08370024710893631, 0.5999838709831238, 0.7956222295761108),
            ["RightHand"] = CFrame.new(-2.682209014892578e-07, -1.1920928955078125e-07, -4.936009645462036e-08, 0.5394604206085205, -0.35891252756118774, 0.7616851925849915, 0.3117032051086426, 0.9254606366157532, 0.2153223156929016, -0.7821915149688721, 0.12126193940639496, 0.6111235022544861),
            ["HumanoidRootPart"] = CFrame.new(0, 0, 0, 1, 0, 0, 0, 1, 0, 0, 0, 1),
            ["RightLowerLeg"] = CFrame.new(-1.601874828338623e-07, -0.0000036954879760742188, -0.000013249162293504924, 1, -4.768372150465439e-07, -4.358588512332062e-07, 4.33996319770813e-07, -0.21251901984214783, 0.9771568775177002, -5.178153514862061e-07, -0.977156937122345, -0.21251937747001648),
            ["LeftUpperLeg"] = CFrame.new(-2.384185791015625e-07, 4.0978193283081055e-07, -6.705522537231445e-08, 0.9833981990814209, 0.10016977787017822, 0.15130756795406342, 0.13208754360675812, 0.17658543586730957, -0.9753823280334473, -0.12442271411418915, 0.9791749715805054, 0.160422682762146),
            ["LeftLowerLeg"] = CFrame.new(-2.60770320892334e-08, 0.000003933906555175781, 0.000013321638107299805, 1, 5.587930118622353e-08, 5.960468740795477e-08, -6.332992086299782e-08, -0.23807577788829803, 0.9712467193603516, 7.823107495141812e-08, -0.9712465405464172, -0.23807574808597565),
            ["LowerTorso"] = CFrame.new(-0.04640001058578491, -0.6694755554199219, 0.05003567039966583, 0.9732146859169006, 0.03851369395852089, -0.22664961218833923, 0.024382775649428368, 0.9630159139633179, 0.26833921670913696, 0.22860190272331238, -0.26667797565460205, 0.9362820982933044),
            ["Head"] = CFrame.new(-6.891787052154541e-08, 8.344650268554688e-07, -7.078051567077637e-08, 0.9992086291313171, 0.03891468793153763, 0.008241959847509861, -0.022209225222468376, 0.7176787257194519, -0.6960203051567078, -0.03300048038363457, 0.6952862739562988, 0.7179749011993408),
            ["UpperTorso"] = CFrame.new(-7.241033017635345e-08, 2.980232238769531e-07, 2.7939677238464355e-09, 0.9998161196708679, -0.004758723545819521, 0.018577326089143753, -0.007887672632932663, 0.7809435129165649, 0.6245518922805786, -0.017479922622442245, -0.6245834827423096, 0.7807623744010925),
            ["LeftUpperArm"] = CFrame.new(-1.1920928955078125e-07, -3.5762786865234375e-07, -8.940696716308594e-08, 0.3101397156715393, 0.141923725605011, -0.9400378465652466, -0.04651668295264244, 0.9898752570152283, 0.13410107791423798, 0.9495523571968079, 0.0021373701747506857, 0.31360146403312683),
            ["RightLowerArm"] = CFrame.new(-2.682209014892578e-07, -1.1920928955078125e-07, 1.043081283569336e-07, 1, -7.450579175838357e-08, 8.428466458099138e-08, 7.078048014363958e-08, 0.020077023655176163, -0.9997984766960144, 8.940692453052179e-08, 0.9997984170913696, 0.020077001303434372),
            ["LeftHand"] = CFrame.new(2.8312206268310547e-07, 0, -4.023313522338867e-07, 0.04636729881167412, 0.27450284361839294, -0.9604678153991699, -0.42570680379867554, 0.8752482533454895, 0.22959572076797485, 0.903672456741333, 0.3982318639755249, 0.15744054317474365),
            ["MainHandle2"] = CFrame.new(0, 0, 0, 1, 0, 0, 0, 1, 0, 0, 0, 1),
            ["RightFoot"] = CFrame.new(-9.073119144886732e-08, 2.980232238769531e-07, -3.273453330621123e-08, 0.9995973110198975, 0.027725469321012497, 0.006043103523552418, -0.019396718591451645, 0.8230456113815308, -0.5676443576812744, -0.02071201242506504, 0.5672982335090637, 0.8232517838478088),
            ["RightUpperLeg"] = CFrame.new(2.384185791015625e-07, 9.071081876754761e-07, -1.1345400707796216e-07, 0.9994168877601624, -0.026011997833848, 0.022120876237750053, 0.02607065811753273, 0.1629137545824051, -0.986295759677887, 0.02205173671245575, 0.9862974286079407, 0.1634969264268875),
            ["RightUpperArm"] = CFrame.new(1.1920928955078125e-07, 2.384185791015625e-07, 1.4901161193847656e-08, 0.25938576459884644, -0.12458397448062897, 0.9577044248580933, 0.10989804565906525, 0.9890111088752747, 0.09889162331819534, -0.9595006704330444, 0.07959871739149094, 0.27022695541381836),
        }},
        {Time = 0.267, Data = {
            ["LeftLowerArm"] = CFrame.new(-2.086162567138672e-07, -3.5762786865234375e-07, 3.427267074584961e-07, 1, -6.705523247774181e-08, 7.078050145992165e-08, 3.3527616238870905e-08, 0.05531369894742966, -0.9984690546989441, 8.195639367158947e-08, 0.9984690546989441, 0.05531368404626846),
            ["LeftFoot"] = CFrame.new(-1.7695128917694092e-08, -5.960464477539063e-08, 7.450580596923828e-09, 0.9933566451072693, 0.11332616209983826, 0.019997665658593178, -0.0778122991323471, 0.7894919514656067, -0.6088080406188965, -0.08478173613548279, 0.6032078862190247, 0.7930654883384705),
            ["RightHand"] = CFrame.new(-5.960464477539063e-08, 1.7881393432617188e-07, 7.264316082000732e-08, 0.5317466259002686, -0.3635326623916626, 0.7649115324020386, 0.31381574273109436, 0.9234700202941895, 0.22073273360729218, -0.7866163849830627, 0.12266744673252106, 0.6051342487335205),
            ["HumanoidRootPart"] = CFrame.new(0, 0, 0, 1, 0, 0, 0, 1, 0, 0, 0, 1),
            ["RightLowerLeg"] = CFrame.new(-5.21540641784668e-08, -0.0000036954879760742188, -0.0000133199428091757, 1, -4.842878453814592e-08, 8.195637946073475e-08, 1.266598843585598e-07, -0.20698468387126923, 0.978344202041626, -4.4703490686970326e-08, -0.9783442616462708, -0.20698463916778564),
            ["LeftUpperLeg"] = CFrame.new(-2.384185791015625e-07, 3.501772880554199e-07, -3.725290298461914e-08, 0.9820851683616638, 0.10514703392982483, 0.15637388825416565, 0.13419561088085175, 0.19231870770454407, -0.9721137285232544, -0.1322885900735855, 0.9756830930709839, 0.1747630089521408),
            ["LeftLowerLeg"] = CFrame.new(-2.9802322387695312e-08, 0.000003933906555175781, 0.00001321360468864441, 1, 3.7252898543727042e-09, 1.8626465703164286e-08, -2.980233304583635e-08, -0.23463480174541473, 0.9720836877822876, 7.450583261459087e-09, -0.9720836281776428, -0.23463474214076996),
            ["LowerTorso"] = CFrame.new(-0.048937276005744934, -0.6662764549255371, 0.04755990207195282, 0.9715589284896851, 0.03801804035902023, -0.2337265908718109, 0.0248178169131279, 0.9652438163757324, 0.26017001271247864, 0.23549434542655945, -0.258571058511734, 0.9368476271629333),
            ["Head"] = CFrame.new(5.4016709327697754e-08, 2.384185791015625e-07, -2.3469328880310059e-07, 0.9992527961730957, 0.037623222917318344, 0.008858314715325832, -0.018715066835284233, 0.6714802980422974, -0.7407860159873962, -0.03381895646452904, 0.7400667071342468, 0.6716827154159546),
