return {
    ["It's Dynamite!"] = {
        {Time = 0.000, Data = {
            ["LeftFoot"] = CFrame.new(-4.470348358154297e-08, -5.960464477539063e-08, 2.9802322387695312e-08, 0.9855920076370239, -0.009146695956587791, 0.1688930094242096, 0.08029362559318542, 0.9041507840156555, -0.4196009635925293, -0.1488667130470276, 0.4271155297756195, 0.8918578028678894),
            ["LeftLowerArm"] = CFrame.new(2.980232238769531e-07, 4.76837158203125e-07, -1.5273690223693848e-07, 1, -9.685753354915505e-08, 1.1920926112907182e-07, 5.960465188081798e-08, -0.29537123441696167, -0.9553825855255127, 1.266598843585598e-07, 0.9553825259208679, -0.2953712046146393),
            ["LowerTorso"] = CFrame.new(0.005475681275129318, -0.48465287685394287, 0.38612276315689087, 0.921640932559967, -0.2503562569618225, 0.2964792549610138, 0.17226630449295044, 0.9485928416252136, 0.26551100611686707, -0.34771040081977844, -0.19363239407539368, 0.9173898696899414),
            ["Head"] = CFrame.new(-2.9802322387695312e-08, 0, 1.8998980522155762e-07, 0.9369909763336182, 0.06359222531318665, -0.3435173034667969, -0.22326666116714478, 0.865288257598877, -0.44880756735801697, 0.26870089769363403, 0.4972245693206787, 0.8249651789665222),
            ["RightUpperArm"] = CFrame.new(1.1920928955078125e-07, -8.344650268554688e-07, -1.043081283569336e-07, 0.40417996048927307, -0.7823476195335388, -0.4738891124725342, 0.08663467317819595, 0.5485076904296875, -0.8316452503204346, 0.9105674624443054, 0.29507914185523987, 0.28947436809539795),
            ["UpperTorso"] = CFrame.new(7.450580596923828e-09, 1.4901161193847656e-07, 7.450580596923828e-09, 0.9555954337120056, 0.2822934091091156, 0.08454522490501404, -0.29335227608680725, 0.8840682506561279, 0.3638240396976471, 0.027961237356066704, -0.37247005105018616, 0.92762291431427),
            ["HumanoidRootPart"] = CFrame.new(0, 0, 0, 1, 0, 0, 0, 1, 0, 0, 0, 1),
            ["RightHand"] = CFrame.new(-3.5762786865234375e-07, 2.980232238769531e-07, -6.258487701416016e-07, 0.5772143602371216, -0.3735809326171875, 0.7261273860931396, 0.5308578610420227, 0.8473460078239441, 0.01395547203719616, -0.620494544506073, 0.37741512060165405, 0.6874186396598816),
            ["LeftUpperArm"] = CFrame.new(-1.1920928955078125e-07, -4.76837158203125e-07, -1.9371509552001953e-07, 0.819709300994873, 0.5673868060112, -0.0784144476056099, -0.40320974588394165, 0.6688374876976013, 0.6245625615119934, 0.4068150818347931, -0.4803422689437866, 0.7770282626152039),
            ["RightLowerArm"] = CFrame.new(-4.76837158203125e-07, -5.960464477539062e-07, 2.086162567138672e-07, 1, 1.4901161193847656e-08, -7.450580596923828e-09, -2.6077040971017595e-08, 0.8330020904541016, -0.5532699823379517, -2.980233304583635e-08, 0.5532699823379517, 0.833001971244812),
            ["LeftHand"] = CFrame.new(-4.023313522338867e-07, 2.980232238769531e-07, 2.2351741790771484e-07, 0.8671383857727051, 0.49450984597206116, -0.05942145362496376, -0.4775676429271698, 0.8593854308128357, 0.18271850049495697, 0.14142198860645294, -0.1300644725561142, 0.9813680052757263),
            ["RightUpperLeg"] = CFrame.new(1.1920928955078125e-07, 8.270144462585449e-07, 1.3205863069742918e-08, 0.8089584708213806, 0.09874489158391953, -0.5795125961303711, -0.5246840119361877, 0.5658717155456543, -0.6360003352165222, 0.26512837409973145, 0.818558931350708, 0.5095770359039307),
            ["LeftUpperLeg"] = CFrame.new(5.960464477539063e-08, 4.76837158203125e-07, 1.4901161193847656e-07, 0.7655201554298401, -0.041963886469602585, 0.6420415043830872, 0.2620900273323059, 0.9316681027412415, -0.2516019344329834, -0.5876120328903198, 0.3608788847923279, 0.7242094278335571),
            ["RightLowerLeg"] = CFrame.new(3.632158041000366e-08, -0.0000036954879760742188, -0.00001322308526141569, 1, -1.67638020798222e-07, -1.3783585472992854e-07, 1.4156101713069802e-07, 0.29970696568489075, 0.954031229019165, -1.0803340444454079e-07, -0.9540313482284546, 0.2997073233127594),
            ["RightFoot"] = CFrame.new(-2.0256265997886658e-08, 2.980232238769531e-07, 7.573544280603528e-08, 0.8871715664863586, -0.29679059982299805, -0.35333043336868286, 0.0005779239581897855, 0.766424834728241, -0.6423333883285522, 0.4614396095275879, 0.5696563720703125, 0.6801216006278992),
            ["LeftLowerLeg"] = CFrame.new(-4.470348358154297e-08, 0.000003874301910400391, 0.00001329369843006134, 1, 1.685693860054016e-07, 2.980233659855003e-08, -1.4156101713069802e-07, 0.10214122384786606, 0.9947699904441833, 1.1175869474300271e-07, -0.9947699308395386, 0.10214076936244965),
        }},
        {Time = 0.033, Data = {
            ["LeftFoot"] = CFrame.new(-1.4901161193847656e-08, 0, -3.725290298461914e-09, 0.98358154296875, 0.04124798998236656, 0.17568714916706085, 0.048208266496658325, 0.8780921101570129, -0.4760569930076599, -0.17390590906143188, 0.47671058773994446, 0.861686646938324),
            ["LeftLowerArm"] = CFrame.new(6.854534149169922e-07, 4.76837158203125e-07, 2.0489096641540527e-07, 1, -5.681068415697155e-08, 1.564621925354004e-07, 6.705524668859653e-08, -0.38775187730789185, -0.9217638373374939, 1.1175875158642157e-07, 0.9217638373374939, -0.38775181770324707),
            ["LowerTorso"] = CFrame.new(0.004691142588853836, -0.49969983100891113, 0.3975333273410797, 0.8901172280311584, -0.27959930896759033, 0.35988277196884155, 0.18012963235378265, 0.9412281513214111, 0.28573253750801086, -0.4186224341392517, -0.18950992822647095, 0.8881673812866211),
            ["Head"] = CFrame.new(-2.9802322387695312e-08, 3.5762786865234375e-07, 1.4901161193847656e-07, 0.9306555986404419, 0.06127699837088585, -0.3607288599014282, -0.22821594774723053, 0.8678218126296997, -0.4413648843765259, 0.2860028147697449, 0.49308285117149353, 0.8216276168823242),
            ["RightUpperArm"] = CFrame.new(0, -1.1920928955078125e-07, -4.470348358154297e-08, 0.3386836051940918, -0.8146849870681763, -0.470724880695343, 0.0412466786801815, 0.5126663446426392, -0.8575966954231262, 0.9399958848953247, 0.27103811502456665, 0.207234725356102),
            ["UpperTorso"] = CFrame.new(1.4901161193847656e-08, 2.086162567138672e-07, -1.0058283805847168e-07, 0.9374821782112122, 0.3433031439781189, 0.05718561261892319, -0.34090760350227356, 0.872728705406189, 0.34946632385253906, 0.07006519287824631, -0.3471134305000305, 0.9352022409439087),
            ["HumanoidRootPart"] = CFrame.new(0, 0, 0, 1, 0, 0, 0, 1, 0, 0, 0, 1),
            ["RightHand"] = CFrame.new(-2.980232238769531e-07, 5.364418029785156e-07, 1.7881393432617188e-07, 0.5044311285018921, -0.35823962092399597, 0.7856295108795166, 0.5050169229507446, 0.8604198098182678, 0.06808574497699738, -0.7003622651100159, 0.36241161823272705, 0.6149394512176514),
            ["LeftUpperArm"] = CFrame.new(-3.5762786865234375e-07, -1.1920928955078125e-07, -3.427267074584961e-07, 0.8088865876197815, 0.5875548124313354, -0.021953392773866653, -0.4435936212539673, 0.6343507766723633, 0.633106529712677, 0.38591086864471436, -0.5023729801177979, 0.7737533450126648),
            ["RightLowerArm"] = CFrame.new(8.940696716308594e-07, -9.5367431640625e-07, 2.682209014892578e-07, 1, -5.960463056453591e-08, -7.450579886381092e-08, 1.4901162970204496e-08, 0.8443835377693176, -0.5357392430305481, 0, 0.5357392430305481, 0.8443834781646729),
            ["LeftHand"] = CFrame.new(4.842877388000488e-08, 1.7881393432617188e-07, 1.7136335372924805e-07, 0.8667165637016296, 0.49469512701034546, -0.06386799365282059, -0.4768295884132385, 0.8593028783798218, 0.1850195825099945, 0.14641018211841583, -0.12990538775920868, 0.9806573390960693),
            ["RightUpperLeg"] = CFrame.new(1.1920928955078125e-07, 5.62518835067749e-07, 1.3205863069742918e-08, 0.7735983729362488, 0.04732612892985344, -0.6319059133529663, -0.5426296591758728, 0.5644777417182922, -0.6220273971557617, 0.32725924253463745, 0.8240904211997986, 0.46236008405685425),
            ["LeftUpperLeg"] = CFrame.new(2.086162567138672e-07, 7.37607479095459e-07, -1.1920928955078125e-07, 0.8003028631210327, -0.0843096375465393, 0.5936384797096252, 0.26985955238342285, 0.9347687363624573, -0.23104843497276306, -0.5354354381561279, 0.345107764005661, 0.7708501815795898),
            ["RightLowerLeg"] = CFrame.new(-1.0686926543712616e-07, -0.0000036954879760742188, -0.000013178381777834147, 1, -1.67638020798222e-07, -1.154840560957382e-07, 9.685756197086448e-08, 0.27261969447135925, 0.9621219038963318, -1.3411046495548362e-07, -0.962121844291687, 0.27261996269226074),
            ["RightFoot"] = CFrame.new(-1.1641532182693481e-09, 3.5762786865234375e-07, -4.1145540308207273e-08, 0.8921944499015808, -0.2867005467414856, -0.3489883244037628, -0.017230099067091942, 0.7505225539207458, -0.6606199741363525, 0.45132285356521606, 0.5954148173332214, 0.664671778678894),
            ["LeftLowerLeg"] = CFrame.new(5.960464477539063e-08, 0.0000040531158447265625, 0.000013314187526702881, 1, 1.3504175910838967e-07, 2.2351748896198842e-08, -5.960465188081798e-08, 0.1652301400899887, 0.9862551689147949, 5.960465188081798e-08, -0.9862551093101501, 0.16522979736328125),
        }},
        {Time = 0.067, Data = {
            ["LeftFoot"] = CFrame.new(-1.4901161193847656e-08, 0, 9.033828973770142e-08, 0.9821338057518005, 0.11711519211530685, 0.14730040729045868, -0.008754141628742218, 0.810331404209137, -0.5859065055847168, -0.1879805475473404, 0.574148952960968, 0.7968790531158447),
            ["LeftLowerArm"] = CFrame.new(8.046627044677734e-07, 5.960464477539062e-07, 6.332993507385254e-08, 1, -8.195639367158947e-08, 5.960464477539063e-08, 2.6077039194660756e-08, -0.46852192282676697, -0.8834518790245056, 1.3411047916633834e-07, 0.8834519386291504, -0.4685218930244446),
            ["LowerTorso"] = CFrame.new(0.0027162376791238785, -0.510775089263916, 0.4088645875453949, 0.860640823841095, -0.3158241808414459, 0.3994401693344116, 0.18763138353824615, 0.9259201884269714, 0.32782062888145447, -0.4733833968639374, -0.20718829333782196, 0.8561431765556335),
            ["Head"] = CFrame.new(1.4901161193847656e-08, 5.960464477539062e-07, 7.450580596923828e-08, 0.9269064664840698, 0.055039651691913605, -0.37123459577560425, -0.22667551040649414, 0.8704754710197449, -0.43691059947013855, 0.29910317063331604, 0.48912501335144043, 0.8193253874778748),
            ["RightUpperArm"] = CFrame.new(0, -4.76837158203125e-07, -3.129243850708008e-07, 0.253629207611084, -0.8568419814109802, -0.44888100028038025, -0.049970634281635284, 0.45182904601097107, -0.8907039165496826, 0.9660100340843201, 0.2483394742012024, 0.07178006321191788),
            ["UpperTorso"] = CFrame.new(5.21540641784668e-08, 2.384185791015625e-07, -2.60770320892334e-08, 0.9182485342025757, 0.3944777250289917, 0.034745022654533386, -0.38475894927978516, 0.8679701089859009, 0.3139881491661072, 0.09370357543230057, -0.3016875684261322, 0.948790967464447),
            ["HumanoidRootPart"] = CFrame.new(0, 0, 0, 1, 0, 0, 0, 1, 0, 0, 0, 1),
            ["RightHand"] = CFrame.new(0, 1.7881393432617188e-07, -1.4901161193847656e-08, 0.4608483612537384, -0.3267762362957001, 0.825127899646759, 0.44715753197669983, 0.8886010646820068, 0.10216818004846573, -0.7665956616401672, 0.32187819480895996, 0.5556308031082153),
            ["LeftUpperArm"] = CFrame.new(0, -1.1920928955078125e-07, -3.725290298461914e-07, 0.7934494018554688, 0.6052278876304626, 0.06432263553142548, -0.5188924670219421, 0.6174314022064209, 0.5912099480628967, 0.31810179352760315, -0.5024717450141907, 0.8039485812187195),
            ["RightLowerArm"] = CFrame.new(2.980232238769531e-07, -6.556510925292969e-07, 3.5762786865234375e-07, 1, -1.1920927533992653e-07, 7.4505797087454084e-09, 3.725290653733282e-08, 0.8645472526550293, -0.5025514960289001, 4.4703490686970326e-08, 0.5025514960289001, 0.8645472526550293),
            ["LeftHand"] = CFrame.new(-6.556510925292969e-07, 2.384185791015625e-07, 0, 0.8651877045631409, 0.495630145072937, -0.07616497576236725, -0.47537943720817566, 0.8590288162231445, 0.18995778262615204, 0.15957672894001007, -0.12814182043075562, 0.9788334965705872),
            ["RightUpperLeg"] = CFrame.new(5.960464477539063e-08, 3.129243850708008e-07, 8.77116690389812e-08, 0.7451056241989136, 0.009231998585164547, -0.6668823957443237, -0.5652573108673096, 0.5394376516342163, -0.6240924000740051, 0.35398006439208984, 0.8419749736785889, 0.40715670585632324),
            ["LeftUpperLeg"] = CFrame.new(0, 4.76837158203125e-07, 5.960464477539063e-08, 0.8224843740463257, -0.1732041984796524, 0.5417747497558594, 0.2775554955005646, 0.9536203742027283, -0.11649509519338608, -0.49647003412246704, 0.2461879700422287, 0.8324116468429565),
            ["RightLowerLeg"] = CFrame.new(-7.82310962677002e-08, -0.000003635883331298828, -0.000013331118680071086, 1, -1.5646214990283625e-07, -5.21541139164583e-08, 1.9744038581848145e-07, 0.25272268056869507, 0.9675386548042297, -5.960464477539063e-08, -0.9675387740135193, 0.2527233064174652),
            ["RightFoot"] = CFrame.new(-1.210719347000122e-08, 4.172325134277344e-07, -7.048220140859485e-08, 0.8940823674201965, -0.2764022648334503, -0.3524470031261444, -0.03531234711408615, 0.7409332990646362, -0.6706491112709045, 0.4465085566043854, 0.6120617985725403, 0.6526950597763062),
            ["LeftLowerLeg"] = CFrame.new(-4.842877388000488e-08, 0.0000040531158447265625, 0.000013425946235656738, 1, 5.215405707303944e-08, 5.7742042258723814e-08, -1.3411046495548362e-07, 0.40476930141448975, 0.9144191145896912, 1.0430814256778831e-07, -0.9144188165664673, 0.4047689139842987),
        }},
        {Time = 0.100, Data = {
            ["LeftFoot"] = CFrame.new(-5.21540641784668e-08, 0, -1.4901161193847656e-08, 0.979390561580658, 0.1568128615617752, 0.12729567289352417, -0.04267319291830063, 0.7766775488853455, -0.6284515261650085, -0.19741670787334442, 0.6100670099258423, 0.7673620581626892),
            ["LeftLowerArm"] = CFrame.new(0, 1.1920928955078125e-07, 2.4586915969848633e-07, 1, -9.685756907629184e-08, 1.4901162614933128e-07, 8.940700979565008e-08, -0.5249213576316833, -0.8511507511138916, 1.7136343899437634e-07, 0.8511508107185364, -0.5249214768409729),
            ["LowerTorso"] = CFrame.new(0.00011367424303898588, -0.5181112289428711, 0.41830745339393616, 0.835946261882782, -0.3472718298435211, 0.4249659776687622, 0.19368042051792145, 0.9111919403076172, 0.3636169731616974, -0.5134994983673096, -0.2216566652059555, 0.8289672136306763),
            ["Head"] = CFrame.new(1.4901161193847656e-08, 2.384185791015625e-07, -1.7136335372924805e-07, 0.9271174669265747, 0.04501965641975403, -0.372057169675827, -0.21725071966648102, 0.873497486114502, -0.4356653094291687, 0.30537745356559753, 0.4847426414489746, 0.819615364074707),
            ["RightUpperArm"] = CFrame.new(0, 0, -1.341104507446289e-07, 0.21281588077545166, -0.879553496837616, -0.42555272579193115, -0.10550233721733093, 0.4122982919216156, -0.9049195647239685, 0.971379816532135, 0.2374780923128128, -0.005051522050052881),
            ["UpperTorso"] = CFrame.new(6.705522537231445e-08, 5.960464477539063e-08, -4.470348358154297e-08, 0.8999608755111694, 0.43571797013282776, 0.014851424843072891, -0.4212217628955841, 0.8602243065834045, 0.2873784899711609, 0.11244019865989685, -0.26488521695137024, 0.9577019810676575),
            ["HumanoidRootPart"] = CFrame.new(0, 0, 0, 1, 0, 0, 0, 1, 0, 0, 0, 1),
            ["RightHand"] = CFrame.new(1.1920928955078125e-07, 3.5762786865234375e-07, -1.4901161193847656e-07, 0.45570528507232666, -0.31579717993736267, 0.8322288393974304, 0.3846080005168915, 0.9130277633666992, 0.13585644960403442, -0.8027511239051819, 0.2581713795661926, 0.5375298261642456),
            ["LeftUpperArm"] = CFrame.new(0, -3.5762786865234375e-07, -3.2782554626464844e-07, 0.7862153053283691, 0.6043875813484192, 0.1287684589624405, -0.560950756072998, 0.6106110215187073, 0.5590066313743591, 0.2592291831970215, -0.511732280254364, 0.8191033601760864),
            ["RightLowerArm"] = CFrame.new(-1.4901161193847656e-07, -1.1920928955078125e-07, 5.960464477539062e-07, 1, -5.960463056453591e-08, 5.401669156412936e-08, 5.960465898624534e-08, 0.8748494386672974, -0.48439493775367737, 1.4901164746561335e-08, 0.48439496755599976, 0.8748494386672974),
            ["LeftHand"] = CFrame.new(-4.76837158203125e-07, 5.364418029785156e-07, -1.341104507446289e-07, 0.8621018528938293, 0.4977969527244568, -0.09475649148225784, -0.4743482768535614, 0.858546257019043, 0.1946590542793274, 0.17825354635715485, -0.12286822497844696, 0.9762832522392273),
            ["RightUpperLeg"] = CFrame.new(5.960464477539063e-08, -3.688037395477295e-07, -1.8050923245027661e-07, 0.726421058177948, -0.02110237069427967, -0.6869255304336548, -0.580190896987915, 0.5169114470481873, -0.6294293403625488, 0.3683626055717468, 0.8557787537574768, 0.3632521629333496),
            ["LeftUpperLeg"] = CFrame.new(5.960464477539063e-08, -2.2351741790771484e-07, 2.9802322387695312e-08, 0.8425753116607666, -0.21562910079956055, 0.49352899193763733, 0.28318363428115845, 0.9568325281143188, -0.06541161239147186, -0.4581199288368225, 0.19487342238426208, 0.8672661185264587),
            ["RightLowerLeg"] = CFrame.new(2.514570951461792e-08, -0.000003635883331298828, -0.000013156030036043376, 1, -1.1920926112907182e-07, -8.195641498787154e-08, 1.4901158351676713e-07, 0.23623599112033844, 0.9716957211494446, -8.940694584680386e-08, -0.9716956615447998, 0.2362363636493683),
            ["RightFoot"] = CFrame.new(-3.725290298461914e-09, 4.172325134277344e-07, -5.75528247281909e-09, 0.8998391032218933, -0.25417616963386536, -0.35452061891555786, -0.05895323306322098, 0.7343900203704834, -0.6761623024940491, 0.43222010135650635, 0.6293376684188843, 0.6458482146263123),
            ["LeftLowerLeg"] = CFrame.new(1.862645149230957e-09, 0.0000036954879760742188, 0.000013399869203567505, 1, 4.8428766774577525e-08, 5.215408904746255e-08, -1.1175872316471214e-07, 0.5467922687530518, 0.8372690081596375, 1.1175872316471214e-07, -0.8372683525085449, 0.5467913150787354),
        }},
        {Time = 0.133, Data = {
            ["LeftFoot"] = CFrame.new(-7.450580596923828e-09, 0, 8.195638656616211e-08, 0.9768387079238892, 0.1777391880750656, 0.11914297938346863, -0.05710861086845398, 0.75316321849823, -0.6553499102592468, -0.20621557533740997, 0.633367121219635, 0.7458696365356445),
            ["LeftLowerArm"] = CFrame.new(-2.682209014892578e-07, 3.5762786865234375e-07, -2.2724270820617676e-07, 1, -9.685756907629184e-08, 1.3411046495548362e-07, 7.916244015859775e-08, -0.5461716055870056, -0.8376734256744385, 1.8253926725719793e-07, 0.8376733660697937, -0.5461716055870056),
            ["LowerTorso"] = CFrame.new(-0.0024023198056966066, -0.5224255323410034, 0.42565420269966125, 0.8185816407203674, -0.3674653470516205, 0.44146737456321716, 0.19806599617004395, 0.9020256400108337, 0.38356178998947144, -0.5391605496406555, -0.22653692960739136, 0.8111639022827148),
            ["Head"] = CFrame.new(-4.470348358154297e-08, 3.5762786865234375e-07, 1.1920928955078125e-07, 0.9286252856254578, 0.028022147715091705, -0.3699592649936676, -0.20073293149471283, 0.8765464425086975, -0.43746164441108704, 0.31202787160873413, 0.4805009663105011, 0.819608211517334),
            ["RightUpperArm"] = CFrame.new(-5.960464477539063e-08, 0, -3.5762786865234375e-07, 0.21189528703689575, -0.8819740414619446, -0.4209776222705841, -0.08106963336467743, 0.413411408662796, -0.9069281816482544, 0.9739241600036621, 0.22630222141742706, 0.016098523512482643),
            ["UpperTorso"] = CFrame.new(2.9802322387695312e-08, 2.9802322387695312e-08, -5.21540641784668e-08, 0.8839170932769775, 0.4675855040550232, 0.007394933141767979, -0.45114192366600037, 0.848455548286438, 0.27675652503967285, 0.12313292920589447, -0.24796603620052338, 0.9609116315841675),
            ["HumanoidRootPart"] = CFrame.new(0, 0, 0, 1, 0, 0, 0, 1, 0, 0, 0, 1),
            ["RightHand"] = CFrame.new(-6.556510925292969e-07, 3.5762786865234375e-07, 0, 0.4950805604457855, -0.33141812682151794, 0.8031546473503113, 0.33217790722846985, 0.9263648986816406, 0.1774992048740387, -0.8028407096862793, 0.17891378700733185, 0.56871497631073),
            ["LeftUpperArm"] = CFrame.new(1.1920928955078125e-07, -2.384185791015625e-07, -4.3213367462158203e-07, 0.7956067323684692, 0.5873041749000549, 0.14860644936561584, -0.5583345293998718, 0.615655243396759, 0.5560856461524963, 0.23510104417800903, -0.525397539138794, 0.8177316188812256),
            ["RightLowerArm"] = CFrame.new(2.384185791015625e-07, -3.5762786865234375e-07, 5.960464477539062e-07, 1, -7.450579886381092e-08, -2.9802315282267955e-08, 7.450581307466564e-08, 0.8608834743499756, -0.508802056312561, 1.4901162970204496e-08, 0.5088021159172058, 0.8608835935592651),
            ["LeftHand"] = CFrame.new(-7.972121238708496e-07, -3.5762786865234375e-07, -2.9802322387695312e-08, 0.8547499179840088, 0.5033850073814392, -0.1265152543783188, -0.4747943878173828, 0.8567804098129272, 0.20124074816703796, 0.2096974104642868, -0.11194169521331787, 0.9713373184204102),
            ["RightUpperLeg"] = CFrame.new(-1.1920928955078125e-07, 1.862645149230957e-07, -2.2521271603181958e-07, 0.7232628464698792, -0.052664998918771744, -0.6885616183280945, -0.5755495429039001, 0.505033016204834, -0.6431830525398254, 0.3816196322441101, 0.861491858959198, 0.33496037125587463),
            ["LeftUpperLeg"] = CFrame.new(-1.1920928955078125e-07, 4.470348358154297e-08, -1.341104507446289e-07, 0.8553570508956909, -0.224066361784935, 0.46707460284233093, 0.28685545921325684, 0.9556364417076111, -0.06688021123409271, -0.43136805295944214, 0.1911892145872116, 0.8816849589347839),
            ["RightLowerLeg"] = CFrame.new(5.587935447692871e-08, -0.0000037550926208496094, -0.000013327393389772624, 1, -1.7136335372924805e-07, -9.685759039257391e-08, 1.564622067462551e-07, 0.21646751463413239, 0.9762898683547974, -1.1548401346317405e-07, -0.9762898683547974, 0.21646776795387268),
            ["RightFoot"] = CFrame.new(-1.6763806343078613e-08, 3.5762786865234375e-07, 1.845910446718335e-08, 0.9194562435150146, -0.2004965841770172, -0.33823323249816895, -0.09016984701156616, 0.7297763228416443, -0.6777136325836182, 0.38271355628967285, 0.653626561164856, 0.6529185175895691),
            ["LeftLowerLeg"] = CFrame.new(6.51925802230835e-08, 0.000003933906555175781, 0.000013221055269241333, 1, 2.9802311729554276e-08, 9.313229298868464e-08, -5.215404996761208e-08, 0.5760907530784607, 0.8173864483833313, 8.940694584680386e-08, -0.817385733127594, 0.5760898590087891),
        }},
        {Time = 0.167, Data = {
            ["LeftFoot"] = CFrame.new(2.9802322387695312e-08, 0, 1.341104507446289e-07, 0.9750511646270752, 0.19271449744701385, 0.11016612499952316, -0.06894417107105255, 0.7346537113189697, -0.6749299764633179, -0.21100245416164398, 0.6504960060119629, 0.7296114563941956),
            ["LeftLowerArm"] = CFrame.new(1.1920928955078125e-07, 5.960464477539062e-07, -3.166496753692627e-07, 1, -7.450576333667414e-08, 1.3411039390121005e-07, 6.146729703004894e-08, -0.5332104563713074, -0.8459826707839966, 1.6763807764164085e-07, 0.8459826707839966, -0.5332104563713074),
            ["LowerTorso"] = CFrame.new(-0.004218524321913719, -0.5246256589889526, 0.4310329854488373, 0.8091897368431091, -0.3796091377735138, 0.44845178723335266, 0.20101074874401093, 0.896065890789032, 0.39580392837524414, -0.5520930886268616, -0.23013687133789062, 0.8013927340507507),
            ["Head"] = CFrame.new(5.960464477539063e-08, -3.5762786865234375e-07, 2.60770320892334e-07, 0.9312524795532227, 0.003519594669342041, -0.36435770988464355, -0.17697396874427795, 0.8784580230712891, -0.44383761286735535, 0.31851083040237427, 0.4778066575527191, 0.8186891078948975),
            ["RightUpperArm"] = CFrame.new(0, -5.960464477539062e-07, 1.1920928955078125e-07, 0.22618739306926727, -0.8703762292861938, -0.43736088275909424, 0.016948772594332695, 0.45244577527046204, -0.8916308283805847, 0.9739363789558411, 0.19426289200782776, 0.11708928644657135),
            ["UpperTorso"] = CFrame.new(8.940696716308594e-08, 2.980232238769531e-07, -1.1175870895385742e-07, 0.8728237748146057, 0.4879629611968994, 0.008421496488153934, -0.4713451862335205, 0.8383740782737732, 0.2737930119037628, 0.12654034793376923, -0.2429424524307251, 0.9617517590522766),
            ["HumanoidRootPart"] = CFrame.new(0, 0, 0, 1, 0, 0, 0, 1, 0, 0, 0, 1),
            ["RightHand"] = CFrame.new(-4.76837158203125e-07, 0.0000010728836059570312, -1.4901161193847656e-07, 0.5593864321708679, -0.3472804129123688, 0.752650797367096, 0.29168596863746643, 0.9323984980583191, 0.21343038976192474, -0.775890588760376, 0.10014761984348297, 0.6228679418563843),
            ["LeftUpperArm"] = CFrame.new(-1.1920928955078125e-07, -3.5762786865234375e-07, 2.086162567138672e-07, 0.8147421479225159, 0.562360405921936, 0.1412310153245926, -0.5404831767082214, 0.64839768409729, 0.5361514091491699, 0.20993643999099731, -0.5131581425666809, 0.8322231769561768),
            ["RightLowerArm"] = CFrame.new(7.152557373046875e-07, 3.5762786865234375e-07, 1.4901161193847656e-07, 1, -7.450577754752885e-08, -1.4901155864777138e-08, 1.0803344707710494e-07, 0.8157437443733215, -0.5784134268760681, -2.980232949312267e-08, 0.5784134864807129, 0.8157437443733215),
            ["LeftHand"] = CFrame.new(-6.92903995513916e-07, 2.384185791015625e-07, 1.341104507446289e-07, 0.8421215415000916, 0.513507068157196, -0.16474796831607819, -0.4797588288784027, 0.8528714776039124, 0.20601384341716766, 0.24629844725131989, -0.09444943070411682, 0.9645810127258301),
            ["RightUpperLeg"] = CFrame.new(1.7881393432617188e-07, 5.476176738739014e-07, -1.9541039364412427e-07, 0.734216034412384, -0.09839008003473282, -0.6717479825019836, -0.5538061857223511, 0.4855416417121887, -0.6764233708381653, 0.39271578192710876, 0.8686590790748596, 0.30200332403182983),
            ["LeftUpperLeg"] = CFrame.new(5.960464477539063e-08, 6.556510925292969e-07, -1.6391277313232422e-07, 0.8615049123764038, -0.23577165603637695, 0.4496895968914032, 0.28904393315315247, 0.9558707475662231, -0.05258213356137276, -0.4174480736255646, 0.17527970671653748, 0.8916358947753906),
            ["RightLowerLeg"] = CFrame.new(-4.936009645462036e-08, -0.000003874301910400391, -0.000013401899195741862, 1, -1.5087421445514337e-07, -1.229346224818073e-07, 1.583248803171955e-07, 0.19201920926570892, 0.9813910722732544, -1.3038518886787642e-07, -0.981391191482544, 0.19201979041099548),
            ["RightFoot"] = CFrame.new(-1.7695128917694092e-08, 3.5762786865234375e-07, 2.49783624894917e-08, 0.9571318030357361, -0.1353190690279007, -0.256102055311203, -0.07353614270687103, 0.7416754961013794, -0.6667153835296631, 0.2801629900932312, 0.6569675207138062, 0.6999303102493286),
            ["LeftLowerLeg"] = CFrame.new(-4.377216100692749e-08, 0.0000037550926208496094, 0.000013318844139575958, 1, 7.450580596923828e-08, 3.352762334429826e-08, -8.195639367158947e-08, 0.6150710582733154, 0.7884723544120789, 3.725290653733282e-08, -0.7884717583656311, 0.6150703430175781),
        }},
        {Time = 0.200, Data = {
            ["LeftFoot"] = CFrame.new(7.450580596923828e-09, 0, 0, 0.9741976261138916, 0.18697534501552582, 0.12641027569770813, -0.058597348630428314, 0.7504164576530457, -0.658362627029419, -0.21795754134655, 0.6339680552482605, 0.742010235786438),
            ["LeftLowerArm"] = CFrame.new(0.0000011324882507324219, 5.960464477539062e-07, 2.8312206268310547e-07, 1, -1.1920930376163597e-07, 1.4901159772762185e-07, 6.705522537231445e-08, -0.49179747700691223, -0.8707095384597778, 1.6763806343078613e-07, 0.8707096576690674, -0.4917975664138794),
            ["LowerTorso"] = CFrame.new(-0.004916505888104439, -0.5252425670623779, 0.43311986327171326, 0.8064432144165039, -0.38362932205200195, 0.44997555017471313, 0.20208542048931122, 0.8939670920372009, 0.39998066425323486, -0.555707573890686, -0.2316282093524933, 0.7984594702720642),
            ["Head"] = CFrame.new(5.960464477539063e-08, 1.1920928955078125e-07, 1.564621925354004e-07, 0.933707058429718, -0.02535279467701912, -0.35713931918144226, -0.1497233659029007, 0.8784369826316833, -0.4537966251373291, 0.32522937655448914, 0.4771851897239685, 0.8164068460464478),
            ["RightUpperArm"] = CFrame.new(0, -5.960464477539062e-07, 8.940696716308594e-08, 0.25747308135032654, -0.8477417230606079, -0.4637259244918823, 0.14047907292842865, 0.5076464414596558, -0.8500357866287231, 0.9560195803642273, 0.15371759235858917, 0.24979516863822937),
            ["UpperTorso"] = CFrame.new(1.2293457984924316e-07, 2.384185791015625e-07, 0, 0.8682839870452881, 0.4958310127258301, 0.015322893857955933, -0.4800802171230316, 0.8321207165718079, 0.27766522765159607, 0.1249244436621666, -0.24844850599765778, 0.9605556726455688),
            ["HumanoidRootPart"] = CFrame.new(0, 0, 0, 1, 0, 0, 0, 1, 0, 0, 0, 1),
            ["RightHand"] = CFrame.new(-4.172325134277344e-07, 5.364418029785156e-07, 1.1920928955078125e-07, 0.6262959241867065, -0.35532140731811523, 0.6939021348953247, 0.2676441967487335, 0.9339926242828369, 0.23669488728046417, -0.7322021722793579, 0.037477776408195496, 0.6800553798675537),
            ["LeftUpperArm"] = CFrame.new(-3.5762786865234375e-07, 0, 4.470348358154297e-08, 0.8360689282417297, 0.5299373269081116, 0.14196904003620148, -0.5220581889152527, 0.6889349818229675, 0.5028159022331238, 0.16865338385105133, -0.49450480937957764, 0.8526553511619568),
            ["RightLowerArm"] = CFrame.new(-9.5367431640625e-07, -4.172325134277344e-07, 3.5762786865234375e-07, 1, -5.960463056453591e-08, 2.9802315282267955e-08, 4.551839793975887e-08, 0.7300443649291992, -0.6833997964859009, 5.960465188081798e-08, 0.6833997368812561, 0.7300443649291992),
            ["LeftHand"] = CFrame.new(-3.5762786865234375e-07, 4.172325134277344e-07, 2.9802322387695312e-08, 0.8286454081535339, 0.5269339680671692, -0.18891122937202454, -0.49365925788879395, 0.8470078706741333, 0.19717592000961304, 0.26390790939331055, -0.07013106346130371, 0.9619948863983154),
            ["RightUpperLeg"] = CFrame.new(2.980232238769531e-07, 7.152557373046875e-07, -3.149762051180005e-08, 0.7446821928024292, -0.1179639995098114, -0.6569116115570068, -0.540817379951477, 0.47012001276016235, -0.6974980235099792, 0.3911074101924896, 0.8746837973594666, 0.2862931191921234),
            ["LeftUpperLeg"] = CFrame.new(1.4901161193847656e-07, 7.003545761108398e-07, -1.9371509552001953e-07, 0.8648514151573181, -0.21739904582500458, 0.45251497626304626, 0.2939246892929077, 0.9500054121017456, -0.10534694045782089, -0.40698951482772827, 0.22411487996578217, 0.8855123519897461),
            ["RightLowerLeg"] = CFrame.new(6.51925802230835e-08, -0.0000035762786865234375, -0.000013245437003206462, 1, -1.3038514623531228e-07, -9.685759039257391e-08, 1.695007227908718e-07, 0.18235255777835846, 0.9832331538200378, -1.1920930376163597e-07, -0.9832332730293274, 0.18235279619693756),
            ["RightFoot"] = CFrame.new(-3.259629011154175e-09, 3.5762786865234375e-07, -1.4137185644358397e-08, 0.9729598164558411, -0.10781969875097275, -0.20426644384860992, -0.053926289081573486, 0.7538837790489197, -0.6547906398773193, 0.22459153831005096, 0.6481004357337952, 0.7276843190193176),
            ["LeftLowerLeg"] = CFrame.new(-4.6566128730773926e-08, 0.000003814697265625, 0.000013336539268493652, 1, 1.4156103134155273e-07, 7.636848664560603e-08, -1.1175872316471214e-07, 0.5512421727180481, 0.8343456983566284, 1.0430814256778831e-07, -0.8343453407287598, 0.5512416362762451),
        }},
        {Time = 0.233, Data = {
            ["LeftFoot"] = CFrame.new(-1.1920928955078125e-07, 0, 5.21540641784668e-08, 0.9739638566970825, 0.17853717505931854, 0.13970914483070374, -0.06026717275381088, 0.7980011701583862, -0.5996350646018982, -0.21854586899280548, 0.5756028294563293, 0.7879842519760132),
            ["LeftLowerArm"] = CFrame.new(8.642673492431641e-07, 7.152557373046875e-07, -4.246830940246582e-07, 1, -8.940694584680386e-08, 8.940693874137651e-08, 1.043081283569336e-07, -0.42591097950935364, -0.9047651290893555, 1.7136335372924805e-07, 0.9047650098800659, -0.42591097950935364),
            ["LowerTorso"] = CFrame.new(-0.004296071361750364, -0.5236592292785645, 0.43222907185554504, 0.8120064735412598, -0.36908701062202454, 0.45212870836257935, 0.188360795378685, 0.8989285826683044, 0.3955349028110504, -0.552418053150177, -0.23601362109184265, 0.799457311630249),
            ["Head"] = CFrame.new(1.043081283569336e-07, 3.5762786865234375e-07, 1.4901161193847656e-08, 0.935327410697937, -0.05160213261842728, -0.3499998450279236, -0.12577791512012482, 0.8761699199676514, -0.4653024971485138, 0.3306698799133301, 0.47923240065574646, 0.8130152225494385),
            ["RightUpperArm"] = CFrame.new(0, -2.384185791015625e-07, -8.940696716308594e-08, 0.33454272150993347, -0.804936945438385, -0.49005889892578125, 0.31993743777275085, 0.5861483216285706, -0.744359016418457, 0.8864092826843262, 0.09223170578479767, 0.4536210298538208),
            ["UpperTorso"] = CFrame.new(1.862645149230957e-08, 5.960464477539063e-08, 1.043081283569336e-07, 0.8767123222351074, 0.4806775748729706, 0.01802411861717701, -0.4647124409675598, 0.8367305994033813, 0.2896967828273773, 0.12416933476924896, -0.2623567283153534, 0.9569487571716309),
            ["HumanoidRootPart"] = CFrame.new(0, 0, 0, 1, 0, 0, 0, 1, 0, 0, 0, 1),
            ["RightHand"] = CFrame.new(2.384185791015625e-07, 6.556510925292969e-07, -2.384185791015625e-07, 0.6873108148574829, -0.3556542694568634, 0.6333354711532593, 0.2606782913208008, 0.9346169233322144, 0.24194657802581787, -0.6779754757881165, -0.0011956319212913513, 0.7350836396217346),
            ["LeftUpperArm"] = CFrame.new(1.7881393432617188e-07, 1.1920928955078125e-07, -3.5762786865234375e-07, 0.8495951890945435, 0.49166226387023926, 0.19093579053878784, -0.5213848948478699, 0.7282098531723022, 0.4448239803314209, 0.07966169714927673, -0.4774712324142456, 0.8750287294387817),
            ["RightLowerArm"] = CFrame.new(-6.556510925292969e-07, -1.7881393432617188e-07, 2.086162567138672e-07, 1, -5.960463056453591e-08, 2.9802318834981634e-08, 9.685756197086448e-08, 0.5829976797103882, -0.8124738335609436, 5.2154071283894154e-08, 0.8124738335609436, 0.582997739315033),
            ["LeftHand"] = CFrame.new(-8.009374141693115e-08, 2.384185791015625e-07, 7.450580596923828e-08, 0.8220999240875244, 0.5431137681007385, -0.17081958055496216, -0.5246548056602478, 0.8391895294189453, 0.14317238330841064, 0.22110889852046967, -0.028080705553293228, 0.9748448729515076),
            ["RightUpperLeg"] = CFrame.new(-5.960464477539063e-08, 1.7881393432617188e-07, 5.045876605436206e-08, 0.7580845952033997, -0.12264753133058548, -0.6405193209648132, -0.528201699256897, 0.4605879783630371, -0.7133457064628601, 0.3825058043003082, 0.8790996670722961, 0.2843818664550781),
            ["LeftUpperLeg"] = CFrame.new(8.940696716308594e-08, 1.341104507446289e-07, 2.682209014892578e-07, 0.8652277588844299, -0.18472276628017426, 0.4661101996898651, 0.30867984890937805, 0.9288366436958313, -0.2048894464969635, -0.39509204030036926, 0.32115450501441956, 0.8606751561164856),
            ["RightLowerLeg"] = CFrame.new(6.100162863731384e-08, -0.000003874301910400391, -0.000013141128874849528, 1, -1.5320257773510093e-07, -1.2665991278026922e-07, 1.555308699607849e-07, 0.17425695061683655, 0.9847002625465393, -1.2479722499847412e-07, -0.9847002625465393, 0.17425717413425446),
            ["RightFoot"] = CFrame.new(-3.958120942115784e-09, 2.980232238769531e-07, -7.617927622050047e-09, 0.9715359807014465, -0.1218600869178772, -0.20314626395702362, -0.04160791262984276, 0.7564330101013184, -0.6527462601661682, 0.23320987820625305, 0.6426191329956055, 0.7298315167427063),
            ["LeftLowerLeg"] = CFrame.new(-1.4901161193847656e-08, 0.000003635883331298828, 0.000013381242752075195, 1, 8.195637946073475e-08, 9.452927685060786e-08, -8.940696716308594e-08, 0.3989265263080597, 0.9169830083847046, 1.1175870895385742e-07, -0.9169829487800598, 0.3989262878894806),
        }},
        {Time = 0.267, Data = {
            ["LeftFoot"] = CFrame.new(2.9802322387695312e-08, 1.1920928955078125e-07, 1.862645149230957e-08, 0.976570725440979, 0.1871875822544098, 0.10616275668144226, -0.11816664040088654, 0.8787472248077393, -0.46242913603782654, -0.17985104024410248, 0.43904921412467957, 0.8802776336669922),
            ["LeftLowerArm"] = CFrame.new(2.384185791015625e-07, 7.152557373046875e-07, 1.043081283569336e-07, 1, -5.960465188081798e-08, 1.1175870895385742e-07, 8.940698847936801e-08, -0.34244558215141296, -0.939537763595581, 1.3224783401710738e-07, 0.939537763595581, -0.3424455523490906),
            ["LowerTorso"] = CFrame.new(-0.0021389909088611603, -0.5189841985702515, 0.42972269654273987, 0.8260165452957153, -0.3295665383338928, 0.45725560188293457, 0.15236972272396088, 0.911604106426239, 0.38178718090057373, -0.5426603555679321, -0.24569061398506165, 0.8032159805297852),
            ["Head"] = CFrame.new(-2.9802322387695312e-08, 1.1920928955078125e-07, 3.129243850708008e-07, 0.936011791229248, -0.07017511874437332, -0.3449020981788635, -0.11058898270130157, 0.8716591596603394, -0.47747302055358887, 0.334143728017807, 0.48506271839141846, 0.8081226348876953),
            ["RightUpperArm"] = CFrame.new(-5.960464477539063e-08, -4.76837158203125e-07, 2.086162567138672e-07, 0.4346226453781128, -0.7536060810089111, -0.49313414096832275, 0.4891773462295532, 0.657278299331665, -0.5733155012130737, 0.7561803460121155, 0.007945742458105087, 0.6543149948120117),
            ["UpperTorso"] = CFrame.new(3.073364496231079e-08, 5.960464477539063e-08, -1.1175870895385742e-08, 0.9000437259674072, 0.4356614649295807, 0.01098222378641367, -0.41718682646751404, 0.854043185710907, 0.31074991822242737, 0.12600231170654297, -0.2842700481414795, 0.950428307056427),
            ["HumanoidRootPart"] = CFrame.new(0, 0, 0, 1, 0, 0, 0, 1, 0, 0, 0, 1),
            ["RightHand"] = CFrame.new(-3.203749656677246e-07, 4.76837158203125e-07, -4.172325134277344e-07, 0.7465569972991943, -0.35104984045028687, 0.5651695728302002, 0.2670659124851227, 0.9361474514007568, 0.2287003993988037, -0.609367311000824, -0.019800325855612755, 0.7926408648490906),
            ["LeftUpperArm"] = CFrame.new(-1.1920928955078125e-07, -4.76837158203125e-07, -1.6391277313232422e-07, 0.8402553796768188, 0.4641167223453522, 0.28029754757881165, -0.5402460694313049, 0.7604275941848755, 0.3603941798210144, -0.04588089883327484, -0.45425280928611755, 0.8896905779838562),
            ["RightLowerArm"] = CFrame.new(6.556510925292969e-07, -1.7881393432617188e-07, 1.1920928955078125e-07, 1, -7.823107495141812e-08, 9.685756197086448e-08, 9.685756197086448e-08, 0.3656061589717865, -0.930769681930542, 3.3527616238870905e-08, 0.9307696223258972, 0.3656061291694641),
            ["LeftHand"] = CFrame.new(-3.948807716369629e-07, 2.980232238769531e-07, -7.450580596923828e-09, 0.8205119967460632, 0.5570757389068604, -0.12816718220710754, -0.5541530251502991, 0.8301924467086792, 0.06078658998012543, 0.14026612043380737, 0.021148115396499634, 0.9898879528045654),
            ["RightUpperLeg"] = CFrame.new(-8.940696716308594e-08, 4.470348358154297e-07, -6.129994289949536e-08, 0.7789300680160522, -0.13062258064746857, -0.6133556365966797, -0.5058109164237976, 0.4473048150539398, -0.7376136183738708, 0.37070637941360474, 0.8847916126251221, 0.2823491394519806),
            ["LeftUpperLeg"] = CFrame.new(-5.960464477539063e-08, 5.662441253662109e-07, -1.4901161193847656e-07, 0.8687278628349304, -0.10841168463230133, 0.4832792580127716, 0.3373386561870575, 0.8439524173736572, -0.4170697033405304, -0.36264944076538086, 0.5253486633300781, 0.7697363495826721),
