return {
    ["its youuu"] = {
        {Time = 0.000, Data = {
            ["LeftFoot"] = CFrame.new(1.5133991837501526e-09, 0, -2.6775524020195007e-08, 0.975627064704895, -0.08998184651136398, -0.20013797283172607, 0.09820975363254547, 0.9946655631065369, 0.03154969587922096, 0.19623158872127533, -0.050436269491910934, 0.979259729385376),
            ["LeftLowerArm"] = CFrame.new(-0.0000015795230865478516, 0.0000029206275939941406, 3.5762786865234375e-07, 1, -5.960460214282648e-08, 1.4901141653922423e-08, 5.5879315397078244e-08, 0.8018640279769897, -0.597506582736969, -4.470345160711986e-08, 0.5975064635276794, 0.8018640279769897),
            ["LowerTorso"] = CFrame.new(-0.06307023018598557, -0.18366289138793945, 0.05986333265900612, 0.9440508484840393, 0.025887133553624153, -0.3287827670574188, -0.018992003053426743, 0.9995275735855103, 0.02416638471186161, 0.32925301790237427, -0.01657004840672016, 0.9440964460372925),
            ["Head"] = CFrame.new(3.3527612686157227e-08, 7.152557373046875e-07, -2.8870999813079834e-08, 0.8925082683563232, -0.08762352913618088, 0.4424377679824829, 0.05058082193136215, 0.9942044019699097, 0.09486513584852219, -0.44818586111068726, -0.062289029359817505, 0.891767680644989),
            ["RightUpperArm"] = CFrame.new(3.5762786865234375e-07, 8.344650268554688e-07, 5.960464477539063e-08, 0.9403804540634155, -0.3400765061378479, -0.005721765570342541, 0.3399234116077423, 0.9402695298194885, -0.018587611615657806, 0.011701208539307117, 0.015534460544586182, 0.9998108744621277),
            ["UpperTorso"] = CFrame.new(-1.30385160446167e-08, -2.9802322387695312e-08, 2.421438694000244e-08, 0.992275059223175, 0.00006542356277350336, -0.12405739724636078, 0.007208292372524738, 0.9982800483703613, 0.05818217247724533, 0.12384794652462006, -0.058626946061849594, 0.9905678033828735),
            ["HumanoidRootPart"] = CFrame.new(0, 0, 0, 1, 0, 0, 0, 1, 0, 0, 0, 1),
            ["RightHand"] = CFrame.new(-9.5367431640625e-07, -5.960464477539063e-08, -1.7881393432617188e-07, 0.998964786529541, 0.04160943254828453, 0.018384773284196854, -0.04100320488214493, 0.9986398220062256, -0.03220655024051666, -0.01969985105097294, 0.03141938894987106, 0.999312162399292),
            ["LeftUpperArm"] = CFrame.new(-2.384185791015625e-07, -7.152557373046875e-07, 2.9802322387695312e-08, 0.915782630443573, 0.3910852372646332, -0.09162187576293945, -0.35723796486854553, 0.8972839117050171, 0.25935059785842896, 0.18363912403583527, -0.20477794110774994, 0.9614274501800537),
            ["RightLowerArm"] = CFrame.new(-7.748603820800781e-07, 4.76837158203125e-07, 1.4901161193847656e-07, 1, -1.1175862901779965e-08, -2.2351734685344127e-08, 5.215408904746255e-08, 0.940218448638916, -0.34057214856147766, 2.980233659855003e-08, 0.34057217836380005, 0.9402183294296265),
            ["LeftHand"] = CFrame.new(2.980232238769531e-07, 5.960464477539062e-07, -5.513429641723633e-07, 0.9888072609901428, -0.08461039513349533, -0.12288758158683777, 0.0812816247344017, 0.9961817264556885, -0.031862106174230576, 0.12511423230171204, 0.021517006680369377, 0.9919090270996094),
            ["RightUpperLeg"] = CFrame.new(2.980232238769531e-07, 8.079223334789276e-07, -1.6596459317952394e-08, 0.9350228309631348, -0.27709707617759705, -0.22124485671520233, 0.2073376178741455, 0.9334203004837036, -0.292810320854187, 0.28765156865119934, 0.22791160643100739, 0.9302219748497009),
            ["LeftUpperLeg"] = CFrame.new(-1.1920928955078125e-07, 3.8708094507455826e-07, 6.332993507385254e-08, 0.9411341547966003, 0.25442856550216675, 0.2225591093301773, -0.06764362007379532, 0.7868281006813049, -0.6134544014930725, -0.3311961591243744, 0.5622879266738892, 0.7577211260795593),
            ["RightLowerLeg"] = CFrame.new(-8.940696716308594e-08, -0.000003635883331298828, -0.000013334843970369548, 1, -1.3411039390121005e-07, -3.725293851175593e-08, 1.3783575525394554e-07, 0.6141360402107239, 0.7891992330551147, -9.685756197086448e-08, -0.7892002463340759, 0.6141374111175537),
            ["RightFoot"] = CFrame.new(-2.60770320892334e-08, 2.980232238769531e-07, 4.639878170564771e-08, 0.9810727834701538, 0.19116222858428955, 0.030877014622092247, -0.1337359994649887, 0.7842203378677368, -0.6058976650238037, -0.14003942906856537, 0.5903012156486511, 0.7949432134628296),
            ["LeftLowerLeg"] = CFrame.new(-1.414446160197258e-07, 0.000003993511199951172, 0.000013209879398345947, 1, 5.577749107033014e-08, 1.9674194717822502e-08, -3.247987834242849e-08, 0.8343366980552673, 0.5512549877166748, 1.3271348464627408e-08, -0.5512551665306091, 0.8343368768692017),
        }},
        {Time = 0.033, Data = {
            ["LeftFoot"] = CFrame.new(2.1827872842550278e-09, -5.960464477539063e-08, 1.6996636986732483e-08, 0.9763084053993225, -0.08464530110359192, -0.1991412341594696, 0.0925145372748375, 0.9952431917190552, 0.03053121455013752, 0.1956097036600113, -0.048231400549411774, 0.979495108127594),
            ["LeftLowerArm"] = CFrame.new(-0.0000015795230865478516, 0.000003039836883544922, 2.384185791015625e-07, 1, -7.450576333667414e-08, -7.450571715139631e-09, 9.126955546889803e-08, 0.8158085942268372, -0.5783220529556274, 2.235172757991677e-08, 0.5783221125602722, 0.8158085942268372),
            ["LowerTorso"] = CFrame.new(-0.07273352146148682, -0.18962788581848145, 0.06394000351428986, 0.943466067314148, 0.03127503767609596, -0.3299905061721802, -0.024684004485607147, 0.999403715133667, 0.02414575032889843, 0.33054888248443604, -0.014635210856795311, 0.9436753988265991),
            ["Head"] = CFrame.new(1.0244548320770264e-08, -1.1920928955078125e-07, -4.6566128730773926e-08, 0.8808870315551758, -0.11470367014408112, 0.4592180848121643, 0.04751794785261154, 0.9867217540740967, 0.15531329810619354, -0.47093549370765686, -0.11499235033988953, 0.8746407628059387),
            ["RightUpperArm"] = CFrame.new(3.5762786865234375e-07, 7.152557373046875e-07, 2.9802322387695312e-08, 0.9390752911567688, -0.3436300754547119, 0.007481160573661327, 0.34367239475250244, 0.9390742778778076, -0.00536213768646121, -0.005182802677154541, 0.0076064979657530785, 0.9999576807022095),
            ["UpperTorso"] = CFrame.new(-9.313225746154785e-09, -3.5762786865234375e-07, 1.862645149230957e-09, 0.9896764755249023, -0.0010851083789020777, -0.1433156430721283, 0.00823419913649559, 0.9987501502037048, 0.04929991438984871, 0.1430831253528595, -0.04997103288769722, 0.9884483814239502),
            ["HumanoidRootPart"] = CFrame.new(0, 0, 0, 1, 0, 0, 0, 1, 0, 0, 0, 1),
            ["RightHand"] = CFrame.new(-1.4901161193847656e-07, -2.384185791015625e-07, -2.384185791015625e-07, 0.9992526769638062, 0.03865339607000351, 0.00042261191993020475, -0.03857121244072914, 0.997729480266571, -0.05521000176668167, -0.0025557272601872683, 0.05515240132808685, 0.9984747767448425),
            ["LeftUpperArm"] = CFrame.new(-4.76837158203125e-07, -0.0000011920928955078125, 8.940696716308594e-08, 0.9139139652252197, 0.39226433634757996, -0.10435537993907928, -0.35746780037879944, 0.899591863155365, 0.2509012520313263, 0.1922968477010727, -0.19199849665164948, 0.962371289730072),
            ["RightLowerArm"] = CFrame.new(-7.152557373046875e-07, -2.980232238769531e-07, 2.8312206268310547e-07, 1, -6.332991375757047e-08, -2.9802318834981634e-08, 3.7252924300901213e-08, 0.9405874609947205, -0.3395515978336334, 6.519261575022028e-08, 0.3395516574382782, 0.9405874013900757),
            ["LeftHand"] = CFrame.new(-5.960464477539063e-08, 2.384185791015625e-07, -4.3213367462158203e-07, 0.9858776926994324, -0.08532505482435226, -0.14410056173801422, 0.08608695864677429, 0.9962872862815857, -0.0009515512501820922, 0.14364680647850037, -0.011466985568404198, 0.9895626902580261),
            ["RightUpperLeg"] = CFrame.new(2.384185791015625e-07, 7.126946002244949e-07, 9.480572771281004e-09, 0.9331596493721008, -0.2723487615585327, -0.2346039116382599, 0.2202966809272766, 0.9490202069282532, -0.22545570135116577, 0.2840467393398285, 0.15870355069637299, 0.9455848336219788),
            ["LeftUpperLeg"] = CFrame.new(-2.384185791015625e-07, 3.1781382858753204e-07, 2.9802322387695312e-08, 0.9417961239814758, 0.24784858524799347, 0.22713711857795715, -0.056972574442625046, 0.7835257053375244, -0.6187419295310974, -0.3313220739364624, 0.5697881579399109, 0.7520420551300049),
            ["RightLowerLeg"] = CFrame.new(-1.043081283569336e-07, -0.0000036954879760742188, -0.000013305041647981852, 1, -1.1920930376163597e-07, 7.450583261459087e-09, 9.313224325069314e-08, 0.7085883617401123, 0.7056217193603516, 3.352760913344355e-08, -0.705622136592865, 0.7085888385772705),
            ["RightFoot"] = CFrame.new(-6.332993507385254e-08, 3.5762786865234375e-07, 1.20904587674886e-07, 0.9796447157859802, 0.19870337843894958, 0.02851734310388565, -0.14865513145923615, 0.8135756254196167, -0.5621352195739746, -0.13489964604377747, 0.5464538335800171, 0.8265535831451416),
            ["LeftLowerLeg"] = CFrame.new(4.7584762796759605e-08, 0.000003993511199951172, 0.000013440847396850586, 1, 5.033871985915539e-08, 1.8102586096802042e-08, -4.508183337748051e-08, 0.8285699486732483, 0.5598853230476379, 2.0838342607021332e-08, -0.5598856210708618, 0.8285701870918274),
        }},
        {Time = 0.067, Data = {
            ["LeftFoot"] = CFrame.new(2.3632310330867767e-08, 0, -3.67872416973114e-08, 0.9775424003601074, -0.07475164532661438, -0.19703547656536102, 0.08265344053506851, 0.9960587024688721, 0.032178059220314026, 0.19385381042957306, -0.04774105176329613, 0.9798682332038879),
            ["LeftLowerArm"] = CFrame.new(-0.0000012218952178955078, 0.00000286102294921875, 3.5762786865234375e-07, 1, -5.2154007335047936e-08, 3.725285324662764e-08, 3.259626168983232e-08, 0.8449792861938477, -0.5347991585731506, 2.980229751869956e-08, 0.5347991585731506, 0.8449791669845581),
            ["LowerTorso"] = CFrame.new(-0.09054308384656906, -0.2030043601989746, 0.07421286404132843, 0.9429519176483154, 0.04421526566147804, -0.32997995615005493, -0.037991635501384735, 0.9989580512046814, 0.025289149954915047, 0.33075425028800964, -0.011309976689517498, 0.9436492323875427),
            ["Head"] = CFrame.new(1.7695128917694092e-08, 1.1920928955078125e-07, 6.752088665962219e-09, 0.8741625547409058, -0.13091909885406494, 0.46765390038490295, 0.04547528922557831, 0.9808130860328674, 0.18957258760929108, -0.4834997057914734, -0.1444505751132965, 0.8633435964584351),
            ["RightUpperArm"] = CFrame.new(2.384185791015625e-07, 8.344650268554688e-07, 2.9802322387695312e-08, 0.9356521964073181, -0.3515976071357727, 0.030564025044441223, 0.35106760263442993, 0.9361047744750977, 0.0214350875467062, -0.036147601902484894, -0.009325772523880005, 0.9993030428886414),
            ["UpperTorso"] = CFrame.new(-3.166496753692627e-08, -4.470348358154297e-07, 2.60770320892334e-08, 0.988154411315918, -0.01099516823887825, -0.1530688852071762, 0.017748508602380753, 0.9989250302314758, 0.04282325133681297, 0.1524335741996765, -0.04503273218870163, 0.9872872233390808),
            ["HumanoidRootPart"] = CFrame.new(0, 0, 0, 1, 0, 0, 0, 1, 0, 0, 0, 1),
            ["RightHand"] = CFrame.new(-1.4901161193847656e-07, -1.1920928955078125e-07, -1.4901161193847656e-07, 0.9992058277130127, 0.03539402037858963, -0.01830228790640831, -0.03695719689130783, 0.9949215650558472, -0.09362317621707916, 0.014895593747496605, 0.094225212931633, 0.9954395294189453),
            ["LeftUpperArm"] = CFrame.new(-3.5762786865234375e-07, -1.1920928955078125e-07, 1.4901161193847656e-07, 0.9100984334945679, 0.3929699659347534, -0.13151220977306366, -0.3574577271938324, 0.9050187468528748, 0.2305757999420166, 0.2096303552389145, -0.16283659636974335, 0.9641262888908386),
            ["RightLowerArm"] = CFrame.new(-1.7881393432617188e-07, 1.7881393432617188e-07, 2.9802322387695312e-08, 1, -7.4505734914964705e-09, -7.450580596923828e-09, 5.215408194203519e-08, 0.9419986009597778, -0.3356170058250427, 0, 0.3356170058250427, 0.9419986009597778),
            ["LeftHand"] = CFrame.new(7.152557373046875e-07, 2.384185791015625e-07, -5.140900611877441e-07, 0.9781345129013062, -0.08657097071409225, -0.1890990138053894, 0.10012791305780411, 0.9929565787315369, 0.06333938986063004, 0.1822836995124817, -0.08088850975036621, 0.9799131155014038),
            ["RightUpperLeg"] = CFrame.new(2.384185791015625e-07, 3.4691765904426575e-07, -1.6952981241047382e-09, 0.9285203218460083, -0.3014160692691803, -0.2167913168668747, 0.24001173675060272, 0.9327796697616577, -0.26891714334487915, 0.2832745313644409, 0.1976625621318817, 0.9384481906890869),
            ["LeftUpperLeg"] = CFrame.new(-5.960464477539063e-08, -1.4586839824914932e-07, 4.0978193283081055e-08, 0.9436584711074829, 0.232462078332901, 0.23552121222019196, -0.034181736409664154, 0.7763789296150208, -0.629338800907135, -0.3291511833667755, 0.5858303904533386, 0.7405824661254883),
            ["RightLowerLeg"] = CFrame.new(-1.1175870895385742e-07, -0.0000035762786865234375, -0.000013290140486788005, 1, -1.4901166878189542e-07, -2.980232949312267e-08, 1.1548401346317405e-07, 0.66352379322052, 0.7481553554534912, -5.587936158235607e-08, -0.7481552362442017, 0.6635236740112305),
            ["RightFoot"] = CFrame.new(1.4901161193847656e-08, 3.5762786865234375e-07, 1.6596459317952394e-08, 0.9780852794647217, 0.20636382699012756, 0.027629857882857323, -0.15273723006248474, 0.8013532757759094, -0.5783634781837463, -0.14149455726146698, 0.5614686608314514, 0.8153111934661865),
            ["LeftLowerLeg"] = CFrame.new(-8.253846317529678e-08, 0.000004112720489501953, 0.000013057142496109009, 1, 4.754111415650186e-08, 2.4563636458196925e-08, -5.4365962398605916e-08, 0.8191945552825928, 0.5735160112380981, 1.1990779924531125e-08, -0.573515772819519, 0.819194495677948),
        }},
        {Time = 0.100, Data = {
            ["LeftFoot"] = CFrame.new(1.3969838619232178e-08, 5.960464477539063e-08, -9.452924132347107e-08, 0.978438675403595, -0.0689883753657341, -0.19467489421367645, 0.07902602851390839, 0.9958893060684204, 0.04426553100347519, 0.19082094728946686, -0.058695197105407715, 0.9798685312271118),
            ["LeftLowerArm"] = CFrame.new(-0.0000020265579223632812, 0.000003516674041748047, 2.384185791015625e-07, 1, -5.960460214282648e-08, 2.9802276202417488e-08, 6.239856986667291e-08, 0.8720801472663879, -0.4893631935119629, 7.450574912581942e-08, 0.4893631935119629, 0.8720800876617432),
            ["LowerTorso"] = CFrame.new(-0.10094521194696426, -0.21762895584106445, 0.0899328738451004, 0.9442662596702576, 0.06060473620891571, -0.32355576753616333, -0.053960010409355164, 0.99810791015625, 0.029476985335350037, 0.3247299790382385, -0.010375048965215683, 0.9457499384880066),
            ["Head"] = CFrame.new(3.166496753692627e-08, -1.1920928955078125e-07, -1.816079020500183e-08, 0.8755683302879333, -0.13530397415161133, 0.4637596011161804, 0.047643665224313736, 0.9794822335243225, 0.1958182007074356, -0.4807392358779907, -0.14935694634914398, 0.8640499114990234),
            ["RightUpperArm"] = CFrame.new(3.5762786865234375e-07, -3.5762786865234375e-07, 8.940696716308594e-08, 0.9326404333114624, -0.35756251215934753, 0.048279404640197754, 0.3556496202945709, 0.9335854053497314, 0.04395042732357979, -0.06078791618347168, -0.02381942793726921, 0.9978664517402649),
            ["UpperTorso"] = CFrame.new(7.450580596923828e-09, -3.5762786865234375e-07, 3.725290298461914e-09, 0.9881255626678467, -0.024516409263014793, -0.15168064832687378, 0.031114671379327774, 0.9986630082130432, 0.04128137230873108, 0.15046580135822296, -0.045510660856962204, 0.9875671863555908),
            ["HumanoidRootPart"] = CFrame.new(0, 0, 0, 1, 0, 0, 0, 1, 0, 0, 0, 1),
            ["RightHand"] = CFrame.new(1.7881393432617188e-07, -7.152557373046875e-07, -8.940696716308594e-08, 0.9990671873092651, 0.03383006155490875, -0.026836631819605827, -0.03668748959898949, 0.9927662014961243, -0.11432169377803802, 0.02277497760951519, 0.11519962549209595, 0.993081271648407),
            ["LeftUpperArm"] = CFrame.new(-3.5762786865234375e-07, -0.000001430511474609375, 8.940696716308594e-08, 0.9052479863166809, 0.3926590085029602, -0.16231121122837067, -0.358517050743103, 0.910926342010498, 0.20415402948856354, 0.2280164510011673, -0.1266186535358429, 0.9653891921043396),
            ["RightLowerArm"] = CFrame.new(-0.0000014603137969970703, 0, -8.940696716308594e-08, 1, -6.519253048509199e-08, 7.450578820566989e-09, 2.980233304583635e-08, 0.9451730847358704, -0.32656994462013245, 2.6077040971017595e-08, 0.3265700042247772, 0.9451730251312256),
            ["LeftHand"] = CFrame.new(-1.1920928955078125e-07, 1.1920928955078125e-07, -4.7124922275543213e-07, 0.9682057499885559, -0.08739475905895233, -0.23439225554466248, 0.11938094347715378, 0.9848302006721497, 0.12592719495296478, 0.21983122825622559, -0.14990538358688354, 0.963951587677002),
            ["RightUpperLeg"] = CFrame.new(2.384185791015625e-07, 5.599576979875565e-07, -2.4047039914876223e-08, 0.922110378742218, -0.32921895384788513, -0.20329131186008453, 0.2565411329269409, 0.9135096669197083, -0.31573286652565, 0.28965362906455994, 0.23898766934871674, 0.9268147349357605),
            ["LeftUpperLeg"] = CFrame.new(-1.1920928955078125e-07, 7.097260095179081e-07, 6.332993507385254e-08, 0.947130560874939, 0.21372678875923157, 0.23930040001869202, -0.012052008882164955, 0.7690086364746094, -0.6391251683235168, -0.32062211632728577, 0.6024505496025085, 0.730927050113678),
            ["RightLowerLeg"] = CFrame.new(2.2351741790771484e-08, -0.000003516674041748047, -0.000013349745131563395, 1, -1.043080928297968e-07, -2.23517560016262e-08, 1.3411046495548362e-07, 0.6120898127555847, 0.7907874584197998, -2.272427366278862e-07, -0.7907882332801819, 0.6120908260345459),
            ["RightFoot"] = CFrame.new(1.862645149230957e-08, 2.980232238769531e-07, 3.149762051180005e-08, 0.9774298071861267, 0.20954705774784088, 0.026853423565626144, -0.1523224264383316, 0.787102997303009, -0.5977172255516052, -0.14638648927211761, 0.5801370143890381, 0.8012571930885315),
            ["LeftLowerLeg"] = CFrame.new(1.2945383787155151e-07, 0.0000037550926208496094, 0.000013338401913642883, 1, 4.959293775641527e-08, 2.2351738238057806e-08, -2.8405338525772095e-08, 0.8180246353149414, 0.5751829147338867, 1.7229467630386353e-08, -0.5751832127571106, 0.818024754524231),
        }},
        {Time = 0.133, Data = {
            ["LeftFoot"] = CFrame.new(2.9336661100387573e-08, 5.960464477539063e-08, -7.35744833946228e-08, 0.9792741537094116, -0.0638657957315445, -0.19220636785030365, 0.08799882978200912, 0.9888954162597656, 0.11975918710231781, 0.18242371082305908, -0.13419105112552643, 0.9740198254585266),
            ["LeftLowerArm"] = CFrame.new(-0.0000013113021850585938, 0.0000033974647521972656, 1.1920928955078125e-07, 1, -6.705515431804088e-08, -1.4901136324851905e-08, 6.519251627423728e-08, 0.8841275572776794, -0.46724560856819153, 0, 0.46724557876586914, 0.8841275572776794),
            ["LowerTorso"] = CFrame.new(-0.10109452158212662, -0.2196979522705078, 0.09570474922657013, 0.9524350762367249, 0.0758330374956131, -0.29515570402145386, -0.06806481629610062, 0.9970122575759888, 0.03652023896574974, 0.2970432937145233, -0.014693436212837696, 0.9547510147094727),
            ["Head"] = CFrame.new(1.862645149230957e-08, 0, -2.7939677238464355e-08, 0.883108377456665, -0.1308450698852539, 0.4505544900894165, 0.05142145976424217, 0.9815320372581482, 0.18425725400447845, -0.4663428068161011, -0.13955086469650269, 0.8735273480415344),
            ["RightUpperArm"] = CFrame.new(2.384185791015625e-07, 5.960464477539062e-07, 5.960464477539063e-08, 0.9335849285125732, -0.35670170187950134, 0.0343959704041481, 0.35514238476753235, 0.9337664246559143, 0.04420533403754234, -0.04788588359951973, -0.029054000973701477, 0.9984302520751953),
            ["UpperTorso"] = CFrame.new(-1.1175870895385742e-08, -5.364418029785156e-07, -7.450580596923828e-09, 0.9867660403251648, -0.03429804742336273, -0.1584818810224533, 0.04175388440489769, 0.9981605410575867, 0.043956924229860306, 0.15668271481990814, -0.04999241605401039, 0.9863830208778381),
            ["HumanoidRootPart"] = CFrame.new(0, 0, 0, 1, 0, 0, 0, 1, 0, 0, 0, 1),
            ["RightHand"] = CFrame.new(-1.7881393432617188e-07, -2.384185791015625e-07, -2.682209014892578e-07, 0.9971087574958801, 0.07183538377285004, -0.024777811020612717, -0.07297211140394211, 0.9961532354354858, -0.04851636663079262, 0.021197395399212837, 0.05018419027328491, 0.9985150098800659),
            ["LeftUpperArm"] = CFrame.new(-3.5762786865234375e-07, -0.0000010728836059570312, 1.1920928955078125e-07, 0.8965535759925842, 0.3962773382663727, -0.19787871837615967, -0.36370018124580383, 0.913611114025116, 0.18176108598709106, 0.252811998128891, -0.09099000692367554, 0.9632273316383362),
            ["RightLowerArm"] = CFrame.new(-7.152557373046875e-07, -2.384185791015625e-07, 1.4901161193847656e-07, 1, -2.5611353038357265e-08, -7.450578820566989e-09, 2.980233304583635e-08, 0.9569648504257202, -0.2902039885520935, -7.450583261459087e-09, 0.2902039885520935, 0.9569648504257202),
            ["LeftHand"] = CFrame.new(5.960464477539063e-08, 3.5762786865234375e-07, -5.960464477539062e-07, 0.9627131223678589, -0.08761406689882278, -0.255944162607193, 0.13028520345687866, 0.9793142080307007, 0.1548212319612503, 0.23708517849445343, -0.1823941320180893, 0.9542133808135986),
            ["RightUpperLeg"] = CFrame.new(2.384185791015625e-07, 2.7101486921310425e-07, -3.149762051180005e-08, 0.9087004661560059, -0.350810170173645, -0.22626379132270813, 0.2682661712169647, 0.9060208797454834, -0.32735297083854675, 0.3198387622833252, 0.23676671087741852, 0.9174119830131531),
            ["LeftUpperLeg"] = CFrame.new(-1.1920928955078125e-07, 4.487810656428337e-08, 6.705522537231445e-08, 0.9575852751731873, 0.17904402315616608, 0.22577325999736786, 0.004919223953038454, 0.773255467414856, -0.6340755820274353, -0.28810805082321167, 0.6082919836044312, 0.7395773530006409),
            ["RightLowerLeg"] = CFrame.new(4.470348358154297e-08, -0.000003516674041748047, -0.000013200733519624919, 1, -1.0430809993522416e-07, -7.450584149637507e-08, 1.3783574104309082e-07, 0.5993789434432983, 0.8004648089408875, -5.21540641784668e-08, -0.8004654049873352, 0.5993797779083252),
            ["RightFoot"] = CFrame.new(-2.60770320892334e-08, 3.5762786865234375e-07, 1.6596459317952394e-08, 0.9771319627761841, 0.21192467212677002, 0.017353856936097145, -0.1578972488641739, 0.7778371572494507, -0.6083068251609802, -0.1424141228199005, 0.5916565656661987, 0.793512225151062),
            ["LeftLowerLeg"] = CFrame.new(1.0523945093154907e-07, 0.000003814697265625, 0.000013329088687896729, 1, 2.7357597076616003e-08, 1.769513069405093e-08, -4.0046874261179255e-08, 0.8484196662902832, 0.5293238759040833, 1.1641533959050321e-08, -0.5293240547180176, 0.8484199047088623),
        }},
        {Time = 0.167, Data = {
            ["LeftFoot"] = CFrame.new(3.259629011154175e-08, 5.960464477539063e-08, 9.685754776000977e-08, 0.9803719520568848, -0.05604969337582588, -0.18902190029621124, 0.09944236278533936, 0.9684281945228577, 0.22860048711299896, 0.1702413409948349, -0.24291032552719116, 0.954993486404419),
            ["LeftLowerArm"] = CFrame.new(-0.000001996755599975586, 0.0000023245811462402344, 3.5762786865234375e-07, 1, -9.685747670573619e-08, 7.450569938782792e-08, 7.72997097442385e-08, 0.8642600774765015, -0.503045380115509, -2.980229751869956e-08, 0.503045380115509, 0.8642599582672119),
            ["LowerTorso"] = CFrame.new(-0.09852427244186401, -0.20450878143310547, 0.08066263794898987, 0.9667596817016602, 0.08396779745817184, -0.24150635302066803, -0.07528036087751389, 0.9961467981338501, 0.044993653893470764, 0.24435381591320038, -0.025317367166280746, 0.9693556427955627),
            ["Head"] = CFrame.new(1.4901161193847656e-08, 0, -3.725290298461914e-08, 0.898377001285553, -0.11231810599565506, 0.4246215224266052, 0.05614549294114113, 0.9881865978240967, 0.14260095357894897, -0.435621976852417, -0.10426880419254303, 0.8940702080726624),
            ["RightUpperArm"] = CFrame.new(2.384185791015625e-07, 4.76837158203125e-07, 8.940696716308594e-08, 0.9338277578353882, -0.3574112355709076, 0.014930378645658493, 0.35725563764572144, 0.9339280128479004, 0.012128535658121109, -0.018278833478689194, -0.005991973914206028, 0.9998149871826172),
            ["UpperTorso"] = CFrame.new(-3.725290298461914e-08, -1.4901161193847656e-07, 2.60770320892334e-08, 0.9844487309455872, -0.03484772890806198, -0.1721808761358261, 0.04489636793732643, 0.9974866509437561, 0.05481477081775665, 0.1698380410671234, -0.06169261410832405, 0.9835391044616699),
            ["HumanoidRootPart"] = CFrame.new(0, 0, 0, 1, 0, 0, 0, 1, 0, 0, 0, 1),
            ["RightHand"] = CFrame.new(-7.450580596923828e-08, -1.1920928955078125e-07, -1.7881393432617188e-07, 0.9890429377555847, 0.14598043262958527, -0.021995211020112038, -0.14423471689224243, 0.9872845411300659, 0.06682489067316055, 0.0314706489443779, -0.0629202127456665, 0.9975222945213318),
            ["LeftUpperArm"] = CFrame.new(-2.384185791015625e-07, -0.0000011920928955078125, 5.960464477539063e-08, 0.8925044536590576, 0.39783844351768494, -0.2125098556280136, -0.36883801221847534, 0.9149454832077026, 0.16380879282951355, 0.2596043050289154, -0.06781838834285736, 0.963330864906311),
            ["RightLowerArm"] = CFrame.new(-4.172325134277344e-07, 5.960464477539062e-07, 1.4901161193847656e-07, 1, -4.377213613793174e-08, 2.607702498380604e-08, 1.4901166522918174e-08, 0.9582103490829468, -0.2860645651817322, 1.8626458597736928e-08, 0.28606459498405457, 0.9582103490829468),
            ["LeftHand"] = CFrame.new(5.364418029785156e-07, -1.1920928955078125e-07, -4.4330954551696777e-07, 0.9738404750823975, -0.0809466764330864, -0.21232633292675018, 0.11297867447137833, 0.9832028150558472, 0.14334648847579956, 0.1971563994884491, -0.163584902882576, 0.9666278958320618),
            ["RightUpperLeg"] = CFrame.new(2.384185791015625e-07, -2.7939677238464355e-09, 5.75528247281909e-09, 0.8841860890388489, -0.3606012761592865, -0.2969534397125244, 0.2774047255516052, 0.9167877435684204, -0.28731033205986023, 0.37584805488586426, 0.17165935039520264, 0.9106433987617493),
            ["LeftUpperLeg"] = CFrame.new(-1.1920928955078125e-07, -2.2514723241329193e-07, 8.195638656616211e-08, 0.9736664295196533, 0.13636499643325806, 0.1826973408460617, 0.014103367924690247, 0.7638195753097534, -0.645275890827179, -0.2275409996509552, 0.6308599710464478, 0.7417821288108826),
            ["RightLowerLeg"] = CFrame.new(-1.4901161193847656e-08, -0.000003814697265625, -0.000013275239325594157, 1, -7.450577754752885e-08, -4.470348358154297e-08, 1.1920930376163597e-07, 0.6486432552337646, 0.7610920071601868, 7.450581485102248e-09, -0.7610926032066345, 0.648643970489502),
            ["RightFoot"] = CFrame.new(3.725290298461914e-08, 4.172325134277344e-07, 6.129994289949536e-08, 0.9752188920974731, 0.2211971879005432, 0.004478056449443102, -0.174062117934227, 0.7795888185501099, -0.6016170978546143, -0.13656745851039886, 0.5859293937683105, 0.7987721562385559),
            ["LeftLowerLeg"] = CFrame.new(-4.842877388000488e-08, 0.0000036954879760742188, 0.000013306736946105957, 1, 4.330649971961975e-08, 9.313226634333205e-09, -2.60770320892334e-08, 0.8685160279273987, 0.49566105008125305, 1.6763806343078613e-08, -0.495661199092865, 0.8685161471366882),
        }},
        {Time = 0.200, Data = {
            ["LeftFoot"] = CFrame.new(-2.60770320892334e-08, 0, 5.587935447692871e-08, 0.9815422296524048, -0.05296196788549423, -0.183766171336174, 0.10855261981487274, 0.9453867077827454, 0.3073441684246063, 0.15745247900485992, -0.32161945104599, 0.9336860775947571),
            ["LeftLowerArm"] = CFrame.new(-0.000001341104507446289, 0.0000023245811462402344, 5.960464477539063e-08, 1, -1.490115053570662e-08, -7.450571715139631e-09, 7.916238331517889e-08, 0.8092730641365051, -0.5874326825141907, -2.9802308176840597e-08, 0.5874326825141907, 0.8092730641365051),
            ["LowerTorso"] = CFrame.new(-0.09192942082881927, -0.1780991554260254, 0.048327986150979996, 0.9837313294410706, 0.05095656216144562, -0.17226751148700714, -0.04192666709423065, 0.99756920337677, 0.05565831437706947, 0.17468491196632385, -0.04753022640943527, 0.9834765195846558),
            ["Head"] = CFrame.new(7.450580596923828e-09, 3.5762786865234375e-07, 6.51925802230835e-09, 0.9183495044708252, -0.087439626455307, 0.38599053025245667, 0.06080320477485657, 0.9948813319206238, 0.08071044832468033, -0.3910720646381378, -0.05065089464187622, 0.9189652800559998),
            ["RightUpperArm"] = CFrame.new(2.384185791015625e-07, 2.384185791015625e-07, 5.960464477539063e-08, 0.928491473197937, -0.37074142694473267, 0.02131749875843525, 0.37134721875190735, 0.9266023635864258, -0.05923935025930405, 0.002209633821621537, 0.06291946023702621, 0.9980161786079407),
            ["UpperTorso"] = CFrame.new(7.916241884231567e-09, -4.470348358154297e-07, 9.313225746154785e-10, 0.9830852746963501, 0.00772414356470108, -0.18298572301864624, 0.006832140032202005, 0.9968681931495667, 0.07878509163856506, 0.18302126228809357, -0.07870262116193771, 0.9799536466598511),
            ["HumanoidRootPart"] = CFrame.new(0, 0, 0, 1, 0, 0, 0, 1, 0, 0, 0, 1),
            ["RightHand"] = CFrame.new(-4.246830940246582e-07, -3.5762786865234375e-07, -2.682209014892578e-07, 0.9764335751533508, 0.21495862305164337, -0.019240347668528557, -0.21006840467453003, 0.9670771360397339, 0.14364217221736908, 0.04948399215936661, -0.13621528446674347, 0.9894426465034485),
            ["LeftUpperArm"] = CFrame.new(-2.384185791015625e-07, -0.0000011920928955078125, 8.940696716308594e-08, 0.9013147354125977, 0.38713598251342773, -0.19431300461292267, -0.3679736256599426, 0.9209761619567871, 0.1280561238527298, 0.22853271663188934, -0.04391679912805557, 0.9725452661514282),
            ["RightLowerArm"] = CFrame.new(-0.0000010728836059570312, 7.152557373046875e-07, 1.341104507446289e-07, 1, 3.7252863016590254e-09, 0, 5.587936158235607e-08, 0.9332952499389648, -0.35911017656326294, -2.421439049271612e-08, 0.35911017656326294, 0.9332951307296753),
            ["LeftHand"] = CFrame.new(4.172325134277344e-07, 0, -4.172325134277344e-07, 0.9928058981895447, -0.06353376805782318, -0.10148949176073074, 0.07455674558877945, 0.9912642240524292, 0.10879591852426529, 0.09369052946567535, -0.11557993292808533, 0.9888697266578674),
            ["RightUpperLeg"] = CFrame.new(2.384185791015625e-07, -3.213062882423401e-08, -4.639878170564771e-08, 0.860275387763977, -0.2958835959434509, -0.4151853322982788, 0.250068724155426, 0.9545588493347168, -0.16212163865566254, 0.44428813457489014, 0.0356442928314209, 0.8951746821403503),
            ["LeftUpperLeg"] = CFrame.new(-1.7881393432617188e-07, -4.819594323635101e-08, 5.587935447692871e-08, 0.9884606599807739, 0.11690139025449753, 0.0963304191827774, -0.021484171971678734, 0.737702488899231, -0.6747841238975525, -0.1499464213848114, 0.6649278402328491, 0.7317013740539551),
            ["RightLowerLeg"] = CFrame.new(-8.940696716308594e-08, -0.000003993511199951172, -0.0000133199428091757, 1, 0, -1.1920930376163597e-07, 8.940694584680386e-08, 0.7819669246673584, 0.6233192086219788, 9.313223969797946e-09, -0.6233198642730713, 0.7819675803184509),
            ["RightFoot"] = CFrame.new(-5.21540641784668e-08, 3.5762786865234375e-07, 3.149762051180005e-08, 0.9725728631019592, 0.23259760439395905, -0.0007367029320448637, -0.19421441853046417, 0.8103281855583191, -0.5528548955917358, -0.12799613177776337, 0.5378352403640747, 0.8332772850990295),
            ["LeftLowerLeg"] = CFrame.new(-9.778887033462524e-08, 0.000003874301910400391, 0.000013321638107299805, 1, 3.3993277526178645e-08, 1.7695125364980413e-08, -2.2351738238057806e-08, 0.87033611536026, 0.4924580752849579, 5.587934559514451e-09, -0.492458313703537, 0.8703362941741943),
        }},
        {Time = 0.233, Data = {
            ["LeftFoot"] = CFrame.new(8.009374141693115e-08, 0, -2.7939677238464355e-08, 0.9886364340782166, -0.05408688634634018, -0.14025968313217163, 0.09720949828624725, 0.9417202472686768, 0.322045236825943, 0.11466696113348007, -0.33202052116394043, 0.9362767934799194),
            ["LeftLowerArm"] = CFrame.new(-0.0000014901161193847656, 0.0000018477439880371094, 1.1920928955078125e-07, 1, -4.470345515983354e-08, 1.4901141653922423e-08, 8.195635814445268e-08, 0.7229067087173462, -0.6909456253051758, 5.21540464148984e-08, 0.6909456253051758, 0.7229067087173462),
            ["LowerTorso"] = CFrame.new(-0.0787818506360054, -0.13321256637573242, 0.0062110330909490585, 0.9947660565376282, -0.02497837133705616, -0.09907898306846619, 0.0319293737411499, 0.99709153175354, 0.0692027136683464, 0.09706223756074905, -0.0720040425658226, 0.9926703572273254),
            ["Head"] = CFrame.new(1.862645149230957e-08, 1.1920928955078125e-07, -7.916241884231567e-08, 0.9389585852622986, -0.06374486535787582, 0.33807313442230225, 0.0637722760438919, 0.9979034066200256, 0.011038138531148434, -0.3380679488182068, 0.011195344850420952, 0.941055178642273),
            ["RightUpperArm"] = CFrame.new(4.76837158203125e-07, 2.384185791015625e-07, -1.1175870895385742e-08, 0.9204393625259399, -0.3855941593647003, 0.06409933418035507, 0.39087557792663574, 0.9067816138267517, -0.15799792110919952, 0.002798959845677018, 0.1704823523759842, 0.985356867313385),
            ["UpperTorso"] = CFrame.new(-1.5599653124809265e-08, -3.5762786865234375e-07, 2.7939677238464355e-08, 0.9789485931396484, 0.09191902726888657, -0.18223810195922852, -0.07203174382448196, 0.990991473197937, 0.112904854118824, 0.19097451865673065, -0.09740108996629715, 0.9767506122589111),
            ["HumanoidRootPart"] = CFrame.new(0, 0, 0, 1, 0, 0, 0, 1, 0, 0, 0, 1),
            ["RightHand"] = CFrame.new(-1.3969838619232178e-08, 1.7881393432617188e-07, -3.427267074584961e-07, 0.9383924007415771, 0.2596167325973511, 0.22807654738426208, -0.27900466322898865, 0.9586111307144165, 0.056754447519779205, -0.20390233397483826, -0.11689233779907227, 0.9719876646995544),
            ["LeftUpperArm"] = CFrame.new(-2.384185791015625e-07, -0.0000011920928955078125, 0, 0.9229258298873901, 0.36539244651794434, -0.12122837454080582, -0.35761621594429016, 0.9303094744682312, 0.08145591616630554, 0.14254333078861237, -0.03182453662157059, 0.9892768263816833),
            ["RightLowerArm"] = CFrame.new(-5.662441253662109e-07, -1.7881393432617188e-07, 8.940696716308594e-08, 1, -7.450576333667414e-08, 2.60770232074492e-08, 1.8626458597736928e-08, 0.8735758066177368, -0.48668813705444336, 2.37487345344789e-08, 0.48668813705444336, 0.873575747013092),
            ["LeftHand"] = CFrame.new(0, 5.960464477539062e-07, -4.76837158203125e-07, 0.997854471206665, -0.03791205957531929, 0.05337859317660332, 0.035292766988277435, 0.9981659650802612, 0.049185480922460556, -0.05514536798000336, -0.04719601944088936, 0.9973623156547546),
            ["RightUpperLeg"] = CFrame.new(3.5762786865234375e-07, 2.0954757928848267e-07, -1.287116901949048e-08, 0.8399223685264587, -0.12669901549816132, -0.5277098417282104, 0.19227464497089386, 0.9787667393684387, 0.07103707641363144, 0.5075046420097351, -0.16113066673278809, 0.8464491367340088),
            ["LeftUpperLeg"] = CFrame.new(-1.7881393432617188e-07, -1.1874362826347351e-08, 5.587935447692871e-08, 0.991233229637146, 0.1320960819721222, 0.002702932106330991, -0.09129802882671356, 0.6995899081230164, -0.7086881399154663, -0.09550586342811584, 0.7022283673286438, 0.7055167555809021),
            ["RightLowerLeg"] = CFrame.new(4.470348358154297e-08, -0.0000035762786865234375, -0.000013178381777834147, 1, 0, -4.470348358154297e-08, 2.9802322387695312e-08, 0.9559550881385803, 0.29351282119750977, 3.91155481338501e-08, -0.29351314902305603, 0.9559551477432251),
            ["RightFoot"] = CFrame.new(-1.4901161193847656e-08, 3.5762786865234375e-07, 6.129994289949536e-08, 0.9670988917350769, 0.2530747056007385, 0.025945136323571205, -0.227284237742424, 0.9053267240524292, -0.35878294706344604, -0.11428777128458023, 0.34108173847198486, 0.933060348033905),
            ["LeftLowerLeg"] = CFrame.new(8.42846930027008e-08, 0.000003993511199951172, 0.000013433396816253662, 1, 5.2154071283894154e-08, 1.1175872671742582e-08, -5.21540641784668e-08, 0.8424400687217712, 0.538790225982666, 1.4901161193847656e-08, -0.5387901663780212, 0.8424400687217712),
        }},
        {Time = 0.267, Data = {
            ["LeftFoot"] = CFrame.new(-5.774199962615967e-08, -2.384185791015625e-07, -4.0978193283081055e-08, 0.9963763952255249, -0.06378867477178574, -0.056260328739881516, 0.07737942785024643, 0.9544192552566528, 0.28826451301574707, 0.03530796989798546, -0.29157328605651855, 0.9558966755867004),
            ["LeftLowerArm"] = CFrame.new(-8.344650268554688e-07, 0.0000027418136596679688, 5.364418029785156e-07, 1, -5.215402865133001e-08, -2.9802293965985882e-08, 8.568162712663252e-08, 0.6166518926620483, -0.7872359156608582, 2.235172757991677e-08, 0.7872359752655029, 0.6166518330574036),
            ["LowerTorso"] = CFrame.new(-0.06056332215666771, -0.07977914810180664, -0.03786242753267288, 0.9939467906951904, -0.10284881293773651, -0.038624681532382965, 0.10579876601696014, 0.9908110499382019, 0.08426234126091003, 0.02960347943007946, -0.08783873170614243, 0.9956947565078735),
            ["Head"] = CFrame.new(2.2351741790771484e-08, -1.1920928955078125e-07, 2.0489096641540527e-08, 0.956583559513092, -0.0441049300134182, 0.28810203075408936, 0.06338296085596085, 0.9963067173957825, -0.05792752653360367, -0.2844831347465515, 0.07367325574159622, 0.9558460116386414),
            ["RightUpperArm"] = CFrame.new(3.5762786865234375e-07, 3.5762786865234375e-07, -7.450580596923828e-09, 0.9133087992668152, -0.3834186792373657, 0.13732226192951202, 0.40688779950141907, 0.8735902905464172, -0.26698780059814453, -0.017595285549759865, 0.2997170388698578, 0.9538659453392029),
            ["UpperTorso"] = CFrame.new(-3.259629011154175e-09, -2.384185791015625e-07, 1.0710209608078003e-08, 0.9709555506706238, 0.17359285056591034, -0.16465385258197784, -0.15036673843860626, 0.9780253767967224, 0.14441676437854767, 0.18610532581806183, -0.11546377837657928, 0.9757217764854431),
            ["HumanoidRootPart"] = CFrame.new(0, 0, 0, 1, 0, 0, 0, 1, 0, 0, 0, 1),
            ["RightHand"] = CFrame.new(1.4901161193847656e-08, -1.7881393432617188e-07, -1.7881393432617188e-07, 0.880288302898407, 0.2695557773113251, 0.39042574167251587, -0.27935338020324707, 0.9596318006515503, -0.032689500600099564, -0.3834765553474426, -0.08029061555862427, 0.9200539588928223),
            ["LeftUpperArm"] = CFrame.new(-3.5762786865234375e-07, -0.0000019073486328125, 1.9371509552001953e-07, 0.939376950263977, 0.34239646792411804, -0.01832110621035099, -0.3411489427089691, 0.9386541843414307, 0.05045490711927414, 0.03447279334068298, -0.041145943105220795, 0.9985582828521729),
            ["RightLowerArm"] = CFrame.new(-0.0000013113021850585938, 2.384185791015625e-07, 1.4156103134155273e-07, 1, -5.215403220404369e-08, 1.4901155864777138e-08, 3.632159462085838e-08, 0.7689826488494873, -0.6392695903778076, 3.1664978195067306e-08, 0.6392697691917419, 0.7689827084541321),
            ["LeftHand"] = CFrame.new(3.2782554626464844e-07, 0, -4.76837158203125e-07, 0.9743179082870483, -0.007348263636231422, 0.2250571995973587, 0.01437395066022873, 0.9994586110115051, -0.029594993218779564, -0.224717915058136, 0.03206995874643326, 0.9738960862159729),
            ["RightUpperLeg"] = CFrame.new(4.172325134277344e-07, 2.9848888516426086e-07, -5.198671715334058e-08, 0.8221858739852905, 0.027124183252453804, -0.5685725808143616, 0.14391271770000458, 0.9565076231956482, 0.2537364363670349, 0.5507263541221619, -0.2904435694217682, 0.7825234532356262),
