return {
    ["Jabba Switchway"] = {
        {Time = 0.000, Data = {
            ["LeftFoot"] = CFrame.new(-6.705522537231445e-08, 0, 1.4901161193847656e-08, 0.9503910541534424, -0.27210092544555664, 0.15072523057460785, 0.31097790598869324, 0.8421362042427063, -0.4405677914619446, -0.0070519279688596725, 0.4655831456184387, 0.8849756717681885),
            ["LeftLowerArm"] = CFrame.new(0.0000010728836059570312, -5.960464477539063e-08, -6.854534149169922e-07, 1, -1.4901170075631853e-08, 5.5879372240497105e-09, 7.4505797087454084e-09, 0.9786490797996521, -0.20553849637508392, 0, 0.20553846657276154, 0.9786490797996521),
            ["LowerTorso"] = CFrame.new(0.23401916027069092, -0.11132967472076416, 0.26495665311813354, 0.7762523293495178, -0.1160343661904335, -0.6196518540382385, 0.14008672535419464, 0.9900896549224854, -0.009911659173667431, 0.6146609783172607, -0.07911103963851929, 0.7848142385482788),
            ["Head"] = CFrame.new(-6.705522537231445e-07, 5.960464477539062e-07, 3.5762786865234375e-07, 0.8541098237037659, 0.19883091747760773, 0.4805856943130493, 0.03172430768609047, 0.9024006724357605, -0.42972859740257263, -0.5191242694854736, 0.38228172063827515, 0.7644414901733398),
            ["RightUpperArm"] = CFrame.new(0, 4.76837158203125e-07, 2.9802322387695312e-08, 0.9048578143119812, -0.2959281802177429, -0.30603763461112976, 0.376288503408432, 0.8921740651130676, 0.24986514449119568, 0.19909675419330597, -0.34125086665153503, 0.918644905090332),
            ["UpperTorso"] = CFrame.new(-4.470348358154297e-08, -1.4901161193847656e-07, 3.166496753692627e-08, 0.9954691529273987, -0.04825462028384209, 0.08193237334489822, 0.06408164650201797, 0.9770494699478149, -0.20314525067806244, -0.0702490508556366, 0.20747506618499756, 0.9757146835327148),
            ["HumanoidRootPart"] = CFrame.new(0, 0, 0, 1, 0, 0, 0, 1, 0, 0, 0, 1),
            ["RightHand"] = CFrame.new(-2.980232238769531e-07, -9.5367431640625e-07, -2.9802322387695312e-08, 0.9624736309051514, 0.2652775049209595, -0.05720437318086624, -0.26774993538856506, 0.8939380645751953, -0.35942283272743225, -0.04420965909957886, 0.3612514138221741, 0.9314197897911072),
            ["LeftUpperArm"] = CFrame.new(1.1920928955078125e-07, -0.0000016689300537109375, 5.960464477539063e-08, 0.20371638238430023, 0.7928955554962158, 0.5742964744567871, -0.8068110942840576, 0.46824461221694946, -0.3602815568447113, -0.5545769333839417, -0.38995349407196045, 0.7351059913635254),
            ["RightLowerArm"] = CFrame.new(-0.000001430511474609375, 7.748603820800781e-07, -7.236376404762268e-07, 1, -1.4808034620727994e-07, 1.4901155864777138e-08, 8.940699558479537e-08, -0.013663480058312416, -0.9999066591262817, 3.492461075893516e-08, 0.9999067187309265, -0.013663518242537975),
            ["LeftHand"] = CFrame.new(8.791685104370117e-07, -2.980232238769531e-07, 2.7567148208618164e-07, 0.9975464344024658, 0.04816315323114395, 0.05080840364098549, -0.04533223807811737, 0.997430682182312, -0.055470872670412064, -0.053349368274211884, 0.0530315563082695, 0.9971668124198914),
            ["RightUpperLeg"] = CFrame.new(2.980232238769531e-07, -5.960464477539062e-07, 2.438173396512866e-08, 0.9686762094497681, -0.08656638860702515, -0.23275037109851837, -0.02579059638082981, 0.897133469581604, -0.4410063326358795, 0.24698469042778015, 0.433195024728775, 0.8667991757392883),
            ["LeftUpperLeg"] = CFrame.new(-1.1920928955078125e-07, 2.2584572434425354e-08, 1.30385160446167e-08, 0.8668790459632874, 0.4187084138393402, 0.2705613672733307, -0.38903486728668213, 0.9075657725334167, -0.15803973376750946, -0.3117252588272095, 0.03174339234828949, 0.9496421217918396),
            ["RightLowerLeg"] = CFrame.new(1.1920928955078125e-07, -0.0000036954879760742188, -0.000013200733519624919, 1, -4.842878098543224e-08, -1.6763804921993142e-07, 6.70552182668871e-08, 0.7825686931610107, 0.6225641965866089, 1.862644971595273e-08, -0.6225642561912537, 0.7825687527656555),
            ["RightFoot"] = CFrame.new(5.960464477539063e-08, 2.980232238769531e-07, 2.032174961641431e-08, 0.9916043877601624, 0.09597564488649368, 0.0866568312048912, -0.05143872648477554, 0.9076248407363892, -0.41661903262138367, -0.11863705515861511, 0.40866371989250183, 0.9049416184425354),
            ["LeftLowerLeg"] = CFrame.new(-5.21540641784668e-08, 0.0000045299530029296875, 0.00001344829797744751, 1, 2.9802315282267955e-08, 0, -5.2154071283894154e-08, 0.7615000605583191, 0.6481653451919556, 4.842878098543224e-08, -0.6481648087501526, 0.7614997029304504),
        }},
        {Time = 0.033, Data = {
            ["LeftFoot"] = CFrame.new(8.195638656616211e-08, 5.960464477539063e-08, -2.9802322387695312e-08, 0.9429292678833008, -0.2869158089160919, 0.16900885105133057, 0.3318394720554352, 0.8518510460853577, -0.40525633096694946, -0.027695225551724434, 0.4382113516330719, 0.8984450101852417),
            ["LeftLowerArm"] = CFrame.new(2.384185791015625e-07, 3.5762786865234375e-07, -5.811452865600586e-07, 1, -1.4901171851988693e-08, 1.3969840395589017e-08, -1.4901162970204496e-08, 0.9783430099487305, -0.20699051022529602, 1.4901162970204496e-08, 0.2069905698299408, 0.9783430099487305),
            ["LowerTorso"] = CFrame.new(0.27533671259880066, -0.10000860691070557, 0.24265709519386292, 0.772363543510437, -0.1308695673942566, -0.6215527057647705, 0.13939295709133148, 0.9896130561828613, -0.03515097126364708, 0.619696855545044, -0.059490736573934555, 0.7825833559036255),
            ["Head"] = CFrame.new(-5.364418029785156e-07, -1.1920928955078125e-07, 2.384185791015625e-07, 0.8551548719406128, 0.17730052769184113, 0.48710837960243225, 0.020948512479662895, 0.9271000623703003, -0.37422817945480347, -0.5179491639137268, 0.3302272856235504, 0.789099931716919),
            ["RightUpperArm"] = CFrame.new(2.384185791015625e-07, 3.5762786865234375e-07, -5.960464477539063e-08, 0.9763972759246826, -0.20154011249542236, -0.07765237987041473, 0.2145005166530609, 0.9468998908996582, 0.23952056467533112, 0.02525610476732254, -0.25052371621131897, 0.9677809476852417),
            ["UpperTorso"] = CFrame.new(-8.940696716308594e-08, -2.980232238769531e-07, 9.313225746154785e-08, 0.9937060475349426, -0.039031416177749634, 0.10500041395425797, 0.06412778049707413, 0.96675705909729, -0.2475249320268631, -0.0918482095003128, 0.25270023941993713, 0.9631752371788025),
            ["HumanoidRootPart"] = CFrame.new(0, 0, 0, 1, 0, 0, 0, 1, 0, 0, 0, 1),
            ["RightHand"] = CFrame.new(0, -7.748603820800781e-07, -2.384185791015625e-07, 0.9689057469367981, 0.23019075393676758, -0.09074098616838455, -0.24730922281742096, 0.9124231338500977, -0.32607102394104004, 0.007735638879239559, 0.33837318420410156, 0.9409802556037903),
            ["LeftUpperArm"] = CFrame.new(3.5762786865234375e-07, -8.344650268554688e-07, -1.4901161193847656e-07, 0.22623005509376526, 0.8094273805618286, 0.5418922305107117, -0.8281590938568115, 0.4527064263820648, -0.33046862483024597, -0.5128085613250732, -0.37401100993156433, 0.7727504372596741),
            ["RightLowerArm"] = CFrame.new(-0.000001430511474609375, 6.556510925292969e-07, -2.980232238769531e-07, 1, -1.7881399116959074e-07, 1.1175868053214799e-07, 1.2665991278026922e-07, 0.2842096984386444, -0.9587622284889221, -2.7939687896605392e-08, 0.9587622284889221, 0.28420963883399963),
            ["LeftHand"] = CFrame.new(-1.1920928955078125e-07, 1.1920928955078125e-07, 2.980232238769531e-07, 0.9969639778137207, 0.06477261334657669, 0.043212149292230606, -0.0618753582239151, 0.9959444999694824, -0.06531523168087006, -0.04726753756403923, 0.06244320794939995, 0.9969286918640137),
            ["RightUpperLeg"] = CFrame.new(5.960464477539063e-08, -9.723007678985596e-07, 2.438173396512866e-08, 0.972676694393158, -0.04022650048136711, -0.22865216434001923, -0.02334696799516678, 0.962934136390686, -0.2687247097492218, 0.23098719120025635, 0.2667204737663269, 0.9356843829154968),
            ["LeftUpperLeg"] = CFrame.new(-1.1920928955078125e-07, -1.7508864402770996e-07, 8.568167686462402e-08, 0.8684560656547546, 0.41182154417037964, 0.2760193347930908, -0.4078037738800049, 0.9100133776664734, -0.07464520633220673, -0.28192242980003357, -0.047735851258039474, 0.9582491517066956),
            ["RightLowerLeg"] = CFrame.new(-2.9802322387695312e-08, -0.0000036954879760742188, -0.000013275239325594157, 1, -5.494803190231323e-08, -1.396983329016166e-08, 9.685754776000977e-08, 0.9000380039215088, 0.435811311006546, -6.332993507385254e-08, -0.43581143021583557, 0.9000380635261536),
            ["RightFoot"] = CFrame.new(-9.499490261077881e-08, 1.1920928955078125e-07, 1.6596459317952394e-08, 0.9942241907119751, 0.08334282040596008, 0.06761910766363144, -0.04364195838570595, 0.8895601630210876, -0.4547286927700043, -0.09804976731538773, 0.4491511583328247, 0.8880593776702881),
            ["LeftLowerLeg"] = CFrame.new(3.725290298461914e-08, 0.000004231929779052734, 0.0000135079026222229, 1, 4.470347292340193e-08, -2.9802308176840597e-08, -3.352760913344355e-08, 0.8063437342643738, 0.5914475917816162, 1.4901159417490817e-08, -0.5914472341537476, 0.8063434362411499),
        }},
        {Time = 0.067, Data = {
            ["LeftFoot"] = CFrame.new(2.2351741790771484e-08, 5.960464477539063e-08, 2.2351741790771484e-08, 0.9395677447319031, -0.2887782156467438, 0.18390117585659027, 0.3396514654159546, 0.8537082076072693, -0.39473992586135864, -0.04300495609641075, 0.43334680795669556, 0.9002004265785217),
            ["LeftLowerArm"] = CFrame.new(-2.086162567138672e-07, -7.748603820800781e-07, -2.421438694000244e-07, 1, -5.960467319710006e-08, 1.769513602312145e-08, 7.450580596923828e-09, 0.9774690866470337, -0.2110787034034729, 7.450580596923828e-09, 0.21107865869998932, 0.9774691462516785),
            ["LowerTorso"] = CFrame.new(0.30195352435112, -0.10086977481842041, 0.22339420020580292, 0.7692868113517761, -0.14316260814666748, -0.6226574778556824, 0.14084063470363617, 0.9885968565940857, -0.05329299718141556, 0.6231868863105774, -0.04669787362217903, 0.7806776165962219),
            ["Head"] = CFrame.new(-5.21540641784668e-07, 0, 1.7881393432617188e-07, 0.8532668352127075, 0.16300547122955322, 0.4953433573246002, 0.011585919186472893, 0.9437292814254761, -0.33051639795303345, -0.521345853805542, 0.28775766491889954, 0.8033642172813416),
            ["RightUpperArm"] = CFrame.new(1.1920928955078125e-07, -1.1920928955078125e-07, 2.9802322387695312e-08, 0.9853048920631409, -0.13668082654476166, 0.1024334654211998, 0.11871172487735748, 0.9791789650917053, 0.16466990113258362, -0.12280796468257904, -0.15009000897407532, 0.9810153841972351),
            ["UpperTorso"] = CFrame.new(5.960464477539063e-08, -1.1920928955078125e-07, 5.21540641784668e-08, 0.992304801940918, -0.027380647137761116, 0.12075425684452057, 0.060606058686971664, 0.9578374028205872, -0.2808462977409363, -0.10797278583049774, 0.286003440618515, 0.9521259069442749),
            ["HumanoidRootPart"] = CFrame.new(0, 0, 0, 1, 0, 0, 0, 1, 0, 0, 0, 1),
            ["RightHand"] = CFrame.new(-4.76837158203125e-07, -4.76837158203125e-07, -7.450580596923828e-09, 0.9788379669189453, 0.15664571523666382, -0.13167519867420197, -0.18911564350128174, 0.9382674694061279, -0.28963685035705566, 0.07817616313695908, 0.30840930342674255, 0.9480360150337219),
            ["LeftUpperArm"] = CFrame.new(3.5762786865234375e-07, -0.0000013113021850585938, -7.450580596923828e-08, 0.23873299360275269, 0.8231667876243591, 0.5151728391647339, -0.8400449752807617, 0.441203773021698, -0.3156956732273102, -0.4871664047241211, -0.35740140080451965, 0.796826958656311),
            ["RightLowerArm"] = CFrame.new(-8.940696716308594e-07, 1.1920928955078125e-07, -6.407499313354492e-07, 1, -5.960465898624534e-08, 8.940698137394065e-08, 7.4505820180093e-08, 0.5721991062164307, -0.82011479139328, 2.980232949312267e-08, 0.82011479139328, 0.5721992254257202),
            ["LeftHand"] = CFrame.new(1.341104507446289e-07, 1.7881393432617188e-07, -7.82310962677002e-08, 0.9965691566467285, 0.07842174917459488, 0.026457397267222404, -0.07606847584247589, 0.9938428401947021, -0.0805615559220314, -0.03261233866214752, 0.07827263325452805, 0.9963984489440918),
            ["RightUpperLeg"] = CFrame.new(2.980232238769531e-07, -5.271285772323608e-07, 8.026108844205737e-08, 0.9734761714935303, -0.035076215863227844, -0.22608354687690735, -0.021669946610927582, 0.9695991277694702, -0.24373772740364075, 0.22776012122631073, 0.24217185378074646, 0.9431214928627014),
            ["LeftUpperLeg"] = CFrame.new(1.4901161193847656e-07, 1.5832483768463135e-08, -1.862645149230957e-08, 0.8706987500190735, 0.4112429618835449, 0.26974499225616455, -0.41888201236724854, 0.9074963331222534, -0.03144329413771629, -0.2577238380908966, -0.08561376482248306, 0.9624183177947998),
            ["RightLowerLeg"] = CFrame.new(-1.4156103134155273e-07, -0.0000034570693969726562, -0.000013364646292757243, 1, -3.539026494081554e-08, -1.2014061212539673e-07, 9.685756197086448e-08, 0.896443247795105, 0.4431586265563965, -3.725290653733282e-08, -0.4431588053703308, 0.896443247795105),
            ["RightFoot"] = CFrame.new(2.7939677238464355e-08, 3.5762786865234375e-07, 6.502523319795728e-08, 0.9940004944801331, 0.08396511524915695, 0.0700923278927803, -0.043092772364616394, 0.8896467089653015, -0.454611599445343, -0.10052885115146637, 0.44886377453804016, 0.8879276514053345),
            ["LeftLowerLeg"] = CFrame.new(1.4901161193847656e-08, 0.000004351139068603516, 0.000013433396816253662, 1, 5.960463056453591e-08, -1.3411040811206476e-07, -1.4528632164001465e-07, 0.8137841820716858, 0.5811676979064941, 3.632158041000366e-08, -0.5811672210693359, 0.8137838244438171),
        }},
        {Time = 0.100, Data = {
            ["LeftFoot"] = CFrame.new(-3.725290298461914e-08, 0, 7.450580596923828e-09, 0.9395273327827454, -0.2802707254886627, 0.19681581854820251, 0.33762314915657043, 0.8543766736984253, -0.3950340747833252, -0.057437751442193985, 0.4375944435596466, 0.8973358869552612),
            ["LeftLowerArm"] = CFrame.new(4.172325134277344e-07, -5.364418029785156e-07, -6.258487701416016e-07, 1, -5.960467319710006e-08, -2.2351747119842003e-08, 0, 0.976082980632782, -0.21739830076694489, 2.9802322387695312e-08, 0.21739836037158966, 0.976082980632782),
            ["LowerTorso"] = CFrame.new(0.3207686245441437, -0.10408270359039307, 0.20431697368621826, 0.7667865753173828, -0.15593422949314117, -0.6226739883422852, 0.14524148404598236, 0.9870343804359436, -0.06832343339920044, 0.6252545714378357, -0.038048576563596725, 0.7794928550720215),
            ["Head"] = CFrame.new(-4.023313522338867e-07, -1.1920928955078125e-07, 3.129243850708008e-07, 0.8518643975257874, 0.15551422536373138, 0.5001423358917236, -0.0004813412670046091, 0.9551351070404053, -0.2961702346801758, -0.5237622857093811, 0.2520561218261719, 0.8137204051017761),
            ["RightUpperArm"] = CFrame.new(1.1920928955078125e-07, 2.384185791015625e-07, -2.086162567138672e-07, 0.9571235775947571, -0.09558415412902832, 0.27345597743988037, 0.07544642686843872, 0.9936680197715759, 0.08325794339179993, -0.27968263626098633, -0.05905689299106598, 0.9582745432853699),
            ["UpperTorso"] = CFrame.new(-5.21540641784668e-08, -2.682209014892578e-07, 4.470348358154297e-08, 0.9913355112075806, -0.013385881669819355, 0.13067051768302917, 0.052846722304821014, 0.9513761401176453, -0.3034645915031433, -0.1202542781829834, 0.30774059891700745, 0.9438403844833374),
            ["HumanoidRootPart"] = CFrame.new(0, 0, 0, 1, 0, 0, 0, 1, 0, 0, 0, 1),
            ["RightHand"] = CFrame.new(-1.341104507446289e-07, -4.76837158203125e-07, -5.960464477539063e-08, 0.9817519187927246, 0.0963210016489029, -0.1639680564403534, -0.13349470496177673, 0.9631484150886536, -0.23350436985492706, 0.13543421030044556, 0.25113222002983093, 0.9584311246871948),
            ["LeftUpperArm"] = CFrame.new(3.5762786865234375e-07, -0.0000010728836059570312, -2.7567148208618164e-07, 0.23910540342330933, 0.8338403105735779, 0.4975328743457794, -0.8399600386619568, 0.4346822202205658, -0.32483604550361633, -0.4871300756931305, -0.3402375876903534, 0.8043274283409119),
            ["RightLowerArm"] = CFrame.new(-0.0000011324882507324219, 0.0000016689300537109375, -4.805624485015869e-07, 1, -7.450581307466564e-08, 1.4901155864777138e-08, 2.2351745343485163e-08, 0.7660999894142151, -0.64272141456604, 1.4901162970204496e-08, 0.64272141456604, 0.7660999298095703),
            ["LeftHand"] = CFrame.new(0, -3.5762786865234375e-07, 3.0174851417541504e-07, 0.9951553344726562, 0.0980197936296463, 0.007623646408319473, -0.09696290642023087, 0.9913262128829956, -0.08871691673994064, -0.016253579407930374, 0.08754796534776688, 0.9960277080535889),
            ["RightUpperLeg"] = CFrame.new(1.1920928955078125e-07, -8.568167686462402e-07, 1.3205863069742918e-08, 0.974262535572052, -0.03076935186982155, -0.22330628335475922, -0.020535698160529137, 0.9744054079055786, -0.22385846078395844, 0.22447918355464935, 0.22268246114253998, 0.9486947059631348),
            ["LeftUpperLeg"] = CFrame.new(2.9802322387695312e-08, -3.390014171600342e-07, 5.21540641784668e-08, 0.8730436563491821, 0.4131358861923218, 0.25906187295913696, -0.42648667097091675, 0.904479444026947, -0.0051397886127233505, -0.23643998801708221, -0.10599912703037262, 0.9658470749855042),
            ["RightLowerLeg"] = CFrame.new(-1.4901161193847656e-08, -0.000003635883331298828, -0.000013454053259920329, 1, -5.774202094244174e-08, 6.519258910486769e-09, 5.960464477539063e-08, 0.8990465998649597, 0.4378529191017151, -7.450580596923828e-08, -0.4378531277179718, 0.8990466594696045),
            ["RightFoot"] = CFrame.new(-2.7939677238464355e-08, 3.5762786865234375e-07, 1.287116901949048e-08, 0.9934245944023132, 0.08864788711071014, 0.07245148718357086, -0.05043710395693779, 0.9069751501083374, -0.4181531071662903, -0.10278040170669556, 0.41174960136413574, 0.9054825901985168),
            ["LeftLowerLeg"] = CFrame.new(-3.725290298461914e-08, 0.000004470348358154297, 0.000013478100299835205, 1, 1.043081283569336e-07, -5.960462345910855e-08, -4.470347647611561e-08, 0.8078510165214539, 0.5893868803977966, 9.49948883999241e-08, -0.5893868207931519, 0.8078509569168091),
        }},
        {Time = 0.133, Data = {
            ["LeftFoot"] = CFrame.new(-2.9802322387695312e-08, -5.960464477539063e-08, 2.2351741790771484e-08, 0.9413191676139832, -0.2650589346885681, 0.2089540958404541, 0.3300180733203888, 0.8525938987731934, -0.4051816165447235, -0.07075607031583786, 0.4503636360168457, 0.8900371193885803),
            ["LeftLowerArm"] = CFrame.new(0.0000015795230865478516, -6.556510925292969e-07, -1.8440186977386475e-07, 1, -8.94070240065048e-08, -1.769513602312145e-08, -4.4703494239684005e-08, 0.974233090877533, -0.2255435585975647, 0, 0.22554360330104828, 0.9742331504821777),
            ["LowerTorso"] = CFrame.new(0.3379073441028595, -0.1105879545211792, 0.182573601603508, 0.7646767497062683, -0.1706678867340088, -0.6214032173156738, 0.15268072485923767, 0.9848181009292603, -0.08259593695402145, 0.6260655522346497, -0.03171709179878235, 0.7791251540184021),
            ["Head"] = CFrame.new(-6.854534149169922e-07, 0, 3.8743019104003906e-07, 0.8536181449890137, 0.14983169734477997, 0.49888521432876587, -0.013879281468689442, 0.9639406204223633, -0.265755295753479, -0.5207142233848572, 0.21992947161197662, 0.8249168992042542),
            ["RightUpperArm"] = CFrame.new(1.1920928955078125e-07, 2.384185791015625e-07, 1.1920928955078125e-07, 0.8714505434036255, -0.06925123184919357, 0.48557013273239136, 0.06615234911441803, 0.9975318312644958, 0.02354312315583229, -0.48600202798843384, 0.01160487625747919, 0.8738806843757629),
            ["UpperTorso"] = CFrame.new(-5.21540641784668e-08, 0, 5.960464477539063e-08, 0.9905961751937866, 0.0033115011174231768, 0.13677898049354553, 0.04092106968164444, 0.9467748999595642, -0.31928491592407227, -0.1305558830499649, 0.32187938690185547, 0.9377359747886658),
            ["HumanoidRootPart"] = CFrame.new(0, 0, 0, 1, 0, 0, 0, 1, 0, 0, 0, 1),
            ["RightHand"] = CFrame.new(-2.551823854446411e-07, -4.76837158203125e-07, 0, 0.9814103841781616, 0.06411360949277878, -0.18089546263217926, -0.08749186992645264, 0.9883714318275452, -0.1243668794631958, 0.1708182990550995, 0.13788175582885742, 0.9756073951721191),
            ["LeftUpperArm"] = CFrame.new(1.7881393432617188e-07, -0.000001430511474609375, -7.82310962677002e-08, 0.2421775758266449, 0.8420326709747314, 0.48200732469558716, -0.835483968257904, 0.4335618019104004, -0.33762502670288086, -0.4932713508605957, -0.3209441602230072, 0.8085036873817444),
            ["RightLowerArm"] = CFrame.new(-0.0000011622905731201172, 2.384185791015625e-07, -2.8312206268310547e-07, 1, -5.21540641784668e-08, 1.862644971595273e-08, 3.1664978195067306e-08, 0.8632113337516785, -0.5048428773880005, 1.3038520485508798e-08, 0.5048428177833557, 0.8632113337516785),
            ["LeftHand"] = CFrame.new(3.8743019104003906e-07, 1.7881393432617188e-07, 1.4156103134155273e-07, 0.9952667951583862, 0.09675955772399902, -0.0090371398255229, -0.09717824310064316, 0.9915984272956848, -0.08537565171718597, 0.0007002588245086372, 0.08584973961114883, 0.996307909488678),
            ["RightUpperLeg"] = CFrame.new(1.1920928955078125e-07, -6.910413503646851e-07, 1.3205863069742918e-08, 0.9748098850250244, -0.02628113515675068, -0.22148345410823822, -0.02017074264585972, 0.9785763621330261, -0.20489418506622314, 0.22212350368499756, 0.2042003870010376, 0.9533958435058594),
            ["LeftUpperLeg"] = CFrame.new(5.960464477539063e-08, -8.009374141693115e-08, 2.2351741790771484e-08, 0.8746395111083984, 0.4181274175643921, 0.24530647695064545, -0.43415191769599915, 0.9007511138916016, 0.012627738527953625, -0.21568000316619873, -0.11754507571458817, 0.9693633913993835),
            ["RightLowerLeg"] = CFrame.new(7.450580596923828e-08, -0.000003516674041748047, -0.000013349745131563395, 1, -7.07805440924858e-08, -8.754432911928234e-08, 3.725289943190546e-08, 0.9037142992019653, 0.42813640832901, -7.450579886381092e-08, -0.4281361997127533, 0.9037142395973206),
            ["RightFoot"] = CFrame.new(-9.685754776000977e-08, 2.384185791015625e-07, -4.300818545743823e-08, 0.992483377456665, 0.0963323786854744, 0.07547847926616669, -0.0625511035323143, 0.9294137954711914, -0.3636997640132904, -0.10518675297498703, 0.35624444484710693, 0.9284533262252808),
            ["LeftLowerLeg"] = CFrame.new(1.1175870895385742e-07, 0.000004470348358154297, 0.000013446435332298279, 1, 4.4703469370688254e-08, 5.9604616353681195e-08, -1.341104365337742e-07, 0.7915250658988953, 0.6111369132995605, 1.0244546899684792e-07, -0.6111366152763367, 0.7915249466896057),
        }},
        {Time = 0.167, Data = {
            ["LeftFoot"] = CFrame.new(1.043081283569336e-07, 0, -4.470348358154297e-08, 0.9447990655899048, -0.24308153986930847, 0.21969518065452576, 0.31700941920280457, 0.8476729989051819, -0.42539000511169434, -0.08282441645860672, 0.4715527892112732, 0.8779392838478088),
            ["LeftLowerArm"] = CFrame.new(-2.9802322387695312e-08, 0, -2.2957101464271545e-07, 1, -1.4901170075631853e-08, 1.0663646321518172e-07, -1.4901162970204496e-08, 0.9719701409339905, -0.23510445654392242, -3.725290653733282e-08, 0.23510442674160004, 0.9719701409339905),
            ["LowerTorso"] = CFrame.new(0.35554543137550354, -0.12221157550811768, 0.1575007140636444, 0.7627410292625427, -0.18852095305919647, -0.6186162829399109, 0.16323961317539215, 0.9817168712615967, -0.09790336340665817, 0.6257628202438354, -0.02630777284502983, 0.779569685459137),
            ["Head"] = CFrame.new(-4.470348358154297e-07, 4.76837158203125e-07, 3.7997961044311523e-07, 0.8617544770240784, 0.13904857635498047, 0.4878982901573181, -0.024562306702136993, 0.9720138907432556, -0.23363596200942993, -0.5067306756973267, 0.1893528550863266, 0.8410526514053345),
            ["RightUpperArm"] = CFrame.new(0, 2.384185791015625e-07, 2.9802322387695312e-08, 0.7335968613624573, -0.050942547619342804, 0.6776729226112366, 0.08493699878454208, 0.9962403774261475, -0.01705618016421795, -0.6742561459541321, 0.07007183879613876, 0.7351657152175903),
            ["UpperTorso"] = CFrame.new(7.450580596923828e-09, 8.940696716308594e-08, 7.450580596923828e-08, 0.9897227883338928, 0.023504415526986122, 0.141055628657341, 0.024532640352845192, 0.9438675045967102, -0.32941222190856934, -0.14087998867034912, 0.3294870853424072, 0.9335903525352478),
            ["HumanoidRootPart"] = CFrame.new(0, 0, 0, 1, 0, 0, 0, 1, 0, 0, 0, 1),
            ["RightHand"] = CFrame.new(2.0489096641540527e-07, -4.76837158203125e-07, -1.6391277313232422e-07, 0.9804110527038574, 0.038970328867435455, -0.19306853413581848, -0.036122728139162064, 0.9991807341575623, 0.0182487890124321, 0.19362151622772217, -0.010917268693447113, 0.9810155630111694),
            ["LeftUpperArm"] = CFrame.new(2.384185791015625e-07, -0.000001430511474609375, 3.166496753692627e-08, 0.24492806196212769, 0.852891206741333, 0.4610713720321655, -0.8382096886634827, 0.4252694249153137, -0.3413950204849243, -0.48725229501724243, -0.3028571903705597, 0.8190620541572571),
            ["RightLowerArm"] = CFrame.new(-0.0000010728836059570312, 0.0000011920928955078125, -3.5762786865234375e-07, 1, -5.215407838932151e-08, 1.4901162970204496e-08, 9.313229298868464e-08, 0.9021695852279663, -0.4313817024230957, 0, 0.4313817322254181, 0.9021695852279663),
            ["LeftHand"] = CFrame.new(4.470348358154297e-07, 1.1920928955078125e-07, -1.4901161193847656e-08, 0.9952991008758545, 0.09289231896400452, -0.02740219049155712, -0.0948125422000885, 0.9922761917114258, -0.07999200373888016, 0.0197597648948431, 0.0822141095995903, 0.996418833732605),
            ["RightUpperLeg"] = CFrame.new(4.76837158203125e-07, -7.487833499908447e-07, 1.1751399142667651e-07, 0.9750953912734985, -0.021986626088619232, -0.22069306671619415, -0.02091161161661148, 0.9815266728401184, -0.19017991423606873, 0.22079764306545258, 0.19005827605724335, 0.956622302532196),
            ["LeftUpperLeg"] = CFrame.new(-5.960464477539063e-08, -1.671724021434784e-07, 5.587935447692871e-09, 0.8749118447303772, 0.4268677532672882, 0.22871915996074677, -0.4433886408805847, 0.8960135579109192, 0.023811668157577515, -0.19477130472660065, -0.12224458158016205, 0.9732012152671814),
            ["RightLowerLeg"] = CFrame.new(-5.960464477539063e-08, -0.000003874301910400391, -0.000013170931197237223, 1, -3.72529100900465e-08, -3.3527616238870905e-08, 5.2154071283894154e-08, 0.9036106467247009, 0.4283546209335327, -3.3527616238870905e-08, -0.42835497856140137, 0.9036107659339905),
            ["RightFoot"] = CFrame.new(-7.450580596923828e-08, 3.5762786865234375e-07, 7.620110409334302e-08, 0.9911820888519287, 0.1059836894273758, 0.07953326404094696, -0.07689645886421204, 0.9488800168037415, -0.3061264753341675, -0.10791169106960297, 0.2973119020462036, 0.9486628174781799),
            ["LeftLowerLeg"] = CFrame.new(-4.470348358154297e-08, 0.000004649162292480469, 0.000013474375009536743, 1, 4.470348358154297e-08, -2.980230107141324e-08, -3.725289943190546e-08, 0.7628321051597595, 0.6465967893600464, 5.029141192380848e-08, -0.6465966105461121, 0.7628319263458252),
        }},
        {Time = 0.200, Data = {
            ["LeftFoot"] = CFrame.new(-2.2351741790771484e-08, 1.1920928955078125e-07, -7.450580596923828e-09, 0.94936203956604, -0.2167591154575348, 0.22743642330169678, 0.3003237247467041, 0.838722825050354, -0.45425817370414734, -0.09229111671447754, 0.49955928325653076, 0.8613491058349609),
            ["LeftLowerArm"] = CFrame.new(6.854534149169922e-07, -9.5367431640625e-07, -3.3993273973464966e-07, 1, 1.4901166522918174e-08, 1.4115361324229525e-08, 0, 0.9693517088890076, -0.24567705392837524, -2.980232949312267e-08, 0.24567708373069763, 0.9693518280982971),
            ["LowerTorso"] = CFrame.new(0.373259961605072, -0.13974285125732422, 0.1309140920639038, 0.7607325911521912, -0.21071021258831024, -0.6139114499092102, 0.1769828051328659, 0.9773377180099487, -0.11613806337118149, 0.6244702935218811, -0.020301776006817818, 0.7807847857475281),
            ["Head"] = CFrame.new(-5.662441253662109e-07, 2.384185791015625e-07, 4.246830940246582e-07, 0.8791826367378235, 0.12199313938617706, 0.4606037139892578, -0.033392004668712616, 0.9800675511360168, -0.19583842158317566, -0.47531360387802124, 0.15679728984832764, 0.8657318353652954),
            ["RightUpperArm"] = CFrame.new(1.1920928955078125e-07, 4.76837158203125e-07, -2.9802322387695312e-08, 0.5174048542976379, -0.04672776162624359, 0.8544641137123108, 0.1288454532623291, 0.9913790225982666, -0.023804763332009315, -0.8459853529930115, 0.1224103718996048, 0.518964946269989),
            ["UpperTorso"] = CFrame.new(-8.195638656616211e-08, 1.4901161193847656e-07, 2.2351741790771484e-08, 0.988203763961792, 0.048318151384592056, 0.14532315731048584, 0.0030889795161783695, 0.9424422979354858, -0.33435487747192383, -0.1531137079000473, 0.33085957169532776, 0.9311756491661072),
            ["HumanoidRootPart"] = CFrame.new(0, 0, 0, 1, 0, 0, 0, 1, 0, 0, 0, 1),
            ["RightHand"] = CFrame.new(-2.086162567138672e-07, -0.0000013709068298339844, -2.3655593395233154e-07, 0.9793263077735901, 0.023061947897076607, -0.20096810162067413, 0.005707025062292814, 0.9899347424507141, 0.1414099782705307, 0.20220643281936646, -0.13963335752487183, 0.9693374633789062),
            ["LeftUpperArm"] = CFrame.new(5.960464477539063e-08, -8.344650268554688e-07, -5.3551048040390015e-08, 0.2496207356452942, 0.8618651628494263, 0.44144997000694275, -0.8414359092712402, 0.41867631673812866, -0.34160760045051575, -0.47924429178237915, -0.2861795425415039, 0.8297144770622253),
            ["RightLowerArm"] = CFrame.new(-0.000001817941665649414, 0.0000013113021850585938, -4.470348358154297e-07, 1, -1.0430809993522416e-07, 5.960463056453591e-08, 4.470348358154297e-08, 0.9083690643310547, -0.4181692898273468, 7.450580596923828e-09, 0.4181692600250244, 0.9083690643310547),
            ["LeftHand"] = CFrame.new(6.705522537231445e-07, -1.7881393432617188e-07, 2.89292074739933e-07, 0.995102047920227, 0.08712328225374222, -0.04670834541320801, -0.09039947390556335, 0.9932014346122742, -0.07334204018115997, 0.04000093415379524, 0.07720523327589035, 0.9962125420570374),
            ["RightUpperLeg"] = CFrame.new(1.1920928955078125e-07, -8.586794137954712e-07, -4.639878170564771e-08, 0.9751278162002563, -0.017376551404595375, -0.22096121311187744, -0.022920165210962296, 0.9836719632148743, -0.17850594222545624, 0.2204550802707672, 0.17913036048412323, 0.9588075876235962),
            ["LeftUpperLeg"] = CFrame.new(0, -9.336508810520172e-08, 1.043081283569336e-07, 0.8728070855140686, 0.4405559301376343, 0.210042342543602, -0.45603230595588684, 0.8894796967506409, 0.029338717460632324, -0.17390331625938416, -0.12139327824115753, 0.9772520065307617),
            ["RightLowerLeg"] = CFrame.new(-1.7881393432617188e-07, -0.0000036954879760742188, -0.000013334843970369548, 1, -6.798655505235729e-08, -7.357446918376809e-08, 8.940695295223122e-08, 0.8970251083374023, 0.44197946786880493, -1.862644971595273e-08, -0.44197970628738403, 0.8970252275466919),
            ["RightFoot"] = CFrame.new(1.7136335372924805e-07, 2.980232238769531e-07, 1.0972871677950025e-07, 0.9896049499511719, 0.116575688123703, 0.0842166617512703, -0.09164418280124664, 0.962479293346405, -0.2554107904434204, -0.11083116382360458, 0.24503815174102783, 0.9631577730178833),
            ["LeftLowerLeg"] = CFrame.new(2.9802322387695312e-08, 0.000004470348358154297, 0.000013515353202819824, 1, 1.0430811414607888e-07, 0, -1.1175870895385742e-07, 0.7197651267051697, 0.6942181587219238, -4.0046870708465576e-08, -0.6942176818847656, 0.7197647094726562),
        }},
        {Time = 0.233, Data = {
            ["LeftFoot"] = CFrame.new(-2.60770320892334e-08, 1.7881393432617188e-07, -2.2351741790771484e-08, 0.95390385389328, -0.19093497097492218, 0.2315410077571869, 0.28367385268211365, 0.8254815936088562, -0.48796528577804565, -0.09796277433633804, 0.5311535596847534, 0.8415929675102234),
            ["LeftLowerArm"] = CFrame.new(8.344650268554688e-07, 3.5762786865234375e-07, -8.009374141693115e-07, 1, -1.4901170075631853e-08, -7.450582373280668e-09, 0, 0.9664472341537476, -0.25686556100845337, -2.2351745343485163e-08, 0.25686559081077576, 0.9664472341537476),
            ["LowerTorso"] = CFrame.new(0.39228329062461853, -0.1624925136566162, 0.10354448854923248, 0.7598322033882141, -0.2388014942407608, -0.6046725511550903, 0.1939845234155655, 0.9710045456886292, -0.13971473276615143, 0.6205039620399475, -0.011137367226183414, 0.7841243147850037),
            ["Head"] = CFrame.new(-5.21540641784668e-07, -7.152557373046875e-07, 2.2351741790771484e-07, 0.9050799012184143, 0.11713644862174988, 0.40879014134407043, -0.057198937982320786, 0.9861116409301758, -0.15592381358146667, -0.4213770925998688, 0.11774127185344696, 0.8992099761962891),
            ["RightUpperArm"] = CFrame.new(1.1920928955078125e-07, -2.384185791015625e-07, -1.4901161193847656e-08, 0.3952822685241699, -0.06326078623533249, 0.9163787364959717, 0.159094899892807, 0.9872632622718811, -0.00047184270806610584, -0.904677152633667, 0.1459776759147644, 0.40031206607818604),
            ["UpperTorso"] = CFrame.new(-4.842877388000488e-08, 3.5762786865234375e-07, 7.450580596923828e-09, 0.9858748316764832, 0.07749094069004059, 0.14847953617572784, -0.023956621065735817, 0.9426572918891907, -0.33290165662765503, -0.16576193273067474, 0.3246421813964844, 0.9311983585357666),
            ["HumanoidRootPart"] = CFrame.new(0, 0, 0, 1, 0, 0, 0, 1, 0, 0, 0, 1),
            ["RightHand"] = CFrame.new(-6.295740604400635e-07, -0.0000010728836059570312, -1.564621925354004e-07, 0.9789091348648071, 0.01761387288570404, -0.20353546738624573, 0.02255803905427456, 0.9808651804924011, 0.1933770477771759, 0.20304708182811737, -0.19388997554779053, 0.9597805738449097),
            ["LeftUpperArm"] = CFrame.new(2.980232238769531e-07, -0.0000013113021850585938, -1.8067657947540283e-07, 0.25821417570114136, 0.8709139227867126, 0.41813206672668457, -0.8452974557876587, 0.41322898864746094, -0.33869463205337524, -0.4677581787109375, -0.2659902572631836, 0.8428828716278076),
            ["RightLowerArm"] = CFrame.new(-0.0000017881393432617188, 7.748603820800781e-07, -5.662441253662109e-07, 1, -2.2351741790771484e-08, -2.9802311729554276e-08, 2.9802322387695312e-08, 0.8770444393157959, -0.4804092049598694, -1.6298145055770874e-08, 0.48040932416915894, 0.8770444393157959),
            ["LeftHand"] = CFrame.new(8.195638656616211e-07, -2.384185791015625e-07, 4.246830940246582e-07, 0.9945828318595886, 0.0801623985171318, -0.06617511808872223, -0.08453455567359924, 0.9942224025726318, -0.06614988297224045, 0.0604899525642395, 0.07138566672801971, 0.9956129789352417),
            ["RightUpperLeg"] = CFrame.new(5.960464477539062e-07, -2.1746382117271423e-07, -1.3580574886873364e-07, 0.9742612838745117, -0.012418026104569435, -0.2250799536705017, -0.025775620713829994, 0.9857960939407349, -0.1659572720527649, 0.2239435911178589, 0.16748732328414917, 0.9601027965545654),
            ["LeftUpperLeg"] = CFrame.new(1.1920928955078125e-07, 4.1956081986427307e-07, -6.472691893577576e-08, 0.8680192828178406, 0.45941296219825745, 0.18836568295955658, -0.473465234041214, 0.8801060914993286, 0.035274896770715714, -0.14957664906978607, -0.11980403959751129, 0.9814652800559998),
            ["RightLowerLeg"] = CFrame.new(-2.9802322387695312e-08, -0.0000037550926208496094, -0.00001326033816440031, 1, -7.63684582238966e-08, 1.4901161193847656e-08, 9.685754776000977e-08, 0.8814401626586914, 0.4722958207130432, 9.685754776000977e-08, -0.4722958207130432, 0.8814401626586914),
            ["RightFoot"] = CFrame.new(-1.1920928955078125e-07, 2.980232238769531e-07, 1.3208045857027173e-07, 0.9878389239311218, 0.1271723210811615, 0.08945247530937195, -0.1044268012046814, 0.9689146280288696, -0.22427533566951752, -0.11519329249858856, 0.21220676600933075, 0.9704117774963379),
            ["LeftLowerLeg"] = CFrame.new(-5.960464477539063e-08, 0.000004589557647705078, 0.000013478100299835205, 1, -5.960463056453591e-08, 4.4703462265260896e-08, -1.1920928955078125e-07, 0.6649988293647766, 0.7468448877334595, 1.2293457984924316e-07, -0.7468444108963013, 0.6649983525276184),
        }},
        {Time = 0.267, Data = {
            ["LeftFoot"] = CFrame.new(4.0978193283081055e-08, -5.960464477539063e-08, -1.4901161193847656e-08, 0.9574038982391357, -0.17199532687664032, 0.23193758726119995, 0.271865576505661, 0.8075903654098511, -0.5233432054519653, -0.09729794412851334, 0.5641059875488281, 0.8199493288993835),
            ["LeftLowerArm"] = CFrame.new(-2.384185791015625e-07, -2.980232238769531e-07, -6.332993507385254e-07, 1, -1.4901170075631853e-08, 1.4901168299275014e-08, 0, 0.9626455307006836, -0.27076491713523865, 2.980232949312267e-08, 0.2707648277282715, 0.9626455903053284),
            ["LowerTorso"] = CFrame.new(0.41495904326438904, -0.18953657150268555, 0.07620896399021149, 0.7606538534164429, -0.28116750717163086, -0.5851073265075684, 0.21682465076446533, 0.9596118927001953, -0.17925460636615753, 0.6118765473365784, 0.009485006332397461, 0.790896475315094),
            ["Head"] = CFrame.new(-5.364418029785156e-07, 1.1920928955078125e-07, 4.544854164123535e-07, 0.9339649081230164, 0.13960401713848114, 0.32896849513053894, -0.10369609296321869, 0.9868027567863464, -0.1243683248758316, -0.3419893682003021, 0.0820428729057312, 0.936115562915802),
            ["RightUpperArm"] = CFrame.new(2.384185791015625e-07, 1.1920928955078125e-07, 1.7881393432617188e-07, 0.3074197471141815, -0.09586183726787567, 0.9467331767082214, 0.1970885694026947, 0.979753315448761, 0.0352073535323143, -0.9309399724006653, 0.17576687037944794, 0.32008883357048035),
            ["UpperTorso"] = CFrame.new(-9.313225746154785e-08, 2.086162567138672e-07, 3.725290298461914e-08, 0.9826204776763916, 0.11240538209676743, 0.14772391319274902, -0.06100773066282272, 0.9471616148948669, -0.31490159034729004, -0.17531464993953705, 0.30041638016700745, 0.9375578761100769),
            ["HumanoidRootPart"] = CFrame.new(0, 0, 0, 1, 0, 0, 0, 1, 0, 0, 0, 1),
            ["RightHand"] = CFrame.new(-1.341104507446289e-07, -5.364418029785156e-07, -2.3096799850463867e-07, 0.9845290780067444, 0.0965893566608429, -0.14619530737400055, -0.071497842669487, 0.9831769466400146, 0.16808144748210907, 0.1599707454442978, -0.15502840280532837, 0.9748721122741699),
            ["LeftUpperArm"] = CFrame.new(4.172325134277344e-07, -0.0000016689300537109375, -3.3527612686157227e-08, 0.26855534315109253, 0.8825572729110718, 0.3859674036502838, -0.8528803586959839, 0.40410447120666504, -0.3305976092815399, -0.44774240255355835, -0.24040035903453827, 0.8612401485443115),
            ["RightLowerArm"] = CFrame.new(-9.5367431640625e-07, 0.0000015497207641601562, -7.301568984985352e-07, 1, -4.749745841081676e-08, 2.980232594040899e-08, 0, 0.824422299861908, -0.5659752488136292, 1.4901164746561335e-08, 0.5659752488136292, 0.8244223594665527),
            ["LeftHand"] = CFrame.new(6.407499313354492e-07, 2.384185791015625e-07, -1.043081283569336e-07, 0.9937238097190857, 0.07272135466337204, -0.0849979892373085, -0.07788265496492386, 0.995211124420166, -0.05906940996646881, 0.08029525727033615, 0.06531859189271927, 0.9946287274360657),
            ["RightUpperLeg"] = CFrame.new(2.384185791015625e-07, -4.360917955636978e-07, 1.0261283023282886e-07, 0.9716120362281799, -0.00316044082865119, -0.23655851185321808, -0.02960643358528614, 0.9904258847236633, -0.13483376801013947, 0.2347203493118286, 0.13800962269306183, 0.9622162580490112),
