return {
    ["Jake Dance"] = {
        {Time = 0.000, Data = {
            ["LeftLowerArm"] = CFrame.new(-2.086162567138672e-07, -3.5762786865234375e-07, -1.564621925354004e-07, 0.9788402318954468, -0.1836293637752533, -0.09028931707143784, 0.17231936752796173, 0.9776746034622192, -0.12024395167827606, 0.11035392433404922, 0.10214100778102875, 0.9886300563812256),
            ["LeftFoot"] = CFrame.new(4.470348358154297e-08, -1.7881393432617188e-07, 6.891787052154541e-08, 0.9933269023895264, -0.004765531048178673, 0.11523465067148209, 0.06902054697275162, 0.8250423073768616, -0.5608404874801636, -0.092400461435318, 0.5650510191917419, 0.8198651671409607),
            ["RightHand"] = CFrame.new(1.4901161193847656e-08, -1.1920928955078125e-07, 1.7881393432617188e-07, 0.9842537045478821, 0.12465906143188477, -0.12531913816928864, -0.1287299543619156, 0.9913671612739563, -0.024896398186683655, 0.12113368511199951, 0.04063669592142105, 0.9918041229248047),
            ["HumanoidRootPart"] = CFrame.new(0, 0, 0, 1, 0, 0, 0, 1, 0, 0, 0, 1),
            ["RightLowerLeg"] = CFrame.new(-9.685754776000977e-08, 0, 7.526978151872754e-08, 1, 1.9371512394172896e-07, 2.0116560506266978e-07, 1.0430811414607888e-07, 0.8902291059494019, 0.4555133879184723, 1.0803340444454079e-07, -0.4555131793022156, 0.8902290463447571),
            ["LeftUpperLeg"] = CFrame.new(-2.9802322387695312e-08, 1.4435499906539917e-08, -9.685754776000977e-08, 0.8294267058372498, -0.500646710395813, -0.2477983981370926, 0.03167449310421944, 0.4850298762321472, -0.8739238977432251, 0.5577167868614197, 0.7170068621635437, 0.418154239654541),
            ["LeftLowerLeg"] = CFrame.new(1.1175870895385742e-07, -1.1920928955078125e-07, 1.1920928955078125e-07, 1, 8.940698137394065e-08, 1.9371512394172896e-07, -1.1175872671742582e-08, 0.024198923259973526, 0.9997072219848633, 9.685756197086448e-08, -0.9997072219848633, 0.024199489504098892),
            ["RightUpperArm"] = CFrame.new(5.960464477539063e-08, 0, -1.341104507446289e-07, 0.8940538167953491, -0.3847780227661133, 0.2293766587972641, -0.3303634226322174, -0.912172794342041, -0.24248909950256348, 0.3025355339050293, 0.14102061092853546, -0.9426480531692505),
            ["Head"] = CFrame.new(1.1175870895385742e-07, 2.384185791015625e-07, 1.4528632164001465e-07, 0.9793869853019714, 0.1754889041185379, 0.1000237911939621, -0.1615210473537445, 0.9777451157569885, -0.13388657569885254, -0.12129339575767517, 0.1149708479642868, 0.9859359264373779),
            ["UpperTorso"] = CFrame.new(9.266659617424011e-08, 0, -1.3969838619232178e-08, 0.9494150876998901, 0.3002280294895172, -0.09205561131238937, -0.2778509259223938, 0.9397380948066711, 0.199226513504982, 0.14632155001163483, -0.16357089579105377, 0.9756201505661011),
            ["LeftUpperArm"] = CFrame.new(-1.1920928955078125e-07, 9.5367431640625e-07, -1.043081283569336e-07, 0.8809036016464233, -0.251787930727005, -0.40076401829719543, -0.3530517816543579, -0.9135164618492126, -0.2020946592092514, -0.3152194917201996, 0.3195163309574127, -0.8936141133308411),
            ["RightLowerArm"] = CFrame.new(-2.980232238769531e-07, -4.172325134277344e-07, 4.284083843231201e-08, 0.9918144941329956, 0.01368330791592598, 0.12695196270942688, -0.05946963280439377, 0.9293254017829895, 0.36444172263145447, -0.11299289762973785, -0.369008332490921, 0.9225321412086487),
            ["LeftHand"] = CFrame.new(-1.0058283805847168e-07, 1.1920928955078125e-07, 3.166496753692627e-08, -0.9993174076080322, -0.035427846014499664, 0.010469353757798672, -0.03344402834773064, 0.9879727959632874, 0.15096749365329742, -0.01569187082350254, 0.1505143642425537, -0.9884833693504333),
            ["RightFoot"] = CFrame.new(-2.7474015951156616e-08, 5.960464477539063e-08, 1.4418765204027295e-07, 0.7521436810493469, 0.6566411852836609, 0.05569436028599739, -0.6412338018417358, 0.7487404942512512, -0.16795039176940918, -0.15198373794555664, 0.09060986340045929, 0.9842209219932556),
            ["LowerTorso"] = CFrame.new(-0.7152698636054993, -0.5188248157501221, 0.03714951500296593, 0.9785480499267578, 0.04216631501913071, -0.20165741443634033, -0.015661103650927544, 0.9912232756614685, 0.13126763701438904, 0.2054225653409958, -0.12529350817203522, 0.9706200361251831),
            ["RightUpperLeg"] = CFrame.new(1.1920928955078125e-07, -7.35744833946228e-08, 4.300818545743823e-08, 0.7451260089874268, -0.6514582633972168, 0.14279206097126007, 0.6024453043937683, 0.5656338930130005, -0.5631322860717773, 0.28608909249305725, 0.5056288242340088, 0.8139364123344421),
            ["Guitar"] = CFrame.new(0, 0, 0, 1, 0, 0, 0, 1, 0, 0, 0, 1),
        }},
        {Time = 0.042, Data = {
            ["LeftLowerArm"] = CFrame.new(8.344650268554688e-07, -1.1920928955078125e-07, 1.6391277313232422e-07, 0.9643488526344299, -0.2642267346382141, -0.014682553708553314, 0.26009342074394226, 0.956575334072113, -0.13158753514289856, 0.048813946545124054, 0.12307751178741455, 0.991195797920227),
            ["LeftFoot"] = CFrame.new(-1.5832483768463135e-08, 5.960464477539063e-08, -8.381903171539307e-08, 0.9930258393287659, -0.020529894158244133, 0.11609584838151932, 0.08293968439102173, 0.8214917182922363, -0.5641564726829529, -0.08378968387842178, 0.5698508620262146, 0.81746506690979),
            ["RightHand"] = CFrame.new(-3.129243850708008e-07, 0, 3.725290298461914e-08, 0.9974385499954224, 0.051095448434352875, -0.05005714297294617, -0.05086164548993111, 0.9986881613731384, 0.005933084525167942, 0.05029463395476341, -0.003371909260749817, 0.9987288117408752),
            ["HumanoidRootPart"] = CFrame.new(0, 0, 0, 1, 0, 0, 0, 1, 0, 0, 0, 1),
            ["RightLowerLeg"] = CFrame.new(-2.123415470123291e-07, 5.960464477539063e-08, -1.743246684782207e-07, 1, 2.0861628513557662e-07, 7.450579886381092e-08, 1.1175868053214799e-07, 0.9227229356765747, 0.3854641318321228, 5.960463056453591e-08, -0.38546398282051086, 0.9227228164672852),
            ["LeftUpperLeg"] = CFrame.new(2.9802322387695312e-08, -6.542541086673737e-08, -1.2852251529693604e-07, 0.8178480267524719, -0.47907572984695435, -0.31876471638679504, -0.016271373257040977, 0.5344800353050232, -0.8450244665145874, 0.5752041935920715, 0.6962884068489075, 0.42932823300361633),
            ["LeftLowerLeg"] = CFrame.new(-1.6391277313232422e-07, 5.960464477539063e-08, 1.4901161193847656e-07, 1, 5.5879368687783426e-08, 6.705523958316917e-08, 1.4901166522918174e-08, 0.050330813974142075, 0.9987326264381409, 4.842879164357328e-08, -0.9987326860427856, 0.050331052392721176),
            ["RightUpperArm"] = CFrame.new(2.384185791015625e-07, 3.5762786865234375e-07, 0, 0.8598858118057251, -0.4983716309070587, 0.11055426299571991, -0.4540330469608307, -0.8456366658210754, -0.28062909841537476, 0.23334629833698273, 0.1911136656999588, -0.9534280896186829),
            ["Head"] = CFrame.new(1.7136335372924805e-07, 5.960464477539062e-07, 3.241002559661865e-07, 0.985838770866394, 0.15616649389266968, 0.061107032001018524, -0.15040072798728943, 0.9845460057258606, -0.08971523493528366, -0.0741732120513916, 0.07925420254468918, 0.9940910935401917),
            ["UpperTorso"] = CFrame.new(1.341104507446289e-07, -2.086162567138672e-07, -9.96515154838562e-08, 0.9415810108184814, 0.3301181495189667, -0.06668958067893982, -0.3132464289665222, 0.9311570525169373, 0.1866099238395691, 0.12370181828737259, -0.1548181176185608, 0.9801679849624634),
            ["LeftUpperArm"] = CFrame.new(1.7881393432617188e-07, 0, -1.7881393432617188e-07, 0.8545149564743042, -0.4348997175693512, -0.2840186357498169, -0.46508046984672546, -0.8840981721878052, -0.04550463333725929, -0.23131036758422852, 0.17097583413124084, -0.9577383995056152),
            ["RightLowerArm"] = CFrame.new(1.7881393432617188e-07, 4.76837158203125e-07, 4.023313522338867e-07, 0.9908407926559448, -0.1350235641002655, -0.001821831101551652, 0.13464663922786713, 0.9889189004898071, -0.06252869218587875, 0.010244461707770824, 0.06171058490872383, 0.998041570186615),
            ["LeftHand"] = CFrame.new(-1.1920928955078125e-07, 1.1920928955078125e-07, -1.0151416063308716e-07, -0.9986607432365417, -0.03798426315188408, 0.03512807562947273, -0.03262905031442642, 0.9893099069595337, 0.14213134348392487, -0.040151286870241165, 0.14079485833644867, -0.989224374294281),
            ["RightFoot"] = CFrame.new(6.984919309616089e-09, -5.960464477539063e-08, 1.576918293721974e-07, 0.7773536443710327, 0.627632200717926, 0.04240909963846207, -0.6129070520401001, 0.7708465456962585, -0.173613041639328, -0.1416560560464859, 0.10896601527929306, 0.9839004278182983),
            ["LowerTorso"] = CFrame.new(-0.6915883421897888, -0.48489654064178467, 0.03714951500296593, 0.9862655997276306, -0.00536684226244688, -0.1650797724723816, 0.025393927469849586, 0.9925156235694885, 0.1194482296705246, 0.1632031798362732, -0.12199969589710236, 0.979020357131958),
            ["RightUpperLeg"] = CFrame.new(1.4901161193847656e-07, -3.6135315895080566e-07, -2.4047039914876223e-08, 0.7808253169059753, -0.6188270449638367, 0.08581803739070892, 0.5724025368690491, 0.6535786390304565, -0.4951673746109009, 0.25033408403396606, 0.4357616603374481, 0.8645488023757935),
            ["Guitar"] = CFrame.new(0, 0, 0, 1, 0, 0, 0, 1, 0, 0, 0, 1),
        }},
        {Time = 0.083, Data = {
            ["LeftLowerArm"] = CFrame.new(-1.7881393432617188e-07, -2.980232238769531e-07, -5.122274160385132e-08, 0.9355003833770752, -0.28877174854278564, 0.2035927176475525, 0.3310263156890869, 0.9177902340888977, -0.21927756071090698, -0.12353426963090897, 0.2725287973880768, 0.9541841149330139),
            ["LeftFoot"] = CFrame.new(1.5203841030597687e-07, -1.1920928955078125e-07, -9.313225746154785e-08, 0.9898982644081116, -0.07896581292152405, 0.11775323003530502, 0.13241636753082275, 0.8117439150810242, -0.5688040256500244, -0.050669241696596146, 0.5786503553390503, 0.8140001893043518),
            ["RightHand"] = CFrame.new(2.942979335784912e-07, 1.7881393432617188e-07, 1.1920928955078125e-07, 0.9997742772102356, -0.02088717743754387, 0.003903650213032961, 0.0207038763910532, 0.998893141746521, 0.042237188667058945, -0.004781548865139484, -0.04214681312441826, 0.9991000294685364),
            ["HumanoidRootPart"] = CFrame.new(0, 0, 0, 1, 0, 0, 0, 1, 0, 0, 0, 1),
            ["RightLowerLeg"] = CFrame.new(-5.960464477539063e-08, -1.1920928955078125e-07, 2.299930201843381e-08, 1, 5.960464477539063e-08, 4.010506771123801e-08, 9.313227167240257e-08, 0.9320327043533325, 0.3623746931552887, 2.8871003365793513e-08, -0.36237436532974243, 0.9320324659347534),
            ["LeftUpperLeg"] = CFrame.new(-1.1920928955078125e-07, -2.069864422082901e-07, -1.564621925354004e-07, 0.7792496681213379, -0.41951197385787964, -0.465596079826355, -0.1407049596309662, 0.6068415641784668, -0.7822695970535278, 0.6107143759727478, 0.6750949621200562, 0.4138535261154175),
            ["LeftLowerLeg"] = CFrame.new(-2.7194619178771973e-07, 0, 1.1920928955078125e-07, 1, 1.3504175910838967e-07, 1.4528632164001465e-07, -4.00468671557519e-08, 0.035706084221601486, 0.9993624091148376, 1.1920927533992653e-07, -0.9993623495101929, 0.035706281661987305),
            ["RightUpperArm"] = CFrame.new(2.980232238769531e-07, 2.384185791015625e-07, -7.450580596923828e-08, 0.8011007905006409, -0.5544963479042053, -0.22532498836517334, -0.5985121130943298, -0.7392662167549133, -0.30865663290023804, 0.004573769401758909, 0.38212478160858154, -0.9240994453430176),
            ["Head"] = CFrame.new(2.682209014892578e-07, 3.5762786865234375e-07, 1.6763806343078613e-07, 0.9926440119743347, 0.11554288864135742, -0.03616178780794144, -0.11507068574428558, 0.9932458996772766, 0.01488441787660122, 0.03763736039400101, -0.010613784193992615, 0.9992350935935974),
            ["UpperTorso"] = CFrame.new(-1.1990778148174286e-08, -1.4901161193847656e-07, -4.0512531995773315e-08, 0.9407907724380493, 0.3388696312904358, -0.008955796249210835, -0.33240818977355957, 0.9273879528045654, 0.17162856459617615, 0.06646517664194107, -0.15848955512046814, 0.9851211309432983),
            ["LeftUpperArm"] = CFrame.new(3.5762786865234375e-07, 4.76837158203125e-07, -2.5331974029541016e-07, 0.7824058532714844, -0.6065859198570251, -0.14104850590229034, -0.5961759686470032, -0.7950102686882019, 0.11195055395364761, -0.18004263937473297, -0.00350102037191391, -0.9836525917053223),
            ["RightLowerArm"] = CFrame.new(2.682209014892578e-07, 5.960464477539063e-08, 5.960464477539063e-08, 0.936849057674408, -0.34648579359054565, -0.04755445942282677, 0.24608120322227478, 0.749686062335968, -0.6143410801887512, 0.2485114336013794, 0.5638425946235657, 0.7876062989234924),
            ["LeftHand"] = CFrame.new(-4.4517219066619873e-07, 1.7881393432617188e-07, -1.7136335372924805e-07, -0.9952906966209412, -0.04655105993151665, 0.0850263312458992, -0.03606407716870308, 0.9920024275779724, 0.12095687538385391, -0.08997700363397598, 0.11732076108455658, -0.9890096783638),
            ["RightFoot"] = CFrame.new(1.82189978659153e-08, 1.1920928955078125e-07, 1.689695636741817e-07, 0.7910043001174927, 0.6100367307662964, -0.046554360538721085, -0.6059207916259766, 0.7705850601196289, -0.19763289391994476, -0.084689199924469, 0.18453700840473175, 0.979170024394989),
            ["LowerTorso"] = CFrame.new(-0.6161805391311646, -0.45322394371032715, 0.03714951500296593, 0.9901464581489563, -0.11903565376996994, -0.07375990599393845, 0.12587572634220123, 0.9873591661453247, 0.09631922096014023, 0.061362091451883316, -0.1046547219157219, 0.9926138520240784),
            ["RightUpperLeg"] = CFrame.new(-2.9802322387695312e-08, -3.7904828786849976e-07, 1.1343217920511961e-08, 0.8549596071243286, -0.5184516906738281, 0.015873223543167114, 0.4835907518863678, 0.7856581807136536, -0.3858514130115509, 0.18757440149784088, 0.33756330609321594, 0.92242431640625),
            ["Guitar"] = CFrame.new(0, 0, 0, 1, 0, 0, 0, 1, 0, 0, 0, 1),
        }},
        {Time = 0.125, Data = {
            ["LeftLowerArm"] = CFrame.new(0, -2.980232238769531e-07, -2.682209014892578e-07, 0.8850165605545044, 0.169467955827713, 0.43361997604370117, 0.2770526707172394, 0.5568074584007263, -0.7830755710601807, -0.3741492033004761, 0.8131703734397888, 0.44583219289779663),
            ["LeftFoot"] = CFrame.new(1.0244548320770264e-07, 0, -1.30385160446167e-07, 0.9717881679534912, -0.19995233416557312, 0.12508748471736908, 0.23252585530281067, 0.7234240174293518, -0.6500694751739502, 0.039491552859544754, 0.6608151793479919, 0.7495085000991821),
            ["RightHand"] = CFrame.new(2.2351741790771484e-07, 2.980232238769531e-07, 7.450580596923828e-08, 0.9997315406799316, 0.0034824684262275696, -0.022907331585884094, -0.004496157169342041, 0.9990060925483704, -0.044347599148750305, 0.02273009717464447, 0.044438689947128296, 0.9987534880638123),
            ["HumanoidRootPart"] = CFrame.new(0, 0, 0, 1, 0, 0, 0, 1, 0, 0, 0, 1),
            ["RightLowerLeg"] = CFrame.new(-4.842877388000488e-08, -3.5762786865234375e-07, -5.790934665128589e-08, 1, 1.1920931797249068e-07, 1.3411042232291948e-07, -7.82310962677002e-08, 0.657588541507721, 0.7533773183822632, 7.450580596923828e-09, -0.753377377986908, 0.657588541507721),
            ["LeftUpperLeg"] = CFrame.new(-1.4901161193847656e-07, 8.777715265750885e-08, -1.30385160446167e-07, 0.7098942399024963, -0.3575633764266968, -0.6067936420440674, -0.32685622572898865, 0.5958963632583618, -0.733534574508667, 0.6238712072372437, 0.7190661430358887, 0.3061513304710388),
            ["LeftLowerLeg"] = CFrame.new(0, 2.384185791015625e-07, 2.086162567138672e-07, 1, 1.1175872316471214e-07, 2.4959456368378596e-07, 6.33299421792799e-08, -0.17063890397548676, 0.9853338003158569, 1.4156104555240745e-07, -0.9853336811065674, -0.17063823342323303),
            ["RightUpperArm"] = CFrame.new(1.1920928955078125e-07, 2.384185791015625e-07, -7.636845111846924e-08, 0.8697080016136169, 0.19146481156349182, -0.4549166262149811, -0.14661560952663422, -0.779869019985199, -0.6085295081138611, -0.4712875485420227, 0.595940887928009, -0.6501865983009338),
            ["Head"] = CFrame.new(6.705522537231445e-08, 3.5762786865234375e-07, 1.564621925354004e-07, 0.9844456315040588, 0.07878069579601288, -0.1570369005203247, -0.05770660936832428, 0.9892303347587585, 0.13451139628887177, 0.16594257950782776, -0.12335702776908875, 0.9783896207809448),
            ["UpperTorso"] = CFrame.new(2.7997884899377823e-08, -2.9802322387695312e-08, -7.636845111846924e-08, 0.9555907249450684, 0.27946701645851135, 0.09351304173469543, -0.2929312586784363, 0.9354617595672607, 0.19774383306503296, -0.032214999198913574, -0.21635502576828003, 0.975783109664917),
            ["LeftUpperArm"] = CFrame.new(0, 1.1920928955078125e-07, -1.1175870895385742e-07, 0.7370718121528625, -0.013178249821066856, -0.6756860017776489, -0.35906174778938293, -0.8546574711799622, -0.3750137686729431, -0.5725379586219788, 0.5190250873565674, -0.6346756815910339),
            ["RightLowerArm"] = CFrame.new(2.384185791015625e-07, -1.1920928955078125e-07, -1.7881393432617188e-07, 0.9305194616317749, -0.1521560698747635, 0.3331396281719208, 0.32730764150619507, 0.7536170482635498, -0.5700272917747498, -0.1643265336751938, 0.6394607424736023, 0.7510572671890259),
            ["LeftHand"] = CFrame.new(2.0489096641540527e-07, 3.5762786865234375e-07, -1.1175870895385742e-07, -0.9902231097221375, -0.06345940381288528, 0.1242227852344513, -0.05166168510913849, 0.9940404891967773, 0.09599322080612183, -0.12957417964935303, 0.08863719552755356, -0.9876001477241516),
            ["RightFoot"] = CFrame.new(4.20550350099802e-09, 0, 1.69100530911237e-07, 0.8425688147544861, 0.4761962294578552, -0.25162339210510254, -0.5381034016609192, 0.7641198635101318, -0.3557612895965576, 0.022858241572976112, 0.43515294790267944, 0.9000663757324219),
            ["LowerTorso"] = CFrame.new(-0.48250171542167664, -0.5503249168395996, 0.03714951500296593, 0.967203676700592, -0.2508438527584076, 0.03993028402328491, 0.24722209572792053, 0.9657605886459351, 0.0786619484424591, -0.058294959366321564, -0.06621047109365463, 0.9961013793945312),
            ["RightUpperLeg"] = CFrame.new(-5.960464477539063e-08, -3.14321368932724e-08, 6.220943760126829e-09, 0.9234310388565063, -0.3820874094963074, 0.03583987429738045, 0.3466954529285431, 0.7905433177947998, -0.5048202276229858, 0.16455258429050446, 0.47859224677085876, 0.8624802231788635),
            ["Guitar"] = CFrame.new(0, 0, 0, 1, 0, 0, 0, 1, 0, 0, 0, 1),
        }},
        {Time = 0.167, Data = {
            ["LeftLowerArm"] = CFrame.new(2.980232238769531e-07, -1.7881393432617188e-07, -1.341104507446289e-07, 0.778396725654602, 0.6088786721229553, 0.1528576910495758, 0.20290592312812805, -0.013595057651400566, -0.9791038036346436, -0.5940773487091064, 0.7931469082832336, -0.13412748277187347),
            ["LeftFoot"] = CFrame.new(7.450580596923828e-09, -5.960464477539063e-08, -1.1548399925231934e-07, 0.9170249700546265, -0.3831287920475006, 0.11080491542816162, 0.3547576665878296, 0.6566277146339417, -0.665573239326477, 0.18224237859249115, 0.6496556401252747, 0.7380614280700684),
            ["RightHand"] = CFrame.new(2.682209014892578e-07, 1.1920928955078125e-07, 4.6938657760620117e-07, 0.9983392357826233, 0.025425754487514496, -0.051694661378860474, -0.03196289390325546, 0.9910187125205994, -0.1298476606607437, 0.04792886599898338, 0.13128432631492615, 0.9901854991912842),
            ["HumanoidRootPart"] = CFrame.new(0, 0, 0, 1, 0, 0, 0, 1, 0, 0, 0, 1),
            ["RightLowerLeg"] = CFrame.new(-5.960464477539063e-08, -1.1920928955078125e-07, 1.0600342648103833e-07, 1, 6.705522537231445e-08, 1.490115550950577e-07, 2.2351745343485163e-08, 0.3529382646083832, 0.9356464743614197, 1.1175872316471214e-07, -0.935646653175354, 0.35293853282928467),
            ["LeftUpperLeg"] = CFrame.new(-1.1920928955078125e-07, -4.825415089726448e-07, -1.6391277313232422e-07, 0.6126769781112671, -0.21868930757045746, -0.7594748139381409, -0.5645726323127747, 0.5513640642166138, -0.6142114400863647, 0.5530684590339661, 0.8050917387008667, 0.2143416553735733),
            ["LeftLowerLeg"] = CFrame.new(-4.470348358154297e-08, -1.7881393432617188e-07, 1.4901161193847656e-07, 1, -8.940693874137651e-08, 2.7567156735130993e-07, 0, -0.2998126745223999, 0.9539984464645386, 1.1920928955078125e-07, -0.9539980888366699, -0.29981184005737305),
            ["RightUpperArm"] = CFrame.new(5.960464477539063e-08, 4.76837158203125e-07, -1.564621925354004e-07, 0.5571712851524353, 0.8242438435554504, 0.10090716183185577, -0.08924444764852524, 0.1802494078874588, -0.9795639514923096, -0.825588047504425, 0.536779522895813, 0.1739889681339264),
            ["Head"] = CFrame.new(2.2351741790771484e-08, 2.384185791015625e-07, 8.940696716308594e-08, 0.9641650915145874, 0.058965735137462616, -0.2586674392223358, 0.0012792358174920082, 0.973943293094635, 0.22678802907466888, 0.2653001546859741, -0.21899199485778809, 0.9389666318893433),
            ["UpperTorso"] = CFrame.new(7.916241884231567e-09, -1.7881393432617188e-07, -8.381903171539307e-08, 0.9782769680023193, 0.1503922939300537, 0.14267557859420776, -0.1804133504629135, 0.956646740436554, 0.2286439836025238, -0.1021038070321083, -0.24941766262054443, 0.9629983305931091),
            ["LeftUpperArm"] = CFrame.new(-1.7881393432617188e-07, 2.384185791015625e-07, -1.341104507446289e-07, 0.5000346302986145, 0.8485249280929565, -0.17312100529670715, -0.5297191739082336, 0.14154011011123657, -0.8362798690795898, -0.685100793838501, 0.5098743438720703, 0.520254909992218),
            ["RightLowerArm"] = CFrame.new(4.172325134277344e-07, 2.384185791015625e-07, -7.450580596923828e-08, 0.7835884094238281, 0.29675477743148804, 0.5458258390426636, 0.12418383359909058, 0.7860078811645508, -0.6056154370307922, -0.6087427139282227, 0.5423360466957092, 0.5790544748306274),
            ["LeftHand"] = CFrame.new(-4.470348358154297e-08, -2.384185791015625e-07, -2.086162567138672e-07, -0.9827421307563782, -0.12263397872447968, 0.13848797976970673, -0.11273888498544693, 0.9906215071678162, 0.07719507068395615, -0.1466558575630188, 0.060249827802181244, -0.9873510599136353),
            ["RightFoot"] = CFrame.new(2.0139850676059723e-08, -5.960464477539063e-08, 1.5280238585546613e-07, 0.9037554860115051, 0.2757331430912018, -0.32741016149520874, -0.4224396049976349, 0.6979628205299377, -0.578266978263855, 0.06907264143228531, 0.6609229445457458, 0.7472683191299438),
            ["LowerTorso"] = CFrame.new(-0.28400719165802, -0.6474258899688721, 0.03714951500296593, 0.9254894256591797, -0.35336390137672424, 0.13639375567436218, 0.34678032994270325, 0.9353200793266296, 0.07014118134975433, -0.15235717594623566, -0.017616258934140205, 0.9881685376167297),
            ["RightUpperLeg"] = CFrame.new(-5.960464477539063e-08, -6.65255356580019e-07, -3.242894308641553e-08, 0.9854315519332886, -0.15212827920913696, 0.07603822648525238, 0.1676444262266159, 0.7935856580734253, -0.5849080681800842, 0.028638288378715515, 0.5891340374946594, 0.8075275421142578),
            ["Guitar"] = CFrame.new(0, 0, 0, 1, 0, 0, 0, 1, 0, 0, 0, 1),
        }},
        {Time = 0.208, Data = {
            ["LeftLowerArm"] = CFrame.new(8.344650268554688e-07, 4.172325134277344e-07, 0, 0.8572752475738525, 0.4828817844390869, 0.17861849069595337, -0.2029327154159546, 0.6357526779174805, -0.7447394132614136, -0.47317826747894287, 0.602199137210846, 0.6430075168609619),
            ["LeftFoot"] = CFrame.new(9.778887033462524e-08, -5.960464477539063e-08, -1.2665987014770508e-07, 0.8485667109489441, -0.5261474251747131, 0.055709533393383026, 0.422377347946167, 0.6102426052093506, -0.670224666595459, 0.3186408281326294, 0.5922607779502869, 0.7400643825531006),
            ["RightHand"] = CFrame.new(3.3527612686157227e-07, -1.1920928955078125e-07, 5.513429641723633e-07, 0.9990768432617188, 0.00894209649413824, -0.042019519954919815, -0.013751570135354996, 0.9932004809379578, -0.11560163646936417, 0.04070005565881729, 0.11607275158166885, 0.9924064874649048),
            ["HumanoidRootPart"] = CFrame.new(0, 0, 0, 1, 0, 0, 0, 1, 0, 0, 0, 1),
            ["RightLowerLeg"] = CFrame.new(-8.940696716308594e-08, -1.1920928955078125e-07, 6.129994289949536e-08, 1, 8.940695295223122e-08, 1.9371505288745539e-07, 8.754432201385498e-08, 0.31471604108810425, 0.9491857886314392, 1.9371509552001953e-07, -0.949185848236084, 0.3147161304950714),
            ["LeftUpperLeg"] = CFrame.new(-8.940696716308594e-08, -5.564652383327484e-08, -1.4528632164001465e-07, 0.5281449556350708, 0.0915958359837532, -0.8441997170448303, -0.7380093336105347, 0.5412439107894897, -0.40298545360565186, 0.4200061559677124, 0.8358620405197144, 0.3534538149833679),
            ["LeftLowerLeg"] = CFrame.new(1.4901161193847656e-08, 1.1920928955078125e-07, 1.7881393432617188e-07, 1, 2.9802311729554276e-08, 1.0803343286625022e-07, -2.0489094865183688e-08, -0.08075295388698578, 0.9967342615127563, 1.639127589214695e-07, -0.9967341423034668, -0.08075255900621414),
            ["RightUpperArm"] = CFrame.new(3.5762786865234375e-07, 3.5762786865234375e-07, -7.706694304943085e-08, 0.6873143315315247, -0.7217419743537903, 0.08177884668111801, 0.725176215171814, 0.6882568001747131, -0.02054511196911335, -0.04145655408501625, 0.07342500239610672, 0.9964388012886047),
            ["Head"] = CFrame.new(1.7695128917694092e-07, 1.1920928955078125e-07, 2.2724270820617676e-07, 0.9520684480667114, 0.053913697600364685, -0.30109643936157227, 0.028597665950655937, 0.96434485912323, 0.2630995213985443, 0.30454540252685547, -0.2590993344783783, 0.9165803790092468),
            ["UpperTorso"] = CFrame.new(-2.8870999813079834e-08, -1.1920928955078125e-07, -7.82310962677002e-08, 0.9958537817001343, 0.0825863853096962, -0.03814386948943138, -0.07521986216306686, 0.9833711981773376, 0.16529692709445953, 0.05116084963083267, -0.16174232959747314, 0.985505998134613),
            ["LeftUpperArm"] = CFrame.new(4.76837158203125e-07, 4.76837158203125e-07, -7.450580596923828e-09, 0.9144670367240906, 0.3956303596496582, -0.08501032739877701, -0.3694690763950348, 0.7306208610534668, -0.5741826891899109, -0.16505372524261475, 0.5564797520637512, 0.8143019676208496),
            ["RightLowerArm"] = CFrame.new(0, -1.1920928955078125e-07, 2.8312206268310547e-07, 0.45821407437324524, 0.491676390171051, -0.7404689788818359, -0.5212401151657104, -0.5261499285697937, -0.6719188690185547, -0.7199644446372986, 0.693844735622406, 0.015192249789834023),
            ["LeftHand"] = CFrame.new(2.2351741790771484e-07, 1.1920928955078125e-07, -2.980232238769531e-07, -0.9676239490509033, -0.20837485790252686, 0.14242134988307953, -0.20053081214427948, 0.9773569703102112, 0.06753328442573547, -0.1532687395811081, 0.036786992102861404, -0.9874995946884155),
            ["RightFoot"] = CFrame.new(1.1734664440155029e-07, 2.384185791015625e-07, 1.8667924450710416e-07, 0.9567219018936157, 0.009003675542771816, -0.2908646762371063, -0.2185399830341339, 0.6822316646575928, -0.6977108716964722, 0.19215525686740875, 0.7310807108879089, 0.6546734571456909),
            ["LowerTorso"] = CFrame.new(-0.014152169227600098, -0.5651277303695679, 0.03714951500296593, 0.9023277759552002, -0.3924234211444855, 0.17834942042827606, 0.3881731629371643, 0.919655442237854, 0.05962913855910301, -0.1874198466539383, 0.01542543526738882, 0.9821588397026062),
            ["RightUpperLeg"] = CFrame.new(-8.940696716308594e-08, -2.2343010641634464e-07, -2.7772330213338137e-08, 0.9303779602050781, 0.27336999773979187, 0.24426554143428802, -0.06783109903335571, 0.7831583023071289, -0.6181117296218872, -0.3602718710899353, 0.5585086941719055, 0.7471762299537659),
            ["Guitar"] = CFrame.new(0, 0, 0, 1, 0, 0, 0, 1, 0, 0, 0, 1),
        }},
        {Time = 0.250, Data = {
            ["LeftLowerArm"] = CFrame.new(2.980232238769531e-07, 5.960464477539062e-07, 8.940696716308594e-08, 0.07882869243621826, -0.9906147122383118, -0.11166314035654068, 0.995931088924408, 0.08316469937562943, -0.03471378982067108, 0.043674349784851074, -0.10847228765487671, 0.9931396245956421),
            ["LeftFoot"] = CFrame.new(9.255018085241318e-08, 1.7881393432617188e-07, -4.470348358154297e-08, 0.7766909599304199, -0.6284166574478149, -0.0429379902780056, 0.47049540281295776, 0.6241291761398315, -0.6237767934799194, 0.41879016160964966, 0.46427953243255615, 0.7804222702980042),
            ["RightHand"] = CFrame.new(4.3958425521850586e-07, -5.364418029785156e-07, 3.129243850708008e-07, 0.9993789196014404, -0.027895186096429825, -0.02153571881353855, 0.02600610814988613, 0.9961680769920349, -0.08350376039743423, 0.02378254197537899, 0.08289186656475067, 0.9962748289108276),
            ["HumanoidRootPart"] = CFrame.new(0, 0, 0, 1, 0, 0, 0, 1, 0, 0, 0, 1),
            ["RightLowerLeg"] = CFrame.new(-4.470348358154297e-08, -2.384185791015625e-07, 1.3580574886873364e-07, 1, -7.450579175838357e-08, 2.0861619987044833e-07, 1.1175870895385742e-07, 0.162031352519989, 0.9867855310440063, 2.123415470123291e-07, -0.9867856502532959, 0.1620318442583084),
            ["LeftUpperLeg"] = CFrame.new(-2.9802322387695312e-08, -1.1385418474674225e-07, -1.3469252735376358e-07, 0.5194590091705322, 0.40521928668022156, -0.7523032426834106, -0.836231529712677, 0.4221264123916626, -0.3500373959541321, 0.17572513222694397, 0.810929536819458, 0.5581342577934265),
            ["LeftLowerLeg"] = CFrame.new(-4.0978193283081055e-08, -1.7881393432617188e-07, 1.7881393432617188e-07, 1, 7.450579886381092e-08, -4.8428766774577525e-08, -2.2724270820617676e-07, 0.20688322186470032, 0.9783655405044556, 7.450580596923828e-08, -0.9783656597137451, 0.20688378810882568),
            ["RightUpperArm"] = CFrame.new(2.384185791015625e-07, 0, -7.450580596923828e-09, 0.2748628556728363, -0.4856436252593994, 0.8298197984695435, 0.6394587755203247, -0.5521801114082336, -0.5349668264389038, 0.7180132269859314, 0.6776779890060425, 0.15877555310726166),
            ["Head"] = CFrame.new(-1.3969838619232178e-09, 0, 2.4959444999694824e-07, 0.9463194012641907, 0.12065604329109192, -0.2998695969581604, -0.15498913824558258, 0.9834920167922974, -0.09339070320129395, 0.2836512327194214, 0.13485395908355713, 0.9493979215621948),
            ["UpperTorso"] = CFrame.new(1.0337680578231812e-07, -1.7881393432617188e-07, -9.685754776000977e-08, 0.8993778228759766, -0.010683831758797169, -0.43704167008399963, 0.0374712310731411, 0.9979062676429749, 0.05271643400192261, 0.43556347489356995, -0.06378847360610962, 0.897895097732544),
            ["LeftUpperArm"] = CFrame.new(-5.960464477539063e-08, 2.384185791015625e-07, 1.4156103134155273e-07, 0.411655455827713, 0.23853689432144165, -0.8795680403709412, -0.7030006647109985, -0.5310583710670471, -0.47304031252861023, -0.5799395442008972, 0.8130664825439453, -0.050921496003866196),
            ["RightLowerArm"] = CFrame.new(-6.556510925292969e-07, 2.980232238769531e-07, -1.4435499906539917e-08, 0.0837661623954773, 0.8787651062011719, -0.4698459506034851, -0.747204601764679, -0.2565644681453705, -0.6130740642547607, -0.6592938899993896, 0.4024258255958557, 0.6351260542869568),
            ["LeftHand"] = CFrame.new(1.7881393432617188e-07, -1.7881393432617188e-07, 5.960464477539063e-08, -0.9572750329971313, -0.25170692801475525, 0.14236682653427124, -0.244753897190094, 0.9674243927001953, 0.06469616293907166, -0.1540134847164154, 0.02708723023533821, -0.9876973628997803),
            ["RightFoot"] = CFrame.new(-3.166496753692627e-08, 1.1920928955078125e-07, 9.622453944757581e-08, 0.9590572118759155, -0.08809089660644531, -0.26916399598121643, -0.12362895160913467, 0.7248467206954956, -0.6777268052101135, 0.2548043727874756, 0.6832549571990967, 0.6842785477638245),
            ["LowerTorso"] = CFrame.new(0.3124641180038452, -0.5564897060394287, 0.03714951500296593, 0.9224932789802551, -0.3418166935443878, 0.17935287952423096, 0.3398166596889496, 0.9395201802253723, 0.04273749142885208, -0.18311402201652527, 0.021522052586078644, 0.9828561544418335),
            ["RightUpperLeg"] = CFrame.new(8.940696716308594e-08, -1.7194543033838272e-07, -3.708555595949292e-08, 0.8223668336868286, 0.5176135897636414, 0.23619681596755981, -0.17817671597003937, 0.6285523176193237, -0.7570835947990417, -0.5403387546539307, 0.580515444278717, 0.6091269254684448),
            ["Guitar"] = CFrame.new(0, 0, 0, 1, 0, 0, 0, 1, 0, 0, 0, 1),
        }},
        {Time = 0.292, Data = {
            ["LeftLowerArm"] = CFrame.new(1.7881393432617188e-07, 5.960464477539062e-07, 1.043081283569336e-07, 0.5590602159500122, -0.8260224461555481, -0.0716840922832489, 0.7699220180511475, 0.5492799282073975, -0.32482585310935974, 0.30768799781799316, 0.12640595436096191, 0.9430534243583679),
            ["LeftFoot"] = CFrame.new(9.074574336409569e-08, -5.960464477539063e-08, -5.3085386753082275e-08, 0.7439787983894348, -0.6563833355903625, -0.12512719631195068, 0.5022057294845581, 0.6727901697158813, -0.5432707071304321, 0.4407777488231659, 0.341342031955719, 0.830180823802948),
            ["RightHand"] = CFrame.new(1.564621925354004e-07, -1.7881393432617188e-07, 3.8743019104003906e-07, 0.997857391834259, -0.06538926810026169, -0.0022383294999599457, 0.06519320607185364, 0.9965943694114685, -0.05049453675746918, 0.005532519426196814, 0.050240449607372284, 0.9987218379974365),
            ["HumanoidRootPart"] = CFrame.new(0, 0, 0, 1, 0, 0, 0, 1, 0, 0, 0, 1),
            ["RightLowerLeg"] = CFrame.new(-8.195638656616211e-08, -1.1920928955078125e-07, -7.281050784513354e-08, 1, 9.313225746154785e-08, 1.3969835777061235e-07, -6.51925802230835e-08, 0.08006280660629272, 0.9967898726463318, 7.450580596923828e-08, -0.9967898726463318, 0.08006320148706436),
            ["LeftUpperLeg"] = CFrame.new(-5.960464477539063e-08, 1.491280272603035e-07, -1.564621925354004e-07, 0.5816919803619385, 0.6331951022148132, -0.5105862021446228, -0.8117768168449402, 0.4121585786342621, -0.4136958718299866, -0.051507722586393356, 0.6551254987716675, 0.7537621259689331),
            ["LeftLowerLeg"] = CFrame.new(6.705522537231445e-08, 0, -2.9802322387695312e-08, 1, -1.862645149230957e-08, -2.9802322387695312e-08, -2.2351741790771484e-07, 0.5692248940467834, 0.822181761264801, 5.960464477539063e-08, -0.8221819400787354, 0.5692251920700073),
            ["RightUpperArm"] = CFrame.new(1.1920928955078125e-07, 1.1920928955078125e-07, 3.725290298461914e-08, 0.8060503005981445, 0.20159116387367249, 0.5564565062522888, 0.31053921580314636, -0.9444418549537659, -0.10767967253923416, 0.5038337111473083, 0.2595968246459961, -0.8238697052001953),
            ["Head"] = CFrame.new(2.1047890186309814e-07, 2.384185791015625e-07, 2.2165477275848389e-07, 0.9961177110671997, 0.07245678454637527, -0.04999593272805214, -0.07674223184585571, 0.9929879903793335, -0.08992035686969757, 0.04313004016876221, 0.09340806305408478, 0.9946933388710022),
            ["UpperTorso"] = CFrame.new(-1.210719347000122e-08, 8.940696716308594e-08, -9.313225746154785e-08, 0.9309435486793518, -0.16707758605480194, -0.32469868659973145, 0.1838838905096054, 0.9827117919921875, 0.021547505632042885, 0.31548506021499634, -0.07976637035608292, 0.9455720782279968),
            ["LeftUpperArm"] = CFrame.new(0, 1.1920928955078125e-07, 5.21540641784668e-08, 0.7958344221115112, 0.11030945926904678, -0.5953819751739502, -0.13183742761611938, -0.9281107187271118, -0.34818029403686523, -0.5909878015518188, 0.3555874228477478, -0.7240793704986572),
            ["RightLowerArm"] = CFrame.new(5.960464477539063e-08, 5.960464477539062e-07, -1.1175870895385742e-08, 0.6896659731864929, 0.7212682366371155, -0.06428910791873932, -0.6480611562728882, 0.5751716494560242, -0.4991937279701233, -0.32307514548301697, 0.38594022393226624, 0.8641022443771362),
            ["LeftHand"] = CFrame.new(-2.682209014892578e-07, 0, -2.0302832126617432e-07, -0.9577545523643494, -0.2502141296863556, 0.14177176356315613, -0.24328604340553284, 0.9678049683570862, 0.06454174965620041, -0.1533566266298294, 0.027324065566062927, -0.9877931475639343),
            ["RightFoot"] = CFrame.new(-7.217749953269958e-08, 1.1920928955078125e-07, 1.6188278095796704e-07, 0.9587998390197754, -0.07901626080274582, -0.27287277579307556, -0.10336565226316452, 0.7976630926132202, -0.5941795110702515, 0.26461008191108704, 0.5979048013687134, 0.7566314935684204),
            ["LowerTorso"] = CFrame.new(0.5966672897338867, -0.5515679121017456, 0.03714951500296593, 0.9593461751937866, -0.22189296782016754, 0.17440900206565857, 0.22075064480304718, 0.9749791622161865, 0.026172352954745293, -0.17585256695747375, 0.013392548076808453, 0.9843254685401917),
            ["RightUpperLeg"] = CFrame.new(-8.940696716308594e-08, 7.150811143219471e-08, -3.149762051180005e-08, 0.800000786781311, 0.5762868523597717, 0.1670093834400177, -0.2108054757118225, 0.5305704474449158, -0.8210092186927795, -0.5617470741271973, 0.6216015815734863, 0.545941174030304),
            ["Guitar"] = CFrame.new(0, 0, 0, 1, 0, 0, 0, 1, 0, 0, 0, 1),
        }},
        {Time = 0.333, Data = {
            ["LeftLowerArm"] = CFrame.new(-3.5762786865234375e-07, 1.1920928955078125e-07, -6.146728992462158e-08, 0.9972171783447266, -0.04488665238022804, -0.059523552656173706, 0.018202438950538635, 0.9208595752716064, -0.3894694745540619, 0.07229477167129517, 0.3873021602630615, 0.9191139936447144),
            ["LeftFoot"] = CFrame.new(1.7159618437290192e-07, 1.7881393432617188e-07, -2.1653249859809875e-08, 0.7189562320709229, -0.6630322337150574, -0.20854292809963226, 0.5198193192481995, 0.7120960354804993, -0.4719194173812866, 0.46139973402023315, 0.2308841198682785, 0.8566223978996277),
            ["RightHand"] = CFrame.new(3.596651367843151e-07, 1.7881393432617188e-07, 3.157183527946472e-07, 0.9965632557868958, -0.08260906487703323, 0.006117820739746094, 0.08277411758899689, 0.9959455132484436, -0.035229116678237915, -0.0031827911734580994, 0.035614416003227234, 0.9993605613708496),
            ["HumanoidRootPart"] = CFrame.new(0, 0, 0, 1, 0, 0, 0, 1, 0, 0, 0, 1),
            ["RightLowerLeg"] = CFrame.new(-4.470348358154297e-08, 5.960464477539063e-08, -2.218221197836101e-07, 1, 1.862645149230957e-07, -1.1548399925231934e-07, -2.384185791015625e-07, 0.119553342461586, 0.9928277134895325, -3.725290298461914e-08, -0.9928277730941772, 0.11955389380455017),
            ["LeftUpperLeg"] = CFrame.new(0, 8.515780791640282e-08, -1.4156103134155273e-07, 0.6917008757591248, 0.6868964433670044, -0.22298702597618103, -0.7144423723220825, 0.6057608127593994, -0.3501800298690796, -0.10546024143695831, 0.401530921459198, 0.9097532033920288),
            ["LeftLowerLeg"] = CFrame.new(-3.725290298461914e-09, -1.1920928955078125e-07, 8.475035429000854e-08, 1, -3.3527612686157227e-08, -3.026798083283211e-07, -2.0116564769523393e-07, 0.8925125002861023, 0.45102304220199585, -4.8428766774577525e-08, -0.451022744178772, 0.8925122618675232),
            ["RightUpperArm"] = CFrame.new(1.1920928955078125e-07, 4.76837158203125e-07, -1.4901161193847656e-08, 0.9179152846336365, 0.39544790983200073, 0.03244206681847572, 0.39677584171295166, -0.9149767160415649, -0.07339347153902054, 0.000660441757645458, 0.08024121075868607, -0.9967753291130066),
            ["Head"] = CFrame.new(8.940696716308594e-08, 3.5762786865234375e-07, 2.1094456315040588e-07, 0.9840422868728638, 0.012985147535800934, 0.17746084928512573, -0.004771525505930185, 0.9989007115364075, -0.046632591634988785, -0.17787133157253265, 0.04504166916012764, 0.9830224514007568),
            ["UpperTorso"] = CFrame.new(6.05359673500061e-08, -1.1920928955078125e-07, -9.313225746154785e-08, 0.9417610168457031, -0.3358043134212494, -0.01793745718896389, 0.33564382791519165, 0.9353464245796204, 0.11167064309120178, -0.02072172611951828, -0.1111876592040062, 0.9935834407806396),
