return {
    ["Jazzy Dance"] = {
        {Time = 0.000, Data = {
            ["LeftFoot"] = CFrame.new(9.685754776000977e-08, 1.1920928955078125e-07, -2.60770320892334e-08, 0.9165968894958496, -0.2350039780139923, 0.3234551250934601, 0.008163346908986568, 0.8198485970497131, 0.5725219249725342, -0.3997292220592499, -0.5221316814422607, 0.7533893585205078),
            ["LeftLowerArm"] = CFrame.new(-4.172325134277344e-07, 4.76837158203125e-07, -9.5367431640625e-07, 1, 0, -2.6077035641947077e-08, 1.1175874448099421e-08, 0.9788558483123779, -0.2045513391494751, 4.842879164357328e-08, 0.20455127954483032, 0.9788559079170227),
            ["LowerTorso"] = CFrame.new(0.009066207334399223, 0.12556672096252441, -0.13052409887313843, 0.9905796051025391, 0.1198294535279274, -0.06627941876649857, -0.12149287015199661, 0.9923561811447144, -0.021648593246936798, 0.063178651034832, 0.02949713170528412, 0.997566282749176),
            ["Head"] = CFrame.new(-2.60770320892334e-08, -3.5762786865234375e-07, -3.725290298461914e-08, 0.9603104591369629, -0.04915483295917511, -0.2745685279369354, 0.08238444477319717, 0.9904187917709351, 0.11083134263753891, 0.2664898633956909, -0.12905268371105194, 0.9551590085029602),
            ["RightUpperArm"] = CFrame.new(-1.1920928955078125e-07, 3.5762786865234375e-07, 0, 0.8796289563179016, -0.06015083193778992, 0.4718419015407562, 0.3257238566875458, 0.7990696430206299, -0.5053631067276001, -0.346636563539505, 0.5982220768928528, 0.7224772572517395),
            ["UpperTorso"] = CFrame.new(1.6763806343078613e-08, 3.8743019104003906e-07, -1.6065314412117004e-08, 0.9491511583328247, -0.005636775400489569, 0.31477051973342896, 0.026975272223353386, 0.9976187944412231, -0.06347557157278061, -0.3136632442474365, 0.06873892992734909, 0.9470430016517639),
            ["HumanoidRootPart"] = CFrame.new(0, 0, 0, 1, 0, 0, 0, 1, 0, 0, 0, 1),
            ["RightHand"] = CFrame.new(3.5762786865234375e-07, 4.76837158203125e-07, 7.450580596923828e-08, 0.9846296310424805, -0.17272810637950897, 0.025876907631754875, 0.17376920580863953, 0.9837289452552795, -0.0456254743039608, -0.017575083300471306, 0.04942076653242111, 0.9986234307289124),
            ["LeftUpperArm"] = CFrame.new(0, -4.76837158203125e-07, 2.9802322387695312e-08, 0.8554259538650513, 0.48330777883529663, 0.1861719936132431, -0.4091337323188782, 0.4101661443710327, 0.8150909543037415, 0.31757837533950806, -0.7734193205833435, 0.5486042499542236),
            ["RightLowerArm"] = CFrame.new(4.172325134277344e-07, -3.5762786865234375e-07, -5.364418029785156e-07, 1, -5.8673329306202504e-08, 0, 5.960465188081798e-08, 0.6905583143234253, -0.7232767939567566, 1.4901162970204496e-08, 0.723276674747467, 0.6905581951141357),
            ["LeftHand"] = CFrame.new(3.129243850708008e-07, 1.1920928955078125e-07, -2.384185791015625e-07, 0.9800413846969604, 0.1978643238544464, -0.019198831170797348, -0.18768270313739777, 0.9527751803398132, 0.23873601853847504, 0.06552937626838684, -0.2303677648305893, 0.9708947539329529),
            ["RightUpperLeg"] = CFrame.new(-8.940696716308594e-08, 1.6344711184501648e-07, -1.7305865185335279e-07, 0.9761884212493896, -0.07202049344778061, -0.20461995899677277, 0.035360097885131836, 0.9834912419319153, -0.17746764421463013, 0.21402335166931152, 0.1660059243440628, 0.9626193046569824),
            ["LeftUpperLeg"] = CFrame.new(-2.980232238769531e-07, 1.4761462807655334e-07, -2.5704503059387207e-07, 0.9978423714637756, -0.051154911518096924, -0.041157037019729614, 0.009708172641694546, 0.7349240183830261, -0.6780800819396973, 0.06493443250656128, 0.676217257976532, 0.7338347434997559),
            ["RightLowerLeg"] = CFrame.new(-4.470348358154297e-08, -0.00012218952178955078, -0.00007746944174868986, 1, -7.450579175838357e-08, -4.470347292340193e-08, 7.823108916227284e-08, 0.8117427229881287, 0.5840150713920593, -5.215405707303944e-08, -0.5840153694152832, 0.8117428421974182),
            ["RightFoot"] = CFrame.new(-1.30385160446167e-08, 2.980232238769531e-07, -1.6931153368204832e-08, 0.9837341904640198, 0.17918384075164795, 0.012671511620283127, -0.17946049571037292, 0.9834242463111877, 0.025894425809383392, -0.007821590639650822, -0.027746988460421562, 0.999584436416626),
            ["LeftLowerLeg"] = CFrame.new(-2.9802322387695312e-08, 0.00012254714965820312, 0.00007739663124084473, 1, 7.450579886381092e-08, 6.332992796842518e-08, -5.7276345444279286e-08, 0.4945752024650574, 0.8691350817680359, 2.2351745343485163e-08, -0.8691348433494568, 0.49457478523254395),
        }},
        {Time = 0.033, Data = {
            ["LeftFoot"] = CFrame.new(-7.450580596923828e-09, 1.1920928955078125e-07, -5.494803190231323e-08, 0.8760683536529541, -0.32428717613220215, 0.3568500578403473, 0.014826697297394276, 0.7578328251838684, 0.6522802114486694, -0.4819590151309967, -0.5661512017250061, 0.668721616268158),
            ["LeftLowerArm"] = CFrame.new(2.384185791015625e-07, 1.1920928955078125e-07, 2.9802322387695312e-08, 1, -1.4901166522918174e-08, 6.705523247774181e-08, 1.4901162970204496e-08, 0.9367721676826477, -0.34993985295295715, -3.725290742551124e-09, 0.34993988275527954, 0.9367722868919373),
            ["LowerTorso"] = CFrame.new(0.006347608752548695, 0.16215014457702637, -0.18118594586849213, 0.9855578541755676, 0.1140960231423378, -0.1251312494277954, -0.1201719269156456, 0.9918596744537354, -0.04210902377963066, 0.11930816620588303, 0.05653814226388931, 0.9912461638450623),
            ["Head"] = CFrame.new(7.264316082000732e-08, -2.384185791015625e-07, 1.0058283805847168e-07, 0.9707395434379578, -0.07019176334142685, -0.22964753210544586, 0.10464650392532349, 0.9843961596488953, 0.14146912097930908, 0.21613407135009766, -0.16136151552200317, 0.9629375338554382),
            ["RightUpperArm"] = CFrame.new(-1.7881393432617188e-07, 0, 1.4901161193847656e-08, 0.8253048658370972, -0.029443778097629547, 0.5639192461967468, 0.4248464107513428, 0.6902356743812561, -0.5857305526733398, -0.37199121713638306, 0.7229853868484497, 0.5821638703346252),
            ["UpperTorso"] = CFrame.new(3.725290298461914e-08, 0, -2.3283064365386963e-08, 0.9342414140701294, 0.014817895367741585, 0.35633349418640137, 0.005836783442646265, 0.9983674883842468, -0.05681940168142319, -0.35659369826316833, 0.05516289547085762, 0.9326297044754028),
            ["HumanoidRootPart"] = CFrame.new(0, 0, 0, 1, 0, 0, 0, 1, 0, 0, 0, 1),
            ["RightHand"] = CFrame.new(4.172325134277344e-07, -1.1920928955078125e-07, -1.1920928955078125e-07, 0.984080970287323, -0.1769629865884781, 0.01639735698699951, 0.1776244044303894, 0.9823914766311646, -0.05793597549200058, -0.005856022238731384, 0.05992624908685684, 0.9981856942176819),
            ["LeftUpperArm"] = CFrame.new(-1.1920928955078125e-07, 0, 8.940696716308594e-08, 0.6781577467918396, 0.4418404996395111, 0.5872640013694763, -0.7212820649147034, 0.2469433695077896, 0.6471253633499146, 0.1409052014350891, -0.8624359965324402, 0.4861581325531006),
            ["RightLowerArm"] = CFrame.new(4.76837158203125e-07, 1.1920928955078125e-07, 3.2782554626464844e-07, 1, -2.980232594040899e-08, 2.980232594040899e-08, 1.3411042232291948e-07, 0.603672206401825, -0.7972328066825867, 5.960463056453591e-08, 0.7972327470779419, 0.6036721467971802),
            ["LeftHand"] = CFrame.new(-7.897615432739258e-07, -2.384185791015625e-07, 1.1920928955078125e-07, 0.9584209322929382, 0.2777569890022278, 0.06542612612247467, -0.2853129506111145, 0.9286379814147949, 0.23712457716464996, 0.0051058619283139706, -0.24593202769756317, 0.9692736864089966),
            ["RightUpperLeg"] = CFrame.new(-5.960464477539063e-08, -1.7043203115463257e-07, -1.0227813618257642e-07, 0.9750197529792786, -0.09299230575561523, -0.20171503722667694, 0.058835718780756, 0.983830451965332, -0.1691630631685257, 0.2141842246055603, 0.15306930243968964, 0.9647253155708313),
            ["LeftUpperLeg"] = CFrame.new(-1.1920928955078125e-07, -4.3958425521850586e-07, -2.980232238769531e-07, 0.9947978258132935, -0.05510265752673149, -0.08567988872528076, 0.010144161991775036, 0.8904801607131958, -0.4549088478088379, 0.10136277973651886, 0.4516734480857849, 0.8864067792892456),
            ["RightLowerLeg"] = CFrame.new(-4.470348358154297e-08, -0.00012224912643432617, -0.00007738003478152677, 1, -8.568165554834195e-08, -5.029144389823159e-08, 8.638016879558563e-08, 0.7924600839614868, 0.6099240779876709, -1.6763806343078613e-08, -0.6099238395690918, 0.7924598455429077),
            ["RightFoot"] = CFrame.new(-1.1175870895385742e-08, 4.172325134277344e-07, -2.8107024263590574e-08, 0.9796208739280701, 0.07028321921825409, -0.18815746903419495, -0.0788484737277031, 0.996146023273468, -0.0384211540222168, 0.184732124209404, 0.05247408151626587, 0.9813870787620544),
            ["LeftLowerLeg"] = CFrame.new(5.960464477539063e-08, 0.0001226663589477539, 0.00007738173007965088, 1, 2.561136547285514e-08, -1.1932574928152917e-08, -5.774199962615967e-08, 0.8803005218505859, 0.4744165241718292, 2.60770320892334e-08, -0.47441643476486206, 0.8803005814552307),
        }},
        {Time = 0.067, Data = {
            ["LeftFoot"] = CFrame.new(2.2351741790771484e-08, 5.960464477539063e-08, -1.862645149230957e-08, 0.7967387437820435, -0.454857736825943, 0.39788463711738586, 0.14354844391345978, 0.7819978594779968, 0.6065254211425781, -0.5870276093482971, -0.4261265695095062, 0.6883420348167419),
            ["LeftLowerArm"] = CFrame.new(3.8743019104003906e-07, 0, 2.9802322387695312e-08, 1, -3.725290653733282e-08, 7.450580596923828e-09, 3.3527612686157227e-08, 0.893220067024231, -0.4496200382709503, 3.725290298461914e-09, 0.44962000846862793, 0.8932200074195862),
            ["LowerTorso"] = CFrame.new(0.01854964904487133, 0.1473217010498047, -0.24503420293331146, 0.9817840456962585, 0.048403650522232056, -0.1837312877178192, -0.06288853287696838, 0.995284914970398, -0.07384444773197174, 0.17929063737392426, 0.0840538889169693, 0.980198860168457),
            ["Head"] = CFrame.new(3.166496753692627e-08, -2.384185791015625e-07, -7.450580596923828e-08, 0.9799824357032776, -0.05832425877451897, -0.19034937024116516, 0.10051291435956955, 0.9702674150466919, 0.22017832100391388, 0.17184793949127197, -0.23490342497825623, 0.956707239151001),
            ["RightUpperArm"] = CFrame.new(1.1920928955078125e-07, 4.76837158203125e-07, -1.4901161193847656e-07, 0.7972157597541809, 0.017950354143977165, 0.6034276485443115, 0.5038232207298279, 0.5308808088302612, -0.6814160943031311, -0.3325798213481903, 0.8472564816474915, 0.4141826927661896),
            ["UpperTorso"] = CFrame.new(3.3527612686157227e-08, -2.980232238769531e-07, 4.423782229423523e-08, 0.9133838415145874, 0.10071823000907898, 0.3944438695907593, -0.06972891092300415, 0.9932992458343506, -0.09216543287038803, -0.4010836184024811, 0.05667828023433685, 0.9142863750457764),
            ["HumanoidRootPart"] = CFrame.new(0, 0, 0, 1, 0, 0, 0, 1, 0, 0, 0, 1),
            ["RightHand"] = CFrame.new(-5.960464477539063e-08, 0, 2.60770320892334e-07, 0.9747884273529053, -0.20806542038917542, -0.08060052245855331, 0.20000053942203522, 0.9749000072479248, -0.097824826836586, 0.09893140196800232, 0.0792384222149849, 0.9919344186782837),
            ["LeftUpperArm"] = CFrame.new(-1.1920928955078125e-07, -1.1920928955078125e-07, 2.9802322387695312e-08, 0.3186292052268982, 0.3815188407897949, 0.8677089810371399, -0.9476979374885559, 0.1461392641067505, 0.28374654054641724, -0.018551824614405632, -0.9127358198165894, 0.4081287682056427),
            ["RightLowerArm"] = CFrame.new(0, -1.1920928955078125e-07, 5.960464477539063e-08, 1, -4.4703490686970326e-08, 1.4901161193847656e-08, 1.1920930376163597e-07, 0.5983729362487793, -0.8012176752090454, 7.450581485102248e-09, 0.8012177348136902, 0.5983729958534241),
            ["LeftHand"] = CFrame.new(-4.470348358154297e-07, -3.5762786865234375e-07, 4.470348358154297e-08, 0.8938440680503845, 0.3831140697002411, 0.2329515814781189, -0.4264508783817291, 0.8868739008903503, 0.1777484118938446, -0.13850075006484985, -0.25822165608406067, 0.9561062455177307),
            ["RightUpperLeg"] = CFrame.new(-5.960464477539063e-08, -7.599592208862305e-07, -3.894820110872388e-08, 0.9806992411613464, -0.030061418190598488, -0.19319738447666168, 0.010738111101090908, 0.9948996305465698, -0.10029786825180054, 0.19522711634635925, 0.09628722071647644, 0.976020097732544),
            ["LeftUpperLeg"] = CFrame.new(-1.7881393432617188e-07, -0.000001041218638420105, -2.1606683731079102e-07, 0.9891604781150818, -0.005763721186667681, -0.14672565460205078, -0.0528450608253479, 0.9183045029640198, -0.3923315703868866, 0.1370002031326294, 0.3958328366279602, 0.9080460667610168),
            ["RightLowerLeg"] = CFrame.new(7.450580596923828e-09, -0.00012248754501342773, -0.00007729062781436369, 1, -5.5879375793210784e-08, -7.636844401304188e-08, 6.420305709298191e-08, 0.8443016409873962, 0.5358677506446838, -5.587936158235607e-08, -0.535868227481842, 0.8443019390106201),
            ["RightFoot"] = CFrame.new(-2.7008354663848877e-08, 2.384185791015625e-07, 2.590968506410718e-08, 0.9404985904693604, 0.019210975617170334, -0.3392539322376251, -0.027901429682970047, 0.9993951916694641, -0.020756898447871208, 0.338650107383728, 0.028987744823098183, 0.9404658079147339),
            ["LeftLowerLeg"] = CFrame.new(2.9802322387695312e-08, 0.00012254714965820312, 0.00007736682891845703, 1, 6.332990665214311e-08, 2.607702498380604e-08, -3.3527619791584584e-08, 0.9282410144805908, 0.37197932600975037, -1.1175873559921001e-08, -0.371979296207428, 0.9282410144805908),
        }},
        {Time = 0.100, Data = {
            ["LeftFoot"] = CFrame.new(-2.9802322387695312e-08, 5.960464477539063e-08, -7.82310962677002e-08, 0.7783035039901733, -0.4781501591205597, 0.40695950388908386, 0.21428720653057098, 0.8115025162696838, 0.5436405539512634, -0.5901902914047241, -0.3359108567237854, 0.7340565323829651),
            ["LeftLowerArm"] = CFrame.new(-1.1920928955078125e-07, -4.76837158203125e-07, -2.4586915969848633e-07, 1, -6.705523247774181e-08, 1.4901162970204496e-08, 7.078052277620372e-08, 0.843840479850769, -0.5365942120552063, 2.6077035641947077e-08, 0.5365941524505615, 0.8438404202461243),
            ["LowerTorso"] = CFrame.new(0.013068217784166336, 0.10323643684387207, -0.3043566346168518, 0.9787824749946594, 0.04063944146037102, -0.20083153247833252, -0.055000871419906616, 0.9962725043296814, -0.06645338237285614, 0.19738228619098663, 0.07608931511640549, 0.9773693084716797),
            ["Head"] = CFrame.new(9.872019290924072e-08, 0, -3.725290298461914e-09, 0.9849762320518494, -0.04149700328707695, -0.16763049364089966, 0.0894031897187233, 0.9530237317085266, 0.2894008159637451, 0.14774654805660248, -0.3000395894050598, 0.9424155950546265),
            ["RightUpperArm"] = CFrame.new(0, 3.5762786865234375e-07, 2.9802322387695312e-08, 0.821807861328125, 0.070545494556427, 0.5653805732727051, 0.5093846917152405, 0.35359832644462585, -0.78453528881073, -0.25526314973831177, 0.9327334761619568, 0.25465503334999084),
            ["UpperTorso"] = CFrame.new(2.0489096641540527e-08, -2.980232238769531e-07, -7.450580596923828e-09, 0.8989351391792297, 0.13985267281532288, 0.41515880823135376, -0.08264214545488358, 0.9847956299781799, -0.15280023217201233, -0.43021613359451294, 0.10304787755012512, 0.8968251347541809),
            ["HumanoidRootPart"] = CFrame.new(0, 0, 0, 1, 0, 0, 0, 1, 0, 0, 0, 1),
            ["RightHand"] = CFrame.new(0, 4.172325134277344e-07, -5.960464477539063e-08, 0.9013261198997498, -0.30595576763153076, -0.306598037481308, 0.27402961254119873, 0.9509707689285278, -0.14339600503444672, 0.33543866872787476, 0.045229628682136536, 0.9409756660461426),
            ["LeftUpperArm"] = CFrame.new(-1.1920928955078125e-07, -1.1920928955078125e-07, 4.470348358154297e-08, -0.046131681650877, 0.3680568337440491, 0.9286582469940186, -0.9929131269454956, 0.08503196388483047, -0.08302433788776398, -0.10952340066432953, -0.9259070158004761, 0.36152562499046326),
            ["RightLowerArm"] = CFrame.new(-7.748603820800781e-07, 1.1920928955078125e-07, -5.21540641784668e-08, 1, -1.4901161193847656e-08, 3.725290298461914e-08, 1.1920927533992653e-07, 0.6639561057090759, -0.7477716207504272, 4.0978189730367376e-08, 0.7477716207504272, 0.6639560461044312),
            ["LeftHand"] = CFrame.new(-3.2782554626464844e-07, -2.980232238769531e-07, 2.384185791015625e-07, 0.7606716752052307, 0.48086294531822205, 0.43606138229370117, -0.5806711316108704, 0.8043357133865356, 0.12595680356025696, -0.2901717722415924, -0.34902000427246094, 0.8910585641860962),
            ["RightUpperLeg"] = CFrame.new(0, -2.253800630569458e-07, -1.4325632946565747e-07, 0.9734301567077637, -0.04345053806900978, -0.2248239815235138, 0.017767708748579025, 0.9932041168212891, -0.1150217056274414, 0.2282940000295639, 0.10797090083360672, 0.9675867557525635),
            ["LeftUpperLeg"] = CFrame.new(-2.384185791015625e-07, -1.7508864402770996e-07, -2.5331974029541016e-07, 0.9998722672462463, 0.0050178575329482555, -0.015175394713878632, -0.011057594791054726, 0.9027310013771057, -0.43006330728530884, 0.011541461572051048, 0.4301762580871582, 0.9026712775230408),
            ["RightLowerLeg"] = CFrame.new(-5.960464477539063e-08, -0.00012242794036865234, -0.00007738003478152677, 1, -6.332991375757047e-08, -2.421439582178664e-08, 8.381902460996571e-08, 0.8668844103813171, 0.4985094666481018, -3.911554458113642e-08, -0.4985092878341675, 0.8668843507766724),
            ["RightFoot"] = CFrame.new(3.725290298461914e-09, 4.76837158203125e-07, 2.032174961641431e-08, 0.9669747352600098, 0.029361387714743614, -0.2531753182411194, -0.0071245720610022545, 0.9960680603981018, 0.08830482512712479, 0.2547725737094879, -0.08358476310968399, 0.963381826877594),
            ["LeftLowerLeg"] = CFrame.new(-6.705522537231445e-08, 0.00012260675430297852, 0.00007711350917816162, 1, 3.911556589741849e-08, 3.8649869082973964e-08, -2.2351745343485163e-08, 0.9084520936012268, 0.41798871755599976, 3.3527616238870905e-08, -0.4179890751838684, 0.9084522128105164),
        }},
        {Time = 0.133, Data = {
            ["LeftFoot"] = CFrame.new(5.075708031654358e-08, -1.1920928955078125e-07, -3.259629011154175e-08, 0.8809097409248352, -0.3303402066230774, 0.33893096446990967, 0.17662493884563446, 0.8938437700271606, 0.4121242165565491, -0.4390920400619507, -0.30318087339401245, 0.8457419872283936),
            ["LeftLowerArm"] = CFrame.new(-6.556510925292969e-07, 5.960464477539063e-08, 9.406358003616333e-08, 1, -8.195640788244418e-08, 4.470348358154297e-08, 5.21540641784668e-08, 0.7893813252449036, -0.6139031648635864, 5.657784640789032e-08, 0.613903284072876, 0.7893813252449036),
            ["LowerTorso"] = CFrame.new(0.004373880103230476, 0.03713369369506836, -0.3589118421077728, 0.983456015586853, 0.031668130308389664, -0.17835767567157745, -0.04309168457984924, 0.9972350597381592, -0.06054240092635155, 0.17594726383686066, 0.06722652167081833, 0.9821013808250427),
            ["Head"] = CFrame.new(6.51925802230835e-08, 0, 1.7881393432617188e-07, 0.9871019721031189, -0.02876453660428524, -0.15748736262321472, 0.07745780050754547, 0.9467300176620483, 0.3125743865966797, 0.1401069462299347, -0.3207414746284485, 0.9367470145225525),
            ["RightUpperArm"] = CFrame.new(-1.1920928955078125e-07, 8.344650268554688e-07, -2.9802322387695312e-08, 0.8889920115470886, 0.12069281935691833, 0.44173139333724976, 0.41908520460128784, 0.17434261739253998, -0.8910512924194336, -0.18455609679222107, 0.977260410785675, 0.1044086217880249),
            ["UpperTorso"] = CFrame.new(1.862645149230957e-09, -2.384185791015625e-07, -2.7706846594810486e-08, 0.8928734660148621, 0.175855353474617, 0.41455039381980896, -0.09494271129369736, 0.9734161496162415, -0.20843935012817383, -0.4401852786540985, 0.14675143361091614, 0.8858335018157959),
            ["HumanoidRootPart"] = CFrame.new(0, 0, 0, 1, 0, 0, 0, 1, 0, 0, 0, 1),
            ["RightHand"] = CFrame.new(4.172325134277344e-07, -1.1920928955078125e-07, 1.601874828338623e-07, 0.7131316065788269, -0.4471265375614166, -0.5399271249771118, 0.41992682218551636, 0.8891801238059998, -0.1817149966955185, 0.5613420009613037, -0.09714318811893463, 0.8218627572059631),
            ["LeftUpperArm"] = CFrame.new(-1.1920928955078125e-07, 3.5762786865234375e-07, 5.960464477539063e-08, -0.2984490990638733, 0.40179866552352905, 0.8657287359237671, -0.9374763369560242, 0.046773847192525864, -0.34489157795906067, -0.17907054722309113, -0.9145326614379883, 0.362716943025589),
            ["RightLowerArm"] = CFrame.new(1.1920928955078125e-07, 1.1920928955078125e-07, 4.172325134277344e-07, 1, -7.450579886381092e-08, 1.862645149230957e-08, 1.862645326866641e-08, 0.745959997177124, -0.6659907698631287, 2.980232594040899e-08, 0.6659908294677734, 0.745959997177124),
            ["LeftHand"] = CFrame.new(1.7881393432617188e-07, -2.384185791015625e-07, 1.7881393432617188e-07, 0.6005000472068787, 0.6021412014961243, 0.526142418384552, -0.7388011813163757, 0.6695107221603394, 0.07699469476938248, -0.30589643120765686, -0.4349498152732849, 0.8469038009643555),
            ["RightUpperLeg"] = CFrame.new(-2.9802322387695312e-08, -5.457550287246704e-07, -1.2835516827180982e-07, 0.9650782346725464, -0.0495947040617466, -0.2572246491909027, 0.028915736824274063, 0.9960829019546509, -0.08356320858001709, 0.2603614032268524, 0.07320699840784073, 0.9627318978309631),
            ["LeftUpperLeg"] = CFrame.new(-5.960464477539063e-08, -4.470348358154297e-07, -2.5331974029541016e-07, 0.9867078065872192, 0.02313675545156002, 0.1608489751815796, 0.04716132953763008, 0.9064420461654663, -0.4196886718273163, -0.1555107682943344, 0.4216960668563843, 0.893302321434021),
            ["RightLowerLeg"] = CFrame.new(-7.450580596923828e-08, -0.00012218952178955078, -0.00007743963942630216, 1, -7.078051567077637e-08, -2.1420417439799166e-08, 5.774199962615967e-08, 0.8507803678512573, 0.5255211591720581, 1.5366822481155396e-08, -0.5255215167999268, 0.8507805466651917),
            ["RightFoot"] = CFrame.new(-4.842877388000488e-08, 4.172325134277344e-07, -7.617927622050047e-09, 0.973863959312439, 0.030170343816280365, -0.22511997818946838, -0.04360447824001312, 0.9975369572639465, -0.05494385212659836, 0.22290745377540588, 0.06332432478666306, 0.9727806448936462),
            ["LeftLowerLeg"] = CFrame.new(2.7939677238464355e-08, 0.00012236833572387695, 0.00007743248715996742, 1, 4.3248260084283174e-08, 1.3242242857813835e-08, -4.1909512304982854e-08, 0.8880863785743713, 0.4596770107746124, 7.916240996053148e-09, -0.45967671275138855, 0.8880862593650818),
        }},
        {Time = 0.167, Data = {
            ["LeftFoot"] = CFrame.new(-3.119930624961853e-08, 0, 2.8172507882118225e-08, 0.9120058417320251, -0.15787015855312347, 0.37857934832572937, 0.06079844385385513, 0.9647993445396423, 0.2558630406856537, -0.4056462049484253, -0.21033135056495667, 0.8895009160041809),
            ["LeftLowerArm"] = CFrame.new(8.940696716308594e-08, -5.960464477539063e-08, -4.842877388000488e-08, 1, -4.470347647611561e-08, 1.4901161193847656e-08, 5.960463766996327e-08, 0.8081784844398499, -0.5889377593994141, 4.9360089349193004e-08, 0.5889377593994141, 0.8081784248352051),
            ["LowerTorso"] = CFrame.new(-0.00986810028553009, -0.034820556640625, -0.40459731221199036, 0.9905157089233398, 0.07199979573488235, -0.11702428758144379, -0.08028573542833328, 0.9944701194763184, -0.06770075112581253, 0.11150270700454712, 0.0764540359377861, 0.9908188581466675),
            ["Head"] = CFrame.new(-9.778887033462524e-09, -3.5762786865234375e-07, 1.5459954738616943e-07, 0.9867345690727234, 0.003089208621531725, -0.1623128056526184, 0.04519018903374672, 0.9550750851631165, 0.2928985059261322, 0.1559256762266159, -0.29634806513786316, 0.9422659277915955),
            ["RightUpperArm"] = CFrame.new(0, -1.1920928955078125e-07, 2.9802322387695312e-08, 0.9530191421508789, 0.14619728922843933, 0.2652938663959503, 0.26962408423423767, -0.010277208872139454, -0.9629108309745789, -0.13804849982261658, 0.989202082157135, -0.04921266809105873),
            ["UpperTorso"] = CFrame.new(-7.450580596923828e-09, 0, -2.3283064365386963e-08, 0.9026662111282349, 0.1334349811077118, 0.4091320037841797, -0.05329607054591179, 0.978058397769928, -0.20139861106872559, -0.4270286560058594, 0.1599906086921692, 0.8899716734886169),
            ["HumanoidRootPart"] = CFrame.new(0, 0, 0, 1, 0, 0, 0, 1, 0, 0, 0, 1),
            ["RightHand"] = CFrame.new(5.960464477539063e-08, 5.960464477539062e-07, 4.023313522338867e-07, 0.6459121108055115, -0.4199552834033966, -0.6375227570533752, 0.4235585927963257, 0.8919128179550171, -0.1583973914384842, 0.6351343989372253, -0.16771744191646576, 0.7539728879928589),
            ["LeftUpperArm"] = CFrame.new(-1.1920928955078125e-07, 1.1920928955078125e-07, 1.6391277313232422e-07, -0.3690341114997864, 0.4969705641269684, 0.7853878736495972, -0.9061387777328491, -0.004448286723345518, -0.42295727133750916, -0.20670367777347565, -0.8677560091018677, 0.45196589827537537),
            ["RightLowerArm"] = CFrame.new(0, 0, 0, 1, -4.470347647611561e-08, 0, 2.2351745343485163e-08, 0.8274151086807251, -0.5615907311439514, 3.725290653733282e-08, 0.5615907907485962, 0.8274151682853699),
            ["LeftHand"] = CFrame.new(-5.066394805908203e-07, -1.7881393432617188e-07, -1.7881393432617188e-07, 0.5969823598861694, 0.5905548334121704, 0.5430073738098145, -0.7502651810646057, 0.6506658792495728, 0.1172015517950058, -0.2841024696826935, -0.4773665964603424, 0.8315088152885437),
            ["RightUpperLeg"] = CFrame.new(-8.940696716308594e-08, 3.91155481338501e-08, -7.620110409334302e-08, 0.9254676699638367, -0.12300911545753479, -0.3582993149757385, 0.1020619124174118, 0.9918029308319092, -0.0768795758485794, 0.364819198846817, 0.03458068519830704, 0.9304359555244446),
            ["LeftUpperLeg"] = CFrame.new(2.9802322387695312e-08, -5.327165126800537e-07, -1.7508864402770996e-07, 0.9827841520309448, -0.07390761375427246, 0.16933110356330872, 0.13324762880802155, 0.9184168577194214, -0.3724992573261261, -0.12798596918582916, 0.3886491656303406, 0.9124534726142883),
            ["RightLowerLeg"] = CFrame.new(1.0943040251731873e-08, -0.00012242794036865234, -0.00007726827607257292, 1, -9.592620386911221e-08, -2.5262133718229052e-08, 9.546057810894126e-08, 0.8001582026481628, 0.5997890830039978, -4.103640538488662e-09, -0.599789023399353, 0.8001582026481628),
            ["RightFoot"] = CFrame.new(1.5541445463895798e-08, 4.76837158203125e-07, 1.1939846444875002e-08, 0.9836488962173462, 0.02365144155919552, -0.17853699624538422, -0.07604764401912689, 0.9531709551811218, -0.2927141785621643, 0.16325323283672333, 0.30150583386421204, 0.939384400844574),
            ["LeftLowerLeg"] = CFrame.new(1.4901161193847656e-08, 0.00012284517288208008, 0.00007753446698188782, 1, 4.1829480323940516e-08, 1.932494164691434e-08, -4.4703490686970326e-08, 0.8988950252532959, 0.438164085149765, 1.3969840395589017e-08, -0.4381641745567322, 0.8988949656486511),
        }},
        {Time = 0.200, Data = {
            ["LeftFoot"] = CFrame.new(2.60770320892334e-08, 0, -1.0058283805847168e-07, 0.8990833163261414, -0.06105979532003403, 0.43349871039390564, -0.013516277074813843, 0.9858816862106323, 0.16689743101596832, -0.43756893277168274, -0.1559138298034668, 0.8855642676353455),
            ["LeftLowerArm"] = CFrame.new(2.980232238769531e-07, 2.384185791015625e-07, 1.341104507446289e-07, 1, -7.450580596923828e-08, 1.4901161193847656e-08, 9.685756197086448e-08, 0.8312720060348511, -0.555866003036499, -7.450581307466564e-08, 0.5558659434318542, 0.8312718868255615),
            ["LowerTorso"] = CFrame.new(-0.015207596123218536, -0.0780491828918457, -0.43887296319007874, 0.9919441342353821, 0.12453106045722961, -0.023214606568217278, -0.1260213404893875, 0.9887151122093201, -0.08100023865699768, 0.012865587137639523, 0.08327324688434601, 0.9964436888694763),
            ["Head"] = CFrame.new(1.6880221664905548e-08, 2.384185791015625e-07, 4.854518920183182e-08, 0.9806127548217773, 0.04453885182738304, -0.1908273845911026, 0.012362049892544746, 0.9578264951705933, 0.28708121180534363, 0.19556564092636108, -0.28387442231178284, 0.9387062191963196),
            ["RightUpperArm"] = CFrame.new(2.384185791015625e-07, 7.152557373046875e-07, -5.960464477539063e-08, 0.9622938632965088, 0.12097929418087006, 0.24362802505493164, 0.25637611746788025, -0.10409567505121231, -0.9609555602073669, -0.0908951684832573, 0.9871819019317627, -0.1311868131160736),
            ["UpperTorso"] = CFrame.new(2.7474015951156616e-08, 5.960464477539063e-08, 4.2782630771398544e-08, 0.9217346906661987, 0.06350550055503845, 0.38258644938468933, 0.00765451043844223, 0.9833307862281799, -0.18166452646255493, -0.38774573802948, 0.17037497460842133, 0.9058839082717896),
            ["HumanoidRootPart"] = CFrame.new(0, 0, 0, 1, 0, 0, 0, 1, 0, 0, 0, 1),
            ["RightHand"] = CFrame.new(1.1920928955078125e-07, -3.5762786865234375e-07, 1.1920928955078125e-07, 0.8440005779266357, -0.3973449468612671, -0.36024999618530273, 0.3732387125492096, 0.9174851775169373, -0.13752803206443787, 0.385170042514801, -0.018385550007224083, 0.9226624369621277),
            ["LeftUpperArm"] = CFrame.new(-1.1920928955078125e-07, 0, -5.960464477539063e-08, -0.32320526242256165, 0.5982372164726257, 0.7332466244697571, -0.9276025295257568, -0.04689590260386467, -0.37061363458633423, -0.18732842803001404, -0.7999457716941833, 0.5700833201408386),
            ["RightLowerArm"] = CFrame.new(-2.980232238769531e-07, 1.7881393432617188e-07, 4.1350722312927246e-07, 1, -4.4703494239684005e-08, 1.4901164746561335e-08, 3.725290653733282e-08, 0.8587962985038757, -0.5123172998428345, 1.4901162970204496e-08, 0.5123172998428345, 0.858796238899231),
            ["LeftHand"] = CFrame.new(-3.2782554626464844e-07, -5.960464477539062e-07, -1.7881393432617188e-07, 0.6592086553573608, 0.5257793068885803, 0.5375872850418091, -0.6998494267463684, 0.6904880404472351, 0.18285852670669556, -0.27505433559417725, -0.49677199125289917, 0.8231419920921326),
            ["RightUpperLeg"] = CFrame.new(5.960464477539063e-08, 1.1920928955078125e-07, -9.762152330949903e-08, 0.8766619563102722, -0.17169135808944702, -0.4494282603263855, 0.1645439714193344, 0.9848206043243408, -0.05526101961731911, 0.452094167470932, -0.025505634024739265, 0.8916056156158447),
            ["LeftUpperLeg"] = CFrame.new(-1.7881393432617188e-07, -1.2665987014770508e-07, -2.682209014892578e-07, 0.9792739748954773, -0.18907864391803741, 0.07260634750127792, 0.20247173309326172, 0.9231883883476257, -0.32669344544410706, -0.005258573219180107, 0.3346230089664459, 0.9423373341560364),
            ["RightLowerLeg"] = CFrame.new(-2.0489096641540527e-08, -0.00012224912643432617, -0.0000773874853621237, 1, -1.1734667282325972e-07, -4.284083487959833e-08, 9.965152969471092e-08, 0.7671500444412231, 0.6414669156074524, -1.4551917004723691e-08, -0.6414676904678345, 0.7671507000923157),
            ["RightFoot"] = CFrame.new(-3.4691765904426575e-08, 2.980232238769531e-07, 1.1008523870259523e-08, 0.9788120985031128, -0.012955836951732635, -0.20435106754302979, -0.09414917230606079, 0.8577664494514465, -0.5053440928459167, 0.18183216452598572, 0.5138764977455139, 0.8383723497390747),
            ["LeftLowerLeg"] = CFrame.new(9.872019290924072e-08, 0.00012296438217163086, 0.00007733236998319626, 1, 2.9569495296755122e-08, 1.932494164691434e-08, -3.073365206773815e-08, 0.9284512400627136, 0.37145423889160156, 1.5832487321176814e-08, -0.3714543581008911, 0.9284512400627136),
        }},
        {Time = 0.233, Data = {
            ["LeftFoot"] = CFrame.new(-1.955777406692505e-08, 0, -3.5390257835388184e-08, 0.9162495136260986, -0.05238724872469902, 0.3971681296825409, -0.014046365395188332, 0.9866021871566772, 0.16253876686096191, -0.4003620147705078, -0.15450483560562134, 0.9032379388809204),
            ["LeftLowerArm"] = CFrame.new(-1.7881393432617188e-07, -5.960464477539063e-08, 4.76837158203125e-07, 1, -6.70552182668871e-08, -1.4901161193847656e-08, 3.725289587919178e-08, 0.8546553254127502, -0.5191959738731384, 4.470347292340193e-08, 0.5191959142684937, 0.8546552658081055),
            ["LowerTorso"] = CFrame.new(-0.003406132571399212, -0.08366537094116211, -0.4528754651546478, 0.9906080961227417, 0.12116286903619766, 0.06336668133735657, -0.11688611656427383, 0.9908597469329834, -0.06733977049589157, -0.0709465816617012, 0.05930062755942345, 0.995715856552124),
            ["Head"] = CFrame.new(7.636845111846924e-08, -3.5762786865234375e-07, 1.0291114449501038e-07, 0.9698918461799622, 0.07855543494224548, -0.23051898181438446, -0.006011524237692356, 0.9539825320243835, 0.2998020052909851, 0.24346205592155457, -0.2893896996974945, 0.9257320761680603),
            ["RightUpperArm"] = CFrame.new(0, 0, 5.960464477539063e-08, 0.9063245058059692, 0.06241949647665024, 0.417946994304657, 0.42251408100128174, -0.11605130136013031, -0.8988959789276123, -0.007605412043631077, 0.9912799000740051, -0.13155321776866913),
            ["UpperTorso"] = CFrame.new(2.7939677238464355e-08, -5.662441253662109e-07, 1.4901161193847656e-08, 0.936733603477478, 0.04488968104124069, 0.34715279936790466, 0.033104922622442245, 0.9759371280670166, -0.21552467346191406, -0.3484741151332855, 0.21338169276714325, 0.9127069711685181),
            ["HumanoidRootPart"] = CFrame.new(0, 0, 0, 1, 0, 0, 0, 1, 0, 0, 0, 1),
            ["RightHand"] = CFrame.new(2.980232238769531e-07, 5.960464477539062e-07, -2.2724270820617676e-07, 0.9247448444366455, -0.37059274315834045, -0.08664926141500473, 0.36283883452415466, 0.9271820783615112, -0.09317460656166077, 0.11486946791410446, 0.05472307652235031, 0.9918721914291382),
            ["LeftUpperArm"] = CFrame.new(0, 0, 2.9802322387695312e-08, -0.19700250029563904, 0.6859562993049622, 0.700467050075531, -0.9753639101982117, -0.06478143483400345, -0.2108762562274933, -0.09927462041378021, -0.7247533798217773, 0.6818190217018127),
            ["RightLowerArm"] = CFrame.new(4.172325134277344e-07, -2.980232238769531e-07, 4.76837158203125e-07, 1, -7.450581307466564e-08, 1.862644971595273e-08, 2.980232594040899e-08, 0.8630517721176147, -0.5051155686378479, 4.4703490686970326e-08, 0.5051156282424927, 0.8630516529083252),
            ["LeftHand"] = CFrame.new(-1.1920928955078125e-07, -6.556510925292969e-07, -5.960464477539063e-08, 0.7659315466880798, 0.43017441034317017, 0.47780632972717285, -0.5943275690078735, 0.7571816444396973, 0.27101796865463257, -0.2452012449502945, -0.4915546178817749, 0.8356137871742249),
            ["RightUpperLeg"] = CFrame.new(-2.9802322387695312e-08, -6.05359673500061e-07, -1.8237187759950757e-07, 0.8578313589096069, -0.13003666698932648, -0.49720779061317444, 0.14274972677230835, 0.9896793365478516, -0.012549038045108318, 0.4937082827091217, -0.06021130084991455, 0.8675407767295837),
            ["LeftUpperLeg"] = CFrame.new(-5.960464477539063e-08, -0.0000010561197996139526, -2.2351741790771484e-07, 0.9792910814285278, -0.1998285949230194, 0.032520607113838196, 0.19842268526554108, 0.9154017567634583, -0.35024040937423706, 0.040218617767095566, 0.34943997859954834, 0.9360951781272888),
            ["RightLowerLeg"] = CFrame.new(-3.725290298461914e-08, -0.00012224912643432617, -0.00007730180368525907, 1, -1.4435497064368974e-07, -3.864987263568764e-08, 8.451751654092732e-08, 0.7975084781646729, 0.6033072471618652, -7.213383668158713e-08, -0.6033077836036682, 0.7975087761878967),
            ["RightFoot"] = CFrame.new(4.156026989221573e-08, 4.172325134277344e-07, 7.225025910884142e-09, 0.9669840931892395, -0.03041353076696396, -0.2530161142349243, -0.10488086938858032, 0.857372522354126, -0.5038970112800598, 0.23225392401218414, 0.5137971043586731, 0.8258756995201111),
            ["LeftLowerLeg"] = CFrame.new(-1.30385160446167e-08, 0.0001227259635925293, 0.00007746368646621704, 1, 2.9336657547673894e-08, 4.656613428188905e-10, -2.7474019503870295e-08, 0.9310131072998047, 0.36498597264289856, 2.0489098417897367e-08, -0.3649859130382538, 0.9310131072998047),
        }},
        {Time = 0.267, Data = {
            ["LeftFoot"] = CFrame.new(-2.60770320892334e-08, 0, 9.313225746154785e-09, 0.929184079170227, -0.10787707567214966, 0.35352426767349243, 0.023150568827986717, 0.9715684056282043, 0.23562423884868622, -0.36889177560806274, -0.21075443923473358, 0.9052634239196777),
            ["LeftLowerArm"] = CFrame.new(4.172325134277344e-07, 5.960464477539063e-08, 5.960464477539063e-08, 1, -6.05359673500061e-08, 0, 2.980232594040899e-08, 0.8722971081733704, -0.48897626996040344, 1.4901162970204496e-08, 0.48897626996040344, 0.8722971081733704),
            ["LowerTorso"] = CFrame.new(0.0106819998472929, -0.06446647644042969, -0.4508678615093231, 0.9888651967048645, 0.10847164690494537, 0.10188014805316925, -0.10153728723526001, 0.9922977685928345, -0.07096055895090103, -0.10879264771938324, 0.059825796633958817, 0.992262601852417),
            ["Head"] = CFrame.new(5.8673322200775146e-08, -4.76837158203125e-07, 8.381903171539307e-09, 0.9600874185562134, 0.08865322172641754, -0.26527857780456543, 0.0015407393220812082, 0.9467488527297974, 0.32196950912475586, 0.2796957492828369, -0.3095276951789856, 0.9088250398635864),
            ["RightUpperArm"] = CFrame.new(0, 1.1920928955078125e-07, -2.086162567138672e-07, 0.8120986819267273, 0.012911634519696236, 0.5833773612976074, 0.582374632358551, -0.08054836839437485, -0.8089202046394348, 0.03654564172029495, 0.9966671466827393, -0.0729326382279396),
            ["UpperTorso"] = CFrame.new(2.2351741790771484e-08, 5.960464477539063e-08, -3.632158041000366e-08, 0.9410979151725769, 0.04738056659698486, 0.3347983658313751, 0.02967863902449608, 0.9747382998466492, -0.22136950492858887, -0.33682945370674133, 0.21826672554016113, 0.9159179925918579),
            ["HumanoidRootPart"] = CFrame.new(0, 0, 0, 1, 0, 0, 0, 1, 0, 0, 0, 1),
            ["RightHand"] = CFrame.new(2.9802322387695312e-08, 7.748603820800781e-07, -1.7136335372924805e-07, 0.9520068168640137, -0.3032959997653961, 0.04116436839103699, 0.30553266406059265, 0.9496966004371643, -0.06874793022871017, -0.018242664635181427, 0.07802549749612808, 0.9967844486236572),
            ["LeftUpperArm"] = CFrame.new(0, 0, -7.450580596923828e-08, -0.008155099116265774, 0.7418072819709778, 0.6705636382102966, -0.9995170831680298, -0.026155464351177216, 0.016778647899627686, 0.029985401779413223, -0.6701029539108276, 0.7416622638702393),
            ["RightLowerArm"] = CFrame.new(3.5762786865234375e-07, -5.960464477539063e-08, 1.4901161193847656e-07, 1, -7.450581307466564e-08, -3.725290653733282e-08, 7.450580596923828e-08, 0.8862696290016174, -0.4631698429584503, 2.9802322387695312e-08, 0.4631698727607727, 0.8862696290016174),
            ["LeftHand"] = CFrame.new(-2.980232238769531e-07, -1.7881393432617188e-07, 1.7881393432617188e-07, 0.8620125651359558, 0.377392053604126, 0.33839288353919983, -0.4835592210292816, 0.8124507665634155, 0.3257213532924652, -0.15200282633304596, -0.4444088339805603, 0.8828340768814087),
            ["RightUpperLeg"] = CFrame.new(5.960464477539063e-08, 4.0978193283081055e-07, -1.9168510334566236e-07, 0.8566786646842957, -0.10368484258651733, -0.5053227543830872, 0.12767240405082703, 0.9917318224906921, 0.01295517385005951, 0.4998015761375427, -0.07561428844928741, 0.8628332018852234),
            ["LeftUpperLeg"] = CFrame.new(-1.7881393432617188e-07, -1.0989606380462646e-07, -2.4959444999694824e-07, 0.9836881756782532, -0.17730726301670074, 0.03032713755965233, 0.1760302633047104, 0.9141431450843811, -0.3651789426803589, 0.037025488913059235, 0.3645608425140381, 0.9304433465003967),
