return {
    ["Jerking with style"] = {
        {Time = 0.000, Data = {
            ["LeftFoot"] = CFrame.new(0, 0, 4.172325134277344e-07, 0.989294707775116, -0.10949844866991043, -0.0964883416891098, 0.14470261335372925, 0.8220192193984985, 0.5507706999778748, 0.019007638096809387, -0.5588369965553284, 0.8290604948997498),
            ["LeftLowerArm"] = CFrame.new(0, -9.5367431640625e-07, -4.76837158203125e-07, 1.0000019073486328, 1.2542437843876542e-07, 1.917185272759525e-07, -2.3468764709377865e-07, 0.9257558584213257, -0.3781243860721588, -7.04117724126263e-08, 0.37812626361846924, 0.925754725933075),
            ["RightUpperArm"] = CFrame.new(-0.04286623001098633, -0.015019655227661133, -0.8432910442352295, 0.37917694449424744, 0.6184470057487488, -0.688296377658844, -0.39360642433166504, 0.7809907793998718, 0.4848991632461548, 0.8374379277229309, 0.08705490827560425, 0.5395581126213074),
            ["Head"] = CFrame.new(9.5367431640625e-07, 2.384185791015625e-07, -2.384185791015625e-07, 1.0000019073486328, -4.3725467691047015e-09, 1.2280051464585995e-07, 9.125992050940113e-08, 0.5150403380393982, 0.8571661710739136, 8.228439440927104e-08, -0.8571680784225464, 0.5150398015975952),
            ["LowerTorso"] = CFrame.new(0, -1.0530307292938232, -0.35707008838653564, 1.0000009536743164, 2.1106733072429051e-07, 3.973335793716615e-08, -2.1455755927490827e-07, 0.9397135972976685, -0.3419654071331024, 9.69377822457318e-09, 0.34196510910987854, 0.939712643623352),
            ["UpperTorso"] = CFrame.new(-0.0000019073486328125, 2.384185791015625e-07, -7.152557373046875e-07, 1.0000019073486328, 2.687491473807313e-07, -2.9582494676105853e-07, -3.742101739589998e-07, 0.48483437299728394, -0.874608039855957, 1.5345153769885655e-07, 0.8746062517166138, 0.4848344922065735),
            ["HumanoidRootPart"] = CFrame.new(0, 0, 0, 1, 0, 0, 0, 1, 0, 0, 0, 1),
            ["LeftUpperLeg"] = CFrame.new(-0.00000476837158203125, 2.384185791015625e-07, 5.960464477539062e-07, 0.9396942853927612, 0.31483033299446106, -0.133639857172966, -0.2198522984981537, 0.2567037343978882, -0.9411542415618896, -0.26199668645858765, 0.9137753248214722, 0.3104393184185028),
            ["LeftUpperArm"] = CFrame.new(4.76837158203125e-07, -4.76837158203125e-07, 4.76837158203125e-07, 1.0000019073486328, -4.4641456042882055e-07, -7.226159937090415e-07, 6.467623734351946e-07, -0.48480314016342163, 0.8746232986450195, -6.5872166032932e-07, -0.8746249675750732, -0.48480460047721863),
            ["RightLowerArm"] = CFrame.new(-3.2782554626464844e-07, -4.76837158203125e-07, 0.000001430511474609375, 1.000002145767212, -1.9371509552001953e-07, 8.195638656616211e-07, 7.301568984985352e-07, 0.9612667560577393, 0.2756228744983673, 2.086162567138672e-07, -0.27562469244003296, 0.961266279220581),
            ["LeftHand"] = CFrame.new(4.76837158203125e-07, 4.172325134277344e-07, 0, 1.0000019073486328, 9.4001997297255e-08, 1.451603566238191e-07, -1.752049598735539e-07, 0.9712494611740112, -0.23807169497013092, 5.190955221223703e-08, 0.23807266354560852, 0.9712474346160889),
            ["RightFoot"] = CFrame.new(4.76837158203125e-07, -0.0000010728836059570312, -7.152557373046875e-07, 0.9961962699890137, -0.08491861820220947, 0.019603818655014038, 0.05122894048690796, 0.7525550127029419, 0.6565357446670532, -0.07050621509552002, -0.6530348062515259, 0.754040539264679),
            ["RightHand"] = CFrame.new(1.7881393432617188e-07, -4.76837158203125e-07, -9.5367431640625e-07, 0.9135472178459167, -0.4067377746105194, 5.21540641784668e-07, 0.18465811014175415, 0.41474854946136475, 0.8910038471221924, -0.36240383982658386, -0.8139728307723999, 0.45399683713912964),
            ["RightLowerLeg"] = CFrame.new(0.00000286102294921875, 2.384185791015625e-07, 0, 1.0000014305114746, -1.1920928955078125e-07, -0.0000017881393432617188, -5.960464477539063e-08, 0.6156719923019409, 0.7880029678344727, 0.0000013597309589385986, -0.7880042195320129, 0.6156735420227051),
            ["RightUpperLeg"] = CFrame.new(-0.011702537536621094, -0.09396958351135254, 0.03213906288146973, 0.86960768699646, -0.4903792440891266, -0.05756976455450058, 0.05946238338947296, 0.21976254880428314, -0.9737412929534912, 0.49015262722969055, 0.8433462381362915, 0.2202666699886322),
            ["LeftLowerLeg"] = CFrame.new(0, -1.1920928955078125e-07, 0, 1.0000020265579224, -9.98377799987793e-07, 0.0000017881393432617188, 5.066394805908203e-07, 0.5299381613731384, 0.848036527633667, -0.0000017024576663970947, -0.8480380773544312, 0.5299393534660339),
        }},
        {Time = 0.200, Data = {
            ["LeftLowerArm"] = CFrame.new(0.0000011920928955078125, -1.7881393432617188e-07, 0, 1.0000014305114746, -4.430150468692773e-09, 1.4375626733453828e-07, -1.484150686792418e-07, 0.9816358685493469, -0.19076862931251526, 2.662682874188249e-08, 0.19077003002166748, 0.9816351532936096),
            ["RightUpperArm"] = CFrame.new(-0.04286909103393555, -0.01502084732055664, -0.8432854413986206, 0.11093755066394806, 0.5287266373634338, -0.8415131568908691, -0.8282656669616699, 0.5171422362327576, 0.21573178470134735, 0.5492458939552307, 0.6730619668960571, 0.49529552459716797),
            ["UpperTorso"] = CFrame.new(-0.000001430511474609375, 4.76837158203125e-07, -7.152557373046875e-07, 1.0000019073486328, 2.6845444267564744e-07, -7.835298987401984e-08, -2.3583586994391226e-07, 0.810604453086853, -0.5855971574783325, 1.5049344881390425e-07, 0.5855952501296997, 0.8106038570404053),
            ["HumanoidRootPart"] = CFrame.new(0, 0, 0, 1, 0, 0, 0, 1, 0, 0, 0, 1),
            ["LeftFoot"] = CFrame.new(-2.384185791015625e-07, -2.384185791015625e-07, 1.4901161193847656e-07, 0.9848119616508484, -0.1020616739988327, -0.14047284424304962, 0.17363610863685608, 0.5788658857345581, 0.7967221140861511, 6.034970283508301e-07, -0.8090127110481262, 0.5877934694290161),
            ["LeftUpperArm"] = CFrame.new(0, -4.76837158203125e-07, 2.384185791015625e-07, 1.0000019073486328, -3.5112771001877263e-07, -1.6559658888581907e-07, 3.50721023778533e-07, 0.05234044790267944, 0.9986299276351929, -1.6170785954727762e-07, -0.9986307621002197, 0.052339106798172),
            ["LowerTorso"] = CFrame.new(0, -1.5819264650344849, -0.10260486602783203, 1.0000009536743164, 9.257313138277823e-08, 5.210464593119468e-08, -9.897404851244573e-08, 0.939703106880188, -0.3419942259788513, 3.858705710513277e-08, 0.34199392795562744, 0.9397021532058716),
            ["LeftHand"] = CFrame.new(2.384185791015625e-07, 1.7881393432617188e-07, -2.384185791015625e-07, 1.0000019073486328, -1.8721042494007634e-08, 1.1766435648041806e-07, -7.920549904838481e-08, 0.9396995902061462, -0.3420065641403198, 9.870715445003952e-08, 0.34200751781463623, 0.9396971464157104),
            ["LeftUpperLeg"] = CFrame.new(-0.000002384185791015625, 5.364418029785156e-07, 3.5762786865234375e-07, 0.9396946430206299, 0.25812554359436035, -0.22438646852970123, -0.2198498547077179, -0.046698808670043945, -0.9744172096252441, -0.2619992792606354, 0.9649824500083923, 0.012867271900177002),
            ["RightFoot"] = CFrame.new(4.76837158203125e-07, -2.384185791015625e-07, 0, 1.000002145767212, 8.568167686462402e-07, -9.834766387939453e-07, -8.046627044677734e-07, 0.4848301410675049, 0.8746090531349182, 8.493661880493164e-07, -0.8746103644371033, 0.48482948541641235),
            ["RightLowerLeg"] = CFrame.new(0.000001430511474609375, 2.384185791015625e-07, -2.980232238769531e-07, 1.0000019073486328, -6.556510925292969e-07, -3.8743019104003906e-07, -3.2782554626464844e-07, 0.6293265223503113, 0.7771424055099487, 6.705522537231445e-07, -0.7771419286727905, 0.6293278336524963),
            ["RightUpperLeg"] = CFrame.new(-0.011700630187988281, -0.09396922588348389, 0.03213930130004883, 0.8696066737174988, -0.4804973900318146, 0.1136217787861824, 0.0594601109623909, -0.12653416395187378, -0.990180492401123, 0.490154504776001, 0.8678208589553833, -0.08146297931671143),
            ["LeftLowerLeg"] = CFrame.new(-2.384185791015625e-07, -1.1920928955078125e-07, -2.384185791015625e-07, 1.0000019073486328, 3.8743019104003906e-07, 8.195638656616211e-07, 6.556510925292969e-07, 0.5735880732536316, 0.8191441297531128, -5.587935447692871e-07, -0.8191449642181396, 0.5735901594161987),
        }},
        {Time = 0.400, Data = {
            ["LeftLowerArm"] = CFrame.new(0, -9.5367431640625e-07, -4.76837158203125e-07, 1.0000019073486328, 1.2542437843876542e-07, 1.917185272759525e-07, -2.3468764709377865e-07, 0.9257558584213257, -0.3781243860721588, -7.04117724126263e-08, 0.37812626361846924, 0.925754725933075),
            ["RightUpperArm"] = CFrame.new(-0.04286527633666992, -0.015019893646240234, -0.8432900905609131, 0.4005291759967804, 0.5425472259521484, -0.7383917570114136, -0.3661107122898102, 0.8334905505180359, 0.4138314425945282, 0.8399661183357239, 0.10458109527826309, 0.5324692726135254),
            ["Head"] = CFrame.new(0.00000476837158203125, 0.0000011920928955078125, -0.0000011920928955078125, 0.9967538714408875, 0.06034423038363457, 0.05333120748400688, -0.08052089065313339, 0.7352274656295776, 0.6730208992958069, 0.0014024879783391953, -0.67513108253479, 0.7376993894577026),
            ["LeftFoot"] = CFrame.new(0, 0, 4.172325134277344e-07, 0.989294707775116, -0.10949844866991043, -0.0964883416891098, 0.14470261335372925, 0.8220192193984985, 0.5507706999778748, 0.019007638096809387, -0.5588369965553284, 0.8290604948997498),
            ["UpperTorso"] = CFrame.new(-0.0000019073486328125, 2.384185791015625e-07, -7.152557373046875e-07, 1.0000019073486328, 2.687491473807313e-07, -2.9582494676105853e-07, -3.742101739589998e-07, 0.48483437299728394, -0.874608039855957, 1.5345153769885655e-07, 0.8746062517166138, 0.4848344922065735),
            ["HumanoidRootPart"] = CFrame.new(0, 0, 0, 1, 0, 0, 0, 1, 0, 0, 0, 1),
            ["LowerTorso"] = CFrame.new(0, -1.0530307292938232, -0.35707008838653564, 1.0000009536743164, 2.1106733072429051e-07, 3.973335793716615e-08, -2.1455755927490827e-07, 0.9397135972976685, -0.3419654071331024, 9.69377822457318e-09, 0.34196510910987854, 0.939712643623352),
            ["LeftUpperArm"] = CFrame.new(4.76837158203125e-07, -4.76837158203125e-07, 4.76837158203125e-07, 1.0000019073486328, -4.4641456042882055e-07, -7.226159937090415e-07, 6.467623734351946e-07, -0.48480314016342163, 0.8746232986450195, -6.5872166032932e-07, -0.8746249675750732, -0.48480460047721863),
            ["RightLowerArm"] = CFrame.new(2.9802322387695312e-08, -4.76837158203125e-07, 0, 1.0000019073486328, -2.980232238769531e-07, 5.21540641784668e-07, 4.6193599700927734e-07, 0.913551926612854, 0.40672361850738525, 7.450580596923828e-08, -0.4067257046699524, 0.9135514497756958),
            ["LeftHand"] = CFrame.new(4.76837158203125e-07, 4.172325134277344e-07, 0, 1.0000019073486328, 9.4001997297255e-08, 1.451603566238191e-07, -1.752049598735539e-07, 0.9712494611740112, -0.23807169497013092, 5.190955221223703e-08, 0.23807266354560852, 0.9712474346160889),
            ["LeftUpperLeg"] = CFrame.new(-0.00000476837158203125, 2.384185791015625e-07, 5.960464477539062e-07, 0.9396942853927612, 0.31483033299446106, -0.133639857172966, -0.2198522984981537, 0.2567037343978882, -0.9411542415618896, -0.26199668645858765, 0.9137753248214722, 0.3104393184185028),
            ["RightFoot"] = CFrame.new(4.76837158203125e-07, -0.0000010728836059570312, -7.152557373046875e-07, 0.9961962699890137, -0.08491861820220947, 0.019603818655014038, 0.05122894048690796, 0.7525550127029419, 0.6565357446670532, -0.07050621509552002, -0.6530348062515259, 0.754040539264679),
            ["RightLowerLeg"] = CFrame.new(0.00000286102294921875, 2.384185791015625e-07, 0, 1.0000014305114746, -1.1920928955078125e-07, -0.0000017881393432617188, -5.960464477539063e-08, 0.6156719923019409, 0.7880029678344727, 0.0000013597309589385986, -0.7880042195320129, 0.6156735420227051),
            ["RightUpperLeg"] = CFrame.new(-0.011702537536621094, -0.09396958351135254, 0.03213906288146973, 0.86960768699646, -0.4903792440891266, -0.05756976455450058, 0.05946238338947296, 0.21976254880428314, -0.9737412929534912, 0.49015262722969055, 0.8433462381362915, 0.2202666699886322),
            ["LeftLowerLeg"] = CFrame.new(0, -1.1920928955078125e-07, 0, 1.0000020265579224, -9.98377799987793e-07, 0.0000017881393432617188, 5.066394805908203e-07, 0.5299381613731384, 0.848036527633667, -0.0000017024576663970947, -0.8480380773544312, 0.5299393534660339),
        }},
        {Time = 0.600, Data = {
            ["LeftLowerArm"] = CFrame.new(0.0000011920928955078125, -1.7881393432617188e-07, 0, 1.0000014305114746, -4.430150468692773e-09, 1.4375626733453828e-07, -1.484150686792418e-07, 0.9816358685493469, -0.19076862931251526, 2.662682874188249e-08, 0.19077003002166748, 0.9816351532936096),
            ["RightUpperArm"] = CFrame.new(-0.04286909103393555, -0.01502084732055664, -0.8432854413986206, 0.11093755066394806, 0.5287266373634338, -0.8415131568908691, -0.8282656669616699, 0.5171422362327576, 0.21573178470134735, 0.5492458939552307, 0.6730619668960571, 0.49529552459716797),
            ["UpperTorso"] = CFrame.new(-0.000001430511474609375, 4.76837158203125e-07, -7.152557373046875e-07, 1.0000019073486328, 2.6845444267564744e-07, -7.835298987401984e-08, -2.3583586994391226e-07, 0.810604453086853, -0.5855971574783325, 1.5049344881390425e-07, 0.5855952501296997, 0.8106038570404053),
            ["HumanoidRootPart"] = CFrame.new(0, 0, 0, 1, 0, 0, 0, 1, 0, 0, 0, 1),
            ["LeftFoot"] = CFrame.new(-2.384185791015625e-07, -2.384185791015625e-07, 1.4901161193847656e-07, 0.9848119616508484, -0.1020616739988327, -0.14047284424304962, 0.17363610863685608, 0.5788658857345581, 0.7967221140861511, 6.034970283508301e-07, -0.8090127110481262, 0.5877934694290161),
            ["LeftUpperArm"] = CFrame.new(0, -4.76837158203125e-07, 2.384185791015625e-07, 1.0000019073486328, -3.5112771001877263e-07, -1.6559658888581907e-07, 3.50721023778533e-07, 0.05234044790267944, 0.9986299276351929, -1.6170785954727762e-07, -0.9986307621002197, 0.052339106798172),
            ["LowerTorso"] = CFrame.new(0, -1.5819264650344849, -0.10260486602783203, 1.0000009536743164, 9.257313138277823e-08, 5.210464593119468e-08, -9.897404851244573e-08, 0.939703106880188, -0.3419942259788513, 3.858705710513277e-08, 0.34199392795562744, 0.9397021532058716),
            ["LeftHand"] = CFrame.new(2.384185791015625e-07, 1.7881393432617188e-07, -2.384185791015625e-07, 1.0000019073486328, -1.8721042494007634e-08, 1.1766435648041806e-07, -7.920549904838481e-08, 0.9396995902061462, -0.3420065641403198, 9.870715445003952e-08, 0.34200751781463623, 0.9396971464157104),
            ["LeftUpperLeg"] = CFrame.new(-0.000002384185791015625, 5.364418029785156e-07, 3.5762786865234375e-07, 0.9396946430206299, 0.25812554359436035, -0.22438646852970123, -0.2198498547077179, -0.046698808670043945, -0.9744172096252441, -0.2619992792606354, 0.9649824500083923, 0.012867271900177002),
            ["RightFoot"] = CFrame.new(4.76837158203125e-07, -2.384185791015625e-07, 0, 1.000002145767212, 8.568167686462402e-07, -9.834766387939453e-07, -8.046627044677734e-07, 0.4848301410675049, 0.8746090531349182, 8.493661880493164e-07, -0.8746103644371033, 0.48482948541641235),
            ["RightLowerLeg"] = CFrame.new(0.000001430511474609375, 2.384185791015625e-07, -2.980232238769531e-07, 1.0000019073486328, -6.556510925292969e-07, -3.8743019104003906e-07, -3.2782554626464844e-07, 0.6293265223503113, 0.7771424055099487, 6.705522537231445e-07, -0.7771419286727905, 0.6293278336524963),
            ["RightUpperLeg"] = CFrame.new(-0.011700630187988281, -0.09396922588348389, 0.03213930130004883, 0.8696066737174988, -0.4804973900318146, 0.1136217787861824, 0.0594601109623909, -0.12653416395187378, -0.990180492401123, 0.490154504776001, 0.8678208589553833, -0.08146297931671143),
            ["LeftLowerLeg"] = CFrame.new(-2.384185791015625e-07, -1.1920928955078125e-07, -2.384185791015625e-07, 1.0000019073486328, 3.8743019104003906e-07, 8.195638656616211e-07, 6.556510925292969e-07, 0.5735880732536316, 0.8191441297531128, -5.587935447692871e-07, -0.8191449642181396, 0.5735901594161987),
        }},
        {Time = 0.800, Data = {
            ["LeftFoot"] = CFrame.new(0, 0, 4.172325134277344e-07, 0.989294707775116, -0.10949844866991043, -0.0964883416891098, 0.14470261335372925, 0.8220192193984985, 0.5507706999778748, 0.019007638096809387, -0.5588369965553284, 0.8290604948997498),
            ["LeftLowerArm"] = CFrame.new(0, -9.5367431640625e-07, -4.76837158203125e-07, 1.0000019073486328, 1.2542437843876542e-07, 1.917185272759525e-07, -2.3468764709377865e-07, 0.9257558584213257, -0.3781243860721588, -7.04117724126263e-08, 0.37812626361846924, 0.925754725933075),
            ["RightUpperArm"] = CFrame.new(-0.04286623001098633, -0.015019655227661133, -0.8432910442352295, 0.37917694449424744, 0.6184470057487488, -0.688296377658844, -0.39360642433166504, 0.7809907793998718, 0.4848991632461548, 0.8374379277229309, 0.08705490827560425, 0.5395581126213074),
            ["Head"] = CFrame.new(9.5367431640625e-07, 2.384185791015625e-07, -2.384185791015625e-07, 1.0000019073486328, -4.3725467691047015e-09, 1.2280051464585995e-07, 9.125992050940113e-08, 0.5150403380393982, 0.8571661710739136, 8.228439440927104e-08, -0.8571680784225464, 0.5150398015975952),
            ["LowerTorso"] = CFrame.new(0, -1.0530307292938232, -0.35707008838653564, 1.0000009536743164, 2.1106733072429051e-07, 3.973335793716615e-08, -2.1455755927490827e-07, 0.9397135972976685, -0.3419654071331024, 9.69377822457318e-09, 0.34196510910987854, 0.939712643623352),
            ["UpperTorso"] = CFrame.new(-0.0000019073486328125, 2.384185791015625e-07, -7.152557373046875e-07, 1.0000019073486328, 2.687491473807313e-07, -2.9582494676105853e-07, -3.742101739589998e-07, 0.48483437299728394, -0.874608039855957, 1.5345153769885655e-07, 0.8746062517166138, 0.4848344922065735),
            ["HumanoidRootPart"] = CFrame.new(0, 0, 0, 1, 0, 0, 0, 1, 0, 0, 0, 1),
            ["LeftUpperLeg"] = CFrame.new(-0.00000476837158203125, 2.384185791015625e-07, 5.960464477539062e-07, 0.9396942853927612, 0.31483033299446106, -0.133639857172966, -0.2198522984981537, 0.2567037343978882, -0.9411542415618896, -0.26199668645858765, 0.9137753248214722, 0.3104393184185028),
            ["LeftUpperArm"] = CFrame.new(4.76837158203125e-07, -4.76837158203125e-07, 4.76837158203125e-07, 1.0000019073486328, -4.4641456042882055e-07, -7.226159937090415e-07, 6.467623734351946e-07, -0.48480314016342163, 0.8746232986450195, -6.5872166032932e-07, -0.8746249675750732, -0.48480460047721863),
            ["RightLowerArm"] = CFrame.new(-3.2782554626464844e-07, -4.76837158203125e-07, 0.000001430511474609375, 1.000002145767212, -1.9371509552001953e-07, 8.195638656616211e-07, 7.301568984985352e-07, 0.9612667560577393, 0.2756228744983673, 2.086162567138672e-07, -0.27562469244003296, 0.961266279220581),
            ["LeftHand"] = CFrame.new(4.76837158203125e-07, 4.172325134277344e-07, 0, 1.0000019073486328, 9.4001997297255e-08, 1.451603566238191e-07, -1.752049598735539e-07, 0.9712494611740112, -0.23807169497013092, 5.190955221223703e-08, 0.23807266354560852, 0.9712474346160889),
            ["RightFoot"] = CFrame.new(4.76837158203125e-07, -0.0000010728836059570312, -7.152557373046875e-07, 0.9961962699890137, -0.08491861820220947, 0.019603818655014038, 0.05122894048690796, 0.7525550127029419, 0.6565357446670532, -0.07050621509552002, -0.6530348062515259, 0.754040539264679),
            ["RightHand"] = CFrame.new(1.7881393432617188e-07, -4.76837158203125e-07, -9.5367431640625e-07, 0.9135472178459167, -0.4067377746105194, 5.21540641784668e-07, 0.18465811014175415, 0.41474854946136475, 0.8910038471221924, -0.36240383982658386, -0.8139728307723999, 0.45399683713912964),
            ["RightLowerLeg"] = CFrame.new(0.00000286102294921875, 2.384185791015625e-07, 0, 1.0000014305114746, -1.1920928955078125e-07, -0.0000017881393432617188, -5.960464477539063e-08, 0.6156719923019409, 0.7880029678344727, 0.0000013597309589385986, -0.7880042195320129, 0.6156735420227051),
            ["RightUpperLeg"] = CFrame.new(-0.011702537536621094, -0.09396958351135254, 0.03213906288146973, 0.86960768699646, -0.4903792440891266, -0.05756976455450058, 0.05946238338947296, 0.21976254880428314, -0.9737412929534912, 0.49015262722969055, 0.8433462381362915, 0.2202666699886322),
            ["LeftLowerLeg"] = CFrame.new(0, -1.1920928955078125e-07, 0, 1.0000020265579224, -9.98377799987793e-07, 0.0000017881393432617188, 5.066394805908203e-07, 0.5299381613731384, 0.848036527633667, -0.0000017024576663970947, -0.8480380773544312, 0.5299393534660339),
        }},
    }
}