return {
    ["Jerking Off"] = {
        {Time = 0.000, Data = {
            ["RightUpperArm"] = CFrame.new(0, 0, 0, 0.9205384254455566, 0.3877030611038208, 0.04791009798645973, -0.390652060508728, 0.913589358329773, 0.11289607733488083, 0, -0.12264135479927063, 0.9924510717391968),
            ["LeftLowerArm"] = CFrame.new(0, 0.045520246028900146, 0, 1, 0, 0, 0, 1, 0, 0, 0, 1),
            ["LeftFoot"] = CFrame.new(0.001838168129324913, -0.01585138589143753, -0.0017934013158082962, 0.9933898448944092, -0.11441517621278763, 0.00928070954978466, 0.11473295837640762, 0.9870514869689941, -0.1120777577161789, 0.0036629382520914078, 0.11240173876285553, 0.9936538934707642),
            ["Head"] = CFrame.new(0, 2.9802322387695312e-08, 2.9802322387695312e-08, 1, 0, 0, 0, 0.5616980195045471, 0.8273423910140991, 0, -0.8273423910140991, 0.5616980195045471),
            ["LeftUpperLeg"] = CFrame.new(-4.0605664253234863e-07, 2.980232238769531e-07, 7.450580596923828e-07, 0.9946245551109314, 0.103547103703022, 0, -0.10127058625221252, 0.9727573394775391, 0.2085355669260025, 0.021593254059553146, -0.20741458237171173, 0.9780146479606628),
            ["UpperTorso"] = CFrame.new(-5.960464477539063e-08, 0.008487462997436523, -3.2782554626464844e-07, 1, 0, 0, 0, 0.9275660514831543, 0.37365901470184326, 0, -0.37365901470184326, 0.9275660514831543),
            ["HumanoidRootPart"] = CFrame.new(0, 0, 0, 1, 0, 0, 0, 1, 0, 0, 0, 1),
            ["RightHand"] = CFrame.new(-6.322807166725397e-07, 2.682209014892578e-07, -8.728820830583572e-07, 0.999093770980835, 0.003826537635177374, 0.04238882660865784, -0.004571734927594662, 0.9998355507850647, 0.017529647797346115, -0.04231449216604233, -0.017707757651805878, 0.9989457726478577),
            ["LeftUpperArm"] = CFrame.new(-0.08603672683238983, -0.15800416469573975, 0.10311959683895111, 0.6315542459487915, -0.7345694303512573, 0.2480868250131607, 0.7624567151069641, 0.5303449034690857, -0.3706670105457306, 0.1407090574502945, 0.42325177788734436, 0.8950189352035522),
            ["RightLowerArm"] = CFrame.new(-4.922039806842804e-07, 6.407499313354492e-07, -7.152557373046875e-07, 0.9889353513717651, 0.00796586088836193, 0.14813292026519775, 0.043786387890577316, 0.938395082950592, -0.342778742313385, -0.14173763990402222, 0.3454722464084625, 0.9276630282402039),
            ["LeftHand"] = CFrame.new(2.660672180354595e-07, 7.450580596923828e-08, -8.889473974704742e-07, 0.9994245767593384, -0.010387417860329151, -0.03228851035237312, 0.011722381226718426, 0.999071478843689, 0.04145267605781555, 0.03182807192206383, -0.041807353496551514, 0.9986183047294617),
            ["RightUpperLeg"] = CFrame.new(-4.346384230302647e-07, -3.2782554626464844e-07, -0.000002034008502960205, 0.9659374952316284, 0, -0.2587755024433136, 0.049693573266267776, 0.98138827085495, 0.1854923814535141, 0.2539592385292053, -0.1920335292816162, 0.9479597806930542),
            ["LowerTorso"] = CFrame.new(-1.1920928955078125e-07, 2.086162567138672e-07, -9.313225746154785e-07, 1, 0, 0, 0, 0.9791672825813293, -0.20305512845516205, 0, 0.20305512845516205, 0.9791672825813293),
            ["RightLowerLeg"] = CFrame.new(0, 0, 3.725290298461914e-09, 1, 0, 0, 0, 0.9953986406326294, 0.09582054615020752, 0, -0.09582054615020752, 0.9953986406326294),
            ["RightFoot"] = CFrame.new(1.6298145055770874e-09, 4.470348358154297e-08, 1.5832483768463135e-07, 0.99971604347229, 0.023797208443284035, 0.0012259036302566528, -0.023594064638018608, 0.9957621097564697, -0.08888524770736694, -0.0033361613750457764, 0.08883105963468552, 0.996040940284729),
            ["LeftLowerLeg"] = CFrame.new(0, 0, 0, 1, 0, 0, 0, 0.995903730392456, 0.09041985869407654, 0, -0.09041985869407654, 0.995903730392456),
        }},
        {Time = 0.083, Data = {
            ["RightUpperArm"] = CFrame.new(0, 0, 7.450580596923828e-09, 0.91856449842453, 0.3877030611038208, -0.0769786536693573, -0.3718031048774719, 0.913589358329773, 0.16467244923114777, 0.13417088985443115, -0.12264135479927063, 0.9833399057388306),
            ["LeftLowerArm"] = CFrame.new(0, 0.045520246028900146, 0, 1, 0, 0, 0, 1, 0, 0, 0, 1),
            ["LeftFoot"] = CFrame.new(0.001838168129324913, -0.01585138589143753, -0.0017934013158082962, 0.9933898448944092, -0.11441517621278763, 0.00928070954978466, 0.11473295837640762, 0.9870514869689941, -0.1120777577161789, 0.0036629382520914078, 0.11240173876285553, 0.9936538934707642),
            ["Head"] = CFrame.new(0, -0.039425939321517944, -0.026766985654830933, 1, 0, 0, 0, 0.5616980195045471, 0.8273423910140991, 0, -0.8273423910140991, 0.5616980195045471),
            ["LeftUpperLeg"] = CFrame.new(-4.0605664253234863e-07, 2.980232238769531e-07, 7.450580596923828e-07, 0.9946245551109314, 0.103547103703022, 0, -0.10127058625221252, 0.9727573394775391, 0.2085355669260025, 0.021593254059553146, -0.20741458237171173, 0.9780146479606628),
            ["UpperTorso"] = CFrame.new(-5.960464477539063e-08, 0.11600476503372192, -0.043312400579452515, 1, 0, 0, 0, 0.9275660514831543, 0.37365901470184326, 0, -0.37365901470184326, 0.9275660514831543),
            ["HumanoidRootPart"] = CFrame.new(0, 0, 0, 1, 0, 0, 0, 1, 0, 0, 0, 1),
            ["RightHand"] = CFrame.new(-6.322807166725397e-07, 2.682209014892578e-07, -8.728820830583572e-07, 0.999093770980835, 0.003826537635177374, 0.04238882660865784, -0.004571734927594662, 0.9998355507850647, 0.017529647797346115, -0.04231449216604233, -0.017707757651805878, 0.9989457726478577),
            ["LeftUpperArm"] = CFrame.new(-0.1678716242313385, -0.05264800786972046, -0.10046562552452087, 0.631554126739502, -0.71044921875, 0.31048569083213806, 0.7624567747116089, 0.49641796946525574, -0.41500478982925415, 0.1407090723514557, 0.4988299012184143, 0.8552015423774719),
            ["RightLowerArm"] = CFrame.new(-4.922039806842804e-07, 6.407499313354492e-07, -7.152557373046875e-07, 0.9889353513717651, 0.00796586088836193, 0.14813292026519775, 0.043786387890577316, 0.938395082950592, -0.342778742313385, -0.14173763990402222, 0.3454722464084625, 0.9276630282402039),
            ["LeftHand"] = CFrame.new(2.660672180354595e-07, 7.450580596923828e-08, -8.889473974704742e-07, 0.9994245767593384, -0.010387417860329151, -0.03228851035237312, 0.011722381226718426, 0.999071478843689, 0.04145267605781555, 0.03182807192206383, -0.041807353496551514, 0.9986183047294617),
            ["RightUpperLeg"] = CFrame.new(-4.346384230302647e-07, -3.2782554626464844e-07, -0.000002034008502960205, 0.9659374952316284, 0, -0.2587755024433136, 0.049693573266267776, 0.98138827085495, 0.1854923814535141, 0.2539592385292053, -0.1920335292816162, 0.9479597806930542),
            ["LowerTorso"] = CFrame.new(-1.1920928955078125e-07, 2.086162567138672e-07, -9.313225746154785e-07, 1, 0, 0, 0, 0.9791672825813293, -0.20305512845516205, 0, 0.20305512845516205, 0.9791672825813293),
            ["RightLowerLeg"] = CFrame.new(0, 0, 3.725290298461914e-09, 1, 0, 0, 0, 0.9953986406326294, 0.09582054615020752, 0, -0.09582054615020752, 0.9953986406326294),
            ["RightFoot"] = CFrame.new(1.6298145055770874e-09, 4.470348358154297e-08, 1.5832483768463135e-07, 0.99971604347229, 0.023797208443284035, 0.0012259036302566528, -0.023594064638018608, 0.9957621097564697, -0.08888524770736694, -0.0033361613750457764, 0.08883105963468552, 0.996040940284729),
            ["LeftLowerLeg"] = CFrame.new(0, 0, 0, 1, 0, 0, 0, 0.995903730392456, 0.09041985869407654, 0, -0.09041985869407654, 0.995903730392456),
        }},
        {Time = 0.167, Data = {
            ["RightUpperArm"] = CFrame.new(0, 0, 0, 0.9205384254455566, 0.3877030611038208, 0.04791009798645973, -0.390652060508728, 0.913589358329773, 0.11289607733488083, 0, -0.12264135479927063, 0.9924510717391968),
            ["LeftLowerArm"] = CFrame.new(0, 0.045520246028900146, 0, 1, 0, 0, 0, 1, 0, 0, 0, 1),
            ["LeftFoot"] = CFrame.new(0.001838168129324913, -0.01585138589143753, -0.0017934013158082962, 0.9933898448944092, -0.11441517621278763, 0.00928070954978466, 0.11473295837640762, 0.9870514869689941, -0.1120777577161789, 0.0036629382520914078, 0.11240173876285553, 0.9936538934707642),
            ["Head"] = CFrame.new(0, 2.9802322387695312e-08, 2.9802322387695312e-08, 1, 0, 0, 0, 0.5616980195045471, 0.8273423910140991, 0, -0.8273423910140991, 0.5616980195045471),
            ["LeftUpperLeg"] = CFrame.new(-4.0605664253234863e-07, 2.980232238769531e-07, 7.450580596923828e-07, 0.9946245551109314, 0.103547103703022, 0, -0.10127058625221252, 0.9727573394775391, 0.2085355669260025, 0.021593254059553146, -0.20741458237171173, 0.9780146479606628),
            ["UpperTorso"] = CFrame.new(-5.960464477539063e-08, 0.008487462997436523, -3.2782554626464844e-07, 1, 0, 0, 0, 0.9275660514831543, 0.37365901470184326, 0, -0.37365901470184326, 0.9275660514831543),
            ["HumanoidRootPart"] = CFrame.new(0, 0, 0, 1, 0, 0, 0, 1, 0, 0, 0, 1),
            ["RightHand"] = CFrame.new(-6.322807166725397e-07, 2.682209014892578e-07, -8.728820830583572e-07, 0.999093770980835, 0.003826537635177374, 0.04238882660865784, -0.004571734927594662, 0.9998355507850647, 0.017529647797346115, -0.04231449216604233, -0.017707757651805878, 0.9989457726478577),
            ["LeftUpperArm"] = CFrame.new(-0.2669854462146759, 0.0647815465927124, -0.291919082403183, 0.6315542459487915, -0.6810396313667297, 0.37057292461395264, 0.7624567151069641, 0.45879536867141724, -0.4562527537345886, 0.1407090574502945, 0.5706941485404968, 0.8090173602104187),
            ["RightLowerArm"] = CFrame.new(-4.922039806842804e-07, 6.407499313354492e-07, -7.152557373046875e-07, 0.9889353513717651, 0.00796586088836193, 0.14813292026519775, 0.043786387890577316, 0.938395082950592, -0.342778742313385, -0.14173763990402222, 0.3454722464084625, 0.9276630282402039),
            ["LeftHand"] = CFrame.new(2.660672180354595e-07, 7.450580596923828e-08, -8.889473974704742e-07, 0.9994245767593384, -0.010387417860329151, -0.03228851035237312, 0.011722381226718426, 0.999071478843689, 0.04145267605781555, 0.03182807192206383, -0.041807353496551514, 0.9986183047294617),
            ["RightUpperLeg"] = CFrame.new(-4.346384230302647e-07, -3.2782554626464844e-07, -0.000002034008502960205, 0.9659374952316284, 0, -0.2587755024433136, 0.049693573266267776, 0.98138827085495, 0.1854923814535141, 0.2539592385292053, -0.1920335292816162, 0.9479597806930542),
            ["LowerTorso"] = CFrame.new(-1.1920928955078125e-07, 2.086162567138672e-07, -9.313225746154785e-07, 1, 0, 0, 0, 0.9791672825813293, -0.20305512845516205, 0, 0.20305512845516205, 0.9791672825813293),
            ["RightLowerLeg"] = CFrame.new(0, 0, 3.725290298461914e-09, 1, 0, 0, 0, 0.9953986406326294, 0.09582054615020752, 0, -0.09582054615020752, 0.9953986406326294),
            ["RightFoot"] = CFrame.new(1.6298145055770874e-09, 4.470348358154297e-08, 1.5832483768463135e-07, 0.99971604347229, 0.023797208443284035, 0.0012259036302566528, -0.023594064638018608, 0.9957621097564697, -0.08888524770736694, -0.0033361613750457764, 0.08883105963468552, 0.996040940284729),
            ["LeftLowerLeg"] = CFrame.new(0, 0, 0, 1, 0, 0, 0, 0.995903730392456, 0.09041985869407654, 0, -0.09041985869407654, 0.995903730392456),
        }},
        {Time = 0.250, Data = {
            ["RightUpperArm"] = CFrame.new(0, 0, -1.862645149230957e-09, 0.9171580672264099, 0.3877030611038208, 0.09223686903715134, -0.39564087986946106, 0.913589358329773, 0.09393004328012466, -0.04784965515136719, -0.12264135479927063, 0.9912969470024109),
            ["LeftLowerArm"] = CFrame.new(0, 0.045520246028900146, 0, 1, 0, 0, 0, 1, 0, 0, 0, 1),
            ["LeftFoot"] = CFrame.new(0.001838168129324913, -0.01585138589143753, -0.0017934013158082962, 0.9933898448944092, -0.11441517621278763, 0.00928070954978466, 0.11473295837640762, 0.9870514869689941, -0.1120777577161789, 0.0036629382520914078, 0.11240173876285553, 0.9936538934707642),
            ["Head"] = CFrame.new(0, 0.00042563676834106445, 0.00028899312019348145, 1, 0, 0, 0, 0.5616980195045471, 0.8273423910140991, 0, -0.8273423910140991, 0.5616980195045471),
            ["LeftUpperLeg"] = CFrame.new(-4.0605664253234863e-07, 2.980232238769531e-07, 7.450580596923828e-07, 0.9946245551109314, 0.103547103703022, 0, -0.10127058625221252, 0.9727573394775391, 0.2085355669260025, 0.021593254059553146, -0.20741458237171173, 0.9780146479606628),
            ["UpperTorso"] = CFrame.new(-5.960464477539063e-08, -0.0732797384262085, 0.032938629388809204, 1, 0, 0, 0, 0.9275660514831543, 0.37365901470184326, 0, -0.37365901470184326, 0.9275660514831543),
            ["HumanoidRootPart"] = CFrame.new(0, 0, 0, 1, 0, 0, 0, 1, 0, 0, 0, 1),
            ["RightHand"] = CFrame.new(-6.322807166725397e-07, 2.682209014892578e-07, -8.728820830583572e-07, 0.999093770980835, 0.003826537635177374, 0.04238882660865784, -0.004571734927594662, 0.9998355507850647, 0.017529647797346115, -0.04231449216604233, -0.017707757651805878, 0.9989457726478577),
            ["LeftUpperArm"] = CFrame.new(-0.19096650183200836, -0.03651076555252075, -0.08425003290176392, 0.631554126739502, -0.71044921875, 0.31048569083213806, 0.7624567747116089, 0.49641796946525574, -0.41500478982925415, 0.1407090723514557, 0.4988299012184143, 0.8552015423774719),
            ["RightLowerArm"] = CFrame.new(-4.922039806842804e-07, 6.407499313354492e-07, -7.152557373046875e-07, 0.9889353513717651, 0.00796586088836193, 0.14813292026519775, 0.043786387890577316, 0.938395082950592, -0.342778742313385, -0.14173763990402222, 0.3454722464084625, 0.9276630282402039),
            ["LeftHand"] = CFrame.new(2.660672180354595e-07, 7.450580596923828e-08, -8.889473974704742e-07, 0.9994245767593384, -0.010387417860329151, -0.03228851035237312, 0.011722381226718426, 0.999071478843689, 0.04145267605781555, 0.03182807192206383, -0.041807353496551514, 0.9986183047294617),
            ["RightUpperLeg"] = CFrame.new(-4.346384230302647e-07, -3.2782554626464844e-07, -0.000002034008502960205, 0.9659374952316284, 0, -0.2587755024433136, 0.049693573266267776, 0.98138827085495, 0.1854923814535141, 0.2539592385292053, -0.1920335292816162, 0.9479597806930542),
            ["LowerTorso"] = CFrame.new(-1.1920928955078125e-07, 2.086162567138672e-07, -9.313225746154785e-07, 1, 0, 0, 0, 0.9791672825813293, -0.20305512845516205, 0, 0.20305512845516205, 0.9791672825813293),
            ["RightLowerLeg"] = CFrame.new(0, 0, 3.725290298461914e-09, 1, 0, 0, 0, 0.9953986406326294, 0.09582054615020752, 0, -0.09582054615020752, 0.9953986406326294),
            ["RightFoot"] = CFrame.new(1.6298145055770874e-09, 4.470348358154297e-08, 1.5832483768463135e-07, 0.99971604347229, 0.023797208443284035, 0.0012259036302566528, -0.023594064638018608, 0.9957621097564697, -0.08888524770736694, -0.0033361613750457764, 0.08883105963468552, 0.996040940284729),
            ["LeftLowerLeg"] = CFrame.new(0, 0, 0, 1, 0, 0, 0, 0.995903730392456, 0.09041985869407654, 0, -0.09041985869407654, 0.995903730392456),
        }},
        {Time = 0.333, Data = {
            ["RightUpperArm"] = CFrame.new(0, 0, 0, 0.9205384254455566, 0.3877030611038208, 0.04791009798645973, -0.390652060508728, 0.913589358329773, 0.11289607733488083, 0, -0.12264135479927063, 0.9924510717391968),
            ["LeftLowerArm"] = CFrame.new(0, 0.045520246028900146, 0, 1, 0, 0, 0, 1, 0, 0, 0, 1),
            ["LeftFoot"] = CFrame.new(0.001838168129324913, -0.01585138589143753, -0.0017934013158082962, 0.9933898448944092, -0.11441517621278763, 0.00928070954978466, 0.11473295837640762, 0.9870514869689941, -0.1120777577161789, 0.0036629382520914078, 0.11240173876285553, 0.9936538934707642),
            ["Head"] = CFrame.new(0, 2.9802322387695312e-08, 2.9802322387695312e-08, 1, 0, 0, 0, 0.5616980195045471, 0.8273423910140991, 0, -0.8273423910140991, 0.5616980195045471),
            ["LeftUpperLeg"] = CFrame.new(-4.0605664253234863e-07, 2.980232238769531e-07, 7.450580596923828e-07, 0.9946245551109314, 0.103547103703022, 0, -0.10127058625221252, 0.9727573394775391, 0.2085355669260025, 0.021593254059553146, -0.20741458237171173, 0.9780146479606628),
            ["UpperTorso"] = CFrame.new(-5.960464477539063e-08, 0.008487462997436523, -3.2782554626464844e-07, 1, 0, 0, 0, 0.9275660514831543, 0.37365901470184326, 0, -0.37365901470184326, 0.9275660514831543),
            ["HumanoidRootPart"] = CFrame.new(0, 0, 0, 1, 0, 0, 0, 1, 0, 0, 0, 1),
            ["RightHand"] = CFrame.new(-6.322807166725397e-07, 2.682209014892578e-07, -8.728820830583572e-07, 0.999093770980835, 0.003826537635177374, 0.04238882660865784, -0.004571734927594662, 0.9998355507850647, 0.017529647797346115, -0.04231449216604233, -0.017707757651805878, 0.9989457726478577),
            ["LeftUpperArm"] = CFrame.new(-0.08603672683238983, -0.15800416469573975, 0.10311959683895111, 0.6315542459487915, -0.7345694303512573, 0.2480868250131607, 0.7624567151069641, 0.5303449034690857, -0.3706670105457306, 0.1407090574502945, 0.42325177788734436, 0.8950189352035522),
            ["RightLowerArm"] = CFrame.new(-4.922039806842804e-07, 6.407499313354492e-07, -7.152557373046875e-07, 0.9889353513717651, 0.00796586088836193, 0.14813292026519775, 0.043786387890577316, 0.938395082950592, -0.342778742313385, -0.14173763990402222, 0.3454722464084625, 0.9276630282402039),
            ["LeftHand"] = CFrame.new(2.660672180354595e-07, 7.450580596923828e-08, -8.889473974704742e-07, 0.9994245767593384, -0.010387417860329151, -0.03228851035237312, 0.011722381226718426, 0.999071478843689, 0.04145267605781555, 0.03182807192206383, -0.041807353496551514, 0.9986183047294617),
            ["RightUpperLeg"] = CFrame.new(-4.346384230302647e-07, -3.2782554626464844e-07, -0.000002034008502960205, 0.9659374952316284, 0, -0.2587755024433136, 0.049693573266267776, 0.98138827085495, 0.1854923814535141, 0.2539592385292053, -0.1920335292816162, 0.9479597806930542),
            ["LowerTorso"] = CFrame.new(-1.1920928955078125e-07, 2.086162567138672e-07, -9.313225746154785e-07, 1, 0, 0, 0, 0.9791672825813293, -0.20305512845516205, 0, 0.20305512845516205, 0.9791672825813293),
            ["RightLowerLeg"] = CFrame.new(0, 0, 3.725290298461914e-09, 1, 0, 0, 0, 0.9953986406326294, 0.09582054615020752, 0, -0.09582054615020752, 0.9953986406326294),
            ["RightFoot"] = CFrame.new(1.6298145055770874e-09, 4.470348358154297e-08, 1.5832483768463135e-07, 0.99971604347229, 0.023797208443284035, 0.0012259036302566528, -0.023594064638018608, 0.9957621097564697, -0.08888524770736694, -0.0033361613750457764, 0.08883105963468552, 0.996040940284729),
            ["LeftLowerLeg"] = CFrame.new(0, 0, 0, 1, 0, 0, 0, 0.995903730392456, 0.09041985869407654, 0, -0.09041985869407654, 0.995903730392456),
        }},
    }
}