return {
    ["JT Coming"] = {
        {Time = 0.000, Data = {
            ["RightFoot"] = CFrame.new(-2.0954757928848267e-09, 2.980232238769531e-07, 1.4229226508177817e-07, 0.9961656332015991, -0.008431275375187397, -0.08708054572343826, -0.06414717435836792, 0.6064413785934448, -0.7925363183021545, 0.05949128791689873, 0.7950835824012756, 0.6035753488540649),
            ["LeftLowerArm"] = CFrame.new(8.940696716308594e-08, -2.384185791015625e-07, -8.940696716308594e-08, 1, -1.1036171088107949e-07, -7.70669004168667e-08, 1.7904673654811631e-07, 0.9164438247680664, -0.400162935256958, 9.895301245066435e-10, 0.4001635015010834, 0.9164440631866455),
            ["RightUpperArm"] = CFrame.new(0.012804746627807617, 0.02543795108795166, -0.0056009963154792786, 0.8530817031860352, -0.030189454555511475, -0.5209031701087952, -0.0507257878780365, 0.9887974262237549, -0.14038051664829254, 0.5193058848381042, 0.14617919921875, 0.8419936299324036),
            ["Head"] = CFrame.new(1.30385160446167e-08, 1.1920928955078125e-07, -7.450580596923828e-09, 0.6399081349372864, -0.06727390736341476, -0.7655007839202881, -0.09736821055412292, 0.9810335636138916, -0.1676088571548462, 0.762257993221283, 0.18178975582122803, 0.6212211847305298),
            ["RightHand"] = CFrame.new(1.1175870895385742e-08, 1.1920928955078125e-07, -2.682209014892578e-07, 0.6983822584152222, -0.07013655453920364, -0.7122800350189209, 0.27163028717041016, 0.9467048048973083, 0.173110231757164, 0.6621776223182678, -0.31437385082244873, 0.6802133321762085),
            ["UpperTorso"] = CFrame.new(0, 2.384185791015625e-07, -2.514570951461792e-08, 0.9911257028579712, -0.10190331935882568, 0.08535604923963547, 0.0739629864692688, 0.9563047885894775, 0.28286173939704895, -0.110450878739357, -0.2740383744239807, 0.9553552865982056),
            ["HumanoidRootPart"] = CFrame.new(0, 0, 0, 1, 0, 0, 0, 1, 0, 0, 0, 1),
            ["RightUpperLeg"] = CFrame.new(5.960464477539063e-08, 1.3783574104309082e-07, 1.7567799659445882e-08, 0.8991904854774475, -0.16895949840545654, -0.40362000465393066, 0.17621198296546936, 0.9841607809066772, -0.019412416964769363, 0.400506854057312, -0.05366740748286247, 0.9147207736968994),
            ["LeftUpperArm"] = CFrame.new(-0.018024921417236328, 0.026813626289367676, -0.005533523857593536, 0.9863587617874146, 0.0056850300170481205, -0.16451182961463928, -0.025278251618146896, 0.992780327796936, -0.11725375056266785, 0.16265778243541718, 0.11981265991926193, 0.9793811440467834),
            ["RightLowerArm"] = CFrame.new(1.1920928955078125e-07, 3.5762786865234375e-07, 2.9802322387695312e-08, 1, -1.6763820553933328e-07, 3.296883903658454e-07, -9.3132300094112e-08, 0.9675706028938293, -0.25260114669799805, 2.2375036223820643e-07, 0.2526012063026428, 0.9675705432891846),
            ["LeftHand"] = CFrame.new(1.0989606380462646e-07, 1.7881393432617188e-07, 1.1920928955078125e-07, 0.8842427134513855, 0.18260416388511658, -0.4298495054244995, -0.14335986971855164, 0.982085645198822, 0.12229485809803009, 0.44448035955429077, -0.046515293419361115, 0.894580066204071),
            ["LeftFoot"] = CFrame.new(4.6566128730773926e-09, 0, 2.3831034923205152e-09, 0.9991828799247742, 0.03259026259183884, -0.023908646777272224, -0.039437245577573776, 0.9156882762908936, -0.3999498784542084, 0.008858254179358482, 0.4005659520626068, 0.9162251353263855),
            ["LowerTorso"] = CFrame.new(0.2534995377063751, -0.33945953845977783, -0.05098583921790123, 0.4922482669353485, 0.26793771982192993, 0.8281913995742798, -0.08067933470010757, 0.9613950252532959, -0.2630789279937744, -0.8667078614234924, 0.06268221139907837, 0.49486207962036133),
            ["RightLowerLeg"] = CFrame.new(1.3504177331924438e-08, 2.384185791015625e-07, 7.372727850452065e-08, 1, -3.6228453836884e-07, -6.891789325891295e-07, 7.22706431588449e-07, 0.4103367328643799, 0.9119338989257812, 4.35393339159873e-08, -0.9119341969490051, 0.4103371798992157),
            ["LeftUpperLeg"] = CFrame.new(-5.960464477539063e-08, 3.166496753692627e-07, -2.468004822731018e-08, 0.8409146070480347, 0.36814600229263306, 0.3966498374938965, -0.04286587983369827, 0.7759613394737244, -0.6293222308158875, -0.539467453956604, 0.5122036933898926, 0.6682982444763184),
            ["LeftLowerLeg"] = CFrame.new(-6.891787052154541e-08, -1.1920928955078125e-07, 2.2232788410292414e-07, 1, -1.895241723559593e-07, -3.32947848846743e-07, 7.13393319529132e-07, 0.6887394189834595, 0.7250088453292847, 2.0489103746967885e-08, -0.7250089645385742, 0.688739538192749),
        }},
        {Time = 0.033, Data = {
            ["RightFoot"] = CFrame.new(1.4435499906539917e-08, 4.172325134277344e-07, 4.170942702330649e-08, 0.9953907132148743, 0.017749417573213577, -0.09424630552530289, -0.08385485410690308, 0.6379572153091431, -0.7654927968978882, 0.046537891030311584, 0.7698673009872437, 0.6365050077438354),
            ["LeftLowerArm"] = CFrame.new(-1.4901161193847656e-07, 0, -7.644625506630354e-20, 1, -2.6077029247062455e-07, 2.2538003463523637e-07, -6.332989954671575e-08, 0.963623583316803, -0.2672625184059143, 7.823104652970869e-08, 0.26726338267326355, 0.9636237621307373),
            ["RightUpperArm"] = CFrame.new(0.013245940208435059, 0.027287721633911133, -0.008929796516895294, 0.8104227781295776, -0.07109139859676361, -0.5815161466598511, -0.04806516692042351, 0.9811950922012329, -0.1869383454322815, 0.5838704109191895, 0.17944976687431335, 0.7917658686637878),
            ["Head"] = CFrame.new(2.0023435354232788e-08, 1.1920928955078125e-07, -2.3283064365386963e-08, 0.6158291697502136, -0.06882183253765106, -0.7848681211471558, -0.10290758311748505, 0.9806177020072937, -0.1667303591966629, 0.7811302542686462, 0.18344643712043762, 0.5968107581138611),
            ["RightHand"] = CFrame.new(2.2351741790771484e-08, 2.980232238769531e-07, 2.086162567138672e-07, 0.7118299007415771, -0.02673582173883915, -0.7018430233001709, 0.21857421100139618, 0.9580869674682617, 0.18518750369548798, 0.6674755811691284, -0.28522732853889465, 0.6878387331962585),
            ["UpperTorso"] = CFrame.new(3.4458935260772705e-08, 8.940696716308594e-08, -7.450580596923828e-09, 0.988930881023407, -0.10291039943695068, 0.10688889771699905, 0.07080736756324768, 0.9603846669197083, 0.26953229308128357, -0.13039197027683258, -0.2589803636074066, 0.9570408463478088),
            ["HumanoidRootPart"] = CFrame.new(0, 0, 0, 1, 0, 0, 0, 1, 0, 0, 0, 1),
            ["RightUpperLeg"] = CFrame.new(0, 1.5273690223693848e-07, 4.7370122047141194e-08, 0.8973436951637268, -0.16068993508815765, -0.41103944182395935, 0.2064552903175354, 0.9760088920593262, 0.06915773451328278, 0.39006495475769043, -0.1469196230173111, 0.9089906215667725),
            ["LeftUpperArm"] = CFrame.new(-0.017587900161743164, 0.028430938720703125, -0.008859530091285706, 0.9987446069717407, -0.03495146334171295, -0.03588322177529335, 0.028323201462626457, 0.9848688244819641, -0.17097198963165283, 0.04131590574979782, 0.1697409749031067, 0.9846222996711731),
            ["RightLowerArm"] = CFrame.new(5.960464477539063e-08, 5.960464477539062e-07, 1.7881393432617188e-07, 1, -8.195640788244418e-08, -1.3969847145745007e-07, 2.3841852225814364e-07, 0.9905426502227783, -0.13720522820949554, -1.797452142682232e-07, 0.1372057944536209, 0.9905427098274231),
            ["LeftHand"] = CFrame.new(-2.2351741790771484e-08, -1.1920928955078125e-07, 5.960464477539063e-08, 0.8146240711212158, 0.1994689255952835, -0.5446098446846008, -0.1509193480014801, 0.9795545339584351, 0.1330275684595108, 0.5600098967552185, -0.026175936684012413, 0.8280723690986633),
            ["LeftFoot"] = CFrame.new(-2.1886080503463745e-08, -1.1920928955078125e-07, -1.4380702850758098e-08, 0.9994815587997437, 0.02638419158756733, -0.018450897186994553, -0.031671516597270966, 0.9087420105934143, -0.4161544442176819, 0.005787240341305733, 0.4165235161781311, 0.9091067314147949),
            ["LowerTorso"] = CFrame.new(0.1990266591310501, -0.29719817638397217, -0.060343120247125626, 0.4869423806667328, 0.2774084508419037, 0.8282099962234497, -0.08230017125606537, 0.9585764408111572, -0.27268657088279724, -0.8695480823516846, 0.06462083011865616, 0.4896022379398346),
            ["RightLowerLeg"] = CFrame.new(-5.3085386753082275e-08, 0, -7.528433343395591e-08, 1, -4.069879651069641e-07, -4.777684807777405e-07, 8.381905445276061e-07, 0.5172743201255798, 0.8558194041252136, -2.8405345631199452e-08, -0.8558196425437927, 0.517274796962738),
            ["LeftUpperLeg"] = CFrame.new(5.960464477539063e-08, -6.51925802230835e-08, 1.862645149230957e-08, 0.8455492854118347, 0.33780673146247864, 0.4134402871131897, -0.05276332423090935, 0.8234628438949585, -0.5649115443229675, -0.5312837362289429, 0.4558461606502533, 0.7141023874282837),
            ["LeftLowerLeg"] = CFrame.new(-2.2351741790771484e-08, -1.7881393432617188e-07, 2.3024853135211742e-08, 1, -3.2689419526832353e-07, -2.835877239704132e-07, 6.202610052241653e-07, 0.7259466052055359, 0.6877509951591492, -1.1175873559921001e-08, -0.6877511739730835, 0.7259467244148254),
        }},
        {Time = 0.067, Data = {
            ["RightFoot"] = CFrame.new(-3.166496753692627e-08, 4.172325134277344e-07, 6.219852366484702e-08, 0.9943371415138245, 0.03322010114789009, -0.10094714164733887, -0.09812929481267929, 0.6516680121421814, -0.7521294951438904, 0.040798038244247437, 0.7577764987945557, 0.6512380838394165),
            ["LeftLowerArm"] = CFrame.new(-1.1920928955078125e-07, 1.7881393432617188e-07, -2.9802322387695312e-08, 1, -2.1606678046737215e-07, 1.5646214990283625e-07, -2.235172402720309e-08, 0.9862226247787476, -0.16542306542396545, 1.6018735493616987e-07, 0.1654236614704132, 0.9862227439880371),
            ["RightUpperArm"] = CFrame.new(0.013756155967712402, 0.02673029899597168, -0.011884719133377075, 0.8083831667900085, -0.08624262362718582, -0.5823050141334534, -0.040487099438905716, 0.9787212610244751, -0.2011602371931076, 0.5872626900672913, 0.1861903965473175, 0.7876899838447571),
            ["Head"] = CFrame.new(-1.30385160446167e-08, 1.1920928955078125e-07, 3.213062882423401e-08, 0.6143763065338135, -0.05527063086628914, -0.7870751023292542, -0.10682987421751022, 0.9825304746627808, -0.15238532423973083, 0.7817475199699402, 0.17770524322986603, 0.5977386832237244),
            ["RightHand"] = CFrame.new(-1.1175870895385742e-07, 1.7881393432617188e-07, -2.9802322387695312e-08, 0.697931706905365, 0.0002647825167514384, -0.7161643505096436, 0.1785717010498047, 0.968350350856781, 0.17438386380672455, 0.6935441493988037, -0.2495947629213333, 0.6757950186729431),
            ["UpperTorso"] = CFrame.new(-1.909211277961731e-08, 2.384185791015625e-07, -5.587935447692871e-08, 0.9866322875022888, -0.10358314216136932, 0.1258067488670349, 0.0688142403960228, 0.9646103382110596, 0.2545416057109833, -0.14772050082683563, -0.2424817979335785, 0.9588437080383301),
            ["HumanoidRootPart"] = CFrame.new(0, 0, 0, 1, 0, 0, 0, 1, 0, 0, 0, 1),
            ["RightUpperLeg"] = CFrame.new(-2.9802322387695312e-08, 2.682209014892578e-07, -1.223452272824943e-08, 0.8968810439109802, -0.15397539734840393, -0.41460323333740234, 0.22503244876861572, 0.9658962488174438, 0.12808150053024292, 0.3807425796985626, -0.20817303657531738, 0.9009435176849365),
            ["LeftUpperArm"] = CFrame.new(-0.017081379890441895, 0.02760469913482666, -0.011821307241916656, 0.998144805431366, -0.05868156999349594, 0.016234934329986572, 0.060773611068725586, 0.9764217138290405, -0.20714077353477478, -0.0036969780921936035, 0.20774324238300323, 0.9781764149665833),
            ["RightLowerArm"] = CFrame.new(-2.384185791015625e-07, 5.960464477539062e-07, 2.086162567138672e-07, 1, -5.2154099705603585e-08, -2.3003681803857035e-07, 2.1606689415420988e-07, 0.9954729080200195, -0.09504585713148117, -8.754434333013705e-08, 0.09504610300064087, 0.9954729676246643),
            ["LeftHand"] = CFrame.new(1.4901161193847656e-08, 2.384185791015625e-07, 1.1920928955078125e-07, 0.7845755219459534, 0.20362849533557892, -0.5856422781944275, -0.20565125346183777, 0.9765284061431885, 0.0640321895480156, 0.5849349498748779, 0.07019945979118347, 0.8080366253852844),
            ["LeftFoot"] = CFrame.new(-5.122274160385132e-09, 0, 4.522394192463253e-08, 0.9997154474258423, 0.02152043767273426, -0.01029764674603939, -0.023854216560721397, 0.9085733294487, -0.4170437753200531, 0.0003812743234448135, 0.41717085242271423, 0.90882807970047),
            ["LowerTorso"] = CFrame.new(0.16087137162685394, -0.2788814306259155, -0.06983131170272827, 0.4836306869983673, 0.28535908460617065, 0.827448844909668, -0.08370547741651535, 0.9561078548431396, -0.28080466389656067, -0.8712604641914368, 0.06654375791549683, 0.48628920316696167),
            ["RightLowerLeg"] = CFrame.new(5.587935447692871e-09, -1.7881393432617188e-07, -1.497901394031942e-07, 1, -4.321335325130349e-07, -5.401672638072341e-07, 6.519256317005784e-07, 0.5763341188430786, 0.8172140121459961, -2.1024601437602541e-07, -0.8172141909599304, 0.5763343572616577),
            ["LeftUpperLeg"] = CFrame.new(0, 2.0116567611694336e-07, -7.450580596923828e-09, 0.8503715395927429, 0.32447561621665955, 0.4142269790172577, -0.06175071746110916, 0.8433305621147156, -0.533835768699646, -0.5225468277931213, 0.42837974429130554, 0.737180769443512),
            ["LeftLowerLeg"] = CFrame.new(-4.842877388000488e-08, 0, 3.140675630675105e-08, 1, -3.790483447119186e-07, -4.637986421585083e-07, 4.4144701405457454e-07, 0.733328640460968, 0.6798744797706604, -3.166497464235363e-08, -0.6798743605613708, 0.7333285808563232),
        }},
        {Time = 0.100, Data = {
            ["RightFoot"] = CFrame.new(2.8870999813079834e-08, 2.980232238769531e-07, 3.7052814150229096e-08, 0.9929628968238831, 0.04983855411410332, -0.10742860287427902, -0.11349285393953323, 0.6595664024353027, -0.7430284023284912, 0.0338248685002327, 0.7499921321868896, 0.6605815291404724),
            ["LeftLowerArm"] = CFrame.new(5.960464477539063e-08, 4.172325134277344e-07, 2.9802322387695312e-08, 1, -1.4901158351676713e-07, 2.53319598186863e-07, -2.235172580355993e-08, 0.9942083358764648, -0.10746965557336807, 2.309678279743821e-07, 0.10746988654136658, 0.9942083358764648),
            ["RightUpperArm"] = CFrame.new(0.014331340789794922, 0.025673747062683105, -0.014419488608837128, 0.802362322807312, -0.11064061522483826, -0.5864924192428589, -0.029356524348258972, 0.9741617441177368, -0.2239355891942978, 0.5961148142814636, 0.19689497351646423, 0.7783827185630798),
            ["Head"] = CFrame.new(-1.1175870895385742e-08, 0, 2.3283064365386963e-08, 0.6069387793540955, -0.042324651032686234, -0.7936207056045532, -0.10457441210746765, 0.9856455326080322, -0.13254112005233765, 0.7878385186195374, 0.16343696415424347, 0.5938005447387695),
            ["RightHand"] = CFrame.new(-4.470348358154297e-08, 3.5762786865234375e-07, 2.9802322387695312e-08, 0.7024903893470764, 0.02105042152106762, -0.7113820910453796, 0.12667682766914368, 0.9799028635025024, 0.15408949553966522, 0.7003287076950073, -0.1983616054058075, 0.6857054233551025),
            ["UpperTorso"] = CFrame.new(-1.1175870895385742e-08, -5.960464477539063e-08, -2.9802322387695312e-08, 0.9842149019241333, -0.10418728739023209, 0.14305977523326874, 0.06822426617145538, 0.9692322611808777, 0.2365044802427292, -0.16329874098300934, -0.22301113605499268, 0.9610408544540405),
            ["HumanoidRootPart"] = CFrame.new(0, 0, 0, 1, 0, 0, 0, 1, 0, 0, 0, 1),
            ["RightUpperLeg"] = CFrame.new(0, 4.0978193283081055e-08, -1.223452272824943e-08, 0.8965561985969543, -0.14922849833965302, -0.41703465580940247, 0.2432924509048462, 0.9526996612548828, 0.18213216960430145, 0.3701295554637909, -0.264753133058548, 0.890454888343811),
            ["LeftUpperArm"] = CFrame.new(-0.016509413719177246, 0.026245713233947754, -0.014372505247592926, 0.995979905128479, -0.07765882462263107, 0.04464436694979668, 0.0857882872223854, 0.9703595638275146, -0.22592587769031525, -0.025776078924536705, 0.22884781658649445, 0.973120927810669),
            ["RightLowerArm"] = CFrame.new(0, 2.384185791015625e-07, 1.1920928955078125e-07, 1, -5.96046660916727e-08, 2.1886077661292802e-07, 8.94070240065048e-08, 0.9993242621421814, -0.036757130175828934, 3.4924616443277046e-07, 0.036756888031959534, 0.9993242025375366),
            ["LeftHand"] = CFrame.new(2.086162567138672e-07, 1.1920928955078125e-07, 2.9802322387695312e-08, 0.7690348029136658, 0.20422153174877167, -0.6057055592536926, -0.2556930482387543, 0.9667572379112244, 0.0013140441151335835, 0.585838258266449, 0.153863787651062, 0.7956879138946533),
            ["LeftFoot"] = CFrame.new(-1.1641532182693481e-09, -5.960464477539063e-08, -2.2735093807568774e-09, 0.9998865127563477, 0.014920460060238838, -0.002085404936224222, -0.014371301978826523, 0.9030973315238953, -0.4291953444480896, -0.004520411603152752, 0.42917677760124207, 0.9032093286514282),
            ["LowerTorso"] = CFrame.new(0.11922059953212738, -0.26861441135406494, -0.08009576052427292, 0.48165109753608704, 0.291400283575058, 0.826497495174408, -0.08498817682266235, 0.9541856050491333, -0.28689175844192505, -0.8722323179244995, 0.06793920695781708, 0.4843501150608063),
            ["RightLowerLeg"] = CFrame.new(-3.725290298461914e-08, 1.7881393432617188e-07, -1.0881194612011313e-07, 1, -4.060564435803826e-07, -5.550681976274063e-07, 6.491318345069885e-07, 0.6248965859413147, 0.7807074785232544, -2.0512379705905914e-07, -0.7807075381278992, 0.6248967051506042),
            ["LeftUpperLeg"] = CFrame.new(-5.960464477539063e-08, -1.0617077350616455e-07, -5.960464477539063e-08, 0.8542032241821289, 0.3195764422416687, 0.4101315438747406, -0.07149574160575867, 0.8535088896751404, -0.5161502361297607, -0.5150001645088196, 0.4115745425224304, 0.7519182562828064),
            ["LeftLowerLeg"] = CFrame.new(1.210719347000122e-08, 5.960464477539063e-08, -2.2609953020946705e-08, 1, -2.922024577856064e-07, -5.356269525691459e-07, 5.108306595502654e-07, 0.722284197807312, 0.6915964484214783, -5.727636676056136e-08, -0.6915964484214783, 0.7222841382026672),
        }},
        {Time = 0.133, Data = {
            ["RightFoot"] = CFrame.new(-6.612390279769897e-08, 2.384185791015625e-07, 2.6808265829458833e-08, 0.9914764165878296, 0.06650346517562866, -0.11203525960445404, -0.12788881361484528, 0.6609922647476196, -0.7394145131111145, 0.024880949407815933, 0.7474399209022522, 0.6638632416725159),
            ["LeftLowerArm"] = CFrame.new(-5.960464477539063e-08, -1.1920928955078125e-07, 2.9802322387695312e-08, 1, -1.4156103134155273e-07, 2.011657045386528e-07, 6.705518273975031e-08, 0.9964789748191833, -0.08384238928556442, 1.117586450050112e-07, 0.08384328335523605, 0.9964790344238281),
            ["RightUpperArm"] = CFrame.new(0.01494145393371582, 0.024231791496276855, -0.01659918576478958, 0.8009907603263855, -0.12169907242059708, -0.586176872253418, -0.020728420466184616, 0.9728959798812866, -0.2303127497434616, 0.5983178019523621, 0.19662873446941376, 0.7767577767372131),
            ["Head"] = CFrame.new(-3.725290298461914e-09, -1.1920928955078125e-07, 3.5390257835388184e-08, 0.5978918075561523, -0.030551407486200333, -0.8009945154190063, -0.09941532462835312, 0.9887319207191467, -0.11191924661397934, 0.7953880429267883, 0.14654676616191864, 0.588117241859436),
            ["RightHand"] = CFrame.new(0, 1.7881393432617188e-07, 7.644625506630354e-20, 0.6905978918075562, 0.042244452983140945, -0.7220039963722229, 0.1038363128900528, 0.9821590185165405, 0.15678569674491882, 0.7157461643218994, -0.18324632942676544, 0.6738905906677246),
            ["UpperTorso"] = CFrame.new(7.450580596923828e-09, -3.8743019104003906e-07, -1.862645149230957e-09, 0.9819239974021912, -0.104603111743927, 0.15774543583393097, 0.0688350573182106, 0.9736987352371216, 0.21719235181808472, -0.17631550133228302, -0.20240797102451324, 0.9632984399795532),
            ["HumanoidRootPart"] = CFrame.new(0, 0, 0, 1, 0, 0, 0, 1, 0, 0, 0, 1),
            ["RightUpperLeg"] = CFrame.new(0, -9.685754776000977e-08, -4.203684511594474e-08, 0.8956035375595093, -0.14750339090824127, -0.4196871817111969, 0.26102176308631897, 0.9381967782974243, 0.22727607190608978, 0.3602249324321747, -0.3130967915058136, 0.8787538409233093),
            ["LeftUpperArm"] = CFrame.new(-0.01590108871459961, 0.02448296546936035, -0.016576550900936127, 0.9945988655090332, -0.09145109355449677, 0.049090564250946045, 0.10038607567548752, 0.9677514433860779, -0.23104123771190643, -0.026378581300377846, 0.23472122848033905, 0.9717047214508057),
            ["RightLowerArm"] = CFrame.new(-5.960464477539063e-08, 5.364418029785156e-07, 5.960464477539063e-08, 1, -2.607704345791717e-07, 2.2351748896198842e-08, -1.2293459406009788e-07, 0.999530553817749, -0.030639413744211197, 4.190951941041021e-08, 0.030639857053756714, 0.999530553817749),
            ["LeftHand"] = CFrame.new(-1.4901161193847656e-08, -1.1920928955078125e-07, -1.1920928955078125e-07, 0.7689225077629089, 0.20757417380809784, -0.6047073006629944, -0.28506025671958923, 0.9579188823699951, -0.03365258499979973, 0.5722752213478088, 0.1982535570859909, 0.7957366108894348),
            ["LeftFoot"] = CFrame.new(1.257285475730896e-08, 1.1920928955078125e-07, -1.0655412552296184e-08, 0.9999682307243347, 0.00780353182926774, 0.0016481648199260235, -0.006238442845642567, 0.8940141797065735, -0.447995126247406, -0.0049695842899382114, 0.4479706585407257, 0.8940345644950867),
            ["LowerTorso"] = CFrame.new(0.07828070968389511, -0.26661384105682373, -0.09039175510406494, 0.48054957389831543, 0.2961598336696625, 0.8254462480545044, -0.08614477515220642, 0.9526398181915283, -0.291644424200058, -0.872726321220398, 0.06904172897338867, 0.4833032786846161),
            ["RightLowerLeg"] = CFrame.new(1.0058283805847168e-07, 5.960464477539063e-08, -5.8520527090877295e-08, 1, -6.33299521268782e-07, -4.246832077114959e-07, 6.12810197253566e-07, 0.6597424149513245, 0.7514917254447937, -1.8411080304758798e-07, -0.751491904258728, 0.659742534160614),
            ["LeftUpperLeg"] = CFrame.new(2.9802322387695312e-08, -2.1420419216156006e-07, 5.960464477539063e-08, 0.8553265333175659, 0.3220536410808563, 0.40583035349845886, -0.08023551106452942, 0.8562115430831909, -0.5103569030761719, -0.5118386745452881, 0.40395960211753845, 0.7581804990768433),
            ["LeftLowerLeg"] = CFrame.new(1.3853423297405243e-08, -5.960464477539063e-08, -9.432179126633855e-08, 1, -3.2578816444583936e-07, -4.240900466356834e-07, 4.510514202138438e-07, 0.6969481706619263, 0.7171216011047363, -8.6613049177231e-08, -0.7171215415000916, 0.6969481706619263),
        }},
        {Time = 0.167, Data = {
            ["RightFoot"] = CFrame.new(1.4901161193847656e-08, 2.980232238769531e-07, 2.4945620680227876e-08, 0.9900464415550232, 0.08182340860366821, -0.11451233178377151, -0.1398855745792389, 0.6616730093955994, -0.736627995967865, 0.01549624279141426, 0.7453145980834961, 0.6665329933166504),
            ["LeftLowerArm"] = CFrame.new(5.960464477539063e-08, 4.172325134277344e-07, -5.960464477539063e-08, 1, 7.450581485102248e-09, 1.0803338312825872e-07, 2.9802315282267955e-08, 0.9983457326889038, -0.057496845722198486, 4.470347292340193e-08, 0.057497188448905945, 0.9983457326889038),
            ["RightUpperArm"] = CFrame.new(0.015497207641601562, 0.0227658748626709, -0.018667928874492645, 0.8020328283309937, -0.12779243290424347, -0.5834488272666931, -0.010517188347876072, 0.9736699461936951, -0.2277197688817978, 0.597187340259552, 0.1887747049331665, 0.7795712351799011),
            ["Head"] = CFrame.new(0, 0, -2.2351741790771484e-08, 0.5932296514511108, -0.01700044982135296, -0.8048537969589233, -0.09594012051820755, 0.9911589026451111, -0.09164968132972717, 0.7992960214614868, 0.1315869241952896, 0.5863538384437561),
            ["RightHand"] = CFrame.new(1.1920928955078125e-07, 2.384185791015625e-07, -1.1920928955078125e-07, 0.671913206577301, 0.06571930646896362, -0.7377083897590637, 0.08535891026258469, 0.9825463891029358, 0.16527685523033142, 0.7356945276260376, -0.17402209341526031, 0.6545761823654175),
            ["UpperTorso"] = CFrame.new(-1.862645149230957e-08, -2.086162567138672e-07, -3.725290298461914e-08, 0.9800488352775574, -0.10492897033691406, 0.16880255937576294, 0.07036224007606506, 0.977454423904419, 0.1990782469511032, -0.1858859360218048, -0.18322892487049103, 0.9653360247612),
            ["HumanoidRootPart"] = CFrame.new(0, 0, 0, 1, 0, 0, 0, 1, 0, 0, 0, 1),
            ["RightUpperLeg"] = CFrame.new(0, -6.332993507385254e-08, -5.69380063097924e-08, 0.8944429159164429, -0.15148945152759552, -0.4207408130168915, 0.2770010232925415, 0.9263204336166382, 0.25534453988075256, 0.35105881094932556, -0.34493687748908997, 0.8705036044120789),
            ["LeftUpperArm"] = CFrame.new(-0.015345931053161621, 0.022725343704223633, -0.01867203414440155, 0.9935188293457031, -0.09948848187923431, 0.054976075887680054, 0.10980077087879181, 0.9650822281837463, -0.23782387375831604, -0.0293956957757473, 0.24231880903244019, 0.9697512984275818),
            ["RightLowerArm"] = CFrame.new(1.7881393432617188e-07, 4.76837158203125e-07, -2.086162567138672e-07, 1, -1.452863784834335e-07, 1.3783578367565497e-07, 3.725290742551124e-09, 0.9992577433586121, -0.0385219007730484, 2.0489098417897367e-08, 0.038522325456142426, 0.9992578029632568),
            ["LeftHand"] = CFrame.new(1.4901161193847656e-08, -1.1920928955078125e-07, -8.940696716308594e-08, 0.7729923725128174, 0.20836330950260162, -0.599222719669342, -0.30580034852027893, 0.9499310255050659, -0.0641670972108841, 0.5558499097824097, 0.23284287750720978, 0.7980067133903503),
            ["LeftFoot"] = CFrame.new(1.932494342327118e-08, -5.960464477539063e-08, 1.1783799891418312e-07, 0.9999402761459351, 0.0011137780966237187, 0.010878300294280052, 0.004081415943801403, 0.8848956823348999, -0.4657715857028961, -0.010144841857254505, 0.46578794717788696, 0.8848382234573364),
            ["LowerTorso"] = CFrame.new(0.04308788850903511, -0.27093350887298584, -0.09983254969120026, 0.48031312227249146, 0.3009538948535919, 0.8238483667373657, -0.08725536614656448, 0.9510257244110107, -0.2965412139892578, -0.8727461695671082, 0.07054745405912399, 0.4830499589443207),
            ["RightLowerLeg"] = CFrame.new(8.195638656616211e-08, -5.960464477539063e-08, -6.783375283703208e-08, 1, -4.358590217634628e-07, -5.774200531050155e-07, 8.195641498787154e-07, 0.6710783243179321, 0.741386353969574, -9.348153895416544e-08, -0.7413865327835083, 0.6710785031318665),
            ["LeftUpperLeg"] = CFrame.new(5.960464477539063e-08, -7.078051567077637e-08, -1.4901161193847656e-08, 0.8587852716445923, 0.3262344300746918, 0.3950432538986206, -0.08980119973421097, 0.8549749851226807, -0.5108360648155212, -0.5044042468070984, 0.4032230079174042, 0.7635362148284912),
            ["LeftLowerLeg"] = CFrame.new(4.563480615615845e-08, 2.980232238769531e-07, -1.7767516169442388e-07, 1, -2.9830871994818153e-07, -5.753039431510842e-07, 4.791656920133391e-07, 0.665520429611206, 0.7463799118995667, -4.8428795196286956e-08, -0.7463797330856323, 0.6655201315879822),
        }},
        {Time = 0.200, Data = {
            ["RightFoot"] = CFrame.new(3.91155481338501e-08, 2.980232238769531e-07, 1.3769749784842134e-08, 0.9885942935943604, 0.09596437960863113, -0.11606927961111069, -0.15045829117298126, 0.6631008982658386, -0.7332528233528137, 0.006599239073693752, 0.742353081703186, 0.6699762344360352),
            ["LeftLowerArm"] = CFrame.new(0, 5.960464477539063e-08, -5.960464477539063e-08, 1, -1.8626458597736928e-07, -1.4901158351676713e-07, -5.21540464148984e-08, 0.9996264576911926, -0.02733168937265873, -1.1548395661975519e-07, 0.027332382276654243, 0.9996265172958374),
            ["RightUpperArm"] = CFrame.new(0.015899300575256348, 0.02473926544189453, -0.02050064504146576, 0.8064280152320862, -0.13353489339351654, -0.5760575532913208, -0.0006771797779947519, 0.9739598631858826, -0.22671976685523987, 0.5913320779800415, 0.18322305381298065, 0.7853381633758545),
            ["Head"] = CFrame.new(1.1175870895385742e-08, 1.1920928955078125e-07, -3.166496753692627e-08, 0.5935771465301514, -0.003793969750404358, -0.804767906665802, -0.09309390932321548, 0.9929522275924683, -0.073344886302948, 0.799374520778656, 0.1184549629688263, 0.5890409350395203),
            ["RightHand"] = CFrame.new(-1.341104507446289e-07, 3.5762786865234375e-07, -1.4901161193847656e-07, 0.6487125158309937, 0.08834157139062881, -0.7558887004852295, 0.06175097078084946, 0.9838544130325317, 0.1679799109697342, 0.7585241794586182, -0.15564782917499542, 0.6327835917472839),
            ["UpperTorso"] = CFrame.new(-2.2351741790771484e-08, -2.086162567138672e-07, 8.568167686462402e-08, 0.9790679812431335, -0.10507453233003616, 0.17431390285491943, 0.07314970344305038, 0.9808698892593384, 0.18039821088314056, -0.18993425369262695, -0.16387124359607697, 0.9680243730545044),
            ["HumanoidRootPart"] = CFrame.new(0, 0, 0, 1, 0, 0, 0, 1, 0, 0, 0, 1),
            ["RightUpperLeg"] = CFrame.new(-8.940696716308594e-08, -1.564621925354004e-07, 4.7370122047141194e-08, 0.8941787481307983, -0.15791569650173187, -0.4189358949661255, 0.29026275873184204, 0.9169067740440369, 0.2739149332046509, 0.34086963534355164, -0.3665304183959961, 0.8657155632972717),
            ["LeftUpperArm"] = CFrame.new(-0.014943361282348633, 0.024486303329467773, -0.02052725851535797, 0.9924356341362, -0.10439195483922958, 0.06460413336753845, 0.11717543005943298, 0.9624680876731873, -0.24479621648788452, -0.03662482276558876, 0.25051453709602356, 0.9674199223518372),
            ["RightLowerArm"] = CFrame.new(1.1920928955078125e-07, 4.172325134277344e-07, -5.960464477539063e-08, 1, -6.332997770641668e-08, 1.1362142515736195e-07, 1.415611023958263e-07, 0.9994233846664429, -0.03395466133952141, 1.4714903784351918e-07, 0.033955078572034836, 0.9994234442710876),
            ["LeftHand"] = CFrame.new(-1.7881393432617188e-07, -1.1920928955078125e-07, 2.9802322387695312e-08, 0.776841402053833, 0.20724228024482727, -0.5946157574653625, -0.32356345653533936, 0.9414665699005127, -0.09459181129932404, 0.5402076244354248, 0.2658785879611969, 0.7984262704849243),
            ["LeftFoot"] = CFrame.new(-2.7939677238464355e-08, 1.1920928955078125e-07, 2.6597490432322957e-08, 0.9998012185096741, -0.005605744197964668, 0.01913696900010109, 0.014138238504529, 0.8760397434234619, -0.4820317029953003, -0.01406241673976183, 0.48220640420913696, 0.8759448528289795),
            ["LowerTorso"] = CFrame.new(0.010798160918056965, -0.27713310718536377, -0.10867127031087875, 0.4817606508731842, 0.3040961027145386, 0.8218469023704529, -0.08824312686920166, 0.9499250650405884, -0.2997594475746155, -0.8718485236167908, 0.0718899741768837, 0.4844708740711212),
            ["RightLowerLeg"] = CFrame.new(5.960464477539063e-08, 0, 3.6474375519901514e-08, 1, -5.401672069638153e-07, -3.2782557468635787e-07, 7.776544634907623e-07, 0.6721515655517578, 0.7404131293296814, 1.2689271500221366e-07, -0.7404136657714844, 0.6721521019935608),
            ["LeftUpperLeg"] = CFrame.new(-5.960464477539063e-08, -1.564621925354004e-07, 4.470348358154297e-08, 0.8608633875846863, 0.33207303285598755, 0.3855408728122711, -0.09877914190292358, 0.8523404002189636, -0.5135744214057922, -0.49915629625320435, 0.40403392910957336, 0.7665503621101379),
            ["LeftLowerLeg"] = CFrame.new(1.862645149230957e-09, -2.384185791015625e-07, 7.133721169338969e-08, 1, -2.9715013738496054e-07, -5.415640771389008e-07, 5.466863512992859e-07, 0.6333644986152649, 0.7738534808158875, -3.341119736433029e-08, -0.773853600025177, 0.633364737033844),
        }},
        {Time = 0.233, Data = {
            ["RightFoot"] = CFrame.new(-5.587935447692871e-09, 2.384185791015625e-07, 1.1907104635611176e-08, 0.9869709014892578, 0.10944937914609909, -0.11793757975101471, -0.16088595986366272, 0.662032425403595, -0.7320031523704529, -0.0020387747790664434, 0.74144047498703, 0.671015739440918),
            ["LeftLowerArm"] = CFrame.new(1.1920928955078125e-07, -3.5762786865234375e-07, -7.644625506630354e-20, 1, 2.309680269263481e-07, 2.2351734685344127e-08, 4.2468295191611105e-07, 0.9999850392341614, -0.005479192361235619, -2.2351734685344127e-08, 0.005479857791215181, 0.9999850392341614),
            ["RightUpperArm"] = CFrame.new(0.01613640785217285, 0.02282583713531494, -0.021966904401779175, 0.8158791065216064, -0.13502201437950134, -0.5622372627258301, 0.007273386232554913, 0.9746736288070679, -0.22351427376270294, 0.578176736831665, 0.17827120423316956, 0.7961976528167725),
            ["Head"] = CFrame.new(3.725290298461914e-09, -1.1920928955078125e-07, -9.313225746154785e-09, 0.5974944829940796, 0.003246546257287264, -0.8018665313720703, -0.09165734052658081, 0.9937142133712769, -0.06427308171987534, 0.7966174483299255, 0.11189982295036316, 0.5940361618995667),
            ["RightHand"] = CFrame.new(2.9802322387695312e-08, 0, -1.1920928955078125e-07, 0.6171407103538513, 0.1083589568734169, -0.7793562412261963, 0.03471187502145767, 0.985758900642395, 0.1645434945821762, 0.7860868573188782, -0.12859927117824554, 0.6045901775360107),
            ["UpperTorso"] = CFrame.new(-2.9802322387695312e-08, 8.940696716308594e-08, -7.078051567077637e-08, 0.9788354635238647, -0.10503550618886948, 0.17563825845718384, 0.07666909694671631, 0.983948290348053, 0.16114501655101776, -0.18974468111991882, -0.14426840841770172, 0.9711763858795166),
            ["HumanoidRootPart"] = CFrame.new(0, 0, 0, 1, 0, 0, 0, 1, 0, 0, 0, 1),
            ["RightUpperLeg"] = CFrame.new(-5.960464477539063e-08, 1.862645149230957e-08, -7.183916750364006e-08, 0.8945420980453491, -0.16206759214401245, -0.41656750440597534, 0.3014605641365051, 0.9068422913551331, 0.2945483922958374, 0.3300243020057678, -0.3890644609928131, 0.8600655794143677),
            ["LeftUpperArm"] = CFrame.new(-0.014705538749694824, 0.022448182106018066, -0.022008724510669708, 0.9912033081054688, -0.10696770995855331, 0.07793691754341125, 0.1230124980211258, 0.9618542790412903, -0.24434463679790497, -0.04882729426026344, 0.2517823874950409, 0.9665514230728149),
            ["RightLowerArm"] = CFrame.new(1.7881393432617188e-07, 2.384185791015625e-07, -2.384185791015625e-07, 1, 1.11758780008131e-08, 1.8253929567890737e-07, 1.713633963618122e-07, 0.9997729063034058, -0.021314941346645355, -3.72529100900465e-08, 0.02131517045199871, 0.9997729063034058),
            ["LeftHand"] = CFrame.new(-7.450580596923828e-08, 0, -1.1920928955078125e-07, 0.7795016169548035, 0.20554406940937042, -0.5917167067527771, -0.334402471780777, 0.9353103637695312, -0.11562852561473846, 0.529671847820282, 0.2880038321018219, 0.7978103756904602),
            ["LeftFoot"] = CFrame.new(-6.51925802230835e-08, 1.1920928955078125e-07, 6.108393790782429e-09, 0.9996645450592041, -0.01250087097287178, 0.02268550731241703, 0.022143302485346794, 0.8668355345726013, -0.4981023669242859, -0.013437855057418346, 0.4984375238418579, 0.8668214082717896),
            ["LowerTorso"] = CFrame.new(-0.02149156667292118, -0.28339874744415283, -0.11701903492212296, 0.4848068058490753, 0.3045305609703064, 0.819892406463623, -0.0890030786395073, 0.9497368931770325, -0.3001304268836975, -0.8700809478759766, 0.07253232598304749, 0.4875430762767792),
            ["RightLowerLeg"] = CFrame.new(5.960464477539063e-08, 0, -1.5679688658565283e-08, 1, -3.2037499408943404e-07, -7.30157353245886e-07, 6.500633276118606e-07, 0.6808440685272217, 0.7324281930923462, -1.5646223516796454e-07, -0.7324284315109253, 0.6808443069458008),
            ["LeftUpperLeg"] = CFrame.new(5.960464477539063e-08, -2.421438694000244e-08, -7.450580596923828e-08, 0.8598319292068481, 0.3398365080356598, 0.381051242351532, -0.10617964714765549, 0.8490136861801147, -0.5175924897193909, -0.4994146525859833, 0.40458256006240845, 0.7660926580429077),
            ["LeftLowerLeg"] = CFrame.new(9.313225746154785e-09, -5.960464477539063e-08, 1.827466746817663e-07, 1, -2.749730754203483e-07, -4.706672598331352e-07, 6.966291152821213e-07, 0.6015890836715698, 0.7988057136535645, 8.661297812295743e-08, -0.798805832862854, 0.6015891432762146),
        }},
        {Time = 0.267, Data = {
            ["RightFoot"] = CFrame.new(2.0489096641540527e-08, 2.980232238769531e-07, 2.308297553099692e-08, 0.9852573275566101, 0.12200763821601868, -0.11992526799440384, -0.17078179121017456, 0.6601343750953674, -0.731475293636322, -0.010078804567456245, 0.7411726117134094, 0.6712390184402466),
            ["LeftLowerArm"] = CFrame.new(5.960464477539063e-08, 0, -1.1920928955078125e-07, 1, 2.980233944072097e-07, -5.215402154590265e-08, 4.0233157960756216e-07, 1, -3.5762758443524945e-07, -1.1920936060505483e-07, -1.5273698750206677e-07, 1),
            ["RightUpperArm"] = CFrame.new(0.016142606735229492, 0.02089059352874756, -0.023229628801345825, 0.8306727409362793, -0.13357561826705933, -0.5404998660087585, 0.013815337792038918, 0.9754400849342346, -0.21983182430267334, 0.5565896034240723, 0.17514073848724365, 0.8121169209480286),
            ["Head"] = CFrame.new(2.9802322387695312e-08, 2.384185791015625e-07, 1.1175870895385742e-08, 0.6065848469734192, 0.004152003675699234, -0.7950076460838318, -0.09099391102790833, 0.9937775731086731, -0.06423747539520264, 0.7897942662239075, 0.11130599677562714, 0.603188693523407),
            ["RightHand"] = CFrame.new(1.043081283569336e-07, 2.384185791015625e-07, -5.960464477539063e-08, 0.5778834223747253, 0.1257854849100113, -0.8063680529594421, 0.01209990493953228, 0.986622154712677, 0.16257445514202118, 0.8160297274589539, -0.10370569676160812, 0.5686301589012146),
            ["UpperTorso"] = CFrame.new(6.332993507385254e-08, -1.4901161193847656e-07, -1.043081283569336e-07, 0.979623019695282, -0.10491793602705002, 0.1712632030248642, 0.08111078292131424, 0.9867467880249023, 0.14054158329963684, -0.18373864889144897, -0.12378615140914917, 0.9751497507095337),
            ["HumanoidRootPart"] = CFrame.new(0, 0, 0, 1, 0, 0, 0, 1, 0, 0, 0, 1),
            ["RightUpperLeg"] = CFrame.new(1.1920928955078125e-07, -2.905726432800293e-07, -1.0164148989133537e-07, 0.8957857489585876, -0.1657409518957138, -0.412429541349411, 0.3102604150772095, 0.8975880742073059, 0.3131679892539978, 0.31828680634498596, -0.4084918797016144, 0.855469286441803),
            ["LeftUpperArm"] = CFrame.new(-0.014699101448059082, 0.020510196685791016, -0.02327374368906021, 0.9892958998680115, -0.10438171029090881, 0.1019713506102562, 0.12597399950027466, 0.9636068344116211, -0.23578034341335297, -0.07364939898252487, 0.2461022287607193, 0.9664417505264282),
            ["RightLowerArm"] = CFrame.new(5.960464477539063e-08, 9.5367431640625e-07, 1.4901161193847656e-07, 1, -3.427269916755904e-07, 9.126956967975275e-08, -1.8626467124249757e-07, 0.9999431371688843, -0.01067275833338499, 2.79396999758319e-07, 0.01067277230322361, 0.9999430179595947),
            ["LeftHand"] = CFrame.new(-1.043081283569336e-07, -2.980232238769531e-07, -1.4901161193847656e-08, 0.7793387174606323, 0.1966075599193573, -0.5949596166610718, -0.3354390263557434, 0.9328936338424683, -0.1311115175485611, 0.5292560458183289, 0.30175337195396423, 0.7929898500442505),
            ["LeftFoot"] = CFrame.new(-1.3969838619232178e-08, -5.960464477539063e-08, -5.535889613383915e-08, 0.9994725584983826, -0.01935773715376854, 0.026078443974256516, 0.030003812164068222, 0.8577184081077576, -0.513243556022644, -0.0124327652156353, 0.513755202293396, 0.8578467965126038),
            ["LowerTorso"] = CFrame.new(-0.05247792229056358, -0.28970110416412354, -0.12473316490650177, 0.489922434091568, 0.3024980127811432, 0.8176007866859436, -0.08954884111881256, 0.9503687024116516, -0.29796040058135986, -0.8671545386314392, 0.07276228070259094, 0.49269530177116394),
