return {
    ["Jubi Slide"] = {
        {Time = 0.000, Data = {
            ["LeftFoot"] = CFrame.new(3.91155481338501e-08, -5.960464477539063e-08, -2.0954757928848267e-08, 0.9940398931503296, -0.10432089865207672, -0.0316523052752018, 0.10282339155673981, 0.993647575378418, -0.04573629051446915, 0.03622247278690338, 0.04220909997820854, 0.9984520077705383),
            ["LeftLowerArm"] = CFrame.new(2.086162567138672e-07, -2.384185791015625e-07, 1.7881393432617188e-07, 1, -8.568166975919667e-08, 4.377216455964117e-08, 1.043081283569336e-07, 0.45546817779541016, -0.8902521729469299, 6.332993507385254e-08, 0.8902521133422852, 0.4554681181907654),
            ["LowerTorso"] = CFrame.new(-0.16619446873664856, -0.24363672733306885, -0.019486190751194954, -0.2921319901943207, -0.1714397370815277, -0.9408864378929138, -0.06574656814336777, 0.9850744009017944, -0.15907788276672363, 0.9541154503822327, 0.015388322994112968, -0.29904332756996155),
            ["Head"] = CFrame.new(-3.632158041000366e-08, 0, 0, 0.9974839091300964, -0.06983619183301926, -0.012197318486869335, 0.06845435500144958, 0.9040630459785461, 0.42188185453414917, -0.01843547634780407, -0.42165523767471313, 0.9065688848495483),
            ["RightUpperArm"] = CFrame.new(0, 0, -3.725290298461914e-08, 0.9709383249282837, -0.23767538368701935, -0.028094381093978882, 0.23631244897842407, 0.9334852695465088, 0.26974397897720337, -0.03788580745458603, -0.2685438394546509, 0.9625221490859985),
            ["UpperTorso"] = CFrame.new(4.6566128730773926e-09, 1.1920928955078125e-07, 4.1443854570388794e-08, 0.9779200553894043, 0.057430241256952286, 0.20093363523483276, -0.10499582439661026, 0.9663562774658203, 0.23480111360549927, -0.1806887537240982, -0.2507138252258301, 0.9510490298271179),
            ["HumanoidRootPart"] = CFrame.new(0, 0, 0, 1, 0, 0, 0, 1, 0, 0, 0, 1),
            ["RightHand"] = CFrame.new(-1.2852251529693604e-07, -1.1920928955078125e-07, -1.4156103134155273e-07, 0.9436696171760559, -0.11135486513376236, -0.31158921122550964, 0.0669930949807167, 0.986467182636261, -0.14964744448661804, 0.3240365982055664, 0.1203434020280838, 0.9383591413497925),
            ["LeftUpperArm"] = CFrame.new(0, 0, -2.2351741790771484e-08, 0.9700984954833984, 0.05953062325716019, 0.23529766499996185, -0.24248699843883514, 0.2794046700000763, 0.9290496110916138, -0.010436353273689747, -0.9583262205123901, 0.2854854166507721),
            ["RightLowerArm"] = CFrame.new(-2.682209014892578e-07, -1.1920928955078125e-07, -1.4901161193847656e-08, 1, -8.195636524988004e-08, 8.428468589727345e-08, 9.778887033462524e-08, -0.1739882081747055, -0.9847477078437805, 1.1175870895385742e-07, 0.9847477078437805, -0.1739881932735443),
            ["LeftHand"] = CFrame.new(2.3096799850463867e-07, 3.5762786865234375e-07, -7.82310962677002e-08, 0.7422581911087036, 0.16329847276210785, -0.6499124765396118, -0.3488897979259491, 0.9222100377082825, -0.16674664616584778, 0.5721264481544495, 0.3505171537399292, 0.7414913773536682),
            ["RightUpperLeg"] = CFrame.new(-2.9802322387695312e-08, -7.031485438346863e-08, 5.790934665128589e-08, 0.9766485095024109, 0.11330687254667282, 0.18253609538078308, -0.051038771867752075, 0.9476622343063354, -0.31516900658607483, -0.20869334042072296, 0.29849275946617126, 0.9313158392906189),
            ["LeftUpperLeg"] = CFrame.new(0, 2.896413207054138e-07, -7.450580596923828e-09, 0.9604616165161133, 0.035069964826107025, 0.27619487047195435, 0.055980928242206573, 0.9474475979804993, -0.3149750530719757, -0.2727262079715729, 0.31798306107521057, 0.9080238342285156),
            ["RightLowerLeg"] = CFrame.new(-1.4435499906539917e-08, 3.5762786865234375e-07, -2.029992174357176e-09, 1, -1.4156104555240745e-07, -8.38190601371025e-08, 1.378357268322361e-07, 0.43899843096733093, 0.8984876275062561, -8.940695295223122e-08, -0.8984878659248352, 0.4389989972114563),
            ["RightFoot"] = CFrame.new(2.7939677238464355e-08, 3.5762786865234375e-07, 8.318602340295911e-08, 0.994979739189148, -0.08246804028749466, 0.056696850806474686, 0.10005895048379898, 0.8088322281837463, -0.5794638991355896, 0.001929019344970584, 0.5822280049324036, 0.8130234479904175),
            ["LeftLowerLeg"] = CFrame.new(-1.862645149230957e-08, 5.960464477539063e-08, -2.514570951461792e-08, 1, 6.519260242754399e-09, -1.862645593320167e-09, -1.862645371275562e-09, 0.9991753697395325, 0.04060519486665726, 9.31322685637781e-10, -0.040605224668979645, 0.9991753101348877),
        }},
        {Time = 0.033, Data = {
            ["LeftFoot"] = CFrame.new(-6.51925802230835e-08, 0, 1.3504177331924438e-08, 0.9927510023117065, -0.10981201380491257, -0.04885437339544296, 0.1095210611820221, 0.9939472675323486, -0.008603079244494438, 0.04950336366891861, 0.0031901183538138866, 0.9987688660621643),
            ["LeftLowerArm"] = CFrame.new(-3.8743019104003906e-07, -1.1920928955078125e-07, -4.6193599700927734e-07, 1, -6.332992086299782e-08, 7.450578820566989e-09, 9.313223614526578e-08, 0.5283241868019104, -0.8490428924560547, 6.332992086299782e-08, 0.8490427732467651, 0.5283240079879761),
            ["LowerTorso"] = CFrame.new(-0.14169541001319885, -0.23231136798858643, -0.010164469480514526, -0.2719336152076721, -0.1582457721233368, -0.9492157697677612, -0.09512673318386078, 0.9859759211540222, -0.1371220499277115, 0.9576027393341064, 0.05300770327448845, -0.28317341208457947),
            ["Head"] = CFrame.new(0, 0, -1.1175870895385742e-08, 0.9959871172904968, -0.08947879821062088, 0.0018239864148199558, 0.08164005726575851, 0.916707456111908, 0.3911297619342804, -0.036669887602329254, -0.38941121101379395, 0.9203338027000427),
            ["RightUpperArm"] = CFrame.new(0, 2.384185791015625e-07, 7.450580596923828e-09, 0.9806860089302063, -0.19506263732910156, 0.014341814443469048, 0.18709492683410645, 0.9569450616836548, 0.22192737460136414, -0.05701405927538872, -0.21495766937732697, 0.9749578237533569),
            ["UpperTorso"] = CFrame.new(9.313225746154785e-10, -1.4901161193847656e-07, -1.0943040251731873e-08, 0.983169436454773, 0.03499835729598999, 0.179313063621521, -0.0744614228606224, 0.9730245471000671, 0.21835516393184662, -0.16683390736579895, -0.22803199291229248, 0.9592539072036743),
            ["HumanoidRootPart"] = CFrame.new(0, 0, 0, 1, 0, 0, 0, 1, 0, 0, 0, 1),
            ["RightHand"] = CFrame.new(-4.842877388000488e-08, 0, 1.0835356079041958e-07, 0.9225200414657593, -0.10228648781776428, -0.37214842438697815, -0.006828248966485262, 0.9597648978233337, -0.2807218134403229, 0.3858890235424042, 0.26151254773139954, 0.8847037553787231),
            ["LeftUpperArm"] = CFrame.new(-2.384185791015625e-07, 1.1920928955078125e-07, 1.862645149230957e-08, 0.9810041785240173, 0.09497532993555069, 0.1691465973854065, -0.18676088750362396, 0.22663678228855133, 0.9559060335159302, 0.05245266109704971, -0.9693376421928406, 0.24006932973861694),
            ["RightLowerArm"] = CFrame.new(1.7881393432617188e-07, -5.960464477539063e-08, 9.685754776000977e-08, 1, -6.169919686271896e-08, 9.114952348454608e-08, 8.102504267526456e-08, -0.2820766866207123, -0.9593918323516846, 1.1827793855445634e-07, 0.9593918323516846, -0.28207674622535706),
            ["LeftHand"] = CFrame.new(3.129243850708008e-07, 4.76837158203125e-07, 1.1175870895385742e-08, 0.7508587837219238, 0.18861836194992065, -0.632956862449646, -0.39127498865127563, 0.8991098999977112, -0.19622749090194702, 0.5320857167243958, 0.39499935507774353, 0.748906135559082),
            ["RightUpperLeg"] = CFrame.new(-2.9802322387695312e-08, -1.1548399925231934e-07, -3.149762051180005e-08, 0.9801602959632874, 0.08004070073366165, 0.18132679164409637, -0.021442348137497902, 0.9522871375083923, -0.3044494092464447, -0.1970435082912445, 0.29452094435691833, 0.9351102113723755),
            ["LeftUpperLeg"] = CFrame.new(-5.960464477539063e-08, -2.97382939606905e-07, -5.587935447692871e-09, 0.9610339403152466, -0.008774119429290295, 0.2762911021709442, 0.09061068296432495, 0.9542739987373352, -0.284869909286499, -0.2611578702926636, 0.29880455136299133, 0.9178848266601562),
            ["RightLowerLeg"] = CFrame.new(-8.381903171539307e-09, 2.384185791015625e-07, -7.281050784513354e-08, 1, -1.30385160446167e-07, -7.729980211479415e-08, 1.30385160446167e-07, 0.44327792525291443, 0.896384060382843, -8.568167686462402e-08, -0.8963842988014221, 0.44327834248542786),
            ["RightFoot"] = CFrame.new(-1.30385160446167e-08, 2.384185791015625e-07, -8.957431418821216e-08, 0.9947496056556702, -0.08742029219865799, 0.05320797488093376, 0.10177285224199295, 0.7903878688812256, -0.6040934920310974, 0.010755087248980999, 0.6063371300697327, 0.7951351404190063),
            ["LeftLowerLeg"] = CFrame.new(2.60770320892334e-08, -1.7881393432617188e-07, -1.862645149230957e-08, 1, -2.793969056114065e-09, 2.7939672797572257e-09, -1.862645149230957e-09, 0.9999877214431763, 0.004957103170454502, 1.862645149230957e-09, -0.004957045428454876, 0.9999877214431763),
        }},
        {Time = 0.067, Data = {
            ["LeftFoot"] = CFrame.new(1.5832483768463135e-08, 0, -1.1362135410308838e-07, 0.9933674931526184, -0.09564712643623352, -0.06381791830062866, 0.102757528424263, 0.9875069260597229, 0.11946128308773041, 0.05159454047679901, -0.1252267211675644, 0.9907857775688171),
            ["LeftLowerArm"] = CFrame.new(-8.940696716308594e-08, -2.384185791015625e-07, -3.3527612686157227e-07, 1, -1.2665985593685036e-07, 4.097818262494002e-08, 2.6077035641947077e-08, 0.6065180897712708, -0.7950698137283325, 3.3527616238870905e-08, 0.7950697541236877, 0.6065179109573364),
            ["LowerTorso"] = CFrame.new(-0.13076090812683105, -0.17991578578948975, -0.013492196798324585, -0.2274797558784485, -0.13986890017986298, -0.9636854529380798, -0.1335449367761612, 0.9847612977027893, -0.11140429973602295, 0.9645821452140808, 0.1033530905842781, -0.24269206821918488),
            ["Head"] = CFrame.new(-1.0710209608078003e-08, 2.384185791015625e-07, 5.587935447692871e-09, 0.9934852123260498, -0.11279354989528656, 0.016273925080895424, 0.10087932646274567, 0.9368568062782288, 0.3348475992679596, -0.05301499366760254, -0.33102428913116455, 0.9421318173408508),
            ["RightUpperArm"] = CFrame.new(0, 1.1920928955078125e-07, -5.960464477539063e-08, 0.9723620414733887, -0.2327902913093567, 0.01790863275527954, 0.2208711802959442, 0.9420121908187866, 0.2526441216468811, -0.07568323612213135, -0.24170611798763275, 0.9673935174942017),
            ["UpperTorso"] = CFrame.new(2.421438694000244e-08, 8.940696716308594e-08, 1.4435499906539917e-08, 0.9900811314582825, -0.000987265375442803, 0.14049369096755981, -0.030621442943811417, 0.9744194746017456, 0.22264157235622406, -0.13711954653263092, -0.2247353196144104, 0.9647240042686462),
            ["HumanoidRootPart"] = CFrame.new(0, 0, 0, 1, 0, 0, 0, 1, 0, 0, 0, 1),
            ["RightHand"] = CFrame.new(1.9813887774944305e-07, 0, -2.150190994143486e-07, 0.9108777046203613, -0.0992734506726265, -0.4005582630634308, -0.059073325246572495, 0.9292719960212708, -0.3646424114704132, 0.4084266126155853, 0.3558068871498108, 0.8405885100364685),
            ["LeftUpperArm"] = CFrame.new(0, 7.152557373046875e-07, -3.725290298461914e-08, 0.9880425333976746, 0.1263265460729599, 0.0883953720331192, -0.1138560026884079, 0.21121099591255188, 0.9707866311073303, 0.10396600514650345, -0.9692428112030029, 0.22306840121746063),
            ["RightLowerArm"] = CFrame.new(-2.9802322387695312e-08, 1.7881393432617188e-07, 3.91155481338501e-08, 1, -7.63830030336976e-08, 1.4153373228964483e-07, 4.1443854570388794e-08, -0.3380196690559387, -0.9411391019821167, 1.210719347000122e-07, 0.9411391019821167, -0.33801954984664917),
            ["LeftHand"] = CFrame.new(5.960464477539063e-08, 0, 3.948807716369629e-07, 0.7815883159637451, 0.21912124752998352, -0.5840429067611694, -0.42325422167778015, 0.8740599155426025, -0.2384849637746811, 0.4582310616970062, 0.4335956871509552, 0.775898814201355),
            ["RightUpperLeg"] = CFrame.new(0, 3.725290298461914e-08, 4.300818545743823e-08, 0.9867033362388611, 0.011862190440297127, 0.16209819912910461, 0.030824977904558182, 0.9655746221542358, -0.2582937777042389, -0.15958182513713837, 0.25985586643218994, 0.9523699283599854),
            ["LeftUpperLeg"] = CFrame.new(5.960464477539063e-08, 6.05359673500061e-08, 1.1175870895385742e-08, 0.9673926830291748, -0.07861103862524033, 0.24077339470386505, 0.1433696299791336, 0.9536169767379761, -0.2646882236003876, -0.20879818499088287, 0.2905769944190979, 0.9337924718856812),
            ["RightLowerLeg"] = CFrame.new(-2.1420419216156006e-08, 3.5762786865234375e-07, -8.026108844205737e-08, 1, -1.3783576946480025e-07, -7.450584149637507e-08, 1.210719347000122e-07, 0.5198208093643188, 0.854275107383728, -8.195638656616211e-08, -0.8542754054069519, 0.5198212265968323),
            ["RightFoot"] = CFrame.new(-9.313225746154785e-09, 3.5762786865234375e-07, 9.832001524046063e-08, 0.9952437281608582, -0.08160910755395889, 0.05319802835583687, 0.09717219322919846, 0.7929586172103882, -0.6014765501022339, 0.006902166176587343, 0.6037852764129639, 0.7971173524856567),
            ["LeftLowerLeg"] = CFrame.new(-1.4901161193847656e-08, 0, 1.1175870895385742e-07, 1, 6.519259798665189e-09, 0, 4.6566128730773926e-09, 0.999987781047821, 0.004956129472702742, -3.725290298461914e-09, -0.0049561671912670135, 0.9999877214431763),
        }},
        {Time = 0.100, Data = {
            ["LeftFoot"] = CFrame.new(-2.0489096641540527e-08, 1.1920928955078125e-07, -3.725290298461914e-08, 0.9940912127494812, -0.060367926955223083, -0.09021392464637756, 0.07862196117639542, 0.9734539985656738, 0.21495556831359863, 0.07484271377325058, -0.2207781821489334, 0.9724482893943787),
            ["LeftLowerArm"] = CFrame.new(-1.1920928955078125e-07, 2.384185791015625e-07, -1.7136335372924805e-07, 1, -7.450579886381092e-08, 5.215405707303944e-08, 4.0978189730367376e-08, 0.5348617434501648, -0.8449395895004272, 5.215405707303944e-08, 0.8449395298957825, 0.5348618030548096),
            ["LowerTorso"] = CFrame.new(-0.12454977631568909, -0.10349547863006592, -0.0220891535282135, -0.17868226766586304, -0.12413414567708969, -0.976044774055481, -0.14638954401016235, 0.9843221306800842, -0.09838767349720001, 0.9729557633399963, 0.12530259788036346, -0.1940528303384781),
            ["Head"] = CFrame.new(-5.459878593683243e-08, -3.5762786865234375e-07, 3.725290298461914e-09, 0.9912505745887756, -0.13199226558208466, 0.0005998603301122785, 0.12382884323596954, 0.9314987063407898, 0.34201866388320923, -0.045702576637268066, -0.33895179629325867, 0.9396929740905762),
            ["RightUpperArm"] = CFrame.new(1.1920928955078125e-07, -4.76837158203125e-07, -4.470348358154297e-08, 0.9683254361152649, -0.24624481797218323, -0.041345734149217606, 0.24446552991867065, 0.9012680053710938, 0.35770460963249207, -0.05081932619214058, -0.3564820885658264, 0.9329190850257874),
            ["UpperTorso"] = CFrame.new(2.0489096641540527e-08, 0, 3.3527612686157227e-08, 0.9938306212425232, 0.0014568697661161423, 0.11089920997619629, -0.026686277240514755, 0.9736781120300293, 0.22635985910892487, -0.10765037685632706, -0.22792285680770874, 0.967710018157959),
            ["HumanoidRootPart"] = CFrame.new(0, 0, 0, 1, 0, 0, 0, 1, 0, 0, 0, 1),
            ["RightHand"] = CFrame.new(2.0605511963367462e-07, -5.960464477539063e-08, 1.4901161193847656e-08, 0.9622419476509094, -0.12007130682468414, -0.24428120255470276, 0.054379142820835114, 0.9641552567481995, -0.25970694422721863, 0.2667084336280823, 0.2366170585155487, 0.9342799782752991),
            ["LeftUpperArm"] = CFrame.new(0, -3.5762786865234375e-07, -2.2351741790771484e-08, 0.9876977801322937, 0.15342149138450623, 0.030247759073972702, -0.06001082807779312, 0.19326281547546387, 0.979310154914856, 0.14440135657787323, -0.9690776467323303, 0.20009219646453857),
            ["RightLowerArm"] = CFrame.new(1.7881393432617188e-07, 5.960464477539063e-08, -3.3527612686157227e-08, 1, -7.706694304943085e-08, 1.331791139591587e-07, 7.171183824539185e-08, -0.3347344398498535, -0.942312479019165, 1.1920928955078125e-07, 0.9423125386238098, -0.33473441004753113),
            ["LeftHand"] = CFrame.new(-1.1920928955078125e-07, 1.1920928955078125e-07, -4.470348358154297e-08, 0.8148689270019531, 0.2366236001253128, -0.5291480422019958, -0.4346521496772766, 0.8533996939659119, -0.2877265214920044, 0.38349196314811707, 0.4644547402858734, 0.7982580661773682),
            ["RightUpperLeg"] = CFrame.new(0, 8.009374141693115e-08, 9.480572771281004e-09, 0.9920958280563354, -0.030665479600429535, 0.12167811393737793, 0.057341478765010834, 0.9733049869537354, -0.2222370207309723, -0.11161496490240097, 0.22745755314826965, 0.9673702716827393),
            ["LeftUpperLeg"] = CFrame.new(0, 1.5832483768463135e-08, -7.450580596923828e-09, 0.9710014462471008, -0.1332332044839859, 0.19850735366344452, 0.17656885087490082, 0.9594486951828003, -0.21973095834255219, -0.16118215024471283, 0.24840930104255676, 0.9551509618759155),
            ["RightLowerLeg"] = CFrame.new(-3.259629011154175e-09, 1.7881393432617188e-07, -6.908521754667163e-08, 1, -1.30385160446167e-07, -5.774202094244174e-08, 1.210719347000122e-07, 0.5955914258956909, 0.8032873868942261, -6.332993507385254e-08, -0.8032875061035156, 0.5955917835235596),
            ["RightFoot"] = CFrame.new(0, 2.384185791015625e-07, 1.0414078133180737e-07, 0.9955230355262756, -0.08460629731416702, 0.04213983565568924, 0.09451572597026825, 0.8869690895080566, -0.4520534574985504, 0.0008698746096342802, 0.45401284098625183, 0.8909949660301208),
            ["LeftLowerLeg"] = CFrame.new(2.0489096641540527e-08, -1.7881393432617188e-07, -3.259629011154175e-08, 1, 2.7939686120248552e-09, 7.450582373280668e-09, 0, 0.999987781047821, 0.004955308977514505, 3.725290298461914e-09, -0.0049553001299500465, 0.999987781047821),
        }},
        {Time = 0.133, Data = {
            ["LeftFoot"] = CFrame.new(2.2351741790771484e-08, -1.1920928955078125e-07, 2.3283064365386963e-09, 0.9932429790496826, -0.009141362272202969, -0.11569324135780334, 0.03047753870487213, 0.9824486970901489, 0.18402674794197083, 0.11198048293590546, -0.186309352517128, 0.9760887622833252),
            ["LeftLowerArm"] = CFrame.new(-2.682209014892578e-07, -3.5762786865234375e-07, -5.289912223815918e-07, 1, -8.568168397005138e-08, 5.960464477539063e-08, 9.639185094556524e-08, 0.36956116557121277, -0.9292064309120178, 6.798652663064786e-08, 0.9292064905166626, 0.3695610761642456),
            ["LowerTorso"] = CFrame.new(-0.12403270602226257, -0.003446340560913086, -0.03023660182952881, -0.12832115590572357, -0.10695692151784897, -0.9859482645988464, -0.13165472447872162, 0.9872055053710938, -0.08995842188596725, 0.9829550981521606, 0.1182611882686615, -0.14076073467731476),
            ["Head"] = CFrame.new(1.1699739843606949e-08, 1.1920928955078125e-07, 3.166496753692627e-08, 0.9899540543556213, -0.13865555822849274, -0.027669187635183334, 0.138907328248024, 0.9172641038894653, 0.37327125668525696, -0.026376182213425636, -0.3733648657798767, 0.927309513092041),
            ["RightUpperArm"] = CFrame.new(3.5762786865234375e-07, 0, -1.862645149230957e-08, 0.956644594669342, -0.2665817439556122, -0.11732559651136398, 0.28985458612442017, 0.8318807482719421, 0.47324299812316895, -0.028557054698467255, -0.48673272132873535, 0.8730840682983398),
            ["UpperTorso"] = CFrame.new(-1.862645149230957e-09, -8.940696716308594e-08, -2.561137080192566e-09, 0.9957407712936401, 0.029064703732728958, 0.08749618381261826, -0.048035331070423126, 0.9735755920410156, 0.22325564920902252, -0.07869529724121094, -0.22650761902332306, 0.9708250761032104),
            ["HumanoidRootPart"] = CFrame.new(0, 0, 0, 1, 0, 0, 0, 1, 0, 0, 0, 1),
            ["RightHand"] = CFrame.new(1.3504177331924438e-07, 1.1920928955078125e-07, -4.0978193283081055e-07, 0.9900397062301636, -0.14002665877342224, -0.014625555835664272, 0.1368294656276703, 0.9814556837081909, -0.13424794375896454, 0.033152807503938675, 0.13090971112251282, 0.9908398389816284),
            ["LeftUpperArm"] = CFrame.new(-1.1920928955078125e-07, 2.384185791015625e-07, -5.587935447692871e-09, 0.9878520965576172, 0.15082497894763947, 0.0374189130961895, -0.0640096515417099, 0.1755148470401764, 0.9823936820030212, 0.14160193502902985, -0.972854733467102, 0.1830369532108307),
            ["RightLowerArm"] = CFrame.new(2.980232238769531e-07, -2.980232238769531e-07, -1.1175870895385742e-07, 1, -8.195638656616211e-08, 1.0849910836441268e-07, 1.1548395661975519e-07, -0.3053091764450073, -0.9522534012794495, 1.1362131147052423e-07, 0.9522532820701599, -0.30530914664268494),
            ["LeftHand"] = CFrame.new(0, 1.7881393432617188e-07, -2.2351741790771484e-07, 0.8543516397476196, 0.24239633977413177, -0.4597030282020569, -0.4176214933395386, 0.8466981649398804, -0.3296887278556824, 0.3093145787715912, 0.47365206480026245, 0.8246081471443176),
            ["RightUpperLeg"] = CFrame.new(0, -1.601874828338623e-07, 5.75528247281909e-09, 0.996399998664856, -0.04259282350540161, 0.07330039888620377, 0.0569351464509964, 0.9768233895301819, -0.20633582770824432, -0.06281311064958572, 0.20976622402668, 0.9757317900657654),
            ["LeftUpperLeg"] = CFrame.new(2.9802322387695312e-08, 8.475035429000854e-08, -3.725290298461914e-08, 0.9764687418937683, -0.15939195454120636, 0.14526891708374023, 0.1819058656692505, 0.9705708622932434, -0.1578056812286377, -0.11584080755710602, 0.1805175393819809, 0.9767264127731323),
            ["RightLowerLeg"] = CFrame.new(2.0023435354232788e-08, 2.384185791015625e-07, -8.026108844205737e-08, 1, -1.0803341865539551e-07, -4.097820749393577e-08, 1.0244549741855735e-07, 0.6665613055229187, 0.7454500198364258, -5.587936158235607e-08, -0.7454502582550049, 0.666561484336853),
            ["RightFoot"] = CFrame.new(-7.450580596923828e-09, 2.980232238769531e-07, -3.276363713666797e-08, 0.9982702136039734, -0.04852103814482689, 0.03320108354091644, 0.05315188691020012, 0.986182451248169, -0.156904399394989, -0.025129180401563644, 0.15839813649654388, 0.9870556592941284),
            ["LeftLowerLeg"] = CFrame.new(4.842877388000488e-08, -1.7881393432617188e-07, 2.60770320892334e-08, 1, -1.862645149230957e-09, 2.7939686120248552e-09, -4.6566128730773926e-09, 0.999987781047821, 0.004958726931363344, -2.7939677238464355e-09, -0.004958678036928177, 0.999987781047821),
        }},
        {Time = 0.167, Data = {
            ["LeftFoot"] = CFrame.new(5.820766091346741e-08, 0, -2.223532646894455e-08, 0.9884680509567261, 0.03633693605661392, -0.14700554311275482, -0.026524115353822708, 0.9973211288452148, 0.06816980987787247, 0.14908891916275024, -0.06348443031311035, 0.9867838025093079),
            ["LeftLowerArm"] = CFrame.new(8.940696716308594e-08, -1.1920928955078125e-07, -6.332993507385254e-08, 1, -1.1175869474300271e-07, 4.8428766774577525e-08, 9.685751223287298e-08, 0.2801487147808075, -0.959956705570221, 6.053594603372403e-08, 0.9599565863609314, 0.28014859557151794),
            ["LowerTorso"] = CFrame.new(-0.13240176439285278, 0.06841397285461426, -0.025903120636940002, -0.08510375022888184, -0.09115616232156754, -0.9921935796737671, -0.10261110216379166, 0.9913133382797241, -0.08227398246526718, 0.9910743236541748, 0.09480825811624527, -0.09371811151504517),
            ["Head"] = CFrame.new(5.005858838558197e-08, 2.384185791015625e-07, 2.444721758365631e-09, 0.9942924380302429, -0.10161808133125305, -0.03249989077448845, 0.10614296793937683, 0.9114197492599487, 0.3975523114204407, -0.010777464136481285, -0.3987328112125397, 0.9170037508010864),
            ["RightUpperArm"] = CFrame.new(1.1920928955078125e-07, 2.384185791015625e-07, -4.6566128730773926e-09, 0.947108268737793, -0.2587544322013855, -0.1898212730884552, 0.32062146067619324, 0.7376930713653564, 0.5941472053527832, -0.013708386570215225, -0.6235824823379517, 0.7816374897956848),
            ["UpperTorso"] = CFrame.new(-2.7939677238464355e-08, 2.086162567138672e-07, 1.862645149230957e-08, 0.9977617263793945, 0.024935707449913025, 0.06204722076654434, -0.0384366400539875, 0.9731358289718628, 0.22700096666812897, -0.054719943553209305, -0.22887775301933289, 0.9719160795211792),
            ["HumanoidRootPart"] = CFrame.new(0, 0, 0, 1, 0, 0, 0, 1, 0, 0, 0, 1),
            ["RightHand"] = CFrame.new(7.171183824539185e-08, 5.960464477539063e-08, -2.086162567138672e-07, 0.9847259521484375, -0.14320410788059235, 0.09903284907341003, 0.15640707314014435, 0.9774632453918457, -0.1417837142944336, -0.07649697363376617, 0.15510761737823486, 0.984931468963623),
            ["LeftUpperArm"] = CFrame.new(0, 0, 2.514570951461792e-08, 0.9862099885940552, 0.1580689698457718, 0.04903304576873779, -0.08121120929718018, 0.2040594220161438, 0.9755842685699463, 0.14420394599437714, -0.9661128520965576, 0.21408241987228394),
            ["RightLowerArm"] = CFrame.new(-5.960464477539063e-08, 5.364418029785156e-07, 3.5762786865234375e-07, 1, -8.754432201385498e-08, 1.0058281674218961e-07, 7.264314660915261e-08, -0.247453510761261, -0.9688997268676758, 9.126959099603482e-08, 0.9688998460769653, -0.24745362997055054),
            ["LeftHand"] = CFrame.new(2.9802322387695312e-08, -3.5762786865234375e-07, -1.043081283569336e-07, 0.8904990553855896, 0.24811160564422607, -0.38138148188591003, -0.3901602029800415, 0.8476410508155823, -0.3595549464225769, 0.234064981341362, 0.46898341178894043, 0.8516269326210022),
            ["RightUpperLeg"] = CFrame.new(-2.9802322387695312e-08, 7.506459951400757e-07, -5.420588422566652e-09, 0.9989005923271179, -0.02868775650858879, 0.03707661107182503, 0.0365879088640213, 0.9715460538864136, -0.23400773108005524, -0.029308492317795753, 0.23510682582855225, 0.9715275168418884),
            ["LeftUpperLeg"] = CFrame.new(-5.960464477539063e-08, 4.172325134277344e-07, 1.862645149230957e-08, 0.9831781983375549, -0.15355530381202698, 0.09890121221542358, 0.1627843677997589, 0.9822513461112976, -0.09318544715642929, -0.08283675462007523, 0.10771739482879639, 0.990724503993988),
            ["RightLowerLeg"] = CFrame.new(-4.0978193283081055e-08, 2.980232238769531e-07, -1.3205863069742918e-08, 1, -1.266598843585598e-07, -4.842879164357328e-08, 1.1548398504146462e-07, 0.6746634840965271, 0.738125205039978, -4.656612162534657e-08, -0.7381255030632019, 0.6746638417243958),
            ["RightFoot"] = CFrame.new(1.6763806343078613e-08, 3.5762786865234375e-07, 9.482755558565259e-08, 0.9990448951721191, -0.0061302827671170235, 0.043265003710985184, 0.0046599749475717545, 0.9994109272956848, 0.03400323912501335, -0.04344799742102623, -0.033768996596336365, 0.9984847903251648),
            ["LeftLowerLeg"] = CFrame.new(6.984919309616089e-10, 1.1920928955078125e-07, 1.932494342327118e-08, 1, -2.793969056114065e-09, 4.65661453841193e-10, 1.3969840839678227e-09, 0.999987781047821, 0.004960854537785053, -2.3283066585833012e-09, -0.004960842430591583, 0.9999877214431763),
        }},
        {Time = 0.200, Data = {
            ["LeftFoot"] = CFrame.new(-1.1641532182693481e-09, 1.1920928955078125e-07, -4.307366907596588e-09, 0.983629584312439, 0.072506383061409, -0.1649719625711441, -0.08348488062620163, 0.9946642518043518, -0.06060809642076492, 0.15969718992710114, 0.07338853180408478, 0.9844343662261963),
            ["LeftLowerArm"] = CFrame.new(0, 1.1920928955078125e-07, -2.5331974029541016e-07, 1, -7.82310962677002e-08, 3.3527612686157227e-08, 7.078051567077637e-08, 0.2960505187511444, -0.9551723003387451, 6.51925802230835e-08, 0.9551723599433899, 0.29605069756507874),
            ["LowerTorso"] = CFrame.new(-0.14502795040607452, 0.11377477645874023, -0.014709025621414185, -0.04449708014726639, -0.08107607066631317, -0.9957141876220703, -0.06896434724330902, 0.9945729374885559, -0.07790122181177139, 0.9966262578964233, 0.06520240008831024, -0.04984695464372635),
            ["Head"] = CFrame.new(2.907472662627697e-08, -3.5762786865234375e-07, 1.0710209608078003e-08, 0.9977385401725769, -0.058207251131534576, -0.03361406922340393, 0.06701824069023132, 0.8998051881790161, 0.43111398816108704, 0.0051521495915949345, -0.4323916733264923, 0.9016712307929993),
            ["RightUpperArm"] = CFrame.new(1.1920928955078125e-07, 5.960464477539062e-07, 1.7695128917694092e-08, 0.9458845257759094, -0.23565591871738434, -0.2230890989303589, 0.3244878947734833, 0.6801550984382629, 0.6573405265808105, -0.003171011805534363, -0.6941580176353455, 0.7198157906532288),
            ["UpperTorso"] = CFrame.new(7.450580596923828e-09, 2.682209014892578e-07, 2.270098775625229e-09, 0.9989162683486938, 0.02095249854028225, 0.04156181588768959, -0.029881136491894722, 0.9733196496963501, 0.22749938070774078, -0.035686250776052475, -0.22849467396736145, 0.9728908538818359),
            ["HumanoidRootPart"] = CFrame.new(0, 0, 0, 1, 0, 0, 0, 1, 0, 0, 0, 1),
            ["RightHand"] = CFrame.new(-4.12575900554657e-07, 0, 3.725290298461914e-09, 0.9718311429023743, -0.1438874453306198, 0.18665654957294464, 0.17236322164535522, 0.9740737080574036, -0.14653125405311584, -0.16073311865329742, 0.1745762825012207, 0.9714360237121582),
            ["LeftUpperArm"] = CFrame.new(0, 1.1920928955078125e-07, -3.91155481338501e-08, 0.9802618622779846, 0.19009651243686676, 0.05431457608938217, -0.10368913412094116, 0.2604222595691681, 0.9599108099937439, 0.16833099722862244, -0.9465957880020142, 0.27499300241470337),
            ["RightLowerArm"] = CFrame.new(1.1920928955078125e-07, 3.5762786865234375e-07, -2.9802322387695312e-08, 1, -8.940695295223122e-08, 6.891786341611805e-08, 1.005828522693264e-07, -0.16526830196380615, -0.9862487316131592, 9.126962652317161e-08, 0.9862486720085144, -0.16526833176612854),
            ["LeftHand"] = CFrame.new(1.341104507446289e-07, 0, -2.9802322387695312e-08, 0.917006254196167, 0.25693488121032715, -0.3050972521305084, -0.3656012713909149, 0.8472548723220825, -0.38535067439079285, 0.15948504209518433, 0.46491268277168274, 0.8708733916282654),
            ["RightUpperLeg"] = CFrame.new(0, 1.3969838619232178e-07, 7.617927622050047e-09, 0.9999850988388062, 0.000832266581710428, -0.005399830173701048, -0.0029246523045003414, 0.9163435697555542, -0.40038245916366577, 0.004614865407347679, 0.400392085313797, 0.9163322448730469),
            ["LeftUpperLeg"] = CFrame.new(0, -1.3783574104309082e-07, 2.7939677238464355e-08, 0.9901624321937561, -0.12688703835010529, 0.058974917978048325, 0.1321476399898529, 0.9865640997886658, -0.09606453031301498, -0.04599318653345108, 0.10291284322738647, 0.9936264753341675),
            ["RightLowerLeg"] = CFrame.new(-1.30385160446167e-08, 2.980232238769531e-07, 1.0227813618257642e-07, 1, -1.303851746570217e-07, -8.411009844166983e-08, 1.341104507446289e-07, 0.46183374524116516, 0.886966347694397, -8.940696716308594e-08, -0.8869665861129761, 0.46183422207832336),
            ["RightFoot"] = CFrame.new(3.4458935260772705e-08, 2.980232238769531e-07, -4.145113052800298e-08, 0.9980484247207642, -0.003286503255367279, 0.06235871464014053, -0.0010559926740825176, 0.9975830912590027, 0.06947645545005798, -0.0624363049864769, -0.06940670311450958, 0.9956327080726624),
            ["LeftLowerLeg"] = CFrame.new(-2.219167072325945e-08, -5.960464477539063e-08, -1.0477378964424133e-08, 1, 1.8626460374093767e-08, 1.862645149230957e-09, -1.5133991837501526e-08, 0.9945730566978455, 0.1040414571762085, -9.313225746154785e-10, -0.10404149442911148, 0.9945729970932007),
        }},
        {Time = 0.233, Data = {
            ["LeftFoot"] = CFrame.new(-7.21702235750854e-08, 5.960464477539063e-08, 1.3969838619232178e-09, 0.9796384572982788, 0.09740053862333298, -0.1755613386631012, -0.12878729403018951, 0.9756883382797241, -0.1773306280374527, 0.15402109920978546, 0.19633004069328308, 0.9683657288551331),
            ["LeftLowerArm"] = CFrame.new(-8.940696716308594e-08, 1.1920928955078125e-07, -1.341104507446289e-07, 1, -7.82310962677002e-08, 8.754432201385498e-08, 8.568168397005138e-08, 0.3455749750137329, -0.9383912086486816, 7.078052277620372e-08, 0.9383911490440369, 0.3455749452114105),
            ["LowerTorso"] = CFrame.new(-0.1584496945142746, 0.13106966018676758, -0.004156291484832764, -0.00713853957131505, -0.0796341747045517, -0.9967986345291138, -0.0464896596968174, 0.9957726001739502, -0.0792192667722702, 0.9988932609558105, 0.04577532038092613, -0.010810528881847858),
            ["Head"] = CFrame.new(-9.778887033462524e-09, 1.1920928955078125e-07, 6.146728992462158e-08, 0.9989345669746399, -0.025096768513321877, -0.038730181753635406, 0.03970693051815033, 0.8950870037078857, 0.44412028789520264, 0.023520898073911667, -0.4451847970485687, 0.8951297402381897),
            ["RightUpperArm"] = CFrame.new(-5.960464477539063e-08, -3.5762786865234375e-07, 7.450580596923828e-09, 0.9426085948944092, -0.22696366906166077, -0.24490132927894592, 0.33380353450775146, 0.6581581830978394, 0.6748355031013489, 0.00802069902420044, -0.7178546786308289, 0.6961467862129211),
            ["UpperTorso"] = CFrame.new(-2.153683453798294e-08, -8.940696716308594e-08, -2.399610821157694e-08, 0.9995244145393372, 0.01743818260729313, 0.025434643030166626, -0.023173119872808456, 0.9688997268676758, 0.24636657536029816, -0.02034742571413517, -0.2468387931585312, 0.9688429832458496),
            ["HumanoidRootPart"] = CFrame.new(0, 0, 0, 1, 0, 0, 0, 1, 0, 0, 0, 1),
            ["RightHand"] = CFrame.new(-1.0547228157520294e-07, -2.384185791015625e-07, 1.6391277313232422e-07, 0.9540725350379944, -0.14468733966350555, 0.26231932640075684, 0.18848097324371338, 0.9705218076705933, -0.15020784735679626, -0.23285329341888428, 0.19275134801864624, 0.953218936920166),
            ["LeftUpperArm"] = CFrame.new(0, -1.1920928955078125e-07, 9.12696123123169e-08, 0.9759625196456909, 0.2126602828502655, 0.04767393320798874, -0.12151635438203812, 0.34939923882484436, 0.9290608763694763, 0.1809171587228775, -0.9125216603279114, 0.36684226989746094),
            ["RightLowerArm"] = CFrame.new(-2.086162567138672e-07, 4.172325134277344e-07, 2.980232238769531e-07, 1, -7.823108916227284e-08, 1.1175870895385742e-07, 2.6077039194660756e-08, -0.047857146710157394, -0.9988542795181274, 3.72529100900465e-08, 0.9988542199134827, -0.0478571280837059),
            ["LeftHand"] = CFrame.new(3.427267074584961e-07, 1.7881393432617188e-07, 5.960464477539063e-08, 0.9369025826454163, 0.26531782746315, -0.2276405692100525, -0.3391614854335785, 0.8477039337158203, -0.4078819453716278, 0.08475334197282791, 0.4593524932861328, 0.8842014670372009),
            ["RightUpperLeg"] = CFrame.new(-5.960464477539063e-08, -1.3969838619232178e-07, 2.2984750103205442e-08, 0.9979817867279053, 0.012312174774706364, -0.06229621171951294, -0.046947989612817764, 0.8036292195320129, -0.593275785446167, 0.0427585244178772, 0.5950029492378235, 0.802585244178772),
            ["LeftUpperLeg"] = CFrame.new(-5.960464477539063e-08, 8.381903171539307e-09, -1.862645149230957e-08, 0.993850827217102, -0.10668272525072098, 0.029655497521162033, 0.10987880080938339, 0.9833039045333862, -0.1450520157814026, -0.013685816898941994, 0.14741846919059753, 0.9889795184135437),
            ["RightLowerLeg"] = CFrame.new(-2.9802322387695312e-08, 1.7881393432617188e-07, -2.029992174357176e-09, 1, -1.601874828338623e-07, -1.285225721403549e-07, 1.5087425708770752e-07, 0.1317494958639145, 0.991283118724823, -1.341104507446289e-07, -0.9912830591201782, 0.1317497044801712),
            ["RightFoot"] = CFrame.new(2.60770320892334e-08, 3.5762786865234375e-07, 4.489265847951174e-09, 0.9974073171615601, -0.011070660315454006, 0.07110699266195297, 0.02988879568874836, 0.9625691771507263, -0.26938310265541077, -0.06546316295862198, 0.2708102762699127, 0.9604043960571289),
            ["LeftLowerLeg"] = CFrame.new(-9.786162991076708e-09, 1.7881393432617188e-07, 2.8870999813079834e-08, 1, 2.361776196835308e-08, 7.450583261459087e-09, -3.870809095474215e-08, 0.9579660296440125, 0.2868817448616028, 6.7520877777837995e-09, -0.28688162565231323, 0.9579660296440125),
        }},
        {Time = 0.267, Data = {
            ["LeftFoot"] = CFrame.new(8.207280188798904e-09, -5.960464477539063e-08, 2.852175384759903e-09, 0.9774560928344727, 0.10809540003538132, -0.18136954307556152, -0.13545772433280945, 0.9799723625183105, -0.1459641456604004, 0.16195914149284363, 0.16724151372909546, 0.9725223183631897),
            ["LeftLowerArm"] = CFrame.new(2.9802322387695312e-08, 1.1920928955078125e-07, 1.4901161193847656e-07, 1, -6.332993507385254e-08, 4.656612162534657e-08, 8.940695295223122e-08, 0.418222576379776, -0.908344566822052, 6.70552182668871e-08, 0.9083446264266968, 0.4182226359844208),
            ["LowerTorso"] = CFrame.new(-0.17178039252758026, 0.11435317993164062, 0.005907490849494934, 0.023020658642053604, -0.0876370444893837, -0.9958864450454712, -0.037604618817567825, 0.9953696131706238, -0.08846081048250198, 0.9990274906158447, 0.0394863560795784, 0.019618507474660873),
            ["Head"] = CFrame.new(-1.1175870895385742e-08, 2.384185791015625e-07, 3.67872416973114e-08, 0.9991402626037598, 0.004745719954371452, -0.04118650406599045, 0.013927362859249115, 0.897275447845459, 0.44125133752822876, 0.03904968872666359, -0.44144558906555176, 0.8964378833770752),
            ["RightUpperArm"] = CFrame.new(2.384185791015625e-07, 2.384185791015625e-07, 4.0978193283081055e-08, 0.9482772350311279, -0.220147967338562, -0.2287033349275589, 0.31730514764785767, 0.6786113381385803, 0.6624228358268738, 0.009369634091854095, -0.7007293105125427, 0.7133657932281494),
            ["UpperTorso"] = CFrame.new(-7.450580596923828e-09, 0, -1.3096723705530167e-08, 0.999925434589386, 0.0017017126083374023, 0.012099439278244972, -0.005005907267332077, 0.9603862762451172, 0.2786273658275604, -0.011145995929837227, -0.2786671817302704, 0.9603230357170105),
            ["HumanoidRootPart"] = CFrame.new(0, 0, 0, 1, 0, 0, 0, 1, 0, 0, 0, 1),
            ["RightHand"] = CFrame.new(-2.8870999813079834e-08, -1.7881393432617188e-07, 2.9802322387695312e-08, 0.9377468824386597, -0.14960633218288422, 0.31344684958457947, 0.2054363638162613, 0.9665960073471069, -0.1532585471868515, -0.2800479829311371, 0.20811112225055695, 0.9371569156646729),
            ["LeftUpperArm"] = CFrame.new(-2.384185791015625e-07, 1.1920928955078125e-07, 1.1734664440155029e-07, 0.9748004674911499, 0.2214580923318863, 0.02683882787823677, -0.1313105970621109, 0.4723688066005707, 0.8715648651123047, 0.18033725023269653, -0.853126049041748, 0.4895450472831726),
            ["RightLowerArm"] = CFrame.new(3.5762786865234375e-07, -3.5762786865234375e-07, -1.4901161193847656e-07, 1, -4.097818262494002e-08, 9.685754776000977e-08, 5.215405707303944e-08, 0.14855611324310303, -0.9889039993286133, 5.5879347371501353e-08, 0.9889039397239685, 0.148556187748909),
            ["LeftHand"] = CFrame.new(-2.086162567138672e-07, -4.172325134277344e-07, 0, 0.9508530497550964, 0.2730673551559448, -0.1459890902042389, -0.3095584213733673, 0.849312424659729, -0.42760026454925537, 0.007226725108921528, 0.4517771899700165, 0.8921015858650208),
            ["RightUpperLeg"] = CFrame.new(0, -1.695007085800171e-07, 4.823959898203611e-09, 0.9941055774688721, 0.004159185569733381, -0.10833664983510971, -0.08151189237833023, 0.6875321269035339, -0.7215645909309387, 0.0714838057756424, 0.7261421084403992, 0.683818519115448),
            ["LeftUpperLeg"] = CFrame.new(-5.960464477539063e-08, 8.381903171539307e-08, -3.3527612686157227e-08, 0.995111882686615, -0.09872040152549744, 0.0026038705836981535, 0.09840531647205353, 0.989030122756958, -0.11016329377889633, 0.008300060406327248, 0.10988098382949829, 0.9939101934432983),
