return {
    ["Jugglin'"] = {
        {Time = 0.000, Data = {
            ["LeftLowerArm"] = CFrame.new(5.960464477539063e-08, -1.1920928955078125e-07, -2.384185791015625e-07, 1, 4.470404491030422e-08, -6.519177730979209e-08, -8.195643630415361e-08, -0.03264159336686134, -0.999467134475708, 5.960468030252741e-08, 0.9994671940803528, -0.03264172002673149),
            ["LeftFoot"] = CFrame.new(6.891787052154541e-08, 2.384185791015625e-07, -3.725290298461914e-09, 0.9979581832885742, -0.058959051966667175, 0.024569623172283173, 0.062136709690093994, 0.9852034449577332, -0.15973302721977234, -0.014784329570829868, 0.16092869639396667, 0.9868544936180115),
            ["RightHand"] = CFrame.new(7.450580596923828e-08, -2.980232238769531e-07, 5.364418029785156e-07, 0.4021899700164795, -0.26485171914100647, -0.8764113187789917, 0.03832101449370384, 0.9612752795219421, -0.27291205525398254, 0.9147540330886841, 0.07618016749620438, 0.396764874458313),
            ["HumanoidRootPart"] = CFrame.new(0, 0, 0, 1, 0, 0, 0, 1, 0, 0, 0, 1),
            ["RightLowerLeg"] = CFrame.new(8.288770914077759e-08, -1.7881393432617188e-07, 7.450580596923828e-09, 1, 8.847566235203885e-09, -1.4314710483631643e-07, 2.7474012398442937e-08, 0.988369345664978, 0.1520766019821167, 1.346343054819954e-07, -0.15207263827323914, 0.9883687496185303),
            ["LeftUpperLeg"] = CFrame.new(2.9802322387695312e-08, -6.096670404076576e-07, 4.802132025361061e-08, 0.9818822145462036, 0.1189182847738266, 0.14752861857414246, -0.10559172928333282, 0.9898501634597778, -0.09511566162109375, -0.1573459357023239, 0.07781440019607544, 0.984473705291748),
            ["LeftLowerLeg"] = CFrame.new(5.774199962615967e-08, 5.960464477539063e-08, -5.960464477539063e-08, 1, 3.725296515710852e-09, -1.1827776802419976e-07, 2.6077039194660756e-08, 0.9482592344284058, 0.31750601530075073, 9.778889165090732e-08, -0.317497193813324, 0.9482561945915222),
            ["1B"] = CFrame.new(-1.2969119548797607, 3.5065462589263916, 0.49485406279563904, 0.0668172836303711, 0.9939442873001099, -0.08723700046539307, -0.061219483613967896, 0.09135175496339798, 0.9939351677894592, 0.9958853721618652, -0.061071448028087616, 0.0669526606798172),
            ["2B"] = CFrame.new(-1.17715322971344, 2.6649796962738037, 0.07183394581079483, 0.07109012454748154, 0.9937501549720764, -0.08606323599815369, -0.07063321769237518, 0.09108033776283264, 0.993335485458374, 0.9949659109115601, -0.0645374283194542, 0.07666672021150589),
            ["3B"] = CFrame.new(-1.0073373317718506, 1.696136236190796, 1.2706236839294434, -0.0724141001701355, 0.99374920129776, -0.08496295660734177, 0.0772983580827713, 0.09052231162786484, 0.9928900599479675, 0.9943748116493225, 0.06533174961805344, -0.08337029069662094),
            ["4B"] = CFrame.new(-1.0361629724502563, 3.3777897357940674, -0.7258601188659668, 0.08753779530525208, 0.992787778377533, -0.08191206306219101, -0.10565338283777237, 0.09101689606904984, 0.9902290105819702, 0.9905425310134888, -0.07802818715572357, 0.1128588542342186),
            ["5B"] = CFrame.new(-0.7645173072814941, -1.0505768060684204, -1.412479043006897, 0.05946552753448486, 0.9943612813949585, -0.08780353516340256, -0.05953720584511757, 0.09133565425872803, 0.9940388202667236, 0.9964533448219299, -0.053883470594882965, 0.0646328553557396),
            ["RightFoot"] = CFrame.new(6.181653589010239e-08, 1.7881393432617188e-07, 1.5832483768463135e-08, 0.9997349381446838, -0.009306465275585651, 0.021052347496151924, 0.010786138474941254, 0.9974005222320557, -0.07124605029821396, -0.020340250805020332, 0.07145461440086365, 0.9972366094589233),
            ["LeftUpperArm"] = CFrame.new(5.960464477539063e-08, 1.1920928955078125e-07, -7.450580596923828e-09, 0.9390477538108826, 0.030178824439644814, -0.3424552381038666, -0.2096034437417984, 0.8398323655128479, -0.500737726688385, 0.2724990248680115, 0.5420064330101013, 0.7949755191802979),
            ["RightLowerArm"] = CFrame.new(-5.960464477539063e-08, -3.5762786865234375e-07, -7.450580596923828e-09, 1, 1.8626553632827836e-09, -6.705487010094657e-08, -5.96047158296642e-08, 0.7724616527557373, -0.6350612640380859, 4.470353687224815e-08, 0.6350614428520203, 0.7724617719650269),
            ["LeftHand"] = CFrame.new(8.940696716308594e-08, 2.384185791015625e-07, 3.3527612686157227e-08, 0.7065714597702026, 0.07888255268335342, 0.7032313346862793, 0.06469692289829254, 0.9824042916297913, -0.17520250380039215, -0.7046781182289124, 0.16929127275943756, 0.6890353560447693),
            ["Head"] = CFrame.new(-1.0477378964424133e-09, -2.384185791015625e-07, 4.598405212163925e-08, 0.9993979930877686, 0.027132408693432808, -0.02162068523466587, -0.03401593863964081, 0.8888776302337646, -0.4568801522254944, 0.006821881048381329, 0.4573407471179962, 0.8892654180526733),
            ["LowerTorso"] = CFrame.new(0.06383761018514633, -0.016667604446411133, -0.01636543869972229, 0.9997813701629639, -0.020896682515740395, 0.0007494286401197314, 0.02087811566889286, 0.9956287741661072, -0.09103598445653915, 0.0011562062427401543, 0.0910317525267601, 0.9958474040031433),
            ["RightUpperArm"] = CFrame.new(-2.384185791015625e-07, 1.1920928955078125e-07, 1.6298145055770874e-08, 0.9726929664611816, -0.16831962764263153, 0.15980033576488495, 0.19395729899406433, 0.9676464200019836, -0.16136665642261505, -0.127471923828125, 0.18796038627624512, 0.9738709330558777),
            ["RightUpperLeg"] = CFrame.new(-8.940696716308594e-08, -3.3725518733263016e-07, 2.648448571562767e-08, 0.9653934240341187, -0.015033668838441372, -0.26035815477371216, 0.009413789957761765, 0.9996953010559082, -0.02281898260116577, 0.26062819361686707, 0.01957615464925766, 0.9652423858642578),
            ["UpperTorso"] = CFrame.new(7.283233571797609e-09, 5.960464477539063e-08, -1.960142981261015e-08, 0.9996389150619507, 0.026560461148619652, 0.004100998863577843, -0.0265579242259264, 0.9996470808982849, -0.0006676063640043139, -0.004117295611649752, 0.0005582935409620404, 0.9999914169311523),
        }},
        {Time = 0.033, Data = {
            ["LeftLowerArm"] = CFrame.new(-5.960464477539063e-08, 7.152557373046875e-07, 2.086162567138672e-07, 1, -1.4901347711315793e-08, -7.450489647453651e-08, -7.450583439094771e-08, -0.08705699443817139, -0.9962033629417419, 0, 0.9962033629417419, -0.08705709129571915),
            ["LeftFoot"] = CFrame.new(-3.562308847904205e-08, 0, 7.450580596923828e-09, 0.9980041980743408, -0.058158889412879944, 0.024607248604297638, 0.06132161617279053, 0.9855837821960449, -0.15768903493881226, -0.015077167190611362, 0.1588781177997589, 0.9871821999549866),
            ["RightHand"] = CFrame.new(-6.705522537231445e-08, -3.5762786865234375e-07, 8.940696716308594e-08, 0.29549816250801086, -0.2594809830188751, -0.9194294810295105, 0.18764851987361908, 0.959424614906311, -0.21045902371406555, 0.9367331266403198, -0.11033626645803452, 0.3321993350982666),
            ["HumanoidRootPart"] = CFrame.new(0, 0, 0, 1, 0, 0, 0, 1, 0, 0, 0, 1),
            ["RightLowerLeg"] = CFrame.new(-8.009374141693115e-08, -5.960464477539063e-08, -2.9802322387695312e-08, 1, -9.778890586176203e-09, -4.94764895719868e-10, 1.909211455597415e-08, 0.9867030382156372, 0.16253827512264252, 1.686276078771698e-07, -0.16253381967544556, 0.9867023229598999),
            ["LeftUpperLeg"] = CFrame.new(2.9802322387695312e-08, -2.941815182566643e-07, -1.5104888007044792e-08, 0.9821105003356934, 0.11627107113599777, 0.148117795586586, -0.10332128405570984, 0.9903531074523926, -0.09233243763446808, -0.15742848813533783, 0.07537703961133957, 0.984650194644928),
            ["LeftLowerLeg"] = CFrame.new(1.6763806343078613e-08, 2.384185791015625e-07, -4.470348358154297e-08, 1, 5.587942553120229e-09, -1.0244529846659134e-07, 4.0978196835794733e-08, 0.9497368931770325, 0.313058465719223, 9.220094909778709e-08, -0.3130492568016052, 0.9497338533401489),
            ["1B"] = CFrame.new(-1.304552674293518, 3.601557493209839, 0.5652783513069153, 0.15850281715393066, 0.9848756194114685, -0.06997747719287872, -0.1301123946905136, 0.09109018743038177, 0.9873061180114746, 0.978748083114624, -0.1473858654499054, 0.14258262515068054),
            ["2B"] = CFrame.new(-1.1954227685928345, 2.89731764793396, 0.004455903545022011, 0.17610692977905273, 0.9823480248451233, -0.06307771056890488, -0.1588292270898819, 0.0915963426232338, 0.9830480813980103, 0.9714729189872742, -0.16310299932956696, 0.17215639352798462),
            ["3B"] = CFrame.new(-0.9783618450164795, 1.365098476409912, 1.3465187549591064, -0.16308151185512543, 0.9848591089248657, -0.05879626050591469, 0.1881970912218094, 0.08955259621143341, 0.9780399799346924, 0.9684970378875732, 0.14843495190143585, -0.19995202124118805),
            ["4B"] = CFrame.new(-1.0156954526901245, 3.188762903213501, -0.7964702248573303, 0.20663058757781982, 0.9775358438491821, -0.04156322032213211, -0.23453526198863983, 0.09072797745466232, 0.967864453792572, 0.9498932361602783, -0.19024239480495453, 0.24801385402679443),
            ["5B"] = CFrame.new(-0.8426318168640137, -0.9451855421066284, -1.2501329183578491, 0.14902424812316895, 0.9862502217292786, -0.07143069058656693, -0.13210785388946533, 0.09144745767116547, 0.9870080351829529, 0.9799690246582031, -0.13765159249305725, 0.14391933381557465),
            ["RightFoot"] = CFrame.new(-1.257285475730896e-08, 5.960464477539063e-08, -8.381903171539307e-09, 0.9997383952140808, -0.008569344878196716, 0.02120116911828518, 0.010159973986446857, 0.9970532655715942, -0.07603758573532104, -0.020493002608418465, 0.0762329250574112, 0.996879518032074),
            ["LeftUpperArm"] = CFrame.new(1.1920928955078125e-07, 3.5762786865234375e-07, 4.656612873077393e-10, 0.9407138824462891, 0.051031406968832016, -0.335336297750473, -0.2160819172859192, 0.8522157073020935, -0.47647422552108765, 0.26146918535232544, 0.5206959843635559, 0.8127250075340271),
            ["RightLowerArm"] = CFrame.new(3.5762786865234375e-07, 1.1920928955078125e-07, 1.4901161193847656e-08, 1, 7.450624117666393e-09, -6.7054799046673e-08, -5.2154128127313015e-08, 0.725534975528717, -0.6881850957870483, 6.333001323355347e-08, 0.6881852746009827, 0.7255351543426514),
            ["LeftHand"] = CFrame.new(-1.7881393432617188e-07, 1.1920928955078125e-07, 1.7136335372924805e-07, 0.7030544281005859, 0.050688233226537704, 0.7093271613121033, 0.09186956286430359, 0.9826239347457886, -0.16127559542655945, -0.7051769495010376, 0.17855267226696014, 0.6861816048622131),
            ["Head"] = CFrame.new(1.6298145055770874e-08, -2.384185791015625e-07, 1.1204974725842476e-08, 0.9994161128997803, 0.02660018391907215, -0.021445533260703087, -0.033462442457675934, 0.8888994455337524, -0.45687857270240784, 0.006909869145601988, 0.45732954144477844, 0.889270544052124),
            ["LowerTorso"] = CFrame.new(0.06250761449337006, -0.016667604446411133, -0.01636543869972229, 0.9998116493225098, -0.019397331401705742, 0.0006952673429623246, 0.019380060955882072, 0.9956589341163635, -0.0910375565290451, 0.0010736443800851703, 0.09103389829397202, 0.995847225189209),
            ["RightUpperArm"] = CFrame.new(-2.980232238769531e-07, 0, -9.313225746154785e-10, 0.9659005403518677, -0.16532300412654877, 0.19925633072853088, 0.202006995677948, 0.9625937342643738, -0.18056657910346985, -0.16195476055145264, 0.21466679871082306, 0.9631679654121399),
            ["RightUpperLeg"] = CFrame.new(-1.1920928955078125e-07, -4.0978193283081055e-07, 1.0797521099448204e-08, 0.9653565883636475, -0.018763383850455284, -0.26025232672691345, 0.011606177315115929, 0.9995117783546448, -0.02901064045727253, 0.2606760561466217, 0.024983251467347145, 0.9651046991348267),
            ["UpperTorso"] = CFrame.new(-3.346940502524376e-10, -8.940696716308594e-08, -1.5410478226840496e-08, 0.9996628165245056, 0.025618068873882294, 0.00425065727904439, -0.025615373626351357, 0.9996716976165771, -0.0006845668540336192, -0.004266810603439808, 0.0005753164878115058, 0.9999908208847046),
        }},
        {Time = 0.067, Data = {
            ["LeftLowerArm"] = CFrame.new(-1.7881393432617188e-07, 5.960464477539062e-07, 5.960464477539063e-08, 1, -5.960538373983582e-08, -5.215342469000461e-08, -1.0430814256778831e-07, -0.11903303861618042, -0.9928902983665466, 2.980232594040899e-08, 0.9928903579711914, -0.11903310567140579),
            ["LeftFoot"] = CFrame.new(1.280568540096283e-08, 1.1920928955078125e-07, -3.166496753692627e-08, 0.9981196522712708, -0.056099340319633484, 0.024709051474928856, 0.059221066534519196, 0.9865344166755676, -0.15246044099330902, -0.015818985179066658, 0.15363247692584991, 0.988000750541687),
            ["RightHand"] = CFrame.new(-2.5331974029541016e-07, -3.5762786865234375e-07, -8.046627044677734e-07, 0.11289738118648529, -0.21825526654720306, -0.9693396687507629, 0.47404980659484863, 0.869217038154602, -0.14049874246120453, 0.8732302784919739, -0.4436512291431427, 0.20159581303596497),
            ["HumanoidRootPart"] = CFrame.new(0, 0, 0, 1, 0, 0, 0, 1, 0, 0, 0, 1),
            ["RightLowerLeg"] = CFrame.new(-6.984919309616089e-08, 2.384185791015625e-07, -2.2351741790771484e-08, 1, -1.6298150384841392e-08, -5.742181130585777e-08, 1.4901161193847656e-08, 0.9825376272201538, 0.1860692948102951, 1.183943822979927e-07, -0.18606406450271606, 0.9825366735458374),
            ["LeftUpperLeg"] = CFrame.new(5.960464477539063e-08, 1.448206603527069e-07, -3.047171048820019e-08, 0.9826653599739075, 0.10955452919006348, 0.1495508849620819, -0.09757865220308304, 0.9915729761123657, -0.08521421998739243, -0.15763014554977417, 0.06914371997117996, 0.9850751757621765),
            ["LeftLowerLeg"] = CFrame.new(5.587935447692871e-08, 1.1920928955078125e-07, 2.9802322387695312e-08, 1, 2.0489125063249958e-08, -1.3317894342890213e-07, 2.9802322387695312e-08, 0.9534211158752441, 0.3016517758369446, 1.2852251529693604e-07, -0.30164268612861633, 0.9534182548522949),
            ["1B"] = CFrame.new(-1.3116010427474976, 3.689530611038208, 0.6483446359634399, 0.2735718786716461, 0.96148681640625, -0.026487987488508224, -0.2226298749446869, 0.09008766710758209, 0.970731794834137, 0.9357321262359619, -0.25966787338256836, 0.23870109021663666),
            ["2B"] = CFrame.new(-1.2089768648147583, 3.119750738143921, -0.07518929243087769, 0.29721564054489136, 0.9547872543334961, -0.006646688561886549, -0.2653067409992218, 0.08927055448293686, 0.9600224494934082, 0.917210578918457, -0.283570259809494, 0.27984410524368286),
            ["3B"] = CFrame.new(-0.9455151557922363, 0.8748252391815186, 1.4469478130340576, -0.26366156339645386, 0.9646131992340088, 0.001980474917218089, 0.3240354657173157, 0.08663579821586609, 0.9420696496963501, 0.9085614085197449, 0.2490292340517044, -0.3354113698005676),
            ["4B"] = CFrame.new(-0.9878510236740112, 2.888639211654663, -0.8789206743240356, 0.33416470885276794, 0.9410479664802551, 0.05256158113479614, -0.3903439939022064, 0.08741967380046844, 0.9165093898773193, 0.8578843474388123, -0.32678213715553284, 0.3965449929237366),
            ["5B"] = CFrame.new(-0.9195061922073364, -0.772122859954834, -1.101910948753357, 0.26216939091682434, 0.9645678400993347, -0.029600966721773148, -0.22869627177715302, 0.09190132468938828, 0.9691502451896667, 0.9375314712524414, -0.24731186032295227, 0.2446867674589157),
            ["RightFoot"] = CFrame.new(7.35744833946228e-08, 0, -4.6566128730773926e-09, 0.9997466206550598, -0.006658813916146755, 0.02149704284965992, 0.008502370677888393, 0.9961913228034973, -0.08677989989519119, -0.020843157544732094, 0.08693989366292953, 0.9959955215454102),
            ["LeftUpperArm"] = CFrame.new(5.960464477539063e-08, 1.1920928955078125e-07, -2.9802322387695312e-08, 0.9387326836585999, 0.07147618383169174, -0.33714860677719116, -0.21764002740383148, 0.8814634084701538, -0.4191024601459503, 0.2672339975833893, 0.4668119549751282, 0.8430207371711731),
            ["RightLowerArm"] = CFrame.new(0, -5.364418029785156e-07, 2.2351741790771484e-07, 1, -1.49012713279717e-08, -4.4703114099320373e-08, -6.705533905915217e-08, 0.6057703495025635, -0.7956393957138062, 5.960474425137363e-08, 0.7956396341323853, 0.605770468711853),
            ["LeftHand"] = CFrame.new(-1.4901161193847656e-08, -5.960464477539063e-08, -1.825392246246338e-07, 0.6904517412185669, -0.011209768243134022, 0.7232915163040161, 0.1513405740261078, 0.9799907803535461, -0.1292814314365387, -0.7073701024055481, 0.19872735440731049, 0.678333044052124),
            ["Head"] = CFrame.new(-4.656612873077393e-10, -7.152557373046875e-07, -1.6298145055770874e-09, 0.9994566440582275, 0.025308743119239807, -0.021116647869348526, -0.03216318413615227, 0.8889591097831726, -0.4568556249141693, 0.007209395058453083, 0.4572867453098297, 0.8892902135848999),
            ["LowerTorso"] = CFrame.new(0.059069715440273285, -0.016670584678649902, -0.01636545918881893, 0.9998775124549866, -0.015643680468201637, 0.0005608752835541964, 0.01562976837158203, 0.995724618434906, -0.0910392552614212, 0.000865720328874886, 0.09103690087795258, 0.9958471655845642),
            ["RightUpperArm"] = CFrame.new(-1.1920928955078125e-07, -1.1920928955078125e-07, -8.381903171539307e-09, 0.9548974633216858, -0.15239188075065613, 0.2548435628414154, 0.2150278240442276, 0.9467706680297852, -0.23955093324184418, -0.20477743446826935, 0.2835526168346405, 0.9368404746055603),
            ["RightUpperLeg"] = CFrame.new(1.7881393432617188e-07, 5.706679075956345e-07, -3.7747668102383614e-08, 0.9652625322341919, -0.02779482677578926, -0.2597928047180176, 0.017154162749648094, 0.9989220499992371, -0.043136030435562134, 0.26071804761886597, 0.037179477512836456, 0.9647005796432495),
            ["UpperTorso"] = CFrame.new(-1.0380972526036203e-08, 8.940696716308594e-08, -2.33758328249678e-08, 0.9997201561927795, 0.02319910377264023, 0.004646243527531624, -0.02319597639143467, 0.9997307062149048, -0.0007221302366815507, -0.004661755636334419, 0.0006140015320852399, 0.9999889731407166),
        }},
        {Time = 0.100, Data = {
            ["LeftLowerArm"] = CFrame.new(-1.1920928955078125e-07, 2.384185791015625e-07, 2.9802322387695312e-08, 1, -4.470404491030422e-08, -5.58786688031887e-08, -8.195642919872625e-08, -0.10831736028194427, -0.9941164255142212, 3.7252920748187535e-08, 0.994116485118866, -0.108317531645298),
            ["LeftFoot"] = CFrame.new(1.3504177331924438e-08, 5.960464477539063e-08, 7.450580596923828e-09, 0.9982698559761047, -0.053291935473680496, 0.024854684248566628, 0.0563495010137558, 0.9877721667289734, -0.14536860585212708, -0.01679927669465542, 0.1465131640434265, 0.9890653491020203),
            ["RightHand"] = CFrame.new(2.980232238769531e-07, -3.5762786865234375e-07, -5.8673322200775146e-08, 0.049591708928346634, -0.16613957285881042, -0.9848546981811523, 0.619898796081543, 0.7782747745513916, -0.10007461160421371, 0.7831131219863892, -0.6055460572242737, 0.1415848284959793),
            ["HumanoidRootPart"] = CFrame.new(0, 0, 0, 1, 0, 0, 0, 1, 0, 0, 0, 1),
            ["RightLowerLeg"] = CFrame.new(-7.264316082000732e-08, -5.960464477539063e-08, 4.470348358154297e-08, 1, -5.122277269009601e-09, -3.247985702614642e-08, 1.9557775843281888e-08, 0.9771611094474792, 0.2125062197446823, 1.6263221880308265e-07, -0.21250024437904358, 0.9771597385406494),
            ["LeftUpperLeg"] = CFrame.new(-1.1920928955078125e-07, -5.35859726369381e-07, 6.699701771140099e-08, 0.9833486080169678, 0.1006150171160698, 0.15133047103881836, -0.08998128771781921, 0.9930729866027832, -0.0755615383386612, -0.15788893401622772, 0.060686126351356506, 0.985590934753418),
            ["LeftLowerLeg"] = CFrame.new(-3.166496753692627e-08, 5.960464477539063e-08, -5.960464477539063e-08, 1, 9.313238180652661e-09, -1.2945368155214965e-07, 2.2351745343485163e-08, 0.9581983089447021, 0.2861135005950928, 1.2014062633625144e-07, -0.28610509634017944, 0.9581958055496216),
            ["1B"] = CFrame.new(-1.3150334358215332, 3.7376630306243896, 0.7306220531463623, 0.37122228741645813, 0.9278865456581116, 0.03493800386786461, -0.3103727102279663, 0.08853352814912796, 0.9464833736419678, 0.8751358389854431, -0.362199604511261, 0.3208563029766083),
            ["2B"] = CFrame.new(-1.2182528972625732, 3.3084347248077393, -0.1521083265542984, 0.3949003517627716, 0.9161292910575867, 0.06899803131818771, -0.36504659056663513, 0.08754802495241165, 0.9268637299537659, 0.8430863618850708, -0.39120644330978394, 0.36900269985198975),
            ["3B"] = CFrame.new(-0.9252625703811646, 0.35298943519592285, 1.533240795135498, -0.3450464904308319, 0.9347936511039734, 0.0842844620347023, 0.44207966327667236, 0.08264772593975067, 0.8931601047515869, 0.8279543519020081, 0.3454422950744629, -0.44177061319351196),
            ["4B"] = CFrame.new(-0.9612021446228027, 2.5509064197540283, -0.9567665457725525, 0.4217704236507416, 0.8902153372764587, 0.17212335765361786, -0.5251345038414001, 0.08508028090000153, 0.8467556238174438, 0.7391505837440491, -0.4475245177745819, 0.5033670663833618),
            ["5B"] = CFrame.new(-0.9746009111404419, -0.4227849245071411, -0.9604691863059998, 0.3517491817474365, 0.9356901049613953, 0.027508042752742767, -0.31463900208473206, 0.09050223231315613, 0.9448871612548828, 0.8816319704055786, -0.3410184681415558, 0.3262386918067932),
            ["RightFoot"] = CFrame.new(-1.0710209608078003e-08, 5.960464477539063e-08, 7.450580596923828e-09, 0.9997541308403015, -0.0040255640633404255, 0.021800696849822998, 0.006162014324218035, 0.9950904846191406, -0.09877938032150269, -0.021302107721567154, 0.09888750314712524, 0.9948706030845642),
            ["LeftUpperArm"] = CFrame.new(1.1920928955078125e-07, 4.76837158203125e-07, 2.7008354663848877e-08, 0.9375930428504944, 0.08653382956981659, -0.33679044246673584, -0.21106483042240143, 0.9113386273384094, -0.353422075510025, 0.27635297179222107, 0.40245985984802246, 0.8727342486381531),
            ["RightLowerArm"] = CFrame.new(-1.7881393432617188e-07, 2.384185791015625e-07, 8.940696716308594e-08, 1, -3.725324049241863e-09, -6.711279354476574e-08, -5.960475846222835e-08, 0.47221484780311584, -0.8814834952354431, 5.21541636544498e-08, 0.8814835548400879, 0.4722149968147278),
            ["LeftHand"] = CFrame.new(-4.172325134277344e-07, 0, -1.6391277313232422e-07, 0.6696782112121582, -0.07248685508966446, 0.7391052842140198, 0.21005697548389435, 0.97307288646698, -0.09489279985427856, -0.7123251557350159, 0.21880310773849487, 0.6668723821640015),
            ["Head"] = CFrame.new(-8.381903171539307e-09, -3.5762786865234375e-07, 3.40223778039217e-08, 0.9995078444480896, 0.023628726601600647, -0.020634880289435387, -0.030448423698544502, 0.8890280723571777, -0.4568389654159546, 0.007550466805696487, 0.45724251866340637, 0.8893100619316101),
            ["LowerTorso"] = CFrame.new(0.05435203015804291, -0.016675949096679688, -0.016365421935915947, 0.9999420046806335, -0.010766206309199333, 0.0003860304714180529, 0.010756630450487137, 0.9957889914512634, -0.09104211628437042, 0.0005957814282737672, 0.09104108810424805, 0.9958469867706299),
            ["RightUpperArm"] = CFrame.new(-1.1920928955078125e-07, 1.1920928955078125e-07, 7.171183824539185e-08, 0.9393441677093506, -0.11937185376882553, 0.3215271234512329, 0.22583143413066864, 0.9208377003669739, -0.317887544631958, -0.2581331133842468, 0.3712254762649536, 0.8919461369514465),
            ["RightUpperLeg"] = CFrame.new(-8.940696716308594e-08, -4.386529326438904e-07, 5.644687917083502e-08, 0.9651129245758057, -0.039101578295230865, -0.25889137387275696, 0.024508154019713402, 0.9979358911514282, -0.05935869365930557, 0.26068446040153503, 0.05094204097986221, 0.9640808701515198),
            ["UpperTorso"] = CFrame.new(-1.6050762496888638e-08, 3.8743019104003906e-07, -3.4169715945608914e-08, 0.999786376953125, 0.020007653161883354, 0.005197485908865929, -0.020003896206617355, 0.9997996687889099, -0.0007714242092333734, -0.005211890209466219, 0.0006671761511825025, 0.9999861717224121),
        }},
        {Time = 0.133, Data = {
            ["LeftLowerArm"] = CFrame.new(1.7881393432617188e-07, -8.344650268554688e-07, 4.470348358154297e-08, 1, 0, -6.705439403731361e-08, -6.705524668859653e-08, 0.0017592303920537233, -0.9999984502792358, 1.4901166522918174e-08, 0.9999985098838806, 0.0017591199139133096),
            ["LeftFoot"] = CFrame.new(5.844049155712128e-08, 1.1920928955078125e-07, 7.450580596923828e-09, 0.998422384262085, -0.05026976391673088, 0.025023482739925385, 0.05325167253613472, 0.9890084266662598, -0.13794106245040894, -0.017809659242630005, 0.13905206322669983, 0.9901243448257446),
            ["RightHand"] = CFrame.new(-2.9802322387695312e-08, -3.5762786865234375e-07, -1.043081283569336e-07, 0.2694009244441986, -0.08878988772630692, -0.9589263200759888, 0.4364134967327118, 0.8988851308822632, 0.03937646374106407, 0.8584675192832947, -0.42909422516822815, 0.2809092104434967),
            ["HumanoidRootPart"] = CFrame.new(0, 0, 0, 1, 0, 0, 0, 1, 0, 0, 0, 1),
            ["RightLowerLeg"] = CFrame.new(-1.4901161193847656e-08, 0, 8.940696716308594e-08, 1, -4.190955582572542e-09, -8.370252402301048e-08, 1.3038519597330378e-08, 0.9718311429023743, 0.2356848418712616, 1.7555434794758185e-07, -0.23567843437194824, 0.9718296527862549),
            ["LeftUpperLeg"] = CFrame.new(-5.960464477539063e-08, -1.5040859580039978e-07, 2.1987943910062313e-08, 0.9839918613433838, 0.09136984497308731, 0.15300437808036804, -0.0821676179766655, 0.994468092918396, -0.06543482095003128, -0.15814079344272614, 0.0518147349357605, 0.9860568046569824),
            ["LeftLowerLeg"] = CFrame.new(9.313225746154785e-09, -4.172325134277344e-07, 2.9802322387695312e-08, 1, -1.6763822330290168e-08, -7.124609169295582e-08, 2.4214383387288763e-08, 0.9629358649253845, 0.26973843574523926, 1.0896472701915627e-07, -0.2697303891181946, 0.9629337191581726),
            ["1B"] = CFrame.new(-1.3142367601394653, 3.7376067638397217, 0.8000935316085815, 0.44339895248413086, 0.8908779621124268, 0.09865959733724594, -0.37951385974884033, 0.08688180148601532, 0.9210975170135498, 0.8120138645172119, -0.445856511592865, 0.37662407755851746),
            ["2B"] = CFrame.new(-1.2244291305541992, 3.4542148113250732, -0.22118690609931946, 0.46295419335365295, 0.8737943172454834, 0.1488516926765442, -0.4476122260093689, 0.0855199471116066, 0.890129029750824, 0.7650600075721741, -0.47871682047843933, 0.430713027715683),
            ["3B"] = CFrame.new(-0.9143829345703125, -0.057877182960510254, 1.5535012483596802, -0.3955584764480591, 0.9027004837989807, 0.16930840909481049, 0.5381142497062683, 0.07839705049991608, 0.839218020439148, 0.7442893981933594, 0.4230670928955078, -0.5167666673660278),
            ["4B"] = CFrame.new(-0.936223030090332, 2.208956480026245, -1.027243971824646, 0.46132785081863403, 0.837918758392334, 0.2916654348373413, -0.6355684995651245, 0.08273299783468246, 0.7675987482070923, 0.6190551519393921, -0.5394880771636963, 0.5707219243049622),
            ["5B"] = CFrame.new(-1.0428017377853394, 0.2223130464553833, -0.719339907169342, 0.42109864950180054, 0.9020100831985474, 0.09515100717544556, -0.3939615488052368, 0.08740168809890747, 0.9149618744850159, 0.8169885873794556, -0.4227750897407532, 0.39216214418411255),
            ["RightFoot"] = CFrame.new(-2.1420419216156006e-08, 1.1920928955078125e-07, -1.1175870895385742e-08, 0.999756395816803, -0.0011556838871911168, 0.022038361057639122, 0.0035578152164816856, 0.9940124750137329, -0.10921146720647812, -0.02178620733320713, 0.10926082730293274, 0.9937742352485657),
            ["LeftUpperArm"] = CFrame.new(1.7881393432617188e-07, 4.76837158203125e-07, 1.3969838619232178e-08, 0.9387462139129639, 0.0970810055732727, -0.3306467533111572, -0.19422568380832672, 0.9416329860687256, -0.2749529778957367, 0.2846611738204956, 0.3223392963409424, 0.9028143286705017),
            ["RightLowerArm"] = CFrame.new(-1.1920928955078125e-07, -2.980232238769531e-07, 3.8743019104003906e-07, 1, -7.450657868446342e-09, -1.266584916947977e-07, -7.078062225218673e-08, 0.35128098726272583, -0.9362701773643494, 4.4703554635816545e-08, 0.9362701773643494, 0.35128098726272583),
            ["LeftHand"] = CFrame.new(7.450580596923828e-08, -5.960464477539063e-08, -2.2351741790771484e-07, 0.6508888602256775, -0.09933776408433914, 0.7526458501815796, 0.23710034787654877, 0.968410313129425, -0.07722949981689453, -0.7211984395980835, 0.22872181236743927, 0.6538806557655334),
            ["Head"] = CFrame.new(-1.8510036170482635e-08, -1.1920928955078125e-07, -1.0943040251731873e-08, 0.9995534420013428, 0.021944481879472733, -0.020287036895751953, -0.028790930286049843, 0.8891021609306335, -0.45680224895477295, 0.008012962527573109, 0.45718249678611755, 0.889336884021759),
            ["LowerTorso"] = CFrame.new(0.049232836812734604, -0.01668870449066162, -0.01636541821062565, 0.9999826550483704, -0.005892497953027487, 0.00021120026940479875, 0.005887246690690517, 0.9958295822143555, -0.09104298055171967, 0.0003261592937633395, 0.09104268997907639, 0.9958469867706299),
            ["RightUpperArm"] = CFrame.new(-1.7881393432617188e-07, 0, 3.864988684654236e-08, 0.9199870824813843, -0.0686734989285469, 0.38588011264801025, 0.23203188180923462, 0.8888940215110779, -0.39499494433403015, -0.3158876299858093, 0.45293641090393066, 0.8337119221687317),
            ["RightUpperLeg"] = CFrame.new(5.960464477539063e-08, -9.89530235528946e-09, 3.258173819631338e-08, 0.9649212956428528, -0.05017925798892975, -0.25769296288490295, 0.03208882361650467, 0.9967467188835144, -0.07393472641706467, 0.26057109236717224, 0.06307147443294525, 0.9633939862251282),
            ["UpperTorso"] = CFrame.new(-1.737134880386293e-09, 9.238719940185547e-07, -6.909340299898759e-08, 0.99984210729599, 0.01679357886314392, 0.005819542333483696, -0.016789061948657036, 0.9998587965965271, -0.0008213916444219649, -0.00583252590149641, 0.0007234216318465769, 0.9999827146530151),
        }},
        {Time = 0.167, Data = {
            ["LeftLowerArm"] = CFrame.new(0, 4.76837158203125e-07, -1.043081283569336e-07, 1, -3.1665340571862544e-08, -9.685641799705991e-08, -8.195644340958097e-08, 0.19085682928562164, -0.9816179871559143, 5.960468740795477e-08, 0.9816179275512695, 0.19085684418678284),
            ["LeftFoot"] = CFrame.new(1.862645149230957e-08, 0, -1.30385160446167e-08, 0.9985532164573669, -0.04751148447394371, 0.025188861414790154, 0.050432197749614716, 0.989960253238678, -0.13204529881477356, -0.018657948821783066, 0.1331215798854828, 0.9909235835075378),
            ["RightHand"] = CFrame.new(5.960464477539063e-08, -3.5762786865234375e-07, 3.650784492492676e-07, 0.5566117763519287, 0.05265631154179573, -0.8291023373603821, -0.005533132236450911, 0.9982022643089294, 0.05968060344457626, 0.830754280090332, -0.028629135340452194, 0.5559024810791016),
            ["HumanoidRootPart"] = CFrame.new(0, 0, 0, 1, 0, 0, 0, 1, 0, 0, 0, 1),
            ["RightLowerLeg"] = CFrame.new(-1.341104507446289e-07, -5.960464477539063e-08, -7.450580596923828e-08, 1, 3.725292962997173e-09, -1.1839425440030027e-07, 2.6077035641947077e-08, 0.9677808880805969, 0.25180116295814514, 1.2526290049663658e-07, -0.2517942190170288, 0.9677790403366089),
            ["LeftUpperLeg"] = CFrame.new(-1.1920928955078125e-07, -2.525048330426216e-07, 3.401873982511461e-08, 0.9844784736633301, 0.08375078439712524, 0.15422993898391724, -0.07571566104888916, 0.9954838156700134, -0.057264409959316254, -0.15833307802677155, 0.04469683766365051, 0.9863741993904114),
            ["LeftLowerLeg"] = CFrame.new(-2.421438694000244e-08, -5.960464477539063e-08, -2.9802322387695312e-08, 1, 1.490117718105921e-08, -1.5366805428129737e-07, 1.8626458597736928e-08, 0.9665324091911316, 0.2565517723560333, 1.229346224818073e-07, -0.2565443813800812, 0.9665305614471436),
            ["1B"] = CFrame.new(-1.3102880716323853, 3.708913564682007, 0.8654875159263611, 0.49715593457221985, 0.8511214852333069, 0.16860739886760712, -0.4466991126537323, 0.0844801589846611, 0.8906868696212769, 0.7438386678695679, -0.5181267857551575, 0.4221949577331543),
            ["2B"] = CFrame.new(-1.2295732498168945, 3.577611207962036, -0.2956841289997101, 0.5084758996963501, 0.8283968567848206, 0.23497074842453003, -0.5262912511825562, 0.08300887793302536, 0.8462428450584412, 0.6815202236175537, -0.553956925868988, 0.4781859517097473),
            ["3B"] = CFrame.new(-0.9029040336608887, -0.41720378398895264, 1.5518181324005127, -0.4252564013004303, 0.8659359812736511, 0.26327192783355713, 0.62994784116745, 0.0743255615234375, 0.7730727195739746, 0.6498637199401855, 0.4946015775203705, -0.5771017670631409),
            ["4B"] = CFrame.new(-0.9086350202560425, 1.8283729553222656, -1.0999001264572144, 0.4635710120201111, 0.7828209400177002, 0.41508275270462036, -0.7352404594421387, 0.07840779423713684, 0.6732560396194458, 0.49449318647384644, -0.6172873973846436, 0.6119090914726257),
            ["5B"] = CFrame.new(-1.115251064300537, 0.9606583118438721, -0.4691068232059479, 0.4680669903755188, 0.8691608905792236, 0.15960189700126648, -0.45920947194099426, 0.084922656416893, 0.8842594027519226, 0.7550098896026611, -0.487183153629303, 0.4388763904571533),
            ["RightFoot"] = CFrame.new(2.8405338525772095e-08, 0, -2.60770320892334e-08, 0.9997518658638, 0.001495617674663663, 0.02222036011517048, 0.0011011442402377725, 0.9932098388671875, -0.11633388698101044, -0.022248754277825356, 0.11632692813873291, 0.992961585521698),
            ["LeftUpperArm"] = CFrame.new(0, 5.960464477539062e-07, -2.3283064365386963e-09, 0.9411214590072632, 0.10105225443840027, -0.32260674238204956, -0.16630657017230988, 0.9692139625549316, -0.1815596967935562, 0.29433414340019226, 0.22452780604362488, 0.928956925868988),
            ["RightLowerArm"] = CFrame.new(4.172325134277344e-07, -3.5762786865234375e-07, -8.940696716308594e-08, 1, -5.96053197909896e-08, -7.450494621252801e-08, -1.0803353234223323e-07, 0.21892330050468445, -0.9757421016693115, -1.490117718105921e-08, 0.9757420420646667, 0.21892336010932922),
            ["LeftHand"] = CFrame.new(-2.9802322387695312e-08, 0, 7.227063179016113e-07, 0.6444616317749023, -0.05070706084370613, 0.7629535794258118, 0.17243988811969757, 0.9817321300506592, -0.08041177690029144, -0.7449387311935425, 0.18338748812675476, 0.6414325833320618),
            ["Head"] = CFrame.new(-1.1175870895385742e-08, -1.1920928955078125e-07, 3.521563485264778e-08, 0.9995827674865723, 0.02070821076631546, -0.02013801597058773, -0.027622908353805542, 0.8891502022743225, -0.4567810297012329, 0.00844660121947527, 0.4571467936038971, 0.8893512487411499),
            ["LowerTorso"] = CFrame.new(0.04451514407992363, -0.01670706272125244, -0.0163654163479805, 0.9999977350234985, -0.0021389867179095745, 0.00007692498911637813, 0.002137098927050829, 0.9958446621894836, -0.09104377776384354, 0.00011814430763479322, 0.09104369580745697, 0.9958469867706299),
            ["RightUpperArm"] = CFrame.new(-1.1920928955078125e-07, 0, 1.1641532182693481e-08, 0.9063568711280823, -0.019006434828042984, 0.4220796227455139, 0.23030754923820496, 0.8597473502159119, -0.45583346486091614, -0.35422542691230774, 0.5103657841682434, 0.7836227416992188),
            ["RightUpperLeg"] = CFrame.new(1.1920928955078125e-07, 1.1990778148174286e-08, 2.449087332934141e-08, 0.9647237658500671, -0.058912720531225204, -0.25658226013183594, 0.03836589679121971, 0.9956961870193481, -0.08436369895935059, 0.260453999042511, 0.07154294103384018, 0.9628335237503052),
            ["UpperTorso"] = CFrame.new(-5.067931851954199e-09, 3.5762786865234375e-07, 9.081759344553575e-09, 0.999878466129303, 0.014223231002688408, 0.006383311003446579, -0.014218026772141457, 0.9998986124992371, -0.0008569002384319901, -0.0063948603346943855, 0.0007658582762815058, 0.9999793171882629),
        }},
        {Time = 0.200, Data = {
            ["LeftLowerArm"] = CFrame.new(-5.960464477539063e-08, 1.1920928955078125e-07, -1.341104507446289e-07, 1, -1.8626651332454003e-09, -7.264236501214327e-08, -9.685758328714655e-08, 0.35023799538612366, -0.9366607666015625, 5.5879375793210784e-08, 0.9366608262062073, 0.35023799538612366),
            ["LeftFoot"] = CFrame.new(-2.3050233721733093e-08, 1.7881393432617188e-07, -1.862645149230957e-09, 0.9986424446105957, -0.045530758798122406, 0.025308504700660706, 0.04844973236322403, 0.9902982115745544, -0.13024139404296875, -0.01912849396467209, 0.13128764927387238, 0.9911593198776245),
            ["RightHand"] = CFrame.new(-2.9802322387695312e-08, -2.384185791015625e-07, 2.1792948246002197e-07, 0.6534321308135986, 0.13823571801185608, -0.744256317615509, -0.3043455183506012, 0.9481959939002991, -0.09109029918909073, 0.6931091547012329, 0.2860337197780609, 0.6616533398628235),
            ["HumanoidRootPart"] = CFrame.new(0, 0, 0, 1, 0, 0, 0, 1, 0, 0, 0, 1),
            ["RightLowerLeg"] = CFrame.new(-5.774199962615967e-08, -5.960464477539063e-08, 7.450580596923828e-08, 1, 1.6298162819339268e-08, -6.402834884511321e-08, 3.72529100900465e-08, 0.9662150144577026, 0.25774458050727844, 1.6391281576488836e-07, -0.25773727893829346, 0.9662131071090698),
            ["LeftUpperLeg"] = CFrame.new(0, -3.1158560886979103e-07, 3.4378899727016687e-09, 0.9847232699394226, 0.07987819612026215, 0.1547204703092575, -0.07225484400987625, 0.9959074854850769, -0.05429176986217499, -0.158427894115448, 0.04228198900818825, 0.9864654541015625),
            ["LeftLowerLeg"] = CFrame.new(4.284083843231201e-08, -1.7881393432617188e-07, 3.725290298461914e-08, 1, 5.58793988858497e-09, -1.364385724400563e-07, 2.60770320892334e-08, 0.9677104353904724, 0.25207242369651794, 7.82310962677002e-08, -0.25206488370895386, 0.96770840883255),
            ["1B"] = CFrame.new(-1.3053456544876099, 3.670661687850952, 0.912011981010437, 0.5283623933792114, 0.81862872838974, 0.22512301802635193, -0.4949561655521393, 0.08155890554189682, 0.8650818467140198, 0.6898201107978821, -0.5685026049613953, 0.44827795028686523),
            ["2B"] = CFrame.new(-1.232926845550537, 3.653515100479126, -0.35782697796821594, 0.5299567580223083, 0.7922186255455017, 0.3025483787059784, -0.5822311043739319, 0.08051781356334686, 0.8090264797210693, 0.6165653467178345, -0.6049019694328308, 0.5039252042770386),
            ["3B"] = CFrame.new(-0.8710496425628662, -0.6166483163833618, 1.5378384590148926, -0.4330291152000427, 0.8370770215988159, 0.33434733748435974, 0.6919275522232056, 0.0709686204791069, 0.7184704542160034, 0.5776867866516113, 0.5424625873565674, -0.6099280118942261),
            ["4B"] = CFrame.new(-0.8877425193786621, 1.5395879745483398, -1.1553783416748047, 0.4422863721847534, 0.7392660975456238, 0.5078076124191284, -0.804729163646698, 0.07713063806295395, 0.5886102318763733, 0.39597201347351074, -0.6689817309379578, 0.6290227770805359),
            ["5B"] = CFrame.new(-1.1672316789627075, 1.5106902122497559, -0.3514661192893982, 0.49437540769577026, 0.8445913195610046, 0.2055688202381134, -0.5014178156852722, 0.08390786498785019, 0.8611270189285278, 0.7100515365600586, -0.5287957787513733, 0.4649750888347626),
            ["RightFoot"] = CFrame.new(5.122274160385132e-09, 1.7881393432617188e-07, -5.587935447692871e-09, 0.9997451901435852, 0.003421877743676305, 0.022310035303235054, -0.000747555575799197, 0.9929264187812805, -0.11873247474431992, -0.022564133629202843, 0.11868257075548172, 0.9926756024360657),
            ["LeftUpperArm"] = CFrame.new(1.1920928955078125e-07, 1.1920928955078125e-07, 4.656612873077393e-10, 0.9436632394790649, 0.09859167039394379, -0.3158726692199707, -0.13764934241771698, 0.9850294589996338, -0.10377120971679688, 0.30091920495033264, 0.14140930771827698, 0.9431096911430359),
