return {
    ["Jump Jets"] = {
        {Time = 0.000, Data = {
            ["LeftFoot"] = CFrame.new(2.60770320892334e-08, -5.960464477539063e-08, 5.960464477539063e-08, 0.9826025366783142, -0.17879314720630646, -0.050252970308065414, 0.18449409306049347, 0.9707518219947815, 0.15363359451293945, 0.021314335986971855, -0.1602313369512558, 0.9868492484092712),
            ["LeftLowerArm"] = CFrame.new(-0.000495225191116333, -0.00010001659393310547, -1.7881393432617188e-07, 1, -5.02914261346632e-08, -1.9371509552001953e-07, 4.4703497792397684e-08, 0.9683652520179749, -0.24953719973564148, 1.452863784834335e-07, 0.24953719973564148, 0.9683652520179749),
            ["RightUpperArm"] = CFrame.new(-0.00979083776473999, -0.05714428424835205, -8.940696716308594e-08, 0.9840382933616638, -0.0662270337343216, 0.16517817974090576, 0.07831939309835434, 0.994620144367218, -0.06780053675174713, -0.15979613363742828, 0.0796549916267395, 0.9839305281639099),
            ["Head"] = CFrame.new(7.543712854385376e-08, -4.76837158203125e-07, -9.499490261077881e-08, 0.869479238986969, 0.027941234409809113, 0.49317875504493713, -0.022777745500206947, 0.9996048212051392, -0.016475578770041466, -0.4934442341327667, 0.003091673832386732, 0.8697719573974609),
            ["LowerTorso"] = CFrame.new(-0.06077461317181587, -0.11319994926452637, -0.023169219493865967, 0.963487446308136, -0.011837724596261978, -0.2674919068813324, 0.000007462530447810423, 0.9990234971046448, -0.04418440908193588, 0.2677537202835083, 0.042569130659103394, 0.9625465869903564),
            ["UpperTorso"] = CFrame.new(-1.605803845450282e-08, -1.1920928955078125e-07, -8.381903171539307e-09, 0.9702774882316589, 0.014473382383584976, -0.2415619045495987, 0.03170473501086235, 0.9820030331611633, 0.18618541955947876, 0.23990918695926666, -0.18831020593643188, 0.9523565769195557),
            ["HumanoidRootPart"] = CFrame.new(0, 0, 0, 1, 0, 0, 0, 1, 0, 0, 0, 1),
            ["LeftUpperLeg"] = CFrame.new(8.940696716308594e-08, -1.587904989719391e-07, -2.9802322387695312e-08, 0.9734303951263428, 0.2227965146303177, 0.052868425846099854, -0.18975435197353363, 0.9140995144844055, -0.35835108160972595, -0.1281660944223404, 0.3387976288795471, 0.9320887923240662),
            ["LeftUpperArm"] = CFrame.new(0.00979071855545044, -0.0571436882019043, -5.960464477539063e-08, 0.977527379989624, 0.17353539168834686, -0.11969682574272156, -0.14060281217098236, 0.959743320941925, 0.24315226078033447, 0.15707062184810638, -0.22085818648338318, 0.9625744819641113),
            ["RightLowerArm"] = CFrame.new(-0.0000059604644775390625, 2.980232238769531e-07, -1.4901161193847656e-07, 1, 3.7252894102834944e-09, 1.927838155779682e-07, 0, 1, 9.313227966600834e-10, -2.2118908304946672e-07, 1.1175868230850483e-08, 1),
            ["LeftHand"] = CFrame.new(2.8312206268310547e-07, 0.00009989738464355469, 0, 0.9781143069267273, 0.18542321026325226, 0.09439662098884583, -0.1719200611114502, 0.9757729768753052, -0.1353171169757843, -0.11720068752765656, 0.11612693965435028, 0.9862954616546631),
            ["RightFoot"] = CFrame.new(-1.4901161193847656e-08, 1.7881393432617188e-07, -2.8107024263590574e-08, 0.9798945784568787, 0.19766217470169067, -0.027137262746691704, -0.19303303956985474, 0.904850959777832, -0.3794505298137665, -0.05044814944267273, 0.3770601153373718, 0.9248140454292297),
            ["RightHand"] = CFrame.new(-2.086162567138672e-07, 0, 1.4901161193847656e-08, 0.9821818470954895, -0.1643170416355133, -0.09120672196149826, 0.13927298784255981, 0.9622582793235779, -0.23379911482334137, 0.12618164718151093, 0.2169305831193924, 0.967997670173645),
            ["RightLowerLeg"] = CFrame.new(4.842877388000488e-08, -0.000003635883331298828, -0.000013193282939027995, 1, -1.639127589214695e-07, -2.980232594040899e-08, 1.3411046495548362e-07, 0.8549056649208069, 0.5187835097312927, -1.1548401346317405e-07, -0.518783450126648, 0.8549056649208069),
            ["RightUpperLeg"] = CFrame.new(4.172325134277344e-07, 2.5192275643348694e-07, -9.145878721028566e-09, 0.9242135882377625, -0.24245791137218475, -0.29503101110458374, 0.21753846108913422, 0.9692450761795044, -0.11506988108158112, 0.31385716795921326, 0.04216843470931053, 0.9485334753990173),
            ["LeftLowerLeg"] = CFrame.new(-6.705522537231445e-08, 0.000003993511199951172, 0.000013358891010284424, 1, -5.587935447692871e-09, 6.705521116145974e-08, -1.4901157641133977e-08, 0.9703692197799683, 0.24162665009498596, 0, -0.24162715673446655, 0.9703693389892578),
        }},
        {Time = 0.033, Data = {
            ["LeftFoot"] = CFrame.new(2.9802322387695312e-08, 5.960464477539063e-08, -4.0978193283081055e-08, 0.9839062094688416, -0.1688726246356964, -0.058400847017765045, 0.17662884294986725, 0.9686182737350464, 0.17487534880638123, 0.027036335319280624, -0.1823752075433731, 0.9828571081161499),
            ["LeftLowerArm"] = CFrame.new(-0.0004949569702148438, -0.0000998377799987793, 5.960464477539063e-08, 1, -3.352760558072987e-08, -2.8917571626152494e-07, -3.725290298461914e-09, 0.9924697279930115, -0.12249059230089188, 2.2351741790771484e-07, 0.12249057739973068, 0.9924697875976562),
            ["RightUpperArm"] = CFrame.new(-0.009790778160095215, -0.05714380741119385, 2.9802322387695312e-08, 0.9839144945144653, -0.05868455395102501, 0.16872936487197876, 0.06905797868967056, 0.9960237741470337, -0.05628173425793648, -0.16475224494934082, 0.06702850013971329, 0.9840543270111084),
            ["Head"] = CFrame.new(9.313225746154785e-09, 2.384185791015625e-07, -6.984919309616089e-08, 0.8758718967437744, 0.029186777770519257, 0.48166021704673767, -0.017504099756479263, 0.9994339942932129, -0.02873169630765915, -0.48222616314888, 0.016734257340431213, 0.8758869767189026),
            ["LowerTorso"] = CFrame.new(-0.06076224148273468, 0.044814348220825195, -0.026577673852443695, 0.9635040163993835, -0.00039257193566299975, -0.2676936089992523, -0.007192504126578569, 0.9995999932289124, -0.027353741228580475, 0.2675972580909729, 0.028280826285481453, 0.9631158113479614),
            ["UpperTorso"] = CFrame.new(-1.3504177331924438e-08, -3.5762786865234375e-07, 0, 0.9732793569564819, 0.016168544068932533, -0.22905436158180237, 0.021100619807839394, 0.9869999289512634, 0.1593296378850937, 0.2286527156829834, -0.15990547835826874, 0.960285484790802),
            ["HumanoidRootPart"] = CFrame.new(0, 0, 0, 1, 0, 0, 0, 1, 0, 0, 0, 1),
            ["LeftUpperLeg"] = CFrame.new(2.9802322387695312e-08, -3.1114905141294e-07, -1.4156103134155273e-07, 0.9777265787124634, 0.19882529973983765, 0.06722672283649445, -0.16242526471614838, 0.9196410179138184, -0.3576010465621948, -0.13292430341243744, 0.33871668577194214, 0.9314515590667725),
            ["LeftUpperArm"] = CFrame.new(0.009790539741516113, -0.05714428424835205, -1.4901161193847656e-07, 0.99782395362854, 0.05910174176096916, -0.02923191338777542, -0.05599565431475639, 0.9936510920524597, 0.09758094698190689, 0.034812916070222855, -0.09573177248239517, 0.9947982430458069),
            ["RightLowerArm"] = CFrame.new(-0.000005602836608886719, 2.980232238769531e-07, -4.470348358154297e-07, 1, -1.8626447051417472e-09, 2.0209704132412298e-07, 0, 1, -3.725291186640334e-09, -2.2863966364639055e-07, -5.5879341154252415e-09, 1),
            ["LeftHand"] = CFrame.new(3.8743019104003906e-07, 0.0001004338264465332, 8.940696716308594e-08, 0.9798426032066345, 0.1903795301914215, 0.0605321004986763, -0.1814899742603302, 0.9749570488929749, -0.12853090465068817, -0.08348596841096878, 0.11495407670736313, 0.9898564219474792),
            ["RightFoot"] = CFrame.new(-5.960464477539063e-08, 4.172325134277344e-07, -4.300818545743823e-08, 0.9838956594467163, 0.17750220000743866, 0.02102947048842907, -0.1737123280763626, 0.9772772789001465, -0.12146320939064026, -0.0421115979552269, 0.11585460603237152, 0.9923731684684753),
            ["RightHand"] = CFrame.new(1.6391277313232422e-07, 4.76837158203125e-07, 7.450580596923828e-08, 0.9725257754325867, -0.16730807721614838, -0.16186967492103577, 0.14167819917201996, 0.9771056175231934, -0.1587199568748474, 0.18471883237361908, 0.13142584264278412, 0.9739641547203064),
            ["RightLowerLeg"] = CFrame.new(-2.9802322387695312e-08, -0.0000035762786865234375, -0.000013357195712160319, 1, 1.3411046495548362e-07, -4.8428766774577525e-08, 3.5390257835388184e-08, 0.874036431312561, 0.48586031794548035, -7.450580596923828e-08, -0.4858604967594147, 0.8740365505218506),
            ["RightUpperLeg"] = CFrame.new(2.980232238769531e-07, -3.0314549803733826e-07, 2.8107024263590574e-08, 0.9578873515129089, -0.19572581350803375, -0.21010339260101318, 0.1781470626592636, 0.9789348244667053, -0.09975095838308334, 0.22520114481449127, 0.05812067538499832, 0.9725772142410278),
            ["LeftLowerLeg"] = CFrame.new(-3.725290298461914e-08, 0.000003933906555175781, 0.000013247132301330566, 1, 1.2572851915138017e-07, 7.35744833946228e-08, -9.685754776000977e-08, 0.9484391212463379, 0.3169591426849365, -7.450580596923828e-09, -0.3169592618942261, 0.9484391808509827),
        }},
        {Time = 0.067, Data = {
            ["LeftFoot"] = CFrame.new(3.725290298461914e-08, 5.960464477539063e-08, -1.7695128917694092e-08, 0.9839698076248169, -0.15899482369422913, -0.08077254146337509, 0.17624716460704803, 0.9360962510108948, 0.3044036626815796, 0.02721218578517437, -0.31375882029533386, 0.9491123557090759),
            ["LeftLowerArm"] = CFrame.new(-0.0004943907260894775, -0.00010091066360473633, 2.0489096641540527e-08, 1, 0, -1.8614809960126877e-07, 1.3969838619232178e-09, 1, 1.7462298274040222e-09, 1.7427373677492142e-07, -5.820765536235228e-10, 1),
            ["RightUpperArm"] = CFrame.new(-0.00979071855545044, -0.05714452266693115, -8.940696716308594e-08, 0.9447008371353149, -0.03811284899711609, 0.3257170617580414, 0.04894252121448517, 0.9984858632087708, -0.025116434320807457, -0.3242606222629547, 0.039668917655944824, 0.945133626461029),
            ["Head"] = CFrame.new(5.587935447692871e-08, -0.0000011920928955078125, -1.9744038581848145e-07, 0.8848404288291931, 0.03200814127922058, 0.4647936224937439, -0.008712418377399445, 0.9985995292663574, -0.05218273028731346, -0.4658129811286926, 0.042123906314373016, 0.8838801383972168),
            ["LowerTorso"] = CFrame.new(-0.06074905022978783, 0.21316957473754883, -0.030163303017616272, 0.9634701013565063, 0.01443540956825018, -0.26742684841156006, -0.017745815217494965, 0.9997929334640503, -0.00996587797999382, 0.2672275900840759, 0.014347532764077187, 0.9635266661643982),
            ["UpperTorso"] = CFrame.new(-2.3283064365386963e-08, -8.940696716308594e-08, -6.51925802230835e-09, 0.9774276614189148, 0.017678208649158478, -0.21052990853786469, 0.010737935081124306, 0.9910483360290527, 0.1330714225769043, 0.2109978199005127, -0.1323283165693283, 0.9684880971908569),
            ["HumanoidRootPart"] = CFrame.new(0, 0, 0, 1, 0, 0, 0, 1, 0, 0, 0, 1),
            ["LeftUpperLeg"] = CFrame.new(-1.1920928955078125e-07, -3.0384398996829987e-07, -5.960464477539063e-08, 0.9810049533843994, 0.169232577085495, 0.09481393545866013, -0.13112305104732513, 0.9387061595916748, -0.3188062310218811, -0.14295460283756256, 0.30031824111938477, 0.9430657625198364),
            ["LeftUpperArm"] = CFrame.new(0.009790539741516113, -0.057144880294799805, -2.384185791015625e-07, 0.9954060912132263, -0.04351847991347313, 0.08528381586074829, 0.049375180155038834, 0.9964739680290222, -0.0678345113992691, -0.08202946931123734, 0.07173377275466919, 0.9940448999404907),
            ["RightLowerArm"] = CFrame.new(-0.000005781650543212891, 6.556510925292969e-07, -3.129243850708008e-07, 1, 1.222360768160513e-09, 1.9697479558544728e-07, 6.402841035146878e-10, 1, 4.65661453841193e-10, -2.038068060983278e-07, 6.51925713412993e-09, 1),
            ["LeftHand"] = CFrame.new(1.341104507446289e-07, 0.00009971857070922852, 4.842877388000488e-08, 0.9779084920883179, 0.2086888998746872, -0.012003493495285511, -0.20829728245735168, 0.9680377840995789, -0.13969644904136658, -0.017533281818032265, 0.13911063969135284, 0.9901216626167297),
            ["RightFoot"] = CFrame.new(8.195638656616211e-08, 3.5762786865234375e-07, -1.3205863069742918e-08, 0.9889814257621765, 0.1364697813987732, 0.05737529322504997, -0.14458990097045898, 0.9736217856407166, 0.1765063852071762, -0.03177434206008911, -0.18285715579986572, 0.9826259016990662),
            ["RightHand"] = CFrame.new(-4.863832145929337e-07, 5.960464477539063e-08, 4.470348358154297e-08, 0.9590548276901245, -0.12866389751434326, -0.25230860710144043, 0.1038835197687149, 0.9885715246200562, -0.10924523323774338, 0.2634809613227844, 0.07856143265962601, 0.9614603519439697),
            ["RightLowerLeg"] = CFrame.new(1.2852251529693604e-07, -0.0000036954879760742188, -0.000013334843970369548, 1, -3.073363643579796e-07, -1.7508864402770996e-07, 1.3597308168300515e-07, 0.8954769968986511, 0.44510766863822937, -1.601874686230076e-07, -0.4451077878475189, 0.8954771161079407),
            ["RightUpperLeg"] = CFrame.new(2.384185791015625e-07, -1.2118835002183914e-07, 2.8107024263590574e-08, 0.9847601056098938, -0.14433075487613678, -0.09703635424375534, 0.1367339789867401, 0.9873009324073792, -0.08087452501058578, 0.10747729986906052, 0.06637388467788696, 0.9919895529747009),
            ["LeftLowerLeg"] = CFrame.new(-3.3527612686157227e-08, 0.000004112720489501953, 0.000013269484043121338, 1, 7.171182403453713e-08, 3.3993273973464966e-08, -7.823110337312755e-08, 0.9475685358047485, 0.31955254077911377, 2.2351745343485163e-08, -0.31955257058143616, 0.9475685954093933),
        }},
        {Time = 0.100, Data = {
            ["LeftFoot"] = CFrame.new(-3.725290298461914e-08, 0, -1.6763806343078613e-08, 0.9834575653076172, -0.14496804773807526, -0.10860715061426163, 0.17899277806282043, 0.8697693347930908, 0.4598516523838043, 0.027799544855952263, -0.47168388962745667, 0.8813290596008301),
            ["LeftLowerArm"] = CFrame.new(-0.0004953145980834961, -0.00009965896606445312, -2.384185791015625e-07, 1, -3.7252894102834944e-09, -1.6903506150356407e-07, -8.381902283360887e-09, 1, 7.450581485102248e-09, 1.8719580907600175e-07, 5.5879341154252415e-09, 1),
            ["RightUpperArm"] = CFrame.new(-0.00979071855545044, -0.0571441650390625, -2.9802322387695312e-08, 0.8721415400505066, -0.0352790430188179, 0.4879876375198364, 0.030595388263463974, 0.999377429485321, 0.017570137977600098, -0.4882960617542267, -0.00039346516132354736, 0.872673749923706),
            ["Head"] = CFrame.new(-1.4901161193847656e-08, -1.1920928955078125e-07, -9.685754776000977e-08, 0.8951530456542969, 0.03518443927168846, 0.44436830282211304, -0.00020216545090079308, 0.9969120621681213, -0.07852683216333389, -0.4457589387893677, 0.07020371407270432, 0.8923959136009216),
            ["LowerTorso"] = CFrame.new(-0.0607374832034111, 0.3608400821685791, -0.03394264727830887, 0.9633222818374634, 0.029434554278850555, -0.2667282223701477, -0.02879757061600685, 0.9995654821395874, 0.006300133187323809, 0.2667977511882782, 0.0016120673390105367, 0.9637512564659119),
            ["UpperTorso"] = CFrame.new(-9.313225746154785e-09, -2.9802322387695312e-08, -4.6566128730773926e-09, 0.9820082187652588, 0.018142219632864, -0.18796521425247192, 0.0022351497318595648, 0.9941880106925964, 0.10763534903526306, 0.18882545828819275, -0.10611893236637115, 0.9762601256370544),
            ["HumanoidRootPart"] = CFrame.new(0, 0, 0, 1, 0, 0, 0, 1, 0, 0, 0, 1),
            ["LeftUpperLeg"] = CFrame.new(1.4901161193847656e-07, -6.226182449609041e-07, -2.9802322387695312e-08, 0.9825268387794495, 0.13872280716896057, 0.12408526241779327, -0.09969083964824677, 0.9552342295646667, -0.2785488963127136, -0.1571716070175171, 0.261311411857605, 0.9523726105690002),
            ["LeftUpperArm"] = CFrame.new(0.009790658950805664, -0.0571441650390625, -1.4901161193847656e-07, 0.9672593474388123, -0.09570565819740295, 0.23505868017673492, 0.13877034187316895, 0.9748982191085815, -0.17411379516124725, -0.21249054372310638, 0.20103225111961365, 0.9562593102455139),
            ["RightLowerArm"] = CFrame.new(-0.00000616908073425293, 1.7881393432617188e-07, -2.2351741790771484e-07, 1, -4.190951585769653e-09, 1.871958659194206e-07, -9.313227966600834e-10, 1, 6.984920419839113e-10, -1.8905852527950628e-07, -2.561137080192566e-09, 1),
            ["LeftHand"] = CFrame.new(1.4901161193847656e-08, 0.0000998377799987793, -1.4901161193847656e-08, 0.9641186594963074, 0.2430770844221115, -0.1067189872264862, -0.2544194459915161, 0.9608197808265686, -0.10998326539993286, 0.07580330222845078, 0.13318833708763123, 0.9881876707077026),
            ["RightFoot"] = CFrame.new(-1.4901161193847656e-08, 4.172325134277344e-07, 1.6596459317952394e-08, 0.9934585094451904, 0.09162361174821854, 0.0681576132774353, -0.1113004982471466, 0.9104140400886536, 0.3984454274177551, -0.025544768199324608, -0.40342462062835693, 0.9146561622619629),
            ["RightHand"] = CFrame.new(-6.51925802230835e-08, -1.1920928955078125e-07, 5.960464477539063e-08, 0.936753511428833, -0.0968582034111023, -0.3363201916217804, 0.07076774537563324, 0.9935129880905151, -0.08901621401309967, 0.34276047348976135, 0.059585653245449066, 0.9375312924385071),
            ["RightLowerLeg"] = CFrame.new(3.91155481338501e-08, -0.0000035762786865234375, -0.000013327393389772624, 1, 1.1175870895385742e-08, 1.4901162970204496e-08, 6.146729703004894e-08, 0.8865393996238708, 0.46265292167663574, 2.3283066585833012e-09, -0.462653249502182, 0.8865395784378052),
            ["RightUpperLeg"] = CFrame.new(2.384185791015625e-07, 6.820482667535543e-08, -1.6952981241047382e-09, 0.9946611523628235, -0.10316825658082962, 0.002388488966971636, 0.10286156833171844, 0.9893113970756531, -0.10335700958967209, 0.008300221525132656, 0.10305067896842957, 0.9946415424346924),
            ["LeftLowerLeg"] = CFrame.new(-3.725290298461914e-09, 0.0000033974647521972656, 0.000013217329978942871, 1, 6.61238814814169e-08, 6.565822019410916e-08, -4.0978189730367376e-08, 0.9469612240791321, 0.3213476538658142, -1.1175869119028903e-08, -0.32134783267974854, 0.9469613432884216),
        }},
        {Time = 0.133, Data = {
            ["LeftFoot"] = CFrame.new(8.195638656616211e-08, -1.1920928955078125e-07, -3.725290298461914e-08, 0.9828766584396362, -0.12724806368350983, -0.13327264785766602, 0.17926062643527985, 0.8277313709259033, 0.5317204594612122, 0.042653702199459076, -0.5465058088302612, 0.8363682627677917),
            ["LeftLowerArm"] = CFrame.new(-0.0004949271678924561, -0.00010102987289428711, -2.8312206268310547e-07, 1, -8.847562682490206e-09, -2.0116564769523393e-07, -5.122272828117502e-09, 1, -9.313224635931761e-10, 1.9231806902553217e-07, 0, 1),
            ["RightUpperArm"] = CFrame.new(-0.00979071855545044, -0.057144761085510254, -7.450580596923828e-08, 0.7731566429138184, -0.05364638939499855, 0.6319499611854553, 0.014617283828556538, 0.9976587295532227, 0.06680870056152344, -0.634046733379364, -0.04241617023944855, 0.772124171257019),
            ["Head"] = CFrame.new(3.725290298461914e-08, 3.5762786865234375e-07, -7.078051567077637e-08, 0.9051356315612793, 0.03808090090751648, 0.4234139323234558, 0.004521677270531654, 0.9950613379478455, -0.09915965050458908, -0.4250989258289337, 0.09166749566793442, 0.9004931449890137),
            ["LowerTorso"] = CFrame.new(-0.06072995811700821, 0.4568057060241699, -0.03793235868215561, 0.9631134867668152, 0.041395727545022964, -0.26589256525039673, -0.0374821275472641, 0.9991015791893005, 0.019778626039624214, 0.2664724290370941, -0.00908284354954958, 0.963799774646759),
            ["UpperTorso"] = CFrame.new(5.587935447692871e-09, -6.854534149169922e-07, 3.725290298461914e-09, 0.9861939549446106, 0.01736619509756565, -0.16468173265457153, -0.0035870838910341263, 0.996492862701416, 0.08360201865434647, 0.16555599868297577, -0.0818570926785469, 0.982797384262085),
            ["HumanoidRootPart"] = CFrame.new(0, 0, 0, 1, 0, 0, 0, 1, 0, 0, 0, 1),
            ["LeftUpperLeg"] = CFrame.new(0, -0.0000015106052160263062, -5.21540641784668e-08, 0.982316792011261, 0.12392579019069672, 0.140342578291893, -0.07293794304132462, 0.9436674118041992, -0.3227567970752716, -0.17243465781211853, 0.3068130910396576, 0.936019241809845),
            ["LeftUpperArm"] = CFrame.new(0.009790778160095215, -0.05714428424835205, -2.086162567138672e-07, 0.9418989419937134, -0.12265085428953171, 0.3127101957798004, 0.17910559475421906, 0.9709513783454895, -0.15866142511367798, -0.28416135907173157, 0.20545102655887604, 0.9365035891532898),
            ["RightLowerArm"] = CFrame.new(-0.000005304813385009766, 1.7881393432617188e-07, -3.427267074584961e-07, 1, -3.7252894102834944e-09, 1.9744041424019088e-07, 3.7252894102834944e-09, 1, 9.31322685637781e-10, -2.1234149016891024e-07, -1.0244545656235005e-08, 1),
            ["LeftHand"] = CFrame.new(3.2782554626464844e-07, 0.0000997781753540039, 1.6391277313232422e-07, 0.9526172876358032, 0.2724541425704956, -0.1352369636297226, -0.28078216314315796, 0.95864337682724, -0.046522773802280426, 0.11696871370077133, 0.08229056000709534, 0.9897205233573914),
            ["RightFoot"] = CFrame.new(-4.470348358154297e-08, 2.980232238769531e-07, 1.6596459317952394e-08, 0.9962002635002136, 0.06258147209882736, 0.06056894734501839, -0.0838223323225975, 0.877737820148468, 0.4717528522014618, -0.023640593513846397, -0.4750368595123291, 0.8796480298042297),
            ["RightHand"] = CFrame.new(-3.5762786865234375e-07, -3.5762786865234375e-07, 1.1920928955078125e-07, 0.9155536890029907, -0.0984850823879242, -0.3899516761302948, 0.07470038533210754, 0.9943257570266724, -0.07573774456977844, 0.3951980769634247, 0.04021243378520012, 0.9177154302597046),
            ["RightLowerLeg"] = CFrame.new(1.3317912817001343e-07, -0.0000037550926208496094, -0.00001322308526141569, 1, -1.6018749704471702e-07, -6.705523247774181e-08, 1.3038514623531228e-07, 0.8330287933349609, 0.5532294511795044, -4.610046033803883e-08, -0.5532297492027283, 0.83302903175354),
            ["RightUpperLeg"] = CFrame.new(2.980232238769531e-07, -4.335888661444187e-07, -1.287116901949048e-08, 0.9962655901908875, -0.07473590224981308, 0.04323861002922058, 0.08128495514392853, 0.9807057976722717, -0.17778955399990082, -0.029117243364453316, 0.18064014613628387, 0.9831181764602661),
            ["LeftLowerLeg"] = CFrame.new(-1.3783574104309082e-07, 0.000003516674041748047, 0.000013366341590881348, 1, -1.4901157641133977e-08, 1.1175870895385742e-08, 2.2351741790771484e-08, 0.8791252970695496, 0.4765910506248474, -1.1175870895385742e-08, -0.47659069299697876, 0.87912517786026),
        }},
        {Time = 0.167, Data = {
            ["LeftFoot"] = CFrame.new(-3.632158041000366e-08, -1.7881393432617188e-07, -1.4901161193847656e-08, 0.9835403561592102, -0.10985364019870758, -0.14345936477184296, 0.17018303275108337, 0.8299790024757385, 0.5311994552612305, 0.06071421504020691, -0.546870231628418, 0.8350129127502441),
            ["LeftLowerArm"] = CFrame.new(-0.0004948973655700684, -0.0000998377799987793, -4.079192876815796e-07, 1, -6.7520877777837995e-09, -2.1193412180764426e-07, -6.752089554140639e-09, 1, -4.656613428188905e-10, 1.8731228124124755e-07, -9.313224635931761e-10, 1),
            ["RightUpperArm"] = CFrame.new(-0.00979071855545044, -0.05714380741119385, -5.960464477539063e-08, 0.7133610844612122, -0.09458204358816147, 0.6943923234939575, 0.016198841854929924, 0.9928114414215088, 0.11858783662319183, -0.700609564781189, -0.0733475536108017, 0.7097579836845398),
            ["Head"] = CFrame.new(7.450580596923828e-09, 0, -9.313225746154785e-08, 0.9151149392127991, 0.04065239056944847, 0.40113863348960876, 0.005942462012171745, 0.9934362173080444, -0.11423376947641373, -0.4031495451927185, 0.10692078620195389, 0.9088665246963501),
            ["LowerTorso"] = CFrame.new(-0.06072554737329483, 0.5130913257598877, -0.04214897006750107, 0.9628869295120239, 0.05092664435505867, -0.26505711674690247, -0.044103555381298065, 0.9985260963439941, 0.03163406625390053, 0.2662774324417114, -0.018770070746541023, 0.9637137055397034),
            ["UpperTorso"] = CFrame.new(-3.073364496231079e-08, -1.1920928955078125e-07, 3.725290298461914e-09, 0.9900295734405518, 0.015347357839345932, -0.1400214284658432, -0.007027966435998678, 0.9981906414031982, 0.05971724912524223, 0.1406845599412918, -0.05813778564333916, 0.9883460402488708),
            ["HumanoidRootPart"] = CFrame.new(0, 0, 0, 1, 0, 0, 0, 1, 0, 0, 0, 1),
            ["LeftUpperLeg"] = CFrame.new(0, 1.6135163605213165e-07, -5.960464477539063e-08, 0.9815952777862549, 0.11541686207056046, 0.152150496840477, -0.046590276062488556, 0.9173652529716492, -0.39531055092811584, -0.18520306050777435, 0.3809463083744049, 0.9058586359024048),
            ["LeftUpperArm"] = CFrame.new(0.009790658950805664, -0.05714452266693115, -1.1920928955078125e-07, 0.9553071856498718, -0.15159450471401215, 0.2537929117679596, 0.1761530041694641, 0.9813538789749146, -0.0768982321023941, -0.23739895224571228, 0.11816772818565369, 0.9641969799995422),
            ["RightLowerArm"] = CFrame.new(-0.000005781650543212891, -3.5762786865234375e-07, -3.725290298461914e-07, 1, -3.7252894102834944e-09, 1.5646217832454568e-07, -1.8626447051417472e-09, 1, -1.4901159417490817e-08, -1.844018271413006e-07, 4.656611984898973e-09, 1),
            ["LeftHand"] = CFrame.new(2.0116567611694336e-07, 0.00009989738464355469, 1.4901161193847656e-08, 0.9674005508422852, 0.25297778844833374, -0.011773977428674698, -0.2532188594341278, 0.9669771790504456, -0.02890395000576973, 0.004073125775903463, 0.030943099409341812, 0.9995129108428955),
            ["RightFoot"] = CFrame.new(-5.774199962615967e-08, 2.384185791015625e-07, 3.149762051180005e-08, 0.9977781772613525, 0.04572345316410065, 0.048457637429237366, -0.06299079209566116, 0.8843368291854858, 0.4625808894634247, -0.0217021182179451, -0.46460503339767456, 0.8852518796920776),
            ["RightHand"] = CFrame.new(4.470348358154297e-08, -1.7881393432617188e-07, 1.1920928955078125e-07, 0.8982176780700684, -0.0981004536151886, -0.42846402525901794, 0.0905667245388031, 0.9951655268669128, -0.03799056261777878, 0.43011948466300964, -0.004680785816162825, 0.902759850025177),
            ["RightLowerLeg"] = CFrame.new(0, -0.0000035762786865234375, -0.000013297591067384928, 1, -1.6018749704471702e-07, -6.239861249923706e-08, 1.1175870895385742e-07, 0.7595824599266052, 0.6504113674163818, -4.6566128730773926e-08, -0.6504110097885132, 0.7595822811126709),
            ["RightUpperLeg"] = CFrame.new(2.980232238769531e-07, 7.223570719361305e-07, -3.149762051180005e-08, 0.9976387619972229, -0.05909956619143486, 0.034987762570381165, 0.06627357006072998, 0.9620699286460876, -0.26463064551353455, -0.018021272495388985, 0.2663244307041168, 0.9637149572372437),
            ["LeftLowerLeg"] = CFrame.new(-1.0803341865539551e-07, 0.0000035762786865234375, 0.000013396143913269043, 1, -4.0978189730367376e-08, -3.3527616238870905e-08, 3.725290298461914e-08, 0.7449825406074524, 0.6670846343040466, -2.9802322387695312e-08, -0.6670839786529541, 0.7449820041656494),
        }},
        {Time = 0.200, Data = {
            ["LeftFoot"] = CFrame.new(-9.499490261077881e-08, 5.960464477539063e-08, -1.862645149230957e-08, 0.985705554485321, -0.0948173925280571, -0.1392635554075241, 0.15373477339744568, 0.8443564176559448, 0.5132530927658081, 0.06892301142215729, -0.5273253321647644, 0.8468630909919739),
            ["LeftLowerArm"] = CFrame.new(-0.0004947781562805176, -0.00010091066360473633, -7.450580596923828e-09, 1, 1.4901155864777138e-08, -1.8766152720672835e-07, 2.7939670577126208e-09, 1, 0, 1.8393616585399286e-07, 5.587933671336032e-09, 1),
            ["RightUpperArm"] = CFrame.new(-0.009791016578674316, -0.05714404582977295, -5.960464477539063e-08, 0.666091799736023, -0.1273406445980072, 0.7349262237548828, 0.013947743922472, 0.9872726798057556, 0.15842267870903015, -0.7457394003868103, -0.0952734649181366, 0.6593828201293945),
            ["Head"] = CFrame.new(3.725290298461914e-09, -0.0000016689300537109375, -1.341104507446289e-07, 0.9256356954574585, 0.0426940955221653, 0.3759995996952057, 0.006667320150882006, 0.9916208982467651, -0.1290103942155838, -0.3783569633960724, 0.1219235509634018, 0.9175949692726135),
            ["LowerTorso"] = CFrame.new(-0.0607217475771904, 0.5615108013153076, -0.04660912603139877, 0.9626110196113586, 0.0602053627371788, -0.26411253213882446, -0.05055772885680199, 0.9977872967720032, 0.043181274086236954, 0.2661278247833252, -0.02821384184062481, 0.9635247588157654),
            ["UpperTorso"] = CFrame.new(-1.3969838619232178e-08, -2.682209014892578e-07, -1.3969838619232178e-08, 0.9935924410820007, 0.012739434838294983, -0.11230272799730301, -0.008741945959627628, 0.9993130564689636, 0.03601645678281784, 0.11268435418605804, -0.034803930670022964, 0.9930211901664734),
            ["HumanoidRootPart"] = CFrame.new(0, 0, 0, 1, 0, 0, 0, 1, 0, 0, 0, 1),
            ["LeftUpperLeg"] = CFrame.new(8.940696716308594e-08, -3.3853575587272644e-07, -5.21540641784668e-08, 0.9804378747940063, 0.09799880534410477, 0.17069828510284424, -0.015187905170023441, 0.9023222327232361, -0.4307943284511566, -0.1962423026561737, 0.4197748005390167, 0.886159360408783),
            ["LeftUpperArm"] = CFrame.new(0.009790539741516113, -0.0571441650390625, -1.341104507446289e-07, 0.9715213775634766, -0.16270899772644043, 0.17226283252239227, 0.1680847406387329, 0.9856249690055847, -0.017019346356391907, -0.16701415181159973, 0.045489370822906494, 0.9849040508270264),
            ["RightLowerArm"] = CFrame.new(-0.000005662441253662109, -2.980232238769531e-07, -5.960464477539063e-08, 1, -6.752089554140639e-09, 1.6298149319027289e-07, 1.5366820704798556e-08, 1, 4.190952473948073e-09, -1.769512749660862e-07, 1.1641533570472262e-10, 1),
            ["LeftHand"] = CFrame.new(2.9802322387695312e-08, 0.00009989738464355469, 2.2351741790771484e-08, 0.9710647463798523, 0.2287314236164093, 0.06866852194070816, -0.22677180171012878, 0.9733118414878845, -0.035195913165807724, -0.07488631457090378, 0.018605440855026245, 0.9970185160636902),
            ["RightFoot"] = CFrame.new(-1.5133991837501526e-08, 2.980232238769531e-07, 2.4047039914876223e-08, 0.9988656044006348, 0.0312422476708889, 0.03593694046139717, -0.04423249512910843, 0.8882461786270142, 0.4572337567806244, -0.01763593778014183, -0.4583042860031128, 0.8886202573776245),
            ["RightHand"] = CFrame.new(-1.341104507446289e-07, 1.1920928955078125e-07, 1.7881393432617188e-07, 0.8953031897544861, -0.06431593745946884, -0.4407899081707001, 0.05844612419605255, 0.9979282021522522, -0.026896454393863678, 0.4416065812110901, -0.001682013040408492, 0.8972072601318359),
            ["RightLowerLeg"] = CFrame.new(-7.566995918750763e-08, -0.0000037550926208496094, -0.00001328268990619108, 1, -3.684544935822487e-07, -1.755543053150177e-07, 3.2922253012657166e-07, 0.689224362373352, 0.7245477437973022, -1.787557266652584e-07, -0.7245479822158813, 0.6892246007919312),
            ["RightUpperLeg"] = CFrame.new(2.980232238769531e-07, 6.963964551687241e-07, 2.8107024263590574e-08, 0.9986220002174377, -0.048612676560878754, 0.019773809239268303, 0.05244476720690727, 0.9382946491241455, -0.34183722734451294, -0.0019358140416443348, 0.34240326285362244, 0.9395511150360107),
            ["LeftLowerLeg"] = CFrame.new(1.862645149230957e-08, 0.0000035762786865234375, 0.000013384968042373657, 1, 6.705528221573331e-08, 4.284084198502569e-08, -2.6077035641947077e-08, 0.6217630505561829, 0.7832061052322388, 2.7939680791178034e-08, -0.783205509185791, 0.621762216091156),
        }},
        {Time = 0.233, Data = {
            ["LeftFoot"] = CFrame.new(5.279434844851494e-08, 1.1920928955078125e-07, 1.1641532182693481e-07, 0.9881333112716675, -0.08124925941228867, -0.13034987449645996, 0.13593928515911102, 0.8576709032058716, 0.4959045946598053, 0.07150585949420929, -0.5077394247055054, 0.8585381507873535),
            ["LeftLowerArm"] = CFrame.new(-0.0004949271678924561, -0.00009995698928833008, -2.384185791015625e-07, 1, 0, -2.1699821672882535e-07, 7.4505797087454084e-09, 1, 8.381904947896146e-09, 2.1699813146369706e-07, 0, 1),
            ["RightUpperArm"] = CFrame.new(-0.009791016578674316, -0.0571439266204834, 0, 0.6653541922569275, -0.13930289447307587, 0.7334227561950684, 0.013665744103491306, 0.9845440983772278, 0.1746015101671219, -0.7464027404785156, -0.10614904761314392, 0.6569668650627136),
            ["Head"] = CFrame.new(-4.0978193283081055e-08, -0.0000010728836059570312, -1.564621925354004e-07, 0.935461163520813, 0.04442288726568222, 0.3506268262863159, 0.006424055900424719, 0.9897684454917908, -0.14253850281238556, -0.35337135195732117, 0.13559165596961975, 0.925604522228241),
            ["LowerTorso"] = CFrame.new(-0.060718659311532974, 0.6006920337677002, -0.051329392939805984, 0.9623172283172607, 0.06839144229888916, -0.2631886303424835, -0.05636117234826088, 0.9970027208328247, 0.053000494837760925, 0.26602452993392944, -0.036169663071632385, 0.9632874727249146),
            ["UpperTorso"] = CFrame.new(1.30385160446167e-08, -5.364418029785156e-07, -1.1175870895385742e-08, 0.996364414691925, 0.009582934901118279, -0.08465331792831421, -0.00837007351219654, 0.9998574256896973, 0.014670593664050102, 0.08478184044361115, -0.013908701948821545, 0.9963024854660034),
            ["HumanoidRootPart"] = CFrame.new(0, 0, 0, 1, 0, 0, 0, 1, 0, 0, 0, 1),
            ["LeftUpperLeg"] = CFrame.new(5.960464477539063e-08, -9.634532034397125e-07, -5.21540641784668e-08, 0.9780345559120178, 0.07730667293071747, 0.193577378988266, 0.017270665615797043, 0.8954342007637024, -0.44485872983932495, -0.20772655308246613, 0.43843045830726624, 0.8744304776191711),
            ["LeftUpperArm"] = CFrame.new(0.009790599346160889, -0.05714571475982666, -1.1920928955078125e-07, 0.9842774271965027, -0.15806697309017181, 0.07883117347955704, 0.15402303636074066, 0.9865362048149109, 0.054974138736724854, -0.0864577442407608, -0.04196793958544731, 0.9953711032867432),
            ["RightLowerArm"] = CFrame.new(-0.0000057220458984375, 9.5367431640625e-07, -3.129243850708008e-07, 1, 3.7252894102834944e-09, 1.6111884804104193e-07, -5.5879341154252415e-09, 1, 2.0489101970611046e-08, -2.272426513627579e-07, 2.3283059924494864e-09, 1),
            ["LeftHand"] = CFrame.new(4.6938657760620117e-07, 0.00009965896606445312, 8.940696716308594e-08, 0.9707807302474976, 0.21075882017612457, 0.11474137008190155, -0.20994344353675842, 0.9775234460830688, -0.019284024834632874, -0.1162266731262207, -0.005368625745177269, 0.9932082295417786),
            ["RightFoot"] = CFrame.new(-8.381903171539307e-09, 2.384185791015625e-07, 9.145878721028566e-09, 0.9994564056396484, 0.02069961652159691, 0.025659948587417603, -0.03007754310965538, 0.8912080526351929, 0.4525964558124542, -0.01349976658821106, -0.4531221091747284, 0.8913462162017822),
            ["RightHand"] = CFrame.new(-5.662441253662109e-07, 0, 5.960464477539063e-08, 0.9050924777984619, -0.018884068354964256, -0.4247952997684479, 0.008708318695425987, 0.9996270537376404, -0.02588352933526039, 0.4251256287097931, 0.01972770504653454, 0.904919445514679),
            ["RightLowerLeg"] = CFrame.new(5.21540641784668e-08, -0.000003516674041748047, -0.000013394448615144938, 1, -2.477318048477173e-07, -9.685754776000977e-08, 1.6298145055770874e-07, 0.6201333403587341, 0.7844966053962708, -6.100162863731384e-08, -0.7844964265823364, 0.6201332211494446),
            ["RightUpperLeg"] = CFrame.new(2.980232238769531e-07, -1.2759119272232056e-07, -9.145878721028566e-09, 0.9989906549453735, -0.044800400733947754, 0.003278476418927312, 0.04215649887919426, 0.9098241329193115, -0.4128473699092865, 0.015512976795434952, 0.41256895661354065, 0.9107943177223206),
            ["LeftLowerLeg"] = CFrame.new(4.842877388000488e-08, 0.000003337860107421875, 0.000013377517461776733, 1, -4.284083843231201e-07, -2.682208162241295e-07, 2.79396800806353e-07, 0.5099748373031616, 0.8601896166801453, -2.663582847617363e-07, -0.8601893186569214, 0.5099743604660034),
        }},
        {Time = 0.267, Data = {
            ["LeftFoot"] = CFrame.new(0, -1.7881393432617188e-07, -6.05359673500061e-08, 0.9901673197746277, -0.07097470015287399, -0.12054578959941864, 0.12018964439630508, 0.872555136680603, 0.47349998354911804, 0.07157620042562485, -0.48333239555358887, 0.8725059032440186),
            ["LeftLowerArm"] = CFrame.new(-0.0004949569702148438, -0.00010079145431518555, -2.9802322387695312e-08, 1, 6.053595402732981e-09, -2.0395967226249923e-07, -5.122272828117502e-09, 1, -5.355105248128211e-09, 1.629814079251446e-07, 2.3981550967278054e-08, 1),
            ["RightUpperArm"] = CFrame.new(-0.00979071855545044, -0.057144761085510254, -1.4901161193847656e-08, 0.7115474939346313, -0.13088014721870422, 0.6903483867645264, 0.0186168123036623, 0.9856657385826111, 0.16767895221710205, -0.7023914456367493, -0.10645944625139236, 0.703777551651001),
            ["Head"] = CFrame.new(1.4901161193847656e-08, -5.960464477539062e-07, -7.450580596923828e-08, 0.9435185194015503, 0.046200066804885864, 0.3280830681324005, 0.005185787100344896, 0.9880496859550476, -0.15404893457889557, -0.33127936720848083, 0.1470494270324707, 0.9320034384727478),
            ["LowerTorso"] = CFrame.new(-0.060716412961483, 0.6292688846588135, -0.05632637441158295, 0.9620494246482849, 0.07465062290430069, -0.2624656558036804, -0.06103099137544632, 0.9963502883911133, 0.05967765301465988, 0.265962690114975, -0.04139431193470955, 0.9630942344665527),
            ["UpperTorso"] = CFrame.new(-4.6566128730773926e-08, -2.9802322387695312e-08, -9.313225746154785e-09, 0.9981688261032104, 0.006049398798495531, -0.060187242925167084, -0.006170323118567467, 0.9999793767929077, -0.001823625061661005, 0.06017494946718216, 0.0021916653495281935, 0.9981855154037476),
            ["HumanoidRootPart"] = CFrame.new(0, 0, 0, 1, 0, 0, 0, 1, 0, 0, 0, 1),
            ["LeftUpperLeg"] = CFrame.new(0, -0.0000010710209608078003, -7.450580596923828e-08, 0.9746264815330505, 0.05706246569752693, 0.21644234657287598, 0.046263646334409714, 0.8947287797927856, -0.44420716166496277, -0.21900463104248047, 0.4429495632648468, 0.8693864941596985),
            ["LeftUpperArm"] = CFrame.new(0.009790480136871338, -0.0571444034576416, -1.341104507446289e-07, 0.9905202388763428, -0.13498751819133759, -0.0254769716411829, 0.13717131316661835, 0.981846272945404, 0.13100020587444305, 0.00733101787045598, -0.13325300812721252, 0.9910549521446228),
            ["RightLowerArm"] = CFrame.new(-0.000006020069122314453, -2.980232238769531e-07, -4.76837158203125e-07, 1, 5.587936335871291e-09, 1.657754324924099e-07, 1.1175869119028903e-08, 1, -6.05359762317903e-09, -1.7881390590446244e-07, -1.909211455597415e-08, 1),
            ["LeftHand"] = CFrame.new(-3.725290298461914e-08, 0.00010025501251220703, 2.980232238769531e-07, 0.9685565829277039, 0.18582040071487427, 0.16543571650981903, -0.18769042193889618, 0.9822183847427368, -0.0043973298743367195, -0.16331113874912262, -0.026791613548994064, 0.9862107634544373),
            ["RightFoot"] = CFrame.new(-8.195638656616211e-08, 1.1920928955078125e-07, -3.55576048605144e-08, 0.9997754096984863, 0.012761828489601612, 0.01692470908164978, -0.0189807191491127, 0.8944472670555115, 0.446770578622818, -0.009436449036002159, -0.44699153304100037, 0.894488513469696),
            ["RightHand"] = CFrame.new(3.725290298461914e-08, 1.7881393432617188e-07, 1.4901161193847656e-08, 0.9149481654167175, 0.01212090253829956, -0.4033895432949066, -0.028314415365457535, 0.9990137219429016, -0.03420333191752434, 0.40257707238197327, 0.042716000229120255, 0.9143889546394348),
