return {
    ["Jump Around"] = {
        {Time = 0.000, Data = {
            ["RightFoot"] = CFrame.new(1.0943040251731873e-08, 2.980232238769531e-07, -5.418405635282397e-08, 0.996320903301239, 0.0026115234941244125, 0.08566217869520187, 0.05365147069096565, 0.7604343891143799, -0.6471943855285645, -0.06683056801557541, 0.6494095921516418, 0.7574968338012695),
            ["LeftLowerArm"] = CFrame.new(-2.9802322387695312e-08, -3.5762786865234375e-07, 2.2724270820617676e-07, 1, -7.392374357095832e-08, 3.7252894102834944e-09, 9.685754776000977e-08, 0.5746352076530457, -0.81840980052948, 5.587935447692871e-08, 0.8184097409248352, 0.5746350288391113),
            ["RightUpperArm"] = CFrame.new(0, 0, 1.4901161193847656e-08, -0.41588494181632996, -0.7192466855049133, 0.5565286874771118, 0.5116254687309265, -0.6909772753715515, -0.5106759071350098, 0.7518506050109863, 0.07235173135995865, 0.6553517580032349),
            ["Head"] = CFrame.new(5.587935447692871e-09, 0, 1.816079020500183e-08, 0.9934932589530945, -0.06891165673732758, -0.0906774178147316, 0.029304374009370804, 0.9240415096282959, -0.38116753101348877, 0.11005646735429764, 0.3760301470756531, 0.9200484156608582),
            ["RightHand"] = CFrame.new(1.341104507446289e-07, -1.7881393432617188e-07, 7.450580596923828e-08, 0.5656836032867432, 0.8059750199317932, -0.17437312006950378, -0.7839673757553101, 0.5912103652954102, 0.18938268721103668, 0.2557290494441986, 0.029572248458862305, 0.9662961363792419),
            ["UpperTorso"] = CFrame.new(-3.91155481338501e-08, 2.9802322387695312e-08, -2.7008354663848877e-08, 0.9969232678413391, -0.07791037112474442, 0.008606207557022572, 0.07695617526769638, 0.993705689907074, 0.08140477538108826, -0.014894310384988785, -0.08049199730157852, 0.9966439604759216),
            ["HumanoidRootPart"] = CFrame.new(0, 0, 0, 1, 0, 0, 0, 1, 0, 0, 0, 1),
            ["RightUpperLeg"] = CFrame.new(-2.9802322387695312e-08, 5.774199962615967e-08, -4.639878170564771e-08, 0.9901225566864014, -0.11477197706699371, -0.08052804321050644, 0.07155104726552963, 0.9075700044631958, -0.4137600362300873, 0.12057287991046906, 0.4039110839366913, 0.9068173766136169),
            ["LeftUpperArm"] = CFrame.new(0, 1.1920928955078125e-07, 2.9802322387695312e-08, -0.1068163588643074, 0.8274574875831604, -0.5512752532958984, -0.43145865201950073, -0.5380995273590088, -0.7240804433822632, -0.8957866430282593, 0.16050855815410614, 0.41449153423309326),
            ["RightLowerArm"] = CFrame.new(0, -2.384185791015625e-07, 8.940696716308594e-08, 1, -9.604264050722122e-08, 4.470348358154297e-08, 8.568166975919667e-08, 0.5577692985534668, -0.8299960494041443, 4.470347647611561e-08, 0.8299961090087891, 0.5577692985534668),
            ["LeftHand"] = CFrame.new(4.470348358154297e-07, 4.76837158203125e-07, -1.3923272490501404e-07, 0.7799537181854248, -0.6197161674499512, 0.08731667697429657, 0.6187609434127808, 0.7845140695571899, 0.040897537022829056, -0.09384581446647644, 0.02212984673678875, 0.9953408241271973),
            ["LeftFoot"] = CFrame.new(3.5390257835388184e-08, 0, -4.470348358154297e-08, 0.9731316566467285, -0.04121433198451996, -0.22653087973594666, -0.10252009332180023, 0.8033831715583801, -0.5865707397460938, 0.20616620779037476, 0.5940344333648682, 0.7775722742080688),
            ["LowerTorso"] = CFrame.new(-0.12059096992015839, -0.2444772720336914, 0.11753159761428833, 0.991488516330719, 0.08819761127233505, -0.09576946496963501, -0.08639675378799438, 0.9959999918937683, 0.02279837802052498, 0.09739712625741959, -0.01433015801012516, 0.9951424598693848),
            ["RightLowerLeg"] = CFrame.new(3.166496753692627e-08, -0.00006014108657836914, -0.00007209012255771086, 1, -1.0710208186992531e-07, -1.080334541825323e-07, 1.3038514623531228e-07, 0.4593800902366638, 0.8882396221160889, -7.916241173688832e-08, -0.8882397413253784, 0.459380567073822),
            ["LeftUpperLeg"] = CFrame.new(0, -6.05359673500061e-09, -1.1175870895385742e-08, 0.9028366208076477, 0.07180020958185196, 0.4239466190338135, 0.03250504657626152, 0.9717416167259216, -0.23379835486412048, -0.4287533760070801, 0.22486212849617004, 0.8749900460243225),
            ["LeftLowerLeg"] = CFrame.new(-7.450580596923828e-09, 0.000060617923736572266, 0.00007210671901702881, 1, 1.0058283805847168e-07, 4.0978193283081055e-08, -5.5879347371501353e-08, 0.6398398280143738, 0.7685083746910095, 4.9360089349193004e-08, -0.76850825548172, 0.639839768409729),
        }},
        {Time = 0.033, Data = {
            ["RightFoot"] = CFrame.new(-5.587935447692871e-09, 3.5762786865234375e-07, -1.3205863069742918e-08, 0.99610435962677, -0.004648948088288307, 0.08806062489748001, 0.057308562099933624, 0.7931070327758789, -0.6063799262046814, -0.06702250242233276, 0.6090646386146545, 0.7902839779853821),
            ["LeftLowerArm"] = CFrame.new(-5.662441253662109e-07, -6.556510925292969e-07, -6.854534149169922e-07, 1, -5.4526935855392367e-08, 1.280568540096283e-09, 5.8440498662548634e-08, 0.5961036086082458, -0.8029077053070068, 1.4388935198894615e-07, 0.8029075860977173, 0.5961034297943115),
            ["RightUpperArm"] = CFrame.new(0, -3.5762786865234375e-07, 1.1175870895385742e-08, -0.4013857841491699, -0.7379248738288879, 0.5425464510917664, 0.5458588600158691, -0.6683955788612366, -0.5052576661109924, 0.7354778051376343, 0.09335049241781235, 0.6710872054100037),
            ["Head"] = CFrame.new(9.313225746154785e-09, -2.384185791015625e-07, 7.450580596923828e-09, 0.9927980303764343, -0.06860387325286865, -0.09821254014968872, 0.028170892968773842, 0.9305007457733154, -0.36520490050315857, 0.11644121259450912, 0.359808087348938, 0.9257320165634155),
            ["RightHand"] = CFrame.new(2.2351741790771484e-07, 0, -1.341104507446289e-07, 0.5774596929550171, 0.7945901155471802, -0.1875283569097519, -0.7731602787971497, 0.6060172319412231, 0.18699263036251068, 0.2622281312942505, 0.03700882941484451, 0.9642960429191589),
            ["UpperTorso"] = CFrame.new(2.8870999813079834e-08, -8.940696716308594e-08, 8.847564458847046e-09, 0.9964994788169861, -0.0835583284497261, 0.0026158858090639114, 0.08286885172128677, 0.9914363622665405, 0.10092945396900177, -0.011026977561414242, -0.10035936534404755, 0.9948901534080505),
            ["HumanoidRootPart"] = CFrame.new(0, 0, 0, 1, 0, 0, 0, 1, 0, 0, 0, 1),
            ["RightUpperLeg"] = CFrame.new(0, -2.491287887096405e-08, -2.4047039914876223e-08, 0.9876452684402466, -0.12284062802791595, -0.09729920327663422, 0.07714047282934189, 0.9215719699859619, -0.3804662823677063, 0.13640497624874115, 0.36825990676879883, 0.9196619987487793),
            ["LeftUpperArm"] = CFrame.new(5.960464477539063e-08, -5.960464477539062e-07, -1.4901161193847656e-08, -0.05333853140473366, 0.8264045119285583, -0.5605449676513672, -0.44561514258384705, -0.5220497846603394, -0.727249026298523, -0.8936343193054199, 0.2109965831041336, 0.3961036801338196),
            ["RightLowerArm"] = CFrame.new(1.1920928955078125e-07, -2.980232238769531e-07, 1.7881393432617188e-07, 1, -7.54371214384264e-08, 0, 8.195639367158947e-08, 0.562527596950531, -0.8267784714698792, 4.4703490686970326e-08, 0.8267784714698792, 0.5625277161598206),
            ["LeftHand"] = CFrame.new(2.2118911147117615e-07, -1.1920928955078125e-07, 6.682239472866058e-08, 0.7571498155593872, -0.6471804976463318, 0.08878186345100403, 0.6467969417572021, 0.7617673873901367, 0.0369303897023201, -0.09153159707784653, 0.029462020844221115, 0.9953662157058716),
            ["LeftFoot"] = CFrame.new(8.940696716308594e-08, 5.960464477539063e-08, 0, 0.9731404781341553, -0.02873046137392521, -0.22841279208660126, -0.10113458335399628, 0.8379595875740051, -0.5362794399261475, 0.20680810511112213, 0.5449755787849426, 0.8125466704368591),
            ["LowerTorso"] = CFrame.new(-0.11538290232419968, -0.2303478717803955, 0.10123314708471298, 0.992767333984375, 0.08729153126478195, -0.08242122083902359, -0.08848835527896881, 0.9960168600082397, -0.010974668897688389, 0.08113493025302887, 0.018188612535595894, 0.9965371489524841),
            ["RightLowerLeg"] = CFrame.new(-2.0489096641540527e-08, -0.00006026029586791992, -0.00007219443068606779, 1, -1.3504175910838967e-07, -8.56816981809061e-08, 1.247972107876194e-07, 0.4507997930049896, 0.8926249146461487, -9.126959810146218e-08, -0.8926251530647278, 0.45080024003982544),
            ["LeftUpperLeg"] = CFrame.new(8.940696716308594e-08, -5.133915692567825e-08, -1.862645149230957e-09, 0.9100107550621033, 0.07317210733890533, 0.4080762565135956, 0.017971301451325417, 0.9764142036437988, -0.2151566445827484, -0.41419485211372375, 0.20312850177288055, 0.8872325420379639),
            ["LeftLowerLeg"] = CFrame.new(1.862645149230957e-08, 0.00006097555160522461, 0.00007208436727523804, 1, 2.60770320892334e-08, 8.568167686462402e-08, -4.470348358154297e-08, 0.627808153629303, 0.7783682942390442, 3.259629011154175e-08, -0.7783681750297546, 0.6278079748153687),
        }},
        {Time = 0.067, Data = {
            ["RightFoot"] = CFrame.new(2.2351741790771484e-08, 3.5762786865234375e-07, 5.012407200410962e-08, 0.995657742023468, -0.02029184065759182, 0.09085173159837723, 0.055423300713300705, 0.9133451581001282, -0.4033963680267334, -0.07479323446750641, 0.40668028593063354, 0.9105039238929749),
            ["LeftLowerArm"] = CFrame.new(-5.960464477539063e-08, 0, 4.842877388000488e-07, 1, -9.778887033462524e-09, 1.1175870895385742e-07, 1.303851746570217e-07, 0.6094822287559509, -0.7927998304367065, 1.4901162970204496e-08, 0.792799711227417, 0.6094821095466614),
            ["RightUpperArm"] = CFrame.new(0, -3.5762786865234375e-07, -1.4901161193847656e-08, -0.3681001365184784, -0.7642861008644104, 0.5294989347457886, 0.6082490086555481, -0.6286641955375671, -0.48457664251327515, 0.7032322287559509, 0.14369450509548187, 0.6962875723838806),
            ["Head"] = CFrame.new(7.363269105553627e-09, -2.384185791015625e-07, -3.4924596548080444e-09, 0.9917779564857483, -0.07138059288263321, -0.106214240193367, 0.03346867486834526, 0.9457772970199585, -0.3230866491794586, 0.12351708114147186, 0.31687548756599426, 0.9403901100158691),
            ["RightHand"] = CFrame.new(-3.2782554626464844e-07, 5.960464477539063e-08, -2.4586915969848633e-07, 0.6082466840744019, 0.7648378610610962, -0.21227076649665833, -0.739983320236206, 0.6431434154510498, 0.19695541262626648, 0.28715962171554565, 0.03727941960096359, 0.9571571350097656),
            ["UpperTorso"] = CFrame.new(6.51925802230835e-09, 0, -4.307366907596588e-09, 0.9970470666885376, -0.07671654224395752, 0.0034434024710208178, 0.07611376792192459, 0.9931779503822327, 0.0883423238992691, -0.010197223164141178, -0.08781936019659042, 0.9960843324661255),
            ["HumanoidRootPart"] = CFrame.new(0, 0, 0, 1, 0, 0, 0, 1, 0, 0, 0, 1),
            ["RightUpperLeg"] = CFrame.new(0, 2.60770320892334e-08, -1.8575519789010286e-08, 0.9851669669151306, -0.10874389111995697, -0.13274382054805756, 0.07066894322633743, 0.9620332717895508, -0.26362454891204834, 0.1563715636730194, 0.2503332495689392, 0.9554481506347656),
            ["LeftUpperArm"] = CFrame.new(0, -2.384185791015625e-07, -3.725290298461914e-09, 0.017162926495075226, 0.8254309892654419, -0.5642421841621399, -0.48899275064468384, -0.4853019118309021, -0.724822998046875, -0.8721190690994263, 0.2883501946926117, 0.39530065655708313),
            ["RightLowerArm"] = CFrame.new(2.384185791015625e-07, 4.172325134277344e-07, -8.940696716308594e-08, 1, -1.545995047536053e-07, 1.1920930376163597e-07, 8.195637946073475e-08, 0.5739138126373291, -0.8189157843589783, 2.9802318834981634e-08, 0.8189157843589783, 0.5739138722419739),
            ["LeftHand"] = CFrame.new(-1.862645149230957e-07, -5.960464477539063e-08, 5.494803190231323e-08, 0.7438823580741882, -0.6619217395782471, 0.09219084680080414, 0.6620449423789978, 0.7487080693244934, 0.03365354239940643, -0.0912998840212822, 0.03600015491247177, 0.9951725006103516),
            ["LeftFoot"] = CFrame.new(-3.3527612686157227e-08, -5.960464477539063e-08, -2.9802322387695312e-08, 0.9729783535003662, 0.0038558579981327057, -0.2308644950389862, -0.07861840724945068, 0.9456487894058228, -0.3155435621738434, 0.2170998454093933, 0.325167179107666, 0.9203988313674927),
            ["LowerTorso"] = CFrame.new(-0.10770025104284286, -0.11605095863342285, 0.06597422063350677, 0.9949996471405029, 0.07462289184331894, -0.06638672947883606, -0.07724347710609436, 0.9962946176528931, -0.03782175853848457, 0.06331836432218552, 0.04276057332754135, 0.9970769882202148),
            ["RightLowerLeg"] = CFrame.new(1.6763806343078613e-08, -0.000060558319091796875, -0.00007203051791293547, 1, -1.0710211029163474e-07, -4.703180778165006e-08, 1.1175872316471214e-07, 0.6064161658287048, 0.7951472401618958, -9.755605390182609e-08, -0.7951474189758301, 0.6064165234565735),
            ["LeftUpperLeg"] = CFrame.new(-5.960464477539063e-08, 5.459878593683243e-08, -1.979060471057892e-09, 0.9175563454627991, 0.048878468573093414, 0.3945901095867157, -0.0043443916365504265, 0.993588387966156, -0.11297504603862762, -0.39758217334747314, 0.10194674879312515, 0.9118856191635132),
            ["LeftLowerLeg"] = CFrame.new(-8.754432201385498e-08, 0.000060439109802246094, 0.00007205456495285034, 1, 4.8428766774577525e-08, 2.2351738238057806e-08, -4.4703490686970326e-08, 0.7595508098602295, 0.6504480242729187, 6.426126475389538e-08, -0.6504480242729187, 0.7595508098602295),
        }},
        {Time = 0.100, Data = {
            ["RightFoot"] = CFrame.new(-2.9336661100387573e-08, 2.980232238769531e-07, -1.3205863069742918e-08, 0.9954015016555786, -0.044347867369651794, 0.08490751683712006, 0.04784373939037323, 0.9980700016021729, -0.03959042951464653, -0.08298793435096741, 0.04347100108861923, 0.995602011680603),
            ["LeftLowerArm"] = CFrame.new(5.662441253662109e-07, 4.172325134277344e-07, 4.0978193283081055e-08, 1, -2.0489098417897367e-08, 3.725290653733282e-08, 1.1175873737556685e-07, 0.6234387755393982, -0.7818723320960999, 4.4703494239684005e-08, 0.7818721532821655, 0.6234385967254639),
            ["RightUpperArm"] = CFrame.new(-5.960464477539063e-08, 0, 0, -0.33728381991386414, -0.7772029042243958, 0.5312206745147705, 0.6323837041854858, -0.6050633788108826, -0.48372411727905273, 0.6973739862442017, 0.17278288304805756, 0.6955685019493103),
            ["Head"] = CFrame.new(9.313225746154785e-10, 0, -1.1641532182693481e-09, 0.9911095499992371, -0.0807444304227829, -0.10574603825807571, 0.04649331048130989, 0.9548741579055786, -0.29334917664527893, 0.12466035038232803, 0.2858247756958008, 0.9501389265060425),
            ["RightHand"] = CFrame.new(-1.4901161193847656e-07, 0, 1.564621925354004e-07, 0.6639953255653381, 0.7151210308074951, -0.21843025088310242, -0.6887186765670776, 0.6986611485481262, 0.19375154376029968, 0.2911646068096161, 0.02178683504462242, 0.9564250111579895),
            ["UpperTorso"] = CFrame.new(-1.792795956134796e-08, 0, -6.51925802230835e-09, 0.9981443285942078, -0.05997835099697113, 0.010520519688725471, 0.05918557941913605, 0.9961889386177063, 0.06406795978546143, -0.014323129318654537, -0.0633263885974884, 0.9978901147842407),
            ["HumanoidRootPart"] = CFrame.new(0, 0, 0, 1, 0, 0, 0, 1, 0, 0, 0, 1),
            ["RightUpperLeg"] = CFrame.new(0, -7.194466888904572e-08, 1.1343217920511961e-08, 0.9848504662513733, -0.09093213826417923, -0.1476518213748932, 0.0601891353726387, 0.9777987599372864, -0.2007160633802414, 0.16262535750865936, 0.18878807127475739, 0.9684585928916931),
            ["LeftUpperArm"] = CFrame.new(5.960464477539063e-08, 1.1920928955078125e-07, -5.587935447692871e-09, 0.07033094763755798, 0.8292750120162964, -0.554397702217102, -0.5259688496589661, -0.4414094090461731, -0.7269901037216187, -0.8475909233093262, 0.34272557497024536, 0.4051280915737152),
            ["RightLowerArm"] = CFrame.new(6.556510925292969e-07, 5.960464477539063e-08, 1.1920928955078125e-07, 1, -1.7881393432617188e-07, 8.940698137394065e-08, 2.2351736461700966e-08, 0.5845768451690674, -0.8113384246826172, 2.9802315282267955e-08, 0.8113384246826172, 0.5845769047737122),
            ["LeftHand"] = CFrame.new(-1.7881393432617188e-07, -3.5762786865234375e-07, -1.8998980522155762e-07, 0.7223847508430481, -0.6851195693016052, 0.09365799278020859, 0.685415506362915, 0.7273544073104858, 0.03407244011759758, -0.09146612137556076, 0.03958120569586754, 0.9950212836265564),
            ["LeftFoot"] = CFrame.new(4.0978193283081055e-08, -5.960464477539063e-08, 2.9802322387695312e-08, 0.9655685424804688, 0.07844506204128265, -0.248040109872818, -0.06672195345163345, 0.9962360858917236, 0.05533486604690552, 0.25144731998443604, -0.03687979280948639, 0.9671681523323059),
            ["LowerTorso"] = CFrame.new(-0.1057434156537056, 0.042742252349853516, 0.030986495316028595, 0.9963467717170715, 0.06047343462705612, -0.06030027195811272, -0.06316373497247696, 0.9970436692237854, -0.04375400394201279, 0.05747604742646217, 0.04740295931696892, 0.9972209334373474),
            ["RightLowerLeg"] = CFrame.new(2.60770320892334e-08, -0.00006014108657836914, -0.0000721348260412924, 1, -1.005828522693264e-07, -2.7474023056583974e-08, 9.778887033462524e-08, 0.7378659248352051, 0.6749470233917236, -2.421438694000244e-08, -0.6749473214149475, 0.7378663420677185),
            ["LeftUpperLeg"] = CFrame.new(-1.1920928955078125e-07, 6.730988388881087e-08, 1.5133991837501526e-08, 0.9075425267219543, 0.03993464633822441, 0.4180571138858795, -0.017991313710808754, 0.998251736164093, -0.05630086362361908, -0.4195745289325714, 0.043573975563049316, 0.9066744446754456),
            ["LeftLowerLeg"] = CFrame.new(-3.725290298461914e-08, 0.000060498714447021484, 0.00007217377424240112, 1, 7.450581307466564e-08, 9.499491682163352e-08, -3.352760913344355e-08, 0.8632270097732544, 0.5048161149024963, 6.23986053938097e-08, -0.5048161745071411, 0.8632270097732544),
        }},
        {Time = 0.133, Data = {
            ["RightFoot"] = CFrame.new(-2.60770320892334e-08, 2.384185791015625e-07, -8.77116690389812e-08, 0.9816723465919495, 0.09722034633159637, 0.16391344368457794, -0.13977916538715363, 0.9519436955451965, 0.2725161910057068, -0.1295422911643982, -0.29043346643447876, 0.948086142539978),
            ["LeftLowerArm"] = CFrame.new(-2.980232238769531e-07, -2.384185791015625e-07, -2.1979212760925293e-07, 1, -1.5739352932087058e-07, 5.0291429687376876e-08, 5.21540641784668e-08, 0.6385671496391296, -0.7695662975311279, 2.9802322387695312e-08, 0.7695662379264832, 0.6385670304298401),
            ["RightUpperArm"] = CFrame.new(0, 0, -3.725290298461914e-09, -0.31444841623306274, -0.7788992524147034, 0.5426216125488281, 0.6193760633468628, -0.6015236973762512, -0.5045220255851746, 0.7193716168403625, 0.1774406135082245, 0.6715796589851379),
            ["Head"] = CFrame.new(-1.658918336033821e-08, 5.960464477539062e-07, -4.656612873077393e-10, 0.9917098879814148, -0.08729765564203262, -0.0942901149392128, 0.056144870817661285, 0.9544228911399841, -0.29312941431999207, 0.11558203399181366, 0.2854054570198059, 0.9514118432998657),
            ["RightHand"] = CFrame.new(1.4901161193847656e-07, -5.960464477539063e-08, -1.1175870895385742e-08, 0.7119449377059937, 0.6702842712402344, -0.20941197872161865, -0.641234815120697, 0.7420893907546997, 0.19524681568145752, 0.28627344965934753, -0.004722530022263527, 0.9581363797187805),
            ["UpperTorso"] = CFrame.new(-2.6193447411060333e-08, 2.086162567138672e-07, 4.6566128730773926e-09, 0.9989397525787354, -0.04244699701666832, 0.01782415620982647, 0.04170660674571991, 0.9983274340629578, 0.04003608971834183, -0.01949376054108143, -0.03925025835633278, 0.9990392923355103),
            ["HumanoidRootPart"] = CFrame.new(0, 0, 0, 1, 0, 0, 0, 1, 0, 0, 0, 1),
            ["RightUpperLeg"] = CFrame.new(-2.9802322387695312e-08, 1.5937257558107376e-07, 5.75528247281909e-09, 0.980739176273346, -0.085745669901371, -0.17549452185630798, 0.0765853151679039, 0.9953552484512329, -0.058333173394203186, 0.17968116700649261, 0.043769244104623795, 0.9827507138252258),
            ["LeftUpperArm"] = CFrame.new(5.960464477539063e-08, 1.1920928955078125e-07, -5.587935447692871e-09, 0.05586643144488335, 0.8416007161140442, -0.5372031927108765, -0.5651495456695557, -0.41689857840538025, -0.7119000554084778, -0.8230947852134705, 0.3433711528778076, 0.45233961939811707),
            ["RightLowerArm"] = CFrame.new(-4.172325134277344e-07, 5.960464477539063e-08, -1.341104507446289e-07, 1, 9.313225746154785e-09, 4.4703490686970326e-08, 1.788139627478813e-07, 0.5876103043556213, -0.8091440796852112, -4.4703490686970326e-08, 0.8091440796852112, 0.5876104235649109),
            ["LeftHand"] = CFrame.new(-2.086162567138672e-07, -6.556510925292969e-07, -2.7939677238464355e-08, 0.7012301087379456, -0.7065557837486267, 0.09515930712223053, 0.7072201371192932, 0.7062512636184692, 0.03238600492477417, -0.09008877724409103, 0.04458848014473915, 0.994935154914856),
            ["LeftFoot"] = CFrame.new(-7.450580596923828e-09, -5.960464477539063e-08, -2.0489096641540527e-08, 0.9515364766120911, -0.0024218966718763113, -0.3075265884399414, 0.1372537761926651, 0.8981994986534119, 0.4176110625267029, 0.27520886063575745, -0.43958142399787903, 0.8550020456314087),
            ["LowerTorso"] = CFrame.new(-0.10595033317804337, 0.1890406608581543, 0.015382301062345505, 0.9966124892234802, 0.04881253466010094, -0.06618882715702057, -0.050840992480516434, 0.99827641248703, -0.029316047206521034, 0.06464376300573349, 0.03258184343576431, 0.9973763823509216),
            ["RightLowerLeg"] = CFrame.new(2.7474015951156616e-08, -0.00006020069122314453, -0.00007207335875136778, 1, -7.63684582238966e-08, -1.25728565336658e-08, 4.8428766774577525e-08, 0.9281915426254272, 0.3721025884151459, -1.8742865037779666e-08, -0.372102826833725, 0.9281916618347168),
            ["LeftUpperLeg"] = CFrame.new(-5.960464477539063e-08, 4.5815249904990196e-07, 1.30385160446167e-08, 0.8822394013404846, -0.04478791728615761, 0.4686659872531891, -0.043783169239759445, 0.9833457469940186, 0.17639267444610596, -0.4687608778476715, -0.1761401742696762, 0.8655853271484375),
            ["LeftLowerLeg"] = CFrame.new(3.725290298461914e-08, 0.000060617923736572266, 0.00007205735892057419, 1, -1.862645504502325e-08, -2.2351747119842003e-08, -1.4901161193847656e-08, 0.9999831318855286, 0.0058256578631699085, 5.21540641784668e-08, -0.005825643893331289, 0.9999830722808838),
        }},
        {Time = 0.167, Data = {
            ["RightFoot"] = CFrame.new(5.587935447692871e-09, 1.7881393432617188e-07, 4.639878170564771e-08, 0.9738497734069824, 0.12820939719676971, 0.18756137788295746, -0.1759507954120636, 0.9478821158409119, 0.2656327784061432, -0.14372940361499786, -0.29168805480003357, 0.9456532597541809),
            ["LeftLowerArm"] = CFrame.new(2.9802322387695312e-08, -1.7881393432617188e-07, 2.0489096641540527e-07, 1, 1.0139775952211494e-07, 8.917415783571414e-08, 1.541338860988617e-07, 0.6453697085380554, -0.7638704776763916, 3.608874976634979e-08, 0.7638704776763916, 0.6453696489334106),
            ["RightUpperArm"] = CFrame.new(0, 1.1920928955078125e-07, -3.026798367500305e-09, -0.2939557135105133, -0.7734498977661133, 0.5615740418434143, 0.5988104343414307, -0.6069625020027161, -0.5225156545639038, 0.744994044303894, 0.18268004059791565, 0.641569972038269),
            ["Head"] = CFrame.new(1.0069925338029861e-08, 0, 3.4924596548080444e-10, 0.9933581352233887, -0.08444787561893463, -0.07815482467412949, 0.05740777403116226, 0.952393651008606, -0.2994171679019928, 0.09971922636032104, 0.2929419279098511, 0.9509159922599792),
            ["RightHand"] = CFrame.new(5.811452865600586e-07, 2.384185791015625e-07, -1.9371509552001953e-07, 0.7633246183395386, 0.6146731376647949, -0.19877742230892181, -0.5842231512069702, 0.7881442904472351, 0.19368016719818115, 0.2757154703140259, -0.03171030059456825, 0.960716187953949),
            ["UpperTorso"] = CFrame.new(2.6193447411060333e-08, -2.980232238769531e-07, 4.190951585769653e-09, 0.9991948008537292, -0.030131319537758827, 0.02649328112602234, 0.02979220822453499, 0.9994702935218811, 0.013103179633617401, -0.026874054223299026, -0.012303322553634644, 0.9995631575584412),
            ["HumanoidRootPart"] = CFrame.new(0, 0, 0, 1, 0, 0, 0, 1, 0, 0, 0, 1),
            ["RightUpperLeg"] = CFrame.new(5.960464477539063e-08, -4.434259608387947e-07, 5.75528247281909e-09, 0.9711675047874451, -0.10239899903535843, -0.21528613567352295, 0.09215991944074631, 0.9941057562828064, -0.05709948390722275, 0.21986420452594757, 0.03561228886246681, 0.9748803377151489),
            ["LeftUpperArm"] = CFrame.new(-1.1920928955078125e-07, -1.1920928955078125e-07, 6.984919309616089e-10, -0.04057851806282997, 0.8561216592788696, -0.5151786208152771, -0.6221974492073059, -0.42508623003959656, -0.6573981046676636, -0.7818080186843872, 0.2938663363456726, 0.5499261021614075),
            ["RightLowerArm"] = CFrame.new(5.960464477539063e-08, -5.960464477539063e-08, -2.5331974029541016e-07, 1, -1.0989603538291703e-07, -2.2351747119842003e-08, 4.470347647611561e-08, 0.5717570185661316, -0.8204230070114136, 1.4901159417490817e-08, 0.8204230070114136, 0.5717570185661316),
            ["LeftHand"] = CFrame.new(-3.585591912269592e-08, 1.7881393432617188e-07, 7.450580596923828e-08, 0.6809780597686768, -0.7259637713432312, 0.09615365415811539, 0.7271129488945007, 0.6859031319618225, 0.029046356678009033, -0.08703857660293579, 0.050134532153606415, 0.9949426054954529),
            ["LeftFoot"] = CFrame.new(-1.4901161193847656e-08, -5.960464477539063e-08, 3.725290298461914e-08, 0.942511260509491, -0.06953113526105881, -0.32686054706573486, 0.19695132970809937, 0.9057636260986328, 0.37523677945137024, 0.26996779441833496, -0.41804054379463196, 0.8673866391181946),
            ["LowerTorso"] = CFrame.new(-0.10615723580121994, 0.313753604888916, 0.003276691772043705, 0.9953676462173462, 0.04327339679002762, -0.08585283160209656, -0.044480737298727036, 0.9989357590675354, -0.012199600227177143, 0.08523353934288025, 0.01596188172698021, 0.9962332248687744),
            ["RightLowerLeg"] = CFrame.new(-2.0721927285194397e-08, -0.00006026029586791992, -0.00007207522139651701, 1, -5.2154071283894154e-08, -1.862645371275562e-09, 4.097820394122209e-08, 0.9418513774871826, 0.33602988719940186, -2.6309869838314626e-08, -0.3360300064086914, 0.9418513774871826),
            ["LeftUpperLeg"] = CFrame.new(0, -2.2660242393612862e-07, 1.862645149230957e-09, 0.8416746854782104, -0.03588093817234039, 0.5387913584709167, -0.06940606981515884, 0.9823248982429504, 0.17384099960327148, -0.5355058312416077, -0.18371301889419556, 0.8243076801300049),
            ["LeftLowerLeg"] = CFrame.new(-7.82310962677002e-08, 0.000060558319091796875, 0.00007209926843643188, 1, 9.313226634333205e-09, 2.514570596190424e-08, -3.7252898543727042e-09, 0.999983012676239, 0.005835550371557474, 9.313224635931761e-10, -0.0058356220833957195, 0.9999829530715942),
        }},
        {Time = 0.200, Data = {
            ["RightFoot"] = CFrame.new(-6.705522537231445e-08, 2.384185791015625e-07, 3.149762051180005e-08, 0.9679258465766907, 0.15602019429206848, 0.19691994786262512, -0.19897109270095825, 0.9546060562133789, 0.22167101502418518, -0.15339577198028564, -0.25374218821525574, 0.955031156539917),
            ["LeftLowerArm"] = CFrame.new(-1.4901161193847656e-07, -1.7881393432617188e-07, 5.885958671569824e-07, 1, -8.195639367158947e-08, 4.6566135836201283e-08, 5.960463766996327e-08, 0.6414322257041931, -0.7671797275543213, 2.9802318834981634e-08, 0.7671797275543213, 0.6414321660995483),
            ["RightUpperArm"] = CFrame.new(0, 2.384185791015625e-07, 6.51925802230835e-09, -0.25535252690315247, -0.7707201242446899, 0.5837687849998474, 0.5612409710884094, -0.6098043918609619, -0.5595953464508057, 0.7872762084007263, 0.18474081158638, 0.5882747173309326),
            ["Head"] = CFrame.new(-3.4924596548080444e-10, 1.1920928955078125e-07, 9.313225746154785e-10, 0.9947708249092102, -0.07389510422945023, -0.07050324976444244, 0.04890432208776474, 0.9506558775901794, -0.3063685894012451, 0.08966336399316788, 0.3013187050819397, 0.9492985606193542),
            ["RightHand"] = CFrame.new(4.3213367462158203e-07, -1.7881393432617188e-07, -4.6566128730773926e-08, 0.7654692530632019, 0.6119333505630493, -0.19898337125778198, -0.580292284488678, 0.790103554725647, 0.19747762382030487, 0.2780607342720032, -0.03569449856877327, 0.9599000811576843),
            ["UpperTorso"] = CFrame.new(-5.340552888810635e-09, -3.2782554626464844e-07, 1.1641532182693481e-09, 0.9990707635879517, -0.029508721083402634, 0.031414784491062164, 0.029496606439352036, 0.999564528465271, 0.0008490628097206354, -0.03142614662647247, 0.00007836192526156083, 0.9995061159133911),
            ["HumanoidRootPart"] = CFrame.new(0, 0, 0, 1, 0, 0, 0, 1, 0, 0, 0, 1),
            ["RightUpperLeg"] = CFrame.new(-2.9802322387695312e-08, -1.8568243831396103e-07, -4.489265847951174e-09, 0.9664233326911926, -0.11633187532424927, -0.2291131317615509, 0.10646864026784897, 0.9927941560745239, -0.05499396473169327, 0.2338598072528839, 0.02875392511487007, 0.9718450903892517),
            ["LeftUpperArm"] = CFrame.new(5.960464477539063e-08, -1.1920928955078125e-07, -8.381903171539307e-09, -0.17850981652736664, 0.8707036375999451, -0.45826801657676697, -0.671723484992981, -0.44816890358924866, -0.5898578763008118, -0.7189728021621704, 0.20253361761569977, 0.6648745536804199),
            ["RightLowerArm"] = CFrame.new(-2.086162567138672e-07, -5.960464477539063e-08, 2.8312206268310547e-07, 1, -1.6065312635760165e-08, 1.4901161193847656e-08, 4.470348358154297e-08, 0.5452895760536194, -0.8382478356361389, 7.450580596923828e-08, 0.8382477164268494, 0.5452895760536194),
            ["LeftHand"] = CFrame.new(3.129243850708008e-07, 5.960464477539063e-08, 1.7881393432617188e-07, 0.6620977520942688, -0.7430561780929565, 0.09743764251470566, 0.7451986074447632, 0.6665587425231934, 0.01946072466671467, -0.07940834760665894, 0.05972529947757721, 0.9950514435768127),
            ["LeftFoot"] = CFrame.new(1.1175870895385742e-07, -5.960464477539063e-08, 9.220093488693237e-08, 0.9219939112663269, -0.09004808217287064, -0.3765881061553955, 0.21710951626300812, 0.9255365133285522, 0.3102349042892456, 0.320609986782074, -0.36779558658599854, 0.8728893399238586),
            ["LowerTorso"] = CFrame.new(-0.10515733063220978, 0.40778064727783203, -0.00576739152893424, 0.9934275150299072, 0.044968318194150925, -0.10525991022586823, -0.04592196270823479, 0.9989228844642639, -0.006652999669313431, 0.10484735667705536, 0.011443016119301319, 0.9944225549697876),
            ["RightLowerLeg"] = CFrame.new(4.190951585769653e-08, -0.000060498714447021484, -0.00007208453462226316, 1, -5.5879368687783426e-08, -6.146728992462158e-08, 4.0046870708465576e-08, 0.9493008255958557, 0.3143692910671234, -7.450580596923828e-08, -0.31436944007873535, 0.9493008255958557),
            ["LeftUpperLeg"] = CFrame.new(2.9802322387695312e-08, -5.27768861502409e-07, -2.7939677238464355e-09, 0.8081111311912537, -0.04635738208889961, 0.5872032046318054, -0.07338082045316696, 0.9812090396881104, 0.17844945192337036, -0.5844414830207825, -0.18729642033576965, 0.7895240783691406),
            ["LeftLowerLeg"] = CFrame.new(1.043081283569336e-07, 0.000060558319091796875, 0.00007206213194876909, 1, -3.3527612686157227e-08, -1.3038519597330378e-08, -1.2107191693644381e-08, 0.9999829530715942, 0.005844435188919306, 6.51925713412993e-09, -0.005844209808856249, 0.999983012676239),
        }},
        {Time = 0.233, Data = {
            ["RightFoot"] = CFrame.new(-4.470348358154297e-08, 4.172325134277344e-07, 1.6596459317952394e-08, 0.967427670955658, 0.17919999361038208, 0.17880479991436005, -0.21043381094932556, 0.9619027376174927, 0.17452983558177948, -0.1407170593738556, -0.20647166669368744, 0.968281090259552),
            ["LeftLowerArm"] = CFrame.new(-2.980232238769531e-07, 5.960464477539063e-08, 0, 1, -5.960465898624534e-08, -7.450580596923828e-09, 4.470348358154297e-08, 0.6236048340797424, -0.7817398905754089, -5.21540641784668e-08, 0.7817397713661194, 0.6236047744750977),
            ["RightUpperArm"] = CFrame.new(0, 4.76837158203125e-07, -3.725290298461914e-09, -0.19437643885612488, -0.7734143137931824, 0.6033642292022705, 0.49251097440719604, -0.6088935136795044, -0.621837317943573, 0.848322331905365, 0.17629298567771912, 0.4992695450782776),
            ["Head"] = CFrame.new(5.3551048040390015e-09, 8.344650268554688e-07, -1.3969838619232178e-09, 0.9951270222663879, -0.0663488581776619, -0.07293868809938431, 0.040639325976371765, 0.9499707221984863, -0.3096837103366852, 0.08983670920133591, 0.30521056056022644, 0.9480379819869995),
            ["RightHand"] = CFrame.new(2.4959444999694824e-07, -3.5762786865234375e-07, 1.1175870895385742e-08, 0.7196438312530518, 0.6588401198387146, -0.21918614208698273, -0.6257774829864502, 0.7521970868110657, 0.2064024955034256, 0.30085769295692444, -0.011374581605196, 0.9536013007164001),
            ["UpperTorso"] = CFrame.new(1.9848812371492386e-08, -3.8743019104003906e-07, -6.984919309616089e-09, 0.9990403056144714, -0.03181463107466698, 0.03010810725390911, 0.031699907034635544, 0.999488353729248, 0.00428047077730298, -0.03022889792919159, -0.003321921918541193, 0.999537467956543),
            ["HumanoidRootPart"] = CFrame.new(0, 0, 0, 1, 0, 0, 0, 1, 0, 0, 0, 1),
            ["RightUpperLeg"] = CFrame.new(5.960464477539063e-08, -5.206093192100525e-07, -1.6952981241047382e-09, 0.9727795124053955, -0.11833937466144562, -0.1992381364107132, 0.10839889943599701, 0.9922878742218018, -0.06012161448597908, 0.20481638610363007, 0.03688781335949898, 0.9781051874160767),
            ["LeftUpperArm"] = CFrame.new(5.960464477539063e-08, 2.384185791015625e-07, -3.725290298461914e-09, -0.2948293089866638, 0.8727694749832153, -0.38903602957725525, -0.694313645362854, -0.4753879904747009, -0.5403100252151489, -0.6565092206001282, 0.11081358790397644, 0.7461341023445129),
            ["RightLowerArm"] = CFrame.new(0, 3.5762786865234375e-07, -8.940696716308594e-08, 1, -1.341104365337742e-07, 5.215407838932151e-08, 9.685756907629184e-08, 0.5172648429870605, -0.8558252453804016, 7.4505820180093e-08, 0.8558253645896912, 0.5172650814056396),
            ["LeftHand"] = CFrame.new(-2.086162567138672e-07, -2.384185791015625e-07, -1.862645149230957e-07, 0.6547726392745972, -0.7492607831954956, 0.09940391033887863, 0.7527245879173279, 0.6583238244056702, 0.003950801678001881, -0.06840004026889801, 0.07223675400018692, 0.9950394034385681),
            ["LeftFoot"] = CFrame.new(3.725290298461914e-08, 1.7881393432617188e-07, 1.862645149230957e-08, 0.9161383509635925, -0.10953054577112198, -0.38560834527015686, 0.22016534209251404, 0.9413566589355469, 0.25568559765815735, 0.334989458322525, -0.31914088129997253, 0.8865275382995605),
            ["LowerTorso"] = CFrame.new(-0.1024085283279419, 0.46875977516174316, -0.012187018990516663, 0.9923023581504822, 0.044693559408187866, -0.11549251526594162, -0.04622691124677658, 0.9988744854927063, -0.010631432756781578, 0.11488735675811768, 0.015888459980487823, 0.9932514429092407),
            ["RightLowerLeg"] = CFrame.new(-8.055940270423889e-08, -0.000060439109802246094, -0.00007208825991256163, 1, -2.60770320892334e-08, -7.4505797087454084e-09, 2.7008358216562556e-08, 0.9480604529380798, 0.3180900812149048, 1.3969840839678227e-09, -0.3180902302265167, 0.9480605721473694),
            ["LeftUpperLeg"] = CFrame.new(0, -2.9336661100387573e-07, 0, 0.8092636466026306, -0.05516400188207626, 0.584850013256073, -0.06768017262220383, 0.9801963567733765, 0.18610376119613647, -0.5835338830947876, -0.19018949568271637, 0.7895035743713379),
            ["LeftLowerLeg"] = CFrame.new(2.2724270820617676e-07, 0.000060498714447021484, 0.00007203780114650726, 1, -3.259629366425543e-08, -4.097817196679898e-08, -1.862644971595273e-08, 0.9999829530715942, 0.00584713090211153, -1.5832481992106295e-08, -0.005847454536706209, 0.9999829530715942),
        }},
        {Time = 0.267, Data = {
            ["RightFoot"] = CFrame.new(2.60770320892334e-08, 4.172325134277344e-07, -2.8107024263590574e-08, 0.9687922596931458, 0.19108793139457703, 0.15788348019123077, -0.21896865963935852, 0.9582585096359253, 0.1838299036026001, -0.11616542935371399, -0.2126644104719162, 0.9701955914497375),
            ["LeftLowerArm"] = CFrame.new(-2.384185791015625e-07, -5.960464477539063e-08, -7.450580596923828e-09, 1, -1.6763807764164085e-07, -1.862645326866641e-08, 6.705522537231445e-08, 0.6010239124298096, -0.799231231212616, -4.470348358154297e-08, 0.7992311716079712, 0.6010238528251648),
            ["RightUpperArm"] = CFrame.new(0, 2.384185791015625e-07, -2.7939677238464355e-09, -0.13906505703926086, -0.7768676280975342, 0.6141155362129211, 0.41512560844421387, -0.6087552309036255, -0.6760825514793396, 0.8990727663040161, 0.1609155684709549, 0.4071541726589203),
            ["Head"] = CFrame.new(-2.648448571562767e-09, 3.5762786865234375e-07, -4.656612873077393e-10, 0.9947638511657715, -0.06497295945882797, -0.07888945192098618, 0.037769515067338943, 0.9509739875793457, -0.30695608258247375, 0.09496557712554932, 0.30236926674842834, 0.9484484195709229),
            ["RightHand"] = CFrame.new(-1.7136335372924805e-07, 0, -2.4959444999694824e-07, 0.720838725566864, 0.6574298739433289, -0.21949388086795807, -0.6253300905227661, 0.7534600496292114, 0.20312605798244476, 0.298921138048172, -0.00916495081037283, 0.9542338848114014),
            ["UpperTorso"] = CFrame.new(-7.683411240577698e-09, 2.384185791015625e-07, 3.725290298461914e-09, 0.998948335647583, -0.03570328652858734, 0.02876603603363037, 0.03526907414197922, 0.9992582201957703, 0.015463577583432198, -0.029296794906258583, -0.014432762749493122, 0.999466598033905),
            ["HumanoidRootPart"] = CFrame.new(0, 0, 0, 1, 0, 0, 0, 1, 0, 0, 0, 1),
            ["RightUpperLeg"] = CFrame.new(-8.940696716308594e-08, 3.9354199543595314e-07, -5.420588422566652e-09, 0.9812532067298889, -0.11307630687952042, -0.15606433153152466, 0.10521042346954346, 0.9927688241004944, -0.05780063197016716, 0.1614716351032257, 0.04029740393161774, 0.9860543608665466),
            ["LeftUpperArm"] = CFrame.new(5.960464477539063e-08, 3.5762786865234375e-07, 4.656612873077393e-10, -0.3705506920814514, 0.8646091222763062, -0.33932751417160034, -0.6838523745536804, -0.5011846423149109, -0.5302451848983765, -0.6285206079483032, 0.035566993057727814, 0.776979386806488),
            ["RightLowerArm"] = CFrame.new(-5.960464477539063e-08, -1.7881393432617188e-07, -2.9802322387695312e-08, 1, -1.5646223516796454e-07, 1.4901162970204496e-08, 8.940699558479537e-08, 0.4910544455051422, -0.8711289763450623, 0, 0.8711289167404175, 0.4910544455051422),
            ["LeftHand"] = CFrame.new(-3.129243850708008e-07, -2.384185791015625e-07, -2.9802322387695312e-08, 0.6601623296737671, -0.7443512678146362, 0.10063386708498001, 0.7488334774971008, 0.6626691222190857, -0.010861306451261044, -0.058602288365364075, 0.0825280174612999, 0.9948642253875732),
            ["LeftFoot"] = CFrame.new(5.21540641784668e-08, 0, -2.60770320892334e-08, 0.923976719379425, -0.11749428510665894, -0.36395353078842163, 0.21507985889911652, 0.946529746055603, 0.24046209454536438, 0.3162400424480438, -0.3004605174064636, 0.8998421430587769),
            ["LowerTorso"] = CFrame.new(-0.09828738123178482, 0.5004916191101074, -0.01641925983130932, 0.990999162197113, 0.043209005147218704, -0.12670329213142395, -0.045501697808504105, 0.9988477826118469, -0.015255728736519814, 0.12589812278747559, 0.020883629098534584, 0.9918233752250671),
