return {
    ["Jumping Jacks"] = {
        {Time = 0.000, Data = {
            ["LeftFoot"] = CFrame.new(-9.580980986356735e-08, 0, -7.450580596923828e-09, 0.9642844796180725, -0.26456084847450256, 0.01277102343738079, 0.2563539743423462, 0.9200721979141235, -0.2962261140346527, 0.06661926954984665, 0.28892019391059875, 0.9550325274467468),
            ["LeftLowerArm"] = CFrame.new(-0.0004951059818267822, -0.00009751319885253906, -6.780028343200684e-07, 1, -2.0861632776814076e-07, 1.4901162970204496e-08, 1.4901162614933128e-07, 0.6094761490821838, -0.792804479598999, 2.0861628513557662e-07, 0.7928044199943542, 0.6094760894775391),
            ["LowerTorso"] = CFrame.new(0.02018408477306366, -0.20974600315093994, 0.11168983578681946, 0.9988422393798828, 0.0208439864218235, -0.04335600882768631, -0.020566120743751526, 0.9997650980949402, 0.0068451217375695705, 0.04348849877715111, -0.005945532117038965, 0.9990362524986267),
            ["Head"] = CFrame.new(6.752088665962219e-09, -4.76837158203125e-07, -6.984919309616089e-10, 0.9996235370635986, -0.000044146789150545374, 0.027440419420599937, 0.0027274894528090954, 0.9952064752578735, -0.09775818884372711, -0.027304569259285927, 0.09779621660709381, 0.9948318600654602),
            ["RightUpperArm"] = CFrame.new(-0.011020779609680176, -0.07893860340118408, -2.60770320892334e-08, 0.6026946902275085, -0.12895257771015167, 0.7874882817268372, 0.5661303997039795, -0.626384437084198, -0.535849392414093, 0.5623660087585449, 0.7687742710113525, -0.3045122027397156),
            ["UpperTorso"] = CFrame.new(6.05359673500061e-09, 2.9802322387695312e-08, 5.3551048040390015e-09, 0.999933123588562, -0.004826792515814304, 0.010514989495277405, 0.004649435169994831, 0.9998477101325989, 0.01682685874402523, -0.010594608262181282, -0.01677684485912323, 0.9998031258583069),
            ["HumanoidRootPart"] = CFrame.new(0, 0, 0, 1, 0, 0, 0, 1, 0, 0, 0, 1),
            ["RightHand"] = CFrame.new(-7.450580596923828e-08, -1.1920928955078125e-07, -2.384185791015625e-07, 0.5642641186714172, -0.5521905422210693, 0.6137521862983704, 0.44106513261795044, 0.830049455165863, 0.34129130840301514, -0.6979023814201355, 0.07812618464231491, 0.7119190096855164),
            ["LeftUpperArm"] = CFrame.new(0.011020839214324951, -0.07893753051757812, -2.2351741790771484e-08, 0.6655566692352295, 0.18435195088386536, -0.7232267260551453, -0.4596509635448456, -0.6621938943862915, -0.5917906165122986, -0.588009774684906, 0.726301372051239, -0.355987548828125),
            ["RightLowerArm"] = CFrame.new(-0.00000432133674621582, 5.960464477539063e-08, -6.705522537231445e-07, 1, 2.9802318834981634e-08, 3.725290653733282e-08, 4.4703490686970326e-08, 0.5752943158149719, -0.8179464936256409, -1.4901162614933128e-07, 0.8179465532302856, 0.5752943754196167),
            ["LeftHand"] = CFrame.new(4.470348358154297e-08, 0.00009959936141967773, 2.682209014892578e-07, 0.6959216594696045, 0.5274547338485718, -0.48732393980026245, -0.5718398690223694, 0.8175229430198669, 0.06823104619979858, 0.4343872368335724, 0.23118773102760315, 0.8705515265464783),
            ["RightUpperLeg"] = CFrame.new(5.960464477539063e-08, -2.635642886161804e-07, -1.1939846444875002e-08, 0.9073412418365479, -0.38859283924102783, 0.16039830446243286, 0.4156418740749359, 0.8864315152168274, -0.20366932451725006, -0.06303773075342178, 0.2514655292034149, 0.9658111929893494),
            ["LeftUpperLeg"] = CFrame.new(0, 4.9709342420101166e-08, 9.313225746154785e-10, 0.9291316270828247, 0.3647245466709137, -0.060749784111976624, -0.3656955659389496, 0.882195234298706, -0.2966454327106476, -0.05460040271282196, 0.2978384494781494, 0.9530535340309143),
            ["RightLowerLeg"] = CFrame.new(7.962808012962341e-08, -0.0000036954879760742188, -0.000013323668099474162, 1, -2.2351747119842003e-08, 3.725290742551124e-09, 1.564622067462551e-07, 0.8052697777748108, 0.5929087400436401, -3.166497108963995e-08, -0.5929086804389954, 0.8052697777748108),
            ["RightFoot"] = CFrame.new(4.190951585769653e-08, 4.76837158203125e-07, -7.281050784513354e-08, 0.943626344203949, 0.32692858576774597, -0.05183539167046547, -0.3208874464035034, 0.8650416731834412, -0.3856604993343353, -0.0812438502907753, 0.3805531859397888, 0.9211835861206055),
            ["LeftLowerLeg"] = CFrame.new(1.30385160446167e-07, 0.000003874301910400391, 0.000013269484043121338, 1, 2.181622846819664e-07, 3.6321576857289983e-08, -1.0104849934577942e-07, 0.8106794357299805, 0.5854907631874084, 2.8870999813079834e-08, -0.585490345954895, 0.8106790781021118),
        }},
        {Time = 0.033, Data = {
            ["LeftFoot"] = CFrame.new(1.1362135410308838e-07, -5.960464477539063e-08, 5.587935447692871e-09, 0.974713921546936, -0.2226552963256836, -0.01890486851334572, 0.21691307425498962, 0.9631029367446899, -0.15931591391563416, 0.05368029326200485, 0.15118668973445892, 0.9870467185974121),
            ["LeftLowerArm"] = CFrame.new(-0.0004954338073730469, -0.00009715557098388672, 1.2665987014770508e-07, 1, -2.756716241947288e-07, 9.685759039257391e-08, 1.6391281576488836e-07, 0.5064767599105835, -0.8622536659240723, 2.235174747511337e-07, 0.8622536063194275, 0.5064768195152283),
            ["LowerTorso"] = CFrame.new(0.02164386212825775, -0.15445101261138916, 0.10367797315120697, 0.999174952507019, 0.01752602308988571, -0.036639876663684845, -0.017698092386126518, 0.999833881855011, -0.004377066623419523, 0.03655707836151123, 0.005021911114454269, 0.9993189573287964),
            ["Head"] = CFrame.new(1.0826624929904938e-08, -4.76837158203125e-07, 1.6938429325819016e-08, 0.9998730421066284, 0.002379755023866892, 0.01575895957648754, -0.0017264590132981539, 0.999143660068512, -0.041340041905641556, -0.015843845903873444, 0.041307587176561356, 0.9990208745002747),
            ["RightUpperArm"] = CFrame.new(-0.0110207200050354, -0.07893848419189453, -2.2351741790771484e-08, 0.5987098217010498, -0.13872553408145905, 0.7888659834861755, 0.570841908454895, -0.6169750094413757, -0.5417349338531494, 0.5618594884872437, 0.7746593356132507, -0.2901962399482727),
            ["UpperTorso"] = CFrame.new(4.423782229423523e-09, -2.384185791015625e-07, -4.540197551250458e-09, 0.9998176097869873, -0.006382337771356106, 0.018001046031713486, 0.0060606156475842, 0.9998220205307007, 0.017870964482426643, -0.01811189576983452, -0.01775861158967018, 0.9996783137321472),
            ["HumanoidRootPart"] = CFrame.new(0, 0, 0, 1, 0, 0, 0, 1, 0, 0, 0, 1),
            ["RightHand"] = CFrame.new(1.043081283569336e-07, -1.7881393432617188e-07, -3.2782554626464844e-07, 0.472314715385437, -0.5695653557777405, 0.672691822052002, 0.4848814010620117, 0.8052226305007935, 0.34133052825927734, -0.7360766530036926, 0.1649603545665741, 0.6564901471138),
            ["LeftUpperArm"] = CFrame.new(0.011020839214324951, -0.07893764972686768, -2.0489096641540527e-08, 0.6678856611251831, 0.1829451620578766, -0.7214345335960388, -0.47806423902511597, -0.6374622583389282, -0.6042284965515137, -0.5704237818717957, 0.748447060585022, -0.3382900059223175),
            ["RightLowerArm"] = CFrame.new(-0.000004410743713378906, 0, -2.123415470123291e-07, 1, 1.043081283569336e-07, 4.470347647611561e-08, -5.2154071283894154e-08, 0.49624812602996826, -0.8681807518005371, -1.3411046495548362e-07, 0.8681808114051819, 0.4962480068206787),
            ["LeftHand"] = CFrame.new(-2.682209014892578e-07, 0.00009965896606445312, 3.129243850708008e-07, 0.6445163488388062, 0.529287576675415, -0.5517730116844177, -0.6325779557228088, 0.774486243724823, 0.004021801520138979, 0.42946934700012207, 0.34644728899002075, 0.8339847326278687),
            ["RightUpperLeg"] = CFrame.new(1.1920928955078125e-07, -2.5384360924363136e-07, -1.7527781892567873e-08, 0.914649248123169, -0.3835276663303375, 0.1277635097503662, 0.40392830967903137, 0.8796579241752625, -0.2510857582092285, -0.016089776530861855, 0.28126245737075806, 0.9594959616661072),
            ["LeftUpperLeg"] = CFrame.new(-5.960464477539063e-08, -2.5902409106492996e-07, -1.4901161193847656e-08, 0.9314610362052917, 0.3607178032398224, -0.04757318273186684, -0.3579373061656952, 0.8850203156471252, -0.29769113659858704, -0.06527957320213318, 0.2943158745765686, 0.9534761905670166),
            ["RightLowerLeg"] = CFrame.new(-8.498318493366241e-08, -0.0000034570693969726562, -0.0000133199428091757, 1, -4.1630124769653776e-07, -4.656612162534657e-08, 2.700835750601982e-07, 0.7713185548782349, 0.63644939661026, -1.136213683139431e-07, -0.63644939661026, 0.7713184952735901),
            ["RightFoot"] = CFrame.new(-3.725290298461914e-08, 1.7881393432617188e-07, 4.639878170564771e-08, 0.9596097469329834, 0.2811673581600189, 0.009702303446829319, -0.27122974395751953, 0.9337525367736816, -0.2335386872291565, -0.07472321391105652, 0.22147499024868011, 0.9722992181777954),
            ["LeftLowerLeg"] = CFrame.new(8.288770914077759e-08, 0.0000037550926208496094, 0.000013262033462524414, 1, -7.450580596923828e-08, -6.705523958316917e-08, 4.377213969064542e-08, 0.8197335004806519, 0.5727457404136658, -5.2154039309471045e-08, -0.5727452039718628, 0.8197331428527832),
        }},
        {Time = 0.067, Data = {
            ["LeftFoot"] = CFrame.new(-9.022187441587448e-08, 5.960464477539063e-08, -2.9685907065868378e-09, 0.9841203689575195, -0.16843858361244202, -0.05599575862288475, 0.1755223274230957, 0.970438539981842, 0.16565383970737457, 0.02643805555999279, -0.17285118997097015, 0.9845929741859436),
            ["LeftLowerArm"] = CFrame.new(-0.0004953145980834961, -0.00009709596633911133, -3.501772880554199e-07, 1, -3.3527621212670056e-07, 1.3411047916633834e-07, 1.937151665742931e-07, 0.4193292558193207, -0.9078342318534851, 1.6391282997574308e-07, 0.9078342318534851, 0.41932937502861023),
            ["LowerTorso"] = CFrame.new(0.025443753227591515, -0.032646775245666504, 0.09456060081720352, 0.9997099041938782, 0.01089487224817276, -0.021480493247509003, -0.011261409148573875, 0.9997918605804443, -0.017017291858792305, 0.021290620788931847, 0.017254255712032318, 0.9996244311332703),
            ["Head"] = CFrame.new(6.868503987789154e-09, -3.5762786865234375e-07, 1.3620592653751373e-08, 0.9998599290847778, 0.005199729930609465, 0.015910444781184196, -0.005270393565297127, 0.9999764561653137, 0.004402570892125368, -0.015887178480625153, -0.0044858078472316265, 0.9998638033866882),
            ["RightUpperArm"] = CFrame.new(-0.0110207200050354, -0.07893836498260498, -1.5832483768463135e-08, 0.5903388261795044, -0.16713115572929382, 0.7896674871444702, 0.5729609727859497, -0.6023182272911072, -0.5558093786239624, 0.5685206651687622, 0.7805638909339905, -0.259810209274292),
            ["UpperTorso"] = CFrame.new(4.656612873077393e-10, 1.4901161193847656e-07, -5.180481821298599e-09, 0.9999455213546753, -0.004734291695058346, 0.009303099475800991, 0.004534346517175436, 0.9997608065605164, 0.02139696478843689, -0.009402168914675713, -0.021353617310523987, 0.9997278451919556),
            ["HumanoidRootPart"] = CFrame.new(0, 0, 0, 1, 0, 0, 0, 1, 0, 0, 0, 1),
            ["RightHand"] = CFrame.new(0, -1.7881393432617188e-07, -4.6193599700927734e-07, 0.3492293059825897, -0.5821793079376221, 0.7342385649681091, 0.5729058384895325, 0.7527178525924683, 0.32433751225471497, -0.7414970993995667, 0.30738142132759094, 0.5964049100875854),
            ["LeftUpperArm"] = CFrame.new(0.011020839214324951, -0.07893753051757812, -7.450580596923828e-09, 0.6660661697387695, 0.18081673979759216, -0.7236499190330505, -0.505614697933197, -0.6038081049919128, -0.6162508726119995, -0.5483700037002563, 0.7763511538505554, -0.31075042486190796),
            ["RightLowerArm"] = CFrame.new(-0.0000045299530029296875, 2.980232238769531e-07, -2.8312206268310547e-07, 1, 1.4901162970204496e-08, -1.4901164746561335e-08, -3.725290653733282e-08, 0.4251349866390228, -0.9051300883293152, -1.3411046495548362e-07, 0.9051300287246704, 0.42513495683670044),
            ["LeftHand"] = CFrame.new(-7.748603820800781e-07, 0.0000998377799987793, 4.470348358154297e-08, 0.5611530542373657, 0.5434625744819641, -0.6243042349815369, -0.6937709450721741, 0.7201879024505615, 0.0033372552134096622, 0.45143014192581177, 0.431251585483551, 0.7811742424964905),
            ["RightUpperLeg"] = CFrame.new(5.960464477539063e-08, -3.7369318306446075e-08, -3.5579432733356953e-09, 0.9264816641807556, -0.3672764301300049, 0.08209513872861862, 0.3761805295944214, 0.8974406719207764, -0.2304098755121231, 0.010948519222438335, 0.24435287714004517, 0.9696244597434998),
            ["LeftUpperLeg"] = CFrame.new(0, 6.868503987789154e-09, 7.450580596923828e-09, 0.9366466403007507, 0.34845495223999023, -0.035669922828674316, -0.34743791818618774, 0.9112913608551025, -0.22098703682422638, -0.04449831694364548, 0.21937954425811768, 0.9746242165565491),
            ["RightLowerLeg"] = CFrame.new(8.288770914077759e-08, -0.000003635883331298828, -0.000013349745131563395, 1, -1.490115550950577e-07, -8.940694584680386e-08, 1.1175866632129328e-07, 0.8315015435218811, 0.5555223226547241, -5.960462345910855e-08, -0.5555224418640137, 0.8315017223358154),
            ["RightFoot"] = CFrame.new(-4.7031790018081665e-08, 1.7881393432617188e-07, -3.55576048605144e-08, 0.9776361584663391, 0.19969041645526886, 0.06596419960260391, -0.20541569590568542, 0.9739555716514587, 0.09599598497152328, -0.045076679438352585, -0.10739858448505402, 0.9931936264038086),
            ["LeftLowerLeg"] = CFrame.new(-2.4191103875637054e-07, 0.000003814697265625, 0.000013280659914016724, 1, -1.257285298095212e-08, -1.862644971595273e-08, 2.7939677238464355e-09, 0.914612889289856, 0.40433013439178467, 3.725290298461914e-09, -0.4043305814266205, 0.9146130681037903),
        }},
        {Time = 0.100, Data = {
            ["LeftFoot"] = CFrame.new(1.2852251529693604e-07, 1.1920928955078125e-07, 2.60770320892334e-08, 0.9908715486526489, -0.1274300366640091, -0.043992429971694946, 0.13413777947425842, 0.9645049571990967, 0.22745966911315918, 0.013445808552205563, -0.23128335177898407, 0.9727932810783386),
            ["LeftLowerArm"] = CFrame.new(-0.0004953145980834961, -0.00009799003601074219, -3.986060619354248e-07, 1, -2.831221763699432e-07, 1.192093321833454e-07, 2.235174747511337e-07, 0.41505253314971924, -0.9097974896430969, 1.6391281576488836e-07, 0.9097974300384521, 0.41505253314971924),
            ["LowerTorso"] = CFrame.new(0.03071502596139908, 0.10521292686462402, 0.07905201613903046, 0.9999700784683228, 0.004666099324822426, -0.006188652943819761, -0.004842452704906464, 0.9995737075805664, -0.028794148936867714, 0.006051659118384123, 0.028823254629969597, 0.9995661973953247),
            ["Head"] = CFrame.new(1.0302755981683731e-08, -1.1920928955078125e-07, 2.0867446437478065e-08, 0.9998381733894348, 0.005148709286004305, 0.017239371314644814, -0.005205132998526096, 0.9999812841415405, 0.003229755675420165, -0.017222417518496513, -0.003318966133520007, 0.9998462796211243),
            ["RightUpperArm"] = CFrame.new(-0.011020779609680176, -0.07893848419189453, -1.30385160446167e-08, 0.5398649573326111, -0.2898907959461212, 0.7902640700340271, 0.5597992539405823, -0.5774781107902527, -0.5942549109458923, 0.6286260485649109, 0.7632052898406982, -0.14947833120822906),
            ["UpperTorso"] = CFrame.new(1.9208528101444244e-09, -3.8743019104003906e-07, 8.96397978067398e-09, 0.999996542930603, -0.002616024576127529, 0.00026231701485812664, 0.0026085996069014072, 0.9996802806854248, 0.025151679292321205, -0.00032803096110001206, -0.025150908157229424, 0.9996836185455322),
            ["HumanoidRootPart"] = CFrame.new(0, 0, 0, 1, 0, 0, 0, 1, 0, 0, 0, 1),
            ["RightHand"] = CFrame.new(5.960464477539063e-08, -4.76837158203125e-07, -1.7881393432617188e-07, 0.3229508697986603, -0.5695316195487976, 0.7558680772781372, 0.6415513157844543, 0.7189009785652161, 0.2675696015357971, -0.6957835555076599, 0.39851629734039307, 0.5975533723831177),
            ["LeftUpperArm"] = CFrame.new(0.011020779609680176, -0.07893753051757812, -1.0710209608078003e-08, 0.6061585545539856, 0.26417186856269836, -0.7501957416534424, -0.5233701467514038, -0.5777485966682434, -0.6263267993927002, -0.5988785624504089, 0.7722822427749634, -0.21194587647914886),
            ["RightLowerArm"] = CFrame.new(-0.000004827976226806641, 0, -3.818422555923462e-07, 1, 2.2351738238057806e-08, 0, -4.4703490686970326e-08, 0.4225415587425232, -0.9063435792922974, -8.940698137394065e-08, 0.9063435792922974, 0.4225414991378784),
            ["LeftHand"] = CFrame.new(-9.387731552124023e-07, 0.00009930133819580078, 7.003545761108398e-07, 0.5417840480804443, 0.5321332216262817, -0.6506183743476868, -0.6955989599227905, 0.7183821201324463, 0.008316085673868656, 0.4718179702758789, 0.44806405901908875, 0.7593593001365662),
            ["RightUpperLeg"] = CFrame.new(0, -4.863832145929337e-07, 2.0423613023012877e-08, 0.9354839324951172, -0.3283497989177704, -0.13059890270233154, 0.29911527037620544, 0.9325723052024841, -0.2020871490240097, 0.1881484091281891, 0.14998507499694824, 0.9706207513809204),
            ["LeftUpperLeg"] = CFrame.new(-1.1920928955078125e-07, -4.842877388000488e-07, 4.423782229423523e-09, 0.9386007189750671, 0.33470407128334045, 0.08367741852998734, -0.31202200055122375, 0.9270116686820984, -0.20806650817394257, -0.14721068739891052, 0.16918213665485382, 0.9745289087295532),
            ["RightLowerLeg"] = CFrame.new(2.0489096641540527e-08, -0.000003635883331298828, -0.000013293865777086467, 1, -7.450580596923828e-08, -6.332993507385254e-08, 7.078051567077637e-08, 0.8968450427055359, 0.44234499335289, -8.940696716308594e-08, -0.4423448443412781, 0.8968449831008911),
            ["RightFoot"] = CFrame.new(-1.862645149230957e-08, 3.5762786865234375e-07, 2.6266206987202168e-09, 0.9873993992805481, 0.15183039009571075, 0.044608667492866516, -0.15682697296142578, 0.9765406847000122, 0.1475602388381958, -0.021158214658498764, -0.15269598364830017, 0.9880466461181641),
            ["LeftLowerLeg"] = CFrame.new(-1.30385160446167e-07, 0.000003933906555175781, 0.000013310462236404419, 1, 7.450581485102248e-09, 1.862644971595273e-08, -5.587935447692871e-09, 0.9432219862937927, 0.33216291666030884, 3.725290298461914e-08, -0.3321632742881775, 0.9432220458984375),
        }},
        {Time = 0.133, Data = {
            ["LeftFoot"] = CFrame.new(9.685754776000977e-08, 0, -3.725290298461914e-09, 0.9959060549736023, -0.08639277517795563, -0.02659996598958969, 0.08995316177606583, 0.9762201309204102, 0.19723860919475555, 0.008927353657782078, -0.19882328808307648, 0.9799946546554565),
            ["LeftLowerArm"] = CFrame.new(-0.0004948973655700684, -0.00009799003601074219, -3.045424818992615e-07, 1, -2.9802325229866256e-07, 1.1920928955078125e-07, 1.0430814256778831e-07, 0.4144406020641327, -0.910076379776001, 2.607703493140434e-07, 0.910076379776001, 0.4144405722618103),
            ["LowerTorso"] = CFrame.new(0.03659675270318985, 0.2140522003173828, 0.06434932351112366, 0.9999979138374329, 0.0019456628942862153, 0.0007846051594242454, -0.0019128273706883192, 0.9992027878761292, -0.039878129959106445, -0.0008615691331215203, 0.0398765429854393, 0.9992042183876038),
            ["Head"] = CFrame.new(4.103640094399452e-09, -9.5367431640625e-07, 2.034357748925686e-08, 0.9997674822807312, 0.004821745213121176, 0.02101818472146988, -0.004718387499451637, 0.9999765753746033, -0.004964337218552828, -0.0210416279733181, 0.004864010028541088, 0.9997668266296387),
            ["RightUpperArm"] = CFrame.new(-0.011020839214324951, -0.07893860340118408, -9.778887033462524e-09, 0.43774861097335815, -0.4817691147327423, 0.7591335773468018, 0.5190778970718384, -0.5539799332618713, -0.6508908271789551, 0.7341214418411255, 0.6789733171463013, 0.007571675814688206),
            ["UpperTorso"] = CFrame.new(7.494236342608929e-10, -1.1920928955078125e-07, -2.713932190090418e-09, 0.9999886155128479, -0.0011668673250824213, -0.004625944420695305, 0.0013344833860173821, 0.9993364810943604, 0.0363980270922184, 0.004580402746796608, -0.03640379011631012, 0.9993266463279724),
            ["HumanoidRootPart"] = CFrame.new(0, 0, 0, 1, 0, 0, 0, 1, 0, 0, 0, 1),
            ["RightHand"] = CFrame.new(-1.4901161193847656e-08, -2.384185791015625e-07, -2.384185791015625e-07, 0.3325822353363037, -0.5496262311935425, 0.7663551568984985, 0.677997887134552, 0.7041881680488586, 0.21080325543880463, -0.6555212140083313, 0.4494776129722595, 0.6068458557128906),
            ["LeftUpperArm"] = CFrame.new(0.011020839214324951, -0.07893764972686768, -1.1408701539039612e-08, 0.4685516059398651, 0.44675692915916443, -0.7621527910232544, -0.5067975521087646, -0.5707082748413086, -0.6460983753204346, -0.7236129641532898, 0.6889850497245789, -0.04099063202738762),
            ["RightLowerArm"] = CFrame.new(-0.000004410743713378906, 5.364418029785156e-07, -3.050081431865692e-08, 1, 5.960464477539063e-08, -1.4901161193847656e-08, -1.4901162970204496e-08, 0.42217060923576355, -0.9065164923667908, -1.3224781980625266e-07, 0.906516432762146, 0.4221705496311188),
            ["LeftHand"] = CFrame.new(-2.086162567138672e-07, 0.00010007619857788086, 3.129243850708008e-07, 0.5400046706199646, 0.5291575789451599, -0.6545130610466003, -0.6946506500244141, 0.7192980647087097, 0.008414757438004017, 0.4752426743507385, 0.45011401176452637, 0.7560039162635803),
            ["RightUpperLeg"] = CFrame.new(1.1920928955078125e-07, -2.527376636862755e-07, -1.2667442206293344e-08, 0.9229256510734558, -0.24701367318630219, -0.2952839434146881, 0.21459108591079712, 0.9668893218040466, -0.13811548054218292, 0.31962311267852783, 0.06410487741231918, 0.9453737139701843),
            ["LeftUpperLeg"] = CFrame.new(-1.1920928955078125e-07, -2.2241147235035896e-07, -8.760252967476845e-09, 0.9370555281639099, 0.2978177070617676, 0.18229565024375916, -0.25067654252052307, 0.9371940493583679, -0.24254636466503143, -0.24308094382286072, 0.18158209323883057, 0.9528586864471436),
            ["RightLowerLeg"] = CFrame.new(2.6542693376541138e-08, -0.000003814697265625, -0.00001337768480880186, 1, -5.215405707303944e-08, 3.7252898543727042e-09, 7.078052277620372e-08, 0.9402780532836914, 0.34040701389312744, 6.33299421792799e-08, -0.34040743112564087, 0.9402782320976257),
            ["RightFoot"] = CFrame.new(-1.1175870895385742e-08, 3.5762786865234375e-07, 2.7772330213338137e-08, 0.9922237396240234, 0.12299853563308716, 0.01906651072204113, -0.12430185079574585, 0.9871103763580322, 0.1008094772696495, -0.006421312689781189, -0.10239461064338684, 0.9947231411933899),
            ["LeftLowerLeg"] = CFrame.new(-1.4901161193847656e-08, 0.000004112720489501953, 0.0000133514404296875, 1, 3.3527616238870905e-08, 5.960465898624534e-08, -6.332994928470725e-08, 0.921307384967804, 0.38883498311042786, 1.0430815677864302e-07, -0.38883504271507263, 0.9213074445724487),
        }},
        {Time = 0.167, Data = {
            ["LeftFoot"] = CFrame.new(6.612390279769897e-08, -5.960464477539063e-08, -1.862645149230957e-08, 0.9963631629943848, -0.08480339497327805, -0.008303285576403141, 0.08488411456346512, 0.9963415265083313, 0.009913698770105839, 0.007432122714817524, -0.01058182306587696, 0.9999164342880249),
            ["LeftLowerArm"] = CFrame.new(-0.0004954338073730469, -0.00009763240814208984, -8.344650268554688e-07, 1, -2.3096814061318582e-07, 1.0058287358560847e-07, 2.0861631355728605e-07, 0.5065068602561951, -0.8622360229492188, 1.49011640360186e-07, 0.8622360229492188, 0.5065068006515503),
            ["LowerTorso"] = CFrame.new(0.04221920296549797, 0.26291632652282715, 0.05877648666501045, 0.9999967217445374, 0.0025449360255151987, -0.0003730907046701759, -0.0025601647794246674, 0.998794674873352, -0.04901782050728798, 0.00024789379676803946, 0.04901861771941185, 0.9987978339195251),
            ["Head"] = CFrame.new(7.479684427380562e-09, -4.76837158203125e-07, 1.816079020500183e-08, 0.999642014503479, -0.0010454726871103048, 0.026737309992313385, 0.0019055672455579042, 0.9994809031486511, -0.032163120806217194, -0.02668980322778225, 0.03220255300402641, 0.9991250038146973),
            ["RightUpperArm"] = CFrame.new(-0.011020779609680176, -0.07893860340118408, -8.381903171539307e-09, 0.28411081433296204, -0.6804972887039185, 0.675435483455658, 0.4503919780254364, -0.5271753668785095, -0.7205747365951538, 0.8464207649230957, 0.5089298486709595, 0.1567133218050003),
            ["UpperTorso"] = CFrame.new(-9.53514245338738e-09, -2.086162567138672e-07, 1.0293661034666002e-08, 0.9999751448631287, -0.00038919420330785215, -0.007046598941087723, 0.0007886822568252683, 0.9983865022659302, 0.056778684258461, 0.007013131398707628, -0.05678282305598259, 0.9983619451522827),
            ["HumanoidRootPart"] = CFrame.new(0, 0, 0, 1, 0, 0, 0, 1, 0, 0, 0, 1),
            ["RightHand"] = CFrame.new(-5.960464477539063e-08, -2.980232238769531e-07, 1.30385160446167e-07, 0.5031995177268982, -0.4975823163986206, 0.7065423130989075, 0.6322076916694641, 0.7693688869476318, 0.09156938642263412, -0.5891550183296204, 0.4006038308143616, 0.7017214298248291),
            ["LeftUpperArm"] = CFrame.new(0.011020779609680176, -0.07893776893615723, -1.3504177331924438e-08, 0.2816307246685028, 0.6691878437995911, -0.6876629590988159, -0.4351262152194977, -0.5496712327003479, -0.7131068110466003, -0.8551896810531616, 0.5000491738319397, 0.13637588918209076),
            ["RightLowerArm"] = CFrame.new(-0.000004678964614868164, 0.0000015497207641601562, -3.725290298461914e-09, 1, 1.4901159772762185e-07, -6.70552182668871e-08, -5.960463766996327e-08, 0.502956748008728, -0.8643115758895874, -1.1920927533992653e-07, 0.8643116354942322, 0.502956748008728),
            ["LeftHand"] = CFrame.new(-5.513429641723633e-07, 0.00009959936141967773, 5.438923835754395e-07, 0.6057778000831604, 0.47673699259757996, -0.636989176273346, -0.6184993386268616, 0.7857853174209595, -0.00009453298116568476, 0.500491738319397, 0.39403459429740906, 0.7708727717399597),
            ["RightUpperLeg"] = CFrame.new(5.960464477539063e-08, 2.612359821796417e-07, -1.4821125660091639e-08, 0.9698383212089539, -0.1668556183576584, -0.17768751084804535, 0.15500369668006897, 0.9847730994224548, -0.0787142813205719, 0.18811550736427307, 0.04879765212535858, 0.9809338450431824),
            ["LeftUpperLeg"] = CFrame.new(-5.960464477539063e-08, 1.100124791264534e-07, -7.639755494892597e-09, 0.9718961119651794, 0.20474009215831757, 0.11618773639202118, -0.18129032850265503, 0.9657949209213257, -0.1854027360677719, -0.15017278492450714, 0.15912826359272003, 0.975769579410553),
            ["RightLowerLeg"] = CFrame.new(-4.7031790018081665e-08, -0.000004112720489501953, -0.000013329256034921855, 1, -7.450584149637507e-08, 2.4214397598143478e-08, 7.078050856534901e-08, 0.943888783454895, 0.33026322722435, 1.6763804566721774e-08, -0.33026376366615295, 0.9438889622688293),
            ["RightFoot"] = CFrame.new(1.1175870895385742e-08, 4.172325134277344e-07, -3.55576048605144e-08, 0.9946677088737488, 0.10307945311069489, -0.0032794226426631212, -0.10312579572200775, 0.9937647581100464, -0.042388349771499634, -0.001110302284359932, 0.04250128194689751, 0.9990959167480469),
            ["LeftLowerLeg"] = CFrame.new(1.0244548320770264e-07, 0.0000040531158447265625, 0.00001325458288192749, 1, -3.7252917195473856e-08, -2.421439049271612e-08, 4.4703494239684005e-08, 0.9139216542243958, 0.4058903157711029, -3.3527619791584584e-08, -0.4058908224105835, 0.9139218330383301),
        }},
        {Time = 0.200, Data = {
            ["LeftFoot"] = CFrame.new(1.1129304766654968e-07, -5.960464477539063e-08, -7.450580596923828e-09, 0.9964547157287598, -0.08410335332155228, 0.0021414111834019423, 0.08388382196426392, 0.9912618398666382, -0.10180100053548813, 0.006438892800360918, 0.10162000358104706, 0.9948024749755859),
            ["LeftLowerArm"] = CFrame.new(-0.000495612621307373, -0.00009810924530029297, -7.450580596923828e-08, 1, -2.989547169818252e-07, -3.725291630729544e-09, 2.0116574717121694e-07, 0.6471810340881348, -0.7623365521430969, 1.7881399116959074e-07, 0.7623364329338074, 0.6471809148788452),
            ["LowerTorso"] = CFrame.new(0.046726878732442856, 0.2735121250152588, 0.05656293034553528, 0.9999890923500061, 0.004067302215844393, -0.00230846437625587, -0.00418902887031436, 0.9984535574913025, -0.055435631424188614, 0.002079420955851674, 0.05544469878077507, 0.9984595775604248),
            ["Head"] = CFrame.new(3.4924596548080444e-09, -7.152557373046875e-07, 1.0943040251731873e-08, 0.9994989037513733, -0.007221847772598267, 0.030820857733488083, 0.008783292956650257, 0.9986686706542969, -0.05083104595541954, -0.03041272982954979, 0.05107627436518669, 0.9982316493988037),
            ["RightUpperArm"] = CFrame.new(-0.011020660400390625, -0.07893848419189453, -3.166496753692627e-08, 0.12404832988977432, -0.8553749322891235, 0.5029428601264954, 0.42514124512672424, -0.4121594727039337, -0.8058385252952576, 0.8965863585472107, 0.3137809634208679, 0.3125264346599579),
            ["UpperTorso"] = CFrame.new(4.103640094399452e-09, 5.960464477539063e-08, -1.3322278391569853e-08, 0.9999611973762512, 0.0002735974558163434, -0.008811794221401215, 0.00029290784732438624, 0.9979354739189148, 0.06422414630651474, 0.008811173029243946, -0.0642242357134819, 0.997896671295166),
            ["HumanoidRootPart"] = CFrame.new(0, 0, 0, 1, 0, 0, 0, 1, 0, 0, 0, 1),
            ["RightHand"] = CFrame.new(-2.384185791015625e-07, 4.172325134277344e-07, -4.621688276529312e-08, 0.7086542248725891, -0.4140007793903351, 0.5713253617286682, 0.524755597114563, 0.8505513072013855, -0.03455371409654617, -0.4716362953186035, 0.3242928683757782, 0.8199959397315979),
            ["LeftUpperArm"] = CFrame.new(0.011020898818969727, -0.07893753051757812, -2.1420419216156006e-08, 0.09172160178422928, 0.8481014370918274, -0.5218398571014404, -0.40318477153778076, -0.4475380778312683, -0.7982152700424194, -0.9105103611946106, 0.28360819816589355, 0.30089157819747925),
            ["RightLowerArm"] = CFrame.new(-0.000004589557647705078, 2.980232238769531e-07, -4.991888999938965e-07, 1, 1.005828522693264e-07, 3.725290298461914e-09, -7.450581307466564e-08, 0.6259872913360596, -0.7798332571983337, -1.527369164477932e-07, 0.7798333764076233, 0.6259872913360596),
            ["LeftHand"] = CFrame.new(-7.431954145431519e-07, 0.0000998377799987793, 3.5582343116402626e-07, 0.6959983706474304, 0.4143366515636444, -0.5864396691322327, -0.4967392385005951, 0.8675835132598877, 0.023432748392224312, 0.5184944272041321, 0.2749984860420227, 0.8096538782119751),
            ["RightUpperLeg"] = CFrame.new(-2.9802322387695312e-08, 4.423782229423523e-08, -1.6596459317952394e-08, 0.9925771951675415, -0.10402090102434158, -0.06301043927669525, 0.10050036758184433, 0.9933210611343384, -0.05668468773365021, 0.06848564743995667, 0.04993118718266487, 0.9964017868041992),
            ["LeftUpperLeg"] = CFrame.new(-5.960464477539063e-08, 1.2130476534366608e-07, -2.200249582529068e-08, 0.991715669631958, 0.11785642802715302, 0.05108768492937088, -0.10981199890375137, 0.9842081665992737, -0.13883662223815918, -0.0666436105966568, 0.13207636773586273, 0.988996684551239),
            ["RightLowerLeg"] = CFrame.new(-8.312053978443146e-08, -0.000003635883331298828, -0.000013295728422235698, 1, -2.0489096641540527e-08, -7.078052277620372e-08, 5.774199252073231e-08, 0.9395556449890137, 0.34239596128463745, -5.5879347371501353e-08, -0.34239640831947327, 0.9395557641983032),
            ["RightFoot"] = CFrame.new(-4.0978193283081055e-08, 3.5762786865234375e-07, 1.6952981241047382e-09, 0.9959361553192139, 0.08934058994054794, -0.011378014460206032, -0.09005779027938843, 0.9891801476478577, -0.11581122875213623, 0.0009086261270567775, 0.11636608839035034, 0.9932061433792114),
            ["LeftLowerLeg"] = CFrame.new(2.3748725652694702e-08, 0.000003874301910400391, 0.000013306736946105957, 1, 7.078051567077637e-08, 7.264316792543468e-08, -9.033830394855613e-08, 0.9153296947479248, 0.40270549058914185, 5.960465188081798e-08, -0.40270528197288513, 0.91532963514328),
        }},
        {Time = 0.233, Data = {
            ["LeftFoot"] = CFrame.new(-4.6566128730773926e-09, -1.1920928955078125e-07, -5.587935447692871e-09, 0.9988242983818054, -0.04807150736451149, 0.006266463082283735, 0.04847399890422821, 0.9920671582221985, -0.11598683148622513, -0.000641071586869657, 0.11615463346242905, 0.9932310581207275),
            ["LeftLowerArm"] = CFrame.new(-0.0004952847957611084, -0.00009763240814208984, -2.682209014892578e-07, 1, -2.230518418855354e-07, -6.100164284816856e-08, 1.6298149319027289e-07, 0.8609796762466431, -0.5086394548416138, 1.7287679554556235e-07, 0.5086394548416138, 0.8609796166419983),
            ["LowerTorso"] = CFrame.new(0.04971276968717575, 0.2682769298553467, 0.05691199004650116, 0.9999746084213257, 0.006021945271641016, -0.003833809867501259, -0.006237111520022154, 0.9982483983039856, -0.05883320793509483, 0.0034728040918707848, 0.05885561928153038, 0.9982605576515198),
            ["Head"] = CFrame.new(1.3969838619232178e-09, -2.384185791015625e-07, 1.0477378964424133e-09, 0.9993562698364258, -0.012269147671759129, 0.03371238708496094, 0.01444600336253643, 0.9977738261222839, -0.06510575115680695, -0.03283854201436043, 0.06555085629224777, 0.9973087310791016),
            ["RightUpperArm"] = CFrame.new(-0.011020779609680176, -0.07893884181976318, -1.6763806343078613e-08, 0.035331644117832184, -0.9864678978919983, 0.16010436415672302, 0.4723238945007324, -0.12469939142465591, -0.8725594878196716, 0.8807166814804077, 0.10644853115081787, 0.46152636408805847),
            ["UpperTorso"] = CFrame.new(1.280568540096283e-09, 5.960464477539063e-08, 4.802132025361061e-10, 0.9999512434005737, 0.0009561002952978015, -0.00983275193721056, -0.00030689881532453, 0.9978318214416504, 0.0658150464296341, 0.009874356910586357, -0.06580881774425507, 0.9977834820747375),
            ["HumanoidRootPart"] = CFrame.new(0, 0, 0, 1, 0, 0, 0, 1, 0, 0, 0, 1),
            ["RightHand"] = CFrame.new(-2.60770320892334e-07, 1.1920928955078125e-07, -3.725290298461914e-07, 0.8780198693275452, -0.3088493049144745, 0.3656407594680786, 0.3122655153274536, 0.9486024975776672, 0.05141634866595268, -0.3627277910709381, 0.06903243809938431, 0.9293349385261536),
            ["LeftUpperArm"] = CFrame.new(0.0110207200050354, -0.07893753051757812, -2.2351741790771484e-08, -0.014413519762456417, 0.9781643748283386, -0.20733484625816345, -0.4522233009338379, -0.19131270051002502, -0.8711446523666382, -0.8917883634567261, 0.08120424300432205, 0.4451058804988861),
            ["RightLowerArm"] = CFrame.new(-0.000004500150680541992, 2.980232238769531e-07, -6.854534149169922e-07, 1, 1.0803343286625022e-07, 7.264316792543468e-08, -5.960464477539063e-08, 0.8177505731582642, -0.5755728483200073, -7.310882210731506e-08, 0.5755727887153625, 0.8177505731582642),
            ["LeftHand"] = CFrame.new(-3.380700945854187e-07, 0.00009959936141967773, 5.140900611877441e-07, 0.8407182097434998, 0.32108432054519653, -0.4360019862651825, -0.25520381331443787, 0.9451367855072021, 0.20393040776252747, 0.4775604009628296, -0.060178566724061966, 0.8765357136726379),
            ["RightUpperLeg"] = CFrame.new(-8.940696716308594e-08, 5.883630365133286e-07, -1.4035322237759829e-08, 0.9972124099731445, -0.06721854209899902, -0.03239056468009949, 0.06516684591770172, 0.9960262179374695, -0.06070622801780701, 0.03634251654148102, 0.058426111936569214, 0.9976300001144409),
            ["LeftUpperLeg"] = CFrame.new(2.9802322387695312e-08, 3.7741847336292267e-07, -6.868503987789154e-09, 0.9982059597969055, 0.05421941354870796, 0.025401132181286812, -0.05072786659002304, 0.991201639175415, -0.1222541332244873, -0.03180617466568947, 0.1207461804151535, 0.9921737909317017),
            ["RightLowerLeg"] = CFrame.new(-8.405186235904694e-08, -0.0000037550926208496094, -0.000013267788744997233, 1, -7.17118453508192e-08, -2.7939684343891713e-08, 9.918586840740318e-08, 0.9334884881973267, 0.3586072325706482, 2.1886082279820585e-08, -0.3586074411869049, 0.9334886074066162),
            ["RightFoot"] = CFrame.new(2.9802322387695312e-08, 4.172325134277344e-07, -3.183231456205249e-08, 0.9968006610870361, 0.07919780910015106, -0.010776988230645657, -0.07990612834692001, 0.9905669689178467, -0.11131945997476578, 0.0018588867969810963, 0.1118251234292984, 0.9937262535095215),
            ["LeftLowerLeg"] = CFrame.new(2.7241185307502747e-08, 0.0000040531158447265625, 0.000013308599591255188, 1, -1.508742428768528e-07, -4.749743354182101e-08, 1.909211455597415e-08, 0.9157401323318481, 0.40177106857299805, -3.725290742551124e-09, -0.4017711281776428, 0.9157401919364929),
        }},
        {Time = 0.267, Data = {
            ["LeftFoot"] = CFrame.new(1.0360963642597198e-08, 0, 2.8405338525772095e-08, 0.9998070597648621, -0.017635038122534752, 0.008658777922391891, 0.018453966826200485, 0.9941965341567993, -0.10598468780517578, -0.006739686708897352, 0.1061243936419487, 0.994330108165741),
            ["LeftLowerArm"] = CFrame.new(-0.0004951655864715576, -0.00009745359420776367, -3.2782554626464844e-07, 1, -1.5099074346380803e-07, -1.6130076119225123e-07, 1.4062973718864669e-07, 0.9893954992294312, -0.14524704217910767, 1.1175873737556685e-07, 0.14524705708026886, 0.9893954396247864),
            ["LowerTorso"] = CFrame.new(0.05169873312115669, 0.24630975723266602, 0.058513808995485306, 0.9999529123306274, 0.00814069714397192, -0.005280637182295322, -0.008445795625448227, 0.9981271028518677, -0.06058892607688904, 0.004777510650455952, 0.0606306791305542, 0.9981488585472107),
            ["Head"] = CFrame.new(-2.9103830456733704e-09, -8.344650268554688e-07, 1.816079020500183e-08, 0.999215841293335, -0.016648203134536743, 0.03592658415436745, 0.019541407003998756, 0.9964618682861328, -0.0817440003156662, -0.03443857654929161, 0.08238193392753601, 0.996005654335022),
            ["RightUpperArm"] = CFrame.new(-0.011020660400390625, -0.07893884181976318, -1.4901161193847656e-08, 0.06740232557058334, -0.9685764908790588, -0.23941369354724884, 0.5338132977485657, 0.23772989213466644, -0.8114963173866272, 0.8429118990898132, -0.0731043741106987, 0.5330617427825928),
            ["UpperTorso"] = CFrame.new(-1.3969838619232178e-09, -2.086162567138672e-07, -4.802132025361061e-09, 0.9999425411224365, 0.0013267571339383721, -0.010643776506185532, -0.0005952734500169754, 0.99765545129776, 0.06843499094247818, 0.010709617286920547, -0.06842471659183502, 0.9975988864898682),
            ["HumanoidRootPart"] = CFrame.new(0, 0, 0, 1, 0, 0, 0, 1, 0, 0, 0, 1),
            ["RightHand"] = CFrame.new(5.960464477539063e-08, -2.980232238769531e-07, 0, 0.9345079660415649, -0.25871896743774414, 0.24445724487304688, 0.1797225922346115, 0.9357820153236389, 0.3033345937728882, -0.30723702907562256, -0.2395341396331787, 0.920993447303772),
            ["LeftUpperArm"] = CFrame.new(0.011020839214324951, -0.07893788814544678, -1.5832483768463135e-08, -0.00021742483659181744, 0.9852163195610046, 0.17131860554218292, -0.5125776529312134, 0.1469881534576416, -0.8459656238555908, -0.8586408495903015, -0.08799678087234497, 0.5049675107002258),
            ["RightLowerArm"] = CFrame.new(-0.000004112720489501953, 5.960464477539062e-07, -5.066394805908203e-07, 1, 1.2153761019817466e-07, 1.3492537220827217e-07, -7.078052988163108e-08, 0.9609184861183167, -0.27683156728744507, -1.6763810606335028e-07, 0.27683159708976746, 0.9609184861183167),
            ["LeftHand"] = CFrame.new(-4.153698682785034e-07, 0.00009948015213012695, 7.82310962677002e-08, 0.9280924201011658, 0.24190166592597961, -0.28306928277015686, -0.12269559502601624, 0.9164456129074097, 0.3808850944042206, 0.3515542149543762, -0.31876513361930847, 0.8802263140678406),
