return {
    ["Jump Jump"] = {
        {Time = 0.000, Data = {
            ["RightFoot"] = CFrame.new(1.4901161193847656e-08, 4.172325134277344e-07, 3.5921402741223574e-08, 0.9792705774307251, 0.17573069036006927, -0.10073734074831009, -0.14135175943374634, 0.94908207654953, 0.28153735399246216, 0.14508238434791565, -0.26146143674850464, 0.954247772693634),
            ["LeftLowerArm"] = CFrame.new(-8.642673492431641e-07, 7.152557373046875e-07, 6.705522537231445e-08, 1, -6.286425957569008e-08, 4.23751558287222e-08, 5.215404996761208e-08, 0.635773241519928, -0.7718758583068848, 1.6763802790364934e-08, 0.7718758583068848, 0.6357733011245728),
            ["RightUpperArm"] = CFrame.new(4.76837158203125e-07, 8.344650268554688e-07, 2.384185791015625e-07, -0.06775575131177902, -0.8883393406867981, 0.4541610777378082, 0.8053683042526245, -0.3173830807209015, -0.5006496906280518, 0.5888896584510803, 0.3318450152873993, 0.7369447946548462),
            ["Head"] = CFrame.new(-5.960464477539063e-08, 9.5367431640625e-07, 1.9371509552001953e-07, 0.9257108569145203, 0.22215694189071655, -0.3061138093471527, -0.29251378774642944, 0.9335755109786987, -0.2070569097995758, 0.23978117108345032, 0.2812173366546631, 0.9292050004005432),
            ["RightHand"] = CFrame.new(-3.129243850708008e-07, 0.0000010728836059570312, -9.08970832824707e-07, 0.909385621547699, -0.4083350598812103, -0.07924877107143402, 0.38928988575935364, 0.9026173949241638, -0.18367144465446472, 0.14653083682060242, 0.13617739081382751, 0.9797880053520203),
            ["UpperTorso"] = CFrame.new(1.9371509552001953e-07, 0.0000012218952178955078, -7.450580596923828e-08, 0.9905449748039246, 0.07773543894290924, 0.11303973942995071, -0.09775549173355103, 0.9780483841896057, 0.18402548134326935, -0.09625299274921417, -0.19333580136299133, 0.976399838924408),
            ["HumanoidRootPart"] = CFrame.new(0, 0, 0, 1, 0, 0, 0, 1, 0, 0, 0, 1),
            ["RightUpperLeg"] = CFrame.new(8.940696716308594e-07, 3.5762786865234375e-07, 1.7711863620206714e-07, 0.9879965782165527, -0.12371908128261566, -0.09250093996524811, 0.07123609632253647, 0.8962299227714539, -0.4378322958946228, 0.1370704472064972, 0.42598772048950195, 0.8942855596542358),
            ["LeftUpperArm"] = CFrame.new(-1.1920928955078125e-07, 0, 2.0954757928848267e-07, 0.9834316372871399, 0.18118619918823242, -0.005819723010063171, -0.1610688865184784, 0.8880701065063477, 0.4305676221847534, 0.08318119496107101, -0.4224964380264282, 0.9025396108627319),
            ["RightLowerArm"] = CFrame.new(-0.0000012516975402832031, 0.0000015497207641601562, 2.086162567138672e-07, 1, -3.445895657705478e-08, 3.632156264643527e-08, 7.4505820180093e-08, 0.6914525628089905, -0.7224219441413879, 2.2351747119842003e-08, 0.7224219441413879, 0.6914524435997009),
            ["LeftHand"] = CFrame.new(-4.470348358154297e-08, 2.980232238769531e-07, 2.9802322387695312e-08, 0.879112184047699, 0.4764062166213989, 0.014104722999036312, -0.4703294336795807, 0.8719289898872375, -0.13612577319145203, -0.07714942842721939, 0.11303595453500748, 0.9905912280082703),
            ["LeftFoot"] = CFrame.new(-1.6391277313232422e-07, -5.960464477539063e-08, 7.450580596923828e-08, 0.9530706405639648, -0.004134662915021181, 0.3027200400829315, -0.05713114142417908, 0.9794853329658508, 0.19324810802936554, -0.29730892181396484, -0.20147347450256348, 0.9332822561264038),
            ["LowerTorso"] = CFrame.new(1.3360353708267212, -0.05010104179382324, -0.7744720578193665, 0.9354219436645508, -0.2753218412399292, 0.22177399694919586, 0.25100642442703247, 0.9589712619781494, 0.1317954957485199, -0.24896104633808136, -0.06761771440505981, 0.9661502242088318),
            ["RightLowerLeg"] = CFrame.new(2.682209014892578e-07, -0.0000036954879760742188, -0.000013305041647981852, 1, -1.0058288779646318e-07, -6.062331436851309e-08, 3.3527619791584584e-08, 0.7565069198608398, 0.6539856195449829, -3.72529100900465e-08, -0.6539857983589172, 0.7565070390701294),
            ["LeftUpperLeg"] = CFrame.new(6.556510925292969e-07, 2.868473529815674e-07, 1.1920928955078125e-07, 0.9572975635528564, -0.2703250050544739, -0.10249830037355423, 0.07772623747587204, 0.5821364521980286, -0.8093673586845398, 0.27846038341522217, 0.7668386697769165, 0.5782893896102905),
            ["LeftLowerLeg"] = CFrame.new(1.4156103134155273e-07, 0.000003635883331298828, 0.000013083219528198242, 1, 8.288768071906816e-08, 5.029144389823159e-08, -7.823110337312755e-08, 0.2838236391544342, 0.9588764309883118, 4.842878098543224e-08, -0.9588765501976013, 0.2838241755962372),
        }},
        {Time = 0.033, Data = {
            ["RightFoot"] = CFrame.new(-2.086162567138672e-07, 1.1920928955078125e-07, -2.438173396512866e-08, 0.9672918915748596, 0.22487035393714905, -0.11738933622837067, -0.22680167853832245, 0.9739356637001038, -0.0031916804146021605, 0.11361170560121536, 0.029711395502090454, 0.9930809140205383),
            ["LeftLowerArm"] = CFrame.new(-8.046627044677734e-07, 5.960464477539062e-07, -2.812594175338745e-07, 1, -5.21540641784668e-08, 4.097818262494002e-08, 6.70552182668871e-08, 0.6381299495697021, -0.7699286937713623, 2.2351738238057806e-08, 0.7699286341667175, 0.6381298899650574),
            ["RightUpperArm"] = CFrame.new(-1.1920928955078125e-07, 0, -2.9802322387695312e-08, -0.11564767360687256, -0.7956075668334961, 0.5946715474128723, 0.6477905511856079, -0.5142626166343689, -0.5620511174201965, 0.7529893517494202, 0.3202226459980011, 0.5748602151870728),
            ["Head"] = CFrame.new(-2.086162567138672e-07, 2.384185791015625e-07, -2.9802322387695312e-08, 0.9330775141716003, 0.22914281487464905, -0.27723631262779236, -0.2889883518218994, 0.9365101456642151, -0.19858144223690033, 0.21413111686706543, 0.2654099464416504, 0.9400560855865479),
            ["RightHand"] = CFrame.new(1.4901161193847656e-07, 5.364418029785156e-07, -4.023313522338867e-07, 0.8068118691444397, -0.5678718686103821, -0.1630220264196396, 0.5247948169708252, 0.8155840039253235, -0.24374844133853912, 0.2713759243488312, 0.1111060231924057, 0.9560390710830688),
            ["UpperTorso"] = CFrame.new(-5.811452865600586e-07, 2.682209014892578e-07, -1.1920928955078125e-07, 0.9917182326316833, 0.0785227045416832, 0.10163268446922302, -0.09580571204423904, 0.979313850402832, 0.17822958528995514, -0.08553526550531387, -0.1864905059337616, 0.9787262678146362),
            ["HumanoidRootPart"] = CFrame.new(0, 0, 0, 1, 0, 0, 0, 1, 0, 0, 0, 1),
            ["RightUpperLeg"] = CFrame.new(2.980232238769531e-07, 8.940696716308594e-08, 8.77116690389812e-08, 0.9934095740318298, -0.0927644893527031, -0.06732212752103806, 0.057932157069444656, 0.9131748676300049, -0.4034298360347748, 0.09890089929103851, 0.39687103033065796, 0.9125306606292725),
            ["LeftUpperArm"] = CFrame.new(5.960464477539063e-08, -1.1920928955078125e-07, 2.1047890186309814e-07, 0.9913206100463867, 0.10804726928472519, -0.07489486783742905, -0.0711723044514656, 0.9200548529624939, 0.3852708637714386, 0.11053478717803955, -0.3765966296195984, 0.9197592735290527),
            ["RightLowerArm"] = CFrame.new(-0.0000016689300537109375, 3.5762786865234375e-07, -3.073364496231079e-07, 1, -6.705528221573331e-08, 1.4901157641133977e-08, 6.332994928470725e-08, 0.7604600787162781, -0.6493847370147705, 2.6077039194660756e-08, 0.6493847370147705, 0.7604599595069885),
            ["LeftHand"] = CFrame.new(-1.4901161193847656e-08, 5.960464477539063e-08, -1.0058283805847168e-07, 0.8675185441970825, 0.4953295588493347, 0.04539103806018829, -0.48467493057250977, 0.8623024225234985, -0.14671318233013153, -0.11181221902370453, 0.10527650266885757, 0.9881371855735779),
            ["LeftFoot"] = CFrame.new(2.0116567611694336e-07, 5.960464477539063e-08, -2.9802322387695312e-08, 0.8898023962974548, 0.2456701546907425, 0.38457536697387695, -0.19447694718837738, 0.9665091633796692, -0.16744749248027802, -0.41283220052719116, 0.07420440763235092, 0.9077792167663574),
            ["LowerTorso"] = CFrame.new(1.404356837272644, -0.19653010368347168, -0.8031358122825623, 0.9309056997299194, -0.28600284457206726, 0.22719377279281616, 0.2682785093784332, 0.9574829339981079, 0.1060805395245552, -0.2478734701871872, -0.03779977560043335, 0.9680547714233398),
            ["RightLowerLeg"] = CFrame.new(5.960464477539062e-07, -0.000003337860107421875, -0.000013305041647981852, 1, -1.3411047916633834e-07, -7.450584860180243e-08, 1.3038518886787642e-07, 0.6688966155052185, 0.7433553338050842, -8.940698847936801e-08, -0.7433555722236633, 0.6688968539237976),
            ["LeftUpperLeg"] = CFrame.new(-2.384185791015625e-07, 2.3283064365386963e-07, 2.2351741790771484e-07, 0.96750408411026, -0.2513136863708496, -0.02787989005446434, 0.14536134898662567, 0.6430255770683289, -0.7519229054450989, 0.20689623057842255, 0.7234358787536621, 0.6586611866950989),
            ["LeftLowerLeg"] = CFrame.new(-6.332993507385254e-08, 0.000003933906555175781, 0.000012993812561035156, 1, 9.313224325069314e-08, 4.4703497792397684e-08, -2.2351741790771484e-08, 0.20250949263572693, 0.9792802333831787, 5.21540641784668e-08, -0.9792802929878235, 0.20250986516475677),
        }},
        {Time = 0.067, Data = {
            ["RightFoot"] = CFrame.new(3.7997961044311523e-07, 2.980232238769531e-07, 6.875052349641919e-08, 0.9572234153747559, 0.24925275146961212, -0.14695745706558228, -0.27993640303611755, 0.9262425899505615, -0.25240886211395264, 0.07320455461740494, 0.2827502489089966, 0.9563960433006287),
            ["LeftLowerArm"] = CFrame.new(-8.344650268554688e-07, -1.1920928955078125e-07, 6.798654794692993e-08, 1, -3.352760202801619e-08, 4.470347292340193e-08, 8.195638656616211e-08, 0.6512045860290527, -0.7589022517204285, 1.862645149230957e-08, 0.7589021921157837, 0.651204526424408),
            ["RightUpperArm"] = CFrame.new(2.384185791015625e-07, 7.152557373046875e-07, -2.2351741790771484e-07, -0.0732613354921341, -0.7181546092033386, 0.6920164227485657, 0.5106112360954285, -0.6230487823486328, -0.5925254225730896, 0.8566848039627075, 0.3099421262741089, 0.41234323382377625),
            ["Head"] = CFrame.new(-2.9802322387695312e-08, 0.0000011920928955078125, -1.9371509552001953e-07, 0.951180100440979, 0.2342359870672226, -0.20097269117832184, -0.27408063411712646, 0.9404487013816833, -0.20108728110790253, 0.14190265536308289, 0.24635286629199982, 0.9587355852127075),
            ["RightHand"] = CFrame.new(-3.073364496231079e-07, 0.0000011324882507324219, -0.000001043081283569336, 0.698154866695404, -0.6937874555587769, -0.17674520611763, 0.6439772248268127, 0.7164114713668823, -0.2684178948402405, 0.31284716725349426, 0.07357735931873322, 0.9469493627548218),
            ["UpperTorso"] = CFrame.new(-2.682209014892578e-07, 4.76837158203125e-07, -1.1920928955078125e-07, 0.9955052137374878, 0.07463409006595612, 0.058303363621234894, -0.08232582360506058, 0.9862703084945679, 0.14315497875213623, -0.046818703413009644, -0.14731134474277496, 0.9879815578460693),
            ["HumanoidRootPart"] = CFrame.new(0, 0, 0, 1, 0, 0, 0, 1, 0, 0, 0, 1),
            ["RightUpperLeg"] = CFrame.new(1.1920928955078125e-07, 4.172325134277344e-07, -1.0600342648103833e-07, 0.9942492246627808, -0.08792829513549805, -0.06113177537918091, 0.0570879802107811, 0.9181411862373352, -0.392119437456131, 0.09060586988925934, 0.38637465238571167, 0.9178808927536011),
            ["LeftUpperArm"] = CFrame.new(0, 2.384185791015625e-07, 1.4901161193847656e-08, 0.9903572201728821, 0.06831873208284378, -0.1205204501748085, -0.025169258937239647, 0.944200336933136, 0.32840877771377563, 0.1362318992614746, -0.32220861315727234, 0.9368150234222412),
            ["RightLowerArm"] = CFrame.new(-0.0000016391277313232422, 0.0000012516975402832031, -4.3213367462158203e-07, 1, -4.936013198175715e-08, 6.51925624595151e-09, 3.91155481338501e-08, 0.7340322732925415, -0.6791146397590637, 1.862645149230957e-09, 0.6791146397590637, 0.7340322136878967),
            ["LeftHand"] = CFrame.new(0, -1.1920928955078125e-07, 5.960464477539063e-08, 0.8525996804237366, 0.5178266763687134, 0.07020962983369827, -0.5036637783050537, 0.8501187562942505, -0.15369105339050293, -0.1392718404531479, 0.09567487239837646, 0.9856215119361877),
            ["LeftFoot"] = CFrame.new(7.450580596923828e-08, -5.960464477539063e-08, -2.9802322387695312e-08, 0.8262631297111511, 0.4366874098777771, 0.35580024123191833, -0.24018485844135284, 0.8444871306419373, -0.47869873046875, -0.5095101594924927, 0.31007370352745056, 0.8026542067527771),
            ["LowerTorso"] = CFrame.new(1.4551080465316772, -0.30904078483581543, -0.8183340430259705, 0.9285693764686584, -0.2874731421470642, 0.23477253317832947, 0.2671735882759094, 0.9567819237709045, 0.11483389139175415, -0.25763773918151855, -0.04390622675418854, 0.9652435183525085),
            ["RightLowerLeg"] = CFrame.new(0, -0.000003933906555175781, -0.000013334843970369548, 1, -1.49011640360186e-07, -2.607702853651972e-08, 1.6763806343078613e-07, 0.601584792137146, 0.7988092303276062, -7.450580596923828e-08, -0.7988089919090271, 0.6015844345092773),
            ["LeftUpperLeg"] = CFrame.new(0, 2.123415470123291e-07, 1.1920928955078125e-07, 0.9682873487472534, -0.24812957644462585, 0.029176607728004456, 0.19821697473526, 0.6918732523918152, -0.694277286529541, 0.15208430588245392, 0.67804354429245, 0.7191159725189209),
            ["LeftLowerLeg"] = CFrame.new(-2.9802322387695312e-08, 0.000003933906555175781, 0.000013440847396850586, 1, 1.1920926112907182e-07, 3.7252917195473856e-08, -5.21540641784668e-08, 0.18600551784038544, 0.9825486540794373, 2.9802322387695312e-08, -0.982548713684082, 0.18600596487522125),
        }},
        {Time = 0.100, Data = {
            ["RightFoot"] = CFrame.new(-1.862645149230957e-07, 3.5762786865234375e-07, -1.3205863069742918e-08, 0.9529311060905457, 0.2546156048774719, -0.16460135579109192, -0.30218055844306946, 0.841815710067749, -0.4472511112689972, 0.024686776101589203, 0.4759384095668793, 0.8791319727897644),
            ["LeftLowerArm"] = CFrame.new(-9.238719940185547e-07, 5.364418029785156e-07, -1.6880221664905548e-09, 1, -3.725289943190546e-08, 2.235172580355993e-08, 6.332992796842518e-08, 0.6763239502906799, -0.7366044521331787, 2.0721925508837558e-08, 0.7366044521331787, 0.6763238906860352),
            ["RightUpperArm"] = CFrame.new(2.384185791015625e-07, 1.1920928955078125e-07, -1.1920928955078125e-07, 0.022228967398405075, -0.6780945658683777, 0.7346384525299072, 0.4162673354148865, -0.6618171334266663, -0.6234739422798157, 0.9089705348014832, 0.31966522336006165, 0.2675568759441376),
            ["Head"] = CFrame.new(-1.7881393432617188e-07, 8.344650268554688e-07, -1.341104507446289e-07, 0.9692766666412354, 0.234079971909523, -0.07556028664112091, -0.2450340986251831, 0.9457060098648071, -0.21353785693645477, 0.021472899243235588, 0.22549206018447876, 0.9740083813667297),
            ["RightHand"] = CFrame.new(-2.5331974029541016e-07, 0.0000013113021850585938, -8.344650268554688e-07, 0.598022997379303, -0.7902829647064209, -0.13349755108356476, 0.7532651424407959, 0.611095666885376, -0.24321556091308594, 0.273788720369339, 0.04488939419388771, 0.9607416987419128),
            ["UpperTorso"] = CFrame.new(1.043081283569336e-07, 4.470348358154297e-07, -1.9371509552001953e-07, 0.9979963302612305, 0.06130332127213478, -0.015660589560866356, -0.059939466416835785, 0.9952824711799622, 0.07628984749317169, 0.020263532176613808, -0.07519832998514175, 0.9969626665115356),
            ["HumanoidRootPart"] = CFrame.new(0, 0, 0, 1, 0, 0, 0, 1, 0, 0, 0, 1),
            ["RightUpperLeg"] = CFrame.new(0, -2.8312206268310547e-07, 1.1751399142667651e-07, 0.991021990776062, -0.11288370192050934, -0.07164274156093597, 0.07044573873281479, 0.8963077068328857, -0.43780097365379333, 0.11363452672958374, 0.4288237988948822, 0.8962129354476929),
            ["LeftUpperArm"] = CFrame.new(1.7881393432617188e-07, -4.76837158203125e-07, 1.1920928955078125e-07, 0.987168550491333, 0.06528066843748093, -0.14572861790657043, -0.024955756962299347, 0.9644742012023926, 0.26299595832824707, 0.15772010385990143, -0.2559845745563507, 0.9537275433540344),
            ["RightLowerArm"] = CFrame.new(-0.0000017583370208740234, 0.000002205371856689453, 1.6391277313232422e-07, 1, -7.078055830334051e-08, 5.2154071283894154e-08, 1.2293459406009788e-07, 0.6157676577568054, -0.7879278659820557, 7.450581307466564e-08, 0.7879278659820557, 0.6157676577568054),
            ["LeftHand"] = CFrame.new(3.725290298461914e-08, 2.980232238769531e-07, -3.5390257835388184e-08, 0.8345491290092468, 0.543751060962677, 0.08867217600345612, -0.5273566842079163, 0.8350003361701965, -0.1570650190114975, -0.15944553911685944, 0.08431664854288101, 0.9835994243621826),
            ["LeftFoot"] = CFrame.new(-3.725290298461914e-08, 5.960464477539063e-08, -2.9802322387695312e-08, 0.8074459433555603, 0.5350386500358582, 0.24852541089057922, -0.21328765153884888, 0.6575310230255127, -0.7226073741912842, -0.5500358939170837, 0.5304588675498962, 0.645037829875946),
            ["LowerTorso"] = CFrame.new(1.4886887073516846, -0.387129545211792, -0.819870114326477, 0.9283113479614258, -0.2801336348056793, 0.24446554481983185, 0.24699649214744568, 0.9561017751693726, 0.1576773226261139, -0.2779046893119812, -0.0859915167093277, 0.9567520618438721),
            ["RightLowerLeg"] = CFrame.new(-6.258487701416016e-07, -0.000003814697265625, -0.000012977216101717204, 1, -1.192093321833454e-07, -6.705523958316917e-08, 1.3411047916633834e-07, 0.5161342024803162, 0.8565080165863037, -9.685756907629184e-08, -0.8565078377723694, 0.5161337852478027),
            ["LeftUpperLeg"] = CFrame.new(-5.960464477539063e-08, 1.862645149230957e-08, 4.470348358154297e-08, 0.9665054678916931, -0.24975602328777313, 0.05906885862350464, 0.22720660269260406, 0.7256361246109009, -0.6494836807250977, 0.1193503737449646, 0.641150712966919, 0.7580777406692505),
            ["LeftLowerLeg"] = CFrame.new(2.9802322387695312e-08, 0.0000040531158447265625, 0.0000133514404296875, 1, 1.0430811414607888e-07, 8.940703821735951e-08, 7.450581485102248e-09, 0.21898789703845978, 0.9757275581359863, 4.4703490686970326e-08, -0.9757276177406311, 0.2189883589744568),
        }},
        {Time = 0.133, Data = {
            ["RightFoot"] = CFrame.new(-8.195638656616211e-08, 2.980232238769531e-07, 4.639878170564771e-08, 0.9553940296173096, 0.2760727107524872, -0.10491198301315308, -0.29425257444381714, 0.9201862215995789, -0.25821030139923096, 0.02525349333882332, 0.2775631248950958, 0.9603754281997681),
            ["LeftLowerArm"] = CFrame.new(-7.152557373046875e-07, 4.172325134277344e-07, 1.8998980522155762e-07, 1, -5.21540464148984e-08, 2.4447208701872114e-08, 6.519257311765614e-08, 0.6707170605659485, -0.741713285446167, 3.352760913344355e-08, 0.741713285446167, 0.6707170605659485),
            ["RightUpperArm"] = CFrame.new(4.76837158203125e-07, 2.384185791015625e-07, -5.960464477539063e-08, 0.09476455301046371, -0.7529250383377075, 0.6512476801872253, 0.6026952266693115, -0.4772830307483673, -0.6394995450973511, 0.7923245429992676, 0.4531056582927704, 0.4085546135902405),
            ["Head"] = CFrame.new(-1.341104507446289e-07, 4.76837158203125e-07, -4.470348358154297e-08, 0.9621589779853821, 0.24541808664798737, 0.11840648204088211, -0.21381092071533203, 0.9493454694747925, -0.23027828335762024, -0.16892306506633759, 0.19624774158000946, 0.9658942818641663),
            ["RightHand"] = CFrame.new(-5.364418029785156e-07, 8.940696716308594e-07, -8.344650268554688e-07, 0.5031726956367493, -0.8641646504402161, 0.006050967611372471, 0.8591629862785339, 0.49948203563690186, -0.11116038262844086, 0.09303849935531616, 0.06113167852163315, 0.9937840700149536),
            ["UpperTorso"] = CFrame.new(-2.980232238769531e-07, 7.748603820800781e-07, -2.384185791015625e-07, 0.9961709380149841, 0.07576748728752136, -0.043622251600027084, -0.07415926456451416, 0.9965457916259766, 0.03737736865878105, 0.046303555369377136, -0.033999260514974594, 0.9983487129211426),
            ["HumanoidRootPart"] = CFrame.new(0, 0, 0, 1, 0, 0, 0, 1, 0, 0, 0, 1),
            ["RightUpperLeg"] = CFrame.new(1.1920928955078125e-07, 4.470348358154297e-07, -7.620110409334302e-08, 0.986668050289154, -0.14155393838882446, -0.08030400425195694, 0.10265500098466873, 0.9242069721221924, -0.3678363561630249, 0.12628626823425293, 0.3546885848045349, 0.9264166355133057),
            ["LeftUpperArm"] = CFrame.new(1.7881393432617188e-07, 4.76837158203125e-07, 1.5087425708770752e-07, 0.9587147831916809, 0.13206174969673157, -0.2518448233604431, -0.07983105629682541, 0.9749999046325684, 0.2073696404695511, 0.2729342579841614, -0.17870324850082397, 0.9452893733978271),
            ["RightLowerArm"] = CFrame.new(-0.0000028312206268310547, 0.0000013113021850585938, 0.000001043081283569336, 1, -8.195641498787154e-08, 5.960463766996327e-08, 1.5646223516796454e-07, 0.26478826999664307, -0.9643065929412842, 9.685756907629184e-08, 0.9643065929412842, 0.26478835940361023),
            ["LeftHand"] = CFrame.new(0, 3.5762786865234375e-07, 3.405148163437843e-08, 0.8317497372627258, 0.5471600294113159, 0.09385291486978531, -0.5200110077857971, 0.8270794153213501, -0.2133733034133911, -0.19437307119369507, 0.1286686360836029, 0.9724523425102234),
            ["LeftFoot"] = CFrame.new(-1.4901161193847656e-08, 1.1920928955078125e-07, 1.4901161193847656e-08, 0.8203573226928711, 0.48366206884384155, 0.3050985634326935, -0.2410174012184143, 0.7762589454650879, -0.5825222730636597, -0.5185792446136475, 0.4043426513671875, 0.7533808946609497),
            ["LowerTorso"] = CFrame.new(1.439935564994812, -0.28644227981567383, -0.8441233038902283, 0.9368584752082825, -0.26204386353492737, 0.23158004879951477, 0.23408067226409912, 0.961874783039093, 0.1414324939250946, -0.2598125636577606, -0.0782938227057457, 0.9624798893928528),
            ["RightLowerLeg"] = CFrame.new(2.086162567138672e-07, -0.000003635883331298828, -0.000013334843970369548, 1, -5.215407838932151e-08, -3.725290742551124e-09, 1.3783575525394554e-07, 0.6550074815750122, 0.7556226253509521, -5.2154071283894154e-08, -0.7556225061416626, 0.6550073027610779),
            ["LeftUpperLeg"] = CFrame.new(-4.172325134277344e-07, 6.183981895446777e-07, 1.1920928955078125e-07, 0.9641314148902893, -0.2634052336215973, 0.032681968063116074, 0.2312069684267044, 0.7729709148406982, -0.5908124446868896, 0.13036112487316132, 0.5771774053573608, 0.8061467409133911),
            ["LeftLowerLeg"] = CFrame.new(1.7881393432617188e-07, 0.000003874301910400391, 0.0000133514404296875, 1, 1.490115550950577e-07, 1.1175880132441307e-07, -1.0430809993522416e-07, 0.3607212007045746, 0.9326733946800232, 3.725289587919178e-08, -0.9326736927032471, 0.3607218861579895),
        }},
        {Time = 0.167, Data = {
            ["RightFoot"] = CFrame.new(-7.450580596923828e-09, 4.172325134277344e-07, -3.55576048605144e-08, 0.9572432637214661, 0.2840753197669983, -0.054652560502290726, -0.2752801179885864, 0.952568769454956, 0.12974345684051514, 0.0889168381690979, -0.10915093868970871, 0.9900403618812561),
            ["LeftLowerArm"] = CFrame.new(-8.940696716308594e-07, -1.1920928955078125e-07, 5.774199962615967e-08, 1, -7.636842269675981e-08, 4.4703469370688254e-08, 7.078048724906694e-08, 0.665485143661499, -0.7464112043380737, 1.7695121812266734e-08, 0.7464110851287842, 0.665485143661499),
            ["RightUpperArm"] = CFrame.new(1.1920928955078125e-07, 1.1920928955078125e-07, -2.384185791015625e-07, 0.23026946187019348, -0.7309374809265137, 0.6424222588539124, 0.8208118081092834, -0.20872627198696136, -0.531696617603302, 0.5227274298667908, 0.6497413516044617, 0.5518988966941833),
            ["Head"] = CFrame.new(-3.5762786865234375e-07, 2.384185791015625e-07, -7.450580596923828e-08, 0.9444953203201294, 0.19431933760643005, 0.26489362120628357, -0.15481603145599365, 0.9744349122047424, -0.16281460225582123, -0.28975963592529297, 0.11276786774396896, 0.9504328966140747),
            ["RightHand"] = CFrame.new(-4.470348358154297e-07, 0.000001430511474609375, -7.152557373046875e-07, 0.5820909738540649, -0.8082529306411743, 0.0888681411743164, 0.812966525554657, 0.5806410312652588, -0.044061966240406036, -0.01598731055855751, 0.0978948324918747, 0.9950684309005737),
            ["UpperTorso"] = CFrame.new(1.043081283569336e-07, 4.470348358154297e-07, -1.1920928955078125e-07, 0.9932159781455994, 0.1149599626660347, -0.017504209652543068, -0.11412730067968369, 0.9925426244735718, 0.042826928198337555, 0.022297071292996407, -0.04053865373134613, 0.9989292621612549),
            ["HumanoidRootPart"] = CFrame.new(0, 0, 0, 1, 0, 0, 0, 1, 0, 0, 0, 1),
            ["RightUpperLeg"] = CFrame.new(6.556510925292969e-07, -6.705522537231445e-08, 1.3205863069742918e-08, 0.9881018996238708, -0.15379558503627777, -0.0013032065471634269, 0.14433807134628296, 0.9301989674568176, -0.33748599886894226, 0.05311618000268936, 0.3332822024822235, 0.9413296580314636),
            ["LeftUpperArm"] = CFrame.new(-1.1920928955078125e-07, 2.384185791015625e-07, 2.2351741790771484e-08, 0.9171090722084045, 0.17745853960514069, -0.35695865750312805, -0.12246263027191162, 0.9775688052177429, 0.17135405540466309, 0.3793599009513855, -0.11343628913164139, 0.918269157409668),
            ["RightLowerArm"] = CFrame.new(-0.0000011324882507324219, 0.0000013709068298339844, -4.76837158203125e-07, 1, -8.940698847936801e-08, 5.960464477539063e-08, 7.4505820180093e-08, 0.1808999627828598, -0.9835014939308167, 1.1920931797249068e-07, 0.9835015535354614, 0.18089991807937622),
            ["LeftHand"] = CFrame.new(-7.450580596923828e-08, 5.960464477539063e-08, -2.9802322387695312e-08, 0.8379643559455872, 0.5323815941810608, 0.11994050443172455, -0.5128715634346008, 0.8433679342269897, -0.16029150784015656, -0.18649014830589294, 0.07280454784631729, 0.9797556400299072),
            ["LeftFoot"] = CFrame.new(-5.960464477539063e-08, 0, 8.940696716308594e-08, 0.8907502293586731, 0.33621829748153687, 0.30581244826316833, -0.26435598731040955, 0.9306107759475708, -0.25313907861709595, -0.3697027862071991, 0.14464060962200165, 0.9178231358528137),
            ["LowerTorso"] = CFrame.new(1.355644941329956, -0.12519550323486328, -0.8599611520767212, 0.9576820135116577, -0.23616217076778412, 0.16453766822814941, 0.22236743569374084, 0.9700245261192322, 0.09800654649734497, -0.18275097012519836, -0.057271286845207214, 0.9814898371696472),
            ["RightLowerLeg"] = CFrame.new(3.725290298461914e-07, -0.000003814697265625, -0.000013185832358431071, 1, -1.4901162614933128e-07, -2.421438694000244e-08, 1.266598843585598e-07, 0.7736751437187195, 0.633582353591919, -7.450581485102248e-09, -0.6335825324058533, 0.7736753225326538),
            ["LeftUpperLeg"] = CFrame.new(1.1920928955078125e-07, 8.195638656616211e-08, 1.043081283569336e-07, 0.9721279144287109, -0.22093798220157623, 0.07844585925340652, 0.23041534423828125, 0.8385124206542969, -0.4937671422958374, 0.043314166367053986, 0.4980798065662384, 0.8660486936569214),
            ["LeftLowerLeg"] = CFrame.new(1.7881393432617188e-07, 0.0000040531158447265625, 0.000013440847396850586, 1, 3.7252888773764425e-08, 1.4901168299275014e-08, 1.4901159417490817e-08, 0.5597034096717834, 0.8286927342414856, 1.4901159417490817e-08, -0.8286930918693542, 0.5597039461135864),
        }},
        {Time = 0.200, Data = {
            ["RightFoot"] = CFrame.new(-1.1175870895385742e-07, 2.384185791015625e-07, -4.300818545743823e-08, 0.976098895072937, 0.217140793800354, -0.00900205597281456, -0.2015291452407837, 0.9198707342147827, 0.33648762106895447, 0.08134588599205017, -0.32663100957870483, 0.9416449069976807),
            ["LeftLowerArm"] = CFrame.new(-5.066394805908203e-07, 4.172325134277344e-07, 1.7136335372924805e-07, 1, -9.685751223287298e-08, -7.450577932388569e-09, 6.70552182668871e-08, 0.664760172367096, -0.7470568418502808, 5.215405707303944e-08, 0.7470568418502808, 0.664760172367096),
            ["RightUpperArm"] = CFrame.new(7.152557373046875e-07, 0, -1.6391277313232422e-07, 0.3852531909942627, -0.5705114006996155, 0.7253254055976868, 0.9119678735733032, 0.11524053663015366, -0.39374402165412903, 0.14104849100112915, 0.8131644129753113, 0.5646846890449524),
            ["Head"] = CFrame.new(1.7136335372924805e-07, 4.76837158203125e-07, -1.7881393432617188e-07, 0.8930956721305847, 0.09618458896875381, 0.4394639730453491, -0.065727598965168, 0.9942919015884399, -0.08404449373483658, -0.44503918290138245, 0.04617485776543617, 0.8943198919296265),
            ["RightHand"] = CFrame.new(-2.1792948246002197e-07, 9.5367431640625e-07, -0.0000010728836059570312, 0.7271766066551208, -0.6814134120941162, 0.08300601691007614, 0.6855318546295166, 0.7271283864974976, -0.03647543489933014, -0.0355011485517025, 0.08342736214399338, 0.9958813786506653),
            ["UpperTorso"] = CFrame.new(-1.043081283569336e-07, 4.76837158203125e-07, -1.862645149230957e-07, 0.9850855469703674, 0.1720181107521057, 0.0040237782523036, -0.17184722423553467, 0.9823921322822571, 0.0733095332980156, 0.008657640777528286, -0.07290764153003693, 0.9973012208938599),
            ["HumanoidRootPart"] = CFrame.new(0, 0, 0, 1, 0, 0, 0, 1, 0, 0, 0, 1),
            ["RightUpperLeg"] = CFrame.new(0.0000012516975402832031, -9.685754776000977e-07, 1.3205863069742918e-08, 0.98255455493927, -0.1855604499578476, 0.012408601120114326, 0.17488189041614532, 0.899189829826355, -0.4010910987854004, 0.0632689893245697, 0.3962639272212982, 0.9159542322158813),
            ["LeftUpperArm"] = CFrame.new(1.7881393432617188e-07, -1.1920928955078125e-07, 7.264316082000732e-08, 0.8333519101142883, 0.24256186187267303, -0.4966774880886078, -0.2023191750049591, 0.9700687527656555, 0.13428957760334015, 0.5143847465515137, -0.011423093266785145, 0.8574833869934082),
            ["RightLowerArm"] = CFrame.new(-6.556510925292969e-07, 0.0000018477439880371094, -7.450580596923828e-08, 1, -1.0617080903330134e-07, 5.122273449842396e-08, 7.683414793291377e-08, 0.3513522744178772, -0.9362434148788452, 3.1432151104127115e-08, 0.9362434148788452, 0.3513523042201996),
            ["LeftHand"] = CFrame.new(-5.960464477539063e-08, 5.960464477539062e-07, 5.960464477539063e-08, 0.8771517276763916, 0.4566168785095215, 0.14868034422397614, -0.4485621452331543, 0.8896220326423645, -0.08581757545471191, -0.1714550405740738, 0.008582659997045994, 0.9851546287536621),
            ["LeftFoot"] = CFrame.new(1.4901161193847656e-07, 1.7881393432617188e-07, 0, 0.9585717916488647, -0.017530320212244987, 0.2843113839626312, 0.010613190941512585, 0.9996094703674316, 0.025852231308817863, -0.2846534252166748, -0.02176378294825554, 0.9583834409713745),
            ["LowerTorso"] = CFrame.new(1.2588590383529663, 0.0530390739440918, -0.8747546076774597, 0.975856602191925, -0.20622548460960388, 0.0719372034072876, 0.20302578806877136, 0.9779292345046997, 0.049346573650836945, -0.08052600175142288, -0.03355007246136665, 0.9961878061294556),
            ["RightLowerLeg"] = CFrame.new(1.1920928955078125e-07, -0.000003516674041748047, -0.000013275239325594157, 1, -1.089647554408657e-07, -4.284084198502569e-08, 6.146729703004894e-08, 0.7227107286453247, 0.6911506652832031, -4.842878098543224e-08, -0.6911506652832031, 0.7227106690406799),
            ["LeftUpperLeg"] = CFrame.new(4.76837158203125e-07, 8.381903171539307e-08, 7.450580596923828e-08, 0.9793310165405273, -0.17590965330600739, 0.0998329222202301, 0.20226258039474487, 0.8535491824150085, -0.48014944791793823, -0.000749412749428302, 0.49041783809661865, 0.8714872002601624),
            ["LeftLowerLeg"] = CFrame.new(-1.4901161193847656e-08, 0.000003874301910400391, 0.0000133514404296875, 1, 1.0058281674218961e-07, 1.0430814256778831e-07, -2.2351741790771484e-08, 0.5580987334251404, 0.8297744393348694, 4.470348358154297e-08, -0.8297745585441589, 0.5580990314483643),
        }},
        {Time = 0.233, Data = {
            ["RightFoot"] = CFrame.new(1.564621925354004e-07, 2.980232238769531e-07, -4.300818545743823e-08, 0.9947401881217957, 0.100350521504879, 0.020539455115795135, -0.10204381495714188, 0.95344078540802, 0.2837926745414734, 0.008895519189536572, -0.28439515829086304, 0.958665668964386),
            ["LeftLowerArm"] = CFrame.new(-8.046627044677734e-07, -4.76837158203125e-07, 2.086162567138672e-07, 1, -1.1920926112907182e-07, 0, 5.5879347371501353e-08, 0.7299317717552185, -0.6835200786590576, -4.8428766774577525e-08, 0.6835200190544128, 0.7299317717552185),
            ["RightUpperArm"] = CFrame.new(0, -5.960464477539062e-07, -4.3958425521850586e-07, 0.5264419913291931, -0.36132997274398804, 0.7696100473403931, 0.8363856077194214, 0.38267189264297485, -0.3924555480480194, -0.15270227193832397, 0.8502957820892334, 0.5036656856536865),
            ["Head"] = CFrame.new(-2.5704503059387207e-07, 1.1920928955078125e-07, 3.725290298461914e-08, 0.7961611747741699, -0.0008922569686546922, 0.6050839424133301, 0.043708425015211105, 0.9974713921546936, -0.056040070950984955, -0.6035038828849792, 0.07106418162584305, 0.7941868901252747),
            ["RightHand"] = CFrame.new(3.5762786865234375e-07, 5.960464477539062e-07, -8.046627044677734e-07, 0.8603182435035706, -0.5051441192626953, 0.06842473894357681, 0.5062000751495361, 0.8624134063720703, 0.0021906353067606688, -0.06011701002717018, 0.03275196626782417, 0.9976539015769958),
            ["UpperTorso"] = CFrame.new(-3.632158041000366e-07, 2.384185791015625e-07, -6.705522537231445e-08, 0.9767035245895386, 0.21430283784866333, 0.011159622110426426, -0.21298730373382568, 0.9617329239845276, 0.17235539853572845, 0.026203662157058716, -0.17071697115898132, 0.9849717020988464),
            ["HumanoidRootPart"] = CFrame.new(0, 0, 0, 1, 0, 0, 0, 1, 0, 0, 0, 1),
            ["RightUpperLeg"] = CFrame.new(7.748603820800781e-07, -5.166511982679367e-07, 1.7292768461629748e-07, 0.977091372013092, -0.21004538238048553, 0.03425638750195503, 0.18628816306591034, 0.7662949562072754, -0.6148889660835266, 0.10290408879518509, 0.6071845293045044, 0.787869393825531),
            ["LeftUpperArm"] = CFrame.new(5.960464477539063e-08, -4.76837158203125e-07, 2.7194619178771973e-07, 0.7546722292900085, 0.29950663447380066, -0.5837514996528625, -0.3432663083076477, 0.9384797811508179, 0.03773411363363266, 0.5591405034065247, 0.1719052642583847, 0.8110551238059998),
            ["RightLowerArm"] = CFrame.new(-0.0000011920928955078125, 7.748603820800781e-07, 2.086162567138672e-07, 1, -5.960467319710006e-08, 4.842875611643649e-08, 1.043081283569336e-07, 0.6726086139678955, -0.7399984002113342, 5.960464477539063e-08, 0.7399984002113342, 0.6726086735725403),
            ["LeftHand"] = CFrame.new(-8.940696716308594e-08, 4.172325134277344e-07, -2.5331974029541016e-07, 0.919818639755249, 0.3537169098854065, 0.1697586327791214, -0.36364054679870605, 0.9310438632965088, 0.030380796641111374, -0.14730656147003174, -0.08967588096857071, 0.9850172996520996),
            ["LeftFoot"] = CFrame.new(1.2479722499847412e-07, -5.960464477539063e-08, 0, 0.9354561567306519, -0.23541994392871857, 0.26362738013267517, 0.22175808250904083, 0.9717416167259216, 0.08088129013776779, -0.27521851658821106, -0.017199043184518814, 0.9612277746200562),
            ["LowerTorso"] = CFrame.new(1.1637440919876099, 0.20758414268493652, -0.8855945467948914, 0.9849063754081726, -0.17097634077072144, -0.02695462293922901, 0.17095644772052765, 0.9852738976478577, -0.00305714039131999, 0.027080383151769638, -0.0015970695530995727, 0.9996320009231567),
            ["RightLowerLeg"] = CFrame.new(-3.5762786865234375e-07, -0.0000040531158447265625, -0.0000133199428091757, 1, -1.2665991278026922e-07, -1.2665985593685036e-07, 1.5646217832454568e-07, 0.2726566791534424, 0.9621115326881409, -6.70552182668871e-08, -0.9621114134788513, 0.27265647053718567),
            ["LeftUpperLeg"] = CFrame.new(-1.7881393432617188e-07, -0.0000010202638804912567, 1.19674950838089e-07, 0.9752083420753479, -0.19570456445217133, 0.10328809916973114, 0.22091637551784515, 0.8339468836784363, -0.5056957006454468, 0.012830137275159359, 0.5159772038459778, 0.8565065860748291),
            ["LeftLowerLeg"] = CFrame.new(-3.725290298461914e-09, 0.0000035762786865234375, 0.000013217329978942871, 1, 6.146728281919422e-08, 6.70552680048786e-08, -1.2293459406009788e-07, 0.365200012922287, 0.9309290051460266, 7.450581307466564e-08, -0.9309290647506714, 0.3652001917362213),
        }},
        {Time = 0.267, Data = {
            ["RightFoot"] = CFrame.new(7.450580596923828e-08, 4.172325134277344e-07, -8.77116690389812e-08, 0.998924970626831, 0.02757829986512661, 0.03726346045732498, -0.03283177316188812, 0.98834228515625, 0.1486668437719345, -0.032728828489780426, -0.14973033964633942, 0.9881850481033325),
            ["LeftLowerArm"] = CFrame.new(-0.0000010132789611816406, 5.364418029785156e-07, 2.682209014892578e-07, 1, -5.960463766996327e-08, -4.470347647611561e-08, -1.4901161193847656e-08, 0.8121968507766724, -0.5833836197853088, -1.862645149230957e-08, 0.5833835601806641, 0.8121967911720276),
            ["RightUpperArm"] = CFrame.new(4.76837158203125e-07, 2.384185791015625e-07, -1.1920928955078125e-07, 0.7022902965545654, -0.2817291021347046, 0.6537714004516602, 0.6860339641571045, 0.5130956172943115, -0.5158393979072571, -0.1901203691959381, 0.8107783794403076, 0.5536177754402161),
            ["Head"] = CFrame.new(-1.9371509552001953e-07, -1.1920928955078125e-07, -2.5331974029541016e-07, 0.7208023071289062, -0.04085882753133774, 0.6919353604316711, 0.1381911337375641, 0.9866914749145508, -0.0856921374797821, -0.679225504398346, 0.1573864221572876, 0.7168558239936829),
            ["RightHand"] = CFrame.new(5.960464477539063e-08, 7.152557373046875e-07, -8.940696716308594e-07, 0.8815821409225464, -0.44910484552383423, 0.14532029628753662, 0.4419199526309967, 0.8934550285339355, 0.08028033375740051, -0.16589148342609406, -0.006553728133440018, 0.9861223101615906),
            ["UpperTorso"] = CFrame.new(-3.725290298461914e-07, 5.662441253662109e-07, -1.043081283569336e-07, 0.9760414958000183, 0.21748721599578857, 0.006507907994091511, -0.20949223637580872, 0.9312391877174377, 0.29817211627960205, 0.05878819152712822, -0.29239168763160706, 0.9544900059700012),
            ["HumanoidRootPart"] = CFrame.new(0, 0, 0, 1, 0, 0, 0, 1, 0, 0, 0, 1),
            ["RightUpperLeg"] = CFrame.new(5.960464477539062e-07, -3.501772880554199e-07, -6.129994289949536e-08, 0.9744608402252197, -0.19345912337303162, 0.11401613056659698, 0.205205038189888, 0.5609598755836487, -0.8020068407058716, 0.09119708091020584, 0.8049208521842957, 0.5863322019577026),
            ["LeftUpperArm"] = CFrame.new(5.960464477539063e-08, -2.384185791015625e-07, 1.0617077350616455e-07, 0.770587146282196, 0.32308849692344666, -0.5493717193603516, -0.45788082480430603, 0.8802412748336792, -0.12458083033561707, 0.4433290362358093, 0.34754717350006104, 0.8262386322021484),
            ["RightLowerArm"] = CFrame.new(-5.960464477539063e-08, -5.960464477539063e-08, -1.1920928955078125e-07, 1, -1.11758780008131e-08, 4.8428766774577525e-08, 4.4703490686970326e-08, 0.8000515103340149, -0.5999312996864319, 5.960465188081798e-08, 0.5999312996864319, 0.8000515103340149),
            ["LeftHand"] = CFrame.new(1.4901161193847656e-07, 0, 1.1920928955078125e-07, 0.9270541667938232, 0.331001341342926, 0.17609302699565887, -0.3552152216434479, 0.9256972670555115, 0.13002616167068481, -0.11997003853321075, -0.1830921322107315, 0.9757481813430786),
            ["LeftFoot"] = CFrame.new(-1.1175870895385742e-08, 0, 1.4901161193847656e-07, 0.9481754899024963, -0.2000817060470581, 0.24684187769889832, 0.21488583087921143, 0.976037323474884, -0.03428223729133606, -0.23406730592250824, 0.08554869145154953, 0.9684492945671082),
