return {
    ["Jumpstyle"] = {
        {Time = 0.000, Data = {
            ["RightFoot"] = CFrame.new(-2.2444874048233032e-07, 4.76837158203125e-07, 1.3953103916719556e-07, 0.9975600838661194, -0.06844931095838547, 0.013735853135585785, 0.06969758868217468, 0.9650874733924866, -0.25248482823371887, 0.00402594031766057, 0.2528260052204132, 0.9675034284591675),
            ["LeftLowerArm"] = CFrame.new(1.1920928955078125e-07, 1.1920928955078125e-07, -4.172325134277344e-07, 1, -1.1175872316471214e-07, 1.6391278734317893e-07, 1.6391278734317893e-07, 0.3617372214794159, -0.9322801828384399, 1.1920930376163597e-07, 0.9322801232337952, 0.36173728108406067),
            ["LeftFoot"] = CFrame.new(3.3527612686157227e-08, -1.1920928955078125e-07, -2.9802322387695312e-08, 0.9631879925727844, -0.0661274641752243, 0.2605695128440857, 0.17374412715435028, 0.8927631974220276, -0.4156758487224579, -0.2051389217376709, 0.4456467628479004, 0.8713880181312561),
            ["Head"] = CFrame.new(1.3969838619232178e-07, -4.76837158203125e-07, 1.601874828338623e-07, 0.9461879134178162, 0.005067212041467428, 0.3235785663127899, 0.08480457216501236, 0.9610533118247986, -0.2630302906036377, -0.31230857968330383, 0.27631688117980957, 0.9089070558547974),
            ["LowerTorso"] = CFrame.new(0.023740306496620178, -0.19950008392333984, 1.7614034414291382, 0.9104675054550171, -0.032263729721307755, -0.41232019662857056, 0.02212262898683548, 0.9993244409561157, -0.02934611774981022, 0.41298845410346985, 0.01759708672761917, 0.9105662107467651),
            ["UpperTorso"] = CFrame.new(-3.259629011154175e-08, 2.682209014892578e-07, -1.0896474123001099e-07, 0.9923971891403198, -0.02547025866806507, 0.12041213363409042, -0.022142836824059486, 0.9254394769668579, 0.3782481551170349, -0.12106829136610031, -0.3780384659767151, 0.9178394675254822),
            ["HumanoidRootPart"] = CFrame.new(0, 0, 0, 1, 0, 0, 0, 1, 0, 0, 0, 1),
            ["RightUpperLeg"] = CFrame.new(-1.1920928955078125e-07, 6.239861249923706e-08, -1.0227813618257642e-07, 0.945534884929657, 0.19884982705116272, 0.257726788520813, -0.08947485685348511, 0.9200000762939453, -0.38156765699386597, -0.3129824995994568, 0.33772552013397217, 0.8876841068267822),
            ["LeftUpperArm"] = CFrame.new(5.960464477539063e-08, 1.1920928955078125e-07, 4.470348358154297e-08, 0.8873202800750732, 0.446444571018219, -0.11554238200187683, -0.37828031182289124, 0.8479461669921875, 0.37133723497390747, 0.2637551724910736, -0.2857877016067505, 0.921281099319458),
            ["RightLowerArm"] = CFrame.new(3.5762786865234375e-07, 1.1920928955078125e-07, 4.6938657760620117e-07, 1, -6.705522537231445e-08, -5.960465898624534e-08, -5.215405707303944e-08, 0.21128404140472412, -0.9774247407913208, 1.0803340444454079e-07, 0.9774248003959656, 0.2112841159105301),
            ["LeftHand"] = CFrame.new(3.8743019104003906e-07, 1.1920928955078125e-07, -2.086162567138672e-07, 0.9807794690132141, -0.08718287199735641, -0.1745588630437851, 0.1207529827952385, 0.9739301800727844, 0.19203880429267883, 0.15326562523841858, -0.20942622423171997, 0.9657382369041443),
            ["RightHand"] = CFrame.new(4.172325134277344e-07, -2.384185791015625e-07, 8.195638656616211e-08, 0.9686939716339111, 0.027082769200205803, 0.24677643179893494, -0.02773495763540268, 0.999614953994751, -0.0008330901036970317, -0.2467038929462433, -0.006037322338670492, 0.9690721035003662),
            ["RightUpperArm"] = CFrame.new(-5.960464477539063e-08, 4.76837158203125e-07, 6.258487701416016e-07, 0.7292649149894714, -0.6123875975608826, 0.3052116334438324, 0.584304690361023, 0.7894783616065979, 0.1879148930311203, -0.35603469610214233, 0.04129680618643761, 0.9335598349571228),
            ["RightLowerLeg"] = CFrame.new(-1.4156103134155273e-07, -1.7881393432617188e-07, -9.888753993436694e-08, 1, 2.6077035641947077e-08, -2.9057270012344816e-07, 1.4901162970204496e-08, 0.7224931716918945, 0.6913781762123108, -3.5949057064499357e-07, -0.691378116607666, 0.722493052482605),
            ["LeftUpperLeg"] = CFrame.new(-2.384185791015625e-07, 9.406358003616333e-08, -2.5704503059387207e-07, 0.8678714036941528, 0.35534557700157166, 0.3471726179122925, -0.09058456122875214, 0.8003097772598267, -0.5927044153213501, -0.488460510969162, 0.48294299840927124, 0.7267548441886902),
            ["LeftLowerLeg"] = CFrame.new(-1.4156103134155273e-07, 0.00012236833572387695, 0.0000774431973695755, 1, 6.286426668111744e-08, 3.185123489402031e-07, 1.564621925354004e-07, 0.38429874181747437, 0.9232087135314941, 1.4528632164001465e-07, -0.9232087731361389, 0.3842991888523102),
        }},
        {Time = 0.033, Data = {
            ["RightFoot"] = CFrame.new(-4.0978193283081055e-08, 3.5762786865234375e-07, 2.4047039914876223e-08, 0.9959692358970642, -0.0893283560872078, -0.008111326023936272, 0.08951830118894577, 0.995611310005188, 0.02728988043963909, 0.00563799636438489, -0.027906300500035286, 0.9995946884155273),
            ["LeftLowerArm"] = CFrame.new(0, -4.172325134277344e-07, -6.258487701416016e-07, 1, 5.587933316064664e-08, 0, -2.9802311729554276e-08, 0.3529100716114044, -0.935657262802124, -5.960462345910855e-08, 0.9356572031974792, 0.3529101610183716),
            ["LeftFoot"] = CFrame.new(-9.313225746154785e-09, -5.960464477539063e-08, 8.195638656616211e-08, 0.9793040752410889, -0.065761037170887, 0.19141432642936707, 0.138150155544281, 0.9083502292633057, -0.39473265409469604, -0.1479126214981079, 0.41300758719444275, 0.8986360430717468),
            ["Head"] = CFrame.new(1.862645149230957e-07, -3.5762786865234375e-07, 2.3096799850463867e-07, 0.9540321826934814, -0.0525386817753315, 0.29506391286849976, 0.12035892903804779, 0.9688006639480591, -0.21665436029434204, -0.2744749188423157, 0.24220865964889526, 0.9305903315544128),
            ["LowerTorso"] = CFrame.new(0.045507047325372696, -0.08432316780090332, 1.7993155717849731, 0.91041100025177, -0.014350307174026966, -0.41345611214637756, 0.008676615543663502, 0.9998407363891602, -0.015597146935760975, 0.41361406445503235, 0.01061241514980793, 0.9103904962539673),
            ["UpperTorso"] = CFrame.new(1.6763806343078613e-08, 0, 1.862645149230957e-09, 0.9859959483146667, -0.022353520616889, 0.1652643084526062, -0.041576895862817764, 0.9267363548278809, 0.3734050691127777, -0.1615033745765686, -0.37504690885543823, 0.9128287434577942),
            ["HumanoidRootPart"] = CFrame.new(0, 0, 0, 1, 0, 0, 0, 1, 0, 0, 0, 1),
            ["RightUpperLeg"] = CFrame.new(-8.940696716308594e-08, -4.0978193283081055e-08, -1.20904587674886e-07, 0.9437732696533203, 0.18081045150756836, 0.2767675220966339, -0.07914108783006668, 0.9364060163497925, -0.3418775498867035, -0.32098108530044556, 0.30075129866600037, 0.898064374923706),
            ["LeftUpperArm"] = CFrame.new(1.1920928955078125e-07, 3.5762786865234375e-07, -5.960464477539063e-08, 0.8619193434715271, 0.49323147535324097, -0.11754921078681946, -0.4054553508758545, 0.8096596002578735, 0.42433151602745056, 0.3044686019420624, -0.3180786073207855, 0.8978446125984192),
            ["RightLowerArm"] = CFrame.new(4.172325134277344e-07, -2.980232238769531e-07, 2.086162567138672e-07, 1, -1.3411042232291948e-07, 1.0430815677864302e-07, 8.940694584680386e-08, 0.22894494235515594, -0.9734394550323486, 1.0430809993522416e-07, 0.9734394550323486, 0.22894495725631714),
            ["LeftHand"] = CFrame.new(1.1920928955078125e-07, -5.960464477539062e-07, 0, 0.9240667819976807, -0.1977112889289856, -0.32712531089782715, 0.24736446142196655, 0.9617752432823181, 0.11746998876333237, 0.2913958728313446, -0.18946924805641174, 0.9376512169837952),
            ["RightHand"] = CFrame.new(-4.172325134277344e-07, -2.980232238769531e-07, -1.4901161193847656e-07, 0.9635393023490906, 0.03656364604830742, 0.26505666971206665, -0.040024418383836746, 0.9991692900657654, 0.007665578275918961, -0.26455622911453247, -0.017994718626141548, 0.9642024636268616),
            ["RightUpperArm"] = CFrame.new(0, 3.5762786865234375e-07, 2.9802322387695312e-08, 0.7345653176307678, -0.5653966069221497, 0.3751538097858429, 0.5602477192878723, 0.817290186882019, 0.13475674390792847, -0.3828005790710449, 0.11119136959314346, 0.9171152114868164),
            ["RightLowerLeg"] = CFrame.new(-2.60770320892334e-07, 1.1920928955078125e-07, 4.639878170564771e-08, 1, -1.1175873559921001e-08, -3.557653087682411e-07, -2.2351741790771484e-08, 0.8222456574440002, 0.5691329836845398, -3.0547380447387695e-07, -0.5691328644752502, 0.8222455382347107),
            ["LeftUpperLeg"] = CFrame.new(0, 1.043081283569336e-07, 1.6763806343078613e-07, 0.8312258124351501, 0.4151986539363861, 0.36969372630119324, -0.07678886502981186, 0.7443687319755554, -0.663338840007782, -0.5506062507629395, 0.5229964256286621, 0.6506215333938599),
            ["LeftLowerLeg"] = CFrame.new(-2.0116567611694336e-07, 0.00012320280075073242, 0.00007705390453338623, 1, 1.4901162970204496e-08, 5.979092634333938e-07, 3.46452196708924e-07, 0.33939123153686523, 0.9406452775001526, 2.2351754580540728e-07, -0.9406453967094421, 0.3393915891647339),
        }},
        {Time = 0.067, Data = {
            ["RightFoot"] = CFrame.new(-1.2852251529693604e-07, 4.172325134277344e-07, -1.3205863069742918e-08, 0.9951422810554504, -0.09389916062355042, -0.029577042907476425, 0.09826161712408066, 0.9658170342445374, 0.23987863957881927, 0.006041509099304676, -0.24162046611309052, 0.970352292060852),
            ["LeftLowerArm"] = CFrame.new(-2.384185791015625e-07, -1.7881393432617188e-07, -4.172325134277344e-07, 1, 8.754431490842762e-08, 1.5646217832454568e-07, 1.0430809993522416e-07, 0.3297014832496643, -0.9440852403640747, -1.4901157641133977e-08, 0.9440852999687195, 0.32970142364501953),
            ["LeftFoot"] = CFrame.new(-1.4901161193847656e-08, 0, 1.2665987014770508e-07, 0.9904301166534424, -0.04912688210606575, 0.12897591292858124, 0.0996025875210762, 0.9013160467147827, -0.42155468463897705, -0.09553848206996918, 0.4303671717643738, 0.8975839018821716),
            ["Head"] = CFrame.new(5.960464477539063e-08, -3.5762786865234375e-07, 2.2351741790771484e-08, 0.959487795829773, -0.12808671593666077, 0.25095272064208984, 0.1660805642604828, 0.9766159057617188, -0.1365233063697815, -0.2275971621274948, 0.17267072200775146, 0.9583236575126648),
            ["LowerTorso"] = CFrame.new(0.061209503561258316, 0.0531461238861084, 1.834466576576233, 0.9099299311637878, 0.006893126759678125, -0.4147048592567444, -0.006986853200942278, 0.99997478723526, 0.0012910482473671436, 0.4147033095359802, 0.001722717541269958, 0.9099551439285278),
            ["UpperTorso"] = CFrame.new(-2.60770320892334e-08, -3.5762786865234375e-07, -2.3399479687213898e-07, 0.9733575582504272, -0.02828068658709526, 0.2275419533252716, -0.060193102806806564, 0.9260441064834595, 0.3725847601890564, -0.22125078737735748, -0.3763543963432312, 0.8996695280075073),
            ["HumanoidRootPart"] = CFrame.new(0, 0, 0, 1, 0, 0, 0, 1, 0, 0, 0, 1),
            ["RightUpperLeg"] = CFrame.new(-1.1920928955078125e-07, -5.988404154777527e-07, 4.001776687800884e-10, 0.943195104598999, 0.1806487739086151, 0.2788354754447937, -0.05074063688516617, 0.9077377319335938, -0.4164583086967468, -0.3283417820930481, 0.37865328788757324, 0.865339994430542),
            ["LeftUpperArm"] = CFrame.new(1.1920928955078125e-07, 4.76837158203125e-07, -2.8312206268310547e-07, 0.8110722899436951, 0.5723829865455627, -0.12057975679636002, -0.48195385932922363, 0.7707306146621704, 0.4167671799659729, 0.33148494362831116, -0.2799145579338074, 0.9009804129600525),
            ["RightLowerArm"] = CFrame.new(0.0000011324882507324219, -3.5762786865234375e-07, 0, 1, -5.960463056453591e-08, 2.9802318834981634e-08, 1.1175865211043856e-07, 0.22977016866207123, -0.9732449054718018, 1.4901154088420299e-08, 0.9732449650764465, 0.22977019846439362),
            ["LeftHand"] = CFrame.new(2.9802322387695312e-08, 2.980232238769531e-07, -5.960464477539063e-08, 0.8468762040138245, -0.29764896631240845, -0.44068804383277893, 0.3523991107940674, 0.9347245693206787, 0.04587949812412262, 0.3982660174369812, -0.1941523402929306, 0.8964871168136597),
            ["RightHand"] = CFrame.new(4.172325134277344e-07, -5.960464477539063e-08, 4.470348358154297e-07, 0.9571223855018616, 0.03212541341781616, 0.2878972291946411, -0.0364818274974823, 0.9992865324020386, 0.00977817177772522, -0.2873777449131012, -0.01986180990934372, 0.9576114416122437),
            ["RightUpperArm"] = CFrame.new(-2.980232238769531e-07, -2.384185791015625e-07, 1.4901161193847656e-08, 0.6849395036697388, -0.5584034323692322, 0.46802085638046265, 0.6024789214134216, 0.7953031063079834, 0.06717269122600555, -0.40972796082496643, 0.23596343398094177, 0.8811607956886292),
            ["RightLowerLeg"] = CFrame.new(2.60770320892334e-07, -2.384185791015625e-07, 1.1345400707796216e-07, 1, -1.862644971595273e-08, -6.332995639013461e-08, 1.5366821060069924e-07, 0.7822356820106506, 0.6229826807975769, -7.078050856534901e-08, -0.6229827404022217, 0.7822357416152954),
            ["LeftUpperLeg"] = CFrame.new(-1.1920928955078125e-07, -7.862690836191177e-07, -2.9080547392368317e-07, 0.7946868538856506, 0.5326622128486633, 0.29110798239707947, -0.04194643348455429, 0.5266101956367493, -0.8490712642669678, -0.605568528175354, 0.6625350713729858, 0.44083359837532043),
            ["LeftLowerLeg"] = CFrame.new(-5.960464477539063e-08, 0.00012302398681640625, 0.00007756426930427551, 1, 8.940694584680386e-08, 2.998858690261841e-07, 5.0291401265667446e-08, 0.04466022551059723, 0.99900221824646, 1.3038511781360285e-07, -0.99900221824646, 0.04466008022427559),
        }},
        {Time = 0.100, Data = {
            ["RightFoot"] = CFrame.new(-6.146728992462158e-08, 3.5762786865234375e-07, 3.332461346872151e-07, 0.9963894486427307, -0.07635897397994995, -0.03711339831352234, 0.08353732526302338, 0.959772527217865, 0.2680632472038269, 0.015151366591453552, -0.2701963484287262, 0.9626862406730652),
            ["LeftLowerArm"] = CFrame.new(1.1920928955078125e-07, -5.364418029785156e-07, -3.5762786865234375e-07, 1, -1.1175866632129328e-07, 5.960464477539063e-08, 1.1920928955078125e-07, 0.33568161725997925, -0.9419755339622498, 6.705522537231445e-08, 0.9419755339622498, 0.33568164706230164),
            ["LeftFoot"] = CFrame.new(-1.3969838619232178e-09, -1.1920928955078125e-07, -1.043081283569336e-07, 0.9976662397384644, -0.0007431823760271072, 0.06827671825885773, 0.02563554421067238, 0.9308663606643677, -0.36445918679237366, -0.06328556686639786, 0.36535927653312683, 0.9287130236625671),
            ["Head"] = CFrame.new(1.6391277313232422e-07, -1.1920928955078125e-07, 4.6193599700927734e-07, 0.9628127813339233, -0.16921670734882355, 0.21061229705810547, 0.19368618726730347, 0.9758068323135376, -0.10142296552658081, -0.18835411965847015, 0.13844406604766846, 0.9722941517829895),
            ["LowerTorso"] = CFrame.new(0.07302645593881607, 0.16832351684570312, 1.8675193786621094, 0.9089482426643372, 0.03060162626206875, -0.41578441858291626, -0.02436942793428898, 0.99949711561203, 0.0202886164188385, 0.41619619727134705, -0.008308875374495983, 0.9092369079589844),
            ["UpperTorso"] = CFrame.new(-5.960464477539063e-08, 2.682209014892578e-07, 1.3783574104309082e-07, 0.961820125579834, -0.0405985452234745, 0.2706543803215027, -0.065959133207798, 0.9253995418548584, 0.3732096552848816, -0.26561516523361206, -0.3768124580383301, 0.8873898386955261),
            ["HumanoidRootPart"] = CFrame.new(0, 0, 0, 1, 0, 0, 0, 1, 0, 0, 0, 1),
            ["RightUpperLeg"] = CFrame.new(5.960464477539063e-08, -9.96515154838562e-07, 1.2123928172513843e-07, 0.9411531090736389, 0.16726331412792206, 0.2936907112598419, -0.0014430554583668709, 0.870937168598175, -0.4913921356201172, -0.33797740936279297, 0.46205151081085205, 0.8199265003204346),
            ["LeftUpperArm"] = CFrame.new(0, 7.152557373046875e-07, -2.4586915969848633e-07, 0.7681882977485657, 0.6286225914955139, -0.1213277131319046, -0.5513483285903931, 0.745887815952301, 0.373719722032547, 0.32542550563812256, -0.22019334137439728, 0.9195722937583923),
            ["RightLowerArm"] = CFrame.new(5.364418029785156e-07, -5.364418029785156e-07, 5.960464477539062e-07, 1, -2.9802318834981634e-08, 5.960465188081798e-08, 2.2351736461700966e-08, 0.15101085603237152, -0.9885321259498596, 4.470347292340193e-08, 0.9885321259498596, 0.1510109305381775),
            ["LeftHand"] = CFrame.new(1.4901161193847656e-07, 2.980232238769531e-07, -8.940696716308594e-08, 0.8077678680419922, -0.35324904322624207, -0.47193893790245056, 0.41044092178344727, 0.9116652011871338, 0.02012154459953308, 0.4231424331665039, -0.2099565863609314, 0.881401538848877),
            ["RightHand"] = CFrame.new(1.4901161193847656e-07, 1.7881393432617188e-07, 4.917383193969727e-07, 0.9498215317726135, 0.03192960098385811, 0.3111586272716522, -0.0376056507229805, 0.9992175102233887, 0.012257527559995651, -0.31052371859550476, -0.023343803361058235, 0.9502790570259094),
            ["RightUpperArm"] = CFrame.new(1.1920928955078125e-07, -2.384185791015625e-07, 4.6193599700927734e-07, 0.6429837346076965, -0.5409862399101257, 0.5421308875083923, 0.6473420262336731, 0.7621655464172363, -0.007211080752313137, -0.4092923700809479, 0.355580598115921, 0.8402631878852844),
            ["RightLowerLeg"] = CFrame.new(2.3096799850463867e-07, 1.1920928955078125e-07, -2.739761839620769e-07, 1, -8.568166975919667e-08, -3.5669654607772827e-07, -9.965149416757413e-08, 0.6274243593215942, 0.7786776423454285, -2.831220058396866e-07, -0.7786775231361389, 0.6274242997169495),
            ["LeftUpperLeg"] = CFrame.new(0, -2.6170164346694946e-07, 6.370246410369873e-07, 0.7535762786865234, 0.6336445808410645, 0.17497757077217102, 0.027944715693593025, 0.23506242036819458, -0.9715785384178162, -0.6567663550376892, 0.7370482683181763, 0.1594306230545044),
            ["LeftLowerLeg"] = CFrame.new(-1.2153759598731995e-07, 0.00012254714965820312, 0.00007779523730278015, 1, -5.35510338295353e-08, 3.464520830220863e-07, 2.395245530806278e-07, -0.19769728183746338, 0.9802631139755249, 2.1304006736500014e-07, -0.9802631139755249, -0.19769726693630219),
        }},
        {Time = 0.133, Data = {
            ["RightFoot"] = CFrame.new(-6.938353180885315e-08, 5.364418029785156e-07, -3.224049578420818e-07, 0.9988739490509033, -0.04084183648228645, -0.024140171706676483, 0.042906504124403, 0.9948055148124695, 0.09231087565422058, 0.02024482749402523, -0.09324217587709427, 0.9954376816749573),
            ["LeftLowerArm"] = CFrame.new(-2.980232238769531e-07, 1.1920928955078125e-07, -1.7881393432617188e-07, 1, 1.4901159417490817e-08, 2.9802322387695312e-08, 8.940695295223122e-08, 0.3493361473083496, -0.9369975328445435, -6.70552182668871e-08, 0.9369975328445435, 0.3493361175060272),
            ["LeftFoot"] = CFrame.new(-2.2351741790771484e-08, -1.7881393432617188e-07, 2.9802322387695312e-08, 0.9963449239730835, 0.08504978567361832, 0.007964126765727997, -0.07926218956708908, 0.9552323222160339, -0.2850417196750641, -0.03185033053159714, 0.28336870670318604, 0.958482027053833),
            ["Head"] = CFrame.new(4.842877388000488e-08, -1.1920928955078125e-07, 1.564621925354004e-07, 0.9685419201850891, -0.173538938164711, 0.17835663259029388, 0.1987200826406479, 0.9707729816436768, -0.13457335531711578, -0.14978976547718048, 0.16578304767608643, 0.9747200012207031),
            ["LowerTorso"] = CFrame.new(0.0831366553902626, 0.21662378311157227, 1.899137020111084, 0.9074277281761169, 0.05589112266898155, -0.41647469997406006, -0.04296750947833061, 0.9982613921165466, 0.040348321199417114, 0.41800573468208313, -0.0187182929366827, 0.9082515835762024),
            ["UpperTorso"] = CFrame.new(-1.1920928955078125e-07, 5.960464477539063e-08, -4.470348358154297e-08, 0.9542719721794128, -0.057821959257125854, 0.29329463839530945, -0.06030672416090965, 0.9237078428268433, 0.37832164764404297, -0.29279378056526184, -0.37870916724205017, 0.8779812455177307),
            ["HumanoidRootPart"] = CFrame.new(0, 0, 0, 1, 0, 0, 0, 1, 0, 0, 0, 1),
            ["RightUpperLeg"] = CFrame.new(-2.384185791015625e-07, -3.46451997756958e-07, 5.790934665128589e-08, 0.9347901940345764, 0.11344979703426361, 0.3365961015224457, 0.06453730165958405, 0.8776015639305115, -0.4750271141529083, -0.34928837418556213, 0.46577316522598267, 0.813051164150238),
            ["LeftUpperArm"] = CFrame.new(5.960464477539063e-08, 1.1920928955078125e-07, -1.3783574104309082e-07, 0.72967129945755, 0.6698140501976013, -0.13758297264575958, -0.6094846725463867, 0.7282916903495789, 0.31324028968811035, 0.3100133240222931, -0.14470775425434113, 0.9396550059318542),
            ["RightLowerArm"] = CFrame.new(5.960464477539062e-07, -2.384185791015625e-07, -5.960464477539063e-08, 1, -8.19563368281706e-08, 1.564622067462551e-07, 1.0430807861894209e-07, 0.023380013182759285, -0.9997267127037048, 9.685750512744562e-08, 0.9997266530990601, 0.02338005043566227),
            ["LeftHand"] = CFrame.new(2.384185791015625e-07, -2.384185791015625e-07, -2.086162567138672e-07, 0.850562572479248, -0.3539673388004303, -0.38890939950942993, 0.41308555006980896, 0.9073818325996399, 0.07757984101772308, 0.3254285454750061, -0.22663933038711548, 0.9180037379264832),
            ["RightHand"] = CFrame.new(-1.4901161193847656e-07, -2.384185791015625e-07, -1.825392246246338e-07, 0.9421288967132568, 0.02964526042342186, 0.3339378237724304, -0.0363922044634819, 0.9992400407791138, 0.013965100049972534, -0.3332701027393341, -0.025309639051556587, 0.9424917101860046),
            ["RightUpperArm"] = CFrame.new(-5.960464477539063e-08, -4.76837158203125e-07, 4.6193599700927734e-07, 0.5688406825065613, -0.5478021502494812, 0.613460123538971, 0.7268503308296204, 0.6838719844818115, -0.06330565363168716, -0.3848491907119751, 0.4819045066833496, 0.7871842980384827),
            ["RightLowerLeg"] = CFrame.new(9.12696123123169e-08, 2.384185791015625e-07, -1.0633812053129077e-07, 1, -1.965090916655754e-07, -5.46220746855397e-07, -3.445893241860176e-07, 0.43880993127822876, 0.8985795974731445, -2.114101960160042e-07, -0.898580014705658, 0.43881067633628845),
            ["LeftUpperLeg"] = CFrame.new(-2.980232238769531e-07, -6.593763828277588e-07, 1.6391277313232422e-07, 0.7012949585914612, 0.6479784846305847, 0.2971678674221039, 0.13678522408008575, 0.2868000864982605, -0.9481749534606934, -0.6996250152587891, 0.705598771572113, 0.11249741911888123),
            ["LeftLowerLeg"] = CFrame.new(-1.341104507446289e-07, -0.04712355136871338, -0.1853618323802948, 1, 2.0861622829215776e-07, 5.196778829485993e-07, 3.4645202617866744e-07, -0.05795208737254143, 0.9983193874359131, 0, -0.9983194470405579, -0.05795187130570412),
        }},
        {Time = 0.167, Data = {
            ["RightFoot"] = CFrame.new(-1.5273690223693848e-07, 5.960464477539062e-07, 6.875052349641919e-08, 0.9999963641166687, 0.0012139497557654977, 0.0024057684931904078, -0.000771552964579314, 0.9843946099281311, -0.17597338557243347, -0.002581666223704815, 0.17597106099128723, 0.984391987323761),
            ["LeftLowerArm"] = CFrame.new(-4.172325134277344e-07, -1.1920928955078125e-07, -3.5762786865234375e-07, 1, -3.725289587919178e-08, 4.470347647611561e-08, 5.960463766996327e-08, 0.3894333243370056, -0.9210547208786011, -2.2351738238057806e-08, 0.9210547208786011, 0.3894333243370056),
            ["LeftFoot"] = CFrame.new(8.940696716308594e-08, 1.1920928955078125e-07, 1.341104507446289e-07, 0.9881824851036072, 0.15087541937828064, -0.027046965435147285, -0.15196235477924347, 0.9874067306518555, -0.043996259570121765, 0.02006877399981022, 0.04758718982338905, 0.9986655712127686),
            ["Head"] = CFrame.new(6.705522537231445e-08, 0, 2.1420419216156006e-07, 0.9755522608757019, -0.16265685856342316, 0.14778584241867065, 0.18922485411167145, 0.9636816382408142, -0.18844535946846008, -0.11176642030477524, 0.21180278062820435, 0.9709005355834961),
            ["LowerTorso"] = CFrame.new(0.09330221265554428, 0.16321635246276855, 1.9295082092285156, 0.9053897857666016, 0.08172015845775604, -0.41664281487464905, -0.062163982540369034, 0.9962417483329773, 0.06031642109155655, 0.42000606656074524, -0.028709683567285538, 0.9070671200752258),
            ["UpperTorso"] = CFrame.new(2.2351741790771484e-08, 8.940696716308594e-08, 1.2293457984924316e-07, 0.9481281638145447, -0.08076487481594086, 0.3074575960636139, -0.045887935906648636, 0.9222840666770935, 0.38377946615219116, -0.31455910205841064, -0.37798047065734863, 0.8707371354103088),
            ["HumanoidRootPart"] = CFrame.new(0, 0, 0, 1, 0, 0, 0, 1, 0, 0, 0, 1),
            ["RightUpperLeg"] = CFrame.new(1.1920928955078125e-07, -2.3469328880310059e-07, 8.77116690389812e-08, 0.9242702722549438, 0.023769561201334, 0.3809983730316162, 0.13506434857845306, 0.9131394028663635, -0.38462236523628235, -0.35704657435417175, 0.40695399045944214, 0.8407769203186035),
            ["LeftUpperArm"] = CFrame.new(-1.1920928955078125e-07, 4.76837158203125e-07, -7.450580596923828e-07, 0.7103835344314575, 0.6823756098747253, -0.17239147424697876, -0.6496070027351379, 0.7299612760543823, 0.2125261127948761, 0.27086174488067627, -0.0389883928000927, 0.961828351020813),
            ["RightLowerArm"] = CFrame.new(3.5762786865234375e-07, 2.384185791015625e-07, 2.980232238769531e-07, 1, -1.0430807861894209e-07, 5.960465188081798e-08, 5.960463056453591e-08, -0.09353479743003845, -0.99561607837677, 1.2665984172599565e-07, 0.9956160187721252, -0.09353477507829666),
            ["LeftHand"] = CFrame.new(8.940696716308594e-08, -4.76837158203125e-07, -8.940696716308594e-08, 0.9327844381332397, -0.28953057527542114, -0.2146749347448349, 0.32874658703804016, 0.9276123642921448, 0.17737281322479248, 0.14778029918670654, -0.2360241711139679, 0.9604445695877075),
            ["RightHand"] = CFrame.new(2.384185791015625e-07, 5.960464477539063e-08, 2.9802322387695312e-08, 0.9381921887397766, 0.013582081533968449, 0.3458482623100281, -0.020638244226574898, 0.9996470808982849, 0.016728248447179794, -0.34549903869628906, -0.022831954061985016, 0.9381413459777832),
            ["RightUpperArm"] = CFrame.new(0, 2.384185791015625e-07, -1.2665987014770508e-07, 0.5011545419692993, -0.5595983862876892, 0.6600711345672607, 0.797843873500824, 0.5941674113273621, -0.1020314022898674, -0.3350962996482849, 0.5777671337127686, 0.7442417144775391),
            ["RightLowerLeg"] = CFrame.new(1.4901161193847656e-08, 2.980232238769531e-07, -1.3800308806821704e-07, 1, -2.79396800806353e-07, -4.4330954551696777e-07, -2.3655587710891268e-07, 0.31316474080085754, 0.949698805809021, -1.3038513202445756e-07, -0.9496989250183105, 0.31316494941711426),
            ["LeftUpperLeg"] = CFrame.new(1.7881393432617188e-07, -1.8998980522155762e-07, 1.341104507446289e-07, 0.6601907014846802, 0.7149304151535034, 0.2302669882774353, 0.2268804907798767, 0.10243485122919083, -0.9685206413269043, -0.7160122394561768, 0.691651463508606, -0.09457764774560928),
            ["LeftLowerLeg"] = CFrame.new(1.1920928955078125e-07, 0.0001233220100402832, 0.00007746368646621704, 1, 8.866200573720562e-07, 1.5087411497916037e-07, -1.6018749704471702e-07, -0.009352314285933971, 0.9999562501907349, -6.742776008650253e-07, -0.9999563694000244, -0.009351255372166634),
        }},
        {Time = 0.200, Data = {
            ["RightFoot"] = CFrame.new(-2.4959444999694824e-07, 4.172325134277344e-07, -2.218221197836101e-07, 0.9988909363746643, 0.03814024105668068, 0.02761153317987919, -0.026956792920827866, 0.9440199732780457, -0.32878515124320984, -0.03860534727573395, 0.32767602801322937, 0.9440010786056519),
            ["LeftLowerArm"] = CFrame.new(-2.980232238769531e-07, -5.960464477539062e-07, -3.5762786865234375e-07, 1, -4.470347292340193e-08, 4.4703462265260896e-08, 8.940694584680386e-08, 0.4073881208896637, -0.9132551550865173, 2.2351736461700966e-08, 0.9132550954818726, 0.4073881208896637),
            ["LeftFoot"] = CFrame.new(9.313225746154785e-09, -5.960464477539063e-08, 2.2351741790771484e-08, 0.9827938675880432, -0.018800517544150352, 0.1837468445301056, 0.008083888329565525, 0.9982314109802246, 0.05889640748500824, -0.18452930450439453, -0.0563981756567955, 0.9812076091766357),
            ["Head"] = CFrame.new(9.685754776000977e-08, 0, 3.725290298461914e-09, 0.9797441363334656, -0.1368517428636551, 0.14619553089141846, 0.1697515845298767, 0.9548600912094116, -0.24377620220184326, -0.10623485594987869, 0.2636550962924957, 0.9587492942810059),
            ["LowerTorso"] = CFrame.new(0.10361925512552261, 0.03585982322692871, 1.9569263458251953, 0.9029726982116699, 0.10647548735141754, -0.4162972867488861, -0.08089695870876312, 0.9936134219169617, 0.07866431027650833, 0.422014445066452, -0.03735453262925148, 0.9058192372322083),
            ["UpperTorso"] = CFrame.new(5.960464477539063e-08, 3.5762786865234375e-07, -1.9744038581848145e-07, 0.9516630172729492, -0.10380661487579346, 0.28907060623168945, -0.01579965092241764, 0.923364520072937, 0.38359951972961426, -0.30673763155937195, -0.36962443590164185, 0.8770915269851685),
            ["HumanoidRootPart"] = CFrame.new(0, 0, 0, 1, 0, 0, 0, 1, 0, 0, 0, 1),
            ["RightUpperLeg"] = CFrame.new(-5.960464477539063e-08, 2.9802322387695312e-08, 1.7711863620206714e-07, 0.9139326214790344, -0.09035369753837585, 0.3956807553768158, 0.19283750653266907, 0.9545059204101562, -0.22744779288768768, -0.3571286201477051, 0.28417396545410156, 0.8897776007652283),
            ["LeftUpperArm"] = CFrame.new(0, 2.384185791015625e-07, -5.848705768585205e-07, 0.7011033296585083, 0.699046790599823, -0.1406688690185547, -0.6743014454841614, 0.7141198515892029, 0.18801724910736084, 0.2318873256444931, -0.036966290324926376, 0.9720399975776672),
            ["RightLowerArm"] = CFrame.new(3.5762786865234375e-07, 2.384185791015625e-07, 3.2782554626464844e-07, 1, -1.5273678855010075e-07, 1.1920936060505483e-07, 8.940695295223122e-08, -0.19541124999523163, -0.9807214140892029, 9.685753354915505e-08, 0.9807214140892029, -0.19541126489639282),
            ["LeftHand"] = CFrame.new(1.1920928955078125e-07, 4.76837158203125e-07, -2.9802322387695312e-08, 0.981937825679779, -0.18115752935409546, -0.054589297622442245, 0.1880244016647339, 0.966484010219574, 0.17480190098285675, 0.02109292335808277, -0.18190868198871613, 0.98308926820755),
            ["RightHand"] = CFrame.new(-1.7881393432617188e-07, 1.1920928955078125e-07, 1.341104507446289e-07, 0.9347653388977051, 0.0025958623737096786, 0.3552563190460205, -0.006980210542678833, 0.9999144673347473, 0.011059925891458988, -0.3551972210407257, -0.01281823217868805, 0.9347035884857178),
            ["RightUpperArm"] = CFrame.new(-5.960464477539063e-08, 1.1920928955078125e-07, -2.086162567138672e-07, 0.4650166630744934, -0.5574020147323608, 0.6877954006195068, 0.8331784605979919, 0.5381876230239868, -0.12715251743793488, -0.29928797483444214, 0.6321843862533569, 0.7146815657615662),
            ["RightLowerLeg"] = CFrame.new(1.1175870895385742e-07, -1.7881393432617188e-07, -4.378889570944011e-07, 1, -3.129244987576385e-07, -5.885958671569824e-07, -4.712491090685944e-07, 0.4378407299518585, 0.8990526795387268, -1.3411042232291948e-07, -0.8990525603294373, 0.4378404915332794),
            ["LeftUpperLeg"] = CFrame.new(1.7881393432617188e-07, -3.2782554626464844e-07, 1.4901161193847656e-08, 0.8302668929100037, 0.5276243090629578, 0.17963644862174988, 0.08274364471435547, 0.20204445719718933, -0.9758747220039368, -0.5511900782585144, 0.8251003623008728, 0.12409330904483795),
            ["LeftLowerLeg"] = CFrame.new(4.246830940246582e-07, 0.00012242794036865234, 0.0000776809174567461, 1, 1.9650896376788296e-07, 5.010517725168029e-07, 2.4819757982186275e-07, 0.29700759053230286, 0.9548753499984741, 6.984922862329768e-08, -0.9548751711845398, 0.29700711369514465),
        }},
        {Time = 0.233, Data = {
            ["RightFoot"] = CFrame.new(-8.195638656616211e-08, 2.384185791015625e-07, 3.7422432797029614e-07, 0.9968647956848145, 0.07252906262874603, 0.03162692114710808, -0.04983656108379364, 0.8859971761703491, -0.4610053300857544, -0.061457566916942596, 0.45798325538635254, 0.886833667755127),
            ["LeftLowerArm"] = CFrame.new(-5.960464477539062e-07, 4.76837158203125e-07, -8.195638656616211e-07, 1, -8.940694584680386e-08, -4.4703469370688254e-08, -2.9802315282267955e-08, 0.43469005823135376, -0.9005801677703857, -2.2351736461700966e-08, 0.900580108165741, 0.43469002842903137),
            ["LeftFoot"] = CFrame.new(-1.3969838619232178e-08, -5.960464477539063e-08, -3.725290298461914e-08, 0.9964845776557922, 0.03527562692761421, 0.07598864287137985, -0.040868278592824936, 0.9964689016342163, 0.07334564626216888, -0.07313292473554611, -0.07619424909353256, 0.9944075345993042),
            ["Head"] = CFrame.new(4.470348358154297e-08, -3.5762786865234375e-07, 3.725290298461914e-09, 0.9844073057174683, -0.10343149304389954, 0.1422821283340454, 0.1415129005908966, 0.9461005926132202, -0.2913212180137634, -0.10448116809129715, 0.3069133162498474, 0.9459850788116455),
            ["LowerTorso"] = CFrame.new(0.11376730352640152, -0.11614644527435303, 1.9792108535766602, 0.9004400968551636, 0.12842068076133728, -0.4155907928943634, -0.09801693260669708, 0.9907560348510742, 0.09378257393836975, 0.4237927198410034, -0.04371066018939018, 0.9047038555145264),
            ["UpperTorso"] = CFrame.new(-8.940696716308594e-08, -5.960464477539063e-08, 1.6391277313232422e-07, 0.9541435837745667, -0.12933072447776794, 0.26996996998786926, 0.018748203292489052, 0.9259023070335388, 0.37729784846305847, -0.2987619638442993, -0.35493478178977966, 0.8858683109283447),
            ["HumanoidRootPart"] = CFrame.new(0, 0, 0, 1, 0, 0, 0, 1, 0, 0, 0, 1),
            ["RightUpperLeg"] = CFrame.new(-1.1920928955078125e-07, -5.21540641784668e-07, 2.218221197836101e-07, 0.907534658908844, -0.19316378235816956, 0.3729191720485687, 0.22794967889785767, 0.9723315834999084, -0.05109080672264099, -0.352731853723526, 0.13137373328208923, 0.9264562129974365),
            ["LeftUpperArm"] = CFrame.new(0, 0, 5.960464477539063e-08, 0.7037413716316223, 0.7067402601242065, -0.07256859540939331, -0.6915623545646667, 0.7048429846763611, 0.157917782664299, 0.1627563089132309, -0.06094755232334137, 0.9847820997238159),
            ["RightLowerArm"] = CFrame.new(7.152557373046875e-07, 1.1920928955078125e-07, -1.4901161193847656e-07, 1, -6.332993507385254e-08, 1.9371520920685725e-07, 1.7881387748275301e-07, -0.25559115409851074, -0.9667850732803345, 1.5646213569198153e-07, 0.9667850136756897, -0.25559112429618835),
            ["LeftHand"] = CFrame.new(2.9802322387695312e-08, -1.1920928955078125e-07, -2.9802322387695312e-08, 0.9974006414413452, -0.06614603847265244, 0.028578564524650574, 0.0628097727894783, 0.9924814701080322, 0.1050499752163887, -0.03531244769692421, -0.10298185050487518, 0.994056224822998),
            ["RightHand"] = CFrame.new(4.76837158203125e-07, -5.960464477539063e-08, 1.341104507446289e-07, 0.9349567294120789, -0.008168560452759266, 0.3546677827835083, 0.008487822487950325, 0.9999638795852661, 0.0006557477754540741, -0.354660302400589, 0.0023973213974386454, 0.9349921345710754),
            ["RightUpperArm"] = CFrame.new(-3.5762786865234375e-07, -2.384185791015625e-07, 2.60770320892334e-07, 0.4620991349220276, -0.5779785513877869, 0.6726107597351074, 0.8420682549476624, 0.5238774418830872, -0.12834924459457397, -0.2781824767589569, 0.625694215297699, 0.7287806272506714),
            ["RightLowerLeg"] = CFrame.new(-7.450580596923828e-09, -2.980232238769531e-07, -1.333173713646829e-07, 1, -1.713633963618122e-07, -2.6449563961250533e-07, -5.817854287215596e-08, 0.700143039226532, 0.7140026092529297, -1.3490713968167256e-07, -0.7140026092529297, 0.7001429796218872),
            ["LeftUpperLeg"] = CFrame.new(-2.384185791015625e-07, -4.731118679046631e-07, -2.9802322387695312e-08, 0.8125355839729309, 0.4831055700778961, 0.32618236541748047, 0.12542052567005157, 0.4015747904777527, -0.9071974754333496, -0.569258987903595, 0.77804034948349, 0.26570266485214233),
            ["LeftLowerLeg"] = CFrame.new(1.5273690223693848e-07, 0.00012290477752685547, 0.00007736682891845703, 1, 2.7474007424643787e-07, 2.95695087970671e-07, 3.3387934195161506e-07, 0.6543715000152588, 0.7561736106872559, 1.7136345320523105e-07, -0.7561731934547424, 0.6543712019920349),
        }},
        {Time = 0.267, Data = {
            ["RightFoot"] = CFrame.new(-8.940696716308594e-08, 1.7881393432617188e-07, 1.2835516827180982e-07, 0.995013415813446, 0.09730784595012665, 0.021897774189710617, -0.05583450570702553, 0.7253340482711792, -0.6861290335655212, -0.08264891058206558, 0.6814848780632019, 0.7271503210067749),
            ["LeftLowerArm"] = CFrame.new(2.384185791015625e-07, 2.384185791015625e-07, -3.5390257835388184e-07, 1, -5.960462345910855e-08, 8.940695295223122e-08, 1.4901159417490817e-08, 0.4629499912261963, -0.8863843679428101, -7.171183113996449e-08, 0.8863843679428101, 0.46295008063316345),
            ["LeftFoot"] = CFrame.new(3.725290298461914e-08, 1.1920928955078125e-07, 7.450580596923828e-08, 0.9911762475967407, 0.07635430991649628, -0.10835019499063492, -0.05039896070957184, 0.9731211066246033, 0.22471076250076294, 0.12259551882743835, -0.21726800501346588, 0.9683828353881836),
            ["Head"] = CFrame.new(1.7881393432617188e-07, -2.384185791015625e-07, 4.246830940246582e-07, 0.9887615442276001, -0.0806741788983345, 0.1258668750524521, 0.11709421873092651, 0.9413385987281799, -0.31649795174598694, -0.09294995665550232, 0.32767894864082336, 0.9402056932449341),
            ["LowerTorso"] = CFrame.new(0.12342584133148193, -0.24350309371948242, 1.994180679321289, 0.8981563448905945, 0.14585135877132416, -0.4147801697254181, -0.11240611225366592, 0.9881962537765503, 0.10408280789852142, 0.4250648021697998, -0.046858809888362885, 0.9039492607116699),
            ["UpperTorso"] = CFrame.new(-2.9802322387695312e-08, 1.4901161193847656e-07, -1.2665987014770508e-07, 0.9522913694381714, -0.14756804704666138, 0.26714223623275757, 0.04239002615213394, 0.9308009147644043, 0.3630606234073639, -0.3022323250770569, -0.33441516757011414, 0.8926488757133484),
            ["HumanoidRootPart"] = CFrame.new(0, 0, 0, 1, 0, 0, 0, 1, 0, 0, 0, 1),
            ["RightUpperLeg"] = CFrame.new(1.1920928955078125e-07, -3.725290298461914e-08, -7.620110409334302e-08, 0.903649628162384, -0.22067329287528992, 0.36704346537590027, 0.24837376177310944, 0.9682187438011169, -0.029377026483416557, -0.34889525175094604, 0.1177104264497757, 0.929739773273468),
            ["LeftUpperArm"] = CFrame.new(5.960464477539063e-08, 2.384185791015625e-07, -1.6391277313232422e-07, 0.7311189770698547, 0.6806784272193909, 0.04628226161003113, -0.6801767349243164, 0.7219334244728088, 0.12716856598854065, 0.053148217499256134, -0.12445549666881561, 0.9908007979393005),
            ["RightLowerArm"] = CFrame.new(4.172325134277344e-07, -3.5762786865234375e-07, -8.940696716308594e-08, 1, 2.980230462412692e-08, 2.6822095833267667e-07, 1.713633110966839e-07, -0.28416478633880615, -0.958775520324707, 1.5646214990283625e-07, 0.9587754011154175, -0.2841648757457733),
            ["LeftHand"] = CFrame.new(5.960464477539063e-08, 1.7881393432617188e-07, -1.7881393432617188e-07, 0.998464047908783, -0.013796065002679825, 0.05365821346640587, 0.012417462654411793, 0.9995863437652588, 0.025943895801901817, -0.05399401858448982, -0.02523762546479702, 0.998222291469574),
            ["RightHand"] = CFrame.new(3.5762786865234375e-07, -1.7881393432617188e-07, -2.9802322387695312e-08, 0.9350748062133789, -0.024806318804621696, 0.35358142852783203, 0.027711737900972366, 0.9996110200881958, -0.0031556333415210247, -0.35336562991142273, 0.01274916809052229, 0.9353984594345093),
