return {
    ["Junkrat Dance"] = {
        {Time = 0.000, Data = {
            ["RightFoot"] = CFrame.new(-9.313225746154785e-09, 1.7881393432617188e-07, -1.5068508218973875e-08, 0.9963003993034363, -0.07777108252048492, 0.036569371819496155, 0.07847214490175247, 0.9967512488365173, -0.018140800297260284, -0.035039763897657394, 0.02094343490898609, 0.9991664886474609),
            ["LeftLowerArm"] = CFrame.new(8.940696716308594e-08, 0, 1.043081283569336e-07, 1, -2.0116539189984906e-07, 2.533193139697687e-07, 0, 0.07505641132593155, -0.997179388999939, -1.4901138101208744e-08, 0.9971792697906494, 0.07505632191896439),
            ["RightUpperArm"] = CFrame.new(0, -0.06523823738098145, -1.862645149230957e-08, 0.6335815787315369, -0.553542971611023, -0.5405224561691284, 0.4783308207988739, 0.8293776512145996, -0.2886733412742615, 0.6080905795097351, -0.07565098255872726, 0.7902551293373108),
            ["Head"] = CFrame.new(0, 0, 3.5669654607772827e-07, 0.9959086179733276, -0.03186394274234772, -0.08456254005432129, -0.04693721607327461, 0.6172426342964172, -0.7853714227676392, 0.07722068578004837, 0.7861273884773254, 0.6132217645645142),
            ["RightHand"] = CFrame.new(-3.3527612686157227e-08, -1.1920928955078125e-07, -1.1920928955078125e-07, 0.7257483005523682, 0.32546722888946533, -0.6061024069786072, -0.2785595953464508, 0.944584846496582, 0.17368023097515106, 0.6290422081947327, 0.04278692603111267, 0.7761927247047424),
            ["UpperTorso"] = CFrame.new(1.3969838619232178e-09, 1.4901161193847656e-07, -5.5035343393683434e-08, 0.960077702999115, -0.24623779952526093, 0.1327316164970398, 0.12528197467327118, 0.8027420043945312, 0.583017885684967, -0.2501102685928345, -0.5431135296821594, 0.8015437722206116),
            ["HumanoidRootPart"] = CFrame.new(0, 0, 0, 1, 0, 0, 0, 1, 0, 0, 0, 1),
            ["RightUpperLeg"] = CFrame.new(-0.000025600194931030273, -0.00012558652088046074, -0.004997527226805687, 0.9931268692016602, 0.11704307049512863, 0.00007946888217702508, -0.1128016784787178, 0.9573184251785278, -0.2661152482032776, -0.031223125755786896, 0.26427724957466125, 0.963941216468811),
            ["LeftUpperArm"] = CFrame.new(0, -0.06523799896240234, 1.2665987014770508e-07, 0.3746580183506012, 0.7857673764228821, 0.4921395778656006, -0.7906097769737244, 0.5480304956436157, -0.27312663197517395, -0.484321653842926, -0.2867615520954132, 0.8265594840049744),
            ["RightLowerArm"] = CFrame.new(4.76837158203125e-07, -2.384185791015625e-07, 5.960464477539063e-08, 1, -9.126947020376974e-08, -2.1047841869403783e-07, 3.5576445611695817e-07, 0.059447359293699265, -0.9982314705848694, 7.636828769364001e-08, 0.9982314705848694, 0.059447214007377625),
            ["LeftHand"] = CFrame.new(1.7881393432617188e-07, 0, 4.470348358154297e-08, 0.6890321373939514, -0.39531612396240234, 0.6074206829071045, 0.4674755930900574, 0.8828948736190796, 0.04431410878896713, -0.5538063645362854, 0.2534202039241791, 0.7931433320045471),
            ["LeftFoot"] = CFrame.new(-6.332993507385254e-08, 5.960464477539063e-08, 2.0489096641540527e-08, 0.9358469247817993, 0.16169504821300507, -0.3131219446659088, -0.24879951775074005, 0.9324156641960144, -0.2621065676212311, 0.24957828223705292, 0.32319632172584534, 0.9128279089927673),
            ["LowerTorso"] = CFrame.new(-0.00291243102401495, 0.0072329044342041016, -0.11921720206737518, 0.9915313720703125, 0.01342819258570671, -0.1291712522506714, 0.012673447839915752, 0.9798874258995056, 0.19914832711219788, 0.1292475312948227, -0.1990988701581955, 0.9714189171791077),
            ["RightLowerLeg"] = CFrame.new(7.543712854385376e-08, -2.384185791015625e-07, -9.143695933744311e-08, 1, 2.5145704185547402e-08, 5.0291408371094803e-08, 2.1420417439799166e-08, 0.9999829530715942, 0.0058517795987427235, 3.166496398421259e-08, -0.005851866211742163, 0.9999828934669495),
            ["LeftUpperLeg"] = CFrame.new(0.000025600194931030273, 0.0001255478709936142, 0.004997424781322479, 0.9385325908660889, 0.3329888880252838, 0.09096769988536835, -0.16256371140480042, 0.6588436961174011, -0.7345051765441895, -0.3045156002044678, 0.6745691299438477, 0.6724782586097717),
            ["LeftLowerLeg"] = CFrame.new(4.470348358154297e-08, -5.960464477539063e-08, -1.9650906324386597e-07, 1, 7.450579886381092e-08, 1.3737003712321894e-07, -7.450581307466564e-08, -0.5333910584449768, 0.845868706703186, 1.4994294872394676e-07, -0.845868706703186, -0.5333911776542664),
        }},
        {Time = 0.042, Data = {
            ["RightFoot"] = CFrame.new(1.816079020500183e-08, 2.980232238769531e-07, 6.351910997182131e-09, 0.9968682527542114, -0.06955482065677643, 0.03762928023934364, 0.07196450233459473, 0.9951538443565369, -0.06700775772333145, -0.03278617560863495, 0.06950601190328598, 0.997042715549469),
            ["LeftLowerArm"] = CFrame.new(-2.384185791015625e-07, 2.384185791015625e-07, 7.450580596923828e-08, 1, -2.1606652467198728e-07, 3.7252848983371223e-07, -3.129239303234499e-07, 0.09693590551614761, -0.9952906966209412, 1.4901139877565583e-08, 0.9952906370162964, 0.09693593531847),
            ["RightUpperArm"] = CFrame.new(1.1920928955078125e-07, -0.06523776054382324, 1.4901161193847656e-07, 0.7590682506561279, -0.41495323181152344, -0.5016273260116577, 0.4634246230125427, 0.8855826258659363, -0.031305860728025436, 0.45722314715385437, -0.2087038904428482, 0.8645171523094177),
            ["Head"] = CFrame.new(4.470348358154297e-08, 2.384185791015625e-07, 7.82310962677002e-08, 0.992571234703064, -0.020136607810854912, -0.11998772621154785, -0.07608550041913986, 0.6668366193771362, -0.7413095235824585, 0.0949397161602974, 0.7449319362640381, 0.6603507399559021),
            ["RightHand"] = CFrame.new(-5.662441253662109e-07, 1.1920928955078125e-07, 0, 0.7798141241073608, 0.29015448689460754, -0.5547075271606445, -0.16709768772125244, 0.9504259824752808, 0.2622385323047638, 0.603298008441925, -0.1118069738149643, 0.7896395921707153),
            ["UpperTorso"] = CFrame.new(3.725290298461914e-09, -5.960464477539063e-08, 1.4668330550193787e-08, 0.9549819231033325, -0.243820920586586, 0.1689997762441635, 0.12220989912748337, 0.8424126505851746, 0.5247910022735596, -0.2703225314617157, -0.4805125594139099, 0.8342862725257874),
            ["HumanoidRootPart"] = CFrame.new(0, 0, 0, 1, 0, 0, 0, 1, 0, 0, 0, 1),
            ["RightUpperLeg"] = CFrame.new(-0.000025540590286254883, -0.00012546416837722063, -0.004997478798031807, 0.9932678937911987, 0.1145191565155983, -0.01744699291884899, -0.11581401526927948, 0.9784935116767883, -0.17069733142852783, -0.0024763494729995728, 0.17156890034675598, 0.9851691126823425),
            ["LeftUpperArm"] = CFrame.new(-1.1920928955078125e-07, -0.06523799896240234, 8.940696716308594e-08, 0.31609657406806946, 0.7614952921867371, 0.5658689737319946, -0.8507139086723328, 0.4915274679660797, -0.18624185025691986, -0.419963002204895, -0.4225232005119324, 0.8031851053237915),
            ["RightLowerArm"] = CFrame.new(-1.7881393432617188e-07, 0, 5.960464477539063e-08, 1, 5.9604559510262334e-08, -4.3958340256722295e-07, 5.066385142526997e-07, 0.1224420964717865, -0.9924757480621338, 2.6822038989848807e-07, 0.9924757480621338, 0.12244191020727158),
            ["LeftHand"] = CFrame.new(2.086162567138672e-07, -1.7881393432617188e-07, -1.4901161193847656e-07, 0.7672696113586426, -0.204232856631279, 0.6079362630844116, 0.29549187421798706, 0.9539029598236084, -0.05247829109430313, -0.5691941380500793, 0.21990488469600677, 0.7922496199607849),
            ["LeftFoot"] = CFrame.new(3.91155481338501e-08, 2.384185791015625e-07, 7.450580596923828e-09, 0.9645577073097229, 0.13207626342773438, -0.2284388542175293, -0.18819785118103027, 0.9511547684669495, -0.24471649527549744, 0.18495941162109375, 0.2790350019931793, 0.9423001408576965),
            ["LowerTorso"] = CFrame.new(-0.013593131676316261, -0.01880800724029541, -0.132787823677063, 0.9929619431495667, -0.003601684933528304, -0.11837924271821976, 0.027830980718135834, 0.9786438941955566, 0.20367032289505005, 0.11511756479740143, -0.2055315375328064, 0.9718563556671143),
            ["RightLowerLeg"] = CFrame.new(-9.685754776000977e-08, -5.960464477539063e-08, 7.620110409334302e-08, 1, 1.1175870895385742e-08, 4.749744064724837e-08, 1.3504177331924438e-08, 0.9999842047691345, 0.00563097232952714, -2.7474015951156616e-08, -0.0056312186643481255, 0.9999841451644897),
            ["LeftUpperLeg"] = CFrame.new(0.00002562999725341797, 0.0001256762770935893, 0.004997417330741882, 0.9556722640991211, 0.29352471232414246, 0.023107798770070076, -0.040843307971954346, 0.20988419651985168, -0.9768728017807007, -0.291586309671402, 0.9326263666152954, 0.21256892383098602),
            ["LeftLowerLeg"] = CFrame.new(-7.450580596923828e-08, -5.960464477539063e-08, 2.9243528842926025e-07, 1, 7.078050856534901e-08, 1.564621925354004e-07, -5.401671643312511e-08, -0.6126465201377869, 0.7903569936752319, 1.032604046713459e-07, -0.7903571128845215, -0.6126465797424316),
        }},
        {Time = 0.083, Data = {
            ["RightFoot"] = CFrame.new(-6.05359673500061e-09, 1.1920928955078125e-07, -1.1006341082975268e-07, 0.9985806345939636, -0.046686697751283646, 0.025634007528424263, 0.05243326351046562, 0.946241021156311, -0.31918400526046753, -0.009354316629469395, 0.3200756311416626, 0.947346031665802),
            ["LeftLowerArm"] = CFrame.new(5.364418029785156e-07, -4.76837158203125e-07, 7.450580596923828e-08, 1, -2.1606652467198728e-07, 3.091985831815691e-07, -1.5646196516172495e-07, 0.2711336314678192, -0.9625417590141296, -4.470341963269675e-08, 0.9625417590141296, 0.27113354206085205),
            ["RightUpperArm"] = CFrame.new(-2.980232238769531e-07, -0.06523823738098145, -2.9802322387695312e-08, 0.8979149460792542, -0.24639075994491577, -0.3647470474243164, 0.303087443113327, 0.9470024108886719, 0.10641493648290634, 0.31919699907302856, -0.20610210299491882, 0.9250057339668274),
            ["Head"] = CFrame.new(1.4901161193847656e-08, -1.1920928955078125e-07, -1.2293457984924316e-07, 0.988130509853363, -0.03964610397815704, -0.1484125256538391, -0.07784739136695862, 0.7036442160606384, -0.7062752842903137, 0.13243073225021362, 0.7094456553459167, 0.6922058463096619),
            ["RightHand"] = CFrame.new(-4.470348358154297e-08, 0, -5.960464477539063e-08, 0.8523481488227844, 0.18656553328037262, -0.4885653257369995, -0.043553248047828674, 0.9562811851501465, 0.28918778896331787, 0.5211582183837891, -0.22520989179611206, 0.823209822177887),
            ["UpperTorso"] = CFrame.new(-5.587935447692871e-09, 2.384185791015625e-07, 2.514570951461792e-08, 0.9514276385307312, -0.22790464758872986, 0.20699042081832886, 0.10422677546739578, 0.8710585236549377, 0.4799935519695282, -0.289693683385849, -0.43510502576828003, 0.8525028824806213),
            ["HumanoidRootPart"] = CFrame.new(0, 0, 0, 1, 0, 0, 0, 1, 0, 0, 0, 1),
            ["RightUpperLeg"] = CFrame.new(-0.000025451183319091797, -0.00012548244558274746, -0.004997463896870613, 0.9978069067001343, 0.06108968332409859, -0.025483714416623116, -0.06155569851398468, 0.9979428648948669, -0.017918553203344345, 0.024336710572242737, 0.019447926431894302, 0.9995146989822388),
            ["LeftUpperArm"] = CFrame.new(5.960464477539063e-08, -0.06523799896240234, 0, 0.3580890893936157, 0.7425603270530701, 0.5660181045532227, -0.882538378238678, 0.4670795500278473, -0.0544288195669651, -0.30479204654693604, -0.4800427258014679, 0.8225941061973572),
            ["RightLowerArm"] = CFrame.new(-1.4901161193847656e-07, -1.1920928955078125e-07, 2.086162567138672e-07, 1, 6.332984980872425e-08, -1.4156073291360372e-07, 4.321327935485897e-07, 0.4266259968280792, -0.9044283032417297, 4.470339121098732e-08, 0.9044281244277954, 0.4266257584095001),
            ["LeftHand"] = CFrame.new(8.940696716308594e-08, 0, -2.9802322387695312e-08, 0.7893301248550415, 0.028118647634983063, 0.6133248209953308, 0.10112070292234421, 0.9793550968170166, -0.1750384271144867, -0.6055845618247986, 0.20018257200717926, 0.770190954208374),
            ["LeftFoot"] = CFrame.new(7.450580596923828e-09, -5.960464477539063e-08, 8.940696716308594e-08, 0.9877281188964844, 0.09664052724838257, -0.12269432097673416, -0.12554988265037537, 0.9585702419281006, -0.25569573044776917, 0.09290071576833725, 0.26796218752861023, 0.9589400291442871),
            ["LowerTorso"] = CFrame.new(-0.03703124821186066, -0.16125690937042236, -0.1730426847934723, 0.9946015477180481, -0.003007478779181838, -0.10372466593980789, 0.024897770956158638, 0.977297306060791, 0.21040470898151398, 0.10073705017566681, -0.2118513584136963, 0.9720962047576904),
            ["RightLowerLeg"] = CFrame.new(-8.66129994392395e-08, 1.1920928955078125e-07, -3.3694959711283445e-08, 1, -5.0291408371094803e-08, -1.862645371275562e-09, 4.284083843231201e-08, 0.9385770559310913, 0.34506934881210327, -6.426125764846802e-08, -0.3450697362422943, 0.9385771751403809),
            ["LeftUpperLeg"] = CFrame.new(0.000025480985641479492, 0.0001260609133169055, 0.004997540265321732, 0.9724805355072021, 0.22954826056957245, 0.03986402601003647, 0.0729270800948143, -0.1374061554670334, -0.9878265261650085, -0.22127647697925568, 0.9635492563247681, -0.1503652185201645),
            ["LeftLowerLeg"] = CFrame.new(2.9802322387695312e-08, -1.1920928955078125e-07, 3.3527612686157227e-08, 1, 7.078047303821222e-08, 1.0989610643719061e-07, -8.288770203535023e-08, -0.4321858882904053, 0.901784360408783, 1.210719204891575e-07, -0.9017845988273621, -0.43218639492988586),
        }},
        {Time = 0.125, Data = {
            ["RightFoot"] = CFrame.new(4.284083843231201e-08, 3.5762786865234375e-07, 3.149762051180005e-08, 0.9994129538536072, -0.007291076704859734, 0.03347772732377052, 0.01918071135878563, 0.9286961555480957, -0.3703453242778778, -0.028390390798449516, 0.3707699477672577, 0.9282907247543335),
            ["LeftLowerArm"] = CFrame.new(-3.5762786865234375e-07, 1.1920928955078125e-07, -1.043081283569336e-07, 1, -6.665929959126515e-07, 3.2037442565524543e-07, -4.6938572495491826e-07, 0.5066757202148438, -0.8621366620063782, -2.4586873337284487e-07, 0.8621367812156677, 0.5066758394241333),
            ["RightUpperArm"] = CFrame.new(-2.384185791015625e-07, -0.06523776054382324, -3.725290298461914e-08, 0.9474837779998779, -0.17332643270492554, -0.2687615752220154, 0.19008995592594147, 0.9810519218444824, 0.03745241090655327, 0.2571777105331421, -0.08657506853342056, 0.9624783396720886),
            ["Head"] = CFrame.new(3.3527612686157227e-08, 2.384185791015625e-07, -9.685754776000977e-08, 0.9851506352424622, -0.07168606668710709, -0.15601104497909546, -0.05707167834043503, 0.7202678322792053, -0.6913444995880127, 0.16192950308322906, 0.6899821758270264, 0.7054809331893921),
            ["RightHand"] = CFrame.new(-3.3527612686157227e-07, -1.1920928955078125e-07, -8.940696716308594e-08, 0.8417091965675354, 0.1436517983675003, -0.5204707384109497, -0.015320921316742897, 0.9699236750602722, 0.24292752146720886, 0.5397137999534607, -0.19650036096572876, 0.8185942769050598),
            ["UpperTorso"] = CFrame.new(-1.6763806343078613e-08, 0, 9.313225746154785e-09, 0.951529324054718, -0.20020629465579987, 0.2334725707769394, 0.07539962977170944, 0.887801468372345, 0.454008013010025, -0.2981725335121155, -0.4143984317779541, 0.8598646521568298),
            ["HumanoidRootPart"] = CFrame.new(0, 0, 0, 1, 0, 0, 0, 1, 0, 0, 0, 1),
            ["RightUpperLeg"] = CFrame.new(-0.000025570392608642578, -0.00012574950233101845, -0.004997460171580315, 0.9988681674003601, 0.0023755088914185762, -0.04750668257474899, 0.021342914551496506, 0.8701843619346619, 0.4922640323638916, 0.04250893369317055, -0.49272051453590393, 0.8691486120223999),
            ["LeftUpperArm"] = CFrame.new(1.7881393432617188e-07, -0.06523764133453369, -7.450580596923828e-08, 0.5408151149749756, 0.7007014751434326, 0.4653351902961731, -0.8209888935089111, 0.5600962042808533, 0.11076483875513077, -0.18301966786384583, -0.441938579082489, 0.8781768083572388),
            ["RightLowerArm"] = CFrame.new(-1.4901161193847656e-07, 5.960464477539063e-08, -1.4901161193847656e-08, 1, 6.286418283707462e-07, -2.6449509960002615e-07, 7.376058874797309e-07, 0.8099938631057739, -0.5864383578300476, 1.7136298424702545e-07, 0.5864384174346924, 0.8099938631057739),
            ["LeftHand"] = CFrame.new(3.203749656677246e-07, 5.960464477539063e-08, 2.9802322387695312e-08, 0.8740313649177551, 0.10834827274084091, 0.4736346900463104, -0.09011049568653107, 0.9940550923347473, -0.06111045181751251, -0.4774404466152191, 0.010732569731771946, 0.8785987496376038),
            ["LeftFoot"] = CFrame.new(0, -5.960464477539063e-08, 5.960464477539063e-08, 0.9925424456596375, 0.10904662311077118, -0.05448245257139206, -0.12035249173641205, 0.9476013779640198, -0.29591724276542664, 0.01935897022485733, 0.3002675771713257, 0.9536586403846741),
            ["LowerTorso"] = CFrame.new(-0.07245514541864395, -0.3836921453475952, -0.22900253534317017, 0.9955651760101318, 0.004569716285914183, -0.09396380931138992, 0.01651628501713276, 0.9748153686523438, 0.22240124642848969, 0.09261367470026016, -0.22296690940856934, 0.9704166650772095),
            ["RightLowerLeg"] = CFrame.new(5.587935447692871e-08, -1.7881393432617188e-07, 9.145878721028566e-09, 1, 7.4505797087454084e-09, -2.2351738238057806e-08, 0, 0.9999832510948181, 0.005789471790194511, -4.097817907222634e-08, -0.0057897367514669895, 0.9999833106994629),
            ["LeftUpperLeg"] = CFrame.new(0.000025540590286254883, 0.00012567848898470402, 0.004997473210096359, 0.9709714651107788, 0.19971095025539398, 0.1316433548927307, 0.13442207872867584, -0.0003571551642380655, -0.9909241199493408, -0.19785147905349731, 0.9798548817634583, -0.027192777022719383),
            ["LeftLowerLeg"] = CFrame.new(-2.9802322387695312e-08, 1.1920928955078125e-07, 9.685754776000977e-08, 1, 7.450577044210149e-08, 8.75443859627012e-08, -7.264316792543468e-08, 0.01619267463684082, 0.9998689293861389, 7.823110337312755e-08, -0.9998688697814941, 0.01619269885122776),
        }},
        {Time = 0.167, Data = {
            ["RightFoot"] = CFrame.new(-1.4901161193847656e-08, 2.384185791015625e-07, 5.420588422566652e-09, 0.9994646906852722, 0.0013470466947183013, 0.03268992528319359, 0.00949777103960514, 0.9441816806793213, -0.329288125038147, -0.03130865469574928, 0.32942259311676025, 0.943663477897644),
            ["LeftLowerArm"] = CFrame.new(3.5762786865234375e-07, -1.1920928955078125e-07, 5.960464477539063e-08, 1, 1.1175853131817348e-08, 7.4505734914964705e-09, 9.685739854603526e-08, 0.8773866891860962, -0.4797835350036621, -5.587926921180042e-08, 0.47978392243385315, 0.8773869276046753),
            ["RightUpperArm"] = CFrame.new(-1.1920928955078125e-07, -0.065238356590271, 2.682209014892578e-07, 0.9445338249206543, -0.19995370507240295, -0.26052728295326233, 0.19065088033676147, 0.9797748327255249, -0.06077410280704498, 0.2674103379249573, 0.007733285427093506, 0.9635518789291382),
            ["Head"] = CFrame.new(3.5390257835388184e-08, -1.1920928955078125e-07, -2.2351741790771484e-08, 0.9862239360809326, -0.09056238830089569, -0.1384226232767105, -0.031623903661966324, 0.7181569337844849, -0.6951619982719421, 0.16236485540866852, 0.689963161945343, 0.7053998708724976),
            ["RightHand"] = CFrame.new(-1.9371509552001953e-07, -1.1920928955078125e-07, -5.587935447692871e-08, 0.8037588596343994, 0.1941777467727661, -0.562375009059906, -0.09525065869092941, 0.9750459790229797, 0.20053155720233917, 0.5872809886932373, -0.10761253535747528, 0.8021979928016663),
            ["UpperTorso"] = CFrame.new(3.3527612686157227e-08, 2.980232238769531e-07, -9.033828973770142e-08, 0.9565330743789673, -0.16639026999473572, 0.23949670791625977, 0.043007124215364456, 0.8927592039108276, 0.44847697019577026, -0.2884352505207062, -0.4186829924583435, 0.8611096143722534),
            ["HumanoidRootPart"] = CFrame.new(0, 0, 0, 1, 0, 0, 0, 1, 0, 0, 0, 1),
            ["RightUpperLeg"] = CFrame.new(-0.000025510787963867188, -0.0001254108501598239, -0.004997445270419121, 0.9985988736152649, -0.026971938088536263, -0.04552951827645302, 0.047375284135341644, 0.8390086889266968, 0.5420517325401306, 0.0235794335603714, -0.5434491038322449, 0.839110791683197),
            ["LeftUpperArm"] = CFrame.new(1.1920928955078125e-07, -0.06523787975311279, 3.129243850708008e-07, 0.8061769008636475, 0.5444526076316833, 0.2316242903470993, -0.5629692077636719, 0.8263001441955566, 0.01714535616338253, -0.18205620348453522, -0.14421989023685455, 0.9726542830467224),
            ["RightLowerArm"] = CFrame.new(-2.682209014892578e-07, -1.1920928955078125e-07, 2.086162567138672e-07, 1, 7.636831611534944e-08, -3.5390204544683e-08, 1.5646187989659666e-07, 0.9395995140075684, -0.342275470495224, 1.4901130995781386e-08, 0.3422757387161255, 0.9395996928215027),
            ["LeftHand"] = CFrame.new(-3.4831464290618896e-07, 1.7881393432617188e-07, -1.4901161193847656e-08, 0.9081844091415405, 0.3786395788192749, 0.1784191131591797, -0.37008681893348694, 0.9255184531211853, -0.08032015711069107, -0.19554294645786285, 0.006914914585649967, 0.9806708693504333),
            ["LeftFoot"] = CFrame.new(3.725290298461914e-08, 1.1920928955078125e-07, -4.0978193283081055e-08, 0.9940641522407532, 0.10537932068109512, -0.02705089934170246, -0.10709375143051147, 0.9915925860404968, -0.07262972742319107, 0.019169922918081284, 0.07509554177522659, 0.9969921112060547),
            ["LowerTorso"] = CFrame.new(-0.12061844021081924, -0.409915566444397, -0.26879552006721497, 0.99563068151474, 0.0031367626506835222, -0.09332644194364548, 0.01904214359819889, 0.9716143012046814, 0.2358030080795288, 0.09141698479652405, -0.23654982447624207, 0.9673092365264893),
            ["RightLowerLeg"] = CFrame.new(0, -2.384185791015625e-07, 1.6596459317952394e-08, 1, 0, -1.4901159417490817e-08, -3.3527612686157227e-08, 0.9999857544898987, 0.00533727603033185, -2.60770320892334e-08, -0.0053375354036688805, 0.9999857544898987),
            ["LeftUpperLeg"] = CFrame.new(0.000025510787963867188, 0.00012567488010972738, 0.004997462034225464, 0.9653596878051758, 0.14043891429901123, 0.21990351378917694, 0.167335644364357, 0.3134225606918335, -0.9347540140151978, -0.20019879937171936, 0.9391716122627258, 0.27906522154808044),
            ["LeftLowerLeg"] = CFrame.new(-4.470348358154297e-08, -5.960464477539063e-08, 0, 1, 6.891789183782748e-08, 3.72529100900465e-08, -7.450581307466564e-08, 0.46299511194229126, 0.8863610029220581, 1.0430814256778831e-07, -0.8863609433174133, 0.46299487352371216),
        }},
        {Time = 0.208, Data = {
            ["RightFoot"] = CFrame.new(-1.6763806343078613e-08, 4.172325134277344e-07, 2.2184394765645266e-08, 0.9998740553855896, -0.012125984765589237, 0.0102468216791749, 0.012095395475625992, 0.9999222159385681, 0.003052797866985202, -0.010283050127327442, -0.002928640227764845, 0.9999428987503052),
            ["LeftLowerArm"] = CFrame.new(-1.1920928955078125e-07, 0, -1.1920928955078125e-07, 1, -2.086159867076276e-07, -4.470341252726939e-08, -1.6763780763540126e-07, 0.9902815818786621, -0.13907736539840698, -8.195625866846967e-08, 0.13907745480537415, 0.9902815222740173),
            ["RightUpperArm"] = CFrame.new(-1.7881393432617188e-07, -0.0652381181716919, -3.2782554626464844e-07, 0.8815980553627014, -0.2899096608161926, -0.37247446179389954, 0.2845349907875061, 0.9560568928718567, -0.07067470997571945, 0.3765963912010193, -0.04367576166987419, 0.9253475069999695),
            ["Head"] = CFrame.new(-5.960464477539063e-08, -1.1920928955078125e-07, 1.1548399925231934e-07, 0.9897089600563049, -0.10453051328659058, -0.0977216586470604, 0.0030859820544719696, 0.6983478665351868, -0.7157514691352844, 0.14306171238422394, 0.7080845236778259, 0.6914842128753662),
            ["RightHand"] = CFrame.new(7.078051567077637e-08, 5.960464477539063e-08, -3.166496753692627e-08, 0.7559211254119873, 0.2763395309448242, -0.5934807658195496, -0.16006779670715332, 0.957046389579773, 0.2417449653148651, 0.6347926259040833, -0.08774296194314957, 0.767684817314148),
            ["UpperTorso"] = CFrame.new(-2.9802322387695312e-08, 2.384185791015625e-07, 1.862645149230957e-08, 0.9657367467880249, -0.12225575000047684, 0.22892405092716217, 0.00009781987319001928, 0.8822636008262634, 0.47075605392456055, -0.25952383875846863, -0.4546036720275879, 0.8520460724830627),
            ["HumanoidRootPart"] = CFrame.new(0, 0, 0, 1, 0, 0, 0, 1, 0, 0, 0, 1),
            ["RightUpperLeg"] = CFrame.new(-0.000025480985641479492, -0.00012539583258330822, -0.004997476935386658, 0.998946487903595, -0.04190179705619812, 0.018717089667916298, 0.02963177300989628, 0.9003561735153198, 0.43414419889450073, -0.0350433811545372, -0.43313175439834595, 0.9006490111351013),
            ["LeftUpperArm"] = CFrame.new(0, -0.0652381181716919, -7.450580596923828e-08, 0.9375184774398804, 0.3217960000038147, 0.13231319189071655, -0.28616151213645935, 0.9294523000717163, -0.2328731119632721, -0.19791637361049652, 0.180460125207901, 0.9634643197059631),
            ["RightLowerArm"] = CFrame.new(-2.9802322387695312e-08, -5.960464477539063e-08, 8.940696716308594e-08, 1, 1.029109739647538e-07, -5.8673236935646855e-08, 1.8626424491685611e-07, 0.8304528594017029, -0.5570886731147766, 2.2351709816348375e-08, 0.5570888519287109, 0.8304530382156372),
            ["LeftHand"] = CFrame.new(1.0058283805847168e-07, 1.7881393432617188e-07, -6.332993507385254e-08, 0.9129136204719543, 0.4076354503631592, -0.020549608394503593, -0.4058331847190857, 0.9012131690979004, -0.15203401446342468, -0.04345489293336868, 0.1471334546804428, 0.9881616830825806),
            ["LeftFoot"] = CFrame.new(2.9802322387695312e-08, 0, 6.332993507385254e-08, 0.9904010891914368, 0.12989388406276703, -0.04725903272628784, -0.11419087648391724, 0.961546778678894, 0.24977673590183258, 0.07788614183664322, -0.24198243021965027, 0.967149555683136),
            ["LowerTorso"] = CFrame.new(-0.18730506300926208, -0.15078198909759521, -0.2881891131401062, 0.9952806830406189, -0.005186003632843494, -0.0968996211886406, 0.02894146554172039, 0.9689884185791016, 0.24540559947490692, 0.09262193739414215, -0.24705179035663605, 0.9645654559135437),
            ["RightLowerLeg"] = CFrame.new(-1.210719347000122e-08, -2.384185791015625e-07, 2.1031155483797193e-07, 1, -1.257285298095212e-08, 1.1175869119028903e-08, -1.6763806343078613e-08, 0.9999850392341614, 0.005479846615344286, -1.862645149230957e-08, -0.005480058956891298, 0.9999850392341614),
            ["LeftUpperLeg"] = CFrame.new(0.000025600194931030273, 0.00012590805999934673, 0.00499754399061203, 0.9561646580696106, 0.01600116491317749, 0.2923922836780548, 0.19495920836925507, 0.7102505564689636, -0.6764136552810669, -0.21849502623081207, 0.7037671208381653, 0.6759965419769287),
            ["LeftLowerLeg"] = CFrame.new(-4.470348358154297e-08, -1.7881393432617188e-07, -8.940696716308594e-08, 1, 2.9802315282267955e-08, -3.7252894102834944e-09, -4.470347647611561e-08, 0.9525971412658691, 0.3042348623275757, -5.215405707303944e-08, -0.30423468351364136, 0.9525970816612244),
        }},
        {Time = 0.250, Data = {
            ["RightFoot"] = CFrame.new(5.587935447692871e-09, 4.172325134277344e-07, -1.9725121092051268e-08, 0.9997407793998718, -0.000531044031959027, -0.022761166095733643, -0.004820157308131456, 0.9721291065216064, -0.2343963384628296, 0.022251227870583534, 0.23444576561450958, 0.9718747138977051),
            ["LeftLowerArm"] = CFrame.new(-1.7881393432617188e-07, 1.7881393432617188e-07, -2.384185791015625e-07, 1, -3.41794816449692e-07, 1.750883029671968e-07, -2.011653350564302e-07, 0.5718653798103333, -0.8203474283218384, -9.685738433518054e-08, 0.8203474879264832, 0.571865439414978),
            ["RightUpperArm"] = CFrame.new(-1.7881393432617188e-07, -0.06523799896240234, -2.9802322387695312e-08, 0.7412793040275574, -0.4126212000846863, -0.5293856859207153, 0.40640386939048767, 0.9036283493041992, -0.13524523377418518, 0.5341732501983643, -0.11489012837409973, 0.8375318646430969),
            ["Head"] = CFrame.new(-7.450580596923828e-08, 1.1920928955078125e-07, -7.450580596923828e-08, 0.9929584860801697, -0.11255120486021042, -0.03695592284202576, 0.04696265608072281, 0.6603964567184448, -0.7494471073150635, 0.10875679552555084, 0.7424343228340149, 0.6610321402549744),
            ["RightHand"] = CFrame.new(1.6883132047951221e-07, -2.384185791015625e-07, 5.960464477539063e-08, 0.677265465259552, 0.33932849764823914, -0.6528146862983704, -0.14339181780815125, 0.9311548471450806, 0.3352460563182831, 0.7216304540634155, -0.13344250619411469, 0.6792959570884705),
            ["UpperTorso"] = CFrame.new(2.9802322387695312e-08, 4.470348358154297e-07, 1.1548399925231934e-07, 0.9766637086868286, -0.07094936817884445, 0.2027173489332199, -0.044902410358190536, 0.855550229549408, 0.5157689452171326, -0.21002832055091858, -0.5128352046012878, 0.8323990702629089),
            ["HumanoidRootPart"] = CFrame.new(0, 0, 0, 1, 0, 0, 0, 1, 0, 0, 0, 1),
            ["RightUpperLeg"] = CFrame.new(-0.000025510787963867188, -0.0001252414658665657, -0.004997383803129196, 0.9922932386398315, -0.018042605370283127, 0.12259185314178467, 0.022137168794870377, 0.9992388486862183, -0.032119978219270706, -0.12191900610923767, 0.03458615392446518, 0.9919372797012329),
            ["LeftUpperArm"] = CFrame.new(-2.384185791015625e-07, -0.0652381181716919, -2.5331974029541016e-07, 0.8868013620376587, 0.34805354475975037, 0.3040432929992676, -0.3479387164115906, 0.9358165264129639, -0.05644382908940315, -0.3041744530200958, -0.05573425814509392, 0.9509846568107605),
            ["RightLowerArm"] = CFrame.new(2.384185791015625e-07, -1.7881393432617188e-07, 2.086162567138672e-07, 1, 2.6488268645152857e-07, -1.9239048754116084e-07, 4.133462709887681e-07, 0.5287652015686035, -0.8487682938575745, 2.215196985844159e-07, 0.8487682342529297, 0.528765082359314),
            ["LeftHand"] = CFrame.new(-1.1175870895385742e-08, 1.1920928955078125e-07, 3.725290298461914e-09, 0.9736607670783997, -0.04123280569911003, -0.2242419570684433, 0.030196018517017365, 0.9981679916381836, -0.05243176594376564, 0.22599351406097412, 0.04427960142493248, 0.9731220602989197),
            ["LeftFoot"] = CFrame.new(3.725290298461914e-08, -5.960464477539063e-08, -5.21540641784668e-08, 0.9905295968055725, 0.12992817163467407, -0.04438410699367523, -0.10564325749874115, 0.9277042746543884, 0.3580566644668579, 0.08769688010215759, -0.3499765396118164, 0.9326444268226624),
            ["LowerTorso"] = CFrame.new(-0.2502766251564026, -0.008177876472473145, -0.2959939241409302, 0.9947636127471924, -0.015154553577303886, -0.10107272118330002, 0.04074617475271225, 0.9657585024833679, 0.2562231123447418, 0.09372889250516891, -0.25899967551231384, 0.9613189101219177),
            ["RightLowerLeg"] = CFrame.new(-1.6298145055770874e-08, 1.1920928955078125e-07, -7.839844329282641e-08, 1, -1.1641527919437067e-07, -5.494804611316795e-08, 1.0849909415355796e-07, 0.6365389227867126, 0.7712443470954895, -5.308539385850963e-08, -0.7712446451187134, 0.6365392804145813),
            ["LeftUpperLeg"] = CFrame.new(0.000025540590286254883, 0.0001257052645087242, 0.004997476935386658, 0.9544241428375244, -0.05526106059551239, 0.29329344630241394, 0.19718605279922485, 0.8544341921806335, -0.48068681359291077, -0.22403672337532043, 0.5166123509407043, 0.8263893127441406),
            ["LeftLowerLeg"] = CFrame.new(5.960464477539063e-08, 5.960464477539063e-08, 2.682209014892578e-07, 1, 1.1175873559921001e-08, -3.725290298461914e-09, 0, 0.9999851584434509, 0.0054641664028167725, -2.9802322387695312e-08, -0.00546427583321929, 0.9999850988388062),
        }},
        {Time = 0.292, Data = {
            ["RightFoot"] = CFrame.new(1.4901161193847656e-08, 2.980232238769531e-07, -1.0185613064095378e-07, 0.9994094371795654, 0.01324391271919012, -0.031709372997283936, -0.025224339216947556, 0.9093809127807617, -0.41519850492477417, 0.023337043821811676, 0.41575363278388977, 0.9091780781745911),
            ["LeftLowerArm"] = CFrame.new(1.1920928955078125e-07, -1.1920928955078125e-07, 1.210719347000122e-08, 1, -2.9802279755131167e-07, 1.4156078975702258e-07, -1.1175856684531027e-08, 0.28209856152534485, -0.9593853950500488, -8.56815631777863e-08, 0.9593854546546936, 0.2820985019207001),
            ["RightUpperArm"] = CFrame.new(-1.1920928955078125e-07, -0.06523823738098145, 3.0547380447387695e-07, 0.6107518076896667, -0.5697730183601379, -0.549855649471283, 0.43827053904533386, 0.8215975165367126, -0.3645493686199188, 0.6594704985618591, -0.018335869535803795, 0.7515069246292114),
            ["Head"] = CFrame.new(1.6763806343078613e-08, -2.384185791015625e-07, 2.421438694000244e-08, 0.994793713092804, -0.09271781891584396, 0.04229622334241867, 0.09072660654783249, 0.616725742816925, -0.7819322943687439, 0.04641394689679146, 0.7816987037658691, 0.6219268441200256),
            ["RightHand"] = CFrame.new(2.1606683731079102e-07, -3.5762786865234375e-07, 5.960464477539063e-08, 0.6879289746284485, 0.2096620500087738, -0.6948350667953491, -0.08861976116895676, 0.9744674563407898, 0.20630034804344177, 0.7203472852706909, -0.0803433209657669, 0.6889445185661316),
            ["UpperTorso"] = CFrame.new(2.2351741790771484e-08, 1.4901161193847656e-07, -4.842877388000488e-08, 0.9871670603752136, -0.018439538776874542, 0.15862296521663666, -0.07701817899942398, 0.8151736259460449, 0.574073076248169, -0.13989098370075226, -0.5789230465888977, 0.8032925724983215),
            ["HumanoidRootPart"] = CFrame.new(0, 0, 0, 1, 0, 0, 0, 1, 0, 0, 0, 1),
            ["RightUpperLeg"] = CFrame.new(-0.000025540590286254883, -0.0001256805844604969, -0.004997603595256805, 0.9801545143127441, 0.07243899255990982, 0.18452586233615875, 0.014169059693813324, 0.9028618931770325, -0.4296971559524536, -0.19772827625274658, 0.4237842559814453, 0.8839177489280701),
            ["LeftUpperArm"] = CFrame.new(1.1920928955078125e-07, -0.06523823738098145, 3.0174851417541504e-07, 0.6800851225852966, 0.570606529712677, 0.460317999124527, -0.5358120799064636, 0.8154024481773376, -0.21914461255073547, -0.5003896355628967, -0.0976068452000618, 0.8602807521820068),
            ["RightLowerArm"] = CFrame.new(-1.7881393432617188e-07, -4.76837158203125e-07, 2.9802322387695312e-08, 1, -1.7136308372300846e-07, 7.450566386069113e-08, 9.685737722975318e-08, 0.4280642569065094, -0.9037482738494873, -7.450567274247533e-09, 0.9037483334541321, 0.4280642569065094),
            ["LeftHand"] = CFrame.new(3.2782554626464844e-07, -2.384185791015625e-07, 2.384185791015625e-07, 0.9915258288383484, -0.10944825410842896, -0.06998267024755478, 0.10641101002693176, 0.9932687282562256, -0.0457603745162487, 0.07452002167701721, 0.03792596980929375, 0.9964980483055115),
            ["LeftFoot"] = CFrame.new(4.470348358154297e-08, -1.7881393432617188e-07, 1.862645149230957e-08, 0.9939424991607666, 0.10553934425115585, -0.030657365918159485, -0.10032514482736588, 0.9852022528648376, 0.13896523416042328, 0.04486998915672302, -0.13504791259765625, 0.9898226857185364),
            ["LowerTorso"] = CFrame.new(-0.2877461314201355, -0.03414332866668701, -0.2987661063671112, 0.9931765794754028, -0.03509436175227165, -0.11121497303247452, 0.06299616396427155, 0.9639869928359985, 0.2583807110786438, 0.09814206510782242, -0.26362377405166626, 0.9596200585365295),
            ["RightLowerLeg"] = CFrame.new(7.450580596923828e-09, -1.7881393432617188e-07, -1.6035482985898852e-07, 1, -1.4901154088420299e-07, -1.315493705078552e-07, 1.3783574104309082e-07, 0.08601534366607666, 0.9962939023971558, -1.1455267667770386e-07, -0.9962939023971558, 0.08601552993059158),
            ["LeftUpperLeg"] = CFrame.new(0.000025540590286254883, 0.000125933438539505, 0.004997551441192627, 0.9586340188980103, -0.03261959180235863, 0.28276628255844116, 0.1669638305902481, 0.8689996600151062, -0.4657926559448242, -0.23052997887134552, 0.4937363862991333, 0.8384988903999329),
            ["LeftLowerLeg"] = CFrame.new(0, -5.960464477539063e-08, 1.043081283569336e-07, 1, 5.587936779960501e-09, 5.4948053218595305e-08, -2.6077039194660756e-08, 0.9574849605560303, 0.28848323225975037, 3.3527619791584584e-08, -0.2884834408760071, 0.957485020160675),
        }},
        {Time = 0.333, Data = {
            ["RightFoot"] = CFrame.new(-7.450580596923828e-09, 3.5762786865234375e-07, -9.60935722105205e-08, 0.999495267868042, 0.029558703303337097, 0.011643904261291027, -0.019457552582025528, 0.8592820167541504, -0.5111314654350281, -0.025113798677921295, 0.5106474161148071, 0.8594236969947815),
            ["LeftLowerArm"] = CFrame.new(1.4901161193847656e-07, -3.5762786865234375e-07, 5.960464477539063e-08, 1, -2.9802276912960224e-07, 2.1606648203942314e-07, -9.872001527355678e-08, 0.2640041410923004, -0.964521586894989, -1.8626417741529622e-08, 0.9645215272903442, 0.26400429010391235),
            ["RightUpperArm"] = CFrame.new(0, -0.06523776054382324, 8.009374141693115e-08, 0.4976397454738617, -0.7156389355659485, -0.49011775851249695, 0.41891443729400635, 0.6930785775184631, -0.5866456031799316, 0.7595165371894836, 0.08662061393260956, 0.6446949243545532),
            ["Head"] = CFrame.new(1.4901161193847656e-08, 1.1920928955078125e-07, 1.5040859580039978e-07, 0.9914495944976807, -0.05167502909898758, 0.11982227861881256, 0.12722784280776978, 0.5868518948554993, -0.79963618516922, -0.02899671345949173, 0.8080435991287231, 0.5884086489677429),
            ["RightHand"] = CFrame.new(3.2782554626464844e-07, 1.7881393432617188e-07, -1.7881393432617188e-07, 0.7454036474227905, 0.042841292917728424, -0.6652348637580872, -0.08558253198862076, 0.9958247542381287, -0.03176378086209297, 0.6610968708992004, 0.08060887455940247, 0.7459582090377808),
            ["UpperTorso"] = CFrame.new(4.842877388000488e-08, 3.8743019104003906e-07, -4.0978193283081055e-08, 0.993547260761261, 0.03161213919520378, 0.10892421007156372, -0.09332462400197983, 0.7736248970031738, 0.6267333626747131, -0.0644540786743164, -0.6328548789024353, 0.7715833187103271),
            ["HumanoidRootPart"] = CFrame.new(0, 0, 0, 1, 0, 0, 0, 1, 0, 0, 0, 1),
            ["RightUpperLeg"] = CFrame.new(-0.000025510787963867188, -0.00012536626309156418, -0.004997599869966507, 0.9737841486930847, 0.15425381064414978, 0.16718314588069916, 0.036924928426742554, 0.6180170774459839, -0.7852967381477356, -0.22445711493492126, 0.7708830833435059, 0.5961197018623352),
            ["LeftUpperArm"] = CFrame.new(-1.1920928955078125e-07, -0.06523799896240234, -7.636845111846924e-08, 0.43214496970176697, 0.7557422518730164, 0.4920411705970764, -0.539665937423706, 0.6538587212562561, -0.5303106904029846, -0.7225036025047302, -0.03636673092842102, 0.6904101967811584),
            ["RightLowerArm"] = CFrame.new(-1.1920928955078125e-07, -5.960464477539063e-08, 0, 1, 2.6076989456669253e-07, -3.7252831930345565e-08, 3.352754163188365e-07, 0.45093879103660583, -0.8925548195838928, 1.8626411701916368e-07, 0.8925549387931824, 0.45093879103660583),
            ["LeftHand"] = CFrame.new(-9.685754776000977e-08, -5.960464477539063e-08, -2.9802322387695312e-08, 0.9996559619903564, 0.025498874485492706, 0.00615641800686717, -0.024900397285819054, 0.9962425231933594, -0.08295023441314697, -0.008248238824307919, 0.08276872336864471, 0.9965347647666931),
            ["LeftFoot"] = CFrame.new(2.60770320892334e-08, 0, 4.6566128730773926e-08, 0.9969577789306641, 0.077280692756176, 0.010146846063435078, -0.07450725138187408, 0.983119785785675, -0.1671055555343628, -0.022889545187354088, 0.1658412218093872, 0.985886812210083),
            ["LowerTorso"] = CFrame.new(-0.3095620274543762, -0.13996589183807373, -0.2939815819263458, 0.990683913230896, -0.06278413534164429, -0.1208452433347702, 0.09133544564247131, 0.9645354747772217, 0.24764740467071533, 0.10101118683815002, -0.2563777565956116, 0.9612841606140137),
