return {
    ["Just Wanna Dance"] = {
        {Time = 0.000, Data = {
            ["LeftFoot"] = CFrame.new(1.9746039470192045e-08, -1.1920928955078125e-07, -3.7834979593753815e-09, 0.9999836683273315, -0.005138763692229986, -0.002539871959015727, 0.004079356789588928, 0.9492576718330383, -0.3144731819629669, 0.0040269955061376095, 0.31445759534835815, 0.9492630362510681),
            ["LeftLowerArm"] = CFrame.new(-1.4901161193847656e-07, 1.7881393432617188e-07, 2.3096799850463867e-07, 1, 3.725290298461914e-08, 1.788139627478813e-07, 1.3411046495548362e-07, 0.5219975113868713, -0.8529469966888428, -2.2910538177711715e-07, 0.8529469966888428, 0.5219975113868713),
            ["RightUpperArm"] = CFrame.new(0.0010707378387451172, -0.00003921985626220703, -0.0005070678889751434, 0.9497189521789551, -0.15480658411979675, 0.27215588092803955, 0.06727670133113861, 0.9498127698898315, 0.305498868227005, -0.30579039454460144, -0.2718283534049988, 0.9124700427055359),
            ["Head"] = CFrame.new(2.8172507882118225e-08, -2.384185791015625e-07, -2.6891939342021942e-08, 0.9965160489082336, -0.07738734781742096, -0.031096821650862694, 0.07398942857980728, 0.9923745393753052, -0.0985819399356842, 0.03848869726061821, 0.09593765437602997, 0.994642972946167),
            ["RightHand"] = CFrame.new(2.2351741790771484e-08, -2.384185791015625e-07, 1.9371509552001953e-07, 0.9803647994995117, -0.0481405183672905, 0.19122642278671265, -0.025890156626701355, 0.9299251437187195, 0.36683663725852966, -0.195485919713974, -0.36458447575569153, 0.9104194045066833),
            ["UpperTorso"] = CFrame.new(2.0489096641540527e-08, -1.1920928955078125e-07, 1.6763806343078613e-08, 0.9873865246772766, 0.07456716150045395, 0.13967007398605347, -0.05676177889108658, 0.990227222442627, -0.12739044427871704, -0.14780424535274506, 0.11785568296909332, 0.9819694757461548),
            ["HumanoidRootPart"] = CFrame.new(0, 0, 0, 1, 0, 0, 0, 1, 0, 0, 0, 1),
            ["LeftUpperLeg"] = CFrame.new(0, -1.1548399925231934e-07, 2.9802322387695312e-08, 0.9946252107620239, 0.0692790225148201, 0.0769495740532875, 0.021741686388850212, 0.5868663787841797, -0.8093918561935425, -0.10123301297426224, 0.8067145347595215, 0.5822058320045471),
            ["LeftUpperArm"] = CFrame.new(-0.0015223026275634766, -0.000039458274841308594, -0.0005070455372333527, 0.6060655117034912, 0.05666099116206169, -0.7933940887451172, 0.029614701867103577, 0.9951606392860413, 0.09369271993637085, 0.7948632836341858, -0.08028005063533783, 0.6014545559883118),
            ["RightLowerArm"] = CFrame.new(5.960464477539063e-08, 3.5762786865234375e-07, 1.4901161193847656e-08, 1, -8.568167686462402e-08, 4.842877388000488e-08, 8.568167686462402e-08, 0.42108988761901855, -0.9070188999176025, 4.842877388000488e-08, 0.9070189595222473, 0.42108991742134094),
            ["LeftHand"] = CFrame.new(-1.9371509552001953e-07, 0, 2.9802322387695312e-08, 0.9877790808677673, 0.03198663517832756, -0.1525435596704483, 0.08639314025640488, 0.7022382020950317, 0.7066807746887207, 0.12972626090049744, -0.7112232446670532, 0.69089275598526),
            ["RightFoot"] = CFrame.new(-5.495439836522564e-08, 2.980232238769531e-07, -7.152266334742308e-09, 0.9532493948936462, 0.27077344059944153, 0.13415475189685822, -0.24956943094730377, 0.9557539820671082, -0.15572236478328705, -0.17038442194461823, 0.11496146768331528, 0.9786486625671387),
            ["LowerTorso"] = CFrame.new(-0.18111085891723633, -0.25212931632995605, 0.29976001381874084, 0.994879424571991, 0.026183506473898888, -0.0976184830069542, -0.0036235139705240726, 0.9744793176651001, 0.224448561668396, 0.10100401937961578, -0.22294552624225616, 0.9695842862129211),
            ["RightLowerLeg"] = CFrame.new(-1.1362135410308838e-07, 1.7881393432617188e-07, 7.620110409334302e-08, 1, -7.636844401304188e-08, 1.1175870895385742e-08, 1.1175869474300271e-07, 0.6874727010726929, 0.7262099981307983, -8.568166975919667e-08, -0.7262102365493774, 0.687472939491272),
            ["RightUpperLeg"] = CFrame.new(0, -1.1362135410308838e-07, 3.183231456205249e-08, 0.960909903049469, -0.23558267951011658, 0.14544084668159485, 0.2591005861759186, 0.5800678730010986, -0.7722618579864502, 0.09756593406200409, 0.7797577977180481, 0.6184324622154236),
            ["LeftLowerLeg"] = CFrame.new(-1.7636921256780624e-08, 5.960464477539063e-08, -6.28642737865448e-09, 1, 1.1932572263617658e-08, -1.2025702744722366e-07, 9.813813051096076e-08, 0.5075036287307739, 0.8616496324539185, 7.229392195995388e-08, -0.8616496920585632, 0.5075036287307739),
        }},
        {Time = 0.033, Data = {
            ["LeftFoot"] = CFrame.new(-2.8816202757298015e-08, -5.960464477539063e-08, 7.8580342233181e-09, 0.9999514818191528, 0.008831298910081387, 0.004364609718322754, -0.007019215263426304, 0.9496217370033264, -0.313320130109787, -0.006911752745509148, 0.3132742643356323, 0.9496375322341919),
            ["LeftLowerArm"] = CFrame.new(5.960464477539063e-08, -1.1920928955078125e-07, -2.60770320892334e-08, 1, -7.729978079851207e-08, -2.0489096641540527e-08, 2.8405338525772095e-08, 0.6603705286979675, -0.7509400248527527, 8.396455086767673e-08, 0.7509399652481079, 0.660370409488678),
            ["RightUpperArm"] = CFrame.new(0.001275181770324707, -0.000048995018005371094, -0.0006236359477043152, 0.9706048369407654, -0.08344915509223938, 0.22574889659881592, 0.013494528830051422, 0.9553605318069458, 0.29513412714004517, -0.2403002679347992, -0.2834121882915497, 0.9284036755561829),
            ["Head"] = CFrame.new(-2.0372681319713593e-08, 0, 6.05359673500061e-09, 0.9923961758613586, -0.09441902488470078, -0.07896135747432709, 0.08534780144691467, 0.990117073059082, -0.11128320544958115, 0.08868824690580368, 0.10369783639907837, 0.9906468391418457),
            ["RightHand"] = CFrame.new(-4.842877388000488e-08, -1.1920928955078125e-07, 1.1175870895385742e-07, 0.9876348376274109, -0.09460669755935669, 0.12500853836536407, 0.07200943678617477, 0.9820547103881836, 0.174307718873024, -0.13925591111183167, -0.1631505787372589, 0.9767239689826965),
            ["UpperTorso"] = CFrame.new(0, 8.940696716308594e-08, 2.2351741790771484e-08, 0.9753803014755249, 0.039728447794914246, 0.21692173182964325, -0.00537169398739934, 0.987627387046814, -0.1567268669605255, -0.22046440839767456, 0.15170307457447052, 0.963525652885437),
            ["HumanoidRootPart"] = CFrame.new(0, 0, 0, 1, 0, 0, 0, 1, 0, 0, 0, 1),
            ["LeftUpperLeg"] = CFrame.new(2.9802322387695312e-08, 1.862645149230957e-08, 1.4901161193847656e-08, 0.990859866142273, 0.05266859382390976, 0.1241883710026741, 0.07239925116300583, 0.5691602230072021, -0.8190330266952515, -0.1138203889131546, 0.8205381631851196, 0.5601447820663452),
            ["LeftUpperArm"] = CFrame.new(-0.0013180971145629883, -0.000049233436584472656, -0.000623658299446106, 0.49959132075309753, -0.08703447133302689, -0.861877977848053, -0.020966805517673492, 0.9934336543083191, -0.11247279495000839, 0.8660075664520264, 0.07426124811172485, 0.494486004114151),
            ["RightLowerArm"] = CFrame.new(5.960464477539063e-08, -1.1920928955078125e-07, -4.470348358154297e-08, 1, -6.705523247774181e-08, 2.60770320892334e-08, 7.078051567077637e-08, 0.7645719647407532, -0.6445385813713074, 2.2351741790771484e-08, 0.6445385217666626, 0.7645719051361084),
            ["LeftHand"] = CFrame.new(-1.0058283805847168e-07, 5.960464477539063e-08, -2.5331974029541016e-07, 0.9912055134773254, 0.008759677410125732, -0.1320413500070572, 0.0893205851316452, 0.6919350624084473, 0.716413140296936, 0.09763959050178528, -0.7219065427780151, 0.6850674152374268),
            ["RightFoot"] = CFrame.new(2.1113010006956756e-08, 3.5762786865234375e-07, 2.9554939828813076e-08, 0.9479386210441589, 0.2853509187698364, 0.14137698709964752, -0.26549702882766724, 0.9533044099807739, -0.14395149052143097, -0.17585204541683197, 0.09892215579748154, 0.9794338345527649),
            ["LowerTorso"] = CFrame.new(-0.20601657032966614, -0.2523164749145508, 0.30201780796051025, 0.9905927777290344, 0.06506114453077316, -0.12038707733154297, -0.03026433289051056, 0.9621217846870422, 0.2709352970123291, 0.13345438241958618, -0.2647431492805481, 0.9550397992134094),
            ["RightLowerLeg"] = CFrame.new(6.891787052154541e-08, 2.980232238769531e-07, -2.1437153918668628e-07, 1, -3.4086406230926514e-07, 4.0978196835794733e-08, 2.1606680888908159e-07, 0.6870450973510742, 0.7266145348548889, -2.9057261485831987e-07, -0.7266148328781128, 0.6870453953742981),
            ["RightUpperLeg"] = CFrame.new(0, 9.313225746154785e-09, 2.029992174357176e-09, 0.949211061000824, -0.2476007491350174, 0.19414517283439636, 0.29899486899375916, 0.517669677734375, -0.8016360402107239, 0.09798265993595123, 0.8189700245857239, 0.5654090642929077),
            ["LeftLowerLeg"] = CFrame.new(-1.0128132998943329e-08, 0, 1.0128132998943329e-08, 1, -3.655441460637121e-08, -5.960463766996327e-08, 7.078051567077637e-08, 0.5291576981544495, 0.8485235571861267, 2.3283064365386963e-09, -0.8485235571861267, 0.5291575789451599),
        }},
        {Time = 0.067, Data = {
            ["LeftFoot"] = CFrame.new(6.184745870996267e-08, -5.960464477539063e-08, -1.4493707567453384e-08, 0.9997311234474182, -0.020787319168448448, -0.010273863561451435, 0.01651296578347683, 0.9493091106414795, -0.31391024589538574, 0.016278428956866264, 0.31365618109703064, 0.949397087097168),
            ["LeftLowerArm"] = CFrame.new(5.960464477539063e-08, -1.7881393432617188e-07, -8.940696716308594e-08, 1, -6.519258732851085e-08, -3.632158396271734e-08, 5.122274160385132e-08, 0.9827507734298706, -0.18493489921092987, 6.239861249923706e-08, 0.18493486940860748, 0.9827508330345154),
            ["RightUpperArm"] = CFrame.new(0.0009926557540893555, -0.000031113624572753906, -0.0003938991576433182, 0.9835198521614075, -0.013535557314753532, 0.1802930235862732, -0.01724010333418846, 0.9856288433074951, 0.16804328560829163, -0.17997656762599945, -0.16838210821151733, 0.9691521525382996),
            ["Head"] = CFrame.new(-2.9802322387695312e-08, 2.384185791015625e-07, -5.0640664994716644e-09, 0.996001660823822, -0.08496643602848053, -0.02759704180061817, 0.0817175880074501, 0.9913316965103149, -0.10287711024284363, 0.036098919808864594, 0.10021056234836578, 0.9943112730979919),
            ["RightHand"] = CFrame.new(1.9581057131290436e-07, -2.980232238769531e-07, 0, 0.9730643630027771, 0.23051175475120544, 0.0032111583277583122, -0.2303866595029831, 0.972845733165741, -0.022212257608771324, -0.008244150318205357, 0.020874155685305595, 0.9997481107711792),
            ["UpperTorso"] = CFrame.new(-1.862645149230957e-08, 8.940696716308594e-08, 3.725290298461914e-09, 0.9926127791404724, 0.08502249419689178, 0.08655078709125519, -0.0763525664806366, 0.9921556115150452, -0.09898266941308975, -0.09428758919239044, 0.0916430726647377, 0.9913180470466614),
            ["HumanoidRootPart"] = CFrame.new(0, 0, 0, 1, 0, 0, 0, 1, 0, 0, 0, 1),
            ["LeftUpperLeg"] = CFrame.new(2.9802322387695312e-08, 5.390029400587082e-08, -3.725290298461914e-09, 0.9977555274963379, 0.05945970490574837, 0.030797073617577553, -0.016880253329873085, 0.6684061884880066, -0.7436049580574036, -0.0647994801402092, 0.7414160966873169, 0.6679095029830933),
            ["LeftUpperArm"] = CFrame.new(-0.0016003847122192383, -0.000031113624572753906, -0.00039387308061122894, 0.3929474949836731, -0.49780839681625366, -0.7731617093086243, -0.06927333772182465, 0.8223801851272583, -0.5647053718566895, 0.9169479608535767, 0.2754589915275574, 0.28866735100746155),
            ["RightLowerArm"] = CFrame.new(1.1920928955078125e-07, 5.960464477539063e-08, -5.21540641784668e-08, 1, -2.0489096641540527e-08, -5.587935447692871e-09, 0, 0.9366925358772278, -0.3501531481742859, -1.3038517820973539e-08, 0.3501530885696411, 0.9366925358772278),
            ["LeftHand"] = CFrame.new(-7.450580596923828e-09, 1.1920928955078125e-07, 0, 0.9986934661865234, -0.041822683066129684, -0.02936718985438347, 0.04752752557396889, 0.9713159799575806, 0.23299464583396912, 0.01878032088279724, -0.23408594727516174, 0.9720345139503479),
            ["RightFoot"] = CFrame.new(1.1364591046003625e-07, 4.172325134277344e-07, 1.531589077785611e-08, 0.9586905837059021, 0.25488314032554626, 0.12628191709518433, -0.22876714169979095, 0.9547126889228821, -0.19023489952087402, -0.16905060410499573, 0.1534873992204666, 0.9735828638076782),
            ["LowerTorso"] = CFrame.new(-0.15343381464481354, -0.20499920845031738, 0.2235928773880005, 0.9987161159515381, 0.0014561130665242672, -0.050636228173971176, 0.008620020933449268, 0.9801235795021057, 0.19820049405097961, 0.049918364733457565, -0.19838249683380127, 0.9788526892662048),
            ["RightLowerLeg"] = CFrame.new(-1.3783574104309082e-07, 1.1920928955078125e-07, 1.0041549103334546e-07, 1, -1.8626454334480513e-07, 1.3411046495548362e-07, 2.2351741790771484e-08, 0.736094057559967, 0.6768790483474731, -2.3283064365386963e-07, -0.6768792271614075, 0.7360942959785461),
            ["RightUpperLeg"] = CFrame.new(-5.960464477539063e-08, 8.690403774380684e-08, -1.6952981241047382e-09, 0.9659491777420044, -0.2496335655450821, 0.0680098608136177, 0.22633163630962372, 0.6879076361656189, -0.6896066665649414, 0.1253644824028015, 0.6815176010131836, 0.720983624458313),
            ["LeftLowerLeg"] = CFrame.new(-1.1641532182693481e-08, -1.7881393432617188e-07, 1.932494342327118e-08, 1, 6.542541797216472e-08, -1.9930300254600297e-07, 1.2433156371116638e-07, 0.5751516819000244, 0.8180467486381531, 1.6391277313232422e-07, -0.8180468082427979, 0.5751517415046692),
        }},
        {Time = 0.100, Data = {
            ["LeftFoot"] = CFrame.new(1.1714291758835316e-08, -5.960464477539063e-08, -8.149072527885437e-10, 0.9958000779151917, -0.0820775032043457, -0.04056519269943237, 0.06543713808059692, 0.9479402899742126, -0.3116525113582611, 0.06403303891420364, 0.3076891601085663, 0.9493298530578613),
            ["LeftLowerArm"] = CFrame.new(5.960464477539063e-08, 0, 1.862645149230957e-07, 1, -4.0978193283081055e-08, 3.259629011154175e-08, 4.470348358154297e-08, 0.8917219042778015, -0.452583909034729, -1.4901161193847656e-08, 0.4525837302207947, 0.8917218446731567),
            ["RightUpperArm"] = CFrame.new(0.0006211996078491211, -0.00006115436553955078, 0.00016066431999206543, 0.9979707598686218, 0.04752707481384277, 0.04237496852874756, -0.05289660766720772, 0.9892653226852417, 0.13622112572193146, -0.03544586896896362, -0.13818615674972534, 0.989771842956543),
            ["Head"] = CFrame.new(-4.656612873077393e-10, -1.1920928955078125e-07, 2.6309862732887268e-08, 0.9934327602386475, -0.06201399862766266, 0.09615502506494522, 0.07014084607362747, 0.994029700756073, -0.08357810974121094, -0.0903979167342186, 0.08977361023426056, 0.9918513298034668),
            ["RightHand"] = CFrame.new(6.938353180885315e-08, 5.364418029785156e-07, 7.450580596923828e-09, 0.8429165482521057, 0.5372102856636047, -0.02994627133011818, -0.5350916385650635, 0.8428144454956055, 0.05780155584216118, 0.05629071593284607, -0.03269787132740021, 0.997878909111023),
            ["UpperTorso"] = CFrame.new(4.190951585769653e-09, -1.1920928955078125e-07, 9.313225746154785e-10, 0.9684247970581055, 0.1741706281900406, -0.17837615311145782, -0.16965994238853455, 0.9846760630607605, 0.04035692289471626, 0.1826716959476471, -0.008819355629384518, 0.9831344485282898),
            ["HumanoidRootPart"] = CFrame.new(0, 0, 0, 1, 0, 0, 0, 1, 0, 0, 0, 1),
            ["LeftUpperLeg"] = CFrame.new(0, 3.958120942115784e-08, 3.725290298461914e-09, 0.9822699427604675, 0.1238044872879982, -0.1407773345708847, -0.18181654810905457, 0.8121654391288757, -0.554373562335968, 0.0457005575299263, 0.5701401233673096, 0.8202753663063049),
            ["LeftUpperArm"] = CFrame.new(-0.001971602439880371, -0.00006139278411865234, 0.0001606866717338562, 0.31971225142478943, -0.6622307896614075, -0.6776684522628784, -0.1677660197019577, 0.6643420457839966, -0.7283571362495422, 0.9325442314147949, 0.34655439853668213, 0.10129846632480621),
            ["RightLowerArm"] = CFrame.new(-5.960464477539063e-08, -2.384185791015625e-07, 6.332993507385254e-08, 1, -3.9115551686563776e-08, 5.587935447692871e-09, 3.632158396271734e-08, 0.9325461983680725, -0.36105093359947205, -1.862645371275562e-09, 0.36105087399482727, 0.9325461387634277),
            ["LeftHand"] = CFrame.new(-8.288770914077759e-08, 5.960464477539063e-08, 1.5087425708770752e-07, 0.9960557222366333, 0.031566839665174484, -0.08292537182569504, -0.036516476422548294, 0.9975979328155518, -0.0588650107383728, 0.08086797595024109, 0.061661019921302795, 0.9948157072067261),
            ["RightFoot"] = CFrame.new(1.814805727917701e-08, 4.172325134277344e-07, 4.73664840683341e-09, 0.9743098020553589, 0.2018018364906311, 0.09998289495706558, -0.18432429432868958, 0.9696159958839417, -0.16083985567092896, -0.1294027864933014, 0.13827873766422272, 0.9819032549858093),
            ["LowerTorso"] = CFrame.new(-0.05579353868961334, -0.1171039342880249, 0.07793007045984268, 0.9904062151908875, -0.10312793403863907, 0.09198012948036194, 0.09706141799688339, 0.9929414391517639, 0.06816457957029343, -0.0983605682849884, -0.05858289822936058, 0.9934250116348267),
            ["RightLowerLeg"] = CFrame.new(3.5390257835388184e-08, 3.5762786865234375e-07, -5.045876605436206e-08, 1, 1.862645326866641e-08, 2.1420419216156006e-07, -8.381903171539307e-08, 0.9272050857543945, 0.374553918838501, -1.825392246246338e-07, -0.3745540976524353, 0.9272051453590393),
            ["RightUpperLeg"] = CFrame.new(0, 2.9569491744041443e-08, -5.420588422566652e-09, 0.9747441411018372, -0.1463751196861267, -0.16866609454154968, 0.09415051341056824, 0.9541963338851929, -0.2839809060096741, 0.20250830054283142, 0.2609286308288574, 0.9438784718513489),
            ["LeftLowerLeg"] = CFrame.new(2.514570951461792e-08, -1.1920928955078125e-07, 6.426125764846802e-08, 1, -2.60770320892334e-08, -7.450581485102248e-09, 1.6763806343078613e-08, 0.6607617139816284, 0.7505958080291748, -1.6763806343078613e-08, -0.75059574842453, 0.6607617735862732),
        }},
        {Time = 0.133, Data = {
            ["LeftFoot"] = CFrame.new(-5.7734723668545485e-08, -5.960464477539063e-08, -1.4435499906539917e-08, 0.9912369251251221, -0.11842306703329086, -0.0585281178355217, 0.09499659389257431, 0.9469256401062012, -0.30709537863731384, 0.09178895503282547, 0.29884424805641174, 0.9498773217201233),
            ["LeftLowerArm"] = CFrame.new(2.9802322387695312e-08, -1.1920928955078125e-07, 5.960464477539063e-08, 1, 4.0978196835794733e-08, -1.3038517820973539e-08, -2.9802322387695312e-08, 0.635428786277771, -0.7721595764160156, -3.725290298461914e-08, 0.7721595168113708, 0.6354288458824158),
            ["RightUpperArm"] = CFrame.new(0.0006111860275268555, -0.00009441375732421875, 0.0005177557468414307, 0.9876919388771057, 0.10923080891370773, -0.11195212602615356, -0.09492261707782745, 0.987475574016571, 0.12602245807647705, 0.1243155300617218, -0.11384457349777222, 0.9856901168823242),
            ["Head"] = CFrame.new(2.60770320892334e-08, -3.5762786865234375e-07, 1.5599653124809265e-08, 0.969515860080719, -0.032868050038814545, 0.2428140640258789, 0.049569640308618546, 0.9967820048332214, -0.06299582123756409, -0.2399621158838272, 0.0731116309762001, 0.9680253267288208),
            ["RightHand"] = CFrame.new(-1.043081283569336e-07, -1.7881393432617188e-07, 0, 0.8588870763778687, 0.5109025835990906, 0.03593965619802475, -0.5057112574577332, 0.8348684906959534, 0.2173730432987213, 0.0810515359044075, -0.2048739790916443, 0.9754267334938049),
            ["UpperTorso"] = CFrame.new(3.527384251356125e-08, 8.940696716308594e-08, 1.862645149230957e-09, 0.8972992897033691, 0.20996543765068054, -0.38828933238983154, -0.17218953371047974, 0.9764361381530762, 0.13008944690227509, 0.40645408630371094, -0.04986978694796562, 0.9123092293739319),
            ["HumanoidRootPart"] = CFrame.new(0, 0, 0, 1, 0, 0, 0, 1, 0, 0, 0, 1),
            ["LeftUpperLeg"] = CFrame.new(2.9802322387695312e-08, 2.1653249859809875e-08, 4.6566128730773926e-09, 0.9570884704589844, 0.18515439331531525, -0.22293423116207123, -0.266823410987854, 0.8631982803344727, -0.4285956025123596, 0.11308009177446365, 0.4696879982948303, 0.8755605220794678),
            ["LeftUpperArm"] = CFrame.new(-0.0019817352294921875, -0.00009441375732421875, 0.0005177855491638184, 0.37057963013648987, -0.6691274642944336, -0.6441577672958374, -0.33274373412132263, 0.5518603920936584, -0.7646775245666504, 0.8671519756317139, 0.4977133572101593, -0.018139686435461044),
            ["RightLowerArm"] = CFrame.new(0, -2.384185791015625e-07, -5.960464477539063e-08, 1, -2.421439049271612e-08, 1.862645149230957e-09, 3.725290298461914e-08, 0.9091345071792603, -0.41650286316871643, 2.0489096641540527e-08, 0.41650286316871643, 0.9091343879699707),
            ["LeftHand"] = CFrame.new(2.2351741790771484e-08, 1.1920928955078125e-07, 2.60770320892334e-08, 0.9828815460205078, 0.04007738456130028, -0.17982707917690277, -0.04932386428117752, 0.9976649284362793, -0.047243744134902954, 0.17751376330852509, 0.05530481040477753, 0.9825631380081177),
            ["RightFoot"] = CFrame.new(-8.841743692755699e-08, 3.5762786865234375e-07, -2.029992174357176e-09, 0.9805710315704346, 0.17577393352985382, 0.08708721399307251, -0.17195510864257812, 0.9838541150093079, -0.04962417483329773, -0.09440375864505768, 0.03368508070707321, 0.9949639439582825),
            ["LowerTorso"] = CFrame.new(-0.0032276511192321777, -0.06976437568664551, -0.0005095750093460083, 0.9735285043716431, -0.14975543320178986, 0.17267195880413055, 0.1514088362455368, 0.9884646534919739, 0.0036317077465355396, -0.171223983168602, 0.02260848879814148, 0.9849727153778076),
            ["RightLowerLeg"] = CFrame.new(2.7939677238464355e-09, 2.980232238769531e-07, -5.75528247281909e-09, 1, -1.0291115870586509e-07, 1.648441099177944e-07, 1.2153761019817466e-07, 0.999987006187439, 0.005098375026136637, -1.8160793047172774e-07, -0.005098376888781786, 0.9999870657920837),
            ["RightUpperLeg"] = CFrame.new(5.960464477539063e-08, 1.0908115655183792e-07, 1.673470251262188e-10, 0.966358482837677, -0.011094273999333382, -0.2569594979286194, 0.02894967421889305, 0.9974122643470764, 0.06580857187509537, 0.25556445121765137, -0.07103367149829865, 0.9641789793968201),
            ["LeftLowerLeg"] = CFrame.new(-8.754432201385498e-08, -1.7881393432617188e-07, 4.691537469625473e-08, 1, -3.3527616238870905e-08, -5.21540641784668e-08, 6.146729703004894e-08, 0.710335910320282, 0.7038629055023193, 1.9674191165108823e-08, -0.7038629055023193, 0.7103358507156372),
        }},
        {Time = 0.167, Data = {
            ["LeftFoot"] = CFrame.new(6.616028258576989e-08, 0, -2.6891939342021942e-08, 0.991359531879425, -0.1175948977470398, -0.05811871215701103, 0.09397736191749573, 0.9458359479904175, -0.31074562668800354, 0.09151285141706467, 0.3025987446308136, 0.9487146139144897),
            ["LeftLowerArm"] = CFrame.new(2.9802322387695312e-08, -1.1920928955078125e-07, -1.7881393432617188e-07, 1, -2.7939680791178034e-08, 7.450580596923828e-09, 2.9802322387695312e-08, 0.7433058023452759, -0.6689518690109253, 5.21540641784668e-08, 0.6689518690109253, 0.7433058023452759),
            ["RightUpperArm"] = CFrame.new(0.0007846355438232422, -0.000056624412536621094, 0.0004314035177230835, 0.9723525047302246, 0.14620119333267212, -0.18208782374858856, -0.12406905740499496, 0.9840391874313354, 0.12756936252117157, 0.19783231616020203, -0.10145094245672226, 0.9749718308448792),
            ["Head"] = CFrame.new(-2.7939677238464355e-09, -1.1920928955078125e-07, -2.421438694000244e-08, 0.9324126839637756, -0.0034464625641703606, 0.3613789677619934, 0.02294897846877575, 0.9985010623931885, -0.04968917369842529, -0.36066603660583496, 0.05462408438324928, 0.9310941696166992),
            ["RightHand"] = CFrame.new(-2.9802322387695312e-08, -5.364418029785156e-07, 8.940696716308594e-08, 0.8809059262275696, 0.4694402813911438, 0.060255326330661774, -0.46001777052879333, 0.8192934989929199, 0.34226012229919434, 0.11130383610725403, -0.3292173743247986, 0.9376713037490845),
            ["UpperTorso"] = CFrame.new(3.5797711461782455e-09, 5.960464477539063e-08, -5.005858838558197e-09, 0.8470160961151123, 0.1660475730895996, -0.5049671530723572, -0.12862887978553772, 0.9857521057128906, 0.10838529467582703, 0.5157696604728699, -0.026850732043385506, 0.8563064932823181),
            ["HumanoidRootPart"] = CFrame.new(0, 0, 0, 1, 0, 0, 0, 1, 0, 0, 0, 1),
            ["LeftUpperLeg"] = CFrame.new(2.9802322387695312e-08, -5.459878593683243e-08, 3.725290298461914e-09, 0.9613786339759827, 0.16866417229175568, -0.21749399602413177, -0.2520362436771393, 0.8570055961608887, -0.4494655430316925, 0.11058484017848969, 0.4869229197502136, 0.8664162755012512),
            ["LeftUpperArm"] = CFrame.new(-0.0018084049224853516, -0.00005638599395751953, 0.00043138861656188965, 0.44636818766593933, -0.7523915767669678, -0.484419584274292, -0.47435879707336426, 0.26007312536239624, -0.8410385251045227, 0.7587748169898987, 0.6052015423774719, -0.2408151626586914),
            ["RightLowerArm"] = CFrame.new(-8.940696716308594e-08, -1.1920928955078125e-07, 0, 1, -4.470348358154297e-08, -7.450580596923828e-09, 1.862645326866641e-08, 0.898047149181366, -0.4398993253707886, 2.980232594040899e-08, 0.4398992359638214, 0.8980470895767212),
            ["LeftHand"] = CFrame.new(1.1920928955078125e-07, 5.960464477539063e-08, -6.705522537231445e-08, 0.9895525574684143, 0.016095565631985664, -0.14327122271060944, -0.04137986898422241, 0.9836454391479492, -0.17529846727848053, 0.1381065994501114, 0.17939557135105133, 0.9740347862243652),
            ["RightFoot"] = CFrame.new(-1.4813849702477455e-08, 5.364418029785156e-07, -2.255546860396862e-10, 0.980196475982666, 0.1774430125951767, 0.08791423588991165, -0.17352236807346344, 0.9835367202758789, -0.050453513860702515, -0.09541947394609451, 0.03419940918684006, 0.9948495626449585),
            ["LowerTorso"] = CFrame.new(-0.0038685500621795654, -0.08074319362640381, -0.0004925448447465897, 0.9757037162780762, -0.1364040970802307, 0.17145328223705292, 0.13529610633850098, 0.9906383752822876, 0.01818685233592987, -0.17232894897460938, 0.005451983772218227, 0.9850243926048279),
            ["RightLowerLeg"] = CFrame.new(-2.9336661100387573e-08, 1.7881393432617188e-07, 5.420588422566652e-09, 1, -8.24220549588972e-08, 1.9790607552749861e-07, 5.494803190231323e-08, 0.9999870657920837, 0.005092645529657602, -2.0721927285194397e-07, -0.005092649254947901, 0.9999871253967285),
            ["RightUpperLeg"] = CFrame.new(5.960464477539063e-08, 7.756170816719532e-08, -5.420588422566652e-09, 0.9652801752090454, -0.028706032782793045, -0.259634792804718, 0.04264259710907936, 0.9979268312454224, 0.04820415377616882, 0.25771281123161316, -0.05760212242603302, 0.9645031094551086),
            ["LeftLowerLeg"] = CFrame.new(1.1920928955078125e-07, 0, 8.777715265750885e-08, 1, 1.6763807764164085e-07, 7.82310962677002e-08, -1.7136335372924805e-07, 0.7038198709487915, 0.7103785276412964, 6.170012056827545e-08, -0.7103784680366516, 0.7038198113441467),
        }},
        {Time = 0.200, Data = {
            ["LeftFoot"] = CFrame.new(-6.675691111013293e-09, -5.960464477539063e-08, -6.868503987789154e-09, 0.9916515946388245, -0.11559850722551346, -0.05713220685720444, 0.09264926612377167, 0.9469207525253296, -0.30782657861709595, 0.08968394249677658, 0.29996347427368164, 0.9497255682945251),
            ["LeftLowerArm"] = CFrame.new(-8.940696716308594e-08, -5.960464477539063e-08, -1.1175870895385742e-07, 1, -9.313225746154785e-10, 5.587936158235607e-08, 2.2351745343485163e-08, 0.8939722776412964, -0.44812238216400146, -1.91852478792498e-07, 0.4481223523616791, 0.8939722776412964),
            ["RightUpperArm"] = CFrame.new(0.0009832382202148438, -0.000021219253540039062, 0.000260375440120697, 0.9683879017829895, 0.15773959457874298, -0.19324365258216858, -0.1331646740436554, 0.9819620251655579, 0.1342306286096573, 0.2109314501285553, -0.1042541116476059, 0.9719254970550537),
            ["Head"] = CFrame.new(6.51925802230835e-09, 2.384185791015625e-07, -3.725290298461914e-09, 0.9121846556663513, 0.023657964542508125, 0.4090959429740906, -0.004151502624154091, 0.9988144040107727, -0.04850445315241814, -0.40975841879844666, 0.04254665598273277, 0.9112013578414917),
            ["RightHand"] = CFrame.new(4.470348358154297e-08, 1.7881393432617188e-07, 8.940696716308594e-08, 0.9008796215057373, 0.4293396770954132, 0.06390257179737091, -0.41323262453079224, 0.8032258749008179, 0.4290303885936737, 0.13287165760993958, -0.4129112958908081, 0.9010269045829773),
            ["UpperTorso"] = CFrame.new(-9.19681042432785e-09, 0, 5.587935447692871e-09, 0.8252568244934082, 0.10184238851070404, -0.5554991960525513, -0.07872338593006134, 0.9947476983070374, 0.06541948020458221, 0.5592439770698547, -0.010257096961140633, 0.82893967628479),
            ["HumanoidRootPart"] = CFrame.new(0, 0, 0, 1, 0, 0, 0, 1, 0, 0, 0, 1),
            ["LeftUpperLeg"] = CFrame.new(-5.960464477539063e-08, -3.4924596548080444e-10, 7.450580596923828e-09, 0.9704318642616272, 0.13393832743167877, -0.20080484449863434, -0.21565887331962585, 0.8547708988189697, -0.47207847237586975, 0.1084127351641655, 0.5014253258705139, 0.8583818078041077),
            ["LeftUpperArm"] = CFrame.new(-0.0016096830368041992, -0.000020742416381835938, 0.0002603605389595032, 0.5047755837440491, -0.7868946194648743, -0.35496267676353455, -0.5695223212242126, 0.005443519912660122, -0.8219578266143799, 0.6487265229225159, 0.6170634031295776, -0.4454062283039093),
            ["RightLowerArm"] = CFrame.new(-2.9802322387695312e-08, 0, 1.1920928955078125e-07, 1, -6.705522537231445e-08, -5.401671643312511e-08, 2.2351745343485163e-08, 0.8946970105171204, -0.44667357206344604, -4.6566135836201283e-08, 0.44667357206344604, 0.8946970701217651),
            ["LeftHand"] = CFrame.new(0, -5.960464477539063e-08, -3.5762786865234375e-07, 0.9945204854011536, 0.01540224440395832, -0.10340079665184021, -0.05840211734175682, 0.902208149433136, -0.4273286759853363, 0.08670726418495178, 0.43102604150772095, 0.8981640338897705),
            ["RightFoot"] = CFrame.new(-8.354618330486119e-09, 2.384185791015625e-07, 4.147295840084553e-10, 0.9795230627059937, 0.18040433526039124, 0.0893813967704773, -0.16146418452262878, 0.9690936803817749, -0.1865117996931076, -0.12026645988225937, 0.16826090216636658, 0.978378415107727),
            ["LowerTorso"] = CFrame.new(-0.004819333553314209, -0.09720766544342041, -0.0004664398729801178, 0.9799843430519104, -0.1027461439371109, 0.1705113649368286, 0.09761092811822891, 0.9944891929626465, 0.038254205137491226, -0.17350219190120697, -0.02084474451839924, 0.9846128821372986),
            ["RightLowerLeg"] = CFrame.new(6.891787052154541e-08, 1.1920928955078125e-07, 1.6596459317952394e-08, 1, -9.313227167240257e-08, 2.0302834968788375e-07, 2.7939677238464355e-08, 0.9566218852996826, 0.2913322448730469, -2.3096799850463867e-07, -0.2913324236869812, 0.9566219449043274),
            ["RightUpperLeg"] = CFrame.new(0, 6.682239472866058e-08, 5.75528247281909e-09, 0.962057888507843, -0.10875014960765839, -0.2502358555793762, 0.07699552923440933, 0.9880685210227966, -0.13338790833950043, 0.2617560923099518, 0.10905974358320236, 0.9589524269104004),
            ["LeftLowerLeg"] = CFrame.new(2.2351741790771484e-08, -2.384185791015625e-07, -1.664739102125168e-08, 1, 7.450580596923828e-08, 1.1548398504146462e-07, -1.136213683139431e-07, 0.7080897092819214, 0.7061224579811096, -3.3061954951563166e-08, -0.7061225175857544, 0.7080897688865662),
        }},
        {Time = 0.233, Data = {
            ["LeftFoot"] = CFrame.new(-7.420749170705676e-08, 1.1920928955078125e-07, 1.0884832590818405e-08, 0.9921956062316895, -0.11178462207317352, -0.05524730682373047, 0.09062942117452621, 0.9508154988288879, -0.296203076839447, 0.08564092218875885, 0.28888431191444397, 0.9535259008407593),
            ["LeftLowerArm"] = CFrame.new(1.1920928955078125e-07, -5.960464477539063e-08, 2.9802322387695312e-08, 1, -1.1920930376163597e-07, -1.4156103134155273e-07, -2.8870999813079834e-08, 0.8293833136558533, -0.5586801767349243, 1.6391277313232422e-07, 0.5586801767349243, 0.8293832540512085),
            ["RightUpperArm"] = CFrame.new(0.001245260238647461, -0.0000026226043701171875, 0.00012432783842086792, 0.9786494374275208, 0.14075957238674164, -0.149773508310318, -0.11737525463104248, 0.9809268712997437, 0.1549377739429474, 0.168725848197937, -0.13405007123947144, 0.9765051007270813),
            ["Head"] = CFrame.new(7.450580596923828e-09, -1.1920928955078125e-07, 1.862645149230957e-09, 0.9116746783256531, 0.047732263803482056, 0.4081312417984009, -0.027564261108636856, 0.9980971217155457, -0.05515822023153305, -0.4099874496459961, 0.03903651237487793, 0.911255419254303),
            ["RightHand"] = CFrame.new(1.1920928955078125e-07, 1.1920928955078125e-07, 0, 0.9137088656425476, 0.40097424387931824, 0.06599991768598557, -0.38199537992477417, 0.7920975089073181, 0.47608935832977295, 0.1386212259531021, -0.4602186381816864, 0.8769168257713318),
            ["UpperTorso"] = CFrame.new(-2.7939677238464355e-09, 1.7881393432617188e-07, -7.683411240577698e-09, 0.8509488701820374, 0.02737070620059967, -0.5245349407196045, -0.012899809516966343, 0.9994292259216309, 0.031223854050040245, 0.5250900983810425, -0.01980350725352764, 0.8508161902427673),
            ["HumanoidRootPart"] = CFrame.new(0, 0, 0, 1, 0, 0, 0, 1, 0, 0, 0, 1),
            ["LeftUpperLeg"] = CFrame.new(0, 2.093147486448288e-07, -7.450580596923828e-09, 0.9843833446502686, 0.11126818507909775, -0.1364147812128067, -0.1613554209470749, 0.8801301717758179, -0.4464699327945709, 0.07038486003875732, 0.46150872111320496, 0.8843392133712769),
            ["LeftUpperArm"] = CFrame.new(-0.0013478994369506836, -0.000002384185791015625, 0.00012425333261489868, 0.5481884479522705, -0.742961049079895, -0.3840552270412445, -0.575143575668335, -0.0014943995047360659, -0.8180511593818665, 0.6072061657905579, 0.6693330407142639, -0.42812851071357727),
            ["RightLowerArm"] = CFrame.new(5.960464477539063e-08, -2.384185791015625e-07, -5.960464477539063e-08, 1, -2.2351745343485163e-08, 0, 0, 0.8872168660163879, -0.4613528251647949, -3.4458938813486384e-08, 0.4613528251647949, 0.8872168064117432),
            ["LeftHand"] = CFrame.new(2.682209014892578e-07, -2.980232238769531e-07, 2.7567148208618164e-07, 0.989223062992096, 0.004205287434160709, -0.1463565081357956, -0.08148524910211563, 0.8462973237037659, -0.5264418721199036, 0.12164729833602905, 0.5326943397521973, 0.8375194072723389),
            ["RightFoot"] = CFrame.new(-2.8314389055594802e-08, 2.980232238769531e-07, -1.7389538697898388e-09, 0.9796401262283325, 0.17989306151866913, 0.08912820369005203, -0.1512027531862259, 0.9531711339950562, -0.26192060112953186, -0.1320720911026001, 0.24311167001724243, 0.960965096950531),
            ["LowerTorso"] = CFrame.new(-0.0052170902490615845, -0.10297048091888428, -0.00045543164014816284, 0.9900944828987122, -0.051948681473731995, 0.13043944537639618, 0.04729997739195824, 0.9981389045715332, 0.03848964720964432, -0.13219618797302246, -0.03193860128521919, 0.9907088875770569),
            ["RightLowerLeg"] = CFrame.new(1.862645149230957e-08, 3.5762786865234375e-07, 5.012407200410962e-08, 1, -9.685756197086448e-08, 2.6822092991096724e-07, -7.450580596923828e-08, 0.8843954801559448, 0.46673819422721863, -2.980232238769531e-07, -0.46673837304115295, 0.8843955397605896),
            ["RightUpperLeg"] = CFrame.new(0, 5.9138983488082886e-08, -1.6952981241047382e-09, 0.9666901230812073, -0.17672723531723022, -0.18514244258403778, 0.12591345608234406, 0.9581339359283447, -0.2571483850479126, 0.22283634543418884, 0.22527074813842773, 0.9484708905220032),
            ["LeftLowerLeg"] = CFrame.new(6.51925802230835e-09, 5.960464477539063e-08, -2.7939677238464355e-09, 1, -7.63684582238966e-08, -6.705523247774181e-08, 9.872020712009544e-08, 0.7457270622253418, 0.6662515997886658, 2.3283066585833012e-09, -0.666251540184021, 0.7457270622253418),
        }},
        {Time = 0.267, Data = {
            ["LeftFoot"] = CFrame.new(3.8493453757837415e-08, 0, -5.820766091346741e-11, 0.9926958680152893, -0.10815610736608505, -0.05345388874411583, 0.0888628214597702, 0.9551771879196167, -0.28238287568092346, 0.08159934729337692, 0.27557024359703064, 0.9578114151954651),
            ["LeftLowerArm"] = CFrame.new(-2.9802322387695312e-08, 1.1920928955078125e-07, 1.9371509552001953e-07, 1, -1.1175872671742582e-08, 2.9802322387695312e-08, -7.450581485102248e-09, 0.6708846092224121, -0.741561770439148, -9.685756197086448e-08, 0.7415617108345032, 0.6708846092224121),
            ["RightUpperArm"] = CFrame.new(0.001611948013305664, -0.000012993812561035156, -0.00006617605686187744, 0.9913593530654907, 0.10636455565690994, -0.07676804065704346, -0.09051010757684708, 0.9782598614692688, 0.18658965826034546, 0.09494569897651672, -0.1780291199684143, 0.9794340133666992),
            ["Head"] = CFrame.new(-1.4901161193847656e-08, 1.1920928955078125e-07, -2.2351741790771484e-08, 0.9123721718788147, 0.06721149384975433, 0.4038066565990448, -0.04577359929680824, 0.9969934225082397, -0.06252209842205048, -0.4067947566509247, 0.03855974227190018, 0.9127054214477539),
            ["RightHand"] = CFrame.new(9.313225746154785e-08, 0, -2.9802322387695312e-08, 0.9238142967224121, 0.3774415850639343, 0.06407167762517929, -0.3584638237953186, 0.7940258383750916, 0.4909445643424988, 0.13442835211753845, -0.47650909423828125, 0.8688315153121948),
            ["UpperTorso"] = CFrame.new(-5.704350769519806e-09, -1.1920928955078125e-07, -3.2014213502407074e-09, 0.8918259739875793, -0.07829827070236206, -0.44555139541625977, 0.07920096069574356, 0.996720016002655, -0.016626551747322083, 0.44539180397987366, -0.020460108295083046, 0.8951019644737244),
            ["HumanoidRootPart"] = CFrame.new(0, 0, 0, 1, 0, 0, 0, 1, 0, 0, 0, 1),
            ["LeftUpperLeg"] = CFrame.new(0, -1.0145595297217369e-07, 3.725290298461914e-09, 0.9972971081733704, 0.07212945073843002, -0.013992897234857082, -0.07187836617231369, 0.9183030128479004, -0.3892984390258789, -0.015230149962008, 0.3892520070075989, 0.9210054874420166),
            ["LeftUpperArm"] = CFrame.new(-0.0009813308715820312, -0.000012755393981933594, -0.00006623566150665283, 0.5884798765182495, -0.6686133146286011, -0.45458531379699707, -0.5432213544845581, 0.08946461975574493, -0.8348093032836914, 0.5988339781761169, 0.7382089495658875, -0.31055688858032227),
            ["RightLowerArm"] = CFrame.new(5.960464477539063e-08, 1.7881393432617188e-07, 5.960464477539063e-08, 1, 6.332993507385254e-08, -1.1641533959050321e-08, -6.891787052154541e-08, 0.8760105967521667, -0.4822919964790344, 3.026798367500305e-08, 0.4822919964790344, 0.8760105967521667),
            ["LeftHand"] = CFrame.new(1.4528632164001465e-07, 1.7881393432617188e-07, -6.183981895446777e-07, 0.9902297258377075, -0.06035538762807846, -0.12570743262767792, 0.008803143166005611, 0.9267374873161316, -0.3756065368652344, 0.13916778564453125, 0.3708302080631256, 0.9182142615318298),
            ["RightFoot"] = CFrame.new(-5.114998202770948e-09, 5.364418029785156e-07, -5.456968210637569e-10, 0.9792397618293762, 0.18163470923900604, 0.08999114483594894, -0.1422884613275528, 0.9321168065071106, -0.3330347239971161, -0.1443728804588318, 0.31331634521484375, 0.9386104345321655),
            ["LowerTorso"] = CFrame.new(-0.006574802100658417, -0.11591815948486328, -0.00044195353984832764, 0.9984906315803528, 0.033918347209692, 0.043199606239795685, -0.03581978753209114, 0.99838787317276, 0.044029317796230316, -0.04163656383752823, -0.04551025852560997, 0.9980958104133606),
