return {
    ["Just Know"] = {
        {Time = 0.000, Data = {
            ["RightFoot"] = CFrame.new(-3.632158041000366e-08, 0, 2.032174961641431e-08, 0.9996130466461182, 0.023170392960309982, 0.015391433611512184, -0.0199630968272686, 0.9828876852989197, -0.183121457695961, -0.01937107741832733, 0.18274332582950592, 0.9829698204994202),
            ["LeftLowerArm"] = CFrame.new(-2.9802322387695312e-08, -4.76837158203125e-07, -2.9802322387695312e-08, 1, -3.725290298461914e-08, -3.72529100900465e-08, 1.4901162970204496e-08, 0.9360650181770325, -0.35182684659957886, 1.862645326866641e-08, 0.3518270254135132, 0.936065137386322),
            ["LeftFoot"] = CFrame.new(7.450580596923828e-09, -1.1920928955078125e-07, -3.725290298461914e-09, 0.9623491764068604, -0.22641554474830627, -0.1504005491733551, 0.18257643282413483, 0.9483473896980286, -0.2594284415245056, 0.20137064158916473, 0.22220097482204437, 0.9539793133735657),
            ["Head"] = CFrame.new(-5.587935447692871e-09, 0, 1.30385160446167e-08, 0.9954013824462891, 0.04461530223488808, 0.08476755023002625, -0.026791945099830627, 0.9792654514312744, -0.20080186426639557, -0.09196876734495163, 0.1976073682308197, 0.9759575128555298),
            ["LowerTorso"] = CFrame.new(0.1293206512928009, -0.09269547462463379, -0.03808083012700081, 0.9994518160820007, -0.0005136852851137519, -0.033102646470069885, 0.0024611102417111397, 0.99826580286026, 0.05881594121456146, 0.033015020191669464, -0.05886527895927429, 0.997719943523407),
            ["UpperTorso"] = CFrame.new(-1.0244548320770264e-08, 8.940696716308594e-08, 1.3969838619232178e-08, 0.9970706105232239, 0.0014294779393821955, -0.0764734223484993, 0.0018540971213951707, 0.9990799427032471, 0.04284925386309624, 0.07646429538726807, -0.042865414172410965, 0.996150553226471),
            ["HumanoidRootPart"] = CFrame.new(0, 0, 0, 1, 0, 0, 0, 1, 0, 0, 0, 1),
            ["RightUpperLeg"] = CFrame.new(-8.940696716308594e-08, 3.2782554626464844e-07, -5.471520125865936e-09, 0.9925603270530701, -0.0689060166478157, -0.10037936270236969, 0.013635260984301567, 0.8821658492088318, -0.4707411527633667, 0.12098819762468338, 0.46587058901786804, 0.8765425086021423),
            ["LeftUpperArm"] = CFrame.new(0, 4.76837158203125e-07, -2.9802322387695312e-08, 0.6849547624588013, -0.10353093594312668, -0.7211923003196716, -0.20403215289115906, 0.9229907989501953, -0.3262803852558136, 0.6994339823722839, 0.37063366174697876, 0.6110833287239075),
            ["RightLowerArm"] = CFrame.new(-1.341104507446289e-07, -1.1920928955078125e-07, 1.4901161193847656e-08, 1, -4.4703490686970326e-08, -1.4901164746561335e-08, 5.587936158235607e-08, 0.87616366147995, -0.48201367259025574, -9.313226634333205e-09, 0.4820138216018677, 0.8761638402938843),
            ["LeftHand"] = CFrame.new(-8.940696716308594e-08, 3.5762786865234375e-07, 8.940696716308594e-08, 0.9967988133430481, -0.07601559162139893, -0.024774523451924324, 0.07883001118898392, 0.9861531853675842, 0.14590366184711456, 0.013340519741177559, -0.14738957583904266, 0.9889886379241943),
            ["RightHand"] = CFrame.new(5.960464477539063e-08, 0, -2.2351741790771484e-08, 0.9989771842956543, -0.013157470151782036, 0.04326191544532776, 0.009735227562487125, 0.9968758225440979, 0.07838248461484909, -0.04415811598300934, -0.07788127660751343, 0.9959842562675476),
            ["RightUpperArm"] = CFrame.new(2.384185791015625e-07, 0, -4.6566128730773926e-08, 0.6020941138267517, -0.19295428693294525, 0.7747589945793152, 0.1861274093389511, 0.9775443077087402, 0.09881171584129333, -0.7764273881912231, 0.08470994234085083, 0.6244876980781555),
            ["RightLowerLeg"] = CFrame.new(9.499490261077881e-08, -2.980232238769531e-07, 2.2351741790771484e-08, 1, 6.426123633218594e-08, 1.0244547432591844e-08, -4.842877388000488e-08, 0.8162699937820435, 0.5776705145835876, 6.51925802230835e-09, -0.5776705741882324, 0.8162700533866882),
            ["LeftUpperLeg"] = CFrame.new(2.9802322387695312e-08, 5.066394805908203e-07, 4.6566128730773926e-09, 0.8798589706420898, 0.3017984926700592, 0.36710500717163086, -0.2043868452310562, 0.9376876354217529, -0.2810121476650238, -0.4290388822555542, 0.17221982777118683, 0.8867165446281433),
            ["LeftLowerLeg"] = CFrame.new(6.332993507385254e-08, -3.5762786865234375e-07, 9.685754776000977e-08, 1, 2.2351736461700966e-08, -3.7252894102834944e-09, -2.9802322387695312e-08, 0.8913220763206482, 0.4533708095550537, -7.450580596923828e-09, -0.45337069034576416, 0.8913219571113586),
        }},
        {Time = 0.033, Data = {
            ["RightFoot"] = CFrame.new(1.3969838619232178e-09, 0, 2.4047039914876223e-08, 0.9995943903923035, 0.023721953853964806, 0.01575777865946293, -0.020468570291996002, 0.983154296875, -0.18162831664085388, -0.019800886511802673, 0.18123216927051544, 0.983241081237793),
            ["LeftLowerArm"] = CFrame.new(-2.086162567138672e-07, -1.7881393432617188e-07, 4.470348358154297e-08, 1, -6.705523958316917e-08, -3.725290653733282e-08, 4.8428766774577525e-08, 0.9013044834136963, -0.4331863224506378, -5.960463766996327e-08, 0.4331863224506378, 0.9013044834136963),
            ["LeftFoot"] = CFrame.new(-1.1548399925231934e-07, 0, -1.862645149230957e-08, 0.9654890298843384, -0.2169424295425415, -0.14410792291164398, 0.17751874029636383, 0.9530349969863892, -0.24538035690784454, 0.19057323038578033, 0.21132996678352356, 0.9586561322212219),
            ["Head"] = CFrame.new(1.1175870895385742e-08, 1.1920928955078125e-07, 3.725290298461914e-09, 0.9951044321060181, 0.043505292385816574, 0.08873845636844635, -0.026399005204439163, 0.9822818040847778, -0.18554165959358215, -0.09523820877075195, 0.18229073286056519, 0.9786214232444763),
            ["LowerTorso"] = CFrame.new(0.12785355746746063, -0.09273648262023926, -0.038416311144828796, 0.9995714426040649, -0.0012971507385373116, -0.029248036444187164, 0.003265801351517439, 0.9977232813835144, 0.06736180186271667, 0.029094068333506584, -0.06742855906486511, 0.9972999095916748),
            ["UpperTorso"] = CFrame.new(1.2223608791828156e-08, -2.9802322387695312e-08, 1.0244548320770264e-08, 0.9968845844268799, 0.0015355227515101433, -0.07885933667421341, 0.000027551319362828508, 0.9998037219047546, 0.019816137850284576, 0.07887425273656845, -0.019756466150283813, 0.9966887831687927),
            ["HumanoidRootPart"] = CFrame.new(0, 0, 0, 1, 0, 0, 0, 1, 0, 0, 0, 1),
            ["RightUpperLeg"] = CFrame.new(5.960464477539063e-08, 2.086162567138672e-07, 9.98261384665966e-09, 0.9920418858528137, -0.07035372406244278, -0.10441894829273224, 0.01206729095429182, 0.8786331415176392, -0.47734469175338745, 0.1253288835287094, 0.4722862243652344, 0.8724900484085083),
            ["LeftUpperArm"] = CFrame.new(0, 1.1920928955078125e-07, 1.043081283569336e-07, 0.6968316435813904, -0.05250125750899315, -0.7153106331825256, -0.21708624064922333, 0.935099720954895, -0.2801111340522766, 0.6835928559303284, 0.35047441720962524, 0.6402096152305603),
            ["RightLowerArm"] = CFrame.new(-1.1920928955078125e-07, 5.960464477539062e-07, -7.450580596923828e-09, 1, -2.980232594040899e-08, -3.725290298461914e-09, 7.078051567077637e-08, 0.7706848382949829, -0.6372168064117432, -3.725290298461914e-08, 0.6372165083885193, 0.7706846594810486),
            ["LeftHand"] = CFrame.new(2.9802322387695312e-08, 3.5762786865234375e-07, 5.960464477539063e-08, 0.9981440305709839, -0.051717810332775116, -0.03215555474162102, 0.05618976429104805, 0.9857081770896912, 0.15881450474262238, 0.023482436314225197, -0.16032655537128448, 0.9867846965789795),
            ["RightHand"] = CFrame.new(-5.960464477539063e-08, -3.5762786865234375e-07, 2.5331974029541016e-07, 0.9982607960700989, 0.016403641551733017, 0.056624747812747955, -0.02089180238544941, 0.996607780456543, 0.07960286736488342, -0.05512673780322075, -0.08064744621515274, 0.9952170848846436),
            ["RightUpperArm"] = CFrame.new(-2.384185791015625e-07, -5.960464477539063e-08, 7.450580596923828e-09, 0.5659447312355042, -0.2624358534812927, 0.7815587520599365, 0.200949564576149, 0.9633030891418457, 0.17795062065124512, -0.7995786070823669, 0.05634365230798721, 0.5979126691818237),
            ["RightLowerLeg"] = CFrame.new(2.421438694000244e-08, -1.1920928955078125e-07, -7.450580596923828e-09, 1, 5.960464477539063e-08, 2.9336664653101252e-08, -5.7742006731587026e-08, 0.817654013633728, 0.5757099986076355, -6.519258910486769e-09, -0.5757100582122803, 0.8176539540290833),
            ["LeftUpperLeg"] = CFrame.new(2.9802322387695312e-08, 2.384185791015625e-07, 2.3283064365386963e-08, 0.880210816860199, 0.31432074308395386, 0.35557252168655396, -0.19534751772880554, 0.922778308391571, -0.3321436643600464, -0.43251416087150574, 0.22289644181728363, 0.8736411333084106),
            ["LeftLowerLeg"] = CFrame.new(-7.450580596923828e-09, 2.384185791015625e-07, 2.9802322387695312e-08, 1, 4.470348358154297e-08, 1.1175872671742582e-08, -9.685756907629184e-08, 0.8525051474571228, 0.5227188467979431, 1.4901164746561335e-08, -0.5227187871932983, 0.8525051474571228),
        }},
        {Time = 0.067, Data = {
            ["RightFoot"] = CFrame.new(2.8405338525772095e-08, -1.1920928955078125e-07, 1.6596459317952394e-08, 0.9995323419570923, 0.025474201887845993, 0.01692175306379795, -0.022170405834913254, 0.9847031235694885, -0.17282459139823914, -0.02106545865535736, 0.17236879467964172, 0.9848072528839111),
            ["LeftLowerArm"] = CFrame.new(5.960464477539063e-08, -2.980232238769531e-07, -3.725290298461914e-08, 1, -2.9802315282267955e-08, -3.725290653733282e-08, 1.4901161193847656e-08, 0.892469048500061, -0.4511086940765381, -1.862645149230957e-08, 0.4511086940765381, 0.8924691081047058),
            ["LeftFoot"] = CFrame.new(0, 5.960464477539063e-08, -2.2351741790771484e-08, 0.9707053303718567, -0.2001408338546753, -0.1329471468925476, 0.17080427706241608, 0.9639492630958557, -0.20402838289737701, 0.16898879408836365, 0.17534376680850983, 0.969895601272583),
            ["Head"] = CFrame.new(1.862645149230957e-09, 0, 5.587935447692871e-09, 0.9954553246498108, 0.03941704332828522, 0.0866897776722908, -0.024169256910681725, 0.9850831031799316, -0.17037369310855865, -0.09211225807666779, 0.16750416159629822, 0.9815588593482971),
            ["LowerTorso"] = CFrame.new(0.12400074303150177, -0.08868408203125, -0.03842693194746971, 0.999758243560791, -0.0018662166548892856, -0.02190881408751011, 0.003659749636426568, 0.9966164231300354, 0.08211125433444977, 0.021681448444724083, -0.08217170089483261, 0.9963822960853577),
            ["UpperTorso"] = CFrame.new(-2.0954757928848267e-09, 1.1920928955078125e-07, -1.792795956134796e-08, 0.9970015287399292, 0.00016318827692884952, -0.07738237828016281, -0.0012161533813923597, 0.9999074339866638, -0.013560368679463863, 0.07737298309803009, 0.013613942079246044, 0.9969092607498169),
            ["HumanoidRootPart"] = CFrame.new(0, 0, 0, 1, 0, 0, 0, 1, 0, 0, 0, 1),
            ["RightUpperLeg"] = CFrame.new(-1.4901161193847656e-07, 9.238719940185547e-07, -1.1059455573558807e-08, 0.9909111857414246, -0.07405546307563782, -0.11229860782623291, 0.010875252075493336, 0.8761903047561646, -0.4818425178527832, 0.1340780109167099, 0.4762421250343323, 0.869032084941864),
            ["LeftUpperArm"] = CFrame.new(0, 0, -2.9802322387695312e-08, 0.6479215621948242, -0.05218277499079704, -0.7599174976348877, -0.24314868450164795, 0.9312864542007446, -0.27126413583755493, 0.7218562364578247, 0.3605308532714844, 0.5907124280929565),
            ["RightLowerArm"] = CFrame.new(5.960464477539063e-08, -2.980232238769531e-07, -1.341104507446289e-07, 1, -4.4703469370688254e-08, 2.9802318834981634e-08, 5.133915692567825e-08, 0.7344987392425537, -0.6786100268363953, 0, 0.6786101460456848, 0.7344987988471985),
            ["LeftHand"] = CFrame.new(1.7881393432617188e-07, 0, 0, 0.9993266463279724, -0.000043824329623021185, -0.036691393703222275, 0.0032769739627838135, 0.9961099624633789, 0.08805910497903824, 0.03654488921165466, -0.08811986446380615, 0.9954392910003662),
            ["RightHand"] = CFrame.new(5.960464477539063e-08, 4.76837158203125e-07, 5.960464477539063e-08, 0.9971015453338623, 0.05907975137233734, 0.04793780297040939, -0.06006485968828201, 0.9980064630508423, 0.01937529444694519, -0.046697601675987244, -0.022198522463440895, 0.9986624717712402),
            ["RightUpperArm"] = CFrame.new(0, 2.384185791015625e-07, -1.4901161193847656e-08, 0.5574448108673096, -0.25580817461013794, 0.7898210883140564, 0.2237141877412796, 0.9624400734901428, 0.1538218855857849, -0.7995043992996216, 0.09094703942537308, 0.5937350988388062),
            ["RightLowerLeg"] = CFrame.new(9.313225746154785e-09, 0, -8.195638656616211e-08, 1, 5.0640672100144e-08, 2.3748716770910505e-08, -5.4016709327697754e-08, 0.8281005024909973, 0.5605797171592712, 6.51925802230835e-09, -0.560579776763916, 0.8281005024909973),
            ["LeftUpperLeg"] = CFrame.new(8.940696716308594e-08, 8.344650268554688e-07, -1.5832483768463135e-08, 0.8825562596321106, 0.32998523116111755, 0.3349689245223999, -0.17909283936023712, 0.8945947289466858, -0.40942129492759705, -0.43476441502571106, 0.301347017288208, 0.8486282825469971),
            ["LeftLowerLeg"] = CFrame.new(-8.195638656616211e-08, -1.1920928955078125e-07, 1.4901161193847656e-08, 1, 5.587935447692871e-08, 7.823110337312755e-08, -8.195639367158947e-08, 0.7904300093650818, 0.6125522255897522, 3.725290653733282e-08, -0.6125523447990417, 0.7904301285743713),
        }},
        {Time = 0.100, Data = {
            ["RightFoot"] = CFrame.new(-3.632158041000366e-08, 0, 9.145878721028566e-09, 0.9993906021118164, 0.029078006744384766, 0.01931568793952465, -0.02561046928167343, 0.986728310585022, -0.16034790873527527, -0.023721937090158463, 0.15975554287433624, 0.986871600151062),
            ["LeftLowerArm"] = CFrame.new(1.1920928955078125e-07, 5.960464477539063e-08, 8.940696716308594e-08, 1, -4.470348358154297e-08, -2.9802322387695312e-08, 4.0978193283081055e-08, 0.8960034251213074, -0.4440472424030304, 3.725290298461914e-09, 0.44404733180999756, 0.8960034251213074),
            ["LeftFoot"] = CFrame.new(3.725290298461914e-08, 0, 2.2351741790771484e-08, 0.9761630892753601, -0.18078701198101044, -0.12009117007255554, 0.16275525093078613, 0.9758008718490601, -0.14602605998516083, 0.14358453452587128, 0.12299977988004684, 0.9819647073745728),
            ["Head"] = CFrame.new(-1.1175870895385742e-08, 2.384185791015625e-07, 9.313225746154785e-10, 0.9958358407020569, 0.03462950885295868, 0.08433129638433456, -0.021109160035848618, 0.9874948859214783, -0.15623147785663605, -0.08868694305419922, 0.15380074083805084, 0.984113872051239),
            ["LowerTorso"] = CFrame.new(0.11694378405809402, -0.08261251449584961, -0.03826450929045677, 0.9998570680618286, -0.0015803453279659152, -0.016834495589137077, 0.0031574219465255737, 0.9955604672431946, 0.09407108277082443, 0.016611095517873764, -0.09411090612411499, 0.9954231381416321),
            ["UpperTorso"] = CFrame.new(1.6298145055770874e-09, -1.1920928955078125e-07, 4.6566128730773926e-08, 0.9973582625389099, -0.0023648161441087723, -0.07260175049304962, -0.0010162316029891372, 0.9989178776741028, -0.046497538685798645, 0.07263313978910446, 0.04644865170121193, 0.9962765574455261),
            ["HumanoidRootPart"] = CFrame.new(0, 0, 0, 1, 0, 0, 0, 1, 0, 0, 0, 1),
            ["RightUpperLeg"] = CFrame.new(-5.960464477539063e-08, -3.2782554626464844e-07, 6.05359673500061e-09, 0.9897952079772949, -0.0792282298207283, -0.1184421181678772, 0.012657108716666698, 0.8767809867858887, -0.4807230234146118, 0.14193463325500488, 0.47431856393814087, 0.8688365817070007),
            ["LeftUpperArm"] = CFrame.new(-2.384185791015625e-07, 5.960464477539062e-07, -4.0978193283081055e-08, 0.5730618238449097, -0.07988123595714569, -0.8156097531318665, -0.26794707775115967, 0.9222747087478638, -0.27859243750572205, 0.7744705677032471, 0.3781908452510834, 0.5071164965629578),
            ["RightLowerArm"] = CFrame.new(-4.470348358154297e-08, 2.980232238769531e-07, -4.470348358154297e-08, 1, -2.9802318834981634e-08, 1.0430811414607888e-07, 5.960464477539063e-08, 0.7424971461296082, -0.6698492169380188, 6.51925802230835e-08, 0.6698493361473083, 0.7424972653388977),
            ["LeftHand"] = CFrame.new(-5.960464477539063e-08, 1.1920928955078125e-07, -5.960464477539063e-08, 0.9968321323394775, 0.061556778848171234, -0.05036304518580437, -0.06209664046764374, 0.9980275630950928, -0.009223813191056252, 0.04969598352909088, 0.012321876361966133, 0.9986884593963623),
            ["RightHand"] = CFrame.new(2.9802322387695312e-08, 2.384185791015625e-07, -5.960464477539063e-08, 0.9947361350059509, 0.09891044348478317, 0.02677479386329651, -0.09721925109624863, 0.993546187877655, -0.058433711528778076, -0.03238178789615631, 0.055522769689559937, 0.9979321956634521),
            ["RightUpperArm"] = CFrame.new(0, 2.384185791015625e-07, -9.313225746154785e-09, 0.5672725439071655, -0.21365214884281158, 0.7953330278396606, 0.24266423285007477, 0.9662477374076843, 0.08648465573787689, -0.7869663238525391, 0.14393854141235352, 0.5999715328216553),
            ["RightLowerLeg"] = CFrame.new(-1.5273690223693848e-07, -5.960464477539063e-08, 3.725290298461914e-08, 1, 4.493631422519684e-08, 1.8160788428644992e-08, -5.401672353855247e-08, 0.8423369526863098, 0.5389512777328491, 2.0489101970611046e-08, -0.5389513373374939, 0.842336893081665),
            ["LeftUpperLeg"] = CFrame.new(0, -3.2782554626464844e-07, 5.587935447692871e-09, 0.88209068775177, 0.3459570109844208, 0.3197343051433563, -0.16041754186153412, 0.8587572574615479, -0.48662301898002625, -0.44292476773262024, 0.37795495986938477, 0.8129994869232178),
            ["LeftLowerLeg"] = CFrame.new(-3.725290298461914e-08, -5.960464477539063e-08, -7.450580596923828e-08, 1, 1.0617080903330134e-07, 7.450581307466564e-08, -8.940698137394065e-08, 0.7212622761726379, 0.6926621794700623, 5.2154071283894154e-08, -0.6926621198654175, 0.7212622165679932),
        }},
        {Time = 0.133, Data = {
            ["RightFoot"] = CFrame.new(5.494803190231323e-08, 5.960464477539063e-08, 4.267349140718579e-08, 0.9991074204444885, 0.03518841415643692, 0.023374587297439575, -0.031345434486866, 0.9884563684463501, -0.14822793006896973, -0.0283206757158041, 0.14736296236515045, 0.9886769652366638),
            ["LeftLowerArm"] = CFrame.new(5.960464477539063e-08, -4.76837158203125e-07, 6.705522537231445e-08, 1, -2.980232594040899e-08, 2.9802322387695312e-08, 7.450579175838357e-08, 0.8923572301864624, -0.45132976770401, 2.9802315282267955e-08, 0.4513300359249115, 0.8923572897911072),
            ["LeftFoot"] = CFrame.new(5.960464477539063e-08, 0, -2.2351741790771484e-08, 0.9806670546531677, -0.16299887001514435, -0.10827502608299255, 0.15316541492938995, 0.9837481379508972, -0.0937018170952797, 0.1217886433005333, 0.07530613988637924, 0.989695131778717),
            ["Head"] = CFrame.new(1.862645149230957e-09, 0, 4.6566128730773926e-09, 0.9956675171852112, 0.03183101490139961, 0.0873682051897049, -0.018982497975230217, 0.9893763065338135, -0.14413250982761383, -0.09102791547775269, 0.1418495625257492, 0.9856940507888794),
            ["LowerTorso"] = CFrame.new(0.10586433857679367, -0.07659697532653809, -0.03808083012700081, 0.9998046159744263, 0.00039606602513231337, -0.019767552614212036, 0.0014698023442178965, 0.9955440163612366, 0.09428650140762329, 0.019716816022992134, -0.09429723769426346, 0.9953488111495972),
            ["UpperTorso"] = CFrame.new(4.190951585769653e-09, -2.980232238769531e-07, 2.3050233721733093e-08, 0.9978594779968262, -0.005831117741763592, -0.06513392925262451, 0.0013773938408121467, 0.9976697564125061, -0.06821455806493759, 0.06537989526987076, 0.06797897815704346, 0.9955422878265381),
            ["HumanoidRootPart"] = CFrame.new(0, 0, 0, 1, 0, 0, 0, 1, 0, 0, 0, 1),
            ["RightUpperLeg"] = CFrame.new(-2.9802322387695312e-08, -2.9802322387695312e-08, 9.313225746154785e-10, 0.9894295334815979, -0.08535478264093399, -0.11723470687866211, 0.020286066457629204, 0.8819484114646912, -0.47090891003608704, 0.14358922839164734, 0.46355319023132324, 0.8743574023246765),
            ["LeftUpperArm"] = CFrame.new(-1.1920928955078125e-07, 3.5762786865234375e-07, -1.4901161193847656e-08, 0.5119200944900513, -0.10877570509910583, -0.8521184921264648, -0.2740662693977356, 0.9194315671920776, -0.282016783952713, 0.814141035079956, 0.3779068887233734, 0.44086354970932007),
            ["RightLowerArm"] = CFrame.new(2.980232238769531e-07, -2.980232238769531e-07, -1.9371509552001953e-07, 1, 1.4901157641133977e-08, 1.0430815677864302e-07, 6.70552182668871e-08, 0.7534762024879456, -0.657474935054779, -2.2351738238057806e-08, 0.6574751138687134, 0.7534765005111694),
            ["LeftHand"] = CFrame.new(2.9802322387695312e-08, 1.1920928955078125e-07, -1.4901161193847656e-07, 0.9915363788604736, 0.10848920792341232, -0.07131427526473999, -0.11410750448703766, 0.9902341365814209, -0.08009931445121765, 0.061928071081638336, 0.08755885809659958, 0.9942325949668884),
            ["RightHand"] = CFrame.new(1.1920928955078125e-07, 1.1920928955078125e-07, 8.940696716308594e-08, 0.9923639297485352, 0.12301044166088104, 0.009070425294339657, -0.12120600789785385, 0.9861520528793335, -0.11319616436958313, -0.022869430482387543, 0.11123231053352356, 0.9935312271118164),
            ["RightUpperArm"] = CFrame.new(-1.1920928955078125e-07, 1.1920928955078125e-07, 2.6309862732887268e-08, 0.5819928050041199, -0.1786167323589325, 0.7933351993560791, 0.24932602047920227, 0.9677873849868774, 0.034987952560186386, -0.7740290760993958, 0.17743633687496185, 0.6077789068222046),
            ["RightLowerLeg"] = CFrame.new(2.2351741790771484e-08, 2.384185791015625e-07, -1.4156103134155273e-07, 1, 4.190951941041021e-08, 3.864989039925604e-08, -4.8428766774577525e-08, 0.8550580739974976, 0.5185325741767883, -1.0244547432591844e-08, -0.518532395362854, 0.8550578951835632),
            ["LeftUpperLeg"] = CFrame.new(0, -5.960464477539063e-08, -1.0244548320770264e-08, 0.8749269247055054, 0.3649730086326599, 0.3182733952999115, -0.14460870623588562, 0.8241688013076782, -0.5475708842277527, -0.4621594250202179, 0.4330595135688782, 0.773865818977356),
            ["LeftLowerLeg"] = CFrame.new(-1.4901161193847656e-08, -5.960464477539063e-08, 2.9802322387695312e-08, 1, 1.1781231989971275e-07, 5.960463766996327e-08, -1.0430811414607888e-07, 0.6561517119407654, 0.7546292543411255, 2.9802318834981634e-08, -0.7546290755271912, 0.6561514139175415),
        }},
        {Time = 0.167, Data = {
            ["RightFoot"] = CFrame.new(-2.60770320892334e-08, 0, 2.7772330213338137e-08, 0.9985798597335815, 0.04437801614403725, 0.029478956013917923, -0.039821404963731766, 0.9892969131469727, -0.1403782069683075, -0.035393137484788895, 0.13900509476661682, 0.9896590113639832),
            ["LeftLowerArm"] = CFrame.new(-5.960464477539063e-08, 1.7881393432617188e-07, -5.960464477539063e-08, 1, -5.960464477539063e-08, 0, 2.980232594040899e-08, 0.8571977615356445, -0.5149875283241272, 1.4901162970204496e-08, 0.5149874091148376, 0.8571977615356445),
            ["LeftFoot"] = CFrame.new(1.862645149230957e-08, 5.960464477539063e-08, -2.2351741790771484e-08, 0.9835715293884277, -0.15036721527576447, -0.09988435357809067, 0.1439751833677292, 0.9872128367424011, -0.0684252455830574, 0.10889597982168198, 0.052920322865247726, 0.9926435947418213),
            ["Head"] = CFrame.new(-3.259629011154175e-09, 1.1920928955078125e-07, 1.862645149230957e-09, 0.9945143461227417, 0.033088814467191696, 0.09922945499420166, -0.01947304792702198, 0.9906314015388489, -0.13516750931739807, -0.10277236253023148, 0.13249370455741882, 0.9858413934707642),
            ["LowerTorso"] = CFrame.new(0.09004773944616318, -0.07222437858581543, -0.03799507021903992, 0.9994169473648071, 0.0044427476823329926, -0.033852435648441315, -0.0018245658138766885, 0.9970307350158691, 0.07698265463113785, 0.03409392759203911, -0.07687611877918243, 0.996457576751709),
            ["UpperTorso"] = CFrame.new(-9.080395102500916e-09, -1.1920928955078125e-07, -2.9569491744041443e-08, 0.9983776211738586, -0.010200638324022293, -0.05601878836750984, 0.006209793966263533, 0.9974600076675415, -0.07095842063426971, 0.05660029128193855, 0.07049556821584702, 0.9959050416946411),
            ["HumanoidRootPart"] = CFrame.new(0, 0, 0, 1, 0, 0, 0, 1, 0, 0, 0, 1),
            ["RightUpperLeg"] = CFrame.new(-1.1920928955078125e-07, 3.2782554626464844e-07, -3.4924596548080444e-08, 0.9900649189949036, -0.09310873597860336, -0.10536714643239975, 0.03582346439361572, 0.8916497826576233, -0.4513060450553894, 0.13597111403942108, 0.4430478513240814, 0.8861268162727356),
            ["LeftUpperArm"] = CFrame.new(0, 7.152557373046875e-07, -2.9802322387695312e-08, 0.498142272233963, -0.10695634037256241, -0.8604735732078552, -0.24396967887878418, 0.9349841475486755, -0.2574560046195984, 0.8320656418800354, 0.3381791412830353, 0.43966102600097656),
            ["RightLowerArm"] = CFrame.new(-3.8743019104003906e-07, -3.5762786865234375e-07, 0, 1, -5.960463766996327e-08, -1.4901161193847656e-08, 5.21540641784668e-08, 0.7295833230018616, -0.6838921308517456, 3.4458935260772705e-08, 0.6838920712471008, 0.7295831441879272),
            ["LeftHand"] = CFrame.new(1.7881393432617188e-07, 1.1920928955078125e-07, -2.2351741790771484e-07, 0.9884492754936218, 0.12244775891304016, -0.08930058032274246, -0.1303161233663559, 0.9875274896621704, -0.08835894614458084, 0.07736735790967941, 0.09897579252719879, 0.9920777082443237),
            ["RightHand"] = CFrame.new(2.9802322387695312e-08, 1.7881393432617188e-07, -2.682209014892578e-07, 0.9920163750648499, 0.1257401555776596, 0.009643464349210262, -0.12385004758834839, 0.98580002784729, -0.11339962482452393, -0.023765522986650467, 0.111300028860569, 0.993502676486969),
            ["RightUpperArm"] = CFrame.new(3.5762786865234375e-07, 8.344650268554688e-07, -1.862645149230957e-09, 0.5903892517089844, -0.18644003570079803, 0.7852902412414551, 0.24166178703308105, 0.9691523313522339, 0.04840802028775215, -0.7700909972190857, 0.1611950546503067, 0.6172325015068054),
            ["RightLowerLeg"] = CFrame.new(-4.0978193283081055e-08, 2.384185791015625e-07, 0, 1, 4.284083487959833e-08, 6.51925802230835e-09, -4.8428766774577525e-08, 0.8620565533638, 0.5068121552467346, -1.4901159417490817e-08, -0.5068120360374451, 0.8620566129684448),
            ["LeftUpperLeg"] = CFrame.new(8.940696716308594e-08, 2.086162567138672e-07, -2.7939677238464355e-08, 0.8591135740280151, 0.389511376619339, 0.33197131752967834, -0.1368550807237625, 0.7998781800270081, -0.5843504071235657, -0.4931475520133972, 0.45659151673316956, 0.7404929399490356),
            ["LeftLowerLeg"] = CFrame.new(2.9802322387695312e-08, 5.960464477539063e-08, -2.9802322387695312e-08, 1, 5.7742006731587026e-08, 7.82310962677002e-08, -5.960464477539063e-08, 0.6010833382606506, 0.7991865277290344, 3.725290298461914e-08, -0.7991864681243896, 0.6010832190513611),
        }},
        {Time = 0.200, Data = {
            ["RightFoot"] = CFrame.new(-1.862645149230957e-09, 0, 7.283233571797609e-09, 0.9976741075515747, 0.05677875131368637, 0.037716351449489594, -0.051134828478097916, 0.9892948269844055, -0.1366785317659378, -0.0450730174779892, 0.13443215191364288, 0.9898972511291504),
            ["LeftLowerArm"] = CFrame.new(1.1920928955078125e-07, 0, 1.043081283569336e-07, 1, -2.9802315282267955e-08, 1.4901161193847656e-08, 5.21540641784668e-08, 0.8021834492683411, -0.5970775485038757, 2.9802322387695312e-08, 0.5970777869224548, 0.8021835684776306),
            ["LeftFoot"] = CFrame.new(6.658956408500671e-08, -2.384185791015625e-07, 3.725290298461914e-09, 0.985141396522522, -0.1430589109659195, -0.09502975642681122, 0.13738574087619781, 0.9884603023529053, -0.06380890309810638, 0.10306146740913391, 0.04980498552322388, 0.9934272766113281),
            ["Head"] = CFrame.new(1.3969838619232178e-09, 0, 3.725290298461914e-09, 0.9927515387535095, 0.03684787079691887, 0.11439751833677292, -0.021757451817393303, 0.9912147521972656, -0.13046100735664368, -0.11819970607757568, 0.12702631950378418, 0.9848316311836243),
            ["LowerTorso"] = CFrame.new(0.06919439882040024, -0.06912970542907715, -0.0379958339035511, 0.9986200332641602, 0.009647938422858715, -0.05162323638796806, -0.007114534731954336, 0.9987716674804688, 0.049035392701625824, 0.05203290656208992, -0.048600561916828156, 0.9974621534347534),
            ["UpperTorso"] = CFrame.new(1.0477378964424133e-08, -1.7881393432617188e-07, 7.450580596923828e-09, 0.9987453818321228, -0.015334622003138065, -0.04767237976193428, 0.012519493699073792, 0.9981913566589355, -0.05879910662770271, 0.04848779737949371, 0.05812864005565643, 0.9971309304237366),
            ["HumanoidRootPart"] = CFrame.new(0, 0, 0, 1, 0, 0, 0, 1, 0, 0, 0, 1),
            ["RightUpperLeg"] = CFrame.new(5.960464477539063e-08, 1.4901161193847656e-07, 1.0710209608078003e-08, 0.9903348684310913, -0.10565229505300522, -0.08985812216997147, 0.05771108716726303, 0.9030207395553589, -0.42570289969444275, 0.1261202096939087, 0.41640278697013855, 0.9003903269767761),
            ["LeftUpperArm"] = CFrame.new(-1.1920928955078125e-07, 4.76837158203125e-07, 1.862645149230957e-08, 0.5189498662948608, -0.08640078455209732, -0.8504270315170288, -0.1887970119714737, 0.9587242007255554, -0.2126116007566452, 0.8336947560310364, 0.2708927392959595, 0.48121747374534607),
            ["RightLowerArm"] = CFrame.new(-1.9371509552001953e-07, -2.384185791015625e-07, 1.6391277313232422e-07, 1, -5.960463056453591e-08, -2.980232594040899e-08, 8.940698847936801e-08, 0.6850264668464661, -0.7285180687904358, -2.2351747119842003e-08, 0.7285182476043701, 0.6850266456604004),
            ["LeftHand"] = CFrame.new(2.9802322387695312e-08, -2.980232238769531e-07, -5.960464477539063e-08, 0.9889149069786072, 0.11164818704128265, -0.09788758307695389, -0.11775091290473938, 0.9912923574447632, -0.0589434877038002, 0.09045424312353134, 0.0698164775967598, 0.9934504628181458),
            ["RightHand"] = CFrame.new(1.1920928955078125e-07, 1.1920928955078125e-07, 2.9802322387695312e-08, 0.9935333728790283, 0.11075495183467865, 0.024998560547828674, -0.1085195392370224, 0.9910443425178528, -0.07781203091144562, -0.03339265286922455, 0.07459602504968643, 0.9966546297073364),
            ["RightUpperArm"] = CFrame.new(0, 4.76837158203125e-07, -7.450580596923828e-09, 0.5915998220443726, -0.2197919338941574, 0.7756940126419067, 0.22331753373146057, 0.9691506624221802, 0.10428986698389053, -0.7746864557266235, 0.11152822524309158, 0.6224326491355896),
            ["RightLowerLeg"] = CFrame.new(3.725290298461914e-09, 0, 7.450580596923828e-08, 1, 4.8428766774577525e-08, -3.259628567064965e-09, -4.842878098543224e-08, 0.8648514747619629, 0.5020279288291931, 3.725290742551124e-09, -0.5020278096199036, 0.8648513555526733),
            ["LeftUpperLeg"] = CFrame.new(2.9802322387695312e-08, 1.7881393432617188e-07, 1.6763806343078613e-08, 0.8396793603897095, 0.414230078458786, 0.35121533274650574, -0.1366117149591446, 0.7870176434516907, -0.6016146540641785, -0.5256194472312927, 0.45718351006507874, 0.7174312472343445),
            ["LeftLowerLeg"] = CFrame.new(1.1920928955078125e-07, -2.980232238769531e-07, 0, 1, 5.4016709327697754e-08, 7.078050145992165e-08, -5.960463766996327e-08, 0.5614488124847412, 0.827511727809906, 2.2351738238057806e-08, -0.8275115489959717, 0.5614485740661621),
        }},
        {Time = 0.233, Data = {
            ["RightFoot"] = CFrame.new(-5.122274160385132e-08, -1.1920928955078125e-07, 5.571200745180249e-08, 0.9962173700332642, 0.07238223403692245, 0.048081278800964355, -0.06528563052415848, 0.9886120557785034, -0.13558794558048248, -0.05734795331954956, 0.13193608820438385, 0.9895979762077332),
            ["LeftLowerArm"] = CFrame.new(2.086162567138672e-07, 0, 0, 1, -8.940695295223122e-08, 7.4505797087454084e-09, 8.568166975919667e-08, 0.7516158819198608, -0.6596009731292725, 6.519257311765614e-08, 0.659601092338562, 0.7516159415245056),
            ["LeftFoot"] = CFrame.new(-5.960464477539063e-08, 0, 2.2351741790771484e-08, 0.9857271313667297, -0.14023146033287048, -0.0931515097618103, 0.134500652551651, 0.9887650609016418, -0.06521698087453842, 0.10125038772821426, 0.051757000386714935, 0.993513822555542),
            ["Head"] = CFrame.new(-6.984919309616089e-10, -4.76837158203125e-07, 3.259629011154175e-09, 0.9913130402565002, 0.040541887283325195, 0.12511929869651794, -0.023993059992790222, 0.991086483001709, -0.1310419887304306, -0.12931671738624573, 0.12690165638923645, 0.9834496974945068),
            ["LowerTorso"] = CFrame.new(0.0431084930896759, -0.06646060943603516, -0.03803909569978714, 0.9979022741317749, 0.015404601581394672, -0.06287872791290283, -0.014141250401735306, 0.9996901154518127, 0.020487602800130844, 0.06317483633756638, -0.019555559381842613, 0.997810959815979),
            ["UpperTorso"] = CFrame.new(-4.656612873077393e-10, 0, -6.51925802230835e-09, 0.9988648295402527, -0.02087853103876114, -0.04281643405556679, 0.01922070048749447, 0.9990631937980652, -0.03877199813723564, 0.043585821986198425, 0.03790516033768654, 0.9983303546905518),
            ["HumanoidRootPart"] = CFrame.new(0, 0, 0, 1, 0, 0, 0, 1, 0, 0, 0, 1),
            ["RightUpperLeg"] = CFrame.new(5.960464477539063e-08, 2.980232238769531e-07, 6.693881005048752e-10, 0.9887281656265259, -0.1260947585105896, -0.08072593063116074, 0.08384878933429718, 0.9130289554595947, -0.3991833031177521, 0.12404011189937592, 0.3879152238368988, 0.9133105278015137),
            ["LeftUpperArm"] = CFrame.new(0, -0.0000010132789611816406, -2.2351741790771484e-08, 0.552993893623352, -0.062468402087688446, -0.8308402299880981, -0.13046817481517792, 0.9783915281295776, -0.1603998839855194, 0.8229069113731384, 0.19709841907024384, 0.532894492149353),
            ["RightLowerArm"] = CFrame.new(-7.450580596923828e-08, -2.384185791015625e-07, 0, 1, 1.4901161193847656e-08, 1.4901159417490817e-08, 8.940696716308594e-08, 0.6495287418365479, -0.7603369355201721, 2.60770320892334e-08, 0.7603370547294617, 0.6495288014411926),
            ["LeftHand"] = CFrame.new(8.940696716308594e-08, -1.7881393432617188e-07, 2.9802322387695312e-08, 0.9912753701210022, 0.08900288492441177, -0.09721968322992325, -0.0911439061164856, 0.995678722858429, -0.017799390479922295, 0.09521538019180298, 0.026504777371883392, 0.9951038360595703),
            ["RightHand"] = CFrame.new(5.960464477539063e-08, 0, 7.450580596923828e-08, 0.9955224394798279, 0.08284775167703629, 0.0455116368830204, -0.08131352812051773, 0.9960880279541016, -0.03459375351667404, -0.04819971323013306, 0.030737988650798798, 0.9983646273612976),
            ["RightUpperArm"] = CFrame.new(0, -7.152557373046875e-07, 0, 0.5876132845878601, -0.24948735535144806, 0.7697186470031738, 0.19791896641254425, 0.9666986465454102, 0.1622401475906372, -0.7845628261566162, 0.057007476687431335, 0.6174232959747314),
            ["RightLowerLeg"] = CFrame.new(7.450580596923828e-09, 5.960464477539063e-08, -7.450580596923828e-09, 1, 5.02914261346632e-08, 1.1175872671742582e-08, -4.470348358154297e-08, 0.8664801716804504, 0.4992115795612335, -3.725290298461914e-09, -0.49921151995658875, 0.8664801716804504),
            ["LeftUpperLeg"] = CFrame.new(0, 2.086162567138672e-07, -2.421438694000244e-08, 0.824594259262085, 0.43074917793273926, 0.36674216389656067, -0.14015401899814606, 0.7836065292358398, -0.6052417159080505, -0.548088788986206, 0.4476786255836487, 0.7065287232398987),
            ["LeftLowerLeg"] = CFrame.new(5.960464477539063e-08, -1.7881393432617188e-07, -2.9802322387695312e-08, 1, 4.0978196835794733e-08, 4.0978189730367376e-08, -8.940695295223122e-08, 0.543657660484314, 0.8393071293830872, 4.470347647611561e-08, -0.8393071293830872, 0.5436574816703796),
        }},
        {Time = 0.267, Data = {
            ["RightFoot"] = CFrame.new(1.6763806343078613e-08, 5.960464477539063e-08, -7.617927622050047e-09, 0.9939866065979004, 0.09121245890855789, 0.06058955192565918, -0.08237367123365402, 0.9874030947685242, -0.13509221374988556, -0.07214848697185516, 0.12928904592990875, 0.9889788031578064),
            ["LeftLowerArm"] = CFrame.new(-1.7881393432617188e-07, -6.556510925292969e-07, -1.341104507446289e-07, 1, -8.195637946073475e-08, 0, 6.705522537231445e-08, 0.7287492156028748, -0.6847806572914124, 6.05359673500061e-08, 0.6847807168960571, 0.7287493348121643),
            ["LeftFoot"] = CFrame.new(7.82310962677002e-08, 0, 7.450580596923828e-08, 0.9856350421905518, -0.14067958295345306, -0.09344924241304398, 0.1356617510318756, 0.9890519976615906, -0.0580701045691967, 0.10059544444084167, 0.04455834999680519, 0.9939292073249817),
            ["Head"] = CFrame.new(-2.3283064365386963e-10, 1.1920928955078125e-07, 4.423782229423523e-09, 0.9914453029632568, 0.04180597513914108, 0.12364698946475983, -0.02455933392047882, 0.9901484251022339, -0.13785120844841003, -0.12819190323352814, 0.1336352527141571, 0.9827046394348145),
            ["LowerTorso"] = CFrame.new(0.011594200506806374, -0.06336426734924316, -0.03808083012700081, 0.9981153011322021, 0.021902689710259438, -0.05732439458370209, -0.021866656839847565, 0.999760091304779, 0.0012557405279949307, 0.05733814090490341, -8.238076887323587e-12, 0.9983549118041992),
            ["UpperTorso"] = CFrame.new(9.313225746154785e-09, 0, -4.656612873077393e-10, 0.9986827969551086, -0.026233263313770294, -0.044097479432821274, 0.025460900738835335, 0.9995139837265015, -0.01798606850206852, 0.044547874480485916, 0.016839737072587013, 0.9988653063774109),
            ["HumanoidRootPart"] = CFrame.new(0, 0, 0, 1, 0, 0, 0, 1, 0, 0, 0, 1),
            ["RightUpperLeg"] = CFrame.new(5.960464477539063e-08, 2.384185791015625e-07, -4.656612873077393e-10, 0.983659565448761, -0.15676091611385345, -0.08854412287473679, 0.11257239431142807, 0.919337272644043, -0.37702298164367676, 0.14050431549549103, 0.3608947992324829, 0.9219619035720825),
            ["LeftUpperArm"] = CFrame.new(-2.384185791015625e-07, 5.960464477539062e-07, 4.842877388000488e-08, 0.5822508931159973, -0.0395955927670002, -0.8120444416999817, -0.09252035617828369, 0.9890977144241333, -0.11456757038831711, 0.8077277541160583, 0.14183767139911652, 0.5722395181655884),
            ["RightLowerArm"] = CFrame.new(1.4901161193847656e-07, 2.384185791015625e-07, -2.123415470123291e-07, 1, -4.4703490686970326e-08, 5.215407838932151e-08, 6.239861249923706e-08, 0.6468796133995056, -0.7625921368598938, -3.725290298461914e-08, 0.7625921964645386, 0.6468796133995056),
            ["LeftHand"] = CFrame.new(1.4901161193847656e-07, -2.980232238769531e-07, 1.043081283569336e-07, 0.993709921836853, 0.06624189764261246, -0.09029272198677063, -0.06475955247879028, 0.997715175151825, 0.01925274357199669, 0.09136173874139786, -0.013284345157444477, 0.9957291483879089),
            ["RightHand"] = CFrame.new(0, -5.960464477539063e-08, 1.6391277313232422e-07, 0.9968582391738892, 0.049039144068956375, 0.06219963729381561, -0.048823170363903046, 0.9987949728965759, -0.004990562330931425, -0.062369510531425476, 0.001938133966177702, 0.9980512857437134),
            ["RightUpperArm"] = CFrame.new(-2.384185791015625e-07, 4.76837158203125e-07, 1.862645149230957e-08, 0.580215334892273, -0.25226300954818726, 0.7744117975234985, 0.1698482185602188, 0.9673964977264404, 0.18787139654159546, -0.7965561747550964, 0.022526586428284645, 0.6041447520256042),
            ["RightLowerLeg"] = CFrame.new(5.587935447692871e-08, 1.7881393432617188e-07, -1.4901161193847656e-08, 1, 3.725290653733282e-08, 3.725291186640334e-09, -3.725289587919178e-08, 0.870278000831604, 0.4925607740879059, -3.7252894102834944e-09, -0.49256089329719543, 0.8702780604362488),
