return {
    ["Katana"] = {
        {Time = 0.000, Data = {
            ["LeftFoot"] = CFrame.new(1.1920928955078125e-07, -1.7881393432617188e-07, 3.8743019104003906e-07, 0.9893776178359985, 0.02770819514989853, 0.14270368218421936, -0.14516405761241913, 0.24040301144123077, 0.9597572088241577, -0.007713244296610355, -0.970277726650238, 0.24187147617340088),
            ["LeftLowerArm"] = CFrame.new(8.642673492431641e-07, -1.1920928955078125e-07, 4.6193599700927734e-07, 1, -7.404018020906733e-08, 1.052394793532585e-07, 9.685756907629184e-08, -0.23444125056266785, -0.9721303582191467, 8.009376273321323e-08, 0.9721303582191467, -0.23444117605686188),
            ["LowerTorso"] = CFrame.new(0.13828237354755402, 8.10761833190918, -0.44550544023513794, 0.9883866310119629, -0.04536968097090721, 0.14502929151058197, 0.13765625655651093, 0.6715549826622009, -0.7280554175376892, -0.0643635019659996, 0.7395644187927246, 0.6700013279914856),
            ["Head"] = CFrame.new(7.639755494892597e-10, -9.5367431640625e-07, -5.813490133732557e-08, 0.9846608638763428, 0.027027999982237816, 0.17237374186515808, -0.09220778942108154, 0.9193107485771179, 0.38257765769958496, -0.14812463521957397, -0.3926033079624176, 0.907701313495636),
            ["RightFoot"] = CFrame.new(5.4016709327697754e-08, 7.152557373046875e-07, 0.0000014471079339273274, 0.9594042897224426, -0.21866141259670258, -0.17813119292259216, 0.2736886739730835, 0.5693044066429138, 0.7752334475517273, -0.06810272485017776, -0.7925148010253906, 0.6060382723808289),
            ["UpperTorso"] = CFrame.new(1.9744038581848145e-07, 7.748603820800781e-07, -0.000001084059476852417, 0.9880209565162659, 0.12988974153995514, -0.08332669734954834, -0.04531952366232872, 0.7603715658187866, 0.6479053497314453, 0.14751550555229187, -0.636367678642273, 0.7571494579315186),
            ["HumanoidRootPart"] = CFrame.new(0, 0, 0, 1, 0, 0, 0, 1, 0, 0, 0, 1),
            ["LeftUpperLeg"] = CFrame.new(2.384185791015625e-07, 2.7567148208618164e-07, -7.7858567237854e-07, 0.9646297693252563, -0.002698697382584214, -0.26359468698501587, -0.06799206882715225, -0.9686606526374817, -0.2389010787010193, -0.2546890676021576, 0.2483733594417572, -0.9345823526382446),
            ["LeftUpperArm"] = CFrame.new(0, -0.0000010728836059570312, -1.260777935385704e-07, 0.33531373739242554, 0.23688679933547974, -0.9118385314941406, -0.9265857934951782, 0.2578856348991394, -0.2737405002117157, 0.17030447721481323, 0.9366855025291443, 0.30596840381622314),
            ["RightLowerArm"] = CFrame.new(-0.0000010132789611816406, 3.5762786865234375e-07, 1.7881393432617188e-07, 1, -4.842879164357328e-08, 6.332994928470725e-08, 8.195640788244418e-08, 0.21616050601005554, -0.9763578772544861, 1.2479725342018355e-07, 0.9763578772544861, 0.21616047620773315),
            ["LeftHand"] = CFrame.new(-7.450580596923828e-08, -5.960464477539063e-08, 4.889443516731262e-08, 0.96778804063797, -0.07511705905199051, -0.24029961228370667, 0.13166280090808868, 0.964540958404541, 0.22874833643436432, 0.21459583938121796, -0.253018319606781, 0.9433611631393433),
            ["RightHand"] = CFrame.new(1.0803341865539551e-07, 2.384185791015625e-07, 3.2782554626464844e-07, 0.8816010355949402, 0.4283773601055145, 0.19817329943180084, -0.4704967737197876, 0.831021249294281, 0.2967093586921692, -0.037582624703645706, -0.3548191785812378, 0.9341793060302734),
            ["RightUpperArm"] = CFrame.new(-5.960464477539063e-08, -4.76837158203125e-07, -1.3923272490501404e-07, 0.7489567399024963, -0.20910798013210297, 0.6287589073181152, 0.6477091908454895, 0.43119752407073975, -0.6281253099441528, -0.1397731602191925, 0.8776916265487671, 0.4583894610404968),
            ["RightLowerLeg"] = CFrame.new(3.5390257835388184e-08, -0.000059604644775390625, -0.00007269734487636015, 1, -1.1548398504146462e-07, -2.542511481351539e-07, 9.96515154838562e-08, -0.7181769609451294, 0.6958605051040649, -2.5331974029541016e-07, -0.6958606243133545, -0.7181770205497742),
            ["RightUpperLeg"] = CFrame.new(5.960464477539063e-08, 6.705522537231445e-07, -9.926225175149739e-07, 0.9659794569015503, -0.20921647548675537, 0.15202739834785461, -0.14444220066070557, -0.9240649938583374, -0.3538929224014282, 0.21452344954013824, 0.3198941648006439, -0.9228475689888),
            ["LeftLowerLeg"] = CFrame.new(7.171183824539185e-08, 0.00006103515625, 0.00007161498069763184, 1, 8.568167686462402e-08, 5.21540641784668e-08, -7.450580596923828e-08, -0.29006722569465637, 0.9570063352584839, 1.043081283569336e-07, -0.9570063352584839, -0.29006725549697876),
        }},
        {Time = 0.033, Data = {
            ["LeftFoot"] = CFrame.new(8.940696716308594e-08, -2.384185791015625e-07, 0.0000011026859283447266, 0.995375394821167, 0.026652129366993904, 0.09228997677564621, -0.09580401331186295, 0.2051539272069931, 0.9740294814109802, 0.0070263175293803215, -0.9783667325973511, 0.206758514046669),
            ["LeftLowerArm"] = CFrame.new(0.0000011622905731201172, 0, 1.1920928955078125e-07, 1, -7.450579886381092e-08, 1.5972182154655457e-07, 5.21540641784668e-08, -0.19758477807044983, -0.9802858829498291, 1.4901161193847656e-07, 0.9802858829498291, -0.19758476316928864),
            ["LowerTorso"] = CFrame.new(0.20355668663978577, 7.365449905395508, -0.0462193638086319, 0.9815310835838318, -0.07846354693174362, 0.1744714081287384, 0.1171519011259079, 0.9675350785255432, -0.2239450365304947, -0.1512356847524643, 0.2402486652135849, 0.9588578343391418),
            ["Head"] = CFrame.new(1.955777406692505e-08, 3.5762786865234375e-07, 2.1373853087425232e-07, 0.9837169647216797, 0.024739472195506096, 0.17801375687122345, -0.09173796325922012, 0.9208482503890991, 0.3789759874343872, -0.15454795956611633, -0.38913559913635254, 0.9081235527992249),
            ["RightFoot"] = CFrame.new(1.2293457984924316e-07, 5.960464477539063e-08, 5.195106496103108e-07, 0.9587113857269287, -0.22087223827838898, -0.17913152277469635, 0.27575698494911194, 0.5680805444717407, 0.7753982543945312, -0.06950278580188751, -0.7927799224853516, 0.6055324077606201),
            ["UpperTorso"] = CFrame.new(-1.0523945093154907e-07, -0.0000010728836059570312, -1.2665987014770508e-07, 0.9865959286689758, 0.13429881632328033, -0.0926949605345726, -0.04061327129602432, 0.7522546052932739, 0.6576195955276489, 0.15804775059223175, -0.6450401544570923, 0.7476255893707275),
            ["HumanoidRootPart"] = CFrame.new(0, 0, 0, 1, 0, 0, 0, 1, 0, 0, 0, 1),
            ["LeftUpperLeg"] = CFrame.new(-5.960464477539063e-08, -8.316710591316223e-07, -7.264316082000732e-08, 0.9660084247589111, -0.01830112375319004, -0.25786224007606506, -0.07232026755809784, -0.9767940044403076, -0.20160207152366638, -0.24818876385688782, 0.21339794993400574, -0.944914698600769),
            ["LeftUpperArm"] = CFrame.new(0, -3.5762786865234375e-07, -7.543712854385376e-08, 0.32443955540657043, 0.2255871742963791, -0.9186127781867981, -0.9259771108627319, 0.2740442454814911, -0.25974246859550476, 0.1931459605693817, 0.9348852038383484, 0.29779931902885437),
            ["RightLowerArm"] = CFrame.new(5.960464477539063e-08, -7.748603820800781e-07, -5.960464477539062e-07, 1, -1.2665985593685036e-07, 5.960464477539063e-08, 5.960464477539063e-08, 0.2147267758846283, -0.9766741394996643, 2.9802322387695312e-08, 0.9766741394996643, 0.21472685039043427),
            ["LeftHand"] = CFrame.new(-0.0000017285346984863281, -5.960464477539063e-08, 2.039596438407898e-07, 0.9665612578392029, -0.05925890803337097, -0.24949491024017334, 0.1239272728562355, 0.9597185850143433, 0.2521555423736572, 0.22450250387191772, -0.27464303374290466, 0.9349706172943115),
            ["RightHand"] = CFrame.new(4.76837158203125e-07, -2.980232238769531e-07, 2.384185791015625e-07, 0.8815997838973999, 0.4283791184425354, 0.1981746256351471, -0.47055384516716003, 0.8304982781410217, 0.29808029532432556, -0.03689238801598549, -0.35603922605514526, 0.9337424635887146),
            ["RightUpperArm"] = CFrame.new(0, -4.76837158203125e-07, 3.734603524208069e-07, 0.745218813419342, -0.2007267326116562, 0.6358912587165833, 0.6519812941551208, 0.4193911850452423, -0.6316893100738525, -0.13989026844501495, 0.8853361010551453, 0.44340819120407104),
            ["RightLowerLeg"] = CFrame.new(1.2200325727462769e-07, -0.0000591278076171875, -0.00007189920142991468, 1, -1.1082737216838723e-07, -2.607703493140434e-07, 9.918585419654846e-08, -0.7164523601531982, 0.6976358890533447, -2.6170164346694946e-07, -0.6976361274719238, -0.716452419757843),
            ["RightUpperLeg"] = CFrame.new(-1.4901161193847656e-07, -1.5273690223693848e-07, -3.295208443887532e-07, 0.9660967588424683, -0.2091619074344635, 0.15135520696640015, -0.1457267701625824, -0.9256952404975891, -0.34907299280166626, 0.21312156319618225, 0.3151818513870239, -0.9247917532920837),
            ["LeftLowerLeg"] = CFrame.new(5.587935447692871e-09, 0.00006073713302612305, 0.00007207691669464111, 1, 1.2293459406009788e-07, 1.3411046495548362e-07, -8.568168397005138e-08, -0.27407732605934143, 0.9617076516151428, 1.5250408580413932e-07, -0.9617077112197876, -0.2740773558616638),
        }},
        {Time = 0.067, Data = {
            ["LeftFoot"] = CFrame.new(-8.940696716308594e-08, 1.7881393432617188e-07, 2.2351741790771484e-07, 0.9988961219787598, 0.024448752403259277, 0.0401102751493454, -0.043666549026966095, 0.16854380071163177, 0.9847264885902405, 0.017314955592155457, -0.9853909611701965, 0.169425368309021),
            ["LeftLowerArm"] = CFrame.new(-2.9802322387695312e-08, 0.0000013709068298339844, 2.384185791015625e-07, 1, -1.136213683139431e-07, 9.655561683530323e-08, 7.4505820180093e-08, -0.15681789815425873, -0.9876275658607483, 8.940698847936801e-08, 0.9876276254653931, -0.15681792795658112),
            ["LowerTorso"] = CFrame.new(0.28161856532096863, 6.828241348266602, 0.41974353790283203, 0.9762230515480042, -0.11983753740787506, 0.1806308627128601, 0.048074476420879364, 0.9322301745414734, 0.3586582839488983, -0.21137025952339172, -0.34144675731658936, 0.9158257246017456),
            ["Head"] = CFrame.new(-3.725290298461914e-08, 7.152557373046875e-07, 0.000001009088009595871, 0.9826368093490601, 0.022118601948022842, 0.18421615660190582, -0.0910787507891655, 0.9225143790245056, 0.3750627934932709, -0.16164620220661163, -0.3853285014629364, 0.9085111021995544),
            ["RightFoot"] = CFrame.new(4.842877388000488e-08, 3.5762786865234375e-07, -2.0656443666666746e-08, 0.957939088344574, -0.22331750392913818, -0.18022821843624115, 0.2780453860759735, 0.5668436288833618, 0.775486171245575, -0.07101841270923615, -0.7929802536964417, 0.6050941944122314),
            ["UpperTorso"] = CFrame.new(5.21540641784668e-08, 7.748603820800781e-07, 1.7881393432617188e-07, 0.9848902821540833, 0.13930284976959229, -0.10288722068071365, -0.03531331568956375, 0.7431708574295044, 0.6681691408157349, 0.1695406436920166, -0.6544401049613953, 0.736860990524292),
            ["HumanoidRootPart"] = CFrame.new(0, 0, 0, 1, 0, 0, 0, 1, 0, 0, 0, 1),
            ["LeftUpperLeg"] = CFrame.new(1.4901161193847656e-07, 8.977949619293213e-07, 2.5331974029541016e-07, 0.9673424959182739, -0.03555164113640785, -0.2509676516056061, -0.07743030041456223, -0.9842332601547241, -0.15902641415596008, -0.24135713279247284, 0.17326554656028748, -0.9548434019088745),
            ["LeftUpperArm"] = CFrame.new(-2.384185791015625e-07, 7.152557373046875e-07, 8.344650268554688e-07, 0.31197506189346313, 0.21168148517608643, -0.9262087345123291, -0.9249584674835205, 0.2904096245765686, -0.24518193304538727, 0.2170795202255249, 0.933195173740387, 0.28639712929725647),
            ["RightLowerArm"] = CFrame.new(-4.172325134277344e-07, -9.5367431640625e-07, -5.960464477539063e-08, 1, -9.685756907629184e-08, 5.96046660916727e-08, 1.0058287358560847e-07, 0.2131817787885666, -0.9770126342773438, 8.754435043556441e-08, 0.9770126342773438, 0.21318183839321136),
            ["LeftHand"] = CFrame.new(3.427267074584961e-07, -1.7881393432617188e-07, 4.898720362689346e-07, 0.9647347331047058, -0.0423920638859272, -0.2597878575325012, 0.11586235463619232, 0.9545837640762329, 0.27449193596839905, 0.23635312914848328, -0.294911652803421, 0.9258317947387695),
            ["RightHand"] = CFrame.new(-5.960464477539063e-08, 1.7881393432617188e-07, 1.043081283569336e-07, 0.8815969824790955, 0.42838388681411743, 0.1981772780418396, -0.47061678767204285, 0.8299312591552734, 0.2995564937591553, -0.03614852949976921, -0.3573535084724426, 0.9332694411277771),
            ["RightUpperArm"] = CFrame.new(0, 4.76837158203125e-07, 0.0000012628734111785889, 0.7410559058189392, -0.1912989616394043, 0.6436154842376709, 0.65670245885849, 0.4062498211860657, -0.6353763937950134, -0.1399218738079071, 0.8935132026672363, 0.4266802966594696),
            ["RightLowerLeg"] = CFrame.new(-2.0489096641540527e-08, -0.00006186962127685547, -0.00007261166319949552, 1, -1.057050980080021e-07, -2.578599946900795e-07, 1.0803341865539551e-07, -0.7145287394523621, 0.6996060609817505, -2.5704503059387207e-07, -0.6996062397956848, -0.7145288586616516),
            ["RightUpperLeg"] = CFrame.new(-5.960464477539063e-08, 4.842877388000488e-07, -7.620110409334302e-08, 0.9662221074104309, -0.2091081291437149, 0.15062768757343292, -0.1471116840839386, -0.9274340271949768, -0.34383732080459595, 0.21159641444683075, 0.31006428599357605, -0.9268695712089539),
            ["LeftLowerLeg"] = CFrame.new(2.60770320892334e-08, 0.00006085634231567383, 0.00007268786430358887, 1, 1.1175872316471214e-07, 9.685754776000977e-08, -7.450581307466564e-08, -0.25962990522384644, 0.9657081961631775, 1.4528633585086936e-07, -0.9657082557678223, -0.2596298158168793),
        }},
        {Time = 0.100, Data = {
            ["LeftFoot"] = CFrame.new(-2.3283064365386963e-08, 5.364418029785156e-07, 4.0978193283081055e-08, 0.9997482895851135, 0.020571919158101082, -0.008962505497038364, 0.005970706231892109, 0.14113284647464752, 0.9899726510047913, 0.02163046784698963, -0.9897769689559937, 0.1409744769334793),
            ["LeftLowerArm"] = CFrame.new(1.4901161193847656e-07, 2.384185791015625e-07, 8.940696716308594e-08, 1, -1.30385160446167e-07, 1.2665985593685036e-07, 1.6205012798309326e-07, -0.11997706443071365, -0.9927766919136047, 8.940696716308594e-08, 0.9927766919136047, -0.11997704207897186),
            ["LowerTorso"] = CFrame.new(0.344742089509964, 6.460268974304199, 0.7760432362556458, 0.9736058115959167, -0.16264696419239044, 0.16011767089366913, -0.03703685849905014, 0.5796569585800171, 0.8140184879302979, -0.22521094977855682, -0.7984633445739746, 0.5583334565162659),
            ["Head"] = CFrame.new(-1.341104507446289e-07, 1.1920928955078125e-07, -3.287568688392639e-07, 0.9817391037940979, 0.02002439834177494, 0.18917571008205414, -0.0905110090970993, 0.923840343952179, 0.37192338705062866, -0.1673206090927124, -0.3822540044784546, 0.9087824821472168),
            ["RightFoot"] = CFrame.new(-3.632158041000366e-08, 8.344650268554688e-07, -7.694397936575115e-07, 0.9573067426681519, -0.22532439231872559, -0.18108795583248138, 0.27989059686660767, 0.5658391714096069, 0.7755559682846069, -0.07228495925664902, -0.7931298613548279, 0.6047479510307312),
            ["UpperTorso"] = CFrame.new(-1.4901161193847656e-08, 5.960464477539063e-08, 7.040798664093018e-07, 0.9833931922912598, 0.143535777926445, -0.11106529831886292, -0.030975326895713806, 0.7357313632965088, 0.6765648126602173, 0.1788255125284195, -0.661888837814331, 0.7279592752456665),
            ["HumanoidRootPart"] = CFrame.new(0, 0, 0, 1, 0, 0, 0, 1, 0, 0, 0, 1),
            ["LeftUpperLeg"] = CFrame.new(5.960464477539063e-08, -1.6763806343078613e-07, 5.401670932769775e-07, 0.9684414267539978, -0.04935789108276367, -0.24430517852306366, -0.08250680565834045, -0.9884178638458252, -0.12736845016479492, -0.23518900573253632, 0.14350572228431702, -0.9612972140312195),
            ["LeftUpperArm"] = CFrame.new(-2.384185791015625e-07, 1.1920928955078125e-07, -0.0000012069940567016602, 0.3018725514411926, 0.20363520085811615, -0.9313461780548096, -0.923041045665741, 0.3067970871925354, -0.23210076987743378, 0.23847052454948425, 0.9297356009483337, 0.28057724237442017),
            ["RightLowerArm"] = CFrame.new(-1.7881393432617188e-07, -2.384185791015625e-07, -2.384185791015625e-07, 1, -9.685754776000977e-08, 4.470348358154297e-08, 1.1175869474300271e-07, 0.2119048535823822, -0.9772903919219971, 2.2351738238057806e-08, 0.9772902727127075, 0.2119048535823822),
            ["LeftHand"] = CFrame.new(1.9371509552001953e-07, -5.960464477539063e-08, 1.0617077350616455e-07, 0.963473379611969, -0.028602667152881622, -0.26627224683761597, 0.10992513597011566, 0.9488974809646606, 0.29582107067108154, 0.24420396983623505, -0.3142857551574707, 0.9173817038536072),
            ["RightHand"] = CFrame.new(-2.384185791015625e-07, 5.960464477539063e-08, -5.960464477539063e-08, 0.88160240650177, 0.4283759295940399, 0.19816970825195312, -0.4706535339355469, 0.8294685482978821, 0.300777405500412, -0.03552984818816185, -0.35843542218208313, 0.9328781962394714),
            ["RightUpperArm"] = CFrame.new(0, 1.1920928955078125e-07, -1.9371509552001953e-07, 0.737614631652832, -0.183663472533226, 0.649763286113739, 0.6605860590934753, 0.3955567479133606, -0.6380918622016907, -0.13982413709163666, 0.8998903632164001, 0.4130939245223999),
            ["RightLowerLeg"] = CFrame.new(6.332993507385254e-08, -0.00006031990051269531, -0.00007147172436816618, 1, -1.0523945093154907e-07, -2.5704511585900036e-07, 1.0686927964798087e-07, -0.7128816246986389, 0.7012843489646912, -2.593733654521202e-07, -0.7012843489646912, -0.7128817439079285),
            ["RightUpperLeg"] = CFrame.new(-5.960464477539063e-08, -1.6391277313232422e-07, 7.135604391805828e-07, 0.9663286805152893, -0.20907336473464966, 0.14999151229858398, -0.1482391059398651, -0.9288057088851929, -0.33962497115135193, 0.21031954884529114, 0.30595478415489197, -0.9285243153572083),
            ["LeftLowerLeg"] = CFrame.new(1.5273690223693848e-07, 0.00006085634231567383, 0.00007118284702301025, 1, 8.568167686462402e-08, 1.043081283569336e-07, -9.685754776000977e-08, -0.24718989431858063, 0.9689671397209167, 8.940696716308594e-08, -0.9689671397209167, -0.24718990921974182),
        }},
        {Time = 0.133, Data = {
            ["LeftFoot"] = CFrame.new(4.470348358154297e-08, -2.384185791015625e-07, 2.4586915969848633e-07, 0.9986444115638733, 0.015571944415569305, -0.04966801404953003, 0.047193996608257294, 0.13164189457893372, 0.99017333984375, 0.02195732481777668, -0.9911750555038452, 0.13072863221168518),
            ["LeftLowerArm"] = CFrame.new(1.1920928955078125e-07, -1.7881393432617188e-07, 1.7700949683785439e-07, 1, -4.4703490686970326e-08, 1.0803341865539551e-07, 9.220093488693237e-08, -0.0877542570233345, -0.9961422085762024, 1.1920928955078125e-07, 0.9961422085762024, -0.0877542644739151),
            ["LowerTorso"] = CFrame.new(0.36263716220855713, 6.155261993408203, 0.8794199228286743, 0.9742600321769714, -0.19570928812026978, 0.11187158524990082, -0.1054019182920456, 0.04319941997528076, 0.9934909343719482, -0.1992681920528412, -0.9797099828720093, 0.02145933173596859),
            ["Head"] = CFrame.new(-9.685754776000977e-08, 4.76837158203125e-07, 2.60770320892334e-08, 0.9813678860664368, 0.019095977768301964, 0.19118720293045044, -0.09018928557634354, 0.9243978261947632, 0.37061405181884766, -0.1696557253599167, -0.3809516131877899, 0.9088965058326721),
            ["RightFoot"] = CFrame.new(-1.862645149230957e-08, 2.384185791015625e-07, 1.4325632946565747e-07, 0.9570485949516296, -0.22612044215202332, -0.18146008253097534, 0.2806430160999298, 0.5653926730155945, 0.7756097316741943, -0.07278499007225037, -0.7932217121124268, 0.6045674681663513),
            ["UpperTorso"] = CFrame.new(-9.685754776000977e-08, 0, 0.0000016512349247932434, 0.9827513098716736, 0.1453275978565216, -0.1143665760755539, -0.029243459925055504, 0.7327669262886047, 0.6798510551452637, 0.18260517716407776, -0.6647800803184509, 0.7243775725364685),
            ["HumanoidRootPart"] = CFrame.new(0, 0, 0, 1, 0, 0, 0, 1, 0, 0, 0, 1),
            ["LeftUpperLeg"] = CFrame.new(2.9802322387695312e-08, 7.450580596923828e-08, 0.0000016093254089355469, 0.9692773818969727, -0.05499720573425293, -0.23974299430847168, -0.08659397810697556, -0.9885821342468262, -0.12331685423851013, -0.23022353649139404, 0.14028853178024292, -0.9629727005958557),
            ["LeftUpperArm"] = CFrame.new(0, 2.384185791015625e-07, 7.450580596923828e-08, 0.2986758053302765, 0.2100144624710083, -0.9309601187705994, -0.9200366735458374, 0.3226035237312317, -0.2223954200744629, 0.2536245882511139, 0.9229414463043213, 0.2895747125148773),
            ["RightLowerArm"] = CFrame.new(-8.344650268554688e-07, 2.384185791015625e-07, 2.7939677238464355e-07, 1, -1.2479723920932884e-07, 6.705523247774181e-08, 5.960463766996327e-08, 0.2113635390996933, -0.9774075746536255, 5.960463766996327e-08, 0.9774075150489807, 0.2113635540008545),
            ["LeftHand"] = CFrame.new(4.3958425521850586e-07, -2.384185791015625e-07, -3.3993273973464966e-07, 0.9642712473869324, -0.021674854680895805, -0.26402878761291504, 0.10601550340652466, 0.9449344873428345, 0.3096119463443756, 0.24277901649475098, -0.32654112577438354, 0.9134710431098938),
            ["RightHand"] = CFrame.new(1.7881393432617188e-07, -2.384185791015625e-07, -1.1920928955078125e-07, 0.8816021680831909, 0.42837610840797424, 0.19817125797271729, -0.4706737995147705, 0.8292698264122009, 0.3012937009334564, -0.03527038171887398, -0.35889509320259094, 0.9327112436294556),
            ["RightUpperArm"] = CFrame.new(-2.384185791015625e-07, 3.5762786865234375e-07, 1.1920928955078125e-07, 0.7362245321273804, -0.18050621449947357, 0.6522201299667358, 0.6621526479721069, 0.39115145802497864, -0.6391826868057251, -0.13974028825759888, 0.9024511575698853, 0.40749791264533997),
            ["RightLowerLeg"] = CFrame.new(3.259629011154175e-08, -0.00006079673767089844, -0.00007119395741028711, 1, -1.0430811414607888e-07, -2.5145712356788863e-07, 1.0710208186992531e-07, -0.7120435237884521, 0.7021351456642151, -2.4773177642600785e-07, -0.7021353840827942, -0.7120436429977417),
            ["RightUpperLeg"] = CFrame.new(-5.960464477539063e-08, 0, 0.0000016243939171545208, 0.9663800597190857, -0.2090776264667511, 0.14965417981147766, -0.14875686168670654, -0.9293795824050903, -0.3378240466117859, 0.2097170054912567, 0.30420443415641785, -0.9292354583740234),
            ["LeftLowerLeg"] = CFrame.new(-7.82310962677002e-08, 0.000060677528381347656, 0.00007133558392524719, 1, 1.1175870895385742e-07, 1.0430814256778831e-07, -6.70552182668871e-08, -0.23470115661621094, 0.972067654132843, 8.381902460996571e-08, -0.9720675945281982, -0.23470117151737213),
        }},
        {Time = 0.167, Data = {
            ["LeftFoot"] = CFrame.new(1.0244548320770264e-07, -4.76837158203125e-07, -2.8312206268310547e-07, 0.9970827698707581, 0.012023545801639557, -0.07537495344877243, 0.07329529523849487, 0.12476760894060135, 0.9894750714302063, 0.021301288157701492, -0.9921131134033203, 0.1235223263502121),
            ["LeftLowerArm"] = CFrame.new(2.980232238769531e-07, -5.960464477539063e-08, 3.7439167499542236e-07, 1, -7.10133534198576e-08, 9.220092067607766e-08, 8.707866072654724e-08, -0.05874679982662201, -0.9982729554176331, 1.1391239240765572e-07, 0.9982730150222778, -0.05874677747488022),
            ["LowerTorso"] = CFrame.new(0.2940274477005005, 5.793297290802002, 0.6291850805282593, 0.9796669483184814, -0.19831620156764984, 0.03039068914949894, -0.12640082836151123, -0.4924502968788147, 0.8611129522323608, -0.1558067500591278, -0.8474451899528503, -0.5075045824050903),
            ["Head"] = CFrame.new(0, 3.5762786865234375e-07, -2.60770320892334e-07, 0.9812191128730774, 0.01977076195180416, 0.1918809711933136, -0.09026683121919632, 0.9261605143547058, 0.36616793274879456, -0.1704730987548828, -0.37661126255989075, 0.9105508923530579),
            ["RightFoot"] = CFrame.new(-4.470348358154297e-08, 3.5762786865234375e-07, 4.189278115518391e-07, 0.9563858509063721, -0.21695317327976227, -0.19559530913829803, 0.28295567631721497, 0.521786093711853, 0.8047826886177063, -0.07254122942686081, -0.8250276446342468, 0.5604171752929688),
            ["UpperTorso"] = CFrame.new(-1.30385160446167e-07, -4.470348358154297e-07, 6.468035280704498e-07, 0.9834395051002502, 0.14484350383281708, -0.10893671214580536, -0.03292492777109146, 0.7338548898696899, 0.678507924079895, 0.1782211810350418, -0.6636846661567688, 0.7264708280563354),
            ["HumanoidRootPart"] = CFrame.new(0, 0, 0, 1, 0, 0, 0, 1, 0, 0, 0, 1),
            ["LeftUpperLeg"] = CFrame.new(0, -1.0058283805847168e-07, 7.031485438346863e-08, 0.9728085994720459, -0.0602189376950264, -0.22364524006843567, -0.08399320393800735, -0.9916006922721863, -0.09835302829742432, -0.2158440351486206, 0.11446326971054077, -0.9696956276893616),
            ["LeftUpperArm"] = CFrame.new(0, -1.1920928955078125e-07, -1.7136335372924805e-07, 0.30813509225845337, 0.22126063704490662, -0.9252548813819885, -0.9105945229530334, 0.35018986463546753, -0.21951033174991608, 0.2754459083080292, 0.9101707339286804, 0.3093844950199127),
            ["RightLowerArm"] = CFrame.new(2.384185791015625e-07, -1.1920928955078125e-07, -5.960464477539062e-07, 1, -5.960464477539063e-08, 8.940695295223122e-08, 1.1920926112907182e-07, 0.20826222002506256, -0.9780730605125427, 5.215404996761208e-08, 0.9780731201171875, 0.20826217532157898),
            ["LeftHand"] = CFrame.new(-4.0605664253234863e-07, 0, 3.259629011154175e-08, 0.9641022682189941, -0.02944134548306465, -0.26389414072036743, 0.11543837189674377, 0.9414738416671753, 0.3167034685611725, 0.2391253113746643, -0.33579808473587036, 0.9110755920410156),
            ["RightHand"] = CFrame.new(-1.1920928955078125e-07, 2.384185791015625e-07, 1.1920928955078125e-07, 0.8765639662742615, 0.4326852560043335, 0.21075889468193054, -0.4795517921447754, 0.8223457336425781, 0.30623123049736023, -0.04081512987613678, -0.3695009648799896, 0.9283336400985718),
            ["RightUpperArm"] = CFrame.new(0, 0, -2.384185791015625e-07, 0.7436095476150513, -0.1790478676557541, 0.6441945433616638, 0.6538755893707275, 0.3959234952926636, -0.6447414755821228, -0.13961222767829895, 0.9006590247154236, 0.4114874601364136),
            ["RightLowerLeg"] = CFrame.new(1.5366822481155396e-08, -0.00006002187728881836, -0.0000713227127562277, 1, -1.0489017654435884e-07, -2.6752246640171506e-07, 1.0454095900058746e-07, -0.7170059084892273, 0.6970669627189636, -2.4586915969848633e-07, -0.6970670223236084, -0.7170060276985168),
            ["RightUpperLeg"] = CFrame.new(-1.1920928955078125e-07, -1.341104507446289e-07, 4.639659891836345e-07, 0.9697858691215515, -0.19636891782283783, 0.14475716650485992, -0.15617062151432037, -0.9555649161338806, -0.2500128448009491, 0.18741963803768158, 0.2198522388935089, -0.9573603868484497),
            ["LeftLowerLeg"] = CFrame.new(-4.353933036327362e-08, 0.000060558319091796875, 0.00007187575101852417, 1, 5.774199962615967e-08, 9.313225746154785e-08, -7.450579886381092e-08, -0.23261962831020355, 0.9725678563117981, 9.685753354915505e-08, -0.9725678563117981, -0.23261965811252594),
        }},
        {Time = 0.200, Data = {
            ["LeftFoot"] = CFrame.new(-2.9802322387695312e-08, 0, 2.905726432800293e-07, 0.9958122968673706, 0.00926151778548956, -0.09095146507024765, 0.0891745537519455, 0.12082291394472122, 0.9886605739593506, 0.02014552615582943, -0.9926309585571289, 0.11949103325605392),
            ["LeftLowerArm"] = CFrame.new(0, 1.7881393432617188e-07, 1.043081283569336e-07, 1, -9.313223614526578e-08, 1.0163059016576881e-07, 9.220094909778709e-08, -0.031666889786720276, -0.9994985461235046, 7.450581307466564e-08, 0.9994985461235046, -0.031666919589042664),
            ["LowerTorso"] = CFrame.new(0.14999356865882874, 5.298519611358643, 0.11216926574707031, 0.9862313270568848, -0.15503334999084473, -0.057555194944143295, -0.10930176079273224, -0.8722689747810364, 0.4766550362110138, -0.12410105019807816, -0.46380120515823364, -0.8772042989730835),
            ["Head"] = CFrame.new(2.2351741790771484e-08, -1.1920928955078125e-07, 7.450580596923828e-08, 0.9813008308410645, 0.021457867696881294, 0.1912810057401657, -0.0904422178864479, 0.9286325573921204, 0.35980817675590515, -0.16990910470485687, -0.37037980556488037, 0.9132084846496582),
            ["RightFoot"] = CFrame.new(3.725290298461914e-08, 4.172325134277344e-07, -0.0000010264848242513835, 0.9554761648178101, -0.20002970099449158, -0.2169182002544403, 0.28580522537231445, 0.4446374773979187, 0.8488890528678894, -0.07335298508405685, -0.8730897307395935, 0.4820101857185364),
            ["UpperTorso"] = CFrame.new(-6.984919309616089e-08, -4.470348358154297e-07, 3.9674341678619385e-07, 0.9849608540534973, 0.14280740916728973, -0.09725391119718552, -0.04041967913508415, 0.7377155423164368, 0.6739005446434021, 0.16798363626003265, -0.6598346829414368, 0.7323931455612183),
            ["HumanoidRootPart"] = CFrame.new(0, 0, 0, 1, 0, 0, 0, 1, 0, 0, 0, 1),
            ["LeftUpperLeg"] = CFrame.new(2.9802322387695312e-08, -3.725290298461914e-08, 2.7194619178771973e-07, 0.9776896834373474, -0.06373302638530731, -0.20015265047550201, -0.0773923471570015, -0.9951224327087402, -0.06117108464241028, -0.19527773559093475, 0.07529662549495697, -0.9778533577919006),
            ["LeftUpperArm"] = CFrame.new(0, 0, 1.1920928955078125e-07, 0.3262879252433777, 0.2361849844455719, -0.9152884483337402, -0.8961460590362549, 0.3853738009929657, -0.22002030909061432, 0.3007630407810211, 0.8920221924781799, 0.3373991847038269),
            ["RightLowerArm"] = CFrame.new(-2.9802322387695312e-08, -5.960464477539062e-07, 6.258487701416016e-07, 1, -7.450577754752885e-08, 8.568166975919667e-08, 8.940695295223122e-08, 0.20349237322807312, -0.9790765643119812, 5.5879347371501353e-08, 0.9790765047073364, 0.20349249243736267),
            ["LeftHand"] = CFrame.new(-4.414469003677368e-07, 5.960464477539063e-08, 5.180481821298599e-08, 0.9631940126419067, -0.047390080988407135, -0.2645968794822693, 0.13360117375850677, 0.9385480880737305, 0.3182424306869507, 0.23325562477111816, -0.34187960624694824, 0.91033536195755),
            ["RightHand"] = CFrame.new(-1.2665987014770508e-07, -1.1920928955078125e-07, -2.384185791015625e-07, 0.8678483963012695, 0.4394780695438385, 0.23172889649868011, -0.4943101406097412, 0.8106849193572998, 0.3137633204460144, -0.049967244267463684, -0.3868449330329895, 0.9207901358604431),
            ["RightUpperArm"] = CFrame.new(-5.960464477539063e-08, -1.1920928955078125e-07, 1.6391277313232422e-07, 0.7567808032035828, -0.17890067398548126, 0.6287109851837158, 0.6386919617652893, 0.4070848226547241, -0.652958333492279, -0.13912414014339447, 0.8956989645957947, 0.42233631014823914),
            ["RightLowerLeg"] = CFrame.new(1.2293457984924316e-07, -0.00006031990051269531, -0.00007231363997561857, 1, -9.685753354915505e-08, -2.6077037773575285e-07, 1.1362135410308838e-07, -0.7228392362594604, 0.6910162568092346, -2.7567148208618164e-07, -0.6910163164138794, -0.72283935546875),
            ["RightUpperLeg"] = CFrame.new(-8.940696716308594e-08, -4.041939973831177e-07, 3.0750379664823413e-07, 0.9747717380523682, -0.17708130180835724, 0.13587668538093567, -0.16383342444896698, -0.9810701608657837, -0.10324759781360626, 0.15158775448799133, 0.07838185876607895, -0.9853311777114868),
            ["LeftLowerLeg"] = CFrame.new(-9.778887033462524e-08, 0.00006097555160522461, 0.00007223337888717651, 1, 8.195637946073475e-08, 9.406358003616333e-08, -8.940696716308594e-08, -0.23735791444778442, 0.9714223146438599, 1.043081283569336e-07, -0.9714222550392151, -0.237357959151268),
        }},
        {Time = 0.233, Data = {
            ["LeftFoot"] = CFrame.new(2.9802322387695312e-08, -4.172325134277344e-07, 6.05359673500061e-07, 0.994310736656189, 0.005251247435808182, -0.10638923943042755, 0.10442903637886047, 0.14881326258182526, 0.9833357930183411, 0.02099587582051754, -0.9888513684272766, 0.14741824567317963),
            ["LeftLowerArm"] = CFrame.new(3.8743019104003906e-07, -2.980232238769531e-07, -2.9802322387695312e-08, 1, -8.754436464641913e-08, 1.3038521728958585e-07, 9.126964783945368e-08, -0.010627050884068012, -0.9999435544013977, 1.0430816388407038e-07, 0.9999435544013977, -0.010627065785229206),
            ["LowerTorso"] = CFrame.new(-0.005781449377536774, 4.623340606689453, -0.4610905051231384, 0.9902521967887878, -0.08870751410722733, -0.10738544166088104, -0.0934721902012825, -0.9948111772537231, -0.0401713065803051, -0.10326473414897919, 0.0498172752559185, -0.9934055805206299),
            ["Head"] = CFrame.new(-5.960464477539063e-08, 0, -1.5273690223693848e-07, 0.9822729229927063, 0.02401738055050373, 0.18591190874576569, -0.09114588797092438, 0.9278243780136108, 0.3617105484008789, -0.16380614042282104, -0.3722434639930725, 0.9135657548904419),
            ["RightFoot"] = CFrame.new(1.1175870895385742e-08, 5.960464477539063e-08, -5.75528247281909e-09, 0.9558792114257812, -0.19435815513134003, -0.22027288377285004, 0.2847709655761719, 0.4289992153644562, 0.8572426438331604, -0.0721152126789093, -0.8821477293968201, 0.465419203042984),
            ["UpperTorso"] = CFrame.new(1.862645149230957e-08, 1.1920928955078125e-07, 4.423782229423523e-08, 0.9866475462913513, 0.1381005495786667, -0.08634205907583237, -0.0464346744120121, 0.7466414570808411, 0.6636040806770325, 0.15611068904399872, -0.650734007358551, 0.7430846691131592),
            ["HumanoidRootPart"] = CFrame.new(0, 0, 0, 1, 0, 0, 0, 1, 0, 0, 0, 1),
            ["LeftUpperLeg"] = CFrame.new(5.960464477539063e-08, 2.3655593395233154e-07, -1.1175870895385742e-08, 0.9790210723876953, -0.05127691850066185, -0.19720172882080078, -0.07498302310705185, -0.9905676245689392, -0.11468811333179474, -0.18946081399917603, 0.1270688772201538, -0.9736313819885254),
            ["LeftUpperArm"] = CFrame.new(-1.1920928955078125e-07, 1.1920928955078125e-07, 1.043081283569336e-07, 0.34336572885513306, 0.2763533890247345, -0.8976240754127502, -0.8893426656723022, 0.40292689204216003, -0.216147780418396, 0.3019433915615082, 0.872512936592102, 0.38412392139434814),
            ["RightLowerArm"] = CFrame.new(-1.1920928955078125e-07, -1.1920928955078125e-07, 5.960464477539063e-08, 1, -6.89179060486822e-08, 1.3038520307873114e-07, 1.1920931797249068e-07, 0.20387588441371918, -0.978996753692627, 4.4703494239684005e-08, 0.978996753692627, 0.2038758546113968),
            ["LeftHand"] = CFrame.new(0, 5.960464477539063e-08, -3.241002559661865e-07, 0.9680627584457397, -0.060558468103408813, -0.2432844340801239, 0.1370646208524704, 0.9403676986694336, 0.3113228976726532, 0.20992320775985718, -0.3347257673740387, 0.9186352491378784),
            ["RightHand"] = CFrame.new(8.940696716308594e-08, -5.960464477539063e-08, 1.6391277313232422e-07, 0.8660621047019958, 0.44076669216156006, 0.23592683672904968, -0.497178852558136, 0.8088464140892029, 0.3139757215976715, -0.052438437938690186, -0.3892202079296112, 0.9196509718894958),
            ["RightUpperArm"] = CFrame.new(0, -2.384185791015625e-07, -7.450580596923828e-08, 0.7629383206367493, -0.18662609159946442, 0.6189476847648621, 0.6314684748649597, 0.42020517587661743, -0.6516709923744202, -0.13846582174301147, 0.8880305886268616, 0.4384390115737915),
            ["RightLowerLeg"] = CFrame.new(-1.2665987014770508e-07, -0.0000603795051574707, -0.00007209012255771086, 1, -1.0803339023368608e-07, -2.756715389296005e-07, 1.0617077350616455e-07, -0.72508704662323, 0.6886571645736694, -2.705492079257965e-07, -0.6886572241783142, -0.7250872254371643),
            ["RightUpperLeg"] = CFrame.new(0, 3.129243850708008e-07, 3.55576048605144e-08, 0.9756072163581848, -0.17349207401275635, 0.1345033347606659, -0.16422191262245178, -0.983391523361206, -0.07728088647127151, 0.14567705988883972, 0.05330752208828926, -0.9878950119018555),
            ["LeftLowerLeg"] = CFrame.new(-3.5390257835388184e-08, 0.0000603795051574707, 0.00007197260856628418, 1, 9.033830394855613e-08, 1.0896474123001099e-07, -8.940696716308594e-08, -0.22385641932487488, 0.9746221899986267, 1.1385418474674225e-07, -0.9746221899986267, -0.2238563895225525),
        }},
        {Time = 0.267, Data = {
            ["LeftFoot"] = CFrame.new(-6.51925802230835e-08, 3.5762786865234375e-07, -1.341104507446289e-07, 0.9910812973976135, 0.0032876445911824703, -0.13321828842163086, 0.12858396768569946, 0.2388753741979599, 0.96249920129776, 0.03498692065477371, -0.971044659614563, 0.23632217943668365),
            ["LeftLowerArm"] = CFrame.new(-2.9802322387695312e-08, -6.556510925292969e-07, -4.470348358154297e-08, 1, -7.497148857282809e-08, 8.568168397005138e-08, 8.381902460996571e-08, 0.0009773133788257837, -0.9999995827674866, 8.754431490842762e-08, 0.9999995827674866, 0.0009772988269105554),
            ["LowerTorso"] = CFrame.new(-0.09626013785600662, 3.7654547691345215, -0.8658881187438965, 0.9935130476951599, -0.0447789803147316, -0.10453163832426071, -0.09463592618703842, -0.8352570533752441, -0.5416545867919922, -0.06305605918169022, 0.5480332970619202, -0.8340764045715332),
            ["Head"] = CFrame.new(8.940696716308594e-08, 3.5762786865234375e-07, 7.115304470062256e-07, 0.984660804271698, 0.027027927339076996, 0.17237384617328644, -0.09220772236585617, 0.919310986995697, 0.3825770318508148, -0.1481247991323471, -0.3926026523113251, 0.9077015519142151),
            ["RightFoot"] = CFrame.new(8.940696716308594e-08, 1.7881393432617188e-07, -8.77116690389812e-08, 0.9593472480773926, -0.2184290736913681, -0.17872245609760284, 0.27394965291023254, 0.5684475898742676, 0.7757697105407715, -0.06785628944635391, -0.7931936383247375, 0.6051774024963379),
            ["UpperTorso"] = CFrame.new(1.862645149230957e-08, -2.384185791015625e-07, 1.601874828338623e-07, 0.9880185127258301, 0.12987808883190155, -0.08337414264678955, -0.045776259154081345, 0.7625117897987366, 0.645352840423584, 0.1473909169435501, -0.6338039636611938, 0.7593210935592651),
            ["HumanoidRootPart"] = CFrame.new(0, 0, 0, 1, 0, 0, 0, 1, 0, 0, 0, 1),
            ["LeftUpperLeg"] = CFrame.new(2.9802322387695312e-08, -2.0489096641540527e-07, -1.1175870895385742e-08, 0.9716697335243225, 0.002956005744636059, -0.2363245189189911, -0.08347687125205994, -0.9311814308166504, -0.35487017035484314, -0.22110995650291443, 0.3645442724227905, -0.9045540690422058),
            ["LeftUpperArm"] = CFrame.new(-1.1920928955078125e-07, 2.384185791015625e-07, 6.109476089477539e-07, 0.34571629762649536, 0.36240383982658386, -0.8655310273170471, -0.9037644863128662, 0.3766863942146301, -0.20326656103134155, 0.2523687779903412, 0.8525086045265198, 0.45775413513183594),
            ["RightLowerArm"] = CFrame.new(-1.7881393432617188e-07, -4.76837158203125e-07, 0, 1, -1.0430815677864302e-07, 7.4505820180093e-08, 1.1920930376163597e-07, 0.2162131816148758, -0.9763462543487549, 1.1175872316471214e-07, 0.9763461947441101, 0.21621312201023102),
            ["LeftHand"] = CFrame.new(-1.1175870895385742e-08, 1.7881393432617188e-07, -8.605420589447021e-07, 0.9828596711158752, -0.051589351147413254, -0.17699067294597626, 0.10231161117553711, 0.9512747526168823, 0.29087603092193604, 0.15336036682128906, -0.30399835109710693, 0.9402475953102112),
            ["RightHand"] = CFrame.new(-2.980232238769531e-07, 0, -4.172325134277344e-07, 0.881597638130188, 0.42838314175605774, 0.19817620515823364, -0.47050127387046814, 0.8310369849205017, 0.29665863513946533, -0.03760792315006256, -0.35477548837661743, 0.934194803237915),
