return {
    ["Kawaii!"] = {
        {Time = 0.000, Data = {
            ["LeftFoot"] = CFrame.new(-1.6298145055770874e-08, 0, -5.960464477539063e-08, 0.9927553534507751, -0.0002527646429371089, -0.12015382200479507, -0.05617755278944969, 0.8829896450042725, -0.4660184383392334, 0.10621233284473419, 0.4693923592567444, 0.8765786290168762),
            ["LeftLowerArm"] = CFrame.new(1.1920928955078125e-07, -2.384185791015625e-07, -2.3096799850463867e-07, 1, -1.3015232980251312e-07, 2.980232594040899e-08, 1.3690441846847534e-07, 0.4836575388908386, -0.8752576112747192, 2.9802322387695312e-08, 0.8752574324607849, 0.48365718126296997),
            ["LowerTorso"] = CFrame.new(-0.34350109100341797, -0.13570404052734375, -0.3278985023498535, 0.6190928816795349, 0.3230668604373932, -0.7157875299453735, -0.04901481419801712, 0.925581157207489, 0.3753626048564911, 0.7837867140769958, -0.19730009138584137, 0.5888557434082031),
            ["Head"] = CFrame.new(-1.1920928955078125e-07, -1.1920928955078125e-07, -2.086162567138672e-07, 0.6855769753456116, -0.1221315786242485, 0.7176822423934937, 0.5096091032028198, 0.7845211029052734, -0.3533061444759369, -0.5198872089385986, 0.6079561114311218, 0.6000892519950867),
            ["RightUpperArm"] = CFrame.new(-1.1920928955078125e-07, 0, -1.4528632164001465e-07, 0.730411171913147, -0.3307563364505768, 0.5975780487060547, 0.5292877554893494, -0.27887997031211853, -0.8012993335723877, 0.4316874146461487, 0.9015688300132751, -0.02863239496946335),
            ["UpperTorso"] = CFrame.new(1.564621925354004e-07, 2.980232238769531e-07, 1.1920928955078125e-07, 0.9991616010665894, 0.002580457367002964, -0.04085928201675415, -0.001022621989250183, 0.9992731809616089, 0.038105692714452744, 0.04092811793088913, -0.03803214430809021, 0.9984381198883057),
            ["HumanoidRootPart"] = CFrame.new(0, 0, 0, 1, 0, 0, 0, 1, 0, 0, 0, 1),
            ["RightHand"] = CFrame.new(5.662441253662109e-07, 0, -1.891603460535407e-07, 0.4508090317249298, -0.37441226840019226, -0.8103000521659851, 0.26023373007774353, 0.9234702587127686, -0.2819236218929291, 0.8538440465927124, -0.08377411961555481, 0.5137439370155334),
            ["LeftUpperArm"] = CFrame.new(1.7881393432617188e-07, -1.1920928955078125e-07, 1.4901161193847656e-07, 0.7318242788314819, 0.24360774457454681, -0.6364654898643494, -0.5329034924507141, -0.3775772154331207, -0.757264256477356, -0.4247909188270569, 0.8933593034744263, -0.1465008407831192),
            ["RightLowerArm"] = CFrame.new(2.384185791015625e-07, -1.7881393432617188e-07, 7.450580596923828e-08, 1, -7.450577754752885e-08, 7.124619116893882e-08, 1.4901161193847656e-07, 0.4088050425052643, -0.912621796131134, 6.146728992462158e-08, 0.912621796131134, 0.4088050127029419),
            ["LeftHand"] = CFrame.new(-8.046627044677734e-07, -2.384185791015625e-07, -7.003545761108398e-07, 0.4539225697517395, 0.2793358862400055, 0.8461238145828247, -0.002108105458319187, 0.9499243497848511, -0.31247326731681824, -0.891038715839386, 0.1400545835494995, 0.4317813515663147),
            ["RightUpperLeg"] = CFrame.new(2.384185791015625e-07, 2.8032809495925903e-07, 5.75528247281909e-09, 0.9768093824386597, 0.15939097106456757, 0.14296109974384308, 0.09455274045467377, 0.2779417932033539, -0.9559332728385925, -0.1921018809080124, 0.9472818970680237, 0.2564248740673065),
            ["LeftUpperLeg"] = CFrame.new(1.4901161193847656e-07, 2.682209014892578e-07, 5.960464477539063e-08, 0.9207109212875366, 0.07374254614114761, 0.3832147717475891, 0.19935837388038635, 0.7553005218505859, -0.6243219971656799, -0.3354811668395996, 0.6512166857719421, 0.6807118058204651),
            ["RightLowerLeg"] = CFrame.new(1.2665987014770508e-07, -0.00012248754501342773, -0.00007752904639346525, 1, -1.7136335372924805e-07, -9.778889697997784e-09, 1.713634105726669e-07, 0.42968082427978516, 0.902980625629425, -6.146731124090365e-08, -0.9029808640480042, 0.4296814501285553),
            ["RightFoot"] = CFrame.new(-1.3969838619232178e-08, 4.172325134277344e-07, 1.6952981241047382e-09, 0.9547262191772461, 0.27849724888801575, 0.10458175837993622, -0.2806442081928253, 0.9597923159599304, 0.006111921276897192, -0.09867493808269501, -0.03518480807542801, 0.994497537612915),
            ["LeftLowerLeg"] = CFrame.new(-8.381903171539307e-09, 0.0001226663589477539, 0.00007724761962890625, 1, 2.8870992707652476e-08, -9.313223969797946e-09, -4.842877388000488e-08, 0.7306507229804993, 0.6827515959739685, 5.075708031654358e-08, -0.6827515363693237, 0.7306505441665649),
        }},
        {Time = 0.053, Data = {
            ["LeftFoot"] = CFrame.new(-8.195638656616211e-08, -5.960464477539063e-08, -3.3527612686157227e-08, 0.9970710277557373, 0.04195109382271767, -0.06394921243190765, -0.06473758816719055, 0.9081494808197021, -0.4136106073856354, 0.04072384163737297, 0.41653892397880554, 0.9082052707672119),
            ["LeftLowerArm"] = CFrame.new(2.682209014892578e-07, 0, 6.705522537231445e-08, 1, -8.940695295223122e-08, -2.980232949312267e-08, 1.1175870895385742e-07, 0.7017163038253784, -0.7124568223953247, 0, 0.7124565839767456, 0.7017160654067993),
            ["LowerTorso"] = CFrame.new(-0.38906624913215637, -0.12270426750183105, -0.3354707360267639, 0.6180210113525391, 0.3758619427680969, -0.6904910206794739, -0.04235733672976494, 0.8929507732391357, 0.4481571316719055, 0.7850196957588196, -0.2477232664823532, 0.5677828192710876),
            ["Head"] = CFrame.new(-2.086162567138672e-07, 3.5762786865234375e-07, -5.960464477539063e-08, 0.6770817041397095, -0.12051993608474731, 0.7259718179702759, 0.5532492995262146, 0.733860969543457, -0.394161581993103, -0.4852582812309265, 0.6685230135917664, 0.5635616779327393),
            ["RightUpperArm"] = CFrame.new(-1.1920928955078125e-07, 4.76837158203125e-07, -4.6566128730773926e-08, 0.6736112236976624, -0.32672640681266785, 0.6629459857940674, 0.5653291940689087, -0.35001182556152344, -0.7469236850738525, 0.4760785698890686, 0.8779189586639404, -0.05106469243764877),
            ["UpperTorso"] = CFrame.new(-1.4901161193847656e-08, 2.384185791015625e-07, 5.960464477539063e-08, 0.9992063641548157, 0.0018468021880835295, -0.03979088366031647, -0.001582989702001214, 0.999976634979248, 0.006661314982920885, 0.03980247303843498, -0.00659324461594224, 0.9991858601570129),
            ["HumanoidRootPart"] = CFrame.new(0, 0, 0, 1, 0, 0, 0, 1, 0, 0, 0, 1),
            ["RightHand"] = CFrame.new(3.2782554626464844e-07, -1.1920928955078125e-07, -4.544854164123535e-07, 0.34479913115501404, -0.268574595451355, -0.8994336724281311, 0.11217482388019562, 0.9631165862083435, -0.2445886731147766, 0.93194979429245, -0.016560371965169907, 0.3622092306613922),
            ["LeftUpperArm"] = CFrame.new(0, 4.76837158203125e-07, 8.940696716308594e-08, 0.6905478239059448, 0.19251832365989685, -0.6971942186355591, -0.5822939276695251, -0.42381027340888977, -0.693771481513977, -0.42904260754585266, 0.8850545883178711, -0.1805589646100998),
            ["RightLowerArm"] = CFrame.new(2.384185791015625e-07, 5.960464477539063e-08, -2.9802322387695312e-08, 1, -4.470347292340193e-08, -7.450581307466564e-08, 8.195638656616211e-08, 0.6424490213394165, -0.7663285732269287, -1.862645149230957e-08, 0.7663284540176392, 0.642448902130127),
            ["LeftHand"] = CFrame.new(1.1920928955078125e-07, 1.1920928955078125e-07, -4.246830940246582e-07, 0.3994712829589844, 0.25401973724365234, 0.8808498978614807, 0.052675362676382065, 0.9528968334197998, -0.29868534207344055, -0.9152311086654663, 0.1657153218984604, 0.36727452278137207),
            ["RightUpperLeg"] = CFrame.new(0, -1.1920928955078125e-07, -3.5222910810261965e-08, 0.9711254835128784, 0.21096570789813995, 0.11139440536499023, 0.03357569873332977, 0.3414211571216583, -0.9393107295036316, -0.23619472980499268, 0.9159285426139832, 0.32447919249534607),
            ["LeftUpperLeg"] = CFrame.new(-1.1920928955078125e-07, -1.4901161193847656e-08, 0, 0.9428161978721619, 0.03321780264377594, 0.3316535949707031, 0.2162875086069107, 0.6961134076118469, -0.6845773458480835, -0.2536085844039917, 0.7171630263328552, 0.6491222977638245),
            ["RightLowerLeg"] = CFrame.new(1.341104507446289e-07, -0.00012254714965820312, -0.00007773766265017912, 1, -2.095476077101921e-07, 8.475034718458119e-08, 1.6391278734317893e-07, 0.6230362057685852, 0.7821923494338989, 1.4901162970204496e-08, -0.782193124294281, 0.6230369806289673),
            ["RightFoot"] = CFrame.new(1.862645149230957e-08, 3.5762786865234375e-07, 9.145878721028566e-09, 0.9917095899581909, 0.11241895705461502, 0.06224149093031883, -0.11841654032468796, 0.987611711025238, 0.10296088457107544, -0.0498957559466362, -0.10947694629430771, 0.9927361607551575),
            ["LeftLowerLeg"] = CFrame.new(7.078051567077637e-08, 0.0001227259635925293, 0.00007736682891845703, 1, 1.1175868230850483e-08, 1.331791139591587e-07, -1.4901162970204496e-08, 0.7572423219680786, 0.6531343460083008, 7.916242594774303e-08, -0.6531340479850769, 0.7572421431541443),
        }},
        {Time = 0.105, Data = {
            ["LeftFoot"] = CFrame.new(2.514570951461792e-08, -1.1920928955078125e-07, -7.82310962677002e-08, 0.9953246712684631, 0.05850102752447128, -0.07685396075248718, -0.08497374504804611, 0.908650815486908, -0.40881919860839844, 0.045917022973299026, 0.4134385585784912, 0.9093735814094543),
            ["LeftLowerArm"] = CFrame.new(1.7881393432617188e-07, -1.1920928955078125e-07, -2.8870999813079834e-07, 1, -2.980230462412692e-08, -1.67638120274205e-07, 7.4505820180093e-08, 0.8940475583076477, -0.44797268509864807, 4.4703494239684005e-08, 0.4479721486568451, 0.894047200679779),
            ["LowerTorso"] = CFrame.new(-0.4180919826030731, -0.1318424940109253, -0.35197126865386963, 0.6294006705284119, 0.40456798672676086, -0.663460373878479, -0.04860031232237816, 0.8726078867912292, 0.4859974980354309, 0.7755597233772278, -0.2736428380012512, 0.5688819885253906),
            ["Head"] = CFrame.new(-1.1175870895385742e-07, 9.5367431640625e-07, 0, 0.6760018467903137, -0.13139231503009796, 0.7250911593437195, 0.5663163661956787, 0.7222140431404114, -0.3971053659915924, -0.4714948534965515, 0.6790750026702881, 0.5626279711723328),
            ["RightUpperArm"] = CFrame.new(-5.960464477539063e-08, -1.1920928955078125e-07, 1.7136335372924805e-07, 0.5926048159599304, -0.2889542579650879, 0.7518808245658875, 0.6524085402488708, -0.3752809762954712, -0.6584282517433167, 0.47242212295532227, 0.8807211518287659, -0.0338779054582119),
            ["UpperTorso"] = CFrame.new(5.960464477539063e-08, 8.940696716308594e-08, 4.470348358154297e-08, 0.9992576241493225, 0.0010058810003101826, -0.038514792919158936, -0.0016777499113231897, 0.9998470544815063, -0.017415102571249008, 0.03849158063530922, 0.01746661216020584, 0.9991062879562378),
            ["HumanoidRootPart"] = CFrame.new(0, 0, 0, 1, 0, 0, 0, 1, 0, 0, 0, 1),
            ["RightHand"] = CFrame.new(2.980232238769531e-07, 1.1920928955078125e-07, -5.066394805908203e-07, 0.24987028539180756, -0.19456863403320312, -0.9485291838645935, -0.0412813164293766, 0.9765717387199402, -0.21119599044322968, 0.967399001121521, 0.09192774444818497, 0.2359844595193863),
            ["LeftUpperArm"] = CFrame.new(1.7881393432617188e-07, 1.1920928955078125e-07, 0, 0.6096608638763428, 0.07433472573757172, -0.789168655872345, -0.690422773361206, -0.4392877519130707, -0.5747549533843994, -0.3893970549106598, 0.8952657580375671, -0.2164941430091858),
            ["RightLowerArm"] = CFrame.new(-3.8743019104003906e-07, -5.960464477539063e-08, 4.889443516731262e-08, 1, -1.341104365337742e-07, 0, 1.1175870895385742e-07, 0.8416479825973511, -0.5400266051292419, 0, 0.5400266051292419, 0.8416479229927063),
            ["LeftHand"] = CFrame.new(-0.0000010728836059570312, -2.980232238769531e-07, -7.972121238708496e-07, 0.309784471988678, 0.2735731303691864, 0.9105992913246155, 0.13311441242694855, 0.9358011484146118, -0.32643043994903564, -0.941442608833313, 0.2223375290632248, 0.2534804046154022),
            ["RightUpperLeg"] = CFrame.new(0, -1.909211277961731e-07, 1.0261283023282886e-07, 0.967012345790863, 0.20793330669403076, 0.14714257419109344, 0.05425022169947624, 0.39627912640571594, -0.9165260195732117, -0.2488858699798584, 0.8942742943763733, 0.3719261586666107),
            ["LeftUpperLeg"] = CFrame.new(5.960464477539063e-08, -3.2782554626464844e-07, -2.9802322387695312e-08, 0.946395218372345, 0.00970992911607027, 0.32286518812179565, 0.2389446645975113, 0.6515429019927979, -0.7199982404708862, -0.21735146641731262, 0.7585496306419373, 0.6142969131469727),
            ["RightLowerLeg"] = CFrame.new(7.450580596923828e-09, -0.00012248754501342773, -0.00007768550858600065, 1, -9.220094909778709e-08, 1.7415730724223977e-07, 1.6391277313232422e-07, 0.7006375193595886, 0.7135166525840759, 5.21540641784668e-08, -0.7135173082351685, 0.7006382942199707),
            ["RightFoot"] = CFrame.new(-4.470348358154297e-08, 3.5762786865234375e-07, 2.4512701202183962e-08, 0.9915870428085327, -0.11987437307834625, 0.04884122684597969, 0.12213845551013947, 0.9914299845695496, -0.04635569453239441, -0.04286563768982887, 0.05193217843770981, 0.9977303743362427),
            ["LeftLowerLeg"] = CFrame.new(6.705522537231445e-08, 0.00012242794036865234, 0.00007745623588562012, 1, 1.0058278121505282e-07, 8.381903882082042e-08, -2.9802318834981634e-08, 0.7476411461830139, 0.6641034483909607, -8.940695295223122e-08, -0.6641030311584473, 0.7476407289505005),
        }},
        {Time = 0.158, Data = {
            ["LeftFoot"] = CFrame.new(-4.284083843231201e-08, 5.960464477539063e-08, -1.30385160446167e-08, 0.994645893573761, 0.07150176912546158, -0.0746142566204071, -0.09656644612550735, 0.9002004861831665, -0.4246334731578827, 0.036805372685194016, 0.4295654594898224, 0.9022855162620544),
            ["LeftLowerArm"] = CFrame.new(-5.066394805908203e-07, 2.384185791015625e-07, 1.7881393432617188e-07, 1, 4.470345160711986e-08, 7.450583261459087e-09, -1.341104365337742e-07, 0.9999844431877136, -0.005577905103564262, 2.9802318834981634e-08, 0.0055779661051929, 0.9999844431877136),
            ["LowerTorso"] = CFrame.new(-0.4313961863517761, -0.14196360111236572, -0.3655939996242523, 0.6324029564857483, 0.40093064308166504, -0.662813127040863, -0.04513110592961311, 0.8732566833496094, 0.48516589403152466, 0.7733238339424133, -0.27690690755844116, 0.5703444480895996),
            ["Head"] = CFrame.new(3.725290298461914e-08, 9.5367431640625e-07, 1.4901161193847656e-08, 0.6735979318618774, -0.13857616484165192, 0.7259904742240906, 0.566740095615387, 0.7273463010787964, -0.3870053291320801, -0.4744170308113098, 0.6721339821815491, 0.5684758424758911),
            ["RightUpperArm"] = CFrame.new(0, 0, 6.891787052154541e-08, 0.5097984075546265, -0.14236080646514893, 0.8484330773353577, 0.7672948241233826, -0.37075936794281006, -0.523255467414856, 0.38905569911003113, 0.9177532196044922, -0.07978061586618423),
            ["UpperTorso"] = CFrame.new(-4.470348358154297e-08, 5.960464477539063e-08, 4.470348358154297e-08, 0.999405026435852, 0.004027409013360739, -0.03425561264157295, -0.004458630457520485, 0.9999117851257324, -0.012517699971795082, 0.034202415496110916, 0.012662743218243122, 0.9993347525596619),
            ["HumanoidRootPart"] = CFrame.new(0, 0, 0, 1, 0, 0, 0, 1, 0, 0, 0, 1),
            ["RightHand"] = CFrame.new(5.066394805908203e-07, -1.1920928955078125e-07, 5.960464477539063e-08, 0.13916060328483582, -0.12990225851535797, -0.9817127585411072, -0.3032474219799042, 0.9381422996520996, -0.16712285578250885, 0.9426958560943604, 0.32095861434936523, 0.09115985035896301),
            ["LeftUpperArm"] = CFrame.new(1.1920928955078125e-07, 0, 1.6391277313232422e-07, 0.5167824625968933, -0.11518708616495132, -0.8483320474624634, -0.8046157956123352, -0.40384671092033386, -0.4353177547454834, -0.2924540340900421, 0.9075459837913513, -0.3013822138309479),
            ["RightLowerArm"] = CFrame.new(-2.980232238769531e-07, 0, 1.341104507446289e-07, 1, -5.215405707303944e-08, -2.9802322387695312e-08, 1.341104365337742e-07, 0.9879242777824402, -0.15493768453598022, -1.0430811414607888e-07, 0.1549377739429474, 0.9879242181777954),
            ["LeftHand"] = CFrame.new(-3.2782554626464844e-07, 5.960464477539063e-08, -5.364418029785156e-07, 0.24552690982818604, 0.31812599301338196, 0.9157031774520874, 0.2893085181713104, 0.8775219917297363, -0.38243380188941956, -0.9252119660377502, 0.3588188886642456, 0.12341857701539993),
            ["RightUpperLeg"] = CFrame.new(0, -1.3830140233039856e-07, -1.0972871677950025e-07, 0.9740690588951111, 0.18084804713726044, 0.13595445454120636, 0.046093907207250595, 0.4296760559082031, -0.901806116104126, -0.2215059995651245, 0.8846877813339233, 0.4101977050304413),
            ["LeftUpperLeg"] = CFrame.new(0, -7.450580596923828e-08, 0, 0.9485318660736084, 0.0024937884882092476, 0.31667253375053406, 0.24222812056541443, 0.6384234428405762, -0.73057621717453, -0.20399247109889984, 0.7696813941001892, 0.6049603819847107),
            ["RightLowerLeg"] = CFrame.new(5.21540641784668e-08, -0.00012230873107910156, -0.0000775737498770468, 1, -9.685756907629184e-08, 8.381902283360887e-09, 8.195637946073475e-08, 0.7231218218803406, 0.6907196640968323, 1.0430811414607888e-07, -0.6907206177711487, 0.7231227159500122),
            ["RightFoot"] = CFrame.new(1.862645149230957e-09, 4.172325134277344e-07, 6.351910997182131e-09, 0.989413857460022, -0.11198104918003082, 0.09230665117502213, 0.12471771985292435, 0.981345534324646, -0.14630848169326782, -0.07420102506875992, 0.15627293288707733, 0.9849230051040649),
            ["LeftLowerLeg"] = CFrame.new(1.4901161193847656e-07, 0.00012254714965820312, 0.00007751584053039551, 1, 7.450577932388569e-09, -1.8626449271863521e-09, -3.725290298461914e-08, 0.7254180312156677, 0.688308835029602, 5.4016709327697754e-08, -0.6883087158203125, 0.7254177927970886),
        }},
        {Time = 0.211, Data = {
            ["LeftFoot"] = CFrame.new(-1.862645149230957e-08, 5.960464477539063e-08, 5.960464477539063e-08, 0.9957885146141052, 0.08669359236955643, -0.029825517907738686, -0.09053859114646912, 0.8787045478820801, -0.468701034784317, -0.014425696805119514, 0.46942782402038574, 0.8828532695770264),
            ["LeftLowerArm"] = CFrame.new(-1.4901161193847656e-07, 0, -2.682209014892578e-07, 1, 7.450579886381092e-08, -7.450581485102248e-09, 5.587936158235607e-08, 0.9999855756759644, -0.005383454728871584, 7.450581307466564e-08, 0.005383617710322142, 0.9999855160713196),
            ["LowerTorso"] = CFrame.new(-0.419831782579422, -0.155553936958313, -0.39237573742866516, 0.6409554481506348, 0.3541530668735504, -0.6809931993484497, -0.05061768740415573, 0.9047679901123047, 0.42288628220558167, 0.7659072875976562, -0.23658093810081482, 0.5978423357009888),
            ["Head"] = CFrame.new(4.470348358154297e-08, 2.384185791015625e-07, -1.4901161193847656e-08, 0.6814498901367188, -0.1591625064611435, 0.7143481969833374, 0.5426744818687439, 0.7647875547409058, -0.3472815155982971, -0.49105051159858704, 0.624313473701477, 0.6075379848480225),
            ["RightUpperArm"] = CFrame.new(2.384185791015625e-07, -5.960464477539062e-07, -2.60770320892334e-08, 0.3957427144050598, -0.0492856465280056, 0.9170379638671875, 0.8883857727050781, -0.2324977070093155, -0.3958733081817627, 0.23271998763084412, 0.9713473916053772, -0.04822554439306259),
            ["UpperTorso"] = CFrame.new(-4.470348358154297e-08, 5.960464477539063e-08, 1.6391277313232422e-07, 0.9990158677101135, 0.0005900079850107431, -0.044350516051054, 0.0011946075828745961, 0.9991907477378845, 0.04020596295595169, 0.04433859512209892, -0.04021961987018585, 0.9982067346572876),
            ["HumanoidRootPart"] = CFrame.new(0, 0, 0, 1, 0, 0, 0, 1, 0, 0, 0, 1),
            ["RightHand"] = CFrame.new(3.2782554626464844e-07, 3.5762786865234375e-07, 0, 0.10240370780229568, -0.16202041506767273, -0.9814596176147461, -0.4930551052093506, 0.8486509919166565, -0.19154058396816254, 0.8639503121376038, 0.5035285949707031, 0.007020055316388607),
            ["LeftUpperArm"] = CFrame.new(1.1920928955078125e-07, -5.960464477539062e-07, -5.960464477539063e-08, 0.46255624294281006, -0.14143235981464386, -0.8752362132072449, -0.8778866529464722, -0.2110479772090912, -0.42985349893569946, -0.12392236292362213, 0.967189610004425, -0.2217826247215271),
            ["RightLowerArm"] = CFrame.new(-5.960464477539063e-08, -1.1920928955078125e-07, -5.960464477539063e-08, 1, 9.685751223287298e-08, 0, 7.450581485102248e-09, 0.9999846816062927, -0.0055449833162128925, -2.980232594040899e-08, 0.005544921383261681, 0.9999846816062927),
            ["LeftHand"] = CFrame.new(-7.003545761108398e-07, 0, -7.152557373046875e-07, 0.239022359251976, 0.3876030147075653, 0.8902991414070129, 0.2556380331516266, 0.8594116568565369, -0.44278743863105774, -0.9367591142654419, 0.3334299921989441, 0.10633286088705063),
            ["RightUpperLeg"] = CFrame.new(0, -3.175809979438782e-07, 7.746712071821094e-08, 0.9832416772842407, 0.15537387132644653, 0.09536723792552948, 0.008756287395954132, 0.48226046562194824, -0.8759843111038208, -0.18209686875343323, 0.8621391654014587, 0.47281768918037415),
            ["LeftUpperLeg"] = CFrame.new(1.1920928955078125e-07, -2.384185791015625e-07, 8.940696716308594e-08, 0.9624471664428711, -0.03446127474308014, 0.26927298307418823, 0.21894752979278564, 0.6849527955055237, -0.6949115991592407, -0.1604917347431183, 0.727772057056427, 0.6667757630348206),
            ["RightLowerLeg"] = CFrame.new(1.1920928955078125e-07, -0.00012236833572387695, -0.00007766315684420988, 1, -4.8428766774577525e-08, -6.891787052154541e-08, 1.4901161193847656e-07, 0.6818320155143738, 0.731508195400238, 7.450580596923828e-08, -0.7315088510513306, 0.6818327307701111),
            ["RightFoot"] = CFrame.new(0, 2.384185791015625e-07, 3.5579432733356953e-09, 0.9848335981369019, -0.11768791079521179, 0.12748587131500244, 0.14282672107219696, 0.9670858383178711, -0.21058259904384613, -0.09850658476352692, 0.2255983203649521, 0.9692277312278748),
            ["LeftLowerLeg"] = CFrame.new(-7.450580596923828e-09, 0.0001226663589477539, 0.00007739663124084473, 1, -2.2351731132630448e-08, 1.2293457984924316e-07, -3.725290298461914e-08, 0.7045562863349915, 0.7096483707427979, 7.264316082000732e-08, -0.7096480131149292, 0.7045561075210571),
        }},
        {Time = 0.263, Data = {
            ["LeftFoot"] = CFrame.new(4.6566128730773926e-08, -1.1920928955078125e-07, 1.4901161193847656e-08, 0.9949954748153687, 0.09986965358257294, 0.0031811953522264957, -0.08330806344747543, 0.8467313647270203, -0.5254574418067932, -0.055170878767967224, 0.5225630402565002, 0.8508140444755554),
            ["LeftLowerArm"] = CFrame.new(-1.4901161193847656e-07, -1.1920928955078125e-07, 3.3527612686157227e-07, 1, -1.1175865211043856e-07, 8.195642919872625e-08, -1.0430815677864302e-07, 0.9155979752540588, -0.40209516882896423, -7.450582373280668e-09, 0.40209493041038513, 0.9155979156494141),
            ["LowerTorso"] = CFrame.new(-0.3896022439002991, -0.16714560985565186, -0.435301274061203, 0.6675419211387634, 0.2804631292819977, -0.6897305846214294, -0.06530821323394775, 0.944829523563385, 0.3209860026836395, 0.7417025566101074, -0.16922657191753387, 0.6490298509597778),
            ["Head"] = CFrame.new(-1.043081283569336e-07, 9.5367431640625e-07, 8.940696716308594e-08, 0.7002545595169067, -0.1999504268169403, 0.6853196620941162, 0.506666362285614, 0.8154826760292053, -0.2797808349132538, -0.5029242634773254, 0.5431464314460754, 0.6723537445068359),
            ["RightUpperArm"] = CFrame.new(-2.384185791015625e-07, 3.5762786865234375e-07, 8.381903171539307e-08, 0.3059164583683014, -0.2490241825580597, 0.9189136624336243, 0.9511206150054932, 0.03711077570915222, -0.3065818250179291, 0.042245443910360336, 0.9677860140800476, 0.24820441007614136),
            ["UpperTorso"] = CFrame.new(-1.4901161193847656e-07, 8.940696716308594e-07, 1.4901161193847656e-08, 0.997954785823822, 0.004297603853046894, -0.06377992033958435, 0.00221342989243567, 0.9948161840438843, 0.10166533291339874, 0.06388631463050842, -0.10159873217344284, 0.992772102355957),
            ["HumanoidRootPart"] = CFrame.new(0, 0, 0, 1, 0, 0, 0, 1, 0, 0, 0, 1),
            ["RightHand"] = CFrame.new(6.444752216339111e-07, 2.384185791015625e-07, 5.960464477539063e-08, 0.2741478383541107, -0.2674762010574341, -0.9237422347068787, -0.31142038106918335, 0.8840937614440918, -0.3484186828136444, 0.9098683595657349, 0.3831900954246521, 0.1590747833251953),
            ["LeftUpperArm"] = CFrame.new(-1.1920928955078125e-07, 8.344650268554688e-07, 8.940696716308594e-08, 0.43586069345474243, -0.01493796519935131, -0.8998900055885315, -0.8952476382255554, 0.09557287395000458, -0.4351988434791565, 0.09250503033399582, 0.995310366153717, 0.028283298015594482),
            ["RightLowerArm"] = CFrame.new(5.364418029785156e-07, 1.7881393432617188e-07, 5.960464477539063e-08, 1, 1.862644793959589e-08, -5.401671643312511e-08, -7.4505797087454084e-09, 0.8851343989372253, -0.465335488319397, 1.862644971595273e-08, 0.465335488319397, 0.8851343989372253),
            ["LeftHand"] = CFrame.new(6.705522537231445e-08, -2.980232238769531e-07, -0.0000010281801223754883, 0.2686302661895752, 0.5301930904388428, 0.8041974306106567, 0.062468186020851135, 0.8235381841659546, -0.5638103485107422, -0.961215615272522, 0.2016933411359787, 0.1881074607372284),
            ["RightUpperLeg"] = CFrame.new(-8.940696716308594e-08, 2.2910535335540771e-07, 2.0656443666666746e-08, 0.9802661538124084, 0.15143664181232452, 0.127064049243927, 0.02010318450629711, 0.5630701184272766, -0.8261651992797852, -0.1966574490070343, 0.812415599822998, 0.548913300037384),
            ["LeftUpperLeg"] = CFrame.new(-5.960464477539063e-08, 4.470348358154297e-08, -2.9802322387695312e-08, 0.9747163653373718, -0.08685025572776794, 0.2058766633272171, 0.19728286564350128, 0.7671201825141907, -0.6104151010513306, -0.10491740703582764, 0.6355970501899719, 0.7648582458496094),
            ["RightLowerLeg"] = CFrame.new(8.940696716308594e-08, -0.00012230873107910156, -0.00007745454058749601, 1, -1.4156101713069802e-07, 8.754431490842762e-08, 7.450581307466564e-08, 0.6086639165878296, 0.7934274077415466, 0, -0.7934281826019287, 0.608664870262146),
            ["RightFoot"] = CFrame.new(-1.4901161193847656e-08, 2.980232238769531e-07, -2.9613147489726543e-09, 0.9914871454238892, -0.11025961488485336, 0.0692545473575592, 0.12552735209465027, 0.95073002576828, -0.28346869349479675, -0.03458737954497337, 0.28975027799606323, 0.9564776420593262),
            ["LeftLowerLeg"] = CFrame.new(-7.450580596923828e-08, 0.0001226663589477539, 0.00007751584053039551, 1, 5.9604616353681195e-08, 2.2351738238057806e-08, -7.450580596923828e-08, 0.6971033811569214, 0.7169708609580994, 5.960464477539063e-08, -0.7169705629348755, 0.6971032619476318),
        }},
        {Time = 0.316, Data = {
            ["LeftFoot"] = CFrame.new(3.91155481338501e-08, -5.960464477539063e-08, 6.705522537231445e-08, 0.9949005842208862, 0.09443479776382446, -0.035426441580057144, -0.09729863703250885, 0.8060867190361023, -0.5837439894676208, -0.026569020003080368, 0.5842143297195435, 0.8111646175384521),
            ["LeftLowerArm"] = CFrame.new(3.2782554626464844e-07, 0, -3.5762786865234375e-07, 1, 5.21540464148984e-08, -1.4901161193847656e-08, 1.4901161193847656e-07, 0.7115905284881592, -0.7025946974754333, 5.960464477539063e-08, 0.7025943994522095, 0.7115902900695801),
            ["LowerTorso"] = CFrame.new(-0.3366343379020691, -0.19385671615600586, -0.498048335313797, 0.7052913904190063, 0.16548682749271393, -0.6893316507339478, -0.07290932536125183, 0.9841486811637878, 0.16166569292545319, 0.7051583528518677, -0.06376272439956665, 0.7061770558357239),
            ["Head"] = CFrame.new(1.4901161193847656e-08, 1.1920928955078125e-07, -1.043081283569336e-07, 0.7301559448242188, -0.244818776845932, 0.637915313243866, 0.4521470367908478, 0.87308269739151, -0.18245495855808258, -0.5122843980789185, 0.4216521084308624, 0.748180627822876),
            ["RightUpperArm"] = CFrame.new(0, -5.960464477539062e-07, 1.7881393432617188e-07, 0.23323693871498108, -0.4603862464427948, 0.8565309643745422, 0.9565245509147644, 0.26723018288612366, -0.11682890355587006, -0.17510414123535156, 0.8465415835380554, 0.5026984214782715),
            ["UpperTorso"] = CFrame.new(-1.4901161193847656e-08, 3.5762786865234375e-07, 2.9802322387695312e-08, 0.9971308708190918, 0.014218681491911411, -0.07435040920972824, 0.0008769037667661905, 0.9799650311470032, 0.1991679072380066, 0.07569284737110138, -0.19866174459457397, 0.9771409034729004),
            ["HumanoidRootPart"] = CFrame.new(0, 0, 0, 1, 0, 0, 0, 1, 0, 0, 0, 1),
            ["RightHand"] = CFrame.new(6.407499313354492e-07, 1.1920928955078125e-07, -2.384185791015625e-07, 0.4468507170677185, -0.45503515005111694, -0.7702385783195496, -0.040692176669836044, 0.8497488498687744, -0.5256149172782898, 0.8936826586723328, 0.2662141025066376, 0.3611946105957031),
            ["LeftUpperArm"] = CFrame.new(5.960464477539063e-08, -5.960464477539062e-07, 8.940696716308594e-08, 0.41490599513053894, 0.11218458414077759, -0.9029213786125183, -0.8579623699188232, 0.3786158561706543, -0.347205251455307, 0.30290842056274414, 0.9187300205230713, 0.25334060192108154),
            ["RightLowerArm"] = CFrame.new(2.384185791015625e-07, 4.76837158203125e-07, -4.470348358154297e-08, 1, -8.940694584680386e-08, -3.7252898543727042e-09, 2.44937780280452e-07, 0.5738192796707153, -0.818981945514679, 4.097818262494002e-08, 0.8189820051193237, 0.5738192200660706),
            ["LeftHand"] = CFrame.new(1.9371509552001953e-07, -2.980232238769531e-07, -4.470348358154297e-08, 0.37099212408065796, 0.6586188673973083, 0.6546654105186462, -0.03960402309894562, 0.7155546545982361, -0.6974325776100159, -0.9277911186218262, 0.2328147143125534, 0.2915496528148651),
            ["RightUpperLeg"] = CFrame.new(-2.9802322387695312e-08, 1.2828968465328217e-07, -2.9634975362569094e-08, 0.9815341830253601, 0.14381155371665955, 0.12613043189048767, -0.007258306257426739, 0.6869048476219177, -0.7267115116119385, -0.19114936888217926, 0.7123763561248779, 0.6752639412879944),
            ["LeftUpperLeg"] = CFrame.new(-5.960464477539063e-08, 2.0116567611694336e-07, -2.9802322387695312e-08, 0.9760462045669556, -0.09959220886230469, 0.19343052804470062, 0.1807461380958557, 0.8660549521446228, -0.4661329388618469, -0.12109825760126114, 0.4899287819862366, 0.8633103370666504),
            ["RightLowerLeg"] = CFrame.new(1.1175870895385742e-07, -0.0001226663589477539, -0.00007748434290988371, 1, -1.5646214990283625e-07, 4.4703490686970326e-08, 6.705523247774181e-08, 0.5112383961677551, 0.8594386577606201, -1.266598843585598e-07, -0.859438955783844, 0.5112391114234924),
            ["RightFoot"] = CFrame.new(-1.862645149230957e-08, 4.76837158203125e-07, -9.480572771281004e-09, 0.9946779012680054, -0.10024634003639221, 0.02380591817200184, 0.10158272832632065, 0.9154891967773438, -0.38930684328079224, 0.017232874408364296, 0.3896539807319641, 0.9208003878593445),
            ["LeftLowerLeg"] = CFrame.new(1.4901161193847656e-07, 0.0001226663589477539, 0.00007763504981994629, 1, 3.725289943190546e-08, 3.725290298461914e-09, -9.685754776000977e-08, 0.6589497327804565, 0.7521871328353882, -7.450580596923828e-09, -0.7521869540214539, 0.658949613571167),
        }},
        {Time = 0.368, Data = {
            ["LeftFoot"] = CFrame.new(2.421438694000244e-08, 0, -3.725290298461914e-08, 0.9956629872322083, 0.08677443116903305, -0.03354907035827637, -0.08764076232910156, 0.753836989402771, -0.6511901021003723, -0.031215975061058998, 0.6513064503669739, 0.7581728100776672),
            ["LeftLowerArm"] = CFrame.new(1.1920928955078125e-07, -4.172325134277344e-07, 9.685754776000977e-08, 1, -5.0291408371094803e-08, 2.2351736461700966e-08, 7.4505797087454084e-09, 0.38950395584106445, -0.9210249185562134, 2.7939673685750677e-08, 0.9210248589515686, 0.3895038068294525),
            ["LowerTorso"] = CFrame.new(-0.2807413637638092, -0.24177992343902588, -0.5664149522781372, 0.7435956597328186, 0.05205073952674866, -0.6666005253791809, -0.06418102234601974, 0.9979183077812195, 0.006327097769826651, 0.6655421853065491, 0.03807830065488815, 0.7453883290290833),
            ["Head"] = CFrame.new(-7.450580596923828e-08, 7.152557373046875e-07, -4.470348358154297e-08, 0.7766479849815369, -0.28188756108283997, 0.5633445978164673, 0.375668466091156, 0.9251208305358887, -0.05499672517180443, -0.5056591629981995, 0.25434404611587524, 0.824389636516571),
            ["RightUpperArm"] = CFrame.new(1.1920928955078125e-07, 2.384185791015625e-07, 3.4924596548080444e-08, 0.20020876824855804, -0.605756402015686, 0.7700489163398743, 0.8968731760978699, 0.4296857714653015, 0.10482865571975708, -0.39437922835350037, 0.6696486473083496, 0.6293137073516846),
            ["UpperTorso"] = CFrame.new(4.470348358154297e-08, -5.960464477539063e-08, 5.3085386753082275e-08, 0.9971107840538025, 0.03493013605475426, -0.06745368242263794, -0.0164535753428936, 0.9662356376647949, 0.2571345865726471, 0.07415802031755447, -0.2552817165851593, 0.9640186429023743),
            ["HumanoidRootPart"] = CFrame.new(0, 0, 0, 1, 0, 0, 0, 1, 0, 0, 0, 1),
            ["RightHand"] = CFrame.new(6.705522537231445e-07, 1.1920928955078125e-07, -3.427267074584961e-07, 0.5278841853141785, -0.6413876414299011, -0.556740403175354, 0.17871642112731934, 0.7247244715690613, -0.6654588580131531, 0.8303003311157227, 0.2517862617969513, 0.4971967935562134),
            ["LeftUpperArm"] = CFrame.new(0, 2.384185791015625e-07, -1.4901161193847656e-07, 0.4155626595020294, 0.2750004827976227, -0.8669959306716919, -0.7703944444656372, 0.613143801689148, -0.17477816343307495, 0.48352885246276855, 0.7405602335929871, 0.46665889024734497),
            ["RightLowerArm"] = CFrame.new(-2.682209014892578e-07, -5.960464477539062e-07, -5.960464477539063e-08, 1, -6.332993507385254e-08, 1.601874828338623e-07, 8.661302075552157e-08, 0.20482419431209564, -0.9787987470626831, 2.2351747119842003e-08, 0.9787988662719727, 0.2048245370388031),
            ["LeftHand"] = CFrame.new(4.470348358154297e-08, -1.1920928955078125e-07, -5.289912223815918e-07, 0.5229119062423706, 0.7148977518081665, 0.46420344710350037, -0.1335829198360443, 0.6065933704376221, -0.7837086915969849, -0.841854453086853, 0.34780120849609375, 0.4126932919025421),
            ["RightUpperLeg"] = CFrame.new(-5.960464477539063e-08, -4.656612873077393e-10, -5.3849362302571535e-08, 0.9867766499519348, 0.1376609206199646, 0.08556430786848068, -0.05656399577856064, 0.787176787853241, -0.6141285300254822, -0.15189604461193085, 0.6011675000190735, 0.7845538854598999),
            ["LeftUpperLeg"] = CFrame.new(1.4901161193847656e-07, 3.725290298461914e-09, 9.12696123123169e-08, 0.9837294220924377, -0.10670295357704163, 0.1445370465517044, 0.15180568397045135, 0.9239481091499329, -0.3511057496070862, -0.09608080983161926, 0.36733439564704895, 0.9251128435134888),
            ["RightLowerLeg"] = CFrame.new(8.940696716308594e-08, -0.00012254714965820312, -0.00007746944174868986, 1, -1.4156101713069802e-07, -1.192093321833454e-07, 1.1175870895385742e-07, 0.401244580745697, 0.9159708023071289, -1.1920928955078125e-07, -0.9159709215164185, 0.40124502778053284),
            ["RightFoot"] = CFrame.new(5.122274160385132e-08, 1.7881393432617188e-07, -1.5999830793589354e-08, 0.9942891001701355, -0.10670891404151917, 0.001576982089318335, 0.09383058547973633, 0.8670623302459717, -0.48928356170654297, 0.05084390565752983, 0.486637681722641, 0.8721233606338501),
            ["LeftLowerLeg"] = CFrame.new(1.2665987014770508e-07, 0.00012290477752685547, 0.00007745623588562012, 1, 3.725290298461914e-08, 1.0430815677864302e-07, -7.450581307466564e-08, 0.5672715902328491, 0.8235309720039368, 9.313226634333205e-09, -0.8235308527946472, 0.5672712326049805),
        }},
        {Time = 0.421, Data = {
            ["LeftFoot"] = CFrame.new(-2.421438694000244e-08, 5.960464477539063e-08, -4.470348358154297e-08, 0.9940788149833679, 0.10098208487033844, -0.040125440806150436, -0.1004386842250824, 0.7129924893379211, -0.6939406394958496, -0.041466522961854935, 0.6938619017601013, 0.7189134359359741),
            ["LeftLowerArm"] = CFrame.new(1.1920928955078125e-07, -8.940696716308594e-07, 1.4901161193847656e-07, 1, -1.3411042232291948e-07, 1.043081283569336e-07, -1.303851426825986e-08, 0.08480285853147507, -0.9963977932929993, 3.725289943190546e-08, 0.9963977336883545, 0.08480284363031387),
            ["LowerTorso"] = CFrame.new(-0.23508203029632568, -0.2765432596206665, -0.632551372051239, 0.7652528285980225, -0.07175137102603912, -0.6397185921669006, -0.04778573662042618, 0.9846950769424438, -0.1676071435213089, 0.6419537663459778, 0.15883128345012665, 0.750111997127533),
            ["Head"] = CFrame.new(-1.2665987014770508e-07, 0.0000011920928955078125, -1.601874828338623e-07, 0.822713315486908, -0.3187794089317322, 0.470661461353302, 0.34223589301109314, 0.9388590455055237, 0.03766390681266785, -0.45389145612716675, 0.13009081780910492, 0.8815097212791443),
            ["RightUpperArm"] = CFrame.new(0, 9.5367431640625e-07, 1.564621925354004e-07, 0.22054582834243774, -0.7078316807746887, 0.6710687875747681, 0.8512901663780212, 0.47551533579826355, 0.22178995609283447, -0.4760931730270386, 0.5223594307899475, 0.7074432969093323),
            ["UpperTorso"] = CFrame.new(2.2351741790771484e-08, 1.7881393432617188e-07, 5.960464477539063e-08, 0.9971049427986145, 0.07262194901704788, -0.02253618650138378, -0.059089966118335724, 0.9265754222869873, 0.37143847346305847, 0.04785620793700218, -0.36903131008148193, 0.9281840920448303),
            ["HumanoidRootPart"] = CFrame.new(0, 0, 0, 1, 0, 0, 0, 1, 0, 0, 0, 1),
            ["RightHand"] = CFrame.new(8.642673492431641e-07, 1.1920928955078125e-07, -2.384185791015625e-07, 0.5827025175094604, -0.7608511447906494, -0.28559383749961853, 0.29416269063949585, 0.5250548720359802, -0.7986143827438354, 0.7575791478157043, 0.38134387135505676, 0.5297651886940002),
            ["LeftUpperArm"] = CFrame.new(0, 7.152557373046875e-07, -2.5331974029541016e-07, 0.3685460686683655, 0.42459815740585327, -0.8269761800765991, -0.7867286205291748, 0.6163538694381714, -0.034151915460824966, 0.49520888924598694, 0.6631925106048584, 0.5611988306045532),
            ["RightLowerArm"] = CFrame.new(-5.364418029785156e-07, -2.980232238769531e-07, -3.725290298461914e-08, 1, -1.0430811414607888e-07, 5.541369318962097e-08, 6.705523247774181e-08, -0.10281109064817429, -0.9947009682655334, 1.1920930376163597e-07, 0.9947009086608887, -0.10281103104352951),
            ["LeftHand"] = CFrame.new(-1.1920928955078125e-07, 2.980232238769531e-07, -4.4424086809158325e-07, 0.6237254738807678, 0.7411373853683472, 0.2483578771352768, -0.1910472959280014, 0.4526505470275879, -0.8709813952445984, -0.7579362988471985, 0.49580538272857666, 0.42392197251319885),
            ["RightUpperLeg"] = CFrame.new(-2.9802322387695312e-08, 7.636845111846924e-08, 2.8107024263590574e-08, 0.988292932510376, 0.14097540080547333, 0.05833549052476883, -0.09966637194156647, 0.886048436164856, -0.4527527987957001, -0.11551491916179657, 0.4416380822658539, 0.8897256851196289),
            ["LeftUpperLeg"] = CFrame.new(0, 1.4901161193847656e-08, -5.960464477539063e-08, 0.9872046113014221, -0.10312496870756149, 0.12162396311759949, 0.1250123232603073, 0.9740187525749207, -0.18883702158927917, -0.09899000823497772, 0.20162509381771088, 0.9744476079940796),
            ["RightLowerLeg"] = CFrame.new(7.450580596923828e-08, -0.00012230873107910156, -0.00007775256381137297, 1, -1.4901158351676713e-07, -1.4901166878189542e-07, 1.9371513815258368e-07, 0.33386045694351196, 0.9426224231719971, -6.705523958316917e-08, -0.9426224827766418, 0.33386099338531494),
