return {
    ["Kawaii Sturdy"] = {
        {Time = 0.000, Data = {
            ["LeftFoot"] = CFrame.new(4.284083843231201e-08, -1.7881393432617188e-07, -5.4016709327697754e-08, 0.9835129380226135, 0.17600758373737335, 0.04151676967740059, -0.15201164782047272, 0.9290087819099426, -0.3373948037624359, -0.09795330464839935, 0.3255211114883423, 0.9404473900794983),
            ["LeftLowerArm"] = CFrame.new(-0.000676572322845459, -0.000006556510925292969, -0.007729649543762207, 0.9998340606689453, -0.009156067855656147, -0.015750018879771233, -0.00231352960690856, 0.7937138676643372, -0.6082869172096252, 0.018070349469780922, 0.6082224249839783, 0.7935609817504883),
            ["LowerTorso"] = CFrame.new(0.04143461585044861, -0.28228282928466797, 0.0048567308112978935, 0.8102564811706543, -0.0009113703854382038, -0.5860748887062073, 0.04672185331583023, 0.9969165325164795, 0.06304335594177246, 0.5842102766036987, -0.07846378535032272, 0.8078006505966187),
            ["Head"] = CFrame.new(-3.725290298461914e-09, 2.384185791015625e-07, 7.450580596923828e-09, 0.8100776076316833, -0.19471827149391174, 0.5530453324317932, 0.03534645587205887, 0.957746684551239, 0.2854330241680145, -0.5852563381195068, -0.21167467534542084, 0.7827316522598267),
            ["RightUpperArm"] = CFrame.new(0.006971001625061035, -0.019922375679016113, -0.09078197181224823, 0.9833788275718689, 0.018671544268727303, -0.1806037873029709, 0.04481497406959534, 0.9389621019363403, 0.34108853340148926, 0.17594842612743378, -0.34351351857185364, 0.922518789768219),
            ["UpperTorso"] = CFrame.new(5.587935447692871e-09, 2.9802322387695312e-08, -1.1175870895385742e-08, 0.9951785206794739, 0.0621623769402504, 0.07586654275655746, -0.06185643747448921, 0.9980646967887878, -0.006378077901899815, -0.07611625641584396, 0.0016544889658689499, 0.9970976710319519),
            ["HumanoidRootPart"] = CFrame.new(0, 0, 0, 1, 0, 0, 0, 1, 0, 0, 0, 1),
            ["RightHand"] = CFrame.new(1.9744038581848145e-07, -2.384185791015625e-07, 2.9802322387695312e-08, 0.9991583228111267, 0.04010237008333206, -0.008634757250547409, -0.039183393120765686, 0.9953079223632812, 0.08846966922283173, 0.012142298743128777, -0.08805666863918304, 0.9960415363311768),
            ["LeftUpperArm"] = CFrame.new(-0.00028336048126220703, -0.0029113292694091797, -0.02657933533191681, 0.9988101720809937, -0.00941754411906004, 0.04785123094916344, -0.012209897860884666, 0.9016417860984802, 0.43231096863746643, -0.04721565917134285, -0.4323810338973999, 0.9004541039466858),
            ["RightLowerArm"] = CFrame.new(0.0001766681671142578, 0.0000934600830078125, -0.0077294111251831055, 0.9999173283576965, 0.008725601248443127, 0.00945210736244917, -0.001580629264935851, 0.8125496506690979, -0.5828902125358582, -0.012766038067638874, 0.5828267335891724, 0.8124960064888),
            ["LeftHand"] = CFrame.new(-7.450580596923828e-08, 0.0000997781753540039, 0, 0.9980485439300537, 0.06009390577673912, -0.016966532915830612, -0.060692284256219864, 0.9974604249000549, -0.0372718945145607, 0.014683673158288002, 0.03822886571288109, 0.9991611838340759),
            ["RightUpperLeg"] = CFrame.new(0.05523329973220825, -0.06468509137630463, -0.06399726122617722, 0.9961685538291931, 0.002881092019379139, -0.08740761876106262, -0.06842556595802307, 0.6481042504310608, -0.7584713697433472, 0.05446382611989975, 0.7615461945533752, 0.6458183526992798),
            ["LeftUpperLeg"] = CFrame.new(0.024672716856002808, 0.03221680596470833, -0.11613911390304565, 0.9058988690376282, 0.2548021674156189, -0.33826515078544617, -0.2563062906265259, 0.9657241702079773, 0.04103697091341019, 0.3371269106864929, 0.049524322152137756, 0.9401556849479675),
            ["RightLowerLeg"] = CFrame.new(-9.872019290924072e-08, -0.000060439109802246094, -0.00009997019515139982, 1, -1.4901158351676713e-07, -1.9418072838561784e-07, 2.7939665869780583e-07, 0.37973353266716003, 0.9250959157943726, 3.8184211348379904e-08, -0.9250959753990173, 0.37973353266716003),
            ["RightFoot"] = CFrame.new(2.2351741790771484e-08, 1.7881393432617188e-07, -0.0001000111733446829, 0.997530996799469, -0.06833652406930923, -0.016190040856599808, 0.0614049956202507, 0.9605832695960999, -0.27112576365470886, 0.03407977521419525, 0.269462525844574, 0.9624078273773193),
            ["LeftLowerLeg"] = CFrame.new(1.043081283569336e-07, -0.00006091594696044922, -2.9802322387695312e-08, 1, -1.5366823902240867e-07, -1.0803339023368608e-07, 1.1920928955078125e-07, 0.1489926129579544, 0.9888383150100708, -1.7508864402770996e-07, -0.9888383150100708, 0.14899255335330963),
        }},
        {Time = 0.020, Data = {
            ["LeftFoot"] = CFrame.new(1.862645149230957e-08, -1.7881393432617188e-07, 9.96515154838562e-08, 0.9814718961715698, 0.18648818135261536, 0.04398917034268379, -0.15562374889850616, 0.9097940325737, -0.3847808837890625, -0.1117781326174736, 0.3708059787750244, 0.9219591617584229),
            ["LeftLowerArm"] = CFrame.new(-0.0006763935089111328, -0.000006794929504394531, -0.007729709148406982, 0.9998360872268677, -0.009965927340090275, -0.015117970295250416, -0.0024738693609833717, 0.7518937587738037, -0.6592795848846436, 0.017937008291482925, 0.6592088937759399, 0.751745879650116),
            ["LowerTorso"] = CFrame.new(0.06715409457683563, -0.23689508438110352, 0.004686777479946613, 0.7706409096717834, -0.005707416217774153, -0.6372441649436951, 0.06034643203020096, 0.9961199760437012, 0.06405730545520782, 0.6344060897827148, -0.08782058209180832, 0.7679951190948486),
            ["Head"] = CFrame.new(-1.3795215636491776e-08, -1.1920928955078125e-07, 0, 0.7698401212692261, -0.18505126237869263, 0.610821008682251, 0.01275421492755413, 0.961313784122467, 0.27516013383865356, -0.6381093859672546, -0.20403878390789032, 0.742418110370636),
            ["RightUpperArm"] = CFrame.new(0.007199406623840332, -0.022632598876953125, -0.09145839512348175, 0.9828783273696899, 0.01696387305855751, -0.18347318470478058, 0.05047936737537384, 0.9328640103340149, 0.35667383670806885, 0.17720641195774078, -0.3598290979862213, 0.9160357713699341),
            ["UpperTorso"] = CFrame.new(-1.30385160446167e-08, -8.940696716308594e-08, 9.313225746154785e-09, 0.9956115484237671, 0.055669575929641724, 0.07522420585155487, -0.05526503175497055, 0.9984439611434937, -0.0074502769857645035, -0.07552199065685272, 0.0032603126019239426, 0.9971388578414917),
            ["HumanoidRootPart"] = CFrame.new(0, 0, 0, 1, 0, 0, 0, 1, 0, 0, 0, 1),
            ["RightHand"] = CFrame.new(-7.450580596923828e-09, -3.5762786865234375e-07, 0, 0.9988306760787964, 0.04708366096019745, -0.010973130352795124, -0.04594168812036514, 0.9950743913650513, 0.08784258365631104, 0.015055203810334206, -0.08723577111959457, 0.9960739612579346),
            ["LeftUpperArm"] = CFrame.new(-0.0002884864807128906, -0.0031948089599609375, -0.026685267686843872, 0.9987980127334595, -0.010231354273855686, 0.04793662950396538, -0.013304484076797962, 0.8846686482429504, 0.46603018045425415, -0.04717569798231125, -0.46610817313194275, 0.8834693431854248),
            ["RightLowerArm"] = CFrame.new(0.0001766681671142578, 0.00009363889694213867, -0.007729589939117432, 0.9999163150787354, 0.009126752614974976, 0.009169108234345913, -0.0016703419387340546, 0.7938963174819946, -0.6080510020256042, -0.012829164043068886, 0.607984721660614, 0.7938450574874878),
            ["LeftHand"] = CFrame.new(-1.862645149230957e-07, 0.00009965896606445312, 2.9802322387695312e-08, 0.9980884194374084, 0.05940849706530571, -0.017034990713000298, -0.05956961214542389, 0.9981826543807983, -0.009103798307478428, 0.016463227570056915, 0.010101168416440487, 0.999813437461853),
            ["RightUpperLeg"] = CFrame.new(0.04351174831390381, -0.07010821998119354, -0.06588167697191238, 0.9961819052696228, 0.06796883046627045, -0.05479000508785248, -0.08647280931472778, 0.6818910241127014, -0.7263242602348328, -0.012007014825940132, 0.7282890677452087, 0.6851650476455688),
            ["LeftUpperLeg"] = CFrame.new(0.02518826723098755, 0.07786346971988678, -0.18029406666755676, 0.9361242651939392, 0.20635484158992767, -0.28476178646087646, -0.24658741056919098, 0.9624922871589661, -0.1131519004702568, 0.25073105096817017, 0.17614328861236572, 0.9518967866897583),
            ["RightLowerLeg"] = CFrame.new(5.587935447692871e-08, -0.000060677528381347656, -0.00010005215153796598, 1, -1.5087425708770752e-07, -1.1920927533992653e-07, 2.924352315858414e-07, 0.4754960536956787, 0.8797177672386169, -1.247971965767647e-07, -0.8797179460525513, 0.47549617290496826),
            ["RightFoot"] = CFrame.new(6.984919309616089e-09, 5.960464477539063e-08, -0.00010003725037677214, 0.9968881011009216, -0.07670658826828003, -0.018172863870859146, 0.07091870903968811, 0.973344087600708, -0.2181098610162735, 0.03441920503973961, 0.2161424607038498, 0.9757550358772278),
            ["LeftLowerLeg"] = CFrame.new(-3.725290298461914e-08, -0.000060617923736572266, -4.470348358154297e-08, 1, 5.778858849225799e-07, 4.433093749867112e-07, -4.190950448901276e-07, -0.03974994644522667, 0.9992097020149231, 3.566964608126e-07, -0.9992097616195679, -0.03974997252225876),
        }},
        {Time = 0.040, Data = {
            ["LeftFoot"] = CFrame.new(-2.9802322387695312e-08, -1.7881393432617188e-07, 1.862645149230957e-09, 0.9809587597846985, 0.18902938067913055, 0.04458818957209587, -0.15575966238975525, 0.90284264087677, -0.40076661109924316, -0.11601270735263824, 0.3861905336380005, 0.9150946140289307),
            ["LeftLowerArm"] = CFrame.new(-0.000676572322845459, -0.0000064373016357421875, -0.007729470729827881, 0.9998368620872498, -0.010282441042363644, -0.014849565923213959, -0.0025270727928727865, 0.7344208359718323, -0.6786898970603943, 0.017884423956274986, 0.678616464138031, 0.7342748641967773),
            ["LowerTorso"] = CFrame.new(0.10247522592544556, -0.1853877305984497, 0.0044939094223082066, 0.6851269006729126, -0.003717576852068305, -0.7284142971038818, 0.07626275718212128, 0.9948574304580688, 0.0666532963514328, 0.7244206070899963, -0.10121684521436691, 0.6818870902061462),
            ["Head"] = CFrame.new(2.2351741790771484e-08, 2.384185791015625e-07, -3.725290298461914e-09, 0.7228140234947205, -0.18105831742286682, 0.6669016480445862, -0.0035363826900720596, 0.9640840291976929, 0.2655738294124603, -0.6910335421562195, -0.19431887567043304, 0.6962131857872009),
            ["RightUpperArm"] = CFrame.new(0.007278323173522949, -0.023557066917419434, -0.09167423844337463, 0.9827055335044861, 0.016593242064118385, -0.18443073332309723, 0.05242694914340973, 0.9302951693534851, 0.36304566264152527, 0.17759892344474792, -0.36643657088279724, 0.9133362770080566),
            ["UpperTorso"] = CFrame.new(1.862645149230957e-09, 1.1920928955078125e-07, 1.4901161193847656e-08, 0.9903541207313538, 0.04888441041111946, 0.12964992225170135, -0.04705708101391792, 0.9987455010414124, -0.017122281715273857, -0.13032416999340057, 0.010856173932552338, 0.9914120435714722),
            ["HumanoidRootPart"] = CFrame.new(0, 0, 0, 1, 0, 0, 0, 1, 0, 0, 0, 1),
            ["RightHand"] = CFrame.new(-2.9802322387695312e-08, -3.5762786865234375e-07, -5.960464477539063e-08, 0.9987025856971741, 0.04952359199523926, -0.011860299855470657, -0.04828895628452301, 0.9949297904968262, 0.0882214605808258, 0.016169270500540733, -0.08753423392772675, 0.996030330657959),
            ["LeftUpperArm"] = CFrame.new(-0.0002903938293457031, -0.003261089324951172, -0.026725497096776962, 0.9987945556640625, -0.010633542202413082, 0.04792039841413498, -0.013639206066727638, 0.8776876330375671, 0.47903862595558167, -0.04715295135974884, -0.47911524772644043, 0.8764849305152893),
            ["RightLowerArm"] = CFrame.new(0.0001767277717590332, 0.00009310245513916016, -0.00772935152053833, 0.9999160766601562, 0.009268512949347496, 0.009057889692485332, -0.0016878992319107056, 0.7861199975013733, -0.6180717945098877, -0.012848999351263046, 0.6180044412612915, 0.7860694527626038),
            ["LeftHand"] = CFrame.new(-9.313225746154785e-08, 0.0000997781753540039, 0, 0.998097836971283, 0.05923517048358917, -0.017085693776607513, -0.059205688536167145, 0.9982433319091797, 0.0022405912168323994, 0.01718837209045887, -0.0012248012935742736, 0.9998515844345093),
            ["RightUpperLeg"] = CFrame.new(0.028300046920776367, -0.07685159891843796, -0.06770314276218414, 0.984959065914154, 0.17035627365112305, 0.028889063745737076, -0.10275775194168091, 0.7119265794754028, -0.694694995880127, -0.1389123648405075, 0.6812776923179626, 0.7187240123748779),
            ["LeftUpperLeg"] = CFrame.new(0.025453180074691772, 0.11975804716348648, -0.23917919397354126, 0.9632618427276611, 0.19905151426792145, -0.18029187619686127, -0.2438795119524002, 0.9294559359550476, -0.27682894468307495, 0.11247048527002335, 0.3106287717819214, 0.9438540935516357),
            ["RightLowerLeg"] = CFrame.new(-2.60770320892334e-08, -0.00006079673767089844, -0.00009982863412005827, 1, -1.1548401346317405e-07, -1.667066840127518e-07, 2.8684732455985795e-07, 0.5957387089729309, 0.8031785488128662, 5.215405707303944e-08, -0.8031784296035767, 0.5957384705543518),
            ["RightFoot"] = CFrame.new(-1.4901161193847656e-08, -5.960464477539063e-08, -0.00010004842624766752, 0.9960794448852539, -0.08608007431030273, -0.020393745973706245, 0.08263713866472244, 0.987695038318634, -0.13277696073055267, 0.03157198056578636, 0.13057096302509308, 0.9909362196922302),
            ["LeftLowerLeg"] = CFrame.new(2.2351741790771484e-08, -0.00006085634231567383, -1.1175870895385742e-08, 1, 7.660127039343934e-07, 9.648496188674471e-07, -7.301568984985352e-07, -0.20324823260307312, 0.9791272878646851, 0.0000010766088962554932, -0.9791272878646851, -0.20324821770191193),
        }},
        {Time = 0.060, Data = {
            ["LeftFoot"] = CFrame.new(-2.9802322387695312e-08, -2.980232238769531e-07, 9.12696123123169e-08, 0.9871994256973267, 0.15523093938827515, 0.03661590814590454, -0.13023591041564941, 0.9171120524406433, -0.3767545223236084, -0.09206493943929672, 0.36716336011886597, 0.9255891442298889),
            ["LeftLowerArm"] = CFrame.new(-0.0006765127182006836, -0.00000667572021484375, -0.007729530334472656, 0.999836802482605, -0.010242855176329613, -0.014883304946124554, -0.002523107687011361, 0.736537754535675, -0.6763917803764343, 0.01789018325507641, 0.6763189435005188, 0.7363916635513306),
            ["LowerTorso"] = CFrame.new(0.1430048793554306, -0.13082051277160645, 0.004289583303034306, 0.5835464596748352, 0.0023906182032078505, -0.8120762705802917, 0.09003724157810211, 0.9936398863792419, 0.06762457638978958, 0.8070731163024902, -0.11257918924093246, 0.5796197056770325),
            ["Head"] = CFrame.new(2.2351741790771484e-08, 0, 7.450580596923828e-09, 0.6733569502830505, -0.1796196550130844, 0.7171661257743835, -0.015070154331624508, 0.966501772403717, 0.2562173008918762, -0.7391639947891235, -0.18333344161510468, 0.6480937600135803),
            ["RightUpperArm"] = CFrame.new(0.007264375686645508, -0.02295517921447754, -0.09175986051559448, 0.9827370047569275, 0.01707877591252327, -0.1842181235551834, 0.05116584897041321, 0.9318035840988159, 0.35933831334114075, 0.17779205739498138, -0.36256101727485657, 0.9148441553115845),
            ["UpperTorso"] = CFrame.new(3.725290298461914e-09, 0, -1.0244548320770264e-08, 0.9806278347969055, 0.041373368352651596, 0.19146114587783813, -0.03642158582806587, 0.9989065527915955, -0.029311971738934517, -0.19246450066566467, 0.021770823746919632, 0.9810624122619629),
            ["HumanoidRootPart"] = CFrame.new(0, 0, 0, 1, 0, 0, 0, 1, 0, 0, 0, 1),
            ["RightHand"] = CFrame.new(1.043081283569336e-07, -5.960464477539062e-07, 0, 0.9987632036209106, 0.04838378727436066, -0.011455981060862541, -0.04717402532696724, 0.9948997497558594, 0.08915834873914719, 0.015711409971117973, -0.08850780129432678, 0.9959516525268555),
            ["LeftUpperArm"] = CFrame.new(-0.0003396272659301758, -0.002569913864135742, -0.02824537456035614, 0.9986633658409119, -0.013107006438076496, 0.04999803751707077, -0.012180395424365997, 0.8803932070732117, 0.47408780455589294, -0.050231724977493286, -0.4740633964538574, 0.8790569305419922),
            ["RightLowerArm"] = CFrame.new(0.00017660856246948242, 0.00009369850158691406, -0.007729530334472656, 0.9999162554740906, 0.009223280474543571, 0.009088304825127125, -0.0016728040063753724, 0.7880071401596069, -0.6156637668609619, -0.012839988805353642, 0.6155970096588135, 0.7879564762115479),
            ["LeftHand"] = CFrame.new(1.6391277313232422e-07, 0.00009936094284057617, 5.960464477539063e-08, 0.9980263710021973, 0.0603797510266304, -0.017253652215003967, -0.060309022665023804, 0.9981691837310791, 0.004592821002006531, 0.01749926619231701, -0.0035431766882538795, 0.9998406171798706),
            ["RightUpperLeg"] = CFrame.new(0.00971221923828125, -0.08475363999605179, -0.06925556808710098, 0.9536709189414978, 0.279404878616333, 0.11155619472265244, -0.1277269870042801, 0.7117434740066528, -0.6907294392585754, -0.2723926305770874, 0.6444798111915588, 0.7144565582275391),
            ["LeftUpperLeg"] = CFrame.new(0.025550812482833862, 0.15039779245853424, -0.282249391078949, 0.9688256978988647, 0.22663968801498413, -0.10005722939968109, -0.24717898666858673, 0.8570170402526855, -0.45213282108306885, -0.016720404848456383, 0.46277040243148804, 0.8863207697868347),
            ["RightLowerLeg"] = CFrame.new(0, -0.000060498714447021484, -0.00010003166244132444, 1, -5.997717380523682e-07, -2.942979335784912e-07, 6.817282951487869e-07, 0.6420620083808899, 0.7666524648666382, -1.1920931797249068e-07, -0.7666527032852173, 0.6420623064041138),
            ["RightFoot"] = CFrame.new(-1.6763806343078613e-08, 1.7881393432617188e-07, -0.00009995529399020597, 0.9937463402748108, -0.10865388810634613, -0.025741927325725555, 0.10592006146907806, 0.9902295470237732, -0.09069914370775223, 0.03534501791000366, 0.08740563690662384, 0.9955456852912903),
            ["LeftLowerLeg"] = CFrame.new(-1.4901161193847656e-08, -0.000060677528381347656, 5.960464477539063e-08, 1, 6.640331662310928e-07, 9.741629583004396e-07, -7.152557373046875e-07, -0.3369244337081909, 0.9415317177772522, 8.866190910339355e-07, -0.9415317177772522, -0.3369242250919342),
        }},
        {Time = 0.080, Data = {
            ["LeftFoot"] = CFrame.new(1.341104507446289e-07, -1.1920928955078125e-07, 2.60770320892334e-08, 0.9964224100112915, 0.08225499093532562, 0.019402913749217987, -0.07263080775737762, 0.9508441686630249, -0.3010316789150238, -0.043210700154304504, 0.298545777797699, 0.9534167051315308),
            ["LeftLowerArm"] = CFrame.new(-0.0006766915321350098, -0.00000667572021484375, -0.007729530334472656, 0.9998365044593811, -0.010125871747732162, -0.014980225823819637, -0.002509373938664794, 0.742760956287384, -0.6695520281791687, 0.017906606197357178, 0.6694802045822144, 0.7426140904426575),
            ["LowerTorso"] = CFrame.new(0.18435001373291016, -0.07625329494476318, 0.004085257649421692, 0.5128644108772278, 0.007470938842743635, -0.858437180519104, 0.09664543718099594, 0.9931027293205261, 0.06638272851705551, 0.853012204170227, -0.11700935661792755, 0.5086050033569336),
            ["Head"] = CFrame.new(-2.2351741790771484e-08, 2.384185791015625e-07, 7.450580596923828e-09, 0.6262945532798767, -0.1772487312555313, 0.7591692805290222, -0.024817997589707375, 0.968783438205719, 0.24666304886341095, -0.7791914343833923, -0.17332476377487183, 0.602344810962677),
            ["RightUpperArm"] = CFrame.new(0.007226228713989258, -0.02129828929901123, -0.09197912365198135, 0.9828214645385742, 0.01838340051472187, -0.18364110589027405, 0.04768994450569153, 0.9359374642372131, 0.34892165660858154, 0.17829108238220215, -0.3516859710216522, 0.9189830422401428),
            ["UpperTorso"] = CFrame.new(-3.725290298461914e-09, 8.940696716308594e-08, -5.587935447692871e-09, 0.9763545393943787, 0.03061697632074356, 0.2139965295791626, -0.023148121312260628, 0.9990351796150208, -0.03732157498598099, -0.2149326652288437, 0.03148549050092697, 0.976121187210083),
            ["HumanoidRootPart"] = CFrame.new(0, 0, 0, 1, 0, 0, 0, 1, 0, 0, 0, 1),
            ["RightHand"] = CFrame.new(-5.960464477539063e-08, -5.364418029785156e-07, 5.960464477539063e-08, 0.9989233613014221, 0.04521747678518295, -0.01036923099309206, -0.044081129133701324, 0.9948208928108215, 0.0915881022810936, 0.014457006938755512, -0.09103231877088547, 0.9957429766654968),
            ["LeftUpperArm"] = CFrame.new(-0.0005038976669311523, -0.0006035566329956055, -0.03243204206228256, 0.9982428550720215, -0.019897177815437317, 0.055816080421209335, -0.008030337281525135, 0.887826144695282, 0.4601088762283325, -0.05870993807911873, -0.4597487449645996, 0.8861063122749329),
            ["RightLowerArm"] = CFrame.new(0.00017654895782470703, 0.00009334087371826172, -0.007729709148406982, 0.9999164938926697, 0.009115390479564667, 0.009168433025479317, -0.0016507806722074747, 0.7933728694915771, -0.608734130859375, -0.012823032215237617, 0.6086678504943848, 0.7933213710784912),
            ["LeftHand"] = CFrame.new(3.725290298461914e-08, 0.00009948015213012695, 1.4901161193847656e-07, 0.9978145956993103, 0.06365730613470078, -0.017716437578201294, -0.06347406655550003, 0.997925877571106, 0.010728533379733562, 0.01836272142827511, -0.00958055630326271, 0.9997855424880981),
            ["RightUpperLeg"] = CFrame.new(-0.011429905891418457, -0.09342029690742493, -0.07058154046535492, 0.915558397769928, 0.38666287064552307, 0.11065638065338135, -0.17722547054290771, 0.6348599195480347, -0.7520266175270081, -0.36103203892707825, 0.6689131259918213, 0.649777889251709),
            ["LeftUpperLeg"] = CFrame.new(0.02556470036506653, 0.16227829456329346, -0.29896026849746704, 0.9657573103904724, 0.24580729007720947, -0.08301642537117004, -0.24166031181812286, 0.735819935798645, -0.6325892210006714, -0.09440983831882477, 0.6309895515441895, 0.7700254321098328),
            ["RightLowerLeg"] = CFrame.new(-6.705522537231445e-08, -0.000060558319091796875, -0.00009992176637751982, 1, 4.0978173387884453e-07, 6.89178563106907e-08, -3.2037482355917746e-07, 0.49914249777793884, 0.8665198683738708, 1.7136326846411976e-07, -0.8665199279785156, 0.49914270639419556),
            ["RightFoot"] = CFrame.new(-5.029141902923584e-08, 1.1920928955078125e-07, -0.0000999627445708029, 0.9864927530288696, -0.1593933403491974, -0.037762291729450226, 0.15049508213996887, 0.9729480147361755, -0.17528140544891357, 0.06467971950769424, 0.16723091900348663, 0.9837939143180847),
            ["LeftLowerLeg"] = CFrame.new(-4.470348358154297e-08, -0.00006079673767089844, 5.960464477539063e-08, 1, 7.431953008563141e-07, 0.0000011101365089416504, -6.034970851942489e-07, -0.4281151294708252, 0.903724193572998, 8.642674629300018e-07, -0.903724193572998, -0.42811518907546997),
        }},
        {Time = 0.100, Data = {
            ["LeftFoot"] = CFrame.new(-1.1082738637924194e-07, -2.384185791015625e-07, -4.7031790018081665e-08, 0.9999583959579468, -0.008885371498763561, -0.00209511024877429, 0.008008146658539772, 0.9639459252357483, -0.2659776508808136, 0.0043828049674630165, 0.2659498155117035, 0.9639769196510315),
            ["LeftLowerArm"] = CFrame.new(-0.0006766319274902344, -0.000006318092346191406, -0.007729649543762207, 0.9998360276222229, -0.00995200127363205, -0.015133288688957691, -0.0024598909076303244, 0.7531667947769165, -0.657825231552124, 0.01794450916349888, 0.6577543616294861, 0.7530185580253601),
            ["LowerTorso"] = CFrame.new(0.22255100309848785, -0.024745821952819824, 0.003892389591783285, 0.48216572403907776, 0.010548761114478111, -0.8760164976119995, 0.09243237227201462, 0.9937339425086975, 0.06284171342849731, 0.8711902499198914, -0.1112724021077156, 0.47816941142082214),
            ["Head"] = CFrame.new(0, 1.1920928955078125e-07, -1.4901161193847656e-08, 0.5875791311264038, -0.17273488640785217, 0.7905147075653076, -0.032978545874357224, 0.9710252285003662, 0.23669062554836273, -0.8084944486618042, -0.16514450311660767, 0.5648576021194458),
            ["RightUpperArm"] = CFrame.new(0.0071724653244018555, -0.018802762031555176, -0.09226465225219727, 0.9829416871070862, 0.020271776244044304, -0.1827964186668396, 0.04244587570428848, 0.9420711398124695, 0.33271610736846924, 0.17895236611366272, -0.3347999155521393, 0.9251407980918884),
            ["UpperTorso"] = CFrame.new(1.862645149230957e-08, 2.9802322387695312e-08, 0, 0.9793710708618164, 0.01151781901717186, 0.2017417550086975, -0.0038161426782608032, 0.9992504715919495, -0.038523316383361816, -0.20203420519828796, 0.0369587317109108, 0.9786809086799622),
            ["HumanoidRootPart"] = CFrame.new(0, 0, 0, 1, 0, 0, 0, 1, 0, 0, 0, 1),
            ["RightHand"] = CFrame.new(8.940696716308594e-08, -2.980232238769531e-07, 1.1920928955078125e-07, 0.9991438984870911, 0.04041951894760132, -0.008814933709800243, -0.03940415009856224, 0.9947167634963989, 0.09479400515556335, 0.012599948793649673, -0.09436556696891785, 0.9954578876495361),
            ["LeftUpperArm"] = CFrame.new(-0.0008307695388793945, 0.0025130510330200195, -0.03870484232902527, 0.9974459409713745, -0.029988277703523636, 0.06482547521591187, -0.0014526051236316562, 0.8988879919052124, 0.4381757378578186, -0.07141084223985672, -0.437151163816452, 0.8965487480163574),
            ["RightLowerArm"] = CFrame.new(0.0001766681671142578, 0.00009322166442871094, -0.007729709148406982, 0.9999168515205383, 0.008951650001108646, 0.009292056784033775, -0.0016262975987046957, 0.8018847107887268, -0.5974767804145813, -0.012799957767128944, 0.5974119305610657, 0.801832377910614),
            ["LeftHand"] = CFrame.new(-7.450580596923828e-08, 0.0000997781753540039, 0, 0.9974513649940491, 0.06893511861562729, -0.018403826281428337, -0.06858640164136887, 0.9974650740623474, 0.018957432359457016, 0.01966407336294651, -0.017646875232458115, 0.9996509552001953),
            ["RightUpperLeg"] = CFrame.new(-0.03412824869155884, -0.10239768028259277, -0.07178576290607452, 0.8836347460746765, 0.4626201391220093, 0.07191978394985199, -0.23996014893054962, 0.5794283747673035, -0.7788976430892944, -0.4020061194896698, 0.6710033416748047, 0.6230136156082153),
            ["LeftUpperLeg"] = CFrame.new(0.02559429407119751, 0.15751533210277557, -0.2990289330482483, 0.9696518182754517, 0.22919613122940063, -0.08511483669281006, -0.2106352001428604, 0.6063763499259949, -0.7667728662490845, -0.12412957847118378, 0.7614308595657349, 0.6362507343292236),
            ["RightLowerLeg"] = CFrame.new(-2.2351741790771484e-08, -0.000060677528381347656, -0.00009998509631259367, 1, -6.854535854472488e-07, -5.14090118031163e-07, 7.972122944011062e-07, 0.34667256474494934, 0.9379862546920776, -4.768372718899627e-07, -0.9379863142967224, 0.34667277336120605),
            ["RightFoot"] = CFrame.new(-8.009374141693115e-08, 5.960464477539063e-08, -0.00010000931069953367, 0.9721640348434448, -0.2279905378818512, -0.054014358669519424, 0.2040679156780243, 0.937183678150177, -0.2829187512397766, 0.11512412130832672, 0.2640209197998047, 0.9576218128204346),
            ["LeftLowerLeg"] = CFrame.new(0, -0.00006103515625, 0, 1, -9.946526233761688e-07, -0.0000016316773780999938, 9.238721077053924e-07, -0.4715440273284912, 0.8818426728248596, -0.00000162422679750307, -0.8818425536155701, -0.47154396772384644),
        }},
        {Time = 0.120, Data = {
            ["LeftFoot"] = CFrame.new(-6.705522537231445e-08, -1.7881393432617188e-07, 8.195638656616211e-08, 0.9951674938201904, -0.09556925296783447, -0.022541703656315804, 0.08184396475553513, 0.9341650009155273, -0.34732869267463684, 0.05425148829817772, 0.3438055217266083, 0.9374725818634033),
            ["LeftLowerArm"] = CFrame.new(-0.0006768703460693359, -0.000006377696990966797, -0.007729649543762207, 0.9998352527618408, -0.009670818224549294, -0.015359796583652496, -0.0024107322096824646, 0.7679840326309204, -0.6404646039009094, 0.01798976957798004, 0.640395998954773, 0.7678340673446655),
            ["LowerTorso"] = CFrame.new(0.25538232922554016, 0.020641803741455078, 0.003722436958923936, 0.4632670283317566, 0.014064271003007889, -0.8861071467399597, 0.08024274557828903, 0.995101273059845, 0.05774605646729469, 0.8825784921646118, -0.09785551577806473, 0.45986905694007874),
            ["Head"] = CFrame.new(2.9802322387695312e-08, 2.384185791015625e-07, -3.725290298461914e-08, 0.5574361681938171, -0.1664823442697525, 0.8133563995361328, -0.039555590599775314, 0.9732496738433838, 0.22631971538066864, -0.8292770385742188, -0.15833157300949097, 0.5359391570091248),
            ["RightUpperArm"] = CFrame.new(0.007110595703125, -0.01567685604095459, -0.09254874289035797, 0.9830804467201233, 0.02249876968562603, -0.18178735673427582, 0.03586241975426674, 0.9495811462402344, 0.31146299839019775, 0.17962943017482758, -0.312713086605072, 0.9327079653739929),
            ["UpperTorso"] = CFrame.new(-2.2351741790771484e-08, -1.4901161193847656e-07, 7.450580596923828e-09, 0.9820913672447205, -0.014934884384274483, 0.1878126859664917, 0.022148873656988144, 0.9990928769111633, -0.036370646208524704, -0.18709903955459595, 0.03987912833690643, 0.9815313220024109),
            ["HumanoidRootPart"] = CFrame.new(0, 0, 0, 1, 0, 0, 0, 1, 0, 0, 0, 1),
            ["RightHand"] = CFrame.new(-2.9802322387695312e-08, -1.1920928955078125e-07, -5.960464477539063e-08, 0.9993832111358643, 0.034411609172821045, -0.007014725357294083, -0.03356100246310234, 0.9946314096450806, 0.09788778424263, 0.010345522314310074, -0.09759193658828735, 0.9951727986335754),
            ["LeftUpperArm"] = CFrame.new(-0.001376509666442871, 0.00667881965637207, -0.04647250473499298, 0.9961696267127991, -0.04231999069452286, 0.07651931792497635, 0.007332480512559414, 0.9124277234077454, 0.4091716706752777, -0.08713456988334656, -0.4070437252521515, 0.9092432856559753),
            ["RightLowerArm"] = CFrame.new(0.0001766681671142578, 0.00009334087371826172, -0.007729470729827881, 0.9999173879623413, 0.00869380496442318, 0.009468034841120243, -0.0015630057314410806, 0.8133566975593567, -0.581763505935669, -0.012758736498653889, 0.5817005038261414, 0.8133029341697693),
            ["LeftHand"] = CFrame.new(2.9802322387695312e-08, 0.00009959936141967773, 1.1920928955078125e-07, 0.9969181418418884, 0.07605922222137451, -0.01921856962144375, -0.07552067935466766, 0.9967690706253052, 0.027352169156074524, 0.02123689092695713, -0.02581651322543621, 0.9994412064552307),
            ["RightUpperLeg"] = CFrame.new(-0.05738431215286255, -0.1112322062253952, -0.07297336310148239, 0.8571512699127197, 0.5094910860061646, 0.075567327439785, -0.29022759199142456, 0.5989644527435303, -0.7463306784629822, -0.4255110025405884, 0.6177866458892822, 0.6612715721130371),
            ["LeftUpperLeg"] = CFrame.new(0.025801777839660645, 0.14471758902072906, -0.29918742179870605, 0.9764333963394165, 0.20543310046195984, -0.0661458671092987, -0.16503125429153442, 0.5132127404212952, -0.8422453999519348, -0.13907791674137115, 0.8333126902580261, 0.5350210070610046),
            ["RightLowerLeg"] = CFrame.new(-2.086162567138672e-07, -0.00006079673767089844, -0.00009998509631259367, 1, -2.2351733264258655e-07, -2.011657045386528e-07, 2.3841852225814364e-07, 0.3119877576828003, 0.9500860571861267, -1.0430809993522416e-07, -0.9500861167907715, 0.31198805570602417),
            ["RightFoot"] = CFrame.new(3.3993273973464966e-08, 0, -0.0000999869589577429, 0.9550105333328247, -0.2885831594467163, -0.06836926192045212, 0.247755229473114, 0.9030352830886841, -0.3509196937084198, 0.16300950944423676, 0.3181934058666229, 0.9339063763618469),
            ["LeftLowerLeg"] = CFrame.new(7.450580596923828e-08, -0.00006097555160522461, -5.960464477539063e-08, 1, -5.438922698886017e-07, -7.22706431588449e-07, 4.358589080766251e-07, -0.49111831188201904, 0.8710927963256836, -6.631016162828018e-07, -0.8710929155349731, -0.4911186099052429),
        }},
        {Time = 0.140, Data = {
            ["LeftFoot"] = CFrame.new(-4.470348358154297e-08, -2.384185791015625e-07, 2.2351741790771484e-08, 0.9862629771232605, -0.16077114641666412, -0.03792104125022888, 0.122219979763031, 0.8646868467330933, -0.48721522092819214, 0.11112019419670105, 0.4758879244327545, 0.872458279132843),
            ["LeftLowerArm"] = CFrame.new(-0.0006766319274902344, -0.000006318092346191406, -0.007729649543762207, 0.9998343586921692, -0.009307833388447762, -0.015643863007426262, -0.002325355773791671, 0.787044882774353, -0.6168919205665588, 0.018054747954010963, 0.6168256402015686, 0.7868924736976624),
            ["LowerTorso"] = CFrame.new(0.28105199337005615, 0.05684995651245117, 0.0035868564154952765, 0.4534499943256378, 0.017442330718040466, -0.8911111354827881, 0.06503469496965408, 0.9964959025382996, 0.05259858816862106, 0.888905942440033, -0.08180395513772964, 0.4507266581058502),
            ["Head"] = CFrame.new(2.9802322387695312e-08, -1.1920928955078125e-07, 3.725290298461914e-08, 0.5319754481315613, -0.15976354479789734, 0.8315514922142029, -0.04445108398795128, 0.9754163026809692, 0.21584098041057587, -0.8455923199653625, -0.1517854481935501, 0.5117957592010498),
            ["RightUpperArm"] = CFrame.new(0.00704801082611084, -0.01215219497680664, -0.09276922047138214, 0.983221173286438, 0.024841809645295143, -0.18071790039539337, 0.028419047594070435, 0.95772784948349, 0.2862687110900879, 0.18019011616706848, -0.2866014540195465, 0.9409523010253906),
            ["UpperTorso"] = CFrame.new(2.2351741790771484e-08, -2.086162567138672e-07, 1.4901161193847656e-08, 0.9844751358032227, -0.043750472366809845, 0.16998401284217834, 0.05012277886271477, 0.9981852173805237, -0.033377110958099365, -0.16821524500846863, 0.04137902334332466, 0.9848814010620117),
            ["HumanoidRootPart"] = CFrame.new(0, 0, 0, 1, 0, 0, 0, 1, 0, 0, 0, 1),
            ["RightHand"] = CFrame.new(-2.086162567138672e-07, 1.1920928955078125e-07, 1.1920928955078125e-07, 0.9996063113212585, 0.027578122913837433, -0.005168611649423838, -0.0269209835678339, 0.9945899248123169, 0.10032997280359268, 0.007907478138804436, -0.10015150159597397, 0.9949408173561096),
            ["LeftUpperArm"] = CFrame.new(-0.002179265022277832, 0.011725068092346191, -0.055136218667030334, 0.9943453073501587, -0.05574828386306763, 0.09038586169481277, 0.01797208935022354, 0.9271900653839111, 0.3741593062877655, -0.10466394573450089, -0.3704196810722351, 0.9229492545127869),
            ["RightLowerArm"] = CFrame.new(0.0001767277717590332, 0.00009334087371826172, -0.007729530334472656, 0.9999179840087891, 0.008392498828470707, 0.009671746753156185, -0.001505955820903182, 0.8271216154098511, -0.5620207190513611, -0.012716485187411308, 0.5619602799415588, 0.8270666599273682),
            ["LeftHand"] = CFrame.new(5.960464477539063e-08, 0.0000997781753540039, -1.1920928955078125e-07, 0.9961940050125122, 0.08482659608125687, -0.02005007304251194, -0.08411124348640442, 0.9958699941635132, 0.0341830775141716, 0.02286684513092041, -0.03236651048064232, 0.9992145299911499),
            ["RightUpperLeg"] = CFrame.new(-0.0801992416381836, -0.11947048455476761, -0.07424931228160858, 0.8431329131126404, 0.5212600231170654, 0.13196630775928497, -0.3151305317878723, 0.6778771877288818, -0.6642101407051086, -0.43568310141563416, 0.5184309482574463, 0.7358055710792542),
            ["LeftUpperLeg"] = CFrame.new(0.02636459469795227, 0.1261189728975296, -0.2994140088558197, 0.9818719625473022, 0.18737970292568207, -0.028572678565979004, -0.11222194880247116, 0.4531986117362976, -0.8843172192573547, -0.15275409817695618, 0.8714929223060608, 0.4660114645957947),
            ["RightLowerLeg"] = CFrame.new(1.1920928955078125e-07, -0.000060677528381347656, -0.00010001489863498136, 1, -7.301567279682786e-07, -5.736948196499725e-07, 7.897617138041824e-07, 0.40155839920043945, 0.9158333539962769, -3.725291151113197e-07, -0.9158334732055664, 0.4015587866306305),
            ["RightFoot"] = CFrame.new(-2.7939677238464355e-09, 1.7881393432617188e-07, -0.0001000167612801306, 0.942642331123352, -0.32481324672698975, -0.07695256173610687, 0.276183158159256, 0.8883925080299377, -0.36671727895736694, 0.18747888505458832, 0.32443058490753174, 0.927144467830658),
            ["LeftLowerLeg"] = CFrame.new(-1.6391277313232422e-07, -0.00006079673767089844, -1.1920928955078125e-07, 1, -4.898758447779983e-07, -6.854533580735733e-07, 3.1478705864174117e-07, -0.49339061975479126, 0.8698079586029053, -7.376075927822967e-07, -0.8698078989982605, -0.4933903217315674),
        }},
        {Time = 0.160, Data = {
            ["LeftFoot"] = CFrame.new(2.421438694000244e-08, -1.7881393432617188e-07, 0, 0.9796789288520813, -0.19521573185920715, -0.046045396476984024, 0.12605918943881989, 0.7778431177139282, -0.6156855225563049, 0.15600769221782684, 0.597369909286499, 0.7866455912590027),
            ["LeftLowerArm"] = CFrame.new(-0.0006765127182006836, -0.000006556510925292969, -0.007729768753051758, 0.9998332262039185, -0.00882247369736433, -0.015990693122148514, -0.0022336316760629416, 0.8099327683448792, -0.5865183472633362, 0.01812615431845188, 0.5864564776420593, 0.809778094291687),
            ["LowerTorso"] = CFrame.new(0.29776790738105774, 0.08081865310668945, 0.003497106023132801, 0.44977694749832153, 0.020266694948077202, -0.8929109573364258, 0.051812607795000076, 0.9974668025970459, 0.04873887449502945, 0.8916367888450623, -0.06818566471338272, 0.4475874900817871),
            ["Head"] = CFrame.new(-2.9802322387695312e-08, -1.1920928955078125e-07, 0, 0.5110787153244019, -0.15282239019870758, 0.8458391427993774, -0.04780907556414604, 0.9774895906448364, 0.2054959535598755, -0.8582032918930054, -0.14546339213848114, 0.49226781725883484),
            ["RightUpperArm"] = CFrame.new(0.006990313529968262, -0.008437037467956543, -0.09288977086544037, 0.9833511114120483, 0.027061691507697105, -0.17969004809856415, 0.02054719068109989, 0.9659482836723328, 0.2579176723957062, 0.18055061995983124, -0.25731611251831055, 0.949310302734375),
            ["UpperTorso"] = CFrame.new(1.862645149230957e-09, -2.9802322387695312e-08, 2.7939677238464355e-09, 0.9860609769821167, -0.06991057097911835, 0.15098460018634796, 0.07553977519273758, 0.9966334700584412, -0.03186820447444916, -0.14824840426445007, 0.04282933846116066, 0.9880223870277405),
            ["HumanoidRootPart"] = CFrame.new(0, 0, 0, 1, 0, 0, 0, 1, 0, 0, 0, 1),
            ["RightHand"] = CFrame.new(1.1920928955078125e-07, -4.172325134277344e-07, 1.1920928955078125e-07, 0.999786913394928, 0.020356157794594765, -0.003440289758145809, -0.01990336924791336, 0.9946597218513489, 0.10127131640911102, 0.005483389366418123, -0.10118129849433899, 0.9948529005050659),
            ["LeftUpperArm"] = CFrame.new(-0.0032428503036499023, 0.0174257755279541, -0.06411849707365036, 0.9919747710227966, -0.06914803385734558, 0.10585229098796844, 0.029996328055858612, 0.9420037865638733, 0.33425891399383545, -0.12282668799161911, -0.3284015655517578, 0.936518132686615),
            ["RightLowerArm"] = CFrame.new(0.0001766681671142578, 0.00009334087371826172, -0.0077294111251831055, 0.9999188184738159, 0.0080086225643754, 0.009910603053867817, -0.0014174800598993897, 0.8428745865821838, -0.5381082892417908, -0.01266250479966402, 0.5380505323410034, 0.842817485332489),
            ["LeftHand"] = CFrame.new(5.960464477539063e-08, 0.00009924173355102539, 0, 0.9952747821807861, 0.0948491245508194, -0.020781541243195534, -0.09401840716600418, 0.9948502779006958, 0.037861358374357224, 0.02426556497812271, -0.035728659480810165, 0.9990668892860413),
