return {
    ["Kawaii Desu Ne"] = {
        {Time = 0.000, Data = {
            ["RightFoot"] = CFrame.new(3.725290298461914e-09, 2.980232238769531e-07, -8.026108844205737e-08, 0.9674901962280273, 0.17411749064922333, -0.18343007564544678, -0.21681590378284454, 0.9444176554679871, -0.2471153736114502, 0.13020627200603485, 0.27885228395462036, 0.9514659643173218),
            ["LeftLowerArm"] = CFrame.new(-0.0000014007091522216797, 0.0000010132789611816406, 0.0000033974647521972656, 1, -5.7742006731587026e-08, 6.891783499440862e-08, 5.960465898624534e-08, -0.2213374525308609, -0.9751973748207092, 1.1175873737556685e-07, 0.9751973748207092, -0.22133740782737732),
            ["RightUpperArm"] = CFrame.new(2.384185791015625e-07, 0.0000015497207641601562, -3.2782554626464844e-07, 0.5508401989936829, -0.3273777663707733, 0.7677232027053833, 0.24732182919979095, 0.9425702691078186, 0.22448423504829407, -0.7971242070198059, 0.0662197470664978, 0.6001732349395752),
            ["Head"] = CFrame.new(9.592622518539429e-08, 3.5762786865234375e-07, 3.46451997756958e-07, 0.8835593461990356, -0.03657585009932518, 0.46688899397850037, 0.01518146600574255, 0.9986585974693298, 0.049504417926073074, -0.4680732488632202, -0.03665202856063843, 0.882929265499115),
            ["RightHand"] = CFrame.new(-0.0000013597309589385986, 1.1920928955078125e-07, -6.658956408500671e-07, 0.906171441078186, 0.15484118461608887, -0.3935447931289673, -0.13968448340892792, 0.9879223704338074, 0.06706490367650986, 0.3991761803627014, -0.005800202954560518, 0.9168559312820435),
            ["UpperTorso"] = CFrame.new(1.1920928955078125e-07, 4.470348358154297e-07, 2.2351741790771484e-08, 0.9840860366821289, 0.0491989329457283, -0.17074602842330933, -0.04057926684617996, 0.9977369904518127, 0.05361250042915344, 0.17299769818782806, -0.04583055153489113, 0.9838554859161377),
            ["HumanoidRootPart"] = CFrame.new(0, 0, 0, 1, 0, 0, 0, 1, 0, 0, 0, 1),
            ["RightUpperLeg"] = CFrame.new(5.364418029785156e-07, -0.000001980923116207123, 8.77116690389812e-08, 0.9325324296951294, -0.15097978711128235, -0.32800596952438354, 0.15248221158981323, 0.9880767464637756, -0.02129451557993889, 0.3273110091686249, -0.030157512053847313, 0.9444355964660645),
            ["LeftUpperArm"] = CFrame.new(-2.384185791015625e-07, 8.344650268554688e-07, 4.76837158203125e-07, 0.9124846458435059, 0.2966388761997223, -0.28173959255218506, -0.19236056506633759, 0.91888028383255, 0.3444654643535614, 0.3610668480396271, -0.2601238489151001, 0.8955257534980774),
            ["RightLowerArm"] = CFrame.new(0.0000010132789611816406, -5.960464477539062e-07, -0.0000011920928955078125, 1, -8.940694584680386e-08, 8.940700979565008e-08, 8.940705242821423e-08, -0.1117715984582901, -0.9937340021133423, 1.1175881553526779e-07, 0.9937339425086975, -0.1117715984582901),
            ["LeftHand"] = CFrame.new(-5.960464477539063e-08, -6.556510925292969e-07, 0, 0.9648792743682861, -0.17820389568805695, 0.19300603866577148, 0.196370929479599, 0.9773145914077759, -0.07933910191059113, -0.1744890660047531, 0.11445340514183044, 0.9779846668243408),
            ["LeftFoot"] = CFrame.new(-4.470348358154297e-08, 1.1920928955078125e-07, 5.122274160385132e-08, 0.9673563241958618, -0.2534182667732239, -0.0010657301172614098, 0.25296589732170105, 0.9658647775650024, -0.05579952895641327, 0.015170076861977577, 0.053708210587501526, 0.9984414577484131),
            ["LowerTorso"] = CFrame.new(-0.13406507670879364, -0.09018087387084961, 0.13815288245677948, 0.8980955481529236, -0.03268611058592796, -0.4385842978954315, 0.04777737706899643, 0.9985836148262024, 0.02341357059776783, 0.437197744846344, -0.0419820174574852, 0.8983850479125977),
            ["RightLowerLeg"] = CFrame.new(-8.940696716308594e-08, -0.00012230873107910156, -0.00007743583410046995, 1, -1.862645504502325e-08, -1.4901159417490817e-08, 8.195639367158947e-08, 0.9564088582992554, 0.2920309007167816, 6.658957119043407e-08, -0.2920311987400055, 0.9564089179039001),
            ["LeftUpperLeg"] = CFrame.new(0, -2.391170710325241e-07, 3.725290298461914e-09, 0.9533213973045349, 0.282385915517807, -0.10694072395563126, -0.3017796277999878, 0.8788521885871887, -0.36952370405197144, -0.010363319888710976, 0.38454797863960266, 0.9230471253395081),
            ["LeftLowerLeg"] = CFrame.new(2.2351741790771484e-07, 0.00012236833572387695, 0.00007745623588562012, 1, 1.8626440834168534e-08, -8.940696716308594e-08, -2.6077035641947077e-08, 0.9084205031394958, 0.41805753111839294, 2.2351745343485163e-08, -0.4180576801300049, 0.9084206223487854),
        }},
        {Time = 0.033, Data = {
            ["RightFoot"] = CFrame.new(0, 4.172325134277344e-07, -5.045876605436206e-08, 0.9674261212348938, 0.1936945617198944, -0.16300299763679504, -0.23206280171871185, 0.9358314871788025, -0.2652655243873596, 0.10116204619407654, 0.2944518029689789, 0.950296938419342),
            ["LeftLowerArm"] = CFrame.new(-0.000001430511474609375, 5.960464477539063e-08, 0.000003337860107421875, 1, -3.725289587919178e-08, 1.2479718236590998e-07, 8.940692453052179e-08, -0.2160104513168335, -0.9763911366462708, 1.0430807861894209e-07, 0.9763911366462708, -0.21601039171218872),
            ["RightUpperArm"] = CFrame.new(2.384185791015625e-07, 0.0000010728836059570312, -3.2782554626464844e-07, 0.5441558361053467, -0.34671881794929504, 0.7639899253845215, 0.25044772028923035, 0.9362231492996216, 0.24650010466575623, -0.8007312417030334, 0.05720508471131325, 0.5962861776351929),
            ["Head"] = CFrame.new(7.35744833946228e-08, 2.384185791015625e-07, 3.580935299396515e-07, 0.890553891658783, -0.030529223382472992, 0.4538522958755493, 0.025428349152207375, 0.9995262622833252, 0.017339246347546577, -0.45416659116744995, -0.003900808747857809, 0.8909083008766174),
            ["RightHand"] = CFrame.new(-0.0000015087425708770752, 1.7881393432617188e-07, -6.016343832015991e-07, 0.9056734442710876, 0.15498413145542145, -0.39463353157043457, -0.13721413910388947, 0.987843930721283, 0.07305270433425903, 0.40115827322006226, -0.012012587860226631, 0.9159299731254578),
            ["UpperTorso"] = CFrame.new(6.891787052154541e-08, 3.5762786865234375e-07, 7.82310962677002e-08, 0.9841414093971252, 0.047810815274715424, -0.17082062363624573, -0.038448531180620193, 0.9975931644439697, 0.057703688740730286, 0.17316868901252747, -0.05022084712982178, 0.983610987663269),
            ["HumanoidRootPart"] = CFrame.new(0, 0, 0, 1, 0, 0, 0, 1, 0, 0, 0, 1),
            ["RightUpperLeg"] = CFrame.new(5.364418029785156e-07, -0.0000013289973139762878, 3.0750379664823413e-07, 0.9187227487564087, -0.19843757152557373, -0.34142470359802246, 0.18558134138584137, 0.9801128506660461, -0.07027289271354675, 0.34858033061027527, 0.0011989857302978635, 0.9372784495353699),
            ["LeftUpperArm"] = CFrame.new(-1.1920928955078125e-07, 7.152557373046875e-07, 5.364418029785156e-07, 0.9111419320106506, 0.3007001578807831, -0.2817798852920532, -0.1957710236310959, 0.9175384044647217, 0.3461170196533203, 0.36262136697769165, -0.26019740104675293, 0.8948760628700256),
            ["RightLowerArm"] = CFrame.new(2.384185791015625e-07, 0, -0.000001430511474609375, 1, -1.3038513202445756e-07, 1.1175878711355836e-07, 5.960472293509156e-08, -0.13641706109046936, -0.9906516075134277, 1.1920944587018312e-07, 0.990651547908783, -0.13641706109046936),
            ["LeftHand"] = CFrame.new(0, -6.556510925292969e-07, -2.644956111907959e-07, 0.967388927936554, -0.1776392161846161, 0.1805628538131714, 0.19432175159454346, 0.9777354598045349, -0.07919945567846298, -0.16247376799583435, 0.11170399188995361, 0.9803695678710938),
            ["LeftFoot"] = CFrame.new(-1.5273690223693848e-07, 5.960464477539063e-08, -5.587935447692871e-08, 0.9720842838287354, -0.23453634977340698, 0.006721718702465296, 0.23435631394386292, 0.9691550135612488, -0.07625827193260193, 0.011371023021638393, 0.07570460438728333, 0.997065544128418),
            ["LowerTorso"] = CFrame.new(-0.16662469506263733, -0.09781527519226074, 0.12331487238407135, 0.9001307487487793, -0.019874772056937218, -0.43516626954078674, 0.03517268970608711, 0.9990131258964539, 0.027127260342240334, 0.4341975450515747, -0.039724044501781464, 0.8999413847923279),
            ["RightLowerLeg"] = CFrame.new(-8.940696716308594e-08, -0.00012236833572387695, -0.00007725337491137907, 1, -3.352760558072987e-08, 3.725290653733282e-08, 2.2351736461700966e-08, 0.9365023970603943, 0.35066109895706177, 7.078050145992165e-08, -0.3506612181663513, 0.9365025162696838),
            ["LeftUpperLeg"] = CFrame.new(0, 2.514570951461792e-08, -2.2351741790771484e-08, 0.9624767303466797, 0.2466161847114563, -0.11322210729122162, -0.2713634669780731, 0.87575364112854, -0.39926987886428833, 0.000688329862896353, 0.4150134027004242, 0.9098154902458191),
            ["LeftLowerLeg"] = CFrame.new(2.2351741790771484e-07, 0.00012218952178955078, 0.0000776052474975586, 1, 1.7695114706839377e-08, -6.891787762697277e-08, -7.450581307466564e-08, 0.8868861198425293, 0.4619879126548767, -3.725290653733282e-08, -0.46198827028274536, 0.8868862986564636),
        }},
        {Time = 0.067, Data = {
            ["RightFoot"] = CFrame.new(-5.587935447692871e-08, 3.5762786865234375e-07, 1.6596459317952394e-08, 0.970139741897583, 0.18897420167922974, -0.15204666554927826, -0.22879819571971893, 0.9210701584815979, -0.3150885999202728, 0.08050122857093811, 0.3404681980609894, 0.9368035793304443),
            ["LeftLowerArm"] = CFrame.new(-8.344650268554688e-07, 4.172325134277344e-07, 0.0000036954879760742188, 1, -4.09781684140853e-08, 1.1920919007479824e-07, 8.195636524988004e-08, -0.19834895431995392, -0.9801315069198608, 1.9371505288745539e-07, 0.9801314473152161, -0.1983489692211151),
            ["RightUpperArm"] = CFrame.new(1.1920928955078125e-07, 0.0000013113021850585938, -4.172325134277344e-07, 0.5657246112823486, -0.3499455153942108, 0.7466551065444946, 0.23706890642642975, 0.9362775087356567, 0.25919657945632935, -0.7897810935974121, 0.03037479892373085, 0.6126364469528198),
            ["Head"] = CFrame.new(1.0710209608078003e-07, 8.344650268554688e-07, 3.26777808368206e-07, 0.8851134777069092, -0.021458718925714493, 0.4648802876472473, 0.043654922395944595, 0.9983600974082947, -0.03703324869275093, -0.4633232653141022, 0.05307292938232422, 0.8845986723899841),
            ["RightHand"] = CFrame.new(-0.0000013671815395355225, 2.980232238769531e-07, -5.699694156646729e-07, 0.9050482511520386, 0.15509840846061707, -0.39602038264274597, -0.1337602287530899, 0.9876872301101685, 0.08113040775060654, 0.40372753143310547, -0.020455114543437958, 0.914650559425354),
            ["UpperTorso"] = CFrame.new(9.685754776000977e-08, 9.834766387939453e-07, 1.4901161193847656e-08, 0.9838485717773438, 0.046323273330926895, -0.17290464043617249, -0.03566756844520569, 0.9972972273826599, 0.0642353892326355, 0.1754133701324463, -0.057030823081731796, 0.9828417897224426),
            ["HumanoidRootPart"] = CFrame.new(0, 0, 0, 1, 0, 0, 0, 1, 0, 0, 0, 1),
            ["RightUpperLeg"] = CFrame.new(5.364418029785156e-07, -0.0000013946773833595216, 3.1495437724515796e-07, 0.908086895942688, -0.25443288683891296, -0.33262842893600464, 0.2110448181629181, 0.9640793204307556, -0.16127975285053253, 0.3617158532142639, 0.07625627517700195, 0.9291648268699646),
            ["LeftUpperArm"] = CFrame.new(0, 3.5762786865234375e-07, 5.662441253662109e-07, 0.9102604985237122, 0.2978377938270569, -0.28760820627212524, -0.19177840650081635, 0.9189323782920837, 0.34465107321739197, 0.3669426441192627, -0.2585652768611908, 0.8935866355895996),
            ["RightLowerArm"] = CFrame.new(4.76837158203125e-07, 4.172325134277344e-07, -0.0000011324882507324219, 1, -7.450579175838357e-08, 1.1175876579727628e-07, 9.685764013056541e-08, -0.17491720616817474, -0.9845831990242004, 1.4156117345009989e-07, 0.9845831394195557, -0.17491723597049713),
            ["LeftHand"] = CFrame.new(2.384185791015625e-07, -4.172325134277344e-07, -3.3527612686157227e-07, 0.9733771681785583, -0.17547225952148438, 0.14746643602848053, 0.18841490149497986, 0.9789204001426697, -0.07883378863334656, -0.13052473962306976, 0.10451988130807877, 0.9859203696250916),
            ["LeftFoot"] = CFrame.new(1.1920928955078125e-07, -1.1920928955078125e-07, 1.1175870895385742e-08, 0.9746060967445374, -0.2239122837781906, -0.002514794236049056, 0.22297082841396332, 0.9714229106903076, -0.08137326687574387, 0.020663322880864143, 0.07874614000320435, 0.996680498123169),
            ["LowerTorso"] = CFrame.new(-0.18597152829170227, -0.11099803447723389, 0.12485971301794052, 0.9016351103782654, 0.00035014611785300076, -0.4324975609779358, 0.015376431867480278, 0.999341607093811, 0.03286457434296608, 0.43222421407699585, -0.03628211095929146, 0.9010360240936279),
            ["RightLowerLeg"] = CFrame.new(-5.960464477539063e-08, -0.0001226663589477539, -0.00007736513362033293, 1, -7.450577754752885e-08, -8.940698847936801e-08, 7.078050856534901e-08, 0.880506157875061, 0.47403469681739807, 4.0978189730367376e-08, -0.47403469681739807, 0.8805062174797058),
            ["LeftUpperLeg"] = CFrame.new(2.9802322387695312e-08, 2.1854066289961338e-07, 1.1175870895385742e-08, 0.9703736901283264, 0.21995264291763306, -0.09997876733541489, -0.24150654673576355, 0.8709567785263062, -0.42791134119033813, -0.007042808458209038, 0.4393804669380188, 0.8982740044593811),
            ["LeftLowerLeg"] = CFrame.new(1.043081283569336e-07, 0.00012177228927612305, 0.00007751584053039551, 1, 1.0244541925885642e-07, -2.6077039194660756e-08, -3.585591912269592e-08, 0.8745290637016296, 0.4849725663661957, -3.725290298461914e-08, -0.48497307300567627, 0.8745293617248535),
        }},
        {Time = 0.100, Data = {
            ["RightFoot"] = CFrame.new(1.0058283805847168e-07, 2.980232238769531e-07, 3.149762051180005e-08, 0.9712996482849121, 0.18064278364181519, -0.15474368631839752, -0.22388720512390137, 0.9140092134475708, -0.3383215665817261, 0.0803210511803627, 0.3632567524909973, 0.928220272064209),
            ["LeftLowerArm"] = CFrame.new(-0.0000012814998626708984, -6.556510925292969e-07, 0.000003814697265625, 1, -1.1175866632129328e-07, 1.0011711992774508e-07, 8.195639367158947e-08, -0.17734777927398682, -0.9841483235359192, 7.450581307466564e-08, 0.9841482043266296, -0.1773478239774704),
            ["RightUpperArm"] = CFrame.new(2.384185791015625e-07, 0.0000013113021850585938, -3.5762786865234375e-07, 0.5742672681808472, -0.3413158059120178, 0.744124174118042, 0.2592519521713257, 0.937984049320221, 0.23016171157360077, -0.7765343189239502, 0.060741305351257324, 0.6271401643753052),
            ["Head"] = CFrame.new(1.0593794286251068e-07, 7.152557373046875e-07, 2.873130142688751e-07, 0.8903172016143799, -0.03709946945309639, 0.4538272023200989, 0.07908327877521515, 0.9941267967224121, -0.07387753576040268, -0.4484208822250366, 0.10166454315185547, 0.8880220055580139),
            ["RightHand"] = CFrame.new(-0.0000016260892152786255, 4.172325134277344e-07, -4.945322871208191e-07, 0.9043247699737549, 0.1553153097629547, -0.3975850045681, -0.13005156815052032, 0.9874210357666016, 0.08992481976747513, 0.40655043721199036, -0.02961471676826477, 0.9131482839584351),
            ["UpperTorso"] = CFrame.new(7.729977369308472e-08, 6.556510925292969e-07, 5.21540641784668e-08, 0.9846096038818359, 0.03671499714255333, -0.17086799442768097, -0.02594025433063507, 0.9975565671920776, 0.06487039476633072, 0.17283251881599426, -0.059439677745103836, 0.9831562042236328),
            ["HumanoidRootPart"] = CFrame.new(0, 0, 0, 1, 0, 0, 0, 1, 0, 0, 0, 1),
            ["RightUpperLeg"] = CFrame.new(4.172325134277344e-07, -0.0000013923272490501404, 1.39865733217448e-07, 0.9138084053993225, -0.2665690779685974, -0.30642274022102356, 0.20776978135108948, 0.9550913572311401, -0.21126322448253632, 0.3489784896373749, 0.12938883900642395, 0.928155779838562),
            ["LeftUpperArm"] = CFrame.new(-3.5762786865234375e-07, 8.344650268554688e-07, 4.470348358154297e-07, 0.9092327952384949, 0.27740198373794556, -0.3103931248188019, -0.1743076890707016, 0.9308061599731445, 0.32127392292022705, 0.37803784012794495, -0.2380087971687317, 0.894672691822052),
            ["RightLowerArm"] = CFrame.new(4.76837158203125e-07, 7.152557373046875e-07, -0.0000011026859283447266, 1, -7.450579175838357e-08, 8.195640788244418e-08, 7.450589123436657e-08, -0.07813819497823715, -0.9969426393508911, 1.601876675749736e-07, 0.9969425201416016, -0.07813816517591476),
            ["LeftHand"] = CFrame.new(0, -7.748603820800781e-07, -4.386529326438904e-07, 0.9801483750343323, -0.171014204621315, 0.10031643509864807, 0.1791144162416458, 0.9807174801826477, -0.07817470282316208, -0.08501309156417847, 0.0945909395813942, 0.9918797612190247),
            ["LeftFoot"] = CFrame.new(1.9744038581848145e-07, 1.1920928955078125e-07, -2.9802322387695312e-08, 0.9727156162261963, -0.2314101904630661, -0.0165431946516037, 0.22959379851818085, 0.9704187512397766, -0.07466031610965729, 0.033330801874399185, 0.06882453709840775, 0.9970718622207642),
            ["LowerTorso"] = CFrame.new(-0.1755119413137436, -0.11916637420654297, 0.1405576914548874, 0.8989722728729248, 0.01169782318174839, -0.4378494322299957, 0.006255291402339935, 0.9991985559463501, 0.03953820839524269, 0.43796098232269287, -0.038282617926597595, 0.8981784582138062),
            ["RightLowerLeg"] = CFrame.new(2.9802322387695312e-08, -0.0001221299171447754, -0.00007742473826510832, 1, -1.341104365337742e-07, -1.415611023958263e-07, 8.009374852235851e-08, 0.8421271443367004, 0.5392789244651794, -2.980232594040899e-08, -0.5392789840698242, 0.8421272039413452),
            ["LeftUpperLeg"] = CFrame.new(-5.960464477539063e-08, -3.075692802667618e-07, -6.705522537231445e-08, 0.9705004692077637, 0.22692827880382538, -0.08143982291221619, -0.23937825858592987, 0.866646409034729, -0.4377456307411194, -0.02875719591975212, 0.4443281888961792, 0.8954029083251953),
            ["LeftLowerLeg"] = CFrame.new(2.2351741790771484e-07, 0.0001221299171447754, 0.0000775754451751709, 1, 8.381899618825628e-09, 2.421438694000244e-08, -4.0978193283081055e-08, 0.8776465058326721, 0.47930818796157837, -1.4901161193847656e-08, -0.47930842638015747, 0.8776466846466064),
        }},
        {Time = 0.133, Data = {
            ["RightFoot"] = CFrame.new(-2.9802322387695312e-08, 4.172325134277344e-07, -4.300818545743823e-08, 0.9730073809623718, 0.15986162424087524, -0.16643700003623962, -0.20930346846580505, 0.9150925874710083, -0.3446703553199768, 0.09720484912395477, 0.3702024519443512, 0.9238511919975281),
            ["LeftLowerArm"] = CFrame.new(-0.000001430511474609375, 4.172325134277344e-07, 0.0000033676624298095703, 1, -1.378357268322361e-07, 9.685751223287298e-08, 8.940700979565008e-08, -0.15483088791370392, -0.9879410266876221, 7.823113179483698e-08, 0.9879410266876221, -0.15483087301254272),
            ["RightUpperArm"] = CFrame.new(3.5762786865234375e-07, 0.0000013113021850585938, -4.172325134277344e-07, 0.5828154683113098, -0.32909083366394043, 0.7429841160774231, 0.28275349736213684, 0.9393167495727539, 0.19425377249717712, -0.7618245482444763, 0.09686726331710815, 0.6404999494552612),
            ["Head"] = CFrame.new(7.729977369308472e-08, 8.344650268554688e-07, 3.213062882423401e-07, 0.8939034342765808, -0.061719056218862534, 0.443990558385849, 0.12143249064683914, 0.9867817759513855, -0.10731237381696701, -0.43149852752685547, 0.14984172582626343, 0.8895822167396545),
            ["RightHand"] = CFrame.new(-0.0000011343508958816528, 1.1920928955078125e-07, -3.7439167499542236e-07, 0.9036127924919128, 0.15543118119239807, -0.3991554081439972, -0.12603390216827393, 0.9870689511299133, 0.09904783219099045, 0.40938901901245117, -0.03919371962547302, 0.9115176796913147),
            ["UpperTorso"] = CFrame.new(8.603092283010483e-08, 3.5762786865234375e-07, 3.3527612686157227e-08, 0.985602855682373, 0.023325135931372643, -0.16746027767658234, -0.012720340862870216, 0.9978609085083008, 0.06412308663129807, 0.16859818994998932, -0.061069756746292114, 0.9837912917137146),
            ["HumanoidRootPart"] = CFrame.new(0, 0, 0, 1, 0, 0, 0, 1, 0, 0, 0, 1),
            ["RightUpperLeg"] = CFrame.new(4.172325134277344e-07, -0.00000132853165268898, 1.920197973959148e-07, 0.924727737903595, -0.25604724884033203, -0.28163474798202515, 0.1896066814661026, 0.9514549970626831, -0.242451474070549, 0.33004236221313477, 0.17080193758010864, 0.928385317325592),
            ["LeftUpperArm"] = CFrame.new(-3.5762786865234375e-07, 0.0000013113021850585938, 5.662441253662109e-07, 0.9062583446502686, 0.2488335818052292, -0.3417274057865143, -0.15717309713363647, 0.9487853646278381, 0.2740493714809418, 0.3924187123775482, -0.19464915990829468, 0.8989545106887817),
            ["RightLowerArm"] = CFrame.new(8.344650268554688e-07, -3.5762786865234375e-07, -9.5367431640625e-07, 1, -7.823104652970869e-08, 8.940698847936801e-08, 8.940705242821423e-08, 0.042144499719142914, -0.999111533164978, 1.0058293753445469e-07, 0.9991115927696228, 0.042144518345594406),
            ["LeftHand"] = CFrame.new(-2.9802322387695312e-08, -3.5762786865234375e-07, -7.040798664093018e-07, 0.9854241609573364, -0.1638094186782837, 0.045888349413871765, 0.1669803410768509, 0.9829562306404114, -0.07690653204917908, -0.032508235424757004, 0.08344794809818268, 0.9959818124771118),
            ["LeftFoot"] = CFrame.new(4.842877388000488e-08, -5.960464477539063e-08, 1.30385160446167e-08, 0.9676570296287537, -0.24180762469768524, -0.07189694792032242, 0.2404044270515442, 0.9702775478363037, -0.027697551995515823, 0.07645738869905472, 0.009517047554254532, 0.9970275163650513),
            ["LowerTorso"] = CFrame.new(-0.1506674885749817, -0.11879563331604004, 0.17125031352043152, 0.8993761539459229, 0.02079075388610363, -0.4366811513900757, -0.0006074613775126636, 0.9989270567893982, 0.04630865529179573, 0.43717533349990845, -0.041383612900972366, 0.8984237313270569),
            ["RightLowerLeg"] = CFrame.new(1.4901161193847656e-08, -0.0001221299171447754, -0.00007738003478152677, 1, -1.192093321833454e-07, 2.980233304583635e-08, 1.4074610987790948e-07, 0.8174888491630554, 0.5759439468383789, -1.3038514623531228e-07, -0.5759444832801819, 0.8174892663955688),
            ["LeftUpperLeg"] = CFrame.new(1.4901161193847656e-07, -1.3550743460655212e-07, -2.2351741790771484e-08, 0.9671598076820374, 0.2525795102119446, -0.028381921350955963, -0.23990443348884583, 0.8702871203422546, -0.43016916513442993, -0.08395148813724518, 0.4228520691394806, 0.9023020267486572),
            ["LeftLowerLeg"] = CFrame.new(1.7881393432617188e-07, 0.0001221299171447754, 0.00007745623588562012, 1, 1.0244544768056585e-07, -3.958120498026574e-09, -7.450581485102248e-09, 0.9101558923721313, 0.4142654836177826, 2.2351745343485163e-08, -0.4142659604549408, 0.9101561307907104),
        }},
        {Time = 0.167, Data = {
            ["RightFoot"] = CFrame.new(-4.0978193283081055e-08, 4.172325134277344e-07, 1.6952981241047382e-09, 0.9735718965530396, 0.13179750740528107, -0.18651436269283295, -0.18840062618255615, 0.9250888824462891, -0.32972076535224915, 0.12908531725406647, 0.3561461269855499, 0.9254710674285889),
            ["LeftLowerArm"] = CFrame.new(-0.0000013113021850585938, -2.980232238769531e-07, 0.000003606081008911133, 1, -6.705523247774181e-08, 1.1548394240890048e-07, 9.685756197086448e-08, -0.12490130960941315, -0.992169201374054, 8.940698137394065e-08, 0.9921692609786987, -0.12490129470825195),
            ["RightUpperArm"] = CFrame.new(3.5762786865234375e-07, 0.0000010728836059570312, -3.2782554626464844e-07, 0.5924380421638489, -0.3136642873287201, 0.7420458793640137, 0.3008619248867035, 0.9405912160873413, 0.15738612413406372, -0.7473281621932983, 0.13001175224781036, 0.6516115069389343),
            ["Head"] = CFrame.new(8.777715265750885e-08, 0, 3.480818122625351e-07, 0.8865286707878113, -0.0810980573296547, 0.45551085472106934, 0.16243499517440796, 0.97640460729599, -0.1422991007566452, -0.4332227110862732, 0.20014311373233795, 0.8787837624549866),
            ["RightHand"] = CFrame.new(-0.0000014957040548324585, 0, -5.066394805908203e-07, 0.902893602848053, 0.15562593936920166, -0.40070393681526184, -0.1218033879995346, 0.9865825772285461, 0.10871434211730957, 0.4122462272644043, -0.04935042932629585, 0.9097349047660828),
            ["UpperTorso"] = CFrame.new(8.381903171539307e-08, 3.5762786865234375e-07, -1.862645149230957e-08, 0.9863927960395813, 0.01597471721470356, -0.16362786293029785, -0.00568762794137001, 0.997988224029541, 0.06314554810523987, 0.16430774331092834, -0.06135574355721474, 0.9844992160797119),
            ["HumanoidRootPart"] = CFrame.new(0, 0, 0, 1, 0, 0, 0, 1, 0, 0, 0, 1),
            ["RightUpperLeg"] = CFrame.new(2.980232238769531e-07, -0.000001860782504081726, 5.75528247281909e-09, 0.9314302802085876, -0.22996802628040314, -0.2820500433444977, 0.16253162920475006, 0.956315815448761, -0.24298876523971558, 0.3256087899208069, 0.18048514425754547, 0.9281186461448669),
            ["LeftUpperArm"] = CFrame.new(-3.5762786865234375e-07, 4.76837158203125e-07, 5.066394805908203e-07, 0.9010534882545471, 0.21925221383571625, -0.37420743703842163, -0.1438090205192566, 0.9650354981422424, 0.21914732456207275, 0.409171998500824, -0.14364899694919586, 0.9010790586471558),
            ["RightLowerArm"] = CFrame.new(4.172325134277344e-07, 4.76837158203125e-07, -9.5367431640625e-07, 1, -8.195639367158947e-08, 2.235175244891252e-08, 8.195646472586304e-08, 0.17263785004615784, -0.9849854707717896, 3.3527644660580336e-08, 0.9849854707717896, 0.17263782024383545),
            ["LeftHand"] = CFrame.new(5.960464477539063e-08, -7.748603820800781e-07, -3.166496753692627e-07, 0.9881213307380676, -0.15341822803020477, -0.008897623978555202, 0.15233488380908966, 0.9854871034622192, -0.07489552348852158, 0.020258808508515358, 0.07265046238899231, 0.997151792049408),
            ["LeftFoot"] = CFrame.new(-2.9802322387695312e-08, 0, -4.284083843231201e-08, 0.9497578144073486, -0.24250473082065582, -0.19786806404590607, 0.26981285214424133, 0.9547736644744873, 0.12493342161178589, 0.1586226373910904, -0.17204295098781586, 0.9722345471382141),
            ["LowerTorso"] = CFrame.new(-0.12188126146793365, -0.10482728481292725, 0.21747078001499176, 0.9103585481643677, 0.02688719518482685, -0.41294604539871216, -0.00650944747030735, 0.9986940026283264, 0.05067529156804085, 0.4137691557407379, -0.043444618582725525, 0.9093445539474487),
            ["RightLowerLeg"] = CFrame.new(0, -0.00012230873107910156, -0.00007746944174868986, 1, -9.685758328714655e-08, 3.7252917195473856e-08, 1.0244549741855735e-07, 0.82194584608078, 0.5695652365684509, -1.4901162970204496e-08, -0.5695657134056091, 0.8219461441040039),
            ["LeftUpperLeg"] = CFrame.new(2.086162567138672e-07, -8.191855158656836e-07, -1.51805579662323e-07, 0.9546340107917786, 0.28815799951553345, 0.0750923827290535, -0.2328805774450302, 0.8796030282974243, -0.41480693221092224, -0.1855817586183548, 0.37850189208984375, 0.9068055748939514),
            ["LeftLowerLeg"] = CFrame.new(1.4156103134155273e-07, 0.0001221299171447754, 0.0000775456428527832, 1, 4.842875611643649e-08, -4.0978193283081055e-08, 4.4703490686970326e-08, 0.9616537094116211, 0.2742654085159302, -8.940698137394065e-08, -0.27426663041114807, 0.9616541266441345),
        }},
        {Time = 0.200, Data = {
            ["RightFoot"] = CFrame.new(9.313225746154785e-08, 1.7881393432617188e-07, 9.145878721028566e-09, 0.9710384011268616, 0.09593813121318817, -0.21881671249866486, -0.1635141521692276, 0.9346122145652771, -0.31585314869880676, 0.1742056906223297, 0.34248507022857666, 0.9232312440872192),
            ["LeftLowerArm"] = CFrame.new(-0.0000017583370208740234, 7.152557373046875e-07, 0.0000035762786865234375, 1, -9.685756197086448e-08, 1.0803340444454079e-07, 7.450583439094771e-08, -0.08040234446525574, -0.9967625141143799, 1.0430816388407038e-07, 0.9967625737190247, -0.08040235191583633),
            ["RightUpperArm"] = CFrame.new(3.5762786865234375e-07, 0.0000010728836059570312, -4.76837158203125e-07, 0.6049380302429199, -0.3015384078025818, 0.7369699478149414, 0.3125878870487213, 0.9411574006080627, 0.12849749624729156, -0.7323516011238098, 0.1526348739862442, 0.6635990738868713),
            ["Head"] = CFrame.new(9.872019290924072e-08, 2.384185791015625e-07, 2.514570951461792e-07, 0.8630959987640381, -0.09353207051753998, 0.4963034987449646, 0.1972784698009491, 0.9670657515525818, -0.16082625091075897, -0.4649156928062439, 0.23671847581863403, 0.8531224131584167),
            ["RightHand"] = CFrame.new(-0.000001210719347000122, 3.5762786865234375e-07, -3.948807716369629e-07, 0.9020068645477295, 0.1557895839214325, -0.4026329219341278, -0.11696311086416245, 0.9859263896942139, 0.11945255100727081, 0.4155758023262024, -0.060653820633888245, 0.9075340032577515),
            ["UpperTorso"] = CFrame.new(6.426125764846802e-08, 4.76837158203125e-07, 1.0058283805847168e-07, 0.9872036576271057, 0.007172181736677885, -0.1593032330274582, 0.0027172842528671026, 0.9980864524841309, 0.06177531182765961, 0.15944184362888336, -0.06141773611307144, 0.9852951169013977),
            ["HumanoidRootPart"] = CFrame.new(0, 0, 0, 1, 0, 0, 0, 1, 0, 0, 0, 1),
            ["RightUpperLeg"] = CFrame.new(6.556510925292969e-07, -0.0000013988465070724487, 1.7711863620206714e-07, 0.935363233089447, -0.19730083644390106, -0.29354363679885864, 0.13153979182243347, 0.9644720554351807, -0.22910888493061066, 0.32831838726997375, 0.17568758130073547, 0.9280847907066345),
            ["LeftUpperArm"] = CFrame.new(-2.384185791015625e-07, 9.5367431640625e-07, 5.364418029785156e-07, 0.8938922882080078, 0.1947610080242157, -0.4037632942199707, -0.13507075607776642, 0.9758490324020386, 0.1716815084218979, 0.4274488687515259, -0.09892813116312027, 0.8986104726791382),
            ["RightLowerArm"] = CFrame.new(5.960464477539062e-07, 4.172325134277344e-07, -0.0000011324882507324219, 1, -1.2665984172599565e-07, 7.450583439094771e-08, 1.1175884395697722e-07, 0.311462938785553, -0.9502584338188171, 4.8428830723423744e-08, 0.9502583742141724, 0.3114629089832306),
            ["LeftHand"] = CFrame.new(-8.940696716308594e-08, -5.364418029785156e-07, -7.636845111846924e-07, 0.9885652661323547, -0.13956555724143982, -0.057097673416137695, 0.13533557951450348, 0.9881620407104492, -0.07225113362073898, 0.06650548428297043, 0.06369764357805252, 0.9957507848739624),
            ["LeftFoot"] = CFrame.new(-3.3527612686157227e-08, 1.7881393432617188e-07, 7.450580596923828e-09, 0.922895073890686, -0.21256600320339203, -0.3210607171058655, 0.32820215821266174, 0.8703088760375977, 0.36721402406692505, 0.20136557519435883, -0.44427260756492615, 0.8729684948921204),
            ["LowerTorso"] = CFrame.new(-0.08312586694955826, -0.08468008041381836, 0.270796000957489, 0.9258142113685608, 0.0353851243853569, -0.37631914019584656, -0.016288653016090393, 0.9984185099601746, 0.05380778759717941, 0.37762799859046936, -0.043686266988515854, 0.9249262809753418),
            ["RightLowerLeg"] = CFrame.new(-7.450580596923828e-08, -0.0001220703125, -0.00007733533129794523, 1, -8.940699558479537e-08, -6.705523958316917e-08, 4.0978189730367376e-08, 0.8372592926025391, 0.5468054413795471, -1.862644971595273e-08, -0.5468060970306396, 0.8372597098350525),
            ["LeftUpperLeg"] = CFrame.new(-1.7881393432617188e-07, 2.6426278054714203e-07, 0, 0.9263839721679688, 0.29752540588378906, 0.23084840178489685, -0.20534667372703552, 0.9129617810249329, -0.3526096045970917, -0.3156668245792389, 0.27924826741218567, 0.9068493247032166),
            ["LeftLowerLeg"] = CFrame.new(2.644956111907959e-07, 0.00012242794036865234, 0.00007758289575576782, 1, -1.862644793959589e-08, 4.470347292340193e-08, -7.450578820566989e-09, 0.9999846816062927, 0.005530978087335825, 1.4901157641133977e-08, -0.00553173990920186, 0.9999847412109375),
        }},
        {Time = 0.233, Data = {
            ["RightFoot"] = CFrame.new(-5.4016709327697754e-08, 2.384185791015625e-07, -2.0656443666666746e-08, 0.9699169397354126, 0.06583968549966812, -0.23436491191387177, -0.14134667813777924, 0.9361363053321838, -0.3219778835773468, 0.19819749891757965, 0.3454185724258423, 0.917280375957489),
            ["LeftLowerArm"] = CFrame.new(-0.0000012218952178955078, 0.0000012516975402832031, 0.000003933906555175781, 1, -4.842877388000488e-08, 9.872017159295865e-08, 8.195640788244418e-08, -0.02635701186954975, -0.9996525645256042, 2.6077039194660756e-08, 0.9996526837348938, -0.0263570137321949),
            ["RightUpperArm"] = CFrame.new(1.1920928955078125e-07, 0.0000016689300537109375, -5.662441253662109e-07, 0.6496062874794006, -0.3169477581977844, 0.6910541653633118, 0.31624913215637207, 0.9392368793487549, 0.13349409401416779, -0.6913741827011108, 0.13182665407657623, 0.7103686332702637),
            ["Head"] = CFrame.new(6.705522537231445e-08, 9.5367431640625e-07, 2.5331974029541016e-07, 0.800625741481781, -0.12050238996744156, 0.5869221687316895, 0.23226217925548553, 0.9653924703598022, -0.11862393468618393, -0.5523157715797424, 0.2312932312488556, 0.8009061217308044),
            ["RightHand"] = CFrame.new(-0.0000018458813428878784, 1.1920928955078125e-07, -6.221234798431396e-07, 0.935824453830719, 0.12220810353755951, -0.33060234785079956, -0.10556750744581223, 0.9920911192893982, 0.06790309399366379, 0.33628588914871216, -0.02864454686641693, 0.9413242936134338),
            ["UpperTorso"] = CFrame.new(8.335337042808533e-08, 3.8743019104003906e-07, -1.0244548320770264e-08, 0.9878097176551819, -0.00560792488977313, -0.15556524693965912, 0.01446602027863264, 0.9983333945274353, 0.05586787685751915, 0.15499287843704224, -0.05743725225329399, 0.9862446188926697),
            ["HumanoidRootPart"] = CFrame.new(0, 0, 0, 1, 0, 0, 0, 1, 0, 0, 0, 1),
            ["RightUpperLeg"] = CFrame.new(5.960464477539062e-07, -0.0000020917505025863647, 1.7711863620206714e-07, 0.9187290072441101, -0.17776688933372498, -0.35261255502700806, 0.11894509196281433, 0.9760487675666809, -0.18215616047382355, 0.37654900550842285, 0.1254105567932129, 0.917868971824646),
            ["LeftUpperArm"] = CFrame.new(-2.384185791015625e-07, 0.0000013113021850585938, 4.023313522338867e-07, 0.8825403451919556, 0.18213216960430145, -0.43353238701820374, -0.13712191581726074, 0.981554388999939, 0.1332242339849472, 0.4498000144958496, -0.058128997683525085, 0.8912355899810791),
            ["RightLowerArm"] = CFrame.new(5.364418029785156e-07, 0.0000011324882507324219, -0.0000012814998626708984, 1, -1.0430811414607888e-07, 2.9802340151263707e-08, 8.940706663906894e-08, 0.45135360956192017, -0.8923452496528625, 1.8626471032234804e-08, 0.8923451900482178, 0.45135363936424255),
            ["LeftHand"] = CFrame.new(3.2782554626464844e-07, -4.76837158203125e-07, -4.5821070671081543e-07, 0.9897850751876831, -0.0962333232164383, -0.10518841445446014, 0.08949381858110428, 0.9937297105789185, -0.0670243576169014, 0.11097879707813263, 0.05692598968744278, 0.9921911358833313),
            ["LeftFoot"] = CFrame.new(5.960464477539063e-08, 0, -1.862645149230957e-08, 0.9235487580299377, -0.16481691598892212, -0.3462556004524231, 0.30169302225112915, 0.869659960269928, 0.3907336890697479, 0.23672589659690857, -0.46532464027404785, 0.8528976440429688),
            ["LowerTorso"] = CFrame.new(-0.027125177904963493, -0.0604473352432251, 0.3210429847240448, 0.9492505192756653, 0.05134597420692444, -0.3103017210960388, -0.04146236181259155, 0.9984031319618225, 0.03836851939558983, 0.3117762506008148, -0.023555487394332886, 0.9498635530471802),
            ["RightLowerLeg"] = CFrame.new(-2.9802322387695312e-08, -0.00012230873107910156, -0.00007746944174868986, 1, -7.4505820180093e-08, 6.705523247774181e-08, 7.636847243475131e-08, 0.8608008623123169, 0.5089415311813354, 4.004688136660661e-08, -0.5089420080184937, 0.860801100730896),
            ["LeftUpperLeg"] = CFrame.new(-1.1920928955078125e-07, -5.83939254283905e-07, -2.2351741790771484e-08, 0.8937247395515442, 0.2688087224960327, 0.35916224122047424, -0.14198046922683716, 0.9289325475692749, -0.34194397926330566, -0.42555567622184753, 0.2546101212501526, 0.8683760166168213),
            ["LeftLowerLeg"] = CFrame.new(2.0489096641540527e-07, 0.00012236833572387695, 0.00007760897278785706, 1, -3.352760558072987e-08, 7.450577044210149e-09, -1.1175873559921001e-08, 0.9999847412109375, 0.0055304402485489845, -1.1175873559921001e-08, -0.005530911032110453, 0.9999846816062927),
        }},
        {Time = 0.267, Data = {
            ["RightFoot"] = CFrame.new(3.91155481338501e-08, 4.172325134277344e-07, 6.875052349641919e-08, 0.9734753966331482, 0.04408782348036766, -0.22450575232505798, -0.11799980700016022, 0.9374287128448486, -0.32757148146629333, 0.19601501524448395, 0.34537482261657715, 0.9177657961845398),
            ["LeftLowerArm"] = CFrame.new(-0.0000017285346984863281, 8.344650268554688e-07, 0.000003725290298461914, 1, -7.26430968711611e-08, 6.891780657269919e-08, 9.96515154838562e-08, 0.03636851906776428, -0.9993384480476379, 1.2293457984924316e-07, 0.9993384480476379, 0.03636854141950607),
            ["RightUpperArm"] = CFrame.new(1.1920928955078125e-07, 0.0000010728836059570312, -5.662441253662109e-07, 0.6956997513771057, -0.33048513531684875, 0.6377942562103271, 0.3165736198425293, 0.9380658268928528, 0.14076094329357147, -0.6448123455047607, 0.10398145765066147, 0.7572349905967712),
            ["Head"] = CFrame.new(1.1175870895385742e-07, 5.960464477539062e-07, 2.1606683731079102e-07, 0.7348676323890686, -0.15769967436790466, 0.6596214771270752, 0.25493407249450684, 0.9654944539070129, -0.053189076483249664, -0.6284729838371277, 0.20724694430828094, 0.7497135996818542),
            ["RightHand"] = CFrame.new(-0.0000016927951946854591, 5.364418029785156e-07, -7.52799678593874e-07, 0.9708570837974548, 0.078182652592659, -0.22654776275157928, -0.07925175130367279, 0.996845006942749, 0.004387020133435726, 0.22617602348327637, 0.013695147819817066, 0.9739902019500732),
            ["UpperTorso"] = CFrame.new(4.842877388000488e-08, 5.066394805908203e-07, -2.0489096641540527e-08, 0.9886288642883301, -0.01816239207983017, -0.14927542209625244, 0.027281230315566063, 0.9978692531585693, 0.05926835909485817, 0.14788120985031128, -0.06266684085130692, 0.9870178699493408),
            ["HumanoidRootPart"] = CFrame.new(0, 0, 0, 1, 0, 0, 0, 1, 0, 0, 0, 1),
            ["RightUpperLeg"] = CFrame.new(4.76837158203125e-07, -0.0000016842095647007227, 1.9947037799283862e-07, 0.8821545243263245, -0.1594773232936859, -0.443136066198349, 0.11667349189519882, 0.9855946898460388, -0.1224353089928627, 0.45627912878990173, 0.05630447342991829, 0.8880541324615479),
            ["LeftUpperArm"] = CFrame.new(-1.1920928955078125e-07, 5.960464477539062e-07, 5.662441253662109e-07, 0.868553638458252, 0.1742604523897171, -0.4639483094215393, -0.1448688805103302, 0.9845274090766907, 0.09858395159244537, 0.473949134349823, -0.01841379515826702, 0.8803597092628479),
            ["RightLowerArm"] = CFrame.new(3.5762786865234375e-07, 4.172325134277344e-07, -8.046627044677734e-07, 1, -7.450579886381092e-08, 4.4703490686970326e-08, 8.940706663906894e-08, 0.5843701958656311, -0.8114872574806213, 1.8626471032234804e-08, 0.8114872574806213, 0.5843701958656311),
            ["LeftHand"] = CFrame.new(-2.384185791015625e-07, -3.5762786865234375e-07, -0.0000010058283805847168, 0.9874439239501953, -0.02058146707713604, -0.15662352740764618, 0.012285364791750908, 0.9984786510467529, -0.05375364050269127, 0.157491534948349, 0.05115455389022827, 0.9861945509910583),
            ["LeftFoot"] = CFrame.new(-1.1362135410308838e-07, 0, -2.60770320892334e-08, 0.9509881138801575, -0.1557055413722992, -0.2671646773815155, 0.2047492414712906, 0.9645165801048279, 0.16669021546840668, 0.23173125088214874, -0.21322192251682281, 0.9491246342658997),
