return {
    ["Keep Me Satisfied"] = {
        {Time = 0.000, Data = {
            ["RightFoot"] = CFrame.new(3.2782554626464844e-07, -5.960464477539063e-08, 1.7527781892567873e-08, 0.7910006046295166, 0.5722821354866028, -0.21635869145393372, -0.5703875422477722, 0.5618724822998047, -0.5991304516792297, -0.2213057279586792, 0.5973212122917175, 0.7708642482757568),
            ["LeftLowerArm"] = CFrame.new(0.0000012516975402832031, -2.384185791015625e-07, 0.000004678964614868164, 1, 1.8626448650138627e-07, 1.1920928955078125e-07, -1.8626448650138627e-07, 0.9995907545089722, -0.02860693633556366, -1.341104365337742e-07, 0.028607066720724106, 0.9995907545089722),
            ["RightUpperArm"] = CFrame.new(-0.010838508605957031, -0.056194424629211426, -0.08015492558479309, 0.977019190788269, -0.16316112875938416, 0.13715627789497375, 0.10717742145061493, -0.18015657365322113, -0.9777814745903015, 0.18424572050571442, 0.9700114130973816, -0.15852925181388855),
            ["Head"] = CFrame.new(2.9802322387695312e-08, -7.152557373046875e-07, 7.450580596923828e-09, 0.7207498550415039, -0.09695351868867874, 0.686381459236145, -0.14997027814388275, 0.9449107646942139, 0.2909509241580963, -0.6767780780792236, -0.3126397728919983, 0.6665043830871582),
            ["RightHand"] = CFrame.new(1.4901161193847656e-07, 8.940696716308594e-07, -9.5367431640625e-07, 0.9165958166122437, 0.34477466344833374, 0.2024410367012024, -0.23725111782550812, 0.8765866756439209, -0.4186980724334717, -0.32181403040885925, 0.33574745059013367, 0.8852737545967102),
            ["UpperTorso"] = CFrame.new(-7.450580596923828e-09, 3.2782554626464844e-07, -1.1175870895385742e-08, 0.9571865200996399, -0.0070174760185182095, -0.289387047290802, 0.1220138892531395, 0.9163402915000916, 0.3813571035861969, 0.2625006139278412, -0.4003390371799469, 0.8779646754264832),
            ["HumanoidRootPart"] = CFrame.new(0, 0, 0, 1, 0, 0, 0, 1, 0, 0, 0, 1),
            ["RightUpperLeg"] = CFrame.new(0, 1.2479722499847412e-07, -1.6952981241047382e-09, 0.7199588418006897, -0.6702236533164978, 0.1801661252975464, 0.694016695022583, 0.6951552629470825, -0.1873496174812317, 0.00032263973844237626, 0.2599221467971802, 0.965629518032074),
            ["LeftUpperArm"] = CFrame.new(0.05859863758087158, 0.06798994541168213, -0.09094199538230896, 0.7833803296089172, 0.4822124242782593, 0.3921562135219574, -0.2735908031463623, 0.8340559005737305, -0.4790603220462799, -0.5580891370773315, 0.26799625158309937, 0.7853119373321533),
            ["RightLowerArm"] = CFrame.new(3.2782554626464844e-07, 2.384185791015625e-07, -0.0000037066638469696045, 1, 0.000005543231964111328, 0.00001872703796834685, 0.000018941238522529602, -0.49347543716430664, -0.8697597980499268, 0.000004425644874572754, 0.8697597980499268, -0.49347546696662903),
            ["LeftHand"] = CFrame.new(-0.0000016689300537109375, -0.0000011920928955078125, -3.5762786865234375e-07, 0.03088027611374855, 0.08350307494401932, 0.9960289597511292, -0.8230092525482178, 0.5675989985466003, -0.022069256752729416, -0.567188024520874, -0.8190596103668213, 0.08625152707099915),
            ["LeftFoot"] = CFrame.new(1.862645149230957e-08, -2.384185791015625e-07, 0, 0.9808884263038635, -0.11917906999588013, 0.15379899740219116, 0.1904604434967041, 0.7497456073760986, -0.6337242126464844, -0.039783574640750885, 0.650905430316925, 0.7581157088279724),
            ["LowerTorso"] = CFrame.new(-0.27582958340644836, -0.5710099935531616, -0.10474055260419846, 0.8648228645324707, 0.05041266232728958, -0.4995397627353668, -0.1566222757101059, 0.9723856449127197, -0.17301924526691437, 0.4770229160785675, 0.22787007689476013, 0.84883713722229),
            ["RightLowerLeg"] = CFrame.new(-5.960464477539063e-08, -0.0007264614105224609, 0.00004607608570950106, 1, 1.9371512394172896e-07, -1.4901170075631853e-08, -6.705522537231445e-08, 0.22697274386882782, 0.9739011526107788, 1.6391277313232422e-07, -0.9739012122154236, 0.22697295248508453),
            ["LeftUpperLeg"] = CFrame.new(-5.960464477539063e-08, 1.0058283805847168e-07, -2.9802322387695312e-08, 0.9411218166351318, 0.20369639992713928, 0.2698102593421936, -0.03075331449508667, 0.8463699817657471, -0.5317072868347168, -0.3366659879684448, 0.4921034276485443, 0.802801251411438),
            ["LeftLowerLeg"] = CFrame.new(0, -0.0007265210151672363, 0.00008091330528259277, 1, 8.940698137394065e-08, 7.450581307466564e-08, -1.0244549741855735e-07, 0.050949204713106155, 0.998701274394989, 8.940698137394065e-08, -0.998701274394989, 0.05094897001981735),
        }},
        {Time = 0.033, Data = {
            ["RightFoot"] = CFrame.new(1.4901161193847656e-07, -1.1920928955078125e-07, 4.639878170564771e-08, 0.8263695240020752, 0.4970354437828064, -0.2647057771682739, -0.5465958714485168, 0.5949034094810486, -0.589341402053833, -0.13544918596744537, 0.6317006349563599, 0.7632873058319092),
            ["LeftLowerArm"] = CFrame.new(0.0000014603137969970703, -2.384185791015625e-07, 0.000004827976226806641, 1, 1.8905852527950628e-07, 1.0803343286625022e-07, -1.3504177331924438e-07, 0.9995908141136169, -0.028607022017240524, -1.5273690223693848e-07, 0.02860705554485321, 0.9995908141136169),
            ["RightUpperArm"] = CFrame.new(-0.00424116849899292, -0.0630871057510376, -0.05295759439468384, 0.9752305150032043, -0.1090618148446083, 0.1924344301223755, 0.1698206067085266, -0.18826361000537872, -0.9673250317573547, 0.1417268067598343, 0.976044237613678, -0.16507935523986816),
            ["Head"] = CFrame.new(-5.960464477539063e-08, -7.152557373046875e-07, 2.9802322387695312e-08, 0.6944435238838196, -0.09390205144882202, 0.7133937478065491, -0.12295157462358475, 0.9613813161849976, 0.24622921645641327, -0.7089648246765137, -0.258705198764801, 0.6560795903205872),
            ["RightHand"] = CFrame.new(4.172325134277344e-07, 9.5367431640625e-07, -8.046627044677734e-07, 0.883056104183197, 0.36902302503585815, 0.2898855209350586, -0.23510245978832245, 0.8825260400772095, -0.4072777032852173, -0.4061265289783478, 0.2914960980415344, 0.8660781383514404),
            ["UpperTorso"] = CFrame.new(-6.332993507385254e-08, 2.384185791015625e-07, -3.725290298461914e-09, 0.9574543237686157, -0.03407972678542137, -0.28656595945358276, 0.11072632670402527, 0.9603843688964844, 0.2557374835014343, 0.26649776101112366, -0.27658721804618835, 0.9232975840568542),
            ["HumanoidRootPart"] = CFrame.new(0, 0, 0, 1, 0, 0, 0, 1, 0, 0, 0, 1),
            ["RightUpperLeg"] = CFrame.new(0, 1.6670674085617065e-07, -2.4047039914876223e-08, 0.7254642844200134, -0.662603497505188, 0.1861673891544342, 0.6871162056922913, 0.7128474712371826, -0.14042745530605316, -0.03966119512915611, 0.2297936975955963, 0.9724308848381042),
            ["LeftUpperArm"] = CFrame.new(0.06471914052963257, 0.05761730670928955, -0.06282466650009155, 0.6810839176177979, 0.5245521664619446, 0.5108518600463867, -0.3047059178352356, 0.8374573588371277, -0.4536735713481903, -0.6657921671867371, 0.1533302366733551, 0.7302127480506897),
            ["RightLowerArm"] = CFrame.new(4.172325134277344e-07, 5.960464477539062e-07, -0.0000035874545574188232, 1, 0.000004902482032775879, 0.00001884251832962036, 0.000019054103177040815, -0.4638040065765381, -0.8859378099441528, 0.000004425644874572754, 0.8859378099441528, -0.4638040065765381),
            ["LeftHand"] = CFrame.new(-0.0000015087425708770752, -0.0000011324882507324219, 1.4901161193847656e-07, 0.08419568091630936, 0.10831069201231003, 0.9905452728271484, -0.7992743849754333, 0.6009621620178223, 0.002225885633379221, -0.5950391292572021, -0.7919049263000488, 0.1371685415506363),
            ["LeftFoot"] = CFrame.new(-6.332993507385254e-08, -1.7881393432617188e-07, 5.122274160385132e-08, 0.979736864566803, -0.14195187389850616, 0.14129871129989624, 0.19916187226772308, 0.7652044892311096, -0.6122063398361206, -0.021218620240688324, 0.6279426217079163, 0.7779704928398132),
            ["LowerTorso"] = CFrame.new(-0.23175708949565887, -0.511086106300354, -0.15905117988586426, 0.8538807034492493, 0.08740852028131485, -0.5130765438079834, -0.18916451930999756, 0.9705014824867249, -0.14947834610939026, 0.48487579822540283, 0.22469253838062286, 0.845227062702179),
            ["RightLowerLeg"] = CFrame.new(-5.587935447692871e-09, -0.0007265806198120117, 0.000046009030484128743, 1, 1.4901168299275014e-07, 2.2351745343485163e-08, -1.3224780559539795e-07, 0.2637902498245239, 0.9645800590515137, 1.7881393432617188e-07, -0.9645801186561584, 0.2637902796268463),
            ["LeftUpperLeg"] = CFrame.new(-5.960464477539063e-08, 2.384185791015625e-07, 7.450580596923828e-08, 0.9333622455596924, 0.17115488648414612, 0.31550127267837524, -0.019284673035144806, 0.9016329050064087, -0.43207231163978577, -0.3584175407886505, 0.3971954584121704, 0.8448505401611328),
            ["LeftLowerLeg"] = CFrame.new(-8.940696716308594e-08, -0.0007265210151672363, 0.00008092820644378662, 1, 1.3411046495548362e-07, 6.705523958316917e-08, -6.705523247774181e-08, 0.1918010115623474, 0.9814339280128479, 7.450581485102248e-09, -0.9814339280128479, 0.1918010115623474),
        }},
        {Time = 0.067, Data = {
            ["RightFoot"] = CFrame.new(1.6391277313232422e-07, 0, -5.75528247281909e-09, 0.868887186050415, 0.3977620005607605, -0.29465290904045105, -0.4938685894012451, 0.6561734080314636, -0.570553183555603, -0.033600933849811554, 0.6412659883499146, 0.7665824294090271),
            ["LeftLowerArm"] = CFrame.new(0.0000016987323760986328, -4.76837158203125e-07, 0.0000045746564865112305, 1, 8.195637946073475e-08, 1.0430814256778831e-07, -1.8626448650138627e-07, 0.9995907545089722, -0.028607022017240524, -8.195637946073475e-08, 0.028606999665498734, 0.9995907545089722),
            ["RightUpperArm"] = CFrame.new(0.0009216666221618652, -0.06543838977813721, -0.02687576413154602, 0.9687482118606567, -0.055433742702007294, 0.2417728751897812, 0.23032274842262268, -0.1607983261346817, -0.959737241268158, 0.09207817912101746, 0.9854293465614319, -0.14300531148910522),
            ["Head"] = CFrame.new(-8.614733815193176e-08, -7.152557373046875e-07, -2.421438694000244e-08, 0.6745498180389404, -0.045362263917922974, 0.7368345260620117, -0.1402449756860733, 0.9720593690872192, 0.1882336139678955, -0.7247854471206665, -0.2303103804588318, 0.6493405103683472),
            ["RightHand"] = CFrame.new(3.5762786865234375e-07, 0.0000015497207641601562, -5.960464477539062e-07, 0.8135324716567993, 0.4131677448749542, 0.4092146158218384, -0.24987943470478058, 0.8837934136390686, -0.3955624997615814, -0.525095522403717, 0.21954865753650665, 0.8222370743751526),
            ["UpperTorso"] = CFrame.new(2.9802322387695312e-08, 2.384185791015625e-07, -5.21540641784668e-08, 0.9633005857467651, -0.06772539764642715, -0.25974082946777344, 0.1017691120505333, 0.9875519275665283, 0.11993448436260223, 0.2483850121498108, -0.14196637272834778, 0.9582017064094543),
            ["HumanoidRootPart"] = CFrame.new(0, 0, 0, 1, 0, 0, 0, 1, 0, 0, 0, 1),
            ["RightUpperLeg"] = CFrame.new(-2.9802322387695312e-08, 1.909211277961731e-07, -5.3849362302571535e-08, 0.7259669303894043, -0.6531586050987244, 0.21530374884605408, 0.6835983395576477, 0.7195954918861389, -0.12196619063615799, -0.07526832073926926, 0.23572473227977753, 0.9689006805419922),
            ["LeftUpperArm"] = CFrame.new(0.06992632150650024, 0.05558621883392334, -0.03693592548370361, 0.5815303325653076, 0.6123964190483093, 0.5355307459831238, -0.3313932418823242, 0.7795143127441406, -0.5315411686897278, -0.7429676651954651, 0.13163577020168304, 0.6562551856040955),
            ["RightLowerArm"] = CFrame.new(2.086162567138672e-07, 5.960464477539062e-07, -0.000003822380676865578, 1, 0.000004239380359649658, 0.000018954284314531833, 0.00001901108589663636, -0.4335487484931946, -0.901130199432373, 0.000004420987806952326, 0.9011301398277283, -0.4335486590862274),
            ["LeftHand"] = CFrame.new(-0.000001296401023864746, -0.0000011324882507324219, 4.470348358154297e-07, 0.13915377855300903, 0.11183004081249237, 0.9839361310005188, -0.8211167454719543, 0.5684300065040588, 0.05152170732617378, -0.5535373091697693, -0.8150960206985474, 0.17092497646808624),
            ["LeftFoot"] = CFrame.new(-5.960464477539063e-08, 0, -3.864988684654236e-08, 0.9769936800003052, -0.1679241955280304, 0.1314721703529358, 0.21310265362262726, 0.7929766178131104, -0.5707678198814392, -0.00840859767049551, 0.5856533050537109, 0.8105178475379944),
            ["LowerTorso"] = CFrame.new(-0.18481162190437317, -0.4455317258834839, -0.20220109820365906, 0.8327992558479309, 0.12491471320390701, -0.5392974615097046, -0.2269343137741089, 0.9656234979629517, -0.12677636742591858, 0.5049219727516174, 0.2279643565416336, 0.8325179219245911),
            ["RightLowerLeg"] = CFrame.new(4.656612873077393e-10, -0.0007265210151672363, 0.00004602672561304644, 1, 2.533198824039573e-07, 2.235175244891252e-08, -1.126900315284729e-07, 0.268020361661911, 0.9634133577346802, 8.940696716308594e-08, -0.9634132385253906, 0.268020361661911),
            ["LeftUpperLeg"] = CFrame.new(2.9802322387695312e-08, 1.4156103134155273e-07, -4.470348358154297e-08, 0.9204800724983215, 0.1311172991991043, 0.36813679337501526, -0.008529067039489746, 0.9485495686531067, -0.31651368737220764, -0.39069652557373047, 0.2882048189640045, 0.8742393255233765),
            ["LeftLowerLeg"] = CFrame.new(6.705522537231445e-08, -0.0007265806198120117, 0.00008115172386169434, 1, 9.685759039257391e-08, 8.61473310465044e-08, -6.705523247774181e-08, 0.35439521074295044, 0.9350959062576294, 2.980232594040899e-08, -0.9350957870483398, 0.35439497232437134),
        }},
        {Time = 0.100, Data = {
            ["RightFoot"] = CFrame.new(1.9371509552001953e-07, -5.960464477539063e-08, -1.3205863069742918e-08, 0.8829479813575745, 0.36060985922813416, -0.3006049692630768, -0.46839043498039246, 0.7200629115104675, -0.5119765996932983, 0.03183083236217499, 0.5928491353988647, 0.8046842217445374),
            ["LeftLowerArm"] = CFrame.new(0.0000013709068298339844, -1.1920928955078125e-07, 0.000004902482032775879, 1, 1.788139627478813e-07, 1.266598843585598e-07, -1.49011640360186e-07, 0.9995907545089722, -0.02860700711607933, -1.266598985694145e-07, 0.028607048094272614, 0.9995907545089722),
            ["RightUpperArm"] = CFrame.new(0.005935788154602051, -0.06412279605865479, -0.0022322535514831543, 0.9758191704750061, -0.02750430814921856, 0.21684207022190094, 0.20939825475215912, -0.16687160730361938, -0.9634865522384644, 0.06268491595983505, 0.9855949878692627, -0.15707719326019287),
            ["Head"] = CFrame.new(-6.705522537231445e-08, -3.5762786865234375e-07, -3.3527612686157227e-08, 0.6614718437194824, -0.014065282419323921, 0.7498379349708557, -0.12259655445814133, 0.9843471050262451, 0.12661294639110565, -0.7398817539215088, -0.17567844688892365, 0.6493937969207764),
            ["RightHand"] = CFrame.new(2.2351741790771484e-07, 9.5367431640625e-07, -6.258487701416016e-07, 0.7647892832756042, 0.47376158833503723, 0.43663111329078674, -0.3076540529727936, 0.8639901280403137, -0.39858537912368774, -0.5660797357559204, 0.17050251364707947, 0.8065253496170044),
            ["UpperTorso"] = CFrame.new(-2.9802322387695312e-08, 1.1920928955078125e-07, -3.3527612686157227e-08, 0.9724175333976746, -0.08809642493724823, -0.21597060561180115, 0.08981142938137054, 0.99595707654953, -0.0018802813719958067, 0.21526303887367249, -0.017568286508321762, 0.9763981103897095),
            ["HumanoidRootPart"] = CFrame.new(0, 0, 0, 1, 0, 0, 0, 1, 0, 0, 0, 1),
            ["RightUpperLeg"] = CFrame.new(8.940696716308594e-08, -7.729977369308472e-08, -3.056629793718457e-08, 0.7357471585273743, -0.6346166729927063, 0.2365117222070694, 0.6693446636199951, 0.7345944046974182, -0.11112628132104874, -0.1032174602150917, 0.2400684505701065, 0.9652529954910278),
            ["LeftUpperArm"] = CFrame.new(0.07561326026916504, 0.06193256378173828, -0.01166003942489624, 0.49003058671951294, 0.6822264194488525, 0.5426204204559326, -0.3505755066871643, 0.72416090965271, -0.5938754677772522, -0.7981020212173462, 0.10078778862953186, 0.5940329432487488),
            ["RightLowerArm"] = CFrame.new(3.5762786865234375e-07, 2.980232238769531e-07, -0.0000030025839805603027, 1, 0.000003775581262743799, 0.000019060449631069787, 0.000018982684196089394, -0.41063910722732544, -0.9117980003356934, 0.00000441633210357395, 0.9117979407310486, -0.41063910722732544),
            ["LeftHand"] = CFrame.new(-0.0000011920928955078125, -0.0000010132789611816406, 4.76837158203125e-07, 0.18272313475608826, 0.11461454629898071, 0.976460874080658, -0.8026122450828552, 0.5910005569458008, 0.08082091063261032, -0.5678254961967468, -0.7984873056411743, 0.1999807208776474),
            ["LeftFoot"] = CFrame.new(-7.450580596923828e-09, -1.1920928955078125e-07, -3.213062882423401e-08, 0.9745364785194397, -0.19179758429527283, 0.11615635454654694, 0.2242213934659958, 0.8292725086212158, -0.5118904709815979, 0.001854069298133254, 0.5249007940292358, 0.8511615991592407),
            ["LowerTorso"] = CFrame.new(-0.1380261480808258, -0.3792750835418701, -0.2309655249118805, 0.8192025423049927, 0.15343467891216278, -0.5525984764099121, -0.24814702570438385, 0.9635120630264282, -0.10033781826496124, 0.517039954662323, 0.21932266652584076, 0.8273858428001404),
            ["RightLowerLeg"] = CFrame.new(4.377216100692749e-08, -0.0007264614105224609, 0.00004611240728991106, 1, 1.3411047916633834e-07, -2.980232594040899e-08, -1.220032714854824e-07, 0.29000192880630493, 0.9570260643959045, 2.0861628513557662e-07, -0.9570261240005493, 0.2900020182132721),
            ["LeftUpperLeg"] = CFrame.new(2.9802322387695312e-08, -3.2782554626464844e-07, -4.470348358154297e-08, 0.9095243215560913, 0.09794843941926956, 0.40394508838653564, -0.008066071197390556, 0.9758141040802002, -0.21845334768295288, -0.4155724048614502, 0.19543041288852692, 0.8883166909217834),
            ["LeftLowerLeg"] = CFrame.new(3.725290298461914e-08, -0.0007264614105224609, 0.00008114427328109741, 1, 2.980232949312267e-08, 9.220094909778709e-08, -3.725289943190546e-08, 0.5128642916679382, 0.8584697246551514, 1.4901159417490817e-08, -0.8584697246551514, 0.5128642916679382),
        }},
        {Time = 0.133, Data = {
            ["RightFoot"] = CFrame.new(2.384185791015625e-07, -1.1920928955078125e-07, 3.149762051180005e-08, 0.886449933052063, 0.34794390201568604, -0.30519115924835205, -0.45315003395080566, 0.786608099937439, -0.41940730810165405, 0.09413564205169678, 0.5100811719894409, 0.8549596667289734),
            ["LeftLowerArm"] = CFrame.new(0.0000013709068298339844, -5.960464477539062e-07, 0.000004410743713378906, 1, 1.788139627478813e-07, 1.341104507446289e-07, -1.9371509552001953e-07, 0.9995908141136169, -0.028606925159692764, -9.685754776000977e-08, 0.028607048094272614, 0.9995907545089722),
            ["RightUpperArm"] = CFrame.new(0.013457119464874268, -0.06868934631347656, 0.02137202024459839, 0.9967683553695679, -0.08030729740858078, -0.0019274356309324503, -0.027368346229195595, -0.3169388175010681, -0.9480510354042053, 0.07552451640367508, 0.9450400471687317, -0.31811249256134033),
            ["Head"] = CFrame.new(-2.60770320892334e-08, -7.152557373046875e-07, -4.842877388000488e-08, 0.6603803038597107, -0.002999883145093918, 0.7509254217147827, -0.03214535862207413, 0.9989624619483948, 0.03225986286997795, -0.7502430081367493, -0.04544258862733841, 0.659598708152771),
            ["RightHand"] = CFrame.new(4.172325134277344e-07, 0.0000010728836059570312, -4.172325134277344e-07, 0.8349701762199402, 0.4969640076160431, 0.23632854223251343, -0.40247559547424316, 0.8443757891654968, -0.3536147475242615, -0.3752843141555786, 0.20014134049415588, 0.9050444960594177),
            ["UpperTorso"] = CFrame.new(-1.1548399925231934e-07, -1.7881393432617188e-07, -7.078051567077637e-08, 0.987013041973114, -0.09256990253925323, -0.13128657639026642, 0.08146416395902634, 0.9928202629089355, -0.08758827298879623, 0.13845187425613403, 0.07575555890798569, 0.9874675869941711),
            ["HumanoidRootPart"] = CFrame.new(0, 0, 0, 1, 0, 0, 0, 1, 0, 0, 0, 1),
            ["RightUpperLeg"] = CFrame.new(-2.9802322387695312e-08, -2.3606116883456707e-07, -8.01592250354588e-08, 0.7688429951667786, -0.5954340696334839, 0.2331068217754364, 0.6290445327758789, 0.7697576284408569, -0.10851927101612091, -0.11481954157352448, 0.23006850481033325, 0.9663771390914917),
            ["LeftUpperArm"] = CFrame.new(0.08564996719360352, 0.07457423210144043, 0.014506757259368896, 0.48056504130363464, 0.7521597146987915, 0.4509025812149048, -0.399524986743927, 0.6454870700836182, -0.6509425044059753, -0.7806644439697266, 0.13267339766025543, 0.6107050776481628),
            ["RightLowerArm"] = CFrame.new(4.470348358154297e-07, 5.364418029785156e-07, -0.000003814697265625, 1, 0.000003635883331298828, 0.000019252305719419383, 0.000018984081179951318, -0.4019172191619873, -0.9156760573387146, 0.000004366040684544714, 0.9156760573387146, -0.4019172489643097),
            ["LeftHand"] = CFrame.new(-0.0000011324882507324219, -0.0000010132789611816406, 1.9371509552001953e-07, 0.08401764929294586, 0.12355024367570877, 0.9887751936912537, -0.7513738870620728, 0.6596152186393738, -0.018575329333543777, -0.6545062065124512, -0.7413792014122009, 0.14825186133384705),
            ["LeftFoot"] = CFrame.new(5.4016709327697754e-08, -5.960464477539063e-08, 2.7939677238464355e-08, 0.9743014574050903, -0.21191523969173431, 0.0763455405831337, 0.22344042360782623, 0.8664216995239258, -0.4465283751487732, 0.028478695079684258, 0.4521121680736542, 0.8915064930915833),
            ["LowerTorso"] = CFrame.new(-0.09452535212039948, -0.3159445524215698, -0.24395066499710083, 0.8240950107574463, 0.1600964218378067, -0.5433567762374878, -0.2400335967540741, 0.9675471782684326, -0.07897144556045532, 0.5130802392959595, 0.1955038607120514, 0.8357792496681213),
            ["RightLowerLeg"] = CFrame.new(-1.1920928955078125e-07, -0.0007265210151672363, 0.000046070497774053365, 1, 1.639127589214695e-07, 2.980232949312267e-08, -1.0430811414607888e-07, 0.3250468075275421, 0.9456978440284729, 1.4901159772762185e-07, -0.9456979632377625, 0.32504722476005554),
            ["LeftUpperLeg"] = CFrame.new(0, -5.21540641784668e-08, -4.470348358154297e-08, 0.8979895710945129, 0.10006260126829147, 0.42848852276802063, -0.03394544497132301, 0.9866517186164856, -0.15926770865917206, -0.4387056827545166, 0.1284753531217575, 0.8893994688987732),
            ["LeftLowerLeg"] = CFrame.new(-2.2351741790771484e-08, -0.0007266402244567871, 0.00008097290992736816, 1, 7.078050856534901e-08, 4.0978193283081055e-08, -4.0978189730367376e-08, 0.6381288170814514, 0.7699295282363892, 7.4505797087454084e-09, -0.7699297070503235, 0.638128936290741),
        }},
        {Time = 0.167, Data = {
            ["RightFoot"] = CFrame.new(1.9371509552001953e-07, 0, 1.6596459317952394e-08, 0.8582620620727539, 0.3863750100135803, -0.33778712153434753, -0.4816831350326538, 0.8335922956466675, -0.27038073539733887, 0.1771087497472763, 0.3947637975215912, 0.9015510082244873),
            ["LeftLowerArm"] = CFrame.new(0.0000013113021850585938, -1.1920928955078125e-07, 0.000004559755325317383, 1, 1.341104507446289e-07, 1.0430814256778831e-07, -1.4901162614933128e-07, 0.9995908141136169, -0.028607051819562912, -8.940698137394065e-08, 0.028607070446014404, 0.9995908141136169),
            ["RightUpperArm"] = CFrame.new(0.021593749523162842, -0.0738840103149414, 0.039962947368621826, 0.9725891947746277, -0.21584762632846832, -0.0864863470196724, -0.17148348689079285, -0.41459783911705017, -0.8937013149261475, 0.1570463478565216, 0.8840353488922119, -0.44024768471717834),
            ["Head"] = CFrame.new(-3.4924596548080444e-09, -3.5762786865234375e-07, 1.280568540096283e-08, 0.6443876624107361, 0.019397377967834473, 0.7644529342651367, 0.07588943839073181, 0.9931210875511169, -0.08917002379894257, -0.7609240412712097, 0.11547393351793289, 0.6384828686714172),
            ["RightHand"] = CFrame.new(1.4901161193847656e-07, 0.0000011324882507324219, -5.066394805908203e-07, 0.9619879126548767, 0.2592725455760956, 0.08577131479978561, -0.22560863196849823, 0.931486189365387, -0.28536713123321533, -0.15388284623622894, 0.25516897439956665, 0.9545726180076599),
            ["UpperTorso"] = CFrame.new(4.6566128730773926e-09, 4.172325134277344e-07, -1.6298145055770874e-09, 0.9947339296340942, -0.08348193764686584, -0.059458401054143906, 0.07499928772449493, 0.9882917404174805, -0.13287067413330078, 0.06985436379909515, 0.12771160900592804, 0.989348292350769),
            ["HumanoidRootPart"] = CFrame.new(0, 0, 0, 1, 0, 0, 0, 1, 0, 0, 0, 1),
            ["RightUpperLeg"] = CFrame.new(5.960464477539063e-08, 1.5147088561207056e-07, -2.003071131184697e-08, 0.8132339119911194, -0.5279902815818787, 0.24469779431819916, 0.5601285099983215, 0.8242285847663879, -0.08308566361665726, -0.15781863033771515, 0.20463025569915771, 0.9660331010818481),
            ["LeftUpperArm"] = CFrame.new(0.09731370210647583, 0.09038245677947998, 0.03725595772266388, 0.507114052772522, 0.8083584308624268, 0.29898500442504883, -0.5047493577003479, 0.5597301125526428, -0.6572141647338867, -0.6986154913902283, 0.1823701411485672, 0.6918653249740601),
            ["RightLowerArm"] = CFrame.new(5.960464477539062e-07, 6.556510925292969e-07, -0.0000040531158447265625, 1, 0.000002592802047729492, 0.000019311910364194773, 0.000018984081179951318, -0.3557654619216919, -0.9345753192901611, 0.0000043958430069324095, 0.9345752596855164, -0.35576552152633667),
            ["LeftHand"] = CFrame.new(-0.0000012814998626708984, -0.0000012516975402832031, -8.940696716308594e-08, 0.035992756485939026, 0.14397086203098297, 0.9889272451400757, -0.677444338798523, 0.7310150861740112, -0.08176727592945099, -0.7346929311752319, -0.6670002341270447, 0.12384356558322906),
            ["LeftFoot"] = CFrame.new(2.7939677238464355e-08, -5.960464477539063e-08, -7.450580596923828e-09, 0.9733590483665466, -0.22464963793754578, 0.04587823525071144, 0.225138857960701, 0.8985375165939331, -0.37675291299819946, 0.043414145708084106, 0.37704503536224365, 0.9251769781112671),
            ["LowerTorso"] = CFrame.new(-0.059521064162254333, -0.2579442262649536, -0.23988932371139526, 0.8381041884422302, 0.14021870493888855, -0.5271812677383423, -0.21566900610923767, 0.972836971282959, -0.08411368727684021, 0.5010671019554138, 0.18419267237186432, 0.8455796241760254),
            ["RightLowerLeg"] = CFrame.new(-3.3527612686157227e-08, -0.0007265210151672363, 0.00004603883280651644, 1, 1.3411047916633834e-07, -1.4901166522918174e-08, -4.097818262494002e-08, 0.3600933849811554, 0.9329162836074829, 1.5646214990283625e-07, -0.9329163432121277, 0.3600933849811554),
            ["LeftUpperLeg"] = CFrame.new(0, 1.7136335372924805e-07, 0, 0.8934676647186279, 0.11612540483474731, 0.43385517597198486, -0.07492738962173462, 0.9909977912902832, -0.11094693839550018, -0.4428333044052124, 0.06661979854106903, 0.8941256403923035),
            ["LeftLowerLeg"] = CFrame.new(4.842877388000488e-08, -0.0007266402244567871, 0.000080890953540802, 1, 4.0978189730367376e-08, 3.725290653733282e-08, -7.450580596923828e-08, 0.731968343257904, 0.6813386678695679, 7.82310962677002e-08, -0.6813387870788574, 0.731968343257904),
        }},
        {Time = 0.200, Data = {
            ["RightFoot"] = CFrame.new(2.384185791015625e-07, -1.1920928955078125e-07, 1.6596459317952394e-08, 0.8731487393379211, 0.4404250979423523, -0.2088947296142578, -0.4797671437263489, 0.8522733449935913, -0.20845618844032288, 0.08622610569000244, 0.28223395347595215, 0.9554628133773804),
            ["LeftLowerArm"] = CFrame.new(0.0000017285346984863281, -3.5762786865234375e-07, 0.000005260109901428223, 1, 1.564622067462551e-07, 1.4901162614933128e-07, -1.6391281576488836e-07, 0.9995908141136169, -0.028607066720724106, -1.49011640360186e-07, 0.028606992214918137, 0.9995908141136169),
            ["RightUpperArm"] = CFrame.new(0.03188365697860718, -0.07406270503997803, 0.047405362129211426, 0.9510712027549744, -0.28829002380371094, -0.11114154011011124, -0.22330069541931152, -0.3927372694015503, -0.8921291828155518, 0.21354223787784576, 0.8732962608337402, -0.4378962516784668),
            ["Head"] = CFrame.new(2.421438694000244e-08, -7.152557373046875e-07, 5.587935447692871e-08, 0.6455545425415039, 0.047580454498529434, 0.7622308135032654, 0.16527460515499115, 0.9657025337219238, -0.20025767385959625, -0.7456163763999939, 0.2552543580532074, 0.6155493855476379),
            ["RightHand"] = CFrame.new(1.4901161193847656e-07, 8.344650268554688e-07, -7.748603820800781e-07, 0.995705246925354, 0.09204966574907303, 0.00990485493093729, -0.08418360352516174, 0.944716215133667, -0.31689828634262085, -0.038527727127075195, 0.31470343470573425, 0.948407769203186),
            ["UpperTorso"] = CFrame.new(5.587935447692871e-09, -5.960464477539063e-08, -4.190951585769653e-08, 0.9973419308662415, -0.04841892421245575, -0.0544484406709671, 0.04244471341371536, 0.9934617877006531, -0.10598259419202805, 0.059224292635917664, 0.10338999330997467, 0.9928761720657349),
            ["HumanoidRootPart"] = CFrame.new(0, 0, 0, 1, 0, 0, 0, 1, 0, 0, 0, 1),
            ["RightUpperLeg"] = CFrame.new(2.9802322387695312e-08, -4.1688326746225357e-07, 8.549250196665525e-09, 0.8470055460929871, -0.4530167281627655, 0.2781320810317993, 0.4938444495201111, 0.8641979694366455, -0.0963311567902565, -0.19672146439552307, 0.21894705295562744, 0.9557002186775208),
            ["LeftUpperArm"] = CFrame.new(0.10994952917098999, 0.1027001142501831, 0.04808250814676285, 0.4497373402118683, 0.8558053970336914, 0.25560489296913147, -0.4264054596424103, 0.45719027519226074, -0.7804841995239258, -0.7848023772239685, 0.2420213222503662, 0.5705354809761047),
            ["RightLowerArm"] = CFrame.new(3.2782554626464844e-07, 0.0000010132789611816406, -0.0000032782554626464844, 1, 0.0000016242265701293945, 0.000019431121472734958, 0.000019013883502339013, -0.30345696210861206, -0.9528452157974243, 0.0000043958430069324095, 0.9528452157974243, -0.3034569025039673),
            ["LeftHand"] = CFrame.new(-9.5367431640625e-07, -0.0000011920928955078125, 5.662441253662109e-07, 0.19957828521728516, 0.29335954785346985, 0.9349376559257507, -0.7227606177330017, 0.6883389353752136, -0.061697594821453094, -0.6616536974906921, -0.6634227633476257, 0.3494066596031189),
            ["LeftFoot"] = CFrame.new(-1.0803341865539551e-07, -1.1920928955078125e-07, -1.1175870895385742e-08, 0.9742519855499268, -0.22164005041122437, 0.04133635386824608, 0.2227730005979538, 0.9180845618247986, -0.32786139845848083, 0.03471691533923149, 0.3286280930042267, 0.943821132183075),
            ["LowerTorso"] = CFrame.new(-0.04977180063724518, -0.2133176326751709, -0.21728694438934326, 0.863730251789093, 0.0819019302725792, -0.4972546398639679, -0.17167170345783234, 0.9755088090896606, -0.13751907646656036, 0.47381314635276794, 0.2041439265012741, 0.856636643409729),
            ["RightLowerLeg"] = CFrame.new(-1.1175870895385742e-07, -0.0007264018058776855, 0.00004608353629009798, 1, 2.682210720195144e-07, 5.960465898624534e-08, -1.30385160446167e-07, 0.3297824263572693, 0.9440571069717407, 1.1175870895385742e-07, -0.9440569877624512, 0.32978230714797974),
            ["LeftUpperLeg"] = CFrame.new(5.960464477539063e-08, -1.7508864402770996e-07, -8.940696716308594e-08, 0.9055030345916748, 0.15254148840904236, 0.3959740400314331, -0.12916365265846252, 0.9879544377326965, -0.08522268384695053, -0.40420424938201904, 0.02602412924170494, 0.9142984747886658),
            ["LeftLowerLeg"] = CFrame.new(-2.2351741790771484e-08, -0.0007262229919433594, 0.0000808611512184143, 1, 5.401672709126615e-08, 2.2351745343485163e-08, -2.7939680791178034e-08, 0.7624712586402893, 0.6470223665237427, 3.3527616238870905e-08, -0.6470221877098083, 0.7624710202217102),
        }},
        {Time = 0.233, Data = {
            ["RightFoot"] = CFrame.new(1.6391277313232422e-07, -5.960464477539063e-08, 1.6596459317952394e-08, 0.9246075749397278, 0.35606321692466736, -0.13535146415233612, -0.38091105222702026, 0.8668187856674194, -0.3217633366584778, 0.0027570652309805155, 0.3490619361400604, 0.9370957016944885),
            ["LeftLowerArm"] = CFrame.new(0.0000010728836059570312, -2.980232238769531e-07, 0.000004842877388000488, 1, 1.9744038581848145e-07, 1.2293459406009788e-07, -8.568168397005138e-08, 0.9985509514808655, -0.05381520092487335, -1.2386591663471336e-07, 0.05381518602371216, 0.9985510110855103),
            ["RightUpperArm"] = CFrame.new(0.04593300819396973, -0.07287180423736572, 0.0476398766040802, 0.9381077289581299, -0.33668577671051025, -0.0812198594212532, -0.20388120412826538, -0.3472643792629242, -0.9153360724449158, 0.27997586131095886, 0.8752428889274597, -0.3944150507450104),
            ["Head"] = CFrame.new(-5.21540641784668e-08, -3.5762786865234375e-07, 1.862645149230957e-09, 0.6659547686576843, 0.040069568902254105, 0.7449153065681458, 0.255233496427536, 0.9260542988777161, -0.2779921591281891, -0.7009708881378174, 0.3752572238445282, 0.6064830422401428),
            ["RightHand"] = CFrame.new(1.6391277313232422e-07, 0.0000010728836059570312, -5.960464477539062e-07, 0.9900748133659363, -0.13971100747585297, 0.01525000762194395, 0.1356131136417389, 0.921235978603363, -0.3646003305912018, 0.03688978776335716, 0.3630496561527252, 0.9310392737388611),
            ["UpperTorso"] = CFrame.new(-1.4901161193847656e-08, -8.940696716308594e-08, -1.862645149230957e-09, 0.9972926378250122, -0.010558364912867546, -0.07277321815490723, 0.007277467288076878, 0.9989513754844666, -0.045203566551208496, 0.07317404448986053, 0.044551603496074677, 0.9963236451148987),
            ["HumanoidRootPart"] = CFrame.new(0, 0, 0, 1, 0, 0, 0, 1, 0, 0, 0, 1),
            ["RightUpperLeg"] = CFrame.new(2.9802322387695312e-08, -1.234002411365509e-07, 7.281050784513354e-08, 0.8959971070289612, -0.35462871193885803, 0.2672599256038666, 0.4097961187362671, 0.8921616077423096, -0.19003956019878387, -0.17104534804821014, 0.2797967195510864, 0.9446994662284851),
            ["LeftUpperArm"] = CFrame.new(0.12689208984375, 0.11808109283447266, 0.05158653482794762, 0.4261937737464905, 0.8666473031044006, 0.25938680768013, -0.2997228801250458, 0.40581420063972473, -0.8634124994277954, -0.8535367846488953, 0.2902368903160095, 0.43270939588546753),
            ["RightLowerArm"] = CFrame.new(1.1920928955078125e-07, 5.960464477539062e-07, -0.000003516674041748047, 1, 3.129243850708008e-07, 0.000019490724298520945, 0.000018969178199768066, -0.24436238408088684, -0.9696841239929199, 0.000004388391971588135, 0.9696840643882751, -0.24436227977275848),
            ["LeftHand"] = CFrame.new(-0.000001341104507446289, -0.0000013113021850585938, -1.6763806343078613e-07, 0.399878591299057, 0.462439626455307, 0.7913572192192078, -0.6957338452339172, 0.7152249217033386, -0.06639137864112854, -0.5967005491256714, -0.5240256190299988, 0.6077384352684021),
            ["LeftFoot"] = CFrame.new(9.313225746154785e-09, -1.7881393432617188e-07, 4.0978193283081055e-08, 0.9774678945541382, -0.21047919988632202, 0.015967663377523422, 0.20879772305488586, 0.9530067443847656, -0.21950314939022064, 0.030983522534370422, 0.21789133548736572, 0.9754811525344849),
            ["LowerTorso"] = CFrame.new(-0.05195022001862526, -0.18651604652404785, -0.17842495441436768, 0.8966934680938721, 0.020040443167090416, -0.44219812750816345, -0.12343156337738037, 0.9706714749336243, -0.20630477368831635, 0.4250946640968323, 0.2395733743906021, 0.8728683590888977),
            ["RightLowerLeg"] = CFrame.new(2.2351741790771484e-08, -0.0007262825965881348, 0.00004613569035427645, 1, 1.1175869474300271e-07, 1.4901170075631853e-08, -8.940698137394065e-08, 0.19303856790065765, 0.9811911582946777, 1.4901162614933128e-07, -0.9811912178993225, 0.1930389702320099),
            ["LeftUpperLeg"] = CFrame.new(-5.960464477539063e-08, -1.993030309677124e-07, -2.9802322387695312e-08, 0.9247902631759644, 0.22596341371536255, 0.3061102330684662, -0.18218308687210083, 0.9693009257316589, -0.16512160003185272, -0.3340243399143219, 0.0969347134232521, 0.9375667572021484),
            ["LeftLowerLeg"] = CFrame.new(-8.195638656616211e-08, -0.0007264614105224609, 0.0000810772180557251, 1, 8.754434333013705e-08, 4.0978196835794733e-08, -4.842878098543224e-08, 0.6683003902435303, 0.7438916563987732, 4.4703490686970326e-08, -0.7438915967941284, 0.6683002710342407),
        }},
        {Time = 0.267, Data = {
            ["RightFoot"] = CFrame.new(1.341104507446289e-07, -5.960464477539063e-08, 1.6952981241047382e-09, 0.957091748714447, 0.2778578996658325, -0.08228345960378647, -0.28739020228385925, 0.8736813068389893, -0.39254021644592285, -0.03718084096908569, 0.399344265460968, 0.9160467982292175),
            ["LeftLowerArm"] = CFrame.new(0.0000010728836059570312, -2.384185791015625e-07, 0.000004697591066360474, 1, 1.0710209608078003e-07, 1.0011719098201866e-07, -1.5133993258586997e-07, 0.9873658418655396, -0.15845748782157898, -1.1455269088855857e-07, 0.15845750272274017, 0.9873658418655396),
            ["RightUpperArm"] = CFrame.new(0.052570343017578125, -0.06569159030914307, 0.04535982012748718, 0.9129679799079895, -0.4078349471092224, -0.012655677273869514, -0.11185523122549057, -0.22032690048217773, -0.9689914584159851, 0.39240017533302307, 0.8860737681388855, -0.24676987528800964),
            ["Head"] = CFrame.new(2.9802322387695312e-08, -8.344650268554688e-07, 6.146728992462158e-08, 0.694398045539856, 0.052608199417591095, 0.7176655530929565, 0.31876033544540405, 0.8716471195220947, -0.37232157588005066, -0.645138144493103, 0.48730263113975525, 0.5885004997253418),
            ["RightHand"] = CFrame.new(2.980232238769531e-07, 0.0000013113021850585938, -8.642673492431641e-07, 0.9309163689613342, -0.3507399559020996, 0.10186304897069931, 0.35525959730148315, 0.8048374056816101, -0.4754234850406647, 0.08476685732603073, 0.47876742482185364, 0.8738400936126709),
            ["UpperTorso"] = CFrame.new(-4.284083843231201e-08, -8.940696716308594e-08, 1.862645149230957e-08, 0.9951803088188171, 0.024948174133896828, -0.0948357805609703, -0.02738134004175663, 0.999326229095459, -0.0244425181299448, 0.09416217356920242, 0.026921367272734642, 0.99519282579422),
            ["HumanoidRootPart"] = CFrame.new(0, 0, 0, 1, 0, 0, 0, 1, 0, 0, 0, 1),
            ["RightUpperLeg"] = CFrame.new(-1.1920928955078125e-07, -5.587935447692871e-08, 9.480572771281004e-09, 0.9333899021148682, -0.2797975242137909, 0.2247145026922226, 0.33745288848876953, 0.897378146648407, -0.2843206524848938, -0.1221015676856041, 0.3412124812602997, 0.9320220351219177),
            ["LeftUpperArm"] = CFrame.new(0.13465040922164917, 0.13040030002593994, 0.05239972099661827, 0.4511384069919586, 0.8696079254150391, 0.2006397694349289, -0.22474122047424316, 0.3282720446586609, -0.9174579381942749, -0.8636929988861084, 0.36880841851234436, 0.3435327112674713),
            ["RightLowerArm"] = CFrame.new(2.384185791015625e-07, 7.748603820800781e-07, -0.000003546476364135742, 1, -5.364416892916779e-07, 0.000019475823137327097, 0.000018969176380778663, -0.19774627685546875, -0.9802533388137817, 0.0000044032926780346315, 0.980253279209137, -0.19774626195430756),
            ["LeftHand"] = CFrame.new(-0.0000014603137969970703, -0.0000013113021850585938, 1.83936208486557e-07, 0.5126534104347229, 0.5321685671806335, 0.6737822890281677, -0.7104865312576294, 0.7035488486289978, -0.015098612755537033, -0.48207393288612366, -0.47097304463386536, 0.7387757301330566),
            ["LeftFoot"] = CFrame.new(8.940696716308594e-08, -1.1920928955078125e-07, -2.9802322387695312e-08, 0.9799715876579285, -0.19911964237689972, 0.0026461025699973106, 0.1977381855249405, 0.9714279174804688, -0.13125403225421906, 0.023564614355564117, 0.12914827466011047, 0.991345226764679),
