return {
    ["Keep It Mello"] = {
        {Time = 0.000, Data = {
            ["RightFoot"] = CFrame.new(2.3283064365386963e-08, 2.384185791015625e-07, 1.1008523870259523e-08, 0.9993056654930115, -0.03451801836490631, -0.014030787162482738, 0.034590937197208405, 0.9993890523910522, 0.00499984435737133, 0.013849576003849506, -0.005481588654220104, 0.999889075756073),
            ["LeftLowerArm"] = CFrame.new(-0.0000023245811462402344, 2.980232238769531e-07, -2.682209014892578e-07, 1, 1.4901161193847656e-08, 0, 0, 1, 5.21540464148984e-08, 0, 3.725290298461914e-08, 1),
            ["RightUpperArm"] = CFrame.new(2.384185791015625e-07, 4.76837158203125e-07, 1.4901161193847656e-07, 0.9885206818580627, -0.015667594969272614, 0.15027102828025818, 0.10437779873609543, 0.7899171113967896, -0.6042650938034058, -0.10923425108194351, 0.613013505935669, 0.7824847102165222),
            ["Head"] = CFrame.new(-4.470348358154297e-08, 1.1920928955078125e-07, 5.21540641784668e-08, 0.9644299149513245, 0.022979049012064934, 0.2633383572101593, -0.04271304979920387, 0.9966700673103333, 0.06945894658565521, -0.26086539030075073, -0.07823626697063446, 0.9621997475624084),
            ["RightHand"] = CFrame.new(-1.6391277313232422e-07, 0, -7.450580596923828e-08, 0.4260843098163605, -0.6928309202194214, 0.5817537903785706, 0.7661986351013184, 0.6182737946510315, 0.17514975368976593, -0.48103225231170654, 0.37111032009124756, 0.7942827343940735),
            ["UpperTorso"] = CFrame.new(-5.3551048040390015e-09, 4.470348358154297e-07, -3.416789695620537e-08, 0.9959713220596313, 0.05418102443218231, -0.0714535191655159, -0.05070657283067703, 0.9974824786186218, 0.04957517981529236, 0.07395967841148376, -0.045752301812171936, 0.9962112307548523),
            ["HumanoidRootPart"] = CFrame.new(0, 0, 0, 1, 0, 0, 0, 1, 0, 0, 0, 1),
            ["RightUpperLeg"] = CFrame.new(5.960464477539063e-08, 3.3993273973464966e-08, 6.908521754667163e-08, 0.9013036489486694, 0.2818624675273895, 0.3289457857608795, 0.003863677615299821, 0.7540998458862305, -0.6567485928535461, -0.4331706762313843, 0.5932005643844604, 0.6785838007926941),
            ["LeftUpperArm"] = CFrame.new(1.1920928955078125e-07, 1.1920928955078125e-07, 0, 0.6221803426742554, 0.6883754730224609, -0.3728685677051544, -0.7828522324562073, 0.5506077408790588, -0.28978168964385986, 0.005825779866427183, 0.4721975326538086, 0.8814735412597656),
            ["RightLowerArm"] = CFrame.new(-3.5762786865234375e-07, -5.960464477539062e-07, -2.8312206268310547e-07, 1, -1.112930618774044e-07, 1.2107190627830278e-07, 7.916241173688832e-08, -0.030871160328388214, -0.9995233416557312, 5.867331509534779e-08, 0.9995234608650208, -0.030871205031871796),
            ["LeftHand"] = CFrame.new(-5.960464477539063e-08, 1.1920928955078125e-07, -5.960464477539063e-08, 0.959518313407898, 0.16170699894428253, -0.2305983304977417, -0.12362491339445114, 0.9774754643440247, 0.17105166614055634, 0.2530643939971924, -0.13561950623989105, 0.9578966498374939),
            ["LeftFoot"] = CFrame.new(0, 0, -1.5832483768463135e-07, 0.9968650937080383, 0.07293075323104858, 0.030678026378154755, -0.042733773589134216, 0.8226139545440674, -0.5669917464256287, -0.06658750027418137, 0.56390380859375, 0.8231521844863892),
            ["LowerTorso"] = CFrame.new(-0.020452527329325676, -0.1431136131286621, 0.17620068788528442, 0.9365885853767395, 0.04462131857872009, -0.3475784957408905, -0.0354442298412323, 0.9988359212875366, 0.032719846814870834, 0.34863388538360596, -0.018325384706258774, 0.9370798468589783),
            ["RightLowerLeg"] = CFrame.new(-5.21540641784668e-08, -0.000003337860107421875, -0.000013189557648729533, 1, -1.0244549741855735e-07, -1.0081569001840762e-07, 1.564622067462551e-07, 0.7050173878669739, 0.7091898322105408, -8.009374852235851e-08, -0.7091900706291199, 0.705017626285553),
            ["LeftUpperLeg"] = CFrame.new(-2.384185791015625e-07, 1.3388489605858922e-07, 8.300412446260452e-08, 0.9690816402435303, 0.02834937535226345, 0.2451062947511673, 0.09487436711788177, 0.8741949796676636, -0.47621649503707886, -0.22777128219604492, 0.4847468137741089, 0.8444766998291016),
            ["LeftLowerLeg"] = CFrame.new(-5.960464477539063e-08, 0.000003874301910400391, 0.000012934207916259766, 1, -2.3073505417414708e-07, -3.492462212761893e-07, 1.4901162614933128e-07, -0.43609023094177246, 0.8999028205871582, -3.166497037909721e-07, -0.8999029994010925, -0.4360905885696411),
        }},
        {Time = 0.033, Data = {
            ["RightFoot"] = CFrame.new(2.7939677238464355e-08, 4.76837158203125e-07, 1.6952981241047382e-09, 0.9988776445388794, -0.04355578124523163, -0.018613770604133606, 0.04281581938266754, 0.9983428716659546, -0.03844982758164406, 0.02025766298174858, 0.03760994225740433, 0.9990872144699097),
            ["LeftLowerArm"] = CFrame.new(-8.940696716308594e-07, 2.980232238769531e-07, 1.1920928955078125e-07, 1, 1.4901162970204496e-08, -1.4901164746561335e-08, -4.470347647611561e-08, 0.9983552694320679, -0.057331621646881104, 0, 0.05733168125152588, 0.9983552694320679),
            ["RightUpperArm"] = CFrame.new(-5.960464477539063e-08, 4.76837158203125e-07, 0, 0.9803542494773865, 0.09242193400859833, 0.174251988530159, 0.03618203103542328, 0.7841755151748657, -0.6194834113121033, -0.19389799237251282, 0.6136180758476257, 0.7654258012771606),
            ["Head"] = CFrame.new(2.60770320892334e-08, 1.1920928955078125e-07, -1.4901161193847656e-08, 0.9645898938179016, 0.03804231807589531, 0.2609964609146118, -0.05303049832582474, 0.9973088502883911, 0.05062427371740341, -0.25836819410324097, -0.06267242133617401, 0.9640114307403564),
            ["RightHand"] = CFrame.new(1.043081283569336e-07, 1.1920928955078125e-07, 1.4901161193847656e-08, 0.42578092217445374, -0.6273692846298218, 0.6520111560821533, 0.7468510866165161, 0.6504767537117004, 0.13817888498306274, -0.51080721616745, 0.42812126874923706, 0.745512068271637),
            ["UpperTorso"] = CFrame.new(-8.381903171539307e-09, 1.4901161193847656e-07, 1.4319084584712982e-08, 0.9971310496330261, 0.0570632740855217, -0.049734607338905334, -0.053629130125045776, 0.9962535500526428, 0.06784463673830032, 0.05341974273324013, -0.06498275697231293, 0.9964554905891418),
            ["HumanoidRootPart"] = CFrame.new(0, 0, 0, 1, 0, 0, 0, 1, 0, 0, 0, 1),
            ["RightUpperLeg"] = CFrame.new(-1.7881393432617188e-07, -3.334134817123413e-07, 1.0820076568052173e-07, 0.8970274329185486, 0.33498677611351013, 0.2883150577545166, -0.03068535402417183, 0.6979627013206482, -0.7154766321182251, -0.44090840220451355, 0.6329549551010132, 0.6363706588745117),
            ["LeftUpperArm"] = CFrame.new(5.960464477539063e-08, -2.384185791015625e-07, -8.940696716308594e-08, 0.6143807768821716, 0.7235071063041687, -0.31475991010665894, -0.7859227657318115, 0.5259168148040771, -0.325172483921051, -0.06972699612379074, 0.44715648889541626, 0.8917337656021118),
            ["RightLowerArm"] = CFrame.new(-5.364418029785156e-07, -0.0000013709068298339844, -6.854534149169922e-07, 1, -7.078051567077637e-08, 7.450577754752885e-08, 8.940698847936801e-08, -0.03417182341217995, -0.999415934085846, 8.754434333013705e-08, 0.9994159936904907, -0.03417191281914711),
            ["LeftHand"] = CFrame.new(2.384185791015625e-07, 5.960464477539063e-08, 2.384185791015625e-07, 0.9545891880989075, 0.18539412319660187, -0.2332136034965515, -0.1239841878414154, 0.9589951038360596, 0.2548651695251465, 0.2709012031555176, -0.21437685191631317, 0.9384322762489319),
            ["LeftFoot"] = CFrame.new(-7.450580596923828e-09, 0, -7.35744833946228e-08, 0.9974680542945862, 0.06459920853376389, 0.02973853424191475, -0.030550876632332802, 0.7668555974960327, -0.6410917639732361, -0.06421945244073868, 0.6385605335235596, 0.7668878436088562),
            ["LowerTorso"] = CFrame.new(-0.006156927905976772, -0.20454764366149902, 0.17420685291290283, 0.933409571647644, 0.02104446291923523, -0.3581952452659607, -0.016080709174275398, 0.9997290372848511, 0.016831248998641968, 0.35845237970352173, -0.009950414299964905, 0.933495044708252),
            ["RightLowerLeg"] = CFrame.new(1.30385160446167e-08, -0.000003993511199951172, -0.000013104807294439524, 1, 1.0151413931680509e-07, 2.7939680791178034e-08, -2.2351745343485163e-08, 0.6002852320671082, 0.7997856140136719, -2.421439049271612e-08, -0.7997860312461853, 0.6002857685089111),
            ["LeftUpperLeg"] = CFrame.new(5.960464477539063e-08, -1.2636519386433065e-07, -2.1420419216156006e-08, 0.9789052605628967, 0.03980555757880211, 0.20039960741996765, 0.06077156588435173, 0.8797191381454468, -0.4715943932533264, -0.19506782293319702, 0.47382450103759766, 0.8587426543235779),
            ["LeftLowerLeg"] = CFrame.new(1.043081283569336e-07, 0.0000037550926208496094, 0.000013366341590881348, 1, 4.0139974544217694e-07, 7.580968599540938e-07, -2.5331974029541016e-07, -0.7040875554084778, 0.7101128101348877, 6.686896085739136e-07, -0.7101131677627563, -0.7040879726409912),
        }},
        {Time = 0.067, Data = {
            ["RightFoot"] = CFrame.new(2.7939677238464355e-08, 3.5762786865234375e-07, 1.6596459317952394e-08, 0.9980595707893372, -0.05688585713505745, -0.0253200214356184, 0.05502089485526085, 0.9960923194885254, -0.06908503919839859, 0.02915111929178238, 0.06755799800157547, 0.9972894787788391),
            ["LeftLowerArm"] = CFrame.new(-4.172325134277344e-07, 0.0000010728836059570312, -4.76837158203125e-07, 1, 0, -1.4901162970204496e-08, -2.2351734685344127e-08, 0.9898532032966614, -0.1420944631099701, -2.2351734685344127e-08, 0.14209453761577606, 0.9898531436920166),
            ["RightUpperArm"] = CFrame.new(-5.960464477539063e-08, 4.76837158203125e-07, 0, 0.9523168802261353, 0.1850842535495758, 0.24256207048892975, -0.002125306287780404, 0.7990016341209412, -0.6013251543045044, -0.3051033020019531, 0.5721365809440613, 0.7612960934638977),
            ["Head"] = CFrame.new(-4.0978193283081055e-08, 5.960464477539062e-07, -2.2351741790771484e-08, 0.9634250998497009, 0.035495925694704056, 0.2656164765357971, -0.048175591975450516, 0.9979817271232605, 0.041372787207365036, -0.2636117935180664, -0.05265579745173454, 0.9631907343864441),
            ["RightHand"] = CFrame.new(3.725290298461914e-07, 5.960464477539063e-08, 1.7601996660232544e-07, 0.3692130744457245, -0.615972101688385, 0.6958879828453064, 0.7736697793006897, 0.6185855269432068, 0.13706566393375397, -0.5148948431015015, 0.48778119683265686, 0.704948902130127),
            ["UpperTorso"] = CFrame.new(3.4924596548080444e-09, 6.556510925292969e-07, -1.0710209608078003e-08, 0.9970252513885498, 0.06662450730800629, -0.038756102323532104, -0.06386268883943558, 0.9955984354019165, 0.06859684735536575, 0.043155737221241, -0.0659177154302597, 0.996891438961029),
            ["HumanoidRootPart"] = CFrame.new(0, 0, 0, 1, 0, 0, 0, 1, 0, 0, 0, 1),
            ["RightUpperLeg"] = CFrame.new(-8.940696716308594e-08, -9.89530235528946e-09, 4.300818545743823e-08, 0.8928291201591492, 0.37756550312042236, 0.24556131660938263, -0.06184813007712364, 0.6428255438804626, -0.7635115385055542, -0.44612887501716614, 0.6664980053901672, 0.5972853302955627),
            ["LeftUpperArm"] = CFrame.new(5.960464477539063e-08, 2.384185791015625e-07, -2.9802322387695312e-08, 0.6266269683837891, 0.7352341413497925, -0.2583974599838257, -0.761141300201416, 0.506193995475769, -0.4055018424987793, -0.167339488863945, 0.4507754445075989, 0.8768119215965271),
            ["RightLowerArm"] = CFrame.new(0, -7.152557373046875e-07, -1.4901161193847656e-07, 1, -9.313227167240257e-08, 8.987264266124839e-08, 8.568170528633345e-08, -0.039060939103364944, -0.9992368221282959, 1.0058287358560847e-07, 0.9992368221282959, -0.03906099498271942),
            ["LeftHand"] = CFrame.new(2.8312206268310547e-07, 5.960464477539063e-08, -2.384185791015625e-07, 0.9359509348869324, 0.2469964623451233, -0.250975638628006, -0.17630335688591003, 0.9456654191017151, 0.2731926143169403, 0.3048165440559387, -0.21144713461399078, 0.9286426305770874),
            ["LeftFoot"] = CFrame.new(-1.5832483768463135e-08, -5.960464477539063e-08, 7.450580596923828e-09, 0.9984323978424072, 0.05382101237773895, 0.015364035964012146, -0.019626863300800323, 0.5937334895133972, -0.80442214012146, -0.05241706967353821, 0.8028598427772522, 0.5938594341278076),
            ["LowerTorso"] = CFrame.new(0.014133923687040806, -0.25743937492370605, 0.17150411009788513, 0.9315639734268188, 0.004014163743704557, -0.36355525255203247, 0.0018131645629182458, 0.9998753666877747, 0.015686040744185448, 0.363572895526886, -0.015271737240254879, 0.9314405918121338),
            ["RightLowerLeg"] = CFrame.new(-4.470348358154297e-08, -0.0000037550926208496094, -0.000013400036550592631, 1, -2.5145715198959806e-07, -1.4901159772762185e-07, 3.241002559661865e-07, 0.5144791603088379, 0.8575029373168945, -1.8440186977386475e-07, -0.8575028777122498, 0.5144790410995483),
            ["LeftUpperLeg"] = CFrame.new(8.940696716308594e-08, 3.334571374580264e-07, -1.862645149230957e-08, 0.989504873752594, 0.030556056648492813, 0.14123249053955078, 0.00966071616858244, 0.9612110257148743, -0.27564480900764465, -0.14417684078216553, 0.2741163372993469, 0.9508277177810669),
            ["LeftLowerLeg"] = CFrame.new(8.475035429000854e-08, 0.000003993511199951172, 0.000013239681720733643, 1, 1.3923271069415932e-07, 3.459863648913597e-07, -6.984917888530617e-08, -0.862726628780365, 0.5056709051132202, 3.0011861440470966e-07, -0.5056706666946411, -0.8627265095710754),
        }},
        {Time = 0.100, Data = {
            ["RightFoot"] = CFrame.new(6.51925802230835e-09, 5.960464477539062e-07, 2.10275175049901e-09, 0.9968185424804688, -0.07263272255659103, -0.03282171115279198, 0.06945586204528809, 0.9935786724090576, -0.08931584656238556, 0.0390980988740921, 0.08675219863653183, 0.9954624176025391),
            ["LeftLowerArm"] = CFrame.new(-0.0000017881393432617188, 2.980232238769531e-07, 1.1920928955078125e-07, 1, -3.725290742551124e-09, -2.421439049271612e-08, -1.6763802790364934e-08, 0.963660478591919, -0.26713037490844727, 0, 0.2671303451061249, 0.9636604189872742),
            ["RightUpperArm"] = CFrame.new(1.1920928955078125e-07, 8.344650268554688e-07, 5.960464477539063e-08, 0.9240759611129761, 0.25799477100372314, 0.2819972634315491, -0.025298742577433586, 0.7774780988693237, -0.628400981426239, -0.3813708424568176, 0.5735560655593872, 0.7249757647514343),
            ["Head"] = CFrame.new(-2.0489096641540527e-08, 3.5762786865234375e-07, 1.862645149230957e-08, 0.9644234776496887, 0.023224085569381714, 0.26334041357040405, -0.03083821013569832, 0.9992162585258484, 0.024816541001200676, -0.262557715177536, -0.0320545993745327, 0.9643837809562683),
            ["RightHand"] = CFrame.new(-4.936009645462036e-08, 5.960464477539063e-08, -2.2351741790771484e-07, 0.3395330309867859, -0.591391384601593, 0.7314188480377197, 0.775935173034668, 0.6156288385391235, 0.1375710815191269, -0.5316409468650818, 0.5208236575126648, 0.6679078340530396),
            ["UpperTorso"] = CFrame.new(-1.862645149230957e-09, 2.980232238769531e-07, -9.313225746154785e-09, 0.9970148205757141, 0.07319886982440948, -0.02456439658999443, -0.07125996053218842, 0.994840145111084, 0.07221591472625732, 0.029723763465881348, -0.07024987787008286, 0.9970865845680237),
            ["HumanoidRootPart"] = CFrame.new(0, 0, 0, 1, 0, 0, 0, 1, 0, 0, 0, 1),
            ["RightUpperLeg"] = CFrame.new(-1.4901161193847656e-07, -1.5972182154655457e-07, 8.398637874051929e-08, 0.8925189971923828, 0.39765286445617676, 0.21279607713222504, -0.08470737934112549, 0.6112232804298401, -0.786912202835083, -0.4429837763309479, 0.684308648109436, 0.579212486743927),
            ["LeftUpperArm"] = CFrame.new(-1.1920928955078125e-07, 1.1920928955078125e-07, -2.9802322387695312e-08, 0.665823757648468, 0.725835382938385, -0.17274758219718933, -0.6934717297554016, 0.51661217212677, -0.502204179763794, -0.2752740681171417, 0.4541749954223633, 0.8473189473152161),
            ["RightLowerArm"] = CFrame.new(-8.940696716308594e-08, -6.556510925292969e-07, -4.3585896492004395e-07, 1, -8.98726071341116e-08, 8.335334911180325e-08, 8.894131298120556e-08, -0.036948151886463165, -0.9993171691894531, 9.778888454547996e-08, 0.9993171691894531, -0.03694809228181839),
            ["LeftHand"] = CFrame.new(5.21540641784668e-08, 2.384185791015625e-07, 1.1920928955078125e-07, 0.8865857124328613, 0.3402968943119049, -0.3133111596107483, -0.25427955389022827, 0.9243592619895935, 0.2844327390193939, 0.38640350103378296, -0.17250536382198334, 0.9060542583465576),
            ["LeftFoot"] = CFrame.new(4.563480615615845e-08, -1.1920928955078125e-07, 5.960464477539063e-08, 0.998310387134552, -0.05775374174118042, 0.006390677765011787, 0.032743796706199646, 0.4682930111885071, -0.882966160774231, 0.04800201579928398, 0.8816837668418884, 0.4693932831287384),
            ["LowerTorso"] = CFrame.new(0.03630431741476059, -0.28668999671936035, 0.16611158847808838, 0.9336848855018616, -0.0023335253354161978, -0.35808807611465454, 0.009413687512278557, 0.9997931718826294, 0.018030134961009026, 0.3579719364643097, -0.020205393433570862, 0.9335137605667114),
            ["RightLowerLeg"] = CFrame.new(-8.568167686462402e-08, -0.000003874301910400391, -0.000013198870874475688, 1, -2.4028113898566517e-07, -1.5273695908035734e-07, 2.980231101901154e-07, 0.4633901119232178, 0.8861542344093323, -1.620500711396744e-07, -0.8861543536186218, 0.4633905291557312),
            ["LeftUpperLeg"] = CFrame.new(2.9802322387695312e-08, -8.41100700199604e-09, 6.705522537231445e-08, 0.9994353652000427, 0.01855810545384884, 0.028011107817292213, -0.012820218689739704, 0.9811860918998718, -0.1926386058330536, -0.03105907328426838, 0.19217078387737274, 0.9808699488639832),
            ["LeftLowerLeg"] = CFrame.new(-2.8638169169425964e-08, 0.000003993511199951172, 0.000013276934623718262, 1, -1.855660229921341e-07, -6.002374561830948e-07, 1.1734668703411444e-07, -0.8938407301902771, 0.4483844041824341, -5.862095804332057e-07, -0.44838467240333557, -0.8938409090042114),
        }},
        {Time = 0.133, Data = {
            ["RightFoot"] = CFrame.new(-1.862645149230957e-08, 2.384185791015625e-07, 4.489265847951174e-09, 0.9952493906021118, -0.08915367722511292, -0.03912060335278511, 0.08463623374700546, 0.9908705353736877, -0.10493887960910797, 0.04811912775039673, 0.10112956911325455, 0.9937089681625366),
            ["LeftLowerArm"] = CFrame.new(-0.0000016391277313232422, 9.5367431640625e-07, -4.76837158203125e-07, 1, -6.14673041354763e-08, -4.7031790018081665e-08, 6.891786341611805e-08, 0.884999692440033, -0.4655918776988983, 2.514570596190424e-08, 0.4655918478965759, 0.8849996328353882),
            ["RightUpperArm"] = CFrame.new(1.1920928955078125e-07, 2.384185791015625e-07, 0, 0.8988585472106934, 0.2970343828201294, 0.32221719622612, -0.023824114352464676, 0.7672876715660095, -0.6408605575561523, -0.43759092688560486, 0.5683663487434387, 0.6967595815658569),
            ["Head"] = CFrame.new(1.30385160446167e-08, 3.5762786865234375e-07, 3.3527612686157227e-08, 0.9660093784332275, 0.021258706226944923, 0.25763139128685, -0.02736170031130314, 0.9994230270385742, 0.02012656256556511, -0.25705486536026, -0.02649170160293579, 0.9660336971282959),
            ["RightHand"] = CFrame.new(5.587935447692871e-08, 0, 4.6193599700927734e-07, 0.31998348236083984, -0.6009631156921387, 0.7324302196502686, 0.7848721742630005, 0.6011421084403992, 0.15034624934196472, -0.5306472182273865, 0.5267556309700012, 0.6640346646308899),
            ["UpperTorso"] = CFrame.new(-6.51925802230835e-09, 8.940696716308594e-08, -6.705522537231445e-08, 0.9978170990943909, 0.06517057120800018, -0.010679855942726135, -0.06418319791555405, 0.9950762391090393, 0.07552461326122284, 0.015549324452877045, -0.07467427104711533, 0.9970868229866028),
            ["HumanoidRootPart"] = CFrame.new(0, 0, 0, 1, 0, 0, 0, 1, 0, 0, 0, 1),
            ["RightUpperLeg"] = CFrame.new(-1.4901161193847656e-07, -5.919719114899635e-08, 3.892637323588133e-09, 0.8978941440582275, 0.3920515477657318, 0.2002038061618805, -0.0996367558836937, 0.6239827871322632, -0.77506023645401, -0.42878732085227966, 0.6759742498397827, 0.5993331074714661),
            ["LeftUpperArm"] = CFrame.new(0, -2.384185791015625e-07, 5.960464477539063e-08, 0.6849679946899414, 0.7235277891159058, -0.08559487760066986, -0.6541728973388672, 0.559041440486908, -0.5094414353370667, -0.32074394822120667, 0.40494489669799805, 0.8562377691268921),
            ["RightLowerArm"] = CFrame.new(-2.9802322387695312e-08, -0.0000016689300537109375, -2.6581801648717374e-07, 1, -9.452926263975314e-08, 8.195636524988004e-08, 8.568168397005138e-08, -0.0051913391798734665, -0.9999865889549255, 8.855932520646093e-08, 0.9999865889549255, -0.005191376898437738),
            ["LeftHand"] = CFrame.new(-4.172325134277344e-07, 0, 1.1920928955078125e-07, 0.8470776081085205, 0.42424631118774414, -0.32011669874191284, -0.3434258699417114, 0.8966196775436401, 0.2795206904411316, 0.40560850501060486, -0.12683922052383423, 0.9052035808563232),
            ["LeftFoot"] = CFrame.new(7.078051567077637e-08, -1.1920928955078125e-07, 1.4901161193847656e-08, 0.9841211438179016, -0.17672818899154663, 0.016511308029294014, 0.08788935095071793, 0.4043630063533783, -0.9103657007217407, 0.15421104431152344, 0.8973615765571594, 0.4134752154350281),
            ["LowerTorso"] = CFrame.new(0.057636287063360214, -0.2837662696838379, 0.15233299136161804, 0.9398968815803528, 0.0011256334837526083, -0.3414566218852997, 0.0021530003286898136, 0.9999551773071289, 0.00922278594225645, 0.3414516746997833, -0.009403623640537262, 0.9398522973060608),
            ["RightLowerLeg"] = CFrame.new(4.842877388000488e-08, -0.0000035762786865234375, -0.000013140197552274913, 1, 1.6018742599044344e-07, 1.1920931797249068e-07, -2.980232594040899e-08, 0.4538991153240204, 0.8910528421401978, -5.587936335871291e-09, -0.8910530805587769, 0.45389965176582336),
            ["LeftUpperLeg"] = CFrame.new(8.940696716308594e-08, 7.498601917177439e-08, -1.4901161193847656e-08, 0.9975579380989075, -0.02893988974392414, -0.0635661631822586, 0.017959361895918846, 0.9857991933822632, -0.1669657677412033, 0.06749571859836578, 0.16541624069213867, 0.9839115142822266),
            ["LeftLowerLeg"] = CFrame.new(2.60770320892334e-08, 0.000003874301910400391, 0.000013299286365509033, 1, 5.58793225025056e-08, 1.3876710625027044e-07, -4.6566128730773926e-08, -0.8910238742828369, 0.45395627617836, 9.476207196712494e-08, -0.45395636558532715, -0.8910240530967712),
        }},
        {Time = 0.167, Data = {
            ["RightFoot"] = CFrame.new(-4.563480615615845e-08, 3.5762786865234375e-07, 2.4047039914876223e-08, 0.9935659170150757, -0.10495312511920929, -0.04256550967693329, 0.09954629838466644, 0.9885110259056091, -0.11373839527368546, 0.05401381105184555, 0.10876961052417755, 0.9925985932350159),
            ["LeftLowerArm"] = CFrame.new(-0.0000011324882507324219, 0.0000010728836059570312, -5.066394805908203e-07, 1, -4.4703494239684005e-08, -1.4901155864777138e-08, 1.8626444386882213e-08, 0.7256485819816589, -0.6880655288696289, 2.2351734685344127e-08, 0.6880655288696289, 0.7256485223770142),
            ["RightUpperArm"] = CFrame.new(1.1920928955078125e-07, 4.76837158203125e-07, 0, 0.8934532999992371, 0.29182523488998413, 0.34143704175949097, -0.006565989460796118, 0.7685791850090027, -0.6397209763526917, -0.4491081237792969, 0.5693190097808838, 0.688605785369873),
            ["Head"] = CFrame.new(-1.30385160446167e-08, 4.76837158203125e-07, 2.2351741790771484e-08, 0.9701855182647705, 0.02429814264178276, 0.2411424219608307, -0.032294146716594696, 0.9990500807762146, 0.029261808842420578, -0.24020235240459442, -0.03617686778306961, 0.9700484871864319),
            ["RightHand"] = CFrame.new(-1.9371509552001953e-07, -2.980232238769531e-07, -3.725290298461914e-07, 0.31726571917533875, -0.6091212630271912, 0.7268519997596741, 0.760298490524292, 0.6214838027954102, 0.18895497918128967, -0.5668232440948486, 0.4926755726337433, 0.6602895855903625),
            ["UpperTorso"] = CFrame.new(-1.816079020500183e-08, 3.5762786865234375e-07, -2.2759195417165756e-08, 0.9983755350112915, 0.05696430429816246, 0.001163511537015438, -0.05690087005496025, 0.9957981109619141, 0.0717526450753212, 0.002928722184151411, -0.07170227915048599, 0.9974218010902405),
            ["HumanoidRootPart"] = CFrame.new(0, 0, 0, 1, 0, 0, 0, 1, 0, 0, 0, 1),
            ["RightUpperLeg"] = CFrame.new(5.960464477539063e-08, -3.0841329135000706e-07, 9.040377335622907e-08, 0.9094629883766174, 0.3692074716091156, 0.19121451675891876, -0.11651748418807983, 0.6677737832069397, -0.7351881265640259, -0.39912497997283936, 0.6463467478752136, 0.6503349542617798),
            ["LeftUpperArm"] = CFrame.new(0, 4.76837158203125e-07, 1.4901161193847656e-08, 0.7174420356750488, 0.696544349193573, 0.010141734965145588, -0.5919615626335144, 0.6172669529914856, -0.518230676651001, -0.3672308027744293, 0.3657970130443573, 0.8551807403564453),
            ["RightLowerArm"] = CFrame.new(-2.086162567138672e-07, -4.76837158203125e-07, -5.960464477539062e-07, 1, -8.195638656616211e-08, 6.705520405603238e-08, 9.685753354915505e-08, 0.025102782994508743, -0.9996849298477173, 8.568166975919667e-08, 0.9996848702430725, 0.025102786719799042),
            ["LeftHand"] = CFrame.new(-5.066394805908203e-07, -1.7881393432617188e-07, 1.7881393432617188e-07, 0.8013203144073486, 0.4858129620552063, -0.34910091757774353, -0.4137705862522125, 0.8715395927429199, 0.26308298110961914, 0.4320642650127411, -0.0663660541176796, 0.899397611618042),
            ["LeftFoot"] = CFrame.new(-4.0978193283081055e-08, -5.960464477539063e-08, -2.9802322387695312e-08, 0.9708812832832336, -0.23935185372829437, -0.010018104687333107, 0.11708463728427887, 0.5105823874473572, -0.8518195748329163, 0.20899972319602966, 0.8258428573608398, 0.5237395167350769),
            ["LowerTorso"] = CFrame.new(0.0761553943157196, -0.25571465492248535, 0.13284718990325928, 0.9509392976760864, 0.00112472428008914, -0.3093756437301636, -0.0012237197952345014, 0.9999992847442627, -0.0001259300479432568, 0.30937525629997253, 0.0004983408725820482, 0.9509398937225342),
            ["RightLowerLeg"] = CFrame.new(1.6763806343078613e-08, -0.0000037550926208496094, -0.000013347882486414164, 1, -2.663582279183174e-07, -1.9185252142506215e-07, 3.501772880554199e-07, 0.4916367530822754, 0.8708004355430603, -2.3655593395233154e-07, -0.8708003759384155, 0.491636723279953),
            ["LeftUpperLeg"] = CFrame.new(-5.960464477539063e-08, 1.4538363757310435e-07, 6.853952072560787e-09, 0.9916686415672302, -0.044695254415273666, -0.12081322818994522, 0.0016561425291001797, 0.9422221779823303, -0.33498498797416687, 0.1288050264120102, 0.33199387788772583, 0.9344459772109985),
            ["LeftLowerLeg"] = CFrame.new(-4.738103598356247e-08, 0.0000040531158447265625, 0.000013299286365509033, 1, -1.1827798118702049e-07, -3.040187550595874e-07, 4.755566607173023e-08, -0.8598942756652832, 0.5104718208312988, -2.977322139940952e-07, -0.5104722380638123, -0.8598945736885071),
        }},
        {Time = 0.200, Data = {
            ["RightFoot"] = CFrame.new(-6.51925802230835e-09, 3.5762786865234375e-07, 6.595655577257276e-08, 0.9927257299423218, -0.1133066713809967, -0.040709879249334335, 0.10794934630393982, 0.987390398979187, -0.1157892495393753, 0.05331622064113617, 0.11055292189121246, 0.9924392700195312),
            ["LeftLowerArm"] = CFrame.new(-8.046627044677734e-07, 5.960464477539062e-07, -1.7881393432617188e-07, 1, -7.823111758398227e-08, 7.916239219696308e-09, 7.450579886381092e-08, 0.5241454243659973, -0.8516288995742798, 5.960463766996327e-08, 0.851628839969635, 0.5241453647613525),
            ["RightUpperArm"] = CFrame.new(2.384185791015625e-07, 5.960464477539062e-07, -2.9802322387695312e-08, 0.9048141837120056, 0.26079052686691284, 0.336600124835968, 0.016170019283890724, 0.7688852548599243, -0.6391823291778564, -0.4254995584487915, 0.5837841629981995, 0.6914812922477722),
            ["Head"] = CFrame.new(-2.514570951461792e-08, 0, -9.313225746154785e-09, 0.9760729670524597, 0.026139914989471436, 0.21586674451828003, -0.03171836584806442, 0.9992454648017883, 0.022417686879634857, -0.2151179015636444, -0.02872822992503643, 0.9761654734611511),
            ["RightHand"] = CFrame.new(-7.450580596923828e-08, 1.1920928955078125e-07, -4.470348358154297e-07, 0.32652410864830017, -0.622895359992981, 0.7109032869338989, 0.7204239964485168, 0.650897204875946, 0.23942069709300995, -0.6118589043617249, 0.43397510051727295, 0.6612823009490967),
            ["UpperTorso"] = CFrame.new(-9.313225746154785e-10, 6.258487701416016e-07, -3.4458935260772705e-08, 0.9987939596176147, 0.04854694753885269, 0.0073420885019004345, -0.04889292269945145, 0.997105062007904, 0.05823202058672905, -0.004493851214647293, -0.05852074921131134, 0.9982761740684509),
            ["HumanoidRootPart"] = CFrame.new(0, 0, 0, 1, 0, 0, 0, 1, 0, 0, 0, 1),
            ["RightUpperLeg"] = CFrame.new(1.1920928955078125e-07, -1.30385160446167e-07, 3.835157258436084e-08, 0.9275205731391907, 0.3261452913284302, 0.18257854878902435, -0.11871443688869476, 0.720236599445343, -0.6834957599639893, -0.35441863536834717, 0.6122814416885376, 0.7067522406578064),
            ["LeftUpperArm"] = CFrame.new(-1.1920928955078125e-07, 1.1920928955078125e-07, 2.9802322387695312e-08, 0.7568771839141846, 0.649746835231781, 0.07047110050916672, -0.5156534910202026, 0.6599395275115967, -0.5464260578155518, -0.4015452265739441, 0.3772387206554413, 0.8345372080802917),
            ["RightLowerArm"] = CFrame.new(-2.086162567138672e-07, -0.0000011324882507324219, -5.960464477539062e-07, 1, -8.940698137394065e-08, 8.940695295223122e-08, 8.568168397005138e-08, 0.040635451674461365, -0.9991740584373474, 1.005828522693264e-07, 0.9991740584373474, 0.04063549265265465),
            ["LeftHand"] = CFrame.new(0, -3.5762786865234375e-07, 1.30385160446167e-08, 0.7824239730834961, 0.4852898120880127, -0.3902647793292999, -0.40008822083473206, 0.8719618320465088, 0.28215646743774414, 0.47722354531288147, -0.06462564319372177, 0.8764024972915649),
            ["LeftFoot"] = CFrame.new(-2.2351741790771484e-08, 0, 0, 0.9620040655136108, -0.26968714594841003, -0.042628299444913864, 0.13919734954833984, 0.618743360042572, -0.7731627225875854, 0.234887957572937, 0.7378519773483276, 0.6327734589576721),
            ["LowerTorso"] = CFrame.new(0.08181280642747879, -0.210435152053833, 0.11415312439203262, 0.9654325246810913, 0.005734845995903015, -0.2605900764465332, -0.004014972131699324, 0.9999665021896362, 0.007131772581487894, 0.2606222331523895, -0.005838983226567507, 0.9654232263565063),
            ["RightLowerLeg"] = CFrame.new(5.587935447692871e-08, -0.000003516674041748047, -0.000013153701729606837, 1, -2.1792948246002197e-07, -4.2840863301307763e-08, 1.564622067462551e-07, 0.5629487037658691, 0.8264914155006409, -5.02914261346632e-08, -0.8264918327331543, 0.5629494190216064),
            ["LeftUpperLeg"] = CFrame.new(-5.960464477539063e-08, -1.1732481652870774e-07, 4.936009645462036e-08, 0.9906559586524963, -0.036029841750860214, -0.1315394788980484, -0.03606724739074707, 0.8609275817871094, -0.5074477791786194, 0.13152900338172913, 0.5074502229690552, 0.8515833020210266),
            ["LeftLowerLeg"] = CFrame.new(-8.568167686462402e-08, 0.000004112720489501953, 0.000013336539268493652, 1, 3.3434477586524736e-07, 7.674099720134109e-07, -1.8998984785412176e-07, -0.7701845169067383, 0.6378210186958313, 7.357450044764846e-07, -0.6378211379051208, -0.7701846361160278),
        }},
        {Time = 0.233, Data = {
            ["RightFoot"] = CFrame.new(-6.146728992462158e-08, 4.76837158203125e-07, -9.480572771281004e-09, 0.9930431246757507, -0.11271180212497711, -0.03408064693212509, 0.10798715054988861, 0.9871167540550232, -0.11806444823741913, 0.046948812901973724, 0.11356294900178909, 0.9924209713935852),
            ["LeftLowerArm"] = CFrame.new(-0.0000011920928955078125, 4.76837158203125e-07, -3.2782554626464844e-07, 1, -8.940698847936801e-08, 9.126959099603482e-08, 7.450579175838357e-08, 0.3502182066440582, -0.9366681575775146, 7.450579175838357e-08, 0.9366682171821594, 0.35021817684173584),
            ["RightUpperArm"] = CFrame.new(1.1920928955078125e-07, 0, -2.9802322387695312e-08, 0.9224573969841003, 0.20924611389636993, 0.3244818150997162, 0.0589483305811882, 0.7542312741279602, -0.6539573669433594, -0.3815723657608032, 0.62237548828125, 0.6834115386009216),
            ["Head"] = CFrame.new(7.2177499532699585e-09, 1.1920928955078125e-07, -5.587935447692871e-09, 0.9837042093276978, 0.01660449430346489, 0.17902640998363495, -0.021781567484140396, 0.9993983507156372, 0.026991048827767372, -0.17847056686878204, -0.030450686812400818, 0.9834739565849304),
            ["RightHand"] = CFrame.new(-3.7997961044311523e-07, -1.1920928955078125e-07, -4.6193599700927734e-07, 0.3701890707015991, -0.6492180228233337, 0.6644365787506104, 0.6550554037094116, 0.6895851492881775, 0.30882829427719116, -0.6586824655532837, 0.32091787457466125, 0.6805506944656372),
            ["UpperTorso"] = CFrame.new(0, 5.960464477539062e-07, -4.0978193283081055e-08, 0.9992841482162476, 0.03596283495426178, 0.011743421666324139, -0.03645027056336403, 0.9983516335487366, 0.04433361813426018, -0.010129693895578384, -0.04472992569208145, 0.99894779920578),
            ["HumanoidRootPart"] = CFrame.new(0, 0, 0, 1, 0, 0, 0, 1, 0, 0, 0, 1),
            ["RightUpperLeg"] = CFrame.new(-2.9802322387695312e-08, -1.0139774531126022e-07, 4.300818545743823e-08, 0.9493952989578247, 0.26059943437576294, 0.17531836032867432, -0.10225830972194672, 0.7842423915863037, -0.611970067024231, -0.2969711124897003, 0.5630736351013184, 0.7712044715881348),
            ["LeftUpperArm"] = CFrame.new(0, -2.384185791015625e-07, 1.4901161193847656e-08, 0.8012257814407349, 0.5890863537788391, 0.10495059937238693, -0.45038726925849915, 0.7092081904411316, -0.5423791408538818, -0.3939400017261505, 0.38729968667030334, 0.833552896976471),
            ["RightLowerArm"] = CFrame.new(-2.682209014892578e-07, -8.940696716308594e-07, -1.1920928955078125e-07, 1, -9.080392970872708e-08, 6.612386016513483e-08, 7.636844401304188e-08, 0.07227817177772522, -0.9973845481872559, 7.729976658765736e-08, 0.9973845481872559, 0.0722782090306282),
            ["LeftHand"] = CFrame.new(-2.086162567138672e-07, -5.960464477539063e-08, -6.854534149169922e-07, 0.7715580463409424, 0.48140740394592285, -0.41586682200431824, -0.3916175365447998, 0.8745958209037781, 0.28586345911026, 0.5013322234153748, -0.057699400931596756, 0.8633289933204651),
            ["LeftFoot"] = CFrame.new(4.470348358154297e-08, 5.960464477539063e-08, -1.1548399925231934e-07, 0.9562035799026489, -0.2770731449127197, -0.09436827152967453, 0.16515912115573883, 0.776909589767456, -0.6075631976127625, 0.24165526032447815, 0.5653688907623291, 0.7886455059051514),
            ["LowerTorso"] = CFrame.new(0.07217384874820709, -0.15354371070861816, 0.0918547585606575, 0.979810357093811, 0.01942458748817444, -0.19898328185081482, -0.01708839274942875, 0.9997634887695312, 0.013451425358653069, 0.19919751584529877, -0.009779540821909904, 0.9799105525016785),
            ["RightLowerLeg"] = CFrame.new(-3.5390257835388184e-08, -0.000003814697265625, -0.000013256612874101847, 1, -4.656611807263289e-08, 1.862645149230957e-09, 1.1920928955078125e-07, 0.64786297082901, 0.7617565393447876, -6.28642737865448e-08, -0.7617568373680115, 0.6478633880615234),
            ["LeftUpperLeg"] = CFrame.new(5.960464477539063e-08, 2.3366010282188654e-07, 4.6566128730773926e-08, 0.9944712519645691, 0.004956129938364029, -0.10489289462566376, -0.07104183733463287, 0.7673497200012207, -0.6372814774513245, 0.07733088731765747, 0.6412096619606018, 0.7634592056274414),
            ["LeftLowerLeg"] = CFrame.new(1.4156103134155273e-07, 0.000003933906555175781, 0.000013172626495361328, 1, -1.700827283457329e-07, -6.882478942316084e-07, 1.341104365337742e-07, -0.6120215058326721, 0.7908409833908081, -6.780027774766495e-07, -0.7908411622047424, -0.6120216250419617),
        }},
        {Time = 0.267, Data = {
            ["RightFoot"] = CFrame.new(-1.4901161193847656e-08, 4.172325134277344e-07, -8.549250196665525e-09, 0.9935535192489624, -0.11071152985095978, -0.02438177354633808, 0.10679085552692413, 0.9862115383148193, -0.126421257853508, 0.038041871041059494, 0.1230032742023468, 0.9916770458221436),
            ["LeftLowerArm"] = CFrame.new(-0.0000015497207641601562, 5.960464477539062e-07, -5.960464477539063e-08, 1, -9.685758328714655e-08, 7.450579175838357e-08, 4.470348358154297e-08, 0.19745288789272308, -0.9803123474121094, 1.0337680578231812e-07, 0.9803124070167542, 0.1974528431892395),
            ["RightUpperArm"] = CFrame.new(0, 2.384185791015625e-07, 5.21540641784668e-08, 0.9419366121292114, 0.12602590024471283, 0.31124433875083923, 0.11769808828830719, 0.7441837787628174, -0.6575239300727844, -0.3144880533218384, 0.6559786796569824, 0.6861408948898315),
            ["Head"] = CFrame.new(4.94765117764473e-10, 2.384185791015625e-07, 3.958120942115784e-08, 0.9913488030433655, 0.004095275420695543, 0.13119015097618103, -0.010044226422905922, 0.9989492893218994, 0.04471645876765251, -0.13086917996406555, -0.04564731568098068, 0.990348219871521),
            ["RightHand"] = CFrame.new(2.8312206268310547e-07, 2.384185791015625e-07, -4.470348358154297e-08, 0.4401102662086487, -0.6754275560379028, 0.5916929244995117, 0.58107990026474, 0.7165970206260681, 0.38579145073890686, -0.6845794916152954, 0.17403006553649902, 0.7078591585159302),
            ["UpperTorso"] = CFrame.new(-2.7939677238464355e-09, -5.066394805908203e-07, -3.166496753692627e-08, 0.9996377825737, 0.02206818200647831, 0.015404699370265007, -0.022469138726592064, 0.9994000196456909, 0.026359515264630318, -0.01481373980641365, -0.0266961008310318, 0.9995338916778564),
            ["HumanoidRootPart"] = CFrame.new(0, 0, 0, 1, 0, 0, 0, 1, 0, 0, 0, 1),
            ["RightUpperLeg"] = CFrame.new(0, -7.507624104619026e-07, 2.438173396512866e-08, 0.9692297577857971, 0.18832021951675415, 0.15852217376232147, -0.08239509910345078, 0.8550351858139038, -0.5119824409484863, -0.23195864260196686, 0.4831671118736267, 0.8442420959472656),
            ["LeftUpperArm"] = CFrame.new(0, 3.5762786865234375e-07, 4.470348358154297e-08, 0.8409159183502197, 0.522671639919281, 0.14026686549186707, -0.37412112951278687, 0.7487573623657227, -0.5471706390380859, -0.39101648330688477, 0.4076477885246277, 0.8251845240592957),
            ["RightLowerArm"] = CFrame.new(1.1920928955078125e-07, -0.0000011920928955078125, -2.980232238769531e-07, 1, -8.754432911928234e-08, 6.705521116145974e-08, 1.0430811414607888e-07, 0.09354346990585327, -0.9956152439117432, 6.70552182668871e-08, 0.9956152439117432, 0.09354346245527267),
            ["LeftHand"] = CFrame.new(-8.940696716308594e-08, 1.1920928955078125e-07, -1.7881393432617188e-07, 0.7600231766700745, 0.48095834255218506, -0.4370858669281006, -0.3615528643131256, 0.8717726469039917, 0.33059361577033997, 0.5400411486625671, -0.09322920441627502, 0.8364591002464294),
            ["LeftFoot"] = CFrame.new(-1.0058283805847168e-07, 5.960464477539063e-08, -3.91155481338501e-08, 0.9708722233772278, -0.22492317855358124, -0.08256269246339798, 0.15905292332172394, 0.8627360463142395, -0.4799884855747223, 0.17919078469276428, 0.45287543535232544, 0.8733810782432556),
            ["LowerTorso"] = CFrame.new(0.05763871595263481, -0.09598135948181152, 0.06772308796644211, 0.9910979866981506, 0.03259606659412384, -0.1290827840566635, -0.030458420515060425, 0.9993647933006287, 0.018500419333577156, 0.12960383296012878, -0.014404069632291794, 0.9914612770080566),
