return {
    ["Keyed Up"] = {
        {Time = 0.000, Data = {
            ["RightFoot"] = CFrame.new(-6.705522537231445e-08, 3.5762786865234375e-07, 5.3849362302571535e-08, 0.9652162194252014, 0.2582831084728241, 0.04059170186519623, -0.22504623234272003, 0.8997657299041748, -0.37386593222618103, -0.13308604061603546, 0.35172659158706665, 0.9265941381454468),
            ["LeftLowerArm"] = CFrame.new(-0.0004889965057373047, -0.00009989738464355469, 2.980232238769531e-07, 1, -5.960463766996327e-08, 5.96046660916727e-08, 5.960468740795477e-08, 0.882291316986084, -0.47070375084877014, 5.960468740795477e-08, 0.47070378065109253, 0.882291316986084),
            ["RightUpperArm"] = CFrame.new(-0.01013249158859253, -0.061980605125427246, 0.000001836859155446291, 0.6695136427879333, 0.12683112919330597, 0.7319016456604004, 0.4127965569496155, 0.7556266784667969, -0.5085479617118835, -0.6175358891487122, 0.6426056623458862, 0.4535404443740845),
            ["Head"] = CFrame.new(7.404014468193054e-07, -4.76837158203125e-07, -6.91434252075851e-08, 0.9961009621620178, -0.08811857551336288, -0.004243804141879082, 0.08805368840694427, 0.9901054501533508, 0.10926016420125961, -0.005426032468676567, -0.10920780152082443, 0.9940041899681091),
            ["RightHand"] = CFrame.new(-5.960464477539063e-08, 5.960464477539062e-07, 0.0000017881393432617188, 0.7349610924720764, -0.5561039447784424, 0.3880472481250763, 0.21401537954807281, 0.7332256436347961, 0.6454283595085144, -0.6434513926506042, -0.39131659269332886, 0.6579070687294006),
            ["UpperTorso"] = CFrame.new(-9.58869350142777e-07, 7.450580596923828e-07, -9.4808274297975e-07, 0.998913586139679, 0.046597015112638474, -0.0006913330871611834, -0.0465984120965004, 0.998911440372467, -0.002161076758056879, 0.0005898812087252736, 0.002190934494137764, 0.9999974966049194),
            ["HumanoidRootPart"] = CFrame.new(0, 0, 0, 1, 0, 0, 0, 1, 0, 0, 0, 1),
            ["RightUpperLeg"] = CFrame.new(1.1920928955078125e-07, 0.000001180451363325119, -9.249852155335248e-07, 0.533287525177002, -0.6736505031585693, -0.5116631388664246, 0.11668255925178528, 0.6576458811759949, -0.7442360520362854, 0.8378483057022095, 0.33718955516815186, 0.4293176233768463),
            ["LeftUpperArm"] = CFrame.new(0.010132074356079102, -0.061980247497558594, -9.284121915698051e-09, 0.637955904006958, -0.21928903460502625, -0.7382004857063293, -0.33204561471939087, 0.7865779995918274, -0.5206098556518555, 0.6948078870773315, 0.5772412419319153, 0.4289819300174713),
            ["RightLowerArm"] = CFrame.new(-0.000007331371307373047, 0.000002384185791015625, 0.0000022351741790771484, 1, 2.980233304583635e-08, 0, 2.2351745343485163e-08, 0.8927967548370361, -0.4504598379135132, 1.4901162970204496e-08, 0.4504598379135132, 0.8927967548370361),
            ["LeftHand"] = CFrame.new(-8.940696716308594e-08, 0.0000997781753540039, 1.7881393432617188e-07, 0.5924002528190613, 0.7839778065681458, -0.18558181822299957, -0.4268104135990143, 0.5007697343826294, 0.7530356049537659, 0.6832970380783081, -0.3668903410434723, 0.6312659978866577),
            ["LeftFoot"] = CFrame.new(8.288770914077759e-08, -1.7881393432617188e-07, -6.51925802230835e-08, 0.9989039301872253, -0.04318568855524063, -0.01805671863257885, 0.040778547525405884, 0.9922612309455872, -0.1172807365655899, 0.0229820366948843, 0.11641601473093033, 0.9929346442222595),
            ["LowerTorso"] = CFrame.new(0.03700261190533638, -0.361370325088501, 0.045837681740522385, 0.9996539950370789, -0.026281075552105904, 0.0011295039439573884, 0.025772348046302795, 0.9870958924293518, 0.15804322063922882, -0.005268473643809557, -0.15795940160751343, 0.9874315857887268),
            ["RightLowerLeg"] = CFrame.new(6.705522537231445e-08, -0.0000035762786865234375, -0.000013185832358431071, 1, 1.9371512394172896e-07, 2.2351736461700966e-08, -2.086162567138672e-07, 0.4134810268878937, 0.9105128049850464, 7.450580596923828e-08, -0.9105127453804016, 0.4134809076786041),
            ["LeftUpperLeg"] = CFrame.new(-0.0000010132789611816406, 6.16069883108139e-07, 4.033790901303291e-08, 0.6907499432563782, 0.6330397129058838, 0.3494638502597809, 0.04937266558408737, 0.44087156653404236, -0.8962112665176392, -0.7214062213897705, 0.6363121271133423, 0.2732771635055542),
            ["LeftLowerLeg"] = CFrame.new(-3.725290298461914e-08, 0.0000036954879760742188, 0.000013276934623718262, 1, 5.997715675221116e-07, 2.635642886161804e-07, -3.8556760273422697e-07, 0.46028926968574524, 0.8877688646316528, 3.762543769880722e-07, -0.8877689242362976, 0.4602895975112915),
        }},
        {Time = 0.033, Data = {
            ["RightFoot"] = CFrame.new(-2.2351741790771484e-08, 3.5762786865234375e-07, -5.75528247281909e-09, 0.9654754400253296, 0.25725921988487244, 0.040922611951828, -0.223219633102417, 0.8980294466018677, -0.37909942865371704, -0.13427656888961792, 0.35687652230262756, 0.924450695514679),
            ["LeftLowerArm"] = CFrame.new(-0.0004888772964477539, -0.00009989738464355469, 0, 1, -1.0430809993522416e-07, 2.980232594040899e-08, 5.215407838932151e-08, 0.8753411769866943, -0.4835056960582733, 7.450582373280668e-09, 0.48350563645362854, 0.8753412365913391),
            ["RightUpperArm"] = CFrame.new(-0.010132789611816406, -0.061980247497558594, 0.0000018891878426074982, 0.6899402141571045, 0.1019015833735466, 0.7166679501533508, 0.4135209023952484, 0.7571086287498474, -0.5057476758956909, -0.5941237211227417, 0.6452925801277161, 0.48021483421325684),
            ["Head"] = CFrame.new(7.135095074772835e-07, -2.384185791015625e-07, -1.2223608791828156e-09, 0.9964509010314941, -0.08389148116111755, -0.0069215986877679825, 0.08416823297739029, 0.9918237924575806, 0.09592372179031372, -0.001182174775749445, -0.09616583585739136, 0.9953647255897522),
            ["RightHand"] = CFrame.new(-4.172325134277344e-07, 4.76837158203125e-07, 0.0000024586915969848633, 0.8157744407653809, -0.4673054814338684, 0.3407898545265198, 0.06341139227151871, 0.6579373478889465, 0.7503984570503235, -0.5748834609985352, -0.5905457139015198, 0.5663608908653259),
            ["UpperTorso"] = CFrame.new(-9.760697139427066e-07, 5.662441253662109e-07, -0.0000010393705451861024, 0.998917818069458, 0.04553666710853577, 0.009470045566558838, -0.04545622691512108, 0.9989297986030579, -0.008543254807591438, -0.009848943911492825, 0.008103558793663979, 0.9999186992645264),
            ["HumanoidRootPart"] = CFrame.new(0, 0, 0, 1, 0, 0, 0, 1, 0, 0, 0, 1),
            ["RightUpperLeg"] = CFrame.new(0, 0.000001353677362203598, -9.464056347496808e-07, 0.5364145040512085, -0.6777564883232117, -0.5028977394104004, 0.1197088211774826, 0.6509600877761841, -0.7496135234832764, 0.8354217410087585, 0.34190234541893005, 0.43031784892082214),
            ["LeftUpperArm"] = CFrame.new(0.010132074356079102, -0.06198000907897949, 3.213062882423401e-08, 0.6298280954360962, -0.21108028292655945, -0.7475138306617737, -0.35250145196914673, 0.7798842191696167, -0.5172204971313477, 0.6921411752700806, 0.5892587304115295, 0.4167806804180145),
            ["RightLowerArm"] = CFrame.new(-0.000008106231689453125, 0.0000025033950805664062, 0.0000023245811462402344, 1, -1.4901162970204496e-08, -2.2351741790771484e-08, 7.450584860180243e-08, 0.8206464648246765, -0.5714362859725952, 1.4901170075631853e-08, 0.5714364051818848, 0.8206464052200317),
            ["LeftHand"] = CFrame.new(-1.4901161193847656e-07, 0.00009989738464355469, 2.9802322387695312e-08, 0.7091337442398071, 0.6677517294883728, -0.22635604441165924, -0.2194940149784088, 0.5141584277153015, 0.8291342854499817, 0.6700387001037598, -0.5382831692695618, 0.5111744999885559),
            ["LeftFoot"] = CFrame.new(-1.0710209608078003e-07, -5.960464477539063e-08, -7.450580596923828e-09, 0.9988654851913452, -0.04389594867825508, -0.01846618764102459, 0.04132724925875664, 0.991685152053833, -0.1218709945678711, 0.023662228137254715, 0.12096977233886719, 0.9923741817474365),
            ["LowerTorso"] = CFrame.new(0.037876445800065994, -0.36890435218811035, 0.04748574271798134, 0.9996632933616638, -0.025808554142713547, -0.0027140541933476925, 0.025919374078512192, 0.9878237843513489, 0.15340326726436615, -0.0012781084515154362, -0.15342195332050323, 0.9881599545478821),
            ["RightLowerLeg"] = CFrame.new(1.1920928955078125e-07, -0.0000036954879760742188, -0.000013141128874849528, 1, -1.86264600188224e-07, -1.0430815677864302e-07, 1.3411046495548362e-07, 0.39849746227264404, 0.9171696305274963, -4.4703490686970326e-08, -0.917169451713562, 0.39849725365638733),
            ["LeftUpperLeg"] = CFrame.new(-0.0000010132789611816406, 8.57282429933548e-07, -2.0489096641540527e-08, 0.6875180602073669, 0.6394273638725281, 0.34416791796684265, 0.04573074355721474, 0.43488559126853943, -0.8993239402770996, -0.7247259616851807, 0.6340404152870178, 0.26975017786026),
            ["LeftLowerLeg"] = CFrame.new(6.705522537231445e-08, 0.000003635883331298828, 0.000013306736946105957, 1, 6.519257453874161e-07, 3.9394950590576627e-07, -4.302710294723511e-07, 0.4470042586326599, 0.8945317268371582, 3.8743019104003906e-07, -0.8945319056510925, 0.4470045268535614),
        }},
        {Time = 0.067, Data = {
            ["RightFoot"] = CFrame.new(-3.725290298461914e-08, 2.980232238769531e-07, -1.0261283023282886e-07, 0.9661213159561157, 0.2547948658466339, 0.041097547858953476, -0.22007504105567932, 0.8964939117431641, -0.38453319668769836, -0.1348208636045456, 0.3624613881111145, 0.9221959710121155),
            ["LeftLowerArm"] = CFrame.new(-0.0004888772964477539, -0.00010097026824951172, -2.384185791015625e-07, 1, -7.450581307466564e-08, -4.47035120032524e-08, 4.470350489782504e-08, 0.8751487731933594, -0.4838539958000183, 0, 0.48385393619537354, 0.8751487731933594),
            ["RightUpperArm"] = CFrame.new(-0.010132670402526855, -0.06197988986968994, 0.0000019408762454986572, 0.7402093410491943, 0.1388852745294571, 0.6578872203826904, 0.3512069880962372, 0.7544891238212585, -0.554431140422821, -0.573361873626709, 0.6414491534233093, 0.5096967220306396),
            ["Head"] = CFrame.new(7.087364792823792e-07, 4.76837158203125e-07, 8.614733815193176e-09, 0.9968120455741882, -0.07913970202207565, -0.01013229414820671, 0.07969503104686737, 0.993669867515564, 0.07917731255292892, 0.003802086226642132, -0.07973239570856094, 0.9968091249465942),
            ["RightHand"] = CFrame.new(1.7881393432617188e-07, 7.748603820800781e-07, 0.000002562999725341797, 0.7163183689117432, -0.635856568813324, 0.287357896566391, 0.19588232040405273, 0.5785056948661804, 0.7918089032173157, -0.6697150468826294, -0.5108989477157593, 0.5389472246170044),
            ["UpperTorso"] = CFrame.new(-9.444993338547647e-07, 4.76837158203125e-07, -9.038340067490935e-07, 0.9988032579421997, 0.042372431606054306, 0.02442939206957817, -0.042064253240823746, 0.9990304112434387, -0.012994064949452877, -0.024956291541457176, 0.011950936168432236, 0.9996171593666077),
            ["HumanoidRootPart"] = CFrame.new(0, 0, 0, 1, 0, 0, 0, 1, 0, 0, 0, 1),
            ["RightUpperLeg"] = CFrame.new(1.1920928955078125e-07, 0.0000010188668966293335, -8.971619536168873e-07, 0.539201557636261, -0.6815674304962158, -0.4946998953819275, 0.11473073065280914, 0.6413769125938416, -0.758598804473877, 0.8343253135681152, 0.3522805869579315, 0.4240281581878662),
            ["LeftUpperArm"] = CFrame.new(0.010132193565368652, -0.06197953224182129, 1.862645149230957e-09, 0.6103640198707581, -0.20362156629562378, -0.7655120491981506, -0.38421452045440674, 0.7690024971961975, -0.5108892321586609, 0.6927011609077454, 0.6059484481811523, 0.39113110303878784),
            ["RightLowerArm"] = CFrame.new(-0.000007450580596923828, 0.0000028014183044433594, 0.0000024437904357910156, 1, -6.70552182668871e-08, 1.4901159417490817e-08, 6.705523247774181e-08, 0.7133949398994446, -0.7007622718811035, 8.195639367158947e-08, 0.7007623314857483, 0.7133948802947998),
            ["LeftHand"] = CFrame.new(-4.172325134277344e-07, 0.00009995698928833008, -1.4901161193847656e-08, 0.7884273529052734, 0.5705158114433289, -0.2299869805574417, -0.1422560065984726, 0.532859206199646, 0.8341608643531799, 0.5984526872634888, -0.624958336353302, 0.5012800693511963),
            ["LeftFoot"] = CFrame.new(5.587935447692871e-09, 0, 7.450580596923828e-09, 0.9986284971237183, -0.04822763055562973, -0.020380981266498566, 0.045269519090652466, 0.9909095168113708, -0.12668479979038239, 0.026305455714464188, 0.12558837234973907, 0.9917336702346802),
            ["LowerTorso"] = CFrame.new(0.03980003669857979, -0.3768315315246582, 0.05166352167725563, 0.9996485114097595, -0.025853335857391357, -0.005882402881979942, 0.026454923674464226, 0.9873751401901245, 0.1561749130487442, 0.0017704963684082031, -0.15627562999725342, 0.9877119064331055),
            ["RightLowerLeg"] = CFrame.new(1.4901161193847656e-08, -0.0000034570693969726562, -0.000013245437003206462, 1, -2.458692449636146e-07, -2.4586918812019576e-07, 3.2782563152977673e-07, 0.3822152614593506, 0.924073338508606, -2.98023280720372e-07, -0.9240733981132507, 0.3822152018547058),
            ["LeftUpperLeg"] = CFrame.new(-8.344650268554688e-07, 3.8929283618927e-07, 6.146728992462158e-08, 0.6933077573776245, 0.6401111483573914, 0.3310316801071167, 0.04274599999189377, 0.42201903462409973, -0.9055787324905396, -0.7193728089332581, 0.6419951319694519, 0.2652268409729004),
            ["LeftLowerLeg"] = CFrame.new(-4.0978193283081055e-08, 0.000003933906555175781, 0.000013262033462524414, 1, 4.2095794583474344e-07, 3.287568404175545e-07, -3.762544054097816e-07, 0.43390220403671265, 0.9009600877761841, 3.762544054097816e-07, -0.9009599685668945, 0.4339020252227783),
        }},
        {Time = 0.100, Data = {
            ["RightFoot"] = CFrame.new(5.21540641784668e-08, 3.5762786865234375e-07, -1.39865733217448e-07, 0.96684730052948, 0.25200289487838745, 0.04124312475323677, -0.21672770380973816, 0.8952301144599915, -0.38934844732284546, -0.1350390613079071, 0.36750203371047974, 0.9201668500900269),
            ["LeftLowerArm"] = CFrame.new(-0.0004891157150268555, -0.00009971857070922852, 1.4901161193847656e-07, 1, -1.1920926112907182e-07, 2.980232949312267e-08, 3.72529100900465e-08, 0.874194324016571, -0.4855763912200928, -2.2351747119842003e-08, 0.4855763614177704, 0.8741942048072815),
            ["RightUpperArm"] = CFrame.new(-0.010132551193237305, -0.06197988986968994, 0.0000019744038581848145, 0.7094788551330566, 0.1717013716697693, 0.6835008859634399, 0.3445765972137451, 0.7615086436271667, -0.548967719078064, -0.6147412061691284, 0.6249986290931702, 0.4811041057109833),
            ["Head"] = CFrame.new(7.289927452802658e-07, 0, 4.691537469625473e-08, 0.9971669316291809, -0.07350345700979233, -0.01598004437983036, 0.074354387819767, 0.9953310489654541, 0.06154288724064827, 0.01138182170689106, -0.062556691467762, 0.9979764819145203),
            ["RightHand"] = CFrame.new(1.1920928955078125e-07, 5.364418029785156e-07, 0.000001952052116394043, 0.5460500717163086, -0.8218528628349304, 0.16244150698184967, 0.5466999411582947, 0.49650099873542786, 0.67424476146698, -0.6347823143005371, -0.2793646454811096, 0.720421314239502),
            ["UpperTorso"] = CFrame.new(-9.56233634497039e-07, 2.384185791015625e-07, -9.635405149310827e-07, 0.9983411431312561, 0.037750259041786194, 0.04347503185272217, -0.03709610179066658, 0.9991874694824219, -0.015756886452436447, -0.04403454065322876, 0.014118006452918053, 0.9989302754402161),
            ["HumanoidRootPart"] = CFrame.new(0, 0, 0, 1, 0, 0, 0, 1, 0, 0, 0, 1),
            ["RightUpperLeg"] = CFrame.new(1.1920928955078125e-07, 7.664784789085388e-07, -9.241703082807362e-07, 0.5405843257904053, -0.6850860118865967, -0.4882885813713074, 0.1057165116071701, 0.6311212182044983, -0.7684465050697327, 0.8346213102340698, 0.3637900650501251, 0.4135991632938385),
            ["LeftUpperArm"] = CFrame.new(0.010132133960723877, -0.06197988986968994, 7.450580596923828e-09, 0.5894341468811035, -0.20047050714492798, -0.7825556993484497, -0.3862420916557312, 0.780877947807312, -0.490958571434021, 0.7094959020614624, 0.5916428565979004, 0.38283979892730713),
            ["RightLowerArm"] = CFrame.new(-0.000008106231689453125, 0.000003337860107421875, 0.0000015497207641601562, 1, -1.6763809895792292e-08, -3.725290298461914e-09, 4.4703497792397684e-08, 0.6081830263137817, -0.7937968969345093, 9.685758328714655e-08, 0.7937968373298645, 0.608182966709137),
            ["LeftHand"] = CFrame.new(-1.1920928955078125e-07, 0.00009989738464355469, 2.086162567138672e-07, 0.77777099609375, 0.5965421199798584, -0.1980150043964386, -0.2087002992630005, 0.5422603487968445, 0.8138783574104309, 0.5928882956504822, -0.5916851758956909, 0.5462527871131897),
            ["LeftFoot"] = CFrame.new(2.7939677238464355e-08, 1.1920928955078125e-07, -3.3527612686157227e-08, 0.9981752634048462, -0.05560661479830742, -0.023541005328297615, 0.05203186348080635, 0.9898836612701416, -0.13199648261070251, 0.030642986297607422, 0.13053086400032043, 0.9909706711769104),
            ["LowerTorso"] = CFrame.new(0.04172363132238388, -0.38451170921325684, 0.05722175911068916, 0.9996190071105957, -0.026622842997312546, -0.007298033684492111, 0.027456337586045265, 0.9862625002861023, 0.1628882735967636, 0.0028612290043383837, -0.16302655637264252, 0.9866175651550293),
            ["RightLowerLeg"] = CFrame.new(-1.4156103134155273e-07, -0.000003635883331298828, -0.000013267788744997233, 1, -2.607703493140434e-07, -7.450580596923828e-08, 1.6391273049976007e-07, 0.36684027314186096, 0.9302840232849121, -1.7881389169360773e-07, -0.9302840232849121, 0.36684006452560425),
            ["LeftUpperLeg"] = CFrame.new(-0.0000010132789611816406, 3.501772880554199e-07, -9.080395102500916e-09, 0.70741868019104, 0.6345717310905457, 0.3112514615058899, 0.038214027881622314, 0.4053867757320404, -0.9133462309837341, -0.7057610154151917, 0.6580125093460083, 0.26252877712249756),
            ["LeftLowerLeg"] = CFrame.new(2.9802322387695312e-08, 0.000003933906555175781, 0.0000133514404296875, 1, -2.1420416373985063e-07, -7.916243660588407e-09, 1.247972107876194e-07, 0.42163223028182983, 0.9067668914794922, -2.607702853651972e-08, -0.9067668914794922, 0.4216324985027313),
        }},
        {Time = 0.133, Data = {
            ["RightFoot"] = CFrame.new(2.2351741790771484e-08, 1.7881393432617188e-07, -2.8107024263590574e-08, 0.9671404361724854, 0.25083619356155396, 0.041482459753751755, -0.214981347322464, 0.8939354419708252, -0.3932715952396393, -0.1357293426990509, 0.3714306950569153, 0.9184861779212952),
            ["LeftLowerArm"] = CFrame.new(-0.0004892349243164062, -0.0001004338264465332, -2.086162567138672e-07, 1, -5.960465188081798e-08, -1.4901170075631853e-08, 8.940700979565008e-08, 0.8695975542068481, -0.49376124143600464, 5.215408904746255e-08, 0.4937613308429718, 0.8695976138114929),
            ["RightUpperArm"] = CFrame.new(-0.010132551193237305, -0.061980366706848145, 0.0000018328428268432617, 0.635622501373291, 0.16761423647403717, 0.753594160079956, 0.4014170169830322, 0.7620531916618347, -0.508067786693573, -0.6594303250312805, 0.6254441142082214, 0.41708871722221375),
            ["Head"] = CFrame.new(7.073394954204559e-07, -1.1920928955078125e-07, -8.917413651943207e-08, 0.9973487257957458, -0.06650125235319138, -0.029548825696110725, 0.06787184625864029, 0.9965342283248901, 0.04809380695223808, 0.02624811790883541, -0.04997182637453079, 0.9984056353569031),
            ["RightHand"] = CFrame.new(3.5762786865234375e-07, 3.5762786865234375e-07, 0.0000019669532775878906, 0.3735153079032898, -0.8964256048202515, 0.23855289816856384, 0.8218675851821899, 0.43904930353164673, 0.36300089955329895, -0.4301397204399109, 0.06047246232628822, 0.9007346630096436),
            ["UpperTorso"] = CFrame.new(-9.487657735007815e-07, 3.8743019104003906e-07, -8.873757906258106e-07, 0.9972648024559021, 0.032079823315143585, 0.06658681482076645, -0.031014230102300644, 0.9993747472763062, -0.016975846141576767, -0.06708976626396179, 0.014864272437989712, 0.9976362586021423),
            ["HumanoidRootPart"] = CFrame.new(0, 0, 0, 1, 0, 0, 0, 1, 0, 0, 0, 1),
            ["RightUpperLeg"] = CFrame.new(-2.9802322387695312e-08, 8.177012205123901e-07, -9.473369573242962e-07, 0.5370360016822815, -0.6892079710960388, -0.4863996207714081, 0.09635919332504272, 0.6229502558708191, -0.7763040065765381, 0.8380377292633057, 0.37003424763679504, 0.40095841884613037),
            ["LeftUpperArm"] = CFrame.new(0.010132133960723877, -0.06197988986968994, 4.842877388000488e-08, 0.5725069642066956, -0.21020641922950745, -0.7925044298171997, -0.3723427355289459, 0.7945013046264648, -0.4797106981277466, 0.7304770350456238, 0.5697200298309326, 0.37658238410949707),
            ["RightLowerArm"] = CFrame.new(-0.000007867813110351562, 0.0000018477439880371094, 0.0000016987323760986328, 1, -5.401672353855247e-08, -2.2351747119842003e-08, 2.980232949312267e-08, 0.5626735091209412, -0.8266792893409729, 8.940698847936801e-08, 0.8266792297363281, 0.5626735091209412),
            ["LeftHand"] = CFrame.new(-1.4901161193847656e-07, 0.00009989738464355469, 5.960464477539063e-08, 0.744238555431366, 0.6446701884269714, -0.17466941475868225, -0.2847558557987213, 0.5428109169006348, 0.7901079058647156, 0.6041713953018188, -0.5382906794548035, 0.5875543355941772),
            ["LeftFoot"] = CFrame.new(2.7008354663848877e-08, -5.960464477539063e-08, 1.862645149230957e-09, 0.9980552196502686, -0.057311899960041046, -0.02451923117041588, 0.05356606841087341, 0.9896805882453918, -0.1329020857810974, 0.03188322111964226, 0.13133059442043304, 0.990825891494751),
            ["LowerTorso"] = CFrame.new(0.04259755462408066, -0.3913038969039917, 0.06301115453243256, 0.9995807409286499, -0.028794139623641968, -0.0030716643668711185, 0.028894808143377304, 0.9848119616508484, 0.17120370268821716, -0.0019046507077291608, -0.17122069001197815, 0.9852308630943298),
            ["RightLowerLeg"] = CFrame.new(-1.1175870895385742e-07, -0.0000036954879760742188, -0.000013088974810671061, 1, -6.332993507385254e-07, -3.9488054426328745e-07, 3.576278118089249e-07, 0.3547062575817108, 0.9349779486656189, -2.2351738948600541e-07, -0.9349778294563293, 0.3547058403491974),
            ["LeftUpperLeg"] = CFrame.new(-9.5367431640625e-07, 4.721805453300476e-07, 3.096647560596466e-08, 0.7191871404647827, 0.628814697265625, 0.29557061195373535, 0.03974321857094765, 0.38746774196624756, -0.9210261702537537, -0.6936788558959961, 0.6741371154785156, 0.2536707818508148),
            ["LeftLowerLeg"] = CFrame.new(-2.9802322387695312e-08, 0.000003933906555175781, 0.000013396143913269043, 1, 8.754431490842762e-08, -2.4680044674596502e-08, -3.1478705864174117e-07, 0.41223451495170593, 0.9110776782035828, 7.823110337312755e-08, -0.9110777974128723, 0.41223466396331787),
        }},
        {Time = 0.167, Data = {
            ["RightFoot"] = CFrame.new(0, 3.5762786865234375e-07, 2.4047039914876223e-08, 0.9661057591438293, 0.25462162494659424, 0.04251481965184212, -0.21783830225467682, 0.8924891352653503, -0.39498043060302734, -0.13851457834243774, 0.3723318576812744, 0.9177052974700928),
            ["LeftLowerArm"] = CFrame.new(-0.0004891157150268555, -0.00009965896606445312, -1.7881393432617188e-07, 1, -1.0430809993522416e-07, 4.4703494239684005e-08, 1.1920930376163597e-07, 0.866955578327179, -0.49838536977767944, 7.450581307466564e-08, 0.4983854293823242, 0.866955578327179),
            ["RightUpperArm"] = CFrame.new(-0.010132253170013428, -0.061980247497558594, 0.0000018328428268432617, 0.5615161061286926, 0.1612406224012375, 0.8116123676300049, 0.4752347767353058, 0.7400959730148315, -0.47581854462623596, -0.6773859262466431, 0.6528855562210083, 0.3389427065849304),
            ["Head"] = CFrame.new(7.171183824539185e-07, -1.1920928955078125e-07, -4.21423465013504e-08, 0.9971116781234741, -0.05758669599890709, -0.049518004059791565, 0.059957437217235565, 0.99705570936203, 0.047803353518247604, 0.04661935940384865, -0.05063425377011299, 0.9976286888122559),
            ["RightHand"] = CFrame.new(-2.9802322387695312e-08, 7.152557373046875e-07, 0.000001996755599975586, 0.2166765332221985, -0.8861017227172852, 0.40972572565078735, 0.9150007367134094, 0.33064335584640503, 0.23118984699249268, -0.34033071994781494, 0.32480594515800476, 0.8824262619018555),
            ["UpperTorso"] = CFrame.new(-9.552859410177916e-07, 6.556510925292969e-07, -9.604264050722122e-07, 0.9953770041465759, 0.02563300170004368, 0.09256083518266678, -0.02421402931213379, 0.9995720386505127, -0.016420945525169373, -0.09294211864471436, 0.014103759080171585, 0.9955716133117676),
            ["HumanoidRootPart"] = CFrame.new(0, 0, 0, 1, 0, 0, 0, 1, 0, 0, 0, 1),
            ["RightUpperLeg"] = CFrame.new(5.960464477539063e-08, 0.000001058913767337799, -9.386058081872761e-07, 0.5346790552139282, -0.6916455626487732, -0.4855356514453888, 0.08923407644033432, 0.6175585389137268, -0.7814465761184692, 0.8403306007385254, 0.37449684739112854, 0.39191392064094543),
            ["LeftUpperArm"] = CFrame.new(0.010132074356079102, -0.06197988986968994, 5.960464477539063e-08, 0.5548316240310669, -0.24147918820381165, -0.7961559295654297, -0.35848748683929443, 0.794165849685669, -0.4906942546367645, 0.7507653832435608, 0.5576635003089905, 0.3540549576282501),
            ["RightLowerArm"] = CFrame.new(-0.000008285045623779297, 0.0000016689300537109375, 0.0000019371509552001953, 1, 1.4901162970204496e-08, 5.215404996761208e-08, 8.940696716308594e-08, 0.767285943031311, -0.6413052082061768, -5.960464477539063e-08, 0.6413052678108215, 0.7672858238220215),
            ["LeftHand"] = CFrame.new(2.9802322387695312e-08, 0.00010001659393310547, -2.384185791015625e-07, 0.7184397578239441, 0.6743543744087219, -0.1705591231584549, -0.3238314688205719, 0.5412671566009521, 0.7759917974472046, 0.6156115531921387, -0.5022710561752319, 0.6072449684143066),
            ["LeftFoot"] = CFrame.new(6.332993507385254e-08, -5.960464477539063e-08, -9.313225746154785e-08, 0.9985167384147644, -0.04985355958342552, -0.021883349865674973, 0.04671237990260124, 0.9909248352050781, -0.1260395348072052, 0.027968240901827812, 0.12483029812574387, 0.991783857345581),
            ["LowerTorso"] = CFrame.new(0.04143229499459267, -0.3962758779525757, 0.0693713128566742, 0.9994262456893921, -0.03300093114376068, 0.007632301654666662, 0.031057072803378105, 0.9827373027801514, 0.1823815405368805, -0.013519307598471642, -0.18203988671302795, 0.9831982254981995),
            ["RightLowerLeg"] = CFrame.new(2.9802322387695312e-08, -0.0000036954879760742188, -0.000013193282939027995, 1, -5.289913929118484e-07, -3.6507861977952416e-07, 4.1723257027115324e-07, 0.3480902314186096, 0.9374610185623169, -3.576279254957626e-07, -0.9374611377716064, 0.34809041023254395),
            ["LeftUpperLeg"] = CFrame.new(-0.0000010728836059570312, 5.355104804039001e-07, 3.958120942115784e-09, 0.7273396253585815, 0.6234006881713867, 0.28696438670158386, 0.0507812462747097, 0.3681113123893738, -0.9283940196037292, -0.6843963861465454, 0.6898301839828491, 0.23608481884002686),
            ["LeftLowerLeg"] = CFrame.new(-1.043081283569336e-07, 0.000003635883331298828, 0.000013276934623718262, 1, 9.12696123123169e-08, 6.938353180885315e-08, -1.6205014219394798e-07, 0.40775468945503235, 0.9130916595458984, 1.266598843585598e-07, -0.9130915999412537, 0.407754510641098),
        }},
        {Time = 0.200, Data = {
            ["RightFoot"] = CFrame.new(-1.4901161193847656e-08, 4.172325134277344e-07, 3.894820110872388e-08, 0.9638286828994751, 0.26280903816223145, 0.04433780908584595, -0.22494924068450928, 0.891370415687561, -0.3935181498527527, -0.14294135570526123, 0.36931055784225464, 0.9182470440864563),
            ["LeftLowerArm"] = CFrame.new(-0.0004888772964477539, -0.00009971857070922852, -2.384185791015625e-07, 1, -8.940698137394065e-08, 4.4703494239684005e-08, 7.450583439094771e-08, 0.859859824180603, -0.5105301141738892, 2.980233304583635e-08, 0.5105302333831787, 0.859859824180603),
            ["RightUpperArm"] = CFrame.new(-0.010132253170013428, -0.0619807243347168, 0.0000020265579223632812, 0.46430760622024536, 0.1296044886112213, 0.8761460185050964, 0.5762943029403687, 0.7069656848907471, -0.40997380018234253, -0.6725350618362427, 0.6952713131904602, 0.25355392694473267),
            ["Head"] = CFrame.new(7.078051567077637e-07, -3.5762786865234375e-07, 1.2223608791828156e-08, 0.9964768290519714, -0.0468771792948246, -0.06954528391361237, 0.05130527541041374, 0.9966740012168884, 0.06331513822078705, 0.0663459524512291, -0.0666600689291954, 0.9955675601959229),
            ["RightHand"] = CFrame.new(-1.4901161193847656e-08, 7.152557373046875e-07, 0.0000017136335372924805, 0.7161716818809509, -0.6678178310394287, 0.20277434587478638, 0.49729448556900024, 0.6921371817588806, 0.5231103897094727, -0.48969006538391113, -0.2737983167171478, 0.827791154384613),
            ["UpperTorso"] = CFrame.new(-9.46653017308563e-07, 2.384185791015625e-07, -9.503564797341824e-07, 0.9926831126213074, 0.018235158175230026, 0.11936385929584503, -0.016747845336794853, 0.9997692704200745, -0.013451745733618736, -0.11958160251379013, 0.011354217305779457, 0.9927595257759094),
            ["HumanoidRootPart"] = CFrame.new(0, 0, 0, 1, 0, 0, 0, 1, 0, 0, 0, 1),
            ["RightUpperLeg"] = CFrame.new(2.384185791015625e-07, 0.000001064501702785492, -9.469877113588154e-07, 0.5399425029754639, -0.6897072792053223, -0.4824586510658264, 0.0849071517586708, 0.6149015426635742, -0.7840196490287781, 0.8374084234237671, 0.3823612928390503, 0.390572726726532),
            ["LeftUpperArm"] = CFrame.new(0.01013195514678955, -0.06198000907897949, 5.960464477539063e-08, 0.5358866453170776, -0.27834296226501465, -0.7970982789993286, -0.3474771976470947, 0.7877231240272522, -0.5086696147918701, 0.7694708108901978, 0.5495611429214478, 0.3254068195819855),
            ["RightLowerArm"] = CFrame.new(-0.000007867813110351562, 0.0000024437904357910156, 0.000001773238182067871, 1, -2.980233304583635e-08, 2.980232949312267e-08, 0, 0.8701328039169312, -0.4928174614906311, 2.980232594040899e-08, 0.4928174614906311, 0.8701327443122864),
            ["LeftHand"] = CFrame.new(-2.9802322387695312e-08, 0.00009989738464355469, -5.066394805908203e-07, 0.6984369158744812, 0.6946583986282349, -0.1721494197845459, -0.3455027639865875, 0.5379371047019958, 0.7689288258552551, 0.6267485022544861, -0.4775703251361847, 0.6157215237617493),
            ["LeftFoot"] = CFrame.new(1.0244548320770264e-08, 1.1920928955078125e-07, -2.421438694000244e-08, 0.9990502595901489, -0.03971252962946892, -0.017929695546627045, 0.037385471165180206, 0.9926137924194336, -0.11541367322206497, 0.022380871698260307, 0.11463385820388794, 0.9931557178497314),
            ["LowerTorso"] = CFrame.new(0.03865497186779976, -0.3981800079345703, 0.07669982314109802, 0.9990213513374329, -0.0387851819396019, 0.021264338865876198, 0.033878132700920105, 0.9800363779067993, 0.1959107518196106, -0.028438260778784752, -0.1949986070394516, 0.9803911447525024),
            ["RightLowerLeg"] = CFrame.new(-4.470348358154297e-08, -0.000003516674041748047, -0.000013208184100221843, 1, -4.0978221704790485e-07, -2.384186643666908e-07, 1.0430815677864302e-07, 0.3486819267272949, 0.9372411966323853, -2.0861631355728605e-07, -0.9372411370277405, 0.3486817479133606),
            ["LeftUpperLeg"] = CFrame.new(-8.940696716308594e-07, 5.103647708892822e-07, 1.955777406692505e-08, 0.7378913760185242, 0.614010751247406, 0.2801911234855652, 0.06443598121404648, 0.349160760641098, -0.9348448514938354, -0.6718366742134094, 0.7078683376312256, 0.2180783599615097),
            ["LeftLowerLeg"] = CFrame.new(1.1920928955078125e-07, 0.000003933906555175781, 0.000013440847396850586, 1, -2.7939680791178034e-08, -6.891788473240013e-08, -5.029141192380848e-08, 0.4092525839805603, 0.9124211668968201, 1.1175869119028903e-08, -0.9124211668968201, 0.4092526435852051),
        }},
        {Time = 0.233, Data = {
            ["RightFoot"] = CFrame.new(-2.2351741790771484e-08, 1.7881393432617188e-07, 1.6952981241047382e-09, 0.9613370895385742, 0.27146339416503906, 0.046243250370025635, -0.23294681310653687, 0.8912287950515747, -0.38916197419166565, -0.14685656130313873, 0.3633440136909485, 0.9200078845024109),
            ["LeftLowerArm"] = CFrame.new(-0.0004895627498626709, -0.00010120868682861328, -2.9802322387695312e-08, 1, -7.450579886381092e-08, 1.4901168299275014e-08, 7.450584860180243e-08, 0.8416404724121094, -0.5400382876396179, 4.47035120032524e-08, 0.5400382876396179, 0.8416405320167542),
            ["RightUpperArm"] = CFrame.new(-0.010132670402526855, -0.061980366706848145, 0.000001952052116394043, 0.5007482767105103, 0.11261441558599472, 0.858242928981781, 0.6024740934371948, 0.666572630405426, -0.43897515535354614, -0.6215112209320068, 0.736884593963623, 0.2659325897693634),
            ["Head"] = CFrame.new(7.078051567077637e-07, 1.1920928955078125e-07, 1.2246891856193542e-07, 0.995699942111969, -0.03475697338581085, -0.08586973696947098, 0.04276502504944801, 0.9947236776351929, 0.09325234591960907, 0.08217550069093704, -0.09652353823184967, 0.99193274974823),
            ["RightHand"] = CFrame.new(4.470348358154297e-08, 6.556510925292969e-07, 0.0000016093254089355469, 0.8665279150009155, -0.4559110999107361, 0.203161358833313, 0.1878899484872818, 0.6750401258468628, 0.7134551405906677, -0.4624142050743103, -0.5800567865371704, 0.6706022024154663),
            ["UpperTorso"] = CFrame.new(-9.447467164136469e-07, 8.046627044677734e-07, -9.913346730172634e-07, 0.9894864559173584, 0.010642940178513527, 0.1442338079214096, -0.009494327940046787, 0.9999176263809204, -0.00864948146045208, -0.1443139612674713, 0.0071891252882778645, 0.9895058870315552),
            ["HumanoidRootPart"] = CFrame.new(0, 0, 0, 1, 0, 0, 0, 1, 0, 0, 0, 1),
            ["RightUpperLeg"] = CFrame.new(1.1920928955078125e-07, 0.0000010011717677116394, -0.0000010503645171411335, 0.5494489669799805, -0.6844702959060669, -0.4791727066040039, 0.08338241279125214, 0.6155537366867065, -0.7836713790893555, 0.8313562273979187, 0.3906329572200775, 0.3952883780002594),
            ["LeftUpperArm"] = CFrame.new(0.010132014751434326, -0.06197965145111084, 1.4901161193847656e-08, 0.5380403399467468, -0.3150264024734497, -0.7818479537963867, -0.3182966113090515, 0.7829373478889465, -0.5344986319541931, 0.7805125117301941, 0.5364396572113037, 0.3209749162197113),
            ["RightLowerArm"] = CFrame.new(-0.0000065267086029052734, 0.00000286102294921875, 0.0000016987323760986328, 1, 1.4901164746561335e-08, -3.725290653733282e-08, 5.960465898624534e-08, 0.8346996307373047, -0.5507055521011353, 1.4901164746561335e-08, 0.5507055521011353, 0.8346996903419495),
            ["LeftHand"] = CFrame.new(-2.9802322387695312e-08, 0.00009989738464355469, -2.9802322387695312e-08, 0.6872276663780212, 0.6998429298400879, -0.19477692246437073, -0.3354089558124542, 0.5435187220573425, 0.7694728374481201, 0.6443750262260437, -0.4634730815887451, 0.6082545518875122),
            ["LeftFoot"] = CFrame.new(-8.288770914077759e-08, -1.7881393432617188e-07, 3.5390257835388184e-08, 0.9994178414344788, -0.030986972153186798, -0.01427518017590046, 0.029311835765838623, 0.9939876198768616, -0.10549673438072205, 0.017458610236644745, 0.10501690208911896, 0.9943171739578247),
            ["LowerTorso"] = CFrame.new(0.0353405699133873, -0.3968775272369385, 0.08393427729606628, 0.9983923435211182, -0.0449247732758522, 0.03456312045454979, 0.03681023046374321, 0.9775761961936951, 0.2073403149843216, -0.043102797120809555, -0.20573469996452332, 0.9776581525802612),
            ["RightLowerLeg"] = CFrame.new(-5.960464477539063e-08, -0.0000033974647521972656, -0.000013312492228578776, 1, 3.427268211453338e-07, 3.7252924300901213e-08, -2.3841863594498136e-07, 0.35599932074546814, 0.9344862699508667, 8.940698847936801e-08, -0.9344862699508667, 0.35599926114082336),
            ["LeftUpperLeg"] = CFrame.new(-0.0000010728836059570312, 9.834766387939453e-07, 5.21540641784668e-08, 0.7495503425598145, 0.6021068692207336, 0.2750299274921417, 0.07523853331804276, 0.33529967069625854, -0.9391024112701416, -0.6576576232910156, 0.7245975136756897, 0.20602232217788696),
            ["LeftLowerLeg"] = CFrame.new(3.725290298461914e-08, 0.000003874301910400391, 0.000013187527656555176, 1, 1.9930298833514826e-07, 8.894128455949613e-08, -2.0861619987044833e-07, 0.41560104489326477, 0.909546971321106, 1.0617074508445512e-07, -0.9095470309257507, 0.41560107469558716),
        }},
        {Time = 0.267, Data = {
            ["RightFoot"] = CFrame.new(-7.450580596923828e-08, 4.172325134277344e-07, -3.55576048605144e-08, 0.9596246480941772, 0.2772429883480072, 0.04750456288456917, -0.2387358695268631, 0.8920789361000061, -0.3836669921875, -0.14874711632728577, 0.35683542490005493, 0.922248899936676),
            ["LeftLowerArm"] = CFrame.new(-0.0004892349243164062, -0.0001004934310913086, -1.1920928955078125e-07, 1, -4.0978196835794733e-08, 2.980233659855003e-08, 9.685758328714655e-08, 0.7416068315505981, -0.6708348393440247, 5.215408194203519e-08, 0.6708347797393799, 0.7416068911552429),
            ["RightUpperArm"] = CFrame.new(-0.010132372379302979, -0.061980366706848145, 0.000002041459083557129, 0.5188890695571899, 0.0977814570069313, 0.849237859249115, 0.6174664497375488, 0.6441531181335449, -0.451436311006546, -0.5911763906478882, 0.7586208581924438, 0.27386194467544556),
            ["Head"] = CFrame.new(7.399357855319977e-07, 1.1920928955078125e-07, 7.264316082000732e-08, 0.9947634935379028, -0.028932513669133186, -0.09802339971065521, 0.04202289879322052, 0.9900583624839783, 0.1342330127954483, 0.09316521137952805, -0.1376493275165558, 0.9860897660255432),
            ["RightHand"] = CFrame.new(-1.043081283569336e-07, 4.76837158203125e-07, 0.00000216066837310791, 0.8802860379219055, -0.41796764731407166, 0.22449825704097748, 0.10229157656431198, 0.6292542219161987, 0.7704386115074158, -0.4632849395275116, -0.6552420854568481, 0.5966782569885254),
            ["UpperTorso"] = CFrame.new(-9.475334081798792e-07, 2.384185791015625e-07, -9.855721145868301e-07, 0.9862821102142334, 0.0033358042128384113, 0.16503474116325378, -0.0030762306414544582, 0.9999936819076538, -0.0018284223042428493, -0.16503971815109253, 0.0012956451391801238, 0.9862861037254333),
            ["HumanoidRootPart"] = CFrame.new(0, 0, 0, 1, 0, 0, 0, 1, 0, 0, 0, 1),
            ["RightUpperLeg"] = CFrame.new(5.960464477539063e-08, 5.699694156646729e-07, -9.814466466195881e-07, 0.5604188442230225, -0.6776873469352722, -0.47609928250312805, 0.08499647676944733, 0.6188797354698181, -0.7808734774589539, 0.8238363862037659, 0.3971494436264038, 0.4044329822063446),
            ["LeftUpperArm"] = CFrame.new(0.010131895542144775, -0.061980366706848145, 4.842877388000488e-08, 0.5841307640075684, -0.31621623039245605, -0.7475391030311584, -0.2658475339412689, 0.7956504821777344, -0.5442960262298584, 0.766887366771698, 0.516669750213623, 0.3806930184364319),
            ["RightLowerArm"] = CFrame.new(-0.000007569789886474609, 0.0000019669532775878906, 0.0000015795230865478516, 1, 4.4703490686970326e-08, 4.470348358154297e-08, -1.4901162970204496e-08, 0.8220025300979614, -0.5694839358329773, 0, 0.5694839954376221, 0.8220024704933167),
            ["LeftHand"] = CFrame.new(-1.1920928955078125e-07, 0.0000997781753540039, 1.4901161193847656e-07, 0.7893328070640564, 0.5749534964561462, -0.21536536514759064, -0.1670687198638916, 0.5386816263198853, 0.8257784843444824, 0.5907976031303406, -0.6158333420753479, 0.5212557911872864),
