return {
    ["Kickback"] = {
        {Time = 0.000, Data = {
            ["LeftLowerArm"] = CFrame.new(-2.384185791015625e-07, 5.960464477539063e-08, 0, 1, 3.7252057438763586e-08, 8.940899931531021e-08, 1.4156101713069802e-07, -0.1969134360551834, -0.9804208278656006, -1.4901159417490817e-08, 0.9804208278656006, -0.19691379368305206),
            ["LeftFoot"] = CFrame.new(0, 2.980232238769531e-07, 2.0116567611694336e-07, 0.9910306930541992, -0.13131912052631378, 0.024748656898736954, 0.11814910918474197, 0.9475725889205933, 0.29691237211227417, -0.062442347407341, -0.2913099229335785, 0.954584002494812),
            ["RightHand"] = CFrame.new(-2.9802322387695312e-08, -5.364418029785156e-07, -2.682209014892578e-07, 0.9664530158042908, 0.14459623396396637, -0.2122754156589508, -0.22418317198753357, 0.8782248497009277, -0.4224490821361542, 0.12534138560295105, 0.4558650553226471, 0.8811786770820618),
            ["HumanoidRootPart"] = CFrame.new(0, 0, 0, 1, 0, 0, 0, 1, 0, 0, 0, 1),
            ["LegBack"] = CFrame.new(5.960464477539063e-08, -2.7241185307502747e-07, 2.9802322387695312e-08, 0.9996436834335327, 0.027061132714152336, -0.0005009133601561189, -0.02668839320540428, 0.9996337890625, 0.000012530197636806406, 0.0005010450258851051, 0.0000011573513347684639, 0.9999998807907104),
            ["RightLowerLeg"] = CFrame.new(-1.043081283569336e-07, 3.5762786865234375e-07, 8.940696716308594e-08, 1, -0.000001713644792289415, -0.0000013261959566079895, 0.0000017024576663970947, 0.2498534917831421, 0.9682835936546326, -0.0000014007091522216797, -0.9682837724685669, 0.24985390901565552),
            ["LeftUpperLeg"] = CFrame.new(-5.960464477539063e-08, 5.587935447692871e-08, 1.4156103134155273e-07, 0.9779915809631348, -0.05501961708068848, 0.2012592852115631, 0.20542877912521362, 0.4226256310939789, -0.8827143311500549, -0.03649109601974487, 0.9046327471733093, 0.4246293902397156),
            ["LeftLowerLeg"] = CFrame.new(4.470348358154297e-08, 5.960464477539062e-07, -1.7881393432617188e-07, 1, 5.736953880841611e-07, 1.639125599695035e-07, -5.327164558366349e-07, 0.7081583738327026, 0.7060533761978149, 2.8684732455985795e-07, -0.7060537338256836, 0.7081586122512817),
            ["ChairBack"] = CFrame.new(-5.960464477539063e-08, -1.2852251529693604e-07, -2.3283064365386963e-10, 0.877137303352356, 0.4802388846874237, -0.000909267517272383, -0.480239599943161, 0.8771369457244873, -0.0008544036536477506, 0.00038721715100109577, 0.0011859452351927757, 0.9999992251396179),
            ["LowerTorso"] = CFrame.new(0.0029454766772687435, -0.4440336227416992, 0.0889945849776268, 0.997108519077301, -0.06444379687309265, 0.04027104005217552, 0.07465194910764694, 0.7315987348556519, -0.677635908126831, 0.014207190833985806, 0.6786829233169556, 0.7342941164970398),
            ["Head"] = CFrame.new(1.862645149230957e-09, -3.5762786865234375e-07, -4.260800778865814e-08, 0.9962337017059326, 0.021349824965000153, 0.08403976261615753, -0.0067125726491212845, 0.9852941632270813, -0.17073528468608856, -0.086449034512043, 0.1695283204317093, 0.9817265272140503),
            ["LegFront"] = CFrame.new(-0.0007442831993103027, -0.0004887105897068977, 0.0006296047940850258, 0.9999402761459351, 0.010736936703324318, -0.0005172767559997737, -0.010922190733253956, 0.9999423623085022, 0.000037573190638795495, 0.000517675478477031, -0.000031927211239235476, 0.9999998807907104),
            ["UpperTorso"] = CFrame.new(1.1175870895385742e-08, 1.4901161193847656e-07, -8.032657206058502e-09, 0.996749997138977, 0.07037684321403503, -0.03920105844736099, -0.053745679557323456, 0.943437933921814, 0.3271641433238983, 0.06000855565071106, -0.32399389147758484, 0.9441540837287903),
            ["ArmLeft"] = CFrame.new(4.917383193969727e-07, -3.5762786865234375e-07, 1.1920928955078125e-07, 0.9998411536216736, -0.01782100461423397, 0.000012369046999083366, 0.01782718114554882, 0.9998412132263184, 0.0000030828971375740366, -0.00001241389418282779, -0.0000029923623969807522, 1),
            ["RightFoot"] = CFrame.new(1.1175870895385742e-08, 3.5762786865234375e-07, -2.530869096517563e-07, 0.9884219765663147, 0.14996518194675446, -0.023023322224617004, -0.14911507070064545, 0.9881877303123474, 0.035405199974775314, 0.028049688786268234, -0.0315498411655426, 0.9991078972816467),
            ["LeftUpperArm"] = CFrame.new(5.960464477539063e-08, 2.384185791015625e-07, -3.166496753692627e-08, 0.19959408044815063, 0.5421877503395081, -0.816209614276886, 0.07992121577262878, -0.8392006158828735, -0.5379177927970886, -0.9766139984130859, 0.04212914779782295, -0.2108231633901596),
            ["RightLowerArm"] = CFrame.new(1.7881393432617188e-07, -5.960464477539063e-08, -1.7881393432617188e-07, 1, 2.980168289923313e-08, 5.960595217402442e-08, 1.4156104555240745e-07, -0.2620510160923004, -0.9650540351867676, -4.4703490686970326e-08, 0.9650540351867676, -0.26205119490623474),
            ["LeftHand"] = CFrame.new(1.1920928955078125e-07, -2.980232238769531e-07, -2.384185791015625e-07, 0.9594959616661072, -0.20189517736434937, 0.19648467004299164, 0.2644842863082886, 0.8857617378234863, -0.3814108669757843, -0.09703385829925537, 0.41792893409729004, 0.903282642364502),
            ["ChairMain"] = CFrame.new(-0.40206658840179443, -0.017551541328430176, -1.1920928955078125e-07, 0.9999591708183289, -0.009022707119584084, 0.0004885139060206711, 0.009022712707519531, 0.9999592900276184, -0.000010415501492389012, -0.0004884000518359244, 0.000014822796401858795, 0.9999999403953552),
            ["ChairFront"] = CFrame.new(-0.0008323788642883301, 0.0003155013546347618, 0.000629573012702167, 0.9999021291732788, 0.012554402463138103, -0.0005164053291082382, -0.01397583819925785, 0.9999211430549622, 8.682656584824144e-07, 0.000516336178407073, 0.000005609215349977603, 0.9999998807907104),
            ["ArmRight"] = CFrame.new(6.407499313354492e-07, 1.7881393432617188e-07, -1.1920928955078125e-07, 0.9999195337295532, -0.012677137739956379, -0.00008183565660146996, 0.012685731053352356, 0.9999196529388428, 0.000007070759693306172, 0.00008174873801181093, -0.000008240539500548039, 1),
            ["RightUpperLeg"] = CFrame.new(5.960464477539063e-08, 2.8312206268310547e-07, -5.587935447692871e-08, 0.7450152039527893, -0.07780105620622635, -0.6624946594238281, -0.6660180687904358, -0.03160411864519119, -0.7452660202980042, 0.03704563155770302, 0.9964678883552551, -0.07536278665065765),
            ["RightUpperArm"] = CFrame.new(0, 0, -5.21540641784668e-08, 0.4470861852169037, -0.5775331258773804, 0.6830674409866333, -0.0704607143998146, -0.7839981317520142, -0.6167548894882202, 0.891711413860321, 0.22760167717933655, -0.3911935091018677),
        }},
        {Time = 0.033, Data = {
            ["LeftLowerArm"] = CFrame.new(-2.384185791015625e-07, -1.1920928955078125e-07, 1.7881393432617188e-07, 1, 3.725206809690462e-08, 8.195825529355716e-08, 7.450579175838357e-08, -0.19227014482021332, -0.981342077255249, 0, 0.981342077255249, -0.19227036833763123),
            ["LeftFoot"] = CFrame.new(-7.450580596923828e-09, 4.76837158203125e-07, 1.3783574104309082e-07, 0.991334080696106, -0.12901140749454498, 0.024733595550060272, 0.11606395989656448, 0.948396623134613, 0.2950984835624695, -0.06152918189764023, -0.28965479135513306, 0.9551466703414917),
            ["RightHand"] = CFrame.new(-5.960464477539063e-08, -2.980232238769531e-07, -4.470348358154297e-07, 0.9676685929298401, 0.1436336785554886, -0.20733357965946198, -0.22084802389144897, 0.8795656561851501, -0.4214150905609131, 0.1218344196677208, 0.4535788595676422, 0.8828489184379578),
            ["HumanoidRootPart"] = CFrame.new(0, 0, 0, 1, 0, 0, 0, 1, 0, 0, 0, 1),
            ["LegBack"] = CFrame.new(5.960464477539063e-08, -2.705492079257965e-07, 3.073364496231079e-08, 0.9996436834335327, 0.027061114087700844, -0.0005009142914786935, -0.02668837457895279, 0.9996337890625, 0.00001249264914804371, 0.0005010449094697833, 0.0000011949008467126987, 0.9999998807907104),
            ["RightLowerLeg"] = CFrame.new(-1.6391277313232422e-07, 5.364418029785156e-07, 2.384185791015625e-07, 1, -0.0000017881504845718155, -0.000001281492700400122, 0.0000017248094081878662, 0.25143516063690186, 0.9678741097450256, -0.0000013560056686401367, -0.9678741693496704, 0.25143563747406006),
            ["LeftUpperLeg"] = CFrame.new(-1.1920928955078125e-07, -2.5331974029541016e-07, 1.4528632164001465e-07, 0.9779642224311829, -0.05133252218365669, 0.20236346125602722, 0.20492959022521973, 0.42116135358810425, -0.8835298418998718, -0.03987424820661545, 0.9055319428443909, 0.42240282893180847),
            ["LeftLowerLeg"] = CFrame.new(3.725290298461914e-08, 3.5762786865234375e-07, -1.4901161193847656e-07, 1, 6.034976536284375e-07, 1.6391254575864878e-07, -5.438922698886017e-07, 0.7054775357246399, 0.708732008934021, 2.9802316703353426e-07, -0.7087323069572449, 0.7054778933525085),
            ["ChairBack"] = CFrame.new(0, -1.2665987014770508e-07, -3.4924596548080444e-10, 0.8771371841430664, 0.48023921251296997, -0.0009092676336877048, -0.4802398681640625, 0.877136766910553, -0.0008544041193090379, 0.0003872167144436389, 0.0011859458172693849, 0.9999992251396179),
            ["LowerTorso"] = CFrame.new(0.0029455225449055433, -0.4440336227416992, 0.0889945849776268, 0.9970171451568604, -0.06668481230735779, 0.0388585589826107, 0.07533884048461914, 0.7315420508384705, -0.677621066570282, 0.016760358586907387, 0.6785273551940918, 0.7343839406967163),
            ["Head"] = CFrame.new(5.587935447692871e-09, -2.384185791015625e-07, 7.532071322202682e-08, 0.9950292706489563, 0.029317568987607956, 0.09516967833042145, -0.01267768070101738, 0.9851987361907959, -0.17094692587852478, -0.09877277910709381, 0.1688907891511917, 0.9806731939315796),
            ["LegFront"] = CFrame.new(-0.0007380843162536621, -0.00048459600657224655, 0.0006243223324418068, 0.9999402761459351, 0.010736946947872639, -0.0005170819931663573, -0.010922173038125038, 0.9999423027038574, 0.00003740648025996052, 0.0005174789112061262, -0.000031762592698214576, 0.9999998807907104),
            ["UpperTorso"] = CFrame.new(2.7939677238464355e-09, 1.1920928955078125e-07, -5.7567376643419266e-08, 0.9966093897819519, 0.07312623411417007, -0.03771567717194557, -0.0568397156894207, 0.9433083534240723, 0.3270149528980255, 0.059490866959095, -0.32376229763031006, 0.9442662596702576),
            ["ArmLeft"] = CFrame.new(5.21540641784668e-07, -2.086162567138672e-07, 1.1920928955078125e-07, 0.9998411536216736, -0.017820902168750763, 0.000012369186151772738, 0.01782725751399994, 0.9998412132263184, 0.000003120469273198978, -0.000012414721823006403, -0.0000030299001991807017, 1),
            ["RightFoot"] = CFrame.new(9.406358003616333e-08, 2.980232238769531e-07, -4.98257577419281e-07, 0.9880388379096985, 0.15246696770191193, -0.02303946018218994, -0.15143492817878723, 0.9875893592834473, 0.041698068380355835, 0.02909989468753338, -0.03769780695438385, 0.9988646507263184),
            ["LeftUpperArm"] = CFrame.new(5.960464477539063e-08, -3.5762786865234375e-07, 1.9371509552001953e-07, 0.1837676614522934, 0.5400378704071045, -0.8213352560997009, 0.08561993390321732, -0.841181755065918, -0.5339317321777344, -0.9792337417602539, 0.0277937613427639, -0.20081183314323425),
            ["RightLowerArm"] = CFrame.new(-5.960464477539063e-08, 1.7881393432617188e-07, 0, 1, 2.2351265727138525e-08, 1.4901489464591577e-07, 6.705522537231445e-08, -0.26527807116508484, -0.9641719460487366, -2.9802322387695312e-08, 0.9641720056533813, -0.26527824997901917),
            ["LeftHand"] = CFrame.new(1.862645149230957e-08, -2.980232238769531e-07, 5.066394805908203e-07, 0.9601598381996155, -0.19176912307739258, 0.20326846837997437, 0.25881344079971313, 0.8845707178115845, -0.3880080580711365, -0.10539761185646057, 0.42515790462493896, 0.8989615440368652),
            ["ChairMain"] = CFrame.new(-0.4020666182041168, -0.017551541328430176, -1.1920928955078125e-07, 0.9999591708183289, -0.009022703394293785, 0.0004885136731900275, 0.009022709913551807, 0.9999592900276184, -0.000010415497854410205, -0.0004883998190052807, 0.000014822790035395883, 0.9999999403953552),
            ["ChairFront"] = CFrame.new(-0.000825345516204834, 0.0003128121607005596, 0.000624290551058948, 0.9999021887779236, 0.012554161250591278, -0.0005159782012924552, -0.013976074755191803, 0.9999211430549622, 0.0000010135778438780108, 0.0005159111460670829, 0.0000054584256758971605, 0.9999998807907104),
            ["ArmRight"] = CFrame.new(6.705522537231445e-07, 2.384185791015625e-07, -1.1920928955078125e-07, 0.9999195337295532, -0.012677066028118134, -0.00008191828237613663, 0.012685772962868214, 0.9999197125434875, 0.000006290840246947482, 0.00008184120815712959, -0.0000074617096288420726, 1),
            ["RightUpperLeg"] = CFrame.new(5.960464477539063e-08, -1.3783574104309082e-07, 1.9185245037078857e-07, 0.7448114156723022, -0.07500465214252472, -0.6630461812019348, -0.6663217544555664, -0.030504681169986725, -0.7450401782989502, 0.03565605357289314, 0.9967164993286133, -0.07269767671823502),
            ["RightUpperArm"] = CFrame.new(2.384185791015625e-07, -7.152557373046875e-07, 1.564621925354004e-07, 0.45260706543922424, -0.5786389708518982, 0.6784805655479431, -0.06810110062360764, -0.7810779213905334, -0.6207124590873718, 0.8891057968139648, 0.23472173511981964, -0.3929126262664795),
        }},
        {Time = 0.067, Data = {
            ["LeftLowerArm"] = CFrame.new(-2.384185791015625e-07, -3.5762786865234375e-07, 1.1920928955078125e-07, 1, 5.960333027132947e-08, 5.960601612287064e-08, 2.980232594040899e-08, -0.18808001279830933, -0.9821537137031555, -2.980232594040899e-08, 0.9821538329124451, -0.1880803108215332),
            ["LeftFoot"] = CFrame.new(-1.4901161193847656e-08, 5.960464477539062e-07, 2.0489096641540527e-07, 0.9916555285453796, -0.1265239715576172, 0.024698130786418915, 0.11382835358381271, 0.9493204355239868, 0.29299142956733704, -0.060517773032188416, -0.2877192199230194, 0.9557960629463196),
            ["RightHand"] = CFrame.new(-2.9802322387695312e-08, -4.76837158203125e-07, -6.258487701416016e-07, 0.9685982465744019, 0.1429438292980194, -0.20343253016471863, -0.21826012432575226, 0.8807170987129211, -0.42035725712776184, 0.1190793514251709, 0.45155802369117737, 0.8842596411705017),
            ["HumanoidRootPart"] = CFrame.new(0, 0, 0, 1, 0, 0, 0, 1, 0, 0, 0, 1),
            ["LegBack"] = CFrame.new(5.960464477539063e-08, -2.691522240638733e-07, 3.073364496231079e-08, 0.9996436834335327, 0.027061115950345993, -0.0005009155720472336, -0.026688357815146446, 0.9996338486671448, 0.00001245548810402397, 0.0005010452005080879, 0.0000012320833775447682, 0.9999998807907104),
            ["RightLowerLeg"] = CFrame.new(-2.9802322387695312e-08, 4.172325134277344e-07, -2.9802322387695312e-08, 1, -0.0000017285456124227494, -0.000001326195729234314, 0.0000016614797004876891, 0.25319966673851013, 0.9674139022827148, -0.000001370906943520822, -0.967414140701294, 0.2532000243663788),
            ["LeftUpperLeg"] = CFrame.new(2.9802322387695312e-08, 1.30385160446167e-07, -5.587935447692871e-09, 0.9779544472694397, -0.04745360091328621, 0.2033548802137375, 0.20427186787128448, 0.41950681805610657, -0.8844687938690186, -0.04333798959851265, 0.9065110087394714, 0.4199545085430145),
            ["LeftLowerLeg"] = CFrame.new(7.450580596923828e-09, 5.364418029785156e-07, 1.4901161193847656e-08, 1, 5.885965492780088e-07, 1.452860942663392e-07, -5.438922698886017e-07, 0.7025949358940125, 0.7115896940231323, 2.756714252427628e-07, -0.711590051651001, 0.7025952935218811),
            ["ChairBack"] = CFrame.new(-5.960464477539063e-08, -1.257285475730896e-07, 0, 0.8771370053291321, 0.4802394211292267, -0.0009092679247260094, -0.4802401065826416, 0.8771366477012634, -0.0008544045267626643, 0.0003872163943015039, 0.001185946399345994, 0.9999992251396179),
            ["LowerTorso"] = CFrame.new(0.002945569111034274, -0.4440336227416992, 0.0889945849776268, 0.9969059228897095, -0.06914007663726807, 0.03739287704229355, 0.07614798098802567, 0.7314963340759277, -0.6775799989700317, 0.019495166838169098, 0.6783310174942017, 0.7344979047775269),
            ["Head"] = CFrame.new(-5.587935447692871e-09, 1.1920928955078125e-07, 8.614733815193176e-08, 0.9937981367111206, 0.0364593043923378, 0.10505310446023941, -0.01806679554283619, 0.9851093888282776, -0.17097686231136322, -0.10972250252962112, 0.168018639087677, 0.9796584844589233),
            ["LegFront"] = CFrame.new(-0.0007318258285522461, -0.00048048235476017, 0.000619037076830864, 0.9999402761459351, 0.010736885480582714, -0.0005168861825950444, -0.01092221587896347, 0.9999423027038574, 0.00003723914051079191, 0.0005172812379896641, -0.00003159740299452096, 0.9999998807907104),
            ["UpperTorso"] = CFrame.new(2.9802322387695312e-08, -1.1920928955078125e-07, -6.30388967692852e-08, 0.9964574575424194, 0.0760582834482193, -0.035884059965610504, -0.06021552160382271, 0.9431341886520386, 0.3269127607345581, 0.05870790034532547, -0.3235938847064972, 0.9443730115890503),
            ["ArmLeft"] = CFrame.new(5.513429641723633e-07, -2.980232238769531e-07, 1.1920928955078125e-07, 0.9998410940170288, -0.017820829525589943, 0.000012369523574307095, 0.017827317118644714, 0.9998412728309631, 0.0000031576628316543065, -0.000012415736819093581, -0.000003067055104111205, 1),
            ["RightFoot"] = CFrame.new(5.4016709327697754e-08, 4.172325134277344e-07, -1.4086253941059113e-07, 0.9874306321144104, 0.15635301172733307, -0.023068349808454514, -0.1549569070339203, 0.9864659309387207, 0.0536457784473896, 0.03113265335559845, -0.04938432201743126, 0.9982936382293701),
            ["LeftUpperArm"] = CFrame.new(-1.1920928955078125e-07, 1.1920928955078125e-07, -1.5273690223693848e-07, 0.1697109192609787, 0.5380655527114868, -0.8256428837776184, 0.09015876799821854, -0.8427583575248718, -0.5306887030601501, -0.9813611507415771, 0.015622389502823353, -0.19152911007404327),
            ["RightLowerArm"] = CFrame.new(-1.7881393432617188e-07, -1.1920928955078125e-07, -2.384185791015625e-07, 1, 2.980167934651945e-08, 4.4704474788659354e-08, 8.195639367158947e-08, -0.26816463470458984, -0.9633730053901672, -1.4901162970204496e-08, 0.963373064994812, -0.2681649327278137),
            ["LeftHand"] = CFrame.new(-1.6763806343078613e-08, -1.1920928955078125e-07, -5.960464477539063e-08, 0.9607884883880615, -0.1825418323278427, 0.20872071385383606, 0.2534691393375397, 0.8833814263343811, -0.39419639110565186, -0.11242301762104034, 0.43164318799972534, 0.8950110673904419),
            ["ChairMain"] = CFrame.new(-0.40206658840179443, -0.017551541328430176, -1.1920928955078125e-07, 0.9999591708183289, -0.00902270246297121, 0.0004885136149823666, 0.009022708050906658, 0.9999592900276184, -0.000010415496035420801, -0.0004883997607976198, 0.000014822786397417076, 0.9999999403953552),
            ["ChairFront"] = CFrame.new(-0.0008184313774108887, 0.0003102435730397701, 0.0006190055282786489, 0.9999021291732788, 0.01255383063107729, -0.0005155557882972062, -0.013976401649415493, 0.9999211430549622, 0.0000011565474551389343, 0.0005154907703399658, 0.0000053099925025890116, 0.9999998807907104),
            ["ArmRight"] = CFrame.new(7.003545761108398e-07, 8.940696716308594e-08, -1.1920928955078125e-07, 0.999919593334198, -0.01267697848379612, -0.00008200154843507335, 0.012685855850577354, 0.9999197125434875, 0.000005502226485987194, 0.00008193444955395535, -0.000006674197265965631, 1),
            ["RightUpperLeg"] = CFrame.new(1.1920928955078125e-07, -3.3527612686157227e-08, 3.5390257835388184e-08, 0.7451443076133728, -0.07154116034507751, -0.6630547642707825, -0.6660632491111755, -0.029948843643069267, -0.7452939748764038, 0.033462174236774445, 0.9969879388809204, -0.06996738910675049),
            ["RightUpperArm"] = CFrame.new(1.1920928955078125e-07, 2.384185791015625e-07, 0, 0.4573993682861328, -0.5795674920082092, 0.6744623780250549, -0.06628237664699554, -0.7785563468933105, -0.6240683197975159, 0.8867877125740051, 0.24073146283626556, -0.3945114314556122),
        }},
        {Time = 0.100, Data = {
            ["LeftLowerArm"] = CFrame.new(-1.7881393432617188e-07, 2.384185791015625e-07, 1.1920928955078125e-07, 1, 1.490082190969133e-08, 9.685972202078119e-08, 1.1175870895385742e-07, -0.18478068709373474, -0.9827797412872314, -1.4901161193847656e-08, 0.982779860496521, -0.18478095531463623),
            ["LeftFoot"] = CFrame.new(-2.9802322387695312e-08, 3.5762786865234375e-07, 2.2351741790771484e-07, 0.991992712020874, -0.12385338544845581, 0.024696677923202515, 0.11140848696231842, 0.9502786993980408, 0.29080644249916077, -0.059487130492925644, -0.2857111990451813, 0.9564631581306458),
            ["RightHand"] = CFrame.new(-2.9802322387695312e-08, -1.7881393432617188e-07, -5.066394805908203e-07, 0.9692160487174988, 0.1425127238035202, -0.2007753998041153, -0.21650074422359467, 0.8816373944282532, -0.41933658719062805, 0.11725066602230072, 0.4498952031135559, 0.8853508234024048),
            ["HumanoidRootPart"] = CFrame.new(0, 0, 0, 1, 0, 0, 0, 1, 0, 0, 0, 1),
            ["LegBack"] = CFrame.new(5.960464477539063e-08, -2.668239176273346e-07, 3.073364496231079e-08, 0.9996436834335327, 0.02706112712621689, -0.0005009169108234346, -0.026688339188694954, 0.9996337890625, 0.000012418709047778975, 0.0005010456079617143, 0.0000012688913102465449, 0.9999998807907104),
            ["RightLowerLeg"] = CFrame.new(-1.341104507446289e-07, 4.172325134277344e-07, -1.1920928955078125e-07, 1, -0.0000018179533753936994, -0.000001281492700400122, 0.0000016763808616815368, 0.2549670934677124, 0.9669496417045593, -0.0000013411046211331268, -0.9669497013092041, 0.25496751070022583),
            ["LeftUpperLeg"] = CFrame.new(-5.960464477539063e-08, 1.9744038581848145e-07, 2.123415470123291e-07, 0.9778971672058105, -0.043660975992679596, 0.20447690784931183, 0.20378334820270538, 0.4178832769393921, -0.8853495121002197, -0.04679270088672638, 0.9074510335922241, 0.4175468683242798),
            ["LeftLowerLeg"] = CFrame.new(2.9802322387695312e-08, 5.960464477539062e-07, -1.4901161193847656e-07, 1, 5.811459686810849e-07, 1.4901138456480112e-07, -5.550681407839875e-07, 0.6998092532157898, 0.7143294215202332, 2.793967155412247e-07, -0.7143297791481018, 0.6998096108436584),
            ["ChairBack"] = CFrame.new(0, -1.2293457984924316e-07, -1.1641532182693481e-10, 0.8771368861198425, 0.48023977875709534, -0.0009092682157643139, -0.48024043440818787, 0.8771364688873291, -0.0008544051670469344, 0.0003872159868478775, 0.0011859472142532468, 0.9999992251396179),
            ["LowerTorso"] = CFrame.new(0.0029456159099936485, -0.4440336227416992, 0.0889945849776268, 0.9967865347862244, -0.07155749201774597, 0.03600456565618515, 0.07698255032300949, 0.7314519286155701, -0.6775335669517517, 0.022146986797451973, 0.6781280636787415, 0.7346101403236389),
            ["Head"] = CFrame.new(3.725290298461914e-09, -1.1920928955078125e-07, 6.309710443019867e-08, 0.9929102063179016, 0.04081586375832558, 0.11164020746946335, -0.02127906307578087, 0.9850607514381409, -0.17088738083839417, -0.11694727092981339, 0.16730031371116638, 0.9789454340934753),
            ["LegFront"] = CFrame.new(-0.0007255673408508301, -0.0004763687029480934, 0.0006137490272521973, 0.9999402761459351, 0.010736837983131409, -0.0005166890914551914, -0.010922241024672985, 0.9999423623085022, 0.00003707119685714133, 0.0005170823424123228, -0.00003143160938634537, 0.9999998807907104),
            ["UpperTorso"] = CFrame.new(4.6566128730773926e-09, -1.1920928955078125e-07, 8.475035429000854e-08, 0.996307909488678, 0.07893770188093185, -0.03375663980841637, -0.063641257584095, 0.9429700374603271, 0.32673779129981995, 0.05762341991066933, -0.3233831226825714, 0.9445120692253113),
            ["ArmLeft"] = CFrame.new(4.917383193969727e-07, -1.1920928955078125e-07, 0, 0.9998411536216736, -0.01782079041004181, 0.000012370053809718229, 0.017827356234192848, 0.9998412728309631, 0.000003194477812940022, -0.000012416942809068132, -0.0000031038284760143142, 1),
            ["RightFoot"] = CFrame.new(-4.7497451305389404e-08, 2.980232238769531e-07, 8.940696716308594e-08, 0.9870194792747498, 0.15892478823661804, -0.023086505010724068, -0.15731576085090637, 0.9857128858566284, 0.060220688581466675, 0.03231583535671234, -0.05579428747296333, 0.9979181289672852),
            ["LeftUpperArm"] = CFrame.new(-1.1920928955078125e-07, 1.1920928955078125e-07, -1.4901161193847656e-08, 0.15895964205265045, 0.5365922451019287, -0.8287358283996582, 0.0932745561003685, -0.8438150882720947, -0.5284660458564758, -0.9828691482543945, 0.006702863145619631, -0.18417561054229736),
            ["RightLowerArm"] = CFrame.new(-2.682209014892578e-07, 4.172325134277344e-07, -2.384185791015625e-07, 1, 1.4900843225973404e-08, 8.940894247189135e-08, 5.960465188081798e-08, -0.2702467143535614, -0.9627910852432251, -4.4703490686970326e-08, 0.9627910852432251, -0.27024704217910767),
            ["LeftHand"] = CFrame.new(1.0989606380462646e-07, -2.980232238769531e-07, 2.980232238769531e-07, 0.9612733125686646, -0.17541615664958954, 0.21256369352340698, 0.24927358329296112, 0.8823582530021667, -0.39913231134414673, -0.11754339933395386, 0.4366613030433655, 0.8919137716293335),
            ["ChairMain"] = CFrame.new(-0.4020666182041168, -0.017551541328430176, -1.1920928955078125e-07, 0.9999591708183289, -0.009022698737680912, 0.0004885134403593838, 0.00902270432561636, 0.9999592900276184, -0.000010415493306936696, -0.0004883995861746371, 0.000014822780030954164, 0.9999999403953552),
            ["ChairFront"] = CFrame.new(-0.0008113980293273926, 0.0003075539134442806, 0.000613718293607235, 0.9999021291732788, 0.012553468346595764, -0.0005151378572918475, -0.01397669780999422, 0.9999211430549622, 0.0000012971959222340956, 0.0005150748183950782, 0.000005163923560758121, 0.9999998807907104),
            ["ArmRight"] = CFrame.new(6.407499313354492e-07, 2.682209014892578e-07, -2.384185791015625e-07, 0.9999195337295532, -0.01267694216221571, -0.00008208545477828011, 0.01268590148538351, 0.9999197125434875, 0.00000470505847260938, 0.0000820284039946273, -0.000005878137926629279, 1),
            ["RightUpperLeg"] = CFrame.new(5.960464477539063e-08, 5.21540641784668e-08, 1.471489667892456e-07, 0.7449334859848022, -0.06865881383419037, -0.6635963320732117, -0.6663793325424194, -0.02913038432598114, -0.7450437545776367, 0.03182366117835045, 0.9972147941589355, -0.06745313853025436),
            ["RightUpperArm"] = CFrame.new(-5.960464477539063e-08, -1.1920928955078125e-07, 3.725290298461914e-08, 0.46116575598716736, -0.5800397396087646, 0.6714853048324585, -0.06512608379125595, -0.7768411040306091, -0.626323401927948, 0.8849208354949951, 0.24509550631046295, -0.396013468503952),
        }},
        {Time = 0.133, Data = {
            ["LeftLowerArm"] = CFrame.new(-2.980232238769531e-07, 4.172325134277344e-07, 2.384185791015625e-07, 1, 7.450412908838189e-08, 5.960600901744328e-08, 6.705521116145974e-08, -0.18225395679473877, -0.9832515716552734, -2.9802315282267955e-08, 0.9832515120506287, -0.18225418031215668),
            ["LeftFoot"] = CFrame.new(-4.470348358154297e-08, 4.172325134277344e-07, 3.725290298461914e-07, 0.9921860098838806, -0.12229820340871811, 0.02468482218682766, 0.11003315448760986, 0.9509902596473694, 0.28899872303009033, -0.058819729834795, -0.2840081751346588, 0.9570112824440002),
            ["RightHand"] = CFrame.new(-5.960464477539063e-08, -1.7881393432617188e-07, 1.1920928955078125e-07, 0.9695260524749756, 0.14220517873764038, -0.19949258863925934, -0.21548546850681305, 0.8824026584625244, -0.4182484745979309, 0.11655603349208832, 0.4484899640083313, 0.8861552476882935),
            ["HumanoidRootPart"] = CFrame.new(0, 0, 0, 1, 0, 0, 0, 1, 0, 0, 0, 1),
            ["LegBack"] = CFrame.new(5.960464477539063e-08, -2.6496127247810364e-07, 3.073364496231079e-08, 0.9996436834335327, 0.027061153203248978, -0.0005009184242226183, -0.02668830379843712, 0.9996337890625, 0.000012382310160319321, 0.0005010460736230016, 0.0000013053312386546168, 0.9999998807907104),
            ["RightLowerLeg"] = CFrame.new(-2.9802322387695312e-08, 2.980232238769531e-07, -5.960464477539063e-08, 1, -0.0000016987430626613786, -0.0000013112947954141418, 0.000001709908474367694, 0.25653600692749023, 0.9665346145629883, -0.0000013560057823269744, -0.9665347337722778, 0.25653642416000366),
            ["LeftUpperLeg"] = CFrame.new(-1.1920928955078125e-07, -9.313225746154785e-08, -1.6577541828155518e-07, 0.9779819846153259, -0.04089009389281273, 0.2046436220407486, 0.20286060869693756, 0.4164074659347534, -0.8862563967704773, -0.04897647351026535, 0.9082581996917725, 0.41553667187690735),
            ["LeftLowerLeg"] = CFrame.new(4.470348358154297e-08, 5.960464477539062e-07, -1.6391277313232422e-07, 1, 6.183989853525418e-07, 1.378355420911248e-07, -5.736946491197159e-07, 0.6974920630455017, 0.7165921926498413, 2.942979051567818e-07, -0.7165924906730652, 0.6974924206733704),
            ["ChairBack"] = CFrame.new(0, -1.210719347000122e-07, -2.3283064365386963e-10, 0.8771367073059082, 0.48023998737335205, -0.0009092683903872967, -0.48024067282676697, 0.8771362900733948, -0.0008544055745005608, 0.0003872155211865902, 0.001185947796329856, 0.9999992251396179),
            ["LowerTorso"] = CFrame.new(0.002945663407444954, -0.4440336227416992, 0.0889945849776268, 0.9966796040534973, -0.07357686758041382, 0.03487442806363106, 0.07769936323165894, 0.7313878536224365, -0.6775208711624146, 0.02434312179684639, 0.6779810786247253, 0.7346763014793396),
            ["Head"] = CFrame.new(-1.862645149230957e-09, -4.76837158203125e-07, -6.356276571750641e-08, 0.9926321506500244, 0.041905131191015244, 0.1136900782585144, -0.02204039879143238, 0.9850839972496033, -0.17065739631652832, -0.11914566159248352, 0.16689428687095642, 0.9787495732307434),
            ["LegFront"] = CFrame.new(-0.0007193088531494141, -0.00047225598245859146, 0.000608460046350956, 0.9999402761459351, 0.01073683425784111, -0.0005164907197467983, -0.010922238230705261, 0.9999423623085022, 0.000036902663850924, 0.0005168821662664413, -0.00003126521551166661, 0.9999998807907104),
            ["UpperTorso"] = CFrame.new(1.0244548320770264e-08, 2.086162567138672e-07, -2.2759195417165756e-07, 0.996170163154602, 0.08146907389163971, -0.0317465178668499, -0.06669250875711441, 0.9427831768989563, 0.32666805386543274, 0.05654340982437134, -0.3232996463775635, 0.9446058869361877),
            ["ArmLeft"] = CFrame.new(5.066394805908203e-07, -4.76837158203125e-07, 2.384185791015625e-07, 0.9998411536216736, -0.01782068982720375, 0.000012370769582048524, 0.017827438190579414, 0.9998412132263184, 0.0000032309146718034754, -0.000012418329788488336, -0.000003140223498121486, 1),
            ["RightFoot"] = CFrame.new(2.0489096641540527e-08, 3.5762786865234375e-07, -1.9185245037078857e-07, 0.9869579076766968, 0.15930712223052979, -0.023084938526153564, -0.15773533284664154, 0.9857168197631836, 0.059047598391771317, 0.032151009887456894, -0.05462357774376869, 0.9979882836341858),
            ["LeftUpperArm"] = CFrame.new(1.7881393432617188e-07, 0, 4.6566128730773926e-08, 0.15300743281841278, 0.5356610417366028, -0.8304567337036133, 0.09459803253412247, -0.8444304466247559, -0.5272464156150818, -0.9836869835853577, 0.002111195120960474, -0.17986908555030823),
            ["RightLowerArm"] = CFrame.new(-2.9802322387695312e-08, 7.152557373046875e-07, -1.1920928955078125e-07, 1, -2.9801693557374165e-08, 7.450744021753053e-08, 8.940698137394065e-08, -0.2719831168651581, -0.9623019695281982, 0, 0.962302029132843, -0.27198341488838196),
            ["LeftHand"] = CFrame.new(6.332993507385254e-08, -3.5762786865234375e-07, 3.2782554626464844e-07, 0.9615609049797058, -0.17156609892845154, 0.21439722180366516, 0.24701935052871704, 0.8814581036567688, -0.40250882506370544, -0.11992558091878891, 0.43999648094177246, 0.889955461025238),
            ["ChairMain"] = CFrame.new(-0.4020666182041168, -0.017551541328430176, -1.1920928955078125e-07, 0.9999591708183289, -0.009022695012390614, 0.0004885132075287402, 0.009022701531648636, 0.9999592900276184, -0.000010415489668957889, -0.0004883993533439934, 0.00001482277275499655, 0.9999999403953552),
            ["ChairFront"] = CFrame.new(-0.0008043646812438965, 0.00030486518517136574, 0.0006084302440285683, 0.9999021887779236, 0.012553196400403976, -0.0005147244082763791, -0.01397696603089571, 0.9999211430549622, 0.0000014355250641528983, 0.0005146634066477418, 0.0000050202761485707015, 0.9999998807907104),
            ["ArmRight"] = CFrame.new(6.556510925292969e-07, -2.9802322387695312e-08, -1.1920928955078125e-07, 0.9999195337295532, -0.012676865793764591, -0.00008216998685384169, 0.01268595177680254, 0.9999197125434875, 0.000003899494913639501, 0.0000821231005829759, -0.0000050736948651319835, 1),
            ["RightUpperLeg"] = CFrame.new(1.7881393432617188e-07, 2.60770320892334e-08, -1.1548399925231934e-07, 0.7439080476760864, -0.06701786071062088, -0.6649129390716553, -0.6675494313240051, -0.027944961562752724, -0.7440410852432251, 0.03128378465771675, 0.9973604083061218, -0.06552635133266449),
            ["RightUpperArm"] = CFrame.new(1.1920928955078125e-07, -1.1920928955078125e-07, -1.3969838619232178e-07, 0.4632035493850708, -0.5803743600845337, 0.6697914004325867, -0.06474237143993378, -0.7758912444114685, -0.6275395154953003, 0.8838840126991272, 0.2473023533821106, -0.3969555199146271),
        }},
        {Time = 0.167, Data = {
            ["LeftLowerArm"] = CFrame.new(1.4901161193847656e-07, -4.76837158203125e-07, 0, 1, 6.705374744342407e-08, 8.195826239898452e-08, 8.940696716308594e-08, -0.1807192713022232, -0.9835346937179565, -4.470348358154297e-08, 0.9835348129272461, -0.1807194948196411),
            ["LeftFoot"] = CFrame.new(-6.705522537231445e-08, 4.76837158203125e-07, 3.2782554626464844e-07, 0.9923958778381348, -0.12058534473180771, 0.024671681225299835, 0.10849685966968536, 0.9516709446907043, 0.28733474016189575, -0.05812833830714226, -0.2824566066265106, 0.9575124979019165),
            ["RightHand"] = CFrame.new(0, -2.980232238769531e-07, 2.9802322387695312e-08, 0.9695736169815063, 0.1420908421278, -0.1993432492017746, -0.21517935395240784, 0.8829564452171326, -0.4172361493110657, 0.11672632396221161, 0.4474351704120636, 0.8866658806800842),
            ["HumanoidRootPart"] = CFrame.new(0, 0, 0, 1, 0, 0, 0, 1, 0, 0, 0, 1),
            ["LegBack"] = CFrame.new(5.960464477539063e-08, -2.6263296604156494e-07, 3.073364496231079e-08, 0.9996436834335327, 0.02706119790673256, -0.0005009202286601067, -0.02668825350701809, 0.9996337890625, 0.000012346293260634411, 0.0005010469467379153, 0.00000134140634600044, 0.9999998807907104),
            ["RightLowerLeg"] = CFrame.new(-1.341104507446289e-07, 2.980232238769531e-07, -1.4901161193847656e-07, 1, -0.0000018179533753936994, -0.0000012814930414606351, 0.0000017583372482476989, 0.25783807039260864, 0.9661880731582642, -0.0000012964011375515838, -0.9661881327629089, 0.25783848762512207),
            ["LeftUpperLeg"] = CFrame.new(8.940696716308594e-08, 1.5273690223693848e-07, 3.3527612686157227e-08, 0.9779883623123169, -0.03877311944961548, 0.20502512156963348, 0.20239119231700897, 0.41529878973960876, -0.8868836760520935, -0.050759945064783096, 0.9088584184646606, 0.4140074551105499),
            ["LeftLowerLeg"] = CFrame.new(-2.2351741790771484e-08, 5.364418029785156e-07, -7.450580596923828e-08, 1, 5.811461392113415e-07, 1.78813678530787e-07, -5.699693019778351e-07, 0.6958087086677551, 0.7182269096374512, 2.831220058396866e-07, -0.718227207660675, 0.6958089470863342),
            ["ChairBack"] = CFrame.new(0, -1.1920928955078125e-07, -3.4924596548080444e-10, 0.8771365284919739, 0.4802403748035431, -0.0009092687396332622, -0.48024100065231323, 0.8771361708641052, -0.0008544061565771699, 0.00038721520104445517, 0.0011859487276524305, 0.9999992251396179),
            ["LowerTorso"] = CFrame.new(0.0029457109048962593, -0.4440336227416992, 0.0889945849776268, 0.9965797662734985, -0.07521035522222519, 0.03423864766955376, 0.0784686878323555, 0.731335461139679, -0.6774888634681702, 0.02591424062848091, 0.677858293056488, 0.7347357869148254),
            ["Head"] = CFrame.new(3.725290298461914e-09, 5.960464477539062e-07, 1.0378425940871239e-07, 0.9926583766937256, 0.04154054820537567, 0.1135956272482872, -0.02176021970808506, 0.9851835370063782, -0.17011749744415283, -0.118979312479496, 0.1663968861103058, 0.9788544774055481),
            ["LegFront"] = CFrame.new(-0.000713050365447998, -0.0004681427963078022, 0.00060317013412714, 0.9999402761459351, 0.010736817494034767, -0.0005162913585081697, -0.010922250337898731, 0.9999423027038574, 0.000036733559682033956, 0.0005166809423826635, -0.00003109826866420917, 0.9999998807907104),
            ["UpperTorso"] = CFrame.new(6.51925802230835e-09, -5.960464477539063e-08, -5.9371814131736755e-09, 0.9960563778877258, 0.0834927037358284, -0.030014177784323692, -0.06917983293533325, 0.9426693916320801, 0.32647907733917236, 0.05555206164717674, -0.32311514019966125, 0.9447278380393982),
            ["ArmLeft"] = CFrame.new(5.513429641723633e-07, -3.2782554626464844e-07, 2.384185791015625e-07, 0.9998411536216736, -0.01782062277197838, 0.000012371672710287385, 0.017827514559030533, 0.9998412728309631, 0.0000032669779557181755, -0.000012419895938364789, -0.0000031762401704327203, 1),
            ["RightFoot"] = CFrame.new(-2.8870999813079834e-08, 2.384185791015625e-07, -1.1711381375789642e-07, 0.9870556592941284, 0.15870116651058197, -0.02307889796793461, -0.1572413146495819, 0.9859973788261414, 0.055576860904693604, 0.03156483545899391, -0.051215797662734985, 0.9981876611709595),
            ["LeftUpperArm"] = CFrame.new(0, 2.384185791015625e-07, 5.21540641784668e-08, 0.15055079758167267, 0.5351706743240356, -0.8312214016914368, 0.09452160447835922, -0.8447436690330505, -0.5267583131790161, -0.9840732216835022, 0.0007338594878092408, -0.17775516211986542),
            ["RightLowerArm"] = CFrame.new(2.980232238769531e-07, 0, 3.5762786865234375e-07, 1, -3.7252092965900374e-08, 1.0431043051539746e-07, 8.195637946073475e-08, -0.27290967106819153, -0.962039589881897, -2.9802318834981634e-08, 0.9620397090911865, -0.272909939289093),
            ["LeftHand"] = CFrame.new(2.4959444999694824e-07, -6.556510925292969e-07, -5.364418029785156e-07, 0.9617948532104492, -0.169907808303833, 0.2146681845188141, 0.24589025974273682, 0.8808676600456238, -0.40448763966560364, -0.12036896497011185, 0.44181835651397705, 0.888992428779602),
            ["ChairMain"] = CFrame.new(-0.4020666182041168, -0.017551541328430176, -1.1920928955078125e-07, 0.9999591708183289, -0.009022693149745464, 0.0004885131493210793, 0.009022698737680912, 0.9999592900276184, -0.000010415488759463187, -0.0004883992951363325, 0.000014822770026512444, 0.9999999403953552),
            ["ChairFront"] = CFrame.new(-0.0007973909378051758, 0.0003021771553903818, 0.000603140564635396, 0.9999021887779236, 0.012552925385534763, -0.0005143156158737838, -0.013977262191474438, 0.9999211430549622, 0.0000015715672816440929, 0.0005142565350979567, 0.000004878972958977101, 0.9999998807907104),
            ["ArmRight"] = CFrame.new(6.854534149169922e-07, 2.9802322387695312e-08, 0, 0.9999195337295532, -0.012676800601184368, -0.00008225512283388525, 0.01268602441996336, 0.9999197125434875, 0.0000030856795092404354, 0.00008221850293921307, -0.000004261010417394573, 1),
            ["RightUpperLeg"] = CFrame.new(5.960464477539063e-08, 1.1920928955078125e-07, -1.4901161193847656e-07, 0.742640495300293, -0.06638140231370926, -0.6663921475410461, -0.668961763381958, -0.027131259441375732, -0.7428015470504761, 0.031228814274072647, 0.9974254369735718, -0.06455553323030472),
