return {
    ["Kick Ups"] = {
        {Time = 0.000, Data = {
            ["LeftLowerArm"] = CFrame.new(-0.000492781400680542, -0.00009942054748535156, 0, 1, -1.862645326866641e-08, 5.960465898624534e-08, 2.6077039194660756e-08, 0.8285199403762817, -0.5599596500396729, 2.887100691850719e-08, 0.5599595904350281, 0.828519880771637),
            ["LeftFoot"] = CFrame.new(-4.831235855817795e-08, 1.1920928955078125e-07, -1.30385160446167e-08, 0.9953464865684509, 0.04662200063467026, -0.08433140814304352, -0.033868126571178436, 0.9885870814323425, 0.14679431915283203, 0.090212881565094, -0.14325526356697083, 0.985565721988678),
            ["RightHand"] = CFrame.new(-1.1548399925231934e-07, 2.980232238769531e-07, -1.4901161193847656e-07, 0.9813771843910217, -0.18924319744110107, -0.032952599227428436, 0.184647798538208, 0.9766575694084167, -0.10975097864866257, 0.05295304208993912, 0.10162246227264404, 0.9934127330780029),
            ["HumanoidRootPart"] = CFrame.new(0, 0, 0, 1, 0, 0, 0, 1, 0, 0, 0, 1),
            ["Ball"] = CFrame.new(0.5897321701049805, -0.20724838972091675, -0.12257415056228638, -0.00003301761898910627, 1, -0.000021501382434507832, 0.00027952907839789987, -0.000021492151063284837, -1, -1, -0.00003302362893009558, -0.000279528321698308),
            ["RightLowerLeg"] = CFrame.new(-4.470348358154297e-08, -0.0000018477439880371094, -0.0000059289668570272624, 1, -7.450581485102248e-09, 7.264316082000732e-08, -1.1175869119028903e-08, 0.6081897616386414, 0.7937914729118347, 3.352760913344355e-08, -0.793791651725769, 0.6081900000572205),
            ["LeftUpperLeg"] = CFrame.new(-1.1920928955078125e-07, 2.0459992811083794e-07, -1.100124791264534e-08, 0.9959546327590942, -0.0658809244632721, 0.06110825389623642, 0.0896877720952034, 0.6869339346885681, -0.7211642861366272, 0.005533640272915363, 0.7237275242805481, 0.6900636553764343),
            ["LeftLowerLeg"] = CFrame.new(2.7241185307502747e-08, 0.0000017285346984863281, 0.000006115995347499847, 1, 2.1746372169673123e-07, 3.012828528881073e-07, -3.478488679320435e-07, 0.29831674695014954, 0.9544669985771179, 1.1734660176898615e-07, -0.9544669389724731, 0.29831674695014954),
            ["LowerTorso"] = CFrame.new(0.07244713604450226, -0.12631165981292725, 0.019795814529061317, 0.9976071119308472, 0.06912560760974884, -0.0013052155263721943, -0.06904927641153336, 0.9971060752868652, 0.031808026134967804, 0.003500186838209629, -0.03164178878068924, 0.9994931817054749),
            ["Head"] = CFrame.new(-1.862645149230957e-08, 9.5367431640625e-07, -7.427297532558441e-08, 0.9962325692176819, -0.05308504402637482, 0.06857563555240631, 0.0335269458591938, 0.9650322794914246, 0.2599779963493347, -0.07997863739728928, -0.25669941306114197, 0.9631764888763428),
            ["UpperTorso"] = CFrame.new(2.083470462821424e-08, -2.086162567138672e-07, -1.0288204066455364e-08, 0.9928331971168518, -0.09565340727567673, -0.07164359837770462, 0.10472738742828369, 0.9851590394973755, 0.13599282503128052, 0.05757216364145279, -0.1425212323665619, 0.9881159663200378),
            ["LeftUpperArm"] = CFrame.new(0.00638580322265625, -0.09855389595031738, 1.1175870895385742e-08, 0.9028306603431702, 0.20053084194660187, -0.3803851008415222, -0.13962091505527496, 0.9733806848526001, 0.1817551702260971, 0.4066976308822632, -0.11098436266183853, 0.9067922830581665),
            ["RightLowerArm"] = CFrame.new(-0.0000070035457611083984, 7.152557373046875e-07, -3.3527612686157227e-08, 1, 2.980233304583635e-08, -4.284085264316673e-08, -4.4703497792397684e-08, 0.9919176697731018, -0.12688322365283966, 3.1664978195067306e-08, 0.12688320875167847, 0.9919177293777466),
            ["LeftHand"] = CFrame.new(-2.2351741790771484e-07, 0.00010013580322265625, -1.1920928955078125e-07, 0.9194284677505493, 0.32336705923080444, -0.22379697859287262, -0.3549834191799164, 0.9273366928100586, -0.11846362799406052, 0.16922780871391296, 0.18836303055286407, 0.9674096703529358),
            ["RightFoot"] = CFrame.new(5.587935447692871e-09, 1.1920928955078125e-07, 1.6596459317952394e-08, 0.9883639216423035, -0.08554507791996002, 0.1257731020450592, 0.13460016250610352, 0.8770148754119873, -0.4612243175506592, -0.0708494633436203, 0.4727865755558014, 0.8783242106437683),
            ["RightUpperLeg"] = CFrame.new(0, 5.617039278149605e-08, -1.8808350432664156e-08, 0.9447135329246521, -0.14149363338947296, -0.2957971394062042, -0.0019621560350060463, 0.8996483087539673, -0.4366109073162079, 0.32789111137390137, 0.41305243968963623, 0.8496322631835938),
            ["RightUpperArm"] = CFrame.new(-0.006385624408721924, -0.09855389595031738, -1.4901161193847656e-08, 0.9643329977989197, -0.11481381952762604, 0.23850210011005402, 0.056767869740724564, 0.9697727560997009, 0.23731392621994019, -0.2585330009460449, -0.21531039476394653, 0.9416999816894531),
        }},
        {Time = 0.033, Data = {
            ["LeftLowerArm"] = CFrame.new(-0.0004928410053253174, -0.00009846687316894531, 2.9802322387695312e-08, 1, 1.4901161193847656e-08, 3.9115558791991134e-08, 2.2351745343485163e-08, 0.8063338994979858, -0.5914607644081116, -3.725290742551124e-09, 0.5914607048034668, 0.8063338398933411),
            ["LeftFoot"] = CFrame.new(-4.190951585769653e-09, -1.1920928955078125e-07, -8.498318493366241e-09, 0.9949462413787842, 0.05854547768831253, -0.08157449215650558, -0.03872903436422348, 0.9733168482780457, 0.22617338597774506, 0.09263934195041656, -0.22187134623527527, 0.9706653356552124),
            ["RightHand"] = CFrame.new(-2.60770320892334e-08, 4.172325134277344e-07, -7.450580596923828e-08, 0.9816842675209045, -0.1888348013162613, -0.025248154997825623, 0.18516278266906738, 0.9768814444541931, -0.10685204714536667, 0.04484184831380844, 0.1002199724316597, 0.9939543604850769),
            ["HumanoidRootPart"] = CFrame.new(0, 0, 0, 1, 0, 0, 0, 1, 0, 0, 0, 1),
            ["Ball"] = CFrame.new(0.44724249839782715, -0.23044627904891968, -0.1221148744225502, 0.003386641386896372, 0.9995572566986084, 0.029560338705778122, 0.00009043121099239215, 0.02956020087003708, -0.9995630383491516, -0.9999942779541016, 0.003387834643945098, 0.000009718627552501857),
            ["RightLowerLeg"] = CFrame.new(4.470348358154297e-08, -0.0000014901161193847656, -0.000006003472662996501, 1, 9.313229298868464e-08, 1.8626460374093767e-08, -4.470347647611561e-08, 0.658289909362793, 0.7527642846107483, 1.862644971595273e-08, -0.7527645230293274, 0.6582902073860168),
            ["LeftUpperLeg"] = CFrame.new(0, 3.6903657019138336e-07, 2.0954757928848267e-09, 0.9950973391532898, -0.04713774845004082, 0.08694539964199066, 0.09801296144723892, 0.5875840783119202, -0.8032050728797913, -0.013226459734141827, 0.8077889084815979, 0.5893235206604004),
            ["LeftLowerLeg"] = CFrame.new(5.587935447692871e-08, 0.0000013709068298339844, 0.0000061336904764175415, 1, 2.1164298402709392e-07, 2.660090672179649e-07, -3.2689413842490467e-07, 0.4652506113052368, 0.8851791024208069, 6.542539665588265e-08, -0.8851791024208069, 0.46525055170059204),
            ["LowerTorso"] = CFrame.new(0.071747787296772, -0.10708296298980713, 0.026753218844532967, 0.9982820749282837, 0.05795122683048248, -0.008635939098894596, -0.05768542364239693, 0.9979315996170044, 0.02837355248630047, 0.010262358002364635, -0.027826640754938126, 0.9995601177215576),
            ["Head"] = CFrame.new(-3.91155481338501e-08, 3.5762786865234375e-07, -1.4039687812328339e-07, 0.9961676597595215, -0.05327952280640602, 0.06936341524124146, 0.03372432291507721, 0.965704619884491, 0.25744393467903137, -0.08070104569196701, -0.2541181147098541, 0.9638004899024963),
            ["UpperTorso"] = CFrame.new(9.182258509099483e-09, -1.4901161193847656e-07, -4.3655745685100555e-09, 0.9945133328437805, -0.08292087912559509, -0.06377655267715454, 0.09136130660772324, 0.9854359030723572, 0.14341962337493896, 0.05095522850751877, -0.14845941960811615, 0.9876049160957336),
            ["LeftUpperArm"] = CFrame.new(0.006385624408721924, -0.09855413436889648, -1.862645149230957e-08, 0.906705915927887, 0.20565545558929443, -0.3682372272014618, -0.1425786018371582, 0.9711232781410217, 0.19128428399562836, 0.39693310856819153, -0.12093575298786163, 0.9098416566848755),
            ["RightLowerArm"] = CFrame.new(-0.000006854534149169922, 8.940696716308594e-07, 3.296881914138794e-07, 1, 2.6077040971017595e-08, -2.2351747119842003e-08, -4.4703497792397684e-08, 0.9909060001373291, -0.13455604016780853, 1.676381167214913e-08, 0.13455606997013092, 0.9909060597419739),
            ["LeftHand"] = CFrame.new(5.960464477539063e-08, 0.00010025501251220703, 1.1920928955078125e-07, 0.9213696122169495, 0.32484662532806396, -0.21343080699443817, -0.35172751545906067, 0.9305152893066406, -0.10212335735559464, 0.1654260754585266, 0.16916275024414062, 0.9716060161590576),
            ["RightFoot"] = CFrame.new(-8.009374141693115e-08, 5.960464477539063e-08, -1.3205863069742918e-08, 0.9882997274398804, -0.08660327643156052, 0.1255527138710022, 0.13269321620464325, 0.8940867185592651, -0.42778652906417847, -0.07520737498998642, 0.43944159150123596, 0.895117461681366),
            ["RightUpperLeg"] = CFrame.new(-8.940696716308594e-08, 1.578591763973236e-07, 6.330083124339581e-10, 0.9470064043998718, -0.11943808197975159, -0.29818353056907654, -0.012328010983765125, 0.9141014218330383, -0.40529826283454895, 0.32097816467285156, 0.3874959945678711, 0.864187479019165),
            ["RightUpperArm"] = CFrame.new(-0.006385624408721924, -0.09855413436889648, -1.4901161193847656e-08, 0.9562707543373108, -0.1239352598786354, 0.2649352550506592, 0.06388462334871292, 0.9724228978157043, 0.2243039309978485, -0.28542089462280273, -0.19757002592086792, 0.9378150701522827),
        }},
        {Time = 0.067, Data = {
            ["LeftLowerArm"] = CFrame.new(-0.0004928112030029297, -0.00009834766387939453, 1.1920928955078125e-07, 1, 3.725290298461914e-09, 5.587936158235607e-08, 2.2351745343485163e-08, 0.7529545426368713, -0.6580726504325867, -4.0978196835794733e-08, 0.6580725908279419, 0.7529544830322266),
            ["LeftFoot"] = CFrame.new(-3.119930624961853e-08, -1.1920928955078125e-07, 1.862645149230957e-08, 0.9941990375518799, 0.07410282641649246, -0.07795583456754684, -0.06758454442024231, 0.9942409992218018, 0.08317004144191742, 0.08367009460926056, -0.0774189755320549, 0.9934816360473633),
            ["RightHand"] = CFrame.new(1.862645149230957e-07, 2.384185791015625e-07, 2.2351741790771484e-08, 0.9822455644607544, -0.18753017485141754, -0.005115991458296776, 0.18610435724258423, 0.9774889945983887, -0.09940030425786972, 0.023641396313905716, 0.09668341279029846, 0.9950343370437622),
            ["HumanoidRootPart"] = CFrame.new(0, 0, 0, 1, 0, 0, 0, 1, 0, 0, 0, 1),
            ["Ball"] = CFrame.new(0.3046998977661133, -0.27382880449295044, -0.12062305212020874, 0.013662458397448063, 0.9946138262748718, 0.1027459055185318, 0.00009424632298760116, 0.10275420546531677, -0.9947068691253662, -0.9999066591262817, 0.013599823229014874, 0.0013101365184411407),
            ["RightLowerLeg"] = CFrame.new(1.7881393432617188e-07, -0.0000015497207641601562, -0.000006033274985384196, 1, 2.0489100904796942e-07, 9.685754776000977e-08, -1.862645149230957e-07, 0.7641836404800415, 0.6449987292289734, 6.146728992462158e-08, -0.6449987888336182, 0.7641837000846863),
            ["LeftUpperLeg"] = CFrame.new(-5.960464477539063e-08, 5.1280949264764786e-08, 8.381903171539307e-09, 0.9944465160369873, -0.0353313609957695, 0.09913638979196548, 0.09920963644981384, 0.6290834546089172, -0.7709810137748718, -0.0351252555847168, 0.7765345573425293, 0.6290948390960693),
            ["LeftLowerLeg"] = CFrame.new(-3.67872416973114e-08, 0.0000017881393432617188, 0.000006269663572311401, 1, 1.697334823802521e-07, 2.0861631355728605e-07, -2.5518232860122225e-07, 0.7173759341239929, 0.6966864466667175, -4.004686005032454e-08, -0.6966862678527832, 0.7173758745193481),
            ["LowerTorso"] = CFrame.new(0.06866980344057083, -0.06627810001373291, 0.04141686111688614, 0.9989894032478333, 0.036978185176849365, -0.0255508404225111, -0.03642011061310768, 0.9990950226783752, 0.021972354501485825, 0.026340212672948837, -0.0210195854306221, 0.9994320869445801),
            ["Head"] = CFrame.new(-3.5390257835388184e-08, 2.384185791015625e-07, -9.709037840366364e-08, 0.9960599541664124, -0.05326482653617859, 0.07090427726507187, 0.03389276564121246, 0.9674797058105469, 0.2506678104400635, -0.08195021748542786, -0.24727696180343628, 0.9654731750488281),
            ["UpperTorso"] = CFrame.new(1.816079020500183e-08, -2.384185791015625e-07, 5.820766091346741e-09, 0.9972279667854309, -0.0590653195977211, -0.04525328427553177, 0.06556206941604614, 0.9851000308990479, 0.15899570286273956, 0.035187870264053345, -0.16152183711528778, 0.9862416386604309),
            ["LeftUpperArm"] = CFrame.new(0.006385684013366699, -0.09855413436889648, -5.587935447692871e-08, 0.9165362119674683, 0.2148701399564743, -0.33734244108200073, -0.14776863157749176, 0.9656789302825928, 0.21360546350479126, 0.3716530501842499, -0.14592838287353516, 0.9168276190757751),
            ["RightLowerArm"] = CFrame.new(-0.0000073015689849853516, 1.7881393432617188e-07, 7.450580596923828e-08, 1, 2.980232949312267e-08, -1.769513069405093e-08, -3.352762689701194e-08, 0.9880931973457336, -0.1538565456867218, 5.77420280478691e-08, 0.15385659039020538, 0.9880932569503784),
            ["LeftHand"] = CFrame.new(-1.1175870895385742e-07, 0.00009989738464355469, -5.960464477539063e-08, 0.926063060760498, 0.32677796483039856, -0.18874196708202362, -0.3440968692302704, 0.9365541338920593, -0.0668114572763443, 0.1549345701932907, 0.12681715190410614, 0.9797514081001282),
            ["RightFoot"] = CFrame.new(4.6566128730773926e-08, 1.7881393432617188e-07, -2.8107024263590574e-08, 0.9882251620292664, -0.08781163394451141, 0.12530101835727692, 0.12673652172088623, 0.928595244884491, -0.34878209233283997, -0.08572680503129959, 0.3605552315711975, 0.9287900328636169),
            ["RightUpperLeg"] = CFrame.new(1.1920928955078125e-07, 5.564652383327484e-08, 6.686605047434568e-09, 0.951804518699646, -0.07363404333591461, -0.29773515462875366, -0.03110729344189167, 0.9425707459449768, -0.33255523443222046, 0.30512380599975586, 0.3257892429828644, 0.8948523998260498),
            ["RightUpperArm"] = CFrame.new(-0.006385684013366699, -0.09855437278747559, -8.940696716308594e-08, 0.935897707939148, -0.14079095423221588, 0.3229232728481293, 0.07968173176050186, 0.9775115251541138, 0.19524776935577393, -0.3431418240070343, -0.1570008099079132, 0.9260664582252502),
        }},
        {Time = 0.100, Data = {
            ["LeftLowerArm"] = CFrame.new(-0.0004930496215820312, -0.00009894371032714844, -1.7881393432617188e-07, 1, -1.1175869119028903e-08, 6.33299421792799e-08, 3.3527612686157227e-08, 0.6934170126914978, -0.7205365896224976, -2.2351741790771484e-08, 0.7205365300178528, 0.693416953086853),
            ["LeftFoot"] = CFrame.new(-2.2351741790771484e-08, 0, 1.2479722499847412e-07, 0.9900830388069153, 0.12390335649251938, -0.06620780378580093, -0.11276007443666458, 0.9820021986961365, 0.1515154093503952, 0.08378957211971283, -0.1425476223230362, 0.9862350821495056),
            ["RightHand"] = CFrame.new(-8.102506399154663e-08, 1.7881393432617188e-07, -1.862645149230957e-08, 0.982381284236908, -0.18553456664085388, 0.02245224267244339, 0.1868106573820114, 0.9783215522766113, -0.08937985450029373, -0.005382463801652193, 0.09199938923120499, 0.9957445859909058),
            ["HumanoidRootPart"] = CFrame.new(0, 0, 0, 1, 0, 0, 0, 1, 0, 0, 0, 1),
            ["Ball"] = CFrame.new(0.1623249053955078, -0.2975462079048157, -0.11701221019029617, 0.03101196512579918, 0.9802703261375427, 0.1952136605978012, 0.00010423133062431589, 0.19530440866947174, -0.9807427525520325, -0.9995189905166626, 0.03043510392308235, 0.0059545994736254215),
            ["RightLowerLeg"] = CFrame.new(7.450580596923828e-08, -0.0000011920928955078125, -0.0000060109232435934246, 1, 1.974404284510456e-07, 3.3527619791584584e-08, -2.0116560506266978e-07, 0.8551232218742371, 0.5184244513511658, 7.171180982368242e-08, -0.5184246897697449, 0.8551234602928162),
            ["LeftUpperLeg"] = CFrame.new(0, 2.5209737941622734e-07, 7.450580596923828e-09, 0.9895719885826111, -0.022562997415661812, 0.14226125180721283, 0.12154068797826767, 0.6608290076255798, -0.740630030632019, -0.07729953527450562, 0.7501973509788513, 0.6566802263259888),
            ["LeftLowerLeg"] = CFrame.new(-1.6763806343078613e-08, 0.0000019073486328125, 0.000006116926670074463, 1, 1.0617074508445512e-07, 1.54599618440443e-07, -1.713633110966839e-07, 0.8810782432556152, 0.47297072410583496, -8.568165554834195e-08, -0.4729706048965454, 0.8810782432556152),
            ["LowerTorso"] = CFrame.new(0.061743177473545074, -0.029217839241027832, 0.05447389557957649, 0.9986491799354553, 0.025209316983819008, -0.04543427750468254, -0.02435704693198204, 0.9995186924934387, 0.019215334206819534, 0.04589681327342987, -0.01808273233473301, 0.9987825751304626),
            ["Head"] = CFrame.new(-2.9802322387695312e-08, 5.960464477539062e-07, -1.273583620786667e-07, 0.9960135221481323, -0.052237026393413544, 0.07230693846940994, 0.03336864709854126, 0.9699345231056213, 0.24106767773628235, -0.0827256366610527, -0.2376939058303833, 0.9678110480308533),
            ["UpperTorso"] = CFrame.new(2.2351741790771484e-08, -1.7881393432617188e-07, 6.51925802230835e-09, 0.9987232685089111, -0.044487256556749344, -0.023932913318276405, 0.047967761754989624, 0.9837350249290466, 0.17310255765914917, 0.015842778608202934, -0.17402955889701843, 0.9846130013465881),
            ["LeftUpperArm"] = CFrame.new(0.00638580322265625, -0.09855401515960693, -2.9802322387695312e-08, 0.9294679760932922, 0.21962089836597443, -0.29641610383987427, -0.15061667561531067, 0.9593828320503235, 0.2385326474905014, 0.3367549777030945, -0.17706309258937836, 0.924791693687439),
            ["RightLowerArm"] = CFrame.new(-0.000006973743438720703, 5.960464477539062e-07, 1.4156103134155273e-07, 1, 3.352762334429826e-08, -2.0023440683303306e-08, -3.3527619791584584e-08, 0.9838389754295349, -0.17905566096305847, 4.656613761255812e-09, 0.17905566096305847, 0.9838390350341797),
            ["LeftHand"] = CFrame.new(-8.940696716308594e-08, 0.00009971857070922852, 8.940696716308594e-08, 0.9316465854644775, 0.3264114558696747, -0.159656822681427, -0.3355197608470917, 0.941451370716095, -0.0331038273870945, 0.1395036280155182, 0.08440908044576645, 0.986617386341095),
            ["RightFoot"] = CFrame.new(2.7939677238464355e-08, 1.7881393432617188e-07, -1.3205863069742918e-08, 0.9882868528366089, -0.08681480586528778, 0.125508651137352, 0.11775054037570953, 0.9569582343101501, -0.2652651071548462, -0.09707765281200409, 0.27693694829940796, 0.9559718370437622),
            ["RightUpperLeg"] = CFrame.new(0, 1.9173603504896164e-07, 1.879379851743579e-08, 0.9572204351425171, -0.03795059025287628, -0.2868601679801941, -0.040246766060590744, 0.9642642736434937, -0.26186785101890564, 0.2865470349788666, 0.2622103691101074, 0.9214860796928406),
            ["RightUpperArm"] = CFrame.new(-0.006385743618011475, -0.09855401515960693, -5.21540641784668e-08, 0.9121083617210388, -0.15372978150844574, 0.38004395365715027, 0.09676884859800339, 0.9815680980682373, 0.1648007035255432, -0.3983643054962158, -0.11353965103626251, 0.9101688861846924),
        }},
        {Time = 0.133, Data = {
            ["LeftLowerArm"] = CFrame.new(-0.000492781400680542, -0.00009846687316894531, 4.470348358154297e-08, 1, -2.2351741790771484e-08, 5.587935447692871e-08, 3.725290653733282e-08, 0.6644269227981567, -0.747353196144104, -2.7939680791178034e-08, 0.7473532557487488, 0.6644269227981567),
            ["LeftFoot"] = CFrame.new(-1.1175870895385742e-08, 5.960464477539063e-08, 3.725290298461914e-09, 0.9898543357849121, 0.12597766518592834, -0.06571301072835922, -0.11566640436649323, 0.9830465316772461, 0.14227020740509033, 0.08252184092998505, -0.13322587311267853, 0.9876441955566406),
            ["RightHand"] = CFrame.new(-1.601874828338623e-07, 1.7881393432617188e-07, -1.564621925354004e-07, 0.9817207455635071, -0.1828761100769043, 0.05273350700736046, 0.18664823472499847, 0.9792667627334595, -0.07873394340276718, -0.03724164888262749, 0.0871373638510704, 0.9954999685287476),
            ["HumanoidRootPart"] = CFrame.new(0, 0, 0, 1, 0, 0, 0, 1, 0, 0, 0, 1),
            ["Ball"] = CFrame.new(0.31781959533691406, -0.2982253432273865, -0.10715591907501221, 0.055705808103084564, 0.9575581550598145, 0.28280606865882874, 0.00015281137893907726, 0.2832376956939697, -0.9590497612953186, -0.9984472393989563, 0.05346785485744476, 0.0156316589564085),
            ["RightLowerLeg"] = CFrame.new(-2.2351741790771484e-08, -0.0000014901161193847656, -0.000005988571501802653, 1, 2.71946277052848e-07, 3.818422555923462e-08, -2.728775143623352e-07, 0.9081719517707825, 0.4185970723628998, 4.6566128730773926e-08, -0.4185973107814789, 0.9081721305847168),
            ["LeftUpperLeg"] = CFrame.new(-5.960464477539063e-08, 2.9045622795820236e-07, -1.862645149230957e-09, 0.9825995564460754, -0.028037047013640404, 0.18360817432403564, 0.14681632816791534, 0.7227450013160706, -0.675340473651886, -0.11376733332872391, 0.6905458569526672, 0.7142851948738098),
            ["LeftLowerLeg"] = CFrame.new(-2.60770320892334e-08, 0.0000015497207641601562, 0.000005908310413360596, 1, 7.450577044210149e-08, 1.4901161193847656e-07, -1.1920926112907182e-07, 0.940535843372345, 0.3396941125392914, -1.378357126213814e-07, -0.3396943509578705, 0.9405359625816345),
            ["LowerTorso"] = CFrame.new(0.04798530787229538, -0.0042105913162231445, 0.05886552110314369, 0.9977827072143555, 0.025491653010249138, -0.06148068979382515, -0.02416510321199894, 0.9994609951972961, 0.022224649786949158, 0.06201408430933952, -0.02068968303501606, 0.997860848903656),
            ["Head"] = CFrame.new(-3.166496753692627e-08, 2.384185791015625e-07, -1.4924444258213043e-07, 0.9962098598480225, -0.051124460995197296, 0.07037321478128433, 0.03409525379538536, 0.9738097190856934, 0.2247939109802246, -0.08002258837223053, -0.22154249250888824, 0.9718618392944336),
            ["UpperTorso"] = CFrame.new(1.4901161193847656e-08, -1.7881393432617188e-07, 7.2177499532699585e-09, 0.9991499185562134, -0.04090811684727669, -0.005103809293359518, 0.04113880544900894, 0.9813693761825562, 0.18767507374286652, -0.002668706700205803, -0.18772545456886292, 0.9822179079055786),
            ["LeftUpperArm"] = CFrame.new(0.00638580322265625, -0.09855401515960693, -5.960464477539063e-08, 0.9417133927345276, 0.21586589515209198, -0.25803762674331665, -0.1512981802225113, 0.9568050503730774, 0.2482571303844452, 0.3004744052886963, -0.19474637508392334, 0.9336942434310913),
            ["RightLowerArm"] = CFrame.new(-0.0000069141387939453125, 7.748603820800781e-07, -1.4901161193847656e-07, 1, 2.980233304583635e-08, -4.4703490686970326e-08, -3.352762334429826e-08, 0.9788707494735718, -0.20448048412799835, 2.328307324717116e-08, 0.20448048412799835, 0.978870689868927),
            ["LeftHand"] = CFrame.new(-1.7881393432617188e-07, 0.00010031461715698242, 0, 0.9368096590042114, 0.32203802466392517, -0.13667233288288116, -0.32792118191719055, 0.9444409012794495, -0.02234409935772419, 0.1218833327293396, 0.06574996560811996, 0.9903643727302551),
            ["RightFoot"] = CFrame.new(1.0244548320770264e-08, 5.960464477539063e-08, 1.6952981241047382e-09, 0.9886510372161865, -0.08054915815591812, 0.12681114673614502, 0.10557392239570618, 0.9730495810508728, -0.20500876009464264, -0.10688014328479767, 0.21607021987438202, 0.9705104231834412),
            ["RightUpperLeg"] = CFrame.new(0, 1.6530975699424744e-07, -1.6952981241047382e-09, 0.9616075158119202, -0.026412080973386765, -0.2731548249721527, -0.034562259912490845, 0.9757764935493469, -0.21602270007133484, 0.2722436785697937, 0.21716974675655365, 0.9374010562896729),
            ["RightUpperArm"] = CFrame.new(-0.006385684013366699, -0.09855425357818604, -7.450580596923828e-08, 0.9007747173309326, -0.16145621240139008, 0.40316927433013916, 0.11303108185529709, 0.9834904670715332, 0.14131471514701843, -0.4193195700645447, -0.08172203600406647, 0.9041486978530884),
        }},
        {Time = 0.167, Data = {
            ["LeftLowerArm"] = CFrame.new(-0.0004926919937133789, -0.00009846687316894531, -8.940696716308594e-08, 1, 0, 5.2154071283894154e-08, 4.4703494239684005e-08, 0.6666008234024048, -0.7454149127006531, -6.705523958316917e-08, 0.7454149127006531, 0.6666007041931152),
            ["LeftFoot"] = CFrame.new(6.181653589010239e-08, 5.960464477539063e-08, -3.3993273973464966e-08, 0.9940932393074036, 0.07595211267471313, -0.07752407342195511, -0.06781678646802902, 0.9924017786979675, 0.10266276448965073, 0.0847325399518013, -0.09679897874593735, 0.9916907548904419),
            ["RightHand"] = CFrame.new(4.0978193283081055e-08, 1.7881393432617188e-07, -4.470348358154297e-08, 0.9804259538650513, -0.17957660555839539, 0.08072996139526367, 0.18524198234081268, 0.9802545309066772, -0.06918465346097946, -0.06671195477247238, 0.08278500288724899, 0.9943320155143738),
            ["HumanoidRootPart"] = CFrame.new(0, 0, 0, 1, 0, 0, 0, 1, 0, 0, 0, 1),
            ["Ball"] = CFrame.new(0.4779224395751953, -0.29862087965011597, -0.0901239812374115, 0.0876561850309372, 0.9271538853645325, 0.36428311467170715, 0.00005842866448801942, 0.36568593978881836, -0.9307383894920349, -0.99615079164505, 0.08160625398159027, 0.03200045973062515),
            ["RightLowerLeg"] = CFrame.new(-5.494803190231323e-08, -0.0000017285346984863281, -0.000005992296792101115, 1, 2.1606693678677402e-07, 4.190951941041021e-08, -2.142042205832695e-07, 0.9293569922447205, 0.36918213963508606, 6.752089376504955e-08, -0.3691822588443756, 0.92935711145401),
            ["LeftUpperLeg"] = CFrame.new(5.960464477539063e-08, -3.857421688735485e-07, -9.313225746154785e-09, 0.989881157875061, -0.0416034460067749, 0.13566339015960693, 0.1224236711859703, 0.7337999939918518, -0.668243944644928, -0.07174855470657349, 0.678090512752533, 0.7314680218696594),
            ["LeftLowerLeg"] = CFrame.new(1.0477378964424133e-07, 0.0000014901161193847656, 0.000005852431058883667, 1, 1.1085644047170717e-07, 1.8218997865915298e-07, -1.8277197000315937e-07, 0.8613669276237488, 0.5079830884933472, -8.312049715186731e-08, -0.5079832077026367, 0.8613670468330383),
            ["LowerTorso"] = CFrame.new(0.025742748752236366, 0.0074236392974853516, 0.06554306298494339, 0.9969039559364319, 0.028086651116609573, -0.07344174385070801, -0.02565215714275837, 0.9990965723991394, 0.03388448432087898, 0.07432709634304047, -0.03189563751220703, 0.9967237710952759),
            ["Head"] = CFrame.new(-3.3527612686157227e-08, 0.0000011920928955078125, -1.1478550732135773e-07, 0.997198760509491, -0.04624808579683304, 0.058786917477846146, 0.03306110203266144, 0.9775246977806091, 0.20821250975131989, -0.06709510087966919, -0.20568563044071198, 0.9763153791427612),
            ["UpperTorso"] = CFrame.new(2.60770320892334e-08, -5.960464477539062e-07, -1.5133991837501526e-08, 0.9991395473480225, -0.03907632827758789, 0.013900712132453918, 0.03560508042573929, 0.9800112843513489, 0.19573023915290833, -0.021271266043186188, -0.1950669139623642, 0.9805592894554138),
            ["LeftUpperArm"] = CFrame.new(0.006385684013366699, -0.09855365753173828, -9.685754776000977e-08, 0.9543669819831848, 0.20553460717201233, -0.21666471660137177, -0.1507251262664795, 0.9578150510787964, 0.2446853667497635, 0.2578094005584717, -0.20086264610290527, 0.9450849890708923),
            ["RightLowerArm"] = CFrame.new(-0.000007212162017822266, 4.172325134277344e-07, 1.341104507446289e-07, 1, 2.2351748896198842e-08, -4.237518069771795e-08, -2.6077039194660756e-08, 0.9738724827766418, -0.2270960509777069, -1.3038519597330378e-08, 0.22709600627422333, 0.9738724231719971),
            ["LeftHand"] = CFrame.new(-1.4901161193847656e-07, 0.00009995698928833008, -8.940696716308594e-08, 0.9418402910232544, 0.3141423463821411, -0.1193799301981926, -0.3201294243335724, 0.9467524290084839, -0.03430799022316933, 0.10224561393260956, 0.07052966207265854, 0.9922557473182678),
            ["RightFoot"] = CFrame.new(-3.91155481338501e-08, 2.980232238769531e-07, 1.287116901949048e-08, 0.9891596436500549, -0.0702822357416153, 0.12893247604370117, 0.0919111892580986, 0.9810906052589417, -0.17033375799655914, -0.11452296376228333, 0.18033769726753235, 0.9769150018692017),
            ["RightUpperLeg"] = CFrame.new(-2.9802322387695312e-08, -1.648440957069397e-07, 5.75528247281909e-09, 0.9646733999252319, -0.031168971210718155, -0.2615986466407776, -0.025562293827533722, 0.9772171378135681, -0.21069735288619995, 0.26220589876174927, 0.2099410891532898, 0.9418985247612),
            ["RightUpperArm"] = CFrame.new(-0.006385684013366699, -0.09855377674102783, -7.82310962677002e-08, 0.9031549692153931, -0.1663275808095932, 0.39579644799232483, 0.12312983721494675, 0.9835262298583984, 0.13234251737594604, -0.41127878427505493, -0.07079136371612549, 0.9087522029876709),
        }},
        {Time = 0.200, Data = {
            ["LeftLowerArm"] = CFrame.new(-0.0004926919937133789, -0.0000985264778137207, 2.0116567611694336e-07, 1, -1.862645149230957e-09, 2.2351748896198842e-08, 3.725290653733282e-08, 0.6734994649887085, -0.7391876578330994, -7.450581307466564e-08, 0.7391877174377441, 0.6734994649887085),
            ["LeftFoot"] = CFrame.new(1.1641532182693481e-10, 2.384185791015625e-07, -4.44706529378891e-08, 0.994097113609314, 0.07588621228933334, -0.07753950357437134, -0.05420921370387077, 0.9664950370788574, 0.25089600682258606, 0.09398104250431061, -0.24521170556545258, 0.9649035930633545),
            ["RightHand"] = CFrame.new(-5.587935447692871e-08, 3.5762786865234375e-07, -1.4901161193847656e-07, 0.9792236089706421, -0.17557665705680847, 0.10145903378725052, 0.18239682912826538, 0.9812479019165039, -0.06232123821973801, -0.08861426264047623, 0.07953222841024399, 0.9928857684135437),
            ["HumanoidRootPart"] = CFrame.new(0, 0, 0, 1, 0, 0, 0, 1, 0, 0, 0, 1),
            ["Ball"] = CFrame.new(0.63023841381073, -0.29913121461868286, -0.07153408974409103, 0.12705497443675995, 0.8848536014556885, 0.4482090175151825, 0.00003211610237485729, 0.4518674314022064, -0.8920852541923523, -0.9918956756591797, 0.1133582592010498, 0.057383593171834946),
            ["RightLowerLeg"] = CFrame.new(1.862645149230957e-09, -0.0000016093254089355469, -0.000005951318598818034, 1, 1.0617080192787398e-07, 2.002343357787595e-08, -8.381903882082042e-08, 0.9040680527687073, 0.42738863825798035, 5.541370029504833e-08, -0.42738863825798035, 0.9040679931640625),
            ["LeftUpperLeg"] = CFrame.new(0, -2.498272806406021e-07, 1.862645149230957e-08, 0.98739093542099, -0.03820103406906128, 0.1536228060722351, 0.13751544058322906, 0.6876975297927856, -0.7128545045852661, -0.07841425389051437, 0.7249916791915894, 0.6842795610427856),
            ["LeftLowerLeg"] = CFrame.new(-1.0279472917318344e-07, 0.0000013113021850585938, 0.000005882233381271362, 1, 2.056330430377784e-07, 2.2002501509632566e-07, -2.6461202651262283e-07, 0.7067356109619141, 0.7074778079986572, 1.979060471057892e-09, -0.707477867603302, 0.7067356705665588),
            ["LowerTorso"] = CFrame.new(-0.007348700892180204, -0.001486659049987793, 0.08099070936441422, 0.9960228204727173, 0.03246714919805527, -0.08297364413738251, -0.027515050023794174, 0.997810423374176, 0.06014496460556984, 0.08474469929933548, -0.05762272700667381, 0.9947351813316345),
            ["Head"] = CFrame.new(-3.026798367500305e-08, -1.1920928955078125e-07, -1.437729224562645e-07, 0.9987883567810059, -0.03540915995836258, 0.03417655825614929, 0.02793359011411667, 0.9796701669692993, 0.19866105914115906, -0.04051617532968521, -0.1974656879901886, 0.9794722199440002),
            ["UpperTorso"] = CFrame.new(2.561137080192566e-08, -2.384185791015625e-07, 9.458744898438454e-09, 0.9985869526863098, -0.037890318781137466, 0.0372631810605526, 0.030396398156881332, 0.9823898077011108, 0.18435414135456085, -0.043592192232608795, -0.18296095728874207, 0.9821532368659973),
            ["LeftUpperArm"] = CFrame.new(0.00638580322265625, -0.09855461120605469, -2.2351741790771484e-08, 0.966927170753479, 0.19077256321907043, -0.1692955046892166, -0.14654292166233063, 0.9587845802307129, 0.24342621862888336, 0.208751380443573, -0.21056623756885529, 0.9550302624702454),
            ["RightLowerArm"] = CFrame.new(-0.0000070035457611083984, 7.748603820800781e-07, 5.960464477539063e-08, 1, 2.2351748896198842e-08, -3.492460010079412e-08, -4.656614649434232e-08, 0.9687964916229248, -0.24785785377025604, -1.8626458597736928e-08, 0.24785786867141724, 0.9687964916229248),
            ["LeftHand"] = CFrame.new(-2.980232238769531e-07, 0.00009989738464355469, 2.9802322387695312e-08, 0.9472583532333374, 0.30423033237457275, -0.10072508454322815, -0.3104913830757141, 0.9490755200386047, -0.053392354398965836, 0.07935210317373276, 0.08185070008039474, 0.9934806823730469),
            ["RightFoot"] = CFrame.new(-2.1420419216156006e-08, 5.960464477539063e-08, 1.6596459317952394e-08, 0.9896822571754456, -0.05611728876829147, 0.13183338940143585, 0.08002584427595139, 0.9797145128250122, -0.183726504445076, -0.1188487634062767, 0.19238099455833435, 0.9740967750549316),
            ["RightUpperLeg"] = CFrame.new(5.960464477539063e-08, -1.3923272490501404e-07, 1.3205863069742918e-08, 0.9668501615524292, -0.058034710586071014, -0.24866165220737457, -0.015913555398583412, 0.95824134349823, -0.2855176329612732, 0.254847913980484, 0.2800098955631256, 0.9255523085594177),
            ["RightUpperArm"] = CFrame.new(-0.006385684013366699, -0.09855449199676514, -8.940696716308594e-08, 0.9098138809204102, -0.16932269930839539, 0.3789149224758148, 0.1255231648683548, 0.9824957847595215, 0.13764174282550812, -0.39557886123657227, -0.07766573876142502, 0.9151384234428406),
        }},
        {Time = 0.233, Data = {
            ["LeftLowerArm"] = CFrame.new(-0.0004928410053253174, -0.00009894371032714844, 2.5704503059387207e-07, 1, -1.8626449271863521e-09, 1.862645326866641e-08, 2.2351745343485163e-08, 0.6851832866668701, -0.728370726108551, -4.0978196835794733e-08, 0.728370726108551, 0.6851832866668701),
            ["LeftFoot"] = CFrame.new(6.426125764846802e-08, 1.7881393432617188e-07, -1.6763806343078613e-08, 0.9929967522621155, 0.09235090762376785, -0.07368025183677673, -0.08175472170114517, 0.9873644709587097, 0.13574834167957306, 0.08528590947389603, -0.1287742555141449, 0.9879997968673706),
            ["RightHand"] = CFrame.new(5.587935447692871e-08, 1.1920928955078125e-07, -1.1175870895385742e-07, 0.9784601926803589, -0.17025016248226166, 0.11675050854682922, 0.17777696251869202, 0.982399046421051, -0.05733638256788254, -0.10493400692939758, 0.07685690373182297, 0.9915048480033875),
            ["HumanoidRootPart"] = CFrame.new(0, 0, 0, 1, 0, 0, 0, 1, 0, 0, 0, 1),
            ["Ball"] = CFrame.new(0.7615876197814941, -0.29925471544265747, -0.04566499963402748, 0.17370954155921936, 0.8327668309211731, 0.5256657600402832, -0.000022657293811789714, 0.5337842106819153, -0.8456208109855652, -0.984796941280365, 0.14688047766685486, 0.09274227917194366),
            ["RightLowerLeg"] = CFrame.new(8.009374141693115e-08, -0.0000015497207641601562, -0.000006025824404787272, 1, -1.4901162970204496e-08, -2.0954757928848267e-09, 2.3283055483602766e-08, 0.8564309477806091, 0.5162612795829773, -5.355103027682162e-08, -0.5162616968154907, 0.8564311265945435),
            ["LeftUpperLeg"] = CFrame.new(2.9802322387695312e-08, 2.062879502773285e-07, -3.725290298461914e-08, 0.9730170965194702, -0.006038804072886705, 0.2306538224220276, 0.16859403252601624, 0.7010840773582458, -0.6928616762161255, -0.15752363204956055, 0.7130531072616577, 0.6831849813461304),
            ["LeftLowerLeg"] = CFrame.new(-9.313225746154785e-08, 0.0000017881393432617188, 0.000006087124347686768, 1, 2.3469326038139116e-07, 2.4214389782173384e-07, -3.017483720668679e-07, 0.5228419899940491, 0.8524295687675476, 7.450577044210149e-09, -0.8524296879768372, 0.5228420495986938),
            ["LowerTorso"] = CFrame.new(-0.04413352161645889, -0.022472023963928223, 0.10007690638303757, 0.995481014251709, 0.0353788323700428, -0.08812449127435684, -0.027221545577049255, 0.9953771829605103, 0.092105433344841, 0.09097567945718765, -0.0892903283238411, 0.9918420910835266),
            ["Head"] = CFrame.new(-2.3748725652694702e-08, 5.960464477539062e-07, -6.129266694188118e-08, 0.9997113943099976, -0.02358069457113743, 0.004597751889377832, 0.022269997745752335, 0.9813611507415771, 0.1908780038356781, -0.00901308748871088, -0.19072043895721436, 0.9816030859947205),
            ["UpperTorso"] = CFrame.new(1.909211277961731e-08, -8.940696716308594e-08, -1.0710209608078003e-08, 0.9976571202278137, -0.034738875925540924, 0.05893684923648834, 0.024513084441423416, 0.985802412033081, 0.16611053049564362, -0.06387057900428772, -0.164276584982872, 0.9843444228172302),
            ["LeftUpperArm"] = CFrame.new(0.006385684013366699, -0.09855377674102783, 1.30385160446167e-08, 0.9766623377799988, 0.17462189495563507, -0.12505987286567688, -0.14090457558631897, 0.960358738899231, 0.2405328005552292, 0.16210021078586578, -0.2172977328300476, 0.9625507593154907),
            ["RightLowerArm"] = CFrame.new(-0.000007271766662597656, 3.5762786865234375e-07, -1.4901161193847656e-07, 1, 3.166497108963995e-08, -5.5995776904183003e-08, -1.6763809895792292e-08, 0.9634571075439453, -0.26786279678344727, 5.122275492652761e-09, 0.2678627371788025, 0.9634571671485901),
            ["LeftHand"] = CFrame.new(-2.5331974029541016e-07, 0.0001004338264465332, -2.9802322387695312e-08, 0.9526962041854858, 0.2928161323070526, -0.08141785860061646, -0.2989473342895508, 0.9511264562606812, -0.07738859206438065, 0.05477803945541382, 0.09806748479604721, 0.9936710596084595),
            ["RightFoot"] = CFrame.new(-9.12696123123169e-08, 5.960464477539063e-08, 9.145878721028566e-09, 0.990020751953125, -0.04029090702533722, 0.13503900170326233, 0.06864535808563232, 0.9747622609138489, -0.21242961287498474, -0.12307204306125641, 0.2195798009634018, 0.9678007364273071),
            ["RightUpperLeg"] = CFrame.new(-5.960464477539063e-08, 3.4365803003311157e-07, -2.032174961641431e-08, 0.9675986170768738, -0.08951921761035919, -0.23609177768230438, -0.008185719139873981, 0.9234274625778198, -0.3836859166622162, 0.25236082077026367, 0.3731863498687744, 0.8927742838859558),
            ["RightUpperArm"] = CFrame.new(-0.006385684013366699, -0.09855401515960693, -1.4901161193847656e-08, 0.9198614358901978, -0.1699170023202896, 0.35354000329971313, 0.12366730719804764, 0.9809668660163879, 0.14969883859157562, -0.3722384572029114, -0.09398078173398972, 0.9233632683753967),
        }},
        {Time = 0.267, Data = {
            ["LeftLowerArm"] = CFrame.new(-0.0004929304122924805, -0.00009876489639282227, 5.21540641784668e-08, 1, 1.1175870895385742e-08, 3.539026494081554e-08, 3.72529100900465e-08, 0.701982855796814, -0.7121939063072205, -1.862645504502325e-08, 0.7121938467025757, 0.7019829154014587),
            ["LeftFoot"] = CFrame.new(-1.862645149230957e-08, 0, -5.21540641784668e-08, 0.9948081374168396, 0.06186669319868088, -0.08080395311117172, -0.07508658617734909, 0.9821529984474182, -0.17244461178779602, 0.0686933621764183, 0.17761732637882233, 0.9816994071006775),
            ["RightHand"] = CFrame.new(-1.1548399925231934e-07, 2.384185791015625e-07, -1.1920928955078125e-07, 0.9777657985687256, -0.16333183646202087, 0.13151732087135315, 0.17143405973911285, 0.983781635761261, -0.05276496708393097, -0.12076611071825027, 0.07413831353187561, 0.9899086952209473),
            ["HumanoidRootPart"] = CFrame.new(0, 0, 0, 1, 0, 0, 0, 1, 0, 0, 0, 1),
