return {
  ["Bio jjk idle v1"] = {
    {Time = 0.000, Data = {
      ["Head"] = CFrame.new(-0.003107, 0.068928, 0.157247, 0.999955, 0.003229, -0.008968, -0.005932, 0.947249, -0.320444, 0.007460, 0.320482, 0.947225),
      ["Head.001"] = CFrame.new(0.000000, 0.000000, 0.000000, -0.999955, -0.008968, 0.003229, 0.005932, -0.320444, 0.947249, -0.007460, 0.947225, 0.320482),
      ["Left Arm"] = CFrame.new(0.693597, 0.125066, 0.406578, 0.603431, 0.303842, -0.737262, -0.475744, 0.879169, -0.027056, 0.639960, 0.367071, 0.675065),
      ["Left Arm.001"] = CFrame.new(0.000000, 0.000100, -0.000500, 1.000000, 0.000000, -0.000000, -0.000000, 1.000000, -0.000000, -0.000000, 0.000000, 1.000000),
      ["Left Leg"] = CFrame.new(-0.793483, 0.689349, 0.715203, 0.739354, -0.292526, 0.606489, 0.509502, 0.831928, -0.219820, -0.440261, 0.471512, 0.764101),
      ["Left Leg.001"] = CFrame.new(0.000000, -0.000200, -0.000000, 1.000000, 0.000000, -0.000000, 0.000000, 1.000000, -0.000000, 0.000000, 0.000000, 1.000000),
      ["LeftFoot"] = CFrame.new(0.000000, 0.035532, 0.000001, 0.994031, -0.083453, -0.070267, -0.003788, 0.617333, -0.786693, 0.109034, 0.782237, 0.613311),
      ["LeftHand"] = CFrame.new(0.000491, 0.014517, 0.000000, 0.994120, -0.092495, 0.056304, 0.083423, 0.985708, 0.146355, -0.069035, -0.140797, 0.987624),
      ["LeftLowerArm"] = CFrame.new(0.005547, 0.050273, 0.038157, 1.000000, -0.000000, -0.000000, -0.000000, 0.715502, -0.698614, 0.000000, 0.698611, 0.715506),
      ["LeftLowerLeg"] = CFrame.new(0.000000, 0.112453, -0.145916, 1.000000, -0.000000, -0.000000, 0.000000, -0.515040, 0.857194, -0.000000, -0.857169, -0.515060),
      ["LeftUpperArm"] = CFrame.new(-0.087457, 0.094157, 0.384680, 0.675065, 0.184440, -0.714330, 0.027056, 0.961405, 0.273803, 0.737262, -0.204161, 0.644021),
      ["LeftUpperLeg"] = CFrame.new(-0.000723, -0.097399, -0.061041, 0.742500, 0.644718, 0.181721, -0.083526, 0.358286, -0.929864, -0.664618, 0.675255, 0.319878),
      ["LowerTorso"] = CFrame.new(-0.088513, -0.994951, 0.111237, 0.999442, 0.014561, -0.030047, -0.014651, 0.999889, -0.002767, 0.030004, 0.003206, 0.999545),
      ["Right Arm"] = CFrame.new(0.830907, -0.264605, -0.183674, 0.526910, -0.729243, -0.436547, 0.463453, 0.677071, -0.571653, 0.712451, 0.098891, 0.694723),
      ["Right Arm.001"] = CFrame.new(-0.000000, 0.000000, 0.000000, 1.000000, 0.000000, 0.000000, -0.000000, 1.000000, 0.000000, 0.000000, -0.000000, 1.000000),
      ["Right Leg"] = CFrame.new(0.375387, 0.882144, 0.717287, 0.555323, 0.131422, -0.821190, -0.407086, 0.904004, -0.130602, 0.725236, 0.406818, 0.555509),
      ["Right Leg.001"] = CFrame.new(-0.000000, -0.000000, -0.000000, 1.000000, -0.000000, -0.000000, -0.000000, 1.000000, 0.000000, -0.000000, -0.000000, 1.000000),
      ["RightFoot"] = CFrame.new(-0.000000, 0.020919, -0.000100, 0.948079, 0.243286, 0.204834, -0.060482, 0.770230, -0.634894, -0.312205, 0.589534, 0.744922),
      ["RightHand"] = CFrame.new(-0.000543, -0.065995, -0.000000, 0.927537, -0.341077, 0.152781, 0.289174, 0.913943, 0.284758, -0.236757, -0.219942, 0.946342),
      ["RightLowerArm"] = CFrame.new(-0.012689, -0.111420, -0.003738, 1.000000, -0.000000, 0.000000, -0.000000, 1.000000, -0.000001, -0.000000, 0.000000, 1.000006),
      ["RightLowerLeg"] = CFrame.new(0.000000, 0.101870, -0.144386, 1.000000, 0.000000, 0.000000, -0.000000, -0.472281, 0.881486, 0.000000, -0.881447, -0.472293),
      ["RightUpperArm"] = CFrame.new(-0.140495, -0.283082, -0.550355, 0.694722, 0.098891, -0.712447, -0.571653, 0.677071, -0.463450, 0.436547, 0.729243, 0.526908),
      ["RightUpperLeg"] = CFrame.new(-0.016717, -0.066244, -0.093048, 0.582433, -0.812797, -0.012082, 0.251569, 0.194358, -0.948117, 0.772972, 0.549167, 0.317680),
      ["Torso"] = CFrame.new(0.086934, -0.140582, -1.040042, 0.999774, -0.011560, -0.017844, 0.002299, 0.893139, -0.449774, 0.021136, 0.449631, 0.892964),
      ["UpperTorso"] = CFrame.new(-0.014720, 0.019009, 0.017151, 0.999457, -0.008744, 0.031763, -0.006583, 0.891683, 0.452613, -0.032281, -0.452576, 0.891141)
    }},
    {Time = 0.033, Data = {
      ["Head"] = CFrame.new(-0.003107, 0.068928, 0.157247, 0.999955, 0.003229, -0.008968, -0.005932, 0.947249, -0.320444, 0.007460, 0.320482, 0.947225),
      ["Head.001"] = CFrame.new(0.000000, 0.000000, 0.000000, -0.999955, -0.008968, 0.003229, 0.005932, -0.320444, 0.947249, -0.007460, 0.947225, 0.320482),
      ["Left Arm"] = CFrame.new(0.693597, 0.125066, 0.406578, 0.603431, 0.303842, -0.737262, -0.475744, 0.879169, -0.027056, 0.639960, 0.367071, 0.675065),
      ["Left Arm.001"] = CFrame.new(0.000000, 0.000100, -0.000500, 1.000000, 0.000000, -0.000000, -0.000000, 1.000000, -0.000000, -0.000000, 0.000000, 1.000000),
      ["Left Leg"] = CFrame.new(-0.793483, 0.689349, 0.715203, 0.739354, -0.292526, 0.606489, 0.509502, 0.831928, -0.219820, -0.440261, 0.471512, 0.764101),
      ["Left Leg.001"] = CFrame.new(0.000000, -0.000200, -0.000000, 1.000000, 0.000000, -0.000000, 0.000000, 1.000000, -0.000000, 0.000000, 0.000000, 1.000000),
      ["LeftFoot"] = CFrame.new(0.000000, 0.035532, 0.000001, 0.994031, -0.083453, -0.070267, -0.003788, 0.617333, -0.786693, 0.109034, 0.782237, 0.613311),
      ["LeftHand"] = CFrame.new(0.000491, 0.014517, 0.000000, 0.994120, -0.092495, 0.056304, 0.083423, 0.985708, 0.146355, -0.069035, -0.140797, 0.987624),
      ["LeftLowerArm"] = CFrame.new(0.005547, 0.050273, 0.038157, 1.000000, -0.000000, -0.000000, -0.000000, 0.715502, -0.698614, 0.000000, 0.698611, 0.715506),
      ["LeftLowerLeg"] = CFrame.new(0.000000, 0.112453, -0.145916, 1.000000, -0.000000, -0.000000, 0.000000, -0.515040, 0.857194, -0.000000, -0.857169, -0.515060),
      ["LeftUpperArm"] = CFrame.new(-0.087457, 0.094157, 0.384680, 0.675065, 0.184440, -0.714330, 0.027056, 0.961405, 0.273803, 0.737262, -0.204161, 0.644021),
      ["LeftUpperLeg"] = CFrame.new(-0.000723, -0.097399, -0.061041, 0.742500, 0.644718, 0.181721, -0.083526, 0.358286, -0.929864, -0.664618, 0.675255, 0.319878),
      ["LowerTorso"] = CFrame.new(-0.088513, -0.994951, 0.111237, 0.999442, 0.014561, -0.030047, -0.014651, 0.999889, -0.002767, 0.030004, 0.003206, 0.999545),
      ["Right Arm"] = CFrame.new(0.830907, -0.264605, -0.183674, 0.526910, -0.729243, -0.436547, 0.463453, 0.677071, -0.571653, 0.712451, 0.098891, 0.694723),
      ["Right Arm.001"] = CFrame.new(-0.000000, 0.000000, 0.000000, 1.000000, 0.000000, 0.000000, -0.000000, 1.000000, 0.000000, 0.000000, -0.000000, 1.000000),
      ["Right Leg"] = CFrame.new(0.375387, 0.882144, 0.717287, 0.555323, 0.131422, -0.821190, -0.407086, 0.904004, -0.130602, 0.725236, 0.406818, 0.555509),
      ["Right Leg.001"] = CFrame.new(-0.000000, -0.000000, -0.000000, 1.000000, -0.000000, -0.000000, -0.000000, 1.000000, 0.000000, -0.000000, -0.000000, 1.000000),
      ["RightFoot"] = CFrame.new(-0.000000, 0.020919, -0.000100, 0.948079, 0.243286, 0.204834, -0.060482, 0.770230, -0.634894, -0.312205, 0.589534, 0.744922),
      ["RightHand"] = CFrame.new(-0.000543, -0.065995, -0.000000, 0.927537, -0.341077, 0.152781, 0.289174, 0.913943, 0.284758, -0.236757, -0.219942, 0.946342),
      ["RightLowerArm"] = CFrame.new(-0.012689, -0.111420, -0.003738, 1.000000, -0.000000, 0.000000, -0.000000, 1.000000, -0.000001, -0.000000, 0.000000, 1.000006),
      ["RightLowerLeg"] = CFrame.new(0.000000, 0.101870, -0.144386, 1.000000, 0.000000, 0.000000, -0.000000, -0.472281, 0.881486, 0.000000, -0.881447, -0.472293),
      ["RightUpperArm"] = CFrame.new(-0.140495, -0.283082, -0.550355, 0.694722, 0.098891, -0.712447, -0.571653, 0.677071, -0.463450, 0.436547, 0.729243, 0.526908),
      ["RightUpperLeg"] = CFrame.new(-0.016717, -0.066244, -0.093048, 0.582433, -0.812797, -0.012082, 0.251569, 0.194358, -0.948117, 0.772972, 0.549167, 0.317680),
      ["Torso"] = CFrame.new(0.086934, -0.140582, -1.040042, 0.999774, -0.011560, -0.017844, 0.002299, 0.893139, -0.449774, 0.021136, 0.449631, 0.892964),
      ["UpperTorso"] = CFrame.new(-0.014720, 0.019009, 0.017151, 0.999457, -0.008744, 0.031763, -0.006583, 0.891683, 0.452613, -0.032281, -0.452576, 0.891141)
    }},
    {Time = 0.067, Data = {
      ["Head"] = CFrame.new(-0.003107, 0.068928, 0.157247, 0.999955, 0.003229, -0.008968, -0.005932, 0.947249, -0.320444, 0.007460, 0.320482, 0.947225),
      ["Head.001"] = CFrame.new(0.000000, 0.000000, 0.000000, -0.999955, -0.008968, 0.003229, 0.005932, -0.320444, 0.947249, -0.007460, 0.947225, 0.320482),
      ["Left Arm"] = CFrame.new(0.693597, 0.125066, 0.406578, 0.603431, 0.303842, -0.737262, -0.475744, 0.879169, -0.027056, 0.639960, 0.367071, 0.675065),
      ["Left Arm.001"] = CFrame.new(0.000000, 0.000100, -0.000500, 1.000000, 0.000000, -0.000000, -0.000000, 1.000000, -0.000000, -0.000000, 0.000000, 1.000000),
      ["Left Leg"] = CFrame.new(-0.793483, 0.689349, 0.715203, 0.739354, -0.292526, 0.606489, 0.509502, 0.831928, -0.219820, -0.440261, 0.471512, 0.764101),
      ["Left Leg.001"] = CFrame.new(0.000000, -0.000200, -0.000000, 1.000000, 0.000000, -0.000000, 0.000000, 1.000000, -0.000000, 0.000000, 0.000000, 1.000000),
      ["LeftFoot"] = CFrame.new(0.000000, 0.035532, 0.000001, 0.994031, -0.083453, -0.070267, -0.003788, 0.617333, -0.786693, 0.109034, 0.782237, 0.613311),
      ["LeftHand"] = CFrame.new(0.000491, 0.014517, 0.000000, 0.994120, -0.092495, 0.056304, 0.083423, 0.985708, 0.146355, -0.069035, -0.140797, 0.987624),
      ["LeftLowerArm"] = CFrame.new(0.005547, 0.050273, 0.038157, 1.000000, -0.000000, -0.000000, -0.000000, 0.715502, -0.698614, 0.000000, 0.698611, 0.715506),
      ["LeftLowerLeg"] = CFrame.new(0.000000, 0.112453, -0.145916, 1.000000, -0.000000, -0.000000, 0.000000, -0.515040, 0.857194, -0.000000, -0.857169, -0.515060),
      ["LeftUpperArm"] = CFrame.new(-0.087457, 0.094157, 0.384680, 0.675065, 0.184440, -0.714330, 0.027056, 0.961405, 0.273803, 0.737262, -0.204161, 0.644021),
      ["LeftUpperLeg"] = CFrame.new(-0.000723, -0.097399, -0.061041, 0.742500, 0.644718, 0.181721, -0.083526, 0.358286, -0.929864, -0.664618, 0.675255, 0.319878),
      ["LowerTorso"] = CFrame.new(-0.088513, -0.994951, 0.111237, 0.999442, 0.014561, -0.030047, -0.014651, 0.999889, -0.002767, 0.030004, 0.003206, 0.999545),
      ["Right Arm"] = CFrame.new(0.830907, -0.264605, -0.183674, 0.526910, -0.729243, -0.436547, 0.463453, 0.677071, -0.571653, 0.712451, 0.098891, 0.694723),
      ["Right Arm.001"] = CFrame.new(-0.000000, 0.000000, 0.000000, 1.000000, 0.000000, 0.000000, -0.000000, 1.000000, 0.000000, 0.000000, -0.000000, 1.000000),
      ["Right Leg"] = CFrame.new(0.375387, 0.882144, 0.717287, 0.555323, 0.131422, -0.821190, -0.407086, 0.904004, -0.130602, 0.725236, 0.406818, 0.555509),
      ["Right Leg.001"] = CFrame.new(-0.000000, -0.000000, -0.000000, 1.000000, -0.000000, -0.000000, -0.000000, 1.000000, 0.000000, -0.000000, -0.000000, 1.000000),
      ["RightFoot"] = CFrame.new(-0.000000, 0.020919, -0.000100, 0.948079, 0.243286, 0.204834, -0.060482, 0.770230, -0.634894, -0.312205, 0.589534, 0.744922),
      ["RightHand"] = CFrame.new(-0.000543, -0.065995, -0.000000, 0.927537, -0.341077, 0.152781, 0.289174, 0.913943, 0.284758, -0.236757, -0.219942, 0.946342),
      ["RightLowerArm"] = CFrame.new(-0.012689, -0.111420, -0.003738, 1.000000, -0.000000, 0.000000, -0.000000, 1.000000, -0.000001, -0.000000, 0.000000, 1.000006),
      ["RightLowerLeg"] = CFrame.new(0.000000, 0.101870, -0.144386, 1.000000, 0.000000, 0.000000, -0.000000, -0.472281, 0.881486, 0.000000, -0.881447, -0.472293),
      ["RightUpperArm"] = CFrame.new(-0.140495, -0.283082, -0.550355, 0.694722, 0.098891, -0.712447, -0.571653, 0.677071, -0.463450, 0.436547, 0.729243, 0.526908),
      ["RightUpperLeg"] = CFrame.new(-0.016717, -0.066244, -0.093048, 0.582433, -0.812797, -0.012082, 0.251569, 0.194358, -0.948117, 0.772972, 0.549167, 0.317680),
      ["Torso"] = CFrame.new(0.086934, -0.140582, -1.040042, 0.999774, -0.011560, -0.017844, 0.002299, 0.893139, -0.449774, 0.021136, 0.449631, 0.892964),
      ["UpperTorso"] = CFrame.new(-0.014720, 0.019009, 0.017151, 0.999457, -0.008744, 0.031763, -0.006583, 0.891683, 0.452613, -0.032281, -0.452576, 0.891141)
    }},
    {Time = 0.100, Data = {
      ["Head"] = CFrame.new(-0.003107, 0.068928, 0.157247, 0.999955, 0.003229, -0.008968, -0.005932, 0.947249, -0.320444, 0.007460, 0.320482, 0.947225),
      ["Head.001"] = CFrame.new(0.000000, 0.000000, 0.000000, -0.999955, -0.008968, 0.003229, 0.005932, -0.320444, 0.947249, -0.007460, 0.947225, 0.320482),
      ["Left Arm"] = CFrame.new(0.693597, 0.125066, 0.406578, 0.603431, 0.303842, -0.737262, -0.475744, 0.879169, -0.027056, 0.639960, 0.367071, 0.675065),
      ["Left Arm.001"] = CFrame.new(0.000000, 0.000100, -0.000500, 1.000000, 0.000000, -0.000000, -0.000000, 1.000000, -0.000000, -0.000000, 0.000000, 1.000000),
      ["Left Leg"] = CFrame.new(-0.793483, 0.689349, 0.715203, 0.739354, -0.292526, 0.606489, 0.509502, 0.831928, -0.219820, -0.440261, 0.471512, 0.764101),
      ["Left Leg.001"] = CFrame.new(0.000000, -0.000200, -0.000000, 1.000000, 0.000000, -0.000000, 0.000000, 1.000000, -0.000000, 0.000000, 0.000000, 1.000000),
      ["LeftFoot"] = CFrame.new(0.000000, 0.035532, 0.000001, 0.994031, -0.083453, -0.070267, -0.003788, 0.617333, -0.786693, 0.109034, 0.782237, 0.613311),
      ["LeftHand"] = CFrame.new(0.000491, 0.014517, 0.000000, 0.994120, -0.092495, 0.056304, 0.083423, 0.985708, 0.146355, -0.069035, -0.140797, 0.987624),
      ["LeftLowerArm"] = CFrame.new(0.005547, 0.050273, 0.038157, 1.000000, -0.000000, -0.000000, -0.000000, 0.715502, -0.698614, 0.000000, 0.698611, 0.715506),
      ["LeftLowerLeg"] = CFrame.new(0.000000, 0.112453, -0.145916, 1.000000, -0.000000, -0.000000, 0.000000, -0.515040, 0.857194, -0.000000, -0.857169, -0.515060),
      ["LeftUpperArm"] = CFrame.new(-0.087457, 0.094157, 0.384680, 0.675065, 0.184440, -0.714330, 0.027056, 0.961405, 0.273803, 0.737262, -0.204161, 0.644021),
      ["LeftUpperLeg"] = CFrame.new(-0.000723, -0.097399, -0.061041, 0.742500, 0.644718, 0.181721, -0.083526, 0.358286, -0.929864, -0.664618, 0.675255, 0.319878),
      ["LowerTorso"] = CFrame.new(-0.088513, -0.994951, 0.111237, 0.999442, 0.014561, -0.030047, -0.014651, 0.999889, -0.002767, 0.030004, 0.003206, 0.999545),
      ["Right Arm"] = CFrame.new(0.830907, -0.264605, -0.183674, 0.526910, -0.729243, -0.436547, 0.463453, 0.677071, -0.571653, 0.712451, 0.098891, 0.694723),
      ["Right Arm.001"] = CFrame.new(-0.000000, 0.000000, 0.000000, 1.000000, 0.000000, 0.000000, -0.000000, 1.000000, 0.000000, 0.000000, -0.000000, 1.000000),
      ["Right Leg"] = CFrame.new(0.375387, 0.882144, 0.717287, 0.555323, 0.131422, -0.821190, -0.407086, 0.904004, -0.130602, 0.725236, 0.406818, 0.555509),
      ["Right Leg.001"] = CFrame.new(-0.000000, -0.000000, -0.000000, 1.000000, -0.000000, -0.000000, -0.000000, 1.000000, 0.000000, -0.000000, -0.000000, 1.000000),
      ["RightFoot"] = CFrame.new(-0.000000, 0.020919, -0.000100, 0.948079, 0.243286, 0.204834, -0.060482, 0.770230, -0.634894, -0.312205, 0.589534, 0.744922),
      ["RightHand"] = CFrame.new(-0.000543, -0.065995, -0.000000, 0.927537, -0.341077, 0.152781, 0.289174, 0.913943, 0.284758, -0.236757, -0.219942, 0.946342),
      ["RightLowerArm"] = CFrame.new(-0.012689, -0.111420, -0.003738, 1.000000, -0.000000, 0.000000, -0.000000, 1.000000, -0.000001, -0.000000, 0.000000, 1.000006),
      ["RightLowerLeg"] = CFrame.new(0.000000, 0.101870, -0.144386, 1.000000, 0.000000, 0.000000, -0.000000, -0.472281, 0.881486, 0.000000, -0.881447, -0.472293),
      ["RightUpperArm"] = CFrame.new(-0.140495, -0.283082, -0.550355, 0.694722, 0.098891, -0.712447, -0.571653, 0.677071, -0.463450, 0.436547, 0.729243, 0.526908),
      ["RightUpperLeg"] = CFrame.new(-0.016717, -0.066244, -0.093048, 0.582433, -0.812797, -0.012082, 0.251569, 0.194358, -0.948117, 0.772972, 0.549167, 0.317680),
      ["Torso"] = CFrame.new(0.086934, -0.140582, -1.040042, 0.999774, -0.011560, -0.017844, 0.002299, 0.893139, -0.449774, 0.021136, 0.449631, 0.892964),
      ["UpperTorso"] = CFrame.new(-0.014720, 0.019009, 0.017151, 0.999457, -0.008744, 0.031763, -0.006583, 0.891683, 0.452613, -0.032281, -0.452576, 0.891141)
    }},
    {Time = 0.133, Data = {
      ["Head"] = CFrame.new(-0.003107, 0.068928, 0.157247, 0.999955, 0.003229, -0.008968, -0.005932, 0.947249, -0.320444, 0.007460, 0.320482, 0.947225),
      ["Head.001"] = CFrame.new(0.000000, 0.000000, 0.000000, -0.999955, -0.008968, 0.003229, 0.005932, -0.320444, 0.947249, -0.007460, 0.947225, 0.320482),
      ["Left Arm"] = CFrame.new(0.693597, 0.125066, 0.406578, 0.603431, 0.303842, -0.737262, -0.475744, 0.879169, -0.027056, 0.639960, 0.367071, 0.675065),
      ["Left Arm.001"] = CFrame.new(0.000000, 0.000100, -0.000500, 1.000000, 0.000000, -0.000000, -0.000000, 1.000000, -0.000000, -0.000000, 0.000000, 1.000000),
      ["Left Leg"] = CFrame.new(-0.793483, 0.689349, 0.715203, 0.739354, -0.292526, 0.606489, 0.509502, 0.831928, -0.219820, -0.440261, 0.471512, 0.764101),
      ["Left Leg.001"] = CFrame.new(0.000000, -0.000200, -0.000000, 1.000000, 0.000000, -0.000000, 0.000000, 1.000000, -0.000000, 0.000000, 0.000000, 1.000000),
      ["LeftFoot"] = CFrame.new(0.000000, 0.035532, 0.000001, 0.994031, -0.083453, -0.070267, -0.003788, 0.617333, -0.786693, 0.109034, 0.782237, 0.613311),
      ["LeftHand"] = CFrame.new(0.000491, 0.014517, 0.000000, 0.994120, -0.092495, 0.056304, 0.083423, 0.985708, 0.146355, -0.069035, -0.140797, 0.987624),
      ["LeftLowerArm"] = CFrame.new(0.005547, 0.050273, 0.038157, 1.000000, -0.000000, -0.000000, -0.000000, 0.715502, -0.698614, 0.000000, 0.698611, 0.715506),
      ["LeftLowerLeg"] = CFrame.new(0.000000, 0.112453, -0.145916, 1.000000, -0.000000, -0.000000, 0.000000, -0.515040, 0.857194, -0.000000, -0.857169, -0.515060),
      ["LeftUpperArm"] = CFrame.new(-0.087457, 0.094157, 0.384680, 0.675065, 0.184440, -0.714330, 0.027056, 0.961405, 0.273803, 0.737262, -0.204161, 0.644021),
      ["LeftUpperLeg"] = CFrame.new(-0.000723, -0.097399, -0.061041, 0.742500, 0.644718, 0.181721, -0.083526, 0.358286, -0.929864, -0.664618, 0.675255, 0.319878),
      ["LowerTorso"] = CFrame.new(-0.088513, -0.994951, 0.111237, 0.999442, 0.014561, -0.030047, -0.014651, 0.999889, -0.002767, 0.030004, 0.003206, 0.999545),
      ["Right Arm"] = CFrame.new(0.830907, -0.264605, -0.183674, 0.526910, -0.729243, -0.436547, 0.463453, 0.677071, -0.571653, 0.712451, 0.098891, 0.694723),
      ["Right Arm.001"] = CFrame.new(-0.000000, 0.000000, 0.000000, 1.000000, 0.000000, 0.000000, -0.000000, 1.000000, 0.000000, 0.000000, -0.000000, 1.000000),
      ["Right Leg"] = CFrame.new(0.375387, 0.882144, 0.717287, 0.555323, 0.131422, -0.821190, -0.407086, 0.904004, -0.130602, 0.725236, 0.406818, 0.555509),
      ["Right Leg.001"] = CFrame.new(-0.000000, -0.000000, -0.000000, 1.000000, -0.000000, -0.000000, -0.000000, 1.000000, 0.000000, -0.000000, -0.000000, 1.000000),
      ["RightFoot"] = CFrame.new(-0.000000, 0.020919, -0.000100, 0.948079, 0.243286, 0.204834, -0.060482, 0.770230, -0.634894, -0.312205, 0.589534, 0.744922),
      ["RightHand"] = CFrame.new(-0.000543, -0.065995, -0.000000, 0.927537, -0.341077, 0.152781, 0.289174, 0.913943, 0.284758, -0.236757, -0.219942, 0.946342),
      ["RightLowerArm"] = CFrame.new(-0.012689, -0.111420, -0.003738, 1.000000, -0.000000, 0.000000, -0.000000, 1.000000, -0.000001, -0.000000, 0.000000, 1.000006),
      ["RightLowerLeg"] = CFrame.new(0.000000, 0.101870, -0.144386, 1.000000, 0.000000, 0.000000, -0.000000, -0.472281, 0.881486, 0.000000, -0.881447, -0.472293),
      ["RightUpperArm"] = CFrame.new(-0.140495, -0.283082, -0.550355, 0.694722, 0.098891, -0.712447, -0.571653, 0.677071, -0.463450, 0.436547, 0.729243, 0.526908),
      ["RightUpperLeg"] = CFrame.new(-0.016717, -0.066244, -0.093048, 0.582433, -0.812797, -0.012082, 0.251569, 0.194358, -0.948117, 0.772972, 0.549167, 0.317680),
      ["Torso"] = CFrame.new(0.086934, -0.140582, -1.040042, 0.999774, -0.011560, -0.017844, 0.002299, 0.893139, -0.449774, 0.021136, 0.449631, 0.892964),
      ["UpperTorso"] = CFrame.new(-0.014720, 0.019009, 0.017151, 0.999457, -0.008744, 0.031763, -0.006583, 0.891683, 0.452613, -0.032281, -0.452576, 0.891141)
    }},
    {Time = 0.167, Data = {
      ["Head"] = CFrame.new(-0.003107, 0.068928, 0.157247, 0.999955, 0.003229, -0.008968, -0.005932, 0.947249, -0.320444, 0.007460, 0.320482, 0.947225),
      ["Head.001"] = CFrame.new(0.000000, 0.000000, 0.000000, -0.999955, -0.008968, 0.003229, 0.005932, -0.320444, 0.947249, -0.007460, 0.947225, 0.320482),
      ["Left Arm"] = CFrame.new(0.693597, 0.125066, 0.406578, 0.603431, 0.303842, -0.737262, -0.475744, 0.879169, -0.027056, 0.639960, 0.367071, 0.675065),
      ["Left Arm.001"] = CFrame.new(0.000000, 0.000100, -0.000500, 1.000000, 0.000000, -0.000000, -0.000000, 1.000000, -0.000000, -0.000000, 0.000000, 1.000000),
      ["Left Leg"] = CFrame.new(-0.793483, 0.689349, 0.715203, 0.739354, -0.292526, 0.606489, 0.509502, 0.831928, -0.219820, -0.440261, 0.471512, 0.764101),
      ["Left Leg.001"] = CFrame.new(0.000000, -0.000200, -0.000000, 1.000000, 0.000000, -0.000000, 0.000000, 1.000000, -0.000000, 0.000000, 0.000000, 1.000000),
      ["LeftFoot"] = CFrame.new(0.000000, 0.035532, 0.000001, 0.994031, -0.083453, -0.070267, -0.003788, 0.617333, -0.786693, 0.109034, 0.782237, 0.613311),
      ["LeftHand"] = CFrame.new(0.000491, 0.014517, 0.000000, 0.994120, -0.092495, 0.056304, 0.083423, 0.985708, 0.146355, -0.069035, -0.140797, 0.987624),
      ["LeftLowerArm"] = CFrame.new(0.005547, 0.050273, 0.038157, 1.000000, -0.000000, -0.000000, -0.000000, 0.715502, -0.698614, 0.000000, 0.698611, 0.715506),
      ["LeftLowerLeg"] = CFrame.new(0.000000, 0.112453, -0.145916, 1.000000, -0.000000, -0.000000, 0.000000, -0.515040, 0.857194, -0.000000, -0.857169, -0.515060),
      ["LeftUpperArm"] = CFrame.new(-0.087457, 0.094157, 0.384680, 0.675065, 0.184440, -0.714330, 0.027056, 0.961405, 0.273803, 0.737262, -0.204161, 0.644021),
      ["LeftUpperLeg"] = CFrame.new(-0.000723, -0.097399, -0.061041, 0.742500, 0.644718, 0.181721, -0.083526, 0.358286, -0.929864, -0.664618, 0.675255, 0.319878),
      ["LowerTorso"] = CFrame.new(-0.088513, -0.994951, 0.111237, 0.999442, 0.014561, -0.030047, -0.014651, 0.999889, -0.002767, 0.030004, 0.003206, 0.999545),
      ["Right Arm"] = CFrame.new(0.830907, -0.264605, -0.183674, 0.526910, -0.729243, -0.436547, 0.463453, 0.677071, -0.571653, 0.712451, 0.098891, 0.694723),
      ["Right Arm.001"] = CFrame.new(-0.000000, 0.000000, 0.000000, 1.000000, 0.000000, 0.000000, -0.000000, 1.000000, 0.000000, 0.000000, -0.000000, 1.000000),
      ["Right Leg"] = CFrame.new(0.375387, 0.882144, 0.717287, 0.555323, 0.131422, -0.821190, -0.407086, 0.904004, -0.130602, 0.725236, 0.406818, 0.555509),
      ["Right Leg.001"] = CFrame.new(-0.000000, -0.000000, -0.000000, 1.000000, -0.000000, -0.000000, -0.000000, 1.000000, 0.000000, -0.000000, -0.000000, 1.000000),
      ["RightFoot"] = CFrame.new(-0.000000, 0.020919, -0.000100, 0.948079, 0.243286, 0.204834, -0.060482, 0.770230, -0.634894, -0.312205, 0.589534, 0.744922),
      ["RightHand"] = CFrame.new(-0.000543, -0.065995, -0.000000, 0.927537, -0.341077, 0.152781, 0.289174, 0.913943, 0.284758, -0.236757, -0.219942, 0.946342),
      ["RightLowerArm"] = CFrame.new(-0.012689, -0.111420, -0.003738, 1.000000, -0.000000, 0.000000, -0.000000, 1.000000, -0.000001, -0.000000, 0.000000, 1.000006),
      ["RightLowerLeg"] = CFrame.new(0.000000, 0.101870, -0.144386, 1.000000, 0.000000, 0.000000, -0.000000, -0.472281, 0.881486, 0.000000, -0.881447, -0.472293),
      ["RightUpperArm"] = CFrame.new(-0.140495, -0.283082, -0.550355, 0.694722, 0.098891, -0.712447, -0.571653, 0.677071, -0.463450, 0.436547, 0.729243, 0.526908),
      ["RightUpperLeg"] = CFrame.new(-0.016717, -0.066244, -0.093048, 0.582433, -0.812797, -0.012082, 0.251569, 0.194358, -0.948117, 0.772972, 0.549167, 0.317680),
      ["Torso"] = CFrame.new(0.086934, -0.140582, -1.040042, 0.999774, -0.011560, -0.017844, 0.002299, 0.893139, -0.449774, 0.021136, 0.449631, 0.892964),
      ["UpperTorso"] = CFrame.new(-0.014720, 0.019009, 0.017151, 0.999457, -0.008744, 0.031763, -0.006583, 0.891683, 0.452613, -0.032281, -0.452576, 0.891141)
    }},
    {Time = 0.200, Data = {
      ["Head"] = CFrame.new(-0.003107, 0.068928, 0.157247, 0.999955, 0.003229, -0.008968, -0.005932, 0.947249, -0.320444, 0.007460, 0.320482, 0.947225),
      ["Head.001"] = CFrame.new(0.000000, 0.000000, 0.000000, -0.999955, -0.008968, 0.003229, 0.005932, -0.320444, 0.947249, -0.007460, 0.947225, 0.320482),
      ["Left Arm"] = CFrame.new(0.693597, 0.125066, 0.406578, 0.603431, 0.303842, -0.737262, -0.475744, 0.879169, -0.027056, 0.639960, 0.367071, 0.675065),
      ["Left Arm.001"] = CFrame.new(0.000000, 0.000100, -0.000500, 1.000000, 0.000000, -0.000000, -0.000000, 1.000000, -0.000000, -0.000000, 0.000000, 1.000000),
      ["Left Leg"] = CFrame.new(-0.793483, 0.689349, 0.715203, 0.739354, -0.292526, 0.606489, 0.509502, 0.831928, -0.219820, -0.440261, 0.471512, 0.764101),
      ["Left Leg.001"] = CFrame.new(0.000000, -0.000200, -0.000000, 1.000000, 0.000000, -0.000000, 0.000000, 1.000000, -0.000000, 0.000000, 0.000000, 1.000000),
      ["LeftFoot"] = CFrame.new(0.000000, 0.035532, 0.000001, 0.994031, -0.083453, -0.070267, -0.003788, 0.617333, -0.786693, 0.109034, 0.782237, 0.613311),
      ["LeftHand"] = CFrame.new(0.000491, 0.014517, 0.000000, 0.994120, -0.092495, 0.056304, 0.083423, 0.985708, 0.146355, -0.069035, -0.140797, 0.987624),
      ["LeftLowerArm"] = CFrame.new(0.005547, 0.050273, 0.038157, 1.000000, -0.000000, -0.000000, -0.000000, 0.715502, -0.698614, 0.000000, 0.698611, 0.715506),
      ["LeftLowerLeg"] = CFrame.new(0.000000, 0.112453, -0.145916, 1.000000, -0.000000, -0.000000, 0.000000, -0.515040, 0.857194, -0.000000, -0.857169, -0.515060),
      ["LeftUpperArm"] = CFrame.new(-0.087457, 0.094157, 0.384680, 0.675065, 0.184440, -0.714330, 0.027056, 0.961405, 0.273803, 0.737262, -0.204161, 0.644021),
      ["LeftUpperLeg"] = CFrame.new(-0.000723, -0.097399, -0.061041, 0.742500, 0.644718, 0.181721, -0.083526, 0.358286, -0.929864, -0.664618, 0.675255, 0.319878),
      ["LowerTorso"] = CFrame.new(-0.088513, -0.994951, 0.111237, 0.999442, 0.014561, -0.030047, -0.014651, 0.999889, -0.002767, 0.030004, 0.003206, 0.999545),
      ["Right Arm"] = CFrame.new(0.830907, -0.264605, -0.183674, 0.526910, -0.729243, -0.436547, 0.463453, 0.677071, -0.571653, 0.712451, 0.098891, 0.694723),
      ["Right Arm.001"] = CFrame.new(-0.000000, 0.000000, 0.000000, 1.000000, 0.000000, 0.000000, -0.000000, 1.000000, 0.000000, 0.000000, -0.000000, 1.000000),
      ["Right Leg"] = CFrame.new(0.375387, 0.882144, 0.717287, 0.555323, 0.131422, -0.821190, -0.407086, 0.904004, -0.130602, 0.725236, 0.406818, 0.555509),
      ["Right Leg.001"] = CFrame.new(-0.000000, -0.000000, -0.000000, 1.000000, -0.000000, -0.000000, -0.000000, 1.000000, 0.000000, -0.000000, -0.000000, 1.000000),
      ["RightFoot"] = CFrame.new(-0.000000, 0.020919, -0.000100, 0.948079, 0.243286, 0.204834, -0.060482, 0.770230, -0.634894, -0.312205, 0.589534, 0.744922),
      ["RightHand"] = CFrame.new(-0.000543, -0.065995, -0.000000, 0.927537, -0.341077, 0.152781, 0.289174, 0.913943, 0.284758, -0.236757, -0.219942, 0.946342),
      ["RightLowerArm"] = CFrame.new(-0.012689, -0.111420, -0.003738, 1.000000, -0.000000, 0.000000, -0.000000, 1.000000, -0.000001, -0.000000, 0.000000, 1.000006),
      ["RightLowerLeg"] = CFrame.new(0.000000, 0.101870, -0.144386, 1.000000, 0.000000, 0.000000, -0.000000, -0.472281, 0.881486, 0.000000, -0.881447, -0.472293),
      ["RightUpperArm"] = CFrame.new(-0.140495, -0.283082, -0.550355, 0.694722, 0.098891, -0.712447, -0.571653, 0.677071, -0.463450, 0.436547, 0.729243, 0.526908),
      ["RightUpperLeg"] = CFrame.new(-0.016717, -0.066244, -0.093048, 0.582433, -0.812797, -0.012082, 0.251569, 0.194358, -0.948117, 0.772972, 0.549167, 0.317680),
      ["Torso"] = CFrame.new(0.086934, -0.140582, -1.040042, 0.999774, -0.011560, -0.017844, 0.002299, 0.893139, -0.449774, 0.021136, 0.449631, 0.892964),
      ["UpperTorso"] = CFrame.new(-0.014720, 0.019009, 0.017151, 0.999457, -0.008744, 0.031763, -0.006583, 0.891683, 0.452613, -0.032281, -0.452576, 0.891141)
    }},
    {Time = 0.233, Data = {
      ["Head"] = CFrame.new(-0.003107, 0.068928, 0.157247, 0.999955, 0.003229, -0.008968, -0.005932, 0.947249, -0.320444, 0.007460, 0.320482, 0.947225),
      ["Head.001"] = CFrame.new(0.000000, 0.000000, 0.000000, -0.999955, -0.008968, 0.003229, 0.005932, -0.320444, 0.947249, -0.007460, 0.947225, 0.320482),
      ["Left Arm"] = CFrame.new(0.693597, 0.125066, 0.406578, 0.603431, 0.303842, -0.737262, -0.475744, 0.879169, -0.027056, 0.639960, 0.367071, 0.675065),
      ["Left Arm.001"] = CFrame.new(0.000000, 0.000100, -0.000500, 1.000000, 0.000000, -0.000000, -0.000000, 1.000000, -0.000000, -0.000000, 0.000000, 1.000000),
      ["Left Leg"] = CFrame.new(-0.793483, 0.689349, 0.715203, 0.739354, -0.292526, 0.606489, 0.509502, 0.831928, -0.219820, -0.440261, 0.471512, 0.764101),
      ["Left Leg.001"] = CFrame.new(0.000000, -0.000200, -0.000000, 1.000000, 0.000000, -0.000000, 0.000000, 1.000000, -0.000000, 0.000000, 0.000000, 1.000000),
      ["LeftFoot"] = CFrame.new(0.000000, 0.035532, 0.000001, 0.994031, -0.083453, -0.070267, -0.003788, 0.617333, -0.786693, 0.109034, 0.782237, 0.613311),
      ["LeftHand"] = CFrame.new(0.000491, 0.014517, 0.000000, 0.994120, -0.092495, 0.056304, 0.083423, 0.985708, 0.146355, -0.069035, -0.140797, 0.987624),
      ["LeftLowerArm"] = CFrame.new(0.005547, 0.050273, 0.038157, 1.000000, -0.000000, -0.000000, -0.000000, 0.715502, -0.698614, 0.000000, 0.698611, 0.715506),
      ["LeftLowerLeg"] = CFrame.new(0.000000, 0.112453, -0.145916, 1.000000, -0.000000, -0.000000, 0.000000, -0.515040, 0.857194, -0.000000, -0.857169, -0.515060),
      ["LeftUpperArm"] = CFrame.new(-0.087457, 0.094157, 0.384680, 0.675065, 0.184440, -0.714330, 0.027056, 0.961405, 0.273803, 0.737262, -0.204161, 0.644021),
      ["LeftUpperLeg"] = CFrame.new(-0.000723, -0.097399, -0.061041, 0.742500, 0.644718, 0.181721, -0.083526, 0.358286, -0.929864, -0.664618, 0.675255, 0.319878),
      ["LowerTorso"] = CFrame.new(-0.088513, -0.994951, 0.111237, 0.999442, 0.014561, -0.030047, -0.014651, 0.999889, -0.002767, 0.030004, 0.003206, 0.999545),
      ["Right Arm"] = CFrame.new(0.830907, -0.264605, -0.183674, 0.526910, -0.729243, -0.436547, 0.463453, 0.677071, -0.571653, 0.712451, 0.098891, 0.694723),
      ["Right Arm.001"] = CFrame.new(-0.000000, 0.000000, 0.000000, 1.000000, 0.000000, 0.000000, -0.000000, 1.000000, 0.000000, 0.000000, -0.000000, 1.000000),
      ["Right Leg"] = CFrame.new(0.375387, 0.882144, 0.717287, 0.555323, 0.131422, -0.821190, -0.407086, 0.904004, -0.130602, 0.725236, 0.406818, 0.555509),
      ["Right Leg.001"] = CFrame.new(-0.000000, -0.000000, -0.000000, 1.000000, -0.000000, -0.000000, -0.000000, 1.000000, 0.000000, -0.000000, -0.000000, 1.000000),
      ["RightFoot"] = CFrame.new(-0.000000, 0.020919, -0.000100, 0.948079, 0.243286, 0.204834, -0.060482, 0.770230, -0.634894, -0.312205, 0.589534, 0.744922),
      ["RightHand"] = CFrame.new(-0.000543, -0.065995, -0.000000, 0.927537, -0.341077, 0.152781, 0.289174, 0.913943, 0.284758, -0.236757, -0.219942, 0.946342),
      ["RightLowerArm"] = CFrame.new(-0.012689, -0.111420, -0.003738, 1.000000, -0.000000, 0.000000, -0.000000, 1.000000, -0.000001, -0.000000, 0.000000, 1.000006),
      ["RightLowerLeg"] = CFrame.new(0.000000, 0.101870, -0.144386, 1.000000, 0.000000, 0.000000, -0.000000, -0.472281, 0.881486, 0.000000, -0.881447, -0.472293),
      ["RightUpperArm"] = CFrame.new(-0.140495, -0.283082, -0.550355, 0.694722, 0.098891, -0.712447, -0.571653, 0.677071, -0.463450, 0.436547, 0.729243, 0.526908),
      ["RightUpperLeg"] = CFrame.new(-0.016717, -0.066244, -0.093048, 0.582433, -0.812797, -0.012082, 0.251569, 0.194358, -0.948117, 0.772972, 0.549167, 0.317680),
      ["Torso"] = CFrame.new(0.086934, -0.140582, -1.040042, 0.999774, -0.011560, -0.017844, 0.002299, 0.893139, -0.449774, 0.021136, 0.449631, 0.892964),
      ["UpperTorso"] = CFrame.new(-0.014720, 0.019009, 0.017151, 0.999457, -0.008744, 0.031763, -0.006583, 0.891683, 0.452613, -0.032281, -0.452576, 0.891141)
    }},
    {Time = 0.267, Data = {
      ["Head"] = CFrame.new(-0.003107, 0.068928, 0.157247, 0.999955, 0.003229, -0.008968, -0.005932, 0.947249, -0.320444, 0.007460, 0.320482, 0.947225),
      ["Head.001"] = CFrame.new(0.000000, 0.000000, 0.000000, -0.999955, -0.008968, 0.003229, 0.005932, -0.320444, 0.947249, -0.007460, 0.947225, 0.320482),
      ["Left Arm"] = CFrame.new(0.693597, 0.125066, 0.406578, 0.603431, 0.303842, -0.737262, -0.475744, 0.879169, -0.027056, 0.639960, 0.367071, 0.675065),
      ["Left Arm.001"] = CFrame.new(0.000000, 0.000100, -0.000500, 1.000000, 0.000000, -0.000000, -0.000000, 1.000000, -0.000000, -0.000000, 0.000000, 1.000000),
      ["Left Leg"] = CFrame.new(-0.793483, 0.689349, 0.715203, 0.739354, -0.292526, 0.606489, 0.509502, 0.831928, -0.219820, -0.440261, 0.471512, 0.764101),
      ["Left Leg.001"] = CFrame.new(0.000000, -0.000200, -0.000000, 1.000000, 0.000000, -0.000000, 0.000000, 1.000000, -0.000000, 0.000000, 0.000000, 1.000000),
      ["LeftFoot"] = CFrame.new(0.000000, 0.035532, 0.000001, 0.994031, -0.083453, -0.070267, -0.003788, 0.617333, -0.786693, 0.109034, 0.782237, 0.613311),
      ["LeftHand"] = CFrame.new(0.000491, 0.014517, 0.000000, 0.994120, -0.092495, 0.056304, 0.083423, 0.985708, 0.146355, -0.069035, -0.140797, 0.987624),
      ["LeftLowerArm"] = CFrame.new(0.005547, 0.050273, 0.038157, 1.000000, -0.000000, -0.000000, -0.000000, 0.715502, -0.698614, 0.000000, 0.698611, 0.715506),
      ["LeftLowerLeg"] = CFrame.new(0.000000, 0.112453, -0.145916, 1.000000, -0.000000, -0.000000, 0.000000, -0.515040, 0.857194, -0.000000, -0.857169, -0.515060),
      ["LeftUpperArm"] = CFrame.new(-0.087457, 0.094157, 0.384680, 0.675065, 0.184440, -0.714330, 0.027056, 0.961405, 0.273803, 0.737262, -0.204161, 0.644021),
      ["LeftUpperLeg"] = CFrame.new(-0.000723, -0.097399, -0.061041, 0.742500, 0.644718, 0.181721, -0.083526, 0.358286, -0.929864, -0.664618, 0.675255, 0.319878),
      ["LowerTorso"] = CFrame.new(-0.088513, -0.994951, 0.111237, 0.999442, 0.014561, -0.030047, -0.014651, 0.999889, -0.002767, 0.030004, 0.003206, 0.999545),
      ["Right Arm"] = CFrame.new(0.830907, -0.264605, -0.183674, 0.526910, -0.729243, -0.436547, 0.463453, 0.677071, -0.571653, 0.712451, 0.098891, 0.694723),
      ["Right Arm.001"] = CFrame.new(-0.000000, 0.000000, 0.000000, 1.000000, 0.000000, 0.000000, -0.000000, 1.000000, 0.000000, 0.000000, -0.000000, 1.000000),
      ["Right Leg"] = CFrame.new(0.375387, 0.882144, 0.717287, 0.555323, 0.131422, -0.821190, -0.407086, 0.904004, -0.130602, 0.725236, 0.406818, 0.555509),
      ["Right Leg.001"] = CFrame.new(-0.000000, -0.000000, -0.000000, 1.000000, -0.000000, -0.000000, -0.000000, 1.000000, 0.000000, -0.000000, -0.000000, 1.000000),
      ["RightFoot"] = CFrame.new(-0.000000, 0.020919, -0.000100, 0.948079, 0.243286, 0.204834, -0.060482, 0.770230, -0.634894, -0.312205, 0.589534, 0.744922),
      ["RightHand"] = CFrame.new(-0.000543, -0.065995, -0.000000, 0.927537, -0.341077, 0.152781, 0.289174, 0.913943, 0.284758, -0.236757, -0.219942, 0.946342),
      ["RightLowerArm"] = CFrame.new(-0.012689, -0.111420, -0.003738, 1.000000, -0.000000, 0.000000, -0.000000, 1.000000, -0.000001, -0.000000, 0.000000, 1.000006),
      ["RightLowerLeg"] = CFrame.new(0.000000, 0.101870, -0.144386, 1.000000, 0.000000, 0.000000, -0.000000, -0.472281, 0.881486, 0.000000, -0.881447, -0.472293),
      ["RightUpperArm"] = CFrame.new(-0.140495, -0.283082, -0.550355, 0.694722, 0.098891, -0.712447, -0.571653, 0.677071, -0.463450, 0.436547, 0.729243, 0.526908),
      ["RightUpperLeg"] = CFrame.new(-0.016717, -0.066244, -0.093048, 0.582433, -0.812797, -0.012082, 0.251569, 0.194358, -0.948117, 0.772972, 0.549167, 0.317680),
      ["Torso"] = CFrame.new(0.086934, -0.140582, -1.040042, 0.999774, -0.011560, -0.017844, 0.002299, 0.893139, -0.449774, 0.021136, 0.449631, 0.892964),
      ["UpperTorso"] = CFrame.new(-0.014720, 0.019009, 0.017151, 0.999457, -0.008744, 0.031763, -0.006583, 0.891683, 0.452613, -0.032281, -0.452576, 0.891141)
    }},
    {Time = 0.300, Data = {
      ["Head"] = CFrame.new(-0.003107, 0.068928, 0.157247, 0.999955, 0.003229, -0.008968, -0.005932, 0.947249, -0.320444, 0.007460, 0.320482, 0.947225),
      ["Head.001"] = CFrame.new(0.000000, 0.000000, 0.000000, -0.999955, -0.008968, 0.003229, 0.005932, -0.320444, 0.947249, -0.007460, 0.947225, 0.320482),
      ["Left Arm"] = CFrame.new(0.693597, 0.125066, 0.406578, 0.603431, 0.303842, -0.737262, -0.475744, 0.879169, -0.027056, 0.639960, 0.367071, 0.675065),
      ["Left Arm.001"] = CFrame.new(0.000000, 0.000100, -0.000500, 1.000000, 0.000000, -0.000000, -0.000000, 1.000000, -0.000000, -0.000000, 0.000000, 1.000000),
      ["Left Leg"] = CFrame.new(-0.793483, 0.689349, 0.715203, 0.739354, -0.292526, 0.606489, 0.509502, 0.831928, -0.219820, -0.440261, 0.471512, 0.764101),
      ["Left Leg.001"] = CFrame.new(0.000000, -0.000200, -0.000000, 1.000000, 0.000000, -0.000000, 0.000000, 1.000000, -0.000000, 0.000000, 0.000000, 1.000000),
      ["LeftFoot"] = CFrame.new(0.000000, 0.035532, 0.000001, 0.994031, -0.083453, -0.070267, -0.003788, 0.617333, -0.786693, 0.109034, 0.782237, 0.613311),
      ["LeftHand"] = CFrame.new(0.000491, 0.014517, 0.000000, 0.994120, -0.092495, 0.056304, 0.083423, 0.985708, 0.146355, -0.069035, -0.140797, 0.987624),
      ["LeftLowerArm"] = CFrame.new(0.005547, 0.050273, 0.038157, 1.000000, -0.000000, -0.000000, -0.000000, 0.715502, -0.698614, 0.000000, 0.698611, 0.715506),
      ["LeftLowerLeg"] = CFrame.new(0.000000, 0.112453, -0.145916, 1.000000, -0.000000, -0.000000, 0.000000, -0.515040, 0.857194, -0.000000, -0.857169, -0.515060),
      ["LeftUpperArm"] = CFrame.new(-0.087457, 0.094157, 0.384680, 0.675065, 0.184440, -0.714330, 0.027056, 0.961405, 0.273803, 0.737262, -0.204161, 0.644021),
      ["LeftUpperLeg"] = CFrame.new(-0.000723, -0.097399, -0.061041, 0.742500, 0.644718, 0.181721, -0.083526, 0.358286, -0.929864, -0.664618, 0.675255, 0.319878),
      ["LowerTorso"] = CFrame.new(-0.088513, -0.994951, 0.111237, 0.999442, 0.014561, -0.030047, -0.014651, 0.999889, -0.002767, 0.030004, 0.003206, 0.999545),
      ["Right Arm"] = CFrame.new(0.830907, -0.264605, -0.183674, 0.526910, -0.729243, -0.436547, 0.463453, 0.677071, -0.571653, 0.712451, 0.098891, 0.694723),
      ["Right Arm.001"] = CFrame.new(-0.000000, 0.000000, 0.000000, 1.000000, 0.000000, 0.000000, -0.000000, 1.000000, 0.000000, 0.000000, -0.000000, 1.000000),
      ["Right Leg"] = CFrame.new(0.375387, 0.882144, 0.717287, 0.555323, 0.131422, -0.821190, -0.407086, 0.904004, -0.130602, 0.725236, 0.406818, 0.555509),
      ["Right Leg.001"] = CFrame.new(-0.000000, -0.000000, -0.000000, 1.000000, -0.000000, -0.000000, -0.000000, 1.000000, 0.000000, -0.000000, -0.000000, 1.000000),
      ["RightFoot"] = CFrame.new(-0.000000, 0.020919, -0.000100, 0.948079, 0.243286, 0.204834, -0.060482, 0.770230, -0.634894, -0.312205, 0.589534, 0.744922),
      ["RightHand"] = CFrame.new(-0.000543, -0.065995, -0.000000, 0.927537, -0.341077, 0.152781, 0.289174, 0.913943, 0.284758, -0.236757, -0.219942, 0.946342),
      ["RightLowerArm"] = CFrame.new(-0.012689, -0.111420, -0.003738, 1.000000, -0.000000, 0.000000, -0.000000, 1.000000, -0.000001, -0.000000, 0.000000, 1.000006),
      ["RightLowerLeg"] = CFrame.new(0.000000, 0.101870, -0.144386, 1.000000, 0.000000, 0.000000, -0.000000, -0.472281, 0.881486, 0.000000, -0.881447, -0.472293),
      ["RightUpperArm"] = CFrame.new(-0.140495, -0.283082, -0.550355, 0.694722, 0.098891, -0.712447, -0.571653, 0.677071, -0.463450, 0.436547, 0.729243, 0.526908),
