return {
    ["Kindness Funk"] = {
        {Time = 0.000, Data = {
            ["LeftFoot"] = CFrame.new(-2.0489096641540527e-08, 5.960464477539063e-08, 7.450580596923828e-09, 0.9898698925971985, -0.14073820412158966, -0.018723025918006897, 0.13108080625534058, 0.956579327583313, -0.2603340148925781, 0.0545489527285099, 0.25524261593818665, 0.9653371572494507),
            ["LeftLowerArm"] = CFrame.new(-4.172325134277344e-07, 5.960464477539063e-08, 2.980232238769531e-07, 1, -4.4703469370688254e-08, 4.470347292340193e-08, 9.685753354915505e-08, 0.9886146783828735, -0.15046921372413635, 5.960463766996327e-08, 0.15046927332878113, 0.9886146783828735),
            ["LowerTorso"] = CFrame.new(-0.017707884311676025, -0.08732879161834717, 0.12636330723762512, 0.9855893850326538, 0.06217897683382034, 0.15731337666511536, -0.06063581630587578, 0.998053252696991, -0.014594610780477524, -0.15791460871696472, 0.004845471121370792, 0.9874408841133118),
            ["Head"] = CFrame.new(-7.450580596923828e-09, 2.384185791015625e-07, 1.4901161193847656e-08, 0.9965829849243164, -0.015547405928373337, -0.08112197369337082, 0.031884465366601944, 0.9784134030342102, 0.20418304204940796, 0.07619630545377731, -0.20607179403305054, 0.9755657911300659),
            ["RightUpperArm"] = CFrame.new(1.1920928955078125e-07, 3.5762786865234375e-07, 2.3283064365386963e-08, 0.3806878924369812, -0.9215579628944397, 0.07620824873447418, 0.4708247482776642, 0.12224173545837402, -0.8737167716026306, 0.7958648800849915, 0.3684941828250885, 0.4804283678531647),
            ["UpperTorso"] = CFrame.new(-1.1641532182693481e-08, -5.960464477539063e-08, 1.0244548320770264e-08, 0.9943857192993164, 0.03919687867164612, 0.09828854352235794, -0.029558558017015457, 0.9947800040245056, -0.09766814857721329, -0.10160378366708755, 0.0942145586013794, 0.9903536438941956),
            ["HumanoidRootPart"] = CFrame.new(0, 0, 0, 1, 0, 0, 0, 1, 0, 0, 0, 1),
            ["RightHand"] = CFrame.new(0, -1.7881393432617188e-07, -4.470348358154297e-08, 0.7207742929458618, -0.4041430950164795, -0.5631636381149292, 0.30404406785964966, 0.9144479036331177, -0.2670990228652954, 0.6229299306869507, 0.021291648969054222, 0.7819878458976746),
            ["LeftUpperArm"] = CFrame.new(-1.1920928955078125e-07, 0, 1.4901161193847656e-08, 0.869768500328064, 0.4370531141757965, 0.22910109162330627, -0.4886001944541931, 0.6977613568305969, 0.5238311290740967, 0.06908415257930756, -0.5675505995750427, 0.820435106754303),
            ["RightLowerArm"] = CFrame.new(5.960464477539063e-08, -1.7881393432617188e-07, 8.568167686462402e-08, 1, -5.587933316064664e-08, 1.192092469182171e-07, 1.4901158351676713e-07, 0.20231884717941284, -0.9793197512626648, 1.3411042232291948e-07, 0.97931969165802, 0.2023187279701233),
            ["LeftHand"] = CFrame.new(3.8743019104003906e-07, 2.384185791015625e-07, 0, 0.8804068565368652, 0.42559126019477844, -0.20918020606040955, -0.4621466398239136, 0.8689088821411133, -0.1772504448890686, 0.10632220655679703, 0.25272423028945923, 0.961678683757782),
            ["RightUpperLeg"] = CFrame.new(-8.940696716308594e-08, -5.0829839892685413e-08, -1.6952981241047382e-09, 0.9507870674133301, -0.23991750180721283, -0.19607064127922058, 0.2269091159105301, 0.9700531959533691, -0.08665558695793152, 0.21098922193050385, 0.0379006490111351, 0.9767533540725708),
            ["LeftUpperLeg"] = CFrame.new(0, -1.5133991837501526e-09, 3.725290298461914e-09, 0.993287205696106, 0.06555214524269104, -0.095307357609272, -0.07666818797588348, 0.9900394678115845, -0.11808465421199799, 0.08661734312772751, 0.12459900975227356, 0.988419234752655),
            ["RightLowerLeg"] = CFrame.new(3.899913281202316e-08, 5.960464477539063e-08, 1.287116901949048e-08, 1, -7.450581307466564e-08, -2.980232949312267e-08, 9.546054968723183e-08, 0.8623555302619934, 0.5063031315803528, -2.2351738238057806e-08, -0.5063033103942871, 0.862355649471283),
            ["RightFoot"] = CFrame.new(-5.029141902923584e-08, 2.384185791015625e-07, -3.55576048605144e-08, 0.9861639142036438, 0.16572357714176178, 0.004063728265464306, -0.14812710881233215, 0.8919298052787781, -0.4272228181362152, -0.07442553341388702, 0.420710027217865, 0.9041372537612915),
            ["LeftLowerLeg"] = CFrame.new(1.1082738637924194e-07, -1.7881393432617188e-07, -4.0978193283081055e-08, 1, 2.0489096641540527e-08, 7.450582373280668e-09, -4.936009645462036e-08, 0.9253315925598145, 0.3791590929031372, 1.30385160446167e-08, -0.37915903329849243, 0.9253315925598145),
        }},
        {Time = 0.033, Data = {
            ["LeftFoot"] = CFrame.new(-3.725290298461914e-08, -5.960464477539063e-08, -2.2351741790771484e-08, 0.992182731628418, -0.12478908896446228, -0.0010711748618632555, 0.12039555609226227, 0.9594379663467407, -0.25491955876350403, 0.0328388549387455, 0.2527976334095001, 0.9669617414474487),
            ["LeftLowerArm"] = CFrame.new(-4.172325134277344e-07, -3.5762786865234375e-07, 2.384185791015625e-07, 1, -1.1175873559921001e-08, 3.725289943190546e-08, 6.70552182668871e-08, 0.9612991213798523, -0.2755066156387329, 2.9802318834981634e-08, 0.27550679445266724, 0.9612992405891418),
            ["LowerTorso"] = CFrame.new(-0.051092907786369324, -0.1013941764831543, 0.12211469560861588, 0.9650828242301941, 0.08311167359352112, 0.24841047823429108, -0.08829284459352493, 0.9960466623306274, 0.009769297204911709, -0.24661651253700256, -0.03136104717850685, 0.9686055779457092),
            ["Head"] = CFrame.new(0, -2.384185791015625e-07, -5.587935447692871e-09, 0.9945104718208313, -0.062053047120571136, -0.08425239473581314, 0.07475616037845612, 0.9847427010536194, 0.15714116394519806, 0.07321585714817047, -0.162576824426651, 0.9839757680892944),
            ["RightUpperArm"] = CFrame.new(-5.960464477539063e-08, 0, -5.960464477539063e-08, 0.1024164929986, -0.9859753847122192, -0.1317700445652008, 0.6516121625900269, 0.16658653318881989, -0.7400341033935547, 0.7516067028045654, -0.01007136795669794, 0.6595348119735718),
            ["UpperTorso"] = CFrame.new(1.1175870895385742e-08, 0, -7.450580596923828e-09, 0.9963718056678772, -0.05173139646649361, 0.06758055835962296, 0.05939241126179695, 0.9913815855979919, -0.1167696937918663, -0.060957495123147964, 0.12035980075597763, 0.9908570647239685),
            ["HumanoidRootPart"] = CFrame.new(0, 0, 0, 1, 0, 0, 0, 1, 0, 0, 0, 1),
            ["RightHand"] = CFrame.new(-5.960464477539063e-08, 3.5762786865234375e-07, -1.7136335372924805e-07, 0.7957654595375061, -0.3212631046772003, -0.5133687257766724, 0.2218448966741562, 0.9434097409248352, -0.24650166928768158, 0.5635088682174683, 0.08226913213729858, 0.8220033645629883),
            ["LeftUpperArm"] = CFrame.new(-1.1920928955078125e-07, -2.384185791015625e-07, -2.9802322387695312e-08, 0.7547538876533508, 0.6230905055999756, 0.20519493520259857, -0.6453551650047302, 0.6490980982780457, 0.40272608399391174, 0.11774323880672455, -0.4363826811313629, 0.892024040222168),
            ["RightLowerArm"] = CFrame.new(-2.682209014892578e-07, -1.7881393432617188e-07, 4.842877388000488e-08, 1, -4.470347292340193e-08, 7.823108916227284e-08, 9.685752644372769e-08, 0.36194196343421936, -0.9322006106376648, 3.818421490109358e-08, 0.9322006106376648, 0.3619420528411865),
            ["LeftHand"] = CFrame.new(7.450580596923828e-08, 0, 8.940696716308594e-08, 0.9121549129486084, 0.377431720495224, -0.15974587202072144, -0.40732303261756897, 0.878023087978363, -0.2513238489627838, 0.045402854681015015, 0.29431426525115967, 0.9546295404434204),
            ["RightUpperLeg"] = CFrame.new(5.960464477539063e-08, 2.7368878363631666e-07, -2.4047039914876223e-08, 0.9498006701469421, -0.26215988397598267, -0.17073629796504974, 0.2511118948459625, 0.9643269181251526, -0.08376443386077881, 0.1866053193807602, 0.03668553754687309, 0.9817498326301575),
            ["LeftUpperLeg"] = CFrame.new(0, 1.3131648302078247e-07, -5.587935447692871e-09, 0.9805878400802612, -0.0009185222443193197, -0.19607847929000854, -0.03753587231040001, 0.98061603307724, -0.1923101842403412, 0.19245439767837524, 0.19593705236911774, 0.9615457057952881),
            ["RightLowerLeg"] = CFrame.new(-2.514570951461792e-08, 4.172325134277344e-07, 1.6952981241047382e-09, 1, -5.401672353855247e-08, -1.862645326866641e-08, 8.335337042808533e-08, 0.8419410586357117, 0.5395691394805908, -1.6763806343078613e-08, -0.5395694971084595, 0.8419413566589355),
            ["RightFoot"] = CFrame.new(5.21540641784668e-08, 2.980232238769531e-07, -3.183231456205249e-08, 0.9788667559623718, 0.1680860072374344, -0.11647772043943405, -0.20335553586483002, 0.8602218627929688, -0.4676160216331482, 0.021596884354948997, 0.48142027854919434, 0.8762238621711731),
            ["LeftLowerLeg"] = CFrame.new(-8.847564458847046e-09, 0, 5.587935447692871e-09, 1, 2.5145714843688438e-08, 1.862645371275562e-09, -3.073364496231079e-08, 0.9113433957099915, 0.4116470515727997, 5.587935447692871e-09, -0.4116470217704773, 0.9113434553146362),
        }},
        {Time = 0.067, Data = {
            ["LeftFoot"] = CFrame.new(-9.685754776000977e-08, 5.960464477539063e-08, -1.862645149230957e-08, 0.9930493235588074, -0.11769799888134003, -0.0006223912350833416, 0.11484740674495697, 0.970127522945404, -0.21368825435638428, 0.025754431262612343, 0.21213169395923615, 0.9769017696380615),
            ["LeftLowerArm"] = CFrame.new(-8.940696716308594e-08, -5.960464477539063e-08, 0, 1, -6.286426668111744e-08, -2.2351738238057806e-08, 8.568166975919667e-08, 0.9273710250854492, -0.37414300441741943, -2.2351738238057806e-08, 0.37414318323135376, 0.9273710250854492),
            ["LowerTorso"] = CFrame.new(-0.06990517675876617, -0.10102808475494385, 0.12999826669692993, 0.9415346384048462, 0.10045604407787323, 0.32159173488616943, -0.10693008452653885, 0.9942635297775269, 0.00248325546272099, -0.3194974958896637, -0.03672590106725693, 0.9468752145767212),
            ["Head"] = CFrame.new(0, 1.1920928955078125e-07, 2.60770320892334e-08, 0.996600329875946, -0.04541219770908356, -0.06874330341815948, 0.05619356036186218, 0.9848476052284241, 0.16406571865081787, 0.060251086950302124, -0.1673707813024521, 0.9840512871742249),
            ["RightUpperArm"] = CFrame.new(0, 0, 0, 0.11212018877267838, -0.9077194333076477, -0.4043198823928833, 0.8157256841659546, 0.31643614172935486, -0.48421043157577515, 0.5674687623977661, -0.27552440762519836, 0.7759289145469666),
            ["UpperTorso"] = CFrame.new(7.450580596923828e-09, -1.1920928955078125e-07, -3.073364496231079e-08, 0.9883177280426025, -0.1484016478061676, 0.03471333906054497, 0.1509210616350174, 0.9846882224082947, -0.08724755793809891, -0.021234063431620598, 0.09146727621555328, 0.9955817461013794),
            ["HumanoidRootPart"] = CFrame.new(0, 0, 0, 1, 0, 0, 0, 1, 0, 0, 0, 1),
            ["RightHand"] = CFrame.new(-2.9802322387695312e-08, -1.1920928955078125e-07, -1.9371509552001953e-07, 0.8385134935379028, -0.21935243904590607, -0.49877846240997314, 0.12160347402095795, 0.9676368236541748, -0.22111493349075317, 0.5311381816864014, 0.12475448846817017, 0.8380502462387085),
            ["LeftUpperArm"] = CFrame.new(0, 3.5762786865234375e-07, 5.960464477539063e-08, 0.6657159924507141, 0.7457566261291504, 0.025875817984342575, -0.730161190032959, 0.6438585519790649, 0.22871530055999756, 0.15390561521053314, -0.1711529642343521, 0.9731494188308716),
            ["RightLowerArm"] = CFrame.new(-2.9802322387695312e-08, -2.384185791015625e-07, -2.2351741790771484e-07, 1, -1.4901159417490817e-08, 4.470347647611561e-08, 8.568167686462402e-08, 0.5261518955230713, -0.8503903746604919, -8.009374141693115e-08, 0.8503905534744263, 0.5261522531509399),
            ["LeftHand"] = CFrame.new(-4.172325134277344e-07, 1.7881393432617188e-07, 1.4901161193847656e-08, 0.9591249227523804, 0.21037228405475616, -0.18926934897899628, -0.25845733284950256, 0.9235876202583313, -0.2831709086894989, 0.11523552238941193, 0.3205142915248871, 0.9402081370353699),
            ["RightUpperLeg"] = CFrame.new(0, -1.698499545454979e-07, -1.892476575449109e-08, 0.9604192972183228, -0.26332512497901917, -0.09085579216480255, 0.25596439838409424, 0.9629335403442383, -0.08509551733732224, 0.10989605635404587, 0.05847134068608284, 0.9922217130661011),
            ["LeftUpperLeg"] = CFrame.new(-1.1920928955078125e-07, -4.936009645462036e-08, -4.1443854570388794e-08, 0.9633081555366516, -0.041671618819236755, -0.26514309644699097, -0.013693297281861305, 0.9789565205574036, -0.2036091387271881, 0.26804840564727783, 0.19976899027824402, 0.942466139793396),
            ["RightLowerLeg"] = CFrame.new(-5.587935447692871e-08, 1.7881393432617188e-07, -1.3205863069742918e-08, 1, -1.1920928955078125e-07, -5.2154096152889906e-08, 8.754434333013705e-08, 0.7844697833061218, 0.620167076587677, -5.0291429687376876e-08, -0.620167076587677, 0.7844698429107666),
            ["RightFoot"] = CFrame.new(-4.470348358154297e-08, 4.172325134277344e-07, -1.3205863069742918e-08, 0.9519259929656982, 0.17557168006896973, -0.25102144479751587, -0.27218443155288696, 0.8607479333877563, -0.4301489591598511, 0.14054419100284576, 0.4777945578098297, 0.867156445980072),
            ["LeftLowerLeg"] = CFrame.new(-2.3283064365386963e-08, 0, 2.421438694000244e-08, 1, 3.352760913344355e-08, 1.4901171851988693e-08, -3.259629011154175e-08, 0.9253479838371277, 0.37911924719810486, 5.587935447692871e-09, -0.3791189193725586, 0.9253478646278381),
        }},
        {Time = 0.100, Data = {
            ["LeftFoot"] = CFrame.new(3.725290298461914e-09, -5.960464477539063e-08, 3.725290298461914e-08, 0.9931349754333496, -0.11696871370077133, 0.0010997034842148423, 0.11466188728809357, 0.9716017842292786, -0.20698487758636475, 0.02314228005707264, 0.2056899517774582, 0.9783435463905334),
            ["LeftLowerArm"] = CFrame.new(5.066394805908203e-07, -5.960464477539063e-08, -7.450580596923828e-09, 1, -1.6763806343078613e-08, 2.2351741790771484e-08, 1.862645149230957e-08, 0.8625630140304565, -0.5059496164321899, 1.955777406692505e-08, 0.5059496164321899, 0.8625630140304565),
            ["LowerTorso"] = CFrame.new(-0.06499135494232178, -0.08320033550262451, 0.14727357029914856, 0.9465886354446411, 0.0786648541688919, 0.3127008378505707, -0.07068415731191635, 0.9968199729919434, -0.03679512441158295, -0.3146008849143982, 0.012726856395602226, 0.9491387009620667),
            ["Head"] = CFrame.new(-7.450580596923828e-09, 0, 1.862645149230957e-09, 0.9997910261154175, -0.013590851798653603, 0.015273986384272575, 0.010166306048631668, 0.9786382913589478, 0.20533867180347443, -0.01773834601044655, -0.2051403522491455, 0.9785718321800232),
            ["RightUpperArm"] = CFrame.new(0, -3.5762786865234375e-07, -2.0489096641540527e-08, 0.39054837822914124, -0.793283998966217, -0.4670894742012024, 0.8245784640312195, 0.5270453095436096, -0.20565412938594818, 0.4093194007873535, -0.3048339784145355, 0.8599615097045898),
            ["UpperTorso"] = CFrame.new(0, 1.7881393432617188e-07, -1.862645149230957e-09, 0.9825543761253357, -0.18597306311130524, -0.0009933582041412592, 0.18595454096794128, 0.9825090169906616, -0.009847542271018028, 0.0028073727153241634, 0.00949101522564888, 0.9999510645866394),
            ["HumanoidRootPart"] = CFrame.new(0, 0, 0, 1, 0, 0, 0, 1, 0, 0, 0, 1),
            ["RightHand"] = CFrame.new(-2.4586915969848633e-07, 3.5762786865234375e-07, 0, 0.8593132495880127, -0.2126820683479309, -0.4651312232017517, 0.12879249453544617, 0.9701144099235535, -0.20564693212509155, 0.4949679374694824, 0.11680988222360611, 0.861024022102356),
            ["LeftUpperArm"] = CFrame.new(-1.1920928955078125e-07, -3.5762786865234375e-07, 2.0489096641540527e-08, 0.6359963417053223, 0.7429344654083252, -0.20870324969291687, -0.745208203792572, 0.6615262031555176, 0.08395145833492279, 0.20043304562568665, 0.10213447362184525, 0.9743691086769104),
            ["RightLowerArm"] = CFrame.new(-3.2782554626464844e-07, -4.172325134277344e-07, 2.0116567611694336e-07, 1, -3.725289943190546e-08, 8.940696716308594e-08, 9.755602548011666e-08, 0.7605265378952026, -0.6493067145347595, 7.4505797087454084e-09, 0.6493068337440491, 0.7605266571044922),
            ["LeftHand"] = CFrame.new(1.6577541828155518e-07, 1.1920928955078125e-07, -1.4901161193847656e-08, 0.9764388799667358, 0.07019873708486557, -0.20405739545822144, -0.13404810428619385, 0.9383533000946045, -0.3186286687850952, 0.16911064088344574, 0.3384750783443451, 0.9256546497344971),
            ["RightUpperLeg"] = CFrame.new(0, 2.6293855626136065e-07, 2.2519088815897703e-08, 0.9774156808853149, -0.21058298647403717, -0.017704658210277557, 0.20776227116584778, 0.9728755354881287, -0.10172529518604279, 0.03864608332514763, 0.09574940800666809, 0.9946550130844116),
            ["LeftUpperLeg"] = CFrame.new(5.960464477539063e-08, 4.724133759737015e-07, -3.725290298461914e-08, 0.9636358618736267, -0.007355130277574062, -0.2671176493167877, -0.03872879222035408, 0.9852223992347717, -0.16684365272521973, 0.2643974721431732, 0.17112167179584503, 0.9491109251976013),
            ["RightLowerLeg"] = CFrame.new(5.960464477539063e-08, 2.384185791015625e-07, -5.790934665128589e-08, 1, -1.0430815677864302e-07, -5.960465898624534e-08, 8.195639367158947e-08, 0.7297924160957336, 0.6836684346199036, -9.313227167240257e-08, -0.6836689114570618, 0.7297927737236023),
            ["RightFoot"] = CFrame.new(1.4901161193847656e-08, 2.384185791015625e-07, -5.790934665128589e-08, 0.9244181513786316, 0.21857209503650665, -0.31253400444984436, -0.31225112080574036, 0.9042780995368958, -0.29117023944854736, 0.21897593140602112, 0.3667524456977844, 0.9041805267333984),
            ["LeftLowerLeg"] = CFrame.new(-9.313225746154785e-10, -5.960464477539063e-08, 3.725290298461914e-09, 1, 2.7008363545633074e-08, 5.587936335871291e-09, -3.4458935260772705e-08, 0.9236654043197632, 0.38320019841194153, 3.725290298461914e-09, -0.3832002878189087, 0.9236653447151184),
        }},
        {Time = 0.133, Data = {
            ["LeftFoot"] = CFrame.new(5.587935447692871e-09, 5.960464477539063e-08, -3.725290298461914e-09, 0.9923537373542786, -0.12318407744169235, 0.007735313847661018, 0.12086225301027298, 0.9571160674095154, -0.26328906416893005, 0.025029368698596954, 0.26221078634262085, 0.9646859765052795),
            ["LeftLowerArm"] = CFrame.new(5.960464477539063e-08, 1.7881393432617188e-07, -7.450580596923828e-08, 1, -1.2665982751514093e-07, 1.4901159417490817e-08, 1.1920931797249068e-07, 0.7492682933807373, -0.6622666716575623, 2.6077039194660756e-08, 0.6622666716575623, 0.7492683529853821),
            ["LowerTorso"] = CFrame.new(-0.04181493818759918, -0.07411718368530273, 0.17949187755584717, 0.9729404449462891, 0.02147669345140457, 0.2300557643175125, -0.006398760247975588, 0.9977933764457703, -0.06608697772026062, -0.2309674620628357, 0.06282661855220795, 0.9709309339523315),
            ["Head"] = CFrame.new(5.21540641784668e-08, 2.384185791015625e-07, 1.0244548320770264e-08, 0.9890304803848267, -0.024417806416749954, 0.14567987620830536, -0.010219024494290352, 0.9725683927536011, 0.2323928028345108, -0.14735819399356842, -0.23133210837841034, 0.9616501331329346),
            ["RightUpperArm"] = CFrame.new(-1.1920928955078125e-07, 3.5762786865234375e-07, -1.5832483768463135e-08, 0.6787808537483215, -0.6752697825431824, -0.28856053948402405, 0.6986484527587891, 0.7148594856262207, -0.029435427859425545, 0.226157084107399, -0.18162205815315247, 0.9570091366767883),
            ["UpperTorso"] = CFrame.new(-9.313225746154785e-10, 2.682209014892578e-07, 2.0954757928848267e-08, 0.9820722937583923, -0.18606795370578766, -0.030212722718715668, 0.18763555586338043, 0.9802807569503784, 0.06198806315660477, 0.018082939088344574, -0.06654572486877441, 0.9976195096969604),
            ["HumanoidRootPart"] = CFrame.new(0, 0, 0, 1, 0, 0, 0, 1, 0, 0, 0, 1),
            ["RightHand"] = CFrame.new(-1.695007085800171e-07, 0, -1.6391277313232422e-07, 0.9310523271560669, -0.14529310166835785, -0.3347115218639374, 0.0888434574007988, 0.979965329170227, -0.17825523018836975, 0.35390469431877136, 0.13622792065143585, 0.9253072142601013),
            ["LeftUpperArm"] = CFrame.new(4.172325134277344e-07, 2.384185791015625e-07, 7.916241884231567e-08, 0.5777650475502014, 0.6788130402565002, -0.4532110095024109, -0.7649489641189575, 0.6440038681030273, -0.010596796870231628, 0.2846764624118805, 0.35280582308769226, 0.8913402557373047),
            ["RightLowerArm"] = CFrame.new(-2.980232238769531e-07, 5.364418029785156e-07, -1.4901161193847656e-08, 1, -1.043080928297968e-07, -7.4505797087454084e-09, 3.3760452211595293e-09, 0.9516041278839111, -0.30732637643814087, 3.725291186640334e-09, 0.30732643604278564, 0.9516041278839111),
            ["LeftHand"] = CFrame.new(-7.450580596923828e-09, 1.1920928955078125e-07, 2.9802322387695312e-08, 0.9846341013908386, 0.022224700078368187, -0.1732104867696762, -0.0805465430021286, 0.937859058380127, -0.3375391662120819, 0.15494506061077118, 0.3463040888309479, 0.9252381324768066),
            ["RightUpperLeg"] = CFrame.new(-5.960464477539063e-08, 7.916241884231567e-08, -2.4047039914876223e-08, 0.9925065040588379, -0.10988013446331024, 0.05345289781689644, 0.12151976674795151, 0.9334134459495544, -0.3375977575778961, -0.012798365205526352, 0.34156346321105957, 0.9397715330123901),
            ["LeftUpperLeg"] = CFrame.new(0, 2.1141022443771362e-07, 6.705522537231445e-08, 0.9760354161262512, 0.06848973780870438, -0.2065526247024536, -0.10504178702831268, 0.9795590043067932, -0.17155319452285767, 0.19058091938495636, 0.18913866579532623, 0.9632785320281982),
            ["RightLowerLeg"] = CFrame.new(-7.450580596923828e-09, 1.7881393432617188e-07, -1.3205863069742918e-08, 1, -1.341104365337742e-07, -8.940700979565008e-08, 1.3131648302078247e-07, 0.5010434985160828, 0.8654220104217529, -8.568167686462402e-08, -0.8654221296310425, 0.5010437965393066),
            ["RightFoot"] = CFrame.new(-2.2351741790771484e-08, 3.5762786865234375e-07, -1.3205863069742918e-08, 0.9734448194503784, 0.15460039675235748, -0.1688317060470581, -0.18700732290744781, 0.9624120593070984, -0.19695445895195007, 0.1320364624261856, 0.2232976108789444, 0.965766429901123),
            ["LeftLowerLeg"] = CFrame.new(1.0384246706962585e-07, -5.960464477539063e-08, -5.587935447692871e-09, 1, 4.5634816814299484e-08, 2.2351748896198842e-08, -4.190951585769653e-08, 0.8752008080482483, 0.48376014828681946, 9.313225746154785e-09, -0.4837600588798523, 0.8752006888389587),
        }},
        {Time = 0.167, Data = {
            ["LeftFoot"] = CFrame.new(3.725290298461914e-08, 0, -2.9802322387695312e-08, 0.9903644323348999, -0.13846276700496674, 0.002542289672419429, 0.130769744515419, 0.928981602191925, -0.3462548851966858, 0.04558168724179268, 0.34325113892555237, 0.9381370544433594),
            ["LeftLowerArm"] = CFrame.new(-2.384185791015625e-07, -2.980232238769531e-07, -2.2351741790771484e-07, 1, -4.4703494239684005e-08, -4.284084909045305e-08, 7.450581307466564e-08, 0.6259838938713074, -0.7798360586166382, 1.4901162970204496e-08, 0.779836118221283, 0.6259838938713074),
            ["LowerTorso"] = CFrame.new(-0.01595941185951233, -0.09473776817321777, 0.2227284461259842, 0.989234209060669, -0.04082883149385452, 0.1405307501554489, 0.05093737319111824, 0.9963083863258362, -0.06910146027803421, -0.13719063997268677, 0.07551579177379608, 0.9876619577407837),
            ["Head"] = CFrame.new(-4.0978193283081055e-08, -2.384185791015625e-07, -1.4901161193847656e-08, 0.9674757122993469, -0.05965542048215866, 0.24582943320274353, 0.010511924512684345, 0.9804370403289795, 0.1965523362159729, -0.2527455687522888, -0.1875753402709961, 0.9491760730743408),
            ["RightUpperArm"] = CFrame.new(1.1920928955078125e-07, 0, 1.862645149230957e-08, 0.8602479696273804, -0.5065926313400269, -0.0577707439661026, 0.5094921588897705, 0.8584601283073425, 0.05885486304759979, 0.01977849192917347, -0.08006353676319122, 0.9965935945510864),
            ["UpperTorso"] = CFrame.new(0, 2.086162567138672e-07, 2.421438694000244e-08, 0.980751633644104, -0.18809233605861664, -0.052416738122701645, 0.19293248653411865, 0.9748139381408691, 0.11186972260475159, 0.030054708942770958, -0.11982930451631546, 0.9923394918441772),
            ["HumanoidRootPart"] = CFrame.new(0, 0, 0, 1, 0, 0, 0, 1, 0, 0, 0, 1),
            ["RightHand"] = CFrame.new(1.30385160446167e-08, 1.7881393432617188e-07, -1.1175870895385742e-08, 0.9721386432647705, -0.03068980574607849, -0.2323891669511795, -0.006230747792869806, 0.9876587986946106, -0.1564970165491104, 0.23432403802871704, 0.153584823012352, 0.9599499702453613),
            ["LeftUpperArm"] = CFrame.new(-1.1920928955078125e-07, -1.1920928955078125e-07, -7.450580596923828e-09, 0.46586552262306213, 0.5269652009010315, -0.7108286023139954, -0.8156182169914246, 0.5672441124916077, -0.114022396504879, 0.34312739968299866, 0.6328836679458618, 0.694061815738678),
            ["RightLowerArm"] = CFrame.new(5.960464477539062e-07, 5.960464477539063e-08, -2.421438694000244e-08, 1, -6.984919309616089e-10, -1.862645593320167e-09, 2.537854371098547e-08, 0.9999867677688599, -0.005155462305992842, -9.31322685637781e-10, 0.005155469290912151, 0.9999867677688599),
            ["LeftHand"] = CFrame.new(8.940696716308594e-08, 0, 1.6205012798309326e-07, 0.9886146783828735, 0.10240403562784195, -0.11024722456932068, -0.13305221498012543, 0.9371145367622375, -0.3226660490036011, 0.07027202844619751, 0.33366116881370544, 0.9400702714920044),
            ["RightUpperLeg"] = CFrame.new(0, 6.332993507385254e-08, 2.0656443666666746e-08, 0.9978769421577454, 0.015643127262592316, 0.06322101503610611, 0.02980552613735199, 0.7534143328666687, -0.6568703055381775, -0.057907167822122574, 0.6573600769042969, 0.7513484358787537),
            ["LeftUpperLeg"] = CFrame.new(-5.960464477539063e-08, -6.51925802230835e-08, 7.450580596923828e-09, 0.9783807992935181, 0.14990168809890747, -0.14248044788837433, -0.18214942514896393, 0.9508533477783203, -0.2503989040851593, 0.0979427918791771, 0.2709381580352783, 0.9576010704040527),
            ["RightLowerLeg"] = CFrame.new(-3.725290298461914e-08, 1.7881393432617188e-07, 1.1345400707796216e-07, 1, -1.1920927533992653e-07, -1.5646226358967397e-07, 1.4901161193847656e-07, 0.13197344541549683, 0.9912531971931458, -1.1175870895385742e-07, -0.9912532567977905, 0.13197380304336548),
            ["RightFoot"] = CFrame.new(3.91155481338501e-08, 3.5762786865234375e-07, 1.6952981241047382e-09, 0.9895827174186707, 0.043330661952495575, -0.13729004561901093, -0.053316958248615265, 0.9961270689964294, -0.06991514563560486, 0.13372889161109924, 0.07650703191757202, 0.988060474395752),
            ["LeftLowerLeg"] = CFrame.new(-1.0069925338029861e-07, -1.1920928955078125e-07, -2.514570951461792e-08, 1, 5.401671643312511e-08, 1.117587622445626e-08, -4.6566128730773926e-08, 0.7737782001495361, 0.6334569454193115, 2.3050233721733093e-08, -0.6334567070007324, 0.7737779021263123),
        }},
        {Time = 0.200, Data = {
            ["LeftFoot"] = CFrame.new(-2.421438694000244e-08, 0, -5.21540641784668e-08, 0.9884021878242493, -0.1504669040441513, -0.020517848432064056, 0.12929563224315643, 0.9046899676322937, -0.40597859025001526, 0.07964865118265152, 0.39861732721328735, 0.9136523008346558),
            ["LeftLowerArm"] = CFrame.new(3.2782554626464844e-07, 3.5762786865234375e-07, -2.9802322387695312e-08, 1, -8.940694584680386e-08, 1.043081283569336e-07, 8.940698137394065e-08, 0.4809552729129791, -0.8767449855804443, 5.960465188081798e-08, 0.8767451047897339, 0.4809555411338806),
            ["LowerTorso"] = CFrame.new(-0.005607940256595612, -0.13732385635375977, 0.2597324252128601, 0.9935809969902039, -0.06285154074430466, 0.09405562281608582, 0.06964115798473358, 0.9950612187385559, -0.07073487341403961, -0.08914529532194138, 0.07683095335960388, 0.9930509328842163),
            ["Head"] = CFrame.new(4.284083843231201e-08, -1.1920928955078125e-07, -2.537854015827179e-08, 0.9502918124198914, -0.097618967294693, 0.2956622838973999, 0.05992384999990463, 0.9891689419746399, 0.1339925080537796, -0.3055400848388672, -0.10961468517780304, 0.945848822593689),
            ["RightUpperArm"] = CFrame.new(2.384185791015625e-07, 1.1920928955078125e-07, 5.617039278149605e-09, 0.9485988020896912, -0.3159264922142029, 0.018730420619249344, 0.31014999747276306, 0.9397714734077454, 0.14365428686141968, -0.06298650056123734, -0.13046106696128845, 0.9894506931304932),
            ["UpperTorso"] = CFrame.new(3.725290298461914e-09, -1.4901161193847656e-07, -1.280568540096283e-08, 0.9741404056549072, -0.21040880680084229, -0.08233338594436646, 0.2213449776172638, 0.9618443250656128, 0.16081655025482178, 0.04535466805100441, -0.1748819649219513, 0.9835442900657654),
            ["HumanoidRootPart"] = CFrame.new(0, 0, 0, 1, 0, 0, 0, 1, 0, 0, 0, 1),
            ["RightHand"] = CFrame.new(3.8370490074157715e-07, 1.1920928955078125e-07, 1.043081283569336e-07, 0.9937992691993713, 0.005756616126745939, -0.11104045063257217, -0.013820440508425236, 0.9973097443580627, -0.07198893278837204, 0.11032721400260925, 0.07307712733745575, 0.9912052154541016),
            ["LeftUpperArm"] = CFrame.new(5.960464477539063e-08, 0, -5.541369318962097e-08, 0.3502500355243683, 0.23394611477851868, -0.9069697260856628, -0.8667986392974854, 0.44789376854896545, -0.21920594573020935, 0.3549436926841736, 0.8629370331764221, 0.35965901613235474),
            ["RightLowerArm"] = CFrame.new(-1.4901161193847656e-07, 4.76837158203125e-07, -1.210719347000122e-07, 1, 7.450582373280668e-09, 1.862644793959589e-08, -2.980232594040899e-08, 0.9999867677688599, -0.005156388971954584, -1.862645371275562e-09, 0.005156408529728651, 0.9999867081642151),
            ["LeftHand"] = CFrame.new(-8.940696716308594e-08, 0, 1.1920928955078125e-07, 0.9895101189613342, 0.13548564910888672, -0.05013423413038254, -0.14413641393184662, 0.9492563605308533, -0.27953040599823, 0.009717793203890324, 0.28382423520088196, 0.9588271379470825),
            ["RightUpperLeg"] = CFrame.new(-2.9802322387695312e-08, -9.313225746154785e-09, -2.032174961641431e-08, 0.9967713952064514, 0.0749882385134697, 0.028699230402708054, -0.006874649785459042, 0.43582653999328613, -0.9000045657157898, -0.07999766618013382, 0.8969013690948486, 0.43493491411209106),
            ["LeftUpperLeg"] = CFrame.new(2.9802322387695312e-08, 7.450580596923828e-09, -1.862645149230957e-08, 0.9759873151779175, 0.19097593426704407, -0.10477103292942047, -0.21549445390701294, 0.9167184829711914, -0.3364364206790924, 0.03179427608847618, 0.35093533992767334, 0.9358597993850708),
            ["RightLowerLeg"] = CFrame.new(2.9802322387695312e-08, 4.172325134277344e-07, -2.029992174357176e-09, 1, -1.4901159772762185e-07, -2.0861639882241434e-07, 1.396984004031765e-07, -0.28701889514923096, 0.9579249620437622, -1.9371512394172896e-07, -0.9579249024391174, -0.28701892495155334),
            ["RightFoot"] = CFrame.new(-4.6566128730773926e-08, 2.384185791015625e-07, -1.1343217920511961e-08, 0.9673734903335571, 0.06673692166805267, -0.2444070279598236, -0.054453641176223755, 0.9969062209129333, 0.05668165907263756, 0.24743381142616272, -0.041523415595293045, 0.9680147767066956),
            ["LeftLowerLeg"] = CFrame.new(-7.520429790019989e-08, 5.960464477539063e-08, -3.003515303134918e-08, 1, 8.009376273321323e-08, 3.352762334429826e-08, -5.960465188081798e-08, 0.6669775247573853, 0.7450780272483826, 2.3283067918100642e-08, -0.7450779676437378, 0.6669772863388062),
        }},
        {Time = 0.233, Data = {
            ["LeftFoot"] = CFrame.new(4.0978193283081055e-08, 0, 1.4901161193847656e-08, 0.9866706132888794, -0.1549447774887085, -0.0497329980134964, 0.11833644658327103, 0.8929548263549805, -0.4343138635158539, 0.11170397698879242, 0.4226391017436981, 0.8993875980377197),
            ["LeftLowerArm"] = CFrame.new(-8.940696716308594e-08, -1.1920928955078125e-07, -8.89413058757782e-08, 1, -1.341104365337742e-07, 5.6810655735262117e-08, 1.9371509552001953e-07, 0.36940816044807434, -0.929267168045044, 6.51925802230835e-08, 0.9292672872543335, 0.36940839886665344),
            ["LowerTorso"] = CFrame.new(-0.0062516555190086365, -0.17558419704437256, 0.275323748588562, 0.9957127571105957, -0.05881718918681145, 0.07139221578836441, 0.0644349604845047, 0.9947806000709534, -0.07911939918994904, -0.06636600941419601, 0.08338034152984619, 0.994305431842804),
            ["Head"] = CFrame.new(5.541369318962097e-08, 4.76837158203125e-07, 2.421438694000244e-08, 0.9404284358024597, -0.15654398500919342, 0.3018086850643158, 0.13251791894435883, 0.9862605333328247, 0.09863703697919846, -0.31310296058654785, -0.05276595056056976, 0.948252260684967),
            ["RightUpperArm"] = CFrame.new(0, 7.152557373046875e-07, 4.284083843231201e-08, 0.9768437743186951, -0.17634797096252441, 0.12115193903446198, 0.15065650641918182, 0.9690121412277222, 0.19574980437755585, -0.15191775560379028, -0.17296479642391205, 0.9731414318084717),
            ["UpperTorso"] = CFrame.new(5.587935447692871e-09, 1.4901161193847656e-07, -2.1653249859809875e-08, 0.9664149880409241, -0.2298002541065216, -0.11503910273313522, 0.249025359749794, 0.9479666352272034, 0.19835726916790009, 0.06347066164016724, -0.22034305334091187, 0.9733552932739258),
            ["HumanoidRootPart"] = CFrame.new(0, 0, 0, 1, 0, 0, 0, 1, 0, 0, 0, 1),
            ["RightHand"] = CFrame.new(3.203749656677246e-07, 1.1920928955078125e-07, 1.126900315284729e-07, 0.9973675608634949, 0.007135430350899696, -0.07216119766235352, -0.01579076610505581, 0.9926369786262512, -0.12009379267692566, 0.07077285647392273, 0.12091707438230515, 0.9901365637779236),
            ["LeftUpperArm"] = CFrame.new(2.980232238769531e-07, 0.0000010728836059570312, 2.9802322387695312e-08, 0.3259391188621521, -0.15328097343444824, -0.9328819513320923, -0.8687620759010315, 0.3406049311161041, -0.3595006465911865, 0.3728488087654114, 0.9276277422904968, -0.022148270159959793),
            ["RightLowerArm"] = CFrame.new(4.172325134277344e-07, 5.960464477539063e-08, -1.207226887345314e-07, 1, 6.70552680048786e-08, 2.956947398047305e-08, 6.705522537231445e-08, 0.9999867677688599, -0.0051564304158091545, -1.4319084584712982e-08, 0.005156450439244509, 0.9999867677688599),
            ["LeftHand"] = CFrame.new(3.5762786865234375e-07, 1.1920928955078125e-07, -1.6624107956886292e-07, 0.9937056303024292, 0.10989195853471756, -0.02174919843673706, -0.11153019964694977, 0.9523048996925354, -0.28403615951538086, -0.010501463897526264, 0.2846737802028656, 0.9585669636726379),
            ["RightUpperLeg"] = CFrame.new(0, 2.0489096641540527e-08, 2.029992174357176e-09, 0.9969156384468079, 0.07094304263591766, -0.03356119245290756, -0.043918177485466, 0.14988641440868378, -0.9877273440361023, -0.06504201143980026, 0.9861547350883484, 0.15253959596157074),
            ["LeftUpperLeg"] = CFrame.new(0, 1.7881393432617188e-07, 5.21540641784668e-08, 0.9759576320648193, 0.2052103579044342, -0.0734531357884407, -0.21749506890773773, 0.8948999047279358, -0.389679491519928, -0.01423308439552784, 0.3962864279747009, 0.9180167317390442),
            ["RightLowerLeg"] = CFrame.new(0, 1.1920928955078125e-07, 6.595655577257276e-08, 1, -1.1734663019069558e-07, -2.6263307972840266e-07, 1.298030696261776e-07, -0.5526601672172546, 0.8334066867828369, -2.3469326038139116e-07, -0.8334067463874817, -0.552660346031189),
            ["RightFoot"] = CFrame.new(4.656612873077393e-10, 4.76837158203125e-07, 1.1066003935411572e-07, 0.9673484563827515, 0.07887836545705795, -0.24086381494998932, -0.04921425133943558, 0.990708589553833, 0.12678588926792145, 0.24862642586231232, -0.11079195886850357, 0.9622421860694885),
            ["LeftLowerLeg"] = CFrame.new(1.6763806343078613e-08, -1.7881393432617188e-07, 5.8673322200775146e-08, 1, 5.96046660916727e-08, 5.215405707303944e-08, -9.313225746154785e-08, 0.5850641131401062, 0.8109868764877319, 3.725290298461914e-08, -0.8109871745109558, 0.5850642919540405),
        }},
        {Time = 0.267, Data = {
            ["LeftFoot"] = CFrame.new(-7.450580596923828e-09, -5.960464477539063e-08, 7.450580596923828e-09, 0.9850772619247437, -0.1564367264509201, -0.07176712155342102, 0.10819476842880249, 0.8871279954910278, -0.44866228103637695, 0.13385391235351562, 0.43420225381851196, 0.8908151984214783),
            ["LeftLowerArm"] = CFrame.new(-1.7881393432617188e-07, 1.1920928955078125e-07, -1.7881393432617188e-07, 1, -8.568166975919667e-08, 4.470347647611561e-08, 8.940694584680386e-08, 0.3287409543991089, -0.9444200396537781, 7.450579175838357e-08, 0.9444201588630676, 0.3287411630153656),
            ["LowerTorso"] = CFrame.new(-0.008364289999008179, -0.1907646656036377, 0.271026074886322, 0.9965252876281738, -0.0684652030467987, 0.04743273928761482, 0.07246668636798859, 0.9934340119361877, -0.0885305106639862, -0.041060030460357666, 0.09166020154953003, 0.9949434995651245),
            ["Head"] = CFrame.new(-2.7008354663848877e-08, 2.384185791015625e-07, 2.2351741790771484e-08, 0.9366889595985413, -0.2210133969783783, 0.27160102128982544, 0.20289887487888336, 0.9747322201728821, 0.09343060106039047, -0.28538763523101807, -0.03240780532360077, 0.9578641653060913),
            ["RightUpperArm"] = CFrame.new(-1.1920928955078125e-07, 7.152557373046875e-07, -5.21540641784668e-08, 0.9632234573364258, -0.09725438058376312, 0.2504842281341553, 0.042947325855493546, 0.975939154624939, 0.21377158164978027, -0.26524755358695984, -0.19515225291252136, 0.9442242383956909),
            ["UpperTorso"] = CFrame.new(1.0244548320770264e-08, -2.9802322387695312e-08, -9.313225746154785e-10, 0.9675682783126831, -0.21223188936710358, -0.1370008885860443, 0.23819345235824585, 0.9471114873886108, 0.21504369378089905, 0.08411596715450287, -0.24070210754871368, 0.9669473171234131),
            ["HumanoidRootPart"] = CFrame.new(0, 0, 0, 1, 0, 0, 0, 1, 0, 0, 0, 1),
            ["RightHand"] = CFrame.new(6.705522537231445e-08, 1.1920928955078125e-07, 1.4901161193847656e-08, 0.9973321557044983, -0.02402983047068119, -0.0689283236861229, 0.007465842179954052, 0.9728900790214539, -0.23114782571792603, 0.07261417806148529, 0.23001649975776672, 0.9704738855361938),
            ["LeftUpperArm"] = CFrame.new(-1.1920928955078125e-07, 7.152557373046875e-07, 0, 0.32844266295433044, -0.4709748923778534, -0.8187234997749329, -0.8327077031135559, 0.26472073793411255, -0.48633453249931335, 0.4457841217517853, 0.8414900898933411, -0.3052387237548828),
            ["RightLowerArm"] = CFrame.new(1.1920928955078125e-07, 1.1920928955078125e-07, -1.2665987014770508e-07, 1, -5.960464477539063e-08, -7.450577932388569e-09, -4.470347292340193e-08, 0.9999867081642151, -0.005153710022568703, -2.2351736461700966e-08, 0.005153734236955643, 0.9999867081642151),
            ["LeftHand"] = CFrame.new(-1.4901161193847656e-07, 5.960464477539063e-08, -1.4901161193847656e-08, 0.9768580198287964, 0.21329759061336517, 0.015888720750808716, -0.1878006011247635, 0.8908936381340027, -0.41356948018074036, -0.1023688018321991, 0.40101465582847595, 0.9103339910507202),
            ["RightUpperLeg"] = CFrame.new(0, -2.644956111907959e-07, -1.1008523870259523e-08, 0.9955834150314331, 0.04833146929740906, -0.08048440515995026, -0.07864803075790405, -0.03876745328307152, -0.996148407459259, -0.05126545578241348, 0.9980787038803101, -0.03479514271020889),
            ["LeftUpperLeg"] = CFrame.new(-5.960464477539063e-08, -1.471489667892456e-07, -1.862645149230957e-08, 0.9713208079338074, 0.23309193551540375, -0.04694890230894089, -0.23168736696243286, 0.8834401369094849, -0.40725255012512207, -0.053450725972652435, 0.4064503014087677, 0.9121081233024597),
