return {
    ["Kiss It"] = {
        {Time = 0.000, Data = {
            ["LeftFoot"] = CFrame.new(-1.4156103134155273e-07, 5.960464477539063e-08, -2.9802322387695312e-08, 0.9912845492362976, -0.10491736978292465, -0.07967124879360199, 0.0959060788154602, 0.9893423318862915, -0.10956220328807831, 0.09031709283590317, 0.10096636414527893, 0.990781843662262),
            ["LeftLowerArm"] = CFrame.new(1.7881393432617188e-07, 0, -1.1920928955078125e-07, 1, -1.1920931797249068e-07, 9.68574411785994e-08, 7.450569938782792e-08, -0.4999999403953552, -0.8660253286361694, 1.993027467506181e-07, 0.8660255074501038, -0.5),
            ["LowerTorso"] = CFrame.new(-0.2880200445652008, -0.030757427215576172, 0.02381102927029133, 0.8635410666465759, 0.08049096912145615, -0.49781328439712524, -0.04120643809437752, 0.9951409101486206, 0.08942388743162155, 0.502592146396637, -0.05670808628201485, 0.8626617789268494),
            ["Head"] = CFrame.new(-8.568167686462402e-08, 3.5762786865234375e-07, -1.5459954738616943e-07, 0.9952308535575867, 0.005162771325558424, -0.09741085767745972, -0.013658840209245682, 0.9961366653442383, -0.08674953132867813, 0.09658728539943695, 0.08766528964042664, 0.9914563298225403),
            ["RightUpperArm"] = CFrame.new(-5.960464477539063e-08, 5.960464477539062e-07, 1.4901161193847656e-08, 0.3223066031932831, -0.48015910387039185, 0.8158220648765564, 0.932817816734314, 0.30780699849128723, -0.1873665452003479, -0.16115045547485352, 0.8214024901390076, 0.5471088886260986),
            ["UpperTorso"] = CFrame.new(4.604225978255272e-08, 2.980232238769531e-07, 7.8580342233181e-09, 0.9663626551628113, -0.14030598104000092, 0.21554048359394073, 0.015539571642875671, 0.868402898311615, 0.495615690946579, -0.25671374797821045, -0.47559499740600586, 0.8413723111152649),
            ["HumanoidRootPart"] = CFrame.new(0, 0, 0, 1, 0, 0, 0, 1, 0, 0, 0, 1),
            ["RightHand"] = CFrame.new(5.960464477539063e-08, -1.1920928955078125e-07, -1.9371509552001953e-07, 0.9631672501564026, 0.06948517262935638, -0.2597687840461731, -0.06600215286016464, 0.9975742697715759, 0.022120531648397446, 0.2606773376464844, -0.004161221906542778, 0.9654175043106079),
            ["LeftUpperArm"] = CFrame.new(5.960464477539063e-08, 4.76837158203125e-07, -7.450580596923828e-08, 0.6600234508514404, 0.2129276841878891, -0.7204378843307495, -0.6273037791252136, 0.6838670372962952, -0.37258100509643555, 0.41335099935531616, 0.6978451013565063, 0.5849382281303406),
            ["RightLowerArm"] = CFrame.new(-2.384185791015625e-07, -3.5762786865234375e-07, -2.9802322387695312e-08, 1, -1.0430815677864302e-07, -1.4901139877565583e-08, 4.470341252726939e-08, 0.9274604916572571, -0.3739212155342102, 1.4901138101208744e-08, 0.3739212453365326, 0.9274605512619019),
            ["LeftHand"] = CFrame.new(4.172325134277344e-07, 0, -1.6391277313232422e-07, 0.39482662081718445, -0.07939258217811584, 0.9153187274932861, 0.25303399562835693, 0.9671280980110168, -0.02526254579424858, -0.8832246661186218, 0.24157841503620148, 0.4019370675086975),
            ["RightUpperLeg"] = CFrame.new(0, 9.313225746154785e-10, 5.75528247281909e-09, 0.9333745241165161, -0.3368561565876007, 0.12385479360818863, 0.35524851083755493, 0.817986786365509, -0.4524337947368622, 0.051093559712171555, 0.46628934144973755, 0.8831555247306824),
            ["LeftUpperLeg"] = CFrame.new(-5.960464477539063e-08, -6.891787052154541e-08, -1.043081283569336e-07, 0.982122004032135, 0.18142175674438477, 0.05022571608424187, -0.07333474606275558, 0.6144653558731079, -0.7855281233787537, -0.17337381839752197, 0.7678011655807495, 0.6167844533920288),
            ["RightLowerLeg"] = CFrame.new(-3.3527612686157227e-08, -0.000060439109802246094, -0.00007211247429950163, 1, -1.043081283569336e-07, 5.215405707303944e-08, 8.940696716308594e-08, 0.7868729829788208, 0.6171146631240845, -2.9802322387695312e-08, -0.6171150207519531, 0.7868732213973999),
            ["RightFoot"] = CFrame.new(2.2351741790771484e-08, 1.7881393432617188e-07, 9.145878721028566e-09, 0.9452722668647766, 0.31776896119117737, -0.07405026257038116, -0.31050798296928406, 0.9458115696907043, 0.09500136226415634, 0.10022596269845963, -0.06680886447429657, 0.9927191734313965),
            ["LeftLowerLeg"] = CFrame.new(5.960464477539063e-08, 0.000060558319091796875, 0.00007215142250061035, 1, 7.450581307466564e-08, 7.450580596923828e-08, -8.195639367158947e-08, 0.40590375661849976, 0.9139158725738525, 2.980232594040899e-08, -0.9139159321784973, 0.4059036374092102),
        }},
        {Time = 0.033, Data = {
            ["LeftFoot"] = CFrame.new(0, 5.960464477539063e-08, 8.940696716308594e-08, 0.9778053760528564, -0.07455775886774063, -0.19580049812793732, 0.07845094799995422, 0.9968434572219849, 0.012193078175187111, 0.19427333772182465, -0.027283217757940292, 0.9805680513381958),
            ["LeftLowerArm"] = CFrame.new(1.7881393432617188e-07, 0, 5.960464477539063e-08, 1, -7.4505820180093e-08, 1.0430800045924116e-07, 6.705511879090409e-08, -0.5, -0.866025447845459, 1.8440158555677044e-07, 0.866025447845459, -0.5000000596046448),
            ["LowerTorso"] = CFrame.new(-0.2814418077468872, -0.07227683067321777, 0.042253777384757996, 0.8612866997718811, 0.09519601613283157, -0.49912214279174805, -0.0435769259929657, 0.9925128221511841, 0.11410240828990936, 0.5062472224235535, -0.07652468234300613, 0.8589864373207092),
            ["Head"] = CFrame.new(-9.685754776000977e-08, 3.5762786865234375e-07, 1.7695128917694092e-07, 0.9934364557266235, 0.05000496655702591, -0.10287483781576157, -0.06644584983587265, 0.9843578338623047, -0.16317234933376312, 0.09310697019100189, 0.16893574595451355, 0.981219470500946),
            ["RightUpperArm"] = CFrame.new(-2.384185791015625e-07, 3.5762786865234375e-07, 8.940696716308594e-08, 0.2750715911388397, -0.4501993656158447, 0.8495033979415894, 0.9557062387466431, 0.22425927221775055, -0.19061386585235596, -0.10469546169042587, 0.8643080592155457, 0.4919455051422119),
            ["UpperTorso"] = CFrame.new(2.1420419216156006e-08, 3.2782554626464844e-07, 4.563480615615845e-08, 0.9698391556739807, -0.13954351842403412, 0.19984902441501617, 0.014248221181333065, 0.8509616255760193, 0.5250346064567566, -0.2433290034532547, -0.5063516497612, 0.8272840976715088),
            ["HumanoidRootPart"] = CFrame.new(0, 0, 0, 1, 0, 0, 0, 1, 0, 0, 0, 1),
            ["RightHand"] = CFrame.new(-5.960464477539063e-08, 1.7881393432617188e-07, -1.4901161193847656e-07, 0.953321635723114, 0.06761190295219421, -0.29428762197494507, -0.06107678264379501, 0.9976406097412109, 0.03135448321700096, 0.2957153022289276, -0.011917801573872566, 0.9552024602890015),
            ["LeftUpperArm"] = CFrame.new(5.960464477539063e-08, 4.76837158203125e-07, 2.2351741790771484e-07, 0.6502889394760132, 0.2037297785282135, -0.7318595051765442, -0.6524781584739685, 0.6432011723518372, -0.4007062315940857, 0.3890972137451172, 0.7380966544151306, 0.5511953234672546),
            ["RightLowerArm"] = CFrame.new(-2.384185791015625e-07, -5.960464477539063e-08, -1.1920928955078125e-07, 1, -1.1920931797249068e-07, 3.725284969391396e-08, 5.960453819398026e-08, 0.9418425559997559, -0.33605462312698364, -2.980226909699013e-08, 0.33605465292930603, 0.9418424963951111),
            ["LeftHand"] = CFrame.new(7.450580596923828e-08, 0, 0, 0.37399062514305115, -0.10248073190450668, 0.9217529892921448, 0.2712745666503906, 0.962497889995575, -0.003057348309084773, -0.8868716359138489, 0.2511882781982422, 0.38776567578315735),
            ["RightUpperLeg"] = CFrame.new(-2.9802322387695312e-08, 4.936009645462036e-08, 5.045876605436206e-08, 0.9258536100387573, -0.3703172504901886, 0.07523419708013535, 0.3513643443584442, 0.7703798413276672, -0.5320320725440979, 0.1390617936849594, 0.5190183520317078, 0.8433751463890076),
            ["LeftUpperLeg"] = CFrame.new(-5.960464477539063e-08, -3.166496753692627e-08, -8.940696716308594e-08, 0.9775664806365967, 0.2015596181154251, 0.061136260628700256, -0.07479013502597809, 0.6035161018371582, -0.7938356399536133, -0.19690191745758057, 0.7714546322822571, 0.6050516963005066),
            ["RightLowerLeg"] = CFrame.new(-1.4901161193847656e-08, -0.000060498714447021484, -0.00007208267197711393, 1, -1.4156103134155273e-07, -4.4703490686970326e-08, 7.450580596923828e-08, 0.7476551532745361, 0.6640868782997131, 5.960464477539063e-08, -0.664087176322937, 0.74765545129776),
            ["RightFoot"] = CFrame.new(-7.450580596923828e-09, 2.980232238769531e-07, -2.0656443666666746e-08, 0.9280626177787781, 0.3709549307823181, 0.033053699880838394, -0.37241530418395996, 0.9249945878982544, 0.0754438042640686, -0.0025883738417178392, -0.0823262631893158, 0.9966021180152893),
            ["LeftLowerLeg"] = CFrame.new(0, 0.000060439109802246094, 0.00007224082946777344, 1, 6.33299421792799e-08, 8.940696716308594e-08, -7.450580596923828e-08, 0.4919913411140442, 0.8706001043319702, 5.21540641784668e-08, -0.870600163936615, 0.49199140071868896),
        }},
        {Time = 0.067, Data = {
            ["LeftFoot"] = CFrame.new(-1.1548399925231934e-07, -5.960464477539063e-08, -1.4901161193847656e-08, 0.9593261480331421, -0.04749426245689392, -0.278276264667511, 0.07708925008773804, 0.9923540949821472, 0.09638836979866028, 0.27157062292099, -0.11391996592283249, 0.9556524753570557),
            ["LeftLowerArm"] = CFrame.new(3.8743019104003906e-07, -1.1920928955078125e-07, 5.960464477539063e-08, 1, -8.940698847936801e-08, 1.7881365010907757e-07, 1.1175851000189141e-07, -0.5, -0.866025447845459, 2.123411633192518e-07, 0.866025447845459, -0.4999999403953552),
            ["LowerTorso"] = CFrame.new(-0.2773459553718567, -0.10345697402954102, 0.06647475808858871, 0.8569062948226929, 0.1108950600028038, -0.5034023523330688, -0.04455355927348137, 0.9888638257980347, 0.1419975459575653, 0.5135431885719299, -0.09925023466348648, 0.8523044586181641),
            ["Head"] = CFrame.new(8.940696716308594e-08, 0, -3.2223761081695557e-07, 0.9897775650024414, 0.09169702976942062, -0.10923219472169876, -0.1151706799864769, 0.9656449556350708, -0.2329518347978592, 0.0841192975640297, 0.24314914643764496, 0.9663342833518982),
            ["RightUpperArm"] = CFrame.new(0, 3.5762786865234375e-07, -2.384185791015625e-07, 0.2549308240413666, -0.4235150218009949, 0.8692784309387207, 0.9665185213088989, 0.13874520361423492, -0.2158520668745041, -0.02919265255331993, 0.8952010869979858, 0.4447052776813507),
            ["UpperTorso"] = CFrame.new(-1.862645149230957e-08, 4.76837158203125e-07, 2.2351741790771484e-08, 0.973766028881073, -0.13896444439888, 0.180190771818161, 0.01536551769822836, 0.8302149772644043, 0.5572316646575928, -0.22703251242637634, -0.5398444533348083, 0.8105702996253967),
            ["HumanoidRootPart"] = CFrame.new(0, 0, 0, 1, 0, 0, 0, 1, 0, 0, 0, 1),
            ["RightHand"] = CFrame.new(-1.1920928955078125e-07, 0, -1.7881393432617188e-07, 0.9514040350914001, 0.07132187485694885, -0.2995705306529999, -0.05526452884078026, 0.9965605139732361, 0.0617491751909256, 0.3029462397098541, -0.04219378903508186, 0.952073872089386),
            ["LeftUpperArm"] = CFrame.new(1.7881393432617188e-07, 4.76837158203125e-07, -1.341104507446289e-07, 0.6374326348304749, 0.18675993382930756, -0.7475293874740601, -0.6739963889122009, 0.6052855849266052, -0.4235081970691681, 0.37337446212768555, 0.7737894058227539, 0.5117037892341614),
            ["RightLowerArm"] = CFrame.new(-5.960464477539063e-08, -5.960464477539062e-07, -1.7881393432617188e-07, 1, -1.3411047916633834e-07, -2.2351704487277857e-08, 5.9604531088552903e-08, 0.940845251083374, -0.3388367295265198, 2.9802265544276452e-08, 0.33883681893348694, 0.9408451914787292),
            ["LeftHand"] = CFrame.new(2.8312206268310547e-07, -5.960464477539063e-08, -1.6391277313232422e-07, 0.3772326707839966, -0.11088788509368896, 0.919455885887146, 0.2701416313648224, 0.9628068804740906, 0.0052814241498708725, -0.8858437538146973, 0.24638760089874268, 0.39315780997276306),
            ["RightUpperLeg"] = CFrame.new(-5.960464477539063e-08, 1.601874828338623e-07, 5.045876605436206e-08, 0.9138851165771484, -0.394850492477417, 0.094377800822258, 0.35168299078941345, 0.6538461446762085, -0.669928789138794, 0.20281310379505157, 0.6454287767410278, 0.7364023327827454),
            ["LeftUpperLeg"] = CFrame.new(-1.1920928955078125e-07, 5.960464477539063e-08, -1.4901161193847656e-07, 0.9778565764427185, 0.19853372871875763, 0.06618836522102356, -0.0841926634311676, 0.6627515554428101, -0.7440914511680603, -0.19159375131130219, 0.7220420837402344, 0.6647909879684448),
            ["RightLowerLeg"] = CFrame.new(-4.470348358154297e-08, -0.00006026029586791992, -0.00007224658475024626, 1, -8.195638656616211e-08, -8.940698847936801e-08, 1.3411046495548362e-07, 0.6200920939445496, 0.7845287919044495, -8.940698137394065e-08, -0.7845290899276733, 0.6200923919677734),
            ["RightFoot"] = CFrame.new(2.9802322387695312e-08, 3.5762786865234375e-07, 2.4047039914876223e-08, 0.8882189393043518, 0.429665744304657, 0.16264872252941132, -0.45658865571022034, 0.8648192882537842, 0.20884017646312714, -0.050930559635162354, -0.25975945591926575, 0.9643294215202332),
            ["LeftLowerLeg"] = CFrame.new(-8.940696716308594e-08, 0.00006079673767089844, 0.00007228553295135498, 1, 9.499490261077881e-08, 8.381903171539307e-08, -8.195639367158947e-08, 0.6544135808944702, 0.7561367750167847, 3.725290653733282e-08, -0.7561367750167847, 0.654413640499115),
        }},
        {Time = 0.100, Data = {
            ["LeftFoot"] = CFrame.new(-2.9802322387695312e-08, 1.7881393432617188e-07, 7.450580596923828e-09, 0.9628536105155945, -0.05342348664999008, -0.2646866738796234, 0.02763228863477707, 0.9945810437202454, -0.10022469609975815, 0.26860669255256653, 0.08918778598308563, 0.9591121673583984),
            ["LeftLowerArm"] = CFrame.new(2.384185791015625e-07, 2.384185791015625e-07, 2.086162567138672e-07, 1, -8.940698847936801e-08, 1.1175853842360084e-07, 1.0058264621193302e-07, -0.4999999701976776, -0.8660253882408142, 1.6391246049352048e-07, 0.866025447845459, -0.5),
            ["LowerTorso"] = CFrame.new(-0.274739533662796, -0.13559889793395996, 0.09156643599271774, 0.8510088920593262, 0.1266990751028061, -0.5096383690834045, -0.043746236711740494, 0.9841904044151306, 0.1716267168521881, 0.52332603931427, -0.12376111000776291, 0.8430972695350647),
            ["Head"] = CFrame.new(1.4901161193847656e-08, 1.1920928955078125e-07, -1.862645149230957e-08, 0.985177755355835, 0.12675407528877258, -0.11557537317276001, -0.1555328220129013, 0.9442428350448608, -0.29020068049430847, 0.07234806567430496, 0.3038732409477234, 0.9499610066413879),
            ["RightUpperArm"] = CFrame.new(-5.960464477539063e-08, 4.76837158203125e-07, 2.5331974029541016e-07, 0.24222874641418457, -0.3846469223499298, 0.8907140493392944, 0.9688118696212769, 0.04646311700344086, -0.24340364336967468, 0.05223773792386055, 0.9218937158584595, 0.3839051425457001),
            ["UpperTorso"] = CFrame.new(-9.313225746154785e-09, 4.470348358154297e-07, 1.862645149230957e-08, 0.9777238965034485, -0.13845877349376678, 0.15775074064731598, 0.019153058528900146, 0.807285487651825, 0.5898503661155701, -0.20901978015899658, -0.573689341545105, 0.7919540405273438),
            ["HumanoidRootPart"] = CFrame.new(0, 0, 0, 1, 0, 0, 0, 1, 0, 0, 0, 1),
            ["RightHand"] = CFrame.new(-2.384185791015625e-07, -2.384185791015625e-07, -1.1920928955078125e-07, 0.9506864547729492, 0.07793808728456497, -0.30019938945770264, -0.055528100579977036, 0.9950439929962158, 0.08248733729124069, 0.3051426112651825, -0.06175103783607483, 0.9503031969070435),
            ["LeftUpperArm"] = CFrame.new(5.960464477539063e-08, 2.384185791015625e-07, 1.4901161193847656e-08, 0.6358849406242371, 0.17618651688098907, -0.7514044642448425, -0.6875177621841431, 0.5716793537139893, -0.44777563214302063, 0.3506704568862915, 0.8013370633125305, 0.48465293645858765),
            ["RightLowerArm"] = CFrame.new(-5.960464477539063e-08, -1.7881393432617188e-07, -1.1920928955078125e-07, 1, -5.960465898624534e-08, 4.4703405421842035e-08, 1.4901129219424547e-08, 0.9440062046051025, -0.32992786169052124, -2.235169382913682e-08, 0.32992783188819885, 0.9440062046051025),
            ["LeftHand"] = CFrame.new(2.682209014892578e-07, 5.960464477539063e-08, -1.9371509552001953e-07, 0.3816673159599304, -0.11989952623844147, 0.9164899587631226, 0.271522581577301, 0.9623473882675171, 0.012823374941945076, -0.8835189342498779, 0.24394984543323517, 0.39985236525535583),
            ["RightUpperLeg"] = CFrame.new(-2.9802322387695312e-08, -1.862645149230957e-09, 1.3205863069742918e-08, 0.9041747450828552, -0.40612006187438965, 0.13241799175739288, 0.3362930715084076, 0.4856207072734833, -0.8068950176239014, 0.26339152455329895, 0.7741053104400635, 0.5756612420082092),
            ["LeftUpperLeg"] = CFrame.new(-5.960464477539063e-08, -1.043081283569336e-07, -1.043081283569336e-07, 0.9766346216201782, 0.2023335099220276, 0.07242933660745621, -0.09421319514513016, 0.7060137987136841, -0.7019035220146179, -0.1931546926498413, 0.6786794066429138, 0.708579957485199),
            ["RightLowerLeg"] = CFrame.new(2.9802322387695312e-08, -0.00006020069122314453, -0.00007192248449428007, 1, -1.2293456563838845e-07, -1.4156105976326216e-07, 1.341104507446289e-07, 0.42534586787223816, 0.9050307273864746, -5.960464477539063e-08, -0.9050308465957642, 0.4253462255001068),
            ["RightFoot"] = CFrame.new(-1.4901161193847656e-08, 2.980232238769531e-07, -4.300818545743823e-08, 0.9001766443252563, 0.4060114324092865, 0.15759767591953278, -0.4325289726257324, 0.8757745623588562, 0.2143307477235794, -0.050999321043491364, -0.2611011862754822, 0.9639633297920227),
            ["LeftLowerLeg"] = CFrame.new(-1.4901161193847656e-08, 0.000060677528381347656, 0.00007198750972747803, 1, 6.146728281919422e-08, 3.91155481338501e-08, -6.705522537231445e-08, 0.7270511984825134, 0.6865832805633545, 2.2351741790771484e-08, -0.6865832805633545, 0.7270511984825134),
        }},
        {Time = 0.133, Data = {
            ["LeftFoot"] = CFrame.new(4.470348358154297e-08, 1.1920928955078125e-07, 9.313225746154785e-08, 0.9583789706230164, -0.09499681740999222, -0.2692311108112335, 0.04251899942755699, 0.9799942374229431, -0.19443154335021973, 0.2823152542114258, 0.1748916655778885, 0.9432449340820312),
            ["LeftLowerArm"] = CFrame.new(-2.9802322387695312e-08, 2.384185791015625e-07, 1.1920928955078125e-07, 1, -1.1920931797249068e-07, 1.1920906217710581e-07, 5.2153950491629075e-08, -0.4999999701976776, -0.8660253882408142, 1.4714865415044187e-07, 0.866025447845459, -0.4999999403953552),
            ["LowerTorso"] = CFrame.new(-0.27244332432746887, -0.16766047477722168, 0.11705388873815536, 0.8443217277526855, 0.1416439563035965, -0.5167763829231262, -0.04090241715312004, 0.9786521792411804, 0.20141273736953735, 0.5342731475830078, -0.14891977608203888, 0.8320907950401306),
            ["Head"] = CFrame.new(-1.4901161193847656e-08, 0, 2.0489096641540527e-07, 0.9798455238342285, 0.1588885337114334, -0.1210642158985138, -0.191483274102211, 0.919719934463501, -0.34271159768104553, 0.05689334496855736, 0.3589842915534973, 0.9316073656082153),
            ["RightUpperArm"] = CFrame.new(-1.7881393432617188e-07, -2.384185791015625e-07, 7.450580596923828e-08, 0.23885709047317505, -0.33856064081192017, 0.9101227521896362, 0.9618590474128723, -0.046192269772291183, -0.26961928606033325, 0.13332146406173706, 0.939810037612915, 0.31461426615715027),
            ["UpperTorso"] = CFrame.new(-3.725290298461914e-09, 2.682209014892578e-07, -3.3527612686157227e-08, 0.9813079833984375, -0.13781140744686127, 0.13432280719280243, 0.025027642026543617, 0.7834478616714478, 0.620953381061554, -0.19080935418605804, -0.6059848666191101, 0.7722527384757996),
            ["HumanoidRootPart"] = CFrame.new(0, 0, 0, 1, 0, 0, 0, 1, 0, 0, 0, 1),
            ["RightHand"] = CFrame.new(-1.1920928955078125e-07, 3.5762786865234375e-07, 8.940696716308594e-08, 0.9506977796554565, 0.0879686251282692, -0.2973787188529968, -0.05847054347395897, 0.9925714135169983, 0.10669141262769699, 0.30455732345581055, -0.08404434472322464, 0.9487796425819397),
            ["LeftUpperArm"] = CFrame.new(1.1920928955078125e-07, 1.1920928955078125e-07, 4.470348358154297e-07, 0.6416047811508179, 0.16911382973194122, -0.748160183429718, -0.6945818662643433, 0.5419166088104248, -0.47316354513168335, 0.32542183995246887, 0.8232418298721313, 0.46515870094299316),
            ["RightLowerArm"] = CFrame.new(-2.384185791015625e-07, -4.76837158203125e-07, 2.9802322387695312e-08, 1, -1.1920930376163597e-07, 0, 2.9802254886135415e-08, 0.9458812475204468, -0.32451313734054565, 4.563470312746176e-08, 0.3245132267475128, 0.945881187915802),
            ["LeftHand"] = CFrame.new(1.341104507446289e-07, 1.7881393432617188e-07, -1.341104507446289e-07, 0.38779890537261963, -0.1286407858133316, 0.9127228856086731, 0.2714170217514038, 0.9622487425804138, 0.02029956877231598, -0.8808773159980774, 0.2398519515991211, 0.4080747365951538),
            ["RightUpperLeg"] = CFrame.new(-2.9802322387695312e-08, -2.514570951461792e-07, 3.55576048605144e-08, 0.9103023409843445, -0.37579768896102905, 0.17356792092323303, 0.32091325521469116, 0.3758334517478943, -0.8693469166755676, 0.26146599650382996, 0.8470686078071594, 0.4627203941345215),
            ["LeftUpperLeg"] = CFrame.new(-1.1920928955078125e-07, -4.5262277126312256e-07, -2.4586915969848633e-07, 0.9713863134384155, 0.2268282175064087, 0.07040973752737045, -0.10302351415157318, 0.6695338487625122, -0.7356022000312805, -0.21399706602096558, 0.707300066947937, 0.6737446784973145),
            ["RightLowerLeg"] = CFrame.new(7.35744833946228e-08, -0.00006031990051269531, -0.00007225217268569395, 1, -1.7508862981685525e-07, -1.5646223516796454e-07, 1.4901161193847656e-07, 0.3304559290409088, 0.9438213109970093, -1.4901161193847656e-07, -0.9438214302062988, 0.3304562568664551),
            ["RightFoot"] = CFrame.new(4.470348358154297e-08, 3.5762786865234375e-07, -5.790934665128589e-08, 0.9074628949165344, 0.4036005437374115, 0.11669568717479706, -0.419710248708725, 0.8833256959915161, 0.20875553786754608, -0.01882663182914257, -0.23841644823551178, 0.9709806442260742),
            ["LeftLowerLeg"] = CFrame.new(-1.4901161193847656e-08, 0.000060617923736572266, 0.0000721365213394165, 1, 7.078051567077637e-08, 2.7939677238464355e-08, -3.725290298461914e-08, 0.705341637134552, 0.7088675498962402, 5.960464477539063e-08, -0.7088674902915955, 0.7053416967391968),
        }},
        {Time = 0.167, Data = {
            ["LeftFoot"] = CFrame.new(1.341104507446289e-07, 0, -1.4901161193847656e-08, 0.9506030082702637, -0.13234594464302063, -0.280782014131546, 0.10571703314781189, 0.9885116219520569, -0.10802178829908371, 0.29185256361961365, 0.0730024054646492, 0.9536733031272888),
            ["LeftLowerArm"] = CFrame.new(2.682209014892578e-07, 1.1920928955078125e-07, 4.470348358154297e-08, 1, -1.0430815677864302e-07, 1.2665964277402963e-07, 2.6076978798528216e-08, -0.5, -0.8660255074501038, 1.1734640992244749e-07, 0.8660253882408142, -0.4999999403953552),
            ["LowerTorso"] = CFrame.new(-0.2695885896682739, -0.19860005378723145, 0.14246216416358948, 0.8376274704933167, 0.1548270583152771, -0.5238404273986816, -0.03602717071771622, 0.9725605249404907, 0.22984354197978973, 0.5450525283813477, -0.17365078628063202, 0.8202214241027832),
            ["Head"] = CFrame.new(-1.4901161193847656e-08, 1.1920928955078125e-07, -2.4586915969848633e-07, 0.9762994050979614, 0.17615175247192383, -0.1257355511188507, -0.21159857511520386, 0.8989169597625732, -0.3836361765861511, 0.04544879123568535, 0.40114694833755493, 0.914884626865387),
            ["RightUpperArm"] = CFrame.new(0, 3.5762786865234375e-07, -8.940696716308594e-08, 0.24581271409988403, -0.2895612418651581, 0.9250564575195312, 0.9471117854118347, -0.1313549280166626, -0.29279106855392456, 0.20628975331783295, 0.9481035470962524, 0.2419583797454834),
            ["UpperTorso"] = CFrame.new(3.725290298461914e-09, 8.940696716308594e-08, -4.0978193283081055e-08, 0.9842885732650757, -0.1371019333600998, 0.11126161366701126, 0.03258452191948891, 0.7603577971458435, 0.6486867070198059, -0.17353485524654388, -0.6348694562911987, 0.7528787851333618),
            ["HumanoidRootPart"] = CFrame.new(0, 0, 0, 1, 0, 0, 0, 1, 0, 0, 0, 1),
            ["RightHand"] = CFrame.new(0, 5.960464477539063e-08, 5.960464477539063e-08, 0.9517609477043152, 0.09774475544691086, -0.29085347056388855, -0.06076287478208542, 0.989172101020813, 0.13359054923057556, 0.3007643520832062, -0.10947415232658386, 0.9473952651023865),
            ["LeftUpperArm"] = CFrame.new(5.960464477539063e-08, 4.76837158203125e-07, 4.470348358154297e-08, 0.6518945097923279, 0.16544707119464874, -0.7400409579277039, -0.696170449256897, 0.5174757242202759, -0.4975610375404358, 0.30063310265541077, 0.8395512104034424, 0.45251792669296265),
            ["RightLowerArm"] = CFrame.new(-1.7881393432617188e-07, 0, -7.078051567077637e-08, 1, -9.685756197086448e-08, 0, 1.0430787966697608e-07, 0.9469485878944397, -0.32138505578041077, 6.332978585987803e-08, 0.32138505578041077, 0.9469485878944397),
            ["LeftHand"] = CFrame.new(1.1920928955078125e-07, -1.1920928955078125e-07, 7.450580596923828e-09, 0.3949025571346283, -0.13854189217090607, 0.9082167148590088, 0.2731010913848877, 0.9615808725357056, 0.02793348766863346, -0.8771932125091553, 0.23699906468391418, 0.4175669550895691),
            ["RightUpperLeg"] = CFrame.new(0, -3.818422555923462e-07, -6.875052349641919e-08, 0.9284321665763855, -0.30960971117019653, 0.20531854033470154, 0.31634071469306946, 0.36908647418022156, -0.8739014863967896, 0.19478803873062134, 0.876308798789978, 0.44061368703842163),
            ["LeftUpperLeg"] = CFrame.new(0, -3.0547380447387695e-07, -1.4156103134155273e-07, 0.9621925354003906, 0.26460951566696167, 0.06455458700656891, -0.10290456563234329, 0.5726134181022644, -0.8133415579795837, -0.2521827518939972, 0.7759482264518738, 0.5781939029693604),
            ["RightLowerLeg"] = CFrame.new(-2.2910535335540771e-07, -0.0000603795051574707, -0.00007212178752524778, 1, -1.7881390590446244e-07, -1.4901166878189542e-07, 1.4901162614933128e-07, 0.3852364420890808, 0.9228178262710571, -1.1920930376163597e-07, -0.9228179454803467, 0.38523685932159424),
            ["RightFoot"] = CFrame.new(1.4901161193847656e-08, 4.172325134277344e-07, 3.894820110872388e-08, 0.9150857329368591, 0.37869417667388916, 0.13859733939170837, -0.40218088030815125, 0.8821640014648438, 0.24502459168434143, -0.029476480558514595, -0.2799597382545471, 0.9595592021942139),
            ["LeftLowerLeg"] = CFrame.new(5.960464477539063e-08, 0.000060498714447021484, 0.00007225573062896729, 1, 5.774199962615967e-08, 1.6763806343078613e-08, -5.960465188081798e-08, 0.618874192237854, 0.7854901552200317, 4.4703490686970326e-08, -0.7854901552200317, 0.6188741326332092),
        }},
        {Time = 0.200, Data = {
            ["LeftFoot"] = CFrame.new(7.450580596923828e-09, -1.1920928955078125e-07, 2.2351741790771484e-08, 0.9530878067016602, -0.18588067591190338, -0.2388973832130432, 0.17890453338623047, 0.9825562238693237, -0.050760090351104736, 0.24416543543338776, 0.005638960748910904, 0.9697172045707703),
            ["LeftLowerArm"] = CFrame.new(3.5762786865234375e-07, -2.384185791015625e-07, 7.450580596923828e-08, 1, -1.0430814256778831e-07, 1.1920903375539638e-07, 5.215393983348804e-08, -0.4999999701976776, -0.8660253882408142, 1.7695086285129946e-07, 0.8660255074501038, -0.5),
            ["LowerTorso"] = CFrame.new(-0.265058308839798, -0.22721505165100098, 0.16723723709583282, 0.831743597984314, 0.16537249088287354, -0.529957115650177, -0.02934793010354042, 0.966365396976471, 0.2554929256439209, 0.5543837547302246, -0.19695144891738892, 0.8086215257644653),
            ["Head"] = CFrame.new(5.960464477539063e-08, 1.1920928955078125e-07, 1.6391277313232422e-07, 0.9913438558578491, 0.09489817917346954, -0.09072601050138474, -0.12312597036361694, 0.9118924736976624, -0.3915286660194397, 0.04557807371020317, 0.3993075489997864, 0.9156823754310608),
            ["RightUpperArm"] = CFrame.new(-1.1920928955078125e-07, 2.384185791015625e-07, -4.470348358154297e-08, 0.260797917842865, -0.24500417709350586, 0.9337860345840454, 0.927975058555603, -0.20306585729122162, -0.31245583295822144, 0.2661706209182739, 0.9480175971984863, 0.17439909279346466),
            ["UpperTorso"] = CFrame.new(3.725290298461914e-09, 2.086162567138672e-07, 2.2351741790771484e-08, 0.986535370349884, -0.13638707995414734, 0.09025869518518448, 0.04090643301606178, 0.7401077747344971, 0.671242892742157, -0.15835003554821014, -0.6585127711296082, 0.7357217073440552),
            ["HumanoidRootPart"] = CFrame.new(0, 0, 0, 1, 0, 0, 0, 1, 0, 0, 0, 1),
            ["RightHand"] = CFrame.new(-1.7881393432617188e-07, 1.1920928955078125e-07, -1.1920928955078125e-07, 0.953093945980072, 0.10861679911613464, -0.2825118601322174, -0.06522422283887863, 0.9851663112640381, 0.15872317552566528, 0.2955634295940399, -0.13285239040851593, 0.9460412263870239),
            ["LeftUpperArm"] = CFrame.new(1.7881393432617188e-07, 3.5762786865234375e-07, 2.682209014892578e-07, 0.6634749174118042, 0.1636197417974472, -0.7300885915756226, -0.6939681172370911, 0.4993060827255249, -0.5187519192695618, 0.2796594500541687, 0.8508360981941223, 0.444822758436203),
            ["RightLowerArm"] = CFrame.new(-2.384185791015625e-07, -1.1920928955078125e-07, 1.4901161193847656e-08, 1, -4.4703490686970326e-08, -2.9802254886135415e-08, 7.450562122812698e-08, 0.947739839553833, -0.3190445303916931, 8.56814637018033e-08, 0.3190445005893707, 0.9477397203445435),
            ["LeftHand"] = CFrame.new(8.195638656616211e-08, 1.7881393432617188e-07, 0, 0.40380358695983887, -0.1492554396390915, 0.9025877714157104, 0.2751360535621643, 0.9607405066490173, 0.035778820514678955, -0.8724923729896545, 0.23388156294822693, 0.4290166199207306),
            ["RightUpperLeg"] = CFrame.new(-5.960464477539063e-08, 3.91155481338501e-08, 3.55576048605144e-08, 0.9451417326927185, -0.2314964383840561, 0.230470210313797, 0.3122135400772095, 0.43267688155174255, -0.8457620739936829, 0.09607183188199997, 0.8713209629058838, 0.48121732473373413),
            ["LeftUpperLeg"] = CFrame.new(-1.1920928955078125e-07, -1.6763806343078613e-07, -7.450580596923828e-08, 0.9518610835075378, 0.30400246381759644, 0.03928036615252495, -0.10265584290027618, 0.43689286708831787, -0.8936366438865662, -0.2888290286064148, 0.8465855717658997, 0.44706910848617554),
            ["RightLowerLeg"] = CFrame.new(-1.4901161193847656e-08, -0.00006020069122314453, -0.000072002578235697, 1, -1.5646217832454568e-07, -8.940699558479537e-08, 1.7881393432617188e-07, 0.4522566795349121, 0.8918876647949219, -8.940696716308594e-08, -0.8918877840042114, 0.45225709676742554),
            ["RightFoot"] = CFrame.new(-1.2665987014770508e-07, 2.980232238769531e-07, 2.7772330213338137e-08, 0.9523554444313049, 0.304941326379776, -0.005482644308358431, -0.30448412895202637, 0.9516561627388, 0.04049680382013321, 0.01756674237549305, -0.036897990852594376, 0.9991647005081177),
            ["LeftLowerLeg"] = CFrame.new(1.4901161193847656e-07, 0.000060558319091796875, 0.00007192790508270264, 1, 4.8428766774577525e-08, 5.21540641784668e-08, -5.960465188081798e-08, 0.4588097631931305, 0.8885345458984375, 7.450581307466564e-08, -0.8885344862937927, 0.45880985260009766),
        }},
        {Time = 0.233, Data = {
            ["LeftFoot"] = CFrame.new(2.9802322387695312e-08, 0, 2.9802322387695312e-08, 0.96021968126297, -0.23599259555339813, -0.14928403496742249, 0.22864864766597748, 0.9713481068611145, -0.06482889503240585, 0.1603059470653534, 0.028116367757320404, 0.9866669178009033),
            ["LeftLowerArm"] = CFrame.new(3.5762786865234375e-07, 1.7881393432617188e-07, -2.9802322387695312e-08, 1, -9.313227877782992e-08, 1.3411013810582517e-07, 3.3527527421028935e-08, -0.5, -0.8660253882408142, 1.4156067607018485e-07, 0.8660253882408142, -0.4999999403953552),
            ["LowerTorso"] = CFrame.new(-0.25779739022254944, -0.25254368782043457, 0.19106246531009674, 0.8275662660598755, 0.17235012352466583, -0.5342560410499573, -0.021288400515913963, 0.9606543183326721, 0.276929646730423, 0.5609642267227173, -0.2178041934967041, 0.7986742258071899),
            ["Head"] = CFrame.new(4.470348358154297e-08, 0, -1.2665987014770508e-07, 0.9991118311882019, 0.008457543328404427, -0.04127737879753113, -0.023997563868761063, 0.9194751977920532, -0.3924179673194885, 0.03463562950491905, 0.3930570185184479, 0.9188603758811951),
            ["RightUpperArm"] = CFrame.new(-1.1920928955078125e-07, 0, -2.2351741790771484e-07, 0.2810559570789337, -0.21000169217586517, 0.936432421207428, 0.9087687134742737, -0.25538963079452515, -0.3300270438194275, 0.3084588944911957, 0.9437560439109802, 0.11906500160694122),
            ["UpperTorso"] = CFrame.new(3.725290298461914e-09, 2.384185791015625e-07, -3.725290298461914e-08, 0.9880737662315369, -0.1356203705072403, 0.07292110472917557, 0.048701561987400055, 0.7245044112205505, 0.687547504901886, -0.14607708156108856, -0.6757961511611938, 0.7224686741828918),
            ["HumanoidRootPart"] = CFrame.new(0, 0, 0, 1, 0, 0, 0, 1, 0, 0, 0, 1),
            ["RightHand"] = CFrame.new(5.960464477539063e-08, 0, 1.6391277313232422e-07, 0.9549940824508667, 0.12004917114973068, -0.27124375104904175, -0.07214007526636124, 0.980984091758728, 0.18018318712711334, 0.28771910071372986, -0.1525069773197174, 0.9454951286315918),
            ["LeftUpperArm"] = CFrame.new(5.960464477539063e-08, 2.384185791015625e-07, 1.7881393432617188e-07, 0.6738789677619934, 0.1627461165189743, -0.7206944823265076, -0.6899329423904419, 0.48761025071144104, -0.5350052118301392, 0.2643478512763977, 0.857758641242981, 0.4408729374408722),
            ["RightLowerArm"] = CFrame.new(-1.1920928955078125e-07, -1.1920928955078125e-07, 0, 1, -5.215407838932151e-08, 2.9802251333421736e-08, 1.192089627011228e-07, 0.948460042476654, -0.3168969452381134, 5.96044813505614e-08, 0.31689685583114624, 0.9484599828720093),
            ["LeftHand"] = CFrame.new(-7.078051567077637e-08, -1.1920928955078125e-07, -3.203749656677246e-07, 0.41259631514549255, -0.16226427257061005, 0.8963449597358704, 0.28035667538642883, 0.9588637351989746, 0.044529739767313004, -0.8666974306106567, 0.23291753232479095, 0.4411156475543976),
            ["RightUpperLeg"] = CFrame.new(-2.9802322387695312e-08, -1.2852251529693604e-07, -1.6952981241047382e-09, 0.9521883726119995, -0.192746102809906, 0.23703667521476746, 0.2986694276332855, 0.42399290204048157, -0.8550009727478027, 0.06429632753133774, 0.8849175572395325, 0.4612882733345032),
            ["LeftUpperLeg"] = CFrame.new(-5.960464477539063e-08, -3.203749656677246e-07, -1.564621925354004e-07, 0.9429250955581665, 0.3315632939338684, 0.03095451183617115, -0.10209307074546814, 0.3763101100921631, -0.9208517074584961, -0.3169690668582916, 0.8651338219642639, 0.3886825442314148),
            ["RightLowerLeg"] = CFrame.new(-1.4901161193847656e-08, -0.00006026029586791992, -0.00007217952952487394, 1, -1.639127589214695e-07, -1.2665991278026922e-07, 1.043081283569336e-07, 0.43244343996047974, 0.9016609787940979, -1.341104507446289e-07, -0.9016610980033875, 0.432443767786026),
            ["RightFoot"] = CFrame.new(-3.725290298461914e-08, 2.384185791015625e-07, -3.892637323588133e-09, 0.9634057283401489, 0.25420787930488586, -0.08501758426427841, -0.26339688897132874, 0.9566370844841003, -0.12436870485544205, 0.04971538111567497, 0.14221110939979553, 0.9885872006416321),
            ["LeftLowerLeg"] = CFrame.new(4.470348358154297e-08, 0.000060558319091796875, 0.00007204711437225342, 1, 5.960464477539063e-08, 4.842878098543224e-08, -1.043081283569336e-07, 0.338964581489563, 0.9407991766929626, 5.960464477539063e-08, -0.9407991766929626, 0.338964581489563),
        }},
        {Time = 0.267, Data = {
            ["LeftFoot"] = CFrame.new(-1.4901161193847656e-08, -5.960464477539063e-08, 7.450580596923828e-09, 0.9525242447853088, -0.2610648572444916, -0.15666110813617706, 0.24501095712184906, 0.962722897529602, -0.11460518091917038, 0.1807406097650528, 0.07078050822019577, 0.980980634689331),
            ["LeftLowerArm"] = CFrame.new(2.384185791015625e-07, 0, -2.9802322387695312e-08, 1, -1.0803343286625022e-07, 1.3411013810582517e-07, 5.96044813505614e-08, -0.4999999403953552, -0.866025447845459, 1.769508060078806e-07, 0.866025447845459, -0.5),
            ["LowerTorso"] = CFrame.new(-0.2467508167028427, -0.27338385581970215, 0.21330459415912628, 0.8259834051132202, 0.17487135529518127, -0.5358838438987732, -0.01237583439797163, 0.9560601711273193, 0.2929092049598694, 0.5635585784912109, -0.23530612885951996, 0.7918539643287659),
            ["Head"] = CFrame.new(1.323064680036623e-08, -1.1920928955078125e-07, -3.2782554626464844e-07, 0.999872088432312, 0.009999857284128666, -0.012478195130825043, -0.014208565466105938, 0.9137029647827148, -0.40613776445388794, 0.007341085467487574, 0.4062596261501312, 0.9137267470359802),
            ["RightUpperArm"] = CFrame.new(-5.960464477539063e-08, 1.1920928955078125e-07, -2.980232238769531e-07, 0.3012427091598511, -0.18898798525333405, 0.9346310496330261, 0.8950461745262146, -0.2819945514202118, -0.345505952835083, 0.328854501247406, 0.9406182765960693, 0.08420509845018387),
            ["UpperTorso"] = CFrame.new(1.862645149230957e-09, 2.086162567138672e-07, 2.9802322387695312e-08, 0.9889886975288391, -0.13495194911956787, 0.06074091047048569, 0.05490706115961075, 0.715740442276001, 0.6962046027183533, -0.13742883503437042, -0.6852033138275146, 0.7152690291404724),
            ["HumanoidRootPart"] = CFrame.new(0, 0, 0, 1, 0, 0, 0, 1, 0, 0, 0, 1),
            ["RightHand"] = CFrame.new(-1.7881393432617188e-07, -1.1920928955078125e-07, -1.341104507446289e-07, 0.9565144181251526, 0.12824466824531555, -0.26197704672813416, -0.0775044858455658, 0.9776178002357483, 0.19559313356876373, 0.2811996042728424, -0.16678376495838165, 0.9450457096099854),
            ["LeftUpperArm"] = CFrame.new(5.960464477539063e-08, 1.1920928955078125e-07, -1.6391277313232422e-07, 0.6795961260795593, 0.16146434843540192, -0.7155963182449341, -0.6868053674697876, 0.48281484842300415, -0.5433141589164734, 0.257774293422699, 0.8607085347175598, 0.43901219964027405),
            ["RightLowerArm"] = CFrame.new(1.1920928955078125e-07, -2.384185791015625e-07, -4.470348358154297e-08, 1, -5.960465898624534e-08, -1.490112211399719e-08, 7.45055857009902e-08, 0.9496817588806152, -0.3132166266441345, 5.215390785906493e-08, 0.3132166266441345, 0.9496817588806152),
            ["LeftHand"] = CFrame.new(1.4901161193847656e-07, 1.1920928955078125e-07, -2.0116567611694336e-07, 0.42146486043930054, -0.17695842683315277, 0.8894109725952148, 0.2878364026546478, 0.9561662673950195, 0.05384187400341034, -0.8599520921707153, 0.233306422829628, 0.45392635464668274),
            ["RightUpperLeg"] = CFrame.new(-8.940696716308594e-08, -1.5832483768463135e-07, -3.894820110872388e-08, 0.9557363986968994, -0.18693992495536804, 0.2272038459777832, 0.281781941652298, 0.3593696355819702, -0.889636218547821, 0.08465836197137833, 0.9142795205116272, 0.3961388170719147),
            ["LeftUpperLeg"] = CFrame.new(-5.960464477539063e-08, -1.695007085800171e-07, -1.6391277313232422e-07, 0.9357191324234009, 0.3511990010738373, 0.0330001600086689, -0.11829295009374619, 0.4005511403083801, -0.9086064696311951, -0.3323199450969696, 0.8462966680526733, 0.4163477122783661),
