return {
    ["Kiss Kiss"] = {
        {Time = 0.000, Data = {
            ["LeftFoot"] = CFrame.new(-4.470348358154297e-08, 0, -2.60770320892334e-08, 0.9730992317199707, -0.22159281373023987, -0.06304480880498886, 0.1927962452173233, 0.9330524206161499, -0.3037148118019104, 0.1261250078678131, 0.2833900451660156, 0.9506748914718628),
            ["LeftLowerArm"] = CFrame.new(-2.682209014892578e-07, 0.0000013709068298339844, 7.450580596923828e-08, 1, -1.862644971595273e-08, -7.450580596923828e-09, 5.122272828117502e-09, 0.9562579989433289, -0.29252463579177856, 9.313223525708736e-10, 0.29252466559410095, 0.9562580585479736),
            ["LowerTorso"] = CFrame.new(-0.060349367558956146, -0.21315300464630127, 0.0027048811316490173, 0.9634882807731628, -0.011835361830890179, -0.267488956451416, -6.457552785832377e-07, 0.9990224838256836, -0.044205255806446075, 0.26775065064430237, 0.04259141534566879, 0.9625464081764221),
            ["Head"] = CFrame.new(3.725290298461914e-09, 1.1920928955078125e-07, -4.0046870708465576e-08, 0.901966392993927, 0.012603912502527237, 0.43162232637405396, 0.05526302382349968, 0.9879846572875977, -0.14433418214321136, -0.42825546860694885, 0.15403734147548676, 0.8904323577880859),
            ["RightUpperArm"] = CFrame.new(0, -3.5762786865234375e-07, -5.960464477539063e-08, 0.9516635537147522, -0.1559910923242569, 0.26458147168159485, 0.1991533637046814, 0.9691946506500244, -0.1449129283428192, -0.23382577300071716, 0.19060064852237701, 0.9534133076667786),
            ["UpperTorso"] = CFrame.new(-7.20660864317324e-10, 4.76837158203125e-07, -3.725290298461914e-09, 0.9846228957176208, 0.015636250376701355, -0.1739923506975174, 0.01881888136267662, 0.9806964993476868, 0.1946287751197815, 0.173676997423172, -0.19491028785705566, 0.9653218984603882),
            ["HumanoidRootPart"] = CFrame.new(0, 0, 0, 1, 0, 0, 0, 1, 0, 0, 0, 1),
            ["RightHand"] = CFrame.new(-1.0058283805847168e-07, -1.7881393432617188e-07, -2.9802322387695312e-08, 0.9714025259017944, 0.06716663390398026, -0.22774066030979156, -0.12078907340765, 0.9655598402023315, -0.23044371604919434, 0.2044191062450409, 0.2513621747493744, 0.946060299873352),
            ["LeftUpperArm"] = CFrame.new(5.960464477539063e-08, 0, -5.960464477539063e-08, 0.9615663886070251, 0.14651158452033997, 0.2322167456150055, -0.13079407811164856, 0.9880307912826538, -0.08178043365478516, -0.24141904711723328, 0.048264726996421814, 0.9692200422286987),
            ["RightLowerArm"] = CFrame.new(4.76837158203125e-07, 5.960464477539063e-08, 2.9802322387695312e-08, 1, -2.1420426321583363e-08, 9.313230187046884e-09, 2.421439226907296e-08, 0.9937958717346191, -0.11121947318315506, 6.05359806726824e-09, 0.11121946573257446, 0.9937959313392639),
            ["LeftHand"] = CFrame.new(-2.9802322387695312e-08, 7.152557373046875e-07, -2.384185791015625e-07, 0.9572761058807373, -0.034261271357536316, -0.28713881969451904, 0.041531678289175034, 0.9989514350891113, 0.019265785813331604, 0.2861776351928711, -0.03036801517009735, 0.9576952457427979),
            ["RightUpperLeg"] = CFrame.new(1.1920928955078125e-07, 2.0116567611694336e-07, -1.6952981241047382e-09, 0.8970943689346313, -0.3213983178138733, -0.30319082736968994, 0.29639700055122375, 0.946649432182312, -0.12650690972805023, 0.3276746869087219, 0.023623714223504066, 0.9444953203201294),
            ["LeftUpperLeg"] = CFrame.new(-1.7881393432617188e-07, 1.5972182154655457e-07, 5.21540641784668e-08, 0.9625813961029053, 0.2548329532146454, -0.09218081831932068, -0.23282822966575623, 0.6036438345909119, -0.7624990344047546, -0.13866549730300903, 0.7554299831390381, 0.6403888463973999),
            ["RightLowerLeg"] = CFrame.new(-1.4901161193847656e-07, -0.000003635883331298828, -0.00001326033816440031, 1, 1.4901159417490817e-08, -1.7881399116959074e-07, 1.527369164477932e-07, 0.7490267753601074, 0.662539005279541, -2.2351745343485163e-08, -0.6625398397445679, 0.7490274906158447),
            ["RightFoot"] = CFrame.new(2.2351741790771484e-08, 1.1920928955078125e-07, -7.281050784513354e-08, 0.9611119031906128, 0.27615290880203247, -0.0019555415492504835, -0.2352575659751892, 0.8150326609611511, -0.5295044183731079, -0.14463049173355103, 0.5093736052513123, 0.8483049273490906),
            ["LeftLowerLeg"] = CFrame.new(2.0116567611694336e-07, 0.000003814697265625, 0.000013276934623718262, 1, 5.401671643312511e-08, 8.568170528633345e-08, -7.450581307466564e-08, 0.33402469754219055, 0.9425643086433411, 8.195639367158947e-08, -0.9425643086433411, 0.33402490615844727),
        }},
        {Time = 0.033, Data = {
            ["LeftFoot"] = CFrame.new(-1.1920928955078125e-07, 1.7881393432617188e-07, 4.6566128730773926e-09, 0.968646228313446, -0.24000513553619385, -0.06420420110225677, 0.24151021242141724, 0.9702546000480652, 0.016696739941835403, 0.05828734114766121, -0.031679440289735794, 0.9977971911430359),
            ["LeftLowerArm"] = CFrame.new(0, 8.344650268554688e-07, -7.450580596923828e-08, 1, -2.6077014325665004e-08, 3.7252889661942845e-09, 1.3969836842875338e-08, 0.9562528729438782, -0.29254150390625, -9.313224857976365e-09, 0.2925414741039276, 0.9562528729438782),
            ["LowerTorso"] = CFrame.new(-0.038106612861156464, -0.21064627170562744, 0.01250949501991272, 0.9556196331977844, -0.02068319171667099, -0.2938764989376068, 0.007608581800013781, 0.9989324808120728, -0.045564040541648865, 0.29450517892837524, 0.04130590707063675, 0.9547567963600159),
            ["Head"] = CFrame.new(1.816079020500183e-08, 4.76837158203125e-07, -4.377216100692749e-08, 0.9113121628761292, 0.018750928342342377, 0.41128888726234436, 0.04936032369732857, 0.9867811799049377, -0.15435796976089478, -0.4087465703487396, 0.16096961498260498, 0.8983401656150818),
            ["RightUpperArm"] = CFrame.new(0, -5.960464477539062e-07, -8.940696716308594e-08, 0.9569863677024841, -0.1585450917482376, 0.24298256635665894, 0.19907011091709137, 0.9680661559104919, -0.1523781269788742, -0.2110644429922104, 0.19419436156749725, 0.9579876661300659),
            ["UpperTorso"] = CFrame.new(-5.587935447692871e-09, 2.980232238769531e-07, 4.6566128730773926e-09, 0.9921484589576721, 0.010346785187721252, -0.12463687360286713, 0.01542888768017292, 0.9788333177566528, 0.20407706499099731, 0.12411030381917953, -0.2043977528810501, 0.9709882736206055),
            ["HumanoidRootPart"] = CFrame.new(0, 0, 0, 1, 0, 0, 0, 1, 0, 0, 0, 1),
            ["RightHand"] = CFrame.new(-1.6763806343078613e-07, -5.960464477539063e-08, 1.4901161193847656e-08, 0.9714025855064392, 0.06716664135456085, -0.22774064540863037, -0.12078910320997238, 0.9655597805976868, -0.23044371604919434, 0.2044190913438797, 0.2513622045516968, 0.9460602402687073),
            ["LeftUpperArm"] = CFrame.new(-1.1920928955078125e-07, -4.76837158203125e-07, 0, 0.9664900898933411, 0.1471005082130432, 0.21037666499614716, -0.13084015250205994, 0.9873732328414917, -0.08930347859859467, -0.22085687518119812, 0.05878518521785736, 0.973533034324646),
            ["RightLowerArm"] = CFrame.new(6.556510925292969e-07, -7.152557373046875e-07, -3.3527612686157227e-08, 1, 5.587936335871291e-09, -5.587934559514451e-09, 1.0244548320770264e-08, 0.9937940835952759, -0.1112355962395668, -4.656612873077393e-10, 0.1112355887889862, 0.9937940835952759),
            ["LeftHand"] = CFrame.new(2.8312206268310547e-07, 1.1920928955078125e-07, 1.1920928955078125e-07, 0.9572885036468506, -0.034271080046892166, -0.28709614276885986, 0.0415380522608757, 0.9989513754844666, 0.019257517531514168, 0.28613507747650146, -0.030360398814082146, 0.9577082395553589),
            ["RightUpperLeg"] = CFrame.new(5.960464477539063e-08, -7.962808012962341e-08, 2.029992174357176e-09, 0.9138959050178528, -0.2978249788284302, -0.27585291862487793, 0.27069735527038574, 0.9534861445426941, -0.1326167732477188, 0.30251845717430115, 0.04652510583400726, 0.9520074129104614),
            ["LeftUpperLeg"] = CFrame.new(2.9802322387695312e-08, 9.499490261077881e-08, 4.0978193283081055e-08, 0.951485276222229, 0.3076690137386322, -0.003958877641707659, -0.25986939668655396, 0.7966397404670715, -0.5457406044006348, -0.1647539734840393, 0.5202930569648743, 0.8379448652267456),
            ["RightLowerLeg"] = CFrame.new(-1.341104507446289e-07, -0.000003635883331298828, -0.000013230535842012614, 1, -8.940695295223122e-08, -5.960463766996327e-08, 1.3271343846099626e-07, 0.7420066595077515, 0.6703922748565674, 2.607702498380604e-08, -0.6703925728797913, 0.7420068979263306),
            ["RightFoot"] = CFrame.new(2.2351741790771484e-08, 3.5762786865234375e-07, -1.3205863069742918e-08, 0.9661204814910889, 0.2580551207065582, -0.004361043684184551, -0.22108158469200134, 0.818742573261261, -0.5298900008201599, -0.13317027688026428, 0.5129019021987915, 0.8480551838874817),
            ["LeftLowerLeg"] = CFrame.new(-2.9802322387695312e-08, 0.0000037550926208496094, 0.00001329183578491211, 1, 5.960465188081798e-08, 1.862645504502325e-08, -6.70552182668871e-08, 0.8241073489189148, 0.5664336681365967, -2.9802318834981634e-08, -0.5664337873458862, 0.8241073489189148),
        }},
        {Time = 0.067, Data = {
            ["LeftFoot"] = CFrame.new(-1.4901161193847656e-08, -5.960464477539063e-08, -5.587935447692871e-09, 0.961061954498291, -0.2671072781085968, -0.0708078071475029, 0.27009716629981995, 0.9621406197547913, 0.03651260584592819, 0.05837445706129074, -0.054215963929891586, 0.9968215227127075),
            ["LeftLowerArm"] = CFrame.new(-2.9802322387695312e-08, 4.172325134277344e-07, -1.862645149230957e-07, 1, -3.3527591369875154e-08, -1.6763802790364934e-08, 1.769513069405093e-08, 0.9561302065849304, -0.2929418385028839, -1.1175872671742582e-08, 0.2929418385028839, 0.95613032579422),
            ["LowerTorso"] = CFrame.new(0.0032645014580339193, -0.20121371746063232, 0.042412690818309784, 0.9356227517127991, -0.033895399421453476, -0.351370632648468, 0.018584048375487328, 0.9987286925315857, -0.04685835912823677, 0.3525121808052063, 0.0373118557035923, 0.9350631237030029),
            ["Head"] = CFrame.new(2.60770320892334e-08, 3.5762786865234375e-07, 7.82310962677002e-08, 0.9201677441596985, 0.022035183385014534, 0.3909037411212921, 0.04535546153783798, 0.9856939315795898, -0.16232788562774658, -0.3888883888721466, 0.1670985221862793, 0.9060043692588806),
            ["RightUpperArm"] = CFrame.new(1.1920928955078125e-07, -7.152557373046875e-07, -2.9802322387695312e-08, 0.960624098777771, -0.16791501641273499, 0.22137269377708435, 0.20446158945560455, 0.9666860699653625, -0.15399208664894104, -0.18814028799533844, 0.19319072365760803, 0.9629541635513306),
            ["UpperTorso"] = CFrame.new(-6.51925802230835e-09, 1.4901161193847656e-07, -2.0954757928848267e-09, 0.9991390109062195, 0.004830367863178253, -0.041207849979400635, 0.004000148270279169, 0.9773580431938171, 0.21155445277690887, 0.04129676893353462, -0.21153707802295685, 0.9764971733093262),
            ["HumanoidRootPart"] = CFrame.new(0, 0, 0, 1, 0, 0, 0, 1, 0, 0, 0, 1),
            ["RightHand"] = CFrame.new(2.7567148208618164e-07, 0, 8.940696716308594e-08, 0.971402645111084, 0.06716504693031311, -0.22774046659469604, -0.12078473716974258, 0.9655633568763733, -0.23043107986450195, 0.20442095398902893, 0.25134894251823425, 0.9460633993148804),
            ["LeftUpperArm"] = CFrame.new(1.7881393432617188e-07, -1.1920928955078125e-07, -5.960464477539063e-08, 0.9720216393470764, 0.14080019295215607, 0.188014417886734, -0.1253884732723236, 0.9878747463226318, -0.09154976159334183, -0.19862492382526398, 0.06541353464126587, 0.9778901934623718),
            ["RightLowerArm"] = CFrame.new(0.0000010728836059570312, 7.152557373046875e-07, 8.195638656616211e-08, 1, -2.6077035641947077e-08, -3.725290742551124e-09, 2.3748725652694702e-08, 0.9937728047370911, -0.11142577975988388, 4.6566128730773926e-09, 0.11142577975988388, 0.9937727451324463),
            ["LeftHand"] = CFrame.new(4.470348358154297e-08, 2.980232238769531e-07, -1.7881393432617188e-07, 0.9576101303100586, -0.03453066572546959, -0.2859904170036316, 0.04170648008584976, 0.9989485144615173, 0.019036483019590378, 0.2850323021411896, -0.03015713021159172, 0.9580433964729309),
            ["RightUpperLeg"] = CFrame.new(0, -6.705522537231445e-08, 5.418405635282397e-08, 0.9439914226531982, -0.25001436471939087, -0.21534423530101776, 0.2194780707359314, 0.9630640745162964, -0.15600337088108063, 0.24639344215393066, 0.10000228136777878, 0.9639968276023865),
            ["LeftUpperLeg"] = CFrame.new(0, 9.359791874885559e-08, -3.725290298461914e-09, 0.9267250299453735, 0.37323281168937683, 0.043333861976861954, -0.3000450134277344, 0.8045136332511902, -0.5125731229782104, -0.22617188096046448, 0.4620121717453003, 0.8575494289398193),
            ["RightLowerLeg"] = CFrame.new(-1.4156103134155273e-07, -0.0000036954879760742188, -0.000013230535842012614, 1, -1.0430814256778831e-07, 5.960465898624534e-08, 1.3411046495548362e-07, 0.7293667793273926, 0.6841223239898682, 6.33299421792799e-08, -0.6841229200363159, 0.7293673157691956),
            ["RightFoot"] = CFrame.new(3.725290298461914e-08, 3.5762786865234375e-07, 6.129994289949536e-08, 0.9755594730377197, 0.21957741677761078, -0.00834026001393795, -0.19146817922592163, 0.830825924873352, -0.5225589275360107, -0.10781306773424149, 0.5113846063613892, 0.852562427520752),
            ["LeftLowerLeg"] = CFrame.new(-7.450580596923828e-09, 0.000003814697265625, 0.000013068318367004395, 1, 1.5832485544819974e-08, 1.862645593320167e-09, -6.705522537231445e-08, 0.8562638759613037, 0.5165386199951172, 2.2351741790771484e-08, -0.5165387392044067, 0.8562638759613037),
        }},
        {Time = 0.100, Data = {
            ["LeftFoot"] = CFrame.new(6.705522537231445e-08, 0, 3.166496753692627e-08, 0.9491618275642395, -0.2955862581729889, -0.10826263576745987, 0.30871322751045227, 0.9413031339645386, 0.13654524087905884, 0.06154699996113777, -0.16302554309368134, 0.9847003221511841),
            ["LeftLowerArm"] = CFrame.new(-2.980232238769531e-07, 2.980232238769531e-07, 1.1900556273758411e-07, 1, -2.2351736461700966e-08, 7.450577932388569e-09, 3.5390254282674505e-08, 0.955861508846283, -0.29381757974624634, 1.3969836842875338e-08, 0.29381757974624634, 0.955861508846283),
            ["LowerTorso"] = CFrame.new(0.049822140485048294, -0.18000924587249756, 0.09916935861110687, 0.9176734685897827, -0.0404609851539135, -0.39527004957199097, 0.025850683450698853, 0.9987738132476807, -0.04222148284316063, 0.39649370312690735, 0.028527531772851944, 0.9175940752029419),
            ["Head"] = CFrame.new(0, -3.5762786865234375e-07, 1.862645149230957e-08, 0.9294695258140564, 0.021153874695301056, 0.3682921230792999, 0.04406699165701866, 0.9848390221595764, -0.16778011620044708, -0.3662576675415039, 0.17217601835727692, 0.9144455790519714),
            ["RightUpperArm"] = CFrame.new(1.1920928955078125e-07, -3.5762786865234375e-07, -7.450580596923828e-08, 0.9611808061599731, -0.1770293414592743, 0.21164152026176453, 0.21027804911136627, 0.9666087627410889, -0.14646045863628387, -0.17864680290222168, 0.18527856469154358, 0.9663110971450806),
            ["UpperTorso"] = CFrame.new(-9.313225746154785e-09, 1.7881393432617188e-07, 1.257285475730896e-08, 0.9995298981666565, 0.0007579011144116521, 0.03064994141459465, -0.007204156368970871, 0.977510392665863, 0.21076440811157227, -0.02980082482099533, -0.2108861654996872, 0.9770562648773193),
            ["HumanoidRootPart"] = CFrame.new(0, 0, 0, 1, 0, 0, 0, 1, 0, 0, 0, 1),
            ["RightHand"] = CFrame.new(3.3527612686157227e-08, 0, 6.705522537231445e-08, 0.971409797668457, 0.06717891246080399, -0.22770604491233826, -0.12077946960926056, 0.9655750393867493, -0.23038503527641296, 0.20439033210277557, 0.25130051374435425, 0.9460828304290771),
            ["LeftUpperArm"] = CFrame.new(0, 0, 2.9802322387695312e-08, 0.9751167297363281, 0.13322646915912628, 0.17719563841819763, -0.11971119046211243, 0.9891685843467712, -0.08494045585393906, -0.186592698097229, 0.06161455810070038, 0.9805034399032593),
            ["RightLowerArm"] = CFrame.new(1.7881393432617188e-07, 0, -3.725290298461914e-08, 1, 1.862645371275562e-09, -3.725290742551124e-09, 1.210719347000122e-08, 0.993639349937439, -0.11260910332202911, -1.30385160446167e-08, 0.11260910332202911, 0.993639349937439),
            ["LeftHand"] = CFrame.new(-2.8312206268310547e-07, 1.7881393432617188e-07, 2.9802322387695312e-08, 0.9582529067993164, -0.035062044858932495, -0.28376418352127075, 0.04204901307821274, 0.998943030834198, 0.018566858023405075, 0.28281328082084656, -0.029723674058914185, 0.9587143659591675),
            ["RightUpperLeg"] = CFrame.new(-1.4901161193847656e-07, -1.6205012798309326e-07, 6.220943760126829e-09, 0.9654633402824402, -0.19258840382099152, -0.17547181248664856, 0.15992487967014313, 0.969748854637146, -0.18442168831825256, 0.20568101108074188, 0.1499900221824646, 0.9670565128326416),
            ["LeftUpperLeg"] = CFrame.new(1.4901161193847656e-07, -8.66129994392395e-08, -6.984919309616089e-09, 0.8993680477142334, 0.4321421980857849, 0.06625951081514359, -0.3363489508628845, 0.7807464599609375, -0.5265969634056091, -0.2792966067790985, 0.45131826400756836, 0.8475289940834045),
            ["RightLowerLeg"] = CFrame.new(1.1920928955078125e-07, -0.0000035762786865234375, -0.000013394448615144938, 1, -7.450579175838357e-08, -6.705523958316917e-08, 6.332992796842518e-08, 0.7326440811157227, 0.6806115508079529, -4.470347647611561e-08, -0.6806119680404663, 0.7326445579528809),
            ["RightFoot"] = CFrame.new(4.470348358154297e-08, 2.384185791015625e-07, 9.145878721028566e-09, 0.9853456020355225, 0.17031410336494446, -0.009344455786049366, -0.15224410593509674, 0.8534553647041321, -0.4984327554702759, -0.07691492140293121, 0.4925515949726105, 0.866878092288971),
            ["LeftLowerLeg"] = CFrame.new(-1.1175870895385742e-07, 0.000004291534423828125, 0.000013113021850585938, 1, 5.308539385850963e-08, 3.166497108963995e-08, -7.82310962677002e-08, 0.8551011681556702, 0.518461287021637, 1.4901161193847656e-08, -0.5184614062309265, 0.8551011085510254),
        }},
        {Time = 0.133, Data = {
            ["LeftFoot"] = CFrame.new(-1.0058283805847168e-07, -5.960464477539063e-08, 3.166496753692627e-08, 0.9367852210998535, -0.3047000467777252, -0.17202109098434448, 0.34256502985954285, 0.8988154530525208, 0.27345919609069824, 0.07129239290952682, -0.3151010572910309, 0.9463767409324646),
            ["LeftLowerArm"] = CFrame.new(-5.960464477539062e-07, -2.384185791015625e-07, -1.2665987014770508e-07, 1, -3.352760913344355e-08, -1.6763806343078613e-08, 3.539024362453347e-08, 0.9551282525062561, -0.29619261622428894, 8.381900507004048e-09, 0.29619261622428894, 0.9551282525062561),
            ["LowerTorso"] = CFrame.new(0.09245334565639496, -0.15784966945648193, 0.1633886843919754, 0.9202857613563538, -0.042026080191135406, -0.38898342847824097, 0.030819261446595192, 0.9989116787910461, -0.0350087471306324, 0.3900314271450043, 0.020229868590831757, 0.9205793142318726),
            ["Head"] = CFrame.new(5.587935447692871e-08, -2.384185791015625e-07, -5.960464477539063e-08, 0.9414955377578735, 0.01757710427045822, 0.3365669846534729, 0.043556299060583115, 0.9839183688163757, -0.173226997256279, -0.3341992497444153, 0.1777520626783371, 0.9255890250205994),
            ["RightUpperArm"] = CFrame.new(1.1920928955078125e-07, -8.344650268554688e-07, -8.940696716308594e-08, 0.958882749080658, -0.18487636744976044, 0.21532467007637024, 0.21737390756607056, 0.966224730014801, -0.13841405510902405, -0.18246252834796906, 0.17952881753444672, 0.9666834473609924),
            ["UpperTorso"] = CFrame.new(0, 2.682209014892578e-07, -1.1175870895385742e-08, 0.9983623623847961, 0.0041113668121397495, 0.057059645652770996, -0.015981286764144897, 0.977748453617096, 0.20917147397994995, -0.05492988973855972, -0.20974086225032806, 0.9762128591537476),
            ["HumanoidRootPart"] = CFrame.new(0, 0, 0, 1, 0, 0, 0, 1, 0, 0, 0, 1),
            ["RightHand"] = CFrame.new(1.4901161193847656e-08, -2.980232238769531e-07, 1.862645149230957e-08, 0.9714088439941406, 0.06720983237028122, -0.22770129144191742, -0.12077250331640244, 0.9656161069869995, -0.23021668195724487, 0.2043992280960083, 0.2511344850063324, 0.9461250305175781),
            ["LeftUpperArm"] = CFrame.new(1.1920928955078125e-07, -4.76837158203125e-07, -1.4901161193847656e-07, 0.9758656620979309, 0.12576887011528015, 0.17851725220680237, -0.11327756941318512, 0.9904527068138123, -0.07856056839227676, -0.18669332563877106, 0.05644256994128227, 0.9807955622673035),
            ["RightLowerArm"] = CFrame.new(5.364418029785156e-07, 0, 4.470348358154297e-08, 1, -4.330650327233343e-08, -6.5192611309328186e-09, 1.3504175555567599e-08, 0.993082582950592, -0.11741864681243896, -8.381902283360887e-09, 0.11741864681243896, 0.9930825233459473),
            ["LeftHand"] = CFrame.new(-1.862645149230957e-07, 0, 8.940696716308594e-08, 0.9597078561782837, -0.03632768988609314, -0.2786417305469513, 0.042844563722610474, 0.9989314079284668, 0.017331784591078758, 0.2777143716812134, -0.028571657836437225, 0.9602387547492981),
            ["RightUpperLeg"] = CFrame.new(-2.9802322387695312e-08, -4.00003045797348e-07, 7.281050784513354e-08, 0.9693530201911926, -0.14690189063549042, -0.19691255688667297, 0.10896424949169159, 0.9754616022109985, -0.19131536781787872, 0.22018535435199738, 0.16399560868740082, 0.9615736603736877),
            ["LeftUpperLeg"] = CFrame.new(5.960464477539063e-08, 1.469743438065052e-07, 2.421438694000244e-08, 0.8872142434120178, 0.4611421525478363, 0.014089025557041168, -0.358947217464447, 0.709136962890625, -0.6068621277809143, -0.2898409962654114, 0.5333597660064697, 0.7946822643280029),
            ["RightLowerLeg"] = CFrame.new(-5.960464477539063e-08, -0.000003993511199951172, -0.0000133199428091757, 1, -6.705522537231445e-08, 1.1175873559921001e-08, 8.195638656616211e-08, 0.7532564997673035, 0.6577264070510864, 1.6763806343078613e-08, -0.6577268838882446, 0.7532570362091064),
            ["RightFoot"] = CFrame.new(-1.4901161193847656e-08, 2.980232238769531e-07, -3.55576048605144e-08, 0.9921010732650757, 0.12532098591327667, -0.005493043456226587, -0.11301867663860321, 0.8739967942237854, -0.47260570526123047, -0.054426830261945724, 0.4694937765598297, 0.8812569379806519),
            ["LeftLowerLeg"] = CFrame.new(-1.1175870895385742e-08, 0.000003993511199951172, 0.000013187527656555176, 1, 9.40636013524454e-08, 4.3772171665068527e-08, -9.313227167240257e-08, 0.7740817070007324, 0.6330859661102295, -3.725290653733282e-08, -0.6330858469009399, 0.7740815877914429),
        }},
        {Time = 0.167, Data = {
            ["LeftFoot"] = CFrame.new(9.313225746154785e-09, -1.7881393432617188e-07, -7.112976163625717e-08, 0.9368796944618225, -0.2916685938835144, -0.19283747673034668, 0.3434228003025055, 0.8712301254272461, 0.3507397174835205, 0.06570615619421005, -0.39482584595680237, 0.9164034724235535),
            ["LeftLowerArm"] = CFrame.new(1.1920928955078125e-07, 0, -1.341104507446289e-07, 1, -3.911553747570906e-08, 0, 1.862645326866641e-08, 0.9531368613243103, -0.3025396466255188, 2.0489098417897367e-08, 0.3025396466255188, 0.9531368017196655),
            ["LowerTorso"] = CFrame.new(0.11632023006677628, -0.14416825771331787, 0.21418121457099915, 0.9411205053329468, -0.03369700536131859, -0.33638796210289, 0.02485414780676365, 0.9992238879203796, -0.03056027740240097, 0.33715665340423584, 0.020400265231728554, 0.9412274956703186),
            ["Head"] = CFrame.new(-1.30385160446167e-08, 0, -7.82310962677002e-08, 0.9544820785522461, 0.010363391600549221, 0.2980884313583374, 0.044716726988554, 0.98312908411026, -0.17736302316188812, -0.29489749670028687, 0.1826193481683731, 0.9379156231880188),
            ["RightUpperArm"] = CFrame.new(-5.960464477539063e-08, -7.152557373046875e-07, -5.960464477539063e-08, 0.9533929228782654, -0.18488547205924988, 0.23845204710960388, 0.22116264700889587, 0.9657869338989258, -0.1354357749223709, -0.2052537500858307, 0.18186019361019135, 0.961664080619812),
            ["UpperTorso"] = CFrame.new(-3.725290298461914e-09, 1.1920928955078125e-07, -7.450580596923828e-09, 0.9992339015007019, 0.007840528152883053, 0.038344498723745346, -0.01581411436200142, 0.9770726561546326, 0.21231836080551147, -0.03580057621002197, -0.21276207268238068, 0.9764480590820312),
            ["HumanoidRootPart"] = CFrame.new(0, 0, 0, 1, 0, 0, 0, 1, 0, 0, 0, 1),
            ["RightHand"] = CFrame.new(2.384185791015625e-07, -1.1920928955078125e-07, 1.4901161193847656e-08, 0.9714441299438477, 0.06729776412248611, -0.2275242954492569, -0.12071778625249863, 0.965728223323822, -0.2297743558883667, 0.20426329970359802, 0.2506791055202484, 0.9462750554084778),
            ["LeftUpperArm"] = CFrame.new(5.960464477539063e-08, -2.384185791015625e-07, -1.043081283569336e-07, 0.9724594950675964, 0.12539216876029968, 0.196467325091362, -0.11217200011014938, 0.9906952381134033, -0.07707487046718597, -0.20430386066436768, 0.0529140830039978, 0.9774764180183411),
            ["RightLowerArm"] = CFrame.new(0, 2.980232238769531e-07, -7.450580596923828e-09, 1, -4.0512531995773315e-08, -5.587936335871291e-09, 6.51925624595151e-09, 0.9912850856781006, -0.13173407316207886, -1.8626447051417472e-09, 0.13173407316207886, 0.9912851452827454),
            ["LeftHand"] = CFrame.new(-1.4528632164001465e-07, 3.5762786865234375e-07, -1.4901161193847656e-08, 0.9626589417457581, -0.03914456441998482, -0.2678722143173218, 0.044543955475091934, 0.9989078640937805, 0.014106875285506248, 0.2670274078845978, -0.025512171909213066, 0.9633511900901794),
            ["RightUpperLeg"] = CFrame.new(0, 4.675239324569702e-07, -3.5222910810261965e-08, 0.9557669162750244, -0.1399136632680893, -0.2587156593799591, 0.09041543304920197, 0.9767813086509705, -0.19422495365142822, 0.27988362312316895, 0.1622418910264969, 0.946225643157959),
            ["LeftUpperLeg"] = CFrame.new(0, 4.336470738053322e-08, 7.450580596923828e-09, 0.9007881283760071, 0.4330323040485382, -0.032616324722766876, -0.34519678354263306, 0.6684530973434448, -0.658794105052948, -0.2634768784046173, 0.6046929955482483, 0.7516158819198608),
            ["RightLowerLeg"] = CFrame.new(1.043081283569336e-07, -0.0000034570693969726562, -0.000013305041647981852, 1, -6.705523247774181e-08, 1.4901162970204496e-08, 1.3411042232291948e-07, 0.7587020397186279, 0.6514378786087036, -6.332992086299782e-08, -0.6514379382133484, 0.7587020993232727),
            ["RightFoot"] = CFrame.new(9.313225746154785e-09, 3.5762786865234375e-07, -6.535992724820971e-08, 0.9949316382408142, 0.1005484014749527, -0.001039779046550393, -0.08969325572252274, 0.8827505707740784, -0.4612009823322296, -0.045455608516931534, 0.45895686745643616, 0.8872950673103333),
            ["LeftLowerLeg"] = CFrame.new(-4.470348358154297e-08, 0.000003814697265625, 0.000013247132301330566, 1, 3.352760558072987e-08, 4.7963112592697144e-08, -3.725289587919178e-08, 0.6972554326057434, 0.7168226838111877, 2.2351736461700966e-08, -0.7168227434158325, 0.6972556114196777),
        }},
        {Time = 0.200, Data = {
            ["LeftFoot"] = CFrame.new(-7.404014468193054e-08, 5.960464477539063e-08, -2.0489096641540527e-08, 0.9521156549453735, -0.2760987877845764, -0.13132193684577942, 0.302163302898407, 0.9152514934539795, 0.26648086309432983, 0.046617601066827774, -0.2934010922908783, 0.9548521041870117),
            ["LeftLowerArm"] = CFrame.new(2.9802322387695312e-08, 4.76837158203125e-07, 0, 1, -1.6763795684937577e-08, 1.862644793959589e-08, 2.8871003365793513e-08, 0.9481697082519531, -0.31776443123817444, 5.587936335871291e-09, 0.3177644908428192, 0.9481697082519531),
            ["LowerTorso"] = CFrame.new(0.12465539574623108, -0.13882625102996826, 0.2590774893760681, 0.9605770111083984, -0.020271334797143936, -0.27727416157722473, 0.013945531100034714, 0.9995959997177124, -0.02476750873029232, 0.2776642143726349, 0.019924363121390343, 0.9604715704917908),
            ["Head"] = CFrame.new(1.6298145055770874e-09, 2.384185791015625e-07, 3.725290298461914e-09, 0.967151939868927, 0.000008332020115631167, 0.2541992962360382, 0.0473797544836998, 0.9824703335762024, -0.18029792606830597, -0.24974477291107178, 0.18641939759254456, 0.9501975774765015),
            ["RightUpperArm"] = CFrame.new(2.384185791015625e-07, -4.76837158203125e-07, 0, 0.9456603527069092, -0.18092797696590424, 0.27016976475715637, 0.22331130504608154, 0.9653280973434448, -0.13518096506595612, -0.23634445667266846, 0.1881672739982605, 0.9532756209373474),
            ["UpperTorso"] = CFrame.new(3.725290298461914e-09, 2.384185791015625e-07, -2.2351741790771484e-08, 0.9998027682304382, 0.01037854328751564, 0.016931459307670593, -0.01376742497086525, 0.9766726493835449, 0.2142920345067978, -0.014312414452433586, -0.2144828885793686, 0.9766228795051575),
            ["HumanoidRootPart"] = CFrame.new(0, 0, 0, 1, 0, 0, 0, 1, 0, 0, 0, 1),
            ["RightHand"] = CFrame.new(1.1920928955078125e-07, 0, 2.421438694000244e-08, 0.9715535044670105, 0.06747017055749893, -0.22700586915016174, -0.12056922167539597, 0.9659491777420044, -0.22892233729362488, 0.20383065938949585, 0.24978014826774597, 0.9466060996055603),
            ["LeftUpperArm"] = CFrame.new(1.1920928955078125e-07, -8.344650268554688e-07, -1.4901161193847656e-08, 0.9674460887908936, 0.13139976561069489, 0.21629242599010468, -0.11766934394836426, 0.9901986122131348, -0.07523682713508606, -0.2240585833787918, 0.04733659327030182, 0.9734254479408264),
            ["RightLowerArm"] = CFrame.new(2.980232238769531e-07, -1.7881393432617188e-07, 4.6566128730773926e-09, 1, -2.9569488191327764e-08, 1.862645593320167e-09, 1.4901162970204496e-08, 0.9863026142120361, -0.1649458408355713, 9.31322685637781e-10, 0.1649458259344101, 0.9863026738166809),
            ["LeftHand"] = CFrame.new(-4.0978193283081055e-08, 4.172325134277344e-07, -2.9802322387695312e-08, 0.9677711129188538, -0.04475445672869682, -0.2478230595588684, 0.04782160744071007, 0.9988356232643127, 0.006367512047290802, 0.2472495138645172, -0.01801355741918087, 0.9687844514846802),
            ["RightUpperLeg"] = CFrame.new(1.1920928955078125e-07, 2.654269337654114e-07, -1.6596459317952394e-08, 0.937950074672699, -0.15584148466587067, -0.3097792863845825, 0.08667682856321335, 0.9703316688537598, -0.22570720314979553, 0.3357631266117096, 0.1848512887954712, 0.92363041639328),
            ["LeftUpperLeg"] = CFrame.new(8.940696716308594e-08, 2.7706846594810486e-07, -3.725290298461914e-09, 0.9219201803207397, 0.38732773065567017, -0.006368972361087799, -0.2959926426410675, 0.6937267184257507, -0.6566057205200195, -0.2499033361673355, 0.6072237491607666, 0.7542071342468262),
            ["RightLowerLeg"] = CFrame.new(2.2351741790771484e-08, -0.000003635883331298828, -0.00001326033816440031, 1, -1.7136335372924805e-07, 7.4505820180093e-08, 8.940694584680386e-08, 0.7348796129226685, 0.6781971454620361, -7.450579175838357e-08, -0.6781975626945496, 0.7348800301551819),
            ["RightFoot"] = CFrame.new(5.960464477539063e-08, 1.7881393432617188e-07, 1.6952981241047382e-09, 0.9960922598838806, 0.08823629468679428, -0.003819507546722889, -0.08033252507448196, 0.887200117111206, -0.4543372690677643, -0.03670034557580948, 0.45286914706230164, 0.8908215761184692),
            ["LeftLowerLeg"] = CFrame.new(-7.171183824539185e-08, 0.0000040531158447265625, 0.000013217329978942871, 1, 8.509959315006199e-08, 1.210719791089332e-08, -8.66129994392395e-08, 0.6449573636054993, 0.7642185091972351, 1.4435499906539917e-08, -0.7642185091972351, 0.6449574828147888),
        }},
        {Time = 0.233, Data = {
            ["LeftFoot"] = CFrame.new(-7.916241884231567e-08, 5.960464477539063e-08, -1.4901161193847656e-08, 0.9682193398475647, -0.2481219470500946, -0.031415704637765884, 0.24965448677539825, 0.9663457870483398, 0.06203477457165718, 0.014966229908168316, -0.0679064616560936, 0.9975795149803162),
            ["LeftLowerArm"] = CFrame.new(-2.086162567138672e-07, -7.152557373046875e-07, -9.313225746154785e-10, 1, -3.492458944265309e-08, 0, 2.328306969445748e-08, 0.9375806450843811, -0.3477679193019867, 3.2596298993325945e-09, 0.3477678894996643, 0.9375807046890259),
            ["LowerTorso"] = CFrame.new(0.11884661763906479, -0.14299285411834717, 0.2998395264148712, 0.9739799499511719, -0.007429488934576511, -0.2265125960111618, 0.004468045197427273, 0.9998977780342102, -0.013583986088633537, 0.2265903502702713, 0.012218460440635681, 0.9739135503768921),
            ["Head"] = CFrame.new(-3.073364496231079e-08, 3.5762786865234375e-07, -1.234002411365509e-08, 0.9781274795532227, -0.012843010015785694, 0.20760957896709442, 0.051509566605091095, 0.9819604158401489, -0.18193568289279938, -0.20152783393859863, 0.18865016102790833, 0.9611439108848572),
            ["RightUpperArm"] = CFrame.new(-1.1920928955078125e-07, -4.76837158203125e-07, 5.960464477539063e-08, 0.93678218126297, -0.17683210968971252, 0.3019430637359619, 0.22663761675357819, 0.9640761613845825, -0.13853751122951508, -0.26659825444221497, 0.19821111857891083, 0.9432060718536377),
            ["UpperTorso"] = CFrame.new(-1.3969838619232178e-08, 1.7881393432617188e-07, -4.842877388000488e-08, 0.9998677372932434, 0.015052169561386108, 0.006167951039969921, -0.016014138236641884, 0.9774085283279419, 0.21075139939785004, -0.002856326987966895, -0.21082225441932678, 0.9775203466415405),
            ["HumanoidRootPart"] = CFrame.new(0, 0, 0, 1, 0, 0, 0, 1, 0, 0, 0, 1),
            ["RightHand"] = CFrame.new(-5.681067705154419e-08, 1.1920928955078125e-07, -1.4901161193847656e-08, 0.9718762040138245, 0.06767597049474716, -0.22555862367153168, -0.12017714232206345, 0.9662382006645203, -0.22790613770484924, 0.20251959562301636, 0.2486034780740738, 0.9471970200538635),
            ["LeftUpperArm"] = CFrame.new(1.1920928955078125e-07, -2.384185791015625e-07, 0, 0.9638027548789978, 0.14305159449577332, 0.22499029338359833, -0.1307937055826187, 0.9890366792678833, -0.0685538500547409, -0.23233044147491455, 0.036645080894231796, 0.9719463586807251),
            ["RightLowerArm"] = CFrame.new(0.0000011920928955078125, -4.76837158203125e-07, 8.940696716308594e-08, 1, -4.284084198502569e-08, 9.313229298868464e-09, 1.1175868230850483e-08, 0.9738461375236511, -0.22720874845981598, 6.51925624595151e-09, 0.22720873355865479, 0.9738461971282959),
            ["LeftHand"] = CFrame.new(-1.210719347000122e-08, 1.7881393432617188e-07, 7.450580596923828e-09, 0.9749510884284973, -0.054240718483924866, -0.21570445597171783, 0.053463514894247055, 0.9985252618789673, -0.009440617635846138, 0.21589840948581696, -0.002328181406483054, 0.9764131307601929),
            ["RightUpperLeg"] = CFrame.new(-8.940696716308594e-08, 7.404014468193054e-08, -7.283233571797609e-09, 0.9238554835319519, -0.18421754240989685, -0.335492342710495, 0.08641098439693451, 0.9543090462684631, -0.28605490922927856, 0.3728595972061157, 0.23528316617012024, 0.8975620269775391),
            ["LeftUpperLeg"] = CFrame.new(0, 4.5797787606716156e-07, -6.51925802230835e-08, 0.9371805191040039, 0.3423146605491638, 0.0671827495098114, -0.2334132045507431, 0.7584550380706787, -0.6084935069084167, -0.25925126671791077, 0.5545868277549744, 0.7907099723815918),
            ["RightLowerLeg"] = CFrame.new(5.21540641784668e-08, -0.0000036954879760742188, -0.000013245437003206462, 1, -1.3411046495548362e-07, -4.4703497792397684e-08, 1.266598843585598e-07, 0.6861158609390259, 0.7274917960166931, 2.7939680791178034e-08, -0.7274922728538513, 0.6861163377761841),
            ["RightFoot"] = CFrame.new(0, 1.7881393432617188e-07, -1.1751399142667651e-07, 0.9962189793586731, 0.08547739684581757, -0.015536894090473652, -0.08338369429111481, 0.8905283212661743, -0.4472205340862274, -0.02439119480550289, 0.44682538509368896, 0.8942887783050537),
            ["LeftLowerLeg"] = CFrame.new(2.7008354663848877e-08, 0.000004112720489501953, 0.000013373792171478271, 1, 2.793966391578806e-09, 1.862645326866641e-08, -8.381903882082042e-08, 0.6069060564041138, 0.7947734594345093, 3.3527616238870905e-08, -0.7947736382484436, 0.6069063544273376),
        }},
        {Time = 0.267, Data = {
            ["LeftFoot"] = CFrame.new(5.3085386753082275e-08, -1.7881393432617188e-07, 7.450580596923828e-09, 0.97625333070755, -0.21045361459255219, 0.05136958137154579, 0.21531836688518524, 0.968733012676239, -0.1232643648982048, -0.023821968585252762, 0.13139843940734863, 0.9910434484481812),
            ["LeftLowerArm"] = CFrame.new(-8.046627044677734e-07, 1.1920928955078125e-07, -4.132743924856186e-09, 1, -4.027968358855105e-08, 6.51925802230835e-09, 2.2584567105354836e-08, 0.9192206263542175, -0.3937428891658783, 1.0244545656235005e-08, 0.3937429189682007, 0.9192206263542175),
            ["LowerTorso"] = CFrame.new(0.10531241446733475, -0.15095770359039307, 0.3368515074253082, 0.9827089905738831, 0.001232509850524366, -0.1851530224084854, -0.001132423523813486, 0.9999991655349731, 0.0006463092868216336, 0.18515366315841675, -0.0004254622617736459, 0.9827094674110413),
            ["Head"] = CFrame.new(3.026798367500305e-09, -1.1920928955078125e-07, -5.21540641784668e-08, 0.9864868521690369, -0.0270389411598444, 0.16159391403198242, 0.05691162496805191, 0.9814247488975525, -0.18321168422698975, -0.15363839268684387, 0.1899324357509613, 0.9697015285491943),
            ["RightUpperArm"] = CFrame.new(1.1920928955078125e-07, -8.344650268554688e-07, -7.450580596923828e-08, 0.9247651100158691, -0.17481353878974915, 0.3380085825920105, 0.23446770012378693, 0.9613568782806396, -0.1442844420671463, -0.29972395300865173, 0.21268126368522644, 0.9300174117088318),
            ["UpperTorso"] = CFrame.new(4.656612873077393e-10, 2.682209014892578e-07, 2.2118911147117615e-09, 0.9997121095657349, 0.023587625473737717, 0.004422664642333984, -0.023993421345949173, 0.9785224199295044, 0.2047397941350937, 0.0005016214563511312, -0.20478691160678864, 0.9788064956665039),
            ["HumanoidRootPart"] = CFrame.new(0, 0, 0, 1, 0, 0, 0, 1, 0, 0, 0, 1),
            ["RightHand"] = CFrame.new(-1.7369166016578674e-07, 0, 4.842877388000488e-08, 0.9726223945617676, 0.06766603142023087, -0.22232194244861603, -0.11929410696029663, 0.9663811326026917, -0.22776401042938232, 0.19943584501743317, 0.2480500042438507, 0.9479960203170776),
            ["LeftUpperArm"] = CFrame.new(0, -5.960464477539062e-07, -2.9802322387695312e-08, 0.9616380333900452, 0.15750743448734283, 0.22459693253040314, -0.15002469718456268, 0.9874114990234375, -0.05011272430419922, -0.2296626716852188, 0.014495164155960083, 0.9731623530387878),
            ["RightLowerArm"] = CFrame.new(4.76837158203125e-07, -9.5367431640625e-07, 7.450580596923828e-09, 1, -4.4703490686970326e-08, -3.7252898543727042e-09, 2.1187583243431618e-08, 0.9462589621543884, -0.323410302400589, -2.095475259977775e-08, 0.3234102725982666, 0.9462589025497437),
            ["LeftHand"] = CFrame.new(6.752088665962219e-09, 2.384185791015625e-07, 1.1920928955078125e-07, 0.9826958179473877, -0.06716622412204742, -0.17262010276317596, 0.0618349052965641, 0.9974339008331299, -0.036084987223148346, 0.17460083961486816, 0.024786660447716713, 0.9843272566795349),
            ["RightUpperLeg"] = CFrame.new(-2.9802322387695312e-08, -2.551969373598695e-07, 1.114603946916759e-07, 0.9154652953147888, -0.2129438817501068, -0.3414355516433716, 0.0849737599492073, 0.9316717386245728, -0.35322436690330505, 0.3933228552341461, 0.2943513095378876, 0.8710076212882996),
            ["LeftUpperLeg"] = CFrame.new(0, -1.5497789718210697e-08, 2.5727786123752594e-08, 0.9444764852523804, 0.2979108989238739, 0.1386120766401291, -0.18244710564613342, 0.8263278603553772, -0.5328186750411987, -0.27327144145965576, 0.47794491052627563, 0.8348000049591064),
