return {
    ["Koi Dance"] = {
        {Time = 0.000, Data = {
            ["RightFoot"] = CFrame.new(2.561137080192566e-09, 1.1920928955078125e-07, -7.281050784513354e-08, 0.9918891191482544, 0.005962066352367401, -0.12696610391139984, -0.04369020834565163, 0.9540271162986755, -0.2965187430381775, 0.11936116218566895, 0.29966145753860474, 0.946549654006958),
            ["LeftLowerArm"] = CFrame.new(-1.7881393432617188e-07, -5.364418029785156e-07, 0, 1, -1.192093321833454e-07, 0, 1.0430814256778831e-07, -0.23860608041286469, -0.9711164832115173, 9.685756197086448e-08, 0.9711165428161621, -0.23860585689544678),
            ["RightUpperArm"] = CFrame.new(0, 1.1920928955078125e-07, -1.862645149230957e-08, 0.8746318817138672, -0.034740548580884933, 0.48354145884513855, 0.2349170744419098, 0.9028715491294861, -0.3600515127182007, -0.4240673780441284, 0.4285046458244324, 0.7978413105010986),
            ["Head"] = CFrame.new(8.483766578137875e-09, 0, 1.0186340659856796e-09, 0.9313178062438965, -0.19095955789089203, -0.31013205647468567, 0.1943075805902481, 0.9807291626930237, -0.020369458943605423, 0.3080451786518097, -0.04129055142402649, 0.9504753351211548),
            ["RightHand"] = CFrame.new(0, 5.960464477539063e-08, -4.172325134277344e-07, -0.0759563148021698, -0.13067343831062317, -0.9885115623474121, -0.7650991082191467, 0.643376886844635, -0.026259783655405045, 0.6394168734550476, 0.754314661026001, -0.14884652197360992),
            ["UpperTorso"] = CFrame.new(6.984919309616089e-09, -5.960464477539063e-08, -5.122274160385132e-09, 0.9972520470619202, -0.040121834725141525, 0.062278930097818375, 0.02889394760131836, 0.9847225546836853, 0.1717168688774109, -0.06821703165769577, -0.1694454848766327, 0.9831758737564087),
            ["HumanoidRootPart"] = CFrame.new(0, 0, 0, 1, 0, 0, 0, 1, 0, 0, 0, 1),
            ["RightUpperLeg"] = CFrame.new(0, -3.3527612686157227e-08, -1.6952981241047382e-09, 0.9974759817123413, -0.053724903613328934, 0.046426352113485336, 0.05954625457525253, 0.9890843629837036, -0.13478301465511322, -0.038678448647260666, 0.13720719516277313, 0.9897869825363159),
            ["LeftUpperArm"] = CFrame.new(0, 1.1920928955078125e-07, 4.0978193283081055e-08, 0.9094781279563904, 0.3379829227924347, 0.24211016297340393, -0.19465379416942596, 0.8607357144355774, -0.47036585211753845, -0.3673681914806366, 0.38065966963768005, 0.8486099243164062),
            ["RightLowerArm"] = CFrame.new(-3.5762786865234375e-07, 1.1920928955078125e-07, 0, 1, -2.2351745343485163e-08, 8.940698137394065e-08, 1.4901162614933128e-07, -0.13909907639026642, -0.9902785420417786, 8.940698137394065e-08, 0.9902785420417786, -0.13909901678562164),
            ["LeftHand"] = CFrame.new(-1.4901161193847656e-07, -2.384185791015625e-07, 1.7136335372924805e-07, 0.24034874141216278, 0.16982592642307281, 0.9557152390480042, 0.38480639457702637, 0.8872367739677429, -0.2544306814670563, -0.8911545872688293, 0.42891737818717957, 0.14789646863937378),
            ["LeftFoot"] = CFrame.new(6.146728992462158e-08, 1.1920928955078125e-07, 1.4901161193847656e-08, 0.9964241981506348, -0.027242381125688553, -0.07998000085353851, 0.03447313979268074, 0.9953027367591858, 0.09046634286642075, 0.07713982462882996, -0.09290004521608353, 0.9926828145980835),
            ["LowerTorso"] = CFrame.new(0.07643251121044159, -0.056377410888671875, -0.061188772320747375, 0.8754411935806274, 0.1594325304031372, 0.45627182722091675, -0.07694242894649506, 0.9779607057571411, -0.19409509003162384, -0.4771609604358673, 0.13481217622756958, 0.8684141635894775),
            ["RightLowerLeg"] = CFrame.new(-1.2386590242385864e-07, -0.000060439109802246094, -0.00007225403533084318, 1, -1.1175869474300271e-07, -6.891787762697277e-08, 8.475034718458119e-08, 0.6741781830787659, 0.7385683655738831, -1.1501832375415688e-07, -0.7385687828063965, 0.6741786003112793),
            ["LeftUpperLeg"] = CFrame.new(2.9802322387695312e-08, -1.0244548320770264e-07, 0, 0.946199357509613, 0.14706353843212128, 0.28823456168174744, -0.05234386399388313, 0.9485871195793152, -0.3121582865715027, -0.31932273507118225, 0.28027668595314026, 0.9052502512931824),
            ["LeftLowerLeg"] = CFrame.new(-4.0978193283081055e-08, 0.000060617923736572266, 0.00007206201553344727, 1, 4.4703494239684005e-08, -9.313225746154785e-09, -4.470348358154297e-08, 0.6333957314491272, 0.7738281488418579, 4.6566128730773926e-08, -0.7738281488418579, 0.6333956718444824),
        }},
        {Time = 0.033, Data = {
            ["RightFoot"] = CFrame.new(2.8405338525772095e-08, 2.384185791015625e-07, 1.6952981241047382e-09, 0.9916954040527344, -0.00009761103137861937, -0.12860922515392303, -0.04034043475985527, 0.9492965340614319, -0.3117826581001282, 0.12211871892213821, 0.31438228487968445, 0.941409170627594),
            ["LeftLowerArm"] = CFrame.new(-5.960464477539063e-08, 2.980232238769531e-07, 1.7881393432617188e-07, 1, 7.450579886381092e-08, 7.450581307466564e-08, 8.940695295223122e-08, -0.41606849431991577, -0.909333348274231, 2.0116564769523393e-07, 0.9093332290649414, -0.4160686135292053),
            ["RightUpperArm"] = CFrame.new(-5.960464477539063e-08, 2.384185791015625e-07, -8.009374141693115e-08, 0.8731775283813477, -0.013331502676010132, 0.48722007870674133, 0.30894026160240173, 0.7883046865463257, -0.5321011543273926, -0.376984179019928, 0.6151407361030579, 0.6924485564231873),
            ["Head"] = CFrame.new(-2.0954757928848267e-09, -1.1920928955078125e-07, 1.30385160446167e-08, 0.9146499037742615, -0.21806563436985016, -0.3403865098953247, 0.23763881623744965, 0.9712158441543579, 0.016357382759451866, 0.32702186703681946, -0.09585032612085342, 0.940143346786499),
            ["RightHand"] = CFrame.new(0, 1.1920928955078125e-07, -5.811452865600586e-07, -0.21993853151798248, -0.010011807084083557, -0.9754623770713806, -0.16910074651241302, 0.9852005839347839, 0.02801557257771492, 0.9607455730438232, 0.17111285030841827, -0.2183765023946762),
            ["UpperTorso"] = CFrame.new(-1.225271262228489e-08, -1.1920928955078125e-07, -1.6472768038511276e-08, 0.9956458210945129, 0.005334289278835058, 0.09306403994560242, -0.020348332822322845, 0.986721932888031, 0.16113914549350739, -0.09096880257129669, -0.1623312085866928, 0.9825341701507568),
            ["HumanoidRootPart"] = CFrame.new(0, 0, 0, 1, 0, 0, 0, 1, 0, 0, 0, 1),
            ["RightUpperLeg"] = CFrame.new(-2.9802322387695312e-08, -1.1175870895385742e-08, -1.6596459317952394e-08, 0.9979044198989868, -0.03781593590974808, 0.0525050088763237, 0.04426609352231026, 0.9908259510993958, -0.12768974900245667, -0.04719466716051102, 0.12974616885185242, 0.9904234409332275),
            ["LeftUpperArm"] = CFrame.new(5.960464477539063e-08, 0, 9.313225746154785e-09, 0.9175742864608765, 0.30093517899513245, 0.259799063205719, -0.17391787469387054, 0.8914703726768494, -0.41836944222450256, -0.35750526189804077, 0.3387013375759125, 0.8703283667564392),
            ["RightLowerArm"] = CFrame.new(1.1920928955078125e-07, 1.1920928955078125e-07, -5.960464477539063e-08, 1, -7.450579175838357e-08, 2.980232949312267e-08, 4.470348358154297e-08, 0.13828937709331512, -0.9903919100761414, 5.960464477539063e-08, 0.9903918504714966, 0.13828949630260468),
            ["LeftHand"] = CFrame.new(2.9802322387695312e-08, 5.960464477539063e-08, 2.384185791015625e-07, 0.4409192204475403, -0.04870866984128952, 0.8962242007255554, 0.8051649928092957, 0.4626964032649994, -0.3709733486175537, -0.3966100215911865, 0.8851776719093323, 0.24323053658008575),
            ["LeftFoot"] = CFrame.new(-7.450580596923828e-09, -1.7881393432617188e-07, -1.4901161193847656e-08, 0.9946945905685425, -0.05855487659573555, -0.08458133041858673, 0.0651722177863121, 0.9948428869247437, 0.07771945744752884, 0.07959409803152084, -0.08281934261322021, 0.9933809638023376),
            ["LowerTorso"] = CFrame.new(0.08311060816049576, -0.06222200393676758, -0.057908087968826294, 0.880989134311676, 0.15023870766162872, 0.44864970445632935, -0.06691407412290573, 0.9782782793045044, -0.19619916379451752, -0.46838095784187317, 0.1428283154964447, 0.8719056248664856),
            ["RightLowerLeg"] = CFrame.new(-8.568167686462402e-08, -0.00006031990051269531, -0.00007209012255771086, 1, -1.4901159772762185e-07, 7.916244548766826e-09, 8.940698137394065e-08, 0.6861733198165894, 0.7274379730224609, -6.658957119043407e-08, -0.7274380922317505, 0.6861734986305237),
            ["LeftUpperLeg"] = CFrame.new(0, -2.8312206268310547e-07, 0, 0.9427198767662048, 0.1778295934200287, 0.28223398327827454, -0.07052011787891388, 0.9331793785095215, -0.35242462158203125, -0.32604655623435974, 0.3123345375061035, 0.8922673463821411),
            ["LeftLowerLeg"] = CFrame.new(-2.2351741790771484e-08, 0.00006073713302612305, 0.0000720582902431488, 1, 6.705523247774181e-08, 1.1362138252479781e-07, -6.33299421792799e-08, 0.5868036150932312, 0.8097293972969055, 9.313227167240257e-08, -0.8097293972969055, 0.5868034362792969),
        }},
        {Time = 0.067, Data = {
            ["RightFoot"] = CFrame.new(-1.0710209608078003e-08, 5.364418029785156e-07, 8.365168469026685e-08, 0.9912782311439514, -0.007789517752826214, -0.1315564066171646, -0.04015205428004265, 0.9329396486282349, -0.357786625623703, 0.12552091479301453, 0.35994866490364075, 0.9244900345802307),
            ["LeftLowerArm"] = CFrame.new(5.960464477539063e-08, -1.7881393432617188e-07, 2.384185791015625e-07, 1, -8.940698137394065e-08, 1.1175870895385742e-07, 9.685754776000977e-08, -0.49622002243995667, -0.868196964263916, 1.4156103134155273e-07, 0.8681969046592712, -0.49621981382369995),
            ["RightUpperArm"] = CFrame.new(0, -3.5762786865234375e-07, -2.3283064365386963e-10, 0.867094874382019, -0.016720712184906006, 0.4978623390197754, 0.3589014708995819, 0.7140557765960693, -0.601094126701355, -0.3454506993293762, 0.6998891830444336, 0.6251551508903503),
            ["Head"] = CFrame.new(-1.210719347000122e-08, -2.384185791015625e-07, -5.820766091346741e-09, 0.898410439491272, -0.24968770146369934, -0.3612683117389679, 0.2768925428390503, 0.9605837464332581, 0.024683739989995956, 0.34086525440216064, -0.12220864742994308, 0.9321351051330566),
            ["RightHand"] = CFrame.new(-1.7881393432617188e-07, 1.7881393432617188e-07, -4.023313522338867e-07, -0.2660181224346161, 0.13263650238513947, -0.9547993540763855, 0.28489696979522705, 0.9570596814155579, 0.05357489734888077, 0.9209060668945312, -0.25776809453964233, -0.29238319396972656),
            ["UpperTorso"] = CFrame.new(4.6566128730773926e-09, -8.940696716308594e-08, 2.7939677238464355e-09, 0.990229606628418, 0.05581072345376015, 0.12779153883457184, -0.07673879712820053, 0.9832689762115479, 0.165207177400589, -0.11643315851688385, -0.17339959740638733, 0.9779447317123413),
            ["HumanoidRootPart"] = CFrame.new(0, 0, 0, 1, 0, 0, 0, 1, 0, 0, 0, 1),
            ["RightUpperLeg"] = CFrame.new(5.960464477539063e-08, 7.450580596923828e-09, -3.149762051180005e-08, 0.9974958896636963, -0.00998411700129509, 0.07001699507236481, 0.01853313110768795, 0.9922910928726196, -0.1225353479385376, -0.06825381517410278, 0.12352596968412399, 0.989991307258606),
            ["LeftUpperArm"] = CFrame.new(0, -2.384185791015625e-07, -3.003515303134918e-08, 0.92681485414505, 0.24425537884235382, 0.2852258086204529, -0.131930410861969, 0.9229280352592468, -0.3616604506969452, -0.3515802025794983, 0.29756224155426025, 0.8876080513000488),
            ["RightLowerArm"] = CFrame.new(0, 2.980232238769531e-07, 2.9802322387695312e-08, 1, -8.940694584680386e-08, 2.2351747119842003e-08, 0, 0.332227498292923, -0.9431992769241333, -2.9802315282267955e-08, 0.9431992769241333, 0.33222776651382446),
            ["LeftHand"] = CFrame.new(-2.9802322387695312e-08, -2.980232238769531e-07, -1.043081283569336e-07, 0.3426304757595062, -0.33156007528305054, 0.8790177702903748, 0.9345983266830444, 0.025130359455943108, -0.35481593012809753, 0.09555285423994064, 0.9430993795394897, 0.31848612427711487),
            ["LeftFoot"] = CFrame.new(-3.725290298461914e-08, 5.960464477539063e-08, 7.450580596923828e-09, 0.9897462725639343, -0.10926707834005356, -0.09199477732181549, 0.11411833763122559, 0.9922469258308411, 0.049225419759750366, 0.08590266853570938, -0.05921898037195206, 0.9945420026779175),
            ["LowerTorso"] = CFrame.new(0.08787073194980621, -0.08321642875671387, -0.049273714423179626, 0.8924726843833923, 0.13100683689117432, 0.43165940046310425, -0.047081369906663895, 0.9787260293960571, -0.19969668984413147, -0.44863787293434143, 0.15790069103240967, 0.8796541690826416),
            ["RightLowerLeg"] = CFrame.new(-9.499490261077881e-08, -0.000060498714447021484, -0.00007209012255771086, 1, -1.0803341865539551e-07, 2.2351745343485163e-08, 8.009372010064908e-08, 0.6963655948638916, 0.7176870703697205, -2.3283059924494864e-09, -0.7176873087882996, 0.6963657736778259),
            ["LeftUpperLeg"] = CFrame.new(8.940696716308594e-08, 2.4400651454925537e-07, 0, 0.9350929856300354, 0.2524716258049011, 0.24871528148651123, -0.10315295308828354, 0.865293025970459, -0.4905378818511963, -0.33905860781669617, 0.4330427646636963, 0.8351725935935974),
            ["LeftLowerLeg"] = CFrame.new(7.450580596923828e-09, 0.00006073713302612305, 0.00007195770740509033, 1, 5.960465188081798e-08, 6.33299421792799e-08, -5.5879368687783426e-08, 0.41050809621810913, 0.9118570685386658, 4.097820394122209e-08, -0.9118569493293762, 0.41050806641578674),
        }},
        {Time = 0.100, Data = {
            ["RightFoot"] = CFrame.new(-9.220093488693237e-08, 2.980232238769531e-07, -8.77116690389812e-08, 0.990822434425354, -0.014097414910793304, -0.13443349301815033, -0.04291907697916031, 0.9102698564529419, -0.4117846190929413, 0.12817580997943878, 0.41377541422843933, 0.9013107419013977),
            ["LeftLowerArm"] = CFrame.new(-1.1920928955078125e-07, 2.980232238769531e-07, 0, 1, -7.4505820180093e-08, 1.49011640360186e-07, 6.705523958316917e-08, -0.4419282078742981, -0.8970505595207214, 2.1606689415420988e-07, 0.8970504999160767, -0.441927969455719),
            ["RightUpperArm"] = CFrame.new(-5.960464477539063e-08, 0, -1.1920928955078125e-07, 0.8170901536941528, -0.03725048154592514, 0.575305163860321, 0.40765318274497986, 0.7429623603820801, -0.5308725833892822, -0.40765488147735596, 0.6682959198951721, 0.6222525835037231),
            ["Head"] = CFrame.new(2.421438694000244e-08, -2.384185791015625e-07, -1.1175870895385742e-08, 0.883934497833252, -0.28173691034317017, -0.3732081949710846, 0.3075561821460724, 0.9514755606651306, 0.010165775194764137, 0.352234423160553, -0.12376836687326431, 0.9276919960975647),
            ["RightHand"] = CFrame.new(-1.4901161193847656e-07, 1.1920928955078125e-07, -3.5762786865234375e-07, -0.2437664419412613, 0.16937246918678284, -0.954929769039154, 0.4130662977695465, 0.9089910387992859, 0.05578053370118141, 0.8774703741073608, -0.38085219264030457, -0.29154351353645325),
            ["UpperTorso"] = CFrame.new(-5.587935447692871e-09, -2.9802322387695312e-08, 3.3527612686157227e-08, 0.9818533658981323, 0.10549205541610718, 0.15759281814098358, -0.1336381435394287, 0.974493682384491, 0.18028537929058075, -0.13455460965633392, -0.19807416200637817, 0.9709077477455139),
            ["HumanoidRootPart"] = CFrame.new(0, 0, 0, 1, 0, 0, 0, 1, 0, 0, 0, 1),
            ["RightUpperLeg"] = CFrame.new(0, -8.195638656616211e-08, 5.790934665128589e-08, 0.9959545731544495, 0.020422322675585747, 0.08750782907009125, -0.009650161489844322, 0.9925081729888916, -0.12179723381996155, -0.08933965116739273, 0.12046001851558685, 0.9886900186538696),
            ["LeftUpperArm"] = CFrame.new(0, 1.1920928955078125e-07, -7.450580596923828e-09, 0.9341199398040771, 0.1903720647096634, 0.3019579350948334, -0.08453845977783203, 0.939835250377655, -0.33100301027297974, -0.3468044400215149, 0.2836694121360779, 0.8940125703811646),
            ["RightLowerArm"] = CFrame.new(5.960464477539063e-08, -1.1920928955078125e-07, -2.086162567138672e-07, 1, -7.450579175838357e-08, 5.960465898624534e-08, 7.450581307466564e-08, 0.16340458393096924, -0.9865591526031494, 1.1920930376163597e-07, 0.9865592122077942, 0.16340462863445282),
            ["LeftHand"] = CFrame.new(2.9802322387695312e-08, 1.1920928955078125e-07, 4.470348358154297e-08, 0.21953904628753662, -0.3523230254650116, 0.909764289855957, 0.9454736113548279, -0.15312741696834564, -0.28745725750923157, 0.24058745801448822, 0.9232662916183472, 0.2994948923587799),
            ["LeftFoot"] = CFrame.new(-2.60770320892334e-08, 1.7881393432617188e-07, -4.470348358154297e-08, 0.9825721383094788, -0.14608821272850037, -0.11493593454360962, 0.16712293028831482, 0.9649837017059326, 0.2021796852350235, 0.08137531578540802, -0.2178645133972168, 0.9725807309150696),
            ["LowerTorso"] = CFrame.new(0.09096096456050873, -0.11105942726135254, -0.033998604863882065, 0.9032766222953796, 0.1064189076423645, 0.415651798248291, -0.021849045529961586, 0.9789045453071594, -0.20314651727676392, -0.42850202322006226, 0.17441587150096893, 0.8865468502044678),
            ["RightLowerLeg"] = CFrame.new(-5.494803190231323e-08, -0.00006008148193359375, -0.00007219443068606779, 1, -1.6205012798309326e-07, 7.450580596923828e-09, 1.2852250108608132e-07, 0.7054728865623474, 0.7087364196777344, 4.7963105487269786e-08, -0.7087369561195374, 0.7054734230041504),
            ["LeftUpperLeg"] = CFrame.new(0, 6.332993507385254e-08, 2.9802322387695312e-08, 0.929485559463501, 0.3215356767177582, 0.18075233697891235, -0.1356760561466217, 0.7537046074867249, -0.6430562734603882, -0.34299957752227783, 0.5731878280639648, 0.7441822290420532),
            ["LeftLowerLeg"] = CFrame.new(-7.450580596923828e-09, 0.000060677528381347656, 0.00007195025682449341, 1, 1.1175870895385742e-07, 8.568167686462402e-08, -7.450581307466564e-08, 0.22489476203918457, 0.9743831157684326, 8.940698137394065e-08, -0.9743831157684326, 0.22489473223686218),
        }},
        {Time = 0.133, Data = {
            ["RightFoot"] = CFrame.new(0, 2.384185791015625e-07, -3.55576048605144e-08, 0.9906392693519592, -0.016169533133506775, -0.13554508984088898, -0.0449233315885067, 0.8990318179130554, -0.43557265400886536, 0.12890231609344482, 0.43758469820022583, 0.8898898959159851),
            ["LeftLowerArm"] = CFrame.new(4.172325134277344e-07, 5.364418029785156e-07, -3.5762786865234375e-07, 1, 7.450581307466564e-08, -1.4901164746561335e-08, 5.21540641784668e-08, -0.3390321731567383, -0.9407747983932495, 1.9371509552001953e-07, 0.9407747983932495, -0.3390321433544159),
            ["RightUpperArm"] = CFrame.new(0, -3.5762786865234375e-07, -1.4901161193847656e-08, 0.7763732671737671, -0.04932650923728943, 0.6283404231071472, 0.39630335569381714, 0.8134032487869263, -0.4258154034614563, -0.4900902211666107, 0.5796050429344177, 0.6510528326034546),
            ["Head"] = CFrame.new(-7.450580596923828e-09, -2.384185791015625e-07, -1.4901161193847656e-08, 0.8745793700218201, -0.30335885286331177, -0.37826523184776306, 0.3262994587421417, 0.9452593922615051, -0.003642318770289421, 0.3586637079715729, -0.12024224549531937, 0.9256901144981384),
            ["RightHand"] = CFrame.new(0, 1.1920928955078125e-07, 5.960464477539063e-08, -0.23488380014896393, 0.13320572674274445, -0.962852954864502, 0.28970253467559814, 0.9551408886909485, 0.06146714836359024, 0.9278481006622314, -0.2645038068294525, -0.2629372775554657),
            ["UpperTorso"] = CFrame.new(-2.537854015827179e-08, -8.940696716308594e-08, -2.9802322387695312e-08, 0.9745397567749023, 0.14377576112747192, 0.1720493584871292, -0.1757965236902237, 0.9662491679191589, 0.18830332159996033, -0.13916920125484467, -0.21375474333763123, 0.9669234156608582),
            ["HumanoidRootPart"] = CFrame.new(0, 0, 0, 1, 0, 0, 0, 1, 0, 0, 0, 1),
            ["RightUpperLeg"] = CFrame.new(5.960464477539063e-08, -1.4901161193847656e-08, -1.6596459317952394e-08, 0.9947783350944519, 0.04492694512009621, 0.09163910895586014, -0.033135391771793365, 0.9914307594299316, -0.12636099755764008, -0.09653088450431824, 0.12266453355550766, 0.9877424240112305),
            ["LeftUpperArm"] = CFrame.new(5.960464477539063e-08, -2.384185791015625e-07, -4.470348358154297e-08, 0.9337232708930969, 0.19920828938484192, 0.29745110869407654, -0.08346351981163025, 0.9291160106658936, -0.3602462112903595, -0.3481305241584778, 0.3115437626838684, 0.8841637969017029),
            ["RightLowerArm"] = CFrame.new(1.1920928955078125e-07, 4.172325134277344e-07, 1.4901161193847656e-07, 1, -7.450579175838357e-08, 1.49011640360186e-07, 5.960464477539063e-08, -0.08439385145902634, -0.9964324831962585, 1.043081283569336e-07, 0.9964325428009033, -0.08439397811889648),
            ["LeftHand"] = CFrame.new(-2.9802322387695312e-08, -1.1920928955078125e-07, -1.341104507446289e-07, 0.26163944602012634, -0.34071630239486694, 0.9030266404151917, 0.9445279836654663, -0.10205904394388199, -0.3121712803840637, 0.19852393865585327, 0.9346103668212891, 0.29511377215385437),
            ["LeftFoot"] = CFrame.new(5.960464477539063e-08, -1.1920928955078125e-07, 4.842877388000488e-08, 0.976883590221405, -0.16906236112117767, -0.13083072006702423, 0.1991168111562729, 0.94230717420578, 0.2690908908843994, 0.077789306640625, -0.28892093896865845, 0.9541873931884766),
            ["LowerTorso"] = CFrame.new(0.09263088554143906, -0.13101553916931152, -0.024077165871858597, 0.9078942537307739, 0.08468562364578247, 0.41055628657341003, 0.0014824868412688375, 0.9787272810935974, -0.20516079664230347, -0.4191966652870178, 0.1868729293346405, 0.8884552717208862),
            ["RightLowerLeg"] = CFrame.new(1.0803341865539551e-07, -0.000060439109802246094, -0.00007211992488009855, 1, -1.1269004573932762e-07, -4.0978196835794733e-08, 1.2293456563838845e-07, 0.7068970203399658, 0.7073161005973816, 1.6065312635760165e-08, -0.707316517829895, 0.7068973183631897),
            ["LeftUpperLeg"] = CFrame.new(-1.1920928955078125e-07, -3.725290298461914e-08, -4.470348358154297e-08, 0.9257313013076782, 0.3567608594894409, 0.12547308206558228, -0.1619601994752884, 0.6738115549087524, -0.7209348678588867, -0.34174644947052, 0.6470701098442078, 0.6815493702888489),
            ["LeftLowerLeg"] = CFrame.new(-5.21540641784668e-08, 0.000060617923736572266, 0.00007195770740509033, 1, 1.043081283569336e-07, 1.4156103134155273e-07, -1.1548401346317405e-07, 0.12510214745998383, 0.9921438694000244, 5.2154071283894154e-08, -0.9921438694000244, 0.12510235607624054),
        }},
        {Time = 0.167, Data = {
            ["RightFoot"] = CFrame.new(-7.916241884231567e-08, 2.980232238769531e-07, 2.4047039914876223e-08, 0.9908112287521362, -0.016108201816678047, -0.13428948819637299, -0.043606240302324295, 0.901818573474884, -0.429908812046051, 0.12802967429161072, 0.43181461095809937, 0.8928297162055969),
            ["LeftLowerArm"] = CFrame.new(0, -1.1920928955078125e-07, 1.7881393432617188e-07, 1, -5.960465188081798e-08, 7.450579886381092e-08, 4.470348358154297e-08, -0.21871620416641235, -0.9757884740829468, -7.450580596923828e-09, 0.9757885336875916, -0.21871623396873474),
            ["RightUpperArm"] = CFrame.new(0, 4.76837158203125e-07, -3.725290298461914e-08, 0.7555859088897705, -0.07074078172445297, 0.651218593120575, 0.3761413097381592, 0.8607693314552307, -0.34291961789131165, -0.53629070520401, 0.5040554404258728, 0.676993727684021),
            ["Head"] = CFrame.new(-1.30385160446167e-08, 5.960464477539062e-07, -1.4901161193847656e-08, 0.8826655745506287, -0.28960829973220825, -0.37017372250556946, 0.31168514490127563, 0.9501854181289673, -0.00018255597387906164, 0.3517865538597107, -0.11521651595830917, 0.9289625287055969),
            ["RightHand"] = CFrame.new(-1.341104507446289e-07, -1.1920928955078125e-07, 0, -0.20379969477653503, 0.013149557635188103, -0.9789243340492249, -0.13222156465053558, 0.9903789758682251, 0.04083039239048958, 0.970042884349823, 0.13775590062141418, -0.20010007917881012),
            ["UpperTorso"] = CFrame.new(1.862645149230957e-09, 5.960464477539063e-08, 3.725290298461914e-09, 0.9764306545257568, 0.14598195254802704, 0.15897373855113983, -0.17367298901081085, 0.9687406420707703, 0.1771424412727356, -0.12814471125602722, -0.2005767524242401, 0.9712610840797424),
            ["HumanoidRootPart"] = CFrame.new(0, 0, 0, 1, 0, 0, 0, 1, 0, 0, 0, 1),
            ["RightUpperLeg"] = CFrame.new(0, -7.82310962677002e-08, 8.77116690389812e-08, 0.9953356981277466, 0.05584586411714554, 0.07866469770669937, -0.044655974954366684, 0.9895025491714478, -0.1374429315328598, -0.08551438897848129, 0.1332889348268509, 0.987381100654602),
            ["LeftUpperArm"] = CFrame.new(-1.1920928955078125e-07, 3.5762786865234375e-07, 7.450580596923828e-09, 0.9136533737182617, 0.2414550483226776, 0.32701244950294495, -0.08330501616001129, 0.8986146450042725, -0.4307574927806854, -0.39786672592163086, 0.36632102727890015, 0.8411366939544678),
            ["RightLowerArm"] = CFrame.new(5.960464477539062e-07, 0, -2.9802322387695312e-08, 1, -5.960464477539063e-08, 1.1920931797249068e-07, 5.960465188081798e-08, -0.2147771418094635, -0.9766631126403809, 1.0430814256778831e-07, 0.9766631126403809, -0.2147771567106247),
            ["LeftHand"] = CFrame.new(-1.1920928955078125e-07, -3.5762786865234375e-07, 6.705522537231445e-08, 0.36147430539131165, -0.3027610778808594, 0.8818572163581848, 0.9295891523361206, 0.04387207329273224, -0.3659771978855133, 0.07211460918188095, 0.9520562887191772, 0.29730212688446045),
            ["LeftFoot"] = CFrame.new(-6.891787052154541e-08, 0, 7.078051567077637e-08, 0.9800972938537598, -0.15576818585395813, -0.12306766211986542, 0.18577159941196442, 0.938219428062439, 0.29194751381874084, 0.06998806446790695, -0.30899927020072937, 0.9484835863113403),
            ["LowerTorso"] = CFrame.new(0.09313169121742249, -0.1386549472808838, -0.03173106908798218, 0.9048717021942139, 0.07506220787763596, 0.41901421546936035, 0.01274021901190281, 0.979114294052124, -0.20291130244731903, -0.4254937469959259, 0.18894699215888977, 0.8850164413452148),
            ["RightLowerLeg"] = CFrame.new(1.0803341865539551e-07, -0.000060439109802246094, -0.0000721348260412924, 1, -8.568167686462402e-08, -2.7939683899802503e-09, 1.5273685960437433e-07, 0.6902545094490051, 0.7235664129257202, -5.122272828117502e-09, -0.7235666513442993, 0.6902549266815186),
            ["LeftUpperLeg"] = CFrame.new(2.9802322387695312e-08, 6.146728992462158e-08, 5.960464477539063e-08, 0.9264011383056641, 0.3669995963573456, 0.08421684801578522, -0.17860659956932068, 0.6251935958862305, -0.7597581744194031, -0.3314826488494873, 0.6887992024421692, 0.6447287201881409),
            ["LeftLowerLeg"] = CFrame.new(-8.940696716308594e-08, 0.00006073713302612305, 0.0000720396637916565, 1, 8.195639367158947e-08, 1.1175870895385742e-07, -1.4156101713069802e-07, 0.0743715837597847, 0.9972306489944458, 9.685753354915505e-08, -0.997230589389801, 0.074371337890625),
        }},
        {Time = 0.200, Data = {
            ["RightFoot"] = CFrame.new(-1.955777406692505e-08, 3.5762786865234375e-07, 2.4047039914876223e-08, 0.9911059141159058, -0.012502326630055904, -0.13248777389526367, -0.040535565465688705, 0.9199031591415405, -0.3900446891784668, 0.12675200402736664, 0.3919464647769928, 0.9112146496772766),
            ["LeftLowerArm"] = CFrame.new(2.682209014892578e-07, 1.7881393432617188e-07, -2.9802322387695312e-08, 1, -1.49011640360186e-07, 1.2665987014770508e-07, 1.1920930376163597e-07, -0.08271755278110504, -0.9965730905532837, 2.2351745343485163e-08, 0.9965730905532837, -0.08271753787994385),
            ["RightUpperArm"] = CFrame.new(0, -2.384185791015625e-07, 2.0954757928848267e-08, 0.7453792691230774, -0.07614495605230331, 0.6622776985168457, 0.35288432240486145, 0.887920618057251, -0.2950757145881653, -0.5655814409255981, 0.4536507725715637, 0.6887079477310181),
            ["Head"] = CFrame.new(4.6566128730773926e-08, -4.76837158203125e-07, 1.816079020500183e-08, 0.9019265174865723, -0.26068660616874695, -0.3443419635295868, 0.2761211395263672, 0.9611127972602844, -0.004379660356789827, 0.33209308981895447, -0.09112988412380219, 0.9388341307640076),
            ["RightHand"] = CFrame.new(4.470348358154297e-08, 0, 3.2782554626464844e-07, -0.08616954833269119, -0.039050355553627014, -0.9955149292945862, -0.6656622290611267, 0.7457140684127808, 0.02836671471595764, 0.7412615418434143, 0.6651207208633423, -0.09025198966264725),
            ["UpperTorso"] = CFrame.new(6.51925802230835e-09, -2.9802322387695312e-08, 9.313225746154785e-09, 0.9844668507575989, 0.12173619121313095, 0.12651285529136658, -0.14143653213977814, 0.9768247008323669, 0.16065268218517303, -0.10402357578277588, -0.17605072259902954, 0.9788694381713867),
            ["HumanoidRootPart"] = CFrame.new(0, 0, 0, 1, 0, 0, 0, 1, 0, 0, 0, 1),
            ["RightUpperLeg"] = CFrame.new(1.1920928955078125e-07, -2.5331974029541016e-07, 2.8107024263590574e-08, 0.9965424537658691, 0.05670809745788574, 0.06072334945201874, -0.047614309936761856, 0.9887291193008423, -0.14194297790527344, -0.06808813661336899, 0.13856083154678345, 0.9880105257034302),
            ["LeftUpperArm"] = CFrame.new(5.960464477539063e-08, -4.76837158203125e-07, 6.565824151039124e-08, 0.8800402283668518, 0.2871827483177185, 0.37822669744491577, -0.05913340300321579, 0.8565033674240112, -0.5127427577972412, -0.4712032973766327, 0.4288683533668518, 0.7707395553588867),
            ["RightLowerArm"] = CFrame.new(0, 2.384185791015625e-07, 8.940696716308594e-08, 1, -1.0430814256778831e-07, 8.940694584680386e-08, 8.195639367158947e-08, -0.29766449332237244, -0.9546705484390259, 1.4156104555240745e-07, 0.9546706080436707, -0.2976643443107605),
            ["LeftHand"] = CFrame.new(1.4901161193847656e-07, 3.5762786865234375e-07, -1.564621925354004e-07, 0.5119067430496216, -0.16750313341617584, 0.8425522446632385, 0.8346241116523743, 0.3291604816913605, -0.4416511058807373, -0.20335699617862701, 0.9292986989021301, 0.30830177664756775),
            ["LeftFoot"] = CFrame.new(-2.9802322387695312e-08, -5.960464477539063e-08, 2.9802322387695312e-08, 0.9868919253349304, -0.13177445530891418, -0.09316649287939072, 0.14665542542934418, 0.9732316732406616, 0.17695289850234985, 0.06735451519489288, -0.1882965862751007, 0.9797998070716858),
            ["LowerTorso"] = CFrame.new(0.09073977917432785, -0.12997722625732422, -0.04842240363359451, 0.8987401723861694, 0.07311955094337463, 0.4323422610759735, 0.016096943989396095, 0.9798318147659302, -0.19917504489421844, -0.43818631768226624, 0.18596597015857697, 0.8794370293617249),
            ["RightLowerLeg"] = CFrame.new(-9.12696123123169e-08, -0.0000603795051574707, -0.00007214972720248625, 1, -1.480803035747158e-07, -1.0244549208948683e-08, 1.471489525783909e-07, 0.6785036325454712, 0.7345967292785645, 9.126959810146218e-08, -0.7345970273017883, 0.6785039305686951),
            ["LeftUpperLeg"] = CFrame.new(0, 1.862645149230957e-08, -5.960464477539063e-08, 0.9264094829559326, 0.36229878664016724, 0.10249476134777069, -0.18337896466255188, 0.6719082593917847, -0.717573344707489, -0.3288429081439972, 0.6459713578224182, 0.6889001131057739),
            ["LeftLowerLeg"] = CFrame.new(1.4901161193847656e-08, 0.000060558319091796875, 0.00007201731204986572, 1, 1.043081283569336e-07, 6.332994928470725e-08, -1.3411047916633834e-07, 0.12971055507659912, 0.9915519952774048, 8.940698847936801e-08, -0.99155193567276, 0.12971068918704987),
        }},
        {Time = 0.233, Data = {
            ["RightFoot"] = CFrame.new(-6.05359673500061e-08, 1.7881393432617188e-07, -5.045876605436206e-08, 0.9915911555290222, -0.002244552131742239, -0.129391148686409, -0.03718088939785957, 0.952752411365509, -0.3014640808105469, 0.12395434826612473, 0.3037400245666504, 0.9446573257446289),
            ["LeftLowerArm"] = CFrame.new(1.7881393432617188e-07, 1.1920928955078125e-07, 1.1920928955078125e-07, 1, -1.005828522693264e-07, 9.313225746154785e-08, 1.2665987014770508e-07, 0.0878807082772255, -0.9961310625076294, 1.4528632164001465e-07, 0.9961310029029846, 0.08788077533245087),
            ["RightUpperArm"] = CFrame.new(0, 2.384185791015625e-07, -2.9802322387695312e-08, 0.7382209300994873, -0.0783340334892273, 0.6699953079223633, 0.34888288378715515, 0.8944113850593567, -0.27983757853507996, -0.5773306488990784, 0.4403318166732788, 0.6876025795936584),
            ["Head"] = CFrame.new(-5.122274160385132e-09, 4.76837158203125e-07, -9.313225746154785e-10, 0.9187830686569214, -0.24179084599018097, -0.3120496869087219, 0.2462063878774643, 0.9688736796379089, -0.025810763239860535, 0.3085775077342987, -0.053114138543605804, 0.9497151970863342),
            ["RightHand"] = CFrame.new(-5.960464477539063e-08, 1.1920928955078125e-07, -5.960464477539063e-08, 0.007254734635353088, 0.12778693437576294, -0.9917751550674438, -0.9794451594352722, 0.20084112882614136, 0.01871313713490963, 0.2015804797410965, 0.9712535738945007, 0.12661755084991455),
            ["UpperTorso"] = CFrame.new(-1.6763806343078613e-08, -1.1920928955078125e-07, 3.213062882423401e-08, 0.9916446208953857, 0.0961434468626976, 0.08600880950689316, -0.10767439752817154, 0.9840788245201111, 0.14140452444553375, -0.07104433327913284, -0.14948394894599915, 0.9862085580825806),
            ["HumanoidRootPart"] = CFrame.new(0, 0, 0, 1, 0, 0, 0, 1, 0, 0, 0, 1),
            ["RightUpperLeg"] = CFrame.new(-8.940696716308594e-08, 3.3527612686157227e-08, 1.3205863069742918e-08, 0.9981127977371216, 0.04565263167023659, 0.04106885567307472, -0.03990301117300987, 0.9905373454093933, -0.1313146948814392, -0.046675052493810654, 0.12942804396152496, 0.9904897212982178),
            ["LeftUpperArm"] = CFrame.new(5.960464477539063e-08, 4.76837158203125e-07, -2.9802322387695312e-08, 0.8464244604110718, 0.3322469890117645, 0.41614648699760437, -0.02567184716463089, 0.8060335516929626, -0.5913130044937134, -0.531889796257019, 0.4898182451725006, 0.6907757520675659),
            ["RightLowerArm"] = CFrame.new(1.1920928955078125e-07, 1.1920928955078125e-07, 1.1920928955078125e-07, 1, -7.823108916227284e-08, 5.960464477539063e-08, 5.960463766996327e-08, -0.33892008662223816, -0.9408152103424072, 9.685753354915505e-08, 0.9408152103424072, -0.3389201760292053),
            ["LeftHand"] = CFrame.new(1.4901161193847656e-07, 3.5762786865234375e-07, 2.384185791015625e-07, 0.4675804674625397, 0.2009936273097992, 0.8607961535453796, 0.34722161293029785, 0.8537696599960327, -0.3879620432853699, -0.8128995895385742, 0.4802905321121216, 0.3294169306755066),
            ["LeftFoot"] = CFrame.new(-5.21540641784668e-08, 5.960464477539063e-08, -5.960464477539063e-08, 0.9923800230026245, -0.10765259712934494, -0.059939898550510406, 0.10760638117790222, 0.9941855072975159, -0.004009768832474947, 0.06002304330468178, -0.002471134066581726, 0.9981939792633057),
            ["LowerTorso"] = CFrame.new(0.08374729752540588, -0.09828615188598633, -0.06511221826076508, 0.8901581168174744, 0.07780935615301132, 0.448959082365036, 0.012860957533121109, 0.9806287884712219, -0.19545291364192963, -0.4554702341556549, 0.17975802719593048, 0.8719139695167542),
            ["RightLowerLeg"] = CFrame.new(-5.21540641784668e-08, -0.00006026029586791992, -0.0000721050237189047, 1, -1.341104507446289e-07, -4.7497451305389404e-08, 8.940695295223122e-08, 0.6904831528663635, 0.7233481407165527, -3.259628655882807e-08, -0.7233484983444214, 0.690483570098877),
            ["LeftUpperLeg"] = CFrame.new(5.960464477539063e-08, -3.91155481338501e-08, 0, 0.9288119077682495, 0.3296657204627991, 0.16920088231563568, -0.17977696657180786, 0.8001813292503357, -0.5721801519393921, -0.32401949167251587, 0.5010292530059814, 0.8024842739105225),
            ["LeftLowerLeg"] = CFrame.new(-1.4901161193847656e-08, 0.000060677528381347656, 0.00007200241088867188, 1, 5.960465898624534e-08, 3.725291630729544e-09, -1.1175872316471214e-07, 0.3432364761829376, 0.9392491579055786, 8.195639367158947e-08, -0.9392490386962891, 0.3432363271713257),
        }},
        {Time = 0.267, Data = {
            ["RightFoot"] = CFrame.new(-2.0954757928848267e-08, 2.384185791015625e-07, -3.55576048605144e-08, 0.9921879172325134, 0.012083648703992367, -0.12416641414165497, -0.039278481155633926, 0.974936842918396, -0.21898658573627472, 0.1184082105755806, 0.22215351462364197, 0.9677953124046326),
            ["LeftLowerArm"] = CFrame.new(2.086162567138672e-07, -1.7881393432617188e-07, 2.5331974029541016e-07, 1, -1.6111884804104193e-07, 5.960463766996327e-08, 7.543713564928112e-08, 0.19225265085697174, -0.981345534324646, 1.1175872316471214e-07, 0.9813454747200012, 0.19225260615348816),
            ["RightUpperArm"] = CFrame.new(0, -2.384185791015625e-07, 2.9802322387695312e-08, 0.7443212866783142, -0.06308592110872269, 0.664835512638092, 0.35054102540016174, 0.8842634558677673, -0.30854350328445435, -0.5684248805046082, 0.46270766854286194, 0.6802902221679688),
            ["Head"] = CFrame.new(-1.3969838619232178e-08, 0, 2.0489096641540527e-08, 0.9277252554893494, -0.23470047116279602, -0.2902442216873169, 0.2301090657711029, 0.9718607068061829, -0.050363752990961075, 0.29389727115631104, -0.02006407640874386, 0.955626368522644),
            ["RightHand"] = CFrame.new(1.9371509552001953e-07, 1.7881393432617188e-07, 2.9802322387695312e-08, 0.054609790444374084, 0.27331775426864624, -0.9603724479675293, -0.9929987192153931, -0.08602917939424515, -0.08094870299100876, -0.10474476218223572, 0.9580690860748291, 0.26670628786087036),
            ["UpperTorso"] = CFrame.new(1.6298145055770874e-08, -2.980232238769531e-07, -1.792795956134796e-08, 0.9956108927726746, 0.07723485678434372, 0.052855655550956726, -0.08356737345457077, 0.987916886806488, 0.13052482903003693, -0.042135871946811676, -0.13436894118785858, 0.9900351166725159),
            ["HumanoidRootPart"] = CFrame.new(0, 0, 0, 1, 0, 0, 0, 1, 0, 0, 0, 1),
            ["RightUpperLeg"] = CFrame.new(0, -1.7136335372924805e-07, -3.149762051180005e-08, 0.999415397644043, 0.026094231754541397, 0.022093063220381737, -0.022896727547049522, 0.9906737208366394, -0.1343180239200592, -0.025391966104507446, 0.13373355567455292, 0.9906920194625854),
            ["LeftUpperArm"] = CFrame.new(0, 0, -7.450580596923828e-08, 0.8281313180923462, 0.3560042381286621, 0.43296629190444946, 0.0002863369300030172, 0.7721483111381531, -0.6354422569274902, -0.5605340600013733, 0.5263534784317017, 0.6393381953239441),
            ["RightLowerArm"] = CFrame.new(2.980232238769531e-07, -1.1920928955078125e-07, 5.960464477539063e-08, 1, -6.705523247774181e-08, 7.450580596923828e-08, 8.195638656616211e-08, -0.3466774523258209, -0.9379844069480896, 1.4901161193847656e-07, 0.9379844069480896, -0.3466774523258209),
            ["LeftHand"] = CFrame.new(7.450580596923828e-09, 1.7881393432617188e-07, 1.4901161193847656e-07, 0.19028982520103455, 0.23667679727077484, 0.9527716636657715, -0.1484667807817459, 0.9662804007530212, -0.21038037538528442, -0.9704368114471436, -0.1014215275645256, 0.21901215612888336),
            ["LeftFoot"] = CFrame.new(-7.078051567077637e-08, -5.960464477539063e-08, 7.450580596923828e-09, 0.995479941368103, -0.08258421719074249, -0.04689983278512955, 0.08673318475484848, 0.9917219877243042, 0.09468311816453934, 0.038692351430654526, -0.09832260012626648, 0.9944021105766296),
            ["LowerTorso"] = CFrame.new(0.07242913544178009, -0.06796002388000488, -0.07276610285043716, 0.880486011505127, 0.0866287350654602, 0.46608996391296387, 0.005752687342464924, 0.9811378717422485, -0.19322419166564941, -0.474037230014801, 0.17281244695186615, 0.8633797764778137),
            ["RightLowerLeg"] = CFrame.new(-6.426125764846802e-08, -0.000060677528381347656, -0.00007201561675174162, 1, -1.0151418194936923e-07, -6.100164995359592e-08, 8.102506399154663e-08, 0.6883577704429626, 0.7253710031509399, 2.468004822731018e-08, -0.7253714799880981, 0.6883581876754761),
