return {
    ["Lag-Train"] = {
        {Time = 0.000, Data = {
            ["RightFoot"] = CFrame.new(-3.934227521540379e-08, 3.5762786865234375e-07, 1.2514647096395493e-09, 1, 1.2666019699736353e-07, -0.00039471228956244886, -0.0001317681890213862, 0.9427393078804016, -0.3335306644439697, 0.00037206854904070497, 0.33353087306022644, 0.9427391886711121),
            ["LeftLowerArm"] = CFrame.new(-2.9802322387695312e-08, -5.960464477539063e-08, -2.2910535335540771e-07, 1, 1.26979969650165e-07, -2.321321233011986e-07, -1.273583620786667e-07, -0.5349259972572327, -0.8448988795280457, -2.3248139768838882e-07, 0.8448989391326904, -0.534926176071167),
            ["RightUpperArm"] = CFrame.new(0, 2.384185791015625e-07, 5.029141902923584e-08, 0.9999253153800964, -0.007134339306503534, 0.009930293075740337, 0.009349320083856583, 0.9695054888725281, -0.2448911964893341, -0.007880335673689842, 0.24496567249298096, 0.9694998264312744),
            ["Head"] = CFrame.new(1.1204974725842476e-09, 0, 3.219543032173533e-08, 0.04260341450572014, 0.07785391807556152, 0.9960541129112244, -0.06014374643564224, 0.9953510165214539, -0.07522641867399216, -0.9972801804542542, -0.05670150741934776, 0.047087766230106354),
            ["RightHand"] = CFrame.new(2.2351741790771484e-08, -1.7881393432617188e-07, -6.984919309616089e-09, 0.9994409680366516, 0.02743213064968586, -0.019116779789328575, -0.021103931590914726, 0.9610123634338379, 0.2756991684436798, 0.025934478268027306, -0.2751416265964508, 0.9610538482666016),
            ["UpperTorso"] = CFrame.new(-5.820766091346741e-11, 0, 2.2701897250954062e-08, 0.9999168515205383, 0.0016136912163347006, -0.012800460681319237, 0.0030009401962161064, 0.9358459711074829, 0.35239672660827637, 0.012547913938760757, -0.3524058163166046, 0.9357631802558899),
            ["HumanoidRootPart"] = CFrame.new(0, 0, 0, 1, 0, 0, 0, 1, 0, 0, 0, 1),
            ["RightUpperLeg"] = CFrame.new(-2.9802322387695312e-08, 2.4058681447058916e-07, -2.5203917175531387e-08, 0.9999997615814209, 0.0007790700765326619, 0.00015776600048411638, -0.0007152543403208256, 0.9685074090957642, -0.24898362159729004, -0.0003467746137175709, 0.24898336827754974, 0.9685076475143433),
            ["LeftUpperArm"] = CFrame.new(0, 1.1920928955078125e-07, 9.778887033462524e-09, 0.9999343752861023, 0.009009357541799545, -0.007087867707014084, -0.00876584742218256, 0.2025170773267746, -0.9792394638061523, -0.007386903744190931, 0.9792373776435852, 0.2025826871395111),
            ["RightLowerArm"] = CFrame.new(-5.960464477539063e-08, 5.960464477539063e-08, -2.561137080192566e-09, 1, -1.4959370631117963e-08, 1.3969840839678227e-09, 1.4064426068216562e-08, 0.9872819185256958, -0.1589794158935547, 1.3096723705530167e-09, 0.1589794009923935, 0.9872819185256958),
            ["LeftHand"] = CFrame.new(9.499490261077881e-08, 3.5762786865234375e-07, 9.592622518539429e-08, 0.7812908887863159, -0.1295403242111206, 0.6105768084526062, -0.17649179697036743, 0.8924543857574463, 0.41518163681030273, -0.5986946225166321, -0.43213945627212524, 0.6744036674499512),
            ["LeftFoot"] = CFrame.new(-3.1439320480330935e-08, 0, 1.83936208486557e-08, 1, -5.320184115475968e-08, 0.000391474983189255, 0.0001308808714384213, 0.9425025582313538, -0.33419936895370483, -0.0003689472214318812, 0.3341992497444153, 0.9425024390220642),
            ["LowerTorso"] = CFrame.new(0, -0.11355197429656982, 0, 0.0049204109236598015, -0.13345816731452942, -0.9910423159599304, 0.0006625962560065091, 0.9910544753074646, -0.1334565430879593, 0.9999876618385315, 1.1641532182693481e-10, 0.004964824765920639),
            ["RightLowerLeg"] = CFrame.new(2.286083500280256e-08, -0.000014960765838623047, -0.000035129894968122244, 1, -1.004088474587661e-07, -3.779237189860396e-08, 1.0047404686019945e-07, 0.7481459975242615, 0.6635339260101318, -3.779488366717487e-08, -0.6635342240333557, 0.7481462359428406),
            ["LeftUpperLeg"] = CFrame.new(2.9802322387695312e-08, 2.3261236492544413e-07, -1.2223608791828156e-08, 0.9999998211860657, 0.00048297789180651307, -0.0005712910206057131, -0.0006103109335526824, 0.968334436416626, -0.24965602159500122, 0.00043262209510430694, 0.24965640902519226, 0.968334436416626),
            ["LeftLowerLeg"] = CFrame.new(2.663050935325373e-08, 0.000015437602996826172, 0.00003500666934996843, 1, 5.793178914359487e-08, 2.251462838387397e-08, -5.815405046405431e-08, 0.7472137212753296, 0.6645839214324951, 2.1539566574801938e-08, -0.6645838022232056, 0.74721360206604),
        }},
        {Time = 0.067, Data = {
            ["RightFoot"] = CFrame.new(5.2531767380514793e-08, 3.5762786865234375e-07, 4.976755008101463e-09, 0.9999999403953552, 1.0477405254505356e-07, -0.0003945552743971348, -0.00007628864841535687, 0.9811804294586182, -0.19309334456920624, 0.0003871084190905094, 0.19309362769126892, 0.9811803102493286),
            ["LeftLowerArm"] = CFrame.new(-2.9802322387695312e-08, 5.960464477539063e-08, -3.287568688392639e-07, 1, 1.4249229707274935e-07, -2.0139850676059723e-07, -1.4262332115322351e-07, -0.3336847424507141, -0.9426847100257874, -2.0070001482963562e-07, 0.9426847696304321, -0.33368492126464844),
            ["RightUpperArm"] = CFrame.new(0, -1.1920928955078125e-07, 1.7229467630386353e-08, 0.9999575018882751, 0.0028892208356410265, 0.00876144040375948, -0.0010175202041864395, 0.9784408807754517, -0.2065247893333435, -0.00916924700140953, 0.2065071165561676, 0.9784021377563477),
            ["Head"] = CFrame.new(0, -2.384185791015625e-07, 2.770161700027529e-08, 0.0013050209963694215, 0.08831056207418442, 0.9960921406745911, -0.06436555832624435, 0.9940348863601685, -0.08804374933242798, -0.9979255199432373, -0.06399915367364883, 0.006981394719332457),
            ["RightHand"] = CFrame.new(-7.275957614183426e-11, 0, 4.668254405260086e-08, 0.9970353841781616, -0.0735088512301445, -0.02273770235478878, 0.07691772282123566, 0.9600590467453003, 0.2690173089504242, 0.002054389799013734, -0.2699686884880066, 0.9628669023513794),
            ["UpperTorso"] = CFrame.new(1.4551915228366852e-10, 1.4901161193847656e-07, -1.4551005733665079e-08, 0.9998968839645386, 0.0009522517793811858, -0.01433063205331564, 0.0018141022883355618, 0.9814340472221375, 0.19179150462150574, 0.014247201383113861, -0.19179773330688477, 0.9813311100006104),
            ["HumanoidRootPart"] = CFrame.new(0, 0, 0, 1, 0, 0, 0, 1, 0, 0, 0, 1),
            ["RightUpperLeg"] = CFrame.new(2.9802322387695312e-08, 2.46451236307621e-07, -4.5227352529764175e-08, 0.9999997615814209, 0.0007459179614670575, 0.0002838957298081368, -0.0007191784679889679, 0.9964030385017395, -0.08473780006170273, -0.0003460829029791057, 0.08473744243383408, 0.9964032769203186),
            ["LeftUpperArm"] = CFrame.new(0, 0, 3.771856427192688e-08, 0.9999613761901855, 0.007877236232161522, -0.003919628448784351, -0.007697913330048323, 0.5675203800201416, -0.8233234286308289, -0.004261042457073927, 0.8233216404914856, 0.5675591230392456),
            ["RightLowerArm"] = CFrame.new(1.1920928955078125e-07, -5.960464477539063e-08, 4.650792106986046e-08, 1, -1.73313345896986e-08, 1.6880226105797647e-09, 1.737498678267002e-08, 0.9801435470581055, -0.1982896625995636, 1.7462298274040222e-09, 0.1982896775007248, 0.9801435470581055),
            ["LeftHand"] = CFrame.new(1.9511207938194275e-07, 5.960464477539062e-07, -1.1874362826347351e-08, 0.7809523344039917, -0.1304839700460434, 0.6108090281486511, -0.06372330337762833, 0.9561865925788879, 0.28573885560035706, -0.621331512928009, -0.26207107305526733, 0.7384211421012878),
            ["LeftFoot"] = CFrame.new(4.0264680478685477e-10, 0, 8.265487849712372e-09, 0.9999999403953552, -3.92901711165905e-08, 0.0003914651460945606, 0.00007608137093484402, 0.9809520840644836, -0.19424988329410553, -0.0003840019926428795, 0.19424988329410553, 0.9809520840644836),
            ["LowerTorso"] = CFrame.new(0, -0.03735649585723877, 0, 0.004919914528727531, -0.13419868052005768, -0.9909422397613525, 0.0006662727100774646, 0.9909544587135315, -0.13419702649116516, 0.9999876618385315, 1.7462298274040222e-10, 0.004964824300259352),
            ["RightLowerLeg"] = CFrame.new(6.466791546699824e-08, -0.000014960765838623047, -0.000035115808714181185, 1, -6.110281702831344e-08, -1.2284257167038959e-08, 6.10637087561372e-08, 0.915617048740387, 0.40205132961273193, -1.2126493587061304e-08, -0.4020516574382782, 0.9156171083450317),
            ["LeftUpperLeg"] = CFrame.new(0, 1.9185245037078857e-07, -2.561137080192566e-08, 0.9999998211860657, 0.0005741819622926414, -0.0004842589842155576, -0.0006137106101959944, 0.9962930679321289, -0.08602158725261688, 0.0004330720694269985, 0.08602183312177658, 0.9962931275367737),
            ["LeftLowerLeg"] = CFrame.new(1.5259866259498267e-08, 0.0000152587890625, 0.000035060103982686996, 1, 3.493290989808884e-08, 8.169154241954857e-09, -3.5502836226442014e-08, 0.9146220684051514, 0.4043098986148834, 7.792614553636668e-09, -0.40430980920791626, 0.9146221280097961),
        }},
        {Time = 0.133, Data = {
            ["RightFoot"] = CFrame.new(1.9287597297079628e-08, 2.980232238769531e-07, -1.0739313438534737e-08, 1, 2.0803427958071552e-07, -0.00039328221464529634, -0.00008415699267061427, 0.9769501090049744, -0.21346750855445862, 0.00038417387986555696, 0.21346783638000488, 0.9769501686096191),
            ["LeftLowerArm"] = CFrame.new(5.960464477539063e-08, -5.960464477539063e-08, 4.041939973831177e-07, 1, 1.5017569410247233e-07, -1.69384250625626e-07, -1.4990655472502112e-07, -0.11648084968328476, -0.9931929707527161, -1.6996636986732483e-07, 0.9931929707527161, -0.11648108065128326),
            ["RightUpperArm"] = CFrame.new(5.960464477539063e-08, 0, -1.3969838619232178e-09, 0.9999380111694336, -0.004936911631375551, 0.009981535375118256, 0.007230596151202917, 0.9695436954498291, -0.2448118031024933, -0.00846891663968563, 0.24486881494522095, 0.969519317150116),
            ["Head"] = CFrame.new(2.1827872842550278e-11, 1.1920928955078125e-07, 6.929212759132497e-09, 0.012580874375998974, 0.08012831211090088, 0.996705174446106, -0.06552895903587341, 0.9947073459625244, -0.07914047688245773, -0.9977713823318481, -0.06431738287210464, 0.017765004187822342),
            ["RightHand"] = CFrame.new(-2.7430360205471516e-08, -5.960464477539063e-08, 2.3283064365386963e-08, 0.9996377229690552, 0.016059648245573044, -0.021598340943455696, -0.010070893913507462, 0.9673662781715393, 0.2531822919845581, 0.024959523230791092, -0.2528730630874634, 0.9671775698661804),
            ["UpperTorso"] = CFrame.new(8.731149137020111e-11, -1.1920928955078125e-07, -1.8277660274179652e-08, 0.9998975396156311, 0.0012667863629758358, -0.014258471317589283, 0.002413300098851323, 0.9669010043144226, 0.25514039397239685, 0.014109738171100616, -0.25514864921569824, 0.9667989015579224),
            ["HumanoidRootPart"] = CFrame.new(0, 0, 0, 1, 0, 0, 0, 1, 0, 0, 0, 1),
            ["RightUpperLeg"] = CFrame.new(0, -2.2890162654221058e-08, -2.019805833697319e-08, 0.9999994039535522, 0.0011179987341165543, 0.00023875763872638345, -0.001109082717448473, 0.9994023442268372, -0.03454973176121712, -0.000277243583695963, 0.03454933688044548, 0.9994029402732849),
            ["LeftUpperArm"] = CFrame.new(0, -1.1920928955078125e-07, 9.778887033462524e-09, 0.9999648928642273, 0.007597594056278467, -0.0035383906215429306, -0.0074267820455133915, 0.607600212097168, -0.7942083477973938, -0.003884142730385065, 0.7942067384719849, 0.6076353192329407),
            ["RightLowerArm"] = CFrame.new(5.960464477539063e-08, 0, -2.584420144557953e-08, 1, -1.3460526027131436e-08, 1.0477381184870183e-09, 1.2878444977104664e-08, 0.988746702671051, -0.14959992468357086, 9.89530235528946e-10, 0.14959996938705444, 0.9887466430664062),
            ["LeftHand"] = CFrame.new(-2.421438694000244e-08, 5.960464477539063e-08, 1.273583620786667e-07, 0.7804539799690247, -0.130635604262352, 0.611413300037384, -0.1159597784280777, 0.9307142496109009, 0.3468778729438782, -0.6143655180931091, -0.3416215479373932, 0.7112310528755188),
            ["LeftFoot"] = CFrame.new(2.8862238821147912e-08, 5.960464477539063e-08, -4.773028194904327e-09, 0.9999999403953552, -4.7439218775480185e-08, 0.00039212359115481377, 0.00008440634701400995, 0.9765836596488953, -0.21513831615447998, -0.00038292957469820976, 0.21513842046260834, 0.9765834808349609),
            ["LowerTorso"] = CFrame.new(0, -0.04585766792297363, 0, 0.00485727284103632, -0.20701706409454346, -0.9783252477645874, 0.0010278039844706655, 0.9783373475074768, -0.2070145159959793, 0.9999876618385315, -5.820766091346741e-10, 0.004964824300259352),
            ["RightLowerLeg"] = CFrame.new(1.843713448579365e-08, -0.000014960765838623047, -0.000035078555811196566, 1, -6.689660381198337e-08, -1.4441640772133724e-08, 6.697103316355424e-08, 0.8968492746353149, 0.44233593344688416, -1.621777734328589e-08, -0.44233614206314087, 0.8968495726585388),
            ["LeftUpperLeg"] = CFrame.new(5.960464477539063e-08, -2.1331652533262968e-07, -2.537854015827179e-08, 0.999999463558197, 0.0009280845988541842, -0.0005255219293758273, -0.0009465863695368171, 0.9993378520011902, -0.03637487813830376, 0.0004914132296107709, 0.03637533262372017, 0.9993381500244141),
            ["LeftLowerLeg"] = CFrame.new(-8.139116935979018e-09, 0.000015079975128173828, 0.00003511318936944008, 1, 3.916814605986474e-08, 9.157395730596818e-09, -3.876665743973717e-08, 0.8952789902687073, 0.44550594687461853, 9.018760849244245e-09, -0.44550594687461853, 0.895279049873352),
        }},
        {Time = 0.200, Data = {
            ["RightFoot"] = CFrame.new(-2.542835630947593e-08, 2.384185791015625e-07, 1.3009412214159966e-08, 0.9999999403953552, 2.483141940956557e-07, -0.00039287013350985944, -0.0000999104231595993, 0.9672835469245911, -0.2536974847316742, 0.00037995632737874985, 0.25369778275489807, 0.9672836065292358),
            ["LeftLowerArm"] = CFrame.new(5.960464477539063e-08, 5.960464477539063e-08, 3.0081719160079956e-07, 1, 1.4971006123687403e-07, -1.648440957069397e-07, -1.5036494005471468e-07, -0.089341901242733, -0.9960010051727295, -1.6530975699424744e-07, 0.9960010051727295, -0.08934211730957031),
            ["RightUpperArm"] = CFrame.new(0, 3.5762786865234375e-07, 4.656612873077393e-10, 0.9999135732650757, -0.0031115023884922266, 0.012780212797224522, 0.006416797172278166, 0.963548481464386, -0.26745718717575073, -0.011482159607112408, 0.26751601696014404, 0.963485062122345),
            ["Head"] = CFrame.new(2.0372681319713593e-10, 2.384185791015625e-07, -2.147544364561327e-09, 0.01250694040209055, 0.07971037179231644, 0.9967396855354309, -0.07863079011440277, 0.993809163570404, -0.07848931103944778, -0.9968253970146179, -0.07739275693893433, 0.01869720220565796),
            ["RightHand"] = CFrame.new(4.487810656428337e-08, -2.980232238769531e-07, -3.259629011154175e-09, 0.9996911287307739, 0.018629802390933037, -0.016450904309749603, -0.014737172052264214, 0.9773269891738892, 0.21122202277183533, 0.020012935623526573, -0.21091432869434357, 0.9772997498512268),
            ["UpperTorso"] = CFrame.new(-1.1641532182693481e-10, -5.960464477539063e-08, -1.0827761798282154e-08, 0.9998977184295654, 0.0013247269671410322, -0.014242739416658878, 0.002523653907701373, 0.9637459516525269, 0.2668096721172333, 0.014079832471907139, -0.2668183147907257, 0.9636439681053162),
            ["HumanoidRootPart"] = CFrame.new(0, 0, 0, 1, 0, 0, 0, 1, 0, 0, 0, 1),
            ["RightUpperLeg"] = CFrame.new(0, -6.805203156545758e-08, -3.16067598760128e-08, 0.9999992251396179, 0.0012339407112449408, 0.00017801135254558176, -0.001221004407852888, 0.9981898665428162, -0.0601297989487648, -0.00025188762811012566, 0.060129351913928986, 0.9981905817985535),
            ["LeftUpperArm"] = CFrame.new(5.960464477539063e-08, -1.1920928955078125e-07, -1.257285475730896e-08, 0.9999657273292542, 0.007531571201980114, -0.003453098237514496, -0.007362733595073223, 0.616618275642395, -0.7872278690338135, -0.003799818456172943, 0.7872262597084045, 0.6166525483131409),
            ["RightLowerArm"] = CFrame.new(5.960464477539063e-08, -1.1920928955078125e-07, -4.563480615615845e-08, 1, -1.5366826033869074e-08, 2.328306880627906e-09, 1.4784745872020721e-08, 0.9848245978355408, -0.1735527515411377, 1.5133991837501526e-09, 0.1735527217388153, 0.9848245978355408),
            ["LeftHand"] = CFrame.new(-7.82310962677002e-08, 4.76837158203125e-07, 2.026790753006935e-07, 0.7807254791259766, -0.130541130900383, 0.6110867857933044, -0.0870223119854927, 0.9456918835639954, 0.3131997287273407, -0.61878502368927, -0.29770123958587646, 0.726965606212616),
            ["LeftFoot"] = CFrame.new(2.132527043841037e-08, -1.1920928955078125e-07, -3.026798367500305e-09, 1, -8.19564220932989e-08, 0.0003923526965081692, 0.00010022953210864216, 0.9668734669685364, -0.25525614619255066, -0.000379333330783993, 0.2552560567855835, 0.9668734073638916),
            ["LowerTorso"] = CFrame.new(0, -0.06502890586853027, 0, 0.0048341406509280205, -0.2279275506734848, -0.9736660718917847, 0.0011316211894154549, 0.9736781120300293, -0.22792474925518036, 0.9999876618385315, -9.313225746154785e-10, 0.004964824300259352),
            ["RightLowerLeg"] = CFrame.new(-6.36453023616923e-09, -0.000015020370483398438, -0.00003506318898871541, 1, -7.88969103382442e-08, -2.2551997602704432e-08, 7.795765810669764e-08, 0.8542901277542114, 0.5197961926460266, -2.2922844067352344e-08, -0.51979660987854, 0.8542903065681458),
            ["LeftUpperLeg"] = CFrame.new(5.960464477539063e-08, -4.3677573557943106e-08, 3.958120942115784e-09, 0.9999993443489075, 0.0010084782261401415, -0.0005763802328146994, -0.0010421732440590858, 0.9980878233909607, -0.06180398911237717, 0.0005129483179189265, 0.06180454418063164, 0.9980881810188293),
            ["LeftLowerLeg"] = CFrame.new(-9.0597680468818e-09, 0.00001531839370727539, 0.000035057892091572285, 1, 4.54995898735433e-08, 1.3526168629596214e-08, -4.60773890154087e-08, 0.8525755405426025, 0.5226040482521057, 1.2885486455616046e-08, -0.5226039886474609, 0.8525756001472473),
        }},
        {Time = 0.267, Data = {
            ["RightFoot"] = CFrame.new(-1.3747506244499164e-08, 4.172325134277344e-07, -1.178705133497715e-08, 1, 1.4947751481031446e-07, -0.0003937572182621807, -0.00011567726323846728, 0.9559860825538635, -0.29341191053390503, 0.000376385694835335, 0.29341211915016174, 0.9559860229492188),
            ["LeftLowerArm"] = CFrame.new(5.960464477539063e-08, -2.384185791015625e-07, 1.0896474123001099e-07, 1, 1.5017567989161762e-07, -1.6757981313730852e-07, -1.4989927876740694e-07, -0.10711828619241714, -0.994246244430542, -1.671724021434784e-07, 0.9942463040351868, -0.10711850970983505),
            ["RightUpperArm"] = CFrame.new(5.960464477539063e-08, 2.384185791015625e-07, -1.5366822481155396e-08, 0.9999158382415771, -0.002767008263617754, 0.012677492573857307, 0.006489082705229521, 0.9526882171630859, -0.3038802742958069, -0.011236860416829586, 0.3039369583129883, 0.9526258707046509),
            ["Head"] = CFrame.new(-3.2014213502407074e-10, 2.384185791015625e-07, -5.8244040701538324e-09, 0.009683812968432903, 0.09937293082475662, 0.9950032234191895, -0.0537838414311409, 0.9936611652374268, -0.09871537983417511, -0.9985056519508362, -0.05255911126732826, 0.014967076480388641),
            ["RightHand"] = CFrame.new(-3.864988684654236e-08, -1.1920928955078125e-07, -1.150183379650116e-07, 0.9996885061264038, 0.018366506323218346, -0.016902854666113853, -0.015925584360957146, 0.9907631874084473, 0.13466569781303406, 0.019220061600208282, -0.13435454666614532, 0.9907469749450684),
            ["UpperTorso"] = CFrame.new(-2.9103830456733704e-11, 5.960464477539063e-08, -1.0825715435203165e-08, 0.9998975992202759, 0.0012729139998555183, -0.014256827533245087, 0.002424972364678979, 0.9665743708610535, 0.256375253200531, 0.014106628485023975, -0.25638359785079956, 0.9664722681045532),
            ["HumanoidRootPart"] = CFrame.new(0, 0, 0, 1, 0, 0, 0, 1, 0, 0, 0, 1),
            ["RightUpperLeg"] = CFrame.new(-5.960464477539063e-08, 2.7263013180345297e-08, -3.5564880818128586e-08, 0.9999995231628418, 0.0010371743701398373, 0.00014685033238492906, -0.0010039787739515305, 0.9889671802520752, -0.1481313407421112, -0.00029887002892792225, 0.14813105762004852, 0.9889676570892334),
            ["LeftUpperArm"] = CFrame.new(-5.960464477539063e-08, 0, -1.3504177331924438e-08, 0.9999666810035706, 0.007444385904818773, -0.0033434531651437283, -0.00727812061086297, 0.6282100081443787, -0.7780097723007202, -0.0036914139054715633, 0.7780081629753113, 0.6282433271408081),
            ["RightLowerArm"] = CFrame.new(-2.9802322387695312e-08, 0, 9.918585419654846e-08, 1, -1.0477379852602553e-08, 1.1641533292916506e-09, 1.1117663234472275e-08, 0.9922055006027222, -0.1246127113699913, 4.656612873077393e-10, 0.12461274862289429, 0.9922055006027222),
            ["LeftHand"] = CFrame.new(-1.8579885363578796e-07, 5.364418029785156e-07, -2.1973391994833946e-07, 0.7811423540115356, -0.13042855262756348, 0.6105778217315674, -0.042320605367422104, 0.9646264910697937, 0.2602013945579529, -0.6229170560836792, -0.22909417748451233, 0.747990608215332),
            ["LeftFoot"] = CFrame.new(2.9349983776683075e-08, -5.960464477539063e-08, -2.0605511963367462e-08, 1, -4.5867640352525996e-08, 0.00039194017881527543, 0.00011547004396561533, 0.9556505084037781, -0.2945031225681305, -0.000374542607460171, 0.29450318217277527, 0.9556505084037781),
            ["LowerTorso"] = CFrame.new(0, -0.08734381198883057, 0, 0.0048768953420221806, -0.18736925721168518, -0.9822774529457092, 0.0009302554535679519, 0.9822895526885986, -0.18736694753170013, 0.9999876618385315, 0, 0.004964824300259352),
            ["RightLowerLeg"] = CFrame.new(-1.0395275751307054e-08, -0.000014781951904296875, -0.00003510684473440051, 1, -8.938584272755179e-08, -3.040956642053061e-08, 8.973768217401812e-08, 0.805099368095398, 0.5931396484375, -2.9552595037785068e-08, -0.5931398868560791, 0.8050995469093323),
            ["LeftUpperLeg"] = CFrame.new(8.940696716308594e-08, 3.926834324374795e-08, -4.7031790018081665e-08, 0.9999995827674866, 0.0007765288464725018, -0.0005957600078545511, -0.0008567646145820618, 0.9887940883636475, -0.149283766746521, 0.00047315898700617254, 0.14928428828716278, 0.988794207572937),
            ["LeftLowerLeg"] = CFrame.new(-3.153675010025836e-08, 0.00001537799835205078, 0.00003507058136165142, 1, 5.232827504642046e-08, 1.7143989339274412e-08, -5.178112871817575e-08, 0.8037286400794983, 0.5949962139129639, 1.7695496623559848e-08, -0.5949962139129639, 0.803728461265564),
        }},
        {Time = 0.333, Data = {
            ["RightFoot"] = CFrame.new(-8.480721902515143e-09, 2.384185791015625e-07, -2.6338966563344002e-08, 0.9999999403953552, 1.5005961984115856e-07, -0.00039434400969184935, -0.00012723554391413927, 0.9466415643692017, -0.3222879469394684, 0.0003732554614543915, 0.3222883641719818, 0.9466416835784912),
            ["LeftLowerArm"] = CFrame.new(-5.960464477539063e-08, -4.172325134277344e-07, -1.73225998878479e-07, 1, 1.5040853895698092e-07, -1.6996638407817954e-07, -1.499138306826353e-07, -0.12038791179656982, -0.9927269220352173, -1.695007085800171e-07, 0.9927269220352173, -0.12038809806108475),
            ["RightUpperArm"] = CFrame.new(5.960464477539063e-08, 1.1920928955078125e-07, 2.1886080503463745e-08, 0.9999165534973145, -0.0026572139468044043, 0.012641728855669498, 0.0065103149972856045, 0.9489070177078247, -0.31548869609832764, -0.011157505214214325, 0.31554463505744934, 0.9488450884819031),
            ["Head"] = CFrame.new(0, 0, -5.824631443829276e-09, 0.009690786711871624, 0.09925685077905655, 0.9950147271156311, -0.06611424684524536, 0.9929476380348206, -0.09840666502714157, -0.997765064239502, -0.06483100354671478, 0.01618473418056965),
            ["RightHand"] = CFrame.new(3.317836672067642e-08, 4.76837158203125e-07, -9.96515154838562e-08, 0.9996870756149292, 0.018178848549723625, -0.01718735508620739, -0.016667498275637627, 0.9962990880012512, 0.08432300388813019, 0.018656639382243156, -0.08401013910770416, 0.9962903261184692),
            ["UpperTorso"] = CFrame.new(-2.9103830456733704e-10, -1.1920928955078125e-07, 3.510649548843503e-10, 0.9998974800109863, 0.0012026894837617874, -0.014274930581450462, 0.0022911918349564075, 0.9702157974243164, 0.24223171174526215, 0.01414109393954277, -0.24223960936069489, 0.9701133966445923),
            ["HumanoidRootPart"] = CFrame.new(0, 0, 0, 1, 0, 0, 0, 1, 0, 0, 0, 1),
            ["RightUpperLeg"] = CFrame.new(-2.9802322387695312e-08, -1.1172960512340069e-07, -4.802132025361061e-08, 0.9999995827674866, 0.000888908514752984, 0.0001421868073521182, -0.0008381707593798637, 0.9770175814628601, -0.21315746009349823, -0.00032839737832546234, 0.21315714716911316, 0.9770179390907288),
            ["LeftUpperArm"] = CFrame.new(0, 2.384185791015625e-07, 4.0512531995773315e-08, 0.999967098236084, 0.007416676729917526, -0.0033092889934778214, -0.0072512212209403515, 0.6318216323852539, -0.7750799059867859, -0.003657636232674122, 0.775078296661377, 0.6318546533584595),
            ["RightLowerArm"] = CFrame.new(-5.960464477539063e-08, 5.960464477539063e-08, 8.312053978443146e-08, 1, -9.604266715257381e-09, 4.656613983300417e-10, 9.89530235528946e-09, 0.9932416081428528, -0.1160655990242958, 6.984919309616089e-10, 0.1160656064748764, 0.9932416081428528),
            ["LeftHand"] = CFrame.new(1.8719583749771118e-07, 2.384185791015625e-07, -9.173527359962463e-08, 0.7812663912773132, -0.1304066926240921, 0.610423743724823, -0.028948495164513588, 0.9693111777305603, 0.24412725865840912, -0.6235261559486389, -0.20839908719062805, 0.7535150647163391),
            ["LeftFoot"] = CFrame.new(-1.8217267694353723e-09, 1.7881393432617188e-07, 9.313225746154785e-10, 1, -4.563482391972684e-08, 0.00039166779606603086, 0.0001265924802282825, 0.9463620781898499, -0.3231082856655121, -0.00037064269417896867, 0.3231082856655121, 0.9463620185852051),
            ["LowerTorso"] = CFrame.new(0, -0.10583925247192383, 0, 0.004903719760477543, -0.15640828013420105, -0.9876803159713745, 0.0007765390328131616, 0.9876925945281982, -0.15640634298324585, 0.9999876618385315, 5.820766646458253e-10, 0.004964824300259352),
            ["RightLowerLeg"] = CFrame.new(-2.7844777150676236e-08, -0.000014662742614746094, -0.00003505608765408397, 1, -9.700772807264002e-08, -3.6252561841365605e-08, 9.746595708293171e-08, 0.7648407220840454, 0.6442190408706665, -3.5718393576189555e-08, -0.6442194581031799, 0.7648410797119141),
            ["LeftUpperLeg"] = CFrame.new(5.960464477539063e-08, -7.142079994082451e-08, -3.259629011154175e-08, 0.9999996423721313, 0.0006027456256560981, -0.0005908627645112574, -0.0007152273901738226, 0.9768332242965698, -0.21400092542171478, 0.0004481836804188788, 0.2140013873577118, 0.9768332839012146),
            ["LeftLowerLeg"] = CFrame.new(5.528400492949004e-08, 0.000015497207641601562, 0.00003507372457534075, 1, 5.6593499664359115e-08, 2.1578495434937395e-08, -5.611754616552389e-08, 0.7637248635292053, 0.6455419063568115, 2.0442957548993945e-08, -0.6455420255661011, 0.7637249827384949),
        }},
        {Time = 0.400, Data = {
            ["RightFoot"] = CFrame.new(1.9856873478829584e-08, 1.7881393432617188e-07, -1.7724232748150826e-08, 0.9999999403953552, 1.461015131098975e-07, -0.0003947011136915535, -0.00013177492655813694, 0.9427460432052612, -0.33351150155067444, 0.0003720540553331375, 0.33351168036460876, 0.9427459836006165),
            ["LeftLowerArm"] = CFrame.new(0, 1.1920928955078125e-07, 3.5297125577926636e-07, 1, 1.2700908769147645e-07, -2.3224853862302552e-07, -1.2724196096769447e-07, -0.5349260568618774, -0.8448988199234009, -2.3248142611009825e-07, 0.8448989391326904, -0.5349261164665222),
            ["RightUpperArm"] = CFrame.new(0, 1.1920928955078125e-07, 3.4924596548080444e-08, 0.9999253153800964, -0.007134340237826109, 0.009930294007062912, 0.009349320083856583, 0.9695054888725281, -0.2448911964893341, -0.007880336605012417, 0.24496567249298096, 0.9694998264312744),
            ["Head"] = CFrame.new(2.473825588822365e-10, -1.1920928955078125e-07, 2.392653186689131e-09, 0.04260341078042984, 0.07785391807556152, 0.9960541725158691, -0.06014373153448105, 0.9953510165214539, -0.07522642612457275, -0.9972802400588989, -0.05670150741934776, 0.04708776995539665),
            ["RightHand"] = CFrame.new(1.1263182386755943e-08, 5.960464477539063e-08, 3.795139491558075e-08, 0.9994409680366516, 0.02743213064968586, -0.019116779789328575, -0.021103931590914726, 0.9610123634338379, 0.2756991684436798, 0.025934478268027306, -0.2751416265964508, 0.9610538482666016),
            ["UpperTorso"] = CFrame.new(-2.9103830456733704e-10, -1.4901161193847656e-07, 4.8779384087538347e-08, 0.9999169111251831, 0.0016454217256978154, -0.012788388878107071, 0.003052725223824382, 0.9334142208099365, 0.3587876260280609, 0.012527215294539928, -0.3587968647480011, 0.9333316087722778),
            ["HumanoidRootPart"] = CFrame.new(0, 0, 0, 1, 0, 0, 0, 1, 0, 0, 0, 1),
            ["RightUpperLeg"] = CFrame.new(0, 2.2431777324527502e-08, -1.705484464764595e-08, 0.9999997019767761, 0.0008119537960737944, 0.00014943881251383573, -0.0007515372126363218, 0.9701922535896301, -0.2423355132341385, -0.00034174975007772446, 0.242335245013237, 0.970192551612854),
            ["LeftUpperArm"] = CFrame.new(0, -1.1920928955078125e-07, -1.955777406692505e-08, 0.9999343752861023, 0.00900935847312212, -0.007087866775691509, -0.00876584742218256, 0.2025170773267746, -0.9792394638061523, -0.007386904675513506, 0.9792373776435852, 0.2025826871395111),
            ["RightLowerArm"] = CFrame.new(5.960464477539063e-08, 0, -2.491287887096405e-08, 1, -1.4028048056502485e-08, 1.1641533292916506e-09, 1.4068064047023654e-08, 0.9872819185256958, -0.1589794158935547, 1.076841726899147e-09, 0.1589794009923935, 0.9872819185256958),
            ["LeftHand"] = CFrame.new(1.178705133497715e-07, 1.7881393432617188e-07, 5.075708031654358e-08, 0.7812908887863159, -0.1295403391122818, 0.6105767488479614, -0.17649181187152863, 0.8924544453620911, 0.41518157720565796, -0.5986946225166321, -0.43213948607444763, 0.6744036674499512),
            ["LeftFoot"] = CFrame.new(-1.6659105206429103e-09, -5.960464477539063e-08, 3.259629011154175e-08, 1, -1.74623018267539e-08, 0.00039153831312432885, 0.00013087574916426092, 0.9424962997436523, -0.33421674370765686, -0.0003690184676088393, 0.3342166543006897, 0.9424962401390076),
            ["LowerTorso"] = CFrame.new(-0.5695759654045105, -0.11355197429656982, 0, 0.004915765020996332, -0.1402319222688675, -0.990106463432312, 0.0006962265470065176, 0.990118682384491, -0.140230193734169, 0.9999876618385315, 3.4924596548080444e-10, 0.004964824300259352),
            ["RightLowerLeg"] = CFrame.new(3.005082405138637e-08, -0.000014662742614746094, -0.000034937693271785975, 1, -1.0002172246004193e-07, -3.868174403010016e-08, 1.0045989995433047e-07, 0.7481729388237, 0.6635034680366516, -3.8264918345021215e-08, -0.6635037660598755, 0.7481732368469238),
            ["LeftUpperLeg"] = CFrame.new(5.960464477539063e-08, 5.952460924163461e-08, -2.3399479687213898e-08, 0.9999997019767761, 0.0005158123676665127, -0.0005797103513032198, -0.0006412434158846736, 0.9700140953063965, -0.24304790794849396, 0.0004369606904219836, 0.24304835498332977, 0.9700141549110413),
            ["LeftLowerLeg"] = CFrame.new(2.4348786098471464e-08, 0.000015079975128173828, 0.00003505009226500988, 1, 5.797205915314407e-08, 2.1886664924863908e-08, -5.795813962095053e-08, 0.7471882700920105, 0.6646125912666321, 2.2547538947037538e-08, -0.6646124720573425, 0.7471882700920105),
        }},
        {Time = 0.467, Data = {
            ["RightFoot"] = CFrame.new(1.6088019805238218e-09, 1.7881393432617188e-07, -2.5902409106492996e-09, 0.9999999403953552, 8.742816248741292e-08, -0.00039456976810470223, -0.00007627444574609399, 0.9811804890632629, -0.19309306144714355, 0.0003871261142194271, 0.19309331476688385, 0.9811804294586182),
            ["LeftLowerArm"] = CFrame.new(-2.9802322387695312e-08, -1.1920928955078125e-07, -1.555308699607849e-07, 1, 1.4249229707274935e-07, -2.0139850676059723e-07, -1.4262332115322351e-07, -0.3336847424507141, -0.9426847100257874, -2.0070001482963562e-07, 0.9426847696304321, -0.33368492126464844),
            ["RightUpperArm"] = CFrame.new(0, 0, 3.213062882423401e-08, 0.9999575018882751, 0.00288921850733459, 0.008761417120695114, -0.0010175226489081979, 0.9784408807754517, -0.2065247893333435, -0.00916922278702259, 0.2065071165561676, 0.9784021377563477),
            ["Head"] = CFrame.new(6.111804395914078e-10, -1.1920928955078125e-07, 7.613039088028017e-08, 0.0013050209963694215, 0.08831056207418442, 0.9960921406745911, -0.06436555832624435, 0.9940348863601685, -0.08804374933242798, -0.9979255199432373, -0.06399915367364883, 0.006981394719332457),
            ["RightHand"] = CFrame.new(-4.735920811071992e-08, 1.7881393432617188e-07, 2.246815711259842e-08, 0.9970353841781616, -0.0735088512301445, -0.02273770235478878, 0.07691772282123566, 0.9600590467453003, 0.2690173089504242, 0.0020543872378766537, -0.269968718290329, 0.9628669023513794),
            ["UpperTorso"] = CFrame.new(1.1641532182693481e-10, 2.086162567138672e-07, -4.062803782289848e-08, 0.9998968839645386, 0.0009522517793811858, -0.01433063205331564, 0.0018141022883355618, 0.9814340472221375, 0.19179150462150574, 0.014247201383113861, -0.19179773330688477, 0.9813311100006104),
            ["HumanoidRootPart"] = CFrame.new(0, 0, 0, 1, 0, 0, 0, 1, 0, 0, 0, 1),
            ["RightUpperLeg"] = CFrame.new(5.960464477539063e-08, 5.964830052107573e-08, -7.654307410120964e-08, 0.9999997615814209, 0.0007459378684870899, 0.00028390667284838855, -0.0007191974436864257, 0.996403157711029, -0.08473744243383408, -0.0003460940788500011, 0.08473709225654602, 0.9964032769203186),
            ["LeftUpperArm"] = CFrame.new(0, 1.1920928955078125e-07, 7.497146725654602e-08, 0.9999613761901855, 0.007877236232161522, -0.003919628448784351, -0.007697913330048323, 0.5675203800201416, -0.8233234286308289, -0.004261042457073927, 0.8233216404914856, 0.5675591230392456),
            ["RightLowerArm"] = CFrame.new(1.4901161193847656e-07, 5.960464477539063e-08, 5.413312464952469e-09, 1, -1.7316782674470232e-08, 1.6880226105797647e-09, 1.7258571460843086e-08, 0.9801435470581055, -0.1982896625995636, 1.760781742632389e-09, 0.1982896775007248, 0.9801435470581055),
            ["LeftHand"] = CFrame.new(1.2945383787155151e-07, 4.76837158203125e-07, -1.1874362826347351e-08, 0.7809523344039917, -0.1304839700460434, 0.6108090281486511, -0.06372330337762833, 0.9561865925788879, 0.28573885560035706, -0.621331512928009, -0.26207107305526733, 0.7384211421012878),
            ["LeftFoot"] = CFrame.new(1.1699229141015621e-08, -5.960464477539063e-08, -3.050081431865692e-08, 0.9999999403953552, -2.1653246307096197e-08, 0.00039151025703176856, 0.00007607322186231613, 0.9809520840644836, -0.19425015151500702, -0.0003840499557554722, 0.1942502111196518, 0.9809519648551941),
            ["LowerTorso"] = CFrame.new(-0.5695759654045105, -0.03735649585723877, 0, 0.004919914528727531, -0.13419868052005768, -0.9909422397613525, 0.0006662727100774646, 0.9909544587135315, -0.13419702649116516, 0.9999876618385315, 1.7462298274040222e-10, 0.004964824300259352),
            ["RightLowerLeg"] = CFrame.new(-8.536549245263814e-10, -0.000015020370483398438, -0.00003503781044855714, 1, -6.08949690672489e-08, -1.2351526912368627e-08, 6.085219439455614e-08, 0.9156172871589661, 0.4020507335662842, -1.255730452953685e-08, -0.40205103158950806, 0.9156173467636108),
            ["LeftUpperLeg"] = CFrame.new(0, 7.4069248512387276e-09, -1.130392774939537e-07, 0.9999998211860657, 0.0005741547793149948, -0.00048429876915179193, -0.0006136872689239681, 0.9962930679321289, -0.08602192252874374, 0.00043311441550031304, 0.08602219074964523, 0.9962931275367737),
            ["LeftLowerLeg"] = CFrame.new(6.7524226210480265e-09, 0.000015139579772949219, 0.00003502995241433382, 1, 3.500330691963427e-08, 7.881144625798697e-09, -3.551057048412076e-08, 0.9146218299865723, 0.4043104648590088, 7.705813764857794e-09, -0.4043104648590088, 0.9146218299865723),
        }},
        {Time = 0.533, Data = {
            ["RightFoot"] = CFrame.new(-1.1357801810163437e-08, 2.980232238769531e-07, -3.623426891863346e-08, 0.9999999403953552, 2.0803427958071552e-07, -0.0003933413536287844, -0.00008416933269472793, 0.9769500494003296, -0.2134677767753601, 0.0003842302248813212, 0.21346813440322876, 0.9769500494003296),
            ["LeftLowerArm"] = CFrame.new(8.940696716308594e-08, -1.1920928955078125e-07, 4.0978193283081055e-08, 1, 1.5017569410247233e-07, -1.69384250625626e-07, -1.4990655472502112e-07, -0.11648084968328476, -0.9931929707527161, -1.6996636986732483e-07, 0.9931929707527161, -0.11648108065128326),
            ["RightUpperArm"] = CFrame.new(5.960464477539063e-08, 3.5762786865234375e-07, -2.1886080503463745e-08, 0.9999380111694336, -0.004936911631375551, 0.009981535375118256, 0.007230596151202917, 0.9695436954498291, -0.2448118031024933, -0.00846891663968563, 0.24486881494522095, 0.969519317150116),
            ["Head"] = CFrame.new(-2.0372681319713593e-10, 4.76837158203125e-07, -4.312937562644947e-08, 0.012580874375998974, 0.08012831211090088, 0.996705174446106, -0.06552895903587341, 0.9947073459625244, -0.07914047688245773, -0.9977713823318481, -0.06431738287210464, 0.017765004187822342),
            ["RightHand"] = CFrame.new(6.683694664388895e-08, -5.960464477539063e-08, -5.122274160385132e-08, 0.9996377229690552, 0.016059648245573044, -0.021598340943455696, -0.010070893913507462, 0.9673662781715393, 0.2531822919845581, 0.024959523230791092, -0.2528730630874634, 0.9671775698661804),
            ["UpperTorso"] = CFrame.new(1.1641532182693481e-10, 0, -5.553056325879879e-08, 0.9998975396156311, 0.0012667863629758358, -0.014258471317589283, 0.002413300098851323, 0.9669010043144226, 0.25514039397239685, 0.014109738171100616, -0.25514864921569824, 0.9667989015579224),
            ["HumanoidRootPart"] = CFrame.new(0, 0, 0, 1, 0, 0, 0, 1, 0, 0, 0, 1),
            ["RightUpperLeg"] = CFrame.new(-2.9802322387695312e-08, -3.004970494657755e-08, -3.2188836485147476e-08, 0.9999994039535522, 0.0011180131696164608, 0.00023881421657279134, -0.0011090950574725866, 0.9994023442268372, -0.03454998508095741, -0.00027730033616535366, 0.03454957529902458, 0.9994029402732849),
            ["LeftUpperArm"] = CFrame.new(0, 2.384185791015625e-07, -4.98257577419281e-08, 0.9999648928642273, 0.007597594056278467, -0.0035383906215429306, -0.0074267820455133915, 0.607600212097168, -0.7942083477973938, -0.003884142730385065, 0.7942067384719849, 0.6076353192329407),
            ["RightLowerArm"] = CFrame.new(8.940696716308594e-08, 0, -7.799826562404633e-08, 1, -1.3460526027131436e-08, 1.0477381184870183e-09, 1.2878444977104664e-08, 0.988746702671051, -0.14959992468357086, 9.89530235528946e-10, 0.14959996938705444, 0.9887466430664062),
            ["LeftHand"] = CFrame.new(-5.844049155712128e-08, 1.7881393432617188e-07, 6.775371730327606e-08, 0.7804539799690247, -0.130635604262352, 0.611413300037384, -0.1159597784280777, 0.9307142496109009, 0.3468778729438782, -0.6143655180931091, -0.3416215479373932, 0.7112310528755188),
            ["LeftFoot"] = CFrame.new(-7.721892458789625e-09, 0, -1.0593794286251068e-08, 1, -4.755562699187976e-08, 0.0003920584567822516, 0.00008439203520538285, 0.97658371925354, -0.215137779712677, -0.0003828663029707968, 0.21513783931732178, 0.97658371925354),
            ["LowerTorso"] = CFrame.new(-0.5695759654045105, -0.04585766792297363, 0, 0.00485727284103632, -0.20701706409454346, -0.9783252477645874, 0.0010278039844706655, 0.9783373475074768, -0.2070145159959793, 0.9999876618385315, -5.820766091346741e-10, 0.004964824300259352),
