return {
    ["Laid Back Shuffle"] = {
        {Time = 0.000, Data = {
            ["LeftFoot"] = CFrame.new(7.450580596923828e-09, -1.1920928955078125e-07, 4.470348358154297e-08, 0.9563709497451782, -0.2570107579231262, 0.13892509043216705, 0.24712255597114563, 0.45799964666366577, -0.8539125919342041, 0.15583652257919312, 0.8509887456893921, 0.5015307664871216),
            ["LeftLowerArm"] = CFrame.new(-5.066394805908203e-07, -8.344650268554688e-07, -1.043081283569336e-07, 1, -4.4703490686970326e-08, 7.078052277620372e-08, 7.450581307466564e-08, -0.5963383316993713, -0.8027332425117493, 1.6391278734317893e-07, 0.8027331829071045, -0.5963383913040161),
            ["LowerTorso"] = CFrame.new(0.000309831986669451, -0.24931573867797852, -0.3029135763645172, 0.9986036419868469, 0.050946157425642014, 0.01397510152310133, -0.05217542499303818, 0.9925860166549683, 0.1097760796546936, -0.008278821595013142, -0.11035194247961044, 0.9938581585884094),
            ["Head"] = CFrame.new(-8.940696716308594e-08, 9.5367431640625e-07, 3.1851232051849365e-07, 0.9892345070838928, -0.12989269196987152, 0.06740283966064453, 0.14200133085250854, 0.9633437991142273, -0.22760553658008575, -0.035367753356695175, 0.23472662270069122, 0.9714177846908569),
            ["RightUpperArm"] = CFrame.new(2.384185791015625e-07, 1.1920928955078125e-07, 2.980232238769531e-07, 0.8533980250358582, -0.2873329520225525, 0.43491560220718384, 0.09906935691833496, 0.9085532426834106, 0.40585261583328247, -0.5117588639259338, -0.3032669126987457, 0.8038234114646912),
            ["UpperTorso"] = CFrame.new(-2.3283064365386963e-09, 5.960464477539063e-08, 1.4551915228366852e-09, 0.9805195331573486, -0.015319566242396832, 0.19582372903823853, -0.016798892989754677, 0.9867607951164246, 0.16131046414375305, -0.19570235908031464, -0.16145764291286469, 0.9672808051109314),
            ["HumanoidRootPart"] = CFrame.new(0, 0, 0, 1, 0, 0, 0, 1, 0, 0, 0, 1),
            ["RightHand"] = CFrame.new(0, -4.76837158203125e-07, 5.960464477539063e-08, 0.25590619444847107, 0.4107317626476288, 0.8751065731048584, -0.04893169552087784, 0.9095931053161621, -0.4126089811325073, -0.9654624462127686, 0.06276877224445343, 0.25286832451820374),
            ["LeftUpperArm"] = CFrame.new(-2.384185791015625e-07, 1.1920928955078125e-07, 7.450580596923828e-08, -0.5442168116569519, 0.25759461522102356, 0.798419177532196, 0.016072355210781097, 0.9547212719917297, -0.2970673441886902, -0.8387907147407532, -0.14883646368980408, -0.5237154960632324),
            ["RightLowerArm"] = CFrame.new(1.1920928955078125e-07, -9.5367431640625e-07, 2.980232238769531e-07, 1, 0, -1.1175872671742582e-08, 7.450581485102248e-09, 1, 2.980232594040899e-08, 3.725290742551124e-09, -1.4901162970204496e-08, 1),
            ["LeftHand"] = CFrame.new(-3.3527612686157227e-08, 1.1920928955078125e-07, -1.6391277313232422e-07, 0.6322068572044373, 0.35609227418899536, 0.6881226897239685, -0.3891631066799164, 0.9139125943183899, -0.11539449542760849, -0.6699749827384949, -0.19483867287635803, 0.7163598537445068),
            ["RightUpperLeg"] = CFrame.new(0, -7.245689630508423e-07, -9.669020073488355e-08, 0.9309137463569641, 0.183530792593956, -0.31577882170677185, -0.2069508284330368, 0.9774495959281921, -0.041996195912361145, 0.30095019936561584, 0.10444533824920654, 0.947903037071228),
            ["LeftUpperLeg"] = CFrame.new(-1.7881393432617188e-07, 1.6763806343078613e-08, -4.377216100692749e-08, 0.7888041138648987, 0.3597123622894287, 0.4983927309513092, -0.08810586482286453, 0.8686621189117432, -0.48750749230384827, -0.6082971692085266, 0.34063658118247986, 0.7168969511985779),
            ["RightLowerLeg"] = CFrame.new(-6.146728992462158e-08, -0.0000035762786865234375, -0.0000133199428091757, 1, -1.4901159772762185e-07, -1.4901161193847656e-08, 1.0558868268617516e-07, 0.7900686860084534, 0.6130181550979614, -5.587934559514451e-09, -0.613018274307251, 0.7900688648223877),
            ["RightFoot"] = CFrame.new(5.587935447692871e-09, 3.5762786865234375e-07, -7.653579814359546e-08, 0.8041751980781555, -0.15286558866500854, -0.5743988156318665, -0.23526372015476227, 0.8055854439735413, -0.5437674522399902, 0.545850932598114, 0.5724197030067444, 0.6118684411048889),
            ["LeftLowerLeg"] = CFrame.new(2.9802322387695312e-08, 0.0000037550926208496094, 0.000013113021850585938, 1, 1.4901161193847656e-08, 1.5646223516796454e-07, -1.043081283569336e-07, 0.5845785140991211, 0.8113372325897217, 1.2665987014770508e-07, -0.8113372325897217, 0.5845783948898315),
        }},
        {Time = 0.033, Data = {
            ["LeftFoot"] = CFrame.new(1.8742866814136505e-08, -5.960464477539063e-08, -1.885928213596344e-08, 0.8779618740081787, -0.015421958640217781, 0.4784824550151825, 0.4558066427707672, 0.33251041173934937, -0.8256372213363647, -0.1463671326637268, 0.9429735541343689, 0.2989608645439148),
            ["LeftLowerArm"] = CFrame.new(-2.086162567138672e-07, -5.364418029785156e-07, 6.854534149169922e-07, 1, -5.5879368687783426e-08, 1.0058285937475375e-07, 8.568167686462402e-08, -0.6228597164154053, -0.7823335528373718, 1.9185245037078857e-07, 0.7823335528373718, -0.6228597164154053),
            ["LowerTorso"] = CFrame.new(0.0030470965430140495, -0.28231191635131836, -0.30128538608551025, 0.9974607825279236, 0.05097416415810585, 0.04973618686199188, -0.057489752769470215, 0.9885020852088928, 0.13985200226306915, -0.042035482823848724, -0.14235620200634003, 0.9889225959777832),
            ["Head"] = CFrame.new(-7.82310962677002e-08, 0, -4.284083843231201e-08, 0.9906308054924011, -0.1337941586971283, 0.027380820363759995, 0.13636450469493866, 0.9581587314605713, -0.25166749954223633, 0.007436557672917843, 0.25304344296455383, 0.9674263596534729),
            ["RightUpperArm"] = CFrame.new(0, -3.5762786865234375e-07, -1.7881393432617188e-07, 0.864849328994751, -0.2485940158367157, 0.4361615777015686, 0.051938556134700775, 0.9084364771842957, 0.41478389501571655, -0.4993378520011902, -0.3360718786716461, 0.7985721230506897),
            ["UpperTorso"] = CFrame.new(-8.381903171539307e-09, 5.662441253662109e-07, 4.9709342420101166e-08, 0.9837934970855713, -0.0196139644831419, 0.17822955548763275, -0.005346668418496847, 0.9903481006622314, 0.1384991854429245, -0.1792258620262146, -0.13720758259296417, 0.9741931557655334),
            ["HumanoidRootPart"] = CFrame.new(0, 0, 0, 1, 0, 0, 0, 1, 0, 0, 0, 1),
            ["RightHand"] = CFrame.new(-2.086162567138672e-07, -1.1920928955078125e-07, 2.384185791015625e-07, 0.3713011145591736, 0.448546826839447, 0.8129829168319702, -0.019055385142564774, 0.879072368144989, -0.4763074219226837, -0.9283169507980347, 0.1613619327545166, 0.334947794675827),
            ["LeftUpperArm"] = CFrame.new(-1.1920928955078125e-07, 0, -1.7881393432617188e-07, -0.5141614675521851, 0.34720906615257263, 0.7842728495597839, 0.12658558785915375, 0.9351032376289368, -0.3309956192970276, -0.8483006954193115, -0.07090740650892258, -0.5247457027435303),
            ["RightLowerArm"] = CFrame.new(1.1920928955078125e-07, -5.960464477539062e-07, -2.9802322387695312e-08, 1, -1.4901162970204496e-08, -7.450582373280668e-09, -1.4901164746561335e-08, 1, 2.980232949312267e-08, -2.980232949312267e-08, 4.4703490686970326e-08, 1),
            ["LeftHand"] = CFrame.new(-2.086162567138672e-07, -3.5762786865234375e-07, 1.7881393432617188e-07, 0.4773200750350952, 0.6750656366348267, 0.5625407099723816, -0.730536699295044, 0.6606221795082092, -0.1729002594947815, -0.48834580183029175, -0.328427791595459, 0.8084883689880371),
            ["RightUpperLeg"] = CFrame.new(-1.4901161193847656e-07, 4.805624485015869e-07, -9.145878721028566e-09, 0.9218890070915222, 0.20455019176006317, -0.32905885577201843, -0.2351413369178772, 0.9703717231750488, -0.05556539446115494, 0.3079436719417572, 0.1286003142595291, 0.9426731467247009),
            ["LeftUpperLeg"] = CFrame.new(-3.5762786865234375e-07, 0.000001346692442893982, -1.601874828338623e-07, 0.900138258934021, 0.25613901019096375, 0.35234031081199646, -0.049232300370931625, 0.8634926080703735, -0.5019530653953552, -0.43281322717666626, 0.43448060750961304, 0.7898730039596558),
            ["RightLowerLeg"] = CFrame.new(-2.9802322387695312e-08, -0.0000033974647521972656, -0.000013290140486788005, 1, -1.043081283569336e-07, -2.980232594040899e-08, 8.940695295223122e-08, 0.7816722989082336, 0.6236888766288757, -7.450579886381092e-08, -0.6236894130706787, 0.7816727161407471),
            ["RightFoot"] = CFrame.new(3.725290298461914e-09, 3.5762786865234375e-07, -4.0912709664553404e-08, 0.7944914102554321, -0.23398849368095398, -0.5603868365287781, -0.23508614301681519, 0.7323330640792847, -0.6390793323516846, 0.5599268078804016, 0.6394823789596558, 0.5268247723579407),
            ["LeftLowerLeg"] = CFrame.new(-1.4901161193847656e-08, 0.0000036954879760742188, 0.000013232231140136719, 1, 1.1920928955078125e-07, 4.4703490686970326e-08, -7.450580596923828e-08, 0.5211983323097229, 0.8534356355667114, 5.960464477539063e-08, -0.8534355759620667, 0.5211984515190125),
        }},
        {Time = 0.067, Data = {
            ["LeftFoot"] = CFrame.new(3.5390257835388184e-08, -1.1920928955078125e-07, 2.2351741790771484e-08, 0.8960394859313965, 0.002933353651314974, 0.4439643621444702, 0.3950979709625244, 0.45085445046424866, -0.8003925085067749, -0.20251131057739258, 0.8925926685333252, 0.40282440185546875),
            ["LeftLowerArm"] = CFrame.new(-7.152557373046875e-07, -0.0000016689300537109375, 5.811452865600586e-07, 1, -5.5879375793210784e-08, 6.332996349556197e-08, 7.82310962677002e-08, -0.5888577699661255, -0.8082367181777954, 1.6391277313232422e-07, 0.8082367777824402, -0.5888577103614807),
            ["LowerTorso"] = CFrame.new(0.016455411911010742, -0.2705526351928711, -0.2953210771083832, 0.9953032732009888, 0.06116555258631706, 0.07503469288349152, -0.07132197171449661, 0.9874157309532166, 0.14115020632743835, -0.06545691192150116, -0.1458388715982437, 0.9871405959129333),
            ["Head"] = CFrame.new(-1.341104507446289e-07, -2.384185791015625e-07, 1.8998980522155762e-07, 0.990371823310852, -0.1384298950433731, -0.0008859772351570427, 0.1333259642124176, 0.9555400013923645, -0.26299726963043213, 0.03725326061248779, 0.2603470981121063, 0.964796245098114),
            ["RightUpperArm"] = CFrame.new(2.384185791015625e-07, -2.384185791015625e-07, 8.940696716308594e-08, 0.8604661822319031, -0.2477542757987976, 0.44521448016166687, 0.03181352838873863, 0.8982335925102234, 0.4383656978607178, -0.5085135698318481, -0.3630349338054657, 0.7807813882827759),
            ["UpperTorso"] = CFrame.new(-1.862645149230957e-09, 2.384185791015625e-07, -3.795139491558075e-08, 0.9871585369110107, -0.030367495492100716, 0.1568310409784317, 0.00768079049885273, 0.9896520972251892, 0.1432822197675705, -0.15955927968025208, -0.1402377188205719, 0.9771767258644104),
            ["HumanoidRootPart"] = CFrame.new(0, 0, 0, 1, 0, 0, 0, 1, 0, 0, 0, 1),
            ["RightHand"] = CFrame.new(-2.086162567138672e-07, -3.5762786865234375e-07, -1.7881393432617188e-07, 0.47324705123901367, 0.48299556970596313, 0.7367175221443176, -0.0737362653017044, 0.855079174041748, -0.5132277011871338, -0.8778384327888489, 0.18856070935726166, 0.4402778446674347),
            ["LeftUpperArm"] = CFrame.new(-2.384185791015625e-07, -2.384185791015625e-07, -1.1920928955078125e-07, -0.4113500416278839, 0.3781043291091919, 0.8293541669845581, 0.1735048145055771, 0.9257455468177795, -0.3359930217266083, -0.8948113918304443, 0.0056863282807171345, -0.44640839099884033),
            ["RightLowerArm"] = CFrame.new(1.1920928955078125e-07, -4.76837158203125e-07, -2.980232238769531e-07, 1, -1.4901168299275014e-08, 6.705523958316917e-08, -2.980233304583635e-08, 1, 2.980232949312267e-08, 3.7252917195473856e-08, 0, 1),
            ["LeftHand"] = CFrame.new(-2.980232238769531e-07, -5.960464477539063e-08, -1.341104507446289e-07, 0.43235015869140625, 0.827389121055603, 0.3584699332714081, -0.8537805676460266, 0.503511905670166, -0.13241851329803467, -0.29005542397499084, -0.24880343675613403, 0.9241020679473877),
            ["RightUpperLeg"] = CFrame.new(-1.7881393432617188e-07, 2.3469328880310059e-07, 1.3205863069742918e-08, 0.9274076819419861, 0.20188365876674652, -0.3148938715457916, -0.23312148451805115, 0.970306396484375, -0.0644974485039711, 0.2925223410129547, 0.1332237720489502, 0.9469329118728638),
            ["LeftUpperLeg"] = CFrame.new(-1.1920928955078125e-07, 5.103647708892822e-07, -1.2293457984924316e-07, 0.9803399443626404, 0.15836480259895325, 0.11770396679639816, -0.07242047041654587, 0.8436763286590576, -0.5319451093673706, -0.1835453361272812, 0.512962818145752, 0.8385584354400635),
            ["RightLowerLeg"] = CFrame.new(-3.725290298461914e-09, -0.0000040531158447265625, -0.000013327393389772624, 1, -1.4901162614933128e-07, -2.607702498380604e-08, 8.381902460996571e-08, 0.7891148924827576, 0.6142458915710449, -8.568166975919667e-08, -0.6142457127571106, 0.7891147136688232),
            ["RightFoot"] = CFrame.new(-1.1175870895385742e-08, 4.172325134277344e-07, -5.173933459445834e-08, 0.7783122658729553, -0.21896347403526306, -0.5884597301483154, -0.24869297444820404, 0.7530617713928223, -0.6091389060020447, 0.5765257477760315, 0.6204459071159363, 0.5316624641418457),
            ["LeftLowerLeg"] = CFrame.new(-2.9802322387695312e-08, 0.000003933906555175781, 0.000013321638107299805, 1, 7.171185245624656e-08, 5.21540641784668e-08, -4.470347647611561e-08, 0.5527496933937073, 0.833347499370575, 3.725289943190546e-08, -0.8333473205566406, 0.552749514579773),
        }},
        {Time = 0.100, Data = {
            ["LeftFoot"] = CFrame.new(-2.2351741790771484e-08, 5.960464477539063e-08, -6.705522537231445e-08, 0.9752272367477417, -0.21382327377796173, 0.05667126178741455, 0.19630543887615204, 0.7184776663780212, -0.6672733426094055, 0.10196167975664139, 0.6618682146072388, 0.7426538467407227),
            ["LeftLowerArm"] = CFrame.new(-4.470348358154297e-07, -8.344650268554688e-07, 4.991888999938965e-07, 1, -9.685752644372769e-08, 2.0489093799369584e-07, 9.685756907629184e-08, -0.5326193571090698, -0.8463549017906189, 1.4528635006172408e-07, 0.8463550209999084, -0.5326194763183594),
            ["LowerTorso"] = CFrame.new(0.02265075035393238, -0.23075246810913086, -0.2853390574455261, 0.993813157081604, 0.08539678156375885, 0.0710131973028183, -0.09196105599403381, 0.9912223815917969, 0.09498093277215958, -0.062278810888528824, -0.10092373937368393, 0.9929430484771729),
            ["Head"] = CFrame.new(-1.7508864402770996e-07, 4.76837158203125e-07, 1.862645149230957e-08, 0.9898236989974976, -0.14145171642303467, -0.015511872246861458, 0.13308224081993103, 0.9587864875793457, -0.25103330612182617, 0.05038172006607056, 0.2464144080877304, 0.9678542017936707),
            ["RightUpperArm"] = CFrame.new(3.5762786865234375e-07, 1.1920928955078125e-07, -1.7881393432617188e-07, 0.8068949580192566, -0.34408873319625854, 0.4801287055015564, -0.03233001008629799, 0.7858759164810181, 0.6175384521484375, -0.5898095965385437, -0.5138113498687744, 0.6229949593544006),
            ["UpperTorso"] = CFrame.new(-1.862645149230957e-09, 4.76837158203125e-07, 3.306195139884949e-08, 0.9885137677192688, -0.0495418980717659, 0.1427806317806244, 0.021080994978547096, 0.980708658695221, 0.1943352073431015, -0.14965392649173737, -0.18909303843975067, 0.9704883694648743),
            ["HumanoidRootPart"] = CFrame.new(0, 0, 0, 1, 0, 0, 0, 1, 0, 0, 0, 1),
            ["RightHand"] = CFrame.new(-2.086162567138672e-07, 1.1920928955078125e-07, 5.513429641723633e-07, 0.442076176404953, 0.440290629863739, 0.7814812064170837, -0.20406758785247803, 0.8977599143981934, -0.3903636038303375, -0.873455822467804, 0.013095560483634472, 0.48672738671302795),
            ["LeftUpperArm"] = CFrame.new(-3.5762786865234375e-07, -2.384185791015625e-07, -2.682209014892578e-07, -0.2261604517698288, 0.3392109274864197, 0.9131196737289429, 0.16005997359752655, 0.9376072287559509, -0.3086639940738678, -0.9608497619628906, 0.07634636759757996, -0.26634371280670166),
            ["RightLowerArm"] = CFrame.new(1.1920928955078125e-07, -9.5367431640625e-07, -8.940696716308594e-08, 1, -1.4901164746561335e-08, -2.980233304583635e-08, 0, 0.9527068734169006, -0.30389097332954407, 0, 0.3038908839225769, 0.9527069330215454),
            ["LeftHand"] = CFrame.new(-3.259629011154175e-07, -7.152557373046875e-07, 1.4901161193847656e-08, 0.4649905562400818, 0.8355037569999695, 0.29277506470680237, -0.8578487634658813, 0.5069491863250732, -0.08425045013427734, -0.2188136726617813, -0.21198099851608276, 0.952462375164032),
            ["RightUpperLeg"] = CFrame.new(1.7881393432617188e-07, 1.2665987014770508e-07, -4.267349140718579e-08, 0.9542001485824585, 0.14742259681224823, -0.260324627161026, -0.18701690435409546, 0.973116934299469, -0.13441818952560425, 0.2335100919008255, 0.17694661021232605, 0.9561187028884888),
            ["LeftUpperLeg"] = CFrame.new(-1.1920928955078125e-07, 0.0000010747462511062622, -6.332993507385254e-08, 0.9926427602767944, 0.12108028680086136, 0.00009560772741679102, -0.10288314521312714, 0.8438746929168701, -0.5265840291976929, -0.06383965909481049, 0.5226998329162598, 0.8501231670379639),
            ["RightLowerLeg"] = CFrame.new(-1.676289684837684e-08, -0.0000035762786865234375, -0.000013306904293131083, 1, -1.1920923270736239e-07, -2.7939684343891713e-08, 8.288770203535023e-08, 0.6994715332984924, 0.7146597504615784, -6.519257311765614e-08, -0.7146604061126709, 0.6994723081588745),
            ["RightFoot"] = CFrame.new(-3.539003046171274e-08, 4.76837158203125e-07, -1.1692463885992765e-08, 0.7697683572769165, -0.10312247276306152, -0.629938542842865, -0.29854774475097656, 0.8141103386878967, -0.4980890154838562, 0.5642037987709045, 0.5714807510375977, 0.5958899259567261),
            ["LeftLowerLeg"] = CFrame.new(-1.2665987014770508e-07, 0.000004112720489501953, 0.000013323500752449036, 1, 7.823108916227284e-08, 2.980232594040899e-08, -9.313222193441106e-08, 0.6605041027069092, 0.7508224248886108, 1.0244544768056585e-08, -0.7508225440979004, 0.6605042219161987),
        }},
        {Time = 0.133, Data = {
            ["LeftFoot"] = CFrame.new(7.450580596923828e-09, 2.384185791015625e-07, 3.725290298461914e-08, 0.8260261416435242, -0.41053077578544617, -0.38619348406791687, 0.26926353573799133, 0.889367938041687, -0.36948883533477783, 0.4951545000076294, 0.2012195736169815, 0.8451820611953735),
            ["LeftLowerArm"] = CFrame.new(-8.046627044677734e-07, 5.960464477539063e-08, 1.9744038581848145e-07, 1, -6.705521116145974e-08, 8.195638656616211e-08, 5.960463766996327e-08, -0.43484145402908325, -0.9005070924758911, 1.0430811414607888e-07, 0.9005069732666016, -0.434841513633728),
            ["LowerTorso"] = CFrame.new(0.02152055688202381, -0.18903088569641113, -0.27547362446784973, 0.9938181638717651, 0.10378936678171158, 0.03941142186522484, -0.10526623576879501, 0.9937386512756348, 0.03745100274682045, -0.03527763858437538, -0.04136818274855614, 0.9985210299491882),
            ["Head"] = CFrame.new(-1.1920928955078125e-07, -1.1920928955078125e-07, -1.6763806343078613e-08, 0.9897472858428955, -0.14026270806789398, -0.02695857360959053, 0.1300894320011139, 0.9631821513175964, -0.23528045415878296, 0.05896710604429245, 0.22936131060123444, 0.9715535640716553),
            ["RightUpperArm"] = CFrame.new(2.384185791015625e-07, -7.152557373046875e-07, -5.960464477539063e-08, 0.7194291353225708, -0.464985191822052, 0.5159558653831482, -0.08719290047883987, 0.6765081882476807, 0.7312551736831665, -0.6890712976455688, -0.5710740089416504, 0.4461563229560852),
            ["UpperTorso"] = CFrame.new(-7.450580596923828e-09, 3.5762786865234375e-07, 1.5366822481155396e-08, 0.9873194098472595, -0.06651550531387329, 0.14413920044898987, 0.02764567732810974, 0.9661535024642944, 0.25648221373558044, -0.15632058680057526, -0.2492450624704361, 0.9557409882545471),
            ["HumanoidRootPart"] = CFrame.new(0, 0, 0, 1, 0, 0, 0, 1, 0, 0, 0, 1),
            ["RightHand"] = CFrame.new(-2.980232238769531e-07, 2.384185791015625e-07, 2.5331974029541016e-07, 0.5456807613372803, 0.445220947265625, 0.7099371552467346, -0.3029331564903259, 0.8946990370750427, -0.3282458484172821, -0.7813219428062439, -0.03594604507088661, 0.6230922937393188),
            ["LeftUpperArm"] = CFrame.new(-3.5762786865234375e-07, -5.960464477539062e-07, -1.341104507446289e-07, 0.0015285068657249212, 0.32072964310646057, 0.9471696615219116, 0.08357110619544983, 0.9438164234161377, -0.31972891092300415, -0.9965007305145264, 0.07964489609003067, -0.025361154228448868),
            ["RightLowerArm"] = CFrame.new(-1.7881393432617188e-07, -2.384185791015625e-07, 1.1920928955078125e-07, 1, -3.585592622812328e-08, 2.2351741790771484e-08, 5.960465188081798e-08, 0.7492649555206299, -0.6622704863548279, 4.4703490686970326e-08, 0.6622704863548279, 0.7492648959159851),
            ["LeftHand"] = CFrame.new(-2.5331974029541016e-07, -2.384185791015625e-07, -1.043081283569336e-07, 0.5471361875534058, 0.7567407488822937, 0.3577507436275482, -0.793749213218689, 0.6047364473342896, -0.06524007022380829, -0.26571470499038696, -0.24826905131340027, 0.9315353631973267),
            ["RightUpperLeg"] = CFrame.new(2.384185791015625e-07, -1.5366822481155396e-07, -7.24758137948811e-08, 0.9885648488998413, 0.0338740237057209, -0.14694297313690186, -0.09475330263376236, 0.8975830078125, -0.4305422604084015, 0.11730927973985672, 0.4395422637462616, 0.8905286192893982),
            ["LeftUpperLeg"] = CFrame.new(-2.980232238769531e-07, 8.065253496170044e-07, -1.6763806343078613e-08, 0.9967613816261292, 0.06275461614131927, -0.05028736963868141, -0.08020249009132385, 0.8214510679244995, -0.56461101770401, 0.005876640323549509, 0.5668156743049622, 0.8238237500190735),
            ["RightLowerLeg"] = CFrame.new(2.2351741790771484e-08, -0.000003516674041748047, -0.00001328268990619108, 1, -8.195642919872625e-08, -1.1175870895385742e-07, 1.4156103134155273e-07, 0.30398812890052795, 0.9526759386062622, -1.2665987014770508e-07, -0.9526759386062622, 0.30398789048194885),
            ["RightFoot"] = CFrame.new(3.958120942115784e-08, 2.384185791015625e-07, -4.6733475755900145e-08, 0.8807356953620911, 0.02674061805009842, -0.4728524386882782, -0.17546482384204865, 0.9457802772521973, -0.27333492040634155, 0.4399054944515228, 0.32370465993881226, 0.8376744985580444),
            ["LeftLowerLeg"] = CFrame.new(1.0989606380462646e-07, 0.000003933906555175781, 0.000013373792171478271, 1, 5.029141902923584e-08, 3.539026494081554e-08, -5.774199962615967e-08, 0.6977737545967102, 0.7163182497024536, 2.421438694000244e-08, -0.7163182497024536, 0.6977737545967102),
        }},
        {Time = 0.167, Data = {
            ["LeftFoot"] = CFrame.new(-6.565824151039124e-08, -5.960464477539063e-08, -2.60770320892334e-08, 0.708499550819397, -0.373919278383255, -0.5985086560249329, 0.3933544456958771, 0.9133728742599487, -0.10498817265033722, 0.585918664932251, -0.16104206442832947, 0.7942070960998535),
            ["LeftLowerArm"] = CFrame.new(-2.086162567138672e-07, -7.748603820800781e-07, -1.210719347000122e-07, 1, -9.982611715031453e-08, 7.770722731947899e-08, 1.0823714546859264e-07, -0.28103771805763245, -0.9596967697143555, 1.1851079761981964e-07, 0.9596967101097107, -0.28103768825531006),
            ["LowerTorso"] = CFrame.new(0.02372083254158497, -0.17659235000610352, -0.2695305645465851, 0.9939612150192261, 0.10922545194625854, -0.0105311693623662, -0.10921523720026016, 0.9940169453620911, 0.0015418289694935083, 0.010636568069458008, -0.00038235398824326694, 0.9999434351921082),
            ["Head"] = CFrame.new(-1.1920928955078125e-07, -1.1920928955078125e-07, 1.862645149230957e-09, 0.9911673069000244, -0.12864060699939728, -0.03223355486989021, 0.11843939870595932, 0.9680021405220032, -0.22123277187347412, 0.05966167524456978, 0.21546103060245514, 0.9746882319450378),
            ["RightUpperArm"] = CFrame.new(2.384185791015625e-07, -5.960464477539062e-07, 5.960464477539063e-08, 0.6491706967353821, -0.605216383934021, 0.4607499837875366, -0.09262441098690033, 0.5383324027061462, 0.8376269936561584, -0.7549822330474854, -0.5864396691322327, 0.29341185092926025),
            ["UpperTorso"] = CFrame.new(-2.584420144557953e-08, 2.682209014892578e-07, 2.2759195417165756e-08, 0.984510064125061, -0.07862842828035355, 0.15670832991600037, 0.029031027108430862, 0.9545698165893555, 0.2965700924396515, -0.17290782928466797, -0.2874268591403961, 0.9420662522315979),
            ["HumanoidRootPart"] = CFrame.new(0, 0, 0, 1, 0, 0, 0, 1, 0, 0, 0, 1),
            ["RightHand"] = CFrame.new(-1.7881393432617188e-07, -2.980232238769531e-07, -2.9802322387695312e-08, 0.6671091318130493, 0.46041935682296753, 0.5856443643569946, -0.38352811336517334, 0.8862201571464539, -0.25984668731689453, -0.638648271560669, -0.05126503109931946, 0.7677893042564392),
            ["LeftUpperArm"] = CFrame.new(-2.384185791015625e-07, -3.5762786865234375e-07, -1.6391277313232422e-07, 0.1778348982334137, 0.36679327487945557, 0.9131470918655396, -0.023525908589363098, 0.9292575120925903, -0.3686828911304474, -0.9837791323661804, 0.04408213123679161, 0.1738835573196411),
            ["RightLowerArm"] = CFrame.new(-4.76837158203125e-07, -5.960464477539062e-07, -7.189810276031494e-07, 1, -1.192093463942001e-07, 1.0989611354261797e-07, 5.96046660916727e-08, 0.39919227361679077, -0.9168673157691956, 5.215408194203519e-08, 0.9168672561645508, 0.3991922438144684),
            ["LeftHand"] = CFrame.new(-1.7951242625713348e-07, -6.556510925292969e-07, -1.0943040251731873e-07, 0.727783739566803, 0.5606857538223267, 0.3949207365512848, -0.6041780114173889, 0.796654462814331, -0.017628539353609085, -0.3244994878768921, -0.22577260434627533, 0.9185460805892944),
            ["RightUpperLeg"] = CFrame.new(1.1920928955078125e-07, 2.8057547751814127e-07, 9.014911483973265e-09, 0.9999744892120361, -0.004562453832477331, 0.005491945426911116, 0.007139848545193672, 0.6394912004470825, -0.7687651515007019, -0.000004573403202812187, 0.7687848806381226, 0.6395075917243958),
            ["LeftUpperLeg"] = CFrame.new(-2.980232238769531e-07, 5.094916559755802e-07, -2.421438694000244e-08, 0.9999438524246216, 0.01051721628755331, -0.0013700491981580853, -0.009329196996986866, 0.8107323050498962, -0.5853428840637207, -0.005045440047979355, 0.5853226184844971, 0.8107847571372986),
            ["RightLowerLeg"] = CFrame.new(4.6566128730773926e-09, -0.000003874301910400391, -0.000013386998034548014, 1, -1.1268995336877197e-07, -1.3597320958069758e-07, 1.480803035747158e-07, -0.15784630179405212, 0.9874637722969055, -1.8533322077018966e-07, -0.9874637126922607, -0.1578461080789566),
            ["RightFoot"] = CFrame.new(-1.257285475730896e-08, 2.384185791015625e-07, 1.6952981241047382e-09, 0.9955569505691528, 0.0028192477766424417, 0.09411896020174026, -0.008876338601112366, 0.9979106187820435, 0.06399881839752197, -0.09374202787876129, -0.06454931944608688, 0.9935018420219421),
            ["LeftLowerLeg"] = CFrame.new(-6.05359673500061e-08, 0.000004112720489501953, 0.000013440847396850586, 1, 6.693881715591488e-08, 2.7939680791178034e-08, -8.055939559881153e-08, 0.6819317936897278, 0.731415867805481, 2.561136724921198e-08, -0.7314158082008362, 0.6819316148757935),
        }},
        {Time = 0.200, Data = {
            ["LeftFoot"] = CFrame.new(4.4819898903369904e-08, -1.1920928955078125e-07, -3.213062882423401e-08, 0.8619360327720642, -0.24834832549095154, -0.44202864170074463, 0.24452923238277435, 0.9673472046852112, -0.06667119264602661, 0.4441528022289276, -0.05062267184257507, 0.8945198655128479),
            ["LeftLowerArm"] = CFrame.new(-5.960464477539062e-07, -0.0000011324882507324219, 2.1606683731079102e-07, 1, -5.960463766996327e-08, 1.1920927533992653e-07, 5.2154071283894154e-08, -0.06016208231449127, -0.9981886148452759, 8.940698137394065e-08, 0.9981886744499207, -0.060162127017974854),
            ["LowerTorso"] = CFrame.new(0.021186329424381256, -0.20126080513000488, -0.26806214451789856, 0.9913058876991272, 0.11944226920604706, -0.055193252861499786, -0.11861330270767212, 0.992776095867157, 0.018070636317133904, 0.05695293843746185, -0.011366874910891056, 0.99831223487854),
            ["Head"] = CFrame.new(-1.0803341865539551e-07, -5.960464477539062e-07, 2.1420419216156006e-07, 0.9939067959785461, -0.10439912229776382, -0.035357192158699036, 0.09440091252326965, 0.9718410968780518, -0.21590107679367065, 0.0569014698266983, 0.21124789118766785, 0.975774884223938),
            ["RightUpperArm"] = CFrame.new(1.1920928955078125e-07, -7.152557373046875e-07, 2.384185791015625e-07, 0.6079813838005066, -0.7286037802696228, 0.31542858481407166, -0.02132357470691204, 0.38216131925582886, 0.9238496422767639, -0.7936649918556213, -0.5684095025062561, 0.21681059896945953),
            ["UpperTorso"] = CFrame.new(3.725290298461914e-08, 0, -1.1175870895385742e-08, 0.9817853569984436, -0.09756618738174438, 0.16302931308746338, 0.047335151582956314, 0.9566274881362915, 0.28744256496429443, -0.18400302529335022, -0.2744898200035095, 0.9438210725784302),
            ["HumanoidRootPart"] = CFrame.new(0, 0, 0, 1, 0, 0, 0, 1, 0, 0, 0, 1),
            ["RightHand"] = CFrame.new(-1.7881393432617188e-07, -1.1920928955078125e-07, 1.7881393432617188e-07, 0.6813871264457703, 0.4477628469467163, 0.5789818167686462, -0.40089845657348633, 0.8901484608650208, -0.21660161018371582, -0.6123658418655396, -0.08452331274747849, 0.7860431671142578),
            ["LeftUpperArm"] = CFrame.new(-1.1920928955078125e-07, -4.76837158203125e-07, 1.1920928955078125e-07, 0.3299286365509033, 0.48484736680984497, 0.8099815845489502, -0.16634348034858704, 0.8744595050811768, -0.4556868076324463, -0.9292346835136414, 0.01560903713107109, 0.36916041374206543),
            ["RightLowerArm"] = CFrame.new(-1.1920928955078125e-07, -3.5762786865234375e-07, -8.940696716308594e-08, 1, -8.940699558479537e-08, 8.940700979565008e-08, 5.960465188081798e-08, -0.01230145338922739, -0.99992436170578, 1.0430814256778831e-07, 0.9999244213104248, -0.012301402166485786),
            ["LeftHand"] = CFrame.new(1.1920928955078125e-07, 5.960464477539063e-08, 3.501772880554199e-07, 0.8636859655380249, 0.4430992007255554, 0.24022872745990753, -0.4574117958545685, 0.8892444968223572, 0.0043151904828846455, -0.21171003580093384, -0.1136103942990303, 0.9707067608833313),
            ["RightUpperLeg"] = CFrame.new(1.7881393432617188e-07, -8.842907845973969e-07, -3.5579432733356953e-09, 0.9861046075820923, 0.09839022159576416, 0.13385500013828278, 0.09723682701587677, 0.311453253030777, -0.9452736377716064, -0.13469523191452026, 0.9451541900634766, 0.2975579500198364),
            ["LeftUpperLeg"] = CFrame.new(-2.384185791015625e-07, -3.0105002224445343e-07, -6.51925802230835e-08, 0.9962688088417053, -0.022606246173381805, 0.08329126983880997, 0.06851813942193985, 0.7939823865890503, -0.604067325592041, -0.05247613415122032, 0.6075204014778137, 0.7925688624382019),
            ["RightLowerLeg"] = CFrame.new(-1.1548399925231934e-07, -0.000003635883331298828, -0.000013323086022865027, 1, -1.5180562229488714e-07, -2.551824707097694e-07, 1.3597308168300515e-07, -0.4995969235897064, 0.8662580251693726, -2.190936072565819e-07, -0.8662580251693726, -0.49959686398506165),
            ["RightFoot"] = CFrame.new(-7.450580596923828e-09, 1.1920928955078125e-07, 9.145878721028566e-09, 0.9420779943466187, -0.012092683464288712, 0.3351760506629944, -0.022503620013594627, 0.9948188066482544, 0.09914256632328033, -0.334638386964798, -0.10094311088323593, 0.9369246363639832),
            ["LeftLowerLeg"] = CFrame.new(3.189779818058014e-08, 0.000003635883331298828, 0.00001337006688117981, 1, 7.171185245624656e-08, 3.702007234096527e-08, -7.147900049631062e-08, 0.587105929851532, 0.8095102906227112, 3.841705265017481e-08, -0.8095101118087769, 0.5871057510375977),
        }},
        {Time = 0.233, Data = {
            ["LeftFoot"] = CFrame.new(-6.752088665962219e-09, 5.960464477539063e-08, -1.862645149230957e-09, 0.9710836410522461, -0.03280441090464592, -0.23647508025169373, -0.032807424664497375, 0.9627813696861267, -0.26828330755233765, 0.2364746630191803, 0.2682836353778839, 0.9338648915290833),
            ["LeftLowerArm"] = CFrame.new(-8.940696716308594e-08, -5.364418029785156e-07, -1.2665987014770508e-07, 1, -1.564622067462551e-07, 1.3411047916633834e-07, 1.0430814256778831e-07, 0.20904400944709778, -0.9779062271118164, 7.450581307466564e-08, 0.9779062867164612, 0.20904399454593658),
            ["LowerTorso"] = CFrame.new(0.026540715247392654, -0.251209020614624, -0.2694185674190521, 0.9884241223335266, 0.09744712710380554, -0.11628351360559464, -0.09259150922298431, 0.9946194291114807, 0.046465132385492325, 0.1201857253909111, -0.03516039252281189, 0.9921286702156067),
            ["Head"] = CFrame.new(-1.4528632164001465e-07, -2.384185791015625e-07, 1.30385160446167e-08, 0.9965834021568298, -0.07321953773498535, -0.03821756690740585, 0.06309663504362106, 0.9735102653503418, -0.21976520121097565, 0.05329630523920059, 0.21660301089286804, 0.9748039841651917),
            ["RightUpperArm"] = CFrame.new(2.384185791015625e-07, -5.960464477539062e-07, -2.086162567138672e-07, 0.5603490471839905, -0.8219673037528992, 0.10187569260597229, 0.14917194843292236, 0.22114327549934387, 0.9637652635574341, -0.814712643623352, -0.5248479843139648, 0.24653193354606628),
            ["UpperTorso"] = CFrame.new(1.1175870895385742e-08, 3.5762786865234375e-07, 3.213062882423401e-08, 0.976604163646698, -0.09086693078279495, 0.1949038803577423, 0.037154871970415115, 0.9640085101127625, 0.26326271891593933, -0.2118108570575714, -0.24986180663108826, 0.9448308348655701),
            ["HumanoidRootPart"] = CFrame.new(0, 0, 0, 1, 0, 0, 0, 1, 0, 0, 0, 1),
            ["RightHand"] = CFrame.new(-2.980232238769531e-07, -5.960464477539063e-08, 5.960464477539063e-08, 0.6716177463531494, 0.4279119670391083, 0.6048313975334167, -0.39329320192337036, 0.8977460861206055, -0.1984248161315918, -0.627893328666687, -0.10461033880710602, 0.7712370753288269),
            ["LeftUpperArm"] = CFrame.new(-4.76837158203125e-07, -0.0000010728836059570312, -3.725290298461914e-07, 0.48322921991348267, 0.6530668139457703, 0.5830895304679871, -0.42617231607437134, 0.7572428584098816, -0.49493488669395447, -0.7647659182548523, -0.00932945404201746, 0.64424067735672),
            ["RightLowerArm"] = CFrame.new(-1.4901161193847656e-07, -5.960464477539062e-07, -1.4901161193847656e-07, 1, -7.450583439094771e-08, 7.450581307466564e-08, 9.872020712009544e-08, -0.36513274908065796, -0.9309555292129517, 1.266598843585598e-07, 0.9309555888175964, -0.3651326298713684),
            ["LeftHand"] = CFrame.new(-4.172325134277344e-07, -4.76837158203125e-07, -4.3213367462158203e-07, 0.8142514824867249, 0.5668225884437561, 0.12532691657543182, -0.5675245523452759, 0.822673499584198, -0.03353085741400719, -0.12210921198129654, -0.043823447078466415, 0.9915487766265869),
            ["RightUpperLeg"] = CFrame.new(1.1920928955078125e-07, -2.384185791015625e-07, -3.894820110872388e-08, 0.9661511778831482, 0.19053499400615692, 0.17392084002494812, 0.1961398720741272, -0.10460732877254486, -0.9749802947044373, -0.16757430136203766, 0.9760910272598267, -0.13843786716461182),
            ["LeftUpperLeg"] = CFrame.new(-1.7881393432617188e-07, 5.112960934638977e-07, -8.940696716308594e-08, 0.9928789734840393, -0.05246042087674141, 0.10695447027683258, 0.10572194308042526, 0.8018067479133606, -0.5881571769714355, -0.05490180850028992, 0.5952762365341187, 0.8016432523727417),
            ["RightLowerLeg"] = CFrame.new(1.4901161193847656e-08, -0.000003635883331298828, -0.000013256612874101847, 1, -1.0430816388407038e-07, -2.9988584060447465e-07, 9.546056389808655e-08, -0.7376717329025269, 0.6751598119735718, -2.4866312742233276e-07, -0.6751595735549927, -0.7376715540885925),
            ["RightFoot"] = CFrame.new(-5.21540641784668e-08, 2.384185791015625e-07, 1.6952981241047382e-09, 0.9402635097503662, 0.0013174087507650256, 0.34044504165649414, -0.08241237699985504, 0.971132218837738, 0.22385430335998535, -0.3303225338459015, -0.23853832483291626, 0.9132286906242371),
            ["LeftLowerLeg"] = CFrame.new(8.568167686462402e-08, 0.000003814697265625, 0.000013209879398345947, 1, 8.00937343115038e-08, 4.1443851017675115e-08, -8.847565169389782e-08, 0.5236054062843323, 0.8519608974456787, 2.980232594040899e-08, -0.8519608974456787, 0.5236053466796875),
        }},
        {Time = 0.267, Data = {
            ["LeftFoot"] = CFrame.new(2.3050233721733093e-08, 5.960464477539063e-08, 1.4901161193847656e-08, 0.9918970465660095, -0.0696873888373375, -0.10622639954090118, 0.005779088009148836, 0.8600170016288757, -0.5102323293685913, 0.12691347301006317, 0.5054844617843628, 0.8534511923789978),
            ["LeftLowerArm"] = CFrame.new(-2.980232238769531e-07, -0.0000015497207641601562, 4.172325134277344e-07, 1, -8.195636524988004e-08, 7.450579175838357e-08, 1.4156104555240745e-07, 0.42490068078041077, -0.9052399396896362, 5.2154071283894154e-08, 0.9052399396896362, 0.42490068078041077),
            ["LowerTorso"] = CFrame.new(0.04577271640300751, -0.29635119438171387, -0.27196621894836426, 0.9840643405914307, 0.05878692865371704, -0.1678137630224228, -0.048364248126745224, 0.9966773986816406, 0.06553731858730316, 0.1711089164018631, -0.056376758962869644, 0.9836379289627075),
            ["Head"] = CFrame.new(-1.3783574104309082e-07, -1.1920928955078125e-07, 1.0523945093154907e-07, 0.9983276128768921, -0.03490109369158745, -0.046086207032203674, 0.023530056700110435, 0.9734909534454346, -0.2275122106075287, 0.05280492827296257, 0.2260473519563675, 0.9726840257644653),
            ["RightUpperArm"] = CFrame.new(1.1920928955078125e-07, -2.384185791015625e-07, 7.450580596923828e-08, 0.4739914536476135, -0.8700284957885742, -0.1355820596218109, 0.4474585950374603, 0.10538112372159958, 0.8880741596221924, -0.7583621144294739, -0.48160699009895325, 0.4392514228820801),
            ["UpperTorso"] = CFrame.new(0, 1.4901161193847656e-07, -6.51925802230835e-09, 0.9724313020706177, -0.06779477745294571, 0.22311729192733765, 0.011877935379743576, 0.9699642062187195, 0.2429577112197876, -0.23288705945014954, -0.23360948264598846, 0.9440287947654724),
            ["HumanoidRootPart"] = CFrame.new(0, 0, 0, 1, 0, 0, 0, 1, 0, 0, 0, 1),
            ["RightHand"] = CFrame.new(-2.980232238769531e-07, 3.5762786865234375e-07, 0, 0.7472791075706482, 0.43163079023361206, 0.5052413940429688, -0.38878580927848816, 0.9005963206291199, -0.1943497359752655, -0.538905918598175, -0.05119721218943596, 0.8408087491989136),
            ["LeftUpperArm"] = CFrame.new(-1.1920928955078125e-07, -5.960464477539062e-07, -2.5331974029541016e-07, 0.5178335309028625, 0.7888191938400269, 0.33107805252075195, -0.6986769437789917, 0.6132869124412537, -0.3684152066707611, -0.4936588406562805, -0.04053882881999016, 0.8687103390693665),
            ["RightLowerArm"] = CFrame.new(-2.384185791015625e-07, -2.980232238769531e-07, -2.980232238769531e-07, 1, -5.960463766996327e-08, 1.4901161193847656e-07, 9.965147995671941e-08, -0.5397457480430603, -0.8418281078338623, 1.192092469182171e-07, 0.8418280482292175, -0.5397457480430603),
            ["LeftHand"] = CFrame.new(-2.9802322387695312e-08, -2.980232238769531e-07, 2.980232238769531e-07, 0.8679288625717163, 0.4429028332233429, 0.22480367124080658, -0.4552384614944458, 0.8903629183769226, 0.0034263734705746174, -0.1986391693353653, -0.10531312227249146, 0.974398136138916),
            ["RightUpperLeg"] = CFrame.new(-5.960464477539063e-08, 1.816079020500183e-07, -6.129994289949536e-08, 0.9646920561790466, 0.2546031177043915, 0.06742867827415466, 0.1988896131515503, -0.5363697409629822, -0.8202136754989624, -0.1726621836423874, 0.8046644330024719, -0.568069338798523),
