return {
    ["Lalka Shuffle"] = {
        {Time = 0.000, Data = {
            ["RightFoot"] = CFrame.new(6.332993507385254e-08, 2.384185791015625e-07, 6.549089448526502e-08, 0.9050160050392151, -0.058709435164928436, 0.42130717635154724, 0.1188528761267662, 0.9858841896057129, -0.11792497336864471, -0.40843626856803894, 0.15679773688316345, 0.8992184996604919),
            ["LeftLowerArm"] = CFrame.new(0, 0, -1.7136335372924805e-07, 1, -3.725290298461914e-08, 2.9802322387695312e-08, 2.9802322387695312e-08, 0.8861032128334045, -0.4634881317615509, 2.9802322387695312e-08, 0.4634881019592285, 0.886103093624115),
            ["LeftFoot"] = CFrame.new(4.470348358154297e-08, 1.1920928955078125e-07, 9.685754776000977e-08, 0.9670853614807129, 0.191816508769989, -0.16718895733356476, -0.25289732217788696, 0.7971011996269226, -0.5483363270759583, 0.02808690071105957, 0.572569727897644, 0.8193749189376831),
            ["Head"] = CFrame.new(5.587935447692871e-09, 0, 9.313225746154785e-10, 0.9274290204048157, -0.09554687142372131, 0.36158865690231323, 0.09333474934101105, 0.9953545928001404, 0.02362249046564102, -0.3621658682823181, 0.011840596795082092, 0.9320383667945862),
            ["LowerTorso"] = CFrame.new(0.14548787474632263, -0.18041110038757324, 0.03339715674519539, 0.996868371963501, -0.0631064921617508, -0.047657210379838943, 0.06317827850580215, 0.9980023503303528, 9.486064711516917e-12, 0.04756201058626175, -0.003010900691151619, 0.9988637566566467),
            ["UpperTorso"] = CFrame.new(-1.8510036170482635e-08, 1.1920928955078125e-07, -4.656612873077393e-10, 0.9605621099472046, 0.10811333358287811, -0.25618740916252136, -0.10446186363697052, 0.9941386580467224, 0.027860572561621666, 0.25769785046577454, -1.3969840839678227e-09, 0.9662256240844727),
            ["HumanoidRootPart"] = CFrame.new(0, 0, 0, 1, 0, 0, 0, 1, 0, 0, 0, 1),
            ["RightUpperLeg"] = CFrame.new(-5.960464477539063e-08, 2.663000486791134e-07, 3.892637323588133e-09, 0.8807020783424377, 0.4735395312309265, 0.011146852746605873, -0.35613736510276794, 0.6775028705596924, -0.6435496807098389, -0.3122982978820801, 0.562805712223053, 0.7653231620788574),
            ["LeftUpperArm"] = CFrame.new(0, 0, -3.4458935260772705e-08, 0.9240724444389343, -0.002952888607978821, -0.38220590353012085, 0.22080454230308533, 0.8203535079956055, 0.5275088548660278, 0.31198635697364807, -0.5718492269515991, 0.7587180733680725),
            ["RightLowerArm"] = CFrame.new(-1.4901161193847656e-07, 1.7881393432617188e-07, -2.2351741790771484e-08, 1, -1.4901166522918174e-08, 1.0710212272613262e-08, 3.725290298461914e-09, 1, 1.266598985694145e-07, -2.0489096641540527e-08, 2.2351748896198842e-08, 1),
            ["LeftHand"] = CFrame.new(3.91155481338501e-08, 5.960464477539063e-08, 4.470348358154297e-08, 0.9814814925193787, 0.00007407367957057431, -0.19155707955360413, 0.0000740364266675897, 0.9999997019767761, 0.0007662066491320729, 0.19155701994895935, -0.0007661842973902822, 0.9814812541007996),
            ["RightHand"] = CFrame.new(-4.842877388000488e-08, 0, -8.940696716308594e-08, 0.9847409129142761, -2.2351741790771484e-08, -0.17402713000774384, 2.7008358216562556e-08, 1, -7.450581485102248e-09, 0.17402717471122742, 2.2351741790771484e-08, 0.9847409129142761),
            ["RightUpperArm"] = CFrame.new(-0.13310778141021729, -0.18697762489318848, -0.03637928143143654, 0.9651831388473511, 0.04601607844233513, -0.25749561190605164, 0.008457346819341183, 0.9784000515937805, 0.20654721558094025, 0.2614382803440094, -0.2015337198972702, 0.943946123123169),
            ["RightLowerLeg"] = CFrame.new(7.450580596923828e-09, 1.1920928955078125e-07, -6.768823368474841e-08, 1, 8.195637946073475e-08, 2.2351736461700966e-08, 4.4703462265260896e-08, 0.9592059254646301, 0.28270816802978516, 3.7252885221050747e-09, -0.28270846605300903, 0.9592059254646301),
            ["LeftUpperLeg"] = CFrame.new(-5.960464477539063e-08, 1.5054502000566572e-07, 0, 0.599094033241272, -0.16992110013961792, 0.7824403643608093, 0.15427500009536743, 0.9834075570106506, 0.09544040262699127, -0.7856753468513489, 0.0635332465171814, 0.6153683066368103),
            ["LeftLowerLeg"] = CFrame.new(-7.264316082000732e-08, 0, -1.4901161193847656e-08, 1, 0, 2.2351747119842003e-08, 1.862645149230957e-08, 0.8893144130706787, 0.45729637145996094, 7.450580596923828e-09, -0.45729637145996094, 0.8893144726753235),
        }},
        {Time = 0.037, Data = {
            ["RightFoot"] = CFrame.new(1.1734664440155029e-07, 4.172325134277344e-07, -1.4137185644358397e-08, 0.9109667539596558, -0.03912578895688057, 0.4106201231479645, 0.07303525507450104, 0.9950618147850037, -0.06721506267786026, -0.40596240758895874, 0.09122111648321152, 0.9093257188796997),
            ["LeftLowerArm"] = CFrame.new(1.1920928955078125e-07, 0, -3.91155481338501e-08, 1, -7.450580596923828e-09, 8.847564458847046e-08, 4.470348358154297e-08, 0.8198208212852478, -0.572620153427124, 2.2351741790771484e-08, 0.572620153427124, 0.8198208212852478),
            ["LeftFoot"] = CFrame.new(4.470348358154297e-08, -1.7881393432617188e-07, -1.1175870895385742e-07, 0.9762128591537476, 0.12840861082077026, -0.17469912767410278, -0.2023564726114273, 0.8289196491241455, -0.5214825868606567, 0.0778486356139183, 0.5444295406341553, 0.8351863026618958),
            ["Head"] = CFrame.new(9.313225746154785e-09, -2.384185791015625e-07, -4.6566128730773926e-09, 0.9395619034767151, -0.08875185251235962, 0.3306760787963867, 0.08726762980222702, 0.9959967732429504, 0.01936405524611473, -0.33107101917266846, 0.010663586668670177, 0.9435456991195679),
            ["LowerTorso"] = CFrame.new(0.12943898141384125, -0.17163550853729248, 0.03284387290477753, 0.9971749186515808, -0.058065254241228104, -0.04765082523226738, 0.05812559649348259, 0.9983092546463013, -0.00011952797649428248, 0.04757720232009888, -0.002650541951879859, 0.9988640546798706),
            ["UpperTorso"] = CFrame.new(3.725290298461914e-09, 0, -1.7462298274040222e-09, 0.9681611657142639, 0.10271753370761871, -0.22828292846679688, -0.09949388355016708, 0.9947083592414856, 0.02561681531369686, 0.22970618307590485, -0.002088448964059353, 0.973257839679718),
            ["HumanoidRootPart"] = CFrame.new(0, 0, 0, 1, 0, 0, 0, 1, 0, 0, 0, 1),
            ["RightUpperLeg"] = CFrame.new(-8.940696716308594e-08, -6.672053132206202e-08, -8.221832104027271e-10, 0.8919203281402588, 0.44735270738601685, 0.06598314642906189, -0.27902844548225403, 0.6593002080917358, -0.6981880068778992, -0.35583895444869995, 0.604316771030426, 0.712867259979248),
            ["LeftUpperArm"] = CFrame.new(-1.1920928955078125e-07, 0, 2.7939677238464355e-08, 0.8875251412391663, 0.09524282813072205, -0.45080822706222534, 0.21146637201309204, 0.7850738763809204, 0.5821862816810608, 0.40936675667762756, -0.6120358109474182, 0.6766322255134583),
            ["RightLowerArm"] = CFrame.new(5.960464477539063e-08, 2.980232238769531e-07, -6.705522537231445e-08, 1, 3.7252920748187535e-09, -3.492460010079412e-08, 3.725290298461914e-09, 0.9967098832130432, -0.08105184882879257, 9.313225746154785e-10, 0.0810520127415657, 0.9967098832130432),
            ["LeftHand"] = CFrame.new(9.685754776000977e-08, 1.1920928955078125e-07, 1.4901161193847656e-08, 0.9707051515579224, 0.00011716040899045765, -0.2402741014957428, 0.00011713804269675165, 0.9999995827674866, 0.0009610457345843315, 0.24027417600154877, -0.0009610431734472513, 0.9707046151161194),
            ["RightHand"] = CFrame.new(-1.2479722499847412e-07, 0, -1.2665987014770508e-07, 0.9847408533096313, -2.0489096641540527e-08, -0.17402715981006622, 1.862645149230957e-09, 1, -1.4901161193847656e-08, 0.174027219414711, 0, 0.9847408533096313),
            ["RightUpperArm"] = CFrame.new(-0.13310790061950684, -0.18697774410247803, -0.03637930378317833, 0.9845203757286072, 0.022640462964773178, -0.17380177974700928, 0.023251984268426895, 0.9659855365753174, 0.25754863023757935, 0.17372101545333862, -0.257603257894516, 0.9505060315132141),
            ["RightLowerLeg"] = CFrame.new(-7.450580596923828e-08, -5.960464477539063e-08, 2.158994902856648e-07, 1, -2.2351736461700966e-08, -2.2351741790771484e-08, 1.4901159417490817e-08, 0.9256561994552612, 0.3783652186393738, 2.2351738238057806e-08, -0.37836572527885437, 0.9256564378738403),
            ["LeftUpperLeg"] = CFrame.new(0, -3.0577211873605847e-09, -1.9354047253727913e-09, 0.5264516472816467, -0.14560671150684357, 0.8376440405845642, 0.1156381145119667, 0.9883331656455994, 0.09912336617708206, -0.8423043489456177, 0.04467988759279251, 0.5371472835540771),
            ["LeftLowerLeg"] = CFrame.new(-1.30385160446167e-08, -1.1920928955078125e-07, 4.6566128730773926e-09, 1, -2.9802322387695312e-08, 7.450581307466564e-08, 0, 0.8855429291725159, 0.4645574986934662, -2.607702853651972e-08, -0.4645575284957886, 0.8855429887771606),
        }},
        {Time = 0.074, Data = {
            ["RightFoot"] = CFrame.new(7.450580596923828e-08, 2.384185791015625e-07, 1.3580574886873364e-07, 0.932717502117157, 0.042074788361787796, 0.3581448495388031, -0.08476664870977402, 0.9909222722053528, 0.10434471070766449, -0.35050344467163086, -0.12768268585205078, 0.9278170466423035),
            ["LeftLowerArm"] = CFrame.new(2.9802322387695312e-08, 1.1920928955078125e-07, 7.078051567077637e-08, 1, -7.823110337312755e-08, 8.568168397005138e-08, 0, 0.651705265045166, -0.7584724426269531, 7.450580596923828e-09, 0.7584724426269531, 0.651705265045166),
            ["LeftFoot"] = CFrame.new(-2.2351741790771484e-08, -1.7881393432617188e-07, -1.043081283569336e-07, 0.9832586646080017, 0.026851778849959373, -0.18022672832012177, -0.10110648721456528, 0.9032514691352844, -0.41703036427497864, 0.1515919417142868, 0.4282706677913666, 0.8908445835113525),
            ["Head"] = CFrame.new(2.7939677238464355e-09, -2.384185791015625e-07, 2.7939677238464355e-09, 0.9677301645278931, -0.06334105879068375, 0.24389789998531342, 0.06307512521743774, 0.9979690313339233, 0.00890829786658287, -0.24396681785583496, 0.00676305964589119, 0.9697600603103638),
            ["LowerTorso"] = CFrame.new(0.0793919563293457, -0.14509570598602295, 0.030878251418471336, 0.9979928135871887, -0.04172205924987793, -0.047641050070524216, 0.04175246134400368, 0.9991279244422913, -0.00035723528708331287, 0.047614410519599915, -0.001632612431421876, 0.998864471912384),
            ["UpperTorso"] = CFrame.new(-2.7939677238464355e-09, -5.960464477539063e-08, 1.3387762010097504e-09, 0.9845913052558899, 0.08261691778898239, -0.15412506461143494, -0.08060289174318314, 0.9965597987174988, 0.019281787797808647, 0.15518781542778015, -0.006561759859323502, 0.987863302230835),
            ["HumanoidRootPart"] = CFrame.new(0, 0, 0, 1, 0, 0, 0, 1, 0, 0, 0, 1),
            ["RightUpperLeg"] = CFrame.new(-8.940696716308594e-08, -4.1676685214042664e-08, 1.1568772606551647e-09, 0.8865468502044678, 0.3813267946243286, 0.2619633376598358, -0.06859254837036133, 0.6683194637298584, -0.740705132484436, -0.4575258195400238, 0.6387011408805847, 0.6186526417732239),
            ["LeftUpperArm"] = CFrame.new(5.960464477539063e-08, -1.1920928955078125e-07, -7.450580596923828e-09, 0.7858992218971252, 0.3256203830242157, -0.5256747603416443, 0.15963114798069, 0.7144656181335449, 0.6812170743942261, 0.5973946452140808, -0.619282066822052, 0.5095188617706299),
            ["RightLowerArm"] = CFrame.new(1.1920928955078125e-07, 3.5762786865234375e-07, -7.450580596923828e-09, 1, -2.4563641787267443e-08, 1.0986698661952232e-08, 2.78232654693511e-08, 0.9483814835548401, -0.3171316683292389, -2.444721980410236e-09, 0.3171319365501404, 0.9483815431594849),
            ["LeftHand"] = CFrame.new(8.940696716308594e-08, -1.1920928955078125e-07, 1.4901161193847656e-08, 0.9459052681922913, 0.00021637976169586182, -0.3244430422782898, 0.00021637234021909535, 0.9999991655349731, 0.0012976769357919693, 0.32444310188293457, -0.0012976787984371185, 0.9459043741226196),
            ["RightHand"] = CFrame.new(-1.5133991837501526e-07, 0, -7.450580596923828e-09, 0.9847408533096313, -1.0710210496256423e-08, -0.1740271896123886, 1.1175870895385742e-08, 1, -6.635674232313704e-09, 0.17402717471122742, 2.9976949811327813e-09, 0.9847408533096313),
            ["RightUpperArm"] = CFrame.new(-0.13310790061950684, -0.18697774410247803, -0.03637929633259773, 0.9951015710830688, -0.07131463289260864, 0.06846271455287933, 0.04225091636180878, 0.9329004883766174, 0.3576471507549286, -0.0893743708729744, -0.35300272703170776, 0.9313439130783081),
            ["RightLowerLeg"] = CFrame.new(2.60770320892334e-08, -1.1920928955078125e-07, -1.2496457202360034e-07, 1, 4.2840827774170975e-08, -9.313227522511625e-09, -1.4901162970204496e-08, 0.8792986273765564, 0.476270854473114, 9.313226634333205e-09, -0.4762709140777588, 0.879298746585846),
            ["LeftUpperLeg"] = CFrame.new(2.9802322387695312e-08, -5.921265255892649e-08, 3.6961864680051804e-09, 0.40599894523620605, -0.07170747965574265, 0.9110560417175293, 0.050001394003629684, 0.9971665740013123, 0.056202683597803116, -0.9125046730041504, 0.022735847160220146, 0.40843406319618225),
            ["LeftLowerLeg"] = CFrame.new(-3.4458935260772705e-08, -1.7881393432617188e-07, 2.421438694000244e-08, 1, 3.725290653733282e-08, 0, 5.587936335871291e-09, 0.8492353558540344, 0.5280147790908813, 2.374872920540838e-08, -0.528014600276947, 0.8492351770401001),
        }},
        {Time = 0.111, Data = {
            ["RightFoot"] = CFrame.new(-2.9802322387695312e-08, 3.5762786865234375e-07, 1.6952981241047382e-09, 0.9132343530654907, 0.1510864943265915, 0.3783864378929138, -0.2766140401363373, 0.9117832183837891, 0.3035401999950409, -0.2991451919078827, -0.38186943531036377, 0.8744639754295349),
            ["LeftLowerArm"] = CFrame.new(2.9802322387695312e-08, 1.1920928955078125e-07, 7.450580596923828e-09, 1, -1.0244549741855735e-07, 5.401671643312511e-08, 9.685756197086448e-08, 0.41180121898651123, -0.911273717880249, 7.450581307466564e-08, 0.911273717880249, 0.41180115938186646),
            ["LeftFoot"] = CFrame.new(-1.5832483768463135e-08, 0, 3.3527612686157227e-08, 0.9912052750587463, -0.017125369980931282, -0.13122114539146423, -0.019904837012290955, 0.9610158801078796, -0.27577537298202515, 0.13082820177078247, 0.2759624123573303, 0.9522231817245483),
            ["Head"] = CFrame.new(-6.984919309616089e-10, -1.1920928955078125e-07, 1.862645149230957e-09, 0.9894682765007019, -0.01721031591296196, 0.14372314512729645, 0.017151491716504097, 0.9998515844345093, 0.0016483379295095801, -0.14373017847537994, 0.0008340897620655596, 0.9896165728569031),
            ["LowerTorso"] = CFrame.new(0.0075780898332595825, -0.10888290405273438, 0.027513975277543068, 0.9987221360206604, -0.016861630603671074, -0.04764435067772865, 0.016862086951732635, 0.9998578429222107, -0.0003923655895050615, 0.047644197940826416, -0.00041151882032863796, 0.9988642930984497),
            ["UpperTorso"] = CFrame.new(-6.984919309616089e-10, 2.9802322387695312e-08, -6.912159733474255e-10, 0.9958202242851257, 0.04685834422707558, -0.0783984512090683, -0.04606606438755989, 0.9988676905632019, 0.011885016225278378, 0.07886655628681183, -0.008223832584917545, 0.9968512654304504),
            ["HumanoidRootPart"] = CFrame.new(0, 0, 0, 1, 0, 0, 0, 1, 0, 0, 0, 1),
            ["RightUpperLeg"] = CFrame.new(0, -1.0196163202635944e-07, -3.5579432733356953e-09, 0.8383361101150513, 0.25997188687324524, 0.4791736602783203, 0.1334158480167389, 0.754401683807373, -0.6427118182182312, -0.5285763144493103, 0.6027377843856812, 0.5977576971054077),
            ["LeftUpperArm"] = CFrame.new(0, 1.1920928955078125e-07, -6.05359673500061e-09, 0.6388949155807495, 0.5662474632263184, -0.5207467079162598, 0.11348529160022736, 0.6001360416412354, 0.7918066382408142, 0.7608774304389954, -0.5649784207344055, 0.31916308403015137),
            ["RightLowerArm"] = CFrame.new(-1.1920928955078125e-07, 2.384185791015625e-07, -4.470348358154297e-08, 1, -7.048948447163639e-08, -2.1100281522024034e-09, 6.216578185558319e-08, 0.8012725710868835, -0.5982993245124817, 3.2800016924738884e-08, 0.5982994437217712, 0.8012726306915283),
            ["LeftHand"] = CFrame.new(-5.21540641784668e-08, 0, 1.4901161193847656e-08, 0.916999876499176, 0.00033198678283952177, -0.398887574672699, 0.00033196251024492085, 0.9999987483024597, 0.0015954362461343408, 0.39888760447502136, -0.0015954322880133986, 0.916998565196991),
            ["RightHand"] = CFrame.new(3.707828000187874e-08, 0, 1.4901161193847656e-08, 0.9847409129142761, -1.1292286217212677e-08, -0.17402717471122742, 9.313226634333205e-09, 1, -3.725290742551124e-09, 0.1740271896123886, 1.862645149230957e-09, 0.9847409129142761),
            ["RightUpperArm"] = CFrame.new(-0.1331079602241516, -0.18697774410247803, -0.036379288882017136, 0.9136549234390259, -0.2155282348394394, 0.3446480333805084, 0.031779106706380844, 0.8831397294998169, 0.4680323302745819, -0.4052465558052063, -0.41666749119758606, 0.8137343525886536),
            ["RightLowerLeg"] = CFrame.new(4.470348358154297e-08, 5.960464477539063e-08, 9.110226528719068e-08, 1, -1.0244548320770264e-08, -5.215405707303944e-08, -4.4703490686970326e-08, 0.9130630493164062, 0.40781769156455994, -2.980232594040899e-08, -0.40781840682029724, 0.9130634069442749),
            ["LeftUpperLeg"] = CFrame.new(5.960464477539063e-08, -2.63684114543139e-08, -3.754394128918648e-09, 0.35135406255722046, 0.052678562700748444, 0.9347595572471619, 0.009330910630524158, 0.9981692433357239, -0.05975928157567978, -0.9361962080001831, 0.029718833044171333, 0.3502192497253418),
            ["LeftLowerLeg"] = CFrame.new(1.862645149230957e-09, 5.960464477539063e-08, 1.862645149230957e-09, 1, -7.450581485102248e-09, 1.3969840395589017e-08, 9.31322685637781e-10, 0.7449091076850891, 0.6671658754348755, 7.107156108077106e-08, -0.6671658754348755, 0.7449092268943787),
        }},
        {Time = 0.148, Data = {
            ["RightFoot"] = CFrame.new(7.450580596923828e-09, 5.364418029785156e-07, -2.8107024263590574e-08, 0.8848214745521545, 0.18640318512916565, 0.42701905965805054, -0.39803266525268555, 0.778812050819397, 0.48479101061820984, -0.24220071732997894, -0.5989205241203308, 0.7633036971092224),
            ["LeftLowerArm"] = CFrame.new(8.940696716308594e-08, 0, -3.5390257835388184e-08, 1, -5.215405707303944e-08, 1.471489525783909e-07, 1.4901159772762185e-07, 0.21452100574970245, -0.9767193794250488, 2.2351738238057806e-08, 0.9767194390296936, 0.21452099084854126),
            ["LeftFoot"] = CFrame.new(-3.3527612686157227e-08, 1.7881393432617188e-07, 2.2351741790771484e-08, 0.9969748258590698, 0.0036720214411616325, -0.07763897627592087, -0.01721707172691822, 0.9845021367073059, -0.17452599108219147, 0.07579483091831207, 0.17533470690250397, 0.9815869331359863),
            ["Head"] = CFrame.new(-6.170012056827545e-09, 1.1920928955078125e-07, -3.4924596548080444e-09, 0.9956552982330322, 0.04135878011584282, 0.08342693001031876, -0.04179687425494194, 0.9991199970245361, 0.0035106514114886522, -0.08320831507444382, -0.006982381921261549, 0.9965077042579651),
            ["LowerTorso"] = CFrame.new(-0.06341999024152756, -0.07568860054016113, 0.023429865017533302, 0.9988170862197876, 0.009666145779192448, -0.04765721410512924, -0.009677142836153507, 0.9999531507492065, -2.379210439773516e-10, 0.04765499010682106, 0.0004611858166754246, 0.9988637566566467),
            ["UpperTorso"] = CFrame.new(-5.820766091346741e-09, 5.960464477539063e-08, -1.2593242004754757e-09, 0.9988473057746887, 0.0024794626515358686, -0.04793741554021835, -0.0022320866119116545, 0.9999839663505554, 0.005213229451328516, 0.047949567437171936, -0.005100219044834375, 0.9988367557525635),
            ["HumanoidRootPart"] = CFrame.new(0, 0, 0, 1, 0, 0, 0, 1, 0, 0, 0, 1),
            ["RightUpperLeg"] = CFrame.new(0, 2.106753527186811e-08, -3.3396645449101925e-09, 0.82024085521698, 0.04953699931502342, 0.569869339466095, 0.22027015686035156, 0.8920649290084839, -0.3945900797843933, -0.5279072523117065, 0.44918400049209595, 0.720796525478363),
            ["LeftUpperArm"] = CFrame.new(0, -1.1920928955078125e-07, -4.656612873077393e-10, 0.5508530735969543, 0.7050384283065796, -0.4466336667537689, 0.09153419733047485, 0.4808817207813263, 0.8719944357872009, 0.8295676112174988, -0.5212231278419495, 0.20036007463932037),
            ["RightLowerArm"] = CFrame.new(-2.9802322387695312e-08, 1.7881393432617188e-07, 0, 1, -7.35744833946228e-08, 1.138542273793064e-07, 2.9802318834981634e-08, 0.6066091060638428, -0.7950001955032349, 3.352760913344355e-08, 0.7950002551078796, 0.6066093444824219),
            ["LeftHand"] = CFrame.new(1.4901161193847656e-08, 0, 2.9802322387695312e-08, 0.9045018553733826, 0.0003819913254119456, -0.4264697730541229, 0.0003819783159997314, 0.9999985098838806, 0.0017057873774319887, 0.4264698326587677, -0.0017058087978512049, 0.9045001864433289),
            ["RightHand"] = CFrame.new(-5.8673322200775146e-08, 0, -7.450580596923828e-08, 0.9847409129142761, -9.313225746154785e-09, -0.17402714490890503, 2.2351741790771484e-08, 1, -3.725290653733282e-08, 0.17402715981006622, -2.9802322387695312e-08, 0.9847409129142761),
            ["RightUpperArm"] = CFrame.new(-0.13310790061950684, -0.18697762489318848, -0.036379288882017136, 0.7897135615348816, -0.3344404399394989, 0.5142977833747864, 0.003581977216526866, 0.8408336639404297, 0.5412818193435669, -0.6134653687477112, -0.42561542987823486, 0.6652156114578247),
            ["RightLowerLeg"] = CFrame.new(7.450580596923828e-08, 0, -7.281050784513354e-08, 1, -2.2351741790771484e-08, -1.4901159417490817e-08, -5.587936779960501e-09, 0.9999838471412659, 0.0056928968988358974, 7.450582373280668e-09, -0.005693135783076286, 0.9999838471412659),
            ["LeftUpperLeg"] = CFrame.new(-5.960464477539063e-08, 2.6168805788984173e-08, 1.265898719182701e-09, 0.3633037507534027, 0.19777899980545044, 0.9104360342025757, -0.009751928970217705, 0.9779617190361023, -0.20855653285980225, -0.9316197037696838, 0.06689087301492691, 0.35722586512565613),
            ["LeftLowerLeg"] = CFrame.new(-1.6763806343078613e-08, 2.384185791015625e-07, -6.705522537231445e-08, 1, 5.401672353855247e-08, 2.328306969445748e-08, 1.1175873559921001e-08, 0.573733389377594, 0.8190422654151917, 7.939527080225162e-08, -0.8190420866012573, 0.5737332105636597),
        }},
        {Time = 0.185, Data = {
            ["RightFoot"] = CFrame.new(1.4901161193847656e-08, 4.172325134277344e-07, -1.1751399142667651e-07, 0.9156426787376404, 0.10564623773097992, 0.38786280155181885, -0.28984591364860535, 0.842059314250946, 0.45489034056663513, -0.2785460650920868, -0.5289376378059387, 0.8016467094421387),
            ["LeftLowerArm"] = CFrame.new(8.940696716308594e-08, -5.960464477539063e-08, -5.587935447692871e-09, 1, -3.3527616238870905e-08, 1.8253925304634322e-07, 1.3783574104309082e-07, 0.07609597593545914, -0.9971005916595459, 3.725290298461914e-08, 0.9971005320549011, 0.07609599083662033),
            ["LeftFoot"] = CFrame.new(7.450580596923828e-09, 0, 3.0547380447387695e-07, 0.9976570010185242, 0.0054311081767082214, 0.0681992694735527, 0.00022844967315904796, 0.9965741634368896, -0.08270364254713058, -0.06841498613357544, 0.08252549171447754, 0.9942379593849182),
            ["Head"] = CFrame.new(3.338209353387356e-08, -1.1920928955078125e-07, -3.4924596548080444e-09, 0.9938810467720032, 0.10188774019479752, 0.04265524819493294, -0.10181773453950882, 0.9947957992553711, -0.003816092386841774, -0.04282205179333687, -0.0005503152497112751, 0.999082624912262),
            ["LowerTorso"] = CFrame.new(-0.13236552476882935, -0.03734159469604492, 0.019134962931275368, 0.9977597594261169, 0.04724724963307381, -0.047362592071294785, -0.04648884758353233, 0.9987743496894836, 0.016988875344395638, 0.048107217997312546, -0.014748982153832912, 0.9987332820892334),
            ["UpperTorso"] = CFrame.new(-1.5366822481155396e-08, 2.9802322387695312e-08, 4.656612873077393e-10, 0.9965030550956726, -0.06961260735988617, -0.0462149977684021, 0.06898623704910278, 0.997504711151123, -0.015014742501080036, 0.04714488610625267, 0.011774039827287197, 0.9988187551498413),
            ["HumanoidRootPart"] = CFrame.new(0, 0, 0, 1, 0, 0, 0, 1, 0, 0, 0, 1),
            ["RightUpperLeg"] = CFrame.new(1.1920928955078125e-07, -1.6437843441963196e-07, -3.5579432733356953e-09, 0.9021697640419006, -0.015683861449360847, 0.4310961663722992, 0.1919441968202591, 0.9095567464828491, -0.3685973584651947, -0.3863253593444824, 0.4152836203575134, 0.823585033416748),
            ["LeftUpperArm"] = CFrame.new(-0.006803989410400391, 0.05413401126861572, 0.012315753847360611, 0.5272173881530762, 0.7750692367553711, -0.3482954204082489, 0.08793321251869202, 0.35792407393455505, 0.9296011328697205, 0.84516841173172, -0.5207284688949585, 0.1205495074391365),
            ["RightLowerArm"] = CFrame.new(-2.9802322387695312e-08, 1.1920928955078125e-07, 8.917413651943207e-08, 1, -6.845220923423767e-08, 8.801000461744479e-08, 4.982575063650074e-08, 0.33514055609703064, -0.9421681761741638, 6.426125054304066e-08, 0.9421681761741638, 0.335140585899353),
            ["LeftHand"] = CFrame.new(1.0617077350616455e-07, 0, -5.960464477539063e-08, 0.9042914509773254, -0.01976543851196766, -0.42645809054374695, 0.0005633477703668177, 0.9989821314811707, -0.04510609805583954, 0.4269154667854309, 0.04054882749915123, 0.9033820629119873),
            ["RightHand"] = CFrame.new(5.3085386753082275e-08, 0, 2.9802322387695312e-08, 0.9847408533096313, 0.00006283679977059364, -0.1740271896123886, 7.450580596923828e-09, 0.9999999403953552, 0.0003610104613471776, 0.1740272045135498, -0.00035552680492401123, 0.9847408533096313),
            ["RightUpperArm"] = CFrame.new(-0.09402519464492798, -0.15911519527435303, -0.03785719722509384, 0.6597931385040283, -0.4337431490421295, 0.613628625869751, -0.020989906042814255, 0.8056391477584839, 0.592034637928009, -0.7511541843414307, -0.40350034832954407, 0.5224509835243225),
            ["RightLowerLeg"] = CFrame.new(-1.043081283569336e-07, 5.960464477539063e-08, -5.790934665128589e-08, 1, -3.0733634304169755e-08, -5.960463056453591e-08, -1.1641533959050321e-08, 0.9999837279319763, 0.0057049947790801525, -3.725290742551124e-09, -0.005705042742192745, 0.9999837875366211),
            ["LeftUpperLeg"] = CFrame.new(0, -1.633015926927328e-07, -4.190951585769653e-09, 0.6043303608894348, 0.33746737241744995, 0.7217344045639038, -0.004541065078228712, 0.9073106646537781, -0.4204365313053131, -0.7967209219932556, 0.2508051097393036, 0.5498479008674622),
            ["LeftLowerLeg"] = CFrame.new(3.725290298461914e-08, -1.7881393432617188e-07, 3.5390257835388184e-08, 1, -3.7252898543727042e-09, 5.215405707303944e-08, 1.4901162970204496e-08, 0.27315130829811096, 0.96197110414505, 5.02914261346632e-08, -0.9619711637496948, 0.27315136790275574),
        }},
        {Time = 0.222, Data = {
            ["RightFoot"] = CFrame.new(-4.470348358154297e-08, 2.384185791015625e-07, 9.85528458841145e-08, 0.9920464158058167, 0.029677342623472214, 0.12232477217912674, -0.06770103424787521, 0.9450749158859253, 0.3197658658027649, -0.10611610859632492, -0.32550379633903503, 0.9395672678947449),
            ["LeftLowerArm"] = CFrame.new(5.960464477539063e-08, 1.1920928955078125e-07, -8.638016879558563e-08, 1, -3.725290653733282e-08, 1.4528633585086936e-07, 1.3411046495548362e-07, -0.021277906373143196, -0.9997736215591431, 6.984920020158825e-08, 0.9997736215591431, -0.021277939900755882),
            ["LeftFoot"] = CFrame.new(-1.4901161193847656e-08, 1.7881393432617188e-07, -1.4901161193847656e-08, 0.987983226776123, -0.10926373302936554, 0.10931935906410217, 0.10581979900598526, 0.9937025904655457, 0.036842137575149536, -0.11265651881694794, -0.02483128383755684, 0.9933236837387085),
            ["Head"] = CFrame.new(9.080395102500916e-09, 1.1920928955078125e-07, 4.656612873077393e-10, 0.9897627234458923, 0.14229130744934082, -0.01108836755156517, -0.1425340473651886, 0.9894598722457886, -0.025560788810253143, 0.007334388326853514, 0.02687959186732769, 0.9996118545532227),
            ["LowerTorso"] = CFrame.new(-0.2114981859922409, 0.004318833351135254, 0.013567531481385231, 0.994683027267456, 0.09204214811325073, -0.04619434475898743, -0.0895981639623642, 0.994596004486084, 0.052451446652412415, 0.05077245086431503, -0.048033639788627625, 0.9975544810295105),
            ["UpperTorso"] = CFrame.new(-3.550667315721512e-09, -5.960464477539063e-08, -4.656612873077393e-10, 0.9862974286079407, -0.15932093560695648, -0.04282991588115692, 0.15721449255943298, 0.9863609075546265, -0.048743318766355515, 0.05001158267259598, 0.04134191572666168, 0.9978926777839661),
            ["HumanoidRootPart"] = CFrame.new(0, 0, 0, 1, 0, 0, 0, 1, 0, 0, 0, 1),
            ["RightUpperLeg"] = CFrame.new(-5.960464477539063e-08, -1.1117663234472275e-07, -2.6266206987202168e-09, 0.9638389348983765, -0.07174023985862732, 0.25664761662483215, 0.15151789784431458, 0.9397906064987183, -0.3063267767429352, -0.21921898424625397, 0.33413636684417725, 0.9166766405105591),
            ["LeftUpperArm"] = CFrame.new(-0.02136373519897461, 0.16997385025024414, 0.03866996243596077, 0.5327684283256531, 0.8059635162353516, -0.2580324411392212, 0.09642971307039261, 0.2451055943965912, 0.964688777923584, 0.840749204158783, -0.538837730884552, 0.052865635603666306),
            ["RightLowerArm"] = CFrame.new(-2.9802322387695312e-08, 1.1920928955078125e-07, 2.2351741790771484e-08, 1, -5.681067705154419e-08, 7.124620537979354e-08, 5.681066994611683e-08, 0.0031658560037612915, -0.9999950528144836, 1.1827795276531106e-07, 0.9999949932098389, 0.0031657081563025713),
            ["LeftHand"] = CFrame.new(-1.4901161193847656e-08, -5.960464477539063e-08, -1.2293457984924316e-07, 0.9044828414916992, -0.06277143210172653, -0.4218657910823822, 0.0007873402209952474, 0.98935467004776, -0.14552277326583862, 0.4265095293521881, 0.1312907636165619, 0.8949036598205566),
            ["RightHand"] = CFrame.new(7.82310962677002e-08, -5.960464477539063e-08, -2.9802322387695312e-08, 0.9847409129142761, 0.0005935808294452727, -0.17402620613574982, 2.9802322387695312e-08, 0.9999942779541016, 0.0034110243432223797, 0.1740272492170334, -0.0033589904196560383, 0.9847351312637329),
            ["RightUpperArm"] = CFrame.new(-0.01039344072341919, -0.09949290752410889, -0.04101970046758652, 0.5273521542549133, -0.5176543593406677, 0.6737461090087891, -0.041130419820547104, 0.7764886617660522, 0.6287871599197388, -0.8486506938934326, -0.35930392146110535, 0.3881916403770447),
            ["RightLowerLeg"] = CFrame.new(3.3527612686157227e-08, 5.960464477539063e-08, 1.287116901949048e-08, 1, -5.355104359949792e-09, -2.7939673685750677e-08, 1.4551916616145633e-10, 0.9999837875366211, 0.005699795670807362, 2.3283067918100642e-08, -0.005700118374079466, 0.9999837279319763),
            ["LeftUpperLeg"] = CFrame.new(2.9802322387695312e-08, -3.230525180697441e-08, 9.313225746154785e-10, 0.9106138944625854, 0.2528420090675354, 0.3268844485282898, -0.03171563521027565, 0.8314176797866821, -0.5547422170639038, -0.41203951835632324, 0.49478858709335327, 0.7651194334030151),
            ["LeftLowerLeg"] = CFrame.new(1.7881393432617188e-07, -2.384185791015625e-07, 7.450580596923828e-08, 1, 0, 2.2351747119842003e-08, -2.2351741790771484e-08, -0.004650674294680357, 0.9999892115592957, -2.2351741790771484e-08, -0.9999892711639404, -0.004650414921343327),
        }},
        {Time = 0.259, Data = {
            ["RightFoot"] = CFrame.new(0, 2.384185791015625e-07, -1.673470251262188e-10, 0.9985908269882202, 0.005026152823120356, -0.052831824868917465, -0.001235090079717338, 0.9974367022514343, 0.0715450569987297, 0.053056031465530396, -0.07137850672006607, 0.9960372447967529),
            ["LeftLowerArm"] = CFrame.new(0, 1.1920928955078125e-07, -1.6883132047951221e-07, 1, -5.587935447692871e-08, 2.0116564769523393e-07, 1.2293457984924316e-07, -0.0744825005531311, -0.9972223043441772, 8.777715265750885e-08, 0.997222363948822, -0.07448253780603409),
            ["LeftFoot"] = CFrame.new(-1.4901161193847656e-08, 5.960464477539063e-08, 7.450580596923828e-09, 0.9941869974136353, -0.10142157226800919, 0.03613821044564247, 0.10075713694095612, 0.9947148561477661, 0.019759414717555046, -0.03795110061764717, -0.016003333032131195, 0.9991514682769775),
            ["Head"] = CFrame.new(-2.3283064365386963e-09, -1.1920928955078125e-07, 3.725290298461914e-09, 0.9880011677742004, 0.14467072486877441, -0.05407533794641495, -0.1467493325471878, 0.9884942173957825, -0.03665934503078461, 0.04814959689974785, 0.04415499418973923, 0.99786376953125),
            ["LowerTorso"] = CFrame.new(-0.2997400164604187, 0.020413994789123535, 0.005652583669871092, 0.9928129315376282, 0.11011406779289246, -0.04687574505805969, -0.1067500114440918, 0.9918842315673828, 0.06906743347644806, 0.054100602865219116, -0.06356706470251083, 0.9965100884437561),
            ["UpperTorso"] = CFrame.new(2.7008354663848877e-08, 0, 2.7939677238464355e-09, 0.9799160957336426, -0.1955081671476364, -0.03925721347332001, 0.192818284034729, 0.9791792631149292, -0.06347532570362091, 0.05084981396794319, 0.054630979895591736, 0.9972109794616699),
            ["HumanoidRootPart"] = CFrame.new(0, 0, 0, 1, 0, 0, 0, 1, 0, 0, 0, 1),
            ["RightUpperLeg"] = CFrame.new(-5.960464477539063e-08, -5.98374754190445e-08, 1.673470251262188e-10, 0.9827362298965454, -0.0746556743979454, 0.16928152740001678, 0.12601520121097565, 0.9400169849395752, -0.3169991672039032, -0.1354617178440094, 0.3328585624694824, 0.9331963658332825),
            ["LeftUpperArm"] = CFrame.new(-0.02816784381866455, 0.22410762310028076, 0.05098571255803108, 0.5508530735969543, 0.8059878945350647, -0.21666666865348816, 0.09153412282466888, 0.19969546794891357, 0.9755733013153076, 0.8295676708221436, -0.5572300553321838, 0.03622743487358093),
            ["RightLowerArm"] = CFrame.new(0, 2.384185791015625e-07, -6.705522537231445e-08, 1, 4.6566128730773926e-08, 1.6856942863796576e-07, 1.5180559387317771e-07, -0.12706807255744934, -0.9918940663337708, -8.381904059717726e-09, 0.991894006729126, -0.12706823647022247),
            ["LeftHand"] = CFrame.new(2.1420419216156006e-07, 1.7881393432617188e-07, 2.9802322387695312e-08, 0.9041668772697449, -0.08333737403154373, -0.41897159814834595, 0.00030564144253730774, 0.9809118509292603, -0.19445295631885529, 0.42717933654785156, 0.1756899207830429, 0.886933445930481),
            ["RightHand"] = CFrame.new(-3.3993273973464966e-08, 0, -1.4901161193847656e-08, 0.9847409129142761, 0.0022663846611976624, -0.17401248216629028, -1.4901161193847656e-08, 0.9999152421951294, 0.0130234956741333, 0.1740272045135498, -0.012824848294258118, 0.984657347202301),
            ["RightUpperArm"] = CFrame.new(0.028689026832580566, -0.07163047790527344, -0.042497582733631134, 0.46642541885375977, -0.5461435914039612, 0.6958266496658325, -0.05204620212316513, 0.7683281898498535, 0.6379364728927612, -0.8830281496047974, -0.3337648808956146, 0.32994312047958374),
            ["RightLowerLeg"] = CFrame.new(5.587935447692871e-08, -3.5762786865234375e-07, 2.032174961641431e-08, 1, -3.934837522479029e-08, -3.1432130231934252e-09, -3.073364140959711e-08, 0.9810840487480164, 0.1935821920633316, -4.656612428988183e-09, -0.1935824751853943, 0.9810840487480164),
            ["LeftUpperLeg"] = CFrame.new(2.9802322387695312e-08, 1.9674189388751984e-08, -5.587935447692871e-09, 0.9855299592018127, 0.08222027122974396, 0.1482248455286026, 0.013694211840629578, 0.8329939842224121, -0.5531125664710999, -0.16894745826721191, 0.5471388697624207, 0.8198146224021912),
            ["LeftLowerLeg"] = CFrame.new(-7.450580596923828e-09, -1.1920928955078125e-07, 4.470348358154297e-08, 1, -1.862645326866641e-08, -2.2351747119842003e-08, -1.1175869119028903e-08, -0.0843600183725357, 0.9964354038238525, -1.4901159417490817e-08, -0.9964353442192078, -0.08436008542776108),
        }},
        {Time = 0.296, Data = {
            ["RightFoot"] = CFrame.new(9.778887033462524e-09, 2.980232238769531e-07, -1.204170985147357e-08, 0.9991689920425415, 0.014716683886945248, -0.038010966032743454, -0.01910524070262909, 0.9928529262542725, -0.11780604720115662, 0.03600553050637245, 0.11843430250883102, 0.9923089742660522),
            ["LeftLowerArm"] = CFrame.new(-5.960464477539063e-08, 0, 3.4458935260772705e-08, 1, -3.725290298461914e-08, 1.8998983364326705e-07, 1.1175870895385742e-07, -0.10522733628749847, -0.9944482445716858, 7.450580596923828e-08, 0.994448184967041, -0.10522733628749847),
            ["LeftFoot"] = CFrame.new(9.12696123123169e-08, -1.1920928955078125e-07, -8.940696716308594e-08, 0.9955658912658691, -0.07082535326480865, 0.06190581992268562, 0.07467374205589294, 0.9952641129493713, -0.06223579868674278, -0.057204656302928925, 0.06658250838518143, 0.9961398243904114),
            ["Head"] = CFrame.new(1.3969838619232178e-08, 2.384185791015625e-07, 5.587935447692871e-09, 0.9912109971046448, 0.11814640462398529, -0.059516455978155136, -0.1220807209610939, 0.9902232885360718, -0.06748494505882263, 0.05096152797341347, 0.07415764033794403, 0.9959436058998108),
            ["LowerTorso"] = CFrame.new(-0.3986753225326538, 0.019704818725585938, -0.005796721205115318, 0.9911561608314514, 0.07393566519021988, -0.11019519716501236, -0.06642317026853561, 0.9953079223632812, 0.07035715132951736, 0.1148800477385521, -0.062415409833192825, 0.9914166331291199),
            ["UpperTorso"] = CFrame.new(4.1211023926734924e-08, 5.960464477539063e-08, -1.30385160446167e-08, 0.989630401134491, -0.1433446854352951, -0.009172913618385792, 0.14276613295078278, 0.9886415004730225, -0.04696672409772873, 0.015801146626472473, 0.04517010971903801, 0.998854398727417),
            ["HumanoidRootPart"] = CFrame.new(0, 0, 0, 1, 0, 0, 0, 1, 0, 0, 0, 1),
            ["RightUpperLeg"] = CFrame.new(5.960464477539063e-08, -9.546056389808655e-08, -2.032174961641431e-08, 0.9883310198783875, -0.01318552065640688, 0.15174995362758636, 0.07714754343032837, 0.9023473858833313, -0.4240490198135376, -0.13133984804153442, 0.430807888507843, 0.8928350806236267),
            ["LeftUpperArm"] = CFrame.new(-0.0281679630279541, 0.22410798072814941, 0.05098570138216019, 0.5865080952644348, 0.763836681842804, -0.2693728506565094, 0.061731889843940735, 0.28945744037628174, 0.9551982283592224, 0.8075873851776123, -0.5768604278564453, 0.1226160004734993),
            ["RightLowerArm"] = CFrame.new(-2.9802322387695312e-08, 2.980232238769531e-07, -7.078051567077637e-08, 1, -4.4703497792397684e-08, 1.154840560957382e-07, 1.0244549741855735e-07, -0.008652704767882824, -0.999962568283081, 5.587936158235607e-08, 0.9999626278877258, -0.00865282490849495),
            ["LeftHand"] = CFrame.new(-1.210719347000122e-07, 1.1920928955078125e-07, 5.774199962615967e-08, 0.8722109198570251, -0.08393150568008423, -0.4818751811981201, -0.013862233608961105, 0.9805305004119873, -0.19587695598602295, 0.4889335632324219, 0.17752578854560852, 0.8540659546852112),
            ["RightHand"] = CFrame.new(-2.7008354663848877e-08, 0, -4.470348358154297e-08, 0.9847409129142761, 0.005703426897525787, -0.1739337146282196, -3.725290653733282e-08, 0.9994627833366394, 0.032773423939943314, 0.17402715981006622, -0.032273247838020325, 0.9842119216918945),
            ["RightUpperArm"] = CFrame.new(0.028689146041870117, -0.07163023948669434, -0.04249759763479233, 0.4573771059513092, -0.5203057527542114, 0.7211714386940002, -0.05529323220252991, 0.7927590608596802, 0.6070219874382019, -0.8875521421432495, -0.3175138831138611, 0.3338204622268677),
            ["RightLowerLeg"] = CFrame.new(-1.862645149230957e-09, -2.980232238769531e-07, -3.881723387166858e-08, 1, 2.6775504036180564e-09, 9.080393326144076e-09, 6.51925802230835e-09, 0.8341870903968811, 0.5514817833900452, 2.5203917175531387e-08, -0.5514816641807556, 0.8341870307922363),
