return {
    ["Lambal"] = {
        {Time = 0.000, Data = {
            ["RightFoot"] = CFrame.new(2.9802322387695312e-08, 2.980232238769531e-07, 1.6952981241047382e-09, 0.8392338752746582, 0.5020008087158203, -0.20900268852710724, -0.4546460509300232, 0.4369308352470398, -0.7761367559432983, -0.29830124974250793, 0.7463824152946472, 0.5949199795722961),
            ["LeftLowerArm"] = CFrame.new(-5.960464477539063e-08, 5.960464477539063e-08, 1.4156103134155273e-07, 1, -9.313224857976365e-09, -5.285253834586001e-08, -3.073364140959711e-08, 0.9999873638153076, -0.005026204511523247, -3.748573007555933e-08, 0.005026161205023527, 0.9999873638153076),
            ["RightUpperArm"] = CFrame.new(0, -1.1920928955078125e-07, 1.043081283569336e-07, 0.08284301310777664, -0.6610391736030579, 0.7457644939422607, 0.6125215291976929, -0.5565220713615417, -0.561337947845459, 0.7861008048057556, 0.5032995343208313, 0.35879677534103394),
            ["Head"] = CFrame.new(4.0978193283081055e-08, -4.76837158203125e-07, 3.725290298461914e-08, 0.6986631751060486, 0.713935375213623, 0.04654352739453316, -0.7117668390274048, 0.7001864314079285, -0.05591953173279762, -0.07251201570034027, 0.005940754897892475, 0.9973499178886414),
            ["RightHand"] = CFrame.new(-2.9802322387695312e-08, 0, -3.5762786865234375e-07, 0.6289985775947571, -0.6136147975921631, -0.4773237705230713, 0.5920628309249878, 0.7760159969329834, -0.2173958718776703, 0.5038079619407654, -0.14586365222930908, 0.8514111638069153),
            ["UpperTorso"] = CFrame.new(2.9802322387695312e-08, 0, 1.4901161193847656e-08, 0.9910697937011719, 0.1304222047328949, 0.027763981372117996, -0.12916971743106842, 0.8873066902160645, 0.4427212178707123, 0.033105481415987015, -0.44235384464263916, 0.8962295055389404),
            ["HumanoidRootPart"] = CFrame.new(0, 0, 0, 1, 0, 0, 0, 1, 0, 0, 0, 1),
            ["RightUpperLeg"] = CFrame.new(0, -2.9802322387695312e-08, -1.6952981241047382e-09, 0.861143946647644, -0.4214777648448944, 0.28423207998275757, 0.4692884087562561, 0.8740504384040833, -0.125714972615242, -0.19544723629951477, 0.24164509773254395, 0.9504777193069458),
            ["LeftUpperArm"] = CFrame.new(-1.1920928955078125e-07, -3.5762786865234375e-07, 0, -0.18549376726150513, 0.8783814907073975, -0.4404976963996887, -0.6454338431358337, -0.4469278156757355, -0.6194114685058594, -0.7409502267837524, 0.16941528022289276, 0.649839460849762),
            ["RightLowerArm"] = CFrame.new(0, 2.980232238769531e-07, 1.6391277313232422e-07, 1, -6.70552182668871e-08, 6.705519695060502e-08, 2.9802315282267955e-08, 0.9999838471412659, -0.005683687515556812, 7.450578820566989e-09, 0.005683704745024443, 0.9999839067459106),
            ["LeftHand"] = CFrame.new(1.1548399925231934e-07, -1.1920928955078125e-07, -1.043081283569336e-07, 0.7538627982139587, 0.5615377426147461, 0.3411255180835724, -0.5268706679344177, 0.8268554210662842, -0.19676727056503296, -0.3925536274909973, -0.03139357641339302, 0.9191931486129761),
            ["LeftFoot"] = CFrame.new(-9.685754776000977e-08, 0, -4.842877388000488e-08, 0.9424219131469727, -0.3087877333164215, -0.12841863930225372, 0.1489439457654953, 0.731358528137207, -0.6655300855636597, 0.29942741990089417, 0.6080830097198486, 0.7352403402328491),
            ["LowerTorso"] = CFrame.new(0.26746830344200134, -0.8639695644378662, -0.41756102442741394, 0.9507827758789062, -0.2047346979379654, -0.23258505761623383, 0.06267135590314865, 0.862166166305542, -0.502734363079071, 0.30345413088798523, 0.4634147584438324, 0.8325637578964233),
            ["RightLowerLeg"] = CFrame.new(-1.7881393432617188e-07, -0.00012260675430297852, -0.00007740238652331755, 1, -1.0058278832048018e-07, -2.1606693678677402e-07, 0, -0.2153843194246292, 0.9765294194221497, -6.705523247774181e-08, -0.9765293598175049, -0.21538428962230682),
            ["LeftUpperLeg"] = CFrame.new(0, -3.6135315895080566e-07, 1.6391277313232422e-07, 0.8974766135215759, 0.1074557974934578, -0.4277721643447876, -0.3551374077796936, 0.7512079477310181, -0.556384801864624, 0.26155900955200195, 0.6512603759765625, 0.7123530507087708),
            ["LeftLowerLeg"] = CFrame.new(3.725290298461914e-08, 0.0001227855682373047, 0.00007743760943412781, 1, 1.4901159417490817e-08, 1.8626448650138627e-07, -7.450581307466564e-08, -0.5327785611152649, 0.8462547659873962, 1.9371512394172896e-07, -0.8462547659873962, -0.5327785611152649),
        }},
        {Time = 0.033, Data = {
            ["RightFoot"] = CFrame.new(-8.940696716308594e-08, 2.980232238769531e-07, -9.516224963590503e-08, 0.8475343585014343, 0.5072369575500488, -0.1561928391456604, -0.4180324077606201, 0.4566662907600403, -0.7853052020072937, -0.32700827717781067, 0.7308670282363892, 0.5990822911262512),
            ["LeftLowerArm"] = CFrame.new(-5.960464477539063e-08, 2.384185791015625e-07, 1.1175870895385742e-07, 1, -4.8428766774577525e-08, -4.470348358154297e-08, -4.470348358154297e-08, 0.9999865889549255, -0.005183078348636627, 3.91155481338501e-08, 0.005183010827749968, 0.9999866485595703),
            ["RightUpperArm"] = CFrame.new(-1.7881393432617188e-07, -1.1920928955078125e-07, 1.1920928955078125e-07, 0.13842745125293732, -0.6284520626068115, 0.7654321193695068, 0.5258452296257019, -0.6082916259765625, -0.5945315361022949, 0.8392406105995178, 0.4847983121871948, 0.24626412987709045),
            ["Head"] = CFrame.new(7.82310962677002e-08, 0, 2.60770320892334e-08, 0.6650612354278564, 0.7456277012825012, -0.04162837564945221, -0.7425810098648071, 0.6543766260147095, -0.14270521700382233, -0.0791642963886261, 0.125820130109787, 0.9888894557952881),
            ["RightHand"] = CFrame.new(-1.341104507446289e-07, -3.5762786865234375e-07, 4.470348358154297e-08, 0.6799280643463135, -0.59820157289505, -0.4240904450416565, 0.6192885041236877, 0.7781469821929932, -0.10473494976758957, 0.39265716075897217, -0.19142186641693115, 0.8995431661605835),
            ["UpperTorso"] = CFrame.new(-3.725290298461914e-09, -2.9802322387695312e-08, 1.0803341865539551e-07, 0.9860956072807312, 0.1656225472688675, 0.013586676679551601, -0.1555420458316803, 0.8911060690879822, 0.426305890083313, 0.058498769998550415, -0.4224916398525238, 0.904477059841156),
            ["HumanoidRootPart"] = CFrame.new(0, 0, 0, 1, 0, 0, 0, 1, 0, 0, 0, 1),
            ["RightUpperLeg"] = CFrame.new(5.960464477539063e-08, -3.129243850708008e-07, 1.6221747500821948e-07, 0.8209847807884216, -0.4559917449951172, 0.3435918688774109, 0.5370509028434753, 0.8210265636444092, -0.1936284601688385, -0.19380491971969604, 0.34349215030670166, 0.918941080570221),
            ["LeftUpperArm"] = CFrame.new(5.960464477539063e-08, 0, 7.450580596923828e-08, -0.23245440423488617, 0.9002847671508789, -0.3680383563041687, -0.5914685726165771, -0.43124234676361084, -0.681318461894989, -0.7720944285392761, 0.059307657182216644, 0.632734477519989),
            ["RightLowerArm"] = CFrame.new(2.384185791015625e-07, -1.7881393432617188e-07, 1.341104507446289e-07, 1, 7.450581485102248e-09, 0, 1.4901161193847656e-08, 0.9999873638153076, -0.005043325945734978, -2.2351741790771484e-08, 0.005043253768235445, 0.9999873638153076),
            ["LeftHand"] = CFrame.new(1.4901161193847656e-08, 0, -4.470348358154297e-08, 0.7692619562149048, 0.6279184818267822, 0.11812944710254669, -0.6200277209281921, 0.7782729864120483, -0.09928234666585922, -0.1542779803276062, 0.003130675060674548, 0.9880225658416748),
            ["LeftFoot"] = CFrame.new(-1.4901161193847656e-08, 1.1920928955078125e-07, 1.5273690223693848e-07, 0.9468197226524353, -0.29697343707084656, -0.12385300546884537, 0.14440150558948517, 0.7361525893211365, -0.6612319350242615, 0.28754234313964844, 0.6081826090812683, 0.7398869395256042),
            ["LowerTorso"] = CFrame.new(0.25983187556266785, -0.9144411087036133, -0.4291599988937378, 0.9427616000175476, -0.1954135149717331, -0.270211398601532, 0.037980057299137115, 0.867957353591919, -0.49518439173698425, 0.33129769563674927, 0.45657816529273987, 0.8256986141204834),
            ["RightLowerLeg"] = CFrame.new(0, -0.00012242794036865234, -0.00007743963942630216, 1, -1.4901154088420299e-07, -3.352761552832817e-07, 1.6391277313232422e-07, -0.3198055624961853, 0.9474833607673645, -2.1606683731079102e-07, -0.9474831819534302, -0.3198052942752838),
            ["LeftUpperLeg"] = CFrame.new(0, -3.7997961044311523e-07, 4.0978193283081055e-08, 0.9094429612159729, 0.10015267878770828, -0.40358754992485046, -0.34264156222343445, 0.7304031252861023, -0.5908536314964294, 0.2356061339378357, 0.6756336688995361, 0.6985765099525452),
            ["LeftLowerLeg"] = CFrame.new(2.123415470123291e-07, 0.00012254714965820312, 0.00007751770317554474, 1, 5.960464477539063e-08, 1.862644296579674e-07, -2.9802322387695312e-08, -0.5887959599494934, 0.8082815408706665, 1.0803341865539551e-07, -0.8082817792892456, -0.5887961983680725),
        }},
        {Time = 0.067, Data = {
            ["RightFoot"] = CFrame.new(1.0058283805847168e-07, 3.5762786865234375e-07, 5.757465260103345e-08, 0.8306894898414612, 0.545732855796814, -0.11014041304588318, -0.4074692130088806, 0.4611486792564392, -0.7882322669029236, -0.3793730139732361, 0.6996553540229797, 0.6054412126541138),
            ["LeftLowerArm"] = CFrame.new(-2.9802322387695312e-08, 2.980232238769531e-07, 1.862645149230957e-08, 1, -4.656615648634954e-10, 5.4482363509578136e-08, 2.1886080503463745e-08, 0.9999862313270569, -0.0052549089305102825, -5.122274160385132e-09, 0.0052547636441886425, 0.9999862313270569),
            ["RightUpperArm"] = CFrame.new(-5.960464477539063e-08, 7.152557373046875e-07, 2.9802322387695312e-08, 0.1658945083618164, -0.5980967879295349, 0.784065842628479, 0.455895334482193, -0.6585037112236023, -0.5987757444381714, 0.87443608045578, 0.456785649061203, 0.16342739760875702),
            ["Head"] = CFrame.new(-7.916241884231567e-08, 1.1920928955078125e-07, 2.421438694000244e-08, 0.6829840540885925, 0.7214592099189758, -0.11414680629968643, -0.7258389592170715, 0.6528494954109192, -0.21666914224624634, -0.08179725706577301, 0.2308337539434433, 0.9695488810539246),
            ["RightHand"] = CFrame.new(1.043081283569336e-07, -5.960464477539063e-08, -4.917383193969727e-07, 0.6730479598045349, -0.6024359464645386, -0.429042786359787, 0.622205376625061, 0.7748172879219055, -0.11188548058271408, 0.39983364939689636, -0.19164827466011047, 0.8963281512260437),
            ["UpperTorso"] = CFrame.new(-3.073364496231079e-08, -1.1920928955078125e-07, 1.862645149230957e-08, 0.9839063286781311, 0.17842841148376465, 0.009581172838807106, -0.16679753363132477, 0.8978946208953857, 0.40738674998283386, 0.06408649682998657, -0.40242844820022583, 0.9132054448127747),
            ["HumanoidRootPart"] = CFrame.new(0, 0, 0, 1, 0, 0, 0, 1, 0, 0, 0, 1),
            ["RightUpperLeg"] = CFrame.new(5.960464477539063e-08, 2.2351741790771484e-07, -1.0600342648103833e-07, 0.7682730555534363, -0.49761682748794556, 0.40265902876853943, 0.6103153824806213, 0.7591426372528076, -0.22631245851516724, -0.19305875897407532, 0.4196188449859619, 0.8869319558143616),
            ["LeftUpperArm"] = CFrame.new(-2.384185791015625e-07, 5.960464477539062e-07, -1.4901161193847656e-08, -0.2239914983510971, 0.9211461544036865, -0.31830424070358276, -0.4979168474674225, -0.3889225721359253, -0.7751246690750122, -0.8377986550331116, -0.015132410451769829, 0.5457693934440613),
            ["RightLowerArm"] = CFrame.new(2.384185791015625e-07, -2.980232238769531e-07, -2.9802322387695312e-08, 1, 1.4901157641133977e-08, 2.9802315282267955e-08, -3.725289943190546e-08, 0.9999874234199524, -0.005026290658861399, -1.4901159417490817e-08, 0.0050262571312487125, 0.9999873638153076),
            ["LeftHand"] = CFrame.new(5.774199962615967e-08, 2.980232238769531e-07, -1.4901161193847656e-07, 0.7466135025024414, 0.654008686542511, 0.12182288616895676, -0.647906482219696, 0.7563951015472412, -0.0899110808968544, -0.15094904601573944, -0.011800830252468586, 0.9884712100028992),
            ["LeftFoot"] = CFrame.new(1.1920928955078125e-07, -1.7881393432617188e-07, 4.284083843231201e-08, 0.9558650255203247, -0.2757306396961212, -0.10146387666463852, 0.1461487114429474, 0.7458102703094482, -0.6499289274215698, 0.2548777163028717, 0.6064154505729675, 0.7531915307044983),
            ["LowerTorso"] = CFrame.new(0.24785712361335754, -0.9322817325592041, -0.4298608601093292, 0.9351161122322083, -0.16507315635681152, -0.3135422170162201, -0.005696135573089123, 0.8777417540550232, -0.4791002571582794, 0.35429567098617554, 0.44980037212371826, 0.8198501467704773),
            ["RightLowerLeg"] = CFrame.new(0, -0.00012248754501342773, -0.00007758865103824064, 1, -1.9371502446574596e-07, -2.458692449636146e-07, 2.9802322387695312e-08, -0.352400541305542, 0.9358494877815247, -2.384185791015625e-07, -0.9358493089675903, -0.3524002134799957),
            ["LeftUpperLeg"] = CFrame.new(-5.960464477539063e-08, 8.195638656616211e-08, -1.341104507446289e-07, 0.9336317181587219, 0.08883100003004074, -0.3470464050769806, -0.2994825839996338, 0.725140392780304, -0.6200659275054932, 0.19657617807388306, 0.6828474998474121, 0.7036172747612),
            ["LeftLowerLeg"] = CFrame.new(-2.0489096641540527e-08, 0.0001227259635925293, 0.00007737334817647934, 1, 7.450580596923828e-08, 2.1234149016891024e-07, -5.2154071283894154e-08, -0.5962417125701904, 0.8028050661087036, 1.4156104555240745e-07, -0.8028049468994141, -0.5962416529655457),
        }},
        {Time = 0.100, Data = {
            ["RightFoot"] = CFrame.new(-3.3527612686157227e-08, 1.7881393432617188e-07, 1.8795981304720044e-07, 0.8238779306411743, 0.5568190217018127, -0.10572634637355804, -0.4173074960708618, 0.46974170207977295, -0.7779439687728882, -0.3835098147392273, 0.6850513219833374, 0.6193747520446777),
            ["LeftLowerArm"] = CFrame.new(-1.7881393432617188e-07, 3.5762786865234375e-07, -2.3469328880310059e-07, 1, 1.676381700121965e-08, 9.12695767851801e-08, -2.421438694000244e-08, 0.9999856352806091, -0.005374027416110039, -1.955777406692505e-08, 0.005373987834900618, 0.9999856352806091),
            ["RightUpperArm"] = CFrame.new(0, 4.76837158203125e-07, 2.9802322387695312e-08, 0.12445878982543945, -0.5735865235328674, 0.8096351027488708, 0.43626007437705994, -0.7012422680854797, -0.5638582706451416, 0.8911717534065247, 0.42338860034942627, 0.16295689344406128),
            ["Head"] = CFrame.new(-8.224742487072945e-08, -1.1920928955078125e-07, -1.0244548320770264e-08, 0.7465487718582153, 0.6453329920768738, -0.161896213889122, -0.6588748693466187, 0.6832680702209473, -0.31468841433525085, -0.09246028959751129, 0.3415994942188263, 0.9352865219116211),
            ["RightHand"] = CFrame.new(2.384185791015625e-07, 2.384185791015625e-07, -4.470348358154297e-08, 0.6730342507362366, -0.628633439540863, -0.3896729648113251, 0.6336343884468079, 0.7618312835693359, -0.1346123218536377, 0.38148707151412964, -0.15631110966205597, 0.9110623598098755),
            ["UpperTorso"] = CFrame.new(1.4901161193847656e-08, 2.9802322387695312e-08, -7.450580596923828e-08, 0.9832897186279297, 0.18179617822170258, 0.009565302170813084, -0.17168812453746796, 0.9085819721221924, 0.38079121708869934, 0.06053556501865387, -0.37607038021087646, 0.9246115684509277),
            ["HumanoidRootPart"] = CFrame.new(0, 0, 0, 1, 0, 0, 0, 1, 0, 0, 0, 1),
            ["RightUpperLeg"] = CFrame.new(0, 7.450580596923828e-08, -1.0600342648103833e-07, 0.7248295545578003, -0.4960373640060425, 0.478088915348053, 0.6565062999725342, 0.7077096700668335, -0.2610495388507843, -0.2088579535484314, 0.5030845999717712, 0.8386203646659851),
            ["LeftUpperArm"] = CFrame.new(-1.1920928955078125e-07, 5.960464477539062e-07, 2.9802322387695312e-08, -0.24486574530601501, 0.943215548992157, -0.22446678578853607, -0.5316926836967468, -0.32423102855682373, -0.7824174761772156, -0.810767412185669, -0.07224016636610031, 0.580893874168396),
            ["RightLowerArm"] = CFrame.new(3.5762786865234375e-07, -5.960464477539062e-07, 1.9371509552001953e-07, 1, -2.9802315282267955e-08, -4.470347647611561e-08, 1.4901159417490817e-08, 0.999983012676239, -0.005841414909809828, 6.70552182668871e-08, 0.005841428879648447, 0.999983012676239),
            ["LeftHand"] = CFrame.new(2.2351741790771484e-08, -2.384185791015625e-07, 9.685754776000977e-08, 0.6993045806884766, 0.6634177565574646, 0.2661762237548828, -0.6676620841026306, 0.7392088174819946, -0.08830685168504715, -0.25534412264823914, -0.11596190929412842, 0.9598709344863892),
            ["LeftFoot"] = CFrame.new(2.2351741790771484e-08, 0, 1.5832483768463135e-08, 0.9622509479522705, -0.258568674325943, -0.08494406193494797, 0.14925894141197205, 0.7623373866081238, -0.6297332048416138, 0.2275850474834442, 0.5932825207710266, 0.7721533179283142),
            ["LowerTorso"] = CFrame.new(0.23067012429237366, -0.9219461679458618, -0.419921338558197, 0.9246181845664978, -0.11990310996770859, -0.3615308105945587, -0.058240506798028946, 0.8934944868087769, -0.44528162479400635, 0.3764164447784424, 0.4327712059020996, 0.8191579580307007),
            ["RightLowerLeg"] = CFrame.new(-5.960464477539063e-08, -0.00012242794036865234, -0.00007730552897555754, 1, -8.940694584680386e-08, -3.1292452717934793e-07, 1.6391277313232422e-07, -0.36576053500175476, 0.9307090044021606, -2.384185791015625e-07, -0.9307089447975159, -0.3657606244087219),
            ["LeftUpperLeg"] = CFrame.new(0, -1.5087425708770752e-07, 7.450580596923828e-08, 0.9592230319976807, 0.08058146387338638, -0.2709200084209442, -0.24385710060596466, 0.7205780744552612, -0.6490769982337952, 0.14291568100452423, 0.6886754631996155, 0.7108456492424011),
            ["LeftLowerLeg"] = CFrame.new(2.0582228899002075e-07, 0.0001227259635925293, 0.00007737753912806511, 1, 1.6391278734317893e-07, 1.899897767998482e-07, 2.2351745343485163e-08, -0.564210057258606, 0.8256310224533081, 1.8626454334480513e-07, -0.825631320476532, -0.5642104148864746),
        }},
        {Time = 0.133, Data = {
            ["RightFoot"] = CFrame.new(8.940696716308594e-08, 2.980232238769531e-07, 9.145878721028566e-09, 0.8252028822898865, 0.5529969334602356, -0.11504130065441132, -0.4306996166706085, 0.4842770993709564, -0.7615597248077393, -0.3654284179210663, 0.6779897212982178, 0.6378028392791748),
            ["LeftLowerArm"] = CFrame.new(-5.960464477539063e-08, 2.980232238769531e-07, -1.471489667892456e-07, 1, 2.2351736461700966e-08, 2.607702853651972e-08, 2.9802322387695312e-08, 0.9999853372573853, -0.005415088962763548, -3.725290298461914e-08, 0.005414991173893213, 0.9999853372573853),
            ["RightUpperArm"] = CFrame.new(-1.1920928955078125e-07, 1.1920928955078125e-07, 0, 0.08025521785020828, -0.5645917057991028, 0.8214589953422546, 0.4231213629245758, -0.7268862128257751, -0.5409298539161682, 0.9025117754936218, 0.39098942279815674, 0.18055453896522522),
            ["Head"] = CFrame.new(-1.909211277961731e-07, 4.76837158203125e-07, -3.725290298461914e-08, 0.8267973065376282, 0.5286723971366882, -0.19212442636489868, -0.5553175210952759, 0.7127448916435242, -0.4285057783126831, -0.0896034762263298, 0.4609775245189667, 0.8828766345977783),
            ["RightHand"] = CFrame.new(-3.2782554626464844e-07, 0, 2.384185791015625e-07, 0.6774109601974487, -0.6402541399002075, -0.3621998429298401, 0.6414603590965271, 0.7551542520523071, -0.1351698637008667, 0.36005982756614685, -0.14077162742614746, 0.9222474694252014),
            ["UpperTorso"] = CFrame.new(7.450580596923828e-09, 0, 1.4901161193847656e-08, 0.9841315150260925, 0.17738643288612366, 0.004385245498269796, -0.16762997210025787, 0.9213313460350037, 0.3507833182811737, 0.05818398296833038, -0.34595197439193726, 0.9364463686943054),
            ["HumanoidRootPart"] = CFrame.new(0, 0, 0, 1, 0, 0, 0, 1, 0, 0, 0, 1),
            ["RightUpperLeg"] = CFrame.new(5.960464477539063e-08, 4.470348358154297e-08, 2.8107024263590574e-08, 0.6854797601699829, -0.4940633177757263, 0.5348073840141296, 0.6968193650245667, 0.6581303477287292, -0.2851448953151703, -0.21109335124492645, 0.5681250095367432, 0.795407772064209),
            ["LeftUpperArm"] = CFrame.new(-1.1920928955078125e-07, 1.1920928955078125e-07, -5.960464477539063e-08, -0.259260892868042, 0.9586476683616638, -0.11738187074661255, -0.5807946920394897, -0.2518589198589325, -0.7741090059280396, -0.7716614007949829, -0.13252149522304535, 0.6220746040344238),
            ["RightLowerArm"] = CFrame.new(0, 2.384185791015625e-07, 4.76837158203125e-07, 1, 6.332992796842518e-08, -1.4901162970204496e-08, -5.960465188081798e-08, 0.9999829530715942, -0.0058432393707334995, -1.4901162970204496e-08, 0.005843169521540403, 0.999983012676239),
            ["LeftHand"] = CFrame.new(-6.705522537231445e-08, 0, 2.7567148208618164e-07, 0.6732844710350037, 0.6628744006156921, 0.32754507660865784, -0.6726974844932556, 0.7330304980278015, -0.10071995109319687, -0.30686503648757935, -0.15252552926540375, 0.9394518733024597),
            ["LeftFoot"] = CFrame.new(-5.960464477539063e-08, 0, -1.30385160446167e-08, 0.9649860262870789, -0.24786275625228882, -0.08582556247711182, 0.1484319418668747, 0.7857842445373535, -0.600425660610199, 0.2162635177373886, 0.5666631460189819, 0.7950615882873535),
            ["LowerTorso"] = CFrame.new(0.2096334546804428, -0.8883285522460938, -0.40251487493515015, 0.9174507260322571, -0.05889573693275452, -0.39346596598625183, -0.11310747265815735, 0.9095611572265625, -0.39988166093826294, 0.3814326524734497, 0.41137567162513733, 0.8278159499168396),
            ["RightLowerLeg"] = CFrame.new(8.940696716308594e-08, -0.00012230873107910156, -0.00007745454058749601, 1, -1.043080928297968e-07, -1.8626458597736928e-07, 2.3841852225814364e-07, -0.3554728031158447, 0.9346867203712463, -2.6822084464583895e-07, -0.9346866607666016, -0.3554728925228119),
            ["LeftUpperLeg"] = CFrame.new(-1.1920928955078125e-07, -1.6763806343078613e-08, -1.1920928955078125e-07, 0.979489266872406, 0.06858725100755692, -0.189463809132576, -0.18079447746276855, 0.7142924070358276, -0.6760914325714111, 0.08896123617887497, 0.6964784264564514, 0.7120420932769775),
            ["LeftLowerLeg"] = CFrame.new(1.862645149230957e-08, 0.0001227259635925293, 0.00007748976349830627, 1, 5.960464477539063e-08, 1.247971965767647e-07, -2.2351745343485163e-08, -0.49503132700920105, 0.8688752055168152, 1.266598843585598e-07, -0.8688751459121704, -0.49503132700920105),
        }},
        {Time = 0.167, Data = {
            ["RightFoot"] = CFrame.new(-2.0116567611694336e-07, 2.980232238769531e-07, -8.77116690389812e-08, 0.8273572325706482, 0.5477799773216248, -0.1241670697927475, -0.4435144066810608, 0.5014966130256653, -0.742829442024231, -0.34463760256767273, 0.6696553826332092, 0.6578654646873474),
            ["LeftLowerArm"] = CFrame.new(-4.172325134277344e-07, -5.960464477539063e-08, -2.3096799850463867e-07, 1, 4.097818262494002e-08, 3.725289943190546e-08, 3.352760913344355e-08, 0.9999854564666748, -0.00539878336712718, 3.352760913344355e-08, 0.005398763809353113, 0.99998539686203),
            ["RightUpperArm"] = CFrame.new(2.384185791015625e-07, 3.5762786865234375e-07, -7.450580596923828e-08, 0.05667343735694885, -0.5752322673797607, 0.8160241842269897, 0.3923697769641876, -0.738740861415863, -0.5480040907859802, 0.9180600047111511, 0.3512403070926666, 0.18383699655532837),
            ["Head"] = CFrame.new(-2.60770320892334e-08, 4.76837158203125e-07, -9.313225746154785e-09, 0.8930637240409851, 0.40276631712913513, -0.2005406618118286, -0.4451885223388672, 0.7264827489852905, -0.5234789848327637, -0.06515022367238998, 0.5567783117294312, 0.8281022906303406),
            ["RightHand"] = CFrame.new(0, 5.960464477539063e-08, -1.1920928955078125e-07, 0.6791677474975586, -0.6439972519874573, -0.35213470458984375, 0.645287036895752, 0.7525116205215454, -0.13164660334587097, 0.3497653901576996, -0.13781802356243134, 0.9266446232795715),
            ["UpperTorso"] = CFrame.new(-1.4901161193847656e-08, -5.960464477539063e-08, 5.21540641784668e-08, 0.987400472164154, 0.15806974470615387, -0.007364591583609581, -0.14769932627677917, 0.9373246431350708, 0.31560662388801575, 0.056790851056575775, -0.31054240465164185, 0.9488615989685059),
            ["HumanoidRootPart"] = CFrame.new(0, 0, 0, 1, 0, 0, 0, 1, 0, 0, 0, 1),
            ["RightUpperLeg"] = CFrame.new(-2.9802322387695312e-08, 2.514570951461792e-08, 1.4731631381437182e-07, 0.6486145853996277, -0.5044047832489014, 0.5699784755706787, 0.7354106903076172, 0.6083123087882996, -0.29854199290275574, -0.19613862037658691, 0.6128065586090088, 0.7655046582221985),
            ["LeftUpperArm"] = CFrame.new(0, 1.1920928955078125e-07, -1.4901161193847656e-08, -0.2532971203327179, 0.965835690498352, -0.054791033267974854, -0.5286283493041992, -0.18562602996826172, -0.8283087015151978, -0.8101806044578552, -0.18084393441677094, 0.5575864911079407),
            ["RightLowerArm"] = CFrame.new(2.384185791015625e-07, 5.960464477539063e-08, 4.470348358154297e-07, 1, -4.376486728574491e-09, 7.450582373280668e-09, -1.0477378964424133e-08, 0.9999828338623047, -0.00585487624630332, 7.450580596923828e-09, 0.005854910239577293, 0.9999829530715942),
            ["LeftHand"] = CFrame.new(1.9371509552001953e-07, 5.960464477539063e-08, 4.6193599700927734e-07, 0.6733962297439575, 0.6863182783126831, 0.27478083968162537, -0.6880744099617004, 0.7177760004997253, -0.10654356330633163, -0.27035385370254517, -0.11732396483421326, 0.955585777759552),
            ["LeftFoot"] = CFrame.new(3.725290298461914e-08, -5.960464477539063e-08, -2.421438694000244e-08, 0.9630025625228882, -0.24854734539985657, -0.10416531562805176, 0.1528368890285492, 0.8220518827438354, -0.5485179424285889, 0.2219616323709488, 0.5123037695884705, 0.8296250104904175),
            ["LowerTorso"] = CFrame.new(0.1875879019498825, -0.8367629051208496, -0.3806058466434479, 0.9116961359977722, 0.011751136742532253, -0.4106971025466919, -0.168259859085083, 0.922603964805603, -0.34711775183677673, 0.3748316764831543, 0.3855697810649872, 0.8431116938591003),
            ["RightLowerLeg"] = CFrame.new(-2.384185791015625e-07, -0.0001226663589477539, -0.00007742473826510832, 1, -1.3038511781360285e-07, -3.5017748700738593e-07, 1.49011640360186e-07, -0.31817349791526794, 0.948032557964325, -1.7881397695873602e-07, -0.9480324983596802, -0.31817349791526794),
            ["LeftUpperLeg"] = CFrame.new(0, 1.1338852345943451e-07, 1.7136335372924805e-07, 0.9924140572547913, 0.0532074049115181, -0.11083044111728668, -0.11574903130531311, 0.7081863880157471, -0.6964727640151978, 0.041431184858083725, 0.7040178179740906, 0.7089728116989136),
            ["LeftLowerLeg"] = CFrame.new(1.043081283569336e-07, 0.0001227259635925293, 0.00007744133472442627, 1, 5.960463766996327e-08, 1.0430811414607888e-07, -2.980232594040899e-08, -0.3921660780906677, 0.9198943972587585, 1.266598843585598e-07, -0.9198944568634033, -0.3921661972999573),
        }},
        {Time = 0.200, Data = {
            ["RightFoot"] = CFrame.new(2.60770320892334e-08, 1.7881393432617188e-07, 4.639878170564771e-08, 0.8365713357925415, 0.5250566601753235, -0.15641014277935028, -0.46076035499572754, 0.5198385119438171, -0.7193524241447449, -0.2963923513889313, 0.6738571524620056, 0.676807165145874),
            ["LeftLowerArm"] = CFrame.new(0, 1.1920928955078125e-07, 9.275390766561031e-08, 1, 2.2351747119842003e-08, 2.4214383387288763e-08, -4.0978189730367376e-08, 0.9999853372573853, -0.00542176840826869, 8.940695295223122e-08, 0.005421770270913839, 0.9999853372573853),
            ["RightUpperArm"] = CFrame.new(1.1920928955078125e-07, -1.1920928955078125e-07, -1.7136335372924805e-07, 0.04419567808508873, -0.591620922088623, 0.8050039410591125, 0.3440156877040863, -0.7474969625473022, -0.5682443380355835, 0.93792325258255, 0.30204805731773376, 0.17049098014831543),
            ["Head"] = CFrame.new(-5.4016709327697754e-08, -1.1920928955078125e-07, -3.725290298461914e-08, 0.9412305951118469, 0.27500081062316895, -0.1961110532283783, -0.33728083968162537, 0.7341638803482056, -0.5892750024795532, -0.018073469400405884, 0.6207881569862366, 0.7837700843811035),
            ["RightHand"] = CFrame.new(0, 1.1920928955078125e-07, -2.384185791015625e-07, 0.6767212152481079, -0.6532187461853027, -0.3396376073360443, 0.6523993611335754, 0.7458347678184509, -0.13455729186534882, 0.34120869636535645, -0.13052156567573547, 0.930881679058075),
            ["UpperTorso"] = CFrame.new(0, -5.960464477539063e-08, 2.9802322387695312e-08, 0.9907941818237305, 0.13494668900966644, -0.01079027820378542, -0.12654270231723785, 0.9515108466148376, 0.2803821563720703, 0.048103660345077515, -0.276435524225235, 0.9598278403282166),
            ["HumanoidRootPart"] = CFrame.new(0, 0, 0, 1, 0, 0, 0, 1, 0, 0, 0, 1),
            ["RightUpperLeg"] = CFrame.new(0, 5.587935447692871e-08, 8.77116690389812e-08, 0.6228098273277283, -0.5031297206878662, 0.5991401076316833, 0.7576388716697693, 0.5788901448249817, -0.30144569277763367, -0.19517017900943756, 0.6416748762130737, 0.7417288422584534),
            ["LeftUpperArm"] = CFrame.new(0, 2.384185791015625e-07, -7.450580596923828e-08, -0.23546722531318665, 0.9717862010002136, 0.013666791841387749, -0.516776978969574, -0.11328290402889252, -0.8485921025276184, -0.8231018781661987, -0.2068781703710556, 0.5288712382316589),
            ["RightLowerArm"] = CFrame.new(0, -3.5762786865234375e-07, -1.4901161193847656e-07, 1, -7.450578820566989e-09, -2.2351731132630448e-08, -1.1175868230850483e-08, 0.9999828338623047, -0.005871505476534367, 0, 0.0058714584447443485, 0.9999827742576599),
            ["LeftHand"] = CFrame.new(-1.341104507446289e-07, 2.980232238769531e-07, 5.587935447692871e-08, 0.6598148345947266, 0.6786578297615051, 0.32259610295295715, -0.6832199692726135, 0.7205449938774109, -0.11842954903841019, -0.3128179609775543, -0.14226266741752625, 0.9390987157821655),
            ["LeftFoot"] = CFrame.new(3.725290298461914e-08, 5.960464477539063e-08, -6.705522537231445e-08, 0.9563887119293213, -0.2589554190635681, -0.13513995707035065, 0.1707596629858017, 0.8710291385650635, -0.4605970084667206, 0.23698481917381287, 0.41743311285972595, 0.8772615194320679),
            ["LowerTorso"] = CFrame.new(0.16834062337875366, -0.7756505012512207, -0.3572852909564972, 0.9053009748458862, 0.07963817566633224, -0.4172384440898895, -0.2187318354845047, 0.9294260144233704, -0.2971930205821991, 0.3641243577003479, 0.36031246185302734, 0.85882967710495),
            ["RightLowerLeg"] = CFrame.new(1.1920928955078125e-07, -0.00012242794036865234, -0.00007748434290988371, 1, -1.4528632164001465e-07, -3.5017740174225764e-07, 1.043081283569336e-07, -0.27574342489242554, 0.9612312912940979, -2.5331974029541016e-07, -0.9612313508987427, -0.27574363350868225),
            ["LeftUpperLeg"] = CFrame.new(-1.1920928955078125e-07, 5.774199962615967e-08, 1.341104507446289e-07, 0.9984169006347656, 0.038729920983314514, -0.040789127349853516, -0.05623558163642883, 0.7021411061286926, -0.7098137736320496, 0.001148544019088149, 0.7109836935997009, 0.7032073736190796),
            ["LeftLowerLeg"] = CFrame.new(1.4901161193847656e-08, 0.0001227259635925293, 0.00007769092917442322, 1, 2.9802315282267955e-08, 1.4901158351676713e-07, -4.4703490686970326e-08, -0.273770272731781, 0.9617950916290283, 1.1920930376163597e-07, -0.9617950916290283, -0.27377021312713623),
        }},
        {Time = 0.233, Data = {
            ["RightFoot"] = CFrame.new(3.725290298461914e-08, 4.172325134277344e-07, 5.3849362302571535e-08, 0.8407379388809204, 0.5020712614059448, -0.2026938945055008, -0.4857833683490753, 0.5341372489929199, -0.6918897032737732, -0.23911166191101074, 0.6801630854606628, 0.6929675340652466),
            ["LeftLowerArm"] = CFrame.new(2.9802322387695312e-08, 1.7881393432617188e-07, 2.0675361156463623e-07, 1, -3.725291186640334e-09, 5.5879340266073996e-08, -2.980232594040899e-08, 0.9999853372573853, -0.00542604411020875, -5.2154071283894154e-08, 0.005426020827144384, 0.9999853372573853),
            ["RightUpperArm"] = CFrame.new(-1.1920928955078125e-07, -1.1920928955078125e-07, -4.470348358154297e-08, 0.03222819045186043, -0.6054883599281311, 0.7952013611793518, 0.29937002062797546, -0.7532386779785156, -0.5856699347496033, 0.9535927176475525, 0.25693443417549133, 0.15698936581611633),
            ["Head"] = CFrame.new(-1.9185245037078857e-07, 2.384185791015625e-07, -3.3527612686157227e-08, 0.9775587320327759, 0.12547612190246582, -0.169218510389328, -0.20517276227474213, 0.7492808699607849, -0.6296685338020325, 0.047783877700567245, 0.6502569317817688, 0.7582102417945862),
            ["RightHand"] = CFrame.new(0, 2.384185791015625e-07, -2.086162567138672e-07, 0.6730141639709473, -0.6612738370895386, -0.3313142657279968, 0.6636838912963867, 0.7376459240913391, -0.12410350888967514, 0.3264591693878174, -0.13636475801467896, 0.9353231191635132),
            ["UpperTorso"] = CFrame.new(-9.685754776000977e-08, 1.1920928955078125e-07, 8.195638656616211e-08, 0.9942595958709717, 0.10674284398555756, -0.0073439269326627254, -0.10113996267318726, 0.9600277543067932, 0.26099327206611633, 0.03490954637527466, -0.2587522864341736, 0.9653127789497375),
            ["HumanoidRootPart"] = CFrame.new(0, 0, 0, 1, 0, 0, 0, 1, 0, 0, 0, 1),
            ["RightUpperLeg"] = CFrame.new(-8.940696716308594e-08, -2.2351741790771484e-08, 1.1751399142667651e-07, 0.5962297916412354, -0.5057960748672485, 0.6234424114227295, 0.7705866694450378, 0.5783829092979431, -0.26771149039268494, -0.2251807153224945, 0.640034019947052, 0.7346088886260986),
            ["LeftUpperArm"] = CFrame.new(-2.384185791015625e-07, 0, -2.2351741790771484e-08, -0.206944540143013, 0.9765926003456116, 0.05866018682718277, -0.509080171585083, -0.05628713220357895, -0.8588767647743225, -0.8354707360267639, -0.20760254561901093, 0.5088121294975281),
            ["RightLowerArm"] = CFrame.new(-1.4901161193847656e-07, -5.960464477539063e-08, 2.9802322387695312e-08, 1, -7.450578820566989e-09, -3.7252917195473856e-08, 1.4901161193847656e-08, 0.9999872446060181, -0.005047261714935303, -2.9802322387695312e-08, 0.005047211889177561, 0.9999873042106628),
            ["LeftHand"] = CFrame.new(1.1175870895385742e-08, 4.172325134277344e-07, 3.3527612686157227e-08, 0.6603105664253235, 0.6740571856498718, 0.3311152756214142, -0.6778469085693359, 0.7247387766838074, -0.12360036373138428, -0.32328560948371887, -0.14283066987991333, 0.9354602098464966),
            ["LeftFoot"] = CFrame.new(-5.960464477539063e-08, -5.960464477539063e-08, 8.195638656616211e-08, 0.9365485310554504, -0.33893656730651855, -0.08943753689527512, 0.27472519874572754, 0.8681749105453491, -0.41327768564224243, 0.21772220730781555, 0.3624836802482605, 0.9062022566795349),
            ["LowerTorso"] = CFrame.new(0.1527571976184845, -0.7148592472076416, -0.3400544822216034, 0.8986451029777527, 0.13585801422595978, -0.4171086549758911, -0.26754143834114075, 0.9232646822929382, -0.27568814158439636, 0.3476472496986389, 0.3593396246433258, 0.8660349249839783),
            ["RightLowerLeg"] = CFrame.new(1.4901161193847656e-08, -0.00012242794036865234, -0.00007748434290988371, 1, -1.8998971995642933e-07, -1.7136336794010276e-07, 1.1920928955078125e-07, -0.23250743746757507, 0.9725946187973022, -1.9371509552001953e-07, -0.9725946187973022, -0.2325076162815094),
            ["LeftUpperLeg"] = CFrame.new(-5.960464477539063e-08, 1.7508864402770996e-07, 1.043081283569336e-07, 0.999432384967804, 0.026796748861670494, 0.020416537299752235, -0.0062278867699205875, 0.7425627112388611, -0.669747531414032, -0.033107735216617584, 0.6692402958869934, 0.7423081398010254),
            ["LeftLowerLeg"] = CFrame.new(8.940696716308594e-08, 0.0001227855682373047, 0.00007736682891845703, 1, 5.960464477539063e-08, 5.21540641784668e-08, -1.4901164746561335e-08, -0.14816974103450775, 0.9889619946479797, 1.49011640360186e-07, -0.9889619946479797, -0.14816997945308685),
        }},
        {Time = 0.267, Data = {
            ["RightFoot"] = CFrame.new(-1.341104507446289e-07, 4.172325134277344e-07, 9.145878721028566e-09, 0.8510028719902039, 0.46972692012786865, -0.23484234511852264, -0.49014464020729065, 0.549864649772644, -0.6763185262680054, -0.1885535717010498, 0.6906558275222778, 0.6981708407402039),
            ["LeftLowerArm"] = CFrame.new(-1.1920928955078125e-07, -2.980232238769531e-07, -2.0489096641540527e-07, 1, -1.6763804566721774e-08, -5.587935447692871e-08, -1.862644971595273e-08, 0.99998539686203, -0.005415778607130051, -4.656612428988183e-09, 0.0054158600978553295, 0.99998539686203),
            ["RightUpperArm"] = CFrame.new(-5.960464477539063e-08, 0, -7.450580596923828e-09, 0.042155466973781586, -0.6070622205734253, 0.7935354709625244, 0.27100858092308044, -0.7575168013572693, -0.5939045548439026, 0.961653470993042, 0.2400912642478943, 0.1325855851173401),
            ["Head"] = CFrame.new(3.3527612686157227e-08, -1.1920928955078125e-07, 1.4901161193847656e-08, 0.99550861120224, -0.023545384407043457, -0.0916970819234848, -0.03995708003640175, 0.773586630821228, -0.6324295997619629, 0.08582647889852524, 0.6332530379295349, 0.7691712975502014),
            ["RightHand"] = CFrame.new(0, -3.5762786865234375e-07, -2.9802322387695312e-08, 0.6736528277397156, -0.6596952080726624, -0.333158016204834, 0.6698258519172668, 0.7354856133460999, -0.10195226222276688, 0.31229016184806824, -0.15447735786437988, 0.9373428225517273),
            ["UpperTorso"] = CFrame.new(2.60770320892334e-08, -2.9802322387695312e-08, -6.705522537231445e-08, 0.9970526695251465, 0.07640749216079712, -0.006928004324436188, -0.07230961322784424, 0.9660627841949463, 0.24798019230365753, 0.025640424340963364, -0.24674835801124573, 0.9687403440475464),
            ["HumanoidRootPart"] = CFrame.new(0, 0, 0, 1, 0, 0, 0, 1, 0, 0, 0, 1),
            ["RightUpperLeg"] = CFrame.new(-2.9802322387695312e-08, 2.1606683731079102e-07, -9.110226528719068e-08, 0.569153904914856, -0.5157837271690369, 0.6403365731239319, 0.7802973389625549, 0.5843508839607239, -0.2228684425354004, -0.25922954082489014, 0.6264992356300354, 0.7350503206253052),
            ["LeftUpperArm"] = CFrame.new(-1.1920928955078125e-07, -1.1920928955078125e-07, -3.725290298461914e-08, -0.1874806433916092, 0.9790603518486023, 0.07932163029909134, -0.508048951625824, -0.0275389663875103, -0.860887885093689, -0.8406766653060913, -0.2016991674900055, 0.502573549747467),
            ["RightLowerArm"] = CFrame.new(-2.9802322387695312e-08, 2.980232238769531e-07, 8.940696716308594e-08, 1, 2.980232949312267e-08, 2.2351731132630448e-08, -3.725290653733282e-08, 0.9999870657920837, -0.005086225923150778, -4.4703490686970326e-08, 0.005086082499474287, 0.9999871253967285),
            ["LeftHand"] = CFrame.new(-9.220093488693237e-08, 5.960464477539063e-08, 2.39349901676178e-07, 0.6635136008262634, 0.68088698387146, 0.31006962060928345, -0.6822414994239807, 0.7207443714141846, -0.12277548760175705, -0.30707699060440063, -0.13007915019989014, 0.9427528977394104),
            ["LeftFoot"] = CFrame.new(-7.450580596923828e-08, 5.960464477539063e-08, 5.774199962615967e-08, 0.9568907022476196, -0.29043635725975037, -0.002678759628906846, 0.25948503613471985, 0.8589878678321838, -0.441369891166687, 0.13049070537090302, 0.42164745926856995, 0.897321343421936),
            ["LowerTorso"] = CFrame.new(0.14270979166030884, -0.6686655282974243, -0.3325711488723755, 0.8918947577476501, 0.1757676899433136, -0.4166888892650604, -0.30931419134140015, 0.909257709980011, -0.27852320671081543, 0.32992225885391235, 0.3773011267185211, 0.8653295636177063),
            ["RightLowerLeg"] = CFrame.new(4.470348358154297e-08, -0.00012230873107910156, -0.00007743963942630216, 1, -1.1920923270736239e-07, -1.937151665742931e-07, 2.086162567138672e-07, -0.211931511759758, 0.9772845506668091, -1.1920928955078125e-07, -0.9772844910621643, -0.2119315266609192),
