return {
    ["Larger Than Life"] = {
        {Time = 0.000, Data = {
            ["RightFoot"] = CFrame.new(3.073364496231079e-08, 2.980232238769531e-07, -9.426366887055337e-08, 0.9995200634002686, 0.03002106212079525, -0.007642393931746483, -0.030130349099636078, 0.8847762942314148, -0.4650406241416931, -0.007199282292276621, 0.4650481641292572, 0.8852563500404358),
            ["LeftLowerArm"] = CFrame.new(-4.172325134277344e-07, 0, 8.940696716308594e-08, 1, -1.415611023958263e-07, 2.1886078727106906e-08, 1.5273684539351962e-07, 0.981872022151947, -0.18954524397850037, 3.7252888773764425e-08, 0.18954548239707947, 0.9818720817565918),
            ["RightUpperArm"] = CFrame.new(-0.003957211971282959, 0.019594430923461914, 0.03200945258140564, 0.7777566313743591, -0.3665531277656555, 0.510620653629303, 0.2459286004304886, 0.9250548481941223, 0.2894696295261383, -0.5784580707550049, -0.09956088662147522, 0.8096134662628174),
            ["Head"] = CFrame.new(-7.450580596923828e-09, 1.1920928955078125e-07, 2.0489096641540527e-08, 0.9959164261817932, -0.016999389976263046, 0.08866565674543381, 0.024233417585492134, 0.9964064359664917, -0.08116018772125244, -0.0869673565030098, 0.08297744393348694, 0.9927495121955872),
            ["RightHand"] = CFrame.new(-5.960464477539063e-08, 2.384185791015625e-07, 1.1920928955078125e-07, 0.7277806401252747, 0.04341115057468414, -0.684434711933136, 0.02991335839033127, 0.9950355291366577, 0.09491902589797974, 0.6851574778556824, -0.08955415338277817, 0.7228689193725586),
            ["UpperTorso"] = CFrame.new(1.862645149230957e-08, 1.7881393432617188e-07, -1.0244548320770264e-08, 0.9744303226470947, -0.017404839396476746, -0.2240149825811386, 0.03029903769493103, 0.9980674982070923, 0.05425140634179115, 0.22263789176940918, -0.05965161323547363, 0.9730746150016785),
            ["HumanoidRootPart"] = CFrame.new(0, 0, 0, 1, 0, 0, 0, 1, 0, 0, 0, 1),
            ["RightUpperLeg"] = CFrame.new(-5.960464477539063e-08, 2.1886080503463745e-07, 2.8743670554831624e-08, 0.9752559661865234, -0.2046303004026413, -0.0836794450879097, 0.08112402260303497, 0.6833422780036926, -0.7255773544311523, 0.20565688610076904, 0.7008350491523743, 0.6830339431762695),
            ["LeftUpperArm"] = CFrame.new(0.008961021900177002, 0.018594980239868164, 0.032061927020549774, 0.882418155670166, 0.2804388403892517, -0.37774643301963806, -0.19453532993793488, 0.9485611319541931, 0.24977579712867737, 0.4283623993396759, -0.14692169427871704, 0.8915826678276062),
            ["RightLowerArm"] = CFrame.new(-4.470348358154297e-07, 3.5762786865234375e-07, 1.4901161193847656e-07, 1, -1.4901168299275014e-07, -6.612395964111784e-08, 1.1920930376163597e-07, 0.9615465402603149, -0.27464213967323303, -7.450581307466564e-08, 0.27464231848716736, 0.9615465402603149),
            ["LeftHand"] = CFrame.new(2.845190465450287e-07, 0, 2.7939677238464355e-09, 0.44754642248153687, -0.10603885352611542, 0.8879514336585999, -0.05549001321196556, 0.9877383708953857, 0.14592422544956207, -0.8925374746322632, -0.11458053439855576, 0.4361746311187744),
            ["LeftFoot"] = CFrame.new(9.96515154838562e-08, -5.960464477539063e-08, 4.245748641551472e-09, 0.9979966282844543, -0.061623990535736084, 0.014332570135593414, 0.057161249220371246, 0.7811132073402405, -0.6217674612998962, 0.027120377868413925, 0.6213410496711731, 0.7830708026885986),
            ["LowerTorso"] = CFrame.new(-0.11726873368024826, -0.2553504705429077, 0.2057143747806549, 0.9889476299285889, 0.048419758677482605, 0.1401362121105194, -0.03205343335866928, 0.9926411509513855, -0.1167740672826767, -0.1447591483592987, 0.11099158972501755, 0.9832221269607544),
            ["RightLowerLeg"] = CFrame.new(-2.60770320892334e-08, 0, -7.714697858318686e-08, 1, -5.089678438707779e-07, -5.844050292580505e-07, 6.947666975065658e-07, 0.5210422277450562, 0.853530764579773, -6.146729703004894e-08, -0.8535309433937073, 0.5210425853729248),
            ["LeftUpperLeg"] = CFrame.new(2.9802322387695312e-08, 4.842877388000488e-08, 0, 0.9971153736114502, 0.00800729263573885, -0.07547827064990997, -0.021321704611182213, 0.9839275479316711, -0.17729069292545319, 0.07284538447856903, 0.1783885508775711, 0.9812600016593933),
            ["LeftLowerLeg"] = CFrame.new(-1.0710209608078003e-07, 5.960464477539063e-08, -1.7953340147869312e-08, 1, -2.816087203427742e-07, -3.7252908668961027e-07, 6.072224891795486e-07, 0.5695548057556152, 0.8219531774520874, 4.4703494239684005e-08, -0.8219533562660217, 0.5695552229881287),
        }},
        {Time = 0.033, Data = {
            ["RightFoot"] = CFrame.new(-2.9802322387695312e-08, 3.5762786865234375e-07, -1.7895217752084136e-08, 0.9994989037513733, 0.031068287789821625, -0.006066171918064356, -0.03087596595287323, 0.9145762920379639, -0.4032329022884369, -0.006979894824326038, 0.4032183289527893, 0.9150773882865906),
            ["LeftLowerArm"] = CFrame.new(2.384185791015625e-07, 1.1920928955078125e-07, -5.21540641784668e-08, 1, -4.097820394122209e-08, 5.215402865133001e-08, 1.2665985593685036e-07, 0.9917354583740234, -0.12829889357089996, 7.450579886381092e-08, 0.12829965353012085, 0.991735577583313),
            ["RightUpperArm"] = CFrame.new(-0.0039542317390441895, 0.015941262245178223, 0.04021793603897095, 0.7980583906173706, -0.3387940227985382, 0.49831876158714294, 0.23785483837127686, 0.9369370341300964, 0.25607407093048096, -0.5536495447158813, -0.08583486825227737, 0.8283141851425171),
            ["Head"] = CFrame.new(1.6763806343078613e-08, 2.384185791015625e-07, -2.2351741790771484e-08, 0.9965649247169495, -0.01848601922392845, 0.08072546869516373, 0.02107786387205124, 0.9992855191230774, -0.03137340396642685, -0.0800878033041954, 0.03296714648604393, 0.9962425231933594),
            ["RightHand"] = CFrame.new(3.725290298461914e-09, 1.1920928955078125e-07, 1.341104507446289e-07, 0.7116556167602539, 0.04569582641124725, -0.7010413408279419, 0.05356209725141525, 0.991448700428009, 0.11899859458208084, 0.7004837393760681, -0.12223528325557709, 0.7031220197677612),
            ["UpperTorso"] = CFrame.new(-2.2351741790771484e-08, 5.364418029785156e-07, -8.381903171539307e-09, 0.9783380031585693, -0.015222390182316303, -0.20645363628864288, 0.04146173968911171, 0.9914939403533936, 0.12337259948253632, 0.20281949639320374, -0.12925998866558075, 0.9706472754478455),
            ["HumanoidRootPart"] = CFrame.new(0, 0, 0, 1, 0, 0, 0, 1, 0, 0, 0, 1),
            ["RightUpperLeg"] = CFrame.new(-5.960464477539063e-08, 2.7567148208618164e-07, 3.9919541450217366e-08, 0.9776842594146729, -0.19696144759655, -0.07307340204715729, 0.08888760954141617, 0.7030063271522522, -0.7056071758270264, 0.1903485357761383, 0.6833655834197998, 0.7048254013061523),
            ["LeftUpperArm"] = CFrame.new(0.008964359760284424, 0.01493978500366211, 0.040289729833602905, 0.8854252099990845, 0.2659061849117279, -0.38120371103286743, -0.1924603432416916, 0.9563160538673401, 0.22004230320453644, 0.42306166887283325, -0.1214645504951477, 0.897922694683075),
            ["RightLowerArm"] = CFrame.new(-1.1920928955078125e-07, 5.960464477539063e-08, -1.6391277313232422e-07, 1, -1.86264600188224e-07, -2.980232594040899e-08, 1.192093321833454e-07, 0.9730277061462402, -0.23068773746490479, -1.192093321833454e-07, 0.23068831861019135, 0.9730278253555298),
            ["LeftHand"] = CFrame.new(6.798654794692993e-08, -2.384185791015625e-07, 9.313225746154785e-09, 0.44252678751945496, -0.08683609962463379, 0.8925414085388184, -0.10837552696466446, 0.9828266501426697, 0.1493537425994873, -0.8901825547218323, -0.16282285749912262, 0.4255155324935913),
            ["LeftFoot"] = CFrame.new(-3.91155481338501e-08, 5.960464477539063e-08, -3.300715434306767e-08, 0.9978904724121094, -0.062189314514398575, 0.018632693216204643, 0.05901915580034256, 0.7494503855705261, -0.659424901008606, 0.02704482153058052, 0.6591333746910095, 0.7515395283699036),
            ["LowerTorso"] = CFrame.new(-0.11858916282653809, -0.2825127840042114, 0.17375580966472626, 0.9905293583869934, 0.05101529881358147, 0.127472385764122, -0.02923891693353653, 0.9854898452758789, -0.16719742119312286, -0.1341523677110672, 0.1618867814540863, 0.977648138999939),
            ["RightLowerLeg"] = CFrame.new(5.21540641784668e-08, -1.1920928955078125e-07, 1.0725489119067788e-07, 1, -3.753230544134567e-07, -5.736947628065536e-07, 6.817281814619491e-07, 0.4893690049648285, 0.8720765113830566, -1.303851746570217e-07, -0.8720768690109253, 0.48936954140663147),
            ["LeftUpperLeg"] = CFrame.new(-1.1920928955078125e-07, 1.0803341865539551e-07, 0, 0.9974372386932373, 0.013337411917746067, -0.07029390335083008, -0.021958395838737488, 0.9921221137046814, -0.12333598732948303, 0.06809516996145248, 0.12456344813108444, 0.9898722171783447),
            ["LeftLowerLeg"] = CFrame.new(9.476207196712494e-08, -1.1920928955078125e-07, 9.055014515979565e-09, 1, -1.6618288611880416e-07, -4.5821070671081543e-07, 5.401670364335587e-07, 0.5310562252998352, 0.8473365306854248, 9.126959810146218e-08, -0.8473366498947144, 0.53105628490448),
        }},
        {Time = 0.067, Data = {
            ["RightFoot"] = CFrame.new(-1.3969838619232178e-09, 3.5762786865234375e-07, -5.7010765885934234e-08, 0.9996191263198853, 0.02737697958946228, -0.0035062425304204226, -0.02714933082461357, 0.9524223804473877, -0.30356940627098083, -0.00497137987986207, 0.3035494387149811, 0.9528028964996338),
            ["LeftLowerArm"] = CFrame.new(1.7881393432617188e-07, 1.7881393432617188e-07, 1.5273690223693848e-07, 1, -9.685756197086448e-08, 9.59261896582575e-08, 6.146728281919422e-08, 0.9922889471054077, -0.12394566833972931, 1.0058282384761696e-07, 0.12394607067108154, 0.9922890067100525),
            ["RightUpperArm"] = CFrame.new(-0.004237174987792969, 0.011777997016906738, 0.04662445932626724, 0.8202045559883118, -0.31517088413238525, 0.47742199897766113, 0.23620200157165527, 0.9466683268547058, 0.21915245056152344, -0.5210309028625488, -0.06698209047317505, 0.8509057760238647),
            ["Head"] = CFrame.new(-5.587935447692871e-09, 3.5762786865234375e-07, 2.7939677238464355e-09, 0.9979638457298279, -0.016555089503526688, 0.061597470194101334, 0.016186632215976715, 0.9998480677604675, 0.006476086098700762, -0.06169530376791954, -0.0054658399894833565, 0.9980800747871399),
            ["RightHand"] = CFrame.new(-4.470348358154297e-08, 5.960464477539063e-08, 5.587935447692871e-09, 0.7017303109169006, 0.0057219830341637135, -0.7124198079109192, 0.10001318156719208, 0.9892746210098267, 0.10645812749862671, 0.7053878307342529, -0.14595602452754974, 0.6936315298080444),
            ["UpperTorso"] = CFrame.new(3.3527612686157227e-08, 0, -2.60770320892334e-08, 0.9865726232528687, -0.015365244820713997, -0.16259890794754028, 0.04522062838077545, 0.9823417663574219, 0.18154822289943695, 0.1569381058216095, -0.18646329641342163, 0.9698463678359985),
            ["HumanoidRootPart"] = CFrame.new(0, 0, 0, 1, 0, 0, 0, 1, 0, 0, 0, 1),
            ["RightUpperLeg"] = CFrame.new(1.1920928955078125e-07, 1.8440186977386475e-07, 2.6666384655982256e-09, 0.9831454157829285, -0.17283950746059418, -0.059595637023448944, 0.08464325964450836, 0.7192395329475403, -0.6895869374275208, 0.16205136477947235, 0.672919750213623, 0.7217467427253723),
            ["LeftUpperArm"] = CFrame.new(0.008680224418640137, 0.010889053344726562, 0.04670155420899391, 0.878071129322052, 0.2685889005661011, -0.3960441052913666, -0.2063354253768921, 0.9592439532279968, 0.19307191669940948, 0.43176013231277466, -0.08781298249959946, 0.8977038860321045),
            ["RightLowerArm"] = CFrame.new(-1.1920928955078125e-07, -2.384185791015625e-07, -5.960464477539063e-08, 1, -8.195643630415361e-08, 5.5064454329567525e-08, 2.6077040971017595e-08, 0.9787627458572388, -0.2049962282180786, -2.2351748896198842e-08, 0.2049965262413025, 0.9787628054618835),
            ["LeftHand"] = CFrame.new(2.6600901037454605e-07, 0, -2.2817403078079224e-08, 0.40732714533805847, -0.06815756112337112, 0.9107356071472168, -0.13409832119941711, 0.9819396138191223, 0.13346239924430847, -0.9033837914466858, -0.17649118602275848, 0.39083054661750793),
            ["LeftFoot"] = CFrame.new(1.0989606380462646e-07, -1.1920928955078125e-07, -2.555657374614384e-08, 0.9976230263710022, -0.06500345468521118, 0.02286524884402752, 0.06287221610546112, 0.722865879535675, -0.6881221532821655, 0.028201783075928688, 0.6879240274429321, 0.7252344489097595),
            ["LowerTorso"] = CFrame.new(-0.11521231383085251, -0.3021329641342163, 0.14650042355060577, 0.9937587380409241, 0.04753204435110092, 0.10091733932495117, -0.026838794350624084, 0.9799794554710388, -0.197281613945961, -0.10827411711215973, 0.19334182143211365, 0.9751388430595398),
            ["RightLowerLeg"] = CFrame.new(-5.029141902923584e-08, -1.1920928955078125e-07, -1.190564944408834e-07, 1, -3.0547380447387695e-07, -6.649643751188705e-07, 7.720665848864883e-07, 0.49038246273994446, 0.8715070486068726, -8.009376273321323e-08, -0.8715073466300964, 0.49038296937942505),
            ["LeftUpperLeg"] = CFrame.new(5.960464477539063e-08, -2.421438694000244e-08, 1.1175870895385742e-08, 0.9983989596366882, 0.025498414412140846, -0.05049152672290802, -0.029240060597658157, 0.99676913022995, -0.074808768928051, 0.04842088371515274, 0.07616541534662247, 0.9959188103675842),
            ["LeftLowerLeg"] = CFrame.new(-3.934837877750397e-08, -5.960464477539063e-08, -1.2365404700176441e-08, 1, -1.6868581553808326e-07, -4.172325134277344e-07, 4.973265390617598e-07, 0.5122299790382385, 0.8588484525680542, -2.793969322567591e-08, -0.8588483929634094, 0.5122299194335938),
        }},
        {Time = 0.100, Data = {
            ["RightFoot"] = CFrame.new(6.984919309616089e-09, 3.5762786865234375e-07, 5.6610588217154145e-08, 0.9998068809509277, 0.019618617370724678, -0.0011649166699498892, -0.019458014518022537, 0.9797906875610352, -0.19907698035240173, -0.002764359349384904, 0.19906120002269745, 0.9799832701683044),
            ["LeftLowerArm"] = CFrame.new(-1.1920928955078125e-07, 4.76837158203125e-07, -5.820766091346741e-08, 1, -1.862645326866641e-08, 2.430752203963493e-07, 1.5832476663035777e-07, 0.9911943078041077, -0.13241468369960785, 2.0116557664096035e-07, 0.13241569697856903, 0.991194486618042),
            ["RightUpperArm"] = CFrame.new(-0.004754066467285156, 0.010104060173034668, 0.04989361763000488, 0.8476405739784241, -0.28877463936805725, 0.44510093331336975, 0.237186461687088, 0.9566563367843628, 0.16897132992744446, -0.47460314631462097, -0.037655267864465714, 0.8793941140174866),
            ["Head"] = CFrame.new(1.257285475730896e-08, -1.1920928955078125e-07, 9.080395102500916e-09, 0.9991570711135864, -0.012038320302963257, 0.03924546763300896, 0.011073240078985691, 0.999633252620697, 0.024715563282370567, -0.03952862322330475, -0.024260221049189568, 0.9989238977432251),
            ["RightHand"] = CFrame.new(5.069887265563011e-08, -2.384185791015625e-07, 1.2601958587765694e-07, 0.6878453493118286, -0.050798449665308, -0.7240777015686035, 0.15765957534313202, 0.9841886162757874, 0.08072417229413986, 0.7085282802581787, -0.16968365013599396, 0.6849782466888428),
            ["UpperTorso"] = CFrame.new(5.587935447692871e-09, -2.384185791015625e-07, 2.1420419216156006e-08, 0.9937143325805664, -0.017288748174905777, -0.11060257256031036, 0.039481621235609055, 0.978641152381897, 0.2017490565776825, 0.10475223511457443, -0.204847514629364, 0.9731724262237549),
            ["HumanoidRootPart"] = CFrame.new(0, 0, 0, 1, 0, 0, 0, 1, 0, 0, 0, 1),
            ["RightUpperLeg"] = CFrame.new(5.960464477539063e-08, -2.0675361156463623e-07, 6.04086380917579e-08, 0.9886279702186584, -0.14275330305099487, -0.04728947579860687, 0.06864606589078903, 0.7081804871559143, -0.7026864290237427, 0.13380032777786255, 0.6914491057395935, 0.7099263668060303),
            ["LeftUpperArm"] = CFrame.new(0.008161306381225586, 0.009421348571777344, 0.049958113580942154, 0.8694241046905518, 0.2719084322452545, -0.4125138521194458, -0.22286613285541534, 0.9610018730163574, 0.16372601687908173, 0.44094496965408325, -0.05041230469942093, 0.8961172103881836),
            ["RightLowerArm"] = CFrame.new(5.960464477539063e-08, 4.172325134277344e-07, 3.725290298461914e-08, 1, -9.68576259197107e-08, -4.516917329056014e-08, 1.4342366227992898e-07, 0.9804734587669373, -0.19665178656578064, -1.2665985593685036e-07, 0.19665201008319855, 0.980473518371582),
            ["LeftHand"] = CFrame.new(5.774199962615967e-08, 2.980232238769531e-07, 2.2351741790771484e-08, 0.3182925581932068, -0.07673677802085876, 0.9448816776275635, -0.1501050442457199, 0.9800648093223572, 0.13015888631343842, -0.9360333681106567, -0.18326100707054138, 0.3004285395145416),
            ["LeftFoot"] = CFrame.new(2.2351741790771484e-08, 0, 4.245748641551472e-09, 0.9971362948417664, -0.07094226032495499, 0.026200799271464348, 0.06837642937898636, 0.6976993083953857, -0.71312016248703, 0.03231018781661987, 0.7128695249557495, 0.7005520462989807),
            ["LowerTorso"] = CFrame.new(-0.1070399284362793, -0.3229614496231079, 0.13241587579250336, 0.9966551065444946, 0.038684770464897156, 0.07198809832334518, -0.024431327357888222, 0.9816235899925232, -0.18925732374191284, -0.07798659056425095, 0.18686549365520477, 0.9792851805686951),
            ["RightLowerLeg"] = CFrame.new(-4.842877388000488e-08, -5.960464477539063e-08, 7.652124622836709e-08, 1, -2.859160304069519e-07, -6.27362453542446e-07, 8.707870051694044e-07, 0.4996257722377777, 0.8662412762641907, -1.1175876579727628e-07, -0.866241455078125, 0.499626100063324),
            ["LeftUpperLeg"] = CFrame.new(0, -3.166496753692627e-07, 5.960464477539063e-08, 0.998807966709137, 0.04106587916612625, -0.0263846255838871, -0.04293801262974739, 0.996272623538971, -0.07481551915407181, 0.023213932290673256, 0.07585916668176651, 0.9968483448028564),
            ["LeftLowerLeg"] = CFrame.new(5.587935447692871e-09, 5.960464477539063e-08, -3.099185619248601e-08, 1, -1.9092115621788253e-07, -4.731119815915008e-07, 5.029141334489395e-07, 0.48768603801727295, 0.8730190992355347, -7.450579886381092e-08, -0.8730192184448242, 0.4876861572265625),
        }},
        {Time = 0.133, Data = {
            ["RightFoot"] = CFrame.new(4.6566128730773926e-09, 2.384185791015625e-07, 3.612149157561362e-08, 0.9999241232872009, 0.01228945143520832, -0.0008956451783888042, -0.012294729240238667, 0.9902228713035583, -0.13895146548748016, -0.0008206040365621448, 0.13895227015018463, 0.990298867225647),
            ["LeftLowerArm"] = CFrame.new(2.086162567138672e-07, -6.556510925292969e-07, -7.644625506630354e-20, 1, -6.332995639013461e-08, -1.490115231206346e-08, 1.0058283805847168e-07, 0.9869766235351562, -0.16086351871490479, -5.21540641784668e-08, 0.16086402535438538, 0.986976683139801),
            ["RightUpperArm"] = CFrame.new(-0.005138397216796875, 0.00921618938446045, 0.050452351570129395, 0.8795972466468811, -0.2599910795688629, 0.39838847517967224, 0.23851290345191956, 0.9656029939651489, 0.10354917496442795, -0.4116070866584778, 0.003938889596611261, 0.9113529324531555),
            ["Head"] = CFrame.new(4.452886059880257e-09, 1.1920928955078125e-07, 5.820766091346741e-10, 0.9997527003288269, -0.008007834665477276, 0.02074578031897545, 0.007420569658279419, 0.9995739459991455, 0.028231706470251083, -0.020963001996278763, -0.02807082235813141, 0.999386191368103),
            ["RightHand"] = CFrame.new(1.4901161193847656e-08, 0, 7.644625506630354e-20, 0.6762212514877319, -0.0901944637298584, -0.7311563491821289, 0.1994500458240509, 0.9778260588645935, 0.063841313123703, 0.7091858386993408, -0.18900062143802643, 0.679216206073761),
            ["UpperTorso"] = CFrame.new(2.7939677238464355e-08, 1.1920928955078125e-07, 3.259629011154175e-09, 0.9975599050521851, -0.019659653306007385, -0.06699104607105255, 0.033544160425662994, 0.9764900207519531, 0.21293695271015167, 0.06122978404164314, -0.21466439962387085, 0.974766731262207),
            ["HumanoidRootPart"] = CFrame.new(0, 0, 0, 1, 0, 0, 0, 1, 0, 0, 0, 1),
            ["RightUpperLeg"] = CFrame.new(5.960464477539063e-08, 1.6205012798309326e-07, -1.4097167877480388e-08, 0.9924927353858948, -0.11633804440498352, -0.03773150593042374, 0.054014869034290314, 0.6937381029129028, -0.7181990742683411, 0.1097295731306076, 0.7107693552970886, 0.6948139667510986),
            ["LeftUpperArm"] = CFrame.new(0.007775843143463135, 0.008687734603881836, 0.05050305649638176, 0.8688104152679443, 0.26384851336479187, -0.4189898371696472, -0.2360304892063141, 0.964557409286499, 0.11797695606946945, 0.4352678060531616, -0.0036053070798516273, 0.9002938866615295),
            ["RightLowerArm"] = CFrame.new(-5.960464477539063e-08, 2.384185791015625e-07, 1.862645149230957e-09, 1, 2.980233659855003e-08, 1.5832495137146907e-07, 7.35744833946228e-08, 0.9760416746139526, -0.21758294105529785, 7.636845111846924e-08, 0.21758362650871277, 0.9760419130325317),
            ["LeftHand"] = CFrame.new(-4.470348358154297e-08, 1.1920928955078125e-07, -4.284083843231201e-08, 0.2515980899333954, -0.06202332675457001, 0.9658423662185669, -0.16609445214271545, 0.9803720116615295, 0.1062237024307251, -0.9534731507301331, -0.18714699149131775, 0.2363579422235489),
            ["LeftFoot"] = CFrame.new(2.2351741790771484e-08, -5.960464477539063e-08, 7.875155461078975e-08, 0.9964970350265503, -0.078302301466465, 0.029366198927164078, 0.07453519850969315, 0.6723551750183105, -0.7364665865898132, 0.037922509014606476, 0.7360756397247314, 0.6758363246917725),
            ["LowerTorso"] = CFrame.new(-0.0976741760969162, -0.34317266941070557, 0.11307083815336227, 0.9983696341514587, 0.031235894188284874, 0.04777383804321289, -0.02217753231525421, 0.9834944009780884, -0.17957428097724915, -0.05259446054697037, 0.17822200059890747, 0.98258376121521),
            ["RightLowerLeg"] = CFrame.new(1.862645149230957e-08, 5.960464477539063e-08, -1.227817847393453e-07, 1, -3.1292427138396306e-07, -6.507617058559845e-07, 6.877821192574629e-07, 0.4909595251083374, 0.8711823225021362, -6.519261575022028e-08, -0.8711824417114258, 0.49095964431762695),
            ["LeftUpperLeg"] = CFrame.new(0, 8.381903171539307e-08, 2.60770320892334e-08, 0.9983919262886047, 0.05628698319196701, -0.006736028473824263, -0.05662538856267929, 0.9958227276802063, -0.07162903994321823, 0.002676073694601655, 0.07189539819955826, 0.9974086880683899),
            ["LeftLowerLeg"] = CFrame.new(-1.6065314412117004e-07, 0, -3.4717146490947925e-08, 1, -1.7695128917694092e-07, -5.252659889265487e-07, 5.867332788511703e-07, 0.4682896137237549, 0.8835749626159668, 5.401671643312511e-08, -0.8835750818252563, 0.4682898223400116),
        }},
        {Time = 0.167, Data = {
            ["RightFoot"] = CFrame.new(-1.594889909029007e-08, 1.7881393432617188e-07, -1.1314114090055227e-09, 0.9999753832817078, 0.00675692455843091, -0.0019119249191135168, -0.006947395857423544, 0.9915770292282104, -0.12933219969272614, 0.001021942705847323, 0.12934254109859467, 0.9915995001792908),
            ["LeftLowerArm"] = CFrame.new(-2.9802322387695312e-08, 1.1920928955078125e-07, 5.960464477539063e-08, 1, 8.940699558479537e-08, 3.7252888773764425e-08, 1.4668331971279258e-07, 0.9700049757957458, -0.24308475852012634, -3.725290653733282e-08, 0.2430853545665741, 0.9700050354003906),
            ["RightUpperArm"] = CFrame.new(-0.005109012126922607, 0.00865471363067627, 0.051082316786050797, 0.9116808772087097, -0.2332933396100998, 0.3382490277290344, 0.2392408400774002, 0.9706476330757141, 0.024639295414090157, -0.33406880497932434, 0.05845946446061134, 0.9407341480255127),
            ["Head"] = CFrame.new(7.130438461899757e-09, -3.5762786865234375e-07, -1.3969838619232178e-09, 0.9998936057090759, -0.00552722392603755, 0.01350267231464386, 0.005318899173289537, 0.9998670816421509, 0.015416477806866169, -0.013586082495748997, -0.015343251638114452, 0.9997900128364563),
            ["RightHand"] = CFrame.new(-2.086162567138672e-07, 1.1920928955078125e-07, 1.862645149230957e-08, 0.6999428868293762, -0.13406455516815186, -0.7015030980110168, 0.2306772619485855, 0.9720167517662048, 0.044401660561561584, 0.6759201288223267, -0.19289951026439667, 0.711281955242157),
            ["UpperTorso"] = CFrame.new(1.6763806343078613e-08, 2.9802322387695312e-08, -1.3969838619232178e-08, 0.998587965965271, -0.02097313292324543, -0.04880805313587189, 0.031213100999593735, 0.9750901460647583, 0.21960192918777466, 0.042986512184143066, -0.2208150178194046, 0.9743679165840149),
            ["HumanoidRootPart"] = CFrame.new(0, 0, 0, 1, 0, 0, 0, 1, 0, 0, 0, 1),
            ["RightUpperLeg"] = CFrame.new(0, 1.7601996660232544e-07, -9.440555004402995e-09, 0.9941494464874268, -0.10212261229753494, -0.035186223685741425, 0.043650876730680466, 0.677811861038208, -0.7339388132095337, 0.09880129992961884, 0.7281085848808289, 0.6783036589622498),
            ["LeftUpperArm"] = CFrame.new(0.007805466651916504, 0.00811457633972168, 0.05113496631383896, 0.8891865015029907, 0.24655964970588684, -0.3854292333126068, -0.24854585528373718, 0.9675487875938416, 0.04554588347673416, 0.3841513693332672, 0.05529767647385597, 0.9216126203536987),
            ["RightLowerArm"] = CFrame.new(-1.1920928955078125e-07, 5.960464477539063e-08, 1.862645149230957e-08, 1, -1.8626462860993342e-07, -6.705525379402388e-08, 1.650769689831577e-07, 0.9655401706695557, -0.26025390625, -5.5879368687783426e-08, 0.2602541446685791, 0.9655402302742004),
            ["LeftHand"] = CFrame.new(1.564621925354004e-07, -5.960464477539063e-08, -1.4901161193847656e-08, 0.4907793700695038, 0.14362390339374542, 0.8593650460243225, -0.23975570499897003, 0.9705041646957397, -0.02527504600584507, -0.8376472592353821, -0.19363324344158173, 0.5107375979423523),
            ["LeftFoot"] = CFrame.new(7.450580596923828e-09, 1.7881393432617188e-07, 4.245748641551472e-09, 0.9957378506660461, -0.08647644519805908, 0.032064419239759445, 0.08065302670001984, 0.6478028297424316, -0.7575267553329468, 0.04473665729165077, 0.756883978843689, 0.652016282081604),
            ["LowerTorso"] = CFrame.new(-0.08823928236961365, -0.360770583152771, 0.07961710542440414, 0.9989405870437622, 0.026845067739486694, 0.03737781196832657, -0.020219825208187103, 0.9856604933738708, -0.1675250381231308, -0.04133904352784157, 0.16659174859523773, 0.9851590991020203),
            ["RightLowerLeg"] = CFrame.new(-2.468004822731018e-08, 0, -1.3954559108242393e-07, 1, -4.5879284016336896e-07, -5.954061066404392e-07, 6.798654226258805e-07, 0.4585743248462677, 0.8886557817459106, 6.519257311765614e-08, -0.8886561393737793, 0.4585748612880707),
            ["LeftUpperLeg"] = CFrame.new(5.960464477539063e-08, 1.1362135410308838e-07, -1.4901161193847656e-08, 0.997669517993927, 0.06822948157787323, 0.0006296289502643049, -0.06807002425193787, 0.9958897829055786, -0.05974997207522392, -0.004703848622739315, 0.05956793949007988, 0.9982132315635681),
            ["LeftLowerLeg"] = CFrame.new(-1.30385160446167e-08, -2.980232238769531e-07, 1.3711627389056957e-08, 1, -2.3189940634438244e-07, -4.1350730839440075e-07, 5.606562467619369e-07, 0.460848867893219, 0.8874786496162415, 4.6566135836201283e-08, -0.8874787092208862, 0.4608488976955414),
        }},
        {Time = 0.200, Data = {
            ["RightFoot"] = CFrame.new(-1.6472768038511276e-08, 2.384185791015625e-07, 5.288529791869223e-08, 0.9999885559082031, 0.003414047183468938, -0.003365888958796859, -0.0039221481420099735, 0.9863178730010986, -0.16480813920497894, 0.002757057547569275, 0.1648196429014206, 0.9863199591636658),
            ["LeftLowerArm"] = CFrame.new(1.4901161193847656e-07, -5.364418029785156e-07, -7.450580596923828e-09, 1, -2.980232949312267e-08, 1.490115231206346e-08, 1.881271884940361e-07, 0.9287490248680115, -0.3707083761692047, -6.05359762317903e-09, 0.3707091510295868, 0.9287493228912354),
            ["RightUpperArm"] = CFrame.new(-0.004765629768371582, 0.008559226989746094, 0.05108199268579483, 0.9424479603767395, -0.21556714177131653, 0.2555832266807556, 0.24069397151470184, 0.967992901802063, -0.07110875099897385, -0.23207415640354156, 0.1285330206155777, 0.9641684293746948),
            ["Head"] = CFrame.new(4.9622030928730965e-09, -1.1920928955078125e-07, -3.259629011154175e-09, 0.9998884201049805, -0.0042433058843016624, 0.014326494187116623, 0.0043516880832612514, 0.9999620914459229, -0.007542548235505819, -0.014293930493295193, 0.0076036653481423855, 0.9998689889907837),
            ["RightHand"] = CFrame.new(2.9802322387695312e-08, -5.960464477539063e-08, 7.644625506630354e-20, 0.7775517702102661, -0.1515800952911377, -0.6102765202522278, 0.0827391967177391, 0.9867357611656189, -0.1396670937538147, 0.6233519315719604, 0.058104902505874634, 0.779779314994812),
            ["UpperTorso"] = CFrame.new(2.7939677238464355e-09, 8.940696716308594e-08, -9.778887033462524e-09, 0.9985047578811646, -0.025226153433322906, -0.048496268689632416, 0.03536109998822212, 0.9746096134185791, 0.2211015224456787, 0.04168735817074776, -0.22248539328575134, 0.9740443229675293),
            ["HumanoidRootPart"] = CFrame.new(0, 0, 0, 1, 0, 0, 0, 1, 0, 0, 0, 1),
            ["RightUpperLeg"] = CFrame.new(0, 3.598397597670555e-07, -1.5959813026711345e-08, 0.9945035576820374, -0.09932304918766022, -0.03312985971570015, 0.04106400907039642, 0.6610671281814575, -0.749202311038971, 0.09631408751010895, 0.7437238693237305, 0.6615121364593506),
            ["LeftUpperArm"] = CFrame.new(0.008149802684783936, 0.007881879806518555, 0.05114799737930298, 0.921593964099884, 0.24061603844165802, -0.3045792579650879, -0.2669447958469391, 0.9625498056411743, -0.04731183871626854, 0.2817889153957367, 0.12490760535001755, 0.9513113498687744),
            ["RightLowerArm"] = CFrame.new(-1.1920928955078125e-07, 2.980232238769531e-07, -1.5832483768463135e-08, 1, -3.725290653733282e-08, -7.450580596923828e-08, 3.352762689701194e-08, 0.940970242023468, -0.3384890854358673, -3.4808198989821904e-08, 0.3384895324707031, 0.9409703612327576),
            ["LeftHand"] = CFrame.new(8.940696716308594e-08, -2.384185791015625e-07, -2.9802322387695312e-08, 0.5839115381240845, 0.24361059069633484, 0.7744039297103882, -0.2581447958946228, 0.960119366645813, -0.10738791525363922, -0.7696808576583862, -0.13720358908176422, 0.6235113739967346),
            ["LeftFoot"] = CFrame.new(-1.6763806343078613e-07, 0, -7.026005732768681e-08, 0.9949439764022827, -0.0944976806640625, 0.03400970995426178, 0.08594059199094772, 0.6258607506752014, -0.7751854658126831, 0.05196790024638176, 0.7741889357566833, 0.6308175921440125),
            ["LowerTorso"] = CFrame.new(-0.07996167242527008, -0.3759344816207886, 0.03005143441259861, 0.9989537596702576, 0.028427604585886, 0.03582523390650749, -0.02257486805319786, 0.9877633452415466, -0.15431839227676392, -0.03977375477552414, 0.1533481776714325, 0.9873714447021484),
            ["RightLowerLeg"] = CFrame.new(2.1886080503463745e-08, 0, -8.739152690395713e-08, 1, -3.611203283071518e-07, -5.993645117996493e-07, 7.476193104594131e-07, 0.40223565697669983, 0.9155359268188477, -3.58559226754096e-08, -0.9155362248420715, 0.40223607420921326),
            ["LeftUpperLeg"] = CFrame.new(-5.960464477539063e-08, 2.4260953068733215e-07, -5.587935447692871e-09, 0.9972823858261108, 0.07364737242460251, 0.001987231196835637, -0.07354792952537537, 0.9967894554138184, -0.03164691850543022, -0.004311591852456331, 0.031414784491062164, 0.9994971752166748),
            ["LeftLowerLeg"] = CFrame.new(-2.9336661100387573e-08, 1.7881393432617188e-07, 2.1162207985980785e-08, 1, -1.5832485189548606e-07, -3.948808569020912e-07, 5.019829814045806e-07, 0.47271284461021423, 0.8812165856361389, -7.264317503086204e-08, -0.8812165856361389, 0.472712904214859),
        }},
        {Time = 0.233, Data = {
            ["RightFoot"] = CFrame.new(1.7855199985206127e-08, 4.172325134277344e-07, 2.5938788894563913e-09, 0.9999896287918091, 0.0010266731260344386, -0.004436597228050232, -0.0019570847507566214, 0.9765931963920593, -0.21508541703224182, 0.00411206716671586, 0.21509258449077606, 0.9765852093696594),
            ["LeftLowerArm"] = CFrame.new(2.9802322387695312e-08, -5.960464477539063e-08, -4.470348358154297e-08, 1, -7.450583261459087e-09, 1.3411042232291948e-07, 1.4901152667334827e-07, 0.8410642743110657, -0.5409349203109741, 9.872013606582186e-08, 0.5409352779388428, 0.8410645127296448),
            ["RightUpperArm"] = CFrame.new(-0.004395902156829834, 0.010661125183105469, 0.04947488009929657, 0.9622878432273865, -0.22464261949062347, 0.15342065691947937, 0.24878935515880585, 0.9548565149307251, -0.1623358279466629, -0.11002723127603531, 0.19438301026821136, 0.9747354388237),
            ["Head"] = CFrame.new(-6.402842700481415e-09, 1.1920928955078125e-07, -8.905772119760513e-09, 0.9998782873153687, -0.003890849184244871, 0.015109852887690067, 0.00437780050560832, 0.999467670917511, -0.03233041614294052, -0.01497600320726633, 0.03239256143569946, 0.9993630647659302),
            ["RightHand"] = CFrame.new(-1.9371509552001953e-07, 0, -2.086162567138672e-07, 0.8175507187843323, -0.16424763202667236, -0.5519360303878784, 0.047464899718761444, 0.9744200110435486, -0.21966564655303955, 0.573897123336792, 0.1533900946378708, 0.8044337630271912),
            ["UpperTorso"] = CFrame.new(-5.471520125865936e-09, 3.5762786865234375e-07, 2.759043127298355e-08, 0.9982277750968933, -0.03581086918711662, -0.0475287102162838, 0.04446864873170853, 0.9796246886253357, 0.19585256278514862, 0.03954660892486572, -0.19761887192726135, 0.9794809818267822),
            ["HumanoidRootPart"] = CFrame.new(0, 0, 0, 1, 0, 0, 0, 1, 0, 0, 0, 1),
            ["RightUpperLeg"] = CFrame.new(-2.9802322387695312e-08, 3.264285624027252e-07, 1.0117219062522054e-08, 0.994642436504364, -0.10043920576572418, -0.0244612954556942, 0.04458591714501381, 0.6302953362464905, -0.7750742435455322, 0.09326568245887756, 0.7698310613632202, 0.6313965320587158),
            ["LeftUpperArm"] = CFrame.new(0.008520960807800293, 0.009835481643676758, 0.04955204576253891, 0.9456580281257629, 0.2516498863697052, -0.20592060685157776, -0.28474414348602295, 0.9466786980628967, -0.1507323980331421, 0.15700894594192505, 0.2011759728193283, 0.9668900966644287),
            ["RightLowerArm"] = CFrame.new(2.384185791015625e-07, 2.384185791015625e-07, 5.960464477539063e-08, 1, -2.0861632776814076e-07, 4.470350489782504e-08, 1.1175875158642157e-07, 0.7690805792808533, -0.6391515135765076, -3.7252917195473856e-08, 0.639151930809021, 0.7690808773040771),
            ["LeftHand"] = CFrame.new(1.9371509552001953e-07, 0, 1.1920928955078125e-07, 0.673830509185791, 0.3370453119277954, 0.6575355529785156, -0.24715125560760498, 0.9414544701576233, -0.22930285334587097, -0.6963252425193787, -0.00800018385052681, 0.717681884765625),
            ["LeftFoot"] = CFrame.new(-2.2351741790771484e-08, 0, -4.7908315536915325e-08, 0.9943727850914001, -0.10096725821495056, 0.03206997737288475, 0.08813206851482391, 0.6204449534416199, -0.7792823910713196, 0.05878395587205887, 0.7777234315872192, 0.6258518695831299),
            ["LowerTorso"] = CFrame.new(-0.07304899394512177, -0.38954269886016846, -0.021447813138365746, 0.998790442943573, 0.03623378649353981, 0.033237408846616745, -0.031826380640268326, 0.9916844367980957, -0.12469659745693207, -0.03747924044728279, 0.12348796427249908, 0.9916380643844604),
            ["RightLowerLeg"] = CFrame.new(6.984919309616089e-10, 0, 1.1749943951144814e-07, 1, -2.619343604237656e-07, -7.79721005983447e-07, 6.671180585726688e-07, 0.3390411138534546, 0.9407715201377869, -2.4103795226437796e-07, -0.9407715797424316, 0.33904144167900085),
            ["LeftUpperLeg"] = CFrame.new(1.1920928955078125e-07, 4.3620821088552475e-07, -2.3283064365386963e-10, 0.9973405003547668, 0.07251628488302231, 0.007305517327040434, -0.07235389202833176, 0.9971688389778137, -0.020476657897233963, -0.008769686333835125, 0.019893545657396317, 0.9997637271881104),
            ["LeftLowerLeg"] = CFrame.new(6.752088665962219e-08, -1.7881393432617188e-07, -1.2365404700176441e-08, 1, -1.4156103134155273e-07, -2.905726432800293e-07, 7.185153663158417e-07, 0.48513904213905334, 0.8744370937347412, 7.543712854385376e-08, -0.8744370341300964, 0.48513898253440857),
        }},
        {Time = 0.267, Data = {
            ["RightFoot"] = CFrame.new(-1.3751559890806675e-08, 4.76837158203125e-07, 5.6610588217154145e-08, 0.9999874830245972, -0.00020836369367316365, -0.005011321976780891, -0.0011882459511980414, 0.9608579277992249, -0.2770388722419739, 0.004872939549386501, 0.27704161405563354, 0.9608457088470459),
            ["LeftLowerArm"] = CFrame.new(1.7881393432617188e-07, -1.7881393432617188e-07, 5.960464477539063e-08, 1, -1.266598985694145e-07, 2.6635805738806084e-07, -6.891787762697277e-08, 0.659329891204834, -0.7518537640571594, 1.788139627478813e-07, 0.751853883266449, 0.6593298316001892),
            ["RightUpperArm"] = CFrame.new(-0.003966808319091797, 0.01501929759979248, 0.045517247170209885, 0.9633713364601135, -0.26437854766845703, 0.044941939413547516, 0.2663174867630005, 0.9235128164291382, -0.276042103767395, 0.03147505968809128, 0.2778996527194977, 0.9600943326950073),
            ["Head"] = CFrame.new(-2.3283064365386963e-09, -1.1920928955078125e-07, 3.434251993894577e-08, 0.9998655319213867, -0.004429997410625219, 0.01578982174396515, 0.00529629597440362, 0.9984585642814636, -0.055250294506549835, -0.015520702116191387, 0.05532638356089592, 0.9983477592468262),
            ["RightHand"] = CFrame.new(5.21540641784668e-08, 0, -8.940696716308594e-08, 0.8526339530944824, -0.19422876834869385, -0.4850679337978363, 0.048119015991687775, 0.9535864591598511, -0.29725009202957153, 0.5202882289886475, 0.23010483384132385, 0.8224060535430908),
            ["UpperTorso"] = CFrame.new(-2.1886080503463745e-08, 0, 9.080395102500916e-09, 0.9976409673690796, -0.05103062093257904, -0.04591846838593483, 0.05676957964897156, 0.9893704056739807, 0.1338789463043213, 0.03859841078519821, -0.13616971671581268, 0.9899333119392395),
            ["HumanoidRootPart"] = CFrame.new(0, 0, 0, 1, 0, 0, 0, 1, 0, 0, 0, 1),
            ["RightUpperLeg"] = CFrame.new(1.1920928955078125e-07, 2.2118911147117615e-07, 8.254573913291097e-09, 0.9944227337837219, -0.10480677336454391, -0.011793267913162708, 0.05234413594007492, 0.5875141024589539, -0.8075194954872131, 0.09156206250190735, 0.8023980855941772, 0.5897229909896851),
            ["LeftUpperArm"] = CFrame.new(0.008951663970947266, 0.014021992683410645, 0.04560105502605438, 0.9526657462120056, 0.28656071424484253, -0.10154414921998978, -0.3036062717437744, 0.9141523838043213, -0.2686050236225128, 0.01585540547966957, 0.2867202162742615, 0.9578832387924194),
            ["RightLowerArm"] = CFrame.new(-1.1920928955078125e-07, 5.364418029785156e-07, -2.2351741790771484e-08, 1, -3.091992084591766e-07, -2.793969056114065e-09, 2.5704528638925694e-07, 0.6082484722137451, -0.793746829032898, 1.6763822330290168e-08, 0.7937467694282532, 0.6082484126091003),
            ["LeftHand"] = CFrame.new(-1.4901161193847656e-08, 5.960464477539063e-08, 3.2782554626464844e-07, 0.7435300350189209, 0.4059770405292511, 0.5313624739646912, -0.23425891995429993, 0.9023981094360352, -0.36166369915008545, -0.6263273358345032, 0.14443132281303406, 0.7660635709762573),
            ["LeftFoot"] = CFrame.new(3.91155481338501e-08, -5.960464477539063e-08, -4.0457734939991497e-08, 0.9942671656608582, -0.1045113280415535, 0.022593600675463676, 0.08527957648038864, 0.6476190686225891, -0.7571770548820496, 0.06450112909078598, 0.7547628283500671, 0.6528189182281494),
            ["LowerTorso"] = CFrame.new(-0.06734967976808548, -0.397973895072937, -0.08116618543863297, 0.9983238577842712, 0.04845075309276581, 0.031653907150030136, -0.04604407772421837, 0.9962844848632812, -0.07278185337781906, -0.035062626004219055, 0.0712023675441742, 0.996845543384552),
