return {
    ["Laser Focused"] = {
        {Time = 0.000, Data = {
            ["LeftLowerArm"] = CFrame.new(5.960464477539063e-08, -1.1920928955078125e-07, -8.940696716308594e-08, 1, -5.960463766996327e-08, 6.705523247774181e-08, 7.450580596923828e-08, 0.3303356170654297, -0.9438636898994446, 1.1175870895385742e-08, 0.9438635110855103, 0.3303353786468506),
            ["LeftFoot"] = CFrame.new(2.9802322387695312e-08, 5.960464477539063e-08, 9.313225746154785e-09, 0.9595248699188232, -0.27002349495887756, 0.07999689131975174, 0.27691346406936646, 0.9563478827476501, -0.0933685228228569, -0.05129325017333031, 0.11174173653125763, 0.9924126267433167),
            ["RightHand"] = CFrame.new(4.6566128730773926e-08, 1.7881393432617188e-07, 2.086162567138672e-07, 0.9523435831069946, -0.08229576051235199, 0.2937160134315491, 0.10969594866037369, 0.9908968806266785, -0.07804010808467865, -0.28462016582489014, 0.10654039680957794, 0.9527018070220947),
            ["HumanoidRootPart"] = CFrame.new(0, 0, 0, 1, 0, 0, 0, 1, 0, 0, 0, 1),
            ["Laser"] = CFrame.new(1.4897624254226685, 1.4508171081542969, -1.35077702999115, 0.057411592453718185, -0.7182139158248901, 0.693449854850769, 0.7182139158248901, -0.4527502954006195, -0.5283805131912231, 0.693449854850769, 0.5283805131912231, 0.4898381233215332),
            ["RightLowerLeg"] = CFrame.new(1.4156103134155273e-07, -0.00012218952178955078, -0.00007741356239421293, 1, -1.1920927533992653e-07, -7.450581307466564e-08, 1.0430814256778831e-07, 0.5161767601966858, 0.8564819097518921, -8.940698137394065e-08, -0.8564821481704712, 0.5161771178245544),
            ["RightFoot"] = CFrame.new(8.940696716308594e-08, 4.172325134277344e-07, 2.4047039914876223e-08, 0.9561184048652649, 0.28867724537849426, -0.050031524151563644, -0.27616050839424133, 0.8309621214866638, -0.4829462170600891, -0.09784148633480072, 0.4755707383155823, 0.874219536781311),
            ["LeftLowerLeg"] = CFrame.new(3.725290298461914e-08, 0.0001227259635925293, 0.00007735937833786011, 1, 4.4703490686970326e-08, 5.2154071283894154e-08, -4.470347647611561e-08, 0.6352967023849487, 0.7722682356834412, 4.470347647611561e-08, -0.7722682356834412, 0.6352967023849487),
            ["RightUpperArm"] = CFrame.new(-2.384185791015625e-07, -1.1920928955078125e-07, -1.4901161193847656e-08, 0.974303126335144, -0.14371350407600403, 0.17343589663505554, 0.1349484622478485, 0.9889499545097351, 0.061375539749860764, -0.18033981323242188, -0.036393530666828156, 0.9829309582710266),
            ["Head"] = CFrame.new(3.725290298461914e-09, -1.1920928955078125e-07, -4.284083843231201e-08, 0.8576196432113647, -0.1664808839559555, -0.4865930676460266, -0.18702450394630432, 0.7804135680198669, -0.5966378450393677, 0.4790724813938141, 0.6026930809020996, 0.638161838054657),
            ["UpperTorso"] = CFrame.new(-6.984919309616089e-10, -1.1920928955078125e-07, -1.0826624929904938e-08, 0.9908339381217957, 0.03789547085762024, -0.12966129183769226, -0.005633048713207245, 0.9706014394760132, 0.24062684178352356, 0.13496807217597961, -0.23769083619117737, 0.961918294429779),
            ["LeftUpperArm"] = CFrame.new(5.960464477539063e-08, -1.1920928955078125e-07, -3.725290298461914e-08, 0.9218500852584839, -0.12582243978977203, 0.3665534257888794, 0.1840711534023285, 0.9744873642921448, -0.12842252850532532, -0.34104302525520325, 0.18585817515850067, 0.9214913249015808),
            ["RightLowerArm"] = CFrame.new(1.7881393432617188e-07, -2.384185791015625e-07, -1.4901161193847656e-07, 1, -8.524509809149095e-08, 7.823107495141812e-08, 9.126959810146218e-08, 0.3506280779838562, -0.9365148544311523, 5.960463766996327e-08, 0.9365148544311523, 0.35062795877456665),
            ["LeftHand"] = CFrame.new(0, 0, 2.9802322387695312e-08, 0.7680742740631104, 0.3999893069267273, -0.5000705718994141, -0.5265452861785889, 0.8389186263084412, -0.13771522045135498, 0.3644339144229889, 0.3690856099128723, 0.8549643158912659),
            ["LowerTorso"] = CFrame.new(0.07100100815296173, -0.29474127292633057, 0.2662462890148163, 0.9999339580535889, 0.0004007818643003702, -0.011495149694383144, 0.0010449306573718786, 0.9920949339866638, 0.12548555433750153, 0.011454571969807148, -0.1254892498254776, 0.9920288920402527),
            ["RightUpperLeg"] = CFrame.new(5.960464477539063e-08, 9.38598532229662e-08, 4.813045961782336e-08, 0.9044620990753174, -0.3973921835422516, -0.15500889718532562, 0.24594072997570038, 0.7827509641647339, -0.5716767907142639, 0.3485134243965149, 0.4789368212223053, 0.805703341960907),
            ["LeftUpperLeg"] = CFrame.new(-5.960464477539063e-08, -4.8094079829752445e-08, -2.0023435354232788e-08, 0.9514038562774658, 0.29835450649261475, -0.07625981420278549, -0.2505013942718506, 0.6057876348495483, -0.7551624774932861, -0.17910882830619812, 0.737567663192749, 0.6510868668556213),
        }},
        {Time = 0.033, Data = {
            ["LeftLowerArm"] = CFrame.new(8.940696716308594e-08, 0, -5.960464477539063e-08, 1, -8.568166975919667e-08, 6.33299421792799e-08, 7.450581307466564e-08, 0.32714343070983887, -0.9449747204780579, 5.401671643312511e-08, 0.9449746608734131, 0.32714349031448364),
            ["LeftFoot"] = CFrame.new(5.21540641784668e-08, 0, 2.7939677238464355e-08, 0.962620198726654, -0.26163041591644287, 0.0700862780213356, 0.26737067103385925, 0.9592453241348267, -0.09144092351198196, -0.043306175619363785, 0.10676198452711105, 0.9933410882949829),
            ["RightHand"] = CFrame.new(3.725290298461914e-08, 5.960464477539063e-08, 0, 0.9565161466598511, -0.09037663787603378, 0.2773245573043823, 0.11574017256498337, 0.990332305431366, -0.07646079361438751, -0.2677331864833832, 0.10523325949907303, 0.9577289819717407),
            ["HumanoidRootPart"] = CFrame.new(0, 0, 0, 1, 0, 0, 0, 1, 0, 0, 0, 1),
            ["Laser"] = CFrame.new(1.0535410642623901, 1.4121322631835938, -1.3507601022720337, 0.29827308654785156, -0.5843566656112671, 0.7546923160552979, 0.5843566656112671, -0.5133823752403259, -0.628463089466095, 0.7546923160552979, 0.628463089466095, 0.1883445680141449),
            ["RightLowerLeg"] = CFrame.new(-1.4901161193847656e-07, -0.00012236833572387695, -0.00007738562271697447, 1, -1.3411040811206476e-07, -2.980232949312267e-08, 7.450580596923828e-08, 0.5199443101882935, 0.8542001843452454, -1.043081283569336e-07, -0.8542001843452454, 0.5199442505836487),
            ["RightFoot"] = CFrame.new(-7.450580596923828e-09, 3.5762786865234375e-07, -8.026108844205737e-08, 0.9550350904464722, 0.291983425617218, -0.0515168234705925, -0.280379980802536, 0.8328951597213745, -0.47715020179748535, -0.09641163796186447, 0.47013986110687256, 0.877310574054718),
            ["LeftLowerLeg"] = CFrame.new(-2.2351741790771484e-08, 0.00012260675430297852, 0.00007738545536994934, 1, 8.568167686462402e-08, 2.0489101970611046e-08, -4.470348358154297e-08, 0.6373339295387268, 0.7705878615379333, 2.9802322387695312e-08, -0.7705878019332886, 0.637333869934082),
            ["RightUpperArm"] = CFrame.new(1.1920928955078125e-07, 3.5762786865234375e-07, -4.470348358154297e-08, 0.9763308167457581, -0.14369849860668182, 0.16164469718933105, 0.13557499647140503, 0.9889323115348816, 0.060268059372901917, -0.16851602494716644, -0.036926619708538055, 0.9850069880485535),
            ["Head"] = CFrame.new(-1.1175870895385742e-08, 0, -7.264316082000732e-08, 0.8501876592636108, -0.17228823900222778, -0.4974915683269501, -0.18992438912391663, 0.7809456586837769, -0.5950233340263367, 0.4910293221473694, 0.6003672480583191, 0.631228506565094),
            ["UpperTorso"] = CFrame.new(-3.026798367500305e-09, -1.4901161193847656e-07, -9.19681042432785e-09, 0.9927416443824768, 0.0336616225540638, -0.11546041071414948, -0.004519198555499315, 0.9697949290275574, 0.2438799887895584, 0.12018227577209473, -0.24158798158168793, 0.9629078507423401),
            ["LeftUpperArm"] = CFrame.new(-1.1920928955078125e-07, 2.384185791015625e-07, -5.960464477539063e-08, 0.9269784092903137, -0.12647254765033722, 0.3531514108181, 0.1829022914171219, 0.974342942237854, -0.13115863502025604, -0.327502578496933, 0.1861732006072998, 0.9263269305229187),
            ["RightLowerArm"] = CFrame.new(-5.960464477539063e-08, 4.172325134277344e-07, -2.086162567138672e-07, 1, -9.522773325443268e-08, 8.940695295223122e-08, 6.705523247774181e-08, 0.3543041944503784, -0.9351300001144409, 5.2154071283894154e-08, 0.93513023853302, 0.35430485010147095),
            ["LeftHand"] = CFrame.new(4.470348358154297e-08, 1.1920928955078125e-07, 4.172325134277344e-07, 0.7655069828033447, 0.4018849730491638, -0.5024816989898682, -0.5302805304527283, 0.8363608121871948, -0.13893558084964752, 0.36441972851753235, 0.37281227111816406, 0.8533516526222229),
            ["LowerTorso"] = CFrame.new(0.0633293092250824, -0.2932157516479492, 0.2701871991157532, 0.9999259114265442, 0.0025210916064679623, -0.011908521875739098, -0.0010294493986293674, 0.9923266172409058, 0.1236402690410614, 0.012128851376473904, -0.12361887097358704, 0.9922556281089783),
            ["RightUpperLeg"] = CFrame.new(-5.960464477539063e-08, 6.309710443019867e-08, -1.1939846444875002e-08, 0.903630793094635, -0.40122702717781067, -0.1498950719833374, 0.25202882289886475, 0.7810590863227844, -0.5713390111923218, 0.3463134169578552, 0.4785015285015106, 0.8069096803665161),
            ["LeftUpperLeg"] = CFrame.new(2.9802322387695312e-08, 1.4191027730703354e-07, 6.426125764846802e-08, 0.9525527954101562, 0.29803723096847534, -0.06178255379199982, -0.239228755235672, 0.6075965762138367, -0.7573610544204712, -0.18818286061286926, 0.7362066507339478, 0.6500670909881592),
        }},
        {Time = 0.067, Data = {
            ["LeftLowerArm"] = CFrame.new(0, 1.1920928955078125e-07, -8.195638656616211e-08, 1, -8.568166975919667e-08, 5.960465188081798e-08, 6.705523247774181e-08, 0.32415249943733215, -0.9460049271583557, 4.842878098543224e-08, 0.9460049271583557, 0.32415252923965454),
            ["LeftFoot"] = CFrame.new(9.313225746154785e-09, 1.1920928955078125e-07, 5.587935447692871e-08, 0.965088427066803, -0.25454387068748474, 0.06173986569046974, 0.25934433937072754, 0.9616589546203613, -0.0891771912574768, -0.036673251539468765, 0.10207579284906387, 0.9941004514694214),
            ["RightHand"] = CFrame.new(-6.705522537231445e-08, 1.7881393432617188e-07, 8.940696716308594e-08, 0.9601446986198425, -0.09810003638267517, 0.26172229647636414, 0.12167147547006607, 0.9897029399871826, -0.07539421319961548, -0.2516312003135681, 0.10423342883586884, 0.9621939063072205),
            ["HumanoidRootPart"] = CFrame.new(0, 0, 0, 1, 0, 0, 0, 1, 0, 0, 0, 1),
            ["Laser"] = CFrame.new(-0.4734543263912201, 1.257883071899414, -1.3507273197174072, 0.6136412024497986, 0.44210925698280334, -0.654204785823822, -0.44210925698280334, -0.49409565329551697, -0.7486046552658081, -0.654204785823822, 0.7486046552658081, -0.10773685574531555),
            ["RightLowerLeg"] = CFrame.new(3.259629011154175e-08, -0.00012260675430297852, -0.00007733160600764677, 1, -7.450577754752885e-08, -1.1920931797249068e-07, 8.195638656616211e-08, 0.5241091251373291, 0.8516510128974915, -5.960464477539063e-08, -0.8516511917114258, 0.5241093635559082),
            ["RightFoot"] = CFrame.new(-1.043081283569336e-07, 4.172325134277344e-07, 5.3849362302571535e-08, 0.9541740417480469, 0.2945125699043274, -0.05305147543549538, -0.2838830053806305, 0.8347474932670593, -0.4718117415904999, -0.09467001259326935, 0.46525150537490845, 0.8801019191741943),
            ["LeftLowerLeg"] = CFrame.new(7.450580596923828e-09, 0.00012290477752685547, 0.00007739663124084473, 1, 5.21540464148984e-08, 4.6566128730773926e-08, -9.685753354915505e-08, 0.6403324604034424, 0.7680981159210205, 8.195637946073475e-08, -0.7680978178977966, 0.6403322219848633),
            ["RightUpperArm"] = CFrame.new(0, 8.344650268554688e-07, -3.725290298461914e-08, 0.9791064262390137, -0.1428358554840088, 0.14473605155944824, 0.1354229748249054, 0.9889762997627258, 0.05988677218556404, -0.15169453620910645, -0.03903502598404884, 0.9876564145088196),
            ["Head"] = CFrame.new(-9.313225746154785e-09, 1.1920928955078125e-07, -6.51925802230835e-09, 0.9075905084609985, -0.12775243818759918, -0.39994847774505615, -0.15037374198436737, 0.7904837727546692, -0.5937365889549255, 0.3920040428638458, 0.5990114212036133, 0.6982250213623047),
            ["UpperTorso"] = CFrame.new(-3.026798367500305e-09, 2.086162567138672e-07, 1.798616722226143e-08, 0.9949254393577576, 0.028982533141970634, -0.09635128825902939, -0.004381996113806963, 0.96918785572052, 0.24628384411334991, 0.10052043944597244, -0.24461181461811066, 0.964396595954895),
            ["LeftUpperArm"] = CFrame.new(5.960464477539063e-08, 3.5762786865234375e-07, -9.685754776000977e-08, 0.9339498281478882, -0.12672489881515503, 0.33418354392051697, 0.17986057698726654, 0.9746506214141846, -0.13306555151939392, -0.30884942412376404, 0.18438291549682617, 0.9330675601959229),
            ["RightLowerArm"] = CFrame.new(5.960464477539063e-08, 5.960464477539063e-08, -1.7136335372924805e-07, 1, -7.770719889776956e-08, 4.842878098543224e-08, 1.1175870895385742e-07, 0.35966846346855164, -0.93308025598526, 4.470348358154297e-08, 0.9330801367759705, 0.35966846346855164),
            ["LeftHand"] = CFrame.new(7.450580596923828e-08, -5.960464477539063e-08, 0, 0.7639470100402832, 0.40306052565574646, -0.5039122104644775, -0.5328261256217957, 0.8345158696174622, -0.14028367400169373, 0.36397984623908997, 0.37566691637039185, 0.8522869944572449),
            ["LowerTorso"] = CFrame.new(0.057164859026670456, -0.29137110710144043, 0.27346259355545044, 0.9999159574508667, 0.004258834291249514, -0.012246723286807537, -0.0027379607781767845, 0.9925727248191833, 0.12162210047245026, 0.01267373189330101, -0.12157832086086273, 0.9925009608268738),
            ["RightUpperLeg"] = CFrame.new(0, 2.2584572434425354e-07, 4.207686288282275e-08, 0.9030766487121582, -0.4039592444896698, -0.14583994448184967, 0.25701668858528137, 0.7803786396980286, -0.5700454115867615, 0.3440856635570526, 0.47731125354766846, 0.8085659146308899),
            ["LeftUpperLeg"] = CFrame.new(0, 6.717164069414139e-08, 8.847564458847046e-09, 0.9533267021179199, 0.29790428280830383, -0.04920768365263939, -0.22983308136463165, 0.6102641820907593, -0.7581256628036499, -0.19581913948059082, 0.7340509295463562, 0.6502493023872375),
        }},
        {Time = 0.100, Data = {
            ["LeftLowerArm"] = CFrame.new(-1.7881393432617188e-07, 0, -7.450580596923828e-09, 1, -7.636844401304188e-08, 5.5879347371501353e-08, 7.450581307466564e-08, 0.3220982849597931, -0.9467062950134277, 3.725290742551124e-09, 0.946706235408783, 0.3220981955528259),
            ["LeftFoot"] = CFrame.new(4.842877388000488e-08, 5.960464477539063e-08, 6.332993507385254e-08, 0.9670208096504211, -0.2487834393978119, 0.0545695498585701, 0.2527938485145569, 0.9636520743370056, -0.0864282101392746, -0.031084228307008743, 0.09737298637628555, 0.9947624802589417),
            ["RightHand"] = CFrame.new(-7.078051567077637e-08, 5.960464477539063e-08, -1.4901161193847656e-07, 0.963108241558075, -0.10497875511646271, 0.24779416620731354, 0.12711337208747864, 0.9890453815460205, -0.07504307478666306, -0.2372017502784729, 0.10377247631549835, 0.9659019708633423),
            ["HumanoidRootPart"] = CFrame.new(0, 0, 0, 1, 0, 0, 0, 1, 0, 0, 0, 1),
            ["Laser"] = CFrame.new(-1.4928268194198608, 1.1472902297973633, -1.3506983518600464, 0.08250927180051804, 0.814049482345581, -0.5749049782752991, -0.814049482345581, -0.27772945165634155, -0.5100880861282349, -0.5749049186706543, 0.5100880265235901, 0.6397613286972046),
            ["RightLowerLeg"] = CFrame.new(1.1175870895385742e-08, -0.00012242794036865234, -0.00007743963942630216, 1, -6.705520405603238e-08, -1.0430815677864302e-07, 1.3411042232291948e-07, 0.5286403894424438, 0.8488458395004272, 2.9802315282267955e-08, -0.848845899105072, 0.5286405086517334),
            ["RightFoot"] = CFrame.new(3.725290298461914e-08, 4.172325134277344e-07, -3.55576048605144e-08, 0.9535421133041382, 0.29626572132110596, -0.05462909862399101, -0.2866567373275757, 0.8365050554275513, -0.46699777245521545, -0.09265799075365067, 0.460962176322937, 0.882569432258606),
            ["LeftLowerLeg"] = CFrame.new(-7.82310962677002e-08, 0.00012284517288208008, 0.00007745251059532166, 1, 8.754431490842762e-08, 6.332994928470725e-08, -8.940696716308594e-08, 0.6442353129386902, 0.76482754945755, 2.2351741790771484e-08, -0.7648274302482605, 0.6442351937294006),
            ["RightUpperArm"] = CFrame.new(1.1920928955078125e-07, 1.1920928955078125e-07, 1.4901161193847656e-08, 0.9818516373634338, -0.14154545962810516, 0.1262233853340149, 0.13484983146190643, 0.9890391826629639, 0.060142967849969864, -0.13335281610488892, -0.04203032702207565, 0.9901770949363708),
            ["Head"] = CFrame.new(-2.9103830456733704e-08, 2.384185791015625e-07, -6.891787052154541e-08, 0.9912591576576233, -0.03352339565753937, -0.12759965658187866, -0.045924726873636246, 0.8190093636512756, -0.5719392895698547, 0.12367872148752213, 0.5727999210357666, 0.8103109002113342),
            ["UpperTorso"] = CFrame.new(3.4924596548080444e-09, -2.682209014892578e-07, -2.4796463549137115e-08, 0.9968191385269165, 0.024458717554807663, -0.07585160434246063, -0.004907736089080572, 0.968775749206543, 0.2478904277086258, 0.07954626530408859, -0.24672956764698029, 0.9658141732215881),
            ["LeftUpperArm"] = CFrame.new(-1.1920928955078125e-07, 7.152557373046875e-07, 7.450580596923828e-08, 0.9410748481750488, -0.12658751010894775, 0.31361424922943115, 0.17583605647087097, 0.975259006023407, -0.13398391008377075, -0.288894385099411, 0.18123364448547363, 0.9400501847267151),
            ["RightLowerArm"] = CFrame.new(1.1920928955078125e-07, 2.980232238769531e-07, -8.940696716308594e-08, 1, -8.661297101753007e-08, 3.352760558072987e-08, 9.313225746154785e-08, 0.36642810702323914, -0.9304463267326355, 4.470348358154297e-08, 0.9304463863372803, 0.3664281368255615),
            ["LeftHand"] = CFrame.new(2.9802322387695312e-08, -1.1920928955078125e-07, 2.9802322387695312e-08, 0.7631685733795166, 0.4037621319293976, -0.5045295357704163, -0.5344404578208923, 0.8332651853561401, -0.1415717601776123, 0.3632453978061676, 0.37768426537513733, 0.8517085909843445),
            ["LowerTorso"] = CFrame.new(0.05244056507945061, -0.28929996490478516, 0.2761741876602173, 0.9999069571495056, 0.005473379511386156, -0.012496118433773518, -0.003941248636692762, 0.9928268790245056, 0.11949599534273148, 0.013060529716312885, -0.11943565309047699, 0.9927560687065125),
            ["RightUpperLeg"] = CFrame.new(-2.9802322387695312e-08, -2.484302967786789e-07, -1.3802491594105959e-08, 0.9028194546699524, -0.4055875241756439, -0.14288394153118134, 0.260841965675354, 0.7806828618049622, -0.5678873062133789, 0.34187501668930054, 0.4754294455051422, 0.8106098771095276),
            ["LeftUpperLeg"] = CFrame.new(-5.960464477539063e-08, -2.461019903421402e-07, 2.2351741790771484e-08, 0.9537263512611389, 0.29819241166114807, -0.038566913455724716, -0.2224532514810562, 0.6134839057922363, -0.7577283978462219, -0.20228856801986694, 0.7312446236610413, 0.6514294743537903),
        }},
        {Time = 0.133, Data = {
            ["LeftLowerArm"] = CFrame.new(5.960464477539063e-08, 1.1920928955078125e-07, 7.450580596923828e-09, 1, -7.450579175838357e-08, 7.823107495141812e-08, 7.078051567077637e-08, 0.3203376233577728, -0.9473034143447876, 9.872019290924072e-08, 0.9473034143447876, 0.3203376531600952),
            ["LeftFoot"] = CFrame.new(-4.0978193283081055e-08, 1.1920928955078125e-07, 2.421438694000244e-08, 0.9685553312301636, -0.24405589699745178, 0.04834746941924095, 0.24741123616695404, 0.9652867913246155, -0.08372027426958084, -0.02623681165277958, 0.09304932504892349, 0.9953158497810364),
            ["RightHand"] = CFrame.new(1.4528632164001465e-07, -2.384185791015625e-07, 1.4901161193847656e-08, 0.9653579592704773, -0.1106356605887413, 0.23631300032138824, 0.13168010115623474, 0.9884386658668518, -0.07516258955001831, -0.22526514530181885, 0.10367656499147415, 0.9687656760215759),
            ["HumanoidRootPart"] = CFrame.new(0, 0, 0, 1, 0, 0, 0, 1, 0, 0, 0, 1),
            ["Laser"] = CFrame.new(-1.5307426452636719, 1.177572250366211, -1.3507496118545532, 0.06905628740787506, 0.8149469494819641, -0.5754066109657288, -0.8149469494819641, -0.2865964472293854, -0.5037102103233337, -0.575406551361084, 0.503710150718689, 0.6443473100662231),
            ["RightLowerLeg"] = CFrame.new(8.847564458847046e-09, -0.00012230873107910156, -0.00007750855729682371, 1, -1.1175866632129328e-07, -7.450579175838357e-08, 1.4156103134155273e-07, 0.5333240032196045, 0.8459108471870422, -1.341104507446289e-07, -0.8459110856056213, 0.5333243608474731),
            ["RightFoot"] = CFrame.new(1.4901161193847656e-07, 4.172325134277344e-07, -3.55576048605144e-08, 0.9531014561653137, 0.2973962724208832, -0.056154683232307434, -0.28879451751708984, 0.8381737470626831, -0.4626687467098236, -0.0905284583568573, 0.4571874141693115, 0.8847510814666748),
            ["LeftLowerLeg"] = CFrame.new(1.862645149230957e-08, 0.0001226663589477539, 0.00007740035653114319, 1, 6.519257311765614e-08, 1.1175868230850483e-08, -8.940698137394065e-08, 0.6483028531074524, 0.7613825798034668, 5.2154071283894154e-08, -0.761382520198822, 0.6483028531074524),
            ["RightUpperArm"] = CFrame.new(0, -3.5762786865234375e-07, -4.470348358154297e-08, 0.9841384887695312, -0.14016447961330414, 0.10874425619840622, 0.1341407299041748, 0.9890894293785095, 0.06089696288108826, -0.11609337478876114, -0.045344024896621704, 0.9922028183937073),
            ["Head"] = CFrame.new(2.7939677238464355e-09, 0, 1.9837170839309692e-07, 0.9797480702400208, 0.032680828124284744, 0.19754965603351593, 0.0739462599158287, 0.8577963709831238, -0.5086427330970764, -0.18608024716377258, 0.5129497647285461, 0.8380076885223389),
            ["UpperTorso"] = CFrame.new(1.6298145055770874e-09, 0, -3.463355824351311e-08, 0.9981949329376221, 0.020196136087179184, -0.05655944347381592, -0.005508897826075554, 0.9685816764831543, 0.24863488972187042, 0.059803884476423264, -0.24787449836730957, 0.9669445753097534),
            ["LeftUpperArm"] = CFrame.new(0, -3.5762786865234375e-07, -4.470348358154297e-08, 0.9475136995315552, -0.12600064277648926, 0.2938392460346222, 0.17131516337394714, 0.9760785698890686, -0.13387221097946167, -0.2699423134326935, 0.17718476057052612, 0.9464337229728699),
            ["RightLowerArm"] = CFrame.new(-2.086162567138672e-07, -3.5762786865234375e-07, 6.705522537231445e-08, 1, -9.754874952250248e-08, 4.8428763221863846e-08, 7.078052277620372e-08, 0.374220073223114, -0.9273399710655212, 7.078052277620372e-08, 0.9273399710655212, 0.37421995401382446),
            ["LeftHand"] = CFrame.new(5.960464477539063e-08, 5.960464477539063e-08, -1.4901161193847656e-07, 0.7629973888397217, 0.4040306508541107, -0.504573404788971, -0.5351613163948059, 0.832639753818512, -0.14252588152885437, 0.3625429570674896, 0.3787749707698822, 0.8515234589576721),
            ["LowerTorso"] = CFrame.new(0.048927631229162216, -0.28709399700164795, 0.27838078141212463, 0.9998994469642639, 0.006338617764413357, -0.012685302644968033, -0.004806758835911751, 0.9930803179740906, 0.11733900010585785, 0.013341291807591915, -0.1172662004828453, 0.993010938167572),
            ["RightUpperLeg"] = CFrame.new(-1.1920928955078125e-07, 1.902226358652115e-07, -2.032174961641431e-08, 0.9028215408325195, -0.4063209593296051, -0.14077205955982208, 0.263701856136322, 0.7817225456237793, -0.5651296377182007, 0.3396686315536499, 0.4730890691280365, 0.8129034042358398),
            ["LeftUpperLeg"] = CFrame.new(1.1920928955078125e-07, 2.2631138563156128e-07, -5.4016709327697754e-08, 0.9539095759391785, 0.2986336946487427, -0.02957354113459587, -0.2165881097316742, 0.6169055104255676, -0.7566487193107605, -0.20771661400794983, 0.7281795740127563, 0.6531524658203125),
        }},
        {Time = 0.167, Data = {
            ["LeftLowerArm"] = CFrame.new(-1.1920928955078125e-07, 0, 7.450580596923828e-08, 1, -6.70552182668871e-08, 9.313225746154785e-08, 7.823111758398227e-08, 0.31784823536872864, -0.9481415748596191, 8.381905303167514e-08, 0.9481415748596191, 0.31784847378730774),
            ["LeftFoot"] = CFrame.new(2.2351741790771484e-08, -5.960464477539063e-08, 3.725290298461914e-09, 0.9697396755218506, -0.2402617335319519, 0.043350979685783386, 0.24310484528541565, 0.966622531414032, -0.08087524771690369, -0.022472748532891273, 0.0889667347073555, 0.9957811236381531),
            ["RightHand"] = CFrame.new(1.5273690223693848e-07, -5.960464477539063e-08, -1.043081283569336e-07, 0.9667948484420776, -0.11471875011920929, 0.2283582091331482, 0.13501687347888947, 0.9879782795906067, -0.07529452443122864, -0.2169751524925232, 0.10362669080495834, 0.9706612825393677),
            ["HumanoidRootPart"] = CFrame.new(0, 0, 0, 1, 0, 0, 0, 1, 0, 0, 0, 1),
            ["Laser"] = CFrame.new(-1.4624254703521729, 1.17759370803833, -1.3507603406906128, 0.09213791787624359, 0.8008335828781128, -0.5917568802833557, -0.8008335828781128, -0.29357728362083435, -0.5219942331314087, -0.5917568802833557, 0.5219942331314087, 0.6142848134040833),
            ["RightLowerLeg"] = CFrame.new(-7.683411240577698e-08, -0.00012254714965820312, -0.00007743032620055601, 1, -7.450579175838357e-08, -4.4703490686970326e-08, 8.195640788244418e-08, 0.5380498170852661, 0.842913031578064, -4.4703494239684005e-08, -0.8429131507873535, 0.5380498766899109),
            ["RightFoot"] = CFrame.new(7.450580596923828e-08, 4.172325134277344e-07, 9.85528458841145e-08, 0.9527885317802429, 0.2980915307998657, -0.057756952941417694, -0.29052969813346863, 0.8397381901741028, -0.4587286412715912, -0.0882422998547554, 0.4538515508174896, 0.8866974711418152),
            ["LeftLowerLeg"] = CFrame.new(1.4901161193847656e-08, 0.00012284517288208008, 0.00007748976349830627, 1, 2.4214383387288763e-08, 3.5390250729960826e-08, -1.2665987014770508e-07, 0.6527162194252014, 0.7576025724411011, 3.3527612686157227e-08, -0.7576025128364563, 0.6527161598205566),
            ["RightUpperArm"] = CFrame.new(-1.1920928955078125e-07, 2.384185791015625e-07, 1.0803341865539551e-07, 0.9858351945877075, -0.13892783224582672, 0.09395855665206909, 0.13342389464378357, 0.9890831112861633, 0.06255155056715012, -0.10162291675806046, -0.049129098653793335, 0.9936091899871826),
            ["Head"] = CFrame.new(1.862645149230957e-09, 0, 1.0849907994270325e-07, 0.9128233194351196, 0.052118945866823196, 0.40501511096954346, 0.1478172391653061, 0.8823884725570679, -0.4466998279094696, -0.3806621730327606, 0.46762630343437195, 0.7977607250213623),
            ["UpperTorso"] = CFrame.new(0, -8.940696716308594e-08, -1.8568243831396103e-08, 0.9990676045417786, 0.016130153089761734, -0.04004598781466484, -0.005677591077983379, 0.9686141610145569, 0.24850420653820038, 0.0427975207567215, -0.2480451464653015, 0.9678027629852295),
            ["LeftUpperArm"] = CFrame.new(-1.1920928955078125e-07, 1.1920928955078125e-07, 1.564621925354004e-07, 0.9529026746749878, -0.12502968311309814, 0.2763046324253082, 0.1666853278875351, 0.9770343899726868, -0.13273973762989044, -0.2533626854419708, 0.17254413664340973, 0.9518592357635498),
            ["RightLowerArm"] = CFrame.new(5.960464477539063e-08, -5.960464477539063e-08, 1.0058283805847168e-07, 1, -8.13160809798319e-08, 3.725289587919178e-08, 6.705522537231445e-08, 0.3819954991340637, -0.9241641759872437, 6.705522537231445e-08, 0.9241641759872437, 0.3819955587387085),
            ["LeftHand"] = CFrame.new(4.470348358154297e-08, -5.960464477539063e-08, 2.9802322387695312e-08, 0.7633141279220581, 0.40377262234687805, -0.504301130771637, -0.5349819660186768, 0.832660436630249, -0.14307689666748047, 0.3621408939361572, 0.3790046274662018, 0.8515923023223877),
            ["LowerTorso"] = CFrame.new(0.04631708562374115, -0.284798264503479, 0.28015366196632385, 0.9998922944068909, 0.007098780944943428, -0.012852760031819344, -0.005571151152253151, 0.9933249354362488, 0.11521601676940918, 0.013584860600531101, -0.11513201892375946, 0.9932572841644287),
            ["RightUpperLeg"] = CFrame.new(5.960464477539063e-08, -4.0745362639427185e-08, -1.4268152881413698e-08, 0.9029650092124939, -0.4065776467323303, -0.13910029828548431, 0.266013503074646, 0.7831043004989624, -0.5621249675750732, 0.33747750520706177, 0.4705766439437866, 0.8152710199356079),
            ["LeftUpperLeg"] = CFrame.new(-5.960464477539063e-08, -1.9115395843982697e-07, -2.0954757928848267e-08, 0.9539902210235596, 0.299033522605896, -0.021945089101791382, -0.2119102030992508, 0.6206450462341309, -0.7549130320549011, -0.21212422847747803, 0.724830150604248, 0.6554575562477112),
        }},
        {Time = 0.200, Data = {
            ["LeftLowerArm"] = CFrame.new(-5.960464477539063e-08, -1.7881393432617188e-07, -4.842877388000488e-08, 1, -4.284083843231201e-08, 7.823108916227284e-08, 8.195637946073475e-08, 0.314951092004776, -0.9491080045700073, 6.519257311765614e-08, 0.9491079449653625, 0.3149508833885193),
            ["LeftFoot"] = CFrame.new(-1.4901161193847656e-08, -5.960464477539063e-08, -1.6763806343078613e-08, 0.970607340335846, -0.23739078640937805, 0.039586350321769714, 0.23985236883163452, 0.9676757454872131, -0.07793962210416794, -0.019804880023002625, 0.0851437896490097, 0.9961718916893005),
            ["RightHand"] = CFrame.new(5.960464477539063e-08, 0, 2.2351741790771484e-07, 0.9673914313316345, -0.11675770580768585, 0.2247704267501831, 0.13673041760921478, 0.9877350926399231, -0.07539346069097519, -0.2132105827331543, 0.10366795212030411, 0.9714906811714172),
            ["HumanoidRootPart"] = CFrame.new(0, 0, 0, 1, 0, 0, 0, 1, 0, 0, 0, 1),
            ["Laser"] = CFrame.new(-1.5307377576828003, 1.1548104286193848, -1.3507516384124756, 0.08885074406862259, 0.81369549036026, -0.5744607448577881, -0.81369549036026, -0.27333489060401917, -0.5130181908607483, -0.5744607448577881, 0.5130181908607483, 0.6378144025802612),
            ["RightLowerLeg"] = CFrame.new(1.3504177331924438e-08, -0.00012260675430297852, -0.000077381897426676, 1, -8.940696716308594e-08, -1.043081283569336e-07, 1.564621925354004e-07, 0.5425053238868713, 0.8400519490242004, -1.4901161193847656e-08, -0.8400523662567139, 0.5425060391426086),
            ["RightFoot"] = CFrame.new(-1.043081283569336e-07, 1.7881393432617188e-07, -1.3205863069742918e-08, 0.9525864124298096, 0.29841867089271545, -0.059375107288360596, -0.29188621044158936, 0.8411518335342407, -0.45526477694511414, -0.08591599762439728, 0.45100998878479004, 0.8883741497993469),
            ["LeftLowerLeg"] = CFrame.new(1.601874828338623e-07, 0.0001226663589477539, 0.00007747113704681396, 1, 5.960463766996327e-08, 3.352760913344355e-08, -5.215407838932151e-08, 0.6575327515602112, 0.7534259557723999, 5.401672353855247e-08, -0.7534260153770447, 0.6575326919555664),
            ["RightUpperArm"] = CFrame.new(-5.960464477539063e-08, 0, -4.470348358154297e-08, 0.986872673034668, -0.13808991014957428, 0.08374669402837753, 0.13286815583705902, 0.9889976382255554, 0.06503769755363464, -0.09180639684200287, -0.053056683391332626, 0.9943624138832092),
            ["Head"] = CFrame.new(-3.725290298461914e-09, 0, -1.5040859580039978e-07, 0.8767261505126953, 0.05534181743860245, 0.4777955710887909, 0.1725582331418991, 0.8910427093505859, -0.41984105110168457, -0.4489711821079254, 0.4505332112312317, 0.7716507315635681),
            ["UpperTorso"] = CFrame.new(-4.6566128730773926e-09, -1.4901161193847656e-07, -1.862645149230957e-08, 0.9995166659355164, 0.012568484991788864, -0.028435375541448593, -0.005133512429893017, 0.968805730342865, 0.24776844680309296, 0.030662424862384796, -0.24750268459320068, 0.9684019684791565),
            ["LeftUpperArm"] = CFrame.new(0, 1.1920928955078125e-07, -1.4156103134155273e-07, 0.956775426864624, -0.12371711432933807, 0.263201504945755, 0.16245262324810028, 0.9780043959617615, -0.1308305263519287, -0.24122631549835205, 0.1679331660270691, 0.9558286070823669),
            ["RightLowerArm"] = CFrame.new(5.960464477539063e-08, 4.76837158203125e-07, 8.568167686462402e-08, 1, -8.521601557731628e-08, 5.5879347371501353e-08, 1.0058283805847168e-07, 0.389076292514801, -0.9212055206298828, 5.587935447692871e-08, 0.9212055802345276, 0.389076292514801),
            ["LeftHand"] = CFrame.new(-1.4901161193847656e-08, 1.1920928955078125e-07, -1.4901161193847656e-07, 0.7639312744140625, 0.4031081199645996, -0.503898024559021, -0.5342117547988892, 0.8330939412117004, -0.14342990517616272, 0.3619764447212219, 0.37875887751579285, 0.8517714738845825),
            ["LowerTorso"] = CFrame.new(0.044471707195043564, -0.28247880935668945, 0.2815759778022766, 0.9998853802680969, 0.007764185778796673, -0.012999692931771278, -0.006243221927434206, 0.9935522079467773, 0.1132040023803711, 0.013794809579849243, -0.11310985684394836, 0.9934867024421692),
            ["RightUpperLeg"] = CFrame.new(1.7881393432617188e-07, 7.450580596923828e-09, -5.245237844064832e-08, 0.9032394886016846, -0.40641647577285767, -0.13778342306613922, 0.267829030752182, 0.7847397923469543, -0.5589735507965088, 0.3352999985218048, 0.4679841995239258, 0.8176578283309937),
            ["LeftUpperLeg"] = CFrame.new(-5.960464477539063e-08, 4.936009645462036e-08, -7.916241884231567e-09, 0.9540467858314514, 0.2992415726184845, -0.01579410396516323, -0.20839907228946686, 0.6247022151947021, -0.7525405883789062, -0.2153245210647583, 0.7212501764297485, 0.6583565473556519),
        }},
        {Time = 0.233, Data = {
            ["LeftLowerArm"] = CFrame.new(2.9802322387695312e-08, -5.960464477539063e-08, -1.341104507446289e-07, 1, -6.146728281919422e-08, 7.450579175838357e-08, 8.195638656616211e-08, 0.31175580620765686, -0.9501622915267944, 1.0896474123001099e-07, 0.9501622915267944, 0.3117556869983673),
            ["LeftFoot"] = CFrame.new(2.2351741790771484e-08, -5.960464477539063e-08, 1.862645149230957e-09, 0.9711839556694031, -0.23540258407592773, 0.03724744915962219, 0.23761656880378723, 0.9684675931930542, -0.074893057346344, -0.018442906439304352, 0.08158546686172485, 0.9964956641197205),
            ["RightHand"] = CFrame.new(7.82310962677002e-08, -5.960464477539063e-08, 1.043081283569336e-07, 0.9675323367118835, -0.11750642955303192, 0.22377102077007294, 0.13739904761314392, 0.9876376986503601, -0.07545360177755356, -0.21213838458061218, 0.1037495955824852, 0.9717167019844055),
            ["HumanoidRootPart"] = CFrame.new(0, 0, 0, 1, 0, 0, 0, 1, 0, 0, 0, 1),
            ["Laser"] = CFrame.new(-1.4927805662155151, 1.1168632507324219, -1.3507553339004517, 0.11689531058073044, 0.809609591960907, -0.5752110481262207, -0.8096097111701965, -0.2577689588069916, -0.5273399949073792, -0.5752111077308655, 0.5273399949073792, 0.6253357529640198),
            ["RightLowerLeg"] = CFrame.new(-1.6670674085617065e-07, -0.00012230873107910156, -0.00007751880184514448, 1, -1.1920926112907182e-07, 1.4901166522918174e-08, 7.450581307466564e-08, 0.546653687953949, 0.8373585939407349, -1.4901162970204496e-08, -0.8373587727546692, 0.5466541051864624),
            ["RightFoot"] = CFrame.new(-8.940696716308594e-08, 4.172325134277344e-07, -5.75528247281909e-09, 0.9524778127670288, 0.29843980073928833, -0.060991667211055756, -0.29291436076164246, 0.8424178957939148, -0.4522530436515808, -0.0835900530219078, 0.44862663745880127, 0.8898018598556519),
            ["LeftLowerLeg"] = CFrame.new(-4.842877388000488e-08, 0.00012284517288208008, 0.00007738359272480011, 1, 2.9802322387695312e-08, 2.60770320892334e-08, -5.21540641784668e-08, 0.6625093221664429, 0.7490535974502563, -3.725290298461914e-09, -0.7490537166595459, 0.6625094413757324),
            ["RightUpperArm"] = CFrame.new(1.1920928955078125e-07, -1.1920928955078125e-07, 5.587935447692871e-08, 0.9871704578399658, -0.13802114129066467, 0.08027932792901993, 0.132719486951828, 0.9888167381286621, 0.06802314519882202, -0.08877020329236984, -0.056495945900678635, 0.9944486021995544),
            ["Head"] = CFrame.new(-1.210719347000122e-08, 2.384185791015625e-07, 1.4551915228366852e-07, 0.8597170114517212, 0.05420726165175438, 0.5078859925270081, 0.18100637197494507, 0.897487223148346, -0.4021858870983124, -0.4776225984096527, 0.43769657611846924, 0.7617731690406799),
            ["UpperTorso"] = CFrame.new(2.3283064365386963e-09, 1.1920928955078125e-07, 4.330649971961975e-08, 0.9996675252914429, 0.009802095592021942, -0.02384873665869236, -0.003616237547248602, 0.969079852104187, 0.24672088027000427, 0.02552970126271248, -0.24655252695083618, 0.9687931537628174),
            ["LeftUpperArm"] = CFrame.new(-1.1920928955078125e-07, -2.384185791015625e-07, -8.195638656616211e-08, 0.9587476253509521, -0.12211748957633972, 0.2566910684108734, 0.1590854823589325, 0.9788657426834106, -0.12850581109523773, -0.23557326197624207, 0.16404034197330475, 0.957912266254425),
            ["RightLowerArm"] = CFrame.new(-3.2782554626464844e-07, 1.7881393432617188e-07, -1.4528632164001465e-07, 1, -6.682238762323323e-08, 7.078052988163108e-08, 7.078052277620372e-08, 0.39519962668418884, -0.9185951948165894, 4.842878098543224e-08, 0.9185953140258789, 0.39519983530044556),
            ["LeftHand"] = CFrame.new(-1.043081283569336e-07, 5.960464477539063e-08, -1.341104507446289e-07, 0.7646803855895996, 0.402138888835907, -0.5035356283187866, -0.5330403447151184, 0.8338196277618408, -0.14357279241085052, 0.36212149262428284, 0.3781920075416565, 0.8519617319107056),
            ["LowerTorso"] = CFrame.new(0.04325592517852783, -0.2801802158355713, 0.28273797035217285, 0.9998789429664612, 0.008344961330294609, -0.01313171535730362, -0.006831208243966103, 0.9937556982040405, 0.1113693118095398, 0.013979088515043259, -0.11126615107059479, 0.9936923384666443),
            ["RightUpperLeg"] = CFrame.new(1.1920928955078125e-07, 7.078051567077637e-08, 3.3694959711283445e-08, 0.9036139249801636, -0.4059436619281769, -0.13671700656414032, 0.26919785141944885, 0.786446750164032, -0.5559086203575134, 0.33318832516670227, 0.4655225872993469, 0.8199232816696167),
            ["LeftUpperLeg"] = CFrame.new(2.9802322387695312e-08, -2.1094456315040588e-07, 6.05359673500061e-09, 0.954135537147522, 0.29916325211524963, -0.011259245686233044, -0.20598408579826355, 0.6287341117858887, -0.7498425245285034, -0.21724629402160645, 0.7177707552909851, 0.6615205407142639),
        }},
        {Time = 0.267, Data = {
            ["LeftLowerArm"] = CFrame.new(-1.4901161193847656e-07, -5.960464477539062e-07, 5.3085386753082275e-08, 1, 0, 1.0058283805847168e-07, 7.450579886381092e-08, 0.30833032727241516, -0.9512794613838196, 5.681066994611683e-08, 0.9512794017791748, 0.30833008885383606),
            ["LeftFoot"] = CFrame.new(-1.3597309589385986e-07, -5.960464477539063e-08, 7.450580596923828e-09, 0.9715007543563843, -0.23421935737133026, 0.036438923329114914, 0.23631824553012848, 0.9690033793449402, -0.07201540470123291, -0.018442075699567795, 0.0785740464925766, 0.9967376589775085),
            ["RightHand"] = CFrame.new(-6.705522537231445e-08, 5.960464477539063e-08, 1.341104507446289e-07, 0.9676292538642883, -0.11818023025989532, 0.22299592196941376, 0.13799190521240234, 0.9875587224960327, -0.07540541142225266, -0.21131014823913574, 0.10373619943857193, 0.97189861536026),
            ["HumanoidRootPart"] = CFrame.new(0, 0, 0, 1, 0, 0, 0, 1, 0, 0, 0, 1),
            ["Laser"] = CFrame.new(-0.888071596622467, 1.0509276390075684, -1.3507657051086426, 0.3962731659412384, 0.6538410186767578, -0.6445614695549011, -0.6538410186767578, -0.2918848991394043, -0.6980652809143066, -0.6445614695549011, 0.6980652809143066, 0.3118419349193573),
