return {
    ["Laser Pointer"] = {
        {Time = 0.000, Data = {
            ["RightFoot"] = CFrame.new(1.8440186977386475e-07, 2.384185791015625e-07, 1.287116901949048e-08, 0.9940300583839417, -0.09625864773988724, 0.05136741325259209, 0.10799933969974518, 0.8011524081230164, -0.5886350870132446, 0.015508175827562809, 0.5906684398651123, 0.8067651987075806),
            ["LeftLowerArm"] = CFrame.new(6.556510925292969e-07, 0, 0.0000049173831939697266, 1, 5.308539243742416e-07, 2.598389983177185e-07, -1.9371512394172896e-07, 0.7249454259872437, -0.6888062357902527, -6.183982463880966e-07, 0.6888063549995422, 0.7249455451965332),
            ["RightUpperArm"] = CFrame.new(-0.02920234203338623, -0.023886442184448242, 0.0649661049246788, 0.9919178485870361, 0.12667208909988403, 0.00729087321087718, -0.09869879484176636, 0.8064254522323608, -0.5830410122871399, -0.07973461598157883, 0.577609121799469, 0.8124100565910339),
            ["Head"] = CFrame.new(1.1175870895385742e-08, -8.344650268554688e-07, 4.516914486885071e-08, 0.9470697045326233, -0.038992028683423996, -0.31865113973617554, 0.03735671564936638, 0.9992387890815735, -0.011244367808103561, 0.3188472390174866, -0.0012544388882815838, 0.9478054642677307),
            ["RightHand"] = CFrame.new(9.5367431640625e-07, 0.0000016689300537109375, -8.195638656616211e-07, 0.8299180865287781, -0.16569429636001587, -0.5327115654945374, 0.12272483855485916, 0.9857087731361389, -0.1153988391160965, 0.5442193150520325, 0.030394531786441803, 0.8383923172950745),
            ["UpperTorso"] = CFrame.new(7.450580596923828e-09, -6.556510925292969e-07, 2.0489096641540527e-08, 0.8001623153686523, -0.13172268867492676, 0.585140585899353, -0.087051622569561, 0.9397510290145874, 0.3305903375148773, -0.593432605266571, -0.3154635727405548, 0.7404866814613342),
            ["HumanoidRootPart"] = CFrame.new(0, 0, 0, 1, 0, 0, 0, 1, 0, 0, 0, 1),
            ["RightUpperLeg"] = CFrame.new(0, -1.8067657947540283e-07, -7.620110409334302e-08, 0.9254580736160278, -0.13927020132541656, -0.35232260823249817, 0.10663541406393051, 0.9881389737129211, -0.11050000786781311, 0.36353299021720886, 0.06469308584928513, 0.9293322563171387),
            ["LeftUpperArm"] = CFrame.new(0.029202818870544434, -0.023888587951660156, 0.0649651288986206, 0.9920894503593445, -0.12479709088802338, -0.013580766506493092, 0.1153932735323906, 0.8640105724334717, 0.4900719225406647, -0.049425140023231506, -0.4877617359161377, 0.8715762495994568),
            ["RightLowerArm"] = CFrame.new(-2.9802322387695312e-08, 7.152557373046875e-07, -0.0000036954879760742188, 1, 0.000012077386600140017, 0.000015100467862794176, 0.000018820168406818993, -0.7844213247299194, -0.6202277541160583, 0.000004276633717381628, 0.6202283501625061, -0.7844218015670776),
            ["LeftHand"] = CFrame.new(-0.000001519918441772461, -4.76837158203125e-07, 2.644956111907959e-07, 0.9385460615158081, 0.14573924243450165, 0.3128746449947357, -0.19483117759227753, 0.9719542860984802, 0.13170304894447327, -0.2849072515964508, -0.18456746637821198, 0.9406188130378723),
            ["LeftFoot"] = CFrame.new(-4.470348358154297e-08, 5.960464477539063e-08, -1.4901161193847656e-08, 0.9796496629714966, 0.05286690592765808, -0.1936279833316803, 0.04801458865404129, 0.8749545216560364, 0.48181891441345215, 0.19488799571990967, -0.48131048679351807, 0.8546103835105896),
            ["LowerTorso"] = CFrame.new(-0.07972770184278488, -0.2134922742843628, 0.15265746414661407, 0.9386347532272339, 0.046868856996297836, -0.3417137563228607, -0.125566765666008, 0.9691731333732605, -0.21198228001594543, 0.3212444484233856, 0.2418818175792694, 0.9155846238136292),
            ["RightLowerLeg"] = CFrame.new(-5.587935447692871e-08, -0.0007262825965881348, 0.000046031382225919515, 1, 2.458692165419052e-07, -1.266598985694145e-07, -6.70552182668871e-08, 0.5049566030502319, 0.8631446957588196, 2.84984679410627e-07, -0.8631446957588196, 0.5049567222595215),
            ["LeftUpperLeg"] = CFrame.new(5.960464477539063e-08, -4.2963074520230293e-07, 3.1082890927791595e-08, 0.9986479878425598, -0.016360394656658173, 0.04934205859899521, 0.021480947732925415, -0.7344794869422913, -0.678290843963623, 0.04733770713210106, 0.6784336566925049, -0.7331350445747375),
            ["LeftLowerLeg"] = CFrame.new(2.9802322387695312e-08, -0.0007265806198120117, 0.00008096545934677124, 1, 7.82310962677002e-08, 2.1606678046737215e-07, -1.4901161193847656e-08, -0.7509630918502808, 0.6603440642356873, 2.0116567611694336e-07, -0.6603441834449768, -0.7509631514549255),
        }},
        {Time = 0.017, Data = {
            ["RightFoot"] = CFrame.new(2.6170164346694946e-07, 2.980232238769531e-07, 1.287116901949048e-08, 0.9944533109664917, -0.09704238176345825, 0.040566179901361465, 0.1032327190041542, 0.8266603350639343, -0.5531507134437561, 0.020144881680607796, 0.5542702078819275, 0.8320930004119873),
            ["LeftLowerArm"] = CFrame.new(7.748603820800781e-07, -2.980232238769531e-07, 0.000004857778549194336, 1, 5.438923835754395e-07, 2.533197687171196e-07, -1.5646217832454568e-07, 0.6410525441169739, -0.7674972414970398, -5.885958103135636e-07, 0.7674970626831055, 0.6410523056983948),
            ["RightUpperArm"] = CFrame.new(-0.02920246124267578, -0.02388632297515869, 0.06496617197990417, 0.9982612729072571, 0.0541091188788414, -0.023380018770694733, -0.05751904100179672, 0.8075223565101624, -0.5870257019996643, -0.01288401149213314, 0.5873498916625977, 0.809230625629425),
            ["Head"] = CFrame.new(-1.1175870895385742e-08, -7.152557373046875e-07, 2.6542693376541138e-08, 0.9468204379081726, -0.026957077905535698, -0.32063162326812744, 0.025986524298787117, 0.999635636806488, -0.007306868210434914, 0.320711612701416, -0.0014139865525066853, 0.9471758008003235),
            ["RightHand"] = CFrame.new(0.000001043081283569336, 0.0000011920928955078125, -7.152557373046875e-07, 0.8536540865898132, -0.19425347447395325, -0.4832605719566345, 0.15122444927692413, 0.9803172945976257, -0.12692220509052277, 0.4984033405780792, 0.035267096012830734, 0.8662275075912476),
            ["UpperTorso"] = CFrame.new(-4.842877388000488e-08, -2.086162567138672e-07, -6.891787052154541e-08, 0.8213039040565491, -0.13623571395874023, 0.5539854764938354, -0.07658366113901138, 0.9359493255615234, 0.3437061011791229, -0.5653272867202759, -0.3247132897377014, 0.7582651972770691),
            ["HumanoidRootPart"] = CFrame.new(0, 0, 0, 1, 0, 0, 0, 1, 0, 0, 0, 1),
            ["RightUpperLeg"] = CFrame.new(5.960464477539063e-08, -2.4586915969848633e-07, -7.620110409334302e-08, 0.913322389125824, -0.13679024577140808, -0.3835764229297638, 0.1114904060959816, 0.9899014234542847, -0.08755023777484894, 0.39167869091033936, 0.03719636797904968, 0.9193497896194458),
            ["LeftUpperArm"] = CFrame.new(0.029202818870544434, -0.023888349533081055, 0.064965158700943, 0.9945105314254761, -0.08091407269239426, -0.06634712219238281, 0.10258539021015167, 0.8788887858390808, 0.46586525440216064, 0.020616455003619194, -0.4701142907142639, 0.882364809513092),
            ["RightLowerArm"] = CFrame.new(3.2782554626464844e-07, 5.960464477539062e-07, -0.000003337860107421875, 1, 0.000011399388313293457, 0.0000155232864926802, 0.000018768014342640527, -0.7557156085968018, -0.6549000144004822, 0.000004254281975590857, 0.6549000144004822, -0.7557156085968018),
            ["LeftHand"] = CFrame.new(-0.0000015497207641601562, -2.384185791015625e-07, 1.4901161193847656e-07, 0.9362506866455078, 0.2272423654794693, 0.26794591546058655, -0.2512987554073334, 0.9661267995834351, 0.058720365166664124, -0.24552729725837708, -0.12231118977069855, 0.9616429209709167),
            ["LeftFoot"] = CFrame.new(-6.705522537231445e-08, 2.980232238769531e-07, -2.2351741790771484e-08, 0.9829254150390625, 0.05919000506401062, -0.1742246299982071, 0.020548516884446144, 0.9056172370910645, 0.4235980212688446, 0.18285368382930756, -0.41994521021842957, 0.8889378309249878),
            ["LowerTorso"] = CFrame.new(-0.07558038085699081, -0.191331148147583, 0.15702782571315765, 0.9515416622161865, 0.053474314510822296, -0.3028348982334137, -0.12384669482707977, 0.968011736869812, -0.21820984780788422, 0.2814790606498718, 0.24514085054397583, 0.9277260899543762),
            ["RightLowerLeg"] = CFrame.new(-4.0978193283081055e-08, -0.0007264614105224609, 0.00004608353629009798, 1, 2.7567156735130993e-07, -1.3783576946480025e-07, -4.4703490686970326e-08, 0.537856936454773, 0.8430360555648804, 3.1106176834327925e-07, -0.8430362343788147, 0.5378570556640625),
            ["LeftUpperLeg"] = CFrame.new(0, -3.9348378777503967e-07, -1.4901161193847656e-08, 0.9952909350395203, -0.005914570298045874, 0.0967525765299797, 0.06667407602071762, -0.6827421188354492, -0.7276111245155334, 0.0703604593873024, 0.7306355834007263, -0.6791326999664307),
            ["LeftLowerLeg"] = CFrame.new(-5.960464477539063e-08, -0.0007262825965881348, 0.00008106231689453125, 1, 1.4062973718864669e-07, 2.6728957891464233e-07, -2.60770232074492e-08, -0.7248587608337402, 0.6888976693153381, 1.452862647965958e-07, -0.6888976097106934, -0.7248587012290955),
        }},
        {Time = 0.033, Data = {
            ["RightFoot"] = CFrame.new(2.1979212760925293e-07, 2.384185791015625e-07, -3.4269760362803936e-09, 0.9945555925369263, -0.09828750044107437, 0.03462596237659454, 0.10242197662591934, 0.8607061505317688, -0.49869304895401, 0.01921267807483673, 0.4995242953300476, 0.8660868406295776),
            ["LeftLowerArm"] = CFrame.new(6.556510925292969e-07, -4.76837158203125e-07, 0.000005170702934265137, 1, 5.178151809559495e-07, 1.583247950520672e-07, -1.7508865823856468e-07, 0.5306425094604492, -0.8475956320762634, -5.58793601612706e-07, 0.8475958108901978, 0.5306428074836731),
            ["RightUpperArm"] = CFrame.new(-0.02920246124267578, -0.023886919021606445, 0.0649661272764206, 0.9981542825698853, -0.013724278658628464, -0.0591592974960804, -0.023929284885525703, 0.8064450621604919, -0.5908243060112, 0.05581749230623245, 0.5911498069763184, 0.8046283721923828),
            ["Head"] = CFrame.new(2.0489096641540527e-08, -0.0000011920928955078125, -7.450580596923828e-09, 0.946054995059967, -0.01644185185432434, -0.3235890567302704, 0.01623259298503399, 0.9998627305030823, -0.0033459009137004614, 0.3235994279384613, -0.0020870640873908997, 0.9461919069290161),
            ["RightHand"] = CFrame.new(0.0000010132789611816406, 0.0000010132789611816406, -8.046627044677734e-07, 0.8806540369987488, -0.2103857398033142, -0.4244840145111084, 0.16073259711265564, 0.9755280613899231, -0.1500331610441208, 0.44566088914871216, 0.06389889866113663, 0.8929185271263123),
            ["UpperTorso"] = CFrame.new(1.1175870895385742e-08, -4.172325134277344e-07, 1.1175870895385742e-07, 0.8388839364051819, -0.14176903665065765, 0.5255237817764282, -0.06487250328063965, 0.9325634241104126, 0.3551294207572937, -0.5404306054115295, -0.33200472593307495, 0.7731156349182129),
            ["HumanoidRootPart"] = CFrame.new(0, 0, 0, 1, 0, 0, 0, 1, 0, 0, 0, 1),
            ["RightUpperLeg"] = CFrame.new(-2.9802322387695312e-08, -2.8312206268310547e-07, -1.6952981241047382e-09, 0.899082362651825, -0.13361498713493347, -0.416890949010849, 0.11564566195011139, 0.9909467101097107, -0.06819610297679901, 0.42222875356674194, 0.013102207332849503, 0.9063947200775146),
            ["LeftUpperArm"] = CFrame.new(0.029202938079833984, -0.023888349533081055, 0.06496524810791016, 0.9941331148147583, -0.03188768029212952, -0.1033572256565094, 0.07565633952617645, 0.8879013657569885, 0.45377087593078613, 0.0773014947772026, -0.45892763137817383, 0.8851040601730347),
            ["RightLowerArm"] = CFrame.new(2.384185791015625e-07, -1.1920928955078125e-07, -0.000003591179847717285, 1, 0.000010783541256387252, 0.000016024348951759748, 0.000018775463104248047, -0.7285324335098267, -0.6850108504295349, 0.000004298985004425049, 0.6850112676620483, -0.7285329103469849),
            ["LeftHand"] = CFrame.new(-0.0000014826655387878418, -3.5762786865234375e-07, 3.2782554626464844e-07, 0.9324829578399658, 0.2936261296272278, 0.21037709712982178, -0.30002036690711975, 0.9539315104484558, -0.0015945424092933536, -0.2011549323797226, -0.06163107603788376, 0.9776190519332886),
            ["LeftFoot"] = CFrame.new(-4.842877388000488e-08, 5.960464477539063e-08, -8.195638656616211e-08, 0.9853394627571106, 0.0617656409740448, -0.1590324193239212, -0.0013680834090337157, 0.9349942207336426, 0.3546604812145233, 0.1706002950668335, -0.3492432236671448, 0.9213710427284241),
            ["LowerTorso"] = CFrame.new(-0.0701017677783966, -0.16243088245391846, 0.16279658675193787, 0.9619721174240112, 0.059558767825365067, -0.26657527685165405, -0.12130313366651535, 0.9675723314285278, -0.22156161069869995, 0.24473486840724945, 0.2454725205898285, 0.9380022883415222),
            ["RightLowerLeg"] = CFrame.new(-1.0803341865539551e-07, -0.0007265806198120117, 0.00004608353629009798, 1, 3.054739465824241e-07, -1.3783576946480025e-07, -4.842877388000488e-08, 0.5754024386405945, 0.8178702592849731, 2.384185791015625e-07, -0.817870557308197, 0.5754026770591736),
            ["LeftUpperLeg"] = CFrame.new(8.940696716308594e-08, -4.842877388000488e-07, 7.078051567077637e-08, 0.9910585880279541, -0.0010853634448722005, 0.13342371582984924, 0.10489998757839203, -0.611624538898468, -0.7841628789901733, 0.0824563279747963, 0.7911474704742432, -0.6060417890548706),
            ["LeftLowerLeg"] = CFrame.new(-3.725290298461914e-08, -0.0007261037826538086, 0.00008103251457214355, 1, 1.2840614260767325e-07, 2.0745210349559784e-07, -9.126959810146218e-08, -0.6980826258659363, 0.7160171270370483, 1.899897767998482e-07, -0.7160172462463379, -0.6980827450752258),
        }},
        {Time = 0.050, Data = {
            ["RightFoot"] = CFrame.new(1.648440957069397e-07, 2.980232238769531e-07, 2.7539499569684267e-08, 0.9968527555465698, -0.07489021122455597, 0.026002665981650352, 0.07887261360883713, 0.9038630127906799, -0.4204886555671692, 0.007987559773027897, 0.42121633887290955, 0.9069251418113708),
            ["LeftLowerArm"] = CFrame.new(8.940696716308594e-07, 5.960464477539063e-08, 0.000004783272743225098, 1, 5.578623358815094e-07, 4.3772171665068527e-08, -1.266598843585598e-07, 0.40420201420783997, -0.9146698117256165, -5.811453434034775e-07, 0.9146698117256165, 0.40420183539390564),
            ["RightUpperArm"] = CFrame.new(-0.02920234203338623, -0.02388632297515869, 0.0649661123752594, 0.9930622577667236, -0.07756771147251129, -0.08837799727916718, 0.00951469037681818, 0.8021178841590881, -0.5970900058746338, 0.11720409989356995, 0.5921066403388977, 0.7972910404205322),
            ["Head"] = CFrame.new(3.725290298461914e-09, -7.152557373046875e-07, -6.239861249923706e-08, 0.9450535178184509, -0.011557845398783684, -0.32671141624450684, 0.010952929966151714, 0.9999332427978516, -0.003691481426358223, 0.32673224806785583, -0.00009004725143313408, 0.9451169371604919),
            ["RightHand"] = CFrame.new(8.009374141693115e-07, 0.0000011920928955078125, -7.599592208862305e-07, 0.9079489707946777, -0.25314512848854065, -0.33398574590682983, 0.19779537618160248, 0.9614509344100952, -0.1910211443901062, 0.3694666624069214, 0.107376828789711, 0.9230191707611084),
            ["UpperTorso"] = CFrame.new(1.4901161193847656e-08, -1.7881393432617188e-07, -2.1420419216156006e-08, 0.8517813086509705, -0.14619505405426025, 0.5030863881111145, -0.05188394710421562, 0.9320154190063477, 0.35868582129478455, -0.5213220715522766, -0.3316238224506378, 0.7862879633903503),
            ["HumanoidRootPart"] = CFrame.new(0, 0, 0, 1, 0, 0, 0, 1, 0, 0, 0, 1),
            ["RightUpperLeg"] = CFrame.new(2.9802322387695312e-08, -1.695007085800171e-07, -1.6952981241047382e-09, 0.8882814645767212, -0.1270870864391327, -0.4413672089576721, 0.1146782711148262, 0.9918897151947021, -0.05480676516890526, 0.44475290179252625, -0.0019316044636070728, 0.8956512808799744),
            ["LeftUpperArm"] = CFrame.new(0.029202818870544434, -0.023888230323791504, 0.06496509909629822, 0.9924756288528442, 0.018009409308433533, -0.12111116200685501, 0.03836940973997116, 0.8935563564300537, 0.4473080039024353, 0.11627504229545593, -0.4485896825790405, 0.8861420154571533),
            ["RightLowerArm"] = CFrame.new(2.682209014892578e-07, 5.960464477539062e-07, -0.0000037550926208496094, 1, 0.000010129063412023243, 0.00001637940113141667, 0.000018788497982313856, -0.7010091543197632, -0.713152289390564, 0.0000042766323531395756, 0.7131523489952087, -0.7010091543197632),
            ["LeftHand"] = CFrame.new(-0.0000014044344425201416, -1.1920928955078125e-07, 4.172325134277344e-07, 0.9269885420799255, 0.35243502259254456, 0.1283784657716751, -0.3470289409160614, 0.9357332587242126, -0.06304602324962616, -0.14234858751296997, 0.013891968876123428, 0.9897192716598511),
            ["LeftFoot"] = CFrame.new(-4.237517714500427e-08, 1.1920928955078125e-07, 2.2351741790771484e-08, 0.9880660772323608, 0.058482978492975235, -0.14249661564826965, -0.017574859783053398, 0.9618797302246094, 0.27290770411491394, 0.15302510559558868, -0.2671465575695038, 0.9514285326004028),
            ["LowerTorso"] = CFrame.new(-0.06291697919368744, -0.13016915321350098, 0.1706753522157669, 0.9690271019935608, 0.06301242113113403, -0.2387804239988327, -0.11696765571832657, 0.9686760902404785, -0.219055637717247, 0.21749763190746307, 0.24020041525363922, 0.9460437297821045),
            ["RightLowerLeg"] = CFrame.new(-8.195638656616211e-08, -0.0007264018058776855, 0.000046090986870694906, 1, 2.8312211952652433e-07, -1.4901168299275014e-07, -5.960463766996327e-08, 0.6162967681884766, 0.7875136137008667, 2.2724267978446733e-07, -0.7875140309333801, 0.6162973046302795),
            ["LeftUpperLeg"] = CFrame.new(0, -1.7136335372924805e-07, 7.450580596923828e-09, 0.9881057143211365, 0.0051545873284339905, 0.15368971228599548, 0.1330462396144867, -0.5298110842704773, -0.8376150727272034, 0.07710890471935272, 0.8481000065803528, -0.5241951942443848),
            ["LeftLowerLeg"] = CFrame.new(-4.7497451305389404e-08, -0.0007265210151672363, 0.00008090585470199585, 1, 9.872019290924072e-08, 1.5519623275395134e-07, -4.470348358154297e-08, -0.6756412386894226, 0.7372304797172546, 1.5227124094963074e-07, -0.7372305989265442, -0.6756413578987122),
        }},
        {Time = 0.067, Data = {
            ["RightFoot"] = CFrame.new(1.862645149230957e-07, 1.7881393432617188e-07, 5.198671715334058e-08, 0.997200071811676, -0.0708174854516983, 0.024020828306674957, 0.07476424425840378, 0.9374338388442993, -0.34004124999046326, 0.0015628880355507135, 0.3408852219581604, 0.9401037096977234),
            ["LeftLowerArm"] = CFrame.new(0.0000012814998626708984, 5.960464477539063e-08, 0.0000044852495193481445, 1, 5.606561330750992e-07, -2.887100691850719e-08, -1.3411046495548362e-07, 0.2709316611289978, -0.9625985026359558, -5.271286340757797e-07, 0.9625985622406006, 0.27093198895454407),
            ["RightUpperArm"] = CFrame.new(-0.02920234203338623, -0.023886799812316895, 0.06496619433164597, 0.9864189624786377, -0.12841330468654633, -0.10240981727838516, 0.04217939451336861, 0.8006411194801331, -0.5976580381393433, 0.15874099731445312, 0.5852213501930237, 0.7951837182044983),
            ["Head"] = CFrame.new(5.587935447692871e-09, -9.5367431640625e-07, -3.5390257835388184e-08, 0.9453769326210022, -0.010696673765778542, -0.3258039951324463, 0.009313651360571384, 0.9999397993087769, -0.0058042616583406925, 0.32584628462791443, 0.002452753484249115, 0.9454195499420166),
            ["RightHand"] = CFrame.new(0.0000011026859283447266, 0.0000012516975402832031, -9.5367431640625e-07, 0.9267393350601196, -0.2876676619052887, -0.24166478216648102, 0.23603403568267822, 0.946232259273529, -0.22120673954486847, 0.292305052280426, 0.14795945584774017, 0.9448099732398987),
            ["UpperTorso"] = CFrame.new(-2.2351741790771484e-08, -1.4901161193847656e-07, -3.259629011154175e-08, 0.8628231883049011, -0.15055030584335327, 0.4825669825077057, -0.039213161915540695, 0.9318116903305054, 0.360817551612854, -0.5039827227592468, -0.3302448093891144, 0.7980851531028748),
            ["HumanoidRootPart"] = CFrame.new(0, 0, 0, 1, 0, 0, 0, 1, 0, 0, 0, 1),
            ["RightUpperLeg"] = CFrame.new(2.9802322387695312e-08, -3.5762786865234375e-07, -2.4047039914876223e-08, 0.8775562644004822, -0.12241706252098083, -0.46358296275138855, 0.11032110452651978, 0.9924688935279846, -0.053242262452840805, 0.46660950779914856, -0.004420118406414986, 0.8844524621963501),
            ["LeftUpperArm"] = CFrame.new(0.029202759265899658, -0.023888349533081055, 0.0649651288986206, 0.9901202321052551, 0.0668097659945488, -0.12328176945447922, -0.0049395253881812096, 0.8952650427818298, 0.44550707936286926, 0.14013420045375824, -0.4404963552951813, 0.8867496848106384),
            ["RightLowerArm"] = CFrame.new(2.384185791015625e-07, 4.76837158203125e-07, -0.0000033676624298095703, 1, 0.000009585171937942505, 0.00001675263229117263, 0.00001879967749118805, -0.6766423583030701, -0.7363119125366211, 0.000004297122359275818, 0.7363119125366211, -0.6766422390937805),
            ["LeftHand"] = CFrame.new(-0.0000014975666999816895, -8.344650268554688e-07, 5.811452865600586e-07, 0.9218526482582092, 0.38589048385620117, 0.03571217879652977, -0.37920936942100525, 0.9172024130821228, -0.12223264575004578, -0.07992494106292725, 0.09913790971040726, 0.9918587803840637),
            ["LeftFoot"] = CFrame.new(4.0978193283081055e-08, 2.980232238769531e-07, 1.4901161193847656e-08, 0.9906564950942993, 0.05262168124318123, -0.12582002580165863, -0.028747541829943657, 0.9824071526527405, 0.18452543020248413, 0.13331645727157593, -0.17918463051319122, 0.9747408628463745),
            ["LowerTorso"] = CFrame.new(-0.05575823038816452, -0.09627437591552734, 0.17871525883674622, 0.973808228969574, 0.06488823890686035, -0.21791549026966095, -0.1125078946352005, 0.9703720211982727, -0.2138231247663498, 0.19758448004722595, 0.23273995518684387, 0.9522565603256226),
            ["RightLowerLeg"] = CFrame.new(-2.9802322387695312e-08, -0.0007266402244567871, 0.00004609843745129183, 1, 2.3096805534805753e-07, -1.3783578367565497e-07, -4.4703490686970326e-08, 0.6447767615318298, 0.7643707394599915, 2.8871002655250777e-07, -0.7643710374832153, 0.6447771191596985),
            ["LeftUpperLeg"] = CFrame.new(2.9802322387695312e-08, -1.9744038581848145e-07, 1.4901161193847656e-08, 0.9863595962524414, 0.011537346988916397, 0.16420014202594757, 0.1526169776916504, -0.43781670928001404, -0.8860161900520325, 0.061667315661907196, 0.8989902138710022, -0.43360546231269836),
            ["LeftLowerLeg"] = CFrame.new(5.960464477539063e-08, -0.0007264018058776855, 0.00008115917444229126, 1, 1.1920928955078125e-07, 1.6670675506702537e-07, -7.264316082000732e-08, -0.6552416682243347, 0.7554190754890442, 1.6391277313232422e-07, -0.7554193735122681, -0.6552419662475586),
        }},
        {Time = 0.083, Data = {
            ["RightFoot"] = CFrame.new(1.5832483768463135e-07, 5.960464477539063e-08, 5.3849362302571535e-08, 0.9967153668403625, -0.07625139504671097, 0.027282070368528366, 0.08073002845048904, 0.9622131586074829, -0.26005521416664124, -0.00642156507819891, 0.2614034414291382, 0.9652082920074463),
            ["LeftLowerArm"] = CFrame.new(3.8743019104003906e-07, -4.172325134277344e-07, 0.00000451505184173584, 1, 5.550681976274063e-07, -7.82310962677002e-08, -1.6018744020129816e-07, 0.1316138207912445, -0.9913010597229004, -4.824249799639801e-07, 0.9913010597229004, 0.1316138207912445),
            ["RightUpperArm"] = CFrame.new(-0.02920234203338623, -0.023886561393737793, 0.06496613472700119, 0.9815623760223389, -0.1614837944507599, -0.10226543247699738, 0.070527084171772, 0.803249716758728, -0.5914523005485535, 0.17765475809574127, 0.5733350515365601, 0.7998287081718445),
            ["Head"] = CFrame.new(-5.587935447692871e-09, -9.5367431640625e-07, -6.332993507385254e-08, 0.9463725686073303, -0.012007862329483032, -0.3228541314601898, 0.010610027238726616, 0.9999251961708069, -0.0060894666239619255, 0.3229030966758728, 0.00233715889044106, 0.9464291334152222),
            ["RightHand"] = CFrame.new(0.0000010952353477478027, 0.0000011324882507324219, -7.450580596923828e-07, 0.9368525743484497, -0.31649982929229736, -0.1487797200679779, 0.2750161588191986, 0.9295302033424377, -0.24564175307750702, 0.2160407155752182, 0.18921324610710144, 0.95787513256073),
            ["UpperTorso"] = CFrame.new(-1.30385160446167e-08, 2.9802322387695312e-08, 1.257285475730896e-08, 0.8710735440254211, -0.15394607186317444, 0.46640291810035706, -0.026508579030632973, 0.9334886074066162, 0.3576260507106781, -0.49043697118759155, -0.3238820433616638, 0.809056282043457),
            ["HumanoidRootPart"] = CFrame.new(0, 0, 0, 1, 0, 0, 0, 1, 0, 0, 0, 1),
            ["RightUpperLeg"] = CFrame.new(-2.9802322387695312e-08, -5.587935447692871e-08, 2.0656443666666746e-08, 0.8679472804069519, -0.12189660966396332, -0.481465220451355, 0.10306978225708008, 0.9925166368484497, -0.06547792255878448, 0.4858437180519104, 0.0072067840956151485, 0.8740160465240479),
            ["LeftUpperArm"] = CFrame.new(0.029202818870544434, -0.023888468742370605, 0.0649651288986206, 0.9862095713615417, 0.11303281784057617, -0.12088975310325623, -0.048444099724292755, 0.8956072926521301, 0.4421994984149933, 0.15825282037258148, -0.43024542927742004, 0.8887324929237366),
            ["RightLowerArm"] = CFrame.new(2.384185791015625e-07, 7.152557373046875e-07, -0.00000356137752532959, 1, 0.000009130688340519555, 0.000016983593013719656, 0.000018796883523464203, -0.657071053981781, -0.7538287043571472, 0.0000042691826820373535, 0.753828763961792, -0.6570709943771362),
            ["LeftHand"] = CFrame.new(-0.0000013522803783416748, -2.384185791015625e-07, 1.6391277313232422e-07, 0.9176620841026306, 0.39520788192749023, -0.04130147397518158, -0.3964494466781616, 0.9035572409629822, -0.1625223308801651, -0.026912232860922813, 0.1655142456293106, 0.9858401417732239),
            ["LeftFoot"] = CFrame.new(-3.725290298461914e-08, 5.960464477539063e-08, 7.450580596923828e-09, 0.992012619972229, 0.05257851257920265, -0.11465876549482346, -0.04080251231789589, 0.9938713908195496, 0.1027364581823349, 0.11935778707265854, -0.09723754227161407, 0.9880782961845398),
            ["LowerTorso"] = CFrame.new(-0.04896504431962967, -0.0630788803100586, 0.18758127093315125, 0.9764914512634277, 0.06611843407154083, -0.20516563951969147, -0.1087479293346405, 0.9729008674621582, -0.20405331254005432, 0.1861141324043274, 0.22156760096549988, 0.957219660282135),
            ["RightLowerLeg"] = CFrame.new(0, -0.0007266402244567871, 0.00004608353629009798, 1, 3.054739465824241e-07, -2.197921844526718e-07, -3.725290653733282e-08, 0.6610812544822693, 0.7503141760826111, 2.1979215603096236e-07, -0.7503143548965454, 0.6610814332962036),
            ["LeftUpperLeg"] = CFrame.new(-8.940696716308594e-08, -8.940696716308594e-08, -2.2351741790771484e-08, 0.985797107219696, 0.0205649733543396, 0.1666773408651352, 0.16354520618915558, -0.34314507246017456, -0.9249349236488342, 0.038173213601112366, 0.9390572905540466, -0.34163472056388855),
            ["LeftLowerLeg"] = CFrame.new(-7.450580596923828e-08, -0.0007262229919433594, 0.00008095800876617432, 1, 1.0710209608078003e-07, 1.7927962403518904e-07, -2.7939677238464355e-08, -0.6336928606033325, 0.7735847234725952, 1.5273690223693848e-07, -0.7735847234725952, -0.6336929798126221),
        }},
        {Time = 0.100, Data = {
            ["RightFoot"] = CFrame.new(1.862645149230957e-07, 2.384185791015625e-07, 2.4047039914876223e-08, 0.9961283206939697, -0.08087040483951569, 0.03447315841913223, 0.08599819242954254, 0.9777693748474121, -0.19123713672161102, -0.018241379410028458, 0.19346119463443756, 0.9809383749961853),
            ["LeftLowerArm"] = CFrame.new(9.834766387939453e-07, 2.980232238769531e-07, 0.000005170702934265137, 1, 5.066395374342392e-07, -1.9324950528698537e-07, -1.2572857599479903e-07, -0.008504459634423256, -0.9999639391899109, -5.140901748745819e-07, 0.9999638795852661, -0.008504549041390419),
            ["RightUpperArm"] = CFrame.new(-0.02920246124267578, -0.023886561393737793, 0.0649661049246788, 0.9801507592201233, -0.18055425584316254, -0.08188475668430328, 0.10160010308027267, 0.8121216893196106, -0.5745741724967957, 0.17024143040180206, 0.5548499822616577, 0.8143460750579834),
            ["Head"] = CFrame.new(-3.725290298461914e-09, -7.152557373046875e-07, -2.0489096641540527e-08, 0.9472349882125854, -0.013273346237838268, -0.3202652633190155, 0.011823516339063644, 0.9999092221260071, -0.006471569649875164, 0.3203219175338745, 0.0023432255256921053, 0.9473058581352234),
            ["RightHand"] = CFrame.new(8.866190910339355e-07, 0.0000011324882507324219, -9.685754776000977e-07, 0.938540518283844, -0.33910825848579407, -0.06440144032239914, 0.3114751875400543, 0.9124547243118286, -0.26534807682037354, 0.14874449372291565, 0.22898055613040924, 0.9619994163513184),
            ["UpperTorso"] = CFrame.new(2.9802322387695312e-08, -4.470348358154297e-07, -1.0011717677116394e-08, 0.8778162002563477, -0.1557670682668686, 0.45296332240104675, -0.014496775344014168, 0.9365749359130859, 0.3501676619052887, -0.47877833247184753, -0.31394919753074646, 0.8198822736740112),
            ["HumanoidRootPart"] = CFrame.new(0, 0, 0, 1, 0, 0, 0, 1, 0, 0, 0, 1),
            ["RightUpperLeg"] = CFrame.new(0, -3.0547380447387695e-07, 5.045876605436206e-08, 0.8610456585884094, -0.12149298191070557, -0.4938015639781952, 0.09450174123048782, 0.9923556447029114, -0.07937180250883102, 0.49966979026794434, 0.021677611395716667, 0.8659447431564331),
            ["LeftUpperArm"] = CFrame.new(0.02920287847518921, -0.023887991905212402, 0.06496527791023254, 0.9797366857528687, 0.15508906543254852, -0.1267426759004593, -0.08463620394468307, 0.8940922021865845, 0.4398129880428314, 0.1815289855003357, -0.4201745390892029, 0.8891011476516724),
            ["RightLowerArm"] = CFrame.new(3.8743019104003906e-07, 5.364418029785156e-07, -0.0000036656856536865234, 1, 0.000008847565368341748, 0.00001712888479232788, 0.0000188089888979448, -0.6444421410560608, -0.7646532654762268, 0.0000042766328078869265, 0.7646530866622925, -0.6444420218467712),
            ["LeftHand"] = CFrame.new(-0.000001471489667892456, -2.980232238769531e-07, 3.972090780735016e-07, 0.9075976610183716, 0.40740910172462463, -0.10140771418809891, -0.41973719000816345, 0.8858819007873535, -0.19757288694381714, 0.009342238306999207, 0.2218812108039856, 0.975028932094574),
            ["LeftFoot"] = CFrame.new(-6.705522537231445e-08, -1.7881393432617188e-07, -4.284083843231201e-08, 0.9915177226066589, 0.05756528303027153, -0.11652802675962448, -0.05457504093647003, 0.9980973601341248, 0.0286933034658432, 0.11795814335346222, -0.022090556100010872, 0.9927728772163391),
            ["LowerTorso"] = CFrame.new(-0.0428253635764122, -0.03343677520751953, 0.1957140862941742, 0.9779962301254272, 0.06608288735151291, -0.19787977635860443, -0.10499643534421921, 0.9755357503890991, -0.19314703345298767, 0.1802750825881958, 0.20967374742031097, 0.9610087871551514),
            ["RightLowerLeg"] = CFrame.new(-5.960464477539063e-08, -0.0007260441780090332, 0.00004606118454830721, 1, 3.0547397500413354e-07, -2.5331974029541016e-07, -3.725289587919178e-08, 0.6754618287086487, 0.7373949885368347, 2.793967155412247e-07, -0.7373949885368347, 0.6754617691040039),
            ["LeftUpperLeg"] = CFrame.new(8.940696716308594e-08, -2.2910535335540771e-07, -3.725290298461914e-08, 0.9864135980606079, 0.0294681154191494, 0.1616167277097702, 0.1638493835926056, -0.24775293469429016, -0.9548674821853638, 0.01190287433564663, 0.9683750867843628, -0.24921518564224243),
            ["LeftLowerLeg"] = CFrame.new(2.9802322387695312e-08, -0.0007263422012329102, 0.00008090957999229431, 1, 1.1967497925979842e-07, 1.396984004031765e-07, -5.21540641784668e-08, -0.6107121109962463, 0.7918527126312256, 1.6391277313232422e-07, -0.7918527126312256, -0.6107122302055359),
        }},
        {Time = 0.117, Data = {
            ["RightFoot"] = CFrame.new(2.1606683731079102e-07, 2.980232238769531e-07, 5.757465260103345e-08, 0.996565043926239, -0.06889870017766953, 0.04594763368368149, 0.0745839774608612, 0.987844705581665, -0.13638260960578918, -0.03599260747432709, 0.13934111595153809, 0.9895901679992676),
            ["LeftLowerArm"] = CFrame.new(6.556510925292969e-07, -2.384185791015625e-07, 0.00000451505184173584, 1, 4.6566128730773926e-07, -1.9744031476420787e-07, -1.7508862981685525e-07, -0.14710655808448792, -0.9891206622123718, -4.656612304643204e-07, 0.9891207218170166, -0.1471066027879715),
            ["RightUpperArm"] = CFrame.new(-0.02920246124267578, -0.023886680603027344, 0.06496619433164597, 0.982189416885376, -0.18309491872787476, -0.04219399020075798, 0.1305297315120697, 0.8264263868331909, -0.5477055311203003, 0.13515214622020721, 0.532443106174469, 0.8356066346168518),
            ["Head"] = CFrame.new(-7.450580596923828e-09, -9.5367431640625e-07, 2.9802322387695312e-08, 0.9489927887916565, -0.01100692804902792, -0.3151056170463562, 0.008728230372071266, 0.9999246001243591, -0.008642216213047504, 0.3151770532131195, 0.005451169330626726, 0.949017345905304),
            ["RightHand"] = CFrame.new(9.08970832824707e-07, 0.0000017285346984863281, -7.301568984985352e-07, 0.9295417070388794, -0.3686728775501251, 0.005783672910183668, 0.3555516302585602, 0.8920857310295105, -0.2788643538951874, 0.09764997661113739, 0.26127275824546814, 0.9603132009506226),
            ["UpperTorso"] = CFrame.new(-9.313225746154785e-09, -2.682209014892578e-07, 3.958120942115784e-09, 0.884558916091919, -0.157309889793396, 0.43910083174705505, -0.0039379531517624855, 0.9388576149940491, 0.3442828953266144, -0.4664120376110077, -0.30626773834228516, 0.8298553824424744),
            ["HumanoidRootPart"] = CFrame.new(0, 0, 0, 1, 0, 0, 0, 1, 0, 0, 0, 1),
            ["RightUpperLeg"] = CFrame.new(0, -4.954636096954346e-07, 5.045876605436206e-08, 0.862024188041687, -0.11593116819858551, -0.4934311509132385, 0.0849323719739914, 0.992765486240387, -0.0848725363612175, 0.4997008144855499, 0.03125380724668503, 0.8656340837478638),
            ["LeftUpperArm"] = CFrame.new(0.02920287847518921, -0.023888230323791504, 0.06496530771255493, 0.9725120663642883, 0.19107969105243683, -0.1330755650997162, -0.11601122468709946, 0.8931193351745605, 0.4346029758453369, 0.2018955647945404, -0.4072178602218628, 0.8907363414764404),
            ["RightLowerArm"] = CFrame.new(3.8743019104003906e-07, 4.76837158203125e-07, -0.0000036656856536865234, 1, 0.000008814030479697976, 0.00001714007339614909, 0.000018786640794132836, -0.6425041556358337, -0.76628178358078, 0.000004272908427083166, 0.7662822008132935, -0.6425048112869263),
            ["LeftHand"] = CFrame.new(-0.0000014156103134155273, -2.384185791015625e-07, 2.2351741790771484e-08, 0.906326413154602, 0.39820823073387146, -0.14142732322216034, -0.42082926630973816, 0.8809452652931213, -0.2164229452610016, 0.038408197462558746, 0.2556670010089874, 0.9660018086433411),
            ["LeftFoot"] = CFrame.new(-2.2351741790771484e-08, 3.5762786865234375e-07, 2.9802322387695312e-08, 0.9903421401977539, 0.04903669282793999, -0.1296841949224472, -0.05355013161897659, 0.9980667233467102, -0.03154660761356354, 0.12788663804531097, 0.038186535239219666, 0.9910534024238586),
            ["LowerTorso"] = CFrame.new(-0.03705296665430069, -0.008516311645507812, 0.20278684794902802, 0.9792494177818298, 0.06458743661642075, -0.19209171831607819, -0.1005949154496193, 0.9777533411979675, -0.184062659740448, 0.1759301722049713, 0.19956666231155396, 0.9639615416526794),
            ["RightLowerLeg"] = CFrame.new(-7.450580596923828e-09, -0.0007261037826538086, 0.00004608353629009798, 1, 2.086163561898502e-07, -1.1920931797249068e-07, -7.450579175838357e-08, 0.6944548487663269, 0.7195362448692322, 2.0489092378284113e-07, -0.7195363640785217, 0.6944550275802612),
            ["LeftUpperLeg"] = CFrame.new(-2.9802322387695312e-08, -5.979090929031372e-07, -7.450580596923828e-09, 0.9884204268455505, 0.034023597836494446, 0.1478765457868576, 0.15129795670509338, -0.14663991332054138, -0.9775509238243103, -0.011575188487768173, 0.9886046648025513, -0.15008960664272308),
            ["LeftLowerLeg"] = CFrame.new(-8.940696716308594e-08, -0.0007264614105224609, 0.00008112192153930664, 1, 1.0337680578231812e-07, 1.452863784834335e-07, -7.078052277620372e-08, -0.5813758969306946, 0.8136350512504578, 1.7136336794010276e-07, -0.8136351108551025, -0.5813760161399841),
        }},
        {Time = 0.133, Data = {
            ["RightFoot"] = CFrame.new(1.825392246246338e-07, 3.5762786865234375e-07, 1.287116901949048e-08, 0.9971162676811218, -0.037179719656705856, 0.06615753471851349, 0.043497174978256226, 0.9943558573722839, -0.09676945209503174, -0.06218608841300011, 0.09936827421188354, 0.9931057095527649),
            ["LeftLowerArm"] = CFrame.new(0.0000011324882507324219, -3.5762786865234375e-07, 0.000004813075065612793, 1, 3.948807716369629e-07, -2.3748725652694702e-07, -1.5832485189548606e-07, -0.2700425982475281, -0.962848424911499, -4.954636665388534e-07, 0.962848424911499, -0.27004268765449524),
            ["RightUpperArm"] = CFrame.new(-0.029202401638031006, -0.023886561393737793, 0.06496624648571014, 0.9848663806915283, -0.1732793152332306, 0.0035484235268086195, 0.15039661526679993, 0.8442756533622742, -0.5143729448318481, 0.08613425493240356, 0.5071223974227905, 0.8575592637062073),
            ["Head"] = CFrame.new(-4.423782229423523e-09, -9.5367431640625e-07, 6.146728992462158e-08, 0.9519875645637512, -0.0070576975122094154, -0.30605530738830566, 0.005855242256075144, 0.9999710917472839, -0.0048466632142663, 0.30608075857162476, 0.0028217798098921776, 0.9520013928413391),
            ["RightHand"] = CFrame.new(9.685754776000977e-07, 0.0000011920928955078125, -7.450580596923828e-07, 0.9251576662063599, -0.3726981580257416, 0.07196983695030212, 0.37714171409606934, 0.8810638189315796, -0.28546518087387085, 0.04298236966133118, 0.291243314743042, 0.9556830525398254),
            ["UpperTorso"] = CFrame.new(-8.381903171539307e-09, -1.7881393432617188e-07, 6.984919309616089e-09, 0.892977237701416, -0.15632952749729156, 0.42208167910575867, 0.002927947323769331, 0.9397443532943726, 0.34186577796936035, -0.4500924348831177, -0.3040424883365631, 0.8396278619766235),
            ["HumanoidRootPart"] = CFrame.new(0, 0, 0, 1, 0, 0, 0, 1, 0, 0, 0, 1),
            ["RightUpperLeg"] = CFrame.new(2.9802322387695312e-08, -1.5273690223693848e-07, 3.55576048605144e-08, 0.8710662722587585, -0.09952963143587112, -0.4809756577014923, 0.07226615399122238, 0.9945667386054993, -0.07493171095848083, 0.48582011461257935, 0.030512014403939247, 0.8735259771347046),
            ["LeftUpperArm"] = CFrame.new(0.02920287847518921, -0.02388906478881836, 0.06496524810791016, 0.9649245738983154, 0.2200697362422943, -0.1431427299976349, -0.1419401466846466, 0.8960129618644714, 0.4207301735877991, 0.2208472639322281, -0.3856555223464966, 0.8958216309547424),
            ["RightLowerArm"] = CFrame.new(8.940696716308594e-08, 9.5367431640625e-07, -0.0000036954879760742188, 1, 0.000008821487426757812, 0.000017121434211730957, 0.00001881644311652053, -0.6437473297119141, -0.7652381062507629, 0.000004243106104695471, 0.7652381658554077, -0.6437473297119141),
            ["LeftHand"] = CFrame.new(-0.0000015203841030597687, -4.172325134277344e-07, 2.1606683731079102e-07, 0.9000813961029053, 0.4003947079181671, -0.17186224460601807, -0.43161872029304504, 0.8733219504356384, -0.2258652150630951, 0.05965566635131836, 0.27747589349746704, 0.9588786363601685),
