return {
    ["Last Forever"] = {
        [1] = {Time = 0.000, Data = {
            ["RightFoot"] = CFrame.new(-1.0081566870212555e-07, 2.980232238769531e-07, -1.673470251262188e-10, 0.9662315845489502, 0.2576742172241211, 0.000814406608697027, -0.19552522897720337, 0.7352353930473328, -0.648997962474823, -0.16782866418361664, 0.6269233822822571, 0.7607897520065308),
            ["LeftLowerArm"] = CFrame.new(-8.940696716308594e-07, 3.5762786865234375e-07, -1.1920928955078125e-07, 1, -5.21540641784668e-08, 1.7881393432617188e-07, 1.3411046495548362e-07, -0.695128858089447, -0.7188854813575745, 1.788139627478813e-07, 0.7188851833343506, -0.6951286196708679),
            ["RightUpperArm"] = CFrame.new(0, -1.1920928955078125e-07, -8.940696716308594e-08, 0.5951001644134521, -0.2582888603210449, 0.7610143423080444, 0.7744845747947693, 0.4371190667152405, -0.4572751224040985, -0.21454466879367828, 0.861518383026123, 0.460170179605484),
            ["Head"] = CFrame.new(3.725290298461914e-09, -1.1920928955078125e-07, -2.9802322387695312e-08, 0.978013813495636, 0.17020660638809204, -0.12049385160207748, -0.1654055267572403, 0.9850147366523743, 0.048858996480703354, 0.1270042359828949, -0.027854297310113907, 0.9915110468864441),
            ["RightHand"] = CFrame.new(4.76837158203125e-07, -1.7881393432617188e-07, -2.2351741790771484e-07, 0.27273237705230713, -0.6694756150245667, 0.6909554600715637, 0.3391396701335907, 0.7389811277389526, 0.5821439623832703, -0.9003340005874634, 0.07556060701608658, 0.4285895824432373),
            ["UpperTorso"] = CFrame.new(-1.862645149230957e-09, 8.940696716308594e-08, -1.4668330550193787e-08, 0.9983254671096802, 0.03642251342535019, 0.04494241252541542, -0.048734135925769806, 0.9481111764907837, 0.3141818642616272, -0.03116707131266594, -0.31584590673446655, 0.9482985138893127),
            ["HumanoidRootPart"] = CFrame.new(0, 0, 0, 1, 0, 0, 0, 1, 0, 0, 0, 1),
            ["RightUpperLeg"] = CFrame.new(-5.960464477539063e-08, -9.406358003616333e-08, 1.3205863069742918e-08, 0.9383858442306519, -0.22639451920986176, -0.2611085772514343, 0.17876078188419342, 0.9645944237709045, -0.1939130574464798, 0.2957645654678345, 0.13528908789157867, 0.9456321597099304),
            ["LeftUpperArm"] = CFrame.new(0, 0, 0, 0.5935530066490173, 0.6794173121452332, 0.4313780665397644, -0.5496731996536255, 0.7337520718574524, -0.39933377504348755, -0.5878386497497559, -0.00009106099605560303, 0.8089780807495117),
            ["RightLowerArm"] = CFrame.new(-1.7881393432617188e-07, -5.364418029785156e-07, 5.960464477539063e-08, 1, -5.96046660916727e-08, 1.4901159772762185e-07, -9.406356582530861e-08, -0.5305137038230896, -0.8476765751838684, 1.7881390590446244e-07, 0.8476764559745789, -0.530513346195221),
            ["LeftHand"] = CFrame.new(-2.0116567611694336e-07, -5.960464477539063e-08, 3.0174851417541504e-07, 0.8118224143981934, 0.5789939761161804, 0.07556673139333725, -0.583688497543335, 0.8011773228645325, 0.13199487328529358, 0.015881963074207306, -0.15126392245292664, 0.988365888595581),
            ["LeftFoot"] = CFrame.new(-2.9802322387695312e-08, 5.960464477539063e-08, -1.4901161193847656e-08, 0.9479863047599792, -0.22275735437870026, -0.22737835347652435, 0.08039094507694244, 0.8587188720703125, -0.5061020255088806, 0.3079923391342163, 0.46149876713752747, 0.8319615125656128),
            ["LowerTorso"] = CFrame.new(-0.010464517399668694, -0.35086488723754883, -0.24228361248970032, 0.9512747526168823, 0.0030549722723662853, 0.3083294630050659, 0.04246838018298149, 0.9891229867935181, -0.14082708954811096, -0.30540597438812256, 0.1470595747232437, 0.9407979249954224),
            ["RightLowerLeg"] = CFrame.new(-1.862645149230957e-08, -0.000060558319091796875, -0.00007198767707450315, 1, -1.3690443267933006e-07, -1.378358263082191e-07, 8.428471431898288e-08, 0.43976885080337524, 0.8981106877326965, -1.1362138252479781e-07, -0.89811110496521, 0.4397695064544678),
            ["LeftUpperLeg"] = CFrame.new(0, -1.5972182154655457e-07, 1.4901161193847656e-08, 0.974732518196106, 0.07531554996967316, -0.21029548346996307, -0.18190136551856995, 0.8140459656715393, -0.5515806674957275, 0.12964750826358795, 0.5758964419364929, 0.8071770071983337),
            ["LeftLowerLeg"] = CFrame.new(2.2351741790771484e-08, 0.00006091594696044922, 0.00007212534546852112, 1, 8.568168397005138e-08, 1.4901164746561335e-08, -8.195638656616211e-08, 0.3338768780231476, 0.9426167011260986, 4.470348358154297e-08, -0.9426167011260986, 0.3338770866394043)
        }},
        [2] = {Time = 0.033, Data = {
            ["RightFoot"] = CFrame.new(-8.89413058757782e-08, 3.5762786865234375e-07, 1.5665136743336916e-08, 0.9228693246841431, 0.3737328350543976, 0.09293173998594284, -0.2683156132698059, 0.7970804572105408, -0.5409892201423645, -0.27625927329063416, 0.47432756423950195, 0.8358794450759888),
            ["LeftLowerArm"] = CFrame.new(-2.980232238769531e-07, 0, -1.4901161193847656e-07, 1, 4.93601071127614e-08, 4.470347647611561e-08, 4.470347647611561e-08, -0.5894556641578674, -0.8078007102012634, 1.1175869474300271e-07, 0.8078007698059082, -0.5894556641578674),
            ["RightUpperArm"] = CFrame.new(0, -1.1920928955078125e-07, 7.450580596923828e-08, 0.6051834225654602, -0.12169434130191803, 0.7867296934127808, 0.7951777577400208, 0.04521023854613304, -0.6046885848045349, 0.038019027560949326, 0.9915374517440796, 0.12412901222705841),
            ["Head"] = CFrame.new(-1.909211277961731e-08, -3.5762786865234375e-07, 1.4901161193847656e-08, 0.9711341857910156, 0.18856431543827057, -0.14608880877494812, -0.176839217543602, 0.9801542162895203, 0.08958709239959717, 0.16008250415325165, -0.06116670370101929, 0.985206663608551),
            ["RightHand"] = CFrame.new(1.043081283569336e-07, 5.960464477539063e-08, -1.9371509552001953e-07, 0.49238139390945435, -0.5647856593132019, 0.6622521281242371, 0.2577912211418152, 0.8213693499565125, 0.5088180899620056, -0.8313269019126892, -0.07980997115373611, 0.5500238537788391),
            ["UpperTorso"] = CFrame.new(3.958120942115784e-09, 1.1920928955078125e-07, -3.841705620288849e-09, 0.99819415807724, 0.024772368371486664, 0.05472511798143387, -0.039588723331689835, 0.9564667344093323, 0.28914377093315125, -0.04517992585897446, -0.29078808426856995, 0.9557201862335205),
            ["HumanoidRootPart"] = CFrame.new(0, 0, 0, 1, 0, 0, 0, 1, 0, 0, 0, 1),
            ["RightUpperLeg"] = CFrame.new(-2.9802322387695312e-08, 3.030290827155113e-07, 2.8107024263590574e-08, 0.8548691272735596, -0.3067724406719208, -0.4184372127056122, 0.2561599612236023, 0.9508827924728394, -0.17379310727119446, 0.451199471950531, 0.04138335585594177, 0.8914629817008972),
            ["LeftUpperArm"] = CFrame.new(0, -1.1920928955078125e-07, 2.9802322387695312e-08, 0.45374855399131775, 0.8510335087776184, 0.2642994523048401, -0.5618409514427185, 0.5034216642379761, -0.6564310193061829, -0.6916986703872681, 0.1493605226278305, 0.7065722346305847),
            ["RightLowerArm"] = CFrame.new(-5.364418029785156e-07, -2.384185791015625e-07, 2.9802322387695312e-08, 1, 0, 1.4901162970204496e-08, 6.705522537231445e-08, -0.1978953778743744, -0.9802232384681702, 1.0803341865539551e-07, 0.9802231788635254, -0.1978953778743744),
            ["LeftHand"] = CFrame.new(-3.129243850708008e-07, 0, 7.729977369308472e-08, 0.7207199931144714, 0.6556639075279236, 0.22509409487247467, -0.6788572669029236, 0.7333071231842041, 0.03759767487645149, -0.14041168987751007, -0.17990398406982422, 0.9736114740371704),
            ["LeftFoot"] = CFrame.new(-9.313225746154785e-09, 0, -2.2351741790771484e-08, 0.8549639582633972, -0.2104276716709137, -0.4740855395793915, 0.018882708624005318, 0.9260306358337402, -0.37697577476501465, 0.5183437466621399, 0.31334900856018066, 0.7956961393356323),
            ["LowerTorso"] = CFrame.new(-0.004125491715967655, -0.26194047927856445, -0.22994360327720642, 0.9534154534339905, 0.0009349805768579245, 0.3016588091850281, 0.032735634595155716, 0.9937689304351807, -0.10654458403587341, -0.2998787760734558, 0.11145634204149246, 0.9474440813064575),
            ["RightLowerLeg"] = CFrame.new(7.450580596923828e-09, -0.000060439109802246094, -0.00007211992488009855, 1, -6.705523247774181e-08, -8.940696716308594e-08, 1.6018749704471702e-07, 0.6137897372245789, 0.7894690036773682, -1.1920930376163597e-07, -0.7894695997238159, 0.6137905120849609),
            ["LeftUpperLeg"] = CFrame.new(0, 3.1228410080075264e-07, -4.470348358154297e-08, 0.9563880562782288, 0.27087879180908203, 0.10930131375789642, -0.17301897704601288, 0.826826274394989, -0.5351850390434265, -0.23534336686134338, 0.4929332137107849, 0.8376337885856628),
            ["LeftLowerLeg"] = CFrame.new(-5.960464477539063e-08, 0.00006103515625, 0.00007209181785583496, 1, 7.4505820180093e-08, 7.823110337312755e-08, -5.960465188081798e-08, 0.519715428352356, 0.8543393015861511, 8.195639367158947e-08, -0.8543394804000854, 0.5197157263755798)
        }},
        [3] = {Time = 0.067, Data = {
            ["RightFoot"] = CFrame.new(-2.3050233721733093e-08, 2.384185791015625e-07, -4.6733475755900145e-08, 0.8971958160400391, 0.43733900785446167, 0.061438847333192825, -0.35766786336898804, 0.8011572957038879, -0.47981300950050354, -0.25906291604042053, 0.40851137042045593, 0.875217080116272),
            ["LeftLowerArm"] = CFrame.new(-9.5367431640625e-07, 1.1920928955078125e-07, 0, 1, 7.450582373280668e-09, 1.3224781980625266e-07, 5.2154071283894154e-08, -0.3686372637748718, -0.9295734167098999, 1.7695130338779563e-07, 0.9295734167098999, -0.36863717436790466),
            ["RightUpperArm"] = CFrame.new(0, -2.384185791015625e-07, -5.960464477539063e-08, 0.6469902396202087, -0.04455142840743065, 0.7611958384513855, 0.7256360054016113, -0.2706667184829712, -0.6326072216033936, 0.23421382904052734, 0.9616417288780212, -0.14279067516326904),
            ["Head"] = CFrame.new(-2.7939677238464355e-09, 2.384185791015625e-07, 1.1175870895385742e-08, 0.9582194685935974, 0.21084630489349365, -0.1932854801416397, -0.19497518241405487, 0.975902795791626, 0.0979723185300827, 0.20928485691547394, -0.05619300901889801, 0.9762388467788696),
            ["RightHand"] = CFrame.new(-3.129243850708008e-07, -2.980232238769531e-07, 0, 0.5858013033866882, -0.4365634024143219, 0.6828245520591736, 0.20898090302944183, 0.8953956961631775, 0.39318400621414185, -0.7830477952957153, -0.08763066679239273, 0.6157573461532593),
            ["UpperTorso"] = CFrame.new(-3.0850060284137726e-09, 2.682209014892578e-07, 4.075991455465555e-08, 0.9976146221160889, 0.013008917681872845, 0.06779340654611588, -0.030711501836776733, 0.9631755948066711, 0.26711344718933105, -0.06182200834155083, -0.26855820417404175, 0.9612774848937988),
            ["HumanoidRootPart"] = CFrame.new(0, 0, 0, 1, 0, 0, 0, 1, 0, 0, 0, 1),
            ["RightUpperLeg"] = CFrame.new(5.960464477539063e-08, 4.862595233134925e-07, 1.4731631381437182e-07, 0.7376376390457153, -0.32509636878967285, -0.5917795896530151, 0.31056249141693115, 0.9415989518165588, -0.13016335666179657, 0.5995345115661621, -0.08777111768722534, 0.7955214381217957),
            ["LeftUpperArm"] = CFrame.new(5.960464477539063e-08, 1.1920928955078125e-07, -5.21540641784668e-08, 0.32081571221351624, 0.946773886680603, -0.026392150670289993, -0.6109514832496643, 0.18556834757328033, -0.7696121335029602, -0.7237510681152344, 0.26302796602249146, 0.637965977191925),
            ["RightLowerArm"] = CFrame.new(-3.2782554626464844e-07, 1.1920928955078125e-07, -1.1920928955078125e-07, 1, -1.1548402767402877e-07, 9.313225746154785e-08, 8.195639367158947e-08, 0.18337823450565338, -0.9830425381660461, 1.303851746570217e-07, 0.9830424785614014, 0.18337814509868622),
            ["LeftHand"] = CFrame.new(-8.940696716308594e-08, -4.172325134277344e-07, -1.955777406692505e-07, 0.6395664215087891, 0.7310290932655334, 0.23780547082424164, -0.749260425567627, 0.6619776487350464, -0.01986094005405903, -0.17194081842899323, -0.16547594964504242, 0.9711098074913025),
            ["LeftFoot"] = CFrame.new(5.029141902923584e-08, 0, 1.4901161193847656e-08, 0.8155211806297302, -0.21668143570423126, -0.5366328358650208, -0.020130621269345284, 0.9160811305046082, -0.4004875421524048, 0.5783770680427551, 0.3374086916446686, 0.7427213788032532),
            ["LowerTorso"] = CFrame.new(-0.0006989939138293266, -0.2090001106262207, -0.22182324528694153, 0.9511533379554749, 0.00020590133499354124, 0.30871886014938354, 0.0227378997951746, 0.997236967086792, -0.07072083652019501, -0.3078804314136505, 0.0742860734462738, 0.9485206007957458),
            ["RightLowerLeg"] = CFrame.new(-2.9802322387695312e-08, -0.00006026029586791992, -0.0000721646283636801, 1, -8.940698847936801e-08, -1.1920928955078125e-07, 4.0978196835794733e-08, 0.7949802279472351, 0.6066347360610962, -4.4703490686970326e-08, -0.6066353917121887, 0.7949807643890381),
            ["LeftUpperLeg"] = CFrame.new(-5.960464477539063e-08, 4.22412995249033e-07, 7.450580596923828e-08, 0.8694376349449158, 0.37450459599494934, 0.3222180902957916, -0.15188956260681152, 0.8232442736625671, -0.546990692615509, -0.47011473774909973, 0.42663249373435974, 0.7726427316665649),
            ["LeftLowerLeg"] = CFrame.new(-7.450580596923828e-09, 0.00006073713302612305, 0.00007204711437225342, 1, 9.685753354915505e-08, 2.0489094865183688e-08, -6.705523247774181e-08, 0.592036783695221, 0.8059109449386597, -7.078052277620372e-08, -0.8059109449386597, 0.5920367240905762)
        }},
        [4] = {Time = 0.100, Data = {
            ["RightFoot"] = CFrame.new(-3.725290298461914e-09, 2.980232238769531e-07, -8.026108844205737e-08, 0.9038642644882202, 0.4243575632572174, -0.05431737005710602, -0.4046706557273865, 0.8068407773971558, -0.4304060935974121, -0.13882070779800415, 0.411009281873703, 0.9009996056556702),
            ["LeftLowerArm"] = CFrame.new(-4.470348358154297e-07, -1.7881393432617188e-07, 2.60770320892334e-07, 1, -6.565824151039124e-08, 9.778885612377053e-08, 8.568164844291459e-08, -0.040193308144807816, -0.99919193983078, 1.1525112597610132e-07, 0.9991919994354248, -0.04019331559538841),
            ["RightUpperArm"] = CFrame.new(-5.960464477539063e-08, -2.384185791015625e-07, 2.9802322387695312e-08, 0.5857371687889099, -0.1322847455739975, 0.7996329069137573, 0.7161844372749329, -0.3774296045303345, -0.5870493054389954, 0.37946268916130066, 0.9165411591529846, -0.1263342946767807),
            ["Head"] = CFrame.new(1.1175870895385742e-08, -4.76837158203125e-07, -2.9802322387695312e-08, 0.9391877055168152, 0.2255989909172058, -0.258904367685318, -0.20801742374897003, 0.9736191034317017, 0.09378062188625336, 0.27323096990585327, -0.034220900386571884, 0.9613395929336548),
            ["RightHand"] = CFrame.new(3.6135315895080566e-07, 1.7881393432617188e-07, -4.470348358154297e-08, 0.6581339240074158, -0.4358440935611725, 0.6139215230941772, 0.20872879028320312, 0.8890678882598877, 0.40741923451423645, -0.7233892679214478, -0.13999350368976593, 0.6760991215705872),
            ["UpperTorso"] = CFrame.new(1.3387762010097504e-08, 0, -1.798616722226143e-08, 0.9972001314163208, 0.00046227319398894906, 0.07477831095457077, -0.018704062327742577, 0.9697372317314148, 0.24343368411064148, -0.07240277528762817, -0.24415074288845062, 0.9670307040214539),
            ["HumanoidRootPart"] = CFrame.new(0, 0, 0, 1, 0, 0, 0, 1, 0, 0, 0, 1),
            ["RightUpperLeg"] = CFrame.new(5.960464477539063e-08, 2.064625732600689e-07, 5.75528247281909e-09, 0.5732164978981018, -0.3220883309841156, -0.7534468173980713, 0.3688596487045288, 0.9225008487701416, -0.11373113840818405, 0.7316867709159851, -0.21272365748882294, 0.6475979089736938),
            ["LeftUpperArm"] = CFrame.new(0, -2.384185791015625e-07, -1.1175870895385742e-08, 0.19246795773506165, 0.9154679179191589, -0.3533760905265808, -0.6696704030036926, -0.14068804681301117, -0.7292110323905945, -0.7172849178314209, 0.3769952952861786, 0.5859835743904114),
            ["RightLowerArm"] = CFrame.new(1.7881393432617188e-07, 0, 1.7881393432617188e-07, 1, -1.0337680578231812e-07, 7.636842980218717e-08, 1.154839708306099e-07, 0.22945252060890198, -0.9733198881149292, 1.3969835066518499e-08, 0.973319947719574, 0.22945243120193481),
            ["LeftHand"] = CFrame.new(-2.1606683731079102e-07, 1.1920928955078125e-07, -2.2444874048233032e-07, 0.6617982387542725, 0.7307471036911011, 0.1674272119998932, -0.7446552515029907, 0.6665768027305603, 0.034118860960006714, -0.08667095750570297, -0.14725545048713684, 0.9852939248085022),
            ["LeftFoot"] = CFrame.new(5.21540641784668e-08, -5.960464477539063e-08, 2.9802322387695312e-08, 0.9146552681922913, -0.19325794279575348, -0.35504525899887085, -0.012642990797758102, 0.8642077445983887, -0.5029761791229248, 0.4040372371673584, 0.4645387828350067, 0.7880088686943054),
            ["LowerTorso"] = CFrame.new(-0.0015800800174474716, -0.18761682510375977, -0.21940407156944275, 0.9390498995780945, 0.0007098109927028418, 0.3437802791595459, 0.014322474598884583, 0.9990488290786743, -0.041186027228832245, -0.34348252415657043, 0.04359962046146393, 0.9381464719772339),
            ["RightLowerLeg"] = CFrame.new(2.9802322387695312e-08, -0.000060558319091796875, -0.00007206032023532316, 1, -2.2351747119842003e-08, -9.685754776000977e-08, 1.0617078771701927e-07, 0.8936192393302917, 0.4488257169723511, 2.2351745343485163e-08, -0.4488261044025421, 0.8936193585395813),
            ["LeftUpperLeg"] = CFrame.new(-5.960464477539063e-08, 7.133348844945431e-08, -1.1175870895385742e-08, 0.8109618425369263, 0.4243277311325073, 0.4028487503528595, -0.14945517480373383, 0.8159018754959106, -0.5585402250289917, -0.5656890273094177, 0.39274704456329346, 0.7250832319259644),
            ["LeftLowerLeg"] = CFrame.new(-1.4901161193847656e-08, 0.00006079673767089844, 0.00007206201553344727, 1, 1.043081283569336e-07, 1.1920928955078125e-07, -1.2665985593685036e-07, 0.5988854169845581, 0.8008347749710083, 2.2351738238057806e-08, -0.8008347749710083, 0.5988854169845581)
        }},
        [5] = {Time = 0.133, Data = {
            ["RightFoot"] = CFrame.new(7.450580596923828e-08, 2.980232238769531e-07, -6.908521754667163e-08, 0.8762112855911255, 0.4058241844177246, -0.2599247097969055, -0.46581321954727173, 0.8514770269393921, -0.24084211885929108, 0.12358026206493378, 0.33210477232933044, 0.9351118803024292),
            ["LeftLowerArm"] = CFrame.new(1.1920928955078125e-07, 5.960464477539063e-08, 0, 1, -5.890616705528373e-08, 9.452924132347107e-08, 7.82310962677002e-08, 0.15188366174697876, -0.9883984327316284, 4.284083843231201e-08, 0.9883984327316284, 0.15188367664813995),
            ["RightUpperArm"] = CFrame.new(0, -4.76837158203125e-07, 2.9802322387695312e-08, 0.5355772376060486, -0.18596462905406952, 0.8237562775611877, 0.7077836990356445, -0.43324270844459534, -0.5579813122749329, 0.4606509506702423, 0.8818832635879517, -0.1004122868180275),
            ["Head"] = CFrame.new(7.450580596923828e-09, -4.76837158203125e-07, -2.9802322387695312e-08, 0.9291635155677795, 0.2375597357749939, -0.2832323908805847, -0.2169560343027115, 0.9707850217819214, 0.10250239074230194, 0.2993081212043762, -0.03379244729876518, 0.9535579085350037),
            ["RightHand"] = CFrame.new(4.0978193283081055e-07, -1.1920928955078125e-07, -4.7497451305389404e-08, 0.6981936693191528, -0.439056932926178, 0.5654686689376831, 0.21804364025592804, 0.8827490210533142, 0.4161864221096039, -0.6818962693214417, -0.16728225350379944, 0.7120633125305176),
            ["UpperTorso"] = CFrame.new(6.51925802230835e-09, -8.940696716308594e-08, -7.2177499532699585e-09, 0.9968951344490051, -0.004905892536044121, 0.07858828455209732, -0.013305057771503925, 0.9732106328010559, 0.22952993214130402, -0.07760902494192123, -0.22986291348934174, 0.9701236486434937),
            ["HumanoidRootPart"] = CFrame.new(0, 0, 0, 1, 0, 0, 0, 1, 0, 0, 0, 1),
            ["RightUpperLeg"] = CFrame.new(0, -4.086177796125412e-07, -2.032174961641431e-08, 0.48009562492370605, -0.2590779960155487, -0.8380853533744812, 0.3884177505970001, 0.9194145798683167, -0.06171503663063049, 0.7865366339683533, -0.2958979606628418, 0.5420372486114502),
            ["LeftUpperArm"] = CFrame.new(5.960464477539063e-08, -4.76837158203125e-07, -1.1175870895385742e-08, 0.20129482448101044, 0.834117591381073, -0.5135447382926941, -0.6731165647506714, -0.26308712363243103, -0.6911581158638, -0.7116141319274902, 0.4848019778728485, 0.5085000395774841),
            ["RightLowerArm"] = CFrame.new(-4.172325134277344e-07, -2.980232238769531e-07, -2.980232238769531e-07, 1, -1.4528633585086936e-07, 2.2351745343485163e-08, 7.078052988163108e-08, 0.24072599411010742, -0.9705932140350342, 3.3527619791584584e-08, 0.9705932140350342, 0.24072594940662384),
            ["LeftHand"] = CFrame.new(9.685754776000977e-08, -1.7881393432617188e-07, 3.702007234096527e-08, 0.7670230865478516, 0.6414614915847778, -0.014239547774195671, -0.6327612400054932, 0.7599223256111145, 0.14876620471477509, 0.10624860972166061, -0.1050969809293747, 0.9887699484825134),
            ["LeftFoot"] = CFrame.new(2.9802322387695312e-08, -5.960464477539063e-08, -1.043081283569336e-07, 0.9339867830276489, -0.35725367069244385, 0.006202192045748234, 0.32742923498153687, 0.8488082885742188, -0.41510799527168274, 0.14303448796272278, 0.38973647356033325, 0.9097510576248169),
            ["LowerTorso"] = CFrame.new(-0.0061079347506165504, -0.16891837120056152, -0.22212332487106323, 0.9375108480453491, -0.003946313634514809, 0.3479337990283966, 0.01636238768696785, 0.9993294477462769, -0.03275489807128906, -0.3475712239742279, 0.036401208490133286, 0.93694669008255),
            ["RightLowerLeg"] = CFrame.new(-7.450580596923828e-08, -0.000060498714447021484, -0.0000721348260412924, 1, -3.7252924300901213e-08, 1.4901157641133977e-08, -1.4901161193847656e-08, 0.9551008343696594, 0.2962806820869446, -1.2293457984924316e-07, -0.29628127813339233, 0.9551008939743042),
            ["LeftUpperLeg"] = CFrame.new(0, -4.260800778865814e-08, 2.60770320892334e-08, 0.7568016648292542, 0.4251088798046112, 0.49652189016342163, -0.21115556359291077, 0.8778941035270691, -0.4297851622104645, -0.6185989379882812, 0.22041863203048706, 0.754155695438385),
            ["LeftLowerLeg"] = CFrame.new(8.940696716308594e-08, 0.00006085634231567383, 0.00007208436727523804, 1, 2.980232594040899e-08, -1.1175873559921001e-08, -8.195639367158947e-08, 0.7509725093841553, 0.6603336334228516, -1.1175872316471214e-07, -0.6603335738182068, 0.7509725093841553)
        }},
        [6] = {Time = 0.167, Data = {
            ["RightFoot"] = CFrame.new(1.6763806343078613e-08, 2.384185791015625e-07, -1.673470251262188e-10, 0.9396286606788635, 0.3276172876358032, -0.09881837666034698, -0.34199613332748413, 0.8892064690589905, -0.3038920760154724, -0.011690370738506317, 0.3193412721157074, 0.9475677609443665),
            ["LeftLowerArm"] = CFrame.new(2.384185791015625e-07, 4.172325134277344e-07, 5.21540641784668e-08, 1, -1.0803343286625022e-07, 1.0058282384761696e-07, 9.685753354915505e-08, -0.18090195953845978, -0.983501136302948, 1.294538236606968e-07, 0.983501136302948, -0.1809019297361374),
            ["RightUpperArm"] = CFrame.new(0, 2.384185791015625e-07, 4.470348358154297e-08, 0.6442018747329712, -0.19320525228977203, 0.7400511503219604, 0.7180167436599731, -0.1806316375732422, -0.6721787452697754, 0.26354509592056274, 0.9643878936767578, 0.022361306473612785),
            ["Head"] = CFrame.new(-3.725290298461914e-09, 1.1920928955078125e-07, 3.725290298461914e-08, 0.9278643727302551, 0.2419590801000595, -0.2837665379047394, -0.20844317972660065, 0.9674703478813171, 0.14336222410202026, 0.309223473072052, -0.0738714337348938, 0.9481159448623657),
            ["RightHand"] = CFrame.new(1.341104507446289e-07, 5.960464477539063e-08, -1.4901161193847656e-08, 0.6351196765899658, -0.4714639484882355, 0.6118372678756714, 0.2836192548274994, 0.8791241645812988, 0.38301539421081543, -0.7184589505195618, -0.0697319507598877, 0.692065417766571),
            ["UpperTorso"] = CFrame.new(0, 2.9802322387695312e-08, -1.816079020500183e-08, 0.9970508217811584, 0.012454075738787651, 0.07572728395462036, -0.029757967218756676, 0.9722834825515747, 0.23190385103225708, -0.07074027508497238, -0.23347336053848267, 0.9697866439819336),
            ["HumanoidRootPart"] = CFrame.new(0, 0, 0, 1, 0, 0, 0, 1, 0, 0, 0, 1),
            ["RightUpperLeg"] = CFrame.new(-2.9802322387695312e-08, 2.705492079257965e-07, -6.129994289949536e-08, 0.626612663269043, -0.3466110825538635, -0.6980097889900208, 0.3989214599132538, 0.9120725393295288, -0.09479132294654846, 0.6694910526275635, -0.21905365586280823, 0.709786593914032),
            ["LeftUpperArm"] = CFrame.new(0, 3.5762786865234375e-07, -4.190951585769653e-09, 0.46499642729759216, 0.8072030544281006, -0.36359545588493347, -0.6487650871276855, 0.031237130984663963, -0.7603476047515869, -0.602397084236145, 0.5894467830657959, 0.5382100343704224),
            ["RightLowerArm"] = CFrame.new(-5.960464477539063e-08, -1.7881393432617188e-07, -2.086162567138672e-07, 1, -6.51925802230835e-08, 9.49948883999241e-08, 1.0756774315723305e-07, -0.0223879124969244, -0.9997494220733643, 1.9930300254600297e-07, 0.9997493624687195, -0.02238793857395649),
            ["LeftHand"] = CFrame.new(1.341104507446289e-07, 0, -1.862645149230957e-07, 0.816356897354126, 0.5569480657577515, -0.15287356078624725, -0.5445818901062012, 0.8304520845413208, 0.11738795042037964, 0.19233304262161255, -0.012578299269080162, 0.9812491536140442),
            ["LeftFoot"] = CFrame.new(-3.5390257835388184e-08, -1.1920928955078125e-07, 3.632158041000366e-08, 0.9554913640022278, -0.26069122552871704, -0.13811717927455902, 0.18936333060264587, 0.9009315371513367, -0.39046627283096313, 0.22622524201869965, 0.3469330966472626, 0.9101976752281189),
            ["LowerTorso"] = CFrame.new(-0.01616715081036091, -0.16303086280822754, -0.233169287443161, 0.9347097873687744, -0.008405959233641624, 0.3553125858306885, 0.030962426215410233, 0.9978453516960144, -0.05784575268626213, -0.35406073927879333, 0.06507043540477753, 0.9329560399055481),
            ["RightLowerLeg"] = CFrame.new(0, -0.000060558319091796875, -0.00007206032023532316, 1, -7.450581307466564e-08, 1.4901159417490817e-08, 1.4156103134155273e-07, 0.87600177526474, 0.48230743408203125, -6.332993507385254e-08, -0.48230794072151184, 0.8760020732879639),
            ["LeftUpperLeg"] = CFrame.new(5.960464477539063e-08, 1.9790604710578918e-07, -2.2351741790771484e-08, 0.89614337682724, 0.3510035276412964, 0.2715211510658264, -0.2004557102918625, 0.8660620450973511, -0.4579891562461853, -0.3959099352359772, 0.35599592328071594, 0.8464764356613159),
            ["LeftLowerLeg"] = CFrame.new(-2.9802322387695312e-08, 0.000060677528381347656, 0.00007198750972747803, 1, 2.2351738238057806e-08, 4.470347292340193e-08, -2.9802322387695312e-08, 0.7076930403709412, 0.7065198421478271, 0, -0.706520140171051, 0.7076931595802307)
        }},
        [7] = {Time = 0.200, Data = {
            ["RightFoot"] = CFrame.new(5.448237061500549e-08, 2.384185791015625e-07, 5.420588422566652e-09, 0.9812529683113098, 0.18757277727127075, -0.04426460713148117, -0.19132037460803986, 0.9203860759735107, -0.34100672602653503, -0.023223021999001503, 0.34308311343193054, 0.9390182495117188),
            ["LeftLowerArm"] = CFrame.new(5.066394805908203e-07, -2.384185791015625e-07, 2.9802322387695312e-08, 1, -1.0430814256778831e-07, 1.6391278734317893e-07, 7.450579886381092e-08, -0.47334611415863037, -0.8808766007423401, 2.3841855067985307e-07, 0.8808766007423401, -0.47334611415863037),
            ["RightUpperArm"] = CFrame.new(0, 1.1920928955078125e-07, 0, 0.6142786741256714, -0.2227381467819214, 0.7570004463195801, 0.7840365171432495, 0.2806738018989563, -0.5536325573921204, -0.08915506303310394, 0.9336005449295044, 0.3470466434955597),
            ["Head"] = CFrame.new(1.1641532182693481e-10, 1.1920928955078125e-07, 0, 0.9364105463027954, 0.2310733199119568, -0.2640841603279114, -0.18543146550655365, 0.9647672772407532, 0.18665346503257751, 0.29791033267974854, -0.1258145421743393, 0.9462664127349854),
            ["RightHand"] = CFrame.new(-1.6391277313232422e-07, 1.1920928955078125e-07, 1.043081283569336e-07, 0.4901736378669739, -0.520970344543457, 0.6987987160682678, 0.39807218313217163, 0.8470289707183838, 0.3522509038448334, -0.7754148840904236, 0.10550791770219803, 0.6225749850273132),
            ["UpperTorso"] = CFrame.new(-1.4901161193847656e-08, 0, -3.725290298461914e-09, 0.9968109130859375, 0.03423478454351425, 0.07208353281021118, -0.051711615175008774, 0.9650949835777283, 0.2567443251609802, -0.060777850449085236, -0.2596530616283417, 0.9637874960899353),
            ["HumanoidRootPart"] = CFrame.new(0, 0, 0, 1, 0, 0, 0, 1, 0, 0, 0, 1),
            ["RightUpperLeg"] = CFrame.new(-2.9802322387695312e-08, -2.584420144557953e-08, -6.129994289949536e-08, 0.8464930057525635, -0.33484479784965515, -0.41391879320144653, 0.33489128947257996, 0.9392704963684082, -0.07495862245559692, 0.4138810932636261, -0.07516588270664215, 0.9072224497795105),
            ["LeftUpperArm"] = CFrame.new(0, 2.384185791015625e-07, 3.585591912269592e-08, 0.6588393449783325, 0.7303724884986877, -0.18024113774299622, -0.6382269263267517, 0.41583508253097534, -0.647879421710968, -0.398242712020874, 0.5418829917907715, 0.740111768245697),
            ["RightLowerArm"] = CFrame.new(2.384185791015625e-07, 3.5762786865234375e-07, 1.4901161193847656e-08, 1, -1.4156104555240745e-07, 1.0430811414607888e-07, 1.1920927533992653e-07, -0.39921897649765015, -0.9168557524681091, 1.5273688802608376e-07, 0.9168556332588196, -0.3992187976837158),
            ["LeftHand"] = CFrame.new(8.940696716308594e-08, -5.960464477539063e-08, 7.450580596923828e-08, 0.8390285968780518, 0.4918537437915802, -0.23261813819408417, -0.483521968126297, 0.8700833916664124, 0.09571540355682373, 0.24947500228881836, 0.03216814622282982, 0.9678467512130737),
            ["LeftFoot"] = CFrame.new(6.332993507385254e-08, -1.1920928955078125e-07, 4.470348358154297e-08, 0.9355736374855042, -0.1968708336353302, -0.2931617200374603, 0.12389428168535233, 0.960399866104126, -0.24956417083740234, 0.33068427443504333, 0.19716477394104004, 0.9229159951210022),
            ["LowerTorso"] = CFrame.new(-0.03780297189950943, -0.1665632724761963, -0.24635308980941772, 0.9404367804527283, -0.005829269997775555, 0.33991870284080505, 0.04460876062512398, 0.9933241009712219, -0.10638323426246643, -0.3370293378829956, 0.11521018296480179, 0.9344184398651123),
            ["RightLowerLeg"] = CFrame.new(1.1175870895385742e-07, -0.000060439109802246094, -0.00007211619958980009, 1, -5.215407838932151e-08, -1.1920930376163597e-07, 2.421438694000244e-08, 0.7398190498352051, 0.6728052496910095, -5.587935447692871e-08, -0.6728060245513916, 0.7398196458816528),
            ["LeftUpperLeg"] = CFrame.new(0, -4.44706529378891e-08, -3.725290298461914e-08, 0.9833765029907227, 0.18116538226604462, 0.012246247380971909, -0.15826097130775452, 0.8882062435150146, -0.4313271641731262, -0.08901878446340561, 0.42221882939338684, 0.9021125435829163),
            ["LeftLowerLeg"] = CFrame.new(1.2665987014770508e-07, 0.000060677528381347656, 0.00007204711437225342, 1, 9.126962652317161e-08, 5.774201383701438e-08, -1.0430815677864302e-07, 0.7047685384750366, 0.7094373106956482, -4.4703494239684005e-08, -0.7094373106956482, 0.7047685980796814)
        }},
        [8] = {Time = 0.233, Data = {
            ["RightFoot"] = CFrame.new(8.195638656616211e-08, 3.5762786865234375e-07, 1.287116901949048e-08, 0.9880687594413757, 0.15333425998687744, -0.014457122422754765, -0.1430572271347046, 0.8789510130882263, -0.4549495577812195, -0.057051993906497955, 0.45159026980400085, 0.8903998732566833),
            ["LeftLowerArm"] = CFrame.new(1.4901161193847656e-07, -5.960464477539063e-08, 4.76837158203125e-07, 1, 4.4703490686970326e-08, 1.639127589214695e-07, 8.940698137394065e-08, -0.6425754427909851, -0.7662225365638733, 8.940698137394065e-08, 0.7662224769592285, -0.6425753831863403),
            ["RightUpperArm"] = CFrame.new(-5.960464477539063e-08, -2.384185791015625e-07, 7.450580596923828e-09, 0.5949466824531555, -0.2120659500360489, 0.7752849459648132, 0.694347620010376, 0.6214710474014282, -0.3628433048725128, -0.4048701524734497, 0.7541895508766174, 0.5169893503189087),
            ["Head"] = CFrame.new(-1.0710209608078003e-08, -2.384185791015625e-07, 4.842877388000488e-08, 0.9437860250473022, 0.21147538721561432, -0.25405943393707275, -0.17083004117012024, 0.970024049282074, 0.17283117771148682, 0.2829931676387787, -0.11971446871757507, 0.951621413230896),
            ["RightHand"] = CFrame.new(-1.6391277313232422e-07, -5.960464477539063e-08, -3.427267074584961e-07, 0.38623684644699097, -0.45504119992256165, 0.8023456335067749, 0.4947863817214966, 0.8363198041915894, 0.23612679541110992, -0.7784647941589355, 0.30578863620758057, 0.5481656789779663),
            ["UpperTorso"] = CFrame.new(-3.725290298461914e-09, 2.9802322387695312e-08, 4.0978193283081055e-08, 0.9965372085571289, 0.03396095708012581, 0.0758969858288765, -0.05400879681110382, 0.9583914875984192, 0.28030142188072205, -0.06321971863508224, -0.283429890871048, 0.9569069147109985),
            ["HumanoidRootPart"] = CFrame.new(0, 0, 0, 1, 0, 0, 0, 1, 0, 0, 0, 1),
            ["RightUpperLeg"] = CFrame.new(0, -1.8998980522155762e-07, 5.790934665128589e-08, 0.9778377413749695, -0.1955340951681137, -0.07483192533254623, 0.18876835703849792, 0.9779964089393616, -0.08882362395524979, 0.09055336564779282, 0.07272908836603165, 0.9932323694229126),
            ["LeftUpperArm"] = CFrame.new(5.960464477539063e-08, -3.5762786865234375e-07, -4.190951585769653e-09, 0.8347341418266296, 0.5459588170051575, -0.07174967229366302, -0.5205938220024109, 0.7399774193763733, -0.42592933773994446, -0.17944668233394623, 0.39288997650146484, 0.9019069671630859),
            ["RightLowerArm"] = CFrame.new(1.1920928955078125e-07, -2.384185791015625e-07, -2.384185791015625e-07, 1, -1.192093321833454e-07, 1.1920927533992653e-07, 7.450580596923828e-08, -0.5537358522415161, -0.832692563533783, 1.1920928955078125e-07, 0.8326924443244934, -0.5537355542182922),
            ["LeftHand"] = CFrame.new(8.940696716308594e-08, 0, 8.940696716308594e-08, 0.8343750238418579, 0.4478289783000946, -0.3213527202606201, -0.45143795013427734, 0.8897257447242737, 0.06776503473520279, 0.31626275181770325, 0.08852919191122055, 0.9445319175720215),
            ["LeftFoot"] = CFrame.new(2.9802322387695312e-08, 1.1920928955078125e-07, -1.4901161193847656e-08, 0.9831574559211731, -0.1164894700050354, -0.14082549512386322, 0.06889226287603378, 0.9499203562736511, -0.3048032522201538, 0.16927926242351532, 0.2899683117866516, 0.9419465661048889),
            ["LowerTorso"] = CFrame.new(-0.06482329964637756, -0.19454050064086914, -0.2646380066871643, 0.9504938125610352, 0.011123967356979847, 0.310544490814209, 0.03679906576871872, 0.9882973432540894, -0.14803466200828552, -0.30855706334114075, 0.15213388204574585, 0.9389610290527344),
            ["RightLowerLeg"] = CFrame.new(1.4901161193847656e-08, -0.000060439109802246094, -0.00007204541907412931, 1, -7.450580596923828e-08, -9.685756907629184e-08, 1.1920931797249068e-07, 0.6123107671737671, 0.7906166911125183, -1.1175873737556685e-07, -0.7906172275543213, 0.6123114824295044),
            ["LeftUpperLeg"] = CFrame.new(-5.960464477539063e-08, 6.239861249923706e-08, -2.9802322387695312e-08, 0.9630542397499084, -0.02463255077600479, -0.26817888021469116, -0.09626201540231705, 0.8985344171524048, -0.4282167851924896, 0.25151610374450684, 0.43821144104003906, 0.8629661202430725),
            ["LeftLowerLeg"] = CFrame.new(-7.450580596923828e-09, 0.00006079673767089844, 0.00007202615961432457, 1, 6.146728992462158e-08, 4.0978196835794733e-08, -9.313225746154785e-08, 0.6155583262443542, 0.7880913615226746, -1.4901161193847656e-08, -0.7880914211273193, 0.6155584454536438)
        }},
        [9] = {Time = 0.267, Data = {
            ["RightFoot"] = CFrame.new(-4.470348358154297e-08, 2.980232238769531e-07, -5.75528247281909e-09, 0.964103639125824, 0.12914243340492249, -0.23200589418411255, -0.23657993972301483, 0.814501166343689, -0.5297333002090454, 0.1205582320690155, 0.5656059980392456, 0.8158161044120789),
            ["LeftLowerArm"] = CFrame.new(2.384185791015625e-07, 5.960464477539063e-08, 1.1920928955078125e-07, 1, 6.705522537231445e-08, 1.937150670983101e-07, 6.612390279769897e-08, -0.755189061164856, -0.6555072069168091, 2.1606683731079102e-07, 0.6555071473121643, -0.7551890015602112),
            ["RightUpperArm"] = CFrame.new(0, 2.384185791015625e-07, 1.4901161193847656e-08, 0.5682324171066284, -0.2104155272245407, 0.7955107688903809, 0.5751845836639404, 0.7929133772850037, -0.20112502574920654, -0.5884510278701782, 0.5718510746955872, 0.5715867877006531),
            ["Head"] = CFrame.new(2.7939677238464355e-09, 4.76837158203125e-07, 3.3527612686157227e-08, 0.9398747086524963, 0.21977832913398743, -0.2614060044288635, -0.1937056928873062, 0.9734481573104858, 0.12197087705135345, 0.28127169609069824, -0.0640014186501503, 0.9574915766716003),
            ["RightHand"] = CFrame.new(-1.4901161193847656e-08, 1.7881393432617188e-07, 2.9802322387695312e-08, 0.32183724641799927, -0.3468553423881531, 0.8809723258018494, 0.49671804904937744, 0.8540000915527344, 0.15477439761161804, -0.8060347437858582, 0.38778263330459595, 0.44713833928108215),
            ["UpperTorso"] = CFrame.new(1.4901161193847656e-08, 5.960464477539063e-08, -3.725290298461914e-09, 0.9983872175216675, -0.006065109744668007, 0.05644652247428894, -0.009372309781610966, 0.9630249738693237, 0.2692491412162781, -0.0559924878180027, -0.26934391260147095, 0.9614149928092957),
            ["HumanoidRootPart"] = CFrame.new(0, 0, 0, 1, 0, 0, 0, 1, 0, 0, 0, 1),
            ["RightUpperLeg"] = CFrame.new(-5.960464477539063e-08, 3.5390257835388184e-08, -9.145878721028566e-09, 0.9800476431846619, -0.08166574686765671, 0.1812109351158142, 0.09662623703479767, 0.9924671649932861, -0.07531435787677765, -0.17369535565376282, 0.09132127463817596, 0.9805561900138855),
            ["LeftUpperArm"] = CFrame.new(-1.1920928955078125e-07, 4.76837158203125e-07, 3.725290298461914e-09, 0.9315769672393799, 0.3635407090187073, -0.0016149989096447825, -0.35184454917907715, 0.9004694223403931, -0.2556566894054413, -0.09148738533258438, 0.23873203992843628, 0.966766357421875),
            ["RightLowerArm"] = CFrame.new(5.960464477539063e-08, -1.1920928955078125e-07, 2.9802322387695312e-08, 1, -3.725290653733282e-08, 1.4901161193847656e-07, 7.12461769580841e-08, -0.6351269483566284, -0.7724078297615051, 2.0116567611694336e-07, 0.7724078893661499, -0.6351268887519836),
            ["LeftHand"] = CFrame.new(-1.4901161193847656e-07, 1.1920928955078125e-07, 5.960464477539063e-08, 0.8193565011024475, 0.3789016306400299, -0.43021929264068604, -0.41307032108306885, 0.9105714559555054, 0.015260398387908936, 0.3975273072719574, 0.1652069240808487, 0.9025955200195312),
            ["LeftFoot"] = CFrame.new(-4.190951585769653e-08, 0, 4.936009645462036e-08, 0.994419276714325, -0.10470884293317795, -0.012898687273263931, 0.09272231161594391, 0.925743043422699, -0.3666096329689026, 0.05032840371131897, 0.3633676767349243, 0.9302855134010315),
            ["LowerTorso"] = CFrame.new(-0.09167230129241943, -0.23240876197814941, -0.2772592306137085, 0.9477685689926147, 0.056114137172698975, 0.3139839172363281, -0.014582180418074131, 0.9909964203834534, -0.1330917775630951, -0.3186253011226654, 0.12156172096729279, 0.9400535821914673),
