return {
    ["Laugh it Up"] = {
        {Time = 0.000, Data = {
            ["RightFoot"] = CFrame.new(1.862645149230957e-08, 2.384185791015625e-07, 1.6952981241047382e-09, 0.9794993996620178, 0.1751674860715866, -0.09948638081550598, -0.20140378177165985, 0.8412458896636963, -0.501738965511322, -0.004195794463157654, 0.5114898085594177, 0.8592790961265564),
            ["LeftLowerArm"] = CFrame.new(1.1920928955078125e-07, -2.384185791015625e-07, -2.086162567138672e-07, 1, -2.9802322387695312e-08, 5.960464477539063e-08, 5.960465188081798e-08, 0.061282217502593994, -0.9981204867362976, 8.940698137394065e-08, 0.9981205463409424, 0.06128227710723877),
            ["RightUpperArm"] = CFrame.new(0, -2.384185791015625e-07, 1.1175870895385742e-07, 0.86122727394104, -0.1332293152809143, 0.4904462993144989, 0.09136884659528732, 0.9898931384086609, 0.10845910757780075, -0.499939501285553, -0.04859635978937149, 0.8646959066390991),
            ["Head"] = CFrame.new(-2.123415470123291e-07, -2.384185791015625e-07, 1.1920928955078125e-07, 0.9895378351211548, 0.07209452986717224, -0.1249692440032959, -0.06803445518016815, 0.997016429901123, 0.03646289184689522, 0.1272251456975937, -0.02757926657795906, 0.991490364074707),
            ["RightHand"] = CFrame.new(1.341104507446289e-07, 1.1920928955078125e-07, -7.450580596923828e-09, 0.6231874227523804, 0.5171781182289124, -0.5866550207138062, -0.6068500280380249, 0.7929522395133972, 0.05440372973680496, 0.49332594871520996, 0.3221079111099243, 0.808007538318634),
            ["UpperTorso"] = CFrame.new(-2.1420419216156006e-08, 0, -7.543712854385376e-08, 0.9921293258666992, 0.05023510009050369, -0.11469890177249908, 0.020751509815454483, 0.8373693227767944, 0.5462437272071838, 0.12348609417676926, -0.5443243980407715, 0.829736053943634),
            ["HumanoidRootPart"] = CFrame.new(0, 0, 0, 1, 0, 0, 0, 1, 0, 0, 0, 1),
            ["RightUpperLeg"] = CFrame.new(5.960464477539063e-08, -2.384185791015625e-07, -3.149762051180005e-08, 0.9741678237915039, -0.12326958775520325, 0.18921317160129547, 0.22582006454467773, 0.5261070132255554, -0.8198884129524231, 0.0015209164703264832, 0.8414369225502014, 0.5403530597686768),
            ["LeftUpperArm"] = CFrame.new(2.384185791015625e-07, -2.384185791015625e-07, 9.359791874885559e-08, 0.29799896478652954, 0.15577459335327148, -0.941770076751709, -0.31400057673454285, 0.9476863741874695, 0.057395778596401215, 0.9014434814453125, 0.2786124646663666, 0.33132287859916687),
            ["RightLowerArm"] = CFrame.new(1.7881393432617188e-07, -3.5762786865234375e-07, 4.172325134277344e-07, 1, -7.450580596923828e-08, 7.450579886381092e-08, 5.960464477539063e-08, -0.4072754979133606, -0.913305401802063, 9.685754776000977e-08, 0.9133053421974182, -0.4072754681110382),
            ["LeftHand"] = CFrame.new(-1.6577541828155518e-07, -2.980232238769531e-07, 1.9371509552001953e-07, 0.8774363994598389, -0.4604125916957855, 0.1346319317817688, 0.46400606632232666, 0.8858165144920349, 0.005239516496658325, -0.12167148292064667, 0.057872746139764786, 0.9908818602561951),
            ["LeftFoot"] = CFrame.new(-3.725290298461914e-08, 0, 1.862645149230957e-08, 0.9735280275344849, -0.16028711199760437, 0.16294582188129425, 0.1915079951286316, 0.9611701965332031, -0.19868764281272888, -0.12477148324251175, 0.22463327646255493, 0.9664222598075867),
            ["LowerTorso"] = CFrame.new(-0.12469513714313507, -0.26415419578552246, 0.06334429979324341, 0.8096100687980652, 0.2701069414615631, -0.5211275219917297, -0.027282001450657845, 0.9041861295700073, 0.42626652121543884, 0.5863338112831116, -0.3308922350406647, 0.7394072413444519),
            ["RightLowerLeg"] = CFrame.new(7.450580596923828e-09, -0.00012254714965820312, -0.00007724219904048368, 1, -5.960464477539063e-08, -1.341104507446289e-07, 1.043081283569336e-07, 0.4468688368797302, 0.894599199295044, -9.685754776000977e-08, -0.8945995569229126, 0.44686946272850037),
            ["LeftUpperLeg"] = CFrame.new(8.940696716308594e-08, -6.183981895446777e-07, -8.940696716308594e-08, 0.9489288330078125, 0.2934390902519226, 0.115878164768219, -0.019123729318380356, 0.42012038826942444, -0.9072670340538025, -0.31491026282310486, 0.8587155938148499, 0.4042758345603943),
            ["LeftLowerLeg"] = CFrame.new(0, 0.00012248754501342773, 0.00007742643356323242, 1, -3.725290298461914e-09, 5.21540464148984e-08, -2.980232949312267e-08, 0.5740625858306885, 0.8188110589981079, 8.195640788244418e-08, -0.8188114166259766, 0.5740631222724915),
        }},
        {Time = 0.033, Data = {
            ["RightFoot"] = CFrame.new(-1.1175870895385742e-08, 3.5762786865234375e-07, -2.8107024263590574e-08, 0.9771618247032166, 0.18658480048179626, -0.10169121623039246, -0.21207018196582794, 0.8259772062301636, -0.5222905874252319, -0.013456729240715504, 0.5319283604621887, 0.846682608127594),
            ["LeftLowerArm"] = CFrame.new(-2.9802322387695312e-08, -1.1920928955078125e-07, -2.086162567138672e-07, 1, -8.940695295223122e-08, 2.9802322387695312e-08, 1.1920930376163597e-07, 0.06245500594377518, -0.9980477690696716, 1.1175872316471214e-07, 0.9980477690696716, 0.06245502829551697),
            ["RightUpperArm"] = CFrame.new(3.5762786865234375e-07, 0, 1.4901161193847656e-07, 0.8572712540626526, -0.12698568403720856, 0.4989594519138336, 0.08196529000997543, 0.9904084205627441, 0.11123400926589966, -0.5082987546920776, -0.054460398852825165, 0.8594571352005005),
            ["Head"] = CFrame.new(-1.862645149230957e-09, 2.384185791015625e-07, 1.4901161193847656e-07, 0.9945327639579773, 0.0770420953631401, -0.07049243897199631, -0.06445907801389694, 0.9840120077133179, 0.16602849960327148, 0.0821564793586731, -0.1605769246816635, 0.9835981726646423),
            ["RightHand"] = CFrame.new(1.1920928955078125e-07, 1.7881393432617188e-07, 8.195638656616211e-08, 0.6531447768211365, 0.473492830991745, -0.5909369587898254, -0.5811106562614441, 0.8137661814689636, 0.009752292186021805, 0.485502153635025, 0.3370301127433777, 0.8066588044166565),
            ["UpperTorso"] = CFrame.new(-1.5832483768463135e-08, 8.940696716308594e-08, -7.729977369308472e-08, 0.9927758574485779, 0.05228262022137642, -0.10799378901720047, 0.019002433866262436, 0.8201963305473328, 0.5717665553092957, 0.11846970021724701, -0.5696882009506226, 0.813277542591095),
            ["HumanoidRootPart"] = CFrame.new(0, 0, 0, 1, 0, 0, 0, 1, 0, 0, 0, 1),
            ["RightUpperLeg"] = CFrame.new(5.960464477539063e-08, 2.086162567138672e-07, -4.639878170564771e-08, 0.9716086983680725, -0.12800052762031555, 0.19897878170013428, 0.23554059863090515, 0.4440467953681946, -0.8644902110099792, 0.022299321368336678, 0.8868136405944824, 0.46158871054649353),
            ["LeftUpperArm"] = CFrame.new(0, 2.384185791015625e-07, 1.1757947504520416e-07, 0.4018707275390625, 0.12725195288658142, -0.9068114161491394, -0.2275768220424652, 0.9731055498123169, 0.03569994866847992, 0.8869660496711731, 0.19202247262001038, 0.42002230882644653),
            ["RightLowerArm"] = CFrame.new(-5.960464477539063e-08, 0, 2.086162567138672e-07, 1, -6.70552182668871e-08, 1.7881393432617188e-07, 8.940698137394065e-08, -0.41989991068840027, -0.9075704216957092, 1.0430814256778831e-07, 0.9075704216957092, -0.41989991068840027),
            ["LeftHand"] = CFrame.new(-2.0116567611694336e-07, 2.980232238769531e-07, -4.470348358154297e-08, 0.8513854742050171, -0.5227900147438049, 0.04281722381711006, 0.5234383940696716, 0.8520501852035522, -0.0047750030644237995, -0.03398610278964043, 0.02647765725851059, 0.9990715384483337),
            ["LeftFoot"] = CFrame.new(-6.332993507385254e-08, 1.1920928955078125e-07, 2.2351741790771484e-08, 0.9757304787635803, -0.1704922318458557, 0.1374141126871109, 0.19731076061725616, 0.9566852450370789, -0.21406053006649017, -0.09496648609638214, 0.23597872257232666, 0.9671067595481873),
            ["LowerTorso"] = CFrame.new(-0.135941281914711, -0.30051374435424805, 0.06966894865036011, 0.8151209950447083, 0.29209575057029724, -0.5002579092979431, -0.03205683082342148, 0.8849906325340271, 0.46450406312942505, 0.5784031748771667, -0.36259034276008606, 0.7307380437850952),
            ["RightLowerLeg"] = CFrame.new(-4.284083843231201e-08, -0.0001221299171447754, -0.00007752997771603987, 1, -1.2665987014770508e-07, -2.0116577559292637e-07, 7.450581307466564e-08, 0.36753904819488525, 0.9300078749656677, -1.4156104555240745e-07, -0.9300081729888916, 0.3675397038459778),
            ["LeftUpperLeg"] = CFrame.new(-5.960464477539063e-08, 1.1175870895385742e-07, 2.9802322387695312e-08, 0.9483384490013123, 0.29901155829429626, 0.10604909062385559, 0.002247265772894025, 0.3279258608818054, -0.9447008371353149, -0.31725242733955383, 0.8961344361305237, 0.3103125989437103),
            ["LeftLowerLeg"] = CFrame.new(-4.470348358154297e-08, 0.0001226663589477539, 0.00007738173007965088, 1, 8.940698137394065e-08, 2.60770320892334e-08, -8.195640788244418e-08, 0.5060334801673889, 0.8625136613845825, 1.4901164746561335e-08, -0.8625139594078064, 0.5060338973999023),
        }},
        {Time = 0.067, Data = {
            ["RightFoot"] = CFrame.new(0, 4.76837158203125e-07, -1.3205863069742918e-08, 0.9752985239028931, 0.19546842575073242, -0.10288292169570923, -0.219824880361557, 0.8131821751594543, -0.5388988852500916, -0.021675143390893936, 0.5482032895088196, 0.8360641002655029),
            ["LeftLowerArm"] = CFrame.new(-5.960464477539063e-08, -4.172325134277344e-07, 2.086162567138672e-07, 1, -8.940695295223122e-08, 5.587936158235607e-08, 1.4156104555240745e-07, 0.06074754148721695, -0.9981532692909241, 9.685756197086448e-08, 0.9981531500816345, 0.060747601091861725),
            ["RightUpperArm"] = CFrame.new(1.1920928955078125e-07, -1.1920928955078125e-07, 1.043081283569336e-07, 0.8536953330039978, -0.1220225915312767, 0.5062753558158875, 0.0734734982252121, 0.9906589984893799, 0.11487600952386856, -0.5155637264251709, -0.06087130308151245, 0.854686439037323),
            ["Head"] = CFrame.new(1.4901161193847656e-08, -2.384185791015625e-07, 2.086162567138672e-07, 0.9979268908500671, 0.0603800006210804, -0.022280054166913033, -0.05116620659828186, 0.9542964696884155, 0.2944490909576416, 0.039040595293045044, -0.2926987111568451, 0.9554073810577393),
            ["RightHand"] = CFrame.new(1.1175870895385742e-07, 5.960464477539063e-08, 2.9802322387695312e-08, 0.6762993335723877, 0.4366472065448761, -0.5932609438896179, -0.5604498386383057, 0.8276545405387878, -0.029732124879956245, 0.47803258895874023, 0.3526008129119873, 0.8044610619544983),
            ["UpperTorso"] = CFrame.new(2.7939677238464355e-08, 1.7881393432617188e-07, 1.3690441846847534e-07, 0.9932577013969421, 0.05360058695077896, -0.10279185324907303, 0.01702505350112915, 0.809632420539856, 0.586690366268158, 0.11467055976390839, -0.5844848155975342, 0.8032610416412354),
            ["HumanoidRootPart"] = CFrame.new(0, 0, 0, 1, 0, 0, 0, 1, 0, 0, 0, 1),
            ["RightUpperLeg"] = CFrame.new(5.960464477539063e-08, 4.470348358154297e-08, -6.129994289949536e-08, 0.9696505665779114, -0.13789139688014984, 0.20190058648586273, 0.23959355056285858, 0.3713790774345398, -0.8970353603363037, 0.04871175438165665, 0.9181849360466003, 0.393145889043808),
            ["LeftUpperArm"] = CFrame.new(0, 3.5762786865234375e-07, 5.5530108511447906e-08, 0.5157684087753296, 0.08331194519996643, -0.8526676893234253, -0.12802909314632416, 0.9915798306465149, 0.0194413922727108, 0.8471077680587769, 0.09913899004459381, 0.5220919251441956),
            ["RightLowerArm"] = CFrame.new(0, 0, 1.6391277313232422e-07, 1, -8.195638656616211e-08, 1.4901162614933128e-07, 7.450580596923828e-08, -0.43286770582199097, -0.9014574289321899, 7.450580596923828e-08, 0.9014574885368347, -0.43286776542663574),
            ["LeftHand"] = CFrame.new(7.59027898311615e-08, -5.960464477539063e-08, 4.842877388000488e-08, 0.8082594871520996, -0.5871503353118896, -0.044396668672561646, 0.5854053497314453, 0.809391975402832, -0.04674720764160156, 0.06338196992874146, 0.011793822981417179, 0.9979196786880493),
            ["LeftFoot"] = CFrame.new(0, 5.960464477539063e-08, 8.195638656616211e-08, 0.979162335395813, -0.1697152554988861, 0.11152519285678864, 0.19095803797245026, 0.9563425183296204, -0.22123348712921143, -0.06910964101552963, 0.23791995644569397, 0.9688230156898499),
            ["LowerTorso"] = CFrame.new(-0.14456245303153992, -0.3277294635772705, 0.07400201261043549, 0.8229143619537354, 0.31270888447761536, -0.474368155002594, -0.03722192719578743, 0.8627901673316956, 0.5041901469230652, 0.5669448971748352, -0.39724844694137573, 0.7216420769691467),
            ["RightLowerLeg"] = CFrame.new(-6.292248144745827e-08, -0.00012260675430297852, -0.00007740203727735206, 1, -1.192092469182171e-07, -2.2351745343485163e-08, 1.1920928955078125e-07, 0.30962875485420227, 0.9508572220802307, -2.1606683731079102e-07, -0.9508575201034546, 0.3096297085285187),
            ["LeftUpperLeg"] = CFrame.new(-5.960464477539063e-08, -1.862645149230957e-07, 1.1920928955078125e-07, 0.9480940103530884, 0.3005944490432739, 0.10373401641845703, 0.02827773243188858, 0.24522705376148224, -0.9690532088279724, -0.316730260848999, 0.9216868877410889, 0.22399818897247314),
            ["LeftLowerLeg"] = CFrame.new(8.940696716308594e-08, 0.00012254714965820312, 0.0000775754451751709, 1, 6.33299421792799e-08, 6.332993507385254e-08, -4.4703490686970326e-08, 0.45946890115737915, 0.8881937265396118, 4.4703490686970326e-08, -0.8881939053535461, 0.4594693183898926),
        }},
        {Time = 0.100, Data = {
            ["RightFoot"] = CFrame.new(1.1175870895385742e-08, 3.5762786865234375e-07, -7.281050784513354e-08, 0.9747229218482971, 0.19866198301315308, -0.10222015529870987, -0.22184239327907562, 0.8063730597496033, -0.5482226014137268, -0.026483140885829926, 0.5570421814918518, 0.8300620317459106),
            ["LeftLowerArm"] = CFrame.new(-2.9802322387695312e-08, -1.1920928955078125e-07, 2.9802322387695312e-08, 1, -1.1920928955078125e-07, 5.960463056453591e-08, 1.2665985593685036e-07, 0.04933294653892517, -0.9987823963165283, 1.4901159772762185e-07, 0.9987824559211731, 0.04933290556073189),
            ["RightUpperArm"] = CFrame.new(-5.960464477539063e-08, -1.1920928955078125e-07, 5.960464477539063e-08, 0.850807785987854, -0.11126936972141266, 0.5135613083839417, 0.06641341000795364, 0.9922565221786499, 0.10495872795581818, -0.5212631821632385, -0.05519240349531174, 0.8516093492507935),
            ["Head"] = CFrame.new(-1.257285475730896e-07, 3.5762786865234375e-07, -1.043081283569336e-07, 0.9995465278625488, 0.029309988021850586, 0.006913024932146072, -0.02951543591916561, 0.9079549312591553, 0.41802704334259033, 0.0059755779802799225, -0.41804152727127075, 0.9084082841873169),
            ["RightHand"] = CFrame.new(7.450580596923828e-08, -5.960464477539063e-08, 7.450580596923828e-08, 0.6893342733383179, 0.4165573716163635, -0.592704176902771, -0.5412778258323669, 0.839928925037384, -0.03921493887901306, 0.4814940392971039, 0.3478497564792633, 0.8044649958610535),
            ["UpperTorso"] = CFrame.new(5.122274160385132e-08, -1.1920928955078125e-07, 1.30385160446167e-08, 0.9934371709823608, 0.05482146143913269, -0.10038593411445618, 0.016087602823972702, 0.8019601702690125, 0.5971609354019165, 0.1132427528500557, -0.5948567390441895, 0.7958150506019592),
            ["HumanoidRootPart"] = CFrame.new(0, 0, 0, 1, 0, 0, 0, 1, 0, 0, 0, 1),
            ["RightUpperLeg"] = CFrame.new(5.960464477539063e-08, -2.4586915969848633e-07, -7.620110409334302e-08, 0.9688025712966919, -0.15816769003868103, 0.1908000111579895, 0.23327994346618652, 0.3220430910587311, -0.9175341129302979, 0.0836782157421112, 0.9334191679954529, 0.34889325499534607),
            ["LeftUpperArm"] = CFrame.new(0, 0, 3.3527612686157227e-08, 0.5489869713783264, 0.06808169186115265, -0.8330535292625427, -0.0943758487701416, 0.9953525066375732, 0.019151372835040092, 0.8304857611656189, 0.06810621172189713, 0.5528607368469238),
            ["RightLowerArm"] = CFrame.new(-2.384185791015625e-07, -2.980232238769531e-07, 4.3213367462158203e-07, 1, -7.264316792543468e-08, 8.940695295223122e-08, 1.043081283569336e-07, -0.4423026442527771, -0.8968659043312073, 1.043081283569336e-07, 0.896865963935852, -0.4423025846481323),
            ["LeftHand"] = CFrame.new(9.383074939250946e-08, 0, 8.66129994392395e-08, 0.8065024614334106, -0.5888615250587463, -0.052877023816108704, 0.5851458311080933, 0.8078014850616455, -0.07114199548959732, 0.08460692316293716, 0.026435434818267822, 0.9960637092590332),
            ["LeftFoot"] = CFrame.new(1.1548399925231934e-07, 5.960464477539063e-08, 1.4901161193847656e-08, 0.9825161099433899, -0.16017784178256989, 0.09489670395851135, 0.17720147967338562, 0.9609096050262451, -0.21272589266300201, -0.0571131557226181, 0.22582267224788666, 0.9724928140640259),
            ["LowerTorso"] = CFrame.new(-0.15022039413452148, -0.333479642868042, 0.07688230276107788, 0.8347330689430237, 0.33043915033340454, -0.44048911333084106, -0.043871212750673294, 0.8373020887374878, 0.5449775457382202, 0.5489043593406677, -0.43558603525161743, 0.7134205102920532),
            ["RightLowerLeg"] = CFrame.new(-5.168840289115906e-08, -0.00012242794036865234, -0.00007747828931314871, 1, -1.1920926112907182e-07, -1.937151665742931e-07, 1.0430815677864302e-07, 0.2945648431777954, 0.9556313753128052, -1.1920931797249068e-07, -0.9556314945220947, 0.2945655882358551),
            ["LeftUpperLeg"] = CFrame.new(8.940696716308594e-08, -3.129243850708008e-07, -2.086162567138672e-07, 0.9512072801589966, 0.28875458240509033, 0.10874476283788681, 0.05487794801592827, 0.18849357962608337, -0.9805399179458618, -0.30363306403160095, 0.938664436340332, 0.16345031559467316),
            ["LeftLowerLeg"] = CFrame.new(-4.470348358154297e-08, 0.00012284517288208008, 0.00007739663124084473, 1, 1.1920928955078125e-07, 8.195639367158947e-08, -4.4703494239684005e-08, 0.45971983671188354, 0.8880639672279358, 3.72529100900465e-08, -0.8880640268325806, 0.4597199559211731),
        }},
        {Time = 0.133, Data = {
            ["RightFoot"] = CFrame.new(4.842877388000488e-08, 4.172325134277344e-07, -4.300818545743823e-08, 0.9748491644859314, 0.19916902482509613, -0.10000566393136978, -0.22101162374019623, 0.8061798810958862, -0.5488414168357849, -0.02868964709341526, 0.5571407675743103, 0.8299228549003601),
            ["LeftLowerArm"] = CFrame.new(1.1920928955078125e-07, -1.1920928955078125e-07, 2.9802322387695312e-08, 1, -7.450580596923828e-08, 5.960465188081798e-08, 1.1920931797249068e-07, 0.03709027171134949, -0.9993119835853577, 4.4703494239684005e-08, 0.9993119239807129, 0.03709026053547859),
            ["RightUpperArm"] = CFrame.new(0, 0, 8.940696716308594e-08, 0.8478506803512573, -0.0981377512216568, 0.5210741758346558, 0.05976390838623047, 0.9941477179527283, 0.08999212086200714, -0.5268563032150269, -0.04515843093395233, 0.8487539291381836),
            ["Head"] = CFrame.new(5.587935447692871e-08, 0, 2.9802322387695312e-08, 0.9998522400856018, -0.010474643670022488, 0.013633538037538528, 0.001846318133175373, 0.853817343711853, 0.5205692648887634, -0.017093366011977196, -0.520467221736908, 0.8537105321884155),
            ["RightHand"] = CFrame.new(-3.725290298461914e-08, -5.960464477539063e-08, 5.960464477539063e-08, 0.698047935962677, 0.40160253643989563, -0.5928276181221008, -0.5181372165679932, 0.8547329306602478, -0.031074415892362595, 0.4942297339439392, 0.3288574516773224, 0.804729700088501),
            ["UpperTorso"] = CFrame.new(2.421438694000244e-08, -2.9802322387695312e-08, -1.4621764421463013e-07, 0.9934449791908264, 0.05587084963917732, -0.09972795099020004, 0.015666354447603226, 0.7976430654525757, 0.6029263734817505, 0.11323331296443939, -0.6005364656448364, 0.791539192199707),
            ["HumanoidRootPart"] = CFrame.new(0, 0, 0, 1, 0, 0, 0, 1, 0, 0, 0, 1),
            ["RightUpperLeg"] = CFrame.new(5.960464477539063e-08, -5.21540641784668e-08, 7.281050784513354e-08, 0.9680156707763672, -0.18123245239257812, 0.17349521815776825, 0.22196663916110992, 0.2963075041770935, -0.9289416670799255, 0.11694643646478653, 0.9377402067184448, 0.32705795764923096),
            ["LeftUpperArm"] = CFrame.new(-1.1920928955078125e-07, 2.384185791015625e-07, -6.426125764846802e-08, 0.56588214635849, 0.061984892934560776, -0.8221529126167297, -0.07805041968822479, 0.996719241142273, 0.02142442762851715, 0.8207834959030151, 0.052045635879039764, 0.5688634514808655),
            ["RightLowerArm"] = CFrame.new(-1.1920928955078125e-07, -1.1920928955078125e-07, 1.341104507446289e-07, 1, -9.499486708364202e-08, 1.490115550950577e-07, 5.21540641784668e-08, -0.45843130350112915, -0.8887298107147217, 8.940696716308594e-08, 0.8887298107147217, -0.4584313631057739),
            ["LeftHand"] = CFrame.new(-1.0989606380462646e-07, 2.384185791015625e-07, 4.0978193283081055e-08, 0.8130465745925903, -0.5806800723075867, -0.0420236773788929, 0.5755829215049744, 0.8125616312026978, -0.09191293269395828, 0.08751882612705231, 0.050541434437036514, 0.994879961013794),
            ["LeftFoot"] = CFrame.new(-5.587935447692871e-08, 0, 1.043081283569336e-07, 0.9855843782424927, -0.1492776870727539, 0.0796215683221817, 0.16217643022537231, 0.9676434397697449, -0.19330082833766937, -0.0481896810233593, 0.20342695713043213, 0.9779034852981567),
            ["LowerTorso"] = CFrame.new(-0.1544090211391449, -0.32511067390441895, 0.07922464609146118, 0.8466180562973022, 0.34142687916755676, -0.4082469344139099, -0.050872594118118286, 0.8154970407485962, 0.5765210390090942, 0.52976393699646, -0.46732455492019653, 0.7077838182449341),
            ["RightLowerLeg"] = CFrame.new(2.0954757928848267e-08, -0.0001220703125, -0.00007741356239421293, 1, -1.6391271628890536e-07, -1.6391282997574308e-07, 1.0430811414607888e-07, 0.30571454763412476, 0.9521233439445496, -1.5646217832454568e-07, -0.9521231651306152, 0.3057144284248352),
            ["LeftUpperLeg"] = CFrame.new(1.1920928955078125e-07, -2.60770320892334e-07, -5.960464477539063e-08, 0.9546196460723877, 0.27266156673431396, 0.11982095241546631, 0.07785447686910629, 0.15986840426921844, -0.9840633869171143, -0.2874718904495239, 0.9487348794937134, 0.13138584792613983),
            ["LeftLowerLeg"] = CFrame.new(-2.9802322387695312e-08, 0.00012254714965820312, 0.00007748603820800781, 1, 2.6077035641947077e-08, 6.332992796842518e-08, -3.725290298461914e-08, 0.48821839690208435, 0.8727211952209473, 5.960464477539063e-08, -0.8727216124534607, 0.4882188141345978),
        }},
        {Time = 0.167, Data = {
            ["RightFoot"] = CFrame.new(-1.4901161193847656e-08, 2.980232238769531e-07, -1.3205863069742918e-08, 0.9757866263389587, 0.19605609774589539, -0.09696782380342484, -0.2169511765241623, 0.8112127780914307, -0.5430150628089905, -0.0277998223900795, 0.5509045720100403, 0.8341054320335388),
            ["LeftLowerArm"] = CFrame.new(1.1920928955078125e-07, -2.384185791015625e-07, -2.086162567138672e-07, 1, -1.0430815677864302e-07, 7.450579886381092e-08, 1.0430814256778831e-07, 0.031087107956409454, -0.9995166659355164, 8.940698137394065e-08, 0.9995167255401611, 0.03108709678053856),
            ["RightUpperArm"] = CFrame.new(0, 2.384185791015625e-07, 2.384185791015625e-07, 0.8314362168312073, -0.11065735667943954, 0.5444895029067993, 0.07416249811649323, 0.9933004379272461, 0.08862365782260895, -0.5506485104560852, -0.03330421447753906, 0.8340725898742676),
            ["Head"] = CFrame.new(-5.587935447692871e-08, 0, -5.960464477539063e-08, 0.9990242719650269, -0.044165439903736115, 0.00010189414024353027, 0.03769666329026222, 0.853898823261261, 0.5190719962120056, -0.02301197312772274, -0.5185617208480835, 0.8547305464744568),
            ["RightHand"] = CFrame.new(2.0116567611694336e-07, -1.7881393432617188e-07, -1.4901161193847656e-07, 0.7118281722068787, 0.375416100025177, -0.5936022400856018, -0.49252834916114807, 0.8693385124206543, -0.040821757167577744, 0.5007161498069763, 0.3214240074157715, 0.8037225604057312),
            ["UpperTorso"] = CFrame.new(3.3527612686157227e-08, -2.980232238769531e-07, 2.60770320892334e-08, 0.9934191107749939, 0.05678591877222061, -0.09946814179420471, 0.015565047040581703, 0.7934533357620239, 0.6084320545196533, 0.11347375810146332, -0.6059763431549072, 0.7873477339744568),
            ["HumanoidRootPart"] = CFrame.new(0, 0, 0, 1, 0, 0, 0, 1, 0, 0, 0, 1),
            ["RightUpperLeg"] = CFrame.new(-2.9802322387695312e-08, -8.195638656616211e-08, -6.875052349641919e-08, 0.9671720862388611, -0.20300766825675964, 0.15286006033420563, 0.21220625936985016, 0.3142543435096741, -0.9253175258636475, 0.13980956375598907, 0.9273791313171387, 0.34701773524284363),
            ["LeftUpperArm"] = CFrame.new(-1.1920928955078125e-07, 0, -2.7939677238464355e-08, 0.5523312091827393, 0.07728730142116547, -0.8300343155860901, -0.09145241975784302, 0.9953009486198425, 0.031820427626371384, 0.8285932540893555, 0.05833318829536438, 0.556803822517395),
            ["RightLowerArm"] = CFrame.new(5.960464477539063e-08, 3.5762786865234375e-07, 4.172325134277344e-07, 1, -8.940695295223122e-08, 4.470348358154297e-08, 6.705523247774181e-08, -0.46104198694229126, -0.8873783349990845, 7.450581307466564e-08, 0.8873783349990845, -0.46104204654693604),
            ["LeftHand"] = CFrame.new(-1.862645149230957e-09, -1.1920928955078125e-07, 1.4156103134155273e-07, 0.8301787972450256, -0.5574122667312622, -0.009747672826051712, 0.5527574419975281, 0.8252696394920349, -0.11571164429187775, 0.07254347205162048, 0.09067334979772568, 0.9932350516319275),
            ["LeftFoot"] = CFrame.new(-1.043081283569336e-07, 0, 4.470348358154297e-08, 0.9885081052780151, -0.13539348542690277, 0.06723456084728241, 0.14511370658874512, 0.9745075702667236, -0.17110499739646912, -0.04235421493649483, 0.17889554798603058, 0.9829561114311218),
            ["LowerTorso"] = CFrame.new(-0.1587231457233429, -0.30280232429504395, 0.0809909999370575, 0.8553854823112488, 0.3413264751434326, -0.389630526304245, -0.05736542493104935, 0.8099889159202576, 0.58363276720047, 0.5148057341575623, -0.47687971591949463, 0.7124330997467041),
            ["RightLowerLeg"] = CFrame.new(7.799826562404633e-08, -0.00012242794036865234, -0.00007734301470918581, 1, -4.470347292340193e-08, -1.6391287260830723e-07, 1.0430814256778831e-07, 0.3487456142902374, 0.9372173547744751, -8.195639367158947e-08, -0.9372174143791199, 0.34874600172042847),
            ["LeftUpperLeg"] = CFrame.new(8.940696716308594e-08, -2.1606683731079102e-07, 8.940696716308594e-08, 0.9564851522445679, 0.2552429139614105, 0.14137665927410126, 0.0952603667974472, 0.18481209874153137, -0.9781461954116821, -0.2757928669452667, 0.9490498304367065, 0.15245544910430908),
            ["LeftLowerLeg"] = CFrame.new(8.940696716308594e-08, 0.00012260675430297852, 0.0000775456428527832, 1, 5.5879347371501353e-08, 8.754432201385498e-08, -2.980232594040899e-08, 0.5471567511558533, 0.8370298743247986, 6.705523247774181e-08, -0.8370301723480225, 0.5471572875976562),
        }},
        {Time = 0.200, Data = {
            ["RightFoot"] = CFrame.new(2.2351741790771484e-08, 3.5762786865234375e-07, -2.8107024263590574e-08, 0.9769588112831116, 0.1917462944984436, -0.09372933208942413, -0.21190617978572845, 0.8190916776657104, -0.533089280128479, -0.025445105507969856, 0.5406681895256042, 0.8408511877059937),
            ["LeftLowerArm"] = CFrame.new(-2.980232238769531e-07, -1.1920928955078125e-07, 1.7881393432617188e-07, 1, -4.4703494239684005e-08, 8.940694584680386e-08, 4.4703494239684005e-08, 0.034918613731861115, -0.9993902444839478, 1.0430815677864302e-07, 0.9993902444839478, 0.034918539226055145),
            ["RightUpperArm"] = CFrame.new(1.1920928955078125e-07, 1.1920928955078125e-07, -8.940696716308594e-08, 0.8094095587730408, -0.1413605660200119, 0.569976806640625, 0.10120980441570282, 0.9896513223648071, 0.10171915590763092, -0.5784573554992676, -0.02464517578482628, 0.8153401613235474),
            ["Head"] = CFrame.new(-8.940696716308594e-08, 3.5762786865234375e-07, -2.2351741790771484e-07, 0.9972664713859558, -0.07307141274213791, -0.010969700291752815, 0.06884358078241348, 0.8649336695671082, 0.4971426725387573, -0.026838716119527817, -0.4965384602546692, 0.8675994873046875),
            ["RightHand"] = CFrame.new(-1.4901161193847656e-08, -1.1920928955078125e-07, 2.9802322387695312e-08, 0.7255123257637024, 0.3352956473827362, -0.6010065078735352, -0.47223612666130066, 0.8778025507926941, -0.08034815639257431, 0.5006245970726013, 0.3421105444431305, 0.7951952219009399),
            ["UpperTorso"] = CFrame.new(7.264316082000732e-08, 5.960464477539063e-08, 2.1420419216156006e-08, 0.9934012293815613, 0.057460151612758636, -0.09925848245620728, 0.015508225187659264, 0.7902002930641174, 0.6126526594161987, 0.11363717913627625, -0.6101492047309875, 0.7840947508811951),
            ["HumanoidRootPart"] = CFrame.new(0, 0, 0, 1, 0, 0, 0, 1, 0, 0, 0, 1),
            ["RightUpperLeg"] = CFrame.new(1.1920928955078125e-07, 5.21540641784668e-08, 5.790934665128589e-08, 0.9662814736366272, -0.22154924273490906, 0.13120974600315094, 0.20486654341220856, 0.35281357169151306, -0.9129908084869385, 0.1559799462556839, 0.9090866446495056, 0.3863052725791931),
            ["LeftUpperArm"] = CFrame.new(5.960464477539063e-08, -2.384185791015625e-07, -1.862645149230957e-09, 0.5334306955337524, 0.09355531632900238, -0.8406540155410767, -0.1050315797328949, 0.9934987425804138, 0.043918222188949585, 0.8392974138259888, 0.06486779451370239, 0.5397889018058777),
            ["RightLowerArm"] = CFrame.new(0, 2.384185791015625e-07, -3.427267074584961e-07, 1, -5.215405707303944e-08, 1.3411039390121005e-07, 1.0430811414607888e-07, -0.4494299292564392, -0.8933156132698059, 1.7881390590446244e-07, 0.8933155536651611, -0.44942986965179443),
            ["LeftHand"] = CFrame.new(-1.6205012798309326e-07, 0, -2.9802322387695312e-08, 0.8458208441734314, -0.5331876873970032, 0.017262661829590797, 0.5297190546989441, 0.8356093764305115, -0.14544694125652313, 0.06312563270330429, 0.13216650485992432, 0.9892154932022095),
            ["LeftFoot"] = CFrame.new(4.0978193283081055e-08, 1.1920928955078125e-07, 1.862645149230957e-08, 0.9908854961395264, -0.1223582774400711, 0.05634142830967903, 0.12943106889724731, 0.9807074666023254, -0.14649441838264465, -0.037329643964767456, 0.1524515300989151, 0.9876057505607605),
            ["LowerTorso"] = CFrame.new(-0.16259394586086273, -0.2756171226501465, 0.08213044703006744, 0.8619896769523621, 0.33631980419158936, -0.3792925477027893, -0.06294308602809906, 0.8134398460388184, 0.5782334804534912, 0.5030030012130737, -0.4745575189590454, 0.7223457098007202),
            ["RightLowerLeg"] = CFrame.new(-2.8870999813079834e-08, -0.00012242794036865234, -0.00007726641342742369, 1, -1.2665984172599565e-07, -1.3411047916633834e-07, 7.450580596923828e-08, 0.404549241065979, 0.9145160913467407, -2.9802322387695312e-08, -0.9145162105560303, 0.40454965829849243),
            ["LeftUpperLeg"] = CFrame.new(5.960464477539063e-08, 1.6391277313232422e-07, -6.705522537231445e-08, 0.9573951959609985, 0.23718686401844025, 0.16473256051540375, 0.10772257298231125, 0.23594115674495697, -0.9657782912254333, -0.267937034368515, 0.9423768520355225, 0.20033837854862213),
            ["LeftLowerLeg"] = CFrame.new(1.1920928955078125e-07, 0.00012248754501342773, 0.00007766485214233398, 1, 4.284083487959833e-08, 3.911554458113642e-08, -6.70552182668871e-08, 0.6166878938674927, 0.7872076630592346, 3.725289943190546e-08, -0.7872077226638794, 0.616688072681427),
        }},
        {Time = 0.233, Data = {
            ["RightFoot"] = CFrame.new(4.470348358154297e-08, 2.980232238769531e-07, -2.8107024263590574e-08, 0.9777722358703613, 0.18937718868255615, -0.08998788893222809, -0.20839153230190277, 0.8304310441017151, -0.5166788697242737, -0.02311841771006584, 0.5239471793174744, 0.8514371514320374),
            ["LeftLowerArm"] = CFrame.new(0, -1.1920928955078125e-07, 3.5762786865234375e-07, 1, -8.940696716308594e-08, 1.043081283569336e-07, 8.940696716308594e-08, 0.06603311002254486, -0.9978174567222595, 2.9802322387695312e-08, 0.9978175163269043, 0.06603306531906128),
            ["RightUpperArm"] = CFrame.new(1.1920928955078125e-07, -1.1920928955078125e-07, 2.682209014892578e-07, 0.8000442981719971, -0.16724850237369537, 0.5761571526527405, 0.10832153260707855, 0.9848424792289734, 0.13546894490718842, -0.5900810360908508, -0.04597092792391777, 0.8060342073440552),
            ["Head"] = CFrame.new(9.12696123123169e-08, 0, 2.8312206268310547e-07, 0.997694194316864, -0.0674290731549263, -0.00773563701659441, 0.0646018534898758, 0.9085031151771545, 0.4128541648387909, -0.020810550078749657, -0.4124019145965576, 0.9107642769813538),
            ["RightHand"] = CFrame.new(4.470348358154297e-08, -2.384185791015625e-07, 2.9802322387695312e-08, 0.730242908000946, 0.31608104705810547, -0.6056717038154602, -0.4824436902999878, 0.8662891387939453, -0.12958091497421265, 0.4837287962436676, 0.3868280053138733, 0.7850927114486694),
            ["UpperTorso"] = CFrame.new(-3.5390257835388184e-08, 1.7881393432617188e-07, -1.043081283569336e-07, 0.9933894276618958, 0.05777227133512497, -0.09919696301221848, 0.015239297412335873, 0.7901125550270081, 0.6127723455429077, 0.11377803981304169, -0.6102331280708313, 0.7840089797973633),
            ["HumanoidRootPart"] = CFrame.new(0, 0, 0, 1, 0, 0, 0, 1, 0, 0, 0, 1),
            ["RightUpperLeg"] = CFrame.new(0, 3.725290298461914e-07, -6.129994289949536e-08, 0.9653394222259521, -0.23478084802627563, 0.1140078753232956, 0.2014719694852829, 0.3926355540752411, -0.8973553776741028, 0.16591830551624298, 0.8892217874526978, 0.4263280928134918),
            ["LeftUpperArm"] = CFrame.new(1.7881393432617188e-07, 1.1920928955078125e-07, 1.1548399925231934e-07, 0.5258549451828003, 0.09844648092985153, -0.8448578119277954, -0.09722302854061127, 0.9937262535095215, 0.05527975410223007, 0.8449996113777161, 0.05307050049304962, 0.5321272015571594),
            ["RightLowerArm"] = CFrame.new(3.5762786865234375e-07, -5.960464477539063e-08, 4.172325134277344e-07, 1, -4.470348358154297e-08, 8.940695295223122e-08, 7.450580596923828e-08, -0.4365948736667633, -0.899658203125, 1.1920928955078125e-07, 0.899658203125, -0.4365949034690857),
            ["LeftHand"] = CFrame.new(-4.470348358154297e-08, 0, 1.4901161193847656e-08, 0.8519588112831116, -0.5231390595436096, 0.02217848040163517, 0.5166162848472595, 0.8329275250434875, -0.19834154844284058, 0.08528712391853333, 0.18043655157089233, 0.9798821210861206),
            ["LeftFoot"] = CFrame.new(-5.21540641784668e-08, 5.960464477539063e-08, -1.862645149230957e-08, 0.992493748664856, -0.11332827806472778, 0.045967619866132736, 0.11800570785999298, 0.9861352443695068, -0.1166699156165123, -0.03210833668708801, 0.12121886759996414, 0.9921064972877502),
            ["LowerTorso"] = CFrame.new(-0.1660470813512802, -0.24903345108032227, 0.08269384503364563, 0.8660667538642883, 0.33058902621269226, -0.37501904368400574, -0.06723424047231674, 0.8203526139259338, 0.5678918957710266, 0.49538663029670715, -0.466618150472641, 0.7327070832252502),
            ["RightLowerLeg"] = CFrame.new(2.9802322387695312e-08, -0.00012218952178955078, -0.00007751787052256986, 1, -1.1920926112907182e-07, 0, 1.192092469182171e-07, 0.4560724198818207, 0.8899425864219666, -1.2665982751514093e-07, -0.8899427056312561, 0.45607277750968933),
            ["LeftUpperLeg"] = CFrame.new(0, 1.9371509552001953e-07, -2.682209014892578e-07, 0.9574336409568787, 0.22153149545192719, 0.18505313992500305, 0.11610987782478333, 0.2913700342178345, -0.9495378136634827, -0.26427140831947327, 0.930605947971344, 0.25324544310569763),
            ["LeftLowerLeg"] = CFrame.new(-4.470348358154297e-08, 0.0001227259635925293, 0.00007732212543487549, 1, 5.029141902923584e-08, 3.539026494081554e-08, -5.5879347371501353e-08, 0.6793131232261658, 0.7338483333587646, 3.725289943190546e-08, -0.7338485717773438, 0.6793134808540344),
        }},
        {Time = 0.267, Data = {
            ["RightFoot"] = CFrame.new(-3.725290298461914e-08, 4.172325134277344e-07, -4.300818545743823e-08, 0.9780799746513367, 0.18905161321163177, -0.08728893101215363, -0.20701701939105988, 0.8376410007476807, -0.505471408367157, -0.022443028166890144, 0.5124619007110596, 0.8584167957305908),
            ["LeftLowerArm"] = CFrame.new(2.980232238769531e-07, -1.1920928955078125e-07, -3.5762786865234375e-07, 1, -1.0430811414607888e-07, 7.450581307466564e-08, 8.940696716308594e-08, 0.10184787213802338, -0.9948000311851501, 2.9802322387695312e-08, 0.9947999715805054, 0.10184784233570099),
            ["RightUpperArm"] = CFrame.new(-1.7881393432617188e-07, -1.1920928955078125e-07, 1.4901161193847656e-07, 0.798471212387085, -0.18867120146751404, 0.5717052221298218, 0.10988572239875793, 0.9793456196784973, 0.1697269231081009, -0.5919196605682373, -0.07269986718893051, 0.8027116656303406),
            ["Head"] = CFrame.new(-1.5459954738616943e-07, 0, 1.4901161193847656e-08, 0.9989005923271179, -0.0460844412446022, -0.008604553528130054, 0.04686252772808075, 0.9764204025268555, 0.2107301652431488, -0.0013097991468384862, -0.21090173721313477, 0.9775064587593079),
            ["RightHand"] = CFrame.new(0, 0, -1.1920928955078125e-07, 0.7267035245895386, 0.3150826692581177, -0.6104301810264587, -0.5134254097938538, 0.8394903540611267, -0.1779061257839203, 0.4563950002193451, 0.4426952302455902, 0.7718319296836853),
            ["UpperTorso"] = CFrame.new(-2.2351741790771484e-08, 5.960464477539063e-08, 1.257285475730896e-07, 0.9933857917785645, 0.057928089052438736, -0.09914153814315796, 0.015061477199196815, 0.7902203798294067, 0.6126376986503601, 0.11383262276649475, -0.610078752040863, 0.7841212749481201),
            ["HumanoidRootPart"] = CFrame.new(0, 0, 0, 1, 0, 0, 0, 1, 0, 0, 0, 1),
            ["RightUpperLeg"] = CFrame.new(5.960464477539063e-08, 3.129243850708008e-07, 1.3205863069742918e-08, 0.9644596576690674, -0.24279601871967316, 0.10424887388944626, 0.2020685225725174, 0.42351916432380676, -0.8830628395080566, 0.17025230824947357, 0.8727437257766724, 0.45752838253974915),
            ["LeftUpperArm"] = CFrame.new(-2.384185791015625e-07, 0, -1.30385160446167e-07, 0.5227459669113159, 0.10081800818443298, -0.8465059995651245, -0.09232471883296967, 0.9938371181488037, 0.06135128438472748, 0.8474743962287903, 0.04608221352100372, 0.5288324356079102),
            ["RightLowerArm"] = CFrame.new(3.5762786865234375e-07, -1.1920928955078125e-07, 4.284083843231201e-07, 1, -8.940693874137651e-08, 8.940694584680386e-08, 9.685753354915505e-08, -0.40955039858818054, -0.9122875332832336, 1.4901159772762185e-07, 0.9122875928878784, -0.40955036878585815),
            ["LeftHand"] = CFrame.new(1.341104507446289e-07, -5.960464477539063e-08, 2.9802322387695312e-08, 0.8541553020477295, -0.519267737865448, 0.027927372604608536, 0.5091381669044495, 0.8241491913795471, -0.24810557067394257, 0.10581685602664948, 0.22613953053951263, 0.968330442905426),
            ["LeftFoot"] = CFrame.new(6.705522537231445e-08, -1.1920928955078125e-07, 6.332993507385254e-08, 0.9932713508605957, -0.10823063552379608, 0.04120821878314018, 0.11179471760988235, 0.9889642000198364, -0.09722081571817398, -0.030231166630983353, 0.10117349773645401, 0.994409441947937),
            ["LowerTorso"] = CFrame.new(-0.16903285682201385, -0.2340714931488037, 0.0828506201505661, 0.8683136701583862, 0.32370641827583313, -0.37582656741142273, -0.06986058503389359, 0.8299505114555359, 0.5534452795982361, 0.49107125401496887, -0.4543085992336273, 0.7432716488838196),
            ["RightLowerLeg"] = CFrame.new(-1.8067657947540283e-07, -0.00012236833572387695, -0.00007745826587779447, 1, -1.5646217832454568e-07, 1.4901162970204496e-08, 1.1920928955078125e-07, 0.48511260747909546, 0.8744513988494873, -1.564621925354004e-07, -0.874451756477356, 0.48511314392089844),
