return {
["lay twerk 7"] = {
        {Time = 0.000, Data = {
            ["Head"] = CFrame.new(-1.3234889800848443e-23, 1.1920928955078125e-07, 0, 0.48623788356781006, -0.18557192385196686, -0.85389453172683716, -0.060185596346855164, 0.96775716543197632, -0.24458888173103333, 0.87175136804580688, 0.1703205406665802, 0.45939147472381592),
            ["LeftFoot"] = CFrame.new(4.1203747969120741e-08, 0.033443927764892578, -5.5383316066581756e-07, 0.42078632116317749, -0.69394654035568237, -0.58427488803863525, -0.42834848165512085, 0.41575664281845093, -0.80228674411773682, 0.79966020584106445, 0.58786451816558838, -0.122306227684021),
            ["LeftHand"] = CFrame.new(0.00049903988838195801, 0.0015462636947631836, -3.5238917917013168e-07, 0.99900877475738525, -0.038782414048910141, 0.021849730983376503, 0.031907115131616592, 0.96614503860473633, 0.2560189962387085, -0.031039042398333549, -0.25506806373596191, 0.96642476320266724),
            ["LeftLowerArm"] = CFrame.new(-0.00049978494644165039, 0.087006509304046631, 0.048842106014490128, 1, 0, 0, 0, 0.51000851392745972, -0.86016935110092163, 0, 0.86016935110092163, 0.51000851392745972),
            ["LeftLowerLeg"] = CFrame.new(-8.9406967163085938e-08, 0.125160813331604, -0.1112222746014595, 1, 0, 0, 0, -0.15330374240875244, 0.98817938566207886, 0, -0.98817938566207886, -0.15330374240875244),
            ["LeftUpperArm"] = CFrame.new(-0.11010420322418213, 0.19519102573394775, -0.9127536416053772, 0.017637968063354492, 0.48169416189193726, -0.87616193294525146, 0.34322881698608398, -0.82596457004547119, -0.44718730449676514, -0.9390861988067627, -0.29283654689788818, -0.17989957332611084),
            ["LeftUpperLeg"] = CFrame.new(-5.9604644775390625e-08, 2.980232949312267e-08, -0.0001000146075966768, 0.60087645053863525, 0.79933387041091919, -0.0035838186740875244, -0.30622643232345581, 0.2260509729385376, -0.92473042011260986, -0.7383582592010498, 0.55674612522125244, 0.38060587644577026),
            ["LowerTorso"] = CFrame.new(2.4872266992845803e-15, -1.0666780471801758, -0.4904712438583374, 1, -0, 0, 0, 0.79861634969711304, 0.60184049606323242, -0, -0.60184049606323242, 0.79861634969711304),
            ["RightFoot"] = CFrame.new(7.3390765464864671e-08, 0.034114658832550049, -0.00010020849003922194, 0.76169949769973755, 0.49565234780311584, 0.41730406880378723, 0.352277010679245, 0.22374331951141357, -0.90875732898712158, -0.54379665851593018, 0.83920657634735107, -0.0041817426681518555),
            ["RightHand"] = CFrame.new(-0.00049831345677375793, 0.0023775100708007812, 0, 0.96194756031036377, -0.23554395139217377, 0.13847729563713074, 0.18067802488803864, 0.92853790521621704, 0.32430365681648254, -0.20496916770935059, -0.28694328665733337, 0.93576234579086304),
            ["RightLowerArm"] = CFrame.new(-1.7881393432617188e-07, 0.09041297435760498, 0.053494006395339966, 1, 0, 0, 0, 0.46286654472351074, -0.8864281177520752, 0, 0.8864281177520752, 0.46286654472351074),
            ["RightLowerLeg"] = CFrame.new(-1.4901161193847656e-08, 0.12338078022003174, -0.11954942345619202, 1, 0, 0, 0, -0.23897457122802734, 0.97102582454681396, 0, -0.97102582454681396, -0.23897457122802734),
            ["RightUpperArm"] = CFrame.new(0.061315298080444336, -0.31036508083343506, -0.19923242926597595, 0.87737196683883667, 0.39652514457702637, 0.27015960216522217, 0.4781758189201355, -0.76904952526092529, -0.42415896058082581, 0.039576411247253418, 0.50132894515991211, -0.86435127258300781),
            ["RightUpperLeg"] = CFrame.new(5.9604644775390625e-08, -2.980232949312267e-08, -1.6759440768510103e-07, 0.85100430250167847, -0.52190470695495605, 0.058371126651763916, 0.29130303859710693, 0.37664073705673218, -0.87936586141586304, 0.43696022033691406, 0.76534777879714966, 0.47255527973175049),
            ["UpperTorso"] = CFrame.new(1.1573350278126782e-08, -0.047492891550064087, 0.18204802274703979, 1, -0, 0, 0, 0.32480019330978394, 0.94578266143798828, -0, -0.94578266143798828, 0.32480019330978394)
        }},
        {Time = 0.020, Data = {
            ["Head"] = CFrame.new(-2.9103830456733704e-11, -1.1920928955078125e-07, 1.4973343809288053e-07, 0.48621994256973267, -0.18554912507534027, -0.85390967130661011, -0.061800405383110046, 0.96744757890701294, -0.24540962278842926, 0.87164837121963501, 0.17209501564502716, 0.45892524719238281),
            ["LeftFoot"] = CFrame.new(-2.314845914952457e-08, 0.033370912075042725, -6.1056198319420218e-07, 0.43582701683044434, -0.68847566843032837, -0.57970345020294189, -0.39215236902236938, 0.43448090553283691, -0.81082850694656372, 0.81010580062866211, 0.58071297407150269, -0.080628871917724609),
            ["LeftHand"] = CFrame.new(0.00049901939928531647, 0.0015502572059631348, -7.5553543865680695e-08, 0.99901950359344482, -0.038593824952840805, 0.02169249951839447, 0.031751591712236404, 0.96603983640670776, 0.25643500685691833, -0.030852623283863068, -0.25549480319023132, 0.96631801128387451),
            ["LeftLowerArm"] = CFrame.new(-0.000499725341796875, 0.087037265300750732, 0.048889230936765671, 1, 0, 0, 0, 0.50958120822906494, -0.86042255163192749, 0, 0.86042255163192749, 0.50958120822906494),
            ["LeftLowerLeg"] = CFrame.new(-8.9406967163085938e-08, 0.12534171342849731, -0.10991805791854858, 1, 0, 0, 0, -0.13977015018463135, 0.99018400907516479, 0, -0.99018400907516479, -0.13977015018463135),
            ["LeftUpperArm"] = CFrame.new(-0.11000311374664307, 0.19737935066223145, -0.91185683012008667, 0.01796799898147583, 0.48181480169296265, -0.87608885765075684, 0.3446354866027832, -0.8255162239074707, -0.44693350791931152, -0.93856465816497803, -0.29390078783035278, -0.18088340759277344),
            ["LeftUpperLeg"] = CFrame.new(-5.9604644775390625e-08, -2.1141022443771362e-07, -9.9955126643180847e-05, 0.61924314498901367, 0.78392785787582397, -0.044666200876235962, -0.29162055253982544, 0.17679613828659058, -0.94005352258682251, -0.72903728485107422, 0.59514731168746948, 0.33808928728103638),
            ["LowerTorso"] = CFrame.new(0.022967349737882614, -1.0518944263458252, -0.47644937038421631, 0.99983525276184082, -0.012648452073335648, 0.013020439073443413, 0.001678156666457653, 0.77861243486404419, 0.62750297784805298, -0.018074816092848778, -0.62737768888473511, 0.77850532531738281),
            ["RightFoot"] = CFrame.new(-2.7529495127964765e-08, 0.034099459648132324, -0.00010016993473982438, 0.83907663822174072, 0.41616225242614746, 0.35037025809288025, 0.29376858472824097, 0.19545334577560425, -0.93568050861358643, -0.45787593722343445, 0.88803541660308838, 0.04174494743347168),
            ["RightHand"] = CFrame.new(-0.0004983954131603241, 0.0023298859596252441, -1.1920928955078125e-07, 0.96198105812072754, -0.23545397818088531, 0.13839748501777649, 0.1805998831987381, 0.92852926254272461, 0.3243718147277832, -0.20488074421882629, -0.28704500198364258, 0.93575054407119751),
            ["RightLowerArm"] = CFrame.new(-3.5762786865234375e-07, 0.090386748313903809, 0.053516030311584473, 1, 0, 0, 0, 0.46268761157989502, -0.88652139902114868, 0, 0.88652139902114868, 0.46268761157989502),
            ["RightLowerLeg"] = CFrame.new(2.9802322387695312e-08, 0.12344264984130859, -0.11928994208574295, 1, 0, 0, 0, -0.23630988597869873, 0.97167778015136719, 0, -0.97167778015136719, -0.23630988597869873),
            ["RightUpperArm"] = CFrame.new(0.061253190040588379, -0.3096158504486084, -0.19887851178646088, 0.87745898962020874, 0.3961729109287262, 0.27039366960525513, 0.47792109847068787, -0.76997458934783936, -0.42276531457901001, 0.040708094835281372, 0.50018608570098877, -0.86496055126190186),
            ["RightUpperLeg"] = CFrame.new(5.9604644775390625e-08, -1.7601996660232544e-07, -7.4804120231419802e-08, 0.90410774946212769, -0.41988828778266907, 0.079265162348747253, 0.25814923644065857, 0.3889005184173584, -0.88437288999557495, 0.34051156044006348, 0.82003062963485718, 0.46000182628631592),
            ["UpperTorso"] = CFrame.new(-0.020880192518234253, -0.054584145545959473, 0.17400297522544861, 0.99983495473861694, 0.016565188765525818, 0.0074576321057975292, -0.012836298905313015, 0.35371208190917969, 0.93526649475097656, 0.012855006381869316, -0.93520784378051758, 0.3538663387298584)
        }},
        {Time = 0.040, Data = {
            ["Head"] = CFrame.new(2.9103830456733704e-11, -3.5762786865234375e-07, -2.5474588483120897e-07, 0.48613637685775757, -0.18573327362537384, -0.85391718149185181, -0.066306605935096741, 0.96649628877639771, -0.24796850979328156, 0.87136381864547729, 0.17716686427593231, 0.45753365755081177),
            ["LeftFoot"] = CFrame.new(-3.1313902582041919e-08, 0.033098518848419189, -7.4538365879561752e-07, 0.46321070194244385, -0.67794889211654663, -0.57080733776092529, -0.29417455196380615, 0.48993796110153198, -0.82062304019927979, 0.83600068092346191, 0.54803836345672607, 0.027509212493896484),
            ["LeftHand"] = CFrame.new(0.00049897283315658569, 0.0015595555305480957, 1.594889909029007e-08, 0.99904155731201172, -0.038148589432239532, 0.021463392302393913, 0.031334705650806427, 0.96567511558532715, 0.2578561007976532, -0.030563509091734886, -0.25693640112876892, 0.96594488620758057),
            ["LeftLowerArm"] = CFrame.new(-0.00049984455108642578, 0.08712160587310791, 0.049020148813724518, 1, 0, 0, 0, 0.50821244716644287, -0.86123174428939819, 0, 0.86123174428939819, 0.50821244716644287),
            ["LeftLowerLeg"] = CFrame.new(2.9802322387695312e-08, 0.12585198879241943, -0.1050514355301857, 1, 0, 0, 0, -0.089113235473632812, 0.99602150917053223, 0, -0.99602150917053223, -0.089113235473632812),
            ["LeftUpperArm"] = CFrame.new(-0.10971701145172119, 0.2036057710647583, -0.90929871797561646, 0.018830180168151855, 0.48198813199996948, -0.87597537040710449, 0.3487507700920105, -0.82426953315734863, -0.44604116678237915, -0.9370262622833252, -0.29709804058074951, -0.18361485004425049),
            ["LeftUpperLeg"] = CFrame.new(-1.1920928955078125e-07, 1.8812716007232666e-07, -0.0001000426709651947, 0.65520155429840088, 0.74244570732116699, -0.13958975672721863, -0.25443550944328308, 0.042890071868896484, -0.96613818407058716, -0.71131813526153564, 0.66853183507919312, 0.21700620651245117),
            ["LowerTorso"] = CFrame.new(0.085758157074451447, -1.0093417167663574, -0.43983060121536255, 0.99780803918838501, -0.050113894045352936, 0.043216787278652191, 0.0060435142368078232, 0.71935158967971802, 0.69461983442306519, -0.065898172557353973, -0.69283610582351685, 0.71807765960693359),
            ["RightFoot"] = CFrame.new(-2.6753696147352457e-08, 0.034006476402282715, -0.00010025709343608469, 0.96628886461257935, 0.1969229131937027, 0.16585290431976318, 0.13152183592319489, 0.17623662948608398, -0.97552180290222168, -0.22133192420005798, 0.96444916725158691, 0.14439582824707031),
            ["RightHand"] = CFrame.new(-0.0004986301064491272, 0.0021953582763671875, 6.7055225372314453e-08, 0.96208471059799194, -0.2351132333278656, 0.13825610280036926, 0.18026769161224365, 0.92852163314819336, 0.32457831501960754, -0.20468643307685852, -0.28734871745109558, 0.93569982051849365),
            ["RightLowerArm"] = CFrame.new(-1.4901161193847656e-07, 0.090312540531158447, 0.053576752543449402, 1, 0, 0, 0, 0.46215063333511353, -0.88680142164230347, 0, 0.88680142164230347, 0.46215063333511353),
            ["RightLowerLeg"] = CFrame.new(-1.0430812835693359e-07, 0.1238061785697937, -0.11768656969070435, 1, 0, 0, 0, -0.21957671642303467, 0.97559523582458496, 0, -0.97559523582458496, -0.21957671642303467),
            ["RightUpperArm"] = CFrame.new(0.06107640266418457, -0.30748188495635986, -0.19787873327732086, 0.87771934270858765, 0.39520123600959778, 0.27096998691558838, 0.47717580199241638, -0.77248513698577881, -0.4190106987953186, 0.043726757168769836, 0.49707412719726562, -0.86660563945770264),
            ["RightUpperLeg"] = CFrame.new(0, -3.166496753692627e-08, -1.1531665222719312e-07, 0.9795602560043335, -0.15039786696434021, 0.13357476890087128, 0.18109074234962463, 0.37028312683105469, -0.91109645366668701, 0.087566442787647247, 0.91666305065155029, 0.38995027542114258),
            ["UpperTorso"] = CFrame.new(-0.075751721858978271, -0.069057375192642212, 0.14834493398666382, 0.99779790639877319, 0.060309793800115585, 0.027605587616562843, -0.050926189869642258, 0.42994469404220581, 0.90141779184341431, 0.042495444416999817, -0.90083867311477661, 0.43206930160522461)
        }},
        {Time = 0.060, Data = {
            ["Head"] = CFrame.new(1.7462298274040222e-10, 1.1920928955078125e-07, 9.7202473625657149e-08, 0.48614460229873657, -0.18596763908863068, -0.85386157035827637, -0.073384687304496765, 0.96495515108108521, -0.25194483995437622, 0.87079167366027832, 0.18514198064804077, 0.45546054840087891),
            ["LeftFoot"] = CFrame.new(2.019805833697319e-08, 0.032314717769622803, -1.1766605894081295e-06, 0.48503983020782471, -0.66897022724151611, -0.56321859359741211, -0.15105167031288147, 0.57028043270111084, -0.80744260549545288, 0.86134755611419678, 0.47671693563461304, 0.1755596399307251),
            ["LeftHand"] = CFrame.new(0.00049894116818904877, 0.0015746355056762695, 1.3672979548573494e-07, 0.9990767240524292, -0.037430353462696075, 0.021086322143673897, 0.030675070360302925, 0.96515893936157227, 0.25986000895500183, -0.030078304931521416, -0.25897327065467834, 0.9654160737991333),
            ["LeftLowerArm"] = CFrame.new(-0.00049978494644165039, 0.087247550487518311, 0.04921596497297287, 1, 0, 0, 0, 0.5062413215637207, -0.8623918890953064, 0, 0.8623918890953064, 0.5062413215637207),
            ["LeftLowerLeg"] = CFrame.new(5.9604644775390625e-08, 0.12596070766448975, -0.094514980912208557, 1, -0, 0, 0, 0.020645618438720703, 0.9997868537902832, -0, -0.9997868537902832, 0.020645618438720703),
            ["LeftUpperArm"] = CFrame.new(-0.10927510261535645, 0.21336758136749268, -0.90526670217514038, 0.02029728889465332, 0.48215803503990173, -0.87584930658340454, 0.35515895485877991, -0.82237088680267334, -0.44448721408843994, -0.93458575010299683, -0.30204367637634277, -0.1879349946975708),
            ["LeftUpperLeg"] = CFrame.new(-1.1920928955078125e-07, -1.862645149230957e-08, -0.00010001473128795624, 0.68782597780227661, 0.68465352058410645, -0.24113279581069946, -0.20370094478130341, -0.13678550720214844, -0.96943056583404541, -0.69670754671096802, 0.71591854095458984, 0.045379936695098877),
            ["LowerTorso"] = CFrame.new(0.17944002151489258, -0.94086027145385742, -0.39067357778549194, 0.99095940589904785, -0.11248324811458588, 0.073123283684253693, 0.01249932125210762, 0.6200709342956543, 0.78444617986679077, -0.13357867300510406, -0.7764403223991394, 0.61587107181549072),
            ["RightFoot"] = CFrame.new(1.1623342288658023e-08, 0.033731460571289062, -0.00010051782010123134, 0.99825417995452881, -0.045181829482316971, -0.038042329251766205, -0.025376524776220322, 0.25352191925048828, -0.96699678897857666, 0.053335241973400116, 0.96627390384674072, 0.25193274021148682),
            ["RightHand"] = CFrame.new(-0.00049865618348121643, 0.0019879341125488281, -2.9802322387695312e-08, 0.96227014064788818, -0.23457352817058563, 0.13788186013698578, 0.17980264127254486, 0.92852342128753662, 0.32483106851577759, -0.20422331988811493, -0.28778374195098877, 0.93566733598709106),
            ["RightLowerArm"] = CFrame.new(-1.7881393432617188e-07, 0.090196371078491211, 0.053664475679397583, 1, 0, 0, 0, 0.46143418550491333, -0.88717442750930786, 0, 0.88717442750930786, 0.46143418550491333),
            ["RightLowerLeg"] = CFrame.new(-3.3527612686157227e-08, 0.12472057342529297, -0.11287659406661987, 1, 0, 0, 0, -0.16951322555541992, 0.98552787303924561, 0, -0.98552787303924561, -0.16951322555541992),
            ["RightUpperArm"] = CFrame.new(0.060798525810241699, -0.30412387847900391, -0.19632266461849213, 0.87810415029525757, 0.39367926120758057, 0.27193701267242432, 0.47599685192108154, -0.776466965675354, -0.41294834017753601, 0.048580862581729889, 0.49205282330513, -0.8692089319229126),
            ["RightUpperLeg"] = CFrame.new(5.9604644775390625e-08, -1.3411045074462891e-07, -1.6188278095796704e-07, 0.97760534286499023, 0.13554823398590088, 0.16097961366176605, 0.12323272973299026, 0.25135278701782227, -0.96001839637756348, -0.17059148848056793, 0.95835709571838379, 0.2290198802947998),
            ["UpperTorso"] = CFrame.new(-0.15197327733039856, -0.076154172420501709, 0.1035725474357605, 0.99091100692749023, 0.12178816646337509, 0.057122655212879181, -0.11395109444856644, 0.53429102897644043, 0.8375849723815918, 0.071487776935100555, -0.83648133277893066, 0.54331272840499878)
        }},
        {Time = 0.080, Data = {
            ["Head"] = CFrame.new(-6.9849193096160889e-10, -2.384185791015625e-07, -2.4801920517347753e-08, 0.48603641986846924, -0.18628008663654327, -0.85385501384735107, -0.082617923617362976, 0.96285021305084229, -0.25708714127540588, 0.87002468109130859, 0.19549745321273804, 0.45259016752243042),
            ["LeftFoot"] = CFrame.new(-4.2201463656965643e-08, 0.030743777751922607, -1.8695627659326419e-06, 0.49985980987548828, -0.66251099109649658, -0.55787038803100586, 0.016786009073257446, 0.65140259265899658, -0.75854659080505371, 0.86594367027282715, 0.36980250477790833, 0.33673083782196045),
            ["LeftHand"] = CFrame.new(0.00049895793199539185, 0.0015919208526611328, 4.0663871914148331e-07, 0.99911856651306152, -0.036610249429941177, 0.020538339391350746, 0.029943492263555527, 0.96445858478546143, 0.26253199577331543, -0.029419740661978722, -0.26168560981750488, 0.96470469236373901),
            ["LeftLowerArm"] = CFrame.new(-0.0004997551441192627, 0.087402462959289551, 0.049456808716058731, 1, 0, 0, 0, 0.50383663177490234, -0.86379897594451904, 0, 0.86379897594451904, 0.50383663177490234),
            ["LeftLowerLeg"] = CFrame.new(2.9802322387695312e-08, 0.12324392795562744, -0.077004566788673401, 1, -0, 0, 0, 0.20288020372390747, 0.97920358180999756, -0, -0.97920358180999756, 0.20288020372390747),
            ["LeftUpperArm"] = CFrame.new(-0.10870599746704102, 0.22616386413574219, -0.89994251728057861, 0.022175431251525879, 0.48240551352500916, -0.87566721439361572, 0.36356571316719055, -0.81980526447296143, -0.44242420792579651, -0.93130457401275635, -0.30855163931846619, -0.19356560707092285),
            ["LeftUpperLeg"] = CFrame.new(-5.9604644775390625e-08, -1.3411045074462891e-07, -0.00010003894567489624, 0.71151441335678101, 0.62808287143707275, -0.31505411863327026, -0.14527329802513123, -0.30719256401062012, -0.94049370288848877, -0.68749028444290161, 0.71494376659393311, -0.12732827663421631),
            ["LowerTorso"] = CFrame.new(0.29298582673072815, -0.84902358055114746, -0.33987313508987427, 0.9772568941116333, -0.19451123476028442, 0.084464788436889648, 0.020173951983451843, 0.48177891969680786, 0.87606054544448853, -0.21109697222709656, -0.85443228483200073, 0.47474581003189087),
            ["RightFoot"] = CFrame.new(-4.7233697841875255e-08, 0.033183157444000244, -0.00010080725769512355, 0.96297305822372437, -0.2062450647354126, -0.17362566292285919, -0.080342657864093781, 0.39521646499633789, -0.91506779193878174, 0.25734791159629822, 0.89513516426086426, 0.36401253938674927),
            ["RightHand"] = CFrame.new(-0.00049859657883644104, 0.0017524957656860352, -5.2154064178466797e-08, 0.96250665187835693, -0.23386010527610779, 0.13744236528873444, 0.17917615175247192, 0.92853420972824097, 0.32514625787734985, -0.20365868508815765, -0.28832906484603882, 0.93562251329421997),
            ["RightLowerArm"] = CFrame.new(-1.7881393432617188e-07, 0.090062260627746582, 0.053758710622787476, 1, 0, 0, 0, 0.46062755584716797, -0.88759350776672363, 0, 0.88759350776672363, 0.46062755584716797),
            ["RightLowerLeg"] = CFrame.new(1.4901161193847656e-07, 0.12579137086868286, -0.10308089852333069, 1, 0, 0, 0, -0.067548751831054688, 0.99771595001220703, 0, -0.99771595001220703, -0.067548751831054688),
            ["RightUpperArm"] = CFrame.new(0.060432195663452148, -0.2996981143951416, -0.19430048763751984, 0.87860506772994995, 0.391722172498703, 0.27314254641532898, 0.4743792712688446, -0.7817070484161377, -0.40484383702278137, 0.054931133985519409, 0.48527100682258606, -0.87263667583465576),
            ["RightUpperLeg"] = CFrame.new(-1.1920928955078125e-07, -1.9371509552001953e-07, -2.4756445782259107e-07, 0.93979406356811523, 0.31570243835449219, 0.13084015250205994, 0.11664430052042007, 0.063538253307342529, -0.99113923311233521, -0.32121843099594116, 0.94672852754592896, 0.022888004779815674),
            ["UpperTorso"] = CFrame.new(-0.23615908622741699, -0.060376763343811035, 0.04558137059211731, 0.97711962461471558, 0.19131617248058319, 0.092926636338233948, -0.19658790528774261, 0.64561820030212402, 0.73792296648025513, 0.081181451678276062, -0.7393072247505188, 0.66845667362213135)
        }},
        {Time = 0.100, Data = {
            ["Head"] = CFrame.new(3.4924596548080444e-10, 0, -1.1561223800526932e-07, 0.4859585165977478, -0.1866748034954071, -0.85381311178207397, -0.093699634075164795, 0.96016448736190796, -0.26325744390487671, 0.86894458532333374, 0.2079341858625412, 0.4491087794303894),
            ["LeftFoot"] = CFrame.new(1.5069190340000205e-07, 0.027630507946014404, -2.5175258997478522e-06, 0.51219367980957031, -0.65697109699249268, -0.55321484804153442, 0.18854983150959015, 0.71441680192947388, -0.67383795976638794, 0.8379179835319519, 0.24082700908184052, 0.48979157209396362),
            ["LeftHand"] = CFrame.new(0.00049895420670509338, 0.0016115307807922363, 1.4269608072936535e-07, 0.99916219711303711, -0.035706657916307449, 0.019997987896203995, 0.029123265296220779, 0.96366041898727417, 0.26553800702095032, -0.028752744197845459, -0.26473310589790344, 0.96389293670654297),
            ["LeftLowerArm"] = CFrame.new(-0.00049981474876403809, 0.087570607662200928, 0.049721773713827133, 1, 0, 0, 0, 0.50116729736328125, -0.86535042524337769, 0, 0.86535042524337769, 0.50116729736328125),
            ["LeftLowerLeg"] = CFrame.new(-2.9802322387695312e-08, 0.11313271522521973, -0.053621049970388412, 1, -0, 0, 0, 0.44600540399551392, 0.89503026008605957, -0, -0.89503026008605957, 0.44600540399551392),
            ["LeftUpperArm"] = CFrame.new(-0.10804009437561035, 0.24149441719055176, -0.89350539445877075, 0.02431178092956543, 0.48248133063316345, -0.87556898593902588, 0.37366434931755066, -0.81673336029052734, -0.43968433141708374, -0.92724549770355225, -0.31647926568984985, -0.20014262199401855),
            ["LeftUpperLeg"] = CFrame.new(0, 1.6577541828155518e-07, -0.00010005338117480278, 0.72693157196044922, 0.59154617786407471, -0.34877437353134155, -0.081894814968109131, -0.42958939075469971, -0.899303138256073, -0.68180912733078003, 0.68229466676712036, -0.26383745670318604),
            ["LowerTorso"] = CFrame.new(0.41199246048927307, -0.73865699768066406, -0.29659077525138855, 0.95714724063873291, -0.28247439861297607, 0.063853874802589417, 0.028447419404983521, 0.31112855672836304, 0.94994193315505981, -0.28820103406906128, -0.90741783380508423, 0.30583149194717407),
            ["RightFoot"] = CFrame.new(-6.1132595874369144e-08, 0.032093405723571777, -0.00010136082710232586, 0.92360138893127441, -0.29323425889015198, -0.2469295859336853, -0.053370095789432526, 0.53950107097625732, -0.84029173851013184, 0.37962108850479126, 0.78927326202392578, 0.48263394832611084),
            ["RightHand"] = CFrame.new(-0.00049901381134986877, 0.0015608072280883789, -2.2351741790771484e-08, 0.96282684803009033, -0.23286443948745728, 0.13688893616199493, 0.17833709716796875, 0.92862594127655029, 0.32534563541412354, -0.20288003981113434, -0.28883916139602661, 0.93563437461853027),
            ["RightLowerArm"] = CFrame.new(-1.1920928955078125e-07, 0.089945197105407715, 0.053828239440917969, 1, 0, 0, 0, 0.45999979972839355, -0.88791906833648682, 0, 0.88791906833648682, 0.45999979972839355),
            ["RightLowerLeg"] = CFrame.new(-2.9802322387695312e-08, 0.12520945072174072, -0.087753534317016602, 1, -0, 0, 0, 0.092023611068725586, 0.99575680494308472, -0, -0.99575680494308472, 0.092023611068725586),
            ["RightUpperArm"] = CFrame.new(0.059991598129272461, -0.29435741901397705, -0.19190032780170441, 0.87919908761978149, 0.38943502306938171, 0.27449825406074524, 0.47233238816261292, -0.78802645206451416, -0.39486280083656311, 0.062538444995880127, 0.47681745886802673, -0.87677490711212158),
            ["RightUpperLeg"] = CFrame.new(-5.9604644775390625e-08, 1.4901161193847656e-07, -3.7794961826875806e-07, 0.91298419237136841, 0.39978396892547607, 0.081441134214401245, 0.14187397062778473, -0.1239311695098877, -0.98209613561630249, -0.38253319263458252, 0.90819257497787476, -0.16986608505249023),
            ["UpperTorso"] = CFrame.new(-0.31577333807945251, -0.013888746500015259, -0.010713011026382446, 0.956828773021698, 0.25935164093971252, 0.13120764493942261, -0.28470751643180847, 0.74549102783203125, 0.60264813899993896, 0.058483663946390152, -0.61398684978485107, 0.78714656829833984)
        }},
        {Time = 0.120, Data = {
            ["Head"] = CFrame.new(6.9849193096160889e-10, 0, -9.6586518338881433e-08, 0.48587888479232788, -0.18711768090724945, -0.85376167297363281, -0.10614202916622162, 0.95695263147354126, -0.27013981342315674, 0.86755740642547607, 0.22187523543834686, 0.4451020359992981),
            ["LeftFoot"] = CFrame.new(-7.5562638812698424e-08, 0.019942343235015869, -2.673982635315042e-06, 0.52671372890472412, -0.65021401643753052, -0.54753482341766357, 0.34624803066253662, 0.75237888097763062, -0.56039124727249146, 0.77632784843444824, 0.10558295249938965, 0.62142360210418701),
            ["LeftHand"] = CFrame.new(0.00049896351993083954, 0.0016306042671203613, -2.2665881260763854e-07, 0.99920475482940674, -0.034803979098796844, 0.019455943256616592, 0.028301497921347618, 0.96278172731399536, 0.26879423856735229, -0.028086937963962555, -0.26802986860275269, 0.9630010724067688),
            ["LeftLowerArm"] = CFrame.new(-0.00049984455108642578, 0.087739646434783936, 0.04998943954706192, 1, 0, 0, 0, 0.49849086999893188, -0.86689490079879761, 0, 0.86689490079879761, 0.49849086999893188),
            ["LeftLowerLeg"] = CFrame.new(-2.9802322387695312e-08, 0.089330792427062988, -0.029089685529470444, 1, -0, 0, 0, 0.70109152793884277, 0.71307134628295898, -0, -0.71307134628295898, 0.70109152793884277),
            ["LeftUpperArm"] = CFrame.new(-0.10730671882629395, 0.25885415077209473, -0.88613533973693848, 0.026784121990203857, 0.48239952325820923, -0.87554186582565308, 0.3852158784866333, -0.813193678855896, -0.43626290559768677, -0.92243784666061401, -0.32558757066726685, -0.20760881900787354),
            ["LeftUpperLeg"] = CFrame.new(1.4901161193847656e-07, -4.4703483581542969e-08, -0.00010019890032708645, 0.73653531074523926, 0.58187568187713623, -0.34487158060073853, -0.014934182167053223, -0.49575042724609375, -0.86833667755126953, -0.67623418569564819, 0.64471101760864258, -0.35644793510437012),
            ["LowerTorso"] = CFrame.new(0.51984935998916626, -0.61711752414703369, -0.26593887805938721, 0.93395280838012695, -0.35727834701538086, 0.0091814696788787842, 0.03649573028087616, 0.12089520692825317, 0.99199420213699341, -0.35552802681922913, -0.92614072561264038, 0.12594956159591675),
            ["RightFoot"] = CFrame.new(2.6519046514295042e-08, 0.030147850513458252, -0.00010203362035099417, 0.89908164739608765, -0.33486223220825195, -0.28199189901351929, 0.010167226195335388, 0.65993738174438477, -0.75125175714492798, 0.43766283988952637, 0.67256957292556763, 0.59674227237701416),
            ["RightHand"] = CFrame.new(-0.00049883127212524414, 0.0013520717620849609, 2.2351741790771484e-08, 0.96317869424819946, -0.23178413510322571, 0.13624580204486847, 0.17741113901138306, 0.92868036031723022, 0.32569622993469238, -0.20202003419399261, -0.2895321249961853, 0.93560624122619629),
            ["RightLowerArm"] = CFrame.new(-5.9604644775390625e-08, 0.089809060096740723, 0.053885400295257568, 1, 0, 0, 0, 0.45955109596252441, -0.88815134763717651, 0, 0.88815134763717651, 0.45955109596252441),
            ["RightLowerLeg"] = CFrame.new(-2.9802322387695312e-08, 0.12031495571136475, -0.068264022469520569, 1, -0, 0, 0, 0.29478144645690918, 0.95556473731994629, -0, -0.95556473731994629, 0.29478144645690918),
            ["RightUpperArm"] = CFrame.new(0.05948936939239502, -0.28825891017913818, -0.1892096996307373, 0.87991994619369507, 0.38684123754501343, 0.27585268020629883, 0.46977794170379639, -0.79520189762115479, -0.38335716724395752, 0.071060195565223694, 0.46691310405731201, -0.88144350051879883),
            ["RightUpperLeg"] = CFrame.new(0, -4.4703483581542969e-08, -4.4779881136491895e-07, 0.90238744020462036, 0.42843586206436157, 0.046255454421043396, 0.17792908847332001, -0.27268040180206299, -0.94550865888595581, -0.39247691631317139, 0.86144536733627319, -0.32229459285736084),
            ["UpperTorso"] = CFrame.new(-0.38120096921920776, 0.05727994441986084, -0.048197127878665924, 0.93336355686187744, 0.31711959838867188, 0.16812992095947266, -0.35892993211746216, 0.82287895679473877, 0.44049909710884094, 0.0013402998447418213, -0.47149267792701721, 0.88186895847320557)
        }},
        {Time = 0.140, Data = {
            ["Head"] = CFrame.new(-1.1641532182693481e-09, -2.384185791015625e-07, -2.6349880499765277e-08, 0.4857780933380127, -0.18755728006362915, -0.85372251272201538, -0.11973560601472855, 0.95322126150131226, -0.27754756808280945, 0.86584252119064331, 0.23704752326011658, 0.44059675931930542),
            ["LeftFoot"] = CFrame.new(4.2381884668429848e-08, 0.010289251804351807, -2.7542737370822579e-06, 0.54728710651397705, -0.64023005962371826, -0.53905701637268066, 0.48707804083824158, 0.76741349697113037, -0.41693121194839478, 0.68061149120330811, -0.034381672739982605, 0.73183739185333252),
            ["LeftHand"] = CFrame.new(0.00049898773431777954, 0.0016489028930664062, -2.1516461856663227e-07, 0.99924415349960327, -0.033912204205989838, 0.01900099590420723, 0.027468988671898842, 0.96186727285385132, 0.27213370800018311, -0.027505088597536087, -0.27140611410140991, 0.96207183599472046),
            ["LeftLowerArm"] = CFrame.new(-0.0004996955394744873, 0.08789747953414917, 0.050241313874721527, 1, 0, 0, 0, 0.49598056077957153, -0.86833357810974121, 0, 0.86833357810974121, 0.49598056077957153),
            ["LeftLowerLeg"] = CFrame.new(-1.0430812835693359e-07, 0.050460278987884521, -0.008319709450006485, 1, -0, 0, 0, 0.91444474458694458, 0.40471076965332031, -0, -0.40471076965332031, 0.91444474458694458),
            ["LeftUpperArm"] = CFrame.new(-0.10653316974639893, 0.27773416042327881, -0.8780205249786377, 0.029346764087677002, 0.48222076892852783, -0.87555825710296631, 0.39779239892959595, -0.8092186450958252, -0.43235042691230774, -0.91700613498687744, -0.33560219407081604, -0.21557199954986572),
            ["LeftUpperLeg"] = CFrame.new(-1.1920928955078125e-07, 4.8428773880004883e-08, -0.00010000844486057758, 0.7435271143913269, 0.59894967079162598, -0.29736632108688354, 0.053757637739181519, -0.49678754806518555, -0.86620575189590454, -0.6665414571762085, 0.62806183099746704, -0.40157318115234375),
            ["LowerTorso"] = CFrame.new(0.60053473711013794, -0.49343609809875488, -0.24825268983840942, 0.91341185569763184, -0.40122544765472412, -0.068533971905708313, 0.043294504284858704, -0.071649670600891113, 0.9964897632598877, -0.4047275185585022, -0.91317272186279297, -0.048074841499328613),
            ["RightFoot"] = CFrame.new(2.2065933080739342e-08, 0.026708483695983887, -0.00010253843356622383, 0.89073699712753296, -0.34767800569534302, -0.29275858402252197, 0.078992009162902832, 0.75271916389465332, -0.65358555316925049, 0.44760233163833618, 0.55904722213745117, 0.69793856143951416),
            ["RightHand"] = CFrame.new(-0.00049923360347747803, 0.0011326074600219727, -7.4505805969238281e-09, 0.96361243724822998, -0.23042117059230804, 0.13548880815505981, 0.17627255618572235, 0.92881453037261963, 0.32593175768852234, -0.20094555616378784, -0.29018893837928772, 0.93563413619995117),
            ["RightLowerArm"] = CFrame.new(-3.5762786865234375e-07, 0.089657723903656006, 0.053920269012451172, 1, 0, 0, 0, 0.45937162637710571, -0.8882441520690918, 0, 0.8882441520690918, 0.45937162637710571),
            ["RightLowerLeg"] = CFrame.new(1.4901161193847656e-07, 0.10878849029541016, -0.047625765204429626, 1, -0, 0, 0, 0.50932466983795166, 0.86057442426681519, -0, -0.86057442426681519, 0.50932466983795166),
            ["RightUpperArm"] = CFrame.new(0.058938741683959961, -0.28156387805938721, -0.18631520867347717, 0.88069432973861694, 0.38408392667770386, 0.27723106741905212, 0.46683031320571899, -0.80297756195068359, -0.37053635716438293, 0.080293186008930206, 0.45574912428855896, -0.88647985458374023),
            ["RightUpperLeg"] = CFrame.new(-1.1920928955078125e-07, 3.7252902984619141e-08, -2.5501503841951489e-07, 0.90290307998657227, 0.42834097146987915, 0.035917624831199646, 0.21399909257888794, -0.3754725456237793, -0.90178972482681274, -0.37278741598129272, 0.82191509008407593, -0.4306797981262207),
            ["UpperTorso"] = CFrame.new(-0.42701107263565063, 0.13457006216049194, -0.058190550655126572, 0.912514328956604, 0.35729527473449707, 0.19914238154888153, -0.40137964487075806, 0.87594050168991089, 0.26762399077415466, -0.07881610095500946, -0.32414242625236511, 0.94271934032440186)
        }},
        {Time = 0.160, Data = {
            ["Head"] = CFrame.new(9.3132257461547852e-10, 1.1920928955078125e-07, 1.4850229490548372e-08, 0.48571699857711792, -0.18801838159561157, -0.85365575551986694, -0.13390460610389709, 0.9490618109703064, -0.28522133827209473, 0.86379891633987427, 0.25284528732299805, 0.43579894304275513),
            ["LeftFoot"] = CFrame.new(-1.4464717423834372e-08, -0.0098369121551513672, -3.2300238217430888e-06, 0.57613468170166016, -0.62523847818374634, -0.52644634246826172, 0.59880334138870239, 0.76126867532730103, -0.24880626797676086, 0.55633032321929932, -0.17189189791679382, 0.81298816204071045),
            ["LeftHand"] = CFrame.new(0.00049898028373718262, 0.0016649961471557617, 5.634501576423645e-08, 0.99927538633346558, -0.033201813697814941, 0.018610630184412003, 0.026797456666827202, 0.96093493700027466, 0.27547401189804077, -0.027029838413000107, -0.27477568387985229, 0.9611283540725708),
            ["LeftLowerArm"] = CFrame.new(-0.0004996955394744873, 0.08803558349609375, 0.050462894141674042, 1, 0, 0, 0, 0.49372470378875732, -0.86961829662322998, 0, 0.86961829662322998, 0.49372470378875732),
            ["LeftLowerLeg"] = CFrame.new(-7.7765434980392456e-08, -0.0094019174575805664, -2.3497268557548523e-05, 1, 0, 0, 0, 1, 0, 0, 0, 1),
            ["LeftUpperArm"] = CFrame.new(-0.10574615001678467, 0.29761910438537598, -0.86935895681381226, 0.031978487968444824, 0.48170840740203857, -0.87574785947799683, 0.41111832857131958, -0.80498075485229492, -0.4277704656124115, -0.91102081537246704, -0.34635654091835022, -0.22378122806549072),
            ["LeftUpperLeg"] = CFrame.new(-5.9604644775390625e-08, 2.6077032089233398e-08, -0.00010016141459345818, 0.75175237655639648, 0.62578535079956055, -0.20799270272254944, 0.12093225121498108, -0.4408797025680542, -0.889382004737854, -0.64826202392578125, 0.64344203472137451, -0.40711009502410889),
            ["LowerTorso"] = CFrame.new(0.6436576247215271, -0.37596547603607178, -0.240589439868927, 0.90150612592697144, -0.40599018335342407, -0.14986231923103333, 0.047935962677001953, -0.25048017501831055, 0.96693432331085205, -0.43010333180427551, -0.87888097763061523, -0.20634782314300537),
            ["RightFoot"] = CFrame.new(-9.5890015927579952e-09, 0.020309805870056152, -0.00010267022298648953, 0.89574217796325684, -0.34010320901870728, -0.28631418943405151, 0.1347699761390686, 0.82144451141357422, -0.55413526296615601, 0.42365443706512451, 0.4577757716178894, 0.78163820505142212),
            ["RightHand"] = CFrame.new(-0.00049931555986404419, 0.00091063976287841797, -9.6857547760009766e-08, 0.9640582799911499, -0.22905060648918152, 0.13463819026947021, 0.1751396656036377, 0.92891961336135864, 0.32624301314353943, -0.19979420304298401, -0.29093679785728455, 0.93564850091934204),
            ["RightLowerArm"] = CFrame.new(5.9604644775390625e-08, 0.089492619037628174, 0.053924486041069031, 1, 0, 0, 0, 0.45946133136749268, -0.88819777965545654, 0, 0.88819777965545654, 0.45946133136749268),
            ["RightLowerLeg"] = CFrame.new(-5.9604644775390625e-08, 0.089610040187835693, -0.029526246711611748, 1, -0, 0, 0, 0.69761067628860474, 0.71647709608078003, -0, -0.71647709608078003, 0.69761067628860474),
            ["RightUpperArm"] = CFrame.new(0.058353662490844727, -0.27444350719451904, -0.18330520391464233, 0.8815464973449707, 0.38114616274833679, 0.27857393026351929, 0.46344777941703796, -0.81110978126525879, -0.35681501030921936, 0.089955389499664307, 0.44365349411964417, -0.89167237281799316),
            ["RightUpperLeg"] = CFrame.new(1.7881393432617188e-07, -1.7881393432617188e-07, 6.5359927248209715e-08, 0.9103705883026123, 0.41104644536972046, 0.047604650259017944, 0.24518710374832153, -0.44317090511322021, -0.8622545599937439, -0.33332964777946472, 0.79664319753646851, -0.50423300266265869),
            ["UpperTorso"] = CFrame.new(-0.45251369476318359, 0.19762939214706421, -0.046229377388954163, 0.90021193027496338, 0.37534251809120178, 0.22076350450515747, -0.40398582816123962, 0.90909469127655029, 0.1016969233751297, -0.16252374649047852, -0.18073411285877228, 0.97001093626022339)
        }},
        {Time = 0.180, Data = {
            ["Head"] = CFrame.new(-9.3132257461547852e-10, -1.1920928955078125e-07, -2.3908796720206738e-08, 0.48559528589248657, -0.18853214383125305, -0.85361164808273315, -0.14838099479675293, 0.94452208280563354, -0.29302069544792175, 0.86149889230728149, 0.2689492404460907, 0.43068087100982666),
            ["LeftFoot"] = CFrame.new(5.872072961210506e-08, -0.053831160068511963, -3.3665667160676094e-06, 0.61185646057128906, -0.60504627227783203, -0.5094611644744873, 0.57518172264099121, 0.78248345851898193, -0.23850707709789276, 0.5429527759552002, -0.14710061252117157, 0.82677912712097168),
            ["LeftHand"] = CFrame.new(0.00049894116818904877, 0.0016774535179138184, 2.7287751436233521e-07, 0.99930077791213989, -0.032659415155649185, 0.018201304599642754, 0.026300804689526558, 0.96003365516662598, 0.2786460816860199, -0.026574281975626945, -0.27797254920005798, 0.96022135019302368),
            ["LeftLowerArm"] = CFrame.new(-0.0004996955394744873, 0.088146984577178955, 0.05064145103096962, 1, 0, 0, 0, 0.49189901351928711, -0.87065225839614868, 0, 0.87065225839614868, 0.49189901351928711),
            ["LeftLowerLeg"] = CFrame.new(-2.537854015827179e-08, -0.053243637084960938, -0.00060430541634559631, 1, 0, 0, 0, 1, 0, 0, 0, 1),
            ["LeftUpperArm"] = CFrame.new(-0.10496914386749268, 0.31798815727233887, -0.86036026477813721, 0.034669637680053711, 0.48100873827934265, -0.87603020668029785, 0.4247758686542511, -0.80053329467773438, -0.42274400591850281, -0.90463459491729736, -0.35745999217033386, -0.23207533359527588),
            ["LeftUpperLeg"] = CFrame.new(5.9604644775390625e-08, 1.2852251529693604e-07, -9.9660828709602356e-05, 0.76320821046829224, 0.60372388362884521, -0.23028390109539032, 0.18315586447715759, -0.54390573501586914, -0.81891429424285889, -0.61965084075927734, 0.5828242301940918, -0.52568888664245605),
            ["LowerTorso"] = CFrame.new(0.65188992023468018, -0.26866436004638672, -0.24017113447189331, 0.89973258972167969, -0.37757083773612976, -0.21890991926193237, 0.050293534994125366, -0.40854179859161377, 0.91135293245315552, -0.43353414535522461, -0.83098369836807251, -0.34858906269073486),
