return {
    ["Lazer Blast"] = {
        {Time = 0.000, Data = {
            ["LeftFoot"] = CFrame.new(-4.353933036327362e-08, 5.960464477539063e-08, -5.21540641784668e-08, 0.9390264749526978, -0.34151560068130493, -0.03995344787836075, 0.2580268085002899, 0.7766894698143005, -0.5746092200279236, 0.22726963460445404, 0.5292643308639526, 0.8174521923065186),
            ["LeftLowerArm"] = CFrame.new(-1.7881393432617188e-07, -1.1920928955078125e-07, -8.195638656616211e-08, 1, -4.4703490686970326e-08, -1.4901162970204496e-08, 2.2351741790771484e-08, 0.8548353910446167, -0.5188993811607361, 2.2351741790771484e-08, 0.5188993215560913, 0.8548353910446167),
            ["LowerTorso"] = CFrame.new(-0.024742016568779945, -0.36957812309265137, -0.21755379438400269, 0.8279410004615784, 0.09640471637248993, -0.5524671077728271, -0.014911564998328686, 0.9885502457618713, 0.15015392005443573, 0.5606170892715454, -0.11608051508665085, 0.8198986649513245),
            ["Head"] = CFrame.new(-1.1175870895385742e-08, -1.1920928955078125e-07, -5.029141902923584e-08, 0.7078421711921692, 0.1782034933567047, -0.6835224628448486, -0.3583362400531769, 0.9244890213012695, -0.13005898892879486, 0.6087319254875183, 0.3369919955730438, 0.7182491421699524),
            ["RightUpperArm"] = CFrame.new(-5.960464477539063e-08, -2.384185791015625e-07, -3.440072759985924e-08, 0.5868006348609924, -0.45015057921409607, -0.6730746030807495, 0.10507407039403915, 0.8665351867675781, -0.48793068528175354, 0.8028850555419922, 0.21559537947177887, 0.5557824969291687),
            ["UpperTorso"] = CFrame.new(-2.8870999813079834e-08, 5.960464477539063e-08, 1.3504177331924438e-08, 0.9862724542617798, -0.060995765030384064, 0.1534479558467865, 0.06657569855451584, 0.997284471988678, -0.031487010419368744, -0.1511107236146927, 0.04127073287963867, 0.9876549243927002),
            ["HumanoidRootPart"] = CFrame.new(0, 0, 0, 1, 0, 0, 0, 1, 0, 0, 0, 1),
            ["RightHand"] = CFrame.new(0, -5.960464477539063e-08, -8.940696716308594e-08, 0.8953651189804077, 0.3173438310623169, -0.31243231892585754, -0.3684905171394348, 0.9219034314155579, -0.1196199283003807, 0.2500718832015991, 0.222231924533844, 0.9423784017562866),
            ["LeftUpperArm"] = CFrame.new(5.960464477539063e-08, -2.384185791015625e-07, 1.4901161193847656e-08, 0.5459620952606201, -0.6604883074760437, -0.5154420137405396, -0.6447566747665405, 0.06162445619702339, -0.7618997693061829, 0.5349899530410767, 0.748303234577179, -0.39220961928367615),
            ["RightLowerArm"] = CFrame.new(2.384185791015625e-07, -1.1920928955078125e-07, 5.513429641723633e-07, 1, -7.636842980218717e-08, 1.6763806343078613e-07, 6.70552182668871e-08, -0.8259250521659851, -0.5637800693511963, 1.2665985593685036e-07, 0.5637800097465515, -0.8259249925613403),
            ["LeftHand"] = CFrame.new(-1.564621925354004e-07, 0, -2.2351741790771484e-07, 0.768923282623291, -0.17993231117725372, -0.6134995818138123, 0.2587716281414032, 0.9650555849075317, 0.04128951579332352, 0.5846318602561951, -0.1905047744512558, 0.7886149287223816),
            ["RightUpperLeg"] = CFrame.new(0, -2.468004822731018e-08, 1.6931153368204832e-08, 0.9905924797058105, -0.09889443963766098, 0.09458543360233307, 0.12804996967315674, 0.4260750114917755, -0.895579993724823, 0.04826727136969566, 0.8992663621902466, 0.43472999334335327),
            ["LeftUpperLeg"] = CFrame.new(-1.7881393432617188e-07, 2.2351741790771484e-08, 2.9802322387695312e-08, 0.7858366370201111, 0.4437607526779175, 0.4307401478290558, -0.3407050371170044, 0.8919239044189453, -0.29730772972106934, -0.516120970249176, 0.08688004314899445, 0.8520981073379517),
            ["RightLowerLeg"] = CFrame.new(4.470348358154297e-08, -0.000060558319091796875, -0.0000721050237189047, 1, -1.1920926112907182e-07, -9.872022843637751e-08, 1.1175870895385742e-07, 0.34819647669792175, 0.9374215006828308, -2.3096799850463867e-07, -0.9374215602874756, 0.34819701313972473),
            ["RightFoot"] = CFrame.new(-7.078051567077637e-08, 2.980232238769531e-07, -2.0656443666666746e-08, 0.9888847470283508, 0.11347953230142593, -0.09606944769620895, -0.13320237398147583, 0.9632348418235779, -0.2333146184682846, 0.06606102734804153, 0.24351857602596283, 0.9676440358161926),
            ["LeftLowerLeg"] = CFrame.new(-2.9802322387695312e-08, 0.000060558319091796875, 0.00007218122482299805, 1, 4.842878098543224e-08, 3.725290298461914e-08, -5.774199962615967e-08, 0.4535028040409088, 0.8912548422813416, 3.725290298461914e-09, -0.8912549614906311, 0.45350292325019836),
        }},
        {Time = 0.033, Data = {
            ["LeftFoot"] = CFrame.new(-2.9569491744041443e-08, 1.1920928955078125e-07, -2.60770320892334e-08, 0.9255998134613037, -0.3760550022125244, -0.042984139174222946, 0.2640572786331177, 0.7229156494140625, -0.638487696647644, 0.27118054032325745, 0.5796340703964233, 0.768430769443512),
            ["LeftLowerArm"] = CFrame.new(-3.2782554626464844e-07, 0, -4.470348358154297e-08, 1, -7.823110337312755e-08, 1.3783574104309082e-07, 0, 0.8283584713935852, -0.5601987242698669, -1.4901164746561335e-08, 0.5601984858512878, 0.8283582925796509),
            ["LowerTorso"] = CFrame.new(-0.012169316411018372, -0.38289332389831543, -0.23436734080314636, 0.8300396800041199, 0.08880802243947983, -0.5505880117416382, -0.00022585902479477227, 0.9872936010360718, 0.15890686213970184, 0.5577042102813721, -0.13177475333213806, 0.8195129036903381),
            ["Head"] = CFrame.new(-1.30385160446167e-08, -3.5762786865234375e-07, -2.9802322387695312e-08, 0.7139473557472229, 0.17134948074817657, -0.678909957408905, -0.3334410786628723, 0.9357965588569641, -0.11446450650691986, 0.6157079339027405, 0.3080979883670807, 0.7252441644668579),
            ["RightUpperArm"] = CFrame.new(0, -2.384185791015625e-07, -2.3283064365386963e-09, 0.5704193711280823, -0.45340636372566223, -0.6848682761192322, 0.09188498556613922, 0.8638207912445068, -0.49534907937049866, 0.8161978125572205, 0.21962761878967285, 0.5344012379646301),
            ["UpperTorso"] = CFrame.new(2.4068867787718773e-08, -1.1920928955078125e-07, -3.166496753692627e-08, 0.9876892566680908, -0.02370801754295826, 0.15462236106395721, 0.03246428817510605, 0.9979939460754395, -0.05435306578874588, -0.153023362159729, 0.058703720569610596, 0.9864773750305176),
            ["HumanoidRootPart"] = CFrame.new(0, 0, 0, 1, 0, 0, 0, 1, 0, 0, 0, 1),
            ["RightHand"] = CFrame.new(0, 2.384185791015625e-07, 5.960464477539063e-08, 0.8853880763053894, 0.31965649127960205, -0.3375021517276764, -0.37287551164627075, 0.9219197630882263, -0.10501278191804886, 0.27758195996284485, 0.2188236266374588, 0.935448944568634),
            ["LeftUpperArm"] = CFrame.new(0, 0, 7.450580596923828e-09, 0.5722505450248718, -0.6555184125900269, -0.49277278780937195, -0.5986276865005493, 0.07679577171802521, -0.7973376512527466, 0.5605124831199646, 0.7512643337249756, -0.3484649360179901),
            ["RightLowerArm"] = CFrame.new(1.1920928955078125e-07, 5.960464477539062e-07, 5.811452865600586e-07, 1, -4.8428763221863846e-08, 1.8440186977386475e-07, 5.215407838932151e-08, -0.8405503630638123, -0.5417335033416748, 1.6391281576488836e-07, 0.54173344373703, -0.8405503630638123),
            ["LeftHand"] = CFrame.new(4.246830940246582e-07, 1.1920928955078125e-07, -2.5331974029541016e-07, 0.7700942754745483, -0.18249358236789703, -0.6112702488899231, 0.24564462900161743, 0.9691509008407593, 0.020131928846240044, 0.5887388586997986, -0.16565866768360138, 0.7911658883094788),
            ["RightUpperLeg"] = CFrame.new(-5.960464477539063e-08, 1.327134668827057e-07, -1.6596459317952394e-08, 0.9923296570777893, -0.09835369884967804, 0.07488930970430374, 0.10954747349023819, 0.41892585158348083, -0.9013881683349609, 0.0572819858789444, 0.9026780724525452, 0.42648687958717346),
            ["LeftUpperLeg"] = CFrame.new(8.940696716308594e-08, -1.862645149230957e-08, 0, 0.7908751368522644, 0.42863819003105164, 0.4367903470993042, -0.35007983446121216, 0.9023011922836304, -0.25158825516700745, -0.5019568204879761, 0.04606353119015694, 0.8636652827262878),
            ["RightLowerLeg"] = CFrame.new(-8.940696716308594e-08, -0.000060439109802246094, -0.00007209012255771086, 1, -1.5646213569198153e-07, 3.725291630729544e-09, 5.2154071283894154e-08, 0.3241375684738159, 0.9460098743438721, -1.7136336794010276e-07, -0.9460099935531616, 0.3241381049156189),
            ["RightFoot"] = CFrame.new(0, 4.76837158203125e-07, 6.129994289949536e-08, 0.9897695183753967, 0.11150048673152924, -0.08901747316122055, -0.13105005025863647, 0.9571556448936462, -0.2582222819328308, 0.05641144886612892, 0.26724687218666077, 0.9619757533073425),
            ["LeftLowerLeg"] = CFrame.new(-4.0978193283081055e-08, 0.000060677528381347656, 0.00007209926843643188, 1, 6.332993507385254e-08, 1.1548401346317405e-07, -7.636844401304188e-08, 0.5356148481369019, 0.8444623351097107, 7.823108916227284e-08, -0.8444623947143555, 0.5356149673461914),
        }},
        {Time = 0.067, Data = {
            ["LeftFoot"] = CFrame.new(3.306195139884949e-08, 5.960464477539063e-08, -4.0978193283081055e-08, 0.912074863910675, -0.4078236222267151, -0.04241926223039627, 0.2704281806945801, 0.676088273525238, -0.6854002475738525, 0.30820131301879883, 0.6136649250984192, 0.7269299626350403),
            ["LeftLowerArm"] = CFrame.new(5.960464477539063e-08, -3.5762786865234375e-07, 4.544854164123535e-07, 1, -2.6077035641947077e-08, -4.4703494239684005e-08, 1.4901161193847656e-07, 0.7193429470062256, -0.6946552395820618, -1.4901161193847656e-08, 0.694655179977417, 0.7193429470062256),
            ["LowerTorso"] = CFrame.new(-0.009350191801786423, -0.3899269104003906, -0.24029524624347687, 0.8341432809829712, 0.07572409510612488, -0.5463247895240784, 0.012190857902169228, 0.9877570271492004, 0.15552295744419098, 0.5514130592346191, -0.13638868927955627, 0.8230077624320984),
            ["Head"] = CFrame.new(7.450580596923828e-09, 2.384185791015625e-07, 0, 0.7194220423698425, 0.1622433364391327, -0.6753582954406738, -0.30980032682418823, 0.9452126026153564, -0.10294198989868164, 0.6216555237770081, 0.283284991979599, 0.7302699685096741),
            ["RightUpperArm"] = CFrame.new(1.1920928955078125e-07, 1.1920928955078125e-07, -6.51925802230835e-09, 0.5488086938858032, -0.4511665105819702, -0.7037454843521118, 0.06289158016443253, 0.8617514371871948, -0.5034174919128418, 0.8335788249969482, 0.23202034831047058, 0.5013114213943481),
            ["UpperTorso"] = CFrame.new(1.862645149230957e-09, 1.1920928955078125e-07, 2.60770320892334e-08, 0.9885274171829224, 0.005210121162235737, 0.1509523242712021, 0.003391214646399021, 0.9983873963356018, -0.05666670575737953, -0.15100407600402832, 0.05652863159775734, 0.9869155883789062),
            ["HumanoidRootPart"] = CFrame.new(0, 0, 0, 1, 0, 0, 0, 1, 0, 0, 0, 1),
            ["RightHand"] = CFrame.new(-8.940696716308594e-08, 5.960464477539063e-08, -4.470348358154297e-08, 0.8709640502929688, 0.33034640550613403, -0.3637203872203827, -0.3851318657398224, 0.9186698794364929, -0.08785995095968246, 0.3051149547100067, 0.21660347282886505, 0.9273555278778076),
            ["LeftUpperArm"] = CFrame.new(0, 1.1920928955078125e-07, 7.450580596923828e-09, 0.6014926433563232, -0.6325024366378784, -0.48800310492515564, -0.5107712149620056, 0.16521507501602173, -0.8436921238899231, 0.6142632961273193, 0.7567328214645386, -0.22368839383125305),
            ["RightLowerArm"] = CFrame.new(0, 6.556510925292969e-07, -6.034970283508301e-07, 1, -5.308536898951388e-08, 1.7136333951839333e-07, 4.0978193283081055e-08, -0.853787362575531, -0.5206217169761658, 1.862645149230957e-07, 0.5206220149993896, -0.8537874221801758),
            ["LeftHand"] = CFrame.new(1.4901161193847656e-08, -1.7881393432617188e-07, 2.9802322387695312e-08, 0.7721340656280518, -0.19134938716888428, -0.6059655547142029, 0.21839997172355652, 0.9754067063331604, -0.029719717800617218, 0.5967499613761902, -0.10939520597457886, 0.7949355840682983),
            ["RightUpperLeg"] = CFrame.new(5.960464477539063e-08, 4.2282044887542725e-07, 7.094786269590259e-08, 0.9927880167961121, -0.11116255074739456, 0.04488682374358177, 0.08827631175518036, 0.42453330755233765, -0.9010986685752869, 0.08111261576414108, 0.8985623717308044, 0.43128451704978943),
            ["LeftUpperLeg"] = CFrame.new(0, 2.5331974029541016e-07, 0, 0.8002414703369141, 0.4099787771701813, 0.43764281272888184, -0.35570695996284485, 0.912063717842102, -0.20399132370948792, -0.4827900826931, 0.007569735869765282, 0.8757034540176392),
            ["RightLowerLeg"] = CFrame.new(-7.450580596923828e-08, -0.00006079673767089844, -0.0000721348260412924, 1, -1.6391271628890536e-07, -1.7508865823856468e-07, 2.0861619987044833e-07, 0.31718626618385315, 0.9483632445335388, -8.195636524988004e-08, -0.9483633041381836, 0.3171866238117218),
            ["RightFoot"] = CFrame.new(4.470348358154297e-08, 4.172325134277344e-07, 2.4047039914876223e-08, 0.9918938875198364, 0.10651332885026932, -0.06929342448711395, -0.12137986719608307, 0.9555549025535583, -0.2686665952205658, 0.03759709745645523, 0.2748998701572418, 0.9607376456260681),
            ["LeftLowerLeg"] = CFrame.new(-1.5273690223693848e-07, 0.00006103515625, 0.00007198750972747803, 1, 2.2351745343485163e-08, 7.450579886381092e-08, -4.470347647611561e-08, 0.6171051263809204, 0.7868807315826416, 2.4214383387288763e-08, -0.7868807911872864, 0.6171050667762756),
        }},
        {Time = 0.100, Data = {
            ["LeftFoot"] = CFrame.new(-1.0337680578231812e-07, 0, -3.119930624961853e-08, 0.9174302220344543, -0.39648720622062683, -0.03346135839819908, 0.2744749188423157, 0.6914983987808228, -0.6682015657424927, 0.2880719006061554, 0.603844165802002, 0.7432274222373962),
            ["LeftLowerArm"] = CFrame.new(0, 0, -2.5331974029541016e-07, 1, -1.2479723920932884e-07, 4.470348358154297e-08, 7.450581307466564e-08, 0.45050472021102905, -0.8927741050720215, 7.450581307466564e-08, 0.8927740454673767, 0.45050472021102905),
            ["LowerTorso"] = CFrame.new(-0.021304862573742867, -0.3685734272003174, -0.22733303904533386, 0.8376098871231079, 0.06877391040325165, -0.5419222712516785, 0.017104551196098328, 0.988254964351654, 0.1518542468547821, 0.5460009574890137, -0.13646405935287476, 0.8265957236289978),
            ["Head"] = CFrame.new(1.30385160446167e-08, 3.5762786865234375e-07, 3.725290298461914e-09, 0.7218140363693237, 0.1567370891571045, -0.6741054058074951, -0.30012691020965576, 0.9485567212104797, -0.10081744194030762, 0.6236252188682556, 0.27508845925331116, 0.7317225337028503),
            ["RightUpperArm"] = CFrame.new(1.1920928955078125e-07, 1.1920928955078125e-07, 4.656612873077393e-10, 0.5150634050369263, -0.5336907505989075, -0.6707338094711304, 0.06684484332799911, 0.8051406145095825, -0.5893051028251648, 0.8545416593551636, 0.2586943507194519, 0.4503728449344635),
            ["UpperTorso"] = CFrame.new(-2.421438694000244e-08, -1.1920928955078125e-07, 1.5133991837501526e-08, 0.9891318678855896, 0.006330525502562523, 0.14689500629901886, -0.0011355335591360927, 0.9993718266487122, -0.035421643406152725, -0.1470268815755844, 0.03486990928649902, 0.988517701625824),
            ["HumanoidRootPart"] = CFrame.new(0, 0, 0, 1, 0, 0, 0, 1, 0, 0, 0, 1),
            ["RightHand"] = CFrame.new(1.043081283569336e-07, 1.7881393432617188e-07, -4.470348358154297e-08, 0.9005656242370605, 0.35691770911216736, -0.248175710439682, -0.38869425654411316, 0.9167603850364685, -0.09201768785715103, 0.19467505812644958, 0.17933255434036255, 0.9643347859382629),
            ["LeftUpperArm"] = CFrame.new(-1.1920928955078125e-07, 1.1920928955078125e-07, -4.470348358154297e-08, 0.621477484703064, -0.5775113701820374, -0.5293827652931213, -0.4333381652832031, 0.30953994393348694, -0.846406102180481, 0.6526743769645691, 0.7554241418838501, -0.057885490357875824),
            ["RightLowerArm"] = CFrame.new(-1.1920928955078125e-07, -7.152557373046875e-07, 6.705522537231445e-07, 1, -8.195638656616211e-08, 1.30385160446167e-07, 5.215405707303944e-08, -0.6435484886169434, -0.7654052972793579, 1.4901159772762185e-07, 0.7654053568840027, -0.6435485482215881),
            ["LeftHand"] = CFrame.new(-3.129243850708008e-07, 5.960464477539063e-08, -4.023313522338867e-07, 0.7573317885398865, -0.21735583245754242, -0.615796685218811, 0.17572835087776184, 0.976030707359314, -0.12838789820671082, 0.62894207239151, -0.010980818420648575, 0.7773744463920593),
            ["RightUpperLeg"] = CFrame.new(0, -1.8114224076271057e-07, -5.420588422566652e-09, 0.9912521839141846, -0.1290522962808609, 0.027650754898786545, 0.07615421712398529, 0.38815656304359436, -0.9184417724609375, 0.10779428482055664, 0.912513017654419, 0.3945888876914978),
            ["LeftUpperLeg"] = CFrame.new(-1.1920928955078125e-07, -2.7939677238464355e-07, 5.21540641784668e-08, 0.8126449584960938, 0.4043848216533661, 0.4196203649044037, -0.3480072617530823, 0.9143166542053223, -0.20716190338134766, -0.46743887662887573, 0.02231820672750473, 0.8837435841560364),
            ["RightLowerLeg"] = CFrame.new(-2.9802322387695312e-08, -0.000060439109802246094, -0.0000721646283636801, 1, -1.5273688802608376e-07, -6.332996349556197e-08, 1.713633963618122e-07, 0.3026945888996124, 0.9530874490737915, -1.266598985694145e-07, -0.9530876278877258, 0.3026951849460602),
            ["RightFoot"] = CFrame.new(1.862645149230957e-08, 5.960464477539062e-07, 7.620110409334302e-08, 0.9937703609466553, 0.1070004552602768, -0.031169593334197998, -0.10964302718639374, 0.9887898564338684, -0.10135527700185776, 0.01997494511306286, 0.10414174199104309, 0.9943619966506958),
            ["LeftLowerLeg"] = CFrame.new(-1.564621925354004e-07, 0.000060677528381347656, 0.00007208064198493958, 1, 4.4703490686970326e-08, 6.705523958316917e-08, -1.210719524635806e-08, 0.6253534555435181, 0.780341625213623, 2.980232594040899e-08, -0.7803416848182678, 0.6253535747528076),
        }},
        {Time = 0.133, Data = {
            ["LeftFoot"] = CFrame.new(2.468004822731018e-08, 5.960464477539063e-08, -2.60770320892334e-08, 0.9269623756408691, -0.37422558665275574, -0.0263803880661726, 0.26853740215301514, 0.7109853029251099, -0.6499133706092834, 0.26197031140327454, 0.5953613519668579, 0.7595503926277161),
            ["LeftLowerArm"] = CFrame.new(-2.9802322387695312e-08, 3.5762786865234375e-07, 4.0605664253234863e-07, 1, -1.208391608997772e-07, 7.450579886381092e-08, 1.0430814256778831e-07, 0.061837147921323776, -0.9980863332748413, 5.7742006731587026e-08, 0.9980862736701965, 0.061837051063776016),
            ["LowerTorso"] = CFrame.new(-0.05005338042974472, -0.34722423553466797, -0.19647225737571716, 0.8386368751525879, 0.07320314645767212, -0.5397493839263916, 0.01117353793233633, 0.9884074330329895, 0.1514131873846054, 0.5445762276649475, -0.13301168382167816, 0.8280969858169556),
            ["Head"] = CFrame.new(-1.1175870895385742e-08, 1.1920928955078125e-07, 3.166496753692627e-08, 0.7196962833404541, 0.1610325425863266, -0.6753562092781067, -0.3114883601665497, 0.9442298412322998, -0.10679570585489273, 0.6204936504364014, 0.28722578287124634, 0.7297182679176331),
            ["RightUpperArm"] = CFrame.new(1.1920928955078125e-07, 1.1920928955078125e-07, -6.146728992462158e-08, 0.4654231369495392, -0.6464111804962158, -0.6045941114425659, 0.05761014670133591, 0.7037654519081116, -0.7080928087234497, 0.8832114934921265, 0.2947319447994232, 0.36478835344314575),
            ["UpperTorso"] = CFrame.new(-1.30385160446167e-08, -5.960464477539063e-08, 3.725290298461914e-09, 0.9891643524169922, -0.023014241829514503, 0.14499789476394653, 0.022998981177806854, 0.9997339844703674, 0.0017818098422139883, -0.1450001746416092, 0.0015723484102636576, 0.9894303679466248),
            ["HumanoidRootPart"] = CFrame.new(0, 0, 0, 1, 0, 0, 0, 1, 0, 0, 0, 1),
            ["RightHand"] = CFrame.new(-1.4156103134155273e-07, 5.960464477539063e-08, 8.568167686462402e-08, 0.9131695628166199, 0.38481569290161133, -0.13430805504322052, -0.4011324644088745, 0.9069080948829651, -0.12888143956661224, 0.07220973819494247, 0.17156580090522766, 0.9825227856636047),
            ["LeftUpperArm"] = CFrame.new(0, 1.1920928955078125e-07, -1.4901161193847656e-08, 0.6512255668640137, -0.488339364528656, -0.5808871388435364, -0.38097986578941345, 0.4516204595565796, -0.8067796230316162, 0.6563228964805603, 0.7467018365859985, 0.10805932432413101),
            ["RightLowerArm"] = CFrame.new(-1.7881393432617188e-07, 2.980232238769531e-07, 4.470348358154297e-08, 1, -8.568168397005138e-08, 5.2154039309471045e-08, 1.1175872316471214e-07, -0.13269905745983124, -0.9911563992500305, 8.195639367158947e-08, 0.9911564588546753, -0.13269878923892975),
            ["LeftHand"] = CFrame.new(2.2817403078079224e-08, -1.1920928955078125e-07, -3.0547380447387695e-07, 0.7583933472633362, -0.2527084946632385, -0.6008149981498718, 0.14615187048912048, 0.9642412066459656, -0.22108493745326996, 0.6352000832557678, 0.07985907047986984, 0.7682075500488281),
            ["RightUpperLeg"] = CFrame.new(5.960464477539063e-08, -7.35744833946228e-08, 4.300818545743823e-08, 0.9830450415611267, -0.18299593031406403, -0.011622244492173195, 0.0477076917886734, 0.3164547085762024, -0.9474072456359863, 0.17704951763153076, 0.9307893514633179, 0.31981930136680603),
            ["LeftUpperLeg"] = CFrame.new(-1.1920928955078125e-07, -1.601874828338623e-07, 2.2351741790771484e-08, 0.8284755945205688, 0.38974729180336, 0.40215080976486206, -0.3210616111755371, 0.9189171195030212, -0.22915247082710266, -0.45885470509529114, 0.06073202192783356, 0.8864332437515259),
            ["RightLowerLeg"] = CFrame.new(-5.21540641784668e-08, -0.00006031990051269531, -0.00007197091326816007, 1, -8.940692453052179e-08, -2.421439049271612e-08, 6.705522537231445e-08, 0.28594717383384705, 0.9582452178001404, -1.1920928955078125e-07, -0.9582453370094299, 0.28594788908958435),
            ["RightFoot"] = CFrame.new(1.1175870895385742e-08, 2.384185791015625e-07, 7.620110409334302e-08, 0.9971907138824463, 0.06824523210525513, 0.030877918004989624, -0.07213682681322098, 0.9859805107116699, 0.150462344288826, -0.02017665095627308, -0.15226684510707855, 0.988133430480957),
            ["LeftLowerLeg"] = CFrame.new(2.2351741790771484e-08, 0.000060558319091796875, 0.00007206946611404419, 1, 3.725289943190546e-08, 7.450580596923828e-09, -4.284084909045305e-08, 0.6178492307662964, 0.7862964272499084, 7.078052988163108e-08, -0.786296546459198, 0.6178494691848755),
        }},
        {Time = 0.167, Data = {
            ["LeftFoot"] = CFrame.new(1.2759119272232056e-07, -5.960464477539063e-08, -1.4901161193847656e-08, 0.9359316825866699, -0.35209447145462036, -0.007828179746866226, 0.25788170099258423, 0.7002962231636047, -0.6656443476676941, 0.2398519366979599, 0.6209789514541626, 0.7462281584739685),
            ["LeftLowerArm"] = CFrame.new(0, -4.76837158203125e-07, 5.066394805908203e-07, 1, -1.5180563650574186e-07, 1.9744031476420787e-07, 2.0116560506266978e-07, -0.3453652858734131, -0.9384684562683105, 5.21540464148984e-08, 0.9384683966636658, -0.3453649878501892),
            ["LowerTorso"] = CFrame.new(-0.08492230623960495, -0.3527181148529053, -0.15977708995342255, 0.8388255834579468, 0.08753892779350281, -0.5373159646987915, -0.005613540764898062, 0.9883254766464233, 0.15225356817245483, 0.5443712472915649, -0.12469802796840668, 0.8295241594314575),
            ["Head"] = CFrame.new(3.166496753692627e-08, 2.384185791015625e-07, 5.4016709327697754e-08, 0.71356201171875, 0.17821471393108368, -0.6775463819503784, -0.338143527507782, 0.9346100091934204, -0.11028765141963959, 0.6135864853858948, 0.30780479311943054, 0.7271640300750732),
            ["RightUpperArm"] = CFrame.new(0, 1.1920928955078125e-07, 1.1175870895385742e-08, 0.438762903213501, -0.7349935173988342, -0.5169834494590759, 0.06142951920628548, 0.5985063314437866, -0.798759400844574, 0.8965007662773132, 0.31870800256729126, 0.3077526390552521),
            ["UpperTorso"] = CFrame.new(-1.210719347000122e-08, -8.940696716308594e-08, 4.0978193283081055e-08, 0.9874041676521301, -0.07299521565437317, 0.14037396013736725, 0.06740900874137878, 0.9967480301856995, 0.04415286332368851, -0.14314022660255432, -0.034134164452552795, 0.9891136288642883),
            ["HumanoidRootPart"] = CFrame.new(0, 0, 0, 1, 0, 0, 0, 1, 0, 0, 0, 1),
            ["RightHand"] = CFrame.new(1.043081283569336e-07, 1.7881393432617188e-07, 0, 0.9037940502166748, 0.40000900626182556, -0.15214881300926208, -0.42359867691993713, 0.8867959976196289, -0.18481607735157013, 0.06099700927734375, 0.23148570954799652, 0.9709241986274719),
            ["LeftUpperArm"] = CFrame.new(0, 0, -7.450580596923828e-08, 0.7407981157302856, -0.40255820751190186, -0.5377408862113953, -0.3029903173446655, 0.5142214894294739, -0.8023546934127808, 0.5995123386383057, 0.7573131322860718, 0.25896304845809937),
            ["RightLowerArm"] = CFrame.new(1.1920928955078125e-07, 1.1920928955078125e-07, -3.129243850708008e-07, 1, -1.0617075929530984e-07, 4.0978189730367376e-08, 9.313225746154785e-08, 0.37894007563591003, -0.9254211187362671, 2.2351741790771484e-08, 0.9254211783409119, 0.37894025444984436),
            ["LeftHand"] = CFrame.new(-4.470348358154297e-08, 5.960464477539063e-08, 2.682209014892578e-07, 0.8785788416862488, -0.3172425329685211, -0.3570103943347931, 0.2191183716058731, 0.9319463968276978, -0.28890037536621094, 0.4243659973144531, 0.17559397220611572, 0.8883019089698792),
            ["RightUpperLeg"] = CFrame.new(0, -2.7101486921310425e-07, 4.300818545743823e-08, 0.9684089422225952, -0.24391764402389526, -0.051849089562892914, 0.009814023971557617, 0.2450408935546875, -0.9694631695747375, 0.24917416274547577, 0.9383277893066406, 0.23969332873821259),
            ["LeftUpperLeg"] = CFrame.new(-1.1920928955078125e-07, -1.825392246246338e-07, 5.960464477539063e-08, 0.8459104299545288, 0.36769333481788635, 0.386312335729599, -0.2840745151042938, 0.9236822724342346, -0.2571240961551666, -0.45137277245521545, 0.10776261985301971, 0.8858047723770142),
            ["RightLowerLeg"] = CFrame.new(8.195638656616211e-08, -0.0000603795051574707, -0.0000721348260412924, 1, -1.378357126213814e-07, -1.7229476156899182e-07, 2.421439049271612e-08, 0.17665965855121613, 0.9842719435691833, -1.1175872316471214e-07, -0.9842720031738281, 0.17666012048721313),
            ["RightFoot"] = CFrame.new(3.5390257835388184e-08, 1.7881393432617188e-07, 9.145878721028566e-09, 0.9997020363807678, 0.0216456800699234, -0.011285520158708096, -0.019576100632548332, 0.9870702624320984, 0.15908855199813843, 0.014583221636712551, -0.1588202714920044, 0.9871998429298401),
            ["LeftLowerLeg"] = CFrame.new(-2.9802322387695312e-08, 0.000060677528381347656, 0.00007214397192001343, 1, 2.2351741790771484e-08, 4.4703494239684005e-08, -7.636844401304188e-08, 0.5931347608566284, 0.8051032423973083, 0, -0.8051032423973083, 0.5931348204612732),
        }},
        {Time = 0.200, Data = {
            ["LeftFoot"] = CFrame.new(1.7974525690078735e-07, -5.960464477539063e-08, 2.9802322387695312e-08, 0.9432753920555115, -0.3317759931087494, 0.01250369567424059, 0.24867436289787292, 0.6810522079467773, -0.6887154579162598, 0.21998350322246552, 0.6527576446533203, 0.7249239087104797),
            ["LeftLowerArm"] = CFrame.new(1.1920928955078125e-07, 1.7881393432617188e-07, 6.258487701416016e-07, 1, -8.102509241325606e-08, 6.885965575520459e-08, 6.891788473240013e-08, -0.6676768064498901, -0.7444514632225037, 4.097820394122209e-08, 0.7444512248039246, -0.6676766276359558),
            ["LowerTorso"] = CFrame.new(-0.11526874452829361, -0.3706395626068115, -0.12929004430770874, 0.8406291007995605, 0.11331931501626968, -0.5296239256858826, -0.03376474976539612, 0.9869298338890076, 0.15757350623607635, 0.540557861328125, -0.11457832157611847, 0.8334680795669556),
            ["Head"] = CFrame.new(-1.862645149230957e-08, -1.1920928955078125e-07, -7.171183824539185e-08, 0.7038088440895081, 0.1987047791481018, -0.6820334196090698, -0.36196818947792053, 0.9264134168624878, -0.10362166166305542, 0.6112546324729919, 0.3198040723800659, 0.7239426970481873),
            ["RightUpperArm"] = CFrame.new(0, -1.1920928955078125e-07, -6.705522537231445e-08, 0.4275180399417877, -0.778435230255127, -0.45963793992996216, 0.094114750623703, 0.5440080761909485, -0.8337852358818054, 0.8990944623947144, 0.3131994307041168, 0.30583539605140686),
            ["UpperTorso"] = CFrame.new(-3.3527612686157227e-08, 0, -2.60770320892334e-08, 0.9821366667747498, -0.1362350881099701, 0.12979841232299805, 0.12772800028324127, 0.9892075061798096, 0.07179202139377594, -0.13817812502384186, -0.053930722177028656, 0.9889379739761353),
            ["HumanoidRootPart"] = CFrame.new(0, 0, 0, 1, 0, 0, 0, 1, 0, 0, 0, 1),
            ["RightHand"] = CFrame.new(1.6391277313232422e-07, 5.960464477539063e-08, 7.450580596923828e-08, 0.8926115036010742, 0.41504043340682983, -0.17602887749671936, -0.4489407241344452, 0.8539968729019165, -0.2629477381706238, 0.04119409620761871, 0.3137368857860565, 0.948616087436676),
            ["LeftUpperArm"] = CFrame.new(5.960464477539063e-08, 0, 2.9802322387695312e-08, 0.8715415000915527, -0.3325636088848114, -0.36030101776123047, -0.1334577351808548, 0.5461869239807129, -0.8269638419151306, 0.4718099534511566, 0.7688182592391968, 0.43164119124412537),
            ["RightLowerArm"] = CFrame.new(-2.384185791015625e-07, 1.7881393432617188e-07, 6.407499313354492e-07, 1, -4.284084198502569e-08, 2.1653251636166715e-08, 9.126962652317161e-08, 0.7574829459190369, -0.6528552174568176, 1.769513069405093e-08, 0.6528550982475281, 0.7574828267097473),
            ["LeftHand"] = CFrame.new(8.940696716308594e-08, -4.172325134277344e-07, 1.6391277313232422e-07, 0.9218676090240479, -0.36628690361976624, -0.12646853923797607, 0.3167167901992798, 0.9002519249916077, -0.29872575402259827, 0.2232726365327835, 0.23533064126968384, 0.9459221959114075),
            ["RightUpperLeg"] = CFrame.new(-5.960464477539063e-08, -1.30385160446167e-08, -1.6596459317952394e-08, 0.945317268371582, -0.3140941858291626, -0.08786484599113464, -0.04973985627293587, 0.12741132080554962, -0.9906020760536194, 0.3223373293876648, 0.9408034682273865, 0.10482101142406464),
            ["LeftUpperLeg"] = CFrame.new(-5.960464477539063e-08, 1.4528632164001465e-07, -1.4901161193847656e-08, 0.8658882975578308, 0.3338952362537384, 0.37249356508255005, -0.2381720393896103, 0.9299929738044739, -0.2799772024154663, -0.43989938497543335, 0.1537114530801773, 0.8847944736480713),
            ["RightLowerLeg"] = CFrame.new(-1.1175870895385742e-08, -0.000060498714447021484, -0.00007198953971965238, 1, -1.2852243003180774e-07, -2.002343819640373e-07, 1.1827792434360163e-07, -0.06867441534996033, 0.9976392388343811, -1.1175866632129328e-07, -0.9976391196250916, -0.06867405027151108),
            ["RightFoot"] = CFrame.new(1.6763806343078613e-08, 1.7881393432617188e-07, -1.3205863069742918e-08, 0.9953911304473877, -0.03643852844834328, -0.08870625495910645, 0.043676670640707016, 0.995750904083252, 0.08107127249240875, 0.08537529408931732, -0.08457191288471222, 0.9927531480789185),
            ["LeftLowerLeg"] = CFrame.new(-1.4901161193847656e-08, 0.000060558319091796875, 0.00007209181785583496, 1, 3.725290298461914e-08, 0, -2.7939680791178034e-08, 0.5721049308776855, 0.8201805949211121, 8.568168397005138e-08, -0.8201804161071777, 0.5721046924591064),
        }},
        {Time = 0.233, Data = {
            ["LeftFoot"] = CFrame.new(9.499490261077881e-08, -5.960464477539063e-08, -3.725290298461914e-08, 0.9490028023719788, -0.31357088685035706, 0.03266647830605507, 0.23882174491882324, 0.6473780274391174, -0.7237857580184937, 0.20581066608428955, 0.6946762800216675, 0.6892510652542114),
            ["LeftLowerArm"] = CFrame.new(2.9802322387695312e-08, 2.980232238769531e-07, -5.960464477539063e-08, 1, -4.4703490686970326e-08, 1.4156104555240745e-07, 6.705522537231445e-08, -0.744888424873352, -0.6671892404556274, 2.2351741790771484e-07, 0.6671891212463379, -0.7448883056640625),
            ["LowerTorso"] = CFrame.new(-0.14201222360134125, -0.4050559997558594, -0.10886231809854507, 0.8457025289535522, 0.14110857248306274, -0.5146608352661133, -0.06693283468484879, 0.9848394393920898, 0.16003575921058655, 0.5294406414031982, -0.10089500993490219, 0.8423259258270264),
            ["Head"] = CFrame.new(3.725290298461914e-08, 0, 7.450580596923828e-09, 0.6907167434692383, 0.21729955077171326, -0.6897035837173462, -0.37798699736595154, 0.9216020703315735, -0.08818016201257706, 0.6164708137512207, 0.32160648703575134, 0.7187023758888245),
            ["RightUpperArm"] = CFrame.new(1.1920928955078125e-07, 0, -1.4901161193847656e-08, 0.422300785779953, -0.7660672068595886, -0.4845649003982544, 0.09137080609798431, 0.5678234100341797, -0.818063497543335, 0.9018388986587524, 0.30119383335113525, 0.3097885251045227),
            ["UpperTorso"] = CFrame.new(-2.2351741790771484e-08, 1.1920928955078125e-07, -2.9802322387695312e-08, 0.9729000926017761, -0.2010655552148819, 0.11418436467647552, 0.19175934791564941, 0.9775375127792358, 0.08745860308408737, -0.12920431792736053, -0.06319250911474228, 0.9896024465560913),
            ["HumanoidRootPart"] = CFrame.new(0, 0, 0, 1, 0, 0, 0, 1, 0, 0, 0, 1),
            ["RightHand"] = CFrame.new(9.685754776000977e-08, 0, 3.6135315895080566e-07, 0.8872042894363403, 0.4235755503177643, -0.1828993260860443, -0.4605486989021301, 0.8367949724197388, -0.2960900664329529, 0.027632687240839005, 0.34692662954330444, 0.9374852180480957),
            ["LeftUpperArm"] = CFrame.new(0, -1.1920928955078125e-07, -1.1920928955078125e-07, 0.9176661372184753, -0.31148722767829895, -0.2467072308063507, -0.04269411787390709, 0.5399898886680603, -0.8405879139900208, 0.39505210518836975, 0.781912088394165, 0.4822317361831665),
            ["RightLowerArm"] = CFrame.new(-1.1920928955078125e-07, 2.384185791015625e-07, 2.980232238769531e-07, 1, -1.6763804566721774e-08, 2.223532824530139e-08, 6.519258732851085e-08, 0.8334917426109314, -0.5525316596031189, 2.980232594040899e-08, 0.5525318384170532, 0.8334919214248657),
            ["LeftHand"] = CFrame.new(-1.1920928955078125e-07, 5.960464477539063e-08, 1.1920928955078125e-07, 0.917716383934021, -0.374557226896286, -0.13230092823505402, 0.32568326592445374, 0.9001424312591553, -0.2892647385597229, 0.2274358719587326, 0.2223748415708542, 0.9480624794960022),
            ["RightUpperLeg"] = CFrame.new(5.960464477539063e-08, 2.0489096641540527e-07, -3.149762051180005e-08, 0.9113426208496094, -0.4004514515399933, -0.09535925090312958, -0.0912100300192833, 0.029458362609148026, -0.9953958988189697, 0.40141671895980835, 0.9158443212509155, -0.009678597562015057),
            ["LeftUpperLeg"] = CFrame.new(-1.1920928955078125e-07, 2.980232238769531e-07, -4.470348358154297e-08, 0.8870444297790527, 0.29777106642723083, 0.3528238832950592, -0.19265538454055786, 0.9332312941551208, -0.3032544255256653, -0.41956672072410583, 0.20102664828300476, 0.8851848244667053),
            ["RightLowerLeg"] = CFrame.new(-2.9802322387695312e-08, -0.00006031990051269531, -0.00007195228681666777, 1, -1.0430811414607888e-07, -2.0116578980378108e-07, 1.6763807764164085e-07, -0.3016298711299896, 0.9534252285957336, -2.3469331722481002e-07, -0.9534251689910889, -0.3016298711299896),
            ["RightFoot"] = CFrame.new(7.450580596923828e-09, 2.980232238769531e-07, 4.639878170564771e-08, 0.9929869174957275, -0.027775457128882408, -0.11491544544696808, 0.037087902426719666, 0.9961279034614563, 0.07970994710922241, 0.11225654184818268, -0.08341299742460251, 0.9901720881462097),
            ["LeftLowerLeg"] = CFrame.new(1.4901161193847656e-08, 0.000060677528381347656, 0.00007215142250061035, 1, 7.450580596923828e-09, -7.450580596923828e-09, -5.587935447692871e-08, 0.5361658930778503, 0.8441126346588135, 7.450580596923828e-08, -0.8441126346588135, 0.5361659526824951),
        }},
        {Time = 0.267, Data = {
            ["LeftFoot"] = CFrame.new(4.0046870708465576e-08, 0, -2.60770320892334e-08, 0.9523403644561768, -0.30225542187690735, 0.041103631258010864, 0.23470915853977203, 0.6400237679481506, -0.7316291332244873, 0.1948317587375641, 0.7064073085784912, 0.680462658405304),
            ["LeftLowerArm"] = CFrame.new(1.7881393432617188e-07, -2.384185791015625e-07, 2.9802322387695312e-08, 1, -1.1175873737556685e-07, -2.048908953611317e-08, 9.685753354915505e-08, -0.7150424718856812, -0.6990814208984375, 1.7881390590446244e-07, 0.6990810632705688, -0.7150421738624573),
            ["LowerTorso"] = CFrame.new(-0.15649956464767456, -0.4270448684692383, -0.10011066496372223, 0.8535709381103516, 0.16103601455688477, -0.4954635798931122, -0.0957711935043335, 0.9833229780197144, 0.15460877120494843, 0.5120983123779297, -0.08451848477125168, 0.8547583818435669),
            ["Head"] = CFrame.new(2.2351741790771484e-08, 0, -3.3527612686157227e-08, 0.6766880750656128, 0.22781361639499664, -0.7001388072967529, -0.3835136592388153, 0.9207979440689087, -0.07105545699596405, 0.6284986734390259, 0.31659483909606934, 0.7104624509811401),
            ["RightUpperArm"] = CFrame.new(1.1920928955078125e-07, -1.1920928955078125e-07, -3.725290298461914e-08, 0.40895912051200867, -0.7532632350921631, -0.5151184797286987, 0.08068376779556274, 0.5921168327331543, -0.8018029928207397, 0.9089788198471069, 0.28634288907051086, 0.30292755365371704),
            ["UpperTorso"] = CFrame.new(7.450580596923828e-09, -1.4901161193847656e-07, 3.725290298461914e-09, 0.9623525142669678, -0.2534332275390625, 0.098231241106987, 0.2440345734357834, 0.9647702574729919, 0.09831427037715912, -0.11968645453453064, -0.07064113020896912, 0.99029541015625),
            ["HumanoidRootPart"] = CFrame.new(0, 0, 0, 1, 0, 0, 0, 1, 0, 0, 0, 1),
            ["RightHand"] = CFrame.new(-3.3527612686157227e-08, -1.1920928955078125e-07, -2.4423934519290924e-07, 0.8858509063720703, 0.42614221572875977, -0.18349677324295044, -0.4632405638694763, 0.8345175981521606, -0.2983095645904541, 0.026008887216448784, 0.349261075258255, 0.9366645216941833),
            ["LeftUpperArm"] = CFrame.new(1.1920928955078125e-07, 1.1920928955078125e-07, 5.960464477539063e-08, 0.9096439480781555, -0.3209571838378906, -0.2636938989162445, -0.06914177536964417, 0.5089658498764038, -0.8580054640769958, 0.4095940887928009, 0.7987116575241089, 0.44078582525253296),
            ["RightLowerArm"] = CFrame.new(-1.7881393432617188e-07, -5.960464477539063e-08, 1.341104507446289e-07, 1, -2.8405342078485774e-08, 8.303322829306126e-08, 6.23986053938097e-08, 0.8210421800613403, -0.5708677768707275, 4.00468671557519e-08, 0.5708677172660828, 0.8210420608520508),
            ["LeftHand"] = CFrame.new(-1.7881393432617188e-07, 1.1920928955078125e-07, 1.1920928955078125e-07, 0.9156755805015564, -0.37539198994636536, -0.1435946822166443, 0.3221336007118225, 0.8991193771362305, -0.2963346540927887, 0.24035018682479858, 0.22508929669857025, 0.944227933883667),
            ["RightUpperLeg"] = CFrame.new(1.1920928955078125e-07, 3.5390257835388184e-08, -1.6596459317952394e-08, 0.869538426399231, -0.48775941133499146, -0.07742130011320114, -0.09734353423118591, -0.01558082364499569, -0.995128870010376, 0.4841769337654114, 0.872839093208313, -0.06102845072746277),
            ["LeftUpperLeg"] = CFrame.new(-5.960464477539063e-08, 9.872019290924072e-08, 4.470348358154297e-08, 0.9065216779708862, 0.2677067816257477, 0.3264222741127014, -0.1605815887451172, 0.9337632656097412, -0.31984344124794006, -0.3904254734516144, 0.23752769827842712, 0.8894653916358948),
            ["RightLowerLeg"] = CFrame.new(2.2351741790771484e-08, -0.000060439109802246094, -0.00007203936547739431, 1, -1.4156096028727916e-07, -2.4586918812019576e-07, 1.5832485189548606e-07, -0.4437551200389862, 0.8961480259895325, -2.6961791377289046e-07, -0.896148145198822, -0.44375520944595337),
