return {
    ["Lazy Shuffle"] = {
        {Time = 0.000, Data = {
            ["LeftFoot"] = CFrame.new(-1.7695128917694092e-08, 0, 7.450580596923828e-09, 0.9988275170326233, 0.04098575934767723, 0.025767557322978973, -0.03643457964062691, 0.986863911151886, -0.15739242732524872, -0.031879886984825134, 0.1562688946723938, 0.9871999025344849),
            ["LeftLowerArm"] = CFrame.new(-2.086162567138672e-07, 1.7881393432617188e-07, -4.4485204853117466e-08, 1, -2.9802318834981634e-08, 0, -1.4901157641133977e-08, 0.9997170567512512, -0.023790638893842697, 5.960463056453591e-08, 0.02379065379500389, 0.9997169971466064),
            ["LowerTorso"] = CFrame.new(0.04632227495312691, 0.03477811813354492, -0.06539487838745117, 0.996722936630249, -0.06233024597167969, -0.051559675484895706, 0.05495065823197365, 0.9894713163375854, -0.13389170169830322, 0.05936232581734657, 0.13061968982219696, 0.9896537661552429),
            ["Head"] = CFrame.new(6.693881005048752e-10, -4.76837158203125e-07, 5.820766091346741e-10, 0.9958645701408386, 0.026671085506677628, 0.08684713393449783, -0.03029981628060341, 0.9987104535102844, 0.040736183524131775, -0.08564867079257965, -0.043199170380830765, 0.9953885078430176),
            ["RightUpperArm"] = CFrame.new(-1.7881393432617188e-07, -3.5762786865234375e-07, -6.693881005048752e-10, 0.5906209945678711, 0.09951683133840561, 0.8007891178131104, -0.4596426784992218, 0.8571330308914185, 0.2324899286031723, -0.6632461547851562, -0.5053902864456177, 0.5519829988479614),
            ["UpperTorso"] = CFrame.new(1.437729224562645e-08, 2.980232238769531e-07, 7.450580596923828e-09, 0.9973815679550171, 0.06063009798526764, 0.039422657340765, -0.06549599766731262, 0.9884186387062073, 0.13689079880714417, -0.03066639043390751, -0.1391143947839737, 0.9898014068603516),
            ["HumanoidRootPart"] = CFrame.new(0, 0, 0, 1, 0, 0, 0, 1, 0, 0, 0, 1),
            ["RightHand"] = CFrame.new(-5.960464477539063e-08, 0, 5.960464477539063e-08, 0.8215727806091309, -0.4591955840587616, 0.337872177362442, 0.44134077429771423, 0.8874385952949524, 0.13293294608592987, -0.3608831465244293, 0.039902713149785995, 0.9317570328712463),
            ["LeftUpperArm"] = CFrame.new(5.960464477539063e-08, -3.5762786865234375e-07, 0, 0.4433876574039459, 0.22820024192333221, -0.8667941689491272, 0.45555901527404785, 0.7754585146903992, 0.43718451261520386, 0.7719284892082214, -0.588718056678772, 0.23986996710300446),
            ["RightLowerArm"] = CFrame.new(3.5762786865234375e-07, -2.980232238769531e-07, 1.8440186977386475e-07, 1, -1.4901159417490817e-08, 7.4505797087454084e-09, -2.9802322387695312e-08, 0.9995651245117188, -0.029488053172826767, -5.21540641784668e-08, 0.02948804572224617, 0.9995651841163635),
            ["LeftHand"] = CFrame.new(1.7881393432617188e-07, 3.5762786865234375e-07, -1.043081283569336e-07, 0.8812702894210815, 0.3859797418117523, -0.27273112535476685, -0.3832460939884186, 0.9213199615478516, 0.06551317870616913, 0.27655938267707825, 0.04678832367062569, 0.959857165813446),
            ["RightUpperLeg"] = CFrame.new(1.7881393432617188e-07, 6.19795173406601e-07, -4.267349140718579e-08, 0.9819419384002686, 0.11137917637825012, -0.15292096138000488, -0.0893925279378891, 0.9855586290359497, 0.14381615817546844, 0.16673070192337036, -0.1275491863489151, 0.9777178168296814),
            ["LeftUpperLeg"] = CFrame.new(-5.960464477539063e-08, 2.989545464515686e-07, -5.960464477539063e-08, 0.9734702110290527, 0.05208849161863327, -0.22280625998973846, 0.012918250635266304, 0.9596797227859497, 0.2807987928390503, 0.22844888269901276, -0.2762273848056793, 0.933546781539917),
            ["RightLowerLeg"] = CFrame.new(-1.862645149230957e-08, -0.0000037550926208496094, -0.000013257777027320117, 1, -8.940700979565008e-08, -1.9557781172352406e-08, 7.799826562404633e-08, 0.9671251773834229, 0.2543007731437683, 6.984919309616089e-10, -0.2543010115623474, 0.9671252965927124),
            ["RightFoot"] = CFrame.new(7.82310962677002e-08, 1.7881393432617188e-07, -5.790934665128589e-08, 0.9965656399726868, 0.0024682446382939816, -0.08277051895856857, -0.007418070919811726, 0.9981979131698608, -0.059548746794462204, 0.08247435092926025, 0.059958457946777344, 0.9947879910469055),
            ["LeftLowerLeg"] = CFrame.new(3.259629011154175e-09, 0.0000037550926208496094, 0.000013314187526702881, 1, 2.3748720323624184e-08, 5.168840289115906e-08, 6.05359762317903e-09, 0.9999845027923584, 0.005562604870647192, -2.2817406630792902e-08, -0.005562353413552046, 0.9999845623970032),
        }},
        {Time = 0.033, Data = {
            ["LeftFoot"] = CFrame.new(2.7939677238464355e-08, 5.960464477539063e-08, 5.960464477539063e-08, 0.9952525496482849, -0.00047128653386607766, -0.09732509404420853, -0.022522827610373497, 0.9717283844947815, -0.23502503335475922, 0.09468431025743484, 0.23610113561153412, 0.9671045541763306),
            ["LeftLowerArm"] = CFrame.new(0, 4.172325134277344e-07, -3.4330878406763077e-07, 1, -2.2351738238057806e-08, -1.4901161193847656e-08, 7.4505797087454084e-09, 0.9997169971466064, -0.023790612816810608, 2.9802318834981634e-08, 0.02379065379500389, 0.9997170567512512),
            ["LowerTorso"] = CFrame.new(0.0535828061401844, 0.008693456649780273, -0.07413683831691742, 0.9969357848167419, -0.058176420629024506, -0.05229390785098076, 0.05071444436907768, 0.9896607995033264, -0.13416258990764618, 0.05955832451581955, 0.1310994178056717, 0.9895786643028259),
            ["Head"] = CFrame.new(-1.3096723705530167e-10, -2.384185791015625e-07, -2.6775524020195007e-09, 0.9963668584823608, 0.03509055823087692, 0.07760066539049149, -0.03877630829811096, 0.9981648921966553, 0.04651060700416565, -0.07582618296146393, -0.04935068637132645, 0.9958991408348083),
            ["RightUpperArm"] = CFrame.new(0, 3.5762786865234375e-07, -1.6298145055770874e-09, 0.5995016098022461, 0.1054171621799469, 0.7934009432792664, -0.4520404040813446, 0.8626433610916138, 0.22694894671440125, -0.6604978442192078, -0.49470552802085876, 0.5648088455200195),
            ["UpperTorso"] = CFrame.new(3.14321368932724e-09, 2.384185791015625e-07, -2.8405338525772095e-08, 0.997856616973877, 0.04352720454335213, 0.048862382769584656, -0.04938264936208725, 0.9908198118209839, 0.1258469671010971, -0.042936041951179504, -0.12799018621444702, 0.9908456802368164),
            ["HumanoidRootPart"] = CFrame.new(0, 0, 0, 1, 0, 0, 0, 1, 0, 0, 0, 1),
            ["RightHand"] = CFrame.new(-1.4901161193847656e-07, 1.1920928955078125e-07, 4.470348358154297e-08, 0.843252956867218, -0.42433637380599976, 0.3299442529678345, 0.3872412443161011, 0.9052954316139221, 0.17459771037101746, -0.37278512120246887, -0.019461994990706444, 0.9277136325836182),
            ["LeftUpperArm"] = CFrame.new(-1.1920928955078125e-07, 1.1920928955078125e-07, 1.862645149230957e-09, 0.45619291067123413, 0.24292443692684174, -0.8560816645622253, 0.43984097242355347, 0.7747374176979065, 0.45422667264938354, 0.7735812067985535, -0.58375483751297, 0.24658161401748657),
            ["RightLowerArm"] = CFrame.new(3.5762786865234375e-07, -5.960464477539063e-08, 4.926696419715881e-07, 1, 0, -7.450580596923828e-09, 7.450580596923828e-09, 0.9995651245117188, -0.02948804199695587, -3.725290298461914e-08, 0.02948801964521408, 0.9995651245117188),
            ["LeftHand"] = CFrame.new(0, 2.384185791015625e-07, -1.4901161193847656e-07, 0.9036606550216675, 0.30102184414863586, -0.3046033978462219, -0.2899104654788971, 0.9535144567489624, 0.0822320356965065, 0.31519749760627747, 0.013997895643115044, 0.9489229321479797),
            ["RightUpperLeg"] = CFrame.new(1.1920928955078125e-07, -8.89413058757782e-08, -3.5579432733356953e-09, 0.9810100793838501, 0.12205325067043304, -0.1507388949394226, -0.09692889451980591, 0.981678307056427, 0.16405051946640015, 0.1679999977350235, -0.1463242918252945, 0.9748668074607849),
            ["LeftUpperLeg"] = CFrame.new(-5.960464477539063e-08, -2.8219074010849e-07, -4.284083843231201e-08, 0.9954075217247009, 0.0545995831489563, -0.078630231320858, -0.05701252073049545, 0.9979587197303772, -0.028775271028280258, 0.07689858227968216, 0.03312620148062706, 0.9964885115623474),
            ["RightLowerLeg"] = CFrame.new(-2.7939677238464355e-08, -0.0000033974647521972656, -0.000013265926099848002, 1, -5.960465898624534e-08, -2.3283067918100642e-08, 5.343463271856308e-08, 0.9809473752975464, 0.1942737102508545, -8.265487849712372e-09, -0.1942739337682724, 0.9809473752975464),
            ["RightFoot"] = CFrame.new(-1.6763806343078613e-08, 3.5762786865234375e-07, -2.0656443666666746e-08, 0.9940135478973389, -0.037238579243421555, -0.10271522402763367, 0.02551286295056343, 0.9932451248168945, -0.11319553852081299, 0.10623662918806076, 0.10989754647016525, 0.9882491827011108),
            ["LeftLowerLeg"] = CFrame.new(2.9802322387695312e-08, 0.000004410743713378906, 0.000013295561075210571, 1, 1.862645149230957e-08, 6.05359673500061e-09, -3.49246036535078e-08, 0.8120359182357788, 0.58360755443573, -3.143214399869976e-08, -0.58360755443573, 0.812035858631134),
        }},
        {Time = 0.067, Data = {
            ["LeftFoot"] = CFrame.new(-1.862645149230957e-09, -1.1920928955078125e-07, -1.4901161193847656e-08, 0.958781898021698, 0.026573892682790756, -0.2828977108001709, -0.05938728153705597, 0.9923697113990784, -0.10805424302816391, 0.2778676450252533, 0.12040077149868011, 0.9530441761016846),
            ["LeftLowerArm"] = CFrame.new(8.940696716308594e-08, 1.7881393432617188e-07, 1.7182901501655579e-07, 1, 2.9802322387695312e-08, 2.9802318834981634e-08, 4.4703490686970326e-08, 0.9997169971466064, -0.023790594190359116, -2.980232594040899e-08, 0.023790597915649414, 0.9997170567512512),
            ["LowerTorso"] = CFrame.new(0.06493394076824188, -0.007030963897705078, -0.08544331789016724, 0.9972761869430542, -0.04946669191122055, -0.05471125245094299, 0.041722580790519714, 0.9900212287902832, -0.13460011780261993, 0.06082352623343468, 0.13195079565048218, 0.9893884658813477),
            ["Head"] = CFrame.new(-8.073584467638284e-09, -3.5762786865234375e-07, -3.953573468606919e-09, 0.9967577457427979, 0.04723827913403511, 0.0651363879442215, -0.05070750042796135, 0.9973233342170715, 0.052677832543849945, -0.06247361749410629, -0.055809929966926575, 0.9964850544929504),
            ["RightUpperArm"] = CFrame.new(0, 2.384185791015625e-07, -7.450580596923828e-09, 0.6205479502677917, 0.10304822772741318, 0.7773682475090027, -0.4249415695667267, 0.8773443698883057, 0.22291606664657593, -0.6590485572814941, -0.4686662256717682, 0.5882235765457153),
            ["UpperTorso"] = CFrame.new(1.0011717677116394e-08, 8.940696716308594e-08, 2.0023435354232788e-08, 0.9978728294372559, 0.016779689118266106, 0.06299488991498947, -0.02357008308172226, 0.9938008785247803, 0.10864808410406113, -0.06078129634261131, -0.10990175604820251, 0.9920822381973267),
            ["HumanoidRootPart"] = CFrame.new(0, 0, 0, 1, 0, 0, 0, 1, 0, 0, 0, 1),
            ["RightHand"] = CFrame.new(5.960464477539063e-08, 0, -4.470348358154297e-08, 0.8790873289108276, -0.32755693793296814, 0.3462831377983093, 0.27171972393989563, 0.9412481784820557, 0.20054984092712402, -0.3916299045085907, -0.08220884948968887, 0.9164429903030396),
            ["LeftUpperArm"] = CFrame.new(0, 2.384185791015625e-07, 8.149072527885437e-10, 0.49082133173942566, 0.2614826261997223, -0.831096351146698, 0.3939697742462158, 0.7841992378234863, 0.4793948233127594, 0.7770986557006836, -0.5627241134643555, 0.28188541531562805),
            ["RightLowerArm"] = CFrame.new(1.7881393432617188e-07, 1.1920928955078125e-07, 2.4400651454925537e-07, 1, 5.21540641784668e-08, 2.9802322387695312e-08, -2.2351745343485163e-08, 0.9995651245117188, -0.029488004744052887, 2.2351745343485163e-08, 0.02948801964521408, 0.9995651245117188),
            ["LeftHand"] = CFrame.new(-8.940696716308594e-08, -5.960464477539063e-08, 5.960464477539063e-08, 0.9168670177459717, 0.11403091251850128, -0.3825594484806061, -0.07708176970481873, 0.99086993932724, 0.11061299592256546, 0.39167994260787964, -0.07192914187908173, 0.917285680770874),
            ["RightUpperLeg"] = CFrame.new(1.7881393432617188e-07, 1.9371509552001953e-07, -5.757465260103345e-08, 0.9804050326347351, 0.1384313404560089, -0.14015275239944458, -0.10051388293504715, 0.9634131789207458, 0.24845923483371735, 0.16941946744918823, -0.2295035570859909, 0.9584493637084961),
            ["LeftUpperLeg"] = CFrame.new(0, 3.4458935260772705e-08, -7.636845111846924e-08, 0.9710150361061096, 0.21378012001514435, 0.10690151900053024, -0.1845988631248474, 0.9548566937446594, -0.23274879157543182, -0.1518326699733734, 0.20626871287822723, 0.966643750667572),
            ["RightLowerLeg"] = CFrame.new(-3.4458935260772705e-08, -0.0000040531158447265625, -0.000013273376680444926, 1, -1.1175869119028903e-08, -9.313224635931761e-10, -5.5879341154252415e-09, 0.999984085559845, 0.005650816019624472, -2.7939670133036998e-08, -0.005650901701301336, 0.9999840259552002),
            ["RightFoot"] = CFrame.new(-3.725290298461914e-09, 4.76837158203125e-07, -1.3205863069742918e-08, 0.9900119304656982, -0.08112411946058273, -0.11530517041683197, 0.06888281553983688, 0.9919289350509644, -0.10645288228988647, 0.12301038205623627, 0.09744741022586823, 0.9876095056533813),
            ["LeftLowerLeg"] = CFrame.new(-5.587935447692871e-08, 0.000004112720489501953, 0.000013239681720733643, 1, 1.2293459406009788e-07, 0, -3.725290653733282e-08, 0.5202592015266418, 0.8540085554122925, -2.2351745343485163e-08, -0.8540084958076477, 0.5202590227127075),
        }},
        {Time = 0.100, Data = {
            ["LeftFoot"] = CFrame.new(-8.195638656616211e-08, 1.1920928955078125e-07, -1.4901161193847656e-08, 0.9438955783843994, 0.002392154186964035, -0.3302356004714966, -0.06175830587744713, 0.9836112856864929, -0.16939540207386017, 0.32441800832748413, 0.18028630316257477, 0.9285740256309509),
            ["LeftLowerArm"] = CFrame.new(2.9802322387695312e-08, 8.940696716308594e-07, -2.2910535335540771e-07, 1, -1.4901159417490817e-08, 4.470348358154297e-08, -2.9802315282267955e-08, 0.9997169971466064, -0.023790568113327026, 0, 0.023790549486875534, 0.9997169971466064),
            ["LowerTorso"] = CFrame.new(0.07134349644184113, 0.005918979644775391, -0.0891474187374115, 0.9977915287017822, -0.02601490542292595, -0.06111765280365944, 0.017550230026245117, 0.9906684160232544, -0.13516013324260712, 0.06406350433826447, 0.13378901779651642, 0.9889370203018188),
            ["Head"] = CFrame.new(6.0390448197722435e-09, -3.5762786865234375e-07, -9.094947017729282e-10, 0.9966390132904053, 0.053039178252220154, 0.06242934614419937, -0.056196749210357666, 0.9971690773963928, 0.049958065152168274, -0.05960286036133766, -0.053298477083444595, 0.9967983365058899),
            ["RightUpperArm"] = CFrame.new(-1.7881393432617188e-07, 0, -1.862645149230957e-09, 0.641952633857727, 0.07956258952617645, 0.7626051902770996, -0.3750082552433014, 0.9001038074493408, 0.22176994383335114, -0.6687793135643005, -0.42834895849227905, 0.6076605319976807),
            ["UpperTorso"] = CFrame.new(1.280568540096283e-08, 2.384185791015625e-07, 4.0512531995773315e-08, 0.9975081086158752, -0.015259431675076485, 0.06888333708047867, 0.008399002254009247, 0.9950711727142334, 0.0988069698214531, -0.07005156576633453, -0.09798219799995422, 0.9927196502685547),
            ["HumanoidRootPart"] = CFrame.new(0, 0, 0, 1, 0, 0, 0, 1, 0, 0, 0, 1),
            ["RightHand"] = CFrame.new(-2.9802322387695312e-08, 2.980232238769531e-07, 4.470348358154297e-08, 0.9020878672599792, -0.11354672908782959, 0.416346937417984, 0.05919710546731949, 0.9882034063339233, 0.14124339818954468, -0.4274732172489166, -0.1027674451470375, 0.8981679081916809),
            ["LeftUpperArm"] = CFrame.new(0, -1.1920928955078125e-07, 4.190951585769653e-09, 0.5424792170524597, 0.26451343297958374, -0.7973386645317078, 0.3231082856655121, 0.8104243874549866, 0.48868539929389954, 0.7754466533660889, -0.522728443145752, 0.3541719615459442),
            ["RightLowerArm"] = CFrame.new(1.1920928955078125e-07, 2.980232238769531e-07, 2.9616057872772217e-07, 1, -1.1175872671742582e-08, -3.725290653733282e-08, 1.1175870895385742e-08, 0.9995651841163635, -0.02948804199695587, -7.450580596923828e-09, 0.029488027095794678, 0.9995651841163635),
            ["LeftHand"] = CFrame.new(1.341104507446289e-07, 2.980232238769531e-07, 2.5331974029541016e-07, 0.8809441328048706, -0.06393246352672577, -0.4688817262649536, 0.13731323182582855, 0.9827368259429932, 0.12398992478847504, 0.45286035537719727, -0.1736118644475937, 0.8745149970054626),
            ["RightUpperLeg"] = CFrame.new(5.960464477539063e-08, 2.323649823665619e-07, 3.9282895158976316e-08, 0.9831066727638245, 0.11714877933263779, -0.14063231647014618, -0.08004938066005707, 0.9661552309989929, 0.24522656202316284, 0.16460061073303223, -0.22982652485370636, 0.9592114090919495),
            ["LeftUpperLeg"] = CFrame.new(-5.960464477539063e-08, 4.6566128730773926e-08, -5.587935447692871e-09, 0.9306402802467346, 0.3363635540008545, 0.1441115438938141, -0.2885444462299347, 0.9167252779006958, -0.27632734179496765, -0.2250572144985199, 0.21557901799678802, 0.9501974582672119),
            ["RightLowerLeg"] = CFrame.new(-3.632158041000366e-08, -0.0000036954879760742188, -0.000013278964615892619, 1, -5.587936335871291e-09, -1.7695127141337252e-08, 0, 0.999984085559845, 0.005651106592267752, -1.3969835066518499e-08, -0.005651202518492937, 0.999984085559845),
            ["RightFoot"] = CFrame.new(-4.284083843231201e-08, 4.172325134277344e-07, -5.75528247281909e-09, 0.989949107170105, -0.08310207724571228, -0.11443235725164413, 0.07138924300670624, 0.9921258687973022, -0.10290760546922684, 0.12208312004804611, 0.09370436519384384, 0.9880867600440979),
            ["LeftLowerLeg"] = CFrame.new(-5.21540641784668e-08, 0.000003933906555175781, 0.000013269484043121338, 1, 8.160714770610866e-08, 5.215404996761208e-08, -7.4505820180093e-08, 0.2910303771495819, 0.9567139744758606, 0, -0.956713855266571, 0.29103007912635803),
        }},
        {Time = 0.133, Data = {
            ["LeftFoot"] = CFrame.new(-1.2665987014770508e-07, 1.7881393432617188e-07, 1.4901161193847656e-08, 0.9295700788497925, -0.03739001229405403, -0.36674463748931885, -0.050419822335243225, 0.9725993871688843, -0.22695456445217133, 0.36518141627311707, 0.2294614315032959, 0.9022139310836792),
            ["LeftLowerArm"] = CFrame.new(-2.086162567138672e-07, 1.1920928955078125e-07, 1.4901161193847656e-08, 1, 2.2351741790771484e-08, -7.450580596923828e-09, 0, 0.9997169971466064, -0.023790553212165833, 3.725289943190546e-08, 0.023790597915649414, 0.9997169971466064),
            ["LowerTorso"] = CFrame.new(0.07531841099262238, 0.034778594970703125, -0.08968402445316315, 0.9967795014381409, 0.009018028154969215, -0.0796835720539093, -0.01966424472630024, 0.9908063411712646, -0.13385191559791565, 0.07774389535188675, 0.13498777151107788, 0.9877926111221313),
            ["Head"] = CFrame.new(9.89530235528946e-09, -8.344650268554688e-07, -9.167706593871117e-10, 0.9958509802818298, 0.05625196918845177, 0.071530282497406, -0.059026703238487244, 0.9975598454475403, 0.03728623688220978, -0.06925831735134125, -0.0413537323474884, 0.9967413544654846),
            ["RightUpperArm"] = CFrame.new(-1.1920928955078125e-07, -1.1920928955078125e-07, -9.313225746154785e-10, 0.6503288149833679, 0.04837479069828987, 0.7581110596656799, -0.32002177834510803, 0.9225390553474426, 0.21565674245357513, -0.6889547109603882, -0.38285982608795166, 0.6154347658157349),
            ["UpperTorso"] = CFrame.new(2.2351741790771484e-08, 2.384185791015625e-07, 6.51925802230835e-09, 0.9959334135055542, -0.05632183328270912, 0.07031778246164322, 0.04958236590027809, 0.9943214654922485, 0.09416215121746063, -0.07522185891866684, -0.09029271453619003, 0.9930704236030579),
            ["HumanoidRootPart"] = CFrame.new(0, 0, 0, 1, 0, 0, 0, 1, 0, 0, 0, 1),
            ["RightHand"] = CFrame.new(-1.4901161193847656e-07, 5.960464477539063e-08, -1.043081283569336e-07, 0.9015477299690247, 0.054797932505607605, 0.4291958808898926, -0.09846185892820358, 0.9919053316116333, 0.080181784927845, -0.4213278591632843, -0.11454707384109497, 0.8996453881263733),
            ["LeftUpperArm"] = CFrame.new(0, -3.5762786865234375e-07, 1.6763806343078613e-08, 0.6089064478874207, 0.2564263939857483, -0.750652015209198, 0.2332581877708435, 0.8465893864631653, 0.47841110825538635, 0.7581712603569031, -0.4664033055305481, 0.45568013191223145),
            ["RightLowerArm"] = CFrame.new(1.1920928955078125e-07, 6.556510925292969e-07, 4.3585896492004395e-07, 1, -3.3527616238870905e-08, 2.607702853651972e-08, -3.818422200652094e-08, 0.9995652437210083, -0.029487978667020798, -2.9802318834981634e-08, 0.02948799915611744, 0.9995651245117188),
            ["LeftHand"] = CFrame.new(1.043081283569336e-07, -1.1920928955078125e-07, 2.9802322387695312e-08, 0.8489915132522583, -0.13889089226722717, -0.5098262429237366, 0.2323034554719925, 0.9647024869918823, 0.12403309345245361, 0.474603533744812, -0.22373750805854797, 0.8512890338897705),
            ["RightUpperLeg"] = CFrame.new(1.1920928955078125e-07, 4.223547875881195e-07, -4.267349140718579e-08, 0.9872258305549622, 0.07967381924390793, -0.13797518610954285, -0.045875634998083115, 0.9714599847793579, 0.23272491991519928, 0.15257951617240906, -0.22342246770858765, 0.9627055525779724),
            ["LeftUpperLeg"] = CFrame.new(-5.960464477539063e-08, 1.9418075680732727e-07, -4.470348358154297e-08, 0.8930808305740356, 0.4248462915420532, 0.1480286419391632, -0.38437914848327637, 0.8915218114852905, -0.23966963589191437, -0.23379340767860413, 0.15714529156684875, 0.9595029354095459),
            ["RightLowerLeg"] = CFrame.new(-2.0489096641540527e-08, -0.000003874301910400391, -0.000013247299648355693, 1, -5.587936779960501e-09, 2.6077040971017595e-08, -5.587934559514451e-09, 0.999984085559845, 0.005651023238897324, -9.313224857976365e-09, -0.0056511047296226025, 0.999984085559845),
            ["RightFoot"] = CFrame.new(-7.450580596923828e-09, 2.980232238769531e-07, -2.0656443666666746e-08, 0.9908392429351807, -0.07858800143003464, -0.109825998544693, 0.07066170871257782, 0.9947298765182495, -0.07429353892803192, 0.1150856465101242, 0.06585272401571274, 0.9911704063415527),
            ["LeftLowerLeg"] = CFrame.new(1.4901161193847656e-07, 0.000003814697265625, 0.000013306736946105957, 1, 2.579763247467781e-07, 2.7567151050789107e-07, -2.682209014892578e-07, 0.12343187630176544, 0.992353081703186, 2.682209014892578e-07, -0.992353081703186, 0.12343195825815201),
        }},
        {Time = 0.167, Data = {
            ["LeftFoot"] = CFrame.new(-1.1175870895385742e-07, 5.960464477539063e-08, 7.450580596923828e-08, 0.9290197491645813, 0.025705423206090927, -0.3691365122795105, -0.10833680629730225, 0.9727654457092285, -0.20491603016853333, 0.3538157641887665, 0.230362206697464, 0.9065030217170715),
            ["LeftLowerArm"] = CFrame.new(-1.1920928955078125e-07, 5.364418029785156e-07, -1.1920928955078125e-07, 1, 7.4505797087454084e-09, -4.470347647611561e-08, -2.2351738238057806e-08, 0.9997169971466064, -0.023790623992681503, 7.4505797087454084e-09, 0.02379060909152031, 0.9997169971466064),
            ["LowerTorso"] = CFrame.new(0.07612381130456924, 0.06363797187805176, -0.08404309302568436, 0.9917155504226685, 0.04916255921125412, -0.11867348104715347, -0.06433644890785217, 0.9897337555885315, -0.1276242434978485, 0.11118080466985703, 0.13420195877552032, 0.9846973419189453),
            ["Head"] = CFrame.new(-2.3283064365386963e-10, -3.5762786865234375e-07, 1.3969838619232178e-08, 0.9937283396720886, 0.0561307854950428, 0.09671331197023392, -0.05710098519921303, 0.9983418583869934, 0.007291175425052643, -0.0961436852812767, -0.012767868116497993, 0.9952855706214905),
            ["RightUpperArm"] = CFrame.new(-5.960464477539063e-08, 2.384185791015625e-07, -3.725290298461914e-09, 0.6409911513328552, 0.007476323284208775, 0.7675119638442993, -0.25000420212745667, 0.9474558234214783, 0.19956304132938385, -0.725691556930542, -0.3197993040084839, 0.6091798543930054),
            ["UpperTorso"] = CFrame.new(-6.984919309616089e-09, 3.5762786865234375e-07, 1.3969838619232178e-08, 0.9927321672439575, -0.09959515184164047, 0.06755568087100983, 0.0928284078836441, 0.9909627437591553, 0.09682873636484146, -0.07658884674310684, -0.08985390514135361, 0.9930057525634766),
            ["HumanoidRootPart"] = CFrame.new(0, 0, 0, 1, 0, 0, 0, 1, 0, 0, 0, 1),
            ["RightHand"] = CFrame.new(6.705522537231445e-08, 3.5762786865234375e-07, 1.564621925354004e-07, 0.9565524458885193, -0.043342091143131256, 0.2883208096027374, 0.055350787937641144, 0.9979006052017212, -0.03362506255507469, -0.28625810146331787, 0.04812292009592056, 0.9569432735443115),
            ["LeftUpperArm"] = CFrame.new(-1.1920928955078125e-07, 0, 2.2351741790771484e-08, 0.6887022256851196, 0.23602284491062164, -0.685552716255188, 0.13261887431144714, 0.8885730504989624, 0.43914705514907837, 0.7128123641014099, -0.39335885643959045, 0.5806611180305481),
            ["RightLowerArm"] = CFrame.new(2.980232238769531e-07, 2.384185791015625e-07, 8.568167686462402e-08, 1, 4.6566123179658803e-10, 3.7252894102834944e-09, -2.0489094865183688e-08, 0.9995651841163635, -0.029487967491149902, -7.823108916227284e-08, 0.029487935826182365, 0.9995651841163635),
            ["LeftHand"] = CFrame.new(1.4901161193847656e-08, -2.384185791015625e-07, -5.21540641784668e-08, 0.8694243431091309, -0.10680794715881348, -0.4823830723762512, 0.16893090307712555, 0.9817726612091064, 0.08709175139665604, 0.4642884433269501, -0.15720902383327484, 0.8716201186180115),
            ["RightUpperLeg"] = CFrame.new(-2.9802322387695312e-08, 8.700881153345108e-07, 1.3205863069742918e-08, 0.9902930855751038, 0.013844014145433903, -0.1383037567138672, -0.003151689423248172, 0.9970081448554993, 0.07723307609558105, 0.1389591246843338, -0.07604764401912689, 0.9873738288879395),
            ["LeftUpperLeg"] = CFrame.new(-5.960464477539063e-08, 3.0919909477233887e-07, -7.450580596923828e-09, 0.905219316482544, 0.41230717301368713, 0.10286276042461395, -0.3918114900588989, 0.9035243391990662, -0.1735730767250061, -0.16450431942939758, 0.11681900173425674, 0.9794344305992126),
            ["RightLowerLeg"] = CFrame.new(2.2351741790771484e-08, -0.0000037550926208496094, -0.0000133199428091757, 1, -5.5879375793210784e-08, -3.166496753692627e-08, 6.798656215778465e-08, 0.9683180451393127, 0.24972042441368103, -7.450582373280668e-09, -0.24972057342529297, 0.9683180451393127),
            ["RightFoot"] = CFrame.new(-2.2351741790771484e-08, 4.76837158203125e-07, 3.149762051180005e-08, 0.9933823943138123, -0.06320313364267349, -0.09590056538581848, 0.052473776042461395, 0.9924846291542053, -0.1105479896068573, 0.1021667867898941, 0.10478416085243225, 0.9892331957817078),
            ["LeftLowerLeg"] = CFrame.new(1.4901161193847656e-08, 0.000004172325134277344, 0.00001317635178565979, 1, 3.8370490074157715e-07, 5.327166263668914e-07, -3.352761552832817e-07, 0.029258832335472107, 0.9995719194412231, 6.165356012388656e-07, -0.9995719194412231, 0.02925877273082733),
        }},
        {Time = 0.200, Data = {
            ["LeftFoot"] = CFrame.new(-1.5832483768463135e-07, -5.960464477539063e-08, 2.9802322387695312e-08, 0.9434581398963928, 0.09659498929977417, -0.317105770111084, -0.175643652677536, 0.9569498896598816, -0.2310767024755478, 0.2811335325241089, 0.27370867133140564, 0.9198083877563477),
            ["LeftLowerArm"] = CFrame.new(2.980232238769531e-07, 6.556510925292969e-07, -2.8312206268310547e-07, 1, -3.352760913344355e-08, 6.332992086299782e-08, 7.4505797087454084e-09, 0.9997170567512512, -0.023790622130036354, -1.303851426825986e-08, 0.023790623992681503, 0.9997169971466064),
            ["LowerTorso"] = CFrame.new(0.0756039172410965, 0.07677316665649414, -0.07491723448038101, 0.9831399321556091, 0.08011136949062347, -0.16437211632728577, -0.10060978680849075, 0.987610936164856, -0.12042564898729324, 0.15268822014331818, 0.13493269681930542, 0.9790196418762207),
            ["Head"] = CFrame.new(8.731149137020111e-09, 2.384185791015625e-07, 7.450580596923828e-09, 0.9901707172393799, 0.056257594376802444, 0.12805117666721344, -0.05392785370349884, 0.9983114004135132, -0.021591534838080406, -0.12904967367649078, 0.014473783783614635, 0.9915325045585632),
            ["RightUpperArm"] = CFrame.new(-5.960464477539063e-08, 3.5762786865234375e-07, 7.450580596923828e-09, 0.6217579245567322, -0.025641143321990967, 0.7827895879745483, -0.1762331873178482, 0.9692529439926147, 0.17172832787036896, -0.7631245255470276, -0.24472695589065552, 0.5981219410896301),
            ["UpperTorso"] = CFrame.new(-3.725290298461914e-09, 4.470348358154297e-07, -4.284083843231201e-08, 0.9889249801635742, -0.13345400989055634, 0.06494130194187164, 0.12666958570480347, 0.9869638681411743, 0.09928308427333832, -0.07734444737434387, -0.08995743840932846, 0.9929378628730774),
            ["HumanoidRootPart"] = CFrame.new(0, 0, 0, 1, 0, 0, 0, 1, 0, 0, 0, 1),
            ["RightHand"] = CFrame.new(-1.1175870895385742e-08, 2.980232238769531e-07, 1.4901161193847656e-08, 0.9628193974494934, -0.17074798047542572, 0.2093421369791031, 0.20465044677257538, 0.9668623208999634, -0.15262842178344727, -0.17634397745132446, 0.18979550898075104, 0.9658574461936951),
            ["LeftUpperArm"] = CFrame.new(0, 3.5762786865234375e-07, 1.4901161193847656e-08, 0.7633984088897705, 0.21721868216991425, -0.6083082556724548, 0.039246875792741776, 0.9244201183319092, 0.3793509900569916, 0.6447345614433289, -0.31347018480300903, 0.6971756815910339),
            ["RightLowerArm"] = CFrame.new(1.1920928955078125e-07, 2.980232238769531e-07, 1.8998980522155762e-07, 1, 2.2351741790771484e-08, -6.705523247774181e-08, -1.862645371275562e-09, 0.9995651245117188, -0.029488004744052887, 1.6763808119435453e-08, 0.029488012194633484, 0.9995652437210083),
            ["LeftHand"] = CFrame.new(1.2665987014770508e-07, 0, 6.146728992462158e-08, 0.9003646373748779, -0.02283349074423313, -0.43453681468963623, 0.025029078125953674, 0.9996864795684814, -0.0006698518991470337, 0.4344158470630646, -0.010272919200360775, 0.9006538987159729),
            ["RightUpperLeg"] = CFrame.new(1.1920928955078125e-07, 6.220070645213127e-07, -1.1601514415815473e-07, 0.9903139472007751, -0.04273005202412605, -0.1321078985929489, 0.03160102292895317, 0.9958609342575073, -0.08521980047225952, 0.1352025270462036, 0.08021944016218185, 0.9875652194023132),
            ["LeftUpperLeg"] = CFrame.new(-1.1920928955078125e-07, 3.520399332046509e-07, -5.960464477539063e-08, 0.9384446144104004, 0.3436853587627411, 0.034672606736421585, -0.3399513363838196, 0.9367024302482605, -0.08379573374986649, -0.06127731129527092, 0.0668506920337677, 0.995879590511322),
            ["RightLowerLeg"] = CFrame.new(7.450580596923828e-09, -0.000003814697265625, -0.000013334843970369548, 1, -1.1175866632129328e-07, 2.2351738238057806e-08, 1.1362131147052423e-07, 0.8770568370819092, 0.48038625717163086, -4.2840824221457297e-08, -0.48038673400878906, 0.8770570755004883),
            ["RightFoot"] = CFrame.new(-2.2351741790771484e-08, 4.172325134277344e-07, 3.149762051180005e-08, 0.9959027767181396, -0.04877055808901787, -0.07615168392658234, 0.03842201456427574, 0.9905195832252502, -0.13188901543617249, 0.08186199516057968, 0.12842321395874023, 0.988335132598877),
            ["LeftLowerLeg"] = CFrame.new(-5.4016709327697754e-08, 0.000004112720489501953, 0.0000133514404296875, 1, 1.378357268322361e-07, 1.6763806343078613e-07, -1.3131646880992776e-07, -0.025210004299879074, 0.9996822476387024, 1.4901159417490817e-08, -0.9996822476387024, -0.025210265070199966),
        }},
        {Time = 0.233, Data = {
            ["LeftFoot"] = CFrame.new(-6.705522537231445e-08, 0, 1.043081283569336e-07, 0.9512411952018738, 0.13329723477363586, -0.2781587541103363, -0.2120824158191681, 0.9374573230743408, -0.2760341167449951, 0.22396741807460785, 0.3215674161911011, 0.9200178384780884),
            ["LeftLowerArm"] = CFrame.new(-5.960464477539063e-08, -2.980232238769531e-07, -1.4901161193847656e-08, 1, -7.450580596923828e-09, -3.399327042075129e-08, -9.313225746154785e-09, 0.9997170567512512, -0.023790594190359116, 2.2351741790771484e-08, 0.023790590465068817, 0.9997170567512512),
            ["LowerTorso"] = CFrame.new(0.07629439979791641, 0.06363797187805176, -0.06724831461906433, 0.9769601821899414, 0.08764593303203583, -0.1945946365594864, -0.11184673756361008, 0.9868059754371643, -0.11706525087356567, 0.18176686763763428, 0.1361328661441803, 0.9738730192184448),
            ["Head"] = CFrame.new(1.885928213596344e-08, -1.1920928955078125e-07, -2.6542693376541138e-08, 0.9852057099342346, 0.059914398938417435, 0.16056177020072937, -0.055089619010686874, 0.9978907704353333, -0.034338321536779404, -0.16228048503398895, 0.02498503215610981, 0.9864283204078674),
            ["RightUpperArm"] = CFrame.new(-1.7881393432617188e-07, -1.1920928955078125e-07, 0, 0.598751425743103, -0.032755155116319656, 0.800264835357666, -0.11915582418441772, 0.9844015836715698, 0.12944330275058746, -0.7920219302177429, -0.17286060750484467, 0.5855087637901306),
            ["UpperTorso"] = CFrame.new(7.450580596923828e-09, -2.384185791015625e-07, -1.30385160446167e-08, 0.9878605008125305, -0.14592020213603973, 0.05328335985541344, 0.14033201336860657, 0.9853643774986267, 0.09676795452833176, -0.06662391871213913, -0.08811584860086441, 0.9938797950744629),
            ["HumanoidRootPart"] = CFrame.new(0, 0, 0, 1, 0, 0, 0, 1, 0, 0, 0, 1),
            ["RightHand"] = CFrame.new(-4.0978193283081055e-08, 5.960464477539063e-08, 1.1129304766654968e-07, 0.9653051495552063, -0.1639895886182785, 0.20320791006088257, 0.18783818185329437, 0.9766656160354614, -0.10412076860666275, -0.18139143288135529, 0.13867850601673126, 0.9735838770866394),
            ["LeftUpperArm"] = CFrame.new(-1.1920928955078125e-07, 1.1920928955078125e-07, 0, 0.8214465975761414, 0.20781046152114868, -0.5310748815536499, -0.03640369698405266, 0.9484521150588989, 0.3148230016231537, 0.5691225528717041, -0.23927713930606842, 0.7866677045822144),
            ["RightLowerArm"] = CFrame.new(1.7881393432617188e-07, 1.1920928955078125e-07, 1.6391277313232422e-07, 1, -3.7252898543727042e-09, 0, -3.725290298461914e-09, 0.9995651841163635, -0.029488015919923782, -4.470348358154297e-08, 0.029488014057278633, 0.9995651245117188),
            ["LeftHand"] = CFrame.new(1.4901161193847656e-08, 1.7881393432617188e-07, -8.940696716308594e-08, 0.9106084108352661, 0.07477621734142303, -0.40644919872283936, -0.12228725850582123, 0.9882059097290039, -0.09216784685850143, 0.39476341009140015, 0.1336323767900467, 0.9090128540992737),
            ["RightUpperLeg"] = CFrame.new(-2.9802322387695312e-08, -4.537869244813919e-07, -7.283233571797609e-09, 0.9881134033203125, -0.07266312837600708, -0.13546934723854065, 0.050707023590803146, 0.9859755635261536, -0.15900017321109772, 0.14512300491333008, 0.1502409130334854, 0.9779402017593384),
            ["LeftUpperLeg"] = CFrame.new(0, -6.239861249923706e-07, -6.705522537231445e-08, 0.9540812969207764, 0.2980510890483856, -0.029909104108810425, -0.2986115515232086, 0.9542346000671387, -0.016353018581867218, 0.023666441440582275, 0.024533318355679512, 0.9994189143180847),
            ["RightLowerLeg"] = CFrame.new(-7.450580596923828e-09, -0.0000036954879760742188, -0.000013364646292757243, 1, -1.6391278734317893e-07, -5.2154071283894154e-08, 1.4249238233787764e-07, 0.7787203192710876, 0.6273707747459412, -9.313227877782992e-08, -0.6273713111877441, 0.7787206768989563),
            ["RightFoot"] = CFrame.new(-1.6763806343078613e-08, 4.76837158203125e-07, 9.145878721028566e-09, 0.9975048899650574, -0.029036791995167732, -0.06434980779886246, 0.01765604130923748, 0.9851407408714294, -0.17083923518657684, 0.06835415214300156, 0.16927705705165863, 0.9831953644752502),
            ["LeftLowerLeg"] = CFrame.new(-8.195638656616211e-08, 0.000004231929779052734, 0.000013142824172973633, 1, -1.9930305938942183e-07, -2.179294256166031e-07, 5.587936158235607e-08, -0.06928321719169617, 0.9975970387458801, -1.2293459406009788e-07, -0.9975970387458801, -0.06928322464227676),
        }},
        {Time = 0.267, Data = {
            ["LeftFoot"] = CFrame.new(2.9802322387695312e-08, -5.960464477539063e-08, -1.5273690223693848e-07, 0.9569460153579712, 0.13707274198532104, -0.25586217641830444, -0.22056235373020172, 0.9164139032363892, -0.3339724838733673, 0.18869733810424805, 0.376027375459671, 0.9071918725967407),
            ["LeftLowerArm"] = CFrame.new(-5.960464477539063e-08, 5.364418029785156e-07, -2.9802322387695312e-08, 1, -7.4505797087454084e-09, -1.862645149230957e-09, 7.450578820566989e-09, 0.9997170567512512, -0.02379058301448822, -1.3969835066518499e-08, 0.02379058673977852, 0.9997170567512512),
            ["LowerTorso"] = CFrame.new(0.07642337679862976, 0.034778594970703125, -0.059611380100250244, 0.9746447205543518, 0.08726924657821655, -0.20603853464126587, -0.11328394711017609, 0.9865274429321289, -0.11802688241004944, 0.19296257197856903, 0.13837511837482452, 0.9713999032974243),
            ["Head"] = CFrame.new(8.381903171539307e-09, -1.1920928955078125e-07, 1.1175870895385742e-08, 0.9797635078430176, 0.06429990381002426, 0.1895495355129242, -0.05890052020549774, 0.9976851344108582, -0.0339883454144001, -0.19129619002342224, 0.02213597483932972, 0.9812827706336975),
            ["RightUpperArm"] = CFrame.new(-1.7881393432617188e-07, 2.384185791015625e-07, 0, 0.5791670083999634, -0.02452055737376213, 0.8148400783538818, -0.07658503949642181, 0.9934903979301453, 0.08433122932910919, -0.8116035461425781, -0.11124642938375473, 0.5735188722610474),
            ["UpperTorso"] = CFrame.new(3.7602148950099945e-08, 1.7881393432617188e-07, -2.7474015951156616e-08, 0.9881517887115479, -0.1502206027507782, 0.031464267522096634, 0.14687074720859528, 0.9850268959999084, 0.09028420597314835, -0.04455569386482239, -0.08459331840276718, 0.995418906211853),
            ["HumanoidRootPart"] = CFrame.new(0, 0, 0, 1, 0, 0, 0, 1, 0, 0, 0, 1),
            ["RightHand"] = CFrame.new(5.21540641784668e-08, 2.980232238769531e-07, 1.6763806343078613e-08, 0.9696496725082397, -0.15012899041175842, 0.1929791420698166, 0.14997483789920807, 0.9885684847831726, 0.015492580831050873, -0.19309894740581512, 0.013919629156589508, 0.9810806512832642),
            ["LeftUpperArm"] = CFrame.new(5.960464477539063e-08, 1.1920928955078125e-07, 2.2351741790771484e-08, 0.8605130910873413, 0.20330435037612915, -0.46710237860679626, -0.08800014108419418, 0.9624533653259277, 0.2567868232727051, 0.5017700791358948, -0.17986330389976501, 0.84609454870224),
            ["RightLowerArm"] = CFrame.new(0, 5.960464477539063e-08, 5.364418029785156e-07, 1, 3.725290298461914e-09, -4.330649971961975e-08, 5.587935447692871e-09, 0.9995651245117188, -0.029488008469343185, -6.752088665962219e-09, 0.029488014057278633, 0.9995651245117188),
            ["LeftHand"] = CFrame.new(0, 2.980232238769531e-07, -1.6391277313232422e-07, 0.9080098867416382, 0.12181356549263, -0.40084853768348694, -0.18930742144584656, 0.97284334897995, -0.13318613171577454, 0.3737389147281647, 0.19681793451309204, 0.9064115881919861),
            ["RightUpperLeg"] = CFrame.new(5.960464477539063e-08, 5.890615284442902e-07, -5.757465260103345e-08, 0.9847093820571899, -0.08549541234970093, -0.15178261697292328, 0.05978327617049217, 0.9842214584350586, -0.16653572022914886, 0.1636258363723755, 0.15491516888141632, 0.9742832779884338),
