return {
    ["Leapin'"] = {
        [1] = {Time = 0.000, Data = {
            ["RightFoot"] = CFrame.new(3.166496753692627e-08, 2.980232238769531e-07, 4.639878170564771e-08, 0.9959230422973633, -0.012050784192979336, 0.08939890563488007, 0.04096415638923645, 0.9433764815330505, -0.3291848301887512, -0.080369733273983, 0.3315049409866333, 0.9400241374969482),
            ["LeftLowerArm"] = CFrame.new(-3.8743019104003906e-07, 0, -2.2351741790771484e-08, 1, -9.313226634333205e-09, -3.841705620288849e-09, -1.862645593320167e-09, 0.9988721013069153, -0.04748185724020004, 3.2596298993325945e-09, 0.047481853514909744, 0.9988721013069153),
            ["RightUpperArm"] = CFrame.new(0, 9.5367431640625e-07, -1.1175870895385742e-07, 0.9923387169837952, -0.0864550769329071, 0.08825737237930298, 0.10473737120628357, 0.9675832986831665, -0.22981047630310059, -0.06552806496620178, 0.23729367554187775, 0.9692254066467285),
            ["Head"] = CFrame.new(2.514570951461792e-08, 3.5762786865234375e-07, -7.05476850271225e-08, 0.991287350654602, 0.07963497936725616, -0.10491808503866196, -0.11578213423490524, 0.906594455242157, -0.4058090150356293, 0.06280156224966049, 0.4144209623336792, 0.9079158902168274),
            ["RightHand"] = CFrame.new(-2.3283064365386963e-08, 2.980232238769531e-07, 3.725290298461914e-09, 0.8929397463798523, -0.40929803252220154, 0.18744005262851715, 0.4396474361419678, 0.882392406463623, -0.16761191189289093, -0.09679247438907623, 0.23207487165927887, 0.9678700566291809),
            ["UpperTorso"] = CFrame.new(-4.6566128730773926e-09, -2.384185791015625e-07, 5.6228600442409515e-08, 0.9994649291038513, -0.022810667753219604, 0.02344372309744358, 0.014310434460639954, 0.9494175314903259, 0.3136903643608093, -0.029413364827632904, -0.31318700313568115, 0.9492359757423401),
            ["HumanoidRootPart"] = CFrame.new(0, 0, 0, 1, 0, 0, 0, 1, 0, 0, 0, 1),
            ["RightUpperLeg"] = CFrame.new(1.1920928955078125e-07, -5.224719643592834e-07, 7.653579814359546e-08, 0.9217237830162048, 0.09314059466123581, 0.37649720907211304, 0.035463668406009674, 0.9464301466941833, -0.3209553360939026, -0.38622236251831055, 0.3091842234134674, 0.8690440058708191),
            ["LeftUpperArm"] = CFrame.new(0, 7.152557373046875e-07, -7.450580596923828e-08, 0.8754718899726868, 0.060921087861061096, 0.4794139266014099, 0.026475828140974045, 0.9844865798950195, -0.17345105111598969, -0.48254337906837463, 0.16454435884952545, 0.8602772951126099),
            ["RightLowerArm"] = CFrame.new(-8.940696716308594e-08, 4.76837158203125e-07, 1.2558302842080593e-08, 1, 3.9581213862049935e-09, -8.149073638108462e-10, 2.21916729437055e-09, 0.9998391270637512, -0.017940666526556015, 1.166427066046083e-09, 0.017940666526556015, 0.9998391270637512),
            ["LeftHand"] = CFrame.new(1.1175870895385742e-07, 0, -5.587935447692871e-08, 0.6889888644218445, 0.21738669276237488, -0.6914026141166687, -0.245590940117836, 0.9675472378730774, 0.05947691947221756, 0.681894063949585, 0.12882331013679504, 0.7200173735618591),
            ["LeftFoot"] = CFrame.new(7.450580596923828e-08, -5.960464477539063e-08, -1.5832483768463135e-08, 0.9594103693962097, -0.03960290923714638, -0.27921968698501587, -0.06661263853311539, 0.9302517175674438, -0.3608251214027405, 0.27403396368026733, 0.3647787570953369, 0.8898547887802124),
            ["LowerTorso"] = CFrame.new(0.014993259683251381, -0.1007988452911377, -0.1603544056415558, 0.9960195422172546, 0.0056678191758692265, -0.08895498514175415, -0.013366288505494595, 0.9961892366409302, -0.08618813008069992, 0.088127501308918, 0.08703406155109406, 0.9922996759414673),
            ["RightLowerLeg"] = CFrame.new(-5.960464477539063e-08, -0.00012242794036865234, -0.0000775141452322714, 1, -8.568168397005138e-08, -2.7939677238464355e-08, 1.266598985694145e-07, 0.6951026916503906, 0.7189099192619324, 4.842878453814592e-08, -0.7189104557037354, 0.6951032876968384),
            ["LeftUpperLeg"] = CFrame.new(-5.960464477539063e-08, -3.1455419957637787e-07, 8.195638656616211e-08, 0.9813134670257568, 0.012237842194736004, -0.1920267641544342, -0.04852088540792465, 0.9814628958702087, -0.1854081153869629, 0.1861981898546219, 0.19126084446907043, 0.9637165069580078),
            ["LeftLowerLeg"] = CFrame.new(2.2351741790771484e-08, 0.0001227259635925293, 0.00007738173007965088, 1, 8.195639367158947e-08, 1.862644971595273e-08, -5.715993012245235e-08, 0.7126191258430481, 0.7015510201454163, 4.284084198502569e-08, -0.7015511989593506, 0.7126193642616272)
        }},
        [2] = {Time = 0.033, Data = {
            ["RightFoot"] = CFrame.new(-8.754432201385498e-08, 2.384185791015625e-07, -2.0656443666666746e-08, 0.9951678514480591, -0.017277542501688004, 0.09665671736001968, 0.05489840358495712, 0.9140639305114746, -0.4018372595310211, -0.0814075767993927, 0.40520206093788147, 0.9105956554412842),
            ["LeftLowerArm"] = CFrame.new(-2.384185791015625e-07, 2.384185791015625e-07, -3.166496753692627e-08, 1, -1.816079198135867e-08, -1.7695128917694092e-08, 7.450583261459087e-09, 0.9987429976463318, -0.050123535096645355, -5.064068275828504e-09, 0.05012353137135506, 0.9987430572509766),
            ["RightUpperArm"] = CFrame.new(-5.960464477539063e-08, 3.5762786865234375e-07, 7.450580596923828e-09, 0.9925393462181091, -0.09808488935232162, 0.07242245227098465, 0.11281149089336395, 0.9641157388687134, -0.24032160639762878, -0.046251703053712845, 0.24669873714447021, 0.9679878950119019),
            ["Head"] = CFrame.new(3.725290298461914e-08, 3.5762786865234375e-07, 8.300412446260452e-08, 0.9902690052986145, 0.07359583675861359, -0.1181144118309021, -0.1173660159111023, 0.8977274298667908, -0.42463013529777527, 0.07478350400924683, 0.4343606233596802, 0.8976293206214905),
            ["RightHand"] = CFrame.new(2.551823854446411e-07, 1.1920928955078125e-07, 2.2351741790771484e-08, 0.9270992875099182, -0.33089861273765564, 0.1760484129190445, 0.35927289724349976, 0.9183860421180725, -0.1658012419939041, -0.10681698471307755, 0.21696363389492035, 0.9703180193901062),
            ["UpperTorso"] = CFrame.new(3.259629011154175e-09, -2.980232238769531e-07, 5.541369318962097e-08, 0.9994582533836365, -0.024273952469229698, 0.022229056805372238, 0.01610413007438183, 0.949640154838562, 0.31292879581451416, -0.028705626726150513, -0.31240126490592957, 0.9495165348052979),
            ["HumanoidRootPart"] = CFrame.new(0, 0, 0, 1, 0, 0, 0, 1, 0, 0, 0, 1),
            ["RightUpperLeg"] = CFrame.new(0, -6.951158866286278e-07, 1.4731631381437182e-07, 0.9323503375053406, 0.11411841213703156, 0.3430742621421814, 0.02866584248840809, 0.9225630760192871, -0.3847803771495819, -0.3604181706905365, 0.36858445405960083, 0.8568804860115051),
            ["LeftUpperArm"] = CFrame.new(0, 4.76837158203125e-07, 1.0803341865539551e-07, 0.8849828839302063, 0.09487774223089218, 0.45585495233535767, 0.011180562898516655, 0.9744075536727905, -0.22451049089431763, -0.4654895067214966, 0.20378462970256805, 0.8612731695175171),
            ["RightLowerArm"] = CFrame.new(-1.7881393432617188e-07, 4.76837158203125e-07, 1.1525116860866547e-08, 1, -2.089654316250744e-08, -2.3283064365386963e-10, 2.09183759203313e-09, 0.9996557831764221, -0.02623559534549713, -4.583852741824046e-10, 0.02623559534549713, 0.9996557831764221),
            ["LeftHand"] = CFrame.new(1.862645149230957e-07, 2.384185791015625e-07, 1.4901161193847656e-08, 0.6581229567527771, 0.1713227927684784, -0.7331594228744507, -0.1754915416240692, 0.9818513989448547, 0.07190601527690887, 0.7321727275848389, 0.0813402608036995, 0.6762446761131287),
            ["LeftFoot"] = CFrame.new(9.720679372549057e-09, -1.1920928955078125e-07, -2.8870999813079834e-08, 0.955246090888977, -0.06076443940401077, -0.2895044982433319, -0.085757777094841, 0.8797609210014343, -0.46761804819107056, 0.28310906887054443, 0.4715173840522766, 0.8351770043373108),
            ["LowerTorso"] = CFrame.new(0.0243302583694458, -0.15841126441955566, -0.1641496866941452, 0.9967808723449707, 0.003337002359330654, -0.0801045373082161, -0.009419507347047329, 0.9970880746841431, -0.0756748616695404, 0.07961874455213547, 0.07618580013513565, 0.9939097762107849),
            ["RightLowerLeg"] = CFrame.new(-1.1175870895385742e-08, -0.00012218952178955078, -0.00007740983710391447, 1, -1.1548398504146462e-07, -4.0978193283081055e-08, 1.0803339023368608e-07, 0.6075133085250854, 0.7943090796470642, -9.499488129449674e-08, -0.7943094372749329, 0.6075139045715332),
            ["LeftUpperLeg"] = CFrame.new(-1.7881393432617188e-07, -4.814937710762024e-07, 1.0058283805847168e-07, 0.9815187454223633, 0.021631993353366852, -0.19014021754264832, -0.06644576042890549, 0.9702975749969482, -0.2326105386018753, 0.17946043610572815, 0.24094562232494354, 0.9538024067878723),
            ["LeftLowerLeg"] = CFrame.new(0, 0.0001227259635925293, 0.00007736682891845703, 1, 8.940696716308594e-08, 1.4901157641133977e-08, -3.678724525002508e-08, 0.6444599032402039, 0.7646378874778748, 9.313226634333205e-09, -0.7646381855010986, 0.6444602608680725)
        }},
        [3] = {Time = 0.067, Data = {
            ["RightFoot"] = CFrame.new(-4.377216100692749e-08, 3.5762786865234375e-07, -1.3205863069742918e-08, 0.9946345686912537, 0.003004335565492511, 0.10340705513954163, 0.04388066381216049, 0.8929477334022522, -0.4480162560939789, -0.09368322789669037, 0.4501505196094513, 0.8880250453948975),
            ["LeftLowerArm"] = CFrame.new(-3.5762786865234375e-07, 4.76837158203125e-07, -7.450580596923828e-08, 1, 0, 2.7939684343891713e-08, 4.0745376517214993e-10, 0.9987214803695679, -0.05055278539657593, -2.1886087608891103e-08, 0.05055281147360802, 0.9987214803695679),
            ["RightUpperArm"] = CFrame.new(1.1920928955078125e-07, 5.960464477539062e-07, -4.842877388000488e-08, 0.991712749004364, -0.11960721015930176, 0.04690566658973694, 0.1274862289428711, 0.9613704681396484, -0.24395537376403809, -0.015914902091026306, 0.24791347980499268, 0.9686514735221863),
            ["Head"] = CFrame.new(2.7939677238464355e-08, 3.5762786865234375e-07, -1.1757947504520416e-08, 0.9892238974571228, 0.06846414506435394, -0.12941767275333405, -0.11949747055768967, 0.8882821202278137, -0.44348081946372986, 0.08459686487913132, 0.4541669189929962, 0.8868910670280457),
            ["RightHand"] = CFrame.new(9.295763447880745e-08, 1.7881393432617188e-07, -3.725290298461914e-09, 0.9536956548690796, -0.25461944937705994, 0.16010507941246033, 0.2782500684261322, 0.9490031003952026, -0.14822275936603546, -0.11419983208179474, 0.18590866029262543, 0.9759079813957214),
            ["UpperTorso"] = CFrame.new(-1.862645149230957e-09, -3.2782554626464844e-07, 7.706694304943085e-08, 0.9994910359382629, -0.026765774935483932, 0.017358914017677307, 0.020442815497517586, 0.9550918936729431, 0.29560381174087524, -0.02449142374098301, -0.2950984835624695, 0.9551529884338379),
            ["HumanoidRootPart"] = CFrame.new(0, 0, 0, 1, 0, 0, 0, 1, 0, 0, 0, 1),
            ["RightUpperLeg"] = CFrame.new(0, -8.281203918159008e-07, 3.55576048605144e-08, 0.9421425461769104, 0.12195504456758499, 0.3122410178184509, 0.02652694471180439, 0.9014260768890381, -0.43211957812309265, -0.33416134119033813, 0.4154011011123657, 0.8460367918014526),
            ["LeftUpperArm"] = CFrame.new(-2.384185791015625e-07, 8.344650268554688e-07, 1.4901161193847656e-08, 0.8895049691200256, 0.14216727018356323, 0.43424588441848755, -0.01946030557155609, 0.9612893462181091, -0.2748531699180603, -0.45651108026504517, 0.23603269457817078, 0.8578380942344666),
            ["RightLowerArm"] = CFrame.new(1.7881393432617188e-07, 2.384185791015625e-07, -1.0943040251731873e-08, 1, -2.1536830097090842e-09, 0, 5.521542778552657e-09, 0.999134361743927, -0.041599392890930176, 1.7462301049597784e-10, 0.04159938916563988, 0.9991344213485718),
            ["LeftHand"] = CFrame.new(1.1920928955078125e-07, 1.1920928955078125e-07, -8.940696716308594e-08, 0.5790702700614929, 0.07184416800737381, -0.8121059536933899, -0.0352003239095211, 0.9973840713500977, 0.06313557922840118, 0.8145173788070679, -0.007973548956215382, 0.5800843834877014),
            ["LeftFoot"] = CFrame.new(-4.427784006111324e-08, -5.960464477539063e-08, -2.36177584156394e-08, 0.9494724869728088, -0.08419812470674515, -0.30234554409980774, -0.09417756646871567, 0.8425145745277405, -0.5303772687911987, 0.29938727617263794, 0.5320526957511902, 0.7920145988464355),
            ["LowerTorso"] = CFrame.new(0.037335556000471115, -0.19298553466796875, -0.16838183999061584, 0.9976301789283752, 0.00169448705855757, -0.06878364831209183, -0.005289378110319376, 0.9986270666122437, -0.05211532860994339, 0.06860090047121048, 0.05235564708709717, 0.9962694644927979),
            ["RightLowerLeg"] = CFrame.new(-5.21540641784668e-08, -0.00012236833572387695, -0.00007740983710391447, 1, -1.0430809993522416e-07, -2.980233304583635e-08, 1.3038514623531228e-07, 0.5564533472061157, 0.8308786749839783, -5.960463766996327e-08, -0.8308789134025574, 0.5564536452293396),
            ["LeftUpperLeg"] = CFrame.new(-5.960464477539063e-08, -9.371433407068253e-07, 1.2665987014770508e-07, 0.9808638691902161, 0.03764669969677925, -0.19102033972740173, -0.08963309973478317, 0.9582861065864563, -0.27139225602149963, 0.17283521592617035, 0.2833206355571747, 0.9433225989341736),
            ["LeftLowerLeg"] = CFrame.new(2.9802322387695312e-08, 0.00012290477752685547, 0.0000773891806602478, 1, 5.960463056453591e-08, 4.097818262494002e-08, -4.656612162534657e-08, 0.6123485565185547, 0.7905877828598022, -1.0803340444454079e-07, -0.7905879020690918, 0.612348735332489)
        }},
        [4] = {Time = 0.100, Data = {
            ["RightFoot"] = CFrame.new(4.190951585769653e-08, 2.980232238769531e-07, 2.4047039914876223e-08, 0.9937263131141663, -0.023362742736935616, 0.10937285423278809, 0.0641145259141922, 0.9202916026115417, -0.385943740606308, -0.09163809567689896, 0.3905351459980011, 0.9160159230232239),
            ["LeftLowerArm"] = CFrame.new(-4.76837158203125e-07, 1.7881393432617188e-07, 2.086162567138672e-07, 1, -2.0489098417897367e-08, 7.4505797087454084e-09, 4.0978193283081055e-08, 0.9988753199577332, -0.047416336834430695, -1.6763806343078613e-08, 0.04741634428501129, 0.9988752007484436),
            ["RightUpperArm"] = CFrame.new(2.384185791015625e-07, 9.5367431640625e-07, 3.725290298461914e-08, 0.991159200668335, -0.1306423395872116, 0.02315584197640419, 0.13223594427108765, 0.958446741104126, -0.2527717351913452, 0.010829041711986065, 0.25359904766082764, 0.967248797416687),
            ["Head"] = CFrame.new(4.0978193283081055e-08, 3.5762786865234375e-07, -3.3527612686157227e-08, 0.9889378547668457, 0.06753096729516983, -0.13206681609153748, -0.12098036706447601, 0.8823757171630859, -0.4547273814678192, 0.08582434803247452, 0.46567466855049133, 0.8807845711708069),
            ["RightHand"] = CFrame.new(2.7008354663848877e-08, 2.980232238769531e-07, 8.568167686462402e-08, 0.9731378555297852, -0.17713117599487305, 0.1470624804496765, 0.19597671926021576, 0.972557008266449, -0.12540365755558014, -0.12081372737884521, 0.15085583925247192, 0.9811456203460693),
            ["UpperTorso"] = CFrame.new(1.210719347000122e-08, -5.066394805908203e-07, 4.237517714500427e-08, 0.9995249509811401, -0.03007015958428383, 0.006766272243112326, 0.027024729177355766, 0.9605657458305359, 0.27673667669296265, -0.014820960350334644, -0.276422381401062, 0.9609220027923584),
            ["HumanoidRootPart"] = CFrame.new(0, 0, 0, 1, 0, 0, 0, 1, 0, 0, 0, 1),
            ["RightUpperLeg"] = CFrame.new(-1.4901161193847656e-07, -4.833564162254333e-07, 3.9282895158976316e-08, 0.9499269723892212, 0.11606428027153015, 0.2901169955730438, 0.02262590080499649, 0.9004712104797363, -0.4343268871307373, -0.31165188550949097, 0.41914284229278564, 0.8527557849884033),
            ["LeftUpperArm"] = CFrame.new(0, 3.5762786865234375e-07, 3.3527612686157227e-08, 0.9136505126953125, 0.1781274676322937, 0.36539503931999207, -0.05744531750679016, 0.9464355707168579, -0.31774166226387024, -0.40242141485214233, 0.26931458711624146, 0.8749439120292664),
            ["RightLowerArm"] = CFrame.new(-2.9802322387695312e-08, 1.1920928955078125e-07, 1.2200325727462769e-07, 1, -5.937180524995256e-09, -9.31322907682386e-10, -1.246917569197592e-09, 0.9987543821334839, -0.04989668354392052, 1.164153440313953e-09, 0.04989667981863022, 0.9987544417381287),
            ["LeftHand"] = CFrame.new(5.960464477539063e-08, -4.172325134277344e-07, -2.086162567138672e-07, 0.5180270075798035, -0.01953015848994255, -0.8551413416862488, 0.06090722233057022, 0.9980438947677612, 0.014102540910243988, 0.8531930446624756, -0.05938976630568504, 0.5182031989097595),
            ["LeftFoot"] = CFrame.new(9.96515154838562e-08, 5.960464477539063e-08, 1.30385160446167e-08, 0.9451335072517395, -0.07186459004878998, -0.31868216395378113, -0.08450192958116531, 0.8885250687599182, -0.45097965002059937, 0.3155664801597595, 0.4531652331352234, 0.8337019681930542),
            ["LowerTorso"] = CFrame.new(0.04679159075021744, -0.15960264205932617, -0.17301249504089355, 0.9984405636787415, 0.0022964065428823233, -0.055778343230485916, -0.003891352564096451, 0.9995861649513245, -0.028502602130174637, 0.05568980425596237, 0.028675207868218422, 0.99803626537323),
            ["RightLowerLeg"] = CFrame.new(0, -0.0001221299171447754, -0.00007747689232928678, 1, -7.450579175838357e-08, -1.2293459406009788e-07, 1.2107194891086692e-07, 0.5889194011688232, 0.8081917762756348, -7.17118453508192e-08, -0.8081917762756348, 0.588919460773468),
            ["LeftUpperLeg"] = CFrame.new(2.9802322387695312e-08, -4.377216100692749e-07, 5.587935447692871e-08, 0.9800696969032288, 0.04199044778943062, -0.19416546821594238, -0.10112003237009048, 0.9467536211013794, -0.3056669235229492, 0.1709919571876526, 0.31920909881591797, 0.9321306347846985),
            ["LeftLowerLeg"] = CFrame.new(8.195638656616211e-08, 0.0001226663589477539, 0.00007735937833786011, 1, 1.1175869474300271e-07, -1.1175870895385742e-08, -8.195640788244418e-08, 0.6154581904411316, 0.7881695628166199, -4.842878453814592e-08, -0.7881695628166199, 0.6154582500457764)
        }},
        [5] = {Time = 0.133, Data = {
            ["RightFoot"] = CFrame.new(6.449408829212189e-08, 2.980232238769531e-07, 2.4047039914876223e-08, 0.9998096823692322, -0.00877284910529852, 0.017428873106837273, 0.012066692113876343, 0.9799360036849976, -0.19894644618034363, -0.015333727933466434, 0.1991194486618042, 0.979855477809906),
            ["LeftLowerArm"] = CFrame.new(-5.960464477539062e-07, 2.384185791015625e-07, 8.940696716308594e-08, 1, -1.1175872671742582e-08, -1.862645815364772e-09, -1.4901162970204496e-08, 0.9982380867004395, -0.05933639779686928, 2.0489098417897367e-08, 0.05933639779686928, 0.9982380867004395),
            ["RightUpperArm"] = CFrame.new(2.384185791015625e-07, 9.5367431640625e-07, 1.0803341865539551e-07, 0.9906631708145142, -0.1353621929883957, 0.016237489879131317, 0.1347287893295288, 0.9538254737854004, -0.268449604511261, 0.020850198343396187, 0.2681308388710022, 0.9631568789482117),
            ["Head"] = CFrame.new(3.166496753692627e-08, 2.384185791015625e-07, 7.3225237429142e-08, 0.9898624420166016, 0.07785941660404205, -0.11878698319196701, -0.12386229634284973, 0.8824937343597412, -0.45372119545936584, 0.06950229406356812, 0.46383482217788696, 0.8831911683082581),
            ["RightHand"] = CFrame.new(-3.6135315895080566e-07, 0, 4.470348358154297e-08, 0.9784274101257324, -0.09446589648723602, 0.1837281584739685, 0.11177108436822891, 0.9899871349334717, -0.08621353656053543, -0.17374427616596222, 0.10488918423652649, 0.9791890978813171),
            ["UpperTorso"] = CFrame.new(-1.3969838619232178e-09, -4.76837158203125e-07, 4.44706529378891e-08, 0.998989462852478, -0.042749688029289246, -0.013880867511034012, 0.04487410932779312, 0.9661757349967957, 0.25395047664642334, 0.0025550443679094315, -0.2543167173862457, 0.9671176075935364),
            ["HumanoidRootPart"] = CFrame.new(0, 0, 0, 1, 0, 0, 0, 1, 0, 0, 0, 1),
            ["RightUpperLeg"] = CFrame.new(0, -0.0000012146774679422379, 6.256595952436328e-08, 0.9612600207328796, 0.10793140530586243, 0.25363337993621826, 0.0021620923653244972, 0.9171707630157471, -0.3984888195991516, -0.27563461661338806, 0.38359975814819336, 0.8814061880111694),
            ["LeftUpperArm"] = CFrame.new(-1.1920928955078125e-07, 4.76837158203125e-07, 1.4901161193847656e-08, 0.9184701442718506, 0.216002956032753, 0.3312934637069702, -0.09285081923007965, 0.9320357441902161, -0.35026878118515015, -0.38443639874458313, 0.2909505367279053, 0.8761030435562134),
            ["RightLowerArm"] = CFrame.new(5.960464477539063e-08, 6.556510925292969e-07, 1.862645149230957e-08, 1, 8.963978892495561e-09, -9.31322685637781e-10, 6.1118052840924975e-09, 0.999184787273407, -0.04037237912416458, -3.725290742551124e-09, 0.040372371673583984, 0.9991847276687622),
            ["LeftHand"] = CFrame.new(1.4901161193847656e-08, -5.364418029785156e-07, 4.172325134277344e-07, 0.6113234758377075, -0.07600013166666031, -0.7877231240272522, 0.06287312507629395, 0.996895968914032, -0.04738767445087433, 0.78887939453125, -0.020557405427098274, 0.6142041683197021),
            ["LeftFoot"] = CFrame.new(-8.568167686462402e-08, -1.7881393432617188e-07, 2.2351741790771484e-08, 0.9469488859176636, -0.057066671550273895, -0.31627753376960754, -0.015432631596922874, 0.9748997688293457, -0.22210904955863953, 0.32101351022720337, 0.21520665287971497, 0.9222994446754456),
            ["LowerTorso"] = CFrame.new(0.04970761388540268, -0.05238509178161621, -0.17800316214561462, 0.9989803433418274, 0.012713924050331116, -0.0433204360306263, -0.012971501797437668, 0.9998998045921326, -0.00566996680572629, 0.04324400797486305, 0.0062261163257062435, 0.999045193195343),
            ["RightLowerLeg"] = CFrame.new(-9.778887033462524e-08, -0.00012224912643432617, -0.00007730552897555754, 1, -1.1175866632129328e-07, -3.7252920748187535e-08, 9.778888454547996e-08, 0.6944084763526917, 0.7195813059806824, -9.010547330490226e-08, -0.7195811867713928, 0.6944082975387573),
            ["LeftUpperLeg"] = CFrame.new(-1.1920928955078125e-07, -6.423797458410263e-07, 2.421438694000244e-08, 0.982878565788269, 0.039842136204242706, -0.1798953264951706, -0.08690851926803589, 0.9611563086509705, -0.2619643211364746, 0.16247032582759857, 0.2731137275695801, 0.9481626749038696),
            ["LeftLowerLeg"] = CFrame.new(8.195638656616211e-08, 0.0001226663589477539, 0.00007725507020950317, 1, 1.4901162970204496e-08, 5.215403220404369e-08, -5.21540641784668e-08, 0.7501400113105774, 0.661278486251831, -1.6763806343078613e-08, -0.661279022693634, 0.7501404881477356)
        }},
        [6] = {Time = 0.167, Data = {
            ["RightFoot"] = CFrame.new(-6.705522537231445e-08, 2.384185791015625e-07, 6.351910997182131e-09, 0.9860461950302124, 0.08499517291784286, -0.14313896000385284, -0.06292761117219925, 0.9863449931144714, 0.15219666063785553, 0.15412048995494843, -0.14106546342372894, 0.9779301881790161),
            ["LeftLowerArm"] = CFrame.new(8.940696716308594e-08, 5.364418029785156e-07, 1.1920928955078125e-07, 1, 0, 2.607702853651972e-08, 9.313224857976365e-09, 0.9946678876876831, -0.10313048958778381, -3.166496398421259e-08, 0.10313047468662262, 0.9946678280830383),
            ["RightUpperArm"] = CFrame.new(2.384185791015625e-07, 7.152557373046875e-07, -4.470348358154297e-08, 0.9894729256629944, -0.12993116676807404, -0.06372879445552826, 0.10619644820690155, 0.9510578513145447, -0.2901918888092041, 0.09831471741199493, 0.2803691625595093, 0.9548442363739014),
            ["Head"] = CFrame.new(1.862645149230957e-08, 1.1920928955078125e-07, -1.200241968035698e-07, 0.9909754395484924, 0.09537138044834137, -0.0941910594701767, -0.12770459055900574, 0.8852657675743103, -0.4472094476222992, 0.040733132511377335, 0.45520222187042236, 0.8894559144973755),
            ["RightHand"] = CFrame.new(3.203749656677246e-07, 0, -2.5331974029541016e-07, 0.9737366437911987, -0.03309173136949539, 0.22525948286056519, 0.042781729251146317, 0.9983512163162231, -0.03827119991183281, -0.22362156212329865, 0.04690306633710861, 0.9735469222068787),
            ["UpperTorso"] = CFrame.new(6.05359673500061e-09, -7.152557373046875e-07, 5.8673322200775146e-08, 0.9973998069763184, -0.06350443512201309, -0.03407047316431999, 0.06971605122089386, 0.9699916839599609, 0.23292918503284454, 0.018256044015288353, -0.2346988022327423, 0.971896767616272),
            ["HumanoidRootPart"] = CFrame.new(0, 0, 0, 1, 0, 0, 0, 1, 0, 0, 0, 1),
            ["RightUpperLeg"] = CFrame.new(5.960464477539063e-08, -9.359791874885559e-08, 6.16346369497478e-08, 0.9754489660263062, 0.10679370164871216, 0.19259916245937347, -0.02854764647781849, 0.9284927845001221, -0.37025123834609985, -0.21836760640144348, 0.3556632697582245, 0.9087461233139038),
            ["LeftUpperArm"] = CFrame.new(0, 3.5762786865234375e-07, 0, 0.9186365008354187, 0.247493714094162, 0.3079836368560791, -0.12320835888385773, 0.9200735688209534, -0.3718661665916443, -0.3754020631313324, 0.3036636710166931, 0.8757064938545227),
            ["RightLowerArm"] = CFrame.new(2.980232238769531e-07, 0.0000010132789611816406, -2.9802322387695312e-08, 1, -1.955777406692505e-08, 1.3038519597330378e-08, 3.026798722771673e-08, 0.9983094334602356, -0.058122895658016205, -5.587936335871291e-09, 0.05812288075685501, 0.9983094930648804),
            ["LeftHand"] = CFrame.new(-2.2351741790771484e-07, 1.1920928955078125e-07, 2.9802322387695312e-08, 0.779498279094696, -0.10785495489835739, -0.6170493364334106, 0.05918002873659134, 0.9933394193649292, -0.0988670140504837, 0.6236027479171753, 0.040549661964178085, 0.7806890606880188),
            ["LeftFoot"] = CFrame.new(2.2351741790771484e-08, 5.960464477539063e-08, 3.725290298461914e-08, 0.9735599160194397, -0.10786722600460052, -0.20135977864265442, 0.13639327883720398, 0.9816031455993652, 0.13361245393753052, 0.1832430213689804, -0.1575438231229782, 0.9703617691993713),
            ["LowerTorso"] = CFrame.new(0.05082734301686287, 0.10012269020080566, -0.18331551551818848, 0.9988635182380676, 0.029437560588121414, -0.037485409528017044, -0.029086342081427574, 0.9995280504226685, 0.009880688972771168, 0.037758585065603256, -0.008779146708548069, 0.9992483258247375),
            ["RightLowerLeg"] = CFrame.new(-3.725290298461914e-08, -0.00012218952178955078, -0.00007728317723376676, 1, -9.592621097453957e-08, -1.3969845724659535e-08, 8.195639367158947e-08, 0.8067407011985779, 0.590905487537384, -9.313226634333205e-09, -0.5909057259559631, 0.8067408800125122),
            ["LeftUpperLeg"] = CFrame.new(2.9802322387695312e-08, -2.1979212760925293e-07, 9.313225746154785e-08, 0.9907206892967224, -0.017946189269423485, -0.13472411036491394, -0.036773256957530975, 0.9188798069953918, -0.3928200304508209, 0.1308448612689972, 0.39412933588027954, 0.9096933007240295),
            ["LeftLowerLeg"] = CFrame.new(0, 0.00012242794036865234, 0.00007730722427368164, 1, 5.5879340266073996e-08, 2.421438694000244e-08, -6.845220212881031e-08, 0.6874085068702698, 0.7262709736824036, 6.519257311765614e-08, -0.7262710332870483, 0.6874085068702698)
        }},
        [7] = {Time = 0.200, Data = {
            ["RightFoot"] = CFrame.new(-2.60770320892334e-08, 2.980232238769531e-07, 4.0236045606434345e-09, 0.9269874691963196, 0.09909424930810928, -0.36176598072052, 0.02923252433538437, 0.9424525499343872, 0.3330598473548889, 0.37395158410072327, -0.31931740045547485, 0.8707448840141296),
            ["LeftLowerArm"] = CFrame.new(-2.384185791015625e-07, 4.172325134277344e-07, -8.940696716308594e-08, 1, -2.980232594040899e-08, -1.862645326866641e-08, 2.421439226907296e-08, 0.9821727871894836, -0.1879805326461792, 2.0489101970611046e-08, 0.18798048794269562, 0.9821728467941284),
            ["RightUpperArm"] = CFrame.new(1.1920928955078125e-07, 8.344650268554688e-07, 0, 0.9663110375404358, -0.11438516527414322, -0.23056256771087646, 0.03722468391060829, 0.9485089182853699, -0.3145555853843689, 0.2546711266040802, 0.2953759431838989, 0.9208124876022339),
            ["Head"] = CFrame.new(1.4901161193847656e-08, -2.384185791015625e-07, 4.516914486885071e-08, 0.9918138384819031, 0.11417451500892639, -0.057179875671863556, -0.12769117951393127, 0.8887830972671509, -0.4401812255382538, 0.0005630031228065491, 0.44387921690940857, 0.8960864543914795),
            ["RightHand"] = CFrame.new(4.470348358154297e-08, 5.960464477539062e-07, -8.940696716308594e-08, 0.981136679649353, -0.013644911348819733, 0.1928330659866333, 0.013114054687321186, 0.9999059438705444, 0.004028975032269955, -0.1928698569536209, -0.0014241226017475128, 0.9812233448028564),
            ["UpperTorso"] = CFrame.new(2.0489096641540527e-08, -2.384185791015625e-07, 6.472691893577576e-08, 0.9947012662887573, -0.08976488560438156, -0.05011727660894394, 0.09871633350849152, 0.9700985550880432, 0.22172950208187103, 0.028715187683701515, -0.22550202906131744, 0.9738194346427917),
            ["HumanoidRootPart"] = CFrame.new(0, 0, 0, 1, 0, 0, 0, 1, 0, 0, 0, 1),
            ["RightUpperLeg"] = CFrame.new(0, -6.343470886349678e-07, 9.702489478513598e-08, 0.9910101890563965, 0.12283966690301895, -0.05300340801477432, -0.13378047943115234, 0.9137905240058899, -0.3835228383541107, 0.0013222444104030728, 0.3871658146381378, 0.9220091700553894),
            ["LeftUpperArm"] = CFrame.new(0, 4.76837158203125e-07, 8.195638656616211e-08, 0.9124710559844971, 0.2600823640823364, 0.31583818793296814, -0.1296246349811554, 0.9159553647041321, -0.37976744771003723, -0.3880644738674164, 0.30558645725250244, 0.8694957494735718),
            ["RightLowerArm"] = CFrame.new(2.384185791015625e-07, 0, -2.682209014892578e-07, 1, -2.9802311729554276e-08, -2.607702853651972e-08, -9.313223969797946e-09, 0.9915099740028381, -0.13003073632717133, -7.450578820566989e-09, 0.13003075122833252, 0.9915099740028381),
            ["LeftHand"] = CFrame.new(-1.043081283569336e-07, 5.960464477539062e-07, 2.682209014892578e-07, 0.9029039144515991, -0.12113290280103683, -0.41242146492004395, 0.08414431661367416, 0.9907169342041016, -0.10676983743906021, 0.42152613401412964, 0.061700016260147095, 0.9047147631645203),
            ["LeftFoot"] = CFrame.new(3.725290298461914e-09, 1.7881393432617188e-07, -2.2351741790771484e-08, 0.9928107857704163, -0.11796905845403671, -0.020253276452422142, 0.118751659989357, 0.9495874047279358, 0.29014140367507935, -0.014995388686656952, -0.2904605269432068, 0.9567695260047913),
            ["LowerTorso"] = CFrame.new(0.05099589005112648, 0.28194427490234375, -0.19138506054878235, 0.9975883960723877, 0.05204952880740166, -0.04591550678014755, -0.05152959004044533, 0.9985940456390381, 0.012436408549547195, 0.04649826139211655, -0.010040409862995148, 0.998867928981781),
            ["RightLowerLeg"] = CFrame.new(-9.313225746154785e-08, -0.0001227259635925293, -0.00007732788071734831, 1, -1.2107197733257635e-07, -5.215404996761208e-08, 6.33299421792799e-08, 0.8733633160591125, 0.48706886172294617, -2.2351745343485163e-08, -0.4870694577693939, 0.8733636140823364),
            ["LeftUpperLeg"] = CFrame.new(-5.960464477539063e-08, -6.621703505516052e-07, 7.078051567077637e-08, 0.9902797341346741, -0.11624030768871307, -0.07638264447450638, 0.06391853094100952, 0.8680550456047058, -0.492336243391037, 0.12353351712226868, 0.48266837000846863, 0.8670471906661987),
            ["LeftLowerLeg"] = CFrame.new(6.891787052154541e-08, 0.00012260675430297852, 0.00007731467485427856, 1, 1.1455266246684914e-07, -3.073364140959711e-08, -7.264316082000732e-08, 0.4159304201602936, 0.9093963503837585, 7.776543498039246e-08, -0.9093964695930481, 0.4159305989742279)
        }},
        [8] = {Time = 0.233, Data = {
            ["RightFoot"] = CFrame.new(1.4901161193847656e-08, 2.980232238769531e-07, 2.7772330213338137e-08, 0.9579499959945679, 0.15673768520355225, -0.2403443157672882, -0.056427326053380966, 0.9241732954978943, 0.3777833878993988, 0.28133222460746765, -0.348334938287735, 0.8941556215286255),
            ["LeftLowerArm"] = CFrame.new(-5.364418029785156e-07, 0, 2.682209014892578e-07, 1, -6.705522537231445e-08, -7.450581485102248e-09, 3.166496753692627e-08, 0.9542076587677002, -0.299144983291626, 1.862645149230957e-09, 0.2991449534893036, 0.9542076587677002),
            ["RightUpperArm"] = CFrame.new(0, 5.960464477539062e-07, 2.9802322387695312e-08, 0.9196087121963501, -0.10012049227952957, -0.3798629343509674, -0.03334207832813263, 0.9435942769050598, -0.32942095398902893, 0.3914182484149933, 0.31560370326042175, 0.8643991947174072),
            ["Head"] = CFrame.new(1.4901161193847656e-08, 0, 9.918585419654846e-08, 0.991824209690094, 0.12727278470993042, -0.009294399991631508, -0.11889579892158508, 0.8951727151870728, -0.42956915497779846, -0.04635237529873848, 0.42716214060783386, 0.9029862284660339),
            ["RightHand"] = CFrame.new(-1.341104507446289e-07, 0, -2.9802322387695312e-08, 0.9981371760368347, -0.028483353555202484, 0.05395437404513359, 0.027020609006285667, 0.9992524981498718, 0.027648359537124634, -0.05470157414674759, -0.026138929650187492, 0.9981605410575867),
            ["UpperTorso"] = CFrame.new(-5.587935447692871e-08, -2.9802322387695312e-08, 6.193295121192932e-08, 0.9931662082672119, -0.11048576235771179, -0.03760041669011116, 0.11590849608182907, 0.9714251160621643, 0.2071198970079422, 0.013642164878547192, -0.2100626826286316, 0.9775928258895874),
            ["HumanoidRootPart"] = CFrame.new(0, 0, 0, 1, 0, 0, 0, 1, 0, 0, 0, 1),
            ["RightUpperLeg"] = CFrame.new(5.960464477539063e-08, -3.8940925151109695e-07, 4.6733475755900145e-08, 0.9778122901916504, 0.11400508880615234, -0.1757444441318512, -0.18512459099292755, 0.8629062175750732, -0.4702359139919281, 0.09804173558950424, 0.49233686923980713, 0.8648653626441956),
            ["LeftUpperArm"] = CFrame.new(0, 7.152557373046875e-07, 1.2665987014770508e-07, 0.8953125476837158, 0.2699694335460663, 0.3543051481246948, -0.13309097290039062, 0.921202540397644, -0.3656129240989685, -0.42509108781814575, 0.28018301725387573, 0.8606944680213928),
            ["RightLowerArm"] = CFrame.new(-5.960464477539063e-08, -2.980232238769531e-07, -2.086162567138672e-07, 1, -1.4901159417490817e-08, -7.450582373280668e-09, 0, 0.9720994234085083, -0.23456943035125732, 3.632158396271734e-08, 0.23456935584545135, 0.9720994830131531),
            ["LeftHand"] = CFrame.new(-7.450580596923828e-08, 2.384185791015625e-07, -3.5762786865234375e-07, 0.9641869068145752, -0.09105661511421204, -0.2491031140089035, 0.08953914791345596, 0.9958305954933167, -0.017440443858504295, 0.24965256452560425, -0.005488601978868246, 0.9683200120925903),
            ["LeftFoot"] = CFrame.new(-2.7939677238464355e-09, 2.384185791015625e-07, 1.4901161193847656e-07, 0.9069992303848267, -0.10712817311286926, -0.40727823972702026, 0.20196138322353363, 0.9592862725257874, 0.19743777811527252, 0.36954569816589355, -0.2613304555416107, 0.8917078375816345),
            ["LowerTorso"] = CFrame.new(0.0452909879386425, 0.4198744297027588, -0.20504321157932281, 0.9931789636611938, 0.07252530008554459, -0.09129960089921951, -0.07159945368766785, 0.9973437190055847, 0.013379868119955063, 0.0920274630188942, -0.006751600187271833, 0.9957336187362671),
            ["RightLowerLeg"] = CFrame.new(-1.1920928955078125e-07, -0.00012218952178955078, -0.00007740238652331755, 1, -1.471490520543739e-07, 1.490115053570662e-08, 6.705523247774181e-08, 0.810157835483551, 0.5862107872962952, 0, -0.5862119197845459, 0.8101585507392883),
            ["LeftUpperLeg"] = CFrame.new(-3.5762786865234375e-07, 0.0000010798685252666473, 1.1175870895385742e-08, 0.9794411063194275, -0.1889016330242157, 0.07079117745161057, 0.19394706189632416, 0.7852325439453125, -0.5880430340766907, 0.05549461394548416, 0.5896831750869751, 0.8057258725166321),
            ["LeftLowerLeg"] = CFrame.new(1.1920928955078125e-07, 0.0001226663589477539, 0.00007736682891845703, 1, 7.450580596923828e-08, 7.450581307466564e-08, -1.341104507446289e-07, 0.12360755354166031, 0.9923312067985535, 5.960464477539063e-08, -0.9923312067985535, 0.12360771000385284)
        }},
        [9] = {Time = 0.267, Data = {
            ["RightFoot"] = CFrame.new(3.725290298461914e-08, 2.980232238769531e-07, 3.149762051180005e-08, 0.9783434867858887, 0.17711994051933289, 0.10710932314395905, -0.20519211888313293, 0.8979224562644958, 0.3893985450267792, -0.027205541729927063, -0.4029441475868225, 0.9148204922676086),
            ["LeftLowerArm"] = CFrame.new(-1.7881393432617188e-07, 8.940696716308594e-07, 5.960464477539063e-08, 1, -4.4703490686970326e-08, -7.450581485102248e-09, 2.2351738238057806e-08, 0.9087849259376526, -0.41726502776145935, 6.70552182668871e-08, 0.4172649681568146, 0.9087849259376526),
            ["RightUpperArm"] = CFrame.new(2.384185791015625e-07, -2.384185791015625e-07, 1.4901161193847656e-08, 0.8976536393165588, -0.09484454989433289, -0.43037495017051697, -0.059925712645053864, 0.9412277340888977, -0.332414448261261, 0.43660852313041687, 0.32418355345726013, 0.8392127752304077),
            ["Head"] = CFrame.new(6.332993507385254e-08, -7.152557373046875e-07, -3.818422555923462e-08, 0.9898369312286377, 0.13702568411827087, 0.038036640733480453, -0.10888932645320892, 0.9023486971855164, -0.41702526807785034, -0.0914655402302742, 0.40864527225494385, 0.9080986380577087),
            ["RightHand"] = CFrame.new(-1.4901161193847656e-08, -2.384185791015625e-07, 0, 0.9867593050003052, -0.07630198448896408, -0.14312300086021423, 0.08196695148944855, 0.9960513710975647, 0.03410349413752556, 0.13995566964149475, -0.04538336396217346, 0.9891172051429749),
            ["UpperTorso"] = CFrame.new(-3.3527612686157227e-08, -3.8743019104003906e-07, 7.264316082000732e-08, 0.991853654384613, -0.12736830115318298, 0.0019609075970947742, 0.12458989024162292, 0.9731937050819397, 0.19331730902194977, -0.026530832052230835, -0.19149817526340485, 0.9811343550682068),
            ["HumanoidRootPart"] = CFrame.new(0, 0, 0, 1, 0, 0, 0, 1, 0, 0, 0, 1),
            ["RightUpperLeg"] = CFrame.new(-2.9802322387695312e-08, 1.3515818864107132e-07, 7.653579814359546e-08, 0.9748448133468628, 0.13776502013206482, -0.1752099245786667, -0.214694544672966, 0.7915512323379517, -0.5721475481987, 0.0598655566573143, 0.5953717231750488, 0.8012170791625977),
            ["LeftUpperArm"] = CFrame.new(5.960464477539063e-08, -5.960464477539062e-07, 2.9802322387695312e-08, 0.8757914304733276, 0.2671901285648346, 0.4019935131072998, -0.12626588344573975, 0.9306358098983765, -0.3434733748435974, -0.46588221192359924, 0.2500530481338501, 0.8487798571586609),
            ["RightLowerArm"] = CFrame.new(0, -1.7881393432617188e-07, 2.086162567138672e-07, 1, -1.862644971595273e-08, -3.725290742551124e-09, 3.3527616238870905e-08, 0.9321097731590271, -0.3621760308742523, -4.749745841081676e-08, 0.3621760904788971, 0.9321097135543823),
            ["LeftHand"] = CFrame.new(1.1920928955078125e-07, -3.5762786865234375e-07, 1.1920928955078125e-07, 0.9982842206954956, -0.04018104448914528, -0.042594026774168015, 0.044689781963825226, 0.9928363561630249, 0.11081060767173767, 0.03783640265464783, -0.11252395808696747, 0.9929284453392029),
            ["LeftFoot"] = CFrame.new(-2.8870999813079834e-08, 5.960464477539063e-08, -4.470348358154297e-08, 0.7847666144371033, -0.03665420040488243, -0.6187065839767456, 0.14041870832443237, 0.9828077554702759, 0.11988136172294617, 0.6036755442619324, -0.18095682561397552, 0.7764217257499695),
            ["LowerTorso"] = CFrame.new(0.03508564084768295, 0.50821852684021, -0.21986280381679535, 0.9827423095703125, 0.08734571188688278, -0.1630590409040451, -0.08600082248449326, 0.9961775541305542, 0.015302322804927826, 0.1637723445892334, -0.0010150285670533776, 0.9864976406097412),
