return {
    ["Leave The Door Open"] = {
        {Time = 0.000, Data = {
            ["RightFoot"] = CFrame.new(-6.51925802230835e-08, 4.172325134277344e-07, -8.549250196665525e-09, 0.9682474136352539, 0.08301756531000137, -0.23580697178840637, -0.1794009953737259, 0.8876515626907349, -0.42413419485092163, 0.1741040199995041, 0.4529711902141571, 0.8743599653244019),
            ["LeftLowerArm"] = CFrame.new(-0.0004994571208953857, -0.00009971857070922852, -1.6391277313232422e-07, 1, -2.9802322387695312e-08, 1.1920930376163597e-07, 5.960465188081798e-08, 0.6091142892837524, -0.7930825352668762, -7.450581485102248e-09, 0.7930825352668762, 0.6091142892837524),
            ["RightUpperArm"] = CFrame.new(0, 2.384185791015625e-07, 7.450580596923828e-09, 0.5143082141876221, -0.8574689030647278, -0.015300427563488483, 0.31343117356300354, 0.2045421600341797, -0.9273205399513245, 0.7982781529426575, 0.4721330404281616, 0.3739551603794098),
            ["Head"] = CFrame.new(-6.798654794692993e-08, 1.1920928955078125e-07, 3.958120942115784e-09, 0.9795812964439392, -0.002584218280389905, 0.20103208720684052, 0.0502496212720871, 0.9713290333747864, -0.23236802220344543, -0.19466784596443176, 0.2377251535654068, 0.951625645160675),
            ["RightHand"] = CFrame.new(-4.76837158203125e-07, 0, 5.960464477539063e-08, 0.9709941148757935, -0.2372424304485321, 0.029776114970445633, 0.23904143273830414, 0.9660268425941467, -0.09824158996343613, -0.005457466468214989, 0.10250972211360931, 0.9947170615196228),
            ["UpperTorso"] = CFrame.new(1.6763806343078613e-08, 1.1920928955078125e-07, 2.3283064365386963e-08, 0.9917621612548828, -0.08402615040540695, 0.09668274223804474, 0.07187659293413162, 0.9898089170455933, 0.1229313388466835, -0.10602688044309616, -0.11496942490339279, 0.987694501876831),
            ["HumanoidRootPart"] = CFrame.new(0, 0, 0, 1, 0, 0, 0, 1, 0, 0, 0, 1),
            ["RightUpperLeg"] = CFrame.new(-8.940696716308594e-08, 1.3504177331924438e-08, -9.145878721028566e-09, 0.9966623187065125, -0.08031754940748215, -0.01461021974682808, 0.05757885426282883, 0.8184819221496582, -0.5716400146484375, 0.05787079408764839, 0.5688905715942383, 0.8203745484352112),
            ["LeftUpperArm"] = CFrame.new(0, 5.960464477539062e-07, 1.1548399925231934e-07, 0.12556329369544983, 0.9059778451919556, 0.40427467226982117, -0.4212982654571533, 0.417624831199646, -0.805044949054718, -0.8981879949569702, -0.06923606246709824, 0.43412521481513977),
            ["RightLowerArm"] = CFrame.new(2.384185791015625e-07, -3.5762786865234375e-07, 2.980232238769531e-07, 1, -1.713633110966839e-07, 1.8253919620292436e-07, 1.341104507446289e-07, -0.1886029690504074, -0.9820533990859985, 1.0058283805847168e-07, 0.9820534586906433, -0.1886029690504074),
            ["LeftHand"] = CFrame.new(-2.086162567138672e-07, 0.00010025501251220703, -6.556510925292969e-07, 0.9572809338569641, 0.28789424896240234, -0.027024690061807632, -0.28862816095352173, 0.9570035338401794, -0.02895132079720497, 0.017527898773550987, 0.03551473468542099, 0.9992154836654663),
            ["LeftFoot"] = CFrame.new(-6.332993507385254e-08, -0.00020003318786621094, 0.0000999942421913147, 0.8668774366378784, -0.33635413646698, 0.367952823638916, 0.4034351408481598, 0.9069137573242188, -0.1214408427476883, -0.2928544878959656, 0.25371894240379333, 0.9218801259994507),
            ["LowerTorso"] = CFrame.new(0.1198500320315361, -0.22436273097991943, -0.09036765992641449, 0.9895705580711365, -0.02810661867260933, -0.14128047227859497, 0.04810337349772453, 0.9889561533927917, 0.14018552005290985, 0.13578003644943237, -0.14551953971385956, 0.9799938201904297),
            ["RightLowerLeg"] = CFrame.new(9.685754776000977e-08, -0.0000037550926208496094, -0.000013178381777834147, 1, -1.0244546189142056e-07, -1.005828522693264e-07, 1.1175870895385742e-07, 0.5881273150444031, 0.8087682723999023, -7.82310962677002e-08, -0.8087683916091919, 0.5881275534629822),
            ["LeftUpperLeg"] = CFrame.new(0, 1.1641532182693481e-07, -0.00010000914335250854, 0.8535487055778503, 0.5076282620429993, 0.11733884364366531, -0.3605835735797882, 0.7381122708320618, -0.5702362656593323, -0.37607723474502563, 0.4444141387939453, 0.8130573630332947),
            ["LeftLowerLeg"] = CFrame.new(8.940696716308594e-08, 0.00020384788513183594, 0.00011338014155626297, 1, 9.685756907629184e-08, -6.705522537231445e-08, -5.2154071283894154e-08, 0.7132236361503601, 0.7009369134902954, 9.313226634333205e-09, -0.7009366750717163, 0.7132233381271362),
        }},
        {Time = 0.033, Data = {
            ["RightFoot"] = CFrame.new(-1.5832483768463135e-08, 1.1920928955078125e-07, -3.4626282285898924e-08, 0.9700397849082947, 0.09711648523807526, -0.2226906567811966, -0.188415065407753, 0.8793928027153015, -0.4372275173664093, 0.15337073802947998, 0.46608665585517883, 0.8713443875312805),
            ["LeftLowerArm"] = CFrame.new(-0.0004999041557312012, -0.00010001659393310547, -4.6938657760620117e-07, 1, -4.4703490686970326e-08, 0, 5.96046660916727e-08, 0.5728229880332947, -0.8196790218353271, 5.215408194203519e-08, 0.8196790814399719, 0.5728230476379395),
            ["RightUpperArm"] = CFrame.new(1.1920928955078125e-07, -3.5762786865234375e-07, 5.960464477539063e-08, 0.536633312702179, -0.8433820605278015, -0.027044720947742462, 0.28418293595314026, 0.21081431210041046, -0.9353061318397522, 0.794521689414978, 0.4942307770252228, 0.3528047204017639),
            ["Head"] = CFrame.new(-5.122274160385132e-08, -3.5762786865234375e-07, 6.810296326875687e-08, 0.964741587638855, 0.009042101912200451, 0.2630436420440674, 0.04335237666964531, 0.9803001284599304, -0.1926974356174469, -0.2596040368080139, 0.1973067969083786, 0.9453442692756653),
            ["RightHand"] = CFrame.new(8.940696716308594e-08, -5.960464477539063e-08, 2.9802322387695312e-08, 0.9715750813484192, -0.23477977514266968, 0.030339976772665977, 0.23664551973342896, 0.9666759371757507, -0.09765593707561493, -0.006401228718459606, 0.10205989331007004, 0.9947577118873596),
            ["UpperTorso"] = CFrame.new(-3.725290298461914e-09, -5.960464477539063e-08, 1.6763806343078613e-08, 0.9962365627288818, -0.049806784838438034, 0.07093652337789536, 0.043391093611717224, 0.9950612783432007, 0.08927684277296066, -0.0750327780842781, -0.08586286753416061, 0.9934776425361633),
            ["HumanoidRootPart"] = CFrame.new(0, 0, 0, 1, 0, 0, 0, 1, 0, 0, 0, 1),
            ["RightUpperLeg"] = CFrame.new(5.960464477539063e-08, -2.0721927285194397e-08, 4.300818545743823e-08, 0.9990720748901367, -0.039815504103899, 0.016423342749476433, 0.04196995124220848, 0.8143821358680725, -0.5788092613220215, 0.00967060774564743, 0.5789616107940674, 0.8152976632118225),
            ["LeftUpperArm"] = CFrame.new(0, -2.384185791015625e-07, 1.043081283569336e-07, 0.11664759367704391, 0.9020220041275024, 0.41563180088996887, -0.4539266526699066, 0.4206419289112091, -0.7855004668235779, -0.8833708763122559, -0.0970396026968956, 0.4585186541080475),
            ["RightLowerArm"] = CFrame.new(-2.980232238769531e-07, -1.7881393432617188e-07, 9.359791874885559e-08, 1, -9.685756197086448e-08, 1.3783575525394554e-07, 8.940698137394065e-08, -0.18602338433265686, -0.9825453758239746, 1.0267832806221122e-07, 0.9825453758239746, -0.18602339923381805),
            ["LeftHand"] = CFrame.new(5.960464477539063e-08, 0.0000997781753540039, 3.5762786865234375e-07, 0.9628081917762756, 0.2694028615951538, -0.020555958151817322, -0.2699521481990814, 0.9623511433601379, -0.03171953558921814, 0.011236723512411118, 0.03608899191021919, 0.9992853999137878),
            ["LeftFoot"] = CFrame.new(1.4901161193847656e-08, -0.00019985437393188477, 0.00010001659393310547, 0.8765348196029663, -0.2955484986305237, 0.3799178898334503, 0.38047361373901367, 0.9088886976242065, -0.17076757550239563, -0.29483315348625183, 0.29423224925994873, 0.9091209173202515),
            ["LowerTorso"] = CFrame.new(0.12832339107990265, -0.24729502201080322, -0.11827835440635681, 0.978345513343811, -0.04500456899404526, -0.20202645659446716, 0.07265640050172806, 0.9886345267295837, 0.13161639869213104, 0.193806990981102, -0.14344482123851776, 0.9704959988594055),
            ["RightLowerLeg"] = CFrame.new(-1.4901161193847656e-08, -0.000003516674041748047, -0.000013305041647981852, 1, -1.30385160446167e-07, -3.35276340024393e-08, 1.1920928955078125e-07, 0.567043662071228, 0.8236876130104065, -1.1175870895385742e-08, -0.8236877918243408, 0.5670440196990967),
            ["LeftUpperLeg"] = CFrame.new(-1.1920928955078125e-07, 1.0989606380462646e-07, -0.00009992718696594238, 0.8252753019332886, 0.551317572593689, 0.12235136330127716, -0.3883906602859497, 0.7113787531852722, -0.5857409238815308, -0.40996745228767395, 0.43587765097618103, 0.8012101650238037),
            ["LeftLowerLeg"] = CFrame.new(1.043081283569336e-07, 0.0002040266990661621, 0.00011322088539600372, 1, 1.1920931797249068e-07, 9.685756197086448e-08, -3.725289943190546e-08, 0.6355411410331726, 0.7720672488212585, 4.1909512304982854e-08, -0.7720670700073242, 0.6355409622192383),
        }},
        {Time = 0.067, Data = {
            ["RightFoot"] = CFrame.new(9.313225746154785e-08, 2.384185791015625e-07, 5.420588422566652e-09, 0.9684515595436096, 0.11429287493228912, -0.22144721448421478, -0.205582395195961, 0.8686589598655701, -0.4507406949996948, 0.14084559679031372, 0.48204654455184937, 0.864750862121582),
            ["LeftLowerArm"] = CFrame.new(-0.000499725341796875, -0.00010001659393310547, 2.8312206268310547e-07, 1, -7.450579175838357e-08, 2.9802315282267955e-08, 5.774199962615967e-08, 0.5320249199867249, -0.8467288017272949, 6.705522537231445e-08, 0.8467286825180054, 0.5320248603820801),
            ["RightUpperArm"] = CFrame.new(1.1920928955078125e-07, 0, -1.043081283569336e-07, 0.5522204637527466, -0.8336277008056641, -0.010836858302354813, 0.2729519009590149, 0.19306325912475586, -0.9424563050270081, 0.7877498269081116, 0.5174858570098877, 0.3341537415981293),
            ["Head"] = CFrame.new(-2.421438694000244e-08, 0, -5.122274160385132e-08, 0.9552702903747559, 0.008092191070318222, 0.2956237494945526, 0.0389556922018528, 0.9874719381332397, -0.15291063487529755, -0.29315754771232605, 0.1575872004032135, 0.942987322807312),
            ["RightHand"] = CFrame.new(-1.1920928955078125e-07, -5.960464477539063e-08, -2.5331974029541016e-07, 0.9731796979904175, -0.22781965136528015, 0.0319286547601223, 0.2298727184534073, 0.9684228301048279, -0.09651836007833481, -0.008931661956012249, 0.10126923769712448, 0.9948189854621887),
            ["UpperTorso"] = CFrame.new(1.862645149230957e-08, -5.960464477539063e-08, 1.210719347000122e-08, 0.9983096718788147, -0.021115629002451897, 0.05414839833974838, 0.016726413741707802, 0.9966330528259277, 0.08026836812496185, -0.05566101521253586, -0.07922694832086563, 0.9953014850616455),
            ["HumanoidRootPart"] = CFrame.new(0, 0, 0, 1, 0, 0, 0, 1, 0, 0, 0, 1),
            ["RightUpperLeg"] = CFrame.new(-2.9802322387695312e-08, -8.312053978443146e-08, 6.62912498228252e-08, 0.9984193444252014, -0.013317102566361427, 0.0546036921441555, 0.042385902255773544, 0.8164159059524536, -0.5759069919586182, -0.03690994903445244, 0.5773109793663025, 0.815689742565155),
            ["LeftUpperArm"] = CFrame.new(-1.1920928955078125e-07, 3.5762786865234375e-07, -1.6391277313232422e-07, 0.11324922740459442, 0.8901593685150146, 0.44135117530822754, -0.4652920365333557, 0.44000375270843506, -0.7680494785308838, -0.877882719039917, -0.11837618052959442, 0.4640142321586609),
            ["RightLowerArm"] = CFrame.new(1.7881393432617188e-07, 4.76837158203125e-07, 1.7136335372924805e-07, 1, -1.1920928955078125e-07, 1.1920930376163597e-07, 1.1175872316471214e-07, -0.13584813475608826, -0.9907296895980835, 1.5133993258586997e-07, 0.9907297492027283, -0.13584816455841064),
            ["LeftHand"] = CFrame.new(1.7881393432617188e-07, 0.0000997781753540039, 2.384185791015625e-07, 0.9672967195510864, 0.2525358498096466, -0.023720964789390564, -0.25325441360473633, 0.9667695164680481, -0.03491316735744476, 0.014115806668996811, 0.039778877049684525, 0.9991087913513184),
            ["LeftFoot"] = CFrame.new(-6.705522537231445e-08, -0.00019985437393188477, 0.00009991228580474854, 0.8856762051582336, -0.2596234977245331, 0.3849324584007263, 0.34961333870887756, 0.9184592366218567, -0.18494194746017456, -0.30552974343299866, 0.2983763813972473, 0.9042253494262695),
            ["LowerTorso"] = CFrame.new(0.12361957877874374, -0.27146291732788086, -0.14838437736034393, 0.9670228362083435, -0.058846328407526016, -0.24779856204986572, 0.08816824853420258, 0.9901305437088013, 0.10893990844488144, 0.2389422357082367, -0.1271953284740448, 0.9626671671867371),
            ["RightLowerLeg"] = CFrame.new(7.450580596923828e-08, -0.0000035762786865234375, -0.000013334843970369548, 1, -1.2386588821300393e-07, -1.0058283805847168e-07, 1.4156104555240745e-07, 0.5379664897918701, 0.8429659605026245, -3.3527616238870905e-08, -0.8429663181304932, 0.5379669666290283),
            ["LeftUpperLeg"] = CFrame.new(0, -5.21540641784668e-08, -0.00009995419532060623, 0.8070610165596008, 0.5806419849395752, 0.1072734072804451, -0.4113394618034363, 0.6832075715065002, -0.6033468246459961, -0.423618346452713, 0.44281205534935, 0.7902309894561768),
            ["LeftLowerLeg"] = CFrame.new(1.4901161193847656e-08, 0.00020384788513183594, 0.00011349841952323914, 1, 8.940696716308594e-08, 0, -8.940695295223122e-08, 0.5392206907272339, 0.8421644568443298, 2.2351738238057806e-08, -0.8421645164489746, 0.5392208099365234),
        }},
        {Time = 0.100, Data = {
            ["RightFoot"] = CFrame.new(-7.916241884231567e-08, 1.7881393432617188e-07, 3.056629793718457e-08, 0.9658603668212891, 0.11926563084125519, -0.22997701168060303, -0.21551406383514404, 0.8625324964523315, -0.4578113257884979, 0.143761545419693, 0.4917454421520233, 0.8587894439697266),
            ["LeftLowerArm"] = CFrame.new(-0.0004994869232177734, -0.0001004934310913086, 4.917383193969727e-07, 1, -1.4901162614933128e-07, 4.470348358154297e-08, 8.847565169389782e-08, 0.4883176386356354, -0.8726659417152405, 7.450581307466564e-08, 0.87266606092453, 0.48831769824028015),
            ["RightUpperArm"] = CFrame.new(0, 0, 7.450580596923828e-08, 0.5405094027519226, -0.8412560224533081, 0.011746237054467201, 0.2728148102760315, 0.16204309463500977, -0.9483218193054199, 0.795877993106842, 0.5157814025878906, 0.3170928955078125),
            ["Head"] = CFrame.new(2.514570951461792e-08, 0, -3.259629011154175e-09, 0.955786943435669, -0.005485497880727053, 0.2940092086791992, 0.04121362045407295, 0.9924564361572266, -0.11546343564987183, -0.29115796089172363, 0.12247563153505325, 0.9488028287887573),
            ["RightHand"] = CFrame.new(2.9802322387695312e-08, 0.0000010132789611816406, -1.4901161193847656e-08, 0.9755703210830688, -0.21696966886520386, 0.03445142135024071, 0.21931092441082, 0.9710285067558289, -0.09490229189395905, -0.012862376868724823, 0.10013946145772934, 0.9948902726173401),
            ["UpperTorso"] = CFrame.new(2.2351741790771484e-08, 0, 1.4901161193847656e-08, 0.9989349842071533, 0.0026533009950071573, 0.04606429487466812, -0.006985463201999664, 0.995534360408783, 0.09414194524288177, -0.04560880362987518, -0.0943634882569313, 0.9944925308227539),
            ["HumanoidRootPart"] = CFrame.new(0, 0, 0, 1, 0, 0, 0, 1, 0, 0, 0, 1),
            ["RightUpperLeg"] = CFrame.new(1.1920928955078125e-07, 1.6810372471809387e-07, -1.6596459317952394e-08, 0.9954701662063599, 0.0015127500519156456, 0.09506244957447052, 0.053268641233444214, 0.8193216919898987, -0.5708540678024292, -0.07875046879053116, 0.5733321309089661, 0.8155297636985779),
            ["LeftUpperArm"] = CFrame.new(-1.1920928955078125e-07, 2.384185791015625e-07, 8.940696716308594e-08, 0.13982778787612915, 0.8788313269615173, 0.45618385076522827, -0.46275976300239563, 0.46530094742774963, -0.7545518279075623, -0.8753864765167236, -0.10559625923633575, 0.47174978256225586),
            ["RightLowerArm"] = CFrame.new(-5.960464477539063e-08, -1.7881393432617188e-07, 4.777684807777405e-07, 1, -9.313223614526578e-08, 7.450580596923828e-08, 9.685752644372769e-08, -0.06982819736003876, -0.9975590705871582, 9.499488129449674e-08, 0.9975590705871582, -0.06982821226119995),
            ["LeftHand"] = CFrame.new(4.76837158203125e-07, 0.00010025501251220703, 0, 0.9708046913146973, 0.237263023853302, -0.035279348492622375, -0.23856793344020844, 0.9703415036201477, -0.03902430832386017, 0.0249740369617939, 0.04630134627223015, 0.9986153244972229),
            ["LeftFoot"] = CFrame.new(-7.078051567077637e-08, -0.00020003318786621094, 0.00010000169277191162, 0.8952175378799438, -0.25204092264175415, 0.3675069212913513, 0.32225489616394043, 0.9357540607452393, -0.14323507249355316, -0.3077947199344635, 0.24665725231170654, 0.9189246296882629),
            ["LowerTorso"] = CFrame.new(0.1073027029633522, -0.2951340675354004, -0.17761880159378052, 0.9588088989257812, -0.06924315541982651, -0.2754833400249481, 0.09347215294837952, 0.9927321672439575, 0.07580137252807617, 0.26823246479034424, -0.09842903912067413, 0.9583126306533813),
            ["RightLowerLeg"] = CFrame.new(-5.21540641784668e-08, -0.000003516674041748047, -0.000013290140486788005, 1, -1.1175868053214799e-07, -1.0430816388407038e-07, 1.564622067462551e-07, 0.4937029480934143, 0.8696303963661194, -5.2154071283894154e-08, -0.8696306347846985, 0.49370336532592773),
            ["LeftUpperLeg"] = CFrame.new(5.960464477539063e-08, -1.2852251529693604e-07, -0.00010004639625549316, 0.7963984608650208, 0.600805938243866, 0.06914979219436646, -0.4333891272544861, 0.646717369556427, -0.6276388168334961, -0.4218096435070038, 0.46988189220428467, 0.7754275798797607),
            ["LeftLowerLeg"] = CFrame.new(5.960464477539063e-08, 0.0002040266990661621, 0.00011321902275085449, 1, 1.415610881849716e-07, 8.940698137394065e-08, -1.1920927533992653e-07, 0.4270317852497101, 0.9042366147041321, 5.960463766996327e-08, -0.9042366743087769, 0.4270320236682892),
        }},
        {Time = 0.133, Data = {
            ["RightFoot"] = CFrame.new(1.257285475730896e-08, 2.980232238769531e-07, 4.7795765567570925e-08, 0.9625840783119202, 0.12146886438131332, -0.24223417043685913, -0.22232463955879211, 0.8650826215744019, -0.44967058300971985, 0.15493141114711761, 0.4867005944252014, 0.8597202897071838),
            ["LeftLowerArm"] = CFrame.new(-0.0005006790161132812, -0.00009930133819580078, -2.9802322387695312e-08, 1, -1.1920928955078125e-07, 4.4703490686970326e-08, 1.1920928955078125e-07, 0.44355693459510803, -0.8962462544441223, 1.043081283569336e-07, 0.8962462544441223, 0.4435569643974304),
            ["RightUpperArm"] = CFrame.new(2.384185791015625e-07, 1.1920928955078125e-07, 0, 0.5140738487243652, -0.8567437529563904, 0.04145212844014168, 0.28318843245506287, 0.12390833348035812, -0.9510262608528137, 0.8096495270729065, 0.5006365776062012, 0.3063179552555084),
            ["Head"] = CFrame.new(-1.4901161193847656e-08, -1.1920928955078125e-07, -5.587935447692871e-09, 0.9592651128768921, -0.02891826629638672, 0.2810235023498535, 0.050744377076625824, 0.9962060451507568, -0.07070141285657883, -0.27791276574134827, 0.08208175748586655, 0.9570930600166321),
            ["RightHand"] = CFrame.new(7.450580596923828e-08, -5.960464477539063e-08, 2.3096799850463867e-07, 0.9784809947013855, -0.20283761620521545, 0.037841349840164185, 0.20554839074611664, 0.9742290377616882, -0.09288506209850311, -0.018025526776909828, 0.09866449236869812, 0.9949575066566467),
            ["UpperTorso"] = CFrame.new(0, 2.9802322387695312e-08, 8.381903171539307e-09, 0.999481737613678, 0.02149445377290249, 0.023961588740348816, -0.024278929457068443, 0.9921433329582214, 0.12272810190916061, -0.021135373041033745, -0.12324625253677368, 0.9921510219573975),
            ["HumanoidRootPart"] = CFrame.new(0, 0, 0, 1, 0, 0, 0, 1, 0, 0, 0, 1),
            ["RightUpperLeg"] = CFrame.new(-5.960464477539063e-08, 3.3527612686157227e-07, 6.535992724820971e-08, 0.9909785389900208, 0.00008338686893694103, 0.13402076065540314, 0.07621201127767563, 0.8222233653068542, -0.564039409160614, -0.11024203151464462, 0.5691651105880737, 0.8147994875907898),
            ["LeftUpperArm"] = CFrame.new(1.1920928955078125e-07, 3.5762786865234375e-07, 4.470348358154297e-08, 0.18187563121318817, 0.8683524131774902, 0.46139514446258545, -0.4572054147720337, 0.490093857049942, -0.7421396970748901, -0.87056565284729, -0.07597525417804718, 0.48615145683288574),
            ["RightLowerArm"] = CFrame.new(5.960464477539063e-08, 1.7881393432617188e-07, 2.4586915969848633e-07, 1, -1.0989607801548118e-07, 8.195636524988004e-08, 8.195636524988004e-08, 0.013208797201514244, -0.9999127984046936, 1.3969835777061235e-07, 0.9999127984046936, 0.013208790682256222),
            ["LeftHand"] = CFrame.new(-1.7881393432617188e-07, 0.00010019540786743164, -5.513429641723633e-07, 0.9732059836387634, 0.2235165387392044, -0.05395020544528961, -0.22595526278018951, 0.9731295108795166, -0.04430907964706421, 0.042596716433763504, 0.05531224235892296, 0.9975600838661194),
            ["LeftFoot"] = CFrame.new(7.450580596923828e-09, -0.00020003318786621094, 0.00009994208812713623, 0.9025005102157593, -0.24753081798553467, 0.35245078802108765, 0.29689329862594604, 0.9503941535949707, -0.09276409447193146, -0.31200531125068665, 0.18835993111133575, 0.9312214255332947),
            ["LowerTorso"] = CFrame.new(0.07992994040250778, -0.31601667404174805, -0.2029087245464325, 0.9564208984375, -0.07526309788227081, -0.2821251451969147, 0.08691389113664627, 0.995793879032135, 0.028993284329771996, 0.27875635027885437, -0.05225037410855293, 0.9589394330978394),
            ["RightLowerLeg"] = CFrame.new(-7.450580596923828e-08, -0.0000036954879760742188, -0.0000133199428091757, 1, -1.0803341865539551e-07, -6.705524668859653e-08, 1.564621925354004e-07, 0.42927560210227966, 0.9031733870506287, -7.078051567077637e-08, -0.9031736254692078, 0.4292759895324707),
            ["LeftUpperLeg"] = CFrame.new(-5.960464477539063e-08, 9.313225746154785e-08, -0.00009997561573982239, 0.799204409122467, 0.5998221039772034, 0.038550008088350296, -0.4426302909851074, 0.6307260990142822, -0.637387216091156, -0.406633585691452, 0.4923393726348877, 0.769578754901886),
            ["LeftLowerLeg"] = CFrame.new(3.725290298461914e-08, 0.0002040863037109375, 0.00011329352855682373, 1, 1.1175872316471214e-07, -1.4901162970204496e-08, -5.960464477539063e-08, 0.3312343657016754, 0.9435486793518066, 1.043081283569336e-07, -0.9435485601425171, 0.3312341570854187),
        }},
        {Time = 0.167, Data = {
            ["RightFoot"] = CFrame.new(-2.3865140974521637e-09, 2.980232238769531e-07, -6.330083124339581e-10, 0.9601214528083801, 0.11725850403308868, -0.2538059651851654, -0.22078770399093628, 0.8749223947525024, -0.43100300431251526, 0.1715216487646103, 0.4698525071144104, 0.865920901298523),
            ["LeftLowerArm"] = CFrame.new(-0.0004998743534088135, -0.0000997781753540039, -2.086162567138672e-07, 1, -1.4901159772762185e-07, 8.195635814445268e-08, 5.215404996761208e-08, 0.3998483717441559, -0.9165813326835632, 8.940694584680386e-08, 0.9165813326835632, 0.39984840154647827),
            ["RightUpperArm"] = CFrame.new(0, 1.1920928955078125e-07, -2.9802322387695312e-08, 0.47258585691452026, -0.8790414333343506, 0.06283874809741974, 0.29381757974624634, 0.08993344753980637, -0.9516214728355408, 0.830863356590271, 0.46818605065345764, 0.3007790148258209),
            ["Head"] = CFrame.new(1.7695128917694092e-08, 2.384185791015625e-07, -4.6566128730773926e-09, 0.9619572162628174, -0.06498653441667557, 0.26535850763320923, 0.07371750473976135, 0.9970123767852783, -0.02306579053401947, -0.2630667984485626, 0.04174989461898804, 0.9638738632202148),
            ["RightHand"] = CFrame.new(-8.940696716308594e-08, 3.5762786865234375e-07, -3.203749656677246e-07, 0.9816340804100037, -0.18608641624450684, 0.04203012213110924, 0.1892286241054535, 0.9777432084083557, -0.09061368554830551, -0.024232732132077217, 0.0969027727842331, 0.9949988722801208),
            ["UpperTorso"] = CFrame.new(-2.0489096641540527e-08, -1.4901161193847656e-07, 2.421438694000244e-08, 0.9993111491203308, 0.03375263884663582, -0.015431302599608898, -0.030829912051558495, 0.9864497780799866, 0.16114148497581482, 0.020661143586039543, -0.16055475175380707, 0.9868106842041016),
            ["HumanoidRootPart"] = CFrame.new(0, 0, 0, 1, 0, 0, 0, 1, 0, 0, 0, 1),
            ["RightUpperLeg"] = CFrame.new(-2.9802322387695312e-08, 8.015194907784462e-08, -3.894820110872388e-08, 0.9879412055015564, -0.028570089489221573, 0.15217097103595734, 0.10797639936208725, 0.8315200209617615, -0.5448994636535645, -0.1109653189778328, 0.5547595620155334, 0.824577808380127),
            ["LeftUpperArm"] = CFrame.new(0, 1.1920928955078125e-07, -1.4901161193847656e-08, 0.2395210713148117, 0.8631709814071655, 0.4444834291934967, -0.454680860042572, 0.5042290687561035, -0.7341787815093994, -0.857843279838562, -0.0262468159198761, 0.5132407546043396),
            ["RightLowerArm"] = CFrame.new(-2.384185791015625e-07, 5.960464477539063e-08, -3.986060619354248e-07, 1, -1.341104507446289e-07, 6.705522537231445e-08, 7.078050856534901e-08, 0.10773009061813354, -0.9941802620887756, 6.47269118303484e-08, 0.9941802620887756, 0.10773009061813354),
            ["LeftHand"] = CFrame.new(1.7881393432617188e-07, 0.00009959936141967773, -3.2782554626464844e-07, 0.974279522895813, 0.2112886607646942, -0.07833603024482727, -0.2155727595090866, 0.9751600027084351, -0.05090750753879547, 0.06563395261764526, 0.06648522615432739, 0.9956264495849609),
            ["LeftFoot"] = CFrame.new(-3.3527612686157227e-08, -0.00020015239715576172, 0.00009997189044952393, 0.9005579352378845, -0.23553897440433502, 0.36539900302886963, 0.27760738134384155, 0.9583974480628967, -0.06639745831489563, -0.33455890417099, 0.16123218834400177, 0.9284799695014954),
            ["LowerTorso"] = CFrame.new(0.04448413848876953, -0.33115577697753906, -0.22478659451007843, 0.9654248356819153, -0.07378362864255905, -0.2500218451023102, 0.06977098435163498, 0.9972525238990784, -0.024886921048164368, 0.25117117166519165, 0.006582182832062244, 0.9679203033447266),
            ["RightLowerLeg"] = CFrame.new(5.960464477539063e-08, -0.0000035762786865234375, -0.00001337954745395109, 1, -1.2293457984924316e-07, -8.195637946073475e-08, 1.8626454334480513e-07, 0.3590250611305237, 0.9333279132843018, -1.0244549741855735e-07, -0.9333279132843018, 0.35902512073516846),
            ["LeftUpperLeg"] = CFrame.new(-1.1920928955078125e-07, 2.0023435354232788e-08, -0.00010005384683609009, 0.8257535696029663, 0.5637457370758057, 0.017946774140000343, -0.4266854226589203, 0.6451696157455444, -0.6337944865226746, -0.3688774108886719, 0.5157003998756409, 0.7732933163642883),
            ["LeftLowerLeg"] = CFrame.new(-5.960464477539063e-08, 0.00020396709442138672, 0.0001135021448135376, 1, 1.2665992699112394e-07, 5.960464477539063e-08, -2.9802318834981634e-08, 0.2648909091949463, 0.964278519153595, 1.4901159417490817e-08, -0.9642784595489502, 0.2648906409740448),
        }},
        {Time = 0.200, Data = {
            ["RightFoot"] = CFrame.new(3.166496753692627e-08, 4.172325134277344e-07, -6.175105227157474e-08, 0.9546616077423096, 0.12334892153739929, -0.2709362208843231, -0.23108583688735962, 0.8808133006095886, -0.4132393002510071, 0.1876714825630188, 0.45711374282836914, 0.8693830370903015),
            ["LeftLowerArm"] = CFrame.new(-0.0005001425743103027, -0.00009959936141967773, 0, 1, -1.192093463942001e-07, 9.313225746154785e-08, 5.96046660916727e-08, 0.3605262041091919, -0.9327490925788879, 0, 0.9327491521835327, 0.3605262041091919),
            ["RightUpperArm"] = CFrame.new(-5.960464477539063e-08, 0, -7.450580596923828e-09, 0.4162449538707733, -0.9065984487533569, 0.06942130625247955, 0.31127527356147766, 0.07034562528133392, -0.9477127194404602, 0.854311466217041, 0.4160897731781006, 0.31148263812065125),
            ["Head"] = CFrame.new(1.7229467630386353e-08, -1.1920928955078125e-07, 7.12461769580841e-08, 0.9650111198425293, -0.11166296154260635, 0.2372444123029709, 0.10869911313056946, 0.9937456250190735, 0.025579987093806267, -0.2386169284582138, 0.00110328767914325, 0.9711132049560547),
            ["RightHand"] = CFrame.new(7.450580596923828e-08, -6.556510925292969e-07, 1.19674950838089e-07, 0.9847817420959473, -0.16733229160308838, 0.04695746302604675, 0.17094939947128296, 0.9813271760940552, -0.0881660059094429, -0.031327590346336365, 0.09485157579183578, 0.9949984550476074),
            ["UpperTorso"] = CFrame.new(-1.862645149230957e-09, 1.1920928955078125e-07, -4.656612873077393e-10, 0.9971825480461121, 0.03852265328168869, -0.06436686962842941, -0.025823146104812622, 0.9819060564041138, 0.18760013580322266, 0.07042910158634186, -0.18540944159030914, 0.9801341891288757),
            ["HumanoidRootPart"] = CFrame.new(0, 0, 0, 1, 0, 0, 0, 1, 0, 0, 0, 1),
            ["RightUpperLeg"] = CFrame.new(1.1920928955078125e-07, 1.257285475730896e-07, 1.3205863069742918e-08, 0.9832533597946167, -0.07770094275474548, 0.1648501753807068, 0.15309883654117584, 0.8428679704666138, -0.5158823728561401, -0.09886232763528824, 0.53248131275177, 0.8406484723091125),
            ["LeftUpperArm"] = CFrame.new(0, 2.384185791015625e-07, 1.4901161193847656e-08, 0.31795287132263184, 0.8465393781661987, 0.4269392490386963, -0.4463924169540405, 0.5309362411499023, -0.7203059196472168, -0.8364447951316833, 0.03844091668725014, 0.5467013716697693),
            ["RightLowerArm"] = CFrame.new(-1.7881393432617188e-07, 5.960464477539063e-08, -2.4586915969848633e-07, 1, -6.332992796842518e-08, 4.8428766774577525e-08, 8.568166975919667e-08, 0.20786011219024658, -0.9781585931777954, 8.84756374830431e-08, 0.9781586527824402, 0.20786014199256897),
            ["LeftHand"] = CFrame.new(1.1920928955078125e-07, 0.00010037422180175781, 1.341104507446289e-07, 0.9738024473190308, 0.20054267346858978, -0.10719886422157288, -0.20755647122859955, 0.9764574766159058, -0.05874766409397125, 0.09289376437664032, 0.07945847511291504, 0.9925004243850708),
            ["LeftFoot"] = CFrame.new(8.940696716308594e-08, -0.0002002120018005371, 0.00010006129741668701, 0.8911014795303345, -0.2357650250196457, 0.3877541422843933, 0.2854807376861572, 0.9554345607757568, -0.07513648271560669, -0.35275915265083313, 0.1776508092880249, 0.9186955094337463),
            ["LowerTorso"] = CFrame.new(0.003947989083826542, -0.3413577079772949, -0.24551275372505188, 0.9795722365379333, -0.05754150077700615, -0.19268430769443512, 0.04521949961781502, 0.9966769814491272, -0.06775084882974625, 0.19594250619411469, 0.05765375867486, 0.9789190888404846),
            ["RightLowerLeg"] = CFrame.new(-1.4901161193847656e-08, -0.0000034570693969726562, -0.000013366508937906474, 1, -1.5646214990283625e-07, -1.0430819941120717e-07, 1.564622067462551e-07, 0.29928329586982727, 0.9541641473770142, -1.0989607801548118e-07, -0.9541642665863037, 0.2992839217185974),
            ["LeftUpperLeg"] = CFrame.new(5.960464477539063e-08, 1.4528632164001465e-07, -0.00010002404451370239, 0.862452507019043, 0.505975604057312, 0.012827555648982525, -0.3893459141254425, 0.6794204115867615, -0.6219305992126465, -0.3233970105648041, 0.5313912630081177, 0.7829673290252686),
            ["LeftLowerLeg"] = CFrame.new(-7.450580596923828e-08, 0.00020420551300048828, 0.00011323392391204834, 1, 9.685754776000977e-08, 7.4505820180093e-08, -8.195639367158947e-08, 0.2294704020023346, 0.9733155965805054, 7.450581485102248e-09, -0.9733156561851501, 0.22947052121162415),
        }},
        {Time = 0.233, Data = {
            ["RightFoot"] = CFrame.new(6.775371730327606e-08, 4.172325134277344e-07, 2.032174961641431e-08, 0.945423424243927, 0.12828440964221954, -0.2995293140411377, -0.24951350688934326, 0.8762237429618835, -0.41228070855140686, 0.20956556499004364, 0.46451613306999207, 0.8604108691215515),
            ["LeftLowerArm"] = CFrame.new(-0.0004994571208953857, -0.00010055303573608398, 8.940696716308594e-08, 1, -1.4901161193847656e-07, 9.313223969797946e-09, 8.940695295223122e-08, 0.33127647638320923, -0.9435337781906128, 8.940695295223122e-08, 0.9435337781906128, 0.33127647638320923),
            ["RightUpperArm"] = CFrame.new(0, 2.384185791015625e-07, 1.3271346688270569e-08, 0.34853652119636536, -0.9347814321517944, 0.06859982013702393, 0.33894822001457214, 0.05746494233608246, -0.9390484690666199, 0.8738629817962646, 0.3505445420742035, 0.336870938539505),
            ["Head"] = CFrame.new(6.05359673500061e-09, -2.384185791015625e-07, 4.0105078369379044e-08, 0.9668620824813843, -0.1622403860092163, 0.19711871445178986, 0.15084299445152283, 0.9859598278999329, 0.07162239402532578, -0.2059711515903473, -0.03951495885848999, 0.9777599573135376),
            ["RightHand"] = CFrame.new(4.470348358154297e-08, 7.748603820800781e-07, -6.984919309616089e-09, 0.9877108335494995, -0.14719708263874054, 0.05253917723894119, 0.15131314098834991, 0.9847710728645325, -0.08561747521162033, -0.039136458188295364, 0.09251521527767181, 0.9949419498443604),
            ["UpperTorso"] = CFrame.new(-1.862645149230957e-09, 5.960464477539063e-08, -1.0244548320770264e-08, 0.9937431812286377, 0.034700166434049606, -0.1061619445681572, -0.01339263841509819, 0.9806759357452393, 0.1951807588338852, 0.11088325828313828, -0.19253778457641602, 0.9750046730041504),
            ["HumanoidRootPart"] = CFrame.new(0, 0, 0, 1, 0, 0, 0, 1, 0, 0, 0, 1),
            ["RightUpperLeg"] = CFrame.new(0, -3.511086106300354e-07, -5.420588422566652e-09, 0.9746609926223755, -0.13163354992866516, 0.180855393409729, 0.20420534908771515, 0.853618860244751, -0.4792020320892334, -0.09130243211984634, 0.5039916634559631, 0.8588694930076599),
            ["LeftUpperArm"] = CFrame.new(0, 3.5762786865234375e-07, -9.080395102500916e-09, 0.3987234830856323, 0.8260234594345093, 0.3983778953552246, -0.4427083432674408, 0.5538042187690735, -0.7052024006843567, -0.803136944770813, 0.1048155277967453, 0.5865020155906677),
            ["RightLowerArm"] = CFrame.new(-2.384185791015625e-07, 5.364418029785156e-07, -5.289912223815918e-07, 1, -9.685752644372769e-08, 3.7252888773764425e-08, 8.568166975919667e-08, 0.30760860443115234, -0.9515129923820496, 1.0477377543338662e-07, 0.9515129327774048, 0.30760863423347473),
            ["LeftHand"] = CFrame.new(2.980232238769531e-07, 0.00010055303573608398, -2.0302832126617432e-07, 0.9716210961341858, 0.1912136822938919, -0.13924755156040192, -0.2019888162612915, 0.9770424365997314, -0.06774011999368668, 0.12309792637825012, 0.0939442366361618, 0.9879380464553833),
            ["LeftFoot"] = CFrame.new(3.725290298461914e-08, -0.00020009279251098633, 0.00009997189044952393, 0.8854643702507019, -0.2236236035823822, 0.4073631465435028, 0.2983802556991577, 0.9456251263618469, -0.1294688731431961, -0.35626116394996643, 0.23618969321250916, 0.9040427207946777),
            ["LowerTorso"] = CFrame.new(-0.04236411675810814, -0.35036349296569824, -0.264799565076828, 0.9913330078125, -0.028532203286886215, -0.1282373070716858, 0.01641981676220894, 0.9953860640525818, -0.09453605860471725, 0.13034294545650482, 0.09161107987165451, 0.9872274994850159),
            ["RightLowerLeg"] = CFrame.new(1.6391277313232422e-07, -0.0000035762786865234375, -0.00001357326254947111, 1, -1.3038525992215e-07, -1.0058283805847168e-07, 1.3411046495548362e-07, 0.2556730806827545, 0.966763436794281, -1.1920930376163597e-07, -0.9667633771896362, 0.25567272305488586),
            ["LeftUpperLeg"] = CFrame.new(-2.384185791015625e-07, -4.777684807777405e-07, -0.000099964439868927, 0.8988422751426697, 0.4373949468135834, 0.027722669765353203, -0.3324328362941742, 0.7216334939002991, -0.6072338223457336, -0.2856065332889557, 0.5365918278694153, 0.7940393686294556),
            ["LeftLowerLeg"] = CFrame.new(-8.940696716308594e-08, 0.0002040266990661621, 0.0001135021448135376, 1, 1.1920927533992653e-07, 1.043081780949251e-07, -8.940693874137651e-08, 0.2192014455795288, 0.9756796360015869, 5.21540464148984e-08, -0.9756796956062317, 0.21920153498649597),
        }},
        {Time = 0.267, Data = {
            ["RightFoot"] = CFrame.new(4.190951585769653e-08, 3.5762786865234375e-07, -9.480572771281004e-09, 0.9366844892501831, 0.14612163603305817, -0.31823062896728516, -0.2652650773525238, 0.8893445730209351, -0.372425377368927, 0.22859744727611542, 0.4332605004310608, 0.871796190738678),
            ["LeftLowerArm"] = CFrame.new(-0.0004996657371520996, -0.00010097026824951172, 5.960464477539062e-07, 1, -7.450581307466564e-08, 9.313222193441106e-08, 4.4703490686970326e-08, 0.2829791307449341, -0.9591260552406311, 0, 0.9591260552406311, 0.2829791307449341),
            ["RightUpperArm"] = CFrame.new(1.1920928955078125e-07, -5.960464477539062e-07, -1.1175870895385742e-08, 0.2796579599380493, -0.9578085541725159, 0.0662894919514656, 0.3686845004558563, 0.04338335618376732, -0.9285417199134827, 0.8864892721176147, 0.2841140031814575, 0.36526158452033997),
            ["Head"] = CFrame.new(-1.4901161193847656e-08, -7.152557373046875e-07, -3.306195139884949e-08, 0.965104877948761, -0.21213620901107788, 0.15352843701839447, 0.19570325314998627, 0.9738513827323914, 0.11538554728031158, -0.17399132251739502, -0.08131317049264908, 0.9813843965530396),
            ["RightHand"] = CFrame.new(-5.21540641784668e-08, 7.152557373046875e-07, 2.2957101464271545e-07, 0.9902394413948059, -0.1264222413301468, 0.05868060886859894, 0.13104413449764252, 0.9878915548324585, -0.08305299282073975, -0.04747035354375839, 0.08993204683065414, 0.9948159456253052),
            ["UpperTorso"] = CFrame.new(1.1175870895385742e-08, 8.940696716308594e-08, 1.1641532182693481e-08, 0.9893410205841064, 0.024737585335969925, -0.14350049197673798, 0.0031630019657313824, 0.9815813899040222, 0.1910185068845749, 0.14558270573616028, -0.18943627178668976, 0.9710405468940735),
            ["HumanoidRootPart"] = CFrame.new(0, 0, 0, 1, 0, 0, 0, 1, 0, 0, 0, 1),
            ["RightUpperLeg"] = CFrame.new(0, -4.279427230358124e-07, -4.639878170564771e-08, 0.9598288536071777, -0.18445640802383423, 0.21143421530723572, 0.26445066928863525, 0.8465545773506165, -0.46196451783180237, -0.09377828240394592, 0.4993208050727844, 0.8613271117210388),
            ["LeftUpperArm"] = CFrame.new(5.960464477539063e-08, -2.384185791015625e-07, -2.60770320892334e-08, 0.4772495627403259, 0.7954937219619751, 0.3733936548233032, -0.4265958368778229, 0.5812057256698608, -0.6929760575294495, -0.7682766318321228, 0.17143431305885315, 0.616734504699707),
            ["RightLowerArm"] = CFrame.new(2.384185791015625e-07, 4.172325134277344e-07, -4.470348358154297e-08, 1, -1.3038513202445756e-07, 3.725289587919178e-08, 8.940698847936801e-08, 0.4012317359447479, -0.9159765243530273, 8.707868204282931e-08, 0.9159765839576721, 0.4012317359447479),
            ["LeftHand"] = CFrame.new(-2.384185791015625e-07, 0.00010001659393310547, -2.2351741790771484e-07, 0.9676995277404785, 0.18327848613262177, -0.17310898005962372, -0.19891934096813202, 0.9769342541694641, -0.07765739411115646, 0.1548832356929779, 0.10958386957645416, 0.9818364381790161),
            ["LeftFoot"] = CFrame.new(5.21540641784668e-08, -0.00020015239715576172, 0.00010003149509429932, 0.8893091678619385, -0.1812453269958496, 0.41985592246055603, 0.28758350014686584, 0.9354932308197021, -0.2053007334470749, -0.35556289553642273, 0.30331939458847046, 0.8840660452842712),
            ["LowerTorso"] = CFrame.new(-0.09571472555398941, -0.36109042167663574, -0.2796836495399475, 0.9982253313064575, 0.006845826283097267, -0.05915512517094612, -0.0134701207280159, 0.9935807585716248, -0.11232053488492966, 0.058006465435028076, 0.11291803419589996, 0.9919096827507019),
