return {
    ["Leg Swings"] = {
        {Time = 0.000, Data = {
            ["RightFoot"] = CFrame.new(-5.587935447692871e-08, 2.384185791015625e-07, -2.6244379114359617e-08, 0.8550959229469299, 0.30637645721435547, -0.4182639718055725, -0.4916551411151886, 0.73524409532547, -0.46657317876815796, 0.16457891464233398, 0.6046069860458374, 0.7793360948562622),
            ["LeftLowerArm"] = CFrame.new(-4.172325134277344e-07, -0.0000010132789611816406, 4.470348358154297e-08, 1, -8.195635814445268e-08, 9.96514657458647e-08, 1.1920923270736239e-07, -0.34770455956459045, -0.9376041293144226, 1.1920923270736239e-07, 0.9376041293144226, -0.34770458936691284),
            ["RightUpperArm"] = CFrame.new(-2.384185791015625e-07, 7.152557373046875e-07, -6.705522537231445e-08, -0.21372763812541962, -0.068138487637043, 0.9745140671730042, 0.9604172110557556, 0.16778430342674255, 0.22236751019954681, -0.17865991592407227, 0.9834660887718201, 0.02958114631474018),
            ["Head"] = CFrame.new(4.470348358154297e-08, 0, 2.421438694000244e-08, 0.9410932064056396, 0.0601423904299736, -0.3327561914920807, -0.09666363894939423, 0.9908401370048523, -0.09429718554019928, 0.3240368068218231, 0.12090782076120377, 0.9382864236831665),
            ["RightHand"] = CFrame.new(-9.685754776000977e-08, 3.5762786865234375e-07, 1.9371509552001953e-07, 0.8987584710121155, -0.4215402901172638, 0.12056998908519745, 0.4286111295223236, 0.9026412963867188, -0.03913293406367302, -0.09233536571264267, 0.08684869110584259, 0.9919332265853882),
            ["UpperTorso"] = CFrame.new(-7.078051567077637e-08, 5.364418029785156e-07, -4.0978193283081055e-08, 0.9991054534912109, 0.029692014679312706, -0.030112460255622864, -0.02892059087753296, 0.9992504119873047, 0.025737814605236053, 0.03085416369140148, -0.024843920022249222, 0.9992151856422424),
            ["HumanoidRootPart"] = CFrame.new(0, 0, 0, 1, 0, 0, 0, 1, 0, 0, 0, 1),
            ["RightUpperLeg"] = CFrame.new(1.1920928955078125e-07, 7.972121238708496e-07, -7.620110409334302e-08, 0.9711511731147766, -0.22600233554840088, -0.07608175277709961, 0.196986585855484, 0.9401138424873352, -0.2781767249107361, 0.13439415395259857, 0.2551644444465637, 0.9575120210647583),
            ["LeftUpperArm"] = CFrame.new(0, 1.1920928955078125e-07, -1.862645149230957e-09, -0.017545392736792564, 0.19138050079345703, -0.9813591241836548, -0.931303083896637, 0.354022353887558, 0.08569037169218063, 0.3638225495815277, 0.9154461622238159, 0.1720217615365982),
            ["RightLowerArm"] = CFrame.new(6.556510925292969e-07, -5.960464477539062e-07, 2.384185791015625e-07, 1, -9.313227877782992e-08, 9.313227877782992e-08, 7.823110337312755e-08, 0.05867503583431244, -0.9982771277427673, 7.63684582238966e-08, 0.9982771873474121, 0.05867505073547363),
            ["LeftHand"] = CFrame.new(-8.940696716308594e-08, -5.960464477539063e-08, -3.725290298461914e-08, 0.8142356276512146, -0.3511878550052643, -0.4622635841369629, 0.5134069919586182, 0.8072974681854248, 0.2910054326057434, 0.2709866464138031, -0.47427624464035034, 0.8376325368881226),
            ["LeftFoot"] = CFrame.new(-7.450580596923828e-09, 5.960464477539063e-08, -7.450580596923828e-08, 0.9334335327148438, -0.29224035143852234, -0.20808079838752747, 0.2486901581287384, 0.945141077041626, -0.21180546283721924, 0.2585636079311371, 0.14595869183540344, 0.9549036026000977),
            ["LowerTorso"] = CFrame.new(-0.02099108323454857, -0.31652379035949707, -0.3636096715927124, 0.9465630054473877, -0.04142088070511818, 0.3198481798171997, 0.05067656189203262, 0.9985013008117676, -0.020665284246206284, -0.31851282715797424, 0.03576979413628578, 0.9472435116767883),
            ["RightLowerLeg"] = CFrame.new(-1.341104507446289e-07, -0.0000034570693969726562, -0.000013245437003206462, 1, -1.2665985593685036e-07, -5.215410681103094e-08, 1.0430814256778831e-07, 0.5324997305870056, 0.8464296460151672, -2.980232594040899e-08, -0.8464301824569702, 0.532500684261322),
            ["LeftUpperLeg"] = CFrame.new(-5.960464477539063e-08, 5.634501576423645e-07, -7.450580596923828e-09, 0.9309845566749573, 0.3624110817909241, -0.04388878121972084, -0.2850136160850525, 0.6464552879333496, -0.7077162265777588, -0.22811196744441986, 0.6713820099830627, 0.705132246017456),
            ["LeftLowerLeg"] = CFrame.new(5.960464477539063e-08, 0.0000040531158447265625, 0.000013232231140136719, 1, 6.705523247774181e-08, 1.4901162970204496e-08, -1.1920928955078125e-07, 0.36627811193466187, 0.9305053949356079, 1.4901161193847656e-08, -0.9305055141448975, 0.3662782609462738),
        }},
        {Time = 0.033, Data = {
            ["RightFoot"] = CFrame.new(-5.21540641784668e-08, 3.5762786865234375e-07, 8.272763807326555e-09, 0.8510960936546326, 0.42524465918540955, -0.3079001307487488, -0.5246074795722961, 0.7118003964424133, -0.4670403003692627, 0.02055712230503559, 0.5590234994888306, 0.8288973569869995),
            ["LeftLowerArm"] = CFrame.new(-1.1920928955078125e-07, -9.5367431640625e-07, 1.1920928955078125e-07, 1, -7.729973816594793e-08, 7.729973106052057e-08, 8.288768071906816e-08, -0.3477543294429779, -0.937585711479187, 1.0803338312825872e-07, 0.9375856518745422, -0.34775441884994507),
            ["RightUpperArm"] = CFrame.new(0, 1.1920928955078125e-07, 2.1420419216156006e-08, -0.1759064942598343, -0.06610020250082016, 0.9821851849555969, 0.9669067859649658, 0.17569461464881897, 0.18499429523944855, -0.18479275703430176, 0.9822230339050293, 0.033006977289915085),
            ["Head"] = CFrame.new(2.421438694000244e-08, -2.384185791015625e-07, 2.421438694000244e-08, 0.9420884847640991, 0.021928472444415092, -0.3346470892429352, -0.0572989247739315, 0.993712306022644, -0.09619106352329254, 0.33043360710144043, 0.10979539155960083, 0.9374212622642517),
            ["RightHand"] = CFrame.new(4.0978193283081055e-08, 1.1920928955078125e-07, 1.30385160446167e-07, 0.9020871520042419, -0.41073843836784363, 0.13241170346736908, 0.4184054136276245, 0.9075781106948853, -0.03520065173506737, -0.10571568459272385, 0.08715581148862839, 0.9905695915222168),
            ["UpperTorso"] = CFrame.new(-4.470348358154297e-08, 8.046627044677734e-07, -5.587935447692871e-09, 0.9969291090965271, 0.0698249563574791, -0.035453733056783676, -0.06929538398981094, 0.9974686503410339, 0.01595359854400158, 0.03647807240486145, -0.01344782579690218, 0.9992440342903137),
            ["HumanoidRootPart"] = CFrame.new(0, 0, 0, 1, 0, 0, 0, 1, 0, 0, 0, 1),
            ["RightUpperLeg"] = CFrame.new(5.960464477539063e-08, 5.21540641784668e-07, -9.85528458841145e-08, 0.968090832233429, -0.24503430724143982, -0.052518829703330994, 0.22662828862667084, 0.9454923868179321, -0.23384572565555573, 0.1069561019539833, 0.2144816368818283, 0.9708542227745056),
            ["LeftUpperArm"] = CFrame.new(5.960464477539063e-08, 1.1920928955078125e-07, 6.426125764846802e-08, -0.06262689083814621, 0.2005677968263626, -0.9776760339736938, -0.939734160900116, 0.3180614113807678, 0.1254458874464035, 0.33612149953842163, 0.9266118407249451, 0.1685611754655838),
            ["RightLowerArm"] = CFrame.new(0.0000011324882507324219, -5.960464477539063e-08, -1.4901161193847656e-07, 1, -8.754434333013705e-08, 8.940698847936801e-08, 8.195639367158947e-08, 0.05829314887523651, -0.9982995986938477, 8.568168397005138e-08, 0.9982995986938477, 0.058293089270591736),
            ["LeftHand"] = CFrame.new(-7.264316082000732e-08, -5.960464477539063e-08, 2.682209014892578e-07, 0.8301681280136108, -0.34117206931114197, -0.4409339129924774, 0.49307623505592346, 0.8184096813201904, 0.29509568214416504, 0.2601860761642456, -0.4623929262161255, 0.8476414084434509),
            ["LeftFoot"] = CFrame.new(-1.4901161193847656e-08, -5.960464477539063e-08, 1.4901161193847656e-08, 0.9567804336547852, -0.24895741045475006, -0.15030544996261597, 0.18214674293994904, 0.9159290790557861, -0.3576262295246124, 0.22670233249664307, 0.3147922456264496, 0.9216896295547485),
            ["LowerTorso"] = CFrame.new(-0.04692348837852478, -0.30560946464538574, -0.36395347118377686, 0.9422975778579712, -0.054867058992385864, 0.33024975657463074, 0.06444048881530762, 0.9977573752403259, -0.018101785331964493, -0.3285159170627594, 0.03833871707320213, 0.9437201023101807),
            ["RightLowerLeg"] = CFrame.new(1.341104507446289e-07, -0.0000035762786865234375, -0.000013290140486788005, 1, -1.7881390590446244e-07, -1.0000081829275587e-07, 1.4156105976326216e-07, 0.5967247486114502, 0.8024455308914185, -8.940698847936801e-08, -0.8024460673332214, 0.5967254638671875),
            ["LeftUpperLeg"] = CFrame.new(-2.384185791015625e-07, 3.9814040064811707e-07, -8.195638656616211e-08, 0.9324306845664978, 0.3611418604850769, -0.01222939696162939, -0.2693482041358948, 0.6720713973045349, -0.6897619366645813, -0.24088279902935028, 0.6464493274688721, 0.7239329814910889),
            ["LeftLowerLeg"] = CFrame.new(5.960464477539063e-08, 0.0000040531158447265625, 0.000013113021850585938, 1, -1.862644793959589e-08, 1.9371509552001953e-07, -8.940695295223122e-08, 0.37689974904060364, 0.9262538552284241, 2.3841855067985307e-07, -0.9262540340423584, 0.3769003748893738),
        }},
        {Time = 0.067, Data = {
            ["RightFoot"] = CFrame.new(0, 1.7881393432617188e-07, -2.6244379114359617e-08, 0.6719843149185181, 0.7390232086181641, -0.04776729643344879, -0.6981450319290161, 0.6106563210487366, -0.3737545907497406, -0.24704410135746002, 0.28450602293014526, 0.9262968897819519),
            ["LeftLowerArm"] = CFrame.new(5.960464477539063e-08, -0.000001430511474609375, -2.682209014892578e-07, 1, -9.31322148289837e-08, 1.257284623079613e-07, 9.313223614526578e-08, -0.34735244512557983, -0.9377346634864807, 1.3038513202445756e-07, 0.9377346038818359, -0.3473524749279022),
            ["RightUpperArm"] = CFrame.new(1.1920928955078125e-07, 3.5762786865234375e-07, -4.470348358154297e-08, -0.1348676234483719, -0.06514373421669006, 0.9887199401855469, 0.9701567888259888, 0.1942467838525772, 0.14513365924358368, -0.20151042938232422, 0.9787872433662415, 0.03700181469321251),
            ["Head"] = CFrame.new(4.842877388000488e-08, -2.384185791015625e-07, 6.146728992462158e-08, 0.9410569667816162, -0.024824701249599457, -0.33733606338500977, -0.009752732701599598, 0.9948972463607788, -0.1004217267036438, 0.3381076157093048, 0.09779252111911774, 0.9360127449035645),
            ["RightHand"] = CFrame.new(4.908069968223572e-07, 5.960464477539062e-07, 5.3085386753082275e-08, 0.907881498336792, -0.38885757327079773, 0.15665598213672638, 0.3977108895778656, 0.9170680046081543, -0.02850513532757759, -0.1325797438621521, 0.08818309754133224, 0.987241804599762),
            ["UpperTorso"] = CFrame.new(-5.960464477539063e-08, 1.1920928955078125e-07, 4.470348358154297e-08, 0.9942437410354614, 0.09796925634145737, -0.04337741434574127, -0.09784898906946182, 0.9951893091201782, 0.004892285913228989, 0.04364809766411781, -0.0006196836475282907, 0.999046802520752),
            ["HumanoidRootPart"] = CFrame.new(0, 0, 0, 1, 0, 0, 0, 1, 0, 0, 0, 1),
            ["RightUpperLeg"] = CFrame.new(5.960464477539063e-08, 1.043081283569336e-07, -8.178903954103589e-08, 0.9468480944633484, -0.32164227962493896, -0.005022596102207899, 0.31240516901016235, 0.9231550693511963, -0.22402560710906982, 0.07669281959533691, 0.21054910123348236, 0.9745703935623169),
            ["LeftUpperArm"] = CFrame.new(0, 8.344650268554688e-07, 2.2351741790771484e-08, -0.10583829879760742, 0.20539133250713348, -0.9729402661323547, -0.9443300366401672, 0.28575435280799866, 0.1630498170852661, 0.31151092052459717, 0.9360335469245911, 0.1637134850025177),
            ["RightLowerArm"] = CFrame.new(1.7881393432617188e-07, -2.384185791015625e-07, -7.450580596923828e-07, 1, -8.568171949718817e-08, 8.381903882082042e-08, 8.568168397005138e-08, 0.05826399102807045, -0.9983012676239014, 8.195639367158947e-08, 0.9983013272285461, 0.05826401710510254),
            ["LeftHand"] = CFrame.new(-1.4901161193847656e-07, -3.5762786865234375e-07, -1.043081283569336e-07, 0.8463577032089233, -0.3231712877750397, -0.4233663082122803, 0.4683881998062134, 0.8300248980522156, 0.3027726411819458, 0.25355708599090576, -0.4545536935329437, 0.8538675308227539),
            ["LeftFoot"] = CFrame.new(7.450580596923828e-08, 5.960464477539063e-08, -5.960464477539063e-08, 0.9671123623847961, -0.213264599442482, -0.13860736787319183, 0.14554737508296967, 0.910927414894104, -0.38604047894477844, 0.20859000086784363, 0.35317057371139526, 0.9120092391967773),
            ["LowerTorso"] = CFrame.new(-0.08149924874305725, -0.29241418838500977, -0.3614862859249115, 0.9375767111778259, -0.0501711405813694, 0.3441407382488251, 0.05900932103395462, 0.9981409311294556, -0.015249264426529408, -0.3427358567714691, 0.034604862332344055, 0.9387943148612976),
            ["RightLowerLeg"] = CFrame.new(1.4901161193847656e-08, -0.000003635883331298828, -0.000013394448615144938, 1, -8.940698137394065e-08, -7.56699805037897e-08, 1.1175872316471214e-07, 0.6231568455696106, 0.7820965647697449, -1.0430814256778831e-07, -0.7820969820022583, 0.6231572031974792),
            ["LeftUpperLeg"] = CFrame.new(-1.1920928955078125e-07, -1.685693860054016e-07, -4.0978193283081055e-08, 0.9433548450469971, 0.3316819667816162, 0.008311250247061253, -0.2385944426059723, 0.6955806612968445, -0.6776724457740784, -0.23055268824100494, 0.6373026967048645, 0.7353168725967407),
            ["LeftLowerLeg"] = CFrame.new(8.940696716308594e-08, 0.000004351139068603516, 0.000012964010238647461, 1, 8.940698137394065e-08, -2.2351745343485163e-08, -1.1920928955078125e-07, 0.396940678358078, 0.9178441762924194, 1.2665987014770508e-07, -0.9178443551063538, 0.39694103598594666),
        }},
        {Time = 0.100, Data = {
            ["RightFoot"] = CFrame.new(8.195638656616211e-08, 1.7881393432617188e-07, 1.6596459317952394e-08, 0.7888301610946655, 0.6084592342376709, 0.08674431592226028, -0.6082299947738647, 0.7931109666824341, -0.032111261039972305, -0.08833643049001694, -0.02742987498641014, 0.9957129955291748),
            ["LeftLowerArm"] = CFrame.new(5.960464477539063e-08, -9.5367431640625e-07, -8.940696716308594e-08, 1, -9.68574909165909e-08, 1.0803334049569457e-07, 8.940692453052179e-08, -0.34699347615242004, -0.9378675818443298, 1.1920923270736239e-07, 0.9378676414489746, -0.34699347615242004),
            ["RightUpperArm"] = CFrame.new(0, -1.1920928955078125e-07, 7.078051567077637e-08, -0.10723168402910233, -0.07082241773605347, 0.9917083978652954, 0.9711095094680786, 0.20641550421714783, 0.11974550038576126, -0.21318458020687103, 0.9758979678153992, 0.04664205014705658),
            ["Head"] = CFrame.new(4.284083843231201e-08, -5.960464477539062e-07, 5.774199962615967e-08, 0.9368716478347778, -0.07113759964704514, -0.3423610329627991, 0.035903140902519226, 0.9934826493263245, -0.10818199068307877, 0.3478255271911621, 0.08906079083681107, 0.9333197474479675),
            ["RightHand"] = CFrame.new(6.109476089477539e-07, 2.384185791015625e-07, 1.909211277961731e-07, 0.9096964001655579, -0.3777048587799072, 0.172602578997612, 0.38870546221733093, 0.9207416772842407, -0.03380800411105156, -0.14615295827388763, 0.09784657508134842, 0.9844112396240234),
            ["UpperTorso"] = CFrame.new(-4.470348358154297e-08, 3.2782554626464844e-07, 1.1175870895385742e-08, 0.9906821250915527, 0.12504133582115173, -0.05397903546690941, -0.12504133582115173, 0.992145836353302, 0.0033909683115780354, 0.05397910624742508, 0.0033902437426149845, 0.9985364079475403),
            ["HumanoidRootPart"] = CFrame.new(0, 0, 0, 1, 0, 0, 0, 1, 0, 0, 0, 1),
            ["RightUpperLeg"] = CFrame.new(-5.960464477539063e-08, 5.960464477539063e-08, 2.8107024263590574e-08, 0.8921346664428711, -0.451395720243454, 0.01837296597659588, 0.4464179277420044, 0.8745957612991333, -0.18919171392917633, 0.06933126598596573, 0.17698661983013153, 0.9817683100700378),
            ["LeftUpperArm"] = CFrame.new(1.1920928955078125e-07, -7.152557373046875e-07, 3.725290298461914e-08, -0.144305020570755, 0.2056242674589157, -0.9679332971572876, -0.9434903860092163, 0.26631560921669006, 0.19723598659038544, 0.29833224415779114, 0.9416978359222412, 0.1555737853050232),
            ["RightLowerArm"] = CFrame.new(0.0000010132789611816406, 0, -4.470348358154297e-08, 1, -8.940699558479537e-08, 8.381907434795721e-08, 7.264317503086204e-08, 0.06592970341444016, -0.9978243708610535, 8.195640788244418e-08, 0.9978243708610535, 0.06592970341444016),
            ["LeftHand"] = CFrame.new(4.0978193283081055e-08, -5.960464477539063e-08, 1.043081283569336e-07, 0.8588153719902039, -0.3054605722427368, -0.41125425696372986, 0.4470530152320862, 0.8388952612876892, 0.3104809522628784, 0.25015950202941895, -0.45049822330474854, 0.8570131659507751),
            ["LeftFoot"] = CFrame.new(-8.940696716308594e-08, 1.1920928955078125e-07, -7.450580596923828e-08, 0.9724781513214111, -0.17921723425388336, -0.14888805150985718, 0.10797561705112457, 0.912909746170044, -0.3936205506324768, 0.20646479725837708, 0.3667111396789551, 0.9071358442306519),
            ["LowerTorso"] = CFrame.new(-0.11476625502109528, -0.3040809631347656, -0.3571241497993469, 0.9305792450904846, -0.04372762143611908, 0.36346960067749023, 0.05399946868419647, 0.9983761310577393, -0.018142303451895714, -0.36208605766296387, 0.03651001304388046, 0.931429386138916),
            ["RightLowerLeg"] = CFrame.new(-1.341104507446289e-07, -0.0000036954879760742188, -0.000013245437003206462, 1, -1.8626448650138627e-07, -7.450583439094771e-08, 1.0430811414607888e-07, 0.6324660181999207, 0.7745876908302307, -2.2351738238057806e-08, -0.7745881080627441, 0.6324666142463684),
            ["LeftUpperLeg"] = CFrame.new(1.1920928955078125e-07, -1.9045546650886536e-07, -2.60770320892334e-08, 0.9504507184028625, 0.3101751506328583, 0.02085231989622116, -0.2105066180229187, 0.6914976239204407, -0.6910268664360046, -0.2287588119506836, 0.6523973941802979, 0.7225282192230225),
            ["LeftLowerLeg"] = CFrame.new(5.960464477539063e-08, 0.000004231929779052734, 0.000013083219528198242, 1, 7.450579175838357e-08, 2.9802322387695312e-08, -8.195635814445268e-08, 0.36792832612991333, 0.9298539161682129, -1.4901155864777138e-08, -0.929854154586792, 0.3679288625717163),
        }},
        {Time = 0.133, Data = {
            ["RightFoot"] = CFrame.new(-5.21540641784668e-08, 2.980232238769531e-07, 1.6596459317952394e-08, 0.8284902572631836, 0.494594544172287, -0.26264166831970215, -0.5260445475578308, 0.8481849431991577, -0.062119998037815094, 0.19204455614089966, 0.18962791562080383, 0.9628917574882507),
            ["LeftLowerArm"] = CFrame.new(-0.0000012516975402832031, -8.940696716308594e-07, -5.960464477539063e-08, 1, -1.3411042232291948e-07, 1.1920923270736239e-07, 7.450577044210149e-08, -0.3468937575817108, -0.937904417514801, 6.705519695060502e-08, 0.9379044771194458, -0.3468937277793884),
            ["RightUpperArm"] = CFrame.new(-1.1920928955078125e-07, 3.5762786865234375e-07, -8.940696716308594e-08, -0.10203669220209122, -0.0742892250418663, 0.9920029044151306, 0.9685575366020203, 0.22003716230392456, 0.11610332131385803, -0.22690267860889435, 0.972658634185791, 0.049501486122608185),
            ["Head"] = CFrame.new(4.668254405260086e-08, -5.960464477539062e-07, 2.346496330574155e-08, 0.9335828423500061, -0.10444332659244537, -0.34280428290367126, 0.0691809356212616, 0.991119384765625, -0.11356232315301895, 0.35162070393562317, 0.08230430632829666, 0.9325175285339355),
            ["RightHand"] = CFrame.new(9.66247171163559e-08, -1.7881393432617188e-07, 9.313225746154785e-09, 0.9104716181755066, -0.3721381425857544, 0.1804291158914566, 0.384284108877182, 0.9224933385848999, -0.03649575263261795, -0.15286318957805634, 0.10256438702344894, 0.9829107522964478),
            ["UpperTorso"] = CFrame.new(-7.450580596923828e-09, 5.960464477539063e-08, 2.9802322387695312e-08, 0.9894741177558899, 0.13295933604240417, -0.05712127685546875, -0.13246247172355652, 0.9911103248596191, 0.012415566481649876, 0.058264315128326416, -0.004718456882983446, 0.9982901215553284),
            ["HumanoidRootPart"] = CFrame.new(0, 0, 0, 1, 0, 0, 0, 1, 0, 0, 0, 1),
            ["RightUpperLeg"] = CFrame.new(0, 1.9278377294540405e-07, -1.6188278095796704e-07, 0.8025738000869751, -0.5864763259887695, 0.10918337106704712, 0.595451295375824, 0.798677384853363, -0.08690208941698074, -0.0362362377345562, 0.13475888967514038, 0.9902156591415405),
            ["LeftUpperArm"] = CFrame.new(5.960464477539063e-08, 1.1920928955078125e-07, -7.450580596923828e-09, -0.14981907606124878, 0.2031318098306656, -0.9676217436790466, -0.941667914390564, 0.2689788341522217, 0.20226702094078064, 0.30135661363601685, 0.9414817094802856, 0.15098458528518677),
            ["RightLowerArm"] = CFrame.new(-1.7881393432617188e-07, -1.1920928955078125e-07, -1.862645149230957e-07, 1, -9.685752644372769e-08, 1.0151414642223244e-07, 7.636842269675981e-08, 0.06967165321111679, -0.9975699782371521, 7.823106784599076e-08, 0.9975700378417969, 0.069671630859375),
            ["LeftHand"] = CFrame.new(-1.7881393432617188e-07, 1.7881393432617188e-07, 1.862645149230957e-07, 0.862255871295929, -0.3008821904659271, -0.40741220116615295, 0.44114986062049866, 0.8413358330726624, 0.31231528520584106, 0.24880030751228333, -0.44902554154396057, 0.8581809401512146),
            ["LeftFoot"] = CFrame.new(1.0058283805847168e-07, -5.960464477539063e-08, -5.21540641784668e-08, 0.9761029481887817, -0.15982910990715027, -0.1472344696521759, 0.0851617082953453, 0.90468430519104, -0.4174850583076477, 0.1999267041683197, 0.39496976137161255, 0.896676242351532),
            ["LowerTorso"] = CFrame.new(-0.138834610581398, -0.3295285701751709, -0.3547859191894531, 0.9284124374389648, -0.028254998847842216, 0.3704754710197449, 0.04238050431013107, 0.9986497759819031, -0.030041778460144997, -0.3691263794898987, 0.04359209164977074, 0.928356409072876),
            ["RightLowerLeg"] = CFrame.new(8.940696716308594e-08, -0.0000033974647521972656, -0.000013267788744997233, 1, -1.490115550950577e-07, -1.937152518394214e-07, 6.705522537231445e-08, 0.464336097240448, 0.8856585025787354, -1.1175870895385742e-07, -0.8856590986251831, 0.46433714032173157),
            ["LeftUpperLeg"] = CFrame.new(0, -2.086162567138672e-07, -4.0978193283081055e-08, 0.9550443887710571, 0.29460951685905457, 0.03309987857937813, -0.18867261707782745, 0.6901218295097351, -0.6986663341522217, -0.22867658734321594, 0.6610122323036194, 0.7146816849708557),
            ["LeftLowerLeg"] = CFrame.new(2.9802322387695312e-08, 0.0000040531158447265625, 0.000013113021850585938, 1, 1.2665984172599565e-07, 1.862645149230957e-08, -9.685754776000977e-08, 0.3243066072463989, 0.9459519386291504, -2.2351741790771484e-08, -0.9459520578384399, 0.3243069648742676),
        }},
        {Time = 0.167, Data = {
            ["RightFoot"] = CFrame.new(-1.043081283569336e-07, 3.5762786865234375e-07, -2.8107024263590574e-08, 0.9482485055923462, 0.31711167097091675, -0.016284875571727753, -0.31462112069129944, 0.9314013719558716, -0.1830432415008545, -0.04287765547633171, 0.17869463562965393, 0.9829700589179993),
            ["LeftLowerArm"] = CFrame.new(-0.0000022649765014648438, -0.0000011324882507324219, -5.960464477539063e-08, 1, -8.568162712663252e-08, 1.3038511781360285e-07, 5.9604616353681195e-08, -0.34692126512527466, -0.9378942847251892, 7.450577044210149e-08, 0.9378942847251892, -0.3469212055206299),
            ["RightUpperArm"] = CFrame.new(-1.1920928955078125e-07, 0, -1.4156103134155273e-07, -0.09418095648288727, -0.06539321690797806, 0.9934051036834717, 0.9603109359741211, 0.2571859657764435, 0.10797317326068878, -0.2625506818294525, 0.9641467928886414, 0.0385756716132164),
            ["Head"] = CFrame.new(0, -4.76837158203125e-07, -5.587935447692871e-09, 0.9328452944755554, -0.13493309915065765, -0.33405500650405884, 0.10034406185150146, 0.9878347516059875, -0.11880098283290863, 0.34602123498916626, 0.0773024931550026, 0.9350366592407227),
            ["RightHand"] = CFrame.new(1.6437843441963196e-07, 0, 1.9045546650886536e-07, 0.9131353497505188, -0.35654157400131226, 0.19764111936092377, 0.36980971693992615, 0.9285004734992981, -0.033582653850317, -0.17153628170490265, 0.10375509411096573, 0.9796991348266602),
            ["UpperTorso"] = CFrame.new(-1.4901161193847656e-08, 4.470348358154297e-07, 8.940696716308594e-08, 0.9894829392433167, 0.13583357632160187, -0.049727827310562134, -0.13394823670387268, 0.9902017116546631, 0.03947806358337402, 0.05460307002067566, -0.03240189701318741, 0.997982382774353),
            ["HumanoidRootPart"] = CFrame.new(0, 0, 0, 1, 0, 0, 0, 1, 0, 0, 0, 1),
            ["RightUpperLeg"] = CFrame.new(0, 4.256144165992737e-07, 3.55576048605144e-08, 0.6572262048721313, -0.7057722210884094, 0.26446041464805603, 0.7456211447715759, 0.6600642204284668, -0.09145732969045639, -0.11001284420490265, 0.25729528069496155, 0.9600502252578735),
            ["LeftUpperArm"] = CFrame.new(1.7881393432617188e-07, -3.5762786865234375e-07, 2.9802322387695312e-08, -0.1346193253993988, 0.20661361515522003, -0.9691174626350403, -0.936758816242218, 0.2923144996166229, 0.19244514405727386, 0.3230488896369934, 0.9337361454963684, 0.1541959047317505),
            ["RightLowerArm"] = CFrame.new(5.960464477539062e-07, -3.5762786865234375e-07, 2.3748725652694702e-07, 1, -9.126962652317161e-08, 9.872020712009544e-08, 7.078050856534901e-08, 0.07060281187295914, -0.9975045323371887, 8.00937343115038e-08, 0.9975045323371887, 0.07060281932353973),
            ["LeftHand"] = CFrame.new(-5.960464477539063e-08, -4.76837158203125e-07, 8.940696716308594e-08, 0.8591256737709045, -0.3065234124660492, -0.40981265902519226, 0.4471099078655243, 0.8391732573509216, 0.3096468150615692, 0.24898980557918549, -0.4492567479610443, 0.8580049276351929),
            ["LeftFoot"] = CFrame.new(-7.450580596923828e-09, 0, 8.940696716308594e-08, 0.9787811040878296, -0.14730960130691528, -0.1424340009689331, 0.07057524472475052, 0.894932210445404, -0.44058525562286377, 0.1923711895942688, 0.4211842715740204, 0.8863392472267151),
            ["LowerTorso"] = CFrame.new(-0.1621597856283188, -0.343822717666626, -0.3528505563735962, 0.9335870742797852, -0.004561322741210461, 0.3583216965198517, 0.027437914162874222, 0.9978935718536377, -0.0587850920855999, -0.35729873180389404, 0.06471259146928787, 0.931745707988739),
            ["RightLowerLeg"] = CFrame.new(-1.1920928955078125e-07, -0.0000035762786865234375, -0.000013394448615144938, 1, -1.639126736563412e-07, -2.9802343703977385e-08, 2.8312206268310547e-07, 0.13064199686050415, 0.9914295077323914, -1.4901161193847656e-07, -0.9914296269416809, 0.13064271211624146),
            ["LeftUpperLeg"] = CFrame.new(1.1920928955078125e-07, 2.1560117602348328e-07, 0, 0.9541043639183044, 0.29204273223876953, 0.0663018673658371, -0.17177368700504303, 0.7150322794914246, -0.6776596307754517, -0.2453136295080185, 0.6351692080497742, 0.732380747795105),
            ["LeftLowerLeg"] = CFrame.new(2.2351741790771484e-07, 0.0000040531158447265625, 0.000013053417205810547, 1, 1.5646214990283625e-07, 4.097820749393577e-08, -5.960463056453591e-08, 0.30398452281951904, 0.9526769518852234, 4.470347292340193e-08, -0.9526770114898682, 0.30398476123809814),
        }},
        {Time = 0.200, Data = {
            ["RightFoot"] = CFrame.new(-1.043081283569336e-07, 3.5762786865234375e-07, 1.6952981241047382e-09, 0.8877441883087158, 0.2951030731201172, 0.3533056974411011, -0.24562802910804749, 0.952764630317688, -0.17862237989902496, -0.3893291652202606, 0.07178961485624313, 0.9182969331741333),
            ["LeftLowerArm"] = CFrame.new(-5.662441253662109e-07, -0.0000015497207641601562, -1.1920928955078125e-07, 1, -1.192092469182171e-07, 1.8253911093779607e-07, 9.31322148289837e-08, -0.3471388816833496, -0.9378138184547424, 1.0430807861894209e-07, 0.9378136992454529, -0.347138911485672),
            ["RightUpperArm"] = CFrame.new(-5.960464477539063e-08, 1.1920928955078125e-07, -1.4901161193847656e-07, -0.09552695602178574, -0.05084937438368797, 0.9941273331642151, 0.9538406133651733, 0.28097403049468994, 0.10602740943431854, -0.2847154438495636, 0.9583673477172852, 0.021661490201950073),
            ["Head"] = CFrame.new(3.166496753692627e-08, -4.76837158203125e-07, -9.313225746154785e-09, 0.9339544773101807, -0.1606314480304718, -0.31925976276397705, 0.12736853957176208, 0.9842478036880493, -0.12261086702346802, 0.33392587304115295, 0.07384929060935974, 0.9397019743919373),
            ["RightHand"] = CFrame.new(5.355104804039001e-07, 2.384185791015625e-07, -1.5366822481155396e-08, 0.914304792881012, -0.34986239671707153, 0.20406660437583923, 0.36307430267333984, 0.931273877620697, -0.030101822689175606, -0.17951041460037231, 0.10161352902650833, 0.9784941077232361),
            ["UpperTorso"] = CFrame.new(-2.9802322387695312e-08, 2.086162567138672e-07, 1.0803341865539551e-07, 0.9885842800140381, 0.1460612416267395, -0.036978110671043396, -0.14345428347587585, 0.9874942898750305, 0.06539037823677063, 0.04606674611568451, -0.05933922529220581, 0.9971744418144226),
            ["HumanoidRootPart"] = CFrame.new(0, 0, 0, 1, 0, 0, 0, 1, 0, 0, 0, 1),
            ["RightUpperLeg"] = CFrame.new(-5.960464477539063e-08, 5.079200491309166e-07, -2.1031155483797193e-07, 0.4502592086791992, -0.8132734894752502, 0.36858248710632324, 0.8728060126304626, 0.48795536160469055, 0.010451515205204487, -0.18835194408893585, 0.31699496507644653, 0.9295363426208496),
            ["LeftUpperArm"] = CFrame.new(0, 3.5762786865234375e-07, -2.9802322387695312e-08, -0.11373495310544968, 0.2160211056470871, -0.9697418808937073, -0.931033194065094, 0.31749895215034485, 0.1799214631319046, 0.3467589020729065, 0.92332524061203, 0.16501198709011078),
            ["RightLowerArm"] = CFrame.new(0.000001430511474609375, -7.748603820800781e-07, 1.1548399925231934e-07, 1, -8.160716191696338e-08, 1.0058283805847168e-07, 5.774198541530495e-08, 0.06895175576210022, -0.9976199865341187, 7.264314660915261e-08, 0.9976200461387634, 0.06895174086093903),
            ["LeftHand"] = CFrame.new(-4.917383193969727e-07, 5.960464477539063e-08, 1.4156103134155273e-07, 0.8522756695747375, -0.31584906578063965, -0.41697219014167786, 0.458793580532074, 0.8342540264129639, 0.30582448840141296, 0.25126639008522034, -0.45195096731185913, 0.8559238314628601),
            ["LeftFoot"] = CFrame.new(5.960464477539063e-08, -5.960464477539063e-08, 7.450580596923828e-09, 0.9811769723892212, -0.13870756328105927, -0.13435758650302887, 0.0615515261888504, 0.8840987682342529, -0.46322888135910034, 0.1830386221408844, 0.4462394416332245, 0.875994861125946),
            ["LowerTorso"] = CFrame.new(-0.18054434657096863, -0.3603971004486084, -0.3523271977901459, 0.9423924088478088, 0.005592381116002798, 0.3344627320766449, 0.024092311039566994, 0.9961289167404175, -0.0845390036702156, -0.3336407542228699, 0.0877269059419632, 0.9386095404624939),
            ["RightLowerLeg"] = CFrame.new(1.4901161193847656e-07, -0.000003516674041748047, -0.000013305041647981852, 1, -1.508740581357415e-07, -7.450590544522129e-08, 1.1920928955078125e-07, -0.06068060174584389, 0.9981573224067688, -9.313225746154785e-08, -0.9981572031974792, -0.060680363327264786),
            ["LeftUpperLeg"] = CFrame.new(1.4901161193847656e-07, 4.307366907596588e-07, 1.4901161193847656e-08, 0.9491622447967529, 0.3029838800430298, 0.08539264649152756, -0.17291027307510376, 0.7284999489784241, -0.6628646850585938, -0.263045996427536, 0.61440110206604, 0.743853747844696),
            ["LeftLowerLeg"] = CFrame.new(1.043081283569336e-07, 0.000004231929779052734, 0.000013053417205810547, 1, 2.980232594040899e-08, 1.9744041424019088e-07, -7.4505797087454084e-09, 0.26963111758232117, 0.9629637002944946, 1.1175869474300271e-07, -0.9629637002944946, 0.26963135600090027),
        }},
        {Time = 0.233, Data = {
            ["RightFoot"] = CFrame.new(-1.1175870895385742e-07, 2.980232238769531e-07, -7.281050784513354e-08, 0.8239917755126953, 0.06289350241422653, 0.5631000399589539, -0.03433138504624367, 0.9975362420082092, -0.061178676784038544, -0.5655608177185059, 0.031078647822141647, 0.8241211175918579),
            ["LeftLowerArm"] = CFrame.new(8.940696716308594e-08, -4.172325134277344e-07, 2.086162567138672e-07, 1, -8.195631551188853e-08, 1.6391268786719593e-07, 6.332990665214311e-08, -0.34735041856765747, -0.9377354383468628, 9.685750512744562e-08, 0.9377354383468628, -0.3473502993583679),
            ["RightUpperArm"] = CFrame.new(1.1920928955078125e-07, 3.5762786865234375e-07, -1.341104507446289e-07, -0.1141325831413269, -0.03887222707271576, 0.9927047491073608, 0.9504721164703369, 0.2865024209022522, 0.12049585580825806, -0.28909623622894287, 0.9572905898094177, 0.004247720818966627),
            ["Head"] = CFrame.new(4.0978193283081055e-08, -5.960464477539062e-07, -9.778887033462524e-08, 0.9365613460540771, -0.17976444959640503, -0.30089470744132996, 0.14833226799964905, 0.9810782670974731, -0.12443099915981293, 0.31756946444511414, 0.07190487533807755, 0.9455047845840454),
            ["RightHand"] = CFrame.new(4.2212195694446564e-07, 1.7881393432617188e-07, 1.1129304766654968e-07, 0.9148734211921692, -0.3460853397846222, 0.20792238414287567, 0.35937151312828064, 0.9327532052993774, -0.02869907021522522, -0.1840079426765442, 0.1009773537516594, 0.9777242541313171),
            ["UpperTorso"] = CFrame.new(-4.284083843231201e-08, 3.5762786865234375e-07, 3.725290298461914e-08, 0.9900991320610046, 0.13857489824295044, -0.02237987332046032, -0.13668102025985718, 0.9880571365356445, 0.07114364206790924, 0.03197139874100685, -0.06738035380840302, 0.9972149729728699),
            ["HumanoidRootPart"] = CFrame.new(0, 0, 0, 1, 0, 0, 0, 1, 0, 0, 0, 1),
            ["RightUpperLeg"] = CFrame.new(5.960464477539063e-08, -3.427267074584961e-07, -3.894820110872388e-08, 0.16070911288261414, -0.8645517826080322, 0.47615453600883484, 0.9721552133560181, 0.2220139503479004, 0.07499345391988754, -0.17054876685142517, 0.4508436322212219, 0.8761580586433411),
            ["LeftUpperArm"] = CFrame.new(-2.384185791015625e-07, -2.384185791015625e-07, -9.685754776000977e-08, -0.08068200945854187, 0.22352926433086395, -0.9713521599769592, -0.9310694336891174, 0.3309789299964905, 0.1535014808177948, 0.3558092415332794, 0.9167811274528503, 0.18141721189022064),
            ["RightLowerArm"] = CFrame.new(0.0000010728836059570312, -6.556510925292969e-07, 1.7508864402770996e-07, 1, -8.940698847936801e-08, 6.332994928470725e-08, 1.247971965767647e-07, 0.06850212067365646, -0.9976510405540466, 7.543710722757169e-08, 0.9976510405540466, 0.06850209087133408),
            ["LeftHand"] = CFrame.new(1.8998980522155762e-07, 0, 0, 0.8462821841239929, -0.32328638434410095, -0.4234292209148407, 0.46855250000953674, 0.8299093842506409, 0.3028351962566376, 0.2535053491592407, -0.454682856798172, 0.8538141250610352),
            ["LeftFoot"] = CFrame.new(1.1920928955078125e-07, 5.960464477539063e-08, 0, 0.9861332774162292, -0.13571485877037048, -0.09551363438367844, 0.07366228848695755, 0.8736838102340698, -0.48088499903678894, 0.1487116813659668, 0.4671809673309326, 0.8715657591819763),
            ["LowerTorso"] = CFrame.new(-0.19200652837753296, -0.37062764167785645, -0.3506636619567871, 0.9526046514511108, 0.018499260768294334, 0.3036481738090515, 0.009157223626971245, 0.9959532618522644, -0.08940484374761581, -0.3040733337402344, 0.0879480317234993, 0.9485803246498108),
            ["RightLowerLeg"] = CFrame.new(1.6391277313232422e-07, -0.0000037550926208496094, -0.000013161152310203761, 1, -1.7508854455172695e-07, -2.3096819745660468e-07, 1.6391277313232422e-07, -0.2437058538198471, 0.969849169254303, -1.7409911379218102e-07, -0.969849169254303, -0.24370595812797546),
            ["LeftUpperLeg"] = CFrame.new(-1.7881393432617188e-07, -3.119930624961853e-07, 1.4901161193847656e-08, 0.9524188041687012, 0.2892749011516571, 0.09601373970508575, -0.16086716949939728, 0.74465012550354, -0.6477792859077454, -0.25888293981552124, 0.6015115976333618, 0.7557535171508789),
            ["LeftLowerLeg"] = CFrame.new(1.043081283569336e-07, 0.0000040531158447265625, 0.000013113021850585938, 1, 1.0430809993522416e-07, 1.4156104555240745e-07, -2.9802318834981634e-08, 0.2601996660232544, 0.9655547738075256, 1.0430811414607888e-07, -0.9655548930168152, 0.26019999384880066),
        }},
        {Time = 0.267, Data = {
            ["RightFoot"] = CFrame.new(6.752088665962219e-08, 2.980232238769531e-07, -1.2496457202360034e-07, 0.8508234024047852, 0.027360549196600914, 0.524738609790802, -0.002413061447441578, 0.99883633852005, -0.04816832020878792, -0.5254462361335754, 0.039716366678476334, 0.8498995900154114),
            ["LeftLowerArm"] = CFrame.new(-0.0000011920928955078125, -0.0000013113021850585938, 3.5762786865234375e-07, 1, -6.705516852889559e-08, 1.2293449458411487e-07, 7.450577754752885e-08, -0.34748390316963196, -0.937686026096344, 9.685751223287298e-08, 0.937686026096344, -0.3474839925765991),
            ["RightUpperArm"] = CFrame.new(-1.7881393432617188e-07, 8.344650268554688e-07, -2.1606683731079102e-07, -0.12776954472064972, -0.020924704149365425, 0.9915831089019775, 0.943465530872345, 0.3057504892349243, 0.12802135944366455, -0.3058559000492096, 0.9518817067146301, -0.019324008375406265),
            ["Head"] = CFrame.new(1.0803341865539551e-07, -2.384185791015625e-07, 1.3969838619232178e-09, 0.9408183097839355, -0.19420698285102844, -0.2777492105960846, 0.16517017781734467, 0.9783618450164795, -0.12460733205080032, 0.29593878984451294, 0.07135697454214096, 0.9525379538536072),
            ["RightHand"] = CFrame.new(-3.8463622331619263e-07, 3.5762786865234375e-07, 3.972090780735016e-07, 0.9166128635406494, -0.33183130621910095, 0.2229551374912262, 0.34565049409866333, 0.9380320906639099, -0.024934327229857445, -0.20086507499217987, 0.09991965442895889, 0.9745098352432251),
            ["UpperTorso"] = CFrame.new(-3.3527612686157227e-08, 3.2782554626464844e-07, 1.1175870895385742e-07, 0.9920831918716431, 0.1255827397108078, 0.000008912487828638405, -0.12519337236881256, 0.9890018105506897, 0.07875365763902664, 0.009881255216896534, -0.07813131809234619, 0.9968941807746887),
            ["HumanoidRootPart"] = CFrame.new(0, 0, 0, 1, 0, 0, 0, 1, 0, 0, 0, 1),
            ["RightUpperLeg"] = CFrame.new(5.960464477539063e-08, 1.3317912817001343e-07, 1.3205863069742918e-08, -0.08651921898126602, -0.8477717638015747, 0.5232570767402649, 0.9914364218711853, -0.021699050441384315, 0.12877468764781952, -0.09781754016876221, 0.5299171805381775, 0.842388927936554),
            ["LeftUpperArm"] = CFrame.new(5.960464477539063e-08, -2.384185791015625e-07, 4.470348358154297e-08, -0.04576532170176506, 0.23503009974956512, -0.9709101915359497, -0.9297927021980286, 0.34532517194747925, 0.1274205893278122, 0.36522746086120605, 0.9085765480995178, 0.20272532105445862),
            ["RightLowerArm"] = CFrame.new(0.000001430511474609375, 2.384185791015625e-07, 2.523884177207947e-07, 1, -7.636842269675981e-08, 8.940696716308594e-08, 1.396983151380482e-07, 0.06800566613674164, -0.9976850152015686, 6.472689051406633e-08, 0.9976850152015686, 0.06800565868616104),
            ["LeftHand"] = CFrame.new(2.942979335784912e-07, -4.76837158203125e-07, 7.450580596923828e-09, 0.8422475457191467, -0.3274823725223541, -0.42822256684303284, 0.474719762802124, 0.8269652724266052, 0.3012799918651581, 0.25546127557754517, -0.4570379853248596, 0.8519716858863831),
            ["LeftFoot"] = CFrame.new(-4.0978193283081055e-08, -5.960464477539063e-08, -1.4901161193847656e-08, 0.9890936017036438, -0.13707593083381653, -0.05388900637626648, 0.09258987009525299, 0.8632038235664368, -0.4962923526763916, 0.11454670876264572, 0.48589038848876953, 0.866481363773346),
