return {
    ["Legal Reasons"] = {
        {Time = 0.000, Data = {
            ["LeftFoot"] = CFrame.new(-2.669548848643899e-08, -5.960464477539063e-08, -1.1641532182693481e-08, 0.9997805953025818, -0.020929573103785515, -0.0009346608421765268, 0.019293220713734627, 0.9371683597564697, -0.3483431339263916, 0.008166562765836716, 0.34824907779693604, 0.9373666644096375),
            ["LeftLowerArm"] = CFrame.new(4.172325134277344e-07, 1.1920928955078125e-07, -2.5890767574310303e-07, 1, -8.195638656616211e-08, 1.1455267667770386e-07, 7.450580596923828e-08, 0.28293535113334656, -0.9591390490531921, 5.2619725465774536e-08, 0.9591389894485474, 0.28293535113334656),
            ["LowerTorso"] = CFrame.new(-0.11973157525062561, -0.1627206802368164, -0.012601790018379688, 0.9968840479850769, 0.014221192337572575, -0.07758857309818268, -0.007927170023322105, 0.9966961145401001, 0.08083327114582062, 0.0784817710518837, -0.07996634393930435, 0.9937031865119934),
            ["Head"] = CFrame.new(0, -3.5762786865234375e-07, -4.936009645462036e-08, 0.9838481545448303, 0.04054444655776024, -0.17435292899608612, -0.06289497762918472, 0.9902063012123108, -0.12464231997728348, 0.16759181022644043, 0.1335950493812561, 0.9767627716064453),
            ["RightUpperArm"] = CFrame.new(0, -1.1920928955078125e-07, -4.842877388000488e-08, 0.8799426555633545, -0.42883121967315674, -0.20446190237998962, 0.3289348781108856, 0.8604724407196045, -0.3890874683856964, 0.34278661012649536, 0.2751200199127197, 0.8982239961624146),
            ["UpperTorso"] = CFrame.new(1.1641532182693481e-08, -8.940696716308594e-08, 1.5832483768463135e-08, 0.9999547600746155, 0.0034918109886348248, 0.008849799633026123, -0.004314616788178682, 0.9954936504364014, 0.09473048150539398, -0.008479132317006588, -0.0947643518447876, 0.9954637289047241),
            ["HumanoidRootPart"] = CFrame.new(0, 0, 0, 1, 0, 0, 0, 1, 0, 0, 0, 1),
            ["RightHand"] = CFrame.new(-1.7881393432617188e-07, 1.7881393432617188e-07, -3.7997961044311523e-07, 0.7630283832550049, -0.6416750550270081, -0.07772372663021088, 0.6056352853775024, 0.7517698407173157, -0.26085996627807617, 0.2258177101612091, 0.15197128057479858, 0.962242841720581),
            ["LeftUpperArm"] = CFrame.new(-1.1920928955078125e-07, -2.384185791015625e-07, -6.705522537231445e-08, 0.9366778135299683, 0.3421688973903656, 0.07453359663486481, -0.25391337275505066, 0.8101694583892822, -0.528349757194519, -0.24116967618465424, 0.4759683609008789, 0.8457489609718323),
            ["RightLowerArm"] = CFrame.new(0, -1.7881393432617188e-07, 1.2665987014770508e-07, 1, -1.341104365337742e-07, 1.1362133989223366e-07, 8.381903171539307e-08, 0.16570033133029938, -0.9861761331558228, 6.705522537231445e-08, 0.9861761331558228, 0.165700301527977),
            ["LeftHand"] = CFrame.new(-1.6391277313232422e-07, 0, -1.862645149230957e-07, 0.6529841423034668, 0.7545274496078491, 0.06557638198137283, -0.7489262223243713, 0.656171977519989, -0.0924546867609024, -0.11278897523880005, 0.011259529739618301, 0.9935551881790161),
            ["RightUpperLeg"] = CFrame.new(0, -5.3318217396736145e-08, 1.1343217920511961e-08, 0.9935814738273621, -0.10065802931785583, 0.0516129694879055, 0.1126815527677536, 0.8406147360801697, -0.5297830104827881, 0.009940332733094692, 0.5321983098983765, 0.8465613722801208),
            ["LeftUpperLeg"] = CFrame.new(0, -3.725290298461914e-08, 8.940696716308594e-08, 0.9967578649520874, 0.04938992112874985, 0.0635179728269577, -0.006567615550011396, 0.8367383480072021, -0.5475636124610901, -0.08019200712442398, 0.5453709363937378, 0.8343497514724731),
            ["RightLowerLeg"] = CFrame.new(-7.636845111846924e-08, -0.000003635883331298828, -0.00001318396971328184, 1, -6.891788473240013e-08, -4.4703490686970326e-08, 8.940696716308594e-08, 0.654853105545044, 0.755756139755249, -5.587935447692871e-09, -0.7557563185691833, 0.6548532247543335),
            ["RightFoot"] = CFrame.new(-4.652974894270301e-08, 2.384185791015625e-07, 1.4057150110602379e-08, 0.9913167357444763, 0.10523653775453568, 0.07884520292282104, -0.06847349554300308, 0.9250107407569885, -0.37371984124183655, -0.11226170510053635, 0.3650760054588318, 0.9241844415664673),
            ["LeftLowerLeg"] = CFrame.new(-1.0800431482493877e-07, 0.000003933906555175781, 0.00001313723623752594, 1, 1.0797520211269784e-08, 1.0884833478996825e-08, -9.57515666755171e-09, 0.6560618877410889, 0.7547069191932678, 1.979059804924077e-09, -0.7547071576118469, 0.6560622453689575),
        }},
        {Time = 0.017, Data = {
            ["LeftFoot"] = CFrame.new(3.6670826375484467e-08, 0, 7.916241884231567e-09, 0.9997885823249817, -0.0178639255464077, 0.010182331316173077, 0.0202069990336895, 0.945225179195404, -0.32579314708709717, -0.003804620588198304, 0.32593005895614624, 0.9453862309455872),
            ["LeftLowerArm"] = CFrame.new(-8.940696716308594e-08, 7.152557373046875e-07, -6.05359673500061e-08, 1, -9.685756197086448e-08, 1.0430814256778831e-07, 7.450581307466564e-08, 0.2119230180978775, -0.9772863984107971, 5.8673329306202504e-08, 0.9772863388061523, 0.2119230479001999),
            ["LowerTorso"] = CFrame.new(-0.12914718687534332, -0.14497339725494385, -0.0066510895267128944, 0.9962068200111389, 0.01473701186478138, -0.08576028048992157, -0.007724836468696594, 0.9966410398483276, 0.08152931183576584, 0.08667371422052383, -0.08055757731199265, 0.9929744005203247),
            ["Head"] = CFrame.new(-5.587935447692871e-09, 0, -8.381903171539307e-08, 0.984795093536377, 0.044395893812179565, -0.1679513305425644, -0.06575383245944977, 0.9901230931282043, -0.12382542341947556, 0.1607951670885086, 0.13298611342906952, 0.97798752784729),
            ["RightUpperArm"] = CFrame.new(-5.960464477539063e-08, 2.384185791015625e-07, 2.2351741790771484e-08, 0.8784306645393372, -0.43028491735458374, -0.2078809291124344, 0.32050347328186035, 0.8531569242477417, -0.41158342361450195, 0.3544532060623169, 0.2949208915233612, 0.8873469233512878),
            ["UpperTorso"] = CFrame.new(-8.847564458847046e-09, 0, 7.450580596923828e-09, 0.9999748468399048, 0.003245045430958271, 0.006316130515187979, -0.003826374653726816, 0.9955348372459412, 0.09431770443916321, -0.005981856025755405, -0.09433949738740921, 0.9955222010612488),
            ["HumanoidRootPart"] = CFrame.new(0, 0, 0, 1, 0, 0, 0, 1, 0, 0, 0, 1),
            ["RightHand"] = CFrame.new(-1.7881393432617188e-07, -1.1920928955078125e-07, -1.2665987014770508e-07, 0.7700920701026917, -0.6343861818313599, -0.06717435270547867, 0.5957086682319641, 0.752795398235321, -0.2800544202327728, 0.22823116183280945, 0.17565137147903442, 0.95763099193573),
            ["LeftUpperArm"] = CFrame.new(5.960464477539063e-08, 2.384185791015625e-07, -2.2351741790771484e-08, 0.9348649382591248, 0.34675508737564087, 0.07608266919851303, -0.25018420815467834, 0.7955753803253174, -0.5517860054969788, -0.2518640458583832, 0.496810644865036, 0.8305081129074097),
            ["RightLowerArm"] = CFrame.new(5.960464477539063e-08, 5.960464477539063e-08, 8.940696716308594e-08, 1, -1.341104507446289e-07, 1.2386591663471336e-07, 6.332992796842518e-08, 0.07200686633586884, -0.997404158115387, 8.940695295223122e-08, 0.997404158115387, 0.07200687378644943),
            ["LeftHand"] = CFrame.new(-5.960464477539063e-08, -5.960464477539063e-08, -2.2351741790771484e-07, 0.6624451279640198, 0.7476733326911926, 0.04638071358203888, -0.7411520481109619, 0.66315096616745, -0.10452008992433548, -0.10890427976846695, 0.03486371412873268, 0.9934406876564026),
            ["RightUpperLeg"] = CFrame.new(0, 7.869675755500793e-08, 2.029992174357176e-09, 0.9931238889694214, -0.10419820994138718, 0.053362853825092316, 0.11680275201797485, 0.8512895703315735, -0.5115305185317993, 0.007873347029089928, 0.514245867729187, 0.8576065897941589),
            ["LeftUpperLeg"] = CFrame.new(5.960464477539063e-08, -4.256144165992737e-07, 1.0058283805847168e-07, 0.9970451593399048, 0.0424298532307148, 0.06403730064630508, -0.0016882254276424646, 0.8455207943916321, -0.5339397192001343, -0.0767998918890953, 0.532254159450531, 0.8430941700935364),
            ["RightLowerLeg"] = CFrame.new(1.30385160446167e-08, -0.0000037550926208496094, -0.000013372096873354167, 1, -2.551823854446411e-07, -1.0430814256778831e-07, 2.6449563961250533e-07, 0.6948347091674805, 0.7191692590713501, -1.1920930376163597e-07, -0.7191694378852844, 0.6948349475860596),
            ["RightFoot"] = CFrame.new(-1.501121005276218e-08, 2.980232238769531e-07, -2.7008354663848877e-08, 0.99040287733078, 0.10938085615634918, 0.08448660373687744, -0.07396870106458664, 0.9358630180358887, -0.3445124328136444, -0.11675099283456802, 0.334957093000412, 0.93497234582901),
            ["LeftLowerLeg"] = CFrame.new(4.190951585769653e-09, 0.000003814697265625, 0.00001329183578491211, 1, -9.802170097827911e-08, -3.073364851502447e-08, 9.26665819633854e-08, 0.6834700703620911, 0.7299783229827881, -5.308537964765492e-08, -0.729978621006012, 0.6834702491760254),
        }},
        {Time = 0.033, Data = {
            ["LeftFoot"] = CFrame.new(4.307366907596588e-08, -1.1920928955078125e-07, -1.4901161193847656e-08, 0.9995660185813904, -0.019035931676626205, 0.022482333704829216, 0.02494131773710251, 0.9529830813407898, -0.30199524760246277, -0.015676476061344147, 0.30242490768432617, 0.9530442953109741),
            ["LeftLowerArm"] = CFrame.new(-3.2782554626464844e-07, -1.7881393432617188e-07, -1.3597309589385986e-07, 1, -7.63684582238966e-08, 8.940698137394065e-08, 1.1175872316471214e-07, 0.14504627883434296, -0.9894248843193054, 5.587936158235607e-08, 0.9894248843193054, 0.14504626393318176),
            ["LowerTorso"] = CFrame.new(-0.1392861157655716, -0.12671303749084473, -0.00046865653712302446, 0.9952467083930969, 0.01568056456744671, -0.09611544013023376, -0.0077386656776070595, 0.9965651035308838, 0.08245109021663666, 0.09707817435264587, -0.08131537586450577, 0.9919494390487671),
            ["Head"] = CFrame.new(9.313225746154785e-09, 0, -3.725290298461914e-08, 0.9866613149642944, 0.050147105008363724, -0.1548698991537094, -0.06934525072574615, 0.9902076721191406, -0.12116121500730515, 0.14727747440338135, 0.13028457760810852, 0.9804770946502686),
            ["RightUpperArm"] = CFrame.new(-5.960464477539063e-08, 0, 1.4901161193847656e-08, 0.8783419132232666, -0.42944571375846863, -0.20998062193393707, 0.3097893297672272, 0.845894455909729, -0.4341581165790558, 0.36406877636909485, 0.3162895143032074, 0.8760221600532532),
            ["UpperTorso"] = CFrame.new(-1.862645149230957e-09, 1.1920928955078125e-07, 1.210719347000122e-08, 0.9999966025352478, 0.002562756882980466, -0.0006321334512904286, -0.002492703730240464, 0.9956462383270264, 0.09317949414253235, 0.0008681626641191542, -0.09317760914564133, 0.9956490993499756),
            ["HumanoidRootPart"] = CFrame.new(0, 0, 0, 1, 0, 0, 0, 1, 0, 0, 0, 1),
            ["RightHand"] = CFrame.new(-2.9802322387695312e-08, -1.7881393432617188e-07, 1.2665987014770508e-07, 0.7884016036987305, -0.6129606366157532, -0.05198196321725845, 0.5736212134361267, 0.7630593776702881, -0.29782432317733765, 0.22221983969211578, 0.20498722791671753, 0.953204333782196),
            ["LeftUpperArm"] = CFrame.new(5.960464477539063e-08, -1.1920928955078125e-07, -7.450580596923828e-09, 0.9333202242851257, 0.3508676588535309, 0.07619220018386841, -0.24651432037353516, 0.7804933786392212, -0.5745092630386353, -0.2610442638397217, 0.517418622970581, 0.8149441480636597),
            ["RightLowerArm"] = CFrame.new(2.980232238769531e-07, 0, 1.4528632164001465e-07, 1, -6.70552182668871e-08, 1.1920930376163597e-07, 8.568166975919667e-08, -0.04607434198260307, -0.9989380836486816, 1.341104365337742e-07, 0.9989380240440369, -0.04607434943318367),
            ["LeftHand"] = CFrame.new(1.1920928955078125e-07, 5.960464477539063e-08, -1.4901161193847656e-07, 0.6870154738426208, 0.726377546787262, 0.019637972116470337, -0.7199397683143616, 0.6840916872024536, -0.11707013845443726, -0.09847130626440048, 0.06629085540771484, 0.9929295182228088),
            ["RightUpperLeg"] = CFrame.new(5.960464477539063e-08, 2.398155629634857e-07, 5.75528247281909e-09, 0.9925737380981445, -0.10736788809299469, 0.057179927825927734, 0.12159653753042221, 0.862523078918457, -0.491190642118454, 0.003419057000428438, 0.49449577927589417, 0.8691732883453369),
            ["LeftUpperLeg"] = CFrame.new(0, -7.35744833946228e-08, 6.332993507385254e-08, 0.9972372651100159, 0.03667190670967102, 0.0645984336733818, 0.0033885608427226543, 0.8462759256362915, -0.5327337384223938, -0.07420451194047928, 0.531481146812439, 0.8438138961791992),
            ["RightLowerLeg"] = CFrame.new(-4.470348358154297e-08, -0.0000037550926208496094, -0.000013264063454698771, 1, -2.1606680888908159e-07, -7.823108916227284e-08, 1.9371505288745539e-07, 0.736704409122467, 0.676214873790741, -7.450579175838357e-08, -0.6762149333953857, 0.7367044687271118),
            ["RightFoot"] = CFrame.new(-1.8404534785076976e-08, 4.172325134277344e-07, 3.087916411459446e-08, 0.9894337058067322, 0.11377980560064316, 0.08986131101846695, -0.08055554330348969, 0.9467390775680542, -0.3117627799510956, -0.12054755538702011, 0.30122998356819153, 0.9459011554718018),
            ["LeftLowerLeg"] = CFrame.new(-7.35744833946228e-08, 0.0000037550926208496094, 0.00001319684088230133, 1, 1.3457608361022722e-07, 5.2852556109428406e-08, -1.3085082173347473e-07, 0.695431113243103, 0.7185927033424377, 6.239861249923706e-08, -0.7185928225517273, 0.6954312324523926),
        }},
        {Time = 0.050, Data = {
            ["LeftFoot"] = CFrame.new(-1.1641532182693481e-10, 1.7881393432617188e-07, -1.30385160446167e-08, 0.9990699887275696, -0.024224089458584785, 0.03567027673125267, 0.0331985168159008, 0.9600479006767273, -0.2778598368167877, -0.027514271438121796, 0.2787856161594391, 0.9599591493606567),
            ["LeftLowerArm"] = CFrame.new(-5.960464477539063e-08, -2.384185791015625e-07, 2.2351741790771484e-08, 1, -7.636847243475131e-08, 1.5273694486950262e-07, 1.3783575525394554e-07, 0.07959512621164322, -0.9968273639678955, 6.33299421792799e-08, 0.9968273639678955, 0.07959520071744919),
            ["LowerTorso"] = CFrame.new(-0.15000596642494202, -0.10882699489593506, 0.005775486119091511, 0.9940445423126221, 0.017014222219586372, -0.10763855278491974, -0.008013100363314152, 0.9964747428894043, 0.08350970596075058, 0.10867995768785477, -0.08214984089136124, 0.9906765818595886),
            ["Head"] = CFrame.new(-2.0489096641540527e-08, -4.76837158203125e-07, -6.984919309616089e-08, 0.9889040589332581, 0.05716756358742714, -0.13711567223072052, -0.07343893498182297, 0.9904472827911377, -0.11670885980129242, 0.12913386523723602, 0.12548349797725677, 0.983655571937561),
            ["RightUpperArm"] = CFrame.new(-5.960464477539063e-08, -3.5762786865234375e-07, -5.21540641784668e-08, 0.8793367147445679, -0.4268551468849182, -0.21109630167484283, 0.2976493239402771, 0.838702917098999, -0.45605072379112244, 0.37171465158462524, 0.3381894826889038, 0.8645554780960083),
            ["UpperTorso"] = CFrame.new(-1.6298145055770874e-08, -2.086162567138672e-07, 9.313225746154785e-09, 0.9999381899833679, 0.0015278933569788933, -0.011015785858035088, -0.0005140067078173161, 0.9958085417747498, 0.09146126359701157, 0.011109363287687302, -0.09144993126392365, 0.9957478046417236),
            ["HumanoidRootPart"] = CFrame.new(0, 0, 0, 1, 0, 0, 0, 1, 0, 0, 0, 1),
            ["RightHand"] = CFrame.new(5.960464477539063e-08, -1.1920928955078125e-07, 3.129243850708008e-07, 0.8150160312652588, -0.5784488320350647, -0.03385157883167267, 0.5406607985496521, 0.7801867127418518, -0.31463444232940674, 0.20841048657894135, 0.2381298542022705, 0.9486091732978821),
            ["LeftUpperArm"] = CFrame.new(1.1920928955078125e-07, 0, -2.9802322387695312e-08, 0.932041347026825, 0.35446304082870483, 0.07519952207803726, -0.24299462139606476, 0.7653728127479553, -0.595951497554779, -0.26879844069480896, 0.5371783375740051, 0.7994915843009949),
            ["RightLowerArm"] = CFrame.new(-1.7881393432617188e-07, 2.384185791015625e-07, -5.029141902923584e-08, 1, -8.940694584680386e-08, 1.1920927533992653e-07, 5.960464477539063e-08, -0.17296959459781647, -0.9849271774291992, 1.4156103134155273e-07, 0.9849271178245544, -0.17296960949897766),
            ["LeftHand"] = CFrame.new(1.1920928955078125e-07, -1.1920928955078125e-07, 8.940696716308594e-08, 0.7230899930000305, 0.690645694732666, -0.012220935896039009, -0.6859063506126404, 0.7158108949661255, -0.13094741106033325, -0.08169037103652954, 0.10306917130947113, 0.9913139939308167),
            ["RightUpperLeg"] = CFrame.new(0, -2.4260953068733215e-07, 1.3205863069742918e-08, 0.991897702217102, -0.11075055599212646, 0.06223699450492859, 0.12701678276062012, 0.8738963007926941, -0.4692249298095703, -0.002421753713861108, 0.4733283817768097, 0.880882740020752),
            ["LeftUpperLeg"] = CFrame.new(-1.1920928955078125e-07, -6.789341568946838e-07, 7.82310962677002e-08, 0.9973961114883423, 0.03185488283634186, 0.06470140814781189, 0.008410619571805, 0.8396592140197754, -0.5430486798286438, -0.07162585109472275, 0.5421786308288574, 0.8372048139572144),
            ["RightLowerLeg"] = CFrame.new(-3.3527612686157227e-08, -0.0000040531158447265625, -0.000013292003131937236, 1, -1.0803340444454079e-07, -4.842878098543224e-08, 1.0803340444454079e-07, 0.778286874294281, 0.6279088854789734, -4.8428766774577525e-08, -0.6279088258743286, 0.778286874294281),
            ["RightFoot"] = CFrame.new(-3.258173819631338e-08, 1.7881393432617188e-07, 2.5131157599389553e-08, 0.9884121417999268, 0.11841876059770584, 0.09496599435806274, -0.08805984258651733, 0.956913411617279, -0.2766989767551422, -0.1236405149102211, 0.26512977480888367, 0.9562526941299438),
            ["LeftLowerLeg"] = CFrame.new(-4.842877388000488e-08, 0.000003933906555175781, 0.000013440847396850586, 1, 4.0512535548486994e-08, 2.0139850676059723e-08, -4.0046874261179255e-08, 0.6933514475822449, 0.7205995321273804, 2.2118912923474454e-08, -0.7205995917320251, 0.6933515667915344),
        }},
        {Time = 0.067, Data = {
            ["LeftFoot"] = CFrame.new(-1.3882527127861977e-08, -5.960464477539063e-08, 1.1175870895385742e-08, 0.998234748840332, -0.03315751999616623, 0.04927446320652962, 0.04461689665913582, 0.9662628769874573, -0.253664493560791, -0.039201341569423676, 0.2554148733615875, 0.9660363793373108),
            ["LeftLowerArm"] = CFrame.new(-2.384185791015625e-07, -2.384185791015625e-07, 2.905726432800293e-07, 1, -9.313225746154785e-08, 8.568166975919667e-08, 7.450580596923828e-08, 0.013974513858556747, -0.9999023675918579, 9.313225746154785e-08, 0.9999023675918579, 0.01397455669939518),
            ["LowerTorso"] = CFrame.new(-0.16116450726985931, -0.09220290184020996, 0.011911310255527496, 0.9926804900169373, 0.018697073683142662, -0.11931416392326355, -0.008596258237957954, 0.9963765144348145, 0.08461685478687286, 0.12046391516923904, -0.08297185599803925, 0.9892442226409912),
            ["Head"] = CFrame.new(-1.1175870895385742e-08, -4.76837158203125e-07, 1.955777406692505e-08, 0.9910497665405273, 0.06479836255311966, -0.11671218276023865, -0.07780008763074875, 0.9908232092857361, -0.11052871495485306, 0.10847903788089752, 0.11861962825059891, 0.9869963526725769),
            ["RightUpperArm"] = CFrame.new(0, -2.384185791015625e-07, 7.450580596923828e-09, 0.8810713887214661, -0.4230532646179199, -0.2115166187286377, 0.28495094180107117, 0.8317027688026428, -0.4765222668647766, 0.3775131404399872, 0.35957828164100647, 0.8533388376235962),
            ["UpperTorso"] = CFrame.new(1.6065314412117004e-08, 0, -1.862645149230957e-09, 0.9997155070304871, 0.00022320449352264404, -0.02385374717414379, 0.0019085691310465336, 0.996002197265625, 0.0893082395195961, 0.023778315633535385, -0.0893283486366272, 0.9957184195518494),
            ["HumanoidRootPart"] = CFrame.new(0, 0, 0, 1, 0, 0, 0, 1, 0, 0, 0, 1),
            ["RightHand"] = CFrame.new(-2.9802322387695312e-08, -1.7881393432617188e-07, -1.4901161193847656e-08, 0.8466894030570984, -0.5318927764892578, -0.0143958181142807, 0.4979502260684967, 0.8016126751899719, -0.33085158467292786, 0.18751749396324158, 0.27296024560928345, 0.943572998046875),
            ["LeftUpperArm"] = CFrame.new(0, -2.384185791015625e-07, 5.960464477539063e-08, 0.9310181736946106, 0.3575078248977661, 0.07343898713588715, -0.23972724378108978, 0.7507433295249939, -0.6155609488487244, -0.275201678276062, 0.555493175983429, 0.7846601009368896),
            ["RightLowerArm"] = CFrame.new(2.980232238769531e-07, -5.960464477539063e-08, -7.310882210731506e-08, 1, -8.940698847936801e-08, 1.0430815677864302e-07, 5.960465188081798e-08, -0.2880539298057556, -0.9576141834259033, 1.266598843585598e-07, 0.9576141834259033, -0.2880539894104004),
            ["LeftHand"] = CFrame.new(2.9802322387695312e-08, -1.7881393432617188e-07, -1.1920928955078125e-07, 0.7666064500808716, 0.6404223442077637, -0.04662517085671425, -0.6394122838973999, 0.7547036409378052, -0.1468823105096817, -0.05887845158576965, 0.1424136906862259, 0.9880545139312744),
            ["RightUpperLeg"] = CFrame.new(5.960464477539063e-08, 5.820766091346741e-08, -5.420588422566652e-09, 0.9910749793052673, -0.1148628517985344, 0.06765305250883102, 0.13302506506443024, 0.8850775361061096, -0.446029394865036, -0.00864601880311966, 0.4510478675365448, 0.8924577832221985),
            ["LeftUpperLeg"] = CFrame.new(8.940696716308594e-08, 1.6111880540847778e-07, 7.450580596923828e-08, 0.9975728988647461, 0.02767244167625904, 0.0638945922255516, 0.013152649626135826, 0.8262266516685486, -0.5631839036941528, -0.06837602704763412, 0.5626577734947205, 0.8238577246665955),
            ["RightLowerLeg"] = CFrame.new(5.774199962615967e-08, -0.000003874301910400391, -0.000013293865777086467, 1, -6.705523958316917e-08, -1.1175869119028903e-08, 6.70552182668871e-08, 0.8178251385688782, 0.5754664540290833, 1.1175869119028903e-08, -0.5754668116569519, 0.817825436592102),
            ["RightFoot"] = CFrame.new(4.3928594095632434e-10, 2.980232238769531e-07, -1.8408172763884068e-09, 0.9873396158218384, 0.12329193204641342, 0.09979862719774246, -0.0962996855378151, 0.9658588171005249, -0.24050572514533997, -0.12604385614395142, 0.22785064578056335, 0.9655036330223083),
            ["LeftLowerLeg"] = CFrame.new(-1.708976924419403e-07, 0.0000040531158447265625, 0.000013282522559165955, 1, -1.0582151332982903e-07, -3.7718578482781595e-08, 9.790528565645218e-08, 0.6787969470024109, 0.734326183795929, -5.4016709327697754e-08, -0.7343260645866394, 0.6787968277931213),
        }},
        {Time = 0.083, Data = {
            ["LeftFoot"] = CFrame.new(-3.4924596548080444e-10, 5.960464477539063e-08, 2.60770320892334e-08, 0.9969947338104248, -0.04547123238444328, 0.0627208799123764, 0.05873800069093704, 0.9715797901153564, -0.22930936515331268, -0.050511330366134644, 0.2323041558265686, 0.9713307023048401),
            ["LeftLowerArm"] = CFrame.new(2.9802322387695312e-08, 4.76837158203125e-07, 8.940696716308594e-08, 1, -1.0430814256778831e-07, 4.842878098543224e-08, 8.568167686462402e-08, -0.05086981877684593, -0.9987053275108337, 8.940696716308594e-08, 0.9987053275108337, -0.05086984485387802),
            ["LowerTorso"] = CFrame.new(-0.17261938750743866, -0.0777280330657959, 0.017768798395991325, 0.9912815093994141, 0.020684313029050827, -0.1301276832818985, -0.009540523402392864, 0.9962766170501709, 0.08568471670150757, 0.1314155012369156, -0.08369618654251099, 0.9877879023551941),
            ["Head"] = CFrame.new(-1.5366822481155396e-08, -1.1920928955078125e-07, -6.146728992462158e-08, 0.9927733540534973, 0.0723840519785881, -0.09571652859449387, -0.08217742294073105, 0.9913141131401062, -0.10268052667379379, 0.087452732026577, 0.10980421304702759, 0.9900984764099121),
            ["RightUpperArm"] = CFrame.new(0, 4.76837158203125e-07, -5.960464477539063e-08, 0.8832061290740967, -0.41859492659568787, -0.21148331463336945, 0.27257341146469116, 0.825121283531189, -0.4948522448539734, 0.38164201378822327, 0.37941184639930725, 0.8428500294685364),
            ["UpperTorso"] = CFrame.new(-2.561137080192566e-08, -1.4901161193847656e-07, -1.955777406692505e-08, 0.9992707371711731, -0.0012638113694265485, -0.03816208615899086, 0.00457755196839571, 0.9962090849876404, 0.08687132596969604, 0.037907615303993225, -0.08698265999555588, 0.9954883456230164),
            ["HumanoidRootPart"] = CFrame.new(0, 0, 0, 1, 0, 0, 0, 1, 0, 0, 0, 1),
            ["RightHand"] = CFrame.new(-2.5331974029541016e-07, 1.1920928955078125e-07, 2.384185791015625e-07, 0.8801167011260986, -0.4747331738471985, 0.0048188273794949055, 0.44677355885505676, 0.824763298034668, -0.3466397821903229, 0.16058705747127533, 0.3072362542152405, 0.9379860162734985),
            ["LeftUpperArm"] = CFrame.new(0, 4.76837158203125e-07, -4.470348358154297e-08, 0.9302347302436829, 0.3599824011325836, 0.07124543935060501, -0.23682093620300293, 0.737211287021637, -0.6327996850013733, -0.2803196907043457, 0.5717798471450806, 0.7710309624671936),
            ["RightLowerArm"] = CFrame.new(5.960464477539063e-08, 1.7881393432617188e-07, 2.9802322387695312e-08, 1, -1.043081283569336e-07, 1.0430814256778831e-07, 1.043081283569336e-07, -0.3769356906414032, -0.926239550113678, 1.2665987014770508e-07, 0.9262394309043884, -0.3769357204437256),
            ["LeftHand"] = CFrame.new(7.450580596923828e-08, 1.1920928955078125e-07, -2.086162567138672e-07, 0.8132435083389282, 0.5762861371040344, -0.080804742872715, -0.5811064839363098, 0.7968780994415283, -0.1652287244796753, -0.030827607959508896, 0.1813274472951889, 0.982939600944519),
            ["RightUpperLeg"] = CFrame.new(0, -6.51925802230835e-08, -2.4047039914876223e-08, 0.9901074171066284, -0.12006014585494995, 0.07261443138122559, 0.13958640396595, 0.895368754863739, -0.42288345098495483, -0.0142452297732234, 0.4288361370563507, 0.9032700657844543),
            ["LeftUpperLeg"] = CFrame.new(-1.7881393432617188e-07, -1.103617250919342e-07, 2.2351741790771484e-08, 0.9978100061416626, 0.023695247247815132, 0.06175637245178223, 0.017423154786229134, 0.8065124750137329, -0.5909600257873535, -0.06381028890609741, 0.5907420516014099, 0.8043334484100342),
            ["RightLowerLeg"] = CFrame.new(3.725290298461914e-09, -0.0000035762786865234375, -0.000013308766938280314, 1, -2.2165480118019332e-07, -6.332993507385254e-08, 1.899897767998482e-07, 0.853000283241272, 0.5219102501869202, -5.960463766996327e-08, -0.5219104886054993, 0.8530004620552063),
            ["RightFoot"] = CFrame.new(1.314765540882945e-08, 2.980232238769531e-07, 8.403731044381857e-09, 0.9862160682678223, 0.12840017676353455, 0.10436157882213593, -0.10497838258743286, 0.97307950258255, -0.2051728218793869, -0.127896249294281, 0.19138918817043304, 0.9731458425521851),
            ["LeftLowerLeg"] = CFrame.new(-2.3981556296348572e-08, 0.0000036954879760742188, 0.000013366341590881348, 1, 2.6775527572908686e-08, 1.5716073775706718e-08, -3.119930269690485e-08, 0.6533788442611694, 0.757031261920929, 8.614732927014757e-09, -0.7570311427116394, 0.6533787846565247),
        }},
        {Time = 0.100, Data = {
            ["LeftFoot"] = CFrame.new(1.0128132998943329e-08, 5.960464477539063e-08, 2.9802322387695312e-08, 0.9953049421310425, -0.060676801949739456, 0.07540883868932724, 0.0749916285276413, 0.9759951829910278, -0.2044740468263626, -0.06119213253259659, 0.20916925370693207, 0.9759631156921387),
            ["LeftLowerArm"] = CFrame.new(-1.4901161193847656e-07, 5.960464477539063e-08, 0, 1, -8.195637946073475e-08, 6.70552182668871e-08, 7.823108916227284e-08, -0.11265414953231812, -0.9936342835426331, 9.685753354915505e-08, 0.9936343431472778, -0.11265407502651215),
            ["LowerTorso"] = CFrame.new(-0.18422831594944, -0.06629014015197754, 0.023177918046712875, 0.9900175929069519, 0.022927474230527878, -0.1390666514635086, -0.010902317240834236, 0.9961814880371094, 0.08662350475788116, 0.14052167534828186, -0.08424263447523117, 0.9864871501922607),
            ["Head"] = CFrame.new(-1.0011717677116394e-08, -1.1920928955078125e-07, 0, 0.9939317107200623, 0.07930896431207657, -0.07622280716896057, -0.0862957164645195, 0.9918985962867737, -0.0932212769985199, 0.06821200996637344, 0.09923328459262848, 0.9927235245704651),
            ["RightUpperArm"] = CFrame.new(1.1920928955078125e-07, 3.5762786865234375e-07, 3.3527612686157227e-08, 0.8854111433029175, -0.41405776143074036, -0.2111949920654297, 0.26140454411506653, 0.8192835450172424, -0.5103352069854736, 0.3843368887901306, 0.3966491222381592, 0.8336394429206848),
            ["UpperTorso"] = CFrame.new(1.7113052308559418e-08, -1.1920928955078125e-07, -8.381903171539307e-09, 0.9985928535461426, -0.002837714971974492, -0.05295535922050476, 0.007302518934011459, 0.9964128136634827, 0.08431075513362885, 0.05252611264586449, -0.08457882702350616, 0.9950314164161682),
            ["HumanoidRootPart"] = CFrame.new(0, 0, 0, 1, 0, 0, 0, 1, 0, 0, 0, 1),
            ["RightHand"] = CFrame.new(4.470348358154297e-08, 0, 3.427267074584961e-07, 0.9122275114059448, -0.4090774357318878, 0.02228517085313797, 0.3887910842895508, 0.8472750186920166, -0.36189329624176025, 0.12916067242622375, 0.33879318833351135, 0.9319531917572021),
            ["LeftUpperArm"] = CFrame.new(0, 1.1920928955078125e-07, 0, 0.9296700358390808, 0.3618822991847992, 0.06895546615123749, -0.23438647389411926, 0.7254458069801331, -0.6471408605575562, -0.2842123210430145, 0.5854653120040894, 0.7592456340789795),
            ["RightLowerArm"] = CFrame.new(5.960464477539063e-08, 4.172325134277344e-07, 2.3096799850463867e-07, 1, -6.705522537231445e-08, 1.4901159772762185e-07, 9.685754776000977e-08, -0.4424858093261719, -0.8967755436897278, 1.862645149230957e-07, 0.8967755436897278, -0.4424857795238495),
            ["LeftHand"] = CFrame.new(8.940696716308594e-08, 4.76837158203125e-07, 3.5762786865234375e-07, 0.8587841987609863, 0.49997249245643616, -0.11188013851642609, -0.5123366713523865, 0.8384562134742737, -0.18574848771095276, 0.0009374881628900766, 0.21683812141418457, 0.9762071371078491),
            ["RightUpperLeg"] = CFrame.new(0, -2.980232238769531e-07, 1.3205863069742918e-08, 0.9890179634094238, -0.1265193223953247, 0.07639630883932114, 0.14667002856731415, 0.9038669466972351, -0.40188607573509216, -0.018205787986516953, 0.4086775779724121, 0.9124972820281982),
            ["LeftUpperLeg"] = CFrame.new(-1.1920928955078125e-07, 1.3969838619232178e-09, 7.078051567077637e-08, 0.9981358647346497, 0.01932181790471077, 0.05789355933666229, 0.021066224202513695, 0.7812013030052185, -0.6239238381385803, -0.05728168785572052, 0.6239801645278931, 0.7793379426002502),
            ["RightLowerLeg"] = CFrame.new(3.91155481338501e-08, -0.0000032186508178710938, -0.000013364646292757243, 1, -9.126962652317161e-08, -7.823111758398227e-08, 1.3411042232291948e-07, 0.8815340399742126, 0.4721202552318573, -2.9802315282267955e-08, -0.4721206724643707, 0.8815342783927917),
            ["RightFoot"] = CFrame.new(-7.205471774796024e-08, 3.5762786865234375e-07, -2.9613147489726543e-09, 0.9850397109985352, 0.13375036418437958, 0.10866302996873856, -0.11369699239730835, 0.9782593846321106, -0.1734405905008316, -0.1294984370470047, 0.1584915965795517, 0.9788312911987305),
            ["LeftLowerLeg"] = CFrame.new(-2.1420419216156006e-08, 0.000004231929779052734, 0.000013209879398345947, 1, 1.0570512642971153e-07, 5.1688409996586415e-08, -9.173528781047935e-08, 0.618948221206665, 0.7854317426681519, 5.075708742197094e-08, -0.7854319214820862, 0.6189484596252441),
        }},
        {Time = 0.117, Data = {
            ["LeftFoot"] = CFrame.new(-7.916241884231567e-09, 0, 4.842877388000488e-08, 0.9931560158729553, -0.07815735042095184, 0.08679044246673584, 0.09273086488246918, 0.9794491529464722, -0.17910988628864288, -0.0710081085562706, 0.18593217432498932, 0.979993462562561),
            ["LeftLowerArm"] = CFrame.new(5.960464477539063e-08, -2.384185791015625e-07, 5.960464477539063e-08, 1, -9.126963362859897e-08, 1.0244551873483942e-07, 7.078052277620372e-08, -0.16814325749874115, -0.9857626557350159, 1.1548401346317405e-07, 0.9857625961303711, -0.16814333200454712),
            ["LowerTorso"] = CFrame.new(-0.1958490014076233, -0.0587766170501709, 0.027968648821115494, 0.9890884160995483, 0.025375772267580032, -0.1451214998960495, -0.01274085883051157, 0.9960970878601074, 0.08733991533517838, 0.1467714160680771, -0.08453792333602905, 0.9855513572692871),
            ["Head"] = CFrame.new(1.862645149230957e-08, 2.384185791015625e-07, 3.725290298461914e-08, 0.9945482611656189, 0.08503463864326477, -0.060356058180332184, -0.08985305577516556, 0.9925568699836731, -0.08220390230417252, 0.05291659012436867, 0.08717893809080124, 0.994786262512207),
            ["RightUpperArm"] = CFrame.new(1.1920928955078125e-07, 1.1920928955078125e-07, -3.725290298461914e-09, 0.8873676061630249, -0.4100435674190521, -0.21081483364105225, 0.25233525037765503, 0.8145897388458252, -0.5222743153572083, 0.38588282465934753, 0.4102533161640167, 0.826309084892273),
            ["UpperTorso"] = CFrame.new(2.5029294192790985e-09, 1.1920928955078125e-07, 2.0954757928848267e-08, 0.997726559638977, -0.004393753595650196, -0.0672491192817688, 0.00990213267505169, 0.9965997934341431, 0.08179748058319092, 0.06666110455989838, -0.08227741718292236, 0.9943776726722717),
            ["HumanoidRootPart"] = CFrame.new(0, 0, 0, 1, 0, 0, 0, 1, 0, 0, 0, 1),
            ["RightHand"] = CFrame.new(2.2351741790771484e-07, 2.384185791015625e-07, 7.450580596923828e-08, 0.9405103921890259, -0.3377864956855774, 0.03661191463470459, 0.3261178433895111, 0.8672442436218262, -0.37621089816093445, 0.09532749652862549, 0.36577004194259644, 0.9258104562759399),
            ["LeftUpperArm"] = CFrame.new(-1.1920928955078125e-07, 1.1920928955078125e-07, 2.9802322387695312e-08, 0.9292992353439331, 0.363216757774353, 0.06690662354230881, -0.23253218829631805, 0.7161585092544556, -0.6580622792243958, -0.28693491220474243, 0.595978856086731, 0.7499851584434509),
            ["RightLowerArm"] = CFrame.new(2.384185791015625e-07, -6.556510925292969e-07, -1.043081283569336e-07, 1, -8.195639367158947e-08, 1.192093321833454e-07, 1.1920930376163597e-07, -0.48917561769485474, -0.8721853494644165, 1.0430814256778831e-07, 0.8721853494644165, -0.48917555809020996),
            ["LeftHand"] = CFrame.new(2.0489096641540527e-07, -1.1920928955078125e-07, -2.682209014892578e-07, 0.8996164798736572, 0.41460809111595154, -0.1370784044265747, -0.4353509247303009, 0.8760247230529785, -0.2074861079454422, 0.034058596938848495, 0.24633528292179108, 0.9685861468315125),
            ["RightUpperLeg"] = CFrame.new(0, 5.3551048040390015e-08, 3.9282895158976316e-08, 0.9878387451171875, -0.13420109450817108, 0.07851612567901611, 0.15425315499305725, 0.9092606902122498, -0.3865891993045807, -0.01951085776090622, 0.39399898052215576, 0.9189037680625916),
            ["LeftUpperLeg"] = CFrame.new(-5.960464477539063e-08, 5.9371814131736755e-08, 2.9802322387695312e-08, 0.9985552430152893, 0.013784822076559067, 0.05193681642413139, 0.02395663596689701, 0.7509579062461853, -0.6599155068397522, -0.048099085688591, 0.6602062582969666, 0.7495426535606384),
            ["RightLowerLeg"] = CFrame.new(-5.960464477539063e-08, -0.0000033974647521972656, -0.000013252887583803385, 1, -1.434236907016384e-07, -2.2351745343485163e-08, 1.4156103134155273e-07, 0.9009175300598145, 0.4339900016784668, -2.2351741790771484e-08, -0.4339904189109802, 0.9009177088737488),
            ["RightFoot"] = CFrame.new(-9.966242942027748e-09, 2.384185791015625e-07, 7.159542292356491e-09, 0.9838055372238159, 0.13936129212379456, 0.112717404961586, -0.12188251316547394, 0.9812387824058533, -0.1493818759918213, -0.13142088055610657, 0.1332247108221054, 0.9823338985443115),
            ["LeftLowerLeg"] = CFrame.new(1.0151416063308716e-07, 0.000004172325134277344, 0.000013243407011032104, 1, 9.080395102500916e-08, 4.353934102141466e-08, -8.707866072654724e-08, 0.5770819783210754, 0.81668621301651, 4.284083843231201e-08, -0.81668621301651, 0.5770819783210754),
        }},
        {Time = 0.133, Data = {
            ["LeftFoot"] = CFrame.new(3.771856427192688e-08, 1.7881393432617188e-07, 1.862645149230957e-08, 0.9905824661254883, -0.09718923270702362, 0.09644016623497009, 0.11127080768346786, 0.9818779230117798, -0.153409942984581, -0.07978270202875137, 0.1626964658498764, 0.9834453463554382),
            ["LeftLowerArm"] = CFrame.new(-2.9802322387695312e-08, 0, 2.682209014892578e-07, 1, -8.940695295223122e-08, 8.568166975919667e-08, 6.51925802230835e-08, -0.21324896812438965, -0.9769978523254395, 1.0803341865539551e-07, 0.9769979119300842, -0.21324901282787323),
            ["LowerTorso"] = CFrame.new(-0.2073391079902649, -0.05607485771179199, 0.03197095915675163, 0.9886984825134277, 0.027977926656603813, -0.14728392660617828, -0.015115953981876373, 0.9960293173789978, 0.08773337304592133, 0.1491537094116211, -0.0845155194401741, 0.9851955771446228),
            ["Head"] = CFrame.new(-5.587935447692871e-09, 2.384185791015625e-07, -1.1175870895385742e-08, 0.9947505593299866, 0.08913417905569077, -0.050264276564121246, -0.0925222635269165, 0.993269681930542, -0.06967766582965851, 0.04371532052755356, 0.07396246492862701, 0.9963024258613586),
            ["RightUpperArm"] = CFrame.new(1.1920928955078125e-07, 3.5762786865234375e-07, 7.1158865466713905e-09, 0.8887668251991272, -0.407173216342926, -0.21048375964164734, 0.24625256657600403, 0.8114754557609558, -0.5299690961837769, 0.3865916430950165, 0.4191868305206299, 0.8214799761772156),
            ["UpperTorso"] = CFrame.new(1.446460373699665e-08, 0, 1.0477378964424133e-09, 0.996772825717926, -0.005818133242428303, -0.08006303012371063, 0.012204690836369991, 0.9967591762542725, 0.07951270788908005, 0.07934094220399857, -0.08023324608802795, 0.9936134219169617),
            ["HumanoidRootPart"] = CFrame.new(0, 0, 0, 1, 0, 0, 0, 1, 0, 0, 0, 1),
            ["RightHand"] = CFrame.new(-1.7881393432617188e-07, 4.172325134277344e-07, 3.725290298461914e-07, 0.9632949233055115, -0.2643715739250183, 0.04659128561615944, 0.2612689137458801, 0.8834490776062012, -0.3889170289039612, 0.06165755167603493, 0.38681456446647644, 0.9200940132141113),
            ["LeftUpperArm"] = CFrame.new(-1.1920928955078125e-07, 4.76837158203125e-07, -5.960464477539063e-08, 0.9290960431098938, 0.36400383710861206, 0.06543523818254471, -0.23135815560817719, 0.7100761532783508, -0.6650303602218628, -0.28853747248649597, 0.6027381420135498, 0.7439442276954651),
            ["RightLowerArm"] = CFrame.new(4.172325134277344e-07, -2.384185791015625e-07, -7.450580596923828e-08, 1, -6.705522537231445e-08, 8.940696716308594e-08, 1.1175872316471214e-07, -0.5211494565010071, -0.8534654378890991, 1.1175872316471214e-07, 0.8534654378890991, -0.5211493968963623),
            ["LeftHand"] = CFrame.new(-7.078051567077637e-08, -5.960464477539063e-08, -8.940696716308594e-08, 0.9332380294799805, 0.32458049058914185, -0.15399444103240967, -0.35324937105178833, 0.9071242213249207, -0.22878076136112213, 0.06543431431055069, 0.2679053843021393, 0.9612206220626831),
            ["RightUpperLeg"] = CFrame.new(0, 5.4016709327697754e-08, 9.480572771281004e-09, 0.9868977665901184, -0.1424294412136078, 0.07580729573965073, 0.16092799603939056, 0.9027683734893799, -0.3988880515098572, -0.011622952297329903, 0.4058610200881958, 0.9138607978820801),
            ["LeftUpperLeg"] = CFrame.new(1.4901161193847656e-07, 9.359791874885559e-08, 5.960464477539063e-08, 0.9990322589874268, 0.006137582939118147, 0.04355408623814583, 0.025987187400460243, 0.7165393829345703, -0.6970625519752502, -0.03548652306199074, 0.6975196003913879, 0.7156863808631897),
