return {
    ["Lethal Dance"] = {
        {Time = 0.000, Data = {
            ["RightFoot"] = CFrame.new(-3.088280209340155e-08, 5.960464477539063e-08, -0.00010000591282732785, 0.9949589967727661, 0.09758152812719345, 0.02311740629374981, -0.07622648775577545, 0.8857071995735168, -0.45794373750686646, -0.06516218930482864, 0.4538731276988983, 0.8886805772781372),
            ["LeftLowerArm"] = CFrame.new(-0.0006764531135559082, -0.000006556510925292969, -0.007729716598987579, 0.9998334646224976, -0.008922796696424484, -0.01592588797211647, -0.0022381171584129333, 0.8059094548225403, -0.5920351147651672, 0.01811743900179863, 0.5919716954231262, 0.8057547807693481),
            ["RightUpperArm"] = CFrame.new(0.0015044212341308594, -0.021302103996276855, -0.04238066077232361, 0.9958885312080383, -0.042598020285367966, -0.0799461230635643, 0.042177192866802216, 0.9990860819816589, -0.006946161389350891, 0.08016891777515411, 0.003545195795595646, 0.9967750310897827),
            ["Head"] = CFrame.new(0, 0, 2.9802322387695312e-08, 1, 0, 0, 0, 0.9884487390518188, -0.15155565738677979, 0, 0.15155565738677979, 0.9884487390518188),
            ["RightHand"] = CFrame.new(4.0978193283081055e-08, -2.384185791015625e-07, 1.341104507446289e-07, -0.014734596014022827, -0.09148023277521133, 0.9956978559494019, 0.5917777419090271, 0.8018755316734314, 0.08242993801832199, -0.8059665560722351, 0.5904465317726135, 0.04232059791684151),
            ["UpperTorso"] = CFrame.new(0, 1.1920928955078125e-07, 0, 1, -9.634852027318175e-09, 6.283868003720272e-08, 0, 0.9884487390518188, 0.15155565738677979, -6.357302595461078e-08, -0.15155565738677979, 0.9884487390518188),
            ["HumanoidRootPart"] = CFrame.new(0, 0, 0, 1, 0, 0, 0, 1, 0, 0, 0, 1),
            ["RightUpperLeg"] = CFrame.new(0, 0, 0.010099967941641808, 0.9891584515571594, -0.1414676159620285, -0.039401616901159286, 0.09757796674966812, 0.8336721658706665, -0.5435706377029419, 0.10974569618701935, 0.5338329076766968, 0.838438093662262),
            ["LeftUpperArm"] = CFrame.new(-0.0006784200668334961, -0.00742185115814209, -0.034960582852363586, 0.9982200264930725, 0.04748399928212166, 0.03608640655875206, -0.0027840137481689453, 0.6415081024169922, -0.7671114802360535, -0.059575218707323074, 0.7656453251838684, 0.6404980421066284),
            ["RightLowerArm"] = CFrame.new(0.00017648935317993164, 0.00009357929229736328, -0.007729537785053253, 0.9998665452003479, 0.0152279706671834, -0.005927805323153734, -0.002931048162281513, -0.18974366784095764, -0.9818291664123535, -0.016075998544692993, 0.9817156195640564, -0.18967410922050476),
            ["LeftHand"] = CFrame.new(1.1175870895385742e-07, 0.00009953975677490234, -2.9802322387695312e-08, -0.02620433084666729, 0.1062350794672966, -0.993995726108551, -0.845272958278656, 0.5284971594810486, 0.07876774668693542, 0.533691942691803, 0.842261791229248, 0.07594869285821915),
            ["LeftFoot"] = CFrame.new(-5.615584086626768e-08, -5.960464477539063e-08, 1.96669134311378e-08, 0.9949590563774109, -0.0976041853427887, -0.023021386936306953, 0.0762183666229248, 0.8851996660232544, -0.4589254558086395, 0.06517162173986435, 0.45485720038414, 0.888176441192627),
            ["LowerTorso"] = CFrame.new(0, -0.24257338047027588, 0, 1, 0, -6.357302595461078e-08, 0, 1, 0, 6.357302595461078e-08, 0, 1),
            ["RightLowerLeg"] = CFrame.new(3.725290298461914e-08, -0.000060617923736572266, -0.0001001136188278906, 1, -5.5879347371501353e-08, -1.341104365337742e-07, 1.4156101713069802e-07, 0.49640387296676636, 0.8680916428565979, 2.9802318834981634e-08, -0.8680917620658875, 0.4964039921760559),
            ["LeftUpperLeg"] = CFrame.new(0, 0, 0.010000031441450119, 0.9891585111618042, 0.14146211743354797, 0.039421454071998596, -0.09757792949676514, 0.833747923374176, -0.5434544682502747, -0.10974579304456711, 0.533716082572937, 0.8385125994682312),
            ["LeftLowerLeg"] = CFrame.new(3.725290298461914e-09, -0.00006079673767089844, -3.91155481338501e-08, 1, 1.4528639269428822e-07, 1.4528630742915993e-07, -1.9744038581848145e-07, 0.4964148998260498, 0.868085503578186, 4.842877388000488e-08, -0.868085503578186, 0.4964146316051483),
        }},
        {Time = 0.017, Data = {
            ["RightFoot"] = CFrame.new(-2.9893271857872605e-08, 0, -0.00010002675116993487, 0.9949753284454346, 0.09742378443479538, 0.023080041632056236, -0.07626999914646149, 0.8868810534477234, -0.45565879344940186, -0.06486134231090546, 0.45160895586013794, 0.8898553252220154),
            ["LeftLowerArm"] = CFrame.new(-0.0006766319274902344, -0.000006198883056640625, -0.007729928940534592, 0.9998337626457214, -0.00907092820852995, -0.01581784151494503, -0.0022775547113269567, 0.7985635995864868, -0.6019067764282227, 0.01809142343699932, 0.6018422245979309, 0.7984098196029663),
            ["RightUpperArm"] = CFrame.new(0.001495957374572754, -0.021520137786865234, -0.04210634529590607, 0.9959161281585693, -0.04324621334671974, -0.07925115525722504, 0.042563531547784805, 0.999040961265564, -0.010283950716257095, 0.07961982488632202, 0.006868366617709398, 0.9968016147613525),
            ["Head"] = CFrame.new(0, 0, 0, 1, 0, 0, 0, 0.9886345863342285, -0.15033867955207825, 0, 0.15033867955207825, 0.9886345863342285),
            ["RightHand"] = CFrame.new(-7.450580596923828e-08, -2.384185791015625e-07, -3.8743019104003906e-07, -0.014074252918362617, -0.09147123992443085, 0.9957082867622375, 0.5919122695922852, 0.8018175363540649, 0.08202598243951797, -0.8058795928955078, 0.5905266404151917, 0.042857877910137177),
            ["UpperTorso"] = CFrame.new(0, 0, 0, 1, -9.545961354717747e-09, 6.285224429802838e-08, 0, 0.9886621236801147, 0.15015742182731628, -6.357302595461078e-08, -0.15015742182731628, 0.9886621236801147),
            ["HumanoidRootPart"] = CFrame.new(0, 0, 0, 1, 0, 0, 0, 1, 0, 0, 0, 1),
            ["RightUpperLeg"] = CFrame.new(0, 0, 0.010099967941641808, 0.989177942276001, -0.14119406044483185, -0.039889853447675705, 0.09742023050785065, 0.835352897644043, -0.5410127639770508, 0.10970988869667053, 0.5312718749046326, 0.8400679230690002),
            ["LeftUpperArm"] = CFrame.new(-0.0006793737411499023, -0.0078116655349731445, -0.0348619669675827, 0.9982237219810486, 0.04768604040145874, 0.03571546450257301, -0.00363635690882802, 0.6471209526062012, -0.7623788714408875, -0.05946701765060425, 0.7608945965766907, 0.6461446285247803),
            ["RightLowerArm"] = CFrame.new(0.00017660856246948242, 0.00009304285049438477, -0.007729575037956238, 0.9998669624328613, 0.01522403210401535, -0.005868430249392986, -0.0029212513472884893, -0.1868228018283844, -0.9823892712593079, -0.0160522498190403, 0.9822757244110107, -0.18675382435321808),
            ["LeftHand"] = CFrame.new(-4.470348358154297e-08, 0.00009953975677490234, 8.009374141693115e-08, -0.02494167909026146, 0.10589101165533066, -0.9940649271011353, -0.8423094749450684, 0.5333283543586731, 0.07794607430696487, 0.5384168028831482, 0.8392544388771057, 0.07589080929756165),
            ["LeftFoot"] = CFrame.new(6.1791070038452744e-09, -2.384185791015625e-07, -4.027242539450526e-08, 0.9949753880500793, -0.09744643419981003, -0.022984201088547707, 0.07626201212406158, 0.8863769769668579, -0.4566403031349182, 0.06487064063549042, 0.45259276032447815, 0.8893544673919678),
            ["LowerTorso"] = CFrame.new(0, -0.24010205268859863, 0, 1, 0, -6.357302595461078e-08, 0, 1, 0, 6.357302595461078e-08, 0, 1),
            ["RightLowerLeg"] = CFrame.new(8.568167686462402e-08, -0.000060558319091796875, -0.00010002048657042906, 1, -6.33299421792799e-08, -1.3783574104309082e-07, 1.4528629321830522e-07, 0.5012900829315186, 0.8652792572975159, 1.4901157641133977e-08, -0.8652793765068054, 0.5012901425361633),
            ["LeftUpperLeg"] = CFrame.new(0, 0, 0.010000031441450119, 0.9891780018806458, 0.14118847250938416, 0.03990970551967621, -0.09742019325494766, 0.8354284763336182, -0.5408959984779358, -0.10970998555421829, 0.5311545729637146, 0.8401421904563904),
            ["LeftLowerLeg"] = CFrame.new(-5.21540641784668e-08, -0.00006097555160522461, -4.284083843231201e-08, 1, 1.5646226358967397e-07, 1.5273690223693848e-07, -1.825392246246338e-07, 0.50130295753479, 0.865272045135498, 4.842877388000488e-08, -0.8652718663215637, 0.5013027191162109),
        }},
        {Time = 0.033, Data = {
            ["RightFoot"] = CFrame.new(-3.4058757591992617e-08, -5.960464477539063e-08, -0.0001000301563180983, 0.9950242042541504, 0.09695087373256683, 0.022968025878071785, -0.07640278339385986, 0.8904262185096741, -0.44866904616355896, -0.06395023316144943, 0.4446816146373749, 0.8934028148651123),
            ["LeftLowerArm"] = CFrame.new(-0.0006768107414245605, -0.000006735324859619141, -0.007729664444923401, 0.9998348355293274, -0.009486192837357521, -0.015504474751651287, -0.0023734273854643106, 0.7775669097900391, -0.6287961602210999, 0.018020646646618843, 0.6287288069725037, 0.7774156332015991),
            ["RightUpperArm"] = CFrame.new(0.0014744997024536133, -0.022127151489257812, -0.041349127888679504, 0.995990514755249, -0.045058801770210266, -0.07728251069784164, 0.04362324997782707, 0.9988446235656738, -0.020165003836154938, 0.07810177654027939, 0.016712568700313568, 0.9968053698539734),
            ["Head"] = CFrame.new(0, -2.384185791015625e-07, 2.9802322387695312e-08, 1, 0, 0, 0, 0.9891476035118103, -0.14692546427249908, 0, 0.14692546427249908, 0.9891476035118103),
            ["RightHand"] = CFrame.new(2.086162567138672e-07, -2.384185791015625e-07, -2.086162567138672e-07, -0.012161786668002605, -0.09144487231969833, 0.9957359433174133, 0.5923523306846619, 0.8016118407249451, 0.08085209131240845, -0.8055872917175293, 0.5908099412918091, 0.04441847652196884),
            ["UpperTorso"] = CFrame.new(0, 0, 0, 1, -9.295696656863583e-09, 6.28897467436218e-08, 0, 0.9892520904541016, 0.14622077345848083, -6.357302595461078e-08, -0.14622077345848083, 0.9892520904541016),
            ["HumanoidRootPart"] = CFrame.new(0, 0, 0, 1, 0, 0, 0, 1, 0, 0, 0, 1),
            ["RightUpperLeg"] = CFrame.new(0, 0, 0.010099967941641808, 0.9892364144325256, -0.14035770297050476, -0.0413668118417263, 0.0969473198056221, 0.8404244184494019, -0.533186674118042, 0.10960254073143005, 0.5234372615814209, 0.8449856638908386),
            ["LeftUpperArm"] = CFrame.new(-0.0006844997406005859, -0.008897542953491211, -0.034593358635902405, 0.9982296228408813, 0.04829559847712517, 0.03471703454852104, -0.006009931210428476, 0.6625993251800537, -0.7489501237869263, -0.05917445570230484, 0.7474154233932495, 0.6617163419723511),
            ["RightLowerArm"] = CFrame.new(0.0001766681671142578, 0.00009357929229736328, -0.00772954523563385, 0.9998676776885986, 0.015234588645398617, -0.005718965549021959, -0.0029149081092327833, -0.1780802458524704, -0.9840115904808044, -0.016009414568543434, 0.9838980436325073, -0.1780126839876175),
            ["LeftHand"] = CFrame.new(-4.470348358154297e-08, 0.00009965896606445312, -1.30385160446167e-08, -0.021448889747262, 0.1049407348036766, -0.9942471385002136, -0.8339888453483582, 0.5465665459632874, 0.075680673122406, 0.5513644218444824, 0.8308143615722656, 0.07579609751701355),
            ["LeftFoot"] = CFrame.new(6.945811037439853e-08, -2.384185791015625e-07, 1.1146767064929008e-08, 0.9950241446495056, -0.09697339683771133, -0.02287261374294758, 0.07639511674642563, 0.8899309039115906, -0.44965240359306335, 0.06395936757326126, 0.44566717743873596, 0.8929107189178467),
            ["LowerTorso"] = CFrame.new(0, -0.23264479637145996, 0, 1, 0, -6.357302595461078e-08, 0, 1, 0, 6.357302595461078e-08, 0, 1),
            ["RightLowerLeg"] = CFrame.new(4.0978193283081055e-08, -0.000060677528381347656, -0.00009999999747378752, 1, -4.842878098543224e-08, -1.378357126213814e-07, 1.601874828338623e-07, 0.5160882472991943, 0.8565354347229004, 4.0978193283081055e-08, -0.8565354347229004, 0.5160882472991943),
            ["LeftUpperLeg"] = CFrame.new(0, 0, 0.010000031441450119, 0.9892362952232361, 0.1403520256280899, 0.04138614982366562, -0.09694726020097733, 0.8404973745346069, -0.5330714583396912, -0.10960261523723602, 0.5233216285705566, 0.8450573682785034),
            ["LeftLowerLeg"] = CFrame.new(-6.332993507385254e-08, -0.00006085634231567383, -5.21540641784668e-08, 1, 1.601875823098453e-07, 1.6018744020129816e-07, -1.8253919620292436e-07, 0.5161007046699524, 0.8565282225608826, 5.960463766996327e-08, -0.8565280437469482, 0.5161002278327942),
        }},
        {Time = 0.050, Data = {
            ["RightFoot"] = CFrame.new(-2.7409441827330738e-08, 0, -0.00010000425390899181, 0.9951035976409912, 0.09617624431848526, 0.022784477099776268, -0.07662800699472427, 0.8963121175765991, -0.436752587556839, -0.062427278608083725, 0.432868093252182, 0.899293065071106),
            ["LeftLowerArm"] = CFrame.new(-0.000676572322845459, -0.000006318092346191406, -0.00772944837808609, 0.9998365640640259, -0.01007977593690157, -0.015013220719993114, -0.002517057815566659, 0.7445784211158752, -0.6675306558609009, 0.017907079309225082, 0.6674588322639465, 0.7444309592247009),
            ["RightUpperArm"] = CFrame.new(0.0014448165893554688, -0.023025989532470703, -0.040209606289863586, 0.9960983395576477, -0.04777287691831589, -0.07420230656862259, 0.04517185688018799, 0.9983178973197937, -0.03634556382894516, 0.07581378519535065, 0.03285163640975952, 0.9965806603431702),
            ["Head"] = CFrame.new(0, -2.384185791015625e-07, 1.4901161193847656e-08, 1, 0, 0, 0, 0.9899137616157532, -0.14167147874832153, 0, 0.14167147874832153, 0.9899137616157532),
            ["RightHand"] = CFrame.new(7.82310962677002e-08, -2.384185791015625e-07, 2.421438694000244e-07, -0.009064903482794762, -0.09136947244405746, 0.9957758188247681, 0.5932285189628601, 0.8011572360992432, 0.0789121463894844, -0.8049830794334412, 0.5914380550384521, 0.04694048687815666),
            ["UpperTorso"] = CFrame.new(0, 0, 0, 1, -8.908568993604149e-09, 6.294575172205441e-08, 0, 0.9901330471038818, 0.14013127982616425, -6.357302595461078e-08, -0.14013127982616425, 0.9901330471038818),
            ["HumanoidRootPart"] = CFrame.new(0, 0, 0, 1, 0, 0, 0, 1, 0, 0, 0, 1),
            ["RightUpperLeg"] = CFrame.new(0, 0, 0.010099967941641808, 0.9893314242362976, -0.1389329880475998, -0.04382909834384918, 0.09617266803979874, 0.8488321900367737, -0.5198408961296082, 0.10942661762237549, 0.5100798606872559, 0.8531379699707031),
            ["LeftUpperArm"] = CFrame.new(-0.0006964206695556641, -0.010549068450927734, -0.0341825932264328, 0.9982284307479858, 0.049340568482875824, 0.033250804990530014, -0.009627912193536758, 0.6854357719421387, -0.7280698418617249, -0.05871463939547539, 0.7264595627784729, 0.6846960783004761),
            ["RightLowerArm"] = CFrame.new(0.00017654895782470703, 0.00009351968765258789, -0.007729560136795044, 0.9998689293861389, 0.01524554006755352, -0.005465217866003513, -0.002899673068895936, -0.1634809672832489, -0.9865421652793884, -0.01593378186225891, 0.9864287376403809, -0.16341565549373627),
            ["LeftHand"] = CFrame.new(-1.6763806343078613e-07, 0.00009965896606445312, -6.332993507385254e-08, -0.016158537939190865, 0.10350893437862396, -0.9944973587989807, -0.8213158249855042, 0.565881073474884, 0.07224258780479431, 0.5702450275421143, 0.817963719367981, 0.07586965709924698),
            ["LeftFoot"] = CFrame.new(2.928936737589538e-08, -2.384185791015625e-07, -2.949673216789961e-08, 0.9951035380363464, -0.09619855880737305, -0.022689858451485634, 0.07662077248096466, 0.8958317637443542, -0.4377387464046478, 0.062436141073703766, 0.43385645747184753, 0.8988158702850342),
            ["LowerTorso"] = CFrame.new(0, -0.22027230262756348, 0, 1, 0, -6.357302595461078e-08, 0, 1, 0, 6.357302595461078e-08, 0, 1),
            ["RightLowerLeg"] = CFrame.new(-7.450580596923828e-09, -0.000060558319091796875, -0.00009997950837714598, 1, -6.705523247774181e-08, -1.4528632164001465e-07, 1.4901161193847656e-07, 0.540798008441925, 0.8411524295806885, 2.60770320892334e-08, -0.841152548789978, 0.5407981276512146),
            ["LeftUpperLeg"] = CFrame.new(0, 0, 0.010000031441450119, 0.9893314838409424, 0.13892720639705658, 0.04384760186076164, -0.09617263823747635, 0.8489008545875549, -0.5197286009788513, -0.10942672193050385, 0.5099672079086304, 0.8532054424285889),
            ["LeftLowerLeg"] = CFrame.new(-4.0978193283081055e-08, -0.00006115436553955078, -1.471489667892456e-07, 1, 1.4901169720360485e-07, 1.415610029198433e-07, -1.9744035739677201e-07, 0.540809690952301, 0.8411452770233154, 6.70552182668871e-08, -0.8411450386047363, 0.5408092737197876),
        }},
        {Time = 0.067, Data = {
            ["RightFoot"] = CFrame.new(-2.41989255300723e-08, -1.7881393432617188e-07, -0.00010003755596699193, 0.9952093958854675, 0.09513379633426666, 0.022537527605891228, -0.07694759219884872, 0.904390811920166, -0.41970980167388916, -0.060311369597911835, 0.4159649908542633, 0.9073785543441772),
            ["LeftLowerArm"] = CFrame.new(-0.0006765127182006836, -0.0000064373016357421875, -0.007730074226856232, 0.999838650226593, -0.010806589387357235, -0.014356384985148907, -0.002651056507602334, 0.7014941573143005, -0.7126705646514893, 0.017772486433386803, 0.7125933170318604, 0.7013519406318665),
            ["RightUpperArm"] = CFrame.new(0.0014150142669677734, -0.024147868156433105, -0.03881438076496124, 0.9962199926376343, -0.051148056983947754, -0.07021072506904602, 0.04707532003521919, 0.9971776604652405, -0.05848614126443863, 0.07300402224063873, 0.054959483444690704, 0.995816171169281),
            ["Head"] = CFrame.new(0, 2.384185791015625e-07, -1.4901161193847656e-08, 1, 0, 0, 0, 0.9908549785614014, -0.1349315345287323, 0, 0.1349315345287323, 0.9908549785614014),
            ["RightHand"] = CFrame.new(-1.7136335372924805e-07, -2.980232238769531e-07, 1.341104507446289e-07, -0.004915755707770586, -0.09122639894485474, 0.9958181381225586, 0.5947447419166565, 0.8002903461456299, 0.07625006884336472, -0.8038996458053589, 0.5926324129104614, 0.05032236501574516),
            ["UpperTorso"] = CFrame.new(0, 1.1920928955078125e-07, 0, 1, -8.409037022261145e-09, 6.301442567746562e-08, 0, 0.9912132620811462, 0.13227365911006927, -6.357302595461078e-08, -0.13227365911006927, 0.9912132620811462),
            ["HumanoidRootPart"] = CFrame.new(0, 0, 0, 1, 0, 0, 0, 1, 0, 0, 0, 1),
            ["RightUpperLeg"] = CFrame.new(0, 0, 0.010099967941641808, 0.989458441734314, -0.13689792156219482, -0.04723487049341202, 0.09513024240732193, 0.8603499531745911, -0.500747561454773, 0.10918983072042465, 0.49097543954849243, 0.864303708076477),
            ["LeftUpperArm"] = CFrame.new(-0.0007201433181762695, -0.012645483016967773, -0.03366534411907196, 0.9982083439826965, 0.05088115856051445, 0.03148516267538071, -0.014232262969017029, 0.7130029201507568, -0.7010168433189392, -0.05811757594347, 0.6993126273155212, 0.712449312210083),
            ["RightLowerArm"] = CFrame.new(0.00017654895782470703, 0.00009322166442871094, -0.007729560136795044, 0.9998694062232971, 0.015311406925320625, -0.005174617283046246, -0.002932703122496605, -0.14297129213809967, -0.989722490310669, -0.015893856063485146, 0.9896084666252136, -0.14290818572044373),
            ["LeftHand"] = CFrame.new(1.4901161193847656e-08, 0.0000997781753540039, -1.043081283569336e-07, -0.009528834372758865, 0.10173571854829788, -0.9947658777236938, -0.8053913712501526, 0.5888373851776123, 0.06793578714132309, 0.592666745185852, 0.8018232583999634, 0.07632610946893692),
            ["LeftFoot"] = CFrame.new(-1.2172677088528872e-08, -2.384185791015625e-07, -1.3460521586239338e-09, 0.9952093958854675, -0.09515585750341415, -0.022443929687142372, 0.07694093137979507, 0.9039315581321716, -0.4206997752189636, 0.06031980365514755, 0.4169571101665497, 0.9069222807884216),
            ["LowerTorso"] = CFrame.new(0, -0.20330584049224854, 0, 1, 0, -6.357302595461078e-08, 0, 1, 0, 6.357302595461078e-08, 0, 1),
            ["RightLowerLeg"] = CFrame.new(-1.862645149230957e-08, -0.000060617923736572266, -0.00010006146476371214, 1, -7.450579886381092e-08, -1.4156104555240745e-07, 1.3783574104309082e-07, 0.5750028491020203, 0.8181513547897339, 2.60770320892334e-08, -0.8181513547897339, 0.5750030875205994),
            ["LeftUpperLeg"] = CFrame.new(0, 0, 0.010000031441450119, 0.9894583225250244, 0.13689199090003967, 0.047252196818590164, -0.09513016790151596, 0.8604128360748291, -0.5006394386291504, -0.10918989777565002, 0.4908669590950012, 0.8643653988838196),
            ["LeftLowerLeg"] = CFrame.new(-1.0058283805847168e-07, -0.00006091594696044922, -7.450580596923828e-09, 1, 1.378358263082191e-07, 1.2665987014770508e-07, -1.8998983364326705e-07, 0.5750135183334351, 0.8181442022323608, 3.3527616238870905e-08, -0.818143904209137, 0.5750131607055664),
        }},
        {Time = 0.083, Data = {
            ["RightFoot"] = CFrame.new(3.320838004583493e-08, 5.960464477539063e-08, -0.00010002537601394579, 0.9953351020812988, 0.09388045221567154, 0.02224060334265232, -0.07736329734325409, 0.914368212223053, -0.3974238932132721, -0.05764647200703621, 0.39384934306144714, 0.9173656105995178),
            ["LeftLowerArm"] = CFrame.new(-0.000676572322845459, -0.000006258487701416016, -0.007729683071374893, 0.9998412132263184, -0.01154360082000494, -0.013581213541328907, -0.002816334366798401, 0.6500678062438965, -0.7598713636398315, 0.017600346356630325, 0.7597886919975281, 0.6499316096305847),
            ["RightUpperArm"] = CFrame.new(0.0013887882232666016, -0.025368213653564453, -0.037265047430992126, 0.9963477253913879, -0.054827187210321426, -0.06546202301979065, 0.049086473882198334, 0.995059609413147, -0.08629617094993591, 0.06986994296312332, 0.08276724070310593, 0.9941166043281555),
            ["Head"] = CFrame.new(0, 0, 0, 1, 0, 0, 0, 0.9918948411941528, -0.1270616054534912, 0, 0.1270616054534912, 0.9918948411941528),
            ["RightHand"] = CFrame.new(7.450580596923828e-09, -3.5762786865234375e-07, -1.043081283569336e-07, 0.00022310021449811757, -0.09093368798494339, 0.9958570003509521, 0.5972079634666443, 0.7987754344940186, 0.07280399650335312, -0.8020864725112915, 0.5947175025939941, 0.054484475404024124),
            ["UpperTorso"] = CFrame.new(0, 0, 0, 1, -7.821636671678789e-09, 6.30900274245505e-08, 0, 0.9924024939537048, 0.12303388863801956, -6.357302595461078e-08, -0.12303388863801956, 0.9924024939537048),
            ["HumanoidRootPart"] = CFrame.new(0, 0, 0, 1, 0, 0, 0, 1, 0, 0, 0, 1),
            ["RightUpperLeg"] = CFrame.new(0, 0, 0.010099967941641808, 0.9896095395088196, -0.13424290716648102, -0.051497627049684525, 0.09387689083814621, 0.8745496869087219, -0.4757624566555023, 0.10890498757362366, 0.4659847021102905, 0.8780649900436401),
            ["LeftUpperArm"] = CFrame.new(-0.0007586479187011719, -0.015056729316711426, -0.03305436670780182, 0.9981614351272583, 0.05289078503847122, 0.02960515394806862, -0.0195426344871521, 0.7431736588478088, -0.6688134074211121, -0.057375792413949966, 0.6670048832893372, 0.7428407073020935),
            ["RightLowerArm"] = CFrame.new(0.0001766681671142578, 0.00009340047836303711, -0.007729560136795044, 0.999871015548706, 0.015344887971878052, -0.004748162813484669, -0.002931778784841299, -0.1162923201918602, -0.9932106733322144, -0.01579284854233265, 0.9930964708328247, -0.11623281240463257),
            ["LeftHand"] = CFrame.new(1.825392246246338e-07, 0.00009965896606445312, 3.390014171600342e-07, -0.0019701349083334208, 0.09974393993616104, -0.9950112104415894, -0.7871611714363098, 0.6135151386260986, 0.06305987387895584, 0.6167442202568054, 0.7833584547042847, 0.07730577886104584),
            ["LeftFoot"] = CFrame.new(5.7532815844751894e-08, -2.980232238769531e-07, 2.5298504624515772e-08, 0.995335042476654, -0.09390224516391754, -0.022148221731185913, 0.07735736668109894, 0.913936197757721, -0.39841797947883606, 0.05765440687537193, 0.39484572410583496, 0.9169365763664246),
            ["LowerTorso"] = CFrame.new(0, -0.18241047859191895, 0, 1, 0, -6.357302595461078e-08, 0, 1, 0, 6.357302595461078e-08, 0, 1),
            ["RightLowerLeg"] = CFrame.new(-3.725290298461914e-08, -0.000060617923736572266, -0.00009994784340960905, 1, -5.587935447692871e-08, -1.2665985593685036e-07, 1.30385160446167e-07, 0.6177257895469666, 0.7863935828208923, 4.0978193283081055e-08, -0.7863936424255371, 0.6177258491516113),
            ["LeftUpperLeg"] = CFrame.new(0, 0, 0.010000031441450119, 0.9896094799041748, 0.13423684239387512, 0.051513563841581345, -0.09387685358524323, 0.874605655670166, -0.47565943002700806, -0.10890506953001022, 0.4658813774585724, 0.8781198859214783),
            ["LeftLowerLeg"] = CFrame.new(7.450580596923828e-09, -0.00006085634231567383, 6.705522537231445e-08, 1, 1.3783578367565497e-07, 1.2665985593685036e-07, -1.9744038581848145e-07, 0.6177355051040649, 0.7863861322402954, 3.3527612686157227e-08, -0.7863859534263611, 0.6177352070808411),
        }},
        {Time = 0.100, Data = {
            ["RightFoot"] = CFrame.new(-3.85980456485413e-08, 1.7881393432617188e-07, -0.00010002298949984834, 0.9954719543457031, 0.09249591082334518, 0.0219125896692276, -0.07786437124013901, 0.9256960153579712, -0.3701678216457367, -0.05452341213822365, 0.3667854964733124, 0.9287064671516418),
            ["LeftLowerArm"] = CFrame.new(-0.0006766319274902344, -0.000006139278411865234, -0.007729582488536835, 0.9998440146446228, -0.012270049192011356, -0.012704217806458473, -0.00296909362077713, 0.5922907590866089, -0.805719256401062, 0.017410805448889732, 0.8056309223175049, 0.5921614170074463),
            ["RightUpperArm"] = CFrame.new(0.001369476318359375, -0.026606202125549316, -0.035685375332832336, 0.9964689612388611, -0.05853072926402092, -0.06019781157374382, 0.05105948448181152, 0.9915891289710999, -0.11892891675233841, 0.06665246188640594, 0.11543498188257217, 0.9910763502120972),
            ["Head"] = CFrame.new(0, 0, -2.9802322387695312e-08, 1, 0, 0, 0, 0.9929636716842651, -0.11841915547847748, 0, 0.11841915547847748, 0.9929636716842651),
            ["RightHand"] = CFrame.new(-4.0978193283081055e-08, -2.980232238769531e-07, 3.8743019104003906e-07, 0.0061437711119651794, -0.09046786278486252, 0.9958804249763489, 0.6008146405220032, 0.7964355945587158, 0.06864332407712936, -0.7993647456169128, 0.5979179739952087, 0.05924750119447708),
            ["UpperTorso"] = CFrame.new(0, 0, 0, 1, -7.171028215680053e-09, 6.316729184163705e-08, 0, 0.993617832660675, 0.11279986053705215, -6.357302595461078e-08, -0.11279986053705215, 0.993617832660675),
            ["HumanoidRootPart"] = CFrame.new(0, 0, 0, 1, 0, 0, 0, 1, 0, 0, 0, 1),
            ["RightUpperLeg"] = CFrame.new(0, 0, 0.010099967941641808, 0.9897744059562683, -0.13100028038024902, -0.05644092708826065, 0.09249234944581985, 0.8906404972076416, -0.4452017843723297, 0.10859013348817825, 0.43542903661727905, 0.8936497569084167),
            ["LeftUpperArm"] = CFrame.new(-0.0008137226104736328, -0.01766061782836914, -0.032386064529418945, 0.9980800747871399, 0.05534130334854126, 0.027813900262117386, -0.02530233934521675, 0.7741892337799072, -0.6324487328529358, -0.05653372034430504, 0.6305303573608398, 0.7741028070449829),
            ["RightLowerArm"] = CFrame.new(0.00017660856246948242, 0.00009369850158691406, -0.007729582488536835, 0.999872624874115, 0.015384750440716743, -0.004246329423040152, -0.002941673854365945, -0.08385240286588669, -0.9964737892150879, -0.015686549246311188, 0.9963594675064087, -0.08379686623811722),
            ["LeftHand"] = CFrame.new(0, 0.00009959936141967773, 1.1175870895385742e-07, 0.006066371686756611, 0.09767568856477737, -0.9951997995376587, -0.7675448656082153, 0.6383680701255798, 0.05797512084245682, 0.6409665942192078, 0.7635089159011841, 0.07884301245212555),
            ["LeftFoot"] = CFrame.new(-8.89376678969711e-08, -5.960464477539063e-08, 1.1932570487260818e-09, 0.9954720139503479, -0.09251735359430313, -0.021821551024913788, 0.07785919308662415, 0.9252965450286865, -0.37116652727127075, 0.05453075096011162, 0.36778655648231506, 0.9283098578453064),
            ["LowerTorso"] = CFrame.new(0, -0.15867280960083008, 0, 1, 0, -6.357302595461078e-08, 0, 1, 0, 6.357302595461078e-08, 0, 1),
            ["RightLowerLeg"] = CFrame.new(1.4901161193847656e-08, -0.000060677528381347656, -0.00009998882160289213, 1, -4.4703490686970326e-08, -1.5273690223693848e-07, 1.043081283569336e-07, 0.6668739318847656, 0.7451706528663635, 5.587935447692871e-08, -0.745170533657074, 0.6668738722801208),
            ["LeftUpperLeg"] = CFrame.new(0, 0, 0.010000031441450119, 0.9897744655609131, 0.13099418580532074, 0.056455206125974655, -0.09249231964349747, 0.8906885981559753, -0.44510549306869507, -0.10859023779630661, 0.4353325664997101, 0.8936967849731445),
            ["LeftLowerLeg"] = CFrame.new(2.60770320892334e-08, -0.00006079673767089844, 1.862645149230957e-08, 1, 1.192093321833454e-07, 1.0803341865539551e-07, -1.7136335372924805e-07, 0.6668820977210999, 0.74516361951828, 7.450580596923828e-09, -0.7451633214950562, 0.666881799697876),
        }},
        {Time = 0.117, Data = {
            ["RightFoot"] = CFrame.new(-2.9302100301720202e-08, 1.1920928955078125e-07, -0.00009998094901675358, 0.9956099987030029, 0.09107819944620132, 0.02157672680914402, -0.07843990623950958, 0.937664806842804, -0.33857354521751404, -0.05106840282678604, 0.3353947103023529, 0.9406925439834595),
            ["LeftLowerArm"] = CFrame.new(-0.0006766915321350098, -0.000006556510925292969, -0.007729455828666687, 0.9998471736907959, -0.012945589609444141, -0.011752130463719368, -0.0031107645481824875, 0.5297197103500366, -0.8481674790382385, 0.017205342650413513, 0.8480740189552307, 0.529597818851471),
            ["RightUpperArm"] = CFrame.new(0.0013568401336669922, -0.02776014804840088, -0.0341746062040329, 0.9965813159942627, -0.06197887659072876, -0.05462881550192833, 0.05279958248138428, 0.9863660931587219, -0.15586653351783752, 0.06354442238807678, 0.15244874358177185, 0.9862664341926575),
            ["Head"] = CFrame.new(0, 0, 1.4901161193847656e-08, 1, 0, 0, 0, 0.9940017461776733, -0.10936396569013596, 0, 0.10936396569013596, 0.9940017461776733),
            ["RightHand"] = CFrame.new(9.313225746154785e-08, -2.384185791015625e-07, 7.450580596923828e-09, 0.01260876189917326, -0.08979883790016174, 0.995880126953125, 0.6058858633041382, 0.7929864525794983, 0.06383272260427475, -0.7954517006874084, 0.6025848984718323, 0.0644063875079155),
            ["UpperTorso"] = CFrame.new(0, 0, 0, 1, -6.482041126076865e-09, 6.324169987692585e-08, 0, 0.9947882890701294, 0.1019621267914772, -6.357302595461078e-08, -0.1019621267914772, 0.9947882890701294),
            ["HumanoidRootPart"] = CFrame.new(0, 0, 0, 1, 0, 0, 0, 1, 0, 0, 0, 1),
            ["RightUpperLeg"] = CFrame.new(0, 0, 0.010099967941641808, 0.9899411797523499, -0.127250075340271, -0.061837490648031235, 0.09107464551925659, 0.9076368808746338, -0.4097568094730377, 0.10826756805181503, 0.4000033736228943, 0.9100964665412903),
            ["LeftUpperArm"] = CFrame.new(-0.0008844137191772461, -0.020326852798461914, -0.03169180452823639, 0.997962236404419, 0.05812164768576622, 0.02633209526538849, -0.03124195896089077, 0.8049029111862183, -0.592583954334259, -0.05563671514391899, 0.590553343296051, 0.8050782680511475),
            ["RightLowerArm"] = CFrame.new(0.00017654895782470703, 0.00009316205978393555, -0.00772954523563385, 0.9998745918273926, 0.01541067659854889, -0.0036544539034366608, -0.00294887344352901, -0.045560549944639206, -0.9989572763442993, -0.015561077743768692, 0.998842716217041, -0.04550999030470848),
            ["LeftHand"] = CFrame.new(1.3783574104309082e-07, 0.00009959936141967773, 1.1175870895385742e-08, 0.014155322685837746, 0.09566019475460052, -0.9953134059906006, -0.7472071647644043, 0.6624708771705627, 0.05304370075464249, 0.6644405126571655, 0.7429544925689697, 0.08085545152425766),
            ["LeftFoot"] = CFrame.new(2.980777935590595e-08, -2.384185791015625e-07, -3.0675437301397324e-08, 0.9956100583076477, -0.0910993218421936, -0.021487072110176086, 0.07843556255102158, 0.9373025894165039, -0.33957648277282715, 0.05107509717345238, 0.3364000618457794, 0.9403330683708191),
            ["LowerTorso"] = CFrame.new(0, -0.1336219310760498, 0, 1, 0, -6.357302595461078e-08, 0, 1, 0, 6.357302595461078e-08, 0, 1),
            ["RightLowerLeg"] = CFrame.new(3.725290298461914e-09, -0.00006085634231567383, -0.00010001862392527983, 1, -4.470348358154297e-08, -1.341104365337742e-07, 1.1175870895385742e-07, 0.7195978164672852, 0.6943911910057068, 5.960464477539063e-08, -0.694391131401062, 0.7195977568626404),
            ["LeftUpperLeg"] = CFrame.new(0, 0, 0.010000031441450119, 0.9899412393569946, 0.12724405527114868, 0.06185004115104675, -0.0910746157169342, 0.9076769351959229, -0.40966808795928955, -0.10826767981052399, 0.39991459250450134, 0.9101355075836182),
            ["LeftLowerLeg"] = CFrame.new(5.960464477539063e-08, -0.00006109476089477539, 1.4901161193847656e-08, 1, 1.154840560957382e-07, 9.872019290924072e-08, -1.6763806343078613e-07, 0.7196046710014343, 0.6943842768669128, 1.1175870895385742e-08, -0.6943841576576233, 0.7196044325828552),
        }},
        {Time = 0.133, Data = {
            ["RightFoot"] = CFrame.new(8.71605152497068e-08, -5.960464477539063e-08, -0.00010001582995755598, 0.9957388043403625, 0.08973441272974014, 0.021258370950818062, -0.07906094193458557, 0.9493471384048462, -0.3041207790374756, -0.04747169837355614, 0.3011441230773926, 0.9523963928222656),
            ["LeftLowerArm"] = CFrame.new(-0.000676572322845459, -0.000006496906280517578, -0.007729686796665192, 0.9998504519462585, -0.013545157387852669, -0.010755594819784164, -0.003236144781112671, 0.46436643600463867, -0.885637640953064, 0.016990646719932556, 0.8855396509170532, 0.4642525911331177),
            ["RightUpperArm"] = CFrame.new(0.0013484954833984375, -0.028739571571350098, -0.03281781077384949, 0.9966863989830017, -0.06493182480335236, -0.04899217188358307, 0.05413573235273361, 0.9790552258491516, -0.19626639783382416, 0.06070997565984726, 0.19296346604824066, 0.9793260097503662),
            ["Head"] = CFrame.new(0, -3.5762786865234375e-07, 1.4901161193847656e-08, 1, 0, 0, 0, 0.9949615001678467, -0.10025786608457565, 0, 0.10025786608457565, 0.9949615001678467),
            ["RightHand"] = CFrame.new(-3.725290298461914e-09, -1.7881393432617188e-07, -8.195638656616211e-08, 0.01927771605551243, -0.08893360942602158, 0.9958510398864746, 0.6126404404640198, 0.7881914973258972, 0.058529216796159744, -0.790126621723175, 0.6089704632759094, 0.06967883557081223),
            ["UpperTorso"] = CFrame.new(0, 1.1920928955078125e-07, 0, 1, -5.779672740402475e-09, 6.330976276558431e-08, 0, 0.9958588480949402, 0.09091390669345856, -6.357302595461078e-08, -0.09091390669345856, 0.9958588480949402),
            ["HumanoidRootPart"] = CFrame.new(0, 0, 0, 1, 0, 0, 0, 1, 0, 0, 0, 1),
            ["RightUpperLeg"] = CFrame.new(0, 0, 0.010099967941641808, 0.9900972843170166, -0.12316790223121643, -0.06735740602016449, 0.08973086625337601, 0.9242509603500366, -0.37109124660491943, 0.10796166956424713, 0.3613724410533905, 0.9261503219604492),
            ["LeftUpperArm"] = CFrame.new(-0.0009680986404418945, -0.022922873497009277, -0.031014785170555115, 0.9978110790252686, 0.061072397977113724, 0.025362079963088036, -0.03708157315850258, 0.8342844247817993, -0.5500863194465637, -0.05475427582859993, 0.5479414463043213, 0.8347225785255432),
            ["RightLowerArm"] = CFrame.new(0.0001766681671142578, 0.00009322166442871094, -0.007729589939117432, 0.999876856803894, 0.015412470325827599, -0.0029782478231936693, -0.002951226430013776, -0.001774378353729844, -0.999994158744812, -0.015417655929923058, 0.9998797178268433, -0.0017291202675551176),
            ["LeftHand"] = CFrame.new(-3.0919909477233887e-07, 0.00009965896606445312, -1.1548399925231934e-07, 0.021874306723475456, 0.09381943196058273, -0.9953489899635315, -0.7269087433815002, 0.6850126385688782, 0.048592858016490936, 0.6863856315612793, 0.722464919090271, 0.08318232744932175),
            ["LeftFoot"] = CFrame.new(1.884654921013862e-08, -2.980232238769531e-07, -1.3271346688270569e-08, 0.9957388639450073, -0.08975522965192795, -0.021170049905776978, 0.07905728369951248, 0.9490242004394531, -0.30512821674346924, 0.047477759420871735, 0.3021540343761444, 0.9520760178565979),
            ["LowerTorso"] = CFrame.new(0, -0.10915005207061768, 0, 1, 0, -6.357302595461078e-08, 0, 1, 0, 6.357302595461078e-08, 0, 1),
            ["RightLowerLeg"] = CFrame.new(7.450580596923828e-09, -0.00006079673767089844, -0.00009994039282901213, 1, -2.980232594040899e-08, -1.2293457984924316e-07, 1.0058282384761696e-07, 0.7718982100486755, 0.6357462406158447, 5.960463766996327e-08, -0.6357462406158447, 0.7718982100486755),
            ["LeftUpperLeg"] = CFrame.new(0, 0, 0.010000031441450119, 0.9900973439216614, 0.1231621727347374, 0.06736800074577332, -0.08973085135221481, 0.9242823719978333, -0.37101268768310547, -0.10796177387237549, 0.36129382252693176, 0.9261810183525085),
            ["LeftLowerLeg"] = CFrame.new(6.146728992462158e-08, -0.00006127357482910156, 0, 1, 1.2293463669266202e-07, 9.685754776000977e-08, -1.4156103134155273e-07, 0.7719017267227173, 0.6357423067092896, 7.450580596923828e-09, -0.6357419490814209, 0.7719013690948486),
        }},
        {Time = 0.150, Data = {
            ["RightFoot"] = CFrame.new(-2.5333974917884916e-08, 1.1920928955078125e-07, -0.00009997943561756983, 0.995849072933197, 0.0885682925581932, 0.020982123911380768, -0.07968363910913467, 0.9597512483596802, -0.269310861825943, -0.04399002343416214, 0.26652100682258606, 0.9628247618675232),
            ["LeftLowerArm"] = CFrame.new(-0.0006765127182006836, -0.000006020069122314453, -0.007729794830083847, 0.9998536109924316, -0.014081857167184353, -0.009719453752040863, -0.0033217091113328934, 0.3974888324737549, -0.9176012277603149, 0.01678488776087761, 0.9174990057945251, 0.3973834216594696),
            ["RightUpperArm"] = CFrame.new(0.0013403892517089844, -0.029470205307006836, -0.031682088971138, 0.9967873692512512, -0.0672263503074646, -0.04353892058134079, 0.05493990704417229, 0.9694462418556213, -0.2390727996826172, 0.05828060954809189, 0.23591220378875732, 0.9700251221656799),
            ["Head"] = CFrame.new(0, 0, 1.4901161193847656e-08, 1, 0, 0, 0, 0.9958083629608154, -0.09146441519260406, 0, 0.09146441519260406, 0.9958083629608154),
            ["RightHand"] = CFrame.new(-1.2293457984924316e-07, -3.5762786865234375e-07, -1.7136335372924805e-07, 0.02567458525300026, -0.08793772011995316, 0.9957950115203857, 0.6211833953857422, 0.7818687558174133, 0.05303008481860161, -0.7832445502281189, 0.6172100305557251, 0.07469958811998367),
            ["UpperTorso"] = CFrame.new(0, 0, 0, 1, -5.089054955220718e-09, 6.336900781889199e-08, 0, 0.9967908263206482, 0.08005053550004959, -6.357302595461078e-08, -0.08005053550004959, 0.9967908263206482),
            ["HumanoidRootPart"] = CFrame.new(0, 0, 0, 1, 0, 0, 0, 1, 0, 0, 0, 1),
            ["RightUpperLeg"] = CFrame.new(0, 0, 0.010099967941641808, 0.9902312159538269, -0.11904966086149216, -0.07259023189544678, 0.08856476843357086, 0.9391080141067505, -0.33201274275779724, 0.1076960563659668, 0.3223404586315155, 0.940477728843689),
            ["LeftUpperArm"] = CFrame.new(-0.0010585784912109375, -0.02531301975250244, -0.03041452169418335, 0.9976344704627991, 0.06398636102676392, 0.025127723813056946, -0.0425436869263649, 0.8618065118789673, -0.5054501891136169, -0.05399712920188904, 0.5031851530075073, 0.8624898791313171),
