return {
    ["Lethal Amounts"] = {
        {Time = 0.000, Data = {
            ["LeftFoot"] = CFrame.new(1.30385160446167e-08, 3.5762786865234375e-07, 0, 0.8822941780090332, -0.45724135637283325, 0.11174751818180084, 0.46793264150619507, 0.8263334035873413, -0.3133881688117981, 0.05095332860946655, 0.32879114151000977, 0.9430273175239563),
            ["LeftLowerArm"] = CFrame.new(-6.556510925292969e-07, -0.0000011920928955078125, 0.000004589557647705078, 1, 3.874302478834579e-07, 4.433094886735489e-07, 1.1920927533992653e-07, 0.6703904867172241, -0.7420086860656738, -5.438923267320206e-07, 0.7420085668563843, 0.6703903675079346),
            ["LowerTorso"] = CFrame.new(0.026258517056703568, -0.3209521770477295, 0.012465037405490875, 0.9801597595214844, -0.01795991137623787, 0.19739381968975067, 0.002861162181943655, 0.9970646500587463, 0.07651098072528839, -0.19818854331970215, -0.07442820817232132, 0.9773340225219727),
            ["Head"] = CFrame.new(7.450580596923828e-09, -7.152557373046875e-07, 1.6763806343078613e-08, 0.9828860759735107, -0.038191452622413635, -0.18021246790885925, -0.04025822877883911, 0.910094141960144, -0.41244131326675415, 0.179762065410614, 0.4126379191875458, 0.8929814100265503),
            ["RightUpperArm"] = CFrame.new(-0.029202282428741455, -0.023886442184448242, 0.06496621668338776, 0.5637617111206055, -0.16841720044612885, 0.8085833191871643, 0.33043667674064636, 0.9432181119918823, -0.033928342163562775, -0.7569572329521179, 0.28631332516670227, 0.5874026417732239),
            ["UpperTorso"] = CFrame.new(-1.1408701539039612e-08, 1.4901161193847656e-07, 4.190951585769653e-09, 0.9994645118713379, -0.02299031801521778, 0.023286914452910423, 0.017544321715831757, 0.9771707057952881, 0.21173042058944702, -0.027623072266578674, -0.2112082988023758, 0.9770506620407104),
            ["HumanoidRootPart"] = CFrame.new(0, 0, 0, 1, 0, 0, 0, 1, 0, 0, 0, 1),
            ["RightHand"] = CFrame.new(1.341104507446289e-07, 6.556510925292969e-07, -9.238719940185547e-07, 0.007606179919093847, -0.49093759059906006, -0.8711621165275574, 0.9474348425865173, 0.28220170736312866, -0.15076187252998352, 0.3198583126068115, -0.8242224454879761, 0.46727675199508667),
            ["LeftUpperArm"] = CFrame.new(0.02920287847518921, -0.02388906478881836, 0.06496544182300568, 0.9469729065895081, 0.321258008480072, 0.005949514452368021, -0.3180059790611267, 0.9397152066230774, -0.12572921812534332, -0.045983631163835526, 0.11716990917921066, 0.9920468330383301),
            ["RightLowerArm"] = CFrame.new(8.344650268554688e-07, 0.0000013113021850585938, -0.000003427267074584961, 1, -0.000018090011508320458, 0.0000075362650022725575, 0.000019110741050099023, 0.8159460425376892, -0.5781280398368835, 0.000004366040684544714, 0.5781282186508179, 0.815946102142334),
            ["LeftHand"] = CFrame.new(-0.0000011324882507324219, -1.7881393432617188e-07, 1.4156103134155273e-07, 0.8338659405708313, 0.28700506687164307, -0.47148796916007996, -0.3885813355445862, 0.9118861556053162, -0.13215979933738708, 0.39201048016548157, 0.29341423511505127, 0.8719133734703064),
            ["RightUpperLeg"] = CFrame.new(-5.960464477539063e-08, -1.3550743460655212e-07, -1.6596459317952394e-08, 0.8793221116065979, -0.3829537034034729, 0.283088356256485, 0.47009822726249695, 0.7930623292922974, -0.3873758614063263, -0.0761597752571106, 0.4737072288990021, 0.8773829340934753),
            ["LeftUpperLeg"] = CFrame.new(2.9802322387695312e-08, 1.0896474123001099e-07, 1.4901161193847656e-08, 0.8627756237983704, 0.43561214208602905, -0.25663286447525024, -0.5051287412643433, 0.7643024325370789, -0.40085792541503906, 0.021526504307985306, 0.4754827916622162, 0.8794615864753723),
            ["RightLowerLeg"] = CFrame.new(-7.450580596923828e-08, -0.0007265806198120117, 0.0000461207891930826, 1, 2.60770320892334e-07, -1.1175875158642157e-07, -7.450580596923828e-08, 0.6004693508148193, 0.7996475100517273, 2.980232238769531e-07, -0.7996478080749512, 0.6004698872566223),
            ["RightFoot"] = CFrame.new(9.313225746154785e-08, 2.384185791015625e-07, 1.6952981241047382e-09, 0.9290933012962341, 0.35138535499572754, -0.11538731306791306, -0.36253488063812256, 0.8035439252853394, -0.47210732102394104, -0.07317283004522324, 0.4804638922214508, 0.8739567995071411),
            ["LeftLowerLeg"] = CFrame.new(1.564621925354004e-07, -0.0007268190383911133, 0.00008099153637886047, 1, 7.450577754752885e-08, 3.725290298461914e-08, -1.1175869119028903e-08, 0.7019577622413635, 0.7122184038162231, 5.960463766996327e-08, -0.7122185826301575, 0.7019580006599426),
        }},
        {Time = 0.033, Data = {
            ["LeftFoot"] = CFrame.new(2.9802322387695312e-08, 2.980232238769531e-07, 3.725290298461914e-08, 0.8835172057151794, -0.4552639126777649, 0.11014550179243088, 0.4644134044647217, 0.8208253383636475, -0.3325144648551941, 0.0609716922044754, 0.34493550658226013, 0.9366440773010254),
            ["LeftLowerArm"] = CFrame.new(-4.470348358154297e-07, -0.0000011324882507324219, 0.000004634261131286621, 1, 4.544854164123535e-07, 4.2095766161764914e-07, 9.126959810146218e-08, 0.5473635792732239, -0.8368951082229614, -5.960463909104874e-07, 0.8368949890136719, 0.5473634004592896),
            ["LowerTorso"] = CFrame.new(0.017644638195633888, -0.31467390060424805, -0.03143703565001488, 0.9832033514976501, -0.012120324186980724, 0.18211068212985992, 0.004031201358884573, 0.9989913702011108, 0.04472338408231735, -0.18246906995773315, -0.04323805868625641, 0.9822604060173035),
            ["Head"] = CFrame.new(-3.725290298461914e-09, -5.960464477539062e-07, -2.0489096641540527e-08, 0.9790692329406738, -0.037660177797079086, -0.20001299679279327, -0.044570550322532654, 0.9192045331001282, -0.3912501335144043, 0.19858740270137787, 0.39197540283203125, 0.8982862234115601),
            ["RightUpperArm"] = CFrame.new(-0.02920234203338623, -0.023886442184448242, 0.06496620178222656, 0.5780059099197388, -0.07229061424732208, 0.8128236532211304, 0.3737986087799072, 0.9088771343231201, -0.1849784404039383, -0.725385308265686, 0.41075098514556885, 0.5523593425750732),
            ["UpperTorso"] = CFrame.new(-3.725290298461914e-09, -1.1920928955078125e-07, -7.2177499532699585e-09, 0.9991940259933472, -0.01748357154428959, 0.03613339737057686, 0.009860733523964882, 0.9794884920120239, 0.2012585699558258, -0.0389108806848526, -0.20074014365673065, 0.9788715243339539),
            ["HumanoidRootPart"] = CFrame.new(0, 0, 0, 1, 0, 0, 0, 1, 0, 0, 0, 1),
            ["RightHand"] = CFrame.new(-8.940696716308594e-08, 2.980232238769531e-07, -8.940696716308594e-07, -0.22863933444023132, -0.614226758480072, -0.7552815079689026, 0.8483725190162659, 0.2548098564147949, -0.4640429615974426, 0.4774811565876007, -0.7468584179878235, 0.4628326892852783),
            ["LeftUpperArm"] = CFrame.new(0.029202938079833984, -0.02388894557952881, 0.06496507674455643, 0.9188392162322998, 0.38830673694610596, -0.07036753743886948, -0.3921394348144531, 0.9184138774871826, -0.05237995833158493, 0.04428592696785927, 0.07572269439697266, 0.9961449503898621),
            ["RightLowerArm"] = CFrame.new(8.046627044677734e-07, 0.0000013709068298339844, -0.0000034049153327941895, 1, -0.00001792609691619873, 0.000008173288733814843, 0.00001920760223583784, 0.7967572212219238, -0.6042993068695068, 0.00000432180331699783, 0.6042995452880859, 0.7967574000358582),
            ["LeftHand"] = CFrame.new(-0.0000014249235391616821, -4.76837158203125e-07, 2.384185791015625e-07, 0.8716038465499878, 0.40212956070899963, -0.2803632616996765, -0.46378999948501587, 0.8616737723350525, -0.2059461772441864, 0.15876317024230957, 0.30953216552734375, 0.9375407099723816),
            ["RightUpperLeg"] = CFrame.new(-2.9802322387695312e-08, -7.264316082000732e-08, -1.6952981241047382e-09, 0.8834879994392395, -0.37738555669784546, 0.27754101157188416, 0.457698255777359, 0.8216224312782288, -0.3397778570652008, -0.0998067781329155, 0.42721977829933167, 0.8986222743988037),
            ["LeftUpperLeg"] = CFrame.new(1.1920928955078125e-07, 1.2060627341270447e-07, 3.725290298461914e-09, 0.8659416437149048, 0.4460848569869995, -0.22617141902446747, -0.4995787739753723, 0.7929840683937073, -0.3487081229686737, 0.023796962574124336, 0.41495126485824585, 0.9095324277877808),
            ["RightLowerLeg"] = CFrame.new(-4.470348358154297e-08, -0.0007264614105224609, 0.000046031382225919515, 1, 2.384186643666908e-07, -1.1362138252479781e-07, -1.4901157641133977e-08, 0.6123261451721191, 0.7906052470207214, 2.533196834519913e-07, -0.7906053066253662, 0.6123261451721191),
            ["RightFoot"] = CFrame.new(1.30385160446167e-07, 3.5762786865234375e-07, 1.6952981241047382e-09, 0.9309770464897156, 0.3462005853652954, -0.11587469279766083, -0.3572632968425751, 0.7986217141151428, -0.4843207895755768, -0.07513207197189331, 0.4922890365123749, 0.8671830892562866),
            ["LeftLowerLeg"] = CFrame.new(-3.91155481338501e-08, -0.0007267594337463379, 0.0000809207558631897, 1, 3.725290653733282e-08, 4.4703494239684005e-08, -2.2351741790771484e-08, 0.7118809223175049, 0.7023001313209534, 8.568167686462402e-08, -0.7023001909255981, 0.7118811011314392),
        }},
        {Time = 0.067, Data = {
            ["LeftFoot"] = CFrame.new(4.470348358154297e-08, 1.7881393432617188e-07, 3.725290298461914e-08, 0.8951882123947144, -0.43770623207092285, 0.08397079259157181, 0.44146525859832764, 0.8449511528015137, -0.30193790793418884, 0.061208806931972504, 0.3073611259460449, 0.9496222734451294),
            ["LeftLowerArm"] = CFrame.new(-5.960464477539063e-08, -0.000001430511474609375, 0.000004678964614868164, 1, 4.693866912930389e-07, 3.8370481547644886e-07, 0, 0.407203733921051, -0.9133376479148865, -5.438924404188583e-07, 0.9133374094963074, 0.4072031080722809),
            ["LowerTorso"] = CFrame.new(0.0024734302423894405, -0.2574573755264282, -0.09827996045351028, 0.9888913631439209, -0.007562666665762663, 0.14844781160354614, 0.006059629842638969, 0.9999257922172546, 0.01057468168437481, -0.14851675927639008, -0.009557672776281834, 0.9888637065887451),
            ["Head"] = CFrame.new(1.862645149230957e-09, -3.5762786865234375e-07, -1.3969838619232178e-08, 0.975829005241394, -0.024250173941254616, -0.21718581020832062, -0.04533134028315544, 0.9497461318969727, -0.30972185730934143, 0.2137821465730667, 0.3120805621147156, 0.9256904125213623),
            ["RightUpperArm"] = CFrame.new(-0.029202282428741455, -0.023886442184448242, 0.06496606767177582, 0.5095808506011963, -0.11105693131685257, 0.8532249927520752, 0.5427983403205872, 0.8109071254730225, -0.21863313019275665, -0.6676057577133179, 0.5745398998260498, 0.47350481152534485),
            ["UpperTorso"] = CFrame.new(2.3865140974521637e-09, -4.470348358154297e-07, 5.333276931196451e-09, 0.9977970123291016, -0.00996868871152401, 0.0655890479683876, -0.0013407611986622214, 0.9854143857955933, 0.17016719281673431, -0.06632876396179199, -0.16988028585910797, 0.9832299947738647),
            ["HumanoidRootPart"] = CFrame.new(0, 0, 0, 1, 0, 0, 0, 1, 0, 0, 0, 1),
            ["RightHand"] = CFrame.new(-1.4901161193847656e-08, 4.76837158203125e-07, -7.366761565208435e-07, -0.010870960541069508, -0.7472661733627319, -0.6644368171691895, 0.3406051993370056, 0.6219715476036072, -0.705080509185791, 0.9401435852050781, -0.23397600650787354, 0.2477603405714035),
            ["LeftUpperArm"] = CFrame.new(0.02920299768447876, -0.023888111114501953, 0.06496520340442657, 0.8720827102661133, 0.48709243535995483, -0.04702238366007805, -0.4893115162849426, 0.8692981600761414, -0.06997761875391006, 0.006789801642298698, 0.08403457701206207, 0.9964397549629211),
            ["RightLowerArm"] = CFrame.new(7.152557373046875e-07, 8.344650268554688e-07, -0.000003337860107421875, 1, -0.00001791119393601548, 0.000007804484084772412, 0.000019150320440530777, 0.8080345988273621, -0.5891349911689758, 0.000004298985004425049, 0.5891350507736206, 0.8080346584320068),
            ["LeftHand"] = CFrame.new(-0.0000014007091522216797, -3.5762786865234375e-07, 3.2782554626464844e-07, 0.8271603584289551, 0.555311381816864, -0.08625614643096924, -0.5554430484771729, 0.7845512628555298, -0.27560514211654663, -0.08537508547306061, 0.27587801218032837, 0.957393229007721),
            ["RightUpperLeg"] = CFrame.new(-5.960464477539063e-08, -3.236345946788788e-07, -3.149762051180005e-08, 0.8970492482185364, -0.39043352007865906, 0.20703667402267456, 0.433937132358551, 0.8668840527534485, -0.24537858366966248, -0.08367286622524261, 0.3099575936794281, 0.94706130027771),
            ["LeftUpperLeg"] = CFrame.new(2.9802322387695312e-08, 1.2636883184313774e-07, 2.9802322387695312e-08, 0.876957893371582, 0.4711925685405731, -0.09446011483669281, -0.4795563817024231, 0.8452974557876587, -0.235579714179039, -0.03115651197731495, 0.2518925964832306, 0.967253565788269),
            ["RightLowerLeg"] = CFrame.new(-9.685754776000977e-08, -0.0007262825965881348, 0.00004613569035427645, 1, 2.384186927884002e-07, -1.9371513815258368e-07, 1.4901164746561335e-08, 0.7204319834709167, 0.693525493144989, 2.458692165419052e-07, -0.6935256123542786, 0.7204321622848511),
            ["RightFoot"] = CFrame.new(1.862645149230957e-07, 1.1920928955078125e-07, 3.987952368333936e-08, 0.9379550814628601, 0.33331480622291565, -0.09561017900705338, -0.3403143584728241, 0.8319422602653503, -0.4382447898387909, -0.06653137505054474, 0.443591445684433, 0.8937562108039856),
            ["LeftLowerLeg"] = CFrame.new(-5.587935447692871e-09, -0.0007266402244567871, 0.00008099153637886047, 1, 1.1175878711355836e-07, -2.980232949312267e-08, -5.587936335871291e-09, 0.8119646310806274, 0.5837069749832153, 5.2154071283894154e-08, -0.583706796169281, 0.8119644522666931),
        }},
        {Time = 0.100, Data = {
            ["LeftFoot"] = CFrame.new(5.21540641784668e-08, 2.384185791015625e-07, -1.043081283569336e-07, 0.9112805724143982, -0.4109379053115845, 0.026414336636662483, 0.40767303109169006, 0.8912771940231323, -0.19856436550617218, 0.05805514007806778, 0.19171638786792755, 0.9797319173812866),
            ["LeftLowerArm"] = CFrame.new(-0.0000012218952178955078, -5.960464477539062e-07, 0.0000045746564865112305, 1, 5.140904022482573e-07, 2.980231101901154e-07, 1.5459949054275057e-07, 0.2630520761013031, -0.9647818803787231, -5.178151809559495e-07, 0.9647817611694336, 0.2630511522293091),
            ["LowerTorso"] = CFrame.new(-0.017100423574447632, -0.15169060230255127, -0.16924041509628296, 0.9937753081321716, -0.0012306259013712406, 0.11139699816703796, 0.002686381107196212, 0.9999130368232727, -0.012919025495648384, -0.11137139797210693, 0.013137861154973507, 0.9936921000480652),
            ["Head"] = CFrame.new(1.1641532182693481e-09, -9.5367431640625e-07, 1.5832483768463135e-08, 0.9759582281112671, -0.007958212867379189, -0.2178124636411667, -0.032388485968112946, 0.9829427599906921, -0.18103790283203125, 0.2155379056930542, 0.18373988568782806, 0.9590532183647156),
            ["RightUpperArm"] = CFrame.new(-0.029202282428741455, -0.023886919021606445, 0.06496607512235641, 0.4049450755119324, -0.1940726488828659, 0.8935067653656006, 0.6564298272132874, 0.7419643402099609, -0.13634316623210907, -0.6364899277687073, 0.6417357325553894, 0.42785075306892395),
            ["UpperTorso"] = CFrame.new(3.259629011154175e-09, -5.364418029785156e-07, -2.0954757928848267e-08, 0.995467483997345, -0.002111119218170643, 0.0950794667005539, -0.009665891528129578, 0.9923306107521057, 0.12323382496833801, -0.09461043030023575, -0.1235942468047142, 0.9878124594688416),
            ["HumanoidRootPart"] = CFrame.new(0, 0, 0, 1, 0, 0, 0, 1, 0, 0, 0, 1),
            ["RightHand"] = CFrame.new(2.2351741790771484e-07, 4.76837158203125e-07, -9.5367431640625e-07, 0.21146036684513092, -0.7989501357078552, -0.5629958510398865, 0.24237878620624542, 0.6008936166763306, -0.7616948485374451, 0.9468564391136169, 0.024609318003058434, 0.32071295380592346),
            ["LeftUpperArm"] = CFrame.new(0.029202818870544434, -0.02388906478881836, 0.06496526300907135, 0.7679387331008911, 0.6392033696174622, 0.04106326401233673, -0.6390454769134521, 0.7689452171325684, -0.018632501363754272, -0.04348651319742203, -0.011933202855288982, 0.998982846736908),
            ["RightLowerArm"] = CFrame.new(6.556510925292969e-07, 0.0000010728836059570312, -0.0000034570693969726562, 1, -0.00001560151213197969, 0.0000118166253741947, 0.00001922436240420211, 0.6436919569969177, -0.7652844786643982, 0.000004272908427083166, 0.7652846574783325, 0.6436923742294312),
            ["LeftHand"] = CFrame.new(-0.0000013783574104309082, -3.5762786865234375e-07, -7.450580596923828e-08, 0.7008085250854492, 0.7085151672363281, 0.0829276293516159, -0.6487024426460266, 0.6813334822654724, -0.33906790614128113, -0.29673680663108826, 0.18382349610328674, 0.937099814414978),
            ["RightUpperLeg"] = CFrame.new(-5.960464477539063e-08, -1.5320256352424622e-07, -2.590968506410718e-08, 0.9091399312019348, -0.4106641709804535, 0.06942245364189148, 0.4164239168167114, 0.8992666006088257, -0.13383162021636963, -0.007469449657946825, 0.15058058500289917, 0.9885695576667786),
            ["LeftUpperLeg"] = CFrame.new(5.960464477539063e-08, -1.0803341865539551e-07, 5.587935447692871e-09, 0.8824994564056396, 0.45771899819374084, 0.1081114262342453, -0.4494516849517822, 0.8884735703468323, -0.09277941286563873, -0.1385210156440735, 0.03328689932823181, 0.989799976348877),
            ["RightLowerLeg"] = CFrame.new(-8.195638656616211e-08, -0.0007262229919433594, 0.000045971777581144124, 1, 1.508743423528358e-07, -2.3469334564651945e-07, -5.960463766996327e-08, 0.8684453964233398, 0.49578461050987244, 2.942979051567818e-07, -0.4957848787307739, 0.8684455752372742),
            ["RightFoot"] = CFrame.new(1.4808028936386108e-07, 1.1920928955078125e-07, 5.420588422566652e-09, 0.9470530152320862, 0.31882041692733765, -0.03799824416637421, -0.31469234824180603, 0.8982138633728027, -0.3068888485431671, -0.06371203064918518, 0.30259788036346436, 0.9509866237640381),
            ["LeftLowerLeg"] = CFrame.new(-8.381903171539307e-08, -0.0007265806198120117, 0.00008101016283035278, 1, 6.705522537231445e-08, 0, -2.7823258363923742e-08, 0.9384233951568604, 0.3454873561859131, 3.725289943190546e-08, -0.34548747539520264, 0.9384233951568604),
        }},
        {Time = 0.133, Data = {
            ["LeftFoot"] = CFrame.new(-4.284083843231201e-08, 1.1920928955078125e-07, -2.9802322387695312e-08, 0.9221282005310059, -0.3843219578266144, -0.04445622116327286, 0.3862447440624237, 0.9211106896400452, 0.048682793974876404, 0.022239308804273605, -0.06206289678812027, 0.9978245496749878),
            ["LeftLowerArm"] = CFrame.new(-5.662441253662109e-07, -0.0000010132789611816406, 0.000004589557647705078, 1, 5.736953880841611e-07, 1.9371491077890823e-07, 2.384185791015625e-07, 0.12797117233276367, -0.9917780160903931, -4.991888999938965e-07, 0.9917778968811035, 0.12796996533870697),
            ["LowerTorso"] = CFrame.new(-0.03088431991636753, -0.03675186634063721, -0.22400370240211487, 0.9965177774429321, 0.006661899387836456, 0.08311419188976288, -0.0048814029432833195, 0.9997546076774597, -0.02160714380443096, -0.08323774486780167, 0.021126190200448036, 0.9963058233261108),
            ["Head"] = CFrame.new(1.1175870895385742e-08, -4.76837158203125e-07, 8.847564458847046e-09, 0.9780246019363403, 0.0037231475580483675, -0.2084566205739975, -0.01595044881105423, 0.9982463717460632, -0.05700631067156792, 0.2078789472579956, 0.05907842144370079, 0.9763688445091248),
            ["RightUpperArm"] = CFrame.new(-0.02920222282409668, -0.023886561393737793, 0.06496613472700119, 0.3327223062515259, -0.2695886790752411, 0.9036685824394226, 0.7125299572944641, 0.699588418006897, -0.05364133417606354, -0.6177353858947754, 0.6617386937141418, 0.4248596131801605),
            ["UpperTorso"] = CFrame.new(0, 1.1920928955078125e-07, 1.3969838619232178e-09, 0.9929096698760986, 0.0010765418410301208, 0.1188662201166153, -0.01060549821704626, 0.9967735409736633, 0.07956194877624512, -0.11839712411165237, -0.08025842159986496, 0.9897174835205078),
            ["HumanoidRootPart"] = CFrame.new(0, 0, 0, 1, 0, 0, 0, 1, 0, 0, 0, 1),
            ["RightHand"] = CFrame.new(-9.685754776000977e-08, 5.364418029785156e-07, -8.642673492431641e-07, 0.4011797606945038, -0.7830995321273804, -0.4751962423324585, 0.3687434196472168, 0.6129480600357056, -0.6988006830215454, 0.8385006189346313, 0.10511874407529831, 0.5346646308898926),
            ["LeftUpperArm"] = CFrame.new(0.029202938079833984, -0.023887991905212402, 0.06496526300907135, 0.6282660961151123, 0.7314930558204651, 0.26494479179382324, -0.7623409032821655, 0.6468051671981812, 0.02196713164448738, -0.1553003042936325, -0.21578046679496765, 0.9640133380889893),
            ["RightLowerArm"] = CFrame.new(6.556510925292969e-07, 8.940696716308594e-07, -0.0000034421682357788086, 1, -0.000011429187907197047, 0.000016063457223935984, 0.000019025057554244995, 0.3837912976741791, -0.923419713973999, 0.000004328787326812744, 0.9234198331832886, 0.3837917745113373),
            ["LeftHand"] = CFrame.new(-0.0000014528632164001465, -4.76837158203125e-07, 5.364418029785156e-07, 0.5227123498916626, 0.8256481885910034, 0.2123161256313324, -0.7277486324310303, 0.5618694424629211, -0.3932986855506897, -0.44402003288269043, 0.051066190004348755, 0.8945603370666504),
            ["RightUpperLeg"] = CFrame.new(2.9802322387695312e-08, 1.2130476534366608e-07, -2.4047039914876223e-08, 0.9097641706466675, -0.4071162939071655, 0.08115052431821823, 0.4146329164505005, 0.9006727337837219, -0.12987782061100006, -0.02021474950015545, 0.1518057882785797, 0.9882035851478577),
            ["LeftUpperLeg"] = CFrame.new(0, 5.259644240140915e-07, 3.725290298461914e-09, 0.8902402520179749, 0.43896448612213135, 0.12158328294754028, -0.42413920164108276, 0.8962050080299377, -0.13008756935596466, -0.16606739163398743, 0.06424088031053543, 0.9840196967124939),
            ["RightLowerLeg"] = CFrame.new(-1.7508864402770996e-07, -0.0007262825965881348, 0.000046053733967710286, 1, 1.4901168299275014e-07, -2.533197687171196e-07, 3.725290742551124e-09, 0.8893660306930542, 0.4571956992149353, 2.7194622020942916e-07, -0.45719578862190247, 0.8893661499023438),
            ["RightFoot"] = CFrame.new(2.123415470123291e-07, 2.384185791015625e-07, 3.5222910810261965e-08, 0.9296562671661377, 0.3665965795516968, 0.03669299557805061, -0.36363255977630615, 0.9290103316307068, -0.06863808631896973, -0.05925052613019943, 0.05046713352203369, 0.9969666600227356),
            ["LeftLowerLeg"] = CFrame.new(3.0547380447387695e-07, -0.0007267594337463379, 0.00008109211921691895, 1, 5.215405707303944e-08, -5.2154071283894154e-08, 5.587935447692871e-09, 0.9166030883789062, 0.3997984528541565, 4.470348358154297e-08, -0.39979854226112366, 0.916603147983551),
        }},
        {Time = 0.167, Data = {
            ["LeftFoot"] = CFrame.new(-4.563480615615845e-08, 1.7881393432617188e-07, -4.0978193283081055e-08, 0.9065980911254883, -0.37864652276039124, -0.18629823625087738, 0.4219575524330139, 0.8193075060844421, 0.3881843090057373, 0.005651002284139395, -0.43053707480430603, 0.9025552272796631),
            ["LeftLowerArm"] = CFrame.new(-6.556510925292969e-07, -0.0000010132789611816406, 0.000004649162292480469, 1, 5.14090913839027e-07, 1.0430801467009587e-07, 1.1920931797249068e-07, 0.011569841764867306, -0.999933123588562, -5.234034006207366e-07, 0.9999330639839172, 0.011568493209779263),
            ["LowerTorso"] = CFrame.new(-0.03178948163986206, 0.07126522064208984, -0.25703439116477966, 0.9976400136947632, 0.010466985404491425, 0.06786008924245834, -0.009419018402695656, 0.9998317956924438, -0.01574467308819294, -0.06801346689462662, 0.01506834290921688, 0.9975706934928894),
            ["Head"] = CFrame.new(-3.725290298461914e-09, -0.0000010728836059570312, -1.0477378964424133e-08, 0.9787424802780151, 0.014962280169129372, -0.2045467495918274, -0.011222953908145428, 0.9997482299804688, 0.019428884610533714, 0.2047860324382782, -0.016720356419682503, 0.978663980960846),
            ["RightUpperArm"] = CFrame.new(-0.02920246124267578, -0.023887038230895996, 0.06496608257293701, 0.29676535725593567, -0.302897185087204, 0.9056393504142761, 0.7280058860778809, 0.6855082511901855, -0.009284884668886662, -0.6180112361907959, 0.6620662212371826, 0.42394715547561646),
            ["UpperTorso"] = CFrame.new(5.587935447692871e-09, 2.086162567138672e-07, 5.238689482212067e-09, 0.9904659390449524, -0.0010587278520688415, 0.13775399327278137, -0.005722847767174244, 0.9987910389900208, 0.04882427677512169, -0.1376391053199768, -0.04914715513586998, 0.9892624020576477),
            ["HumanoidRootPart"] = CFrame.new(0, 0, 0, 1, 0, 0, 0, 1, 0, 0, 0, 1),
            ["RightHand"] = CFrame.new(1.862645149230957e-07, 6.556510925292969e-07, -0.0000011324882507324219, 0.46645987033843994, -0.8077281713485718, -0.36054348945617676, 0.5484535694122314, 0.5839008688926697, -0.5985461473464966, 0.6939841508865356, 0.08145613223314285, 0.7153677344322205),
            ["LeftUpperArm"] = CFrame.new(0.029202938079833984, -0.023888587951660156, 0.06496524810791016, 0.5352733731269836, 0.7765997648239136, 0.3322206735610962, -0.8096382021903992, 0.5838292837142944, -0.060268692672252655, -0.24076655507087708, -0.23671965301036835, 0.9412742853164673),
            ["RightLowerArm"] = CFrame.new(9.5367431640625e-07, 0.0000010728836059570312, -0.0000033155083656311035, 1, -0.000007070596893754555, 0.00001832843918236904, 0.000019086524844169617, 0.14526425302028656, -0.989392876625061, 0.000004393048584461212, 0.989392876625061, 0.14526484906673431),
            ["LeftHand"] = CFrame.new(-0.0000013113021850585938, -2.384185791015625e-07, 2.980232238769531e-07, 0.3397441506385803, 0.8913694620132446, 0.3000567853450775, -0.7823148965835571, 0.44492071866989136, -0.4359245002269745, -0.5220702290534973, -0.08663846552371979, 0.848490297794342),
            ["RightUpperLeg"] = CFrame.new(0, 7.157213985919952e-07, 3.892637323588133e-09, 0.8942310214042664, -0.43601763248443604, -0.10119141638278961, 0.4393741488456726, 0.898217499256134, 0.012484347447752953, 0.08544851094484329, -0.055624883621931076, 0.994788646697998),
            ["LeftUpperLeg"] = CFrame.new(2.9802322387695312e-08, 0.0000010521616786718369, -3.725290298461914e-09, 0.8789002895355225, 0.4485824704170227, 0.16219784319400787, -0.4169549345970154, 0.887641191482544, -0.1955546885728836, -0.2316959649324417, 0.10424385219812393, 0.9671868085861206),
            ["RightLowerLeg"] = CFrame.new(-1.7881393432617188e-07, -0.0007262229919433594, 0.00004605559661285952, 1, -1.2165407348163626e-08, -2.6368070393800735e-07, 7.136257806905633e-08, 0.9999856948852539, 0.005348748527467251, 2.6519404627833865e-07, -0.0053486512042582035, 0.9999856948852539),
            ["RightFoot"] = CFrame.new(2.337619662284851e-07, 4.76837158203125e-07, -2.8448994271457195e-09, 0.7879622578620911, 0.5590350031852722, 0.2580602467060089, -0.615510106086731, 0.704135000705719, 0.3540361225605011, 0.016209302470088005, -0.43780574202537537, 0.8989234566688538),
            ["LeftLowerLeg"] = CFrame.new(1.043081283569336e-07, -0.0007266998291015625, 0.00008098781108856201, 1, 6.705523958316917e-08, -5.587936158235607e-08, -5.587936779960501e-09, 0.9222432374954224, 0.386610209941864, 2.980232949312267e-08, -0.38661035895347595, 0.9222432374954224),
        }},
        {Time = 0.200, Data = {
            ["LeftFoot"] = CFrame.new(-6.891787052154541e-08, 1.7881393432617188e-07, 0, 0.8981091380119324, -0.40616804361343384, -0.16860376298427582, 0.43907982110977173, 0.8066632151603699, 0.39560529589653015, -0.024675756692886353, -0.42932745814323425, 0.9028118848800659),
            ["LeftLowerArm"] = CFrame.new(-0.0000011622905731201172, -9.5367431640625e-07, 0.0000046193599700927734, 1, 5.364427693166363e-07, 1.1920910480966995e-07, 1.9371505288745539e-07, -0.08210153877735138, -0.9966238737106323, -4.991887863070588e-07, 0.9966239929199219, -0.08210249990224838),
            ["LowerTorso"] = CFrame.new(-0.024139083921909332, 0.15443015098571777, -0.2719252407550812, 0.9977372884750366, 0.010122748091816902, 0.06646835058927536, -0.010117247700691223, 0.9999487400054932, -0.0004193974891677499, -0.06646918505430222, -0.00025402812752872705, 0.9977885484695435),
            ["Head"] = CFrame.new(-7.450580596923828e-09, -9.5367431640625e-07, 7.2177499532699585e-09, 0.976405918598175, 0.028336405754089355, -0.21407648921012878, -0.018043294548988342, 0.9985921382904053, 0.049883611500263214, 0.21518854796886444, -0.044844117015600204, 0.975542426109314),
            ["RightUpperArm"] = CFrame.new(-0.029202520847320557, -0.023887038230895996, 0.0649661123752594, 0.3064921498298645, -0.3342529833316803, 0.8912556767463684, 0.7374927401542664, 0.6753551363945007, -0.00033285963581874967, -0.601803183555603, 0.6573967337608337, 0.4535010755062103),
            ["UpperTorso"] = CFrame.new(1.30385160446167e-08, -0.0000012218952178955078, 2.491287887096405e-08, 0.9884839653968811, -0.0047925435937941074, 0.15124982595443726, 0.0005081507260911167, 0.9995979070663452, 0.028352582827210426, -0.1513248085975647, -0.027949223294854164, 0.9880889058113098),
            ["HumanoidRootPart"] = CFrame.new(0, 0, 0, 1, 0, 0, 0, 1, 0, 0, 0, 1),
            ["RightHand"] = CFrame.new(2.0116567611694336e-07, 5.364418029785156e-07, -7.674098014831543e-07, 0.5065786838531494, -0.8191933631896973, -0.2688892185688019, 0.62552809715271, 0.5638265013694763, -0.5392709970474243, 0.5933740735054016, 0.10498552769422531, 0.7980510592460632),
            ["LeftUpperArm"] = CFrame.new(0.029202938079833984, -0.02388930320739746, 0.06496520340442657, 0.4492413103580475, 0.7806868553161621, 0.4344032406806946, -0.8262444734573364, 0.5480144619941711, -0.1303921639919281, -0.3398565351963043, -0.30034708976745605, 0.8912305235862732),
            ["RightLowerArm"] = CFrame.new(9.5367431640625e-07, 0.0000013709068298339844, -0.0000034356489777565002, 1, -0.00000335834647557931, 0.000019529848941601813, 0.00001919641908898484, -0.055449195206165314, -0.9984616041183472, 0.000004341592557466356, 0.9984615445137024, -0.05544872209429741),
            ["LeftHand"] = CFrame.new(-0.000001389533281326294, -1.1920928955078125e-07, 5.21540641784668e-07, 0.19607773423194885, 0.9163137078285217, 0.3491726815700531, -0.8114261031150818, 0.35155367851257324, -0.46690505743026733, -0.5505827069282532, -0.19177940487861633, 0.812451958656311),
            ["RightUpperLeg"] = CFrame.new(5.960464477539063e-08, -9.535724529996514e-07, 4.5394699554890394e-08, 0.8753507733345032, -0.45143887400627136, -0.17310141026973724, 0.4527483880519867, 0.8909842371940613, -0.03414925932884216, 0.1696469634771347, -0.04847892373800278, 0.9843118190765381),
            ["LeftUpperLeg"] = CFrame.new(-2.9802322387695312e-08, -5.977308319415897e-07, 1.8917489796876907e-08, 0.8470722436904907, 0.48753058910369873, 0.2116188257932663, -0.42425650358200073, 0.8600940704345703, -0.28327471017837524, -0.3201172947883606, 0.15017352998256683, 0.9353998899459839),
            ["RightLowerLeg"] = CFrame.new(-2.086162567138672e-07, -0.0007262825965881348, 0.000046087261580396444, 1, -1.3737014192827246e-08, -2.8125944595558394e-07, 7.2177499532699585e-09, 0.9999857544898987, 0.005347930360585451, 2.6635825634002686e-07, -0.005347701255232096, 0.9999857544898987),
            ["RightFoot"] = CFrame.new(-2.0489096641540527e-08, 3.5762786865234375e-07, 5.420588422566652e-09, 0.7643945217132568, 0.5953883528709412, 0.24741415679454803, -0.6436166167259216, 0.681902289390564, 0.34751513600349426, 0.03819429501891136, -0.4248787462711334, 0.9044443368911743),
            ["LeftLowerLeg"] = CFrame.new(-4.470348358154297e-08, -0.0007266402244567871, 0.00008100271224975586, 1, 3.725289943190546e-08, -1.1175870895385742e-08, -6.332991375757047e-08, 0.8993951082229614, 0.4371365010738373, -2.9802311729554276e-08, -0.43713653087615967, 0.899395227432251),
        }},
        {Time = 0.233, Data = {
            ["LeftFoot"] = CFrame.new(-8.195638656616211e-08, 1.1920928955078125e-07, -4.842877388000488e-08, 0.9051475524902344, -0.4029536545276642, -0.1354120969772339, 0.4243585467338562, 0.8377302885055542, 0.343697190284729, -0.025055188685655594, -0.36855998635292053, 0.9292663335800171),
            ["LeftLowerArm"] = CFrame.new(-3.8743019104003906e-07, -5.364418029785156e-07, 0.000004738569259643555, 1, 5.66244921174075e-07, 0, 2.0861631355728605e-07, -0.14793650805950165, -0.9889967441558838, -5.51343077859201e-07, 0.9889968633651733, -0.1479373425245285),
            ["LowerTorso"] = CFrame.new(-0.013538481667637825, 0.20964646339416504, -0.2834899425506592, 0.9969469904899597, 0.008098861202597618, 0.07766150683164597, -0.008406114764511585, 0.9999580979347229, 0.003630225080996752, -0.07762885093688965, -0.004271973390132189, 0.9969731569290161),
            ["Head"] = CFrame.new(1.862645149230957e-09, -5.960464477539062e-07, -6.984919309616089e-09, 0.9715583920478821, 0.04022873565554619, -0.23335804045200348, -0.025679728016257286, 0.9975513219833374, 0.0650537982583046, 0.23540359735488892, -0.05721110850572586, 0.970212459564209),
            ["RightUpperArm"] = CFrame.new(-0.02920234203338623, -0.02388632297515869, 0.06496609002351761, 0.3518621027469635, -0.39329856634140015, 0.8494164943695068, 0.7503870725631714, 0.6609816551208496, -0.004791424609720707, -0.5595645308494568, 0.6390771269798279, 0.5277013182640076),
            ["UpperTorso"] = CFrame.new(-5.587935447692871e-09, -1.1920928955078125e-07, 2.1187588572502136e-08, 0.9870135188102722, -0.006445551756769419, 0.1605076640844345, 0.002559513784945011, 0.9996988773345947, 0.02440592274069786, -0.1606167107820511, -0.023678161203861237, 0.9867328405380249),
            ["HumanoidRootPart"] = CFrame.new(0, 0, 0, 1, 0, 0, 0, 1, 0, 0, 0, 1),
            ["RightHand"] = CFrame.new(1.7136335372924805e-07, 5.364418029785156e-07, -9.397044777870178e-07, 0.6018989682197571, -0.7683369517326355, -0.21766258776187897, 0.5856979489326477, 0.610015869140625, -0.5337018966674805, 0.542840301990509, 0.19375015795230865, 0.8171813488006592),
            ["LeftUpperArm"] = CFrame.new(0.029202938079833984, -0.023888587951660156, 0.06496526300907135, 0.3840261697769165, 0.7760192155838013, 0.5003139972686768, -0.8238032460212708, 0.5326851010322571, -0.19389835000038147, -0.41697996854782104, -0.3376995027065277, 0.8438539505004883),
            ["RightLowerArm"] = CFrame.new(7.152557373046875e-07, 0.0000013113021850585938, -0.0000034188851714134216, 1, 5.21540464148984e-08, 0.00001958270149771124, 0.000019256027371739037, -0.22578497231006622, -0.9741773009300232, 0.000004363945208751829, 0.9741771817207336, -0.2257848083972931),
            ["LeftHand"] = CFrame.new(-0.0000018309801816940308, -2.384185791015625e-07, 2.4400651454925537e-07, 0.16748791933059692, 0.9268574714660645, 0.33597883582115173, -0.8201369643211365, 0.3201124668121338, -0.47424235939979553, -0.5471044778823853, -0.1961202323436737, 0.8137643933296204),
            ["RightUpperLeg"] = CFrame.new(-5.960464477539063e-08, -5.818437784910202e-07, 4.300818545743823e-08, 0.8448648452758789, -0.4919937551021576, -0.21010813117027283, 0.4643137454986572, 0.8694307804107666, -0.16882827877998352, 0.2657369077205658, 0.04508085548877716, 0.9629909992218018),
            ["LeftUpperLeg"] = CFrame.new(5.960464477539063e-08, 3.1082890927791595e-07, 2.421438694000244e-08, 0.8182374835014343, 0.5298612117767334, 0.22301217913627625, -0.43766582012176514, 0.8256801962852478, -0.3559507727622986, -0.37274137139320374, 0.19364751875400543, 0.9075046181678772),
            ["RightLowerLeg"] = CFrame.new(-1.4901161193847656e-07, -0.0007264018058776855, 0.000046150591515470296, 1, 6.332996349556197e-08, -2.5890767574310303e-07, 2.2351738238057806e-08, 0.9686720371246338, 0.24834388494491577, 2.6077029247062455e-07, -0.24834397435188293, 0.9686719179153442),
            ["RightFoot"] = CFrame.new(2.123415470123291e-07, 1.7881393432617188e-07, 1.6596459317952394e-08, 0.7860792875289917, 0.5895461440086365, 0.18578165769577026, -0.6179345846176147, 0.7569769620895386, 0.21246829628944397, -0.015372644178569317, -0.28181764483451843, 0.9593448042869568),
            ["LeftLowerLeg"] = CFrame.new(-1.4901161193847656e-08, -0.0007262229919433594, 0.00008091330528259277, 1, 7.450580596923828e-08, 5.21540641784668e-08, -1.4901161193847656e-08, 0.8643070459365845, 0.5029647350311279, 2.9802322387695312e-08, -0.5029645562171936, 0.8643069267272949),
        }},
        {Time = 0.267, Data = {
            ["LeftFoot"] = CFrame.new(9.313225746154785e-08, 4.76837158203125e-07, 1.4901161193847656e-08, 0.9157860279083252, -0.3747965395450592, -0.1444423347711563, 0.4016445577144623, 0.8507152199745178, 0.3390656113624573, -0.004201292060315609, -0.3685257136821747, 0.9296079874038696),
            ["LeftLowerArm"] = CFrame.new(-9.834766387939453e-07, -7.152557373046875e-07, 0.000004410743713378906, 1, 5.662451485477504e-07, -2.9802290413272203e-08, 1.341104507446289e-07, -0.1724151074886322, -0.9850242733955383, -4.917383193969727e-07, 0.9850245118141174, -0.17241589725017548),
            ["LowerTorso"] = CFrame.new(-0.007895727641880512, 0.23681306838989258, -0.30468907952308655, 0.9955253601074219, 0.01143905520439148, 0.09380094707012177, -0.009649834595620632, 0.9997632503509521, -0.019506119191646576, -0.0940018743276596, 0.018513672053813934, 0.9953998923301697),
            ["Head"] = CFrame.new(8.381903171539307e-09, -8.344650268554688e-07, -2.019805833697319e-08, 0.9661754369735718, 0.04655447229743004, -0.25364914536476135, -0.025653738528490067, 0.9960425496101379, 0.08509475737810135, 0.2566068172454834, -0.07570946216583252, 0.9635460376739502),
            ["RightUpperArm"] = CFrame.new(-0.029202401638031006, -0.023886799812316895, 0.06496606767177582, 0.3868342936038971, -0.4639851450920105, 0.7969164252281189, 0.7589665055274963, 0.6510434746742249, 0.010641065426170826, -0.523764431476593, 0.6007163524627686, 0.6039958596229553),
            ["UpperTorso"] = CFrame.new(1.0477378964424133e-09, -6.556510925292969e-07, -4.126923158764839e-08, 0.9857038855552673, -0.006753355264663696, 0.1683519035577774, -0.0004937635967507958, 0.9990764260292053, 0.04296843335032463, -0.1684866100549698, -0.04243728891015053, 0.9847900867462158),
            ["HumanoidRootPart"] = CFrame.new(0, 0, 0, 1, 0, 0, 0, 1, 0, 0, 0, 1),
            ["RightHand"] = CFrame.new(3.725290298461914e-08, 5.364418029785156e-07, -0.0000011399388313293457, 0.694706380367279, -0.7017868757247925, -0.15773075819015503, 0.5398603081703186, 0.6536242365837097, -0.5304011106491089, 0.47532516717910767, 0.28332072496414185, 0.8329440355300903),
            ["LeftUpperArm"] = CFrame.new(0.02920287847518921, -0.023888230323791504, 0.06496520340442657, 0.32856836915016174, 0.7870165705680847, 0.5221529006958008, -0.8365547060966492, 0.4991386830806732, -0.22591687738895416, -0.4384280741214752, -0.3625817894935608, 0.8223856091499329),
            ["RightLowerArm"] = CFrame.new(0.000001043081283569336, 9.5367431640625e-07, -0.0000034049153327941895, 1, 0.000002562997678978718, 0.00001945907024492044, 0.00001921504554047715, -0.3482850193977356, -0.9373887181282043, 0.00000442005648437771, 0.9373886585235596, -0.34828507900238037),
            ["LeftHand"] = CFrame.new(-0.000001261010766029358, -2.384185791015625e-07, 2.682209014892578e-07, 0.20048783719539642, 0.9294167757034302, 0.30981916189193726, -0.7799261808395386, 0.34279802441596985, -0.5236480832099915, -0.5928911566734314, -0.13665300607681274, 0.7936024069786072),
