return {
    ["Let’s Go Back"] = {
        {Time = 0.000, Data = {
            ["RightFoot"] = CFrame.new(1.601874828338623e-07, -1.1920928955078125e-07, 1.6596459317952394e-08, 0.9875177145004272, 0.15311534702777863, -0.03693992644548416, -0.14883604645729065, 0.8303726315498352, -0.5369628071784973, -0.05154319480061531, 0.5357584357261658, 0.8427967429161072),
            ["LeftLowerArm"] = CFrame.new(0.0000013709068298339844, -3.5762786865234375e-07, 0.0000049173831939697266, 1, 1.6763806343078613e-07, 3.725290653733282e-08, -1.396984004031765e-07, 0.9088033437728882, -0.4172248840332031, -9.685756197086448e-08, 0.41722482442855835, 0.908803403377533),
            ["RightUpperArm"] = CFrame.new(-0.03169196844100952, 0.008971452713012695, -0.01826777681708336, 0.9746460318565369, -0.22159817814826965, 0.030974099412560463, 0.13991624116897583, 0.49556833505630493, -0.8572254776954651, 0.17460975050926208, 0.8398251533508301, 0.5140089392662048),
            ["Head"] = CFrame.new(-1.862645149230957e-09, -7.152557373046875e-07, 5.587935447692871e-09, 0.9736928343772888, -0.06240033730864525, 0.2191542536020279, 0.019690969958901405, 0.9812173247337341, 0.1918981522321701, -0.2270124852657318, -0.18253464996814728, 0.9566329121589661),
            ["RightHand"] = CFrame.new(1.1920928955078125e-07, 7.152557373046875e-07, -8.046627044677734e-07, 0.8729598522186279, -0.3983149528503418, 0.28157758712768555, 0.4462566673755646, 0.8852232694625854, -0.1312822550535202, -0.1969674974679947, 0.24026019871234894, 0.9505152106285095),
            ["UpperTorso"] = CFrame.new(-4.842877388000488e-08, -2.9802322387695312e-08, -5.587935447692871e-08, 0.9916830062866211, 0.11834412813186646, 0.05059123411774635, -0.11567935347557068, 0.9918869733810425, -0.05271223559975624, -0.05641891434788704, 0.04642146825790405, 0.997327446937561),
            ["HumanoidRootPart"] = CFrame.new(0, 0, 0, 1, 0, 0, 0, 1, 0, 0, 0, 1),
            ["RightUpperLeg"] = CFrame.new(-5.960464477539063e-08, -1.6391277313232422e-07, -7.620110409334302e-08, 0.9978413581848145, -0.06271829456090927, 0.01947151869535446, 0.06461053341627121, 0.884499192237854, -0.46204644441604614, 0.011756053194403648, 0.4623069763183594, 0.8866419196128845),
            ["LeftUpperArm"] = CFrame.new(0.029309749603271484, 0.002655029296875, -0.01813073456287384, 0.8677758574485779, 0.2747766673564911, -0.41408103704452515, -0.2000778317451477, 0.9558954238891602, 0.2150183469057083, 0.4549001157283783, -0.10373929888010025, 0.8844795823097229),
            ["RightLowerArm"] = CFrame.new(6.556510925292969e-07, 5.960464477539062e-07, -0.000004197470843791962, 1, -0.000010348856449127197, 0.00001648813849897124, 0.000018995257050846703, 0.32900363206863403, -0.9443287253379822, 0.00000435859010394779, 0.9443286657333374, 0.3290036916732788),
            ["LeftHand"] = CFrame.new(-0.0000012218952178955078, -0.0000013709068298339844, 3.2782554626464844e-07, 0.9227524399757385, 0.20446880161762238, 0.32668039202690125, -0.14879758656024933, 0.970945417881012, -0.18741494417190552, -0.3555097281932831, 0.12432845681905746, 0.9263668656349182),
            ["LeftFoot"] = CFrame.new(2.2584572434425354e-08, -1.7881393432617188e-07, -8.381903171539307e-09, 0.9998405575752258, -0.007489277981221676, 0.016210900619626045, 0.015263780020177364, 0.8295931816101074, -0.5581597685813904, -0.009268173016607761, 0.5583181977272034, 0.82957524061203),
            ["LowerTorso"] = CFrame.new(-0.09290359914302826, -0.29059410095214844, 0.14787253737449646, 0.9450380802154541, -0.06292928010225296, -0.3208472728729248, 0.08637440949678421, 0.9944930076599121, 0.059356529265642166, 0.31534507870674133, -0.08380717784166336, 0.9452692270278931),
            ["RightLowerLeg"] = CFrame.new(4.866160452365875e-08, -0.0007263422012329102, 0.000046169217966962606, 1, 1.2665991278026922e-07, -7.450585037815927e-09, -1.0430811414607888e-07, 0.5081089735031128, 0.8612928986549377, 4.8428766774577525e-08, -0.861292839050293, 0.5081090331077576),
            ["LeftUpperLeg"] = CFrame.new(-5.960464477539063e-08, -9.055656846612692e-08, -5.704350769519806e-08, 0.878397524356842, 0.35961639881134033, 0.31479161977767944, -0.05718546360731125, 0.7330072522163391, -0.6778131127357483, -0.47449731826782227, 0.5773875713348389, 0.6644363403320312),
            ["LeftLowerLeg"] = CFrame.new(1.210719347000122e-08, -0.0007266402244567871, 0.00008092820644378662, 1, 6.10016357427412e-08, 5.960465188081798e-08, -8.847564458847046e-08, 0.31798791885375977, 0.94809490442276, 8.66129994392395e-08, -0.9480948448181152, 0.317987859249115),
        }},
        {Time = 0.033, Data = {
            ["RightFoot"] = CFrame.new(6.332993507385254e-08, 0, 1.6596459317952394e-08, 0.9865575432777405, 0.1631106585264206, 0.009953765198588371, -0.13678885996341705, 0.8576066493988037, -0.49578163027763367, -0.08940373361110687, 0.48775577545166016, 0.8683902025222778),
            ["LeftLowerArm"] = CFrame.new(0.0000014901161193847656, -5.960464477539062e-07, 0.000004500150680541992, 1, 1.4528633585086936e-07, 2.0489098417897367e-08, -1.3411047916633834e-07, 0.9058916568756104, -0.42350953817367554, -1.266598985694145e-07, 0.42350950837135315, 0.9058917164802551),
            ["RightUpperArm"] = CFrame.new(-0.03248971700668335, 0.003531336784362793, -0.013655435293912888, 0.9856683611869812, -0.1625504344701767, 0.04511452093720436, 0.10747741907835007, 0.3989773988723755, -0.9106402397155762, 0.13002538681030273, 0.9024379849433899, 0.41072988510131836),
            ["Head"] = CFrame.new(2.2351741790771484e-08, -9.5367431640625e-07, -3.725290298461914e-09, 0.9791916012763977, -0.07210134714841843, 0.1896982640028, 0.022220950573682785, 0.9672298431396484, 0.2529280483722687, -0.20171824097633362, -0.24344989657402039, 0.9487054347991943),
            ["RightHand"] = CFrame.new(5.960464477539063e-08, 0.0000010728836059570312, -8.344650268554688e-07, 0.848572313785553, -0.43943941593170166, 0.2946482002735138, 0.49567344784736633, 0.8550545573234558, -0.15228264033794403, -0.18502146005630493, 0.275272399187088, 0.943394124507904),
            ["UpperTorso"] = CFrame.new(1.4901161193847656e-08, -2.384185791015625e-07, 3.725290298461914e-09, 0.9918365478515625, 0.07455398142337799, 0.10345105081796646, -0.06737805902957916, 0.9951830506324768, -0.07121128588914871, -0.10826192796230316, 0.06365961581468582, 0.9920821189880371),
            ["HumanoidRootPart"] = CFrame.new(0, 0, 0, 1, 0, 0, 0, 1, 0, 0, 0, 1),
            ["RightUpperLeg"] = CFrame.new(-2.9802322387695312e-08, -2.8545036911964417e-07, -2.4047039914876223e-08, 0.9923523664474487, -0.120854452252388, 0.025123119354248047, 0.11720659583806992, 0.8586836457252502, -0.49892404675483704, 0.03872430697083473, 0.4980528950691223, 0.8662815093994141),
            ["LeftUpperArm"] = CFrame.new(0.028496623039245605, 0.0069732666015625, -0.013706624507904053, 0.8545023798942566, 0.29811426997184753, -0.42538633942604065, -0.18631617724895477, 0.9403289556503296, 0.28472432494163513, 0.48488354682922363, -0.16404126584529877, 0.8590567708015442),
            ["RightLowerArm"] = CFrame.new(4.172325134277344e-07, 6.556510925292969e-07, -0.000004630535840988159, 1, -0.00000971555618889397, 0.00001687929398030974, 0.000018987804651260376, 0.29394468665122986, -0.9558224678039551, 0.000004351139068603516, 0.9558224678039551, 0.29394468665122986),
            ["LeftHand"] = CFrame.new(-0.0000012814998626708984, -0.000001430511474609375, 8.940696716308594e-08, 0.940684974193573, 0.06361256539821625, 0.33326414227485657, -0.02074166014790535, 0.9912111759185791, -0.13065344095230103, -0.3386465907096863, 0.11599141359329224, 0.93373703956604),
            ["LeftFoot"] = CFrame.new(2.0023435354232788e-08, -5.960464477539063e-08, 1.6763806343078613e-08, 0.9998937249183655, -0.005324492696672678, 0.013572413474321365, 0.011916738003492355, 0.8348080515861511, -0.5504119396209717, -0.0083997193723917, 0.5505154132843018, 0.8347828984260559),
            ["LowerTorso"] = CFrame.new(-0.10520033538341522, -0.27346813678741455, 0.1288270205259323, 0.9374319911003113, -0.02273104339838028, -0.3474256694316864, 0.04957039654254913, 0.996414840221405, 0.06855948269367218, 0.3446216583251953, -0.0814918801188469, 0.9351978302001953),
            ["RightLowerLeg"] = CFrame.new(7.264316082000732e-08, -0.0007262825965881348, 0.00004611543408827856, 1, 1.8626455755565985e-07, 2.980233304583635e-08, -1.0430809993522416e-07, 0.4687025845050812, 0.8833557963371277, 5.960463056453591e-08, -0.8833560943603516, 0.4687029719352722),
            ["LeftUpperLeg"] = CFrame.new(0, 1.4668330550193787e-08, 0, 0.8651619553565979, 0.324404776096344, 0.3824348449707031, -0.015581253916025162, 0.7796133160591125, -0.6260674595832825, -0.501250684261322, 0.5356908440589905, 0.6795464158058167),
            ["LeftLowerLeg"] = CFrame.new(-3.725290298461914e-09, -0.0007266998291015625, 0.0000809207558631897, 1, 1.6763804566721774e-08, 5.1921240640240285e-08, -7.82310962677002e-08, 0.3834729492664337, 0.9235520362854004, 1.1734664440155029e-07, -0.9235521554946899, 0.38347315788269043),
        }},
        {Time = 0.067, Data = {
            ["RightFoot"] = CFrame.new(1.0803341865539551e-07, 5.960464477539063e-08, -1.3205863069742918e-08, 0.9870545864105225, 0.1546030044555664, 0.042675867676734924, -0.12275584787130356, 0.8994849920272827, -0.4193538427352905, -0.10321968048810959, 0.40868642926216125, 0.9068192839622498),
            ["LeftLowerArm"] = CFrame.new(0.000001430511474609375, -5.364418029785156e-07, 0.000004976987838745117, 1, 1.527369164477932e-07, -1.862645593320167e-09, -9.685756197086448e-08, 0.8895556926727295, -0.45682695508003235, -1.7136336794010276e-07, 0.4568268954753876, 0.8895556926727295),
            ["RightUpperArm"] = CFrame.new(-0.03234010934829712, -0.0030258893966674805, -0.011866485700011253, 0.9948962330818176, -0.0943368449807167, 0.035806380212306976, 0.06389331072568893, 0.31432855129241943, -0.9471616744995117, 0.07809722423553467, 0.9446154236793518, 0.31875181198120117),
            ["Head"] = CFrame.new(-3.725290298461914e-09, -9.5367431640625e-07, 2.7939677238464355e-09, 0.9863777756690979, -0.06511712819337845, 0.1510584056377411, 0.023872513324022293, 0.9652560949325562, 0.26021304726600647, -0.16275443136692047, -0.2530623972415924, 0.9536616206169128),
            ["RightHand"] = CFrame.new(1.341104507446289e-07, 0.0000014901161193847656, -5.960464477539062e-07, 0.8393727540969849, -0.4484911561012268, 0.3070967197418213, 0.511189341545105, 0.8433802723884583, -0.16551630198955536, -0.18476693332195282, 0.2959147095680237, 0.9371744394302368),
            ["UpperTorso"] = CFrame.new(-1.257285475730896e-08, 1.1920928955078125e-07, -2.60770320892334e-08, 0.9866832494735718, 0.017561616376042366, 0.16170300543308258, -0.004319953732192516, 0.9966329336166382, -0.08187902718782425, -0.16259640455245972, 0.08009012043476105, 0.9834368824958801),
            ["HumanoidRootPart"] = CFrame.new(0, 0, 0, 1, 0, 0, 0, 1, 0, 0, 0, 1),
            ["RightUpperLeg"] = CFrame.new(-5.960464477539063e-08, 2.039596438407898e-07, 1.3205863069742918e-08, 0.9746755957603455, -0.21818090975284576, -0.04903612285852432, 0.16034147143363953, 0.834699273109436, -0.5268471240997314, 0.15587830543518066, 0.505642294883728, 0.8485444784164429),
            ["LeftUpperArm"] = CFrame.new(0.02877664566040039, 0.012850522994995117, -0.011989966966211796, 0.8347498178482056, 0.3355070650577545, -0.4366094768047333, -0.18685317039489746, 0.9184768199920654, 0.34854888916015625, 0.5179561972618103, -0.20936928689479828, 0.8293889164924622),
            ["RightLowerArm"] = CFrame.new(5.662441253662109e-07, 5.960464477539062e-07, -0.0000037103891372680664, 1, -0.000008936971426010132, 0.000017346819731756113, 0.00001900363713502884, 0.24788859486579895, -0.9687886238098145, 0.000004343688488006592, 0.9687885642051697, 0.24788862466812134),
            ["LeftHand"] = CFrame.new(-0.0000013113021850585938, -0.0000011920928955078125, 7.450580596923828e-08, 0.9390844106674194, -0.0977725088596344, 0.3294856548309326, 0.12433487176895142, 0.9903953671455383, -0.06048017740249634, -0.32040804624557495, 0.09776276350021362, 0.9422215223312378),
            ["LeftFoot"] = CFrame.new(-7.450580596923828e-09, -1.7881393432617188e-07, 3.725290298461914e-08, 0.9999551177024841, -0.0034608866553753614, 0.008827761746942997, 0.007506044115871191, 0.8577850461006165, -0.5139538049697876, -0.0057935151271522045, 0.5139970183372498, 0.8577725291252136),
            ["LowerTorso"] = CFrame.new(-0.11549030244350433, -0.23555588722229004, 0.10934048891067505, 0.9319893717765808, 0.027329472824931145, -0.36145392060279846, 0.0022444194182753563, 0.9966996312141418, 0.08114738762378693, 0.36247867345809937, -0.0764397606253624, 0.9288520812988281),
            ["RightLowerLeg"] = CFrame.new(-4.7264620661735535e-08, -0.0007264614105224609, 0.0000460667724837549, 1, 7.450581307466564e-08, 1.266598843585598e-07, -7.450579175838357e-08, 0.4353412985801697, 0.9002654552459717, 1.1920926112907182e-07, -0.9002655744552612, 0.43534141778945923),
            ["LeftUpperLeg"] = CFrame.new(-5.960464477539063e-08, 1.341104507446289e-07, -4.842877388000488e-08, 0.8546841144561768, 0.25650373101234436, 0.4513545632362366, 0.035079143941402435, 0.8388921618461609, -0.5431662201881409, -0.5179620385169983, 0.4800686538219452, 0.7079898118972778),
            ["LeftLowerLeg"] = CFrame.new(-9.033828973770142e-08, -0.0007266998291015625, 0.00008098036050796509, 1, 8.661300654466686e-08, 2.7241188860216425e-08, -7.171183824539185e-08, 0.5012252330780029, 0.8653168678283691, 5.052424967288971e-08, -0.8653169274330139, 0.5012252330780029),
        }},
        {Time = 0.100, Data = {
            ["RightFoot"] = CFrame.new(2.384185791015625e-07, -2.384185791015625e-07, 1.6952981241047382e-09, 0.9943476319313049, 0.10439155250787735, 0.019368933513760567, -0.09121907502412796, 0.9333121180534363, -0.3472864329814911, -0.05433085560798645, 0.34355664253234863, 0.9375591278076172),
            ["LeftLowerArm"] = CFrame.new(0.0000014603137969970703, 2.980232238769531e-07, 0.000004932284355163574, 1, 1.3783574104309082e-07, 5.587936335871291e-09, -1.266598985694145e-07, 0.8534677028656006, -0.5211457014083862, -1.1920931797249068e-07, 0.521145761013031, 0.8534677624702454),
            ["RightUpperArm"] = CFrame.new(-0.030581355094909668, -0.00585174560546875, -0.011874374933540821, 0.9991582632064819, -0.03321182727813721, 0.024079354479908943, 0.030683519318699837, 0.21544842422008514, -0.976033091545105, 0.027228020131587982, 0.975950300693512, 0.21628601849079132),
            ["Head"] = CFrame.new(1.862645149230957e-09, -9.5367431640625e-07, -3.725290298461914e-09, 0.9942459464073181, -0.04381175339221954, 0.09775250405073166, 0.025415116921067238, 0.9829598665237427, 0.18205486238002777, -0.10406295210123062, -0.17852294445037842, 0.9784173965454102),
            ["RightHand"] = CFrame.new(2.4586915969848633e-07, 8.940696716308594e-07, -6.258487701416016e-07, 0.8388168215751648, -0.4431902766227722, 0.3161773681640625, 0.5121399760246277, 0.839364767074585, -0.18215373158454895, -0.18465954065322876, 0.3147208094596863, 0.9310488104820251),
            ["UpperTorso"] = CFrame.new(-2.2351741790771484e-08, 5.960464477539063e-08, 1.1175870895385742e-08, 0.9738457202911377, -0.011977743357419968, 0.22689461708068848, 0.03480721265077591, 0.9946867227554321, -0.09688522666692734, -0.22452864050865173, 0.10224877297878265, 0.9690883159637451),
            ["HumanoidRootPart"] = CFrame.new(0, 0, 0, 1, 0, 0, 0, 1, 0, 0, 0, 1),
            ["RightUpperLeg"] = CFrame.new(-8.940696716308594e-08, 1.695007085800171e-07, -1.6952981241047382e-09, 0.9230367541313171, -0.32409900426864624, -0.20727576315402985, 0.12314903736114502, 0.759349524974823, -0.6389232873916626, 0.3644687831401825, 0.5642236471176147, 0.7408196926116943),
            ["LeftUpperArm"] = CFrame.new(0.03064507246017456, 0.015465497970581055, -0.011907394975423813, 0.7962626218795776, 0.39907148480415344, -0.4546512961387634, -0.2072129100561142, 0.8860088586807251, 0.41479066014289856, 0.5683562159538269, -0.2360725849866867, 0.7881884574890137),
            ["RightLowerArm"] = CFrame.new(5.960464477539063e-08, 9.5367431640625e-07, -0.000003976747393608093, 1, -0.000008217992217396386, 0.000017696997019811533, 0.00001899269591376651, 0.20737095177173615, -0.9782624840736389, 0.00000435859010394779, 0.9782624244689941, 0.20737093687057495),
            ["LeftHand"] = CFrame.new(-0.000001430511474609375, -0.0000010728836059570312, 1.6391277313232422e-07, 0.9200050234794617, -0.2382817268371582, 0.31114670634269714, 0.24984902143478394, 0.9682809114456177, 0.002768633421510458, -0.3019373118877411, 0.0751926526427269, 0.9503579139709473),
            ["LeftFoot"] = CFrame.new(-3.6030542105436325e-08, -1.1920928955078125e-07, 0, 0.9999945163726807, -0.0014719304163008928, 0.0029719287995249033, 0.002700067823752761, 0.8816708326339722, -0.47185736894607544, -0.001925645861774683, 0.4718627333641052, 0.8816699981689453),
            ["LowerTorso"] = CFrame.new(-0.12435702979564667, -0.19476044178009033, 0.09017974138259888, 0.929104208946228, 0.061170995235443115, -0.36472392082214355, -0.025553524494171143, 0.9944870471954346, 0.10169851034879684, 0.36893418431282043, -0.08516853302717209, 0.9255452156066895),
            ["RightLowerLeg"] = CFrame.new(-2.0489096641540527e-08, -0.000726163387298584, 0.00004599506064550951, 1, 1.6391281576488836e-07, 7.450583261459087e-09, -1.1175875158642157e-07, 0.3143366277217865, 0.9493116140365601, 4.4703497792397684e-08, -0.9493116140365601, 0.31433674693107605),
            ["LeftUpperLeg"] = CFrame.new(8.940696716308594e-08, -7.12461769580841e-08, -7.450580596923828e-09, 0.8477493524551392, 0.19532352685928345, 0.493122398853302, 0.0723264068365097, 0.8784674406051636, -0.4722965955734253, -0.5254426598548889, 0.4360547959804535, 0.7305930256843567),
            ["LeftLowerLeg"] = CFrame.new(1.6065314412117004e-08, -0.0007262825965881348, 0.00008108466863632202, 1, 7.846392691135406e-08, 3.306194784613581e-08, -5.098991096019745e-08, 0.6108608841896057, 0.7917381525039673, 4.0046870708465576e-08, -0.7917380332946777, 0.6108606457710266),
        }},
        {Time = 0.133, Data = {
            ["RightFoot"] = CFrame.new(7.82310962677002e-08, -1.7881393432617188e-07, -7.281050784513354e-08, 0.9909173250198364, 0.1155572459101677, -0.06877116113901138, -0.12402491271495819, 0.9830131530761719, -0.1352887749671936, 0.05196960270404816, 0.1425892859697342, 0.9884167313575745),
            ["LeftLowerArm"] = CFrame.new(0.0000014007091522216797, 5.960464477539063e-08, 0.000004902482032775879, 1, 1.564622067462551e-07, 2.2351745343485163e-08, -8.940698137394065e-08, 0.7944905757904053, -0.6072766780853271, -1.1920930376163597e-07, 0.6072766184806824, 0.7944905161857605),
            ["RightUpperArm"] = CFrame.new(-0.0297544002532959, 0.0010733604431152344, -0.011726317927241325, 0.9968577027320862, 0.06986057758331299, 0.03733948990702629, 0.028403455391526222, 0.12479493021965027, -0.9917759895324707, -0.0739457905292511, 0.9897201061248779, 0.12241851538419724),
            ["Head"] = CFrame.new(-8.149072527885437e-09, -9.5367431640625e-07, -3.725290298461914e-09, 0.9992530345916748, -0.03789279982447624, 0.007592498790472746, 0.03681560978293419, 0.9931197762489319, 0.11116541922092438, -0.011752643622457981, -0.11080300807952881, 0.9937729239463806),
            ["RightHand"] = CFrame.new(8.568167686462402e-08, 5.364418029785156e-07, -6.742775440216064e-07, 0.8484227061271667, -0.42698103189468384, 0.31283465027809143, 0.5020307898521423, 0.8364225029945374, -0.2199161946773529, -0.16776205599308014, 0.34363454580307007, 0.9239975810050964),
            ["UpperTorso"] = CFrame.new(1.210719347000122e-08, -1.4901161193847656e-07, 3.5390257835388184e-08, 0.9499931335449219, -0.005237187724560499, 0.31222695112228394, 0.04790849983692169, 0.9904665946960449, -0.12915445864200592, -0.3085738718509674, 0.13765425980091095, 0.94118732213974),
            ["HumanoidRootPart"] = CFrame.new(0, 0, 0, 1, 0, 0, 0, 1, 0, 0, 0, 1),
            ["RightUpperLeg"] = CFrame.new(8.940696716308594e-08, -2.0675361156463623e-07, 5.75528247281909e-09, 0.8610659837722778, -0.41532498598098755, -0.2933778464794159, 0.07181616127490997, 0.6705012917518616, -0.7384244799613953, 0.503396213054657, 0.6147627830505371, 0.6071727275848389),
            ["LeftUpperArm"] = CFrame.new(0.03124922513961792, 0.007660508155822754, -0.011687731370329857, 0.751338541507721, 0.46774962544441223, -0.46551135182380676, -0.23989491164684296, 0.8507423996925354, 0.4676409363746643, 0.6147688627243042, -0.23968280851840973, 0.751406192779541),
            ["RightLowerArm"] = CFrame.new(3.5762786865234375e-07, 3.5762786865234375e-07, -0.0000039208680391311646, 1, -0.00000765221193432808, 0.00001791794966266025, 0.000018989665477420203, 0.17688629031181335, -0.9842313528060913, 0.000004360219008958666, 0.9842312932014465, 0.17688636481761932),
            ["LeftHand"] = CFrame.new(-0.0000012516975402832031, -0.0000010728836059570312, 1.1920928955078125e-07, 0.9052319526672363, -0.32378873229026794, 0.2751646041870117, 0.32185736298561096, 0.9452768564224243, 0.053476087749004364, -0.27742189168930054, 0.04015561565756798, 0.9599087238311768),
            ["LeftFoot"] = CFrame.new(3.68745531886816e-08, -1.1920928955078125e-07, 1.862645149230957e-09, 0.9999955892562866, 0.0014531424967572093, -0.002621713327243924, -0.0024704255629330873, 0.89487624168396, -0.44630780816078186, 0.0016974941827356815, 0.44631218910217285, 0.8948758244514465),
            ["LowerTorso"] = CFrame.new(-0.1323368102312088, -0.16385316848754883, 0.07103750109672546, 0.9304975867271423, 0.07061707228422165, -0.3594265878200531, -0.024307843297719955, 0.9909822344779968, 0.13177062571048737, 0.365490585565567, -0.1138753741979599, 0.9238230586051941),
            ["RightLowerLeg"] = CFrame.new(1.1175870895385742e-08, -0.000726163387298584, 0.00004610588803188875, 1, 1.192093321833454e-07, 5.215410681103094e-08, -5.2154071283894154e-08, 0.18734022974967957, 0.9822950959205627, 1.4156104555240745e-07, -0.9822951555252075, 0.18734051287174225),
            ["LeftUpperLeg"] = CFrame.new(-5.960464477539063e-08, 1.6763806343078613e-08, 2.2351741790771484e-08, 0.8467036485671997, 0.1671997457742691, 0.5051111578941345, 0.09023293852806091, 0.8904662132263184, -0.4460134208202362, -0.5243576169013977, 0.42321881651878357, 0.738874077796936),
            ["LeftLowerLeg"] = CFrame.new(-1.176958903670311e-07, -0.0007264614105224609, 0.00008096545934677124, 1, 7.853672201463269e-08, 2.585148628497791e-08, -6.132178498319263e-08, 0.6751934885978699, 0.7376407384872437, 8.075587487610392e-08, -0.7376406788825989, 0.6751934885978699),
        }},
        {Time = 0.167, Data = {
            ["RightFoot"] = CFrame.new(2.1606683731079102e-07, 0, 9.145878721028566e-09, 0.991229772567749, 0.09833741188049316, -0.08828046917915344, -0.09592221677303314, 0.994899570941925, 0.031209059059619904, 0.09089933335781097, -0.022467123344540596, 0.9956066608428955),
            ["LeftLowerArm"] = CFrame.new(0.0000015795230865478516, -7.748603820800781e-07, 0.000004604458808898926, 1, 1.6391277313232422e-07, 2.9802322387695312e-08, -4.4703490686970326e-08, 0.7107557654380798, -0.7034388780593872, -8.940698137394065e-08, 0.7034388780593872, 0.7107557654380798),
            ["RightUpperArm"] = CFrame.new(-0.030283331871032715, 0.013260841369628906, -0.01275937631726265, 0.9807053804397583, 0.13749586045742035, 0.13896693289279938, 0.12754105031490326, 0.08872460573911667, -0.9878569841384888, -0.1481560468673706, 0.9865206480026245, 0.06947632879018784),
            ["Head"] = CFrame.new(-3.14321368932724e-09, -8.344650268554688e-07, 4.190951585769653e-09, 0.9938722848892212, -0.04695318266749382, -0.10006638616323471, 0.05152098089456558, 0.9977213740348816, 0.043561771512031555, 0.09779301285743713, -0.04845048114657402, 0.994026780128479),
            ["RightHand"] = CFrame.new(3.2782554626464844e-07, 5.960464477539062e-07, -6.109476089477539e-07, 0.8699365854263306, -0.39909887313842773, 0.28970688581466675, 0.47533392906188965, 0.8350854516029358, -0.276929646730423, -0.1314077526330948, 0.37861892580986023, 0.9161768555641174),
            ["UpperTorso"] = CFrame.new(4.0279701352119446e-08, 5.960464477539063e-08, -9.033828973770142e-08, 0.9157217741012573, 0.014564178884029388, 0.4015490710735321, 0.058178771287202835, 0.9840063452720642, -0.1683649718761444, -0.3975788950920105, 0.17753705382347107, 0.9002286195755005),
            ["HumanoidRootPart"] = CFrame.new(0, 0, 0, 1, 0, 0, 0, 1, 0, 0, 0, 1),
            ["RightUpperLeg"] = CFrame.new(0, 2.3096799850463867e-07, -2.4047039914876223e-08, 0.8094147443771362, -0.48882976174354553, -0.32541269063949585, 0.0013477500760927796, 0.5556865334510803, -0.8313909769058228, 0.5872359275817871, 0.6725013256072998, 0.4504395127296448),
            ["LeftUpperArm"] = CFrame.new(0.030913889408111572, -0.006752729415893555, -0.012976650148630142, 0.6936194896697998, 0.5478082895278931, -0.46775832772254944, -0.29152339696884155, 0.8072779774665833, 0.5131436586380005, 0.6587154865264893, -0.2195640206336975, 0.7196428179740906),
            ["RightLowerArm"] = CFrame.new(3.5762786865234375e-07, 5.960464477539062e-07, -0.0000037550926208496094, 1, -0.000007241964340209961, 0.00001808815068216063, 0.000019009692550753243, 0.15512023866176605, -0.9878956079483032, 0.0000043706972974177916, 0.987895667552948, 0.15512017905712128),
            ["LeftHand"] = CFrame.new(-0.0000015497207641601562, -0.000001430511474609375, 3.5762786865234375e-07, 0.9035875797271729, -0.3592277467250824, 0.23341943323612213, 0.34701940417289734, 0.9332453608512878, 0.09290299564599991, -0.2512111961841583, -0.002944782841950655, 0.967927873134613),
            ["LeftFoot"] = CFrame.new(-3.9173755794763565e-08, 0, -1.4901161193847656e-08, 0.9999604225158691, 0.005267818458378315, -0.007177506107836962, -0.007869528606534004, 0.899998128414154, -0.43582284450531006, 0.004163976758718491, 0.43586209416389465, 0.9000038504600525),
            ["LowerTorso"] = CFrame.new(-0.13938191533088684, -0.14446616172790527, 0.05188345909118652, 0.9356087446212769, 0.07021607458591461, -0.3459855020046234, -0.01273446436971426, 0.986096203327179, 0.16568706929683685, 0.3528088629245758, -0.15061232447624207, 0.9234943389892578),
            ["RightLowerLeg"] = CFrame.new(0, -0.0007262825965881348, 0.00004615431680576876, 1, 2.086162567138672e-07, 1.3038520307873114e-07, -3.725289943190546e-08, 0.06687778234481812, 0.9977611899375916, 8.940695295223122e-08, -0.9977612495422363, 0.06687796860933304),
            ["LeftUpperLeg"] = CFrame.new(-2.9802322387695312e-08, 1.1734664440155029e-07, -5.960464477539063e-08, 0.8516348600387573, 0.15680451691150665, 0.5001302361488342, 0.10101352632045746, 0.8872094750404358, -0.4501727521419525, -0.5143095254898071, 0.43390288949012756, 0.7397393584251404),
            ["LeftLowerLeg"] = CFrame.new(-2.7939677238464355e-09, -0.0007267594337463379, 0.00008106976747512817, 1, 5.1921244192953964e-08, 7.264318924171675e-08, -4.6566135836201283e-08, 0.7060788869857788, 0.708133339881897, 1.7811546015877866e-08, -0.7081332802772522, 0.7060787081718445),
        }},
        {Time = 0.200, Data = {
            ["RightFoot"] = CFrame.new(1.30385160446167e-07, -1.1920928955078125e-07, 2.4047039914876223e-08, 0.9938469529151917, 0.06864387542009354, -0.08692712336778641, -0.055345259606838226, 0.9875731468200684, 0.1470920890569687, 0.09594409167766571, -0.14137639105319977, 0.9852957725524902),
            ["LeftLowerArm"] = CFrame.new(0.0000014007091522216797, -3.5762786865234375e-07, 0.000004727393388748169, 1, 8.940696716308594e-08, 3.725290653733282e-08, -8.940698137394065e-08, 0.5616654753684998, -0.827364444732666, -5.960465188081798e-08, 0.8273645043373108, 0.5616654753684998),
            ["RightUpperArm"] = CFrame.new(-0.03262138366699219, 0.026731252670288086, -0.015177331864833832, 0.9413316249847412, 0.21075500547885895, 0.26358479261398315, 0.2399643063545227, 0.13119401037693024, -0.9618759155273438, -0.237301304936409, 0.9686952233314514, 0.07292327284812927),
            ["Head"] = CFrame.new(1.0826624929904938e-08, -8.344650268554688e-07, -7.450580596923828e-09, 0.9759951233863831, -0.06116394326090813, -0.20902784168720245, 0.06334390491247177, 0.9979847073554993, 0.0037445728667080402, 0.208377406001091, -0.01689538173377514, 0.9779025316238403),
            ["RightHand"] = CFrame.new(1.7881393432617188e-07, 9.5367431640625e-07, -7.748603820800781e-07, 0.8906136155128479, -0.3736390471458435, 0.2592310607433319, 0.44234585762023926, 0.8440542221069336, -0.30315500497817993, -0.10553468018770218, 0.38466382026672363, 0.9170040488243103),
            ["UpperTorso"] = CFrame.new(-6.984919309616089e-09, 5.960464477539063e-08, -1.862645149230957e-08, 0.8762921094894409, 0.03106098808348179, 0.48077818751335144, 0.07480404525995255, 0.9770457744598389, -0.19946448504924774, -0.47593751549720764, 0.2107531726360321, 0.8538538217544556),
            ["HumanoidRootPart"] = CFrame.new(0, 0, 0, 1, 0, 0, 0, 1, 0, 0, 0, 1),
            ["RightUpperLeg"] = CFrame.new(2.9802322387695312e-08, -7.450580596923828e-09, -1.6952981241047382e-09, 0.8039358854293823, -0.5217717289924622, -0.28537940979003906, -0.046432096511125565, 0.42332565784454346, -0.9047871828079224, 0.5929006338119507, 0.7406414747238159, 0.31609925627708435),
            ["LeftUpperArm"] = CFrame.new(0.029716014862060547, -0.023302912712097168, -0.015623688697814941, 0.5973511338233948, 0.6644718050956726, -0.44905316829681396, -0.3830985724925995, 0.7283380627632141, 0.5681189894676208, 0.7045615911483765, -0.1673351675271988, 0.6896319389343262),
            ["RightLowerArm"] = CFrame.new(2.086162567138672e-07, 4.172325134277344e-07, -0.000004338100552558899, 1, -0.00000667199583403999, 0.000018317259673494846, 0.000018967315554618835, 0.12645889818668365, -0.9919719099998474, 0.000004363479092717171, 0.9919718503952026, 0.12645894289016724),
            ["LeftHand"] = CFrame.new(-0.0000011175870895385742, -0.0000012516975402832031, 1.341104507446289e-07, 0.9037530422210693, -0.3755967617034912, 0.20532266795635223, 0.3514217436313629, 0.9249045252799988, 0.14510266482830048, -0.24440418183803558, -0.05898206681013107, 0.9678781032562256),
            ["LeftFoot"] = CFrame.new(1.4668330550193787e-08, 0, -3.3527612686157227e-08, 0.9998965859413147, 0.009829061105847359, -0.010502200573682785, -0.01340455561876297, 0.9015510082244873, -0.43246492743492126, 0.0052174050360918045, 0.43256115913391113, 0.9015896916389465),
            ["LowerTorso"] = CFrame.new(-0.14504468441009521, -0.13439249992370605, 0.03435570001602173, 0.9437163472175598, 0.06713417917490005, -0.32387104630470276, -0.0031098027247935534, 0.9809423089027405, 0.19427479803562164, 0.3307412564754486, -0.18233312666416168, 0.9259399771690369),
            ["RightLowerLeg"] = CFrame.new(-1.4901161193847656e-07, -0.0007264018058776855, 0.00004603883280651644, 1, 1.0430815677864302e-07, 1.415610881849716e-07, -9.313225746154785e-08, -0.038276128470897675, 0.9992672801017761, 1.4156103134155273e-07, -0.9992672204971313, -0.038276076316833496),
            ["LeftUpperLeg"] = CFrame.new(-2.9802322387695312e-08, -1.2665987014770508e-07, -1.4901161193847656e-08, 0.8620927929878235, 0.14931774139404297, 0.484252393245697, 0.10900767147541046, 0.8785890340805054, -0.4649718403816223, -0.49488723278045654, 0.4536358714103699, 0.7411483526229858),
            ["LeftLowerLeg"] = CFrame.new(-5.4016709327697754e-08, -0.0007266998291015625, 0.00008094310760498047, 1, 5.7276324127997214e-08, 3.4924592107188346e-09, -7.636842980218717e-08, 0.7190740704536438, 0.6949332356452942, 3.0267976569575694e-08, -0.6949333548545837, 0.7190743088722229),
        }},
        {Time = 0.233, Data = {
            ["RightFoot"] = CFrame.new(1.7881393432617188e-07, 0, 3.149762051180005e-08, 0.993230402469635, 0.08001600950956345, -0.08420733362436295, -0.06150123476982117, 0.977211594581604, 0.2031625211238861, 0.09854491055011749, -0.19660840928554535, 0.9755174517631531),
            ["LeftLowerArm"] = CFrame.new(0.0000010728836059570312, -2.384185791015625e-07, 0.000005111098289489746, 1, 6.70552182668871e-08, 4.4703490686970326e-08, -5.960465188081798e-08, 0.41651299595832825, -0.9091298580169678, -7.450581307466564e-08, 0.909129798412323, 0.41651302576065063),
            ["RightUpperArm"] = CFrame.new(-0.037912607192993164, 0.03911232948303223, -0.014040112495422363, 0.9004127383232117, 0.2991687059402466, 0.3158397376537323, 0.25603148341178894, 0.2225417196750641, -0.9407035708427429, -0.35171687602996826, 0.9278864860534668, 0.12378279864788055),
            ["Head"] = CFrame.new(-1.7229467630386353e-08, -8.344650268554688e-07, -2.1886080503463745e-08, 0.9503849148750305, -0.06485041975975037, -0.3042415976524353, 0.0676296055316925, 0.9977095127105713, -0.0014058476081117988, 0.3036360442638397, -0.01923973113298416, 0.952593982219696),
            ["RightHand"] = CFrame.new(2.384185791015625e-07, 8.344650268554688e-07, -6.854534149169922e-07, 0.9114662408828735, -0.35413992404937744, 0.20931801199913025, 0.4093879759311676, 0.8308146595954895, -0.3770260512828827, -0.04038459435105324, 0.4293389320373535, 0.9022402763366699),
            ["UpperTorso"] = CFrame.new(2.421438694000244e-08, 5.066394805908203e-07, 1.1175870895385742e-08, 0.8414596915245056, 0.02922707051038742, 0.5395288467407227, 0.1034737154841423, 0.9713382720947266, -0.21399837732315063, -0.5303193926811218, 0.2358980029821396, 0.8143176436424255),
            ["HumanoidRootPart"] = CFrame.new(0, 0, 0, 1, 0, 0, 0, 1, 0, 0, 0, 1),
            ["RightUpperLeg"] = CFrame.new(5.960464477539063e-08, 2.8312206268310547e-07, 1.3205863069742918e-08, 0.8366199731826782, -0.5155768990516663, -0.1850612312555313, -0.03223177790641785, 0.2909185290336609, -0.9562047719955444, 0.5468347668647766, 0.8059447407722473, 0.2267700433731079),
            ["LeftUpperArm"] = CFrame.new(0.026376843452453613, -0.03896665573120117, -0.014641031622886658, 0.5283780694007874, 0.7459489107131958, -0.4054338037967682, -0.5199494957923889, 0.6618184447288513, 0.540045440196991, 0.6711701154708862, -0.07454322278499603, 0.7375461459159851),
            ["RightLowerArm"] = CFrame.new(3.5762786865234375e-07, 5.960464477539062e-07, -0.000004309695214033127, 1, -0.000007353721230174415, 0.00001805275860533584, 0.000018954275219584815, 0.1597503274679184, -0.9871575236320496, 0.000004357890702522127, 0.9871574640274048, 0.1597503274679184),
            ["LeftHand"] = CFrame.new(-0.0000016242265701293945, -0.0000012516975402832031, 1.7881393432617188e-07, 0.9157702326774597, -0.36156389117240906, 0.17503239214420319, 0.33606085181236267, 0.9282765984535217, 0.15926724672317505, -0.2200639694929123, -0.0870305672287941, 0.9715954065322876),
            ["LeftFoot"] = CFrame.new(-8.521601557731628e-08, -1.1920928955078125e-07, -2.421438694000244e-08, 0.9998095035552979, 0.014570197090506554, -0.012985684908926487, -0.01871776580810547, 0.9042863249778748, -0.426516056060791, 0.005528267938643694, 0.426677942276001, 0.9043868184089661),
            ["LowerTorso"] = CFrame.new(-0.14887791872024536, -0.1313265562057495, 0.019618764519691467, 0.9535661935806274, 0.07040656358003616, -0.2928386926651001, -0.007406748365610838, 0.9774806499481201, 0.2108951061964035, 0.3010925352573395, -0.1989334374666214, 0.9326139688491821),
            ["RightLowerLeg"] = CFrame.new(1.4901161193847656e-08, -0.0007263422012329102, 0.000046247449063230306, 1, 1.8626455755565985e-07, 8.195645762043569e-08, -7.4505820180093e-08, -0.13122214376926422, 0.9913530349731445, 1.5646223516796454e-07, -0.9913530349731445, -0.13122199475765228),
            ["LeftUpperLeg"] = CFrame.new(-1.1920928955078125e-07, 1.7881393432617188e-07, -5.21540641784668e-08, 0.8761653900146484, 0.1288081556558609, 0.4644811153411865, 0.12047231942415237, 0.8745289444923401, -0.4697719216346741, -0.46671247482299805, 0.46755489706993103, 0.7507140636444092),
            ["LeftLowerLeg"] = CFrame.new(-9.313225746154785e-09, -0.0007263422012329102, 0.00008101016283035278, 1, 7.82310962677002e-08, 1.0244549208948683e-08, -4.749745841081676e-08, 0.7302926778793335, 0.6831345558166504, -2.7939681679356454e-09, -0.6831344366073608, 0.7302924990653992),
        }},
        {Time = 0.267, Data = {
            ["RightFoot"] = CFrame.new(2.0302832126617432e-07, -5.960464477539063e-08, -3.183231456205249e-08, 0.997016429901123, 0.07080413401126862, -0.030743654817342758, -0.06300632655620575, 0.9765666127204895, 0.2057858258485794, 0.044593796133995056, -0.20323479175567627, 0.9781140685081482),
            ["LeftLowerArm"] = CFrame.new(0.0000011026859283447266, 0, 0.00000502169132232666, 1, 1.1920928955078125e-07, -5.960465188081798e-08, -9.685756197086448e-08, 0.33236002922058105, -0.943152666091919, -1.0430814256778831e-07, 0.943152666091919, 0.3323599100112915),
            ["RightUpperArm"] = CFrame.new(-0.04301184415817261, 0.04631185531616211, -0.012862831354141235, 0.8629313111305237, 0.34747636318206787, 0.36689257621765137, 0.2486925572156906, 0.34001070261001587, -0.9069423675537109, -0.43988820910453796, 0.8738723993301392, 0.20699116587638855),
            ["Head"] = CFrame.new(-4.190951585769653e-09, -4.76837158203125e-07, 1.7695128917694092e-08, 0.9274258017539978, -0.060763806104660034, -0.36903825402259827, 0.06011717766523361, 0.9981033205986023, -0.013262198306620121, 0.3691440522670746, -0.0098859379068017, 0.9293196201324463),
            ["RightHand"] = CFrame.new(3.725290298461914e-07, 0.0000010132789611816406, -8.493661880493164e-07, 0.9276059865951538, -0.3481055200099945, 0.13553406298160553, 0.3710286319255829, 0.8163738250732422, -0.4425739049911499, 0.04341600090265274, 0.4608214497566223, 0.8864304423332214),
            ["UpperTorso"] = CFrame.new(6.891787052154541e-08, 8.940696716308594e-08, -3.91155481338501e-08, 0.828382134437561, 0.011288897134363651, 0.5600495338439941, 0.13210923969745636, 0.9676572680473328, -0.21491076052188873, -0.5443621277809143, 0.2520159184932709, 0.8000987768173218),
            ["HumanoidRootPart"] = CFrame.new(0, 0, 0, 1, 0, 0, 0, 1, 0, 0, 0, 1),
            ["RightUpperLeg"] = CFrame.new(1.1920928955078125e-07, -2.1420419216156006e-07, -1.6596459317952394e-08, 0.8573769330978394, -0.5069475769996643, -0.08893280476331711, 0.011684597469866276, 0.19191673398017883, -0.9813416600227356, 0.5145565271377563, 0.8403404951095581, 0.17046821117401123),
            ["LeftUpperArm"] = CFrame.new(0.02278989553451538, -0.04790985584259033, -0.013144820928573608, 0.5461955070495605, 0.7624285221099854, -0.34694910049438477, -0.6424340009689331, 0.6470709443092346, 0.4105817377567291, 0.5375399589538574, -0.0013658310053870082, 0.8432372212409973),
            ["RightLowerArm"] = CFrame.new(5.066394805908203e-07, 7.152557373046875e-07, -0.00000426173210144043, 1, -0.000007957217349030543, 0.00001788139525160659, 0.000019013879864360206, 0.19024232029914856, -0.9817372560501099, 0.000004371627710497705, 0.9817371964454651, 0.19024232029914856),
            ["LeftHand"] = CFrame.new(-0.0000015869736671447754, -0.0000010728836059570312, -2.9802322387695312e-08, 0.9490683674812317, -0.29412293434143066, 0.11296343058347702, 0.28399816155433655, 0.9538525342941284, 0.09752226620912552, -0.13643410801887512, -0.0604737251996994, 0.9888017177581787),
            ["LeftFoot"] = CFrame.new(-3.5157427191734314e-08, 0, 2.0489096641540527e-08, 0.9995855689048767, 0.0197007954120636, -0.02099124900996685, -0.0266819279640913, 0.9077795147895813, -0.4185980260372162, 0.010808715596795082, 0.4189847707748413, 0.907929003238678),
