return {
    ["Like You"] = {
        {Time = 0.000, Data = {
            ["LeftFoot"] = CFrame.new(-5.2852556109428406e-08, -5.960464477539063e-08, -2.0954757928848267e-08, 0.9728579521179199, -0.19239889085292816, -0.12858368456363678, 0.17732097208499908, 0.9769340753555298, -0.1194792315363884, 0.1486767679452896, 0.09264242649078369, 0.9844749569892883),
            ["LeftLowerArm"] = CFrame.new(7.450580596923828e-08, 4.76837158203125e-07, -1.1920928955078125e-07, 0.9999932050704956, -0.002956689102575183, -0.0022156762424856424, -0.0014262781478464603, 0.2443089336156845, -0.9696965217590332, 0.003408420830965042, 0.9696930646896362, 0.24430306255817413),
            ["LowerTorso"] = CFrame.new(-0.0552554689347744, -0.03173339366912842, 0.008492302149534225, 0.9837906360626221, -0.07977695763111115, 0.1605978161096573, 0.07885627448558807, 0.9968124628067017, 0.01210849080234766, -0.16105186939239502, 0.0007518461206927896, 0.9869457483291626),
            ["Head"] = CFrame.new(4.6566128730773926e-09, 3.5762786865234375e-07, 1.4901161193847656e-08, 0.9949020743370056, -0.09165577590465546, -0.04206060245633125, 0.09281213581562042, 0.9953333139419556, 0.02641284093260765, 0.039443422108888626, -0.03018200397491455, 0.9987659454345703),
            ["RightUpperArm"] = CFrame.new(1.1920928955078125e-07, -1.1920928955078125e-07, 1.4901161193847656e-08, 0.37429341673851013, -0.6603171229362488, -0.6487259864807129, 0.002441498450934887, 0.7011234760284424, -0.7121996283531189, 0.92730712890625, 0.26908552646636963, 0.2681906819343567),
            ["UpperTorso"] = CFrame.new(2.468004822731018e-08, -0.000011593103408813477, 0.0007418179884552956, 0.9624189734458923, 0.24000762403011322, -0.12706807255744934, -0.246195450425148, 0.9685797691345215, -0.0352296307682991, 0.11462017148733139, 0.06518936902284622, 0.9912682771682739),
            ["HumanoidRootPart"] = CFrame.new(0, 0, 0, 1, 0, 0, 0, 1, 0, 0, 0, 1),
            ["RightHand"] = CFrame.new(0, 5.364418029785156e-07, 4.190951585769653e-09, 0.27548831701278687, 0.04999229684472084, 0.9600037336349487, 0.35165590047836304, 0.9241889119148254, -0.14904040098190308, -0.8946755528450012, 0.37864989042282104, 0.23702314496040344),
            ["LeftUpperArm"] = CFrame.new(-1.1920928955078125e-07, 3.5762786865234375e-07, 7.450580596923828e-09, 0.2983231544494629, 0.8872437477111816, 0.34842294454574585, -0.0032474675681442022, 0.366081178188324, -0.9303791522979736, -0.9544593691825867, 0.280683308839798, 0.1140008494257927),
            ["RightLowerArm"] = CFrame.new(4.470348358154297e-08, 3.5762786865234375e-07, -8.195638656616211e-08, 0.999998152256012, -0.0001718576968414709, -0.001971282996237278, -0.001408845535479486, 0.6377266645431519, -0.7702613472938538, 0.0013895150041207671, 0.7702627778053284, 0.637725293636322),
            ["LeftHand"] = CFrame.new(2.9802322387695312e-08, 3.5762786865234375e-07, -2.0116567611694336e-07, 0.36575958132743835, 0.027462981641292572, -0.9303041696548462, -0.2647869884967804, 0.9613291025161743, -0.07572508603334427, 0.892248809337616, 0.27402961254119873, 0.35888707637786865),
            ["RightUpperLeg"] = CFrame.new(5.960464477539063e-08, 0.00004168553277850151, 0.0011276379227638245, 0.851383626461029, 0.22008447349071503, 0.4761788547039032, 0.018137942999601364, 0.8948225378990173, -0.4458945691585541, -0.5242299437522888, 0.3884010910987854, 0.757912814617157),
            ["LeftUpperLeg"] = CFrame.new(5.960464477539063e-08, 0.00004177587106823921, 0.0011276379227638245, 0.9490500092506409, 0.23683780431747437, 0.2079090029001236, -0.06335705518722534, 0.7895851731300354, -0.610241174697876, -0.30869054794311523, 0.566094696521759, 0.7644472718238831),
            ["RightLowerLeg"] = CFrame.new(-1.1920928955078125e-07, -5.960464477539063e-08, -2.9802322387695312e-08, 1, -1.4900894740321746e-08, 6.705197108658467e-08, -5.2154071283894154e-08, 0.5407307744026184, 0.8411043882369995, 2.2351745343485163e-08, -0.841195821762085, 0.5408728718757629),
            ["RightFoot"] = CFrame.new(4.7497451305389404e-08, 0, -5.587935447692871e-08, 0.9829028248786926, 0.14920839667320251, -0.10711827129125595, -0.1519515961408615, 0.9883465766906738, -0.01487850770354271, 0.10398451238870621, 0.030130987986922264, 0.9941349625587463),
            ["LeftLowerLeg"] = CFrame.new(1.3969838619232178e-08, -3.5762786865234375e-07, -7.450580596923828e-08, 1, -2.0954255219862716e-08, 1.3992567460263672e-07, -7.962808723505077e-08, 0.5050128698348999, 0.8630598783493042, -6.845221633966503e-08, -0.8631117939949036, 0.50510174036026),
        }},
        {Time = 0.033, Data = {
            ["LeftFoot"] = CFrame.new(9.313225746154785e-09, 0, -9.313225746154785e-10, 0.9843528866767883, -0.14534777402877808, -0.0995844230055809, 0.13269875943660736, 0.983590304851532, -0.12278030812740326, 0.11593331396579742, 0.10688386857509613, 0.9874249696731567),
            ["LeftLowerArm"] = CFrame.new(-3.725290298461914e-08, 2.980232238769531e-07, 2.2817403078079224e-08, 0.999993085861206, -0.0030171971302479506, -0.0021918397396802902, -0.00143847381696105, 0.23017752170562744, -0.9731476902961731, 0.0034406762570142746, 0.9731440544128418, 0.2301715463399887),
            ["LowerTorso"] = CFrame.new(-0.07039764523506165, -0.0207979679107666, 0.01055331900715828, 0.9846539497375488, -0.0688551738858223, 0.16036078333854675, 0.06779316067695618, 0.9976261258125305, 0.012090912088751793, -0.1608126163482666, -0.0010340745793655515, 0.9869844317436218),
            ["Head"] = CFrame.new(2.537854015827179e-08, 1.1920928955078125e-07, 1.4901161193847656e-08, 0.9941064119338989, -0.1002330482006073, -0.04130154475569725, 0.10130683332681656, 0.9945467114448547, 0.024776969105005264, 0.038592807948589325, -0.0288151353597641, 0.9988395571708679),
            ["RightUpperArm"] = CFrame.new(-0.00924384593963623, 0.009815216064453125, 0.003766920417547226, 0.37429338693618774, -0.660317063331604, -0.6487260460853577, 0.002441507764160633, 0.7011235356330872, -0.7121996283531189, 0.92730712890625, 0.2690856158733368, 0.26819074153900146),
            ["UpperTorso"] = CFrame.new(8.847564458847046e-09, -0.000011682510375976562, 0.0007418207824230194, 0.9629888534545898, 0.237705796957016, -0.12707683444023132, -0.24387137591838837, 0.9691700339317322, -0.03516016900539398, 0.11480127274990082, 0.0648493617773056, 0.991269588470459),
            ["HumanoidRootPart"] = CFrame.new(0, 0, 0, 1, 0, 0, 0, 1, 0, 0, 0, 1),
            ["RightHand"] = CFrame.new(0, 3.5762786865234375e-07, 2.798624336719513e-07, 0.2757504880428314, 0.04737440496683121, 0.9600611329078674, 0.3621583580970764, 0.9200624227523804, -0.14942041039466858, -0.8903948664665222, 0.3888968229293823, 0.23655064404010773),
            ["LeftUpperArm"] = CFrame.new(0, 0, 7.450580596923828e-09, 0.2983231246471405, 0.8872436881065369, 0.34842294454574585, -0.0032474652398377657, 0.366081178188324, -0.9303790926933289, -0.9544593691825867, 0.280683308839798, 0.11400085687637329),
            ["RightLowerArm"] = CFrame.new(2.9802322387695312e-08, 2.980232238769531e-07, -5.960464477539063e-08, 0.9999982118606567, -0.00018393786740489304, -0.0019359372090548277, -0.0013895855518057942, 0.6288450360298157, -0.7775292992591858, 0.001360371825285256, 0.7775306701660156, 0.6288438439369202),
            ["LeftHand"] = CFrame.new(0, 4.76837158203125e-07, -1.043081283569336e-07, 0.5388458967208862, 0.07541898638010025, -0.8390215635299683, -0.2674485743045807, 0.9597722291946411, -0.08549055457115173, 0.7988218665122986, 0.2704613208770752, 0.5373400449752808),
            ["RightUpperLeg"] = CFrame.new(5.960464477539063e-08, 0.000041472725570201874, 0.0011276304721832275, 0.861812949180603, 0.2363433539867401, 0.44883355498313904, 0.0406331829726696, 0.8497927784919739, -0.525425136089325, -0.5055961012840271, 0.4711625874042511, 0.7228255867958069),
            ["LeftUpperLeg"] = CFrame.new(5.960464477539063e-08, 0.00004161801189184189, 0.0011276565492153168, 0.9385491609573364, 0.23277409374713898, 0.2548750936985016, -0.04396193474531174, 0.8129485845565796, -0.5805354118347168, -0.3423343598842621, 0.5337892174720764, 0.7733157873153687),
            ["RightLowerLeg"] = CFrame.new(1.1175870895385742e-07, -1.1920928955078125e-07, 7.450580596923828e-08, 1, 1.4900779277127185e-08, 1.4155600069898355e-07, -7.450580596923828e-08, 0.48936155438423157, 0.8720448017120361, -4.0978193283081055e-08, -0.8720809817314148, 0.48942601680755615),
            ["RightFoot"] = CFrame.new(3.725290298461914e-09, -5.960464477539063e-08, -2.2351741790771484e-08, 0.9748565554618835, 0.1555989533662796, -0.15889842808246613, -0.15833337604999542, 0.9874528050422668, -0.002684586448594928, 0.1567974090576172, 0.026946889236569405, 0.9872912764549255),
            ["LeftLowerLeg"] = CFrame.new(3.166496753692627e-08, 0, 2.9802322387695312e-08, 1, 4.842783241088e-08, 1.5133281294765766e-07, -7.543712854385376e-08, 0.5327999591827393, 0.8461591601371765, -1.126900315284729e-07, -0.8462411761283875, 0.5329303741455078),
        }},
        {Time = 0.067, Data = {
            ["LeftFoot"] = CFrame.new(-3.632158041000366e-08, 0, 1.862645149230957e-08, 0.9995926022529602, -0.024977169930934906, -0.013727295212447643, 0.022615352645516396, 0.9896759390830994, -0.14213387668132782, 0.017415085807442665, 0.14113011956214905, 0.9897522926330566),
            ["LeftLowerArm"] = CFrame.new(-4.470348358154297e-08, 4.172325134277344e-07, 1.7695128917694092e-07, 0.9999927878379822, -0.0031737752724438906, -0.0021251332946121693, -0.0014727427624166012, 0.19297540187835693, -0.9812024831771851, 0.003524232655763626, 0.9811984300613403, 0.19296932220458984),
            ["LowerTorso"] = CFrame.new(-0.11393967270851135, 0.007819414138793945, 0.016577517613768578, 0.9864563941955566, -0.037504855543375015, 0.15967895090579987, 0.036040931940078735, 0.999277651309967, 0.012055136263370514, -0.16001570224761963, -0.006136960815638304, 0.9870954751968384),
            ["Head"] = CFrame.new(6.05359673500061e-08, -2.384185791015625e-07, 1.862645149230957e-08, 0.9914323687553406, -0.12463140487670898, -0.039100442081689835, 0.12548457086086273, 0.991890549659729, 0.020173346623778343, 0.03626909479498863, -0.024907078593969345, 0.999031662940979),
            ["RightUpperArm"] = CFrame.new(-0.033423006534576416, 0.035488009452819824, 0.013620205223560333, 0.37429338693618774, -0.660317063331604, -0.6487260460853577, 0.0024415040388703346, 0.7011235356330872, -0.7121996879577637, 0.92730712890625, 0.2690855860710144, 0.26819077134132385),
            ["UpperTorso"] = CFrame.new(-1.862645149230957e-09, -0.000011920928955078125, 0.0007418151944875717, 0.9646283984184265, 0.23096013069152832, -0.12708061933517456, -0.2370668649673462, 0.9708617925643921, -0.03502575680613518, 0.1152881532907486, 0.06391357630491257, 0.9912737607955933),
            ["HumanoidRootPart"] = CFrame.new(0, 0, 0, 1, 0, 0, 0, 1, 0, 0, 0, 1),
            ["RightHand"] = CFrame.new(0, 4.172325134277344e-07, -3.0407682061195374e-07, 0.2775605320930481, 0.04006332904100418, 0.9598724842071533, 0.3893613815307617, 0.9087037444114685, -0.15051692724227905, -0.8782697916030884, 0.4155147969722748, 0.23662115633487701),
            ["LeftUpperArm"] = CFrame.new(1.1920928955078125e-07, 0, 0, 0.2983231246471405, 0.8872438073158264, 0.34842297434806824, -0.003247467102482915, 0.366081178188324, -0.9303790330886841, -0.9544593691825867, 0.28068336844444275, 0.11400086432695389),
            ["RightLowerArm"] = CFrame.new(-7.450580596923828e-09, -5.960464477539063e-08, 2.2351741790771484e-08, 0.9999983310699463, -0.00022372376406565309, -0.0018271361477673054, -0.0013257339596748352, 0.6010839939117432, -0.7991846203804016, 0.0012770965695381165, 0.7991858720779419, 0.6010828614234924),
            ["LeftHand"] = CFrame.new(2.9802322387695312e-08, 0, -1.30385160446167e-07, 0.9204939603805542, 0.21017946302890778, -0.3294169306755066, -0.2613914906978607, 0.9578348398208618, -0.1192774772644043, 0.2904573678970337, 0.195901021361351, 0.93662029504776),
            ["RightUpperLeg"] = CFrame.new(1.1920928955078125e-07, 0.00004102243110537529, 0.001127641648054123, 0.8974962830543518, 0.2517363727092743, 0.3621439039707184, 0.07978066056966782, 0.7148626446723938, -0.6946290731430054, -0.4337458610534668, 0.6523805260658264, 0.6215643882751465),
            ["LeftUpperLeg"] = CFrame.new(-1.7881393432617188e-07, 0.000041132792830467224, 0.001127626746892929, 0.9079515337944031, 0.19937922060489655, 0.3686527907848358, 0.004702856298536062, 0.8746676445007324, -0.48450544476509094, -0.4190487861633301, 0.44181954860687256, 0.7933157086372375),
            ["RightLowerLeg"] = CFrame.new(-2.9802322387695312e-08, 4.172325134277344e-07, -6.332993507385254e-08, 1, 0, 1.0058078458996533e-07, -8.195640788244418e-08, 0.41695624589920044, 0.9089494347572327, -1.4901164746561335e-08, -0.9089266061782837, 0.4169065058231354),
            ["RightFoot"] = CFrame.new(3.725290298461914e-09, -1.1920928955078125e-07, 0, 0.9491002559661865, 0.13632918894290924, -0.2836180627346039, -0.12221869081258774, 0.9901921153068542, 0.06785623729228973, 0.2902955710887909, -0.030558910220861435, 0.9565334916114807),
            ["LeftLowerLeg"] = CFrame.new(2.60770320892334e-08, -4.172325134277344e-07, -7.450580596923828e-08, 1, -3.352777611098645e-08, 7.636291599055767e-08, -5.2154071283894154e-08, 0.6152812242507935, 0.7881175875663757, -5.1222748709278676e-08, -0.7883077263832092, 0.6155248284339905),
        }},
        {Time = 0.100, Data = {
            ["LeftFoot"] = CFrame.new(-7.450580596923828e-09, -5.960464477539063e-08, 1.862645149230957e-08, 0.9919771552085876, 0.09549840539693832, 0.08303633332252502, -0.08040720224380493, 0.982015073299408, -0.17137612402439117, -0.09755014628171921, 0.16287001967430115, 0.9817002415657043),
            ["LeftLowerArm"] = CFrame.new(1.4901161193847656e-08, 3.5762786865234375e-07, 3.417953848838806e-07, 0.9999923706054688, -0.003327746409922838, -0.002052547410130501, -0.0015101637691259384, 0.15549401938915253, -0.9878357648849487, 0.0036064311861991882, 0.9878312945365906, 0.1554877907037735),
            ["LowerTorso"] = CFrame.new(-0.16809646785259247, 0.03647279739379883, 0.024309944361448288, 0.9873048663139343, 0.0012769605964422226, 0.15883176028728485, -0.0032303757034242153, 0.9999223351478577, 0.01204099040478468, -0.1588040441274643, -0.012401293031871319, 0.9872322678565979),
            ["Head"] = CFrame.new(4.330649971961975e-08, 1.1920928955078125e-07, 1.862645149230957e-08, 0.9873530864715576, -0.1543143391609192, -0.036346469074487686, 0.154927596449852, 0.9878166317939758, 0.014689398929476738, 0.033636853098869324, -0.02013474516570568, 0.9992313385009766),
            ["RightUpperArm"] = CFrame.new(-0.057602107524871826, 0.06116223335266113, 0.023473478853702545, 0.37429341673851013, -0.6603171229362488, -0.6487260460853577, 0.0024415107909590006, 0.7011235356330872, -0.7121996283531189, 0.92730712890625, 0.269085556268692, 0.2681906819343567),
            ["UpperTorso"] = CFrame.new(-1.3969838619232178e-09, -0.000011682510375976562, 0.000741817057132721, 0.9666759371757507, 0.2222626805305481, -0.1270313411951065, -0.22830906510353088, 0.9729588031768799, -0.035018544644117355, 0.11581290513277054, 0.0628541111946106, 0.9912803769111633),
            ["HumanoidRootPart"] = CFrame.new(0, 0, 0, 1, 0, 0, 0, 1, 0, 0, 0, 1),
            ["RightHand"] = CFrame.new(1.1920928955078125e-07, 1.1920928955078125e-07, -3.264285624027252e-07, 0.2825414538383484, 0.03139346465468407, 0.958741307258606, 0.4162447154521942, 0.8964541554450989, -0.1520213633775711, -0.8642399311065674, 0.4420233368873596, 0.2402181774377823),
            ["LeftUpperArm"] = CFrame.new(1.1920928955078125e-07, 1.1920928955078125e-07, 2.2351741790771484e-08, 0.2983231544494629, 0.8872436881065369, 0.3484230041503906, -0.0032474554609507322, 0.36608120799064636, -0.9303791522979736, -0.9544593691825867, 0.28068333864212036, 0.1140008419752121),
            ["RightLowerArm"] = CFrame.new(-3.725290298461914e-08, 4.172325134277344e-07, 1.2293457984924316e-07, 0.9999986290931702, -0.0002853873302228749, -0.0016734959790483117, -0.0012252108426764607, 0.5610283613204956, -0.8277956247329712, 0.001175161567516625, 0.8277965784072876, 0.5610272884368896),
            ["LeftHand"] = CFrame.new(0, 5.960464477539062e-07, -1.862645149230957e-07, 0.8403783440589905, 0.2684166431427002, 0.4708682596683502, -0.22513365745544434, 0.9631399512290955, -0.14722886681556702, -0.4930306375026703, 0.017719686031341553, 0.8698315620422363),
            ["RightUpperLeg"] = CFrame.new(5.960464477539063e-08, 0.00004133302718400955, 0.0011276304721832275, 0.9612771272659302, 0.1995522528886795, 0.19008994102478027, 0.04081486165523529, 0.5789862871170044, -0.814251184463501, -0.2725446820259094, 0.7905402183532715, 0.5485077500343323),
            ["LeftUpperLeg"] = CFrame.new(2.9802322387695312e-08, 0.00004154164344072342, 0.001127641648054123, 0.8749722838401794, 0.12142010778188705, 0.4687372148036957, 0.05808800086379051, 0.9347240924835205, -0.3503228724002838, -0.4806758761405945, 0.333988219499588, 0.8109002709388733),
            ["RightLowerLeg"] = CFrame.new(5.21540641784668e-08, -1.1920928955078125e-07, 4.284083843231201e-08, 1, -1.8625932796112465e-08, 1.1361837692902554e-07, -1.0244546189142056e-07, 0.44458386301994324, 0.8957405090332031, -8.754430069757291e-08, -0.8957372903823853, 0.44457733631134033),
            ["RightFoot"] = CFrame.new(-1.4901161193847656e-08, -1.7881393432617188e-07, -3.725290298461914e-08, 0.937822699546814, 0.0003247768327128142, -0.3470967411994934, 0.05360203608870506, 0.9877320528030396, 0.1460808664560318, 0.34295105934143066, -0.1561581790447235, 0.926382303237915),
            ["LeftLowerLeg"] = CFrame.new(7.450580596923828e-09, -5.960464477539062e-07, -1.4156103134155273e-07, 1, -5.215728293705979e-08, 1.3968265477615205e-07, -5.587933316064664e-08, 0.7185126543045044, 0.6951568126678467, 5.587933671336032e-09, -0.6955138444900513, 0.7188581824302673),
        }},
        {Time = 0.133, Data = {
            ["LeftFoot"] = CFrame.new(2.421438694000244e-08, -5.960464477539063e-08, -3.725290298461914e-09, 0.9787633419036865, 0.1586889922618866, 0.1299300491809845, -0.1336999386548996, 0.9738572239875793, -0.1841675490140915, -0.15539193153381348, 0.16254214942455292, 0.9742692708969116),
            ["LeftLowerArm"] = CFrame.new(-7.450580596923828e-08, 3.5762786865234375e-07, 7.729977369308472e-08, 0.9999922513961792, -0.0033858385868370533, -0.0020232857204973698, -0.00152528565376997, 0.1411079615354538, -0.9899930953979492, 0.003637447953224182, 0.9899885058403015, 0.14110159873962402),
            ["LowerTorso"] = CFrame.new(-0.21003496646881104, 0.047498226165771484, 0.030683301389217377, 0.9869275689125061, 0.03087538294494152, 0.1581791639328003, -0.033196546137332916, 0.999376118183136, 0.012052479200065136, -0.15770834684371948, -0.017145996913313866, 0.9873368740081787),
            ["Head"] = CFrame.new(8.987262845039368e-08, -1.1920928955078125e-07, 1.862645149230957e-08, 0.9837360978126526, -0.1763155162334442, -0.0342944897711277, 0.1767735779285431, 0.9841923713684082, 0.010793274268507957, 0.03184933587908745, -0.01668015867471695, 0.9993535280227661),
            ["RightUpperArm"] = CFrame.new(-0.06684601306915283, 0.07097673416137695, 0.027240410447120667, 0.37429335713386536, -0.6603171229362488, -0.6487259864807129, 0.002441499149426818, 0.7011235356330872, -0.7121996283531189, 0.92730712890625, 0.2690856456756592, 0.26819077134132385),
            ["UpperTorso"] = CFrame.new(3.213062882423401e-08, -0.000012159347534179688, 0.0007418245077133179, 0.9683234095573425, 0.21504764258861542, -0.12690332531929016, -0.2210683375597, 0.9746204614639282, -0.03526950255036354, 0.11609792709350586, 0.06220672279596329, 0.991287887096405),
            ["HumanoidRootPart"] = CFrame.new(0, 0, 0, 1, 0, 0, 0, 1, 0, 0, 0, 1),
            ["RightHand"] = CFrame.new(5.960464477539063e-08, 1.1920928955078125e-07, 1.0454095900058746e-07, 0.2911619544029236, 0.025311749428510666, 0.9563388824462891, 0.4266708791255951, 0.8912868499755859, -0.15349191427230835, -0.8562573790550232, 0.45273298025131226, 0.24870914220809937),
            ["LeftUpperArm"] = CFrame.new(1.7881393432617188e-07, -2.384185791015625e-07, 1.4901161193847656e-08, 0.2983230948448181, 0.8872437477111816, 0.34842294454574585, -0.0032474615145474672, 0.366081178188324, -0.9303791522979736, -0.9544594287872314, 0.28068336844444275, 0.11400085687637329),
            ["RightLowerArm"] = CFrame.new(-1.1920928955078125e-07, 0, -5.587935447692871e-08, 0.9999988079071045, -0.00035475066397339106, -0.00152511743362993, -0.0011161789298057556, 0.5216065645217896, -0.8531853556632996, 0.0010981857776641846, 0.8531861305236816, 0.5216056108474731),
            ["LeftHand"] = CFrame.new(2.9802322387695312e-08, 7.748603820800781e-07, -1.4901161193847656e-08, 0.516679584980011, 0.22944457828998566, 0.8248621821403503, -0.19320447742938995, 0.9698179960250854, -0.14874564111232758, -0.8340949416160583, -0.08251321315765381, 0.5454148054122925),
            ["RightUpperLeg"] = CFrame.new(0, 0.00004109926521778107, 0.0011276304721832275, 0.9932168126106262, 0.10500418394804001, -0.04992908239364624, -0.09912122786045074, 0.5400335192680359, -0.8357097506523132, -0.060790687799453735, 0.8350676894187927, 0.5468969941139221),
            ["LeftUpperLeg"] = CFrame.new(5.960464477539063e-08, 0.00004097539931535721, 0.0011276490986347198, 0.860960066318512, 0.039344482123851776, 0.5071633458137512, 0.10578577220439911, 0.9613546133041382, -0.2538551688194275, -0.49755120277404785, 0.272487610578537, 0.8236156702041626),
            ["RightLowerLeg"] = CFrame.new(3.5390257835388184e-08, -2.980232238769531e-07, -3.3818650990724564e-08, 1, -5.960315263564553e-08, 5.7739729442118914e-08, -5.960463056453591e-08, 0.49853742122650146, 0.8668237924575806, -7.264314660915261e-08, -0.8668681979179382, 0.4986145794391632),
            ["RightFoot"] = CFrame.new(-1.862645149230957e-09, 0, 2.7008354663848877e-08, 0.9399287104606628, -0.22292648255825043, -0.2584792673587799, 0.2672727704048157, 0.9517441987991333, 0.15050199627876282, 0.21236573159694672, -0.21091872453689575, 0.9542208909988403),
            ["LeftLowerLeg"] = CFrame.new(4.0978193283081055e-08, -5.960464477539063e-08, 1.4901161193847656e-08, 1, -5.216010023900708e-08, 1.0056825772153388e-07, -4.470347292340193e-08, 0.7845202684402466, 0.6196304559707642, -8.940694584680386e-08, -0.620103120803833, 0.7848936915397644),
        }},
        {Time = 0.167, Data = {
            ["LeftFoot"] = CFrame.new(6.705522537231445e-08, -1.7881393432617188e-07, 5.3551048040390015e-09, 0.97320556640625, 0.18043634295463562, 0.1426408439874649, -0.15229909121990204, 0.9700220823287964, -0.1898849457502365, -0.17226648330688477, 0.16278761625289917, 0.9713894128799438),
            ["LeftLowerArm"] = CFrame.new(2.9802322387695312e-08, 4.76837158203125e-07, -1.7229467630386353e-07, 0.999992311000824, -0.003385838121175766, -0.0020232764072716236, -0.001525266794487834, 0.14110791683197021, -0.9899930357933044, 0.0036374512128531933, 0.9899885058403015, 0.1411016285419464),
            ["LowerTorso"] = CFrame.new(-0.24413058161735535, 0.03867077827453613, 0.036476388573646545, 0.9860022068023682, 0.054243337363004684, 0.15766209363937378, -0.05685129761695862, 0.9983096122741699, 0.012075459584593773, -0.15674054622650146, -0.020869800820946693, 0.9874193668365479),
            ["Head"] = CFrame.new(-2.3515895009040833e-08, -1.1920928955078125e-07, 1.4901161193847656e-08, 0.9804868102073669, -0.19285723567008972, -0.03810315206646919, 0.19327899813652039, 0.981113851070404, 0.007676081731915474, 0.035903122276067734, -0.014890891499817371, 0.9992443919181824),
            ["RightUpperArm"] = CFrame.new(-0.06684589385986328, 0.0709770917892456, 0.02724040299654007, 0.3743395209312439, -0.6175053715705872, -0.6895650029182434, 0.0022529233247041702, 0.7452463507652283, -0.6659054756164551, 0.9272888898849487, 0.25158485770225525, 0.2847277820110321),
            ["UpperTorso"] = CFrame.new(-2.514570951461792e-08, -0.00001150369644165039, 0.000741817057132721, 0.9704163074493408, 0.20866291224956512, -0.12145813554525375, -0.21445046365261078, 0.9760503768920898, -0.03656082972884178, 0.11092036217451096, 0.0615261048078537, 0.9919230341911316),
            ["HumanoidRootPart"] = CFrame.new(0, 0, 0, 1, 0, 0, 0, 1, 0, 0, 0, 1),
            ["RightHand"] = CFrame.new(1.1920928955078125e-07, 0, 3.2281968742609024e-07, 0.40225547552108765, 0.0000031441454666492064, 0.9155274629592896, 0.4061511158943176, 0.8962118029594421, -0.17845378816127777, -0.8205070495605469, 0.4436265528202057, 0.3605049252510071),
            ["LeftUpperArm"] = CFrame.new(0.0014469027519226074, -0.006017088890075684, 0.0004828646779060364, 0.2983240485191345, 0.8911144733428955, 0.33837705850601196, -0.0032740398310124874, 0.3555617928504944, -0.9344587922096252, -0.9544590711593628, 0.28194132447242737, 0.11084941774606705),
            ["RightLowerArm"] = CFrame.new(7.82310962677002e-08, 1.1920928955078125e-07, 2.4586915969848633e-07, 0.9999990463256836, -0.00044613878708332777, -0.001369203208014369, -0.000987313804216683, 0.47975048422813416, -0.8774043917655945, 0.0010483713122084737, 0.8774049282073975, 0.4797497093677521),
            ["LeftHand"] = CFrame.new(0, -4.172325134277344e-07, -1.4901161193847656e-07, 0.2836504578590393, 0.19851304590702057, 0.9381551146507263, -0.1669568121433258, 0.9736188054084778, -0.15553787350654602, -0.9442816972732544, -0.11251292377710342, 0.3093104064464569),
            ["RightUpperLeg"] = CFrame.new(0, 0.00004151742905378342, 0.0011276192963123322, 0.9659082889556885, 0.04517830163240433, -0.2549063265323639, -0.2345769703388214, 0.5692982077598572, -0.7878565192222595, 0.10952131450176239, 0.8208888173103333, 0.5606290102005005),
            ["LeftUpperLeg"] = CFrame.new(5.960464477539063e-08, 0.0000416366383433342, 0.0011276453733444214, 0.8571577668190002, -0.037687286734580994, 0.5136617422103882, 0.15495969355106354, 0.9699792861938477, -0.18706761300563812, -0.49119046330451965, 0.2402498573064804, 0.8373513221740723),
            ["RightLowerLeg"] = CFrame.new(2.7939677238464355e-08, -5.960464477539063e-08, 1.0244548320770264e-07, 1, 6.751977110752705e-08, 7.263935231094365e-08, -7.823111758398227e-08, 0.5477175712585449, 0.8365645408630371, -4.656613938891496e-08, -0.8366633057594299, 0.547868549823761),
            ["RightFoot"] = CFrame.new(5.4016709327697754e-08, -1.1920928955078125e-07, -9.313225746154785e-09, 0.901547908782959, -0.41128411889076233, -0.13355430960655212, 0.4295915961265564, 0.8883286118507385, 0.16256959736347198, 0.05159960314631462, -0.2042490839958191, 0.9776166677474976),
            ["LeftLowerLeg"] = CFrame.new(1.0058283805847168e-07, -2.384185791015625e-07, 6.705522537231445e-08, 1, 4.471056058719114e-08, 4.469589498512505e-08, -2.6077039194660756e-08, 0.8266292214393616, 0.5622013807296753, -7.264317503086204e-08, -0.5627468824386597, 0.8270003199577332),
        }},
        {Time = 0.200, Data = {
            ["LeftFoot"] = CFrame.new(9.313225746154785e-08, -5.960464477539063e-08, 6.05359673500061e-09, 0.9713462591171265, 0.1847928762435913, 0.14954562485218048, -0.15430516004562378, 0.9684023261070251, -0.19641079008579254, -0.1807655245065689, 0.16747726500034332, 0.9690505266189575),
            ["LeftLowerArm"] = CFrame.new(2.9802322387695312e-08, 2.384185791015625e-07, 3.7997961044311523e-07, 0.9999922513961792, -0.003385830670595169, -0.0020232643000781536, -0.0015252712182700634, 0.1411079317331314, -0.9899930953979492, 0.0036374530754983425, 0.9899884462356567, 0.1411016285419464),
            ["LowerTorso"] = CFrame.new(-0.2798854410648346, 0.013603925704956055, 0.04309253394603729, 0.9844808578491211, 0.07813343405723572, 0.15713870525360107, -0.08103156089782715, 0.9966379404067993, 0.012112029828131199, -0.15566404163837433, -0.024657336995005608, 0.9875022768974304),
            ["Head"] = CFrame.new(-6.05359673500061e-09, 1.1920928955078125e-07, 1.4901161193847656e-08, 0.9765139222145081, -0.2091524749994278, -0.05173011124134064, 0.20964153110980988, 0.9777695536613464, 0.0041546025313436985, 0.049711134284734726, -0.014901855029165745, 0.9986525177955627),
            ["RightUpperArm"] = CFrame.new(-0.06684607267379761, 0.07097721099853516, 0.027240395545959473, 0.37439820170402527, -0.52280592918396, -0.7637501955032349, 0.0018614849541336298, 0.8254367113113403, -0.5635845065116882, 0.9272662401199341, 0.2129041701555252, 0.31473496556282043),
            ["UpperTorso"] = CFrame.new(-1.4901161193847656e-08, -0.000011414289474487305, 0.0007418300956487656, 0.9736648201942444, 0.20169778168201447, -0.1062774509191513, -0.2068178504705429, 0.9775829911231995, -0.039470624178647995, 0.09593390673398972, 0.060411348938941956, 0.9935528039932251),
            ["HumanoidRootPart"] = CFrame.new(0, 0, 0, 1, 0, 0, 0, 1, 0, 0, 0, 1),
            ["RightHand"] = CFrame.new(-5.960464477539063e-08, 4.172325134277344e-07, -3.620516508817673e-08, 0.6784257888793945, -0.0580047108232975, 0.7323755621910095, 0.3303106427192688, 0.9145219326019287, -0.23354782164096832, -0.6562265753746033, 0.4003562927246094, 0.6395948529243469),
            ["LeftUpperArm"] = CFrame.new(0.005522012710571289, -0.022965073585510254, 0.0018429197371006012, 0.2983250021934509, 0.9014102220535278, 0.30983835458755493, -0.003349058562889695, 0.32567888498306274, -0.9453136324882507, -0.9544585347175598, 0.2852943241596222, 0.10189401358366013),
            ["RightLowerArm"] = CFrame.new(-6.612390279769897e-08, 4.76837158203125e-07, -1.4156103134155273e-07, 0.9999992251396179, -0.0005443376721814275, -0.0012052325764670968, -0.0008474440546706319, 0.4358433485031128, -0.9000221490859985, 0.0010152981849387288, 0.9000225067138672, 0.4358426332473755),
            ["LeftHand"] = CFrame.new(5.960464477539063e-08, 4.76837158203125e-07, -8.195638656616211e-08, 0.18359200656414032, 0.1906755417585373, 0.9643324017524719, -0.15183420479297638, 0.9747345447540283, -0.16382578015327454, -0.9712057113647461, -0.11634157598018646, 0.20790448784828186),
            ["RightUpperLeg"] = CFrame.new(1.1920928955078125e-07, 0.00004170043393969536, 0.0011276490986347198, 0.9085362553596497, 0.03490979224443436, -0.41634058952331543, -0.3423751890659332, 0.6333428025245667, -0.6938651204109192, 0.23946036398410797, 0.7730836272239685, 0.5875471830368042),
            ["LeftUpperLeg"] = CFrame.new(0, 0.00004173256456851959, 0.001127634197473526, 0.8502188324928284, -0.1282038688659668, 0.5105316042900085, 0.20794831216335297, 0.9728042483329773, -0.10162650048732758, -0.48361724615097046, 0.19291341304779053, 0.8538322448730469),
            ["RightLowerLeg"] = CFrame.new(-1.862645149230957e-08, 1.1920928955078125e-07, 2.2724270820617676e-07, 1, -2.1653635329244025e-08, 1.0057431154564256e-07, -7.450579175838357e-08, 0.6447718143463135, 0.7641417384147644, -8.195636524988004e-08, -0.7643751502037048, 0.6450484395027161),
            ["RightFoot"] = CFrame.new(-5.21540641784668e-08, -1.1920928955078125e-07, -1.862645149230957e-08, 0.8281486630439758, -0.557892918586731, -0.05056340992450714, 0.5537670254707336, 0.8011075854301453, 0.2276892066001892, -0.08667165786027908, -0.21675357222557068, 0.9724200963973999),
            ["LeftLowerLeg"] = CFrame.new(7.636845111846924e-08, -2.384185791015625e-07, -4.470348358154297e-08, 1, 2.2356692497282893e-08, 5.9592320411638866e-08, -3.5390254282674505e-08, 0.879757285118103, 0.47479650378227234, -2.7939673685750677e-08, -0.47542285919189453, 0.8800956010818481),
        }},
        {Time = 0.233, Data = {
            ["LeftFoot"] = CFrame.new(-5.960464477539063e-08, 0, -1.1641532182693481e-10, 0.9726534485816956, 0.1760668307542801, 0.15155591070652008, -0.14606930315494537, 0.9705225229263306, -0.1921582669019699, -0.18057912588119507, 0.16457968950271606, 0.9695906639099121),
            ["LeftLowerArm"] = CFrame.new(-4.0978193283081055e-08, 4.76837158203125e-07, 3.9534643292427063e-07, 0.9999922513961792, -0.0033858343958854675, -0.0020232328679412603, -0.0015253014862537384, 0.14110791683197021, -0.9899930953979492, 0.0036374512128531933, 0.9899884462356567, 0.14110161364078522),
            ["LowerTorso"] = CFrame.new(-0.31067222356796265, -0.01863253116607666, 0.049153994768857956, 0.9827437400817871, 0.0982828140258789, 0.1567009687423706, -0.10142333060503006, 0.9947690963745117, 0.012153043411672115, -0.154686838388443, -0.02783653326332569, 0.9875712990760803),
            ["Head"] = CFrame.new(4.190951585769653e-09, 0, 1.862645149230957e-08, 0.972400963306427, -0.22248218953609467, -0.07027146965265274, 0.22311213612556458, 0.9747920632362366, 0.0011465221177786589, 0.06824496388435364, -0.016793357208371162, 0.9975273013114929),
            ["RightUpperArm"] = CFrame.new(-0.06684601306915283, 0.0709770917892456, 0.02724040299654007, 0.3744068145751953, -0.40216973423957825, -0.8334439396858215, 0.0014026254648342729, 0.9008159637451172, -0.4333759546279907, 0.9272634387016296, 0.16367706656455994, 0.3428651988506317),
            ["UpperTorso"] = CFrame.new(4.307366907596588e-08, -0.000011712312698364258, 0.0007418133318424225, 0.9768828749656677, 0.1955033391714096, -0.0864778608083725, -0.1997232884168625, 0.9789040088653564, -0.04310022294521332, 0.07622727006673813, 0.059375640004873276, 0.9953210949897766),
            ["HumanoidRootPart"] = CFrame.new(0, 0, 0, 1, 0, 0, 0, 1, 0, 0, 0, 1),
            ["RightHand"] = CFrame.new(5.960464477539063e-08, 4.172325134277344e-07, 1.2246891856193542e-07, 0.9230784177780151, -0.10366998612880707, 0.37037667632102966, 0.21034587919712067, 0.9422844052314758, -0.260489284992218, -0.32199525833129883, 0.31835925579071045, 0.8916090130805969),
            ["LeftUpperArm"] = CFrame.new(0.010754525661468506, -0.04472553730010986, 0.0035892389714717865, 0.2983230948448181, 0.9132953882217407, 0.27272555232048035, -0.0034453850239515305, 0.2868204414844513, -0.9578502178192139, -0.9544587135314941, 0.2891808748245239, 0.09024246782064438),
            ["RightLowerArm"] = CFrame.new(1.210719347000122e-08, 2.384185791015625e-07, 1.043081283569336e-07, 0.9999992847442627, -0.0006368905887939036, -0.0010300822323188186, -0.0007010176777839661, 0.3892154395580292, -0.9211465716362, 0.0009876005351543427, 0.9211466312408447, 0.38921478390693665),
            ["LeftHand"] = CFrame.new(2.9802322387695312e-08, 5.960464477539062e-07, 1.4901161193847656e-08, 0.389841228723526, 0.2001066952943802, 0.898877739906311, -0.17290063202381134, 0.974651038646698, -0.14198864996433258, -0.9045050144195557, -0.10006347298622131, 0.41455769538879395),
            ["RightUpperLeg"] = CFrame.new(-1.4901161193847656e-07, 0.00004141731187701225, 0.0011276192963123322, 0.8644652366638184, 0.07874616235494614, -0.4964660704135895, -0.4023872911930084, 0.7003793120384216, -0.5893163084983826, 0.30130478739738464, 0.7094138860702515, 0.6373599171638489),
            ["LeftUpperLeg"] = CFrame.new(-5.960464477539063e-08, 0.0000413060188293457, 0.001127626746892929, 0.8421459197998047, -0.217177152633667, 0.49349114298820496, 0.2543252408504486, 0.9670809507369995, -0.007989946752786636, -0.47550931572914124, 0.13262183964252472, 0.8697140216827393),
            ["RightLowerLeg"] = CFrame.new(1.0058283805847168e-07, -5.960464477539063e-08, -9.313225746154785e-09, 1, 3.3530813681181826e-08, 9.870672101897071e-08, -8.940694584680386e-08, 0.7622214555740356, 0.6468838453292847, -2.9802315282267955e-08, -0.6473163962364197, 0.7625885605812073),
            ["RightFoot"] = CFrame.new(-8.195638656616211e-08, 0, 9.313225746154785e-09, 0.7695204019546509, -0.6372989416122437, -0.036059457808732986, 0.6127015948295593, 0.721403181552887, 0.32334044575691223, -0.18009763956069946, -0.27097490429878235, 0.9455954432487488),
            ["LeftLowerLeg"] = CFrame.new(1.6763806343078613e-08, 0, -6.612390279769897e-08, 1, 3.726404429471586e-08, 1.3407647259100486e-07, 1.4901159417490817e-08, 0.933418869972229, 0.35810884833335876, -1.5366820704798556e-08, -0.3587886393070221, 0.9336798191070557),
        }},
        {Time = 0.267, Data = {
            ["LeftFoot"] = CFrame.new(-3.3527612686157227e-08, -1.7881393432617188e-07, -2.7939677238464355e-08, 0.9747413992881775, 0.1648443192243576, 0.15076391398906708, -0.13858498632907867, 0.9752853512763977, -0.17253448069095612, -0.1751381754875183, 0.14712215960025787, 0.9733972549438477),
            ["LeftLowerArm"] = CFrame.new(5.029141902923584e-08, 6.556510925292969e-07, 1.0104849934577942e-07, 0.999992311000824, -0.003385830670595169, -0.0020232596434652805, -0.001525267492979765, 0.1411079317331314, -0.9899930357933044, 0.0036374498158693314, 0.9899884462356567, 0.14110161364078522),
            ["LowerTorso"] = CFrame.new(-0.32993707060813904, -0.0437549352645874, 0.05311639979481697, 0.9814659357070923, 0.11069454997777939, 0.15643304586410522, -0.11398325115442276, 0.9934080243110657, 0.012182913720607758, -0.15405325591564178, -0.029787937179207802, 0.9876134395599365),
            ["Head"] = CFrame.new(1.1874362826347351e-07, 1.1920928955078125e-07, 2.9802322387695312e-08, 0.9693006873130798, -0.23049122095108032, -0.08561483025550842, 0.23129905760288239, 0.9728825688362122, -0.0004977475618943572, 0.08340787887573242, -0.01932022161781788, 0.9963282346725464),
            ["RightUpperArm"] = CFrame.new(-0.06684601306915283, 0.07097744941711426, 0.027240410447120667, 0.37434232234954834, -0.25931787490844727, -0.8881697654724121, 0.0009037697454914451, 0.9600193500518799, -0.2793395221233368, 0.927290141582489, 0.10543797165155411, 0.36486154794692993),
            ["UpperTorso"] = CFrame.new(-2.9569491744041443e-08, -0.000011533498764038086, 0.0007418133318424225, 0.9789561629295349, 0.19154202938079834, -0.07040327042341232, -0.1950104534626007, 0.9797141551971436, -0.046165503561496735, 0.06013243645429611, 0.05892351269721985, 0.9964497685432434),
            ["HumanoidRootPart"] = CFrame.new(0, 0, 0, 1, 0, 0, 0, 1, 0, 0, 0, 1),
            ["RightHand"] = CFrame.new(0, 2.980232238769531e-07, -1.3936005416326225e-07, 0.9926092028617859, -0.11053072661161423, 0.05009908229112625, 0.11946278810501099, 0.9625931978225708, -0.24319328367710114, -0.021344734355807304, 0.24738088250160217, 0.9686832427978516),
            ["LeftUpperArm"] = CFrame.new(0.014829635620117188, -0.06167304515838623, 0.004949294030666351, 0.2983189821243286, 0.9214950203895569, 0.24351055920124054, -0.0035202642902731895, 0.2562330365180969, -0.9665044546127319, -0.9544597268104553, 0.2918758690357208, 0.08106604963541031),
            ["RightLowerArm"] = CFrame.new(-1.4901161193847656e-08, 1.7881393432617188e-07, -2.7939677238464355e-09, 0.999999463558197, -0.0007189922034740448, -0.0008597320411354303, -0.0005598179996013641, 0.34411585330963135, -0.9389270544052124, 0.0009709844598546624, 0.9389269351959229, 0.3441152572631836),
            ["LeftHand"] = CFrame.new(2.9802322387695312e-08, 8.344650268554688e-07, 3.725290298461914e-08, 0.7989100813865662, 0.22305062413215637, 0.5585616230964661, -0.21012194454669952, 0.9736811518669128, -0.08828327059745789, -0.5635526180267334, -0.046835627406835556, 0.8247514367103577),
            ["RightUpperLeg"] = CFrame.new(-8.940696716308594e-08, 0.00004141777753829956, 0.0011276118457317352, 0.8488250970840454, 0.13358323276042938, -0.5114729404449463, -0.42556995153427124, 0.7467045187950134, -0.5109155774116516, 0.3136659562587738, 0.6516040563583374, 0.6909129023551941),
