return {
    ["Lil' Warthog"] = {
        [1] = {Time = 0.000, Data = {
            ["LeftLowerArm"] = CFrame.new(-1.7881393432617188e-07, 2.384185791015625e-07, 1.4528632164001465e-07, 1, -6.332991375757047e-08, 3.725289943190546e-08, 6.379559636116028e-08, 0.6252661347389221, -0.7804115414619446, 3.4458935260772705e-08, 0.7804115414619446, 0.6252662539482117),
            ["LeftFoot"] = CFrame.new(-3.958120942115784e-09, -1.1920928955078125e-07, -9.313225746154785e-09, 0.999642014503479, -0.0022075949236750603, -0.026663482189178467, -0.003819210920482874, 0.9746096730232239, -0.22387826442718506, 0.02648071199655533, 0.2238999456167221, 0.9742523431777954),
            ["RightHand"] = CFrame.new(-2.468004822731018e-08, 5.960464477539063e-08, 6.332993507385254e-08, 0.9491570591926575, 0.2159923017024994, -0.22901611030101776, -0.13536563515663147, 0.9368297457695007, 0.32253092527389526, 0.2842133045196533, -0.27513155341148376, 0.9184364676475525),
            ["HumanoidRootPart"] = CFrame.new(0, 0, 0, 1, 0, 0, 0, 1, 0, 0, 0, 1),
            ["RightLowerLeg"] = CFrame.new(2.6775524020195007e-08, 4.76837158203125e-07, 5.10553945787251e-08, 1, -1.2735834786781197e-07, -2.2887260797688214e-07, 1.2293457984924316e-07, -0.494780033826828, 0.8690183162689209, -2.253800630569458e-07, -0.8690183162689209, -0.4947800636291504),
            ["RightFoot"] = CFrame.new(1.862645149230957e-09, 3.5762786865234375e-07, -1.5068508218973875e-08, 0.9904530644416809, 0.1347857564687729, -0.02890692837536335, -0.1378151923418045, 0.963433027267456, -0.22979050874710083, -0.0031226049177348614, 0.23158079385757446, 0.9728108048439026),
            ["LeftLowerLeg"] = CFrame.new(-9.313225746154785e-10, -1.1920928955078125e-07, 1.1548399925231934e-07, 1, 7.427298953643913e-08, 1.2572853336223488e-07, -8.195639367158947e-08, -0.5019549131393433, 0.8648937344551086, 1.3224781980625266e-07, -0.8648937940597534, -0.5019549131393433),
            ["RightUpperArm"] = CFrame.new(1.1920928955078125e-07, 3.5762786865234375e-07, -2.9616057872772217e-07, 0.020333385095000267, -0.06953464448451996, 0.9973722696304321, 0.6364952921867371, 0.770205020904541, 0.040720853954553604, -0.771012544631958, 0.6339947581291199, 0.05991935357451439),
            ["Head"] = CFrame.new(-2.0489096641540527e-08, 2.384185791015625e-07, -4.0140002965927124e-07, 0.9984897971153259, 0.05493864417076111, -0.00004239613554091193, -0.05168299376964569, 0.9390571117401123, -0.339853972196579, -0.018631307408213615, 0.3393428325653076, 0.9404782652854919),
            ["LeftBackWheel"] = CFrame.new(0.03166556358337402, -0.026255786418914795, -0.07621359825134277, 0.9995418190956116, 0.030268535017967224, -0.00011357589391991496, 0.00013772751844953746, -0.008300252258777618, -0.9999656081199646, -0.030268430709838867, 0.9995073676109314, -0.008300615474581718),
            ["UpperTorso"] = CFrame.new(-1.2369127944111824e-10, 8.940696716308594e-08, -4.675064246839611e-08, 0.9957603216171265, -0.08979093283414841, -0.019976487383246422, 0.08137338608503342, 0.7585862874984741, 0.6464714407920837, -0.042893387377262115, -0.6453561186790466, 0.7626767158508301),
            ["RightBackWheel"] = CFrame.new(0.03474688529968262, -0.025782763957977295, -0.10126304626464844, 0.9999005794525146, -0.014103731140494347, -0.0002544913731981069, 0.00014429495786316693, -0.007813752628862858, 0.9999695420265198, -0.01410528551787138, -0.9998700618743896, -0.00781093817204237),
            ["LeftFrontWheel"] = CFrame.new(0.2866484522819519, -0.026192903518676758, -0.06217360496520996, 0.9975417852401733, 0.07007315754890442, -0.00044447751133702695, 0.000138005634653382, -0.00830744206905365, -0.9999655485153198, -0.0700744241476059, 0.9975072741508484, -0.008296688087284565),
            ["LeftUpperArm"] = CFrame.new(0, 2.384185791015625e-07, -3.632158041000366e-07, -0.07803905010223389, 0.22673925757408142, -0.9708240628242493, -0.6104777455329895, 0.7590036988258362, 0.22634080052375793, 0.7881795167922974, 0.6103298664093018, 0.07918734848499298),
            ["RightLowerArm"] = CFrame.new(1.1920928955078125e-07, 2.980232238769531e-07, 1.7276033759117126e-07, 1, -6.426126475389538e-08, 2.6542693376541138e-08, 6.286428089197216e-08, 0.6726930737495422, -0.7399216294288635, 2.7939680791178034e-08, 0.7399215698242188, 0.672693133354187),
            ["LeftHand"] = CFrame.new(4.0978193283081055e-08, 1.1920928955078125e-07, 7.450580596923828e-09, 0.8631290197372437, -0.07737022638320923, 0.4990212023258209, 0.02668979950249195, 0.9938013553619385, 0.10791917145252228, -0.5042777061462402, -0.07982929050922394, 0.8598437905311584),
            ["RightFrontWheel"] = CFrame.new(-0.14737987518310547, -0.025889039039611816, -0.07881736755371094, 0.9975716471672058, -0.06964471936225891, -0.0007372387917712331, 0.00016023869102355093, -0.00829013716429472, 0.9999656081199646, -0.06964842975139618, -0.9975374341011047, -0.008258841931819916),
            ["Hog"] = CFrame.new(0.011620812118053436, 0.0016944408416748047, -0.3602682650089264, 0.999610960483551, -0.00036652045673690736, -0.027890227735042572, 0.0003664099785964936, 0.9999999403953552, -0.000009071663953363895, 0.027890227735042572, -0.0000011511227739902097, 0.9996110200881958),
            ["LowerTorso"] = CFrame.new(0.0008502342388965189, -0.27758169174194336, 0.636512279510498, 0.9998980164527893, -0.002302287146449089, -0.014096186496317387, 0.000353736337274313, 0.9906122088432312, -0.13670174777507782, 0.01427858043462038, 0.13668282330036163, 0.990511953830719),
            ["RightUpperLeg"] = CFrame.new(5.960464477539063e-08, 1.7671845853328705e-07, -9.01709427125752e-08, 0.9959436058998108, 0.08942759037017822, 0.009955378249287605, 0.04680141806602478, -0.42034482955932617, -0.9061566591262817, -0.07685071974992752, 0.9029467701911926, -0.4228251874446869),
            ["LeftUpperLeg"] = CFrame.new(0, 7.741618901491165e-08, -1.4901161193847656e-08, 0.9944628477096558, 0.0922456756234169, 0.05034429579973221, 0.08528868854045868, -0.42855966091156006, -0.8994790315628052, -0.061397552490234375, 0.8987922072410583, -0.43405404686927795)
        }},
        [2] = {Time = 0.033, Data = {
            ["LeftLowerArm"] = CFrame.new(5.960464477539063e-08, -4.172325134277344e-07, 1.30385160446167e-08, 1, -6.891787762697277e-08, 3.3527616238870905e-08, 5.8673322200775146e-08, 0.6557496786117554, -0.7549784779548645, 3.166496753692627e-08, 0.7549784183502197, 0.6557497382164001),
            ["LeftFoot"] = CFrame.new(1.1641532182693481e-09, -5.960464477539063e-08, -9.313225746154785e-09, 0.9997241497039795, -0.02325267530977726, -0.003335727844387293, 0.02190019004046917, 0.9739526510238647, -0.22569160163402557, 0.008496771566569805, 0.22555620968341827, 0.9741931557655334),
            ["RightHand"] = CFrame.new(0, 5.960464477539063e-08, -1.1920928955078125e-07, 0.9416751265525818, 0.20121486485004425, -0.2697419226169586, -0.12622959911823273, 0.9542274475097656, 0.27113863825798035, 0.31195223331451416, -0.22127501666545868, 0.9239714741706848),
            ["HumanoidRootPart"] = CFrame.new(0, 0, 0, 1, 0, 0, 0, 1, 0, 0, 0, 1),
            ["RightLowerLeg"] = CFrame.new(9.313225746154785e-09, 1.7881393432617188e-07, -5.817782948724926e-07, 1, -1.313164261773636e-07, -2.3259778458850633e-07, 1.341104507446289e-07, -0.495120108127594, 0.8688245415687561, -2.3096799850463867e-07, -0.8688246011734009, -0.49512016773223877),
            ["RightFoot"] = CFrame.new(1.1175870895385742e-07, 4.76837158203125e-07, -9.480572771281004e-09, 0.9893313050270081, 0.14088332653045654, -0.03708817809820175, -0.14564549922943115, 0.9622806310653687, -0.2297898530960083, 0.003315696492791176, 0.23274026811122894, 0.9725334048271179),
            ["LeftLowerLeg"] = CFrame.new(-1.2211967259645462e-07, 2.384185791015625e-07, -2.4028122425079346e-07, 1, 7.438936222570192e-08, 1.3038514623531228e-07, -7.264315371457997e-08, -0.501613974571228, 0.8650916218757629, 1.2386588821300393e-07, -0.8650915622711182, -0.5016140341758728),
            ["RightUpperArm"] = CFrame.new(0, 3.5762786865234375e-07, 1.3597309589385986e-07, 0.017844801768660545, -0.08511953055858612, 0.9962109923362732, 0.6217037439346313, 0.7812752723693848, 0.055618323385715485, -0.7830491662025452, 0.6183555722236633, 0.06686084717512131),
            ["Head"] = CFrame.new(1.862645149230957e-09, 2.384185791015625e-07, 1.5529803931713104e-07, 0.998791515827179, 0.04914950206875801, 0.00011910594184882939, -0.046392593532800674, 0.9435616135597229, -0.32793185114860535, -0.016230065375566483, 0.32753002643585205, 0.9447014927864075),
            ["LeftBackWheel"] = CFrame.new(0.031646132469177246, -0.022096753120422363, -0.07420694828033447, 0.99955815076828, 0.028249701485037804, 0.009245038032531738, -0.0034506998490542173, 0.41921085119247437, -0.9078824520111084, -0.029523028060793877, 0.9074492454528809, 0.4191230237483978),
            ["UpperTorso"] = CFrame.new(9.313225746154785e-10, -2.9802322387695312e-08, -2.1165760699659586e-08, 0.9960342645645142, -0.08791211992502213, -0.013688189908862114, 0.07646109163761139, 0.767123818397522, 0.636925995349884, -0.0454929918050766, -0.6354466676712036, 0.7708034515380859),
            ["RightBackWheel"] = CFrame.new(0.03339493274688721, -0.02162325382232666, -0.10324966907501221, 0.9998830556869507, -0.011924958787858486, -0.009587510488927364, 0.003465436864644289, -0.43381792306900024, 0.900994062423706, -0.014903550036251545, -0.9009217023849487, -0.4337256848812103),
            ["LeftFrontWheel"] = CFrame.new(0.286305695772171, -0.022031068801879883, -0.06021702289581299, 0.9994669556617737, 0.03091147541999817, 0.010505151934921741, -0.003422801150009036, 0.4192107617855072, -0.907882571220398, -0.032467857003211975, 0.9073626399040222, 0.4190930128097534),
            ["LeftUpperArm"] = CFrame.new(5.960464477539063e-08, 4.76837158203125e-07, 1.969747245311737e-07, -0.07816705852746964, 0.19461962580680847, -0.9777592420578003, -0.6058693528175354, 0.7695916891098022, 0.20162078738212585, 0.7917147278785706, 0.6081545948982239, 0.05775732547044754),
            ["RightLowerArm"] = CFrame.new(-2.9802322387695312e-08, 1.1920928955078125e-07, 1.9237631931900978e-08, 1, -5.3085386753082275e-08, 2.421438694000244e-08, 6.05359673500061e-08, 0.6833594441413879, -0.7300822138786316, 2.514570951461792e-08, 0.7300822138786316, 0.6833593249320984),
            ["LeftHand"] = CFrame.new(1.5459954738616943e-07, 5.960464477539063e-08, -1.601874828338623e-07, 0.8898427486419678, -0.10220766067504883, 0.4446725845336914, 0.042182181030511856, 0.9888417720794678, 0.14287300407886505, -0.4543134570121765, -0.10837726294994354, 0.8842249512672424),
            ["RightFrontWheel"] = CFrame.new(-0.14823102951049805, -0.021727025508880615, -0.07983100414276123, 0.999812662601471, -0.015515622682869434, -0.011574354954063892, 0.0036889512557536364, -0.43425410985946655, 0.9007828831672668, -0.019002418965101242, -0.9006567597389221, -0.4341154098510742),
            ["Hog"] = CFrame.new(0.017215242609381676, -0.0024657249450683594, -0.36023420095443726, 0.9997380375862122, -0.0003665223193820566, -0.022886723279953003, 0.0003664316318463534, 0.9999999403953552, -0.000008155442628776655, 0.022886725142598152, -2.3311505970013968e-07, 0.9997380971908569),
            ["LowerTorso"] = CFrame.new(0.004625435918569565, -0.27814793586730957, 0.6365250945091248, 0.9999775290489197, 0.0016103909583762288, -0.006507872138172388, -0.002484698314219713, 0.9906148910522461, -0.1366599053144455, 0.006226719357073307, 0.1366730034351349, 0.9905966520309448),
            ["RightUpperLeg"] = CFrame.new(1.1920928955078125e-07, 5.209585651755333e-08, 1.1076190276071429e-07, 0.9948790669441223, 0.09992823749780655, 0.015166088938713074, 0.05598711967468262, -0.41992637515068054, -0.9058295488357544, -0.08414934575557709, 0.9020400047302246, -0.4233707785606384),
            ["LeftUpperLeg"] = CFrame.new(0, 4.2316969484090805e-08, 7.380731403827667e-08, 0.9970869421958923, 0.0650506317615509, 0.039826005697250366, 0.06404338777065277, -0.4304249882698059, -0.9003514647483826, -0.041426319628953934, 0.9002792835235596, -0.4333372414112091)
        }},
        [3] = {Time = 0.067, Data = {
            ["LeftLowerArm"] = CFrame.new(-1.7881393432617188e-07, 0, -2.598389983177185e-07, 1, -5.401671643312511e-08, 3.259629011154175e-08, 5.7509176087933156e-08, 0.685778796672821, -0.7278100848197937, 2.7706850147524165e-08, 0.7278099656105042, 0.685778796672821),
            ["LeftFoot"] = CFrame.new(2.491287887096405e-08, -5.960464477539063e-08, -1.210719347000122e-08, 0.9979100823402405, -0.055982187390327454, 0.03227187320590019, 0.06185721978545189, 0.9720309972763062, -0.22655996680259705, -0.018685944378376007, 0.22808270156383514, 0.9734624028205872),
            ["RightHand"] = CFrame.new(-1.564621925354004e-07, -2.980232238769531e-07, -1.7881393432617188e-07, 0.9281765222549438, 0.17151843011379242, -0.3302570879459381, -0.10572294890880585, 0.9724210500717163, 0.2078942209482193, 0.3568066656589508, -0.15804682672023773, 0.9207118153572083),
            ["HumanoidRootPart"] = CFrame.new(0, 0, 0, 1, 0, 0, 0, 1, 0, 0, 0, 1),
            ["RightLowerLeg"] = CFrame.new(1.0710209608078003e-08, 4.172325134277344e-07, -2.6244379114359617e-08, 1, -1.3131648302078247e-07, -2.3422774120263057e-07, 1.303851746570217e-07, -0.49579790234565735, 0.8684379458427429, -2.2351744632942427e-07, -0.8684379458427429, -0.4957980513572693),
            ["RightFoot"] = CFrame.new(3.3527612686157227e-08, 1.7881393432617188e-07, -2.0656443666666746e-08, 0.9879056811332703, 0.14697320759296417, -0.0494111105799675, -0.15444250404834747, 0.9610278606414795, -0.22928817570209503, 0.013786215335130692, 0.23414652049541473, 0.9721036553382874),
            ["LeftLowerLeg"] = CFrame.new(3.591412678360939e-08, 2.980232238769531e-07, 1.2852251529693604e-07, 1, 7.392372225467625e-08, 1.3201496074088936e-07, -7.729979500936679e-08, -0.5009346604347229, 0.8654850721359253, 1.2991952758056868e-07, -0.8654850721359253, -0.5009346604347229),
            ["RightUpperArm"] = CFrame.new(1.1920928955078125e-07, -2.384185791015625e-07, 1.6111880540847778e-07, 0.011363579891622066, -0.1075146272778511, 0.9941386580467224, 0.6031057238578796, 0.793744683265686, 0.07894838601350784, -0.7975804209709167, 0.5986735820770264, 0.07386243343353271),
            ["Head"] = CFrame.new(1.862645149230957e-09, 1.1920928955078125e-07, 2.3096799850463867e-07, 0.9991599917411804, 0.040935762226581573, -0.0019205296412110329, -0.03945115581154823, 0.9481242895126343, -0.3154425323009491, -0.011091972701251507, 0.31525343656539917, 0.9489428400993347),
            ["LeftBackWheel"] = CFrame.new(0.03242415189743042, -0.009617447853088379, -0.07218515872955322, 0.9996076822280884, 0.022365842014551163, 0.016863485798239708, -0.006319359876215458, 0.7665804028511047, -0.6421173214912415, -0.027288716286420822, 0.6417587399482727, 0.766420841217041),
            ["UpperTorso"] = CFrame.new(-6.984919309616089e-09, -1.1920928955078125e-07, -7.522612577304244e-08, 0.9968703985214233, -0.07894208282232285, -0.0041826339438557625, 0.06408803164958954, 0.7760531902313232, 0.6274027228355408, -0.04628255218267441, -0.62570720911026, 0.7786836624145508),
            ["RightBackWheel"] = CFrame.new(0.033957064151763916, -0.009143948554992676, -0.10530459880828857, 0.9998348355293274, -0.006016852334141731, -0.01715335063636303, 0.006127903237938881, -0.7768363356590271, 0.6296728253364563, -0.017113998532295227, -0.6296738386154175, -0.7766710519790649),
            ["LeftFrontWheel"] = CFrame.new(0.28678521513938904, -0.009548962116241455, -0.05813097953796387, 0.9999769330024719, 0.00651908153668046, -0.001951376791112125, -0.006250519305467606, 0.7665707468986511, -0.6421295404434204, -0.002690230030566454, 0.6421268582344055, 0.7665937542915344),
            ["LeftUpperArm"] = CFrame.new(-1.1920928955078125e-07, -2.384185791015625e-07, 7.12461769580841e-08, -0.06551696360111237, 0.15940625965595245, -0.9850366711616516, -0.6033833026885986, 0.7799093723297119, 0.16634342074394226, 0.7947554588317871, 0.6052529811859131, 0.04508582502603531),
            ["RightLowerArm"] = CFrame.new(1.1920928955078125e-07, 5.960464477539062e-07, -1.955777406692505e-07, 1, -6.146728992462158e-08, 2.60770320892334e-08, 6.05359673500061e-08, 0.6938596367835999, -0.7201103568077087, 2.60770320892334e-08, 0.7201103568077087, 0.6938596367835999),
            ["LeftHand"] = CFrame.new(-1.210719347000122e-08, 1.7881393432617188e-07, 7.450580596923828e-08, 0.9235013127326965, -0.13789011538028717, 0.3579549193382263, 0.07331319153308868, 0.9794024229049683, 0.18813855946063995, -0.3765244483947754, -0.14750322699546814, 0.9145885109901428),
            ["RightFrontWheel"] = CFrame.new(-0.14766472578048706, -0.009245038032531738, -0.08084511756896973, 0.9998044371604919, 0.016817044466733932, 0.01041498314589262, 0.006516337860375643, -0.7771384119987488, 0.629296064376831, 0.018676776438951492, -0.6291049122810364, -0.7770959138870239),
            ["Hog"] = CFrame.new(0.017914533615112305, -0.014946699142456055, -0.36023420095443726, 0.9998412132263184, -0.0003665220574475825, -0.017821384593844414, 0.00036645150976255536, 0.9999999403953552, -0.000007227999958558939, 0.017821388319134712, 6.961777216929477e-07, 0.9998412728309631),
            ["LowerTorso"] = CFrame.new(0.010355867445468903, -0.27962470054626465, 0.6365377902984619, 0.9999464750289917, 0.008807963691651821, 0.0054315137676894665, -0.007983190007507801, 0.9905856251716614, -0.13666154444217682, -0.006584089249372482, 0.13661086559295654, 0.9906029105186462),
            ["RightUpperLeg"] = CFrame.new(5.960464477539063e-08, 1.0244548320770264e-07, 3.066816134378314e-08, 0.9929435849189758, 0.11622332781553268, 0.02356267161667347, 0.07056710869073868, -0.4193958640098572, -0.9050564765930176, -0.09530659765005112, 0.9003328680992126, -0.4246380627155304),
            ["LeftUpperLeg"] = CFrame.new(-5.960464477539063e-08, 1.0989606380462646e-07, -8.754432201385498e-08, 0.9994284510612488, 0.02405289188027382, 0.023755962029099464, 0.031805768609046936, -0.4308325946331024, -0.9018712639808655, -0.011457768268883228, 0.9021112322807312, -0.4313514232635498)
        }},
        [4] = {Time = 0.100, Data = {
            ["LeftLowerArm"] = CFrame.new(5.960464477539063e-08, 2.384185791015625e-07, -3.0314549803733826e-07, 1, -5.303446215521035e-08, 3.0231603886932135e-08, 5.530274194143203e-08, 0.6863288283348083, -0.727291464805603, 2.693559864042072e-08, 0.7272914052009583, 0.6863288283348083),
            ["LeftFoot"] = CFrame.new(1.8742866814136505e-08, -2.980232238769531e-07, 6.05359673500061e-09, 0.9962620139122009, -0.07256672531366348, 0.0468638651072979, 0.08136454224586487, 0.9705134034156799, -0.22689993679523468, -0.029016628861427307, 0.22986479103565216, 0.9727898836135864),
            ["RightHand"] = CFrame.new(5.4016709327697754e-08, -1.7881393432617188e-07, 4.470348358154297e-08, 0.9176656007766724, 0.15977220237255096, -0.36381688714027405, -0.08669537305831909, 0.9740471839904785, 0.20908401906490326, 0.3877805769443512, -0.1603279560804367, 0.9077010750770569),
            ["HumanoidRootPart"] = CFrame.new(0, 0, 0, 1, 0, 0, 0, 1, 0, 0, 0, 1),
            ["RightLowerLeg"] = CFrame.new(2.0954757928848267e-08, 2.980232238769531e-07, -7.350899977609515e-08, 1, -1.252629147074913e-07, -2.3329639020630566e-07, 1.3783575525394554e-07, -0.49670347571372986, 0.8679203391075134, -2.3050236563904036e-07, -0.8679203391075134, -0.4967036247253418),
            ["RightFoot"] = CFrame.new(-7.450580596923828e-09, 7.152557373046875e-07, -9.480572771281004e-09, 0.987700879573822, 0.14660589396953583, -0.0543486587703228, -0.1552325338125229, 0.9610447883605957, -0.22868278622627258, 0.018705248832702637, 0.23430712521076202, 0.9719827771186829),
            ["LeftLowerLeg"] = CFrame.new(-7.695052772760391e-08, -3.5762786865234375e-07, -5.413312464952469e-08, 1, 7.613562758024273e-08, 1.320149891625988e-07, -7.660128886755047e-08, -0.49991363286972046, 0.866075336933136, 1.3224781980625266e-07, -0.8660752773284912, -0.4999135732650757),
            ["RightUpperArm"] = CFrame.new(-5.960464477539063e-08, 1.1920928955078125e-07, 2.0675361156463623e-07, -0.0022984454408288, -0.11972683668136597, 0.992804229259491, 0.6056899428367615, 0.7898092865943909, 0.09664890915155411, -0.7956974506378174, 0.6015537977218628, 0.0707019716501236),
            ["Head"] = CFrame.new(-3.259629011154175e-09, 1.1920928955078125e-07, 8.638016879558563e-08, 0.9995699524879456, 0.029176581650972366, -0.0029622805304825306, -0.028603097423911095, 0.947625994682312, -0.31809866428375244, -0.006473899353295565, 0.3180466592311859, 0.9480530619621277),
            ["LeftBackWheel"] = CFrame.new(0.03187650442123413, 0.003442823886871338, -0.0702134370803833, 0.9996779561042786, 0.013835600577294827, 0.02127673476934433, -0.00799024011939764, 0.9672825336456299, -0.25357604026794434, -0.024088993668556213, 0.2533243000507355, 0.9670814275741577),
            ["UpperTorso"] = CFrame.new(6.51925802230835e-09, -1.4901161193847656e-07, 5.4933479987084866e-08, 0.9980072975158691, -0.06308960914611816, -0.001146411639638245, 0.04971509054303169, 0.774989128112793, 0.6300161480903625, -0.03885900229215622, -0.6288177371025085, 0.7765812873840332),
            ["RightBackWheel"] = CFrame.new(0.03432804346084595, 0.003915965557098389, -0.10736429691314697, 0.9997673630714417, 0.0026004852261394262, -0.021415917202830315, 0.007622439879924059, -0.9712589383125305, 0.23790343105793, -0.02018173784017563, -0.23801128566265106, -0.9710527062416077),
            ["LeftFrontWheel"] = CFrame.new(0.286422461271286, 0.003513813018798828, -0.05615711212158203, 0.9997094869613647, 0.0019269860349595547, -0.024028804153203964, -0.007958529517054558, 0.967292308807373, -0.2535397410392761, 0.022754309698939323, 0.2536572515964508, 0.9670264720916748),
            ["LeftUpperArm"] = CFrame.new(0, 0, 1.73225998878479e-07, -0.05011240020394325, 0.15091808140277863, -0.9872753620147705, -0.6078106164932251, 0.7797764539718628, 0.15005064010620117, 0.792499303817749, 0.6075957417488098, 0.052653178572654724),
            ["RightLowerArm"] = CFrame.new(0, -1.1920928955078125e-07, -3.4086406230926514e-07, 1, -7.078052277620372e-08, 3.3527612686157227e-08, 6.51925802230835e-08, 0.682366669178009, -0.7310100793838501, 3.166496753692627e-08, 0.7310101389884949, 0.682366669178009),
            ["LeftHand"] = CFrame.new(8.825736586004496e-09, -5.960464477539063e-08, 1.6763806343078613e-07, 0.9316413402557373, -0.15247415006160736, 0.32984256744384766, 0.0905856341123581, 0.9765027165412903, 0.195542111992836, -0.3519071936607361, -0.15229612588882446, 0.9235622882843018),
            ["RightFrontWheel"] = CFrame.new(-0.1477910280227661, 0.0038176774978637695, -0.08191382884979248, 0.9989449977874756, 0.01859518140554428, 0.0419904962182045, 0.008101407438516617, -0.9713700413703918, 0.23743349313735962, 0.045203421264886856, -0.23684272170066833, -0.970495879650116),
            ["Hog"] = CFrame.new(0.015117298811674118, -0.028008222579956055, -0.3602682650089264, 0.9999170899391174, -0.0003665192052721977, -0.01287812553346157, 0.0003664682153612375, 0.9999999403953552, -0.000006322848548734328, 0.01287812739610672, 0.0000016028996014938457, 0.9999171495437622),
            ["LowerTorso"] = CFrame.new(0.012581609189510345, -0.28304457664489746, 0.6365224719047546, 0.9997702240943909, 0.01777821220457554, 0.011974932625889778, -0.015975546091794968, 0.9904819130897522, -0.13671255111694336, -0.014291456900537014, 0.13648982346057892, 0.990538477897644),
            ["RightUpperLeg"] = CFrame.new(-2.9802322387695312e-08, -2.0489096641540527e-08, -5.245237844064832e-08, 0.9918040633201599, 0.12443539500236511, 0.028995448723435402, 0.079130619764328, -0.42004793882369995, -0.9040454030036926, -0.10031578689813614, 0.8989301919937134, -0.42645201086997986),
            ["LeftUpperLeg"] = CFrame.new(2.9802322387695312e-08, -8.847564458847046e-08, -1.1594966053962708e-07, 0.9997768402099609, 0.008845087140798569, 0.019186073914170265, 0.02112526260316372, -0.4294501543045044, -0.9028434753417969, 0.0002537374966777861, 0.9030473232269287, -0.4295412600040436)
        }},
        [5] = {Time = 0.133, Data = {
            ["LeftLowerArm"] = CFrame.new(-8.940696716308594e-08, 4.172325134277344e-07, -5.587935447692871e-08, 1, -5.8673322200775146e-08, 1.7695125364980413e-08, 6.170012056827545e-08, 0.6766195893287659, -0.7363328337669373, 2.7939677238464355e-08, 0.7363327741622925, 0.6766195297241211),
            ["LeftFoot"] = CFrame.new(1.4086253941059113e-08, 0, -1.30385160446167e-08, 0.994473934173584, -0.08711005002260208, 0.05859680473804474, 0.09825384616851807, 0.9688875079154968, -0.22716352343559265, -0.03698549047112465, 0.23166556656360626, 0.9720921516418457),
            ["RightHand"] = CFrame.new(1.1175870895385742e-08, 5.960464477539063e-08, 7.450580596923828e-09, 0.9061737060546875, 0.15166892111301422, -0.3947732150554657, -0.0656132623553276, 0.9725955724716187, 0.22305336594581604, 0.4177849292755127, -0.17622269690036774, 0.8912919163703918),
            ["HumanoidRootPart"] = CFrame.new(0, 0, 0, 1, 0, 0, 0, 1, 0, 0, 0, 1),
            ["RightLowerLeg"] = CFrame.new(4.889443516731262e-08, 4.172325134277344e-07, 8.085771696642041e-08, 1, -1.3131646880992776e-07, -2.2957107148613431e-07, 1.3783575525394554e-07, -0.49760979413986206, 0.8674008846282959, -2.2340103100759734e-07, -0.8674010038375854, -0.4976099133491516),
            ["RightFoot"] = CFrame.new(-9.499490261077881e-08, 5.960464477539063e-08, 5.420588422566652e-09, 0.9877189993858337, 0.14501972496509552, -0.058143049478530884, -0.15456491708755493, 0.961308479309082, -0.22802560031414032, 0.022825166583061218, 0.23421236872673035, 0.9719176292419434),
            ["LeftLowerLeg"] = CFrame.new(1.5832483768463135e-08, -5.960464477539063e-08, -4.190951585769653e-09, 1, 7.631021503584634e-08, 1.3073439220079308e-07, -7.601921225841579e-08, -0.4987795352935791, 0.8667289018630981, 1.303851746570217e-07, -0.8667289018630981, -0.4987795054912567),
            ["RightUpperArm"] = CFrame.new(1.1920928955078125e-07, 1.1920928955078125e-07, 5.587935447692871e-09, -0.01667875424027443, -0.13114182651042938, 0.9912233948707581, 0.6141405701637268, 0.7809692621231079, 0.1136583536863327, -0.7890204191207886, 0.6106461882591248, 0.06751392036676407),
            ["Head"] = CFrame.new(-6.51925802230835e-09, 1.1920928955078125e-07, 9.580980986356735e-08, 0.9997838735580444, 0.018108131363987923, -0.010213477537035942, -0.020449096336960793, 0.9451304078102112, -0.326052725315094, 0.003748867893591523, 0.3261912167072296, 0.9452964663505554),
            ["LeftBackWheel"] = CFrame.new(0.032331883907318115, 0.0069245100021362305, -0.06839251518249512, 0.9997567534446716, 0.004205252975225449, 0.021650074049830437, -0.008108059875667095, 0.9829899668693542, 0.18348054587841034, -0.020510219037532806, -0.1836114227771759, 0.9827849268913269),
            ["UpperTorso"] = CFrame.new(-9.313225746154785e-09, 1.7881393432617188e-07, -3.504101186990738e-08, 0.9989140629768372, -0.04658807814121246, 0.00046815729001536965, 0.035615772008895874, 0.7700531482696533, 0.6369847655296326, -0.03003639355301857, -0.636276364326477, 0.7708763480186462),
            ["RightBackWheel"] = CFrame.new(0.03387647867202759, 0.007398009300231934, -0.10905742645263672, 0.9996917843818665, 0.012215973809361458, -0.021616188809275627, 0.0076630618423223495, -0.9798939824104309, -0.19937196373939514, -0.02361709624528885, 0.19914481043815613, -0.9796854257583618),
            ["LeftFrontWheel"] = CFrame.new(0.28669968247413635, 0.006997942924499512, -0.05441129207611084, 0.9990450143814087, 0.01590324565768242, -0.040696147829294205, -0.008171792142093182, 0.9829817414283752, 0.18352141976356506, 0.04292214661836624, -0.18301355838775635, 0.9821730256080627),
            ["LeftUpperArm"] = CFrame.new(1.1920928955078125e-07, 1.1920928955078125e-07, 3.166496753692627e-08, -0.03292791545391083, 0.14941443502902985, -0.9882262945175171, -0.6159743666648865, 0.775621235370636, 0.13779406249523163, 0.7870778441429138, 0.6132593154907227, 0.0664958506822586),
            ["RightLowerArm"] = CFrame.new(5.960464477539063e-08, 0, -1.9185245037078857e-07, 1, -7.07805440924858e-08, 2.980232949312267e-08, 6.146729703004894e-08, 0.6631768941879272, -0.7484627366065979, 3.3527616238870905e-08, 0.7484627366065979, 0.663176953792572),
            ["LeftHand"] = CFrame.new(-1.2665987014770508e-07, -2.384185791015625e-07, -2.60770320892334e-08, 0.9347904324531555, -0.16560935974121094, 0.314229816198349, 0.10515575855970383, 0.974029541015625, 0.2005213499069214, -0.3392772674560547, -0.15440237522125244, 0.9279282689094543),
            ["RightFrontWheel"] = CFrame.new(-0.1480669379234314, 0.007301986217498779, -0.08274531364440918, 0.9980049133300781, -0.004552148282527924, 0.06297218054533005, 0.008140865713357925, -0.9797933101654053, -0.19984686374664307, 0.06260944157838821, 0.19996070861816406, -0.977801501750946),
            ["Hog"] = CFrame.new(0.00812432449311018, -0.03149127960205078, -0.3603363633155823, 0.9999639987945557, -0.00036651495611295104, -0.008483609184622765, 0.0003664813993964344, 0.9999999403953552, -0.000005518230864254292, 0.008483611978590488, 0.0000024089465568977175, 0.9999639987945557),
            ["LowerTorso"] = CFrame.new(0.013742378912866116, -0.28394603729248047, 0.6364866495132446, 0.9994689226150513, 0.02733985148370266, 0.017731446772813797, -0.024664610624313354, 0.9903093576431274, -0.13667196035385132, -0.02129620686173439, 0.13616204261779785, 0.9904576539993286),
            ["RightUpperLeg"] = CFrame.new(0, 1.1734664440155029e-07, -5.850597517564893e-08, 0.9907293915748596, 0.13150891661643982, 0.034071147441864014, 0.08691691607236862, -0.420857310295105, -0.9029533267021179, -0.10440728068351746, 0.8975436687469482, -0.42838603258132935),
            ["LeftUpperLeg"] = CFrame.new(5.960464477539063e-08, 1.0523945093154907e-07, 2.8870999813079834e-08, 0.9998638033866882, -0.002740869764238596, 0.01627451740205288, 0.013537690974771976, -0.42780548334121704, -0.9037694931030273, 0.00943943951278925, 0.9038666486740112, -0.4277101159095764)
        }},
        [6] = {Time = 0.167, Data = {
            ["LeftLowerArm"] = CFrame.new(-8.940696716308594e-08, 0, -1.6205012798309326e-07, 1, -5.587936158235607e-08, 2.0489098417897367e-08, 7.683411951120434e-08, 0.6659758687019348, -0.7459732890129089, 3.3527616238870905e-08, 0.7459732890129089, 0.6659758687019348),
            ["LeftFoot"] = CFrame.new(1.1955853551626205e-07, 0, -1.3504177331924438e-08, 0.9927892684936523, -0.09899107366800308, 0.06760527193546295, 0.1119358092546463, 0.9673652052879333, -0.22732119262218475, -0.04289621859788895, 0.2332494556903839, 0.9714703559875488),
            ["RightHand"] = CFrame.new(-2.2351741790771484e-08, 5.960464477539063e-08, -7.450580596923828e-09, 0.8957875967025757, 0.14721998572349548, -0.4193934202194214, -0.0481853187084198, 0.9701585173606873, 0.23763583600521088, 0.4418628215789795, -0.19266261160373688, 0.8761497139930725),
            ["HumanoidRootPart"] = CFrame.new(0, 0, 0, 1, 0, 0, 0, 1, 0, 0, 0, 1),
            ["RightLowerLeg"] = CFrame.new(-1.816079020500183e-08, 5.364418029785156e-07, 2.0402512745931745e-07, 1, -1.341104365337742e-07, -2.258457811876724e-07, 1.266598843585598e-07, -0.4985170066356659, 0.8668798804283142, -2.3050236563904036e-07, -0.866879940032959, -0.49851712584495544),
            ["RightFoot"] = CFrame.new(-1.3969838619232178e-08, 5.960464477539063e-08, -2.029992174357176e-09, 0.9878448843955994, 0.14297743141651154, -0.06099167466163635, -0.15322892367839813, 0.9616718888282776, -0.22739416360855103, 0.02614172361791134, 0.2339760959148407, 0.9718909859657288),
            ["LeftLowerLeg"] = CFrame.new(1.6417470760643482e-07, 5.960464477539063e-08, -1.685693860054016e-07, 1, 7.561175863202152e-08, 1.3015234401336784e-07, -7.683411951120434e-08, -0.49775874614715576, 0.8673156499862671, 1.2991951336971397e-07, -0.8673155903816223, -0.4977587163448334),
            ["RightUpperArm"] = CFrame.new(0, 0, 2.868473529815674e-07, -0.026893554255366325, -0.13945719599723816, 0.9898629188537598, 0.6233037710189819, 0.7718153595924377, 0.12567202746868134, -0.7815172076225281, 0.6203650236129761, 0.06616734713315964),
            ["Head"] = CFrame.new(8.381903171539307e-09, 1.1920928955078125e-07, 1.9249273464083672e-07, 0.9996343851089478, 0.014772141352295876, -0.02264646254479885, -0.021510114893317223, 0.9419574737548828, -0.33504238724708557, 0.01638271100819111, 0.3354070484638214, 0.941930890083313),
            ["LeftBackWheel"] = CFrame.new(0.03157055377960205, -0.00013899803161621094, -0.06696617603302002, 0.9998300075531006, -0.004601749591529369, 0.017856592312455177, -0.006725359242409468, 0.8106594085693359, 0.5854794383049011, -0.01716984249651432, -0.5854999423027039, 0.810490608215332),
            ["UpperTorso"] = CFrame.new(1.862645149230957e-08, -8.940696716308594e-08, -1.4028046280145645e-08, 0.9993295073509216, -0.03660254925489426, 0.0009012370137497783, 0.027413463220000267, 0.7643105983734131, 0.6442654728889465, -0.024270573630928993, -0.6438087224960327, 0.7648014426231384),
            ["RightBackWheel"] = CFrame.new(0.03428924083709717, 0.00033402442932128906, -0.11049425601959229, 0.9996229410171509, 0.021005939692258835, -0.017689747735857964, 0.006242483854293823, -0.801089882850647, -0.5985115766525269, -0.02674337849020958, 0.5981753468513489, -0.8009188771247864),
            ["LeftFrontWheel"] = CFrame.new(0.28650063276290894, -0.00006395578384399414, -0.05292356014251709, 0.998323380947113, 0.03913191705942154, -0.04265321046113968, -0.006759980693459511, 0.8106446266174316, 0.5854994654655457, 0.05748831853270531, -0.5842294096946716, 0.8095499277114868),
            ["LeftUpperArm"] = CFrame.new(0, 0, 2.812594175338745e-07, -0.020179515704512596, 0.15071052312850952, -0.9883719682693481, -0.6241856217384338, 0.7703491449356079, 0.13020949065685272, 0.7810153961181641, 0.6195551156997681, 0.07852599769830704),
            ["RightLowerArm"] = CFrame.new(0, -1.7881393432617188e-07, -2.384185791015625e-07, 1, -6.332994928470725e-08, 2.607702853651972e-08, 6.798654794692993e-08, 0.6442638635635376, -0.7648033499717712, 3.3527612686157227e-08, 0.764803409576416, 0.6442638039588928),
            ["LeftHand"] = CFrame.new(-1.0989606380462646e-07, 5.960464477539063e-08, -1.4528632164001465e-07, 0.9358996152877808, -0.17533144354820251, 0.30553382635116577, 0.11545339226722717, 0.9720994234085083, 0.20418952405452728, -0.33281010389328003, -0.15582603216171265, 0.9300299286842346),
            ["RightFrontWheel"] = CFrame.new(-0.14783835411071777, 0.00023996829986572266, -0.08349812030792236, 0.9972972869873047, -0.03853185102343559, 0.06255783885717392, 0.006627559661865234, -0.8007971048355103, -0.5988991260528564, 0.07317283749580383, 0.597694993019104, -0.7983773946762085),
            ["Hog"] = CFrame.new(-0.0023651747032999992, -0.024428367614746094, -0.3604384958744049, 0.9999877214431763, -0.0003665103577077389, -0.004943415522575378, 0.0003664907708298415, 0.9999999403953552, -0.000004870038537774235, 0.004943415522575378, 0.000003058263018829166, 0.999987781047821),
            ["LowerTorso"] = CFrame.new(0.013591928407549858, -0.2821025848388672, 0.6364398002624512, 0.9991040229797363, 0.03596539795398712, 0.022312285378575325, -0.03258766606450081, 0.9900767803192139, -0.13669762015342712, -0.02700725942850113, 0.1358480453491211, 0.9903615117073059),
            ["RightUpperLeg"] = CFrame.new(0, -2.2351741790771484e-08, -6.688787834718823e-08, 0.9897825717926025, 0.13730847835540771, 0.03842994570732117, 0.09350532293319702, -0.42159053683280945, -0.9019524455070496, -0.1076439768075943, 0.8963302373886108, -0.4301220774650574),
            ["LeftUpperLeg"] = CFrame.new(-5.960464477539063e-08, 1.0244548320770264e-07, -6.332993507385254e-08, 0.9998307228088379, -0.011268864385783672, 0.014547400176525116, 0.008358113467693329, -0.42619743943214417, -0.9045916199684143, 0.016393786296248436, 0.9045599699020386, -0.42603105306625366)
        }},
        [7] = {Time = 0.200, Data = {
            ["LeftLowerArm"] = CFrame.new(-5.960464477539063e-08, -5.960464477539063e-08, 3.166496753692627e-07, 1, -6.705522537231445e-08, 3.166496753692627e-08, 6.239861960466442e-08, 0.6665472984313965, -0.7454627156257629, 2.980232594040899e-08, 0.7454627156257629, 0.6665473580360413),
            ["LeftFoot"] = CFrame.new(6.984919309616089e-09, 2.980232238769531e-07, 1.3504177331924438e-08, 0.9914365410804749, -0.10750893503427505, 0.07413244992494583, 0.12177033722400665, 0.9661619067192078, -0.22738337516784668, -0.047178201377391815, 0.23446328938007355, 0.9709795117378235),
            ["RightHand"] = CFrame.new(-8.568167686462402e-08, 1.1920928955078125e-07, 2.3096799850463867e-07, 0.8898655772209167, 0.14439815282821655, -0.43276822566986084, -0.03871525079011917, 0.9690690636634827, 0.24373413622379303, 0.45457708835601807, -0.20013585686683655, 0.867931604385376),
            ["HumanoidRootPart"] = CFrame.new(0, 0, 0, 1, 0, 0, 0, 1, 0, 0, 0, 1),
            ["RightLowerLeg"] = CFrame.new(6.332993507385254e-08, -2.384185791015625e-07, -2.0692095858976245e-07, 1, -1.2759112166804698e-07, -2.2584575276596297e-07, 1.4156104555240745e-07, -0.4990839958190918, 0.8665536642074585, -2.370216236613487e-07, -0.866553544998169, -0.49908408522605896),
            ["RightFoot"] = CFrame.new(1.1175870895385742e-08, -1.7881393432617188e-07, 1.6952981241047382e-09, 0.9879201650619507, 0.14154194295406342, -0.06308621913194656, -0.15231069922447205, 0.9619137644767761, -0.2269875705242157, 0.028555219992995262, 0.23385456204414368, 0.9718522429466248),
            ["LeftLowerLeg"] = CFrame.new(5.8353180065751076e-08, 1.1920928955078125e-07, -3.91155481338501e-08, 1, 6.903428584337234e-08, 1.3085083594432945e-07, -7.543714986013583e-08, -0.49696651101112366, 0.8677697777748108, 1.3085085015518416e-07, -0.867769718170166, -0.4969666004180908),
            ["RightUpperArm"] = CFrame.new(1.1920928955078125e-07, 1.1920928955078125e-07, 1.601874828338623e-07, -0.03257272392511368, -0.1428472399711609, 0.9892086982727051, 0.6261303424835205, 0.7685328125953674, 0.13159765303134918, -0.7790378332138062, 0.6236600875854492, 0.06440775841474533),
            ["Head"] = CFrame.new(1.5133991837501526e-09, -1.1920928955078125e-07, -4.738103598356247e-08, 0.9991629719734192, 0.018851635977625847, -0.036305807530879974, -0.030013887211680412, 0.9408584833145142, -0.3374677300453186, 0.027796808630228043, 0.3382750451564789, 0.9406366944313049),
            ["LeftBackWheel"] = CFrame.new(0.03134739398956299, -0.028778016567230225, -0.0659799575805664, 0.9998830556869507, -0.010954281315207481, 0.010677766054868698, -0.004052437841892242, 0.48339706659317017, 0.8753919005393982, -0.014750889502465725, -0.8753327131271362, 0.4832959771156311),
            ["UpperTorso"] = CFrame.new(-1.1175870895385742e-08, 0, -3.4924596548080444e-09, 0.9994411468505859, -0.03339767083525658, 0.0014764179941266775, 0.024530470371246338, 0.7626584768295288, 0.646336019039154, -0.02271212823688984, -0.6459386348724365, 0.763051450252533),
            ["RightBackWheel"] = CFrame.new(0.03431957960128784, -0.0283050537109375, -0.11145901679992676, 0.9995745420455933, 0.027264466509222984, -0.010369992814958096, 0.0036315356846898794, -0.46905001997947693, -0.8831643462181091, -0.02894304320216179, 0.8827506899833679, -0.4689493477344513),
