return {
    ["Lil' Rover"] = {
        [1] = {Time = 0.000, Data = {
            ["ParabolaStick2"] = CFrame.new(1.1920928955078125e-07, -5.960464477539063e-08, -2.9802322387695312e-08, 0.860792875289917, 0.11018373817205429, -0.4968855679035187, -0.11186379194259644, 0.9933704733848572, 0.026488421484827995, 0.4965099096298218, 0.0327824167907238, 0.8674117922782898),
            ["LeftLowerArm"] = CFrame.new(2.9802322387695312e-08, 2.384185791015625e-07, 2.9802322387695312e-08, 1, -4.470385661647924e-08, 1.341094133522347e-07, 6.472692604120311e-08, 0.579383134841919, -0.8150551915168762, -6.705523247774181e-08, 0.8150553703308105, 0.579383373260498),
            ["LeftFoot"] = CFrame.new(6.51925802230835e-08, 5.960464477539063e-08, 1.3271346688270569e-08, 0.9995134472846985, 0.019340986385941505, -0.024470949545502663, -0.02370208315551281, 0.9809515476226807, -0.19280162453651428, 0.0202752985060215, 0.1932879239320755, 0.9809326529502869),
            ["ParabolaStick1"] = CFrame.new(0, 5.587935447692871e-08, 0, 1, 2.0200968168406614e-16, -9.640279330369594e-08, 3.725290298461914e-09, 1, 2.095475348795617e-09, 9.638460340966049e-08, -2.0954755708402217e-09, 1),
            ["RightHand"] = CFrame.new(0, -3.5762786865234375e-07, 0, 0.705804705619812, -0.054649267345666885, 0.7062954306602478, 0.0800970271229744, 0.9967830181121826, -0.0029135618824511766, -0.703863799571991, 0.05862797796726227, 0.7079111933708191),
            ["HumanoidRootPart"] = CFrame.new(0, 0, 0, 1, 0, 0, 0, 1, 0, 0, 0, 1),
            ["Radar"] = CFrame.new(0, 5.960464477539063e-08, -5.960464477539063e-08, 0.909900963306427, -0.4148225784301758, 0.0015952091198414564, 0.41478148102760315, 0.9098535180091858, 0.011087505146861076, -0.006050733849406242, -0.009426919743418694, 0.9999372959136963),
            ["wR3"] = CFrame.new(-0.0994410514831543, 0.025921884924173355, 0.014176785945892334, 1, 3.492461042586825e-10, -2.7606528618662196e-08, 3.6088747545903743e-09, 1, 2.1041157705070646e-09, 2.7572824023991416e-08, -2.105480012559724e-09, 1),
            ["RightUpperArm"] = CFrame.new(-5.960464477539063e-08, 2.384185791015625e-07, 5.774199962615967e-08, 0.7257365584373474, -0.1759350746870041, 0.665087878704071, 0.1890333741903305, 0.9805333614349365, 0.05310523137450218, -0.6614929437637329, 0.08718448132276535, 0.7448744773864746),
            ["wR1"] = CFrame.new(-0.09300673007965088, -0.03612489253282547, 0.01417630910873413, 1, -1.164151205990116e-10, -1.5373271367025154e-07, 3.725290742551124e-09, 1, 2.11502926283913e-09, 2.729243249177671e-07, -2.1145956097257113e-09, 1),
            ["RightLowerLeg"] = CFrame.new(2.735760062932968e-08, 0, 9.313225746154785e-10, 0.9997952580451965, -0.0044655706733465195, -0.019736332818865776, 0.015314863994717598, -0.4704959988594055, 0.8822692632675171, -0.013225700706243515, -0.8823909163475037, -0.47033125162124634),
            ["LeftUpperLeg"] = CFrame.new(-5.960464477539063e-08, -1.253793016076088e-07, 3.632158041000366e-08, 0.9812033772468567, 0.07807296514511108, 0.17647786438465118, 0.18272122740745544, -0.0817226842045784, -0.9797624945640564, -0.06207109987735748, 0.9935925602912903, -0.0944521352648735),
            ["LeftLowerLeg"] = CFrame.new(3.632158041000366e-08, -1.1920928955078125e-07, 8.940696716308594e-08, 0.9997892379760742, 0.004301434848457575, 0.02007804438471794, -0.01585361734032631, -0.4597223997116089, 0.8879212141036987, 0.01304963231086731, -0.8880523443222046, -0.4595572054386139),
            ["SolarPanel"] = CFrame.new(-6.554241736012045e-07, -5.029141902923584e-08, 3.93774826079607e-08, 0.9444873929023743, -0.32848605513572693, -0.00375159690156579, 0.3282131254673004, 0.9429629445075989, 0.055877625942230225, -0.014822839759290218, -0.0540168397128582, 0.9984306693077087),
            ["Beep"] = CFrame.new(0, 5.960464477539063e-08, 0, 1, 2.5927407464911012e-15, -1.7407894858934014e-07, 3.725294295264803e-09, 1, 6.176894373766117e-08, 1.6703867800060834e-07, -2.800524256940662e-08, 1),
            ["LowerTorso"] = CFrame.new(-0.1547534316778183, -0.6557583808898926, 1.0649713277816772, 0.9999189972877502, 0.002455659443512559, -0.012489198707044125, -0.007693705148994923, 0.8982797861099243, -0.4393567442893982, 0.010139881633222103, 0.43941718339920044, 0.8982259631156921),
            ["Head"] = CFrame.new(1.30385160446167e-08, 0, 1.1082738637924194e-07, 0.9985460042953491, 0.04769875854253769, 0.025115378201007843, -0.0458025261759758, 0.9964014887809753, -0.07131806761026382, -0.02842678129673004, 0.07006416469812393, 0.9971374273300171),
            ["wL1"] = CFrame.new(0.09300661087036133, -0.050576455891132355, 0.03568536043167114, 1, -7.337703777920979e-09, -1.742069741794694e-07, 3.6124134794590645e-09, 1, -2.10729855787406e-09, 5.497939881138336e-08, 2.1086827839411626e-09, 1),
            ["UpperTorso"] = CFrame.new(1.862645149230957e-09, 0, 1.3597309589385986e-07, 0.9997274279594421, -0.018264254555106163, -0.014544064179062843, 0.023114347830414772, 0.8620882034301758, 0.5062307119369507, 0.003292337991297245, -0.5064290761947632, 0.8622754216194153),
            ["wL2"] = CFrame.new(0.090731680393219, -0.04318404197692871, 0.035685718059539795, 1, -7.709406446565481e-08, -9.280102375441857e-08, 7.313594352353903e-08, 1, -2.092746864690298e-09, 9.27486141222289e-08, 2.0925179367026203e-09, 1),
            ["wL3"] = CFrame.new(0.09891307353973389, -0.005237214267253876, 0.03568512201309204, 1, -8.777202253895666e-08, -2.7606528618662196e-08, 8.381390159684088e-08, 1, -2.1041157705070646e-09, 2.7572824023991416e-08, 2.1054775700690698e-09, 1),
            ["LeftUpperArm"] = CFrame.new(2.980232238769531e-07, 0, 6.891787052154541e-08, 0.4910358786582947, 0.035080619156360626, -0.8704290390014648, -0.5158331394195557, 0.8168867826461792, -0.25807690620422363, 0.7019971609115601, 0.5757303237915039, 0.41922488808631897),
            ["RightLowerArm"] = CFrame.new(-2.086162567138672e-07, 2.980232238769531e-07, -1.1920928955078125e-07, 1, 7.450626071658917e-08, 1.5646141093839105e-07, 7.404017310363997e-08, 0.556912362575531, -0.8305712342262268, -6.705524668859653e-08, 0.8305713534355164, 0.556912362575531),
            ["LeftHand"] = CFrame.new(9.685754776000977e-08, -1.7881393432617188e-07, -2.0489096641540527e-08, 0.9923677444458008, -0.1137910857796669, -0.04751778021454811, 0.09465440362691879, 0.9498854875564575, -0.2979227900505066, 0.07903742790222168, 0.2911513149738312, 0.9534066319465637),
            ["RightFoot"] = CFrame.new(2.9802322387695312e-08, 0, 2.7939677238464355e-09, 0.9993860125541687, 0.03022194281220436, -0.017729071900248528, -0.03301391378045082, 0.9817051291465759, -0.1875237375497818, 0.011737832799553871, 0.18799397349357605, 0.9821001291275024),
            ["RoverBase"] = CFrame.new(0.059735484421253204, 0.032576560974121094, 0.030148660764098167, 1, 0, 9.640278619826859e-08, -3.7252898543727042e-09, 1, -2.0954755708402217e-09, -9.638459630423313e-08, 2.0954757928848267e-09, 1),
            ["Antenna"] = CFrame.new(-5.960464477539063e-08, 5.960464477539063e-08, -5.960464477539063e-08, 1, -5.960463766996327e-08, -1.0012808360215786e-07, 3.725290298461914e-09, 1, 2.095475348795617e-09, 9.638460340966049e-08, -1.6996640539446162e-08, 1),
            ["RightUpperLeg"] = CFrame.new(5.960464477539063e-08, -1.0791700333356857e-07, -2.3748725652694702e-08, 0.9999082088470459, 0.009970244951546192, -0.009179768152534962, -0.00803887564688921, -0.10898873209953308, -0.9940105080604553, -0.0109110651537776, 0.9939929842948914, -0.1088986024260521),
            ["wR2"] = CFrame.new(-0.0912502259016037, -0.020308375358581543, 0.014176130294799805, 1, 1.1641551611596412e-10, -9.280104507070064e-08, 3.841705620288849e-09, 1, 2.092746864690298e-09, 9.274863543851097e-08, -2.092525264174583e-09, 1)
        }},
        [2] = {Time = 0.033, Data = {
            ["ParabolaStick2"] = CFrame.new(1.1920928955078125e-07, -5.960464477539063e-08, -2.9802322387695312e-08, 0.8612165451049805, 0.10618304461240768, -0.49702250957489014, -0.10898726433515549, 0.9937663674354553, 0.02345864474773407, 0.49641504883766174, 0.033966224640607834, 0.8674205541610718),
            ["LeftLowerArm"] = CFrame.new(-1.1920928955078125e-07, 4.172325134277344e-07, -1.4901161193847656e-07, 1, 5.960514926073301e-08, 1.6391147994454514e-07, 5.681069836782626e-08, 0.5796869993209839, -0.8148390650749207, -6.705524668859653e-08, 0.814839243888855, 0.5796871781349182),
            ["LeftFoot"] = CFrame.new(7.171183824539185e-08, 1.1920928955078125e-07, 2.3283064365386963e-08, 0.9995263814926147, 0.01911310665309429, -0.024121584370732307, -0.02340887300670147, 0.9809774160385132, -0.19270555675029755, 0.019979147240519524, 0.19317901134490967, 0.9809600710868835),
            ["ParabolaStick1"] = CFrame.new(-1.1920928955078125e-07, 3.725290298461914e-08, 0, 1, -2.4731838266234263e-07, 0.00020875773043371737, 2.5000784376061347e-07, 1, -0.0000019801725557044847, -0.0002087577013298869, 0.0000019802760107268114, 1),
            ["RightHand"] = CFrame.new(-2.384185791015625e-07, -2.980232238769531e-07, 1.043081283569336e-07, 0.7073511481285095, -0.05412385240197182, 0.7047870755195618, 0.08042245358228683, 0.9967522621154785, -0.0041676671244204044, -0.7022724151611328, 0.059628136456012726, 0.7094066739082336),
            ["HumanoidRootPart"] = CFrame.new(0, 0, 0, 1, 0, 0, 0, 1, 0, 0, 0, 1),
            ["Radar"] = CFrame.new(0, 2.9802322387695312e-08, -5.960464477539063e-08, 0.9088806509971619, -0.4170527160167694, 0.001772287068888545, 0.417019248008728, 0.9088483452796936, 0.00946720875799656, -0.005559048615396023, -0.007865539751946926, 0.9999536275863647),
            ["wR3"] = CFrame.new(-0.09961724281311035, 0.009537259116768837, 0.01389455795288086, 0.9942627549171448, -0.10696595162153244, 0.00021093404211569577, 0.10696598142385483, 0.9942627549171448, -0.00003155734884785488, -0.00020634826796595007, 0.00005393909668782726, 1),
            ["RightUpperArm"] = CFrame.new(0, 1.1920928955078125e-07, 1.2852251529693604e-07, 0.7246142029762268, -0.17464976012706757, 0.6666484475135803, 0.18957272171974182, 0.9805500507354736, 0.0508267804980278, -0.6625681519508362, 0.08954974263906479, 0.7436374425888062),
            ["wR1"] = CFrame.new(-0.09314119815826416, -0.03778589516878128, 0.01456594467163086, 0.9948620200157166, -0.10123994201421738, 0.0001983701513381675, 0.10124001652002335, 0.9948557615280151, -0.0035591847263276577, 0.0001631011109566316, 0.003560979850590229, 0.9999937415122986),
            ["RightLowerLeg"] = CFrame.new(1.862645149230957e-09, 0, 3.888271749019623e-08, 0.9997952580451965, -0.004465632606297731, -0.01973629742860794, 0.015314804390072823, -0.4704957604408264, 0.8822693824768066, -0.013225735165178776, -0.882391095161438, -0.47033098340034485),
            ["LeftUpperLeg"] = CFrame.new(2.9802322387695312e-08, -7.194466888904572e-08, 7.12461769580841e-08, 0.9817948341369629, 0.0757044330239296, 0.17420613765716553, 0.18036450445652008, -0.08397621661424637, -0.9800084829330444, -0.05956219136714935, 0.9935879111289978, -0.09610176086425781),
            ["LeftLowerLeg"] = CFrame.new(-2.514570951461792e-08, 0, 6.705522537231445e-08, 0.9997893571853638, 0.0043050567619502544, 0.02007041685283184, -0.015841633081436157, -0.4599624276161194, 0.8877970576286316, 0.013053656555712223, -0.8879280090332031, -0.4597972631454468),
            ["SolarPanel"] = CFrame.new(-6.554236620104348e-07, -7.264316082000732e-08, 3.9959559217095375e-08, 0.945492684841156, -0.3255794942378998, -0.003944112919270992, 0.32534322142601013, 0.9440459609031677, 0.0543491430580616, -0.013976998627185822, -0.05267970636487007, 0.9985142946243286),
            ["Beep"] = CFrame.new(-1.1920928955078125e-07, 4.470348358154297e-08, -2.9802322387695312e-08, 0.9999827146530151, -0.005887635517865419, -0.000018923356037703343, 0.005887667648494244, 0.9999826550483704, 7.62409683829901e-07, 0.000018911567167378962, -8.399398438996286e-07, 1),
            ["LowerTorso"] = CFrame.new(-0.15495099127292633, -0.6461364030838013, 1.064013123512268, 0.9999299645423889, 0.00044297054409980774, -0.01183569896966219, -0.0055791400372982025, 0.8991044163703918, -0.4376988410949707, 0.010447641834616661, 0.4377342760562897, 0.8990437388420105),
            ["Head"] = CFrame.new(-1.862645149230957e-09, 0, 1.993030309677124e-07, 0.9984467029571533, 0.0497172586619854, 0.02515057846903801, -0.04784238338470459, 0.9963755011558533, -0.07033579796552658, -0.028556322678923607, 0.06902341544628143, 0.9972062706947327),
            ["wL1"] = CFrame.new(0.09287106990814209, -0.06250494718551636, 0.035370826721191406, 0.9942628145217896, 0.10696542263031006, 0.00021063091116957366, -0.10696552693843842, 0.9942564964294434, 0.00355148664675653, 0.00017034595657605678, -0.0035536407958716154, 0.9999937415122986),
            ["UpperTorso"] = CFrame.new(-1.862645149230957e-09, 5.960464477539063e-08, -1.2246891856193542e-07, 0.9997288584709167, -0.018235046416521072, -0.014481639489531517, 0.023048559203743935, 0.8634727001190186, 0.503868579864502, 0.0033164341002702713, -0.5040658116340637, 0.8636589050292969),
            ["wL2"] = CFrame.new(0.09055440127849579, -0.044376179575920105, 0.0356631875038147, 0.9942627549171448, 0.10696589201688766, 0.00021089515939820558, -0.10696592926979065, 0.9942627549171448, 0.00003255533738411032, -0.00020620292343664914, -0.00005492719719768502, 1),
            ["wL3"] = CFrame.new(0.09873580932617188, -0.02839336171746254, 0.03596752882003784, 0.9942627549171448, 0.10696586221456528, 0.00021093404211569577, -0.10696589201688766, 0.9942627549171448, 0.00003155734884785488, -0.00020634826796595007, -0.000053939078497933224, 1),
            ["LeftUpperArm"] = CFrame.new(-1.1920928955078125e-07, -1.1920928955078125e-07, 1.564621925354004e-07, 0.4889480471611023, 0.033908262848854065, -0.871649980545044, -0.5161014795303345, 0.8168261647224426, -0.2577316164970398, 0.7032561302185059, 0.5758864879608154, 0.41689416766166687),
            ["RightLowerArm"] = CFrame.new(-2.384185791015625e-07, 7.152557373046875e-07, 3.2782554626464844e-07, 1, 7.450624117666393e-09, 8.940647688859826e-08, 7.636845111846924e-08, 0.5653331875801086, -0.824862539768219, -9.313225746154785e-08, 0.8248627185821533, 0.5653333067893982),
            ["LeftHand"] = CFrame.new(3.3527612686157227e-07, -1.7881393432617188e-07, -5.029141902923584e-08, 0.992363452911377, -0.11275598406791687, -0.05000961571931839, 0.09309783577919006, 0.9506369829177856, -0.29601016640663147, 0.08091786503791809, 0.28909406065940857, 0.9538747668266296),
            ["RightFoot"] = CFrame.new(-7.776543498039246e-08, 1.7881393432617188e-07, -2.9336661100387573e-08, 0.9993751049041748, 0.02989380620419979, -0.018863428384065628, -0.03290501981973648, 0.9817070960998535, -0.18753251433372498, 0.0129127511754632, 0.18803608417510986, 0.9820773005485535),
            ["RoverBase"] = CFrame.new(0.059735484421253204, 0.041088104248046875, 0.030148660764098167, 1, 2.477318048477173e-07, -0.00020875771588180214, -2.495944215752388e-07, 1, 0.0000019802243969024858, 0.00020875768677797168, -0.000001980224624276161, 1),
            ["Antenna"] = CFrame.new(-5.960464477539063e-08, 5.960464477539063e-08, 5.960464477539063e-08, 0.999997079372406, -0.0023362634237855673, 0.0007137051434256136, 0.0023391826543956995, 0.9999887943267822, -0.00411105016246438, -0.0007040969794616103, 0.004112713970243931, 0.9999912977218628),
            ["RightUpperLeg"] = CFrame.new(0, -1.1468364391475916e-07, -1.1548399925231934e-07, 0.9998579621315002, 0.012679384090006351, -0.011105943471193314, -0.00964376050978899, -0.11006481945514679, -0.993877649307251, -0.013824189081788063, 0.9938435554504395, -0.10992695391178131),
            ["wR2"] = CFrame.new(-0.09142644703388214, -0.04461976885795593, 0.014198780059814453, 0.9942627549171448, -0.10696596652269363, 0.00021089515939820558, 0.10696600377559662, 0.9942627549171448, -0.00003255533738411032, -0.00020620292343664914, 0.000054927211749600247, 1)
        }},
        [3] = {Time = 0.067, Data = {
            ["ParabolaStick2"] = CFrame.new(1.1920928955078125e-07, -5.960464477539063e-08, -2.9802322387695312e-08, 0.8618852496147156, 0.09859374910593033, -0.49742642045021057, -0.10276445001363754, 0.9945230484008789, 0.01906314678490162, 0.4965815842151642, 0.034687645733356476, 0.8672967553138733),
            ["LeftLowerArm"] = CFrame.new(8.940696716308594e-08, 3.5762786865234375e-07, 8.940696716308594e-08, 1, 2.980257463036651e-08, 1.4901044664838992e-07, 5.2386894822120667e-08, 0.5876081585884094, -0.809145450592041, -6.705522537231445e-08, 0.8091456890106201, 0.5876083374023438),
            ["LeftFoot"] = CFrame.new(-4.330649971961975e-08, 5.960464477539063e-08, -2.0954757928848267e-09, 0.9995459914207458, 0.018741527572274208, -0.023592276498675346, -0.022941093891859055, 0.9809967279434204, -0.19266362488269806, 0.019532889127731323, 0.1931174248456955, 0.9809812903404236),
            ["ParabolaStick1"] = CFrame.new(0, 5.960464477539063e-08, 0, 0.9999972581863403, 0.0023277297150343657, 0.00031597260385751724, -0.0023277257569134235, 0.9999973773956299, -0.0000036060766888112994, -0.00031598014174960554, 0.0000028701063001790317, 1),
            ["RightHand"] = CFrame.new(-2.9802322387695312e-08, -2.980232238769531e-07, -8.940696716308594e-08, 0.7100661396980286, -0.055613599717617035, 0.701935350894928, 0.08159907907247543, 0.9966589212417603, -0.0035779112949967384, -0.6993910074234009, 0.059817202389240265, 0.7122317552566528),
            ["HumanoidRootPart"] = CFrame.new(0, 0, 0, 1, 0, 0, 0, 1, 0, 0, 0, 1),
            ["Radar"] = CFrame.new(2.9802322387695312e-08, 5.21540641784668e-08, 0, 0.9081187844276428, -0.4187088906764984, 0.0018418387044221163, 0.41868773102760315, 0.9081037044525146, 0.006937186699360609, -0.004577222745865583, -0.005528684239834547, 0.999974250793457),
            ["wR3"] = CFrame.new(-0.09980082511901855, -0.012061934918165207, 0.013749659061431885, 0.9781711101531982, -0.20780117809772491, 0.00032404405646957457, 0.20780125260353088, 0.9781711101531982, -0.00006196470349095762, -0.0003040943411178887, 0.00012794834037777036, 1),
            ["RightUpperArm"] = CFrame.new(0, 7.152557373046875e-07, -7.636845111846924e-08, 0.7219573259353638, -0.1730928122997284, 0.669929027557373, 0.19031751155853271, 0.9805362224578857, 0.04824472963809967, -0.6652495265007019, 0.09266985207796097, 0.740855872631073),
            ["wR1"] = CFrame.new(-0.09339368343353271, -0.04758598655462265, 0.014733731746673584, 0.9787009954452515, -0.20529109239578247, 0.0002987987536471337, 0.2052897810935974, 0.9786866903305054, -0.005344894714653492, 0.0008049477473832667, 0.005292391404509544, 0.9999857544898987),
            ["RightLowerLeg"] = CFrame.new(-5.005858838558197e-08, 0, -5.3318217396736145e-08, 0.999795138835907, -0.004460933152586222, -0.01974320225417614, 0.015325844287872314, -0.4703129231929779, 0.8823667168617249, -0.01322165597230196, -0.8824885487556458, -0.47014811635017395),
            ["LeftUpperLeg"] = CFrame.new(-5.960464477539063e-08, -9.324867278337479e-08, 3.026798367500305e-08, 0.9825241565704346, 0.07251673936843872, 0.17142821848392487, 0.17730893194675446, -0.08439040929079056, -0.9805304408073425, -0.05663832277059555, 0.9937905073165894, -0.09577339142560959),
            ["LeftLowerLeg"] = CFrame.new(-1.1362135410308838e-07, 1.1920928955078125e-07, -2.2351741790771484e-08, 0.9997895956039429, 0.00431084306910634, 0.02005932852625847, -0.01582428440451622, -0.46028897166252136, 0.8876281976699829, 0.013059531338512897, -0.8877586722373962, -0.46012380719184875),
            ["SolarPanel"] = CFrame.new(-6.852258138678735e-07, -7.82310962677002e-08, 9.976793080568314e-08, 0.947077214717865, -0.32094383239746094, -0.0038330501411110163, 0.32070210576057434, 0.9456070065498352, 0.05478780344128609, -0.013964475132524967, -0.05312709882855415, 0.9984906911849976),
            ["Beep"] = CFrame.new(-1.1920928955078125e-07, 1.4901161193847656e-08, 2.9802322387695312e-08, 0.9999111890792847, -0.013329881243407726, -0.00009071398380910978, 0.01332990825176239, 0.9999111890792847, 0.00009406972822034732, 0.00008944488217821345, -0.00009523770859232172, 1),
            ["LowerTorso"] = CFrame.new(-0.154992014169693, -0.6357830762863159, 1.0608865022659302, 0.9999356865882874, -0.0018012125510722399, -0.011196214705705643, -0.0032641207799315453, 0.8998064398765564, -0.4362771511077881, 0.010860253125429153, 0.43628576397895813, 0.8997427225112915),
            ["Head"] = CFrame.new(9.313225746154785e-09, 1.1920928955078125e-07, 6.239861249923706e-08, 0.9983455538749695, 0.05164216831326485, 0.025285692885518074, -0.04989397153258324, 0.9966063499450684, -0.06547150015830994, -0.02858097478747368, 0.0641017034649849, 0.9975340366363525),
            ["wL1"] = CFrame.new(0.09303402900695801, -0.0686061754822731, 0.035214364528656006, 0.9781712293624878, 0.2078002542257309, 0.0003066112694796175, -0.20779894292354584, 0.9781569242477417, 0.005349735729396343, 0.0008116430835798383, -0.005296669434756041, 0.9999856352806091),
            ["UpperTorso"] = CFrame.new(2.3748725652694702e-08, -2.9802322387695312e-08, 1.3737007975578308e-08, 0.9997356534004211, -0.01803767867386341, -0.014262092299759388, 0.022753026336431503, 0.8656864762306213, 0.500069260597229, 0.0033264111261814833, -0.5002615451812744, 0.8658679723739624),
            ["wL2"] = CFrame.new(0.09064677357673645, -0.04914380609989166, 0.03565168380737305, 0.9781711101531982, 0.20780108869075775, 0.0003236281918361783, -0.20780117809772491, 0.9781711101531982, 0.0000639968566247262, -0.00030326528940349817, -0.00012984969362150878, 1),
            ["wL3"] = CFrame.new(0.09883642196655273, -0.054341480135917664, 0.03611266613006592, 0.9781711101531982, 0.20780108869075775, 0.00032404405646957457, -0.20780116319656372, 0.9781711101531982, 0.00006196470349095762, -0.0003040943411178887, -0.0001279483112739399, 1),
            ["LeftUpperArm"] = CFrame.new(1.7881393432617188e-07, 5.960464477539062e-07, -1.4901161193847656e-08, 0.48534369468688965, 0.030193030834197998, -0.8737984895706177, -0.5171107649803162, 0.8157736659049988, -0.25903892517089844, 0.7050092220306396, 0.5775826573371887, 0.41155216097831726),
            ["RightLowerArm"] = CFrame.new(5.960464477539063e-08, 7.748603820800781e-07, -1.1920928955078125e-07, 1, 0, 8.195598866223008e-08, 7.4505820180093e-08, 0.5779116749763489, -0.8160992860794067, -1.1362138252479781e-07, 0.8160993456840515, 0.5779117941856384),
            ["LeftHand"] = CFrame.new(-6.705522537231445e-08, 0, -6.891787052154541e-08, 0.9923453330993652, -0.11216868460178375, -0.05166316404938698, 0.09199514985084534, 0.9505277872085571, -0.29670485854148865, 0.0823882594704628, 0.2896811068058014, 0.9535707831382751),
            ["RightFoot"] = CFrame.new(3.818422555923462e-08, 5.960464477539063e-08, 9.313225746154785e-09, 0.9993743896484375, 0.029739614576101303, -0.01914028450846672, -0.03280668705701828, 0.9816942811012268, -0.1876170039176941, 0.013210425153374672, 0.18812763690948486, 0.9820557236671448),
            ["RoverBase"] = CFrame.new(0.059735484421253204, 0.04924511909484863, 0.030148660764098167, 0.9999972581863403, -0.0023277290165424347, -0.00031598014174960554, 0.002327726921066642, 0.9999973773956299, 0.0000028705685508612078, 0.0003159726329613477, -0.000003605615347623825, 1),
            ["Antenna"] = CFrame.new(-5.960464477539063e-08, 4.470348358154297e-08, 0, 0.9999952912330627, -0.0030213783029466867, 0.0006852934020571411, 0.00302556692622602, 0.9999762177467346, -0.006211294326931238, -0.0006665138062089682, 0.00621333671733737, 0.9999805688858032),
            ["RightUpperLeg"] = CFrame.new(0, -1.150183379650116e-07, 1.816079020500183e-08, 0.9998313784599304, 0.012511343695223331, -0.01344347558915615, -0.012003484182059765, -0.10880022495985031, -0.9939911961555481, -0.013898874633014202, 0.9939849376678467, -0.1086316630244255),
            ["wR2"] = CFrame.new(-0.09174178540706635, -0.06696812063455582, 0.014210402965545654, 0.9781711101531982, -0.20780116319656372, 0.0003236281918361783, 0.20780125260353088, 0.9781711101531982, -0.0000639968566247262, -0.00030326528940349817, 0.000129849708173424, 1)
        }},
        [4] = {Time = 0.100, Data = {
            ["ParabolaStick2"] = CFrame.new(-1.1920928955078125e-07, -5.960464477539063e-08, 0, 0.8624089360237122, 0.09082924574613571, -0.49799680709838867, -0.09566495567560196, 0.9952872395515442, 0.015861287713050842, 0.4970906376838684, 0.03396201133728027, 0.8670337796211243),
            ["LeftLowerArm"] = CFrame.new(1.4901161193847656e-07, 1.1920928955078125e-07, 3.2782554626464844e-07, 1, 8.940771323295849e-08, 1.4901041822668049e-07, -1.7113050532202578e-08, 0.6006174683570862, -0.799536406993866, -1.1175869474300271e-07, 0.7995365858078003, 0.6006176471710205),
            ["LeftFoot"] = CFrame.new(-3.119930624961853e-08, 1.1920928955078125e-07, -1.0710209608078003e-08, 0.9995660781860352, 0.01837732642889023, -0.023024247959256172, -0.022473905235528946, 0.9810070395469666, -0.19266608357429504, 0.01904570497572422, 0.1931000053882599, 0.9809942245483398),
            ["ParabolaStick1"] = CFrame.new(0, 5.21540641784668e-08, 2.9802322387695312e-08, 0.9999890923500061, 0.004655666183680296, 0.00042318282066844404, -0.004655663389712572, 0.9999891519546509, -0.000005477617378346622, -0.0004232038336340338, 0.000003507314659145777, 0.9999998807907104),
            ["RightHand"] = CFrame.new(-1.043081283569336e-07, -1.7881393432617188e-07, 1.4901161193847656e-07, 0.7139754891395569, -0.06014452129602432, 0.6975826621055603, 0.0879930853843689, 0.9961124658584595, -0.004175334237515926, -0.6946194767951965, 0.06436295807361603, 0.716492235660553),
            ["HumanoidRootPart"] = CFrame.new(0, 0, 0, 1, 0, 0, 0, 1, 0, 0, 0, 1),
            ["Radar"] = CFrame.new(-2.9802322387695312e-08, -2.9802322387695312e-08, 0, 0.9035716652870178, -0.4284335672855377, 0.0017839979846030474, 0.42842260003089905, 0.9035674929618835, 0.004434775095432997, -0.003511951770633459, -0.003242883598431945, 0.9999886155128479),
            ["wR3"] = CFrame.new(-0.10009419918060303, -0.03714732080698013, 0.013604700565338135, 0.9517022967338562, -0.30702200531959534, 0.00044095367775298655, 0.30702221393585205, 0.9517024159431458, -0.00009189842239720747, -0.00039144197944551706, 0.0002228423982160166, 1),
            ["RightUpperArm"] = CFrame.new(1.1920928955078125e-07, 3.5762786865234375e-07, -8.754432201385498e-08, 0.7187182307243347, -0.1723652184009552, 0.6735895872116089, 0.1908946931362152, 0.9804745316505432, 0.047206975519657135, -0.6685830950737, 0.09465745836496353, 0.7375965118408203),
            ["wR1"] = CFrame.new(-0.09372472763061523, -0.06268937140703201, 0.014849543571472168, 0.9533385038375854, -0.30190303921699524, 0.0003761851112358272, 0.3018982410430908, 0.9533145427703857, -0.00699426606297493, 0.0017530869226902723, 0.006781472358852625, 0.9999754428863525),
            ["RightLowerLeg"] = CFrame.new(-4.0512531995773315e-08, -1.7881393432617188e-07, 1.3504177331924438e-08, 0.9997950196266174, -0.004459582734853029, -0.019748257473111153, 0.015333685092628002, -0.47012990713119507, 0.8824640512466431, -0.013219667598605156, -0.8825860023498535, -0.4699651598930359),
            ["LeftUpperLeg"] = CFrame.new(5.960464477539063e-08, 1.487787812948227e-07, 1.5832483768463135e-08, 0.9832351207733154, 0.06938932836055756, 0.16862326860427856, 0.17414414882659912, -0.08317101001739502, -0.9812015295028687, -0.05406070500612259, 0.9941165447235107, -0.09386037290096283),
            ["LeftLowerLeg"] = CFrame.new(-8.381903171539307e-08, 1.1920928955078125e-07, -2.0116567611694336e-07, 0.9997897744178772, 0.004316614009439945, 0.020047426223754883, -0.015805641189217567, -0.46065977215766907, 0.8874360918998718, 0.01306575071066618, -0.887566328048706, -0.46049463748931885),
            ["SolarPanel"] = CFrame.new(-4.1700440078784595e-07, -9.872019290924072e-08, 1.599255483597517e-07, 0.9478292465209961, -0.3187263011932373, -0.002909812843427062, 0.3184143006801605, 0.9462835788726807, 0.05642273277044296, -0.015235227532684803, -0.05441491678357124, 0.9984027743339539),
            ["Beep"] = CFrame.new(-1.1920928955078125e-07, 0, 0, 0.9998190999031067, -0.019017957150936127, -0.00006928987568244338, 0.019017988815903664, 0.9998190402984619, 0.00027953824610449374, 0.00006395413220161572, -0.00028077131719328463, 1),
            ["LowerTorso"] = CFrame.new(-0.15479840338230133, -0.623955488204956, 1.0569331645965576, 0.9999358057975769, -0.003931169398128986, -0.010626547038555145, -0.0010915047023445368, 0.9000967144966125, -0.4356887638568878, 0.01127768587321043, 0.43567243218421936, 0.9000346660614014),
            ["Head"] = CFrame.new(2.0489096641540527e-08, 4.76837158203125e-07, -6.752088665962219e-08, 0.9982537031173706, 0.053320061415433884, 0.025427494198083878, -0.05174843221902847, 0.9969213604927063, -0.05890671908855438, -0.028490114957094193, 0.05748813971877098, 0.9979397058486938),
            ["wL1"] = CFrame.new(0.0932384729385376, -0.07577084749937057, 0.03505969047546387, 0.9517025351524353, 0.30702129006385803, 0.0003942097828257829, -0.307016521692276, 0.9516786336898804, 0.0069951144978404045, 0.0017723685596138239, -0.0067782956175506115, 0.9999754428863525),
            ["UpperTorso"] = CFrame.new(-1.9907020032405853e-08, 2.086162567138672e-07, 8.393544703722e-08, 0.9997460246086121, -0.017725981771945953, -0.013922262005507946, 0.02229779027402401, 0.8680526614189148, 0.4959711730480194, 0.0032936795614659786, -0.4961557388305664, 0.8682273626327515),
            ["wL2"] = CFrame.new(0.0908123105764389, -0.06473632156848907, 0.035640180110931396, 0.9517022967338562, 0.30702194571495056, 0.00043210777221247554, -0.3070221543312073, 0.9517024159431458, 0.0000962562407949008, -0.00038168535684235394, -0.00022427381190937012, 1),
            ["wL3"] = CFrame.new(0.0990595817565918, -0.08221425861120224, 0.03625774383544922, 0.9517024159431458, 0.3070219159126282, 0.00044095367775298655, -0.3070221543312073, 0.9517024159431458, 0.00009189842239720747, -0.00039144206675700843, -0.0002228423545602709, 1),
            ["LeftUpperArm"] = CFrame.new(1.1920928955078125e-07, 1.1920928955078125e-07, 2.9802322387695312e-08, 0.4811991751194, 0.024850130081176758, -0.8762555122375488, -0.5187018513679504, 0.8138901591300964, -0.26176807284355164, 0.7066793441772461, 0.5804871916770935, 0.40454134345054626),
            ["RightLowerArm"] = CFrame.new(1.1920928955078125e-07, -1.7881393432617188e-07, -8.940696716308594e-08, 1, 2.2351866135750242e-08, 6.7054898522656e-08, 8.754432911928234e-08, 0.589995801448822, -0.8074062466621399, -8.381903882082042e-08, 0.8074063062667847, 0.5899960398674011),
            ["LeftHand"] = CFrame.new(7.450580596923828e-08, -4.172325134277344e-07, 1.4901161193847656e-07, 0.9923205375671387, -0.11208730190992355, -0.05231067165732384, 0.09148579090833664, 0.9497030377388, -0.29949042201042175, 0.08324874192476273, 0.29240503907203674, 0.9526642560958862),
            ["RightFoot"] = CFrame.new(1.1641532182693481e-08, 0, -1.257285475730896e-08, 0.9993751049041748, 0.02954086661338806, -0.01941128820180893, -0.0326639823615551, 0.9816784262657166, -0.18772505223751068, 0.013510189950466156, 0.1882418543100357, 0.9820297956466675),
            ["RoverBase"] = CFrame.new(0.059735484421253204, 0.05846595764160156, 0.030148660764098167, 0.9999890923500061, -0.004655665718019009, -0.00042320380453020334, 0.004655664786696434, 0.9999892115592957, 0.0000035073599065071903, 0.00042318293708376586, -0.000005477573722600937, 0.9999998807907104),
            ["Antenna"] = CFrame.new(0, 2.9802322387695312e-08, 5.960464477539063e-08, 0.999994158744812, -0.0033871661871671677, -0.000564335728995502, 0.0033829035237431526, 0.9999674558639526, -0.007337427698075771, 0.0005891635082662106, 0.007335435599088669, 0.999972939491272),
            ["RightUpperLeg"] = CFrame.new(0, 9.953510016202927e-08, 5.052424967288971e-08, 0.9997979998588562, 0.012344508431851864, -0.015863383188843727, -0.014468658715486526, -0.10586338490247726, -0.9942753911018372, -0.013953250832855701, 0.9943040609359741, -0.10566341876983643),
            ["wR2"] = CFrame.new(-0.09206582605838776, -0.06870885193347931, 0.014222025871276855, 0.9517022967338562, -0.30702200531959534, 0.00043210777221247554, 0.30702221393585205, 0.9517024159431458, -0.0000962562407949008, -0.00038168535684235394, 0.00022427384101320058, 1)
        }},
        [5] = {Time = 0.133, Data = {
            ["ParabolaStick2"] = CFrame.new(1.1920928955078125e-07, -5.960464477539063e-08, -2.980229751869956e-08, 0.8823100328445435, 0.08594880998134613, -0.4627548158168793, -0.08330906182527542, 0.9961797595024109, 0.026182305067777634, 0.4632372558116913, 0.015450933948159218, 0.886099636554718),
            ["LeftLowerArm"] = CFrame.new(5.364418029785156e-07, 5.960464477539063e-08, -1.341104507446289e-07, 1, -2.980256041951179e-08, 1.6391157942052814e-07, 9.406359424701805e-08, 0.6168535351753235, -0.7870779037475586, -3.725290653733282e-08, 0.7870780229568481, 0.616853654384613),
            ["LeftFoot"] = CFrame.new(-5.448237061500549e-08, 0, 1.5366822481155396e-08, 0.99958336353302, 0.01807643100619316, -0.022504309192299843, -0.02207905426621437, 0.98100745677948, -0.1927093118429184, 0.018592994660139084, 0.1931259036064148, 0.9809978008270264),
            ["ParabolaStick1"] = CFrame.new(0, -7.450580596923828e-09, 0, 0.9999755620956421, 0.006983680184930563, 0.00042596831917762756, -0.006983678322285414, 0.9999756217002869, -0.000006239496997295646, -0.00042600149754434824, 0.000003264416363890632, 0.9999999403953552),
            ["RightHand"] = CFrame.new(4.470348358154297e-08, -1.7881393432617188e-07, -1.6391277313232422e-07, 0.7179110050201416, -0.06896959990262985, 0.6927096843719482, 0.10088735818862915, 0.9948828816413879, -0.005500211380422115, -0.6887855529785156, 0.07383376359939575, 0.7211955785751343),
            ["HumanoidRootPart"] = CFrame.new(0, 0, 0, 1, 0, 0, 0, 1, 0, 0, 0, 1),
            ["Radar"] = CFrame.new(2.9802322387695312e-08, -7.450580596923828e-08, -5.960464477539063e-08, 0.8952401280403137, -0.44558197259902954, 0.0015035453252494335, 0.445578008890152, 0.8952401876449585, 0.0022312819492071867, -0.0023402366787195206, -0.0013276379322633147, 0.9999964237213135),
            ["wR3"] = CFrame.new(-0.1004185676574707, -0.06369566172361374, 0.01360088586807251, 0.916064441204071, -0.4010309875011444, 0.00045641479664482176, 0.4010311961174011, 0.9160645604133606, -0.00011932163761230186, -0.00037025377969257534, 0.00029234265093691647, 0.9999999403953552),
            ["RightUpperArm"] = CFrame.new(0, 0, 8.009374141693115e-08, 0.7147526144981384, -0.17344026267528534, 0.677521824836731, 0.19074921309947968, 0.9803778529167175, 0.049734730273485184, -0.6728622317314148, 0.09368997067213058, 0.733819305896759),
            ["wR1"] = CFrame.new(-0.09398996829986572, -0.06667450070381165, 0.014863312244415283, 0.9181345105171204, -0.396268755197525, 0.0003565679653547704, 0.3962574005126953, 0.9181004762649536, -0.008479148149490356, 0.003032774431630969, 0.007926288060843945, 0.9999639987945557),
            ["RightLowerLeg"] = CFrame.new(-5.075708031654358e-08, -5.960464477539063e-08, 2.7008354663848877e-08, 0.9997950792312622, -0.004461392760276794, -0.019744642078876495, 0.015327995643019676, -0.4702399969100952, 0.8824055194854736, -0.01322147436439991, -0.8825273513793945, -0.47007521986961365),
            ["LeftUpperLeg"] = CFrame.new(-5.960464477539063e-08, -1.2782402336597443e-07, 1.0849907994270325e-07, 0.9836851358413696, 0.066905178129673, 0.16699501872062683, 0.17217262089252472, -0.08100166916847229, -0.9817308783531189, -0.05215633660554886, 0.9944659471511841, -0.09119933098554611),
            ["LeftLowerLeg"] = CFrame.new(-8.568167686462402e-08, 0, 1.043081283569336e-07, 0.9997898936271667, 0.004319928120821714, 0.02004043012857437, -0.01579470746219158, -0.4608772397041321, 0.8873233199119568, 0.013069306500256062, -0.8874534368515015, -0.46071213483810425),
            ["SolarPanel"] = CFrame.new(-4.170028375938273e-07, -1.6391277313232422e-07, 1.6167177818715572e-07, 0.9485121369361877, -0.3166930675506592, -0.002400958212092519, 0.3163435757160187, 0.946928083896637, 0.05725008621811867, -0.015862219035625458, -0.055071111768484116, 0.9983569979667664),
            ["Beep"] = CFrame.new(0, -1.4901161193847656e-08, 0, 0.9998478889465332, -0.017441794276237488, -0.00003851577275781892, 0.017441822215914726, 0.9998477697372437, 0.0005600560689345002, 0.00002873445555451326, -0.0005606088670901954, 0.9999998807907104),
            ["LowerTorso"] = CFrame.new(-0.1543818563222885, -0.6131184101104736, 1.0534987449645996, 0.9999349117279053, -0.004754699766635895, -0.010373582132160664, -0.0002411766181467101, 0.9000515937805176, -0.4357834458351135, 0.011408776044845581, 0.43575772643089294, 0.8999918103218079),
            ["Head"] = CFrame.new(-5.587935447692871e-09, 0, 6.891787052154541e-08, 0.998207688331604, 0.05412125959992409, 0.025541922077536583, -0.05277256667613983, 0.9973129630088806, -0.050812505185604095, -0.028223326429724693, 0.04937363788485527, 0.9983816146850586),
            ["wL1"] = CFrame.new(0.09355020523071289, -0.08257924765348434, 0.03506523370742798, 0.9160642623901367, 0.4010313153266907, 0.0003651528968475759, -0.4010199010372162, 0.9160300493240356, 0.008495797403156757, 0.003072469960898161, -0.007929125800728798, 0.9999638795852661),
            ["UpperTorso"] = CFrame.new(1.6298145055770874e-09, -1.7881393432617188e-07, 3.504101186990738e-08, 0.9997485280036926, -0.017805909737944603, -0.013638718985021114, 0.022209858521819115, 0.8707337975502014, 0.4912527799606323, 0.0031284871511161327, -0.49143216013908386, 0.8709103465080261),
            ["wL2"] = CFrame.new(0.09116886556148529, -0.08450467884540558, 0.035639941692352295, 0.9160643815994263, 0.40103089809417725, 0.00044803795753978193, -0.4010310769081116, 0.9160645008087158, 0.00012516070273704827, -0.0003602383949328214, -0.0002943321887869388, 0.9999999403953552),
            ["wL3"] = CFrame.new(0.09933459758758545, -0.08733552694320679, 0.036261558532714844, 0.9160643815994263, 0.40103086829185486, 0.00045641479664482176, -0.4010310471057892, 0.9160645008087158, 0.00011932163761230186, -0.0003702537505887449, -0.00029234259272925556, 0.9999999403953552),
            ["LeftUpperArm"] = CFrame.new(1.7881393432617188e-07, -1.1920928955078125e-07, -1.0617077350616455e-07, 0.4771271347999573, 0.018903572112321854, -0.8786276578903198, -0.5205449461936951, 0.8115938305854797, -0.26521608233451843, 0.7080838084220886, 0.5839163064956665, 0.39708176255226135),
            ["RightLowerArm"] = CFrame.new(-2.086162567138672e-07, 4.76837158203125e-07, -2.384185791015625e-07, 1, -8.195684841894035e-08, 5.960436055829632e-08, 7.4505820180093e-08, 0.5964471101760864, -0.8026522994041443, -1.266598985694145e-07, 0.8026523590087891, 0.5964473485946655),
            ["LeftHand"] = CFrame.new(2.905726432800293e-07, -3.5762786865234375e-07, 2.1606683731079102e-07, 0.9922911524772644, -0.11279352009296417, -0.05134119838476181, 0.09202125668525696, 0.9480950832366943, -0.30438104271888733, 0.08300860226154327, 0.29731035232543945, 0.9511657357215881),
            ["RightFoot"] = CFrame.new(1.6996636986732483e-08, 0, 2.537854015827179e-08, 0.9993754029273987, 0.029132390394806862, -0.020004453137516975, -0.03237539157271385, 0.981675922870636, -0.18778802454471588, 0.014167672023177147, 0.18831847608089447, 0.9820058941841125),
