return {
    ["Lil' Carpet Ride"] = {
        {Time = 0.000, Data = {
            ["LeftLowerArm"] = CFrame.new(1.7881393432617188e-07, 0, 1.9371509552001953e-07, 1, -0.000003851927885989426, -0.000007044569429126568, -2.169981598854065e-07, 0.8643013834953308, -0.5029556155204773, 0.000008048489689826965, 0.5029742121696472, 0.8643122911453247),
            ["LeftFoot"] = CFrame.new(1.955777406692505e-08, 5.960464477539063e-08, 2.60770320892334e-08, 0.9796462655067444, 0.09041503816843033, -0.1792171597480774, -0.134551540017128, 0.9583224058151245, -0.252020925283432, 0.14895972609519958, 0.27100417017936707, 0.9509819746017456),
            ["RightHand"] = CFrame.new(-6.705522537231445e-08, -1.1920928955078125e-07, 0, 0.257543683052063, -0.7603753805160522, 0.5962232351303101, 0.9508717060089111, 0.309142142534256, -0.016476880759000778, -0.1717974692583084, 0.5711922645568848, 0.8026496767997742),
            ["HumanoidRootPart"] = CFrame.new(0, 0, 0, 1, 0, 0, 0, 1, 0, 0, 0, 1),
            ["RightLowerLeg"] = CFrame.new(1.7229467630386353e-08, 1.7881393432617188e-07, -7.683411240577698e-09, 1, -0.000005755581696575973, -0.000011841751984320581, 0.0000050835083129641134, -0.6602776646614075, 0.7510231137275696, -0.00001214910480484832, -0.7510216236114502, -0.6602758765220642),
            ["LeftUpperLeg"] = CFrame.new(-5.960464477539063e-08, 2.1420419216156006e-08, -3.841705620288849e-08, 0.9982706904411316, 0.03719353303313255, 0.04552347958087921, -0.018677951768040657, 0.9349499344825745, -0.3542879521846771, -0.0557393841445446, 0.3528248965740204, 0.9340276718139648),
            ["LeftLowerLeg"] = CFrame.new(4.225876182317734e-08, 5.960464477539063e-08, 4.6566128730773926e-09, 1, 0.0000023460047486878466, 0.000008366060683329124, -0.000004506146069616079, -0.6829560995101929, 0.730461061000824, 0.000007421476766467094, -0.730459451675415, -0.6829544305801392),
            ["LowerTorso"] = CFrame.new(-0.08542198687791824, -0.13200461864471436, 0.045710884034633636, 0.9975553154945374, 0.06987655162811279, 0.0007988471770659089, -0.0648714229464531, 0.9217309355735779, 0.3823660910129547, 0.025982102379202843, -0.3814830780029297, 0.9240105748176575),
            ["Head"] = CFrame.new(-7.450580596923828e-09, 2.384185791015625e-07, -1.9301660358905792e-07, 0.9992133975028992, -0.03786689415574074, 0.011779057793319225, 0.03561180830001831, 0.7261145710945129, -0.6866508722305298, 0.017448384314775467, 0.6865301132202148, 0.7268919348716736),
            ["UpperTorso"] = CFrame.new(1.1175870895385742e-08, 2.086162567138672e-07, 2.229717210866511e-08, 0.9980183839797974, -0.011504536494612694, 0.0618627592921257, -0.019840054214000702, 0.8754598498344421, 0.4828834533691406, -0.0597136989235878, -0.48315396904945374, 0.8734967708587646),
            ["LeftUpperArm"] = CFrame.new(-1.1920928955078125e-07, 3.5762786865234375e-07, 1.1175870895385742e-07, 0.8537284731864929, -0.09579697996377945, -0.5118308067321777, -0.3929010033607483, 0.5265489816665649, -0.7539066672325134, 0.34172582626342773, 0.8447302579879761, 0.4118909239768982),
            ["RightLowerArm"] = CFrame.new(1.1920928955078125e-07, -4.172325134277344e-07, -8.940696716308594e-08, 1, 0.00000400839189751423, 0.000003976769676228287, -0.000001629814278203412, 0.8799476027488708, -0.47505268454551697, -0.0000053909602684143465, 0.4750707745552063, 0.8799574375152588),
            ["LeftHand"] = CFrame.new(-1.6391277313232422e-07, -4.76837158203125e-07, -5.960464477539063e-08, 0.32943663001060486, 0.5658901333808899, -0.7557938694953918, -0.7468217611312866, 0.6459432244300842, 0.1581113338470459, 0.5776925683021545, 0.5123727917671204, 0.6354339718818665),
            ["CarpetRainbow"] = CFrame.new(-0.025430716574192047, 0.5169507265090942, -0.6825202703475952, -0.9954214096069336, 0.0863499864935875, -0.04099049046635628, 0.09554863721132278, 0.9105672240257263, -0.40216633677482605, 0.0025955033488571644, -0.40424156188964844, -0.9146486520767212),
            ["RightFoot"] = CFrame.new(-1.955777406692505e-08, -5.960464477539063e-08, 1.3783574104309082e-07, 0.8572942614555359, 0.057553213089704514, 0.5116018056869507, 0.19826287031173706, 0.880180835723877, -0.4312480688095093, -0.4751194417476654, 0.4711363613605499, 0.7431613802909851),
            ["RightUpperLeg"] = CFrame.new(0, -5.4016709327697754e-08, -7.596099749207497e-09, 0.9984819293022156, 0.053413908928632736, 0.013446387834846973, -0.04751463606953621, 0.9587531089782715, -0.28024113178253174, -0.027860525995492935, 0.2791767418384552, 0.9598355293273926),
            ["RightUpperArm"] = CFrame.new(1.1920928955078125e-07, 2.384185791015625e-07, 6.705522537231445e-08, 0.9084063768386841, -0.08578965067863464, 0.40919214487075806, 0.34536978602409363, 0.7055572271347046, -0.6187965273857117, -0.2356220781803131, 0.7034410238265991, 0.6705615520477295),
        }},
        {Time = 0.033, Data = {
            ["LeftLowerArm"] = CFrame.new(2.980232238769531e-07, 2.980232238769531e-07, 1.4901161193847656e-07, 1, -0.000003349017106302199, -0.000007029663720459212, -4.693865207627823e-07, 0.8740223050117493, -0.48586753010749817, 0.000007770954653096851, 0.48588576912879944, 0.8740324974060059),
            ["LeftFoot"] = CFrame.new(6.426125764846802e-08, 2.384185791015625e-07, -5.960464477539063e-08, 0.9797168374061584, 0.09112740308046341, -0.17846903204917908, -0.13601870834827423, 0.9564354419708252, -0.25832316279411316, 0.14715228974819183, 0.2773575186729431, 0.9494303464889526),
            ["RightHand"] = CFrame.new(1.043081283569336e-07, -1.1920928955078125e-07, 1.1920928955078125e-07, 0.261931836605072, -0.7549532651901245, 0.6011810898780823, 0.9493715167045593, 0.31351903080940247, -0.019919410347938538, -0.1734520047903061, 0.5759785771369934, 0.7988646030426025),
            ["HumanoidRootPart"] = CFrame.new(0, 0, 0, 1, 0, 0, 0, 1, 0, 0, 0, 1),
            ["RightLowerLeg"] = CFrame.new(1.816079020500183e-08, 0, 1.1641532182693481e-10, 1, -0.000002774413815131993, -0.000005283386599330697, 0.0000021329615265130997, -0.6624228954315186, 0.7491316199302673, -0.000005577690899372101, -0.7491301894187927, -0.6624212861061096),
            ["LeftUpperLeg"] = CFrame.new(-5.960464477539063e-08, -8.568167686462402e-08, 6.594927981495857e-08, 0.9981974959373474, 0.03379231318831444, 0.049598485231399536, -0.012999308295547962, 0.9285377860069275, -0.371010422706604, -0.05859137326478958, 0.3696969151496887, 0.9273031949996948),
            ["LeftLowerLeg"] = CFrame.new(-2.7241185307502747e-08, 1.1920928955078125e-07, 4.6566128730773926e-09, 1, 0.000005153014626557706, 0.000015048291970742866, -0.000007466238457709551, -0.6830086708068848, 0.7304118275642395, 0.000014047836884856224, -0.7304103374481201, -0.6830069422721863),
            ["LowerTorso"] = CFrame.new(-0.05579499155282974, -0.13101518154144287, 0.0486006960272789, 0.9976388216018677, 0.06867821514606476, -0.00021338780061341822, -0.06292986869812012, 0.915372371673584, 0.3976598381996155, 0.027505895122885704, -0.39670735597610474, 0.9175329804420471),
            ["Head"] = CFrame.new(-1.1175870895385742e-08, 2.384185791015625e-07, -1.8510036170482635e-07, 0.999271810054779, -0.036376096308231354, 0.01152295246720314, 0.03421453386545181, 0.7204882502555847, -0.6926226615905762, 0.016892744228243828, 0.6925124526023865, 0.7212081551551819),
            ["UpperTorso"] = CFrame.new(-1.210719347000122e-08, -5.960464477539063e-08, 9.854238669504412e-08, 0.9979023337364197, -0.01878361962735653, 0.06195389851927757, -0.013451523147523403, 0.8759366273880005, 0.4822385609149933, -0.06332587450742722, -0.48206037282943726, 0.8738465309143066),
            ["LeftUpperArm"] = CFrame.new(0, 1.1920928955078125e-07, -1.564621925354004e-07, 0.8531382083892822, -0.11271190643310547, -0.5093637108802795, -0.39666247367858887, 0.4940249025821686, -0.7736915349960327, 0.3388425409793854, 0.8621111512184143, 0.37676283717155457),
            ["RightLowerArm"] = CFrame.new(-2.9802322387695312e-08, 5.960464477539063e-08, 0, 1, 0.0000038817320273665246, 0.000004079215159435989, -0.0000014863906017126283, 0.880766749382019, -0.47353237867355347, -0.000005383509687817423, 0.4735504686832428, 0.8807764053344727),
            ["LeftHand"] = CFrame.new(-1.7136335372924805e-07, -1.1920928955078125e-07, -5.960464477539063e-08, 0.3386327624320984, 0.5621554255485535, -0.7545155882835388, -0.7371580600738525, 0.6568466424942017, 0.15854014456272125, 0.5847441554069519, 0.5025272965431213, 0.6368449330329895),
            ["CarpetRainbow"] = CFrame.new(-0.025769967585802078, 0.5015938878059387, -0.6896649599075317, -0.9957122802734375, 0.0835949033498764, -0.03961314260959625, 0.09250199794769287, 0.9028409719467163, -0.41990628838539124, 0.0006602894281968474, -0.4217701852321625, -0.9067026376724243),
            ["RightFoot"] = CFrame.new(-2.9802322387695312e-08, 0, 3.725290298461914e-09, 0.8554585576057434, 0.06054788455367088, 0.5143216848373413, 0.20191046595573425, 0.8755536675453186, -0.43890705704689026, -0.4768887460231781, 0.47931185364723206, 0.7367726564407349),
            ["RightUpperLeg"] = CFrame.new(-2.9802322387695312e-08, -2.5704503059387207e-07, 3.1483068596571684e-08, 0.9987813234329224, 0.04667217656970024, 0.016049189493060112, -0.0397503636777401, 0.9534475207328796, -0.29892784357070923, -0.029253674671053886, 0.29792556166648865, 0.954140841960907),
            ["RightUpperArm"] = CFrame.new(0, 1.1920928955078125e-07, -8.195638656616211e-08, 0.9087198972702026, -0.08902241289615631, 0.4078029990196228, 0.3503272235393524, 0.6938292384147644, -0.6291837096214294, -0.22693422436714172, 0.7146160006523132, 0.6616832613945007),
        }},
        {Time = 0.067, Data = {
            ["LeftLowerArm"] = CFrame.new(-5.960464477539063e-08, 5.960464477539063e-08, 2.682209014892578e-07, 1, -0.000003401169806238613, -0.000007094860848155804, -6.50063157081604e-07, 0.8627960681915283, -0.5055336356163025, 0.000007844995707273483, 0.5055521130561829, 0.8628069162368774),
            ["LeftFoot"] = CFrame.new(3.725290298461914e-09, 5.960464477539063e-08, 1.3783574104309082e-07, 0.9798017740249634, 0.09201411157846451, -0.17754541337490082, -0.13811436295509338, 0.9534487724304199, -0.2680685818195343, 0.1446128785610199, 0.287174254655838, 0.9468986392021179),
            ["RightHand"] = CFrame.new(8.195638656616211e-08, -1.7881393432617188e-07, -1.7881393432617188e-07, 0.2582656443119049, -0.7490918040275574, 0.6100338697433472, 0.9496774673461914, 0.31270328164100647, -0.018068436533212662, -0.17723329365253448, 0.5840190649032593, 0.7921693921089172),
            ["HumanoidRootPart"] = CFrame.new(0, 0, 0, 1, 0, 0, 0, 1, 0, 0, 0, 1),
            ["RightLowerLeg"] = CFrame.new(-2.7939677238464355e-09, -2.384185791015625e-07, 3.725290298461914e-09, 1, -0.000008698564670339692, -0.000018231548892799765, 0.000007805880159139633, -0.6663469076156616, 0.7456434369087219, -0.000018627848476171494, -0.7456419467926025, -0.6663452982902527),
            ["LeftUpperLeg"] = CFrame.new(2.9802322387695312e-08, 5.4016709327697754e-08, 3.67872416973114e-08, 0.9980969429016113, 0.029113586992025375, 0.05435982346534729, -0.005728233139961958, 0.92149418592453, -0.38835036754608154, -0.06139850616455078, 0.3872997462749481, 0.9199071526527405),
            ["LeftLowerLeg"] = CFrame.new(8.114147931337357e-08, -2.980232238769531e-07, 0, 1, 8.847575259096629e-07, 0.000005215399596636416, -0.00000319391256198287, -0.6848819255828857, 0.7286555171012878, 0.000004209228791296482, -0.7286542057991028, -0.6848803758621216),
            ["LowerTorso"] = CFrame.new(-0.026599546894431114, -0.12671470642089844, 0.05657900869846344, 0.9978497624397278, 0.06553598493337631, -0.000925669795833528, -0.059414371848106384, 0.9104245901107788, 0.40938621759414673, 0.02767227776348591, -0.4084508419036865, 0.9123607277870178),
            ["Head"] = CFrame.new(0, -4.76837158203125e-07, -4.563480615615845e-08, 0.9992887377738953, -0.03534583002328873, 0.013147026300430298, 0.034520622342824936, 0.7169955968856812, -0.6962224245071411, 0.015182198956608772, 0.6961809992790222, 0.7177057862281799),
            ["UpperTorso"] = CFrame.new(-1.792795956134796e-08, 5.960464477539063e-08, 1.3792401887258166e-08, 0.997860312461853, -0.023708071559667587, 0.06093335524201393, -0.00870260689407587, 0.8754919171333313, 0.4831544756889343, -0.06480129808187485, -0.4826509654521942, 0.8734121918678284),
            ["LeftUpperArm"] = CFrame.new(5.960464477539063e-08, -4.76837158203125e-07, -1.7136335372924805e-07, 0.8549538850784302, -0.11535490304231644, -0.5057145357131958, -0.3953215181827545, 0.4863005578517914, -0.7792514562606812, 0.33581969141960144, 0.8661437630653381, 0.37016212940216064),
            ["RightLowerArm"] = CFrame.new(-2.086162567138672e-07, 3.5762786865234375e-07, -4.470348358154297e-08, 1, 0.00000387428099202225, 0.0000040196114241553005, -0.000001454449147786363, 0.876126766204834, -0.48206260800361633, -0.000005463603429234354, 0.4820808470249176, 0.8761367797851562),
            ["LeftHand"] = CFrame.new(-6.705522537231445e-08, -4.172325134277344e-07, 0, 0.34512630105018616, 0.5596349835395813, -0.7534460425376892, -0.7250206470489502, 0.6687532663345337, 0.16461744904518127, 0.5960142016410828, 0.48946693539619446, 0.6365690231323242),
            ["CarpetRainbow"] = CFrame.new(-0.026254136115312576, 0.4856441915035248, -0.6950817704200745, -0.9960941076278687, 0.07945165783166885, -0.03852640837430954, 0.08829762041568756, 0.8944453597068787, -0.43837302923202515, -0.00037168344715610147, -0.4400625228881836, -0.8979670405387878),
            ["RightFoot"] = CFrame.new(-1.6763806343078613e-08, 2.980232238769531e-07, -1.0803341865539551e-07, 0.8529338240623474, 0.0646328553557396, 0.5180044770240784, 0.2079986035823822, 0.8680556416511536, -0.4507962465286255, -0.47879061102867126, 0.4922419488430023, 0.7269485592842102),
            ["RightUpperLeg"] = CFrame.new(-5.960464477539063e-08, -5.21540641784668e-08, -1.0419171303510666e-08, 0.9991191029548645, 0.03740379959344864, 0.01902805268764496, -0.029430517926812172, 0.9477444887161255, -0.31767016649246216, -0.029915787279605865, 0.3168301582336426, 0.9480103254318237),
            ["RightUpperArm"] = CFrame.new(0, -3.5762786865234375e-07, -1.1920928955078125e-07, 0.9103721976280212, -0.08983530849218369, 0.40392109751701355, 0.3490065932273865, 0.6911143064498901, -0.6328945159912109, -0.22229936718940735, 0.7171405553817749, 0.6605241894721985),
        }},
        {Time = 0.100, Data = {
            ["LeftLowerArm"] = CFrame.new(-1.7881393432617188e-07, 1.7881393432617188e-07, 8.940696716308594e-08, 1, -0.000003393717634025961, -0.0000074301437962276395, -0.0000010021030902862549, 0.8520447611808777, -0.5234501361846924, 0.000008142553269863129, 0.5234688520431519, 0.8520564436912537),
            ["LeftFoot"] = CFrame.new(-4.470348358154297e-08, -5.960464477539063e-08, 1.862645149230957e-08, 0.9799008369445801, 0.09306038916110992, -0.17645037174224854, -0.14086981117725372, 0.949088454246521, -0.28175798058509827, 0.1412450224161148, 0.30095013976097107, 0.9431212544441223),
            ["RightHand"] = CFrame.new(5.960464477539063e-08, -4.172325134277344e-07, 5.960464477539063e-08, 0.24719588458538055, -0.7450225353240967, 0.6195294260978699, 0.9499672055244446, 0.3123256266117096, -0.0034466565120965242, -0.1909363567829132, 0.5894015431404114, 0.784965991973877),
            ["HumanoidRootPart"] = CFrame.new(0, 0, 0, 1, 0, 0, 0, 1, 0, 0, 0, 1),
            ["RightLowerLeg"] = CFrame.new(3.8067810237407684e-08, 0, 2.1420419216156006e-08, 1, -0.0000028898978143843124, -0.000005537171546166064, 0.000002176093403249979, -0.6713759899139404, 0.741118311882019, -0.0000058586010709404945, -0.741117000579834, -0.6713744401931763),
            ["LeftUpperLeg"] = CFrame.new(0, -5.21540641784668e-08, -4.773028194904327e-09, 0.9979199171066284, 0.02326335944235325, 0.060121916234493256, 0.003069540485739708, 0.9144138097763062, -0.40476900339126587, -0.06439260393381119, 0.4041116237640381, 0.9124403595924377),
            ["LeftLowerLeg"] = CFrame.new(-4.586763679981232e-08, -5.960464477539063e-08, 2.7939677238464355e-09, 1, 1.2293472195779032e-07, 0.0000034980434975295793, -0.000002441141987219453, -0.6881383061408997, 0.7255810499191284, 0.0000024889595806598663, -0.7255796790122986, -0.6881366968154907),
            ["LowerTorso"] = CFrame.new(0.00023307416995521635, -0.11927461624145508, 0.06783775240182877, 0.9981998801231384, 0.05994580313563347, -0.0018773110350593925, -0.05367611348628998, 0.9068875312805176, 0.4179401695728302, 0.026756267994642258, -0.41708704829216003, 0.9084725975990295),
            ["Head"] = CFrame.new(-2.2351741790771484e-08, 1.1920928955078125e-07, 5.774199962615967e-08, 0.9992790818214417, -0.034480027854442596, 0.01588822901248932, 0.03576526790857315, 0.7146136164665222, -0.6986044049263, 0.012733953073620796, 0.6986690759658813, 0.7153317332267761),
            ["UpperTorso"] = CFrame.new(-4.889443516731262e-09, -1.1920928955078125e-07, -3.364766598679125e-08, 0.9978598356246948, -0.027254560962319374, 0.05943958833813667, -0.005027431529015303, 0.8743317723274231, 0.48530271649360657, -0.06519663333892822, -0.48456302285194397, 0.8723234534263611),
            ["LeftUpperArm"] = CFrame.new(0, 0, 4.470348358154297e-08, 0.8572902679443359, -0.1150289848446846, -0.5018185973167419, -0.3938218355178833, 0.48128587007522583, -0.7831145524978638, 0.33159902691841125, 0.8689835071563721, 0.3673006296157837),
            ["RightLowerArm"] = CFrame.new(0, 1.7881393432617188e-07, -8.940696716308594e-08, 1, 0.000003900355295627378, 0.0000040680438360141125, -0.000001308508331021585, 0.8607147336006165, -0.5090690851211548, -0.000005482230790221365, 0.5090876817703247, 0.8607257008552551),
            ["LeftHand"] = CFrame.new(-8.195638656616211e-08, -2.384185791015625e-07, 5.960464477539063e-08, 0.3504258990287781, 0.5582398772239685, -0.752033531665802, -0.724105179309845, 0.6707469820976257, 0.16048340499401093, 0.5940315127372742, 0.4883306920528412, 0.639289140701294),
            ["CarpetRainbow"] = CFrame.new(-0.026705384254455566, 0.4702780842781067, -0.6986581683158875, -0.9965361952781677, 0.07412441074848175, -0.0377010777592659, 0.08315874636173248, 0.885848879814148, -0.456460565328598, -0.00043937357258982956, -0.45801469683647156, -0.8889445662498474),
            ["RightFoot"] = CFrame.new(2.7474015951156616e-08, 1.1920928955078125e-07, 6.891787052154541e-08, 0.8496309518814087, 0.06988172978162766, 0.5227293968200684, 0.21556422114372253, 0.8585831522941589, -0.46515411138534546, -0.48131006956100464, 0.507889449596405, 0.7144127488136292),
            ["RightUpperLeg"] = CFrame.new(0, -2.514570951461792e-07, -6.199115887284279e-08, 0.9994040131568909, 0.025811417028307915, 0.022922268137335777, -0.01661982759833336, 0.9417684078216553, -0.33585119247436523, -0.03025626391172409, 0.3352700471878052, 0.9416361451148987),
            ["RightUpperArm"] = CFrame.new(-5.960464477539063e-08, 0, 8.195638656616211e-08, 0.9121600985527039, -0.09196563810110092, 0.399382621049881, 0.3463432490825653, 0.6939796805381775, -0.6312199831008911, -0.219112828373909, 0.7140970230102539, 0.6648721098899841),
        }},
        {Time = 0.133, Data = {
            ["LeftLowerArm"] = CFrame.new(2.9802322387695312e-08, -2.384185791015625e-07, -8.940696716308594e-08, 1, -0.0000033639141747698886, -0.000007504651875933632, -0.0000012014061212539673, 0.8429199457168579, -0.5380201935768127, 0.000008166534826159477, 0.5380390286445618, 0.8429320454597473),
            ["LeftFoot"] = CFrame.new(1.043081283569336e-07, 0, -3.67872416973114e-08, 0.9800451993942261, 0.09461890161037445, -0.1748117059469223, -0.14428576827049255, 0.9435314536094666, -0.2982127070426941, 0.1367223560810089, 0.317483514547348, 0.938355028629303),
            ["RightHand"] = CFrame.new(-6.705522537231445e-08, -3.5762786865234375e-07, 1.1920928955078125e-07, 0.22958365082740784, -0.7421770095825195, 0.6296389698982239, 0.9509899020195007, 0.30873918533325195, 0.017168540507555008, -0.20714622735977173, 0.594855785369873, 0.7766982316970825),
            ["HumanoidRootPart"] = CFrame.new(0, 0, 0, 1, 0, 0, 0, 1, 0, 0, 0, 1),
            ["RightLowerLeg"] = CFrame.new(4.022149369120598e-08, -1.1920928955078125e-07, -2.3981556296348572e-08, 1, -0.000004368607278593117, -0.000008499821888108272, 0.0000033019750844687223, -0.6770027875900269, 0.7359820008277893, -0.000008968636393547058, -0.7359805107116699, -0.6770011186599731),
            ["LeftUpperLeg"] = CFrame.new(0, -7.450580596923828e-08, 9.534414857625961e-08, 0.9976034760475159, 0.016315141692757607, 0.06724034249782562, 0.013415303081274033, 0.9077527523040771, -0.41929104924201965, -0.06787839531898499, 0.4191882312297821, 0.9053584337234497),
            ["LeftLowerLeg"] = CFrame.new(-4.6100467443466187e-08, 5.960464477539063e-08, -1.3737007975578308e-08, 1, 0.000005122280981595395, 0.00001525225343357306, -0.000007469134288839996, -0.6920146942138672, 0.721885085105896, 0.00001425467780791223, -0.7218835353851318, -0.6920130848884583),
            ["LowerTorso"] = CFrame.new(0.023528028279542923, -0.10891735553741455, 0.0806550532579422, 0.9986395835876465, 0.05204107612371445, -0.0032757013104856014, -0.04575476795434952, 0.9046746492385864, 0.42363935708999634, 0.025010090321302414, -0.422913134098053, 0.9058250784873962),
            ["Head"] = CFrame.new(-7.450580596923828e-09, 2.384185791015625e-07, -6.379559636116028e-08, 0.9992766976356506, -0.03303626552224159, 0.018834160640835762, 0.03675822168588638, 0.7122147679328918, -0.7009986042976379, 0.00974440947175026, 0.7011838555335999, 0.7129139304161072),
            ["UpperTorso"] = CFrame.new(8.149072527885437e-09, 2.9802322387695312e-08, 8.668575901538134e-08, 0.9978401064872742, -0.030830545350909233, 0.05800582841038704, -0.0014259163290262222, 0.8726477026939392, 0.4883481562137604, -0.06567469239234924, -0.48737621307373047, 0.8707188963890076),
            ["LeftUpperArm"] = CFrame.new(-1.1920928955078125e-07, 1.1920928955078125e-07, 5.21540641784668e-08, 0.8594363927841187, -0.1124788150191307, -0.4987161457538605, -0.3929828405380249, 0.47861337661743164, -0.7851713299751282, 0.3270072340965271, 0.870791494846344, 0.367135226726532),
            ["RightLowerArm"] = CFrame.new(5.960464477539063e-08, 0, -5.960464477539063e-08, 1, 0.00000427660370405647, 0.000004300880391383544, -0.0000012572855894177337, 0.8388788104057312, -0.5442994236946106, -0.000005939976290392224, 0.5443181991577148, 0.8388910889625549),
            ["LeftHand"] = CFrame.new(4.0978193283081055e-08, -2.384185791015625e-07, -8.940696716308594e-08, 0.35387060046195984, 0.5582135915756226, -0.7504382133483887, -0.7350161671638489, 0.6621472835540771, 0.1459357738494873, 0.5783829092979431, 0.49995866417884827, 0.6446279883384705),
            ["CarpetRainbow"] = CFrame.new(-0.026961952447891235, 0.4565803110599518, -0.7003415822982788, -0.9970132112503052, 0.06780102103948593, -0.036987144500017166, 0.07723118364810944, 0.8776493668556213, -0.47303974628448486, 0.0003872219822369516, -0.4744834303855896, -0.8802643418312073),
            ["RightFoot"] = CFrame.new(3.166496753692627e-08, 2.384185791015625e-07, 8.381903171539307e-08, 0.8456109166145325, 0.07616770267486572, 0.5283398032188416, 0.2238188236951828, 0.8479704260826111, -0.480471134185791, -0.48461055755615234, 0.5245422720909119, 0.7000032067298889),
            ["RightUpperLeg"] = CFrame.new(5.960464477539063e-08, -1.73225998878479e-07, 6.82193785905838e-08, 0.9995351433753967, 0.01225063856691122, 0.02792128175497055, -0.0016186711145564914, 0.935762882232666, -0.3526262640953064, -0.030447600409388542, 0.35241708159446716, 0.9353476166725159),
            ["RightUpperArm"] = CFrame.new(0, 2.384185791015625e-07, 1.1920928955078125e-07, 0.9142558574676514, -0.0935453400015831, 0.39418983459472656, 0.3420317769050598, 0.699705958366394, -0.6272369027137756, -0.2171417772769928, 0.7082802057266235, 0.6717056035995483),
        }},
        {Time = 0.167, Data = {
            ["LeftLowerArm"] = CFrame.new(2.980232238769531e-07, 5.960464477539063e-08, 2.384185791015625e-07, 1, -0.0000035827731608151225, -0.000007480440217477735, -0.0000011362136547177215, 0.8373938798904419, -0.5465812683105469, 0.000008090400115179364, 0.5465999841690063, 0.8374061584472656),
            ["LeftFoot"] = CFrame.new(-2.9802322387695312e-08, 1.1920928955078125e-07, -8.451752364635468e-08, 0.9801896810531616, 0.09625371545553207, -0.17310120165348053, -0.1478300839662552, 0.9371821284294128, -0.31596946716308594, 0.1318126916885376, 0.3352983295917511, 0.9328446984291077),
            ["RightHand"] = CFrame.new(-9.313225746154785e-08, -1.1920928955078125e-07, 1.7881393432617188e-07, 0.20871251821517944, -0.7394090890884399, 0.6400733590126038, 0.9515629410743713, 0.3046182096004486, 0.04161469638347626, -0.22575899958610535, 0.6004015207290649, 0.7671860456466675),
            ["HumanoidRootPart"] = CFrame.new(0, 0, 0, 1, 0, 0, 0, 1, 0, 0, 0, 1),
            ["RightLowerLeg"] = CFrame.new(-3.026798367500305e-09, 5.960464477539063e-08, -3.725290298461914e-09, 1, -0.0000031096901693672407, -0.000005458475243358407, 0.0000018683497273741523, -0.6824518442153931, 0.7309321761131287, -0.0000059993481045239605, -0.7309306263923645, -0.6824501156806946),
            ["LeftUpperLeg"] = CFrame.new(0, 5.587935447692871e-09, -5.3783878684043884e-08, 0.9971325993537903, 0.008616212755441666, 0.0751824676990509, 0.024704264476895332, 0.9020033478736877, -0.4310217499732971, -0.0715286061167717, 0.43164312839508057, 0.8992040753364563),
            ["LeftLowerLeg"] = CFrame.new(1.6763806343078613e-08, -5.960464477539063e-08, 4.6566128730773926e-09, 1, 7.953503313729016e-07, 0.000005444505404739175, -0.0000033525575418025255, -0.6958802342414856, 0.7181594967842102, 0.00000435457332059741, -0.7181578874588013, -0.6958786249160767),
            ["LowerTorso"] = CFrame.new(0.041444081813097, -0.09581935405731201, 0.09339624643325806, 0.9990829229354858, 0.04252532497048378, -0.0050091068260371685, -0.036323197185993195, 0.9036387205123901, 0.42675262689590454, 0.022674212232232094, -0.4261791706085205, 0.9043546319007874),
            ["Head"] = CFrame.new(-2.9802322387695312e-08, 2.384185791015625e-07, 4.0046870708465576e-08, 0.9992724657058716, -0.030896713957190514, 0.022361692041158676, 0.037677325308322906, 0.7086447477340698, -0.7045588493347168, 0.005922070704400539, 0.7048887014389038, 0.7092931270599365),
            ["UpperTorso"] = CFrame.new(-4.656612873077393e-10, 0, -4.770117811858654e-08, 0.9978059530258179, -0.034377872943878174, 0.05658203363418579, 0.0020922350231558084, 0.8705695271492004, 0.4920409023761749, -0.06617392599582672, -0.4908430278301239, 0.8687313795089722),
            ["LeftUpperArm"] = CFrame.new(-1.1920928955078125e-07, 2.384185791015625e-07, -1.7136335372924805e-07, 0.8613420724868774, -0.10825997591018677, -0.4963565170764923, -0.39283403754234314, 0.4775964915752411, -0.7858647704124451, 0.32213565707206726, 0.8718839287757874, 0.36884552240371704),
            ["RightLowerArm"] = CFrame.new(5.960464477539063e-08, -1.1920928955078125e-07, 1.4901161193847656e-08, 1, 0.000004522467406786745, 0.000004401468231662875, -0.0000011213124935238739, 0.8142997026443481, -0.5804258584976196, -0.0000062314802562468685, 0.5804448127746582, 0.8143131136894226),
            ["LeftHand"] = CFrame.new(-7.450580596923828e-08, -3.5762786865234375e-07, -1.1920928955078125e-07, 0.35904526710510254, 0.5577418208122253, -0.7483279705047607, -0.7502474784851074, 0.6494054198265076, 0.12404371798038483, 0.5551714301109314, 0.5169107913970947, 0.6516276001930237),
            ["CarpetRainbow"] = CFrame.new(-0.026898354291915894, 0.4455890953540802, -0.7001163363456726, -0.997501015663147, 0.06068307161331177, -0.0361870713531971, 0.07062536478042603, 0.8705217242240906, -0.48703575134277344, 0.0019448831444606185, -0.48837441205978394, -0.8726320862770081),
            ["RightFoot"] = CFrame.new(-5.122274160385132e-08, -1.1920928955078125e-07, 7.82310962677002e-08, 0.8411493301391602, 0.08300167322158813, 0.5343979597091675, 0.23210597038269043, 0.8371079564094543, -0.49535679817199707, -0.4884616732597351, 0.5407041311264038, 0.6848653554916382),
            ["RightUpperLeg"] = CFrame.new(0, -4.0978193283081055e-08, -5.494803190231323e-08, 0.9994251728057861, -0.002558160573244095, 0.033804330974817276, 0.014783527702093124, 0.930229902267456, -0.36667948961257935, -0.030507773160934448, 0.36696845293045044, 0.9297329783439636),
            ["RightUpperArm"] = CFrame.new(0, 2.384185791015625e-07, -1.341104507446289e-07, 0.916460394859314, -0.09288745373487473, 0.3891945481300354, 0.3362238109111786, 0.7060927748680115, -0.6232069730758667, -0.21691927313804626, 0.7020006775856018, 0.6783367395401001),
        }},
        {Time = 0.200, Data = {
            ["LeftLowerArm"] = CFrame.new(-1.1920928955078125e-07, 2.980232238769531e-07, 2.682209014892578e-07, 1, -0.0000033010501283570193, -0.000007263905899890233, -0.0000011706724762916565, 0.8378064632415771, -0.5459485650062561, 0.0000079047167673707, 0.5459674596786499, 0.8378187417984009),
            ["LeftFoot"] = CFrame.new(3.3527612686157227e-08, 5.960464477539063e-08, -1.1920928955078125e-07, 0.9803619980812073, 0.0982765480875969, -0.17097562551498413, -0.1514781415462494, 0.9304033517837524, -0.3337736427783966, 0.1262725591659546, 0.3531166911125183, 0.9270181059837341),
            ["RightHand"] = CFrame.new(8.940696716308594e-08, -2.384185791015625e-07, -1.1920928955078125e-07, 0.18628282845020294, -0.7370973229408264, 0.6495896577835083, 0.9510632157325745, 0.30118149518966675, 0.06902054697275162, -0.2465307116508484, 0.604960560798645, 0.7571455836296082),
            ["HumanoidRootPart"] = CFrame.new(0, 0, 0, 1, 0, 0, 0, 1, 0, 0, 0, 1),
            ["RightLowerLeg"] = CFrame.new(-3.67872416973114e-08, 0, -1.5832483768463135e-08, 1, -0.0000033769799756555585, -0.000005546020020119613, 0.0000017086279058275977, -0.6872178316116333, 0.7264529466629028, -0.000006269257028179709, -0.7264513969421387, -0.6872162818908691),
            ["LeftUpperLeg"] = CFrame.new(0, -1.6205012798309326e-07, 1.0244548320770264e-08, 0.996442973613739, 0.00013593051698990166, 0.08427106589078903, 0.03696705773472786, 0.8979431390762329, -0.4385564625263214, -0.07573023438453674, 0.4401116669178009, 0.8947439193725586),
            ["LeftLowerLeg"] = CFrame.new(-7.450580596923828e-09, -5.960464477539063e-08, 0, 1, 0.0000023692873583058827, 0.000009058032446773723, -0.000004814821295440197, -0.6990087032318115, 0.7151147127151489, 0.00000803873990662396, -0.7151132822036743, -0.6990070939064026),
            ["LowerTorso"] = CFrame.new(0.05301689729094505, -0.08001673221588135, 0.1044505164027214, 0.9994707107543945, 0.031750958412885666, -0.007096859626471996, -0.02567008137702942, 0.9036213159561157, 0.4275624752044678, 0.019988391548395157, -0.4271538555622101, 0.9039579629898071),
            ["Head"] = CFrame.new(3.725290298461914e-09, 2.384185791015625e-07, 2.260785549879074e-07, 0.9993364214897156, -0.02724532037973404, 0.024176713079214096, 0.03634817525744438, 0.7026512026786804, -0.7106054425239563, 0.002372879534959793, 0.7110126614570618, 0.7031751275062561),
            ["UpperTorso"] = CFrame.new(-5.587935447692871e-09, -5.960464477539063e-08, -6.28642737865448e-09, 0.9977625608444214, -0.037832796573638916, 0.05512458086013794, 0.005513359326869249, 0.868248462677002, 0.49609896540641785, -0.06663063168525696, -0.49468502402305603, 0.8665143847465515),
            ["LeftUpperArm"] = CFrame.new(-1.1920928955078125e-07, 3.5762786865234375e-07, 1.043081283569336e-07, 0.8630011677742004, -0.10319408774375916, -0.494550496339798, -0.3933192789554596, 0.47712481021881104, -0.7859085202217102, 0.31706327199935913, 0.8727560043334961, 0.3711707890033722),
            ["RightLowerArm"] = CFrame.new(1.1920928955078125e-07, 7.152557373046875e-07, -8.940696716308594e-08, 1, 0.000004868910764344037, 0.000004708811502496246, -9.57399606704712e-07, 0.7907125949859619, -0.6121687293052673, -0.000006721820682287216, 0.6121874451637268, 0.7907273173332214),
            ["LeftHand"] = CFrame.new(-6.705522537231445e-08, -4.172325134277344e-07, 0, 0.3679615259170532, 0.5558537840843201, -0.7453955411911011, -0.7652369737625122, 0.636414110660553, 0.09682611376047134, 0.5282202959060669, 0.5347931385040283, 0.6595531702041626),
            ["CarpetRainbow"] = CFrame.new(-0.02647080272436142, 0.43836700916290283, -0.6980563998222351, -0.9979752898216248, 0.05298084393143654, -0.03519278019666672, 0.06347042322158813, 0.8652344346046448, -0.4973337948322296, 0.004098949022591114, -0.4985605478286743, -0.8668452501296997),
            ["RightFoot"] = CFrame.new(2.9802322387695312e-08, 1.7881393432617188e-07, -4.6566128730773926e-09, 0.8364596366882324, 0.09003837406635284, 0.5405839681625366, 0.23967362940311432, 0.8269767165184021, -0.5085935592651367, -0.4928406774997711, 0.5549799799919128, 0.6701505184173584),
            ["RightUpperLeg"] = CFrame.new(0, -2.3655593395233154e-07, -2.3748725652694702e-08, 0.9990192651748657, -0.01792210340499878, 0.04049075022339821, 0.03189179301261902, 0.925594687461853, -0.3771703541278839, -0.03071834146976471, 0.3780916929244995, 0.9252583384513855),
            ["RightUpperArm"] = CFrame.new(1.1920928955078125e-07, 1.1920928955078125e-07, -1.4901161193847656e-08, 0.9184886813163757, -0.08913102000951767, 0.38527190685272217, 0.3294268250465393, 0.7114235162734985, -0.6207695007324219, -0.21876154839992523, 0.6970884203910828, 0.6827964186668396),
        }},
        {Time = 0.233, Data = {
            ["LeftLowerArm"] = CFrame.new(1.4901161193847656e-07, 5.960464477539062e-07, 1.1920928955078125e-07, 1, -0.0000034434835924912477, -0.000007123445357137825, -8.696224540472031e-07, 0.846974790096283, -0.5316141843795776, 0.000007896000170148909, 0.5316329002380371, 0.8469866514205933),
            ["LeftFoot"] = CFrame.new(-1.5366822481155396e-08, 5.960464477539063e-08, 2.421438694000244e-08, 0.9805518984794617, 0.10063532739877701, -0.16849634051322937, -0.154972106218338, 0.9238021969795227, -0.3501059412956238, 0.12042287737131119, 0.3694078326225281, 0.9214308261871338),
            ["RightHand"] = CFrame.new(-3.725290298461914e-08, -4.76837158203125e-07, -1.1920928955078125e-07, 0.1639193445444107, -0.7359576225280762, 0.6568691730499268, 0.9488810896873474, 0.2996987998485565, 0.09899509698152542, -0.2697315812110901, 0.6070806980133057, 0.7474777102470398),
            ["HumanoidRootPart"] = CFrame.new(0, 0, 0, 1, 0, 0, 0, 1, 0, 0, 0, 1),
            ["RightLowerLeg"] = CFrame.new(-2.3283064365386963e-09, -1.1920928955078125e-07, -1.862645149230957e-09, 1, -0.000005024491201766068, -0.000008930442163546104, 0.000002984539605677128, -0.6907638907432556, 0.7230820655822754, -0.000009793846402317286, -0.7230803966522217, -0.6907622814178467),
            ["LeftUpperLeg"] = CFrame.new(-5.960464477539063e-08, -1.2200325727462769e-07, -5.21540641784668e-08, 0.9955147504806519, -0.008909039199352264, 0.09418638050556183, 0.049739547073841095, 0.8961464166641235, -0.4409623444080353, -0.08047623187303543, 0.44366925954818726, 0.8925700187683105),
            ["LeftLowerLeg"] = CFrame.new(3.166496753692627e-08, -1.1920928955078125e-07, -5.587935447692871e-09, 1, 0.00000210083317142562, 0.00000902240935829468, -0.000004970119789504679, -0.7008399963378906, 0.7133201360702515, 0.000007813106094545219, -0.7133185267448425, -0.7008383274078369),
            ["LowerTorso"] = CFrame.new(0.05905608460307121, -0.061467885971069336, 0.11223705112934113, 0.9997527599334717, 0.020080644637346268, -0.009551347233355045, -0.01409317646175623, 0.9044486284255981, 0.4263499975204468, 0.017200082540512085, -0.4261099696159363, 0.9045078754425049),
            ["Head"] = CFrame.new(-3.725290298461914e-09, 1.1920928955078125e-07, -8.405186235904694e-08, 0.9995228052139282, -0.02140369638800621, 0.0222735907882452, 0.030890177935361862, 0.69646155834198, -0.7169289588928223, -0.00016776658594608307, 0.7172749042510986, 0.696790337562561),
            ["UpperTorso"] = CFrame.new(3.725290298461914e-09, 0, -7.130438461899757e-08, 0.9977147579193115, -0.04114623740315437, 0.05359368026256561, 0.008832667022943497, 0.8658122420310974, 0.5002910494804382, -0.06698714941740036, -0.4986744523048401, 0.8641970753669739),
            ["LeftUpperArm"] = CFrame.new(0, 2.384185791015625e-07, -4.0978193283081055e-08, 0.8643299341201782, -0.09854502975940704, -0.4931762218475342, -0.39439621567726135, 0.47566166520118713, -0.7862554788589478, 0.31206652522087097, 0.8740909099578857, 0.3722625970840454),
            ["RightLowerArm"] = CFrame.new(-1.1920928955078125e-07, -2.384185791015625e-07, 5.21540641784668e-08, 1, 0.00000531035084350151, 0.0000050021840252156835, -9.369105100631714e-07, 0.7717496752738953, -0.6359078884124756, -0.000007154885679483414, 0.6359264254570007, 0.7717649936676025),
            ["LeftHand"] = CFrame.new(-5.3551048040390015e-09, -1.1920928955078125e-07, 5.960464477539063e-08, 0.3818272352218628, 0.5517795085906982, -0.7414382100105286, -0.7778323888778687, 0.6251270771026611, 0.06465014070272446, 0.4991842806339264, 0.5520465970039368, 0.667899489402771),
            ["CarpetRainbow"] = CFrame.new(-0.02570148929953575, 0.43600091338157654, -0.6942232251167297, -0.9984161853790283, 0.04484524950385094, -0.03397318348288536, 0.05585310608148575, 0.8625151515007019, -0.5029391646385193, 0.0067460560239851475, -0.5040400624275208, -0.8636538982391357),
            ["RightFoot"] = CFrame.new(1.4901161193847656e-08, 1.7881393432617188e-07, -1.862645149230957e-09, 0.8317344784736633, 0.09698475897312164, 0.5466387867927551, 0.2457525134086609, 0.8185857534408569, -0.5191574692726135, -0.4978187084197998, 0.5661373138427734, 0.6570095419883728),
            ["RightUpperLeg"] = CFrame.new(5.960464477539063e-08, -2.6263296604156494e-07, -4.516914486885071e-08, 0.9982854723930359, -0.03336390107870102, 0.048093151301145554, 0.04927996173501015, 0.9224350452423096, -0.38299500942230225, -0.03158460184931755, 0.3847082853317261, 0.9224976897239685),
            ["RightUpperArm"] = CFrame.new(0, 1.1920928955078125e-07, -1.9744038581848145e-07, 0.9201125502586365, -0.08185132592916489, 0.3830057382583618, 0.32210883498191833, 0.7144501805305481, -0.6211336851119995, -0.22279782593250275, 0.6948822736740112, 0.683739423751831),
        }},
        {Time = 0.267, Data = {
            ["LeftLowerArm"] = CFrame.new(5.960464477539063e-08, 1.7881393432617188e-07, 1.1920928955078125e-07, 1, -0.000003011879925907124, -0.000006513710559374886, -6.342306733131409e-07, 0.8679915070533752, -0.496560662984848, 0.000007157563231885433, 0.4965790808200836, 0.8680020570755005),
            ["LeftFoot"] = CFrame.new(-1.1175870895385742e-08, 1.7881393432617188e-07, -5.4016709327697754e-08, 0.9807323217391968, 0.10303348302841187, -0.16597765684127808, -0.15796047449111938, 0.9181398153305054, -0.363412469625473, 0.1149456724524498, 0.3826269209384918, 0.9167239665985107),
            ["RightHand"] = CFrame.new(-6.705522537231445e-08, -4.172325134277344e-07, -1.4901161193847656e-07, 0.13332799077033997, -0.7359952926635742, 0.6637131571769714, 0.9479426145553589, 0.2901102602481842, 0.1312815397977829, -0.2891858220100403, 0.611675500869751, 0.7363762855529785),
            ["HumanoidRootPart"] = CFrame.new(0, 0, 0, 1, 0, 0, 0, 1, 0, 0, 0, 1),
            ["RightLowerLeg"] = CFrame.new(5.3551048040390015e-08, -1.1920928955078125e-07, -5.587935447692871e-09, 1, -0.000003497003945085453, -0.000005774193596153054, 0.0000017400598153471947, -0.6924670934677124, 0.7214509844779968, -0.0000065141357481479645, -0.7214494347572327, -0.6924655437469482),
