return {
    ["Line Dance"] = {
        {Time = 0.000, Data = {
            ["RightFoot"] = CFrame.new(-2.2351741790771484e-08, 3.5762786865234375e-07, 3.149762051180005e-08, 0.9860470294952393, 0.16642777621746063, -0.003618012648075819, -0.1664534956216812, 0.9860115647315979, -0.008625254034996033, 0.002132537541911006, 0.00910781230777502, 0.9999561905860901),
            ["LeftLowerArm"] = CFrame.new(-5.960464477539063e-08, -2.384185791015625e-07, -2.9802322387695312e-08, 1, -2.607702640489151e-07, 1.3248059360648767e-07, -2.1606678046737215e-07, 0.7506489157676697, -0.6607014536857605, 1.4901157641133977e-08, 0.6607012748718262, 0.7506487965583801),
            ["RightUpperArm"] = CFrame.new(-1.7881393432617188e-07, -0.06523823738098145, -8.149072527885437e-08, 0.6258547306060791, -0.044672708958387375, 0.7786593437194824, 0.057139258831739426, 0.9983018636703491, 0.01134781539440155, -0.7778438925743103, 0.037389714270830154, 0.6273443698883057),
            ["Head"] = CFrame.new(1.1920928955078125e-07, 1.1920928955078125e-07, -8.195638656616211e-08, 0.7914177775382996, -0.24629858136177063, 0.5594595670700073, 0.5126542448997498, 0.7659171223640442, -0.3880161643028259, -0.3329319655895233, 0.5938922762870789, 0.7324264049530029),
            ["RightHand"] = CFrame.new(1.4901161193847656e-08, 1.1920928955078125e-07, -1.4901161193847656e-08, 0.7805622220039368, -0.14602839946746826, 0.6077830195426941, 0.3635863959789276, 0.8969857096672058, -0.2514348030090332, -0.5084561705589294, 0.41724398732185364, 0.7532464861869812),
            ["UpperTorso"] = CFrame.new(7.776543498039246e-08, 5.960464477539063e-08, -4.563480615615845e-08, 0.9892257452011108, -0.05477692931890488, -0.1357644647359848, 0.03122834861278534, 0.9849711060523987, -0.1698729544878006, 0.14302927255630493, 0.16380302608013153, 0.9760692715644836),
            ["HumanoidRootPart"] = CFrame.new(0, 0, 0, 1, 0, 0, 0, 1, 0, 0, 0, 1),
            ["RightUpperLeg"] = CFrame.new(-0.000025451183319091797, -0.00012586265802383423, -0.004997586831450462, 0.6663466691970825, -0.6586840748786926, 0.3494522273540497, 0.35862475633621216, -0.1277850866317749, -0.9246947169303894, 0.6537358164787292, 0.7414891719818115, 0.15107226371765137),
            ["LeftUpperArm"] = CFrame.new(1.1920928955078125e-07, -0.0652381181716919, -5.960464477539063e-08, 0.7759537100791931, 0.09400417655706406, -0.6237461566925049, 0.05655311420559883, 0.9744837880134583, 0.21721693873405457, 0.6282497644424438, -0.2038251906633377, 0.7508379220962524),
            ["RightLowerArm"] = CFrame.new(-1.7881393432617188e-07, 2.384185791015625e-07, 5.960464477539063e-08, 1, 9.611254654373624e-07, 4.917380351798784e-07, 7.525079013248615e-07, 0.8810577392578125, -0.47301286458969116, 0.0000010132780516869389, 0.4730088710784912, 0.8810555338859558),
            ["LeftHand"] = CFrame.new(-4.470348358154297e-08, -5.960464477539063e-08, 1.6391277313232422e-07, 0.8882251381874084, -0.20625409483909607, -0.41050687432289124, 0.16899068653583527, 0.9775912165641785, -0.12552914023399353, 0.4271981418132782, 0.04212662950158119, 0.9031758308410645),
            ["LeftFoot"] = CFrame.new(1.0151416063308716e-07, 5.960464477539063e-08, 2.7939677238464355e-09, 0.9321059584617615, -0.2606799006462097, 0.251446008682251, 0.29115787148475647, 0.9522290825843811, -0.0921223983168602, -0.21541962027549744, 0.15907779335975647, 0.9634772539138794),
            ["LowerTorso"] = CFrame.new(-0.3574470281600952, -0.20429444313049316, 0.13034029304981232, 0.8981941342353821, 0.43617141246795654, -0.0547826811671257, -0.3639537990093231, 0.8077303171157837, 0.46379974484443665, 0.24654607474803925, -0.39664387702941895, 0.8842446804046631),
            ["RightLowerLeg"] = CFrame.new(1.1920928955078125e-07, 1.1920928955078125e-07, -1.4731631381437182e-07, 1, -1.4528622216403164e-07, -4.842882006528271e-08, 5.960465898624534e-08, 0.655207633972168, 0.7554482221603394, -8.195640788244418e-08, -0.7554488778114319, 0.65520840883255),
            ["LeftUpperLeg"] = CFrame.new(0.00002562999725341797, 0.00012567546218633652, 0.00499748345464468, 0.9708263874053955, -0.15605835616588593, 0.18204660713672638, 0.19819168746471405, 0.9495953321456909, -0.24287833273410797, -0.1349671334028244, 0.27187255024909973, 0.9528217315673828),
            ["LeftLowerLeg"] = CFrame.new(8.847564458847046e-08, -1.1920928955078125e-07, 4.7497451305389404e-08, 1, 1.3969840395589017e-08, 4.656612873077393e-10, -2.8405338525772095e-08, 0.999985933303833, 0.005315528251230717, 1.862645149230957e-09, -0.0053155249916017056, 0.9999858736991882),
        }},
        {Time = 0.033, Data = {
            ["RightFoot"] = CFrame.new(8.940696716308594e-08, 2.384185791015625e-07, -7.281050784513354e-08, 0.9679479598999023, 0.24998804926872253, 0.024134807288646698, -0.2510446608066559, 0.9602644443511963, 0.12193937599658966, 0.007308486383408308, -0.12408948689699173, 0.9922441244125366),
            ["LeftLowerArm"] = CFrame.new(-1.7881393432617188e-07, -4.76837158203125e-07, 5.960464477539063e-08, 1, -1.8998984785412176e-07, -8.521603689359836e-08, -6.705524668859653e-08, 0.8101751208305359, -0.5861878395080566, -1.1175874448099421e-08, 0.5861878991127014, 0.8101752400398254),
            ["RightUpperArm"] = CFrame.new(0, -0.06523740291595459, -7.450580596923828e-08, 0.6556361317634583, -0.041072383522987366, 0.753959059715271, 0.042071033269166946, 0.9989555478096008, 0.017834320664405823, -0.7539041638374329, 0.020026743412017822, 0.6566792726516724),
            ["Head"] = CFrame.new(-7.450580596923828e-08, 2.384185791015625e-07, -6.705522537231445e-08, 0.7870982885360718, -0.22223564982414246, 0.5754023194313049, 0.5026093125343323, 0.7718399167060852, -0.3894188404083252, -0.3575756251811981, 0.5957134366035461, 0.7192115783691406),
            ["RightHand"] = CFrame.new(1.4156103134155273e-07, 5.960464477539063e-08, 2.9802322387695312e-08, 0.7628673315048218, -0.13626500964164734, 0.6320334672927856, 0.33770373463630676, 0.917575478553772, -0.2097848504781723, -0.5513526797294617, 0.3734799027442932, 0.7460053563117981),
            ["UpperTorso"] = CFrame.new(1.4528632164001465e-07, -1.1920928955078125e-07, 7.450580596923828e-08, 0.992516815662384, -0.0508616641163826, -0.11101154237985611, 0.0303880013525486, 0.9834015369415283, -0.1788799911737442, 0.11826688796281815, 0.17416806519031525, 0.9775880575180054),
            ["HumanoidRootPart"] = CFrame.new(0, 0, 0, 1, 0, 0, 0, 1, 0, 0, 0, 1),
            ["RightUpperLeg"] = CFrame.new(-0.000025480985641479492, -0.00012577325105667114, -0.004997448995709419, 0.7343727350234985, -0.6438884735107422, 0.2147190272808075, 0.293200820684433, 0.01562582328915596, -0.9559237957000732, 0.6121519804000854, 0.7649598717689514, 0.20026400685310364),
            ["LeftUpperArm"] = CFrame.new(0, -0.06523764133453369, 0, 0.7479267120361328, 0.08955951780080795, -0.657711923122406, 0.03920936957001686, 0.98316490650177, 0.1784633994102478, 0.6626222729682922, -0.159266397356987, 0.731823742389679),
            ["RightLowerArm"] = CFrame.new(1.1920928955078125e-07, -5.960464477539063e-08, 1.4901161193847656e-08, 1, 0.0000011101376458100276, 5.21540641784668e-07, 8.568163707423082e-07, 0.8631488084793091, -0.5049532651901245, 0.0000011343503274474642, 0.5049497485160828, 0.8631467819213867),
            ["LeftHand"] = CFrame.new(-2.9802322387695312e-08, -1.7881393432617188e-07, 1.4901161193847656e-08, 0.8983071446418762, -0.2185160219669342, -0.3811759352684021, 0.16015689074993134, 0.97071772813797, -0.1790449619293213, 0.40913820266723633, 0.09978938102722168, 0.9069992899894714),
            ["LeftFoot"] = CFrame.new(5.21540641784668e-08, -5.960464477539063e-08, -2.9802322387695312e-08, 0.8906057476997375, -0.2943215072154999, 0.3466946482658386, 0.35501283407211304, 0.9263955950737, -0.1255262792110443, -0.2842313349246979, 0.23487429320812225, 0.9295406937599182),
            ["LowerTorso"] = CFrame.new(-0.2514191269874573, -0.22106099128723145, 0.09528190642595291, 0.9124802947044373, 0.39564579725265503, -0.10413132607936859, -0.30425935983657837, 0.826410710811615, 0.4737848937511444, 0.27350664138793945, -0.4006367325782776, 0.8744624853134155),
            ["RightLowerLeg"] = CFrame.new(-1.341104507446289e-07, 5.960464477539063e-08, -1.2496457202360034e-07, 1, -1.341104365337742e-07, 4.47035120032524e-08, 4.4703494239684005e-08, 0.7428192496299744, 0.6694920063018799, -7.4505820180093e-08, -0.6694921851158142, 0.7428193688392639),
            ["LeftUpperLeg"] = CFrame.new(0.000025570392608642578, 0.00012573786079883575, 0.004997488111257553, 0.9915062785148621, -0.04483933746814728, 0.12208332866430283, 0.07125253975391388, 0.9725658893585205, -0.22144748270511627, -0.10880447179079056, 0.22826547920703888, 0.9675002098083496),
            ["LeftLowerLeg"] = CFrame.new(1.6763806343078613e-07, 1.1920928955078125e-07, -7.450580596923828e-09, 1, 4.097820394122209e-08, -7.450582373280668e-09, -1.4901166522918174e-08, 0.9999853372573853, 0.0054220943711698055, 2.2351748896198842e-08, -0.005422085057944059, 0.99998539686203),
        }},
        {Time = 0.067, Data = {
            ["RightFoot"] = CFrame.new(-2.9802322387695312e-08, 2.980232238769531e-07, -4.6733475755900145e-08, 0.9625962972640991, 0.2686276435852051, 0.03531564399600029, -0.2709087133407593, 0.9562492966651917, 0.11043627560138702, -0.004103776067495346, -0.11587248742580414, 0.9932555556297302),
            ["LeftLowerArm"] = CFrame.new(2.9802322387695312e-08, -2.384185791015625e-07, -1.7881393432617188e-07, 1, 4.470347647611561e-08, -4.889443516731262e-08, 1.713633963618122e-07, 0.8403377532958984, -0.5420629978179932, 1.4901164746561335e-08, 0.5420630574226379, 0.840337872505188),
            ["RightUpperArm"] = CFrame.new(1.1920928955078125e-07, -0.0652381181716919, -2.3469328880310059e-07, 0.6849751472473145, -0.031225141137838364, 0.7278968691825867, 0.017412612214684486, 0.9994974136352539, 0.026490332558751106, -0.7283583283424377, -0.005470701027661562, 0.6851747035980225),
            ["Head"] = CFrame.new(-4.470348358154297e-08, -2.384185791015625e-07, -1.043081283569336e-07, 0.7895182967185974, -0.19961340725421906, 0.5803577899932861, 0.4873635768890381, 0.7786529064178467, -0.39519202709198, -0.37301164865493774, 0.5948563814163208, 0.7120450735092163),
            ["RightHand"] = CFrame.new(-7.450580596923828e-09, -2.384185791015625e-07, -5.960464477539063e-08, 0.7433371543884277, -0.12494644522666931, 0.6571446061134338, 0.31871098279953003, 0.9298772215843201, -0.18371304869651794, -0.5881099104881287, 0.346000999212265, 0.7310339212417603),
            ["UpperTorso"] = CFrame.new(-7.217749953269958e-08, 8.940696716308594e-08, -1.0308576747775078e-07, 0.993827223777771, -0.07078641653060913, -0.08542153984308243, 0.05369208753108978, 0.9806979894638062, -0.1880127638578415, 0.0970812737941742, 0.18226578831672668, 0.9784449338912964),
            ["HumanoidRootPart"] = CFrame.new(0, 0, 0, 1, 0, 0, 0, 1, 0, 0, 0, 1),
            ["RightUpperLeg"] = CFrame.new(-0.000025659799575805664, -0.0001253560185432434, -0.004997355863451958, 0.7821629643440247, -0.5979945659637451, 0.1749948114156723, 0.2563725411891937, 0.05289393290877342, -0.9651300311088562, 0.5678857564926147, 0.7997528910636902, 0.19468149542808533),
            ["LeftUpperArm"] = CFrame.new(1.1920928955078125e-07, -0.06523823738098145, -1.4901161193847656e-08, 0.7208006978034973, 0.09323090314865112, -0.6868438124656677, 0.019564993679523468, 0.9877815246582031, 0.15461190044879913, 0.6928662657737732, -0.12488257139921188, 0.7101696133613586),
            ["RightLowerArm"] = CFrame.new(2.384185791015625e-07, -5.960464477539063e-08, 5.21540641784668e-08, 1, 8.046628181546112e-07, 3.427265369282395e-07, 6.705518558192125e-07, 0.8504056930541992, -0.5261299014091492, 7.338817340496462e-07, 0.5261275768280029, 0.8504042029380798),
            ["LeftHand"] = CFrame.new(-2.9802322387695312e-08, -2.384185791015625e-07, 3.725290298461914e-08, 0.9052034020423889, -0.2192569375038147, -0.3640517294406891, 0.1587362438440323, 0.9690724611282349, -0.1889481544494629, 0.3942204415798187, 0.1132478192448616, 0.9120115637779236),
            ["LeftFoot"] = CFrame.new(7.450580596923828e-09, 0, 5.960464477539063e-08, 0.861484169960022, -0.29601919651031494, 0.41257578134536743, 0.3810628056526184, 0.9138909578323364, -0.13997776806354523, -0.3356132209300995, 0.2778056561946869, 0.9001041650772095),
            ["LowerTorso"] = CFrame.new(-0.15275856852531433, -0.2428879737854004, 0.062799833714962, 0.9155243635177612, 0.37607094645500183, -0.14277686178684235, -0.26949241757392883, 0.8369218707084656, 0.47637808322906494, 0.29864540696144104, -0.3976586163043976, 0.8675706386566162),
            ["RightLowerLeg"] = CFrame.new(-1.341104507446289e-07, 1.7881393432617188e-07, -2.0656443666666746e-08, 1, -1.490115550950577e-07, 1.266598985694145e-07, 1.3411042232291948e-07, 0.7085744738578796, 0.7056361436843872, 2.9802315282267955e-08, -0.7056360840797424, 0.7085744738578796),
            ["LeftUpperLeg"] = CFrame.new(0.0000254213809967041, 0.00012588128447532654, 0.004997484385967255, 0.9955248236656189, 0.027902759611606598, 0.09028781205415726, -0.01109845470637083, 0.9833301305770874, -0.18149030208587646, -0.09384696930646896, 0.17967574298381805, 0.9792392253875732),
            ["LeftLowerLeg"] = CFrame.new(-1.2852251529693604e-07, 1.1920928955078125e-07, 3.725290298461914e-08, 1, 7.450581485102248e-09, 2.2351747119842003e-08, 7.450580596923828e-09, 0.9999876618385315, 0.004973688628524542, 1.4901161193847656e-08, -0.004973672796040773, 0.9999876618385315),
        }},
        {Time = 0.100, Data = {
            ["RightFoot"] = CFrame.new(-1.862645149230957e-08, 2.980232238769531e-07, -5.139008862897754e-08, 0.9729233980178833, 0.22460855543613434, 0.054505329579114914, -0.22544004023075104, 0.974210798740387, 0.009520401246845722, -0.050960708409547806, -0.02154962718486786, 0.9984681010246277),
            ["LeftLowerArm"] = CFrame.new(-2.086162567138672e-07, 1.7881393432617188e-07, 5.960464477539063e-08, 1, -6.258484859245073e-07, 2.7287737225378805e-07, -4.470342958029505e-07, 0.8539211750030518, -0.5204026103019714, -7.823100389714455e-08, 0.5204023122787476, 0.8539209961891174),
            ["RightUpperArm"] = CFrame.new(-5.960464477539063e-08, -0.06523787975311279, -8.940696716308594e-08, 0.7186124324798584, -0.016080619767308235, 0.6952247023582458, -0.013933176174759865, 0.9991989731788635, 0.03751320019364357, -0.6952711343765259, -0.036644235253334045, 0.7178129553794861),
            ["Head"] = CFrame.new(1.4901161193847656e-08, -2.384185791015625e-07, -1.4901161193847656e-08, 0.7989647388458252, -0.16998331248760223, 0.5768541693687439, 0.4612835943698883, 0.7886545062065125, -0.4064999222755432, -0.38584035634994507, 0.5908719897270203, 0.7085175514221191),
            ["RightHand"] = CFrame.new(-8.195638656616211e-08, -1.1920928955078125e-07, -2.9802322387695312e-08, 0.7228266596794128, -0.11449291557073593, 0.6814790368080139, 0.3114224672317505, 0.9343265891075134, -0.17334574460983276, -0.6168774962425232, 0.33752816915512085, 0.7110117673873901),
            ["UpperTorso"] = CFrame.new(7.078051567077637e-08, -1.7881393432617188e-07, -7.543712854385376e-08, 0.9935100078582764, -0.09741659462451935, -0.05871815234422684, 0.08472200483083725, 0.9782277345657349, -0.1894548535346985, 0.07589562237262726, 0.18325047194957733, 0.9801322221755981),
            ["HumanoidRootPart"] = CFrame.new(0, 0, 0, 1, 0, 0, 0, 1, 0, 0, 0, 1),
            ["RightUpperLeg"] = CFrame.new(-0.000025480985641479492, -0.00012569129467010498, -0.004997598007321358, 0.8172181248664856, -0.5536426901817322, 0.16010592877864838, 0.20912086963653564, 0.02598119154572487, -0.9775450229644775, 0.5370503664016724, 0.8323490023612976, 0.13701049983501434),
            ["LeftUpperArm"] = CFrame.new(-1.1920928955078125e-07, -0.06523752212524414, -1.1920928955078125e-07, 0.6952724456787109, 0.10132737457752228, -0.7115678787231445, -0.0024767296854406595, 0.9903446435928345, 0.1386057436466217, 0.7187420129776001, -0.09460651874542236, 0.6888103485107422),
            ["RightLowerArm"] = CFrame.new(-1.1920928955078125e-07, 2.384185791015625e-07, -5.21540641784668e-08, 1, 6.556510925292969e-07, 3.7252888773764425e-07, 4.097815917702974e-07, 0.8359829783439636, -0.5487580299377441, 6.966287173781893e-07, 0.548755407333374, 0.8359812498092651),
            ["LeftHand"] = CFrame.new(0, -2.384185791015625e-07, 1.6391277313232422e-07, 0.9089924693107605, -0.21674661338329315, -0.35602444410324097, 0.16152343153953552, 0.9705919027328491, -0.17850005626678467, 0.38424351811408997, 0.10474880039691925, 0.9172700047492981),
            ["LeftFoot"] = CFrame.new(-1.6391277313232422e-07, 5.960464477539063e-08, 3.725290298461914e-08, 0.8559147715568542, -0.248192697763443, 0.45366427302360535, 0.3399164378643036, 0.9311613440513611, -0.13188908994197845, -0.38970085978507996, 0.2670935094356537, 0.8813591599464417),
            ["LowerTorso"] = CFrame.new(-0.061970461159944534, -0.26477813720703125, 0.03281400352716446, 0.9139360785484314, 0.3653086721897125, -0.17683246731758118, -0.24648259580135345, 0.8457393050193787, 0.4732564389705658, 0.3224392831325531, -0.38894030451774597, 0.8629940152168274),
            ["RightLowerLeg"] = CFrame.new(1.1920928955078125e-07, -5.960464477539063e-08, 9.110226528719068e-08, 1, -1.415610029198433e-07, -4.7963133908979216e-08, 1.341104507446289e-07, 0.5940926671028137, 0.8043965101242065, -8.940696716308594e-08, -0.8043966889381409, 0.594092845916748),
            ["LeftUpperLeg"] = CFrame.new(0.000025451183319091797, 0.00012569129467010498, 0.004997424781322479, 0.9940503835678101, 0.08052993565797806, 0.07334339618682861, -0.0699995756149292, 0.9881969690322876, -0.13625900447368622, -0.08345117419958115, 0.13031414151191711, 0.9879546165466309),
            ["LeftLowerLeg"] = CFrame.new(6.146728992462158e-08, 1.1920928955078125e-07, 3.725290298461914e-08, 1, 0, -7.450581485102248e-09, -1.4901159417490817e-08, 0.9999840259552002, 0.005648941267281771, -2.9802318834981634e-08, -0.005648910533636808, 0.9999841451644897),
        }},
        {Time = 0.133, Data = {
            ["RightFoot"] = CFrame.new(5.960464477539063e-08, 1.7881393432617188e-07, -6.349728209897876e-08, 0.9801024198532104, 0.18539544939994812, 0.07090381532907486, -0.18030379712581635, 0.9809305667877197, -0.07256890088319778, -0.0830049142241478, 0.05834155157208443, 0.9948399662971497),
            ["LeftLowerArm"] = CFrame.new(-3.2782554626464844e-07, -5.960464477539063e-08, -1.4901161193847656e-07, 1, -2.682207878024201e-07, 1.3969835777061235e-07, -1.0430811414607888e-07, 0.8527405858039856, -0.5223349332809448, -1.2665985593685036e-07, 0.522334635257721, 0.852740466594696),
            ["RightUpperArm"] = CFrame.new(0, -0.06523799896240234, 0, 0.7544054388999939, 0.002693840069696307, 0.6564031839370728, -0.04734083265066147, 0.9976108074188232, 0.050314873456954956, -0.6546993851661682, -0.0690329372882843, 0.752730667591095),
            ["Head"] = CFrame.new(2.9802322387695312e-08, -2.384185791015625e-07, -1.1920928955078125e-07, 0.8102394342422485, -0.1392717808485031, 0.5693113207817078, 0.4331739842891693, 0.796620786190033, -0.42161083221435547, -0.39480677247047424, 0.5882166028022766, 0.7057825922966003),
            ["RightHand"] = CFrame.new(-7.450580596923828e-09, -2.980232238769531e-07, 4.470348358154297e-08, 0.7013164162635803, -0.10344213992357254, 0.7053056359291077, 0.3153391182422638, 0.9323605895042419, -0.17681394517421722, -0.6393095254898071, 0.34641510248184204, 0.6864989995956421),
            ["UpperTorso"] = CFrame.new(0, 2.9802322387695312e-08, 3.725290298461914e-09, 0.9915279150009155, -0.1255105584859848, -0.03345436230301857, 0.1176566630601883, 0.9769502282142639, -0.17811618745326996, 0.05503852292895317, 0.17267127335071564, 0.983440637588501),
            ["HumanoidRootPart"] = CFrame.new(0, 0, 0, 1, 0, 0, 0, 1, 0, 0, 0, 1),
            ["RightUpperLeg"] = CFrame.new(-0.000025570392608642578, -0.0001256316900253296, -0.0049975235015153885, 0.8428485989570618, -0.5193455815315247, 0.14101718366146088, 0.1759638786315918, 0.01832171157002449, -0.9842265248298645, 0.5085695385932922, 0.8543678522109985, 0.10682850331068039),
            ["LeftUpperArm"] = CFrame.new(0, -0.06523823738098145, -8.940696716308594e-08, 0.6749735474586487, 0.11322132498025894, -0.7291032075881958, -0.026151010766625404, 0.991206705570221, 0.12971366941928864, 0.7373782992362976, -0.0684867650270462, 0.6719991564750671),
            ["RightLowerArm"] = CFrame.new(5.960464477539063e-08, 3.5762786865234375e-07, -1.6763806343078613e-07, 1, 5.215405849412491e-07, 4.1723231447576836e-07, 2.235172900100224e-07, 0.8178900480270386, -0.5753771066665649, 6.705518558192125e-07, 0.5753745436668396, 0.8178882598876953),
            ["LeftHand"] = CFrame.new(0, 0, 1.1920928955078125e-07, 0.9088599681854248, -0.21162334084510803, -0.3594292402267456, 0.16613075137138367, 0.9740926027297974, -0.15344150364398956, 0.38258883357048035, 0.07974453270435333, 0.9204707145690918),
            ["LeftFoot"] = CFrame.new(1.4156103134155273e-07, -5.960464477539063e-08, -2.9802322387695312e-08, 0.8394280672073364, -0.24441708624362946, 0.48540857434272766, 0.3419820964336395, 0.931719958782196, -0.12225288152694702, -0.4223845899105072, 0.2686229646205902, 0.8656979203224182),
            ["LowerTorso"] = CFrame.new(0.01993759535253048, -0.2817342281341553, 0.005244254134595394, 0.9097278118133545, 0.3593601584434509, -0.20797845721244812, -0.2321249097585678, 0.8555024266242981, 0.46285420656204224, 0.34425777196884155, -0.37279465794563293, 0.8616908192634583),
            ["RightLowerLeg"] = CFrame.new(-5.960464477539063e-08, 2.384185791015625e-07, 9.110226528719068e-08, 1, -1.341104365337742e-07, -1.5273695908035734e-07, 7.450579175838357e-08, 0.4998480975627899, 0.8661130666732788, -8.940694584680386e-08, -0.8661130666732788, 0.4998481273651123),
            ["LeftUpperLeg"] = CFrame.new(0.000025510787963867188, 0.00012564659118652344, 0.004997372627258301, 0.9905632734298706, 0.1195794939994812, 0.06697772443294525, -0.11393240839242935, 0.9900516271591187, -0.08256308734416962, -0.07618417590856552, 0.07415316253900528, 0.9943326115608215),
            ["LeftLowerLeg"] = CFrame.new(9.685754776000977e-08, 0, -4.0978193283081055e-08, 1, -1.4901162970204496e-08, 4.4703490686970326e-08, 0, 0.9999844431877136, 0.005582109559327364, -4.470348358154297e-08, -0.00558209465816617, 0.9999845027923584),
        }},
        {Time = 0.167, Data = {
            ["RightFoot"] = CFrame.new(1.4901161193847656e-08, 2.980232238769531e-07, 3.5222910810261965e-08, 0.9852303266525269, 0.15004077553749084, 0.08251485973596573, -0.13769319653511047, 0.9806549549102783, -0.13912801444530487, -0.10179290920495987, 0.12571218609809875, 0.9868306517601013),
            ["LeftLowerArm"] = CFrame.new(-5.960464477539063e-08, 1.1920928955078125e-07, -2.384185791015625e-07, 1, -3.241001422793488e-07, -2.2351736461700966e-08, -9.685754776000977e-08, 0.8397511839866638, -0.542971670627594, -1.4901161193847656e-07, 0.5429714322090149, 0.8397510647773743),
            ["RightUpperArm"] = CFrame.new(-4.172325134277344e-07, -0.06523799896240234, 4.470348358154297e-08, 0.7858437895774841, 0.02020297758281231, 0.6180950403213501, -0.07653653621673584, 0.9949597120285034, 0.06478697806596756, -0.6136707067489624, -0.09821908175945282, 0.7834292054176331),
            ["Head"] = CFrame.new(-1.1175870895385742e-08, 2.384185791015625e-07, 1.4901161193847656e-08, 0.8204910755157471, -0.10873668640851974, 0.5612226724624634, 0.40671369433403015, 0.8009315729141235, -0.4394233524799347, -0.40171927213668823, 0.5887996554374695, 0.7013816237449646),
            ["RightHand"] = CFrame.new(5.21540641784668e-08, -1.7881393432617188e-07, 0, 0.6777587532997131, -0.09090059995651245, 0.7296447157859802, 0.3212295472621918, 0.9292251467704773, -0.1826217770576477, -0.6614035964012146, 0.3581587076187134, 0.6589900255203247),
            ["UpperTorso"] = CFrame.new(7.450580596923828e-08, -2.086162567138672e-07, 1.1175870895385742e-08, 0.9881079792976379, -0.15321983397006989, -0.01288872491568327, 0.14937707781791687, 0.9764267206192017, -0.15581285953521729, 0.03645830601453781, 0.15203474462032318, 0.9877026081085205),
            ["HumanoidRootPart"] = CFrame.new(0, 0, 0, 1, 0, 0, 0, 1, 0, 0, 0, 1),
            ["RightUpperLeg"] = CFrame.new(-0.000025480985641479492, -0.00012565776705741882, -0.00499737448990345, 0.8633131384849548, -0.4909694492816925, 0.11678631603717804, 0.1532568484544754, 0.03456418961286545, -0.9875820875167847, 0.480835497379303, 0.8704908490180969, 0.10508396476507187),
            ["LeftUpperArm"] = CFrame.new(1.1920928955078125e-07, -0.06523776054382324, -1.341104507446289e-07, 0.6640517115592957, 0.12533393502235413, -0.7371070384979248, -0.05030829459428787, 0.991105854511261, 0.1232006847858429, 0.745992124080658, -0.04472899064421654, 0.6644507646560669),
            ["RightLowerArm"] = CFrame.new(-8.940696716308594e-08, 0, 3.3527612686157227e-08, 1, 8.195636524988004e-08, 3.874300205097825e-07, 0, 0.7959526181221008, -0.6053614020347595, 4.7683693082944956e-07, 0.6053589582443237, 0.7959508299827576),
            ["LeftHand"] = CFrame.new(-5.960464477539063e-08, 2.980232238769531e-07, 8.940696716308594e-08, 0.9040921926498413, -0.20574769377708435, -0.37454667687416077, 0.17434456944465637, 0.9777939319610596, -0.116288922727108, 0.39015549421310425, 0.03983591869473457, 0.9198867678642273),
            ["LeftFoot"] = CFrame.new(0, 0, -1.4901161193847656e-08, 0.8434433341026306, -0.06020219996571541, 0.5338351726531982, 0.2828187942504883, 0.8946087956428528, -0.3459605872631073, -0.45674607157707214, 0.44277632236480713, 0.7715772390365601),
            ["LowerTorso"] = CFrame.new(0.09620027244091034, -0.28869080543518066, -0.02006838284432888, 0.9045054912567139, 0.3547748029232025, -0.23665183782577515, -0.2231331467628479, 0.8666038513183594, 0.4463290274143219, 0.3634301722049713, -0.3509026765823364, 0.8630099892616272),
            ["RightLowerLeg"] = CFrame.new(-4.470348358154297e-08, -1.7881393432617188e-07, 9.110226528719068e-08, 1, -1.043080928297968e-07, 3.7252917195473856e-08, 2.0116564769523393e-07, 0.4321642220020294, 0.9017948508262634, -1.0430811414607888e-07, -0.9017949104309082, 0.4321643114089966),
            ["LeftUpperLeg"] = CFrame.new(0.000025659799575805664, 0.00012559443712234497, 0.004997573792934418, 0.9941191077232361, 0.10820316523313522, -0.004458793438971043, -0.10308875143527985, 0.9329400658607483, -0.3449563682079315, -0.03316602483391762, 0.3433877229690552, 0.9386082291603088),
            ["LeftLowerLeg"] = CFrame.new(9.685754776000977e-08, -2.384185791015625e-07, 1.4901161193847656e-08, 1, 7.450581307466564e-08, -2.235175244891252e-08, -4.214235715949144e-08, 0.8241159915924072, 0.566421389579773, 3.3527619791584584e-08, -0.5664211511611938, 0.8241158127784729),
        }},
        {Time = 0.200, Data = {
            ["RightFoot"] = CFrame.new(4.0978193283081055e-08, 5.960464477539062e-07, -1.1006341082975268e-07, 0.9890390634536743, 0.11638493835926056, 0.09086355566978455, -0.09714265167713165, 0.9763386845588684, -0.1931997835636139, -0.111198291182518, 0.18225625157356262, 0.9769430160522461),
            ["LeftLowerArm"] = CFrame.new(1.7881393432617188e-07, 0, 1.1920928955078125e-07, 1, -2.1606686573250045e-07, -9.313223614526578e-08, -2.2351747119842003e-08, 0.8171126246452332, -0.5764784216880798, -1.1175873737556685e-07, 0.5764781832695007, 0.817112386226654),
            ["RightUpperArm"] = CFrame.new(-1.7881393432617188e-07, -0.06523823738098145, 7.450580596923828e-08, 0.8084795475006104, 0.03441828489303589, 0.5875172019004822, -0.09737289696931839, 0.9923526644706726, 0.07585988938808441, -0.5804131627082825, -0.11853991448879242, 0.805648148059845),
            ["Head"] = CFrame.new(2.9802322387695312e-08, 0, -7.450580596923828e-08, 0.83147132396698, -0.08009800314903259, 0.5497634410858154, 0.3809460699558258, 0.8024887442588806, -0.45923006534576416, -0.40439537167549133, 0.5912666916847229, 0.6977591514587402),
            ["RightHand"] = CFrame.new(-1.0803341865539551e-07, 0, -1.4901161193847656e-08, 0.6645560264587402, -0.06940321624279022, 0.7440090179443359, 0.32226255536079407, 0.92494136095047, -0.20156782865524292, -0.6741750836372375, 0.3737201392650604, 0.6370407938957214),
            ["UpperTorso"] = CFrame.new(-1.4901161193847656e-08, 2.086162567138672e-07, 1.341104507446289e-07, 0.9844596982002258, -0.1755962073802948, -0.00222514639608562, 0.17391115427017212, 0.9766098260879517, -0.1264461874961853, 0.024376280605793, 0.1240944117307663, 0.9919710159301758),
            ["HumanoidRootPart"] = CFrame.new(0, 0, 0, 1, 0, 0, 0, 1, 0, 0, 0, 1),
            ["RightUpperLeg"] = CFrame.new(-0.000025510787963867188, -0.00012531504034996033, -0.004997508600354195, 0.877154529094696, -0.4745425581932068, 0.07354709506034851, 0.13005536794662476, 0.0873195007443428, -0.9876545667648315, 0.4622613191604614, 0.875890851020813, 0.13830894231796265),
            ["LeftUpperArm"] = CFrame.new(5.960464477539063e-08, -0.06523799896240234, 2.9802322387695312e-08, 0.669517457485199, 0.1323247253894806, -0.7309151291847229, -0.0686488226056099, 0.9908159971237183, 0.11649507284164429, 0.7396173477172852, -0.02781926468014717, 0.6724522709846497),
            ["RightLowerArm"] = CFrame.new(-2.9802322387695312e-08, -5.960464477539063e-08, -3.725290298461914e-09, 1, 2.4586918812019576e-07, 3.799794683345681e-07, 8.940695295223122e-08, 0.7784519195556641, -0.6277063488960266, 5.438923267320206e-07, 0.6277042627334595, 0.7784502506256104),
            ["LeftHand"] = CFrame.new(2.9802322387695312e-08, 5.960464477539063e-08, -2.9802322387695312e-08, 0.8929267525672913, -0.19977536797523499, -0.4034498929977417, 0.18591037392616272, 0.9797986745834351, -0.07370342314243317, 0.41002357006073, -0.009193875826895237, 0.9120284914970398),
            ["LeftFoot"] = CFrame.new(-7.450580596923828e-09, -5.960464477539063e-08, -2.9802322387695312e-08, 0.8915343880653381, -0.0734584853053093, 0.44695764780044556, 0.2587048411369324, 0.8925569653511047, -0.36934223771095276, -0.3718040883541107, 0.44491130113601685, 0.8147484660148621),
            ["LowerTorso"] = CFrame.new(0.17059797048568726, -0.27628016471862793, -0.04312686622142792, 0.90338134765625, 0.34516236186027527, -0.2544884979724884, -0.21619676053524017, 0.8790749907493591, 0.42483699321746826, 0.3703525960445404, -0.3287706673145294, 0.8687630295753479),
            ["RightLowerLeg"] = CFrame.new(-1.043081283569336e-07, 1.1920928955078125e-07, -4.300818545743823e-08, 1, -1.3224777717368852e-07, -1.6018753967728117e-07, 1.2665985593685036e-07, 0.40320178866386414, 0.9151110053062439, -4.470347647611561e-08, -0.9151111245155334, 0.4032021462917328),
            ["LeftUpperLeg"] = CFrame.new(0.000025659799575805664, 0.00012592971324920654, 0.004997514188289642, 0.9979974627494812, 0.057243332266807556, -0.026920994743704796, -0.06322167813777924, 0.888871431350708, -0.453773558139801, -0.002046511508524418, 0.45456668734550476, 0.8907102942466736),
            ["LeftLowerLeg"] = CFrame.new(-1.043081283569336e-07, 5.960464477539063e-08, 2.2351741790771484e-08, 1, 4.470348358154297e-08, 3.725290653733282e-08, -9.313227167240257e-08, 0.6768249869346619, 0.7361438870429993, 1.862645326866641e-08, -0.736143946647644, 0.6768251061439514),
        }},
        {Time = 0.233, Data = {
            ["RightFoot"] = CFrame.new(0, 4.76837158203125e-07, 6.502523319795728e-08, 0.9913167953491211, 0.08694937080144882, 0.09864604473114014, -0.06104274466633797, 0.9687390327453613, -0.24045464396476746, -0.11646881699562073, 0.23234587907791138, 0.9656347632408142),
            ["LeftLowerArm"] = CFrame.new(-5.960464477539063e-08, 5.960464477539063e-08, 2.9802322387695312e-08, 1, -8.009369167893965e-08, 1.8626448650138627e-07, -2.2351731132630448e-08, 0.7632816433906555, -0.6460652947425842, 1.1548394240890048e-07, 0.6460660099983215, 0.7632822394371033),
            ["RightUpperArm"] = CFrame.new(-1.1920928955078125e-07, -0.06523823738098145, 5.960464477539063e-08, 0.8194613456726074, 0.049579866230487823, 0.5709858536720276, -0.11414651572704315, 0.9904113411903381, 0.07782013714313507, -0.561652660369873, -0.12894657254219055, 0.8172632455825806),
            ["Head"] = CFrame.new(-2.9802322387695312e-08, 1.1920928955078125e-07, 1.4901161193847656e-08, 0.8470789194107056, -0.05747701972723007, 0.5283501744270325, 0.3530634939670563, 0.8039243221282959, -0.47859418392181396, -0.39724501967430115, 0.5919477939605713, 0.7012801170349121),
            ["RightHand"] = CFrame.new(-6.705522537231445e-08, 5.960464477539063e-08, 2.9802322387695312e-08, 0.6731497049331665, -0.034119512885808945, 0.7387198805809021, 0.31928572058677673, 0.9144390821456909, -0.24870997667312622, -0.6670278310775757, 0.4032827913761139, 0.6264473795890808),
            ["UpperTorso"] = CFrame.new(-1.4901161193847656e-08, -2.9802322387695312e-08, -5.21540641784668e-08, 0.9795444011688232, -0.20120969414710999, -0.0026838108897209167, 0.20005729794502258, 0.9751943945884705, -0.09472862631082535, 0.021677177399396896, 0.09225378930568695, 0.9954995512962341),
            ["HumanoidRootPart"] = CFrame.new(0, 0, 0, 1, 0, 0, 0, 1, 0, 0, 0, 1),
            ["RightUpperLeg"] = CFrame.new(-0.000025510787963867188, -0.00012587010860443115, -0.004997463896870613, 0.8776581287384033, -0.4788755774497986, 0.019867677241563797, 0.11135788261890411, 0.16341617703437805, -0.9802523255348206, 0.4661712348461151, 0.8625388741493225, 0.19675040245056152),
            ["LeftUpperArm"] = CFrame.new(-1.1920928955078125e-07, -0.06523799896240234, -4.470348358154297e-08, 0.6923742294311523, 0.12449941039085388, -0.7107163071632385, -0.06087871268391609, 0.9915688037872314, 0.1143902912735939, 0.7189658284187317, -0.03593341261148453, 0.6941160559654236),
            ["RightLowerArm"] = CFrame.new(0, -2.384185791015625e-07, 1.564621925354004e-07, 1, 1.1175869119028903e-08, 5.066390258434694e-07, -1.4901154088420299e-07, 0.7767241597175598, -0.6298432946205139, 4.32133475669616e-07, 0.6298408508300781, 0.7767223119735718),
            ["LeftHand"] = CFrame.new(-1.1920928955078125e-07, 2.980232238769531e-07, 0, 0.8831952810287476, -0.14604446291923523, -0.4456876516342163, 0.16602171957492828, 0.9861046075820923, 0.005865800194442272, 0.43863746523857117, -0.07917565107345581, 0.8951693177223206),
            ["LeftFoot"] = CFrame.new(-5.21540641784668e-08, 0, -2.2351741790771484e-08, 0.9589141011238098, -0.0978786051273346, 0.26627838611602783, 0.18085689842700958, 0.9340488910675049, -0.3079666495323181, -0.21857379376888275, 0.3434714674949646, 0.9133741855621338),
            ["LowerTorso"] = CFrame.new(0.24272383749485016, -0.2459702491760254, -0.06400930881500244, 0.9076135754585266, 0.3363640606403351, -0.25118955969810486, -0.21998871862888336, 0.8906913995742798, 0.39783695340156555, 0.35755088925361633, -0.30582359433174133, 0.88239985704422),
            ["RightLowerLeg"] = CFrame.new(7.450580596923828e-08, 5.960464477539063e-08, 6.129994289949536e-08, 1, -1.4901161193847656e-07, -1.3783575525394554e-07, 1.341104507446289e-07, 0.4025150537490845, 0.915413498878479, -3.725290298461914e-08, -0.9154134392738342, 0.4025149643421173),
            ["LeftUpperLeg"] = CFrame.new(0.000025540590286254883, 0.0001254156231880188, 0.004997480660676956, 0.999021589756012, -0.013247169554233551, -0.042195696383714676, -0.014148950576782227, 0.8081690073013306, -0.5887807607650757, 0.04190041869878769, 0.5888016223907471, 0.8071907162666321),
            ["LeftLowerLeg"] = CFrame.new(2.9802322387695312e-08, -1.1920928955078125e-07, 4.470348358154297e-08, 1, 1.1920936060505483e-07, 1.4901155864777138e-08, -8.940696716308594e-08, 0.5084400773048401, 0.8610977530479431, 2.9802322387695312e-08, -0.861097514629364, 0.5084394216537476),
        }},
        {Time = 0.267, Data = {
            ["RightFoot"] = CFrame.new(-3.166496753692627e-08, 1.1920928955078125e-07, 2.4047039914876223e-08, 0.9922486543655396, 0.06362520903348923, 0.10674581676721573, -0.03047766536474228, 0.9573467969894409, -0.28732919692993164, -0.12047377228736877, 0.2818491756916046, 0.9518652558326721),
            ["LeftLowerArm"] = CFrame.new(-1.1920928955078125e-07, -2.384185791015625e-07, -8.940696716308594e-08, 1, -3.501772880554199e-07, 1.5646214990283625e-07, -2.6077029247062455e-07, 0.7047908306121826, -0.7094151377677917, -1.0803340444454079e-07, 0.7094151973724365, 0.7047908306121826),
            ["RightUpperArm"] = CFrame.new(-2.384185791015625e-07, -0.065238356590271, -1.7881393432617188e-07, 0.8180525898933411, 0.06539756059646606, 0.571413516998291, -0.1272982954978943, 0.9894615411758423, 0.06900113075971603, -0.5608790516853333, -0.1291864812374115, 0.8177564740180969),
            ["Head"] = CFrame.new(3.725290298461914e-08, 0, -2.9802322387695312e-08, 0.8676555156707764, -0.04057130217552185, 0.4955075979232788, 0.3194856643676758, 0.8091353178024292, -0.4931827187538147, -0.38092362880706787, 0.5862202644348145, 0.7150126099586487),
            ["RightHand"] = CFrame.new(5.21540641784668e-08, -1.7881393432617188e-07, -1.4901161193847656e-08, 0.7010325789451599, 0.010170003399252892, 0.7130576372146606, 0.3091449439525604, 0.8967246413230896, -0.31672242283821106, -0.6426373720169067, 0.442471981048584, 0.6254884600639343),
            ["UpperTorso"] = CFrame.new(-1.7136335372924805e-07, 0, -9.685754776000977e-08, 0.9730940461158752, -0.2299823760986328, -0.01399404276162386, 0.22848430275917053, 0.9710193276405334, -0.07012107223272324, 0.029715102165937424, 0.06503703445196152, 0.9974403381347656),
            ["HumanoidRootPart"] = CFrame.new(0, 0, 0, 1, 0, 0, 0, 1, 0, 0, 0, 1),
            ["RightUpperLeg"] = CFrame.new(-0.000025600194931030273, -0.000125933438539505, -0.004997575655579567, 0.8632329106330872, -0.5031117796897888, -0.041326265782117844, 0.09662695229053497, 0.24502761662006378, -0.9646888971328735, 0.4954717457294464, 0.8287582397460938, 0.2601298689842224),
            ["LeftUpperArm"] = CFrame.new(1.1920928955078125e-07, -0.06523799896240234, -1.2665987014770508e-07, 0.7460909485816956, 0.10467134416103363, -0.657565712928772, -0.03558362275362015, 0.9924233555793762, 0.11759987473487854, 0.6648927330970764, -0.0643417239189148, 0.744162380695343),
            ["RightLowerArm"] = CFrame.new(-2.086162567138672e-07, 4.172325134277344e-07, -5.960464477539063e-08, 1, 3.799797525516624e-07, 3.948805726849969e-07, 5.215405707303944e-08, 0.7926896810531616, -0.6096280813217163, 5.438923267320206e-07, 0.609625518321991, 0.7926875948905945),
            ["LeftHand"] = CFrame.new(-2.9802322387695312e-08, 3.5762786865234375e-07, 2.9802322387695312e-08, 0.8607861399650574, -0.07992646098136902, -0.5026518702507019, 0.13196949660778046, 0.98886638879776, 0.06875550746917725, 0.491560161113739, -0.12551887333393097, 0.8617504239082336),
            ["LeftFoot"] = CFrame.new(1.4057150110602379e-08, -1.1920928955078125e-07, -4.348112270236015e-08, 0.994419515132904, -0.05400450900197029, 0.09062938392162323, 0.07413692772388458, 0.968887984752655, -0.23613470792770386, -0.07505778223276138, 0.24153579771518707, 0.967484712600708),
            ["LowerTorso"] = CFrame.new(0.31182706356048584, -0.20939373970031738, -0.08287350833415985, 0.9174360632896423, 0.3290516138076782, -0.22368605434894562, -0.23311525583267212, 0.9001239538192749, 0.3680141568183899, 0.3224411606788635, -0.2854851186275482, 0.902513325214386),
