return {
    ["Line Dancin'"] = {
        {Time = 0.000, Data = {
            ["RightFoot"] = CFrame.new(1.73225998878479e-07, 0, -5.75528247281909e-09, 0.9970939755439758, -0.0761394128203392, -0.002519350964576006, 0.05154023319482803, 0.6985678672790527, -0.7136852145195007, 0.0560995414853096, 0.7114814519882202, 0.7004620432853699),
            ["LeftLowerArm"] = CFrame.new(0.000001341104507446289, -3.5762786865234375e-07, 0.000004172325134277344, 1, 2.7706846594810486e-08, -8.795179695653133e-08, -8.632196113467216e-08, -0.11056143045425415, -0.9938693046569824, -3.655441105365753e-08, 0.9938693046569824, -0.11056145280599594),
            ["RightUpperArm"] = CFrame.new(-0.07421404123306274, -0.04796898365020752, -0.01437366008758545, 0.061957888305187225, -0.9770642518997192, 0.20373216271400452, 0.29051584005355835, 0.21294072270393372, 0.9328756332397461, -0.9548621773719788, 0.001388354692608118, 0.2970460057258606),
            ["Head"] = CFrame.new(-7.450580596923828e-09, -9.5367431640625e-07, 3.91155481338501e-08, 0.9459611177444458, 0.14927950501441956, 0.2878769040107727, -0.06379320472478867, 0.956060528755188, -0.28614479303359985, -0.31794342398643494, 0.2523171603679657, 0.9139190912246704),
            ["RightHand"] = CFrame.new(2.1606683731079102e-07, 0.0000010132789611816406, -7.60890543460846e-07, 0.996288001537323, 0.06650770455598831, 0.05465371906757355, -0.020995410159230232, 0.8034565448760986, -0.5949932336807251, -0.08348359167575836, 0.5916369557380676, 0.8018704056739807),
            ["UpperTorso"] = CFrame.new(2.60770320892334e-08, 0, -1.5832483768463135e-08, 0.9874410629272461, -0.014000054448843002, -0.15736694633960724, 0.04083595424890518, 0.9848347306251526, 0.16862091422080994, 0.15261957049369812, -0.17292946577072144, 0.9730378985404968),
            ["HumanoidRootPart"] = CFrame.new(0, 0, 0, 1, 0, 0, 0, 1, 0, 0, 0, 1),
            ["RightUpperLeg"] = CFrame.new(0, -1.210719347000122e-08, -1.5199475456029177e-08, 0.9783095121383667, 0.03451491519808769, -0.20425325632095337, -0.14350637793540955, 0.8240033388137817, -0.5481100082397461, 0.14938734471797943, 0.5655328035354614, 0.8110832571983337),
            ["LeftUpperArm"] = CFrame.new(0.034229278564453125, -0.029721498489379883, -0.014270216226577759, 0.588692307472229, 0.7650231122970581, -0.2611143887042999, -0.19529548287391663, 0.4480512738227844, 0.8724161982536316, 0.7844113111495972, -0.46259039640426636, 0.41316983103752136),
            ["RightLowerArm"] = CFrame.new(3.5762786865234375e-07, 2.980232238769531e-07, -0.000004149973392486572, 1, 0.0000015050170532049378, 0.000019431116015766747, 0.000019052999050472863, -0.2992488741874695, -0.9541751742362976, 0.000004423782684170874, 0.9541750550270081, -0.2992487847805023),
            ["LeftHand"] = CFrame.new(-0.0000014035031199455261, -0.0000011324882507324219, 1.7881393432617188e-07, 0.9759454131126404, -0.217148557305336, -0.019414067268371582, 0.14733204245567322, 0.7225507497787476, -0.6754359006881714, 0.1606978327035904, 0.6563284993171692, 0.7371630668640137),
            ["LeftFoot"] = CFrame.new(3.725290298461914e-08, -1.1920928955078125e-07, -9.313225746154785e-09, 0.9992807507514954, 0.03789442032575607, -0.0013919435441493988, -0.03359270095825195, 0.8676180839538574, -0.4960953891277313, -0.01759171113371849, 0.4957851469516754, 0.8682669401168823),
            ["LowerTorso"] = CFrame.new(0.13379055261611938, -0.48564088344573975, 0.31514620780944824, 0.9795971512794495, -0.0646575540304184, -0.19028621912002563, 0.06661766022443771, 0.9977709650993347, 0.003915438894182444, 0.18960890173912048, -0.01651197485625744, 0.9817208647727966),
            ["RightLowerLeg"] = CFrame.new(-8.568167686462402e-08, -0.0007263422012329102, 0.000046050008677411824, 1, 2.1234157543403853e-07, 5.5879375793210784e-08, -7.450581307466564e-08, 0.15111246705055237, 0.988516628742218, 9.313227167240257e-08, -0.988516628742218, 0.15111249685287476),
            ["LeftUpperLeg"] = CFrame.new(2.9802322387695312e-08, -5.4016709327697754e-08, -3.166496753692627e-08, 0.6134679317474365, 0.7676971554756165, 0.18519848585128784, -0.10128921270370483, 0.3090636432170868, -0.9456321597099304, -0.7831970453262329, 0.561356246471405, 0.2673601806163788),
            ["LeftLowerLeg"] = CFrame.new(-2.9802322387695312e-08, -0.0007265806198120117, 0.0000810772180557251, 1, 8.381905303167514e-08, 4.377216100692749e-08, 0, 0.46387213468551636, 0.8859022855758667, 2.980232949312267e-08, -0.8859022855758667, 0.4638719856739044),
        }},
        {Time = 0.033, Data = {
            ["RightFoot"] = CFrame.new(1.4901161193847656e-07, 0, 9.110226528719068e-08, 0.9970266819000244, -0.07702712714672089, -0.0021755832713097334, 0.053458649665117264, 0.7117408514022827, -0.7004051804542542, 0.05549848824739456, 0.6982061862945557, 0.713742196559906),
            ["LeftLowerArm"] = CFrame.new(0.0000012814998626708984, -7.152557373046875e-07, 0.0000043138861656188965, 1, 3.3527612686157227e-08, -6.519259443393821e-08, -4.842877388000488e-08, -0.1286405622959137, -0.9916913509368896, -3.725290298461914e-08, 0.9916912913322449, -0.1286405622959137),
            ["RightUpperArm"] = CFrame.new(-0.07810616493225098, -0.0393984317779541, -0.020923733711242676, 0.059830762445926666, -0.9783236980438232, 0.19824983179569244, 0.26231124997138977, 0.20703500509262085, 0.9425122737884521, -0.9631267786026001, -0.004388099070638418, 0.26901233196258545),
            ["Head"] = CFrame.new(-1.0710209608078003e-08, -8.344650268554688e-07, -1.862645149230957e-09, 0.9470975399017334, 0.13021747767925262, 0.29334262013435364, -0.05274682864546776, 0.964718222618103, -0.2579471468925476, -0.3165820837020874, 0.2288280576467514, 0.9205506443977356),
            ["RightHand"] = CFrame.new(2.5704503059387207e-07, 0.0000013709068298339844, -7.487833499908447e-07, 0.9892900586128235, 0.026989620178937912, 0.143445685505867, 0.0654124990105629, 0.7965676784515381, -0.6010000109672546, -0.13048522174358368, 0.6039466857910156, 0.7862711548805237),
            ["UpperTorso"] = CFrame.new(1.862645149230957e-08, 1.1920928955078125e-07, 1.0244548320770264e-08, 0.9872010946273804, 0.010845695622265339, -0.1591113954782486, 0.018920546397566795, 0.9826739430427551, 0.18437479436397552, 0.15835417807102203, -0.18502546846866608, 0.9698914885520935),
            ["HumanoidRootPart"] = CFrame.new(0, 0, 0, 1, 0, 0, 0, 1, 0, 0, 0, 1),
            ["RightUpperLeg"] = CFrame.new(0, -9.313225746154785e-10, 4.823959898203611e-09, 0.9736981391906738, 0.04890618100762367, -0.22253131866455078, -0.1630171686410904, 0.8318842649459839, -0.5304659008979797, 0.15917737782001495, 0.552790105342865, 0.8179766535758972),
            ["LeftUpperArm"] = CFrame.new(0.03014814853668213, -0.03775155544281006, -0.02092498540878296, 0.5424852967262268, 0.7916615605354309, -0.2810371220111847, -0.1612584888935089, 0.426455557346344, 0.8900178074836731, 0.8244425654411316, -0.43750184774398804, 0.359007865190506),
            ["RightLowerArm"] = CFrame.new(2.384185791015625e-07, 4.76837158203125e-07, -0.000003848224878311157, 1, 0.0000015273687949957093, 0.000019423670892138034, 0.000018997119695995934, -0.30193108320236206, -0.9533298015594482, 0.000004403293587529333, 0.9533297419548035, -0.3019310534000397),
            ["LeftHand"] = CFrame.new(-0.000001385807991027832, -0.0000012516975402832031, 1.7881393432617188e-07, 0.9874242544174194, -0.12596191465854645, -0.0955343097448349, 0.02545459382236004, 0.7230834364891052, -0.6902914643287659, 0.15602989494800568, 0.6791788339614868, 0.7171965837478638),
            ["LeftFoot"] = CFrame.new(-4.284083843231201e-08, -1.7881393432617188e-07, 4.284083843231201e-08, 0.9993963837623596, 0.03469737619161606, -0.0017337501049041748, -0.03025866113603115, 0.8448554873466492, -0.5341380834579468, -0.017068246379494667, 0.5338681936264038, 0.8453954458236694),
            ["LowerTorso"] = CFrame.new(0.138031005859375, -0.4765043258666992, 0.3112141489982605, 0.9799043536186218, -0.08313487470149994, -0.18131746351718903, 0.08599251508712769, 0.9962641596794128, 0.007942737080156803, 0.17997977137565613, -0.023375065997242928, 0.983392596244812),
            ["RightLowerLeg"] = CFrame.new(-1.862645149230957e-08, -0.0007266402244567871, 0.000045953151129651815, 1, 1.415611023958263e-07, 7.823113179483698e-08, -8.195639367158947e-08, 0.17906691133975983, 0.9838369488716125, 1.6018749704471702e-07, -0.9838370084762573, 0.17906691133975983),
            ["LeftUpperLeg"] = CFrame.new(-2.9802322387695312e-08, -6.239861249923706e-08, 6.51925802230835e-09, 0.6186776757240295, 0.7686282396316528, 0.1626306027173996, -0.11221742630004883, 0.29133477807044983, -0.950016438961029, -0.7775893807411194, 0.569503903388977, 0.26649588346481323),
            ["LeftLowerLeg"] = CFrame.new(-2.2351741790771484e-08, -0.0007265806198120117, 0.00008101761341094971, 1, 4.284083487959833e-08, -4.0978196835794733e-08, -8.754432911928234e-08, 0.45766040682792664, 0.8891271352767944, 4.4703490686970326e-08, -0.8891270756721497, 0.45766037702560425),
        }},
        {Time = 0.067, Data = {
            ["RightFoot"] = CFrame.new(1.5273690223693848e-07, -1.1920928955078125e-07, 4.639878170564771e-08, 0.9972519874572754, -0.0740804374217987, 0.0007997248321771622, 0.05614389106631279, 0.7486633062362671, -0.6605690121650696, 0.04833659902215004, 0.6587985157966614, 0.7507649660110474),
            ["LeftLowerArm"] = CFrame.new(0.0000014007091522216797, -1.1920928955078125e-07, 0.0000043567270040512085, 1, 2.2351741790771484e-08, -7.078052277620372e-08, -6.705522537231445e-08, -0.13673196732997894, -0.9906080961227417, -3.3527612686157227e-08, 0.9906080961227417, -0.13673195242881775),
            ["RightUpperArm"] = CFrame.new(-0.07862144708633423, -0.03207576274871826, -0.02463775873184204, 0.05822114273905754, -0.9777690768241882, 0.201439768075943, 0.23255200684070587, 0.20951446890830994, 0.9497490525245667, -0.9708398580551147, -0.008450222201645374, 0.23958024382591248),
            ["Head"] = CFrame.new(-2.1420419216156006e-08, -0.0000010728836059570312, 2.9802322387695312e-08, 0.9502522349357605, 0.10240934044122696, 0.29416531324386597, -0.036246489733457565, 0.9743462800979614, -0.22211645543575287, -0.30936554074287415, 0.2004040628671646, 0.9295865297317505),
            ["RightHand"] = CFrame.new(1.9371509552001953e-07, 7.152557373046875e-07, -9.126961231231689e-07, 0.9719944596290588, -0.014106353744864464, 0.23457978665828705, 0.15555541217327118, 0.7868365049362183, -0.5972359776496887, -0.1761513352394104, 0.6170002818107605, 0.7669951915740967),
            ["UpperTorso"] = CFrame.new(-2.60770320892334e-08, -8.940696716308594e-08, 1.3504177331924438e-08, 0.9868118166923523, 0.03499002754688263, -0.15804490447044373, -0.0011785413371399045, 0.9778854846954346, 0.20913797616958618, 0.16186748445034027, -0.20619358122348785, 0.9650301933288574),
            ["HumanoidRootPart"] = CFrame.new(0, 0, 0, 1, 0, 0, 0, 1, 0, 0, 0, 1),
            ["RightUpperLeg"] = CFrame.new(-5.960464477539063e-08, -2.421438694000244e-08, 5.697802407667041e-08, 0.9691746830940247, 0.06165006756782532, -0.23853659629821777, -0.17275778949260712, 0.860335111618042, -0.4795602858066559, 0.17565642297267914, 0.5059869289398193, 0.8444657325744629),
            ["LeftUpperArm"] = CFrame.new(0.029679954051971436, -0.04127812385559082, -0.024627715349197388, 0.4919317364692688, 0.8169429302215576, -0.3010108172893524, -0.1278793215751648, 0.4097873270511627, 0.9031729102134705, 0.8611910939216614, -0.405806303024292, 0.3060573637485504),
            ["RightLowerArm"] = CFrame.new(2.682209014892578e-07, 5.960464477539062e-07, -0.000003970228135585785, 1, 0.0000014342365375341615, 0.000019425528080319054, 0.000018990600437973626, -0.2977379262447357, -0.9546476602554321, 0.000004410744168126257, 0.9546477198600769, -0.29773786664009094),
            ["LeftHand"] = CFrame.new(-0.0000013560056686401367, -0.000001430511474609375, -4.470348358154297e-08, 0.9837214350700378, -0.03540541231632233, -0.17617760598659515, -0.09919731318950653, 0.7104989886283875, -0.6966714262962341, 0.14984013140201569, 0.7028070092201233, 0.695421040058136),
            ["LeftFoot"] = CFrame.new(1.862645149230957e-09, -1.1920928955078125e-07, -7.450580596923828e-09, 0.999896764755249, 0.009214691817760468, 0.011027940548956394, -0.002329828916117549, 0.861162543296814, -0.5083242654800415, -0.014180796220898628, 0.5082461833953857, 0.861095130443573),
            ["LowerTorso"] = CFrame.new(0.13960058987140656, -0.4280203580856323, 0.309137761592865, 0.9806774258613586, -0.0989474505186081, -0.16876384615898132, 0.1009678840637207, 0.9948838949203491, 0.0034114141017198563, 0.16756287217140198, -0.02038522996008396, 0.9856505990028381),
            ["RightLowerLeg"] = CFrame.new(1.30385160446167e-08, -0.0007266402244567871, 0.00004615804209606722, 1, 1.8998984785412176e-07, 4.4703494239684005e-08, -1.1175869474300271e-07, 0.27139782905578613, 0.9624673128128052, 1.5273688802608376e-07, -0.9624673128128052, 0.27139773964881897),
            ["LeftUpperLeg"] = CFrame.new(0, -1.150183379650116e-07, 1.862645149230957e-09, 0.6437728404998779, 0.7540449500083923, 0.13028007745742798, -0.1444798707962036, 0.2869657576084137, -0.9469826817512512, -0.7514534592628479, 0.5908189415931702, 0.2936851680278778),
            ["LeftLowerLeg"] = CFrame.new(5.21540641784668e-08, -0.0007262229919433594, 0.00008088350296020508, 1, 8.149073238428173e-08, -2.0954763257918785e-08, -9.313227167240257e-08, 0.41493386030197144, 0.9098516702651978, 5.2154071283894154e-08, -0.9098516702651978, 0.4149337708950043),
        }},
        {Time = 0.100, Data = {
            ["RightFoot"] = CFrame.new(1.601874828338623e-07, -1.1920928955078125e-07, 9.110226528719068e-08, 0.9979161024093628, -0.063522107899189, 0.011335790157318115, 0.05911758914589882, 0.8296570777893066, -0.5551344156265259, 0.02585843950510025, 0.5546477437019348, 0.8316834568977356),
            ["LeftLowerArm"] = CFrame.new(0.0000013709068298339844, -1.1920928955078125e-07, 0.000004231929779052734, 1, 3.725290653733282e-08, -8.940698847936801e-08, -6.33299421792799e-08, -0.1258474737405777, -0.9920496940612793, -4.842878098543224e-08, 0.9920496344566345, -0.1258474439382553),
            ["RightUpperArm"] = CFrame.new(-0.07707357406616211, -0.029337406158447266, -0.029180213809013367, 0.06651298701763153, -0.9722645878791809, 0.22422701120376587, 0.1986042857170105, 0.2331283688545227, 0.9519493579864502, -0.9778202772140503, -0.018784359097480774, 0.20860189199447632),
            ["Head"] = CFrame.new(-2.421438694000244e-08, -5.960464477539062e-07, -5.587935447692871e-09, 0.9593556523323059, 0.07360372692346573, 0.2724325358867645, -0.02197968028485775, 0.9819434285163879, -0.1878940910100937, -0.2813427150249481, 0.1742691546678543, 0.9436506032943726),
            ["RightHand"] = CFrame.new(2.812594175338745e-07, 9.5367431640625e-07, -7.078051567077637e-07, 0.946735680103302, -0.04473279416561127, 0.31888940930366516, 0.23762233555316925, 0.7653841376304626, -0.5980992913246155, -0.21731844544410706, 0.6420171856880188, 0.7352461218833923),
            ["UpperTorso"] = CFrame.new(-2.2351741790771484e-08, -1.1920928955078125e-07, 6.984919309616089e-08, 0.9871988296508789, 0.027196314185857773, -0.1571589857339859, 0.008816876448690891, 0.9745429754257202, 0.22402741014957428, 0.15925097465515137, -0.2225453406572342, 0.9618278741836548),
            ["HumanoidRootPart"] = CFrame.new(0, 0, 0, 1, 0, 0, 0, 1, 0, 0, 0, 1),
            ["RightUpperLeg"] = CFrame.new(-5.960464477539063e-08, 4.889443516731262e-08, 6.652408046647906e-08, 0.9664967656135559, 0.0538775734603405, -0.2509606182575226, -0.1452115923166275, 0.9209890365600586, -0.3615146279335022, 0.21165449917316437, 0.3858450651168823, 0.8979566097259521),
            ["LeftUpperArm"] = CFrame.new(0.031224489212036133, -0.03826022148132324, -0.029155433177947998, 0.434623122215271, 0.83930903673172, -0.32659393548965454, -0.09103021025657654, 0.4017177224159241, 0.9112280011177063, 0.8960001468658447, -0.3663104772567749, 0.25099822878837585),
            ["RightLowerArm"] = CFrame.new(3.8743019104003906e-07, 6.556510925292969e-07, -0.000004155561327934265, 1, 8.242203648478608e-07, 0.000019472563508315943, 0.000019025117580895312, -0.26707693934440613, -0.9636752605438232, 0.000004397239990794333, 0.9636752009391785, -0.2670769989490509),
            ["LeftHand"] = CFrame.new(-0.0000014901161193847656, -0.0000013709068298339844, 2.7567148208618164e-07, 0.9658226370811462, 0.05319102108478546, -0.25368744134902954, -0.2192196100950241, 0.6898599863052368, -0.6899539232254028, 0.13830962777137756, 0.7219861745834351, 0.6779428124427795),
            ["LeftFoot"] = CFrame.new(-2.0489096641540527e-08, -5.960464477539063e-08, -3.725290298461914e-08, 0.9970923662185669, 0.07617418467998505, 0.0020694811828434467, -0.07098660618066788, 0.938377857208252, -0.3382425010204315, -0.027707040309906006, 0.3371119797229767, 0.9410567283630371),
            ["LowerTorso"] = CFrame.new(0.13388697803020477, -0.293432354927063, 0.3092418909072876, 0.9859127998352051, -0.08603282272815704, -0.1434381753206253, 0.08666098862886429, 0.9962361454963684, -0.0018742445390671492, 0.14305955171585083, -0.01058265008032322, 0.9896575212478638),
            ["RightLowerLeg"] = CFrame.new(7.450580596923828e-09, -0.0007262229919433594, 0.000046146866225171834, 1, 1.2293459406009788e-07, 3.3527616238870905e-08, -6.332994928470725e-08, 0.5021959543228149, 0.8647537231445312, 1.229346082709526e-07, -0.8647539019584656, 0.5021962523460388),
            ["LeftUpperLeg"] = CFrame.new(-5.960464477539063e-08, -1.5832483768463135e-07, 7.869675755500793e-08, 0.6823830008506775, 0.6821392178535461, 0.26275330781936646, -0.08435110747814178, 0.43052417039871216, -0.8986287713050842, -0.7261118292808533, 0.5910456776618958, 0.3513216972351074),
            ["LeftLowerLeg"] = CFrame.new(7.450580596923828e-09, -0.0007267594337463379, 0.00008086860179901123, 1, 7.078052277620372e-08, 1.8393617295942022e-08, 5.587934559514451e-09, 0.38828346133232117, 0.9215400218963623, 6.891786341611805e-08, -0.9215400218963623, 0.3882833421230316),
        }},
        {Time = 0.133, Data = {
            ["RightFoot"] = CFrame.new(1.5739351511001587e-07, -2.384185791015625e-07, 9.145878721028566e-09, 0.9975578784942627, -0.06854674220085144, 0.01340741291642189, 0.0692344531416893, 0.9451028108596802, -0.31935468316078186, 0.009219346567988396, 0.31950294971466064, 0.9475404620170593),
            ["LeftLowerArm"] = CFrame.new(0.0000011920928955078125, -6.556510925292969e-07, 0.000004716217517852783, 1, 2.2351741790771484e-08, -8.195639367158947e-08, -7.450579886381092e-08, -0.0864996612071991, -0.9962519407272339, -4.8428766774577525e-08, 0.9962519407272339, -0.08649957180023193),
            ["RightUpperArm"] = CFrame.new(-0.07718956470489502, -0.0249098539352417, -0.034184783697128296, 0.08801142126321793, -0.9614891409873962, 0.26037007570266724, 0.16706694662570953, 0.2719298303127289, 0.947704017162323, -0.9820094704627991, -0.03990933671593666, 0.18456584215164185),
            ["Head"] = CFrame.new(-2.7939677238464355e-08, -8.344650268554688e-07, -9.313225746154785e-08, 0.977199912071228, 0.05745294317603111, 0.2044004499912262, -0.020109090954065323, 0.9834099411964417, -0.18027962744235992, -0.21136698126792908, 0.17205873131752014, 0.9621433019638062),
            ["RightHand"] = CFrame.new(2.980232238769531e-07, 9.5367431640625e-07, -7.264316082000732e-07, 0.9125036597251892, -0.05976676940917969, 0.40467870235443115, 0.31570643186569214, 0.7319726347923279, -0.6037761569023132, -0.26012828946113586, 0.6787077784538269, 0.6867965459823608),
            ["UpperTorso"] = CFrame.new(-3.3527612686157227e-08, 0, 1.5832483768463135e-08, 0.987991213798523, 0.019079379737377167, -0.15332721173763275, 0.015436336398124695, 0.975193440914154, 0.22081546485424042, 0.15373682975769043, -0.22053062915802002, 0.963188111782074),
            ["HumanoidRootPart"] = CFrame.new(0, 0, 0, 1, 0, 0, 0, 1, 0, 0, 0, 1),
            ["RightUpperLeg"] = CFrame.new(-2.9802322387695312e-08, 3.14321368932724e-08, -2.8237991500645876e-08, 0.9544669389724731, 0.015254601836204529, -0.2979263663291931, -0.11204492300748825, 0.9439047574996948, -0.3106280267238617, 0.2764756679534912, 0.32986530661582947, 0.9026350975036621),
            ["LeftUpperArm"] = CFrame.new(0.031137585639953613, -0.03634476661682129, -0.03408744931221008, 0.37320762872695923, 0.8519318103790283, -0.3673260807991028, -0.0511341318488121, 0.41422009468078613, 0.9087392687797546, 0.9263375997543335, -0.3203653395175934, 0.1981528401374817),
            ["RightLowerArm"] = CFrame.new(2.384185791015625e-07, 3.5762786865234375e-07, -0.0000039584701880812645, 1, -3.46451997756958e-07, 0.000019474891814752482, 0.000018953813196276315, -0.2081628143787384, -0.978094220161438, 0.0000043939803617831785, 0.978094220161438, -0.20816278457641602),
            ["LeftHand"] = CFrame.new(-0.0000013262033462524414, -0.0000011920928955078125, 2.3096799850463867e-07, 0.9324043393135071, 0.14206039905548096, -0.33232611417770386, -0.3405236303806305, 0.6534162759780884, -0.6760850548744202, 0.12110254913568497, 0.7435495853424072, 0.6576232314109802),
            ["LeftFoot"] = CFrame.new(-4.190951585769653e-08, -1.1920928955078125e-07, 1.862645149230957e-09, 0.9927804470062256, 0.11784704774618149, 0.022341398522257805, -0.10922353714704514, 0.9651880860328674, -0.23765967786312103, -0.049571048468351364, 0.2335037738084793, 0.9710915684700012),
            ["LowerTorso"] = CFrame.new(0.11623448133468628, -0.1649552583694458, 0.31076011061668396, 0.9937074184417725, -0.0676555410027504, -0.08926638215780258, 0.06816456466913223, 0.997670590877533, 0.0026626207400113344, 0.08887830376625061, -0.008730667643249035, 0.9960042834281921),
            ["RightLowerLeg"] = CFrame.new(-1.9744038581848145e-07, -0.000726163387298584, 0.000046090986870694906, 1, 1.713633963618122e-07, -1.1175872671742582e-08, -5.960465188081798e-08, 0.6215870380401611, 0.7833449244499207, 1.1455269088855857e-07, -0.783345103263855, 0.6215872764587402),
            ["LeftUpperLeg"] = CFrame.new(-2.9802322387695312e-08, -6.379559636116028e-08, 7.497146725654602e-08, 0.7487744092941284, 0.5751866102218628, 0.32938891649246216, -0.05453410744667053, 0.5487225651741028, -0.8342239260673523, -0.6605777144432068, 0.6066828370094299, 0.44223690032958984),
            ["LeftLowerLeg"] = CFrame.new(-1.862645149230957e-08, -0.0007264614105224609, 0.00008112192153930664, 1, 5.4016709327697754e-08, 1.3248063623905182e-07, -6.752088665962219e-08, 0.2225293517112732, 0.9749259948730469, 1.0291114449501038e-07, -0.9749260544776917, 0.22252927720546722),
        }},
        {Time = 0.167, Data = {
            ["RightFoot"] = CFrame.new(1.5087425708770752e-07, -1.1920928955078125e-07, -2.8107024263590574e-08, 0.9985218644142151, -0.053980618715286255, 0.006345963105559349, 0.05411119759082794, 0.9763062596321106, -0.2095189392566681, 0.005114261526614428, 0.2095525562763214, 0.9777840971946716),
            ["LeftLowerArm"] = CFrame.new(0.0000012516975402832031, -5.364418029785156e-07, 0.000004936009645462036, 1, 3.725290653733282e-08, -7.450581307466564e-08, -6.705522537231445e-08, -0.027732625603675842, -0.999615490436554, -4.470348358154297e-08, 0.9996154308319092, -0.02773257903754711),
            ["RightUpperArm"] = CFrame.new(-0.07891583442687988, -0.02020263671875, -0.036839112639427185, 0.12108070403337479, -0.9458063840866089, 0.3013135492801666, 0.1379554271697998, 0.3166347146034241, 0.9384618997573853, -0.9830095767974854, -0.07206187397241592, 0.16881738603115082),
            ["Head"] = CFrame.new(-4.6100467443466187e-08, -8.344650268554688e-07, -6.426125764846802e-08, 0.9910089373588562, 0.052642401307821274, 0.1230049803853035, -0.03104334883391857, 0.9847250580787659, -0.1713273525238037, -0.13014504313468933, 0.16596820950508118, 0.9775053858757019),
            ["RightHand"] = CFrame.new(2.980232238769531e-07, 0.0000013113021850585938, -8.605420589447021e-07, 0.8744194507598877, -0.06503244489431381, 0.48079219460487366, 0.3888031542301178, 0.6866929531097412, -0.6142353415489197, -0.29021167755126953, 0.7240329384803772, 0.6257427334785461),
            ["UpperTorso"] = CFrame.new(-4.6566128730773926e-09, 5.960464477539063e-08, 4.563480615615845e-08, 0.9900586009025574, 0.009994338266551495, -0.14030009508132935, 0.019961336627602577, 0.9773930311203003, 0.21048659086227417, 0.13923189043998718, -0.21119451522827148, 0.9674767851829529),
            ["HumanoidRootPart"] = CFrame.new(0, 0, 0, 1, 0, 0, 0, 1, 0, 0, 0, 1),
            ["RightUpperLeg"] = CFrame.new(5.960464477539063e-08, 1.6530975699424744e-07, 4.1145540308207273e-08, 0.9455199241638184, -0.03931567445397377, -0.32318171858787537, -0.07654755562543869, 0.9380055069923401, -0.33806249499320984, 0.31643742322921753, 0.3443834185600281, 0.8838933706283569),
            ["LeftUpperArm"] = CFrame.new(0.029488801956176758, -0.03650534152984619, -0.03662152588367462, 0.3370532691478729, 0.8491279482841492, -0.40666553378105164, -0.03178698942065239, 0.4419574439525604, 0.896472692489624, 0.9409488439559937, -0.28923216462135315, 0.17595429718494415),
            ["RightLowerArm"] = CFrame.new(3.5762786865234375e-07, 4.172325134277344e-07, -0.000004302070010453463, 1, -0.0000019185238215868594, 0.000019464643628452905, 0.000018939377696369775, -0.127319797873497, -0.9918618202209473, 0.000004385598458611639, 0.9918617010116577, -0.1273198425769806),
            ["LeftHand"] = CFrame.new(-0.0000013709068298339844, -9.5367431640625e-07, 1.4901161193847656e-07, 0.9005577564239502, 0.18682125210762024, -0.39254704117774963, -0.418910950422287, 0.614325225353241, -0.6686692833900452, 0.11623004078865051, 0.7666175961494446, 0.6314968466758728),
            ["LeftFoot"] = CFrame.new(-5.541369318962097e-08, -5.960464477539063e-08, 1.4901161193847656e-08, 0.9833323359489441, 0.1773194670677185, 0.04019343852996826, -0.17291028797626495, 0.9803663492202759, -0.09478408098220825, -0.05621134489774704, 0.08625435084104538, 0.9946861267089844),
            ["LowerTorso"] = CFrame.new(0.08794862031936646, -0.11718738079071045, 0.31347206234931946, 0.9980238080024719, -0.04840440675616264, -0.040068235248327255, 0.04874914139509201, 0.9987816214561462, 0.007671330589801073, 0.03964809328317642, -0.009609464555978775, 0.9991675019264221),
            ["RightLowerLeg"] = CFrame.new(-1.9744038581848145e-07, -0.0007262825965881348, 0.00004606490983860567, 1, 1.4342374754505727e-07, -2.887101047122087e-08, -5.7742006731587026e-08, 0.6129222512245178, 0.7901430726051331, 1.1269004573932762e-07, -0.7901432514190674, 0.6129224300384521),
            ["LeftUpperLeg"] = CFrame.new(-2.9802322387695312e-08, 2.0815059542655945e-07, 8.195638656616211e-08, 0.8014503717422485, 0.4778229296207428, 0.3596702516078949, -0.02364896982908249, 0.6262432932853699, -0.7792690992355347, -0.5975936055183411, 0.6160394549369812, 0.5132027864456177),
            ["LeftLowerLeg"] = CFrame.new(8.288770914077759e-08, -0.0007266998291015625, 0.00008093565702438354, 1, 7.078050856534901e-08, 2.7939680791178034e-08, -7.63684582238966e-08, 0.09964965283870697, 0.9950226545333862, 9.313227167240257e-08, -0.9950226545333862, 0.09964968264102936),
        }},
        {Time = 0.200, Data = {
            ["RightFoot"] = CFrame.new(1.387670636177063e-07, 0, -2.0656443666666746e-08, 0.9973139762878418, -0.027020780369639397, -0.06807961314916611, 0.015343064442276955, 0.9859145879745483, -0.16654443740844727, 0.07162098586559296, 0.16505274176597595, 0.9836809039115906),
            ["LeftLowerArm"] = CFrame.new(0.0000012814998626708984, -4.76837158203125e-07, 0.0000048317015171051025, 1, 3.725289943190546e-08, -8.940698137394065e-08, -9.685754776000977e-08, 0.033628400415182114, -0.9994344711303711, -4.0978193283081055e-08, 0.9994344711303711, 0.033628351986408234),
            ["RightUpperArm"] = CFrame.new(-0.07752394676208496, -0.01540219783782959, -0.038224153220653534, 0.1479155570268631, -0.9313507080078125, 0.33272624015808105, 0.11005731672048569, 0.3498383164405823, 0.9303229451179504, -0.9828572273254395, -0.10099032521247864, 0.1542484611272812),
            ["Head"] = CFrame.new(1.6530975699424744e-08, -8.344650268554688e-07, -2.7881469577550888e-08, 0.996936023235321, 0.04243118315935135, 0.06571343541145325, -0.031043030321598053, 0.9857168793678284, -0.1655256748199463, -0.07179825752973557, 0.1629783809185028, 0.9840136766433716),
            ["RightHand"] = CFrame.new(2.8312206268310547e-07, 0.0000011324882507324219, -8.23289155960083e-07, 0.83965003490448, -0.07743922621011734, 0.5375785231590271, 0.45169979333877563, 0.6491711735725403, -0.6120003461837769, -0.30158790946006775, 0.756690263748169, 0.5800558924674988),
            ["UpperTorso"] = CFrame.new(2.60770320892334e-08, -1.1920928955078125e-07, -1.1641532182693481e-09, 0.9932029843330383, 0.030685406178236008, -0.11227801442146301, -0.006694722454994917, 0.9780871272087097, 0.20808862149715424, 0.11620289832353592, -0.20592255890369415, 0.971644401550293),
            ["HumanoidRootPart"] = CFrame.new(0, 0, 0, 1, 0, 0, 0, 1, 0, 0, 0, 1),
            ["RightUpperLeg"] = CFrame.new(5.960464477539063e-08, 1.2526288628578186e-07, 1.5068508218973875e-08, 0.9420987367630005, -0.07136708498001099, -0.3276533782482147, -0.08077842742204666, 0.9000201225280762, -0.4282975494861603, 0.32546091079711914, 0.42996567487716675, 0.8421428799629211),
            ["LeftUpperArm"] = CFrame.new(0.031073033809661865, -0.03994166851043701, -0.03786382079124451, 0.35262179374694824, 0.8330405354499817, -0.42626437544822693, -0.043659839779138565, 0.46967485547065735, 0.8817594647407532, 0.9347469210624695, -0.29231682419776917, 0.2019878774881363),
            ["RightLowerArm"] = CFrame.new(3.2782554626464844e-07, 8.940696716308594e-07, -0.000003704102709889412, 1, -0.0000032437960726383608, 0.00001920014801726211, 0.000018969178199768066, -0.05952022224664688, -0.9982271194458008, 0.000004370464012026787, 0.9982271790504456, -0.0595201812684536),
            ["LeftHand"] = CFrame.new(-0.0000014007091522216797, -0.0000011324882507324219, 9.313225746154785e-08, 0.8912718296051025, 0.15855772793293, -0.42484545707702637, -0.43212729692459106, 0.5810059905052185, -0.6897088885307312, 0.13747932016849518, 0.7983054518699646, 0.5863515138626099),
            ["LeftFoot"] = CFrame.new(-4.284083843231201e-08, -1.1920928955078125e-07, -2.9802322387695312e-08, 0.9845263361930847, 0.1668676733970642, 0.053508371114730835, -0.1710743010044098, 0.9813949465751648, 0.0871644988656044, -0.037967950105667114, -0.09496942162513733, 0.9947559237480164),
            ["LowerTorso"] = CFrame.new(0.048740193247795105, -0.09876179695129395, 0.3174883723258972, 0.998084306716919, -0.05547524616122246, -0.027389660477638245, 0.05569916218519211, 0.9984196424484253, 0.007480780594050884, 0.02693137526512146, -0.008992034941911697, 0.9995968341827393),
            ["RightLowerLeg"] = CFrame.new(-1.8533319234848022e-07, -0.0007266998291015625, 0.00004623254790203646, 1, 1.2479723920932884e-07, 1.3038519597330378e-08, -5.5879347371501353e-08, 0.5069810748100281, 0.8619569540023804, 1.4342366227992898e-07, -0.8619571924209595, 0.5069814920425415),
            ["LeftUpperLeg"] = CFrame.new(-8.940696716308594e-08, 5.587935447692871e-09, -2.514570951461792e-08, 0.8544228672981262, 0.393659383058548, 0.33910757303237915, -0.027457239106297493, 0.6859568953514099, -0.7271239757537842, -0.5188522338867188, 0.6119604110717773, 0.5969061255455017),
            ["LeftLowerLeg"] = CFrame.new(4.284083843231201e-08, -0.0007267594337463379, 0.00008103251457214355, 1, 1.210719204891575e-07, 5.2154071283894154e-08, -4.936009645462036e-08, 0.12059129029512405, 0.9927022457122803, 1.210719347000122e-07, -0.9927022457122803, 0.12059138715267181),
        }},
        {Time = 0.233, Data = {
            ["RightFoot"] = CFrame.new(2.0023435354232788e-07, -1.1920928955078125e-07, -1.3205863069742918e-08, 0.9908901453018188, -0.04755948483943939, -0.125995934009552, 0.04340524226427078, 0.998426079750061, -0.0355159230530262, 0.1274866908788681, 0.02972346916794777, 0.9913948178291321),
            ["LeftLowerArm"] = CFrame.new(0.0000010728836059570312, -4.76837158203125e-07, 0.000004893634468317032, 1, 2.561137080192566e-08, -9.685754776000977e-08, -5.5879347371501353e-08, 0.07551902532577515, -0.997144341468811, -8.940695295223122e-08, 0.9971444010734558, 0.07551908493041992),
            ["RightUpperArm"] = CFrame.new(-0.07275152206420898, -0.008942842483520508, -0.04008618742227554, 0.16004036366939545, -0.9280375838279724, 0.33635297417640686, 0.0926046073436737, 0.3533576726913452, 0.93089359998703, -0.9827570915222168, -0.11783270537853241, 0.14249202609062195),
            ["Head"] = CFrame.new(6.402842700481415e-09, -7.152557373046875e-07, 5.681067705154419e-08, 0.9998179078102112, 0.01409185491502285, 0.012873356230556965, -0.011910290457308292, 0.9876648187637329, -0.15612949430942535, -0.0149146793410182, 0.15594758093357086, 0.9876527190208435),
            ["RightHand"] = CFrame.new(2.086162567138672e-07, 0.0000011324882507324219, -6.444752216339111e-07, 0.8198028802871704, -0.09557211399078369, 0.5646138191223145, 0.48219016194343567, 0.647060215473175, -0.590597927570343, -0.30889472365379333, 0.7564252018928528, 0.5765460729598999),
            ["UpperTorso"] = CFrame.new(-1.3504177331924438e-08, -2.384185791015625e-07, 4.7904904931783676e-08, 0.9931337833404541, 0.08857125788927078, -0.07642277330160141, -0.07098201662302017, 0.9755160808563232, 0.2081584632396698, 0.09298846870660782, -0.20130448043346405, 0.9751049280166626),
            ["HumanoidRootPart"] = CFrame.new(0, 0, 0, 1, 0, 0, 0, 1, 0, 0, 0, 1),
            ["RightUpperLeg"] = CFrame.new(0, -1.227017492055893e-07, 2.9613147489726543e-09, 0.9380011558532715, -0.07501108199357986, -0.3384186923503876, -0.1149599552154541, 0.8537301421165466, -0.5078673958778381, 0.32701388001441956, 0.5152846574783325, 0.7921764850616455),
            ["LeftUpperArm"] = CFrame.new(0.03626871109008789, -0.04558861255645752, -0.03947806358337402, 0.39604344964027405, 0.8141369223594666, -0.42465370893478394, -0.07479608803987503, 0.48953524231910706, 0.8687697052955627, 0.9151803851127625, -0.31230810284614563, 0.25477147102355957),
            ["RightLowerArm"] = CFrame.new(2.980232238769531e-07, 3.5762786865234375e-07, -0.000003886641934514046, 1, -0.000003375695087015629, 0.000019192701074643992, 0.00001899153176054824, -0.05263680964708328, -0.9986137747764587, 0.0000043772165554401, 0.998613715171814, -0.052636805921792984),
            ["LeftHand"] = CFrame.new(-0.000001519918441772461, -0.0000014901161193847656, 2.980232238769531e-07, 0.9012882709503174, 0.09020759910345078, -0.42372366786003113, -0.3983510434627533, 0.557012140750885, -0.7287346720695496, 0.1702820360660553, 0.8255907297134399, 0.5379628539085388),
            ["LeftFoot"] = CFrame.new(-1.4435499906539917e-08, 0, 7.450580596923828e-09, 0.9968884587287903, 0.06178048998117447, 0.04895613342523575, -0.062117740511894226, 0.9980542063713074, 0.005396694410592318, -0.0485275462269783, -0.008420863188803196, 0.9987863898277283),
            ["LowerTorso"] = CFrame.new(0.00435876939445734, -0.09583437442779541, 0.32249027490615845, 0.995367169380188, -0.09332066774368286, -0.0231405571103096, 0.09351503849029541, 0.9955899119377136, 0.007462677080184221, 0.022342083975672722, -0.009592089802026749, 0.9997044801712036),
            ["RightLowerLeg"] = CFrame.new(-8.754432201385498e-08, -0.0007266402244567871, 0.00004591962351696566, 1, 1.2852255792950018e-07, 2.0489101970611046e-08, -9.87202142255228e-08, 0.40985915064811707, 0.9121488928794861, 1.5273694486950262e-07, -0.9121488928794861, 0.4098592698574066),
            ["LeftUpperLeg"] = CFrame.new(-2.9802322387695312e-08, -2.3818574845790863e-07, 4.842877388000488e-08, 0.9210188388824463, 0.3006783425807953, 0.24762213230133057, -0.07037676125764847, 0.7537053823471069, -0.6534335613250732, -0.38310736417770386, 0.5843977332115173, 0.7153376340866089),
            ["LeftLowerLeg"] = CFrame.new(3.725290298461914e-08, -0.0007268190383911133, 0.00008097290992736816, 1, 1.1269004573932762e-07, 8.940696716308594e-08, -9.406359424701805e-08, 0.2132963240146637, 0.9769875407218933, 1.2014062633625144e-07, -0.9769875407218933, 0.2132963240146637),
        }},
        {Time = 0.267, Data = {
            ["RightFoot"] = CFrame.new(1.5809200704097748e-07, -1.1920928955078125e-07, -1.3205863069742918e-08, 0.9969577789306641, -0.00543822580948472, -0.07775381207466125, 0.0055384449660778046, 0.9999841451644897, 0.0010739490389823914, 0.07774682343006134, -0.0015012396033853292, 0.9969720840454102),
            ["LeftLowerArm"] = CFrame.new(0.0000013113021850585938, -3.5762786865234375e-07, 0.000004598870873451233, 1, 7.450580596923828e-08, -6.519258732851085e-08, -5.7742006731587026e-08, 0.09162826836109161, -0.9957932829856873, -7.823110337312755e-08, 0.995793342590332, 0.09162818640470505),
            ["RightUpperArm"] = CFrame.new(-0.06640350818634033, -0.003481626510620117, -0.03960224241018295, 0.18391826748847961, -0.9289805293083191, 0.3211994171142578, 0.09867604821920395, 0.3425728380680084, 0.9342949986457825, -0.9779760837554932, -0.1401391476392746, 0.15467359125614166),
            ["Head"] = CFrame.new(-3.5070115700364113e-09, -9.5367431640625e-07, -6.05359673500061e-09, 0.9989345073699951, -0.0213314201682806, -0.04092682898044586, 0.015481529757380486, 0.9902739524841309, -0.13826745748519897, 0.043478209525346756, 0.13748644292354584, 0.9895490407943726),
            ["RightHand"] = CFrame.new(2.5331974029541016e-07, 9.5367431640625e-07, -9.08970832824707e-07, 0.8312749266624451, -0.08651947230100632, 0.5490864515304565, 0.4543440341949463, 0.674850344657898, -0.5815056562423706, -0.3202398419380188, 0.7328652143478394, 0.600295901298523),
            ["UpperTorso"] = CFrame.new(2.468004822731018e-08, -5.066394805908203e-07, 4.353933036327362e-08, 0.9884732365608215, 0.14575979113578796, -0.040922969579696655, -0.13447970151901245, 0.969502329826355, 0.20489142835140228, 0.06953983753919601, -0.19702662527561188, 0.9779288172721863),
            ["HumanoidRootPart"] = CFrame.new(0, 0, 0, 1, 0, 0, 0, 1, 0, 0, 0, 1),
            ["RightUpperLeg"] = CFrame.new(5.960464477539063e-08, -4.91039827466011e-07, 5.2321411203593016e-08, 0.9039744734764099, -0.12684297561645508, -0.4083394408226013, -0.11757156997919083, 0.8444403409957886, -0.5225874185562134, 0.4111047089099884, 0.5204147696495056, 0.7484393119812012),
            ["LeftUpperArm"] = CFrame.new(0.04301995038986206, -0.048739075660705566, -0.038827236741781235, 0.43858838081359863, 0.8010026216506958, -0.4074738919734955, -0.11719629168510437, 0.500516414642334, 0.8577579259872437, 0.8910136818885803, -0.3284481465816498, 0.3133951723575592),
            ["RightLowerArm"] = CFrame.new(3.8743019104003906e-07, 5.364418029785156e-07, -0.000003359513357281685, 1, -0.0000027474015951156616, 0.00001929700556502212, 0.00001902878466353286, -0.08431268483400345, -0.9964393377304077, 0.000004378147878014715, 0.9964393377304077, -0.08431271463632584),
            ["LeftHand"] = CFrame.new(-0.0000013709068298339844, -6.556510925292969e-07, 4.470348358154297e-08, 0.9257289171218872, 0.010349370539188385, -0.378045916557312, -0.32055923342704773, 0.551879346370697, -0.7698513269424438, 0.20066851377487183, 0.8338598012924194, 0.5142083168029785),
