return {
    ["Line Dance V2"] = {
        {Time = 0.000, Data = {
            ["RightFoot"] = CFrame.new(9.872019290924072e-08, 2.980232238769531e-07, -2.8107024263590574e-08, 0.9978108406066895, -0.045012712478637695, 0.04845348373055458, 0.06599874794483185, 0.7245975136756897, -0.6860047578811646, -0.0042317695915699005, 0.6877008080482483, 0.7259819507598877),
            ["LeftLowerArm"] = CFrame.new(-1.1920928955078125e-07, 0, -2.682209014892578e-07, 1, -3.501775438508048e-07, 8.009372010064908e-08, 4.4703494239684005e-08, 0.3496496081352234, -0.9368807077407837, -1.9371513815258368e-07, 0.9368805289268494, 0.349649041891098),
            ["RightUpperArm"] = CFrame.new(-5.960464477539063e-08, -0.06523776054382324, -8.940696716308594e-08, 0.344679057598114, -0.8710739612579346, 0.3498951196670532, 0.17864646017551422, 0.4267925024032593, 0.8865290284156799, -0.9215649366378784, -0.2430603951215744, 0.30272066593170166),
            ["Head"] = CFrame.new(1.6763806343078613e-08, -2.384185791015625e-07, -6.705522537231445e-08, 0.9599049687385559, 0.1715763807296753, 0.2216847985982895, -0.08871422708034515, 0.936097264289856, -0.3403703272342682, -0.2659177780151367, 0.3070564866065979, 0.913785457611084),
            ["LowerTorso"] = CFrame.new(0.1828969568014145, -0.4157569408416748, 0.24792876839637756, 0.9745776057243347, -0.09195756167173386, -0.2043098360300064, 0.09426925331354141, 0.9955453872680664, 0.001594038214534521, 0.2032531052827835, -0.020813820883631706, 0.9789050221443176),
            ["UpperTorso"] = CFrame.new(-2.2351741790771484e-08, -8.940696716308594e-08, 3.4924596548080444e-08, 0.9957572221755981, -0.02851528488099575, -0.08748916536569595, 0.0455428808927536, 0.9788818955421448, 0.19928927719593048, 0.07995865494012833, -0.20242814719676971, 0.9760273694992065),
            ["HumanoidRootPart"] = CFrame.new(0, 0, 0, 1, 0, 0, 0, 1, 0, 0, 0, 1),
            ["RightUpperLeg"] = CFrame.new(-0.000025510787963867188, -0.00012585055083036423, -0.004997502081096172, 0.9857906699180603, 0.07178913801908493, -0.15186770260334015, -0.13868144154548645, 0.857954740524292, -0.4946520924568176, 0.09478533267974854, 0.5086846947669983, 0.8557193279266357),
            ["LeftUpperArm"] = CFrame.new(1.7881393432617188e-07, -0.06523740291595459, 2.9802322387695312e-08, 0.7281175851821899, 0.5963022708892822, -0.33803635835647583, -0.08337501436471939, 0.5665419697761536, 0.8198041319847107, 0.6803627014160156, -0.5687300562858582, 0.46222591400146484),
            ["RightLowerArm"] = CFrame.new(1.7881393432617188e-07, 0, -3.8370490074157715e-07, 1, 1.9371550763480627e-07, -3.1571809699926234e-07, 5.252653636489413e-07, 0.12622252106666565, -0.9920026659965515, 3.2409991490567336e-07, 0.9920019507408142, 0.12621663510799408),
            ["LeftHand"] = CFrame.new(-5.960464477539063e-08, -2.384185791015625e-07, 2.9802322387695312e-08, 0.879975438117981, -0.43624821305274963, -0.18796463310718536, 0.2293812483549118, 0.7367532849311829, -0.6360659003257751, 0.4159657955169678, 0.5166063904762268, 0.748391330242157),
            ["LeftFoot"] = CFrame.new(5.21540641784668e-08, 1.1920928955078125e-07, -8.940696716308594e-08, 0.9994048476219177, -0.008904448710381985, -0.03332899510860443, 0.020586488768458366, 0.9291659593582153, 0.3690880537033081, 0.02768227830529213, -0.36955562233924866, 0.9287967085838318),
            ["RightHand"] = CFrame.new(4.470348358154297e-08, -1.7881393432617188e-07, -7.450580596923828e-08, 0.9440015554428101, 0.29541656374931335, 0.14693154394626617, -0.1736794263124466, 0.8235571980476379, -0.5399906039237976, -0.28052911162376404, 0.4842340052127838, 0.8287468552589417),
            ["RightLowerLeg"] = CFrame.new(-3.5390257835388184e-08, 0, 9.145878721028566e-09, 1, -8.940694584680386e-08, -1.3969832934890292e-07, 1.2665984172599565e-07, 0.2774112820625305, 0.9607512354850769, -1.0989603538291703e-07, -0.9607512950897217, 0.2774113416671753),
            ["LeftUpperLeg"] = CFrame.new(0.000025510787963867188, 0.00012534181587398052, 0.004997527226805687, 0.5918645262718201, 0.5607825517654419, 0.5789821147918701, -0.1739412099123001, 0.7902421951293945, -0.5875886678695679, -0.7870456576347351, 0.2470633089542389, 0.5652603507041931),
            ["LeftLowerLeg"] = CFrame.new(5.21540641784668e-08, 0, 4.470348358154297e-08, 1, -5.960463766996327e-08, 6.705523247774181e-08, 8.195636524988004e-08, 0.8988985419273376, -0.4381561279296875, 7.450579175838357e-08, 0.4381568729877472, 0.8988990187644958),
        }},
        {Time = 0.033, Data = {
            ["RightFoot"] = CFrame.new(-2.60770320892334e-08, 2.980232238769531e-07, -1.3205863069742918e-08, 0.9975999593734741, -0.05049261078238487, 0.04738309234380722, 0.06921757012605667, 0.7089532613754272, -0.7018505930900574, 0.0018446590984240174, 0.7034456729888916, 0.7107465863227844),
            ["LeftLowerArm"] = CFrame.new(2.086162567138672e-07, 5.960464477539063e-08, -3.3155083656311035e-07, 1, -3.762544906749099e-07, 2.570450590155815e-07, -2.2351736106429598e-07, 0.32204654812812805, -0.9467238187789917, -2.1606678046737215e-07, 0.9467238783836365, 0.32204654812812805),
            ["RightUpperArm"] = CFrame.new(0, -0.06523799896240234, -5.960464477539063e-08, 0.3393169939517975, -0.878247082233429, 0.33696597814559937, 0.16502895951271057, 0.4082411229610443, 0.8978334665298462, -0.9260829091072083, -0.24904108047485352, 0.2834591567516327),
            ["Head"] = CFrame.new(3.5390257835388184e-08, 0, 1.862645149230957e-09, 0.95599365234375, 0.18761083483695984, 0.22556278109550476, -0.10421516746282578, 0.9358329176902771, -0.33668380975723267, -0.2742545008659363, 0.29836052656173706, 0.9142021536827087),
            ["LowerTorso"] = CFrame.new(0.19237685203552246, -0.4266550540924072, 0.23873068392276764, 0.9761260747909546, -0.08120962977409363, -0.2014526128768921, 0.08507657796144485, 0.996317982673645, 0.010601766407489777, 0.199849933385849, -0.027487721294164658, 0.9794409275054932),
            ["UpperTorso"] = CFrame.new(-2.2351741790771484e-08, 1.7881393432617188e-07, -1.1175870895385742e-08, 0.9942962527275085, -0.047376781702041626, -0.0955531969666481, 0.0662614107131958, 0.9764432311058044, 0.20534923672676086, 0.08357341587543488, -0.21050938963890076, 0.974013090133667),
            ["HumanoidRootPart"] = CFrame.new(0, 0, 0, 1, 0, 0, 0, 1, 0, 0, 0, 1),
            ["RightUpperLeg"] = CFrame.new(-0.000025570392608642578, -0.00012547243386507034, -0.0049975160509347916, 0.9860491156578064, 0.06694081425666809, -0.15240377187728882, -0.13589005172252655, 0.8524830341339111, -0.5047834515571594, 0.09613112360239029, 0.5184512138366699, 0.8496862649917603),
            ["LeftUpperArm"] = CFrame.new(5.960464477539063e-08, -0.06523787975311279, -2.9802322387695312e-08, 0.6996932625770569, 0.6256892085075378, -0.34488028287887573, -0.07071059197187424, 0.5410033464431763, 0.8380426168441772, 0.7109355926513672, -0.5619861483573914, 0.4227791130542755),
            ["RightLowerArm"] = CFrame.new(0, 1.1920928955078125e-07, -1.0244548320770264e-07, 1, 2.887107939386624e-07, -4.888277658210427e-07, 7.259646395141317e-07, 0.11396165937185287, -0.9934858083724976, 4.600725276304729e-07, 0.9934852123260498, 0.11395622044801712),
            ["LeftHand"] = CFrame.new(-2.9802322387695312e-08, 2.384185791015625e-07, 2.9802322387695312e-08, 0.9037715792655945, -0.3797886073589325, -0.19737732410430908, 0.17656633257865906, 0.7508963942527771, -0.636379599571228, 0.3898993134498596, 0.5402919054031372, 0.745696485042572),
            ["LeftFoot"] = CFrame.new(1.1548399925231934e-07, 0, 0, 0.9993216395378113, -0.014291630126535892, -0.033941805362701416, 0.02576734684407711, 0.929803192615509, 0.36715301871299744, 0.026312774047255516, -0.367779403924942, 0.9295411705970764),
            ["RightHand"] = CFrame.new(-5.960464477539063e-08, 5.960464477539063e-08, -1.7881393432617188e-07, 0.9489989876747131, 0.2636975646018982, 0.17281119525432587, -0.126265287399292, 0.8201247453689575, -0.5580801367759705, -0.2888912558555603, 0.5077982544898987, 0.8115929365158081),
            ["RightLowerLeg"] = CFrame.new(-8.568167686462402e-08, -1.1920928955078125e-07, 8.737697498872876e-08, 1, -1.7881393432617188e-07, -1.1548394240890048e-07, 1.1920927533992653e-07, 0.25415104627609253, 0.9671645164489746, -2.5145706672446977e-07, -0.9671645760536194, 0.25415119528770447),
            ["LeftUpperLeg"] = CFrame.new(0.000025480985641479492, 0.00012596091255545616, 0.004997456446290016, 0.5927569270133972, 0.5632585883140564, 0.5756546854972839, -0.16530795395374298, 0.7846324443817139, -0.5975155234336853, -0.788233757019043, 0.25902047753334045, 0.5582085847854614),
            ["LeftLowerLeg"] = CFrame.new(8.940696716308594e-08, 5.960464477539063e-08, 5.960464477539063e-08, 1, -8.940694584680386e-08, 7.450583261459087e-09, 6.70552182668871e-08, 0.906172513961792, -0.4229073226451874, 0, 0.4229082465171814, 0.9061729907989502),
        }},
        {Time = 0.067, Data = {
            ["RightFoot"] = CFrame.new(7.450580596923828e-08, 4.172325134277344e-07, -7.281050784513354e-08, 0.9974908232688904, -0.05192924663424492, 0.04812047258019447, 0.07078377902507782, 0.7189223766326904, -0.6914768815040588, 0.0013115594629198313, 0.6931479573249817, 0.720794141292572),
            ["LeftLowerArm"] = CFrame.new(-2.086162567138672e-07, -1.1920928955078125e-07, -3.632158041000366e-08, 1, -2.682209867543861e-07, 1.8626442610525373e-08, 8.940691031966708e-08, 0.3037404417991638, -0.952755331993103, -1.3597301062873157e-07, 0.9527549147605896, 0.3037388324737549),
            ["RightUpperArm"] = CFrame.new(-1.7881393432617188e-07, -0.065238356590271, -1.043081283569336e-07, 0.3402714729309082, -0.8806498646736145, 0.32965338230133057, 0.13211271166801453, 0.39186862111091614, 0.9104862809181213, -0.9310003519058228, -0.2662612199783325, 0.24968671798706055),
            ["Head"] = CFrame.new(3.725290298461914e-09, 1.1920928955078125e-07, 4.377216100692749e-08, 0.9590372443199158, 0.16635291278362274, 0.22929133474826813, -0.09269995987415314, 0.9491444230079651, -0.30088457465171814, -0.2676832973957062, 0.26730430126190186, 0.9256856441497803),
            ["LowerTorso"] = CFrame.new(0.19860899448394775, -0.41539812088012695, 0.23427365720272064, 0.976188600063324, -0.09975731372833252, -0.19262516498565674, 0.10446254909038544, 0.9944243431091309, 0.014405912719666958, 0.1901140809059143, -0.03418514505028725, 0.981166660785675),
            ["UpperTorso"] = CFrame.new(5.960464477539063e-08, 8.940696716308594e-08, 3.725290298461914e-09, 0.995568037033081, -0.02051650919020176, -0.09177899360656738, 0.03968171402812004, 0.9764285683631897, 0.21216177940368652, 0.08526263386011124, -0.2148633599281311, 0.9729152321815491),
            ["HumanoidRootPart"] = CFrame.new(0, 0, 0, 1, 0, 0, 0, 1, 0, 0, 0, 1),
            ["RightUpperLeg"] = CFrame.new(-0.000025540590286254883, -0.00012554973363876343, -0.0049974434077739716, 0.9819584488868713, 0.08445580303668976, -0.16919121146202087, -0.15687395632266998, 0.863408625125885, -0.47949573397636414, 0.10558520257472992, 0.49738600850105286, 0.8610796928405762),
            ["LeftUpperArm"] = CFrame.new(1.1920928955078125e-07, -0.06523787975311279, 0, 0.656688928604126, 0.6602464318275452, -0.3644646108150482, -0.03306909278035164, 0.5080154538154602, 0.8607128858566284, 0.753436267375946, -0.5531681776046753, 0.3554418087005615),
            ["RightLowerArm"] = CFrame.new(1.1920928955078125e-07, -1.1920928955078125e-07, -2.3655593395233154e-07, 1, 3.315514618407178e-07, -2.1141005390745704e-07, 5.31318903540523e-07, 0.11102837324142456, -0.9938178062438965, 3.166493058870401e-07, 0.9938172698020935, 0.11102297902107239),
            ["LeftHand"] = CFrame.new(0, -1.7881393432617188e-07, 2.086162567138672e-07, 0.9299881458282471, -0.2861326336860657, -0.23076026141643524, 0.06725479662418365, 0.7496143579483032, -0.658449649810791, 0.36138486862182617, 0.5968303680419922, 0.7163755297660828),
            ["LeftFoot"] = CFrame.new(8.568167686462402e-08, -5.960464477539063e-08, -2.9802322387695312e-08, 0.9993588328361511, -0.017216475680470467, -0.03139357641339302, 0.027044905349612236, 0.9375526309013367, 0.34678971767425537, 0.023463593795895576, -0.34741732478141785, 0.9374174475669861),
            ["RightHand"] = CFrame.new(1.30385160446167e-07, 1.1920928955078125e-07, 1.1175870895385742e-07, 0.9497471451759338, 0.2021966576576233, 0.23894980549812317, -0.030880199745297432, 0.8201682567596436, -0.5712891221046448, -0.3114914298057556, 0.5352014899253845, 0.7851954102516174),
            ["RightLowerLeg"] = CFrame.new(-9.685754776000977e-08, 3.5762786865234375e-07, -1.3205863069742918e-08, 1, -1.6763807764164085e-07, -1.1548395661975519e-07, 1.5646217832454568e-07, 0.2953663766384125, 0.9553840756416321, -6.70552182668871e-08, -0.9553841352462769, 0.29536640644073486),
            ["LeftUpperLeg"] = CFrame.new(0.00002562999725341797, 0.00012566940858960152, 0.004997488111257553, 0.5964009761810303, 0.5624676942825317, 0.5726573467254639, -0.17756451666355133, 0.7881998419761658, -0.5892462134361267, -0.7828006148338318, 0.24974241852760315, 0.5699584484100342),
            ["LeftLowerLeg"] = CFrame.new(2.2351741790771484e-08, -1.7881393432617188e-07, 2.2351741790771484e-08, 1, -1.4901157641133977e-08, -3.725290298461914e-08, 5.215404996761208e-08, 0.8871130347251892, -0.4615514278411865, 1.4901157641133977e-08, 0.46155232191085815, 0.8871135115623474),
        }},
        {Time = 0.100, Data = {
            ["RightFoot"] = CFrame.new(-9.592622518539429e-08, 4.172325134277344e-07, 1.6952981241047382e-09, 0.9974911212921143, -0.04867210611701012, 0.05140601098537445, 0.07033807039260864, 0.7634435892105103, -0.6420324444770813, -0.007997647859156132, 0.6440379023551941, 0.7649522423744202),
            ["LeftLowerArm"] = CFrame.new(2.9802322387695312e-08, -1.1920928955078125e-07, -4.246830940246582e-07, 1, -1.7881393432617188e-07, 1.7881387748275301e-07, 2.9802318834981634e-08, 0.2954980731010437, -0.9553434252738953, 1.1175869119028903e-08, 0.9553433656692505, 0.2954976260662079),
            ["RightUpperArm"] = CFrame.new(-5.960464477539063e-08, -0.06523764133453369, 0, 0.3388268053531647, -0.881638765335083, 0.32849568128585815, 0.09543302655220032, 0.3795529305934906, 0.9202349781990051, -0.9359962940216064, -0.28045108914375305, 0.2127400040626526),
            ["Head"] = CFrame.new(5.587935447692871e-08, 2.384185791015625e-07, 7.450580596923828e-09, 0.9637409448623657, 0.13434351980686188, 0.23055438697338104, -0.07338244467973709, 0.9641380310058594, -0.25505509972572327, -0.25655120611190796, 0.22888827323913574, 0.9390376806259155),
            ["LowerTorso"] = CFrame.new(0.20089119672775269, -0.35384273529052734, 0.23116615414619446, 0.976804792881012, -0.11567677557468414, -0.1801985502243042, 0.11936018615961075, 0.9928035140037537, 0.009701271541416645, 0.17777957022190094, -0.030984921380877495, 0.9835824370384216),
            ["UpperTorso"] = CFrame.new(-5.587935447692871e-08, -5.960464477539063e-08, -2.2351741790771484e-08, 0.9961705803871155, 0.008315975777804852, -0.08703502267599106, 0.011645857244729996, 0.9739778637886047, 0.22634418308734894, 0.08665245771408081, -0.22649076581001282, 0.9701511263847351),
            ["HumanoidRootPart"] = CFrame.new(0, 0, 0, 1, 0, 0, 0, 1, 0, 0, 0, 1),
            ["RightUpperLeg"] = CFrame.new(-0.000025570392608642578, -0.00012567173689603806, -0.00499744713306427, 0.9782817363739014, 0.10114916414022446, -0.18092679977416992, -0.1677892804145813, 0.8989203572273254, -0.4047081768512726, 0.12170317769050598, 0.42627570033073425, 0.896368682384491),
            ["LeftUpperArm"] = CFrame.new(-1.1920928955078125e-07, -0.06523764133453369, -5.960464477539063e-08, 0.60992032289505, 0.6922353506088257, -0.3857557773590088, 0.008428242988884449, 0.48108693957328796, 0.8766325116157532, 0.7924180030822754, -0.5379270911216736, 0.2875900864601135),
            ["RightLowerArm"] = CFrame.new(-2.9802322387695312e-08, 1.1920928955078125e-07, 2.60770320892334e-08, 1, 1.1082762085834474e-07, -2.9429779146994406e-07, 4.0233101117337355e-07, 0.11561402678489685, -0.993294894695282, 2.905723874846444e-07, 0.9932942390441895, 0.11560884118080139),
            ["LeftHand"] = CFrame.new(5.960464477539063e-08, -1.7881393432617188e-07, -4.470348358154297e-08, 0.9441942572593689, -0.18809497356414795, -0.2704029977321625, -0.04751913994550705, 0.734549880027771, -0.6768888831138611, 0.32594364881515503, 0.6519637703895569, 0.6846194863319397),
            ["LeftFoot"] = CFrame.new(-6.332993507385254e-08, -1.7881393432617188e-07, -1.043081283569336e-07, 0.9982280135154724, -0.04816919192671776, -0.034936610609292984, 0.04421202465891838, 0.9933493137359619, -0.10631260275840759, 0.03982566297054291, 0.10458015650510788, 0.9937188625335693),
            ["RightHand"] = CFrame.new(-1.7881393432617188e-07, -1.1920928955078125e-07, -1.4901161193847656e-07, 0.9417383074760437, 0.1357010155916214, 0.307758092880249, 0.070953369140625, 0.8142549991607666, -0.5761551856994629, -0.3287774622440338, 0.5644236207008362, 0.7571858167648315),
            ["RightLowerLeg"] = CFrame.new(4.936009645462036e-08, -1.1920928955078125e-07, 2.4047039914876223e-08, 1, -1.0803338312825872e-07, -1.4901162614933128e-07, 1.1920930376163597e-07, 0.42760252952575684, 0.9039667844772339, -1.434236907016384e-07, -0.9039669036865234, 0.4276028871536255),
            ["LeftUpperLeg"] = CFrame.new(0.0000254213809967041, 0.00012565124779939651, 0.0049975039437413216, 0.6115972399711609, 0.772911548614502, 0.16898520290851593, -0.20446571707725525, 0.3607467710971832, -0.9099759459495544, -0.7642922401428223, 0.5219861268997192, 0.3786657750606537),
            ["LeftLowerLeg"] = CFrame.new(-1.4901161193847656e-08, 5.960464477539063e-08, -2.9802322387695312e-08, 1, 6.70552182668871e-08, 3.7252888773764425e-08, -2.980232594040899e-08, 0.8235951662063599, 0.5671775937080383, 2.2351745343485163e-08, -0.5671780705451965, 0.8235955238342285),
        }},
        {Time = 0.133, Data = {
            ["RightFoot"] = CFrame.new(4.0978193283081055e-08, 3.5762786865234375e-07, -4.300818545743823e-08, 0.997586190700531, -0.039608001708984375, 0.05703696981072426, 0.060698628425598145, 0.896324098110199, -0.4392242133617401, -0.033727847039699554, 0.44162702560424805, 0.8965650200843811),
            ["LeftLowerArm"] = CFrame.new(-2.9802322387695312e-08, -2.384185791015625e-07, 1.7881393432617188e-07, 1, -2.682210720195144e-07, 1.7508860139514582e-07, 0, 0.3065778911113739, -0.9518458247184753, -1.3411039390121005e-07, 0.951845645904541, 0.30657726526260376),
            ["RightUpperArm"] = CFrame.new(0, -0.06523776054382324, 6.705522537231445e-08, 0.34084999561309814, -0.8744524121284485, 0.34518784284591675, 0.05524410679936409, 0.3851708471775055, 0.9211902022361755, -0.9384931921958923, -0.2949179708957672, 0.17959363758563995),
            ["Head"] = CFrame.new(-1.4901161193847656e-08, 2.384185791015625e-07, -1.1175870895385742e-08, 0.9722207188606262, 0.09946773201227188, 0.21187999844551086, -0.05308489501476288, 0.9753270149230957, -0.21428777277469635, -0.22796688973903656, 0.19708742201328278, 0.9535133242607117),
            ["LowerTorso"] = CFrame.new(0.19009463489055634, -0.18414735794067383, 0.2299940288066864, 0.9825506806373596, -0.10305418074131012, -0.15483637154102325, 0.10502441972494125, 0.9944590330123901, 0.004582365043461323, 0.15350615978240967, -0.020764118060469627, 0.9879295229911804),
            ["UpperTorso"] = CFrame.new(-4.0978193283081055e-08, 1.7881393432617188e-07, 1.1175870895385742e-08, 0.9962117671966553, 0.008123892359435558, -0.08658003062009811, 0.012718657031655312, 0.971311092376709, 0.23747265338897705, 0.08602530509233475, -0.23767408728599548, 0.9675281643867493),
            ["HumanoidRootPart"] = CFrame.new(0, 0, 0, 1, 0, 0, 0, 1, 0, 0, 0, 1),
            ["RightUpperLeg"] = CFrame.new(-0.0000254213809967041, -0.0001254100352525711, -0.004997516982257366, 0.9778493642807007, 0.09721128642559052, -0.18536816537380219, -0.1403166800737381, 0.9615857601165771, -0.23593150079250336, 0.1553124189376831, 0.25671544671058655, 0.9539260864257812),
            ["LeftUpperArm"] = CFrame.new(0, -0.06523799896240234, -1.1920928955078125e-07, 0.5574855208396912, 0.7200419902801514, -0.41321852803230286, 0.05240464583039284, 0.46622708439826965, 0.8831115365028381, 0.82853102684021, -0.5139765739440918, 0.22218123078346252),
            ["RightLowerArm"] = CFrame.new(-2.086162567138672e-07, 1.1920928955078125e-07, 3.5390257835388184e-08, 1, -6.333005586611762e-08, -4.889441811428696e-07, 4.842872840526979e-07, 0.14892145991325378, -0.9888497591018677, 1.9557756303356655e-08, 0.9888491034507751, 0.1489163488149643),
            ["LeftHand"] = CFrame.new(4.842877388000488e-08, 0, -3.725290298461914e-08, 0.946529746055603, -0.085198774933815, -0.3111638128757477, -0.16185474395751953, 0.7089293003082275, -0.6864568591117859, 0.2790781259536743, 0.7001146078109741, 0.6572321653366089),
            ["LeftFoot"] = CFrame.new(2.60770320892334e-08, 5.960464477539063e-08, -5.21540641784668e-08, 0.9991887211799622, 0.0203325767070055, -0.0347648523747921, -0.0192780289798975, 0.999350905418396, 0.030433952808380127, 0.035361092537641525, -0.029738828539848328, 0.9989320635795593),
            ["RightHand"] = CFrame.new(1.4901161193847656e-08, 1.1920928955078125e-07, -3.725290298461914e-08, 0.9237593412399292, 0.07679832726716995, 0.37519559264183044, 0.17140550911426544, 0.7931782007217407, -0.5843701362609863, -0.3424746096134186, 0.6041277050971985, 0.7195415496826172),
            ["RightLowerLeg"] = CFrame.new(-1.2479722499847412e-07, 1.1920928955078125e-07, 2.4047039914876223e-08, 1, -1.0058278832048018e-07, -3.166496753692627e-08, 1.4156104555240745e-07, 0.7181872129440308, 0.6958491206169128, -1.862645371275562e-09, -0.6958498954772949, 0.7181880474090576),
            ["LeftUpperLeg"] = CFrame.new(0.000025600194931030273, 0.00012595835141837597, 0.00499749556183815, 0.6762323975563049, 0.6854296326637268, 0.2699918746948242, -0.15056554973125458, 0.4873531460762024, -0.8601264953613281, -0.7211378812789917, 0.540992796421051, 0.43276649713516235),
            ["LeftLowerLeg"] = CFrame.new(-2.9802322387695312e-08, 1.1920928955078125e-07, -1.043081283569336e-07, 1, 4.470344805440618e-08, 3.166496398421259e-08, -8.940698137394065e-08, 0.7600396871566772, 0.6498757004737854, 5.960465188081798e-08, -0.6498766541481018, 0.7600404620170593),
        }},
        {Time = 0.167, Data = {
            ["RightFoot"] = CFrame.new(1.0291114449501038e-07, 2.980232238769531e-07, -5.790934665128589e-08, 0.9977555871009827, -0.03120610862970352, 0.05924616754055023, 0.03429413586854935, 0.9980648756027222, -0.051868610084056854, -0.05751364305615425, 0.05378463864326477, 0.9968950152397156),
            ["LeftLowerArm"] = CFrame.new(0, -1.7881393432617188e-07, -2.9802322387695312e-08, 1, -2.905726432800293e-07, 1.2293448037326016e-07, -1.0430807861894209e-07, 0.34617501497268677, -0.9381702542304993, -4.4703462265260896e-08, 0.9381699562072754, 0.3461744785308838),
            ["RightUpperArm"] = CFrame.new(0, -0.06523871421813965, -5.960464477539063e-08, 0.3541184365749359, -0.8555583953857422, 0.3776499330997467, 0.008824542164802551, 0.40685611963272095, 0.913449764251709, -0.9351590275764465, -0.3201373517513275, 0.15162494778633118),
            ["Head"] = CFrame.new(3.725290298461914e-09, -1.1920928955078125e-07, 2.0023435354232788e-08, 0.9864389896392822, 0.07855238765478134, 0.14410997927188873, -0.04943801090121269, 0.9794597625732422, -0.19548556208610535, -0.15650589764118195, 0.18570996820926666, 0.9700607657432556),
            ["LowerTorso"] = CFrame.new(0.1610405445098877, -0.023073911666870117, 0.23113034665584564, 0.9912672638893127, -0.08523726463317871, -0.10061775892972946, 0.08660762012004852, 0.9961987137794495, 0.00933159701526165, 0.09943988174200058, -0.0179644376039505, 0.9948813915252686),
            ["UpperTorso"] = CFrame.new(-2.2351741790771484e-08, 5.960464477539063e-08, 3.166496753692627e-08, 0.9965582489967346, 0.004291029646992683, -0.0827844962477684, 0.014606690034270287, 0.9739466309547424, 0.2263067066669464, 0.08159889280796051, -0.22673697769641876, 0.9705318808555603),
            ["HumanoidRootPart"] = CFrame.new(0, 0, 0, 1, 0, 0, 0, 1, 0, 0, 0, 1),
            ["RightUpperLeg"] = CFrame.new(-0.000025570392608642578, -0.00012520002201199532, -0.004997456446290016, 0.9712667465209961, 0.0902528241276741, -0.22021791338920593, -0.102787546813488, 0.9936329126358032, -0.04612923786044121, 0.21465283632278442, 0.06743934750556946, 0.974359393119812),
            ["LeftUpperArm"] = CFrame.new(-1.1920928955078125e-07, -0.06523847579956055, -5.960464477539063e-08, 0.49689510464668274, 0.7405481934547424, -0.4524192810058594, 0.1052091121673584, 0.46608197689056396, 0.8784639835357666, 0.8614094853401184, -0.4841032922267914, 0.15368133783340454),
            ["RightLowerArm"] = CFrame.new(0, 0, 3.941822797060013e-07, 1, 9.313242088637708e-08, 1.0803327654684836e-07, 1.8626428754942026e-07, 0.2118287980556488, -0.9773082137107849, 2.011654345324132e-07, 0.9773067831993103, 0.2118224799633026),
            ["LeftHand"] = CFrame.new(4.470348358154297e-08, 5.960464477539063e-08, -7.450580596923828e-09, 0.9339655637741089, 0.02597816474735737, -0.35641807317733765, -0.2829226553440094, 0.6630518436431885, -0.6930497884750366, 0.2183188945055008, 0.7481226325035095, 0.6266164183616638),
            ["LeftFoot"] = CFrame.new(-5.029141902923584e-08, 0, 0, 0.9979720711708069, 0.05892759561538696, -0.024067342281341553, -0.0584096722304821, 0.9980561137199402, 0.021737538278102875, 0.025301270186901093, -0.020288055762648582, 0.999474048614502),
            ["RightHand"] = CFrame.new(2.9802322387695312e-08, 5.960464477539063e-08, 0, 0.8926818370819092, 0.02719489112496376, 0.4498679041862488, 0.2759413719177246, 0.7562310099601746, -0.5932728052139282, -0.3563363254070282, 0.6537392139434814, 0.6675674915313721),
            ["RightLowerLeg"] = CFrame.new(8.381903171539307e-08, -1.7881393432617188e-07, -9.480572771281004e-09, 1, -6.146726860833951e-08, 2.2817399525365545e-08, 4.877801274005833e-08, 0.9399557113647461, 0.34129607677459717, 1.5366820704798556e-08, -0.34129637479782104, 0.9399558901786804),
            ["LeftUpperLeg"] = CFrame.new(0.000025570392608642578, 0.0001259217970073223, 0.0049975160509347916, 0.7535102367401123, 0.5886403322219849, 0.29278749227523804, -0.1172303557395935, 0.558514416217804, -0.8211691975593567, -0.646899938583374, 0.5844348669052124, 0.4898536801338196),
            ["LeftLowerLeg"] = CFrame.new(1.564621925354004e-07, 1.1920928955078125e-07, 1.6391277313232422e-07, 1, 9.313220061812899e-08, 7.171185245624656e-08, -8.940698137394065e-08, 0.4941902458667755, 0.8693534731864929, 1.005828522693264e-07, -0.8693537712097168, 0.4941908121109009),
        }},
        {Time = 0.200, Data = {
            ["RightFoot"] = CFrame.new(-6.402842700481415e-08, 3.5762786865234375e-07, 2.4047039914876223e-08, 0.9978092908859253, -0.007119211833924055, 0.06577293574810028, -0.0003188155242241919, 0.9936673045158386, 0.11236249655485153, -0.0661567896604538, -0.11213669180870056, 0.9914880990982056),
            ["LeftLowerArm"] = CFrame.new(5.960464477539063e-08, -5.960464477539063e-08, -1.7136335372924805e-07, 1, -3.5017740174225764e-07, 3.0547371920874866e-07, -2.0861619987044833e-07, 0.4039323031902313, -0.9147891998291016, -2.309679416612198e-07, 0.9147888422012329, 0.40393146872520447),
            ["RightUpperArm"] = CFrame.new(-1.7881393432617188e-07, -0.06523787975311279, -3.725290298461914e-09, 0.3728504180908203, -0.828173816204071, 0.41846272349357605, -0.0394187867641449, 0.4364379644393921, 0.8988704681396484, -0.9270538687705994, -0.35163918137550354, 0.1300804615020752),
            ["Head"] = CFrame.new(4.0745362639427185e-09, -2.384185791015625e-07, -1.1462543625384569e-07, 0.9950594902038574, 0.07348090410232544, 0.06676311790943146, -0.06091856583952904, 0.9828882813453674, -0.17383767664432526, -0.07839445024728775, 0.16891171038150787, 0.9825085997581482),
            ["LowerTorso"] = CFrame.new(0.11899558454751968, 0.036444902420043945, 0.23432657122612, 0.9964690804481506, -0.06644488871097565, -0.05132828652858734, 0.06727126985788345, 0.9976284503936768, 0.014560026116669178, 0.05023915693163872, -0.017961567267775536, 0.998575747013092),
            ["UpperTorso"] = CFrame.new(-5.21540641784668e-08, -1.1920928955078125e-07, -2.1420419216156006e-08, 0.9972392916679382, -0.004147273488342762, -0.07413835823535919, 0.0193715188652277, 0.9783973097801208, 0.20582431554794312, 0.07168306410312653, -0.2066921591758728, 0.9757765531539917),
            ["HumanoidRootPart"] = CFrame.new(0, 0, 0, 1, 0, 0, 0, 1, 0, 0, 0, 1),
            ["RightUpperLeg"] = CFrame.new(-0.000025391578674316406, -0.0001256503164768219, -0.004997489973902702, 0.9631964564323425, 0.050567708909511566, -0.26399993896484375, -0.059155162423849106, 0.9979434013366699, -0.02468612976372242, 0.2622084617614746, 0.03939460590481758, 0.9642067551612854),
            ["LeftUpperArm"] = CFrame.new(-1.1920928955078125e-07, -0.06523823738098145, -4.470348358154297e-08, 0.46128764748573303, 0.7405526638031006, -0.48866748809814453, 0.14050757884979248, 0.48284298181533813, 0.8643611073493958, 0.8760545253753662, -0.46738046407699585, 0.11867623776197433),
            ["RightLowerArm"] = CFrame.new(1.1920928955078125e-07, -1.7881393432617188e-07, 8.556526154279709e-09, 1, 7.450594807778543e-08, -2.658924813658814e-07, 4.917380920232972e-07, 0.29573163390159607, -0.9552727341651917, 1.359730248395863e-07, 0.9552710652351379, 0.29572612047195435),
            ["LeftHand"] = CFrame.new(7.82310962677002e-08, -1.7881393432617188e-07, 1.0244548320770264e-08, 0.9114261865615845, 0.09533105045557022, -0.4002682566642761, -0.37047630548477173, 0.6133835911750793, -0.6975018978118896, 0.17902392148971558, 0.784010648727417, 0.5943706631660461),
            ["LeftFoot"] = CFrame.new(9.313225746154785e-08, -5.960464477539063e-08, 6.239861249923706e-08, 0.9934030175209045, 0.11424357444047928, -0.00993446446955204, -0.11249327659606934, 0.9876533150672913, 0.10902515798807144, 0.02226630225777626, -0.10718892514705658, 0.9939894080162048),
            ["RightHand"] = CFrame.new(-5.960464477539063e-08, -2.980232238769531e-07, -1.30385160446167e-07, 0.8548555970191956, -0.012362134642899036, 0.5187202095985413, 0.3761703670024872, 0.7033364772796631, -0.6031712889671326, -0.35737642645835876, 0.7107496857643127, 0.6058992147445679),
            ["RightLowerLeg"] = CFrame.new(1.4901161193847656e-08, -5.364418029785156e-07, 4.8261426854878664e-08, 1, -3.911554458113642e-08, 2.3515886127256636e-08, 4.7031790018081665e-08, 0.9663289785385132, 0.2573098838329315, 9.045470505952835e-08, -0.2573099732398987, 0.9663289785385132),
            ["LeftUpperLeg"] = CFrame.new(0.000025391578674316406, 0.00012557604350149632, 0.004997448995709419, 0.8168624043464661, 0.47760117053985596, 0.32347068190574646, -0.08107426762580872, 0.6502662301063538, -0.7553681135177612, -0.5711067318916321, 0.5908052921295166, 0.5698997974395752),
            ["LeftLowerLeg"] = CFrame.new(-7.82310962677002e-08, 1.1920928955078125e-07, 2.9802322387695312e-08, 1, 5.960460924825384e-08, 6.5192629961075e-08, -4.842878098543224e-08, 0.3404538333415985, 0.9402610659599304, 1.0803343286625022e-07, -0.9402612447738647, 0.34045422077178955),
        }},
        {Time = 0.233, Data = {
            ["RightFoot"] = CFrame.new(-9.033828973770142e-08, 4.172325134277344e-07, -4.300818545743823e-08, 0.999583899974823, 0.025863975286483765, 0.012767977081239223, -0.02677815593779087, 0.9966380000114441, 0.07743173092603683, -0.010723315179347992, -0.07774094492197037, 0.9969159364700317),
            ["LeftLowerArm"] = CFrame.new(2.384185791015625e-07, 5.960464477539063e-08, -2.2351741790771484e-07, 1, -6.593767807316908e-07, 3.2130625982063066e-07, -3.8742990682294476e-07, 0.46240290999412537, -0.8866700530052185, -3.054735771002015e-07, 0.8866699934005737, 0.4624025523662567),
            ["RightUpperArm"] = CFrame.new(-5.960464477539063e-08, -0.0652385950088501, -1.0803341865539551e-07, 0.3847370445728302, -0.8062439560890198, 0.4493866562843323, -0.0795336589217186, 0.4560943841934204, 0.8863702416419983, -0.9195933938026428, -0.3767606019973755, 0.11135287582874298),
            ["Head"] = CFrame.new(-3.632158041000366e-08, -3.5762786865234375e-07, -8.475035429000854e-08, 0.9978930950164795, 0.0627661794424057, 0.016426891088485718, -0.05934150516986847, 0.9853271842002869, -0.16002830862998962, -0.026230165734887123, 0.15871641039848328, 0.9869757294654846),
            ["LowerTorso"] = CFrame.new(0.06913848221302032, 0.059677839279174805, 0.23928077518939972, 0.9965357780456543, -0.07361219078302383, -0.0387037955224514, 0.074210986495018, 0.997140109539032, 0.014290872029960155, 0.03754115477204323, -0.017113620415329933, 0.9991486072540283),
            ["UpperTorso"] = CFrame.new(2.7008354663848877e-08, -1.1920928955078125e-07, 5.122274160385132e-09, 0.9984343647956848, 0.018081059679389, -0.05293412134051323, -0.007403177209198475, 0.9807091355323792, 0.19533276557922363, 0.05544470623135567, -0.19463497400283813, 0.9793075323104858),
            ["HumanoidRootPart"] = CFrame.new(0, 0, 0, 1, 0, 0, 0, 1, 0, 0, 0, 1),
            ["RightUpperLeg"] = CFrame.new(-0.000025480985641479492, -0.00012601539492607117, -0.004997484385967255, 0.956951916217804, -0.015393064357340336, -0.2898383140563965, -0.05256076902151108, 0.9728900194168091, -0.2252170890569687, 0.2854478657245636, 0.2307557761669159, 0.9301995038986206),
            ["LeftUpperArm"] = CFrame.new(-1.1920928955078125e-07, -0.06523847579956055, -1.043081283569336e-07, 0.4763775169849396, 0.7162455320358276, -0.5099576711654663, 0.1407994031906128, 0.5103689432144165, 0.8483509421348572, 0.8678939342498779, -0.47593697905540466, 0.1422812044620514),
            ["RightLowerArm"] = CFrame.new(0, -2.384185791015625e-07, 1.7025740817189217e-07, 1, 1.750889566665137e-07, -1.899896915347199e-07, 3.129241292754159e-07, 0.36383455991744995, -0.9314658045768738, 1.210718352240292e-07, 0.9314635992050171, 0.36382895708084106),
            ["LeftHand"] = CFrame.new(-3.725290298461914e-08, -5.960464477539063e-08, -9.685754776000977e-08, 0.8944329619407654, 0.08501850813627243, -0.4390462636947632, -0.4036210775375366, 0.5762098431587219, -0.7106849551200867, 0.19256120920181274, 0.8128677606582642, 0.5496957898139954),
            ["LeftFoot"] = CFrame.new(1.210719347000122e-08, 0, 1.4901161193847656e-08, 0.99493408203125, 0.10051367431879044, -0.0017282015178352594, -0.09614774584770203, 0.9564429521560669, 0.2756311595439911, 0.029356734827160835, -0.274069219827652, 0.9612619876861572),
            ["RightHand"] = CFrame.new(-6.426125764846802e-08, 2.384185791015625e-07, -7.450580596923828e-09, 0.821699857711792, -0.05153602361679077, 0.5675866007804871, 0.45667487382888794, 0.6553592085838318, -0.6016269326210022, -0.3409653604030609, 0.7535571455955505, 0.5620415210723877),
            ["RightLowerLeg"] = CFrame.new(-6.332993507385254e-08, 0, -5.045876605436206e-08, 1, -1.0989604959377175e-07, -7.916239219696308e-09, 9.12696123123169e-08, 0.8399503827095032, 0.5426632165908813, 2.1420419216156006e-08, -0.5426632761955261, 0.8399503827095032),
            ["LeftUpperLeg"] = CFrame.new(0.000025510787963867188, 0.00012554391287267208, 0.004997510462999344, 0.8714084625244141, 0.3741638660430908, 0.31725239753723145, -0.08093127608299255, 0.7475100159645081, -0.6593017578125, -0.48383617401123047, 0.5488443970680237, 0.6816686987876892),
            ["LeftLowerLeg"] = CFrame.new(-2.9802322387695312e-08, 1.7881393432617188e-07, 1.341104507446289e-07, 1, 1.1548392819804576e-07, 5.122277357827443e-08, -9.872019290924072e-08, 0.400767058134079, 0.9161797761917114, 6.146728992462158e-08, -0.9161799550056458, 0.4007675051689148),
        }},
        {Time = 0.267, Data = {
            ["RightFoot"] = CFrame.new(1.1362135410308838e-07, 4.172325134277344e-07, 1.6952981241047382e-09, 0.9996307492256165, 0.005823109298944473, -0.026544714346528053, -0.0005217378493398428, 0.9806939363479614, 0.19554848968982697, 0.027170343324542046, -0.195462167263031, 0.9803348183631897),
            ["LeftLowerArm"] = CFrame.new(-2.086162567138672e-07, -2.980232238769531e-07, 1.9976869225502014e-07, 1, -4.507602966441482e-07, 3.818421490109358e-08, -7.450574912581942e-08, 0.501197874546051, -0.8653331398963928, -3.0826754482404795e-07, 0.8653327226638794, 0.5011972784996033),
            ["RightUpperArm"] = CFrame.new(0, -0.065238356590271, -6.705522537231445e-08, 0.3907261788845062, -0.8018355965614319, 0.45209839940071106, -0.0990476980805397, 0.4516664147377014, 0.8866718411445618, -0.9151626229286194, -0.3912254273891449, 0.09705773741006851),
            ["Head"] = CFrame.new(1.0244548320770264e-08, 0, 6.984919309616089e-09, 0.9989596605300903, 0.03299621120095253, -0.03147931769490242, -0.03726796433329582, 0.9885057210922241, -0.14651800692081451, 0.026282861828804016, 0.1475386768579483, 0.9887070655822754),
            ["LowerTorso"] = CFrame.new(0.01647254452109337, 0.0636298656463623, 0.24562004208564758, 0.9931658506393433, -0.11143259704113007, -0.03470667451620102, 0.11196576803922653, 0.9936156272888184, 0.01383881364017725, 0.032943032681941986, -0.017630208283662796, 0.9993017911911011),
            ["UpperTorso"] = CFrame.new(1.5832483768463135e-08, -3.8743019104003906e-07, -3.0850060284137726e-09, 0.9966517090797424, 0.07871078699827194, -0.022140944376587868, -0.0731193870306015, 0.9791604280471802, 0.1894688606262207, 0.03659278154373169, -0.18721534311771393, 0.981637179851532),
            ["HumanoidRootPart"] = CFrame.new(0, 0, 0, 1, 0, 0, 0, 1, 0, 0, 0, 1),
            ["RightUpperLeg"] = CFrame.new(-0.000025510787963867188, -0.0001256982795894146, -0.004997504875063896, 0.9518009424209595, -0.029149647802114487, -0.3053293228149414, -0.08138340711593628, 0.9357873201370239, -0.34304389357566833, 0.29572275280952454, 0.3513580858707428, 0.8883101940155029),
            ["LeftUpperArm"] = CFrame.new(5.960464477539063e-08, -0.0652381181716919, -5.21540641784668e-08, 0.517279863357544, 0.6847850680351257, -0.5133137106895447, 0.11704689264297485, 0.5375500321388245, 0.8350688815116882, 0.8477745056152344, -0.4920462965965271, 0.1979116052389145),
            ["RightLowerArm"] = CFrame.new(-8.940696716308594e-08, -1.1920928955078125e-07, 4.941248334944248e-07, 1, 3.3155157552755554e-07, 1.3038501833761984e-07, 1.8626428754942026e-07, 0.3706304430961609, -0.9287831783294678, 4.023308690648264e-07, 0.9287804961204529, 0.37062346935272217),
            ["LeftHand"] = CFrame.new(-8.940696716308594e-08, -3.5762786865234375e-07, -3.725290298461914e-08, 0.8886606693267822, 0.022131146863102913, -0.4580315947532654, -0.3909878432750702, 0.5584709048271179, -0.7316004037857056, 0.23960566520690918, 0.829228937625885, 0.5049433708190918),
            ["LeftFoot"] = CFrame.new(1.5832483768463135e-08, 5.960464477539063e-08, 0, 0.999988853931427, -0.0025084558874368668, 0.00399720249697566, 0.0017298352904617786, 0.9829805493354797, 0.18370161950588226, -0.004390915855765343, -0.18369288742542267, 0.9829739332199097),
            ["RightHand"] = CFrame.new(-7.450580596923828e-09, 2.384185791015625e-07, -2.2351741790771484e-08, 0.8053300976753235, -0.08099173754453659, 0.5872695446014404, 0.49080708622932434, 0.6466958522796631, -0.5838631391525269, -0.33249351382255554, 0.7584357261657715, 0.5605520009994507),
