return {
    ["Little Buddy Was Sick"] = {
        [1] = {Time = 0.000, Data = {
            ["CameraPart"] = CFrame.new(0, 1.8164715766906738, -3.0671846866607666, -1, 2.9377111854245186e-09, -1.5924291574265226e-07, -5.0667559037265164e-08, 0.9420202970504761, 0.3355562090873718, 1.5099580252808664e-07, 0.3355562090873718, -0.9420202970504761),
            ["LeftLowerArm"] = CFrame.new(2.980232238769531e-07, -4.76837158203125e-07, 4.76837158203125e-07, 1, 0, 0, 0, 1, 0, 0, 0, 1),
            ["LeftFoot"] = CFrame.new(-4.824941015613149e-07, -5.960464477539063e-08, 3.434251993894577e-09, 1, -0.0000010872025768549065, -1.6391278734317893e-07, 0.0000010897056199610233, 0.9999966025352478, -0.0026051111053675413, 1.341104507446289e-07, 0.0026050929445773363, 0.9999966621398926),
            ["RightHand"] = CFrame.new(5.960464477539063e-08, 0, -1.1920928955078125e-07, 1, 0, 0, 0, 1, 0, 0, 0, 1),
            ["HumanoidRootPart"] = CFrame.new(0, 0, 0, 1, 0, 0, 0, 1, 0, 0, 0, 1),
            ["RightLowerLeg"] = CFrame.new(2.076985765597783e-07, -0.0000035762786865234375, -0.000013674078218173236, 1, 4.346475623862034e-09, -1.120312465019424e-08, -3.451531949139053e-09, 0.9999841451644897, 0.005647377111017704, -4.725410618355852e-10, -0.005647486541420221, 0.999984085559845),
            ["LeftUpperLeg"] = CFrame.new(-2.980232238769531e-07, 0, 5.960464477539063e-08, 1, 0.000001038599293678999, 5.960463766996327e-08, -0.000001038384084495192, 0.9999956488609314, -0.002952068578451872, -8.940695295223122e-08, 0.002952053677290678, 0.9999956488609314),
            ["LeftLowerLeg"] = CFrame.new(-1.5049192825244972e-07, 0.000004112720489501953, 0.000013089273124933243, 1, 4.872357095564439e-08, 2.7097119215113707e-08, -5.168237748875981e-08, 0.999984622001648, 0.005557159427553415, 3.302021767126462e-08, -0.005557124502956867, 0.9999845623970032),
            ["LowerTorso"] = CFrame.new(-1.9748402833938599, 0, 4.9143900871276855, 0.22019414603710175, 0, -0.9754560589790344, 0, 1, 0, 0.9754560589790344, 0, 0.22019414603710175),
            ["Head"] = CFrame.new(-8.940696716308594e-08, 0, -5.960464477539063e-08, 1, 0, 0, 0, 1, 0, 0, 0, 1),
            ["UpperTorso"] = CFrame.new(2.9802322387695312e-08, 0, 0, 0.9995132684707642, 0, -0.031198088079690933, 0, 1, 0, 0.031198088079690933, 0, 0.9995132684707642),
            ["LeftUpperArm"] = CFrame.new(-2.384185791015625e-07, 0, 5.960464477539063e-08, 1, 0, 0, 0, 1, 0, 0, 0, 1),
            ["RightLowerArm"] = CFrame.new(5.960464477539063e-08, -2.384185791015625e-07, -1.1920928955078125e-07, 1, 0, 0, 0, 1, 0, 0, 0, 1),
            ["LeftHand"] = CFrame.new(5.960464477539063e-08, 0, 0, 1, 4.1305256437418336e-10, 0, -1.7390307708624932e-17, 1, 2.337947613284541e-08, 0, 5.319489293498236e-11, 1),
            ["RightFoot"] = CFrame.new(-2.0838365344388876e-07, 4.172325134277344e-07, -2.2089079720899463e-07, 1, -0.00000981869288807502, 6.854533580735733e-07, 0.000009819400474953, 0.999996542930603, -0.0026597899850457907, -6.109476657911728e-07, 0.0026600563433021307, 0.9999964833259583),
            ["RightUpperLeg"] = CFrame.new(-1.1920928955078125e-07, 0, 2.218221197836101e-07, 1, 0.000009812818461796269, -5.215405280978302e-07, -0.000009814185432333034, 0.9999955296516418, -0.0029875864274799824, 4.7683710135970614e-07, 0.0029874518513679504, 0.9999955296516418),
            ["RightUpperArm"] = CFrame.new(0, 0, 1.1920928955078125e-07, 1, 0, 0, 0, 1, 0, 0, 0, 1)
        }},
        [2] = {Time = 0.034, Data = {
            ["CameraPart"] = CFrame.new(0, 1.8164715766906738, -3.0671846866607666, -1, 2.9377111854245186e-09, -1.5924291574265226e-07, -5.0667559037265164e-08, 0.9420202970504761, 0.3355562090873718, 1.5099580252808664e-07, 0.3355562090873718, -0.9420202970504761),
            ["LeftLowerArm"] = CFrame.new(-4.172325134277344e-07, -4.172325134277344e-07, -1.043081283569336e-07, 1, -4.869265546325607e-10, -1.042644726112485e-08, 2.4364776862739745e-10, 1, -9.978592258041985e-11, 4.485628313233292e-09, 1.8579801031037846e-09, 1),
            ["LeftFoot"] = CFrame.new(-8.062634151428938e-07, 5.960464477539063e-08, 1.1606607586145401e-07, 0.9999995827674866, -0.0009457013802602887, 0.000002890825726353796, 0.000945708598010242, 0.9999828934669495, -0.00577020738273859, 0.000002622604597490863, 0.005770218092948198, 0.9999833703041077),
            ["RightHand"] = CFrame.new(-4.284083843231201e-07, 2.384185791015625e-07, 3.3527612686157227e-08, 1, -2.5409582771196426e-10, -1.042644726112485e-08, 2.436476853606706e-10, 1, -1.9624311065058464e-09, 4.489265847951174e-09, -4.6652599318408594e-12, 1),
            ["HumanoidRootPart"] = CFrame.new(0, 0, 0, 1, 0, 0, 0, 1, 0, 0, 0, 1),
            ["RightLowerLeg"] = CFrame.new(-9.989598765969276e-07, -0.000003516674041748047, -0.00001328082726104185, 1, 2.8003708507640113e-07, -2.570789625622183e-08, -2.8841898824794043e-07, 0.999984085559845, 0.00564741063863039, 4.341564263654618e-08, -0.005647487007081509, 0.9999841451644897),
            ["LeftUpperLeg"] = CFrame.new(5.960464477539063e-08, 0, 0, 0.9999995827674866, 0.0009458884596824646, -0.0000027269122711004457, -0.0009458874701522291, 0.9999995231628418, 0.000212909682886675, 0.0000029206271392467897, -0.00021292346355039626, 1),
            ["LeftLowerLeg"] = CFrame.new(4.015164449810982e-07, 0.000004112720489501953, 0.000013265118468552828, 1, -1.8571154214441776e-07, -1.9043454813072458e-08, 1.8013808755767968e-07, 0.9999845623970032, 0.005557302851229906, -3.745313392755634e-08, -0.00555729866027832, 0.999984622001648),
            ["LowerTorso"] = CFrame.new(-1.723791480064392, 0, 4.907787322998047, 0.23943324387073517, 0, -0.9709128141403198, 0, 1, 0, 0.9709128141403198, 0, 0.23943324387073517),
            ["Head"] = CFrame.new(-2.0302832126617432e-07, 0, -3.203749656677246e-07, 1, -2.126518926226506e-11, -1.042644726112485e-08, 2.436477131162462e-10, 1, -9.978592258041985e-11, 4.48198989033699e-09, -4.6652599318408594e-12, 1),
            ["UpperTorso"] = CFrame.new(8.940696716308594e-08, 0, 0, 0.9996599555015564, 0.0039140693843364716, -0.02578449249267578, -0.0035030238796025515, 0.9998664855957031, 0.015967484563589096, 0.025843564420938492, -0.01587173156440258, 0.9995399713516235),
            ["LeftUpperArm"] = CFrame.new(-1.1920928955078125e-07, 0, -2.644956111907959e-07, 1, -2.126518926226506e-11, -1.042644726112485e-08, 2.436477131162462e-10, 1, -9.978592258041985e-11, 4.48198989033699e-09, -4.6652599318408594e-12, 1),
            ["RightLowerArm"] = CFrame.new(5.960464477539063e-08, -1.7881393432617188e-07, -2.5331974029541016e-07, 1, -4.869265546325607e-10, -1.042644726112485e-08, 2.4364776862739745e-10, 1, -9.978592258041985e-11, 4.485628313233292e-09, 1.8579801031037846e-09, 1),
            ["LeftHand"] = CFrame.new(1.862645149230957e-08, -5.960464477539063e-08, 3.725290298461914e-07, 1, -6.601755947466259e-11, 4.3910404201596975e-09, 4.764784677924183e-10, 1, 2.2251956721675015e-08, 4.500180228461659e-09, 1.950321237842445e-09, 1),
            ["RightFoot"] = CFrame.new(-3.595487214624882e-07, 4.76837158203125e-07, -2.939414116553962e-07, 0.9999995827674866, 0.0009350705076940358, 0.0000033527837786095915, -0.0009350627078674734, 0.9999995231628418, 0.0005054377834312618, -0.0000028759245651599485, -0.0005052098422311246, 0.9999998807907104),
            ["RightUpperLeg"] = CFrame.new(0, 0, 1.0261283023282886e-07, 0.9999996423721313, -0.0009353519417345524, 0.0000026077025268023135, 0.0009353500790894032, 0.999980628490448, -0.006152817513793707, 0.0000031441450119018555, 0.00615268386900425, 0.9999810457229614),
            ["RightUpperArm"] = CFrame.new(0, 3.5762786865234375e-07, -3.0919909477233887e-07, 1, -2.126518926226506e-11, -1.042644726112485e-08, 2.436477131162462e-10, 1, -9.978592258041985e-11, 4.48198989033699e-09, -4.6652599318408594e-12, 1)
        }},
        [3] = {Time = 0.069, Data = {
            ["CameraPart"] = CFrame.new(0, 1.8164715766906738, -3.0671846866607666, -1, 2.9377111854245186e-09, -1.5924291574265226e-07, -5.0667559037265164e-08, 0.9420202970504761, 0.3355562090873718, 1.5099580252808664e-07, 0.3355562090873718, -0.9420202970504761),
            ["LeftLowerArm"] = CFrame.new(-3.5762786865234375e-07, -1.1920928955078125e-07, -2.2351741790771484e-07, 1, -5.820766785236131e-11, -3.0355288060945895e-08, -5.820766091346741e-10, 1, 9.313223525708736e-10, -5.093170329928398e-10, -1.3387763120320528e-09, 1),
            ["LeftFoot"] = CFrame.new(-1.5832483768463135e-08, 2.384185791015625e-07, -2.2095628082752228e-07, 0.9999883770942688, -0.0048410771414637566, 0.00003117324013146572, 0.004841174464672804, 0.9999472498893738, -0.009069160558283329, 0.000012785200851794798, 0.009069179184734821, 0.9999589323997498),
            ["RightHand"] = CFrame.new(3.3993273973464966e-07, -5.960464477539063e-08, 3.725290298461914e-08, 1, 4.074536819054231e-10, -3.034801920875907e-08, 0, 1, -9.022187441587448e-10, -5.093170329928398e-10, -4.074536819054231e-10, 1),
            ["HumanoidRootPart"] = CFrame.new(0, 0, 0, 1, 0, 0, 0, 1, 0, 0, 0, 1),
            ["RightLowerLeg"] = CFrame.new(2.3283064365386963e-08, -0.000003516674041748047, -0.000013556498743128031, 1, 2.8510112315416336e-07, -1.0204530553892255e-09, -2.7578786898629915e-07, 0.999984085559845, 0.005647401325404644, -3.9679431296235634e-08, -0.005647522863000631, 0.999984085559845),
            ["LeftUpperLeg"] = CFrame.new(2.9802322387695312e-08, 0, 1.1920928955078125e-07, 0.999988317489624, 0.004841246642172337, -0.000014185903637553565, -0.004841166082769632, 0.9999821186065674, 0.0035119885578751564, 0.00003117322557955049, -0.003511895425617695, 0.9999938607215881),
            ["LeftLowerLeg"] = CFrame.new(-4.6566128730773926e-07, 0.000003993511199951172, 0.000013155397027730942, 1, -8.812639862298965e-08, -3.650711732916534e-08, 7.67177041893774e-08, 0.9999845623970032, 0.005557370372116566, -1.4608305676233613e-08, -0.005557328462600708, 0.9999845623970032),
            ["LowerTorso"] = CFrame.new(-1.0599099397659302, 0, 4.884677410125732, 0.3164306879043579, 0, -0.9486156105995178, 0, 1, 0, 0.9486156105995178, 0, 0.3164306879043579),
            ["Head"] = CFrame.new(-5.960464477539063e-08, -3.5762786865234375e-07, 5.587935447692871e-08, 1, 2.3283067140944524e-10, -5.384208634495735e-10, -5.820766091346741e-10, 1, 2.9103830456733704e-11, -5.093170329928398e-10, -1.2514648206618517e-09, 1),
            ["UpperTorso"] = CFrame.new(1.4901161193847656e-07, 0, 1.1920928955078125e-07, 0.9999681711196899, 0.0043528126552701, -0.006691754795610905, -0.004248160868883133, 0.999869704246521, 0.015574194490909576, 0.006758720614016056, -0.015545268543064594, 0.9998563528060913),
            ["LeftUpperArm"] = CFrame.new(-2.384185791015625e-07, -5.960464477539062e-07, 1.1175870895385742e-07, 1, 2.3283067140944524e-10, -5.384208634495735e-10, -5.820766091346741e-10, 1, 2.9103830456733704e-11, -5.093170329928398e-10, -1.2514648206618517e-09, 1),
            ["RightLowerArm"] = CFrame.new(8.344650268554688e-07, -2.980232238769531e-07, -1.9744038581848145e-07, 1, -5.820766785236131e-11, -3.0355288060945895e-08, -5.820766091346741e-10, 1, 9.313223525708736e-10, -5.093170329928398e-10, -1.3387763120320528e-09, 1),
            ["LeftHand"] = CFrame.new(-2.514570951461792e-07, 2.980232238769531e-07, -5.587935447692871e-08, 1, 4.656613983300417e-10, -6.475602276623249e-10, -1.3969838619232178e-09, 1, 2.3312168195843697e-08, 2.9278453439474106e-08, -3.78349879204265e-10, 1),
            ["RightFoot"] = CFrame.new(-6.171176210045815e-07, 4.172325134277344e-07, 7.639755494892597e-10, 0.999988317489624, 0.00483589805662632, 0.0000314117714879103, -0.00483598792925477, 0.999981164932251, 0.0038023055531084538, -0.000012904407412861474, -0.0038021374493837357, 0.999992847442627),
            ["RightUpperLeg"] = CFrame.new(1.1920928955078125e-07, 0, 5.198453436605632e-07, 0.9999881982803345, -0.0048316484317183495, 0.0005024968995712698, 0.004836180713027716, 0.9999436736106873, -0.009449625387787819, -0.00045680993935093284, 0.009451808407902718, 0.9999552965164185),
            ["RightUpperArm"] = CFrame.new(-1.1920928955078125e-07, -4.76837158203125e-07, 5.21540641784668e-08, 1, 2.3283067140944524e-10, -5.384208634495735e-10, -5.820766091346741e-10, 1, 2.9103830456733704e-11, -5.093170329928398e-10, -1.2514648206618517e-09, 1)
        }},
        [4] = {Time = 0.103, Data = {
            ["CameraPart"] = CFrame.new(0, 1.8164715766906738, -3.0671846866607666, -1, 2.9377111854245186e-09, -1.5924291574265226e-07, -5.0667559037265164e-08, 0.9420202970504761, 0.3355562090873718, 1.5099580252808664e-07, 0.3355562090873718, -0.9420202970504761),
            ["LeftLowerArm"] = CFrame.new(0, 0, -1.601874828338623e-07, 1, 4.6566123179658803e-10, 1.2427333828668452e-08, 6.984917644281552e-10, 1, -1.1641531072470457e-09, 4.225147520742212e-08, -2.3283061589829401e-10, 1),
            ["LeftFoot"] = CFrame.new(1.8060283935028565e-07, -5.960464477539063e-08, -1.6624107956886292e-07, 1, 7.101334631443024e-09, -5.960464477539063e-08, -5.9371814131736755e-09, 0.9999966025352478, -0.0026052293833345175, 8.940696716308594e-08, 0.0026052468456327915, 0.9999966025352478),
            ["RightHand"] = CFrame.new(-3.241002559661865e-07, 1.7881393432617188e-07, -7.82310962677002e-08, 1, 4.656613428188905e-10, 1.2449163477867842e-08, 0, 1, 1.1641532182693481e-10, -1.7338608770955943e-08, -9.31322685637781e-10, 1),
            ["HumanoidRootPart"] = CFrame.new(0, 0, 0, 1, 0, 0, 0, 1, 0, 0, 0, 1),
            ["RightLowerLeg"] = CFrame.new(2.3891630007710773e-08, -0.0000036954879760742188, -0.000013307835615705699, 1, 1.6391130941428855e-07, -2.8637332505354607e-08, -1.5237448280913668e-07, 0.999984085559845, 0.005647408775985241, 8.855553801367932e-08, -0.00564745394513011, 0.999984085559845),
            ["LeftUpperLeg"] = CFrame.new(-1.1920928955078125e-07, 0, -1.1920928955078125e-07, 1, 7.473863661289215e-08, 5.960465188081798e-08, -7.439455629310032e-08, 0.9999956488609314, -0.0029520830139517784, -8.940698137394065e-08, 0.0029520823154598475, 0.9999957084655762),
            ["LeftLowerLeg"] = CFrame.new(3.5925899055655464e-07, 0.000003874301910400391, 0.000012816162779927254, 1, -8.172330012712337e-08, 2.9608221652210887e-08, 8.000247930795013e-08, 0.999984622001648, 0.005557290744036436, -2.981889579700692e-08, -0.0055573079735040665, 0.9999845623970032),
            ["LowerTorso"] = CFrame.new(-0.11709284782409668, 0, 4.736112594604492, 0.4968656301498413, 0, -0.8678275346755981, 0, 1, 0, 0.8678275346755981, 0, 0.4968656301498413),
            ["Head"] = CFrame.new(2.477318048477173e-07, -2.384185791015625e-07, -2.0116567611694336e-07, 1, 6.984920419839113e-10, 1.2441887520253658e-08, 1.1641532182693481e-09, 1, -9.313225746154785e-10, 1.2456439435482025e-08, -1.1641533570472262e-10, 1),
            ["UpperTorso"] = CFrame.new(-2.60770320892334e-08, 0, 0, 0.9998141527175903, 0.005662852898240089, 0.018426988273859024, -0.005937871057540178, 0.9998713135719299, 0.014904411509633064, -0.018340231850743294, -0.01501105260103941, 0.9997191429138184),
            ["LeftUpperArm"] = CFrame.new(5.364418029785156e-07, 0, -1.2293457984924316e-07, 1, 6.984920419839113e-10, 1.2441887520253658e-08, 1.1641532182693481e-09, 1, -9.313225746154785e-10, 1.2456439435482025e-08, -1.1641533570472262e-10, 1),
            ["RightLowerArm"] = CFrame.new(-2.384185791015625e-07, -5.960464477539062e-07, 3.986060619354248e-07, 1, 4.6566123179658803e-10, 1.2427333828668452e-08, 6.984917644281552e-10, 1, -1.1641531072470457e-09, 4.225147520742212e-08, -2.3283061589829401e-10, 1),
            ["LeftHand"] = CFrame.new(-1.3504177331924438e-07, 4.76837158203125e-07, -3.725290298461914e-08, 1, -6.984920419839113e-10, -1.749867806211114e-08, 4.656613428188905e-10, 1, 2.3399479687213898e-08, -1.733133281334176e-08, 1.9790606931024968e-09, 1),
            ["RightFoot"] = CFrame.new(-2.3647113778224593e-07, 2.980232238769531e-07, -4.9003574531525373e-08, 1, 2.7396268365009746e-07, 1.4901162614933128e-07, -2.848682925105095e-07, 0.9999964833259583, -0.002662187209352851, -1.7881393432617188e-07, 0.0026623643934726715, 0.9999964833259583),
            ["RightUpperLeg"] = CFrame.new(-2.9802322387695312e-08, 0, 7.281050784513354e-08, 1, -4.376050242171914e-07, -2.980232949312267e-08, 4.3770353386207717e-07, 0.9999955296516418, -0.0029852220322936773, 0, 0.0029851102735847235, 0.9999955892562866),
            ["RightUpperArm"] = CFrame.new(5.960464477539062e-07, 0, -7.450580596923828e-09, 1, 6.984920419839113e-10, 1.2441887520253658e-08, 1.1641532182693481e-09, 1, -9.313225746154785e-10, 1.2456439435482025e-08, -1.1641533570472262e-10, 1)
        }},
        [5] = {Time = 0.138, Data = {
            ["CameraPart"] = CFrame.new(0, 1.8164715766906738, -3.0671846866607666, -1, 2.9377111854245186e-09, -1.5924291574265226e-07, -5.0667559037265164e-08, 0.9420202970504761, 0.3355562090873718, 1.5099580252808664e-07, 0.3355562090873718, -0.9420202970504761),
            ["LeftLowerArm"] = CFrame.new(-1.4901161193847656e-07, -2.384185791015625e-07, 4.1350722312927246e-07, 1, 1.1641533292916506e-09, -7.042400085310874e-08, -9.31322685637781e-10, 1, -9.31322685637781e-10, 1.899025114937558e-08, 1.3969840839678227e-09, 1),
            ["LeftFoot"] = CFrame.new(4.698522388935089e-07, 5.960464477539063e-08, -1.7869751900434494e-08, 0.9996972680091858, 0.024603378027677536, 0.00013983251119498163, -0.024603694677352905, 0.9996925592422485, 0.0030859806574881077, -0.00006395579111995175, -0.0030885699670761824, 0.999995231628418),
            ["RightHand"] = CFrame.new(5.606561899185181e-07, 0, 3.03611159324646e-07, 1, 1.1641533292916506e-09, -7.042400085310874e-08, -4.656613428188905e-10, 1, 0, 1.9004803064603948e-08, 4.656613428188905e-10, 1),
            ["HumanoidRootPart"] = CFrame.new(0, 0, 0, 1, 0, 0, 0, 1, 0, 0, 0, 1),
            ["RightLowerLeg"] = CFrame.new(-5.345791578292847e-07, -0.0000036954879760742188, -0.000013362783647608012, 1, 1.0756777157894248e-07, 8.377535465342589e-08, -9.406359424701805e-08, 0.9999841451644897, 0.0056475368328392506, 1.2304373342431063e-07, -0.00564752658829093, 0.999984085559845),
            ["LeftUpperLeg"] = CFrame.new(2.384185791015625e-07, 0, -3.2782554626464844e-07, 0.9996973276138306, -0.024603724479675293, 0.00007271767390193418, 0.024603432044386864, 0.9996600151062012, -0.008644157089293003, 0.0001399815228069201, 0.00864333938807249, 0.9999626874923706),
            ["LeftLowerLeg"] = CFrame.new(9.313225746154785e-09, 0.000003874301910400391, 0.000013435259461402893, 1, 5.02914261346632e-08, 1.5753904847315425e-07, -4.842877388000488e-08, 0.9999845623970032, 0.005557422526180744, -3.6117853596806526e-08, -0.005557351280003786, 0.999984622001648),
            ["LowerTorso"] = CFrame.new(0.9385316967964172, 0, 3.995680809020996, 0.7775970697402954, 0, -0.6287630796432495, 0, 1, 0, 0.6287630796432495, 0, 0.7775970697402954),
            ["Head"] = CFrame.new(-1.9744038581848145e-07, 0, 3.8370490074157715e-07, 1, 1.6298147276216923e-09, -7.043127681072292e-08, -9.31322685637781e-10, 1, 0, 1.899025114937558e-08, 0, 1),
            ["UpperTorso"] = CFrame.new(1.7881393432617188e-07, 0, -1.7881393432617188e-07, 0.9991166591644287, 0.008135045878589153, 0.041228026151657104, -0.008692844770848751, 0.9998728632926941, 0.013368474319577217, -0.04111400246620178, -0.013715053908526897, 0.999060332775116),
            ["LeftUpperArm"] = CFrame.new(-1.1920928955078125e-07, 1.1920928955078125e-07, 2.4959444999694824e-07, 1, 1.6298147276216923e-09, -7.043127681072292e-08, -9.31322685637781e-10, 1, 0, 1.899025114937558e-08, 0, 1),
            ["RightLowerArm"] = CFrame.new(-2.086162567138672e-07, -2.384185791015625e-07, 2.60770320892334e-08, 1, 1.1641533292916506e-09, -7.042400085310874e-08, -9.31322685637781e-10, 1, -9.31322685637781e-10, 1.899025114937558e-08, 1.3969840839678227e-09, 1),
            ["LeftHand"] = CFrame.new(1.0058283805847168e-07, -2.980232238769531e-07, 2.9243528842926025e-07, 1, 1.3969840839678227e-09, -7.062772766630587e-08, 1.3969840839678227e-09, 1, 2.3283067918100642e-08, 1.9026630937446498e-08, 9.31322685637781e-10, 1),
            ["RightFoot"] = CFrame.new(1.126900315284729e-07, 2.980232238769531e-07, -2.288070390932262e-07, 0.9997186660766602, -0.02371915616095066, 0.00016355460684280843, 0.023719606921076775, 0.99967360496521, -0.009492912329733372, 0.00006151199340820312, 0.009494236670434475, 0.9999549984931946),
            ["RightUpperLeg"] = CFrame.new(4.76837158203125e-07, 0, -2.550150384195149e-07, 0.999713659286499, 0.02373097836971283, -0.003088266123086214, -0.02371903881430626, 0.999711275100708, 0.003848298219963908, 0.003178716404363513, -0.003774047363549471, 0.9999878406524658),
            ["RightUpperArm"] = CFrame.new(-5.960464477539063e-08, -2.384185791015625e-07, 2.8312206268310547e-07, 1, 1.6298147276216923e-09, -7.043127681072292e-08, -9.31322685637781e-10, 1, 0, 1.899025114937558e-08, 0, 1)
        }},
        [6] = {Time = 0.172, Data = {
            ["CameraPart"] = CFrame.new(0, 1.8164715766906738, -3.0671846866607666, -1, 2.9377111854245186e-09, -1.5924291574265226e-07, -5.0667559037265164e-08, 0.9420202970504761, 0.3355562090873718, 1.5099580252808664e-07, 0.3355562090873718, -0.9420202970504761),
            ["LeftLowerArm"] = CFrame.new(-5.960464477539063e-08, 2.980232238769531e-07, -2.3469328880310059e-07, 1, -1.979060249013287e-09, 1.0062649380415678e-08, 0, 1, 1.1641532182693481e-10, -4.809408427064454e-09, -6.984918199393064e-10, 1),
            ["LeftFoot"] = CFrame.new(1.9604340195655823e-07, 0, 2.0244624465703964e-07, 0.9995331168174744, 0.030554892495274544, -0.00012062488531228155, -0.03055502474308014, 0.99951171875, -0.006546094082295895, -0.00007942318916320801, 0.006546713411808014, 0.9999785423278809),
            ["RightHand"] = CFrame.new(-3.2223761081695557e-07, -1.7881393432617188e-07, 2.384185791015625e-07, 1, -1.0477377854201109e-09, -4.838511813431978e-09, 1.1641532182693481e-10, 1, 1.0477378964424133e-09, 1.0091753210872412e-08, -4.6566123179658803e-10, 1),
            ["HumanoidRootPart"] = CFrame.new(0, 0, 0, 1, 0, 0, 0, 1, 0, 0, 0, 1),
            ["RightLowerLeg"] = CFrame.new(2.0489096641540527e-07, -0.000003814697265625, -0.00001312203676206991, 1, -8.253847028072414e-08, -2.7437643268513057e-08, 9.12696123123169e-08, 0.999984085559845, 0.0056478166952729225, -1.871376298367977e-08, -0.005647875834256411, 0.999984085559845),
            ["LeftUpperLeg"] = CFrame.new(2.384185791015625e-07, 0, -5.960464477539063e-08, 0.9995331764221191, -0.03055504523217678, 0.0000903010368347168, 0.030554937198758125, 0.9995326995849609, 0.000991681357845664, -0.00012058021093253046, -0.0009884588653221726, 0.9999995827674866),
            ["LeftLowerLeg"] = CFrame.new(3.3527612686157227e-08, 0.0000037550926208496094, 0.000013219192624092102, 1, 4.7264620661735535e-08, 1.5570549294352531e-09, -4.6333298087120056e-08, 0.9999845623970032, 0.005557654891163111, -8.238203008659184e-09, -0.005557643715292215, 0.999984622001648),
            ["LowerTorso"] = CFrame.new(1.8119128942489624, 0, 2.7073512077331543, 0.9811504483222961, 0, -0.19324547052383423, 0, 1, 0, 0.19324547052383423, 0, 0.9811504483222961),
            ["Head"] = CFrame.new(-1.6763806343078613e-07, 3.5762786865234375e-07, -4.172325134277344e-07, 1, -1.979060249013287e-09, 1.0062649380415678e-08, -1.1641532182693481e-10, 1, 1.1641532182693481e-10, 1.0084477253258228e-08, -6.984918199393064e-10, 1),
            ["UpperTorso"] = CFrame.new(1.1920928955078125e-07, 0, -5.960464477539063e-08, 0.9988073110580444, 0.01064467802643776, 0.04765303432941437, -0.011151589453220367, 0.9998838901519775, 0.010384326800704002, -0.04753696173429489, -0.01090334728360176, 0.9988099932670593),
            ["LeftUpperArm"] = CFrame.new(-1.1920928955078125e-07, 2.384185791015625e-07, -4.209578037261963e-07, 1, -1.979060249013287e-09, 1.0062649380415678e-08, -1.1641532182693481e-10, 1, 1.1641532182693481e-10, 1.0084477253258228e-08, -6.984918199393064e-10, 1),
            ["RightLowerArm"] = CFrame.new(1.1920928955078125e-07, -5.960464477539063e-08, 4.470348358154297e-08, 1, -1.979060249013287e-09, 1.0062649380415678e-08, 0, 1, 1.1641532182693481e-10, -4.809408427064454e-09, -6.984918199393064e-10, 1),
            ["LeftHand"] = CFrame.new(2.60770320892334e-08, -1.1920928955078125e-07, 2.2351741790771484e-08, 1, -1.7462298274040222e-09, -5.093170329928398e-09, 1.1641533570472262e-10, 1, 2.4330802261829376e-08, 2.5007469872662114e-08, 1.6298145055770874e-09, 1),
            ["RightFoot"] = CFrame.new(4.279427230358124e-07, 1.1920928955078125e-07, 1.673834049142897e-07, 0.9995489716529846, -0.0300326906144619, -0.000031218627555062994, 0.030032580718398094, 0.9995478391647339, -0.0015530395321547985, 0.0000778883695602417, 0.0015516142593696713, 0.9999988079071045),
            ["RightUpperLeg"] = CFrame.new(1.7881393432617188e-07, 0, -4.0402665035799146e-07, 0.9995367527008057, 0.030011923983693123, -0.0050616697408258915, -0.03003275766968727, 0.9995405077934265, -0.004093863535672426, 0.004936471115797758, 0.0042438507080078125, 0.99997878074646),
            ["RightUpperArm"] = CFrame.new(-3.5762786865234375e-07, 3.5762786865234375e-07, -4.5821070671081543e-07, 1, -1.979060249013287e-09, 1.0062649380415678e-08, -1.1641532182693481e-10, 1, 1.1641532182693481e-10, 1.0084477253258228e-08, -6.984918199393064e-10, 1)
        }},
        [7] = {Time = 0.207, Data = {
            ["CameraPart"] = CFrame.new(0, 1.8164715766906738, -3.0671846866607666, -1, 2.9377111854245186e-09, -1.5924291574265226e-07, -5.0667559037265164e-08, 0.9420202970504761, 0.3355562090873718, 1.5099580252808664e-07, 0.3355562090873718, -0.9420202970504761),
            ["LeftLowerArm"] = CFrame.new(-8.940696716308594e-08, -2.384185791015625e-07, 6.891787052154541e-08, 1, 9.31322685637781e-10, -2.0925654098391533e-08, 4.656613428188905e-10, 1, 2.3283064365386963e-10, 8.891221092710566e-09, -4.656613428188905e-10, 1),
            ["LeftFoot"] = CFrame.new(-8.497087833347905e-08, -5.960464477539063e-08, 1.018051989376545e-07, 1, 1.3591487402209168e-07, -1.4901162614933128e-07, -1.293374367605793e-07, 0.9999966621398926, -0.002605245215818286, 1.788139627478813e-07, 0.0026052461471408606, 0.9999966025352478),
            ["RightHand"] = CFrame.new(3.5390257835388184e-08, 5.960464477539063e-08, 1.1362135410308838e-07, 1, 9.313225746154785e-10, -2.0925654098391533e-08, -2.3283067140944524e-10, 1, -2.3283064365386963e-10, 8.89849705032475e-09, -2.3283064365386963e-10, 1),
            ["HumanoidRootPart"] = CFrame.new(0, 0, 0, 1, 0, 0, 0, 1, 0, 0, 0, 1),
            ["RightLowerLeg"] = CFrame.new(9.169610848402954e-08, -0.0000035762786865234375, -0.000013370234228204936, 1, -1.5309128187368515e-08, 3.41846023710346e-10, 1.0045183351792275e-08, 0.9999841451644897, 0.005647357553243637, -4.1293407582188024e-10, -0.005647522863000631, 0.999984085559845),
            ["LeftUpperLeg"] = CFrame.new(0, 0, 0, 1, -1.7386628314852715e-07, 5.960463766996327e-08, 1.741648105735294e-07, 0.9999956488609314, -0.0029520797543227673, -5.960463056453591e-08, 0.002952063921838999, 0.9999957084655762),
            ["LeftLowerLeg"] = CFrame.new(-1.5252047091962595e-07, 0.000004112720489501953, 0.000013493932783603668, 1, 3.824177952083119e-08, -2.934875453775021e-08, -4.526180674702118e-08, 0.999984622001648, 0.005557304713875055, 2.9421473257684738e-08, -0.005557287950068712, 0.9999845623970032),
            ["LowerTorso"] = CFrame.new(2.175769329071045, 0, 1.498033881187439, 0.9573913812637329, 0, 0.28879356384277344, 0, 1, 0, -0.28879356384277344, 0, 0.9573913812637329),
            ["Head"] = CFrame.new(2.2351741790771484e-08, 2.384185791015625e-07, 1.2852251529693604e-07, 1, 1.1641532182693481e-09, -2.091837814077735e-08, 0, 1, -2.3283064365386963e-10, -2.091837814077735e-08, -6.984919309616089e-10, 1),
            ["UpperTorso"] = CFrame.new(0, 0, -5.960464477539063e-08, 0.9997707605361938, 0.011892173439264297, 0.017809808254241943, -0.012018179520964622, 0.9999033808708191, 0.006984774488955736, -0.01772499270737171, -0.007197214290499687, 0.9998170137405396),
            ["LeftUpperArm"] = CFrame.new(5.960464477539063e-08, 1.1920928955078125e-07, 7.82310962677002e-08, 1, 1.1641532182693481e-09, -2.091837814077735e-08, 0, 1, -2.3283064365386963e-10, -2.091837814077735e-08, -6.984919309616089e-10, 1),
            ["RightLowerArm"] = CFrame.new(-5.960464477539063e-08, 1.7881393432617188e-07, 2.0489096641540527e-08, 1, 9.31322685637781e-10, -2.0925654098391533e-08, 4.656613428188905e-10, 1, 2.3283064365386963e-10, 8.891221092710566e-09, -4.656613428188905e-10, 1),
            ["LeftHand"] = CFrame.new(-1.862645149230957e-08, 3.5762786865234375e-07, -2.2165477275848389e-07, 1, 2.3283067140944524e-10, 8.60018189996481e-09, -3.2596298993325945e-09, 1, 2.3515895009040833e-08, -2.0911107512233684e-08, 1.1641533292916506e-09, 1),
            ["RightFoot"] = CFrame.new(1.2560914797177247e-07, 2.980232238769531e-07, -2.543019945733249e-07, 1, 1.4371293843851163e-07, 6.556512630595535e-07, -1.3655515829213982e-07, 0.999996542930603, -0.002662203973159194, -6.854533580735733e-07, 0.00266252551227808, 0.9999964833259583),
            ["RightUpperLeg"] = CFrame.new(-1.7881393432617188e-07, 0, -1.3580574886873364e-07, 1, -1.2986124886538164e-07, -4.768370445162873e-07, 1.283636663629295e-07, 0.9999955296516418, -0.0029851538129150867, 4.7683710135970614e-07, 0.002985019003972411, 0.9999955892562866),
            ["RightUpperArm"] = CFrame.new(1.1920928955078125e-07, 1.1920928955078125e-07, 9.685754776000977e-08, 1, 1.1641532182693481e-09, -2.091837814077735e-08, 0, 1, -2.3283064365386963e-10, -2.091837814077735e-08, -6.984919309616089e-10, 1)
        }},
        [8] = {Time = 0.241, Data = {
            ["CameraPart"] = CFrame.new(0, 1.8164715766906738, -3.0671846866607666, -1, 2.9377111854245186e-09, -1.5924291574265226e-07, -5.0667559037265164e-08, 0.9420202970504761, 0.3355562090873718, 1.5099580252808664e-07, 0.3355562090873718, -0.9420202970504761),
            ["LeftLowerArm"] = CFrame.new(0, -7.748603820800781e-07, -8.381903171539307e-09, 1, 0, -3.2487150747328997e-08, -9.313225746154785e-10, 1, 1.3969838619232178e-09, 2.7128407964482903e-08, -9.31322685637781e-10, 1),
            ["LeftFoot"] = CFrame.new(5.4249539971351624e-08, 5.960464477539063e-08, 1.467997208237648e-07, 0.999986469745636, -0.0052046929486095905, 0.000021845102310180664, 0.005204715300351381, 0.9999629855155945, -0.006855746731162071, 0.000013738872439716943, 0.006855531129986048, 0.9999765157699585),
            ["RightHand"] = CFrame.new(-1.862645149230957e-09, 2.384185791015625e-07, 6.798654794692993e-08, 1, -9.313225746154785e-10, 2.7117494028061628e-08, 4.656613428188905e-10, 1, 0, -3.247987834242849e-08, -9.313225746154785e-10, 1),
            ["HumanoidRootPart"] = CFrame.new(0, 0, 0, 1, 0, 0, 0, 1, 0, 0, 0, 1),
            ["RightLowerLeg"] = CFrame.new(-5.029141902923584e-08, -0.0000037550926208496094, -0.00001328268990619108, 1, 1.1688099732509727e-07, -3.937747905524702e-08, -8.66129994392395e-08, 0.9999841451644897, 0.005647691432386637, 4.720641300082207e-08, -0.005647729616612196, 0.999984085559845),
            ["LeftUpperLeg"] = CFrame.new(2.384185791015625e-07, 0, 1.1920928955078125e-07, 0.999986469745636, 0.005204656161367893, -0.000015109782907529734, -0.005204631946980953, 0.9999856352806091, 0.0012985077919438481, 0.00002190471423091367, -0.0012983866035938263, 0.9999991655349731),
            ["LeftLowerLeg"] = CFrame.new(3.725290298461914e-09, 0.000003874301910400391, 0.00001330242957919836, 1, 5.934271030128002e-08, 5.123002466689286e-08, -5.611218512058258e-08, 0.9999845623970032, 0.005557360593229532, 3.6730398278450593e-08, -0.005557146854698658, 0.999984622001648),
            ["LowerTorso"] = CFrame.new(1.6470273733139038, 0, 0.8218867182731628, 0.7524179220199585, 0, 0.6586861610412598, 0, 1, 0, -0.6586861610412598, 0, 0.7524179220199585),
            ["Head"] = CFrame.new(-4.470348358154297e-08, -1.1920928955078125e-07, -6.332993507385254e-08, 1, 0, -3.247623681090772e-08, -9.313225746154785e-10, 1, 4.656612873077393e-10, 2.7128407964482903e-08, 0, 1),
            ["UpperTorso"] = CFrame.new(5.960464477539063e-08, 0, 1.1920928955078125e-07, 0.9982560873031616, 0.011952651664614677, -0.05781025439500809, -0.01171460747718811, 0.9999215602874756, 0.004454826936125755, 0.05785895138978958, -0.003769833594560623, 0.9983177185058594),
            ["LeftUpperArm"] = CFrame.new(0, -1.1920928955078125e-07, -8.195638656616211e-08, 1, 0, -3.247623681090772e-08, -9.313225746154785e-10, 1, 4.656612873077393e-10, 2.7128407964482903e-08, 0, 1),
            ["RightLowerArm"] = CFrame.new(0, 1.1920928955078125e-07, 1.0244548320770264e-07, 1, 0, -3.2487150747328997e-08, -9.313225746154785e-10, 1, 1.3969838619232178e-09, 2.7128407964482903e-08, -9.31322685637781e-10, 1),
            ["LeftHand"] = CFrame.new(6.705522537231445e-08, 2.980232238769531e-07, 7.078051567077637e-08, 1, -9.31322685637781e-10, 2.684464561752975e-08, -4.656613428188905e-10, 1, 2.3283064365386963e-08, -9.208453377596015e-08, -4.656613428188905e-10, 1),
            ["RightFoot"] = CFrame.new(1.62515789270401e-07, 2.980232238769531e-07, 1.6886770026758313e-07, 0.9998981952667236, 0.014264478348195553, -0.00036549544893205166, -0.014269131235778332, 0.9994992017745972, -0.02824573405086994, -0.0000375509298464749, 0.028248246759176254, 0.9996010065078735),
            ["RightUpperLeg"] = CFrame.new(2.384185791015625e-07, 0, 3.1122908694669604e-07, 0.9997441172599792, -0.014655742794275284, 0.01723554916679859, 0.014264590106904507, 0.9996427297592163, 0.022602789103984833, -0.01756063476204872, -0.02235124446451664, 0.9995959997177124),
            ["RightUpperArm"] = CFrame.new(-5.960464477539063e-08, -2.384185791015625e-07, -5.960464477539063e-08, 1, 0, -3.247623681090772e-08, -9.313225746154785e-10, 1, 4.656612873077393e-10, 2.7128407964482903e-08, 0, 1)
        }},
        [9] = {Time = 0.276, Data = {
            ["CameraPart"] = CFrame.new(0, 1.8164715766906738, -3.0671846866607666, -1, 2.9377111854245186e-09, -1.5924291574265226e-07, -5.0667559037265164e-08, 0.9420202970504761, 0.3355562090873718, 1.5099580252808664e-07, 0.3355562090873718, -0.9420202970504761),
            ["LeftLowerArm"] = CFrame.new(5.960464477539063e-08, -1.7881393432617188e-07, -1.8440186977386475e-07, 1, -6.984920419839113e-10, -1.4242687029764056e-09, 4.656612873077393e-10, 1, 2.3283064365386963e-10, 2.8358044801279902e-08, 4.656613428188905e-10, 1),
            ["LeftFoot"] = CFrame.new(3.028389983228408e-09, 1.7881393432617188e-07, 5.21540641784668e-08, 1, -0.000008419156984018628, 1.4901161193847656e-07, 0.000008416363016294781, 0.9994435906410217, -0.033355992287397385, 1.788139627478813e-07, 0.033355917781591415, 0.999443531036377),
            ["RightHand"] = CFrame.new(2.421438694000244e-08, 1.1920928955078125e-07, 1.6298145055770874e-08, 1, 2.3283067140944524e-10, 2.8381691663526e-08, -6.984919309616089e-10, 1, 2.3283064365386963e-10, -3.124659997411072e-08, -4.656613428188905e-10, 1),
            ["HumanoidRootPart"] = CFrame.new(0, 0, 0, 1, 0, 0, 0, 1, 0, 0, 0, 1),
            ["RightLowerLeg"] = CFrame.new(-2.8870999813079834e-08, -0.0000034570693969726562, -0.000013219359971117228, 1, 1.0710212272613262e-08, -5.864423258117313e-08, -2.8405342078485774e-08, 0.999984085559845, 0.005647819954901934, -9.167707704094141e-10, -0.005647885613143444, 0.9999841451644897),
            ["LeftUpperLeg"] = CFrame.new(2.9802322387695312e-08, 0, 1.1175870895385742e-07, 1, 0.000008364208042621613, 1.1920928955078125e-07, -0.000008364457244169898, 0.9996134638786316, 0.027800923213362694, 1.1920927533992653e-07, -0.02780092880129814, 0.9996135234832764),
            ["LeftLowerLeg"] = CFrame.new(-4.52500898973085e-08, 0.000004172325134277344, 0.000013340264558792114, 1, 5.587844498222694e-08, -4.060894909230228e-08, -5.294168659020215e-08, 0.9999845623970032, 0.005557658616453409, 4.401229602990497e-09, -0.005557560827583075, 0.9999845623970032),
            ["LowerTorso"] = CFrame.new(0.3257526159286499, 0, 0.5727798938751221, 0.43541279435157776, 0, 0.9002310037612915, 0, 1, 0, -0.9002310037612915, 0, 0.43541279435157776),
            ["Head"] = CFrame.new(-5.21540641784668e-08, 0, 6.51925802230835e-09, 1, -4.656612873077393e-10, -1.4260874703353466e-09, 4.656612873077393e-10, 1, -2.3283061589829401e-10, 2.8358044801279902e-08, 0, 1),
            ["UpperTorso"] = CFrame.new(0, 0, 5.960464477539063e-08, 0.9887462258338928, 0.011285360902547836, -0.1491767168045044, -0.011020560748875141, 0.9999359846115112, 0.002601616084575653, 0.1491965502500534, -0.000928327557630837, 0.988807201385498),
            ["LeftUpperArm"] = CFrame.new(-1.1920928955078125e-07, 0, 2.8870999813079834e-08, 1, -4.656612873077393e-10, -1.4260874703353466e-09, 4.656612873077393e-10, 1, -2.3283061589829401e-10, 2.8358044801279902e-08, 0, 1),
            ["RightLowerArm"] = CFrame.new(-2.384185791015625e-07, -5.364418029785156e-07, -4.6566128730773926e-08, 1, -6.984920419839113e-10, -1.4242687029764056e-09, 4.656612873077393e-10, 1, 2.3283064365386963e-10, 2.8358044801279902e-08, 4.656613428188905e-10, 1),
            ["LeftHand"] = CFrame.new(-5.960464477539063e-08, 1.7881393432617188e-07, 9.592622518539429e-08, 1, -6.984920974950626e-10, -3.148307214928536e-08, 0, 1, 2.351589856175451e-08, -6.104711047782985e-08, 0, 1),
            ["RightFoot"] = CFrame.new(-2.6775524020195007e-09, 4.172325134277344e-07, -5.604670150205493e-08, 0.9999821186065674, -0.005981781519949436, 0.00019586077542044222, 0.005984986200928688, 0.9993605613708496, -0.035253241658210754, 0.000015169383914326318, 0.03525400534272194, 0.9993784427642822),
            ["RightUpperLeg"] = CFrame.new(1.1920928955078125e-07, 0, 3.55576048605144e-08, 0.9989148378372192, 0.004605060443282127, 0.04634787514805794, -0.005981773138046265, 0.9995436668395996, 0.029609037563204765, -0.04619038477540016, -0.029854275286197662, 0.9984864592552185),
            ["RightUpperArm"] = CFrame.new(0, 1.1920928955078125e-07, 1.1175870895385742e-08, 1, -4.656612873077393e-10, -1.4260874703353466e-09, 4.656612873077393e-10, 1, -2.3283061589829401e-10, 2.8358044801279902e-08, 0, 1)
        }},
        [10] = {Time = 0.310, Data = {
            ["CameraPart"] = CFrame.new(0, 1.8164715766906738, -3.0671846866607666, -1, 2.9377111854245186e-09, -1.5924291574265226e-07, -5.0667559037265164e-08, 0.9420202970504761, 0.3355562090873718, 1.5099580252808664e-07, 0.3355562090873718, -0.9420202970504761),
            ["LeftLowerArm"] = CFrame.new(-2.086162567138672e-07, -5.960464477539063e-08, 1.1734664440155029e-07, 1, -4.94765117764473e-10, 1.3028513379254036e-08, -2.9103830456733704e-11, 1, 1.1641533570472262e-10, -1.675016392255202e-08, 0, 1),
            ["LeftFoot"] = CFrame.new(-1.0558869689702988e-07, 5.960464477539063e-08, 3.5390257835388184e-08, 0.9999707341194153, 0.007648579776287079, -0.0002395697229076177, -0.007652300875633955, 0.9993957877159119, -0.03390783071517944, -0.000019941478967666626, 0.03390856459736824, 0.9994249939918518),
            ["RightHand"] = CFrame.new(-9.499490261077881e-08, -5.960464477539063e-08, -5.2852556109428406e-08, 1, -4.94765117764473e-10, 1.3028513379254036e-08, -2.9103830456733704e-11, 1, 1.1641533570472262e-10, -1.675016392255202e-08, 0, 1),
            ["HumanoidRootPart"] = CFrame.new(0, 0, 0, 1, 0, 0, 0, 1, 0, 0, 0, 1),
            ["RightLowerLeg"] = CFrame.new(0, -0.0000036954879760742188, -0.000013199685781728476, 1, -2.939487320219314e-09, -3.903550815920198e-09, 4.121829988434911e-09, 0.999984085559845, 0.0056476229801774025, -1.6916601452976465e-09, -0.00564762344583869, 0.999984085559845),
