return {
    ["Living Large"] = {
        {Time = 0.000, Data = {
            ["LeftFoot"] = CFrame.new(3.67872416973114e-08, -1.1920928955078125e-07, -3.725290298461914e-09, 0.9966437816619873, -0.06810066103935242, -0.04542755335569382, 0.03576412796974182, 0.8613917231559753, -0.5066806674003601, 0.07363619655370712, 0.5033554434776306, 0.8609362244606018),
            ["LeftLowerArm"] = CFrame.new(2.9802322387695312e-08, 5.960464477539062e-07, 1.1920928955078125e-07, 1, -3.725291630729544e-09, 1.415610029198433e-07, 1.098960922263359e-07, -0.47588104009628296, -0.879509687423706, 8.381905303167514e-08, 0.8795097470283508, -0.4758809804916382),
            ["LowerTorso"] = CFrame.new(-0.013090102933347225, -0.32032227516174316, 0.16446702182292938, 0.981279730796814, 0.1304900050163269, -0.14164215326309204, -0.09231337159872055, 0.9641669392585754, 0.24871766567230225, 0.1690218299627304, -0.23098614811897278, 0.9581633806228638),
            ["Head"] = CFrame.new(1.6763806343078613e-08, -2.384185791015625e-07, -1.3969838619232178e-09, 0.837703287601471, -0.025356145575642586, -0.5455367565155029, -0.08976047486066818, 0.9789444208145142, -0.18333299458026886, 0.5386987924575806, 0.2025464028120041, 0.8177889585494995),
            ["RightUpperArm"] = CFrame.new(-1.1920928955078125e-07, -1.1920928955078125e-07, -1.0523945093154907e-07, 0.8398194909095764, -0.31081777811050415, -0.44507938623428345, -0.1476650983095169, 0.6581630706787109, -0.7382522821426392, 0.5223968029022217, 0.6857212781906128, 0.5068411827087402),
            ["UpperTorso"] = CFrame.new(-2.8870999813079834e-08, 1.1920928955078125e-07, 3.725290298461914e-09, 0.9631701111793518, -0.16948553919792175, -0.2087535709142685, 0.17485974729061127, 0.9845654368400574, 0.0074255988001823425, 0.20427305996418, -0.043654754757881165, 0.9779400825500488),
            ["HumanoidRootPart"] = CFrame.new(0, 0, 0, 1, 0, 0, 0, 1, 0, 0, 0, 1),
            ["RightHand"] = CFrame.new(-5.960464477539063e-08, 5.960464477539063e-08, 5.885958671569824e-07, 0.15042850375175476, -0.10388291627168655, -0.9831478595733643, 0.34342390298843384, 0.9380252361297607, -0.046568650752305984, 0.9270551800727844, -0.3306311070919037, 0.1767815202474594),
            ["LeftUpperArm"] = CFrame.new(1.1920928955078125e-07, -3.5762786865234375e-07, -2.9802322387695312e-08, 0.7491987347602844, 0.4101892411708832, 0.5200442671775818, -0.33486106991767883, 0.9119943380355835, -0.23692724108695984, -0.5714623928070068, 0.003363036084920168, 0.8206214308738708),
            ["RightLowerArm"] = CFrame.new(1.1920928955078125e-07, 5.364418029785156e-07, -3.725290298461914e-08, 1, -1.1175869119028903e-08, 5.2154071283894154e-08, 5.215405707303944e-08, 0.31553882360458374, -0.9489127397537231, 5.215405707303944e-08, 0.9489127397537231, 0.31553879380226135),
            ["LeftHand"] = CFrame.new(6.556510925292969e-07, 1.7881393432617188e-07, 2.384185791015625e-07, 0.09816921502351761, 0.6849554181098938, 0.7219410538673401, -0.3674186170101166, 0.6991382241249084, -0.6133594512939453, -0.9248602390289307, -0.20504124462604523, 0.3202988803386688),
            ["RightUpperLeg"] = CFrame.new(0, 6.332993507385254e-08, 2.0656443666666746e-08, 0.9713246822357178, -0.23619024455547333, 0.02725205011665821, 0.13227558135986328, 0.4415877163410187, -0.8874140381813049, 0.19756434857845306, 0.8655717372894287, 0.4601669907569885),
            ["LeftUpperLeg"] = CFrame.new(1.7881393432617188e-07, 2.7939677238464355e-08, 1.4901161193847656e-08, 0.9644659161567688, 0.13382945954799652, 0.22780507802963257, 0.08425898104906082, 0.6614003777503967, -0.7452853322029114, -0.2504114806652069, 0.7379968166351318, 0.6266217231750488),
            ["RightLowerLeg"] = CFrame.new(-1.6391277313232422e-07, -0.000060439109802246094, -0.00007177719817264006, 1, -1.7136335372924805e-07, -1.7136336794010276e-07, 1.341104507446289e-07, -0.30824941396713257, 0.951305627822876, -2.086162567138672e-07, -0.951305627822876, -0.3082493841648102),
            ["RightFoot"] = CFrame.new(5.587935447692871e-08, 3.5762786865234375e-07, 5.3849362302571535e-08, 0.9906936287879944, 0.0782051682472229, -0.1114005297422409, -0.12716910243034363, 0.8235848546028137, -0.5527536273002625, 0.0485195554792881, 0.5617757439613342, 0.8258652687072754),
            ["LeftLowerLeg"] = CFrame.new(5.587935447692871e-08, 0.00006026029586791992, 0.00007218308746814728, 1, 5.960463766996327e-08, 4.0978189730367376e-08, -5.587935447692871e-08, 0.4136960506439209, 0.9104150533676147, 6.332993507385254e-08, -0.9104150533676147, 0.41369596123695374),
        }},
        {Time = 0.008, Data = {
            ["LeftFoot"] = CFrame.new(3.306195139884949e-08, 0, -1.1175870895385742e-08, 0.9968830943107605, -0.0643848106265068, -0.04559473320841789, 0.03210827708244324, 0.8589931726455688, -0.5109792947769165, 0.07206480950117111, 0.5079225897789001, 0.8583829998970032),
            ["LeftLowerArm"] = CFrame.new(0, 3.5762786865234375e-07, 1.043081283569336e-07, 1, 7.450583261459087e-09, 1.7136333951839333e-07, 7.078052277620372e-08, -0.4867912828922272, -0.8735182881355286, 1.0430814256778831e-07, 0.8735182881355286, -0.4867912530899048),
            ["LowerTorso"] = CFrame.new(-0.01991998963057995, -0.323894739151001, 0.1648198813199997, 0.9807334542274475, 0.13123291730880737, -0.14470617473125458, -0.0917644053697586, 0.9634206295013428, 0.25179362297058105, 0.1724565178155899, -0.23366354405879974, 0.9569013118743896),
            ["Head"] = CFrame.new(4.6566128730773926e-08, -1.1920928955078125e-07, 5.587935447692871e-09, 0.8393844366073608, -0.02256760559976101, -0.5430694222450256, -0.0917430892586708, 0.9789198637008667, -0.18248048424720764, 0.5357396006584167, 0.20299430191516876, 0.8196196556091309),
            ["RightUpperArm"] = CFrame.new(-2.384185791015625e-07, -1.1920928955078125e-07, -1.2479722499847412e-07, 0.8358727097511292, -0.3157119154930115, -0.449046790599823, -0.14610368013381958, 0.6605824828147888, -0.73639976978302, 0.529122531414032, 0.6811438202857971, 0.5060360431671143),
            ["UpperTorso"] = CFrame.new(-5.029141902923584e-08, 1.1920928955078125e-07, 3.259629011154175e-09, 0.9621990323066711, -0.17386072874069214, -0.20963193476200104, 0.17904263734817505, 0.9838239550590515, 0.005849805194884539, 0.2052239030599594, -0.04316176474094391, 0.9777629375457764),
            ["HumanoidRootPart"] = CFrame.new(0, 0, 0, 1, 0, 0, 0, 1, 0, 0, 0, 1),
            ["RightHand"] = CFrame.new(-2.384185791015625e-07, 3.5762786865234375e-07, 3.91155481338501e-07, 0.153101846575737, -0.10257163643836975, -0.9828728437423706, 0.34434524178504944, 0.9378008246421814, -0.04422963410615921, 0.9262754917144775, -0.3316757082939148, 0.17889899015426636),
            ["LeftUpperArm"] = CFrame.new(2.384185791015625e-07, -4.76837158203125e-07, -2.9802322387695312e-08, 0.738196849822998, 0.40687233209609985, 0.5380709171295166, -0.3240396976470947, 0.9134553074836731, -0.2461657077074051, -0.591661810874939, 0.007362409494817257, 0.8061527013778687),
            ["RightLowerArm"] = CFrame.new(-2.9802322387695312e-08, 2.980232238769531e-07, 8.195638656616211e-08, 1, -9.313223614526578e-08, 8.195638656616211e-08, 9.685754776000977e-08, 0.2991598844528198, -0.9542030692100525, 7.450580596923828e-08, 0.9542030096054077, 0.29915985465049744),
            ["LeftHand"] = CFrame.new(5.513429641723633e-07, 1.7881393432617188e-07, 0, 0.1004379391670227, 0.6699734330177307, 0.7355595231056213, -0.3701910376548767, 0.7113834023475647, -0.597404956817627, -0.9235101342201233, -0.21229541301727295, 0.3194677531719208),
            ["RightUpperLeg"] = CFrame.new(-2.9802322387695312e-08, 8.568167686462402e-08, 4.300818545743823e-08, 0.971356213092804, -0.23604010045528412, 0.02742559276521206, 0.12984175980091095, 0.43054813146591187, -0.8931794166564941, 0.19901809096336365, 0.8711563348770142, 0.4488633871078491),
            ["LeftUpperLeg"] = CFrame.new(1.7881393432617188e-07, 8.009374141693115e-08, 3.725290298461914e-08, 0.9639741778373718, 0.13310402631759644, 0.23029805719852448, 0.0884883925318718, 0.6560131907463074, -0.7495442032814026, -0.25084593892097473, 0.742919921875, 0.6206016540527344),
            ["RightLowerLeg"] = CFrame.new(-9.685754776000977e-08, -0.000060498714447021484, -0.00007175484643084928, 1, -1.4901161193847656e-07, -1.862645149230957e-07, 1.4901159772762185e-07, -0.3431532680988312, 0.9392794966697693, -1.8626448650138627e-07, -0.9392794370651245, -0.3431532084941864),
            ["RightFoot"] = CFrame.new(3.725290298461914e-09, 2.980232238769531e-07, 9.85528458841145e-08, 0.991064727306366, 0.07213569432497025, -0.11219264566898346, -0.1228194534778595, 0.8215996026992798, -0.5566779375076294, 0.05202111601829529, 0.5654826164245605, 0.8231175541877747),
            ["LeftLowerLeg"] = CFrame.new(-3.725290298461914e-09, 0.000060498714447021484, 0.00007205083966255188, 1, 7.264314660915261e-08, 3.725289587919178e-08, -6.705522537231445e-08, 0.40549156069755554, 0.914098858833313, 6.332993507385254e-08, -0.914098858833313, 0.40549156069755554),
        }},
        {Time = 0.017, Data = {
            ["LeftFoot"] = CFrame.new(-9.313225746154785e-09, 5.960464477539063e-08, -3.725290298461914e-09, 0.9973896145820618, -0.05571269243955612, -0.045935146510601044, 0.023662202060222626, 0.8532053828239441, -0.5210381746292114, 0.06822051852941513, 0.5185911059379578, 0.8522964715957642),
            ["LeftLowerArm"] = CFrame.new(1.1920928955078125e-07, 3.5762786865234375e-07, 8.940696716308594e-08, 1, 7.450583261459087e-09, 1.4901158351676713e-07, 7.078052277620372e-08, -0.5122625231742859, -0.8588289618492126, 8.940698137394065e-08, 0.8588289618492126, -0.5122624635696411),
            ["LowerTorso"] = CFrame.new(-0.0355982631444931, -0.3322770595550537, 0.1655941903591156, 0.9795529842376709, 0.13216571509838104, -0.15168456733226776, -0.08968120813369751, 0.9617471098899841, 0.2588431239128113, 0.18009237945079803, -0.23994730412960052, 0.9539350271224976),
            ["Head"] = CFrame.new(-1.1175870895385742e-08, -1.1920928955078125e-07, 1.0989606380462646e-07, 0.8431341648101807, -0.01588813029229641, -0.5374684929847717, -0.09652956575155258, 0.9788519144058228, -0.18036310374736786, 0.5289678573608398, 0.2039521038532257, 0.8237698674201965),
            ["RightUpperArm"] = CFrame.new(-5.960464477539063e-08, 3.5762786865234375e-07, 1.1920928955078125e-07, 0.82585209608078, -0.32576245069503784, -0.46026867628097534, -0.14464685320854187, 0.6665458083152771, -0.7312960624694824, 0.5450189709663391, 0.6705188751220703, 0.503347635269165),
            ["UpperTorso"] = CFrame.new(1.862645149230957e-09, -1.7881393432617188e-07, -5.564652383327484e-08, 0.9600365161895752, -0.1832052767276764, -0.2115791290998459, 0.18793295323848724, 0.9821792244911194, 0.0022784844040870667, 0.20739126205444336, -0.04195011779665947, 0.9773582816123962),
            ["HumanoidRootPart"] = CFrame.new(0, 0, 0, 1, 0, 0, 0, 1, 0, 0, 0, 1),
            ["RightHand"] = CFrame.new(-3.2782554626464844e-07, 2.980232238769531e-07, 4.6938657760620117e-07, 0.1597030758857727, -0.09913704544305801, -0.9821745157241821, 0.346797913312912, 0.9371615648269653, -0.03820391744375229, 0.9242436289787292, -0.3345146179199219, 0.18404801189899445),
            ["LeftUpperArm"] = CFrame.new(0, -1.1920928955078125e-07, 1.7881393432617188e-07, 0.7115843296051025, 0.3996860682964325, 0.5778397917747498, -0.2985233962535858, 0.9164943695068359, -0.2663116157054901, -0.636027991771698, 0.017004597932100296, 0.7714785933494568),
            ["RightLowerArm"] = CFrame.new(0, 3.5762786865234375e-07, 2.086162567138672e-07, 1, -7.450579886381092e-08, 2.980232594040899e-08, 5.2154071283894154e-08, 0.26001134514808655, -0.965605616569519, 2.980232594040899e-08, 0.965605616569519, 0.2600112557411194),
            ["LeftHand"] = CFrame.new(3.5762786865234375e-07, 2.384185791015625e-07, 5.960464477539062e-07, 0.10549428313970566, 0.6348528861999512, 0.7653968334197998, -0.37763628363609314, 0.7376083731651306, -0.5597547888755798, -0.9199249148368835, -0.22999067604541779, 0.3175566792488098),
            ["RightUpperLeg"] = CFrame.new(5.960464477539063e-08, -3.725290298461914e-09, 4.300818545743823e-08, 0.9713207483291626, -0.23633794486522675, 0.026083683595061302, 0.1236419603228569, 0.4083365499973297, -0.9044192433357239, 0.2030976563692093, 0.8817061185836792, 0.4258469343185425),
            ["LeftUpperLeg"] = CFrame.new(1.4901161193847656e-07, -1.043081283569336e-07, 4.470348358154297e-08, 0.9628601670265198, 0.13213591277599335, 0.23545798659324646, 0.09753342717885971, 0.6429595351219177, -0.7596645355224609, -0.25176891684532166, 0.75441575050354, 0.606192409992218),
            ["RightLowerLeg"] = CFrame.new(-2.384185791015625e-07, -0.000060498714447021484, -0.00007179954991443083, 1, -1.4528635006172408e-07, -2.0861632776814076e-07, 1.341104507446289e-07, -0.41827458143234253, 0.9083206057548523, -1.9371509552001953e-07, -0.9083207249641418, -0.4182746410369873),
            ["RightFoot"] = CFrame.new(0, 2.980232238769531e-07, 4.639878170564771e-08, 0.9917218089103699, 0.05901510640978813, -0.11403989046812057, -0.11360418796539307, 0.8172129988670349, -0.5650289058685303, 0.059849463403224945, 0.5733064413070679, 0.8171519041061401),
            ["LeftLowerLeg"] = CFrame.new(-1.4901161193847656e-08, 0.000060498714447021484, 0.00007215514779090881, 1, 7.473862950746479e-08, 5.4016709327697754e-08, -5.21540641784668e-08, 0.3857647478580475, 0.9225972294807434, 6.332993507385254e-08, -0.9225972294807434, 0.3857647478580475),
        }},
        {Time = 0.025, Data = {
            ["LeftFoot"] = CFrame.new(2.0954757928848267e-08, -5.960464477539063e-08, -3.725290298461914e-09, 0.9978778958320618, -0.045846473425626755, -0.04623838886618614, 0.014190221205353737, 0.8461573123931885, -0.5327441692352295, 0.06354942172765732, 0.5309575796127319, 0.8450123071670532),
            ["LeftLowerArm"] = CFrame.new(1.7881393432617188e-07, 5.960464477539062e-07, 1.564621925354004e-07, 1, -2.235175244891252e-08, 1.7881393432617188e-07, 1.1175873737556685e-07, -0.5415226817131042, -0.8406861424446106, 1.1734667282325972e-07, 0.8406861424446106, -0.5415226817131042),
            ["LowerTorso"] = CFrame.new(-0.052907880395650864, -0.3419668674468994, 0.16636361181735992, 0.9784598350524902, 0.13132113218307495, -0.15928371250629425, -0.08544609695672989, 0.960013210773468, 0.26659640669822693, 0.18792423605918884, -0.24724367260932922, 0.950555145740509),
            ["Head"] = CFrame.new(-4.470348358154297e-08, -2.384185791015625e-07, 7.450580596923828e-08, 0.8470609188079834, -0.007834233343601227, -0.5314381122589111, -0.10237032175064087, 0.9787642955780029, -0.17759688198566437, 0.5215439796447754, 0.20483902096748352, 0.8282710909843445),
            ["RightUpperArm"] = CFrame.new(-1.1920928955078125e-07, -1.1920928955078125e-07, -1.862645149230957e-09, 0.8125860691070557, -0.334052175283432, -0.47761183977127075, -0.14808523654937744, 0.674233615398407, -0.7235192060470581, 0.5637149810791016, 0.6586489081382751, 0.4984045624732971),
            ["UpperTorso"] = CFrame.new(-9.313225746154785e-09, -8.940696716308594e-08, -4.712273948825896e-08, 0.9579018354415894, -0.1918652504682541, -0.21356919407844543, 0.19606269896030426, 0.9805901646614075, -0.0015562365297228098, 0.20972242951393127, -0.0403822623193264, 0.9769268035888672),
            ["HumanoidRootPart"] = CFrame.new(0, 0, 0, 1, 0, 0, 0, 1, 0, 0, 0, 1),
            ["RightHand"] = CFrame.new(-2.086162567138672e-07, -5.960464477539063e-08, 3.948807716369629e-07, 0.16809050738811493, -0.09437190741300583, -0.9812439680099487, 0.3503837287425995, 0.9361253380775452, -0.030010882765054703, 0.9213994145393372, -0.33876726031303406, 0.19042004644870758),
            ["LeftUpperArm"] = CFrame.new(0, -4.76837158203125e-07, 8.940696716308594e-08, 0.6804497838020325, 0.393192321062088, 0.6183751821517944, -0.26980581879615784, 0.91900634765625, -0.28745800256729126, -0.6813170313835144, 0.028759580105543137, 0.7314233183860779),
            ["RightLowerArm"] = CFrame.new(-1.1920928955078125e-07, 8.344650268554688e-07, 3.948807716369629e-07, 1, -5.21540641784668e-08, 6.705523958316917e-08, 8.195639367158947e-08, 0.2132616937160492, -0.9769951701164246, 1.0430814256778831e-07, 0.9769951105117798, 0.213261678814888),
            ["LeftHand"] = CFrame.new(5.364418029785156e-07, 4.76837158203125e-07, -2.9802322387695312e-08, 0.11075371503829956, 0.5953099131584167, 0.795826256275177, -0.38853317499160767, 0.7629616856575012, -0.5166547298431396, -0.9147543907165527, -0.2519834041595459, 0.31579819321632385),
            ["RightUpperLeg"] = CFrame.new(5.960464477539063e-08, -1.0803341865539551e-07, 3.55576048605144e-08, 0.9709677696228027, -0.23826956748962402, 0.021195756271481514, 0.11551374197006226, 0.38944104313850403, -0.9137791395187378, 0.2094712108373642, 0.8896985054016113, 0.40565797686576843),
            ["LeftUpperLeg"] = CFrame.new(8.940696716308594e-08, -8.568167686462402e-08, 7.450580596923828e-08, 0.9617204070091248, 0.13268958032131195, 0.23976558446884155, 0.10591742396354675, 0.6269640922546387, -0.7718145251274109, -0.2527361810207367, 0.7676650881767273, 0.5889099836349487),
            ["RightLowerLeg"] = CFrame.new(-3.725290298461914e-08, -0.000060677528381347656, -0.00007185915455920622, 1, -1.508742428768528e-07, -2.011657045386528e-07, 1.5273688802608376e-07, -0.492745041847229, 0.8701738119125366, -2.3841855067985307e-07, -0.8701736927032471, -0.4927451014518738),
            ["RightFoot"] = CFrame.new(7.450580596923828e-09, 2.980232238769531e-07, 1.20904587674886e-07, 0.9922280311584473, 0.04667040705680847, -0.11534936726093292, -0.10480764508247375, 0.8131433725357056, -0.5725501775741577, 0.06707432121038437, 0.5801895260810852, 0.811714768409729),
            ["LeftLowerLeg"] = CFrame.new(-6.332993507385254e-08, 0.000060439109802246094, 0.00007215701043605804, 1, 7.357446918376809e-08, 5.029141192380848e-08, -6.332993507385254e-08, 0.3617284297943115, 0.9322834610939026, 5.960464477539063e-08, -0.9322834610939026, 0.3617284893989563),
        }},
        {Time = 0.033, Data = {
            ["LeftFoot"] = CFrame.new(-8.847564458847046e-09, -5.960464477539063e-08, -3.3527612686157227e-08, 0.9982088804244995, -0.037756551057100296, -0.0464065782725811, 0.006495556328445673, 0.8395086526870728, -0.5433075428009033, 0.05947209894657135, 0.5420329570770264, 0.8382501602172852),
            ["LeftLowerArm"] = CFrame.new(5.960464477539063e-08, 4.172325134277344e-07, 7.82310962677002e-08, 1, 2.980233659855003e-08, 1.341104365337742e-07, 1.1175872316471214e-07, -0.5664873123168945, -0.8240705132484436, 1.0803343286625022e-07, 0.8240705728530884, -0.566487193107605),
            ["LowerTorso"] = CFrame.new(-0.06642874330282211, -0.35039544105529785, 0.16681697964668274, 0.9780330657958984, 0.12734772264957428, -0.1650274693965912, -0.07886648923158646, 0.958901047706604, 0.27255979180336, 0.1929549127817154, -0.25355732440948486, 0.9478803277015686),
            ["Head"] = CFrame.new(-3.725290298461914e-08, -1.1920928955078125e-07, 5.587935447692871e-08, 0.8498437404632568, -0.00040771072963252664, -0.5270344614982605, -0.10781228542327881, 0.9787184000015259, -0.17460466921329498, 0.515889585018158, 0.20520766079425812, 0.8317139148712158),
            ["RightUpperArm"] = CFrame.new(-1.1920928955078125e-07, 0, -1.30385160446167e-07, 0.7985450625419617, -0.33578160405158997, -0.4995763897895813, -0.1592937558889389, 0.6824771761894226, -0.7133376002311707, 0.5804751515388489, 0.6492116451263428, 0.4915008544921875),
            ["UpperTorso"] = CFrame.new(-6.51925802230835e-09, -8.940696716308594e-08, 5.494803190231323e-08, 0.956835925579071, -0.19570784270763397, -0.21485725045204163, 0.1994488388299942, 0.9798985719680786, -0.004347462207078934, 0.2113892138004303, -0.03869321942329407, 0.9766358137130737),
            ["HumanoidRootPart"] = CFrame.new(0, 0, 0, 1, 0, 0, 0, 1, 0, 0, 0, 1),
            ["RightHand"] = CFrame.new(-2.5331974029541016e-07, 3.5762786865234375e-07, 3.725290298461914e-07, 0.17654448747634888, -0.0891149714589119, -0.9802502989768982, 0.35536032915115356, 0.9344946146011353, -0.020954541862010956, 0.9179058074951172, -0.3446425199508667, 0.19664756953716278),
            ["LeftUpperArm"] = CFrame.new(5.960464477539063e-08, -3.5762786865234375e-07, 2.9802322387695312e-08, 0.6556960940361023, 0.3917202949523926, 0.6454593539237976, -0.24816137552261353, 0.9192012548446655, -0.3057531714439392, -0.7130768299102783, 0.04030315577983856, 0.699926495552063),
            ["RightLowerArm"] = CFrame.new(0, 2.384185791015625e-07, 5.960464477539063e-08, 1, -1.2665984172599565e-07, 5.960464477539063e-08, 1.043081283569336e-07, 0.17050804197788239, -0.985356330871582, 1.1920928955078125e-07, 0.9853562712669373, 0.17050808668136597),
            ["LeftHand"] = CFrame.new(6.258487701416016e-07, 3.5762786865234375e-07, 2.086162567138672e-07, 0.11413970589637756, 0.5645352602005005, 0.8174789547920227, -0.4019944965839386, 0.778728187084198, -0.48164671659469604, -0.9085001945495605, -0.27364665269851685, 0.3158237636089325),
            ["RightUpperLeg"] = CFrame.new(5.960464477539063e-08, -3.725290298461914e-08, 8.77116690389812e-08, 0.9699968695640564, -0.2427586019039154, 0.013204061426222324, 0.10732682049274445, 0.37885093688964844, -0.9192132949829102, 0.21814458072185516, 0.8930511474609375, 0.3935386538505554),
            ["LeftUpperLeg"] = CFrame.new(1.7881393432617188e-07, -4.6566128730773926e-08, 8.940696716308594e-08, 0.96107017993927, 0.13586227595806122, 0.24059417843818665, 0.10963386297225952, 0.6117685437202454, -0.783402681350708, -0.25362280011177063, 0.7792822122573853, 0.5730574131011963),
            ["RightLowerLeg"] = CFrame.new(-7.450580596923828e-08, -0.00006085634231567383, -0.00007202306733233854, 1, -1.0989604959377175e-07, -2.2351744632942427e-07, 1.0058281674218961e-07, -0.543845534324646, 0.839185357093811, -2.3841852225814364e-07, -0.8391852974891663, -0.5438456535339355),
            ["RightFoot"] = CFrame.new(-5.21540641784668e-08, 4.172325134277344e-07, 4.639878170564771e-08, 0.992717981338501, 0.03868285194039345, -0.11408185213804245, -0.09761805087327957, 0.8132256865501404, -0.5737032294273376, 0.07058170437812805, 0.5806614756584167, 0.8110795617103577),
            ["LeftLowerLeg"] = CFrame.new(5.587935447692871e-08, 0.000060498714447021484, 0.00007215701043605804, 1, 8.102504267526456e-08, 4.0978189730367376e-08, -6.332993507385254e-08, 0.33857423067092896, 0.940939724445343, 5.774199962615967e-08, -0.940939724445343, 0.3385743200778961),
        }},
        {Time = 0.042, Data = {
            ["LeftFoot"] = CFrame.new(1.0663643479347229e-07, 5.960464477539063e-08, 2.60770320892334e-08, 0.9984497427940369, -0.03055504895746708, -0.046525634825229645, -0.0003045753401238471, 0.8328498005867004, -0.5534991025924683, 0.05566100403666496, 0.5526551008224487, 0.8315492868423462),
            ["LeftLowerArm"] = CFrame.new(3.5762786865234375e-07, 1.1920928955078125e-07, 2.039596438407898e-07, 1, -4.47035120032524e-08, 1.9371512394172896e-07, 1.0803344707710494e-07, -0.5873669981956482, -0.8093206882476807, 1.2316743891460646e-07, 0.8093207478523254, -0.587367057800293),
            ["LowerTorso"] = CFrame.new(-0.0779285803437233, -0.3587329387664795, 0.16710400581359863, 0.9779914617538452, 0.12162641435861588, -0.16952809691429138, -0.07109935581684113, 0.9581609964370728, 0.27725866436958313, 0.19615718722343445, -0.2591032385826111, 0.9457208514213562),
            ["Head"] = CFrame.new(-4.470348358154297e-08, 0, 1.2665987014770508e-07, 0.8519060611724854, 0.006309629417955875, -0.5236566066741943, -0.11265263706445694, 0.9787265658378601, -0.17147503793239594, 0.5114348530769348, 0.20507210493087769, 0.83449387550354),
            ["RightUpperArm"] = CFrame.new(-5.960464477539063e-08, 2.384185791015625e-07, 5.21540641784668e-08, 0.7835695147514343, -0.3339734971523285, -0.5239088535308838, -0.17418918013572693, 0.6913350820541382, -0.7012231945991516, 0.5963865518569946, 0.640716552734375, 0.4835345149040222),
            ["UpperTorso"] = CFrame.new(-3.725290298461914e-09, 2.9802322387695312e-08, -3.3527612686157227e-08, 0.9564658403396606, -0.19654983282089233, -0.21573421359062195, 0.19987905025482178, 0.9797990918159485, -0.006498105823993683, 0.21265338361263275, -0.03690556809306145, 0.9764305353164673),
            ["HumanoidRootPart"] = CFrame.new(0, 0, 0, 1, 0, 0, 0, 1, 0, 0, 0, 1),
            ["RightHand"] = CFrame.new(-1.043081283569336e-07, -1.1920928955078125e-07, 1.862645149230957e-08, 0.18518464267253876, -0.08384118229150772, -0.9791207313537598, 0.3636823892593384, 0.9314585328102112, -0.010975697077810764, 0.9129303693771362, -0.35405588150024414, 0.20298334956169128),
            ["LeftUpperArm"] = CFrame.new(5.960464477539063e-08, -2.384185791015625e-07, 5.960464477539063e-08, 0.6337699294090271, 0.39445191621780396, 0.6653896570205688, -0.22957991063594818, 0.9173686504364014, -0.3251582980155945, -0.7386668920516968, 0.05331555753946304, 0.6719589233398438),
            ["RightLowerArm"] = CFrame.new(0, 2.384185791015625e-07, 6.332993507385254e-07, 1, -1.043081283569336e-07, 5.960465188081798e-08, 9.685754776000977e-08, 0.1274501085281372, -0.9918450117111206, 1.7136335372924805e-07, 0.9918450117111206, 0.12745006382465363),
            ["LeftHand"] = CFrame.new(3.8743019104003906e-07, 2.384185791015625e-07, 3.5762786865234375e-07, 0.11612727493047714, 0.5369090437889099, 0.8356094360351562, -0.4170171618461609, 0.7899131178855896, -0.4495936334133148, -0.9014495015144348, -0.29625335335731506, 0.31563034653663635),
            ["RightUpperLeg"] = CFrame.new(1.1920928955078125e-07, -8.195638656616211e-08, -9.145878721028566e-09, 0.9680782556533813, -0.2506106197834015, 0.004351786337792873, 0.10027467459440231, 0.371319979429245, -0.9230745434761047, 0.22971637547016144, 0.8940446972846985, 0.3845966160297394),
            ["LeftUpperLeg"] = CFrame.new(8.940696716308594e-08, -4.470348358154297e-08, 7.450580596923828e-09, 0.9607489705085754, 0.14029407501220703, 0.2393305003643036, 0.11085280030965805, 0.5966929793357849, -0.7947761416435242, -0.2543092370033264, 0.7901108264923096, 0.5577201843261719),
            ["RightLowerLeg"] = CFrame.new(-2.9802322387695312e-08, -0.000060558319091796875, -0.00007177719817264006, 1, -1.0244549741855735e-07, -2.458692449636146e-07, 1.0430809993522416e-07, -0.5830367207527161, 0.8124458193778992, -2.309679416612198e-07, -0.812445878982544, -0.5830367803573608),
            ["RightFoot"] = CFrame.new(-1.043081283569336e-07, 3.5762786865234375e-07, -2.8107024263590574e-08, 0.9933856129646301, 0.03184443712234497, -0.11032259464263916, -0.08923071622848511, 0.8187828063964844, -0.5671271681785583, 0.07227012515068054, 0.5732197761535645, 0.8162082433700562),
            ["LeftLowerLeg"] = CFrame.new(7.450580596923828e-09, 0.000060558319091796875, 0.00007216259837150574, 1, 6.70552182668871e-08, 5.401669511684304e-08, -5.960464477539063e-08, 0.3149634003639221, 0.949103832244873, 4.6566128730773926e-08, -0.9491038918495178, 0.31496337056159973),
        }},
        {Time = 0.050, Data = {
            ["LeftFoot"] = CFrame.new(7.869675755500793e-08, -5.960464477539063e-08, 1.4901161193847656e-08, 0.998651921749115, -0.022798368707299232, -0.04663367196917534, -0.007508187089115381, 0.8254966735839844, -0.5643570423126221, 0.05136233568191528, 0.5639464259147644, 0.8242126703262329),
            ["LeftLowerArm"] = CFrame.new(1.4901161193847656e-07, 3.5762786865234375e-07, 1.4156103134155273e-07, 1, -1.4901170075631853e-08, 1.4901162614933128e-07, 1.6018749704471702e-07, -0.6057617664337158, -0.7956460118293762, 1.373700939666378e-07, 0.795646071434021, -0.6057618856430054),
            ["LowerTorso"] = CFrame.new(-0.09001090377569199, -0.36848974227905273, 0.16742560267448425, 0.9779306650161743, 0.11579916626214981, -0.17390291392803192, -0.06329237669706345, 0.9574359655380249, 0.28162112832069397, 0.19911238551139832, -0.2643992006778717, 0.9436351656913757),
            ["Head"] = CFrame.new(-2.9802322387695312e-08, 1.1920928955078125e-07, 1.4901161193847656e-08, 0.8539104461669922, 0.01259889081120491, -0.5202675461769104, -0.11698132753372192, 0.9787701964378357, -0.1682983785867691, 0.5071020126342773, 0.20457351207733154, 0.8372558355331421),
            ["RightUpperArm"] = CFrame.new(1.1920928955078125e-07, 1.1920928955078125e-07, -8.195638656616211e-08, 0.7672291398048401, -0.3323594331741333, -0.548540472984314, -0.18826508522033691, 0.7008811235427856, -0.6879839301109314, 0.6131196618080139, 0.6311123967170715, 0.4751647710800171),
            ["UpperTorso"] = CFrame.new(-2.7939677238464355e-09, 2.9802322387695312e-08, -6.007030606269836e-08, 0.9562076330184937, -0.1968565583229065, -0.2165975719690323, 0.1997666209936142, 0.9798057675361633, -0.008600561879575253, 0.21391668915748596, -0.035045042634010315, 0.9762230515480042),
            ["HumanoidRootPart"] = CFrame.new(0, 0, 0, 1, 0, 0, 0, 1, 0, 0, 0, 1),
            ["RightHand"] = CFrame.new(-1.1920928955078125e-07, -4.172325134277344e-07, 1.1548399925231934e-07, 0.19431211054325104, -0.07893554121255875, -0.9777587056159973, 0.376882404088974, 0.926261305809021, 0.00012020762369502336, 0.9056503176689148, -0.36852309107780457, 0.20973309874534607),
            ["LeftUpperArm"] = CFrame.new(5.960464477539063e-08, -1.1920928955078125e-07, -2.9802322387695312e-08, 0.6084941029548645, 0.3995799422264099, 0.685617208480835, -0.20795193314552307, 0.914076566696167, -0.3481667935848236, -0.7658270001411438, 0.06928209960460663, 0.6393035054206848),
            ["RightLowerArm"] = CFrame.new(0, 3.5762786865234375e-07, 4.172325134277344e-07, 1, -1.1920926112907182e-07, 5.960463766996327e-08, 7.450581307466564e-08, 0.07840388268232346, -0.9969216585159302, 1.266598843585598e-07, 0.9969216585159302, 0.07840380817651749),
            ["LeftHand"] = CFrame.new(3.5762786865234375e-07, 5.960464477539063e-08, 3.2782554626464844e-07, 0.11761830747127533, 0.5045598745346069, 0.8553274273872375, -0.43284353613853455, 0.8012319803237915, -0.4131276607513428, -0.8937631249427795, -0.3216312825679779, 0.3126349449157715),
            ["RightUpperLeg"] = CFrame.new(5.960464477539063e-08, 1.1920928955078125e-07, 3.55576048605144e-08, 0.9649631381034851, -0.26235437393188477, -0.004032930824905634, 0.09529969096183777, 0.3647589385509491, -0.9262121319770813, 0.24446691572666168, 0.8933762311935425, 0.37698113918304443),
            ["LeftUpperLeg"] = CFrame.new(1.4901161193847656e-07, 7.450580596923828e-08, 3.725290298461914e-08, 0.9604553580284119, 0.1445338875055313, 0.23798221349716187, 0.11245392262935638, 0.5805434584617615, -0.8064263463020325, -0.2547149658203125, 0.8012985587120056, 0.5413326025009155),
            ["RightLowerLeg"] = CFrame.new(-5.960464477539063e-08, -0.00006073713302612305, -0.00007153877959353849, 1, -1.0617077350616455e-07, -2.6077037773575285e-07, 1.1920926112907182e-07, -0.6206853985786438, 0.7840597033500671, -2.607702640489151e-07, -0.7840597033500671, -0.6206855177879333),
            ["RightFoot"] = CFrame.new(2.2351741790771484e-08, 3.5762786865234375e-07, 4.639878170564771e-08, 0.9942871332168579, 0.02764839492738247, -0.10309629887342453, -0.08045052736997604, 0.828891396522522, -0.5535948872566223, 0.07014943659305573, 0.5587260723114014, 0.8263800144195557),
            ["LeftLowerLeg"] = CFrame.new(-1.4901161193847656e-08, 0.00006073713302612305, 0.00007214955985546112, 1, 6.705522537231445e-08, 5.494803190231323e-08, -6.33299421792799e-08, 0.2890186607837677, 0.9573234915733337, 6.33299421792799e-08, -0.9573234915733337, 0.28901857137680054),
        }},
        {Time = 0.058, Data = {
            ["LeftFoot"] = CFrame.new(1.5832483768463135e-08, -1.1920928955078125e-07, -4.0978193283081055e-08, 0.9988015294075012, -0.014904782176017761, -0.04662109911441803, -0.014659260399639606, 0.8176896572113037, -0.5754726529121399, 0.04669882729649544, 0.5754664540290833, 0.8164911270141602),
            ["LeftLowerArm"] = CFrame.new(3.2782554626464844e-07, 1.1920928955078125e-07, 1.6391277313232422e-07, 1, -1.4901168299275014e-08, 2.2351741790771484e-07, 1.4528635006172408e-07, -0.6220499277114868, -0.7829776406288147, 1.4714899521095504e-07, 0.7829776406288147, -0.6220499277114868),
            ["LowerTorso"] = CFrame.new(-0.10189752280712128, -0.3790566921234131, 0.16774871945381165, 0.9778093695640564, 0.1098683774471283, -0.17837534844875336, -0.0554492324590683, 0.9568097591400146, 0.28537774085998535, 0.20202526450157166, -0.26915425062179565, 0.9416697025299072),
            ["Head"] = CFrame.new(-1.4901161193847656e-08, 2.384185791015625e-07, 1.341104507446289e-07, 0.8559775352478027, 0.018403999507427216, -0.516685426235199, -0.12082822620868683, 0.9788124561309814, -0.16530798375606537, 0.5026958584785461, 0.20393021404743195, 0.8400651812553406),
            ["RightUpperArm"] = CFrame.new(-5.960464477539063e-08, 2.384185791015625e-07, 7.450580596923828e-08, 0.7504230737686157, -0.33057108521461487, -0.572352945804596, -0.20121045410633087, 0.710589587688446, -0.6742230653762817, 0.6295867562294006, 0.6211161613464355, 0.4667285084724426),
            ["UpperTorso"] = CFrame.new(-1.3969838619232178e-08, 5.960464477539063e-08, 7.35744833946228e-08, 0.9561736583709717, -0.1961895376443863, -0.2173515111207962, 0.19871139526367188, 0.980002760887146, -0.01041482761502266, 0.21504829823970795, -0.03323184326291084, 0.976037859916687),
            ["HumanoidRootPart"] = CFrame.new(0, 0, 0, 1, 0, 0, 0, 1, 0, 0, 0, 1),
            ["RightHand"] = CFrame.new(-1.043081283569336e-07, -1.1920928955078125e-07, 2.3469328880310059e-07, 0.2030838280916214, -0.074868343770504, -0.976294994354248, 0.3941181004047394, 0.9189877510070801, 0.011508747935295105, 0.8963414430618286, -0.3871128261089325, 0.2161383032798767),
            ["LeftUpperArm"] = CFrame.new(1.1920928955078125e-07, 0, 5.960464477539063e-08, 0.5829753875732422, 0.40768077969551086, 0.702805757522583, -0.18639995157718658, 0.9090402126312256, -0.3726941645145416, -0.790818989276886, 0.08626865595579147, 0.6059398055076599),
            ["RightLowerArm"] = CFrame.new(-1.1920928955078125e-07, 4.76837158203125e-07, 6.258487701416016e-07, 1, -5.960463056453591e-08, 4.470348358154297e-08, 7.450581307466564e-08, 0.027152949944138527, -0.9996313452720642, 1.266598843585598e-07, 0.9996312856674194, 0.027153000235557556),
            ["LeftHand"] = CFrame.new(5.960464477539062e-07, 4.76837158203125e-07, 1.1920928955078125e-07, 0.11837267130613327, 0.4722440242767334, 0.873483419418335, -0.45051664113998413, 0.8094598054885864, -0.3765771687030792, -0.8848856687545776, -0.3489421010017395, 0.30857154726982117),
            ["RightUpperLeg"] = CFrame.new(5.960464477539063e-08, 1.1175870895385742e-07, 1.1751399142667651e-07, 0.9609135985374451, -0.27663901448249817, -0.01077104452997446, 0.09301035106182098, 0.35922953486442566, -0.928602933883667, 0.26075711846351624, 0.8913052082061768, 0.37091875076293945),
            ["LeftUpperLeg"] = CFrame.new(1.1920928955078125e-07, 8.009374141693115e-08, 1.043081283569336e-07, 0.9600722193717957, 0.14899027347564697, 0.23677702248096466, 0.11408840119838715, 0.5642747282981873, -0.8176661133766174, -0.255431592464447, 0.8120319843292236, 0.5247464776039124),
            ["RightLowerLeg"] = CFrame.new(-2.2351741790771484e-07, -0.00006073713302612305, -0.00007186660513980314, 1, -4.842879164357328e-08, -2.2724279347130505e-07, 1.4901158351676713e-07, -0.6544687747955322, 0.7560889720916748, -2.3841852225814364e-07, -0.7560890913009644, -0.6544688940048218),
            ["RightFoot"] = CFrame.new(2.9802322387695312e-08, 2.980232238769531e-07, -9.480572771281004e-09, 0.9953643083572388, 0.024506572633981705, -0.09300253540277481, -0.07108896225690842, 0.8387783765792847, -0.5398127436637878, 0.06477917730808258, 0.5439212322235107, 0.8366317749023438),
            ["LeftLowerLeg"] = CFrame.new(-3.725290298461914e-09, 0.000060439109802246094, 0.00007228553295135498, 1, 7.543710722757169e-08, 4.9360089349193004e-08, -6.332993507385254e-08, 0.26197877526283264, 0.9650737047195435, 6.05359673500061e-08, -0.9650736451148987, 0.2619788646697998),
        }},
        {Time = 0.067, Data = {
            ["LeftFoot"] = CFrame.new(6.728805601596832e-08, 2.384185791015625e-07, 1.1175870895385742e-08, 0.9988879561424255, -0.007063929457217455, -0.04661603271961212, -0.021657513454556465, 0.8094841837882996, -0.586742103099823, 0.04187959060072899, 0.5870991945266724, 0.8084310293197632),
            ["LeftLowerArm"] = CFrame.new(1.1920928955078125e-07, 1.7881393432617188e-07, 2.5331974029541016e-07, 1, 1.4901166522918174e-08, 1.639127589214695e-07, 1.3411046495548362e-07, -0.6381147503852844, -0.7699412107467651, 1.2479723920932884e-07, 0.7699413299560547, -0.6381147503852844),
            ["LowerTorso"] = CFrame.new(-0.11360515654087067, -0.3902139663696289, 0.16805970668792725, 0.9775377511978149, 0.10403194278478622, -0.18329575657844543, -0.0476607009768486, 0.9562731981277466, 0.288565456867218, 0.20530085265636444, -0.2733476161956787, 0.939751386642456),
            ["Head"] = CFrame.new(-5.960464477539063e-08, 0, -9.685754776000977e-08, 0.8582823872566223, 0.023799985647201538, -0.512625515460968, -0.1242842897772789, 0.9788261651992798, -0.16264308989048004, 0.4979003667831421, 0.20330515503883362, 0.8430671691894531),
            ["RightUpperArm"] = CFrame.new(-1.1920928955078125e-07, 3.5762786865234375e-07, -1.3783574104309082e-07, 0.7334784865379333, -0.3291475772857666, -0.5947026610374451, -0.21219098567962646, 0.7203263640403748, -0.6603825688362122, 0.6457432508468628, 0.6105669140815735, 0.45850151777267456),
            ["UpperTorso"] = CFrame.new(-1.6763806343078613e-08, 8.940696716308594e-08, -5.494803190231323e-08, 0.9563016891479492, -0.19482213258743286, -0.21801719069480896, 0.19699829816818237, 0.980331301689148, -0.011927623301744461, 0.2160528600215912, -0.031542617827653885, 0.9758720397949219),
            ["HumanoidRootPart"] = CFrame.new(0, 0, 0, 1, 0, 0, 0, 1, 0, 0, 0, 1),
            ["RightHand"] = CFrame.new(-1.2665987014770508e-07, 1.1920928955078125e-07, 1.3317912817001343e-07, 0.2107512354850769, -0.07185142487287521, -0.9748955368995667, 0.41446903347969055, 0.9097840785980225, 0.02254640869796276, 0.8853244781494141, -0.40881580114364624, 0.22151827812194824),
            ["LeftUpperArm"] = CFrame.new(5.960464477539063e-08, 0, -2.9802322387695312e-08, 0.5590042471885681, 0.41820579767227173, 0.7159736156463623, -0.16647158563137054, 0.9025118350982666, -0.3971897065639496, -0.8122817277908325, 0.10284148156642914, 0.5741273164749146),
            ["RightLowerArm"] = CFrame.new(-1.1920928955078125e-07, 2.384185791015625e-07, 1.7136335372924805e-07, 1, -1.0430811414607888e-07, 7.450580596923828e-08, 7.450580596923828e-09, -0.02414127066731453, -0.9997085928916931, 1.1920928955078125e-07, 0.9997085928916931, -0.02414128929376602),
            ["LeftHand"] = CFrame.new(4.470348358154297e-07, 2.384185791015625e-07, 1.1920928955078125e-07, 0.11875007301568985, 0.44273242354393005, 0.8887554407119751, -0.4715031385421753, 0.8128756284713745, -0.3419337272644043, -0.8738325238227844, -0.37844595313072205, 0.30527862906455994),
            ["RightUpperLeg"] = CFrame.new(0, 1.7881393432617188e-07, 3.55576048605144e-08, 0.9561647176742554, -0.2924664318561554, -0.014575280249118805, 0.09406933933496475, 0.35391607880592346, -0.9305345416069031, 0.2773086130619049, 0.888373076915741, 0.36591416597366333),
