return {
    ["Llama Bell"] = {
        {Time = 0.000, Data = {
            ["LeftLowerArm"] = CFrame.new(-2.980232238769531e-07, 7.152557373046875e-07, -1.4901161193847656e-07, 1, -9.313225746154785e-08, 6.705522537231445e-08, 9.685753354915505e-08, 0.4211426377296448, -0.9069944620132446, 7.450579886381092e-08, 0.9069944024085999, 0.4211426377296448),
            ["LeftFoot"] = CFrame.new(7.450580596923828e-09, 0, 1.6298145055770874e-09, 0.9666132926940918, -0.2562260329723358, 0.0026326330844312906, 0.24700839817523956, 0.93447345495224, 0.25641071796417236, -0.06815928220748901, -0.24719974398612976, 0.966564416885376),
            ["RightHand"] = CFrame.new(0, 5.960464477539063e-08, 5.960464477539063e-08, 0.8654954433441162, -0.30947792530059814, -0.3938796818256378, 0.24218207597732544, 0.9468346834182739, -0.2117827832698822, 0.43848085403442383, 0.08790644258260727, 0.8944310545921326),
            ["HumanoidRootPart"] = CFrame.new(0, 0, 0, 1, 0, 0, 0, 1, 0, 0, 0, 1),
            ["RightLowerLeg"] = CFrame.new(8.940696716308594e-08, 1.1920928955078125e-07, -5.123947630636394e-07, 1, -0.0000022798781174060423, -0.0000013224781696408172, 0.000002317130338269635, 0.4941343069076538, 0.8693854808807373, -0.0000013262032325656037, -0.8693856596946716, 0.49413466453552246),
            ["RightFoot"] = CFrame.new(1.862645149230957e-08, 5.364418029785156e-07, -4.300818545743823e-08, 0.9892444014549255, 0.14625291526317596, -0.002391193760558963, -0.13934823870658875, 0.9373194575309753, -0.3193965554237366, -0.044471375644207, 0.3162948191165924, 0.9476182460784912),
            ["LeftLowerLeg"] = CFrame.new(-5.587935447692871e-08, 1.7881393432617188e-07, 3.7532299757003784e-07, 1, -1.0244545656235005e-08, 3.725290298461914e-09, 1.0244542991699745e-08, 0.9999998807907104, 0.0005805548280477524, -1.6763799237651256e-08, -0.0005805118707939982, 0.9999998807907104),
            ["RightUpperArm"] = CFrame.new(2.384185791015625e-07, -0.09842908382415771, -4.470348358154297e-08, 0.5399850606918335, 0.5313279032707214, 0.652768611907959, 0.17751246690750122, 0.6862218976020813, -0.7053998708724976, -0.8227426409721375, 0.4967799186706543, 0.27623215317726135),
            ["drumstick"] = CFrame.new(-0.041878074407577515, -0.34114840626716614, -0.042383283376693726, -0.20708781480789185, -0.45471376180648804, 0.8662274479866028, -0.6012403964996338, 0.7576335668563843, 0.2539711594581604, -0.7717671990394592, -0.46821650862693787, -0.43028903007507324),
            ["UpperTorso"] = CFrame.new(-7.82310962677002e-08, 2.384185791015625e-07, 3.725290298461914e-09, 0.9808018803596497, -0.19049392640590668, -0.0417121946811676, 0.19477781653404236, 0.9673480987548828, 0.16217097640037537, 0.009457654319703579, -0.16718223690986633, 0.9858807325363159),
            ["LeftUpperArm"] = CFrame.new(1.7881393432617188e-07, -0.09842956066131592, 2.2351741790771484e-08, 0.8960555195808411, -0.09184707701206207, -0.4343370497226715, -0.14834897220134735, 0.8601745963096619, -0.4879469573497772, 0.4184221923351288, 0.501660943031311, 0.7571388483047485),
            ["RightLowerArm"] = CFrame.new(-3.5762786865234375e-07, -4.76837158203125e-07, 1.6391277313232422e-07, 1, -1.303851746570217e-07, 1.0058282384761696e-07, 8.009376273321323e-08, 0.07707738131284714, -0.9970251321792603, 6.332994928470725e-08, 0.997025191783905, 0.07707729935646057),
            ["LeftHand"] = CFrame.new(-4.470348358154297e-07, 0, -1.4994293451309204e-07, 0.9832296967506409, 0.1823491007089615, 0.0028931587003171444, -0.17652642726898193, 0.9555789232254028, -0.23602430522441864, -0.04580344259738922, 0.23155535757541656, 0.9717428684234619),
            ["Head"] = CFrame.new(2.9802322387695312e-08, 0, -2.9802322387695312e-08, 0.982731282711029, -0.1654723435640335, -0.08281493932008743, 0.13561071455478668, 0.948560893535614, -0.28608042001724243, 0.12589327991008759, 0.2699096202850342, 0.9546202421188354),
            ["lukastatue"] = CFrame.new(-2.384185791015625e-07, -2.980232238769531e-07, -2.682209014892578e-07, 0.9991726279258728, -0.016517307609319687, 0.03716623783111572, 0.03701526299118996, 0.7479637861251831, -0.662706732749939, -0.016853198409080505, 0.6635339856147766, 0.7479561567306519),
            ["LowerTorso"] = CFrame.new(0.11804446578025818, -0.09430432319641113, -0.07348259538412094, 0.8306785821914673, 0.2577953636646271, -0.49347206950187683, -0.3657943606376648, 0.9209017157554626, -0.13466493785381317, 0.419723242521286, 0.29237255454063416, 0.859273374080658),
            ["RightUpperLeg"] = CFrame.new(0, -1.564621925354004e-07, -9.110226528719068e-08, 0.821037232875824, -0.5568994283676147, 0.12554293870925903, 0.5241015553474426, 0.6481359601020813, -0.5524827837944031, 0.22630855441093445, 0.5194061398506165, 0.824015736579895),
            ["LeftUpperLeg"] = CFrame.new(5.960464477539063e-08, -2.60770320892334e-07, -2.9802322387695312e-08, 0.9442865252494812, -0.13903196156024933, 0.29831743240356445, 0.060098420828580856, 0.9639952778816223, 0.25903910398483276, -0.3235912322998047, -0.22667866945266724, 0.9186433553695679),
        }},
        {Time = 0.033, Data = {
            ["LeftLowerArm"] = CFrame.new(-5.066394805908203e-07, 4.76837158203125e-07, 5.960464477539063e-08, 1, -5.122273449842396e-08, 5.215405707303944e-08, 8.195640788244418e-08, 0.4166364371776581, -0.9090731739997864, 2.980232949312267e-08, 0.9090731739997864, 0.41663646697998047),
            ["LeftFoot"] = CFrame.new(-1.862645149230957e-08, 0, 5.709080141969025e-08, 0.9719011783599854, -0.23537471890449524, 0.0026213079690933228, 0.23135149478912354, 0.957224428653717, 0.1737755388021469, -0.0434115007519722, -0.16828614473342896, 0.984781801700592),
            ["RightHand"] = CFrame.new(5.960464477539063e-08, -1.7881393432617188e-07, -1.7881393432617188e-07, 0.8630661368370056, -0.3403416574001312, -0.37320828437805176, 0.16989672183990479, 0.8914545774459839, -0.4200523793697357, 0.47565963864326477, 0.2991260588169098, 0.8272072076797485),
            ["HumanoidRootPart"] = CFrame.new(0, 0, 0, 1, 0, 0, 0, 1, 0, 0, 0, 1),
            ["RightLowerLeg"] = CFrame.new(1.1175870895385742e-07, 0, -3.1122908694669604e-07, 1, -0.0000027269122711004457, -0.0000015869744629526394, 0.000002674757752174628, 0.525957465171814, 0.8505107164382935, -0.0000015795227454873384, -0.8505109548568726, 0.5259578824043274),
            ["RightFoot"] = CFrame.new(2.2351741790771484e-08, 3.5762786865234375e-07, 3.894820110872388e-08, 0.9901682734489441, 0.1398613005876541, -0.002385746920481324, -0.13446561992168427, 0.9469910860061646, -0.29176491498947144, -0.038547296077013016, 0.28921768069267273, 0.9564871191978455),
            ["LeftLowerLeg"] = CFrame.new(-4.0978193283081055e-08, 1.7881393432617188e-07, 3.818422555923462e-07, 1, 3.189779107515278e-08, 1.2529201676159119e-08, -3.026798367500305e-08, 0.9999998807907104, 0.0005802710657007992, -5.107722245156765e-09, -0.0005802718224003911, 0.9999998807907104),
            ["RightUpperArm"] = CFrame.new(-1.1920928955078125e-07, -0.09842920303344727, 1.601874828338623e-07, 0.5717440843582153, 0.46247056126594543, 0.6776648163795471, 0.2255261242389679, 0.7055730819702148, -0.671792209148407, -0.7888261675834656, 0.5369242429733276, 0.2991081178188324),
            ["drumstick"] = CFrame.new(-0.041877999901771545, -0.3411484956741333, -0.04238331317901611, -0.2070879340171814, -0.4547138214111328, 0.8662275075912476, -0.601240336894989, 0.7576336860656738, 0.2539711594581604, -0.771767258644104, -0.46821659803390503, -0.43028903007507324),
            ["UpperTorso"] = CFrame.new(1.1175870895385742e-08, -3.2782554626464844e-07, 5.960464477539063e-08, 0.9846547842025757, -0.17103873193264008, -0.03465301916003227, 0.17450258135795593, 0.9627280831336975, 0.20664823055267334, -0.001983387628570199, -0.20952416956424713, 0.977801501750946),
            ["LeftUpperArm"] = CFrame.new(0, -0.09842944145202637, -5.587935447692871e-08, 0.8608196973800659, -0.0987541452050209, -0.49923646450042725, -0.1688777357339859, 0.8699721097946167, -0.46328067779541016, 0.4800727367401123, 0.4831109642982483, 0.7322117686271667),
            ["RightLowerArm"] = CFrame.new(0, 0.0000010132789611816406, -1.4901161193847656e-08, 1, -9.685754776000977e-08, 8.940695295223122e-08, 1.1175868053214799e-07, 0.22286835312843323, -0.9748485684394836, 5.215404996761208e-08, 0.9748485684394836, 0.22286823391914368),
            ["LeftHand"] = CFrame.new(-3.026798367500305e-08, -1.1920928955078125e-07, -3.3748801797628403e-07, 0.9709790349006653, 0.23735371232032776, -0.02937837317585945, -0.23778364062309265, 0.944878339767456, -0.22508636116981506, -0.025666072964668274, 0.22553983330726624, 0.973895788192749),
            ["Head"] = CFrame.new(7.450580596923828e-09, 3.5762786865234375e-07, 3.725290298461914e-09, 0.9816616177558899, -0.09860341995954514, -0.1631496548652649, 0.05591475963592529, 0.9671268463134766, -0.24807080626487732, 0.18224702775478363, 0.23439913988113403, 0.9549047946929932),
            ["lukastatue"] = CFrame.new(5.960464477539063e-08, -2.086162567138672e-07, -5.960464477539063e-08, 0.9993855953216553, -0.022890867665410042, 0.026540784165263176, 0.0346670038998127, 0.7570696473121643, -0.6524137258529663, -0.0051589650101959705, 0.6529330611228943, 0.7573981881141663),
            ["LowerTorso"] = CFrame.new(0.09797332435846329, -0.11127161979675293, -0.05561453104019165, 0.8526583909988403, 0.1843785047531128, -0.48885414004325867, -0.3045288324356079, 0.935674786567688, -0.1782551258802414, 0.424542099237442, 0.3008608818054199, 0.8539595007896423),
            ["RightUpperLeg"] = CFrame.new(0, 1.2293457984924316e-07, 2.8107024263590574e-08, 0.852013349533081, -0.5188087224960327, 0.07007846981287003, 0.4747772216796875, 0.7093285322189331, -0.5209990739822388, 0.22059020400047302, 0.4771694540977478, 0.850675642490387),
            ["LeftUpperLeg"] = CFrame.new(1.7881393432617188e-07, -3.725290298461914e-09, -1.4901161193847656e-08, 0.9434139132499695, -0.08688384294509888, 0.3200336992740631, -0.005230096634477377, 0.9610495567321777, 0.2763265073299408, -0.3315765857696533, -0.26236408948898315, 0.9062130451202393),
        }},
        {Time = 0.067, Data = {
            ["LeftLowerArm"] = CFrame.new(8.940696716308594e-08, 0, -2.384185791015625e-07, 1, -1.6391278734317893e-07, 2.60770320892334e-08, 8.940698137394065e-08, 0.3881552517414093, -0.9215940237045288, 8.940698137394065e-08, 0.9215940237045288, 0.3881551921367645),
            ["LeftFoot"] = CFrame.new(-6.146728992462158e-08, -1.7881393432617188e-07, 2.60770320892334e-08, 0.9749109745025635, -0.222579687833786, 0.0026135004591196775, 0.22098729014396667, 0.9663930535316467, -0.13133616745471954, 0.026707209646701813, 0.1286187618970871, 0.9913344979286194),
            ["RightHand"] = CFrame.new(-5.960464477539063e-08, -1.1920928955078125e-07, 2.60770320892334e-08, 0.8648120164871216, -0.4210728704929352, -0.2734920382499695, 0.18186141550540924, 0.7704065442085266, -0.6110649108886719, 0.46800291538238525, 0.47871851921081543, 0.7428336143493652),
            ["HumanoidRootPart"] = CFrame.new(0, 0, 0, 1, 0, 0, 0, 1, 0, 0, 0, 1),
            ["RightLowerLeg"] = CFrame.new(-2.2351741790771484e-08, -1.1920928955078125e-07, -2.218221197836101e-07, 1, -1.2293456563838845e-07, -1.0430809993522416e-07, 1.2665984172599565e-07, 0.5855088829994202, 0.8106657266616821, -7.450579175838357e-08, -0.810666024684906, 0.5855093598365784),
            ["RightFoot"] = CFrame.new(-7.450580596923828e-09, 3.5762786865234375e-07, 1.6596459317952394e-08, 0.9916580319404602, 0.128874734044075, -0.0023763268254697323, -0.1251506507396698, 0.9582617878913879, -0.257043719291687, -0.030849477276206017, 0.2551972270011902, 0.9663969278335571),
            ["LeftLowerLeg"] = CFrame.new(2.2351741790771484e-08, 2.980232238769531e-07, 5.289912223815918e-07, 1, -6.835909971414367e-07, -1.0803344707710494e-07, 6.929040523573349e-07, 0.9475409388542175, 0.3196345567703247, -1.4528633585086936e-07, -0.31963467597961426, 0.9475409388542175),
            ["RightUpperArm"] = CFrame.new(0, -0.09842944145202637, 1.4901161193847656e-08, 0.5784125924110413, 0.39162498712539673, 0.7155898213386536, 0.2822929620742798, 0.7269281148910522, -0.626008152961731, -0.7653428316116333, 0.564096987247467, 0.3099114000797272),
            ["drumstick"] = CFrame.new(-0.0418778657913208, -0.34114837646484375, -0.04238322377204895, -0.2070879340171814, -0.45471370220184326, 0.8662275075912476, -0.601240336894989, 0.757633626461029, 0.2539711892604828, -0.7717673182487488, -0.46821653842926025, -0.43028897047042847),
            ["UpperTorso"] = CFrame.new(-4.284083843231201e-08, 1.1920928955078125e-07, 2.2351741790771484e-08, 0.9945445656776428, -0.10376718640327454, -0.010661227628588676, 0.10304742306470871, 0.9614540338516235, 0.25492626428604126, -0.016202658414840698, -0.2546341121196747, 0.9669017791748047),
            ["LeftUpperArm"] = CFrame.new(0, -0.09842884540557861, -5.21540641784668e-08, 0.8078517317771912, -0.10244715958833694, -0.5804139375686646, -0.19210851192474365, 0.8852271437644958, -0.42363590002059937, 0.5571984052658081, 0.45373743772506714, 0.6954512000083923),
            ["RightLowerArm"] = CFrame.new(3.5762786865234375e-07, -3.5762786865234375e-07, 4.023313522338867e-07, 1, -2.9802322387695312e-08, 5.77420280478691e-08, 8.940696716308594e-08, 0.3854186236858368, -0.9227418303489685, 1.043081283569336e-07, 0.9227418303489685, 0.3854185938835144),
            ["LeftHand"] = CFrame.new(2.086162567138672e-07, -5.960464477539063e-08, -2.421438694000244e-07, 0.9487272500991821, 0.30916959047317505, -0.06580910831689835, -0.31609541177749634, 0.9283382296562195, -0.19563186168670654, 0.0006096810102462769, 0.2064032256603241, 0.9784668684005737),
            ["Head"] = CFrame.new(0, -4.76837158203125e-07, -7.450580596923828e-09, 0.97477126121521, 0.007400933653116226, -0.22308360040187836, -0.034162167459726334, 0.9926216006278992, -0.11634188890457153, 0.22057656943798065, 0.1210278570652008, 0.9678317308425903),
            ["lukastatue"] = CFrame.new(1.4901161193847656e-08, -8.940696716308594e-08, 0, 0.9994848370552063, -0.031325813382864, 0.0069992076605558395, 0.02869902364909649, 0.7744626998901367, -0.6319680213928223, 0.014376187697052956, 0.6318434476852417, 0.7749629020690918),
            ["LowerTorso"] = CFrame.new(0.08572797477245331, -0.14408302307128906, -0.04607568681240082, 0.8810648918151855, 0.05231764540076256, -0.47009310126304626, -0.17887938022613525, 0.9569056034088135, -0.22876596450805664, 0.4378662109375, 0.2856476306915283, 0.8524544835090637),
            ["RightUpperLeg"] = CFrame.new(-5.960464477539063e-08, 4.936009645462036e-07, 4.300818545743823e-08, 0.9030274748802185, -0.42775481939315796, -0.039587583392858505, 0.36391499638557434, 0.8107000589370728, -0.4586191773414612, 0.2282702773809433, 0.39973902702331543, 0.8877507448196411),
            ["LeftUpperLeg"] = CFrame.new(-1.7881393432617188e-07, 5.904585123062134e-07, 4.470348358154297e-08, 0.9360817074775696, 0.09218493103981018, 0.33948954939842224, -0.1383901983499527, 0.983741283416748, 0.11446097493171692, -0.3234182894229889, -0.1541268229484558, 0.9336196780204773),
        }},
        {Time = 0.100, Data = {
            ["LeftLowerArm"] = CFrame.new(-2.682209014892578e-07, 0, 0, 1, -4.936010356004772e-08, 1.4901166522918174e-08, 5.960465898624534e-08, 0.4122917056083679, -0.9110519289970398, 1.4901164746561335e-08, 0.9110519289970398, 0.4122917652130127),
            ["LeftFoot"] = CFrame.new(5.029141902923584e-08, -5.960464477539063e-08, 1.6298145055770874e-09, 0.9734291434288025, -0.2289736568927765, 0.002617285354062915, 0.2148466408252716, 0.9092968106269836, -0.3563994765281677, 0.07922627776861191, 0.34749165177345276, 0.9343301057815552),
            ["RightHand"] = CFrame.new(-1.4901161193847656e-07, -5.960464477539063e-08, -5.21540641784668e-08, 0.8100236058235168, -0.28988930583000183, -0.5097313523292542, 0.2044091671705246, 0.9543243646621704, -0.21790337562561035, 0.5496168732643127, 0.07231316715478897, 0.8322813510894775),
            ["HumanoidRootPart"] = CFrame.new(0, 0, 0, 1, 0, 0, 0, 1, 0, 0, 0, 1),
            ["RightLowerLeg"] = CFrame.new(-4.470348358154297e-08, -2.384185791015625e-07, -2.1437153918668628e-07, 1, 0.0000020638108253479004, 0.0000010021035450336058, -0.0000020489101189014036, 0.6207312345504761, 0.7840230464935303, 0.0000010728838333307067, -0.7840234637260437, 0.620731770992279),
            ["RightFoot"] = CFrame.new(5.960464477539063e-08, 3.5762786865234375e-07, 1.6596459317952394e-08, 0.9925344586372375, 0.12194227427244186, -0.0023702143225818872, -0.11904101818799973, 0.964326024055481, -0.23644095659255981, -0.026546398177742958, 0.2349582314491272, 0.9716430306434631),
            ["LeftLowerLeg"] = CFrame.new(4.0978193283081055e-08, -2.384185791015625e-07, 3.650784492492676e-07, 1, -0.0000017415732145309448, -7.031483733044297e-07, 0.0000017248089534405153, 0.7257430553436279, 0.6879660487174988, -6.854532443867356e-07, -0.6879659295082092, 0.7257428765296936),
            ["RightUpperArm"] = CFrame.new(0, -0.09842932224273682, 2.2351741790771484e-08, 0.6007688045501709, 0.3603142201900482, 0.7136179804801941, 0.2685108482837677, 0.7498576045036316, -0.6046614646911621, -0.7529800534248352, 0.554875910282135, 0.3537427484989166),
            ["drumstick"] = CFrame.new(-0.04187782108783722, -0.34114882349967957, -0.042383015155792236, -0.2070879340171814, -0.45471376180648804, 0.8662275075912476, -0.601240336894989, 0.7576336860656738, 0.2539711594581604, -0.771767258644104, -0.46821653842926025, -0.43028900027275085),
            ["UpperTorso"] = CFrame.new(9.313225746154785e-09, -1.4901161193847656e-07, 2.421438694000244e-08, 0.9996504783630371, -0.022009922191500664, 0.014647340402007103, 0.016629371792078018, 0.9541556239128113, 0.2988489866256714, -0.02055351994931698, -0.2985009253025055, 0.9541879892349243),
            ["LeftUpperArm"] = CFrame.new(1.1920928955078125e-07, -0.09842908382415771, 0, 0.7546818256378174, -0.11397531628608704, -0.6461153030395508, -0.21840955317020416, 0.8849830627441406, -0.41122061014175415, 0.6186700463294983, 0.4514584243297577, 0.6429871916770935),
            ["RightLowerArm"] = CFrame.new(-4.470348358154297e-07, -3.5762786865234375e-07, 8.940696716308594e-08, 1, -1.043081283569336e-07, 5.5879368687783426e-08, 3.72529100900465e-08, 0.37743842601776123, -0.9260347485542297, 5.960465898624534e-08, 0.926034688949585, 0.37743842601776123),
            ["LeftHand"] = CFrame.new(3.688037395477295e-07, 0, -3.417953848838806e-07, 0.9259740114212036, 0.3578738272190094, -0.12040950357913971, -0.3765963017940521, 0.898415744304657, -0.22588595747947693, 0.02733910083770752, 0.2545102536678314, 0.9666836261749268),
            ["Head"] = CFrame.new(2.8870999813079834e-08, -4.76837158203125e-07, 9.313225746154785e-09, 0.9626277685165405, 0.126301571726799, -0.23957419395446777, -0.09947587549686432, 0.9876576662063599, 0.12098349630832672, 0.2518976628780365, -0.09263009577989578, 0.9633105993270874),
            ["lukastatue"] = CFrame.new(-1.6391277313232422e-07, 0, -2.384185791015625e-07, 0.999883770942688, 0.009113026782870293, -0.012228889390826225, -0.014785725623369217, 0.775749921798706, -0.6308672428131104, 0.0037374491803348064, 0.6309746503829956, 0.7757944464683533),
            ["LowerTorso"] = CFrame.new(0.08234933763742447, -0.19159770011901855, -0.0411168709397316, 0.8935535550117493, -0.07743190228939056, -0.44222888350486755, -0.048180315643548965, 0.9627875089645386, -0.26593053340911865, 0.4463638961315155, 0.25892993807792664, 0.8565714359283447),
            ["RightUpperLeg"] = CFrame.new(1.1920928955078125e-07, -1.1548399925231934e-07, 4.300818545743823e-08, 0.9365574717521667, -0.323505699634552, -0.13492350280284882, 0.24781927466392517, 0.8833606243133545, -0.3978184461593628, 0.24788248538970947, 0.3391430675983429, 0.907489001750946),
            ["LeftUpperLeg"] = CFrame.new(-1.7881393432617188e-07, -1.862645149230957e-09, 1.4901161193847656e-08, 0.9160681366920471, 0.2988482117652893, 0.2674114406108856, -0.27736806869506836, 0.9537695646286011, -0.11571793258190155, -0.28963103890419006, 0.031834155321121216, 0.9566088318824768),
        }},
        {Time = 0.133, Data = {
            ["LeftLowerArm"] = CFrame.new(-8.940696716308594e-08, 5.960464477539063e-08, -3.5762786865234375e-07, 1, -8.568167686462402e-08, 4.4703490686970326e-08, 5.960465898624534e-08, 0.45002153515815735, -0.8930177092552185, 7.4505820180093e-08, 0.8930177092552185, 0.45002156496047974),
            ["LeftFoot"] = CFrame.new(2.7939677238464355e-08, 0, -5.029141902923584e-08, 0.9704139232635498, -0.2414335459470749, 0.002624496817588806, 0.21422818303108215, 0.8559505939483643, -0.4705897867679596, 0.11136968433856964, 0.4572293162345886, 0.8823482990264893),
            ["RightHand"] = CFrame.new(5.960464477539063e-08, -2.384185791015625e-07, -2.0116567611694336e-07, 0.8692799806594849, 0.15426677465438843, -0.4696318209171295, 0.011031904257833958, 0.9437653422355652, 0.3304322361946106, 0.49419695138931274, -0.29241910576820374, 0.8186944127082825),
            ["HumanoidRootPart"] = CFrame.new(0, 0, 0, 1, 0, 0, 0, 1, 0, 0, 0, 1),
            ["RightLowerLeg"] = CFrame.new(-1.1175870895385742e-07, 1.1920928955078125e-07, -3.1867966754361987e-07, 1, 1.1920928955078125e-07, 3.352762334429826e-08, -1.1175870895385742e-07, 0.6329220533370972, 0.774215042591095, 1.2665987014770508e-07, -0.7742155194282532, 0.6329227089881897),
            ["RightFoot"] = CFrame.new(-7.450580596923828e-09, 3.5762786865234375e-07, 4.639878170564771e-08, 0.9925169348716736, 0.12208453565835953, -0.0023702988401055336, -0.11944445222616196, 0.9666560888290405, -0.22651509940624237, -0.025362756103277206, 0.22510357201099396, 0.9740048050880432),
            ["LeftLowerLeg"] = CFrame.new(5.587935447692871e-08, 2.384185791015625e-07, 4.3958425521850586e-07, 1, -0.0000011660154086712282, -6.519259727610915e-07, 0.000001173465989268152, 0.513560950756073, 0.8580530285835266, -6.556508651556214e-07, -0.8580532073974609, 0.5135611891746521),
            ["RightUpperArm"] = CFrame.new(1.1920928955078125e-07, -0.09842944145202637, -7.450580596923828e-08, 0.6384605765342712, 0.35307371616363525, 0.6838911175727844, 0.2226996272802353, 0.7658114433288574, -0.6032726764678955, -0.7367312908172607, 0.5374680757522583, 0.41031089425086975),
            ["drumstick"] = CFrame.new(-0.041877925395965576, -0.3411485254764557, -0.04238307476043701, -0.2070879489183426, -0.45471370220184326, 0.8662275671958923, -0.601240336894989, 0.7576336860656738, 0.2539712190628052, -0.7717673778533936, -0.46821653842926025, -0.43028897047042847),
            ["UpperTorso"] = CFrame.new(-1.3969838619232178e-09, -2.9802322387695312e-08, -6.170012056827545e-08, 0.9987191557884216, 0.036886390298604965, 0.034634869545698166, -0.04589007422327995, 0.94866544008255, 0.31293466687202454, -0.021313868463039398, -0.3141232430934906, 0.9491429328918457),
            ["LeftUpperArm"] = CFrame.new(2.384185791015625e-07, -0.09842991828918457, 1.4901161193847656e-08, 0.6929991245269775, -0.13684044778347015, -0.7078325748443604, -0.25374484062194824, 0.8727012276649475, -0.4171406924724579, 0.6748079657554626, 0.46868693828582764, 0.5700585246086121),
            ["RightLowerArm"] = CFrame.new(-2.980232238769531e-07, 1.1920928955078125e-07, -4.470348358154297e-08, 1, -1.1548399925231934e-07, 8.195639367158947e-08, 7.4505820180093e-08, 0.32743531465530396, -0.9448736310005188, 5.215407838932151e-08, 0.944873571395874, 0.3274352252483368),
            ["LeftHand"] = CFrame.new(2.5704503059387207e-07, -1.1920928955078125e-07, 1.555308699607849e-07, 0.9031554460525513, 0.3898508548736572, -0.17979580163955688, -0.42544037103652954, 0.8688669204711914, -0.25312185287475586, 0.057538896799087524, 0.30510085821151733, 0.9505802392959595),
            ["Head"] = CFrame.new(7.2177499532699585e-09, 2.384185791015625e-07, -1.7345882952213287e-08, 0.9486395120620728, 0.23686639964580536, -0.20970812439918518, -0.15320302546024323, 0.923928439617157, 0.3505500555038452, 0.2767886817455292, -0.30041754245758057, 0.9127634763717651),
            ["lukastatue"] = CFrame.new(-5.960464477539063e-08, 1.1920928955078125e-07, -1.1920928955078125e-07, 0.9971722364425659, 0.07298652827739716, -0.017906423658132553, -0.06748370081186295, 0.7647936940193176, -0.6407312750816345, -0.03307025507092476, 0.6401277780532837, 0.7675563097000122),
            ["LowerTorso"] = CFrame.new(0.07736627012491226, -0.24221539497375488, -0.03594600409269333, 0.8943307995796204, -0.1750488132238388, -0.41174080967903137, 0.0626768246293068, 0.9602268934249878, -0.2720954120159149, 0.4429945945739746, 0.21753670275211334, 0.8697319030761719),
            ["RightUpperLeg"] = CFrame.new(1.7881393432617188e-07, -2.942979335784912e-07, -7.620110409334302e-08, 0.9488993883132935, -0.23813149333000183, -0.20708304643630981, 0.14975975453853607, 0.9173991084098816, -0.36871540546417236, 0.2777804434299469, 0.3188609182834625, 0.9061818718910217),
            ["LeftUpperLeg"] = CFrame.new(-1.1920928955078125e-07, -1.6391277313232422e-07, -4.470348358154297e-08, 0.8864836692810059, 0.43611329793930054, 0.15476442873477936, -0.3869309723377228, 0.8819868564605713, -0.26904210448265076, -0.25383302569389343, 0.17861811816692352, 0.9506126642227173),
        }},
        {Time = 0.167, Data = {
            ["LeftLowerArm"] = CFrame.new(-1.4901161193847656e-07, -2.384185791015625e-07, 8.940696716308594e-08, 1, -7.759081199765205e-08, 6.891788473240013e-08, 9.685756907629184e-08, 0.48964181542396545, -0.8719237446784973, 1.4901164746561335e-08, 0.8719236850738525, 0.48964181542396545),
            ["LeftFoot"] = CFrame.new(-1.0244548320770264e-07, 5.960464477539063e-08, -1.1175870895385742e-08, 0.966992199420929, -0.25479283928871155, 0.002631672890856862, 0.21730607748031616, 0.8192415237426758, -0.5306801199913025, 0.13305748999118805, 0.5137354135513306, 0.8475680947303772),
            ["RightHand"] = CFrame.new(4.470348358154297e-07, -1.7881393432617188e-07, 1.6391277313232422e-07, 0.8672532439231873, 0.1550413966178894, -0.473111093044281, -0.003533877432346344, 0.952168345451355, 0.3055535554885864, 0.4978548586368561, -0.26332035660743713, 0.8263189792633057),
            ["HumanoidRootPart"] = CFrame.new(0, 0, 0, 1, 0, 0, 0, 1, 0, 0, 0, 1),
            ["RightLowerLeg"] = CFrame.new(-2.9802322387695312e-08, 1.7881393432617188e-07, -3.9318547351285815e-07, 1, -0.00000745058150641853, -0.000003838913471554406, 0.000007487834409403149, 0.5982457399368286, 0.8013125658035278, -0.000003807247139775427, -0.8013126850128174, 0.5982459783554077),
            ["RightFoot"] = CFrame.new(-1.1175870895385742e-08, 1.7881393432617188e-07, -4.300818545743823e-08, 0.9922924637794495, 0.12389571219682693, -0.002371804090216756, -0.12077511847019196, 0.9626608490943909, -0.24227577447891235, -0.02773340232670307, 0.24069508910179138, 0.9702045321464539),
            ["LeftLowerLeg"] = CFrame.new(-2.9802322387695312e-08, 4.172325134277344e-07, 4.172325134277344e-07, 1, -0.0000011399388313293457, -8.009374141693115e-07, 0.0000011809167972387513, 0.35167959332466125, 0.9361205101013184, -8.344647994817933e-07, -0.9361205101013184, 0.35167956352233887),
            ["RightUpperArm"] = CFrame.new(0, -0.09842932224273682, 0, 0.6858783960342407, 0.36982524394989014, 0.626737654209137, 0.16913509368896484, 0.7566421031951904, -0.6315744519233704, -0.7077882289886475, 0.5391864776611328, 0.45641398429870605),
            ["drumstick"] = CFrame.new(-0.041877999901771545, -0.3411485254764557, -0.04238325357437134, -0.20708787441253662, -0.45471376180648804, 0.8662275671958923, -0.601240336894989, 0.7576335668563843, 0.2539711892604828, -0.771767258644104, -0.46821650862693787, -0.43028903007507324),
            ["UpperTorso"] = CFrame.new(2.1420419216156006e-08, -5.960464477539063e-08, -1.4901161193847656e-08, 0.9983820915222168, 0.042042966932058334, 0.03828296437859535, -0.05159015953540802, 0.952868640422821, 0.2989644706249237, -0.023909326642751694, -0.30045583844184875, 0.9534960389137268),
            ["LeftUpperArm"] = CFrame.new(5.960464477539063e-08, -0.09842908382415771, -7.450580596923828e-08, 0.6215946674346924, -0.16988050937652588, -0.7646964192390442, -0.309510737657547, 0.8435052037239075, -0.4389785826206207, 0.7195993065834045, 0.5095484852790833, 0.4717384874820709),
            ["RightLowerArm"] = CFrame.new(1.7881393432617188e-07, -2.980232238769531e-07, -1.341104507446289e-07, 1, -1.0430811414607888e-07, 5.587936158235607e-08, 7.450580596923828e-08, 0.282532662153244, -0.9592577219009399, 1.043081283569336e-07, 0.9592576622962952, 0.2825327217578888),
            ["LeftHand"] = CFrame.new(-2.123415470123291e-07, 1.1920928955078125e-07, -2.2444874048233032e-07, 0.8835625648498535, 0.4148782789707184, -0.2172401249408722, -0.46027615666389465, 0.8548848032951355, -0.23941154778003693, 0.08638861775398254, 0.31152552366256714, 0.9463028311729431),
            ["Head"] = CFrame.new(-3.725290298461914e-08, 2.384185791015625e-07, -4.0978193283081055e-08, 0.9612897038459778, 0.20676493644714355, -0.18212725222110748, -0.10030734539031982, 0.8782302141189575, 0.467600554227829, 0.25663304328918457, -0.431230753660202, 0.8649736046791077),
            ["lukastatue"] = CFrame.new(-5.960464477539063e-08, -2.086162567138672e-07, 0, 0.9908427000045776, 0.1349053978919983, -0.00559745728969574, -0.10576377809047699, 0.7497013807296753, -0.6532702445983887, -0.08393336087465286, 0.6478798985481262, 0.757104218006134),
            ["LowerTorso"] = CFrame.new(0.0744817703962326, -0.29410648345947266, -0.02581857144832611, 0.8950375318527222, -0.22140508890151978, -0.3871532678604126, 0.13050046563148499, 0.9600946307182312, -0.24736206233501434, 0.42647093534469604, 0.17087464034557343, 0.8882142305374146),
            ["RightUpperLeg"] = CFrame.new(1.1920928955078125e-07, -5.587935447692871e-08, -7.620110409334302e-08, 0.9465956687927246, -0.20023545622825623, -0.25271037220954895, 0.08625555783510208, 0.9124845862388611, -0.39991495013237, 0.31067129969596863, 0.3567599654197693, 0.8810251951217651),
            ["LeftUpperLeg"] = CFrame.new(-5.960464477539063e-08, -2.2724270820617676e-07, 0, 0.8639336824417114, 0.501573920249939, 0.04519232362508774, -0.4478435814380646, 0.8062182664871216, -0.38658538460731506, -0.23033609986305237, 0.3137449622154236, 0.9211457371711731),
        }},
        {Time = 0.200, Data = {
            ["LeftLowerArm"] = CFrame.new(0, 0.0000010728836059570312, 1.1920928955078125e-07, 1, -8.475034718458119e-08, 6.961637666336173e-08, 7.4505820180093e-08, 0.5240958333015442, -0.85165935754776, 3.72529100900465e-08, 0.8516592979431152, 0.5240958333015442),
            ["LeftFoot"] = CFrame.new(-5.587935447692871e-09, 1.7881393432617188e-07, 2.60770320892334e-08, 0.967120349407196, -0.25430530309677124, 0.0026314728893339634, 0.21257048845291138, 0.8026353120803833, -0.5573067665100098, 0.13961397111415863, 0.5395419597625732, 0.8303025364875793),
            ["RightHand"] = CFrame.new(-1.7881393432617188e-07, -1.1920928955078125e-07, -3.650784492492676e-07, 0.8686214685440063, 0.12348947674036026, -0.47984078526496887, -0.0059098899364471436, 0.9709566831588745, 0.2391824722290039, 0.49544110894203186, -0.2049233317375183, 0.8441235423088074),
            ["HumanoidRootPart"] = CFrame.new(0, 0, 0, 1, 0, 0, 0, 1, 0, 0, 0, 1),
            ["RightLowerLeg"] = CFrame.new(0, 2.980232238769531e-07, -5.049441824667156e-07, 1, -0.000005692243576049805, -0.000003047288146262872, 0.000005729496479034424, 0.5697705745697021, 0.8218039274215698, -0.0000030472874641418457, -0.821803867816925, 0.5697704553604126),
            ["RightFoot"] = CFrame.new(-4.470348358154297e-08, 2.980232238769531e-07, -6.16346369497478e-08, 0.9912431240081787, 0.13202793896198273, -0.0023790772538632154, -0.12838779389858246, 0.9593852162361145, -0.2511903643608093, -0.03088175505399704, 0.24929624795913696, 0.967934787273407),
            ["LeftLowerLeg"] = CFrame.new(-1.4901161193847656e-08, 2.384185791015625e-07, 3.501772880554199e-07, 1, -7.599595619467436e-07, -6.109474384174973e-07, 7.748602683932404e-07, 0.2477213740348816, 0.9688314199447632, -6.332992938951065e-07, -0.9688313603401184, 0.24772101640701294),
            ["RightUpperArm"] = CFrame.new(2.384185791015625e-07, -0.09842956066131592, 2.9802322387695312e-08, 0.7318525910377502, 0.3895891308784485, 0.559117317199707, 0.10486631095409393, 0.7463087439537048, -0.657287061214447, -0.6733459830284119, 0.5396698713302612, 0.5053332448005676),
            ["drumstick"] = CFrame.new(-0.04187825322151184, -0.3411482274532318, -0.04238325357437134, -0.2070879191160202, -0.45471376180648804, 0.8662275671958923, -0.6012403964996338, 0.757633626461029, 0.2539711892604828, -0.771767258644104, -0.46821656823158264, -0.4302888810634613),
            ["UpperTorso"] = CFrame.new(-1.3969838619232178e-08, -3.8743019104003906e-07, 4.6566128730773926e-09, 0.9991949200630188, 0.025716928765177727, 0.030792271718382835, -0.03322281688451767, 0.9606553912162781, 0.2757491171360016, -0.022489363327622414, -0.2765501141548157, 0.9607363939285278),
            ["LeftUpperArm"] = CFrame.new(-1.1920928955078125e-07, -0.09842920303344727, -5.960464477539063e-08, 0.5532569289207458, -0.21585959196090698, -0.8045567274093628, -0.37022674083709717, 0.8014892935752869, -0.46962466835975647, 0.7462164163589478, 0.5576914548873901, 0.3635125458240509),
            ["RightLowerArm"] = CFrame.new(3.5762786865234375e-07, 1.1920928955078125e-07, -4.470348358154297e-08, 1, -6.705523247774181e-08, 6.053598866628818e-08, 8.940698137394065e-08, 0.22014220058918, -0.9754678606987, 5.960465188081798e-08, 0.9754678010940552, 0.2201421707868576),
            ["LeftHand"] = CFrame.new(1.3224780559539795e-07, 0, 5.203764885663986e-07, 0.8709007501602173, 0.43726325035095215, -0.22434988617897034, -0.47893333435058594, 0.857519268989563, -0.18783943355083466, 0.11024901270866394, 0.27103811502456665, 0.9562340974807739),
            ["Head"] = CFrame.new(6.332993507385254e-08, 3.5762786865234375e-07, 0, 0.9804622530937195, 0.093351811170578, -0.17314553260803223, 0.003865458071231842, 0.8709036707878113, 0.49143868684768677, 0.19666968286037445, -0.4825061559677124, 0.853527307510376),
            ["lukastatue"] = CFrame.new(-2.9802322387695312e-08, -2.9802322387695312e-08, 0, 0.9854206442832947, 0.16924317181110382, 0.017405221238732338, -0.1151999682188034, 0.7390170693397522, -0.6637641787528992, -0.12520043551921844, 0.6520817279815674, 0.7477394342422485),
            ["LowerTorso"] = CFrame.new(0.059213027358055115, -0.33009886741638184, -0.015477076172828674, 0.8998861312866211, -0.2342403531074524, -0.36788102984428406, 0.1677292436361313, 0.9645262360572815, -0.20385321974754333, 0.4025815427303314, 0.12174029648303986, 0.9072526693344116),
            ["RightUpperLeg"] = CFrame.new(-1.4901161193847656e-07, -5.513429641723633e-07, 5.790934665128589e-08, 0.9385852813720703, -0.19700130820274353, -0.283281147480011, 0.051574792712926865, 0.8918668627738953, -0.4493476152420044, 0.34117114543914795, 0.40714120864868164, 0.8472535610198975),
            ["LeftUpperLeg"] = CFrame.new(-5.960464477539063e-08, -3.7439167499542236e-07, -5.960464477539063e-08, 0.8570263385772705, 0.5140153169631958, -0.03597504273056984, -0.4651889204978943, 0.7418107986450195, -0.48302796483039856, -0.22159697115421295, 0.43070295453071594, 0.8748656511306763),
        }},
        {Time = 0.233, Data = {
            ["LeftLowerArm"] = CFrame.new(1.1920928955078125e-07, -2.384185791015625e-07, 2.421438694000244e-07, 1, -6.891786341611805e-08, 6.519258910486769e-09, 5.960465188081798e-08, 0.5440633893013, -0.8390442132949829, 6.146729703004894e-08, 0.8390440940856934, 0.5440633893013),
            ["LeftFoot"] = CFrame.new(5.029141902923584e-08, -5.960464477539063e-08, -2.421438694000244e-08, 0.9778077602386475, -0.20948781073093414, 0.002605693181976676, 0.17802001535892487, 0.8242419958114624, -0.5375258326530457, 0.11045759171247482, 0.5260608792304993, 0.8432433009147644),
            ["RightHand"] = CFrame.new(0, 2.384185791015625e-07, 7.078051567077637e-08, 0.868092954158783, 0.07941830903291702, -0.490007609128952, 0.01212801318615675, 0.9834311604499817, 0.18087615072727203, 0.4962536096572876, -0.16296008229255676, 0.8527464270591736),
            ["HumanoidRootPart"] = CFrame.new(0, 0, 0, 1, 0, 0, 0, 1, 0, 0, 0, 1),
            ["RightLowerLeg"] = CFrame.new(-2.9802322387695312e-08, 1.1920928955078125e-07, -2.516244421713054e-07, 1, 2.3283072891899792e-07, 2.0861631355728605e-07, -3.3527624054841e-07, 0.5856737494468689, 0.8105468153953552, 1.713634105726669e-07, -0.8105469346046448, 0.5856738686561584),
            ["RightFoot"] = CFrame.new(2.2351741790771484e-08, 2.384185791015625e-07, -2.8107024263590574e-08, 0.987282931804657, 0.15895529091358185, -0.002401603851467371, -0.15524834394454956, 0.9607871174812317, -0.2297522872686386, -0.034212999045848846, 0.22720348834991455, 0.9732462167739868),
            ["LeftLowerLeg"] = CFrame.new(-7.450580596923828e-09, 1.7881393432617188e-07, 3.2782554626464844e-07, 1, 0.000001881271828096942, 0.000001419335717400827, -0.0000018477439880371094, 0.26166635751724243, 0.9651584029197693, 0.0000013932585716247559, -0.9651584625244141, 0.26166635751724243),
            ["RightUpperArm"] = CFrame.new(-1.1920928955078125e-07, -0.09842967987060547, -1.4901161193847656e-08, 0.7743871808052063, 0.4081549346446991, 0.4834607243537903, 0.05242868885397911, 0.7200864553451538, -0.6919008493423462, -0.6305361390113831, 0.5611463189125061, 0.5362266302108765),
            ["drumstick"] = CFrame.new(-0.04187823832035065, -0.3411484956741333, -0.04238337278366089, -0.20708787441253662, -0.45471376180648804, 0.8662275075912476, -0.601240336894989, 0.7576336860656738, 0.2539712190628052, -0.7717671990394592, -0.46821659803390503, -0.43028900027275085),
            ["UpperTorso"] = CFrame.new(7.12461769580841e-08, 2.384185791015625e-07, 9.313225746154785e-10, 0.9998393058776855, -0.017052730545401573, 0.0055449968203902245, 0.015252931043505669, 0.9713850021362305, 0.2370200902223587, -0.009428159333765507, -0.23689740896224976, 0.9714889526367188),
            ["LeftUpperArm"] = CFrame.new(5.960464477539063e-08, -0.09843015670776367, 0, 0.5076202154159546, -0.2708263099193573, -0.8179088234901428, -0.41346997022628784, 0.7562808394432068, -0.5070326924324036, 0.7558865547180176, 0.5955605506896973, 0.27192485332489014),
            ["RightLowerArm"] = CFrame.new(-2.980232238769531e-07, 4.172325134277344e-07, -5.960464477539063e-08, 1, -5.960463766996327e-08, 6.332992086299782e-08, 6.705523958316917e-08, 0.12627708911895752, -0.9919949769973755, 4.4703494239684005e-08, 0.991995096206665, 0.1262771487236023),
            ["LeftHand"] = CFrame.new(-3.241002559661865e-07, 0, -1.5692785382270813e-07, 0.8626104593276978, 0.4630225896835327, -0.20374825596809387, -0.4910527169704437, 0.8631883859634399, -0.11735853552818298, 0.12153348326683044, 0.20128586888313293, 0.9719638228416443),
            ["Head"] = CFrame.new(6.705522537231445e-08, -3.5762786865234375e-07, -5.21540641784668e-08, 0.9920620918273926, -0.009030310437083244, -0.12542463839054108, 0.04903773218393326, 0.946234405040741, 0.3197433650493622, 0.11579374969005585, -0.32335570454597473, 0.9391660690307617),
            ["lukastatue"] = CFrame.new(2.9802322387695312e-08, -1.4901161193847656e-07, -1.7881393432617188e-07, 0.9857295155525208, 0.1638854295015335, 0.03845741227269173, -0.09800353646278381, 0.744447648525238, -0.6604493260383606, -0.13686774671077728, 0.6472553014755249, 0.749885082244873),
