return {
    ["Lock It Up"] = {
        {Time = 0.000, Data = {
            ["LeftFoot"] = CFrame.new(2.60770320892334e-08, -1.1920928955078125e-07, -2.9802322387695312e-08, 0.9820917844772339, -0.1874103844165802, -0.019316621124744415, 0.1853560209274292, 0.9794812798500061, -0.07911811769008636, 0.03374791890382767, 0.07412070780992508, 0.9966780543327332),
            ["LeftLowerArm"] = CFrame.new(0.0000013113021850585938, -5.364418029785156e-07, 0.000004947185516357422, 1, 1.3597309589385986e-07, 8.195639367158947e-08, -1.2293457984924316e-07, 0.9303446412086487, -0.36668628454208374, -4.842877388000488e-08, 0.36668631434440613, 0.9303447008132935),
            ["LowerTorso"] = CFrame.new(-0.05557417869567871, -0.1742265224456787, 0.1205483004450798, 0.9634907245635986, -0.011834151111543179, -0.26748034358024597, -0.0000012331275911492412, 0.9990225434303284, -0.04420427232980728, 0.26774197816848755, 0.04259072616696358, 0.9625489115715027),
            ["Head"] = CFrame.new(-1.862645149230957e-08, -7.152557373046875e-07, -2.0489096641540527e-08, 0.9181954860687256, 0.014706152491271496, 0.3958546221256256, 0.0035695498809218407, 0.9989629983901978, -0.04539156332612038, -0.39611154794692993, 0.0430913120508194, 0.9171907305717468),
            ["RightUpperArm"] = CFrame.new(0.000796198844909668, -0.04928863048553467, 0.033329278230667114, 0.99547278881073, -0.04045772925019264, -0.08600655943155289, 0.03999019041657448, 0.9991745352745056, -0.007153245620429516, 0.08622486889362335, 0.0036815358325839043, 0.9962688684463501),
            ["UpperTorso"] = CFrame.new(-1.0389612725703046e-08, 2.9802322387695312e-08, 1.862645149230957e-08, 0.9901727437973022, -0.027582695707678795, -0.13710293173789978, 0.05503975600004196, 0.9780998826026917, 0.20072683691978455, 0.12856389582157135, -0.20630037784576416, 0.970005989074707),
            ["HumanoidRootPart"] = CFrame.new(0, 0, 0, 1, 0, 0, 0, 1, 0, 0, 0, 1),
            ["RightHand"] = CFrame.new(3.8743019104003906e-07, 0.0000010132789611816406, -8.642673492431641e-07, 0.9684473872184753, -0.205461323261261, 0.14105047285556793, 0.22770218551158905, 0.9595296382904053, -0.16569408774375916, -0.10129852592945099, 0.19258372485637665, 0.9760380983352661),
            ["LeftUpperArm"] = CFrame.new(0.058754026889801025, -0.0030183792114257812, 0.03340640664100647, 0.8865024447441101, 0.3165246844291687, -0.33752888441085815, -0.2936142683029175, 0.9485663771629333, 0.11837488412857056, 0.357636958360672, -0.005836269352585077, 0.9338424205780029),
            ["RightLowerArm"] = CFrame.new(0, 7.748603820800781e-07, -0.0000036954879760742188, 1, -0.00001924857497215271, 0.0000025983897558035096, 0.000018926337361335754, 0.9381402134895325, -0.34625571966171265, 0.000004297122359275818, 0.34625571966171265, 0.9381401538848877),
            ["LeftHand"] = CFrame.new(-0.0000013113021850585938, -8.940696716308594e-07, 3.2782554626464844e-07, 0.9865127801895142, 0.1631985753774643, 0.01259668730199337, -0.1582481861114502, 0.9705905318260193, -0.1814158409833908, -0.041833411902189255, 0.17697572708129883, 0.9833258986473083),
            ["RightUpperLeg"] = CFrame.new(-5.960464477539063e-08, -2.3888424038887024e-07, 2.0656443666666746e-08, 0.8713964819908142, -0.3092736303806305, -0.3808120787143707, 0.3125288188457489, 0.9483135938644409, -0.055019561201334, 0.3781455457210541, -0.07107101380825043, 0.9230141043663025),
            ["LeftUpperLeg"] = CFrame.new(5.960464477539063e-08, -3.3847754821181297e-07, 1.3969838619232178e-08, 0.961807131767273, 0.2680590748786926, 0.05542070418596268, -0.20194083452224731, 0.8315514326095581, -0.5174381136894226, -0.18478919565677643, 0.4864840507507324, 0.8539241552352905),
            ["RightLowerLeg"] = CFrame.new(-2.9802322387695312e-08, -0.0007262825965881348, 0.00004607608570950106, 1, 5.587938645135182e-08, -1.0430814256778831e-07, -5.21540641784668e-08, 0.8483936190605164, 0.5293657183647156, 7.078051567077637e-08, -0.5293660163879395, 0.8483937978744507),
            ["RightFoot"] = CFrame.new(2.5331974029541016e-07, -1.1920928955078125e-07, -7.281050784513354e-08, 0.9551817774772644, 0.29442575573921204, -0.030682004988193512, -0.2772567868232727, 0.853504478931427, -0.4412015676498413, -0.10371406376361847, 0.42993441224098206, 0.8968833684921265),
            ["LeftLowerLeg"] = CFrame.new(-7.450580596923828e-09, -0.0007265210151672363, 0.00008112937211990356, 1, 5.774201383701438e-08, 1.3038519597330378e-08, -6.705522537231445e-08, 0.785432755947113, 0.6189472675323486, -1.1175870895385742e-08, -0.6189470291137695, 0.7854326367378235),
        }},
        {Time = 0.033, Data = {
            ["LeftFoot"] = CFrame.new(-5.774199962615967e-08, -1.1920928955078125e-07, -5.587935447692871e-09, 0.9844977855682373, -0.16869474947452545, -0.04802212491631508, 0.16246774792671204, 0.9802517294883728, -0.11274318397045135, 0.06609302014112473, 0.10319329053163528, 0.9924631118774414),
            ["LeftLowerArm"] = CFrame.new(0.0000013709068298339844, -5.960464477539062e-07, 0.000004649162292480469, 1, 1.6763806343078613e-07, 1.1175872316471214e-07, -1.434236907016384e-07, 0.9368635416030884, -0.34969526529312134, -8.568168397005138e-08, 0.3496952950954437, 0.9368635416030884),
            ["LowerTorso"] = CFrame.new(-0.07458861172199249, -0.17106568813323975, 0.08920929580926895, 0.9621737003326416, -0.017211396247148514, -0.2718924880027771, 0.004527099896222353, 0.9988747835159302, -0.04721047729253769, 0.27239909768104553, 0.04419379308819771, 0.9611688852310181),
            ["Head"] = CFrame.new(1.1175870895385742e-08, -5.960464477539062e-07, -7.078051567077637e-08, 0.9186418652534485, 0.020718228071928024, 0.3945479691028595, -0.001065310905687511, 0.9987504482269287, -0.04996543005108833, -0.3950900435447693, 0.045479848980903625, 0.9175158739089966),
            ["RightUpperArm"] = CFrame.new(-0.0005570054054260254, -0.04889214038848877, 0.03342336416244507, 0.9938594102859497, -0.05366260185837746, -0.0967671275138855, 0.05093558877706528, 0.9982380867004395, -0.030436323955655098, 0.0982300266623497, 0.025320490822196007, 0.9948415756225586),
            ["UpperTorso"] = CFrame.new(1.30385160446167e-08, 1.4901161193847656e-07, -1.862645149230957e-09, 0.9915233254432678, -0.019778454676270485, -0.12841473519802094, 0.04755255579948425, 0.9750140905380249, 0.2169937938451767, 0.1209142655134201, -0.22126077115535736, 0.9676897525787354),
            ["HumanoidRootPart"] = CFrame.new(0, 0, 0, 1, 0, 0, 0, 1, 0, 0, 0, 1),
            ["RightHand"] = CFrame.new(1.043081283569336e-07, 8.344650268554688e-07, -8.642673492431641e-07, 0.9687781929969788, -0.2130424976348877, 0.12681332230567932, 0.23156848549842834, 0.9602543711662292, -0.15584540367126465, -0.08857142925262451, 0.18034568428993225, 0.9796074628829956),
            ["LeftUpperArm"] = CFrame.new(0.05735701322555542, -0.0035173892974853516, 0.033446043729782104, 0.8839998841285706, 0.31315797567367554, -0.3470967411994934, -0.295628160238266, 0.9496397376060486, 0.10386732965707779, 0.3621438443660736, 0.010792854242026806, 0.9320597648620605),
            ["RightLowerArm"] = CFrame.new(1.4901161193847656e-07, -5.960464477539063e-08, -0.000003993511199951172, 1, -0.000019315632016514428, 0.0000020675361156463623, 0.000018933789760922082, 0.9472604393959045, -0.3204650580883026, 0.000004325062491261633, 0.3204651176929474, 0.9472603797912598),
            ["LeftHand"] = CFrame.new(-0.0000013709068298339844, -0.0000012516975402832031, 2.5331974029541016e-07, 0.9863592386245728, 0.15948523581027985, 0.040741194039583206, -0.14939431846141815, 0.9712706804275513, -0.1852419525384903, -0.06911428272724152, 0.1766287386417389, 0.9818481206893921),
            ["RightUpperLeg"] = CFrame.new(-2.9802322387695312e-08, 1.448206603527069e-07, -2.590968506410718e-08, 0.8806610703468323, -0.3169890344142914, -0.3520711362361908, 0.3171358108520508, 0.9465460777282715, -0.05895281210541725, 0.3519389033317566, -0.05973696708679199, 0.9341148138046265),
            ["LeftUpperLeg"] = CFrame.new(0, -5.529727786779404e-08, 2.0489096641540527e-08, 0.9573773145675659, 0.27452459931373596, 0.08980443328619003, -0.18947002291679382, 0.8315584063529968, -0.5221222639083862, -0.21801310777664185, 0.4828529953956604, 0.8481294512748718),
            ["RightLowerLeg"] = CFrame.new(5.960464477539063e-08, -0.0007261037826538086, 0.00004604628338711336, 1, 1.1920936060505483e-07, -1.6391282997574308e-07, -3.725290298461914e-08, 0.8366330862045288, 0.5477636456489563, 3.3527612686157227e-08, -0.5477637052536011, 0.8366332054138184),
            ["RightFoot"] = CFrame.new(1.4901161193847656e-07, 5.960464477539063e-08, 3.149762051180005e-08, 0.9528021812438965, 0.30356815457344055, 0.003793844487518072, -0.27578145265579224, 0.8706780076026917, -0.4072648584842682, -0.1269357055425644, 0.3869965076446533, 0.9133022427558899),
            ["LeftLowerLeg"] = CFrame.new(2.2351741790771484e-08, -0.0007266998291015625, 0.00008090585470199585, 1, 5.8673322200775146e-08, 7.450578820566989e-09, -5.960463056453591e-08, 0.7634627223014832, 0.6458520889282227, 3.725289587919178e-08, -0.6458520293235779, 0.763462483882904),
        }},
        {Time = 0.067, Data = {
            ["LeftFoot"] = CFrame.new(5.4656993597745895e-08, -1.7881393432617188e-07, 2.7939677238464355e-08, 0.9846941232681274, -0.14935661852359772, -0.08983451128005981, 0.13552403450012207, 0.9802253842353821, -0.14419302344322205, 0.10959448665380478, 0.12981130182743073, 0.9854634404182434),
            ["LeftLowerArm"] = CFrame.new(0.0000014901161193847656, -3.5762786865234375e-07, 0.00000476837158203125, 1, 1.564621925354004e-07, 1.0337680578231812e-07, -1.4342366227992898e-07, 0.951770544052124, -0.3068107068538666, -5.960463766996327e-08, 0.30681073665618896, 0.951770544052124),
            ["LowerTorso"] = CFrame.new(-0.091971255838871, -0.16304504871368408, 0.0593569353222847, 0.9599382281303406, -0.035079970955848694, -0.2780070900917053, 0.020686723291873932, 0.998297393321991, -0.054539136588573456, 0.27944692969322205, 0.04660314694046974, 0.959029495716095),
            ["Head"] = CFrame.new(1.4901161193847656e-08, -7.152557373046875e-07, -4.842877388000488e-08, 0.9213817119598389, 0.018055817112326622, 0.38823893666267395, 0.005297706462442875, 0.9982441067695618, -0.05899795889854431, -0.38862285017967224, 0.056416355073451996, 0.9196682572364807),
            ["RightUpperArm"] = CFrame.new(-0.0039293766021728516, -0.04546701908111572, 0.03514760732650757, 0.9943985342979431, -0.09680132567882538, -0.042439334094524384, 0.09156478196382523, 0.9895269274711609, -0.11159078031778336, 0.052797120064496994, 0.10707980394363403, 0.9928476214408875),
            ["UpperTorso"] = CFrame.new(-1.862645149230957e-09, -4.172325134277344e-07, -1.1175870895385742e-08, 0.994026780128479, 0.005994818173348904, -0.10897211730480194, 0.020953256636857986, 0.96943199634552, 0.24446380138397217, 0.10710649937391281, -0.24528692662715912, 0.9635158181190491),
            ["HumanoidRootPart"] = CFrame.new(0, 0, 0, 1, 0, 0, 0, 1, 0, 0, 0, 1),
            ["RightHand"] = CFrame.new(1.4901161193847656e-08, 0.0000012516975402832031, -7.748603820800781e-07, 0.9682786464691162, -0.24117887020111084, 0.0653386116027832, 0.24783113598823547, 0.9603124260902405, -0.12798449397087097, -0.03187839686870575, 0.14011767506599426, 0.989621639251709),
            ["LeftUpperArm"] = CFrame.new(0.05373048782348633, -0.005632281303405762, 0.03531515598297119, 0.8866111636161804, 0.30233240127563477, -0.3500218093395233, -0.2987966239452362, 0.9520668387413025, 0.06549433618783951, 0.35304564237594604, 0.046517398208379745, 0.9344492554664612),
            ["RightLowerArm"] = CFrame.new(5.662441253662109e-07, 3.5762786865234375e-07, -0.000003814697265625, 1, -0.000019390141460462473, 4.991889568373153e-07, 0.000018905850083683617, 0.9693115949630737, -0.24583563208580017, 0.000004271045781933935, 0.24583563208580017, 0.969311535358429),
            ["LeftHand"] = CFrame.new(-0.000001430511474609375, -0.0000011324882507324219, 2.682209014892578e-07, 0.9822767972946167, 0.14855189621448517, 0.11429964751005173, -0.12472867220640182, 0.9732407331466675, -0.1929904818534851, -0.13991066813468933, 0.17531369626522064, 0.9745206236839294),
            ["RightUpperLeg"] = CFrame.new(-5.960464477539063e-08, -2.2165477275848389e-07, 1.5068508218973875e-08, 0.9119810461997986, -0.29557791352272034, -0.2844722270965576, 0.27312642335891724, 0.954890251159668, -0.11656102538108826, 0.3060925006866455, 0.028604501858353615, 0.9515718817710876),
            ["LeftUpperLeg"] = CFrame.new(-2.9802322387695312e-08, -2.6100315153598785e-07, -1.30385160446167e-08, 0.9455435872077942, 0.29817479848861694, 0.13053371012210846, -0.1892554610967636, 0.8299046754837036, -0.5248244404792786, -0.26482000946998596, 0.4715402126312256, 0.8411422967910767),
            ["RightLowerLeg"] = CFrame.new(-1.4901161193847656e-07, -0.0007263422012329102, 0.00004601648106472567, 1, 9.685759039257391e-08, -8.940698137394065e-08, -6.658957829586143e-08, 0.7736150026321411, 0.6336559057235718, 5.5879368687783426e-08, -0.6336560249328613, 0.7736151218414307),
            ["RightFoot"] = CFrame.new(3.3527612686157227e-07, -1.1920928955078125e-07, 7.620110409334302e-08, 0.9609121084213257, 0.267940878868103, 0.06968297064304352, -0.2202392816543579, 0.8923167586326599, -0.3940374255180359, -0.16775795817375183, 0.36328840255737305, 0.9164490103721619),
            ["LeftLowerLeg"] = CFrame.new(2.0954757928848267e-09, -0.0007262825965881348, 0.00008103996515274048, 1, 4.7701188776727577e-08, 1.3969838619232178e-08, -6.15836910355938e-08, 0.7426959276199341, 0.6696288585662842, -1.909210745054679e-08, -0.669628918170929, 0.7426958680152893),
        }},
        {Time = 0.100, Data = {
            ["LeftFoot"] = CFrame.new(4.563480615615845e-08, -1.7881393432617188e-07, 3.91155481338501e-08, 0.9855645895004272, -0.1400139182806015, -0.09517700970172882, 0.12280987948179245, 0.9782196283340454, -0.16734421253204346, 0.11653447896242142, 0.15323999524116516, 0.9812937378883362),
            ["LeftLowerArm"] = CFrame.new(0.0000010132789611816406, -5.364418029785156e-07, 0.000004827976226806641, 1, 1.564621925354004e-07, 4.0046870708465576e-08, -1.3876703519599687e-07, 0.9681186676025391, -0.25049224495887756, -8.568165554834195e-08, 0.25049224495887756, 0.9681186079978943),
            ["LowerTorso"] = CFrame.new(-0.10616695880889893, -0.15198969841003418, 0.03633321076631546, 0.959597110748291, -0.06287991255521774, -0.2742617726325989, 0.047361962497234344, 0.9968988299369812, -0.06284689903259277, 0.27736300230026245, 0.047318123281002045, 0.9595993161201477),
            ["Head"] = CFrame.new(-1.1175870895385742e-08, -8.344650268554688e-07, -1.862645149230957e-08, 0.9260545372962952, 0.00601652218028903, 0.37734168767929077, 0.021049929782748222, 0.9974929690361023, -0.06756442785263062, -0.3768022656440735, 0.07051113247871399, 0.9236061573028564),
            ["RightUpperArm"] = CFrame.new(-0.008866548538208008, -0.0363461971282959, 0.03877772390842438, 0.9939665198326111, -0.10856668651103973, 0.015616036020219326, 0.10833532363176346, 0.9494860768318176, -0.29451611638069153, 0.01714734546840191, 0.2944309711456299, 0.9555189609527588),
            ["UpperTorso"] = CFrame.new(-6.984919309616089e-10, 1.7881393432617188e-07, 1.1175870895385742e-08, 0.9947046041488647, 0.04908209666609764, -0.09029855579137802, -0.022991251200437546, 0.9625977277755737, 0.2699577212333679, 0.10017134249210358, -0.26645195484161377, 0.9586287140846252),
            ["HumanoidRootPart"] = CFrame.new(0, 0, 0, 1, 0, 0, 0, 1, 0, 0, 0, 1),
            ["RightHand"] = CFrame.new(5.513429641723633e-07, 0.0000013709068298339844, -8.940696716308594e-07, 0.9527634978294373, -0.2923755347728729, -0.08220768719911575, 0.2852044999599457, 0.9543489217758179, -0.08875028789043427, 0.10440324246883392, 0.06111203879117966, 0.9926557540893555),
            ["LeftUpperArm"] = CFrame.new(0.0482630729675293, -0.011747598648071289, 0.039113789796829224, 0.9072839021682739, 0.28258591890335083, -0.31141817569732666, -0.2978071868419647, 0.9546250700950623, -0.0013876595767214894, 0.2968955338001251, 0.09400150179862976, 0.9502720236778259),
            ["RightLowerArm"] = CFrame.new(4.172325134277344e-07, 6.556510925292969e-07, -0.000003874301910400391, 1, -0.00001932680606842041, -0.0000013522803783416748, 0.000018885360987042077, 0.9887025952339172, -0.1498907208442688, 0.000004311092652642401, 0.14989081025123596, 0.9887025952339172),
            ["LeftHand"] = CFrame.new(-0.000001430511474609375, -0.0000013709068298339844, 2.2351741790771484e-07, 0.9676856994628906, 0.13007792830467224, 0.2160186618566513, -0.08706748485565186, 0.976349949836731, -0.1978890597820282, -0.23665112257003784, 0.17268632352352142, 0.9561254978179932),
            ["RightUpperLeg"] = CFrame.new(8.940696716308594e-08, 5.029141902923584e-08, 1.3205863069742918e-08, 0.9464350938796997, -0.2145860195159912, -0.24127498269081116, 0.18108581006526947, 0.971396803855896, -0.153610497713089, 0.26733627915382385, 0.10169069468975067, 0.9582223892211914),
            ["LeftUpperLeg"] = CFrame.new(-8.940696716308594e-08, -5.634501576423645e-08, -7.450580596923828e-09, 0.9414493441581726, 0.3141506016254425, 0.12240340560674667, -0.20748096704483032, 0.8259908556938171, -0.5241095423698425, -0.2657533288002014, 0.46802613139152527, 0.8428088426589966),
            ["RightLowerLeg"] = CFrame.new(-4.0978193283081055e-08, -0.0007262825965881348, 0.000046068635128904134, 1, 1.0430815677864302e-07, -1.4901164746561335e-08, -5.587936158235607e-08, 0.7490867972373962, 0.6624718308448792, 1.7508865823856468e-07, -0.6624720096588135, 0.7490869760513306),
            ["RightFoot"] = CFrame.new(2.0489096641540527e-07, 0, 4.639878170564771e-08, 0.9737780094146729, 0.19685345888137817, 0.11403963714838028, -0.13755960762500763, 0.9087405800819397, -0.39404040575027466, -0.18120069801807404, 0.36802077293395996, 0.9119907021522522),
            ["LeftLowerLeg"] = CFrame.new(1.7415732145309448e-07, -0.0007263422012329102, 0.00008090957999229431, 1, 8.31205326790041e-08, 2.561137302237171e-09, -5.541370029504833e-08, 0.7251421809196472, 0.6885988712310791, 4.726462776716289e-08, -0.688599169254303, 0.7251424789428711),
        }},
        {Time = 0.133, Data = {
            ["LeftFoot"] = CFrame.new(-1.885928213596344e-08, -1.1920928955078125e-07, -8.381903171539307e-09, 0.9870598316192627, -0.13471636176109314, -0.08697442710399628, 0.11935397982597351, 0.979452908039093, -0.1625632792711258, 0.10708741098642349, 0.1500789076089859, 0.9828574061393738),
            ["LeftLowerArm"] = CFrame.new(0.000001430511474609375, -3.5762786865234375e-07, 0.000004798173904418945, 1, 1.9371512394172896e-07, 1.2665987014770508e-07, -1.471489667892456e-07, 0.9810459613800049, -0.19377578794956207, -1.471489667892456e-07, 0.19377578794956207, 0.9810458421707153),
            ["LowerTorso"] = CFrame.new(-0.1145196408033371, -0.14100539684295654, 0.02635607123374939, 0.9648390412330627, -0.07521218806505203, -0.2518506944179535, 0.05994345620274544, 0.9958986639976501, -0.06776998937129974, 0.2559148669242859, 0.050290342420339584, 0.9653903245925903),
            ["Head"] = CFrame.new(3.725290298461914e-08, -8.344650268554688e-07, -2.421438694000244e-08, 0.9359030723571777, -0.005378681235015392, 0.3522169888019562, 0.033167120069265366, 0.9967869520187378, -0.07290926575660706, -0.3506929874420166, 0.07991800457239151, 0.9330742359161377),
            ["RightUpperArm"] = CFrame.new(-0.012442827224731445, -0.028149843215942383, 0.04377847909927368, 0.987680196762085, -0.11367522925138474, 0.10754487663507462, 0.1494431495666504, 0.8890407681465149, -0.43275102972984314, -0.0464186854660511, 0.4434913098812103, 0.895075798034668),
            ["UpperTorso"] = CFrame.new(2.7939677238464355e-09, 1.1920928955078125e-07, 1.4901161193847656e-08, 0.9939919710159302, 0.07477589696645737, -0.0799286961555481, -0.04974767938256264, 0.9591124057769775, 0.27861905097961426, 0.09749458730220795, -0.27296891808509827, 0.9570699334144592),
            ["HumanoidRootPart"] = CFrame.new(0, 0, 0, 1, 0, 0, 0, 1, 0, 0, 0, 1),
            ["RightHand"] = CFrame.new(1.5273690223693848e-07, 0.0000011324882507324219, -7.897615432739258e-07, 0.871722936630249, -0.3513239622116089, -0.34157004952430725, 0.3499450981616974, 0.9343069791793823, -0.06789082288742065, 0.3429834246635437, -0.06034879386425018, 0.9374011158943176),
            ["LeftUpperArm"] = CFrame.new(0.04442530870437622, -0.017158865928649902, 0.044083625078201294, 0.9376681447029114, 0.2652662396430969, -0.2245267629623413, -0.2892938554286957, 0.9537810683250427, -0.08130744099617004, 0.19258108735084534, 0.14119365811347961, 0.9710699915885925),
            ["RightLowerArm"] = CFrame.new(2.086162567138672e-07, 7.152557373046875e-07, -0.0000039637088775634766, 1, -0.000019297009203000925, -0.0000021196904071985045, 0.00001892820182547439, 0.9937502145767212, -0.11162684112787247, 0.000004302710749470862, 0.11162688583135605, 0.9937502145767212),
            ["LeftHand"] = CFrame.new(-0.0000012516975402832031, -0.0000010728836059570312, 2.2724270820617676e-07, 0.9339137673377991, 0.10388869792222977, 0.3420700430870056, -0.03794172778725624, 0.9802441596984863, -0.1941184103488922, -0.3554792106151581, 0.16831110417842865, 0.9194053411483765),
            ["RightUpperLeg"] = CFrame.new(5.960464477539063e-08, -1.0104849934577942e-07, -9.145878721028566e-09, 0.9534632563591003, -0.1621597856283188, -0.2541891038417816, 0.13076011836528778, 0.9820402264595032, -0.13601075112819672, 0.27167919278144836, 0.09644337743520737, 0.9575431942939758),
            ["LeftUpperLeg"] = CFrame.new(-8.940696716308594e-08, -7.078051567077637e-08, -7.450580596923828e-09, 0.9480577111244202, 0.30345240235328674, 0.0954105332493782, -0.21398882567882538, 0.8303334712982178, -0.5145437121391296, -0.23536212742328644, 0.46740037202835083, 0.852139413356781),
            ["RightLowerLeg"] = CFrame.new(-5.960464477539063e-08, -0.0007263422012329102, 0.00004605745925800875, 1, 8.195642919872625e-08, 2.980232949312267e-08, -7.823110337312755e-08, 0.7860634922981262, 0.6181455850601196, 2.980232594040899e-08, -0.6181458234786987, 0.7860636115074158),
            ["RightFoot"] = CFrame.new(1.6391277313232422e-07, -5.960464477539063e-08, 2.4047039914876223e-08, 0.9783142805099487, 0.15947021543979645, 0.13217636942863464, -0.09770212322473526, 0.9179841876029968, -0.38439488410949707, -0.18263520300388336, 0.36314496397972107, 0.913657546043396),
            ["LeftLowerLeg"] = CFrame.new(-8.614733815193176e-09, -0.0007266402244567871, 0.00008111447095870972, 1, 4.057074320940046e-08, 2.7939681679356454e-09, -4.889444227273998e-08, 0.7321426272392273, 0.6811515688896179, 2.1420420992512845e-08, -0.6811513304710388, 0.732142448425293),
        }},
        {Time = 0.167, Data = {
            ["LeftFoot"] = CFrame.new(1.3969838619232178e-08, 0, 5.296897143125534e-09, 0.9882073998451233, -0.1327325850725174, -0.07634333521127701, 0.12224863469600677, 0.9841305017471313, -0.12861767411231995, 0.09220357984304428, 0.11776795983314514, 0.9887513518333435),
            ["LeftLowerArm"] = CFrame.new(0.0000013709068298339844, -5.960464477539062e-07, 0.000004693865776062012, 1, 1.564621925354004e-07, 1.8440189819557418e-07, -1.564622067462551e-07, 0.9885817170143127, -0.1506858617067337, -1.4062972297779197e-07, 0.1506858468055725, 0.9885817170143127),
            ["LowerTorso"] = CFrame.new(-0.11576363444328308, -0.13439202308654785, 0.033006519079208374, 0.9743043184280396, -0.06533966958522797, -0.2155504673719406, 0.051866210997104645, 0.9963643550872803, -0.06758810579776764, 0.21918299794197083, 0.054671600461006165, 0.9741508364677429),
            ["Head"] = CFrame.new(2.2351741790771484e-08, -7.152557373046875e-07, -2.8870999813079834e-08, 0.9545219540596008, -0.009633722715079784, 0.29798537492752075, 0.0365360751748085, 0.9957242608070374, -0.08484313637018204, -0.2958935499191284, 0.09187181293964386, 0.9507925510406494),
            ["RightUpperArm"] = CFrame.new(-0.014678120613098145, -0.025353193283081055, 0.04919157177209854, 0.9681717753410339, -0.1419222503900528, 0.20615904033184052, 0.23666730523109436, 0.7871271371841431, -0.5695785880088806, -0.08143723011016846, 0.6002406477928162, 0.795662522315979),
            ["UpperTorso"] = CFrame.new(1.816079020500183e-08, -2.384185791015625e-07, -2.0489096641540527e-08, 0.9957164525985718, 0.06877386569976807, -0.06179901957511902, -0.049381282180547714, 0.9606291651725769, 0.27341005206108093, 0.07816915959119797, -0.26918724179267883, 0.9599103331565857),
            ["HumanoidRootPart"] = CFrame.new(0, 0, 0, 1, 0, 0, 0, 1, 0, 0, 0, 1),
            ["RightHand"] = CFrame.new(3.427267074584961e-07, 0.000001430511474609375, -7.338821887969971e-07, 0.7277482151985168, -0.3808998763561249, -0.57034832239151, 0.40777042508125305, 0.9089561700820923, -0.0867314413189888, 0.551457941532135, -0.16945241391658783, 0.8168111443519592),
            ["LeftUpperArm"] = CFrame.new(0.042143166065216064, -0.019490838050842285, 0.049437016248703, 0.9596694707870483, 0.26086390018463135, -0.10480716824531555, -0.2757962644100189, 0.9458699226379395, -0.17107447981834412, 0.054506901651620865, 0.19308041036128998, 0.9796677827835083),
            ["RightLowerArm"] = CFrame.new(1.4901161193847656e-07, 4.172325134277344e-07, -0.0000038370490074157715, 1, -0.000019334258468006738, 0.0000011902302503585815, 0.0000189468282769667, 0.9595601558685303, -0.2815038561820984, 0.000004291534878575476, 0.281503826379776, 0.9595601558685303),
            ["LeftHand"] = CFrame.new(-0.000001341104507446289, -0.0000013113021850585938, 2.980232238769531e-07, 0.868866503238678, 0.07034314423799515, 0.490022748708725, 0.019060704857110977, 0.9843655824661255, -0.17510321736335754, -0.49467933177948, 0.1614816039800644, 0.853941798210144),
            ["RightUpperLeg"] = CFrame.new(2.9802322387695312e-08, -3.0640512704849243e-07, -1.6596459317952394e-08, 0.9393817186355591, -0.1658424288034439, -0.3000970184803009, 0.13601738214492798, 0.983673632144928, -0.11783735454082489, 0.31473997235298157, 0.06987575441598892, 0.9466024041175842),
            ["LeftUpperLeg"] = CFrame.new(-1.1920928955078125e-07, -2.2817403078079224e-07, 2.2351741790771484e-08, 0.9609914422035217, 0.26889652013778687, 0.0647316500544548, -0.20180051028728485, 0.8417452573776245, -0.5007408857345581, -0.1891351342201233, 0.4681450128555298, 0.8631734848022461),
            ["RightLowerLeg"] = CFrame.new(-8.568167686462402e-08, -0.0007262825965881348, 0.00004598667874233797, 1, 1.788140480130096e-07, -1.1175875158642157e-07, -5.960465898624534e-08, 0.8162540793418884, 0.5776928067207336, 6.705523958316917e-08, -0.5776930451393127, 0.8162542581558228),
            ["RightFoot"] = CFrame.new(2.2351741790771484e-07, -5.960464477539063e-08, 5.3849362302571535e-08, 0.9783452749252319, 0.15896888077259064, 0.13254961371421814, -0.09456457197666168, 0.9129573106765747, -0.39694663882255554, -0.1841142177581787, 0.37581634521484375, 0.9082202911376953),
            ["LeftLowerLeg"] = CFrame.new(7.264316082000732e-08, -0.0007262825965881348, 0.00008077174425125122, 1, 6.239861249923706e-08, 2.6688212528824806e-08, -5.494803190231323e-08, 0.7626802921295166, 0.6467755436897278, 2.0489096641540527e-08, -0.6467756628990173, 0.7626804709434509),
        }},
        {Time = 0.200, Data = {
            ["LeftFoot"] = CFrame.new(2.2351741790771484e-08, -1.1920928955078125e-07, -7.450580596923828e-09, 0.9903573393821716, -0.12731991708278656, -0.054608870297670364, 0.12274658679962158, 0.9891905188560486, -0.08022097498178482, 0.06423228234052658, 0.07274439930915833, 0.9952800869941711),
            ["LeftLowerArm"] = CFrame.new(0.000001430511474609375, -4.76837158203125e-07, 0.000004634261131286621, 1, 1.6018749704471702e-07, 6.705523247774181e-08, -1.3224781980625266e-07, 0.9907928705215454, -0.13538706302642822, -1.2293459406009788e-07, 0.13538704812526703, 0.9907928109169006),
            ["LowerTorso"] = CFrame.new(-0.10911394655704498, -0.12896788120269775, 0.05220755189657211, 0.9824839234352112, -0.03689078986644745, -0.1826593279838562, 0.027155796065926552, 0.998088538646698, -0.05551397055387497, 0.1843581199645996, 0.04958132281899452, 0.9816077947616577),
            ["Head"] = CFrame.new(-4.6566128730773926e-09, -2.384185791015625e-07, -1.0244548320770264e-08, 0.9717882871627808, -0.004334589466452599, 0.23581533133983612, 0.030369820073246956, 0.9938074350357056, -0.10688579082489014, -0.23389188945293427, 0.11103195697069168, 0.9659020304679871),
            ["RightUpperArm"] = CFrame.new(-0.01547020673751831, -0.0280153751373291, 0.0542445033788681, 0.9605438709259033, -0.15733687579631805, 0.2293478399515152, 0.2761637568473816, 0.6373813152313232, -0.7193599939346313, -0.03300021216273308, 0.7543143630027771, 0.6556834578514099),
            ["UpperTorso"] = CFrame.new(-3.725290298461914e-09, 0, -9.313225746154785e-09, 0.9986407160758972, 0.033368512988090515, -0.04004094377160072, -0.02205006778240204, 0.9665467739105225, 0.2555411756038666, 0.04722848907113075, -0.2543109655380249, 0.965968668460846),
            ["HumanoidRootPart"] = CFrame.new(0, 0, 0, 1, 0, 0, 0, 1, 0, 0, 0, 1),
            ["RightHand"] = CFrame.new(1.6391277313232422e-07, 0.0000011324882507324219, -3.5762786865234375e-07, 0.6308606863021851, -0.3466261625289917, -0.694164514541626, 0.4049038290977478, 0.9102540016174316, -0.08655008673667908, 0.6618669033050537, -0.2264687865972519, 0.7145940661430359),
            ["LeftUpperArm"] = CFrame.new(0.041380345821380615, -0.01863253116607666, 0.05472816526889801, 0.9607060551643372, 0.27076730132102966, 0.06106311455368996, -0.2441157102584839, 0.9289263486862183, -0.27839428186416626, -0.13210329413414001, 0.25254860520362854, 0.9585238695144653),
            ["RightLowerArm"] = CFrame.new(2.980232238769531e-07, 4.76837158203125e-07, -0.0000038370490074157715, 1, -0.00001661479655012954, 0.00001008249819278717, 0.00001901388168334961, 0.7192453145980835, -0.694756031036377, 0.000004328787326812744, 0.6947562098503113, 0.719245433807373),
            ["LeftHand"] = CFrame.new(-0.000001214444637298584, -0.0000014901161193847656, 1.7881393432617188e-07, 0.7849827408790588, 0.03026547282934189, 0.6187773942947388, 0.06858572363853455, 0.9884207248687744, -0.1353534758090973, -0.6157093644142151, 0.14868955314159393, 0.7738178372383118),
            ["RightUpperLeg"] = CFrame.new(5.960464477539063e-08, -2.9802322387695312e-08, 3.183231456205249e-08, 0.9228256344795227, -0.19154587388038635, -0.3342202603816986, 0.1531745195388794, 0.9785335659980774, -0.13787536323070526, 0.3534550964832306, 0.07604074478149414, 0.9323557615280151),
            ["LeftUpperLeg"] = CFrame.new(-1.7881393432617188e-07, -8.603092283010483e-08, -1.1175870895385742e-08, 0.9735292792320251, 0.22227276861667633, 0.053250376135110855, -0.1689779907464981, 0.8568127751350403, -0.48715317249298096, -0.15390639007091522, 0.465259850025177, 0.8716915845870972),
            ["RightLowerLeg"] = CFrame.new(-1.2665987014770508e-07, -0.0007261037826538086, 0.00004610216274159029, 1, 1.266598985694145e-07, -1.2665985593685036e-07, -4.470348358154297e-08, 0.8121655583381653, 0.583426833152771, 1.2293457984924316e-07, -0.5834271311759949, 0.8121656775474548),
            ["RightFoot"] = CFrame.new(8.940696716308594e-08, -1.7881393432617188e-07, 1.6596459317952394e-08, 0.9784179925918579, 0.1581428050994873, 0.1330004781484604, -0.0871114507317543, 0.8993303775787354, -0.4285048246383667, -0.18737606704235077, 0.4076710343360901, 0.8936971426010132),
            ["LeftLowerLeg"] = CFrame.new(-3.725290298461914e-08, -0.0007264018058776855, 0.000080842524766922, 1, 5.937182834259147e-08, 3.725290742551124e-09, -2.9802318834981634e-08, 0.8019425272941589, 0.5974013209342957, 1.6763804566721774e-08, -0.5974011421203613, 0.8019425272941589),
        }},
        {Time = 0.233, Data = {
            ["LeftFoot"] = CFrame.new(2.3283064365386963e-08, 0, -1.30385160446167e-08, 0.9927942156791687, -0.11099764704704285, -0.04515821114182472, 0.10780424624681473, 0.9918513894081116, -0.06789027899503708, 0.05232592672109604, 0.06253278255462646, 0.9966703653335571),
            ["LeftLowerArm"] = CFrame.new(0.000001430511474609375, -8.344650268554688e-07, 0.00000476837158203125, 1, 1.6763806343078613e-07, 9.685754776000977e-08, -1.601874828338623e-07, 0.9874623417854309, -0.1578548401594162, -1.0803341865539551e-07, 0.1578548103570938, 0.9874624013900757),
            ["LowerTorso"] = CFrame.new(-0.0930362194776535, -0.12155866622924805, 0.07817842066287994, 0.9848321676254272, -0.00303759821690619, -0.17348310351371765, -0.0033729434944689274, 0.9993227124214172, -0.036645207554101944, 0.17347688972949982, 0.03667452931404114, 0.9841549396514893),
            ["Head"] = CFrame.new(-7.450580596923828e-09, -4.76837158203125e-07, -6.426125764846802e-08, 0.9806384444236755, 0.012068845331668854, 0.19545483589172363, 0.015996327623724937, 0.9898266792297363, -0.1413763463497162, -0.19517263770103455, 0.14176557958126068, 0.9704689979553223),
            ["RightUpperArm"] = CFrame.new(-0.014369428157806396, -0.03408968448638916, 0.05815742164850235, 0.9648474454879761, -0.106548011302948, 0.24024322628974915, 0.2602437734603882, 0.51479172706604, -0.816861629486084, -0.036640167236328125, 0.8506685495376587, 0.5244238376617432),
            ["UpperTorso"] = CFrame.new(-5.587935447692871e-09, -1.1920928955078125e-07, 5.587935447692871e-09, 0.9995455145835876, -0.020887114107608795, -0.021739136427640915, 0.025509783998131752, 0.9702707529067993, 0.24067413806915283, 0.016065796837210655, -0.241119384765625, 0.9703625440597534),
            ["HumanoidRootPart"] = CFrame.new(0, 0, 0, 1, 0, 0, 0, 1, 0, 0, 0, 1),
            ["RightHand"] = CFrame.new(4.172325134277344e-07, 0.0000010728836059570312, -0.000001043081283569336, 0.6362495422363281, -0.20418857038021088, -0.743971049785614, 0.2484927475452423, 0.9671860337257385, -0.052938852459192276, 0.7303683757781982, -0.15118908882141113, 0.6661116480827332),
            ["LeftUpperArm"] = CFrame.new(0.04264026880264282, -0.014535665512084961, 0.05921250581741333, 0.9168855547904968, 0.3009607791900635, 0.2621898651123047, -0.17844679951667786, 0.8966435790061951, -0.4052000343799591, -0.3570401966571808, 0.3247350752353668, 0.8758249878883362),
            ["RightLowerArm"] = CFrame.new(4.76837158203125e-07, 2.384185791015625e-07, -0.0000034570693969726562, 1, -0.000009074806257558521, 0.00001723692002997268, 0.000018946826457977295, 0.2573108971118927, -0.9663287401199341, 0.000004373490810394287, 0.9663287401199341, 0.2573109269142151),
            ["LeftHand"] = CFrame.new(-0.0000014454126358032227, -0.000001430511474609375, 8.195638656616211e-08, 0.7143561244010925, -0.01678244024515152, 0.6995804905891418, 0.08826910704374313, 0.9938883781433105, -0.06629078090190887, -0.6941930055618286, 0.10910658538341522, 0.71147221326828),
            ["RightUpperLeg"] = CFrame.new(-2.9802322387695312e-08, -2.9103830456733704e-09, 3.9282895158976316e-08, 0.9152006506919861, -0.21925246715545654, -0.33813637495040894, 0.16128957271575928, 0.9681994318962097, -0.19124773144721985, 0.36931487917900085, 0.12049204111099243, 0.9214597940444946),
            ["LeftUpperLeg"] = CFrame.new(-2.9802322387695312e-08, -4.997127689421177e-08, 9.313225746154785e-09, 0.9759564995765686, 0.19169677793979645, 0.10373629629611969, -0.1216016635298729, 0.8738419413566589, -0.470758318901062, -0.1808919608592987, 0.44682517647743225, 0.8761424422264099),
            ["RightLowerLeg"] = CFrame.new(-5.587935447692871e-08, -0.000726163387298584, 0.00004600157990353182, 1, 1.0430816388407038e-07, -8.195637946073475e-08, -5.2154071283894154e-08, 0.7880299687385559, 0.6156367659568787, 6.33299421792799e-08, -0.6156370043754578, 0.7880300879478455),
            ["RightFoot"] = CFrame.new(1.341104507446289e-07, -5.960464477539063e-08, 6.129994289949536e-08, 0.9801142811775208, 0.14492572844028473, 0.13554556667804718, -0.07078380137681961, 0.8934822082519531, -0.44348523020744324, -0.185379758477211, 0.42507174611091614, 0.8859730362892151),
            ["LeftLowerLeg"] = CFrame.new(-5.448237061500549e-08, -0.0007264018058776855, 0.00008091703057289124, 1, 4.621689342343416e-08, 1.0244548320770264e-08, -5.2154071283894154e-08, 0.8189890384674072, 0.5738093256950378, 9.31322685637781e-10, -0.5738092660903931, 0.8189889192581177),
        }},
        {Time = 0.267, Data = {
            ["LeftFoot"] = CFrame.new(1.862645149230957e-08, -2.384185791015625e-07, -2.421438694000244e-08, 0.9939572811126709, -0.09604648500680923, -0.05314134061336517, 0.09055954217910767, 0.9911088347434998, -0.0974794551730156, 0.06203146651387215, 0.09207778424024582, 0.9938178658485413),
            ["LeftLowerArm"] = CFrame.new(0.000001519918441772461, -6.556510925292969e-07, 0.0000049173831939697266, 1, 7.4505820180093e-08, 6.705523958316917e-08, -1.49011640360186e-07, 0.9756007194519043, -0.21955257654190063, -8.56816981809061e-08, 0.2195526659488678, 0.9756007790565491),
            ["LowerTorso"] = CFrame.new(-0.06648062914609909, -0.11215007305145264, 0.10333780199289322, 0.982532262802124, 0.01967773586511612, -0.18504953384399414, -0.024937383830547333, 0.9993473291397095, -0.026138335466384888, 0.18441440165042877, 0.030296409502625465, 0.9823815226554871),
            ["Head"] = CFrame.new(-1.1175870895385742e-08, -5.960464477539062e-07, 2.421438694000244e-08, 0.9845036268234253, 0.0390445739030838, 0.17096242308616638, -0.008872139267623425, 0.9847400784492493, -0.17380507290363312, -0.1751396507024765, 0.16959483921527863, 0.9698266983032227),
            ["RightUpperArm"] = CFrame.new(-0.012865126132965088, -0.03991281986236572, 0.05484919622540474, 0.9571678638458252, -0.00319850817322731, 0.289515882730484, 0.25714942812919617, 0.46891605854034424, -0.8449805974960327, -0.1330559253692627, 0.8832370042800903, 0.4496535658836365),
            ["UpperTorso"] = CFrame.new(1.30385160446167e-08, -2.9802322387695312e-08, 1.862645149230957e-09, 0.9972155690193176, -0.07450105994939804, -0.0032760631293058395, 0.07320059835910797, 0.9695283770561218, 0.23378705978393555, -0.014241145923733711, -0.23337602615356445, 0.9722822904586792),
            ["HumanoidRootPart"] = CFrame.new(0, 0, 0, 1, 0, 0, 0, 1, 0, 0, 0, 1),
            ["RightHand"] = CFrame.new(6.202608346939087e-07, 0.0000011920928955078125, -6.407499313354492e-07, 0.6576049327850342, 0.05750846862792969, -0.7511641979217529, -0.14765609800815582, 0.987582266330719, -0.05365661904215813, 0.7387511730194092, 0.1461988240480423, 0.6579311490058899),
            ["LeftUpperArm"] = CFrame.new(0.04445463418960571, -0.008995532989501953, 0.05634865164756775, 0.8383169770240784, 0.346049040555954, 0.4212774932384491, -0.08586082607507706, 0.846885621547699, -0.5247978568077087, -0.5383795499801636, 0.40377557277679443, 0.7396706342697144),
            ["RightLowerArm"] = CFrame.new(3.8743019104003906e-07, 0.0000011324882507324219, -0.000003933906555175781, 1, -0.0000033732499105099123, 0.000019181519746780396, 0.00001902226358652115, -0.05303686484694481, -0.9985925555229187, 0.000004371628165245056, 0.9985926151275635, -0.0530368946492672),
            ["LeftHand"] = CFrame.new(-0.0000013262033462524414, -0.000001430511474609375, 3.8743019104003906e-07, 0.6719970107078552, -0.0705295205116272, 0.737187385559082, 0.08512220531702042, 0.9962130784988403, 0.01771688275039196, -0.7356454730033875, 0.0508451946079731, 0.675456166267395),
