return {
    ["Loco Shake"] = {
        {Time = 0.000, Data = {
            ["LeftFoot"] = CFrame.new(7.623748388141394e-08, 1.7881393432617188e-07, -1.3969838619232178e-08, 0.9534825682640076, -0.1020721048116684, 0.283641517162323, 0.22224624454975128, 0.8737262487411499, -0.43267619609832764, -0.20366081595420837, 0.47558775544166565, 0.8557679653167725),
            ["LeftLowerArm"] = CFrame.new(2.9802322387695312e-08, 5.960464477539063e-08, 2.384185791015625e-07, 1, -1.881271884940361e-07, 9.313227167240257e-08, 1.0058283805847168e-07, 0.11053978651762009, -0.9938716888427734, 2.421438694000244e-08, 0.9938717484474182, 0.11053989082574844),
            ["LowerTorso"] = CFrame.new(-0.17788971960544586, -0.4721604585647583, 0.11088944971561432, 0.969389796257019, 0.027181170880794525, 0.2440175861120224, -0.00042223554919473827, 0.9940364360809326, -0.1090485081076622, -0.24552641808986664, 0.10560749471187592, 0.9636201858520508),
            ["Head"] = CFrame.new(-1.4901161193847656e-08, 0, 8.195638656616211e-08, 0.8748342990875244, -0.47715961933135986, 0.08356902748346329, 0.4724968671798706, 0.8024609684944153, -0.3644215762615204, 0.10682637989521027, 0.3582947850227356, 0.9274767637252808),
            ["RightUpperArm"] = CFrame.new(0, 0, -2.9802322387695312e-08, 0.9676145315170288, -0.25235050916671753, 0.006441091652959585, 0.22019651532173157, 0.8312963247299194, -0.5103527903556824, 0.12343339622020721, 0.4952431321144104, 0.8599410057067871),
            ["UpperTorso"] = CFrame.new(-1.0128132998943329e-08, -1.1920928955078125e-07, 7.450580596923828e-09, 0.9517666697502136, 0.11408800631761551, 0.28482329845428467, -0.2830270826816559, 0.6848989129066467, 0.6714231967926025, -0.11847378313541412, -0.71965092420578, 0.6841539740562439),
            ["HumanoidRootPart"] = CFrame.new(0, 0, 0, 1, 0, 0, 0, 1, 0, 0, 0, 1),
            ["RightHand"] = CFrame.new(-2.3283064365386963e-07, 1.7881393432617188e-07, -1.1920928955078125e-07, 0.912842333316803, 0.021650006994605064, -0.4077381491661072, -0.24634340405464172, 0.8255783319473267, -0.5076763033866882, 0.3256285488605499, 0.5638721585273743, 0.758956253528595),
            ["LeftUpperArm"] = CFrame.new(0, -1.1920928955078125e-07, -5.960464477539063e-08, 0.9032827615737915, 0.40948882699012756, -0.12805958092212677, -0.3456340730190277, 0.871343731880188, 0.3482775092124939, 0.2541996240615845, -0.2703312039375305, 0.9286031126976013),
            ["RightLowerArm"] = CFrame.new(3.5762786865234375e-07, -5.364418029785156e-07, -1.4901161193847656e-08, 1, -7.450580596923828e-09, 1.4388935198894615e-07, 3.725290298461914e-08, 0.931896448135376, -0.36272433400154114, -2.0721927285194397e-08, 0.3627244830131531, 0.9318965673446655),
            ["LeftHand"] = CFrame.new(-6.426125764846802e-08, 0, -5.21540641784668e-08, 0.36407026648521423, -0.15552861988544464, -0.9182939529418945, 0.38427913188934326, 0.9232083559036255, -0.0040084500797092915, 0.8483999371528625, -0.3514217436313629, 0.3958790600299835),
            ["RightUpperLeg"] = CFrame.new(-5.960464477539063e-08, -1.9033905118703842e-07, 4.823959898203611e-09, 0.9514161944389343, -0.2734449803829193, -0.14154547452926636, 0.17136195302009583, 0.8521630764007568, -0.494422048330307, 0.2558170557022095, 0.44614556431770325, 0.8576198816299438),
            ["LeftUpperLeg"] = CFrame.new(0, -1.7695128917694092e-07, 2.9802322387695312e-08, 0.9628257155418396, -0.16021883487701416, -0.21747808158397675, -0.06695348769426346, 0.6384326815605164, -0.7667600512504578, 0.26169446110725403, 0.7528171539306641, 0.6039721369743347),
            ["RightLowerLeg"] = CFrame.new(-2.7008354663848877e-08, -0.00006002187728881836, -0.00007209012255771086, 1, -1.1734661597984086e-07, -1.601875823098453e-07, 1.2107194891086692e-07, 0.06918195635080338, 0.9976041316986084, -1.695007227908718e-07, -0.9976041316986084, 0.06918241828680038),
            ["RightFoot"] = CFrame.new(3.725290298461914e-08, 4.172325134277344e-07, 5.3849362302571535e-08, 0.9398773908615112, 0.10983844846487045, -0.323367178440094, -0.310257226228714, 0.6703425645828247, -0.6740776300430298, 0.1427270472049713, 0.7338776588439941, 0.6641183495521545),
            ["LeftLowerLeg"] = CFrame.new(5.634501576423645e-08, 0.000060617923736572266, 0.0000722743570804596, 1, 1.1501832375415688e-07, 6.938353891428051e-08, -9.033830394855613e-08, 0.08945300430059433, 0.995991051197052, 5.2619732571201894e-08, -0.9959911108016968, 0.08945318311452866),
        }},
        {Time = 0.033, Data = {
            ["LeftFoot"] = CFrame.new(3.408786142244935e-09, 5.960464477539063e-08, 7.450580596923828e-09, 0.9575969576835632, -0.07050991803407669, 0.2793503403663635, 0.17464280128479004, 0.9132113456726074, -0.36816471815109253, -0.2291465699672699, 0.40133973956108093, 0.8868021965026855),
            ["LeftLowerArm"] = CFrame.new(2.980232238769531e-07, -1.1920928955078125e-07, 3.129243850708008e-07, 1, -5.960465898624534e-08, 1.0430814256778831e-07, 1.1175869474300271e-07, 0.22087758779525757, -0.9753016233444214, 3.352760913344355e-08, 0.9753015637397766, 0.22087761759757996),
            ["LowerTorso"] = CFrame.new(-0.22020220756530762, -0.39406394958496094, 0.10869498550891876, 0.9568482041358948, 0.0806417316198349, 0.27917489409446716, -0.04701618850231171, 0.9910268783569336, -0.12512144446372986, -0.2867598235607147, 0.10659648478031158, 0.9520536661148071),
            ["Head"] = CFrame.new(5.21540641784668e-08, 2.384185791015625e-07, 8.195638656616211e-08, 0.8667770624160767, -0.4982403516769409, 0.021312877535820007, 0.48541510105133057, 0.8331254124641418, -0.2650929391384125, 0.11432372033596039, 0.2401220202445984, 0.9639872908592224),
            ["RightUpperArm"] = CFrame.new(-5.960464477539063e-08, 3.5762786865234375e-07, 2.682209014892578e-07, 0.9515053629875183, -0.3049691915512085, -0.040389854460954666, 0.23314020037651062, 0.8005181550979614, -0.5521017909049988, 0.20070695877075195, 0.5159112811088562, 0.8327978849411011),
            ["UpperTorso"] = CFrame.new(-1.1175870895385742e-08, -1.1920928955078125e-07, 0, 0.9498891234397888, 0.1634962558746338, 0.2664203941822052, -0.2936013340950012, 0.7591686248779297, 0.5809143781661987, -0.10728064179420471, -0.6300255656242371, 0.7691285610198975),
            ["HumanoidRootPart"] = CFrame.new(0, 0, 0, 1, 0, 0, 0, 1, 0, 0, 0, 1),
            ["RightHand"] = CFrame.new(1.0244548320770264e-07, 0, 2.086162567138672e-07, 0.8323732018470764, 0.22960670292377472, -0.5044162273406982, -0.365497887134552, 0.9115908145904541, -0.18818451464176178, 0.4166128933429718, 0.341002881526947, 0.8427045941352844),
            ["LeftUpperArm"] = CFrame.new(5.960464477539063e-08, -1.1920928955078125e-07, -2.9802322387695312e-08, 0.8622928261756897, 0.4251641631126404, -0.2751117944717407, -0.2982698678970337, 0.8654291033744812, 0.4025760889053345, 0.40925076603889465, -0.26508089900016785, 0.8730670809745789),
            ["RightLowerArm"] = CFrame.new(-8.940696716308594e-08, -5.960464477539063e-08, -1.2665987014770508e-07, 1, -4.0978193283081055e-08, 1.4435501682896756e-08, 2.3283064365386963e-08, 0.9486678838729858, -0.31627416610717773, 2.444721758365631e-08, 0.3162741959095001, 0.9486678838729858),
            ["LeftHand"] = CFrame.new(-2.468004822731018e-07, 5.960464477539063e-08, -2.9802322387695312e-08, 0.4311288297176361, -0.2175534963607788, -0.8756702542304993, 0.4321203827857971, 0.901745617389679, -0.01128105353564024, 0.7920858263969421, -0.3735310137271881, 0.48277783393859863),
            ["RightUpperLeg"] = CFrame.new(-2.9802322387695312e-08, 1.9976869225502014e-07, -1.6952981241047382e-09, 0.9244721531867981, -0.35069918632507324, -0.1495371013879776, 0.2574644088745117, 0.8635639548301697, -0.4335545599460602, 0.2811821699142456, 0.3623085916042328, 0.8886332511901855),
            ["LeftUpperLeg"] = CFrame.new(-5.960464477539063e-08, -7.264316082000732e-08, 1.4901161193847656e-08, 0.9564490914344788, -0.21765464544296265, -0.19450367987155914, 0.019146675243973732, 0.711682915687561, -0.7022399306297302, 0.29127079248428345, 0.6679325103759766, 0.6848558187484741),
            ["RightLowerLeg"] = CFrame.new(-1.6763806343078613e-08, -0.000060439109802246094, -0.00007198953971965238, 1, -7.264315371457997e-08, -1.6763814869591442e-07, 1.3411046495548362e-07, 0.16911107301712036, 0.9855969548225403, -1.8253925304634322e-07, -0.9855970144271851, 0.16911140084266663),
            ["RightFoot"] = CFrame.new(-1.257285475730896e-08, 4.172325134277344e-07, 1.6596459317952394e-08, 0.9374355673789978, 0.15363989770412445, -0.312425434589386, -0.3236474096775055, 0.7153067588806152, -0.6193447113037109, 0.12832394242286682, 0.6817117929458618, 0.7202794551849365),
            ["LeftLowerLeg"] = CFrame.new(9.336508810520172e-08, 0.00006103515625, 0.00007214024662971497, 1, 6.356277992836112e-08, 6.519257311765614e-08, -9.266661038509483e-08, 0.265042245388031, 0.9642367959022522, 4.5634813261585805e-08, -0.964236855506897, 0.26504215598106384),
        }},
        {Time = 0.067, Data = {
            ["LeftFoot"] = CFrame.new(-9.779614629223943e-08, -5.960464477539063e-08, -1.862645149230957e-09, 0.9624316096305847, -0.06259220093488693, 0.264211505651474, 0.1314624398946762, 0.9588286876678467, -0.2517244219779968, -0.23757745325565338, 0.2770014703273773, 0.9310355186462402),
            ["LeftLowerArm"] = CFrame.new(-8.940696716308594e-08, -3.5762786865234375e-07, 9.08970832824707e-07, 1, -7.82310962677002e-08, 4.842878098543224e-08, 8.940696716308594e-08, 0.3260921537876129, -0.9453380703926086, 1.4901161193847656e-08, 0.9453380703926086, 0.3260921537876129),
            ["LowerTorso"] = CFrame.new(-0.2595584988594055, -0.31876087188720703, 0.10585445910692215, 0.9403896927833557, 0.13450385630130768, 0.3123718202114105, -0.09266676753759384, 0.9850558638572693, -0.1451825201511383, -0.3272312879562378, 0.10758165270090103, 0.9388003349304199),
            ["Head"] = CFrame.new(7.59027898311615e-08, 0, 9.825453162193298e-08, 0.8650949001312256, -0.49877405166625977, -0.053249552845954895, 0.48583027720451355, 0.8595647215843201, -0.1584850251674652, 0.1248195469379425, 0.11123448610305786, 0.985924482345581),
            ["RightUpperArm"] = CFrame.new(-5.960464477539063e-08, 1.1920928955078125e-07, 2.086162567138672e-07, 0.9130774140357971, -0.4075436592102051, 0.014069238677620888, 0.351523220539093, 0.7691417932510376, -0.5337157249450684, 0.20669125020503998, 0.4922695457935333, 0.8455469012260437),
            ["UpperTorso"] = CFrame.new(2.9802322387695312e-08, -8.940696716308594e-08, 2.9802322387695312e-08, 0.9467025995254517, 0.20415647327899933, 0.24914756417274475, -0.30466926097869873, 0.8186050057411194, 0.48689064383506775, -0.10455155372619629, -0.5368481874465942, 0.8371756672859192),
            ["HumanoidRootPart"] = CFrame.new(0, 0, 0, 1, 0, 0, 0, 1, 0, 0, 0, 1),
            ["RightHand"] = CFrame.new(-1.2293457984924316e-07, 1.7881393432617188e-07, 1.7881393432617188e-07, 0.7786514163017273, 0.26149967312812805, -0.570368230342865, -0.23837122321128845, 0.9641468524932861, 0.11661924421787262, 0.5804147124290466, 0.045153725892305374, 0.8130683898925781),
            ["LeftUpperArm"] = CFrame.new(0, 0, 1.6391277313232422e-07, 0.8037512302398682, 0.4233930706977844, -0.41799813508987427, -0.2165156453847885, 0.8625335097312927, 0.4573366940021515, 0.554170548915863, -0.2770818769931793, 0.7849336266517639),
            ["RightLowerArm"] = CFrame.new(-2.086162567138672e-07, 1.7881393432617188e-07, 1.4901161193847656e-07, 1, -6.332992796842518e-08, -1.6763808119435453e-08, 3.725290653733282e-08, 0.8961960077285767, -0.4436582326889038, 2.0954759705205106e-08, 0.4436582326889038, 0.8961960673332214),
            ["LeftHand"] = CFrame.new(2.9802322387695312e-08, -2.384185791015625e-07, 1.4901161193847656e-08, 0.5229073166847229, -0.11071209609508514, -0.8451692461967468, 0.37076133489608765, 0.9223607778549194, 0.10856681317090988, 0.7675310969352722, -0.3701263666152954, 0.5233567953109741),
            ["RightUpperLeg"] = CFrame.new(0, -2.7194619178771973e-07, 2.0656443666666746e-08, 0.892792284488678, -0.42004531621932983, -0.1627390831708908, 0.3396708369255066, 0.8650240898132324, -0.36926573514938354, 0.2958815395832062, 0.2743997573852539, 0.914963960647583),
            ["LeftUpperLeg"] = CFrame.new(2.9802322387695312e-08, -1.862645149230957e-07, 4.470348358154297e-08, 0.9446693658828735, -0.26918166875839233, -0.18745948374271393, 0.09527954459190369, 0.7720131278038025, -0.6284247636795044, 0.313881516456604, 0.5757924914360046, 0.7549446225166321),
            ["RightLowerLeg"] = CFrame.new(4.563480615615845e-08, -0.00006014108657836914, -0.00007202306733233854, 1, -1.285224868752266e-07, -9.499494524334295e-08, 1.4062973718864669e-07, 0.2671169340610504, 0.9636639356613159, -1.396984146140312e-07, -0.963664174079895, 0.26711758971214294),
            ["RightFoot"] = CFrame.new(4.889443516731262e-08, 3.5762786865234375e-07, -8.026108844205737e-08, 0.9346431493759155, 0.195920929312706, -0.2967449724674225, -0.3352866470813751, 0.7635032534599304, -0.5519465208053589, 0.118427574634552, 0.615368127822876, 0.7792930603027344),
            ["LeftLowerLeg"] = CFrame.new(-5.7392753660678864e-08, 0.000060558319091796875, 0.00007208995521068573, 1, 3.504101542262106e-08, 9.313227167240257e-08, -6.472692604120311e-08, 0.4376569390296936, 0.8991420269012451, 8.055940980966625e-08, -0.8991420269012451, 0.43765708804130554),
        }},
        {Time = 0.100, Data = {
            ["LeftFoot"] = CFrame.new(5.296897143125534e-09, 0, -1.1874362826347351e-08, 0.9671087265014648, -0.08833372592926025, 0.2385326623916626, 0.10309883207082748, 0.9934073686599731, -0.0501243881881237, -0.23253250122070312, 0.07306830585002899, 0.9698401093482971),
            ["LeftLowerArm"] = CFrame.new(-5.960464477539063e-08, 3.5762786865234375e-07, -4.470348358154297e-08, 1, -7.264316792543468e-08, 7.823108916227284e-08, 6.705523247774181e-08, 0.41450464725494385, -0.9100472927093506, 8.940698137394065e-08, 0.9100472331047058, 0.4145045876502991),
            ["LowerTorso"] = CFrame.new(-0.2922525107860565, -0.25172924995422363, 0.10250150412321091, 0.9200789928436279, 0.18806633353233337, 0.3436361253261566, -0.13646194338798523, 0.9761486053466797, -0.16885560750961304, -0.3671959340572357, 0.10846725851297379, 0.923797607421875),
            ["Head"] = CFrame.new(7.450580596923828e-09, 2.384185791015625e-07, -8.940696716308594e-08, 0.8672066330909729, -0.47707390785217285, -0.14266501367092133, 0.4758307635784149, 0.8783877491950989, -0.04494701698422432, 0.14675822854042053, -0.0289059616625309, 0.9887499809265137),
            ["RightUpperArm"] = CFrame.new(0, 2.384185791015625e-07, -2.9802322387695312e-08, 0.8285710215568542, -0.5296897292137146, 0.18138064444065094, 0.5598306059837341, 0.7882869839668274, -0.2553301453590393, -0.007734366692602634, 0.3131016194820404, 0.949688196182251),
            ["UpperTorso"] = CFrame.new(-1.862645149230957e-08, 0, 0, 0.942646861076355, 0.2321735918521881, 0.23981715738773346, -0.3141459822654724, 0.8599265813827515, 0.40229183435440063, -0.11282355338335037, -0.4545567035675049, 0.8835434317588806),
            ["HumanoidRootPart"] = CFrame.new(0, 0, 0, 1, 0, 0, 0, 1, 0, 0, 0, 1),
            ["RightHand"] = CFrame.new(-2.9802322387695312e-08, -5.960464477539063e-08, 1.4901161193847656e-07, 0.5476169586181641, 0.14824000000953674, -0.8234928846359253, 0.20462153851985931, 0.9305722117424011, 0.30358752608299255, 0.8113234639167786, -0.33475416898727417, 0.4792642593383789),
            ["LeftUpperArm"] = CFrame.new(0, 2.384185791015625e-07, 7.450580596923828e-09, 0.7906403541564941, 0.3797755539417267, -0.48026910424232483, -0.11657728254795074, 0.8634167909622192, 0.4908372163772583, 0.6010803580284119, -0.33208712935447693, 0.7269254326820374),
            ["RightLowerArm"] = CFrame.new(5.960464477539062e-07, 3.5762786865234375e-07, 1.4901161193847656e-08, 1, -2.9802322387695312e-08, 9.685756197086448e-08, 8.195636524988004e-08, 0.6310142874717712, -0.7757712006568909, 1.154839708306099e-07, 0.7757712602615356, 0.6310142874717712),
            ["LeftHand"] = CFrame.new(-1.1175870895385742e-07, -3.5762786865234375e-07, 2.9802322387695312e-08, 0.8783085346221924, 0.002231008606031537, -0.47808927297592163, 0.1298132836818695, 0.9613089561462402, 0.24296879768371582, 0.46013328433036804, -0.27546361088752747, 0.8440361022949219),
            ["RightUpperLeg"] = CFrame.new(0, -2.2910535335540771e-07, 2.029992174357176e-09, 0.8574196696281433, -0.48154759407043457, -0.18150338530540466, 0.41564932465553284, 0.855976402759552, -0.30747392773628235, 0.303426057100296, 0.18819229304790497, 0.9340857863426208),
            ["LeftUpperLeg"] = CFrame.new(-5.960464477539063e-08, -2.514570951461792e-07, -5.960464477539063e-08, 0.9292879104614258, -0.31432873010635376, -0.19396282732486725, 0.15758533775806427, 0.8123542666435242, -0.5614690184593201, 0.3340523838996887, 0.49120065569877625, 0.8044444918632507),
            ["RightLowerLeg"] = CFrame.new(-9.918585419654846e-08, -0.000060617923736572266, -0.00007207894668681547, 1, -2.179294256166031e-07, -1.4668337655621144e-07, 7.310882210731506e-08, 0.3531676232814789, 0.935559868812561, -9.778887033462524e-08, -0.9355600476264954, 0.353168249130249),
            ["RightFoot"] = CFrame.new(-3.026798367500305e-09, 2.980232238769531e-07, -1.3205863069742918e-08, 0.9320690035820007, 0.2342565953731537, -0.276354044675827, -0.34474050998687744, 0.8079918026924133, -0.4778100848197937, 0.11136160790920258, 0.5406230092048645, 0.8338621258735657),
            ["LeftLowerLeg"] = CFrame.new(1.7695128917694092e-08, 0.00006097555160522461, 0.00007223803550004959, 1, 3.655441815908489e-08, 5.1688413549300094e-08, -1.0710208186992531e-07, 0.587639570236206, 0.8091228604316711, 3.911554458113642e-08, -0.8091228008270264, 0.587639570236206),
        }},
        {Time = 0.133, Data = {
            ["LeftFoot"] = CFrame.new(7.683411240577698e-09, -1.7881393432617188e-07, 7.450580596923828e-09, 0.9703371524810791, -0.1305222064256668, 0.2034941464662552, 0.08939054608345032, 0.9757862687110901, 0.19962656497955322, -0.22462248802185059, -0.17551441490650177, 0.9585089683532715),
            ["LeftLowerArm"] = CFrame.new(5.960464477539063e-08, 4.172325134277344e-07, 1.1920928955078125e-07, 1, -1.2852250108608132e-07, 7.450581307466564e-08, 2.2351741790771484e-08, 0.4238656163215637, -0.9057251811027527, 5.960464477539063e-08, 0.9057251214981079, 0.4238656461238861),
            ["LowerTorso"] = CFrame.new(-0.31457796692848206, -0.19855499267578125, 0.09875867515802383, 0.8960931301116943, 0.24063004553318024, 0.3729802370071411, -0.1775350123643875, 0.9644609093666077, -0.19569498300552368, -0.40681493282318115, 0.10914388298988342, 0.906967043876648),
            ["Head"] = CFrame.new(7.450580596923828e-08, -1.1920928955078125e-07, 7.450580596923828e-08, 0.8579444885253906, -0.4542587697505951, -0.23995909094810486, 0.4833706021308899, 0.8719766139984131, 0.07752255350351334, 0.17402341961860657, -0.18249909579753876, 0.9676828384399414),
            ["RightUpperArm"] = CFrame.new(1.1920928955078125e-07, -1.1920928955078125e-07, 1.043081283569336e-07, 0.6045330762863159, -0.7045543789863586, 0.37167590856552124, 0.692797839641571, 0.6953184008598328, 0.19121618568897247, -0.39315518736839294, 0.14189974963665009, 0.9084566831588745),
            ["UpperTorso"] = CFrame.new(1.862645149230957e-08, -2.086162567138672e-07, 1.4901161193847656e-08, 0.9443342089653015, 0.2097247987985611, 0.2534729242324829, -0.2870234549045563, 0.9017462134361267, 0.3232201039791107, -0.16078099608421326, -0.377980500459671, 0.9117457270622253),
            ["HumanoidRootPart"] = CFrame.new(0, 0, 0, 1, 0, 0, 0, 1, 0, 0, 0, 1),
            ["RightHand"] = CFrame.new(2.9802322387695312e-08, -2.384185791015625e-07, 5.960464477539063e-08, 0.19854311645030975, 0.10991109907627106, -0.9739097356796265, 0.4680778682231903, 0.8624094724655151, 0.19275100529193878, 0.8610944747924805, -0.4941352605819702, 0.11977853626012802),
            ["LeftUpperArm"] = CFrame.new(1.1920928955078125e-07, 0, 1.4901161193847656e-08, 0.8417376279830933, 0.3379933834075928, -0.42099684476852417, -0.07355792820453644, 0.8443129658699036, 0.5307775139808655, 0.5348523855209351, -0.4158077538013458, 0.735552191734314),
            ["RightLowerArm"] = CFrame.new(2.384185791015625e-07, 1.1920928955078125e-07, 1.7881393432617188e-07, 1, -1.4901158351676713e-07, -2.2351747119842003e-08, 5.215405707303944e-08, 0.3148029148578644, -0.9491571187973022, 6.332992796842518e-08, 0.9491570591926575, 0.3148030936717987),
            ["LeftHand"] = CFrame.new(2.3655593395233154e-07, 1.1920928955078125e-07, -2.2351741790771484e-08, 0.9883778691291809, 0.1511407345533371, 0.016304781660437584, -0.15198799967765808, 0.9803657531738281, 0.12562958896160126, 0.0030030652415007353, -0.1266476958990097, 0.9919432401657104),
            ["RightUpperLeg"] = CFrame.new(0, -2.337619662284851e-07, 2.0656443666666746e-08, 0.8124211430549622, -0.5420343279838562, -0.21487344801425934, 0.48723649978637695, 0.833530604839325, -0.2604368031024933, 0.320269376039505, 0.10689006000757217, 0.9412768483161926),
            ["LeftUpperLeg"] = CFrame.new(-5.960464477539063e-08, -2.123415470123291e-07, 2.9802322387695312e-08, 0.9107096195220947, -0.3521871864795685, -0.21580572426319122, 0.20776256918907166, 0.8421563506126404, -0.49760153889656067, 0.3569912016391754, 0.40833422541618347, 0.8401313424110413),
            ["RightLowerLeg"] = CFrame.new(4.1443854570388794e-08, -0.00006031990051269531, -0.00007214972720248625, 1, -9.12695767851801e-08, -9.778889165090732e-08, 8.102504267526456e-08, 0.4160104990005493, 0.9093597531318665, -1.1455264825599443e-07, -0.909359872341156, 0.4160107672214508),
            ["RightFoot"] = CFrame.new(-4.190951585769653e-09, 4.172325134277344e-07, -2.0656443666666746e-08, 0.9336925745010376, 0.26607805490493774, -0.23962640762329102, -0.3455201983451843, 0.8451342582702637, -0.4078766405582428, 0.09398942440748215, 0.46362775564193726, 0.8810310959815979),
            ["LeftLowerLeg"] = CFrame.new(-1.2060627341270447e-07, 0.000060617923736572266, 0.00007220095722004771, 1, 2.1653248083453036e-08, 3.3527612686157227e-08, -8.195639367158947e-08, 0.7195165157318115, 0.6944754123687744, 5.8353187171178433e-08, -0.6944754123687744, 0.7195164561271667),
        }},
        {Time = 0.167, Data = {
            ["LeftFoot"] = CFrame.new(7.427297532558441e-08, 1.1920928955078125e-07, -2.837623469531536e-08, 0.9723361730575562, -0.17788435518741608, 0.15139226615428925, 0.09102761000394821, 0.8854418992996216, 0.45574861764907837, -0.21511974930763245, -0.42935991287231445, 0.8771393895149231),
            ["LeftLowerArm"] = CFrame.new(-1.1920928955078125e-07, -3.5762786865234375e-07, 1.1920928955078125e-07, 1, -2.2351736106429598e-07, 1.4901164746561335e-08, 5.960463766996327e-08, 0.4426129460334778, -0.8967127203941345, -2.9802318834981634e-08, 0.8967127799987793, 0.4426131248474121),
            ["LowerTorso"] = CFrame.new(-0.32282865047454834, -0.1647169589996338, 0.09475965797901154, 0.868684709072113, 0.2915133237838745, 0.40050846338272095, -0.2150433212518692, 0.9502740502357483, -0.22524555027484894, -0.4462549388408661, 0.10954069346189499, 0.888176441192627),
            ["Head"] = CFrame.new(1.7881393432617188e-07, -1.1920928955078125e-07, -7.450580596923828e-09, 0.8514876961708069, -0.40693363547325134, -0.330716997385025, 0.4790385067462921, 0.8601834774017334, 0.17494672536849976, 0.21328569948673248, -0.30739110708236694, 0.9273726940155029),
            ["RightUpperArm"] = CFrame.new(2.384185791015625e-07, -3.5762786865234375e-07, -7.450580596923828e-09, 0.38365891575813293, -0.8805264234542847, 0.2783505618572235, 0.664834201335907, 0.472558856010437, 0.5785185694694519, -0.6409379243850708, -0.036896876990795135, 0.7667055130004883),
            ["UpperTorso"] = CFrame.new(-1.862645149230957e-08, -1.1920928955078125e-07, 1.4901161193847656e-08, 0.9445351362228394, 0.1761588454246521, 0.2771667540073395, -0.24974162876605988, 0.9333447813987732, 0.2578693926334381, -0.21326616406440735, -0.31278684735298157, 0.9255712628364563),
            ["HumanoidRootPart"] = CFrame.new(0, 0, 0, 1, 0, 0, 0, 1, 0, 0, 0, 1),
            ["RightHand"] = CFrame.new(-3.073364496231079e-07, 0, -1.1920928955078125e-07, 0.04418204352259636, 0.08534754067659378, -0.9953712224960327, 0.4357614517211914, 0.8949196934700012, 0.09607665985822678, 0.8989771604537964, -0.43798935413360596, 0.002348091686144471),
            ["LeftUpperArm"] = CFrame.new(1.1920928955078125e-07, -1.1920928955078125e-07, 7.450580596923828e-09, 0.920302152633667, 0.2644403278827667, -0.28829720616340637, -0.0746302679181099, 0.8420807719230652, 0.5341631174087524, 0.38402387499809265, -0.47007593512535095, 0.7947041392326355),
            ["RightLowerArm"] = CFrame.new(1.1920928955078125e-07, 0, 1.4901161193847656e-07, 1, -8.288768782449552e-08, 1.1501839480843046e-07, 8.754432911928234e-08, -0.0007466374081559479, -0.9999997615814209, 4.936010356004772e-08, 0.9999997615814209, -0.0007466230308637023),
            ["LeftHand"] = CFrame.new(0, -2.980232238769531e-07, -1.341104507446289e-07, 0.9222704172134399, 0.2412770688533783, 0.3019977807998657, -0.2067691683769226, 0.9680378437042236, -0.1419486403465271, -0.3265943229198456, 0.06847094744443893, 0.9426813125610352),
            ["RightUpperLeg"] = CFrame.new(-5.960464477539063e-08, -3.296881914138794e-07, 1.3205863069742918e-08, 0.7578665018081665, -0.5998924374580383, -0.25645172595977783, 0.5525675415992737, 0.799198567867279, -0.2365390956401825, 0.3468538522720337, 0.03755802661180496, 0.9371668696403503),
            ["LeftUpperLeg"] = CFrame.new(-1.1920928955078125e-07, -3.3527612686157227e-07, 0, 0.8890573978424072, -0.3791883885860443, -0.2565019726753235, 0.24385708570480347, 0.8664528131484985, -0.43565279245376587, 0.3874414265155792, 0.3247705101966858, 0.8627939224243164),
            ["RightLowerLeg"] = CFrame.new(1.2759119272232056e-07, -0.0000603795051574707, -0.00007204169378383085, 1, -1.0617078771701927e-07, -7.823112468940963e-08, 5.5879368687783426e-08, 0.444122314453125, 0.895966112613678, -1.098960922263359e-07, -0.8959662914276123, 0.4441224932670593),
            ["RightFoot"] = CFrame.new(5.21540641784668e-08, 3.5762786865234375e-07, -5.75528247281909e-09, 0.9384540915489197, 0.2870176136493683, -0.19215813279151917, -0.33920031785964966, 0.8707796335220337, -0.35592982172966003, 0.06516945362091064, 0.39920395612716675, 0.9145431518554688),
            ["LeftLowerLeg"] = CFrame.new(-3.655441105365753e-08, 0.0000603795051574707, 0.0000722117256373167, 1, 1.0471923417298967e-07, 2.202432192177639e-08, 0, 0.832302987575531, 0.5543210506439209, 1.6298145055770874e-08, -0.5543210506439209, 0.832302987575531),
        }},
        {Time = 0.200, Data = {
            ["LeftFoot"] = CFrame.new(-3.91155481338501e-08, 0, 1.1175870895385742e-08, 0.9723021984100342, -0.21362286806106567, 0.09483548253774643, 0.11594229191541672, 0.7931414842605591, 0.5978997349739075, -0.20294292271137238, -0.5703437924385071, 0.7959410548210144),
            ["LeftLowerArm"] = CFrame.new(2.384185791015625e-07, -1.1920928955078125e-07, -1.7881393432617188e-07, 1, -6.705523247774181e-08, 7.450581307466564e-08, 2.980232594040899e-08, 0.4812411069869995, -0.8765882253646851, 1.0430814256778831e-07, 0.8765883445739746, 0.48124128580093384),
            ["LowerTorso"] = CFrame.new(-0.31775468587875366, -0.1573047637939453, 0.08017828315496445, 0.8387901782989502, 0.3344613015651703, 0.42961227893829346, -0.2404199093580246, 0.9355038404464722, -0.2589031159877777, -0.4884969890117645, 0.11387806385755539, 0.8651025891304016),
            ["Head"] = CFrame.new(-1.4901161193847656e-08, -2.384185791015625e-07, -1.4901161193847656e-08, 0.8549512028694153, -0.33332598209381104, -0.39743220806121826, 0.4433242082595825, 0.8673415780067444, 0.22623495757579803, 0.2692994773387909, -0.36961114406585693, 0.8893061280250549),
            ["RightUpperArm"] = CFrame.new(0, -1.1920928955078125e-07, -5.960464477539063e-08, 0.32804468274116516, -0.9335981607437134, 0.1441565454006195, 0.5888925790786743, 0.3214252293109894, 0.741546630859375, -0.7386420965194702, -0.15836769342422485, 0.6552308797836304),
            ["UpperTorso"] = CFrame.new(7.078051567077637e-08, 2.9802322387695312e-08, 4.470348358154297e-08, 0.9451178312301636, 0.14568911492824554, 0.2924501597881317, -0.21272316575050354, 0.9537639617919922, 0.2123282253742218, -0.24799451231956482, -0.262886106967926, 0.9324106574058533),
            ["HumanoidRootPart"] = CFrame.new(0, 0, 0, 1, 0, 0, 0, 1, 0, 0, 0, 1),
            ["RightHand"] = CFrame.new(-1.2665987014770508e-07, 0, 1.341104507446289e-07, 0.21267080307006836, 0.0575760081410408, -0.9754262566566467, 0.31371626257896423, 0.9413896799087524, 0.1239660307765007, 0.9253935813903809, -0.3323709964752197, 0.18214353919029236),
            ["LeftUpperArm"] = CFrame.new(0, -2.384185791015625e-07, 0, 0.9464035630226135, 0.2330348789691925, -0.22364069521427155, -0.0932188555598259, 0.8600242137908936, 0.5016658902168274, 0.30924198031425476, -0.45393094420433044, 0.8356532454490662),
            ["RightLowerArm"] = CFrame.new(2.980232238769531e-07, 2.384185791015625e-07, 5.960464477539063e-08, 1, -8.195637946073475e-08, 2.6077039194660756e-08, 1.341104507446289e-07, -0.16833223402500153, -0.9857303500175476, 3.725290298461914e-08, 0.9857303500175476, -0.1683322936296463),
            ["LeftHand"] = CFrame.new(-8.940696716308594e-08, 0, -5.960464477539063e-08, 0.9005056023597717, 0.23090757429599762, 0.368471622467041, -0.1580483466386795, 0.9632118344306946, -0.21735650300979614, -0.40510547161102295, 0.13749420642852783, 0.9038721323013306),
            ["RightUpperLeg"] = CFrame.new(0, 2.4586915969848633e-07, 5.790934665128589e-08, 0.6942877173423767, -0.6482051014900208, -0.312721312046051, 0.6074577569961548, 0.7608175873756409, -0.22836768627166748, 0.38595303893089294, -0.03141229227185249, 0.921983540058136),
            ["LeftUpperLeg"] = CFrame.new(0, 3.948807716369629e-07, 1.1920928955078125e-07, 0.8647491931915283, -0.40380048751831055, -0.2985866963863373, 0.2637515366077423, 0.8711233139038086, -0.41422152519226074, 0.4273685812950134, 0.2794450521469116, 0.8598060607910156),
            ["RightLowerLeg"] = CFrame.new(-8.381903171539307e-08, -0.00006008148193359375, -0.00007214413926703855, 1, -8.195636524988004e-08, -1.415610881849716e-07, 8.940698137394065e-08, 0.43747812509536743, 0.8992288112640381, -1.4901162614933128e-07, -0.8992290496826172, 0.4374787509441376),
            ["RightFoot"] = CFrame.new(6.51925802230835e-09, 3.5762786865234375e-07, -2.8107024263590574e-08, 0.9467424750328064, 0.29056376218795776, -0.13875047862529755, -0.3211856782436371, 0.8826693892478943, -0.34312379360198975, 0.022771349176764488, 0.3694151043891907, 0.9289857745170593),
            ["LeftLowerLeg"] = CFrame.new(1.1175870895385742e-08, 0.000060677528381347656, 0.00007207691669464111, 1, 2.991873770952225e-08, 2.9336653994960216e-08, -2.7939677238464355e-08, 0.8720496296882629, 0.48941752314567566, 2.421438694000244e-08, -0.48941752314567566, 0.8720496296882629),
        }},
        {Time = 0.233, Data = {
            ["LeftFoot"] = CFrame.new(3.725290298461914e-09, -1.1920928955078125e-07, 4.6566128730773926e-09, 0.9694497585296631, -0.23713944852352142, 0.06270605325698853, 0.14757083356380463, 0.7680591344833374, 0.6231434941291809, -0.19593392312526703, -0.5948529243469238, 0.7795897722244263),
            ["LeftLowerArm"] = CFrame.new(-1.1920928955078125e-07, 0, 5.960464477539063e-08, 1, -7.4505797087454084e-09, 1.4901161193847656e-08, 5.2154071283894154e-08, 0.5060918927192688, -0.8624795079231262, 4.4703490686970326e-08, 0.8624796271324158, 0.5060919523239136),
            ["LowerTorso"] = CFrame.new(-0.3001502454280853, -0.16600608825683594, 0.06858223676681519, 0.8172452449798584, 0.350662499666214, 0.45732489228248596, -0.24170204997062683, 0.9289619326591492, -0.28037452697753906, -0.5231542587280273, 0.11859838664531708, 0.8439455032348633),
            ["Head"] = CFrame.new(4.470348358154297e-08, -1.1920928955078125e-07, -2.9802322387695312e-08, 0.8635871410369873, -0.24575887620449066, -0.4402500092983246, 0.36317840218544006, 0.9088770151138306, 0.20504623651504517, 0.3497411906719208, -0.33696448802948, 0.8741487264633179),
            ["RightUpperArm"] = CFrame.new(1.1920928955078125e-07, 0, 2.9802322387695312e-08, 0.36392614245414734, -0.9306955933570862, -0.036923203617334366, 0.5655110478401184, 0.1892833560705185, 0.8027260899543762, -0.7401047945022583, -0.31301364302635193, 0.5952038168907166),
            ["UpperTorso"] = CFrame.new(-5.587935447692871e-08, 1.7881393432617188e-07, 0, 0.9451879262924194, 0.12684617936611176, 0.3008820414543152, -0.18932732939720154, 0.9636521339416504, 0.18849363923072815, -0.26603594422340393, -0.23512713611125946, 0.9348476529121399),
            ["HumanoidRootPart"] = CFrame.new(0, 0, 0, 1, 0, 0, 0, 1, 0, 0, 0, 1),
            ["RightHand"] = CFrame.new(-7.450580596923828e-08, 0, 1.7881393432617188e-07, 0.5068349838256836, 0.09745359420776367, -0.8565167784690857, 0.2353183925151825, 0.9402124285697937, 0.2462235689163208, 0.8293030858039856, -0.3263486921787262, 0.45360004901885986),
            ["LeftUpperArm"] = CFrame.new(0, 1.1920928955078125e-07, -1.4901161193847656e-08, 0.922695517539978, 0.2633891701698303, -0.28153011202812195, -0.1065673902630806, 0.8760374188423157, 0.47032108902931213, 0.3705084025859833, -0.40396130084991455, 0.8363845348358154),
            ["RightLowerArm"] = CFrame.new(-2.384185791015625e-07, -1.1920928955078125e-07, -1.1920928955078125e-07, 1, -1.4901161193847656e-07, 1.266598985694145e-07, 8.195639367158947e-08, -0.2909754514694214, -0.9567304849624634, 6.705523247774181e-08, 0.9567306041717529, -0.29097554087638855),
            ["LeftHand"] = CFrame.new(1.7881393432617188e-07, 1.1920928955078125e-07, 1.043081283569336e-07, 0.9250872135162354, 0.17383038997650146, 0.3376340866088867, -0.13287384808063507, 0.9810481667518616, -0.1410292536020279, -0.35575032234191895, 0.08560159057378769, 0.9306524395942688),
            ["RightUpperLeg"] = CFrame.new(-1.1920928955078125e-07, 7.82310962677002e-08, 6.908521754667163e-08, 0.6495175361633301, -0.6662119626998901, -0.3664543628692627, 0.6285271644592285, 0.7416572570800781, -0.23430344462394714, 0.427879273891449, -0.07814248651266098, 0.90045166015625),
            ["LeftUpperLeg"] = CFrame.new(-1.7881393432617188e-07, -1.2293457984924316e-07, 2.9802322387695312e-08, 0.8469133973121643, -0.4190368950366974, -0.3273315131664276, 0.2572405934333801, 0.8616476655006409, -0.43748199939727783, 0.46536552906036377, 0.2863065004348755, 0.8375343084335327),
            ["RightLowerLeg"] = CFrame.new(-7.450580596923828e-09, -0.00006008148193359375, -0.00007210874900920317, 1, -1.1175872316471214e-07, -5.96046660916727e-08, 1.7508870087112882e-07, 0.417189359664917, 0.9088193774223328, -2.7939687896605392e-08, -0.9088196158409119, 0.41718989610671997),
            ["RightFoot"] = CFrame.new(6.51925802230835e-09, 2.980232238769531e-07, -2.8107024263590574e-08, 0.956093430519104, 0.275639146566391, -0.09954158216714859, -0.29293277859687805, 0.8887638449668884, -0.3525461256504059, -0.008706662803888321, 0.3662266135215759, 0.9304852485656738),
            ["LeftLowerLeg"] = CFrame.new(1.792795956134796e-08, 0.000060498714447021484, 0.00007197074592113495, 1, -2.7357597076616003e-08, 4.3306489061478715e-08, -1.2293456563838845e-07, 0.8560483455657959, 0.5168958306312561, 8.381902460996571e-08, -0.5168958902359009, 0.8560483455657959),
        }},
        {Time = 0.267, Data = {
            ["LeftFoot"] = CFrame.new(8.335337042808533e-08, -5.960464477539063e-08, -1.257285475730896e-08, 0.9655270576477051, -0.2544274926185608, 0.0549921914935112, 0.181023970246315, 0.8081181645393372, 0.5605136156082153, -0.18705041706562042, -0.5312359929084778, 0.826317310333252),
            ["LeftLowerArm"] = CFrame.new(-5.960464477539063e-08, -3.5762786865234375e-07, -8.940696716308594e-08, 1, -2.6077037773575285e-07, 5.960465188081798e-08, 7.450580596923828e-08, 0.5227313041687012, -0.8524975776672363, -1.4901161193847656e-08, 0.8524974584579468, 0.5227312445640564),
            ["LowerTorso"] = CFrame.new(-0.24782221019268036, -0.18856477737426758, 0.06017204374074936, 0.8117982149124146, 0.32084664702415466, 0.48789459466934204, -0.20495374500751495, 0.9389245510101318, -0.27643200755119324, -0.5467885136604309, 0.12441117316484451, 0.8279759883880615),
            ["Head"] = CFrame.new(2.9802322387695312e-08, -1.1920928955078125e-07, -7.450580596923828e-09, 0.8649979829788208, -0.17067252099514008, -0.47185754776000977, 0.260990172624588, 0.9561935067176819, 0.13258253037929535, 0.42855891585350037, -0.23783372342586517, 0.8716492056846619),
            ["RightUpperArm"] = CFrame.new(-1.1920928955078125e-07, 0, -8.940696716308594e-08, 0.3995446562767029, -0.9011734127998352, -0.16807879507541656, 0.583532989025116, 0.10861262679100037, 0.8047935366630554, -0.7070030570030212, -0.4196305572986603, 0.5692600011825562),
            ["UpperTorso"] = CFrame.new(4.842877388000488e-08, -2.384185791015625e-07, -7.078051567077637e-08, 0.946975588798523, 0.12079538404941559, 0.29773449897766113, -0.1884448528289795, 0.9593357443809509, 0.2101512849330902, -0.2602421045303345, -0.2551146447658539, 0.9312307238578796),
            ["HumanoidRootPart"] = CFrame.new(0, 0, 0, 1, 0, 0, 0, 1, 0, 0, 0, 1),
            ["RightHand"] = CFrame.new(6.705522537231445e-08, 2.384185791015625e-07, 2.9802322387695312e-08, 0.6811030507087708, 0.2413480579853058, -0.6912670135498047, 0.07518438249826431, 0.9160674214363098, 0.3939133882522583, 0.7283173203468323, -0.3202681243419647, 0.6057906150817871),
            ["LeftUpperArm"] = CFrame.new(-1.1920928955078125e-07, -1.1920928955078125e-07, 1.4901161193847656e-08, 0.8823886513710022, 0.30881267786026, -0.35499995946884155, -0.13331615924835205, 0.8876528739929199, 0.4407942295074463, 0.4512394368648529, -0.34162455797195435, 0.8244243860244751),
            ["RightLowerArm"] = CFrame.new(1.1920928955078125e-07, 2.384185791015625e-07, -1.7881393432617188e-07, 1, -1.0430814256778831e-07, 1.0430814256778831e-07, 7.450581307466564e-08, -0.3846849799156189, -0.9230479598045349, 1.3411046495548362e-07, 0.9230480194091797, -0.3846849203109741),
            ["LeftHand"] = CFrame.new(1.1920928955078125e-07, 1.1920928955078125e-07, 2.384185791015625e-07, 0.9503884315490723, 0.08978383243083954, 0.29782646894454956, -0.06625039130449295, 0.9938961267471313, -0.08821197599172592, -0.3039288818836212, 0.0641045868396759, 0.9505357146263123),
            ["RightUpperLeg"] = CFrame.new(5.960464477539063e-08, -2.60770320892334e-08, -8.365168469026685e-08, 0.6584412455558777, -0.6263110041618347, -0.4173603057861328, 0.5822341442108154, 0.7752724885940552, -0.2448597550392151, 0.4769262671470642, -0.08177564293146133, 0.8751308917999268),
            ["LeftUpperLeg"] = CFrame.new(2.9802322387695312e-08, -3.0174851417541504e-07, -8.940696716308594e-08, 0.8446078300476074, -0.40003275871276855, -0.35582515597343445, 0.19555608928203583, 0.8492022752761841, -0.49052345752716064, 0.49839305877685547, 0.34471625089645386, 0.795471727848053),
            ["RightLowerLeg"] = CFrame.new(-7.450580596923828e-08, -0.000060439109802246094, -0.0000721050237189047, 1, -1.4156103134155273e-07, -9.685758328714655e-08, 6.705523247774181e-08, 0.3891574442386627, 0.9211711287498474, -8.847565169389782e-08, -0.921171247959137, 0.3891580104827881),
