return {
    ["Lofi Headbang"] = {
        {Time = 0.000, Data = {
            ["RightFoot"] = CFrame.new(5.587935447692871e-08, 2.384185791015625e-07, 1.6596459317952394e-08, 0.9596734046936035, 0.23843683302402496, -0.1489134579896927, -0.27560046315193176, 0.6935627460479736, -0.6655930876731873, -0.055421534925699234, 0.6797930598258972, 0.7313075661659241),
            ["LeftLowerArm"] = CFrame.new(0, 5.960464477539063e-08, 6.705522537231445e-08, 1, -2.0116563348437921e-07, 9.685752644372769e-08, -8.195638656616211e-08, 0.9983821511268616, -0.05686075985431671, 1.564621925354004e-07, 0.05686064064502716, 0.9983820915222168),
            ["RightUpperArm"] = CFrame.new(0, -0.06523752212524414, 5.960464477539063e-08, 0.29233211278915405, 0.061764709651470184, 0.9543201923370361, 0.626796305179596, 0.7413066029548645, -0.2399815171957016, -0.7222662568092346, 0.6683184504508972, 0.17799383401870728),
            ["Head"] = CFrame.new(-7.450580596923828e-09, 1.1920928955078125e-07, -3.632158041000366e-08, 0.9684847593307495, 0.09075789898633957, 0.23194915056228638, -0.1182185560464859, 0.9871679544448853, 0.10734940320253372, -0.2192297726869583, -0.13138677179813385, 0.9667863845825195),
            ["LowerTorso"] = CFrame.new(-0.1811288595199585, -0.39554929733276367, 0.052782632410526276, 0.9086248874664307, -0.024020962417125702, -0.4169219434261322, -0.012662268243730068, 0.9963006377220154, -0.08499789237976074, 0.4174213111400604, 0.0825103372335434, 0.9049593210220337),
            ["UpperTorso"] = CFrame.new(-1.862645149230957e-09, -2.086162567138672e-07, 1.955777406692505e-08, 0.9899057745933533, -0.1415165215730667, 0.007733815349638462, 0.09531846642494202, 0.7051505446434021, 0.7026216387748718, -0.10488609224557877, -0.6947919130325317, 0.7115216851234436),
            ["HumanoidRootPart"] = CFrame.new(0, 0, 0, 1, 0, 0, 0, 1, 0, 0, 0, 1),
            ["RightUpperLeg"] = CFrame.new(-0.000025600194931030273, -0.00012589339166879654, -0.004997489042580128, 0.9629578590393066, -0.26811155676841736, 0.028786592185497284, 0.25819170475006104, 0.8859697580337524, -0.3852200508117676, 0.07777794450521469, 0.378383070230484, 0.9223756790161133),
            ["LeftUpperArm"] = CFrame.new(0, -0.06523787975311279, -1.7881393432617188e-07, 0.028744615614414215, 0.5204009413719177, 0.8534381985664368, -0.9989760518074036, 0.0447973795235157, 0.006330414209514856, -0.03493741154670715, -0.8527462482452393, 0.5211557149887085),
            ["RightLowerArm"] = CFrame.new(5.960464477539063e-08, 0, -1.1175870895385742e-08, 1, 1.2107190805465962e-08, 1.0803343286625022e-07, 8.381903882082042e-08, -0.15156635642051697, -0.9884471893310547, 1.3533282583466644e-07, 0.9884471297264099, -0.15156607329845428),
            ["LeftHand"] = CFrame.new(8.940696716308594e-08, 1.1920928955078125e-07, 1.9744038581848145e-07, 0.5782342553138733, 0.7597885727882385, -0.2972649335861206, -0.7852197885513306, 0.6171879172325134, 0.05009438097476959, 0.22152931988239288, 0.2044518142938614, 0.9534800052642822),
            ["LeftFoot"] = CFrame.new(-4.1385646909475327e-08, 0, 1.1175870895385742e-08, 0.9932454824447632, 0.1067880317568779, 0.04538555443286896, -0.07302334904670715, 0.8792568445205688, -0.4707176089286804, -0.09017244726419449, 0.4642239809036255, 0.8811158537864685),
            ["RightHand"] = CFrame.new(4.470348358154297e-08, 1.1920928955078125e-07, -2.0116567611694336e-07, 0.9895907640457153, 0.020393721759319305, -0.14245770871639252, -0.020777514204382896, 0.9997833967208862, -0.0012084306217730045, 0.14240209758281708, 0.004155287053436041, 0.9898001551628113),
            ["RightLowerLeg"] = CFrame.new(-1.0314397513866425e-07, 1.1920928955078125e-07, -9.946234058588743e-09, 1, -2.682207025372918e-07, 1.3411049337719305e-07, 4.023311532819207e-07, 0.2945641577243805, 0.9556317329406738, -8.195634393359796e-08, -0.9556317925453186, 0.2945643961429596),
            ["LeftUpperLeg"] = CFrame.new(0.000025510787963867188, 0.00012544356286525726, 0.004997526295483112, 0.9011158347129822, 0.24049483239650726, 0.36076682806015015, 0.08303164690732956, 0.7209492325782776, -0.6879956722259521, -0.42555391788482666, 0.6499188542366028, 0.6296898126602173),
            ["LeftLowerLeg"] = CFrame.new(9.69739630818367e-08, 1.1920928955078125e-07, 1.0803341865539551e-07, 1, 1.1117663234472275e-07, 6.461050361394882e-08, -7.392372225467625e-08, 0.24128445982933044, 0.9704544544219971, 6.612389569227162e-08, -0.9704544544219971, 0.24128444492816925),
        }},
        {Time = 0.033, Data = {
            ["RightFoot"] = CFrame.new(8.195638656616211e-08, 3.5762786865234375e-07, -4.300818545743823e-08, 0.9598804712295532, 0.2370646595954895, -0.1497664600610733, -0.27479639649391174, 0.6889321804046631, -0.67071533203125, -0.055824726819992065, 0.6849619150161743, 0.7264371514320374),
            ["LeftLowerArm"] = CFrame.new(-5.960464477539063e-08, -1.7881393432617188e-07, 2.384185791015625e-07, 1, -2.2351744632942427e-07, 3.7252885221050747e-08, -2.682208730675484e-07, 0.9979591965675354, -0.06385543942451477, -4.470347647611561e-08, 0.06385572999715805, 0.9979591369628906),
            ["RightUpperArm"] = CFrame.new(0, -0.06523823738098145, -5.960464477539062e-07, 0.2515536844730377, 0.17696113884449005, 0.9515279531478882, 0.6364458203315735, 0.7104290127754211, -0.3003786504268646, -0.7291485667228699, 0.6811574697494507, 0.06608507037162781),
            ["Head"] = CFrame.new(-5.21540641784668e-08, -1.1920928955078125e-07, -1.341104507446289e-07, 0.9833834171295166, 0.008913404308259487, 0.18132193386554718, -0.07743073254823685, 0.9239813089370728, 0.37451690435409546, -0.16419987380504608, -0.3823336958885193, 0.9093181490898132),
            ["LowerTorso"] = CFrame.new(-0.17548218369483948, -0.41661930084228516, 0.05433058738708496, 0.882416844367981, -0.03254390135407448, -0.46934160590171814, -0.014692197553813457, 0.9952118396759033, -0.09663083404302597, 0.47023889422416687, 0.09216427803039551, 0.8777135014533997),
            ["UpperTorso"] = CFrame.new(0, 3.5762786865234375e-07, 3.725290298461914e-09, 0.9835942387580872, -0.17333009839057922, -0.049991633743047714, 0.14914701879024506, 0.6254761219024658, 0.7658559083938599, -0.10147722065448761, -0.7607472538948059, 0.6410660743713379),
            ["HumanoidRootPart"] = CFrame.new(0, 0, 0, 1, 0, 0, 0, 1, 0, 0, 0, 1),
            ["RightUpperLeg"] = CFrame.new(-0.000025510787963867188, -0.0001254994422197342, -0.0049974676221609116, 0.9670215845108032, -0.23716792464256287, 0.092849001288414, 0.2541238069534302, 0.8740574717521667, -0.41405877470970154, 0.017046647146344185, 0.42399871349334717, 0.9055023193359375),
            ["LeftUpperArm"] = CFrame.new(0, -0.0652381181716919, -3.5762786865234375e-07, -0.06852123886346817, 0.4517636299133301, 0.8895022869110107, -0.9727261066436768, 0.1677950918674469, -0.16015256941318512, -0.22160539031028748, -0.8762160539627075, 0.4279448986053467),
            ["RightLowerArm"] = CFrame.new(-1.7881393432617188e-07, 5.960464477539063e-08, -3.725290298461914e-08, 1, 3.678723814459772e-08, 1.0617075929530984e-07, 8.055940270423889e-08, -0.21486632525920868, -0.9766435623168945, 4.96511347591877e-08, 0.9766435623168945, -0.2148660570383072),
            ["LeftHand"] = CFrame.new(3.5762786865234375e-07, -1.1920928955078125e-07, 2.9802322387695312e-08, 0.5585088133811951, 0.7783451080322266, -0.28678658604621887, -0.7967579364776611, 0.599557638168335, 0.07554931938648224, 0.23074860870838165, 0.18630465865135193, 0.9550109505653381),
            ["LeftFoot"] = CFrame.new(-6.51925802230835e-09, 0, 4.470348358154297e-08, 0.9920852184295654, 0.08837845176458359, 0.08919724076986313, -0.03216032311320305, 0.8655083775520325, -0.4998607039451599, -0.12137796729803085, 0.49303609132766724, 0.8615005612373352),
            ["RightHand"] = CFrame.new(1.9371509552001953e-07, 0, -2.980232238769531e-07, 0.9865233302116394, 0.010944074019789696, -0.16325458884239197, -0.009615427814424038, 0.9999140501022339, 0.008925850503146648, 0.16333800554275513, -0.007235819473862648, 0.986543595790863),
            ["RightLowerLeg"] = CFrame.new(1.5273690223693848e-07, 0, 1.6596459317952394e-08, 1, -1.4901149825163884e-07, 1.6391271628890536e-07, 5.215402438807359e-07, 0.24401289224624634, 0.9697719812393188, -9.685747670573619e-08, -0.9697720408439636, 0.2440127283334732),
            ["LeftUpperLeg"] = CFrame.new(0.000025451183319091797, 0.000125933438539505, 0.004997503012418747, 0.8980295658111572, 0.26320263743400574, 0.352516233921051, 0.060293979942798615, 0.720095157623291, -0.6912505626678467, -0.43578392267227173, 0.6420180797576904, 0.6307970881462097),
            ["LeftLowerLeg"] = CFrame.new(-3.3527612686157227e-08, 0, 1.7881393432617188e-07, 1, 8.754431490842762e-08, 5.960467319710006e-08, -8.568167686462402e-08, 0.19641415774822235, 0.9805210828781128, 6.332993507385254e-08, -0.980521023273468, 0.19641432166099548),
        }},
        {Time = 0.067, Data = {
            ["RightFoot"] = CFrame.new(-6.332993507385254e-08, 3.5762786865234375e-07, -2.8107024263590574e-08, 0.9599130749702454, 0.2354312241077423, -0.15211611986160278, -0.27645766735076904, 0.7056886553764343, -0.652360737323761, -0.046239957213401794, 0.6682632565498352, 0.7424864768981934),
            ["LeftLowerArm"] = CFrame.new(2.086162567138672e-07, 2.384185791015625e-07, 2.384185791015625e-07, 1, -2.980231954552437e-07, 2.9802315282267955e-08, -3.8743027630516735e-07, 0.9966188669204712, -0.08216287195682526, 5.960465898624534e-08, 0.08216303586959839, 0.9966189861297607),
            ["RightUpperArm"] = CFrame.new(-1.1920928955078125e-07, -0.0652381181716919, 1.4901161193847656e-08, 0.22384342551231384, 0.2690342664718628, 0.9367576837539673, 0.6173256039619446, 0.7046231031417847, -0.34987911581993103, -0.7541905045509338, 0.6566025018692017, -0.008356497623026371),
            ["Head"] = CFrame.new(0, -1.1920928955078125e-07, 1.862645149230957e-07, 0.9818142056465149, -0.05523636192083359, 0.18163111805915833, -0.06803624331951141, 0.7908099293708801, 0.6082687377929688, -0.17723438143730164, -0.6095643639564514, 0.7726703882217407),
            ["LowerTorso"] = CFrame.new(-0.17119333148002625, -0.40392446517944336, 0.04760543629527092, 0.8443461656570435, -0.03531937301158905, -0.5346327424049377, -0.023879524320364, 0.9943528771400452, -0.10340308398008347, 0.5352656841278076, 0.10007474571466446, 0.8387345671653748),
            ["UpperTorso"] = CFrame.new(2.2351741790771484e-08, 1.1920928955078125e-07, -1.1175870895385742e-08, 0.9759781360626221, -0.19753558933734894, -0.09190521389245987, 0.19179889559745789, 0.5789111852645874, 0.7925118803977966, -0.10334408283233643, -0.7911014556884766, 0.6028916835784912),
            ["HumanoidRootPart"] = CFrame.new(0, 0, 0, 1, 0, 0, 0, 1, 0, 0, 0, 1),
            ["RightUpperLeg"] = CFrame.new(-0.000025480985641479492, -0.00012565497308969498, -0.004997437819838524, 0.965403139591217, -0.20034159719944, 0.16691386699676514, 0.25363144278526306, 0.8700954914093018, -0.42261648178100586, -0.060562942177057266, 0.4503299593925476, 0.8908059597015381),
            ["LeftUpperArm"] = CFrame.new(1.1920928955078125e-07, -0.0652381181716919, -8.940696716308594e-08, -0.18937408924102783, 0.39741581678390503, 0.8978852033615112, -0.908750593662262, 0.2754077613353729, -0.3135649561882019, -0.37190040946006775, -0.8753349781036377, 0.30899709463119507),
            ["RightLowerArm"] = CFrame.new(-2.9802322387695312e-08, -1.1920928955078125e-07, -8.940696716308594e-08, 1, 2.60770320892334e-08, 3.27825716794905e-07, -1.6577536143813631e-07, -0.18323871493339539, -0.9830685257911682, 1.0849904441556646e-07, 0.9830685257911682, -0.18323883414268494),
            ["LeftHand"] = CFrame.new(-8.940696716308594e-08, -1.1920928955078125e-07, -2.384185791015625e-07, 0.5781896710395813, 0.7695420384407043, -0.27111199498176575, -0.7795988917350769, 0.6190873980522156, 0.09463923424482346, 0.24067063629627228, 0.15663929283618927, 0.9578840136528015),
            ["LeftFoot"] = CFrame.new(3.166496753692627e-08, -5.960464477539063e-08, -3.725290298461914e-08, 0.9867739081382751, 0.06408889591693878, 0.14889580011367798, 0.021428577601909637, 0.858894944190979, -0.5117033123970032, -0.16068027913570404, 0.5081261396408081, 0.8461618423461914),
            ["RightHand"] = CFrame.new(5.960464477539063e-08, -5.960464477539063e-08, 7.450580596923828e-09, 0.9894706606864929, 0.016200311481952667, -0.14382508397102356, -0.013424308970570564, 0.999704897403717, 0.020251916721463203, 0.14411033689975739, -0.018107889220118523, 0.9893958568572998),
            ["RightLowerLeg"] = CFrame.new(-1.7695128917694092e-08, 5.960464477539063e-08, 1.7527781892567873e-08, 1, -7.450576333667414e-08, 1.1920927533992653e-07, 4.768369876728684e-07, 0.24984654784202576, 0.9682854413986206, -1.7136329688582919e-07, -0.9682854413986206, 0.24984650313854218),
            ["LeftUpperLeg"] = CFrame.new(0.000025540590286254883, 0.00012553483247756958, 0.004997458308935165, 0.8957914113998413, 0.2643944025039673, 0.35728639364242554, 0.040297288447618484, 0.7522175908088684, -0.6576810479164124, -0.4426443576812744, 0.6035429835319519, 0.6631757020950317),
            ["LeftLowerLeg"] = CFrame.new(4.470348358154297e-08, -1.7881393432617188e-07, 1.210719347000122e-08, 1, 6.763728066516705e-08, 4.4703490686970326e-08, -7.450579886381092e-08, 0.21622830629348755, 0.9763428568840027, 7.264315371457997e-08, -0.9763428568840027, 0.2162284553050995),
        }},
        {Time = 0.100, Data = {
            ["RightFoot"] = CFrame.new(2.2351741790771484e-08, 1.7881393432617188e-07, 1.6952981241047382e-09, 0.9596386551856995, 0.24908652901649475, -0.13057377934455872, -0.2774219810962677, 0.7622103691101074, -0.584869384765625, -0.04615893214941025, 0.5974876284599304, 0.8005486726760864),
            ["LeftLowerArm"] = CFrame.new(-5.960464477539063e-08, -3.5762786865234375e-07, -3.725290298461914e-08, 1, 2.9802322387695312e-08, 1.4528630742915993e-07, 1.7881397695873602e-07, 0.9929643869400024, -0.11841388046741486, 2.10478958706517e-07, 0.118414007127285, 0.9929643869400024),
            ["RightUpperArm"] = CFrame.new(-1.7881393432617188e-07, -0.06523787975311279, 8.940696716308594e-08, 0.22854559123516083, 0.31639719009399414, 0.920684278011322, 0.5889313220977783, 0.7081099152565002, -0.3895385265350342, -0.7751948237419128, 0.6312472224235535, -0.02450055256485939),
            ["Head"] = CFrame.new(-1.043081283569336e-07, -1.1920928955078125e-07, -1.4901161193847656e-07, 0.9776349067687988, -0.133559450507164, 0.1624559611082077, -0.02717510610818863, 0.6857620477676392, 0.7273183465003967, -0.20854613184928894, -0.7154665589332581, 0.6667954921722412),
            ["LowerTorso"] = CFrame.new(-0.16708506643772125, -0.36481404304504395, 0.02985103614628315, 0.7939097285270691, -0.03279717639088631, -0.6071506142616272, -0.04036736488342285, 0.9934982657432556, -0.10645155608654022, 0.6066941618919373, 0.10902196913957596, 0.7874237895011902),
            ["UpperTorso"] = CFrame.new(7.450580596923828e-09, 5.960464477539063e-08, -4.0978193283081055e-08, 0.9755310416221619, -0.19984522461891174, -0.09165866672992706, 0.1894858479499817, 0.552765429019928, 0.8115079998970032, -0.11151015013456345, -0.8090193271636963, 0.577107846736908),
            ["HumanoidRootPart"] = CFrame.new(0, 0, 0, 1, 0, 0, 0, 1, 0, 0, 0, 1),
            ["RightUpperLeg"] = CFrame.new(-0.000025510787963867188, -0.00012557301670312881, -0.004997489973902702, 0.9577391147613525, -0.19137713313102722, 0.2147340476512909, 0.2690017521381378, 0.8602843880653381, -0.4330689311027527, -0.10185258090496063, 0.4725310802459717, 0.8754088282585144),
            ["LeftUpperArm"] = CFrame.new(1.1920928955078125e-07, -0.0652381181716919, 8.940696716308594e-08, -0.27264395356178284, 0.38830623030662537, 0.8802746534347534, -0.8181076645851135, 0.3879292905330658, -0.4245123267173767, -0.5063251256942749, -0.8359002470970154, 0.21191003918647766),
            ["RightLowerArm"] = CFrame.new(-2.9802322387695312e-08, -2.980232238769531e-07, 9.685754776000977e-08, 1, 2.4586915969848633e-07, 2.1606693678677402e-07, -1.2293459406009788e-07, -0.09807547181844711, -0.9951790571212769, 2.700835750601982e-07, 0.9951789975166321, -0.0980757623910904),
            ["LeftHand"] = CFrame.new(2.682209014892578e-07, -1.1920928955078125e-07, 2.9802322387695312e-08, 0.6361075043678284, 0.7277768850326538, -0.2563360035419464, -0.7301903963088989, 0.6751496195793152, 0.10485822707414627, 0.2493780553340912, 0.12047310173511505, 0.9608832597732544),
            ["LeftFoot"] = CFrame.new(9.313225746154785e-09, -5.960464477539063e-08, -7.450580596923828e-09, 0.9752623438835144, 0.039084792137145996, 0.21756793558597565, 0.0788065493106842, 0.8580955266952515, -0.5074067711830139, -0.20652571320533752, 0.5120006203651428, 0.8337880969047546),
            ["RightHand"] = CFrame.new(0, 0, -1.2293457984924316e-07, 0.9990460872650146, 0.04348719120025635, 0.003980414476245642, -0.04355384781956673, 0.9988806843757629, 0.018452022224664688, -0.003173906821757555, -0.018608197569847107, 0.9998218417167664),
            ["RightLowerLeg"] = CFrame.new(2.421438694000244e-08, 2.384185791015625e-07, 5.3849362302571535e-08, 1, -1.3411036547950062e-07, 2.0861631355728605e-07, 4.172322576323495e-07, 0.2845773696899414, 0.9586532115936279, -1.490115231206346e-08, -0.9586530327796936, 0.28457701206207275),
            ["LeftUpperLeg"] = CFrame.new(0.000025510787963867188, 0.0001257285475730896, 0.00499749556183815, 0.8935907483100891, 0.2428469955921173, 0.3775194585323334, 0.027753513306379318, 0.8095212578773499, -0.5864343047142029, -0.4480240046977997, 0.5345098376274109, 0.7166407704353333),
            ["LeftLowerLeg"] = CFrame.new(-1.1175870895385742e-08, 1.7881393432617188e-07, 2.60770320892334e-08, 1, 5.960465188081798e-08, 6.705523247774181e-08, -1.0058283805847168e-07, 0.2915615737438202, 0.9565520286560059, 6.705522537231445e-08, -0.9565521478652954, 0.29156169295310974),
        }},
        {Time = 0.133, Data = {
            ["RightFoot"] = CFrame.new(-2.2351741790771484e-08, 2.980232238769531e-07, -1.3205863069742918e-08, 0.9585968852043152, 0.2763715088367462, -0.06863576918840408, -0.27594274282455444, 0.8419747352600098, -0.4636101722717285, -0.07033968716859818, 0.46335461735725403, 0.8833770155906677),
            ["LeftLowerArm"] = CFrame.new(1.7881393432617188e-07, 1.1920928955078125e-07, 5.960464477539063e-08, 1, -7.357445497291337e-08, -1.0803340444454079e-07, -8.754430069757291e-08, 0.9841497540473938, -0.17733962833881378, -1.4528629321830522e-07, 0.17733947932720184, 0.9841497540473938),
            ["RightUpperArm"] = CFrame.new(-1.1920928955078125e-07, -0.06523776054382324, -2.086162567138672e-07, 0.25781115889549255, 0.3192078769207001, 0.9119427800178528, 0.5479696989059448, 0.7290677428245544, -0.4101099371910095, -0.7957780957221985, 0.6054475903511047, 0.01304591167718172),
            ["Head"] = CFrame.new(-9.685754776000977e-08, -1.1920928955078125e-07, -1.6391277313232422e-07, 0.9878193140029907, -0.13822151720523834, 0.07147068530321121, 0.03108631819486618, 0.625342071056366, 0.7797315120697021, -0.15246915817260742, -0.7680119276046753, 0.6220214366912842),
            ["LowerTorso"] = CFrame.new(-0.16297443211078644, -0.3154914379119873, -0.005297557450830936, 0.726826012134552, -0.026839250698685646, -0.6862970590591431, -0.06428603827953339, 0.9921910166740417, -0.10688453912734985, 0.6838065385818481, 0.12180580198764801, 0.7194247841835022),
            ["UpperTorso"] = CFrame.new(-7.450580596923828e-09, 5.960464477539063e-08, 7.450580596923828e-09, 0.9798166751861572, -0.19223979115486145, -0.05480232089757919, 0.15508265793323517, 0.5580446720123291, 0.8151904344558716, -0.1261301338672638, -0.8072361350059509, 0.5765945315361023),
            ["HumanoidRootPart"] = CFrame.new(0, 0, 0, 1, 0, 0, 0, 1, 0, 0, 0, 1),
            ["RightUpperLeg"] = CFrame.new(-0.000025451183319091797, -0.0001254272647202015, -0.004997501149773598, 0.9494776129722595, -0.2237788736820221, 0.22003501653671265, 0.30401375889778137, 0.8298587203025818, -0.4678782820701599, -0.07789648324251175, 0.51113361120224, 0.8559641242027283),
            ["LeftUpperArm"] = CFrame.new(-2.384185791015625e-07, -0.0652381181716919, -2.682209014892578e-07, -0.3070164918899536, 0.41710013151168823, 0.8554345965385437, -0.709065854549408, 0.4992891550064087, -0.49793219566345215, -0.6347964406013489, -0.7594326138496399, 0.14246152341365814),
            ["RightLowerArm"] = CFrame.new(0, -2.384185791015625e-07, -3.3527612686157227e-08, 1, 2.3283064365386963e-07, 2.5797643843361584e-07, -1.103617250919342e-07, 0.025413278490304947, -0.9996770620346069, 3.46451997756958e-07, 0.9996770620346069, 0.025413135066628456),
            ["LeftHand"] = CFrame.new(-3.8929283618927e-07, -1.1920928955078125e-07, -1.4901161193847656e-07, 0.8467984795570374, 0.47091519832611084, -0.24732866883277893, -0.47094565629959106, 0.8799135684967041, 0.06294643878936768, 0.24727052450180054, 0.06317548453807831, 0.9668848514556885),
            ["LeftFoot"] = CFrame.new(-1.6763806343078613e-08, -5.960464477539063e-08, 3.91155481338501e-08, 0.9575285315513611, 0.018848992884159088, 0.28772178292274475, 0.13219597935676575, 0.8581085801124573, -0.4961588978767395, -0.25624847412109375, 0.5131221413612366, 0.8191719651222229),
            ["RightHand"] = CFrame.new(-1.7881393432617188e-07, -5.960464477539063e-08, -8.381903171539307e-09, 0.9793158769607544, 0.09211950749158859, 0.18015079200267792, -0.09330636262893677, 0.9956356883049011, -0.0018944407347589731, -0.1795392483472824, -0.01495408359915018, 0.983637273311615),
            ["RightLowerLeg"] = CFrame.new(-1.7508864402770996e-07, 1.1920928955078125e-07, -3.55576048605144e-08, 1, 7.450576333667414e-08, 2.5331965503028187e-07, 4.6193582647902076e-07, 0.3097096085548401, 0.9508312344551086, -1.6391271628890536e-07, -0.9508311748504639, 0.3097096085548401),
            ["LeftUpperLeg"] = CFrame.new(0.000025391578674316406, 0.0001260349527001381, 0.004997484385967255, 0.8872193694114685, 0.19926713407039642, 0.41609400510787964, 0.02669902890920639, 0.8782208561897278, -0.4775095582008362, -0.4605747163295746, 0.43476518988609314, 0.7738541960716248),
            ["LeftLowerLeg"] = CFrame.new(-8.381903171539307e-08, 5.960464477539063e-08, 3.725290298461914e-08, 1, 8.009374141693115e-08, 8.288773045705966e-08, -6.239862671009178e-08, 0.40094831585884094, 0.9161006212234497, 5.5879368687783426e-08, -0.9161007404327393, 0.40094852447509766),
        }},
        {Time = 0.167, Data = {
            ["RightFoot"] = CFrame.new(7.450580596923828e-09, 2.980232238769531e-07, -1.3205863069742918e-08, 0.9560641646385193, 0.29283764958381653, 0.013688430190086365, -0.2706019878387451, 0.8995036482810974, -0.3430272042751312, -0.11276468634605408, 0.3242518901824951, 0.9392257928848267),
            ["LeftLowerArm"] = CFrame.new(2.086162567138672e-07, 0, -2.9802322387695312e-08, 1, -9.313222193441106e-09, 1.3317908553744928e-07, -1.4156103134155273e-07, 0.9672403931617737, -0.2538619339466095, 1.1920928955078125e-07, 0.25386202335357666, 0.9672404527664185),
            ["RightUpperArm"] = CFrame.new(2.384185791015625e-07, -0.0652381181716919, -5.029141902923584e-08, 0.29586872458457947, 0.30055153369903564, 0.9067140817642212, 0.4968406856060028, 0.7622911334037781, -0.4148029685020447, -0.8158499002456665, 0.5732198357582092, 0.07621177285909653),
            ["Head"] = CFrame.new(1.4994293451309204e-07, -1.1920928955078125e-07, 5.960464477539063e-08, 0.9986481666564941, -0.041041068732738495, -0.03189833462238312, 0.050295617431402206, 0.6080165505409241, 0.7923297882080078, -0.013123312965035439, -0.7928629517555237, 0.6092585921287537),
            ["LowerTorso"] = CFrame.new(-0.15917213261127472, -0.27679920196533203, -0.05170107260346413, 0.6406152248382568, -0.007241887040436268, -0.7678278684616089, -0.10440051555633545, 0.9898484349250793, -0.09643970429897308, 0.7607316970825195, 0.1419423222541809, 0.6333559155464172),
            ["UpperTorso"] = CFrame.new(-2.537854015827179e-08, 2.086162567138672e-07, 1.0011717677116394e-08, 0.9786245226860046, -0.20467208325862885, -0.02008829079568386, 0.1407221406698227, 0.5952016115188599, 0.7911588549613953, -0.14997167885303497, -0.77707439661026, 0.6112806797027588),
            ["HumanoidRootPart"] = CFrame.new(0, 0, 0, 1, 0, 0, 0, 1, 0, 0, 0, 1),
            ["RightUpperLeg"] = CFrame.new(-0.000025600194931030273, -0.00012538174632936716, -0.004997456446290016, 0.9349501729011536, -0.2796897888183594, 0.218270406126976, 0.35450220108032227, 0.7608010768890381, -0.5436081886291504, -0.014018741436302662, 0.5856239199638367, 0.8104617595672607),
            ["LeftUpperArm"] = CFrame.new(1.1920928955078125e-07, -0.06523823738098145, -2.9802322387695312e-08, -0.3362872898578644, 0.4526791274547577, 0.8258283138275146, -0.5731662511825562, 0.5974128246307373, -0.5608730316162109, -0.7472558617591858, -0.6619513630867004, 0.05855821073055267),
            ["RightLowerArm"] = CFrame.new(-1.7881393432617188e-07, 1.1920928955078125e-07, 8.940696716308594e-08, 1, -1.2479723920932884e-07, 2.0861631355728605e-07, -3.911553392299538e-08, 0.1697174459695816, -0.9854928255081177, 8.940693874137651e-08, 0.9854928255081177, 0.16971716284751892),
            ["LeftHand"] = CFrame.new(-4.470348358154297e-08, 0, 7.450580596923828e-08, 0.929090142250061, 0.2873830795288086, -0.23281438648700714, -0.28729569911956787, 0.9572005867958069, 0.03504776954650879, 0.23292209208011627, 0.03432409465312958, 0.9718894958496094),
            ["LeftFoot"] = CFrame.new(4.889443516731262e-09, 0, -3.4458935260772705e-08, 0.9361044764518738, 0.005383459385484457, 0.3516812026500702, 0.17584684491157532, 0.858784019947052, -0.4812147319316864, -0.30460840463638306, 0.5123094320297241, 0.8029650449752808),
            ["RightHand"] = CFrame.new(5.960464477539063e-08, 0, 1.9371509552001953e-07, 0.9548494219779968, 0.13848546147346497, 0.2628381848335266, -0.13631799817085266, 0.9903091788291931, -0.026559296995401382, -0.2639697194099426, -0.01046962570399046, 0.9644743204116821),
            ["RightLowerLeg"] = CFrame.new(-7.450580596923828e-08, 1.1920928955078125e-07, -2.8107024263590574e-08, 1, -1.937149818331818e-07, 2.2351738948600541e-07, 4.470344663332071e-07, 0.2797474265098572, 0.9600736498832703, 5.960459503739912e-08, -0.9600735902786255, 0.2797473967075348),
            ["LeftUpperLeg"] = CFrame.new(0.000025510787963867188, 0.00012594088912010193, 0.004997469484806061, 0.8725982904434204, 0.12748406827449799, 0.47150805592536926, 0.0497545525431633, 0.9371163249015808, -0.3454521894454956, -0.48589786887168884, 0.32490110397338867, 0.8113833665847778),
            ["LeftLowerLeg"] = CFrame.new(-6.05359673500061e-08, 4.172325134277344e-07, -1.7136335372924805e-07, 1, 1.3876704940685158e-07, -2.7008361769276235e-08, -8.47503613954359e-08, 0.5207918882369995, 0.853683590888977, 1.0826626350990409e-07, -0.8536837100982666, 0.5207920074462891),
        }},
        {Time = 0.200, Data = {
            ["RightFoot"] = CFrame.new(2.9802322387695312e-08, 4.172325134277344e-07, 2.9831426218152046e-10, 0.9545652270317078, 0.28148579597473145, 0.09783274680376053, -0.24962565302848816, 0.9345982670783997, -0.2534021735191345, -0.1627645194530487, 0.21746699512004852, 0.962401270866394),
            ["LeftLowerArm"] = CFrame.new(2.682209014892578e-07, 0, -1.043081283569336e-07, 1, -2.235172757991677e-08, -2.4074685711639177e-07, 2.4214398308686214e-07, 0.942186176776886, -0.3350900411605835, -9.685759039257391e-08, 0.33509010076522827, 0.9421861171722412),
            ["RightUpperArm"] = CFrame.new(-1.1920928955078125e-07, -0.06523823738098145, -3.0174851417541504e-07, 0.3605360686779022, 0.23684623837471008, 0.9021739363670349, 0.45981380343437195, 0.7964005470275879, -0.39283299446105957, -0.8115324974060059, 0.5564620494842529, 0.17822621762752533),
            ["Head"] = CFrame.new(3.3527612686157227e-08, -2.384185791015625e-07, 0, 0.9988579154014587, 0.047754328697919846, 0.001604846096597612, -0.03417137637734413, 0.6904687881469727, 0.7225545644760132, 0.033397212624549866, -0.7217841148376465, 0.6913120746612549),
            ["LowerTorso"] = CFrame.new(-0.1553010791540146, -0.2530555725097656, -0.09128335863351822, 0.5427834391593933, 0.014629043638706207, -0.8397455811500549, -0.1451701521873474, 0.9864332675933838, -0.07664880156517029, 0.8272313475608826, 0.16350963711738586, 0.5375428199768066),
            ["UpperTorso"] = CFrame.new(2.421438694000244e-08, -5.960464477539063e-08, 1.955777406692505e-08, 0.9771348237991333, -0.21010398864746094, 0.032622091472148895, 0.11455179750919342, 0.6494655013084412, 0.7517133355140686, -0.1791243851184845, -0.7307879328727722, 0.6586827635765076),
            ["HumanoidRootPart"] = CFrame.new(0, 0, 0, 1, 0, 0, 0, 1, 0, 0, 0, 1),
            ["RightUpperLeg"] = CFrame.new(-0.000025480985641479492, -0.00012566777877509594, -0.0049974750727415085, 0.9186599254608154, -0.3295113742351532, 0.217912957072258, 0.3875006437301636, 0.6443004608154297, -0.6593335866928101, 0.07685820758342743, 0.6901443004608154, 0.7195784449577332),
            ["LeftUpperArm"] = CFrame.new(1.7881393432617188e-07, -0.06523823738098145, -3.129243850708008e-07, -0.3414134681224823, 0.5021598935127258, 0.7945268154144287, -0.4676503539085388, 0.6425071358680725, -0.6070319414138794, -0.8153159022331238, -0.5788091421127319, 0.015474744141101837),
            ["RightLowerArm"] = CFrame.new(1.1920928955078125e-07, -1.7881393432617188e-07, -3.725290298461914e-09, 1, -4.023313522338867e-07, 1.6391281576488836e-07, -1.4901162614933128e-07, 0.2768024802207947, -0.9609268307685852, -2.0861628513557662e-07, 0.96092689037323, 0.2768026888370514),
            ["LeftHand"] = CFrame.new(4.470348358154297e-08, 0, 1.6391277313232422e-07, 0.9768952131271362, 0.08314619213342667, -0.19688132405281067, -0.0783265233039856, 0.9964090585708618, 0.032156795263290405, 0.19884848594665527, -0.01599361188709736, 0.9798998832702637),
            ["LeftFoot"] = CFrame.new(5.203764885663986e-08, 0, -3.725290298461914e-09, 0.9153967499732971, -0.005119586829096079, 0.40252044796943665, 0.2083960473537445, 0.861528754234314, -0.4629683792591095, -0.34441235661506653, 0.5076829791069031, 0.7897074222564697),
            ["RightHand"] = CFrame.new(-8.940696716308594e-08, -5.960464477539063e-08, -1.4901161193847656e-07, 0.9428291916847229, 0.1378118097782135, 0.3034491240978241, -0.12735570967197418, 0.9903815984725952, -0.05408185347914696, -0.3079833984375, 0.0123439347371459, 0.9513115882873535),
            ["RightLowerLeg"] = CFrame.new(8.940696716308594e-08, -2.980232238769531e-07, -1.2496457202360034e-07, 1, -5.960460214282648e-08, 2.0116547716497735e-07, 4.619361675395339e-07, 0.17513775825500488, 0.9845439195632935, -8.940699558479537e-08, -0.9845439791679382, 0.1751382201910019),
            ["LeftUpperLeg"] = CFrame.new(0.000025331974029541016, 0.0001255292445421219, 0.004997480660676956, 0.8518129587173462, 0.049809228628873825, 0.52147376537323, 0.07931604236364365, 0.9717290997505188, -0.22237654030323029, -0.5178066492080688, 0.23078474402427673, 0.8237802386283875),
            ["LeftLowerLeg"] = CFrame.new(-3.166496753692627e-08, 1.1920928955078125e-07, 0, 1, 4.982578616363753e-08, 4.0745366192140864e-08, -7.636847243475131e-08, 0.6252409219741821, 0.7804322242736816, -2.0023440683303306e-08, -0.780431866645813, 0.6252404451370239),
        }},
        {Time = 0.233, Data = {
            ["RightFoot"] = CFrame.new(-2.9802322387695312e-08, 3.5762786865234375e-07, 2.4047039914876223e-08, 0.9622143507003784, 0.217987522482872, 0.16317136585712433, -0.19077317416667938, 0.9672818779945374, -0.16724684834480286, -0.19429120421409607, 0.1297978311777115, 0.972318708896637),
            ["LeftLowerArm"] = CFrame.new(-2.682209014892578e-07, 1.7881393432617188e-07, -8.940696716308594e-08, 1, -4.172322576323495e-07, -2.011657045386528e-07, -2.1792955351429555e-07, 0.9135314226150513, -0.4067685008049011, -3.743918171039695e-07, 0.4067683219909668, 0.9135313630104065),
            ["RightUpperArm"] = CFrame.new(0, -0.06523799896240234, 1.7881393432617188e-07, 0.4377399981021881, 0.15268896520137787, 0.8860416412353516, 0.44314345717430115, 0.820822536945343, -0.36038073897361755, -0.7823091149330139, 0.550396740436554, 0.29164373874664307),
            ["Head"] = CFrame.new(4.470348358154297e-08, 0, 2.980232238769531e-07, 0.9792972207069397, 0.04914360120892525, 0.19637194275856018, -0.1663135439157486, 0.7483493089675903, 0.642116367816925, -0.11539861559867859, -0.6614818572998047, 0.7410294413566589),
            ["LowerTorso"] = CFrame.new(-0.1511838585138321, -0.2439887523651123, -0.11203176528215408, 0.4374430179595947, 0.02696584351360798, -0.8988419771194458, -0.16773387789726257, 0.9844547510147095, -0.052097540348768234, 0.8834642171859741, 0.1735559105873108, 0.4351656138896942),
            ["UpperTorso"] = CFrame.new(-1.1175870895385742e-08, 8.940696716308594e-08, -5.587935447692871e-09, 0.974628210067749, -0.20325402915477753, 0.09374310076236725, 0.07996881753206253, 0.707371175289154, 0.702303946018219, -0.20905719697475433, -0.6769888997077942, 0.7056779265403748),
            ["HumanoidRootPart"] = CFrame.new(0, 0, 0, 1, 0, 0, 0, 1, 0, 0, 0, 1),
            ["RightUpperLeg"] = CFrame.new(-0.000025600194931030273, -0.00012547371443361044, -0.004997473210096359, 0.9171629548072815, -0.3621232211589813, 0.1663687825202942, 0.3566177189350128, 0.5594744682312012, -0.7482059597969055, 0.17786484956741333, 0.7455568909645081, 0.6422688961029053),
            ["LeftUpperArm"] = CFrame.new(5.960464477539063e-08, -0.06523776054382324, 2.086162567138672e-07, -0.3384229838848114, 0.5572565793991089, 0.7582448720932007, -0.383775919675827, 0.6539928913116455, -0.6519272327423096, -0.8591775298118591, -0.5116232633590698, -0.007464451715350151),
            ["RightLowerArm"] = CFrame.new(0, -2.384185791015625e-07, 3.3527612686157227e-08, 1, -9.313225746154785e-08, 1.1920931797249068e-07, 3.352762334429826e-08, 0.32404303550720215, -0.9460422992706299, 5.0291436792804234e-08, 0.9460423588752747, 0.3240433633327484),
            ["LeftHand"] = CFrame.new(-5.960464477539063e-08, -2.980232238769531e-07, 8.940696716308594e-08, 0.9848000407218933, -0.0383288748562336, -0.16940924525260925, 0.0460803247988224, 0.9980518221855164, 0.042062100023031235, 0.16746792197227478, -0.049229592084884644, 0.9846478700637817),
            ["LeftFoot"] = CFrame.new(7.869675755500793e-08, 5.960464477539063e-08, -6.705522537231445e-08, 0.9012696146965027, -0.01978953741490841, 0.43280667066574097, 0.23652462661266327, 0.8594365119934082, -0.453238308429718, -0.3630002737045288, 0.5108594298362732, 0.7792647480964661),
            ["RightHand"] = CFrame.new(2.9802322387695312e-08, -1.1920928955078125e-07, -3.129243850708008e-07, 0.9385175704956055, 0.1061340942978859, 0.3285120129585266, -0.08877566456794739, 0.9937659502029419, -0.06744062900543213, -0.3336222767829895, 0.034129854291677475, 0.9420889616012573),
            ["RightLowerLeg"] = CFrame.new(1.1920928955078125e-07, 0, 9.145878721028566e-09, 1, -1.4901154088420299e-07, 1.266597990934315e-07, 4.395843689053436e-07, 0.14584611356258392, 0.9893073439598083, -2.980232949312267e-08, -0.9893073439598083, 0.14584600925445557),
            ["LeftUpperLeg"] = CFrame.new(0.000025391578674316406, 0.00012585893273353577, 0.0049974676221609116, 0.8262313604354858, 0.004961039870977402, 0.5633097887039185, 0.0905509665608406, 0.9857885837554932, -0.14149680733680725, -0.5560057759284973, 0.16791769862174988, 0.8140398263931274),
            ["LeftLowerLeg"] = CFrame.new(1.0617077350616455e-07, 1.7881393432617188e-07, 7.450580596923828e-08, 1, 9.685753354915505e-08, 2.3283064365386963e-08, -8.381902460996571e-08, 0.6875686645507812, 0.7261192798614502, 1.0710208719899583e-08, -0.7261195182800293, 0.687568724155426),
        }},
        {Time = 0.267, Data = {
            ["RightFoot"] = CFrame.new(-1.30385160446167e-08, 2.384185791015625e-07, -6.62912498228252e-08, 0.9708631038665771, 0.12892603874206543, 0.20199771225452423, -0.10355003923177719, 0.9858863353729248, -0.13155041635036469, -0.21610726416110992, 0.10680048912763596, 0.9705109596252441),
            ["LeftLowerArm"] = CFrame.new(-2.086162567138672e-07, -1.1920928955078125e-07, 3.501772880554199e-07, 1, -5.587934310824494e-07, -1.4901159417490817e-08, -2.905725295931916e-07, 0.8909333944320679, -0.45413410663604736, -2.7194610652259144e-07, 0.45413386821746826, 0.8909333348274231),
            ["RightUpperArm"] = CFrame.new(-1.1920928955078125e-07, -0.065238356590271, 2.9802322387695312e-08, 0.4998299479484558, 0.05738785117864609, 0.8642203211784363, 0.4426329433917999, 0.8407366871833801, -0.3118296265602112, -0.7444770932197571, 0.5383943915367126, 0.3948235809803009),
            ["Head"] = CFrame.new(5.960464477539063e-08, -1.1920928955078125e-07, 2.9802322387695312e-08, 0.9313756823539734, -0.0023319534957408905, 0.3640519082546234, -0.2188044786453247, 0.7956372499465942, 0.5648771524429321, -0.2909706234931946, -0.6057689189910889, 0.7405268549919128),
            ["LowerTorso"] = CFrame.new(-0.14613685011863708, -0.24695158004760742, -0.11775918304920197, 0.3218381106853485, 0.035888321697711945, -0.9461143612861633, -0.17911502718925476, 0.9835445284843445, -0.023621277883648872, 0.9296978116035461, 0.1770656853914261, 0.32297006249427795),
            ["UpperTorso"] = CFrame.new(-1.1175870895385742e-08, 2.384185791015625e-07, 5.587935447692871e-09, 0.9696389436721802, -0.19155186414718628, 0.15201401710510254, 0.05028248950839043, 0.7645212411880493, 0.6426344513893127, -0.23931556940078735, -0.6154796481132507, 0.750941276550293),
            ["HumanoidRootPart"] = CFrame.new(0, 0, 0, 1, 0, 0, 0, 1, 0, 0, 0, 1),
            ["RightUpperLeg"] = CFrame.new(-0.000025480985641479492, -0.00012551574036478996, -0.004997488111257553, 0.9260187149047852, -0.3643897771835327, 0.09853613376617432, 0.2861621081829071, 0.5074319839477539, -0.8127879500389099, 0.246171772480011, 0.7808539271354675, 0.5741657614707947),
            ["LeftUpperArm"] = CFrame.new(5.960464477539063e-08, -0.0652381181716919, 6.891787052154541e-08, -0.3345663845539093, 0.6030033826828003, 0.7241906523704529, -0.3444194197654724, 0.6370689272880554, -0.6895782351493835, -0.8771777153015137, -0.4801355004310608, -0.005455550272017717),
            ["RightLowerArm"] = CFrame.new(1.1920928955078125e-07, 5.960464477539063e-08, 7.450580596923828e-09, 1, 9.685752644372769e-08, 1.0244546899684792e-07, 9.872015738210393e-08, 0.34050843119621277, -0.9402414560317993, 2.849845941454987e-07, 0.9402415156364441, 0.34050846099853516),
            ["LeftHand"] = CFrame.new(2.384185791015625e-07, 1.1920928955078125e-07, 2.384185791015625e-07, 0.9862635731697083, 0.02088635414838791, -0.16385331749916077, -0.014752388000488281, 0.9991474151611328, 0.03856106847524643, 0.1645195186138153, -0.035613950341939926, 0.9857308268547058),
            ["LeftFoot"] = CFrame.new(-1.1175870895385742e-08, 0, -7.450580596923828e-09, 0.898189127445221, -0.04360930994153023, 0.4374411404132843, 0.26323941349983215, 0.8503004312515259, -0.4557352364063263, -0.3520815968513489, 0.5244879722595215, 0.7752100825309753),
            ["RightHand"] = CFrame.new(8.381903171539307e-08, -5.960464477539063e-08, -1.7881393432617188e-07, 0.9361009001731873, 0.025269562378525734, 0.3508221507072449, -0.011214489117264748, 0.9990531206130981, -0.042038727551698685, -0.35155290365219116, 0.035417672246694565, 0.935498058795929),
