return {
    ["Looking Good"] = {
        {Time = 0.000, Data = {
            ["RightFoot"] = CFrame.new(2.123415470123291e-07, -5.960464477539063e-08, 9.145878721028566e-09, 0.980758011341095, 0.15638655424118042, 0.11686372756958008, -0.11051377654075623, 0.9381873607635498, -0.3280109167098999, -0.16093654930591583, 0.30878448486328125, 0.9374176263809204),
            ["LeftLowerArm"] = CFrame.new(0.0000016093254089355469, -2.980232238769531e-07, 0.000004785135388374329, 1, 9.313224325069314e-08, 3.72529100900465e-08, -9.872020712009544e-08, 0.3362593948841095, -0.941769540309906, -5.960465188081798e-08, 0.9417694211006165, 0.3362593650817871),
            ["RightUpperArm"] = CFrame.new(-0.03412783145904541, -0.05373942852020264, -0.08063698559999466, 0.03841208666563034, -0.01715107262134552, 0.9991148114204407, 0.7921617031097412, 0.6099840402603149, -0.01998431421816349, -0.6091012954711914, 0.7922281622886658, 0.03701724112033844),
            ["Head"] = CFrame.new(4.7497451305389404e-08, -0.0000011920928955078125, -1.1175870895385742e-08, 0.912142276763916, 0.3695525527000427, 0.17727820575237274, -0.40022924542427063, 0.8963340520858765, 0.19079266488552094, -0.08839249610900879, -0.24498209357261658, 0.9654898047447205),
            ["RightHand"] = CFrame.new(-6.705522537231445e-08, 0.0000010728836059570312, -4.76837158203125e-07, 0.9747085571289062, -0.1734095960855484, 0.1409694254398346, 0.1796002984046936, 0.983207643032074, -0.03234916552901268, -0.132992684841156, 0.05684914439916611, 0.9894853234291077),
            ["UpperTorso"] = CFrame.new(-2.60770320892334e-08, 2.682209014892578e-07, 1.30385160446167e-08, 0.9013475179672241, 0.38074129819869995, 0.20641887187957764, -0.4178929924964905, 0.8897455334663391, 0.18362583220005035, -0.11374639719724655, -0.25177162885665894, 0.9610790014266968),
            ["HumanoidRootPart"] = CFrame.new(0, 0, 0, 1, 0, 0, 0, 1, 0, 0, 0, 1),
            ["RightUpperLeg"] = CFrame.new(0, 2.4330802261829376e-08, -1.6952981241047382e-09, 0.9744659066200256, 0.22104132175445557, 0.03945857658982277, -0.16942106187343597, 0.8391567468643188, -0.5168294906616211, -0.1473526805639267, 0.4969472885131836, 0.8551785349845886),
            ["LeftUpperArm"] = CFrame.new(0.046285927295684814, 0.03667473793029785, -0.08617886155843735, 0.081815205514431, 0.2719201445579529, -0.9588356614112854, -0.24224503338336945, -0.9277843832969666, -0.283784419298172, -0.9667593240737915, 0.25549110770225525, -0.010035592131316662),
            ["RightLowerArm"] = CFrame.new(0, 6.556510925292969e-07, -0.000003904104232788086, 1, -0.000008059665560722351, 0.000017751010091160424, 0.000019099097698926926, 0.20004834234714508, -0.9797860383987427, 0.0000043585896492004395, 0.9797860980033875, 0.20004834234714508),
            ["LeftHand"] = CFrame.new(-0.0000012665987014770508, -0.0000010728836059570312, -2.2351741790771484e-07, 0.7942261099815369, 0.029553232714533806, -0.6069028973579407, -0.3081727921962738, 0.8804129958152771, -0.3604196608066559, 0.523673951625824, 0.47328585386276245, 0.7083548307418823),
            ["LeftFoot"] = CFrame.new(0, -5.960464477539063e-08, -7.450580596923828e-08, 0.9314364194869995, 0.028194252401590347, -0.36281028389930725, 0.01130424439907074, 0.9942712783813477, 0.10628680884838104, 0.36372846364974976, -0.10310065746307373, 0.925781786441803),
            ["LowerTorso"] = CFrame.new(0.09216989576816559, -0.36762964725494385, 0.11900471895933151, 0.9117517471313477, -0.33059296011924744, -0.2437564879655838, 0.31755566596984863, 0.943750262260437, -0.0921628326177597, 0.2605136036872864, 0.006623377557843924, 0.9654475450515747),
            ["RightLowerLeg"] = CFrame.new(-1.1362135410308838e-07, -0.0007264614105224609, 0.000046163164370227605, 1, 1.5646223516796454e-07, 0, -5.587935447692871e-08, 0.5670049786567688, 0.8237140774726868, 1.3248063623905182e-07, -0.8237143754959106, 0.5670053362846375),
            ["LeftUpperLeg"] = CFrame.new(0, 2.39349901676178e-07, 4.656612873077393e-10, 0.7321164608001709, 0.06347090750932693, -0.6782160401344299, -0.566222071647644, 0.6102035641670227, -0.5541157722473145, 0.37867963314056396, 0.78969806432724, 0.48267862200737),
            ["LeftLowerLeg"] = CFrame.new(4.842877388000488e-08, -0.0007265806198120117, 0.00008112937211990356, 1, 2.980232594040899e-08, 1.564621925354004e-07, -1.1920931797249068e-07, -0.3326421082019806, 0.9430531859397888, 8.940698847936801e-08, -0.943053126335144, -0.3326420485973358),
        }},
        {Time = 0.033, Data = {
            ["RightFoot"] = CFrame.new(2.1047890186309814e-07, -1.7881393432617188e-07, 2.4047039914876223e-08, 0.9828903675079346, 0.15153250098228455, 0.1047120913863182, -0.11404066532850266, 0.9470710754394531, -0.3000853359699249, -0.14464254677295685, 0.2830096185207367, 0.9481478333473206),
            ["LeftLowerArm"] = CFrame.new(0.0000013113021850585938, -2.384185791015625e-07, 0.000004623085260391235, 1, 9.685756197086448e-08, -2.2351747119842003e-08, -9.499492392706088e-08, 0.41819053888320923, -0.9083594083786011, -5.215407838932151e-08, 0.9083594083786011, 0.4181903898715973),
            ["RightUpperArm"] = CFrame.new(-0.031709372997283936, -0.047347426414489746, -0.08930165320634842, 0.019903041422367096, -0.028658369556069374, 0.9993911981582642, 0.8091433644294739, 0.5876107811927795, 0.0007359107839874923, -0.5872740745544434, 0.8086361289024353, 0.03488396108150482),
            ["Head"] = CFrame.new(1.3969838619232178e-08, -7.152557373046875e-07, -1.955777406692505e-08, 0.907221794128418, 0.36992013454437256, 0.2002689391374588, -0.41438865661621094, 0.8677828311920166, 0.2742902338504791, -0.07232443243265152, -0.3318314552307129, 0.9405622482299805),
            ["RightHand"] = CFrame.new(2.5331974029541016e-07, 0.0000011920928955078125, -8.307397365570068e-07, 0.9778177738189697, -0.16317003965377808, 0.1313306987285614, 0.1689932644367218, 0.985016405582428, -0.03441164270043373, -0.12374819815158844, 0.055842362344264984, 0.9907412528991699),
            ["UpperTorso"] = CFrame.new(9.313225746154785e-09, -2.9802322387695312e-08, 1.6065314412117004e-08, 0.9093030691146851, 0.3593825101852417, 0.20979106426239014, -0.3951011896133423, 0.9038520455360413, 0.16415421664714813, -0.13062594830989838, -0.23215453326702118, 0.9638678431510925),
            ["HumanoidRootPart"] = CFrame.new(0, 0, 0, 1, 0, 0, 0, 1, 0, 0, 0, 1),
            ["RightUpperLeg"] = CFrame.new(-2.9802322387695312e-08, -3.0943192541599274e-07, -1.4624674804508686e-09, 0.9797511696815491, 0.19452917575836182, 0.04739115387201309, -0.1439918577671051, 0.8490518927574158, -0.5083082914352417, -0.13911846280097961, 0.49119168519973755, 0.859870195388794),
            ["LeftUpperArm"] = CFrame.new(0.04752016067504883, 0.030334830284118652, -0.09472393244504929, 0.10410074144601822, 0.286306768655777, -0.9524660706520081, -0.1998043805360794, -0.9321244955062866, -0.302030086517334, -0.9742901921272278, 0.221748486161232, -0.039829470217227936),
            ["RightLowerArm"] = CFrame.new(5.960464477539063e-08, 2.384185791015625e-07, -0.000003866851329803467, 1, -0.0000067069195210933685, 0.0000182129460881697, 0.00001895567220344674, 0.12728120386600494, -0.9918667078018188, 0.0000043585891944530886, 0.9918667078018188, 0.12728123366832733),
            ["LeftHand"] = CFrame.new(-0.0000014565885066986084, -0.0000011920928955078125, 3.129243850708008e-07, 0.7878999710083008, 0.06483224779367447, -0.6123806238174438, -0.32697418332099915, 0.8867247104644775, -0.32681384682655334, 0.5218252539634705, 0.4577294588088989, 0.7198491096496582),
            ["LeftFoot"] = CFrame.new(2.2351741790771484e-08, -1.1920928955078125e-07, -1.4901161193847656e-08, 0.9266223311424255, 0.07686188071966171, -0.3680534064769745, 0.01278173178434372, 0.97187739610672, 0.2351405769586563, 0.3757762312889099, -0.22259071469306946, 0.8995808959007263),
            ["LowerTorso"] = CFrame.new(0.09045688807964325, -0.3291442394256592, 0.12888628244400024, 0.9263665676116943, -0.29946789145469666, -0.22839435935020447, 0.29302772879600525, 0.9540631771087646, -0.06243661418557167, 0.23660039901733398, -0.009086688049137592, 0.971564531326294),
            ["RightLowerLeg"] = CFrame.new(-1.043081283569336e-07, -0.0007263422012329102, 0.00004593242920236662, 1, 7.823111758398227e-08, -7.450583261459087e-09, -4.0978189730367376e-08, 0.6148855686187744, 0.7886162400245667, 1.5183466928192502e-07, -0.7886163592338562, 0.6148857474327087),
            ["LeftUpperLeg"] = CFrame.new(5.960464477539063e-08, -1.1257361620664597e-07, 9.546056389808655e-09, 0.7542467713356018, 0.035206545144319534, -0.6556463837623596, -0.549619734287262, 0.5801462531089783, -0.6011227369308472, 0.359207421541214, 0.8137511610984802, 0.4569237530231476),
            ["LeftLowerLeg"] = CFrame.new(-1.5273690223693848e-07, -0.0007264614105224609, 0.00008099153637886047, 1, 1.0430814256778831e-07, 1.1920927533992653e-07, -1.341104365337742e-07, -0.26877883076667786, 0.9632019400596619, 0, -0.9632019996643066, -0.26877883076667786),
        }},
        {Time = 0.067, Data = {
            ["RightFoot"] = CFrame.new(1.9837170839309692e-07, -5.960464477539063e-08, 1.6952981241047382e-09, 0.9852315187454224, 0.14933934807777405, 0.08376605808734894, -0.12133201211690903, 0.9540802240371704, -0.27387887239456177, -0.12082049995660782, 0.2596704959869385, 0.958109438419342),
            ["LeftLowerArm"] = CFrame.new(9.834766387939453e-07, -4.172325134277344e-07, 0.000004947185516357422, 1, 1.0430811414607888e-07, -2.2351738238057806e-08, -8.940696716308594e-08, 0.5655868053436279, -0.8246887922286987, -5.587935447692871e-08, 0.824688732624054, 0.5655867457389832),
            ["RightUpperArm"] = CFrame.new(-0.03164815902709961, -0.03410077095031738, -0.08451981842517853, 0.02712169848382473, -0.05083563178777695, 0.9983386993408203, 0.8140389323234558, 0.5807624459266663, 0.0074575673788785934, -0.580176830291748, 0.8124843239784241, 0.05713343992829323),
            ["Head"] = CFrame.new(2.7939677238464355e-08, -9.5367431640625e-07, -2.1420419216156006e-08, 0.9478089213371277, 0.2801744341850281, 0.15218546986579895, -0.3154554069042206, 0.8933875560760498, 0.3199169635772705, -0.0463280975818634, -0.35122811794281006, 0.935143232345581),
            ["RightHand"] = CFrame.new(-5.587935447692871e-08, 0.0000010728836059570312, -6.631016731262207e-07, 0.9785214066505432, -0.160848930478096, 0.1289316564798355, 0.1665753424167633, 0.9854122996330261, -0.034862104803323746, -0.12144343554973602, 0.05559013783931732, 0.9910405874252319),
            ["UpperTorso"] = CFrame.new(1.210719347000122e-08, 3.5762786865234375e-07, -1.4668330550193787e-08, 0.9351389408111572, 0.3070232570171356, 0.17678199708461761, -0.3293803036212921, 0.9372082352638245, 0.11467096209526062, -0.13047482073307037, -0.16546179354190826, 0.9775473475456238),
            ["HumanoidRootPart"] = CFrame.new(0, 0, 0, 1, 0, 0, 0, 1, 0, 0, 0, 1),
            ["RightUpperLeg"] = CFrame.new(-2.9802322387695312e-08, 1.0617077350616455e-07, -3.5579432733356953e-09, 0.9891486167907715, 0.13152524828910828, 0.06546968966722488, -0.07943470031023026, 0.8536373972892761, -0.5147749781608582, -0.12359333038330078, 0.5039883852005005, 0.8548219203948975),
            ["LeftUpperArm"] = CFrame.new(0.045790672302246094, 0.018906831741333008, -0.0877496600151062, 0.1323368400335312, 0.3857770264148712, -0.913051426410675, -0.18304532766342163, -0.8957986235618591, -0.40501806139945984, -0.9741567969322205, 0.22072862088680267, -0.04793242737650871),
            ["RightLowerArm"] = CFrame.new(4.76837158203125e-07, 2.980232238769531e-07, -0.000003933906555175781, 1, -0.000006460583790612873, 0.000018417835235595703, 0.000018981749235535972, 0.10992327332496643, -0.9939401149749756, 0.000004369765065348474, 0.9939400553703308, 0.10992330312728882),
            ["LeftHand"] = CFrame.new(-0.0000013262033462524414, -7.748603820800781e-07, 1.341104507446289e-07, 0.7798116207122803, 0.11706624180078506, -0.6149706840515137, -0.35101279616355896, 0.8951720595359802, -0.27469488978385925, 0.5183473229408264, 0.4300728440284729, 0.7391575574874878),
            ["LeftFoot"] = CFrame.new(0, -2.384185791015625e-07, -4.470348358154297e-08, 0.9185909628868103, 0.13522955775260925, -0.37135395407676697, 0.00973818264901638, 0.9316073656082153, 0.3633359372615814, 0.39508959650993347, -0.33737340569496155, 0.8544491529464722),
            ["LowerTorso"] = CFrame.new(0.08181681483983994, -0.27606844902038574, 0.14340931177139282, 0.9520404934883118, -0.23131294548511505, -0.20028291642665863, 0.23439349234104156, 0.9721044898033142, -0.008529017679393291, 0.19666875898838043, -0.03882503882050514, 0.9797009825706482),
            ["RightLowerLeg"] = CFrame.new(-1.1175870895385742e-07, -0.0007261037826538086, 0.00004605140566127375, 1, 8.381908145338457e-08, -1.8626458597736928e-08, -8.195637946073475e-08, 0.6602765321731567, 0.7510226368904114, 1.1175869474300271e-07, -0.7510226964950562, 0.6602765321731567),
            ["LeftUpperLeg"] = CFrame.new(2.9802322387695312e-08, 1.2386590242385864e-07, -1.5832483768463135e-08, 0.8010503053665161, 0.0035824920050799847, -0.59858638048172, -0.5045661330223083, 0.542078971862793, -0.6719846129417419, 0.3220737874507904, 0.8403199315071106, 0.4360402822494507),
            ["LeftLowerLeg"] = CFrame.new(3.725290298461914e-08, -0.0007267594337463379, 0.00008115172386169434, 1, 0, 5.960463056453591e-08, -8.940696716308594e-08, -0.15476205945014954, 0.9879517555236816, 1.043081283569336e-07, -0.9879518151283264, -0.15476222336292267),
        }},
        {Time = 0.100, Data = {
            ["RightFoot"] = CFrame.new(1.257285475730896e-07, -2.384185791015625e-07, -2.0656443666666746e-08, 0.9854350090026855, 0.1559695452451706, 0.06775932759046555, -0.1338433176279068, 0.9571713209152222, -0.2567276060581207, -0.10489899665117264, 0.2439192533493042, 0.9641056060791016),
            ["LeftLowerArm"] = CFrame.new(0.000001341104507446289, -1.7881393432617188e-07, 0.000004995781637262553, 1, 1.4528632164001465e-07, 1.862645326866641e-08, -4.4703490686970326e-08, 0.7128919959068298, -0.7012739181518555, -1.0756777157894248e-07, 0.7012738585472107, 0.7128919959068298),
            ["RightUpperArm"] = CFrame.new(-0.040536582469940186, -0.013008475303649902, -0.07273776829242706, 0.05396857112646103, -0.10436075925827026, 0.9930741190910339, 0.8098896741867065, 0.5863181948661804, 0.0176018588244915, -0.5840944051742554, 0.8033304810523987, 0.1161634549498558),
            ["Head"] = CFrame.new(-4.1676685214042664e-08, -7.152557373046875e-07, -1.3969838619232178e-09, 0.9803709983825684, 0.1800892949104309, 0.0802532210946083, -0.19296203553676605, 0.9599716663360596, 0.20302709937095642, -0.04047786444425583, -0.2145279049873352, 0.9758787751197815),
            ["RightHand"] = CFrame.new(5.364418029785156e-07, 9.5367431640625e-07, -7.227063179016113e-07, 0.9752901196479797, -0.1714961677789688, 0.13927747309207916, 0.17762526869773865, 0.983553409576416, -0.032742977142333984, -0.13137169182300568, 0.056673210114240646, 0.9897118806838989),
            ["UpperTorso"] = CFrame.new(4.423782229423523e-08, 2.9802322387695312e-08, 8.381903171539307e-09, 0.9672434329986572, 0.21002231538295746, 0.1425860971212387, -0.2197301834821701, 0.9739538431167603, 0.05597062408924103, -0.1271171271800995, -0.08546765893697739, 0.9881986975669861),
            ["HumanoidRootPart"] = CFrame.new(0, 0, 0, 1, 0, 0, 0, 1, 0, 0, 0, 1),
            ["RightUpperLeg"] = CFrame.new(5.960464477539063e-08, 2.1606683731079102e-07, -1.6952981241047382e-09, 0.9940833449363708, 0.03330338001251221, 0.10338952392339706, 0.026538994163274765, 0.8485227227210999, -0.5284932255744934, -0.10532894730567932, 0.5281100273132324, 0.8426182270050049),
            ["LeftUpperArm"] = CFrame.new(0.03541004657745361, -0.00238645076751709, -0.07323187589645386, 0.1449156254529953, 0.5565427541732788, -0.818082869052887, -0.160586416721344, -0.8026190996170044, -0.5744692087173462, -0.976325511932373, 0.21462257206439972, -0.026938829571008682),
            ["RightLowerArm"] = CFrame.new(1.7881393432617188e-07, 4.76837158203125e-07, -0.000003680586814880371, 1, -0.000007778406143188477, 0.000017791988284443505, 0.00001894962042570114, 0.18688929080963135, -0.9823809862136841, 0.000004384666681289673, 0.9823810458183289, 0.18688924610614777),
            ["LeftHand"] = CFrame.new(-0.000001430511474609375, -0.0000011920928955078125, 2.514570951461792e-07, 0.7685453295707703, 0.17557154595851898, -0.6152334809303284, -0.3839685320854187, 0.8957573771476746, -0.22402487695217133, 0.5117678046226501, 0.4084036648273468, 0.7558443546295166),
            ["LeftFoot"] = CFrame.new(-1.043081283569336e-07, -5.960464477539063e-08, -1.4901161193847656e-08, 0.9215684533119202, 0.17119702696800232, -0.34842973947525024, 0.005263302940875292, 0.8919227123260498, 0.45215749740600586, 0.3881804645061493, -0.4185278117656708, 0.8210666179656982),
            ["LowerTorso"] = CFrame.new(0.060069117695093155, -0.21724390983581543, 0.15161223709583282, 0.9759352803230286, -0.13134287297725677, -0.1740671694278717, 0.14147253334522247, 0.9888225793838501, 0.04706953093409538, 0.16593928635120392, -0.07056254148483276, 0.9836082458496094),
            ["RightLowerLeg"] = CFrame.new(7.35744833946228e-08, -0.0007262825965881348, 0.00004612265183823183, 1, 1.0989610643719061e-07, -4.097820394122209e-08, -7.636844401304188e-08, 0.6892297863960266, 0.7245427966117859, 8.940695295223122e-08, -0.7245429158210754, 0.6892298460006714),
            ["LeftUpperLeg"] = CFrame.new(2.9802322387695312e-08, 8.66129994392395e-08, 0, 0.8735941052436829, -0.00528164254501462, -0.48662662506103516, -0.40880030393600464, 0.5345590114593506, -0.7396816611289978, 0.2640373110771179, 0.8451146483421326, 0.4648284912109375),
            ["LeftLowerLeg"] = CFrame.new(-7.450580596923828e-08, -0.0007263422012329102, 0.00008111447095870972, 1, 1.1920931797249068e-07, 1.341104507446289e-07, -7.450579886381092e-08, -0.005190597381442785, 0.9999865889549255, 8.940695295223122e-08, -0.9999865293502808, -0.005190707743167877),
        }},
        {Time = 0.133, Data = {
            ["RightFoot"] = CFrame.new(1.0523945093154907e-07, -2.384185791015625e-07, 3.894820110872388e-08, 0.9845932126045227, 0.16749779880046844, 0.050207436084747314, -0.14914919435977936, 0.9543296694755554, -0.25886163115501404, -0.09127325564622879, 0.2473849058151245, 0.9646086692810059),
            ["LeftLowerArm"] = CFrame.new(0.0000013113021850585938, 2.980232238769531e-07, 0.000004890374839305878, 1, 1.6763806343078613e-07, 2.6077039194660756e-08, -1.1920930376163597e-07, 0.8371851444244385, -0.546919584274292, -1.136213683139431e-07, 0.546919584274292, 0.8371851444244385),
            ["RightUpperArm"] = CFrame.new(-0.05078279972076416, 0.00471949577331543, -0.05767599493265152, 0.0888093039393425, -0.2090751975774765, 0.9738585948944092, 0.8100665807723999, 0.5840699076652527, 0.05151992291212082, -0.5795730948448181, 0.7843149304389954, 0.2212357372045517),
            ["Head"] = CFrame.new(3.0675437301397324e-08, -8.344650268554688e-07, 2.1420419216156006e-08, 0.9945504069328308, 0.0954359769821167, 0.041970182210206985, -0.09656526893377304, 0.9949934482574463, 0.025754479691386223, -0.03930211439728737, -0.029667092487215996, 0.9987869262695312),
            ["RightHand"] = CFrame.new(5.513429641723633e-07, 0.0000011920928955078125, -8.344650268554688e-07, 0.9668377041816711, -0.19923213124275208, 0.15978528559207916, 0.2060004323720932, 0.9781847596168518, -0.02680543065071106, -0.15095917880535126, 0.05883247032761574, 0.9867877960205078),
            ["UpperTorso"] = CFrame.new(1.955777406692505e-08, 0, 3.795139491558075e-08, 0.9884086847305298, 0.10359357297420502, 0.11098131537437439, -0.10308614373207092, 0.9946190118789673, -0.010316520929336548, -0.11145288497209549, -0.0012437179684638977, 0.9937689900398254),
            ["HumanoidRootPart"] = CFrame.new(0, 0, 0, 1, 0, 0, 0, 1, 0, 0, 0, 1),
            ["RightUpperLeg"] = CFrame.new(0, -1.4528632164001465e-07, -9.145878721028566e-09, 0.9872555136680603, -0.07171503454446793, 0.14206916093826294, 0.13899503648281097, 0.8233253359794617, -0.5502870082855225, -0.07750526815652847, 0.5630208849906921, 0.8228003978729248),
            ["LeftUpperArm"] = CFrame.new(0.025551676750183105, -0.023860692977905273, -0.056757695972919464, 0.13336503505706787, 0.7199689149856567, -0.6810717582702637, -0.10628131031990051, -0.6728577613830566, -0.732097327709198, -0.9853517413139343, 0.17002145946025848, -0.013216493651270866),
            ["RightLowerArm"] = CFrame.new(7.152557373046875e-07, 4.76837158203125e-07, -0.0000035669654607772827, 1, -0.000010892748832702637, 0.000016115609469125047, 0.000018952414393424988, 0.3616594672203064, -0.9323104023933411, 0.00000436615664511919, 0.9323103427886963, 0.3616594076156616),
            ["LeftHand"] = CFrame.new(-0.0000013224780559539795, -0.0000013113021850585938, -1.1990778148174286e-08, 0.758765697479248, 0.23861820995807648, -0.606082022190094, -0.4189980626106262, 0.8912233710289001, -0.1736712008714676, 0.49871376156806946, 0.38572314381599426, 0.776210606098175),
            ["LeftFoot"] = CFrame.new(1.4901161193847656e-08, 0, 2.9802322387695312e-08, 0.925639271736145, 0.17377376556396484, -0.3361471891403198, 0.012024481780827045, 0.8743645548820496, 0.48512065410614014, 0.3782161474227905, -0.45308858156204224, 0.8072564601898193),
            ["LowerTorso"] = CFrame.new(0.03753376007080078, -0.1705719232559204, 0.1565631628036499, 0.9901867508888245, -0.02904355153441429, -0.1366991549730301, 0.04282890632748604, 0.9941644072532654, 0.09900975227355957, 0.13302583992481232, -0.10389282554388046, 0.9856522679328918),
            ["RightLowerLeg"] = CFrame.new(-2.2817403078079224e-08, -0.0007265210151672363, 0.00004611333861248568, 1, 6.519260153936557e-08, -1.1175874448099421e-08, -5.215407838932151e-08, 0.6896511316299438, 0.7241416573524475, 1.0803344707710494e-07, -0.7241417765617371, 0.6896512508392334),
            ["LeftUpperLeg"] = CFrame.new(-2.9802322387695312e-08, -1.126900315284729e-07, 4.0978193283081055e-08, 0.9339841604232788, 0.001801077276468277, -0.35731005668640137, -0.30063125491142273, 0.5444247722625732, -0.7830852270126343, 0.19311803579330444, 0.8388077020645142, 0.5090256333351135),
            ["LeftLowerLeg"] = CFrame.new(-1.4901161193847656e-08, -0.0007266998291015625, 0.00008100271224975586, 1, 7.4505820180093e-08, 9.685753354915505e-08, -5.2154071283894154e-08, 0.1429426074028015, 0.9897310137748718, 7.450581307466564e-08, -0.9897310733795166, 0.14294245839118958),
        }},
        {Time = 0.167, Data = {
            ["RightFoot"] = CFrame.new(1.6798730939626694e-07, -5.960464477539063e-08, -2.0656443666666746e-08, 0.9840698838233948, 0.174652561545372, 0.03321366012096405, -0.1606782078742981, 0.9536891579627991, -0.25428274273872375, -0.0760866031050682, 0.24489520490169525, 0.9665594696998596),
            ["LeftLowerArm"] = CFrame.new(0.000001341104507446289, -1.7881393432617188e-07, 0.000004902482032775879, 1, 1.5832483768463135e-07, 4.842877388000488e-08, -1.2107194891086692e-07, 0.9291383028030396, -0.3697322905063629, -1.0803343286625022e-07, 0.3697323203086853, 0.9291383028030396),
            ["RightUpperArm"] = CFrame.new(-0.05718177556991577, 0.012231111526489258, -0.038372624665498734, 0.10973566025495529, -0.34294697642326355, 0.9329231977462769, 0.8248187303543091, 0.5551682710647583, 0.10706263780593872, -0.5546459555625916, 0.7577438354492188, 0.34379076957702637),
            ["Head"] = CFrame.new(-1.0040821507573128e-09, -8.344650268554688e-07, -1.979060471057892e-09, 0.9983737468719482, 0.052092865109443665, 0.023159567266702652, -0.0515458881855011, 0.9983913898468018, -0.023618293926119804, -0.02435258962213993, 0.022385958582162857, 0.9994528293609619),
            ["RightHand"] = CFrame.new(1.7881393432617188e-07, 0.0000011324882507324219, -5.811452865600586e-07, 0.9534786939620972, -0.2428310513496399, 0.1786370575428009, 0.24976977705955505, 0.9681545495986938, -0.0170848798006773, -0.16879971325397491, 0.06090846657752991, 0.9837666749954224),
            ["UpperTorso"] = CFrame.new(5.587935447692871e-09, 2.086162567138672e-07, 9.12696123123169e-08, 0.9966540336608887, 0.006934679113328457, 0.08144208043813705, -0.00044147035805508494, 0.9968366622924805, -0.07947692275047302, -0.08173565566539764, 0.07917505502700806, 0.9935042858123779),
            ["HumanoidRootPart"] = CFrame.new(0, 0, 0, 1, 0, 0, 0, 1, 0, 0, 0, 1),
            ["RightUpperLeg"] = CFrame.new(5.960464477539063e-08, -3.725290298461914e-08, 7.653579814359546e-08, 0.9707051515579224, -0.1592744141817093, 0.1798979640007019, 0.23631592094898224, 0.76820969581604, -0.5949863791465759, -0.043433256447315216, 0.6200689673423767, 0.783344030380249),
            ["LeftUpperArm"] = CFrame.new(0.02009361982345581, -0.0380094051361084, -0.03744129091501236, 0.023262370377779007, 0.8954096436500549, -0.4446353614330292, -0.06446217745542526, -0.44248664379119873, -0.8944553136825562, -0.9976490139961243, 0.04946934059262276, 0.047426749020814896),
            ["RightLowerArm"] = CFrame.new(8.642673492431641e-07, 0.0000010728836059570312, -0.0000037550926208496094, 1, -0.000014550983905792236, 0.000012889507161162328, 0.000019032509953831322, 0.5839087963104248, -0.8118192553520203, 0.000004313886620366247, 0.8118192553520203, 0.58390873670578),
            ["LeftHand"] = CFrame.new(-0.0000014863908290863037, -0.0000011324882507324219, 1.695007085800171e-07, 0.7517939805984497, 0.3086320459842682, -0.5827105045318604, -0.45580431818962097, 0.8818157315254211, -0.12101060152053833, 0.47649580240249634, 0.35657718777656555, 0.8036199808120728),
            ["LeftFoot"] = CFrame.new(-5.21540641784668e-08, -2.384185791015625e-07, 2.60770320892334e-08, 0.9494240880012512, 0.1341141313314438, -0.2839144766330719, 0.0005034767673350871, 0.9035438299179077, 0.428495317697525, 0.31399640440940857, -0.4069667160511017, 0.857778787612915),
            ["LowerTorso"] = CFrame.new(0.02423188090324402, -0.14427387714385986, 0.15867790579795837, 0.9947561621665955, 0.05747131258249283, -0.08460169285535812, -0.045372627675533295, 0.9893141388893127, 0.1385607123374939, 0.09166090935468674, -0.13399551808834076, 0.9867337942123413),
            ["RightLowerLeg"] = CFrame.new(-3.655441105365753e-08, -0.0007264614105224609, 0.00004600530519383028, 1, 1.1269007416103705e-07, -9.313227966600834e-10, -6.193294410650196e-08, 0.6293178796768188, 0.7771479487419128, 9.872017869838601e-08, -0.7771480083465576, 0.6293180584907532),
            ["LeftUpperLeg"] = CFrame.new(-2.9802322387695312e-08, -5.960464477539063e-08, 1.1920928955078125e-07, 0.9755318760871887, 0.028528427705168724, -0.21799927949905396, -0.1971767395734787, 0.5521475076675415, -0.810095489025116, 0.09725700318813324, 0.8332582116127014, 0.5442624688148499),
            ["LeftLowerLeg"] = CFrame.new(6.705522537231445e-08, -0.0007265806198120117, 0.00008109211921691895, 1, 5.215405707303944e-08, 8.940693874137651e-08, -7.823107495141812e-08, 0.23651833832263947, 0.9716270565986633, 7.450579175838357e-08, -0.9716270565986633, 0.23651829361915588),
        }},
        {Time = 0.200, Data = {
            ["RightFoot"] = CFrame.new(1.601874828338623e-07, 5.960464477539063e-08, 9.145878721028566e-09, 0.9822008013725281, 0.18745103478431702, 0.011991475708782673, -0.1773974895477295, 0.9467182755470276, -0.26880237460136414, -0.061739835888147354, 0.2618906795978546, 0.963120698928833),
            ["LeftLowerArm"] = CFrame.new(0.000001341104507446289, -4.172325134277344e-07, 0.000004455447196960449, 1, 1.527369164477932e-07, 1.0058285937475375e-07, -1.303851746570217e-07, 0.9864181280136108, -0.1642538160085678, -1.4528633585086936e-07, 0.1642538160085678, 0.9864181876182556),
            ["RightUpperArm"] = CFrame.new(-0.0626523494720459, 0.014342784881591797, -0.02071654424071312, 0.11601167172193527, -0.4845612943172455, 0.8670304417610168, 0.8488106727600098, 0.5016921758651733, 0.16680920124053955, -0.5158118009567261, 0.7165929675102234, 0.46950289607048035),
            ["Head"] = CFrame.new(9.546056389808655e-09, -9.5367431640625e-07, -1.257285475730896e-08, 0.9997566342353821, 0.020762495696544647, 0.007467121817171574, -0.02033870294690132, 0.9983906149864197, -0.052939169108867645, -0.008554244413971901, 0.05277428403496742, 0.9985698461532593),
            ["RightHand"] = CFrame.new(4.6193599700927734e-07, 0.0000012516975402832031, -7.301568984985352e-07, 0.9366059899330139, -0.2975919246673584, 0.184954434633255, 0.30376389622688293, 0.9527326226234436, -0.0053059421479702, -0.1746332347393036, 0.061152201145887375, 0.9827328324317932),
            ["UpperTorso"] = CFrame.new(1.0710209608078003e-08, 4.470348358154297e-07, -2.3283064365386963e-09, 0.9939278364181519, -0.09588410705327988, 0.053979501128196716, 0.10294673591852188, 0.983539879322052, -0.14849716424942017, -0.038852475583553314, 0.1531524658203125, 0.9874386191368103),
            ["HumanoidRootPart"] = CFrame.new(0, 0, 0, 1, 0, 0, 0, 1, 0, 0, 0, 1),
            ["RightUpperLeg"] = CFrame.new(-2.9802322387695312e-08, 8.009374141693115e-08, 3.892637323588133e-09, 0.9428726434707642, -0.248923659324646, 0.2214234173297882, 0.3331531286239624, 0.7055870294570923, -0.6254247426986694, -0.0005505122244358063, 0.6634635925292969, 0.7482082843780518),
            ["LeftUpperArm"] = CFrame.new(0.015468597412109375, -0.04935276508331299, -0.02014489658176899, -0.11540105193853378, 0.9712909460067749, -0.2080303579568863, -0.3316391110420227, -0.23508672416210175, -0.9136463403701782, -0.9363216161727905, -0.03644472360610962, 0.3492474853992462),
            ["RightLowerArm"] = CFrame.new(5.960464477539063e-08, 6.556510925292969e-07, -0.0000039637088775634766, 1, -0.00001775100827217102, 0.000008039178283070214, 0.000018998982341145165, 0.7961877584457397, -0.6050496101379395, 0.000004328787781560095, 0.6050496101379395, 0.7961878180503845),
            ["LeftHand"] = CFrame.new(-0.0000012516975402832031, -0.000001430511474609375, 3.427267074584961e-07, 0.7464829087257385, 0.3832550346851349, -0.5439468026161194, -0.4947463274002075, 0.8663286566734314, -0.06856309622526169, 0.4449598789215088, 0.3202970325946808, 0.8363139629364014),
            ["LeftFoot"] = CFrame.new(7.566995918750763e-08, -1.7881393432617188e-07, 1.5832483768463135e-08, 0.9842396974563599, 0.048954419791698456, -0.1699289232492447, 0.0014304817887023091, 0.9586837291717529, 0.28447043895721436, 0.17683416604995728, -0.28023022413253784, 0.9435045719146729),
            ["LowerTorso"] = CFrame.new(0.01364512462168932, -0.12403643131256104, 0.15899024903774261, 0.9896116256713867, 0.1421784609556198, -0.021310986950993538, -0.13636310398578644, 0.9752351641654968, 0.17413099110126495, 0.04554089903831482, -0.16941601037979126, 0.9844918847084045),
            ["RightLowerLeg"] = CFrame.new(2.0489096641540527e-08, -0.0007264018058776855, 0.00004609843745129183, 1, 1.46217701058049e-07, 2.328307324717116e-08, -4.5169151974278066e-08, 0.5676738023757935, 0.8232534527778625, 1.0989607801548118e-07, -0.8232535719871521, 0.5676741003990173),
            ["LeftUpperLeg"] = CFrame.new(-2.9802322387695312e-08, 1.9185245037078857e-07, 3.4458935260772705e-08, 0.9967814087867737, 0.06282602250576019, -0.04979754611849785, -0.07761632651090622, 0.6008251905441284, -0.7956033945083618, -0.020064959302544594, 0.7969078421592712, 0.6037676930427551),
            ["LeftLowerLeg"] = CFrame.new(-3.725290298461914e-09, -0.0007262825965881348, 0.00008105486631393433, 1, 6.705523247774181e-08, 8.940700979565008e-08, -6.332994928470725e-08, 0.3382549583911896, 0.9410545229911804, 6.332994928470725e-08, -0.9410545229911804, 0.3382550776004791),
        }},
        {Time = 0.233, Data = {
            ["RightFoot"] = CFrame.new(1.9231811165809631e-07, -5.960464477539063e-08, -2.438173396512866e-08, 0.9791892170906067, 0.20288999378681183, -0.0049250260926783085, -0.19617556035518646, 0.940008819103241, -0.27910301089286804, -0.05199764668941498, 0.27426087856292725, 0.960248589515686),
            ["LeftLowerArm"] = CFrame.new(0.0000011920928955078125, -3.5762786865234375e-07, 0.000004630535840988159, 1, 1.713633963618122e-07, 1.7508865823856468e-07, -1.3411046495548362e-07, 0.9995907545089722, -0.028607044368982315, -1.1501835217586631e-07, 0.02860703505575657, 0.9995908141136169),
            ["RightUpperArm"] = CFrame.new(-0.0642099380493164, 0.01690495014190674, -0.014058093540370464, 0.11471099406480789, -0.6159138083457947, 0.7794175744056702, 0.8731400966644287, 0.43670833110809326, 0.21659240126609802, -0.47378021478652954, 0.6556950807571411, 0.587874174118042),
            ["Head"] = CFrame.new(6.28642737865448e-09, -3.5762786865234375e-07, -3.259629011154175e-09, 0.9999829530715942, 0.003315253183245659, -0.004823002032935619, -0.0036415276117622852, 0.9975898861885071, -0.06929150968790054, 0.004581661429256201, 0.06930779665708542, 0.9975848197937012),
            ["RightHand"] = CFrame.new(6.109476089477539e-07, 8.344650268554688e-07, -8.344650268554688e-07, 0.9221691489219666, -0.3452140986919403, 0.17444486916065216, 0.3501340448856354, 0.9366958141326904, 0.002740531926974654, -0.16434797644615173, 0.058551911264657974, 0.984663188457489),
            ["UpperTorso"] = CFrame.new(-2.2992026060819626e-08, -1.1920928955078125e-07, 3.073364496231079e-08, 0.9831727147102356, -0.17922097444534302, 0.03537479415535927, 0.18266281485557556, 0.9619174599647522, -0.20334492623806, 0.0024160360917448997, 0.20638471841812134, 0.9784680008888245),
            ["HumanoidRootPart"] = CFrame.new(0, 0, 0, 1, 0, 0, 0, 1, 0, 0, 0, 1),
            ["RightUpperLeg"] = CFrame.new(0, -2.942979335784912e-07, 3.9282895158976316e-08, 0.9119013547897339, -0.3194575011730194, 0.2576490640640259, 0.40856146812438965, 0.647102415561676, -0.6436894536018372, 0.03890605643391609, 0.692246675491333, 0.7206114530563354),
            ["LeftUpperArm"] = CFrame.new(0.01448214054107666, -0.0544506311416626, -0.013657636009156704, -0.1377379149198532, 0.9901363849639893, -0.025659142062067986, -0.6497576236724854, -0.10987980663776398, -0.752157986164093, -0.7475581765174866, -0.08692841976881027, 0.6584832072257996),
            ["RightLowerArm"] = CFrame.new(0, 4.76837158203125e-07, -0.000003606081008911133, 1, -0.000019237400920246728, 0.000002956949629151495, 0.000018939377696369775, 0.9292389154434204, -0.3694795072078705, 0.000004328787781560095, 0.3694795072078705, 0.9292389750480652),
            ["LeftHand"] = CFrame.new(-0.000001519918441772461, -0.0000011324882507324219, 5.21540641784668e-07, 0.7434941530227661, 0.44018545746803284, -0.5034407377243042, -0.5102953910827637, 0.8599976897239685, -0.0016745637403801084, 0.432220995426178, 0.2581486403942108, 0.8640282154083252),
            ["LeftFoot"] = CFrame.new(8.009374141693115e-08, -1.1920928955078125e-07, -7.450580596923828e-09, 0.9965546727180481, -0.039000846445560455, -0.07319626957178116, 0.04837936535477638, 0.9901912212371826, 0.1310761719942093, 0.06736628711223602, -0.13416558504104614, 0.9886664748191833),
            ["LowerTorso"] = CFrame.new(0.0021754885092377663, -0.11109340190887451, 0.15855084359645844, 0.9783206582069397, 0.2041824758052826, 0.034615758806467056, -0.2069343775510788, 0.9572039842605591, 0.2023334503173828, 0.008178595453500748, -0.20511016249656677, 0.9787048101425171),
            ["RightLowerLeg"] = CFrame.new(-8.568167686462402e-08, -0.0007262229919433594, 0.000046053733967710286, 1, 1.1734668703411444e-07, 2.2351747119842003e-08, -7.82310962677002e-08, 0.5185010433197021, 0.855076789855957, 1.4156103134155273e-07, -0.8550769686698914, 0.518501341342926),
            ["LeftUpperLeg"] = CFrame.new(-1.1920928955078125e-07, 3.725290298461914e-08, 2.0489096641540527e-08, 0.9904206991195679, 0.08341693878173828, 0.11003897339105606, 0.02268722467124462, 0.6877691149711609, -0.7255749702453613, -0.13620667159557343, 0.7211209535598755, 0.6792882084846497),
            ["LeftLowerLeg"] = CFrame.new(1.0058283805847168e-07, -0.0007265806198120117, 0.00008100271224975586, 1, 4.842878098543224e-08, 4.4703494239684005e-08, -4.470348358154297e-08, 0.48085275292396545, 0.8768014311790466, 7.636845111846924e-08, -0.8768014907836914, 0.4808528423309326),
        }},
        {Time = 0.267, Data = {
            ["RightFoot"] = CFrame.new(2.3189932107925415e-07, 0, -2.029992174357176e-09, 0.9761186838150024, 0.21693852543830872, -0.011402147822082043, -0.2115376591682434, 0.937250018119812, -0.27715396881103516, -0.049438826739788055, 0.2729472219944, 0.960757851600647),
            ["LeftLowerArm"] = CFrame.new(0.0000011622905731201172, -5.364418029785156e-07, 0.000004798173904418945, 1, 1.7997808754444122e-07, 8.568168397005138e-08, -1.5087425708770752e-07, 0.9995907545089722, -0.02860700711607933, -1.2479722499847412e-07, 0.02860703505575657, 0.9995908141136169),
            ["RightUpperArm"] = CFrame.new(-0.06376546621322632, 0.019274234771728516, -0.012234324589371681, 0.11472398787736893, -0.729610800743103, 0.6741708517074585, 0.8846122622489929, 0.38381919264793396, 0.26484739780426025, -0.45199522376060486, 0.5659955143928528, 0.6894561052322388),
            ["Head"] = CFrame.new(1.3969838619232178e-09, -8.344650268554688e-07, -1.257285475730896e-08, 0.99989914894104, -0.004810316488146782, -0.013365084305405617, 0.003927052486687899, 0.997855007648468, -0.06534647196531296, 0.013650747947394848, 0.06528725475072861, 0.9977731108665466),
            ["RightHand"] = CFrame.new(3.427267074584961e-07, 0.0000010132789611816406, -8.940696716308594e-07, 0.913866400718689, -0.3731152415275574, 0.16010351479053497, 0.3770456314086914, 0.9261736869812012, 0.006247668527066708, -0.1506149172782898, 0.05465680733323097, 0.9870805144309998),
            ["UpperTorso"] = CFrame.new(-7.241033017635345e-08, 2.9802322387695312e-08, 3.3527612686157227e-08, 0.977034866809845, -0.21056754887104034, 0.032624751329422, 0.21212412416934967, 0.9466972351074219, -0.2424207180738449, 0.02016017585992813, 0.24377396702766418, 0.9696226119995117),
            ["HumanoidRootPart"] = CFrame.new(0, 0, 0, 1, 0, 0, 0, 1, 0, 0, 0, 1),
            ["RightUpperLeg"] = CFrame.new(-2.9802322387695312e-08, -1.0058283805847168e-07, 4.6733475755900145e-08, 0.8939304947853088, -0.35301893949508667, 0.276162713766098, 0.4440324306488037, 0.6136444807052612, -0.6528980731964111, 0.06101968139410019, 0.7062705755233765, 0.7053073048591614),
            ["LeftUpperArm"] = CFrame.new(0.015386104583740234, -0.057685136795043945, -0.011905878782272339, -0.027938837185502052, 0.990467369556427, 0.13488416373729706, -0.8794485330581665, 0.0397878997027874, -0.47432824969291687, -0.47517329454421997, -0.1318759024143219, 0.869953453540802),
            ["RightLowerArm"] = CFrame.new(2.980232238769531e-07, 4.76837158203125e-07, -0.0000037550926208496094, 1, -0.000019356606571818702, -3.725290298461914e-07, 0.000018902122974395752, 0.9791971445083618, -0.2029113471508026, 0.0000042691826820373535, 0.20291131734848022, 0.9791972041130066),
            ["LeftHand"] = CFrame.new(-0.0000019371509552001953, -0.0000010728836059570312, 2.9802322387695312e-08, 0.7425733208656311, 0.46235713362693787, -0.4845721423625946, -0.4921083152294159, 0.8674228191375732, 0.0735345110297203, 0.4543285369873047, 0.183857262134552, 0.8716551065444946),
            ["LeftFoot"] = CFrame.new(2.9802322387695312e-08, -5.960464477539063e-08, 2.2351741790771484e-08, 0.9970230460166931, -0.0682562068104744, -0.035865116864442825, 0.07068482041358948, 0.9949336647987366, 0.07148870080709457, 0.030803799629211426, -0.07381096482276917, 0.9967964887619019),
