return {
    ["Lookin' Good"] = {
        {Time = 0.000, Data = {
            ["RightFoot"] = CFrame.new(9.778887033462524e-09, 2.384185791015625e-07, 1.6952981241047382e-09, 0.9608507752418518, 0.1688494086265564, 0.21967095136642456, -0.13224782049655914, 0.976197361946106, -0.17190022766590118, -0.24346746504306793, 0.13611973822116852, 0.9603099226951599),
            ["LeftLowerArm"] = CFrame.new(5.066394805908203e-07, 4.76837158203125e-07, -2.3189932107925415e-07, 1, -2.756714536644722e-07, 1.7881380642847944e-07, -3.1292427138396306e-07, 0.6318157911300659, -0.7751188278198242, -1.1362131147052423e-07, 0.7751185297966003, 0.6318154335021973),
            ["RightUpperArm"] = CFrame.new(-1.1920928955078125e-07, -0.06523823738098145, 8.195638656616211e-08, 0.08700047433376312, 0.3805468678474426, 0.9206600785255432, 0.6196358799934387, 0.7029696106910706, -0.349120557308197, -0.7800528407096863, 0.600847601890564, -0.17464175820350647),
            ["Head"] = CFrame.new(7.450580596923828e-09, -1.1920928955078125e-07, 8.940696716308594e-08, 0.7503778338432312, 0.5480350852012634, 0.36958223581314087, -0.6413593292236328, 0.7389495968818665, 0.20642633736133575, -0.15997369587421417, -0.39193254709243774, 0.9059786200523376),
            ["LowerTorso"] = CFrame.new(0.15777848660945892, -0.25728440284729004, 0.004489683546125889, 0.9181588888168335, -0.31470388174057007, -0.24072054028511047, 0.3099119961261749, 0.9489609599113464, -0.05854286625981331, 0.24685806035995483, -0.02085074409842491, 0.9688273072242737),
            ["UpperTorso"] = CFrame.new(3.969762474298477e-08, -2.384185791015625e-07, 1.6530975699424744e-08, 0.9863549470901489, 0.11832353472709656, 0.11447173357009888, -0.13715596497058868, 0.975176990032196, 0.173832967877388, -0.09106174111366272, -0.187161386013031, 0.9780993461608887),
            ["HumanoidRootPart"] = CFrame.new(0, 0, 0, 1, 0, 0, 0, 1, 0, 0, 0, 1),
            ["RightUpperLeg"] = CFrame.new(-0.000025540590286254883, -0.000125624006614089, -0.004997463896870613, 0.9824037551879883, 0.17805108428001404, 0.05640504136681557, -0.14306463301181793, 0.911522388458252, -0.38556280732154846, -0.12006431818008423, 0.37070855498313904, 0.9209559559822083),
            ["LeftUpperArm"] = CFrame.new(1.1920928955078125e-07, -0.06523787975311279, 1.341104507446289e-07, -0.10241814702749252, 0.0675896480679512, -0.9924425482749939, -0.45183390378952026, -0.8919905424118042, -0.014120124280452728, -0.8862036466598511, 0.44697266817092896, 0.12189529091119766),
            ["RightLowerArm"] = CFrame.new(-1.4901161193847656e-07, -5.960464477539063e-08, -1.0803341865539551e-07, 1, 6.631030373682734e-07, -4.284082706362824e-07, 8.08386914741277e-07, 0.34638988971710205, -0.9380921125411987, 5.159520242159488e-07, 0.9380906820297241, 0.34638574719429016),
            ["LeftHand"] = CFrame.new(1.1175870895385742e-07, 0, -2.384185791015625e-07, 0.77622389793396, 0.2107473611831665, -0.5941905379295349, -0.4449998438358307, 0.8507715463638306, -0.27957648038864136, 0.44660013914108276, 0.48142850399017334, 0.7541715502738953),
            ["LeftFoot"] = CFrame.new(0, -5.960464477539063e-08, -1.4901161193847656e-08, 0.8919661641120911, 0.08529152721166611, -0.44398561120033264, 0.031974613666534424, 0.9676833152770996, 0.25013285875320435, 0.45097026228904724, -0.2373066246509552, 0.8604128360748291),
            ["RightHand"] = CFrame.new(-2.66125425696373e-07, 5.960464477539063e-08, 9.313225746154785e-10, 0.9836941361427307, -0.1402333825826645, 0.1126096323132515, 0.14654643833637238, 0.9879463315010071, -0.049856383353471756, -0.10425935685634613, 0.06554953008890152, 0.9923878312110901),
            ["RightLowerLeg"] = CFrame.new(-1.0244548320770264e-07, 5.960464477539063e-08, 1.6596459317952394e-08, 1, -9.49948883999241e-08, -2.421438694000244e-08, 7.82310962677002e-08, 0.8306692838668823, 0.5567659139633179, -2.9802322387695312e-08, -0.556766152381897, 0.8306694030761719),
            ["LeftUpperLeg"] = CFrame.new(0.000025570392608642578, 0.00012553459964692593, 0.0049974918365478516, 0.748580276966095, 0.17688243091106415, -0.6390154957771301, -0.5764551758766174, 0.6498104333877563, -0.49542462825775146, 0.32760804891586304, 0.7392287254333496, 0.5883992910385132),
            ["LeftLowerLeg"] = CFrame.new(-7.450580596923828e-09, 5.960464477539063e-08, 5.960464477539063e-08, 1, 0, 7.450577754752885e-08, -8.940696716308594e-08, -0.08839107304811478, 0.9960858225822449, 0, -0.9960858821868896, -0.08839113265275955),
        }},
        {Time = 0.033, Data = {
            ["RightFoot"] = CFrame.new(-1.0663643479347229e-07, 1.7881393432617188e-07, -5.75528247281909e-09, 0.9652725458145142, 0.17247380316257477, 0.19621767103672028, -0.15164503455162048, 0.9815159440040588, -0.11675004661083221, -0.21272720396518707, 0.08294033259153366, 0.9735851883888245),
            ["LeftLowerArm"] = CFrame.new(3.5762786865234375e-07, -3.5762786865234375e-07, 2.4586915969848633e-07, 1, -4.842880230171431e-07, -1.4901155864777138e-08, -4.135071662858536e-07, 0.7572667598724365, -0.6531072854995728, -2.873129858471657e-07, 0.6531058549880981, 0.7572653889656067),
            ["RightUpperArm"] = CFrame.new(-5.960464477539063e-08, -0.06523799896240234, 2.9802322387695312e-08, 0.0763126090168953, 0.3104836046695709, 0.9475106596946716, 0.6468566060066223, 0.7077509760856628, -0.2840160131454468, -0.7587838768959045, 0.6345773935317993, -0.1468280702829361),
            ["Head"] = CFrame.new(-3.725290298461914e-09, 3.5762786865234375e-07, 1.1175870895385742e-08, 0.8518535494804382, 0.42635732889175415, 0.304245263338089, -0.5044727325439453, 0.8241050839424133, 0.2576008439064026, -0.14090003073215485, -0.37292128801345825, 0.9171023368835449),
            ["LowerTorso"] = CFrame.new(0.13853631913661957, -0.19943714141845703, 0.024075297638773918, 0.9453892111778259, -0.2472488135099411, -0.21238568425178528, 0.25220566987991333, 0.9676657319068909, -0.0038651328068226576, 0.20647399127483368, -0.04991099610924721, 0.9771782755851746),
            ["UpperTorso"] = CFrame.new(-4.359753802418709e-08, -2.980232238769531e-07, 5.587935447692871e-09, 0.9881463050842285, 0.11760084331035614, 0.09867709875106812, -0.13093465566635132, 0.9811952114105225, 0.14181643724441528, -0.08014369010925293, -0.15305565297603607, 0.9849624037742615),
            ["HumanoidRootPart"] = CFrame.new(0, 0, 0, 1, 0, 0, 0, 1, 0, 0, 0, 1),
            ["RightUpperLeg"] = CFrame.new(-0.00002562999725341797, -0.0001258794218301773, -0.0049974871799349785, 0.9916349053382874, 0.10714251548051834, 0.07198075950145721, -0.07430312037467957, 0.9298382997512817, -0.3603879511356354, -0.1055431142449379, 0.35202473402023315, 0.9300212264060974),
            ["LeftUpperArm"] = CFrame.new(0, -0.06523799896240234, -7.450580596923828e-08, -0.0033748678397387266, 0.2051149606704712, -0.9787321090698242, -0.4235430955886841, -0.8869070410728455, -0.18441025912761688, -0.9058697819709778, 0.41391289234161377, 0.08986825495958328),
            ["RightLowerArm"] = CFrame.new(-4.172325134277344e-07, -5.960464477539063e-08, -2.60770320892334e-08, 1, 2.9057306960567075e-07, -1.0989597143407082e-07, 3.762540075058496e-07, 0.32888129353523254, -0.9443727135658264, 4.004683660241426e-07, 0.9443712830543518, 0.32887712121009827),
            ["LeftHand"] = CFrame.new(4.172325134277344e-07, 1.1920928955078125e-07, 1.1920928955078125e-07, 0.7739879488945007, 0.30002057552337646, -0.5576117634773254, -0.49419787526130676, 0.8367757201194763, -0.23574359714984894, 0.39586758613586426, 0.4580329656600952, 0.7959233522415161),
            ["LeftFoot"] = CFrame.new(4.470348358154297e-08, -5.960464477539063e-08, -1.4901161193847656e-08, 0.8862964510917664, 0.1403084099292755, -0.4413541555404663, 0.04958121478557587, 0.9187772870063782, 0.39164963364601135, 0.46045660972595215, -0.3690011501312256, 0.8073519468307495),
            ["RightHand"] = CFrame.new(2.6170164346694946e-07, 0, -3.594905138015747e-07, 0.984571635723114, -0.13368269801139832, 0.11290688812732697, 0.13986298441886902, 0.9889730215072632, -0.04868399351835251, -0.10515285283327103, 0.06372817605733871, 0.9924121499061584),
            ["RightLowerLeg"] = CFrame.new(4.0046870708465576e-08, 1.1920928955078125e-07, -7.281050784513354e-08, 1, -7.264312529287054e-08, -2.7939673685750677e-08, 8.195638656616211e-08, 0.8951849937438965, 0.44569453597068787, -2.2351741790771484e-08, -0.44569483399391174, 0.895185112953186),
            ["LeftUpperLeg"] = CFrame.new(0.000025570392608642578, 0.00012565497308969498, 0.0049974811263382435, 0.7965469360351562, 0.1305314600467682, -0.5903183221817017, -0.5273085236549377, 0.6276196241378784, -0.5727468729019165, 0.2957346439361572, 0.7674992084503174, 0.5687576532363892),
            ["LeftLowerLeg"] = CFrame.new(-8.940696716308594e-08, 1.7881393432617188e-07, 7.450580596923828e-09, 1, 2.980233659855003e-08, 5.960463056453591e-08, -2.980232594040899e-08, 0.04535042494535446, 0.998971164226532, 1.1920930376163597e-07, -0.998971164226532, 0.04535028710961342),
        }},
        {Time = 0.067, Data = {
            ["RightFoot"] = CFrame.new(-7.566995918750763e-09, 2.980232238769531e-07, -1.1343217920511961e-08, 0.9660314321517944, 0.18719346821308136, 0.17816095054149628, -0.1791354864835739, 0.9819662570953369, -0.06044243276119232, -0.18626248836517334, 0.02647453360259533, 0.9821432828903198),
            ["LeftLowerArm"] = CFrame.new(1.4901161193847656e-07, 5.960464477539063e-08, 4.0978193283081055e-08, 1, -1.0430807861894209e-07, 1.5087418603343394e-07, -7.4505797087454084e-09, 0.8690646886825562, -0.4946984052658081, 1.1920927533992653e-07, 0.4946984052658081, 0.8690646886825562),
            ["RightUpperArm"] = CFrame.new(-1.1920928955078125e-07, -0.06523823738098145, -2.9802322387695312e-08, 0.07540901750326157, 0.20316824316978455, 0.9762356877326965, 0.6601851582527161, 0.7235485911369324, -0.20157629251480103, -0.7473078966140747, 0.6596968770027161, -0.07956648617982864),
            ["Head"] = CFrame.new(2.60770320892334e-08, 3.5762786865234375e-07, 4.284083843231201e-08, 0.9391894340515137, 0.2900365889072418, 0.18385328352451324, -0.3174663484096527, 0.937444806098938, 0.14287292957305908, -0.13091398775577545, -0.19255179166793823, 0.9725149273872375),
            ["LowerTorso"] = CFrame.new(0.10066885501146317, -0.13464879989624023, 0.03655979037284851, 0.9714081287384033, -0.1479381024837494, -0.18569040298461914, 0.16021457314491272, 0.9856652617454529, 0.05286810174584389, 0.17520743608474731, -0.08110695332288742, 0.9811850786209106),
            ["UpperTorso"] = CFrame.new(3.5390257835388184e-08, 2.384185791015625e-07, 3.725290298461914e-09, 0.9925609827041626, 0.09136884659528732, 0.08046574890613556, -0.09941492974758148, 0.9897584915161133, 0.10244296491146088, -0.0702815130352974, -0.10968030989170074, 0.9914790987968445),
            ["HumanoidRootPart"] = CFrame.new(0, 0, 0, 1, 0, 0, 0, 1, 0, 0, 0, 1),
            ["RightUpperLeg"] = CFrame.new(-0.000025540590286254883, -0.00012575089931488037, -0.004997493699193001, 0.9955505728721619, -0.0073592886328697205, 0.09394034743309021, 0.03828627988696098, 0.94254469871521, -0.33187946677207947, -0.08610035479068756, 0.3339991569519043, 0.9386327266693115),
            ["LeftUpperArm"] = CFrame.new(0, -0.0652381181716919, -7.450580596923828e-08, 0.11086511611938477, 0.4347700774669647, -0.8936911821365356, -0.3668804168701172, -0.8178152441978455, -0.44336995482444763, -0.9236383438110352, 0.3770321309566498, 0.06884150952100754),
            ["RightLowerArm"] = CFrame.new(1.7881393432617188e-07, -4.172325134277344e-07, -2.60770320892334e-08, 1, 1.7136352425950463e-07, -2.64495355395411e-07, 3.324817612337938e-07, 0.4058495759963989, -0.9139415621757507, 2.011654345324132e-07, 0.9139399528503418, 0.40584596991539),
            ["LeftHand"] = CFrame.new(1.1920928955078125e-07, -5.364418029785156e-07, -1.7881393432617188e-07, 0.7685608267784119, 0.39112189412117004, -0.5062987804412842, -0.5454187393188477, 0.8142071962356567, -0.19896052777767181, 0.334414005279541, 0.4290575087070465, 0.839092493057251),
            ["LeftFoot"] = CFrame.new(0, 5.960464477539063e-08, 4.470348358154297e-08, 0.895024836063385, 0.16894672811031342, -0.4127819836139679, 0.06746390461921692, 0.8635531067848206, 0.4997246563434601, 0.44088461995124817, -0.47511371970176697, 0.761502742767334),
            ["RightHand"] = CFrame.new(5.960464477539063e-08, 0, -1.2665987014770508e-07, 0.9804340600967407, -0.162772998213768, 0.11069855093955994, 0.1694575995206833, 0.9840641617774963, -0.05386526137590408, -0.10016592592000961, 0.07157323509454727, 0.9923933148384094),
            ["RightLowerLeg"] = CFrame.new(-4.936009645462036e-08, 5.960464477539063e-08, -9.480572771281004e-09, 1, -5.401669511684304e-08, -1.1175870895385742e-08, 4.6566128730773926e-08, 0.9463474750518799, 0.32315048575401306, -1.1175870895385742e-08, -0.3231508135795593, 0.9463475942611694),
            ["LeftUpperLeg"] = CFrame.new(0.000025510787963867188, 0.00012568291276693344, 0.0049974992871284485, 0.8687738180160522, 0.09675050526857376, -0.48566728830337524, -0.4289834499359131, 0.6369872689247131, -0.6404843330383301, 0.24739688634872437, 0.7647788524627686, 0.5949009656906128),
            ["LeftLowerLeg"] = CFrame.new(-1.043081283569336e-07, -5.960464477539063e-08, 1.7881393432617188e-07, 1, 7.450588412893921e-08, 2.9802293965985882e-08, -1.266598843585598e-07, 0.22278457880020142, 0.9748678207397461, 8.940698137394065e-08, -0.9748678207397461, 0.2227841317653656),
        }},
        {Time = 0.100, Data = {
            ["RightFoot"] = CFrame.new(-2.9453076422214508e-08, 1.7881393432617188e-07, 3.5579432733356953e-09, 0.9650269746780396, 0.2018003761768341, 0.16732880473136902, -0.19972969591617584, 0.9794131517410278, -0.02930193580687046, -0.16979727149009705, -0.0051433308981359005, 0.9854655861854553),
            ["LeftLowerArm"] = CFrame.new(2.980232238769531e-07, 2.980232238769531e-07, 1.5087425708770752e-07, 1, -2.682207878024201e-07, 1.6391278734317893e-07, -1.6391271628890536e-07, 0.9484947919845581, -0.3167918920516968, 8.940693874137651e-08, 0.3167928159236908, 0.9484951496124268),
            ["RightUpperArm"] = CFrame.new(-5.960464477539063e-08, -0.06523740291595459, 5.21540641784668e-08, 0.09808330237865448, 0.044750671833753586, 0.9941715598106384, 0.6747017502784729, 0.7313551306724548, -0.09948541969060898, -0.7315443754196167, 0.6805270910263062, 0.04154036566615105),
            ["Head"] = CFrame.new(-1.862645149230957e-09, 1.1920928955078125e-07, 2.8870999813079834e-08, 0.9825778007507324, 0.1519492119550705, 0.10701629519462585, -0.14753006398677826, 0.9878867268562317, -0.04811301827430725, -0.11303061991930008, 0.03148674592375755, 0.9930925369262695),
            ["LowerTorso"] = CFrame.new(0.06061908230185509, -0.0832362174987793, 0.045413244515657425, 0.9879491329193115, -0.04620633274316788, -0.1477213352918625, 0.062252361327409744, 0.992423951625824, 0.1059211865067482, 0.14170801639556885, -0.11384081095457077, 0.9833407998085022),
            ["UpperTorso"] = CFrame.new(8.392817107960582e-09, 1.7881393432617188e-07, 2.2882886696606874e-08, 0.9962958097457886, 0.05908968299627304, 0.06247704103589058, -0.06258814036846161, 0.9964883923530579, 0.055620674043893814, -0.058970943093299866, -0.059324994683265686, 0.9964954257011414),
            ["HumanoidRootPart"] = CFrame.new(0, 0, 0, 1, 0, 0, 0, 1, 0, 0, 0, 1),
            ["RightUpperLeg"] = CFrame.new(-0.000025570392608642578, -0.00012555159628391266, -0.004997463896870613, 0.985860288143158, -0.1257239431142807, 0.11077980697154999, 0.15839850902557373, 0.9149124622344971, -0.3712759017944336, -0.054675303399562836, 0.38357362151145935, 0.9218904972076416),
            ["LeftUpperArm"] = CFrame.new(5.960464477539063e-08, -0.06523716449737549, 1.4156103134155273e-07, 0.19547298550605774, 0.6521192193031311, -0.7324824929237366, -0.25709348917007446, -0.6866956949234009, -0.6799649000167847, -0.9464107751846313, 0.32123154401779175, 0.03342515602707863),
            ["RightLowerArm"] = CFrame.new(5.960464477539063e-08, 2.980232238769531e-07, -2.9802322387695312e-08, 1, 4.321341862123518e-07, 5.2154014440475294e-08, 5.106127787257719e-07, 0.5731805562973022, -0.8194318413734436, 4.0605638673696376e-07, 0.8194290995597839, 0.5731766223907471),
            ["LeftHand"] = CFrame.new(-2.9802322387695312e-08, 3.5762786865234375e-07, 6.332993507385254e-08, 0.764072835445404, 0.4750920236110687, -0.43644028902053833, -0.5881731510162354, 0.7909390330314636, -0.16872572898864746, 0.2650383412837982, 0.3856205940246582, 0.8837712407112122),
            ["LeftFoot"] = CFrame.new(-2.9802322387695312e-08, 1.7881393432617188e-07, 2.9802322387695312e-08, 0.9028880596160889, 0.16618134081363678, -0.39645689725875854, 0.09109502285718918, 0.8273457884788513, 0.5542568564414978, 0.4201130270957947, -0.5365472435951233, 0.731861412525177),
            ["RightHand"] = CFrame.new(-4.023313522338867e-07, 1.1920928955078125e-07, -2.9802322387695312e-08, 0.9685670137405396, -0.22916188836097717, 0.09676177054643631, 0.23593372106552124, 0.9695643186569214, -0.065419040620327, -0.0788244977593422, 0.08619612455368042, 0.9931553602218628),
            ["RightLowerLeg"] = CFrame.new(-1.2014061212539673e-07, 1.7881393432617188e-07, 6.129994289949536e-08, 1, -6.612390279769897e-08, 6.519258910486769e-09, 4.842878453814592e-08, 0.9436550736427307, 0.3309307396411896, -4.656613761255812e-09, -0.33093076944351196, 0.9436551332473755),
            ["LeftUpperLeg"] = CFrame.new(0.00002562999725341797, 0.00012561469338834286, 0.004997489973902702, 0.9293520450592041, 0.0780097097158432, -0.36086058616638184, -0.32014310359954834, 0.6570969223976135, -0.6824450492858887, 0.18388372659683228, 0.7497586607933044, 0.6356480121612549),
            ["LeftLowerLeg"] = CFrame.new(-2.9802322387695312e-08, -1.1920928955078125e-07, 1.341104507446289e-07, 1, 8.94070240065048e-08, 5.960463056453591e-08, -8.568168397005138e-08, 0.39527738094329834, 0.9185619354248047, 5.960465188081798e-08, -0.9185618758201599, 0.39527714252471924),
        }},
        {Time = 0.133, Data = {
            ["RightFoot"] = CFrame.new(8.381903171539307e-09, 4.76837158203125e-07, 1.6596459317952394e-08, 0.9638925790786743, 0.21552982926368713, 0.15638850629329681, -0.21113893389701843, 0.9764485955238342, -0.0443773977458477, -0.16226981580257416, 0.009755151346325874, 0.9866982698440552),
            ["LeftLowerArm"] = CFrame.new(0, -1.7881393432617188e-07, 2.3888424038887024e-07, 1, -1.1920927533992653e-07, 8.940695295223122e-08, -4.470348358154297e-08, 0.9915380477905273, -0.12981672585010529, 4.470348358154297e-08, 0.12981681525707245, 0.9915379881858826),
            ["RightUpperArm"] = CFrame.new(-5.960464477539063e-08, -0.06523799896240234, -7.450580596923828e-09, 0.12998518347740173, -0.13840635120868683, 0.9818084239959717, 0.7025684714317322, 0.7115791440010071, 0.0072963787242770195, -0.6996438503265381, 0.6888387203216553, 0.18973438441753387),
            ["Head"] = CFrame.new(1.1175870895385742e-08, 1.1920928955078125e-07, 5.541369318962097e-08, 0.9960833787918091, 0.052253492176532745, 0.07132738828659058, -0.04426315426826477, 0.9930185675621033, -0.10933828353881836, -0.07654266804456711, 0.1057528629899025, 0.9914422035217285),
            ["LowerTorso"] = CFrame.new(0.031867776066064835, -0.054488182067871094, 0.0506197065114975, 0.9946776032447815, 0.03980986773967743, -0.09503552317619324, -0.025592070072889328, 0.9888949990272522, 0.14639614522457123, 0.09980830550193787, -0.1431848406791687, 0.9846504330635071),
            ["UpperTorso"] = CFrame.new(9.42964106798172e-09, -1.1920928955078125e-07, -6.51925802230835e-08, 0.9987266063690186, 0.02329283021390438, 0.04475294426083565, -0.023249033838510513, 0.9997286796569824, -0.0014797442127019167, -0.044775236397981644, 0.00043738080421462655, 0.9989969730377197),
            ["HumanoidRootPart"] = CFrame.new(0, 0, 0, 1, 0, 0, 0, 1, 0, 0, 0, 1),
            ["RightUpperLeg"] = CFrame.new(-0.000025391578674316406, -0.00012560095638036728, -0.004997575655579567, 0.9650275707244873, -0.2248643934726715, 0.13474628329277039, 0.26179036498069763, 0.8535096645355225, -0.4505418539047241, -0.013696447014808655, 0.47006094455718994, 0.8825278878211975),
            ["LeftUpperArm"] = CFrame.new(0, -0.06523799896240234, 2.60770320892334e-08, 0.1793125420808792, 0.875657320022583, -0.4484100639820099, -0.14534199237823486, -0.42721661925315857, -0.8923908472061157, -0.9729968905448914, 0.22518961131572723, 0.050664473325014114),
            ["RightLowerArm"] = CFrame.new(4.76837158203125e-07, 7.152557373046875e-07, -9.685754776000977e-08, 1, 4.0978221704790485e-07, 3.7252897300277255e-07, 1.1734661597984086e-07, 0.7663418054580688, -0.6424360871315002, 5.140899475009064e-07, 0.6424331068992615, 0.7663393020629883),
            ["LeftHand"] = CFrame.new(2.9802322387695312e-08, 1.1920928955078125e-07, 3.986060619354248e-07, 0.7606845498085022, 0.5500192642211914, -0.3447297215461731, -0.6217864751815796, 0.7698973417282104, -0.14366403222084045, 0.18638843297958374, 0.32363083958625793, 0.9276432394981384),
            ["LeftFoot"] = CFrame.new(3.725290298461914e-09, -5.960464477539063e-08, 7.450580596923828e-09, 0.9285750389099121, 0.12660369277000427, -0.3488847017288208, 0.08346022665500641, 0.8447150588035583, 0.5286690592765808, 0.3616391122341156, -0.5200269818305969, 0.7738142609596252),
            ["RightHand"] = CFrame.new(2.682209014892578e-07, 1.7881393432617188e-07, 0, 0.9476442337036133, -0.31404411792755127, 0.05785496160387993, 0.31794530153274536, 0.9447687864303589, -0.07950983196496964, -0.02968931943178177, 0.09374506771564484, 0.9951538443565369),
            ["RightLowerLeg"] = CFrame.new(-3.585591912269592e-08, 4.76837158203125e-07, -1.6931153368204832e-08, 1, -5.960463056453591e-08, -1.6763804566721774e-08, 5.3085386753082275e-08, 0.8948333859443665, 0.44640079140663147, -1.862645149230957e-08, -0.44640034437179565, 0.8948332071304321),
            ["LeftUpperLeg"] = CFrame.new(0.000025570392608642578, 0.00012569298269227147, 0.0049974494613707066, 0.9717897176742554, 0.08347122371196747, -0.22058674693107605, -0.21973852813243866, 0.6601770520210266, -0.7182486057281494, 0.08567332476377487, 0.7464574575424194, 0.6598943471908569),
            ["LeftLowerLeg"] = CFrame.new(5.21540641784668e-08, 2.980232238769531e-07, -1.4901161193847656e-08, 1, 2.980233659855003e-08, 6.705520405603238e-08, -8.568168397005138e-08, 0.49931618571281433, 0.8664201498031616, 2.980232594040899e-08, -0.8664199709892273, 0.49931585788726807),
        }},
        {Time = 0.167, Data = {
            ["RightFoot"] = CFrame.new(-1.5133991837501526e-08, 3.5762786865234375e-07, -1.6931153368204832e-08, 0.9614194631576538, 0.2359788864850998, 0.14137113094329834, -0.2276056855916977, 0.9710156917572021, -0.07297162711620331, -0.15449358522891998, 0.037979453802108765, 0.987263560295105),
            ["LeftLowerArm"] = CFrame.new(1.1920928955078125e-07, 2.384185791015625e-07, 1.564621925354004e-07, 1, -9.313225746154785e-08, -1.4901159417490817e-08, -8.195640788244418e-08, 1, -0.00000625103621132439, -1.3038519597330378e-08, 0.0000061765313148498535, 1),
            ["RightUpperArm"] = CFrame.new(-1.7881393432617188e-07, -0.06523752212524414, 1.6763806343078613e-08, 0.15663574635982513, -0.3310976028442383, 0.9305051565170288, 0.7437719702720642, 0.6594149470329285, 0.10943446308374405, -0.6498218774795532, 0.6749417781829834, 0.3495487868785858),
            ["Head"] = CFrame.new(1.257285475730896e-08, 0, 9.080395102500916e-09, 0.9986517429351807, -0.032180268317461014, 0.04073392599821091, 0.03792211040854454, 0.9880931973457336, -0.14910976588726044, -0.03545045852661133, 0.15045341849327087, 0.987981379032135),
            ["LowerTorso"] = CFrame.new(0.005556545685976744, -0.031890869140625, 0.054425694048404694, 0.9917817115783691, 0.12411195039749146, -0.031064627692103386, -0.11643822491168976, 0.9762209057807922, 0.18285280466079712, 0.05302031710743904, -0.17773300409317017, 0.9826494455337524),
            ["UpperTorso"] = CFrame.new(-3.003515303134918e-08, -2.384185791015625e-07, -8.032657206058502e-09, 0.9992716908454895, -0.024524569511413574, 0.029234247282147408, 0.02628074586391449, 0.997776210308075, -0.061254192143678665, -0.027666999027132988, 0.06197784096002579, 0.9976940751075745),
            ["HumanoidRootPart"] = CFrame.new(0, 0, 0, 1, 0, 0, 0, 1, 0, 0, 0, 1),
            ["RightUpperLeg"] = CFrame.new(-0.000025480985641479492, -0.00012579094618558884, -0.00499748345464468, 0.9305443167686462, -0.32684239745140076, 0.16510601341724396, 0.36433055996894836, 0.7811421751976013, -0.5070315003395081, 0.03674815595149994, 0.5319689512252808, 0.8459663987159729),
            ["LeftUpperArm"] = CFrame.new(-1.1920928955078125e-07, -0.06523764133453369, -1.6763806343078613e-08, 0.14449743926525116, 0.9848402738571167, -0.0959698036313057, -0.325592964887619, -0.044264573603868484, -0.944473385810852, -0.9344034194946289, 0.16772106289863586, 0.3142607808113098),
            ["RightLowerArm"] = CFrame.new(-2.980232238769531e-07, -1.7881393432617188e-07, 2.086162567138672e-07, 1, 2.775340419702843e-07, -5.960465188081798e-08, 1.9371501025489124e-07, 0.9210488796234131, -0.3894474506378174, 2.2351731132630448e-08, 0.3894471228122711, 0.9210487604141235),
            ["LeftHand"] = CFrame.new(1.6577541828155518e-07, 3.5762786865234375e-07, 4.777684807777405e-07, 0.757448136806488, 0.6001183390617371, -0.25715798139572144, -0.6420139074325562, 0.7562268376350403, -0.1262517124414444, 0.11870376765727997, 0.26072779297828674, 0.9580868482589722),
            ["LeftFoot"] = CFrame.new(1.0943040251731873e-07, 0, -1.862645149230957e-09, 0.9682742953300476, 0.041585203260183334, -0.24640631675720215, 0.0703071653842926, 0.9008852243423462, 0.42832547426223755, 0.2397954910993576, -0.43206095695495605, 0.8693798780441284),
            ["RightHand"] = CFrame.new(0, 0, -4.470348358154297e-08, 0.9184250831604004, -0.3953801095485687, -0.013055715709924698, 0.39262422919273376, 0.9150683283805847, -0.09217220544815063, 0.048390503972768784, 0.07952727377414703, 0.9956575036048889),
            ["RightLowerLeg"] = CFrame.new(5.448237061500549e-08, -2.384185791015625e-07, -2.029992174357176e-09, 1, -5.867330798992043e-08, -1.30385160446167e-08, 9.220092067607766e-08, 0.8419528603553772, 0.539551317691803, -2.607702853651972e-08, -0.5395512580871582, 0.8419528007507324),
            ["LeftUpperLeg"] = CFrame.new(0.000025510787963867188, 0.00012566009536385536, 0.004997497424483299, 0.9936411380767822, 0.10209858417510986, -0.04747534170746803, -0.10537257790565491, 0.69464510679245, -0.7115931510925293, -0.03967413678765297, 0.7120702862739563, 0.7009859681129456),
            ["LeftLowerLeg"] = CFrame.new(8.568167686462402e-08, -5.960464477539063e-08, 2.7567148208618164e-07, 1, 8.568167686462402e-08, 3.9115551686563776e-08, -6.705523247774181e-08, 0.6040294766426086, 0.7969622015953064, 9.313226634333205e-09, -0.7969620227813721, 0.6040292978286743),
        }},
        {Time = 0.200, Data = {
            ["RightFoot"] = CFrame.new(6.355912773869932e-08, 5.364418029785156e-07, -1.6931153368204832e-08, 0.9573875665664673, 0.2573835551738739, 0.13100332021713257, -0.24710653722286224, 0.9648253321647644, -0.08972924947738647, -0.14949025213718414, 0.053533826023340225, 0.987312912940979),
            ["LeftLowerArm"] = CFrame.new(0, -1.1920928955078125e-07, -1.9371509552001953e-07, 1, 1.2572852092773701e-08, -1.9744041424019088e-07, 1.4901164746561335e-08, 1, -0.000008063391760515515, -9.685756907629184e-08, 0.000008268279998446815, 1),
            ["RightUpperArm"] = CFrame.new(-1.1920928955078125e-07, -0.06523704528808594, 4.0978193283081055e-08, 0.1748814582824707, -0.5058711171150208, 0.8446957468986511, 0.7932182550430298, 0.5806305408477783, 0.183504119515419, -0.5832849144935608, 0.6379362344741821, 0.5028074979782104),
            ["Head"] = CFrame.new(5.2386894822120667e-08, 1.1920928955078125e-07, -3.725290298461914e-09, 0.9952446818351746, -0.09577492624521255, 0.017758190631866455, 0.09740687906742096, 0.9779393076896667, -0.18478834629058838, 0.00033166262437589467, 0.18563924729824066, 0.9826179146766663),
            ["LowerTorso"] = CFrame.new(-0.019089842215180397, -0.01711297035217285, 0.05766705423593521, 0.9822419881820679, 0.185884490609169, 0.025441303849220276, -0.18702217936515808, 0.9592759609222412, 0.21168984472751617, 0.014944843016564846, -0.21268875896930695, 0.9770057201385498),
            ["UpperTorso"] = CFrame.new(1.1525116860866547e-08, -2.980232238769531e-07, -8.963979780673981e-08, 0.9978843331336975, -0.06202303618192673, 0.01949297823011875, 0.06364082545042038, 0.9931726455688477, -0.0977659523487091, -0.013296172022819519, 0.09879963099956512, 0.9950185418128967),
            ["HumanoidRootPart"] = CFrame.new(0, 0, 0, 1, 0, 0, 0, 1, 0, 0, 0, 1),
            ["RightUpperLeg"] = CFrame.new(-0.000025600194931030273, -0.00012603309005498886, -0.004997458308935165, 0.8925266861915588, -0.407972514629364, 0.1922321319580078, 0.4431520104408264, 0.7142037153244019, -0.5417839288711548, 0.08373984694480896, 0.5687455534934998, 0.8182401657104492),
            ["LeftUpperArm"] = CFrame.new(-2.384185791015625e-07, -0.06523740291595459, 3.91155481338501e-08, 0.20459742844104767, 0.9524147510528564, 0.22593341767787933, -0.547734797000885, 0.3026920557022095, -0.779977560043335, -0.8112500309944153, 0.035829879343509674, 0.5836001038551331),
            ["RightLowerArm"] = CFrame.new(2.980232238769531e-07, -2.384185791015625e-07, 2.682209014892578e-07, 1, -8.940691031966708e-08, -3.371389425410598e-07, -1.8626458597736928e-07, 0.9905139803886414, -0.1374104917049408, -4.3958442574876244e-07, 0.13741204142570496, 0.9905142188072205),
            ["LeftHand"] = CFrame.new(-2.9802322387695312e-08, 5.960464477539063e-08, -1.4901161193847656e-07, 0.7550461888313293, 0.6175164580345154, -0.22040580213069916, -0.6490086913108826, 0.7516828775405884, -0.11730624735355377, 0.09323698282241821, 0.23161689937114716, 0.9683288335800171),
            ["LeftFoot"] = CFrame.new(-9.406358003616333e-08, 5.960464477539063e-08, -2.2351741790771484e-08, 0.9861034750938416, -0.05093363672494888, -0.1581335812807083, 0.09898918867111206, 0.9445596933364868, 0.31306177377700806, 0.13342119753360748, -0.32436510920524597, 0.9364754557609558),
            ["RightHand"] = CFrame.new(0, 5.960464477539063e-08, 2.4586915969848633e-07, 0.8895727396011353, -0.4465823769569397, -0.09604784846305847, 0.4377959668636322, 0.8935240507125854, -0.09974494576454163, 0.13036532700061798, 0.04667914658784866, 0.990366518497467),
            ["RightLowerLeg"] = CFrame.new(-8.281494956463575e-08, 0, 5.3849362302571535e-08, 1, -2.3850583730222752e-08, 3.3760443329811096e-09, 9.045470505952835e-08, 0.8011970520019531, 0.598400890827179, -2.62516550719738e-08, -0.5984005928039551, 0.8011968731880188),
            ["LeftUpperLeg"] = CFrame.new(0.000025451183319091797, 0.00012555625289678574, 0.00499756820499897, 0.9867416024208069, 0.11069212108850479, 0.11869485676288605, -0.009961229749023914, 0.7712673544883728, -0.636433482170105, -0.16199372708797455, 0.6268125772476196, 0.7621443867683411),
            ["LeftLowerLeg"] = CFrame.new(-1.3783574104309082e-07, 5.960464477539063e-08, 8.754432201385498e-08, 1, 5.960465188081798e-08, 5.215408194203519e-08, -3.725290298461914e-08, 0.7407652139663696, 0.6717638373374939, 1.862645149230957e-08, -0.671764075756073, 0.7407653331756592),
        }},
        {Time = 0.233, Data = {
            ["RightFoot"] = CFrame.new(7.002381607890129e-08, 1.7881393432617188e-07, -2.029992174357176e-09, 0.9529426097869873, 0.2739161252975464, 0.1298825740814209, -0.26438334584236145, 0.9605722427368164, -0.08604227751493454, -0.14832991361618042, 0.047654442489147186, 0.9877891540527344),
            ["LeftLowerArm"] = CFrame.new(5.960464477539063e-08, 0, -1.043081283569336e-07, 1, -1.4156101713069802e-07, 0, -1.043081283569336e-07, 1, -0.00001029670238494873, -2.9802322387695312e-08, 0.000010073184057546314, 1),
            ["RightUpperArm"] = CFrame.new(0, -0.0652381181716919, -2.60770320892334e-08, 0.20071184635162354, -0.6559068560600281, 0.7276684045791626, 0.8268664479255676, 0.5117623209953308, 0.2332196682691574, -0.5253633260726929, 0.5548743009567261, 0.6450639367103577),
            ["Head"] = CFrame.new(1.1641532182693481e-08, 2.384185791015625e-07, 4.6566128730773926e-09, 0.991716742515564, -0.1281808465719223, 0.008226226083934307, 0.12724646925926208, 0.9717235565185547, -0.19890138506889343, 0.01750173233449459, 0.19830048084259033, 0.9799849987030029),
            ["LowerTorso"] = CFrame.new(-0.042851049453020096, -0.011814355850219727, 0.06117822602391243, 0.976553738117218, 0.20863763988018036, 0.0530356727540493, -0.21526458859443665, 0.9486989378929138, 0.2315855771303177, -0.0019971623551100492, -0.23757243156433105, 0.9713677763938904),
            ["UpperTorso"] = CFrame.new(-3.805325832217932e-09, -2.384185791015625e-07, -5.3551048040390015e-09, 0.99745112657547, -0.06950309127569199, 0.016137780621647835, 0.07094617187976837, 0.9901829957962036, -0.12043420970439911, -0.0076088495552539825, 0.12127219885587692, 0.9925901889801025),
            ["HumanoidRootPart"] = CFrame.new(0, 0, 0, 1, 0, 0, 0, 1, 0, 0, 0, 1),
            ["RightUpperLeg"] = CFrame.new(-0.00002568960189819336, -0.00012564938515424728, -0.004997504875063896, 0.8705630898475647, -0.4482501447200775, 0.20295387506484985, 0.47915545105934143, 0.678436815738678, -0.5568967461585999, 0.11193741112947464, 0.582061231136322, 0.8054041266441345),
            ["LeftUpperArm"] = CFrame.new(5.960464477539063e-08, -0.06523764133453369, 3.725290298461914e-09, 0.35943636298179626, 0.8498123288154602, 0.38551852107048035, -0.7119302153587341, 0.5168108344078064, -0.475460022687912, -0.6032916903495789, -0.10356462746858597, 0.7907674908638),
            ["RightLowerArm"] = CFrame.new(2.980232238769531e-07, 1.7881393432617188e-07, -1.7881393432617188e-07, 1, -4.6193517277970386e-07, -0.0000015199206018223776, -4.0233121012533957e-07, 1, 0.0000030398412036447553, -0.000001490115550950577, 0.00000289082004201191, 1),
            ["LeftHand"] = CFrame.new(4.470348358154297e-08, 2.384185791015625e-07, 2.9802322387695312e-08, 0.7537561655044556, 0.6243650317192078, -0.20498816668987274, -0.6519551277160645, 0.7496412992477417, -0.113984115421772, 0.08249988406896591, 0.21955962479114532, 0.9721046686172485),
            ["LeftFoot"] = CFrame.new(3.91155481338501e-08, 5.960464477539063e-08, -2.0489096641540527e-08, 0.9890775084495544, -0.08452782779932022, -0.12075279653072357, 0.11523100733757019, 0.9542614817619324, 0.2758740484714508, 0.09191109985113144, -0.28677529096603394, 0.9535786509513855),
            ["RightHand"] = CFrame.new(5.960464477539063e-08, 1.1920928955078125e-07, -5.960464477539063e-08, 0.8740500211715698, -0.46356695890426636, -0.14540547132492065, 0.4527626633644104, 0.8857496380805969, -0.10224155336618423, 0.1761888563632965, 0.023523567244410515, 0.984075129032135),
            ["RightLowerLeg"] = CFrame.new(-7.101334631443024e-09, 0, -5.045876605436206e-08, 1, -7.206108421087265e-08, -2.2351745343485163e-08, 8.358620817716655e-08, 0.7915927767753601, 0.6110494136810303, -2.980232594040899e-08, -0.6110490560531616, 0.791592538356781),
            ["LeftUpperLeg"] = CFrame.new(0.000025510787963867188, 0.00012542307376861572, 0.00499747134745121, 0.9634218215942383, 0.11297273635864258, 0.24301280081272125, 0.049923375248909, 0.8152751326560974, -0.5769176483154297, -0.2632986307144165, 0.5679467916488647, 0.7798146605491638),
            ["LeftLowerLeg"] = CFrame.new(-1.1175870895385742e-08, 0, -1.4901161193847656e-08, 1, 2.2351745343485163e-08, 1.1175873559921001e-08, -2.9802322387695312e-08, 0.8152783513069153, 0.5790691375732422, 7.450580596923828e-09, -0.5790693759918213, 0.8152784109115601),
        }},
        {Time = 0.267, Data = {
            ["RightFoot"] = CFrame.new(1.9848812371492386e-08, 1.7881393432617188e-07, 9.145878721028566e-09, 0.9489192962646484, 0.2884311378002167, 0.12790216505527496, -0.27889132499694824, 0.9563289284706116, -0.08749585598707199, -0.14755301177501678, 0.04735582321882248, 0.9879198670387268),
            ["LeftLowerArm"] = CFrame.new(-2.384185791015625e-07, -1.7881393432617188e-07, -5.960464477539063e-08, 1, -1.490115550950577e-07, -2.905724443280633e-07, -5.21540464148984e-08, 1, -0.000011712304512911942, -3.501771743685822e-07, 0.000010475512681296095, 1),
            ["RightUpperArm"] = CFrame.new(0, -0.06523776054382324, -2.9802322387695312e-08, 0.2669271230697632, -0.7677533626556396, 0.5824985504150391, 0.8408848643302917, 0.4808320701122284, 0.2484215497970581, -0.4708104729652405, 0.4235035479068756, 0.7739394307136536),
            ["Head"] = CFrame.new(8.42846930027008e-08, -1.1920928955078125e-07, -2.3283064365386963e-08, 0.9890856742858887, -0.1466701328754425, 0.014047034084796906, 0.14651623368263245, 0.9689922332763672, -0.19896529614925385, 0.015570783987641335, 0.19885171949863434, 0.979905903339386),
            ["LowerTorso"] = CFrame.new(-0.06814388930797577, -0.019683361053466797, 0.06517314165830612, 0.9795750975608826, 0.19398806989192963, 0.05292416736483574, -0.20105159282684326, 0.949232280254364, 0.24194364249706268, -0.003302915720269084, -0.2476423978805542, 0.9688459038734436),
            ["UpperTorso"] = CFrame.new(-7.086782716214657e-08, 8.940696716308594e-08, 7.683411240577698e-09, 0.9992648363113403, -0.03546486049890518, 0.014564836397767067, 0.037068404257297516, 0.9907191395759583, -0.1307734102010727, -0.009791863150894642, 0.13121724128723145, 0.9913052916526794),
            ["HumanoidRootPart"] = CFrame.new(0, 0, 0, 1, 0, 0, 0, 1, 0, 0, 0, 1),
            ["RightUpperLeg"] = CFrame.new(-0.000025540590286254883, -0.00012583192437887192, -0.0049974676221609116, 0.871161162853241, -0.45208197832107544, 0.19156977534294128, 0.47650212049484253, 0.6843330264091492, -0.5519372224807739, 0.11842311918735504, 0.5721103549003601, 0.811582624912262),
            ["LeftUpperArm"] = CFrame.new(5.960464477539063e-08, -0.06523799896240234, -3.725290298461914e-09, 0.529173731803894, 0.7589486241340637, 0.3794368803501129, -0.7616634964942932, 0.6219506859779358, -0.1817861646413803, -0.37395715713500977, -0.19280655682086945, 0.9071832895278931),
            ["RightLowerArm"] = CFrame.new(-2.086162567138672e-07, 1.1920928955078125e-07, -1.7881393432617188e-07, 1, -7.003532118687872e-07, -0.0000014603157296733116, -7.450579460055451e-07, 1, 0.0000025033982637978625, -0.0000015050170532049378, 0.000003591173026507022, 1),
            ["LeftHand"] = CFrame.new(1.7136335372924805e-07, -5.960464477539063e-08, -2.9802322387695312e-08, 0.7537556886672974, 0.6243656873703003, -0.20498737692832947, -0.6519558429718018, 0.7496407628059387, -0.11398366838693619, 0.0824991911649704, 0.2195594608783722, 0.9721049666404724),
            ["LeftFoot"] = CFrame.new(-6.146728992462158e-08, -1.7881393432617188e-07, -1.4901161193847656e-08, 0.9869833588600159, -0.11481659859418869, -0.1126120463013649, 0.1479974240064621, 0.9224531650543213, 0.35661807656288147, 0.06293388456106186, -0.3686424493789673, 0.9274385571479797),
            ["RightHand"] = CFrame.new(-2.384185791015625e-07, 0, 0, 0.8740502595901489, -0.46356722712516785, -0.1454043686389923, 0.4527626633644104, 0.8857495188713074, -0.10224191099405289, 0.1761881411075592, 0.02352386713027954, 0.9840753078460693),
