return {
    ["Lorax Kid"] = {
        {Time = 0.000, Data = {
            ["RightFoot"] = CFrame.new(5.485708243213594e-08, 1.7881393432617188e-07, -5.2321411203593016e-08, 0.9889867901802063, 0.13261933624744415, 0.06570641696453094, -0.07195491343736649, 0.8187865614891052, -0.569570779800415, -0.12933561205863953, 0.5585702657699585, 0.819311797618866),
            ["LeftLowerArm"] = CFrame.new(1.1920928955078125e-07, -2.384185791015625e-07, 1.7881393432617188e-07, 1, -1.1920930376163597e-07, -5.960464477539063e-08, 8.940695295223122e-08, 0.9721714854240417, -0.23427081108093262, 1.3038514623531228e-07, 0.23427078127861023, 0.972171425819397),
            ["LeftFoot"] = CFrame.new(-3.7896825233474374e-08, -1.7881393432617188e-07, -2.334127202630043e-08, 0.993865430355072, -0.09914883971214294, -0.049002256244421005, 0.052442338317632675, 0.8125761151313782, -0.5804911255836487, 0.09737306833267212, 0.5743601322174072, 0.8127908706665039),
            ["Head"] = CFrame.new(2.6514797468735196e-08, -2.384185791015625e-07, -1.1874362826347351e-08, 0.9980663061141968, -0.0621592253446579, -6.596160062599665e-09, 0.060490429401397705, 0.9712710976600647, -0.23015955090522766, 0.01430654525756836, 0.22971448302268982, 0.9731529355049133),
            ["LowerTorso"] = CFrame.new(-0.0535455122590065, -0.377394437789917, 0.0001958906650543213, 0.9999052286148071, 0.005695934873074293, -0.012534189969301224, -0.003109582932665944, 0.9803138375282288, 0.19742123782634735, 0.013411938212811947, -0.19736354053020477, 0.9802386164665222),
            ["UpperTorso"] = CFrame.new(-5.122274160385132e-09, -2.980232238769531e-07, 3.166496753692627e-08, 0.9981649518013, 0.054377563297748566, 0.02664273977279663, -0.0552506223320961, 0.9979200959205627, 0.03320881351828575, -0.02478151209652424, -0.03461989387869835, 0.9990932941436768),
            ["HumanoidRootPart"] = CFrame.new(0, 0, 0, 1, 0, 0, 0, 1, 0, 0, 0, 1),
            ["RightUpperLeg"] = CFrame.new(0, -3.152526915073395e-07, -1.7527781892567873e-08, 0.989359974861145, -0.13665324449539185, 0.04992767795920372, 0.12276242673397064, 0.5999518632888794, -0.7905612587928772, 0.07807854562997818, 0.7882788777351379, 0.6103442311286926),
            ["LeftUpperArm"] = CFrame.new(-0.001342177391052246, 0.0003209114074707031, 0.001565542072057724, 0.6191446185112, 0.3962599039077759, 0.6779661178588867, -0.3336524963378906, 0.9142878651618958, -0.22968176007270813, -0.7108698487281799, -0.08399885892868042, 0.6982895135879517),
            ["RightLowerArm"] = CFrame.new(1.7881393432617188e-07, -5.960464477539063e-08, -1.4901161193847656e-08, 1, 3.725290653733282e-08, -6.705522537231445e-08, -5.960464477539063e-08, 0.9681124687194824, -0.25051629543304443, -5.960464477539063e-08, 0.2505163550376892, 0.9681124091148376),
            ["LeftHand"] = CFrame.new(4.470348358154297e-08, 5.960464477539063e-08, 1.043081283569336e-07, 0.9938966631889343, -0.10884331911802292, -0.017961321398615837, 0.10874157398939133, 0.9940484762191772, -0.0065513914451003075, 0.018567340448498726, 0.004558328539133072, 0.9998171925544739),
            ["RightHand"] = CFrame.new(5.960464477539063e-08, 5.960464477539063e-08, 1.4901161193847656e-07, 0.9939908981323242, 0.10690335184335709, 0.023532796651124954, -0.1078387200832367, 0.9932420253753662, 0.04291027411818504, -0.018786512315273285, -0.04519018530845642, 0.9988018274307251),
            ["RightUpperArm"] = CFrame.new(0.0009026527404785156, 0.0003210306167602539, 0.0015657469630241394, 0.6101140975952148, -0.3902704119682312, -0.68952876329422, 0.3249834179878235, 0.9169625043869019, -0.2314426153898239, 0.722597062587738, -0.08287899941205978, 0.6862831115722656),
            ["RightLowerLeg"] = CFrame.new(5.587935447692871e-08, 3.5762786865234375e-07, 9.85528458841145e-08, 1, -1.2293459406009788e-07, -1.2665991278026922e-07, 1.4901161193847656e-07, 0.24706639349460602, 0.9689984917640686, -8.940696716308594e-08, -0.9689986109733582, 0.24706660211086273),
            ["LeftUpperLeg"] = CFrame.new(-5.960464477539063e-08, -1.8533319234848022e-07, 2.0023435354232788e-08, 0.9934222102165222, 0.11352037638425827, -0.015014607459306717, -0.08186466991901398, 0.6124035716056824, -0.7862951755523682, -0.08006551116704941, 0.7823523283004761, 0.6176685690879822),
            ["LeftLowerLeg"] = CFrame.new(2.2351741790771484e-08, -1.1920928955078125e-07, 8.195638656616211e-08, 1, 1.5459954738616943e-07, -1.7881390590446244e-07, 1.3783575525394554e-07, 0.24277152121067047, 0.970083475112915, 1.9557776909095992e-07, -0.970083475112915, 0.24277165532112122),
        }},
        {Time = 0.033, Data = {
            ["RightFoot"] = CFrame.new(6.9885572884231806e-09, 2.384185791015625e-07, 1.8400896806269884e-08, 0.9861698746681213, 0.14851003885269165, 0.073579341173172, -0.08720456063747406, 0.8424734473228455, -0.5316330790519714, -0.14094147086143494, 0.5178641676902771, 0.8437726497650146),
            ["LeftLowerArm"] = CFrame.new(1.4901161193847656e-07, 1.1920928955078125e-07, 2.086162567138672e-07, 1, 1.862645149230957e-08, -1.0430814256778831e-07, -4.470348358154297e-08, 0.9513168334960938, -0.3082147240638733, 1.2665987014770508e-07, 0.3082146942615509, 0.9513168334960938),
            ["LeftFoot"] = CFrame.new(-2.9322109185159206e-08, -1.1920928955078125e-07, 2.2118911147117615e-08, 0.9958686828613281, -0.08140647411346436, -0.040233366191387177, 0.04190452769398689, 0.8050662279129028, -0.5917029976844788, 0.08055898547172546, 0.5875723958015442, 0.8051514625549316),
            ["Head"] = CFrame.new(-2.1834216212823776e-08, 2.384185791015625e-07, 4.284083843231201e-08, 0.9975436329841614, -0.07004770636558533, -6.251344331076325e-09, 0.06816712021827698, 0.9707625508308411, -0.23015956580638885, 0.016122151166200638, 0.22959421575069427, 0.9731529355049133),
            ["LowerTorso"] = CFrame.new(-0.08009970188140869, -0.36013007164001465, 0.00021719932556152344, 0.9965677261352539, 0.01670055091381073, -0.0810793936252594, 0.0015053019160404801, 0.9756207466125488, 0.2194581925868988, 0.08276780694723129, -0.2188270092010498, 0.9722470045089722),
            ["UpperTorso"] = CFrame.new(-7.2177499532699585e-09, -1.1920928955078125e-07, -4.330649971961975e-08, 0.9940144419670105, 0.05034463852643967, 0.09695817530155182, -0.05168046057224274, 0.9985995888710022, 0.011313916184008121, -0.09625279158353806, -0.01625705137848854, 0.9952242374420166),
            ["HumanoidRootPart"] = CFrame.new(0, 0, 0, 1, 0, 0, 0, 1, 0, 0, 0, 1),
            ["RightUpperLeg"] = CFrame.new(0, -4.516914486885071e-08, 2.029992174357176e-09, 0.9890866875648499, -0.10460644960403442, 0.10375525802373886, 0.14535990357398987, 0.5779001116752625, -0.8030579686164856, 0.024044863879680634, 0.8093757629394531, 0.5867987871170044),
            ["LeftUpperArm"] = CFrame.new(-0.0013352632522583008, 0.00031769275665283203, 0.0014674607664346695, 0.609826385974884, 0.3671969771385193, 0.7023376822471619, -0.3329324424266815, 0.9228978157043457, -0.1934315413236618, -0.7192133069038391, -0.1158713549375534, 0.6850591897964478),
            ["RightLowerArm"] = CFrame.new(1.1920928955078125e-07, 1.7881393432617188e-07, 5.774199962615967e-08, 1, -2.0489096641540527e-07, -1.7881393432617188e-07, 7.450580596923828e-08, 0.9551074504852295, -0.29625967144966125, 2.0349398255348206e-07, 0.29625967144966125, 0.9551074504852295),
            ["LeftHand"] = CFrame.new(-3.427267074584961e-07, 1.1920928955078125e-07, -1.4901161193847656e-07, 0.9936608076095581, -0.1085786521434784, -0.029135767370462418, 0.10934090614318848, 0.9936647415161133, 0.02598363533616066, 0.02612985670566559, -0.02900465950369835, 0.9992377758026123),
            ["RightHand"] = CFrame.new(-7.450580596923828e-08, -5.960464477539063e-08, 2.9802322387695312e-08, 0.9938679933547974, 0.10459031164646149, 0.035878464579582214, -0.1080465316772461, 0.9875792860984802, 0.11407498270273209, -0.023501716554164886, -0.11725199222564697, 0.992824137210846),
            ["RightUpperArm"] = CFrame.new(0.0009239912033081055, 0.00031769275665283203, 0.0014676675200462341, 0.5967322587966919, -0.3730044960975647, -0.7104775905609131, 0.3153115510940552, 0.9231734275817871, -0.21983981132507324, 0.7378951907157898, -0.09283624589443207, 0.6684999465942383),
            ["RightLowerLeg"] = CFrame.new(2.2351741790771484e-08, 2.384185791015625e-07, -7.617927622050047e-09, 1, -2.942979051567818e-07, -1.6391281576488836e-07, 2.4586915969848633e-07, 0.29103729128837585, 0.9567117094993591, -2.2351741790771484e-07, -0.9567117094993591, 0.29103749990463257),
            ["LeftUpperLeg"] = CFrame.new(0, -1.7229467630386353e-07, -2.60770320892334e-08, 0.9889979362487793, 0.14084504544734955, 0.04523034766316414, -0.053985945880413055, 0.6283119320869446, -0.7760860323905945, -0.13772663474082947, 0.7651057243347168, 0.6290029287338257),
            ["LeftLowerLeg"] = CFrame.new(-4.470348358154297e-08, -1.1920928955078125e-07, -5.587935447692871e-09, 1, 2.551823854446411e-07, -1.862645149230957e-08, -4.0978193283081055e-08, 0.2668766379356384, 0.9637306928634644, 2.421438694000244e-07, -0.9637306928634644, 0.2668766677379608),
        }},
        {Time = 0.067, Data = {
            ["RightFoot"] = CFrame.new(4.9407390179112554e-08, 2.980232238769531e-07, 8.272763807326555e-09, 0.982335090637207, 0.16767844557762146, 0.08307644724845886, -0.1048758253455162, 0.8609908223152161, -0.4976903796195984, -0.15497998893260956, 0.48018625378608704, 0.863366961479187),
            ["LeftLowerArm"] = CFrame.new(1.1920928955078125e-07, 1.1920928955078125e-07, -3.725290298461914e-08, 1, -1.3783575525394554e-07, -7.450581307466564e-08, 1.1920930376163597e-07, 0.929000973701477, -0.3700774013996124, 1.9744041424019088e-07, 0.37007734179496765, 0.929000973701477),
            ["LeftFoot"] = CFrame.new(-4.002868081443012e-08, 1.1920928955078125e-07, 4.377216100692749e-08, 0.997778058052063, -0.059728991240262985, -0.029519861564040184, 0.030747003853321075, 0.8058679103851318, -0.5912964940071106, 0.05910665541887283, 0.5890750885009766, 0.8059138059616089),
            ["Head"] = CFrame.new(4.143555276669986e-09, -3.5762786865234375e-07, 2.3195752874016762e-08, 0.9968383312225342, -0.07945737987756729, -9.565325420624049e-09, 0.07732415944337845, 0.9700761437416077, -0.23015956580638885, 0.01828787848353386, 0.2294318675994873, 0.9731529951095581),
            ["LowerTorso"] = CFrame.new(-0.11178885400295258, -0.3395267724990845, 0.00022983551025390625, 0.9920627474784851, 0.02524765394628048, -0.12318379431962967, 0.004169214982539415, 0.9724922180175781, 0.23289813101291656, 0.12567541003227234, -0.23156309127807617, 0.9646680355072021),
            ["UpperTorso"] = CFrame.new(6.51925802230835e-09, -8.940696716308594e-08, -3.818422555923462e-08, 0.9885948300361633, 0.05182948336005211, 0.14140066504478455, -0.05210383981466293, 0.9986401200294495, -0.0017639410216361284, -0.1412997990846634, -0.005623706616461277, 0.9899508953094482),
            ["HumanoidRootPart"] = CFrame.new(0, 0, 0, 1, 0, 0, 0, 1, 0, 0, 0, 1),
            ["RightUpperLeg"] = CFrame.new(0, -5.3085386753082275e-08, -4.639878170564771e-08, 0.9856574535369873, -0.09661409258842468, 0.13836625218391418, 0.16874736547470093, 0.5737460851669312, -0.8014611005783081, -0.0019546488765627146, 0.8133149743080139, 0.5818204283714294),
            ["LeftUpperArm"] = CFrame.new(-0.0013486146926879883, 0.00030744075775146484, 0.0013978611677885056, 0.5998854637145996, 0.3426942229270935, 0.7229787111282349, -0.33159568905830383, 0.9288555383682251, -0.165141761302948, -0.728135883808136, -0.14067046344280243, 0.6708428263664246),
            ["RightLowerArm"] = CFrame.new(-8.940696716308594e-08, 2.384185791015625e-07, 1.825392246246338e-07, 1, 5.587935447692871e-08, 2.1606683731079102e-07, -2.9802322387695312e-08, 0.9545019268989563, -0.2982049584388733, -1.9255094230175018e-07, 0.2982049286365509, 0.9545019268989563),
            ["LeftHand"] = CFrame.new(2.086162567138672e-07, -2.980232238769531e-07, 3.5762786865234375e-07, 0.993560791015625, -0.10656578093767166, -0.0384807325899601, 0.1083642840385437, 0.99294513463974, 0.0481393001973629, 0.03307920694351196, -0.051999129354953766, 0.998099148273468),
            ["RightHand"] = CFrame.new(-1.4156103134155273e-07, 5.960464477539063e-08, 1.4901161193847656e-08, 0.9946795701980591, 0.09601621329784393, 0.037331413477659225, -0.09992227703332901, 0.9873829483985901, 0.12284354120492935, -0.025065351277589798, -0.1259201616048813, 0.9917237758636475),
            ["RightUpperArm"] = CFrame.new(0.0009338855743408203, 0.0003070831298828125, 0.0013975221663713455, 0.5993209481239319, -0.37772446870803833, -0.7057894468307495, 0.3155127167701721, 0.9217646718025208, -0.2253924310207367, 0.7357078790664673, -0.0876031145453453, 0.67160964012146),
            ["RightLowerLeg"] = CFrame.new(-5.960464477539063e-08, 2.384185791015625e-07, 6.129994289949536e-08, 1, -1.7136333951839333e-07, -1.415610881849716e-07, 1.9744038581848145e-07, 0.34296563267707825, 0.9393479228019714, -1.1175870895385742e-07, -0.9393479228019714, 0.3429659605026245),
            ["LeftUpperLeg"] = CFrame.new(2.9802322387695312e-08, -6.984919309616089e-08, -2.9802322387695312e-08, 0.9858993291854858, 0.14277265965938568, 0.08728354424238205, -0.02605859562754631, 0.6462214589118958, -0.7627049684524536, -0.16529788076877594, 0.7496758699417114, 0.6408298015594482),
            ["LeftLowerLeg"] = CFrame.new(-2.7939677238464355e-08, -5.960464477539063e-08, -1.30385160446167e-08, 1, 1.9185245037078857e-07, -1.0989607801548118e-07, 4.6566128730773926e-08, 0.2998977303504944, 0.9539714455604553, 2.169981598854065e-07, -0.9539713859558105, 0.29989778995513916),
        }},
        {Time = 0.100, Data = {
            ["RightFoot"] = CFrame.new(-9.06948116607964e-09, 3.5762786865234375e-07, -3.4560798667371273e-09, 0.9789137840270996, 0.1830400973558426, 0.09068730473518372, -0.11828447133302689, 0.8698655962944031, -0.4788973331451416, -0.1665431261062622, 0.4580724239349365, 0.8731741905212402),
            ["LeftLowerArm"] = CFrame.new(2.9802322387695312e-08, 3.5762786865234375e-07, 5.21540641784668e-08, 1, -8.195639367158947e-08, -7.450581307466564e-08, 1.4901162970204496e-08, 0.9184193015098572, -0.39560866355895996, 1.4156104555240745e-07, 0.3956086039543152, 0.9184191823005676),
            ["LeftFoot"] = CFrame.new(8.488495950587094e-08, -1.1920928955078125e-07, -4.889443516731262e-08, 0.998986542224884, -0.04035157337784767, -0.01994304731488228, 0.021278776228427887, 0.8138165473937988, -0.5807322263717651, 0.039663445204496384, 0.5797192454338074, 0.8138503432273865),
            ["Head"] = CFrame.new(-2.3643808688689205e-08, 1.1920928955078125e-07, 2.270098775625229e-09, 0.9961790442466736, -0.08733562380075455, -5.495665256205484e-09, 0.08499091118574142, 0.9694344997406006, -0.23015956580638885, 0.020101133733987808, 0.22928011417388916, 0.9731529355049133),
            ["LowerTorso"] = CFrame.new(-0.13833479583263397, -0.32226669788360596, 0.0002313554286956787, 0.9912880659103394, 0.02793503738939762, -0.12871518731117249, 0.003088704776018858, 0.9720505475997925, 0.2347513735294342, 0.13167545199394226, -0.23310379683971405, 0.9634958505630493),
            ["UpperTorso"] = CFrame.new(2.7939677238464355e-09, 2.682209014892578e-07, -2.421438694000244e-08, 0.9872305989265442, 0.056938402354717255, 0.14877454936504364, -0.05706634372472763, 0.9983646273612976, -0.00341230072081089, -0.14872553944587708, -0.005121283233165741, 0.9888652563095093),
            ["HumanoidRootPart"] = CFrame.new(0, 0, 0, 1, 0, 0, 0, 1, 0, 0, 0, 1),
            ["RightUpperLeg"] = CFrame.new(0, 1.555308699607849e-07, -5.420588422566652e-09, 0.9828689098358154, -0.11319302767515182, 0.14545169472694397, 0.18425872921943665, 0.5855292677879333, -0.789432942867279, 0.0041920957155525684, 0.802709698677063, 0.5963551998138428),
            ["LeftUpperArm"] = CFrame.new(-0.001384735107421875, 0.00029206275939941406, 0.0013668257743120193, 0.5940213203430176, 0.3352232575416565, 0.7312756776809692, -0.3288733661174774, 0.9308003187179565, -0.1595405638217926, -0.7341532111167908, -0.14572657644748688, 0.6631612181663513),
            ["RightLowerArm"] = CFrame.new(5.960464477539063e-08, 5.960464477539063e-08, 7.82310962677002e-08, 1, 6.705522537231445e-08, -5.960464477539063e-08, 2.980232594040899e-08, 0.949739933013916, -0.31304019689559937, 3.748573718098669e-08, 0.3130401372909546, 0.9497398734092712),
            ["LeftHand"] = CFrame.new(2.9802322387695312e-08, -2.384185791015625e-07, 1.341104507446289e-07, 0.9940928816795349, -0.09951204061508179, -0.043322041630744934, 0.10185858607292175, 0.993231475353241, 0.0558222271502018, 0.037473831325769424, -0.05990510433912277, 0.9975004196166992),
            ["RightHand"] = CFrame.new(-4.470348358154297e-08, -5.960464477539063e-08, 2.9802322387695312e-08, 0.9957278966903687, 0.08316002041101456, 0.040129899978637695, -0.08771301805973053, 0.9876701831817627, 0.12966907024383545, -0.028851740062236786, -0.13263501226902008, 0.9907450079917908),
            ["RightUpperArm"] = CFrame.new(0.0009305477142333984, 0.0002919435501098633, 0.0013666898012161255, 0.6012319922447205, -0.3804234564304352, -0.7027077078819275, 0.31559810042381287, 0.9209568500518799, -0.2285528928041458, 0.7341102957725525, -0.08435991406440735, 0.6737695336341858),
            ["RightLowerLeg"] = CFrame.new(-6.705522537231445e-08, 4.172325134277344e-07, -5.75528247281909e-09, 1, -2.384185791015625e-07, -2.3096805534805753e-07, 2.980232238769531e-07, 0.38349804282188416, 0.9235416650772095, -1.1920928955078125e-07, -0.923541784286499, 0.3834983706474304),
            ["LeftUpperLeg"] = CFrame.new(0, 1.9650906324386597e-07, -7.450580596923828e-09, 0.9875327944755554, 0.12243729829788208, 0.09893546998500824, -0.0066681792959570885, 0.6604790091514587, -0.7508150339126587, -0.15727253258228302, 0.7407945990562439, 0.6530610918998718),
            ["LeftLowerLeg"] = CFrame.new(2.3283064365386963e-08, -3.5762786865234375e-07, 5.122274160385132e-08, 1, 1.3690441846847534e-07, -1.0989606380462646e-07, 5.029141902923584e-08, 0.3308124840259552, 0.9436965584754944, 1.7043203115463257e-07, -0.9436965584754944, 0.3308125138282776),
        }},
        {Time = 0.133, Data = {
            ["RightFoot"] = CFrame.new(-1.0713847586885095e-07, 1.1920928955078125e-07, -1.4370016288012266e-08, 0.9773712158203125, 0.18954342603683472, 0.0939093753695488, -0.12380549311637878, 0.8725422620773315, -0.4725908637046814, -0.17151635885238647, 0.4502703547477722, 0.876264214515686),
            ["LeftLowerArm"] = CFrame.new(2.086162567138672e-07, -5.960464477539063e-08, 2.9802322387695312e-08, 1, 6.891786341611805e-08, 2.9802322387695312e-08, -5.960464477539063e-08, 0.9186151623725891, -0.3951535224914551, -6.332993507385254e-08, 0.3951534628868103, 0.9186151027679443),
            ["LeftFoot"] = CFrame.new(-5.1659299060702324e-08, 5.960464477539063e-08, 3.0442606657743454e-08, 0.9993533492088318, -0.032236646860837936, -0.01593228057026863, 0.01724771410226822, 0.8184989094734192, -0.5742491483688354, 0.031552430242300034, 0.5736030340194702, 0.8185256123542786),
            ["Head"] = CFrame.new(3.8144250424920756e-08, 0, -1.2698001228272915e-07, 0.9958840012550354, -0.0906376764178276, -9.076616791503511e-09, 0.08820432424545288, 0.9691473841667175, -0.23015955090522766, 0.020861133933067322, 0.2292121946811676, 0.9731529951095581),
            ["LowerTorso"] = CFrame.new(-0.1494702845811844, -0.31502866744995117, 0.00023123621940612793, 0.991117000579834, 0.03241492807865143, -0.12898223102092743, -0.0011751647107303143, 0.9719388484954834, 0.23523081839084625, 0.1329878270626068, -0.23298968374729156, 0.9633431434631348),
            ["UpperTorso"] = CFrame.new(5.587935447692871e-09, 0, -1.30385160446167e-08, 0.9871439933776855, 0.05567347630858421, 0.14982394874095917, -0.0558127760887146, 0.998435914516449, -0.003278183750808239, -0.14977213740348816, -0.005126066505908966, 0.9887073040008545),
            ["HumanoidRootPart"] = CFrame.new(0, 0, 0, 1, 0, 0, 0, 1, 0, 0, 0, 1),
            ["RightUpperLeg"] = CFrame.new(0, 1.3783574104309082e-07, 5.75528247281909e-09, 0.9809304475784302, -0.12376176565885544, 0.1498621553182602, 0.19415879249572754, 0.5889402031898499, -0.7845073938369751, 0.00883218739181757, 0.7986441254615784, 0.6017388105392456),
            ["LeftUpperArm"] = CFrame.new(-0.0014007091522216797, 0.0002751350402832031, 0.0013361796736717224, 0.5927202105522156, 0.3420744836330414, 0.7291556596755981, -0.32479456067085266, 0.9299649000167847, -0.1722608208656311, -0.7370151877403259, -0.13472330570220947, 0.6623128652572632),
            ["RightLowerArm"] = CFrame.new(1.1920928955078125e-07, -2.384185791015625e-07, -1.0058283805847168e-07, 1, -7.078051567077637e-08, 4.470348358154297e-08, 7.450580596923828e-08, 0.9422889947891235, -0.33480072021484375, -1.6763806343078613e-08, 0.33480069041252136, 0.9422889947891235),
            ["LeftHand"] = CFrame.new(-4.023313522338867e-07, 1.1920928955078125e-07, -1.9371509552001953e-07, 0.9951912760734558, -0.08656802028417587, -0.04582997038960457, 0.08930272608995438, 0.9941083788871765, 0.061430130153894424, 0.04024206101894379, -0.0652274638414383, 0.9970587491989136),
            ["RightHand"] = CFrame.new(-2.60770320892334e-07, -1.1920928955078125e-07, -7.450580596923828e-09, 0.9967251420021057, 0.06775342673063278, 0.04414191469550133, -0.07329143583774567, 0.9875603318214417, 0.1391153335571289, -0.03416731208562851, -0.14189498126506805, 0.9892919659614563),
            ["RightUpperArm"] = CFrame.new(0.000956416130065918, 0.0002753734588623047, 0.0013363789767026901, 0.6007294058799744, -0.38008278608322144, -0.703321635723114, 0.31401994824409485, 0.9212288856506348, -0.229627788066864, 0.7351977229118347, -0.0829128548502922, 0.6727628111839294),
            ["RightLowerLeg"] = CFrame.new(-6.705522537231445e-08, 4.172325134277344e-07, -6.16346369497478e-08, 1, -2.384185791015625e-07, 0, 6.705523247774181e-08, 0.3972282409667969, 0.9177197813987732, -2.1234157543403853e-07, -0.9177199006080627, 0.39722856879234314),
            ["LeftUpperLeg"] = CFrame.new(0, 1.2014061212539673e-07, 7.450580596923828e-09, 0.9883951544761658, 0.10980826616287231, 0.10496378690004349, 0.00477422634139657, 0.6681843996047974, -0.743980348110199, -0.15183039009571075, 0.7358476519584656, 0.6599059700965881),
            ["LeftLowerLeg"] = CFrame.new(7.729977369308472e-08, 0, 1.3248063623905182e-07, 1, 3.5110863905174483e-07, -1.1455269088855857e-07, -1.1175870895385742e-08, 0.3476899266242981, 0.9376096129417419, 3.6926940083503723e-07, -0.9376096725463867, 0.3476898968219757),
        }},
        {Time = 0.167, Data = {
            ["RightFoot"] = CFrame.new(1.3710814528167248e-07, 2.980232238769531e-07, -2.688466338440776e-08, 0.9773362278938293, 0.18968825042247772, 0.09398113936185837, -0.1226726770401001, 0.8692904710769653, -0.47883760929107666, -0.1725267767906189, 0.45645657181739807, 0.8728586435317993),
            ["LeftLowerArm"] = CFrame.new(-5.960464477539063e-08, -1.1920928955078125e-07, -1.4901161193847656e-08, 1, -2.2165477275848389e-07, -2.980232238769531e-07, 8.940696716308594e-08, 0.91923987865448, -0.3936980366706848, 3.8370490074157715e-07, 0.3936980664730072, 0.91923987865448),
            ["LeftFoot"] = CFrame.new(2.4758264771662652e-08, 0, 3.550667315721512e-09, 0.9993164539337158, -0.03314358368515968, -0.01638059876859188, 0.017817335203289986, 0.8199740648269653, -0.5721234083175659, 0.032393891364336014, 0.5714403986930847, 0.8200040459632874),
            ["Head"] = CFrame.new(2.188775916067698e-08, -2.384185791015625e-07, -5.4824340622872114e-08, 0.9961257576942444, -0.0879407674074173, -7.331857787562512e-09, 0.08557981252670288, 0.969382643699646, -0.23015955090522766, 0.020240414887666702, 0.22926785051822662, 0.9731529355049133),
            ["LowerTorso"] = CFrame.new(-0.14815999567508698, -0.317543625831604, 0.0002244412899017334, 0.991026759147644, 0.041877858340740204, -0.12693406641483307, -0.011706341989338398, 0.9731960892677307, 0.22967880964279175, 0.13315019011497498, -0.22613191604614258, 0.9649535417556763),
            ["UpperTorso"] = CFrame.new(1.1175870895385742e-08, 5.960464477539063e-08, -1.1175870895385742e-08, 0.988216757774353, 0.04281817376613617, 0.1469503939151764, -0.04386800527572632, 0.9990296959877014, 0.003909217659384012, -0.14664043486118317, -0.010309564881026745, 0.9891362190246582),
            ["HumanoidRootPart"] = CFrame.new(0, 0, 0, 1, 0, 0, 0, 1, 0, 0, 0, 1),
            ["RightUpperLeg"] = CFrame.new(0, -6.05359673500061e-08, 2.029992174357176e-09, 0.9788334369659424, -0.13036470115184784, 0.1577659398317337, 0.20441201329231262, 0.5849413871765137, -0.7848944664001465, 0.010038711130619049, 0.8005302548408508, 0.5992082953453064),
            ["LeftUpperArm"] = CFrame.new(-0.0013785362243652344, 0.00025665760040283203, 0.0013279449194669724, 0.5925478935241699, 0.3520805537700653, 0.7245180010795593, -0.31983327865600586, 0.9283211827278137, -0.1895429641008377, -0.7393198013305664, -0.11941167712211609, 0.6626818180084229),
            ["RightLowerArm"] = CFrame.new(-1.4901161193847656e-07, 0, -1.341104507446289e-07, 1, 4.0978196835794733e-08, 7.450581307466564e-08, -2.9802322387695312e-08, 0.936767041683197, -0.3499538004398346, 2.3748725652694702e-08, 0.3499538004398346, 0.936767041683197),
            ["LeftHand"] = CFrame.new(-1.1175870895385742e-07, 2.980232238769531e-07, -8.940696716308594e-08, 0.9963399171829224, -0.06992803514003754, -0.04916238784790039, 0.07356444001197815, 0.9943499565124512, 0.07652762532234192, 0.043533239513635635, -0.07986409217119217, 0.9958547353744507),
            ["RightHand"] = CFrame.new(-1.7136335372924805e-07, 0, 2.2351741790771484e-08, 0.9975466728210449, 0.05165258049964905, 0.04725097864866257, -0.05804327875375748, 0.9876134395599365, 0.14577685296535492, -0.03913603723049164, -0.14816181361675262, 0.9881885051727295),
            ["RightUpperArm"] = CFrame.new(0.001029372215270996, 0.00025653839111328125, 0.0013276971876621246, 0.6007380485534668, -0.3824204206466675, -0.7020459175109863, 0.31215062737464905, 0.9206621646881104, -0.23439952731132507, 0.7359863519668579, -0.078331358730793, 0.67244952917099),
            ["RightLowerLeg"] = CFrame.new(-4.470348358154297e-08, 3.5762786865234375e-07, 2.590968506410718e-08, 1, -2.1606683731079102e-07, -2.384186643666908e-07, 3.0174851417541504e-07, 0.38219547271728516, 0.9240813851356506, -1.043081283569336e-07, -0.924081563949585, 0.3821958005428314),
            ["LeftUpperLeg"] = CFrame.new(0, 2.7008354663848877e-08, 7.450580596923828e-09, 0.9885562062263489, 0.10189192742109299, 0.11124227941036224, 0.013298289850354195, 0.6756871938705444, -0.7370685338973999, -0.15026631951332092, 0.7301129698753357, 0.6665997505187988),
            ["LeftLowerLeg"] = CFrame.new(-2.8870999813079834e-08, 0, -6.565824151039124e-08, 1, 1.4994294872394676e-07, -7.264316082000732e-08, 1.210719524635806e-08, 0.35295215249061584, 0.9356414079666138, 1.681037389289486e-07, -0.9356414675712585, 0.35295209288597107),
        }},
        {Time = 0.200, Data = {
            ["RightFoot"] = CFrame.new(-8.432107279077172e-08, 4.172325134277344e-07, 6.39192876406014e-08, 0.9775829911231995, 0.1886645406484604, 0.09347396343946457, -0.11968505382537842, 0.86318039894104, -0.49050474166870117, -0.17322571575641632, 0.468321830034256, 0.8664108514785767),
            ["LeftLowerArm"] = CFrame.new(5.960464477539063e-08, 1.7881393432617188e-07, -2.0116567611694336e-07, 1, 7.729977369308472e-08, -2.9802322387695312e-08, -5.960465188081798e-08, 0.920369029045105, -0.39105093479156494, -1.0430814256778831e-07, 0.39105096459388733, 0.920369029045105),
            ["LeftFoot"] = CFrame.new(-5.573565431404859e-08, 0, -9.313225746154785e-09, 0.9991832375526428, -0.03622543811798096, -0.017903704196214676, 0.019513748586177826, 0.820556104183197, -0.5712328553199768, 0.035384148359298706, 0.5704169869422913, 0.8205928206443787),
            ["Head"] = CFrame.new(-3.863472386456124e-08, 1.1920928955078125e-07, 1.777516445145011e-08, 0.996751070022583, -0.08054385334253311, -5.79254244570393e-09, 0.0783814787864685, 0.9699912667274475, -0.23015955090522766, 0.018537940457463264, 0.22941181063652039, 0.9731529951095581),
            ["LowerTorso"] = CFrame.new(-0.14382657408714294, -0.3241734504699707, 0.00020739436149597168, 0.990974485874176, 0.05317682400345802, -0.12305208295583725, -0.025818640366196632, 0.9764794707298279, 0.21405942738056183, 0.13154080510139465, -0.20895038545131683, 0.9690392017364502),
            ["UpperTorso"] = CFrame.new(-1.210719347000122e-08, -8.940696716308594e-08, 6.51925802230835e-09, 0.9898344278335571, 0.02235482633113861, 0.14045685529708862, -0.02564535103738308, 0.9994364976882935, 0.0216609425842762, -0.13989344239234924, -0.025042854249477386, 0.989849865436554),
            ["HumanoidRootPart"] = CFrame.new(0, 0, 0, 1, 0, 0, 0, 1, 0, 0, 0, 1),
            ["RightUpperLeg"] = CFrame.new(0, -1.3969838619232178e-08, 2.029992174357176e-09, 0.9761576652526855, -0.13829202950000763, 0.16730712354183197, 0.21680834889411926, 0.5838590860366821, -0.7823699712753296, 0.010511745698750019, 0.7999898791313171, 0.5999214053153992),
            ["LeftUpperArm"] = CFrame.new(-0.001335740089416504, 0.00023496150970458984, 0.001355120912194252, 0.593428373336792, 0.36453476548194885, 0.7176052331924438, -0.31446152925491333, 0.9257049560546875, -0.21020078659057617, -0.7409161329269409, -0.10092015564441681, 0.6639716625213623),
            ["RightLowerArm"] = CFrame.new(-5.960464477539063e-08, -2.384185791015625e-07, 4.470348358154297e-08, 1, -8.614734525735912e-08, 8.940698137394065e-08, 7.450580596923828e-08, 0.9327645897865295, -0.36048606038093567, 2.514570951461792e-08, 0.36048611998558044, 0.9327646493911743),
            ["LeftHand"] = CFrame.new(2.5331974029541016e-07, -4.76837158203125e-07, 0, 0.9973188638687134, -0.05121767520904541, -0.05226832628250122, 0.05612543597817421, 0.9936802983283997, 0.09720901399850845, 0.046959131956100464, -0.0998818427324295, 0.993890643119812),
            ["RightHand"] = CFrame.new(-1.564621925354004e-07, 0, 2.60770320892334e-07, 0.9981305003166199, 0.03558105230331421, 0.04969567060470581, -0.04271393641829491, 0.9876453876495361, 0.15077221393585205, -0.04371695592999458, -0.1526130735874176, 0.9873186945915222),
            ["RightUpperArm"] = CFrame.new(0.0011317729949951172, 0.00023508071899414062, 0.001355065032839775, 0.6009638905525208, -0.38688716292381287, -0.6994003057479858, 0.3098480701446533, 0.9193841814994812, -0.242336705327034, 0.7367745041847229, -0.07107222825288773, 0.6723929047584534),
            ["RightLowerLeg"] = CFrame.new(-1.1548399925231934e-07, 3.5762786865234375e-07, -3.183231456205249e-08, 1, -2.309679416612198e-07, -7.450582373280668e-09, 1.341104507446289e-07, 0.35510411858558655, 0.934826672077179, -1.9371509552001953e-07, -0.9348267316818237, 0.3551045060157776),
            ["LeftUpperLeg"] = CFrame.new(0, -9.033828973770142e-08, -2.9802322387695312e-08, 0.9887453317642212, 0.09272284805774689, 0.11741042137145996, 0.02150104194879532, 0.6885693073272705, -0.7248517870903015, -0.14805550873279572, 0.7192182540893555, 0.6788259744644165),
            ["LeftLowerLeg"] = CFrame.new(-2.7939677238464355e-08, 0, -2.561137080192566e-09, 1, 1.4528633585086936e-07, -1.1548399925231934e-07, 5.8673329306202504e-08, 0.3539644479751587, 0.9352589249610901, 1.6903506150356407e-07, -0.9352589845657349, 0.35396453738212585),
        }},
        {Time = 0.233, Data = {
            ["RightFoot"] = CFrame.new(-7.400740287266672e-08, 2.980232238769531e-07, -1.2390955816954374e-08, 0.9783236384391785, 0.18555603921413422, 0.09193386882543564, -0.1148451641201973, 0.8555895686149597, -0.5047545433044434, -0.17231784760951996, 0.4832552373409271, 0.8583537340164185),
            ["LeftLowerArm"] = CFrame.new(1.4901161193847656e-07, -1.7881393432617188e-07, -7.450580596923828e-08, 1, -1.0500664870960463e-07, -1.4901162614933128e-07, 1.1920928955078125e-07, 0.9220050573348999, -0.3871781826019287, 1.341104507446289e-07, 0.38717812299728394, 0.9220049977302551),
            ["LeftFoot"] = CFrame.new(-3.644527168944478e-08, 0, -1.9441358745098114e-08, 0.998908281326294, -0.041880685836076736, -0.020698701962828636, 0.0225177351385355, 0.8198462724685669, -0.5721409320831299, 0.04093140736222267, 0.5710501670837402, 0.8198941349983215),
            ["Head"] = CFrame.new(7.608783825219234e-09, -1.1920928955078125e-07, -3.774039214476943e-08, 0.9975830316543579, -0.06948589533567429, -6.275901576202614e-09, 0.0676204040646553, 0.9708007574081421, -0.23015959560871124, 0.015992848202586174, 0.22960323095321655, 0.9731529951095581),
            ["LowerTorso"] = CFrame.new(-0.13588768243789673, -0.33354651927948, 0.00018340349197387695, 0.9910798072814941, 0.06213651970028877, -0.11789795756340027, -0.038764189928770065, 0.9808121919631958, 0.19106228649616241, 0.12750770151615143, -0.18478775024414062, 0.9744718074798584),
            ["UpperTorso"] = CFrame.new(4.6566128730773926e-09, 8.940696716308594e-08, 3.632158041000366e-08, 0.9913778305053711, 0.00003779679536819458, 0.13103428483009338, -0.006166277453303337, 0.998905599117279, 0.04636459797620773, -0.1308891326189041, -0.04677284508943558, 0.990293025970459),
            ["HumanoidRootPart"] = CFrame.new(0, 0, 0, 1, 0, 0, 0, 1, 0, 0, 0, 1),
            ["RightUpperLeg"] = CFrame.new(5.960464477539063e-08, -1.1548399925231934e-07, 3.9282895158976316e-08, 0.9740994572639465, -0.1441396176815033, 0.17422421276569366, 0.22591888904571533, 0.5878880023956299, -0.7767550349235535, 0.009536832571029663, 0.7959972023963928, 0.6052252054214478),
            ["LeftUpperArm"] = CFrame.new(-0.0012929439544677734, 0.00020754337310791016, 0.0014040246605873108, 0.5951196551322937, 0.3787021040916443, 0.7088140845298767, -0.3090831935405731, 0.9220237731933594, -0.23310887813568115, -0.7418221235275269, -0.08035485446453094, 0.6657648682594299),
            ["RightLowerArm"] = CFrame.new(1.1920928955078125e-07, 1.7881393432617188e-07, 1.1175870895385742e-07, 1, -1.5739351511001587e-07, 0, 1.9371509552001953e-07, 0.9301719069480896, -0.36712446808815, 2.0489096641540527e-08, 0.36712437868118286, 0.9301719665527344),
            ["LeftHand"] = CFrame.new(-5.960464477539063e-08, 5.960464477539063e-08, 1.9371509552001953e-07, 0.9979991912841797, -0.032175809144973755, -0.05442838370800018, 0.03851214051246643, 0.9920640587806702, 0.119690902531147, 0.05014532059431076, -0.12154746055603027, 0.9913181066513062),
            ["RightHand"] = CFrame.new(1.7881393432617188e-07, 2.980232238769531e-07, -7.450580596923828e-09, 0.9984662532806396, 0.020307712256908417, 0.05150628089904785, -0.028057023882865906, 0.9875927567481995, 0.15451020002365112, -0.047729574143886566, -0.15571832656860352, 0.9866477847099304),
            ["RightUpperArm"] = CFrame.new(0.0012438297271728516, 0.00020754337310791016, 0.0014039874076843262, 0.601231038570404, -0.3933829367160797, -0.6955366134643555, 0.30707812309265137, 0.9173327684402466, -0.25338447093963623, 0.7377155423164368, -0.06124148890376091, 0.6723281145095825),
            ["RightLowerLeg"] = CFrame.new(-8.195638656616211e-08, 2.384185791015625e-07, 9.110226528719068e-08, 1, -1.6391277313232422e-07, -1.1920931797249068e-07, 1.8253919620292436e-07, 0.3229067027568817, 0.9464308023452759, -1.1548398504146462e-07, -0.9464308023452759, 0.32290706038475037),
            ["LeftUpperLeg"] = CFrame.new(0, -4.0046870708465576e-08, 2.9802322387695312e-08, 0.9889819622039795, 0.08648960292339325, 0.12014293670654297, 0.024816622957587242, 0.7032289505004883, -0.7105302214622498, -0.14594148099422455, 0.7056831121444702, 0.6933344006538391),
            ["LeftLowerLeg"] = CFrame.new(4.563480615615845e-08, -5.960464477539063e-08, 1.3317912817001343e-07, 1, 2.142042205832695e-07, -1.6763806343078613e-08, -5.774199962615967e-08, 0.3489043116569519, 0.9371584057807922, 1.9976869225502014e-07, -0.937158465385437, 0.3489043116569519),
        }},
        {Time = 0.267, Data = {
            ["RightFoot"] = CFrame.new(-1.4435499906539917e-08, 4.172325134277344e-07, -1.2914824765175581e-08, 0.9797704219818115, 0.1793222725391388, 0.08884536474943161, -0.10813502967357635, 0.8479365706443787, -0.5189509987831116, -0.16839468479156494, 0.4988457262516022, 0.8501743674278259),
            ["LeftLowerArm"] = CFrame.new(8.940696716308594e-08, -1.1920928955078125e-07, 0, 1, -2.421438694000244e-08, 5.960465188081798e-08, 2.9802322387695312e-08, 0.9240174293518066, -0.38235047459602356, -1.043081283569336e-07, 0.38235053420066833, 0.9240174293518066),
            ["LeftFoot"] = CFrame.new(-2.5142071535810828e-08, 5.960464477539063e-08, -3.14321368932724e-09, 0.9984129667282104, -0.0504867248237133, -0.024952108040452003, 0.026953525841236115, 0.8174155950546265, -0.5754175782203674, 0.049447182565927505, 0.5738318562507629, 0.817479133605957),
            ["Head"] = CFrame.new(1.8512912092205625e-08, 0, -2.648448571562767e-08, 0.9984415173530579, -0.055807825177907944, -5.942466962949311e-09, 0.054309532046318054, 0.9716363549232483, -0.23015955090522766, 0.012844706885516644, 0.22980087995529175, 0.9731529951095581),
            ["LowerTorso"] = CFrame.new(-0.12376080453395844, -0.34429097175598145, 0.0001558363437652588, 0.9916346669197083, 0.06456569582223892, -0.11176824569702148, -0.04573961719870567, 0.9854861497879028, 0.16347768902778625, 0.12070111930370331, -0.1569978892803192, 0.9801953434944153),
            ["UpperTorso"] = CFrame.new(-1.0710209608078003e-08, 3.5762786865234375e-07, -6.51925802230835e-09, 0.9926418662071228, -0.018367571756243706, 0.11968689411878586, 0.009467246010899544, 0.9971751570701599, 0.07451187074184418, -0.12071740627288818, -0.07283049821853638, 0.9900116324424744),
            ["HumanoidRootPart"] = CFrame.new(0, 0, 0, 1, 0, 0, 0, 1, 0, 0, 0, 1),
            ["RightUpperLeg"] = CFrame.new(0, 1.7508864402770996e-07, 2.029992174357176e-09, 0.9740707278251648, -0.14450550079345703, 0.17408205568790436, 0.22614385187625885, 0.5989714860916138, -0.7681746482849121, 0.006735284812748432, 0.7876238226890564, 0.6161195039749146),
            ["LeftUpperArm"] = CFrame.new(-0.0012698173522949219, 0.00017309188842773438, 0.0014609741047024727, 0.5971881151199341, 0.3937826156616211, 0.6987859010696411, -0.3039602041244507, 0.9173192381858826, -0.25716453790664673, -0.7422766089439392, -0.05882749706506729, 0.6675063371658325),
            ["RightLowerArm"] = CFrame.new(-1.7881393432617188e-07, 2.980232238769531e-07, 8.195638656616211e-08, 1, 1.5832485189548606e-07, 1.788139627478813e-07, -1.043081283569336e-07, 0.9286715984344482, -0.3709031343460083, -1.9371509552001953e-07, 0.3709030747413635, 0.928671658039093),
            ["LeftHand"] = CFrame.new(-2.9802322387695312e-08, 0, 6.705522537231445e-08, 0.998357892036438, -0.01459890604019165, -0.0553949698805809, 0.022265177220106125, 0.9898433089256287, 0.14040884375572205, 0.05278248339891434, -0.1414116472005844, 0.9885428547859192),
            ["RightHand"] = CFrame.new(1.4901161193847656e-08, -2.384185791015625e-07, 1.4901161193847656e-07, 0.9985848665237427, 0.00657721608877182, 0.05277431756258011, -0.014831244945526123, 0.9873955845832825, 0.1575753539800644, -0.05107274651527405, -0.1581350564956665, 0.9860957860946655),
            ["RightUpperArm"] = CFrame.new(0.0013450384140014648, 0.00017333030700683594, 0.001460811123251915, 0.6013551950454712, -0.40166014432907104, -0.6906816959381104, 0.30374833941459656, 0.914475679397583, -0.2673412263393402, 0.7389917969703674, -0.04902636259794235, 0.6719282269477844),
