return {
    ["Lose Control"] = {
        {Time = 0.000, Data = {
            ["LeftFoot"] = CFrame.new(-4.123523211774227e-08, 5.960464477539063e-08, -2.1877099243283737e-08, 0.9988652467727661, -0.012901118025183678, -0.045846857130527496, -0.004514752421528101, 0.9326319098472595, -0.36080142855644226, 0.04741297662258148, 0.3605985641479492, 0.931515097618103),
            ["LeftLowerArm"] = CFrame.new(-1.1920928955078125e-07, 2.980232238769531e-07, 5.587935447692871e-08, 1, -7.264316792543468e-08, 5.2154071283894154e-08, 8.568167686462402e-08, 0.46786701679229736, -0.8837989568710327, 4.6566128730773926e-08, 0.8837989568710327, 0.46786707639694214),
            ["RightUpperArm"] = CFrame.new(0, 0, 3.4924596548080444e-09, 1, -6.33299421792799e-08, 2.421439049271612e-08, 6.145953790337444e-08, 0.7004022598266602, -0.7137483358383179, 3.1228410080075264e-08, 0.7137483954429626, 0.7004023194313049),
            ["Head"] = CFrame.new(-3.751802424289963e-09, -2.384185791015625e-07, -5.342044029355009e-10, 1, -1.9121808303435017e-11, 3.474269760772586e-09, -7.7547863963634e-12, 1, 9.965125968847133e-08, 1.3387762010097504e-09, 5.358954946466099e-11, 1),
            ["LowerTorso"] = CFrame.new(0, -0.1410813331604004, 0, 0.9975479245185852, -0.02151443623006344, 0.06659768521785736, 0.021466650068759918, 0.9997685551643372, 0.0014331432757899165, -0.066613107919693, 1.9899115688559732e-10, 0.9977788925170898),
            ["UpperTorso"] = CFrame.new(3.7199880953409092e-09, -8.940696716308594e-08, -3.6995628782676704e-11, 1, -1.3255417596891306e-11, 1.3387762010097504e-09, -7.7547863963634e-12, 1, -2.5857094243519896e-13, 1.3387762010097504e-09, -3.4281466554375584e-11, 1),
            ["HumanoidRootPart"] = CFrame.new(0, 0, 0, 1, 0, 0, 0, 1, 0, 0, 0, 1),
            ["LeftUpperLeg"] = CFrame.new(0.000025540590286254883, 0.0001255301758646965, 0.004997489973902702, 0.9986711144447327, -0.004059853032231331, -0.051377251744270325, -0.01970835216343403, 0.8910377025604248, -0.4535011947154999, 0.047620221972465515, 0.45391130447387695, 0.8897736668586731),
            ["LeftUpperArm"] = CFrame.new(0, -1.1920928955078125e-07, 6.984919309616089e-10, 1, 5.587935447692871e-08, 2.60770320892334e-08, -5.774975520012049e-08, 0.7782304286956787, 0.6279788017272949, 2.3606844479218125e-08, -0.6279788017272949, 0.7782304286956787),
            ["RightLowerArm"] = CFrame.new(1.1920928955078125e-07, -5.960464477539063e-08, -2.905726432800293e-07, 1, -4.0978193283081055e-08, 2.3283064365386963e-08, 5.587935447692871e-08, 0.7920743823051453, -0.6104245781898499, 1.6763806343078613e-08, 0.6104245781898499, 0.7920743823051453),
            ["LeftHand"] = CFrame.new(-1.1175870895385742e-08, 5.960464477539063e-08, -8.940696716308594e-08, 1, -1.862645593320167e-09, 0, 1.3969840839678227e-09, 1, 2.843444235622883e-08, -9.31322685637781e-10, 2.8492657122569653e-08, 1),
            ["RightFoot"] = CFrame.new(2.6755742510431446e-08, 3.5762786865234375e-07, 4.6842615120112896e-08, 0.99947190284729, -0.004373511765152216, 0.03220141679048538, 0.01622742973268032, 0.9256856441497803, -0.37794551253318787, -0.028155449777841568, 0.37826845049858093, 0.9252676963806152),
            ["RightHand"] = CFrame.new(-1.2665987014770508e-07, -5.960464477539063e-08, 1.341104507446289e-07, 1, -4.6566123179658803e-10, 0, 2.3283064365386963e-10, 1, 6.984919309616089e-10, 2.7939677238464355e-09, 7.799825674226213e-09, 1),
            ["RightLowerLeg"] = CFrame.new(8.754432201385498e-08, -1.1920928955078125e-07, 8.214556146413088e-09, 0.9998157620429993, 0.01907249353826046, -0.0022006798535585403, -0.012047015130519867, 0.7124808430671692, 0.7015882134437561, 0.014948984608054161, -0.7014324069023132, 0.7125791311264038),
            ["RightUpperLeg"] = CFrame.new(-0.000025451183319091797, -0.00012565311044454575, -0.00499748857691884, 0.9959462881088257, -0.02560575306415558, -0.08622864633798599, -0.00906000193208456, 0.9251957535743713, -0.37938192486763, 0.08949274569749832, 0.37862545251846313, 0.9212133884429932),
            ["LeftLowerLeg"] = CFrame.new(7.147900760173798e-08, 1.1920928955078125e-07, 5.8673322200775146e-08, 0.9995313882827759, 0.004026103764772415, 0.03034612350165844, -0.025275150313973427, 0.667806088924408, 0.7439061999320984, -0.017270270735025406, -0.7443244457244873, 0.6675947308540344),
        }},
        {Time = 0.017, Data = {
            ["LeftFoot"] = CFrame.new(4.8792301754474465e-08, 5.960464477539063e-08, -1.8994569472852163e-08, 0.9988577961921692, -0.013332957401871681, -0.045883726328611374, -0.004594696685671806, 0.9290279150009155, -0.3699813783168793, 0.0475601889193058, 0.3697693943977356, 0.9279054403305054),
            ["LeftLowerArm"] = CFrame.new(-2.9802322387695312e-08, 0, 3.725290298461914e-09, 1, -7.532070611659947e-08, 5.122274160385132e-08, 7.450580596923828e-08, 0.48130789399147034, -0.876551628112793, 4.842877388000488e-08, 0.8765515685081482, 0.4813079535961151),
            ["RightUpperArm"] = CFrame.new(0, 2.384185791015625e-07, -2.561137080192566e-09, 1, -6.332993507385254e-08, 3.3527612686157227e-08, 6.292248144745827e-08, 0.6769386529922485, -0.7360395193099976, 3.147943061776459e-08, 0.7360395193099976, 0.6769385933876038),
            ["Head"] = CFrame.new(3.213699528714642e-09, 1.1920928955078125e-07, 1.4551915228366852e-11, 1, 1.4724719221703708e-09, -3.481546162475979e-09, -4.063167580170557e-10, 1, 9.964425373709673e-08, 1.5679688658565283e-09, 1.0186340659856796e-10, 1),
            ["LowerTorso"] = CFrame.new(0.00010446070518810302, -0.1479252576828003, 0, 0.9973644614219666, -0.024247121065855026, 0.06838302314281464, 0.02418777346611023, 0.9997060894966125, 0.0016957743791863322, -0.06840403378009796, -0.000037272337067406625, 0.9976577162742615),
            ["UpperTorso"] = CFrame.new(1.895841705845669e-09, 5.960464477539063e-08, -1.546140993013978e-10, 1, -3.8335201679728925e-10, 1.5643308870494366e-09, -4.063167580170557e-10, 1, -1.0913936421275139e-11, 1.5679688658565283e-09, -1.1641532182693481e-10, 1),
            ["HumanoidRootPart"] = CFrame.new(0, 0, 0, 1, 0, 0, 0, 1, 0, 0, 0, 1),
            ["LeftUpperLeg"] = CFrame.new(0.000025480985641479492, 0.0001258465927094221, 0.004997492767870426, 0.9985316395759583, -0.003034051274880767, -0.05408826097846031, -0.022498182952404022, 0.8850312829017639, -0.46498769521713257, 0.04928058385848999, 0.46552184224128723, 0.8836634755134583),
            ["LeftUpperArm"] = CFrame.new(-1.1920928955078125e-07, 0, -5.820766091346741e-09, 1, 5.774199962615967e-08, 1.862645149230957e-08, -6.001187102810945e-08, 0.7546071410179138, 0.6561768651008606, 2.3817847250029445e-08, -0.6561769247055054, 0.7546071410179138),
            ["RightLowerArm"] = CFrame.new(5.960464477539063e-08, -1.7881393432617188e-07, 1.4901161193847656e-07, 1, -4.679896647985515e-08, 1.210719347000122e-08, 5.4016709327697754e-08, 0.8082596659660339, -0.5888263583183289, 2.2351741790771484e-08, 0.5888262987136841, 0.8082596063613892),
            ["LeftHand"] = CFrame.new(4.6566128730773926e-08, 2.384185791015625e-07, -2.2351741790771484e-08, 1, -8.731150247243136e-10, 0, 9.895303465512484e-10, 1, -3.5288398869681714e-09, 0, 2.6142519260474728e-08, 1),
            ["RightFoot"] = CFrame.new(-1.2530108506325632e-08, 4.76837158203125e-07, -6.446498446166515e-09, 0.9994691014289856, -0.004472251981496811, 0.03227541223168373, 0.016578586772084236, 0.922535240650177, -0.385556697845459, -0.02805093117058277, 0.3858870565891266, 0.9221194982528687),
            ["RightHand"] = CFrame.new(7.450580596923828e-09, 1.1920928955078125e-07, -5.587935447692871e-08, 1, 0, 4.656613428188905e-10, 4.889443516731262e-09, 1, -3.4924600988972543e-09, -2.3283064365386963e-09, 4.190952029858863e-09, 1),
            ["RightLowerLeg"] = CFrame.new(1.2293457984924316e-07, 5.960464477539063e-08, -6.256595952436328e-08, 0.9998103380203247, 0.019386984407901764, -0.0018859771080315113, -0.0122456606477499, 0.7009007930755615, 0.7131535410881042, 0.015147771686315536, -0.7129952311515808, 0.7010052800178528),
            ["RightUpperLeg"] = CFrame.new(-0.000025480985641479492, -0.00012561843323055655, -0.004997486714273691, 0.9957488775253296, -0.024742821231484413, -0.08872474730014801, -0.011557301506400108, 0.9220718741416931, -0.3868461549282074, 0.09138229489326477, 0.38622719049453735, 0.917866051197052),
            ["LeftLowerLeg"] = CFrame.new(-5.832407623529434e-08, 1.1920928955078125e-07, -2.8870999813079834e-08, 0.9995282292366028, 0.004107179585844278, 0.030438533052802086, -0.025784103199839592, 0.6507128477096558, 0.7588859796524048, -0.016689859330654144, -0.7593128085136414, 0.6505119204521179),
        }},
        {Time = 0.033, Data = {
            ["LeftFoot"] = CFrame.new(4.443052148417337e-09, -1.1920928955078125e-07, 1.6329977370332927e-09, 0.9988334774971008, -0.014570171944797039, -0.04603876546025276, -0.004813267849385738, 0.9186070561408997, -0.39514291286468506, 0.048048898577690125, 0.3949034810066223, 0.9174652695655823),
            ["LeftLowerArm"] = CFrame.new(2.9802322387695312e-08, -2.384185791015625e-07, -3.725290298461914e-07, 1, -8.009374141693115e-08, 2.7474015951156616e-08, 6.891787762697277e-08, 0.5198323726654053, -0.8542683124542236, 4.4703490686970326e-08, 0.8542683124542236, 0.51983243227005),
            ["RightUpperArm"] = CFrame.new(0, 2.384185791015625e-07, -6.984919309616089e-09, 1, -6.891787762697277e-08, 3.725290653733282e-08, 7.26104190107435e-08, 0.6041997671127319, -0.7968329787254333, 3.830791683867574e-08, 0.7968329787254333, 0.6041997075080872),
            ["Head"] = CFrame.new(4.574758349917829e-09, 0, -5.384208634495735e-10, 1, -1.875378075055778e-09, 4.081812665646112e-09, 1.8335413187742233e-09, 1, 9.992801608404989e-08, 8.803908713161945e-10, 7.275957614183426e-11, 1),
            ["LowerTorso"] = CFrame.new(0.0004225748125463724, -0.16784369945526123, 0, 0.9967697858810425, -0.03220004960894585, 0.07357389479875565, 0.0321040116250515, 0.9994814395904541, 0.0024878857657313347, -0.07361584901809692, -0.00011783236550400034, 0.9972866773605347),
            ["UpperTorso"] = CFrame.new(5.212768883211538e-09, 1.1920928955078125e-07, 2.3646862246096134e-10, 1, -1.8717400962486863e-09, 8.87666828930378e-10, 1.8335413187742233e-09, 1, 2.764863893389702e-10, 8.803908713161945e-10, 1.4551915228366852e-11, 1),
            ["HumanoidRootPart"] = CFrame.new(0, 0, 0, 1, 0, 0, 0, 1, 0, 0, 0, 1),
            ["LeftUpperLeg"] = CFrame.new(0.0000254213809967041, 0.00012563233030959964, 0.004997490905225277, 0.998066782951355, -0.00030384212732315063, -0.062151335179805756, -0.030660586431622505, 0.8674330115318298, -0.4966084957122803, 0.05406295508146286, 0.49755391478538513, 0.8657466769218445),
            ["LeftUpperArm"] = CFrame.new(0, 2.384185791015625e-07, -1.3969838619232178e-09, 1, 6.146728992462158e-08, 2.9802322387695312e-08, -6.149912223918363e-08, 0.6794739365577698, 0.7336996793746948, 3.0529918149113655e-08, -0.7336996793746948, 0.679473876953125),
            ["RightLowerArm"] = CFrame.new(5.960464477539063e-08, -1.7881393432617188e-07, -1.4156103134155273e-07, 1, -4.912727291639385e-08, 2.0489098417897367e-08, 4.6566135836201283e-08, 0.8521658182144165, -0.5232719779014587, 1.3038517820973539e-08, 0.5232719779014587, 0.8521658778190613),
            ["LeftHand"] = CFrame.new(1.564621925354004e-07, -5.960464477539063e-08, -2.2351741790771484e-08, 1, 1.862645371275562e-09, 2.7939677238464355e-09, -2.7939681679356454e-09, 1, 3.6088749766349792e-09, -2.3283066585833012e-09, -1.1525118637223386e-08, 1),
            ["RightFoot"] = CFrame.new(2.8098156690248288e-08, 3.5762786865234375e-07, -1.2514647096395493e-08, 0.9994603395462036, -0.0047326358035206795, 0.03250646963715553, 0.017556611448526382, 0.9133339524269104, -0.40683209896087646, -0.027763884514570236, 0.40718382596969604, 0.9129244089126587),
            ["RightHand"] = CFrame.new(-8.195638656616211e-08, -1.1920928955078125e-07, -1.1548399925231934e-07, 1, -2.0954755708402217e-09, 1.862645149230957e-09, -2.561137080192566e-09, 1, 6.752088665962219e-09, -1.862645149230957e-09, -9.313224635931761e-10, 1),
            ["RightLowerLeg"] = CFrame.new(-7.450580596923828e-09, -3.5762786865234375e-07, 3.242894308641553e-08, 0.9997947216033936, 0.0202412698417902, -0.0009760820539668202, -0.012785281985998154, 0.6674202680587769, 0.7445711493492126, 0.01572253182530403, -0.7444061040878296, 0.6675423383712769),
            ["RightUpperLeg"] = CFrame.new(-0.000025451183319091797, -0.0001256857649423182, -0.004997489042580128, 0.9951167106628418, -0.02237774431705475, -0.09613554179668427, -0.0188401248306036, 0.9129939675331116, -0.40753790736198425, 0.09689091891050339, 0.4073588252067566, 0.908113956451416),
            ["LeftLowerLeg"] = CFrame.new(3.026798367500305e-08, 2.980232238769531e-07, 3.632158041000366e-08, 0.9995191693305969, 0.004321235232055187, 0.03070475533604622, -0.027127955108880997, 0.6014648675918579, 0.798438549041748, -0.015017576515674591, -0.7988876104354858, 0.6012929081916809),
        }},
        {Time = 0.050, Data = {
            ["LeftFoot"] = CFrame.new(5.463684260575974e-08, 5.960464477539063e-08, -1.269881977350451e-08, 0.9987900257110596, -0.01632305420935154, -0.04639001935720444, -0.005104161333292723, 0.9038060903549194, -0.42791205644607544, 0.04891238361597061, 0.42763105034828186, 0.9026291966438293),
            ["LeftLowerArm"] = CFrame.new(-1.4901161193847656e-07, 2.384185791015625e-07, -5.960464477539063e-08, 1, -7.415657421461219e-08, 4.0745366192140864e-08, 5.774199962615967e-08, 0.5734729170799255, -0.8192245364189148, 3.818422555923462e-08, 0.8192245960235596, 0.5734729170799255),
            ["RightUpperArm"] = CFrame.new(0, 1.1920928955078125e-07, -6.51925802230835e-09, 1, -7.636845111846924e-08, 3.725290653733282e-08, 7.787548383930698e-08, 0.48944300413131714, -0.8720353841781616, 4.022149369120598e-08, 0.8720353245735168, 0.4894430935382843),
            ["Head"] = CFrame.new(3.042259777430445e-08, 0, 6.984919309616089e-10, 1, -3.483364707790315e-10, -7.872586138546467e-09, 3.3769538276828825e-09, 1, 1.0018993634730577e-07, -4.7584762796759605e-09, -4.0745362639427185e-10, 1),
            ["LowerTorso"] = CFrame.new(0.0009167265379801393, -0.19647789001464844, 0, 0.9957570433616638, -0.043630510568618774, 0.08102168887853622, 0.0434737391769886, 0.9990478157997131, 0.003698810702189803, -0.08110591769218445, -0.0001608008606126532, 0.9967054724693298),
            ["UpperTorso"] = CFrame.new(3.2173375075217336e-09, 1.1920928955078125e-07, -6.330083124339581e-10, 1, 3.384229785297066e-09, 2.7212081477046013e-09, 3.3769538276828825e-09, 1, 2.9103830456733704e-10, -4.7584762796759605e-09, -2.6193447411060333e-10, 1),
            ["HumanoidRootPart"] = CFrame.new(0, 0, 0, 1, 0, 0, 0, 1, 0, 0, 0, 1),
            ["LeftUpperLeg"] = CFrame.new(0.000025480985641479492, 0.0001256824762094766, 0.004997491370886564, 0.9972444176673889, 0.002969261258840561, -0.07412665337324142, -0.04250360280275345, 0.8418140411376953, -0.5380916595458984, 0.060803111642599106, 0.5397595763206482, 0.8396205306053162),
            ["LeftUpperArm"] = CFrame.new(0, 1.1920928955078125e-07, -3.725290298461914e-09, 1, 6.891787052154541e-08, 4.0046870708465576e-08, -7.113430910976604e-08, 0.5566266775131226, 0.8307628035545349, 3.221794031560421e-08, -0.8307627439498901, 0.5566267371177673),
            ["RightLowerArm"] = CFrame.new(0, 1.1920928955078125e-07, -5.289912223815918e-07, 1, -3.795139491558075e-08, 8.847564458847046e-09, 4.470348358154297e-08, 0.9061645269393921, -0.4229253828525543, 1.1175870895385742e-08, 0.42292535305023193, 0.9061645865440369),
            ["LeftHand"] = CFrame.new(-4.0978193283081055e-08, -2.980232238769531e-07, -7.078051567077637e-08, 1, -6.6356733441352844e-09, -1.280568540096283e-09, 8.149072527885437e-09, 1, 2.2118911147117615e-08, 3.6088749766349792e-09, -1.3969838619232178e-09, 1),
            ["RightFoot"] = CFrame.new(1.9413164409343153e-09, 2.980232238769531e-07, -9.91713022813201e-09, 0.9994466304779053, -0.005041193217039108, 0.03288167342543602, 0.018866008147597313, 0.9000134468078613, -0.435453861951828, -0.027398744598031044, 0.43583303689956665, 0.8996103405952454),
            ["RightHand"] = CFrame.new(1.043081283569336e-07, 0, -2.2351741790771484e-07, 1, 2.3283064365386963e-10, 4.656612873077393e-10, 6.28642737865448e-09, 1, -1.3969838619232178e-09, 0, -8.847564458847046e-09, 1),
            ["RightLowerLeg"] = CFrame.new(3.91155481338501e-08, 1.1920928955078125e-07, 6.781920092180371e-08, 0.9997724890708923, 0.021330393850803375, 0.0003174296289216727, -0.013473231345415115, 0.6198250651359558, 0.7846242785453796, 0.016539588570594788, -0.7844500541687012, 0.6199714541435242),
            ["RightUpperLeg"] = CFrame.new(-0.000025480985641479492, -0.0001255323295481503, -0.004997496958822012, 0.994056761264801, -0.019372081384062767, -0.10712534189224243, -0.029335107654333115, 0.8999723792076111, -0.43495866656303406, 0.1048358902335167, 0.4355164170265198, 0.8940554261207581),
            ["LeftLowerLeg"] = CFrame.new(-2.7008354663848877e-08, -5.960464477539063e-08, 1.210719347000122e-08, 0.999506413936615, 0.004580249078571796, 0.03108062408864498, -0.028754014521837234, 0.5319344997406006, 0.8462970852851868, -0.012656602077186108, -0.846773087978363, 0.5318037867546082),
        }},
        {Time = 0.067, Data = {
            ["LeftFoot"] = CFrame.new(7.2788139959811815e-09, -5.960464477539063e-08, -1.4607167031499557e-08, 0.9987345337867737, -0.01809397153556347, -0.046924665570259094, -0.005380887538194656, 0.8892382383346558, -0.45741257071495056, 0.050003618001937866, 0.457086443901062, 0.8880157470703125),
            ["LeftLowerArm"] = CFrame.new(2.9802322387695312e-08, 1.1920928955078125e-07, -5.4016709327697754e-08, 1, -7.823110337312755e-08, 4.284083487959833e-08, 7.450580596923828e-08, 0.6247589588165283, -0.7808176279067993, 3.259629011154175e-08, 0.7808177471160889, 0.6247589588165283),
            ["RightUpperArm"] = CFrame.new(1.1920928955078125e-07, 1.1920928955078125e-07, 1.210719347000122e-08, 1, -7.450581307466564e-08, 5.960465188081798e-08, 8.270035323221236e-08, 0.3654728829860687, -0.9308220744132996, 6.7870132625103e-08, 0.9308220148086548, 0.3654728829860687),
            ["Head"] = CFrame.new(9.957147995010018e-09, 1.1920928955078125e-07, -1.7462298274040222e-10, 1, 7.257766609924943e-10, 1.3329556125540876e-08, 7.503331289626658e-10, 1, 9.917131649217481e-08, 7.8580342233181e-09, -2.037267854415603e-10, 1),
            ["LowerTorso"] = CFrame.new(0.0014823225792497396, -0.2251119613647461, 0, 0.9945579171180725, -0.05505525693297386, 0.08845058083534241, 0.05482836067676544, 0.9984833002090454, 0.004994614515453577, -0.08859140425920486, -0.00011783304944401607, 0.9960680603981018),
            ["UpperTorso"] = CFrame.new(-4.511093720793724e-10, 0, -6.330083124339581e-10, 1, -2.993146619445497e-09, 7.887138053774834e-09, 7.503331289626658e-10, 1, -2.1827872842550278e-11, 7.8580342233181e-09, -7.42147565624407e-10, 1),
            ["HumanoidRootPart"] = CFrame.new(0, 0, 0, 1, 0, 0, 0, 1, 0, 0, 0, 1),
            ["LeftUpperLeg"] = CFrame.new(0.000025480985641479492, 0.00012557402078527957, 0.004997489042580128, 0.9962403178215027, 0.005529785994440317, -0.08645658940076828, -0.054490674287080765, 0.8158323764801025, -0.5757156610488892, 0.06735052168369293, 0.5782620310783386, 0.8130662441253662),
            ["LeftUpperArm"] = CFrame.new(0, 1.1920928955078125e-07, 4.6566128730773926e-09, 1, 7.450580596923828e-08, 4.842877388000488e-08, -7.748622010694817e-08, 0.420134961605072, 0.9074616432189941, 5.963374860584736e-08, -0.9074617028236389, 0.4201349914073944),
            ["RightLowerArm"] = CFrame.new(0, 1.1920928955078125e-07, 4.6193599700927734e-07, 1, -3.4691765904426575e-08, -2.7939681679356454e-09, 2.421438694000244e-08, 0.9483964443206787, -0.3170870542526245, 0, 0.3170870244503021, 0.9483965039253235),
            ["LeftHand"] = CFrame.new(-8.195638656616211e-08, -1.1920928955078125e-07, 8.940696716308594e-08, 1, -7.450581485102248e-09, -5.587935447692871e-09, 0, 1, 4.470348358154297e-08, 2.7939677238464355e-09, 9.31322685637781e-10, 1),
            ["RightFoot"] = CFrame.new(1.4595570974051952e-08, 3.5762786865234375e-07, 5.4060365073382854e-09, 0.9994319677352905, -0.005294724367558956, 0.03328337520360947, 0.02008541114628315, 0.8866093754768372, -0.46208247542381287, -0.02706271782517433, 0.4624887704849243, 0.886212170124054),
            ["RightHand"] = CFrame.new(2.9802322387695312e-08, -5.960464477539063e-08, -2.1606683731079102e-07, 1, 2.561137080192566e-09, -4.656612873077393e-10, -2.3283064365386963e-09, 1, -2.7939677238464355e-09, 5.122274160385132e-09, 9.313225746154785e-10, 1),
            ["RightLowerLeg"] = CFrame.new(1.0244548320770264e-08, 1.7881393432617188e-07, 3.80168785341084e-08, 0.999750554561615, 0.022277304902672768, 0.001590497326105833, -0.014071336016058922, 0.5729815363883972, 0.81944739818573, 0.01734374836087227, -0.8192654848098755, 0.5731523036956787),
            ["RightUpperLeg"] = CFrame.new(-0.000025540590286254883, -0.0001257988333236426, -0.0049974918365478516, 0.9928194284439087, -0.016798118129372597, -0.11843742430210114, -0.039864979684352875, 0.8870323896408081, -0.45998314023017883, 0.11278463900089264, 0.46140164136886597, 0.8799933195114136),
            ["LeftLowerLeg"] = CFrame.new(2.7881469577550888e-08, 5.960464477539063e-08, -1.1641532182693481e-07, 0.9994938969612122, 0.004791623447090387, 0.03144817054271698, -0.03008093312382698, 0.46394747495651245, 0.8853519558906555, -0.01034801360219717, -0.8858498334884644, 0.4638567566871643),
        }},
        {Time = 0.083, Data = {
            ["LeftFoot"] = CFrame.new(-4.5620510036314954e-08, 5.960464477539063e-08, -3.0290721042547375e-09, 0.9986838102340698, -0.0194009467959404, -0.04748108983039856, -0.005563044920563698, 0.8792741298675537, -0.47628360986709595, 0.05098925903439522, 0.475920706987381, 0.8780089020729065),
            ["LeftLowerArm"] = CFrame.new(-1.1920928955078125e-07, -5.960464477539063e-08, -1.1920928955078125e-07, 1, -5.587935447692871e-08, 3.166496753692627e-08, 6.332993507385254e-08, 0.6588818430900574, -0.7522465586662292, 2.7939677238464355e-08, 0.7522465586662292, 0.6588818430900574),
            ["RightUpperArm"] = CFrame.new(0, 3.5762786865234375e-07, -3.725290298461914e-09, 1, -9.685754776000977e-08, 7.078050856534901e-08, 8.363326742255595e-08, 0.2756887972354889, -0.961246907711029, 6.088521331548691e-08, 0.9612469673156738, 0.2756887972354889),
            ["Head"] = CFrame.new(1.1182692105649039e-08, 2.384185791015625e-07, 5.748006515204906e-10, 1, 1.6857486517807274e-09, -4.365575123621568e-10, 1.679381966823712e-09, 1, 9.912402276768262e-08, -6.6356733441352844e-09, -1.2732927212599776e-10, 1),
            ["LowerTorso"] = CFrame.new(0.001996810082346201, -0.24503040313720703, 0, 0.9936143159866333, -0.0629974901676178, 0.09360602498054504, 0.0627162829041481, 0.9980137944221497, 0.005945863202214241, -0.09379468113183975, -0.00003727305374923162, 0.9955915808677673),
            ["UpperTorso"] = CFrame.new(-9.75398961600149e-09, -1.7881393432617188e-07, -1.939952198881656e-09, 1, 1.691205619991365e-09, -6.606569513678551e-09, 1.679381966823712e-09, 1, -6.548361852765083e-11, -6.6356733441352844e-09, -1.8553694691725298e-10, 1),
            ["HumanoidRootPart"] = CFrame.new(0, 0, 0, 1, 0, 0, 0, 1, 0, 0, 0, 1),
            ["LeftUpperLeg"] = CFrame.new(0.000025540590286254883, 0.00012561125913634896, 0.00499749556183815, 0.9954358339309692, 0.006995996460318565, -0.09517689049243927, -0.06296534091234207, 0.7975819110870361, -0.5999153852462769, 0.07171431928873062, 0.6031701564788818, 0.7943822145462036),
            ["LeftUpperArm"] = CFrame.new(0, 3.5762786865234375e-07, 1.862645149230957e-09, 1, 9.685754776000977e-08, 5.960464477539063e-08, -8.027927833609283e-08, 0.3198622167110443, 0.9474640488624573, 5.247420631349087e-08, -0.9474640488624573, 0.3198622167110443),
            ["RightLowerArm"] = CFrame.new(0, 1.1920928955078125e-07, -7.450580596923828e-09, 1, -2.2351745343485163e-08, 1.1641533292916506e-09, 2.980232594040899e-08, 0.9704431295394897, -0.24133026599884033, 0, 0.24133023619651794, 0.9704431295394897),
            ["LeftHand"] = CFrame.new(1.1175870895385742e-07, -1.7881393432617188e-07, -1.1175870895385742e-07, 1, 3.725290742551124e-09, 5.587935447692871e-09, -3.725290298461914e-09, 1, 2.514570951461792e-08, 7.450580596923828e-09, -3.3527616238870905e-08, 1),
            ["RightFoot"] = CFrame.new(-2.180968294851482e-09, 2.980232238769531e-07, -4.270987119525671e-08, 0.9994235038757324, -0.005495746619999409, 0.033505916595458984, 0.020904259756207466, 0.8772076368331909, -0.4796559810638428, -0.026755601167678833, 0.48007985949516296, 0.8768168091773987),
            ["RightHand"] = CFrame.new(7.450580596923828e-08, 0, 1.0058283805847168e-07, 1, 0, 1.862645371275562e-09, 2.3283067140944524e-10, 1, 9.31322685637781e-10, 4.190952029858863e-09, 1.3969840839678227e-09, 1),
            ["RightLowerLeg"] = CFrame.new(-9.313225746154785e-10, -1.1920928955078125e-07, 6.455957191064954e-08, 0.9997355937957764, 0.02286551147699356, 0.0024672802537679672, -0.014442860148847103, 0.5407217741012573, 0.841077446937561, 0.017897548153996468, -0.8408907651901245, 0.5409091114997864),
            ["RightUpperLeg"] = CFrame.new(-0.000025600194931030273, -0.00012594468716997653, -0.004997494630515575, 0.9918596744537354, -0.01519305445253849, -0.12642665207386017, -0.04725465551018715, 0.878041684627533, -0.4762454330921173, 0.1182434931397438, 0.47834303975105286, 0.8701762557029724),
            ["LeftLowerLeg"] = CFrame.new(-2.407068677712232e-08, 0, 2.3283064365386963e-08, 0.999485433101654, 0.004914573859423399, 0.03169826790690422, -0.030852843075990677, 0.4176793098449707, 0.9080706238746643, -0.00877692922949791, -0.9085813164710999, 0.41761600971221924),
        }},
        {Time = 0.100, Data = {
            ["LeftFoot"] = CFrame.new(5.6327735364902765e-08, -1.1920928955078125e-07, 1.1072188499383628e-08, 0.9986534118652344, -0.019988449290394783, -0.04787525162100792, -0.00559961749240756, 0.8758808970451355, -0.48249512910842896, 0.051577337086200714, 0.4821130931377411, 0.8745893836021423),
            ["LeftLowerArm"] = CFrame.new(-5.960464477539063e-08, 0, 3.390014171600342e-07, 1, -7.078051567077637e-08, 2.9802322387695312e-08, 7.264316082000732e-08, 0.6702916622161865, -0.7420978546142578, 3.5390257835388184e-08, 0.7420978546142578, 0.6702916026115417),
            ["RightUpperArm"] = CFrame.new(0, 0, 9.313225746154785e-10, 1, -9.126962652317161e-08, 6.146728992462158e-08, 6.718875056321849e-08, 0.24443860352039337, -0.9696648120880127, 6.699701771140099e-08, 0.9696648716926575, 0.24443857371807098),
            ["Head"] = CFrame.new(1.5000148345656328e-10, 1.1920928955078125e-07, 1.2317975528475245e-09, 1, 6.174531719249643e-11, 6.024493792722296e-09, -7.31705451784137e-09, 1, 9.965792457933276e-08, -5.238689482212067e-10, 7.539456281513424e-10, 1),
            ["LowerTorso"] = CFrame.new(0.002384200459346175, -0.25187432765960693, 0, 0.9932692646980286, -0.06572520732879639, 0.0953749269247055, 0.06542428582906723, 0.9978377819061279, 0.006282121408730745, -0.09558159857988358, -7.846384653120708e-10, 0.9954215884208679),
            ["UpperTorso"] = CFrame.new(9.343224860458577e-09, 2.682209014892578e-07, 1.317395970090729e-09, 1, 7.499700166446743e-11, -4.656612873077393e-10, -7.31705451784137e-09, 1, 6.395994844865527e-12, -5.238689482212067e-10, 6.159378007630778e-10, 1),
            ["HumanoidRootPart"] = CFrame.new(0, 0, 0, 1, 0, 0, 0, 1, 0, 0, 0, 1),
            ["LeftUpperLeg"] = CFrame.new(0.000025480985641479492, 0.00012576200242619962, 0.004997476004064083, 0.9951434135437012, 0.007639292627573013, -0.0981387346982956, -0.06602490693330765, 0.7912554144859314, -0.6079108715057373, 0.07300879061222076, 0.6114381551742554, 0.7879169583320618),
            ["LeftUpperArm"] = CFrame.new(0, 2.384185791015625e-07, 1.0244548320770264e-08, 1, 9.126962652317161e-08, 6.332992796842518e-08, -8.92734419721819e-08, 0.28479865193367004, 0.9585873484611511, 6.600748747587204e-08, -0.9585874676704407, 0.28479859232902527),
            ["RightLowerArm"] = CFrame.new(5.960464477539063e-08, 0, 5.960464477539063e-08, 1, -2.7008351111135198e-08, 1.3969836398786128e-09, 2.421438694000244e-08, 0.9766024351119995, -0.21505284309387207, -7.450580596923828e-09, 0.21505284309387207, 0.9766023755073547),
            ["LeftHand"] = CFrame.new(-2.9802322387695312e-08, -1.7881393432617188e-07, -7.450580596923828e-09, 1, 3.725290298461914e-09, 1.8626449271863521e-09, -1.1175869119028903e-08, 1, 2.607702853651972e-08, -7.4505797087454084e-09, 2.60770320892334e-08, 1),
            ["RightFoot"] = CFrame.new(7.197286322480068e-09, 4.172325134277344e-07, -8.018105290830135e-09, 0.999426007270813, -0.005698679480701685, 0.03339476138353348, 0.021206310018897057, 0.8739704489707947, -0.4855157434940338, -0.026419194415211678, 0.4859456717967987, 0.8735898733139038),
            ["RightHand"] = CFrame.new(2.9802322387695312e-08, -5.960464477539063e-08, -4.0978193283081055e-07, 1, 2.7939677238464355e-09, 2.3283064365386963e-09, 1.0011717677116394e-08, 1, 1.862645149230957e-09, 3.259629011154175e-09, -2.3283064365386963e-09, 1),
            ["RightLowerLeg"] = CFrame.new(-1.3969838619232178e-08, -2.384185791015625e-07, -1.739681465551257e-08, 0.9997304081916809, 0.02305459976196289, 0.00276555516757071, -0.014562288299202919, 0.5297457575798035, 0.8480312824249268, 0.01808597892522812, -0.8478431701660156, 0.5299390554428101),
            ["RightUpperLeg"] = CFrame.new(-0.000025570392608642578, -0.00012557573791127652, -0.004997489973902702, 0.9915258884429932, -0.014474043622612953, -0.12910084426403046, -0.04993545636534691, 0.8749607801437378, -0.48161208629608154, 0.11992901563644409, 0.48397740721702576, 0.8668234348297119),
            ["LeftLowerLeg"] = CFrame.new(2.1653249859809875e-08, -5.960464477539063e-08, -7.078051567077637e-08, 0.9994826316833496, 0.00495279161259532, 0.031783267855644226, -0.03109268844127655, 0.40195852518081665, 0.9151299595832825, -0.008243107236921787, -0.9156444668769836, 0.4019043445587158),
        }},
        {Time = 0.117, Data = {
            ["LeftFoot"] = CFrame.new(-1.3026408396399347e-08, -1.1920928955078125e-07, -2.4610017135273665e-08, 0.9986546039581299, -0.01959884911775589, -0.04800949990749359, -0.005415742751210928, 0.8813448548316956, -0.47244253754615784, 0.05157226324081421, 0.4720669090747833, 0.880052924156189),
            ["LeftLowerArm"] = CFrame.new(2.9802322387695312e-08, 0, 7.450580596923828e-09, 1, -6.891787052154541e-08, 2.2351741790771484e-08, 7.264315371457997e-08, 0.6516039371490479, -0.7585593461990356, 3.352760913344355e-08, 0.7585593461990356, 0.6516039371490479),
            ["RightUpperArm"] = CFrame.new(0, -1.1920928955078125e-07, 6.51925802230835e-09, 1, -8.195639367158947e-08, 6.33299421792799e-08, 7.97763277660124e-08, 0.3086227774620056, -0.9511845707893372, 5.7247234508395195e-08, 0.9511845707893372, 0.308622807264328),
            ["Head"] = CFrame.new(-1.113767211791128e-08, 0, 1.4551915228366852e-11, 1, 1.5602381608914584e-09, -4.2491596907723306e-09, 1.5493242244701833e-09, 1, 9.912766074648971e-08, -2.8230715543031693e-09, 7.494236342608929e-10, 1),
            ["LowerTorso"] = CFrame.new(0.0027017812244594097, -0.23989439010620117, 0, 0.9939950108528137, -0.06170492619276047, 0.0903683453798294, 0.0614452138543129, 0.9980944395065308, 0.005655802320688963, -0.09054514020681381, -0.00006913741526659578, 0.995892345905304),
            ["UpperTorso"] = CFrame.new(6.215941539267078e-09, -8.940696716308594e-08, 1.6189005691558123e-10, 1, 1.5688783605583012e-09, -2.8812792152166367e-09, 1.5493242244701833e-09, 1, -5.820766091346741e-11, -2.8230715543031693e-09, 6.548361852765083e-10, 1),
            ["HumanoidRootPart"] = CFrame.new(0, 0, 0, 1, 0, 0, 0, 1, 0, 0, 0, 1),
            ["LeftUpperLeg"] = CFrame.new(0.000025510787963867188, 0.00012549746315926313, 0.0049974871799349785, 0.9957559108734131, 0.009229610674083233, -0.09156998246908188, -0.062033627182245255, 0.8022879362106323, -0.5937052965164185, 0.06798578053712845, 0.5968659520149231, 0.7994554042816162),
            ["LeftUpperArm"] = CFrame.new(5.960464477539063e-08, -1.1920928955078125e-07, 2.7939677238464355e-09, 1, 8.940696716308594e-08, 6.146728992462158e-08, -8.04111550678499e-08, 0.3619888126850128, 0.9321824312210083, 5.6315911933779716e-08, -0.9321824312210083, 0.3619888126850128),
            ["RightLowerArm"] = CFrame.new(-5.960464477539063e-08, -5.960464477539063e-08, -8.195638656616211e-08, 1, -2.561137080192566e-08, 3.725290298461914e-09, 3.725290298461914e-08, 0.9590794444084167, -0.28313714265823364, 7.450580596923828e-09, 0.28313714265823364, 0.9590795040130615),
            ["LeftHand"] = CFrame.new(2.9802322387695312e-08, -1.1920928955078125e-07, -1.7881393432617188e-07, 1, -1.862645371275562e-09, -1.30385160446167e-08, -1.4901161193847656e-08, 1, 1.7695128917694092e-08, -1.862645149230957e-09, -1.1175872671742582e-08, 1),
            ["RightFoot"] = CFrame.new(2.8363729143165983e-08, 2.980232238769531e-07, 8.85484041646123e-09, 0.9994510412216187, -0.006084528751671314, 0.03256843984127045, 0.020814670249819756, 0.880099892616272, -0.4743318259716034, -0.02577739581465721, 0.4747495651245117, 0.8797435760498047),
            ["RightHand"] = CFrame.new(4.470348358154297e-08, 1.1920928955078125e-07, 2.2724270820617676e-07, 1, 4.190952029858863e-09, 4.423782229423523e-09, -1.862645149230957e-09, 1, -4.656612873077393e-10, -1.3969838619232178e-09, -1.3969840839678227e-09, 1),
            ["RightLowerLeg"] = CFrame.new(-1.862645149230957e-08, 5.960464477539063e-08, -9.480572771281004e-09, 0.9997397065162659, 0.02270693890750408, 0.0022235680371522903, -0.014342699199914932, 0.5496881008148193, 0.8352466225624084, 0.01774362474679947, -0.8350613713264465, 0.549871027469635),
            ["RightUpperLeg"] = CFrame.new(-0.000025451183319091797, -0.00012572154810186476, -0.00499748345464468, 0.9923725128173828, -0.013062896206974983, -0.12258123606443405, -0.046753693372011185, 0.8801975250244141, -0.4722992181777954, 0.11406533420085907, 0.47442781925201416, 0.8728729486465454),
            ["LeftLowerLeg"] = CFrame.new(-9.272480383515358e-08, 0, 1.6763806343078613e-08, 0.9994875192642212, 0.004886642564088106, 0.03163851425051689, -0.03067738190293312, 0.42874062061309814, 0.902906596660614, -0.009152529761195183, -0.9034143686294556, 0.4286707937717438),
        }},
        {Time = 0.133, Data = {
            ["LeftFoot"] = CFrame.new(4.073439185958705e-08, 0, 9.455106919631362e-09, 0.9986869692802429, -0.01808256097137928, -0.04793053865432739, -0.00496671861037612, 0.8970449566841125, -0.44191133975982666, 0.05098676308989525, 0.4415692687034607, 0.8957773447036743),
            ["LeftLowerArm"] = CFrame.new(2.9802322387695312e-08, 1.1920928955078125e-07, -8.335337042808533e-08, 1, -7.08969309926033e-08, 4.0978193283081055e-08, 7.636845111846924e-08, 0.5966980457305908, -0.8024658560752869, 3.771856427192688e-08, 0.8024658560752869, 0.5966980457305908),
            ["RightUpperArm"] = CFrame.new(1.1920928955078125e-07, 2.384185791015625e-07, 3.259629011154175e-09, 1, -7.078052277620372e-08, 3.725290653733282e-08, 7.066228135954589e-08, 0.4913550317287445, -0.8709595203399658, 5.3638359531760216e-08, 0.8709595203399658, 0.4913550317287445),
            ["Head"] = CFrame.new(1.5606929082423449e-09, 3.5762786865234375e-07, -1.4260876923799515e-09, 1, 3.672540049848294e-09, -1.3533282272604197e-09, -1.0732037480920553e-10, 1, 1.0007353523633356e-07, 8.658389560878277e-09, -3.2014216277964636e-10, 1),
            ["LowerTorso"] = CFrame.new(0.0030087123159319162, -0.20615065097808838, 0, 0.9959676861763, -0.0496227964758873, 0.07473884522914886, 0.049467142671346664, 0.9987680315971375, 0.003933532163500786, -0.0748419538140297, -0.00022055432782508433, 0.9971954822540283),
            ["UpperTorso"] = CFrame.new(3.3364813134539872e-09, 1.4901161193847656e-07, -4.220055416226387e-10, 1, -4.365575262399446e-11, 1.1932571597483843e-09, -1.0732037480920553e-10, 1, 1.7462301049597784e-10, 8.658389560878277e-09, -6.693881560160264e-10, 1),
            ["HumanoidRootPart"] = CFrame.new(0, 0, 0, 1, 0, 0, 0, 1, 0, 0, 0, 1),
            ["LeftUpperLeg"] = CFrame.new(0.000025540590286254883, 0.00012571396655403078, 0.004997482523322105, 0.9973681569099426, 0.012325226329267025, -0.07144816964864731, -0.049710363149642944, 0.8336036801338196, -0.5501216650009155, 0.052779071033000946, 0.5522254705429077, 0.832022488117218),
            ["LeftUpperArm"] = CFrame.new(0, 3.5762786865234375e-07, -1.3504177331924438e-08, 1, 7.078052277620372e-08, 3.888272104290991e-08, -7.08969309926033e-08, 0.5787813663482666, 0.8154828548431396, 4.563480615615845e-08, -0.8154828548431396, 0.5787813067436218),
            ["RightLowerArm"] = CFrame.new(5.960464477539063e-08, 1.7881393432617188e-07, 8.195638656616211e-08, 1, -3.3061954951563166e-08, 4.423782673512733e-09, 4.470348358154297e-08, 0.8827572464942932, -0.46982961893081665, 7.450580596923828e-09, 0.46982958912849426, 0.8827571868896484),
            ["LeftHand"] = CFrame.new(-7.82310962677002e-08, 1.1920928955078125e-07, 1.1175870895385742e-08, 1, -3.1432143554610548e-09, -8.149073638108462e-10, 1.3969840839678227e-09, 1, 2.3050237274446772e-08, -2.2118913367563664e-09, 9.313227966600834e-10, 1),
            ["RightFoot"] = CFrame.new(1.7437059796066023e-08, 4.76837158203125e-07, 3.580498741939664e-08, 0.9995013475418091, -0.0067030624486505985, 0.03085816279053688, 0.01963678002357483, 0.8972219824790955, -0.44114282727241516, -0.02472960390150547, 0.4415290057659149, 0.8969062566757202),
            ["RightHand"] = CFrame.new(-9.685754776000977e-08, 1.1920928955078125e-07, 2.1606683731079102e-07, 1, -2.9103830456733704e-09, -6.05359673500061e-09, -2.3283064365386963e-09, 1, -2.3283064365386963e-10, 5.9371814131736755e-09, 3.026798367500305e-09, 1),
            ["RightLowerLeg"] = CFrame.new(1.1920928955078125e-07, 0, -5.651236278936267e-08, 0.999765932559967, 0.021624380722641945, 0.0006963075138628483, -0.013658914715051651, 0.6058840155601501, 0.7954354882240295, 0.016778910532593727, -0.7952590584754944, 0.6060378551483154),
            ["RightUpperLeg"] = CFrame.new(-0.000025510787963867188, -0.00012552618863992393, -0.004997481591999531, 0.9946455955505371, -0.01042935624718666, -0.1028180867433548, -0.03661973029375076, 0.8947743773460388, -0.44501450657844543, 0.0966401994228363, 0.4463968873023987, 0.8896013498306274),
            ["LeftLowerLeg"] = CFrame.new(9.667564881965518e-08, -1.1920928955078125e-07, -5.029141902923584e-08, 0.9995017647743225, 0.0046640606597065926, 0.031218495219945908, -0.029280146583914757, 0.506432294845581, 0.8617824912071228, -0.01179063506424427, -0.8622671961784363, 0.5063164830207825),
        }},
        {Time = 0.150, Data = {
            ["LeftFoot"] = CFrame.new(-2.2249082576308865e-09, -5.960464477539063e-08, 7.747985364403576e-09, 0.9987237453460693, -0.015969475731253624, -0.047915007919073105, -0.004352183546870947, 0.9179560542106628, -0.39665845036506653, 0.050318267196416855, 0.3963606357574463, 0.9167149662971497),
            ["LeftLowerArm"] = CFrame.new(-5.960464477539063e-08, -3.5762786865234375e-07, -2.60770320892334e-08, 1, -7.543713564928112e-08, 3.5390257835388184e-08, 7.636845111846924e-08, 0.5217950940132141, -0.8530709147453308, 4.842877388000488e-08, 0.8530709743499756, 0.5217950344085693),
