return {
    ["Love It"] = {
        {Time = 0.000, Data = {
            ["LeftFoot"] = CFrame.new(2.2351741790771484e-08, 5.960464477539063e-08, 1.862645149230957e-09, 0.9403969645500183, -0.3048764765262604, -0.15067818760871887, 0.22792506217956543, 0.893857479095459, -0.3860948383808136, 0.25239601731300354, 0.3287390172481537, 0.9100698232650757),
            ["LeftLowerArm"] = CFrame.new(2.086162567138672e-07, 2.384185791015625e-07, -7.450580596923828e-09, 1, -1.4901161193847656e-08, 3.3527612686157227e-08, 2.3515895009040833e-08, 0.8815777897834778, -0.4720388352870941, -3.934837877750397e-08, 0.47203880548477173, 0.8815777897834778),
            ["LowerTorso"] = CFrame.new(0.0001602768898010254, -0.2410118579864502, -0.00003474205732345581, 0.8573548793792725, -0.1614905744791031, -0.4887365698814392, 0.12264319509267807, 0.9862534403800964, -0.11073832213878632, 0.49990126490592957, 0.03500182926654816, 0.8653748631477356),
            ["Head"] = CFrame.new(9.313225746154785e-10, -2.384185791015625e-07, -1.6763806343078613e-08, 0.9545283317565918, -0.006173362024128437, 0.2980562150478363, -0.022425943985581398, 0.9954659342765808, 0.0924375131726265, -0.2972754240036011, -0.09491840749979019, 0.9500620365142822),
            ["RightUpperArm"] = CFrame.new(0.0007191896438598633, -0.000041604042053222656, 0.000011086463928222656, 0.8901777863502502, -0.07824400812387466, -0.4488448202610016, 0.10667338222265244, 0.993553876876831, 0.03836206719279289, 0.4429498314857483, -0.082028828561306, 0.8927859663963318),
            ["UpperTorso"] = CFrame.new(-1.7229467630386353e-08, -1.4901161193847656e-07, -9.313225746154785e-10, 0.9672306180000305, 0.1412128210067749, 0.211007222533226, -0.14506421983242035, 0.9894182682037354, 0.002805531257763505, -0.20837822556495667, -0.03332321345806122, 0.9774805903434753),
            ["HumanoidRootPart"] = CFrame.new(0, 0, 0, 1, 0, 0, 0, 1, 0, 0, 0, 1),
            ["RightHand"] = CFrame.new(-2.980232238769531e-07, 0, -8.940696716308594e-08, 0.9963651299476624, 0.07676621526479721, 0.036927662789821625, -0.06473474204540253, 0.9640954732894897, -0.2575452923774719, -0.05537260323762894, 0.25421854853630066, 0.9655603766441345),
            ["LeftUpperArm"] = CFrame.new(-0.0018739700317382812, -0.000042319297790527344, 0.000011160969734191895, 0.8897349238395691, 0.07814852893352509, 0.4497385621070862, -0.10644321888685226, 0.9935951232910156, 0.037929244339466095, -0.4438938796520233, -0.08161856979131699, 0.8923546075820923),
            ["RightLowerArm"] = CFrame.new(-1.7881393432617188e-07, -5.960464477539063e-08, -2.2351741790771484e-08, 1, -1.043081283569336e-07, 1.862644971595273e-08, 1.1734664440155029e-07, 0.881618082523346, -0.47196343541145325, -6.007030606269836e-08, 0.471963495016098, 0.881618082523346),
            ["LeftHand"] = CFrame.new(8.195638656616211e-08, -1.1920928955078125e-07, -2.9802322387695312e-08, 0.9990237951278687, -0.010237089358270168, -0.04297490790486336, -0.0010130779119208455, 0.9672163724899292, -0.25395193696022034, 0.04416573420166969, 0.25374746322631836, 0.9662617444992065),
            ["RightUpperLeg"] = CFrame.new(0, -5.4016709327697754e-08, -1.6596459317952394e-08, 0.7641677856445312, 0.1795564442873001, 0.6195216774940491, 0.07150702178478241, 0.9309694766998291, -0.3580261766910553, -0.6410416960716248, 0.3178921341896057, 0.6985772252082825),
            ["LeftUpperLeg"] = CFrame.new(0, -9.406358003616333e-08, 1.4901161193847656e-08, 0.9101110696792603, 0.28745898604393005, -0.2984378933906555, -0.40160784125328064, 0.7892728447914124, -0.4644993543624878, 0.10202436149120331, 0.5426010489463806, 0.8337716460227966),
            ["RightLowerLeg"] = CFrame.new(-1.955777406692505e-08, 4.76837158203125e-07, -5.75528247281909e-09, 1, 3.725290653733282e-08, -2.719462486311386e-07, 1.8626454334480513e-07, 0.6622641086578369, 0.7492702603340149, 2.011657045386528e-07, -0.7492704391479492, 0.6622644662857056),
            ["RightFoot"] = CFrame.new(-5.960464477539063e-08, 2.980232238769531e-07, -9.480572771281004e-09, 0.9334511756896973, 0.32141801714897156, 0.15924657881259918, -0.2250043898820877, 0.8704096674919128, -0.4379040002822876, -0.27935996651649475, 0.3729309141635895, 0.88480544090271),
            ["LeftLowerLeg"] = CFrame.new(-7.450580596923828e-08, -5.960464477539063e-08, 2.9802322387695312e-08, 1, 3.874302478834579e-07, 1.937150670983101e-07, -3.427267074584961e-07, 0.39466550946235657, 0.9188248515129089, 1.7881393432617188e-07, -0.9188249111175537, 0.3946654498577118),
        }},
        {Time = 0.033, Data = {
            ["LeftFoot"] = CFrame.new(-2.9802322387695312e-08, -5.960464477539063e-08, 3.3527612686157227e-08, 0.9402945637702942, -0.3051303029060364, -0.150803804397583, 0.2559637427330017, 0.9259738922119141, -0.27758780121803284, 0.22434073686599731, 0.22241400182247162, 0.948790431022644),
            ["LeftLowerArm"] = CFrame.new(8.940696716308594e-08, 2.980232238769531e-07, -3.725290298461914e-08, 1, -2.607703493140434e-07, -7.450580596923828e-08, 1.9185245037078857e-07, 0.876642644405365, -0.48114213347435, 1.8533319234848022e-07, 0.4811420738697052, 0.8766425848007202),
            ["LowerTorso"] = CFrame.new(0.00015082955360412598, -0.1718846559524536, -0.0000341758131980896, 0.8581727743148804, -0.1519654542207718, -0.49035292863845825, 0.11458341777324677, 0.9877859950065613, -0.10559124499559402, 0.5004099607467651, 0.034429218620061874, 0.8651037812232971),
            ["Head"] = CFrame.new(-7.450580596923828e-09, -1.1920928955078125e-07, 2.2351741790771484e-08, 0.9544668197631836, -0.01566808670759201, 0.29790568351745605, -0.012504220008850098, 0.9956409335136414, 0.09242739528417587, -0.2980552613735199, -0.09194393455982208, 0.9501101970672607),
            ["RightUpperArm"] = CFrame.new(0.0007174015045166016, -0.00004220008850097656, 0.000009492039680480957, 0.8628031611442566, -0.14128237962722778, -0.48539698123931885, 0.15747003257274628, 0.9874951839447021, -0.007519714534282684, 0.4803895056247711, -0.06994742900133133, 0.8742616176605225),
            ["UpperTorso"] = CFrame.new(-9.313225746154785e-10, 1.4901161193847656e-07, -2.1420419216156006e-08, 0.9670342803001404, 0.1417272537946701, 0.211561381816864, -0.14551550149917603, 0.9893531799316406, 0.0023641809821128845, -0.20897388458251953, -0.03307171165943146, 0.9773618578910828),
            ["HumanoidRootPart"] = CFrame.new(0, 0, 0, 1, 0, 0, 0, 1, 0, 0, 0, 1),
            ["RightHand"] = CFrame.new(2.086162567138672e-07, -2.384185791015625e-07, -8.940696716308594e-08, 0.9870020151138306, 0.16065537929534912, 0.00411079078912735, -0.15781202912330627, 0.9737329483032227, -0.16413277387619019, -0.030371632426977158, 0.16135063767433167, 0.9864296913146973),
            ["LeftUpperArm"] = CFrame.new(-0.0018756389617919922, -0.000042557716369628906, 0.000009506940841674805, 0.8623381853103638, 0.14118441939353943, 0.48625093698501587, -0.15718360245227814, 0.9875372052192688, -0.00797835923731327, -0.48131734132766724, -0.06955061107873917, 0.8737828135490417),
            ["RightLowerArm"] = CFrame.new(-2.9802322387695312e-08, 1.7881393432617188e-07, -7.450580596923828e-08, 1, -1.3411046495548362e-07, 8.940696716308594e-08, 1.434236764907837e-07, 0.8767110705375671, -0.48101750016212463, -4.516914486885071e-08, 0.48101744055747986, 0.8767110109329224),
            ["LeftHand"] = CFrame.new(-2.2351741790771484e-08, -1.1920928955078125e-07, -5.960464477539063e-08, 0.9954618811607361, -0.09458422660827637, -0.010470674373209476, 0.09167931973934174, 0.9827018976211548, -0.16091035306453705, 0.02550915628671646, 0.15922003984451294, 0.9869135618209839),
            ["RightUpperLeg"] = CFrame.new(0, 8.475035429000854e-08, -1.6596459317952394e-08, 0.751682698726654, 0.15007157623767853, 0.6422238945960999, 0.07452128082513809, 0.9482049942016602, -0.308794230222702, -0.6553012132644653, 0.2799746096134186, 0.7015657424926758),
            ["LeftUpperLeg"] = CFrame.new(-5.960464477539063e-08, -5.960464477539063e-08, -2.9802322387695312e-08, 0.9170448780059814, 0.2881455719470978, -0.27568262815475464, -0.3860110342502594, 0.8149605393409729, -0.43224388360977173, 0.10012125968933105, 0.5028035640716553, 0.8585827350616455),
            ["RightLowerLeg"] = CFrame.new(3.585591912269592e-08, 1.7881393432617188e-07, -4.6733475755900145e-08, 1, -1.4901161193847656e-08, -2.4586918812019576e-07, 2.2351744632942427e-07, 0.7416983246803284, 0.6707334518432617, 1.266598843585598e-07, -0.670733630657196, 0.7416985630989075),
            ["RightFoot"] = CFrame.new(-4.470348358154297e-08, 1.7881393432617188e-07, 2.4047039914876223e-08, 0.9360126256942749, 0.3153804540634155, 0.15625527501106262, -0.2504492700099945, 0.9087309241294861, -0.33389103412628174, -0.24729666113853455, 0.27339231967926025, 0.9295704364776611),
            ["LeftLowerLeg"] = CFrame.new(-8.940696716308594e-08, 0, 5.960464477539063e-08, 1, -7.450580596923828e-08, 2.2351741790771484e-08, 5.960464477539063e-08, 0.4992000162601471, 0.8664868474006653, 0, -0.8664868474006653, 0.4992000460624695),
        }},
        {Time = 0.067, Data = {
            ["LeftFoot"] = CFrame.new(-1.4901161193847656e-08, -5.960464477539063e-08, 1.4901161193847656e-08, 0.93781578540802, -0.3112008571624756, -0.15380413830280304, 0.2811819911003113, 0.9408309459686279, -0.18913990259170532, 0.20356419682502747, 0.13413144648075104, 0.9698300957679749),
            ["LeftLowerArm"] = CFrame.new(-8.940696716308594e-08, -4.76837158203125e-07, -3.725290298461914e-08, 1, -1.9371509552001953e-07, -1.4156103134155273e-07, 9.685754776000977e-08, 0.8869321942329407, -0.4618997871875763, 2.2351741790771484e-07, 0.46189969778060913, 0.8869321942329407),
            ["LowerTorso"] = CFrame.new(0.00012639164924621582, -0.10844135284423828, -0.00003273040056228638, 0.8599111437797546, -0.12734843790531158, -0.49430274963378906, 0.09377596527338028, 0.991309642791748, -0.09225669503211975, 0.5017558336257935, 0.0329788513481617, 0.864380419254303),
            ["Head"] = CFrame.new(-3.725290298461914e-09, 1.1920928955078125e-07, -2.9802322387695312e-08, 0.9542998671531677, -0.02565724588930607, 0.2977477014064789, -0.0020633249077945948, 0.9957184791564941, 0.0924152210354805, -0.29884397983551025, -0.08880618959665298, 0.9501609206199646),
            ["RightUpperArm"] = CFrame.new(0.0007697343826293945, -0.00003504753112792969, -0.000013530254364013672, 0.8375695943832397, -0.19813670217990875, -0.5091356635093689, 0.1975070983171463, 0.978702962398529, -0.055959660559892654, 0.5093802213668823, -0.05368778854608536, 0.8588652014732361),
            ["UpperTorso"] = CFrame.new(-3.259629011154175e-09, -1.4901161193847656e-07, 1.1175870895385742e-08, 0.9682418704032898, 0.13004201650619507, 0.21353435516357422, -0.13237230479717255, 0.9911943078041077, -0.0034116730093955994, -0.21209768950939178, -0.024962706491351128, 0.9769296646118164),
            ["HumanoidRootPart"] = CFrame.new(0, 0, 0, 1, 0, 0, 0, 1, 0, 0, 0, 1),
            ["RightHand"] = CFrame.new(-2.086162567138672e-07, 0, 5.960464477539063e-08, 0.9736368060112, 0.22759439051151276, -0.015237614512443542, -0.22791780531406403, 0.9679713249206543, -0.10528579354286194, -0.009212939068675041, 0.10598312318325043, 0.9943253397941589),
            ["LeftUpperArm"] = CFrame.new(-0.0018235445022583008, -0.00003516674041748047, -0.000013500452041625977, 0.8371080160140991, 0.19815874099731445, 0.5098857283592224, -0.1972142904996872, 0.9787259697914124, -0.05658797547221184, -0.5102517008781433, -0.05318649858236313, 0.8583790063858032),
            ["RightLowerArm"] = CFrame.new(-2.9802322387695312e-08, 3.5762786865234375e-07, -5.960464477539063e-08, 1, -8.940695295223122e-08, 2.2351741790771484e-08, 5.4016702222270396e-08, 0.8868560194969177, -0.46204596757888794, 5.587934559514451e-09, 0.4620457887649536, 0.8868560194969177),
            ["LeftHand"] = CFrame.new(-1.043081283569336e-07, 1.1920928955078125e-07, 2.086162567138672e-07, 0.9867091178894043, -0.16226232051849365, 0.008722634054720402, 0.162295401096344, 0.9813956618309021, -0.1025814563035965, 0.008084709756076336, 0.10263357311487198, 0.9946863651275635),
            ["RightUpperLeg"] = CFrame.new(0, -6.891787052154541e-08, -1.6952981241047382e-09, 0.7361430525779724, 0.11563334614038467, 0.6668751239776611, 0.09328946471214294, 0.9585583806037903, -0.2691895365715027, -0.6703659892082214, 0.2603743374347687, 0.6948487162590027),
            ["LeftUpperLeg"] = CFrame.new(0, -3.818422555923462e-08, 2.9802322387695312e-08, 0.9303306341171265, 0.286102294921875, -0.22941341996192932, -0.35726332664489746, 0.8482518196105957, -0.39093708992004395, 0.08275234699249268, 0.4456616938114166, 0.8913684487342834),
            ["RightLowerLeg"] = CFrame.new(3.166496753692627e-08, 4.76837158203125e-07, -4.952744347974658e-08, 1, -1.564622067462551e-07, -2.4586915969848633e-07, 2.7567151050789107e-07, 0.7968884706497192, 0.6041262745857239, 1.0430814256778831e-07, -0.604126513004303, 0.7968885898590088),
            ["RightFoot"] = CFrame.new(2.2351741790771484e-08, 2.384185791015625e-07, -5.045876605436206e-08, 0.9403257966041565, 0.30490466952323914, 0.15106503665447235, -0.2653175890445709, 0.9349443912506104, -0.23555345833301544, -0.2130586951971054, 0.18141697347164154, 0.9600489735603333),
            ["LeftLowerLeg"] = CFrame.new(-5.960464477539063e-08, -5.960464477539063e-08, -1.341104507446289e-07, 1, 4.470348358154297e-08, -4.470348358154297e-08, -4.4703490686970326e-08, 0.6194609999656677, 0.7850275039672852, 1.0430814256778831e-07, -0.7850275039672852, 0.6194609999656677),
        }},
        {Time = 0.100, Data = {
            ["LeftFoot"] = CFrame.new(-3.725290298461914e-08, -1.1920928955078125e-07, -5.587935447692871e-08, 0.9283338189125061, -0.3332672417163849, -0.16471005976200104, 0.3166266977787018, 0.9410026669502258, -0.11942226439714432, 0.19479192793369293, 0.05871213227510452, 0.9790858626365662),
            ["LeftLowerArm"] = CFrame.new(-2.9802322387695312e-08, -1.1920928955078125e-07, 3.725290298461914e-08, 1, -1.4901162614933128e-07, -6.705522537231445e-08, 1.1175870895385742e-07, 0.8962408304214478, -0.4435678720474243, 1.0617077350616455e-07, 0.44356799125671387, 0.896240770816803),
            ["LowerTorso"] = CFrame.new(0.00009287893772125244, -0.06204354763031006, -0.00003082677721977234, 0.8614250421524048, -0.09358315914869308, -0.4991885721683502, 0.06528934091329575, 0.9951269030570984, -0.07389042526483536, 0.5036709308624268, 0.03105936013162136, 0.8633370995521545),
            ["Head"] = CFrame.new(0, 0, 3.725290298461914e-09, 0.9540441036224365, -0.035148706287145615, 0.29759782552719116, 0.007859780453145504, 0.9956907629966736, 0.09240210056304932, -0.29956313967704773, -0.0858166292309761, 0.9502092003822327),
            ["RightUpperArm"] = CFrame.new(0.0008578300476074219, -0.000024437904357910156, -0.000050008296966552734, 0.825843870639801, -0.22411184012889862, -0.5174514651298523, 0.22256329655647278, 0.9726772308349609, -0.0660659596323967, 0.5181193351745605, -0.06060555949807167, 0.8531585335731506),
            ["UpperTorso"] = CFrame.new(1.862645149230957e-09, 2.9802322387695312e-08, 9.313225746154785e-10, 0.9700130820274353, 0.1103215366601944, 0.21657311916351318, -0.11022431403398514, 0.9938272833824158, -0.012566378340125084, -0.21662263572216034, -0.011682062409818172, 0.9761855602264404),
            ["HumanoidRootPart"] = CFrame.new(0, 0, 0, 1, 0, 0, 0, 1, 0, 0, 0, 1),
            ["RightHand"] = CFrame.new(-2.384185791015625e-07, 0, 2.9802322387695312e-08, 0.9650220274925232, 0.26062116026878357, -0.02844534069299698, -0.2621678411960602, 0.9596255421638489, -0.10191690921783447, 0.0007351674139499664, 0.1058095395565033, 0.9943861961364746),
            ["LeftUpperArm"] = CFrame.new(-0.0017352104187011719, -0.00002491474151611328, -0.00005002319812774658, 0.825371503829956, 0.2241157591342926, 0.5182028412818909, -0.22226212918758392, 0.9727047085762024, -0.0666719600558281, -0.5190004706382751, -0.06014774739742279, 0.8526551127433777),
            ["RightLowerArm"] = CFrame.new(1.1920928955078125e-07, 0, -8.940696716308594e-08, 1, -4.470348358154297e-08, -2.9802322387695312e-08, 2.2351741790771484e-08, 0.8962138891220093, -0.4436222314834595, -1.6763806343078613e-08, 0.4436222314834595, 0.896213948726654),
            ["LeftHand"] = CFrame.new(-2.9802322387695312e-08, -5.960464477539063e-08, -1.4901161193847656e-07, 0.9803962111473083, -0.19582341611385345, 0.02183043397963047, 0.19702787697315216, 0.9753508567810059, -0.09935177862644196, -0.0018369522877037525, 0.1017051711678505, 0.9948129057884216),
            ["RightUpperLeg"] = CFrame.new(0, -5.3085386753082275e-08, 1.3205863069742918e-08, 0.7185505032539368, 0.08952300250530243, 0.6896889805793762, 0.12110036611557007, 0.960425615310669, -0.25083330273628235, -0.68485027551651, 0.2637579143047333, 0.6792730093002319),
            ["LeftUpperLeg"] = CFrame.new(0, 1.0617077350616455e-07, 1.4901161193847656e-08, 0.9440938234329224, 0.28060272336006165, -0.17305800318717957, -0.32527217268943787, 0.8783469200134277, -0.35029247403144836, 0.053711943328380585, 0.3869999349117279, 0.9205141067504883),
            ["RightLowerLeg"] = CFrame.new(3.899913281202316e-08, 1.7881393432617188e-07, 4.1974999476224184e-08, 1, 2.2351745343485163e-08, -2.8312206268310547e-07, 1.4156103134155273e-07, 0.8179495930671692, 0.575289785861969, 2.1606683731079102e-07, -0.5752900838851929, 0.8179497122764587),
            ["RightFoot"] = CFrame.new(1.3783574104309082e-07, 2.980232238769531e-07, 2.4047039914876223e-08, 0.9484329223632812, 0.2840290069580078, 0.14072220027446747, -0.25964561104774475, 0.9507859945297241, -0.16908615827560425, -0.18182195723056793, 0.12382914870977402, 0.9755035638809204),
            ["LeftLowerLeg"] = CFrame.new(2.9802322387695312e-08, -1.7881393432617188e-07, -4.470348358154297e-08, 1, 5.960464477539063e-08, 2.980232594040899e-08, -4.470348358154297e-08, 0.7282730340957642, 0.6852871179580688, -3.725290298461914e-08, -0.6852871179580688, 0.7282730340957642),
        }},
        {Time = 0.133, Data = {
            ["LeftFoot"] = CFrame.new(4.470348358154297e-08, -5.960464477539063e-08, -3.725290298461914e-08, 0.9171968698501587, -0.3571914732456207, -0.17653392255306244, 0.34764155745506287, 0.9339082837104797, -0.08343032002449036, 0.19466708600521088, 0.01515154354274273, 0.9807523488998413),
            ["LeftLowerArm"] = CFrame.new(-2.9802322387695312e-08, 4.172325134277344e-07, 1.4901161193847656e-08, 1, -1.4901162614933128e-07, -3.725290653733282e-08, 1.0710211029163474e-07, 0.8968027830123901, -0.44243064522743225, 9.499491682163352e-08, 0.44243064522743225, 0.8968027830123901),
            ["LowerTorso"] = CFrame.new(0.000056274235248565674, -0.04405403137207031, -0.00002884119749069214, 0.8619318604469299, -0.05669655650854111, -0.5038442015647888, 0.034239478409290314, 0.9979685544967651, -0.05372551083564758, 0.5058667063713074, 0.0290563702583313, 0.8621221780776978),
            ["Head"] = CFrame.new(4.656612873077393e-10, 3.5762786865234375e-07, 2.3632310330867767e-08, 0.9537549614906311, -0.043151769787073135, 0.29747191071510315, 0.01622859388589859, 0.9955906867980957, 0.09238990396261215, -0.3001471161842346, -0.08328976482152939, 0.9502497315406799),
            ["RightUpperArm"] = CFrame.new(0.0009634494781494141, -0.000015020370483398438, -0.00009213387966156006, 0.8275465965270996, -0.2200775146484375, -0.5164616703987122, 0.24370436370372772, 0.9695846438407898, -0.022667940706014633, 0.505742073059082, -0.10710515081882477, 0.8560102581977844),
            ["UpperTorso"] = CFrame.new(0, 2.9802322387695312e-08, 0, 0.9715718626976013, 0.08673945814371109, 0.22028259932994843, -0.08368756622076035, 0.9962227940559387, -0.023167215287685394, -0.22146004438400269, 0.004073700401932001, 0.9751610159873962),
            ["HumanoidRootPart"] = CFrame.new(0, 0, 0, 1, 0, 0, 0, 1, 0, 0, 0, 1),
            ["RightHand"] = CFrame.new(5.960464477539063e-08, -2.384185791015625e-07, 1.7881393432617188e-07, 0.9674796462059021, 0.2499844878911972, -0.03861233964562416, -0.2529429793357849, 0.9550802707672119, -0.15440736711025238, -0.0017215795814990997, 0.1591527760028839, 0.9872524738311768),
            ["LeftUpperArm"] = CFrame.new(-0.0016295909881591797, -0.000014543533325195312, -0.00009213387966156006, 0.8270735740661621, 0.220078706741333, 0.517218291759491, -0.24344801902770996, 0.9696343541145325, -0.023290840908885002, -0.5066384077072144, -0.10665251314640045, 0.8555365800857544),
            ["RightLowerArm"] = CFrame.new(0, -1.1920928955078125e-07, -1.043081283569336e-07, 1, -7.450580596923828e-08, 7.450581485102248e-09, 7.450579886381092e-08, 0.8967796564102173, -0.4424774646759033, -2.1420417439799166e-08, 0.44247740507125854, 0.8967797160148621),
            ["LeftHand"] = CFrame.new(-6.705522537231445e-08, 3.5762786865234375e-07, -4.470348358154297e-08, 0.9821911454200745, -0.18513236939907074, 0.03204185888171196, 0.18786096572875977, 0.9703930020332336, -0.15180854499340057, -0.002988517750054598, 0.1551244556903839, 0.9878904819488525),
            ["RightUpperLeg"] = CFrame.new(0, 2.0954757928848267e-08, -9.145878721028566e-09, 0.6998890042304993, 0.08582329750061035, 0.7090767025947571, 0.15104073286056519, 0.9525198936462402, -0.2643722891807556, -0.69809889793396, 0.29213061928749084, 0.6536954045295715),
            ["LeftUpperLeg"] = CFrame.new(0, -8.800998330116272e-08, 0, 0.955668568611145, 0.2662866711616516, -0.12565423548221588, -0.29339635372161865, 0.8971766233444214, -0.3301404118537903, 0.024822043254971504, 0.35237130522727966, 0.9355310797691345),
            ["RightLowerLeg"] = CFrame.new(7.729977369308472e-08, 3.5762786865234375e-07, -3.55576048605144e-08, 1, 1.4901164746561335e-08, -6.705523247774181e-08, 4.4703490686970326e-08, 0.7948505282402039, 0.6068050265312195, 5.2154071283894154e-08, -0.6068053245544434, 0.794850766658783),
            ["RightFoot"] = CFrame.new(2.9802322387695312e-08, 3.5762786865234375e-07, 1.6952981241047382e-09, 0.9616691470146179, 0.24570859968662262, 0.1217365711927414, -0.22526079416275024, 0.9610310792922974, -0.16024036705493927, -0.15636497735977173, 0.12667591869831085, 0.9795424342155457),
            ["LeftLowerLeg"] = CFrame.new(2.9802322387695312e-08, 5.960464477539063e-08, 1.043081283569336e-07, 1, 1.4156103134155273e-07, 2.60770320892334e-08, -1.3085082173347473e-07, 0.7907166481018066, 0.6121824979782104, 8.195638656616211e-08, -0.6121824383735657, 0.7907165884971619),
        }},
        {Time = 0.167, Data = {
            ["LeftFoot"] = CFrame.new(-5.21540641784668e-08, -1.7881393432617188e-07, 4.470348358154297e-08, 0.9120573997497559, -0.36761602759361267, -0.18168582022190094, 0.3577427864074707, 0.9298853874206543, -0.08563537150621414, 0.20042793452739716, 0.01310762669891119, 0.9796207547187805),
            ["LeftLowerArm"] = CFrame.new(-1.4901161193847656e-07, -5.960464477539063e-08, -2.2351741790771484e-08, 1, -2.384185791015625e-07, -1.9371509552001953e-07, 8.66129994392395e-08, 0.8744502663612366, -0.4851153492927551, 2.6402994990348816e-07, 0.48511525988578796, 0.8744502067565918),
            ["LowerTorso"] = CFrame.new(0.000022105872631072998, -0.05272233486175537, -0.00002707168459892273, 0.8613612055778503, -0.022271202877163887, -0.5075045228004456, 0.005331658758223057, 0.9993798136711121, -0.03480738773941994, 0.5079649686813354, 0.027275891974568367, 0.8609457612037659),
            ["Head"] = CFrame.new(1.30385160446167e-08, 0, 2.0489096641540527e-08, 0.9535158276557922, -0.048677776008844376, 0.29738563299179077, 0.022008048370480537, 0.995480477809906, 0.09238092601299286, -0.30053845047950745, -0.08154179155826569, 0.9502776861190796),
            ["RightUpperArm"] = CFrame.new(0.001069784164428711, -0.000008463859558105469, -0.00013329088687896729, 0.8305668830871582, -0.18803256750106812, -0.5242159962654114, 0.2532559335231781, 0.9658451080322266, 0.05481649562716484, 0.49600422382354736, -0.17828957736492157, 0.8498192429542542),
            ["UpperTorso"] = CFrame.new(2.3283064365386963e-09, -2.086162567138672e-07, 5.587935447692871e-09, 0.972527801990509, 0.06304468959569931, 0.2240871787071228, -0.056957002729177475, 0.9978134036064148, -0.03353404998779297, -0.22571136057376862, 0.019849471747875214, 0.9739919900894165),
            ["HumanoidRootPart"] = CFrame.new(0, 0, 0, 1, 0, 0, 0, 1, 0, 0, 0, 1),
            ["RightHand"] = CFrame.new(2.9802322387695312e-08, 5.960464477539063e-08, -1.4901161193847656e-07, 0.9766484498977661, 0.2127162367105484, -0.03015865758061409, -0.21437573432922363, 0.9556142687797546, -0.20210063457489014, -0.014170059002935886, 0.2038464993238449, 0.9789003133773804),
            ["LeftUpperArm"] = CFrame.new(-0.0015230178833007812, -0.000008702278137207031, -0.0001334547996520996, 0.8300748467445374, 0.18794666230678558, 0.5250256061553955, -0.2530360221862793, 0.9659333229064941, 0.05427326634526253, -0.49693921208381653, -0.1779012233018875, 0.8493542671203613),
            ["RightLowerArm"] = CFrame.new(-5.960464477539063e-08, 3.5762786865234375e-07, -1.862645149230957e-07, 1, 2.9802322387695312e-08, -2.2351741790771484e-08, -1.4901162970204496e-08, 0.8745290040969849, -0.48497334122657776, -1.0710210496256423e-08, 0.484973281621933, 0.8745290040969849),
            ["LeftHand"] = CFrame.new(2.2351741790771484e-08, 0, -2.2351741790771484e-07, 0.9887971878051758, -0.14737656712532043, 0.02367381379008293, 0.14912737905979156, 0.9685453176498413, -0.1992013156414032, 0.0064284661784768105, 0.20049993693828583, 0.9796726107597351),
            ["RightUpperLeg"] = CFrame.new(0, -1.471489667892456e-07, -1.6952981241047382e-09, 0.6826785802841187, 0.0919751450419426, 0.7249072790145874, 0.17649923264980316, 0.9419174194335938, -0.2857266366481781, -0.7090825438499451, 0.32300493121147156, 0.6267932653427124),
            ["LeftUpperLeg"] = CFrame.new(2.9802322387695312e-08, -1.9045546650886536e-07, 7.450580596923828e-09, 0.9644383788108826, 0.24409519135951996, -0.1013721153140068, -0.26419228315353394, 0.9016437530517578, -0.34240469336509705, 0.007822164334356785, 0.35700997710227966, 0.9340678453445435),
            ["RightLowerLeg"] = CFrame.new(-4.842877388000488e-08, 2.384185791015625e-07, 1.845910446718335e-08, 1, 3.725290653733282e-08, -2.6822092991096724e-07, 1.3411046495548362e-07, 0.751124918460846, 0.6601599454879761, 2.011657045386528e-07, -0.6601601243019104, 0.751125156879425),
            ["RightFoot"] = CFrame.new(-4.470348358154297e-08, 1.7881393432617188e-07, 1.6596459317952394e-08, 0.9774702191352844, 0.1891326755285263, 0.0937059298157692, -0.166903555393219, 0.9643446803092957, -0.20538395643234253, -0.12920954823493958, 0.18511700630187988, 0.9741851091384888),
            ["LeftLowerLeg"] = CFrame.new(5.960464477539063e-08, 5.960464477539063e-08, -7.450580596923828e-08, 1, -8.195639367158947e-08, -1.862645149230957e-07, 1.0244548320770264e-07, 0.7987580895423889, 0.6016525030136108, 8.195638656616211e-08, -0.6016524434089661, 0.7987579703330994),
        }},
        {Time = 0.200, Data = {
            ["LeftFoot"] = CFrame.new(-8.940696716308594e-08, 5.960464477539063e-08, -3.725290298461914e-08, 0.9148720502853394, -0.36195141077041626, -0.17888639867305756, 0.3447001576423645, 0.9309207797050476, -0.1206994354724884, 0.21021634340286255, 0.048762403428554535, 0.9764381647109985),
            ["LeftLowerArm"] = CFrame.new(2.9802322387695312e-08, 4.76837158203125e-07, 5.587935447692871e-08, 1, -2.2351745343485163e-08, -1.9371512394172896e-07, -7.450580596923828e-08, 0.7963256239891052, -0.6048682332038879, 2.0116567611694336e-07, 0.6048682928085327, 0.7963256239891052),
            ["LowerTorso"] = CFrame.new(-0.00000606197863817215, -0.0750739574432373, -0.000025678426027297974, 0.8601645231246948, 0.006107754539698362, -0.5099800825119019, -0.018445555120706558, 0.9996466636657715, -0.019139211624860764, 0.5096830129623413, 0.025869736447930336, 0.8599732518196106),
            ["Head"] = CFrame.new(-1.4901161193847656e-08, 3.5762786865234375e-07, -2.60770320892334e-08, 0.953417956829071, -0.050739459693431854, 0.29735448956489563, 0.02416427992284298, 0.9954307675361633, 0.09237783402204514, -0.30068299174308777, -0.08088932931423187, 0.9502877593040466),
            ["RightUpperArm"] = CFrame.new(0.0011675357818603516, -0.0000057220458984375, -0.00017023086547851562, 0.8316988945007324, -0.10389716923236847, -0.545419454574585, 0.22444164752960205, 0.9614109992980957, 0.1591068059206009, 0.5078415870666504, -0.2547437846660614, 0.8229232430458069),
            ["UpperTorso"] = CFrame.new(4.6566128730773926e-09, 0, 2.2118911147117615e-09, 0.9728972315788269, 0.041301872581243515, 0.2275194525718689, -0.03238987922668457, 0.9985598921775818, -0.04276718944311142, -0.22895821928977966, 0.03423875570297241, 0.9728339314460754),
            ["HumanoidRootPart"] = CFrame.new(0, 0, 0, 1, 0, 0, 0, 1, 0, 0, 0, 1),
            ["RightHand"] = CFrame.new(-8.940696716308594e-08, 0, -5.960464477539063e-08, 0.9846853613853455, 0.17419011890888214, 0.007262305356562138, -0.17007604241371155, 0.9689183831214905, -0.17964227497577667, -0.03832848742604256, 0.1756560057401657, 0.9837052822113037),
            ["LeftUpperArm"] = CFrame.new(-0.0014253854751586914, -0.000005245208740234375, -0.00017021596431732178, 0.8311941027641296, 0.1038258820772171, 0.5462020635604858, -0.22427316009998322, 0.9615480899810791, 0.15851448476314545, -0.5087416172027588, -0.2542547583580017, 0.8225184082984924),
            ["RightLowerArm"] = CFrame.new(1.1920928955078125e-07, 1.1920928955078125e-07, 6.146728992462158e-08, 1, -1.341104365337742e-07, 4.4703490686970326e-08, 1.3114184582718735e-07, 0.7963076829910278, -0.604891836643219, 3.352760913344355e-08, 0.6048917770385742, 0.7963077425956726),
            ["LeftHand"] = CFrame.new(1.4901161193847656e-07, 0, -4.470348358154297e-08, 0.9940240383148193, -0.10831306874752045, -0.013586819171905518, 0.10423518717288971, 0.9787509441375732, -0.17658360302448273, 0.032424431294202805, 0.17411193251609802, 0.98419189453125),
            ["RightUpperLeg"] = CFrame.new(0, -2.3283064365386963e-10, -1.6952981241047382e-09, 0.6751394271850586, 0.08055612444877625, 0.7332786917686462, 0.199906587600708, 0.9368468523025513, -0.2869763970375061, -0.7100874781608582, 0.3403361737728119, 0.6163984537124634),
            ["LeftUpperLeg"] = CFrame.new(0, -9.685754776000977e-08, -3.725290298461914e-09, 0.971207857131958, 0.22071805596351624, -0.0896606594324112, -0.23822765052318573, 0.9025509357452393, -0.35867732763290405, 0.0017567684408277273, 0.3697098195552826, 0.9291456937789917),
            ["RightLowerLeg"] = CFrame.new(8.009374141693115e-08, 2.980232238769531e-07, -4.6733475755900145e-08, 1, -1.4156103134155273e-07, -3.2782554626464844e-07, 3.9488071479354403e-07, 0.7270869612693787, 0.6865451335906982, 1.4156101713069802e-07, -0.6865453720092773, 0.7270871996879578),
            ["RightFoot"] = CFrame.new(-3.725290298461914e-08, 2.980232238769531e-07, -2.8107024263590574e-08, 0.985129714012146, 0.15395274758338928, 0.07627605646848679, -0.12721993029117584, 0.9520025253295898, -0.27839940786361694, -0.1154753789305687, 0.26455581188201904, 0.957431972026825),
            ["LeftLowerLeg"] = CFrame.new(-5.960464477539063e-08, 0, 0, 1, 3.241002275444771e-07, 7.450580596923828e-09, -3.3574178814888e-07, 0.7878375053405762, 0.6158831119537354, 1.7881393432617188e-07, -0.6158831715583801, 0.7878375053405762),
        }},
        {Time = 0.233, Data = {
            ["LeftFoot"] = CFrame.new(-2.2351741790771484e-08, 1.1920928955078125e-07, -8.940696716308594e-08, 0.9203618764877319, -0.3505876362323761, -0.17327004671096802, 0.3188253939151764, 0.9292459487915039, -0.18668781220912933, 0.2264609932899475, 0.11657746881246567, 0.9670187830924988),
            ["LeftLowerArm"] = CFrame.new(5.960464477539063e-08, 1.7881393432617188e-07, 3.166496753692627e-08, 1, -1.564621925354004e-07, -9.685756197086448e-08, 4.0978193283081055e-08, 0.7464128732681274, -0.6654831767082214, 2.5704503059387207e-07, 0.6654831171035767, 0.7464128136634827),
            ["LowerTorso"] = CFrame.new(-0.000025179237127304077, -0.1056356430053711, -0.00002475827932357788, 0.8589792847633362, 0.025367332622408867, -0.5113815665245056, -0.034555379301309586, 0.9993668794631958, -0.008469373919069767, 0.5108429789543152, 0.024946000427007675, 0.8593120574951172),
            ["Head"] = CFrame.new(-1.4901161193847656e-08, 1.1920928955078125e-07, -1.862645149230957e-09, 0.9534391164779663, -0.050184786319732666, 0.2973807752132416, 0.023594912141561508, 0.9954479932785034, 0.0923396423459053, -0.3006611466407776, -0.08102355152368546, 0.9502831697463989),
            ["RightUpperArm"] = CFrame.new(0.001241922378540039, -0.00000476837158203125, -0.00019726157188415527, 0.8169028759002686, 0.0016784369945526123, -0.576772928237915, 0.14570216834545135, 0.9669622778892517, 0.20917671918869019, 0.5580687522888184, -0.2549141049385071, 0.7896696329116821),
            ["UpperTorso"] = CFrame.new(-6.05359673500061e-09, 2.086162567138672e-07, 1.862645149230957e-09, 0.972861111164093, 0.024794351309537888, 0.230057954788208, -0.013734357431530952, 0.9986770749092102, -0.04955247789621353, -0.23098225891590118, 0.04504797235131264, 0.9719145894050598),
            ["HumanoidRootPart"] = CFrame.new(0, 0, 0, 1, 0, 0, 0, 1, 0, 0, 0, 1),
            ["RightHand"] = CFrame.new(7.450580596923828e-08, -5.960464477539063e-08, -8.940696716308594e-08, 0.9872916340827942, 0.15483950078487396, 0.03577779233455658, -0.14946116507053375, 0.9812037348747253, -0.12206844985485077, -0.05400636047124863, 0.11516973376274109, 0.9918766021728516),
            ["LeftUpperArm"] = CFrame.new(-0.001350998878479004, -0.0000057220458984375, -0.00019721686840057373, 0.8163407444953918, -0.0017577558755874634, 0.577567994594574, -0.14554175734519958, 0.9670994281768799, 0.2086534947156906, -0.5589324235916138, -0.2543925940990448, 0.7892268896102905),
            ["RightLowerArm"] = CFrame.new(1.1920928955078125e-07, -2.384185791015625e-07, -7.450580596923828e-08, 1, -1.862644971595273e-08, -2.607702853651972e-08, 0, 0.7463867664337158, -0.6655124425888062, 2.514570951461792e-08, 0.6655125021934509, 0.7463868260383606),
            ["LeftHand"] = CFrame.new(-2.1606683731079102e-07, 0, -5.960464477539063e-08, 0.995168924331665, -0.08871710300445557, -0.042049940675497055, 0.08318156003952026, 0.9894188642501831, -0.11887453496456146, 0.05215122178196907, 0.11480239033699036, 0.992018461227417),
            ["RightUpperLeg"] = CFrame.new(0, 1.6391277313232422e-07, 1.879379851743579e-08, 0.6782518625259399, 0.05669625103473663, 0.7326390147209167, 0.22006650269031525, 0.9355865716934204, -0.27613162994384766, -0.7011029124259949, 0.34851598739624023, 0.6220862865447998),
            ["LeftUpperLeg"] = CFrame.new(0, 1.7229467630386353e-07, -2.0489096641540527e-08, 0.9756962656974792, 0.20354527235031128, -0.08115536719560623, -0.219125896692276, 0.904854953289032, -0.36499497294425964, -0.0008591940859332681, 0.3739073872566223, 0.9274656176567078),
            ["RightLowerLeg"] = CFrame.new(2.8870999813079834e-08, 2.980232238769531e-07, -5.790934665128589e-08, 1, -1.6391278734317893e-07, -2.309680269263481e-07, 2.6822092991096724e-07, 0.7225396037101746, 0.6913292407989502, 2.980232594040899e-08, -0.6913295388221741, 0.7225398421287537),
            ["RightFoot"] = CFrame.new(-3.3527612686157227e-08, 3.5762786865234375e-07, 3.894820110872388e-08, 0.9859632253646851, 0.14960716664791107, 0.07412286847829819, -0.11329197883605957, 0.9255848526954651, -0.36118900775909424, -0.12264347076416016, 0.34772172570228577, 0.929542064666748),
            ["LeftLowerLeg"] = CFrame.new(8.940696716308594e-08, -5.960464477539063e-08, -1.4901161193847656e-08, 1, -6.332993507385254e-08, -5.960464477539063e-08, 7.404014468193054e-08, 0.7754880785942078, 0.6313621997833252, -4.470348358154297e-08, -0.63136225938797, 0.7754880785942078),
        }},
        {Time = 0.267, Data = {
            ["LeftFoot"] = CFrame.new(2.9802322387695312e-08, 5.960464477539063e-08, -1.5133991837501526e-08, 0.927240252494812, -0.3357052505016327, -0.16591480374336243, 0.286149263381958, 0.9210034012794495, -0.26433202624320984, 0.2415456771850586, 0.19762283563613892, 0.9500531554222107),
            ["LeftLowerArm"] = CFrame.new(0, 1.1920928955078125e-07, 2.9802322387695312e-08, 1, -2.011657045386528e-07, -1.3597311010471458e-07, 5.681066994611683e-08, 0.7998769283294678, -0.6001641154289246, 2.7380880851524125e-07, 0.6001641154289246, 0.7998769879341125),
            ["LowerTorso"] = CFrame.new(-0.00003221631050109863, -0.13893437385559082, -0.00002442672848701477, 0.8584674596786499, 0.03246213495731354, -0.511839747428894, -0.04048445448279381, 0.9991698861122131, -0.004531498532742262, 0.5112677812576294, 0.024611692875623703, 0.8590690493583679),
            ["Head"] = CFrame.new(1.1175870895385742e-08, 0, -1.955777406692505e-08, 0.9535051584243774, -0.048479534685611725, 0.29745200276374817, 0.0218415055423975, 0.9954977631568909, 0.09223432093858719, -0.3005842864513397, -0.08144909888505936, 0.9502711892127991),
            ["RightUpperArm"] = CFrame.new(0.001275181770324707, -0.0000057220458984375, -0.00020857155323028564, 0.7775248885154724, 0.06086120009422302, -0.6259002089500427, 0.061950650066137314, 0.9830510020256042, 0.1725480556488037, 0.6257932782173157, -0.17293532192707062, 0.7605763077735901),
            ["UpperTorso"] = CFrame.new(-3.259629011154175e-09, 2.086162567138672e-07, 4.656612873077393e-10, 0.9727787375450134, 0.017343100160360336, 0.23108617961406708, -0.005352648440748453, 0.9986111521720886, -0.0524137057363987, -0.23167432844638824, 0.049750011414289474, 0.9715204834938049),
            ["HumanoidRootPart"] = CFrame.new(0, 0, 0, 1, 0, 0, 0, 1, 0, 0, 0, 1),
            ["RightHand"] = CFrame.new(-1.601874828338623e-07, 1.1920928955078125e-07, -5.960464477539063e-08, 0.9877460598945618, 0.15310519933700562, 0.03027607500553131, -0.14922933280467987, 0.9833142161369324, -0.10403726994991302, -0.045699551701545715, 0.09824433922767639, 0.994112491607666),
            ["LeftUpperArm"] = CFrame.new(-0.0013178586959838867, -0.0000054836273193359375, -0.0002085566520690918, 0.776883602142334, -0.060880355536937714, 0.6266940832138062, -0.061791419982910156, 0.9831383228302002, 0.17210718989372253, -0.6266049146652222, -0.1724315732717514, 0.7600221633911133),
            ["RightLowerArm"] = CFrame.new(0, -2.384185791015625e-07, -2.9802322387695312e-08, 1, -6.332993507385254e-08, 4.190951941041021e-08, 6.332993507385254e-08, 0.7998580932617188, -0.6001891493797302, 3.073364496231079e-08, 0.6001891493797302, 0.7998582124710083),
            ["LeftHand"] = CFrame.new(2.2351741790771484e-08, 5.960464477539063e-08, -1.4901161193847656e-08, 0.9955436587333679, -0.086919866502285, -0.03657497093081474, 0.08285780996084213, 0.9914472699165344, -0.10083143413066864, 0.04502636566758156, 0.09735152125358582, 0.994231104850769),
            ["RightUpperLeg"] = CFrame.new(-2.9802322387695312e-08, 1.825392246246338e-07, -1.287116901949048e-08, 0.6863882541656494, 0.041151586920022964, 0.7260700464248657, 0.2306324988603592, 0.9345428347587585, -0.2709951400756836, -0.6896954774856567, 0.3534631133079529, 0.6319683194160461),
            ["LeftUpperLeg"] = CFrame.new(0, 2.4260953068733215e-07, 1.3969838619232178e-08, 0.9774343371391296, 0.19510801136493683, -0.08096408098936081, -0.21123139560222626, 0.9062076807022095, -0.36629101634025574, 0.0019039380131289363, 0.3751275837421417, 0.9269712567329407),
