return {
    ["Love Potions"] = {
        {Time = 0.000, Data = {
            ["RightFoot"] = CFrame.new(0, 4.76837158203125e-07, 3.149762051180005e-08, 0.8069263696670532, 0.5906315445899963, -0.004980233032256365, -0.45148226618766785, 0.6113402247428894, -0.6499430537223816, -0.3808327913284302, 0.5267044305801392, 0.7599666714668274),
            ["LeftLowerArm"] = CFrame.new(-2.980232238769531e-07, 1.1920928955078125e-07, -2.384185791015625e-07, 1, -2.384186927884002e-07, -2.9802311729554276e-08, -2.682207878024201e-07, 0.9949519634246826, -0.1003526821732521, 5.587932605521928e-08, 0.1003526896238327, 0.9949520230293274),
            ["RightUpperArm"] = CFrame.new(0, -0.06523787975311279, 2.9802322387695312e-08, 0.9033475518226624, -0.42548713088035583, 0.05407312139868736, 0.08145876228809357, 0.04641936719417572, -0.9955951571464539, 0.42110300064086914, 0.9037732481956482, 0.07659278064966202),
            ["Head"] = CFrame.new(4.470348358154297e-08, 1.1920928955078125e-07, 4.470348358154297e-08, 0.7873400449752808, 0.07467596977949142, 0.6119795441627502, -0.3259304463863373, 0.8929992914199829, 0.31035739183425903, -0.5233210921287537, -0.4438197910785675, 0.727433443069458),
            ["LowerTorso"] = CFrame.new(-0.3644580543041229, -0.7270166873931885, -0.14131449162960052, 0.8414958119392395, -0.01661016419529915, -0.5400083661079407, -0.11851122975349426, 0.9695080518722534, -0.21449768543243408, 0.5271051526069641, 0.24449586868286133, 0.8138683438301086),
            ["UpperTorso"] = CFrame.new(-2.9802322387695312e-08, -1.7881393432617188e-07, 2.60770320892334e-08, 0.9747640490531921, -0.11983750760555267, -0.18834593892097473, 0.1952579915523529, 0.8666509985923767, 0.4591192603111267, 0.1082104966044426, -0.48430877923965454, 0.8681793808937073),
            ["HumanoidRootPart"] = CFrame.new(0, 0, 0, 1, 0, 0, 0, 1, 0, 0, 0, 1),
            ["RightUpperLeg"] = CFrame.new(-0.000025510787963867188, -0.00012554344721138477, -0.004997493699193001, 0.7294710874557495, -0.46009594202041626, 0.5061460137367249, 0.6774163246154785, 0.5884531736373901, -0.44139593839645386, -0.09475796669721603, 0.6648568511009216, 0.7409358620643616),
            ["LeftUpperArm"] = CFrame.new(0, -0.06523776054382324, -5.960464477539063e-08, 0.8617710471153259, 0.5054444670677185, 0.043324586004018784, -0.4509637653827667, 0.8023892641067505, -0.3908996880054474, -0.2323412448167801, 0.3173283636569977, 0.9194130301475525),
            ["RightLowerArm"] = CFrame.new(-8.940696716308594e-08, -5.960464477539063e-08, -2.682209014892578e-07, 1, -4.246828950726922e-07, 1.4901159772762185e-07, 2.6077046300088114e-07, -0.7809633612632751, -0.62457674741745, -1.564622920113834e-07, 0.6245768666267395, -0.7809634208679199),
            ["LeftHand"] = CFrame.new(0, 0, -8.940696716308594e-08, 0.14310123026371002, -0.08507760614156723, 0.9860444068908691, -0.6753851771354675, 0.7198706269264221, 0.16012878715991974, -0.7234479188919067, -0.6888744831085205, 0.04555467516183853),
            ["LeftFoot"] = CFrame.new(-1.862645149230957e-09, 0, 1.1175870895385742e-08, 0.9784490466117859, -0.12349801510572433, 0.16548624634742737, 0.20477572083473206, 0.6833548545837402, -0.70078045129776, -0.026540951803326607, 0.7195655107498169, 0.6939173340797424),
            ["RightHand"] = CFrame.new(-1.1920928955078125e-07, 1.1920928955078125e-07, 1.4901161193847656e-07, 0.9898191094398499, -0.08031677454710007, 0.11750365793704987, 0.10286860167980194, 0.9742572903633118, -0.20060135424137115, -0.09836731106042862, 0.21064691245555878, 0.9726006984710693),
            ["RightLowerLeg"] = CFrame.new(-4.470348358154297e-08, 5.960464477539063e-08, 4.639878170564771e-08, 1, -3.222373834432801e-07, -2.9802318834981634e-08, 3.2782557468635787e-07, -0.07032911479473114, 0.9975239038467407, -7.450581485102248e-09, -0.9975239038467407, -0.07032883912324905),
            ["LeftUpperLeg"] = CFrame.new(0.000025480985641479492, 0.00012554693967103958, 0.004997536540031433, 0.9456826448440552, 0.2705148458480835, 0.18029554188251495, -0.08111342787742615, 0.7334011793136597, -0.6749396920204163, -0.3148095905780792, 0.6236541271209717, 0.7155068516731262),
            ["LeftLowerLeg"] = CFrame.new(8.195638656616211e-08, -5.960464477539063e-08, -2.9802322387695312e-08, 1, 8.940696716308594e-08, 1.1920930376163597e-07, -7.450580596923828e-08, -0.2240620106458664, 0.9745749831199646, 1.043081283569336e-07, -0.9745749831199646, -0.224061980843544),
        }},
        {Time = 0.033, Data = {
            ["RightFoot"] = CFrame.new(-2.9802322387695312e-08, 4.172325134277344e-07, 1.6596459317952394e-08, 0.8097690939903259, 0.5821747183799744, -0.07312306761741638, -0.47002527117729187, 0.5690264701843262, -0.6747478246688843, -0.3512125313282013, 0.580759584903717, 0.7344171404838562),
            ["LeftLowerArm"] = CFrame.new(5.960464477539063e-08, 2.384185791015625e-07, -1.4901161193847656e-07, 1, 2.384185791015625e-07, 1.3411040811206476e-07, 1.1920923270736239e-07, 0.9975587129592896, -0.06983285397291183, 1.1175865211043856e-07, 0.06983309984207153, 0.9975587129592896),
            ["RightUpperArm"] = CFrame.new(0, -0.06523799896240234, 2.9802322387695312e-08, 0.8823705315589905, -0.4650965631008148, 0.07146679610013962, 0.0457962229847908, -0.06627707928419113, -0.9967498183250427, 0.46832144260406494, 0.8827755451202393, -0.03718119487166405),
            ["Head"] = CFrame.new(2.270098775625229e-08, -1.1920928955078125e-07, -4.470348358154297e-08, 0.7990655303001404, 0.04859846830368042, 0.5992770791053772, -0.2905312180519104, 0.9038462042808533, 0.3140917718410492, -0.5263895392417908, -0.42508846521377563, 0.736351490020752),
            ["LowerTorso"] = CFrame.new(-0.33151307702064514, -0.6800947189331055, -0.2030506283044815, 0.8547191619873047, 0.013055848889052868, -0.5189263820648193, -0.1373317539691925, 0.9697509407997131, -0.20179976522922516, 0.5005947947502136, 0.24374717473983765, 0.8306577205657959),
            ["UpperTorso"] = CFrame.new(-2.60770320892334e-08, 1.1920928955078125e-07, 0, 0.9797634482383728, -0.09807181358337402, -0.1744869500398636, 0.16264772415161133, 0.898167073726654, 0.4084627330303192, 0.11665941774845123, -0.42857658863067627, 0.895942211151123),
            ["HumanoidRootPart"] = CFrame.new(0, 0, 0, 1, 0, 0, 0, 1, 0, 0, 0, 1),
            ["RightUpperLeg"] = CFrame.new(-0.000025510787963867188, -0.00012574344873428345, -0.004997448995709419, 0.7268447875976562, -0.4933793544769287, 0.4777800142765045, 0.6732861399650574, 0.6492001414299011, -0.35387131571769714, -0.13558192551136017, 0.5788921117782593, 0.8040531277656555),
            ["LeftUpperArm"] = CFrame.new(0, -0.06523799896240234, 0, 0.8389762043952942, 0.5317038893699646, 0.11580152809619904, -0.4495811462402344, 0.7971643805503845, -0.4029959738254547, -0.306587278842926, 0.28604188561439514, 0.9078459143638611),
            ["RightLowerArm"] = CFrame.new(-1.4901161193847656e-07, -5.960464477539063e-08, 1.043081283569336e-07, 1, 9.685756907629184e-08, 8.940695295223122e-08, 3.911553392299538e-08, -0.7663717865943909, -0.6423975825309753, 3.110616262347321e-07, 0.642397403717041, -0.7663715481758118),
            ["LeftHand"] = CFrame.new(1.7881393432617188e-07, -1.1920928955078125e-07, 0, 0.1253405213356018, -0.039524421095848083, 0.9913262128829956, -0.843738317489624, 0.5214002132415771, 0.12746857106685638, -0.521915078163147, -0.8523964881896973, 0.032003987580537796),
            ["LeftFoot"] = CFrame.new(1.4528632164001465e-07, 5.960464477539063e-08, 3.3527612686157227e-08, 0.9801583290100098, -0.1308116614818573, 0.14892327785491943, 0.19804634153842926, 0.6774231791496277, -0.7084317207336426, -0.008212888613343239, 0.7238689064979553, 0.6898886561393738),
            ["RightHand"] = CFrame.new(-8.940696716308594e-08, 5.960464477539063e-08, 1.9371509552001953e-07, 0.9865466952323914, -0.11407551914453506, 0.11710041761398315, 0.13918325304985046, 0.9618303775787354, -0.2356066107749939, -0.0857534185051918, 0.24873484671115875, 0.9647678732872009),
            ["RightLowerLeg"] = CFrame.new(-8.195638656616211e-08, 5.960464477539063e-08, -2.8107024263590574e-08, 1, -2.365557918437844e-07, 1.043081283569336e-07, 5.215405280978302e-07, -0.014367087744176388, 0.9998968243598938, -1.499428918805279e-07, -0.9998968243598938, -0.014367417432367802),
            ["LeftUpperLeg"] = CFrame.new(0.000025510787963867188, 0.00012591853737831116, 0.004997521638870239, 0.9499689340591431, 0.2346881926059723, 0.2061074823141098, -0.0636398196220398, 0.7914641499519348, -0.6078938841819763, -0.30579251050949097, 0.5643634796142578, 0.766801655292511),
            ["LeftLowerLeg"] = CFrame.new(9.685754776000977e-08, 1.1920928955078125e-07, 7.450580596923828e-08, 1, 9.685756197086448e-08, 1.1548401346317405e-07, -1.0430814256778831e-07, -0.1371021866798401, 0.9905568957328796, 1.1920930376163597e-07, -0.9905570149421692, -0.13710224628448486),
        }},
        {Time = 0.067, Data = {
            ["RightFoot"] = CFrame.new(2.9802322387695312e-08, 2.980232238769531e-07, -5.75528247281909e-09, 0.8111907839775085, 0.5597888231277466, -0.16913487017154694, -0.5055676102638245, 0.5259796380996704, -0.6839196681976318, -0.2938893735408783, 0.6402983069419861, 0.7096810936927795),
            ["LeftLowerArm"] = CFrame.new(0, 0, -5.960464477539063e-08, 1, -3.427271053624281e-07, -2.9802315282267955e-08, -3.948804021547403e-07, 0.9980482459068298, -0.06244729459285736, 1.4901146982992941e-08, 0.0624474436044693, 0.9980483055114746),
            ["RightUpperArm"] = CFrame.new(1.1920928955078125e-07, -0.06523787975311279, 0, 0.8818960189819336, -0.4590383768081665, 0.10744146257638931, 0.04356461390852928, -0.14757491648197174, -0.988090991973877, 0.46942684054374695, 0.8760738968849182, -0.1101478710770607),
            ["Head"] = CFrame.new(3.725290298461914e-09, -1.1920928955078125e-07, -1.4901161193847656e-08, 0.7861981987953186, -0.008638703264296055, 0.6179139018058777, -0.2552623152732849, 0.9060739874839783, 0.33744847774505615, -0.5627908110618591, -0.42303115129470825, 0.7101485133171082),
            ["LowerTorso"] = CFrame.new(-0.28571489453315735, -0.6250042915344238, -0.2814064025878906, 0.8587431907653809, 0.04749719053506851, -0.5102002620697021, -0.1607304811477661, 0.9704103469848633, -0.18019317090511322, 0.4865448474884033, 0.23674437403678894, 0.8409674763679504),
            ["UpperTorso"] = CFrame.new(7.450580596923828e-09, -8.940696716308594e-08, -7.450580596923828e-08, 0.984063446521759, -0.08420918136835098, -0.15661446750164032, 0.12863144278526306, 0.9452258944511414, 0.3000035285949707, 0.12277298420667648, -0.31536808609962463, 0.9409940838813782),
            ["HumanoidRootPart"] = CFrame.new(0, 0, 0, 1, 0, 0, 0, 1, 0, 0, 0, 1),
            ["RightUpperLeg"] = CFrame.new(-0.000025480985641479492, -0.00012560328468680382, -0.004997557029128075, 0.7300781607627869, -0.5000107884407043, 0.46580594778060913, 0.6493756771087646, 0.7199161648750305, -0.24501420557498932, -0.2128315418958664, 0.48136258125305176, 0.8502898216247559),
            ["LeftUpperArm"] = CFrame.new(0, -0.06523787975311279, 1.1920928955078125e-07, 0.7750939726829529, 0.5863751173019409, 0.23535940051078796, -0.4572969675064087, 0.7776467800140381, -0.43144482374191284, -0.43601471185684204, 0.2267809510231018, 0.8708968758583069),
            ["RightLowerArm"] = CFrame.new(5.960464477539063e-08, 0, -3.259629011154175e-07, 1, -3.7252897300277255e-07, 4.4703494239684005e-08, 3.161840425036644e-07, -0.7506482005119324, -0.6607021689414978, 2.0489098417897367e-08, 0.660702109336853, -0.7506482005119324),
            ["LeftHand"] = CFrame.new(-1.1920928955078125e-07, 0, 0, 0.13704189658164978, 0.050512008368968964, 0.9892764091491699, -0.9271543622016907, 0.3581220805644989, 0.11015187948942184, -0.3487182855606079, -0.9323074817657471, 0.09591061621904373),
            ["LeftFoot"] = CFrame.new(9.685754776000977e-08, -1.1920928955078125e-07, 4.284083843231201e-08, 0.9812625646591187, -0.14868780970573425, 0.12253860384225845, 0.19111418724060059, 0.6703065037727356, -0.7170527577400208, 0.024478740990161896, 0.7270359396934509, 0.686163067817688),
            ["RightHand"] = CFrame.new(1.341104507446289e-07, 0, 2.5331974029541016e-07, 0.9819580912590027, -0.14475062489509583, 0.12167783081531525, 0.17206619679927826, 0.9508497714996338, -0.25744616985321045, -0.07843201607465744, 0.2737375497817993, 0.9586011171340942),
            ["RightLowerLeg"] = CFrame.new(-1.4901161193847656e-08, -5.960464477539063e-08, 1.4733814168721437e-08, 1, -2.416780660041695e-07, 1.639127589214695e-07, 3.4272667903678666e-07, 0.0586632639169693, 0.9982779026031494, -1.1175869119028903e-08, -0.9982779026031494, 0.05866337940096855),
            ["LeftUpperLeg"] = CFrame.new(0.000025540590286254883, 0.0001257583498954773, 0.004997581243515015, 0.9463512897491455, 0.2089489996433258, 0.24649447202682495, -0.055117204785346985, 0.8560080528259277, -0.5140156745910645, -0.31840425729751587, 0.4728536903858185, 0.8216010928153992),
            ["LeftLowerLeg"] = CFrame.new(1.4901161193847656e-08, -3.5762786865234375e-07, 1.341104507446289e-07, 1, 4.470347647611561e-08, 7.82310962677002e-08, -6.33299421792799e-08, -0.0188057292252779, 0.9998232126235962, 5.2154071283894154e-08, -0.9998231530189514, -0.01880577765405178),
        }},
        {Time = 0.100, Data = {
            ["RightFoot"] = CFrame.new(5.960464477539063e-08, 3.5762786865234375e-07, -3.3694959711283445e-08, 0.8479593396186829, 0.48701682686805725, -0.20923659205436707, -0.4858839511871338, 0.5563978552818298, -0.6740456223487854, -0.2118532806634903, 0.6732280254364014, 0.7084367871284485),
            ["LeftLowerArm"] = CFrame.new(5.066394805908203e-07, -2.384185791015625e-07, 1.4901161193847656e-07, 1, 4.0908344089984894e-07, -9.755603969097137e-08, 4.7660444124630885e-07, 0.987114667892456, -0.16001464426517487, -4.260801844679918e-08, 0.16001491248607635, 0.987114667892456),
            ["RightUpperArm"] = CFrame.new(1.1920928955078125e-07, -0.06523787975311279, -7.078051567077637e-08, 0.8944610953330994, -0.41116657853126526, 0.17573055624961853, 0.12079878896474838, -0.15619193017482758, -0.9803120493888855, 0.43051961064338684, 0.8980790972709656, -0.09003914147615433),
            ["Head"] = CFrame.new(-2.60770320892334e-08, 0, 4.470348358154297e-08, 0.7750347256660461, -0.021453147754073143, 0.6315545439720154, -0.23265960812568665, 0.9195313453674316, 0.3167520761489868, -0.5875294208526611, -0.3924308717250824, 0.7076771855354309),
            ["LowerTorso"] = CFrame.new(-0.23578830063343048, -0.5562143325805664, -0.3448885679244995, 0.8475627303123474, 0.08434293419122696, -0.5239500403404236, -0.19298788905143738, 0.9686800837516785, -0.1562517285346985, 0.4943612515926361, 0.23354917764663696, 0.8372942805290222),
            ["UpperTorso"] = CFrame.new(-9.685754776000977e-08, 0, -2.9802322387695312e-08, 0.9856711626052856, -0.09734857827425003, -0.13775232434272766, 0.11781994998455048, 0.981755256652832, 0.14924836158752441, 0.12071000784635544, -0.1633397340774536, 0.9791573882102966),
            ["HumanoidRootPart"] = CFrame.new(0, 0, 0, 1, 0, 0, 0, 1, 0, 0, 0, 1),
            ["RightUpperLeg"] = CFrame.new(-0.000025600194931030273, -0.0001256987452507019, -0.004997478798031807, 0.7322517037391663, -0.5051255226135254, 0.4567885398864746, 0.6331688761711121, 0.7519544363021851, -0.18347130715847015, -0.2508080303668976, 0.42357146739959717, 0.8704496026039124),
            ["LeftUpperArm"] = CFrame.new(5.960464477539063e-08, -0.06523823738098145, 1.564621925354004e-07, 0.6965376138687134, 0.6239206790924072, 0.3543415069580078, -0.502939760684967, 0.7767606377601624, -0.379071444272995, -0.5117490291595459, 0.0858251228928566, 0.8548374176025391),
            ["RightLowerArm"] = CFrame.new(1.1920928955078125e-07, -5.960464477539063e-08, 2.5401823222637177e-07, 1, 2.980231101901154e-07, 4.3585896492004395e-07, -3.5762778338721546e-07, -0.7281662225723267, -0.6854005455970764, 2.66358199496608e-07, 0.6854005455970764, -0.7281662821769714),
            ["LeftHand"] = CFrame.new(-8.288770914077759e-08, 0, -1.1920928955078125e-07, 0.17463885247707367, 0.08378834277391434, 0.9810611009597778, -0.9393028020858765, 0.31301456689834595, 0.14047186076641083, -0.29531607031822205, -0.9460452198982239, 0.13336732983589172),
            ["LeftFoot"] = CFrame.new(-1.4901161193847656e-08, 5.960464477539063e-08, 1.210719347000122e-08, 0.9791486859321594, -0.17285801470279694, 0.1067136600613594, 0.19742949306964874, 0.6859997510910034, -0.7003044486045837, 0.04784781485795975, 0.7067704796791077, 0.7058229446411133),
            ["RightHand"] = CFrame.new(-1.1920928955078125e-07, 1.1920928955078125e-07, -2.8312206268310547e-07, 0.9743900895118713, -0.10267610847949982, 0.200053870677948, 0.1497645527124405, 0.9599558711051941, -0.2367599904537201, -0.16773337125778198, 0.2606576383113861, 0.9507488012313843),
            ["RightLowerLeg"] = CFrame.new(-7.450580596923828e-09, -4.172325134277344e-07, 1.287116901949048e-08, 1, -1.7974514321394963e-07, 2.0116560506266978e-07, 4.842875682697922e-07, 0.12245000153779984, 0.9924746751785278, -8.195635814445268e-08, -0.9924746751785278, 0.12244999408721924),
            ["LeftUpperLeg"] = CFrame.new(0.000025540590286254883, 0.00012564659118652344, 0.004997327923774719, 0.9374424815177917, 0.1769629865884781, 0.2998098134994507, -0.046823032200336456, 0.917438268661499, -0.39511361718177795, -0.34497737884521484, 0.35635828971862793, 0.8683314323425293),
            ["LeftLowerLeg"] = CFrame.new(-1.4901161193847656e-08, 5.960464477539063e-08, -2.5331974029541016e-07, 1, 9.685758328714655e-08, 5.587935447692871e-08, -3.72529100900465e-08, 0.14859652519226074, 0.988897979259491, 1.0430815677864302e-07, -0.988897979259491, 0.14859634637832642),
        }},
        {Time = 0.133, Data = {
            ["RightFoot"] = CFrame.new(0, 3.5762786865234375e-07, 5.420588422566652e-09, 0.8892552256584167, 0.39924779534339905, -0.22321873903274536, -0.44180235266685486, 0.6232951879501343, -0.6452236771583557, -0.11847329884767532, 0.6723870038986206, 0.7306571006774902),
            ["LeftLowerArm"] = CFrame.new(2.980232238769531e-07, 1.7881393432617188e-07, -5.960464477539063e-08, 1, -2.235174747511337e-07, -2.9802322387695312e-08, -1.1175868053214799e-07, 0.999130368232727, -0.041697025299072266, -1.1920926112907182e-07, 0.04169690981507301, 0.9991303086280823),
            ["RightUpperArm"] = CFrame.new(0, -0.06523740291595459, -5.960464477539063e-08, 0.9092739820480347, -0.3514372408390045, 0.22296327352523804, 0.19151565432548523, -0.12232540547847748, -0.9738369584083557, 0.3695168197154999, 0.9281855821609497, -0.04392140358686447),
            ["Head"] = CFrame.new(4.6566128730773926e-08, 0, 5.21540641784668e-08, 0.7567959427833557, 0.016984013840556145, 0.6534304618835449, -0.2611351013183594, 0.9242784380912781, 0.278420090675354, -0.5992231965065002, -0.38134080171585083, 0.703925371170044),
            ["LowerTorso"] = CFrame.new(-0.1813945323228836, -0.4804420471191406, -0.39496737718582153, 0.8260927200317383, 0.12156003713607788, -0.550267219543457, -0.23047584295272827, 0.9639378190040588, -0.13305936753749847, 0.5142486691474915, 0.23674269020557404, 0.8243186473846436),
            ["UpperTorso"] = CFrame.new(-4.470348358154297e-08, 2.9802322387695312e-08, 3.725290298461914e-08, 0.9869202375411987, -0.12217830121517181, -0.10517043620347977, 0.12155444175004959, 0.9925079941749573, -0.012344012968242168, 0.10589096695184708, -0.0006012450903654099, 0.9943776726722717),
            ["HumanoidRootPart"] = CFrame.new(0, 0, 0, 1, 0, 0, 0, 1, 0, 0, 0, 1),
            ["RightUpperLeg"] = CFrame.new(-0.000025570392608642578, -0.00012550875544548035, -0.00499747134745121, 0.7304995059967041, -0.5054067969322205, 0.45927664637565613, 0.6233502626419067, 0.7681636214256287, -0.1461469680070877, -0.2789357006549835, 0.3930503726005554, 0.8761883974075317),
            ["LeftUpperArm"] = CFrame.new(0, -0.06523752212524414, 2.9802322387695312e-08, 0.5970596075057983, 0.6999331712722778, 0.3919354975223541, -0.5499267578125, 0.7128305435180664, -0.43526196479797363, -0.5840380191802979, 0.04434172436594963, 0.8105143308639526),
            ["RightLowerArm"] = CFrame.new(-5.960464477539063e-08, -2.384185791015625e-07, -3.725290298461914e-08, 1, 6.332992086299782e-08, 1.0244543346971113e-07, -4.0978196835794733e-08, -0.7047857046127319, -0.7094204425811768, 3.091991231940483e-07, 0.7094203233718872, -0.7047854661941528),
            ["LeftHand"] = CFrame.new(5.960464477539063e-08, 0, 5.960464477539063e-08, 0.2293851524591446, 0.1101798415184021, 0.9670794606208801, -0.9034003019332886, 0.39391759037971497, 0.16940216720104218, -0.3622850179672241, -0.9125182032585144, 0.18989582359790802),
            ["LeftFoot"] = CFrame.new(1.2665987014770508e-07, 0, 8.754432201385498e-08, 0.9752108454704285, -0.20095521211624146, 0.09263292700052261, 0.2115422785282135, 0.7238702774047852, -0.6567054390907288, 0.064914271235466, 0.6600219011306763, 0.748436450958252),
            ["RightHand"] = CFrame.new(3.725290298461914e-08, -5.960464477539063e-08, -4.470348358154297e-07, 0.949806809425354, -0.02601468376815319, 0.3117540776729584, 0.09744221717119217, 0.9715635180473328, -0.21579954028129578, -0.2972744107246399, 0.23534609377384186, 0.9253323078155518),
            ["RightLowerLeg"] = CFrame.new(-4.470348358154297e-08, -5.960464477539063e-08, 5.3849362302571535e-08, 1, -4.09781684140853e-08, 1.0430807861894209e-07, 4.842875682697922e-07, 0.1755942553281784, 0.9844626188278198, -1.7136329688582919e-07, -0.9844626188278198, 0.175594300031662),
            ["LeftUpperLeg"] = CFrame.new(0.000025480985641479492, 0.00012567639350891113, 0.004997521638870239, 0.9228327870368958, 0.1325080543756485, 0.3616926670074463, -0.040153421461582184, 0.9669464230537415, -0.251798152923584, -0.38310253620147705, 0.21784460544586182, 0.8976503014564514),
            ["LeftLowerLeg"] = CFrame.new(0, -5.960464477539063e-08, 1.341104507446289e-07, 1, 1.0430814256778831e-07, 5.4016702222270396e-08, -8.940695295223122e-08, 0.3551027476787567, 0.9348273277282715, 6.70552182668871e-08, -0.9348272681236267, 0.3551027774810791),
        }},
        {Time = 0.167, Data = {
            ["RightFoot"] = CFrame.new(0, 2.980232238769531e-07, 2.4047039914876223e-08, 0.9067544937133789, 0.3586829602718353, -0.2216833233833313, -0.4176504909992218, 0.6916753053665161, -0.589196503162384, -0.05800308287143707, 0.6268427968025208, 0.7769839763641357),
            ["LeftLowerArm"] = CFrame.new(-5.960464477539063e-08, 0, -2.2351741790771484e-07, 1, -8.940698137394065e-08, -5.960465898624534e-08, -1.6391277313232422e-07, 0.9982244372367859, -0.05956439673900604, -2.9802322387695312e-08, 0.05956467241048813, 0.9982245564460754),
            ["RightUpperArm"] = CFrame.new(1.1920928955078125e-07, -0.065238356590271, 0, 0.9266921281814575, -0.31977468729019165, 0.1974492073059082, 0.16415120661258698, -0.12821799516677856, -0.9780667424201965, 0.3380771279335022, 0.9387781023979187, -0.06632710248231888),
            ["Head"] = CFrame.new(1.0803341865539551e-07, -1.1920928955078125e-07, -7.450580596923828e-09, 0.7411820292472839, 0.03849690034985542, 0.6701998114585876, -0.2450128197669983, 0.9449963569641113, 0.21668127179145813, -0.6249943971633911, -0.3248075842857361, 0.7098461389541626),
            ["LowerTorso"] = CFrame.new(-0.1275375932455063, -0.4044163227081299, -0.4276886284351349, 0.8122788667678833, 0.14992716908454895, -0.563671350479126, -0.251369833946228, 0.962030291557312, -0.10635283589363098, 0.5263233780860901, 0.22807805240154266, 0.8191236853599548),
            ["UpperTorso"] = CFrame.new(1.4901161193847656e-08, 0, -1.4901161193847656e-08, 0.9887987971305847, -0.13374601304531097, -0.06624991446733475, 0.12398335337638855, 0.9831525087356567, -0.13431020081043243, 0.0830974280834198, 0.12459195405244827, 0.9887223243713379),
            ["HumanoidRootPart"] = CFrame.new(0, 0, 0, 1, 0, 0, 0, 1, 0, 0, 0, 1),
            ["RightUpperLeg"] = CFrame.new(-0.000025570392608642578, -0.00012560933828353882, -0.00499756820499897, 0.7396345734596252, -0.4988216161727905, 0.45179417729377747, 0.6049918532371521, 0.7868854999542236, -0.12164195626974106, -0.29483160376548767, 0.36330193281173706, 0.8837902545928955),
            ["LeftUpperArm"] = CFrame.new(1.1920928955078125e-07, -0.06523799896240234, 0, 0.49877509474754333, 0.7622087001800537, 0.41262802481651306, -0.5761346817016602, 0.6472339630126953, -0.49915608763694763, -0.6475278735160828, 0.011237033642828465, 0.7619588375091553),
            ["RightLowerArm"] = CFrame.new(0, 1.1920928955078125e-07, 7.450580596923828e-08, 1, -2.477318332694267e-07, -5.587936158235607e-08, 2.3283055838874134e-07, -0.686787486076355, -0.7268584370613098, 1.3783569841052667e-07, 0.7268583178520203, -0.6867873072624207),
            ["LeftHand"] = CFrame.new(1.1920928955078125e-07, -1.1920928955078125e-07, 2.384185791015625e-07, 0.2662656307220459, 0.12155019491910934, 0.9562050104141235, -0.8914742469787598, 0.4083210229873657, 0.19633619487285614, -0.36657384037971497, -0.9047097563743591, 0.2170812040567398),
            ["LeftFoot"] = CFrame.new(2.60770320892334e-08, -2.980232238769531e-07, 2.0489096641540527e-08, 0.9710162878036499, -0.2275162637233734, 0.0732359066605568, 0.22624504566192627, 0.7761229276657104, -0.5885976552963257, 0.07707537710666656, 0.5881068110466003, 0.8051020503044128),
            ["RightHand"] = CFrame.new(-7.450580596923828e-08, -1.1920928955078125e-07, 2.384185791015625e-07, 0.9417141079902649, 0.05418335646390915, 0.3320223391056061, 0.0203391183167696, 0.9759690761566162, -0.21695837378501892, -0.3357989490032196, 0.21106551587581635, 0.9179816842079163),
            ["RightLowerLeg"] = CFrame.new(-1.4901161193847656e-08, 1.7881393432617188e-07, 7.620110409334302e-08, 1, -1.5646207884856267e-07, 2.1606670941309858e-07, 4.3958405626653985e-07, 0.24462008476257324, 0.9696189761161804, -1.0430807861894209e-07, -0.9696190357208252, 0.2446201890707016),
            ["LeftUpperLeg"] = CFrame.new(0.000025510787963867188, 0.00012577325105667114, 0.004997506737709045, 0.909298837184906, 0.09112080186605453, 0.4060463011264801, -0.04402684047818184, 0.991321325302124, -0.12386931478977203, -0.4138084352016449, 0.09475800395011902, 0.9054185748100281),
            ["LeftLowerLeg"] = CFrame.new(4.470348358154297e-08, 1.1920928955078125e-07, -8.940696716308594e-08, 1, 4.4703494239684005e-08, 1.862644793959589e-08, -6.705522537231445e-08, 0.5595300197601318, 0.8288105130195618, 1.4901161193847656e-08, -0.8288100957870483, 0.5595295429229736),
        }},
        {Time = 0.200, Data = {
            ["RightFoot"] = CFrame.new(-7.450580596923828e-08, 4.172325134277344e-07, -2.0656443666666746e-08, 0.9161586165428162, 0.33602458238601685, -0.21849778294563293, -0.40080976486206055, 0.7650079727172852, -0.5040969848632812, -0.002236888511106372, 0.5494091510772705, 0.8355507254600525),
            ["LeftLowerArm"] = CFrame.new(1.1920928955078125e-07, 5.960464477539063e-08, 1.6391277313232422e-07, 1, -5.06639594277658e-07, -5.960463056453591e-08, -4.619358833224396e-07, 0.9969995021820068, -0.07740911096334457, -1.8626447229053156e-07, 0.07740923017263412, 0.9969995021820068),
            ["RightUpperArm"] = CFrame.new(1.1920928955078125e-07, -0.06523776054382324, 5.960464477539063e-08, 0.9301092624664307, -0.36724740266799927, -0.005100750830024481, -0.10870782285928726, -0.26200035214424133, -0.9589256644248962, 0.35082656145095825, 0.8924601078033447, -0.2836119532585144),
            ["Head"] = CFrame.new(2.9802322387695312e-08, 0, 2.9802322387695312e-08, 0.7203628420829773, 0.03346508741378784, 0.6927893757820129, -0.1402299553155899, 0.9852352738380432, 0.09821974486112595, -0.6792738437652588, -0.1679036170244217, 0.7144198417663574),
            ["LowerTorso"] = CFrame.new(-0.07761698961257935, -0.3319385051727295, -0.441645085811615, 0.8172659277915955, 0.15668480098247528, -0.5545504689216614, -0.24301283061504364, 0.966280996799469, -0.08512260019779205, 0.5225141644477844, 0.2043306976556778, 0.8277849555015564),
            ["UpperTorso"] = CFrame.new(-7.264316082000732e-08, 8.940696716308594e-08, 3.725290298461914e-08, 0.9913914203643799, -0.129526287317276, -0.01913546212017536, 0.12348336726427078, 0.9735439419746399, -0.1922605335712433, 0.043531984090805054, 0.18824267387390137, 0.9811573624610901),
            ["HumanoidRootPart"] = CFrame.new(0, 0, 0, 1, 0, 0, 0, 1, 0, 0, 0, 1),
            ["RightUpperLeg"] = CFrame.new(-0.000025570392608642578, -0.0001254640519618988, -0.0049974191933870316, 0.773705005645752, -0.4758407175540924, 0.4182775020599365, 0.5630725026130676, 0.8190909028053284, -0.10972428321838379, -0.29039621353149414, 0.3204149305820465, 0.9016677141189575),
            ["LeftUpperArm"] = CFrame.new(1.1920928955078125e-07, -0.0652381181716919, 1.4901161193847656e-07, 0.45276114344596863, 0.8251626491546631, 0.33780860900878906, -0.5944435596466064, 0.5617302060127258, -0.5754093527793884, -0.6645632386207581, 0.059714362025260925, 0.7448419332504272),
            ["RightLowerArm"] = CFrame.new(1.7881393432617188e-07, 0, 3.2782554626464844e-07, 1, -2.0116560506266978e-07, 2.1234149016891024e-07, 8.940693874137651e-08, -0.6798703670501709, -0.733332097530365, 1.6391271628890536e-07, 0.7333323955535889, -0.67987060546875),
            ["LeftHand"] = CFrame.new(-5.960464477539063e-08, 2.384185791015625e-07, 1.1920928955078125e-07, 0.160575732588768, 0.08658596873283386, 0.9832183122634888, -0.8820027112960815, 0.4597241282463074, 0.10356064140796661, -0.443042516708374, -0.8838306665420532, 0.1501898616552353),
            ["LeftFoot"] = CFrame.new(-1.4528632164001465e-07, 0, -4.0978193283081055e-08, 0.9670220017433167, -0.25296661257743835, 0.02960200607776642, 0.23288533091545105, 0.8311729431152344, -0.5048922896385193, 0.10311679542064667, 0.4951357841491699, 0.8626747131347656),
            ["RightHand"] = CFrame.new(-8.940696716308594e-08, -2.384185791015625e-07, -2.3096799850463867e-07, 0.992723286151886, 0.04288395494222641, 0.11252309381961823, -0.02160029113292694, 0.9826979041099548, -0.18395204842090607, -0.11846499145030975, 0.18018284440040588, 0.9764733910560608),
            ["RightLowerLeg"] = CFrame.new(2.9802322387695312e-08, -5.960464477539063e-08, 3.894820110872388e-08, 1, -2.942977346265252e-07, 2.384185791015625e-07, 3.8370475863303e-07, 0.3300144076347351, 0.9439759254455566, 5.960462345910855e-08, -0.9439759850502014, 0.3300143778324127),
            ["LeftUpperLeg"] = CFrame.new(0.000025391578674316406, 0.00012576580047607422, 0.004997521638870239, 0.8937984108924866, 0.0815914049744606, 0.44098418951034546, -0.07518883794546127, 0.9966555237770081, -0.03200840950012207, -0.4421209990978241, -0.004547693766653538, 0.8969440460205078),
            ["LeftLowerLeg"] = CFrame.new(7.450580596923828e-08, 0, -1.4901161193847656e-07, 1, 5.587935447692871e-08, 1.1175872671742582e-08, -5.029141902923584e-08, 0.7267972230911255, 0.6868518590927124, 7.450580596923828e-09, -0.6868520975112915, 0.7267974019050598),
        }},
        {Time = 0.233, Data = {
            ["RightFoot"] = CFrame.new(4.470348358154297e-08, 3.5762786865234375e-07, 1.6596459317952394e-08, 0.9007598757743835, 0.35225969552993774, -0.2540571391582489, -0.42717838287353516, 0.824190616607666, -0.37179040908813477, 0.07842428237199783, 0.44342198967933655, 0.892875611782074),
            ["LeftLowerArm"] = CFrame.new(-3.2782554626464844e-07, -3.5762786865234375e-07, 4.172325134277344e-07, 1, 8.195640788244418e-08, 4.470348358154297e-08, 1.4901162614933128e-07, 0.9954561591148376, -0.09522148966789246, -4.4703490686970326e-08, 0.09522189944982529, 0.9954561591148376),
            ["RightUpperArm"] = CFrame.new(1.1920928955078125e-07, -0.065238356590271, -1.1920928955078125e-07, 0.8756502270698547, -0.47567954659461975, -0.08345858007669449, -0.2773740589618683, -0.3538856506347656, -0.893212616443634, 0.39534851908683777, 0.8052911758422852, -0.44182124733924866),
            ["Head"] = CFrame.new(-3.3527612686157227e-08, -3.5762786865234375e-07, -4.842877388000488e-08, 0.6856272220611572, 0.04902496561408043, 0.7263001203536987, -0.009543267078697681, 0.9982492923736572, -0.058372266590595245, -0.7278902530670166, 0.03309043124318123, 0.6848948001861572),
            ["LowerTorso"] = CFrame.new(-0.035986680537462234, -0.2635152339935303, -0.43671920895576477, 0.8315078616142273, 0.13698716461658478, -0.5383578538894653, -0.2187221795320511, 0.9715718626976013, -0.09060215950012207, 0.5106419920921326, 0.19308717548847198, 0.8378317952156067),
            ["UpperTorso"] = CFrame.new(3.725290298461914e-09, 2.980232238769531e-07, -4.563480615615845e-08, 0.9927815794944763, -0.11903256177902222, 0.014698194339871407, 0.11954496800899506, 0.9721865653991699, -0.2014007568359375, 0.009683641605079174, 0.20170411467552185, 0.9793986678123474),
            ["HumanoidRootPart"] = CFrame.new(0, 0, 0, 1, 0, 0, 0, 1, 0, 0, 0, 1),
            ["RightUpperLeg"] = CFrame.new(-0.000025451183319091797, -0.0001255907118320465, -0.004997538402676582, 0.8118024468421936, -0.4241153597831726, 0.401376336812973, 0.4887496829032898, 0.8696426749229431, -0.0696089044213295, -0.3195318579673767, 0.2526814639568329, 0.9132643938064575),
            ["LeftUpperArm"] = CFrame.new(0, -0.0652381181716919, -5.960464477539063e-08, 0.4425010085105896, 0.875819742679596, 0.19269803166389465, -0.6516546010971069, 0.46166127920150757, -0.6018434762954712, -0.6160675287246704, 0.14074382185935974, 0.7750173211097717),
            ["RightLowerArm"] = CFrame.new(0, 5.960464477539063e-08, 2.384185791015625e-07, 1, 2.980230462412692e-08, 4.3213367462158203e-07, -1.4901158351676713e-07, -0.6426920294761658, -0.7661247253417969, 7.450579175838357e-08, 0.7661246061325073, -0.6426920294761658),
            ["LeftHand"] = CFrame.new(-5.960464477539063e-08, 0, -1.7881393432617188e-07, 0.09494753926992416, 0.07651299983263016, 0.9925375580787659, -0.8480424880981445, 0.5283868312835693, 0.04039253294467926, -0.521353006362915, -0.8455491065979004, 0.11505523324012756),
            ["LeftFoot"] = CFrame.new(7.450580596923828e-08, -1.7881393432617188e-07, -3.725290298461914e-08, 0.9627856016159058, -0.27025219798088074, -0.0027704809326678514, 0.24415044486522675, 0.8741005063056946, -0.41992732882499695, 0.11590803414583206, 0.4036235809326172, 0.9075535535812378),
            ["RightHand"] = CFrame.new(-2.9802322387695312e-08, 1.1920928955078125e-07, -1.1920928955078125e-07, 0.973708987236023, -0.22411362826824188, -0.04079115390777588, 0.21670693159103394, 0.9665272235870361, -0.1373441219329834, 0.07020633667707443, 0.12489301711320877, 0.9896831512451172),
            ["RightLowerLeg"] = CFrame.new(-4.470348358154297e-08, 0, 5.3849362302571535e-08, 1, -1.4901152667334827e-07, 5.960463056453591e-08, 3.3155072287627263e-07, 0.4239497184753418, 0.9056856036186218, 2.9802311729554276e-08, -0.9056858420372009, 0.4239499866962433),
            ["LeftUpperLeg"] = CFrame.new(0.000025570392608642578, 0.00012569129467010498, 0.004997551441192627, 0.8855659365653992, 0.09001611173152924, 0.45570844411849976, -0.11975257098674774, 0.9921238422393799, 0.03673768788576126, -0.44881218671798706, -0.08710568398237228, 0.8893707990646362),
            ["LeftLowerLeg"] = CFrame.new(-1.1175870895385742e-08, 1.1920928955078125e-07, -3.725290298461914e-08, 1, 4.284084198502569e-08, -3.725291186640334e-09, 0, 0.8366457223892212, 0.5477443337440491, 1.4901162970204496e-08, -0.5477445125579834, 0.8366457223892212),
        }},
        {Time = 0.267, Data = {
            ["RightFoot"] = CFrame.new(-1.4901161193847656e-08, 3.5762786865234375e-07, -1.3205863069742918e-08, 0.9123496413230896, 0.38008928298950195, -0.1521536409854889, -0.40921053290367126, 0.8582514524459839, -0.30975955724716187, 0.012850116938352585, 0.34487199783325195, 0.9385618567466736),
            ["LeftLowerArm"] = CFrame.new(-1.1920928955078125e-07, 0, -3.2782554626464844e-07, 1, -1.452862647965958e-07, 8.940694584680386e-08, -2.682207878024201e-07, 0.9935956597328186, -0.11299367249011993, -3.7252885221050747e-08, 0.11299385130405426, 0.9935957193374634),
            ["RightUpperArm"] = CFrame.new(-2.384185791015625e-07, -0.06523776054382324, 8.940696716308594e-08, 0.8399824500083923, -0.5320783257484436, -0.10640411078929901, -0.3259504437446594, -0.3380120098590851, -0.8828953504562378, 0.43380382657051086, 0.776299238204956, -0.45735540986061096),
            ["Head"] = CFrame.new(-2.2351741790771484e-08, 2.384185791015625e-07, -1.2293457984924316e-07, 0.6842628121376038, 0.06820744276046753, 0.7260385751724243, 0.0997740849852562, 0.9774966835975647, -0.1858636438846588, -0.7223777770996094, 0.19961941242218018, 0.6620594263076782),
            ["LowerTorso"] = CFrame.new(-0.021970823407173157, -0.20636940002441406, -0.4127940535545349, 0.8576104640960693, 0.0790041908621788, -0.5081954002380371, -0.17536546289920807, 0.9738341569900513, -0.14454768598079681, 0.48347824811935425, 0.2130856215953827, 0.8490248918533325),
            ["UpperTorso"] = CFrame.new(-1.1641532182693481e-07, -1.7881393432617188e-07, -6.612390279769897e-08, 0.9965600967407227, -0.082459956407547, 0.008274679072201252, 0.08275224268436432, 0.9847161173820496, -0.15325228869915009, 0.004488957114517689, 0.15340988337993622, 0.9881524443626404),
            ["HumanoidRootPart"] = CFrame.new(0, 0, 0, 1, 0, 0, 0, 1, 0, 0, 0, 1),
            ["RightUpperLeg"] = CFrame.new(-0.000025510787963867188, -0.00012565404176712036, -0.004997612908482552, 0.8536471128463745, -0.35103487968444824, 0.38478773832321167, 0.4097617566585541, 0.9086694121360779, -0.08009077608585358, -0.3215307295322418, 0.22604088485240936, 0.9195238351821899),
            ["LeftUpperArm"] = CFrame.new(5.960464477539063e-08, -0.06523799896240234, -1.4901161193847656e-07, 0.3758438229560852, 0.9120151400566101, 0.16422533988952637, -0.556442141532898, 0.363822340965271, -0.7469977736473083, -0.741021990776062, 0.1893724501132965, 0.6442239880561829),
            ["RightLowerArm"] = CFrame.new(3.5762786865234375e-07, -1.1920928955078125e-07, -8.940696716308594e-08, 1, -5.960463056453591e-08, 2.086162567138672e-07, 1.0430815677864302e-07, -0.5994266271591187, -0.8004298806190491, 1.49011640360186e-07, 0.8004297018051147, -0.5994263887405396),
            ["LeftHand"] = CFrame.new(0, 1.1920928955078125e-07, 2.980232238769531e-07, 0.20943288505077362, 0.2757730185985565, 0.9381296038627625, -0.8676252961158752, 0.4948752224445343, 0.04821976274251938, -0.450959175825119, -0.8240435719490051, 0.34291061758995056),
            ["LeftFoot"] = CFrame.new(2.2351741790771484e-08, -5.960464477539063e-08, 3.725290298461914e-09, 0.9634016752243042, -0.26730501651763916, -0.02012915536761284, 0.246654212474823, 0.9133651852607727, -0.3239229619503021, 0.10497187823057175, 0.30710282921791077, 0.9458692669868469),
            ["RightHand"] = CFrame.new(-8.940696716308594e-08, -1.1920928955078125e-07, 3.2782554626464844e-07, 0.9154791235923767, -0.3879717290401459, -0.10665778815746307, 0.36574068665504456, 0.9128773212432861, -0.1813536435365677, 0.16772550344467163, 0.12701617181301117, 0.9776169657707214),
            ["RightLowerLeg"] = CFrame.new(-7.450580596923828e-09, -5.960464477539063e-08, 4.639878170564771e-08, 1, -1.508741434008698e-07, 1.6391268786719593e-07, 4.2468315086807706e-07, 0.43683063983917236, 0.899543821811676, -2.2351745343485163e-08, -0.8995437622070312, 0.4368307292461395),
