return {
    ["Ma Ma Ma"] = {
        {Time = 0.000, Data = {
            ["RightFoot"] = CFrame.new(-5.501988198375329e-09, 2.384185791015625e-07, 3.5455741453915834e-08, 0.9957042336463928, -0.09242696315050125, 0.005508224479854107, 0.0850846990942955, 0.889899492263794, -0.44815072417259216, 0.03651943802833557, 0.4466947913169861, 0.8939411044120789),
            ["LeftLowerArm"] = CFrame.new(0, 0, -1.043081283569336e-07, 1, -8.195638656616211e-08, 5.960464477539063e-08, 8.940696716308594e-08, 0.31835973262786865, -0.9479700326919556, 4.470348358154297e-08, 0.9479700326919556, 0.3183597922325134),
            ["RightUpperArm"] = CFrame.new(-5.960464477539063e-08, -3.5762786865234375e-07, 4.470348358154297e-08, 0.6327046155929565, -0.3051711320877075, 0.7117272019386292, -0.33046436309814453, 0.7247889041900635, 0.6045446991920471, -0.7003414630889893, -0.617698609828949, 0.35772904753685),
            ["Head"] = CFrame.new(1.4901161193847656e-08, -1.1920928955078125e-07, 5.21540641784668e-08, 0.9561349153518677, 0.08171961456537247, -0.2812969386577606, -0.08301631361246109, 0.9965212941169739, 0.007325034122914076, 0.2809169590473175, 0.01634850911796093, 0.9595928192138672),
            ["RightHand"] = CFrame.new(-7.450580596923828e-08, 2.980232238769531e-07, -2.9802322387695312e-08, 0.8448225259780884, -0.172336146235466, -0.5065324902534485, -0.023107554763555527, 0.9340718388557434, -0.3563367426395416, 0.5345474481582642, 0.31274595856666565, 0.785142719745636),
            ["UpperTorso"] = CFrame.new(-4.656612873077393e-10, 2.384185791015625e-07, 7.450580596923828e-09, 0.9774108529090881, 0.15942484140396118, 0.13875116407871246, -0.15638847649097443, 0.987157940864563, -0.03258845955133438, -0.14216475188732147, 0.010153229348361492, 0.9897909164428711),
            ["HumanoidRootPart"] = CFrame.new(0, 0, 0, 1, 0, 0, 0, 1, 0, 0, 0, 1),
            ["RightUpperLeg"] = CFrame.new(0, 1.564621925354004e-07, -1.6596459317952394e-08, 0.9614726305007935, 0.10455740243196487, -0.25424063205718994, -0.21187648177146912, 0.8711196780204773, -0.44301140308380127, 0.1751539558172226, 0.4798106551170349, 0.8597107529640198),
            ["LeftUpperArm"] = CFrame.new(5.960464477539063e-08, 0, 5.960464477539063e-08, 0.3802461624145508, 0.40474945306777954, -0.831619381904602, 0.3080345690250397, 0.7924041748046875, 0.5265078544616699, 0.8720822930335999, -0.45637011528015137, 0.17663179337978363),
            ["RightLowerArm"] = CFrame.new(-8.940696716308594e-08, -1.1920928955078125e-07, 4.284083843231201e-08, 1, -1.266598843585598e-07, 8.940696716308594e-08, 1.341104365337742e-07, 0.06580687314271927, -0.9978324174880981, 6.70552182668871e-08, 0.9978324770927429, 0.0658068060874939),
            ["LeftHand"] = CFrame.new(-8.195638656616211e-08, 0, 2.9802322387695312e-08, 0.8594678044319153, 0.12288554012775421, 0.49619996547698975, -0.11801029741764069, 0.992152988910675, -0.04130436107516289, -0.49738195538520813, -0.02305692434310913, 0.8672252297401428),
            ["LeftFoot"] = CFrame.new(8.775714377406985e-09, -5.960464477539063e-08, 1.4859324437566102e-08, 0.9854735136032104, -0.16952086985111237, 0.01023819949477911, 0.14835497736930847, 0.8299534320831299, -0.5377436280250549, 0.08266148716211319, 0.5314508676528931, 0.8430461883544922),
            ["LowerTorso"] = CFrame.new(0.2405354529619217, -0.22335445880889893, 0, 0.9764831066131592, -0.12048140168190002, 0.1787874698638916, 0.1058259829878807, 0.9903583526611328, 0.0893937274813652, -0.18783392012119293, -0.06837110221385956, 0.9798183441162109),
            ["RightLowerLeg"] = CFrame.new(6.216578185558319e-08, -0.000003874301910400391, -0.000013381410099100322, 1, -2.349260626033356e-07, -9.266661038509483e-08, 2.3818569161448977e-07, 0.6476115584373474, 0.761970043182373, -9.266657485795804e-08, -0.7619706988334656, 0.6476122736930847),
            ["LeftUpperLeg"] = CFrame.new(0, 2.975575625896454e-07, -7.450580596923828e-09, 0.5963613986968994, -0.20225997269153595, -0.7768166065216064, -0.30202803015708923, 0.8400829434394836, -0.45059916377067566, 0.7437286376953125, 0.5033404231071472, 0.4399048686027527),
            ["LeftLowerLeg"] = CFrame.new(-5.587935447692871e-08, 0.000003814697265625, 0.00001329183578491211, 1, 2.9802315282267955e-08, -7.450578820566989e-09, 0, 0.4634527266025543, 0.8861217498779297, 1.4901161193847656e-08, -0.8861216306686401, 0.46345260739326477),
        }},
        {Time = 0.033, Data = {
            ["RightFoot"] = CFrame.new(2.0378962517497712e-08, 2.384185791015625e-07, -4.810135578736663e-08, 0.996670126914978, -0.08140316605567932, 0.004727561958134174, 0.07487133145332336, 0.8906521797180176, -0.44847825169563293, 0.032296933233737946, 0.44733914732933044, 0.893781304359436),
            ["LeftLowerArm"] = CFrame.new(-1.4901161193847656e-07, 1.1920928955078125e-07, -1.2665987014770508e-07, 1, -1.043081283569336e-07, 5.960463766996327e-08, 1.043081283569336e-07, 0.2984467148780823, -0.9544262886047363, 2.9802322387695312e-08, 0.9544263482093811, 0.29844674468040466),
            ["RightUpperArm"] = CFrame.new(0, 2.384185791015625e-07, -4.470348358154297e-08, 0.6145848631858826, -0.29215744137763977, 0.7327547669410706, -0.3508206009864807, 0.7307494878768921, 0.5856024026870728, -0.706548273563385, -0.6169678568840027, 0.34661269187927246),
            ["Head"] = CFrame.new(3.725290298461914e-09, 2.384185791015625e-07, -1.4901161193847656e-08, 0.9589225649833679, 0.06787632405757904, -0.27542755007743835, -0.07342574745416641, 0.9972518682479858, -0.009874888695776463, 0.274000346660614, 0.02969272807240486, 0.9612711668014526),
            ["RightHand"] = CFrame.new(0, -1.1920928955078125e-07, -5.960464477539063e-08, 0.8342283368110657, -0.18959760665893555, -0.5177991986274719, -0.011539586819708347, 0.9328215718269348, -0.3601538836956024, 0.5512984991073608, 0.30642566084861755, 0.7759982347488403),
            ["UpperTorso"] = CFrame.new(-2.1886080503463745e-08, -1.4901161193847656e-07, 9.313225746154785e-09, 0.9780715107917786, 0.16019919514656067, 0.1330878585577011, -0.15533091127872467, 0.9867788553237915, -0.04625847935676575, -0.13873888552188873, 0.024571441113948822, 0.9900240898132324),
            ["HumanoidRootPart"] = CFrame.new(0, 0, 0, 1, 0, 0, 0, 1, 0, 0, 0, 1),
            ["RightUpperLeg"] = CFrame.new(0, 1.6298145055770874e-08, 2.8107024263590574e-08, 0.9636375904083252, 0.10089913010597229, -0.2474309802055359, -0.20740820467472076, 0.8662528395652771, -0.45451951026916504, 0.16847720742225647, 0.489311158657074, 0.8556809425354004),
            ["LeftUpperArm"] = CFrame.new(0, 1.1920928955078125e-07, -2.9802322387695312e-08, 0.38280823826789856, 0.40408217906951904, -0.8307679295539856, 0.30720603466033936, 0.7924103140830994, 0.5269822478294373, 0.871253252029419, -0.4569500982761383, 0.17920470237731934),
            ["RightLowerArm"] = CFrame.new(-1.1920928955078125e-07, -1.1920928955078125e-07, 3.6694109439849854e-07, 1, -1.1175869474300271e-07, 7.450581307466564e-08, 1.4901161193847656e-07, 0.09047017246484756, -0.9958992600440979, 5.21540641784668e-08, 0.9958992004394531, 0.09047013521194458),
            ["LeftHand"] = CFrame.new(1.4901161193847656e-07, -5.960464477539063e-08, -1.7881393432617188e-07, 0.8375630974769592, 0.16266083717346191, 0.5215645432472229, -0.14942476153373718, 0.9864534735679626, -0.06768982112407684, -0.5255096554756165, -0.021240150555968285, 0.8505224585533142),
            ["LeftFoot"] = CFrame.new(8.035203791223466e-08, 0, -8.691586117492989e-09, 0.9870471954345703, -0.1601971685886383, 0.008654922246932983, 0.13950510323047638, 0.8304120898246765, -0.5394017100334167, 0.07922322303056717, 0.533622145652771, 0.8420041799545288),
            ["LowerTorso"] = CFrame.new(0.2227180153131485, -0.2257598638534546, 0, 0.9768012166023254, -0.1269664466381073, 0.17244982719421387, 0.11112015694379807, 0.9888973236083984, 0.09866330027580261, -0.1830620914697647, -0.07721177488565445, 0.9800645709037781),
            ["RightLowerLeg"] = CFrame.new(-8.42846930027008e-08, -0.000003635883331298828, -0.000013394448615144938, 1, -1.855660229921341e-07, -1.1501835217586631e-07, 2.2165480118019332e-07, 0.644619345664978, 0.7645034193992615, -1.1036173930278892e-07, -0.7645036578178406, 0.6446197032928467),
            ["LeftUpperLeg"] = CFrame.new(0, -7.543712854385376e-08, 7.450580596923828e-09, 0.6019898653030396, -0.21220308542251587, -0.7697908878326416, -0.3033351004123688, 0.8310003280639648, -0.4662896990776062, 0.7386447191238403, 0.5142064690589905, 0.4358854293823242),
            ["LeftLowerLeg"] = CFrame.new(5.21540641784668e-08, 0.000004112720489501953, 0.000013299286365509033, 1, 1.9371513815258368e-07, 3.7252920748187535e-08, -5.960465898624534e-08, 0.44769206643104553, 0.8941879272460938, 8.195640788244418e-08, -0.8941879272460938, 0.447691947221756),
        }},
        {Time = 0.067, Data = {
            ["RightFoot"] = CFrame.new(-1.2926363979204325e-08, 4.76837158203125e-07, 1.255102688446641e-08, 0.9985530972480774, -0.053698088973760605, 0.0029003394301980734, 0.049293868243694305, 0.8924304246902466, -0.44848406314849854, 0.021494310349225998, 0.4479781985282898, 0.8937861919403076),
            ["LeftLowerArm"] = CFrame.new(-8.940696716308594e-08, -1.1920928955078125e-07, -1.7136335372924805e-07, 1, -8.940695295223122e-08, 7.450581307466564e-08, 8.940696716308594e-08, 0.2724958658218384, -0.9621570110321045, 4.470348358154297e-08, 0.9621569514274597, 0.27249592542648315),
            ["RightUpperArm"] = CFrame.new(0, 2.384185791015625e-07, 1.4901161193847656e-08, 0.5979791283607483, -0.27505162358283997, 0.7528398036956787, -0.36619600653648376, 0.7417557835578918, 0.5618708729743958, -0.7129666209220886, -0.6116739511489868, 0.34283173084259033),
            ["Head"] = CFrame.new(3.725290298461914e-09, -1.1920928955078125e-07, 1.1175870895385742e-08, 0.964730441570282, 0.04510578140616417, -0.2593468129634857, -0.05427446588873863, 0.9981249570846558, -0.028298065066337585, 0.2575840950012207, 0.041375916451215744, 0.9653696417808533),
            ["RightHand"] = CFrame.new(8.940696716308594e-08, -2.384185791015625e-07, 4.470348358154297e-08, 0.8243732452392578, -0.2065812647342682, -0.5270038843154907, 0.0005841031670570374, 0.9313353896141052, -0.3641623258590698, 0.5660463571548462, 0.29989778995513916, 0.767888605594635),
            ["UpperTorso"] = CFrame.new(3.213062882423401e-08, -2.9802322387695312e-08, 5.587935447692871e-09, 0.9799190759658813, 0.15983150899410248, 0.11921699345111847, -0.15355917811393738, 0.986308753490448, -0.06012262776494026, -0.12719419598579407, 0.04060843214392662, 0.9910462498664856),
            ["HumanoidRootPart"] = CFrame.new(0, 0, 0, 1, 0, 0, 0, 1, 0, 0, 0, 1),
            ["RightUpperLeg"] = CFrame.new(5.960464477539063e-08, -7.543712854385376e-08, 2.0656443666666746e-08, 0.9688905477523804, 0.09241887181997299, -0.22958631813526154, -0.1958368420600891, 0.853502094745636, -0.48288947343826294, 0.15132437646389008, 0.5128284096717834, 0.8450490832328796),
            ["LeftUpperArm"] = CFrame.new(0, 1.1920928955078125e-07, 7.450580596923828e-09, 0.38973671197891235, 0.4022843837738037, -0.8284156322479248, 0.3048887252807617, 0.7924548983573914, 0.5282596945762634, 0.8689925670623779, -0.4584568738937378, 0.18619677424430847),
            ["RightLowerArm"] = CFrame.new(-1.1920928955078125e-07, 5.960464477539063e-08, 3.7439167499542236e-07, 1, -1.043081283569336e-07, 8.940696716308594e-08, 1.6391277313232422e-07, 0.13369908928871155, -0.991021990776062, 2.60770320892334e-08, 0.9910220503807068, 0.13369907438755035),
            ["LeftHand"] = CFrame.new(-1.043081283569336e-07, -2.384185791015625e-07, 5.21540641784668e-08, 0.8110262751579285, 0.21774744987487793, 0.5429755449295044, -0.18561285734176636, 0.9759706854820251, -0.114145427942276, -0.554783046245575, -0.008208201266825199, 0.8319545388221741),
            ["LeftFoot"] = CFrame.new(-2.487831807229668e-08, 0, 4.0848817661753856e-08, 0.9906677007675171, -0.1362004578113556, 0.005200505722314119, 0.1171751618385315, 0.8315547704696655, -0.5429427027702332, 0.06962461024522781, 0.538485050201416, 0.8397536873817444),
            ["LowerTorso"] = CFrame.new(0.17817440629005432, -0.23228859901428223, 0, 0.9774898886680603, -0.14287719130516052, 0.15524058043956757, 0.12460621446371078, 0.9847149848937988, 0.12169500440359116, -0.1702551692724228, -0.09961169958114624, 0.9803523421287537),
            ["RightLowerLeg"] = CFrame.new(6.28642737865448e-08, -0.0000034570693969726562, -0.000013276170648168772, 1, -1.884764344595169e-07, -1.052394793532585e-07, 2.1548478912336577e-07, 0.6380974054336548, 0.7699555158615112, -9.28994410287487e-08, -0.7699557542800903, 0.6380977034568787),
            ["LeftUpperLeg"] = CFrame.new(2.9802322387695312e-08, 6.332993507385254e-08, 1.1175870895385742e-08, 0.6164373755455017, -0.23585963249206543, -0.7512491345405579, -0.30598145723342896, 0.8073474168777466, -0.5045449733734131, 0.725520670413971, 0.5408887267112732, 0.4255102872848511),
            ["LeftLowerLeg"] = CFrame.new(5.21540641784668e-08, 0.000003635883331298828, 0.000013303011655807495, 1, 6.705520405603238e-08, 2.2351734685344127e-08, -8.940692453052179e-08, 0.4089133143424988, 0.9125733375549316, 7.450577044210149e-09, -0.9125732779502869, 0.40891319513320923),
        }},
        {Time = 0.100, Data = {
            ["RightFoot"] = CFrame.new(9.342934959022386e-08, 4.172325134277344e-07, 1.4595570974051952e-08, 0.9998485445976257, -0.017387934029102325, 0.0008374699973501265, 0.01593034528195858, 0.8945165872573853, -0.44675055146217346, 0.007018966134637594, 0.44669660925865173, 0.8946582674980164),
            ["LeftLowerArm"] = CFrame.new(-3.2782554626464844e-07, -2.384185791015625e-07, -1.4901161193847656e-07, 1, -1.1920927533992653e-07, 7.450577754752885e-08, 1.043081283569336e-07, 0.24213728308677673, -0.9702420234680176, 2.9802322387695312e-08, 0.9702420234680176, 0.24213723838329315),
            ["RightUpperArm"] = CFrame.new(0, 0, 1.4901161193847656e-08, 0.5829783082008362, -0.2548196017742157, 0.7714942097663879, -0.3772110044956207, 0.756122350692749, 0.5347811579704285, -0.7196167707443237, -0.6027818918228149, 0.34468215703964233),
            ["Head"] = CFrame.new(1.1175870895385742e-08, -1.1920928955078125e-07, -8.381903171539307e-09, 0.9713668823242188, 0.01660136692225933, -0.23700377345085144, -0.02825867012143135, 0.9985475540161133, -0.045873843133449554, 0.2358979433774948, 0.05125774070620537, 0.9704251289367676),
            ["RightHand"] = CFrame.new(-5.960464477539063e-08, 0, -1.1920928955078125e-07, 0.8153237104415894, -0.22286957502365112, -0.5343936085700989, 0.012898056767880917, 0.9297128319740295, -0.3680594265460968, 0.5788618922233582, 0.29319489002227783, 0.7608914375305176),
            ["UpperTorso"] = CFrame.new(3.4458935260772705e-08, -2.086162567138672e-07, 1.3504177331924438e-08, 0.98265540599823, 0.15708816051483154, 0.09854871779680252, -0.15021322667598724, 0.9859009981155396, -0.07372527569532394, -0.10874070227146149, 0.05764321982860565, 0.9923974275588989),
            ["HumanoidRootPart"] = CFrame.new(0, 0, 0, 1, 0, 0, 0, 1, 0, 0, 0, 1),
            ["RightUpperLeg"] = CFrame.new(0, -2.635642886161804e-07, 2.0656443666666746e-08, 0.975313663482666, 0.08284661173820496, -0.20469461381435394, -0.17989543080329895, 0.8356747031211853, -0.5189271569252014, 0.1280667632818222, 0.5429403185844421, 0.8299486041069031),
            ["LeftUpperArm"] = CFrame.new(5.960464477539063e-08, -1.1920928955078125e-07, -7.450580596923828e-09, 0.3998851180076599, 0.3996586203575134, -0.8248422741889954, 0.30133160948753357, 0.7925783395767212, 0.5301121473312378, 0.8656160235404968, -0.4605351686477661, 0.196510449051857),
            ["RightLowerArm"] = CFrame.new(1.1920928955078125e-07, 5.960464477539063e-08, -8.568167686462402e-08, 1, -7.916241173688832e-08, 7.450580596923828e-08, 1.1920928955078125e-07, 0.189109668135643, -0.9819560050964355, 8.940696716308594e-08, 0.9819560050964355, 0.1891096979379654),
            ["LeftHand"] = CFrame.new(1.6298145055770874e-07, 1.1920928955078125e-07, 4.0046870708465576e-08, 0.7797636389732361, 0.2837532162666321, 0.5580794215202332, -0.22327589988708496, 0.958818793296814, -0.17554041743278503, -0.5849073529243469, 0.012274461798369884, 0.8110073208808899),
            ["LeftFoot"] = CFrame.new(-2.223259798483923e-09, 1.1920928955078125e-07, 2.469823812134564e-08, 0.9946234226226807, -0.10354197770357132, 0.001837939489632845, 0.08772807568311691, 0.8330182433128357, -0.5462456941604614, 0.055027998983860016, 0.543470025062561, 0.8376230001449585),
            ["LowerTorso"] = CFrame.new(0.12026772648096085, -0.24190998077392578, 0, 0.9780704975128174, -0.16280417144298553, 0.12989580631256104, 0.14272868633270264, 0.9781376719474792, 0.15124563872814178, -0.1516793966293335, -0.12938904762268066, 0.9799243807792664),
            ["RightLowerLeg"] = CFrame.new(-1.3483804650604725e-07, -0.000003337860107421875, -0.000013333446986507624, 1, 2.3411118377225648e-07, 9.32486869942295e-08, -1.759908627718687e-07, 0.6316919922828674, 0.7752190828323364, 1.0349322110414505e-07, -0.7752194404602051, 0.63169264793396),
            ["LeftUpperLeg"] = CFrame.new(2.9802322387695312e-08, -1.2852251529693604e-07, 3.725290298461914e-09, 0.6359865069389343, -0.2638533413410187, -0.7251913547515869, -0.3080630600452423, 0.7747994065284729, -0.5520712733268738, 0.7075439691543579, 0.5745148062705994, 0.41147875785827637),
            ["LeftLowerLeg"] = CFrame.new(-5.960464477539063e-08, 0.000003933906555175781, 0.000013224780559539795, 1, 2.9057261485831987e-07, 1.266598985694145e-07, -1.8626454334480513e-07, 0.36028221249580383, 0.9328434467315674, 1.9744041424019088e-07, -0.9328433275222778, 0.3602822422981262),
        }},
        {Time = 0.133, Data = {
            ["RightFoot"] = CFrame.new(2.9476396434802155e-08, 5.364418029785156e-07, 2.0016159396618605e-08, 0.9998155832290649, 0.01918669603765011, -0.0007885849918238819, -0.017547130584716797, 0.8961613178253174, -0.4433809220790863, -0.007800261024385691, 0.44331344962120056, 0.8963330388069153),
            ["LeftLowerArm"] = CFrame.new(0, -1.1920928955078125e-07, -1.1362135410308838e-07, 1, -8.940698137394065e-08, 7.450581307466564e-08, 1.341104507446289e-07, 0.20920014381408691, -0.977872908115387, 7.450580596923828e-08, 0.977872908115387, 0.2092001587152481),
            ["RightUpperArm"] = CFrame.new(0, -2.384185791015625e-07, 2.9802322387695312e-08, 0.5697146058082581, -0.23257115483283997, 0.7882488369941711, -0.3844870328903198, 0.77226322889328, 0.5057463049888611, -0.7263574004173279, -0.5912023186683655, 0.35054904222488403),
            ["Head"] = CFrame.new(3.725290298461914e-09, -2.384185791015625e-07, 2.7008354663848877e-08, 0.9770174622535706, -0.014521652832627296, -0.21266452968120575, 0.0016284221783280373, 0.9981561303138733, -0.060677140951156616, 0.21315355598926544, 0.05893630534410477, 0.9752395749092102),
            ["RightHand"] = CFrame.new(5.960464477539063e-08, 0, 5.960464477539063e-08, 0.807154655456543, -0.23804804682731628, -0.5402172207832336, 0.025045529007911682, 0.9280794262886047, -0.3715391755104065, 0.5898086428642273, 0.28635942935943604, 0.7550655603408813),
            ["UpperTorso"] = CFrame.new(-3.259629011154175e-08, -1.7881393432617188e-07, -2.293381839990616e-08, 0.985904335975647, 0.1507755070924759, 0.07252178341150284, -0.14437240362167358, 0.9857208728790283, -0.08666612207889557, -0.08455334603786469, 0.07497434318065643, 0.9935943484306335),
            ["HumanoidRootPart"] = CFrame.new(0, 0, 0, 1, 0, 0, 0, 1, 0, 0, 0, 1),
            ["RightUpperLeg"] = CFrame.new(-2.9802322387695312e-08, 4.0978193283081055e-08, -3.5222910810261965e-08, 0.9813436269760132, 0.07549388706684113, -0.17682059109210968, -0.16281013190746307, 0.8154792785644531, -0.5554160475730896, 0.10226298123598099, 0.5738417506217957, 0.8125562071800232),
            ["LeftUpperArm"] = CFrame.new(-1.1920928955078125e-07, -2.384185791015625e-07, -1.862645149230957e-09, 0.41210806369781494, 0.3965119421482086, -0.820332407951355, 0.29678475856781006, 0.7928213477134705, 0.5323092937469482, 0.8614439964294434, -0.46283116936683655, 0.20904940366744995),
            ["RightLowerArm"] = CFrame.new(-1.7881393432617188e-07, 1.1920928955078125e-07, 9.685754776000977e-08, 1, -1.2014061212539673e-07, 5.960464477539063e-08, 1.3411046495548362e-07, 0.250461220741272, -0.968126654624939, 5.960465188081798e-08, 0.968126654624939, 0.2504611611366272),
            ["LeftHand"] = CFrame.new(1.341104507446289e-07, 2.384185791015625e-07, 7.450580596923828e-08, 0.7444471120834351, 0.3557291030883789, 0.5650267601013184, -0.2593643069267273, 0.9338663816452026, -0.24621912837028503, -0.6152468323707581, 0.03674941137433052, 0.7874775528907776),
            ["LeftFoot"] = CFrame.new(-2.3635038814973086e-08, -1.1920928955078125e-07, -1.7833372112363577e-08, 0.9976234436035156, -0.0689026415348053, -0.00014686583017464727, 0.0574965626001358, 0.833646833896637, -0.5492970943450928, 0.037970274686813354, 0.5479830503463745, 0.8356271982192993),
            ["LowerTorso"] = CFrame.new(0.06236103177070618, -0.25359320640563965, 0, 0.9783188104629517, -0.18158487975597382, 0.09959536790847778, 0.16173718869686127, 0.9702368378639221, 0.18022692203521729, -0.12935754656791687, -0.16021111607551575, 0.9785699844360352),
            ["RightLowerLeg"] = CFrame.new(-1.0029179975390434e-07, -0.0000040531158447265625, -0.000013244040019344538, 1, -6.27071301551041e-07, -2.818997586473415e-07, 5.474139470607042e-07, 0.6262529492378235, 0.7796195149421692, -2.7730129659175873e-07, -0.7796199917793274, 0.6262534856796265),
            ["LeftUpperLeg"] = CFrame.new(2.9802322387695312e-08, 3.3527612686157227e-08, -1.862645149230957e-08, 0.657471776008606, -0.288620263338089, -0.6960093975067139, -0.30832451581954956, 0.7397947907447815, -0.5980300307273865, 0.6875078082084656, 0.6077845096588135, 0.3974054753780365),
            ["LeftLowerLeg"] = CFrame.new(1.1175870895385742e-07, 0.000003933906555175781, 0.000013187527656555176, 1, -2.607702853651972e-08, -1.4901155864777138e-08, 9.313224325069314e-08, 0.31185898184776306, 0.9501283764839172, -8.940695295223122e-08, -0.9501283764839172, 0.3118589222431183),
        }},
        {Time = 0.167, Data = {
            ["RightFoot"] = CFrame.new(-3.5354190686121e-08, 2.980232238769531e-07, -3.6416167858988047e-08, 0.9988712072372437, 0.047474395483732224, -0.0015879413112998009, -0.04331594333052635, 0.8966383337974548, -0.4406397044658661, -0.019495245069265366, 0.44021135568618774, 0.8976826667785645),
            ["LeftLowerArm"] = CFrame.new(0, 5.960464477539063e-08, -3.157183527946472e-07, 1, -1.3411046495548362e-07, 5.96046660916727e-08, 1.3411047916633834e-07, 0.17567312717437744, -0.9844485521316528, 5.960465898624534e-08, 0.9844485521316528, 0.1756732016801834),
            ["RightUpperArm"] = CFrame.new(0, 0, 2.9802322387695312e-08, 0.5583285093307495, -0.2095702886581421, 0.8027139902114868, -0.3886703848838806, 0.7887395620346069, 0.47626179456710815, -0.732942521572113, -0.5779016613960266, 0.3589220345020294),
            ["Head"] = CFrame.new(1.4901161193847656e-08, -1.1920928955078125e-07, -5.587935447692871e-09, 0.9805589318275452, -0.04520592838525772, -0.19094707071781158, 0.03210895135998726, 0.9969496726989746, -0.07113666832447052, 0.19358040392398834, 0.06362256407737732, 0.9790194034576416),
            ["RightHand"] = CFrame.new(-1.4901161193847656e-08, 1.7881393432617188e-07, -2.9802322387695312e-08, 0.799950122833252, -0.25170570611953735, -0.5447239875793457, 0.03667663037776947, 0.9265844225883484, -0.374294251203537, 0.5989446640014648, 0.2794380187988281, 0.7504529356956482),
            ["UpperTorso"] = CFrame.new(-4.6566128730773926e-09, -2.384185791015625e-07, -7.404014468193054e-08, 0.9892674684524536, 0.1397639960050583, 0.042615313082933426, -0.1350429356098175, 0.9859201312065125, -0.09861582517623901, -0.055798232555389404, 0.09180251508951187, 0.9942126870155334),
            ["HumanoidRootPart"] = CFrame.new(0, 0, 0, 1, 0, 0, 0, 1, 0, 0, 0, 1),
            ["RightUpperLeg"] = CFrame.new(5.960464477539063e-08, -2.4121254682540894e-07, 2.029992174357176e-09, 0.9859977960586548, 0.07325134426355362, -0.14980851113796234, -0.148408904671669, 0.7951358556747437, -0.5879915952682495, 0.0760468915104866, 0.6019911766052246, 0.7948731184005737),
            ["LeftUpperArm"] = CFrame.new(5.960464477539063e-08, -1.1920928955078125e-07, 0, 0.4252733290195465, 0.39316338300704956, -0.8152087330818176, 0.2915058434009552, 0.7932189106941223, 0.5346291065216064, 0.8568354845046997, -0.46500155329704285, 0.2227255254983902),
            ["RightLowerArm"] = CFrame.new(-5.960464477539063e-08, 2.980232238769531e-07, -1.3783574104309082e-07, 1, -7.636845111846924e-08, 1.1920930376163597e-07, 8.940698137394065e-08, 0.3121766149997711, -0.9500241875648499, 4.4703490686970326e-08, 0.9500240683555603, 0.31217658519744873),
            ["LeftHand"] = CFrame.new(1.043081283569336e-07, 1.1920928955078125e-07, -3.725290298461914e-08, 0.7066649794578552, 0.4283357560634613, 0.5631635189056396, -0.2913402318954468, 0.9014822244644165, -0.3200794756412506, -0.6447834372520447, 0.06211676448583603, 0.7618372440338135),
            ["LeftFoot"] = CFrame.new(3.078503141296096e-08, 0, -2.2678250388707966e-09, 0.9992080926895142, -0.03978447988629341, -0.0006316602230072021, 0.03275895118713379, 0.831561803817749, -0.5544657707214355, 0.022584468126296997, 0.5540057420730591, 0.8322063684463501),
            ["LowerTorso"] = CFrame.new(0.017817437648773193, -0.26630711555480957, 0, 0.9785071611404419, -0.19464847445487976, 0.0680859312415123, 0.1775406002998352, 0.9631603360176086, 0.20199379324913025, -0.1048954576253891, -0.18556435406208038, 0.9770172834396362),
            ["RightLowerLeg"] = CFrame.new(-1.3172393664717674e-07, -0.000003874301910400391, -0.000013214703358244151, 1, -2.8195793788654555e-07, -1.3865063408502465e-07, 2.432498149573803e-07, 0.6184357404708862, 0.7858352661132812, -1.1338852345943451e-07, -0.7858355045318604, 0.6184358596801758),
            ["LeftUpperLeg"] = CFrame.new(-5.960464477539063e-08, -1.955777406692505e-07, -7.450580596923828e-09, 0.6787117123603821, -0.30442559719085693, -0.6683381199836731, -0.30638930201530457, 0.7096872925758362, -0.6344047784805298, 0.6674399375915527, 0.6353495717048645, 0.3884004056453705),
            ["LeftLowerLeg"] = CFrame.new(3.725290298461914e-09, 0.0000037550926208496094, 0.000013314187526702881, 1, 3.7252917195473856e-08, 1.4901159772762185e-07, -5.774199962615967e-08, 0.26982200145721436, 0.9629102945327759, 1.1548399925231934e-07, -0.9629102349281311, 0.2698219120502472),
        }},
        {Time = 0.200, Data = {
            ["RightFoot"] = CFrame.new(4.754654980843043e-08, 3.5762786865234375e-07, -7.607013685628772e-08, 0.9982670545578003, 0.05882823094725609, -0.0015009925700724125, -0.05342523753643036, 0.8953022360801697, -0.4422440528869629, -0.02467256411910057, 0.44155779480934143, 0.8968935608863831),
            ["LeftLowerArm"] = CFrame.new(1.7881393432617188e-07, -1.7881393432617188e-07, 1.7508864402770996e-07, 1, -1.266598843585598e-07, 7.450581307466564e-08, 1.3411047916633834e-07, 0.14363045990467072, -0.9896314144134521, 4.4703494239684005e-08, 0.9896314144134521, 0.14363056421279907),
            ["RightUpperArm"] = CFrame.new(-5.960464477539063e-08, -3.5762786865234375e-07, -4.470348358154297e-08, 0.5489420890808105, -0.1872245818376541, 0.8146224021911621, -0.39044487476348877, 0.8042935132980347, 0.4479561746120453, -0.7390637993812561, -0.5639671087265015, 0.368409663438797),
            ["Head"] = CFrame.new(-1.1175870895385742e-08, -3.5762786865234375e-07, -2.9802322387695312e-08, 0.981593668460846, -0.07244687527418137, -0.17670708894729614, 0.05975791811943054, 0.9953073263168335, -0.07610839605331421, 0.181391641497612, 0.06414786726236343, 0.9813165068626404),
            ["RightHand"] = CFrame.new(0, 1.1920928955078125e-07, 2.9802322387695312e-08, 0.7938015460968018, -0.26343390345573425, -0.5481622219085693, 0.04744436591863632, 0.9253965616226196, -0.3760190010070801, 0.6063235402107239, 0.2724771797657013, 0.747079610824585),
            ["UpperTorso"] = CFrame.new(1.257285475730896e-08, -1.1920928955078125e-07, 2.6309862732887268e-08, 0.9923520088195801, 0.12300622463226318, 0.010346345603466034, -0.12115292996168137, 0.9865957498550415, -0.10932018607854843, -0.023654699325561523, 0.10723061114549637, 0.993952751159668),
            ["HumanoidRootPart"] = CFrame.new(0, 0, 0, 1, 0, 0, 0, 1, 0, 0, 0, 1),
            ["RightUpperLeg"] = CFrame.new(1.7881393432617188e-07, -2.8032809495925903e-07, 7.617927622050047e-09, 0.9887325167655945, 0.07893334329128265, -0.12719134986400604, -0.14100192487239838, 0.7763997316360474, -0.6142653822898865, 0.05026532709598541, 0.6252782940864563, 0.7787812948226929),
            ["LeftUpperArm"] = CFrame.new(1.7881393432617188e-07, -3.5762786865234375e-07, -5.21540641784668e-08, 0.4382738173007965, 0.38994550704956055, -0.8098509907722473, 0.28576183319091797, 0.7937989830970764, 0.5368644595146179, 0.8522067070007324, -0.46671801805496216, 0.23646976053714752),
            ["RightLowerArm"] = CFrame.new(-5.960464477539063e-08, -4.172325134277344e-07, -3.0174851417541504e-07, 1, -9.220092067607766e-08, 1.4901159417490817e-08, 1.6391273049976007e-07, 0.3696116507053375, -0.9291863441467285, 1.4901157641133977e-08, 0.9291863441467285, 0.3696116507053375),
            ["LeftHand"] = CFrame.new(-8.940696716308594e-08, 5.960464477539063e-08, 7.450580596923828e-08, 0.6688539981842041, 0.49629294872283936, 0.5534685850143433, -0.31747734546661377, 0.8639044761657715, -0.3909953832626343, -0.6721922159194946, 0.08580508083105087, 0.7353877425193787),
            ["LeftFoot"] = CFrame.new(-8.891220204532146e-09, 5.960464477539063e-08, 2.9461261874530464e-08, 0.9997071027755737, -0.024202488362789154, -0.0004223883734084666, 0.01972302980720997, 0.8245441317558289, -0.5654539465904236, 0.014033736661076546, 0.5652798414230347, 0.8247798681259155),
            ["LowerTorso"] = CFrame.new(0, -0.27902114391326904, 0, 0.9793874025344849, -0.1981070339679718, 0.0394202284514904, 0.18567714095115662, 0.959811806678772, 0.21044065058231354, -0.07952577620744705, -0.19878347218036652, 0.9768115282058716),
            ["RightLowerLeg"] = CFrame.new(5.209585651755333e-08, -0.0000036954879760742188, -0.000013215634680818766, 1, -4.788745400219341e-07, -2.0989682525396347e-07, 4.1327444932903745e-07, 0.6017930507659912, 0.7986519932746887, -1.9196889411432494e-07, -0.7986521124839783, 0.6017932295799255),
            ["LeftUpperLeg"] = CFrame.new(-1.1920928955078125e-07, -1.8533319234848022e-07, 5.21540641784668e-08, 0.698344886302948, -0.3064107894897461, -0.646859347820282, -0.3025365173816681, 0.6926761865615845, -0.654729962348938, 0.6486803293228149, 0.652925968170166, 0.3910266160964966),
            ["LeftLowerLeg"] = CFrame.new(-9.685754776000977e-08, 0.000003993511199951172, 0.000013187527656555176, 1, -1.1920930376163597e-07, -1.434236907016384e-07, 1.378357268322361e-07, 0.2381012737751007, 0.9712404012680054, -1.1175869474300271e-07, -0.9712403416633606, 0.23810100555419922),
        }},
        {Time = 0.233, Data = {
            ["RightFoot"] = CFrame.new(4.9304844651487656e-08, 1.7881393432617188e-07, 1.0695657692849636e-09, 0.996880829334259, 0.07890590280294418, -0.0016147218411788344, -0.07106086611747742, 0.8884913325309753, -0.45335817337036133, -0.03433797508478165, 0.4520587623119354, 0.8913270831108093),
            ["LeftLowerArm"] = CFrame.new(1.1920928955078125e-07, 5.960464477539063e-08, 5.587935447692871e-08, 1, -5.960463766996327e-08, 5.960464477539063e-08, 4.470347647611561e-08, 0.11515472084283829, -0.9933476448059082, 5.960463766996327e-08, 0.9933476448059082, 0.11515476554632187),
            ["RightUpperArm"] = CFrame.new(0, 1.1920928955078125e-07, -2.7939677238464355e-08, 0.5416379570960999, -0.1670563668012619, 0.8238449692726135, -0.3905327022075653, 0.8178596496582031, 0.4225988984107971, -0.7443873882293701, -0.5506340861320496, 0.3777428865432739),
            ["Head"] = CFrame.new(-8.381903171539307e-09, 1.1920928955078125e-07, -1.30385160446167e-08, 0.9809691905975342, -0.09352770447731018, -0.1701531857252121, 0.08275330811738968, 0.9941532611846924, -0.069363534450531, 0.17564576864242554, 0.05396275222301483, 0.9829733371734619),
            ["RightHand"] = CFrame.new(-4.470348358154297e-08, -2.384185791015625e-07, 2.2351741790771484e-08, 0.7888051271438599, -0.2728244960308075, -0.5507752299308777, 0.05700157582759857, 0.9246980547904968, -0.3764098286628723, 0.6119945645332336, 0.2655189335346222, 0.7449579238891602),
            ["UpperTorso"] = CFrame.new(-2.2817403078079224e-08, -2.384185791015625e-07, -3.4924596548080444e-09, 0.9947728514671326, 0.09954691678285599, -0.022747058421373367, -0.1015545055270195, 0.9877364635467529, -0.11858968436717987, 0.01066286489367485, 0.12027986347675323, 0.9926828145980835),
            ["HumanoidRootPart"] = CFrame.new(0, 0, 0, 1, 0, 0, 0, 1, 0, 0, 0, 1),
            ["RightUpperLeg"] = CFrame.new(-8.940696716308594e-08, -4.353933036327362e-07, -1.939042704179883e-08, 0.9951072335243225, 0.07642199099063873, -0.06262005120515823, -0.09878478944301605, 0.7581708431243896, -0.6445297002792358, -0.0017795251915231347, 0.6475621461868286, 0.7620106339454651),
            ["LeftUpperArm"] = CFrame.new(0, 2.384185791015625e-07, 0, 0.45003172755241394, 0.3872039020061493, -0.804701566696167, 0.2798289954662323, 0.79458087682724, 0.5388292670249939, 0.8480371832847595, -0.46766912937164307, 0.24923577904701233),
            ["RightLowerArm"] = CFrame.new(-1.4901161193847656e-07, 5.960464477539063e-08, 2.3469328880310059e-07, 1, -1.247972107876194e-07, 5.960464477539063e-08, 5.960463766996327e-08, 0.4190649092197418, -0.9079563021659851, 1.4901159417490817e-08, 0.9079563021659851, 0.4190649390220642),
            ["LeftHand"] = CFrame.new(-1.1920928955078125e-07, 5.960464477539063e-08, 5.960464477539063e-08, 0.6340314745903015, 0.554904580116272, 0.5385955572128296, -0.3370383083820343, 0.8251430988311768, -0.4533696174621582, -0.6959952116012573, 0.10592322051525116, 0.7101907730102539),
            ["LeftFoot"] = CFrame.new(-6.835580279584974e-08, 5.960464477539063e-08, 2.876595317502506e-08, 0.9993045330047607, -0.0372893400490284, 0.00017860527441371232, 0.030273258686065674, 0.8084638714790344, -0.5877673625946045, 0.021772921085357666, 0.5873634815216064, 0.8090299963951111),
            ["LowerTorso"] = CFrame.new(0, -0.29070425033569336, 0, 0.983025848865509, -0.1826871931552887, 0.016904296353459358, 0.17516082525253296, 0.9619359374046326, 0.20975680649280548, -0.05458074435591698, -0.20323537290096283, 0.9776074290275574),
            ["RightLowerLeg"] = CFrame.new(3.632158041000366e-08, -0.0000034570693969726562, -0.000013137403584551066, 1, 5.5879347371501353e-08, 1.5366820704798556e-08, 7.450578820566989e-09, 0.5711434483528137, 0.8208503127098083, 2.2351736461700966e-08, -0.8208503127098083, 0.5711434483528137),
            ["LeftUpperLeg"] = CFrame.new(0, -5.075708031654358e-07, -2.8870999813079834e-08, 0.7190462350845337, -0.2822612524032593, -0.6350600719451904, -0.3057815134525299, 0.6920978426933289, -0.6538332104682922, 0.6240755915641785, 0.6643261909484863, 0.4113403856754303),
            ["LeftLowerLeg"] = CFrame.new(4.0978193283081055e-08, 0.0000037550926208496094, 0.000013224780559539795, 1, -8.195642919872625e-08, -3.725289587919178e-08, 5.4016702222270396e-08, 0.22716115415096283, 0.9738572835922241, -4.470347647611561e-08, -0.9738572239875793, 0.22716084122657776),
        }},
        {Time = 0.267, Data = {
            ["RightFoot"] = CFrame.new(2.5601366360206157e-08, 2.384185791015625e-07, -3.6052369978278875e-08, 0.9923046827316284, 0.12377925962209702, -0.0032002381049096584, -0.11022990942001343, 0.8713215589523315, -0.478171169757843, -0.05639925226569176, 0.4748445749282837, 0.8782608509063721),
            ["LeftLowerArm"] = CFrame.new(0, -2.384185791015625e-07, -1.564621925354004e-07, 1, -1.1920927533992653e-07, 8.940696716308594e-08, 1.0430811414607888e-07, 0.09226609766483307, -0.995734453201294, 0, 0.9957343935966492, 0.09226617217063904),
            ["RightUpperArm"] = CFrame.new(0, 1.1920928955078125e-07, 3.725290298461914e-08, 0.536450207233429, -0.15066057443618774, 0.830375075340271, -0.3896823525428772, 0.8285424709320068, 0.40207594633102417, -0.7485779523849487, -0.5392761826515198, 0.385762095451355),
            ["Head"] = CFrame.new(-3.073364496231079e-08, -1.1920928955078125e-07, 3.259629011154175e-09, 0.9797608256340027, -0.10953207314014435, -0.16754594445228577, 0.10257039219141006, 0.993484377861023, -0.049681514501571655, 0.17189602553844452, 0.031490735709667206, 0.9846116900444031),
            ["RightHand"] = CFrame.new(-7.450580596923828e-08, 0, -2.9802322387695312e-08, 0.7850570678710938, -0.27946677803993225, -0.5527963042259216, 0.06499677151441574, 0.9246763586997986, -0.3751654326915741, 0.6160038709640503, 0.2585962116718292, 0.7440881729125977),
            ["UpperTorso"] = CFrame.new(7.450580596923828e-09, 1.4901161193847656e-07, -7.30506144464016e-09, 0.996124804019928, 0.06852616369724274, -0.0551321804523468, -0.07503538578748703, 0.9891536235809326, -0.12627294659614563, 0.04588119685649872, 0.12992048263549805, 0.9904623627662659),
            ["HumanoidRootPart"] = CFrame.new(0, 0, 0, 1, 0, 0, 0, 1, 0, 0, 0, 1),
            ["RightUpperLeg"] = CFrame.new(-2.9802322387695312e-08, 3.1711533665657043e-07, 2.1122104953974485e-08, 0.9956733584403992, 0.05916279926896095, 0.07165557146072388, 0.00444369250908494, 0.7399275302886963, -0.6726720929145813, -0.09281708300113678, 0.6700798869132996, 0.7364630699157715),
            ["LeftUpperArm"] = CFrame.new(0, -1.1920928955078125e-07, -7.450580596923828e-09, 0.4594975411891937, 0.3852909803390503, -0.8002580404281616, 0.2739909589290619, 0.7955761551856995, 0.5403587818145752, 0.8448615670204163, -0.46755701303482056, 0.2599990665912628),
            ["RightLowerArm"] = CFrame.new(-1.1920928955078125e-07, 2.384185791015625e-07, 5.960464477539063e-08, 1, -7.823110337312755e-08, -2.980232594040899e-08, 3.725289943190546e-08, 0.4575795531272888, -0.8891687989234924, 1.4901159417490817e-08, 0.8891687989234924, 0.4575795531272888),
            ["LeftHand"] = CFrame.new(-3.725290298461914e-08, 1.7881393432617188e-07, -2.086162567138672e-07, 0.6054357886314392, 0.6003738045692444, 0.5224930644035339, -0.35019540786743164, 0.7904725074768066, -0.5025102496147156, -0.7147102952003479, 0.1212630420923233, 0.6888283491134644),
            ["LeftFoot"] = CFrame.new(1.010726009553764e-07, -1.1920928955078125e-07, -5.689798854291439e-09, 0.9972224235534668, -0.07441193610429764, 0.0032108123414218426, 0.060915976762771606, 0.7900368571281433, -0.6100255846977234, 0.04285672307014465, 0.6085266470909119, 0.7923752069473267),
            ["LowerTorso"] = CFrame.new(0, -0.30032575130462646, 0, 0.9897155165672302, -0.1430354118347168, 0.0020081589464098215, 0.13946618139743805, 0.9679509401321411, 0.20885440707206726, -0.03181737661361694, -0.20642638206481934, 0.9779446721076965),
            ["RightLowerLeg"] = CFrame.new(-1.0058283805847168e-07, -0.0000036954879760742188, -0.000013275239325594157, 1, -3.46451997756958e-07, -1.8253926725719793e-07, 3.427268211453338e-07, 0.5299065113067627, 0.848055899143219, -1.8626458597736928e-07, -0.8480561375617981, 0.5299068093299866),
