return {
    ["Macarena"] = {
        {Time = 0.000, Data = {
            ["RightFoot"] = CFrame.new(2.1420419216156006e-08, 4.76837158203125e-07, -3.55576048605144e-08, 0.9704025387763977, 0.14914613962173462, 0.18993183970451355, -0.11489517986774445, 0.9769123196601868, -0.18011607229709625, -0.21241021156311035, 0.15296313166618347, 0.96513432264328),
            ["LeftLowerArm"] = CFrame.new(-1.7881393432617188e-07, -3.5762786865234375e-07, 1.4901161193847656e-08, 1, 1.9371513815258368e-07, -7.078052988163108e-08, 2.309681121914764e-07, 0.9387680888175964, -0.3445494472980499, 4.7963133908979216e-08, 0.3445497453212738, 0.9387682676315308),
            ["RightUpperArm"] = CFrame.new(0, -0.06523787975311279, 2.7939677238464355e-08, 0.8150147795677185, -0.08416303247213364, -0.5732955932617188, -0.3822133243083954, 0.66553795337677, -0.641071081161499, 0.4355042576789856, 0.7416036128997803, 0.5102548003196716),
            ["Head"] = CFrame.new(-5.820766091346741e-09, -2.384185791015625e-07, 6.257323548197746e-08, 0.9962602853775024, -0.07330764085054398, -0.045732688158750534, 0.07146598398685455, 0.9966130256652832, -0.04068410396575928, 0.04856022074818611, 0.03726369887590408, 0.9981249570846558),
            ["RightHand"] = CFrame.new(-5.587935447692871e-08, -1.1920928955078125e-07, -8.940696716308594e-08, 0.7815734148025513, -0.21128402650356293, 0.5869436264038086, 0.18679355084896088, 0.9769895076751709, 0.10295705497264862, -0.5951900482177734, 0.029167842119932175, 0.8030548691749573),
            ["UpperTorso"] = CFrame.new(6.05359673500061e-09, 5.960464477539063e-08, 2.9453076422214508e-08, 0.9973585605621338, 0.05445728823542595, 0.048066772520542145, -0.05738827586174011, 0.9964320063591003, 0.06188493221998215, -0.04452517628669739, -0.06447989493608475, 0.9969251751899719),
            ["HumanoidRootPart"] = CFrame.new(0, 0, 0, 1, 0, 0, 0, 1, 0, 0, 0, 1),
            ["RightUpperLeg"] = CFrame.new(-0.000025451183319091797, -0.00012563541531562805, -0.0049974629655480385, 0.9343345761299133, -0.2502830922603607, -0.2537262439727783, 0.10211370885372162, 0.8700674772262573, -0.482241153717041, 0.34145528078079224, 0.4246658682823181, 0.8384906649589539),
            ["LeftUpperArm"] = CFrame.new(-1.1920928955078125e-07, -0.0652381181716919, 3.725290298461914e-09, 0.9620732665061951, -0.10338124632835388, -0.25244295597076416, 0.08415698260068893, 0.9927493929862976, -0.0858268141746521, 0.25948524475097656, 0.06132679060101509, 0.963797926902771),
            ["RightLowerArm"] = CFrame.new(-1.1920928955078125e-07, 1.1920928955078125e-07, 4.470348358154297e-07, 1, -6.407496471183549e-07, -5.960465898624534e-08, -4.84288079860562e-07, 0.9643506407737732, -0.2646271288394928, -8.940703111193216e-08, 0.26462775468826294, 0.9643508195877075),
            ["LeftHand"] = CFrame.new(7.450580596923828e-09, -2.980232238769531e-07, 2.9802322387695312e-08, 0.676364541053772, 0.4108678102493286, -0.6113256812095642, -0.22474658489227295, 0.9055061936378479, 0.3599274158477783, 0.7014414072036743, -0.10604895651340485, 0.7047930359840393),
            ["LeftFoot"] = CFrame.new(3.725290298461914e-09, 0, -1.862645149230957e-08, 0.9852844476699829, -0.1198868378996849, -0.12182898074388504, 0.06947135180234909, 0.9321262240409851, -0.35540688037872314, 0.15616804361343384, 0.34171342849731445, 0.9267382621765137),
            ["LowerTorso"] = CFrame.new(-0.026601634919643402, -0.12143301963806152, 0.09952462464570999, 0.9988792538642883, -0.04535515978932381, -0.013538465835154057, 0.045965008437633514, 0.9977477788925171, 0.048852961510419846, 0.011292302049696445, -0.049420494586229324, 0.99871426820755),
            ["RightLowerLeg"] = CFrame.new(5.21540641784668e-08, 5.960464477539063e-08, -5.790934665128589e-08, 1, -7.450581307466564e-08, 5.587932783157612e-09, 4.4703490686970326e-08, 0.8161685466766357, 0.5778142809867859, -7.450581485102248e-09, -0.5778139233589172, 0.8161681890487671),
            ["LeftUpperLeg"] = CFrame.new(0.000025540590286254883, 0.00012580165639519691, 0.0049975267611444, 0.9809483885765076, 0.19386327266693115, 0.012578785419464111, -0.1629997193813324, 0.8565609455108643, -0.4896264374256134, -0.1056952252984047, 0.47824710607528687, 0.8718416690826416),
            ["LeftLowerLeg"] = CFrame.new(-2.60770320892334e-08, -1.7881393432617188e-07, 7.171183824539185e-08, 1, 6.705522537231445e-08, 3.725290653733282e-08, -5.587935447692871e-08, 0.6948944330215454, 0.7191115617752075, 3.166496753692627e-08, -0.7191118597984314, 0.6948946118354797),
        }},
        {Time = 0.033, Data = {
            ["RightFoot"] = CFrame.new(-5.774199962615967e-08, 3.5762786865234375e-07, -3.183231456205249e-08, 0.9660826325416565, 0.15623928606510162, 0.2056049406528473, -0.11573220044374466, 0.9737216830253601, -0.19614487886428833, -0.2308473289012909, 0.1656968593597412, 0.9587772488594055),
            ["LeftLowerArm"] = CFrame.new(-8.940696716308594e-08, 2.384185791015625e-07, 7.450580596923828e-09, 1, 2.4586907443335804e-07, 8.195636524988004e-08, 2.468005675382301e-07, 0.868861198425293, -0.4950551688671112, 2.561137932843849e-07, 0.4950558543205261, 0.8688615560531616),
            ["RightUpperArm"] = CFrame.new(1.1920928955078125e-07, -0.06523764133453369, 2.2351741790771484e-08, 0.8109455704689026, -0.1058596521615982, -0.5754660964012146, -0.412312388420105, 0.5944505929946899, -0.6903817057609558, 0.41516953706741333, 0.7971338033676147, 0.43841978907585144),
            ["Head"] = CFrame.new(-8.381903171539307e-09, 0, 6.693881005048752e-09, 0.9962290525436401, -0.07553151249885559, -0.04269419610500336, 0.07307084649801254, 0.9957237839698792, -0.056523073464632034, 0.04678089916706085, 0.05319029092788696, 0.9974880814552307),
            ["RightHand"] = CFrame.new(5.960464477539063e-08, 1.1920928955078125e-07, 1.862645149230957e-07, 0.7708418369293213, -0.02779761143028736, 0.6364198327064514, 0.10429556667804718, 0.9910740852355957, -0.08303535729646683, -0.6284309029579163, 0.1303822547197342, 0.7668604254722595),
            ["UpperTorso"] = CFrame.new(-3.3614924177527428e-09, -2.384185791015625e-07, 2.3283064365386963e-08, 0.9980179667472839, 0.03181491792201996, 0.0542970634996891, -0.035357195883989334, 0.9972198009490967, 0.06559441983699799, -0.05205921456217766, -0.06738416850566864, 0.9963680505752563),
            ["HumanoidRootPart"] = CFrame.new(0, 0, 0, 1, 0, 0, 0, 1, 0, 0, 0, 1),
            ["RightUpperLeg"] = CFrame.new(-0.000025540590286254883, -0.0001255357638001442, -0.004997463896870613, 0.9281884431838989, -0.28749674558639526, -0.23624473810195923, 0.1359449028968811, 0.8529829978942871, -0.5039241313934326, 0.34638896584510803, 0.435621052980423, 0.8308122158050537),
            ["LeftUpperArm"] = CFrame.new(-2.384185791015625e-07, -0.06523787975311279, 2.9802322387695312e-08, 0.9753260016441345, -0.11695699393749237, -0.18724414706230164, 0.11394953727722168, 0.9931254982948303, -0.026782896369695663, 0.18908937275409698, 0.0047857193276286125, 0.9819482564926147),
            ["RightLowerArm"] = CFrame.new(-2.384185791015625e-07, 1.1920928955078125e-07, -2.086162567138672e-07, 1, -2.6077020720549626e-07, -1.6391281576488836e-07, -3.3527616238870905e-08, 0.87098228931427, -0.4913138449192047, -1.1920930376163597e-07, 0.49131447076797485, 0.8709827065467834),
            ["LeftHand"] = CFrame.new(-4.0978193283081055e-08, 1.1920928955078125e-07, 2.9802322387695312e-08, 0.5613099932670593, 0.284540057182312, -0.7771541476249695, -0.06055339425802231, 0.9506419897079468, 0.3043240010738373, 0.8253874182701111, -0.12376141548156738, 0.5508342981338501),
            ["LeftFoot"] = CFrame.new(1.0710209608078003e-08, -5.960464477539063e-08, 1.4901161193847656e-08, 0.9858941435813904, -0.11298789829015732, -0.12347884476184845, 0.06256106495857239, 0.9330527186393738, -0.3542574942111969, 0.15523864328861237, 0.3415353000164032, 0.9269598722457886),
            ["LowerTorso"] = CFrame.new(-0.03840150684118271, -0.13416433334350586, 0.0902167409658432, 0.9995530843734741, -0.018367893993854523, -0.023586222901940346, 0.019348591566085815, 0.9989266395568848, 0.042087189853191376, 0.02278791181743145, -0.04252474755048752, 0.998835563659668),
            ["RightLowerLeg"] = CFrame.new(9.685754776000977e-08, -1.1920928955078125e-07, 2.1031155483797193e-07, 1, -3.72529100900465e-08, -5.960463056453591e-08, 1.49011640360186e-07, 0.7936938405036926, 0.6083183288574219, -4.4703494239684005e-08, -0.6083174347877502, 0.7936931848526001),
            ["LeftUpperLeg"] = CFrame.new(0.000025600194931030273, 0.0001255776733160019, 0.004997503012418747, 0.9846943616867065, 0.16895966231822968, 0.042783401906490326, -0.13008266687393188, 0.8758229613304138, -0.46477067470550537, -0.11599832773208618, 0.45209142565727234, 0.8843969702720642),
            ["LeftLowerLeg"] = CFrame.new(-1.6763806343078613e-08, 5.960464477539063e-08, 1.30385160446167e-07, 1, 5.960463766996327e-08, 2.6077035641947077e-08, -5.21540641784668e-08, 0.7106015086174011, 0.7035946846008301, 1.4901161193847656e-08, -0.7035947442054749, 0.7106015682220459),
        }},
        {Time = 0.067, Data = {
            ["RightFoot"] = CFrame.new(-2.7939677238464355e-08, 4.172325134277344e-07, 1.287116901949048e-08, 0.9607691764831543, 0.1629353165626526, 0.22444210946559906, -0.11461514979600906, 0.9701597094535828, -0.21366852521896362, -0.2525588870048523, 0.17956160008907318, 0.9507742524147034),
            ["LeftLowerArm"] = CFrame.new(1.1920928955078125e-07, -2.980232238769531e-07, -2.2351741790771484e-08, 1, 2.9802322387695312e-08, -1.7881387748275301e-07, 1.6391277313232422e-07, 0.7775529623031616, -0.6288182139396667, -3.632158041000366e-08, 0.6288175582885742, 0.7775523662567139),
            ["RightUpperArm"] = CFrame.new(-1.1920928955078125e-07, -0.06523847579956055, 0, 0.8550543189048767, -0.1699230819940567, -0.4899064898490906, -0.3643275797367096, 0.4754207134246826, -0.8007749915122986, 0.3689817488193512, 0.8631925582885742, 0.34460288286209106),
            ["Head"] = CFrame.new(2.561137080192566e-09, -2.384185791015625e-07, 1.6618287190794945e-08, 0.9966543316841125, -0.0738547220826149, -0.03500911220908165, 0.07161951065063477, 0.9955468773841858, -0.061295993626117706, 0.039380189031362534, 0.058583687990903854, 0.9975055456161499),
            ["RightHand"] = CFrame.new(5.960464477539063e-08, -1.1920928955078125e-07, 4.470348358154297e-07, 0.8028573393821716, 0.050999753177165985, 0.5939861536026001, 0.10439860820770264, 0.9689119458198547, -0.22430071234703064, -0.5869591236114502, 0.24209262430667877, 0.7725734114646912),
            ["UpperTorso"] = CFrame.new(1.0477378964424133e-08, 2.9802322387695312e-08, 2.468004822731018e-08, 0.9981713891029358, 0.008516703732311726, 0.059844210743904114, -0.011725750751793385, 0.99849933385849, 0.053493741899728775, -0.059298835694789886, -0.05409766733646393, 0.996773362159729),
            ["HumanoidRootPart"] = CFrame.new(0, 0, 0, 1, 0, 0, 0, 1, 0, 0, 0, 1),
            ["RightUpperLeg"] = CFrame.new(-0.000025540590286254883, -0.00012518465518951416, -0.004997468553483486, 0.9193916916847229, -0.3280082046985626, -0.2170916199684143, 0.17283238470554352, 0.8326547741889954, -0.5261330008506775, 0.3533380627632141, 0.44620248675346375, 0.8222257494926453),
            ["LeftUpperArm"] = CFrame.new(1.1920928955078125e-07, -0.0652388334274292, -1.862645149230957e-09, 0.9838883876800537, -0.11816569417715073, -0.13416652381420135, 0.12588444352149963, 0.9907559156417847, 0.05055583640933037, 0.12695230543613434, -0.06663075089454651, 0.9896683692932129),
            ["RightLowerArm"] = CFrame.new(-1.7881393432617188e-07, -1.1920928955078125e-07, 1.6391277313232422e-07, 1, -1.7508855876258167e-07, -1.8626444386882213e-08, -2.980232594040899e-08, 0.8307327628135681, -0.556671679019928, 1.4901162970204496e-08, 0.5566713809967041, 0.8307326436042786),
            ["LeftHand"] = CFrame.new(1.862645149230957e-09, 1.7881393432617188e-07, -5.960464477539063e-08, 0.4870034158229828, 0.1535508632659912, -0.8597965240478516, 0.018311340361833572, 0.9824132323265076, 0.18582095205783844, 0.8732080459594727, -0.10623829811811447, 0.47562646865844727),
            ["LeftFoot"] = CFrame.new(-2.2351741790771484e-08, -5.960464477539063e-08, 1.4901161193847656e-08, 0.9881787896156311, -0.10900421440601349, -0.10780222713947296, 0.06285302340984344, 0.9294233322143555, -0.3636226952075958, 0.13982978463172913, 0.3525483012199402, 0.925287663936615),
            ["LowerTorso"] = CFrame.new(-0.0493844635784626, -0.1468956470489502, 0.08079849928617477, 0.9993489980697632, 0.011489927768707275, -0.034199852496385574, -0.01037485059350729, 0.9994136095046997, 0.03263207897543907, 0.03455479070544243, -0.03225601464509964, 0.9988821744918823),
            ["RightLowerLeg"] = CFrame.new(1.1920928955078125e-07, 0, -5.790934665128589e-08, 1, -3.72529100900465e-08, -1.0244546189142056e-07, 1.4901162970204496e-08, 0.7670965790748596, 0.6415321826934814, -2.980232594040899e-08, -0.6415316462516785, 0.7670961618423462),
            ["LeftUpperLeg"] = CFrame.new(0.000025540590286254883, 0.00012594438157975674, 0.004997493699193001, 0.9862061142921448, 0.14645543694496155, 0.07712902873754501, -0.09748931229114532, 0.8905198574066162, -0.4443759024143219, -0.1337662637233734, 0.4307264983654022, 0.8925140500068665),
            ["LeftLowerLeg"] = CFrame.new(-3.5390257835388184e-08, 0, -2.60770320892334e-08, 1, 5.960465898624534e-08, 1.862645504502325e-08, -7.07805440924858e-08, 0.71026611328125, 0.7039334774017334, 2.6077040971017595e-08, -0.7039334177970886, 0.7102660536766052),
        }},
        {Time = 0.100, Data = {
            ["RightFoot"] = CFrame.new(-2.8870999813079834e-08, 2.980232238769531e-07, -9.480572771281004e-09, 0.9554818868637085, 0.1681743711233139, 0.2424280047416687, -0.11082323640584946, 0.9660508036613464, -0.23337678611278534, -0.2734456956386566, 0.19612076878547668, 0.9416815042495728),
            ["LeftLowerArm"] = CFrame.new(5.960464477539063e-08, 2.384185791015625e-07, -2.9802322387695312e-08, 1, -4.470347647611561e-08, 3.958119521030312e-08, 9.220089935979559e-08, 0.7031444311141968, -0.7110471129417419, 2.2351734685344127e-08, 0.7110471725463867, 0.7031444311141968),
            ["RightUpperArm"] = CFrame.new(0, -0.06523776054382324, 3.166496753692627e-08, 0.9176570177078247, -0.2283158153295517, -0.32523441314697266, -0.23004844784736633, 0.36212074756622314, -0.9032975435256958, 0.3240112364292145, 0.90373694896698, 0.2797790467739105),
            ["Head"] = CFrame.new(1.1641532182693481e-10, 0, 1.450462150387466e-08, 0.9974913001060486, -0.06652367860078812, -0.024204833433032036, 0.06463611125946045, 0.9953208565711975, -0.07182296365499496, 0.028869498521089554, 0.07007835805416107, 0.997123658657074),
            ["RightHand"] = CFrame.new(1.4901161193847656e-07, 5.960464477539063e-08, 1.1920928955078125e-07, 0.8596822023391724, 0.04182294383645058, 0.5091150403022766, 0.17312292754650116, 0.9138079285621643, -0.36740022897720337, -0.48059868812561035, 0.4039875566959381, 0.7783438563346863),
            ["UpperTorso"] = CFrame.new(-6.51925802230835e-09, -5.960464477539063e-08, -6.984919309616089e-10, 0.9979475140571594, -0.010463111102581024, 0.06317629665136337, 0.007792053744196892, 0.9990706443786621, 0.042393360286951065, -0.06356114894151688, -0.04181411862373352, 0.9971016645431519),
            ["HumanoidRootPart"] = CFrame.new(0, 0, 0, 1, 0, 0, 0, 1, 0, 0, 0, 1),
            ["RightUpperLeg"] = CFrame.new(-0.000025540590286254883, -0.00012563657946884632, -0.004997480660676956, 0.9103147387504578, -0.362012654542923, -0.20068275928497314, 0.20278356969356537, 0.812717854976654, -0.5462321043014526, 0.3608408272266388, 0.4565485119819641, 0.8132385015487671),
            ["LeftUpperArm"] = CFrame.new(-1.1920928955078125e-07, -0.06523764133453369, 3.259629011154175e-08, 0.9879905581474304, -0.11088110506534576, -0.10761091858148575, 0.12397050112485886, 0.9845414757728577, 0.12373096495866776, 0.0922279879450798, -0.1355854719877243, 0.9864636659622192),
            ["RightLowerArm"] = CFrame.new(-5.960464477539063e-08, 0, -2.384185791015625e-07, 1, -2.9057258643661044e-07, 1.713633110966839e-07, -2.5331982556053845e-07, 0.8256711363792419, -0.5641525387763977, -3.7252917195473856e-08, 0.5641518831253052, 0.8256706595420837),
            ["LeftHand"] = CFrame.new(2.7939677238464355e-08, 1.1920928955078125e-07, -5.634501576423645e-08, 0.44093695282936096, 0.12336840480566025, -0.8890191912651062, 0.005183237139135599, 0.9901419281959534, 0.1399717926979065, 0.8975231647491455, -0.06632716953754425, 0.4359503984451294),
            ["LeftFoot"] = CFrame.new(3.073364496231079e-08, -1.1920928955078125e-07, 7.450580596923828e-09, 0.9911565184593201, -0.1096830740571022, -0.07469184696674347, 0.07422557473182678, 0.924822986125946, -0.3730853497982025, 0.10999727249145508, 0.3642418682575226, 0.9247857332229614),
            ["LowerTorso"] = CFrame.new(-0.057235926389694214, -0.15693044662475586, 0.07130666822195053, 0.9984513521194458, 0.03515224531292915, -0.043120138347148895, -0.03419997915625572, 0.9991583824157715, 0.02264803647994995, 0.04388001933693886, -0.02113829180598259, 0.9988132119178772),
            ["RightLowerLeg"] = CFrame.new(4.470348358154297e-08, 1.1920928955078125e-07, -1.3205863069742918e-08, 1, -8.940698137394065e-08, -9.685752644372769e-08, 1.3411046495548362e-07, 0.7369435429573059, 0.6759548187255859, -1.1920930376163597e-07, -0.675954282283783, 0.7369430065155029),
            ["LeftUpperLeg"] = CFrame.new(0.000025510787963867188, 0.00012544088531285524, 0.0049974918365478516, 0.9838173389434814, 0.13660302758216858, 0.1159467101097107, -0.07591485977172852, 0.903956413269043, -0.4208315908908844, -0.162297785282135, 0.40521910786628723, 0.8996983766555786),
            ["LeftLowerLeg"] = CFrame.new(0, 1.7881393432617188e-07, 4.842877388000488e-08, 1, 5.215404996761208e-08, 2.980232949312267e-08, -5.587935447692871e-08, 0.7093566060066223, 0.7048496603965759, 3.725290298461914e-08, -0.7048498392105103, 0.7093568444252014),
        }},
        {Time = 0.133, Data = {
            ["RightFoot"] = CFrame.new(2.514570951461792e-08, 5.364418029785156e-07, 9.145878721028566e-09, 0.9517943263053894, 0.16949117183685303, 0.2556556761264801, -0.10556741058826447, 0.9635575413703918, -0.24579058587551117, -0.28799834847450256, 0.20695315301418304, 0.9350012540817261),
            ["LeftLowerArm"] = CFrame.new(2.384185791015625e-07, 2.980232238769531e-07, 4.470348358154297e-08, 1, 2.980232594040899e-08, -4.0978196835794733e-08, 1.5646226358967397e-07, 0.6337804198265076, -0.7735130190849304, 9.126965494488104e-08, 0.77351313829422, 0.6337805390357971),
            ["RightUpperArm"] = CFrame.new(-5.960464477539063e-08, -0.0652381181716919, -7.450580596923828e-09, 0.9637171030044556, -0.23668847978115082, -0.12340212613344193, -0.0722326710820198, 0.21381139755249023, -0.9742007851600647, 0.2569667100906372, 0.9477676153182983, 0.18895694613456726),
            ["Head"] = CFrame.new(1.760781742632389e-09, 0, -1.9572325982153416e-09, 0.9986988306045532, -0.05088479816913605, -0.003397607244551182, 0.05037712678313255, 0.99471116065979, -0.08950861543416977, 0.007934238761663437, 0.08922099322080612, 0.9959802627563477),
            ["RightHand"] = CFrame.new(5.960464477539063e-08, -5.960464477539063e-08, -3.5390257835388184e-07, 0.9909769296646118, 0.045234184712171555, 0.1261696219444275, 0.02467067912220955, 0.8636878132820129, -0.5034227967262268, -0.13174301385879517, 0.5019934177398682, 0.8547788262367249),
            ["UpperTorso"] = CFrame.new(2.0954757928848267e-09, -3.2782554626464844e-07, -4.307366907596588e-09, 0.9984068274497986, -0.019541066139936447, 0.05293307080864906, 0.017773471772670746, 0.9992747902870178, 0.03367793187499046, -0.05355275049805641, -0.03268341347575188, 0.9980300664901733),
            ["HumanoidRootPart"] = CFrame.new(0, 0, 0, 1, 0, 0, 0, 1, 0, 0, 0, 1),
            ["RightUpperLeg"] = CFrame.new(-0.000025570392608642578, -0.0001256027608178556, -0.0049974992871284485, 0.9048737287521362, -0.37654632329940796, -0.19853411614894867, 0.2148875743150711, 0.8066684007644653, -0.5505547523498535, 0.36746013164520264, 0.45552071928977966, 0.8108475804328918),
            ["LeftUpperArm"] = CFrame.new(-1.1920928955078125e-07, -0.0652381181716919, -3.026798367500305e-09, 0.9918354153633118, -0.10206586122512817, -0.07645336538553238, 0.1153884306550026, 0.9735358357429504, 0.19726544618606567, 0.05429602041840553, -0.20447656512260437, 0.9773644804954529),
            ["RightLowerArm"] = CFrame.new(0, 1.1920928955078125e-07, -6.109476089477539e-07, 1, 9.126956967975275e-08, -1.6763809895792292e-08, 1.7508865823856468e-07, 0.8716983795166016, -0.49004316329956055, 5.2154071283894154e-08, 0.4900427460670471, 0.871698260307312),
            ["LeftHand"] = CFrame.new(1.0244548320770264e-07, 2.980232238769531e-07, 1.5832483768463135e-07, 0.39915332198143005, 0.11828374862670898, -0.9092226624488831, -0.04888667166233063, 0.9929787516593933, 0.10771850496530533, 0.9155800342559814, 0.0014523197896778584, 0.40213295817375183),
            ["LeftFoot"] = CFrame.new(-6.426125764846802e-08, -5.960464477539063e-08, 0, 0.9920628070831299, -0.11535964906215668, -0.05003918707370758, 0.08762960135936737, 0.919658899307251, -0.38281598687171936, 0.09017986059188843, 0.3753926157951355, 0.9224684238433838),
            ["LowerTorso"] = CFrame.new(-0.057780563831329346, -0.16338443756103516, 0.061925195157527924, 0.9978871941566467, 0.0436675064265728, -0.04810721427202225, -0.04305553436279297, 0.9989787340164185, 0.013704377226531506, 0.04865654185414314, -0.01160417776554823, 0.998748242855072),
            ["RightLowerLeg"] = CFrame.new(5.21540641784668e-08, 0, 6.129994289949536e-08, 1, -6.705523958316917e-08, -5.215404996761208e-08, 1.1920927533992653e-07, 0.7211644053459167, 0.6927645802497864, -1.1175869474300271e-07, -0.6927639842033386, 0.7211638689041138),
            ["LeftUpperLeg"] = CFrame.new(0.000025510787963867188, 0.0001255954848602414, 0.0049974918365478516, 0.9780134558677673, 0.1457616090774536, 0.1491430103778839, -0.07439406216144562, 0.9119768142700195, -0.40343964099884033, -0.1948210597038269, 0.3834734261035919, 0.9027696251869202),
            ["LeftLowerLeg"] = CFrame.new(1.1175870895385742e-08, -3.5762786865234375e-07, -8.568167686462402e-08, 1, 5.5879340266073996e-08, 3.725291186640334e-09, -6.332992086299782e-08, 0.7050868272781372, 0.7091206908226013, 2.2351736461700966e-08, -0.7091209888458252, 0.7050871253013611),
        }},
        {Time = 0.167, Data = {
            ["RightFoot"] = CFrame.new(4.0978193283081055e-08, 2.980232238769531e-07, 1.6952981241047382e-09, 0.9510097503662109, 0.1663711965084076, 0.26057809591293335, -0.10302583128213882, 0.9652240872383118, -0.24026808142662048, -0.2914896607398987, 0.20165109634399414, 0.9350776672363281),
            ["LeftLowerArm"] = CFrame.new(-5.960464477539063e-08, 0, -3.725290298461914e-09, 1, 1.4342361964736483e-07, 1.6251577505954629e-07, 9.28994410287487e-08, 0.5848836898803711, -0.8111165165901184, 2.4121257524711837e-07, 0.8111171722412109, 0.5848846435546875),
            ["RightUpperArm"] = CFrame.new(-1.7881393432617188e-07, -0.06523752212524414, 1.862645149230957e-09, 0.9830915927886963, -0.14933399856090546, 0.1059725359082222, 0.12291596084833145, 0.10919943451881409, -0.986391007900238, 0.1357296258211136, 0.9827384352684021, 0.12570858001708984),
            ["Head"] = CFrame.new(-3.064997144974768e-09, 0, -3.8835423765704036e-09, 0.9993250370025635, -0.032285600900650024, 0.017526626586914062, 0.03403819724917412, 0.9932171702384949, -0.11118011921644211, -0.013818209059536457, 0.11170168966054916, 0.9936457872390747),
            ["RightHand"] = CFrame.new(8.940696716308594e-08, 5.960464477539063e-08, -1.7881393432617188e-07, 0.9410093426704407, 0.01162321213632822, 0.33818158507347107, 0.07985664159059525, 0.9635530710220337, -0.25532039999961853, -0.3288228511810303, 0.2672645151615143, 0.905784010887146),
            ["UpperTorso"] = CFrame.new(-8.847564458847046e-09, 5.066394805908203e-07, -2.3283064365386963e-10, 0.9992637038230896, -0.012521514669060707, 0.03626637160778046, 0.011570132337510586, 0.9995858669281006, 0.026350632309913635, -0.036581311374902725, -0.025911608710885048, 0.9989947080612183),
            ["HumanoidRootPart"] = CFrame.new(0, 0, 0, 1, 0, 0, 0, 1, 0, 0, 0, 1),
            ["RightUpperLeg"] = CFrame.new(-0.000025451183319091797, -0.00012529300875030458, -0.004997493699193001, 0.9056379199028015, -0.36429911851882935, -0.217038094997406, 0.20589710772037506, 0.825205385684967, -0.5259694457054138, 0.370710551738739, 0.4316508173942566, 0.8223446607589722),
            ["LeftUpperArm"] = CFrame.new(-1.1920928955078125e-07, -0.06523752212524414, 6.752088665962219e-09, 0.9942641258239746, -0.10295487195253372, -0.028970642015337944, 0.10694876313209534, 0.9595320820808411, 0.26050007343292236, 0.0009785003494471312, -0.26210421323776245, 0.9650391340255737),
            ["RightLowerArm"] = CFrame.new(5.960464477539063e-08, 5.960464477539063e-08, 2.1606683731079102e-07, 1, -5.047764375376573e-07, -6.332993507385254e-08, -2.933667531124229e-07, 0.9016172289848328, -0.43253380060195923, -2.7753426934395975e-07, 0.43253472447395325, 0.9016177654266357),
            ["LeftHand"] = CFrame.new(-3.888271749019623e-08, -1.7881393432617188e-07, 7.078051567077637e-08, 0.40417802333831787, 0.12295716255903244, -0.9063785076141357, -0.13106495141983032, 0.9884833693504333, 0.07565020024776459, 0.9052414894104004, 0.08821714669466019, 0.41563835740089417),
            ["LeftFoot"] = CFrame.new(4.284083843231201e-08, -2.384185791015625e-07, -2.421438694000244e-08, 0.9906718134880066, -0.12287136167287827, -0.05892794951796532, 0.09075890481472015, 0.9174960851669312, -0.3872513771057129, 0.10164760053157806, 0.37829044461250305, 0.9200891256332397),
            ["LowerTorso"] = CFrame.new(-0.05142675340175629, -0.1598038673400879, 0.05331631004810333, 0.9982606172561646, 0.03386133536696434, -0.04826127737760544, -0.03361038491129875, 0.9994168877601624, 0.006021054927259684, 0.04843702167272568, -0.004388539120554924, 0.9988166093826294),
            ["RightLowerLeg"] = CFrame.new(-8.195638656616211e-08, 1.1920928955078125e-07, 1.3580574886873364e-07, 1, -1.0430815677864302e-07, -2.2351731132630448e-08, 1.3411046495548362e-07, 0.7391184568405151, 0.6735760569572449, -2.2351745343485163e-08, -0.6735755801200867, 0.7391179203987122),
            ["LeftUpperLeg"] = CFrame.new(0.000025540590286254883, 0.00012603748473338783, 0.004997488111257553, 0.9697189927101135, 0.17253351211547852, 0.1728518009185791, -0.09266212582588196, 0.9147634506225586, -0.3932187557220459, -0.22596214711666107, 0.365294486284256, 0.9030511379241943),
            ["LeftLowerLeg"] = CFrame.new(1.0058283805847168e-07, -2.384185791015625e-07, 5.960464477539063e-08, 1, 4.470348358154297e-08, 1.862645326866641e-08, -5.2154071283894154e-08, 0.7052173614501953, 0.7089913487434387, 3.725290653733282e-08, -0.7089912295341492, 0.7052172422409058),
        }},
        {Time = 0.200, Data = {
            ["RightFoot"] = CFrame.new(1.1734664440155029e-07, 2.384185791015625e-07, -2.438173396512866e-08, 0.9540749788284302, 0.16160766780376434, 0.25223711133003235, -0.10740530490875244, 0.9705601930618286, -0.215586856007576, -0.2796517014503479, 0.17859438061714172, 0.9433445334434509),
            ["LeftLowerArm"] = CFrame.new(5.960464477539063e-08, 6.556510925292969e-07, 5.4016709327697754e-08, 1, -1.862645149230957e-07, 8.568165554834195e-08, -1.862644793959589e-08, 0.575617253780365, -0.8177189826965332, -5.215404996761208e-08, 0.8177192211151123, 0.5756177306175232),
            ["RightUpperArm"] = CFrame.new(0, -0.06523823738098145, 1.4901161193847656e-08, 0.9161564111709595, -0.12447038292884827, 0.38100481033325195, 0.3946038782596588, 0.1133132204413414, -0.9118377566337585, 0.07032379508018494, 0.985731840133667, 0.15292924642562866),
            ["Head"] = CFrame.new(-4.6566128730773926e-09, -1.1920928955078125e-07, 6.322807166725397e-09, 0.9995387196540833, -0.016079671680927277, 0.025766540318727493, 0.01953827030956745, 0.989936351776123, -0.14015817642211914, -0.0232535507529974, 0.14059694111347198, 0.9897937774658203),
            ["RightHand"] = CFrame.new(-2.1606683731079102e-07, -5.960464477539063e-08, -4.470348358154297e-08, 0.6966259479522705, 0.12842974066734314, 0.7058464288711548, 0.08266885578632355, 0.962924599647522, -0.2567916512489319, -0.7126558423042297, 0.23723821341991425, 0.6601809859275818),
            ["UpperTorso"] = CFrame.new(1.234002411365509e-08, -2.9802322387695312e-08, 8.149072527885437e-09, 0.9996566772460938, 0.004703495651483536, 0.025776967406272888, -0.005431159865111113, 0.9995856285095215, 0.02826787531375885, -0.025633325800299644, -0.028398025780916214, 0.9992679953575134),
            ["HumanoidRootPart"] = CFrame.new(0, 0, 0, 1, 0, 0, 0, 1, 0, 0, 0, 1),
            ["RightUpperLeg"] = CFrame.new(-0.000025570392608642578, -0.00012565747601911426, -0.004997477866709232, 0.91249680519104, -0.32925260066986084, -0.24277913570404053, 0.18547673523426056, 0.8619507551193237, -0.47184789180755615, 0.3646205961704254, 0.3855302929878235, 0.8475953936576843),
            ["LeftUpperArm"] = CFrame.new(-2.384185791015625e-07, -0.06523799896240234, 1.1175870895385742e-08, 0.9924811720848083, -0.11994647979736328, 0.02437441237270832, 0.10771284997463226, 0.9504900574684143, 0.2914903461933136, -0.05813087522983551, -0.28667333722114563, 0.9562631845474243),
            ["RightLowerArm"] = CFrame.new(1.7881393432617188e-07, -5.960464477539063e-08, -1.043081283569336e-07, 1, -9.378411505167605e-07, 6.426125054304066e-08, -8.493669838571805e-07, 0.9394623637199402, -0.3426513671875, -1.5553101206933206e-07, 0.3426523208618164, 0.9394626021385193),
            ["LeftHand"] = CFrame.new(3.259629011154175e-08, -5.364418029785156e-07, -8.940696716308594e-08, 0.41839680075645447, 0.13314050436019897, -0.8984529376029968, -0.23592746257781982, 0.9711741209030151, 0.03404858708381653, 0.8770874738693237, 0.19772332906723022, 0.4377478361129761),
            ["LeftFoot"] = CFrame.new(-3.725290298461914e-09, 1.1920928955078125e-07, 5.960464477539063e-08, 0.9874113202095032, -0.12895113229751587, -0.09160194545984268, 0.08560687303543091, 0.922644317150116, -0.3760300874710083, 0.13300494849681854, 0.3634544610977173, 0.9220685958862305),
            ["LowerTorso"] = CFrame.new(-0.042168401181697845, -0.14110469818115234, 0.04584791511297226, 0.9989067316055298, 0.013220459222793579, -0.04483990743756294, -0.013282997533679008, 0.9999112486839294, -0.0010766253108158708, 0.04482169821858406, 0.0016710339114069939, 0.9989936351776123),
            ["RightLowerLeg"] = CFrame.new(9.685754776000977e-08, 0, -8.77116690389812e-08, 1, -9.685756907629184e-08, -1.0803335470654929e-07, 1.043081283569336e-07, 0.7880402207374573, 0.6156245470046997, -1.1920928955078125e-07, -0.6156238913536072, 0.7880396246910095),
            ["LeftUpperLeg"] = CFrame.new(0.000025600194931030273, 0.00012566600344143808, 0.0049974918365478516, 0.9598831534385681, 0.20409196615219116, 0.19227926433086395, -0.11979547142982483, 0.9184874892234802, -0.3768673837184906, -0.25352197885513306, 0.3387141227722168, 0.9060903191566467),
            ["LeftLowerLeg"] = CFrame.new(7.450580596923828e-09, -1.1920928955078125e-07, -7.450580596923828e-09, 1, 5.960463056453591e-08, -3.725291186640334e-09, -5.960465188081798e-08, 0.7260873913764954, 0.6876024603843689, 2.980232594040899e-08, -0.6876024603843689, 0.7260875105857849),
        }},
        {Time = 0.233, Data = {
            ["RightFoot"] = CFrame.new(1.1362135410308838e-07, 1.7881393432617188e-07, -6.535992724820971e-08, 0.9602884650230408, 0.15691281855106354, 0.23070356249809265, -0.11682968586683273, 0.9770278334617615, -0.17823559045791626, -0.2533714473247528, 0.14420484006404877, 0.9565605521202087),
            ["LeftLowerArm"] = CFrame.new(-5.960464477539063e-08, -2.384185791015625e-07, 5.21540641784668e-08, 1, -3.073365562045183e-08, 1.0803344707710494e-07, 3.3527612686157227e-08, 0.5905424356460571, -0.8070064783096313, 9.872019290924072e-08, 0.8070067167282104, 0.5905425548553467),
            ["RightUpperArm"] = CFrame.new(-1.1920928955078125e-07, -0.0652381181716919, -1.862645149230957e-09, 0.6910728216171265, -0.09609201550483704, 0.7163695693016052, 0.7225920557975769, 0.11476418375968933, -0.6816813945770264, -0.016709495335817337, 0.9887343049049377, 0.1487456113100052),
            ["Head"] = CFrame.new(-7.05040292814374e-09, 2.384185791015625e-07, -1.2398231774568558e-08, 0.9999376535415649, -0.004683007951825857, 0.01014662068337202, 0.006400799844413996, 0.9842772483825684, -0.1765144169330597, -0.00916046928614378, 0.17656832933425903, 0.9842458367347717),
            ["RightHand"] = CFrame.new(2.477318048477173e-07, -5.960464477539063e-08, -4.470348358154297e-08, 0.751863956451416, 0.09317346662282944, 0.6527038216590881, 0.14627617597579956, 0.9417222738265991, -0.30292272567749023, -0.64288729429245, 0.3232305347919464, 0.694417417049408),
            ["UpperTorso"] = CFrame.new(2.0954757928848267e-09, -2.9802322387695312e-08, 4.889443516731262e-09, 0.9995598196983337, 0.024534692987799644, 0.016687916591763496, -0.02508290857076645, 0.9991227984428406, 0.03353346139192581, -0.015850555151700974, -0.033937182277441025, 0.9992983341217041),
            ["HumanoidRootPart"] = CFrame.new(0, 0, 0, 1, 0, 0, 0, 1, 0, 0, 0, 1),
            ["RightUpperLeg"] = CFrame.new(-0.000025510787963867188, -0.00012558806338347495, -0.004997485317289829, 0.9234091639518738, -0.28066742420196533, -0.26180240511894226, 0.16125428676605225, 0.902675986289978, -0.39896655082702637, 0.3482995927333832, 0.3261930048465729, 0.8787975311279297),
            ["LeftUpperArm"] = CFrame.new(1.7881393432617188e-07, -0.0652381181716919, -1.6763806343078613e-08, 0.9858726859092712, -0.1398850977420807, 0.09212744981050491, 0.10759635269641876, 0.9504339694976807, 0.2917160391807556, -0.12836769223213196, -0.27768224477767944, 0.952057957649231),
            ["RightLowerArm"] = CFrame.new(2.384185791015625e-07, 5.960464477539063e-08, -1.9371509552001953e-07, 1, -0.000002393495606156648, 5.4016677353274645e-08, -0.000002386052983638365, 0.9966244101524353, -0.08209438621997833, 3.0268041406600332e-09, 0.08209605515003204, 0.9966246485710144),
            ["LeftHand"] = CFrame.new(-6.332993507385254e-08, 0, 8.940696716308594e-08, 0.47375205159187317, 0.15014292299747467, -0.8677650094032288, -0.3347828984260559, 0.9420880675315857, -0.019770773127675056, 0.8145424723625183, 0.29987889528274536, 0.4965813457965851),
            ["LeftFoot"] = CFrame.new(-2.60770320892334e-08, -1.1920928955078125e-07, -1.862645149230957e-08, 0.9826741814613342, -0.1350436955690384, -0.12694557011127472, 0.08199434727430344, 0.9310062527656555, -0.35567355155944824, 0.1662181317806244, 0.33910253643989563, 0.9259488582611084),
            ["LowerTorso"] = CFrame.new(-0.03159390017390251, -0.11586308479309082, 0.04003505781292915, 0.9991803169250488, -0.01106428261846304, -0.03893909230828285, 0.010783348232507706, 0.9999145269393921, -0.007393664214760065, 0.039017580449581146, 0.00696769030764699, 0.9992142915725708),
            ["RightLowerLeg"] = CFrame.new(3.725290298461914e-08, 0, -5.790934665128589e-08, 1, -5.960463766996327e-08, -7.264314660915261e-08, 1.266598843585598e-07, 0.8482252955436707, 0.5296359062194824, -2.980232594040899e-08, -0.529635488986969, 0.8482251167297363),
            ["LeftUpperLeg"] = CFrame.new(0.000025600194931030273, 0.00012562920164782554, 0.00499748345464468, 0.947817862033844, 0.23712925612926483, 0.21310004591941833, -0.15028801560401917, 0.9218164682388306, -0.3573054075241089, -0.28116700053215027, 0.30663344264030457, 0.90935218334198),
            ["LeftLowerLeg"] = CFrame.new(1.1175870895385742e-08, 2.384185791015625e-07, -2.9802322387695312e-08, 1, 7.450579886381092e-08, 4.097820749393577e-08, -5.960465188081798e-08, 0.7569838762283325, 0.6534332036972046, 2.6077035641947077e-08, -0.653433620929718, 0.7569842338562012),
        }},
        {Time = 0.267, Data = {
            ["RightFoot"] = CFrame.new(2.8870999813079834e-08, 2.384185791015625e-07, 3.894820110872388e-08, 0.9667789936065674, 0.15246586501598358, 0.2051638811826706, -0.12614786624908447, 0.9826682209968567, -0.13583290576934814, -0.22231775522232056, 0.10543979704380035, 0.9692561030387878),
            ["LeftLowerArm"] = CFrame.new(-2.384185791015625e-07, 2.980232238769531e-07, 7.450580596923828e-08, 1, 2.0116577559292637e-07, -4.097820394122209e-08, 3.129246124444762e-07, 0.6372509598731995, -0.7706564664840698, 1.7695141707463335e-07, 0.7706564664840698, 0.6372508406639099),
            ["RightUpperArm"] = CFrame.new(-5.960464477539063e-08, -0.06523716449737549, 1.4901161193847656e-08, 0.4121481776237488, -0.16500338912010193, 0.8960510492324829, 0.9046746492385864, 0.19085648655891418, -0.3809696435928345, -0.10815595090389252, 0.9676505923271179, 0.2279355823993683),
            ["Head"] = CFrame.new(-3.940840542782098e-09, 3.5762786865234375e-07, 9.837094694375992e-09, 0.9998889565467834, 0.0013610977912321687, -0.014840159565210342, -0.0043514929711818695, 0.9790878295898438, -0.20339180529117584, 0.014252969063818455, 0.20343373715877533, 0.9789850115776062),
            ["RightHand"] = CFrame.new(1.4901161193847656e-07, 5.960464477539063e-08, -8.940696716308594e-08, 0.8770946860313416, 0.10819919407367706, 0.4679745137691498, 0.007175188045948744, 0.9712393879890442, -0.23799502849578857, -0.4802641272544861, 0.21210139989852905, 0.8510923981666565),
            ["UpperTorso"] = CFrame.new(5.820766091346741e-10, -1.4901161193847656e-07, 3.259629011154175e-09, 0.9991248250007629, 0.03864538297057152, 0.016005748882889748, -0.03923632949590683, 0.9984886050224304, 0.03848321735858917, -0.014494365081191063, -0.0390775240957737, 0.9991311430931091),
            ["HumanoidRootPart"] = CFrame.new(0, 0, 0, 1, 0, 0, 0, 1, 0, 0, 0, 1),
            ["RightUpperLeg"] = CFrame.new(-0.000025600194931030273, -0.00012611941201612353, -0.00499748345464468, 0.9339084625244141, -0.23270609974861145, -0.2714083790779114, 0.13964290916919708, 0.936289370059967, -0.32227811217308044, 0.32911235094070435, 0.2630782425403595, 0.9069038033485413),
            ["LeftUpperArm"] = CFrame.new(-1.1920928955078125e-07, -0.06523728370666504, 1.4901161193847656e-08, 0.9731568694114685, -0.16014476120471954, 0.16528552770614624, 0.11415180563926697, 0.9594963192939758, 0.2575584948062897, -0.19983746111392975, -0.23177704215049744, 0.9520211219787598),
            ["RightLowerArm"] = CFrame.new(5.364418029785156e-07, -1.1920928955078125e-07, 4.470348358154297e-08, 1, -0.0000026151515157835092, 6.388867745954485e-07, -0.0000026151599286095006, 0.999604344367981, -0.028127549216151237, 5.252671826383448e-07, 0.028127675876021385, 0.9996044039726257),
            ["LeftHand"] = CFrame.new(-9.313225746154785e-09, 3.5762786865234375e-07, 0, 0.4983476996421814, 0.1239815503358841, -0.8580668568611145, -0.37660783529281616, 0.9224238991737366, -0.08544518053531647, 0.7809073328971863, 0.36573612689971924, 0.5063797831535339),
            ["LeftFoot"] = CFrame.new(-7.450580596923828e-09, -1.7881393432617188e-07, -4.470348358154297e-08, 0.9753953218460083, -0.14104294776916504, -0.16944387555122375, 0.0780145674943924, 0.9396685361862183, -0.33307135105133057, 0.2061980962753296, 0.3116566836833954, 0.9275517463684082),
