return {
    ["Made You Look"] = {
        {Time = 0.000, Data = {
            ["RightFoot"] = CFrame.new(1.955777406692505e-08, 2.980232238769531e-07, 5.420588422566652e-09, 0.9759843349456787, 0.1897956281900406, -0.1069224625825882, -0.21558427810668945, 0.9119924306869507, -0.34898844361305237, 0.03127579018473625, 0.3636583685874939, 0.9310073852539062),
            ["LeftLowerArm"] = CFrame.new(-0.000004857778549194336, -0.000005245208740234375, -0.000008344650268554688, 1, -1.490145074001248e-08, -1.4900866318612316e-08, 5.587960316688623e-09, 0.9734053015708923, -0.22908999025821686, -3.7253066409448365e-08, 0.22908996045589447, 0.9734052419662476),
            ["LeftFoot"] = CFrame.new(-5.8673322200775146e-08, 0, -1.4901161193847656e-08, 0.9934840202331543, -0.05761471018195152, 0.09833703190088272, 0.08090468496084213, 0.9642249941825867, -0.2524377703666687, -0.08027482777833939, 0.25874876976013184, 0.9626033306121826),
            ["Head"] = CFrame.new(9.313225746154785e-09, -3.5762786865234375e-07, -6.705522537231445e-08, 0.9802922010421753, 0.00884378794580698, -0.19735537469387054, 0.03394745662808418, 0.9765974283218384, 0.2123781144618988, 0.19461463391780853, -0.21489371359348297, 0.9570509195327759),
            ["LowerTorso"] = CFrame.new(-0.08778735995292664, -0.08794510364532471, 0.02151235193014145, 0.988192081451416, 0.09594570845365524, 0.1194605752825737, -0.10160643607378006, 0.9939284324645996, 0.042219020426273346, -0.11468452960252762, -0.05385846272110939, 0.9919409155845642),
            ["UpperTorso"] = CFrame.new(9.718178262119181e-09, 1.1920928955078125e-07, -6.8757799454033375e-09, 0.9970008730888367, -0.05528411641716957, 0.054157305508852005, 0.054122570902109146, 0.9982765913009644, 0.02268514595925808, -0.05531810596585274, -0.019685974344611168, 0.9982746839523315),
            ["HumanoidRootPart"] = CFrame.new(0, 0, 0, 1, 0, 0, 0, 1, 0, 0, 0, 1),
            ["RightUpperLeg"] = CFrame.new(5.960464477539063e-08, 4.791654646396637e-07, -5.012407200410962e-08, 0.9095467329025269, -0.36942580342292786, -0.19039291143417358, 0.2674819827079773, 0.8709678649902344, -0.41215115785598755, 0.31808531284332275, 0.3239438533782959, 0.8910006284713745),
            ["LeftUpperArm"] = CFrame.new(5.960464477539063e-08, -4.76837158203125e-07, 0, 0.7823641896247864, 0.22881367802619934, 0.579267680644989, -0.13816086947917938, 0.9706578254699707, -0.19681140780448914, -0.6073037981987, 0.07394436001777649, 0.7910210490226746),
            ["RightLowerArm"] = CFrame.new(-0.0000068247318267822266, -0.00000864267349243164, 0.0000017210841178894043, 1, -7.218059039360014e-08, 1.0697963404027178e-07, 6.589225876041382e-08, 0.0034086822997778654, -0.9999942779541016, 9.779063248060993e-08, 0.9999942183494568, 0.0034086566884070635),
            ["LeftHand"] = CFrame.new(-8.940696716308594e-08, 1.1920928955078125e-07, 0, 0.38594716787338257, 0.8362718820571899, -0.38947799801826477, -0.8425571918487549, 0.4914688766002655, 0.22036030888557434, 0.3756890892982483, 0.24312104284763336, 0.8942865133285522),
            ["RightHand"] = CFrame.new(3.119930624961853e-08, 5.960464477539063e-08, 1.341104507446289e-07, 0.4731955826282501, -0.4317753314971924, 0.7678903341293335, 0.67767733335495, 0.7353485822677612, -0.004133754875510931, -0.5628848671913147, 0.5223338007926941, 0.6405680179595947),
            ["RightUpperArm"] = CFrame.new(2.384185791015625e-07, -3.5762786865234375e-07, -5.960464477539063e-08, 0.980334460735321, -0.19158178567886353, 0.047334857285022736, 0.057393044233322144, 0.5062733888626099, 0.8604615926742554, -0.18881331384181976, -0.840823233127594, 0.5073117613792419),
            ["RightLowerLeg"] = CFrame.new(-6.332993507385254e-08, -0.00006079673767089844, -0.00007208267197711393, 1, -1.1920928955078125e-07, -2.9802322387695312e-08, 1.1548398504146462e-07, 0.7376195192337036, 0.6752162575721741, -2.2351738238057806e-08, -0.6752166748046875, 0.7376198172569275),
            ["LeftUpperLeg"] = CFrame.new(-5.960464477539063e-08, 3.939494490623474e-07, 1.4901161193847656e-08, 0.9952576756477356, -0.03143160045146942, 0.09205618500709534, 0.05032747983932495, 0.9762358665466309, -0.21078631281852722, -0.08324320614337921, 0.2144196480512619, 0.9731879830360413),
            ["LeftLowerLeg"] = CFrame.new(-1.30385160446167e-08, 0.00006073713302612305, 0.00007193908095359802, 1, 3.8533471524715424e-08, 1.862645149230957e-09, -3.725290653733282e-08, 0.9065110087394714, 0.4221823513507843, 1.862645326866641e-08, -0.4221823513507843, 0.9065109491348267),
        }},
        {Time = 0.033, Data = {
            ["RightFoot"] = CFrame.new(7.450580596923828e-08, 2.980232238769531e-07, 2.2184394765645266e-08, 0.9756056666374207, 0.19646726548671722, -0.0979507565498352, -0.21944622695446014, 0.8851485252380371, -0.4103110432624817, 0.006088216323405504, 0.42179691791534424, 0.906670093536377),
            ["LeftLowerArm"] = CFrame.new(-0.000005245208740234375, -0.000005543231964111328, -0.000008255243301391602, 1, -4.470437175996267e-08, -6.705388244654387e-08, 2.6077135117930084e-08, 0.9654714465141296, -0.2605089545249939, -7.450609729175994e-08, 0.2605089247226715, 0.9654714465141296),
            ["LeftFoot"] = CFrame.new(-1.2945383787155151e-07, 5.960464477539063e-08, -1.4901161193847656e-08, 0.9934005737304688, -0.059016913175582886, 0.0983479917049408, 0.08935239911079407, 0.9358185529708862, -0.340969055891037, -0.07191292941570282, 0.347506582736969, 0.9349159002304077),
            ["Head"] = CFrame.new(3.073364496231079e-08, -1.1920928955078125e-07, -4.423782229423523e-08, 0.9779125452041626, 0.020017698407173157, -0.20805388689041138, 0.03210599720478058, 0.9692049026489258, 0.24415285885334015, 0.2065340131521225, -0.24544106423854828, 0.947155237197876),
            ["LowerTorso"] = CFrame.new(-0.08744707703590393, -0.13498210906982422, 0.021480031311511993, 0.9865674376487732, 0.09472683072090149, 0.13308469951152802, -0.10108722001314163, 0.9939964413642883, 0.04186222702264786, -0.12832023203372955, -0.05475306883454323, 0.9902201890945435),
            ["UpperTorso"] = CFrame.new(1.3609678717330098e-08, -1.4901161193847656e-07, -1.0652001947164536e-08, 0.9970802068710327, -0.05532155558466911, 0.052635859698057175, 0.05436212942004204, 0.9983311891555786, 0.01948898658156395, -0.05362613871693611, -0.01657067984342575, 0.9984235763549805),
            ["HumanoidRootPart"] = CFrame.new(0, 0, 0, 1, 0, 0, 0, 1, 0, 0, 0, 1),
            ["RightUpperLeg"] = CFrame.new(5.960464477539063e-08, -6.100162863731384e-08, -4.267349140718579e-08, 0.9005865454673767, -0.39447838068008423, -0.18256716430187225, 0.27198612689971924, 0.8390271067619324, -0.4712294936180115, 0.3390686511993408, 0.3747270703315735, 0.8629089593887329),
            ["LeftUpperArm"] = CFrame.new(-2.384185791015625e-07, -2.384185791015625e-07, -2.2351741790771484e-08, 0.7891751527786255, 0.2360987812280655, 0.5669746994972229, -0.14363837242126465, 0.9685079455375671, -0.20337176322937012, -0.5971353650093079, 0.07905512303113937, 0.798235297203064),
            ["RightLowerArm"] = CFrame.new(-0.000006616115570068359, -0.00000852346420288086, 0.000001773238182067871, 1, -8.242543003689207e-08, 1.6017882842334075e-07, 2.0722289661989635e-08, 0.013059071265161037, -0.9999147057533264, 9.127121103347235e-08, 0.9999147653579712, 0.013059011660516262),
            ["LeftHand"] = CFrame.new(-2.384185791015625e-07, -1.7881393432617188e-07, -7.450580596923828e-08, 0.3455244302749634, 0.8567132949829102, -0.3829534649848938, -0.8588001132011414, 0.4531731605529785, 0.23895908892154694, 0.3782530128955841, 0.2463259994983673, 0.892325758934021),
            ["RightHand"] = CFrame.new(-1.862645149230957e-09, 1.7881393432617188e-07, -1.1920928955078125e-07, 0.49172621965408325, -0.45223650336265564, 0.7441014647483826, 0.6744838953018188, 0.7382843494415283, 0.002971865702420473, -0.5507057309150696, 0.5004183053970337, 0.6680600643157959),
            ["RightUpperArm"] = CFrame.new(2.384185791015625e-07, -4.76837158203125e-07, -4.470348358154297e-08, 0.9826974272727966, -0.17900559306144714, 0.047567132860422134, 0.05095900595188141, 0.508201003074646, 0.8597299456596375, -0.17807024717330933, -0.8424302935600281, 0.508529007434845),
            ["RightLowerLeg"] = CFrame.new(-2.9802322387695312e-08, -0.00006031990051269531, -0.0000720081661711447, 1, -1.266598843585598e-07, -4.4703494239684005e-08, 1.1920930376163597e-07, 0.6411619782447815, 0.7674053907394409, -3.725290653733282e-08, -0.76740562915802, 0.6411623358726501),
            ["LeftUpperLeg"] = CFrame.new(-1.1920928955078125e-07, 1.5040859580039978e-07, 0, 0.9964269399642944, -0.022982614114880562, 0.08127235621213913, 0.04789070039987564, 0.9463621377944946, -0.31953904032707214, -0.0695691779255867, 0.32228946685791016, 0.9440814256668091),
            ["LeftLowerLeg"] = CFrame.new(1.0244548320770264e-07, 0.00006091594696044922, 0.0000719800591468811, 1, 4.842878098543224e-08, 2.0489098417897367e-08, -5.2154071283894154e-08, 0.8013983368873596, 0.5981311798095703, 2.421439049271612e-08, -0.5981311202049255, 0.8013983368873596),
        }},
        {Time = 0.067, Data = {
            ["RightFoot"] = CFrame.new(3.166496753692627e-08, 3.5762786865234375e-07, -4.1145540308207273e-08, 0.9770950078964233, 0.19958703219890594, -0.07382725924253464, -0.21075023710727692, 0.8594887852668762, -0.46568578481674194, -0.029491260647773743, 0.4705786406993866, 0.8818652629852295),
            ["LeftLowerArm"] = CFrame.new(-0.000004798173904418945, -0.0000050067901611328125, -0.000008285045623779297, 1, -5.960575322205841e-08, -5.960347948530398e-08, 4.656634544630833e-08, 0.9580422639846802, -0.2866269052028656, -4.470368963893634e-08, 0.2866269052028656, 0.9580423831939697),
            ["LeftFoot"] = CFrame.new(6.146728992462158e-08, -5.960464477539063e-08, -1.4901161193847656e-08, 0.994040846824646, -0.06520509719848633, 0.08735725283622742, 0.0960506722331047, 0.9028717875480652, -0.41904282569885254, -0.05154865235090256, 0.4249362647533417, 0.9037544131278992),
            ["Head"] = CFrame.new(1.4901161193847656e-08, 1.1920928955078125e-07, 1.4319084584712982e-08, 0.9785380959510803, 0.03430887311697006, -0.20319031178951263, 0.024381525814533234, 0.9598405957221985, 0.2794836461544037, 0.20461855828762054, -0.2784404158592224, 0.9384042620658875),
            ["LowerTorso"] = CFrame.new(-0.08198684453964233, -0.18774306774139404, 0.019134409725666046, 0.9878871440887451, 0.0937785804271698, 0.12363074719905853, -0.09930981695652008, 0.9942781925201416, 0.03935017064213753, -0.1192331463098526, -0.05115127190947533, 0.9915477633476257),
            ["UpperTorso"] = CFrame.new(1.1685187928378582e-08, 1.7881393432617188e-07, -1.3969838619232178e-09, 0.9963322877883911, -0.060985468327999115, 0.06002267450094223, 0.060254357755184174, 0.9980860948562622, 0.01391725242137909, -0.06075659394264221, -0.010249585844576359, 0.9981000423431396),
            ["HumanoidRootPart"] = CFrame.new(0, 0, 0, 1, 0, 0, 0, 1, 0, 0, 0, 1),
            ["RightUpperLeg"] = CFrame.new(5.960464477539063e-08, 1.1944212019443512e-07, -2.4047039914876223e-08, 0.8951190114021301, -0.4141731262207031, -0.16499273478984833, 0.2730950713157654, 0.801904022693634, -0.5313841700553894, 0.35239335894584656, 0.4305932819843292, 0.8309081792831421),
            ["LeftUpperArm"] = CFrame.new(0, 3.5762786865234375e-07, 7.450580596923828e-09, 0.7892310619354248, 0.2483699917793274, 0.5616286993026733, -0.15310214459896088, 0.9652636051177979, -0.21172106266021729, -0.5947049856185913, 0.081108957529068, 0.7998420596122742),
            ["RightLowerArm"] = CFrame.new(-0.000004947185516357422, -0.000008702278137207031, 0.0000012442469596862793, 1, -5.122498691889632e-08, 1.462096719251349e-07, 7.590386985611985e-08, 0.021402962505817413, -0.9997708797454834, 7.63695311434276e-08, 0.999770998954773, 0.021402955055236816),
            ["LeftHand"] = CFrame.new(-2.9802322387695312e-08, -1.1920928955078125e-07, 1.1920928955078125e-07, 0.34043464064598083, 0.8566946983337402, -0.38752448558807373, -0.856617271900177, 0.45251891016960144, 0.24786964058876038, 0.3876997232437134, 0.24759016931056976, 0.887910783290863),
            ["RightHand"] = CFrame.new(5.587935447692871e-09, -5.960464477539063e-08, -5.960464477539063e-08, 0.511888861656189, -0.47151607275009155, 0.7180821299552917, 0.6718671917915344, 0.7406359314918518, 0.007371457293629646, -0.535317063331604, 0.47867637872695923, 0.6959193348884583),
            ["RightUpperArm"] = CFrame.new(0, 4.76837158203125e-07, -2.9802322387695312e-08, 0.9825552701950073, -0.17555679380893707, 0.06135695055127144, 0.037535905838012695, 0.5103467702865601, 0.8591495752334595, -0.1821431964635849, -0.8418587446212769, 0.5080329775810242),
            ["RightLowerLeg"] = CFrame.new(7.450580596923828e-08, -0.000060439109802246094, -0.00007186660513980314, 1, -1.3038514623531228e-07, -9.685756907629184e-08, 1.3411046495548362e-07, 0.5349025130271912, 0.8449136018753052, -8.195639367158947e-08, -0.8449137210845947, 0.5349029302597046),
            ["LeftUpperLeg"] = CFrame.new(5.960464477539063e-08, 8.940696716308594e-08, -1.4901161193847656e-08, 0.9951050281524658, -0.0011798517080023885, 0.09881582856178284, 0.0404520221054554, 0.917180597782135, -0.39641326665878296, -0.09016427397727966, 0.3984701335430145, 0.9127387404441833),
            ["LeftLowerLeg"] = CFrame.new(3.3527612686157227e-08, 0.000060558319091796875, 0.00007207691669464111, 1, 8.195638656616211e-08, 4.284083843231201e-08, -8.195637946073475e-08, 0.6878104209899902, 0.7258903980255127, 2.7939673685750677e-08, -0.7258903384208679, 0.6878104209899902),
        }},
        {Time = 0.100, Data = {
            ["RightFoot"] = CFrame.new(1.043081283569336e-07, 2.980232238769531e-07, 1.287116901949048e-08, 0.9793273210525513, 0.19731952250003815, -0.04453191161155701, -0.19191965460777283, 0.836804986000061, -0.5127613544464111, -0.06391339749097824, 0.5107078552246094, 0.8573755621910095),
            ["LeftLowerArm"] = CFrame.new(-0.000002771615982055664, -0.0000059604644775390625, -0.000008404254913330078, 1, -4.4704179913424014e-08, -1.4900864542255476e-08, 3.37607275469054e-08, 0.9507238268852234, -0.31003910303115845, 4.470386016919292e-08, 0.31003904342651367, 0.9507238268852234),
            ["LeftFoot"] = CFrame.new(-5.029141902923584e-08, -5.960464477539063e-08, -4.470348358154297e-08, 0.9947262406349182, -0.07737641781568527, 0.0673254057765007, 0.10040519386529922, 0.8686501383781433, -0.4851451814174652, -0.020943397656083107, 0.48934632539749146, 0.8718379735946655),
            ["Head"] = CFrame.new(5.820766091346741e-10, 0, -1.945591066032648e-08, 0.9807831048965454, 0.050285860896110535, -0.18851079046726227, 0.009294652380049229, 0.9530749320983887, 0.302590936422348, 0.19487963616847992, -0.2985290586948395, 0.9342924952507019),
            ["LowerTorso"] = CFrame.new(-0.06945319473743439, -0.2384352684020996, 0.012350864708423615, 0.9906011819839478, 0.092849001288414, 0.10044065862894058, -0.09593537449836731, 0.995039165019989, 0.026337193325161934, -0.09749699383974075, -0.03572547063231468, 0.994594395160675),
            ["UpperTorso"] = CFrame.new(-1.2834789231419563e-08, 2.384185791015625e-07, 4.307366907596588e-09, 0.9948021769523621, -0.07207546383142471, 0.07192874699831009, 0.07088444381952286, 0.9973040223121643, 0.01897931471467018, -0.07310277223587036, -0.013782033696770668, 0.9972291588783264),
            ["HumanoidRootPart"] = CFrame.new(0, 0, 0, 1, 0, 0, 0, 1, 0, 0, 0, 1),
            ["RightUpperLeg"] = CFrame.new(0, 3.993045538663864e-08, -1.6596459317952394e-08, 0.8940404653549194, -0.42344796657562256, -0.146231546998024, 0.27183079719543457, 0.772234320640564, -0.5742493271827698, 0.35608971118927, 0.4736517667770386, 0.8055147528648376),
            ["LeftUpperArm"] = CFrame.new(0, 1.1920928955078125e-07, 0, 0.7854163646697998, 0.2660102844238281, 0.5588914155960083, -0.16531901061534882, 0.9602932929992676, -0.22473612427711487, -0.5964820981025696, 0.08411457389593124, 0.7982068061828613),
            ["RightLowerArm"] = CFrame.new(-0.000002592802047729492, -0.000008821487426757812, 0.000001646578311920166, 1, -9.779409282373308e-08, 8.47454018071403e-08, 5.215452958395872e-08, 0.03465980291366577, -0.9993991851806641, 1.0244639980783177e-07, 0.9993991851806641, 0.0346597284078598),
            ["LeftHand"] = CFrame.new(-3.5762786865234375e-07, 4.76837158203125e-07, 8.940696716308594e-08, 0.33382582664489746, 0.8532484173774719, -0.40065276622772217, -0.855480432510376, 0.4527308940887451, 0.25138404965400696, 0.3958706557750702, 0.2588472366333008, 0.881069540977478),
            ["RightHand"] = CFrame.new(-3.129243850708008e-07, 1.7881393432617188e-07, -2.1606683731079102e-07, 0.5263429880142212, -0.4829021096229553, 0.6998340487480164, 0.673698365688324, 0.7390011548995972, 0.003228980116546154, -0.5187425017356873, 0.46976885199546814, 0.7142983078956604),
            ["RightUpperArm"] = CFrame.new(0, 5.960464477539062e-07, -7.450580596923828e-09, 0.9807520508766174, -0.17563177645206451, 0.08531350642442703, 0.018076155334711075, 0.5167215466499329, 0.8559630513191223, -0.19441881775856018, -0.837945282459259, 0.509949803352356),
            ["RightLowerLeg"] = CFrame.new(1.1920928955078125e-07, -0.00006020069122314453, -0.00007220933184726164, 1, -1.7136333951839333e-07, -3.725290653733282e-08, 1.937150670983101e-07, 0.43473103642463684, 0.900560200214386, -8.195637946073475e-08, -0.9005603194236755, 0.43473148345947266),
            ["LeftUpperLeg"] = CFrame.new(-5.960464477539063e-08, -8.568167686462402e-08, 1.4901161193847656e-08, 0.9908478856086731, 0.0364675335586071, 0.1299642026424408, 0.024449074640870094, 0.8984039425849915, -0.4384891092777252, -0.1327509731054306, 0.43765348196029663, 0.8892899751663208),
            ["LeftLowerLeg"] = CFrame.new(1.341104507446289e-07, 0.00006073713302612305, 0.00007193535566329956, 1, 8.568168397005138e-08, 4.4703490686970326e-08, -7.450580596923828e-08, 0.5828509330749512, 0.8125792145729065, 2.2351741790771484e-08, -0.8125790953636169, 0.5828509330749512),
        }},
        {Time = 0.133, Data = {
            ["RightFoot"] = CFrame.new(-5.960464477539063e-08, 2.384185791015625e-07, -2.438173396512866e-08, 0.9815624952316284, 0.19050638377666473, -0.015571730211377144, -0.1677943468093872, 0.8197866082191467, -0.5475351214408875, -0.0915435329079628, 0.5400530695915222, 0.8366377949714661),
            ["LeftLowerArm"] = CFrame.new(-1.1920928955078125e-07, -0.000005066394805908203, -0.000008404254913330078, 1, 5.960524163128866e-08, -1.490085566047128e-08, 9.31336074927458e-09, 0.9442827701568604, -0.32913535833358765, 1.1176033432036547e-08, 0.32913538813591003, 0.9442828297615051),
            ["LeftFoot"] = CFrame.new(-1.1548399925231934e-07, -1.1920928955078125e-07, -3.725290298461914e-08, 0.9947164058685303, -0.0949297621846199, 0.039086971431970596, 0.10108782351016998, 0.8392803072929382, -0.5342186689376831, 0.01790824718773365, 0.5353473424911499, 0.8444423079490662),
            ["Head"] = CFrame.new(-8.381903171539307e-09, -3.5762786865234375e-07, -4.540197551250458e-09, 0.9833489060401917, 0.06390849500894547, -0.17012187838554382, -0.006375358905643225, 0.9476805329322815, 0.3191557824611664, 0.18161579966545105, -0.312757670879364, 0.9323079586029053),
            ["LowerTorso"] = CFrame.new(-0.05257043242454529, -0.2792487144470215, 0.003383457427844405, 0.9933160543441772, 0.08985015004873276, 0.07245839387178421, -0.09062675386667252, 0.9958567023277283, 0.0074957129545509815, -0.07148468494415283, -0.01401227992027998, 0.9973433613777161),
            ["UpperTorso"] = CFrame.new(-5.529727786779404e-09, -1.7881393432617188e-07, -2.3283064365386963e-09, 0.9931257963180542, -0.08117115497589111, 0.08433578163385391, 0.0788528099656105, 0.9964204430580139, 0.030471574515104294, -0.08650730550289154, -0.02361198142170906, 0.9959713816642761),
            ["HumanoidRootPart"] = CFrame.new(0, 0, 0, 1, 0, 0, 0, 1, 0, 0, 0, 1),
            ["RightUpperLeg"] = CFrame.new(5.960464477539063e-08, 3.080349415540695e-07, -1.7527781892567873e-08, 0.8962767124176025, -0.4227590262889862, -0.13402561843395233, 0.266793429851532, 0.755369246006012, -0.5985305309295654, 0.3542729318141937, 0.5006917119026184, 0.7898091673851013),
            ["LeftUpperArm"] = CFrame.new(5.960464477539063e-08, -3.5762786865234375e-07, 0, 0.7807307243347168, 0.28224125504493713, 0.5574938058853149, -0.175465926527977, 0.9553060531616211, -0.23791250586509705, -0.5997260808944702, 0.08792269974946976, 0.7953605651855469),
            ["RightLowerArm"] = CFrame.new(2.980232238769531e-07, -0.000008702278137207031, 0.0000019371509552001953, 1, -5.960851723330052e-08, 5.3081926409959124e-08, 5.774222699983511e-08, 0.04843062162399292, -0.9988265633583069, 6.146753150915174e-08, 0.9988265633583069, 0.04843059182167053),
            ["LeftHand"] = CFrame.new(-1.043081283569336e-07, 0, -1.4901161193847656e-07, 0.327860027551651, 0.8452247977256775, -0.4220150113105774, -0.8558339476585388, 0.4548987150192261, 0.2462109625339508, 0.4000700116157532, 0.28046777844429016, 0.8725156784057617),
            ["RightHand"] = CFrame.new(-2.4959444999694824e-07, 2.980232238769531e-07, -2.086162567138672e-07, 0.5354867577552795, -0.48825475573539734, 0.6891006231307983, 0.6773741841316223, 0.7356231808662415, -0.005174444988369942, -0.5043987035751343, 0.469538152217865, 0.7246472239494324),
            ["RightUpperArm"] = CFrame.new(0, -1.1920928955078125e-07, 0, 0.9776822924613953, -0.17859487235546112, 0.11063724011182785, -0.00004058743434143253, 0.5264626145362854, 0.8501988649368286, -0.2100892961025238, -0.8312286138534546, 0.5147051215171814),
            ["RightLowerLeg"] = CFrame.new(-2.9802322387695312e-08, -0.0000603795051574707, -0.00007217207894427702, 1, -1.0244548320770264e-07, -7.450584860180243e-08, 1.3411047916633834e-07, 0.3562282621860504, 0.934398889541626, -9.685756907629184e-08, -0.9343989491462708, 0.35622867941856384),
            ["LeftUpperLeg"] = CFrame.new(-1.1920928955078125e-07, 9.086215868592262e-08, 2.7008354663848877e-08, 0.982382595539093, 0.08608231693506241, 0.1658749133348465, -0.0011992845684289932, 0.8904803395271301, -0.45502039790153503, -0.1868775337934494, 0.4468051493167877, 0.8748955130577087),
            ["LeftLowerLeg"] = CFrame.new(-1.4901161193847656e-08, 0.000060498714447021484, 0.00007209181785583496, 1, 6.70552182668871e-08, 8.940695295223122e-08, -5.960463766996327e-08, 0.502123236656189, 0.8647961616516113, 4.470347647611561e-08, -0.8647961616516113, 0.502123236656189),
        }},
        {Time = 0.167, Data = {
            ["RightFoot"] = CFrame.new(1.1362135410308838e-07, 4.172325134277344e-07, 1.287116901949048e-08, 0.9835347533226013, 0.18060745298862457, 0.006362268701195717, -0.14506728947162628, 0.8100094199180603, -0.5681901574134827, -0.10777280479669571, 0.5579119920730591, 0.8228727579116821),
            ["LeftLowerArm"] = CFrame.new(0.000003635883331298828, -0.000004827976226806641, -0.000007927417755126953, 1, -5.960479398936513e-08, 7.45042694205722e-09, 1.6764161614446493e-08, 0.940047025680542, -0.34104499220848083, 1.490147738536507e-08, 0.34104493260383606, 0.9400470852851868),
            ["LeftFoot"] = CFrame.new(-5.587935447692871e-09, 0, -1.4901161193847656e-08, 0.9934657216072083, -0.11407109349966049, 0.00372119527310133, 0.09623122960329056, 0.8196733593940735, -0.564690351486206, 0.06136479601264, 0.5613585710525513, 0.8252944946289062),
            ["Head"] = CFrame.new(-2.7939677238464355e-09, 1.1920928955078125e-07, 1.2791133485734463e-08, 0.9853699207305908, 0.07117274403572083, -0.15486012399196625, -0.01660473830997944, 0.9443982839584351, 0.32838356494903564, 0.16961877048015594, -0.3210086226463318, 0.9317631721496582),
            ["LowerTorso"] = CFrame.new(-0.03432357311248779, -0.30499958992004395, -0.004431307315826416, 0.9953083395957947, 0.08341296017169952, 0.049026161432266235, -0.08304621279239655, 0.9965006709098816, -0.009474106132984161, -0.04964485764503479, 0.0053582205437123775, 0.9987526535987854),
            ["UpperTorso"] = CFrame.new(-3.0195224098861217e-09, -1.7881393432617188e-07, -6.948539521545172e-10, 0.9922094941139221, -0.08201134949922562, 0.0937788113951683, 0.07844137400388718, 0.9960692524909973, 0.04114672914147377, -0.09678463637828827, -0.0334700383245945, 0.9947424530982971),
            ["HumanoidRootPart"] = CFrame.new(0, 0, 0, 1, 0, 0, 0, 1, 0, 0, 0, 1),
            ["RightUpperLeg"] = CFrame.new(1.1920928955078125e-07, -2.0634615793824196e-07, -1.845910446718335e-08, 0.9007713198661804, -0.41368746757507324, -0.13218870759010315, 0.25611943006515503, 0.7518261075019836, -0.6075858473777771, 0.35073351860046387, 0.5134395956993103, 0.7831766605377197),
            ["LeftUpperArm"] = CFrame.new(0, 2.384185791015625e-07, 3.725290298461914e-09, 0.7786576151847839, 0.2910539507865906, 0.555859386920929, -0.17978639900684357, 0.9522531032562256, -0.24676145613193512, -0.6011399030685425, 0.09220491349697113, 0.7938067317008972),
            ["RightLowerArm"] = CFrame.new(0.000002384185791015625, -0.000008344650268554688, 0.000001989305019378662, 1, -6.333463886676327e-08, 6.705052157940372e-08, 7.916236199889681e-08, 0.058263830840587616, -0.9983012676239014, 5.029138350209905e-08, 0.9983012080192566, 0.058263786137104034),
            ["LeftHand"] = CFrame.new(1.9371509552001953e-07, -5.960464477539063e-08, -2.682209014892578e-07, 0.3237398862838745, 0.8320549726486206, -0.4504108130931854, -0.8576998114585876, 0.4590582847595215, 0.2315567433834076, 0.399429053068161, 0.31136804819107056, 0.8622711896896362),
            ["RightHand"] = CFrame.new(2.868473529815674e-07, 0, -1.564621925354004e-07, 0.5447118878364563, -0.49345457553863525, 0.678077757358551, 0.6801643967628479, 0.732947587966919, -0.013024897314608097, -0.4905765652656555, 0.4682844877243042, 0.7348749041557312),
            ["RightUpperArm"] = CFrame.new(1.1920928955078125e-07, 1.1920928955078125e-07, -3.725290298461914e-09, 0.9738643169403076, -0.18377409875392914, 0.13347066938877106, -0.013942316174507141, 0.5381653308868408, 0.8427246809005737, -0.226702481508255, -0.8225600719451904, 0.5215370655059814),
            ["RightLowerLeg"] = CFrame.new(-5.960464477539063e-08, -0.00006031990051269531, -0.00007212737546069548, 1, -1.4901159772762185e-07, -9.685756907629184e-08, 1.788139627478813e-07, 0.3094022572040558, 0.950931191444397, -8.195639367158947e-08, -0.9509313106536865, 0.3094026446342468),
            ["LeftUpperLeg"] = CFrame.new(-5.960464477539063e-08, -2.671731635928154e-07, -1.30385160446167e-08, 0.9697092771530151, 0.13929341733455658, 0.20065224170684814, -0.03248685970902443, 0.8877125382423401, -0.4592507779598236, -0.24209199845790863, 0.4388211965560913, 0.8653481602668762),
            ["LeftLowerLeg"] = CFrame.new(-5.21540641784668e-08, 0.00006091594696044922, 0.00007194280624389648, 1, 8.940695295223122e-08, 3.7252898543727042e-09, -8.195635814445268e-08, 0.4513961374759674, 0.8923237323760986, 1.1175866632129328e-07, -0.8923236727714539, 0.45139607787132263),
        }},
        {Time = 0.200, Data = {
            ["RightFoot"] = CFrame.new(-1.6763806343078613e-08, 3.5762786865234375e-07, -5.045876605436206e-08, 0.9856457114219666, 0.16819672286510468, 0.01457170583307743, -0.12882451713085175, 0.8050835728645325, -0.5790027976036072, -0.10911795496940613, 0.568814754486084, 0.8151953816413879),
            ["LeftLowerArm"] = CFrame.new(0.0000063478946685791016, -0.000005304813385009766, -0.000008016824722290039, 1, 0, 7.450439376555096e-09, -2.607773730289864e-08, 0.9391998052597046, -0.34337136149406433, -1.0431094921159456e-07, 0.34337133169174194, 0.9391998052597046),
            ["LeftFoot"] = CFrame.new(2.9802322387695312e-08, 5.960464477539063e-08, -4.470348358154297e-08, 0.9902705550193787, -0.13376975059509277, -0.038338229060173035, 0.08710477501153946, 0.8107314705848694, -0.5789017677307129, 0.10852176696062088, 0.5699299573898315, 0.8144956231117249),
            ["Head"] = CFrame.new(3.958120942115784e-09, 0, 1.1059455573558807e-08, 0.9870485663414001, 0.07351851463317871, -0.1425875723361969, -0.022416308522224426, 0.9432969689369202, 0.33119168877601624, 0.15884822607040405, -0.3237066864967346, 0.9327276349067688),
            ["LowerTorso"] = CFrame.new(-0.014644742012023926, -0.31810879707336426, -0.00784268043935299, 0.9965208768844604, 0.0734633058309555, 0.039361532777547836, -0.07284745573997498, 0.9972006678581238, -0.016859959810972214, -0.04048993065953255, 0.013933916576206684, 0.9990828037261963),
            ["UpperTorso"] = CFrame.new(3.0995579436421394e-09, 8.940696716308594e-08, -3.3760443329811096e-09, 0.9928763508796692, -0.07582087069749832, 0.09191151708364487, 0.07193690538406372, 0.9963997006416321, 0.04486304894089699, -0.09498214721679688, -0.03793162852525711, 0.9947561025619507),
            ["HumanoidRootPart"] = CFrame.new(0, 0, 0, 1, 0, 0, 0, 1, 0, 0, 0, 1),
            ["RightUpperLeg"] = CFrame.new(-2.9802322387695312e-08, 3.964523784816265e-07, -2.7772330213338137e-08, 0.9065778255462646, -0.39776262640953064, -0.1410733014345169, 0.23724116384983063, 0.7567560076713562, -0.6091281771659851, 0.3490464985370636, 0.5187535285949707, 0.7804237008094788),
            ["LeftUpperArm"] = CFrame.new(5.960464477539063e-08, 2.384185791015625e-07, -7.450580596923828e-09, 0.7785753607749939, 0.29315054416656494, 0.5548719167709351, -0.17876172065734863, 0.9511570334434509, -0.251684308052063, -0.6015519499778748, 0.09676354378461838, 0.7929515838623047),
            ["RightLowerArm"] = CFrame.new(0.000004172325134277344, -0.00000852346420288086, 0.00000216066837310791, 1, -6.892327064633719e-08, 1.378259923967562e-07, 1.0058247568167644e-07, 0.066035196185112, -0.9978173971176147, 8.940664741885485e-08, 0.9978172779083252, 0.0660352036356926),
            ["LeftHand"] = CFrame.new(1.4901161193847656e-08, 1.1920928955078125e-07, -1.341104507446289e-07, 0.32071971893310547, 0.8146113753318787, -0.48326045274734497, -0.8596733212471008, 0.4645354747772217, 0.21252644062042236, 0.39761871099472046, 0.3472970724105835, 0.849289059638977),
            ["RightHand"] = CFrame.new(-1.862645149230957e-08, -5.960464477539063e-08, 1.862645149230957e-07, 0.553716242313385, -0.49848905205726624, 0.6670117974281311, 0.6831840872764587, 0.7299293279647827, -0.021655289456248283, -0.4760861396789551, 0.467666357755661, 0.7447324395179749),
            ["RightUpperArm"] = CFrame.new(-1.1920928955078125e-07, -2.384185791015625e-07, 0, 0.9691576361656189, -0.19345998764038086, 0.1526617556810379, -0.0214106235653162, 0.5510282516479492, 0.8342124819755554, -0.24550995230674744, -0.8117519617080688, 0.5298904180526733),
            ["RightLowerLeg"] = CFrame.new(7.450580596923828e-08, -0.00006031990051269531, -0.00007229873881442472, 1, -1.4901159772762185e-07, -1.5646223516796454e-07, 1.341104365337742e-07, 0.28922170400619507, 0.9572620391845703, -8.940695295223122e-08, -0.9572622179985046, 0.2892220616340637),
            ["LeftUpperLeg"] = CFrame.new(-1.7881393432617188e-07, 1.5328987501561642e-07, 3.5390257835388184e-08, 0.9547251462936401, 0.19234904646873474, 0.22694025933742523, -0.06563898921012878, 0.8802534341812134, -0.4699421226978302, -0.2901577651500702, 0.4337693750858307, 0.8530256152153015),
            ["LeftLowerLeg"] = CFrame.new(8.940696716308594e-08, 0.000060498714447021484, 0.00007203221321105957, 1, 5.960465188081798e-08, 5.960465188081798e-08, -1.043081283569336e-07, 0.42126455903053284, 0.906937837600708, 1.4901161193847656e-08, -0.9069378972053528, 0.4212645888328552),
        }},
        {Time = 0.233, Data = {
            ["RightFoot"] = CFrame.new(-8.754432201385498e-08, 1.1920928955078125e-07, -9.480572771281004e-09, 0.9881566762924194, 0.15281814336776733, 0.013899363577365875, -0.11607527732849121, 0.8036554455757141, -0.5836642980575562, -0.10036495327949524, 0.5751387476921082, 0.811876118183136),
            ["LeftLowerArm"] = CFrame.new(0.000008612871170043945, -0.0000054836273193359375, -0.000008463859558105469, 1, -2.9802009748891578e-08, -6.705402455509102e-08, 2.0489750340857427e-08, 0.9413561820983887, -0.33741459250450134, -1.862704657185077e-08, 0.33741453289985657, 0.9413561820983887),
            ["LeftFoot"] = CFrame.new(1.4901161193847656e-08, -5.960464477539063e-08, -7.450580596923828e-09, 0.9839441180229187, -0.15155047178268433, -0.09426890313625336, 0.0698845237493515, 0.8131564855575562, -0.5778345465660095, 0.16422642767429352, 0.5619689226150513, 0.8106914162635803),
            ["Head"] = CFrame.new(1.3969838619232178e-09, -1.1920928955078125e-07, 4.190951585769653e-09, 0.9885197281837463, 0.0748572126030922, -0.1312483698129654, -0.027935674414038658, 0.9442186951637268, 0.3281315267086029, 0.14848746359348297, -0.32069864869117737, 0.9354697465896606),
            ["LowerTorso"] = CFrame.new(0.008171327412128448, -0.3220735788345337, -0.0052744802087545395, 0.9971623420715332, 0.05903179943561554, 0.04671771824359894, -0.058415550738573074, 0.998187780380249, -0.014449180103838444, -0.047486014664173126, 0.011679137125611305, 0.9988036155700684),
            ["UpperTorso"] = CFrame.new(-1.07775122160092e-08, 2.9802322387695312e-08, 2.9685907065868378e-09, 0.9951018691062927, -0.06506527215242386, 0.07442298531532288, 0.061984773725271225, 0.997151255607605, 0.04298056662082672, -0.07700752466917038, -0.03815694525837898, 0.9963001608848572),
            ["HumanoidRootPart"] = CFrame.new(0, 0, 0, 1, 0, 0, 0, 1, 0, 0, 0, 1),
            ["RightUpperLeg"] = CFrame.new(5.960464477539063e-08, -1.0328949429094791e-07, -5.420588422566652e-09, 0.9108088612556458, -0.37806710600852966, -0.16580891609191895, 0.20799532532691956, 0.767191469669342, -0.6067580580711365, 0.35660240054130554, 0.5181529521942139, 0.7774009704589844),
            ["LeftUpperArm"] = CFrame.new(0, -1.1920928955078125e-07, -3.725290298461914e-09, 0.779154360294342, 0.2920520305633545, 0.5546384453773499, -0.1744784414768219, 0.9509068131446838, -0.2556053102016449, -0.6020596027374268, 0.10238180309534073, 0.7918599247932434),
            ["RightLowerArm"] = CFrame.new(0.00000476837158203125, -0.00000864267349243164, 0.0000016763806343078613, 1, -9.686502977501732e-08, 4.563169397897582e-08, 6.798619267556205e-08, 0.07014856487512589, -0.9975365996360779, 9.871967421304362e-08, 0.9975365996360779, 0.07014859467744827),
            ["LeftHand"] = CFrame.new(2.2351741790771484e-07, -2.980232238769531e-07, -1.043081283569336e-07, 0.31745797395706177, 0.7941471338272095, -0.5182145833969116, -0.8604652881622314, 0.47090619802474976, 0.19453215599060059, 0.39852210879325867, 0.38415858149528503, 0.8328331112861633),
            ["RightHand"] = CFrame.new(7.82310962677002e-08, -5.364418029785156e-07, 9.685754776000977e-08, 0.5624152421951294, -0.5032755732536316, 0.6560491323471069, 0.6858617663383484, 0.7271087765693665, -0.030209777876734734, -0.46182548999786377, 0.46693316102027893, 0.7541133165359497),
            ["RightUpperArm"] = CFrame.new(0, 1.1920928955078125e-07, 1.862645149230957e-08, 0.9636979699134827, -0.20804181694984436, 0.16734348237514496, -0.021137911826372147, 0.5653533339500427, 0.8245787024497986, -0.26615700125694275, -0.7981818914413452, 0.5404314994812012),
            ["RightLowerLeg"] = CFrame.new(2.9802322387695312e-08, -0.000060498714447021484, -0.00007194111094577238, 1, -1.564621925354004e-07, -1.2665992699112394e-07, 2.1606686573250045e-07, 0.28907862305641174, 0.957305371761322, -1.0430814256778831e-07, -0.9573054313659668, 0.289078950881958),
            ["LeftUpperLeg"] = CFrame.new(-5.960464477539063e-08, -1.1104566510766745e-07, 3.3527612686157227e-08, 0.9367879033088684, 0.24818938970565796, 0.24663850665092468, -0.09792369604110718, 0.8626839518547058, -0.4961726665496826, -0.33591586351394653, 0.4406568109989166, 0.8324555158615112),
            ["LeftLowerLeg"] = CFrame.new(-1.1920928955078125e-07, 0.000060677528381347656, 0.00007195770740509033, 1, 1.0430811414607888e-07, 5.960463766996327e-08, -1.1175869474300271e-07, 0.40323784947395325, 0.9150952100753784, 2.2351738238057806e-08, -0.9150952100753784, 0.4032379686832428),
        }},
        {Time = 0.267, Data = {
            ["RightFoot"] = CFrame.new(8.940696716308594e-08, 3.5762786865234375e-07, 1.6596459317952394e-08, 0.990705132484436, 0.13536067306995392, 0.013453496620059013, -0.10274587571620941, 0.8094565868377686, -0.5781201720237732, -0.08914486318826675, 0.5713645815849304, 0.8158407211303711),
            ["LeftLowerArm"] = CFrame.new(0.000011712312698364258, -0.000005364418029785156, -0.000008553266525268555, 1, 0, 1.4900933820172213e-08, 2.2352590889340718e-08, 0.9455229043960571, -0.325555682182312, -2.6078023296349784e-08, 0.32555559277534485, 0.9455229640007019),
            ["LeftFoot"] = CFrame.new(-1.0058283805847168e-07, -5.960464477539063e-08, -6.705522537231445e-08, 0.9722926616668701, -0.16582372784614563, -0.16477087140083313, 0.046207066625356674, 0.8272729516029358, -0.5598968863487244, 0.22915473580360413, 0.5367700457572937, 0.812013566493988),
            ["Head"] = CFrame.new(0, 1.1920928955078125e-07, -4.889443516731262e-09, 0.9897070527076721, 0.07627934962511063, -0.1210872009396553, -0.033792637288570404, 0.9467456936836243, 0.3202032744884491, 0.13906140625476837, -0.3128166198730469, 0.9395784735679626),
            ["LowerTorso"] = CFrame.new(0.03275676816701889, -0.31302642822265625, 0.0014151808572933078, 0.9970818758010864, 0.0400727316737175, 0.06497642397880554, -0.0396842323243618, 0.9991859197616577, -0.007259277626872063, -0.06521442532539368, 0.00465955538675189, 0.9978603720664978),
            ["UpperTorso"] = CFrame.new(1.928128767758608e-08, 8.940696716308594e-08, 3.026798367500305e-09, 0.9976481795310974, -0.049630675464868546, 0.04727427288889885, 0.04775998368859291, 0.9980611801147461, 0.03991144895553589, -0.04916347563266754, -0.037559766322374344, 0.998084306716919),
            ["HumanoidRootPart"] = CFrame.new(0, 0, 0, 1, 0, 0, 0, 1, 0, 0, 0, 1),
            ["RightUpperLeg"] = CFrame.new(1.1920928955078125e-07, 9.503855835646391e-08, -1.6952981241047382e-09, 0.9111368656158447, -0.35546258091926575, -0.2085089534521103, 0.17082317173480988, 0.7862168550491333, -0.5938708782196045, 0.3750321567058563, 0.5054793953895569, 0.7770723700523376),
            ["LeftUpperArm"] = CFrame.new(1.1920928955078125e-07, 1.1920928955078125e-07, 1.4901161193847656e-08, 0.7807086706161499, 0.28797194361686707, 0.5545859932899475, -0.16714739799499512, 0.9513832926750183, -0.25871241092681885, -0.6021260023117065, 0.10927960276603699, 0.7908871173858643),
            ["RightLowerArm"] = CFrame.new(0.000004887580871582031, -0.00000858306884765625, 0.0000013709068298339844, 1, -1.0059028454634245e-07, 5.4478871192031875e-08, 2.8870823953752733e-08, 0.07056475430727005, -0.9975072741508484, 5.2153747986949384e-08, 0.9975072741508484, 0.07056470215320587),
            ["LeftHand"] = CFrame.new(-2.9802322387695312e-08, 1.1920928955078125e-07, 1.1175870895385742e-07, 0.31193438172340393, 0.7724400162696838, -0.5532017946243286, -0.8600479364395142, 0.47699299454689026, 0.18107251822948456, 0.4037505090236664, 0.4193021059036255, 0.8131300806999207),
            ["RightHand"] = CFrame.new(9.313225746154785e-08, -5.960464477539063e-08, -5.960464477539063e-08, 0.5705557465553284, -0.5079794526100159, 0.6453068256378174, 0.6880717277526855, 0.7246537804603577, -0.03795028477907181, -0.448356568813324, 0.4656542241573334, 0.7629803419113159),
