return {
    ["Make Some Waves"] = {
        {Time = 0.000, Data = {
            ["LeftFoot"] = CFrame.new(1.7229467630386353e-08, 1.1920928955078125e-07, -2.9336661100387573e-08, 0.9685737490653992, 0.12383295595645905, 0.21570897102355957, -0.005332009866833687, 0.8773913979530334, -0.47974592447280884, -0.2486696094274521, 0.46351903676986694, 0.8504785299301147),
            ["LeftLowerArm"] = CFrame.new(-2.682209014892578e-07, -2.980232238769531e-07, -2.183951437473297e-07, 1, -1.4714893836753618e-07, 2.9802315282267955e-08, 1.2665984172599565e-07, 0.4450581669807434, -0.8955016732215881, 7.450579175838357e-08, 0.8955016732215881, 0.4450582265853882),
            ["LowerTorso"] = CFrame.new(-0.021696338430047035, -0.20945298671722412, -0.0034637898206710815, 0.9963843822479248, -0.0011763636721298099, 0.0849517434835434, 0.01114168856292963, 0.9930779933929443, -0.11692735552787781, -0.08422616124153137, 0.11745109409093857, 0.9895004630088806),
            ["Head"] = CFrame.new(2.7939677238464355e-09, 1.1920928955078125e-07, -4.6566128730773926e-09, 0.9944543242454529, -0.014916681684553623, -0.10410662740468979, 0.012810643762350082, 0.9997001886367798, -0.02086898870766163, 0.10438668727874756, 0.019419683143496513, 0.9943472743034363),
            ["RightUpperArm"] = CFrame.new(0, 2.384185791015625e-07, -7.450580596923828e-09, 0.33993902802467346, -0.9294867515563965, 0.14316335320472717, 0.6569173336029053, 0.1257510781288147, -0.7434017062187195, 0.6729792952537537, 0.3467579483985901, 0.6533437967300415),
            ["UpperTorso"] = CFrame.new(-2.3283064365386963e-10, -5.960464477539063e-08, 7.450580596923828e-09, 0.9999995827674866, 0.00089354591909796, 0.00016516837058588862, -0.0009086803765967488, 0.9829474091529846, 0.18388518691062927, 0.0000019668368622660637, -0.18388527631759644, 0.9829477667808533),
            ["HumanoidRootPart"] = CFrame.new(0, 0, 0, 1, 0, 0, 0, 1, 0, 0, 0, 1),
            ["RightHand"] = CFrame.new(3.8743019104003906e-07, 0, -9.685754776000977e-08, 0.9215530753135681, -0.21410764753818512, -0.3238798975944519, 0.13356880843639374, 0.9581142663955688, -0.2533304691314697, 0.364553838968277, 0.19019736349582672, 0.9115512371063232),
            ["LeftUpperArm"] = CFrame.new(0, 7.152557373046875e-07, 7.450580596923828e-09, 0.4812222719192505, 0.7352479696273804, -0.4773212671279907, -0.37840354442596436, -0.31693512201309204, -0.8696913123130798, -0.7907187342643738, 0.5991349816322327, 0.12570425868034363),
            ["RightLowerArm"] = CFrame.new(-5.960464477539063e-08, -1.7881393432617188e-07, -2.2351741790771484e-08, 1, -5.5879347371501353e-08, 7.450577754752885e-08, 3.725289587919178e-08, 0.3524205982685089, -0.9358417987823486, 5.215404996761208e-08, 0.9358417987823486, 0.352420449256897),
            ["LeftHand"] = CFrame.new(5.960464477539063e-08, 0, 5.960464477539063e-08, 0.9560124278068542, 0.2401534616947174, 0.16842390596866608, -0.19719676673412323, 0.9512689113616943, -0.23706699907779694, -0.2171490341424942, 0.19342637062072754, 0.9567824602127075),
            ["RightUpperLeg"] = CFrame.new(0, 1.0209623724222183e-07, 1.3205863069742918e-08, 0.9764102697372437, 0.023419801145792007, -0.21465006470680237, -0.07053264230489731, 0.9741620421409607, -0.21455442905426025, 0.20407918095588684, 0.2246328890323639, 0.9528335332870483),
            ["LeftUpperLeg"] = CFrame.new(0, 1.8480932340025902e-07, 3.725290298461914e-09, 0.9935873746871948, -0.0958947241306305, 0.0599043071269989, 0.11106410622596741, 0.9270443320274353, -0.3581250309944153, -0.02119160257279873, 0.3624817132949829, 0.9317499399185181),
            ["RightLowerLeg"] = CFrame.new(5.21540641784668e-08, 2.980232238769531e-07, 2.032174961641431e-08, 1, -1.0430814256778831e-07, -6.705524668859653e-08, 1.3038514623531228e-07, 0.6017758250236511, 0.7986647486686707, -6.70552182668871e-08, -0.7986650466918945, 0.6017763614654541),
            ["RightFoot"] = CFrame.new(-1.30385160446167e-08, 5.364418029785156e-07, 9.01709427125752e-08, 0.9912293553352356, -0.10196252167224884, -0.08407212048768997, 0.03759044036269188, 0.8274312019348145, -0.560307502746582, 0.1266942173242569, 0.552233099937439, 0.8240070343017578),
            ["LeftLowerLeg"] = CFrame.new(6.332993507385254e-08, 5.960464477539063e-08, 6.705522537231445e-08, 1, 7.823111758398227e-08, 4.0978196835794733e-08, -6.70552182668871e-08, 0.5631946325302124, 0.8263244032859802, 4.8428766774577525e-08, -0.8263243436813354, 0.5631945729255676),
        }},
        {Time = 0.033, Data = {
            ["LeftFoot"] = CFrame.new(2.7939677238464355e-08, 0, -9.313225746154785e-10, 0.9698916673660278, 0.12208446115255356, 0.21072642505168915, -0.018922606483101845, 0.9004368185997009, -0.43457531929016113, -0.24280089139938354, 0.4175034463405609, 0.8756361603736877),
            ["LeftLowerArm"] = CFrame.new(-1.7881393432617188e-07, -1.1920928955078125e-07, 1.1920928955078125e-07, 1, -4.4703469370688254e-08, 4.470347292340193e-08, 7.450580596923828e-08, 0.4554831385612488, -0.8902444839477539, 7.450580596923828e-09, 0.8902444839477539, 0.4554830491542816),
            ["LowerTorso"] = CFrame.new(-0.023264780640602112, -0.17973875999450684, 0.008511379361152649, 0.9975500106811523, 0.019376561045646667, 0.0672200471162796, -0.011621558107435703, 0.9934247732162476, -0.11389561742544174, -0.06898496299982071, 0.11283537745475769, 0.9912160634994507),
            ["Head"] = CFrame.new(8.381903171539307e-09, 3.5762786865234375e-07, 1.4202669262886047e-08, 0.9957031607627869, -0.022314749658107758, -0.08987373858690262, 0.021318266168236732, 0.9997003078460693, -0.012032237835228443, 0.09011529386043549, 0.010064691305160522, 0.9958805441856384),
            ["RightUpperArm"] = CFrame.new(0, 2.384185791015625e-07, -2.2351741790771484e-08, 0.5361256003379822, -0.8412748575210571, 0.06946888566017151, 0.6422654390335083, 0.35312575101852417, -0.680292010307312, 0.5477814078330994, 0.4093395471572876, 0.7296415567398071),
            ["UpperTorso"] = CFrame.new(-3.259629011154175e-09, 5.960464477539063e-08, -8.032657206058502e-09, 0.9998727440834045, -0.015956221148371696, 0.00022222221014089882, 0.015584234148263931, 0.9793688058853149, 0.20147952437400818, -0.00343249156139791, -0.2014504075050354, 0.979492723941803),
            ["HumanoidRootPart"] = CFrame.new(0, 0, 0, 1, 0, 0, 0, 1, 0, 0, 0, 1),
            ["RightHand"] = CFrame.new(1.7881393432617188e-07, -1.1920928955078125e-07, -1.2014061212539673e-07, 0.9316062927246094, -0.2348845899105072, -0.2773796021938324, 0.16398940980434418, 0.9526784420013428, -0.2559513449668884, 0.32437223196029663, 0.1929585337638855, 0.9260396361351013),
            ["LeftUpperArm"] = CFrame.new(5.960464477539063e-08, 0, -3.213062882423401e-08, 0.7747285962104797, 0.6095201969146729, -0.16816921532154083, -0.25061172246932983, 0.05182265490293503, -0.9666996598243713, -0.5805079340934753, 0.7910750508308411, 0.1929013878107071),
            ["RightLowerArm"] = CFrame.new(-4.172325134277344e-07, 1.7881393432617188e-07, -1.4901161193847656e-08, 1, -1.4901157641133977e-08, 9.685751223287298e-08, 0, 0.5012444257736206, -0.8653057217597961, 2.2351747119842003e-08, 0.8653057813644409, 0.5012444257736206),
            ["LeftHand"] = CFrame.new(0, 5.960464477539062e-07, -8.940696716308594e-08, 0.9510292410850525, 0.2728896737098694, 0.14517204463481903, -0.2351352870464325, 0.9435535669326782, -0.23327630758285522, -0.2006361037492752, 0.18771767616271973, 0.961513102054596),
            ["RightUpperLeg"] = CFrame.new(5.960464477539063e-08, 8.544884622097015e-08, -1.287116901949048e-08, 0.9790231585502625, 0.002908536931499839, -0.20372867584228516, -0.04742546007037163, 0.9756872653961182, -0.2139749377965927, 0.1981530636548996, 0.219148188829422, 0.9553583264350891),
            ["LeftUpperLeg"] = CFrame.new(-5.960464477539063e-08, -1.2945383787155151e-07, 0, 0.9906268119812012, -0.10930336266756058, 0.08192383497953415, 0.12951436638832092, 0.9422018527984619, -0.30900120735168457, -0.04341394081711769, 0.3167150914669037, 0.9475266933441162),
            ["RightLowerLeg"] = CFrame.new(7.450580596923828e-09, 2.384185791015625e-07, 3.149762051180005e-08, 1, -1.3411046495548362e-07, -5.96046660916727e-08, 1.2293457984924316e-07, 0.6332061886787415, 0.7739829421043396, -5.029141902923584e-08, -0.7739832401275635, 0.6332065463066101),
            ["RightFoot"] = CFrame.new(-1.6763806343078613e-08, 4.76837158203125e-07, -1.673470251262188e-10, 0.9923804998397827, -0.10002538561820984, -0.07194437086582184, 0.04643906280398369, 0.8444948196411133, -0.5335464477539062, 0.11412496864795685, 0.5261402726173401, 0.842705249786377),
            ["LeftLowerLeg"] = CFrame.new(3.166496753692627e-08, -5.960464477539063e-08, 1.1920928955078125e-07, 1, 6.705523958316917e-08, 1.4901162970204496e-08, -6.332992796842518e-08, 0.6474865674972534, 0.7620768547058105, 2.607702853651972e-08, -0.7620769739151001, 0.647486686706543),
        }},
        {Time = 0.067, Data = {
            ["LeftFoot"] = CFrame.new(-3.3527612686157227e-08, -5.960464477539063e-08, 2.2351741790771484e-08, 0.9729557037353516, 0.11819693446159363, 0.19846099615097046, -0.05475914850831032, 0.9526993632316589, -0.2989404499530792, -0.22440749406814575, 0.279988169670105, 0.93340665102005),
            ["LeftLowerArm"] = CFrame.new(5.960464477539063e-08, 1.1920928955078125e-07, 1.1920928955078125e-07, 1, -1.1920928955078125e-07, 6.705523958316917e-08, 1.0430814256778831e-07, 0.46774226427078247, -0.8838649392127991, 3.725290653733282e-08, 0.8838649988174438, 0.46774226427078247),
            ["LowerTorso"] = CFrame.new(-0.029597550630569458, -0.09840631484985352, 0.022570237517356873, 0.9986582398414612, 0.04741745442152023, 0.020816965028643608, -0.045016005635261536, 0.9935927987098694, -0.1036672592163086, -0.025599222630262375, 0.10259106010198593, 0.9943941831588745),
            ["Head"] = CFrame.new(1.0186340659856796e-09, -1.1920928955078125e-07, -2.599699655547738e-08, 0.9976181983947754, -0.047020576894283295, -0.05046822503209114, 0.047084592282772064, 0.9988909959793091, 0.00007994683983270079, 0.05040848255157471, -0.002455925103276968, 0.9987257122993469),
            ["RightUpperArm"] = CFrame.new(2.384185791015625e-07, 0, -4.0978193283081055e-08, 0.7147100567817688, -0.6993641257286072, 0.00891500897705555, 0.573521077632904, 0.5787147283554077, -0.5797954797744751, 0.4003288745880127, 0.41949859261512756, 0.8147132992744446),
            ["UpperTorso"] = CFrame.new(6.6356733441352844e-09, -2.086162567138672e-07, 8.527422323822975e-09, 0.9993512630462646, -0.03581242263317108, 0.0038081244565546513, 0.034319739788770676, 0.9790434241294861, 0.20073910057544708, -0.010917270556092262, -0.20047813653945923, 0.9796373844146729),
            ["HumanoidRootPart"] = CFrame.new(0, 0, 0, 1, 0, 0, 0, 1, 0, 0, 0, 1),
            ["RightHand"] = CFrame.new(-1.1920928955078125e-07, 0, 2.1606683731079102e-07, 0.9511992931365967, -0.26377543807029724, -0.16013287007808685, 0.22280748188495636, 0.9461184144020081, -0.23498225212097168, 0.21348722279071808, 0.18783630430698395, 0.9587182998657227),
            ["LeftUpperArm"] = CFrame.new(0, -3.5762786865234375e-07, -7.450580596923828e-08, 0.8339189887046814, 0.5391979813575745, -0.11766400188207626, -0.37739959359169006, 0.4015905261039734, -0.8344427347183228, -0.40267711877822876, 0.7402638792991638, 0.5383870601654053),
            ["RightLowerArm"] = CFrame.new(1.1920928955078125e-07, 2.384185791015625e-07, -6.332993507385254e-08, 1, -8.940695295223122e-08, 4.4703494239684005e-08, 5.960465188081798e-08, 0.507627010345459, -0.861577033996582, 5.02914261346632e-08, 0.8615769743919373, 0.5076269507408142),
            ["LeftHand"] = CFrame.new(0, 1.1920928955078125e-07, -5.960464477539063e-08, 0.9389485120773315, 0.3296948969364166, 0.09837225079536438, -0.3031998872756958, 0.9280438423156738, -0.2163437008857727, -0.16262130439281464, 0.17330902814865112, 0.9713488221168518),
            ["RightUpperLeg"] = CFrame.new(5.960464477539063e-08, -2.8579961508512497e-07, 8.549250196665525e-09, 0.9830292463302612, -0.020093485713005066, -0.1823451668024063, -0.009988713078200817, 0.9866460561752319, -0.16257284581661224, 0.18317680060863495, 0.1616351455450058, 0.9697011113166809),
            ["LeftUpperLeg"] = CFrame.new(0, -2.5401823222637177e-07, 7.450580596923828e-09, 0.9831016659736633, -0.1361275464296341, 0.12239411473274231, 0.15302744507789612, 0.9780606031417847, -0.14135101437568665, -0.10046707838773727, 0.1576920747756958, 0.982364296913147),
            ["RightLowerLeg"] = CFrame.new(-3.725290298461914e-09, 3.5762786865234375e-07, -2.8107024263590574e-08, 1, -1.1175873737556685e-07, -2.6077035641947077e-08, 8.754432201385498e-08, 0.7580769062042236, 0.6521646976470947, -4.842877388000488e-08, -0.6521651744842529, 0.7580774426460266),
            ["RightFoot"] = CFrame.new(-1.30385160446167e-08, 2.384185791015625e-07, -2.0656443666666746e-08, 0.9949623942375183, -0.09220367670059204, -0.03934944048523903, 0.06565193086862564, 0.8959301114082336, -0.4393165707588196, 0.07576093822717667, 0.4345202147960663, 0.8974701762199402),
            ["LeftLowerLeg"] = CFrame.new(-1.4901161193847656e-08, 2.384185791015625e-07, -1.4901161193847656e-08, 1, 4.842879164357328e-08, 0, -3.3527612686157227e-08, 0.858690619468689, 0.5124940872192383, 1.30385160446167e-08, -0.5124942660331726, 0.8586907982826233),
        }},
        {Time = 0.100, Data = {
            ["LeftFoot"] = CFrame.new(-3.317836672067642e-08, -1.1920928955078125e-07, -1.5832483768463135e-08, 0.9770522713661194, 0.06058492511510849, 0.204201802611351, -0.0643349215388298, 0.997859001159668, 0.01176935713738203, -0.2030513733625412, -0.024636603891849518, 0.9788581728935242),
            ["LeftLowerArm"] = CFrame.new(5.960464477539063e-08, 2.980232238769531e-07, 8.940696716308594e-08, 1, -6.984918599073353e-08, 4.3422918594160365e-08, -4.470347647611561e-08, 0.37441298365592957, -0.9272621870040894, 6.984918599073353e-08, 0.9272621273994446, 0.37441280484199524),
            ["LowerTorso"] = CFrame.new(-0.042520567774772644, -0.011519908905029297, 0.03683309257030487, 0.9959557056427002, 0.07816880941390991, -0.044295117259025574, -0.08170917630195618, 0.9930475950241089, -0.0847354382276535, 0.03736349567770958, 0.08801206201314926, 0.9954184293746948),
            ["Head"] = CFrame.new(-2.1187588572502136e-08, -1.1920928955078125e-07, -1.9907020032405853e-08, 0.9958192110061646, -0.09120220690965652, 0.005128674209117889, 0.09119609743356705, 0.9958320260047913, 0.0014095853548496962, -0.005235851742327213, -0.0009358852985315025, 0.999985933303833),
            ["RightUpperArm"] = CFrame.new(-2.384185791015625e-07, 3.5762786865234375e-07, -2.2351741790771484e-08, 0.8442975878715515, -0.5343043208122253, 0.04099564254283905, 0.497610867023468, 0.7533239722251892, -0.4299841523170471, 0.19885937869548798, 0.383434534072876, 0.9019052386283875),
            ["UpperTorso"] = CFrame.new(2.0954757928848267e-09, 5.960464477539063e-08, -1.8975697457790375e-08, 0.998863935470581, -0.04615526273846626, 0.011857902631163597, 0.043044183403253555, 0.9806288480758667, 0.1910872906446457, -0.020447885617613792, -0.19035980105400085, 0.9815014004707336),
            ["HumanoidRootPart"] = CFrame.new(0, 0, 0, 1, 0, 0, 0, 1, 0, 0, 0, 1),
            ["RightHand"] = CFrame.new(7.450580596923828e-08, 0, -5.960464477539063e-08, 0.9554852843284607, -0.29495593905448914, 0.0070144496858119965, 0.29097506403923035, 0.9381248354911804, -0.1877634972333908, 0.04880146682262421, 0.181446373462677, 0.9821892380714417),
            ["LeftUpperArm"] = CFrame.new(0, 0, -1.4901161193847656e-08, 0.8100643157958984, 0.5244975686073303, -0.26210370659828186, -0.5829203128814697, 0.6721804738044739, -0.45648354291915894, -0.06324353069067001, 0.5225666165351868, 0.8502496480941772),
            ["RightLowerArm"] = CFrame.new(3.5762786865234375e-07, -5.960464477539063e-08, -2.7939677238464355e-08, 1, -1.1548398504146462e-07, 1.1175870895385742e-07, 1.527369164477932e-07, 0.47562259435653687, -0.8796495199203491, 4.982576484735546e-08, 0.8796494603157043, 0.4756224751472473),
            ["LeftHand"] = CFrame.new(2.775341272354126e-07, -5.960464477539063e-08, -3.129243850708008e-07, 0.9311637282371521, 0.3600529730319977, 0.057412903755903244, -0.34457889199256897, 0.9205133318901062, -0.1841748058795929, -0.11916196346282959, 0.1517138034105301, 0.9812152981758118),
            ["RightUpperLeg"] = CFrame.new(-2.9802322387695312e-08, 2.0908191800117493e-07, -1.845910446718335e-08, 0.9869763851165771, -0.06380672007799149, -0.14766962826251984, 0.02918414957821369, 0.9737605452537537, -0.2256958931684494, 0.1581958383321762, 0.2184467911720276, 0.9629408717155457),
            ["LeftUpperLeg"] = CFrame.new(0, 4.173489287495613e-07, -2.60770320892334e-08, 0.9677237272262573, -0.15416289865970612, 0.19936048984527588, 0.17924250662326813, 0.9771224856376648, -0.11447158455848694, -0.17715239524841309, 0.14651070535182953, 0.9732171893119812),
            ["RightLowerLeg"] = CFrame.new(-1.1175870895385742e-08, 1.7881393432617188e-07, -2.0656443666666746e-08, 1, -9.313227167240257e-08, -4.4703497792397684e-08, 1.0407531192413444e-07, 0.7686719298362732, 0.6396430134773254, -6.33299421792799e-08, -0.6396432518959045, 0.7686721086502075),
            ["RightFoot"] = CFrame.new(-3.166496753692627e-08, 3.5762786865234375e-07, 1.6952981241047382e-09, 0.996486485004425, -0.08277123421430588, -0.012792843393981457, 0.07810556143522263, 0.9735217690467834, -0.2148364931344986, 0.030236318707466125, 0.21308283507823944, 0.9765663146972656),
            ["LeftLowerLeg"] = CFrame.new(-5.029141902923584e-08, -5.960464477539063e-08, 2.2351741790771484e-08, 1, 4.0978196835794733e-08, 1.1175872671742582e-08, -3.166497108963995e-08, 0.9097110033035278, 0.4152419865131378, 1.4901162970204496e-08, -0.41524195671081543, 0.9097110033035278),
        }},
        {Time = 0.133, Data = {
            ["LeftFoot"] = CFrame.new(-6.891787052154541e-08, 0, -1.1175870895385742e-08, 0.9825719594955444, -0.01479320228099823, 0.18529345095157623, -0.06356595456600189, 0.9099905490875244, 0.4097273647785187, -0.17467652261257172, -0.4143650531768799, 0.893190860748291),
            ["LeftLowerArm"] = CFrame.new(-2.086162567138672e-07, 4.76837158203125e-07, -1.4901161193847656e-08, 1, -1.1175869474300271e-07, 1.341104365337742e-07, 8.940696716308594e-08, 0.24208252131938934, -0.9702556729316711, 9.872019290924072e-08, 0.9702557325363159, 0.24208246171474457),
            ["LowerTorso"] = CFrame.new(-0.05763526260852814, 0.07283401489257812, 0.04936279356479645, 0.9862011671066284, 0.1185062825679779, -0.11560048907995224, -0.12555383145809174, 0.9905223846435547, -0.05569390952587128, 0.10790478438138962, 0.06943949311971664, 0.991733193397522),
            ["Head"] = CFrame.new(-2.1420419216156006e-08, 0, -5.960464477539063e-08, 0.98766028881073, -0.1387147605419159, 0.07270195335149765, 0.1408315896987915, 0.9897224307060242, -0.024822067469358444, -0.06851156055927277, 0.034754615277051926, 0.9970448017120361),
            ["RightUpperArm"] = CFrame.new(0, 4.76837158203125e-07, -6.041955202817917e-08, 0.9084516763687134, -0.40191003680229187, 0.11482082307338715, 0.4168667495250702, 0.8510328531265259, -0.31932055950164795, 0.03062184900045395, 0.33795201778411865, 0.9406650066375732),
            ["UpperTorso"] = CFrame.new(4.377216100692749e-08, -3.5762786865234375e-07, 0, 0.9980015158653259, -0.060541171580553055, 0.01810794323682785, 0.056274641305208206, 0.9818469285964966, 0.18113480508327484, -0.028745323419570923, -0.17975378036499023, 0.9832915663719177),
            ["HumanoidRootPart"] = CFrame.new(0, 0, 0, 1, 0, 0, 0, 1, 0, 0, 0, 1),
            ["RightHand"] = CFrame.new(-7.450580596923828e-09, -1.1920928955078125e-07, -2.9802322387695312e-08, 0.9256058931350708, -0.3236852288246155, 0.19616736471652985, 0.35007143020629883, 0.929185152053833, -0.11859627813100815, -0.14388807117938995, 0.17844583094120026, 0.9733721017837524),
            ["LeftUpperArm"] = CFrame.new(-1.1920928955078125e-07, 5.960464477539062e-07, -4.470348358154297e-08, 0.7734838724136353, 0.44286125898361206, -0.4534277319908142, -0.5685232281684875, 0.801023542881012, -0.18746396899223328, 0.28018566966056824, 0.4027843773365021, 0.8713556528091431),
            ["RightLowerArm"] = CFrame.new(-2.086162567138672e-07, -2.384185791015625e-07, 2.60770320892334e-08, 1, -4.097817907222634e-08, -7.4505797087454084e-09, 7.823107495141812e-08, 0.49792295694351196, -0.8672212958335876, 5.960463056453591e-08, 0.8672213554382324, 0.49792298674583435),
            ["LeftHand"] = CFrame.new(-1.7881393432617188e-07, 1.7881393432617188e-07, -7.450580596923828e-08, 0.9489990472793579, 0.3144785761833191, 0.022456616163253784, -0.3081425130367279, 0.940230667591095, -0.14496392011642456, -0.06670236587524414, 0.13065065443515778, 0.9891821146011353),
            ["RightUpperLeg"] = CFrame.new(-5.960464477539063e-08, -4.76837158203125e-07, 2.029992174357176e-09, 0.9895084500312805, -0.10856010764837265, -0.09532997012138367, 0.07329708337783813, 0.9458290934562683, -0.3162829279899597, 0.12450157850980759, 0.3059770464897156, 0.943863034248352),
            ["LeftUpperLeg"] = CFrame.new(1.1920928955078125e-07, -6.350746843963861e-07, 3.259629011154175e-09, 0.9420217871665955, -0.17101088166236877, 0.28870460391044617, 0.208951935172081, 0.9721706509590149, -0.10594071447849274, -0.2625530958175659, 0.1601237952709198, 0.9515389204025269),
            ["RightLowerLeg"] = CFrame.new(-1.862645149230957e-08, 4.172325134277344e-07, -2.8107024263590574e-08, 1, -1.0803341865539551e-07, -2.2351748896198842e-08, 8.568168397005138e-08, 0.7689542174339294, 0.6393036842346191, -2.6077035641947077e-08, -0.6393038630485535, 0.7689544558525085),
            ["RightFoot"] = CFrame.new(3.725290298461914e-09, 2.384185791015625e-07, -3.55576048605144e-08, 0.9963783025741577, -0.08437890559434891, 0.01051256526261568, 0.0836608037352562, 0.9949060678482056, 0.056240640580654144, -0.015204555355012417, -0.055157262831926346, 0.9983618855476379),
            ["LeftLowerLeg"] = CFrame.new(3.166496753692627e-08, 1.7881393432617188e-07, 7.450580596923828e-09, 1, 3.166496398421259e-08, 7.450583261459087e-09, -2.421438694000244e-08, 0.95186448097229, 0.3065192997455597, 3.725290298461914e-09, -0.30651912093162537, 0.95186448097229),
        }},
        {Time = 0.167, Data = {
            ["LeftFoot"] = CFrame.new(1.30385160446167e-08, -5.960464477539063e-08, -1.210719347000122e-08, 0.9982014894485474, 0.037406157702207565, -0.04684633016586304, -0.006904379930347204, 0.8479804992675781, 0.5299823880195618, 0.059549227356910706, -0.5287057161331177, 0.846713662147522),
            ["LeftLowerArm"] = CFrame.new(1.7881393432617188e-07, 0, -2.2351741790771484e-07, 1, -7.450580596923828e-08, 7.450581307466564e-08, 1.49011640360186e-07, 0.045964986085891724, -0.9989430904388428, 9.87202142255228e-08, 0.9989430904388428, 0.045964956283569336),
            ["LowerTorso"] = CFrame.new(-0.07186511158943176, 0.14798641204833984, 0.06114872545003891, 0.968178927898407, 0.1654769778251648, -0.18774184584617615, -0.17090237140655518, 0.9852026104927063, -0.012973775155842304, 0.18281686305999756, 0.04464646056294441, 0.9821327328681946),
            ["Head"] = CFrame.new(4.0978193283081055e-08, -3.5762786865234375e-07, -2.7939677238464355e-08, 0.9724262952804565, -0.17730332911014557, 0.1514950543642044, 0.19054891169071198, 0.9785892963409424, -0.07780865579843521, -0.13445569574832916, 0.10453053563833237, 0.9853909015655518),
            ["RightUpperArm"] = CFrame.new(0, -3.5762786865234375e-07, -2.9802322387695312e-08, 0.9246891140937805, -0.30674535036087036, 0.22551566362380981, 0.3579857349395752, 0.902155339717865, -0.24075303971767426, -0.12960034608840942, 0.3033532500267029, 0.944023609161377),
            ["UpperTorso"] = CFrame.new(1.7695128917694092e-08, 1.4901161193847656e-07, 8.614733815193176e-09, 0.9966984391212463, -0.07810669392347336, 0.02217407524585724, 0.07319401204586029, 0.9825509786605835, 0.17098629474639893, -0.03514227643609047, -0.1687987744808197, 0.9850239157676697),
            ["HumanoidRootPart"] = CFrame.new(0, 0, 0, 1, 0, 0, 0, 1, 0, 0, 0, 1),
            ["RightHand"] = CFrame.new(1.8998980522155762e-07, 5.960464477539063e-08, -4.470348358154297e-07, 0.8633415102958679, -0.3365313410758972, 0.3760162889957428, 0.37732556462287903, 0.9252916574478149, -0.03821989893913269, -0.335062712430954, 0.1748776137828827, 0.9258245229721069),
            ["LeftUpperArm"] = CFrame.new(1.1920928955078125e-07, -7.152557373046875e-07, -2.2351741790771484e-08, 0.6844027042388916, 0.31357815861701965, -0.6582262516021729, -0.5204285979270935, 0.842380940914154, -0.13981591165065765, 0.5106340646743774, 0.4382501542568207, 0.7397228479385376),
            ["RightLowerArm"] = CFrame.new(-2.086162567138672e-07, 2.980232238769531e-07, 5.21540641784668e-08, 1, -7.078050145992165e-08, 3.539026138810186e-08, 1.0384248838590793e-07, 0.4725587069988251, -0.8812994360923767, 6.332994928470725e-08, 0.8812991380691528, 0.47255846858024597),
            ["LeftHand"] = CFrame.new(2.384185791015625e-07, -2.384185791015625e-07, -5.960464477539063e-08, 0.9731111526489258, 0.23001745343208313, -0.012122288346290588, -0.22998234629631042, 0.9673509001731873, -0.10649100691080093, -0.012768121436238289, 0.10641564428806305, 0.9942398071289062),
            ["RightUpperLeg"] = CFrame.new(5.960464477539063e-08, 8.754432201385498e-08, -1.6952981241047382e-09, 0.9710263609886169, -0.21410614252090454, -0.10614325106143951, 0.15549330413341522, 0.9033578038215637, -0.39970824122428894, 0.1814654916524887, 0.3716225326061249, 0.9104762077331543),
            ["LeftUpperLeg"] = CFrame.new(-5.960464477539063e-08, 3.0780211091041565e-07, -7.450580596923828e-09, 0.8797399997711182, -0.22170738875865936, 0.420599102973938, 0.217508465051651, 0.9742962718009949, 0.058625392615795135, -0.42278560996055603, 0.0399087630212307, 0.9053505063056946),
            ["RightLowerLeg"] = CFrame.new(-9.313225746154785e-09, 4.172325134277344e-07, 9.110226528719068e-08, 1, -6.426126475389538e-08, -5.5413714505903044e-08, 9.033828973770142e-08, 0.7470201849937439, 0.6648010015487671, -2.3283064365386963e-08, -0.664801299571991, 0.7470204830169678),
            ["RightFoot"] = CFrame.new(9.313225746154785e-10, 2.384185791015625e-07, -2.8107024263590574e-08, 0.9933353662490845, -0.09434910118579865, 0.0662054568529129, 0.09354551881551743, 0.9954999089241028, 0.015141930431127548, -0.06733638793230057, -0.008847542107105255, 0.9976911544799805),
            ["LeftLowerLeg"] = CFrame.new(2.0489096641540527e-08, 5.960464477539063e-08, -3.3527612686157227e-08, 1, 1.862645815364772e-09, 5.937182745441305e-09, -5.587934559514451e-09, 0.999987781047821, 0.004963038954883814, 2.002343357787595e-08, -0.004963048733770847, 0.999987781047821),
        }},
        {Time = 0.200, Data = {
            ["LeftFoot"] = CFrame.new(2.421438694000244e-08, -1.1920928955078125e-07, 1.3969838619232178e-08, 0.976131796836853, 0.051299646496772766, -0.21103322505950928, 0.06177087500691414, 0.8659893870353699, 0.49623265862464905, 0.2082091122865677, -0.4974242150783539, 0.8421509861946106),
            ["LeftLowerArm"] = CFrame.new(4.76837158203125e-07, -1.7881393432617188e-07, -6.007030606269836e-08, 1, -8.940695295223122e-08, 3.725289943190546e-08, 1.8067657947540283e-07, 0.09606312960386276, -0.9953752160072327, 1.341104507446289e-07, 0.9953752756118774, 0.09606309235095978),
            ["LowerTorso"] = CFrame.new(-0.08413338661193848, 0.18902063369750977, 0.07382354140281677, 0.9443103671073914, 0.2123122364282608, -0.25139912962913513, -0.20869846642017365, 0.9771087765693665, 0.041273102164268494, 0.2544070780277252, 0.013491996563971043, 0.9670031070709229),
            ["Head"] = CFrame.new(-1.1175870895385742e-08, -3.5762786865234375e-07, -5.960464477539063e-08, 0.9510897397994995, -0.2018430531024933, 0.23385415971279144, 0.23828308284282684, 0.9611180424690247, -0.13954661786556244, -0.19659490883350372, 0.18844494223594666, 0.9622052907943726),
            ["RightUpperArm"] = CFrame.new(1.1920928955078125e-07, -1.1920928955078125e-07, 1.043081283569336e-07, 0.902976930141449, -0.2597193717956543, 0.34231337904930115, 0.3425534665584564, 0.9160508513450623, -0.20858564972877502, -0.25940272212028503, 0.30560868978500366, 0.9161406755447388),
            ["UpperTorso"] = CFrame.new(4.045432433485985e-08, -2.9802322387695312e-08, -2.1522282622754574e-08, 0.9955419898033142, -0.09155510365962982, 0.022671587765216827, 0.08688698709011078, 0.9837263822555542, 0.15726815164089203, -0.03670131415128708, -0.1545971781015396, 0.9872956871986389),
            ["HumanoidRootPart"] = CFrame.new(0, 0, 0, 1, 0, 0, 0, 1, 0, 0, 0, 1),
            ["RightHand"] = CFrame.new(4.470348358154297e-08, 5.960464477539063e-08, 5.960464477539063e-08, 0.7877964973449707, -0.32697105407714844, 0.5219835638999939, 0.3660523593425751, 0.9301053881645203, 0.030159398913383484, -0.4953608214855194, 0.16731387376785278, 0.8524222373962402),
            ["LeftUpperArm"] = CFrame.new(5.960464477539063e-08, -3.5762786865234375e-07, -1.4901161193847656e-08, 0.5949665904045105, 0.0511237308382988, -0.802122950553894, -0.5262076258659363, 0.7791423797607422, -0.3406502902507782, 0.607552707195282, 0.6247587203979492, 0.4904654622077942),
            ["RightLowerArm"] = CFrame.new(0, -5.960464477539063e-08, -1.862645149230957e-08, 1, -7.078050856534901e-08, 4.284083843231201e-08, 1.0337680578231812e-07, 0.3229175806045532, -0.9464271664619446, 5.681067705154419e-08, 0.9464271664619446, 0.322917640209198),
            ["LeftHand"] = CFrame.new(2.2351741790771484e-07, -5.960464477539063e-08, -2.682209014892578e-07, 0.980889081954956, 0.19119587540626526, -0.03606582432985306, -0.1933884620666504, 0.9784262776374817, -0.07268396764993668, 0.021391043439507484, 0.07826970517635345, 0.9967027306556702),
            ["RightUpperLeg"] = CFrame.new(-8.940696716308594e-08, 4.898756742477417e-07, 1.3205863069742918e-08, 0.9289590716362, -0.34146633744239807, -0.14295342564582825, 0.22937685251235962, 0.8340632319450378, -0.5017219185829163, 0.29055342078208923, 0.4332888722419739, 0.8531350493431091),
            ["LeftUpperLeg"] = CFrame.new(1.4901161193847656e-07, 3.137392923235893e-07, 3.725290298461914e-09, 0.8746064901351929, -0.21019861102104187, 0.4368979334831238, 0.221438929438591, 0.9748350977897644, 0.025720080360770226, -0.43130990862846375, 0.07425123453140259, 0.8991432785987854),
            ["RightLowerLeg"] = CFrame.new(3.725290298461914e-08, 3.5762786865234375e-07, -6.535992724820971e-08, 1, -8.568168397005138e-08, 1.3038522261865637e-08, 7.82310962677002e-08, 0.716315746307373, 0.6977762579917908, -7.82310962677002e-08, -0.6977763772010803, 0.7163158655166626),
            ["RightFoot"] = CFrame.new(-1.6763806343078613e-08, 2.980232238769531e-07, 3.149762051180005e-08, 0.9871297478675842, -0.11526434123516083, 0.1108560860157013, 0.11617450416088104, 0.9932272434234619, -0.0017668609507381916, -0.10990162938833237, 0.014622962102293968, 0.993834912776947),
            ["LeftLowerLeg"] = CFrame.new(1.3969838619232178e-08, 5.960464477539063e-08, -1.1175870895385742e-08, 1, 3.725290298461914e-09, 5.82076742361437e-09, -4.6566123179658803e-10, 0.9999876022338867, 0.004982842598110437, 5.908076694538522e-09, -0.00498284213244915, 0.9999876618385315),
        }},
        {Time = 0.233, Data = {
            ["LeftFoot"] = CFrame.new(3.259629011154175e-08, -1.1920928955078125e-07, 7.916241884231567e-09, 0.9764633178710938, 0.045360106974840164, -0.2108597606420517, 0.05907527357339859, 0.8840017914772034, 0.463735967874527, 0.2074355185031891, -0.46527761220932007, 0.8605156540870667),
            ["LeftLowerArm"] = CFrame.new(1.7881393432617188e-07, -1.1920928955078125e-07, 1.1920928955078125e-07, 1, -1.4156104555240745e-07, 1.4156096028727916e-07, 5.960465188081798e-08, 0.39100781083106995, -0.9203874468803406, 6.705523247774181e-08, 0.9203873872756958, 0.3910076320171356),
            ["LowerTorso"] = CFrame.new(-0.09279501438140869, 0.15834379196166992, 0.08626586198806763, 0.9223045110702515, 0.24682970345020294, -0.2973710596561432, -0.2269555628299713, 0.9687387943267822, 0.10018233954906464, 0.31280282139778137, -0.02490858919918537, 0.9494915008544922),
            ["Head"] = CFrame.new(2.2351741790771484e-08, -2.384185791015625e-07, 6.705522537231445e-08, 0.9266565442085266, -0.20981435477733612, 0.3119063675403595, 0.2775525152683258, 0.9414763450622559, -0.19127708673477173, -0.25351980328559875, 0.263818621635437, 0.930659830570221),
            ["RightUpperArm"] = CFrame.new(1.1920928955078125e-07, -2.384185791015625e-07, 7.450580596923828e-08, 0.860091507434845, -0.19517065584659576, 0.4713289141654968, 0.38521137833595276, 0.8541949987411499, -0.3492323160171509, -0.3344469666481018, 0.4819330871105194, 0.8098678588867188),
            ["UpperTorso"] = CFrame.new(-2.9336661100387573e-08, -8.940696716308594e-08, -1.7695128917694092e-08, 0.9953575134277344, -0.09438246488571167, 0.018850715830922127, 0.0909469723701477, 0.9864291548728943, 0.13669757544994354, -0.03149678558111191, -0.1343485563993454, 0.9904335141181946),
            ["HumanoidRootPart"] = CFrame.new(0, 0, 0, 1, 0, 0, 0, 1, 0, 0, 0, 1),
            ["RightHand"] = CFrame.new(-4.470348358154297e-08, -5.960464477539063e-08, -1.2665987014770508e-07, 0.6978983879089355, -0.2880287170410156, 0.6557267308235168, 0.3301180899143219, 0.9418767690658569, 0.062371835112571716, -0.635578453540802, 0.17293809354305267, 0.7524175047874451),
            ["LeftUpperArm"] = CFrame.new(-1.1920928955078125e-07, -2.384185791015625e-07, 7.450580596923828e-08, 0.5388574004173279, -0.11529994755983353, -0.8344690203666687, -0.6729127764701843, 0.5370104312896729, -0.5087321996688843, 0.5067752599716187, 0.8356589078903198, 0.21178525686264038),
            ["RightLowerArm"] = CFrame.new(-8.940696716308594e-08, -2.384185791015625e-07, 7.450580596923828e-08, 1, -1.4528632164001465e-07, 6.61238814814169e-08, 5.587935447692871e-08, 0.34588372707366943, -0.9382774233818054, 8.940696716308594e-08, 0.9382773637771606, 0.3458835780620575),
            ["LeftHand"] = CFrame.new(2.998858690261841e-07, 0, 3.473833203315735e-07, 0.9655332565307617, 0.25816798210144043, -0.03308890759944916, -0.2584679424762726, 0.9660066366195679, -0.0050632464699447155, 0.03065682202577591, 0.013441327027976513, 0.9994395971298218),
            ["RightUpperLeg"] = CFrame.new(-5.960464477539063e-08, 1.6763806343078613e-08, 2.0656443666666746e-08, 0.9048202633857727, -0.40709617733955383, -0.12479168176651001, 0.2643074095249176, 0.7667747139930725, -0.5849770307540894, 0.33382904529571533, 0.4963156580924988, 0.8013918399810791),
            ["LeftUpperLeg"] = CFrame.new(-5.960464477539063e-08, -1.0849907994270325e-07, 1.4901161193847656e-08, 0.8894523978233337, -0.19507600367069244, 0.4133036732673645, 0.21937990188598633, 0.9755699038505554, -0.011656571179628372, -0.4009327292442322, 0.10103853046894073, 0.9105187654495239),
            ["RightLowerLeg"] = CFrame.new(1.1175870895385742e-08, 4.76837158203125e-07, 1.4733814168721437e-08, 1, -1.6391278734317893e-07, 9.313230187046884e-09, 1.043081283569336e-07, 0.700553834438324, 0.7135993242263794, 7.450580596923828e-09, -0.7135995030403137, 0.7005541920661926),
            ["RightFoot"] = CFrame.new(7.450580596923828e-09, 5.960464477539062e-07, -1.673470251262188e-10, 0.9920669198036194, -0.05082084611058235, 0.11498096585273743, 0.05365954339504242, 0.9983230233192444, -0.021726230159401894, -0.11368405818939209, 0.027723828330636024, 0.993130087852478),
            ["LeftLowerLeg"] = CFrame.new(-1.0337680578231812e-07, 2.384185791015625e-07, 1.862645149230957e-09, 1, 1.0477383405316232e-09, 6.606569513678551e-09, -2.2118911147117615e-09, 0.9999876618385315, 0.004980050027370453, 4.48198989033699e-09, -0.004980050027370453, 0.9999876022338867),
        }},
        {Time = 0.267, Data = {
            ["LeftFoot"] = CFrame.new(2.0023435354232788e-08, 0, -1.1175870895385742e-08, 0.9776632785797119, 0.030563240870833397, -0.20794367790222168, 0.042480818927288055, 0.9402161240577698, 0.33791878819465637, 0.20583990216255188, -0.339204341173172, 0.9179164171218872),
            ["LeftLowerArm"] = CFrame.new(2.086162567138672e-07, 4.76837158203125e-07, 2.9802322387695312e-08, 1, -1.0430809993522416e-07, 2.2351738238057806e-08, 5.960465188081798e-08, 0.713049590587616, -0.701113760471344, 2.2351745343485163e-08, 0.7011135816574097, 0.7130494713783264),
            ["LowerTorso"] = CFrame.new(-0.09922873973846436, 0.09261608123779297, 0.09752723574638367, 0.905219316482544, 0.2729944586753845, -0.32565656304359436, -0.23286117613315582, 0.9597141742706299, 0.15724007785320282, 0.355462908744812, -0.06650397181510925, 0.9323215484619141),
            ["Head"] = CFrame.new(-1.7136335372924805e-07, 3.5762786865234375e-07, 3.725290298461914e-08, 0.9007068276405334, -0.2141500860452652, 0.3779776394367218, 0.3120395243167877, 0.9242656230926514, -0.21991930902004242, -0.30225586891174316, 0.31602683663368225, 0.899315595626831),
            ["RightUpperArm"] = CFrame.new(-2.384185791015625e-07, 3.5762786865234375e-07, -5.960464477539063e-08, 0.8154045939445496, -0.08834651112556458, 0.5721105933189392, 0.45894938707351685, 0.700991690158844, -0.5458722114562988, -0.35281872749328613, 0.7076762318611145, 0.6121382117271423),
            ["UpperTorso"] = CFrame.new(-3.073364496231079e-08, 1.1920928955078125e-07, 4.656612873077393e-10, 0.9960938692092896, -0.08774327486753464, 0.009910029359161854, 0.08606468886137009, 0.9898302555084229, 0.11326534301042557, -0.01974758505821228, -0.11197004467248917, 0.9935154318809509),
            ["HumanoidRootPart"] = CFrame.new(0, 0, 0, 1, 0, 0, 0, 1, 0, 0, 0, 1),
            ["RightHand"] = CFrame.new(0, -1.7881393432617188e-07, 1.6391277313232422e-07, 0.6128830313682556, -0.25362449884414673, 0.7483643889427185, 0.3016156554222107, 0.9504668116569519, 0.07510612905025482, -0.7303441166877747, 0.179687038064003, 0.6590218544006348),
            ["LeftUpperArm"] = CFrame.new(0, 0, -7.450580596923828e-08, 0.4158930480480194, -0.1179860383272171, -0.9017273783683777, -0.8735301494598389, 0.22395527362823486, -0.43219128251075745, 0.25293901562690735, 0.9674314260482788, -0.009922999888658524),
            ["RightLowerArm"] = CFrame.new(1.1920928955078125e-07, -5.960464477539063e-08, -2.9802322387695312e-08, 1, -1.1920927533992653e-07, 5.215404996761208e-08, 5.2154071283894154e-08, 0.6098056435585022, -0.7925511002540588, -7.450581485102248e-09, 0.7925509810447693, 0.6098056435585022),
            ["LeftHand"] = CFrame.new(-1.564621925354004e-07, -1.1920928955078125e-07, 1.4901161193847656e-08, 0.9666508436203003, 0.2507203221321106, 0.05220715329051018, -0.2542252242565155, 0.9640397429466248, 0.07743912190198898, -0.030914414674043655, -0.08812887966632843, 0.9956292510032654),
            ["RightUpperLeg"] = CFrame.new(-5.960464477539063e-08, -1.30385160446167e-08, -1.6596459317952394e-08, 0.8842871785163879, -0.45891502499580383, -0.08621654659509659, 0.29462528228759766, 0.6916072368621826, -0.659450888633728, 0.36225995421409607, 0.5577422380447388, 0.7467873096466064),
            ["LeftUpperLeg"] = CFrame.new(-5.960464477539063e-08, -1.0617077350616455e-07, 1.4901161193847656e-08, 0.8999400734901428, -0.1775915026664734, 0.3982073664665222, 0.20854884386062622, 0.977370023727417, -0.035430774092674255, -0.38290369510650635, 0.11493119597434998, 0.9166108965873718),
