return {
    ["Malevolent Mime"] = {
        {Time = 0.000, Data = {
            ["RightFoot"] = CFrame.new(-1.862645149230957e-08, 1.7881393432617188e-07, -4.300818545743823e-08, 0.9778071045875549, 0.19790618121623993, -0.06875023245811462, -0.20825321972370148, 0.8822752833366394, -0.42216140031814575, -0.02289196103811264, 0.4271107614040375, 0.9039099812507629),
            ["LeftLowerArm"] = CFrame.new(0, -5.960464477539063e-08, 5.960464477539063e-08, 1, -5.0291401265667446e-08, 3.725289587919178e-08, 2.980232594040899e-08, 0.7133343815803528, -0.7008241415023804, 8.195639367158947e-08, 0.7008238434791565, 0.7133341431617737),
            ["RightUpperArm"] = CFrame.new(1.1920928955078125e-07, 5.960464477539062e-07, -1.4901161193847656e-07, 0.8938700556755066, -0.3905128240585327, 0.22021807730197906, 0.3215232789516449, 0.9007055163383484, 0.2921521067619324, -0.31244075298309326, -0.19033998250961304, 0.9306724071502686),
            ["Head"] = CFrame.new(2.9802322387695312e-08, 0.0000010728836059570312, -2.682209014892578e-07, 0.8017427325248718, -0.00052067288197577, 0.5976691842079163, 0.08223318308591843, 0.9905850291252136, -0.10944861173629761, -0.5919851660728455, 0.136898010969162, 0.7942371964454651),
            ["RightHand"] = CFrame.new(4.470348358154297e-08, -2.384185791015625e-07, 7.450580596923828e-09, 0.924030601978302, 0.3202277421951294, -0.20885850489139557, -0.31543782353401184, 0.9472456574440002, 0.05678451061248779, 0.21602441370487213, 0.013411148451268673, 0.9762959480285645),
            ["UpperTorso"] = CFrame.new(-4.470348358154297e-08, 6.556510925292969e-07, -3.725290298461914e-09, 0.9973285794258118, -0.007161976769566536, 0.07269410789012909, -0.007906896062195301, 0.978749692440033, 0.20490652322769165, -0.07261668145656586, -0.20493397116661072, 0.9760783910751343),
            ["HumanoidRootPart"] = CFrame.new(0, 0, 0, 1, 0, 0, 0, 1, 0, 0, 0, 1),
            ["RightUpperLeg"] = CFrame.new(-5.960464477539063e-08, 2.9709190130233765e-07, 1.1751399142667651e-07, 0.9962426424026489, -0.06070107966661453, 0.06177503988146782, 0.08538859337568283, 0.8076510429382324, -0.5834459662437439, -0.014476826414465904, 0.5865281224250793, 0.8097991943359375),
            ["LeftUpperArm"] = CFrame.new(5.960464477539063e-08, -1.1920928955078125e-07, 1.1920928955078125e-07, 0.9506698250770569, 0.2681388258934021, 0.1559755802154541, -0.2867560088634491, 0.9514109492301941, 0.11219855397939682, -0.11831268668174744, -0.1513899564743042, 0.9813679456710815),
            ["RightLowerArm"] = CFrame.new(3.5762786865234375e-07, -5.960464477539063e-08, 1.4901161193847656e-07, 1, -5.797481605895882e-08, -2.9802308176840597e-08, 9.685753354915505e-08, 0.7631847858428955, -0.6461804509162903, 1.4901159417490817e-08, 0.6461803913116455, 0.7631847262382507),
            ["LeftHand"] = CFrame.new(-1.1920928955078125e-07, -9.5367431640625e-07, -5.364418029785156e-07, 0.990679144859314, -0.06961801648139954, 0.1170828714966774, 0.052864208817481995, 0.9886599183082581, 0.1405591070652008, -0.1255401074886322, -0.13305984437465668, 0.9831249713897705),
            ["LeftFoot"] = CFrame.new(-2.60770320892334e-08, 0, 1.1175870895385742e-08, 0.9710685014724731, -0.20591671764850616, -0.12093032896518707, 0.17685961723327637, 0.9604218602180481, -0.2151990830898285, 0.1604575216770172, 0.18758536875247955, 0.9690538048744202),
            ["LowerTorso"] = CFrame.new(-0.07521453499794006, -0.2406677007675171, 0.14644744992256165, 0.7482770681381226, 0.02491874061524868, -0.662918210029602, 0.07405386120080948, 0.9899109601974487, 0.12079942971467972, 0.6592401266098022, -0.13948312401771545, 0.7388822436332703),
            ["RightLowerLeg"] = CFrame.new(1.6391277313232422e-07, -0.00012236833572387695, -0.00007752904639346525, 1, -1.4156103134155273e-07, -2.2351745343485163e-08, 1.6391277313232422e-07, 0.6202923059463501, 0.7843700647354126, -7.450580596923828e-08, -0.7843707203865051, 0.6202932000160217),
            ["LeftUpperLeg"] = CFrame.new(2.9802322387695312e-08, 2.0302832126617432e-07, 0, 0.7733717560768127, 0.5757044553756714, 0.2654438018798828, -0.191905215382576, 0.6116660833358765, -0.767487645149231, -0.6042090654373169, 0.54261314868927, 0.5835258364677429),
            ["LeftLowerLeg"] = CFrame.new(-5.21540641784668e-08, 0.0001226663589477539, 0.00007733702659606934, 1, 8.847562327218839e-08, 2.0489094865183688e-08, -9.685753354915505e-08, 0.6161960959434509, 0.7875929474830627, 3.725289943190546e-08, -0.7875927686691284, 0.616195797920227),
        }},
        {Time = 0.050, Data = {
            ["RightFoot"] = CFrame.new(-3.725290298461914e-08, 1.1920928955078125e-07, -9.516224963590503e-08, 0.9775460958480835, 0.18348577618598938, -0.10361690819263458, -0.21062514185905457, 0.8656821846961975, -0.4541267156600952, 0.006373440846800804, 0.46575474739074707, 0.8848912119865417),
            ["LeftLowerArm"] = CFrame.new(4.76837158203125e-07, 0, -2.980232238769531e-07, 1, -3.119930624961853e-08, -1.4901154088420299e-08, 4.4703490686970326e-08, 0.7689023613929749, -0.6393662095069885, 5.2154071283894154e-08, 0.6393662691116333, 0.7689024209976196),
            ["RightUpperArm"] = CFrame.new(0, -5.960464477539062e-07, -8.940696716308594e-08, 0.8608852028846741, -0.4031519293785095, 0.310394823551178, 0.3258415460586548, 0.9053859114646912, 0.2722204029560089, -0.3907735347747803, -0.133210688829422, 0.9107969403266907),
            ["Head"] = CFrame.new(1.4901161193847656e-08, 9.5367431640625e-07, -2.2351741790771484e-07, 0.8483902215957642, 0.0281298216432333, 0.5286232829093933, 0.07943625003099442, 0.9805155396461487, -0.1796640157699585, -0.5233774781227112, 0.19441717863082886, 0.8296254277229309),
            ["RightHand"] = CFrame.new(-2.2351741790771484e-08, -1.1920928955078125e-07, -1.1175870895385742e-07, 0.9132510423660278, 0.28654441237449646, -0.289594441652298, -0.2925741374492645, 0.9559602737426758, 0.023244259878993034, 0.28350141644477844, 0.06349986791610718, 0.9568672180175781),
            ["UpperTorso"] = CFrame.new(-7.450580596923828e-09, 4.76837158203125e-07, -1.862645149230957e-08, 0.9980084300041199, -0.006199554540216923, 0.0627758726477623, -0.0058889491483569145, 0.9816564917564392, 0.1905672550201416, -0.06280557811260223, -0.19055745005607605, 0.9796649217605591),
            ["HumanoidRootPart"] = CFrame.new(0, 0, 0, 1, 0, 0, 0, 1, 0, 0, 0, 1),
            ["RightUpperLeg"] = CFrame.new(1.1920928955078125e-07, -1.9837170839309692e-07, -4.639878170564771e-08, 0.9957173466682434, -0.08923602104187012, 0.02416515350341797, 0.0869465246796608, 0.8150465488433838, -0.5728347897529602, 0.03142166510224342, 0.5724824070930481, 0.8193145990371704),
            ["LeftUpperArm"] = CFrame.new(5.960464477539063e-08, -5.960464477539062e-07, -2.086162567138672e-07, 0.9597357511520386, 0.28089624643325806, 0.002214669017121196, -0.2782434821128845, 0.9495312571525574, 0.14481326937675476, 0.038574058562517166, -0.13959841430187225, 0.9894565343856812),
            ["RightLowerArm"] = CFrame.new(-1.4901161193847656e-07, 0, 2.086162567138672e-07, 1, -4.353932681055994e-08, 1.1175867342672063e-08, 6.332992796842518e-08, 0.8112660646438599, -0.5846771001815796, -3.7252898543727042e-09, 0.5846772193908691, 0.8112661242485046),
            ["LeftHand"] = CFrame.new(2.9802322387695312e-08, -5.364418029785156e-07, -5.662441253662109e-07, 0.967452883720398, -0.08342087268829346, 0.23890630900859833, 0.06299682706594467, 0.9937736988067627, 0.09189827740192413, -0.24508441984653473, -0.07385680079460144, 0.9666842818260193),
            ["LeftFoot"] = CFrame.new(-1.043081283569336e-07, 5.960464477539063e-08, -8.195638656616211e-08, 0.9590064287185669, -0.23746082186698914, -0.1546582728624344, 0.20934978127479553, 0.9614824056625366, -0.17811307311058044, 0.1909959763288498, 0.13843397796154022, 0.9717801809310913),
            ["LowerTorso"] = CFrame.new(-0.07113569229841232, -0.24703967571258545, 0.17782415449619293, 0.8016819357872009, 0.017308030277490616, -0.5975003242492676, 0.05449257791042328, 0.9933024048805237, 0.1018875315785408, 0.5952618718147278, -0.11424072831869125, 0.7953693270683289),
            ["RightLowerLeg"] = CFrame.new(1.043081283569336e-07, -0.0001227855682373047, -0.0000775439475546591, 1, -1.7881390590446244e-07, -5.215407838932151e-08, 1.4901159772762185e-07, 0.5796846747398376, 0.8148404359817505, 3.725289943190546e-08, -0.8148408532142639, 0.5796853303909302),
            ["LeftUpperLeg"] = CFrame.new(-1.1920928955078125e-07, -3.7532299757003784e-07, -2.9802322387695312e-08, 0.8158016204833984, 0.5292646288871765, 0.2331245094537735, -0.1806480586528778, 0.6161324381828308, -0.7666467428207397, -0.5493941903114319, 0.5833179354667664, 0.5982522964477539),
            ["LeftLowerLeg"] = CFrame.new(-3.725290298461914e-08, 0.0001227259635925293, 0.00007744133472442627, 1, 6.100161442645913e-08, 4.284083487959833e-08, -8.195637946073475e-08, 0.6243119239807129, 0.7811751961708069, 6.70552182668871e-08, -0.7811751961708069, 0.6243118643760681),
        }},
        {Time = 0.100, Data = {
            ["RightFoot"] = CFrame.new(1.0058283805847168e-07, 4.172325134277344e-07, -1.0261283023282886e-07, 0.9718806147575378, 0.18180830776691437, -0.14964593946933746, -0.23347973823547363, 0.8265672326087952, -0.5121260285377502, 0.030583320185542107, 0.5326653718948364, 0.8457736968994141),
            ["LeftLowerArm"] = CFrame.new(8.940696716308594e-08, 0, 1.1920928955078125e-07, 1, -7.82310962677002e-08, -2.7939677238464355e-08, 1.4901161193847656e-08, 0.8505615592002869, -0.5258756279945374, -3.725290298461914e-08, 0.5258755683898926, 0.8505614995956421),
            ["RightUpperArm"] = CFrame.new(1.1920928955078125e-07, 1.1920928955078125e-07, 8.940696716308594e-08, 0.794455885887146, -0.4093032777309418, 0.4486766755580902, 0.3274659216403961, 0.9108824729919434, 0.2511158883571625, -0.5114743709564209, -0.05257387086749077, 0.8576887845993042),
            ["Head"] = CFrame.new(6.705522537231445e-08, 9.5367431640625e-07, -1.6391277313232422e-07, 0.9081259965896606, 0.053336452692747116, 0.41528600454330444, 0.07183757424354553, 0.9572969675064087, -0.2800391614437103, -0.4124884009361267, 0.2841441035270691, 0.8655146956443787),
            ["RightHand"] = CFrame.new(-3.0547380447387695e-07, -2.384185791015625e-07, 3.166496753692627e-08, 0.8718214631080627, 0.22833846509456635, -0.43334639072418213, -0.27234208583831787, 0.9613104462623596, -0.041375428438186646, 0.4071328938007355, 0.1540902853012085, 0.9002771377563477),
            ["UpperTorso"] = CFrame.new(-7.450580596923828e-09, 5.364418029785156e-07, -3.725290298461914e-09, 0.9986247420310974, -0.00722487922757864, 0.051928408443927765, -0.002240291563794017, 0.9836745858192444, 0.1799425333738327, -0.052380725741386414, -0.17981135845184326, 0.9823055267333984),
            ["HumanoidRootPart"] = CFrame.new(0, 0, 0, 1, 0, 0, 0, 1, 0, 0, 0, 1),
            ["RightUpperLeg"] = CFrame.new(5.960464477539063e-08, 4.5658089220523834e-07, 5.75528247281909e-09, 0.987483561038971, -0.15434914827346802, -0.03244385868310928, 0.11733461171388626, 0.8563727140426636, -0.5028509497642517, 0.10539872944355011, 0.4927496016025543, 0.8637641072273254),
            ["LeftUpperArm"] = CFrame.new(-1.1920928955078125e-07, 5.960464477539062e-07, -2.9802322387695312e-08, 0.9174779057502747, 0.3073536157608032, -0.25252336263656616, -0.25746089220046997, 0.9427412748336792, 0.21202076971530914, 0.30322980880737305, -0.12950915098190308, 0.9440758228302002),
            ["RightLowerArm"] = CFrame.new(1.7881393432617188e-07, -5.960464477539063e-08, -1.1920928955078125e-07, 1, -8.940690321423972e-08, 5.4715196817767264e-09, 0, 0.8820792436599731, -0.4711012542247772, -7.450580596923828e-09, 0.47110095620155334, 0.8820791840553284),
            ["LeftHand"] = CFrame.new(0, -9.5367431640625e-07, -5.364418029785156e-07, 0.9006524682044983, -0.10186043381690979, 0.4224326014518738, 0.10613078624010086, 0.9942609667778015, 0.01346657145768404, -0.42138049006462097, 0.0327044241130352, 0.9062943458557129),
            ["LeftFoot"] = CFrame.new(-4.0978193283081055e-08, -1.1920928955078125e-07, 4.470348358154297e-08, 0.9665290713310242, -0.205826535820961, -0.15315715968608856, 0.18100294470787048, 0.9701324701309204, -0.16149602830410004, 0.1818227618932724, 0.1283687800168991, 0.9749164581298828),
            ["LowerTorso"] = CFrame.new(-0.059091538190841675, -0.24996984004974365, 0.16664518415927887, 0.8702793717384338, 0.008941598236560822, -0.4924773573875427, 0.021775972098112106, 0.9981592893600464, 0.05660426989197731, 0.49207693338394165, -0.059985704720020294, 0.8684825897216797),
            ["RightLowerLeg"] = CFrame.new(8.195638656616211e-08, -0.0001227855682373047, -0.00007752904639346525, 1, -2.0116567611694336e-07, 8.195641498787154e-08, 1.7881390590446244e-07, 0.544867217540741, 0.8385218381881714, 5.215405707303944e-08, -0.8385223150253296, 0.5448679327964783),
            ["LeftUpperLeg"] = CFrame.new(2.9802322387695312e-08, 2.752058207988739e-07, 2.2351741790771484e-08, 0.8790932297706604, 0.4431391656398773, 0.1755646914243698, -0.17002421617507935, 0.6356325149536133, -0.7530363202095032, -0.44529440999031067, 0.6321384906768799, 0.6341241002082825),
            ["LeftLowerLeg"] = CFrame.new(2.0116567611694336e-07, 0.00012218952178955078, 0.00007745623588562012, 1, 4.144384391224776e-08, 4.284083487959833e-08, -7.450580596923828e-08, 0.5828623175621033, 0.8125709891319275, 7.450580596923828e-08, -0.8125709891319275, 0.5828622579574585),
        }},
        {Time = 0.150, Data = {
            ["RightFoot"] = CFrame.new(-8.195638656616211e-08, 1.7881393432617188e-07, -1.3205863069742918e-08, 0.9557363390922546, 0.18432068824768066, -0.22933417558670044, -0.2831248342990875, 0.7882198691368103, -0.546396791934967, 0.08005341142416, 0.5871416330337524, 0.805516242980957),
            ["LeftLowerArm"] = CFrame.new(-8.940696716308594e-08, -1.7881393432617188e-07, -8.940696716308594e-08, 1, -1.0803343286625022e-07, 3.6787234591884044e-08, 1.4901161193847656e-08, 0.9181468486785889, -0.396240234375, -6.705522537231445e-08, 0.3962404131889343, 0.9181468486785889),
            ["RightUpperArm"] = CFrame.new(1.1920928955078125e-07, 0, 2.9802322387695312e-08, 0.6966574192047119, -0.3800092339515686, 0.608491063117981, 0.3098154366016388, 0.9243773818016052, 0.22257810831069946, -0.6470571160316467, 0.03345971554517746, 0.7617071866989136),
            ["Head"] = CFrame.new(2.421438694000244e-08, 0.0000011920928955078125, -1.2293457984924316e-07, 0.9558297395706177, 0.05445629358291626, 0.2888322174549103, 0.05600154027342796, 0.9309428930282593, -0.3608448803424835, -0.2885366976261139, 0.3610813319683075, 0.8867733478546143),
            ["RightHand"] = CFrame.new(-3.5762786865234375e-07, -2.980232238769531e-07, -1.9371509552001953e-07, 0.7892800569534302, 0.15369293093681335, -0.5944876670837402, -0.2871796488761902, 0.9481509923934937, -0.13615302741527557, 0.5427383184432983, 0.27818742394447327, 0.792493999004364),
            ["UpperTorso"] = CFrame.new(-2.514570951461792e-08, 7.450580596923828e-07, 1.6763806343078613e-08, 0.9989383816719055, -0.014175670221447945, 0.04383378475904465, 0.006872823927551508, 0.9866904020309448, 0.1624651700258255, -0.0455532930791378, -0.1619914323091507, 0.9857401847839355),
            ["HumanoidRootPart"] = CFrame.new(0, 0, 0, 1, 0, 0, 0, 1, 0, 0, 0, 1),
            ["RightUpperLeg"] = CFrame.new(0, 2.6309862732887268e-08, 1.3205863069742918e-08, 0.9764658808708191, -0.20237207412719727, -0.07456580549478531, 0.1585599184036255, 0.9079779982566833, -0.3878592848777771, 0.14619576930999756, 0.3669080436229706, 0.9186975955963135),
            ["LeftUpperArm"] = CFrame.new(5.960464477539063e-08, 0, 0, 0.816361665725708, 0.3225384056568146, -0.4790850877761841, -0.19738638401031494, 0.9353920221328735, 0.2933950126171112, 0.5427635312080383, -0.14495138823986053, 0.8272829055786133),
            ["RightLowerArm"] = CFrame.new(-1.4901161193847656e-07, 1.1920928955078125e-07, 2.384185791015625e-07, 1, -1.7695127141337252e-08, -1.955776873785453e-08, 4.4703490686970326e-08, 0.9604224562644958, -0.27854782342910767, -3.725290653733282e-08, 0.2785477936267853, 0.9604223966598511),
            ["LeftHand"] = CFrame.new(-1.043081283569336e-07, -5.960464477539063e-08, -7.301568984985352e-07, 0.8103519082069397, -0.11844436079263687, 0.5738480687141418, 0.1781594455242157, 0.9827941656112671, -0.04873301833868027, -0.5582016110420227, 0.14172706007957458, 0.8175105452537537),
            ["LeftFoot"] = CFrame.new(7.450580596923828e-09, 5.960464477539063e-08, 2.444721758365631e-08, 0.9854459762573242, -0.12455826997756958, -0.11567812412977219, 0.11084305495023727, 0.9867756366729736, -0.1182689219713211, 0.12887978553771973, 0.10372575372457504, 0.9862205982208252),
            ["LowerTorso"] = CFrame.new(-0.0530797578394413, -0.23781049251556396, 0.13125574588775635, 0.9263930320739746, 0.012935327365994453, -0.3763359487056732, -0.008953575976192951, 0.9998840093612671, 0.012327536009252071, 0.3764517605304718, -0.008050590753555298, 0.9264012575149536),
            ["RightLowerLeg"] = CFrame.new(1.341104507446289e-07, -0.00012254714965820312, -0.00007749179349048063, 1, -1.4901159772762185e-07, -6.705522537231445e-08, 1.192092469182171e-07, 0.562817394733429, 0.8265808820724487, -7.450577754752885e-08, -0.8265812397003174, 0.5628180503845215),
            ["LeftUpperLeg"] = CFrame.new(-1.1920928955078125e-07, -5.398760549724102e-08, 3.166496753692627e-08, 0.9291320443153381, 0.34305381774902344, 0.1379411816596985, -0.1425168216228485, 0.6765135526657104, -0.7225084900856018, -0.3411783277988434, 0.6516468524932861, 0.6774612665176392),
            ["LeftLowerLeg"] = CFrame.new(3.91155481338501e-08, 0.0001227259635925293, 0.00007719546556472778, 1, 1.0989603538291703e-07, 4.0046874261179255e-08, -5.21540641784668e-08, 0.5352892279624939, 0.8446688652038574, 2.7939677238464355e-08, -0.8446688652038574, 0.5352892279624939),
        }},
        {Time = 0.200, Data = {
            ["RightFoot"] = CFrame.new(-5.587935447692871e-08, 2.980232238769531e-07, -4.300818545743823e-08, 0.9298244714736938, 0.18961572647094727, -0.31539294123649597, -0.3379867374897003, 0.7790417671203613, -0.5280706882476807, 0.1455734819173813, 0.5976119041442871, 0.7884597778320312),
            ["LeftLowerArm"] = CFrame.new(0, 5.960464477539062e-07, 1.7881393432617188e-07, 1, -3.3527619791584584e-08, -1.1362132568137895e-07, 1.1175869119028903e-08, 0.9458770751953125, -0.3245253264904022, 1.1175869119028903e-08, 0.3245254456996918, 0.9458770155906677),
            ["RightUpperArm"] = CFrame.new(0, 4.76837158203125e-07, 1.043081283569336e-07, 0.638033926486969, -0.2982424199581146, 0.7099045515060425, 0.2673828899860382, 0.9503883719444275, 0.15896053612232208, -0.7220937013626099, 0.08839430660009384, 0.6861248016357422),
            ["Head"] = CFrame.new(3.5390257835388184e-08, 5.960464477539062e-07, -6.868503987789154e-08, 0.980870246887207, 0.03495107218623161, 0.19149909913539886, 0.04254777729511261, 0.9214699268341064, -0.38611260056495667, -0.18995583057403564, 0.386874258518219, 0.902355432510376),
            ["RightHand"] = CFrame.new(1.6205012798309326e-07, 0, 9.685754776000977e-08, 0.721019983291626, 0.09304516762495041, -0.6866388916969299, -0.34483709931373596, 0.9076989889144897, -0.23910290002822876, 0.6010137796401978, 0.4091762900352478, 0.686554491519928),
            ["UpperTorso"] = CFrame.new(-1.6763806343078613e-08, 4.470348358154297e-07, -1.862645149230957e-08, 0.9987803101539612, -0.02900397777557373, 0.03995891660451889, 0.0231314729899168, 0.9898395538330078, 0.14029476046562195, -0.043622031807899475, -0.13919931650161743, 0.9893031120300293),
            ["HumanoidRootPart"] = CFrame.new(0, 0, 0, 1, 0, 0, 0, 1, 0, 0, 0, 1),
            ["RightUpperLeg"] = CFrame.new(-5.960464477539063e-08, -4.163011908531189e-07, 2.438173396512866e-08, 0.9693977236747742, -0.22970598936080933, -0.0866214781999588, 0.19887275993824005, 0.9416632056236267, -0.2715146243572235, 0.1439368575811386, 0.24597875773906708, 0.9585283994674683),
            ["LeftUpperArm"] = CFrame.new(0, 0, 1.341104507446289e-07, 0.7517111897468567, 0.3207058012485504, -0.5762619376182556, -0.12154725939035416, 0.9262003898620605, 0.35690271854400635, 0.6481947898864746, -0.19824448227882385, 0.7352161407470703),
            ["RightLowerArm"] = CFrame.new(1.1920928955078125e-07, 4.172325134277344e-07, -5.4016709327697754e-08, 1, 1.862645149230957e-08, -1.1175862901779965e-08, 7.450580596923828e-09, 0.9999850988388062, -0.005467820912599564, 2.2351741790771484e-08, 0.0054678842425346375, 0.9999850392341614),
            ["LeftHand"] = CFrame.new(-2.3096799850463867e-07, -5.960464477539063e-08, -3.8743019104003906e-07, 0.7581183314323425, -0.13763678073883057, 0.63742595911026, 0.23438578844070435, 0.9696640968322754, -0.06938952207565308, -0.6085391044616699, 0.20200881361961365, 0.7673807740211487),
            ["LeftFoot"] = CFrame.new(3.14321368932724e-09, 0, 2.421438694000244e-08, 0.9864771366119385, -0.12342648208141327, -0.10783746838569641, 0.11160556972026825, 0.9876978993415833, -0.10953110456466675, 0.12002986669540405, 0.09601480513811111, 0.9881165027618408),
            ["LowerTorso"] = CFrame.new(-0.07324326038360596, -0.20419633388519287, 0.09525942802429199, 0.9566068053245544, 0.03197212144732475, -0.2896225154399872, -0.03632025793194771, 0.9992936849594116, -0.009649357758462429, 0.2891094386577606, 0.019749807193875313, 0.9570923447608948),
            ["RightLowerLeg"] = CFrame.new(-7.450580596923828e-09, -0.00012260675430297852, -0.0000775141452322714, 1, -1.1175873737556685e-07, -2.980232949312267e-08, 1.4901162614933128e-07, 0.6377703547477722, 0.7702261805534363, -2.980232594040899e-08, -0.7702265977859497, 0.6377708911895752),
            ["LeftUpperLeg"] = CFrame.new(1.4901161193847656e-07, -3.083841875195503e-07, -3.166496753692627e-08, 0.9541656374931335, 0.253513902425766, 0.1590554267168045, -0.098375104367733, 0.7676094770431519, -0.6333231925964355, -0.28264865279197693, 0.5886481404304504, 0.7573659420013428),
            ["LeftLowerLeg"] = CFrame.new(-6.100162863731384e-08, 0.0001226663589477539, 0.00007739663124084473, 1, 6.583282186056749e-08, 4.703178291265431e-08, -4.726461355630818e-08, 0.6040152311325073, 0.7969729900360107, 2.1653248083453036e-08, -0.7969728112220764, 0.6040149331092834),
        }},
        {Time = 0.250, Data = {
            ["RightFoot"] = CFrame.new(-7.450580596923828e-09, 2.384185791015625e-07, 7.620110409334302e-08, 0.9508697390556335, 0.20392343401908875, -0.232942134141922, -0.29367712140083313, 0.8322613835334778, -0.4702067971229553, 0.0979824885725975, 0.5155155062675476, 0.8512599468231201),
            ["LeftLowerArm"] = CFrame.new(2.9802322387695312e-08, -6.556510925292969e-07, 1.9371509552001953e-07, 1, -1.8044371330461217e-08, -1.7345884728570127e-08, 5.890616705528373e-08, 0.9520668387413025, -0.3058900535106659, 1.288135820232128e-07, 0.3058899939060211, 0.952066957950592),
            ["RightUpperArm"] = CFrame.new(-1.1920928955078125e-07, -3.5762786865234375e-07, 1.4901161193847656e-08, 0.6583802700042725, -0.29863959550857544, 0.6909052133560181, 0.2306537628173828, 0.9538078904151917, 0.19248248636722565, -0.7164736390113831, 0.032633502036333084, 0.6968504786491394),
            ["Head"] = CFrame.new(3.91155481338501e-08, 9.5367431640625e-07, -1.043081283569336e-07, 0.9919804334640503, 0.01043778657913208, 0.12596026062965393, 0.037025704979896545, 0.928865909576416, -0.36856117844581604, -0.1208471804857254, 0.3702692687511444, 0.9210302829742432),
            ["RightHand"] = CFrame.new(1.3783574104309082e-07, 1.7881393432617188e-07, 3.818422555923462e-08, 0.6991344094276428, 0.08860305696725845, -0.7094789147377014, -0.3477686941623688, 0.9091441035270691, -0.22915993630886078, 0.6247142553329468, 0.4069480299949646, 0.6664273738861084),
            ["UpperTorso"] = CFrame.new(-1.4901161193847656e-08, 2.980232238769531e-07, 3.725290298461914e-09, 0.9985073208808899, -0.03964623808860779, 0.03756783530116081, 0.03481826186180115, 0.9919878244400024, 0.12144151329994202, -0.042081430554389954, -0.11995217204093933, 0.9918875098228455),
            ["HumanoidRootPart"] = CFrame.new(0, 0, 0, 1, 0, 0, 0, 1, 0, 0, 0, 1),
            ["RightUpperLeg"] = CFrame.new(0, -4.98257577419281e-08, 2.2519088815897703e-08, 0.9547683000564575, -0.2704509198665619, -0.12358725816011429, 0.23956598341464996, 0.9458423852920532, -0.21906742453575134, 0.17614108324050903, 0.17955109477043152, 0.9678510427474976),
            ["LeftUpperArm"] = CFrame.new(1.7881393432617188e-07, -1.1920928955078125e-07, 1.4901161193847656e-08, 0.7443317174911499, 0.30817434191703796, -0.5924514532089233, -0.06118537113070488, 0.9148949980735779, 0.39902836084365845, 0.6650012135505676, -0.26075997948646545, 0.6998412013053894),
            ["RightLowerArm"] = CFrame.new(-8.940696716308594e-08, -5.960464477539062e-07, -1.6763806343078613e-07, 1, -2.2351745343485163e-08, -8.195636524988004e-08, -2.2351738238057806e-08, 0.9999849200248718, -0.005501104984432459, -2.9802318834981634e-08, 0.005501009989529848, 0.9999849200248718),
            ["LeftHand"] = CFrame.new(1.6530975699424744e-08, -1.7881393432617188e-07, -3.427267074584961e-07, 0.7345384359359741, -0.1424538791179657, 0.6634460687637329, 0.2580689489841461, 0.9628934860229492, -0.07897213101387024, -0.6275777220726013, 0.22922278940677643, 0.7440449595451355),
            ["LeftFoot"] = CFrame.new(-6.82193785905838e-08, 1.1920928955078125e-07, -3.725290298461914e-09, 0.988423764705658, -0.11702580004930496, -0.09655879437923431, 0.094753198325634, 0.9731982946395874, -0.20954014360904694, 0.11849258095026016, 0.19796514511108398, 0.9730207324028015),
            ["LowerTorso"] = CFrame.new(-0.11399704217910767, -0.1568056344985962, 0.06837339699268341, 0.9710297584533691, 0.04545929655432701, -0.23459492623806, -0.04927124083042145, 0.998731255531311, -0.010410379618406296, 0.23382402956485748, 0.021667571738362312, 0.9720374941825867),
            ["RightLowerLeg"] = CFrame.new(8.568167686462402e-08, -0.00012284517288208008, -0.00007756629929644987, 1, -1.1175869474300271e-07, -1.1175868053214799e-07, 9.685751223287298e-08, 0.6743234992027283, 0.7384355664253235, 1.8626444386882213e-08, -0.7384361028671265, 0.6743239760398865),
            ["LeftUpperLeg"] = CFrame.new(0, -2.9103830456733704e-07, 1.1175870895385742e-08, 0.9691134691238403, 0.17423027753829956, 0.17453671991825104, -0.07264620065689087, 0.8780086040496826, -0.4730999171733856, -0.23567309975624084, 0.4458080530166626, 0.8635470271110535),
            ["LeftLowerLeg"] = CFrame.new(2.468004822731018e-08, 0.0001227259635925293, 0.00007741153240203857, 1, 5.0233200710181336e-08, 2.281741195986342e-08, -6.146728281919422e-08, 0.7427828907966614, 0.669532835483551, 1.5133990061144686e-08, -0.6695323586463928, 0.7427825331687927),
        }},
        {Time = 0.300, Data = {
            ["RightFoot"] = CFrame.new(2.2351741790771484e-08, 2.980232238769531e-07, 1.6952981241047382e-09, 0.9742520451545715, 0.22374194860458374, -0.02779567427933216, -0.21532656252384186, 0.8868095874786377, -0.40890446305274963, -0.06683987379074097, 0.4043617844581604, 0.9121538996696472),
            ["LeftLowerArm"] = CFrame.new(-2.086162567138672e-07, -5.960464477539062e-07, 4.470348358154297e-08, 1, 3.725289587919178e-08, 4.5634813261585805e-08, 7.450580596923828e-09, 0.9740415811538696, -0.2263694703578949, 2.9802322387695312e-08, 0.22636941075325012, 0.9740415215492249),
            ["RightUpperArm"] = CFrame.new(3.5762786865234375e-07, 1.1920928955078125e-07, -5.960464477539063e-08, 0.6795840859413147, -0.2954612970352173, 0.6714673042297363, 0.20160408318042755, 0.955284059047699, 0.21630603075027466, -0.7053518891334534, -0.011627315543591976, 0.708761990070343),
            ["Head"] = CFrame.new(3.725290298461914e-08, 0.0000010728836059570312, -5.8673322200775146e-08, 0.9976147413253784, -0.009486778639256954, 0.0683739185333252, 0.03003433346748352, 0.9514934420585632, -0.306199848651886, -0.06215254217386246, 0.30752307176589966, 0.9495086669921875),
            ["RightHand"] = CFrame.new(-1.3783574104309082e-07, -5.960464477539063e-08, 7.82310962677002e-08, 0.6813427209854126, 0.08188564330339432, -0.7273696660995483, -0.3532112240791321, 0.907150387763977, -0.22873574495315552, 0.6411037445068359, 0.41276267170906067, 0.6470032930374146),
            ["UpperTorso"] = CFrame.new(-4.842877388000488e-08, 6.556510925292969e-07, -7.450580596923828e-09, 0.9990555644035339, -0.032624807208776474, 0.028701789677143097, 0.02957593835890293, 0.994456946849823, 0.10089904814958572, -0.03183435648679733, -0.09995488077402115, 0.9944825768470764),
            ["HumanoidRootPart"] = CFrame.new(0, 0, 0, 1, 0, 0, 0, 1, 0, 0, 0, 1),
            ["RightUpperLeg"] = CFrame.new(0, -2.016313374042511e-07, 2.0190782379359007e-08, 0.9288736581802368, -0.30201107263565063, -0.2144366353750229, 0.2578797936439514, 0.9428803324699402, -0.21089038252830505, 0.2658793330192566, 0.14059145748615265, 0.9536991715431213),
            ["LeftUpperArm"] = CFrame.new(-1.1920928955078125e-07, 0, 0, 0.7178574204444885, 0.2835140824317932, -0.6358465552330017, -0.008769472129642963, 0.9169328212738037, 0.3989454507827759, 0.6961350440979004, -0.28080955147743225, 0.6607130765914917),
            ["RightLowerArm"] = CFrame.new(1.7881393432617188e-07, 5.960464477539063e-08, -2.682209014892578e-07, 1, 1.4901157641133977e-08, 1.1175870895385742e-08, 6.705523247774181e-08, 0.999984860420227, -0.005516894161701202, 3.725290653733282e-08, 0.005516952369362116, 0.9999848008155823),
            ["LeftHand"] = CFrame.new(1.043081283569336e-07, -2.384185791015625e-07, -1.6391277313232422e-07, 0.6922750473022461, -0.13393214344978333, 0.7090964317321777, 0.28302597999572754, 0.9542887806892395, -0.0960688441991806, -0.6638159155845642, 0.26719871163368225, 0.6985363364219666),
            ["LeftFoot"] = CFrame.new(-4.7963112592697144e-08, -5.960464477539063e-08, -1.30385160446167e-08, 0.991709291934967, -0.09129965305328369, -0.09042781591415405, 0.07150795310735703, 0.9767765998840332, -0.20197580754756927, 0.10676808655261993, 0.19383512437343597, 0.9752070307731628),
            ["LowerTorso"] = CFrame.new(-0.15294380486011505, -0.11490023136138916, 0.050449855625629425, 0.983146607875824, 0.03775178641080856, -0.1788788139820099, -0.037795569747686386, 0.999280571937561, 0.0031643640249967575, 0.1788695603609085, 0.003649792866781354, 0.9838660359382629),
            ["RightLowerLeg"] = CFrame.new(1.5273690223693848e-07, -0.00012236833572387695, -0.00007755512342555448, 1, -7.450580596923828e-08, -1.1920928955078125e-07, 1.5646217832454568e-07, 0.5760602951049805, 0.8174068927764893, -1.6763804921993142e-07, -0.8174071907997131, 0.5760608315467834),
            ["LeftUpperLeg"] = CFrame.new(0, -5.906622391194105e-08, -3.3993273973464966e-08, 0.979074239730835, 0.12725156545639038, 0.1588105708360672, -0.054229214787483215, 0.9153066277503967, -0.39909040927886963, -0.19614505767822266, 0.38212692737579346, 0.9030538201332092),
            ["LeftLowerLeg"] = CFrame.new(5.075708031654358e-08, 0.00012260675430297852, 0.00007747672498226166, 1, 3.422608330083676e-08, 9.313226634333205e-09, -4.470347647611561e-08, 0.8245928287506104, 0.565727174282074, 9.313224857976365e-09, -0.5657268166542053, 0.8245924711227417),
        }},
        {Time = 0.350, Data = {
            ["RightFoot"] = CFrame.new(1.4901161193847656e-08, 1.7881393432617188e-07, 3.149762051180005e-08, 0.9782033562660217, 0.20328101515769958, -0.04236886277794838, -0.20156915485858917, 0.8805682063102722, -0.42891618609428406, -0.04988192021846771, 0.42810818552970886, 0.9023502469062805),
            ["LeftLowerArm"] = CFrame.new(-1.4901161193847656e-07, -5.960464477539062e-07, 1.6391277313232422e-07, 1, -7.450581485102248e-09, -4.0978189730367376e-08, 5.2154071283894154e-08, 0.9999844431877136, -0.005578815471380949, 5.960465188081798e-08, 0.005578905809670687, 0.9999845027923584),
            ["RightUpperArm"] = CFrame.new(1.1920928955078125e-07, -8.344650268554688e-07, -8.475035429000854e-08, 0.7047942876815796, -0.28587475419044495, 0.649261474609375, 0.18177394568920135, 0.9574307799339294, 0.2242422252893448, -0.6857282519340515, -0.04002578184008598, 0.7267565131187439),
            ["Head"] = CFrame.new(5.21540641784668e-08, 7.152557373046875e-07, -1.6205012798309326e-07, 0.9991922974586487, -0.03008294105529785, 0.02664080820977688, 0.03495018556714058, 0.977771520614624, -0.20673984289169312, -0.019829319790005684, 0.2075040340423584, 0.9780332446098328),
            ["RightHand"] = CFrame.new(1.1175870895385742e-08, 1.7881393432617188e-07, 3.725290298461914e-08, 0.7042653560638428, 0.0681435614824295, -0.7066591382026672, -0.3294651508331299, 0.9130762815475464, -0.24030068516731262, 0.6288585662841797, 0.40205493569374084, 0.665498673915863),
            ["UpperTorso"] = CFrame.new(-5.3085386753082275e-08, 5.662441253662109e-07, -1.1175870895385742e-08, 0.9997153282165527, -0.016474518924951553, 0.017265358939766884, 0.014719955623149872, 0.9951521754264832, 0.0972403883934021, -0.018783612176775932, -0.09695854783058167, 0.9951112270355225),
            ["HumanoidRootPart"] = CFrame.new(0, 0, 0, 1, 0, 0, 0, 1, 0, 0, 0, 1),
            ["RightUpperLeg"] = CFrame.new(0, 1.8189894035458565e-07, -1.5199475456029177e-08, 0.9414867758750916, -0.2788313329219818, -0.1893565058708191, 0.21852631866931915, 0.9327020645141602, -0.28690284490585327, 0.25661060214042664, 0.22873562574386597, 0.9390584826469421),
            ["LeftUpperArm"] = CFrame.new(5.960464477539063e-08, -8.344650268554688e-07, -5.960464477539063e-08, 0.6293505430221558, 0.22410401701927185, -0.7441068291664124, 0.04675549641251564, 0.9448630213737488, 0.3241112530231476, 0.7757137417793274, -0.23877045512199402, 0.5841720700263977),
            ["RightLowerArm"] = CFrame.new(1.1920928955078125e-07, -8.940696716308594e-07, 5.960464477539063e-08, 1, 6.705522537231445e-08, 6.332991375757047e-08, 0, 0.9999847412109375, -0.005524409934878349, -2.2351745343485163e-08, 0.005524381995201111, 0.9999847412109375),
            ["LeftHand"] = CFrame.new(4.470348358154297e-08, -5.364418029785156e-07, -3.725290298461914e-07, 0.6179160475730896, -0.12081262469291687, 0.7769069075584412, 0.3685031533241272, 0.9173740744590759, -0.15043476223945618, -0.6945395469665527, 0.37924814224243164, 0.6113795638084412),
            ["LeftFoot"] = CFrame.new(-7.62520357966423e-08, 1.7881393432617188e-07, -4.190951585769653e-09, 0.9960516095161438, -0.07217283546924591, -0.05169380456209183, 0.06042899936437607, 0.9777739644050598, -0.2007644772529602, 0.06503458321094513, 0.1968480497598648, 0.9782747030258179),
            ["LowerTorso"] = CFrame.new(-0.17866995930671692, -0.09110605716705322, 0.034084565937519073, 0.9908558130264282, 0.014666625298559666, -0.13412566483020782, -0.014249754138290882, 0.9998902678489685, 0.004067548550665379, 0.13417059183120728, -0.0021190964616835117, 0.9909560084342957),
            ["RightLowerLeg"] = CFrame.new(4.842877388000488e-08, -0.0001227259635925293, -0.0000775439475546591, 1, -8.940696716308594e-08, -1.3411047916633834e-07, 8.940694584680386e-08, 0.41163894534111023, 0.9113467931747437, -5.960463056453591e-08, -0.9113470911979675, 0.4116397202014923),
            ["LeftUpperLeg"] = CFrame.new(-1.7881393432617188e-07, 7.3225237429142e-08, 2.468004822731018e-08, 0.9899501204490662, 0.10214738547801971, 0.09779936075210571, -0.058643028140068054, 0.9258219003677368, -0.37338322401046753, -0.12868483364582062, 0.36389535665512085, 0.9225077033042908),
            ["LeftLowerLeg"] = CFrame.new(1.7066486179828644e-07, 0.00012230873107910156, 0.00007750652730464935, 1, 4.540196485436354e-08, 1.0244551873483942e-08, -3.166496753692627e-08, 0.8453102707862854, 0.5342761278152466, 1.5366822481155396e-08, -0.5342758893966675, 0.8453100919723511),
        }},
        {Time = 0.400, Data = {
            ["RightFoot"] = CFrame.new(0, 4.172325134277344e-07, 3.149762051180005e-08, 0.9712949395179749, 0.23579007387161255, 0.03145201504230499, -0.19722801446914673, 0.8721635341644287, -0.4476957321166992, -0.1329936385154724, 0.42864176630973816, 0.893632709980011),
            ["LeftLowerArm"] = CFrame.new(-3.5762786865234375e-07, 0, 1.1920928955078125e-07, 1, 2.980232594040899e-08, -1.0058281674218961e-07, 2.980232594040899e-08, 0.9999845027923584, -0.005572749767452478, -3.3527616238870905e-08, 0.0055726622231304646, 0.9999845027923584),
            ["RightUpperArm"] = CFrame.new(-5.960464477539063e-08, 3.5762786865234375e-07, 5.21540641784668e-08, 0.7254672050476074, -0.3066951334476471, 0.6161453723907471, 0.17493490874767303, 0.9479941725730896, 0.2659042477607727, -0.6656538844108582, -0.08511926978826523, 0.7413905262947083),
            ["Head"] = CFrame.new(8.381903171539307e-09, 0.000001430511474609375, -1.434236764907837e-07, 0.9995555877685547, -0.027698105201125145, 0.011025152169167995, 0.029019825160503387, 0.9886932969093323, -0.14711761474609375, -0.006825664546340704, 0.1473722606897354, 0.9890576004981995),
            ["RightHand"] = CFrame.new(-5.587935447692871e-08, 7.748603820800781e-07, -1.3783574104309082e-07, 0.7544552087783813, 0.06919511407613754, -0.6526941657066345, -0.2769537568092346, 0.9351243376731873, -0.22099660336971283, 0.5950580835342407, 0.34749776124954224, 0.7246729135513306),
            ["UpperTorso"] = CFrame.new(-1.3934368325863034e-08, 6.258487701416016e-07, -7.882363206590526e-09, 0.9999380707740784, -0.005947801750153303, 0.009408751502633095, 0.005010700784623623, 0.995304524898529, 0.09666356444358826, -0.009939479641616344, -0.0966104120016098, 0.9952726364135742),
            ["HumanoidRootPart"] = CFrame.new(0, 0, 0, 1, 0, 0, 0, 1, 0, 0, 0, 1),
            ["RightUpperLeg"] = CFrame.new(0, 2.0942053424732876e-08, 2.5029294192790985e-09, 0.9381492137908936, -0.2880741357803345, -0.19206586480140686, 0.20321691036224365, 0.907274603843689, -0.3681793510913849, 0.280319482088089, 0.3063758909702301, 0.909700334072113),
            ["LeftUpperArm"] = CFrame.new(-2.384185791015625e-07, 0, 7.450580596923828e-09, 0.5715069770812988, 0.23472213745117188, -0.7863110303878784, 0.07702420651912689, 0.9386436343193054, 0.33617785573005676, 0.8169743418693542, -0.2526927590370178, 0.5183622241020203),
            ["RightLowerArm"] = CFrame.new(-8.940696716308594e-08, -2.980232238769531e-07, -5.960464477539063e-08, 1, 2.980232949312267e-08, -1.6577531880557217e-07, 1.4901159417490817e-08, 0.9948237538337708, -0.10161599516868591, 2.607702853651972e-08, 0.1016160324215889, 0.994823694229126),
            ["LeftHand"] = CFrame.new(-1.6391277313232422e-07, -6.556510925292969e-07, -6.631016731262207e-07, 0.6105557680130005, -0.12240644544363022, 0.7824568152427673, 0.37245649099349976, 0.9162874221801758, -0.14728738367557526, -0.6989262104034424, 0.3813580274581909, 0.6050352454185486),
            ["LeftFoot"] = CFrame.new(5.4016709327697754e-08, -1.1920928955078125e-07, 1.862645149230957e-08, 0.9983607530593872, -0.05630727484822273, 0.010262263007462025, 0.057206906378269196, 0.9761108756065369, -0.2096066027879715, 0.0017852805322036147, 0.20985029637813568, 0.9777320027351379),
            ["LowerTorso"] = CFrame.new(-0.19643712043762207, -0.07386124134063721, 0.011588066816329956, 0.993545651435852, -8.63373827542091e-07, -0.11343308538198471, 9.864830872174934e-07, 1, 0.0000010291722674082848, 0.11343308538198471, -0.0000011344295671733562, 0.993545651435852),
