return {
    ["Mamushi"] = {
        {Time = 0.000, Data = {
            ["RightFoot"] = CFrame.new(1.341104507446289e-07, -1.1920928955078125e-07, 6.129994289949536e-08, 0.9877590537071228, 0.13407336175441742, 0.07972776144742966, -0.11541196703910828, 0.9719979166984558, -0.20469500124454498, -0.1049392893910408, 0.19298793375492096, 0.9755733609199524),
            ["LeftLowerArm"] = CFrame.new(0.0000012218952178955078, -3.5762786865234375e-07, 0.000005140900611877441, 1, 1.4901162970204496e-08, -1.1175872316471214e-07, -5.21540641784668e-08, -0.46503227949142456, -0.88529372215271, 1.1175870895385742e-08, 0.8852938413619995, -0.46503230929374695),
            ["RightUpperArm"] = CFrame.new(-0.0030684471130371094, -0.036068081855773926, -0.02549719624221325, 0.9894474148750305, -0.08816564828157425, 0.1149812862277031, 0.1240786463022232, 0.925373911857605, -0.35817259550094604, -0.07482229918241501, 0.3686595857143402, 0.9265483021736145),
            ["Head"] = CFrame.new(1.1175870895385742e-08, -9.5367431640625e-07, -1.1175870895385742e-08, 0.6061448454856873, 0.03629260137677193, -0.7945258617401123, -0.1624334454536438, 0.9835525155067444, -0.07899372279644012, 0.778590977191925, 0.17693917453289032, 0.6020703315734863),
            ["RightHand"] = CFrame.new(3.8743019104003906e-07, 8.940696716308594e-07, -8.493661880493164e-07, 0.21303190290927887, -0.1419869363307953, 0.9666731953620911, 0.5436311960220337, 0.8393169641494751, 0.003477073973044753, -0.8118389844894409, 0.5247730016708374, 0.2559901475906372),
            ["UpperTorso"] = CFrame.new(-1.1408701539039612e-08, -4.172325134277344e-07, 1.862645149230957e-09, 0.8737186789512634, 0.06214116886258125, 0.4824463725090027, 0.007519144099205732, 0.9899627566337585, -0.14112883806228638, -0.4863736629486084, 0.12693437933921814, 0.864481508731842),
            ["HumanoidRootPart"] = CFrame.new(0, 0, 0, 1, 0, 0, 0, 1, 0, 0, 0, 1),
            ["RightUpperLeg"] = CFrame.new(2.9802322387695312e-08, -4.959001671522856e-07, -1.6952981241047382e-09, 0.7812957763671875, -0.25953635573387146, -0.5676425099372864, 0.19020922482013702, 0.9651939868927002, -0.17950253188610077, 0.5944724678993225, 0.03227350488305092, 0.8034679889678955),
            ["LeftUpperArm"] = CFrame.new(0.060814857482910156, 0.03708076477050781, -0.025588875636458397, 0.9710043668746948, 0.23897913098335266, -0.006284806411713362, -0.2390458881855011, 0.9703009128570557, -0.03705970197916031, -0.002758513204753399, 0.03748750314116478, 0.9992933869361877),
            ["RightLowerArm"] = CFrame.new(2.086162567138672e-07, 1.1920928955078125e-07, -0.0000036656856536865234, 1, 0.000005550682999455603, 0.000018700960936257616, 0.000019036235244129784, -0.4953930974006653, -0.8686690330505371, 0.000004425645329320105, 0.8686690330505371, -0.4953930377960205),
            ["LeftHand"] = CFrame.new(-0.0000013709068298339844, -0.0000013113021850585938, 6.332993507385254e-07, 0.1555510014295578, 0.29907602071762085, -0.9414654970169067, -0.6649760007858276, 0.7364840507507324, 0.12409070134162903, 0.7304866909980774, 0.6067495346069336, 0.3134394586086273),
            ["LeftFoot"] = CFrame.new(4.1443854570388794e-08, -1.7881393432617188e-07, 4.470348358154297e-08, 0.9996164441108704, -0.015630783513188362, -0.022866278886795044, 0.009478422813117504, 0.9687498807907104, -0.2478589117527008, 0.0260256826877594, 0.24754714965820312, 0.968526303768158),
            ["LowerTorso"] = CFrame.new(0.018812410533428192, -0.17119503021240234, 0.23527297377586365, 0.8748684525489807, -0.09238845109939575, 0.4754677712917328, 0.0529593862593174, 0.9940005540847778, 0.0956987738609314, -0.4814566373825073, -0.05854335054755211, 0.8745126128196716),
            ["RightLowerLeg"] = CFrame.new(3.818422555923462e-08, -0.0007262229919433594, 0.00004607608570950106, 1, 1.0430816388407038e-07, 7.450583261459087e-09, -4.190951941041021e-08, 0.6074491739273071, 0.7943581938743591, 1.3411046495548362e-07, -0.7943585515022278, 0.6074496507644653),
            ["LeftUpperLeg"] = CFrame.new(-8.940696716308594e-08, -5.383044481277466e-07, -2.9802322387695312e-08, 0.9845809936523438, 0.152565598487854, 0.08558034151792526, -0.05398276820778847, 0.7303455471992493, -0.6809417009353638, -0.16639123857021332, 0.6658221483230591, 0.72732013463974),
            ["LeftLowerLeg"] = CFrame.new(3.166496753692627e-08, -0.0007265806198120117, 0.00008090585470199585, 1, 2.4214383387288763e-08, 3.213063237694769e-08, -1.5832481992106295e-08, 0.622272789478302, 0.7828004360198975, 2.7939672797572257e-09, -0.7828004360198975, 0.6222729682922363),
        }},
        {Time = 0.033, Data = {
            ["RightFoot"] = CFrame.new(1.862645149230957e-07, -1.1920928955078125e-07, -7.281050784513354e-08, 0.9917258024215698, 0.1101076602935791, 0.06600304692983627, -0.0949062779545784, 0.9750635623931885, -0.20060878992080688, -0.0864458754658699, 0.19268471002578735, 0.9774456024169922),
            ["LeftLowerArm"] = CFrame.new(0.0000011324882507324219, 0, 0.0000046193599700927734, 1, -7.450578820566989e-09, -7.450581307466564e-08, -8.195637946073475e-08, -0.43456611037254333, -0.9006400108337402, -6.519257311765614e-08, 0.9006398916244507, -0.4345661699771881),
            ["RightUpperArm"] = CFrame.new(-0.014575481414794922, -0.027082204818725586, -0.025812216103076935, 0.9757407307624817, -0.10735736042261124, 0.1907995045185089, 0.17668117582798004, 0.9007876515388489, -0.3966934084892273, -0.1292818933725357, 0.4207802414894104, 0.8979030847549438),
            ["Head"] = CFrame.new(-2.3283064365386963e-09, -7.152557373046875e-07, -4.6566128730773926e-09, 0.6309674382209778, 0.053647588938474655, -0.7739523649215698, -0.167520672082901, 0.9834929704666138, -0.06839962303638458, 0.7575071454048157, 0.17281068861484528, 0.629538893699646),
            ["RightHand"] = CFrame.new(1.0989606380462646e-07, 0.0000010728836059570312, -9.592622518539429e-07, 0.15685990452766418, -0.10990194976329803, 0.9814869165420532, 0.5474876165390015, 0.8367908000946045, 0.006200829986482859, -0.8219807744026184, 0.536379337310791, 0.19142921268939972),
            ["UpperTorso"] = CFrame.new(-1.6298145055770874e-08, -2.9802322387695312e-08, -6.6356733441352844e-09, 0.8772484064102173, 0.03809875249862671, 0.4785226285457611, 0.02269934117794037, 0.9924382567405701, -0.12062876671552658, -0.47949978709220886, 0.11668353527784348, 0.869749903678894),
            ["HumanoidRootPart"] = CFrame.new(0, 0, 0, 1, 0, 0, 0, 1, 0, 0, 0, 1),
            ["RightUpperLeg"] = CFrame.new(0, -1.154548954218626e-07, -8.109054761007428e-08, 0.7940393686294556, -0.27450698614120483, -0.5423534512519836, 0.1904052197933197, 0.9596445560455322, -0.20694968104362488, 0.5772757530212402, 0.06105910241603851, 0.8142632246017456),
            ["LeftUpperArm"] = CFrame.new(0.04816192388534546, 0.029842257499694824, -0.025864169001579285, 0.9723102450370789, 0.23345288634300232, 0.010610511526465416, -0.23128004372119904, 0.9677832722663879, -0.09952482581138611, -0.033503152430057526, 0.09431486576795578, 0.9949785470962524),
            ["RightLowerArm"] = CFrame.new(4.76837158203125e-07, 1.1920928955078125e-07, -0.0000035762786865234375, 1, 0.000004775822162628174, 0.000018872329746955074, 0.000018984081179951318, -0.4602160155773163, -0.8878070116043091, 0.0000044405464905139524, 0.8878070116043091, -0.4602160155773163),
            ["LeftHand"] = CFrame.new(-0.0000013709068298339844, -0.0000013113021850585938, 2.980232238769531e-07, 0.125491663813591, 0.29003238677978516, -0.9487533569335938, -0.6685390472412109, 0.7312971949577332, 0.135128915309906, 0.7330125570297241, 0.617321252822876, 0.28567010164260864),
            ["LeftFoot"] = CFrame.new(-2.9802322387695312e-08, -2.384185791015625e-07, 0, 0.9993934035301208, -0.03297358751296997, -0.011213909834623337, 0.028815388679504395, 0.9636700749397278, -0.2655366361141205, 0.019562209025025368, 0.2650524079799652, 0.9640356302261353),
            ["LowerTorso"] = CFrame.new(0.029202625155448914, -0.17490971088409424, 0.21467234194278717, 0.8887893557548523, -0.0801452249288559, 0.45125409960746765, 0.045423369854688644, 0.9951479434967041, 0.08727796375751495, -0.45605942606925964, -0.05707424879074097, 0.8881173133850098),
            ["RightLowerLeg"] = CFrame.new(-7.264316082000732e-08, -0.0007260441780090332, 0.000046068635128904134, 1, 1.266598985694145e-07, 2.235175244891252e-08, -7.450581307466564e-08, 0.5574170351028442, 0.830232560634613, 1.3411046495548362e-07, -0.8302326202392578, 0.5574172139167786),
            ["LeftUpperLeg"] = CFrame.new(-1.1920928955078125e-07, -1.434236764907837e-07, -4.470348358154297e-08, 0.9814497232437134, 0.16771109402179718, 0.09289530664682388, -0.06386536359786987, 0.742858350276947, -0.6663953065872192, -0.18076984584331512, 0.6481006741523743, 0.7397890090942383),
            ["LeftLowerLeg"] = CFrame.new(7.636845111846924e-08, -0.0007266998291015625, 0.00008110329508781433, 1, 9.685756197086448e-08, -1.9557775843281888e-08, 5.587935447692871e-09, 0.6158351302146912, 0.7878752946853638, 7.450580596923828e-09, -0.7878751158714294, 0.6158349514007568),
        }},
        {Time = 0.067, Data = {
            ["RightFoot"] = CFrame.new(1.2665987014770508e-07, 0, 6.129994289949536e-08, 0.9935736060142517, 0.10378121584653854, 0.04517816752195358, -0.09156674891710281, 0.9716065526008606, -0.21816590428352356, -0.06653682887554169, 0.2126268595457077, 0.9748654365539551),
            ["LeftLowerArm"] = CFrame.new(0.0000011920928955078125, -6.556510925292969e-07, 0.000004649162292480469, 1, -5.960464477539063e-08, -2.980232949312267e-08, -8.568168397005138e-08, -0.3755754828453064, -0.9267919063568115, -4.4703490686970326e-08, 0.9267918467521667, -0.37557536363601685),
            ["RightUpperArm"] = CFrame.new(-0.026045620441436768, -0.017952680587768555, -0.026853781193494797, 0.9555283784866333, -0.12564346194267273, 0.26679423451423645, 0.2315543293952942, 0.8798892498016357, -0.4149428904056549, -0.18261492252349854, 0.4582671523094177, 0.8698525428771973),
            ["Head"] = CFrame.new(-2.4738255888223648e-08, -4.76837158203125e-07, -1.973239704966545e-08, 0.6633264422416687, 0.07695548236370087, -0.744362473487854, -0.17783424258232117, 0.982413649559021, -0.05690779164433479, 0.7268927693367004, 0.17012149095535278, 0.6653465628623962),
            ["RightHand"] = CFrame.new(1.3690441846847534e-07, 0.0000013709068298339844, -7.171183824539185e-07, 0.11107084155082703, -0.06854339689016342, 0.9914459586143494, 0.5507662892341614, 0.8346499800682068, -0.003998557571321726, -0.8272362947463989, 0.5464991331100464, 0.13045673072338104),
            ["UpperTorso"] = CFrame.new(-1.4901161193847656e-08, -8.940696716308594e-08, 6.100162863731384e-08, 0.908319890499115, -0.0012690965086221695, 0.4182747006416321, 0.044601671397686005, 0.9945879578590393, -0.09383872896432877, -0.41589149832725525, 0.10389132797718048, 0.9034603238105774),
            ["HumanoidRootPart"] = CFrame.new(0, 0, 0, 1, 0, 0, 0, 1, 0, 0, 0, 1),
            ["RightUpperLeg"] = CFrame.new(0, -2.819579094648361e-07, 4.300818545743823e-08, 0.7734586000442505, -0.2942488193511963, -0.5614085793495178, 0.21068386733531952, 0.954704225063324, -0.21012406051158905, 0.597807765007019, 0.04424239322543144, 0.8004175424575806),
            ["LeftUpperArm"] = CFrame.new(0.035821735858917236, 0.022507309913635254, -0.02696128562092781, 0.9738568067550659, 0.22450026869773865, 0.03467516973614693, -0.2163792848587036, 0.9632294178009033, -0.15927690267562866, -0.06915819644927979, 0.1476099044084549, 0.9866247773170471),
            ["RightLowerArm"] = CFrame.new(4.172325134277344e-07, 8.344650268554688e-07, -0.0000037550926208496094, 1, 0.000003769993327296106, 0.00001916289511427749, 0.000018998980522155762, -0.41018375754356384, -0.9120029807090759, 0.00000441819429397583, 0.9120028614997864, -0.41018378734588623),
            ["LeftHand"] = CFrame.new(-0.0000015497207641601562, -0.0000013709068298339844, 5.066394805908203e-07, 0.07969075441360474, 0.27715203166007996, -0.9575154781341553, -0.6719052791595459, 0.7244954705238342, 0.15378428995609283, 0.736337423324585, 0.6311047077178955, 0.2439558506011963),
            ["LeftFoot"] = CFrame.new(1.955777406692505e-08, -1.1920928955078125e-07, 2.9802322387695312e-08, 0.99897700548172, -0.045200735330581665, 0.0013700701529160142, 0.04401509091258049, 0.9649275541305542, -0.2588003873825073, 0.010375957936048508, 0.2585960030555725, 0.9659299254417419),
            ["LowerTorso"] = CFrame.new(0.036599963903427124, -0.1802053451538086, 0.1973993182182312, 0.8802111148834229, -0.05646435171365738, 0.47121137380599976, 0.023183181881904602, 0.9968274831771851, 0.07614229619503021, -0.4740157425403595, -0.0560971200466156, 0.8787276744842529),
            ["RightLowerLeg"] = CFrame.new(-1.210719347000122e-07, -0.0007262229919433594, 0.00004606118454830721, 1, 1.3038520307873114e-07, 5.215408904746255e-08, -9.685756197086448e-08, 0.5248978137969971, 0.8511651158332825, 1.0430814256778831e-07, -0.8511653542518616, 0.5248980522155762),
            ["LeftUpperLeg"] = CFrame.new(-8.940696716308594e-08, -3.241002559661865e-07, 4.470348358154297e-08, 0.9879686236381531, 0.13754859566688538, 0.07069901376962662, -0.059299591928720474, 0.7591222524642944, -0.6482416391372681, -0.14283394813537598, 0.6362499594688416, 0.7581454515457153),
            ["LeftLowerLeg"] = CFrame.new(2.421438694000244e-08, -0.0007265806198120117, 0.00008105859160423279, 1, 4.470347647611561e-08, -9.313226634333205e-09, -3.725290653733282e-08, 0.6279616355895996, 0.7782443761825562, 2.0302834968788375e-07, -0.7782442569732666, 0.6279616951942444),
        }},
        {Time = 0.100, Data = {
            ["RightFoot"] = CFrame.new(1.7136335372924805e-07, -5.960464477539063e-08, 7.620110409334302e-08, 0.993266224861145, 0.11396238952875137, 0.02085309475660324, -0.10621538758277893, 0.967633843421936, -0.22891759872436523, -0.04626624658703804, 0.22516100108623505, 0.9732224941253662),
            ["LeftLowerArm"] = CFrame.new(9.834766387939453e-07, -5.364418029785156e-07, 0.000004649162292480469, 1, -3.725289943190546e-08, -7.4505820180093e-08, -6.938353180885315e-08, -0.30010533332824707, -0.9539061784744263, -3.725290298461914e-08, 0.9539061188697815, -0.3001053035259247),
            ["RightUpperArm"] = CFrame.new(-0.03474295139312744, -0.003116130828857422, -0.029005691409111023, 0.9371587634086609, -0.1392437368631363, 0.3199132978916168, 0.27349549531936646, 0.8625069856643677, -0.4257718026638031, -0.2166416496038437, 0.48651090264320374, 0.8463886976242065),
            ["Head"] = CFrame.new(-8.789356797933578e-09, -5.960464477539062e-07, -9.604264050722122e-09, 0.7059863805770874, 0.08072212338447571, -0.7036099433898926, -0.16894620656967163, 0.9839972853660583, -0.05662717670202255, 0.6877793073654175, 0.1588503122329712, 0.7083263993263245),
            ["RightHand"] = CFrame.new(4.675239324569702e-07, 9.5367431640625e-07, -1.2665987014770508e-07, 0.09802921861410141, -0.026799047365784645, 0.99482262134552, 0.5554945468902588, 0.8308905363082886, -0.0323551744222641, -0.8257215619087219, 0.5557902455329895, 0.09633851796388626),
            ["UpperTorso"] = CFrame.new(-1.862645149230957e-08, -2.980232238769531e-07, -7.450580596923828e-09, 0.9410300254821777, -0.006689323112368584, 0.3382571041584015, 0.023595502600073814, 0.9986677169799805, -0.04589312523603439, -0.33749920129776, 0.05116812139749527, 0.9399340748786926),
            ["HumanoidRootPart"] = CFrame.new(0, 0, 0, 1, 0, 0, 0, 1, 0, 0, 0, 1),
            ["RightUpperLeg"] = CFrame.new(0, -2.7980422601103783e-07, -1.6596459317952394e-08, 0.7500028610229492, -0.2959226667881012, -0.5915448069572449, 0.24539434909820557, 0.954998254776001, -0.16661332547664642, 0.6142290234565735, -0.020201368257403374, 0.7888692021369934),
            ["LeftUpperArm"] = CFrame.new(0.02632153034210205, 0.009396076202392578, -0.029083341360092163, 0.9782949686050415, 0.19945548474788666, 0.05618242174386978, -0.18417957425117493, 0.9612064957618713, -0.20532895624637604, -0.09495708346366882, 0.19052475690841675, 0.9770790934562683),
            ["RightLowerArm"] = CFrame.new(4.470348358154297e-07, 8.344650268554688e-07, -0.000003933906555175781, 1, 0.0000025406479835510254, 0.000019282108041807078, 0.000019006429283763282, -0.35238829255104065, -0.9358539581298828, 0.000004410743258631555, 0.935853898525238, -0.3523881137371063),
            ["LeftHand"] = CFrame.new(-0.0000013709068298339844, -0.0000011920928955078125, -2.9802322387695312e-08, 0.028183769434690475, 0.2600454092025757, -0.9651849269866943, -0.6745021939277649, 0.717563807964325, 0.17363451421260834, 0.7377346754074097, 0.6461257934570312, 0.19562503695487976),
            ["LeftFoot"] = CFrame.new(-6.798654794692993e-08, -1.7881393432617188e-07, 8.940696716308594e-08, 0.9986602663993835, -0.04967276006937027, 0.01450253650546074, 0.05174120515584946, 0.9625511765480042, -0.26611682772636414, -0.0007406641379930079, 0.26651066541671753, 0.9638317823410034),
            ["LowerTorso"] = CFrame.new(0.03130442649126053, -0.1896458864212036, 0.18636007606983185, 0.8684121370315552, -0.03200092539191246, 0.49480950832366943, 0.019393404945731163, 0.999343752861023, 0.03059452585875988, -0.49546384811401367, -0.01697261445224285, 0.868462860584259),
            ["RightLowerLeg"] = CFrame.new(-7.450580596923828e-08, -0.0007262825965881348, 0.00004606118454830721, 1, 1.0803344707710494e-07, 7.450580596923828e-08, -4.4703490686970326e-08, 0.5133994817733765, 0.8581498265266418, 8.568168397005138e-08, -0.8581497073173523, 0.5133994817733765),
            ["LeftUpperLeg"] = CFrame.new(-2.9802322387695312e-08, -3.0407682061195374e-07, -4.470348358154297e-08, 0.992928147315979, 0.11361386626958847, 0.03443170338869095, -0.06794638186693192, 0.7816969752311707, -0.6199461817741394, -0.09734959155321121, 0.6132224202156067, 0.7838885188102722),
            ["LeftLowerLeg"] = CFrame.new(-7.82310962677002e-08, -0.0007265806198120117, 0.00008099526166915894, 1, 1.2293456563838845e-07, -9.313225746154785e-08, -4.842878098543224e-08, 0.6134774684906006, 0.7897123098373413, 2.6077035641947077e-08, -0.7897121906280518, 0.6134774088859558),
        }},
        {Time = 0.133, Data = {
            ["RightFoot"] = CFrame.new(1.4156103134155273e-07, 0, 1.6596459317952394e-08, 0.9916106462478638, 0.1292588859796524, -0.0006866156472824514, -0.12570223212242126, 0.9630614519119263, -0.23814211785793304, -0.030120763927698135, 0.23623044788837433, 0.9712300300598145),
            ["LeftLowerArm"] = CFrame.new(0.000001430511474609375, -6.556510925292969e-07, 0.000004708766937255859, 1, 3.3527612686157227e-08, -1.1175872316471214e-07, -7.82310962677002e-08, -0.203421950340271, -0.9790911674499512, 1.1175870895385742e-08, 0.979091227054596, -0.2034219652414322),
            ["RightUpperArm"] = CFrame.new(-0.0429692268371582, 0.012945175170898438, -0.03237394243478775, 0.9238020181655884, -0.14163751900196075, 0.355709046125412, 0.2958672344684601, 0.853759765625, -0.4284355342388153, -0.243007093667984, 0.5010321140289307, 0.8306106925010681),
            ["Head"] = CFrame.new(-1.979060471057892e-09, -3.5762786865234375e-07, -1.6065314412117004e-08, 0.7545940279960632, 0.07870416343212128, -0.6514552235603333, -0.15178030729293823, 0.9867928624153137, -0.056593168526887894, 0.6383969783782959, 0.14158278703689575, 0.7565733790397644),
            ["RightHand"] = CFrame.new(2.384185791015625e-07, 9.5367431640625e-07, -6.742775440216064e-07, 0.08304253220558167, -0.014793245121836662, 0.9964362382888794, 0.5756628513336182, 0.8169010281562805, -0.03584769740700722, -0.8134593963623047, 0.5765881538391113, 0.07635366171598434),
            ["UpperTorso"] = CFrame.new(-9.313225746154785e-09, -4.76837158203125e-07, 1.5366822481155396e-08, 0.9607003927230835, -0.00742071308195591, 0.27748802304267883, 0.008996924385428429, 0.9999498128890991, -0.004407450556755066, -0.2774415612220764, 0.006730786059051752, 0.9607189893722534),
            ["HumanoidRootPart"] = CFrame.new(0, 0, 0, 1, 0, 0, 0, 1, 0, 0, 0, 1),
            ["RightUpperLeg"] = CFrame.new(0, -3.355671651661396e-07, 3.892637323588133e-09, 0.7390209436416626, -0.31793826818466187, -0.5939387679100037, 0.2840648591518402, 0.9464859366416931, -0.15320447087287903, 0.6108642220497131, -0.05549577251076698, 0.7897880673408508),
            ["LeftUpperArm"] = CFrame.new(0.018209755420684814, -0.006240129470825195, -0.03211916238069534, 0.9830283522605896, 0.16906778514385223, 0.07121516764163971, -0.14917944371700287, 0.9626186490058899, -0.2260773479938507, -0.10677505284547806, 0.21161651611328125, 0.9715027213096619),
            ["RightLowerArm"] = CFrame.new(2.980232238769531e-07, 8.344650268554688e-07, -0.000004023313522338867, 1, 0.0000012367964927761932, 0.00001938641617016401, 0.000018984081179951318, -0.2857762277126312, -0.9582964181900024, 0.0000043958430069324095, 0.9582964181900024, -0.28577613830566406),
            ["LeftHand"] = CFrame.new(-0.0000013113021850585938, -0.0000011920928955078125, 4.023313522338867e-07, -0.020597754046320915, 0.24811780452728271, -0.9685108065605164, -0.679269552230835, 0.7073277831077576, 0.19565318524837494, 0.7335997819900513, 0.6619100570678711, 0.15396974980831146),
            ["LeftFoot"] = CFrame.new(-6.51925802230835e-09, -2.384185791015625e-07, 7.82310962677002e-08, 0.9984607696533203, -0.04792178049683571, 0.027920760214328766, 0.053958695381879807, 0.9557486772537231, -0.2891940772533417, -0.012826337479054928, 0.2902553379535675, 0.9568632245063782),
            ["LowerTorso"] = CFrame.new(0.015276119112968445, -0.2014143466949463, 0.1805715560913086, 0.8743718862533569, -0.006019528955221176, 0.485219269990921, 0.012790755368769169, 0.9998615980148315, -0.01064503937959671, -0.4850880205631256, 0.015514045022428036, 0.8743277192115784),
            ["RightLowerLeg"] = CFrame.new(-1.862645149230957e-09, -0.0007264018058776855, 0.00004607608570950106, 1, 1.2665991278026922e-07, 5.21540464148984e-08, -1.0617074508445512e-07, 0.4838649332523346, 0.8751427531242371, 1.0058281674218961e-07, -0.8751427531242371, 0.48386481404304504),
            ["LeftUpperLeg"] = CFrame.new(0, -5.080364644527435e-07, -9.313225746154785e-09, 0.9941713809967041, 0.10267408192157745, 0.032881852239370346, -0.06357919424772263, 0.8046718835830688, -0.590305507183075, -0.08706853538751602, 0.5847744345664978, 0.8065099120140076),
            ["LeftLowerLeg"] = CFrame.new(-1.1827796697616577e-07, -0.0007265210151672363, 0.00008096452802419662, 1, 4.4703490686970326e-08, 6.798654794692993e-08, -7.823108916227284e-08, 0.5902111530303955, 0.8072490692138672, 6.146728281919422e-08, -0.8072489500045776, 0.5902109146118164),
        }},
        {Time = 0.167, Data = {
            ["RightFoot"] = CFrame.new(1.4901161193847656e-07, -1.7881393432617188e-07, -4.300818545743823e-08, 0.9888195991516113, 0.14844757318496704, -0.014110846444964409, -0.14729076623916626, 0.9575643539428711, -0.24774187803268433, -0.023264572024345398, 0.24705049395561218, 0.9687232971191406),
            ["LeftLowerArm"] = CFrame.new(0.0000014603137969970703, -5.960464477539062e-07, 0.000004589557647705078, 1, 2.2351741790771484e-08, -7.450582373280668e-09, -7.4505820180093e-08, -0.07308250665664673, -0.9973258972167969, -4.284084909045305e-08, 0.9973259568214417, -0.0730825662612915),
            ["RightUpperArm"] = CFrame.new(-0.05031096935272217, 0.027665257453918457, -0.03762071207165718, 0.9252644777297974, -0.11454718559980392, 0.3616139888763428, 0.2710898518562317, 0.8664946556091309, -0.41916295886039734, -0.26532262563705444, 0.48586639761924744, 0.8327891230583191),
            ["Head"] = CFrame.new(5.820766091346741e-09, -5.960464477539062e-07, -1.5133991837501526e-09, 0.8064302206039429, 0.07504713535308838, -0.5865477323532104, -0.13221237063407898, 0.989686131477356, -0.055148109793663025, 0.5763595104217529, 0.12202184647321701, 0.8080348968505859),
            ["RightHand"] = CFrame.new(5.960464477539063e-08, 0.0000013113021850585938, -4.3958425521850586e-07, 0.07210680097341537, -0.022231094539165497, 0.9971491098403931, 0.6127961874008179, 0.7897897362709045, -0.02670508436858654, -0.7869443297386169, 0.6129747629165649, 0.07057253271341324),
            ["UpperTorso"] = CFrame.new(7.101334631443024e-09, -3.5762786865234375e-07, -4.307366907596588e-09, 0.9724569320678711, -0.022091859951615334, 0.23203334212303162, 0.01665712520480156, 0.9995397925376892, 0.025355571880936623, -0.232486754655838, -0.020792201161384583, 0.9723774194717407),
            ["HumanoidRootPart"] = CFrame.new(0, 0, 0, 1, 0, 0, 0, 1, 0, 0, 0, 1),
            ["RightUpperLeg"] = CFrame.new(0, -3.655441105365753e-08, 5.75528247281909e-09, 0.7293285727500916, -0.37441450357437134, -0.5726200938224792, 0.33132404088974, 0.9255619049072266, -0.1831926852464676, 0.5985852479934692, -0.05611523240804672, 0.7990911602973938),
            ["LeftUpperArm"] = CFrame.new(0.011997103691101074, -0.021817684173583984, -0.03639449551701546, 0.9863263368606567, 0.1416967809200287, 0.08415646106004715, -0.12009073793888092, 0.9676669239997864, -0.22180868685245514, -0.11286504566669464, 0.2086692899465561, 0.9714518189430237),
            ["RightLowerArm"] = CFrame.new(3.8743019104003906e-07, 1.7881393432617188e-07, -0.000003874301910400391, 1, -1.6391277313232422e-07, 0.000019446017176960595, 0.000018991529941558838, -0.21659064292907715, -0.9762625098228455, 0.0000044405460357666016, 0.9762625694274902, -0.21659068763256073),
            ["LeftHand"] = CFrame.new(-0.000001430511474609375, -0.0000011920928955078125, 8.195638656616211e-08, 0.004445337224751711, 0.2373722493648529, -0.9714085459709167, -0.699068009853363, 0.6953486204147339, 0.1667156219482422, 0.7150413393974304, 0.6783396601676941, 0.16903063654899597),
            ["LeftFoot"] = CFrame.new(-6.51925802230835e-09, 0, -2.9802322387695312e-08, 0.9983668327331543, -0.04058270901441574, 0.04020955041050911, 0.05120278149843216, 0.947803258895874, -0.3147174119949341, -0.02533878944814205, 0.3162626028060913, 0.9483333826065063),
            ["LowerTorso"] = CFrame.new(-0.008778125047683716, -0.21185386180877686, 0.1787353754043579, 0.8945493102073669, 0.026319654658436775, 0.44619378447532654, -0.01017517689615488, 0.9992052912712097, -0.038540516048669815, -0.44685351848602295, 0.02993629314005375, 0.8941061496734619),
            ["RightLowerLeg"] = CFrame.new(-1.601874828338623e-07, -0.0007262229919433594, 0.000046068635128904134, 1, 1.1880185013524169e-07, 7.450583261459087e-09, -7.078050856534901e-08, 0.433294415473938, 0.9012523889541626, 1.1920927533992653e-07, -0.9012524485588074, 0.4332946538925171),
            ["LeftUpperLeg"] = CFrame.new(0, -8.66129994392395e-08, 1.4901161193847656e-08, 0.993133008480072, 0.09208294749259949, 0.07216405868530273, -0.03689911961555481, 0.8318949937820435, -0.5537051558494568, -0.11101960390806198, 0.5472398400306702, 0.8295800685882568),
            ["LeftLowerLeg"] = CFrame.new(-8.777715265750885e-08, -0.0007264018058776855, 0.00008106883615255356, 1, 8.195639367158947e-08, 7.357449760547752e-08, -5.2154071283894154e-08, 0.58078932762146, 0.8140537142753601, 1.2107194891086692e-07, -0.8140539526939392, 0.5807895660400391),
        }},
        {Time = 0.200, Data = {
            ["RightFoot"] = CFrame.new(2.086162567138672e-07, -1.1920928955078125e-07, -1.3205863069742918e-08, 0.9860745668411255, 0.16452006995677948, -0.02429288998246193, -0.1653405874967575, 0.9541465640068054, -0.2495332658290863, -0.017874255776405334, 0.25007495284080505, 0.9680615663528442),
            ["LeftLowerArm"] = CFrame.new(0.000001430511474609375, -0.0000010132789611816406, 0.000004947185516357422, 1, 8.102504267526456e-08, -4.842878098543224e-08, -5.215405707303944e-08, 0.06035362929105759, -0.9981771111488342, -2.7939673685750677e-08, 0.9981770515441895, 0.060353606939315796),
            ["RightUpperArm"] = CFrame.new(-0.0560457706451416, 0.04101073741912842, -0.0441114716231823, 0.9334150552749634, -0.08849101513624191, 0.34771499037742615, 0.2297111451625824, 0.891844630241394, -0.3896741569042206, -0.2756249010562897, 0.4436016380786896, 0.8527885675430298),
            ["Head"] = CFrame.new(2.7939677238464355e-09, -4.76837158203125e-07, -1.862645149230957e-08, 0.8576915264129639, 0.06891737133264542, -0.5095250606536865, -0.1123485118150711, 0.9921499490737915, -0.05492196977138519, 0.5017401576042175, 0.10435040295124054, 0.8587012887001038),
            ["RightHand"] = CFrame.new(2.2351741790771484e-07, 9.5367431640625e-07, -9.685754776000977e-07, 0.06681948155164719, -0.04413645341992378, 0.996788501739502, 0.6624953746795654, 0.7489816546440125, -0.011246434412896633, -0.7460798025131226, 0.6611192226409912, 0.07928690314292908),
            ["UpperTorso"] = CFrame.new(1.4901161193847656e-08, -1.1920928955078125e-07, 8.847564458847046e-09, 0.9754942059516907, -0.04260833561420441, 0.21586017310619354, 0.03297557309269905, 0.9983012676239014, 0.048033054918050766, -0.21754023432731628, -0.03973786532878876, 0.9752421379089355),
            ["HumanoidRootPart"] = CFrame.new(0, 0, 0, 1, 0, 0, 0, 1, 0, 0, 0, 1),
            ["RightUpperLeg"] = CFrame.new(2.9802322387695312e-08, -7.510243449360132e-08, -1.5665136743336916e-08, 0.7359491586685181, -0.4483233392238617, -0.5073310732841492, 0.3755131661891937, 0.8938143253326416, -0.24512451887130737, 0.5633549094200134, -0.010110389441251755, 0.8261532187461853),
            ["LeftUpperArm"] = CFrame.new(0.008257627487182617, -0.03719282150268555, -0.04122916981577873, 0.9883345365524292, 0.11599737405776978, 0.0986890122294426, -0.09217987954616547, 0.9714369177818298, -0.21866223216056824, -0.12123426795005798, 0.207014262676239, 0.9707972407341003),
            ["RightLowerArm"] = CFrame.new(0, 0.0000011324882507324219, -0.000004231929779052734, 1, -0.0000012964009101779084, 0.000019371511370991357, 0.000019006431102752686, -0.15745416283607483, -0.9875264167785645, 0.000004380941390991211, 0.9875262975692749, -0.15745411813259125),
            ["LeftHand"] = CFrame.new(-0.000001385807991027832, -0.0000011920928955078125, 2.123415470123291e-07, 0.06497418135404587, 0.22957918047904968, -0.9711188077926636, -0.7230280637741089, 0.681555449962616, 0.11274930089712143, 0.6877562403678894, 0.6948205232620239, 0.21027597784996033),
            ["LeftFoot"] = CFrame.new(2.514570951461792e-08, -2.980232238769531e-07, -2.1653249859809875e-08, 0.9981730580329895, -0.03073524497449398, 0.052019815891981125, 0.046861253678798676, 0.9372816681861877, -0.3454085886478424, -0.038140930235385895, 0.3472152054309845, 0.9370095133781433),
            ["LowerTorso"] = CFrame.new(-0.03918546810746193, -0.2186141014099121, 0.18034717440605164, 0.9291871190071106, 0.059793855994939804, 0.3647410273551941, -0.0416337326169014, 0.9974794387817383, -0.05745885893702507, -0.36725732684135437, 0.03820449858903885, 0.9293344616889954),
            ["RightLowerLeg"] = CFrame.new(2.9802322387695312e-08, -0.0007264018058776855, 0.00004607608570950106, 1, 1.974404284510456e-07, 0, -1.3411047916633834e-07, 0.3654026687145233, 0.9308494925498962, 2.2351747119842003e-08, -0.930849552154541, 0.36540281772613525),
            ["LeftUpperLeg"] = CFrame.new(-2.9802322387695312e-08, -7.450580596923828e-09, 7.450580596923828e-09, 0.9836262464523315, 0.09230516105890274, 0.15478768944740295, -0.0023467340506613255, 0.8653662204742432, -0.5011346340179443, -0.18020546436309814, 0.49256572127342224, 0.8514135479927063),
            ["LeftLowerLeg"] = CFrame.new(5.681067705154419e-08, -0.0007266998291015625, 0.00008114054799079895, 1, 4.842878098543224e-08, 4.8428766774577525e-08, -4.8428766774577525e-08, 0.5847591161727905, 0.8112069368362427, 3.725289943190546e-08, -0.8112070560455322, 0.5847591161727905),
        }},
        {Time = 0.233, Data = {
            ["RightFoot"] = CFrame.new(1.7881393432617188e-07, -1.7881393432617188e-07, -4.300818545743823e-08, 0.9839687943458557, 0.17485280334949493, -0.03509826958179474, -0.17813479900360107, 0.9541556239128113, -0.24053098261356354, -0.008568361401557922, 0.24292707443237305, 0.9700067043304443),
            ["LeftLowerArm"] = CFrame.new(0.0000013113021850585938, -7.152557373046875e-07, 0.000004827976226806641, 1, 2.9336657547673894e-08, -6.705523958316917e-08, -7.4505820180093e-08, 0.17915180325508118, -0.9838215112686157, -1.1548402767402877e-07, 0.983821451663971, 0.17915178835391998),
            ["RightUpperArm"] = CFrame.new(-0.059717655181884766, 0.05149352550506592, -0.05118405818939209, 0.9334539175033569, -0.1067563071846962, 0.34244251251220703, 0.22486267983913422, 0.9179635047912598, -0.32677191495895386, -0.2794649004936218, 0.38202911615371704, 0.880882203578949),
            ["Head"] = CFrame.new(-5.587935447692871e-09, -7.152557373046875e-07, -1.862645149230957e-09, 0.9044234752655029, 0.06315219402313232, -0.42193618416786194, -0.09511569142341614, 0.9939393401145935, -0.055116117000579834, 0.4158982038497925, 0.08998094499111176, 0.9049487113952637),
            ["RightHand"] = CFrame.new(2.086162567138672e-07, 0.0000010728836059570312, -7.301568984985352e-07, 0.06711344420909882, -0.07912379503250122, 0.9946030378341675, 0.7254986763000488, 0.6881990432739258, 0.005793351214379072, -0.6849434971809387, 0.7211946249008179, 0.10359178483486176),
            ["UpperTorso"] = CFrame.new(1.1175870895385742e-08, 3.8743019104003906e-07, 9.313225746154785e-09, 0.9751642942428589, -0.0630178451538086, 0.21232862770557404, 0.051407795399427414, 0.9968875646591187, 0.05976900830864906, -0.21543416380882263, -0.04736922308802605, 0.9753687381744385),
            ["HumanoidRootPart"] = CFrame.new(0, 0, 0, 1, 0, 0, 0, 1, 0, 0, 0, 1),
            ["RightUpperLeg"] = CFrame.new(-2.9802322387695312e-08, 1.4924444258213043e-07, -1.287116901949048e-08, 0.7577294111251831, -0.510332465171814, -0.40670245885849, 0.40515440702438354, 0.8564699292182922, -0.31985822319984436, 0.5115625262260437, 0.07758869975805283, 0.8557357788085938),
            ["LeftUpperArm"] = CFrame.new(0.006918728351593018, -0.0504152774810791, -0.046309761703014374, 0.9877340197563171, 0.1064293161034584, 0.11425553262233734, -0.07552924752235413, 0.9660784602165222, -0.24695713818073273, -0.1366634964942932, 0.23529842495918274, 0.9622670412063599),
            ["RightLowerArm"] = CFrame.new(2.384185791015625e-07, 4.172325134277344e-07, -0.000003993511199951172, 1, -0.000002235173951703473, 0.000019326815163367428, 0.000019051138224313036, -0.10839173942804337, -0.9941083788871765, 0.0000044777998482459225, 0.9941083192825317, -0.10839172452688217),
            ["LeftHand"] = CFrame.new(-0.000001259148120880127, -0.0000012516975402832031, -1.3899989426136017e-07, 0.11990703642368317, 0.22546088695526123, -0.9668452739715576, -0.7484326958656311, 0.6603831052780151, 0.061176564544439316, 0.6522812247276306, 0.7162832021713257, 0.24792711436748505),
            ["LeftFoot"] = CFrame.new(-7.12461769580841e-08, -1.1920928955078125e-07, -3.91155481338501e-08, 0.9976803660392761, -0.0223808865994215, 0.06428902596235275, 0.044999297708272934, 0.9254653453826904, -0.37615036964416504, -0.05107847973704338, 0.37817060947418213, 0.9243256449699402),
            ["LowerTorso"] = CFrame.new(-0.07199229300022125, -0.22201311588287354, 0.18310555815696716, 0.9623242616653442, 0.08694463223218918, 0.25762903690338135, -0.0730329155921936, 0.9953312277793884, -0.06310375779867172, -0.2619127631187439, 0.04191087558865547, 0.964181125164032),
            ["RightLowerLeg"] = CFrame.new(-8.940696716308594e-08, -0.0007262825965881348, 0.00004607608570950106, 1, 1.7881399116959074e-07, 4.470350489782504e-08, -1.2665985593685036e-07, 0.2952054738998413, 0.9554339051246643, 8.940695295223122e-08, -0.9554337859153748, 0.2952054738998413),
            ["LeftUpperLeg"] = CFrame.new(-5.960464477539063e-08, 2.3283064365386963e-07, -7.450580596923828e-09, 0.9620107412338257, 0.09542291611433029, 0.25579267740249634, 0.028566870838403702, 0.896602988243103, -0.44191282987594604, -0.2715131938457489, 0.4324321448802948, 0.859815776348114),
            ["LeftLowerLeg"] = CFrame.new(1.0617077350616455e-07, -0.0007265210151672363, 0.00008095428347587585, 1, 1.266598843585598e-07, -4.470347647611561e-08, -4.0978193283081055e-08, 0.5985968112945557, 0.8010506629943848, -3.818422555923462e-08, -0.8010505437850952, 0.5985966324806213),
        }},
        {Time = 0.267, Data = {
            ["RightFoot"] = CFrame.new(2.682209014892578e-07, -5.960464477539063e-08, -1.3205863069742918e-08, 0.982665479183197, 0.17840398848056793, -0.05040547996759415, -0.1851401925086975, 0.9584354162216187, -0.21708253026008606, 0.00958199892193079, 0.22265136241912842, 0.9748510718345642),
            ["LeftLowerArm"] = CFrame.new(0.0000011026859283447266, -6.556510925292969e-07, 0.000004738569259643555, 1, 8.172355592250824e-08, -6.426127896475009e-08, -8.195637946073475e-08, 0.266765296459198, -0.963761568069458, -8.568166975919667e-08, 0.963761568069458, 0.26676511764526367),
            ["RightUpperArm"] = CFrame.new(-0.061705589294433594, 0.05936574935913086, -0.05695619806647301, 0.9389165639877319, -0.12944664061069489, 0.3188718557357788, 0.21534931659698486, 0.9437326788902283, -0.250984787940979, -0.26844072341918945, 0.30432263016700745, 0.9139624834060669),
            ["Head"] = CFrame.new(-2.60770320892334e-08, -3.5762786865234375e-07, 1.6763806343078613e-08, 0.9444758296012878, 0.058330319821834564, -0.3233623802661896, -0.08084207773208618, 0.9951176643371582, -0.056617315858602524, 0.3184809982776642, 0.07961487770080566, 0.9445799589157104),
            ["RightHand"] = CFrame.new(2.384185791015625e-07, 9.5367431640625e-07, -7.543712854385376e-07, 0.0969187542796135, -0.10473090410232544, 0.9897667169570923, 0.7886539101600647, 0.6147165894508362, -0.012180289253592491, -0.6071505546569824, 0.781764030456543, 0.14217418432235718),
            ["UpperTorso"] = CFrame.new(-5.587935447692871e-09, 2.9802322387695312e-08, -2.3283064365386963e-08, 0.9729885458946228, -0.07575991004705429, 0.21806840598583221, 0.06373478472232819, 0.9960595965385437, 0.0616694837808609, -0.2218811810016632, -0.046105168759822845, 0.9739831686019897),
            ["HumanoidRootPart"] = CFrame.new(0, 0, 0, 1, 0, 0, 0, 1, 0, 0, 0, 1),
            ["RightUpperLeg"] = CFrame.new(-2.9802322387695312e-08, 1.7601996660232544e-07, 1.3205863069742918e-08, 0.7993488311767578, -0.5365023016929626, -0.2705674469470978, 0.41494467854499817, 0.818560004234314, -0.39721566438674927, 0.4345828890800476, 0.20524349808692932, 0.8769338130950928),
            ["LeftUpperArm"] = CFrame.new(0.0073586106300354, -0.06234705448150635, -0.05035066604614258, 0.9852167367935181, 0.11475037783384323, 0.12720179557800293, -0.07513022422790527, 0.9567158818244934, -0.28115883469581604, -0.15395909547805786, 0.26744574308395386, 0.9511937499046326),
            ["RightLowerArm"] = CFrame.new(0, -2.980232238769531e-07, -0.0000039637088775634766, 1, -0.000003054737362617743, 0.000019215052816434763, 0.000018984546841238625, -0.06519059091806412, -0.9978728294372559, 0.0000043101613300677855, 0.9978728294372559, -0.06519061326980591),
            ["LeftHand"] = CFrame.new(-0.0000014044344425201416, -0.0000012516975402832031, 2.8812792152166367e-07, 0.16492436826229095, 0.22283920645713806, -0.9608030319213867, -0.7782309651374817, 0.6278629302978516, 0.012035052292048931, 0.6059345006942749, 0.7457419037818909, 0.2769707143306732),
            ["LeftFoot"] = CFrame.new(-3.958120942115784e-08, -1.7881393432617188e-07, 1.1175870895385742e-08, 0.9967814087867737, -0.018180523067712784, 0.0780787542462349, 0.04858851805329323, 0.9116824269294739, -0.4080129861831665, -0.0637652650475502, 0.41049322485923767, 0.9096313714981079),
