return {
    ["Mannrobics!"] = {
        {Time = 0.000, Data = {
            ["LeftFoot"] = CFrame.new(-1.862645149230957e-07, -5.960464477539063e-08, -2.6263296604156494e-07, 0.9111931324005127, -0.22401946783065796, -0.3457493782043457, -0.05308334156870842, 0.7684022188186646, -0.6377620697021484, 0.40854546427726746, 0.5994776487350464, 0.6882710456848145),
            ["LeftLowerArm"] = CFrame.new(0.0000010132789611816406, -0.0000019073486328125, 5.811452865600586e-07, 1, 0.0000010281797813149751, 0.000001341569713986246, 0.0000010430810561956605, 0.21378876268863678, -0.976879894733429, -0.000001296400682804233, 0.976879894733429, 0.21378879249095917),
            ["LowerTorso"] = CFrame.new(-0.0021366719156503677, -0.6034634113311768, 0.20484274625778198, 0.9745484590530396, -0.042012158781290054, -0.22020509839057922, -0.031921759247779846, 0.9462663531303406, -0.32180899381637573, 0.2218925654888153, 0.32064780592918396, 0.9208412766456604),
            ["Head"] = CFrame.new(-3.166496753692627e-08, -0.0000010728836059570312, 9.499490261077881e-08, 0.9629911780357361, -0.0858738124370575, 0.25548726320266724, 0.13846014440059662, 0.9708677530288696, -0.19556257128715515, -0.23125062882900238, 0.22369973361492157, 0.9468271732330322),
            ["RightUpperArm"] = CFrame.new(2.384185791015625e-07, -0.0000013113021850585938, -7.450580596923828e-08, -0.45876604318618774, -0.020626133307814598, 0.8883175253868103, 0.8796157836914062, 0.13092650473117828, 0.45731231570243835, -0.12573719024658203, 0.9911775588989258, -0.04192126542329788),
            ["UpperTorso"] = CFrame.new(3.725290298461914e-09, -8.046627044677734e-07, -3.026798367500305e-08, 0.9992167949676514, -0.03395077958703041, 0.020326728001236916, 0.019045066088438034, 0.8628901839256287, 0.5050323009490967, -0.03468600660562515, -0.5042499303817749, 0.8628610968589783),
            ["HumanoidRootPart"] = CFrame.new(0, 0, 0, 1, 0, 0, 0, 1, 0, 0, 0, 1),
            ["RightHand"] = CFrame.new(-3.5762786865234375e-07, 0.0000010728836059570312, -2.477318048477173e-07, 0.9440149068832397, 0.10032971948385239, -0.31427648663520813, -0.20690104365348816, 0.9220519065856934, -0.32712724804878235, 0.2569587230682373, 0.37383726239204407, 0.8911891579627991),
            ["LeftUpperArm"] = CFrame.new(1.7881393432617188e-07, -1.1920928955078125e-07, -4.544854164123535e-07, 0.5679612159729004, -0.06271038204431534, -0.8206629157066345, -0.6103001236915588, 0.6369079947471619, -0.4710434675216675, 0.5522262454032898, 0.7683850526809692, 0.32346656918525696),
            ["RightLowerArm"] = CFrame.new(0.0000020265579223632812, -4.76837158203125e-07, -0.00000112876296043396, 1, -0.000002473591848684009, -0.0000015171237919275882, -0.000001966952368093189, -0.18077035248279572, -0.9835253357887268, 0.000002140178366971668, 0.9835253357887268, -0.1807703971862793),
            ["LeftHand"] = CFrame.new(-5.960464477539063e-08, 2.980232238769531e-07, 6.528571248054504e-07, 0.8947532176971436, -0.3944673538208008, -0.2093140035867691, 0.3001728653907776, 0.8783150315284729, -0.37210091948509216, 0.33062517642974854, 0.2701081335544586, 0.9042834639549255),
            ["RightUpperLeg"] = CFrame.new(-2.9802322387695312e-08, 1.825392246246338e-07, -9.145878721028566e-09, 0.876698911190033, -0.3340992033481598, -0.3460855484008789, 0.03751404955983162, 0.7647510766983032, -0.6432325839996338, 0.4795744717121124, 0.5509389042854309, 0.6829909086227417),
            ["LeftUpperLeg"] = CFrame.new(0, 1.0803341865539551e-07, 5.960464477539063e-08, 0.8565526008605957, 0.23327063024044037, 0.46032845973968506, 0.05884844437241554, 0.8420357704162598, -0.536202073097229, -0.512693464756012, 0.4863749146461487, 0.7075203657150269),
            ["RightLowerLeg"] = CFrame.new(-2.8312206268310547e-07, 8.940696716308594e-07, 2.6991619961336255e-07, 1, -0.0000010207312470811303, -0.0000015497187177970773, 0.0000013560057823269744, -0.23388272523880005, 0.9722648859024048, -0.0000012218953315823455, -0.9722648859024048, -0.23388247191905975),
            ["RightFoot"] = CFrame.new(-1.6391277313232422e-07, 4.76837158203125e-07, -1.1751399142667651e-07, 0.990629255771637, -0.03919718787074089, -0.1308346837759018, 0.012603407725691795, 0.9800776243209839, -0.19821777939796448, 0.13599570095539093, 0.1947086602449417, 0.9713866710662842),
            ["LeftLowerLeg"] = CFrame.new(0, -5.960464477539063e-08, 1.1920928955078125e-07, 1, 0.0000012516976539700408, 3.464519693352486e-07, -1.8626454334480513e-07, -0.08998466283082962, 0.9959431886672974, 0.0000012665988151638885, -0.9959432482719421, -0.08998454362154007),
        }},
        {Time = 0.042, Data = {
            ["LeftFoot"] = CFrame.new(-2.0954757928848267e-07, -1.1920928955078125e-07, -1.8998980522155762e-07, 0.9145230650901794, -0.17606090009212494, -0.3642120063304901, 0.10410190373659134, 0.9724281430244446, -0.20867685973644257, 0.3909098207950592, 0.1529248058795929, 0.9076362252235413),
            ["LeftLowerArm"] = CFrame.new(5.364418029785156e-07, -0.0000027418136596679688, 2.086162567138672e-07, 1, 0.0000010356304755987367, 0.000001361360659757338, 0.0000010877846534640412, 0.212089404463768, -0.9772502779960632, -0.0000012964009101779084, 0.9772502779960632, 0.21208947896957397),
            ["LowerTorso"] = CFrame.new(0.09444241225719452, -0.32749128341674805, 0.21155259013175964, 0.9738733768463135, -0.02409159392118454, -0.22581017017364502, -0.03649537265300751, 0.9648285508155823, -0.2603342831134796, 0.2241399735212326, 0.26177364587783813, 0.9387416243553162),
            ["Head"] = CFrame.new(-3.3527612686157227e-08, -0.0000010728836059570312, 1.0989606380462646e-07, 0.9704369306564331, -0.07347622513771057, 0.22989898920059204, 0.11042958498001099, 0.9821549654006958, -0.15224024653434753, -0.21461041271686554, 0.1731271743774414, 0.9612332582473755),
            ["RightUpperArm"] = CFrame.new(4.76837158203125e-07, -0.0000013113021850585938, 2.7194619178771973e-07, -0.4156261086463928, -0.03066188655793667, 0.9090185165405273, 0.9095351696014404, -0.013041467405855656, 0.4154225289821625, -0.0008831993909552693, 0.9994447231292725, 0.03330858796834946),
            ["UpperTorso"] = CFrame.new(2.2351741790771484e-08, -2.384185791015625e-07, 3.91155481338501e-08, 0.9957647919654846, -0.08803971856832504, 0.026487678289413452, 0.057498469948768616, 0.8211585879325867, 0.5677961707115173, -0.07173921167850494, -0.563868522644043, 0.8227429986000061),
            ["HumanoidRootPart"] = CFrame.new(0, 0, 0, 1, 0, 0, 0, 1, 0, 0, 0, 1),
            ["RightHand"] = CFrame.new(-4.3213367462158203e-07, 0.0000010728836059570312, -3.0640512704849243e-07, 0.9439969062805176, 0.10154305398464203, -0.3139410614967346, -0.20799356698989868, 0.9217504858970642, -0.3272840082645416, 0.2561419606208801, 0.3742527663707733, 0.8912498354911804),
            ["LeftUpperArm"] = CFrame.new(4.76837158203125e-07, 4.76837158203125e-07, -2.8312206268310547e-07, 0.5309951305389404, -0.04739680141210556, -0.8460481762886047, -0.7095432281494141, 0.5209524035453796, -0.4745071828365326, 0.4632413387298584, 0.8522688150405884, 0.24299275875091553),
            ["RightLowerArm"] = CFrame.new(0.0000017881393432617188, -3.5762786865234375e-07, -8.456408977508545e-07, 1, -0.0000025071201434911927, -0.0000015422708656842588, -0.000001952052116394043, -0.18033619225025177, -0.9836050868034363, 0.0000021923333406448364, 0.9836050868034363, -0.18033617734909058),
            ["LeftHand"] = CFrame.new(5.066394805908203e-07, 1.7881393432617188e-07, -3.597233444452286e-07, 0.8946245312690735, -0.3946744203567505, -0.20947353541851044, 0.30029383301734924, 0.8782325387001038, -0.37219804525375366, 0.33086344599723816, 0.2700740098953247, 0.9042066335678101),
            ["RightUpperLeg"] = CFrame.new(-2.9802322387695312e-08, 2.0675361156463623e-07, 2.8107024263590574e-08, 0.8815823197364807, -0.14678891003131866, -0.44862473011016846, -0.018854467198252678, 0.9387096762657166, -0.34419330954551697, 0.4716537296772003, 0.3118928372859955, 0.8247829675674438),
            ["LeftUpperLeg"] = CFrame.new(5.960464477539063e-08, 4.824250936508179e-07, 1.043081283569336e-07, 0.892854630947113, 0.1683359295129776, 0.41770046949386597, 0.013787277042865753, 0.9168597459793091, -0.3989717960357666, -0.45013418793678284, 0.3619823455810547, 0.8163012862205505),
            ["RightLowerLeg"] = CFrame.new(-3.6135315895080566e-07, 7.748603820800781e-07, 7.620110409334302e-08, 1, -0.0000012665997246585903, -0.0000015795208128110971, 0.0000017434358596801758, 0.2910234332084656, 0.9567162394523621, -7.301568984985352e-07, -0.956716001033783, 0.2910226583480835),
            ["RightFoot"] = CFrame.new(-1.825392246246338e-07, 5.364418029785156e-07, -9.516224963590503e-08, 0.9818634986877441, -0.16844631731510162, -0.08700818568468094, 0.07538533955812454, 0.7679505348205566, -0.6360591650009155, 0.17395763099193573, 0.6179627776145935, 0.7667192220687866),
            ["LeftLowerLeg"] = CFrame.new(3.725290298461914e-08, -5.960464477539063e-08, 3.3527612686157227e-07, 1, 0.0000011399388313293457, -2.2351736106429598e-07, -1.8998984785412176e-07, 0.3485584259033203, 0.9372870326042175, 0.0000010840597042260924, -0.9372870922088623, 0.34855860471725464),
        }},
        {Time = 0.083, Data = {
            ["LeftFoot"] = CFrame.new(-2.0209699869155884e-07, -1.7881393432617188e-07, -2.4959444999694824e-07, 0.9236552715301514, -0.2890966534614563, -0.2515639066696167, 0.312261164188385, 0.948300838470459, 0.056730564683675766, 0.22215776145458221, -0.13095305860042572, 0.9661766886711121),
            ["LeftLowerArm"] = CFrame.new(4.76837158203125e-07, -0.000002086162567138672, 1.4901161193847656e-08, 1, 0.0000011324887054797728, 0.0000012405216693878174, 0.0000011101365089416504, 0.1327180713415146, -0.99115389585495, -0.0000012516975402832031, 0.9911538362503052, 0.13271808624267578),
            ["LowerTorso"] = CFrame.new(0.20521904528141022, -0.015023469924926758, 0.22401848435401917, 0.8932008743286133, 0.11185266822576523, -0.43552401661872864, -0.1262999176979065, 0.9919829964637756, -0.0042598657310009, 0.43155592679977417, 0.05881156027317047, 0.9001670479774475),
            ["Head"] = CFrame.new(-5.4016709327697754e-08, -0.0000011920928955078125, 3.3527612686157227e-08, 0.968940019607544, -0.021231070160865784, 0.2463827282190323, 0.027554951608181, 0.9993727803230286, -0.022247210144996643, -0.24575583636760712, 0.02834525890648365, 0.9689173102378845),
            ["RightUpperArm"] = CFrame.new(2.384185791015625e-07, -0.0000013113021850585938, -5.960464477539063e-08, -0.32336485385894775, -0.007831288501620293, 0.9462418556213379, 0.9379669427871704, 0.129558265209198, 0.32160958647727966, -0.1251123547554016, 0.9915409684181213, -0.0345488116145134),
            ["UpperTorso"] = CFrame.new(1.2479722499847412e-07, -8.046627044677734e-07, -5.122274160385132e-08, 0.9380497932434082, -0.26803871989250183, 0.21958592534065247, 0.21500112116336823, 0.9472268223762512, 0.2377726286649704, -0.27173012495040894, -0.17583143711090088, 0.9461745619773865),
            ["HumanoidRootPart"] = CFrame.new(0, 0, 0, 1, 0, 0, 0, 1, 0, 0, 0, 1),
            ["RightHand"] = CFrame.new(-1.7881393432617188e-07, 7.152557373046875e-07, -4.172325134277344e-07, 0.9415746927261353, 0.15765103697776794, -0.2976294755935669, -0.2579323649406433, 0.9057784676551819, -0.33620864152908325, 0.21658273041248322, 0.3933337926864624, 0.8935213685035706),
            ["LeftUpperArm"] = CFrame.new(2.980232238769531e-07, 8.344650268554688e-07, -4.172325134277344e-07, 0.505416750907898, -0.05030564218759537, -0.8614076375961304, -0.6546464562416077, 0.6279999613761902, -0.4207781255245209, 0.5621317028999329, 0.7765858173370361, 0.2844689190387726),
            ["RightLowerArm"] = CFrame.new(0.0000011920928955078125, -5.364418029785156e-07, -9.126961231231689e-07, 1, -0.0000024847679469530703, -0.0000015515831819357118, -0.000001959502242243616, -0.15750618278980255, -0.9875180721282959, 0.0000021904702407482546, 0.9875180125236511, -0.15750616788864136),
            ["LeftHand"] = CFrame.new(1.4901161193847656e-07, 4.76837158203125e-07, -1.3597309589385986e-07, 0.8879725337028503, -0.4055306017398834, -0.2169097363948822, 0.30685189366340637, 0.8737471103668213, -0.3773697018623352, 0.3425593078136444, 0.2685348093509674, 0.9003013372421265),
            ["RightUpperLeg"] = CFrame.new(5.960464477539063e-08, -8.381903171539307e-08, -4.546745913103223e-08, 0.9534758925437927, -0.06342945247888565, -0.29471877217292786, -0.12658610939979553, 0.8030186891555786, -0.5823550224304199, 0.2736049294471741, 0.5925688743591309, 0.7576301693916321),
            ["LeftUpperLeg"] = CFrame.new(2.9802322387695312e-08, -2.2121821530163288e-07, 1.424923539161682e-07, 0.8317675590515137, 0.10701435059309006, 0.5447115898132324, 0.07683881372213364, 0.9496029615402222, -0.3038919270038605, -0.549780547618866, 0.2946223020553589, 0.7816259264945984),
            ["RightLowerLeg"] = CFrame.new(-2.039596438407898e-07, 4.172325134277344e-07, 6.549089448526502e-08, 1, -8.791697609922267e-07, -0.0000012367943327262765, 0.0000014454122947427095, 0.32992836833000183, 0.9440065026283264, -5.066393669039826e-07, -0.9440059661865234, 0.32992690801620483),
            ["RightFoot"] = CFrame.new(-2.086162567138672e-07, 2.980232238769531e-07, -1.1751399142667651e-07, 0.9808921217918396, 0.09762600809335709, -0.16828808188438416, 0.027126820757985115, 0.7879162430763245, 0.6151837706565857, 0.19265230000019073, -0.6079944968223572, 0.7702129483222961),
            ["LeftLowerLeg"] = CFrame.new(9.685754776000977e-08, 1.7881393432617188e-07, 4.0978193283081055e-08, 1, 9.443610906600952e-07, -6.174669238134811e-07, -1.8998984785412176e-07, 0.7165557146072388, 0.6975297331809998, 0.000001147389639299945, -0.6975298523902893, 0.7165558934211731),
        }},
        {Time = 0.125, Data = {
            ["LeftFoot"] = CFrame.new(-1.725275069475174e-07, 0, -3.073364496231079e-07, 0.923261821269989, -0.35159605741500854, -0.1548164188861847, 0.366310715675354, 0.9271367192268372, 0.0789545550942421, 0.11577598005533218, -0.1296064406633377, 0.9847832322120667),
            ["LeftLowerArm"] = CFrame.new(8.642673492431641e-07, -0.000002086162567138672, -2.9802322387695312e-08, 1, 0.0000012889503295809845, 0.000001080334186553955, 0.0000010803344139276305, -0.05044297128915787, -0.9987269639968872, -0.000001266599042537564, 0.9987269639968872, -0.05044303834438324),
            ["LowerTorso"] = CFrame.new(0.297779381275177, 0.14231085777282715, 0.2501865327358246, 0.8847683668136597, 0.0864563062787056, -0.4579413831233978, -0.11803501099348068, 0.9921736121177673, -0.040734440088272095, 0.45083558559417725, 0.09009364992380142, 0.8880486488342285),
            ["Head"] = CFrame.new(-3.632158041000366e-08, -8.344650268554688e-07, -7.078051567077637e-08, 0.9543056488037109, -0.01742785982787609, 0.29832372069358826, 0.01284963358193636, 0.9997677206993103, 0.017301147803664207, -0.29855597019195557, -0.012677263468503952, 0.9543079137802124),
            ["RightUpperArm"] = CFrame.new(4.76837158203125e-07, -7.152557373046875e-07, -5.960464477539063e-08, -0.2530471384525299, 0.02072010189294815, 0.9672321081161499, 0.948475182056427, 0.20237089693546295, 0.2438051551580429, -0.19068822264671326, 0.9790897369384766, -0.07086153328418732),
            ["UpperTorso"] = CFrame.new(1.341104507446289e-07, -2.980232238769531e-07, -1.4901161193847656e-08, 0.9481573104858398, -0.2358567863702774, 0.21300075948238373, 0.19432367384433746, 0.9606086611747742, 0.19866888225078583, -0.251467764377594, -0.14697828888893127, 0.9566407799720764),
            ["HumanoidRootPart"] = CFrame.new(0, 0, 0, 1, 0, 0, 0, 1, 0, 0, 0, 1),
            ["RightHand"] = CFrame.new(-5.662441253662109e-07, 7.152557373046875e-07, -1.043081283569336e-07, 0.9237440228462219, 0.27371037006378174, -0.26791712641716003, -0.3601846694946289, 0.8586652874946594, -0.3646382689476013, 0.1302458941936493, 0.43333202600479126, 0.8917731046676636),
            ["LeftUpperArm"] = CFrame.new(1.1920928955078125e-07, 9.5367431640625e-07, -4.470348358154297e-07, 0.4805862307548523, 0.015900565311312675, -0.8768033981323242, -0.6384305953979492, 0.691792368888855, -0.3373863101005554, 0.6012015342712402, 0.721921443939209, 0.3426169753074646),
            ["RightLowerArm"] = CFrame.new(0.0000010728836059570312, -4.76837158203125e-07, -7.934868335723877e-07, 1, -0.0000023951286038936814, -0.0000016782440752649563, -0.0000019557778614398558, -0.10910627990961075, -0.9940301179885864, 0.0000021904711502429564, 0.9940301179885864, -0.10910630971193314),
            ["LeftHand"] = CFrame.new(-1.9744038581848145e-07, 0, 2.7194619178771973e-07, 0.8848864436149597, -0.4233783185482025, -0.19423407316207886, 0.3281514644622803, 0.8625463843345642, -0.3851369023323059, 0.33059462904930115, 0.2770642638206482, 0.9021878242492676),
            ["RightUpperLeg"] = CFrame.new(-5.960464477539063e-08, 3.725290298461914e-07, -6.129994289949536e-08, 0.9058337211608887, -0.1226295456290245, -0.40549445152282715, -0.217442587018013, 0.6868885159492493, -0.6934716105461121, 0.3635711967945099, 0.7163422107696533, 0.5955429673194885),
            ["LeftUpperLeg"] = CFrame.new(2.9802322387695312e-08, 1.1664815247058868e-07, 1.3597309589385986e-07, 0.8775343894958496, 0.2240692526102066, 0.423941433429718, -0.019915936514735222, 0.900375485420227, -0.43465858697891235, -0.4791001081466675, 0.3729838728904724, 0.7945725917816162),
            ["RightLowerLeg"] = CFrame.new(-3.241002559661865e-07, 8.344650268554688e-07, 2.1683081286028028e-07, 1, -0.0000015199217386907549, -0.000002071257767966017, 0.0000018924479263660032, -0.05661170557141304, 0.9983962774276733, -0.0000014901164604452788, -0.9983962774276733, -0.056612152606248856),
            ["RightFoot"] = CFrame.new(-1.564621925354004e-07, 3.5762786865234375e-07, -1.4731631381437182e-07, 0.9821674227714539, 0.0002215056010754779, -0.18801049888134003, 0.054961252957582474, 0.9559818506240845, 0.28823086619377136, 0.17979606986045837, -0.29342564940452576, 0.9389223456382751),
            ["LeftLowerLeg"] = CFrame.new(-1.3969838619232178e-08, 2.384185791015625e-07, 2.1979212760925293e-07, 1, 0.000001158565396508493, -2.8312194899626775e-07, -2.924352315858414e-07, 0.4824756979942322, 0.875909149646759, 0.0000012423839734765352, -0.8759093880653381, 0.4824761152267456),
        }},
        {Time = 0.167, Data = {
            ["LeftFoot"] = CFrame.new(-2.207234501838684e-07, -5.960464477539063e-08, -1.564621925354004e-07, 0.9494378566741943, -0.28704774379730225, -0.12716832756996155, 0.3060716986656189, 0.9364672303199768, 0.17131520807743073, 0.06991390138864517, -0.20157566666603088, 0.976974606513977),
            ["LeftLowerArm"] = CFrame.new(5.364418029785156e-07, -0.0000017285346984863281, 3.725290298461914e-07, 1, 0.000001468695927542285, 7.245688493640046e-07, 0.000001056120026987628, -0.259115606546402, -0.9658463597297668, -0.0000012544918490675627, 0.9658463597297668, -0.259115606546402),
            ["LowerTorso"] = CFrame.new(0.3574838638305664, 0.2228858470916748, 0.28674042224884033, 0.8825939893722534, 0.05284576490521431, -0.4671565890312195, -0.12567110359668732, 0.9840234518051147, -0.12611423432826996, 0.4530284106731415, 0.17001576721668243, 0.8751342296600342),
            ["Head"] = CFrame.new(3.725290298461914e-08, -0.0000010728836059570312, 1.564621925354004e-07, 0.9325168132781982, -0.010295749641954899, 0.36097973585128784, 0.003199467435479164, 0.999789834022522, 0.02025052160024643, -0.3611123263835907, -0.01772903837263584, 0.9323538541793823),
            ["RightUpperArm"] = CFrame.new(4.76837158203125e-07, -0.0000013113021850585938, -8.940696716308594e-08, -0.2215280532836914, 0.0014705006033182144, 0.9751529097557068, 0.9455143213272095, 0.24499839544296265, 0.21442563831806183, -0.23859593272209167, 0.9695224165916443, -0.05566413700580597),
            ["UpperTorso"] = CFrame.new(5.960464477539063e-08, 5.364418029785156e-07, -1.4901161193847656e-08, 0.9655421376228333, -0.1950780600309372, 0.17225822806358337, 0.1516088992357254, 0.9596202373504639, 0.23694700002670288, -0.21152590215206146, -0.20266658067703247, 0.956129252910614),
            ["HumanoidRootPart"] = CFrame.new(0, 0, 0, 1, 0, 0, 0, 1, 0, 0, 0, 1),
            ["RightHand"] = CFrame.new(-9.685754776000977e-08, 9.5367431640625e-07, -4.917383193969727e-07, 0.8911102414131165, 0.38032078742980957, -0.24754534661769867, -0.45162433385849, 0.7964782118797302, -0.40206703543663025, 0.04425002634525299, 0.4700835943222046, 0.8815119862556458),
            ["LeftUpperArm"] = CFrame.new(2.384185791015625e-07, -1.1920928955078125e-07, -4.0978193283081055e-07, 0.30554527044296265, 0.3557113707065582, -0.883239209651947, -0.7773379683494568, 0.6288886666297913, -0.015634730458259583, 0.5498979091644287, 0.6913526654243469, 0.468661904335022),
            ["RightLowerArm"] = CFrame.new(6.556510925292969e-07, -9.5367431640625e-07, -9.238719940185547e-07, 1, -0.00000229850365940365, -0.0000017806892174121458, -0.0000019222495666326722, -0.06249392032623291, -0.9980453848838806, 0.000002153217565137311, 0.9980453848838806, -0.06249396502971649),
            ["LeftHand"] = CFrame.new(-9.033828973770142e-08, 2.384185791015625e-07, 3.6461278796195984e-07, 0.928764283657074, -0.3479687571525574, 0.12772934138774872, 0.37066707015037537, 0.870279848575592, -0.32437455654144287, 0.0017116798553615808, 0.3486126959323883, 0.9372654557228088),
            ["RightUpperLeg"] = CFrame.new(-2.9802322387695312e-08, 8.009374141693115e-07, -1.6596459317952394e-08, 0.8158290982246399, -0.3343775272369385, -0.4718186855316162, -0.2347012758255005, 0.5542166829109192, -0.7985979914665222, 0.5285246968269348, 0.7622568607330322, 0.373668909072876),
            ["LeftUpperLeg"] = CFrame.new(0, 2.468004822731018e-07, 1.4528632164001465e-07, 0.9038482308387756, 0.28780266642570496, 0.31658774614334106, -0.09504538774490356, 0.8565183877944946, -0.5072897672653198, -0.41716280579566956, 0.42842260003089905, 0.8015168905258179),
            ["RightLowerLeg"] = CFrame.new(-1.7974525690078735e-07, 8.344650268554688e-07, 5.575784598477185e-07, 1, -0.0000010877864724534447, -0.0000022053689008316724, 0.0000014454124084295472, -0.43542513251304626, 0.9002251625061035, -0.000002063810597974225, -0.9002249240875244, -0.43542468547821045),
            ["RightFoot"] = CFrame.new(-2.2351741790771484e-07, 4.172325134277344e-07, -1.6221747500821948e-07, 0.9730991125106812, -0.18044833838939667, -0.1432349979877472, 0.17866012454032898, 0.9835840463638306, -0.025372464209794998, 0.14546018838882446, -0.0009023394086398184, 0.989363431930542),
            ["LeftLowerLeg"] = CFrame.new(5.587935447692871e-08, 5.960464477539063e-08, 3.166496753692627e-08, 1, 0.0000012386586831780733, -4.4703462265260896e-08, -2.4028122425079346e-07, 0.22165964543819427, 0.9751240015029907, 0.0000012349337339401245, -0.9751241207122803, 0.22165989875793457),
        }},
        {Time = 0.208, Data = {
            ["LeftFoot"] = CFrame.new(-1.7229467630386353e-07, 1.1920928955078125e-07, -3.0547380447387695e-07, 0.9805712699890137, -0.11851285398006439, -0.15631677210330963, 0.1410798281431198, 0.9797326922416687, 0.142198383808136, 0.13629645109176636, -0.16148914396762848, 0.9774173498153687),
            ["LeftLowerArm"] = CFrame.new(0.0000014007091522216797, -0.0000017285346984863281, 8.493661880493164e-07, 1, 0.0000015310946537283598, 4.4878112248625257e-07, 0.0000010430817383166868, -0.4161250591278076, -0.9093074798583984, -0.000001236796947523544, 0.9093074798583984, -0.41612508893013),
            ["LowerTorso"] = CFrame.new(0.4271913766860962, 0.2824110984802246, 0.32201385498046875, 0.8892057538032532, -0.007931996136903763, -0.45743873715400696, -0.10192239284515381, 0.9712883234024048, -0.2149670273065567, 0.446010023355484, 0.23777318000793457, 0.8628667593002319),
            ["Head"] = CFrame.new(-9.685754776000977e-08, -0.000001430511474609375, 0, 0.9036803245544434, -0.018724482506513596, 0.42779815196990967, 0.0037256577052176, 0.9993494749069214, 0.035870879888534546, -0.42819154262542725, -0.03082199953496456, 0.9031623005867004),
            ["RightUpperArm"] = CFrame.new(1.1920928955078125e-07, -0.0000013113021850585938, 0, -0.24474889039993286, -0.08958373218774796, 0.9654390811920166, 0.9315357208251953, 0.254483699798584, 0.259768009185791, -0.2689597010612488, 0.9629189372062683, 0.021166175603866577),
            ["UpperTorso"] = CFrame.new(-1.341104507446289e-07, -7.152557373046875e-07, -1.6391277313232422e-07, 0.9833600521087646, -0.14074988663196564, 0.11485907435417175, 0.10318347811698914, 0.9530960321426392, 0.2845366895198822, -0.14952032268047333, -0.2679506242275238, 0.9517596364021301),
            ["HumanoidRootPart"] = CFrame.new(0, 0, 0, 1, 0, 0, 0, 1, 0, 0, 0, 1),
            ["RightHand"] = CFrame.new(-1.9371509552001953e-07, 6.556510925292969e-07, -4.470348358154297e-07, 0.879274845123291, 0.4138786792755127, -0.23575453460216522, -0.47624313831329346, 0.7724851965904236, -0.4200703799724579, 0.008258669637143612, 0.48163384199142456, 0.8763335943222046),
            ["LeftUpperArm"] = CFrame.new(2.384185791015625e-07, -2.384185791015625e-07, -4.4051557779312134e-07, -0.002162391319870949, 0.6636220812797546, -0.7480647563934326, -0.8552622199058533, 0.3864150047302246, 0.3452684283256531, 0.5181910991668701, 0.640538215637207, 0.5667354464530945),
            ["RightLowerArm"] = CFrame.new(5.364418029785156e-07, -7.748603820800781e-07, -6.705522537231445e-07, 1, -0.0000022277231437328737, -0.0000018216676380689023, -0.0000019930305370507995, -0.051899995654821396, -0.9986523985862732, 0.000002101063955706195, 0.9986522793769836, -0.051899973303079605),
            ["LeftHand"] = CFrame.new(1.77707988768816e-07, 2.980232238769531e-07, 4.6865534386597574e-07, 0.8446840643882751, -0.2879687547683716, 0.45120149850845337, 0.42040443420410156, 0.8786803483963013, -0.22623230516910553, -0.3313141167163849, 0.38078197836875916, 0.8632706999778748),
            ["RightUpperLeg"] = CFrame.new(-1.7881393432617188e-07, 9.313225746154785e-10, -4.639878170564771e-08, 0.8205928206443787, -0.4761088788509369, -0.3161427080631256, -0.06593941152095795, 0.4706021547317505, -0.8798777461051941, 0.5676966309547424, 0.7428686618804932, 0.35478007793426514),
            ["LeftUpperLeg"] = CFrame.new(-1.1920928955078125e-07, 4.784669727087021e-08, 8.568167686462402e-08, 0.8669359683990479, 0.40240755677223206, 0.29409196972846985, -0.20354768633842468, 0.8244466185569763, -0.5280687808990479, -0.4549619257450104, 0.3979397714138031, 0.7966513633728027),
            ["RightLowerLeg"] = CFrame.new(-2.3096799850463867e-07, 6.556510925292969e-07, 3.9704173104837537e-07, 1, -0.0000016093271142381127, -0.0000033080534649343463, 0.000001817942120396765, -0.5862478017807007, 0.8101322650909424, -0.000003423542693781201, -0.8101319074630737, -0.5862471461296082),
            ["RightFoot"] = CFrame.new(-1.1920928955078125e-07, 5.364418029785156e-07, -2.665256033651531e-07, 0.9873085618019104, -0.14400780200958252, -0.06695757806301117, 0.1508610099554062, 0.9821840524673462, 0.11205185949802399, 0.04962693899869919, -0.12073244154453278, 0.991443932056427),
            ["LeftLowerLeg"] = CFrame.new(1.1175870895385742e-08, 2.980232238769531e-07, 1.8998980522155762e-07, 1, 0.0000015199186691461364, 4.097818759873917e-07, -4.917383762403915e-07, 0.08744354546070099, 0.9961695075035095, 0.0000015310945400415221, -0.9961695671081543, 0.08744356781244278),
        }},
        {Time = 0.250, Data = {
            ["LeftFoot"] = CFrame.new(-2.4586915969848633e-07, -1.7881393432617188e-07, -2.5331974029541016e-07, 0.9799147248268127, -0.03546346724033356, -0.196238175034523, 0.059187643229961395, 0.991439163684845, 0.11638422310352325, 0.1904309093952179, -0.1256617307662964, 0.9736248850822449),
            ["LeftLowerArm"] = CFrame.new(0.0000011324882507324219, -0.000002086162567138672, 0.0000011920928955078125, 1, 0.0000016503038295923034, 3.837050428501243e-07, 0.0000010877853355850675, -0.47632473707199097, -0.8792694807052612, -0.0000012516981087173917, 0.879269540309906, -0.4763246774673462),
            ["LowerTorso"] = CFrame.new(0.508150577545166, 0.31546521186828613, 0.3601377308368683, 0.8993018269538879, -0.06628727167844772, -0.4322758913040161, -0.05899667367339134, 0.9610220789909363, -0.27010378241539, 0.43333110213279724, 0.2684076130390167, 0.8603381514549255),
            ["Head"] = CFrame.new(5.960464477539063e-08, -0.0000011920928955078125, 4.470348358154297e-08, 0.8701908588409424, -0.03075404465198517, 0.4917541742324829, 0.003401299938559532, 0.9984012842178345, 0.05642063543200493, -0.4927031993865967, -0.04742413014173508, 0.8689042329788208),
            ["RightUpperArm"] = CFrame.new(2.384185791015625e-07, -0.0000016689300537109375, -5.960464477539063e-08, -0.3720983862876892, -0.31815198063850403, 0.8719645142555237, 0.9065716862678528, 0.07701299339532852, 0.4149661660194397, -0.19917531311511993, 0.9449065923690796, 0.25977110862731934),
            ["UpperTorso"] = CFrame.new(1.6391277313232422e-07, -2.9802322387695312e-08, 2.9802322387695312e-08, 0.9930105805397034, -0.10391875356435776, 0.05595358833670616, 0.08114505559206009, 0.9453807473182678, 0.31570687890052795, -0.08570553362369537, -0.30895981192588806, 0.9472055435180664),
            ["HumanoidRootPart"] = CFrame.new(0, 0, 0, 1, 0, 0, 0, 1, 0, 0, 0, 1),
            ["RightHand"] = CFrame.new(-9.313225746154785e-07, 5.960464477539063e-08, -1.2665987014770508e-07, 0.9393603801727295, 0.2970238924026489, -0.1714029759168625, -0.34213143587112427, 0.8458366394042969, -0.4092757999897003, 0.02341427467763424, 0.4430997669696808, 0.8961665630340576),
            ["LeftUpperArm"] = CFrame.new(2.384185791015625e-07, 0, -4.4796615839004517e-07, -0.13931787014007568, 0.8394184708595276, -0.5253255367279053, -0.8375183939933777, 0.1831665188074112, 0.5147942304611206, 0.5283498167991638, 0.5116901397705078, 0.6775102019309998),
            ["RightLowerArm"] = CFrame.new(8.344650268554688e-07, -4.76837158203125e-07, -9.611248970031738e-07, 1, -0.0000024288890472234925, -0.000001534819830339984, -0.0000019371511825738708, -0.15700416266918182, -0.9875979423522949, 0.000002145767439287738, 0.9875979423522949, -0.157004252076149),
            ["LeftHand"] = CFrame.new(-3.241002559661865e-07, 2.384185791015625e-07, 9.685754776000977e-08, 0.8089824914932251, -0.27007627487182617, 0.5221171379089355, 0.45524609088897705, 0.8497613668441772, -0.26581332087516785, -0.37188494205474854, 0.45273008942604065, 0.8103930950164795),
            ["RightUpperLeg"] = CFrame.new(5.960464477539063e-08, 2.682209014892578e-07, 4.300818545743823e-08, 0.9043753743171692, -0.4217973053455353, -0.06473882496356964, 0.1652304083108902, 0.485990971326828, -0.8582021594047546, 0.3934516906738281, 0.7654410004615784, 0.5092131495475769),
            ["LeftUpperLeg"] = CFrame.new(5.960464477539063e-08, 8.028000593185425e-07, 2.086162567138672e-07, 0.7973942756652832, 0.5641022324562073, 0.21436148881912231, -0.36750108003616333, 0.7356898188591003, -0.5689500570297241, -0.47864964604377747, 0.3748989403247833, 0.7939427495002747),
            ["RightLowerLeg"] = CFrame.new(7.473863661289215e-08, 9.5367431640625e-07, 1.6952981241047382e-09, 1, -0.0000017714362456899835, -0.000003542163085512584, 0.0000017422569271730026, -0.5387474894523621, 0.8424677848815918, -0.0000031982776818040293, -0.8424673676490784, -0.53874671459198),
            ["RightFoot"] = CFrame.new(-1.4132820069789886e-07, 1.7881393432617188e-07, -1.1751399142667651e-07, 0.9972288012504578, 0.05797865241765976, 0.04661986976861954, -0.06852110475301743, 0.9598385691642761, 0.27205440402030945, -0.02897532284259796, -0.2744963765144348, 0.9611519575119019),
            ["LeftLowerLeg"] = CFrame.new(5.21540641784668e-08, 2.980232238769531e-07, 1.3597309589385986e-07, 1, 0.000001385808445775183, 4.0233149434243387e-07, -3.576279254957626e-07, -0.01825074851512909, 0.9998335242271423, 0.0000014677646049676696, -0.9998335242271423, -0.01825052872300148),
        }},
        {Time = 0.292, Data = {
            ["LeftFoot"] = CFrame.new(-1.825392246246338e-07, -5.960464477539063e-08, -3.0547380447387695e-07, 0.9614121317863464, -0.24756905436515808, -0.11998529732227325, 0.26109230518341064, 0.958519458770752, 0.1143292710185051, 0.08670420944690704, -0.141245037317276, 0.9861705899238586),
            ["LeftLowerArm"] = CFrame.new(5.364418029785156e-07, -0.0000019073486328125, 1.7881393432617188e-07, 1, 0.000001594423906681186, 4.023314090773056e-07, 0.0000010579824447631836, -0.47655463218688965, -0.8791449666023254, -0.0000011920928955078125, 0.8791449069976807, -0.4765546917915344),
            ["LowerTorso"] = CFrame.new(0.6011068820953369, 0.3205108642578125, 0.40471115708351135, 0.9274385571479797, -0.06139669194817543, -0.3689013719558716, -0.03435693308711052, 0.9682720303535461, -0.2475258708000183, 0.3723941147327423, 0.24223938584327698, 0.8959032893180847),
            ["Head"] = CFrame.new(-1.4901161193847656e-08, -0.0000013113021850585938, 7.450580596923828e-08, 0.8292261958122253, -0.032372184097766876, 0.5579748153686523, -0.004685539752244949, 0.9978834986686707, 0.0648578479886055, -0.5588935017585754, -0.056396231055259705, 0.8273195028305054),
            ["RightUpperArm"] = CFrame.new(2.384185791015625e-07, -0.0000017881393432617188, -5.960464477539063e-08, -0.49666544795036316, -0.5806934237480164, 0.6450726389884949, 0.8637063503265381, -0.25733470916748047, 0.4333478808403015, -0.08564303070306778, 0.7723820805549622, 0.6293575763702393),
            ["UpperTorso"] = CFrame.new(0, -5.960464477539063e-08, -5.960464477539063e-08, 0.9933488368988037, -0.11505718529224396, 0.0044650668278336525, 0.10861817747354507, 0.9492173194885254, 0.2952771782875061, -0.03821201249957085, -0.2928285598754883, 0.9554013013839722),
            ["HumanoidRootPart"] = CFrame.new(0, 0, 0, 1, 0, 0, 0, 1, 0, 0, 0, 1),
            ["RightHand"] = CFrame.new(-2.4586915969848633e-07, 9.5367431640625e-07, -5.21540641784668e-07, 0.9929884076118469, 0.08281069248914719, -0.08435957878828049, -0.10917714238166809, 0.9160752296447754, -0.3858582079410553, 0.04532648250460625, 0.39236289262771606, 0.9186931252479553),
            ["LeftUpperArm"] = CFrame.new(2.384185791015625e-07, 9.5367431640625e-07, -5.513429641723633e-07, -0.1512499749660492, 0.9440906643867493, -0.29294371604919434, -0.8677560687065125, 0.015120457857847214, 0.4967604875564575, 0.473416268825531, 0.32933926582336426, 0.8169534802436829),
            ["RightLowerArm"] = CFrame.new(7.152557373046875e-07, -9.5367431640625e-07, -0.0000011175870895385742, 1, -0.0000026673069442040287, -0.000001106411446016864, -0.000001996755145228235, -0.3415088951587677, -0.9398786425590515, 0.000002175569079554407, 0.939878523349762, -0.34150877594947815),
            ["LeftHand"] = CFrame.new(-6.631016731262207e-07, 6.556510925292969e-07, 1.4901161193847656e-08, 0.8002277612686157, -0.20844781398773193, 0.5623031854629517, 0.4664105176925659, 0.8057165741920471, -0.3650784194469452, -0.3769572079181671, 0.5544099807739258, 0.7419790029525757),
            ["RightUpperLeg"] = CFrame.new(-5.960464477539063e-08, 2.60770320892334e-07, -1.3580574886873364e-07, 0.9250639081001282, -0.3739938735961914, 0.06621842831373215, 0.28728005290031433, 0.5749357342720032, -0.7661059498786926, 0.24844923615455627, 0.7277208566665649, 0.6392940878868103),
            ["LeftUpperLeg"] = CFrame.new(2.9802322387695312e-08, 3.67872416973114e-07, 1.1548399925231934e-07, 0.7781952619552612, 0.626558780670166, 0.04284853860735893, -0.4926668703556061, 0.6513635516166687, -0.5770663619041443, -0.3894760012626648, 0.4279598891735077, 0.8155725598335266),
            ["RightLowerLeg"] = CFrame.new(-2.7567148208618164e-07, 6.556510925292969e-07, -8.398637874051929e-08, 1, -0.0000019073520434176316, -0.0000030472826892946614, 0.000002175570216422784, -0.28992563486099243, 0.9570493102073669, -0.000002756715730356518, -0.9570492506027222, -0.28992506861686707),
            ["RightFoot"] = CFrame.new(-8.940696716308594e-08, 2.980232238769531e-07, -7.281050784513354e-08, 0.98959881067276, 0.10490671545267105, 0.0984339490532875, -0.1348310261964798, 0.914921224117279, 0.3804455101490021, -0.05014919862151146, -0.3897611200809479, 0.919549822807312),
            ["LeftLowerLeg"] = CFrame.new(5.21540641784668e-08, 2.384185791015625e-07, -1.4528632164001465e-07, 1, 0.0000015497205367864808, 4.3213378830841975e-07, -4.619360538526962e-07, 0.03840112313628197, 0.9992624521255493, 0.0000015497209915338317, -0.9992624521255493, 0.03840142488479614),
        }},
        {Time = 0.333, Data = {
            ["LeftFoot"] = CFrame.new(-1.862645149230957e-07, -1.1920928955078125e-07, -2.8312206268310547e-07, 0.8990594744682312, -0.42667487263679504, 0.09819023311138153, 0.40397581458091736, 0.8948848843574524, 0.1896955668926239, -0.16880671679973602, -0.1308804601430893, 0.9769207835197449),
            ["LeftLowerArm"] = CFrame.new(0.000001341104507446289, -0.000002682209014892578, 7.897615432739258e-07, 1, 0.0000016093250678750337, 3.650783924058487e-07, 0.0000010840597042260924, -0.47259700298309326, -0.8812786340713501, -0.0000012740496231344878, 0.8812786340713501, -0.47259700298309326),
            ["LowerTorso"] = CFrame.new(0.7062962055206299, 0.28943538665771484, 0.4593144357204437, 0.9975451827049255, 0.06467916816473007, -0.02683829888701439, -0.06657993048429489, 0.9947816133499146, -0.07730894535779953, 0.021697964519262314, 0.07890605181455612, 0.9966459274291992),
            ["Head"] = CFrame.new(-1.1548399925231934e-07, -0.0000015497207641601562, 1.1548399925231934e-07, 0.7452073097229004, -0.02916712872684002, 0.6661946773529053, -0.0073905810713768005, 0.9986203908920288, 0.05198840796947479, -0.6667919158935547, -0.04366570711135864, 0.7439635992050171),
            ["RightUpperArm"] = CFrame.new(0, -8.344650268554688e-07, 1.043081283569336e-07, -0.441057950258255, -0.8721862435340881, 0.21156322956085205, 0.8766632676124573, -0.3682120740413666, 0.30964767932891846, -0.1921706646680832, 0.32204192876815796, 0.9270163774490356),
            ["UpperTorso"] = CFrame.new(3.818422555923462e-08, -9.238719940185547e-07, 5.029141902923584e-08, 0.9756872057914734, -0.203407883644104, -0.0816078931093216, 0.2139957845211029, 0.9645729064941406, 0.15428908169269562, 0.04733316972851753, -0.16800153255462646, 0.9846497774124146),
            ["HumanoidRootPart"] = CFrame.new(0, 0, 0, 1, 0, 0, 0, 1, 0, 0, 0, 1),
            ["RightHand"] = CFrame.new(-6.109476089477539e-07, 8.344650268554688e-07, -3.5762786865234375e-07, 0.9968590140342712, -0.0469130277633667, -0.0638062134385109, 0.018977090716362, 0.9236958026885986, -0.382656455039978, 0.07688906788825989, 0.3802436292171478, 0.921684741973877),
            ["LeftUpperArm"] = CFrame.new(2.384185791015625e-07, 8.344650268554688e-07, -4.507601261138916e-07, -0.22204658389091492, 0.9408714771270752, -0.2558436989784241, -0.9121416807174683, -0.10773064941167831, 0.3954640328884125, 0.3445184528827667, 0.32117751240730286, 0.8821293711662292),
            ["RightLowerArm"] = CFrame.new(8.344650268554688e-07, -8.344650268554688e-07, -9.015202522277832e-07, 1, -0.0000028610222670977237, -7.450581733792205e-07, -0.0000019967558273492614, -0.4760701656341553, -0.8794074654579163, 0.0000022538008579431335, 0.8794073462486267, -0.4760700464248657),
            ["LeftHand"] = CFrame.new(3.427267074584961e-07, -1.1920928955078125e-07, 1.7881393432617188e-07, 0.8148093819618225, -0.14565914869308472, 0.5611320734024048, 0.45219796895980835, 0.7653740048408508, -0.45795154571533203, -0.36277109384536743, 0.6268861293792725, 0.6895007491111755),
