return {
    ["Mantra"] = {
        {Time = 0.000, Data = {
            ["RightFoot"] = CFrame.new(2.0116567611694336e-07, -5.960464477539063e-08, -6.16346369497478e-08, 0.9897942543029785, -0.06642388552427292, -0.12607666850090027, -0.0033457623794674873, 0.8736460208892822, -0.486550509929657, 0.14246486127376556, 0.482006698846817, 0.8645074963569641),
            ["LeftLowerArm"] = CFrame.new(0.0000013709068298339844, -4.76837158203125e-07, 0.00000476837158203125, 1, 5.960465188081798e-08, -5.587936158235607e-08, -6.705523247774181e-08, 0.32370656728744507, -0.9461575746536255, -6.705523247774181e-08, 0.9461576342582703, 0.32370656728744507),
            ["RightUpperArm"] = CFrame.new(-0.01723158359527588, 0.015965700149536133, -0.058297015726566315, 0.862999677658081, -0.01888522505760193, 0.5048511624336243, 0.3070526123046875, 0.8131582140922546, -0.4944618344306946, -0.4011860489845276, 0.5817362666130066, 0.7075541019439697),
            ["Head"] = CFrame.new(-1.955777406692505e-08, -5.960464477539062e-07, 9.627547115087509e-08, 0.9981088638305664, -0.028812915086746216, 0.05430208891630173, 0.028624359518289566, 0.9995812773704529, 0.004246830940246582, -0.05440182983875275, -0.0026845859829336405, 0.9985155463218689),
            ["RightHand"] = CFrame.new(2.682209014892578e-07, 0.0000013113021850585938, -8.195638656616211e-07, 0.9750782251358032, -0.13960334658622742, 0.17243345081806183, 0.1728997379541397, 0.9651804566383362, -0.19629666209220886, -0.13902585208415985, 0.22121834754943848, 0.965263843536377),
            ["UpperTorso"] = CFrame.new(7.450580596923828e-08, -3.5762786865234375e-07, -1.7695128917694092e-08, 0.9041001796722412, 0.05410942807793617, 0.42388108372688293, -0.07554163783788681, 0.9965658783912659, 0.03390956670045853, -0.42059049010276794, -0.06267828494310379, 0.9050829410552979),
            ["HumanoidRootPart"] = CFrame.new(0, 0, 0, 1, 0, 0, 0, 1, 0, 0, 0, 1),
            ["RightUpperLeg"] = CFrame.new(1.1920928955078125e-07, -3.6694109439849854e-07, -1.507069100625813e-07, 0.9913930296897888, 0.11442730575799942, -0.06361130625009537, -0.12801291048526764, 0.9490836262702942, -0.28784194588661194, 0.027435531839728355, 0.2935073673725128, 0.9555630087852478),
            ["LeftUpperArm"] = CFrame.new(0.043888747692108154, -0.00010406970977783203, -0.05786857008934021, 0.9081850051879883, -0.14248040318489075, -0.3935724198818207, -0.16712407767772675, 0.7386453747749329, -0.6530487537384033, 0.3837571442127228, 0.6588645577430725, 0.6470147967338562),
            ["RightLowerArm"] = CFrame.new(2.384185791015625e-07, 4.76837158203125e-07, -0.000003546476364135742, 1, -0.000008083879038167652, 0.00001774728843884077, 0.000018959866793011315, 0.19873106479644775, -0.9800541400909424, 0.0000043511395233508665, 0.9800540208816528, 0.19873110949993134),
            ["LeftHand"] = CFrame.new(-0.0000016391277313232422, -0.0000013113021850585938, 4.880130290985107e-07, 0.9913743734359741, 0.03323943540453911, -0.1267756074666977, -0.07854682952165604, 0.9250257015228271, -0.37169593572616577, 0.10491583496332169, 0.3784477114677429, 0.9196576476097107),
            ["LeftFoot"] = CFrame.new(1.955777406692505e-08, -2.384185791015625e-07, -4.656612873077393e-10, 0.9652583599090576, 0.2591902017593384, -0.033117033541202545, -0.26115113496780396, 0.9526968598365784, -0.15546391904354095, -0.00874420441687107, 0.15871132910251617, 0.9872863292694092),
            ["LowerTorso"] = CFrame.new(-0.01171395555138588, -0.21156394481658936, 0.6665722131729126, 0.9156478643417358, -0.03457648679614067, -0.40049153566360474, 0.05642684921622276, 0.9974851012229919, 0.042891278862953186, 0.3980012834072113, -0.061871789395809174, 0.9152960777282715),
            ["RightLowerLeg"] = CFrame.new(-6.705522537231445e-08, -0.0007265210151672363, 0.000046068635128904134, 1, 9.685758328714655e-08, 2.6077040971017595e-08, -5.21540641784668e-08, 0.605095386505127, 0.7961528897285461, 1.7136335372924805e-07, -0.7961530089378357, 0.605095624923706),
            ["LeftUpperLeg"] = CFrame.new(-5.960464477539063e-08, -4.675239324569702e-07, 1.4901161193847656e-08, 0.8562765121459961, 0.15854644775390625, 0.49158281087875366, 0.2299005091190338, 0.7352653741836548, -0.6375976800918579, -0.4625326097011566, 0.6589750051498413, 0.5931405425071716),
            ["LeftLowerLeg"] = CFrame.new(1.5366822481155396e-08, -0.0007264614105224609, 0.00008099526166915894, 1, 1.2479723920932884e-07, 2.607702853651972e-08, -3.3527612686157227e-08, 0.6803450584411621, 0.7328920364379883, -7.450580596923828e-09, -0.7328919172286987, 0.6803449988365173),
        }},
        {Time = 0.033, Data = {
            ["RightFoot"] = CFrame.new(9.313225746154785e-08, -1.1920928955078125e-07, 5.3849362302571535e-08, 0.9881300926208496, -0.04232409596443176, -0.1476745903491974, -0.03672400489449501, 0.8683432936668396, -0.49460214376449585, 0.1491655856370926, 0.49415451288223267, 0.8564817905426025),
            ["LeftLowerArm"] = CFrame.new(0.000001341104507446289, -3.5762786865234375e-07, 0.000004209578037261963, 1, 2.607702853651972e-08, -3.9115551686563776e-08, -7.450580596923828e-08, 0.24460093677043915, -0.969623863697052, -6.705522537231445e-08, 0.969623863697052, 0.2446010261774063),
            ["RightUpperArm"] = CFrame.new(-0.015367448329925537, 0.018627047538757324, -0.05401439964771271, 0.8644982576370239, -0.03362693637609482, 0.5015097260475159, 0.2860274016857147, 0.8533692359924316, -0.4358319640159607, -0.41331714391708374, 0.5202213525772095, 0.7473543286323547),
            ["Head"] = CFrame.new(-9.313225746154785e-10, -1.1920928955078125e-07, 3.92901711165905e-08, 0.9980345368385315, -0.03821634501218796, 0.04966465383768082, 0.03629816323518753, 0.9985809326171875, 0.03896770253777504, -0.05108323693275452, -0.03708852827548981, 0.9980055093765259),
            ["RightHand"] = CFrame.new(3.5762786865234375e-07, 9.5367431640625e-07, -3.948807716369629e-07, 0.9594670534133911, -0.23870281875133514, 0.14981262385845184, 0.2378694713115692, 0.9710073471069336, 0.02372616156935692, -0.15113294124603271, 0.012871380895376205, 0.9884296655654907),
            ["UpperTorso"] = CFrame.new(8.568167686462402e-08, 2.384185791015625e-07, 3.3527612686157227e-08, 0.8940128684043884, 0.06447266042232513, 0.4433782696723938, -0.08344320207834244, 0.996238112449646, 0.02338671311736107, -0.4402026832103729, -0.05790484696626663, 0.8960294723510742),
            ["HumanoidRootPart"] = CFrame.new(0, 0, 0, 1, 0, 0, 0, 1, 0, 0, 0, 1),
            ["RightUpperLeg"] = CFrame.new(1.4901161193847656e-07, 1.1920928955078125e-07, -3.894820110872388e-08, 0.9941211938858032, 0.0965665876865387, -0.04896869137883186, -0.10678166896104813, 0.9492321610450745, -0.29589900374412537, 0.01790878362953663, 0.29938820004463196, 0.9539632201194763),
            ["LeftUpperArm"] = CFrame.new(0.04586547613143921, -0.002969026565551758, -0.053429313004016876, 0.9154322147369385, -0.16940636932849884, -0.365082710981369, -0.11415126174688339, 0.7605645656585693, -0.6391489505767822, 0.3859449028968811, 0.6267721056938171, 0.6769071817398071),
            ["RightLowerArm"] = CFrame.new(2.384185791015625e-07, 7.152557373046875e-07, -0.0000037848949432373047, 1, -0.000006042419499863172, 0.000018524009647080675, 0.000018997116058017127, 0.09001675993204117, -0.9959403276443481, 0.000004440545581019251, 0.9959402680397034, 0.09001681208610535),
            ["LeftHand"] = CFrame.new(-0.0000013709068298339844, -0.0000010728836059570312, 6.221234798431396e-07, 0.9997819662094116, -0.0021804277785122395, -0.020766926929354668, -0.0017459759255871177, 0.9823213219642639, -0.1871943473815918, 0.020807957276701927, 0.18718983232975006, 0.9821033477783203),
            ["LeftFoot"] = CFrame.new(-2.3748725652694702e-08, -1.1920928955078125e-07, 1.1408701539039612e-08, 0.9632127285003662, 0.2678079903125763, -0.02236475795507431, -0.265682190656662, 0.936431348323822, -0.22914913296699524, -0.0404248908162117, 0.2266613394021988, 0.9731343984603882),
            ["LowerTorso"] = CFrame.new(-0.02890682965517044, -0.23180270195007324, 0.6073974370956421, 0.9079998135566711, -0.03453303501009941, -0.41754525899887085, 0.05504621937870979, 0.9977913498878479, 0.0371820367872715, 0.41533899307250977, -0.056745558977127075, 0.9078952074050903),
            ["RightLowerLeg"] = CFrame.new(-2.60770320892334e-08, -0.0007264018058776855, 0.00004601648106472567, 1, 9.313227167240257e-08, 6.705523247774181e-08, -7.078050145992165e-08, 0.548010528087616, 0.8364713191986084, 2.0302827863361017e-07, -0.836471438407898, 0.5480107069015503),
            ["LeftUpperLeg"] = CFrame.new(1.1920928955078125e-07, 1.8998980522155762e-07, 8.195638656616211e-08, 0.8505106568336487, 0.15832923352718353, 0.5015609860420227, 0.23775839805603027, 0.7348803877830505, -0.6351551413536072, -0.46915093064308167, 0.6594564914703369, 0.5873793959617615),
            ["LeftLowerLeg"] = CFrame.new(1.1175870895385742e-08, -0.0007265210151672363, 0.00008094310760498047, 1, 1.0989606380462646e-07, 2.0489098417897367e-08, -7.823110337312755e-08, 0.6224833726882935, 0.7826331257820129, 4.4703490686970326e-08, -0.7826330661773682, 0.6224833130836487),
        }},
        {Time = 0.067, Data = {
            ["RightFoot"] = CFrame.new(2.169981598854065e-07, -1.1920928955078125e-07, 6.502523319795728e-08, 0.989514946937561, -0.017129182815551758, -0.14341194927692413, -0.05767440050840378, 0.8634787201881409, -0.50107741355896, 0.1324160099029541, 0.5040944218635559, 0.8534368276596069),
            ["LeftLowerArm"] = CFrame.new(0.0000012814998626708984, -8.940696716308594e-07, 0.000004842877388000488, 1, 2.9802318834981634e-08, -7.078052277620372e-08, -6.705522537231445e-08, 0.15005452930927277, -0.9886777400970459, -4.842877388000488e-08, 0.9886777400970459, 0.15005441009998322),
            ["RightUpperArm"] = CFrame.new(-0.014554798603057861, 0.015386104583740234, -0.050302647054195404, 0.8743343949317932, -0.05726892501115799, 0.48193326592445374, 0.26638367772102356, 0.8866917490959167, -0.37791234254837036, -0.4056834280490875, 0.45880070328712463, 0.7905204892158508),
            ["Head"] = CFrame.new(2.2351741790771484e-08, -0.0000011920928955078125, -8.317874744534492e-08, 0.9982514381408691, -0.03601968288421631, 0.046869538724422455, 0.033285945653915405, 0.9977700710296631, 0.05785451456904411, -0.04884887486696243, -0.056193336844444275, 0.9972242116928101),
            ["RightHand"] = CFrame.new(4.172325134277344e-07, 0.0000011920928955078125, -9.057112038135529e-07, 0.9334798455238342, -0.2806338369846344, -0.2232932448387146, 0.33007368445396423, 0.9157726764678955, 0.22893646359443665, 0.14023874700069427, -0.2874108850955963, 0.9474852085113525),
            ["UpperTorso"] = CFrame.new(5.4016709327697754e-08, -4.76837158203125e-07, 1.8067657947540283e-07, 0.8913627862930298, 0.019579002633690834, 0.4528675675392151, -0.0432545430958271, 0.9981817007064819, 0.04198157414793968, -0.45122218132019043, -0.05700939521193504, 0.8905888795852661),
            ["HumanoidRootPart"] = CFrame.new(0, 0, 0, 1, 0, 0, 0, 1, 0, 0, 0, 1),
            ["RightUpperLeg"] = CFrame.new(0, -3.2747630029916763e-07, 5.045876605436206e-08, 0.9991490244865417, 0.03318938612937927, -0.0244908407330513, -0.0393374003469944, 0.945317268371582, -0.32377129793167114, 0.012405941262841225, 0.3244592845439911, 0.9458183646202087),
            ["LeftUpperArm"] = CFrame.new(0.04654628038406372, 0.0004410743713378906, -0.04993940889835358, 0.9253425598144531, -0.1625966727733612, -0.3424959182739258, -0.07773300260305405, 0.8028121590614319, -0.5911434292793274, 0.3710778057575226, 0.5736331939697266, 0.7302369475364685),
            ["RightLowerArm"] = CFrame.new(5.364418029785156e-07, 6.556510925292969e-07, -0.000003829598426818848, 1, -0.000004023313067591516, 0.000019058586985920556, 0.000018999211533810012, -0.01992829330265522, -0.9998013973236084, 0.0000043585891944530886, 0.9998014569282532, -0.019928229972720146),
            ["LeftHand"] = CFrame.new(-0.0000014901161193847656, -0.0000011920928955078125, 4.731118679046631e-07, 0.8826256990432739, 0.10425254702568054, 0.45836976170539856, -0.16242939233779907, 0.9826738834381104, 0.08926868438720703, -0.4411218762397766, -0.15324349701404572, 0.8842671513557434),
            ["LeftFoot"] = CFrame.new(7.799826562404633e-09, -5.960464477539063e-08, -9.313225746154785e-09, 0.9620808362960815, 0.2713351547718048, -0.02788977138698101, -0.2685244679450989, 0.9242017269134521, -0.27156201004981995, -0.047908637672662735, 0.26875364780426025, 0.962016761302948),
            ["LowerTorso"] = CFrame.new(-0.03911985456943512, -0.24827897548675537, 0.5500167608261108, 0.9044421911239624, 0.002348679816350341, -0.4265897274017334, 0.010767394676804543, 0.9995405673980713, 0.028331872075796127, 0.42646026611328125, -0.03021780401468277, 0.9040014147758484),
            ["RightLowerLeg"] = CFrame.new(-1.1175870895385742e-08, -0.0007264018058776855, 0.00004607981099979952, 1, 1.35973138526424e-07, 8.754431490842762e-08, -6.519255890680142e-08, 0.4494539499282837, 0.8933036923408508, 1.57393458266597e-07, -0.8933035731315613, 0.4494537115097046),
            ["LeftUpperLeg"] = CFrame.new(8.940696716308594e-08, -2.7508940547704697e-07, 1.4901161193847656e-07, 0.8305848240852356, 0.11352510750293732, 0.5451981425285339, 0.2750650942325592, 0.7676125764846802, -0.5788870453834534, -0.4842190742492676, 0.6307798027992249, 0.6063405275344849),
            ["LeftLowerLeg"] = CFrame.new(5.052424967288971e-08, -0.0007261037826538086, 0.0000809207558631897, 1, 6.891787762697277e-08, 5.681066994611683e-08, -5.960465898624534e-08, 0.6151574850082397, 0.7884042263031006, 2.980232949312267e-08, -0.7884042859077454, 0.6151574850082397),
        }},
        {Time = 0.100, Data = {
            ["RightFoot"] = CFrame.new(1.628650352358818e-07, 0, -6.535992724820971e-08, 0.9940097332000732, 0.006697415374219418, -0.10908686369657516, -0.0522383488714695, 0.9058400988578796, -0.42038673162460327, 0.09599972516298294, 0.4235667586326599, 0.9007636904716492),
            ["LeftLowerArm"] = CFrame.new(0.000001430511474609375, -5.364418029785156e-07, 0.000005170702934265137, 1, 6.332992796842518e-08, -3.166497464235363e-08, -7.078050856534901e-08, 0.09387888014316559, -0.995583713054657, -1.0430811414607888e-07, 0.995583713054657, 0.09387888759374619),
            ["RightUpperArm"] = CFrame.new(-0.014432847499847412, 0.012331247329711914, -0.04800041392445564, 0.8823971748352051, -0.07917221635580063, 0.4637966752052307, 0.2600284516811371, 0.9035841822624207, -0.34047165513038635, -0.39212319254875183, 0.4210313856601715, 0.81790691614151),
            ["Head"] = CFrame.new(1.1175870895385742e-08, -7.152557373046875e-07, -6.915070116519928e-08, 0.9983963966369629, -0.03341742604970932, 0.04569488763809204, 0.03092602640390396, 0.9980520009994507, 0.05418282374739647, -0.047416407614946365, -0.05268288403749466, 0.9974849820137024),
            ["RightHand"] = CFrame.new(2.682209014892578e-07, 8.344650268554688e-07, -0.000001044943928718567, 0.5731500387191772, -0.3053097724914551, -0.7604500651359558, 0.5834303498268127, 0.8036823868751526, 0.11706351488828659, 0.5754200220108032, -0.5107647776603699, 0.63875812292099),
            ["UpperTorso"] = CFrame.new(3.5390257835388184e-08, -1.4901161193847656e-07, 0, 0.8994995355606079, -0.05501529574394226, 0.4334441125392914, 0.006830089259892702, 0.9936903119087219, 0.11195100843906403, -0.43686825037002563, -0.09773939847946167, 0.8941997289657593),
            ["HumanoidRootPart"] = CFrame.new(0, 0, 0, 1, 0, 0, 0, 1, 0, 0, 0, 1),
            ["RightUpperLeg"] = CFrame.new(8.940696716308594e-08, -7.450580596923828e-08, 6.16346369497478e-08, 0.9966732859611511, -0.07423168420791626, -0.03364451229572296, 0.05721747502684593, 0.931288480758667, -0.35976099967956543, 0.058038510382175446, 0.35663893818855286, 0.9324377179145813),
            ["LeftUpperArm"] = CFrame.new(0.046556055545806885, 0.008194565773010254, -0.047935862094163895, 0.9335657358169556, -0.17586204409599304, -0.3122941255569458, -0.025209520012140274, 0.8369626402854919, -0.5466791987419128, 0.3575185537338257, 0.5182336568832397, 0.7769261598587036),
            ["RightLowerArm"] = CFrame.new(1.7881393432617188e-07, 1.7881393432617188e-07, -0.000003844499588012695, 1, -0.000003948807261622278, 0.00001906790566863492, 0.00001897849142551422, -0.025283418595790863, -0.9996803998947144, 0.000004336237907409668, 0.9996803998947144, -0.025283420458436012),
            ["LeftHand"] = CFrame.new(-0.0000014081597328186035, -0.000001430511474609375, -2.4586915969848633e-07, 0.45131558179855347, 0.27374276518821716, 0.8493400812149048, -0.4522767961025238, 0.890652596950531, -0.04673060402274132, -0.7692594528198242, -0.36304667592048645, 0.5257735252380371),
            ["LeftFoot"] = CFrame.new(-6.402842700481415e-09, 0, -3.958120942115784e-09, 0.9602381587028503, 0.2742408812046051, -0.05229363963007927, -0.2775958180427551, 0.9179423451423645, -0.28341245651245117, -0.029720602557063103, 0.286659836769104, 0.9575713276863098),
            ["LowerTorso"] = CFrame.new(-0.04399905353784561, -0.2581063508987427, 0.49634021520614624, 0.9101558923721313, 0.04525185748934746, -0.4117871820926666, -0.05599077790975571, 0.9983325004577637, -0.014045909978449345, 0.41046497225761414, 0.035840246826410294, 0.9111717939376831),
            ["RightLowerLeg"] = CFrame.new(-9.263749234378338e-08, -0.0007264018058776855, 0.00004613569035427645, 1, 1.3844694990439166e-07, 1.0782970605305309e-07, -1.0681107198706741e-07, 0.28472626209259033, 0.9586089253425598, 1.4006219828388566e-07, -0.9586089849472046, 0.2847262918949127),
            ["LeftUpperLeg"] = CFrame.new(2.9802322387695312e-08, -2.39349901676178e-07, 1.862645149230957e-09, 0.80279541015625, 0.029801461845636368, 0.5955093502998352, 0.3114222586154938, 0.830740749835968, -0.46139588952064514, -0.5084642171859741, 0.5558614134788513, 0.6576339602470398),
            ["LeftLowerLeg"] = CFrame.new(2.2409949451684952e-08, -0.0007266402244567871, 0.00008102506399154663, 1, 8.568168397005138e-08, 1.862645326866641e-08, -5.960464477539063e-08, 0.6503467559814453, 0.759637713432312, 7.450580596923828e-08, -0.7596375942230225, 0.650346577167511),
        }},
        {Time = 0.133, Data = {
            ["RightFoot"] = CFrame.new(1.210719347000122e-07, -1.1920928955078125e-07, 9.110226528719068e-08, 0.9989267587661743, 0.007849762216210365, -0.04564760997891426, -0.015650976449251175, 0.9847714900970459, -0.17314790189266205, 0.04359334707260132, 0.17367637157440186, 0.9838374257087708),
            ["LeftLowerArm"] = CFrame.new(0.0000012516975402832031, -7.748603820800781e-07, 0.000005058944225311279, 1, 2.7008354663848877e-08, -9.12696123123169e-08, -7.82310962677002e-08, 0.14214330911636353, -0.9898461699485779, -7.729977369308472e-08, 0.9898461103439331, 0.14214323461055756),
            ["RightUpperArm"] = CFrame.new(-0.014657557010650635, 0.008637309074401855, -0.045202672481536865, 0.8845956325531006, -0.074893519282341, 0.460305780172348, 0.25216585397720337, 0.9071027040481567, -0.33701226115226746, -0.39230459928512573, 0.41419294476509094, 0.8213047385215759),
            ["Head"] = CFrame.new(0, -4.76837158203125e-07, -5.029141902923584e-08, 0.9985365867614746, -0.028832122683525085, 0.04575473442673683, 0.02660991996526718, 0.9984709024429321, 0.048455361276865005, -0.04708190634846687, -0.04716712608933449, 0.9977768063545227),
            ["RightHand"] = CFrame.new(2.086162567138672e-07, 0.0000010728836059570312, -9.685754776000977e-07, 0.16759328544139862, -0.37603849172592163, -0.9113216400146484, 0.6969248056411743, 0.6990070343017578, -0.16026578843593597, 0.6972863674163818, -0.6082634329795837, 0.3792199492454529),
            ["UpperTorso"] = CFrame.new(-3.3527612686157227e-08, -2.384185791015625e-07, -6.05359673500061e-09, 0.9192078113555908, -0.10593712329864502, 0.37925487756729126, 0.05171264335513115, 0.9872664213180542, 0.15043582022190094, -0.39036235213279724, -0.11866945028305054, 0.9129812717437744),
            ["HumanoidRootPart"] = CFrame.new(0, 0, 0, 1, 0, 0, 0, 1, 0, 0, 0, 1),
            ["RightUpperLeg"] = CFrame.new(-5.960464477539063e-08, -2.1979212760925293e-07, -7.620110409334302e-08, 0.97657710313797, -0.20087473094463348, -0.07711375504732132, 0.1497446447610855, 0.891853392124176, -0.4268189072608948, 0.15451112389564514, 0.4052739441394806, 0.9010433554649353),
            ["LeftUpperArm"] = CFrame.new(0.04634445905685425, 0.01499330997467041, -0.0452730618417263, 0.9228546023368835, -0.17846255004405975, -0.3413068354129791, -0.026957031339406967, 0.8540675044059753, -0.5194633603096008, 0.3842039108276367, 0.4885898530483246, 0.7833693027496338),
            ["RightLowerArm"] = CFrame.new(0, 7.152557373046875e-07, -0.000003904104232788086, 1, -0.000004641711711883545, 0.000018935657863039523, 0.000019013879864360206, 0.016054872423410416, -0.9998711347579956, 0.000004388391516840784, 0.9998711347579956, 0.016054879873991013),
            ["LeftHand"] = CFrame.new(-0.0000014230608940124512, -0.0000011920928955078125, -7.450580596923828e-08, 0.03961387276649475, 0.3855688273906708, 0.9218282103538513, -0.5492521524429321, 0.7790777683258057, -0.30225828289985657, -0.8347171545028687, -0.4943425953388214, 0.2426370084285736),
            ["LeftFoot"] = CFrame.new(-3.306195139884949e-08, -1.7881393432617188e-07, -1.1874362826347351e-08, 0.9588268399238586, 0.2761874496936798, -0.06611743569374084, -0.2836377024650574, 0.9197027087211609, -0.2714715600013733, -0.014168685302138329, 0.27904772758483887, 0.9601728320121765),
            ["LowerTorso"] = CFrame.new(-0.046582166105508804, -0.2527388334274292, 0.44159090518951416, 0.9279265999794006, 0.08167313784360886, -0.3637056350708008, -0.10392505675554276, 0.9936978816986084, -0.042002107948064804, 0.3579830527305603, 0.07677300274372101, 0.9305666089057922),
            ["RightLowerLeg"] = CFrame.new(-3.725290298461914e-08, -0.0007263422012329102, 0.00004606118454830721, 1, 2.0675365419720038e-07, 6.332997060098933e-08, -6.332993507385254e-08, 0.1385858952999115, 0.9903504848480225, 1.2479722499847412e-07, -0.9903504848480225, 0.13858607411384583),
            ["LeftUpperLeg"] = CFrame.new(0, -3.46451997756958e-07, -6.705522537231445e-08, 0.8024789094924927, -0.07165104150772095, 0.5923627614974976, 0.34037283062934875, 0.8703634738922119, -0.3558286130428314, -0.4900755286216736, 0.4871689975261688, 0.7228363156318665),
            ["LeftLowerLeg"] = CFrame.new(2.043088898062706e-08, -0.0007267594337463379, 0.00008094310760498047, 1, 6.70552182668871e-08, 3.352760202801619e-08, -9.685752644372769e-08, 0.7070307731628418, 0.7071827054023743, 3.725289587919178e-08, -0.7071828842163086, 0.7070308327674866),
        }},
        {Time = 0.167, Data = {
            ["RightFoot"] = CFrame.new(2.2351741790771484e-07, -1.1920928955078125e-07, 1.6952981241047382e-09, 0.996063768863678, -0.08828084170818329, -0.007978349924087524, 0.08751717209815979, 0.9937328100204468, -0.06954020261764526, 0.014067525044083595, 0.06856819987297058, 0.9975473284721375),
            ["LeftLowerArm"] = CFrame.new(0.0000015795230865478516, -3.5762786865234375e-07, 0.0000049173831939697266, 1, 2.0023437130589627e-08, -3.539026138810186e-08, -6.33299421792799e-08, 0.22799596190452576, -0.9736620783805847, -1.210719524635806e-08, 0.9736621379852295, 0.22799597680568695),
            ["RightUpperArm"] = CFrame.new(-0.01592618227005005, -0.0023218393325805664, -0.04063135012984276, 0.8859280943870544, -0.04742581024765968, 0.46139174699783325, 0.23344753682613373, 0.905168890953064, -0.3552064299583435, -0.40079155564308167, 0.42239800095558167, 0.812985897064209),
            ["Head"] = CFrame.new(2.7939677238464355e-09, -9.5367431640625e-07, -4.126923158764839e-08, 0.9987056851387024, -0.015136661939322948, 0.048557668924331665, 0.012443515472114086, 0.9983927011489868, 0.0552934929728508, -0.049316663295030594, -0.05461779609322548, 0.997288703918457),
            ["RightHand"] = CFrame.new(3.5762786865234375e-07, 0.0000010728836059570312, -8.046627044677734e-07, 0.23004846274852753, -0.6162105798721313, -0.7532341480255127, 0.7057381272315979, 0.6385684609413147, -0.3068617582321167, 0.6700831055641174, -0.4609932601451874, 0.5817853808403015),
            ["UpperTorso"] = CFrame.new(-1.1175870895385742e-08, -2.384185791015625e-07, -6.28642737865448e-09, 0.9413245320320129, -0.15654948353767395, 0.2989994287490845, 0.1271716058254242, 0.9851413369178772, 0.11543029546737671, -0.3126271665096283, -0.07063315808773041, 0.9472461938858032),
            ["HumanoidRootPart"] = CFrame.new(0, 0, 0, 1, 0, 0, 0, 1, 0, 0, 0, 1),
            ["RightUpperLeg"] = CFrame.new(5.960464477539063e-08, -5.401670932769775e-07, -2.9634975362569094e-08, 0.9274082779884338, -0.3462407886981964, -0.14153219759464264, 0.2295047789812088, 0.8255026340484619, -0.5156286358833313, 0.2953668236732483, 0.44571608304977417, 0.8450418710708618),
            ["LeftUpperArm"] = CFrame.new(0.04538947343826294, 0.022564172744750977, -0.040964655578136444, 0.9071211218833923, -0.1872318536043167, -0.37692931294441223, -0.037130311131477356, 0.8565014004707336, -0.5148074626922607, 0.41922885179519653, 0.48098814487457275, 0.7699984312057495),
            ["RightLowerArm"] = CFrame.new(2.980232238769531e-07, 7.152557373046875e-07, -0.000003889203071594238, 1, -0.000005841255187988281, 0.000018604101569508202, 0.000018998982341145165, 0.0744851753115654, -0.9972221255302429, 0.0000043511395233508665, 0.9972221255302429, 0.07448526471853256),
            ["LeftHand"] = CFrame.new(-0.0000013932585716247559, -0.0000011920928955078125, 1.7136335372924805e-07, 0.04227006435394287, 0.41909417510032654, 0.9069581031799316, -0.545708179473877, 0.7700844407081604, -0.330413281917572, -0.8369084596633911, -0.4809679687023163, 0.2612548768520355),
            ["LeftFoot"] = CFrame.new(4.6566128730773926e-09, -1.7881393432617188e-07, 2.3283064365386963e-08, 0.9536660313606262, 0.28812694549560547, -0.08662592619657516, -0.2998920679092407, 0.9334859251976013, -0.19664400815963745, 0.02420574612915516, 0.2135111540555954, 0.9766407012939453),
            ["LowerTorso"] = CFrame.new(-0.044273052364587784, -0.2313600778579712, 0.38297873735427856, 0.9488682746887207, 0.1390392780303955, -0.2834027111530304, -0.1500072181224823, 0.9885342121124268, -0.017261678352952003, 0.27775320410728455, 0.058891505002975464, 0.9588457345962524),
            ["RightLowerLeg"] = CFrame.new(2.2351741790771484e-08, -0.0007264614105224609, 0.00004619529499905184, 1, 1.8626458597736928e-07, 6.705523958316917e-08, -8.940695295223122e-08, 0.022360943257808685, 0.9997499585151672, 8.940695295223122e-08, -0.9997499585151672, 0.022360971197485924),
            ["LeftUpperLeg"] = CFrame.new(0, -3.1851232051849365e-07, 1.1175870895385742e-08, 0.8018231987953186, -0.17129197716712952, 0.5724847316741943, 0.3954181969165802, 0.8703800439834595, -0.2933990955352783, -0.4480222761631012, 0.46162524819374084, 0.7656229138374329),
            ["LeftLowerLeg"] = CFrame.new(-9.033828973770142e-08, -0.0007265210151672363, 0.00008098036050796509, 1, 8.195637946073475e-08, -2.9802322387695312e-08, -9.685753354915505e-08, 0.7622103095054626, 0.6473295092582703, 2.2351738238057806e-08, -0.6473295092582703, 0.7622103691101074),
        }},
        {Time = 0.200, Data = {
            ["RightFoot"] = CFrame.new(1.7136335372924805e-07, -1.1920928955078125e-07, -4.300818545743823e-08, 0.9889666438102722, -0.14611442387104034, 0.0244065560400486, 0.1474752575159073, 0.9866591691970825, -0.06895508617162704, -0.014005601406097412, 0.07179346680641174, 0.9973211884498596),
            ["LeftLowerArm"] = CFrame.new(0.0000014603137969970703, -1.1920928955078125e-07, 0.00000476837158203125, 1, 8.475034718458119e-08, -7.078051567077637e-08, -8.195638656616211e-08, 0.34547582268714905, -0.9384276866912842, -5.587935447692871e-08, 0.9384276270866394, 0.34547582268714905),
            ["RightUpperArm"] = CFrame.new(-0.017812490463256836, -0.01648545265197754, -0.0346837043762207, 0.9078198671340942, -0.0029675315599888563, 0.41935017704963684, 0.18131817877292633, 0.9044522047042847, -0.3861218988895416, -0.3781360983848572, 0.42656469345092773, 0.821617603302002),
            ["Head"] = CFrame.new(4.6566128730773926e-09, -5.960464477539062e-07, -8.789356797933578e-09, 0.9985649585723877, 0.0029109937604516745, 0.05347621813416481, -0.0059277452528476715, 0.9983940124511719, 0.056341852992773056, -0.05322626233100891, -0.05657802149653435, 0.9969784617424011),
            ["RightHand"] = CFrame.new(2.980232238769531e-07, 9.5367431640625e-07, -4.991888999938965e-07, 0.45584836602211, -0.7795208692550659, -0.4295918345451355, 0.7474730014801025, 0.5973101854324341, -0.29069724678993225, 0.48320433497428894, -0.18859463930130005, 0.8549537658691406),
            ["UpperTorso"] = CFrame.new(2.60770320892334e-08, 5.960464477539063e-08, 2.0023435354232788e-08, 0.9561284184455872, -0.21296174824237823, 0.20116111636161804, 0.21121060848236084, 0.9769682288169861, 0.03038548305630684, -0.20299895107746124, 0.013434887863695621, 0.9790868759155273),
            ["HumanoidRootPart"] = CFrame.new(0, 0, 0, 1, 0, 0, 0, 1, 0, 0, 0, 1),
            ["RightUpperLeg"] = CFrame.new(5.960464477539063e-08, -2.5675399228930473e-07, -1.287116901949048e-08, 0.8724583983421326, -0.46976205706596375, -0.13468463718891144, 0.2865857481956482, 0.7150657176971436, -0.637612521648407, 0.3958345949649811, 0.5176917314529419, 0.7584921717643738),
            ["LeftUpperArm"] = CFrame.new(0.04440408945083618, 0.03126811981201172, -0.03569545969367027, 0.8642438054084778, -0.1975189745426178, -0.4626759886741638, -0.08293907344341278, 0.8511713743209839, -0.5182939767837524, 0.4961892366409302, 0.4863061010837555, 0.7192373275756836),
            ["RightLowerArm"] = CFrame.new(2.682209014892578e-07, 6.556510925292969e-07, -0.0000037997961044311523, 1, -0.000006832181497884449, 0.000018253926100442186, 0.00001899973904073704, 0.12938839197158813, -0.9915940761566162, 0.0000043958430069324095, 0.9915940165519714, 0.12938840687274933),
            ["LeftHand"] = CFrame.new(-0.000001385807991027832, -0.0000011920928955078125, 3.2782554626464844e-07, 0.03191244602203369, 0.48584744334220886, 0.8734606504440308, -0.5285801887512207, 0.7499014735221863, -0.3978080451488495, -0.8482834100723267, -0.44899898767471313, 0.28074079751968384),
            ["LeftFoot"] = CFrame.new(-1.30385160446167e-08, -1.7881393432617188e-07, 4.6566128730773926e-09, 0.949772834777832, 0.29623615741729736, -0.10087472200393677, -0.3057236671447754, 0.9471691846847534, -0.09697317332029343, 0.0668184757232666, 0.12294226884841919, 0.9901619553565979),
            ["LowerTorso"] = CFrame.new(-0.037980981171131134, -0.20150113105773926, 0.3211047053337097, 0.9639458060264587, 0.20075377821922302, -0.1746610403060913, -0.19796021282672882, 0.9796389937400818, 0.03345508500933647, 0.17782098054885864, 0.002327049383893609, 0.9840601086616516),
            ["RightLowerLeg"] = CFrame.new(-1.5273690223693848e-07, -0.0007264614105224609, 0.00004607981099979952, 1, 1.899898762758312e-07, 1.4901164746561335e-08, -1.788139627478813e-07, -0.10780634731054306, 0.9941719174385071, 6.705523247774181e-08, -0.9941719174385071, -0.10780637711286545),
            ["LeftUpperLeg"] = CFrame.new(1.4901161193847656e-07, -2.6338966563344e-07, 1.4901161193847656e-08, 0.8087157011032104, -0.28336381912231445, 0.5154452919960022, 0.4572204351425171, 0.8541316390037537, -0.24780772626399994, -0.37003833055496216, 0.43607810139656067, 0.8203094601631165),
            ["LeftLowerLeg"] = CFrame.new(1.257285475730896e-07, -0.0007264018058776855, 0.00008096545934677124, 1, 5.587935447692871e-08, 2.2351745343485163e-08, -9.685754776000977e-08, 0.8362334966659546, 0.5483739376068115, -2.2351741790771484e-08, -0.5483735799789429, 0.8362333178520203),
        }},
        {Time = 0.233, Data = {
            ["RightFoot"] = CFrame.new(8.940696716308594e-08, 0, 3.149762051180005e-08, 0.9861792922019958, 0.10852666199207306, 0.12518922984600067, -0.08270639926195145, 0.977188766002655, -0.19560612738132477, -0.14356203377246857, 0.18254892528057098, 0.972659170627594),
            ["LeftLowerArm"] = CFrame.new(0.0000013113021850585938, 5.960464477539063e-08, 0.000004470348358154297, 1, 6.70552182668871e-08, -1.4901161193847656e-08, -1.1175870895385742e-07, 0.43338024616241455, -0.9012112021446228, -6.705522537231445e-08, 0.901211142539978, 0.4333801567554474),
            ["RightUpperArm"] = CFrame.new(-0.01938110589981079, -0.027296900749206543, -0.028773989528417587, 0.913354218006134, 0.03929704800248146, 0.4052649140357971, 0.15100419521331787, 0.89165860414505, -0.4267818331718445, -0.37812942266464233, 0.4509997069835663, 0.8084661364555359),
            ["Head"] = CFrame.new(-4.656612873077393e-10, -8.344650268554688e-07, 2.491287887096405e-08, 0.9980996251106262, 0.01696752943098545, 0.05923960357904434, -0.020128080621361732, 0.998382568359375, 0.05317151919007301, -0.05824170261621475, -0.054263003170490265, 0.9968267679214478),
            ["RightHand"] = CFrame.new(2.384185791015625e-07, 0.0000011324882507324219, -5.140900611877441e-07, 0.6172525882720947, -0.782623827457428, 0.08061442524194717, 0.7813413739204407, 0.5977610349655151, -0.17941002547740936, 0.09222240746021271, 0.17372874915599823, 0.9804659485816956),
            ["UpperTorso"] = CFrame.new(5.587935447692871e-09, 0, -5.587935447692871e-09, 0.9594354033470154, -0.2657400667667389, 0.09415983408689499, 0.2704930901527405, 0.9618180990219116, -0.041707903146743774, -0.07948111742734909, 0.06548567116260529, 0.9946830868721008),
            ["HumanoidRootPart"] = CFrame.new(0, 0, 0, 1, 0, 0, 0, 1, 0, 0, 0, 1),
            ["RightUpperLeg"] = CFrame.new(8.940696716308594e-08, -1.0058283805847168e-07, -2.2184394765645266e-08, 0.843259871006012, -0.5374432802200317, 0.008223382756114006, 0.4227188527584076, 0.6536499261856079, -0.6277346014976501, 0.3319963812828064, 0.5328194499015808, 0.7783840894699097),
            ["LeftUpperArm"] = CFrame.new(0.04407632350921631, 0.040254950523376465, -0.03062722645699978, 0.8363975286483765, -0.1964087188243866, -0.5117250680923462, -0.128886416554451, 0.8369449377059937, -0.5318942666053772, 0.53275465965271, 0.510829508304596, 0.674704372882843),
            ["RightLowerArm"] = CFrame.new(2.682209014892578e-07, 7.152557373046875e-07, -0.000003814697265625, 1, -0.000008095054909063037, 0.000017717482478474267, 0.00001896918001875747, 0.19690556824207306, -0.9804224371910095, 0.000004336238362157019, 0.9804224371910095, 0.1969057023525238),
            ["LeftHand"] = CFrame.new(-0.0000014901161193847656, -0.0000011920928955078125, 2.644956111907959e-07, 0.02191268280148506, 0.5077655911445618, 0.8612163662910461, -0.5396254062652588, 0.7311723232269287, -0.4173627495765686, -0.8416200280189514, -0.45558875799179077, 0.2900253236293793),
            ["LeftFoot"] = CFrame.new(-3.3527612686157227e-08, -2.980232238769531e-07, -4.6566128730773926e-09, 0.9468242526054382, 0.30219975113868713, -0.1104499101638794, -0.30269351601600647, 0.9530037045478821, 0.012676941230893135, 0.10909014195203781, 0.021429743617773056, 0.9938008189201355),
            ["LowerTorso"] = CFrame.new(-0.030218660831451416, -0.1722782850265503, 0.25908809900283813, 0.9683899283409119, 0.24316763877868652, -0.055592045187950134, -0.2400696575641632, 0.969081461429596, 0.05698979273438454, 0.06773128360509872, -0.04184238240122795, 0.9968258738517761),
            ["RightLowerLeg"] = CFrame.new(-1.1548399925231934e-07, -0.0007264614105224609, 0.00004604628338711336, 1, 1.1175868053214799e-07, 1.4901166878189542e-07, -7.450580596923828e-08, -0.1327543556690216, 0.9911490678787231, 2.2351741790771484e-07, -0.9911489486694336, -0.1327543705701828),
            ["LeftUpperLeg"] = CFrame.new(5.960464477539063e-08, -1.825392246246338e-07, 2.421438694000244e-08, 0.8188329339027405, -0.38464295864105225, 0.42610156536102295, 0.4980239272117615, 0.8451566696166992, -0.1941199004650116, -0.2854556739330292, 0.37116050720214844, 0.8836033940315247),
            ["LeftLowerLeg"] = CFrame.new(8.381903171539307e-08, -0.0007266402244567871, 0.00008093193173408508, 1, 5.774201383701438e-08, -5.960463766996327e-08, -9.685754776000977e-08, 0.9052172303199768, 0.4249494671821594, -7.450580596923828e-09, -0.42494940757751465, 0.9052170515060425),
        }},
        {Time = 0.267, Data = {
            ["RightFoot"] = CFrame.new(2.086162567138672e-07, 0, 7.620110409334302e-08, 0.9692939519882202, 0.06367754191160202, 0.23751728236675262, -0.017445463687181473, 0.9812633991241455, -0.19187946617603302, -0.24528546631336212, 0.1818440556526184, 0.9522435665130615),
            ["LeftLowerArm"] = CFrame.new(0.0000013709068298339844, -6.556510925292969e-07, 0.0000050961971282958984, 1, 8.568166975919667e-08, -2.980232949312267e-08, -5.960465188081798e-08, 0.512707531452179, -0.8585633635520935, -1.564622067462551e-07, 0.8585633039474487, 0.512707531452179),
            ["RightUpperArm"] = CFrame.new(-0.01968991756439209, -0.03333389759063721, -0.02372775413095951, 0.9124541282653809, 0.07246316224336624, 0.4027116596698761, 0.14301075041294098, 0.8656479120254517, -0.4797934889793396, -0.38337382674217224, 0.4953814744949341, 0.7795009016990662),
            ["Head"] = CFrame.new(9.313225746154785e-09, -5.960464477539062e-07, -1.798616722226143e-08, 0.9976732730865479, 0.024116545915603638, 0.06376848369836807, -0.027011813595891, 0.9986246228218079, 0.04493578523397446, -0.06259707361459732, -0.04655386134982109, 0.9969525337219238),
            ["RightHand"] = CFrame.new(3.2782554626464844e-07, 9.5367431640625e-07, -3.427267074584961e-07, 0.4864676296710968, -0.7216311693191528, 0.4925413727760315, 0.8096093535423279, 0.584255576133728, 0.05637725442647934, -0.3284536898136139, 0.37134072184562683, 0.8684610724449158),
            ["UpperTorso"] = CFrame.new(-7.729977369308472e-08, 0, 1.5832483768463135e-08, 0.9567621946334839, -0.2905721068382263, -0.013194752857089043, 0.2890055775642395, 0.9547755122184753, -0.06985516846179962, 0.03289598971605301, 0.06302143633365631, 0.9974699020385742),
            ["HumanoidRootPart"] = CFrame.new(0, 0, 0, 1, 0, 0, 0, 1, 0, 0, 0, 1),
            ["RightUpperLeg"] = CFrame.new(0, 1.0244548320770264e-08, -2.032174961641431e-08, 0.8045804500579834, -0.576439619064331, 0.1427154839038849, 0.5058689117431641, 0.5394224524497986, -0.6731419563293457, 0.3110416531562805, 0.6137921810150146, 0.7256116271018982),
            ["LeftUpperArm"] = CFrame.new(0.04480540752410889, 0.04710960388183594, -0.026021786034107208, 0.8203514814376831, -0.19767820835113525, -0.5366067886352539, -0.16758623719215393, 0.8140530586242676, -0.5560869574546814, 0.5467526316642761, 0.5461145639419556, 0.6346814632415771),
            ["RightLowerArm"] = CFrame.new(1.7881393432617188e-07, 4.76837158203125e-07, -0.0000037550926208496094, 1, -0.000009249895811080933, 0.00001712889024929609, 0.000019006434740731493, 0.2655741572380066, -0.9640904664993286, 0.0000043436893975012936, 0.9640904664993286, 0.26557421684265137),
            ["LeftHand"] = CFrame.new(-0.000001430511474609375, -0.0000011324882507324219, 1.0058283805847168e-07, -0.003408593125641346, 0.5064215064048767, 0.8622792959213257, -0.5343198180198669, 0.7279497385025024, -0.4296413064002991, -0.8452755808830261, -0.46219754219055176, 0.2681100070476532),
            ["LeftFoot"] = CFrame.new(0, -2.384185791015625e-07, 1.7695128917694092e-08, 0.9434962272644043, 0.30953794717788696, -0.11832723021507263, -0.2998470664024353, 0.9494566917419434, 0.09286385029554367, 0.14109154045581818, -0.05213656276464462, 0.988622784614563),
