return {
    ["Marsh Walk"] = {
        {Time = 0.000, Data = {
            ["RightFoot"] = CFrame.new(-7.450580596923828e-08, 2.980232238769531e-07, -3.4626282285898924e-08, 0.8514834642410278, 0.40880659222602844, -0.32841047644615173, -0.3034796416759491, 0.8949152827262878, 0.32714906334877014, 0.42764008045196533, -0.17889603972434998, 0.8860700726509094),
            ["LeftLowerArm"] = CFrame.new(-2.086162567138672e-07, -1.1920928955078125e-07, -1.1920928955078125e-07, 1, -7.450579886381092e-08, 8.940698847936801e-08, 7.450579886381092e-08, 0.14190630614757538, -0.9898802042007446, 1.2665985593685036e-07, 0.9898801445960999, 0.14190621674060822),
            ["RightUpperArm"] = CFrame.new(2.384185791015625e-07, -3.5762786865234375e-07, 2.2351741790771484e-08, -0.06401883065700531, -0.2117086797952652, 0.9752339124679565, 0.4797975718975067, 0.8503513932228088, 0.21609461307525635, -0.8750405311584473, 0.4817489683628082, 0.04713879153132439),
            ["Head"] = CFrame.new(2.0116567611694336e-07, -2.384185791015625e-07, -1.1175870895385742e-08, 0.9717593193054199, -0.16467194259166718, 0.16901788115501404, 0.18404677510261536, 0.9771720170974731, -0.10612118989229202, -0.14768445491790771, 0.1342315375804901, 0.9798833131790161),
            ["RightHand"] = CFrame.new(1.4901161193847656e-08, -2.980232238769531e-07, 2.2351741790771484e-07, 0.955338716506958, -0.01348941307514906, 0.2952049970626831, 0.04754358157515526, 0.9929603934288025, -0.10848663002252579, -0.29166343808174133, 0.1176764965057373, 0.9492548108100891),
            ["UpperTorso"] = CFrame.new(6.05359673500061e-08, 1.4901161193847656e-07, 7.82310962677002e-08, 0.9882662296295166, 0.1527024507522583, 0.003448332892730832, -0.15273883938789368, 0.988128662109375, 0.016514210030436516, -0.0008856171043589711, -0.01684707961976528, 0.9998577237129211),
            ["HumanoidRootPart"] = CFrame.new(0, 0, 0, 1, 0, 0, 0, 1, 0, 0, 0, 1),
            ["RightUpperLeg"] = CFrame.new(1.1920928955078125e-07, 4.209578037261963e-07, 1.6221747500821948e-07, 0.8684790134429932, -0.4956927001476288, 0.005742624402046204, 0.3157636821269989, 0.5442296862602234, -0.7772433757781982, 0.3821486234664917, 0.6768328547477722, 0.6291738748550415),
            ["LeftUpperArm"] = CFrame.new(-2.384185791015625e-07, 2.384185791015625e-07, 1.4156103134155273e-07, 0.45282527804374695, 0.587040364742279, -0.671068549156189, -0.12297262996435165, 0.78658527135849, 0.6051127314567566, 0.8830781579017639, -0.19148731231689453, 0.4283756613731384),
            ["RightLowerArm"] = CFrame.new(0, -5.960464477539063e-08, -3.241002559661865e-07, 1, -8.195637946073475e-08, 2.9802318834981634e-08, 3.166497108963995e-08, 0.6223657131195068, -0.7827266454696655, 1.7578715372223996e-08, 0.7827265858650208, 0.6223656535148621),
            ["LeftHand"] = CFrame.new(-1.4901161193847656e-08, -5.960464477539063e-08, 8.940696716308594e-08, 0.8575899600982666, -0.30674082040786743, -0.4128555357456207, 0.14585241675376892, 0.9147837162017822, -0.376693457365036, 0.4932206869125366, 0.26283249258995056, 0.8292481303215027),
            ["LeftFoot"] = CFrame.new(1.341104507446289e-07, 0, -1.4901161193847656e-08, 0.8678001165390015, -0.4084532558917999, 0.2829993963241577, 0.4724087417125702, 0.854776918888092, -0.21491119265556335, -0.15412010252475739, 0.32019108533859253, 0.9347323179244995),
            ["LowerTorso"] = CFrame.new(-0.14447899162769318, -0.18396377563476562, -0.055746275931596756, 0.9868960976600647, 0.09399501979351044, -0.13115330040454865, -0.07525599002838135, 0.9871211647987366, 0.14116787910461426, 0.14273327589035034, -0.12944795191287994, 0.9812596440315247),
            ["RightLowerLeg"] = CFrame.new(-1.1920928955078125e-07, -0.00012260675430297852, -0.00007732788071734831, 1, -1.564622067462551e-07, 5.587936335871291e-09, 2.980232949312267e-08, 0.6774953007698059, 0.7355266809463501, -4.4703494239684005e-08, -0.7355271577835083, 0.6774958372116089),
            ["LeftUpperLeg"] = CFrame.new(-2.384185791015625e-07, 2.384185791015625e-07, -2.9802322387695312e-08, 0.7560547590255737, 0.17509447038173676, -0.6306529641151428, -0.33003923296928406, 0.9340707659721375, -0.13633030652999878, 0.5652037262916565, 0.31121334433555603, 0.7639967799186707),
            ["LeftLowerLeg"] = CFrame.new(4.470348358154297e-08, 0.00012254714965820312, 0.00007739849388599396, 1, 5.960467319710006e-08, 1.4901154088420299e-08, -5.960464477539063e-08, 0.8271006941795349, 0.562053382396698, 8.847564458847046e-08, -0.5620538592338562, 0.827100932598114),
        }},
        {Time = 0.033, Data = {
            ["RightFoot"] = CFrame.new(3.3527612686157227e-08, 2.980232238769531e-07, -8.584902388975024e-08, 0.8878446221351624, 0.23306481540203094, -0.3967527449131012, -0.13697107136249542, 0.9570125937461853, 0.25566747784614563, 0.43928444385528564, -0.17264911532402039, 0.8816016912460327),
            ["LeftLowerArm"] = CFrame.new(-4.76837158203125e-07, -2.980232238769531e-07, -4.76837158203125e-07, 1, -1.0430809993522416e-07, 6.705523247774181e-08, 8.940695295223122e-08, 0.1326388418674469, -0.99116450548172, 6.70552182668871e-08, 0.9911644458770752, 0.1326388716697693),
            ["RightUpperArm"] = CFrame.new(2.384185791015625e-07, 2.384185791015625e-07, 3.166496753692627e-08, -0.16095204651355743, -0.39384111762046814, 0.9049772024154663, 0.40367910265922546, 0.8104574680328369, 0.42450186610221863, -0.9006319046020508, 0.43364474177360535, 0.028540652245283127),
            ["Head"] = CFrame.new(1.4901161193847656e-07, -1.1920928955078125e-07, 1.9371509552001953e-07, 0.9424640536308289, -0.16115283966064453, 0.29290148615837097, 0.19101205468177795, 0.9786271452903748, -0.07618041336536407, -0.2743648588657379, 0.12774506211280823, 0.9531030058860779),
            ["RightHand"] = CFrame.new(1.7881393432617188e-07, 4.76837158203125e-07, 5.21540641784668e-08, 0.966895341873169, -0.042566824704408646, 0.25159767270088196, 0.0733645111322403, 0.9907310009002686, -0.11432347446680069, -0.24439921975135803, 0.1289971023797989, 0.961056113243103),
            ["UpperTorso"] = CFrame.new(7.450580596923828e-08, -5.960464477539063e-08, 8.009374141693115e-08, 0.992590606212616, 0.11802186816930771, 0.028895368799567223, -0.1180586889386177, 0.9930065274238586, -0.00043593739974312484, -0.02874477207660675, -0.0029785637743771076, 0.9995824098587036),
            ["HumanoidRootPart"] = CFrame.new(0, 0, 0, 1, 0, 0, 0, 1, 0, 0, 0, 1),
            ["RightUpperLeg"] = CFrame.new(5.960464477539063e-08, -1.6111880540847778e-07, 1.696680556051433e-07, 0.8895788788795471, -0.45585814118385315, -0.029034189879894257, 0.1946224421262741, 0.43576377630233765, -0.8787672519683838, 0.4132453203201294, 0.7760820984840393, 0.47636663913726807),
            ["LeftUpperArm"] = CFrame.new(1.7881393432617188e-07, 3.5762786865234375e-07, 1.1920928955078125e-07, 0.5559021234512329, 0.5585094690322876, -0.6156623363494873, -0.08522452414035797, 0.7750394940376282, 0.6261393427848816, 0.8268673419952393, -0.29560261964797974, 0.47844481468200684),
            ["RightLowerArm"] = CFrame.new(-5.960464477539063e-08, -1.7881393432617188e-07, 1.4901161193847656e-08, 1, -8.940693874137651e-08, 5.21540641784668e-08, 6.33299421792799e-08, 0.41249117255210876, -0.9109616279602051, 4.4703490686970326e-08, 0.9109616875648499, 0.41249120235443115),
            ["LeftHand"] = CFrame.new(1.043081283569336e-07, 0, 1.4901161193847656e-07, 0.9152835607528687, -0.1171184629201889, -0.38540804386138916, -0.011564951390028, 0.9487631320953369, -0.3157767057418823, 0.40264415740966797, 0.29348257184028625, 0.8670327663421631),
            ["LeftFoot"] = CFrame.new(-5.21540641784668e-08, -5.960464477539063e-08, 1.4156103134155273e-07, 0.9056874513626099, -0.3398936986923218, 0.25338199734687805, 0.41561955213546753, 0.8297364115715027, -0.3725569546222687, -0.0836104080080986, 0.4427301287651062, 0.8927479982376099),
            ["LowerTorso"] = CFrame.new(-0.16123656928539276, -0.24271178245544434, -0.07708453387022018, 0.9493120908737183, 0.1413225382566452, -0.2807749807834625, -0.09827829897403717, 0.981895387172699, 0.16193459928035736, 0.298576682806015, -0.12613236904144287, 0.9460141062736511),
            ["RightLowerLeg"] = CFrame.new(-1.341104507446289e-07, -0.00012242794036865234, -0.00007729062781436369, 1, -7.82310962677002e-08, 3.445894236620006e-08, 9.685752644372769e-08, 0.6542134284973145, 0.7563096284866333, -5.960463056453591e-08, -0.756309986114502, 0.6542140245437622),
            ["LeftUpperLeg"] = CFrame.new(-2.980232238769531e-07, -4.805624485015869e-07, 2.9802322387695312e-08, 0.842011034488678, 0.17732442915439606, -0.5094834566116333, -0.26719120144844055, 0.9575372338294983, -0.1083119586110115, 0.46864309906959534, 0.22732944786548615, 0.8536363840103149),
            ["LeftLowerLeg"] = CFrame.new(0, 0.00012260675430297852, 0.00007728487253189087, 1, 2.980233304583635e-08, -4.470345515983354e-08, -5.960465188081798e-08, 0.8214927911758423, 0.5702183246612549, -3.9115551686563776e-08, -0.5702188611030579, 0.8214932084083557),
        }},
        {Time = 0.067, Data = {
            ["RightFoot"] = CFrame.new(1.955777406692505e-08, 2.384185791015625e-07, -1.6931153368204832e-08, 0.8683831095695496, 0.06993328779935837, -0.49093833565711975, 0.03552635386586189, 0.9786889553070068, 0.2022521048784256, 0.4946199059486389, -0.1930735558271408, 0.8473922610282898),
            ["LeftLowerArm"] = CFrame.new(2.682209014892578e-07, -1.1920928955078125e-07, -3.725290298461914e-07, 1, -8.568165554834195e-08, 6.51925802230835e-08, 8.195638656616211e-08, 0.10489227622747421, -0.9944836497306824, 7.450580596923828e-08, 0.9944835901260376, 0.10489224642515182),
            ["RightUpperArm"] = CFrame.new(3.5762786865234375e-07, 3.5762786865234375e-07, 4.470348358154297e-08, -0.19340120255947113, -0.5559712648391724, 0.8083884716033936, 0.28538915514945984, 0.7564377188682556, 0.5885193943977356, -0.9386953711509705, 0.34452560544013977, 0.01237217802554369),
            ["Head"] = CFrame.new(1.9371509552001953e-07, 2.384185791015625e-07, 8.195638656616211e-08, 0.9132945537567139, -0.15807975828647614, 0.37537145614624023, 0.1905554234981537, 0.9803627133369446, -0.05077032744884491, -0.35997456312179565, 0.1178974062204361, 0.925482988357544),
            ["RightHand"] = CFrame.new(-1.4901161193847656e-08, -3.5762786865234375e-07, 7.078051567077637e-08, 0.9981923699378967, -0.05961950123310089, -0.007584164850413799, 0.05677330121397972, 0.9768046140670776, -0.20646947622299194, 0.019717859104275703, 0.20566579699516296, 0.9784236550331116),
            ["UpperTorso"] = CFrame.new(1.341104507446289e-07, 2.682209014892578e-07, 1.1175870895385742e-07, 0.9943538904190063, 0.07072474807500839, 0.0791105180978775, -0.06827833503484726, 0.9971132278442383, -0.033217255026102066, -0.08123136311769485, 0.027628261595964432, 0.9963123202323914),
            ["HumanoidRootPart"] = CFrame.new(0, 0, 0, 1, 0, 0, 0, 1, 0, 0, 0, 1),
            ["RightUpperLeg"] = CFrame.new(-2.9802322387695312e-08, 7.031485438346863e-07, 1.39865733217448e-07, 0.9152952432632446, -0.398208349943161, -0.060539260506629944, 0.09154888987541199, 0.3520428538322449, -0.9314957857131958, 0.39224162697792053, 0.8470513224601746, 0.3586788773536682),
            ["LeftUpperArm"] = CFrame.new(1.1920928955078125e-07, 3.5762786865234375e-07, 0, 0.6227197647094727, 0.5404001474380493, -0.5658512115478516, -0.05661821365356445, 0.7524089217185974, 0.6562585234642029, 0.7803938388824463, -0.3766275942325592, 0.49913638830184937),
            ["RightLowerArm"] = CFrame.new(2.384185791015625e-07, -2.384185791015625e-07, -2.905726432800293e-07, 1, -1.1920928955078125e-07, 6.519258732851085e-08, 7.450580596923828e-08, 0.2811897099018097, -0.9596522450447083, 3.725290298461914e-08, 0.9596522450447083, 0.2811897397041321),
            ["LeftHand"] = CFrame.new(3.427267074584961e-07, 0, 0, 0.9515653848648071, -0.029944226145744324, -0.305984765291214, -0.07280570268630981, 0.944990336894989, -0.3188929855823517, 0.29870161414146423, 0.3257249891757965, 0.8970400094985962),
            ["LeftFoot"] = CFrame.new(4.470348358154297e-08, 0, -2.60770320892334e-08, 0.9342079758644104, -0.2601243257522583, 0.24411197006702423, 0.3484123647212982, 0.8122378587722778, -0.46784496307373047, -0.07657910138368607, 0.52211594581604, 0.8494294881820679),
            ["LowerTorso"] = CFrame.new(-0.1822977513074875, -0.28702449798583984, -0.09243912994861603, 0.891716718673706, 0.20187823474407196, -0.40507596731185913, -0.13035139441490173, 0.9716408848762512, 0.19728803634643555, 0.43341660499572754, -0.12312281876802444, 0.8927434682846069),
            ["RightLowerLeg"] = CFrame.new(-1.4901161193847656e-08, -0.00012254714965820312, -0.00007730552897555754, 1, -4.8428766774577525e-08, 1.3969840839678227e-09, 1.5832482347377663e-07, 0.6845464706420898, 0.7289690971374512, -5.5879347371501353e-08, -0.728969395160675, 0.6845466494560242),
            ["LeftUpperLeg"] = CFrame.new(-1.1920928955078125e-07, -9.313225746154785e-08, 5.960464477539063e-08, 0.8960501551628113, 0.16948463022708893, -0.41032782196998596, -0.1929181069135666, 0.9810836911201477, -0.016049230471253395, 0.3998458981513977, 0.09354064613580704, 0.9117968678474426),
            ["LeftLowerLeg"] = CFrame.new(2.9802322387695312e-08, 0.00012248754501342773, 0.00007751584053039551, 1, 1.4901162970204496e-08, 0, -4.4703490686970326e-08, 0.8956472277641296, 0.4447646737098694, -3.725290653733282e-08, -0.44476526975631714, 0.8956474661827087),
        }},
        {Time = 0.100, Data = {
            ["RightFoot"] = CFrame.new(-1.5599653124809265e-08, 2.980232238769531e-07, -5.418405635282397e-08, 0.8855940103530884, 0.014960458502173424, -0.464219331741333, 0.07797887176275253, 0.9805049896240234, 0.18035922944545746, 0.4578675925731659, -0.1959242969751358, 0.8671626448631287),
            ["LeftLowerArm"] = CFrame.new(-2.9802322387695312e-08, -1.1920928955078125e-07, -2.8312206268310547e-07, 1, -9.685750512744562e-08, 7.450577754752885e-08, 9.68574909165909e-08, 0.060382336378097534, -0.998175323009491, 9.68574909165909e-08, 0.998175323009491, 0.060382332652807236),
            ["RightUpperArm"] = CFrame.new(2.384185791015625e-07, 0, 7.450580596923828e-08, -0.1741235852241516, -0.6516494750976562, 0.7382642030715942, 0.16170457005500793, 0.7206175923347473, 0.6742120981216431, -0.9713560342788696, 0.2367769330739975, -0.02010185271501541),
            ["Head"] = CFrame.new(1.1920928955078125e-07, -4.76837158203125e-07, 2.9802322387695312e-08, 0.8943238854408264, -0.16684716939926147, 0.41514670848846436, 0.1981668919324875, 0.979606032371521, -0.033195074647665024, -0.401141881942749, 0.11195550858974457, 0.9091486930847168),
            ["RightHand"] = CFrame.new(2.2351741790771484e-08, 0, -1.862645149230957e-08, 0.9566342234611511, -0.04357406124472618, -0.2880144715309143, -0.057330287992954254, 0.941244900226593, -0.3328234851360321, 0.28559455275535583, 0.33490225672721863, 0.8979288935661316),
            ["UpperTorso"] = CFrame.new(5.960464477539063e-08, 3.2782554626464844e-07, 8.940696716308594e-08, 0.9941968321800232, 0.055729035288095474, 0.09201649576425552, -0.05018763616681099, 0.9968459010124207, -0.061477743089199066, -0.09515233337879181, 0.056502923369407654, 0.9938578605651855),
            ["HumanoidRootPart"] = CFrame.new(0, 0, 0, 1, 0, 0, 0, 1, 0, 0, 0, 1),
            ["RightUpperLeg"] = CFrame.new(2.384185791015625e-07, 6.537884473800659e-07, 1.6221747500821948e-07, 0.9210638403892517, -0.3849949240684509, -0.05848420411348343, 0.06739646196365356, 0.30552276968955994, -0.9497964978218079, 0.3835350275039673, 0.8708816766738892, 0.30735352635383606),
            ["LeftUpperArm"] = CFrame.new(0, 2.384185791015625e-07, 8.940696716308594e-08, 0.6569932103157043, 0.5302993059158325, -0.5358567833900452, -0.04056582972407341, 0.7346199154853821, 0.6772650480270386, 0.7528043985366821, -0.4232211410999298, 0.5041522979736328),
            ["RightLowerArm"] = CFrame.new(1.1920928955078125e-07, -5.960464477539062e-07, -2.123415470123291e-07, 1, -9.313223614526578e-08, 5.960465188081798e-08, 7.823110337312755e-08, 0.2659156620502472, -0.963996410369873, 3.3527616238870905e-08, 0.9639963507652283, 0.2659156024456024),
            ["LeftHand"] = CFrame.new(0, 4.172325134277344e-07, 8.940696716308594e-08, 0.9436353445053101, -0.09105576574802399, -0.3182157576084137, -0.0027036156971007586, 0.9592620134353638, -0.2825050950050354, 0.3309760093688965, 0.26744207739830017, 0.9049473404884338),
            ["LeftFoot"] = CFrame.new(-4.470348358154297e-08, -5.960464477539063e-08, 0, 0.9370448589324951, -0.21846212446689606, 0.2724357545375824, 0.33055782318115234, 0.8064497709274292, -0.4902762770652771, -0.1125989779829979, 0.5494662523269653, 0.8278936147689819),
            ["LowerTorso"] = CFrame.new(-0.19895054399967194, -0.3059568405151367, -0.0991533100605011, 0.8611365556716919, 0.23909619450569153, -0.448638916015625, -0.15014654397964478, 0.9627473950386047, 0.22488585114479065, 0.4856952428817749, -0.12629581987857819, 0.8649563789367676),
            ["RightLowerLeg"] = CFrame.new(-7.078051567077637e-08, -0.00012218952178955078, -0.00007737258420092985, 1, -8.195638656616211e-08, 3.422611527525987e-08, 2.0908194642288436e-07, 0.6957277655601501, 0.718305230140686, -1.5832485544819974e-08, -0.7183056473731995, 0.6957281827926636),
            ["LeftUpperLeg"] = CFrame.new(-1.1920928955078125e-07, 3.3527612686157227e-07, 5.960464477539063e-08, 0.9162978529930115, 0.1409696638584137, -0.37486785650253296, -0.14842577278614044, 0.9888820052146912, 0.009070017375051975, 0.37197867035865784, 0.04732915014028549, 0.9270339608192444),
            ["LeftLowerLeg"] = CFrame.new(-2.9802322387695312e-08, 0.0001227259635925293, 0.00007745623588562012, 1, 1.4901166522918174e-08, -7.45057615603173e-09, -1.4901161193847656e-08, 0.9256998896598816, 0.3782587945461273, -3.3527612686157227e-08, -0.37825897336006165, 0.9256998896598816),
        }},
        {Time = 0.133, Data = {
            ["RightFoot"] = CFrame.new(-5.704350769519806e-08, 2.980232238769531e-07, -4.300818545743823e-08, 0.8885200023651123, 0.009012021124362946, -0.4587492048740387, 0.08759019523859024, 0.9780895113945007, 0.18886177241802216, 0.4504000246524811, -0.20798954367637634, 0.8682629466056824),
            ["LeftLowerArm"] = CFrame.new(-3.2782554626464844e-07, 4.76837158203125e-07, -2.384185791015625e-07, 1, -9.685750512744562e-08, 5.21540641784668e-08, 8.195635814445268e-08, 0.028514953330159187, -0.9995933771133423, 7.450577754752885e-08, 0.9995934367179871, 0.028514910489320755),
            ["RightUpperArm"] = CFrame.new(2.384185791015625e-07, 1.1920928955078125e-07, 1.6391277313232422e-07, -0.134464830160141, -0.6871950626373291, 0.7139202952384949, 0.09062492102384567, 0.708915650844574, 0.6994467377662659, -0.9867655634880066, 0.15874993801116943, -0.03304724767804146),
            ["Head"] = CFrame.new(2.2351741790771484e-08, -3.5762786865234375e-07, 1.043081283569336e-07, 0.8843198418617249, -0.18091057240962982, 0.4304064214229584, 0.20919914543628693, 0.9776908755302429, -0.01887603849172592, -0.4173896312713623, 0.10673314332962036, 0.9024378657341003),
            ["RightHand"] = CFrame.new(1.4528632164001465e-07, 2.384185791015625e-07, 7.450580596923828e-08, 0.9306840896606445, 0.03877585753798485, -0.36376309394836426, -0.17707476019859314, 0.9178647398948669, -0.35520267486572266, 0.3201119899749756, 0.3949947655200958, 0.8611083030700684),
            ["UpperTorso"] = CFrame.new(-3.725290298461914e-08, 2.682209014892578e-07, 3.3527612686157227e-08, 0.9940938353538513, 0.05572783946990967, 0.09312371909618378, -0.04736597463488579, 0.9948409199714661, -0.08971066772937775, -0.097642682492733, 0.08476997911930084, 0.9916048049926758),
            ["HumanoidRootPart"] = CFrame.new(0, 0, 0, 1, 0, 0, 0, 1, 0, 0, 0, 1),
            ["RightUpperLeg"] = CFrame.new(-1.4901161193847656e-07, 3.390014171600342e-07, 2.0656443666666746e-08, 0.9230656027793884, -0.3825015127658844, -0.04052639380097389, 0.07278744131326675, 0.2771610617637634, -0.958062469959259, 0.3776928186416626, 0.8814047574996948, 0.28367912769317627),
            ["LeftUpperArm"] = CFrame.new(0, 2.384185791015625e-07, 0, 0.6792542934417725, 0.5248171091079712, -0.5130113363265991, -0.04150717705488205, 0.7253708243370056, 0.6871057748794556, 0.7327283024787903, -0.44542595744132996, 0.5144948959350586),
            ["RightLowerArm"] = CFrame.new(2.980232238769531e-07, -4.76837158203125e-07, 2.60770320892334e-08, 1, -9.685747670573619e-08, 6.332992796842518e-08, 1.0244549741855735e-07, 0.30720219016075134, -0.9516443610191345, 5.8673329306202504e-08, 0.9516443014144897, 0.30720219016075134),
            ["LeftHand"] = CFrame.new(2.086162567138672e-07, 0.0000010728836059570312, 1.7881393432617188e-07, 0.9419803023338318, -0.12214959412813187, -0.31265437602996826, 0.040014658123254776, 0.9656595587730408, -0.2567111551761627, 0.333274781703949, 0.22930596768856049, 0.9145199060440063),
            ["LeftFoot"] = CFrame.new(6.705522537231445e-08, -5.960464477539063e-08, 7.450580596923828e-09, 0.9347271919250488, -0.18802346289157867, 0.30154961347579956, 0.32004672288894653, 0.8142156004905701, -0.4843798577785492, -0.15445145964622498, 0.5492724776268005, 0.8212454319000244),
            ["LowerTorso"] = CFrame.new(-0.21478764712810516, -0.3081672191619873, -0.10153825581073761, 0.8490337133407593, 0.2648366689682007, -0.457168847322464, -0.16356873512268066, 0.9545414447784424, 0.24919062852859497, 0.5023813843727112, -0.13679270446300507, 0.8537567853927612),
            ["RightLowerLeg"] = CFrame.new(-4.470348358154297e-08, -0.00012236833572387695, -0.00007755139813525602, 1, -8.754430069757291e-08, 6.752090442319059e-09, 1.1920930376163597e-07, 0.7100091576576233, 0.704192578792572, -4.842878098543224e-08, -0.7041924595832825, 0.7100091576576233),
            ["LeftUpperLeg"] = CFrame.new(-2.384185791015625e-07, 1.825392246246338e-07, -2.9802322387695312e-08, 0.9158760905265808, 0.1205955445766449, -0.38291996717453003, -0.12380588799715042, 0.9921718239784241, 0.01634979248046875, 0.38189420104026794, 0.032433364540338516, 0.9236368536949158),
            ["LeftLowerLeg"] = CFrame.new(-1.4901161193847656e-08, 0.0001226663589477539, 0.00007744133472442627, 1, 2.9802340151263707e-08, -7.450576333667414e-08, -1.1175872671742582e-08, 0.9472043514251709, 0.3206303119659424, -6.705523247774181e-08, -0.3206307590007782, 0.9472045302391052),
        }},
        {Time = 0.167, Data = {
            ["RightFoot"] = CFrame.new(1.3504177331924438e-08, 2.980232238769531e-07, -4.300818545743823e-08, 0.8833184838294983, 0.017680790275335312, -0.46844035387039185, 0.08766941726207733, 0.9754267930984497, 0.20213066041469574, 0.460502564907074, -0.21961331367492676, 0.8600621223449707),
            ["LeftLowerArm"] = CFrame.new(-2.9802322387695312e-08, 1.1920928955078125e-07, -1.7881393432617188e-07, 1, -8.195638656616211e-08, 9.313227167240257e-08, 6.332990665214311e-08, 0.0049968622624874115, -0.9999876022338867, 9.685750512744562e-08, 0.9999875426292419, 0.004996777046471834),
            ["RightUpperArm"] = CFrame.new(2.384185791015625e-07, 0, 1.4901161193847656e-07, -0.10676068812608719, -0.6931357383728027, 0.7128569483757019, 0.061439163982868195, 0.710985541343689, 0.7005175352096558, -0.9923847317695618, 0.1185850128531456, -0.03331964090466499),
            ["Head"] = CFrame.new(1.1175870895385742e-07, 2.384185791015625e-07, 1.341104507446289e-07, 0.8795018792152405, -0.19433671236038208, 0.4344073534011841, 0.21901154518127441, 0.9756976962089539, -0.0069224415346980095, -0.42250508069992065, 0.10122857242822647, 0.900689959526062),
            ["RightHand"] = CFrame.new(-5.960464477539063e-08, 1.1920928955078125e-07, 3.725290298461914e-08, 0.9259793758392334, 0.06941086798906326, -0.37113913893699646, -0.21165789663791656, 0.9094160199165344, -0.3579992353916168, 0.31267082691192627, 0.41005441546440125, 0.8567918539047241),
            ["UpperTorso"] = CFrame.new(9.685754776000977e-08, 1.4901161193847656e-07, 3.3527612686157227e-08, 0.9933379292488098, 0.06604710966348648, 0.09443332254886627, -0.054921954870224, 0.9917404055595398, -0.11590804159641266, -0.10130877047777176, 0.1099495142698288, 0.9887607097625732),
            ["HumanoidRootPart"] = CFrame.new(0, 0, 0, 1, 0, 0, 0, 1, 0, 0, 0, 1),
            ["RightUpperLeg"] = CFrame.new(0, -2.3655593395233154e-07, 5.75528247281909e-09, 0.9263764023780823, -0.375824898481369, -0.02413281798362732, 0.08320187032222748, 0.26674118638038635, -0.9601700305938721, 0.3672933578491211, 0.8874710202217102, 0.2783723771572113),
            ["LeftUpperArm"] = CFrame.new(0, -2.384185791015625e-07, 2.9802322387695312e-08, 0.6895968317985535, 0.5237486958503723, -0.5001435279846191, -0.043631475418806076, 0.7194144129753113, 0.6932094097137451, 0.7228780388832092, -0.4562130272388458, 0.5189577341079712),
            ["RightLowerArm"] = CFrame.new(2.980232238769531e-07, -2.980232238769531e-07, -2.1047890186309814e-07, 1, -8.940695295223122e-08, 5.215405707303944e-08, 7.078052277620372e-08, 0.34364792704582214, -0.939098596572876, 2.980232594040899e-08, 0.939098596572876, 0.34364795684814453),
            ["LeftHand"] = CFrame.new(2.384185791015625e-07, 0, 7.450580596923828e-08, 0.9439328908920288, -0.14335274696350098, -0.2973898947238922, 0.07136128842830658, 0.968107283115387, -0.24015796184539795, 0.32233259081840515, 0.20547087490558624, 0.924058198928833),
            ["LeftFoot"] = CFrame.new(8.940696716308594e-08, 0, 9.313225746154785e-08, 0.9219291806221008, -0.1561831533908844, 0.3544761836528778, 0.3211759924888611, 0.8197915554046631, -0.47411879897117615, -0.21654708683490753, 0.5509525537490845, 0.805951714515686),
            ["LowerTorso"] = CFrame.new(-0.22387652099132538, -0.30428051948547363, -0.1022869348526001, 0.8451908230781555, 0.27849945425987244, -0.4561695158481598, -0.1668820083141327, 0.9483493566513062, 0.26978492736816406, 0.5077430009841919, -0.15189330279827118, 0.8480126857757568),
            ["RightLowerLeg"] = CFrame.new(-1.1362135410308838e-07, -0.00012236833572387695, -0.00007721612200839445, 1, -7.823110337312755e-08, 1.2619419464954262e-07, 1.7415732145309448e-07, 0.7274751663208008, 0.6861333250999451, -3.5390257835388184e-08, -0.6861339807510376, 0.7274758219718933),
            ["LeftUpperLeg"] = CFrame.new(-1.1920928955078125e-07, -5.178153514862061e-07, -8.940696716308594e-08, 0.8959306478500366, 0.10621953755617142, -0.43130674958229065, -0.11207309365272522, 0.993628740310669, 0.011901771649718285, 0.42982301115989685, 0.03767496347427368, 0.9021269083023071),
            ["LeftLowerLeg"] = CFrame.new(4.470348358154297e-08, 0.0001227855682373047, 0.00007742643356323242, 1, 2.9802340151263707e-08, -7.45057437967489e-09, -2.6077035641947077e-08, 0.9546116590499878, 0.29785314202308655, 7.450581485102248e-09, -0.29785358905792236, 0.9546117186546326),
        }},
        {Time = 0.200, Data = {
            ["RightFoot"] = CFrame.new(2.1420419216156006e-08, 3.5762786865234375e-07, -5.045876605436206e-08, 0.8793635368347168, 0.024765081703662872, -0.4755067527294159, 0.0900912955403328, 0.9719545245170593, 0.21722783148288727, 0.46755051612854004, -0.23386138677597046, 0.8524702787399292),
            ["LeftLowerArm"] = CFrame.new(-5.960464477539063e-08, 5.960464477539063e-08, -5.066394805908203e-07, 1, -8.195637946073475e-08, 9.313227167240257e-08, 8.195636524988004e-08, -0.005826122593134642, -0.9999830722808838, 1.1175868053214799e-07, 0.999983012676239, -0.005826108623296022),
            ["RightUpperArm"] = CFrame.new(3.5762786865234375e-07, -2.384185791015625e-07, 1.341104507446289e-07, -0.10119640082120895, -0.6920706629753113, 0.7147008776664734, 0.060610320419073105, 0.712765634059906, 0.6987786889076233, -0.9930185079574585, 0.11403221637010574, -0.030182674527168274),
            ["Head"] = CFrame.new(2.8312206268310547e-07, -3.5762786865234375e-07, 1.043081283569336e-07, 0.8757948875427246, -0.2064417153596878, 0.4363085925579071, 0.2283843457698822, 0.9735685586929321, 0.0022171870805323124, -0.4252341389656067, 0.09770428389310837, 0.8997944593429565),
            ["RightHand"] = CFrame.new(7.450580596923828e-09, 0, 1.2665987014770508e-07, 0.923313319683075, 0.07976104319095612, -0.3756735920906067, -0.23610946536064148, 0.8893839716911316, -0.39146968722343445, 0.30289411544799805, 0.45014938712120056, 0.8400123715400696),
            ["UpperTorso"] = CFrame.new(1.1920928955078125e-07, 2.384185791015625e-07, -2.2351741790771484e-08, 0.9923548102378845, 0.0793938934803009, 0.09449142962694168, -0.06638599187135696, 0.9888055920600891, -0.1336282640695572, -0.10404297709465027, 0.12633389234542847, 0.986516535282135),
            ["HumanoidRootPart"] = CFrame.new(0, 0, 0, 1, 0, 0, 0, 1, 0, 0, 0, 1),
            ["RightUpperLeg"] = CFrame.new(5.960464477539063e-08, 3.129243850708008e-07, -3.149762051180005e-08, 0.9284941554069519, -0.37074214220046997, -0.021187886595726013, 0.08731052279472351, 0.2734082341194153, -0.9579273462295532, 0.36093705892562866, 0.8875799775123596, 0.286227822303772),
            ["LeftUpperArm"] = CFrame.new(1.7881393432617188e-07, 0, 1.1920928955078125e-07, 0.6961416006088257, 0.5196531414985657, -0.49532565474510193, -0.04228400066494942, 0.7184419631958008, 0.694300651550293, 0.7166581749916077, -0.46238720417022705, 0.5221102833747864),
            ["RightLowerArm"] = CFrame.new(2.980232238769531e-07, -2.384185791015625e-07, -5.755573511123657e-07, 1, -5.5879340266073996e-08, 6.332992796842518e-08, 9.313227877782992e-08, 0.3642399311065674, -0.9313051104545593, 5.774201383701438e-08, 0.9313051104545593, 0.36423999071121216),
            ["LeftHand"] = CFrame.new(2.682209014892578e-07, -2.980232238769531e-07, -1.6391277313232422e-07, 0.9452195167541504, -0.16056767106056213, -0.2842150628566742, 0.09339506179094315, 0.9672876000404358, -0.2358645349740982, 0.3127898871898651, 0.19639942049980164, 0.9292953014373779),
            ["LeftFoot"] = CFrame.new(-2.9802322387695312e-08, 1.1920928955078125e-07, 1.862645149230957e-08, 0.9220123291015625, -0.15299302339553833, 0.3556492030620575, 0.3130800127983093, 0.8350337743759155, -0.45243769884109497, -0.22775916755199432, 0.5284996032714844, 0.8178102970123291),
            ["LowerTorso"] = CFrame.new(-0.2286021113395691, -0.2946779727935791, -0.10267935693264008, 0.8441222310066223, 0.2847256660461426, -0.45430058240890503, -0.1660439372062683, 0.9445075988769531, 0.2834339439868927, 0.5097912549972534, -0.1638190597295761, 0.8445568680763245),
            ["RightLowerLeg"] = CFrame.new(-4.0978193283081055e-08, -0.00012230873107910156, -0.0000772012208472006, 1, -1.0617072376817305e-07, 4.51691626324191e-08, 2.0302834968788375e-07, 0.7507743239402771, 0.660558819770813, 1.862645371275562e-09, -0.6605587601661682, 0.7507743835449219),
            ["LeftUpperLeg"] = CFrame.new(-1.1920928955078125e-07, 3.91155481338501e-07, -1.4901161193847656e-07, 0.8963768482208252, 0.11338795721530914, -0.4285462200641632, -0.11517877876758575, 0.9931045174598694, 0.021847868338227272, 0.4280684292316437, 0.02977563813328743, 0.9032557010650635),
            ["LeftLowerLeg"] = CFrame.new(8.940696716308594e-08, 0.00012248754501342773, 0.00007735192775726318, 1, 0, 8.940695295223122e-08, -2.9802318834981634e-08, 0.968168318271637, 0.25029993057250977, -2.607702853651972e-08, -0.25030001997947693, 0.9681683778762817),
        }},
        {Time = 0.233, Data = {
            ["RightFoot"] = CFrame.new(2.421438694000244e-08, 2.384185791015625e-07, -8.77116690389812e-08, 0.8764767646789551, 0.029250074177980423, -0.4805554151535034, 0.09587162733078003, 0.9675582647323608, 0.233751118183136, 0.4718019664287567, -0.25094911456108093, 0.8452377319335938),
            ["LeftLowerArm"] = CFrame.new(-5.960464477539063e-08, 0, -1.341104507446289e-07, 1, -1.043080928297968e-07, 1.043081283569336e-07, 1.0430809993522416e-07, -0.0027930689975619316, -0.9999961256980896, 1.1920926112907182e-07, 0.9999961256980896, -0.002792995423078537),
            ["RightUpperArm"] = CFrame.new(1.1920928955078125e-07, 1.1920928955078125e-07, 1.043081283569336e-07, -0.10291880369186401, -0.6943910121917725, 0.7121999859809875, 0.0713091492652893, 0.7090091705322266, 0.7015846967697144, -0.9921303987503052, 0.1229926347732544, -0.023453932255506516),
            ["Head"] = CFrame.new(1.1920928955078125e-07, 3.5762786865234375e-07, 1.341104507446289e-07, 0.8730757832527161, -0.21516545116901398, 0.4375413954257965, 0.23521941900253296, 0.971904456615448, 0.008584091439843178, -0.427095502614975, 0.09542370587587357, 0.8991574048995972),
            ["RightHand"] = CFrame.new(0, 4.76837158203125e-07, -8.940696716308594e-08, 0.9166963696479797, 0.08602019399404526, -0.3902158737182617, -0.25567519664764404, 0.8767485618591309, -0.4073600471019745, 0.3070799708366394, 0.4731939435005188, 0.825705349445343),
            ["UpperTorso"] = CFrame.new(0, 2.384185791015625e-07, 1.1175870895385742e-08, 0.9908920526504517, 0.09680739790201187, 0.09360142797231674, -0.08273112028837204, 0.986103892326355, -0.14406464993953705, -0.10624724626541138, 0.1350088119506836, 0.9851316213607788),
            ["HumanoidRootPart"] = CFrame.new(0, 0, 0, 1, 0, 0, 0, 1, 0, 0, 0, 1),
            ["RightUpperLeg"] = CFrame.new(0, 6.668269634246826e-07, 1.0261283023282886e-07, 0.9308014512062073, -0.36405131220817566, -0.03279012069106102, 0.08341994136571884, 0.2989106774330139, -0.9506279230117798, 0.3558788001537323, 0.8821105360984802, 0.30859583616256714),
            ["LeftUpperArm"] = CFrame.new(0, 3.5762786865234375e-07, 1.7881393432617188e-07, 0.7008096575737, 0.5144333839416504, -0.4941903054714203, -0.04005887359380722, 0.7200632095336914, 0.6927512288093567, 0.7122227549552917, -0.46569013595581055, 0.5252348184585571),
            ["RightLowerArm"] = CFrame.new(2.384185791015625e-07, -1.7881393432617188e-07, -3.986060619354248e-07, 1, -6.70552182668871e-08, 7.823111758398227e-08, 8.940699558479537e-08, 0.36414316296577454, -0.9313430190086365, 5.5879375793210784e-08, 0.9313429594039917, 0.3641432523727417),
            ["LeftHand"] = CFrame.new(2.980232238769531e-07, -2.384185791015625e-07, -2.9802322387695312e-08, 0.945931613445282, -0.17589572072029114, -0.2725328803062439, 0.10860195010900497, 0.9634525179862976, -0.24487727880477905, 0.3056454062461853, 0.20203948020935059, 0.9304628372192383),
            ["LeftFoot"] = CFrame.new(0, 0, 1.0803341865539551e-07, 0.9344965815544128, -0.17449639737606049, 0.31026920676231384, 0.3026267886161804, 0.8483899831771851, -0.43434077501296997, -0.18743836879730225, 0.49978548288345337, 0.8456247448921204),
            ["LowerTorso"] = CFrame.new(-0.23145157098770142, -0.2826962471008301, -0.10301743447780609, 0.845526397228241, 0.28127220273017883, -0.45384031534194946, -0.15796251595020294, 0.9437194466590881, 0.29058802127838135, 0.5100322961807251, -0.17401008307933807, 0.8423702120780945),
            ["RightLowerLeg"] = CFrame.new(-2.9802322387695312e-08, -0.00012218952178955078, -0.00007733533129794523, 1, -8.940696716308594e-08, 8.195639367158947e-08, 1.3224781980625266e-07, 0.7816020846366882, 0.6237769722938538, -4.4703490686970326e-08, -0.623777449131012, 0.7816025018692017),
            ["LeftUpperLeg"] = CFrame.new(-2.980232238769531e-07, 1.7508864402770996e-07, -2.9802322387695312e-08, 0.9158269166946411, 0.13180981576442719, -0.37932464480400085, -0.13120323419570923, 0.9909718632698059, 0.027576744556427002, 0.37953492999076843, 0.02451298199594021, 0.924852728843689),
            ["LeftLowerLeg"] = CFrame.new(-5.960464477539063e-08, 0.00012248754501342773, 0.00007739663124084473, 1, 2.980233304583635e-08, -2.235172757991677e-08, 1.4901161193847656e-08, 0.9764249920845032, 0.21585683524608612, -2.2351741790771484e-08, -0.21585699915885925, 0.9764249920845032),
        }},
        {Time = 0.267, Data = {
            ["RightFoot"] = CFrame.new(3.632158041000366e-08, 2.980232238769531e-07, -8.77116690389812e-08, 0.8754257559776306, 0.030963096767663956, -0.48236045241355896, 0.10347964614629745, 0.9628027677536011, 0.24960553646087646, 0.47214609384536743, -0.2684252858161926, 0.8396579027175903),
            ["LeftLowerArm"] = CFrame.new(-1.1920928955078125e-07, 5.960464477539062e-07, 5.960464477539063e-08, 1, -5.21540641784668e-08, 1.1175872316471214e-07, 7.450579886381092e-08, 0.005633693188428879, -0.9999841451644897, 8.940695295223122e-08, 0.9999842047691345, 0.005633652675896883),
            ["RightUpperArm"] = CFrame.new(3.5762786865234375e-07, 4.76837158203125e-07, 1.043081283569336e-07, -0.0954987183213234, -0.7015743255615234, 0.7061682343482971, 0.0786089301109314, 0.7018798589706421, 0.7079445123672485, -0.9923208951950073, 0.12311885505914688, -0.011878691613674164),
            ["Head"] = CFrame.new(1.341104507446289e-07, -2.384185791015625e-07, 2.9802322387695312e-08, 0.8715658783912659, -0.22047564387321472, 0.43790799379348755, 0.23962929844856262, 0.9707924127578735, 0.011836516670882702, -0.42772749066352844, 0.09461935609579086, 0.8989419937133789),
            ["RightHand"] = CFrame.new(2.9802322387695312e-08, -2.384185791015625e-07, -2.2351741790771484e-08, 0.9128056764602661, 0.09673070162534714, -0.39677324891090393, -0.2611381709575653, 0.8852205872535706, -0.3849564492702484, 0.31399476528167725, 0.455003023147583, 0.8332944512367249),
            ["UpperTorso"] = CFrame.new(1.4901161193847656e-07, 5.364418029785156e-07, 8.195638656616211e-08, 0.9895026087760925, 0.11137877404689789, 0.09208399057388306, -0.09709996730089188, 0.9843320250511169, -0.14718061685562134, -0.10703396797180176, 0.13669425249099731, 0.9848139882087708),
            ["HumanoidRootPart"] = CFrame.new(0, 0, 0, 1, 0, 0, 0, 1, 0, 0, 0, 1),
            ["RightUpperLeg"] = CFrame.new(1.7881393432617188e-07, 1.2665987014770508e-07, 1.8456921679899096e-07, 0.9319908618927002, -0.3589521050453186, -0.050465404987335205, 0.07672405242919922, 0.33141466975212097, -0.9403603672981262, 0.3542691767215729, 0.8725352883338928, 0.3364157974720001),
            ["LeftUpperArm"] = CFrame.new(5.960464477539063e-08, -2.384185791015625e-07, 1.043081283569336e-07, 0.7036181688308716, 0.5084736347198486, -0.49636295437812805, -0.03777729347348213, 0.7243136167526245, 0.6884349584579468, 0.7095734477043152, -0.46564412117004395, 0.5288488864898682),
            ["RightLowerArm"] = CFrame.new(3.5762786865234375e-07, 1.7881393432617188e-07, -4.284083843231201e-08, 1, -8.195637946073475e-08, 7.078052277620372e-08, 9.313227877782992e-08, 0.34687694907188416, -0.9379107356071472, 1.6763809895792292e-08, 0.9379106760025024, 0.3468768894672394),
            ["LeftHand"] = CFrame.new(2.086162567138672e-07, -5.960464477539063e-08, 8.940696716308594e-08, 0.9461668133735657, -0.18537642061710358, -0.2653374671936035, 0.11555691808462143, 0.9591910243034363, -0.25806862115859985, 0.3023490905761719, 0.21351422369480133, 0.9289761781692505),
            ["LeftFoot"] = CFrame.new(-4.470348358154297e-08, 0, -6.332993507385254e-08, 0.944132387638092, -0.19446557760238647, 0.2660779654979706, 0.29392707347869873, 0.862031877040863, -0.4129263758659363, -0.1490674614906311, 0.4680643379688263, 0.8710305690765381),
            ["LowerTorso"] = CFrame.new(-0.2334720492362976, -0.27056264877319336, -0.10313816368579865, 0.8478871583938599, 0.27421140670776367, -0.45375704765319824, -0.14925068616867065, 0.9446994662284851, 0.29200565814971924, 0.5087352991104126, -0.179864302277565, 0.8419247269630432),
