return {
    ["Martial Arts Master"] = {
        {Time = 0.000, Data = {
            ["LeftFoot"] = CFrame.new(3.259629011154175e-09, 5.960464477539063e-08, 1.5832483768463135e-08, 0.9995191693305969, -0.02927592769265175, 0.01022387482225895, 0.030696459114551544, 0.9808443784713745, -0.1923595815896988, -0.004396569915115833, 0.19258084893226624, 0.9812712669372559),
            ["LeftLowerArm"] = CFrame.new(-0.0005038976669311523, -0.0000998377799987793, -5.364418029785156e-07, 1, 9.685752644372769e-08, -3.3527609843986284e-07, -1.4528630742915993e-07, 0.9903460741043091, -0.1386171579360962, 3.548338725067879e-07, 0.1386171281337738, 0.9903460144996643),
            ["RightUpperArm"] = CFrame.new(-0.016021549701690674, -0.056461334228515625, 5.960464477539063e-08, 0.965762734413147, -0.12197814881801605, 0.2289583534002304, 0.058454323559999466, 0.9621874094009399, 0.26604270935058594, -0.252755731344223, -0.24355055391788483, 0.9363756775856018),
            ["Head"] = CFrame.new(-1.862645149230957e-08, -3.5762786865234375e-07, 8.940696716308594e-08, 0.9503825306892395, 0.01953365094959736, 0.31046992540359497, 0.01706518605351448, 0.9932501316070557, -0.11473012715578079, -0.3106154501438141, 0.11433574557304382, 0.9436341524124146),
            ["LowerTorso"] = CFrame.new(0.04664771258831024, -0.055143117904663086, 0.32699576020240784, 0.9298190474510193, -0.017733411863446236, -0.3675895631313324, 0.02107146754860878, 0.999765157699585, 0.005069257225841284, 0.36741334199905396, -0.012459143996238708, 0.9299743175506592),
            ["UpperTorso"] = CFrame.new(1.862645149230957e-08, 0, -2.9802322387695312e-08, 0.9997919201850891, -0.008340880274772644, -0.018615251407027245, 0.009926659055054188, 0.9961773157119751, 0.08678927272558212, 0.0178202036768198, -0.08695599436759949, 0.9960528016090393),
            ["HumanoidRootPart"] = CFrame.new(0, 0, 0, 1, 0, 0, 0, 1, 0, 0, 0, 1),
            ["LeftUpperLeg"] = CFrame.new(-1.1920928955078125e-07, -3.3027026802301407e-07, -5.587935447692871e-09, 0.9793065786361694, 0.12778380513191223, -0.1569398045539856, -0.1699812412261963, 0.940210223197937, -0.29514604806900024, 0.10984156280755997, 0.31571540236473083, 0.9424748420715332),
            ["LeftUpperArm"] = CFrame.new(0.016021430492401123, -0.056461334228515625, 1.4901161193847656e-08, 0.9687276482582092, 0.1378290057182312, -0.2063210904598236, -0.12306597083806992, 0.988936722278595, 0.08282015472650528, 0.2154565453529358, -0.05483906716108322, 0.9749731421470642),
            ["RightLowerArm"] = CFrame.new(0.0000035762786865234375, -1.1920928955078125e-07, 1.1920928955078125e-07, 1, -1.378357268322361e-07, 3.688037395477295e-07, 1.7043203115463257e-07, 0.9984716176986694, -0.05526672303676605, -3.781169652938843e-07, 0.05526675283908844, 0.9984716773033142),
            ["LeftHand"] = CFrame.new(1.4901161193847656e-07, 0.0000998377799987793, -1.043081283569336e-07, 0.9972832202911377, 0.06854554265737534, -0.02697894349694252, -0.07286584377288818, 0.9717000722885132, -0.22469915449619293, 0.010813410393893719, 0.22605451941490173, 0.9740546941757202),
            ["RightFoot"] = CFrame.new(-9.313225746154785e-08, 3.5762786865234375e-07, -1.3205863069742918e-08, 0.9994181394577026, 0.030550524592399597, -0.015174521133303642, -0.033563245087862015, 0.9601365327835083, -0.27750885486602783, 0.006091267801821232, 0.27785709500312805, 0.9606032371520996),
            ["RightHand"] = CFrame.new(4.470348358154297e-08, -2.384185791015625e-07, -1.341104507446289e-07, 0.9974341988563538, -0.07158470153808594, 0.0008796436013653874, 0.0715671256184578, 0.9973501563072205, 0.013072464615106583, -0.0018130806274712086, -0.012975930236279964, 0.9999141693115234),
            ["RightLowerLeg"] = CFrame.new(6.705522537231445e-08, -0.000003159046173095703, -0.000013368371583055705, 1, -4.4703497792397684e-08, 7.450581307466564e-08, 7.078052988163108e-08, 0.9374235272407532, 0.3481908440589905, 1.1012892286998976e-07, -0.3481913208961487, 0.9374237060546875),
            ["RightUpperLeg"] = CFrame.new(0, 3.203749656677246e-07, -6.129994289949536e-08, 0.8887109756469727, -0.09123877435922623, -0.4492974579334259, 0.0870063379406929, 0.9957526326179504, -0.030108949169516563, 0.4501364529132843, -0.012333725579082966, 0.8928747773170471),
            ["LeftLowerLeg"] = CFrame.new(-4.842877388000488e-08, 0.000003814697265625, 0.000013336539268493652, 1, 8.940698847936801e-08, -3.725291186640334e-09, -4.7497451305389404e-08, 0.8670338988304138, 0.4982494115829468, 7.450580596923828e-09, -0.4982491731643677, 0.8670337796211243),
        }},
        {Time = 0.033, Data = {
            ["LeftFoot"] = CFrame.new(5.960464477539063e-08, -5.960464477539063e-08, -4.470348358154297e-08, 0.9992167353630066, -0.038500141352415085, 0.009150047786533833, 0.039540451020002365, 0.9806746244430542, -0.1916089802980423, -0.001596661633811891, 0.1918206512928009, 0.9814287424087524),
            ["LeftLowerArm"] = CFrame.new(-0.0005037784576416016, -0.00009995698928833008, -2.682209014892578e-07, 1, 9.313224325069314e-08, -4.098982913092186e-07, -1.415610029198433e-07, 0.9889159202575684, -0.14847710728645325, 3.157182675295189e-07, 0.14847710728645325, 0.9889158606529236),
            ["RightUpperArm"] = CFrame.new(-0.0160214900970459, -0.056461215019226074, 5.960464477539063e-08, 0.9670014381408691, -0.11922312527894974, 0.22514986991882324, 0.05788717791438103, 0.9634517431259155, 0.2615530788898468, -0.2481076419353485, -0.23988890647888184, 0.9385614395141602),
            ["Head"] = CFrame.new(-3.725290298461914e-09, 1.1920928955078125e-07, 6.705522537231445e-08, 0.9491572976112366, 0.017551401630043983, 0.3143124282360077, 0.01952819898724556, 0.9932389259338379, -0.1144341304898262, -0.31419581174850464, 0.11475394666194916, 0.9423972964286804),
            ["LowerTorso"] = CFrame.new(0.03563932701945305, -0.06455051898956299, 0.3100186884403229, 0.9332786798477173, -0.014375315047800541, -0.35886523127555847, 0.017807185649871826, 0.9998219013214111, 0.006259493995457888, 0.358711302280426, -0.012232230976223946, 0.9333685040473938),
            ["UpperTorso"] = CFrame.new(2.0489096641540527e-08, -8.940696716308594e-08, -1.862645149230957e-08, 0.9994145035743713, -0.009794539771974087, -0.03278326615691185, 0.01290917582809925, 0.9952796101570129, 0.09618667513132095, 0.03168638050556183, -0.09655356407165527, 0.9948233366012573),
            ["HumanoidRootPart"] = CFrame.new(0, 0, 0, 1, 0, 0, 0, 1, 0, 0, 0, 1),
            ["LeftUpperLeg"] = CFrame.new(0, -8.521601557731628e-08, 5.21540641784668e-08, 0.980216383934021, 0.12387758493423462, -0.15437051653862, -0.16891056299209595, 0.9300994277000427, -0.3261663615703583, 0.10317546874284744, 0.3457883596420288, 0.9326227903366089),
            ["LeftUpperArm"] = CFrame.new(0.0160214900970459, -0.05646085739135742, -2.9802322387695312e-08, 0.9700170755386353, 0.13598108291625977, -0.2014315128326416, -0.12191233783960342, 0.9892517328262329, 0.08073838800191879, 0.21024833619594574, -0.05376065522432327, 0.9761694073677063),
            ["RightLowerArm"] = CFrame.new(0.0000034570693969726562, -6.556510925292969e-07, -1.1920928955078125e-07, 1, -1.3597311010471458e-07, 3.8184231243576505e-07, 1.7182905764911993e-07, 0.9969475269317627, -0.07807507365942001, -3.799796957082435e-07, 0.07807503640651703, 0.9969475865364075),
            ["LeftHand"] = CFrame.new(-2.9802322387695312e-08, 0.0000998377799987793, -1.2293457984924316e-07, 0.9967921376228333, 0.07789141684770584, -0.018397271633148193, -0.08002550154924393, 0.9734483957290649, -0.21446242928504944, 0.0012040315195918083, 0.21524666249752045, 0.9765589833259583),
            ["RightFoot"] = CFrame.new(5.029141902923584e-08, 3.5762786865234375e-07, 9.85528458841145e-08, 0.9991838932037354, 0.037064842879772186, -0.01605411246418953, -0.04020468145608902, 0.9508808851242065, -0.30693507194519043, 0.003889072686433792, 0.30733025074005127, 0.9515950679779053),
            ["RightHand"] = CFrame.new(2.5331974029541016e-07, -4.172325134277344e-07, -2.384185791015625e-07, 0.9970062971115112, -0.07668426632881165, -0.00989759061485529, 0.07669980078935623, 0.9970535039901733, 0.0012009997153654695, 0.009776324965059757, -0.0019565746188163757, 0.9999503493309021),
            ["RightLowerLeg"] = CFrame.new(-1.4901161193847656e-08, -0.0000037550926208496094, -0.000013230535842012614, 1, -1.0430815677864302e-07, 6.332992796842518e-08, 1.5273690223693848e-07, 0.9152151942253113, 0.40296533703804016, -1.3969838619232178e-08, -0.40296563506126404, 0.915215253829956),
            ["RightUpperLeg"] = CFrame.new(0, 3.152526915073395e-07, -4.453613655641675e-08, 0.8913909792900085, -0.11369302123785019, -0.43874391913414, 0.09630002826452255, 0.9934332370758057, -0.0617796890437603, 0.4428865313529968, 0.012818689458072186, 0.8964860439300537),
            ["LeftLowerLeg"] = CFrame.new(4.470348358154297e-08, 0.000003933906555175781, 0.000013321638107299805, 1, -2.2351741790771484e-08, 1.3411046495548362e-07, -1.4901161193847656e-08, 0.8528132438659668, 0.5222163796424866, 1.1175870895385742e-08, -0.5222159624099731, 0.8528131246566772),
        }},
        {Time = 0.067, Data = {
            ["LeftFoot"] = CFrame.new(-4.470348358154297e-08, 0, 2.9802322387695312e-08, 0.9982156753540039, -0.05946628376841545, 0.005424794275313616, 0.05944192036986351, 0.9809213876724243, -0.18509380519390106, 0.0056854537688195705, 0.1850864440202713, 0.9827058911323547),
            ["LeftLowerArm"] = CFrame.new(-0.0005040764808654785, -0.00010019540786743164, -3.8743019104003906e-07, 1, 6.89178563106907e-08, -4.0431035586152575e-07, -1.3411042232291948e-07, 0.9840155243873596, -0.17808251082897186, 4.088505249910668e-07, 0.17808246612548828, 0.9840155243873596),
            ["RightUpperArm"] = CFrame.new(-0.01602160930633545, -0.056461334228515625, 5.960464477539063e-08, 0.9699716567993164, -0.11225423216819763, 0.21576008200645447, 0.05655112490057945, 0.9668976664543152, 0.24881915748119354, -0.23655226826667786, -0.22914612293243408, 0.9442122578620911),
            ["Head"] = CFrame.new(-7.450580596923828e-09, -2.384185791015625e-07, 5.774199962615967e-08, 0.9460068941116333, 0.012273059226572514, 0.3239139914512634, 0.026140965521335602, 0.9931395649909973, -0.1139758974313736, -0.32309064269065857, 0.1162894070148468, 0.9391960501670837),
            ["LowerTorso"] = CFrame.new(0.0074883680790662766, -0.08959794044494629, 0.2675759792327881, 0.94184809923172, -0.005658854730427265, -0.3359912037849426, 0.009357385337352753, 0.9999122023582458, 0.009389764629304409, 0.33590856194496155, -0.011987732723355293, 0.9418182969093323),
            ["UpperTorso"] = CFrame.new(2.0023435354232788e-08, 3.2782554626464844e-07, -4.959292709827423e-08, 0.99758380651474, -0.012790032662451267, -0.06828583031892776, 0.0209891926497221, 0.9924622774124146, 0.12074027210474014, 0.06622689217329025, -0.12188177555799484, 0.9903327226638794),
            ["HumanoidRootPart"] = CFrame.new(0, 0, 0, 1, 0, 0, 0, 1, 0, 0, 0, 1),
            ["LeftUpperLeg"] = CFrame.new(2.9802322387695312e-08, 1.4936085790395737e-07, -1.862645149230957e-09, 0.9828447103500366, 0.11385922133922577, -0.14509443938732147, -0.16361071169376373, 0.9013773798942566, -0.4009370803833008, 0.0851345807313919, 0.41779765486717224, 0.9045425057411194),
            ["LeftUpperArm"] = CFrame.new(0.0160214900970459, -0.056461453437805176, 2.9802322387695312e-08, 0.9731677770614624, 0.13130708038806915, -0.1889491230249405, -0.11906678229570389, 0.9900655746459961, 0.07478944212198257, 0.1968953013420105, -0.05028511956334114, 0.979134738445282),
            ["RightLowerArm"] = CFrame.new(0.000003337860107421875, 2.384185791015625e-07, 5.662441253662109e-07, 1, -1.043081283569336e-07, 3.9115553818191984e-07, 1.6856940021625633e-07, 0.990696907043457, -0.1360868662595749, -3.743917318388412e-07, 0.13608691096305847, 0.990696907043457),
            ["LeftHand"] = CFrame.new(-1.4901161193847656e-08, 0.00009959936141967773, -3.725290298461914e-08, 0.9948541522026062, 0.1012583076953888, 0.003487927373498678, -0.09878284484148026, 0.9770357608795166, -0.18879367411136627, -0.022524690255522728, 0.18747757375240326, 0.9820106625556946),
            ["RightFoot"] = CFrame.new(1.0058283805847168e-07, 4.172325134277344e-07, 5.3849362302571535e-08, 0.9983763098716736, 0.053853604942560196, -0.018565988168120384, -0.056898996233940125, 0.9272222518920898, -0.37016385793685913, -0.0027199501637369394, 0.370619535446167, 0.9287810325622559),
            ["RightHand"] = CFrame.new(1.341104507446289e-07, 2.384185791015625e-07, -7.450580596923828e-08, 0.9952192902565002, -0.09029010683298111, -0.03723348304629326, 0.08920996636152267, 0.9955693483352661, -0.029720311984419823, 0.03975200280547142, 0.026256613433361053, 0.9988645911216736),
            ["RightLowerLeg"] = CFrame.new(1.4901161193847656e-08, -0.0000036954879760742188, -0.000013230535842012614, 1, -8.940694584680386e-08, 2.6077035641947077e-08, 3.5855915569982244e-08, 0.8579078316688538, 0.5138035416603088, -2.4214383387288763e-08, -0.5138036608695984, 0.8579079508781433),
            ["RightUpperLeg"] = CFrame.new(0, 7.855705916881561e-07, -4.639878170564771e-08, 0.8970157504081726, -0.16299434006214142, -0.4108475148677826, 0.12057750672101974, 0.9845054149627686, -0.12731967866420746, 0.42523401975631714, 0.0646686777472496, 0.9027702212333679),
            ["LeftLowerLeg"] = CFrame.new(7.450580596923828e-08, 0.000003933906555175781, 0.000013321638107299805, 1, 5.5879340266073996e-08, -1.8626447051417472e-09, -4.842877388000488e-08, 0.8178812861442566, 0.5753867030143738, -2.9802322387695312e-08, -0.5753870010375977, 0.8178815245628357),
        }},
        {Time = 0.100, Data = {
            ["LeftFoot"] = CFrame.new(-1.1548399925231934e-07, 5.960464477539063e-08, -3.725290298461914e-09, 0.996676504611969, -0.08145163208246231, -0.0013360745506361127, 0.08007439225912094, 0.9825752377510071, -0.16773256659507751, 0.014974743127822876, 0.16706790030002594, 0.985831618309021),
            ["LeftLowerArm"] = CFrame.new(-0.0005036592483520508, -0.0000997781753540039, -5.066394805908203e-07, 1, 3.3527612686157227e-08, -4.3409818317741156e-07, -1.1920927533992653e-07, 0.9738209247589111, -0.22731687128543854, 2.887099697090889e-07, 0.22731684148311615, 0.9738209247589111),
            ["RightUpperArm"] = CFrame.new(-0.0160214900970459, -0.056461215019226074, 5.960464477539063e-08, 0.9735710024833679, -0.10304882377386093, 0.20381149649620056, 0.05495002120733261, 0.9718952178955078, 0.22891129553318024, -0.2216755747795105, -0.2116619348526001, 0.9518721699714661),
            ["Head"] = CFrame.new(-7.450580596923828e-09, 1.1920928955078125e-07, 5.8673322200775146e-08, 0.9417113065719604, 0.004715964198112488, 0.3363892138004303, 0.03574616461992264, 0.9928387999534607, -0.11398930847644806, -0.3345177471637726, 0.11936967074871063, 0.9347988367080688),
            ["LowerTorso"] = CFrame.new(-0.030493877828121185, -0.12552344799041748, 0.21240048110485077, 0.9526844024658203, 0.00635552266612649, -0.30389508605003357, -0.002280234359204769, 0.9999027252197266, 0.013763172551989555, 0.30395302176475525, -0.01241900771856308, 0.9526060819625854),
            ["UpperTorso"] = CFrame.new(2.7939677238464355e-08, 8.940696716308594e-08, 4.6566128730773926e-09, 0.9933084845542908, -0.015168020501732826, -0.11449186503887177, 0.032930679619312286, 0.9873827695846558, 0.1548902839422226, 0.1106979101896286, -0.15762408077716827, 0.9812750816345215),
            ["HumanoidRootPart"] = CFrame.new(0, 0, 0, 1, 0, 0, 0, 1, 0, 0, 0, 1),
            ["LeftUpperLeg"] = CFrame.new(0, -2.7602072805166245e-07, 2.421438694000244e-08, 0.9868758320808411, 0.1001628041267395, -0.12666307389736176, -0.15023547410964966, 0.8570985794067383, -0.4927588105201721, 0.05920668691396713, 0.5053212642669678, 0.860897958278656),
            ["LeftUpperArm"] = CFrame.new(0.016021370887756348, -0.05646097660064697, 2.9802322387695312e-08, 0.9770900011062622, 0.125141903758049, -0.1721440553665161, -0.1154199168086052, 0.9911605715751648, 0.06541495025157928, 0.17881110310554504, -0.04404740780591965, 0.9828974008560181),
            ["RightLowerArm"] = CFrame.new(0.000003337860107421875, -4.76837158203125e-07, -1.7881393432617188e-07, 1, -9.12696123123169e-08, 4.1164463482346036e-07, 1.788139627478813e-07, 0.9769830107688904, -0.2133171111345291, -3.743917318388412e-07, 0.2133171260356903, 0.9769831299781799),
            ["LeftHand"] = CFrame.new(1.1175870895385742e-07, 0.00009995698928833008, -8.055940270423889e-08, 0.9907634854316711, 0.1315673142671585, 0.03283243626356125, -0.12497936189174652, 0.9799210429191589, -0.15535448491573334, -0.05261265113949776, 0.14981617033481598, 0.9873130917549133),
            ["RightFoot"] = CFrame.new(3.725290298461914e-09, 2.384185791015625e-07, 7.620110409334302e-08, 0.9967864155769348, 0.07683133333921432, -0.02267034538090229, -0.0789371132850647, 0.8939281702041626, -0.44120413064956665, -0.013632914051413536, 0.44157615303993225, 0.8971204161643982),
            ["RightHand"] = CFrame.new(-4.470348358154297e-08, -4.76837158203125e-07, -2.9802322387695312e-08, 0.9912217259407043, -0.10990998148918152, -0.07347994297742844, 0.10460115224123001, 0.9918627738952637, -0.07257329672574997, 0.08085861057043076, 0.06425014138221741, 0.9946526885032654),
            ["RightLowerLeg"] = CFrame.new(2.9802322387695312e-08, -0.0000035762786865234375, -0.00001337954745395109, 1, -2.5331982556053845e-07, -8.94070240065048e-08, 2.533197687171196e-07, 0.7798652052879333, 0.6259471774101257, -1.1734665861240501e-07, -0.6259475946426392, 0.7798655033111572),
            ["RightUpperLeg"] = CFrame.new(0, 4.330649971961975e-08, -2.7772330213338137e-08, 0.9019447565078735, -0.21893134713172913, -0.37224268913269043, 0.15445798635482788, 0.9684926867485046, -0.19535812735557556, 0.4032847583293915, 0.11870620399713516, 0.9073426723480225),
            ["LeftLowerLeg"] = CFrame.new(2.9802322387695312e-08, 0.000003814697265625, 0.000013276934623718262, 1, 1.005828522693264e-07, 5.2154071283894154e-08, -8.940698137394065e-08, 0.7743176817893982, 0.6327975988388062, 4.4703490686970326e-08, -0.6327971816062927, 0.7743172645568848),
        }},
        {Time = 0.133, Data = {
            ["LeftFoot"] = CFrame.new(-7.450580596923828e-09, 1.1920928955078125e-07, -6.332993507385254e-08, 0.9953725337982178, -0.09562299400568008, -0.009474733844399452, 0.09330042451620102, 0.9853441715240479, -0.14280001819133759, 0.022990757599473, 0.14125551283359528, 0.9897062182426453),
            ["LeftLowerArm"] = CFrame.new(-0.0005038976669311523, -0.0001004934310913086, -2.980232238769531e-07, 1, 1.30385160446167e-08, -3.756721866920998e-07, -1.2293455142753373e-07, 0.9552569389343262, -0.29577723145484924, 3.073363643579796e-07, 0.29577726125717163, 0.9552569389343262),
            ["RightUpperArm"] = CFrame.new(-0.016021430492401123, -0.05646097660064697, 2.086162567138672e-07, 0.9768528938293457, -0.09352932870388031, 0.19237835705280304, 0.053664430975914, 0.9777373671531677, 0.20285403728485107, -0.2070712298154831, -0.1878347098827362, 0.9601254463195801),
            ["Head"] = CFrame.new(1.30385160446167e-08, -1.1920928955078125e-07, 1.2945383787155151e-07, 0.9371552467346191, -0.004090586677193642, 0.3488886058330536, 0.047200340777635574, 0.9922258257865906, -0.11515211313962936, -0.3457052409648895, 0.12438307702541351, 0.9300628304481506),
            ["LowerTorso"] = CFrame.new(-0.07099613547325134, -0.1675649881362915, 0.15722498297691345, 0.9633061289787292, 0.019554393365979195, -0.26769185066223145, -0.015065995045006275, 0.9997096061706543, 0.01881098747253418, 0.2679819166660309, -0.014087694697082043, 0.9633210301399231),
            ["UpperTorso"] = CFrame.new(3.3527612686157227e-08, -1.1920928955078125e-07, -7.450580596923828e-09, 0.9869045615196228, -0.015458212234079838, -0.1605629324913025, 0.04678810387849808, 0.9800370335578918, 0.19323129951953888, 0.15437062084674835, -0.19821329414844513, 0.9679263234138489),
            ["HumanoidRootPart"] = CFrame.new(0, 0, 0, 1, 0, 0, 0, 1, 0, 0, 0, 1),
            ["LeftUpperLeg"] = CFrame.new(0, -2.4380278773605824e-07, 3.725290298461914e-09, 0.9913824200630188, 0.08448371291160583, -0.10011646896600723, -0.12722717225551605, 0.8030283451080322, -0.5822018384933472, 0.031209927052259445, 0.5899221301078796, 0.8068567514419556),
            ["LeftUpperArm"] = CFrame.new(0.016021430492401123, -0.05646097660064697, 1.1920928955078125e-07, 0.9808465838432312, 0.11883465945720673, -0.15432967245578766, -0.1118815615773201, 0.9923063516616821, 0.05301900953054428, 0.15944510698318481, -0.03473685309290886, 0.9865959286689758),
            ["RightLowerArm"] = CFrame.new(0.0000030994415283203125, -6.556510925292969e-07, -8.940696716308594e-08, 1, -5.774199962615967e-08, 4.2002653799499967e-07, 1.7508864402770996e-07, 0.955928385257721, -0.2935999035835266, -3.688037395477295e-07, 0.293599933385849, 0.955928385257721),
            ["LeftHand"] = CFrame.new(1.2665987014770508e-07, 0.00009971857070922852, 2.2351741790771484e-08, 0.9847264289855957, 0.16226227581501007, 0.06312618404626846, -0.15377765893936157, 0.980582058429718, -0.12170182913541794, -0.08164800703525543, 0.11013562977313995, 0.9905573129653931),
            ["RightFoot"] = CFrame.new(-1.1175870895385742e-08, 3.5762786865234375e-07, -2.8107024263590574e-08, 0.9944164752960205, 0.10171204060316086, -0.028117429465055466, -0.10182525962591171, 0.8548930883407593, -0.50871342420578, -0.027704399079084396, 0.5087361931800842, 0.8604766130447388),
            ["RightHand"] = CFrame.new(2.7567148208618164e-07, -5.960464477539063e-08, -2.086162567138672e-07, 0.9849447011947632, -0.13240933418273926, -0.11113914102315903, 0.11898805946111679, 0.9856446385383606, -0.11977694928646088, 0.1254032552242279, 0.10474942624568939, 0.9865605235099792),
            ["RightLowerLeg"] = CFrame.new(4.470348358154297e-08, -0.0000037550926208496094, -0.000013170931197237223, 1, -2.0861631355728605e-07, -2.3841863594498136e-07, 2.3469328880310059e-07, 0.6934188604354858, 0.72053462266922, -2.2351741790771484e-08, -0.7205348610877991, 0.6934190392494202),
            ["RightUpperLeg"] = CFrame.new(-2.9802322387695312e-08, 3.287568688392639e-07, -4.267349140718579e-08, 0.9033592343330383, -0.27192074060440063, -0.3316648304462433, 0.1919020265340805, 0.9478596448898315, -0.25443217158317566, 0.3835567533969879, 0.1661963164806366, 0.9084398150444031),
            ["LeftLowerLeg"] = CFrame.new(-5.960464477539063e-08, 0.000003874301910400391, 0.000013366341590881348, 1, 4.6566128730773926e-08, 2.0489096641540527e-08, -1.0803340444454079e-07, 0.7296309471130371, 0.6838412284851074, 4.470347647611561e-08, -0.6838411092758179, 0.7296309471130371),
        }},
        {Time = 0.167, Data = {
            ["LeftFoot"] = CFrame.new(-3.3527612686157227e-08, -1.1920928955078125e-07, 4.842877388000488e-08, 0.9950907230377197, -0.09774285554885864, -0.015522034838795662, 0.0951424092054367, 0.9879729151725769, -0.1218918114900589, 0.027249407023191452, 0.11981659382581711, 0.9924221038818359),
            ["LeftLowerArm"] = CFrame.new(-0.0005038976669311523, -0.00010061264038085938, -4.76837158203125e-07, 1, -1.6763808119435453e-08, -3.960448680118134e-07, -1.0244546899684792e-07, 0.9239482879638672, -0.3825176954269409, 4.358589080766251e-07, 0.38251766562461853, 0.9239482283592224),
            ["RightUpperArm"] = CFrame.new(-0.0160214900970459, -0.05646097660064697, 1.7881393432617188e-07, 0.9790801405906677, -0.08545118570327759, 0.1846596747636795, 0.05348408594727516, 0.9837081432342529, 0.17163288593292236, -0.1963202953338623, -0.15816594660282135, 0.9676999449729919),
            ["Head"] = CFrame.new(7.450580596923828e-09, 0, 2.2444874048233032e-07, 0.9333906769752502, -0.013129021972417831, 0.3586215376853943, 0.059367645531892776, 0.9912101030349731, -0.11822940409183502, -0.35391703248023987, 0.13164474070072174, 0.9259656667709351),
            ["LowerTorso"] = CFrame.new(-0.1067071259021759, -0.2109605073928833, 0.11478227376937866, 0.972011148929596, 0.03179566189646721, -0.232773095369339, -0.026888294145464897, 0.9993448853492737, 0.024225782603025436, 0.23339086771011353, -0.01728885993361473, 0.9722293019294739),
            ["UpperTorso"] = CFrame.new(3.166496753692627e-08, -8.940696716308594e-08, -1.6763806343078613e-08, 0.9805572032928467, -0.013474143110215664, -0.19577071070671082, 0.05944439396262169, 0.9711604714393616, 0.2308979034423828, 0.1870136559009552, -0.2380460649728775, 0.9530792832374573),
            ["HumanoidRootPart"] = CFrame.new(0, 0, 0, 1, 0, 0, 0, 1, 0, 0, 0, 1),
            ["LeftUpperLeg"] = CFrame.new(2.9802322387695312e-08, -4.4284024625085294e-07, 2.0721927285194397e-08, 0.995121955871582, 0.0679318830370903, -0.07153733819723129, -0.09826740622520447, 0.7465800046920776, -0.6579984426498413, 0.008709372952580452, 0.6618183851242065, 0.7496136426925659),
            ["LeftUpperArm"] = CFrame.new(0.0160214900970459, -0.05646109580993652, 2.086162567138672e-07, 0.9837580919265747, 0.1137007474899292, -0.13889369368553162, -0.10944260656833649, 0.9932685494422913, 0.037949662655591965, 0.1422756165266037, -0.022132404148578644, 0.989579975605011),
            ["RightLowerArm"] = CFrame.new(0.0000034570693969726562, -0.0000011324882507324219, 8.940696716308594e-08, 1, -3.91155481338501e-08, 4.1676685214042664e-07, 1.825392246246338e-07, 0.9323202967643738, -0.3616337180137634, -3.650784492492676e-07, 0.36163368821144104, 0.932320237159729),
            ["LeftHand"] = CFrame.new(1.6391277313232422e-07, 0.0000997781753540039, -9.685754776000977e-08, 0.9783357977867126, 0.18782946467399597, 0.08705858886241913, -0.17954112589359283, 0.979160487651825, -0.09492029994726181, -0.10307306051254272, 0.07723341882228851, 0.9916707873344421),
            ["RightFoot"] = CFrame.new(1.0058283805847168e-07, 3.5762786865234375e-07, 3.149762051180005e-08, 0.9916889667510986, 0.1241111308336258, -0.03390594199299812, -0.12136337906122208, 0.8149043321609497, -0.5667462944984436, -0.04270950332283974, 0.5661514401435852, 0.8231944441795349),
            ["RightHand"] = CFrame.new(2.2351741790771484e-08, -1.1920928955078125e-07, -1.6391277313232422e-07, 0.9776672124862671, -0.15367068350315094, -0.143360435962677, 0.1297692209482193, 0.9779959917068481, -0.16335159540176392, 0.16530825197696686, 0.1410997062921524, 0.9760963916778564),
            ["RightLowerLeg"] = CFrame.new(-6.705522537231445e-08, -0.0000032186508178710938, -0.000013215634680818766, 1, -4.917382625535538e-07, -2.0116577559292637e-07, 4.5448553009919124e-07, 0.6067549586296082, 0.7948886156082153, -3.6507853451439587e-07, -0.794888973236084, 0.6067553758621216),
            ["RightUpperLeg"] = CFrame.new(-2.9802322387695312e-08, 1.471489667892456e-07, 1.3205863069742918e-08, 0.8997098207473755, -0.3183179795742035, -0.29865705966949463, 0.2261512130498886, 0.9251775145530701, -0.3047986328601837, 0.37333375215530396, 0.2066885381937027, 0.9043791890144348),
            ["LeftLowerLeg"] = CFrame.new(-4.470348358154297e-08, 0.000004351139068603516, 0.000013262033462524414, 1, 3.166497108963995e-08, -4.6566135836201283e-08, -1.862645326866641e-08, 0.6839083433151245, 0.7295682430267334, -5.960465188081798e-08, -0.7295678853988647, 0.6839081048965454),
        }},
        {Time = 0.200, Data = {
            ["LeftFoot"] = CFrame.new(-5.587935447692871e-08, -5.960464477539063e-08, -3.725290298461914e-09, 0.9959599375724792, -0.08829726278781891, -0.01635557785630226, 0.08567750453948975, 0.9888990521430969, -0.12140069156885147, 0.026893697679042816, 0.11950885504484177, 0.9924688935279846),
            ["LeftLowerArm"] = CFrame.new(-0.0005037784576416016, -0.00010061264038085938, -2.980232238769531e-07, 1, -4.0978193283081055e-08, -2.966262115933205e-07, -1.247971965767647e-07, 0.8741969466209412, -0.48557162284851074, 3.6135307368567737e-07, 0.4855716824531555, 0.8741968870162964),
            ["RightUpperArm"] = CFrame.new(-0.016021549701690674, -0.05646157264709473, -8.195638656616211e-08, 0.979637622833252, -0.08030804991722107, 0.1840103268623352, 0.05549921840429306, 0.9891232848167419, 0.13621671497821808, -0.1929510086774826, -0.12323065102100372, 0.9734399318695068),
            ["Head"] = CFrame.new(-2.1420419216156006e-08, -4.76837158203125e-07, -1.4528632164001465e-07, 0.931602954864502, -0.02143041603267193, 0.3628453314304352, 0.07109520584344864, 0.9897218942642212, -0.12408143281936646, -0.35645684599876404, 0.14139115810394287, 0.9235514402389526),
            ["LowerTorso"] = CFrame.new(-0.13031549751758575, -0.25094807147979736, 0.0978052020072937, 0.9779598116874695, 0.040970057249069214, -0.20473425090312958, -0.035571373999118805, 0.9989173412322998, 0.029981929808855057, 0.20574094355106354, -0.022038444876670837, 0.9783583283424377),
            ["UpperTorso"] = CFrame.new(2.421438694000244e-08, 2.980232238769531e-07, -1.4901161193847656e-08, 0.9776923656463623, -0.010291644372045994, -0.20978979766368866, 0.06671854853630066, 0.9622880220413208, 0.2637244164943695, 0.199164018034935, -0.27183812856674194, 0.9415082335472107),
            ["HumanoidRootPart"] = CFrame.new(0, 0, 0, 1, 0, 0, 0, 1, 0, 0, 0, 1),
            ["LeftUpperLeg"] = CFrame.new(-5.960464477539063e-08, -1.8633727449923754e-08, 2.2817403078079224e-08, 0.997387707233429, 0.05140358954668045, -0.050749581307172775, -0.0722186416387558, 0.6948308348655701, -0.7155381441116333, -0.0015191376442089677, 0.7173337936401367, 0.6967277526855469),
            ["LeftUpperArm"] = CFrame.new(0.0160214900970459, -0.056461215019226074, -2.9802322387695312e-08, 0.9853774309158325, 0.11096250265836716, -0.1292984038591385, -0.10922098904848099, 0.993806004524231, 0.020510122179985046, 0.13077524304389954, -0.0060881986282765865, 0.9913936853408813),
            ["RightLowerArm"] = CFrame.new(0.000003337860107421875, -0.0000015497207641601562, -1.4901161193847656e-07, 1, -2.7474019503870295e-08, 4.154863404437492e-07, 1.8998983364326705e-07, 0.914849042892456, -0.4037961959838867, -3.576279254957626e-07, 0.4037961959838867, 0.914849042892456),
            ["LeftHand"] = CFrame.new(-7.450580596923828e-08, 0.00009965896606445312, 2.9802322387695312e-08, 0.9742265343666077, 0.20372368395328522, 0.09684652090072632, -0.19623729586601257, 0.9771645069122314, -0.08148935437202454, -0.1112363338470459, 0.060384251177310944, 0.9919577836990356),
            ["RightFoot"] = CFrame.new(1.4901161193847656e-08, 3.5762786865234375e-07, 6.129994289949536e-08, 0.9894809722900391, 0.13958588242530823, -0.03799086809158325, -0.1335400491952896, 0.7803512215614319, -0.6109161376953125, -0.05562904477119446, 0.6095635890960693, 0.7907832860946655),
            ["RightHand"] = CFrame.new(1.043081283569336e-07, -1.1920928955078125e-07, -1.7881393432617188e-07, 0.9718761444091797, -0.16879647970199585, -0.16420944035053253, 0.13569724559783936, 0.9713077545166016, -0.19531403481960297, 0.19246622920036316, 0.16753825545310974, 0.9668959975242615),
            ["RightLowerLeg"] = CFrame.new(1.1548399925231934e-07, -0.0000040531158447265625, -0.000013290140486788005, 1, -8.940698137394065e-08, -2.980233304583635e-08, -4.470348358154297e-08, 0.524086058139801, 0.8516650795936584, -9.685754776000977e-08, -0.8516653776168823, 0.5240864753723145),
            ["RightUpperLeg"] = CFrame.new(5.960464477539063e-08, 6.300397217273712e-07, -2.7772330213338137e-08, 0.8902848362922668, -0.3573235869407654, -0.28233447670936584, 0.2499271184206009, 0.901623547077179, -0.3530041575431824, 0.38069605827331543, 0.2437107115983963, 0.8920063972473145),
            ["LeftLowerLeg"] = CFrame.new(-5.960464477539063e-08, 0.000003814697265625, 0.000013306736946105957, 1, 8.754430069757291e-08, 2.7939672797572257e-09, -3.7252888773764425e-08, 0.6305825114250183, 0.7761224508285522, -6.705520405603238e-08, -0.7761222124099731, 0.6305822730064392),
        }},
        {Time = 0.233, Data = {
            ["LeftFoot"] = CFrame.new(3.725290298461914e-08, -5.960464477539063e-08, 1.043081283569336e-07, 0.9969472289085388, -0.07662945985794067, -0.014979320578277111, 0.07397838681936264, 0.9883930683135986, -0.13268956542015076, 0.024973267689347267, 0.13117636740207672, 0.9910444617271423),
            ["LeftLowerArm"] = CFrame.new(-0.0005038976669311523, -0.00010013580322265625, -2.384185791015625e-07, 1, -1.2665985593685036e-07, -3.2596287269370805e-07, -1.1548398504146462e-07, 0.8003551959991455, -0.5995261073112488, 4.1536981143508456e-07, 0.5995261669158936, 0.8003551959991455),
            ["RightUpperArm"] = CFrame.new(-0.0160214900970459, -0.056461215019226074, 1.5832483768463135e-07, 0.9743174314498901, -0.08200182020664215, 0.2097143679857254, 0.06179438903927803, 0.992948591709137, 0.10116690397262573, -0.21653448045253754, -0.0856095477938652, 0.9725149869918823),
            ["Head"] = CFrame.new(2.0489096641540527e-08, 0, 1.210719347000122e-07, 0.9441807866096497, -0.027974920347332954, 0.32823804020881653, 0.08825643360614777, 0.9814451336860657, -0.17022453248500824, -0.31738555431365967, 0.18969182670116425, 0.929130494594574),
            ["LowerTorso"] = CFrame.new(-0.13865947723388672, -0.28509366512298584, 0.10016576945781708, 0.9816192388534546, 0.04467444494366646, -0.1855480968952179, -0.039036933332681656, 0.9986616969108582, 0.03392789512872696, 0.18681548535823822, -0.0260610431432724, 0.982049286365509),
            ["UpperTorso"] = CFrame.new(1.6763806343078613e-08, 5.960464477539063e-08, 7.450580596923828e-09, 0.9809431433677673, -0.0038893260061740875, -0.1942562758922577, 0.06149093061685562, 0.9546229243278503, 0.29139992594718933, 0.1843082159757614, -0.2977917194366455, 0.9366700649261475),
            ["HumanoidRootPart"] = CFrame.new(0, 0, 0, 1, 0, 0, 0, 1, 0, 0, 0, 1),
            ["LeftUpperLeg"] = CFrame.new(-5.960464477539063e-08, -1.1529482435435057e-07, 2.8870999813079834e-08, 0.9980801939964294, 0.03621656820178032, -0.05024275183677673, -0.06172160059213638, 0.6489452719688416, -0.7583274841308594, 0.005140865221619606, 0.7599726319313049, 0.6499346494674683),
            ["LeftUpperArm"] = CFrame.new(0.016021549701690674, -0.056461215019226074, 2.9802322387695312e-08, 0.9851534366607666, 0.11433371901512146, -0.12806221842765808, -0.11519746482372284, 0.9933425188064575, 0.0006721580866724253, 0.1272883415222168, 0.0140902791172266, 0.9917659163475037),
            ["RightLowerArm"] = CFrame.new(0.0000036954879760742188, -3.5762786865234375e-07, -2.8312206268310547e-07, 1, -2.1420420992512845e-08, 4.0511810084353783e-07, 1.94646418094635e-07, 0.9087854623794556, -0.4172639846801758, -3.9907172322273254e-07, 0.4172638952732086, 0.9087854027748108),
            ["LeftHand"] = CFrame.new(-1.043081283569336e-07, 0.0000997781753540039, -5.960464477539063e-08, 0.9733021855354309, 0.2105652391910553, 0.09135192632675171, -0.20364007353782654, 0.9758079648017883, -0.07955975085496902, -0.10589446872472763, 0.05883266404271126, 0.9926354885101318),
            ["RightFoot"] = CFrame.new(-3.725290298461914e-08, 2.384185791015625e-07, -5.790934665128589e-08, 0.9886693954467773, 0.14522364735603333, -0.03798653185367584, -0.13608604669570923, 0.760332465171814, -0.6351178288459778, -0.06335221976041794, 0.6330914497375488, 0.7714807391166687),
            ["RightHand"] = CFrame.new(2.3283064365386963e-07, 1.1920928955078125e-07, -7.729977369308472e-08, 0.968887448310852, -0.17759595811367035, -0.17238600552082062, 0.13900023698806763, 0.9667362570762634, -0.2147091180086136, 0.20478332042694092, 0.18406729400157928, 0.9613444209098816),
            ["RightLowerLeg"] = CFrame.new(7.264316082000732e-08, -0.0000037550926208496094, -0.00001330131635768339, 1, -1.4901161193847656e-07, -4.47035120032524e-08, 1.1920930376163597e-07, 0.45214104652404785, 0.8919461369514465, -1.1920930376163597e-07, -0.8919464349746704, 0.452141672372818),
            ["RightUpperLeg"] = CFrame.new(-2.9802322387695312e-08, 4.3818727135658264e-07, 3.183231456205249e-08, 0.8781222701072693, -0.38599759340286255, -0.2826778292655945, 0.26117753982543945, 0.8817817568778992, -0.39274361729621887, 0.400858610868454, 0.2710477411746979, 0.8751261830329895),
            ["LeftLowerLeg"] = CFrame.new(8.940696716308594e-08, 0.0000036954879760742188, 0.00001329183578491211, 1, -1.2293453721667902e-07, -2.7939672797572257e-09, 3.725290298461914e-08, 0.5689975023269653, 0.8223391771316528, 1.4901161193847656e-08, -0.8223392367362976, 0.5689975619316101),
        }},
        {Time = 0.267, Data = {
            ["LeftFoot"] = CFrame.new(-6.146728992462158e-08, 1.1920928955078125e-07, 7.450580596923828e-08, 0.997614860534668, -0.06751332432031631, -0.014373071491718292, 0.06509199738502502, 0.989427924156189, -0.1295972317457199, 0.02297082357108593, 0.1283525973558426, 0.9914625287055969),
            ["LeftLowerArm"] = CFrame.new(-0.0005035400390625, -0.00010031461715698242, -2.980232238769531e-07, 1, -2.1606683731079102e-07, -3.2782554626464844e-07, -1.0430811414607888e-07, 0.7068601846694946, -0.7073533535003662, 4.0233129539046786e-07, 0.7073532938957214, 0.7068602442741394),
            ["RightUpperArm"] = CFrame.new(-0.016021549701690674, -0.05646109580993652, -1.955777406692505e-07, 0.9656880497932434, -0.09764503687620163, 0.24064595997333527, 0.0818529725074768, 0.9938340783119202, 0.0747934952378273, -0.24646879732608795, -0.05252961441874504, 0.9677270650863647),
            ["Head"] = CFrame.new(4.470348358154297e-08, 1.1920928955078125e-07, -9.685754776000977e-08, 0.9575124979019165, -0.040393583476543427, 0.28554898500442505, 0.10496169328689575, 0.9710463881492615, -0.21459749341011047, -0.26861289143562317, 0.23545147478580475, 0.9340287446975708),
            ["LowerTorso"] = CFrame.new(-0.14135393500328064, -0.3073526620864868, 0.10272356867790222, 0.9853336811065674, 0.03873679041862488, -0.16618379950523376, -0.035486385226249695, 0.9991172552108765, 0.022485120221972466, 0.16690810024738312, -0.016258085146546364, 0.9858384132385254),
            ["UpperTorso"] = CFrame.new(2.60770320892334e-08, 5.960464477539063e-08, 1.4901161193847656e-08, 0.9858876466751099, 0.010979470796883106, -0.1670486181974411, 0.04404853656888008, 0.9456732869148254, 0.32212111353874207, 0.1615101397037506, -0.3249334394931793, 0.9318437576293945),
            ["HumanoidRootPart"] = CFrame.new(0, 0, 0, 1, 0, 0, 0, 1, 0, 0, 0, 1),
            ["LeftUpperLeg"] = CFrame.new(0, 1.5826663002371788e-07, 3.725290298461914e-08, 0.997462272644043, 0.01899344101548195, -0.06861753761768341, -0.0655532255768776, 0.6210765838623047, -0.7810038924217224, 0.027782496064901352, 0.7835198044776917, 0.6207453012466431),
            ["LeftUpperArm"] = CFrame.new(0.0160214900970459, -0.05646109580993652, -2.086162567138672e-07, 0.9825336337089539, 0.11561374366283417, -0.1458093225955963, -0.12076598405838013, 0.9923151135444641, -0.02695719711482525, 0.14157426357269287, 0.044095154851675034, 0.988945484161377),
            ["RightLowerArm"] = CFrame.new(0.000003516674041748047, -7.152557373046875e-07, -1.4156103134155273e-07, 1, -1.6763806343078613e-08, 4.1253596805290726e-07, 1.9767321646213531e-07, 0.9033471941947937, -0.4289100170135498, -3.6368146538734436e-07, 0.4289100468158722, 0.9033473134040833),
            ["LeftHand"] = CFrame.new(0, 0.00010013580322265625, 1.7881393432617188e-07, 0.9728224873542786, 0.22207362949848175, 0.06557381898164749, -0.21744436025619507, 0.9734911918640137, -0.07094283401966095, -0.07959003001451492, 0.05475611239671707, 0.9953227043151855),
