return {
    ["Masked Psychic"] = {
        {Time = 0.000, Data = {
            ["LeftFoot"] = CFrame.new(1.3620592653751373e-08, 2.384185791015625e-07, -2.8312206268310547e-07, 0.9977787137031555, -0.06646605581045151, -0.00446802843362093, 0.05370324105024338, 0.8422444462776184, -0.536414623260498, 0.0394163578748703, 0.5349828600883484, 0.8439428210258484),
            ["LeftLowerArm"] = CFrame.new(-2.980232238769531e-07, 4.76837158203125e-07, -1.7881393432617188e-07, 1, -5.448237772043285e-08, 2.421439049271612e-08, 5.587935447692871e-08, 0.8268518447875977, -0.5624198317527771, 2.3283064365386963e-08, 0.5624200105667114, 0.8268518447875977),
            ["LowerTorso"] = CFrame.new(6.220425605773926, -0.2772693634033203, -0.0922166034579277, -0.059307873249053955, -0.04443090781569481, 0.9972504377365112, 0.010865292511880398, 0.9989210367202759, 0.04515151306986809, -0.998180627822876, 0.013513258658349514, -0.05876113101840019),
            ["Head"] = CFrame.new(1.4901161193847656e-08, 0, -1.2508826330304146e-07, 0.9980846643447876, 0.050948891788721085, 0.035091422498226166, -0.052951741963624954, 0.9968685507774353, 0.058731481432914734, -0.031989242881536484, -0.06047702953219414, 0.9976569414138794),
            ["RightFoot"] = CFrame.new(-8.032657206058502e-09, 2.384185791015625e-07, -3.522072802297771e-07, 0.9975874423980713, 0.06800006330013275, 0.013979047536849976, -0.0515650175511837, 0.8606269359588623, -0.5066181421279907, -0.046480853110551834, 0.5046753883361816, 0.8620571494102478),
            ["UpperTorso"] = CFrame.new(5.587935447692871e-09, 1.7881393432617188e-07, -2.3795291781425476e-07, 0.99748694896698, -0.016187895089387894, -0.06897775083780289, 0.013840463943779469, 0.9993131756782532, -0.0343749076128006, 0.0694868341088295, 0.03333381563425064, 0.9970258474349976),
            ["HumanoidRootPart"] = CFrame.new(0, 0, 0, 1, 0, 0, 0, 1, 0, 0, 0, 1),
            ["LeftUpperLeg"] = CFrame.new(8.940696716308594e-08, 4.945322871208191e-07, -5.587935447692871e-07, 0.995775580406189, 0.048021335154771805, 0.07826249301433563, -0.006011733785271645, 0.8846074342727661, -0.46629783511161804, -0.09162375330924988, 0.4638573229312897, 0.8811591863632202),
            ["LeftUpperArm"] = CFrame.new(0, -1.1920928955078125e-07, -6.537884473800659e-07, 0.09330093860626221, 0.26246848702430725, -0.9604193568229675, -0.9953476786613464, 0.04788213595747948, -0.08360856771469116, 0.024042341858148575, 0.9637518525123596, 0.2657148540019989),
            ["RightLowerArm"] = CFrame.new(-1.7881393432617188e-07, -1.1920928955078125e-07, 5.960464477539063e-08, 1, -5.215404996761208e-08, 5.587934559514451e-09, 3.91155481338501e-08, 0.8842155337333679, -0.4670790433883667, 7.450580596923828e-09, 0.4670790135860443, 0.8842155337333679),
            ["LeftHand"] = CFrame.new(1.4901161193847656e-07, 4.76837158203125e-07, 0, 0.9526663422584534, -0.2999332845211029, 0.04966919496655464, 0.26767078042030334, 0.9049638509750366, 0.3307456970214844, -0.14415059983730316, -0.3017955422401428, 0.9424118995666504),
            ["RightHand"] = CFrame.new(-1.4901161193847656e-08, -5.960464477539062e-07, 5.960464477539063e-08, 0.9135565757751465, 0.26975682377815247, -0.30437803268432617, -0.21061429381370544, 0.9540027976036072, 0.21335504949092865, 0.3479311764240265, -0.13080550730228424, 0.928350031375885),
            ["RightUpperArm"] = CFrame.new(0, 0, -7.869675755500793e-07, -0.09597735852003098, -0.18885548412799835, 0.9773033857345581, 0.9933638572692871, 0.044340796768665314, 0.10612315684556961, -0.06337641924619675, 0.9810033440589905, 0.18334649503231049),
            ["RightLowerLeg"] = CFrame.new(2.1420419216156006e-07, -0.00006085634231567383, -0.00007168779120547697, 1, -1.0151416063308716e-07, -6.565826282667331e-08, 1.210719347000122e-07, 0.548003613948822, 0.8364757895469666, -8.288770914077759e-08, -0.8364760279655457, 0.5480039715766907),
            ["RightUpperLeg"] = CFrame.new(5.960464477539063e-08, 1.648440957069397e-07, 2.029992174357176e-09, 0.9875301122665405, -0.06663989275693893, -0.14263051748275757, -0.008167847990989685, 0.8830828070640564, -0.46914613246917725, 0.15721845626831055, 0.4644607603549957, 0.8715265989303589),
            ["LeftLowerLeg"] = CFrame.new(-2.6420457288622856e-07, 0.00006085634231567383, 0.00007189810276031494, 1, 4.505273665245113e-08, 6.824848952646789e-08, -8.178176358342171e-08, 0.5211491584777832, 0.8534659147262573, 6.397021934390068e-08, -0.853465735912323, 0.521148681640625),
        }},
        {Time = 0.033, Data = {
            ["LeftFoot"] = CFrame.new(1.7666025087237358e-08, 0, -3.3527612686157227e-08, 0.9975053071975708, -0.07046953588724136, -0.004172051325440407, 0.05704305320978165, 0.8394483327865601, -0.5404373407363892, 0.04158662632107735, 0.5388510823249817, 0.8413739800453186),
            ["LeftLowerArm"] = CFrame.new(2.9802322387695312e-08, 1.1920928955078125e-07, -2.086162567138672e-07, 1, -4.516913421070967e-08, 2.3283060812673284e-08, 6.332992796842518e-08, 0.8273779153823853, -0.5616457462310791, 3.166496398421259e-08, 0.5616456866264343, 0.8273777961730957),
            ["LowerTorso"] = CFrame.new(6.200852394104004, -0.27761542797088623, -0.09287292510271072, -0.05812666937708855, -0.04988665506243706, 0.9970619678497314, 0.012692962773144245, 0.9986330270767212, 0.050705231726169586, -0.9982285499572754, 0.015602996572852135, -0.05741399899125099),
            ["Head"] = CFrame.new(0, 0, 1.0535586625337601e-07, 0.9979997277259827, 0.051307711750268936, 0.03693266212940216, -0.053276173770427704, 0.9970942139625549, 0.05444968119263649, -0.034031663089990616, -0.056308314204216, 0.9978333115577698),
            ["RightFoot"] = CFrame.new(-7.869675755500793e-08, 3.5762786865234375e-07, -1.4731631381437182e-07, 0.9974920153617859, 0.06930557638406754, 0.01436790730804205, -0.0527590773999691, 0.8633741140365601, -0.5017982125282288, -0.04718232899904251, 0.4997819662094116, 0.8648653626441956),
            ["UpperTorso"] = CFrame.new(4.0978193283081055e-08, -8.940696716308594e-08, -1.4435499906539917e-08, 0.9975324869155884, -0.014053569175302982, -0.06878550350666046, 0.011878731660544872, 0.9994196891784668, -0.03192514553666115, 0.0691942647099495, 0.03102930262684822, 0.9971205592155457),
            ["HumanoidRootPart"] = CFrame.new(0, 0, 0, 1, 0, 0, 0, 1, 0, 0, 0, 1),
            ["LeftUpperLeg"] = CFrame.new(1.1920928955078125e-07, -1.0477378964424133e-07, -9.499490261077881e-08, 0.995534360408783, 0.05170008912682533, 0.07898487895727158, -0.009294649586081505, 0.886314332485199, -0.4629906415939331, -0.09394218772649765, 0.4601892828941345, 0.8828369379043579),
            ["LeftUpperArm"] = CFrame.new(0, 1.1920928955078125e-07, 4.9639493227005e-07, 0.08875782042741776, 0.2627652585506439, -0.9607687592506409, -0.9957447648048401, 0.04741162806749344, -0.07902215421199799, 0.024787409231066704, 0.9636942744255066, 0.2658554017543793),
            ["RightLowerArm"] = CFrame.new(2.384185791015625e-07, -3.5762786865234375e-07, 4.172325134277344e-07, 1, -5.215405707303944e-08, -4.097818262494002e-08, 4.470347647611561e-08, 0.8842843174934387, -0.46694886684417725, -1.1175869119028903e-08, 0.4669489562511444, 0.8842843174934387),
            ["LeftHand"] = CFrame.new(-2.086162567138672e-07, 5.960464477539062e-07, -5.960464477539063e-08, 0.9527227878570557, -0.30034443736076355, 0.04596337676048279, 0.2690412998199463, 0.9041942358016968, 0.3317371606826782, -0.141195148229599, -0.30368760228157043, 0.9422515034675598),
            ["RightHand"] = CFrame.new(-9.685754776000977e-08, -5.960464477539062e-07, -7.450580596923828e-09, 0.9121828079223633, 0.2683768570423126, -0.3096715807914734, -0.20874224603176117, 0.9546183943748474, 0.21243934333324432, 0.3526317775249481, -0.1291418969631195, 0.9268080592155457),
            ["RightUpperArm"] = CFrame.new(0, 0, 1.6205012798309326e-07, -0.10073206573724747, -0.19008824229240417, 0.9765856862068176, 0.992871880531311, 0.04364622384309769, 0.11090760678052902, -0.0637066662311554, 0.9807963967323303, 0.18433673679828644),
            ["RightLowerLeg"] = CFrame.new(-8.754432201385498e-08, -0.00005984306335449219, -0.00007182935223681852, 1, -1.2572856178394431e-07, -7.823112468940963e-08, 1.210719347000122e-07, 0.544512152671814, 0.8387527465820312, -6.612390279769897e-08, -0.8387530446052551, 0.5445123910903931),
            ["RightUpperLeg"] = CFrame.new(0, -2.896413207054138e-07, 7.4708805186674e-07, 0.9875404238700867, -0.06435780227184296, -0.14360344409942627, -0.010453694500029087, 0.8837029337882996, -0.46793144941329956, 0.15701791644096375, 0.46360257267951965, 0.8720196485519409),
            ["LeftLowerLeg"] = CFrame.new(2.0221341401338577e-07, 0.00006020069122314453, 0.00007126480340957642, 1, 5.983748252447185e-08, 2.4330807590899894e-08, -6.146729703004894e-08, 0.5173805356025696, 0.8557554483413696, 5.320180918033657e-08, -0.8557554483413696, 0.5173805952072144),
        }},
        {Time = 0.067, Data = {
            ["LeftFoot"] = CFrame.new(6.111804395914078e-08, 0, -5.960464477539063e-08, 0.9974462985992432, -0.07134511321783066, -0.0032923792023211718, 0.058384474366903305, 0.8410688042640686, -0.5377686023712158, 0.041136082261800766, 0.5362026691436768, 0.8430860638618469),
            ["LeftLowerArm"] = CFrame.new(-1.1920928955078125e-07, 1.7881393432617188e-07, 3.5762786865234375e-07, 1, -2.9802322387695312e-08, 1.8626447051417472e-09, 4.6566135836201283e-08, 0.8272842168807983, -0.5617838501930237, 1.0244549208948683e-08, 0.5617837309837341, 0.827284038066864),
            ["LowerTorso"] = CFrame.new(6.181325435638428, -0.2784935235977173, -0.0933505967259407, -0.05487457662820816, -0.05644473433494568, 0.9968965649604797, 0.014240678399801254, 0.9982551336288452, 0.05730554088950157, -0.9983918070793152, 0.017341097816824913, -0.05397500842809677),
            ["Head"] = CFrame.new(-1.4901161193847656e-08, -1.1920928955078125e-07, -1.802109181880951e-07, 0.9977352619171143, 0.05374760553240776, 0.040443696081638336, -0.055634088814258575, 0.9973414540290833, 0.04706215858459473, -0.03780669346451759, -0.04920552298426628, 0.9980729818344116),
            ["RightFoot"] = CFrame.new(1.932494342327118e-08, 1.1920928955078125e-07, 3.1834497349336743e-07, 0.9968855381011963, 0.07763971388339996, 0.01383134163916111, -0.06105887144804001, 0.8708738088607788, -0.4876992106437683, -0.0499100536108017, 0.48533597588539124, 0.8729021549224854),
            ["UpperTorso"] = CFrame.new(7.450580596923828e-09, 1.1920928955078125e-07, 4.6938657760620117e-07, 0.9976311922073364, -0.011847333051264286, -0.06776245683431625, 0.009935683570802212, 0.9995450377464294, -0.028478771448135376, 0.06806901842355728, 0.027738036587834358, 0.9972949624061584),
            ["HumanoidRootPart"] = CFrame.new(0, 0, 0, 1, 0, 0, 0, 1, 0, 0, 0, 1),
            ["LeftUpperLeg"] = CFrame.new(0, 2.8219074010849e-07, -4.470348358154297e-07, 0.9951683878898621, 0.055149998515844345, 0.0812305212020874, -0.011275384575128555, 0.8860588669776917, -0.46343567967414856, -0.09753350168466568, 0.46028050780296326, 0.8823996186256409),
            ["LeftUpperArm"] = CFrame.new(5.960464477539063e-08, 2.384185791015625e-07, -3.9208680391311646e-07, 0.08757903426885605, 0.2633099853992462, -0.9607277512550354, -0.9958490133285522, 0.04714488238096237, -0.0778595507144928, 0.02479209192097187, 0.9635586738586426, 0.26634591817855835),
            ["RightLowerArm"] = CFrame.new(-4.172325134277344e-07, -9.5367431640625e-07, -1.7881393432617188e-07, 1, -5.587936158235607e-08, -1.862645326866641e-08, 3.539026494081554e-08, 0.8837834596633911, -0.46789637207984924, 1.862645593320167e-09, 0.4678962826728821, 0.8837834596633911),
            ["LeftHand"] = CFrame.new(2.7567148208618164e-07, -3.5762786865234375e-07, -8.940696716308594e-08, 0.9519771933555603, -0.3027004599571228, 0.04595726728439331, 0.2714342772960663, 0.9038561582565308, 0.3307079076766968, -0.14164400100708008, -0.30235162377357483, 0.9426135420799255),
            ["RightHand"] = CFrame.new(-3.725290298461914e-08, -4.76837158203125e-07, -5.960464477539063e-08, 0.9130486249923706, 0.25963324308395386, -0.314536452293396, -0.20011913776397705, 0.9571797251701355, 0.20918771624565125, 0.35537973046302795, -0.12805360555648804, 0.9259089231491089),
            ["RightUpperArm"] = CFrame.new(-5.960464477539063e-08, 0, -1.6763806343078613e-07, -0.09903047233819962, -0.1888774037361145, 0.9769946336746216, 0.9930616617202759, 0.0438118577003479, 0.10912896692752838, -0.06341583281755447, 0.9810228943824768, 0.18322819471359253),
            ["RightLowerLeg"] = CFrame.new(-2.169981598854065e-07, -0.00006020069122314453, -0.00007314437971217558, 1, -1.387670636177063e-07, -8.894134850834234e-08, 1.2479725342018355e-07, 0.5389263033866882, 0.8423526883125305, -6.3795610572015e-08, -0.8423529267311096, 0.5389266610145569),
            ["RightUpperLeg"] = CFrame.new(0, 2.3096799850463867e-07, 3.1495437724515796e-07, 0.9884037971496582, -0.0615142397582531, -0.13883130252361298, -0.011274040676653385, 0.8820207715034485, -0.47107574343681335, 0.1514299064874649, 0.4671781659126282, 0.8710991144180298),
            ["LeftLowerLeg"] = CFrame.new(-2.9336661100387573e-08, 0.000060498714447021484, 0.00007186830043792725, 1, 8.172354881708088e-08, 7.834750448409977e-08, -5.983746831361714e-08, 0.5102718472480774, 0.8600133657455444, 3.364402445527048e-08, -0.8600131869316101, 0.5102715492248535),
        }},
        {Time = 0.100, Data = {
            ["LeftFoot"] = CFrame.new(-1.3737007975578308e-08, -1.1920928955078125e-07, 1.2293457984924316e-07, 0.9976606369018555, -0.06832907348871231, -0.0020863611716777086, 0.05684367194771767, 0.8461464643478394, -0.529910683631897, 0.03797361999750137, 0.528552234172821, 0.8480509519577026),
            ["LeftLowerArm"] = CFrame.new(8.940696716308594e-08, 1.1920928955078125e-07, 1.7881393432617188e-07, 1, -6.51925802230835e-08, 1.3038517820973539e-08, 4.842877388000488e-08, 0.8264428377151489, -0.5630207061767578, 9.313225746154785e-09, 0.5630207061767578, 0.8264428377151489),
            ["LowerTorso"] = CFrame.new(6.158768177032471, -0.28200626373291016, -0.09097089618444443, -0.05161606892943382, -0.059678081423044205, 0.9968823194503784, 0.012435444630682468, 0.9980971217155457, 0.060394685715436935, -0.9985895752906799, 0.015514010563492775, -0.05077572539448738),
            ["Head"] = CFrame.new(1.4901161193847656e-08, 1.1920928955078125e-07, 1.57160684466362e-09, 0.9976814985275269, 0.05404350906610489, 0.04136629030108452, -0.05564769357442856, 0.9977016448974609, 0.038663920015096664, -0.039181675761938095, -0.0408761166036129, 0.9983957409858704),
            ["RightFoot"] = CFrame.new(-3.096647560596466e-08, 2.384185791015625e-07, 2.885426511056721e-07, 0.9958412647247314, 0.08980976790189743, 0.015310139395296574, -0.07191315293312073, 0.8780534863471985, -0.47312837839126587, -0.05593474954366684, 0.4700600504875183, 0.8808605074882507),
            ["UpperTorso"] = CFrame.new(2.7939677238464355e-08, 8.940696716308594e-08, -3.8929283618927e-07, 0.9976375699043274, -0.012292327359318733, -0.0675889179110527, 0.010895363055169582, 0.9997201561927795, -0.02099842019379139, 0.06782812625169754, 0.020212417468428612, 0.997492253780365),
            ["HumanoidRootPart"] = CFrame.new(0, 0, 0, 1, 0, 0, 0, 1, 0, 0, 0, 1),
            ["LeftUpperLeg"] = CFrame.new(5.960464477539063e-08, -1.6065314412117004e-07, -4.842877388000488e-07, 0.9951391220092773, 0.053109221160411835, 0.08293212950229645, -0.008718645200133324, 0.8863269686698914, -0.4629773795604706, -0.09809337556362152, 0.4600042402744293, 0.8824818134307861),
            ["LeftUpperArm"] = CFrame.new(5.960464477539063e-08, 1.1920928955078125e-07, -3.855675458908081e-07, 0.09074290841817856, 0.2631569802761078, -0.9604761004447937, -0.9955527782440186, 0.04847826808691025, -0.08077450841665268, 0.02530575543642044, 0.9635342955589294, 0.2663857340812683),
            ["RightLowerArm"] = CFrame.new(-1.1920928955078125e-07, 2.384185791015625e-07, -1.7881393432617188e-07, 1, -5.587935447692871e-08, -1.8626447051417472e-09, 1.862644793959589e-08, 0.8840137720108032, -0.4674607515335083, -7.450578820566989e-09, 0.46746090054512024, 0.8840137720108032),
            ["LeftHand"] = CFrame.new(2.1606683731079102e-07, -4.76837158203125e-07, 1.1920928955078125e-07, 0.954327404499054, -0.2953415513038635, 0.04508296027779579, 0.2647372782230377, 0.9058949947357178, 0.3305578827857971, -0.13846811652183533, -0.30352547764778137, 0.9427083730697632),
            ["RightHand"] = CFrame.new(1.564621925354004e-07, -6.556510925292969e-07, -5.21540641784668e-08, 0.9157813191413879, 0.25120580196380615, -0.3134332001209259, -0.19263719022274017, 0.9593875408172607, 0.20607410371303558, 0.3524705469608307, -0.12833982706069946, 0.92698073387146),
            ["RightUpperArm"] = CFrame.new(-5.960464477539063e-08, 2.384185791015625e-07, 2.253800630569458e-07, -0.09913332015275955, -0.18655695021152496, 0.9774298667907715, 0.993135929107666, 0.042729973793029785, 0.10888191312551498, -0.06207814812660217, 0.9815145134925842, 0.18104039132595062),
            ["RightLowerLeg"] = CFrame.new(1.0244548320770264e-08, -0.000060439109802246094, -0.00007252970681292936, 1, -1.0337680578231812e-07, -7.823112468940963e-08, 1.5087421445514337e-07, 0.5215216875076294, 0.8532376885414124, -6.89178563106907e-08, -0.853238046169281, 0.5215222239494324),
            ["RightUpperLeg"] = CFrame.new(0, -2.1792948246002197e-07, 3.1867966754361987e-07, 0.9887669086456299, -0.06588666141033173, -0.13416048884391785, -0.006174254231154919, 0.878827691078186, -0.4770992398262024, 0.1493384838104248, 0.4725683331489563, 0.8685489892959595),
            ["LeftLowerLeg"] = CFrame.new(-5.471520125865936e-08, 0.00006026029586791992, 0.00007082894444465637, 1, 6.472694025205783e-08, 2.305023905080361e-08, -8.172353460622617e-08, 0.49778982996940613, 0.8672977685928345, 4.412139631426726e-08, -0.8672977685928345, 0.4977897107601166),
        }},
        {Time = 0.133, Data = {
            ["LeftFoot"] = CFrame.new(2.62079993262887e-08, -1.7881393432617188e-07, 1.4901161193847656e-07, 0.99775630235672, -0.06680069118738174, 0.004481388255953789, 0.05915483459830284, 0.848249614238739, -0.5262826085090637, 0.03135472163558006, 0.5253667831420898, 0.8502979874610901),
            ["LeftLowerArm"] = CFrame.new(3.5762786865234375e-07, -5.960464477539062e-07, 4.470348358154297e-07, 1, -5.401671643312511e-08, 3.725290298461914e-09, 5.21540641784668e-08, 0.8257756233215332, -0.5639989376068115, -1.1175870895385742e-08, 0.5639989376068115, 0.8257755041122437),
            ["LowerTorso"] = CFrame.new(6.130471229553223, -0.29210352897644043, -0.08629804104566574, -0.05199743062257767, -0.058379463851451874, 0.996939480304718, 0.008138792589306831, 0.9982320070266724, 0.05887964740395546, -0.9986140727996826, 0.011175474151968956, -0.051430363208055496),
            ["Head"] = CFrame.new(-7.450580596923828e-09, -1.1920928955078125e-07, 4.1158637031912804e-07, 0.9981102347373962, 0.04986516013741493, 0.03590851649641991, -0.05106349661946297, 0.9981412291526794, 0.033265553414821625, -0.03418298438191414, -0.03503619134426117, 0.9988013505935669),
            ["RightFoot"] = CFrame.new(8.847564458847046e-09, 7.748603820800781e-07, -6.316040526144207e-07, 0.9953066110610962, 0.09574775397777557, 0.014044606126844883, -0.07825717329978943, 0.881729781627655, -0.46521836519241333, -0.05692709982395172, 0.4619361460208893, 0.8850846290588379),
            ["UpperTorso"] = CFrame.new(-1.1175870895385742e-08, 8.940696716308594e-08, -2.0349398255348206e-07, 0.9975268840789795, -0.014297286979854107, -0.06881752610206604, 0.013599688187241554, 0.9998514652252197, -0.010594753548502922, 0.06895877420902252, 0.009632667526602745, 0.9975730776786804),
            ["HumanoidRootPart"] = CFrame.new(0, 0, 0, 1, 0, 0, 0, 1, 0, 0, 0, 1),
            ["LeftUpperLeg"] = CFrame.new(-5.960464477539063e-08, -9.266659617424011e-08, -5.755573511123657e-07, 0.9957289695739746, 0.04551108926534653, 0.08032778650522232, -0.003379360307008028, 0.8874428272247314, -0.46090537309646606, -0.0922626480460167, 0.45866554975509644, 0.8838064074516296),
            ["LeftUpperArm"] = CFrame.new(1.1920928955078125e-07, 0, 2.5890767574310303e-07, 0.10024865716695786, 0.2583671510219574, -0.9608312249183655, -0.9946177005767822, 0.051441945135593414, -0.08994103968143463, 0.02618940733373165, 0.9646762013435364, 0.26213356852531433),
            ["RightLowerArm"] = CFrame.new(1.1920928955078125e-07, 2.980232238769531e-07, 3.5762786865234375e-07, 1, -4.0978196835794733e-08, -7.450580596923828e-09, 3.5390257835388184e-08, 0.8822618722915649, -0.4707590341567993, -3.3527612686157227e-08, 0.4707591235637665, 0.8822618722915649),
            ["LeftHand"] = CFrame.new(-9.685754776000977e-08, -5.960464477539063e-08, -5.960464477539063e-08, 0.9567705392837524, -0.28789222240448, 0.041330981999635696, 0.2585521340370178, 0.9069897532463074, 0.3324466347694397, -0.1331956833600998, -0.3073888123035431, 0.9422160387039185),
            ["RightHand"] = CFrame.new(-2.086162567138672e-07, 2.384185791015625e-07, 1.1175870895385742e-07, 0.918968141078949, 0.250030517578125, -0.3049301207065582, -0.19105371832847595, 0.9587705135345459, 0.2103748768568039, 0.34495827555656433, -0.13506971299648285, 0.9288487434387207),
            ["RightUpperArm"] = CFrame.new(0, 1.1920928955078125e-07, -3.725290298461914e-09, -0.09519020467996597, -0.18658681213855743, 0.9778160452842712, 0.9936531782150269, 0.04133085533976555, 0.10461880266666412, -0.059934671968221664, 0.9815686941146851, 0.18146827816963196),
            ["RightLowerLeg"] = CFrame.new(-2.421438694000244e-08, -0.000060498714447021484, -0.00007263774023158476, 1, -1.4901159772762185e-07, -6.98492073070156e-08, 1.266598843585598e-07, 0.48387134075164795, 0.875139057636261, -8.47503613954359e-08, -0.8751391768455505, 0.483871728181839),
            ["RightUpperLeg"] = CFrame.new(1.1920928955078125e-07, -3.5390257835388184e-08, 1.6931153368204832e-08, 0.9886195063591003, -0.07545304298400879, -0.13014738261699677, 0.0024529455695301294, 0.873094916343689, -0.48754411935806274, 0.15041761100292206, 0.4816763997077942, 0.8633437156677246),
            ["LeftLowerLeg"] = CFrame.new(5.4016709327697754e-08, 0.00006085634231567383, 0.00007167831063270569, 1, 7.299241389091549e-08, 5.5850257751899335e-08, -8.067581092063847e-08, 0.47510746121406555, 0.8799278140068054, 3.408058191212149e-08, -0.8799278736114502, 0.4751075804233551),
        }},
        {Time = 0.167, Data = {
            ["LeftFoot"] = CFrame.new(6.3810148276388645e-09, 3.5762786865234375e-07, -1.2293457984924316e-07, 0.9977893829345703, -0.06565266102552414, 0.010302472859621048, 0.06108059734106064, 0.8449134826660156, -0.5314041376113892, 0.026183459907770157, 0.5308588147163391, 0.8470557332038879),
            ["LeftLowerArm"] = CFrame.new(2.682209014892578e-07, -0.000001430511474609375, 3.5762786865234375e-07, 1, -5.2154071283894154e-08, -1.4901161193847656e-08, 6.332992796842518e-08, 0.8251184821128845, -0.5649598240852356, 1.6763804566721774e-08, 0.5649598240852356, 0.8251184821128845),
            ["LowerTorso"] = CFrame.new(6.095794200897217, -0.31347930431365967, -0.08188559859991074, -0.05436122044920921, -0.0548425130546093, 0.9970141053199768, 0.0037891650572419167, 0.9984720349311829, 0.05512930825352669, -0.9985141754150391, 0.006774747744202614, -0.05407034978270531),
            ["Head"] = CFrame.new(0, 2.384185791015625e-07, 2.2281892597675323e-07, 0.9984459280967712, 0.04625585675239563, 0.03108174353837967, -0.04724033176898956, 0.9983797073364258, 0.03172306716442108, -0.029564011842012405, -0.033141981810331345, 0.999013364315033),
            ["RightFoot"] = CFrame.new(1.7229467630386353e-08, 5.364418029785156e-07, -2.438173396512866e-08, 0.9951604604721069, 0.09799923747777939, 0.007199021056294441, -0.08287239074707031, 0.8763993978500366, -0.47440025210380554, -0.052800100296735764, 0.4715083837509155, 0.8802798390388489),
            ["UpperTorso"] = CFrame.new(-2.7939677238464355e-09, 0, 2.444721758365631e-07, 0.9974045753479004, -0.01571539044380188, -0.07026543468236923, 0.015656018629670143, 0.9998765587806702, -0.0013955938629806042, 0.07027868181467056, 0.0002918928221333772, 0.9975274205207825),
            ["HumanoidRootPart"] = CFrame.new(0, 0, 0, 1, 0, 0, 0, 1, 0, 0, 0, 1),
            ["LeftUpperLeg"] = CFrame.new(-1.1920928955078125e-07, -3.257300704717636e-07, -3.3527612686157227e-08, 0.9960732460021973, 0.03951139375567436, 0.07922709733247757, 0.001648023840971291, 0.8864579200744629, -0.4628061056137085, -0.08851766586303711, 0.4611193835735321, 0.8829120993614197),
            ["LeftUpperArm"] = CFrame.new(0, 0, 5.308538675308228e-07, 0.10704270750284195, 0.2540217339992523, -0.9612569808959961, -0.9938631057739258, 0.05446191877126694, -0.09628153592348099, 0.027894355356693268, 0.9656639695167542, 0.25829261541366577),
            ["RightLowerArm"] = CFrame.new(1.1920928955078125e-07, 0.0000013113021850585938, 4.172325134277344e-07, 1, -2.2351741790771484e-08, 0, 1.4901159417490817e-08, 0.882493793964386, -0.4703240692615509, 1.1175869119028903e-08, 0.4703241288661957, 0.8824938535690308),
            ["LeftHand"] = CFrame.new(3.203749656677246e-07, -5.960464477539063e-08, 1.1920928955078125e-07, 0.9577186703681946, -0.28445878624916077, 0.04310794919729233, 0.2549017667770386, 0.9084206819534302, 0.33135664463043213, -0.13341744244098663, -0.30635809898376465, 0.942520260810852),
            ["RightHand"] = CFrame.new(-2.2351741790771484e-08, 2.384185791015625e-07, -1.341104507446289e-07, 0.9206505417823792, 0.24615533649921417, -0.3030020296573639, -0.18774491548538208, 0.959683895111084, 0.20918631553649902, 0.34227824211120605, -0.13570033013820648, 0.9297478199005127),
            ["RightUpperArm"] = CFrame.new(-5.960464477539063e-08, 0, 3.986060619354248e-07, -0.09698471426963806, -0.18646235764026642, 0.9776633977890015, 0.9936240911483765, 0.03860215097665787, 0.10593034327030182, -0.05749195069074631, 0.981703519821167, 0.1815296709537506),
            ["RightLowerLeg"] = CFrame.new(-2.2351741790771484e-08, -0.000060439109802246094, -0.00007222795829875395, 1, -1.3411042232291948e-07, -7.916244015859775e-08, 1.471489667892456e-07, 0.42819300293922424, 0.9036871790885925, -8.568167686462402e-08, -0.9036873579025269, 0.42819342017173767),
            ["RightUpperLeg"] = CFrame.new(0, -8.242204785346985e-08, -1.1717929737642407e-07, 0.9889219403266907, -0.08336528390645981, -0.12281590700149536, 0.011088686995208263, 0.8665726780891418, -0.4989277720451355, 0.1480221152305603, 0.492038756608963, 0.8578971028327942),
            ["LeftLowerLeg"] = CFrame.new(2.1408777683973312e-07, 0.00006014108657836914, 0.00007181987166404724, 1, 7.177005301173267e-08, 5.477340181414547e-08, -5.931360647082329e-08, 0.43619880080223083, 0.8998502492904663, 4.5823981054127216e-08, -0.8998504281044006, 0.4361988306045532),
        }},
        {Time = 0.200, Data = {
            ["LeftFoot"] = CFrame.new(6.938353180885315e-08, -2.980232238769531e-07, -3.650784492492676e-07, 0.9974849820137024, -0.06912405788898468, 0.015674395486712456, 0.06640881299972534, 0.8341476917266846, -0.5475286245346069, 0.02477256953716278, 0.5471925139427185, 0.8366401791572571),
            ["LeftLowerArm"] = CFrame.new(2.9802322387695312e-08, 4.76837158203125e-07, -1.1920928955078125e-07, 1, -4.8428763221863846e-08, 9.313225746154785e-09, 6.146728281919422e-08, 0.8252534866333008, -0.5647626519203186, 2.7939673685750677e-08, 0.5647626519203186, 0.8252533674240112),
            ["LowerTorso"] = CFrame.new(6.053234577178955, -0.3456329107284546, -0.0813543051481247, -0.05751163139939308, -0.04921066015958786, 0.99713134765625, 0.0022526502143591642, 0.9987754821777344, 0.04942173883318901, -0.9983423948287964, 0.005088511388748884, -0.05733034759759903),
            ["Head"] = CFrame.new(-2.60770320892334e-08, -3.5762786865234375e-07, -9.676441550254822e-07, 0.9986787438392639, 0.04288101941347122, 0.028320860117673874, -0.043917711824178696, 0.9983476400375366, 0.03705856576561928, -0.026684951037168503, -0.038253266364336014, 0.9989117383956909),
            ["RightFoot"] = CFrame.new(3.725290298461914e-09, 3.5762786865234375e-07, 4.748071660287678e-07, 0.9959425330162048, 0.08977346867322922, -0.006262260023504496, -0.0806690901517868, 0.8597630858421326, -0.5042813420295715, -0.03988705575466156, 0.502740740776062, 0.8635167479515076),
            ["UpperTorso"] = CFrame.new(2.7939677238464355e-08, -2.980232238769531e-07, -2.6775524020195007e-07, 0.9972705841064453, -0.01659071445465088, -0.07194658368825912, 0.016998831182718277, 0.9998427033424377, 0.005063891876488924, 0.07185126841068268, -0.006273096427321434, 0.9973956346511841),
            ["HumanoidRootPart"] = CFrame.new(0, 0, 0, 1, 0, 0, 0, 1, 0, 0, 0, 1),
            ["LeftUpperLeg"] = CFrame.new(1.1920928955078125e-07, -2.7031637728214264e-07, -1.6577541828155518e-07, 0.9963285326957703, 0.04041333869099617, 0.07547418773174286, -0.0003264253318775445, 0.8833606839179993, -0.46869373321533203, -0.08561236411333084, 0.46694836020469666, 0.8801307082176208),
            ["LeftUpperArm"] = CFrame.new(-1.1920928955078125e-07, -1.1920928955078125e-07, -7.422640919685364e-07, 0.09740099310874939, 0.25294241309165955, -0.9625660181045532, -0.9947459697723389, 0.05537506565451622, -0.08610579371452332, 0.03152226284146309, 0.965895414352417, 0.257006973028183),
            ["RightLowerArm"] = CFrame.new(1.7881393432617188e-07, 1.7881393432617188e-07, 0, 1, -2.980232594040899e-08, 1.862645149230957e-08, 5.2154071283894154e-08, 0.8831581473350525, -0.4690753221511841, -5.587936335871291e-09, 0.4690755605697632, 0.8831581473350525),
            ["LeftHand"] = CFrame.new(1.6391277313232422e-07, 0, 0, 0.9583763480186462, -0.2816493809223175, 0.04678186774253845, 0.25119608640670776, 0.9096846580505371, 0.33071765303611755, -0.13570302724838257, -0.3052006661891937, 0.9425695538520813),
            ["RightHand"] = CFrame.new(3.203749656677246e-07, 0, 7.450580596923828e-09, 0.9210888147354126, 0.24795909225940704, -0.3001862168312073, -0.190203458070755, 0.9592899084091187, 0.2087719738483429, 0.33973243832588196, -0.13520118594169617, 0.9307537078857422),
            ["RightUpperArm"] = CFrame.new(-5.960464477539063e-08, -3.5762786865234375e-07, -7.543712854385376e-07, -0.10216362029314041, -0.18734413385391235, 0.9769671559333801, 0.9932918548583984, 0.034265030175447464, 0.1104414314031601, -0.0541662760078907, 0.9816965460777283, 0.18258674442768097),
            ["RightLowerLeg"] = CFrame.new(1.0058283805847168e-07, -0.00006103515625, -0.00007183307752711698, 1, -1.3783574104309082e-07, -1.0710213160791682e-07, 1.1362133989223366e-07, 0.3612062335014343, 0.9324858784675598, -1.1175869474300271e-07, -0.9324859976768494, 0.36120665073394775),
            ["RightUpperLeg"] = CFrame.new(1.1920928955078125e-07, -3.0384398996829987e-07, 3.745590220205486e-07, 0.9889199137687683, -0.08528733998537064, -0.12150474637746811, 0.012386158108711243, 0.8630414009094238, -0.5049816966056824, 0.14793221652507782, 0.4978812038898468, 0.8545350432395935),
            ["LeftLowerLeg"] = CFrame.new(-1.1525116860866547e-07, 0.000060439109802246094, 0.00007210671901702881, 1, 9.476205775627022e-08, 2.258458131620955e-08, -5.8673329306202504e-08, 0.37744927406311035, 0.9260304570198059, 2.689194289473562e-08, -0.9260303378105164, 0.3774491250514984),
        }},
        {Time = 0.233, Data = {
            ["LeftFoot"] = CFrame.new(3.3527612686157227e-08, 2.384185791015625e-07, -2.5704503059387207e-07, 0.996890127658844, -0.07716673612594604, 0.015979617834091187, 0.07208596169948578, 0.8110358119010925, -0.5805380940437317, 0.03183823451399803, 0.5798848271369934, 0.8140763640403748),
            ["LeftLowerArm"] = CFrame.new(1.4901161193847656e-07, 9.5367431640625e-07, 2.980232238769531e-07, 1, -3.166496753692627e-08, 2.6077039194660756e-08, 5.960465188081798e-08, 0.8239750862121582, -0.5666259527206421, 9.313226634333205e-09, 0.5666260123252869, 0.8239752054214478),
            ["LowerTorso"] = CFrame.new(6.004980087280273, -0.3841618299484253, -0.08479452133178711, -0.058419760316610336, -0.04590948298573494, 0.997235894203186, 0.004192601423710585, 0.9989218711853027, 0.046232711523771286, -0.998283326625824, 0.0068819159641861916, -0.05816429853439331),
            ["Head"] = CFrame.new(-1.4901161193847656e-08, 1.1920928955078125e-07, -1.1263182386755943e-07, 0.9987075924873352, 0.04119904339313507, 0.029765477403998375, -0.04251936078071594, 0.9980737566947937, 0.045176923274993896, -0.027846897020936012, -0.0463840626180172, 0.9985355138778687),
            ["RightFoot"] = CFrame.new(-7.12461769580841e-08, 5.960464477539063e-08, -3.9282895158976316e-08, 0.996545672416687, 0.07940547168254852, -0.02432309277355671, -0.07994427531957626, 0.8379307389259338, -0.5398894548416138, -0.02248917520046234, 0.5399694442749023, 0.8413844704627991),
            ["UpperTorso"] = CFrame.new(2.7939677238464355e-08, 0, -8.139759302139282e-07, 0.9972180724143982, -0.016540467739105225, -0.07268120348453522, 0.017000513151288033, 0.9998392462730408, 0.005715499632060528, 0.07257498055696487, -0.006935200188308954, 0.9973388314247131),
            ["HumanoidRootPart"] = CFrame.new(0, 0, 0, 1, 0, 0, 0, 1, 0, 0, 0, 1),
            ["LeftUpperLeg"] = CFrame.new(-5.960464477539063e-08, -1.3504177331924438e-08, -5.6438148021698e-07, 0.9959683418273926, 0.05036545917391777, 0.07423191517591476, -0.009490844793617725, 0.8820251226425171, -0.47110679745674133, -0.089201919734478, 0.46850287914276123, 0.8789471983909607),
            ["LeftUpperArm"] = CFrame.new(-1.1920928955078125e-07, -2.384185791015625e-07, -3.91155481338501e-08, 0.060557395219802856, 0.2620239555835724, -0.9631596207618713, -0.9976179003715515, 0.047824177891016006, -0.04971354827284813, 0.03303617611527443, 0.9638757109642029, 0.26429587602615356),
            ["RightLowerArm"] = CFrame.new(-6.258487701416016e-07, -1.1920928955078125e-07, 4.76837158203125e-07, 1, -5.215405707303944e-08, 4.0978196835794733e-08, 1.1175873559921001e-08, 0.8863053321838379, -0.46310150623321533, 3.539026494081554e-08, 0.46310144662857056, 0.8863053321838379),
            ["LeftHand"] = CFrame.new(2.0116567611694336e-07, 5.960464477539062e-07, 5.960464477539063e-08, 0.9518242478370667, -0.2896305322647095, 0.10072164237499237, 0.24367286264896393, 0.9137983322143555, 0.324955552816391, -0.18615643680095673, -0.2847576439380646, 0.9403505325317383),
            ["RightHand"] = CFrame.new(-3.725290298461914e-07, 3.5762786865234375e-07, 5.587935447692871e-08, 0.9141592979431152, 0.25202512741088867, -0.31748446822166443, -0.1957797408103943, 0.9603272080421448, 0.19860027730464935, 0.3549409806728363, -0.11939525604248047, 0.9272333383560181),
            ["RightUpperArm"] = CFrame.new(0, -1.1920928955078125e-07, 9.592622518539429e-08, -0.1261197328567505, -0.19138431549072266, 0.9733786582946777, 0.9908549785614014, 0.023134948685765266, 0.13293291628360748, -0.047960299998521805, 0.9812424778938293, 0.18671634793281555),
            ["RightLowerLeg"] = CFrame.new(-1.8812716007232666e-07, -0.00006121397018432617, -0.00007247010216815397, 1, -1.4808027515300637e-07, -1.1455273352112272e-07, 1.3131646880992776e-07, 0.2906711995601654, 0.9568229913711548, -1.2386588821300393e-07, -0.9568229913711548, 0.29067155718803406),
            ["RightUpperLeg"] = CFrame.new(0, -4.516914486885071e-08, -0.0000010224248399026692, 0.9904330968856812, -0.07579036802053452, -0.11531752347946167, 0.00663570174947381, 0.8608624935150146, -0.5087946653366089, 0.13783426582813263, 0.5031617879867554, 0.8531294465065002),
            ["LeftLowerLeg"] = CFrame.new(6.146728992462158e-08, 0.000060677528381347656, 0.0000712759792804718, 1, 9.546056389808655e-08, 6.845222344509239e-08, -8.009374852235851e-08, 0.31237366795539856, 0.949959397315979, 6.007031316812572e-08, -0.949959397315979, 0.3123735785484314),
        }},
        {Time = 0.267, Data = {
            ["LeftFoot"] = CFrame.new(-1.2246891856193542e-07, 4.76837158203125e-07, 1.7881393432617188e-07, 0.9955896139144897, -0.0936196893453598, 0.006071826908737421, 0.07820767909288406, 0.7924610376358032, -0.6048882007598877, 0.05181768164038658, 0.6026948094367981, 0.7962873578071594),
            ["LeftLowerArm"] = CFrame.new(-1.1920928955078125e-07, 0, -1.8440186977386475e-07, 1, -5.5879347371501353e-08, 1.30385160446167e-08, 5.5879347371501353e-08, 0.8303528428077698, -0.5572380423545837, 1.2107191693644381e-08, 0.5572379231452942, 0.8303528428077698),
            ["LowerTorso"] = CFrame.new(5.95631742477417, -0.4158895015716553, -0.08518792688846588, -0.058708757162094116, -0.052591972053050995, 0.9968889355659485, 0.0030489021446555853, 0.9985972046852112, 0.05286166071891785, -0.9982705116271973, 0.006142857950180769, -0.05846605822443962),
            ["Head"] = CFrame.new(-1.4901161193847656e-08, -3.5762786865234375e-07, -3.146706148982048e-07, 0.9984434247016907, 0.042355287820100784, 0.036289237439632416, -0.04378074035048485, 0.9982628226280212, 0.03943011909723282, -0.034556128084659576, -0.04095740243792534, 0.9985632300376892),
            ["RightFoot"] = CFrame.new(4.0978193283081055e-08, -2.980232238769531e-07, -6.16346369497478e-08, 0.9965614080429077, 0.07661386579275131, -0.03155411407351494, -0.08111023902893066, 0.8242467641830444, -0.5603912472724915, -0.016925280913710594, 0.5610238313674927, 0.8276267647743225),
            ["UpperTorso"] = CFrame.new(-3.3527612686157227e-08, 5.960464477539063e-08, -1.1175870895385742e-08, 0.9969800710678101, -0.01895889639854431, -0.0753081738948822, 0.018769405782222748, 0.999818742275238, -0.0032231733202934265, 0.0753556340932846, 0.0017999326810240746, 0.9971550703048706),
            ["HumanoidRootPart"] = CFrame.new(0, 0, 0, 1, 0, 0, 0, 1, 0, 0, 0, 1),
            ["LeftUpperLeg"] = CFrame.new(-1.7881393432617188e-07, -2.7939677238464355e-09, -1.0244548320770264e-07, 0.9947995543479919, 0.06152215972542763, 0.08117154240608215, -0.016570450738072395, 0.8840997219085693, -0.4670042395591736, -0.10049477964639664, 0.4632306396961212, 0.8805216550827026),
            ["LeftUpperArm"] = CFrame.new(0, -2.384185791015625e-07, -1.2665987014770508e-07, 0.0020438542123883963, 0.2762426435947418, -0.9610857963562012, -0.9997774362564087, 0.020746462047100067, 0.0038369614630937576, 0.020998982712626457, 0.9608640074729919, 0.27622365951538086),
            ["RightLowerArm"] = CFrame.new(-1.1920928955078125e-07, -8.344650268554688e-07, -5.960464477539063e-08, 1, -5.215405707303944e-08, -1.4901159417490817e-08, 2.9802322387695312e-08, 0.8905352354049683, -0.4549141824245453, 1.30385160446167e-08, 0.45491427183151245, 0.8905352354049683),
            ["LeftHand"] = CFrame.new(2.3655593395233154e-07, -2.384185791015625e-07, 1.043081283569336e-07, 0.9426131844520569, -0.28387022018432617, 0.17577816545963287, 0.2211211770772934, 0.9252060055732727, 0.3083818852901459, -0.25017157196998596, -0.25181663036346436, 0.9348810911178589),
            ["RightHand"] = CFrame.new(-5.960464477539063e-08, 4.172325134277344e-07, 2.086162567138672e-07, 0.9071959257125854, 0.28321683406829834, -0.3111012578010559, -0.2303566038608551, 0.9531645178794861, 0.1959928572177887, 0.35203903913497925, -0.10613976418972015, 0.9299477338790894),
            ["RightUpperArm"] = CFrame.new(0, 0, -2.5331974029541016e-07, -0.14990879595279694, -0.19421234726905823, 0.9694374799728394, 0.9883481860160828, -0.003287395928055048, 0.1521744430065155, -0.026367153972387314, 0.980954110622406, 0.19244223833084106),
