return {
    ["Master Of Seas"] = {
        {Time = 0.000, Data = {
            ["RightFoot"] = CFrame.new(-4.842877388000488e-08, 3.5762786865234375e-07, -5.045876605436206e-08, 0.9495314359664917, 0.284114807844162, -0.1329246461391449, -0.3135809302330017, 0.8700135350227356, -0.3804512619972229, 0.0075544798746705055, 0.4029333293437958, 0.9151983857154846),
            ["LeftLowerArm"] = CFrame.new(-5.960464477539063e-08, -1.1920928955078125e-07, 1.7881393432617188e-07, 1, -5.960463766996327e-08, 7.450579886381092e-08, 7.078051567077637e-08, 0.7506906390190125, -0.6606538891792297, 7.450580596923828e-09, 0.6606538891792297, 0.7506906986236572),
            ["LeftFoot"] = CFrame.new(-6.705522537231445e-08, -5.960464477539063e-08, -6.332993507385254e-08, 0.9797976016998291, -0.17699390649795532, -0.09311308711767197, 0.16201476752758026, 0.9754266738891602, -0.14931224286556244, 0.11725236475467682, 0.13121022284030914, 0.98439621925354),
            ["Head"] = CFrame.new(-3.818422555923462e-08, -2.384185791015625e-07, 7.450580596923828e-08, 0.8017157912254333, 0.03621538728475571, 0.596607506275177, 0.0760883092880249, 0.9838579893112183, -0.16196908056735992, -0.5928426384925842, 0.17524807155132294, 0.7860188484191895),
            ["LowerTorso"] = CFrame.new(-0.06389392167329788, -0.2108173370361328, 0.1810908168554306, 0.7482688426971436, 0.024915823712944984, -0.6629276275634766, 0.01445445604622364, 0.9984449148178101, 0.05384131893515587, 0.6632381677627563, -0.04987004026770592, 0.7467450499534607),
            ["UpperTorso"] = CFrame.new(-1.1175870895385742e-08, 1.1920928955078125e-07, 2.60770320892334e-08, 0.9973201751708984, -0.006329699419438839, 0.0728873535990715, -0.007942959666252136, 0.9809941053390503, 0.1938752681016922, -0.07272940129041672, -0.19393464922904968, 0.9783148169517517),
            ["HumanoidRootPart"] = CFrame.new(0, 0, 0, 1, 0, 0, 0, 1, 0, 0, 0, 1),
            ["RightUpperLeg"] = CFrame.new(5.960464477539063e-08, -1.19674950838089e-07, -9.145878721028566e-09, 0.9741818308830261, -0.22368650138378143, 0.030563905835151672, 0.21499285101890564, 0.8778406381607056, -0.4279884994029999, 0.06890488415956497, 0.42350947856903076, 0.9032672643661499),
            ["LeftUpperArm"] = CFrame.new(-1.1920928955078125e-07, 3.5762786865234375e-07, -8.940696716308594e-08, 0.9601520895957947, 0.2741531729698181, -0.05429629981517792, -0.2681836485862732, 0.9584667682647705, 0.09705230593681335, 0.07864861190319061, -0.07862354069948196, 0.9937971234321594),
            ["RightLowerArm"] = CFrame.new(5.960464477539063e-08, 0, 1.1920928955078125e-07, 1, -5.4016709327697754e-08, 8.381903171539307e-09, 4.679895226900044e-08, 0.7944396734237671, -0.6073430776596069, 2.2351738238057806e-08, 0.6073431372642517, 0.7944397330284119),
            ["LeftHand"] = CFrame.new(-2.384185791015625e-07, 2.980232238769531e-07, 0, 0.9730921387672424, -0.026253363117575645, 0.2289159744977951, 0.027202215045690536, 0.9996294975280762, -0.0009901263983920217, -0.22880522906780243, 0.007190557196736336, 0.97344571352005),
            ["RightHand"] = CFrame.new(8.940696716308594e-08, -1.7881393432617188e-07, -8.940696716308594e-08, 0.9135061502456665, 0.2415100634098053, -0.32738301157951355, -0.2968166768550873, 0.9459953308105469, -0.13035649061203003, 0.2782202363014221, 0.21625418961048126, 0.9358565807342529),
            ["RightUpperArm"] = CFrame.new(0, 2.384185791015625e-07, 1.7881393432617188e-07, 0.874016284942627, -0.33167266845703125, 0.3550901412963867, 0.21625547111034393, 0.9199509024620056, 0.32699230313301086, -0.4351196587085724, -0.20900651812553406, 0.8757780194282532),
            ["RightLowerLeg"] = CFrame.new(8.940696716308594e-08, -0.00006031990051269531, -0.00007219443068606779, 1, -1.043081283569336e-07, 7.450581485102248e-09, 1.1175872316471214e-07, 0.6801878213882446, 0.7330375909805298, -1.1175872316471214e-07, -0.7330379486083984, 0.6801880598068237),
            ["LeftUpperLeg"] = CFrame.new(8.940696716308594e-08, -1.0291114449501038e-07, -2.2351741790771484e-08, 0.7098619937896729, 0.5456482768058777, 0.4453805088996887, -0.14657482504844666, 0.732933759689331, -0.6643222570419312, -0.6889207363128662, 0.4062955379486084, 0.6002601385116577),
            ["LeftLowerLeg"] = CFrame.new(-1.30385160446167e-08, 0.00006079673767089844, 0.0000720396637916565, 1, 6.612390279769897e-08, 2.7939673685750677e-08, -3.352760913344355e-08, 0.682959258556366, 0.730456531047821, 2.4214383387288763e-08, -0.730456531047821, 0.6829591989517212),
        }},
        {Time = 0.033, Data = {
            ["RightFoot"] = CFrame.new(-5.21540641784668e-08, 3.5762786865234375e-07, -5.75528247281909e-09, 0.9487402439117432, 0.2843484878540039, -0.13797906041145325, -0.3157786428928375, 0.8711286187171936, -0.37605664134025574, 0.01326633058488369, 0.4003511071205139, 0.9162659645080566),
            ["LeftLowerArm"] = CFrame.new(5.960464477539063e-08, 4.76837158203125e-07, 1.1920928955078125e-07, 1, -1.1920928955078125e-07, -2.2351741790771484e-08, 6.705523247774181e-08, 0.7511114478111267, -0.6601755619049072, 3.725290653733282e-08, 0.6601755023002625, 0.7511113882064819),
            ["LeftFoot"] = CFrame.new(3.725290298461914e-08, 1.7881393432617188e-07, 6.146728992462158e-08, 0.9802179932594299, -0.17356432974338531, -0.09512275457382202, 0.15967907011508942, 0.9774665832519531, -0.13806375861167908, 0.11694226413965225, 0.12014349550008774, 0.9858448505401611),
            ["Head"] = CFrame.new(-2.2351741790771484e-08, 1.1920928955078125e-07, 1.2665987014770508e-07, 0.8053160309791565, 0.023613423109054565, 0.5923752784729004, 0.0774708017706871, 0.9864467978477478, -0.14464107155799866, -0.587762176990509, 0.16237367689609528, 0.7925720810890198),
            ["LowerTorso"] = CFrame.new(-0.06831744313240051, -0.21191000938415527, 0.19588810205459595, 0.7496548891067505, 0.02591291069984436, -0.6613215208053589, 0.01673947088420391, 0.9981711506843567, 0.05808726325631142, 0.6616172790527344, -0.054615575820207596, 0.7478501200675964),
            ["UpperTorso"] = CFrame.new(3.725290298461914e-09, 8.940696716308594e-08, 1.4901161193847656e-08, 0.9975996017456055, -0.0019431936088949442, 0.06921864300966263, -0.011800166219472885, 0.9802147746086121, 0.1975852996110916, -0.06823311001062393, -0.1979278326034546, 0.977838933467865),
            ["HumanoidRootPart"] = CFrame.new(0, 0, 0, 1, 0, 0, 0, 1, 0, 0, 0, 1),
            ["RightUpperLeg"] = CFrame.new(0, 1.6391277313232422e-07, -9.145878721028566e-09, 0.9759621024131775, -0.2142837792634964, 0.03975561633706093, 0.2097247987985611, 0.8738004565238953, -0.4387350380420685, 0.0592753104865551, 0.4365263879299164, 0.8977366089820862),
            ["LeftUpperArm"] = CFrame.new(-1.1920928955078125e-07, 0, 2.384185791015625e-07, 0.960911750793457, 0.2718583345413208, -0.052362360060214996, -0.2666705250740051, 0.9596850872039795, 0.08883394300937653, 0.0744016245007515, -0.0713980570435524, 0.9946691989898682),
            ["RightLowerArm"] = CFrame.new(5.960464477539063e-08, -2.384185791015625e-07, 4.172325134277344e-07, 1, -4.9360089349193004e-08, 3.7252898543727042e-09, 2.537854015827179e-08, 0.7923293709754944, -0.6100935339927673, 3.725290298461914e-08, 0.6100935339927673, 0.7923293709754944),
            ["LeftHand"] = CFrame.new(-5.960464477539062e-07, -1.7881393432617188e-07, -1.7881393432617188e-07, 0.9696682095527649, -0.02855205163359642, 0.24275194108486176, 0.033536557108163834, 0.9993026256561279, -0.016424857079982758, -0.24211357533931732, 0.02406786009669304, 0.9699493646621704),
            ["RightHand"] = CFrame.new(1.341104507446289e-07, 4.76837158203125e-07, 0, 0.9254637956619263, 0.2151675671339035, -0.3118009567260742, -0.26527923345565796, 0.9556499719619751, -0.127906933426857, 0.2704510986804962, 0.2010876089334488, 0.9414988160133362),
            ["RightUpperArm"] = CFrame.new(-5.960464477539063e-08, 0, 1.4901161193847656e-07, 0.8725921511650085, -0.3341611325740814, 0.3562574088573456, 0.22174324095249176, 0.9208796620368958, 0.32064107060432434, -0.4352160394191742, -0.20079123973846436, 0.877650260925293),
            ["RightLowerLeg"] = CFrame.new(4.470348358154297e-08, -0.00006014108657836914, -0.0000721646283636801, 1, -8.940695295223122e-08, -8.940696716308594e-08, 8.940698137394065e-08, 0.6788461804389954, 0.7342802286148071, -4.4703490686970326e-08, -0.734280526638031, 0.6788464784622192),
            ["LeftUpperLeg"] = CFrame.new(5.960464477539063e-08, 2.1327286958694458e-07, 0, 0.7099114656448364, 0.5493671298027039, 0.4407057762145996, -0.141140416264534, 0.7240221500396729, -0.6751824021339417, -0.6900036931037903, 0.4171183705329895, 0.5915296077728271),
            ["LeftLowerLeg"] = CFrame.new(-2.9802322387695312e-08, 0.00006073713302612305, 0.00007198750972747803, 1, 8.149071817342701e-08, 3.539026138810186e-08, -7.264316082000732e-08, 0.6841430068016052, 0.7293479442596436, 3.5390257835388184e-08, -0.7293480038642883, 0.6841430068016052),
        }},
        {Time = 0.067, Data = {
            ["RightFoot"] = CFrame.new(9.313225746154785e-08, 4.172325134277344e-07, 1.6952981241047382e-09, 0.9471015930175781, 0.2869633734226227, -0.14370350539684296, -0.3203844726085663, 0.8715891242027283, -0.37106046080589294, 0.018769575282931328, 0.39747270941734314, 0.9174222946166992),
            ["LeftLowerArm"] = CFrame.new(5.960464477539063e-08, 3.5762786865234375e-07, 2.384185791015625e-07, 1, -5.960463766996327e-08, 2.2351736461700966e-08, 8.568168397005138e-08, 0.7698516845703125, -0.638222873210907, 6.705523247774181e-08, 0.6382229328155518, 0.7698516249656677),
            ["LeftFoot"] = CFrame.new(-4.470348358154297e-08, 1.1920928955078125e-07, 6.51925802230835e-08, 0.9807660579681396, -0.1680012345314026, -0.09936540573835373, 0.15477479994297028, 0.9795567393302917, -0.12850429117679596, 0.11892292648553848, 0.11065351217985153, 0.986718475818634),
            ["Head"] = CFrame.new(-6.880145519971848e-08, -7.152557373046875e-07, -2.2351741790771484e-08, 0.8097690343856812, 0.012773768045008183, 0.5866098403930664, 0.08136923611164093, 0.9876580238342285, -0.13383060693740845, -0.5810794234275818, 0.15610401332378387, 0.7987354397773743),
            ["LowerTorso"] = CFrame.new(-0.07538189738988876, -0.21317553520202637, 0.20819091796875, 0.7524322867393494, 0.02641463465988636, -0.6581397652626038, 0.019397104158997536, 0.9978736639022827, 0.062226101756095886, 0.6583839654922485, -0.059586938470602036, 0.7503198981285095),
            ["UpperTorso"] = CFrame.new(-3.3527612686157227e-08, 2.682209014892578e-07, 0, 0.9979149699211121, 0.0028159283101558685, 0.0644819587469101, -0.01599341817200184, 0.9786787629127502, 0.204773411154747, -0.06253055483102798, -0.2053777128458023, 0.9766831398010254),
            ["HumanoidRootPart"] = CFrame.new(0, 0, 0, 1, 0, 0, 0, 1, 0, 0, 0, 1),
            ["RightUpperLeg"] = CFrame.new(-2.9802322387695312e-08, 4.7031790018081665e-07, 1.3205863069742918e-08, 0.9773452281951904, -0.20445699989795685, 0.05471416190266609, 0.20699310302734375, 0.8694064021110535, -0.4486498534679413, 0.0441606342792511, 0.44981110095977783, 0.8920312523841858),
            ["LeftUpperArm"] = CFrame.new(-1.1920928955078125e-07, 0, 8.940696716308594e-08, 0.9519937634468079, 0.29047080874443054, -0.09661518037319183, -0.28329959511756897, 0.9555697441101074, 0.08141213655471802, 0.11597044765949249, -0.05013279616832733, 0.9919866919517517),
            ["RightLowerArm"] = CFrame.new(5.960464477539063e-08, 3.5762786865234375e-07, 1.1920928955078125e-07, 1, -6.23986053938097e-08, 1.7695127141337252e-08, 5.7742006731587026e-08, 0.7769402861595154, -0.6295742392539978, 2.980232594040899e-08, 0.6295742392539978, 0.7769402861595154),
            ["LeftHand"] = CFrame.new(-5.960464477539063e-08, 3.5762786865234375e-07, -1.1920928955078125e-07, 0.9531345963478088, -0.021463321521878242, 0.3017844557762146, 0.038185637444257736, 0.9980379343032837, -0.04962056130170822, -0.30012717843055725, 0.05881921947002411, 0.9520840644836426),
            ["RightHand"] = CFrame.new(-8.940696716308594e-08, 1.1920928955078125e-07, -1.4901161193847656e-08, 0.932741641998291, 0.1937185525894165, -0.30408236384391785, -0.23608973622322083, 0.9655939340591431, -0.10904067754745483, 0.2724969685077667, 0.17349758744239807, 0.9463847279548645),
            ["RightUpperArm"] = CFrame.new(1.1920928955078125e-07, -1.1920928955078125e-07, -2.9802322387695312e-08, 0.8662770390510559, -0.3509381115436554, 0.3555370569229126, 0.23421955108642578, 0.9139423966407776, 0.33143702149391174, -0.44125425815582275, -0.20384261012077332, 0.8739238977432251),
            ["RightLowerLeg"] = CFrame.new(-2.9802322387695312e-08, -0.00006031990051269531, -0.0000721050237189047, 1, -8.940694584680386e-08, 6.705523247774181e-08, 1.2665987014770508e-07, 0.6782329678535461, 0.7348467111587524, 2.2351741790771484e-08, -0.7348469495773315, 0.67823326587677),
            ["LeftUpperLeg"] = CFrame.new(2.9802322387695312e-08, 4.293397068977356e-07, -1.1175870895385742e-07, 0.7099709510803223, 0.5526459813117981, 0.4364902675151825, -0.13301485776901245, 0.7138890624046326, -0.6875096559524536, -0.6915550231933594, 0.43005213141441345, 0.5803506374359131),
            ["LeftLowerLeg"] = CFrame.new(-8.568167686462402e-08, 0.00006073713302612305, 0.00007208436727523804, 1, 6.379560346658764e-08, 3.539026138810186e-08, -6.51925802230835e-08, 0.6825305223464966, 0.7308570146560669, 1.862645149230957e-08, -0.7308570742607117, 0.6825305223464966),
        }},
        {Time = 0.100, Data = {
            ["RightFoot"] = CFrame.new(-1.4901161193847656e-08, 4.76837158203125e-07, -1.3205863069742918e-08, 0.9437804818153381, 0.293984055519104, -0.15116828680038452, -0.32969754934310913, 0.8703521490097046, -0.36576831340789795, 0.024039700627326965, 0.39504507184028625, 0.9183472990989685),
            ["LeftLowerArm"] = CFrame.new(-4.172325134277344e-07, -2.980232238769531e-07, -1.1920928955078125e-07, 1, -6.70552182668871e-08, 1.4901159417490817e-08, 4.470347647611561e-08, 0.7828510999679565, -0.6222091913223267, 5.960463766996327e-08, 0.6222091913223267, 0.7828510403633118),
            ["LeftFoot"] = CFrame.new(8.381903171539307e-08, -1.1920928955078125e-07, 5.587935447692871e-09, 0.9815594553947449, -0.15977928042411804, -0.10493703186511993, 0.1467350274324417, 0.9816120862960815, -0.12209269404411316, 0.12251529842615128, 0.10444347560405731, 0.9869557619094849),
            ["Head"] = CFrame.new(1.1175870895385742e-08, 3.5762786865234375e-07, 4.470348358154297e-08, 0.8149495720863342, 0.0031894815620034933, 0.5795232057571411, 0.08645052462816238, 0.9881271123886108, -0.12700849771499634, -0.5730476379394531, 0.15360571444034576, 0.8049980401992798),
            ["LowerTorso"] = CFrame.new(-0.08568362146615982, -0.2143263816833496, 0.21675555408000946, 0.7563405632972717, 0.02570374310016632, -0.653672993183136, 0.022761322557926178, 0.9975887537002563, 0.06556349247694016, 0.653782069683075, -0.06446678936481476, 0.7539318203926086),
            ["UpperTorso"] = CFrame.new(-7.450580596923828e-09, -2.980232238769531e-07, 2.60770320892334e-08, 0.9981871843338013, 0.009994732216000557, 0.05935079604387283, -0.022616071626544, 0.9761348366737366, 0.21598458290100098, -0.05577579513192177, -0.21693529188632965, 0.9745913147926331),
            ["HumanoidRootPart"] = CFrame.new(0, 0, 0, 1, 0, 0, 0, 1, 0, 0, 0, 1),
            ["RightUpperLeg"] = CFrame.new(0, -1.6111880540847778e-07, -2.4047039914876223e-08, 0.9779869914054871, -0.19571520388126373, 0.07236791402101517, 0.20699378848075867, 0.8661153316497803, -0.4549703598022461, 0.026365533471107483, 0.45993468165397644, 0.8875612020492554),
            ["LeftUpperArm"] = CFrame.new(-1.1920928955078125e-07, 4.76837158203125e-07, 1.1920928955078125e-07, 0.9394755959510803, 0.30795368552207947, -0.1501673310995102, -0.29949021339416504, 0.9510179162025452, 0.07661966234445572, 0.16640709340572357, -0.02700868248939514, 0.985687255859375),
            ["RightLowerArm"] = CFrame.new(1.1920928955078125e-07, -1.1920928955078125e-07, -7.450580596923828e-08, 1, -6.332992796842518e-08, 3.725289943190546e-08, 5.122273449842396e-08, 0.7656900882720947, -0.64320969581604, 3.7252898543727042e-09, 0.64320969581604, 0.7656901478767395),
            ["LeftHand"] = CFrame.new(2.384185791015625e-07, -5.960464477539063e-08, -2.384185791015625e-07, 0.9320301413536072, -0.017536194995045662, 0.36195608973503113, 0.04780445620417595, 0.996049165725708, -0.07483860850334167, -0.3592139780521393, 0.08705516904592514, 0.9291862845420837),
            ["RightHand"] = CFrame.new(5.960464477539063e-08, -5.960464477539063e-08, -1.043081283569336e-07, 0.9389848709106445, 0.17103137075901031, -0.2984221875667572, -0.20739217102527618, 0.9736804366111755, -0.09452474117279053, 0.27440115809440613, 0.15064778923988342, 0.949741780757904),
            ["RightUpperArm"] = CFrame.new(-5.960464477539063e-08, 4.76837158203125e-07, -2.9802322387695312e-08, 0.8579509258270264, -0.3704373836517334, 0.35594427585601807, 0.2469215989112854, 0.9049277305603027, 0.34660604596138, -0.45049968361854553, -0.20948058366775513, 0.8678525686264038),
            ["RightLowerLeg"] = CFrame.new(-2.2351741790771484e-07, -0.000060677528381347656, -0.00007201561675174162, 1, -1.1175869474300271e-07, -2.2351738238057806e-08, 7.450579886381092e-08, 0.680569052696228, 0.7326837778091431, -1.4901159417490817e-08, -0.7326840758323669, 0.6805692911148071),
            ["LeftUpperLeg"] = CFrame.new(0, 1.471489667892456e-07, 2.2351741790771484e-08, 0.7105288505554199, 0.5550023317337036, 0.43257495760917664, -0.1230853870511055, 0.7032926678657532, -0.7001639604568481, -0.6928194761276245, 0.4442429840564728, 0.5680224299430847),
            ["LeftLowerLeg"] = CFrame.new(-1.862645149230957e-08, 0.000060677528381347656, 0.00007210671901702881, 1, 4.6566128730773926e-08, 2.9802322387695312e-08, -5.2154071283894154e-08, 0.6779053807258606, 0.7351492047309875, 4.0978196835794733e-08, -0.7351492643356323, 0.6779053807258606),
        }},
        {Time = 0.133, Data = {
            ["RightFoot"] = CFrame.new(-2.60770320892334e-07, 2.980232238769531e-07, 9.145878721028566e-09, 0.9395799040794373, 0.3033083379268646, -0.1587258130311966, -0.3411012589931488, 0.8687373399734497, -0.35908931493759155, 0.028976287692785263, 0.3915349841117859, 0.9197071194648743),
            ["LeftLowerArm"] = CFrame.new(-1.1920928955078125e-07, 1.7881393432617188e-07, 0, 1, -7.82310962677002e-08, -2.9802318834981634e-08, 7.450580596923828e-08, 0.7955306172370911, -0.6059134602546692, 4.470348358154297e-08, 0.605913519859314, 0.7955305576324463),
            ["LeftFoot"] = CFrame.new(1.862645149230957e-08, 5.960464477539063e-08, 6.51925802230835e-08, 0.9828347563743591, -0.14913973212242126, -0.10859713703393936, 0.13578343391418457, 0.983264148235321, -0.12146808207035065, 0.12489538639783859, 0.10463739931583405, 0.9866368174552917),
            ["Head"] = CFrame.new(-1.862645149230957e-08, 1.1920928955078125e-07, -7.450580596923828e-09, 0.8223841190338135, -0.008836863562464714, 0.5688639283180237, 0.09706063568592072, 0.987400472164154, -0.12497805058956146, -0.5605922341346741, 0.15799438953399658, 0.812880277633667),
            ["LowerTorso"] = CFrame.new(-0.10043412446975708, -0.21677255630493164, 0.22084574401378632, 0.7599581480026245, 0.02610492892563343, -0.6494476199150085, 0.025271600112318993, 0.9972508549690247, 0.06965693831443787, 0.6494805812835693, -0.06934893876314163, 0.7572091817855835),
            ["UpperTorso"] = CFrame.new(3.725290298461914e-08, 1.4901161193847656e-07, 3.725290298461914e-09, 0.9982966184616089, 0.017804889008402824, 0.05556074157357216, -0.030161671340465546, 0.972667396068573, 0.230235755443573, -0.049942754209041595, -0.23151934146881104, 0.971547544002533),
            ["HumanoidRootPart"] = CFrame.new(0, 0, 0, 1, 0, 0, 0, 1, 0, 0, 0, 1),
            ["RightUpperLeg"] = CFrame.new(0, 5.168840289115906e-08, -3.149762051180005e-08, 0.9771928191184998, -0.19107092916965485, 0.09266121685504913, 0.2121850997209549, 0.8611584901809692, -0.46193477511405945, 0.008466306142508984, 0.47106054425239563, 0.8820602297782898),
            ["LeftUpperArm"] = CFrame.new(0, 1.1920928955078125e-07, -1.1920928955078125e-07, 0.9222095608711243, 0.32447704672813416, -0.21034331619739532, -0.31573036313056946, 0.945889949798584, 0.07487758994102478, 0.22325767576694489, -0.0026410575956106186, 0.9747558832168579),
            ["RightLowerArm"] = CFrame.new(-2.086162567138672e-07, -4.76837158203125e-07, 2.9802322387695312e-08, 1, -4.98257577419281e-08, 3.585591912269592e-08, 5.867331509534779e-08, 0.7568055391311646, -0.6536402106285095, 1.1175869119028903e-08, 0.6536401510238647, 0.7568055391311646),
            ["LeftHand"] = CFrame.new(0, -3.5762786865234375e-07, 5.960464477539063e-08, 0.9063010215759277, -0.014815868809819221, 0.42237332463264465, 0.06220439821481705, 0.993177592754364, -0.09863536059856415, -0.4180302321910858, 0.11566692590713501, 0.9010393619537354),
            ["RightHand"] = CFrame.new(0, 5.960464477539063e-08, -1.4901161193847656e-08, 0.94364333152771, 0.14783675968647003, -0.29611095786094666, -0.1792154163122177, 0.9804168939590454, -0.08163750916719437, 0.2782430946826935, 0.13010451197624207, 0.9516584277153015),
            ["RightUpperArm"] = CFrame.new(0, -2.384185791015625e-07, 5.960464477539063e-08, 0.847990870475769, -0.3919149339199066, 0.3568110167980194, 0.26072096824645996, 0.8945827484130859, 0.36296895146369934, -0.46145009994506836, -0.21476627886295319, 0.8607783913612366),
            ["RightLowerLeg"] = CFrame.new(-1.1920928955078125e-07, -0.00006031990051269531, -0.00007225403533084318, 1, -6.70552182668871e-08, -9.685754776000977e-08, 9.685753354915505e-08, 0.6815295219421387, 0.7317904829978943, 5.960463766996327e-08, -0.7317907214164734, 0.6815297603607178),
            ["LeftUpperLeg"] = CFrame.new(0, 2.2351741790771484e-07, 1.4901161193847656e-08, 0.7126801609992981, 0.5550875067710876, 0.42891132831573486, -0.11020497977733612, 0.6924334764480591, -0.7130152583122253, -0.6927783489227295, 0.4608837068080902, 0.5546570420265198),
            ["LeftLowerLeg"] = CFrame.new(7.078051567077637e-08, 0.000060617923736572266, 0.00007215142250061035, 1, 4.703178291265431e-08, 2.8870999813079834e-08, -6.332993507385254e-08, 0.6683922410011292, 0.7438089847564697, 3.725290298461914e-08, -0.7438089847564697, 0.6683923006057739),
        }},
        {Time = 0.167, Data = {
            ["RightFoot"] = CFrame.new(1.30385160446167e-07, 3.5762786865234375e-07, -1.1751399142667651e-07, 0.935051441192627, 0.3131863474845886, -0.16611222922801971, -0.352798193693161, 0.8680772185325623, -0.34924936294555664, 0.034818172454833984, 0.3851703107357025, 0.9221885204315186),
            ["LeftLowerArm"] = CFrame.new(5.960464477539063e-08, -1.7881393432617188e-07, 5.960464477539063e-08, 1, -7.823108916227284e-08, 1.1175869119028903e-08, 8.335337042808533e-08, 0.8073164820671082, -0.5901187658309937, -1.4901161193847656e-08, 0.5901187658309937, 0.8073164820671082),
            ["LeftFoot"] = CFrame.new(-1.30385160446167e-08, 0, 1.210719347000122e-07, 0.9847026467323303, -0.13778436183929443, -0.10665996372699738, 0.12384478747844696, 0.9840337634086609, -0.12782831490039825, 0.12256967276334763, 0.1126633882522583, 0.9860444664955139),
            ["Head"] = CFrame.new(-4.819594323635101e-08, -1.1920928955078125e-07, 0, 0.8294454216957092, -0.022401249036192894, 0.5581383109092712, 0.11341601610183716, 0.9851364493370056, -0.1290075182914734, -0.5469525456428528, 0.17030663788318634, 0.8196576237678528),
            ["LowerTorso"] = CFrame.new(-0.11944849789142609, -0.22014641761779785, 0.22090965509414673, 0.7609787583351135, 0.02778092958033085, -0.6481817364692688, 0.028021540492773056, 0.9967430830001831, 0.07561806589365005, 0.6481713652610779, -0.07570679485797882, 0.7577218413352966),
            ["UpperTorso"] = CFrame.new(1.4901161193847656e-08, 2.086162567138672e-07, 4.470348358154297e-08, 0.9981325268745422, 0.027498804032802582, 0.05454668030142784, -0.04022616520524025, 0.9678884148597717, 0.24814090132713318, -0.04597148299217224, -0.24987173080444336, 0.9671870470046997),
            ["HumanoidRootPart"] = CFrame.new(0, 0, 0, 1, 0, 0, 0, 1, 0, 0, 0, 1),
            ["RightUpperLeg"] = CFrame.new(-2.9802322387695312e-08, 4.284083843231201e-08, 1.3205863069742918e-08, 0.975421130657196, -0.18912643194198608, 0.11307063698768616, 0.22022484242916107, 0.8539705872535706, -0.47141844034194946, -0.007401314564049244, 0.48473232984542847, 0.8746312260627747),
            ["LeftUpperArm"] = CFrame.new(1.7881393432617188e-07, 1.1920928955078125e-07, 2.9802322387695312e-08, 0.9011467099189758, 0.3378182053565979, -0.2716867923736572, -0.3303801715373993, 0.9409316182136536, 0.07414025068283081, 0.2806844711303711, 0.022948680445551872, 0.9595257639884949),
            ["RightLowerArm"] = CFrame.new(1.1920928955078125e-07, -5.960464477539063e-08, 2.5331974029541016e-07, 1, -7.334165275096893e-08, 1.210719347000122e-08, 6.332992796842518e-08, 0.7479444146156311, -0.6637614369392395, 7.4505797087454084e-09, 0.6637613773345947, 0.7479443550109863),
            ["LeftHand"] = CFrame.new(-1.7881393432617188e-07, 1.7881393432617188e-07, -1.4901161193847656e-08, 0.8703979849815369, -0.008850262500345707, 0.4922696352005005, 0.0781557559967041, 0.9896445274353027, -0.12039734423160553, -0.48610612750053406, 0.14326725900173187, 0.8620761036872864),
            ["RightHand"] = CFrame.new(8.940696716308594e-08, 5.960464477539063e-08, -7.450580596923828e-09, 0.9464403390884399, 0.12393967807292938, -0.2981436550617218, -0.1511392444372177, 0.9860392212867737, -0.06988216936588287, 0.2853201627731323, 0.111200712621212, 0.951959490776062),
            ["RightUpperArm"] = CFrame.new(-1.7881393432617188e-07, 1.1920928955078125e-07, 1.1920928955078125e-07, 0.8362597227096558, -0.4156568944454193, 0.3576296269893646, 0.2771449685096741, 0.8831729292869568, 0.3784131407737732, -0.47313880920410156, -0.2173362523317337, 0.8537591099739075),
            ["RightLowerLeg"] = CFrame.new(5.960464477539063e-08, -0.00006026029586791992, -0.0000721348260412924, 1, -1.1548399925231934e-07, -8.195639367158947e-08, 1.1920927533992653e-07, 0.6824252605438232, 0.7309552431106567, 7.4505797087454084e-09, -0.7309554815292358, 0.6824254393577576),
            ["LeftUpperLeg"] = CFrame.new(0, 1.5133991837501526e-07, 8.195638656616211e-08, 0.7162278890609741, 0.5541328191757202, 0.42421045899391174, -0.0966680720448494, 0.6807852983474731, -0.7260762453079224, -0.6911388635635376, 0.4790283739566803, 0.5411643385887146),
            ["LeftLowerLeg"] = CFrame.new(2.0489096641540527e-07, 0.000060617923736572266, 0.00007204711437225342, 1, 7.031486148889599e-08, 4.377216455964117e-08, -5.960465188081798e-08, 0.6538493037223816, 0.7566249370574951, 2.980232594040899e-08, -0.7566248774528503, 0.6538493037223816),
        }},
        {Time = 0.200, Data = {
            ["RightFoot"] = CFrame.new(9.685754776000977e-08, 4.76837158203125e-07, 3.894820110872388e-08, 0.929465115070343, 0.3260766267776489, -0.1725367307662964, -0.3666379749774933, 0.8683148622512817, -0.3340741991996765, 0.04088246449828148, 0.3737691044807434, 0.926620602607727),
            ["LeftLowerArm"] = CFrame.new(2.384185791015625e-07, 6.556510925292969e-07, -1.1920928955078125e-07, 1, -4.0978193283081055e-08, 9.313224325069314e-08, 7.078051567077637e-08, 0.8161630630493164, -0.5778217911720276, 1.4901161193847656e-08, 0.5778217315673828, 0.8161630034446716),
            ["LeftFoot"] = CFrame.new(-8.381903171539307e-08, 0, -2.2351741790771484e-08, 0.9873024225234985, -0.12788306176662445, -0.09423384070396423, 0.11366493254899979, 0.9831300377845764, -0.1433030068874359, 0.1109701544046402, 0.1307724118232727, 0.9851823449134827),
            ["Head"] = CFrame.new(5.960464477539063e-08, 0, -8.940696716308594e-08, 0.8334641456604004, -0.03404645994305611, 0.5515238046646118, 0.13173504173755646, 0.9815640449523926, -0.13848468661308289, -0.5366409420967102, 0.18807710707187653, 0.8225834965705872),
            ["LowerTorso"] = CFrame.new(-0.1424136906862259, -0.2241344451904297, 0.21653002500534058, 0.7562556266784668, 0.03191802278161049, -0.6534972786903381, 0.031100712716579437, 0.9959266185760498, 0.08463401347398758, 0.6535366773605347, -0.08432918041944504, 0.7521824240684509),
            ["UpperTorso"] = CFrame.new(-4.470348358154297e-08, -1.1920928955078125e-07, -2.2351741790771484e-08, 0.9977363348007202, 0.034842729568481445, 0.057517822831869125, -0.04900214076042175, 0.9624524712562561, 0.2669907510280609, -0.04605555161833763, -0.26920485496520996, 0.9619811177253723),
            ["HumanoidRootPart"] = CFrame.new(0, 0, 0, 1, 0, 0, 0, 1, 0, 0, 0, 1),
            ["RightUpperLeg"] = CFrame.new(-8.940696716308594e-08, 1.3969838619232178e-09, -4.639878170564771e-08, 0.9726681709289551, -0.18935538828372955, 0.13439203798770905, 0.2311808466911316, 0.8438736796379089, -0.4841826558113098, -0.02172732539474964, 0.5020177960395813, 0.86458420753479),
            ["LeftUpperArm"] = CFrame.new(0, -2.384185791015625e-07, -1.7881393432617188e-07, 0.8764246106147766, 0.3525155484676361, -0.32804399728775024, -0.3456549644470215, 0.9348495006561279, 0.08111240714788437, 0.33526507019996643, 0.042301155626773834, 0.941173791885376),
            ["RightLowerArm"] = CFrame.new(2.384185791015625e-07, 0, -7.450580596923828e-08, 1, -5.366746336221695e-08, 4.493631422519684e-08, 5.774199252073231e-08, 0.7376652956008911, -0.675166666507721, 1.1175869119028903e-08, 0.675166666507721, 0.7376652956008911),
            ["LeftHand"] = CFrame.new(-1.1920928955078125e-07, 1.1920928955078125e-07, 0, 0.8230730891227722, 0.007355325855314732, 0.567888081073761, 0.0861002653837204, 0.9867427349090576, -0.13757038116455078, -0.5613709688186646, 0.16212600469589233, 0.8115279674530029),
            ["RightHand"] = CFrame.new(2.980232238769531e-07, 2.980232238769531e-07, 8.940696716308594e-08, 0.9468594789505005, 0.09990421682596207, -0.30573904514312744, -0.12362489104270935, 0.9905627965927124, -0.05918124318122864, 0.29694122076034546, 0.09383323043584824, 0.9502742886543274),
            ["RightUpperArm"] = CFrame.new(1.1920928955078125e-07, -4.76837158203125e-07, -1.1920928955078125e-07, 0.8239719867706299, -0.4380192160606384, 0.3594573438167572, 0.29279494285583496, 0.8722517490386963, 0.39172443747520447, -0.48512002825737, -0.21752263605594635, 0.846960723400116),
            ["RightLowerLeg"] = CFrame.new(1.4901161193847656e-08, -0.0000603795051574707, -0.00007204541907412931, 1, -7.450580596923828e-08, -9.685756197086448e-08, 8.940698137394065e-08, 0.6848289370536804, 0.728703498840332, 2.980232594040899e-08, -0.7287038564682007, 0.6848292946815491),
            ["LeftUpperLeg"] = CFrame.new(2.9802322387695312e-08, 2.7008354663848877e-08, 1.4901161193847656e-08, 0.7210819721221924, 0.5525484085083008, 0.418008416891098, -0.08469592779874802, 0.669090211391449, -0.7383393049240112, -0.6876535415649414, 0.4969995319843292, 0.5292674899101257),
            ["LeftLowerLeg"] = CFrame.new(2.9802322387695312e-08, 0.000060558319091796875, 0.00007216259837150574, 1, 6.845220212881031e-08, 3.166496753692627e-08, -7.264316082000732e-08, 0.6343117356300354, 0.7730774283409119, 3.91155481338501e-08, -0.7730774283409119, 0.6343117356300354),
        }},
        {Time = 0.233, Data = {
            ["RightFoot"] = CFrame.new(-2.9802322387695312e-08, 1.7881393432617188e-07, 3.894820110872388e-08, 0.9232699275016785, 0.34062638878822327, -0.17761357128620148, -0.38099586963653564, 0.8710793852806091, -0.30993959307670593, 0.0491417795419693, 0.3538282513618469, 0.9340187311172485),
            ["LeftLowerArm"] = CFrame.new(-1.7881393432617188e-07, 5.960464477539063e-08, 0, 1, -6.146727571376687e-08, 3.3527612686157227e-08, 6.705522537231445e-08, 0.824475884437561, -0.5658971667289734, 7.450580596923828e-09, 0.5658971071243286, 0.824475884437561),
            ["LeftFoot"] = CFrame.new(9.313225746154785e-09, -2.384185791015625e-07, 5.587935447692871e-09, 0.9903075695037842, -0.11995404213666916, -0.07001407444477081, 0.10669707506895065, 0.9797506332397461, -0.1694241166114807, 0.08891942352056503, 0.1603117138147354, 0.9830532073974609),
            ["Head"] = CFrame.new(-4.470348358154297e-08, -1.1920928955078125e-07, 2.086162567138672e-07, 0.8330814838409424, -0.04570624604821205, 0.5512587428092957, 0.15210987627506256, 0.9770890474319458, -0.14886067807674408, -0.5318250060081482, 0.20786508917808533, 0.8209472894668579),
            ["LowerTorso"] = CFrame.new(-0.16850556433200836, -0.2297191619873047, 0.20825345814228058, 0.7448372840881348, 0.03805592656135559, -0.6661600470542908, 0.036709263920784, 0.9945229887962341, 0.09785927087068558, 0.666235625743866, -0.09734348207712173, 0.7393608093261719),
            ["UpperTorso"] = CFrame.new(-2.9802322387695312e-08, 3.5762786865234375e-07, 7.450580596923828e-09, 0.9972423911094666, 0.039770543575286865, 0.06265832483768463, -0.05618562549352646, 0.95618736743927, 0.2873135507106781, -0.04848653823137283, -0.29004180431365967, 0.9557850360870361),
            ["HumanoidRootPart"] = CFrame.new(0, 0, 0, 1, 0, 0, 0, 1, 0, 0, 0, 1),
            ["RightUpperLeg"] = CFrame.new(0, -2.1979212760925293e-07, -1.6952981241047382e-09, 0.9698542356491089, -0.19056327641010284, 0.15188312530517578, 0.24172769486904144, 0.8311915993690491, -0.5006879568099976, -0.030831318348646164, 0.5223087072372437, 0.8521989583969116),
            ["LeftUpperArm"] = CFrame.new(5.960464477539063e-08, -1.1920928955078125e-07, 1.4901161193847656e-07, 0.8513778448104858, 0.3678181767463684, -0.37398621439933777, -0.35995036363601685, 0.9282708764076233, 0.09353598952293396, 0.3815647065639496, 0.054982006549835205, 0.9227054715156555),
            ["RightLowerArm"] = CFrame.new(2.384185791015625e-07, 3.5762786865234375e-07, -2.086162567138672e-07, 1, -6.081245373934507e-08, 2.8812788599452688e-08, 7.497146725654602e-08, 0.7245602607727051, -0.6892114877700806, 1.4901161193847656e-08, 0.6892115473747253, 0.7245602607727051),
            ["LeftHand"] = CFrame.new(1.4901161193847656e-07, 0, -1.4901161193847656e-08, 0.7699252367019653, 0.03138807415962219, 0.6373617053031921, 0.09007750451564789, 0.9834432005882263, -0.1572439968585968, -0.6317445635795593, 0.17847822606563568, 0.7543503046035767),
            ["RightHand"] = CFrame.new(-4.172325134277344e-07, 0, 4.284083843231201e-08, 0.9459049701690674, 0.07671547681093216, -0.31524357199668884, -0.09729599952697754, 0.993996262550354, -0.05004991590976715, 0.30951130390167236, 0.07801437377929688, 0.9476901888847351),
            ["RightUpperArm"] = CFrame.new(-5.960464477539063e-08, -2.384185791015625e-07, 2.086162567138672e-07, 0.8128915429115295, -0.4559358060359955, 0.3623948097229004, 0.30656713247299194, 0.8640144467353821, 0.39936918020248413, -0.49520108103752136, -0.21354538202285767, 0.842124879360199),
            ["RightLowerLeg"] = CFrame.new(5.960464477539063e-08, -0.00006031990051269531, -0.0000721050237189047, 1, -1.564622067462551e-07, -7.450582373280668e-09, 8.940696716308594e-08, 0.6909112930297852, 0.7229392528533936, 0, -0.7229395508766174, 0.6909117102622986),
            ["LeftUpperLeg"] = CFrame.new(0, 7.264316082000732e-08, -2.2351741790771484e-08, 0.7270995378494263, 0.5531033277511597, 0.40669766068458557, -0.07643864303827286, 0.6539326310157776, -0.7526813745498657, -0.6822634935379028, 0.5161868929862976, 0.5177526473999023),
            ["LeftLowerLeg"] = CFrame.new(-5.494803190231323e-08, 0.00006073713302612305, 0.00007217749953269958, 1, 8.242204785346985e-08, 3.5390257835388184e-08, -7.357449050005016e-08, 0.6068630218505859, 0.7948064804077148, 4.0978196835794733e-08, -0.7948064208030701, 0.6068629622459412),
        }},
        {Time = 0.267, Data = {
            ["RightFoot"] = CFrame.new(-8.940696716308594e-08, 4.172325134277344e-07, 3.894820110872388e-08, 0.917288601398468, 0.3545965254306793, -0.18122676014900208, -0.3937307894229889, 0.8757463693618774, -0.2793637216091156, 0.05964714288711548, 0.32761192321777344, 0.9429278373718262),
            ["LeftLowerArm"] = CFrame.new(-1.4901161193847656e-07, -1.7881393432617188e-07, -2.9802322387695312e-08, 1, -2.095475259977775e-08, 1.303851249190302e-08, 5.634501576423645e-08, 0.8263233304023743, -0.5631960034370422, 0, 0.5631960034370422, 0.826323390007019),
            ["LeftFoot"] = CFrame.new(8.381903171539307e-09, -1.1920928955078125e-07, 7.35744833946228e-08, 0.9925997257232666, -0.11079104244709015, -0.049710579216480255, 0.09663493931293488, 0.9685847163200378, -0.22914089262485504, 0.07353565096855164, 0.22264142334461212, 0.9721230864524841),
            ["Head"] = CFrame.new(-3.725290298461914e-09, 0, 0, 0.8232577443122864, -0.05792854726314545, 0.5647042989730835, 0.17590290307998657, 0.9718480110168457, -0.15674683451652527, -0.5397266149520874, 0.22837623953819275, 0.8102713227272034),
            ["LowerTorso"] = CFrame.new(-0.19553782045841217, -0.23662042617797852, 0.19427712261676788, 0.7294102907180786, 0.042398758232593536, -0.6827613711357117, 0.04637547954916954, 0.9927164316177368, 0.11119068413972855, 0.6825027465820312, -0.11276701092720032, 0.7221313118934631),
            ["UpperTorso"] = CFrame.new(0, 8.940696716308594e-08, 1.4901161193847656e-08, 0.9971498250961304, 0.039302758872509, 0.06440295279026031, -0.057444751262664795, 0.9488866925239563, 0.3103453516960144, -0.0489136204123497, -0.31316041946411133, 0.9484397768974304),
            ["HumanoidRootPart"] = CFrame.new(0, 0, 0, 1, 0, 0, 0, 1, 0, 0, 0, 1),
            ["RightUpperLeg"] = CFrame.new(0, -2.1513551473617554e-07, -1.6952981241047382e-09, 0.9684396982192993, -0.19468329846858978, 0.1556376963853836, 0.2477651834487915, 0.8199464678764343, -0.5160430073738098, -0.027149606496095657, 0.5383180975914001, 0.8423042893409729),
            ["LeftUpperArm"] = CFrame.new(1.1920928955078125e-07, -3.5762786865234375e-07, 5.960464477539063e-08, 0.8258111476898193, 0.38880088925361633, -0.40849703550338745, -0.3731548488140106, 0.9198297262191772, 0.12111511826515198, 0.4228372871875763, 0.052414312958717346, 0.9046885967254639),
            ["RightLowerArm"] = CFrame.new(1.1920928955078125e-07, 1.7881393432617188e-07, 2.980232238769531e-07, 1, -6.606568803135815e-08, 1.8568242055039264e-08, 6.705522537231445e-08, 0.7083051204681396, -0.7059064507484436, 2.9802322387695312e-08, 0.7059065103530884, 0.7083050608634949),
            ["LeftHand"] = CFrame.new(-1.4901161193847656e-07, 1.1920928955078125e-07, 4.470348358154297e-08, 0.7138550281524658, 0.054461728781461716, 0.6981727480888367, 0.09349247068166733, 0.9806349873542786, -0.17208799719810486, -0.6940246820449829, 0.1881198137998581, 0.6949393153190613),
            ["RightHand"] = CFrame.new(1.1920928955078125e-07, -3.5762786865234375e-07, -1.6111880540847778e-07, 0.9458447098731995, 0.051232434809207916, -0.320551335811615, -0.0713643804192543, 0.9961268305778503, -0.05136657878756523, 0.31667807698249817, 0.07146092504262924, 0.9458373785018921),
            ["RightUpperArm"] = CFrame.new(-5.960464477539063e-08, 0, 8.940696716308594e-08, 0.8053450584411621, -0.4635993242263794, 0.36945226788520813, 0.3119189739227295, 0.8613684177398682, 0.4009377956390381, -0.5041089653968811, -0.20765404403209686, 0.8383042812347412),
            ["RightLowerLeg"] = CFrame.new(-8.940696716308594e-08, -0.00006020069122314453, -0.00007204541907412931, 1, -4.563480615615845e-08, -9.685756197086448e-08, 8.940696716308594e-08, 0.699637234210968, 0.7144979238510132, 7.450580596923828e-08, -0.7144982814788818, 0.6996374726295471),
