return {
    ["Mawashi Geri"] = {
        {Time = 0.000, Data = {
            ["RightFoot"] = CFrame.new(0, -2.980232238769531e-07, 2.0787410903722048e-08, 0.8653707504272461, 0.4284049868583679, -0.26000475883483887, -0.49453431367874146, 0.6461284756660461, -0.5813384056091309, -0.08105175197124481, 0.6316542625427246, 0.771001398563385),
            ["LeftLowerArm"] = CFrame.new(1.4901161193847656e-08, 0, 5.960464477539063e-08, 0.9992811679840088, -0.03635246306657791, 0.01075697224587202, 0.024302808567881584, 0.3964926302433014, -0.9177161455154419, 0.029096242040395737, 0.9173179268836975, 0.39709123969078064),
            ["RightUpperArm"] = CFrame.new(1.7881393432617188e-07, 2.384185791015625e-07, 4.470348358154297e-08, 0.5208504796028137, -0.41459333896636963, 0.7462084889411926, 0.4408494234085083, 0.8791900873184204, 0.18076680600643158, -0.7310038208961487, 0.23481309413909912, 0.6406999230384827),
            ["Head"] = CFrame.new(1.9208528101444244e-09, 1.1920928955078125e-07, -1.3504177331924438e-08, 0.3538186550140381, -0.07592299580574036, 0.9322274327278137, -0.006859408691525459, 0.9964625239372253, 0.0837579146027565, -0.9352889060974121, -0.0360296405851841, 0.35204631090164185),
            ["RightHand"] = CFrame.new(-2.2351741790771484e-08, 0, 1.9744038581848145e-07, -0.35930344462394714, 0.24575470387935638, -0.9002809524536133, -0.15806405246257782, 0.9347386360168457, 0.31824445724487305, 0.9197374582290649, 0.25664830207824707, -0.29700973629951477),
            ["UpperTorso"] = CFrame.new(8.614733815193176e-09, 0, -4.656612873077393e-10, 1, 1.1641531072470457e-09, 4.7031790018081665e-08, -9.313225746154785e-10, 1, -4.656612873077393e-10, -4.202593117952347e-08, -9.313224635931761e-10, 1),
            ["HumanoidRootPart"] = CFrame.new(0, 0, 0, 1, 0, 0, 0, 1, 0, 0, 0, 1),
            ["RightUpperLeg"] = CFrame.new(5.960464477539063e-08, 0.000026302062906324863, 0.000007631424523424357, 0.8499583005905151, -0.1461864560842514, 0.5061626434326172, 0.4613412320613861, 0.6704816222190857, -0.581049382686615, -0.2544310986995697, 0.7273815870285034, 0.6373233199119568),
            ["LeftUpperArm"] = CFrame.new(0, 2.384185791015625e-07, 8.940696716308594e-08, 0.4387476146221161, 0.4570835828781128, 0.7736763954162598, -0.2773835361003876, 0.8878137469291687, -0.36721256375312805, -0.8547273874282837, -0.05349142849445343, 0.5163137912750244),
            ["RightLowerArm"] = CFrame.new(-8.940696716308594e-08, 0, 7.450580596923828e-09, 0.9996243119239807, 0.023571094498038292, -0.013989713042974472, -0.012117584235966206, -0.07777472585439682, -0.9968973994255066, -0.02458610199391842, 0.9966922998428345, -0.07745962589979172),
            ["LeftHand"] = CFrame.new(-7.450580596923828e-08, -1.1920928955078125e-07, -7.450580596923828e-09, 0.9435259699821472, 0.2843230664730072, 0.17005665600299835, -0.22735391557216644, 0.9290439486503601, -0.2918689548969269, -0.24097515642642975, 0.23672285676002502, 0.9412190914154053),
            ["LeftFoot"] = CFrame.new(3.725290298461914e-09, 0, -6.612390279769897e-08, 0.9872465133666992, -0.11969910562038422, 0.10495951026678085, 0.0503874272108078, 0.8603429198265076, 0.5072187781333923, -0.1510148048400879, -0.4954616129398346, 0.8554019927978516),
            ["LowerTorso"] = CFrame.new(0.010730667039752007, -0.5894215106964111, -0.049612995237112045, 0.35379084944725037, -0.006404671352356672, -0.9353026747703552, -0.04645586758852005, 0.9986220598220825, -0.02441081963479519, 0.9341702461242676, 0.052086614072322845, 0.3530057966709137),
            ["RightLowerLeg"] = CFrame.new(2.9802322387695312e-08, -1.1920928955078125e-07, 4.639878170564771e-08, 1, 0, -1.4901161193847656e-07, 8.195639367158947e-08, 0.04168306291103363, 0.9991309642791748, -8.940698137394065e-08, -0.9991309642791748, 0.04168279469013214),
            ["LeftUpperLeg"] = CFrame.new(-5.960464477539063e-08, -0.00002662616316229105, -0.000007633119821548462, 0.5050733089447021, 0.769909143447876, 0.3900527358055115, -0.11727002263069153, 0.5089600682258606, -0.8527644872665405, -0.8550723195075989, 0.38496726751327515, 0.3473496437072754),
            ["LeftLowerLeg"] = CFrame.new(7.450580596923828e-09, 0, 6.51925802230835e-09, 1, -2.9802318834981634e-08, -2.235175244891252e-08, 0, 0.8456452488899231, 0.5337453484535217, -7.4505797087454084e-09, -0.5337454080581665, 0.8456452488899231),
        }},
        {Time = 0.040, Data = {
            ["RightFoot"] = CFrame.new(-2.2351741790771484e-08, -2.980232238769531e-07, 7.283233571797609e-09, 0.7789475917816162, 0.479890912771225, -0.40366438031196594, -0.6269807815551758, 0.5840420722961426, -0.5155484676361084, -0.011650118976831436, 0.6546751856803894, 0.755820631980896),
            ["LeftLowerArm"] = CFrame.new(-5.960464477539063e-08, 1.1920928955078125e-07, -1.1175870895385742e-07, 0.9990500211715698, -0.04120028018951416, 0.014201730489730835, 0.026450762525200844, 0.31428685784339905, -0.9489596486091614, 0.03463389351963997, 0.9484336376190186, 0.3150777816772461),
            ["RightUpperArm"] = CFrame.new(5.960464477539063e-08, -1.1920928955078125e-07, 8.940696716308594e-08, 0.47365498542785645, -0.21816477179527283, 0.8532614707946777, 0.5415498614311218, 0.8361730575561523, -0.08682482689619064, -0.6945319771766663, 0.5032086372375488, 0.5142045617103577),
            ["Head"] = CFrame.new(3.5390257835388184e-08, -7.152557373046875e-07, 3.073364496231079e-08, 0.4143097400665283, -0.06771575659513474, 0.9076133370399475, -0.010182552970945835, 0.9968210458755493, 0.07901957631111145, -0.9100790023803711, -0.04198041930794716, 0.4123031198978424),
            ["RightHand"] = CFrame.new(-1.1175870895385742e-07, -5.960464477539063e-08, 2.9802322387695312e-08, -0.35930338501930237, 0.24575470387935638, -0.9002808928489685, -0.15806405246257782, 0.9347385764122009, 0.3182443678379059, 0.9197374582290649, 0.25664830207824707, -0.29700967669487),
            ["UpperTorso"] = CFrame.new(1.0244548320770264e-08, 0, 3.725290298461914e-09, 1, 4.656612873077393e-10, -5.704350769519806e-09, 2.7939677238464355e-09, 1, 9.313225746154785e-10, 5.4016709327697754e-08, 1.862645149230957e-09, 1),
            ["HumanoidRootPart"] = CFrame.new(0, 0, 0, 1, 0, 0, 0, 1, 0, 0, 0, 1),
            ["RightUpperLeg"] = CFrame.new(8.940696716308594e-08, 0.000026537105441093445, 0.000007709655619692057, 0.8280792832374573, -0.29460182785987854, 0.4769640862941742, 0.5050588846206665, 0.7612894177436829, -0.4066378176212311, -0.24331144988536835, 0.5776230692863464, 0.779198944568634),
            ["LeftUpperArm"] = CFrame.new(-5.960464477539063e-08, -2.384185791015625e-07, 0, 0.5054481029510498, 0.3682917356491089, 0.7803098559379578, -0.3019678592681885, 0.9226467609405518, -0.23987160623073578, -0.8082931041717529, -0.11438579857349396, 0.5775622129440308),
            ["RightLowerArm"] = CFrame.new(1.564621925354004e-07, -1.1920928955078125e-07, -2.2351741790771484e-08, 0.9997616410255432, 0.019946904852986336, -0.0088851572945714, -0.011857537552714348, 0.15423840284347534, -0.9879626035690308, -0.018336478620767593, 0.9878323078155518, 0.15443812310695648),
            ["LeftHand"] = CFrame.new(-2.9802322387695312e-08, 0, -2.086162567138672e-07, 0.9435259699821472, 0.2843230664730072, 0.17005661129951477, -0.22735388576984406, 0.9290440082550049, -0.29186901450157166, -0.24097517132759094, 0.23672285676002502, 0.9412190914154053),
            ["LeftFoot"] = CFrame.new(-1.4901161193847656e-08, -1.1920928955078125e-07, -1.5459954738616943e-07, 0.9920172691345215, -0.0890893042087555, 0.08924584090709686, 0.05745786055922508, 0.9493290781974792, 0.3089871406555176, -0.11225113272666931, -0.3013927638530731, 0.9468697309494019),
            ["LowerTorso"] = CFrame.new(0.04208345711231232, -0.5729734897613525, -0.21203204989433289, 0.41466858983039856, -0.01672968827188015, -0.9098188281059265, -0.04164090380072594, 0.9984347224235535, -0.03733784705400467, 0.9090193510055542, 0.053368497639894485, 0.41332289576530457),
            ["RightLowerLeg"] = CFrame.new(-2.9802322387695312e-08, -2.980232238769531e-07, -7.281050784513354e-08, 1, 2.9802340151263707e-08, -2.9802322387695312e-08, 1.1920930376163597e-07, 0.1824822723865509, 0.9832090735435486, -8.940698137394065e-08, -0.9832092523574829, 0.18248260021209717),
            ["LeftUpperLeg"] = CFrame.new(-8.940696716308594e-08, -0.000026455847546458244, -0.000007681548595428467, 0.547078013420105, 0.7763022780418396, 0.3131461441516876, -0.09750315546989441, 0.43064308166503906, -0.8972401022911072, -0.8313836455345154, 0.46032753586769104, 0.31128719449043274),
            ["LeftLowerLeg"] = CFrame.new(-1.1175870895385742e-08, 1.1920928955078125e-07, 1.816079020500183e-08, 1, 0, -4.842879164357328e-08, 1.1175870895385742e-08, 0.643717885017395, 0.7652629017829895, -1.4901161193847656e-08, -0.7652629613876343, 0.6437179446220398),
        }},
        {Time = 0.080, Data = {
            ["RightFoot"] = CFrame.new(-2.9802322387695312e-08, -2.980232238769531e-07, 2.1253072191029787e-08, 0.6619647741317749, 0.5285301804542542, -0.531467854976654, -0.7429041862487793, 0.5567593574523926, -0.37163522839546204, 0.09947904944419861, 0.6408392190933228, 0.7612023949623108),
            ["LeftLowerArm"] = CFrame.new(1.4901161193847656e-07, -5.960464477539063e-08, 1.1920928955078125e-07, 0.9987335205078125, -0.0466381199657917, 0.018875587731599808, 0.028467264026403427, 0.2144780457019806, -0.9763138294219971, 0.0414852611720562, 0.9756147861480713, 0.21553422510623932),
            ["RightUpperArm"] = CFrame.new(5.960464477539063e-08, -2.384185791015625e-07, 5.960464477539063e-08, 0.43712684512138367, 0.0365302674472332, 0.8986577391624451, 0.6320303082466125, 0.6983984112739563, -0.3358231782913208, -0.6398888230323792, 0.7147763967514038, 0.2822004556655884),
            ["Head"] = CFrame.new(6.379559636116028e-08, 2.384185791015625e-07, -1.7695128917694092e-08, 0.5349022150039673, -0.024810578674077988, 0.8445494771003723, -0.040657877922058105, 0.9976549744606018, 0.05505935847759247, -0.8439351916313171, -0.06378892809152603, 0.53263920545578),
            ["RightHand"] = CFrame.new(1.7508864402770996e-07, 5.960464477539063e-08, 2.384185791015625e-07, -0.35930338501930237, 0.2457546889781952, -0.9002808928489685, -0.1580640822649002, 0.9347385764122009, 0.31824439764022827, 0.9197373986244202, 0.2566482722759247, -0.2970097064971924),
            ["UpperTorso"] = CFrame.new(-1.1175870895385742e-08, 0, -2.2351741790771484e-08, 1, -1.862645149230957e-09, -5.145556514207783e-08, 0, 1, 3.7252898543727042e-09, 3.748573007555933e-08, 3.725290298461914e-09, 1),
            ["HumanoidRootPart"] = CFrame.new(0, 0, 0, 1, 0, 0, 0, 1, 0, 0, 0, 1),
            ["RightUpperLeg"] = CFrame.new(0, 0.000026494264602661133, 0.000007679853297304362, 0.815032958984375, -0.5066491961479187, 0.281119167804718, 0.5347132682800293, 0.8445649743080139, -0.028140399605035782, -0.22316595911979675, 0.1732533574104309, 0.9592602252960205),
            ["LeftUpperArm"] = CFrame.new(5.960464477539063e-08, -2.384185791015625e-07, -2.9802322387695312e-08, 0.6292533278465271, 0.27045246958732605, 0.7286259531974792, -0.3471040427684784, 0.9366033673286438, -0.04788507893681526, -0.6953840851783752, -0.22277724742889404, 0.6832358837127686),
            ["RightLowerArm"] = CFrame.new(-1.4901161193847656e-07, -5.960464477539063e-08, -1.1920928955078125e-07, 0.9999338388442993, 0.011239186860620975, -0.002473524771630764, -0.00805246364325285, 0.5297561287879944, -0.8481119275093079, -0.008221541531383991, 0.8480755686759949, 0.5298113226890564),
            ["LeftHand"] = CFrame.new(-1.1920928955078125e-07, 0, -1.4901161193847656e-07, 0.9435259699821472, 0.2843230962753296, 0.17005667090415955, -0.22735390067100525, 0.9290440678596497, -0.29186901450157166, -0.24097517132759094, 0.23672287166118622, 0.9412190914154053),
            ["LeftFoot"] = CFrame.new(-2.7474015951156616e-08, 1.1920928955078125e-07, 2.4400651454925537e-07, 0.9983307123184204, -0.02556155063211918, 0.05179143697023392, 0.023337513208389282, 0.9987981915473938, 0.043101727962493896, -0.05283087119460106, -0.04182107746601105, 0.9977273941040039),
            ["LowerTorso"] = CFrame.new(0.0822974294424057, -0.5285022258758545, -0.48203206062316895, 0.5350828766822815, -0.047641441226005554, -0.8434551954269409, -0.02678176946938038, 0.9969502687454224, -0.07330159097909927, 0.8443750143051147, 0.0618116557598114, 0.5321750044822693),
            ["RightLowerLeg"] = CFrame.new(-4.842877388000488e-08, -2.980232238769531e-07, 1.1345400707796216e-07, 1, -1.6391282997574308e-07, -8.195638656616211e-08, 1.1920928955078125e-07, 0.5567219853401184, 0.8306988477706909, -7.82310962677002e-08, -0.8306989073753357, 0.5567220449447632),
            ["LeftUpperLeg"] = CFrame.new(-2.9802322387695312e-08, -0.000026772264391183853, -0.00000768899917602539, 0.6263726949691772, 0.7196263074874878, 0.2996586263179779, -0.06592290848493576, 0.43193620443344116, -0.8994916081428528, -0.7767312526702881, 0.5436627864837646, 0.3179929852485657),
            ["LeftLowerLeg"] = CFrame.new(1.862645149230957e-09, 1.7881393432617188e-07, 2.0139850676059723e-07, 1, -7.916242772409987e-09, -1.1757950169055675e-08, -4.656612428988183e-09, 0.41012972593307495, 0.9120272994041443, -3.7252898543727042e-09, -0.9120272994041443, 0.41012969613075256),
        }},
        {Time = 0.120, Data = {
            ["RightFoot"] = CFrame.new(4.470348358154297e-08, -2.980232238769531e-07, 3.149762051180005e-08, 0.7798040509223938, 0.2746427655220032, -0.5625625252723694, -0.3314143717288971, 0.9434847831726074, 0.001214734511449933, 0.5311028361320496, 0.1854938417673111, 0.8267538547515869),
            ["LeftLowerArm"] = CFrame.new(-8.940696716308594e-08, 8.344650268554688e-07, -5.960464477539063e-08, 0.9984164834022522, -0.05113482475280762, 0.02344687469303608, 0.029877595603466034, 0.12886200845241547, -0.9912124276161194, 0.0476643405854702, 0.9903433322906494, 0.13018567860126495),
            ["RightUpperArm"] = CFrame.new(-1.1920928955078125e-07, -2.384185791015625e-07, -1.601874828338623e-07, 0.46829551458358765, 0.17328041791915894, 0.8664141893386841, 0.6247308850288391, 0.6284949779510498, -0.4633632302284241, -0.6248286366462708, 0.7582663893699646, 0.18606774508953094),
            ["Head"] = CFrame.new(-2.421438694000244e-08, 0, -1.6763806343078613e-07, 0.6934385895729065, 0.07868560403585434, 0.7162061929702759, -0.11717739701271057, 0.9931015372276306, 0.004345862194895744, -0.7109236717224121, -0.08693676441907883, 0.6978752017021179),
            ["RightHand"] = CFrame.new(6.780028343200684e-07, 2.384185791015625e-07, -1.5087425708770752e-07, -0.35930347442626953, 0.24575470387935638, -0.9002809524536133, -0.15806402266025543, 0.9347386360168457, 0.31824442744255066, 0.9197373986244202, 0.2566482722759247, -0.29700973629951477),
            ["UpperTorso"] = CFrame.new(1.862645149230957e-08, 0, -5.587935447692871e-08, 1, 1.862645371275562e-09, 1.0011717677116394e-08, 0, 1, 3.725290298461914e-09, 3.9406586438417435e-08, -7.450581485102248e-09, 1),
            ["HumanoidRootPart"] = CFrame.new(0, 0, 0, 1, 0, 0, 0, 1, 0, 0, 0, 1),
            ["RightUpperLeg"] = CFrame.new(-5.960464477539063e-08, 0.000026401132345199585, 0.000007568094588350505, 0.8663750290870667, -0.48274630308151245, 0.12786881625652313, 0.4300994873046875, 0.8514071106910706, 0.30020052194595337, -0.25378885865211487, -0.2050902247428894, 0.9452667236328125),
            ["LeftUpperArm"] = CFrame.new(1.7881393432617188e-07, 0, -2.9802322387695312e-08, 0.7857361435890198, 0.25185054540634155, 0.5649691820144653, -0.4063432514667511, 0.8987978100776672, 0.16446182131767273, -0.46637314558029175, -0.3587949872016907, 0.8085556030273438),
            ["RightLowerArm"] = CFrame.new(1.471489667892456e-07, 4.76837158203125e-07, -2.2351741790771484e-08, 0.9999868869781494, 0.005108194891363382, -0.0004945381078869104, -0.003993707709014416, 0.7140392661094666, -0.7000945210456848, -0.003222755389288068, 0.7000871300697327, 0.7140501737594604),
            ["LeftHand"] = CFrame.new(5.960464477539063e-08, 1.1920928955078125e-07, -1.4156103134155273e-07, 0.9435259699821472, 0.2843230664730072, 0.17005659639835358, -0.22735390067100525, 0.9290440678596497, -0.29186901450157166, -0.24097520112991333, 0.23672282695770264, 0.9412190318107605),
            ["LeftFoot"] = CFrame.new(-1.57160684466362e-09, -1.1920928955078125e-07, -4.4121406972408295e-08, 0.995980441570282, 0.06700652092695236, -0.05944124981760979, -0.07746429741382599, 0.9775357246398926, -0.1960189938545227, 0.044971369206905365, 0.19983536005020142, 0.9787968993186951),
            ["LowerTorso"] = CFrame.new(0.11539766937494278, -0.41513657569885254, -0.8151928186416626, 0.6941897869110107, -0.09982531517744064, -0.7128362655639648, 0.0072060213424265385, 0.9912505745887756, -0.13179683685302734, 0.7197559475898743, 0.0863552987575531, 0.6888353824615479),
            ["RightLowerLeg"] = CFrame.new(-1.4901161193847656e-08, -3.5762786865234375e-07, 7.620110409334302e-08, 1, -1.192093463942001e-07, -2.980233304583635e-08, 1.1920926112907182e-07, 0.7153303623199463, 0.6987863779067993, -2.2351736461700966e-08, -0.6987866163253784, 0.7153304815292358),
            ["LeftUpperLeg"] = CFrame.new(0, -0.000026777386665344238, -0.000007756054401397705, 0.69331955909729, 0.5952093601226807, 0.40624356269836426, -0.033155832439661026, 0.5894840359687805, -0.8070992231369019, -0.7198671698570251, 0.5461084246635437, 0.4284355640411377),
            ["LeftLowerLeg"] = CFrame.new(-2.9511284083127975e-08, 0, -8.009374141693115e-08, 1, -1.0062652933129357e-08, -2.037269380972262e-10, 9.924406185746193e-09, 0.33596789836883545, 0.9418735504150391, -6.170012056827545e-09, -0.9418734908103943, 0.3359677195549011),
        }},
        {Time = 0.160, Data = {
            ["RightFoot"] = CFrame.new(7.450580596923828e-08, -3.5762786865234375e-07, -1.1751399142667651e-07, 0.8328714966773987, 0.2075290083885193, -0.513085126876831, -0.327621728181839, 0.9320363402366638, -0.15483132004737854, 0.4460819363594055, 0.2970520853996277, 0.8442577123641968),
            ["LeftLowerArm"] = CFrame.new(1.1175870895385742e-07, -4.76837158203125e-07, 1.4901161193847656e-08, 0.9977936744689941, -0.05824168398976326, 0.0318707674741745, 0.03203292191028595, 0.0018559491727501154, -0.999485194683075, 0.05815250426530838, 0.9983007907867432, 0.003717562183737755),
            ["RightUpperArm"] = CFrame.new(-5.960464477539063e-08, 2.384185791015625e-07, -8.195638656616211e-08, 0.8229925632476807, -0.08672580868005753, 0.5613930225372314, 0.3528703451156616, 0.8525221943855286, -0.3856015205383301, -0.4451584219932556, 0.5154460668563843, 0.7322222590446472),
            ["Head"] = CFrame.new(-7.450580596923828e-09, 1.1920928955078125e-07, -8.568167686462402e-08, 0.95796138048172, 0.16451294720172882, 0.23504367470741272, -0.1954088807106018, 0.9739912152290344, 0.11470235884189606, -0.21006052196025848, -0.15581014752388, 0.9651932120323181),
            ["RightHand"] = CFrame.new(2.384185791015625e-07, 0, 1.341104507446289e-07, -0.35930341482162476, 0.24575471878051758, -0.9002809524536133, -0.15806396305561066, 0.9347386956214905, 0.31824439764022827, 0.9197373986244202, 0.25664830207824707, -0.29700976610183716),
            ["UpperTorso"] = CFrame.new(7.450580596923828e-09, -1.1920928955078125e-07, -8.66129994392395e-08, 1, -7.450581485102248e-09, -1.862645149230957e-08, -3.725290298461914e-09, 1, 1.4901161193847656e-08, -3.725290298461914e-09, 0, 1),
            ["HumanoidRootPart"] = CFrame.new(0, 0, 0, 1, 0, 0, 0, 1, 0, 0, 0, 1),
            ["RightUpperLeg"] = CFrame.new(1.4901161193847656e-07, 0.000026553869247436523, 0.000007709655619692057, 0.8707336187362671, -0.45295026898384094, 0.19146542251110077, 0.4893040359020233, 0.7592007517814636, -0.42918074131011963, 0.049036573618650436, 0.46738681197166443, 0.8826919198036194),
            ["LeftUpperArm"] = CFrame.new(1.1920928955078125e-07, 2.384185791015625e-07, -1.043081283569336e-07, 0.9078381061553955, 0.3140535056591034, 0.2778496742248535, -0.4157944917678833, 0.7599681615829468, 0.4995632469654083, -0.05426739156246185, -0.5690508484840393, 0.8205097913742065),
            ["RightLowerArm"] = CFrame.new(-4.172325134277344e-07, -4.172325134277344e-07, 1.2665987014770508e-07, 0.9998399019241333, 0.016805609688162804, -0.00614978838711977, -0.01045957487076521, 0.26995113492012024, -0.9628173112869263, -0.014520574361085892, 0.962727427482605, 0.2700835168361664),
            ["LeftHand"] = CFrame.new(5.960464477539063e-08, 5.960464477539063e-08, -7.450580596923828e-09, 0.943526029586792, 0.2843230962753296, 0.17005664110183716, -0.22735385596752167, 0.9290439486503601, -0.29186898469924927, -0.24097520112991333, 0.23672279715538025, 0.9412190914154053),
            ["LeftFoot"] = CFrame.new(5.21540641784668e-08, 2.980232238769531e-07, -5.960464477539063e-08, 0.9210541844367981, 0.18010301887989044, -0.3452852666378021, -0.27694666385650635, 0.926262617111206, -0.25561389327049255, 0.27378788590431213, 0.33105984330177307, 0.903016984462738),
            ["LowerTorso"] = CFrame.new(0.14768551290035248, -0.274172306060791, -1.176733136177063, 0.9580655097961426, -0.19475820660591125, -0.2101897895336151, 0.14539378881454468, 0.9624829292297363, -0.22910092771053314, 0.24692337214946747, 0.18893340229988098, 0.9504383206367493),
            ["RightLowerLeg"] = CFrame.new(1.1920928955078125e-07, -3.5762786865234375e-07, 1.6560807125642896e-07, 1, -7.450585925994346e-09, -5.215408194203519e-08, 7.450579886381092e-08, -0.29331350326538086, 0.9560164213180542, -1.4156101713069802e-07, -0.9560163021087646, -0.2933133840560913),
            ["LeftUpperLeg"] = CFrame.new(5.960464477539063e-08, -0.000026613473892211914, -0.000007528811693191528, 0.8553451895713806, 0.3692973554134369, 0.3633236289024353, -0.06444200128316879, 0.7717164754867554, -0.6326935291290283, -0.5140348672866821, 0.5177578330039978, 0.6838822960853577),
            ["LeftLowerLeg"] = CFrame.new(5.960464477539063e-08, -5.960464477539063e-08, 1.6391277313232422e-07, 1, 3.7252917195473856e-08, 3.725290742551124e-09, 3.725289587919178e-08, 0.40501120686531067, 0.9143117666244507, 2.9802315282267955e-08, -0.9143117070198059, 0.4050113558769226),
        }},
        {Time = 0.200, Data = {
            ["RightFoot"] = CFrame.new(5.960464477539063e-08, -2.980232238769531e-07, -1.0261283023282886e-07, 0.9643938541412354, 0.22168537974357605, -0.14422295987606049, -0.1101086288690567, 0.8323745727539062, 0.5431661009788513, 0.2404591292142868, -0.50794517993927, 0.8271458745002747),
            ["LeftLowerArm"] = CFrame.new(-3.725290298461914e-09, 4.172325134277344e-07, -2.1606683731079102e-07, 0.9971413612365723, -0.06440123170614243, 0.03951827809214592, 0.03477052226662636, -0.07324585318565369, -0.9967076778411865, 0.06708332151174545, 0.9952324032783508, -0.07079736143350601),
            ["RightUpperArm"] = CFrame.new(-5.960464477539063e-08, 3.5762786865234375e-07, 2.980232238769531e-07, 0.9920039772987366, -0.06259018182754517, -0.1095932275056839, 0.0394347719848156, 0.9786033034324646, -0.2019418179988861, 0.11988802254199982, 0.19600528478622437, 0.9732466340065002),
            ["Head"] = CFrame.new(-1.043081283569336e-07, 0, 1.043081283569336e-07, 0.8783175945281982, 0.28879353404045105, -0.38099411129951477, -0.14740486443042755, 0.9216920137405396, 0.35882553458213806, 0.4547857642173767, -0.2590023875236511, 0.8521078824996948),
            ["RightHand"] = CFrame.new(-2.384185791015625e-07, 0, -1.9371509552001953e-07, -0.35930338501930237, 0.24575473368167877, -0.9002808928489685, -0.1580640971660614, 0.9347385764122009, 0.3182443678379059, 0.9197374582290649, 0.2566482722759247, -0.29700967669487),
            ["UpperTorso"] = CFrame.new(0, -8.940696716308594e-08, -6.705522537231445e-08, 1, -1.4901162970204496e-08, 4.470348358154297e-08, 0, 1, -1.4901161193847656e-08, 0, 4.4703490686970326e-08, 1),
            ["HumanoidRootPart"] = CFrame.new(0, 0, 0, 1, 0, 0, 0, 1, 0, 0, 0, 1),
            ["RightUpperLeg"] = CFrame.new(5.960464477539063e-08, 0.000026457011699676514, 0.000007672402716707438, 0.5765511393547058, -0.7369977831840515, 0.35273656249046326, 0.7493487000465393, 0.3048775792121887, -0.5878146886825562, 0.3256768584251404, 0.6032280921936035, 0.7280459403991699),
            ["LeftUpperArm"] = CFrame.new(-5.960464477539063e-08, 3.5762786865234375e-07, 8.940696716308594e-08, 0.8554304242134094, 0.5051401257514954, -0.1143336072564125, -0.2665330767631531, 0.6186445355415344, 0.7390798330307007, 0.444070965051651, -0.6017577648162842, 0.6638439297676086),
            ["RightLowerArm"] = CFrame.new(8.940696716308594e-08, 2.384185791015625e-07, 2.3096799850463867e-07, 0.999685525894165, 0.021723203361034393, -0.012533625587821007, -0.010422904044389725, -0.09469041973352432, -0.9954521656036377, -0.022811435163021088, 0.995269775390625, -0.09443414211273193),
            ["LeftHand"] = CFrame.new(5.21540641784668e-08, 1.1920928955078125e-07, -6.016343832015991e-07, 0.9435259103775024, 0.2843230366706848, 0.17005664110183716, -0.22735390067100525, 0.9290440082550049, -0.29186907410621643, -0.24097520112991333, 0.23672279715538025, 0.9412190914154053),
            ["LeftFoot"] = CFrame.new(2.9802322387695312e-08, 0, -2.0489096641540527e-07, 0.7595862150192261, 0.1376228928565979, -0.6356798410415649, -0.33395981788635254, 0.9212080836296082, -0.19961592555046082, 0.5581215620040894, 0.3639170229434967, 0.7456973195075989),
            ["LowerTorso"] = CFrame.new(0.16435810923576355, -0.07010900974273682, -1.5619709491729736, 0.8505475521087646, -0.2257392257452011, 0.4749850928783417, 0.35996997356414795, 0.9083489179611206, -0.21289415657520294, -0.38339367508888245, 0.35205692052841187, 0.853853166103363),
            ["RightLowerLeg"] = CFrame.new(1.7881393432617188e-07, -2.384185791015625e-07, 1.6596459317952394e-08, 1, -2.9802340151263707e-08, -5.215405707303944e-08, 5.21540641784668e-08, -0.01939069852232933, 0.9998120069503784, -1.4156103134155273e-07, -0.9998120069503784, -0.019390655681490898),
            ["LeftUpperLeg"] = CFrame.new(8.940696716308594e-08, -0.000026777386665344238, -0.000007696449756622314, 0.9526572227478027, 0.30174529552459717, 0.03733733668923378, -0.2621271014213562, 0.8773188591003418, -0.4019961655139923, -0.1540573537349701, 0.3731776177883148, 0.9148798584938049),
            ["LeftLowerLeg"] = CFrame.new(8.940696716308594e-08, 2.384185791015625e-07, 8.940696716308594e-08, 1, -1.4901164746561335e-08, -3.725290298461914e-09, 2.9802322387695312e-08, 0.5729718208312988, 0.8195751309394836, -5.21540641784668e-08, -0.8195751309394836, 0.5729717016220093),
        }},
        {Time = 0.240, Data = {
            ["RightFoot"] = CFrame.new(0, -4.172325134277344e-07, 5.232359399087727e-07, 0.9760610461235046, 0.2164808064699173, -0.020999131724238396, -0.2119724452495575, 0.9684467911720276, 0.13106755912303925, 0.048710353672504425, -0.12347836792469025, 0.991150975227356),
            ["LeftLowerArm"] = CFrame.new(1.2665987014770508e-07, -5.960464477539063e-08, 1.6391277313232422e-07, 0.9960206747055054, -0.07144033163785934, 0.0532839298248291, 0.03508114069700241, -0.23533491790294647, -0.971281111240387, 0.08192811906337738, 0.9692851901054382, -0.2318921685218811),
            ["RightUpperArm"] = CFrame.new(2.384185791015625e-07, 2.384185791015625e-07, 1.1920928955078125e-07, 0.9617491960525513, -0.025290105491876602, -0.2727614641189575, 0.068230040371418, 0.9864633679389954, 0.14911304414272308, 0.26529815793037415, -0.16201987862586975, 0.9504559636116028),
            ["Head"] = CFrame.new(3.427267074584961e-07, 1.1920928955078125e-07, -1.6391277313232422e-07, 0.6840994358062744, 0.4276883602142334, -0.5908392071723938, -0.12860828638076782, 0.8680842518806458, 0.4794679880142212, 0.7179610133171082, -0.2520168721675873, 0.6488601565361023),
            ["RightHand"] = CFrame.new(-2.086162567138672e-07, 1.1920928955078125e-07, -1.1175870895385742e-08, -0.35930344462394714, 0.2457546591758728, -0.9002808332443237, -0.1580640822649002, 0.9347386360168457, 0.31824445724487305, 0.9197374582290649, 0.2566482722759247, -0.29700973629951477),
            ["UpperTorso"] = CFrame.new(1.341104507446289e-07, -1.7881393432617188e-07, -3.725290298461914e-08, 1, -1.4901161193847656e-08, 7.450581485102248e-09, 0, 1, 1.4901162970204496e-08, 1.4901161193847656e-08, -1.4901161193847656e-08, 1),
            ["HumanoidRootPart"] = CFrame.new(0, 0, 0, 1, 0, 0, 0, 1, 0, 0, 0, 1),
            ["RightUpperLeg"] = CFrame.new(-1.1920928955078125e-07, 0.000026188790798187256, 0.000007761809683870524, 0.4823775589466095, -0.582341730594635, 0.6543623805046082, 0.816197395324707, 0.02760232798755169, -0.5771134495735168, 0.3180152177810669, 0.8124754428863525, 0.488620400428772),
            ["LeftUpperArm"] = CFrame.new(1.7881393432617188e-07, -1.1920928955078125e-07, -8.940696716308594e-08, 0.7908717393875122, 0.578885555267334, -0.1985284388065338, -0.3066445291042328, 0.6555898785591125, 0.6900516748428345, 0.5296142101287842, -0.48486456274986267, 0.6959993839263916),
            ["RightLowerArm"] = CFrame.new(3.2782554626464844e-07, 4.76837158203125e-07, 1.564621925354004e-07, 0.9995571374893188, 0.02363281324505806, -0.01808512583374977, -0.008300245739519596, -0.36220040917396545, -0.9320632815361023, -0.028577763587236404, 0.9318006634712219, -0.361844003200531),
            ["LeftHand"] = CFrame.new(-5.960464477539063e-08, -5.960464477539063e-08, -2.682209014892578e-07, 0.9435259103775024, 0.2843230962753296, 0.17005662620067596, -0.22735390067100525, 0.9290439486503601, -0.29186898469924927, -0.24097520112991333, 0.23672272264957428, 0.9412190914154053),
            ["LeftFoot"] = CFrame.new(4.045432433485985e-08, -1.1920928955078125e-07, 2.60770320892334e-08, 0.7554473280906677, -0.0025414524134248495, -0.6552044749259949, -0.20504356920719147, 0.9488475918769836, -0.24009451270103455, 0.6222994923591614, 0.31572434306144714, 0.7162832617759705),
            ["LowerTorso"] = CFrame.new(0.1643582135438919, 0.10248613357543945, -1.895837664604187, 0.6393249034881592, -0.21464315056800842, 0.7383711934089661, 0.47459760308265686, 0.865670382976532, -0.1592855304479599, -0.6049965620040894, 0.4522643983364105, 0.6553137302398682),
            ["RightLowerLeg"] = CFrame.new(2.4586915969848633e-07, 0, -7.281050784513354e-08, 1, -8.94070240065048e-08, -1.341104365337742e-07, 9.685754776000977e-08, 0.2882768511772156, 0.9575470685958862, -8.940696716308594e-08, -0.9575471878051758, 0.28827691078186035),
            ["LeftUpperLeg"] = CFrame.new(5.960464477539063e-08, -0.00002658925950527191, -0.000007614493370056152, 0.8787654638290405, 0.44589653611183167, -0.17014040052890778, -0.46471595764160156, 0.8806362748146057, -0.09229812026023865, 0.10867617279291153, 0.16017533838748932, 0.9810878038406372),
            ["LeftLowerLeg"] = CFrame.new(1.0244548320770264e-07, 0, -8.940696716308594e-08, 1, 1.7927957784991122e-08, -2.5436747819185257e-08, 4.889443072642052e-09, 0.7998784780502319, 0.6001617908477783, -7.741618013312745e-09, -0.6001619100570679, 0.7998786568641663),
        }},
        {Time = 0.280, Data = {
            ["RightFoot"] = CFrame.new(-4.4330954551696777e-07, -3.5762786865234375e-07, 2.4047039914876223e-08, 0.9928146600723267, 0.11932602524757385, -0.00896043237298727, -0.11621494591236115, 0.9793509244918823, 0.16542713344097137, 0.028515588492155075, -0.16319672763347626, 0.9861813187599182),
            ["LeftLowerArm"] = CFrame.new(9.872019290924072e-08, 1.1920928955078125e-07, -1.4901161193847656e-08, 0.9954383969306946, -0.07418876141309738, 0.059988368302583694, 0.03491799533367157, -0.3018434941768646, -0.9527179598808289, 0.08878814429044724, 0.9504664540290833, -0.2978760600090027),
            ["RightUpperArm"] = CFrame.new(5.960464477539063e-08, 2.384185791015625e-07, -4.470348358154297e-08, 0.9102234244346619, 0.08737632632255554, -0.40479493141174316, 0.11394291371107101, 0.8869165778160095, 0.44765639305114746, 0.3981337249279022, -0.45359063148498535, 0.7973361611366272),
            ["Head"] = CFrame.new(1.9371509552001953e-07, 2.384185791015625e-07, 2.9802322387695312e-08, 0.5310367941856384, 0.530382513999939, -0.6608284711837769, -0.11802675575017929, 0.8185741305351257, 0.5621442794799805, 0.839088499546051, -0.22052374482154846, 0.49729230999946594),
            ["RightHand"] = CFrame.new(-1.043081283569336e-07, 2.980232238769531e-07, -1.7881393432617188e-07, -0.35930347442626953, 0.2457546889781952, -0.9002809524536133, -0.15806393325328827, 0.9347386956214905, 0.31824442744255066, 0.9197373986244202, 0.25664830207824707, -0.29700967669487),
            ["UpperTorso"] = CFrame.new(1.7136335372924805e-07, -1.1920928955078125e-07, 4.470348358154297e-08, 1, 7.4505797087454084e-09, -2.607702853651972e-08, 1.4901159417490817e-08, 1, -2.9802318834981634e-08, -2.607702853651972e-08, 1.4901159417490817e-08, 1),
            ["HumanoidRootPart"] = CFrame.new(0, 0, 0, 1, 0, 0, 0, 1, 0, 0, 0, 1),
            ["RightUpperLeg"] = CFrame.new(3.2782554626464844e-07, 0.000026442110538482666, 0.000007761809683870524, 0.4739779829978943, -0.7624897360801697, 0.44040238857269287, 0.7989376783370972, 0.16212749481201172, -0.5791488885879517, 0.3701937794685364, 0.6263579726219177, 0.6860265731811523),
            ["LeftUpperArm"] = CFrame.new(-1.7881393432617188e-07, 1.1920928955078125e-07, -8.940696716308594e-08, 0.7696494460105896, 0.6063622236251831, -0.1999116688966751, -0.41877809166908264, 0.7157866954803467, 0.5588152408599854, 0.4819384515285492, -0.3463730216026306, 0.8048359751701355),
            ["RightLowerArm"] = CFrame.new(2.9802322387695312e-08, 3.5762786865234375e-07, 1.4156103134155273e-07, 0.9995091557502747, 0.02384665235877037, -0.0203199815005064, -0.006868075113743544, -0.4660283625125885, -0.8847432732582092, -0.030567709356546402, 0.8844483494758606, -0.4656357169151306),
            ["LeftHand"] = CFrame.new(-2.2351741790771484e-08, 0, -1.825392246246338e-07, 0.9435259103775024, 0.2843230366706848, 0.17005667090415955, -0.22735388576984406, 0.9290440678596497, -0.2918691039085388, -0.24097520112991333, 0.23672278225421906, 0.9412190914154053),
            ["LeftFoot"] = CFrame.new(-1.9744038581848145e-07, -2.384185791015625e-07, 4.842877388000488e-08, 0.8623880743980408, -0.09792905300855637, -0.49668580293655396, -0.04634716734290123, 0.9617192149162292, -0.27008920907974243, 0.5041218996047974, 0.2559414803981781, 0.8248364329338074),
            ["LowerTorso"] = CFrame.new(0.1643582582473755, 0.16401076316833496, -2.1044394969940186, 0.4865413010120392, -0.18805290758609772, 0.8531786203384399, 0.5254963040351868, 0.8431463837623596, -0.11383262276649475, -0.6979479193687439, 0.5037264227867126, 0.5090466141700745),
            ["RightLowerLeg"] = CFrame.new(2.2351741790771484e-07, -5.364418029785156e-07, 1.6952981241047382e-09, 1, -2.6077039194660756e-08, -3.725289943190546e-08, -1.1175869119028903e-08, 0.9999844431877136, 0.005586459767073393, 2.2351738238057806e-08, -0.005586536135524511, 0.9999844431877136),
            ["LeftUpperLeg"] = CFrame.new(0, -0.000026652123779058456, -0.000007534399628639221, 0.7773828506469727, 0.5712382197380066, -0.2633682191371918, -0.5626975893974304, 0.818661093711853, 0.1147412657737732, 0.28115373849868774, 0.05899898707866669, 0.9578474164009094),
            ["LeftLowerLeg"] = CFrame.new(-1.862645149230957e-07, -2.980232238769531e-07, 9.685754776000977e-08, 1, 0, 4.842877388000488e-08, 1.1175870895385742e-08, 0.9162806868553162, 0.4005368947982788, 2.3283064365386963e-08, -0.4005368947982788, 0.9162806272506714),
        }},
        {Time = 0.320, Data = {
            ["RightFoot"] = CFrame.new(3.725290298461914e-08, -3.5762786865234375e-07, 1.0600342648103833e-07, 0.9993641972541809, 0.02733813039958477, 0.02289203368127346, -0.03283433988690376, 0.9559046030044556, 0.29183661937713623, -0.01390405185520649, -0.29240214824676514, 0.9561942219734192),
            ["LeftLowerArm"] = CFrame.new(4.470348358154297e-08, 0, -1.6391277313232422e-07, 0.9956066012382507, -0.07346820831298828, 0.05805283039808273, 0.03503667935729027, -0.28264927864074707, -0.9585831761360168, 0.08683393150568008, 0.956405758857727, -0.2788335680961609),
            ["RightUpperArm"] = CFrame.new(-2.980232238769531e-07, -3.5762786865234375e-07, 2.9802322387695312e-08, 0.8391320705413818, 0.16515910625457764, -0.5182471871376038, 0.13299138844013214, 0.8615701794624329, 0.4899084270000458, 0.5274189710617065, -0.48002010583877563, 0.7010061740875244),
            ["Head"] = CFrame.new(-8.195638656616211e-08, -2.384185791015625e-07, -5.21540641784668e-08, 0.40150463581085205, 0.5852479934692383, -0.704470694065094, -0.13789944350719452, 0.7990548610687256, 0.5852308869361877, 0.9054158926010132, -0.13782672584056854, 0.401529461145401),
            ["RightHand"] = CFrame.new(2.980232238769531e-07, -1.7881393432617188e-07, 1.2293457984924316e-07, -0.35930338501930237, 0.24575474858283997, -0.9002808928489685, -0.15806402266025543, 0.9347386360168457, 0.31824448704719543, 0.9197374582290649, 0.25664830207824707, -0.2970097064971924),
            ["UpperTorso"] = CFrame.new(-8.568167686462402e-08, 3.2782554626464844e-07, 8.195638656616211e-08, 1, -1.1175870895385742e-08, 3.725290298461914e-09, -3.725290298461914e-09, 1, -7.450580596923828e-09, -1.1175870895385742e-08, -7.450580596923828e-09, 1),
            ["HumanoidRootPart"] = CFrame.new(0, 0, 0, 1, 0, 0, 0, 1, 0, 0, 0, 1),
            ["RightUpperLeg"] = CFrame.new(-5.960464477539062e-07, 0.000026553869247436523, 0.00000779161200625822, 0.5001044273376465, -0.7287344932556152, 0.467805415391922, 0.7442742586135864, 0.08556549996137619, -0.6623704433441162, 0.4426640272140503, 0.6794297099113464, 0.585169792175293),
            ["LeftUpperArm"] = CFrame.new(-1.7881393432617188e-07, 1.1920928955078125e-07, -2.9802322387695312e-08, 0.7370560169219971, 0.6369093656539917, -0.22604252398014069, -0.4437028765678406, 0.7083173394203186, 0.5490123629570007, 0.5097806453704834, -0.30435702204704285, 0.8046678900718689),
            ["RightLowerArm"] = CFrame.new(-3.8743019104003906e-07, 0, 1.2665987014770508e-07, 0.9994927644729614, 0.023992370814085007, -0.02094586379826069, -0.006661995314061642, -0.485617995262146, -0.8741456270217896, -0.031144723296165466, 0.8738418221473694, -0.48521214723587036),
            ["LeftHand"] = CFrame.new(-3.3527612686157227e-08, -1.1920928955078125e-07, -2.7939677238464355e-09, 0.9435259103775024, 0.2843230664730072, 0.17005665600299835, -0.22735391557216644, 0.9290440678596497, -0.2918691039085388, -0.24097517132759094, 0.23672281205654144, 0.9412190318107605),
            ["LeftFoot"] = CFrame.new(-7.450580596923828e-08, 5.960464477539063e-08, 1.564621925354004e-07, 0.9367324113845825, -0.1469779759645462, -0.3176945149898529, 0.0650952160358429, 0.9648900628089905, -0.2544601857662201, 0.34394046664237976, 0.21768058836460114, 0.9134112596511841),
            ["LowerTorso"] = CFrame.new(0.1643582582473755, 0.16280817985534668, -2.214778423309326, 0.39941340684890747, -0.14106139540672302, 0.9058535695075989, 0.5091813206672668, 0.855809211730957, -0.09124240279197693, -0.7623669505119324, 0.4976871907711029, 0.41364744305610657),
            ["RightLowerLeg"] = CFrame.new(-1.341104507446289e-07, -4.76837158203125e-07, -1.5104160411283374e-07, 1, -4.470350489782504e-08, -1.0430814256778831e-07, 2.9802318834981634e-08, 0.9999843239784241, 0.005615175236016512, -2.2351738238057806e-08, -0.005615237168967724, 0.9999843239784241),
