return {
["me?"] = {

          {Time = 0.000, Data = {

              ["Head"] = CFrame.new(0.000000, 0.000000, 0.000000, 1.000000, 0.000000, 0.000000, 0.000000, 1.000000, -0.000000, 0.000000, 0.000000, 1.000000),

              ["LeftFoot"] = CFrame.new(-0.000000, -0.001059, -0.000003, 0.997940, -0.049075, -0.041323, 0.049117, 0.998793, -0.000004, 0.041271, -0.002015, 0.999146),

              ["LeftHand"] = CFrame.new(0.000497, 0.004852, -0.000000, 1.000000, -0.000093, -0.000851, 0.000090, 0.999993, -0.003864, 0.000852, 0.003864, 0.999992),

              ["LeftLowerArm"] = CFrame.new(-0.000500, 0.026266, 0.002355, 1.000000, -0.000000, -0.000000, 0.000000, 0.975911, -0.218169, 0.000000, 0.218168, 0.975911),

              ["LeftLowerLeg"] = CFrame.new(0.000000, -0.000656, 0.000092, 1.000000, -0.000000, 0.000000, 0.000000, 1.000000, -0.000008, 0.000000, -0.000011, 1.000000),

              ["LeftUpperArm"] = CFrame.new(-0.000000, -0.000047, -0.000426, 1.000000, -0.000098, 0.000851, -0.000093, 0.975061, 0.221938, -0.000851, -0.221937, 0.975061),

              ["LeftUpperLeg"] = CFrame.new(0.000000, -0.000000, -0.000100, 0.997940, 0.049117, 0.041272, -0.049075, 0.998793, -0.002018, -0.041321, -0.000004, 0.999146),

              ["LowerTorso"] = CFrame.new(0.000000, 0.000000, 0.000000, 1.000000, 0.000000, -0.000000, 0.000000, 1.000000, 0.000000, 0.000000, 0.000000, 1.000000),

              ["RightFoot"] = CFrame.new(0.000000, -0.000590, -0.000103, 0.998485, 0.042087, 0.035439, -0.042114, 0.999113, -0.000002, -0.035406, -0.001480, 0.999372),

              ["RightHand"] = CFrame.new(-0.000500, 0.000000, -0.000000, 1.000000, -0.000000, 0.000937, -0.000000, 1.000000, 0.000003, -0.000937, -0.000003, 1.000000),

              ["RightLowerArm"] = CFrame.new(0.000000, 0.000001, -0.000000, 1.000000, 0.000000, 0.000000, -0.000000, 1.000000, -0.000007, -0.000000, 0.000006, 1.000000),

              ["RightLowerLeg"] = CFrame.new(-0.000000, -0.000588, -0.000004, 1.000000, 0.000000, 0.000000, 0.000000, 1.000000, -0.000008, -0.000000, -0.000011, 1.000000),

              ["RightUpperArm"] = CFrame.new(0.000000, -0.000000, -0.000469, 1.000000, -0.000000, -0.000938, 0.000000, 1.000000, 0.000004, 0.000938, -0.000003, 1.000000),

              ["RightUpperLeg"] = CFrame.new(0.000000, -0.000000, -0.000000, 0.998485, -0.042114, -0.035406, 0.042088, 0.999113, -0.001483, 0.035438, -0.000002, 0.999372),

              ["UpperTorso"] = CFrame.new(0.000000, 0.000000, 0.000000, 1.000000, 0.000000, 0.000000, 0.000000, 1.000000, 0.000000, -0.000000, 0.000000, 1.000000)

          }},

          {Time = 0.033, Data = {

              ["Head"] = CFrame.new(0.000000, -0.000000, 0.000000, 1.000000, 0.000213, -0.000001, -0.000213, 1.000000, 0.000082, 0.000001, -0.000082, 1.000000),

              ["LeftFoot"] = CFrame.new(0.000000, -0.001059, -0.000003, 0.997940, -0.049075, -0.041323, 0.049117, 0.998793, -0.000004, 0.041271, -0.002015, 0.999146),

              ["LeftHand"] = CFrame.new(0.000497, 0.004842, -0.000000, 1.000000, -0.000094, -0.000851, 0.000090, 0.999988, -0.004938, 0.000851, 0.004938, 0.999987),

              ["LeftLowerArm"] = CFrame.new(-0.000500, 0.026198, 0.002342, 1.000000, -0.000000, -0.000000, 0.000000, 0.976041, -0.217586, 0.000000, 0.217586, 0.976041),

              ["LeftLowerLeg"] = CFrame.new(0.000000, -0.000655, 0.000092, 1.000000, -0.000000, 0.000000, 0.000000, 1.000000, -0.000008, -0.000000, -0.000011, 1.000000),

              ["LeftUpperArm"] = CFrame.new(-0.000000, -0.000047, -0.000425, 1.000000, -0.000098, 0.000851, -0.000093, 0.975099, 0.221773, -0.000851, -0.221772, 0.975098),

              ["LeftUpperLeg"] = CFrame.new(0.000000, -0.000000, -0.000100, 0.997940, 0.049117, 0.041272, -0.049049, 0.998793, -0.002664, -0.041353, 0.000642, 0.999144),

              ["LowerTorso"] = CFrame.new(0.000000, 0.000000, 0.000000, 1.000000, 0.000000, -0.000000, 0.000000, 1.000000, 0.000646, 0.000000, -0.000646, 1.000000),

              ["RightFoot"] = CFrame.new(0.000000, -0.000590, -0.000103, 0.998485, 0.042087, 0.035439, -0.042114, 0.999113, -0.000001, -0.035406, -0.001480, 0.999372),

              ["RightHand"] = CFrame.new(-0.000499, 0.001928, -0.000000, 0.999997, -0.001621, 0.001873, 0.001573, 0.999685, 0.025059, -0.001914, -0.025056, 0.999684),

              ["RightLowerArm"] = CFrame.new(-0.000000, 0.009569, 0.000279, 1.000000, 0.000000, 0.000000, -0.000000, 0.997046, -0.076803, -0.000000, 0.076802, 0.997046),

              ["RightLowerLeg"] = CFrame.new(-0.000000, -0.000587, -0.000004, 1.000000, -0.000000, -0.000000, -0.000000, 1.000000, -0.000008, -0.000000, -0.000011, 1.000000),

              ["RightUpperArm"] = CFrame.new(-0.002105, -0.004939, -0.000904, 0.999985, 0.004196, 0.003499, -0.004326, 0.999271, 0.037931, -0.003338, -0.037945, 0.999274),

              ["RightUpperLeg"] = CFrame.new(0.000000, -0.000000, -0.000000, 0.998485, -0.042114, -0.035406, 0.042065, 0.999113, -0.002129, 0.035465, 0.000644, 0.999371),

              ["UpperTorso"] = CFrame.new(0.000000, 0.000000, 0.000000, 1.000000, -0.000000, 0.000000, -0.000000, 1.000000, 0.000000, -0.000000, 0.000000, 1.000000)

          }},

          {Time = 0.067, Data = {

              ["Head"] = CFrame.new(0.000000, 0.000000, -0.000000, 1.000000, 0.000821, -0.000004, -0.000821, 1.000000, 0.000316, 0.000004, -0.000316, 1.000000),

              ["LeftFoot"] = CFrame.new(-0.000000, -0.001059, -0.000003, 0.997940, -0.049075, -0.041323, 0.049117, 0.998793, -0.000004, 0.041271, -0.002015, 0.999146),

              ["LeftHand"] = CFrame.new(0.000497, 0.004811, -0.000000, 1.000000, -0.000095, -0.000850, 0.000089, 0.999968, -0.008019, 0.000851, 0.008019, 0.999968),

              ["LeftLowerArm"] = CFrame.new(-0.000500, 0.026002, 0.002305, 1.000000, -0.000000, -0.000000, 0.000000, 0.976415, -0.215904, 0.000000, 0.215903, 0.976415),

              ["LeftLowerLeg"] = CFrame.new(0.000000, -0.000656, 0.000092, 1.000000, -0.000000, 0.000000, 0.000000, 1.000000, -0.000008, 0.000000, -0.000011, 1.000000),

              ["LeftUpperArm"] = CFrame.new(-0.000000, -0.000047, -0.000425, 1.000000, -0.000097, 0.000850, -0.000094, 0.975207, 0.221293, -0.000851, -0.221293, 0.975207),

              ["LeftUpperLeg"] = CFrame.new(0.000000, -0.000000, -0.000100, 0.997940, 0.049117, 0.041272, -0.048972, 0.998790, -0.004513, -0.041444, 0.002490, 0.999138),

              ["LowerTorso"] = CFrame.new(0.000000, 0.000000, 0.000000, 1.000000, 0.000000, -0.000000, 0.000000, 0.999997, 0.002497, 0.000000, -0.002497, 0.999997),

              ["RightFoot"] = CFrame.new(0.000000, -0.000590, -0.000103, 0.998485, 0.042087, 0.035439, -0.042114, 0.999113, -0.000002, -0.035406, -0.001480, 0.999372),

              ["RightHand"] = CFrame.new(-0.000496, 0.005484, -0.000000, 0.999966, -0.006716, 0.004823, 0.006313, 0.996839, 0.079198, -0.005340, -0.079164, 0.996847),

              ["RightLowerArm"] = CFrame.new(0.000000, 0.031167, 0.003357, 1.000000, 0.000000, 0.000000, -0.000000, 0.965733, -0.259540, -0.000000, 0.259540, 0.965732),

              ["RightLowerLeg"] = CFrame.new(-0.000000, -0.000587, -0.000004, 1.000000, 0.000000, 0.000000, 0.000000, 1.000000, -0.000008, 0.000000, -0.000011, 1.000000),

              ["RightUpperArm"] = CFrame.new(-0.008021, -0.018893, -0.001852, 0.999724, 0.014848, 0.018228, -0.017067, 0.991584, 0.128336, -0.016169, -0.128611, 0.991563),

              ["RightUpperLeg"] = CFrame.new(0.000000, -0.000000, -0.000000, 0.998485, -0.042114, -0.035406, 0.041999, 0.999110, -0.003978, 0.035543, 0.002493, 0.999365),

              ["UpperTorso"] = CFrame.new(0.000000, 0.000000, 0.000000, 1.000000, 0.000000, 0.000000, -0.000000, 1.000000, 0.000000, -0.000000, 0.000000, 1.000000)

          }},

          {Time = 0.100, Data = {

              ["Head"] = CFrame.new(0.000000, 0.000000, -0.000000, 0.999998, 0.001781, -0.000007, -0.001781, 0.999998, 0.000687, 0.000009, -0.000687, 1.000000),

              ["LeftFoot"] = CFrame.new(-0.000000, -0.001059, -0.000003, 0.997940, -0.049075, -0.041323, 0.049117, 0.998793, -0.000004, 0.041271, -0.002015, 0.999146),

              ["LeftHand"] = CFrame.new(0.000497, 0.004763, -0.000000, 1.000000, -0.000098, -0.000849, 0.000087, 0.999917, -0.012890, 0.000850, 0.012890, 0.999917),

              ["LeftLowerArm"] = CFrame.new(-0.000500, 0.025691, 0.002248, 1.000000, -0.000000, -0.000000, 0.000000, 0.977002, -0.213231, 0.000000, 0.213231, 0.977002),

              ["LeftLowerLeg"] = CFrame.new(0.000000, -0.000656, 0.000092, 1.000000, -0.000000, -0.000000, 0.000000, 1.000000, -0.000008, 0.000000, -0.000011, 1.000000),

              ["LeftUpperArm"] = CFrame.new(-0.000000, -0.000047, -0.000425, 1.000000, -0.000096, 0.000849, -0.000094, 0.975381, 0.220527, -0.000850, -0.220526, 0.975381),

              ["LeftUpperLeg"] = CFrame.new(0.000000, -0.000000, -0.000100, 0.997940, 0.049117, 0.041272, -0.048851, 0.998778, -0.007431, -0.041587, 0.005407, 0.999120),

              ["LowerTorso"] = CFrame.new(0.000000, -0.000000, 0.000000, 1.000000, 0.000000, -0.000000, 0.000000, 0.999985, 0.005417, 0.000000, -0.005417, 0.999985),

              ["RightFoot"] = CFrame.new(0.000000, -0.000590, -0.000103, 0.998485, 0.042087, 0.035439, -0.042114, 0.999113, -0.000002, -0.035406, -0.001480, 0.999372),

              ["RightHand"] = CFrame.new(-0.000494, 0.008910, -0.000000, 0.999814, -0.016267, 0.010367, 0.014821, 0.991809, 0.126866, -0.012346, -0.126687, 0.991866),

              ["RightLowerArm"] = CFrame.new(0.000000, 0.054602, 0.011224, 1.000000, 0.000000, 0.000000, -0.000000, 0.885732, -0.464198, -0.000000, 0.464198, 0.885732),

              ["RightLowerLeg"] = CFrame.new(-0.000000, -0.000587, -0.000004, 1.000000, 0.000000, -0.000000, -0.000000, 1.000000, -0.000008, -0.000000, -0.000011, 1.000000),

              ["RightUpperArm"] = CFrame.new(-0.016966, -0.040356, -0.002345, 0.998527, 0.028324, 0.046274, -0.038301, 0.972086, 0.231477, -0.038426, -0.232907, 0.971739),

              ["RightUpperLeg"] = CFrame.new(0.000000, -0.000000, -0.000000, 0.998485, -0.042114, -0.035406, 0.041895, 0.999098, -0.006897, 0.035665, 0.005410, 0.999349),

              ["UpperTorso"] = CFrame.new(0.000000, -0.000000, 0.000000, 1.000000, 0.000000, 0.000000, 0.000000, 1.000000, 0.000000, -0.000000, 0.000000, 1.000000)

          }},

          {Time = 0.133, Data = {

              ["Head"] = CFrame.new(0.000000, 0.000000, 0.000000, 0.999995, 0.003049, -0.000012, -0.003049, 0.999995, 0.001175, 0.000015, -0.001175, 0.999999),

              ["LeftFoot"] = CFrame.new(-0.000000, -0.001059, -0.000003, 0.997940, -0.049075, -0.041323, 0.049117, 0.998793, -0.000004, 0.041271, -0.002015, 0.999146),

              ["LeftHand"] = CFrame.new(0.000497, 0.004698, -0.000000, 1.000000, -0.000102, -0.000847, 0.000086, 0.999813, -0.019337, 0.000849, 0.019337, 0.999813),

              ["LeftLowerArm"] = CFrame.new(-0.000500, 0.025274, 0.002171, 1.000000, -0.000000, -0.000000, 0.000000, 0.977774, -0.209662, 0.000000, 0.209661, 0.977774),

              ["LeftLowerLeg"] = CFrame.new(0.000000, -0.000656, 0.000092, 1.000000, -0.000000, -0.000000, 0.000000, 1.000000, -0.000008, -0.000000, -0.000011, 1.000000),

              ["LeftUpperArm"] = CFrame.new(-0.000000, -0.000047, -0.000424, 1.000000, -0.000094, 0.000848, -0.000095, 0.975614, 0.219492, -0.000848, -0.219491, 0.975614),

              ["LeftUpperLeg"] = CFrame.new(0.000000, -0.000000, -0.000100, 0.997940, 0.049117, 0.041272, -0.048690, 0.998750, -0.011284, -0.041775, 0.009259, 0.999084),

              ["LowerTorso"] = CFrame.new(0.000000, 0.000000, 0.000000, 1.000000, 0.000000, -0.000000, 0.000000, 0.999957, 0.009274, 0.000000, -0.009274, 0.999957),

              ["RightFoot"] = CFrame.new(0.000000, -0.000590, -0.000103, 0.998485, 0.042087, 0.035439, -0.042114, 0.999113, -0.000002, -0.035406, -0.001480, 0.999372),

              ["RightHand"] = CFrame.new(-0.000491, 0.013721, -0.000000, 0.999291, -0.032158, 0.019607, 0.028851, 0.988211, 0.150355, -0.024211, -0.149681, 0.988438),

              ["RightLowerArm"] = CFrame.new(0.000000, 0.076581, 0.022973, 1.000000, 0.000000, 0.000000, -0.000000, 0.765148, -0.643854, -0.000000, 0.643854, 0.765149),

              ["RightLowerLeg"] = CFrame.new(-0.000000, -0.000587, -0.000004, 1.000000, -0.000000, 0.000000, -0.000000, 1.000000, -0.000008, -0.000000, -0.000011, 1.000000),

              ["RightUpperArm"] = CFrame.new(-0.027817, -0.067600, -0.000754, 0.995025, 0.040983, 0.090808, -0.068542, 0.943083, 0.325419, -0.072303, -0.330023, 0.941200),

              ["RightUpperLeg"] = CFrame.new(0.000000, -0.000000, -0.000000, 0.998485, -0.042114, -0.035406, 0.041757, 0.999070, -0.010751, 0.035826, 0.009264, 0.999315),

              ["UpperTorso"] = CFrame.new(0.000000, -0.000000, -0.000000, 1.000000, 0.000000, 0.000000, 0.000000, 1.000000, 0.000000, -0.000000, 0.000000, 1.000000)

          }},

          {Time = 0.167, Data = {

              ["Head"] = CFrame.new(0.000000, -0.000000, 0.000000, 0.999990, 0.004581, -0.000016, -0.004581, 0.999988, 0.001766, 0.000024, -0.001766, 0.999999),

              ["LeftFoot"] = CFrame.new(-0.000000, -0.001059, -0.000003, 0.997940, -0.049075, -0.041323, 0.049117, 0.998793, -0.000004, 0.041271, -0.002015, 0.999146),

              ["LeftHand"] = CFrame.new(0.000497, 0.004618, -0.000000, 1.000000, -0.000107, -0.000845, 0.000084, 0.999631, -0.027153, 0.000847, 0.027153, 0.999631),

              ["LeftLowerArm"] = CFrame.new(-0.000500, 0.024763, 0.002080, 1.000000, -0.000000, -0.000000, 0.000000, 0.978702, -0.205285, 0.000000, 0.205284, 0.978702),

              ["LeftLowerLeg"] = CFrame.new(0.000000, -0.000655, 0.000092, 1.000000, -0.000000, -0.000000, 0.000000, 1.000000, -0.000008, 0.000000, -0.000011, 1.000000),

              ["LeftUpperArm"] = CFrame.new(-0.000000, -0.000048, -0.000423, 1.000000, -0.000092, 0.000847, -0.000095, 0.975903, 0.218208, -0.000846, -0.218207, 0.975902),

              ["LeftUpperLeg"] = CFrame.new(0.000000, -0.000000, -0.000100, 0.997940, 0.049117, 0.041272, -0.048495, 0.998696, -0.015939, -0.042001, 0.013912, 0.999021),

              ["LowerTorso"] = CFrame.new(0.000000, 0.000000, 0.000000, 1.000000, 0.000000, -0.000000, 0.000000, 0.999903, 0.013933, 0.000000, -0.013933, 0.999903),

              ["RightFoot"] = CFrame.new(0.000000, -0.000589, -0.000103, 0.998485, 0.042088, 0.035439, -0.042114, 0.999113, -0.000001, -0.035406, -0.001480, 0.999372),

              ["RightHand"] = CFrame.new(-0.000487, 0.019189, 0.000000, 0.997760, -0.057431, 0.034310, 0.051624, 0.987167, 0.151122, -0.042549, -0.149010, 0.987920),

              ["RightLowerArm"] = CFrame.new(-0.000000, 0.095578, 0.037767, 1.000000, 0.000000, 0.000000, -0.000000, 0.611718, -0.791076, -0.000000, 0.791076, 0.611718),

              ["RightLowerLeg"] = CFrame.new(-0.000000, -0.000587, -0.000004, 1.000000, -0.000000, -0.000000, 0.000000, 1.000000, -0.000008, -0.000000, -0.000011, 1.000000),

              ["RightUpperArm"] = CFrame.new(-0.038840, -0.098828, 0.005422, 0.986620, 0.048186, 0.155755, -0.108448, 0.907298, 0.406263, -0.121740, -0.417717, 0.900384),

              ["RightUpperLeg"] = CFrame.new(0.000000, -0.000000, -0.000000, 0.998485, -0.042114, -0.035406, 0.041590, 0.999016, -0.015407, 0.036021, 0.013919, 0.999254),

              ["UpperTorso"] = CFrame.new(-0.000000, -0.000000, 0.000000, 1.000000, 0.000000, 0.000000, -0.000000, 1.000000, 0.000000, -0.000000, 0.000000, 1.000000)

          }},

          {Time = 0.200, Data = {

              ["Head"] = CFrame.new(0.000000, -0.000000, -0.000000, 0.999980, 0.006333, -0.000021, -0.006333, 0.999977, 0.002441, 0.000036, -0.002441, 0.999997),

              ["LeftFoot"] = CFrame.new(-0.000000, -0.001058, -0.000003, 0.997940, -0.049075, -0.041323, 0.049117, 0.998793, -0.000004, 0.041271, -0.002015, 0.999146),

              ["LeftHand"] = CFrame.new(0.000497, 0.004525, -0.000000, 1.000000, -0.000112, -0.000842, 0.000082, 0.999347, -0.036126, 0.000846, 0.036126, 0.999347),

              ["LeftLowerArm"] = CFrame.new(-0.000500, 0.024167, 0.001976, 1.000000, -0.000000, -0.000000, 0.000000, 0.979757, -0.200189, 0.000000, 0.200189, 0.979757),

              ["LeftLowerLeg"] = CFrame.new(0.000000, -0.000655, 0.000092, 1.000000, -0.000000, -0.000000, 0.000000, 1.000000, -0.000008, 0.000000, -0.000011, 1.000000),

              ["LeftUpperArm"] = CFrame.new(-0.000000, -0.000049, -0.000422, 1.000000, -0.000089, 0.000845, -0.000096, 0.976241, 0.216690, -0.000844, -0.216689, 0.976240),

              ["LeftUpperLeg"] = CFrame.new(0.000000, -0.000000, -0.000100, 0.997940, 0.049117, 0.041272, -0.048270, 0.998608, -0.021263, -0.042259, 0.019234, 0.998922),

              ["LowerTorso"] = CFrame.new(0.000000, 0.000000, 0.000000, 1.000000, 0.000000, -0.000000, 0.000000, 0.999815, 0.019261, 0.000000, -0.019261, 0.999815),

              ["RightFoot"] = CFrame.new(0.000000, -0.000589, -0.000103, 0.998485, 0.042088, 0.035439, -0.042114, 0.999113, -0.000001, -0.035406, -0.001480, 0.999372),

              ["RightHand"] = CFrame.new(-0.000485, 0.022236, -0.000000, 0.993676, -0.096659, 0.057141, 0.088176, 0.986795, 0.135875, -0.069520, -0.129975, 0.989077),

              ["RightLowerArm"] = CFrame.new(-0.000000, 0.108796, 0.055394, 1.000000, 0.000000, 0.000000, -0.000000, 0.428843, -0.903379, -0.000000, 0.903379, 0.428844),

              ["RightLowerLeg"] = CFrame.new(-0.000000, -0.000586, -0.000004, 1.000000, 0.000000, -0.000000, 0.000000, 1.000000, -0.000008, -0.000000, -0.000011, 1.000000),

              ["RightUpperArm"] = CFrame.new(-0.047134, -0.132539, 0.019838, 0.968386, 0.043010, 0.245722, -0.158078, 0.867808, 0.471086, -0.192977, -0.495035, 0.847171),

              ["RightUpperLeg"] = CFrame.new(0.000000, -0.000000, -0.000000, 0.998485, -0.042114, -0.035406, 0.041397, 0.998928, -0.020732, 0.036242, 0.019243, 0.999158),

              ["UpperTorso"] = CFrame.new(0.000000, 0.000000, 0.000000, 1.000000, 0.000000, 0.000000, 0.000000, 1.000000, 0.000000, -0.000000, 0.000000, 1.000000)

          }},

          {Time = 0.233, Data = {

              ["Head"] = CFrame.new(0.000000, 0.000000, 0.000000, 0.999966, 0.008261, -0.000024, -0.008261, 0.999961, 0.003184, 0.000050, -0.003184, 0.999995),

              ["LeftFoot"] = CFrame.new(-0.000000, -0.001058, -0.000003, 0.997940, -0.049075, -0.041323, 0.049117, 0.998793, -0.000004, 0.041271, -0.002015, 0.999146),

              ["LeftHand"] = CFrame.new(0.000497, 0.004419, -0.000000, 1.000000, -0.000118, -0.000839, 0.000079, 0.998940, -0.046042, 0.000844, 0.046042, 0.998939),

              ["LeftLowerArm"] = CFrame.new(-0.000500, 0.023498, 0.001863, 1.000000, -0.000000, -0.000000, 0.000000, 0.980908, -0.194473, 0.000000, 0.194472, 0.980908),

              ["LeftLowerLeg"] = CFrame.new(0.000000, -0.000655, 0.000092, 1.000000, 0.000000, 0.000000, 0.000000, 1.000000, -0.000008, 0.000000, -0.000011, 1.000000),

              ["LeftUpperArm"] = CFrame.new(-0.000000, -0.000049, -0.000421, 1.000000, -0.000087, 0.000843, -0.000097, 0.976623, 0.214960, -0.000842, -0.214960, 0.976622),

              ["LeftUpperLeg"] = CFrame.new(0.000000, -0.000000, -0.000100, 0.997940, 0.049117, 0.041272, -0.048022, 0.998478, -0.027121, -0.042541, 0.025090, 0.998780),

              ["LowerTorso"] = CFrame.new(0.000000, -0.000000, 0.000000, 1.000000, 0.000000, -0.000000, 0.000000, 0.999684, 0.025124, 0.000000, -0.025124, 0.999684),

              ["RightFoot"] = CFrame.new(0.000000, -0.000589, -0.000103, 0.998485, 0.042088, 0.035439, -0.042114, 0.999113, -0.000002, -0.035406, -0.001480, 0.999372),

              ["RightHand"] = CFrame.new(-0.000484, 0.024079, 0.000000, 0.983476, -0.156073, 0.091739, 0.145983, 0.983375, 0.107994, -0.107068, -0.092815, 0.989910),

              ["RightLowerArm"] = CFrame.new(-0.000000, 0.116605, 0.073909, 1.000000, 0.000000, 0.000000, -0.000000, 0.236660, -0.971593, -0.000000, 0.971593, 0.236659),

              ["RightLowerLeg"] = CFrame.new(-0.000000, -0.000587, -0.000004, 1.000000, 0.000000, -0.000000, -0.000000, 1.000000, -0.000008, -0.000000, -0.000011, 1.000000),

              ["RightUpperArm"] = CFrame.new(-0.047669, -0.168513, 0.047310, 0.931139, 0.019020, 0.364168, -0.214938, 0.835357, 0.505945, -0.294587, -0.549379, 0.781921),

              ["RightUpperLeg"] = CFrame.new(0.000000, -0.000000, -0.000000, 0.998485, -0.042114, -0.035406, 0.041184, 0.998798, -0.026591, 0.036484, 0.025100, 0.999019),

              ["UpperTorso"] = CFrame.new(0.000000, 0.000000, -0.000000, 1.000000, 0.000000, 0.000000, 0.000000, 1.000000, 0.000000, -0.000000, 0.000000, 1.000000)

          }},

          {Time = 0.267, Data = {

              ["Head"] = CFrame.new(0.000000, -0.000000, 0.000000, 0.999947, 0.010321, -0.000025, -0.010321, 0.999939, 0.003979, 0.000067, -0.003978, 0.999992),

              ["LeftFoot"] = CFrame.new(-0.000000, -0.001058, -0.000003, 0.997940, -0.049075, -0.041323, 0.049117, 0.998793, -0.000004, 0.041271, -0.002015, 0.999146),

              ["LeftHand"] = CFrame.new(0.000497, 0.004304, -0.000000, 1.000000, -0.000124, -0.000836, 0.000076, 0.998392, -0.056682, 0.000842, 0.056681, 0.998392),

              ["LeftLowerArm"] = CFrame.new(-0.000500, 0.022768, 0.001743, 1.000000, -0.000000, -0.000000, 0.000000, 0.982123, -0.188243, 0.000000, 0.188242, 0.982122),

              ["LeftLowerLeg"] = CFrame.new(0.000000, -0.000654, 0.000092, 1.000000, 0.000000, 0.000000, 0.000000, 1.000000, -0.000008, -0.000000, -0.000011, 1.000000),

              ["LeftUpperArm"] = CFrame.new(-0.000000, -0.000049, -0.000420, 1.000000, -0.000084, 0.000842, -0.000098, 0.977042, 0.213046, -0.000840, -0.213045, 0.977042),

              ["LeftUpperLeg"] = CFrame.new(0.000000, -0.000000, -0.000100, 0.997940, 0.049117, 0.041272, -0.047754, 0.998301, -0.033379, -0.042841, 0.031347, 0.998590),

              ["LowerTorso"] = CFrame.new(0.000000, 0.000000, 0.000000, 1.000000, 0.000000, -0.000000, 0.000000, 0.999507, 0.031388, 0.000000, -0.031388, 0.999507),

              ["RightFoot"] = CFrame.new(0.000000, -0.000589, -0.000103, 0.998485, 0.042088, 0.035439, -0.042114, 0.999113, -0.000001, -0.035406, -0.001480, 0.999372),

              ["RightHand"] = CFrame.new(-0.000483, 0.025220, -0.000000, 0.959894, -0.241892, 0.141746, 0.231858, 0.969140, 0.083725, -0.157623, -0.047501, 0.986356),

              ["RightLowerArm"] = CFrame.new(-0.000000, 0.119813, 0.091634, 1.000000, 0.000000, -0.000000, -0.000000, 0.052629, -0.998614, -0.000000, 0.998614, 0.052628),

              ["RightLowerLeg"] = CFrame.new(-0.000000, -0.000586, -0.000004, 1.000000, 0.000000, 0.000000, 0.000000, 1.000000, -0.000008, -0.000000, -0.000011, 1.000000),

              ["RightUpperArm"] = CFrame.new(-0.032250, -0.210076, 0.092403, 0.859360, -0.026979, 0.510659, -0.269436, 0.824862, 0.496999, -0.434632, -0.564690, 0.701584),

              ["RightUpperLeg"] = CFrame.new(0.000000, -0.000000, -0.000000, 0.998485, -0.042114, -0.035406, 0.040955, 0.998621, -0.032851, 0.036741, 0.031359, 0.998833),

              ["UpperTorso"] = CFrame.new(-0.000000, -0.000000, -0.000000, 1.000000, 0.000000, 0.000000, -0.000000, 1.000000, 0.000000, -0.000000, 0.000000, 1.000000)

          }},

          {Time = 0.300, Data = {

              ["Head"] = CFrame.new(0.000000, -0.000000, -0.000000, 0.999922, 0.012469, -0.000026, -0.012468, 0.999911, 0.004806, 0.000086, -0.004806, 0.999988),

              ["LeftFoot"] = CFrame.new(-0.000000, -0.001058, -0.000003, 0.997940, -0.049075, -0.041323, 0.049117, 0.998793, -0.000004, 0.041271, -0.002015, 0.999146),

              ["LeftHand"] = CFrame.new(0.000497, 0.004189, -0.000000, 1.000000, -0.000130, -0.000833, 0.000074, 0.997717, -0.067530, 0.000840, 0.067529, 0.997717),

              ["LeftLowerArm"] = CFrame.new(-0.000500, 0.022058, 0.001631, 1.000000, -0.000000, -0.000000, 0.000000, 0.983261, -0.182204, 0.000000, 0.182204, 0.983261),

              ["LeftLowerLeg"] = CFrame.new(0.000000, -0.000654, 0.000092, 1.000000, -0.000000, -0.000000, 0.000000, 1.000000, -0.000008, -0.000000, -0.000011, 1.000000),

              ["LeftUpperArm"] = CFrame.new(-0.000000, -0.000050, -0.000419, 1.000000, -0.000081, 0.000840, -0.000099, 0.977426, 0.211277, -0.000838, -0.211277, 0.977426),

              ["LeftUpperLeg"] = CFrame.new(0.000000, -0.000000, -0.000100, 0.997940, 0.049117, 0.041272, -0.047473, 0.998075, -0.039903, -0.043153, 0.037869, 0.998351),

              ["LowerTorso"] = CFrame.new(0.000000, 0.000000, 0.000000, 1.000000, 0.000000, -0.000000, 0.000000, 0.999281, 0.037918, 0.000000, -0.037918, 0.999281),

              ["RightFoot"] = CFrame.new(0.000000, -0.000588, -0.000103, 0.998485, 0.042088, 0.035439, -0.042114, 0.999113, -0.000002, -0.035406, -0.001480, 0.999372),

              ["RightHand"] = CFrame.new(-0.000483, 0.025930, -0.000000, 0.912308, -0.353453, 0.206801, 0.341592, 0.935362, 0.091724, -0.225851, -0.013038, 0.974074),

              ["RightLowerArm"] = CFrame.new(-0.000001, 0.119672, 0.107118, 1.000000, 0.000000, -0.000000, -0.000000, -0.108152, -0.994134, -0.000000, 0.994134, -0.108153),

              ["RightLowerLeg"] = CFrame.new(-0.000000, -0.000586, -0.000004, 1.000000, 0.000000, 0.000000, 0.000000, 1.000000, -0.000008, 0.000000, -0.000011, 1.000000),

              ["RightUpperArm"] = CFrame.new(0.008943, -0.267554, 0.154066, 0.734286, -0.083650, 0.673667, -0.297980, 0.851944, 0.430580, -0.609945, -0.516908, 0.600644),

              ["RightUpperLeg"] = CFrame.new(0.000000, -0.000000, -0.000000, 0.998485, -0.042114, -0.035406, 0.040714, 0.998394, -0.039377, 0.037008, 0.037883, 0.998597),

              ["UpperTorso"] = CFrame.new(0.000000, 0.000000, 0.000000, 1.000000, 0.000000, 0.000000, -0.000000, 1.000000, 0.000000, -0.000000, 0.000000, 1.000000)

          }},

          {Time = 0.333, Data = {

              ["Head"] = CFrame.new(0.000000, 0.000000, 0.000000, 0.999893, 0.014660, -0.000024, -0.014660, 0.999877, 0.005651, 0.000107, -0.005650, 0.999984),

              ["LeftFoot"] = CFrame.new(-0.000000, -0.001058, -0.000003, 0.997940, -0.049075, -0.041323, 0.049117, 0.998793, -0.000004, 0.041271, -0.002015, 0.999146),

              ["LeftHand"] = CFrame.new(0.000497, 0.004058, -0.000000, 1.000000, -0.000137, -0.000830, 0.000071, 0.996878, -0.078954, 0.000838, 0.078953, 0.996878),

              ["LeftLowerArm"] = CFrame.new(-0.000500, 0.021244, 0.001508, 1.000000, -0.000000, -0.000000, 0.000000, 0.984517, -0.175288, 0.000000, 0.175287, 0.984517),

              ["LeftLowerLeg"] = CFrame.new(0.000000, -0.000654, 0.000092, 1.000000, 0.000000, 0.000000, 0.000000, 1.000000, -0.000008, -0.000000, -0.000011, 1.000000),

              ["LeftUpperArm"] = CFrame.new(-0.000000, -0.000050, -0.000418, 1.000000, -0.000077, 0.000838, -0.000100, 0.977898, 0.209084, -0.000836, -0.209084, 0.977897),

              ["LeftUpperLeg"] = CFrame.new(0.000000, -0.000000, -0.000100, 0.997940, 0.049117, 0.041272, -0.047185, 0.997800, -0.046559, -0.043468, 0.044523, 0.998063),

              ["LowerTorso"] = CFrame.new(0.000000, 0.000000, 0.000000, 1.000000, 0.000000, -0.000000, 0.000000, 0.999006, 0.044581, 0.000000, -0.044581, 0.999006),

              ["RightFoot"] = CFrame.new(0.000000, -0.000589, -0.000103, 0.998485, 0.042088, 0.035439, -0.042114, 0.999113, -0.000002, -0.035406, -0.001480, 0.999372),

              ["RightHand"] = CFrame.new(-0.000483, 0.026438, 0.000000, 0.837710, -0.471439, 0.275660, 0.443674, 0.881823, 0.159821, -0.318426, -0.011579, 0.947876),

              ["RightLowerArm"] = CFrame.new(-0.000001, 0.117685, 0.119176, 1.000000, 0.000000, -0.000000, -0.000000, -0.233373, -0.972387, -0.000000, 0.972387, -0.233375),

              ["RightLowerLeg"] = CFrame.new(-0.000000, -0.000586, -0.000004, 1.000000, -0.000000, 0.000000, -0.000000, 1.000000, -0.000008, -0.000000, -0.000011, 1.000000),

              ["RightUpperArm"] = CFrame.new(0.077141, -0.357631, 0.217183, 0.554326, -0.111243, 0.824832, -0.264267, 0.916221, 0.301169, -0.789231, -0.384921, 0.478487),

              ["RightUpperLeg"] = CFrame.new(0.000000, -0.000000, -0.000000, 0.998485, -0.042114, -0.035406, 0.040466, 0.998120, -0.046035, 0.037279, 0.044540, 0.998312),

              ["UpperTorso"] = CFrame.new(-0.000000, 0.000000, -0.000000, 1.000000, -0.000000, 0.000000, 0.000000, 1.000000, 0.000000, -0.000000, 0.000000, 1.000000)

          }},

          {Time = 0.367, Data = {

              ["Head"] = CFrame.new(0.000000, -0.000000, 0.000000, 0.999858, 0.016852, -0.000020, -0.016851, 0.999837, 0.006496, 0.000130, -0.006495, 0.999979),

              ["LeftFoot"] = CFrame.new(-0.000000, -0.001057, -0.000003, 0.997940, -0.049075, -0.041323, 0.049117, 0.998793, -0.000004, 0.041271, -0.002015, 0.999146),

              ["LeftHand"] = CFrame.new(0.000498, 0.003923, -0.000000, 1.000000, -0.000143, -0.000827, 0.000068, 0.995902, -0.090434, 0.000837, 0.090434, 0.995902),

              ["LeftLowerArm"] = CFrame.new(-0.000500, 0.020410, 0.001386, 1.000000, -0.000000, -0.000000, 0.000000, 0.985752, -0.168209, 0.000000, 0.168208, 0.985751),

              ["LeftLowerLeg"] = CFrame.new(0.000000, -0.000654, 0.000092, 1.000000, -0.000000, -0.000000, 0.000000, 1.000000, -0.000008, -0.000000, -0.000011, 1.000000),

              ["LeftUpperArm"] = CFrame.new(-0.000000, -0.000050, -0.000417, 1.000000, -0.000074, 0.000836, -0.000101, 0.978383, 0.206803, -0.000834, -0.206802, 0.978382),

              ["LeftUpperLeg"] = CFrame.new(0.000000, -0.000000, -0.000100, 0.997940, 0.049117, 0.041272, -0.046894, 0.997481, -0.053213, -0.043782, 0.051176, 0.997730),

              ["LowerTorso"] = CFrame.new(0.000000, 0.000000, 0.000000, 1.000000, 0.000000, -0.000000, 0.000000, 0.998686, 0.051241, 0.000000, -0.051241, 0.998686),

              ["RightFoot"] = CFrame.new(0.000000, -0.000588, -0.000103, 0.998485, 0.042088, 0.035439, -0.042114, 0.999113, -0.000002, -0.035406, -0.001480, 0.999372),

              ["RightHand"] = CFrame.new(-0.000482, 0.026773, 0.000000, 0.760274, -0.560789, 0.327873, 0.487332, 0.826108, 0.282937, -0.429523, -0.055326, 0.901358),

              ["RightLowerArm"] = CFrame.new(-0.000001, 0.115539, 0.126909, 1.000000, 0.000000, -0.000000, -0.000000, -0.313744, -0.949507, -0.000000, 0.949508, -0.313745),

              ["RightLowerLeg"] = CFrame.new(-0.000000, -0.000586, -0.000004, 1.000000, 0.000000, 0.000000, -0.000000, 1.000000, -0.000007, 0.000000, -0.000011, 1.000000),

              ["RightUpperArm"] = CFrame.new(0.151405, -0.489706, 0.256288, 0.362235, -0.058535, 0.930247, -0.146555, 0.982036, 0.118862, -0.920493, -0.179388, 0.347149),

              ["RightUpperLeg"] = CFrame.new(0.000000, -0.000000, -0.000000, 0.998485, -0.042114, -0.035406, 0.040217, 0.997800, -0.052690, 0.037548, 0.051194, 0.997983),

              ["UpperTorso"] = CFrame.new(0.000000, 0.000000, -0.000000, 1.000000, 0.000000, 0.000000, 0.000000, 1.000000, 0.000000, -0.000000, 0.000000, 1.000000)

          }},

          {Time = 0.400, Data = {

              ["Head"] = CFrame.new(0.000000, -0.000000, -0.000000, 0.999820, 0.018999, -0.000015, -0.018999, 0.999793, 0.007324, 0.000154, -0.007323, 0.999973),

              ["LeftFoot"] = CFrame.new(-0.000000, -0.001057, -0.000003, 0.997940, -0.049075, -0.041323, 0.049117, 0.998793, -0.000004, 0.041271, -0.002015, 0.999146),

              ["LeftHand"] = CFrame.new(0.000498, 0.003787, -0.000000, 1.000000, -0.000149, -0.000824, 0.000064, 0.994811, -0.101737, 0.000835, 0.101736, 0.994811),

              ["LeftLowerArm"] = CFrame.new(-0.000500, 0.019573, 0.001270, 1.000000, -0.000000, -0.000000, 0.000000, 0.986936, -0.161115, 0.000000, 0.161114, 0.986936),

              ["LeftLowerLeg"] = CFrame.new(0.000000, -0.000654, 0.000092, 1.000000, -0.000000, -0.000000, 0.000000, 1.000000, -0.000008, 0.000000, -0.000011, 1.000000),

              ["LeftUpperArm"] = CFrame.new(-0.000000, -0.000051, -0.000416, 1.000000, -0.000071, 0.000835, -0.000101, 0.978870, 0.204483, -0.000832, -0.204482, 0.978870),

              ["LeftUpperLeg"] = CFrame.new(0.000000, -0.000000, -0.000100, 0.997940, 0.049117, 0.041272, -0.046607, 0.997126, -0.059731, -0.044087, 0.057692, 0.997361),

              ["LowerTorso"] = CFrame.new(0.000000, -0.000000, 0.000000, 1.000000, 0.000000, -0.000000, 0.000000, 0.998330, 0.057766, 0.000000, -0.057766, 0.998330),

              ["RightFoot"] = CFrame.new(0.000000, -0.000588, -0.000103, 0.998485, 0.042088, 0.035439, -0.042114, 0.999113, -0.000001, -0.035406, -0.001480, 0.999372),

              ["RightHand"] = CFrame.new(-0.000482, 0.026905, 0.000000, 0.720154, -0.598925, 0.350242, 0.454105, 0.788541, 0.414722, -0.524564, -0.139615, 0.839843),

              ["RightLowerArm"] = CFrame.new(-0.000001, 0.114494, 0.129931, 1.000000, 0.000000, -0.000000, -0.000000, -0.345157, -0.938544, -0.000000, 0.938545, -0.345159),

              ["RightLowerLeg"] = CFrame.new(-0.000000, -0.000586, -0.000004, 1.000000, 0.000000, -0.000000, 0.000000, 1.000000, -0.000008, -0.000000, -0.000011, 1.000000),

              ["RightUpperArm"] = CFrame.new(0.200122, -0.652612, 0.257230, 0.222111, 0.081818, 0.971582, 0.035755, 0.995119, -0.091974, -0.974365, 0.055168, 0.218102),

              ["RightUpperLeg"] = CFrame.new(0.000000, -0.000000, -0.000000, 0.998485, -0.042114, -0.035406, 0.039970, 0.997445, -0.059210, 0.037810, 0.057713, 0.997617),

              ["UpperTorso"] = CFrame.new(0.000000, 0.000000, 0.000000, 1.000000, 0.000000, 0.000000, -0.000000, 1.000000, 0.000000, -0.000000, 0.000000, 1.000000)

          }},

          {Time = 0.433, Data = {

              ["Head"] = CFrame.new(0.000000, -0.000000, 0.000000, 0.999778, 0.021059, -0.000008, -0.021058, 0.999745, 0.008118, 0.000179, -0.008116, 0.999967),

              ["LeftFoot"] = CFrame.new(-0.000000, -0.001057, -0.000003, 0.997940, -0.049075, -0.041323, 0.049117, 0.998793, -0.000004, 0.041271, -0.002015, 0.999146),

              ["LeftHand"] = CFrame.new(0.000498, 0.003651, -0.000000, 1.000000, -0.000155, -0.000821, 0.000062, 0.993638, -0.112625, 0.000833, 0.112624, 0.993637),

              ["LeftLowerArm"] = CFrame.new(-0.000500, 0.018751, 0.001161, 1.000000, -0.000000, -0.000000, 0.000000, 0.988046, -0.154164, 0.000000, 0.154163, 0.988045),

              ["LeftLowerLeg"] = CFrame.new(0.000000, -0.000654, 0.000092, 1.000000, -0.000000, 0.000000, 0.000000, 1.000000, -0.000007, -0.000000, -0.000011, 1.000000),

              ["LeftUpperArm"] = CFrame.new(-0.000000, -0.000051, -0.000415, 1.000000, -0.000068, 0.000833, -0.000102, 0.979349, 0.202178, -0.000830, -0.202177, 0.979349),

              ["LeftUpperLeg"] = CFrame.new(0.000000, -0.000000, -0.000100, 0.997940, 0.049117, 0.041272, -0.046330, 0.996744, -0.065980, -0.044379, 0.063939, 0.996967),

              ["LowerTorso"] = CFrame.new(0.000000, 0.000000, 0.000000, 1.000000, 0.000000, -0.000000, 0.000000, 0.997949, 0.064020, 0.000000, -0.064020, 0.997949),

              ["RightFoot"] = CFrame.new(0.000000, -0.000588, -0.000103, 0.998485, 0.042088, 0.035439, -0.042114, 0.999113, -0.000001, -0.035406, -0.001480, 0.999372),

              ["RightHand"] = CFrame.new(-0.000482, 0.026840, 0.000000, 0.732791, -0.587339, 0.343587, 0.380277, 0.772210, 0.509003, -0.564275, -0.242332, 0.789218),

              ["RightLowerArm"] = CFrame.new(-0.000001, 0.115037, 0.128412, 1.000000, 0.000000, -0.000000, -0.000000, -0.329381, -0.944197, -0.000000, 0.944197, -0.329382),

              ["RightLowerLeg"] = CFrame.new(-0.000000, -0.000585, -0.000004, 1.000000, -0.000000, 0.000000, 0.000000, 1.000000, -0.000007, -0.000000, -0.000011, 1.000000),

              ["RightUpperArm"] = CFrame.new(0.208561, -0.823003, 0.223639, 0.164294, 0.261867, 0.951017, 0.238913, 0.924848, -0.295935, -0.957041, 0.275831, 0.089383),

              ["RightUpperLeg"] = CFrame.new(0.000000, -0.000000, -0.000000, 0.998485, -0.042114, -0.035406, 0.039733, 0.997063, -0.065460, 0.038059, 0.063962, 0.997227),

              ["UpperTorso"] = CFrame.new(0.000000, -0.000000, -0.000000, 1.000000, -0.000000, 0.000000, 0.000000, 1.000000, 0.000000, -0.000000, 0.000000, 1.000000)

          }},

          {Time = 0.467, Data = {

              ["Head"] = CFrame.new(0.000000, -0.000000, 0.000000, 0.999736, 0.022986, -0.000001, -0.022985, 0.999697, 0.008861, 0.000204, -0.008859, 0.999961),

              ["LeftFoot"] = CFrame.new(-0.000000, -0.001056, -0.000003, 0.997940, -0.049075, -0.041323, 0.049118, 0.998793, -0.000004, 0.041271, -0.002015, 0.999146),

              ["LeftHand"] = CFrame.new(0.000497, 0.003521, -0.000000, 1.000000, -0.000161, -0.000818, 0.000059, 0.992424, -0.122862, 0.000832, 0.122861, 0.992424),

              ["LeftLowerArm"] = CFrame.new(-0.000500, 0.017963, 0.001061, 1.000000, -0.000000, -0.000000, 0.000000, 0.989060, -0.147516, 0.000000, 0.147516, 0.989060),

              ["LeftLowerLeg"] = CFrame.new(0.000000, -0.000653, 0.000092, 1.000000, -0.000000, 0.000000, 0.000000, 1.000000, -0.000008, 0.000000, -0.000011, 1.000000),

              ["LeftUpperArm"] = CFrame.new(-0.000000, -0.000052, -0.000414, 1.000000, -0.000065, 0.000832, -0.000103, 0.979808, 0.199944, -0.000828, -0.199943, 0.979807),

              ["LeftUpperLeg"] = CFrame.new(0.000000, -0.000000, -0.000100, 0.997940, 0.049117, 0.041272, -0.046069, 0.996352, -0.071826, -0.044649, 0.069784, 0.996563),

              ["LowerTorso"] = CFrame.new(0.000000, 0.000000, 0.000000, 1.000000, 0.000000, -0.000000, 0.000000, 0.997556, 0.069872, 0.000000, -0.069872, 0.997556),

              ["RightFoot"] = CFrame.new(0.000000, -0.000587, -0.000103, 0.998485, 0.042088, 0.035439, -0.042114, 0.999113, -0.000001, -0.035406, -0.001480, 0.999372),

              ["RightHand"] = CFrame.new(-0.000482, 0.026607, -0.000000, 0.780411, -0.539650, 0.315815, 0.312333, 0.774008, 0.550783, -0.541670, -0.331195, 0.772592),

              ["RightLowerArm"] = CFrame.new(-0.000001, 0.116685, 0.123103, 1.000000, 0.000000, -0.000000, -0.000000, -0.274179, -0.961678, -0.000000, 0.961679, -0.274180),

              ["RightLowerLeg"] = CFrame.new(-0.000000, -0.000585, -0.000004, 1.000000, 0.000000, -0.000000, -0.000000, 1.000000, -0.000008, -0.000000, -0.000011, 1.000000),

              ["RightUpperArm"] = CFrame.new(0.183367, -0.978868, 0.166463, 0.176364, 0.425117, 0.887790, 0.421834, 0.782265, -0.458386, -0.889355, 0.455343, -0.041366),

              ["RightUpperLeg"] = CFrame.new(0.000000, -0.000000, -0.000000, 0.998485, -0.042114, -0.035407, 0.039509, 0.996671, -0.071308, 0.038292, 0.069808, 0.996826),

              ["UpperTorso"] = CFrame.new(0.000000, 0.000000, 0.000000, 1.000000, 0.000000, 0.000000, 0.000000, 1.000000, -0.000000, -0.000000, 0.000000, 1.000000)

          }},

          {Time = 0.500, Data = {

              ["Head"] = CFrame.new(0.000000, 0.000000, 0.000000, 0.999694, 0.024737, 0.000008, -0.024736, 0.999649, 0.009537, 0.000228, -0.009534, 0.999955),

              ["LeftFoot"] = CFrame.new(-0.000000, -0.001057, -0.000003, 0.997940, -0.049075, -0.041323, 0.049117, 0.998793, -0.000004, 0.041271, -0.002015, 0.999146),

              ["LeftHand"] = CFrame.new(0.000498, 0.003398, -0.000000, 1.000000, -0.000165, -0.000816, 0.000056, 0.991223, -0.132199, 0.000831, 0.132198, 0.991223),

              ["LeftLowerArm"] = CFrame.new(-0.000500, 0.017233, 0.000973, 1.000000, -0.000000, -0.000000, 0.000000, 0.989958, -0.141362, 0.000000, 0.141362, 0.989958),

              ["LeftLowerLeg"] = CFrame.new(0.000000, -0.000653, 0.000092, 1.000000, -0.000000, -0.000000, 0.000000, 1.000000, -0.000007, 0.000000, -0.000011, 1.000000),

              ["LeftUpperArm"] = CFrame.new(-0.000000, -0.000052, -0.000413, 1.000000, -0.000062, 0.000831, -0.000104, 0.980232, 0.197852, -0.000826, -0.197852, 0.980232),

