return {
    ["Melodramatic"] = {
        {Time = 0.000, Data = {
            ["RightFoot"] = CFrame.new(-6.332993507385254e-08, 2.980232238769531e-07, 1.6952981241047382e-09, 0.9485360383987427, 0.1876460313796997, -0.2550852298736572, -0.2670345604419708, 0.9069418907165527, -0.3258046805858612, 0.17021150887012482, 0.3771543502807617, 0.91037517786026),
            ["LeftLowerArm"] = CFrame.new(-3.5762786865234375e-07, 6.556510925292969e-07, 0, 1, -1.2665982751514093e-07, 9.12696123123169e-08, 5.960463056453591e-08, -0.2119704633951187, -0.977276086807251, 2.0116563348437921e-07, 0.9772761464118958, -0.21197053790092468),
            ["RightUpperArm"] = CFrame.new(0, 0, 1.4901161193847656e-07, 0.5906583070755005, -0.3778730034828186, 0.7129759788513184, 0.3101242780685425, 0.9220182299613953, 0.2317444384098053, -0.7449467778205872, 0.08422942459583282, 0.6617853045463562),
            ["Head"] = CFrame.new(-1.1175870895385742e-08, 1.1920928955078125e-07, 5.029141902923584e-08, 0.9299308061599731, -0.003367117140442133, 0.3677189350128174, 0.008572017773985863, 0.9998849630355835, -0.012522092089056969, -0.3676345944404602, 0.014796873554587364, 0.9298526644706726),
            ["LowerTorso"] = CFrame.new(-0.09766633808612823, -0.1489168405532837, 0.08882059901952744, 0.7270824909210205, -0.05834629759192467, -0.6840663552284241, 0.06803417950868607, 0.9976011514663696, -0.012776355259120464, 0.6831708550453186, -0.03725042939186096, 0.7293078899383545),
            ["UpperTorso"] = CFrame.new(1.862645149230957e-08, 5.960464477539063e-08, -1.1175870895385742e-08, 0.989419162273407, 0.05983201414346695, 0.1321742683649063, -0.07468011975288391, 0.9910778403282166, 0.11039769649505615, -0.1243896409869194, -0.11910037696361542, 0.9850596189498901),
            ["HumanoidRootPart"] = CFrame.new(0, 0, 0, 1, 0, 0, 0, 1, 0, 0, 0, 1),
            ["RightUpperLeg"] = CFrame.new(0, 2.9243528842926025e-07, -3.894820110872388e-08, 0.9871696829795837, -0.15923072397708893, -0.011898117139935493, 0.15210269391536713, 0.9604169726371765, -0.2333754301071167, 0.04858778044581413, 0.22857128083705902, 0.9723138809204102),
            ["LeftUpperArm"] = CFrame.new(0, 2.384185791015625e-07, 8.940696716308594e-08, 0.928198516368866, 0.30220267176628113, -0.21707411110401154, -0.22194652259349823, 0.9179245233535767, 0.3288683295249939, 0.29864242672920227, -0.25707635283470154, 0.9190889596939087),
            ["RightLowerArm"] = CFrame.new(-1.1920928955078125e-07, 1.7881393432617188e-07, 1.4901161193847656e-07, 1, -1.1175865566315224e-08, 8.568165554834195e-08, 6.70552182668871e-08, -0.10128627717494965, -0.9948573112487793, 1.1920927533992653e-07, 0.9948573708534241, -0.10128629952669144),
            ["LeftHand"] = CFrame.new(-3.5762786865234375e-07, -5.960464477539063e-08, -7.450580596923828e-09, 0.8945338726043701, -0.44291552901268005, -0.060292817652225494, 0.4296594560146332, 0.8891787528991699, -0.15733350813388824, 0.1232965961098671, 0.11483471840620041, 0.9857033491134644),
            ["LeftFoot"] = CFrame.new(-5.960464477539063e-08, -5.960464477539063e-08, -7.450580596923828e-09, 0.948881983757019, -0.2989649474620819, 0.10120697319507599, 0.3155573904514313, 0.9054930806159973, -0.2837355136871338, -0.006815244909375906, 0.30116814374923706, 0.9535467624664307),
            ["RightHand"] = CFrame.new(3.6135315895080566e-07, 1.1920928955078125e-07, 1.3224780559539795e-07, 0.9133034348487854, 0.3833877146244049, -0.1374444216489792, -0.384914368391037, 0.9228071570396423, 0.01636490784585476, 0.13310889899730682, 0.03795810788869858, 0.9903742671012878),
            ["RightLowerLeg"] = CFrame.new(1.4901161193847656e-08, -0.00006014108657836914, -0.0000721646283636801, 1, -8.940698137394065e-08, -1.4901162970204496e-08, 6.053597445543346e-08, 0.799342930316925, 0.6008747816085815, -1.3411046495548362e-07, -0.6008751392364502, 0.7993432283401489),
            ["LeftUpperLeg"] = CFrame.new(-5.960464477539063e-08, 2.6263296604156494e-07, -6.51925802230835e-08, 0.8913314342498779, 0.43898114562034607, 0.11324302852153778, -0.3670847713947296, 0.8454266786575317, -0.38794663548469543, -0.2660399079322815, 0.30421921610832214, 0.914698600769043),
            ["LeftLowerLeg"] = CFrame.new(-8.940696716308594e-08, 0.000060677528381347656, 0.00007212162017822266, 1, 7.450581307466564e-08, 7.450581485102248e-09, -7.078052277620372e-08, 0.733027994632721, 0.6801984906196594, 7.450581485102248e-09, -0.6801984906196594, 0.733027994632721),
        }},
        {Time = 0.033, Data = {
            ["RightFoot"] = CFrame.new(6.332993507385254e-08, 2.384185791015625e-07, -4.300818545743823e-08, 0.9427601099014282, 0.17483441531658173, -0.2839658558368683, -0.27089476585388184, 0.8981209993362427, -0.34640204906463623, 0.1944725662469864, 0.4034992456436157, 0.8940743803977966),
            ["LeftLowerArm"] = CFrame.new(1.1920928955078125e-07, -1.1920928955078125e-07, 1.7881393432617188e-07, 1, -5.2154071283894154e-08, 1.5273694486950262e-07, 1.2665987014770508e-07, -0.21249809861183167, -0.9771615266799927, 1.9371509552001953e-07, 0.9771615862846375, -0.21249811351299286),
            ["RightUpperArm"] = CFrame.new(1.1920928955078125e-07, 0, 0, 0.6321184039115906, -0.3857748806476593, 0.6720149517059326, 0.33099156618118286, 0.9185847043991089, 0.21597887575626373, -0.7006218433380127, 0.08590711653232574, 0.7083424925804138),
            ["Head"] = CFrame.new(2.421438694000244e-08, -2.384185791015625e-07, -3.073364496231079e-08, 0.9118714332580566, -0.06990249454975128, 0.4044802188873291, 0.06428267061710358, 0.9975534677505493, 0.027477283030748367, -0.4054114520549774, 0.0009454694809392095, 0.9141339063644409),
            ["LowerTorso"] = CFrame.new(-0.09033901989459991, -0.15304028987884521, 0.1072305217385292, 0.7563204765319824, -0.06704214960336685, -0.6507570743560791, 0.06404834240674973, 0.9975445866584778, -0.028330791741609573, 0.6510584950447083, -0.020252756774425507, 0.7587574124336243),
            ["UpperTorso"] = CFrame.new(-7.450580596923828e-09, 2.384185791015625e-07, -7.450580596923828e-09, 0.9870404005050659, 0.06050862371921539, 0.14862670004367828, -0.08304759114980698, 0.9851211309432983, 0.15046434104442596, -0.13731099665164948, -0.16085751354694366, 0.9773794412612915),
            ["HumanoidRootPart"] = CFrame.new(0, 0, 0, 1, 0, 0, 0, 1, 0, 0, 0, 1),
            ["RightUpperLeg"] = CFrame.new(0, 3.4086406230926514e-07, -8.365168469026685e-08, 0.9876210689544678, -0.1545283943414688, -0.026937289163470268, 0.1450827568769455, 0.96518874168396, -0.21762734651565552, 0.05962909385561943, 0.21102511882781982, 0.9756601452827454),
            ["LeftUpperArm"] = CFrame.new(0, -2.384185791015625e-07, -8.940696716308594e-08, 0.9099453091621399, 0.3131610155105591, -0.2719004154205322, -0.22750261425971985, 0.9250778555870056, 0.3040945529937744, 0.3467595875263214, -0.21485139429569244, 0.9130151867866516),
            ["RightLowerArm"] = CFrame.new(-2.9802322387695312e-08, 2.384185791015625e-07, -1.7881393432617188e-07, 1, -1.4156097449813387e-07, 1.0803340444454079e-07, 8.940696716308594e-08, -0.11759874224662781, -0.9930612444877625, 1.6391277313232422e-07, 0.9930612444877625, -0.11759874224662781),
            ["LeftHand"] = CFrame.new(-2.980232238769531e-07, 0, 2.123415470123291e-07, 0.9072889089584351, -0.40195754170417786, -0.12351907789707184, 0.3783121109008789, 0.9084855914115906, -0.17757880687713623, 0.18359430134296417, 0.11438655108213425, 0.976324200630188),
            ["LeftFoot"] = CFrame.new(-6.705522537231445e-08, 5.960464477539063e-08, 5.21540641784668e-08, 0.9496915340423584, -0.3027144968509674, 0.08031297475099564, 0.31312236189842224, 0.9125261902809143, -0.263154536485672, 0.006372977513819933, 0.2750634551048279, 0.9614049792289734),
            ["RightHand"] = CFrame.new(-1.4528632164001465e-07, -5.960464477539063e-08, 5.047768354415894e-07, 0.8957889080047607, 0.42220816016197205, -0.13893313705921173, -0.42023375630378723, 0.9063136577606201, 0.04471492022275925, 0.14479584991931915, 0.01832921989262104, 0.989291787147522),
            ["RightLowerLeg"] = CFrame.new(-7.450580596923828e-08, -0.000060498714447021484, -0.00007201561675174162, 1, -1.1920930376163597e-07, 5.960465188081798e-08, 7.82310962677002e-08, 0.7821337580680847, 0.6231102347373962, -1.862645149230957e-08, -0.6231106519699097, 0.7821340560913086),
            ["LeftUpperLeg"] = CFrame.new(-5.960464477539063e-08, 8.89413058757782e-08, 1.4901161193847656e-08, 0.8965852856636047, 0.43513965606689453, 0.08239136636257172, -0.3719870150089264, 0.840893030166626, -0.39309635758399963, -0.24033419787883759, 0.3217959403991699, 0.9157984852790833),
            ["LeftLowerLeg"] = CFrame.new(-2.9802322387695312e-08, 0.00006091594696044922, 0.00007191300392150879, 1, 7.450580596923828e-08, 5.2154071283894154e-08, -8.195639367158947e-08, 0.7358233332633972, 0.6771736145019531, 5.960465188081798e-08, -0.6771735548973083, 0.7358233332633972),
        }},
        {Time = 0.067, Data = {
            ["RightFoot"] = CFrame.new(-5.21540641784668e-08, 3.5762786865234375e-07, 3.894820110872388e-08, 0.9265821576118469, 0.14658823609352112, -0.34634891152381897, -0.2818446457386017, 0.8803974986076355, -0.3813968896865845, 0.24901628494262695, 0.45101243257522583, 0.8570757508277893),
            ["LeftLowerArm"] = CFrame.new(-1.7881393432617188e-07, 3.5762786865234375e-07, 2.9802322387695312e-08, 1, -9.313225746154785e-08, 1.0058283805847168e-07, 8.940695295223122e-08, -0.21469829976558685, -0.9766803979873657, 1.1920927533992653e-07, 0.9766805171966553, -0.21469828486442566),
            ["RightUpperArm"] = CFrame.new(1.1920928955078125e-07, -3.5762786865234375e-07, -2.9802322387695312e-08, 0.6500875949859619, -0.3978872299194336, 0.6473574638366699, 0.3243386149406433, 0.9157355427742004, 0.23713494837284088, -0.6871612668037415, 0.05580455809831619, 0.7243584990501404),
            ["Head"] = CFrame.new(5.8673322200775146e-08, -1.1920928955078125e-07, 7.450580596923828e-09, 0.9387977719306946, -0.07287795096635818, 0.336671382188797, 0.049752701073884964, 0.995802640914917, 0.07682385295629501, -0.3408570885658264, -0.05537160485982895, 0.9384830594062805),
            ["LowerTorso"] = CFrame.new(-0.0767311304807663, -0.16240382194519043, 0.15391725301742554, 0.818480908870697, -0.0810612216591835, -0.5687865018844604, 0.0590520054101944, 0.9966228604316711, -0.057059235870838165, 0.5714908838272095, 0.01311391033232212, 0.8205035924911499),
            ["UpperTorso"] = CFrame.new(0, 1.1920928955078125e-07, -1.862645149230957e-08, 0.9924024343490601, 0.06362475454807281, 0.10530638694763184, -0.08268140256404877, 0.9787091612815857, 0.1878621131181717, -0.09111158549785614, -0.19514170289039612, 0.9765339493751526),
            ["HumanoidRootPart"] = CFrame.new(0, 0, 0, 1, 0, 0, 0, 1, 0, 0, 0, 1),
            ["RightUpperLeg"] = CFrame.new(0, 3.8277357816696167e-07, -6.129994289949536e-08, 0.9879004955291748, -0.13999147713184357, -0.06674671918153763, 0.12537024915218353, 0.9741987586021423, -0.18766765296459198, 0.0912964791059494, 0.1770288050174713, 0.979962170124054),
            ["LeftUpperArm"] = CFrame.new(-1.1920928955078125e-07, 2.384185791015625e-07, 1.1920928955078125e-07, 0.8688496947288513, 0.3670431971549988, -0.33223411440849304, -0.26549458503723145, 0.9118610620498657, 0.3130849301815033, 0.4178670644760132, -0.18381738662719727, 0.8897181153297424),
            ["RightLowerArm"] = CFrame.new(1.1920928955078125e-07, -5.960464477539063e-08, 5.960464477539063e-08, 1, -5.215404996761208e-08, 1.2293456563838845e-07, 5.960462345910855e-08, -0.12984175980091095, -0.9915347099304199, 1.4156097449813387e-07, 0.9915347695350647, -0.12984172999858856),
            ["LeftHand"] = CFrame.new(-3.5762786865234375e-07, 0, -1.4156103134155273e-07, 0.9140430092811584, -0.3113667368888855, -0.2599542737007141, 0.2455476075410843, 0.9348680973052979, -0.25637489557266235, 0.3228496313095093, 0.17050668597221375, 0.9309648871421814),
            ["LeftFoot"] = CFrame.new(-3.501772880554199e-07, 5.960464477539063e-08, -2.2351741790771484e-08, 0.9513718485832214, -0.3078453540802002, 0.011085393838584423, 0.3036175072193146, 0.9310118556022644, -0.2025667130947113, 0.05203857645392418, 0.1960819810628891, 0.9792057871818542),
            ["RightHand"] = CFrame.new(3.166496753692627e-07, 5.960464477539063e-08, -7.264316082000732e-08, 0.8799845576286316, 0.461945116519928, -0.11060704290866852, -0.45912250876426697, 0.8868906497955322, 0.05129914730787277, 0.12179394066333771, 0.005639813840389252, 0.9925394654273987),
            ["RightLowerLeg"] = CFrame.new(-7.450580596923828e-08, -0.000060498714447021484, -0.00007207522139651701, 1, -1.043081283569336e-07, -1.4901162970204496e-08, 8.940696716308594e-08, 0.7482666373252869, 0.6633977293968201, -1.4901161193847656e-08, -0.6633980870246887, 0.7482669353485107),
            ["LeftUpperLeg"] = CFrame.new(-5.960464477539063e-08, 1.3434328138828278e-07, -3.725290298461914e-08, 0.902995228767395, 0.4285668432712555, 0.030498895794153214, -0.37827572226524353, 0.8266749978065491, -0.41655233502388, -0.2037331908941269, 0.3646078109741211, 0.9086000919342041),
            ["LeftLowerLeg"] = CFrame.new(-2.086162567138672e-07, 0.00006073713302612305, 0.00007194280624389648, 1, 4.470347647611561e-08, -1.4901161193847656e-08, -6.705522537231445e-08, 0.7509359121322632, 0.6603750586509705, 2.9802322387695312e-08, -0.6603750586509705, 0.7509360313415527),
        }},
        {Time = 0.100, Data = {
            ["RightFoot"] = CFrame.new(-5.587935447692871e-08, 4.172325134277344e-07, 1.6952981241047382e-09, 0.9006693959236145, 0.1139909029006958, -0.4192864000797272, -0.2972266376018524, 0.8655129075050354, -0.4031667709350586, 0.31694042682647705, 0.4877432882785797, 0.8134220838546753),
            ["LeftLowerArm"] = CFrame.new(-2.384185791015625e-07, -5.960464477539063e-08, 5.960464477539063e-08, 1, -1.4901152667334827e-07, 9.685756197086448e-08, 9.872017869838601e-08, -0.20600077509880066, -0.9785519242286682, 1.0430811414607888e-07, 0.9785518050193787, -0.20600077509880066),
            ["RightUpperArm"] = CFrame.new(-1.1920928955078125e-07, 0, -5.960464477539063e-08, 0.6541357636451721, -0.43550607562065125, 0.6184180378913879, 0.33523526787757874, 0.8998456597328186, 0.279097318649292, -0.6780293583869934, 0.024748003110289574, 0.7346181869506836),
            ["Head"] = CFrame.new(3.725290298461914e-09, 0, -3.5390257835388184e-08, 0.9664809107780457, -0.06162478029727936, 0.24923326075077057, 0.027538591995835304, 0.990048348903656, 0.1380072981119156, -0.25525763630867004, -0.12651780247688293, 0.9585598111152649),
            ["LowerTorso"] = CFrame.new(-0.06940381228923798, -0.17249751091003418, 0.21606621146202087, 0.8782515525817871, -0.08615968376398087, -0.4703730046749115, 0.05970950424671173, 0.9956948161125183, -0.07089859992265701, 0.4744565188884735, 0.03418106958270073, 0.8796151280403137),
            ["UpperTorso"] = CFrame.new(0, -1.4901161193847656e-07, -2.2351741790771484e-08, 0.994146466255188, 0.07609322667121887, 0.07669876515865326, -0.09052002429962158, 0.974187433719635, 0.20679721236228943, -0.058983124792575836, -0.2125295102596283, 0.9753729104995728),
            ["HumanoidRootPart"] = CFrame.new(0, 0, 0, 1, 0, 0, 0, 1, 0, 0, 0, 1),
            ["RightUpperLeg"] = CFrame.new(-2.9802322387695312e-08, 1.7601996660232544e-07, -5.3849362302571535e-08, 0.9870402812957764, -0.11649604141712189, -0.110364630818367, 0.0959719642996788, 0.9797296524047852, -0.17583917081356049, 0.12861214578151703, 0.16296830773353577, 0.9782127737998962),
            ["LeftUpperArm"] = CFrame.new(0, 2.384185791015625e-07, 5.960464477539063e-08, 0.7731679081916809, 0.460232138633728, -0.4363459646701813, -0.3553283214569092, 0.8842536211013794, 0.30304697155952454, 0.5253124237060547, -0.07926009595394135, 0.8472099900245667),
            ["RightLowerArm"] = CFrame.new(-1.1920928955078125e-07, 4.172325134277344e-07, 2.086162567138672e-07, 1, -1.2665987014770508e-07, 1.6018749704471702e-07, 1.4156103134155273e-07, -0.1477743685245514, -0.9890211820602417, 9.685754776000977e-08, 0.9890211820602417, -0.14777438342571259),
            ["LeftHand"] = CFrame.new(0, -3.5762786865234375e-07, -1.6391277313232422e-07, 0.9004017114639282, -0.15789452195167542, -0.4053959250450134, 0.031856853514909744, 0.9532445073127747, -0.30051636695861816, 0.43389177322387695, 0.2576709985733032, 0.8633332252502441),
            ["LeftFoot"] = CFrame.new(-1.043081283569336e-07, 1.1920928955078125e-07, 0, 0.9551772475242615, -0.2901003658771515, -0.05897774547338486, 0.2786639928817749, 0.9483455419540405, -0.15161502361297607, 0.09991490840911865, 0.12838423252105713, 0.9866786003112793),
            ["RightHand"] = CFrame.new(-1.6391277313232422e-07, 1.1920928955078125e-07, -2.60770320892334e-08, 0.8665309548377991, 0.4895608425140381, -0.09723425656557083, -0.4863792359828949, 0.8719686269760132, 0.05573078989982605, 0.11206898838281631, -0.0009997413726523519, 0.9937000274658203),
            ["RightLowerLeg"] = CFrame.new(0, -0.000060498714447021484, -0.00007201561675174162, 1, -1.1920928955078125e-07, -8.195639367158947e-08, 8.940696716308594e-08, 0.7178505063056946, 0.6961969137191772, -3.725290298461914e-09, -0.6961972713470459, 0.7178508639335632),
            ["LeftUpperLeg"] = CFrame.new(-5.960464477539063e-08, -6.984919309616089e-09, -1.6763806343078613e-08, 0.9093142151832581, 0.4161025881767273, -0.0025453867856413126, -0.36645784974098206, 0.797897219657898, -0.4786112904548645, -0.19712042808532715, 0.43614086508750916, 0.8780233263969421),
            ["LeftLowerLeg"] = CFrame.new(-1.4901161193847656e-07, 0.00006091594696044922, 0.00007195770740509033, 1, 9.313225746154785e-08, 0, -5.960465188081798e-08, 0.7406538128852844, 0.6718868613243103, 4.4703490686970326e-08, -0.6718869209289551, 0.7406537532806396),
        }},
        {Time = 0.133, Data = {
            ["RightFoot"] = CFrame.new(-4.470348358154297e-08, 3.5762786865234375e-07, -5.790934665128589e-08, 0.8735856413841248, 0.08934731036424637, -0.4783988893032074, -0.317458838224411, 0.8496889472007751, -0.4210086464881897, 0.36887428164482117, 0.5196592807769775, 0.7706401944160461),
            ["LeftLowerArm"] = CFrame.new(-2.980232238769531e-07, -5.364418029785156e-07, 5.960464477539063e-08, 1, -2.9802318834981634e-08, 8.940696716308594e-08, 1.564622067462551e-07, -0.19742557406425476, -0.9803178906440735, 8.940698137394065e-08, 0.9803178906440735, -0.19742551445960999),
            ["RightUpperArm"] = CFrame.new(1.1920928955078125e-07, -8.344650268554688e-07, 8.940696716308594e-08, 0.6435478329658508, -0.48179396986961365, 0.5947442650794983, 0.3531355559825897, 0.8762840032577515, 0.3277522325515747, -0.6790739893913269, -0.0008988453773781657, 0.7340693473815918),
            ["Head"] = CFrame.new(1.4901161193847656e-08, 1.1920928955078125e-07, 4.284083843231201e-08, 0.986929714679718, -0.04277339577674866, 0.1553715467453003, 0.01457124948501587, 0.9838685393333435, 0.17829909920692444, -0.16049163043498993, -0.17370450496673584, 0.9716323018074036),
            ["LowerTorso"] = CFrame.new(-0.07160302251577377, -0.17783784866333008, 0.27609527111053467, 0.9223209619522095, -0.05612307786941528, -0.38232749700546265, 0.03607631474733353, 0.9975816607475281, -0.0594082735478878, 0.3847370445728302, 0.041000526398420334, 0.9221152067184448),
            ["UpperTorso"] = CFrame.new(7.450580596923828e-09, 5.960464477539063e-08, 2.2351741790771484e-08, 0.9951490163803101, 0.06342025846242905, 0.0752086266875267, -0.07718770951032639, 0.9773191809654236, 0.19720400869846344, -0.06099611893296242, -0.20205262303352356, 0.9774733781814575),
            ["HumanoidRootPart"] = CFrame.new(0, 0, 0, 1, 0, 0, 0, 1, 0, 0, 0, 1),
            ["RightUpperLeg"] = CFrame.new(0, 3.501772880554199e-07, -6.129994289949536e-08, 0.98176109790802, -0.12702785432338715, -0.14145353436470032, 0.0955449640750885, 0.9729022979736328, -0.21055234968662262, 0.16436654329299927, 0.1931968480348587, 0.967294454574585),
            ["LeftUpperArm"] = CFrame.new(1.7881393432617188e-07, -4.76837158203125e-07, 4.470348358154297e-08, 0.6364459991455078, 0.5414145588874817, -0.5493695139884949, -0.470184326171875, 0.8369381427764893, 0.2801094651222229, 0.6114435791969299, 0.08003049343824387, 0.7872304916381836),
            ["RightLowerArm"] = CFrame.new(5.960464477539063e-08, -5.960464477539063e-08, 0, 1, -3.7252889661942845e-09, 1.4901159772762185e-07, 7.450579886381092e-08, -0.14736106991767883, -0.9890828132629395, 1.4156101713069802e-07, 0.9890828132629395, -0.14736109972000122),
            ["LeftHand"] = CFrame.new(-1.4901161193847656e-07, 0, 3.5762786865234375e-07, 0.8411990404129028, 0.008738941513001919, -0.5406553745269775, -0.17908665537834167, 0.9479408860206604, -0.2633175551891327, 0.5102080702781677, 0.3183267414569855, 0.7989716529846191),
            ["LeftFoot"] = CFrame.new(-4.470348358154297e-08, -1.1920928955078125e-07, -1.862645149230957e-08, 0.9658927917480469, -0.23601602017879486, -0.10652539879083633, 0.22030331194400787, 0.9651971459388733, -0.1409296840429306, 0.13607968389987946, 0.11265506595373154, 0.9842719435691833),
            ["RightHand"] = CFrame.new(-3.725290298461914e-07, -1.1920928955078125e-07, -1.4901161193847656e-08, 0.8580556511878967, 0.5055508017539978, -0.09032661467790604, -0.50440514087677, 0.8626832962036133, 0.03678523749113083, 0.0965198427438736, 0.013997312635183334, 0.9952326416969299),
            ["RightLowerLeg"] = CFrame.new(-8.940696716308594e-08, -0.000060439109802246094, -0.00007189640746219084, 1, -8.195637946073475e-08, -8.195639367158947e-08, 1.341104507446289e-07, 0.6749834418296814, 0.7378327250480652, 7.450580596923828e-09, -0.7378329038619995, 0.6749836206436157),
            ["LeftUpperLeg"] = CFrame.new(-5.960464477539063e-08, 2.2724270820617676e-07, 7.450580596923828e-09, 0.9250027537345886, 0.3781763017177582, 0.03677918016910553, -0.29747098684310913, 0.7810057997703552, -0.549127459526062, -0.23639178276062012, 0.4970037639141083, 0.8349289894104004),
            ["LeftLowerLeg"] = CFrame.new(-1.3783574104309082e-07, 0.00006079673767089844, 0.00007198750972747803, 1, 5.681068415697155e-08, 3.539026138810186e-08, -8.195638656616211e-08, 0.7082163095474243, 0.705995500087738, 1.4901161193847656e-08, -0.7059955596923828, 0.7082163691520691),
        }},
        {Time = 0.167, Data = {
            ["RightFoot"] = CFrame.new(-8.195638656616211e-08, 2.980232238769531e-07, -7.281050784513354e-08, 0.8574548363685608, 0.0835152119398117, -0.5077368021011353, -0.3380710482597351, 0.8353203535079956, -0.43352919816970825, 0.3879165053367615, 0.5433830618858337, 0.7444836497306824),
            ["LeftLowerArm"] = CFrame.new(-4.470348358154297e-07, 3.5762786865234375e-07, 1.7881393432617188e-07, 1, -2.9802315282267955e-08, 1.1920927533992653e-07, 1.6391273049976007e-07, -0.19185739755630493, -0.9814228415489197, 5.960463056453591e-08, 0.9814227819442749, -0.19185741245746613),
            ["RightUpperArm"] = CFrame.new(0, 2.384185791015625e-07, -2.9802322387695312e-08, 0.6241975426673889, -0.5326687693595886, 0.5715254545211792, 0.37418100237846375, 0.8460049033164978, 0.37982138991355896, -0.6858324408531189, -0.023229626938700676, 0.727388858795166),
            ["Head"] = CFrame.new(1.4901161193847656e-08, -1.1920928955078125e-07, -4.6566128730773926e-08, 0.9969354271888733, -0.03269057720899582, 0.07107070833444595, 0.01845349185168743, 0.9811350703239441, 0.19244110584259033, -0.07602095603942871, -0.19053979218006134, 0.9787315130233765),
            ["LowerTorso"] = CFrame.new(-0.07624393701553345, -0.17623114585876465, 0.30836057662963867, 0.9598086476325989, -0.025723442435264587, -0.2794739603996277, 0.011212095618247986, 0.9985103607177734, -0.053399085998535156, 0.28043124079704285, 0.04811941459774971, 0.9586672782897949),
            ["UpperTorso"] = CFrame.new(5.587935447692871e-09, 1.4901161193847656e-07, 7.450580596923828e-09, 0.9959810972213745, 0.050935499370098114, 0.07367043942213058, -0.06407614052295685, 0.9799326062202454, 0.1887495219707489, -0.06257804483175278, -0.19271151721477509, 0.9792580008506775),
            ["HumanoidRootPart"] = CFrame.new(0, 0, 0, 1, 0, 0, 0, 1, 0, 0, 0, 1),
            ["RightUpperLeg"] = CFrame.new(5.960464477539063e-08, 2.2165477275848389e-07, -4.639878170564771e-08, 0.9638199806213379, -0.16210025548934937, -0.21160009503364563, 0.11715944111347198, 0.9706676602363586, -0.20994746685028076, 0.23942600190639496, 0.177560493350029, 0.9545404314994812),
            ["LeftUpperArm"] = CFrame.new(1.1920928955078125e-07, 1.1920928955078125e-07, -2.2351741790771484e-08, 0.47830283641815186, 0.5990217328071594, -0.6421834230422974, -0.5936379432678223, 0.759417712688446, 0.2662307620048523, 0.647163450717926, 0.253885418176651, 0.7188336253166199),
            ["RightLowerArm"] = CFrame.new(2.384185791015625e-07, 4.172325134277344e-07, 1.6391277313232422e-07, 1, -1.2665987014770508e-07, 7.450580596923828e-08, 1.1920926112907182e-07, -0.14626887440681458, -0.9892448782920837, 1.0430809993522416e-07, 0.9892449378967285, -0.146268829703331),
            ["LeftHand"] = CFrame.new(1.1920928955078125e-07, 1.1920928955078125e-07, -1.4901161193847656e-07, 0.763155460357666, 0.18147559463977814, -0.6202096939086914, -0.3557782471179962, 0.9191967248916626, -0.16881774365901947, 0.5394585132598877, 0.3494913876056671, 0.766055166721344),
            ["LeftFoot"] = CFrame.new(-2.8230715543031693e-08, 1.1920928955078125e-07, -1.1175870895385742e-08, 0.9768766760826111, -0.16864243149757385, -0.13142192363739014, 0.14431291818618774, 0.9736313819885254, -0.1766800433397293, 0.15775223076343536, 0.15362873673439026, 0.9754549860954285),
            ["RightHand"] = CFrame.new(-1.341104507446289e-07, 5.960464477539063e-08, 2.980232238769531e-07, 0.8492217063903809, 0.5211530327796936, -0.0849815383553505, -0.5228275060653687, 0.852433443069458, 0.002964228857308626, 0.07398601621389389, 0.041913315653800964, 0.9963781237602234),
            ["RightLowerLeg"] = CFrame.new(-5.21540641784668e-08, -0.00006026029586791992, -0.00007204541907412931, 1, -8.940696716308594e-08, -6.705523247774181e-08, 1.1920928955078125e-07, 0.6612449884414673, 0.7501698136329651, -7.078051567077637e-08, -0.750170111656189, 0.6612452864646912),
            ["LeftUpperLeg"] = CFrame.new(-1.1920928955078125e-07, 1.648440957069397e-07, 1.4901161193847656e-08, 0.9410998225212097, 0.32660219073295593, 0.08753373473882675, -0.21649685502052307, 0.7808794975280762, -0.585966169834137, -0.2597311735153198, 0.5325019359588623, 0.8055939078330994),
            ["LeftLowerLeg"] = CFrame.new(-5.203764885663986e-08, 0.00006073713302612305, 0.00007175654172897339, 1, 5.3143587308568385e-08, 3.91155481338501e-08, -8.149072527885437e-08, 0.656326174736023, 0.7544772624969482, 4.0745362639427185e-08, -0.7544772028923035, 0.656326174736023),
        }},
        {Time = 0.200, Data = {
            ["RightFoot"] = CFrame.new(-3.3527612686157227e-08, 3.5762786865234375e-07, 1.6560807125642896e-07, 0.8518648743629456, 0.09471756219863892, -0.5151263475418091, -0.3589401841163635, 0.821816086769104, -0.44247034192085266, 0.3814293444156647, 0.5618246793746948, 0.7340741753578186),
            ["LeftLowerArm"] = CFrame.new(-2.682209014892578e-07, -2.980232238769531e-07, 2.384185791015625e-07, 1, -5.9604616353681195e-08, 1.3411042232291948e-07, 1.7881390590446244e-07, -0.19376954436302185, -0.9810470938682556, 4.470347647611561e-08, 0.9810470938682556, -0.19376952946186066),
            ["RightUpperArm"] = CFrame.new(0, -4.76837158203125e-07, 3.725290298461914e-08, 0.5937727689743042, -0.584087610244751, 0.5534216165542603, 0.39005956053733826, 0.8105204105377197, 0.43693286180496216, -0.7037665843963623, -0.04357141628861427, 0.7090938687324524),
            ["Head"] = CFrame.new(-5.587935447692871e-09, -2.384185791015625e-07, 9.080395102500916e-09, 0.9988182187080383, -0.04736383259296417, -0.01090738084167242, 0.04858829826116562, 0.9786564707756042, 0.19967705011367798, 0.0012170735280960798, -0.19997082650661469, 0.9798011183738708),
            ["LowerTorso"] = CFrame.new(-0.08513809740543365, -0.17190337181091309, 0.3200635612010956, 0.9862788915634155, 0.0038451089058071375, -0.16504307091236115, -0.012689650058746338, 0.9985367059707642, -0.05256840959191322, 0.1645994335412979, 0.053941451013088226, 0.9848844408988953),
            ["UpperTorso"] = CFrame.new(1.862645149230957e-09, 4.172325134277344e-07, -1.0244548320770264e-08, 0.9965617656707764, 0.03974561765789986, 0.07269790023565292, -0.05148177966475487, 0.9845341444015503, 0.16745814681053162, -0.06491784006357193, -0.1706249862909317, 0.9831952452659607),
            ["HumanoidRootPart"] = CFrame.new(0, 0, 0, 1, 0, 0, 0, 1, 0, 0, 0, 1),
            ["RightUpperLeg"] = CFrame.new(-8.940696716308594e-08, 4.6356581151485443e-07, -3.149762051180005e-08, 0.9273815751075745, -0.20908457040786743, -0.3102371096611023, 0.15618519484996796, 0.9699051380157471, -0.1867893934249878, 0.3399553894996643, 0.12477045506238937, 0.9321280717849731),
            ["LeftUpperArm"] = CFrame.new(5.960464477539063e-08, -5.960464477539062e-07, -1.4901161193847656e-08, 0.3316332697868347, 0.6313040852546692, -0.7010524868965149, -0.687833845615387, 0.6703923940658569, 0.2783142030239105, 0.6456811428070068, 0.38990941643714905, 0.6565566658973694),
            ["RightLowerArm"] = CFrame.new(-2.9802322387695312e-08, 2.384185791015625e-07, 5.327165126800537e-07, 1, -1.192092469182171e-07, 1.2293459406009788e-07, 7.450580596923828e-08, -0.14946168661117554, -0.9887675642967224, 1.7881393432617188e-07, 0.9887675046920776, -0.14946167171001434),
            ["LeftHand"] = CFrame.new(2.384185791015625e-07, 1.1920928955078125e-07, 2.9802322387695312e-08, 0.6996157765388489, 0.3476141691207886, -0.6242617964744568, -0.48360776901245117, 0.8735185265541077, -0.05557408928871155, 0.5259860754013062, 0.3407783508300781, 0.7792360186576843),
            ["LeftFoot"] = CFrame.new(1.1641532182693481e-08, 0, 0, 0.9873702526092529, -0.10947292298078537, -0.11452382802963257, 0.080821692943573, 0.9697805047035217, -0.23020343482494354, 0.13626402616500854, 0.21804000437259674, 0.9663801789283752),
            ["RightHand"] = CFrame.new(5.960464477539063e-08, 0, -1.5273690223693848e-07, 0.8392998576164246, 0.5388650894165039, -0.07211221009492874, -0.5428081750869751, 0.8380274772644043, -0.05540085583925247, 0.030578555539250374, 0.08564110100269318, 0.995856761932373),
            ["RightLowerLeg"] = CFrame.new(0, -0.00006026029586791992, -0.00007200071559054777, 1, -1.341104365337742e-07, -5.960465188081798e-08, 1.1175870895385742e-07, 0.6675894260406494, 0.7445292472839355, -1.4901161193847656e-08, -0.7445296049118042, 0.6675897836685181),
            ["LeftUpperLeg"] = CFrame.new(0, 3.816094249486923e-07, -4.470348358154297e-08, 0.9568715691566467, 0.26358741521835327, 0.12214123457670212, -0.14612558484077454, 0.8000732660293579, -0.5818334221839905, -0.25108590722084045, 0.5388918519020081, 0.804084300994873),
            ["LeftLowerLeg"] = CFrame.new(-5.4016709327697754e-08, 0.00006079673767089844, 0.00007208716124296188, 1, 5.4016709327697754e-08, 2.60770320892334e-08, -6.332993507385254e-08, 0.6137345433235168, 0.7895125150680542, 3.632158041000366e-08, -0.7895124554634094, 0.6137345433235168),
        }},
        {Time = 0.233, Data = {
            ["RightFoot"] = CFrame.new(-1.6763806343078613e-07, 4.76837158203125e-07, 9.110226528719068e-08, 0.8813304901123047, 0.13436967134475708, -0.45299187302589417, -0.3587348759174347, 0.8142417669296265, -0.4564201533794403, 0.3075158894062042, 0.5647611021995544, 0.765819251537323),
            ["LeftLowerArm"] = CFrame.new(1.1920928955078125e-07, -1.7881393432617188e-07, 1.1920928955078125e-07, 1, -1.7881389169360773e-07, 1.1175870895385742e-07, 8.940698137394065e-08, -0.2128305435180664, -0.9770891666412354, 1.4901162614933128e-07, 0.9770891070365906, -0.21283051371574402),
            ["RightUpperArm"] = CFrame.new(0, 0, -7.636845111846924e-08, 0.5390574336051941, -0.6339829564094543, 0.554511308670044, 0.42182374000549316, 0.7730485200881958, 0.4737728536128998, -0.729028046131134, -0.02148483321070671, 0.684146523475647),
            ["Head"] = CFrame.new(2.1886080503463745e-08, 0, -3.993045538663864e-08, 0.9937136769294739, -0.06186395883560181, -0.09330624341964722, 0.07897119969129562, 0.9781062602996826, 0.19254066050052643, 0.07935211062431335, -0.19869868457317352, 0.9768429398536682),
            ["LowerTorso"] = CFrame.new(-0.10606859624385834, -0.16571259498596191, 0.31702181696891785, 0.9984174966812134, 0.030970683321356773, -0.04693978652358055, -0.03362663835287094, 0.9978139996528625, -0.05689087510108948, 0.04507521912455559, 0.058379270136356354, 0.9972763657569885),
            ["UpperTorso"] = CFrame.new(-2.1420419216156006e-08, -1.4901161193847656e-07, -4.284083843231201e-08, 0.9969369769096375, 0.027018466964364052, 0.07339566946029663, -0.03746062517166138, 0.9887439012527466, 0.14485254883766174, -0.06865584850311279, -0.14715828001499176, 0.9867274165153503),
            ["HumanoidRootPart"] = CFrame.new(0, 0, 0, 1, 0, 0, 0, 1, 0, 0, 0, 1),
            ["RightUpperLeg"] = CFrame.new(-2.9802322387695312e-08, 3.4086406230926514e-07, -4.639878170564771e-08, 0.8763593435287476, -0.26018354296684265, -0.40533778071403503, 0.21994131803512573, 0.9648546576499939, -0.1438101977109909, 0.4285091459751129, 0.036878786981105804, 0.9027845859527588),
            ["LeftUpperArm"] = CFrame.new(-1.1920928955078125e-07, 0, -3.3527612686157227e-08, 0.2284175455570221, 0.6639188528060913, -0.7120655179023743, -0.7521365284919739, 0.5847375988960266, 0.30392858386039734, 0.6181553602218628, 0.46614786982536316, 0.6329219341278076),
            ["RightLowerArm"] = CFrame.new(5.960464477539063e-08, 2.384185791015625e-07, 3.725290298461914e-07, 1, -5.215404996761208e-08, 6.891787052154541e-08, 8.940698137394065e-08, -0.15641087293624878, -0.98769211769104, 1.3411046495548362e-07, 0.98769211769104, -0.15641090273857117),
            ["LeftHand"] = CFrame.new(2.9802322387695312e-08, -1.1920928955078125e-07, -2.9802322387695312e-08, 0.6405500173568726, 0.4396568536758423, -0.629601240158081, -0.5556334257125854, 0.8312883377075195, 0.015200422145426273, 0.5300633311271667, 0.34009069204330444, 0.7767696976661682),
            ["LeftFoot"] = CFrame.new(1.6763806343078613e-08, 1.7881393432617188e-07, 1.4901161193847656e-08, 0.9976239800453186, -0.06389603018760681, -0.025763671845197678, 0.05357508361339569, 0.9546153545379639, -0.2929835021495819, 0.043314892798662186, 0.2909070551395416, 0.9557703733444214),
            ["RightHand"] = CFrame.new(5.960464477539063e-08, 0, -7.82310962677002e-08, 0.8249463438987732, 0.5625615119934082, -0.054663944989442825, -0.5650911331176758, 0.818911075592041, -0.10028427839279175, -0.011650948785245419, 0.11361915618181229, 0.9934561252593994),
            ["RightLowerLeg"] = CFrame.new(-2.9802322387695312e-08, -0.000060439109802246094, -0.00007197091326816007, 1, -4.470348358154297e-08, -7.450581307466564e-08, 1.1548399925231934e-07, 0.6993570327758789, 0.7147722840309143, -4.842877388000488e-08, -0.714772641658783, 0.6993573307991028),
            ["LeftUpperLeg"] = CFrame.new(-5.960464477539063e-08, 4.6566128730773926e-08, -6.51925802230835e-08, 0.9786112904548645, 0.17385360598564148, 0.10997682809829712, -0.08974848687648773, 0.8418487906455994, -0.5321990847587585, -0.18510863184928894, 0.5109457969665527, 0.8394458293914795),
            ["LeftLowerLeg"] = CFrame.new(-2.2910535335540771e-07, 0.00006079673767089844, 0.00007195398211479187, 1, 6.705523247774181e-08, 4.4703494239684005e-08, -5.960465188081798e-08, 0.5997170805931091, 0.8002121448516846, 3.725290653733282e-08, -0.8002121448516846, 0.5997170805931091),
        }},
        {Time = 0.267, Data = {
            ["RightFoot"] = CFrame.new(-4.470348358154297e-08, 2.980232238769531e-07, -1.6221747500821948e-07, 0.9226117730140686, 0.19363738596439362, -0.333605021238327, -0.3398290276527405, 0.8172175288200378, -0.4654798209667206, 0.18249358236789703, 0.5428259372711182, 0.8197782635688782),
            ["LeftLowerArm"] = CFrame.new(2.9802322387695312e-08, 1.1920928955078125e-07, -1.4901161193847656e-08, 1, -5.960463056453591e-08, 1.4901161193847656e-07, 1.341104365337742e-07, -0.23875775933265686, -0.9710792303085327, 8.940695295223122e-08, 0.9710792303085327, -0.23875771462917328),
            ["RightUpperArm"] = CFrame.new(1.1920928955078125e-07, -3.5762786865234375e-07, -4.470348358154297e-08, 0.44327667355537415, -0.6984661817550659, 0.5618281960487366, 0.48908594250679016, 0.7137132287025452, 0.5014064311981201, -0.7511996030807495, 0.052520375698804855, 0.6579822897911072),
            ["Head"] = CFrame.new(4.470348358154297e-08, -3.5762786865234375e-07, -5.3551048040390015e-08, 0.9812855124473572, -0.07687853276729584, -0.17654593288898468, 0.10827920585870743, 0.9784594774246216, 0.17576339840888977, 0.15923058986663818, -0.19159020483493805, 0.9684724807739258),
            ["LowerTorso"] = CFrame.new(-0.1416792869567871, -0.15858125686645508, 0.3128291070461273, 0.9961705803871155, 0.05407379940152168, 0.06870421022176743, -0.04969027265906334, 0.9967130422592163, -0.06398547440767288, -0.07193831354379654, 0.06032651662826538, 0.9955830574035645),
            ["UpperTorso"] = CFrame.new(4.284083843231201e-08, 1.4901161193847656e-07, 5.587935447692871e-09, 0.9970747232437134, 0.010746177285909653, 0.07567346841096878, -0.020886255428195, 0.9906918406486511, 0.1345120519399643, -0.07352360337972641, -0.1356990784406662, 0.9880182147026062),
            ["HumanoidRootPart"] = CFrame.new(0, 0, 0, 1, 0, 0, 0, 1, 0, 0, 0, 1),
            ["RightUpperLeg"] = CFrame.new(5.960464477539063e-08, 1.3597309589385986e-07, -2.7772330213338137e-08, 0.8130800127983093, -0.30356788635253906, -0.49673688411712646, 0.2979274094104767, 0.9500533938407898, -0.09294039756059647, 0.5001401901245117, -0.07242364436388016, 0.8629105091094971),
            ["LeftUpperArm"] = CFrame.new(5.960464477539063e-08, -2.384185791015625e-07, -4.470348358154297e-08, 0.12353792786598206, 0.6976006627082825, -0.7057561874389648, -0.8097879886627197, 0.4819430708885193, 0.334625780582428, 0.5735694169998169, 0.5301738381385803, 0.6244467496871948),
            ["RightLowerArm"] = CFrame.new(1.1920928955078125e-07, 4.172325134277344e-07, 2.086162567138672e-07, 1, -7.450579886381092e-08, 1.0430811414607888e-07, 4.470347292340193e-08, -0.1709376871585846, -0.9852818250656128, 1.0430809993522416e-07, 0.9852818250656128, -0.1709376722574234),
            ["LeftHand"] = CFrame.new(5.662441253662109e-07, -3.5762786865234375e-07, 1.7881393432617188e-07, 0.5961646437644958, 0.5228414535522461, -0.6092820167541504, -0.6058879494667053, 0.7909040451049805, 0.08585268259048462, 0.5267709493637085, 0.31797441840171814, 0.7882923483848572),
            ["LeftFoot"] = CFrame.new(-1.6763806343078613e-08, 1.7881393432617188e-07, 3.725290298461914e-08, 0.9991576075553894, -0.016769560053944588, 0.03745599836111069, 0.02896163985133171, 0.9347764253616333, -0.35405418276786804, -0.029075661674141884, 0.3548406958580017, 0.9344745874404907),
            ["RightHand"] = CFrame.new(-1.4901161193847656e-07, 0, 0, 0.8070571422576904, 0.5865474343299866, -0.0679738000035286, -0.5899051427841187, 0.7958705425262451, -0.13639087975025177, -0.025901202112436295, 0.1501735895872116, 0.9883204102516174),
            ["RightLowerLeg"] = CFrame.new(-7.450580596923828e-08, -0.000060498714447021484, -0.00007201561675174162, 1, -9.685754776000977e-08, -2.980232594040899e-08, 8.777715265750885e-08, 0.7529051303863525, 0.6581288576126099, -1.0244548320770264e-07, -0.658129096031189, 0.7529053688049316),
