return {
    ["Members Only"] = {
        [1] = {Time = 0.000, Data = {
            ["LeftFoot"] = CFrame.new(1.862645149230957e-09, 0, 3.3527612686157227e-08, 0.9960135817527771, -0.08603633940219879, -0.023551026359200478, 0.08815310150384903, 0.9897434711456299, 0.11241685599088669, 0.013637322932481766, -0.11404294520616531, 0.9933820366859436),
            ["LeftLowerArm"] = CFrame.new(2.9802322387695312e-08, 1.7881393432617188e-07, -3.129243850708008e-07, 1, -7.450581485102248e-09, -2.5611361920141462e-09, 1.1175870895385742e-08, 0.9997666478157043, -0.021601872518658638, 9.080395102500916e-09, 0.021601887419819832, 0.9997667074203491),
            ["LowerTorso"] = CFrame.new(-0.08217685669660568, -0.07305610179901123, -0.07312251627445221, 0.9995901584625244, 0.012628428637981415, -0.02569035440683365, -0.012618998065590858, 0.9999202489852905, 0.0005292035057209432, 0.025694988667964935, -0.0002048001770162955, 0.9996697902679443),
            ["Head"] = CFrame.new(-7.450580596923828e-08, 0, -1.1548399925231934e-07, 0.9201279282569885, -0.03884568810462952, -0.38968685269355774, -0.017825322225689888, 0.9898825883865356, -0.14076495170593262, 0.3912123143672943, 0.1364680379629135, 0.9101261496543884),
            ["RightUpperArm"] = CFrame.new(2.384185791015625e-07, 4.76837158203125e-07, 0, 0.8426880836486816, -0.5314051508903503, -0.08651889115571976, 0.39484724402427673, 0.7192153930664062, -0.5716860294342041, 0.3660225570201874, 0.44759124517440796, 0.815898060798645),
            ["UpperTorso"] = CFrame.new(-4.307366907596588e-09, 5.960464477539063e-08, 4.0745362639427185e-09, 0.9158980250358582, -0.025389907881617546, 0.40060725808143616, -0.05619565770030022, 0.9800593852996826, 0.1905934065580368, -0.39745810627937317, -0.19707654416561127, 0.8962075710296631),
            ["HumanoidRootPart"] = CFrame.new(0, 0, 0, 1, 0, 0, 0, 1, 0, 0, 0, 1),
            ["RightHand"] = CFrame.new(-7.227063179016113e-07, 4.172325134277344e-07, 7.484341040253639e-07, 0.8504033088684082, 0.1609499603509903, -0.5009085536003113, -0.3734830915927887, 0.8552410006523132, -0.3592676520347595, 0.37057337164878845, 0.49260324239730835, 0.7874119281768799),
            ["LeftUpperArm"] = CFrame.new(-1.1920928955078125e-07, -4.76837158203125e-07, -2.682209014892578e-07, 0.8098877668380737, 0.09265249222517014, -0.5792213082313538, -0.06771236658096313, 0.995612621307373, 0.06458081305027008, 0.5826635956764221, -0.013082762248814106, 0.8126081824302673),
            ["RightLowerArm"] = CFrame.new(-7.748603820800781e-07, 1.1920928955078125e-07, 7.450580596923828e-07, 1, -7.729978079851207e-08, 5.013500370409929e-08, 1.3969844303574064e-07, 0.4633690416812897, -0.88616544008255, 2.980233304583635e-08, 0.88616544008255, 0.46336907148361206),
            ["LeftHand"] = CFrame.new(3.725290298461914e-09, -3.5762786865234375e-07, 5.960464477539063e-08, 0.8710914254188538, 0.04531220346689224, 0.4890262484550476, -0.016174742951989174, 0.9978415369987488, -0.06364629417657852, -0.4908546507358551, 0.04753192886710167, 0.8699439764022827),
            ["RightUpperLeg"] = CFrame.new(-8.940696716308594e-08, -1.9594517652876675e-07, 1.9841536413878202e-08, 0.8725833296775818, -0.17331883311271667, -0.4566824734210968, 0.245794877409935, 0.9637389779090881, 0.10388454794883728, 0.42211753129959106, -0.202898308634758, 0.8835435509681702),
            ["LeftUpperLeg"] = CFrame.new(-4.172325134277344e-07, 0.0000017266902432311326, 3.3760443329811096e-09, 0.9879775643348694, 0.018545864149928093, -0.15348076820373535, -0.07796501368284225, 0.9170576930046082, -0.3910582363605499, 0.13349847495555878, 0.3983229398727417, 0.9074785113334656),
            ["RightLowerLeg"] = CFrame.new(6.705522537231445e-08, -0.0000036954879760742188, -0.00001328268990619108, 1, -1.0430815677864302e-07, -4.470347647611561e-08, 5.960465898624534e-08, 0.8938835859298706, 0.44829922914505005, -1.1175873559921001e-08, -0.44829925894737244, 0.8938835263252258),
            ["RightFoot"] = CFrame.new(2.2351741790771484e-08, 2.980232238769531e-07, 7.620110409334302e-08, 0.9855294227600098, 0.16914761066436768, -0.011003416031599045, -0.16668696701526642, 0.9553127884864807, -0.24411654472351074, -0.03078000620007515, 0.24241846799850464, 0.9696835875511169),
            ["LeftLowerLeg"] = CFrame.new(7.450580596923828e-09, 0.000003874301910400391, 0.000013425946235656738, 1, 3.53902720462429e-08, 4.7497451305389404e-08, -2.980232594040899e-08, 0.9622847437858582, 0.27204394340515137, -1.862645326866641e-08, -0.2720445394515991, 0.9622848629951477)
        }},
        [2] = {Time = 0.033, Data = {
            ["LeftFoot"] = CFrame.new(-5.774199962615967e-08, -5.960464477539063e-08, 3.3527612686157227e-08, 0.9960271716117859, -0.0859132707118988, -0.023425741121172905, 0.08800485730171204, 0.98985356092453, 0.11156075447797775, 0.013603683561086655, -0.11317695677280426, 0.9934815168380737),
            ["LeftLowerArm"] = CFrame.new(2.384185791015625e-07, -8.940696716308594e-07, -3.5762786865234375e-07, 1, -4.656613761255812e-09, 5.355103471771372e-09, 2.7939681679356454e-09, 0.9995472431182861, -0.030090417712926865, 1.862645371275562e-09, 0.03009042702615261, 0.9995471835136414),
            ["LowerTorso"] = CFrame.new(-0.0821627825498581, -0.07244956493377686, -0.07330532371997833, 0.9995111227035522, 0.012363848276436329, -0.028716707602143288, -0.01239248737692833, 0.9999228715896606, -0.0008195319678634405, 0.028704360127449036, 0.0011750026606023312, 0.9995872378349304),
            ["Head"] = CFrame.new(-4.470348358154297e-08, -1.1920928955078125e-07, -5.587935447692871e-08, 0.9226785898208618, -0.03684649243950844, -0.38380536437034607, -0.01824433170258999, 0.9901360869407654, -0.13891594111919403, 0.3851381838321686, 0.13517707586288452, 0.9129050970077515),
            ["RightUpperArm"] = CFrame.new(2.384185791015625e-07, 5.960464477539062e-07, 2.9802322387695312e-08, 0.8480326533317566, -0.5238392353057861, -0.08020728081464767, 0.39124128222465515, 0.720950722694397, -0.571979284286499, 0.3574506640434265, 0.453676700592041, 0.8163373470306396),
            ["UpperTorso"] = CFrame.new(-1.5832483768463135e-08, 1.7881393432617188e-07, 4.190951585769653e-09, 0.9173285365104675, -0.02510940097272396, 0.39733871817588806, -0.05582727864384651, 0.9800363183021545, 0.19081977009773254, -0.3941977620124817, -0.19722679257392883, 0.8976134061813354),
            ["HumanoidRootPart"] = CFrame.new(0, 0, 0, 1, 0, 0, 0, 1, 0, 0, 0, 1),
            ["RightHand"] = CFrame.new(-9.685754776000977e-07, 3.5762786865234375e-07, 4.3958425521850586e-07, 0.8547892570495605, 0.16566945612430573, -0.491822212934494, -0.3738963007926941, 0.85381019115448, -0.3622291088104248, 0.3599124550819397, 0.49351999163627625, 0.7917708158493042),
            ["LeftUpperArm"] = CFrame.new(-2.384185791015625e-07, -3.5762786865234375e-07, -2.7567148208618164e-07, 0.8084380030632019, 0.09418316185474396, -0.5809969902038574, -0.0711396113038063, 0.9955133199691772, 0.062390390783548355, 0.5842664241790771, -0.00910685770213604, 0.8115108609199524),
            ["RightLowerArm"] = CFrame.new(-5.364418029785156e-07, -5.960464477539063e-08, 5.662441253662109e-07, 1, -8.38190601371025e-08, 7.456404205186118e-08, 1.1362139673565252e-07, 0.4743088483810425, -0.8803585171699524, 1.4901166522918174e-08, 0.8803585171699524, 0.4743088185787201),
            ["LeftHand"] = CFrame.new(-2.2351741790771484e-08, -4.172325134277344e-07, 2.086162567138672e-07, 0.8714794516563416, 0.046136580407619476, 0.4882572293281555, -0.014811031520366669, 0.9975870251655579, -0.06782848387956619, -0.4902084469795227, 0.051879558712244034, 0.8700599670410156),
            ["RightUpperLeg"] = CFrame.new(-8.940696716308594e-08, -4.696776159107685e-07, 3.6139681469649076e-08, 0.8735813498497009, -0.17070600390434265, -0.4557580053806305, 0.24561934173107147, 0.9630977511405945, 0.11006221175193787, 0.42015108466148376, -0.2080916166305542, 0.8832728862762451),
            ["LeftUpperLeg"] = CFrame.new(-2.980232238769531e-07, 0.00000143229408422485, 1.30385160446167e-08, 0.9883502125740051, 0.01996641419827938, -0.15088118612766266, -0.07788440585136414, 0.9180695414543152, -0.388693243265152, 0.1307586133480072, 0.3959164023399353, 0.9089293479919434),
            ["RightLowerLeg"] = CFrame.new(-1.1548399925231934e-07, -0.000003516674041748047, -0.000013230535842012614, 1, -2.2351747119842003e-08, -7.450581485102248e-09, 1.4901159417490817e-08, 0.8985306024551392, 0.43891066312789917, 3.911554458113642e-08, -0.43891093134880066, 0.8985307812690735),
            ["RightFoot"] = CFrame.new(5.21540641784668e-08, 2.980232238769531e-07, -4.300818545743823e-08, 0.9858426451683044, 0.1672593355178833, -0.01177399605512619, -0.16504524648189545, 0.95561283826828, -0.24405720829963684, -0.029569391161203384, 0.2425459623336792, 0.9696894884109497),
            ["LeftLowerLeg"] = CFrame.new(-2.2351741790771484e-08, 0.0000040531158447265625, 0.000013418495655059814, 1, 1.862645504502325e-08, -8.940698847936801e-08, -3.9115558791991134e-08, 0.9623652696609497, 0.2717585861682892, -1.1175873559921001e-08, -0.2717592418193817, 0.962365448474884)
        }},
        [3] = {Time = 0.067, Data = {
            ["LeftFoot"] = CFrame.new(8.754432201385498e-08, 0, 3.3527612686157227e-08, 0.9960379600524902, -0.0858156681060791, -0.023324115201830864, 0.08788340538740158, 0.9899695515632629, 0.11062245815992355, 0.013597074896097183, -0.11223222315311432, 0.9935888051986694),
            ["LeftLowerArm"] = CFrame.new(0, -5.960464477539062e-07, -5.066394805908203e-07, 1, -1.862645149230957e-09, -1.6065309083046486e-08, 3.7252898543727042e-09, 0.9992802143096924, -0.03793492168188095, -1.3969836398786128e-09, 0.037934914231300354, 0.9992802143096924),
            ["LowerTorso"] = CFrame.new(-0.0821487084031105, -0.07199990749359131, -0.07352711260318756, 0.999442994594574, 0.012118122540414333, -0.031094660982489586, -0.012187554500997066, 0.9999236464500427, -0.002044379711151123, 0.031067512929439545, 0.0024222086649388075, 0.9995143413543701),
            ["Head"] = CFrame.new(-2.9802322387695312e-08, 3.5762786865234375e-07, -8.568167686462402e-08, 0.9248159527778625, -0.034980688244104385, -0.3788033425807953, -0.018623704090714455, 0.9904060363769531, -0.13692747056484222, 0.3799588978290558, 0.13368743658065796, 0.9152917861938477),
            ["RightUpperArm"] = CFrame.new(2.384185791015625e-07, 8.344650268554688e-07, 0, 0.8524354100227356, -0.5174915790557861, -0.074541375041008, 0.38836485147476196, 0.7221808433532715, -0.5723877549171448, 0.3500381410121918, 0.45897436141967773, 0.8165880441665649),
            ["UpperTorso"] = CFrame.new(-8.381903171539307e-09, 2.086162567138672e-07, -1.1641532182693481e-09, 0.9185671210289001, -0.02492736093699932, 0.3944784104824066, -0.0554705411195755, 0.9800031781196594, 0.19109366834163666, -0.3913535475730896, -0.19741426408290863, 0.8988159894943237),
            ["HumanoidRootPart"] = CFrame.new(0, 0, 0, 1, 0, 0, 0, 1, 0, 0, 0, 1),
            ["RightHand"] = CFrame.new(-8.493661880493164e-07, 5.364418029785156e-07, 3.3527612686157227e-07, 0.858315110206604, 0.16951806843280792, -0.48431283235549927, -0.374072402715683, 0.8527858853340149, -0.3644530773162842, 0.3512338101863861, 0.4939836263656616, 0.7953710556030273),
            ["LeftUpperArm"] = CFrame.new(-1.1920928955078125e-07, -2.384185791015625e-07, -2.2351741790771484e-07, 0.8066725134849548, 0.09569837152957916, -0.5831993222236633, -0.0736360251903534, 0.9953881502151489, 0.06148305535316467, 0.5863935351371765, -0.006652237381786108, 0.8099991083145142),
            ["RightLowerArm"] = CFrame.new(-3.8743019104003906e-07, -2.980232238769531e-07, 4.76837158203125e-07, 1, -4.842878453814592e-08, 7.904603194219817e-08, 1.3038518886787642e-07, 0.4836401045322418, -0.8752670288085938, 1.862645504502325e-08, 0.8752670288085938, 0.4836401343345642),
            ["LeftHand"] = CFrame.new(-1.0058283805847168e-07, -4.172325134277344e-07, 1.043081283569336e-07, 0.8718937635421753, 0.047090765088796616, 0.48742571473121643, -0.013426048681139946, 0.9972902536392212, -0.07233322411775589, -0.48951107263565063, 0.056522712111473083, 0.8701633214950562),
            ["RightUpperLeg"] = CFrame.new(-1.1920928955078125e-07, -2.4643668439239264e-07, 2.6244379114359617e-08, 0.874297022819519, -0.16856250166893005, -0.4551827609539032, 0.24558758735656738, 0.9624947905540466, 0.11528505384922028, 0.4186783730983734, -0.21258077025413513, 0.8829032182693481),
            ["LeftUpperLeg"] = CFrame.new(-4.76837158203125e-07, 0.000001405438524670899, 1.6298145055770874e-08, 0.9886347055435181, 0.021067149937152863, -0.14885438978672028, -0.07783112674951553, 0.9188385605812073, -0.38688263297080994, 0.12862275540828705, 0.394071102142334, 0.910035252571106),
            ["RightLowerLeg"] = CFrame.new(9.685754776000977e-08, -0.000003874301910400391, -0.000013353470421861857, 1, -4.842879164357328e-08, 2.9802322387695312e-08, -3.725290298461914e-08, 0.9022891521453857, 0.43113094568252563, 4.470348358154297e-08, -0.43113139271736145, 0.9022894501686096),
            ["RightFoot"] = CFrame.new(-2.2351741790771484e-08, 3.5762786865234375e-07, 1.6596459317952394e-08, 0.9860800504684448, 0.1658114343881607, -0.01235920935869217, -0.16379199922084808, 0.9559001922607422, -0.2437758892774582, -0.028607070446014404, 0.24240753054618835, 0.9697529077529907),
            ["LeftLowerLeg"] = CFrame.new(5.960464477539063e-08, 0.000004231929779052734, 0.00001329183578491211, 1, 3.166497108963995e-08, -1.1175874448099421e-08, -3.725290742551124e-09, 0.9622957110404968, 0.27200496196746826, -8.195639367158947e-08, -0.27200549840927124, 0.9622958898544312)
        }},
        [4] = {Time = 0.100, Data = {
            ["LeftFoot"] = CFrame.new(1.862645149230957e-08, 5.960464477539063e-08, -2.60770320892334e-08, 0.9960526823997498, -0.0856710746884346, -0.023226819932460785, 0.08771740645170212, 0.9900771379470825, 0.10978782176971436, 0.013590797781944275, -0.11138994246721268, 0.9936836361885071),
            ["LeftLowerArm"] = CFrame.new(8.940696716308594e-08, -8.940696716308594e-07, -2.942979335784912e-07, 1, -3.725290742551124e-09, 2.4912866436466174e-08, -1.862645149230957e-09, 0.99898362159729, -0.045077018439769745, 2.0023435354232788e-08, 0.04507705941796303, 0.9989835619926453),
            ["LowerTorso"] = CFrame.new(-0.08225640654563904, -0.07168638706207275, -0.07378851622343063, 0.9993879795074463, 0.011981170624494553, -0.032868605107069016, -0.01208697073161602, 0.9999223947525024, -0.003022056072950363, 0.03282984346151352, 0.0034174874890595675, 0.9994552135467529),
            ["Head"] = CFrame.new(-5.960464477539063e-08, 2.384185791015625e-07, -8.568167686462402e-08, 0.9265391826629639, -0.033421095460653305, -0.37471094727516174, -0.01894230954349041, 0.990638017654419, -0.1351948380470276, 0.3757213056087494, 0.13236123323440552, 0.9172317385673523),
            ["RightUpperArm"] = CFrame.new(2.384185791015625e-07, 4.76837158203125e-07, -5.960464477539063e-08, 0.8558837175369263, -0.5124714970588684, -0.06954241544008255, 0.3862643539905548, 0.7228544354438782, -0.5729584097862244, 0.3438939154148102, 0.46352410316467285, 0.8166287541389465),
            ["UpperTorso"] = CFrame.new(2.561137080192566e-09, 3.8743019104003906e-07, -6.752088665962219e-09, 0.9196577668190002, -0.024719567969441414, 0.3919420540332794, -0.055172014981508255, 0.9799869656562805, 0.1912636160850525, -0.38882604241371155, -0.19752126932144165, 0.899888813495636),
            ["HumanoidRootPart"] = CFrame.new(0, 0, 0, 1, 0, 0, 0, 1, 0, 0, 0, 1),
            ["RightHand"] = CFrame.new(-7.748603820800781e-07, 7.748603820800781e-07, 5.811452865600586e-07, 0.8611196279525757, 0.17249982059001923, -0.4782435894012451, -0.373994380235672, 0.8521363139152527, -0.3660489022731781, 0.34438538551330566, 0.4940723478794098, 0.798305332660675),
            ["LeftUpperArm"] = CFrame.new(-1.1920928955078125e-07, -4.76837158203125e-07, -2.421438694000244e-07, 0.8052971363067627, 0.09670168161392212, -0.5849319696426392, -0.07517845183610916, 0.9952999353408813, 0.06104337051510811, 0.5880858302116394, -0.0051837801001966, 0.8087820410728455),
            ["RightLowerArm"] = CFrame.new(-0.0000010132789611816406, 2.384185791015625e-07, 3.2782554626464844e-07, 1, -8.381903882082042e-08, 3.18978052860075e-08, 7.450583439094771e-08, 0.4913420081138611, -0.8709667325019836, 3.352762334429826e-08, 0.8709667325019836, 0.4913420081138611),
            ["LeftHand"] = CFrame.new(-2.942979335784912e-07, -3.5762786865234375e-07, 1.043081283569336e-07, 0.8723278045654297, 0.0480458103120327, 0.48655518889427185, -0.011969959363341331, 0.9969603419303894, -0.07698621600866318, -0.4887750446796417, 0.06133317947387695, 0.8702512383460999),
            ["RightUpperLeg"] = CFrame.new(-1.1920928955078125e-07, 4.4165062718093395e-08, 2.438173396512866e-08, 0.8748770356178284, -0.16695083677768707, -0.4546619653701782, 0.2456681877374649, 0.9619607925415039, 0.11949335038661957, 0.41741761565208435, -0.21623806655406952, 0.8826119303703308),
            ["LeftUpperLeg"] = CFrame.new(-4.172325134277344e-07, 0.0000018942810129374266, -1.862645149230957e-09, 0.9888503551483154, 0.021754274144768715, -0.14731523394584656, -0.07766354829072952, 0.9194157123565674, -0.385542631149292, 0.12705694139003754, 0.3926849365234375, 0.9108541011810303),
            ["RightLowerLeg"] = CFrame.new(1.1175870895385742e-07, -0.0000037550926208496094, -0.000013318080164026469, 1, -2.1606689415420988e-07, -3.7252917195473856e-08, 8.940699558479537e-08, 0.9052299857139587, 0.4249214828014374, 5.96046660916727e-08, -0.42492198944091797, 0.9052302837371826),
            ["RightFoot"] = CFrame.new(0, 3.5762786865234375e-07, 4.639878170564771e-08, 0.9862493276596069, 0.16476529836654663, -0.01283960696309805, -0.1628972738981247, 0.9560826420783997, -0.24365973472595215, -0.02787134423851967, 0.24240143597126007, 0.969775915145874),
            ["LeftLowerLeg"] = CFrame.new(-4.470348358154297e-08, 0.000003993511199951172, 0.000013284385204315186, 1, 5.96046660916727e-08, -1.2014064054710616e-07, -1.4901161193847656e-08, 0.9621881246566772, 0.27238529920578003, -4.0978193283081055e-08, -0.2723861336708069, 0.9621883630752563)
        }},
        [5] = {Time = 0.133, Data = {
            ["LeftFoot"] = CFrame.new(4.0978193283081055e-08, 0, -4.0978193283081055e-08, 0.9960693120956421, -0.08550241589546204, -0.023137617856264114, 0.08752774447202682, 0.9901926517486572, 0.10889452695846558, 0.013599980622529984, -0.11048977822065353, 0.9937840700149536),
            ["LeftLowerArm"] = CFrame.new(0, -5.960464477539062e-07, -4.76837158203125e-07, 1, -5.587936335871291e-09, 5.587933671336032e-09, 2.0489098417897367e-08, 0.9986721277236938, -0.05151691660284996, -2.5611374354639338e-08, 0.05151694640517235, 0.9986721277236938),
            ["LowerTorso"] = CFrame.new(-0.08244049549102783, -0.07150328159332275, -0.07408890873193741, 0.9993469715118408, 0.011889973655343056, -0.03412386402487755, -0.01202760636806488, 0.9999204277992249, -0.0038309162482619286, 0.034075599163770676, 0.004238842986524105, 0.9994102716445923),
            ["Head"] = CFrame.new(-1.4901161193847656e-08, 2.384185791015625e-07, -4.0978193283081055e-08, 0.9279648065567017, -0.03189283236861229, -0.3713008761405945, -0.019437702372670174, 0.990833044052124, -0.13368666172027588, 0.3721608519554138, 0.13127373158931732, 0.9188382029533386),
            ["RightUpperArm"] = CFrame.new(2.384185791015625e-07, 7.152557373046875e-07, 2.9802322387695312e-08, 0.8585466742515564, -0.508566677570343, -0.0652502253651619, 0.3847923278808594, 0.7231804728507996, -0.5735372304916382, 0.338869571685791, 0.4673006236553192, 0.8165767192840576),
            ["UpperTorso"] = CFrame.new(4.656612873077393e-10, -5.960464477539063e-08, 2.561137080192566e-09, 0.920596182346344, -0.024496283382177353, 0.38974708318710327, -0.05495670810341835, 0.9799719452857971, 0.1914025843143463, -0.3866298198699951, -0.19762371480464935, 0.9008120894432068),
            ["HumanoidRootPart"] = CFrame.new(0, 0, 0, 1, 0, 0, 0, 1, 0, 0, 0, 1),
            ["RightHand"] = CFrame.new(-6.854534149169922e-07, 5.960464477539062e-07, 5.289912223815918e-07, 0.8632864952087402, 0.17474868893623352, -0.47349706292152405, -0.3737776577472687, 0.8517693281173706, -0.3671231269836426, 0.33915597200393677, 0.49391499161720276, 0.8006380200386047),
            ["LeftUpperArm"] = CFrame.new(0, -1.1920928955078125e-07, -1.6763806343078613e-07, 0.804201066493988, 0.09768148511648178, -0.5862755179405212, -0.07635440677404404, 0.9952082633972168, 0.06107904762029648, 0.5894325971603394, -0.004355103708803654, 0.8078058958053589),
            ["RightLowerArm"] = CFrame.new(-4.172325134277344e-07, 0.0000010728836059570312, 4.470348358154297e-07, 1, -7.078052988163108e-08, 7.008203795066947e-08, 1.4528635006172408e-07, 0.4974626302719116, -0.8674854040145874, 2.2351747119842003e-08, 0.8674854040145874, 0.4974626302719116),
            ["LeftHand"] = CFrame.new(7.450580596923828e-09, -6.556510925292969e-07, 1.043081283569336e-07, 0.872811496257782, 0.04903637617826462, 0.4855879247188568, -0.010531187988817692, 0.9966004490852356, -0.08171109855175018, -0.48794394731521606, 0.06620457768440247, 0.8703606724739075),
            ["RightUpperLeg"] = CFrame.new(-8.940696716308594e-08, -4.643225111067295e-07, 2.5778717827051878e-08, 0.8752155900001526, -0.16582193970680237, -0.4544233977794647, 0.24589669704437256, 0.9614936709403992, 0.12273921072483063, 0.4165724217891693, -0.2191646248102188, 0.8822894096374512),
            ["LeftUpperLeg"] = CFrame.new(-4.76837158203125e-07, 0.00000136319431476295, 4.6566128730773926e-09, 0.9890044927597046, 0.022123798727989197, -0.1462215781211853, -0.0774543508887291, 0.9197803139686584, -0.3847144544124603, 0.1259804517030716, 0.39180976152420044, 0.9113802909851074),
            ["RightLowerLeg"] = CFrame.new(-4.842877388000488e-08, -0.000003933906555175781, -0.000013265926099848002, 1, -1.0058287358560847e-07, 0, 5.215405707303944e-08, 0.9074127078056335, 0.4202405512332916, 1.1362133989223366e-07, -0.4202407896518707, 0.9074127674102783),
            ["RightFoot"] = CFrame.new(5.960464477539063e-08, 2.980232238769531e-07, 4.639878170564771e-08, 0.9863482713699341, 0.164143905043602, -0.013185083866119385, -0.16238462924957275, 0.9562199115753174, -0.2434636354446411, -0.027355697005987167, 0.24228155612945557, 0.969820499420166),
            ["LeftLowerLeg"] = CFrame.new(-9.685754776000977e-08, 0.000003993511199951172, 0.000013276934623718262, 1, 7.450583261459087e-09, 1.6763809895792292e-08, -1.6763808119435453e-08, 0.961961567401886, 0.27318456768989563, -6.33299421792799e-08, -0.27318504452705383, 0.9619617462158203)
        }},
        [6] = {Time = 0.167, Data = {
            ["LeftFoot"] = CFrame.new(5.774199962615967e-08, 1.1920928955078125e-07, -1.4901161193847656e-08, 0.9960866570472717, -0.08532170951366425, -0.02305622026324272, 0.08732513338327408, 0.990322470664978, 0.10787200182676315, 0.013629256747663021, -0.10946133732795715, 0.9938974380493164),
            ["LeftLowerArm"] = CFrame.new(8.940696716308594e-08, 5.960464477539063e-08, -3.390014171600342e-07, 1, -1.862644971595273e-08, 2.9336646889532858e-08, 5.587935447692871e-09, 0.9983596205711365, -0.05725422129034996, -2.3283064365386963e-08, 0.057254236191511154, 0.9983596801757812),
            ["LowerTorso"] = CFrame.new(-0.08267328888177872, -0.07143008708953857, -0.07441295683383942, 0.9993179440498352, 0.011805315501987934, -0.034990157932043076, -0.011970441788434982, 0.9999181628227234, -0.004513478372246027, 0.034934014081954956, 0.004929247312247753, 0.9993774890899658),
            ["Head"] = CFrame.new(-5.21540641784668e-08, -1.1920928955078125e-07, -1.1920928955078125e-07, 0.9290133118629456, -0.030570531263947487, -0.36878135800361633, -0.019907120615243912, 0.9910098314285278, -0.1322997361421585, 0.36951035261154175, 0.13024957478046417, 0.9200528860092163),
            ["RightUpperArm"] = CFrame.new(1.1920928955078125e-07, 4.76837158203125e-07, 0, 0.8605316877365112, -0.5056421756744385, -0.061736926436424255, 0.38381755352020264, 0.723292350769043, -0.5740491151809692, 0.33491721749305725, 0.4702916145324707, 0.8164902329444885),
            ["UpperTorso"] = CFrame.new(-1.0710209608078003e-08, 2.384185791015625e-07, 1.862645149230957e-09, 0.9213657379150391, -0.024311384186148643, 0.38793566823005676, -0.0547812320291996, 0.9799585938453674, 0.19152066111564636, -0.38481709361076355, -0.19771218299865723, 0.9015685319900513),
            ["HumanoidRootPart"] = CFrame.new(0, 0, 0, 1, 0, 0, 0, 1, 0, 0, 0, 1),
            ["RightHand"] = CFrame.new(-7.152557373046875e-07, 4.76837158203125e-07, 4.6938657760620117e-07, 0.8648718595504761, 0.1764511913061142, -0.46995919942855835, -0.3735641539096832, 0.8515999913215637, -0.36773255467414856, 0.33533045649528503, 0.4936014711856842, 0.8024408221244812),
            ["LeftUpperArm"] = CFrame.new(0, -4.76837158203125e-07, -1.8067657947540283e-07, 0.8028473854064941, 0.09869842231273651, -0.5879580974578857, -0.07697717845439911, 0.9951074719429016, 0.061934005469083786, 0.5911942720413208, -0.004464204888790846, 0.8065168857574463),
            ["RightLowerArm"] = CFrame.new(-8.642673492431641e-07, -3.5762786865234375e-07, 5.960464477539062e-07, 1, -6.332993507385254e-08, 3.7485744286414047e-08, 1.3038520307873114e-07, 0.5021137595176697, -0.8648015856742859, 2.2351748896198842e-08, 0.8648015856742859, 0.5021137595176697),
            ["LeftHand"] = CFrame.new(7.450580596923828e-08, -4.76837158203125e-07, 1.4901161193847656e-07, 0.8732863664627075, 0.050099413841962814, 0.4846247434616089, -0.009119261056184769, 0.9962055087089539, -0.08655271679162979, -0.4871220886707306, 0.07116590440273285, 0.8704295754432678),
            ["RightUpperLeg"] = CFrame.new(-1.4901161193847656e-07, -2.769520506262779e-07, 4.0214217733591795e-08, 0.8754349946975708, -0.16506122052669525, -0.45427796244621277, 0.24618461728096008, 0.9611018896102905, 0.12520481646060944, 0.41594070196151733, -0.2214452028274536, 0.8820177912712097),
            ["LeftUpperLeg"] = CFrame.new(-2.980232238769531e-07, 0.0000017059792298823595, 0, 0.9891109466552734, 0.02227279543876648, -0.1454763561487198, -0.07724720984697342, 0.9199431538581848, -0.3843664228916168, 0.1252690702676773, 0.39141878485679626, 0.91164630651474),
            ["RightLowerLeg"] = CFrame.new(-7.82310962677002e-08, -0.000003814697265625, -0.000013312026567291468, 1, -1.8626458597736928e-08, -1.4901166522918174e-08, 5.21540641784668e-08, 0.9089738130569458, 0.4168529808521271, 7.264316082000732e-08, -0.4168533384799957, 0.9089739918708801),
            ["RightFoot"] = CFrame.new(6.705522537231445e-08, 4.172325134277344e-07, -1.3205863069742918e-08, 0.9864110350608826, 0.163746640086174, -0.013430380262434483, -0.16206370294094086, 0.9563179016113281, -0.24329200387001038, -0.026994651183485985, 0.24216337502002716, 0.9698601365089417),
            ["LeftLowerLeg"] = CFrame.new(0, 0.000003993511199951172, 0.000013440847396850586, 1, 7.4505797087454084e-09, 4.749747262167148e-08, -1.4901164746561335e-08, 0.9615913033485413, 0.27448466420173645, -7.450582373280668e-09, -0.2744852602481842, 0.9615914821624756)
        }},
        [7] = {Time = 0.200, Data = {
            ["LeftFoot"] = CFrame.new(-7.82310962677002e-08, -5.960464477539063e-08, -2.60770320892334e-08, 0.9961053133010864, -0.08512502163648605, -0.02297876961529255, 0.08710437268018723, 0.9904745221138, 0.10664716362953186, 0.013681496493518353, -0.10823152959346771, 0.9940313696861267),
            ["LeftLowerArm"] = CFrame.new(8.940696716308594e-08, -6.556510925292969e-07, -1.7508864402770996e-07, 1, 1.862645593320167e-09, 1.1175867342672063e-08, 9.313226634333205e-09, 0.9980581998825073, -0.062289174646139145, -1.4901162970204496e-08, 0.06228919327259064, 0.9980581402778625),
            ["LowerTorso"] = CFrame.new(-0.08295536041259766, -0.07146680355072021, -0.07475423812866211, 0.9992973208427429, 0.011736956425011158, -0.03559665009379387, -0.011923251673579216, 0.9999163746833801, -0.005025807302445173, 0.035534683614969254, 0.005446703638881445, 0.9993535876274109),
            ["Head"] = CFrame.new(-5.960464477539063e-08, 3.5762786865234375e-07, -1.6763806343078613e-08, 0.9298577904701233, -0.029498279094696045, -0.36673489212989807, -0.02030429244041443, 0.9911473393440247, -0.13120447099208832, 0.36735865473747253, 0.12944777309894562, 0.9210271835327148),
            ["RightUpperArm"] = CFrame.new(2.384185791015625e-07, 5.960464477539062e-07, 2.9802322387695312e-08, 0.8619003295898438, -0.5036483407020569, -0.05887506902217865, 0.3833085894584656, 0.7231296300888062, -0.5745939016342163, 0.3319675326347351, 0.4726753234863281, 0.8163183331489563),
            ["UpperTorso"] = CFrame.new(-3.725290298461914e-09, 4.470348358154297e-07, 1.0011717677116394e-08, 0.9220116138458252, -0.02414683625102043, 0.38640856742858887, -0.05463125556707382, 0.9799527525901794, 0.19159363210201263, -0.38328850269317627, -0.19776155054569244, 0.9022085666656494),
            ["HumanoidRootPart"] = CFrame.new(0, 0, 0, 1, 0, 0, 0, 1, 0, 0, 0, 1),
            ["RightHand"] = CFrame.new(-9.387731552124023e-07, 4.172325134277344e-07, 4.6193599700927734e-07, 0.8660183548927307, 0.17761316895484924, -0.4674031734466553, -0.3732737600803375, 0.8516117930412292, -0.3680002987384796, 0.33268439769744873, 0.4931643605232239, 0.8038097620010376),
            ["LeftUpperArm"] = CFrame.new(0, -2.384185791015625e-07, -1.9371509552001953e-07, 0.8012220859527588, 0.09958524256944656, -0.5900220274925232, -0.07714143395423889, 0.9950159192085266, 0.06318659335374832, 0.593373715877533, -0.005111339967697859, 0.8049108982086182),
            ["RightLowerArm"] = CFrame.new(-2.086162567138672e-07, -3.5762786865234375e-07, 2.384185791015625e-07, 1, -7.078052988163108e-08, 6.775373861955813e-08, 9.685758328714655e-08, 0.5054713487625122, -0.86284339427948, 0, 0.8628434538841248, 0.5054713487625122),
            ["LeftHand"] = CFrame.new(-7.82310962677002e-08, -4.76837158203125e-07, 0, 0.8737255334854126, 0.0511397160589695, 0.4837234914302826, -0.007768617942929268, 0.9957982301712036, -0.09124469757080078, -0.486357182264328, 0.07596499472856522, 0.8704516887664795),
            ["RightUpperLeg"] = CFrame.new(-5.960464477539063e-08, -3.235472831875086e-07, 3.742025000974536e-08, 0.8756436705589294, -0.1646653711795807, -0.45401930809020996, 0.24644863605499268, 0.9608200788497925, 0.12683862447738647, 0.41534483432769775, -0.22295784950256348, 0.8819175362586975),
            ["LeftUpperLeg"] = CFrame.new(-2.980232238769531e-07, 0.000001711712684482336, 9.313225746154785e-10, 0.9891873598098755, 0.022239217534661293, -0.14496126770973206, -0.0770355686545372, 0.9198837876319885, -0.3845507800579071, 0.12479548901319504, 0.3915599584579468, 0.9116506576538086),
            ["RightLowerLeg"] = CFrame.new(7.82310962677002e-08, -0.000003635883331298828, -0.00001320864976150915, 1, -1.564621925354004e-07, 7.450580596923828e-09, 2.9802322387695312e-08, 0.9099060297012329, 0.41481417417526245, -1.4901161193847656e-08, -0.4148145020008087, 0.9099062085151672),
            ["RightFoot"] = CFrame.new(6.705522537231445e-08, 2.980232238769531e-07, -5.790934665128589e-08, 0.986427903175354, 0.16362959146499634, -0.013615935109555721, -0.16199232637882233, 0.9563063979148865, -0.2433849573135376, -0.02680404670536518, 0.24228791892528534, 0.9698342084884644),
            ["LeftLowerLeg"] = CFrame.new(0, 0.0000040531158447265625, 0.000013299286365509033, 1, -1.1175872671742582e-08, 3.725291186640334e-09, -9.313224857976365e-09, 0.9610515832901001, 0.2763688266277313, 1.1175869119028903e-08, -0.2763693928718567, 0.9610517024993896)
        }},
        [8] = {Time = 0.233, Data = {
            ["LeftFoot"] = CFrame.new(-8.568167686462402e-08, -1.7881393432617188e-07, -2.60770320892334e-08, 0.9961241483688354, -0.08492302894592285, -0.022906599566340446, 0.08687721192836761, 0.990636944770813, 0.10531482845544815, 0.013748775236308575, -0.10689510405063629, 0.994175136089325),
            ["LeftLowerArm"] = CFrame.new(0, 0, -5.550682544708252e-07, 1, -3.725290298461914e-09, 2.724117642571855e-08, 9.313224857976365e-09, 0.9977782964706421, -0.0666215643286705, 1.6763804566721774e-08, 0.0666215717792511, 0.9977782964706421),
            ["LowerTorso"] = CFrame.new(-0.08326452970504761, -0.07159721851348877, -0.07511726766824722, 0.9992852807044983, 0.01170752476900816, -0.035943057388067245, -0.011904878541827202, 0.9999151825904846, -0.005281643941998482, 0.035878174006938934, 0.0057057663798332214, 0.9993398785591125),
            ["Head"] = CFrame.new(-4.470348358154297e-08, -1.1920928955078125e-07, -8.940696716308594e-08, 0.9304734468460083, -0.028532177209854126, -0.3652467727661133, -0.02074921317398548, 0.9912583827972412, -0.13029365241527557, 0.3657715618610382, 0.12881337106227875, 0.9217474460601807),
            ["RightUpperArm"] = CFrame.new(2.384185791015625e-07, 3.5762786865234375e-07, 8.940696716308594e-08, 0.8628509640693665, -0.5022744536399841, -0.05664581060409546, 0.3830570876598358, 0.7229018807411194, -0.5750479698181152, 0.3297812044620514, 0.4744820296764374, 0.8161563873291016),
            ["UpperTorso"] = CFrame.new(-7.683411240577698e-09, 1.7881393432617188e-07, 5.587935447692871e-09, 0.9225192666053772, -0.024006247520446777, 0.38520386815071106, -0.05451299622654915, 0.979953408241272, 0.1916239857673645, -0.3820819556713104, -0.1977754384279251, 0.9027171730995178),
            ["HumanoidRootPart"] = CFrame.new(0, 0, 0, 1, 0, 0, 0, 1, 0, 0, 0, 1),
            ["RightHand"] = CFrame.new(-8.046627044677734e-07, 5.364418029785156e-07, 2.4586915969848633e-07, 0.8668633699417114, 0.17823854088783264, -0.46559518575668335, -0.3728044331073761, 0.8518120646476746, -0.36801230907440186, 0.33100563287734985, 0.49259233474731445, 0.8048528432846069),
            ["LeftUpperArm"] = CFrame.new(-1.1920928955078125e-07, -5.960464477539062e-07, -2.1420419216156006e-07, 0.7993525862693787, 0.10052526742219925, -0.5923936367034912, -0.07711408287286758, 0.9949159026145935, 0.06477592885494232, 0.5958934426307678, -0.006096938159316778, 0.8030405044555664),
            ["RightLowerArm"] = CFrame.new(5.960464477539063e-08, 2.384185791015625e-07, 4.172325134277344e-07, 1, -5.960465898624534e-08, 9.033831105398349e-08, 7.078052988163108e-08, 0.507701575756073, -0.861532986164093, 1.4901164746561335e-08, 0.861532986164093, 0.507701575756073),
            ["LeftHand"] = CFrame.new(2.60770320892334e-08, -4.76837158203125e-07, 7.450580596923828e-08, 0.8742523789405823, 0.05220785364508629, 0.4826562702655792, -0.00651187589392066, 0.995372474193573, -0.09587199240922928, -0.4854280352592468, 0.08067332208156586, 0.8705466985702515),
            ["RightUpperLeg"] = CFrame.new(0, -4.465109668672085e-07, 2.7175701688975096e-08, 0.8757453560829163, -0.16460290551185608, -0.453845739364624, 0.2467256337404251, 0.960638165473938, 0.12767504155635834, 0.4149656295776367, -0.22378629446029663, 0.8818861246109009),
            ["LeftUpperLeg"] = CFrame.new(-4.172325134277344e-07, 0.0000017576385289430618, 1.862645149230957e-09, 0.9892348647117615, 0.022034693509340286, -0.14466813206672668, -0.07682136446237564, 0.91961669921875, -0.385232150554657, 0.1245507225394249, 0.3921986520290375, 0.9114095568656921),
            ["RightLowerLeg"] = CFrame.new(6.332993507385254e-08, -0.000003993511199951172, -0.000013293865777086467, 1, -1.2665991278026922e-07, -4.470350489782504e-08, 0, 0.9103423953056335, 0.41385582089424133, -3.166497108963995e-08, -0.41385602951049805, 0.9103425145149231),
            ["RightFoot"] = CFrame.new(-2.9802322387695312e-08, 2.980232238769531e-07, 3.149762051180005e-08, 0.986420214176178, 0.16366784274578094, -0.013712062500417233, -0.1620510369539261, 0.9562796354293823, -0.24345146119594574, -0.02673269249498844, 0.24236825108528137, 0.9698162078857422),
            ["LeftLowerLeg"] = CFrame.new(-7.450580596923828e-09, 0.0000037550926208496094, 0.00001329183578491211, 1, 1.6763806343078613e-08, -8.568171949718817e-08, 1.4901161193847656e-08, 0.9604005813598633, 0.2786225378513336, -1.0058283805847168e-07, -0.27862292528152466, 0.9604007601737976)
        }},
        [9] = {Time = 0.267, Data = {
            ["LeftFoot"] = CFrame.new(-6.146728992462158e-08, 1.7881393432617188e-07, 0, 0.9961434602737427, -0.08471518009901047, -0.022837668657302856, 0.08664336800575256, 0.9908087849617004, 0.10388154536485672, 0.013827424496412277, -0.10545764863491058, 0.9943275451660156),
            ["LeftLowerArm"] = CFrame.new(1.7881393432617188e-07, -7.152557373046875e-07, -4.0605664253234863e-07, 1, 0, 2.724117642571855e-08, 9.313226634333205e-09, 0.9975335001945496, -0.07019253075122833, -1.1641533959050321e-08, 0.07019251585006714, 0.9975334405899048),
            ["LowerTorso"] = CFrame.new(-0.08359531313180923, -0.07180655002593994, -0.07548218220472336, 0.9992771744728088, 0.01172830443829298, -0.036160752177238464, -0.011930038221180439, 0.9999144077301025, -0.005368080455809832, 0.036094699054956436, 0.005795599427074194, 0.9993315935134888),
            ["Head"] = CFrame.new(-5.21540641784668e-08, 5.960464477539062e-07, -1.0989606380462646e-07, 0.9309316873550415, -0.02770300768315792, -0.36414122581481934, -0.02119298093020916, 0.9913400411605835, -0.12959899008274078, 0.3645780384540558, 0.12836502492427826, 0.9222826361656189),
            ["RightUpperArm"] = CFrame.new(2.384185791015625e-07, 7.152557373046875e-07, 5.960464477539063e-08, 0.8633877038955688, -0.5015457272529602, -0.054896194487810135, 0.3831772208213806, 0.7225964665412903, -0.5753517746925354, 0.3282330334186554, 0.4757167398929596, 0.8160616755485535),
            ["UpperTorso"] = CFrame.new(-1.6763806343078613e-08, 3.5762786865234375e-07, 1.1641532182693481e-08, 0.9229515194892883, -0.02387731894850731, 0.38417506217956543, -0.054417893290519714, 0.9799553751945496, 0.19164124131202698, -0.3810502290725708, -0.19778159260749817, 0.90315181016922),
            ["HumanoidRootPart"] = CFrame.new(0, 0, 0, 1, 0, 0, 0, 1, 0, 0, 0, 1),
            ["RightHand"] = CFrame.new(-6.407499313354492e-07, 5.960464477539062e-07, 7.227063179016113e-07, 0.8673897981643677, 0.17863622307777405, -0.4644610583782196, -0.37245333194732666, 0.8520294427871704, -0.3678647577762604, 0.3300204873085022, 0.492072194814682, 0.8055753111839294),
            ["LeftUpperArm"] = CFrame.new(-1.1920928955078125e-07, -2.384185791015625e-07, -2.207234501838684e-07, 0.7972697019577026, 0.10136839002370834, -0.5950508713722229, -0.07681333273649216, 0.9948217868804932, 0.06655319780111313, 0.5987159013748169, -0.0073530348017811775, 0.8009277582168579),
            ["RightLowerArm"] = CFrame.new(5.960464477539063e-08, 4.172325134277344e-07, 2.384185791015625e-07, 1, -8.38190601371025e-08, 7.450583439094771e-08, 1.1548402767402877e-07, 0.5090354084968567, -0.8607456684112549, 1.4901164746561335e-08, 0.8607456088066101, 0.5090354084968567),
            ["LeftHand"] = CFrame.new(7.078051567077637e-08, -3.5762786865234375e-07, 1.341104507446289e-07, 0.8746678829193115, 0.05327099189162254, 0.4817865490913391, -0.005366202909499407, 0.9949460029602051, -0.10026865452528, -0.4846930205821991, 0.0851164311170578, 0.8705331087112427),
            ["RightUpperLeg"] = CFrame.new(-5.960464477539063e-08, -3.2782554626464844e-07, 3.183231456205249e-08, 0.8758137226104736, -0.1649625301361084, -0.4535831809043884, 0.24702365696430206, 0.9605680704116821, 0.12762540578842163, 0.41464394330978394, -0.22382204234600067, 0.8820284008979797),
