return {
    ["Metamorphosis Shuffle"] = {
        {Time = 0.000, Data = {
            ["LeftFoot"] = CFrame.new(5.5217697081388906e-08, 0, 8.934725315157266e-08, 0.9920265674591064, 0.12365712970495224, -0.024337898939847946, -0.12497126311063766, 0.940208911895752, -0.31684252619743347, -0.016297144815325737, 0.3173580467700958, 0.9481658935546875),
            ["LeftLowerArm"] = CFrame.new(5.960464477539063e-08, 0, 5.960464477539063e-08, 1, -4.470348358154297e-08, 5.587935447692871e-09, 4.470348358154297e-08, 0.9249959588050842, -0.37997692823410034, 9.313225746154785e-10, 0.37997692823410034, 0.924996018409729),
            ["LowerTorso"] = CFrame.new(-0.01626468449831009, 0.10878682136535645, 0, 0.8945451974868774, 0.02168952114880085, 0.44645097851753235, 0.010224679484963417, 0.9975676536560059, -0.06895091384649277, -0.44686055183410645, 0.06624452024698257, 0.8921476006507874),
            ["Head"] = CFrame.new(1.076841726899147e-09, -1.1920928955078125e-07, -1.586158759891987e-08, 0.8569831848144531, -0.131179541349411, -0.4983692169189453, 0.12598393857479095, 0.9910462498664856, -0.04422185942530632, 0.4997079074382782, -0.024889040738344193, 0.8658364415168762),
            ["RightUpperArm"] = CFrame.new(-5.960464477539063e-08, -2.384185791015625e-07, 6.705522537231445e-08, -0.06443607807159424, 0.15096934139728546, 0.9864362478256226, 0.9363064765930176, 0.35110560059547424, 0.007426491007208824, -0.3452221155166626, 0.9240850806236267, -0.16397735476493835),
            ["UpperTorso"] = CFrame.new(4.656612873077393e-10, 0, 1.5366822481155396e-08, 0.9881834983825684, 0.0343029648065567, 0.14938797056674957, -0.04970135539770126, 0.9936853051185608, 0.1005951315164566, -0.1449938714504242, -0.10683122277259827, 0.9836482405662537),
            ["HumanoidRootPart"] = CFrame.new(0, 0, 0, 1, 0, 0, 0, 1, 0, 0, 0, 1),
            ["RightHand"] = CFrame.new(1.862645149230957e-07, 0, -4.470348358154297e-08, 0.8809517621994019, 0.4511098861694336, 0.14291231334209442, -0.4674735367298126, 0.8765089511871338, 0.11489409953355789, -0.07343405485153198, -0.16802388429641724, 0.9830439686775208),
            ["LeftUpperArm"] = CFrame.new(-1.1920928955078125e-07, 0, 2.2351741790771484e-08, 0.8600514531135559, -0.11349916458129883, 0.4974229037761688, -0.00014318423927761614, 0.9748888611793518, 0.22269220650196075, -0.5102074146270752, -0.19159798324108124, 0.8384381532669067),
            ["RightLowerArm"] = CFrame.new(5.960464477539063e-08, 1.1920928955078125e-07, 3.725290298461914e-08, 1, -2.9802322387695312e-08, 2.2351738238057806e-08, 7.450580596923828e-08, 0.8684278726577759, -0.49581554532051086, 0, 0.49581557512283325, 0.8684278726577759),
            ["LeftHand"] = CFrame.new(-6.705522537231445e-08, 5.960464477539063e-08, -8.940696716308594e-08, 1, -7.450581485102248e-09, -3.166496398421259e-08, -7.450581485102248e-09, 1, 3.352760913344355e-08, -6.9849201977945086e-09, -1.3969840395589017e-08, 1),
            ["RightUpperLeg"] = CFrame.new(0.0036891698837280273, -0.05721617862582207, 0.01046733371913433, 0.9396681189537048, -0.1345197856426239, -0.3145291209220886, 0.1254977583885193, 0.9908900856971741, -0.04886059835553169, 0.3182363212108612, 0.0064400844275951385, 0.9479895830154419),
            ["LeftUpperLeg"] = CFrame.new(-0.01324307918548584, -0.034944452345371246, -0.08223298192024231, 0.9739134311676025, 0.15386198461055756, 0.16679085791110992, 0.08411049097776413, 0.43789491057395935, -0.8950831890106201, -0.2107560634613037, 0.8857622146606445, 0.4135300815105438),
            ["RightLowerLeg"] = CFrame.new(-4.0978193283081055e-08, -5.960464477539063e-08, 1.6596459317952394e-08, 1, -5.587933316064664e-08, -2.0489096641540527e-08, 6.33299421792799e-08, 0.9325997233390808, 0.36091214418411255, -9.31322685637781e-10, -0.3609122931957245, 0.9325998425483704),
            ["RightFoot"] = CFrame.new(-9.685754776000977e-08, 4.172325134277344e-07, 9.145878721028566e-09, 0.9972282648086548, 0.07102788984775543, -0.022157451137900352, -0.07125373184680939, 0.997412383556366, -0.009575076401233673, 0.021420126780867577, 0.011127478443086147, 0.9997086524963379),
            ["LeftLowerLeg"] = CFrame.new(-1.4901161193847656e-08, -1.1920928955078125e-07, 8.940696716308594e-08, 1, 8.195636524988004e-08, 1.3411047916633834e-07, -3.725290653733282e-08, -0.3760271370410919, 0.9266088008880615, 1.4901162614933128e-07, -0.9266086220741272, -0.3760269582271576),
        }},
        {Time = 0.033, Data = {
            ["LeftFoot"] = CFrame.new(-1.30385160446167e-08, -1.7881393432617188e-07, -7.636845111846924e-08, 0.9936183094978333, -0.030862759798765182, -0.10849085450172424, -0.002909999340772629, 0.9545042514801025, -0.2981833219528198, 0.11275757849216461, 0.2965961694717407, 0.9483229517936707),
            ["LeftLowerArm"] = CFrame.new(5.960464477539063e-08, 1.1920928955078125e-07, 0, 1, -3.387685865163803e-08, 1.0710209608078003e-08, 3.3527612686157227e-08, 0.9226300716400146, -0.3856862187385559, 1.4901161193847656e-08, 0.3856862485408783, 0.9226300716400146),
            ["LowerTorso"] = CFrame.new(0.0643138736486435, 0.1030430793762207, 2.8668355867011996e-07, 0.8924793601036072, 0.022283468395471573, 0.4505375623703003, 0.011255825869739056, 0.9973680377006531, -0.07162647694349289, -0.4509477913379669, 0.06899631768465042, 0.8898796439170837),
            ["Head"] = CFrame.new(1.1175870895385742e-08, -1.1920928955078125e-07, -2.60770320892334e-08, 0.7813987731933594, -0.12368935346603394, -0.6116511225700378, 0.11765085160732269, 0.9917824864387512, -0.05025849863886833, 0.6128411889076233, -0.03268924355506897, 0.7895296216011047),
            ["RightUpperArm"] = CFrame.new(0, 1.1920928955078125e-07, -5.960464477539063e-08, -0.05829349160194397, 0.1370934098958969, 0.9888413548469543, 0.9244914650917053, 0.38119909167289734, 0.0016501147765666246, -0.3767194151878357, 0.9142716526985168, -0.14896319806575775),
            ["UpperTorso"] = CFrame.new(0, 0, 5.587935447692871e-09, 0.9593187570571899, 0.03089822083711624, 0.28062963485717773, -0.06081860512495041, 0.9932726621627808, 0.0985429435968399, -0.27569687366485596, -0.11160161346197128, 0.9547441005706787),
            ["HumanoidRootPart"] = CFrame.new(0, 0, 0, 1, 0, 0, 0, 1, 0, 0, 0, 1),
            ["RightHand"] = CFrame.new(-4.917383193969727e-07, 5.960464477539063e-08, 7.450580596923828e-09, 0.8836190700531006, 0.4462639391422272, 0.14165395498275757, -0.4632396399974823, 0.8772254586219788, 0.12603427469730377, -0.0680178627371788, -0.1769859343767166, 0.9818602204322815),
            ["LeftUpperArm"] = CFrame.new(5.960464477539063e-08, 1.1920928955078125e-07, -2.9802322387695312e-08, 0.860471248626709, -0.11440277099609375, 0.496489018201828, -0.0015458414563909173, 0.9738742709159851, 0.2270827293395996, -0.5094966888427734, -0.19616557657718658, 0.8378139138221741),
            ["RightLowerArm"] = CFrame.new(0, -1.1920928955078125e-07, -1.1175870895385742e-07, 1, -1.862645326866641e-08, 0, 0, 0.8825826644897461, -0.4701574444770813, -1.6763806343078613e-08, 0.47015732526779175, 0.8825826644897461),
            ["LeftHand"] = CFrame.new(1.043081283569336e-07, 5.960464477539063e-08, 1.1920928955078125e-07, 0.9998728036880493, -0.013887600973248482, -0.007843981496989727, 0.013856258243322372, 0.9998959302902222, -0.004035470075905323, 0.007899215444922447, 0.003926299978047609, 0.9999611377716064),
            ["RightUpperLeg"] = CFrame.new(0.003689289093017578, -0.05721680447459221, 0.010467393323779106, 0.9743101596832275, -0.11918222159147263, -0.1910899579524994, 0.16104921698570251, 0.961826503276825, 0.22125335037708282, 0.1574258804321289, -0.2463441789150238, 0.9563115239143372),
            ["LeftUpperLeg"] = CFrame.new(-0.013243019580841064, -0.03494436293840408, -0.08223298192024231, 0.9705668091773987, 0.2396370768547058, 0.023962341248989105, -0.1006392315030098, 0.4939636290073395, -0.863638699054718, -0.2187962681055069, 0.8358073830604553, 0.5035415887832642),
            ["RightLowerLeg"] = CFrame.new(2.9802322387695312e-08, -5.960464477539063e-08, 1.6952981241047382e-09, 1, -1.8626447051417472e-09, -6.891784920526334e-08, -3.166496398421259e-08, 0.999986469745636, 0.005214003846049309, 8.00937343115038e-08, -0.005214179400354624, 0.9999864101409912),
            ["RightFoot"] = CFrame.new(-4.6566128730773926e-08, 4.76837158203125e-07, 2.032174961641431e-08, 0.9719420075416565, 0.1619630753993988, -0.17057788372039795, -0.1413220316171646, 0.981788694858551, 0.12696102261543274, 0.18803457915782928, -0.0992923304438591, 0.9771305918693542),
            ["LeftLowerLeg"] = CFrame.new(4.470348358154297e-08, 1.1920928955078125e-07, -2.086162567138672e-07, 1, 5.5879347371501353e-08, 9.685756197086448e-08, 1.1175872671742582e-08, -0.12419694662094116, 0.9922575950622559, 1.564622067462551e-07, -0.9922575950622559, -0.1241968423128128),
        }},
        {Time = 0.067, Data = {
            ["LeftFoot"] = CFrame.new(-1.862645149230957e-08, 0, 7.450580596923828e-09, 0.9918075799942017, -0.06547840684652328, -0.10968293994665146, 0.022546542808413506, 0.934886634349823, -0.35422971844673157, 0.1257355958223343, 0.34885483980178833, 0.9287039637565613),
            ["LeftLowerArm"] = CFrame.new(1.7881393432617188e-07, 2.384185791015625e-07, 1.4901161193847656e-08, 1, -2.7939677238464355e-08, 1.4435498130183078e-08, 4.842878098543224e-08, 0.9151668548583984, -0.4030752182006836, 4.6566133171666024e-09, 0.40307527780532837, 0.9151667952537537),
            ["LowerTorso"] = CFrame.new(0.13528048992156982, 0.08454370498657227, 0.0000022934684693609597, 0.886916995048523, 0.023885808885097504, 0.46131089329719543, 0.013985722325742245, 0.9968158602714539, -0.07850221544504166, -0.4617170989513397, 0.07607671618461609, 0.8837588429450989),
            ["Head"] = CFrame.new(3.637978807091713e-09, 0, -9.313225746154785e-09, 0.6987068057060242, -0.11665219068527222, -0.7058337330818176, 0.1004134938120842, 0.9928408861160278, -0.06468579918146133, 0.7083262205123901, -0.025678738951683044, 0.705418050289154),
            ["RightUpperArm"] = CFrame.new(-1.1920928955078125e-07, -2.384185791015625e-07, -1.4901161193847656e-08, -0.03662276640534401, 0.10040461272001266, 0.9942725300788879, 0.8884713649749756, 0.458730548620224, -0.013598386198282242, -0.4574684798717499, 0.8828846216201782, -0.10600688308477402),
            ["UpperTorso"] = CFrame.new(4.6566128730773926e-09, 0, 5.587935447692871e-09, 0.9187891483306885, 0.025899549946188927, 0.3938981890678406, -0.07117108255624771, 0.992361843585968, 0.10076086223125458, -0.3882797360420227, -0.12061214447021484, 0.9136146306991577),
            ["HumanoidRootPart"] = CFrame.new(0, 0, 0, 1, 0, 0, 0, 1, 0, 0, 0, 1),
            ["RightHand"] = CFrame.new(1.4901161193847656e-07, 1.1920928955078125e-07, 0, 0.8908235430717468, 0.43287500739097595, 0.13803215324878693, -0.45123010873794556, 0.8784305453300476, 0.15732470154762268, -0.053149737417697906, -0.202432781457901, 0.9778528809547424),
            ["LeftUpperArm"] = CFrame.new(5.960464477539063e-08, -3.5762786865234375e-07, -1.4901161193847656e-08, 0.8624105453491211, -0.11576199531555176, 0.4927954077720642, -0.00588720478117466, 0.9711412191390991, 0.23843254148960114, -0.5061753988265991, -0.20852787792682648, 0.8368409276008606),
            ["RightLowerArm"] = CFrame.new(0, 0, -2.421438694000244e-08, 1, -3.3527612686157227e-08, 0, 2.9802322387695312e-08, 0.915546178817749, -0.4022129774093628, 0, 0.4022129774093628, 0.915546178817749),
            ["LeftHand"] = CFrame.new(2.2351741790771484e-08, 4.76837158203125e-07, -2.9802322387695312e-08, 0.9982057809829712, -0.05229659751057625, -0.029160626232624054, 0.05185457691550255, 0.9985310435295105, -0.015714531764388084, 0.029939576983451843, 0.014174232259392738, 0.9994512796401978),
            ["RightUpperLeg"] = CFrame.new(0.0036891698837280273, -0.05721671134233475, 0.010467356070876122, 0.9885404109954834, -0.11218037456274033, -0.10101315379142761, 0.140141099691391, 0.9307042360305786, 0.33786118030548096, 0.05611187964677811, -0.3481454849243164, 0.9357596635818481),
            ["LeftUpperLeg"] = CFrame.new(-0.01324307918548584, -0.03494461998343468, -0.08223297446966171, 0.9572351574897766, 0.28796765208244324, 0.0278508011251688, -0.14578329026699066, 0.5632593035697937, -0.8133179545402527, -0.2498965561389923, 0.7744763493537903, 0.5811524391174316),
            ["RightLowerLeg"] = CFrame.new(1.862645149230957e-08, 5.960464477539063e-08, -3.55576048605144e-08, 1, -1.4901155864777138e-08, -4.8428766774577525e-08, -7.450580596923828e-09, 0.9999862909317017, 0.005238078068941832, 5.960464477539063e-08, -0.00523827038705349, 0.9999862909317017),
            ["RightFoot"] = CFrame.new(-4.842877388000488e-08, 2.384185791015625e-07, -9.516224963590503e-08, 0.9395349025726318, 0.1953752040863037, -0.28125208616256714, -0.1841183751821518, 0.9806735515594482, 0.06618107855319977, 0.28874671459198, -0.010395464487373829, 0.9573491215705872),
            ["LeftLowerLeg"] = CFrame.new(-2.9802322387695312e-08, 0, 1.4901161193847656e-08, 1, 7.450579886381092e-08, 4.284084198502569e-08, -1.862645326866641e-08, 0.2615697979927063, 0.9651846289634705, 1.1175872316471214e-07, -0.9651846289634705, 0.2615698277950287),
        }},
        {Time = 0.100, Data = {
            ["LeftFoot"] = CFrame.new(1.4901161193847656e-08, 0, -1.1548399925231934e-07, 0.9933128356933594, -0.05552877485752106, -0.10122384876012802, 0.02351195737719536, 0.9556615352630615, -0.293527215719223, 0.11303488910198212, 0.2891843914985657, 0.9505764245986938),
            ["LeftLowerArm"] = CFrame.new(-8.940696716308594e-08, 0, -7.82310962677002e-08, 1, -4.0978196835794733e-08, 5.587936335871291e-09, 3.632158396271734e-08, 0.9016908407211304, -0.4323815405368805, 8.381904059717726e-09, 0.4323815405368805, 0.9016907811164856),
            ["LowerTorso"] = CFrame.new(0.19806551933288574, 0.05108189582824707, 0.000007740454748272896, 0.8787744641304016, 0.026245132088661194, 0.47651511430740356, 0.017885791137814522, 0.9959741234779358, -0.08783991634845734, -0.476902037858963, 0.08571433275938034, 0.8747671246528625),
            ["Head"] = CFrame.new(7.450580596923828e-09, -1.1920928955078125e-07, -1.6763806343078613e-08, 0.6169864535331726, -0.11460880190134048, -0.778583824634552, 0.07686888426542282, 0.9933845400810242, -0.08531323820352554, 0.7832106947898865, -0.007211688905954361, 0.6217145919799805),
            ["RightUpperArm"] = CFrame.new(0, 2.384185791015625e-07, -1.4901161193847656e-08, 0.006401360034942627, 0.05002976581454277, 0.9987272620201111, 0.8257611989974976, 0.5630245208740234, -0.033496610820293427, -0.5639836192131042, 0.8249244689941406, -0.0377085916697979),
            ["UpperTorso"] = CFrame.new(-1.862645149230957e-09, 1.4901161193847656e-07, -2.2351741790771484e-08, 0.8739721179008484, 0.019849134609103203, 0.4855707287788391, -0.08147689700126648, 0.9910076260566711, 0.10613879561424255, -0.47909754514694214, -0.13232511281967163, 0.8677302598953247),
            ["HumanoidRootPart"] = CFrame.new(0, 0, 0, 1, 0, 0, 0, 1, 0, 0, 0, 1),
            ["RightHand"] = CFrame.new(8.940696716308594e-08, 5.960464477539063e-08, -4.470348358154297e-08, 0.9012730121612549, 0.41265758872032166, 0.13198795914649963, -0.4321347773075104, 0.8780812621116638, 0.20550645887851715, -0.031092379242181778, -0.24225395917892456, 0.9697146415710449),
            ["LeftUpperArm"] = CFrame.new(0, 1.1920928955078125e-07, -1.4901161193847656e-08, 0.8668398261070251, -0.11548696458339691, 0.48502734303474426, -0.01329584140330553, 0.9671040773391724, 0.2540336847305298, -0.4984094500541687, -0.22665530443191528, 0.8367887139320374),
            ["RightLowerArm"] = CFrame.new(-2.980232238769531e-07, -1.7881393432617188e-07, -1.4901161193847656e-08, 1, -3.725290742551124e-09, 1.4901162970204496e-08, -1.4901162970204496e-08, 0.9520105123519897, -0.30606546998023987, 3.725290742551124e-09, 0.30606546998023987, 0.9520105123519897),
            ["LeftHand"] = CFrame.new(-5.681067705154419e-08, 5.364418029785156e-07, 8.940696716308594e-08, 0.9920546412467957, -0.11038479208946228, -0.06035732477903366, 0.10842736810445786, 0.9934948682785034, -0.03480728715658188, 0.06380689144134521, 0.027986351400613785, 0.9975698590278625),
            ["RightUpperLeg"] = CFrame.new(0.0036891698837280273, -0.057216133922338486, 0.01046723686158657, 0.9959935545921326, -0.08363228291273117, -0.03166438266634941, 0.08902663737535477, 0.8938841223716736, 0.43936941027641296, -0.008441224694252014, -0.4404280185699463, 0.8977481722831726),
            ["LeftUpperLeg"] = CFrame.new(-0.01324307918548584, -0.034944240003824234, -0.08223295956850052, 0.9488055109977722, 0.29536768794059753, 0.11191976815462112, -0.13528189063072205, 0.7001925110816956, -0.7010202407836914, -0.28542426228523254, 0.6499910950660706, 0.7043043971061707),
            ["RightLowerLeg"] = CFrame.new(1.816079020500183e-08, 0, -2.1587766241282225e-08, 1, 0, 3.7252894102834944e-09, -3.725290298461914e-08, 0.9999861717224121, 0.005258029792457819, 3.3527612686157227e-08, -0.005258223041892052, 0.9999862313270569),
            ["RightFoot"] = CFrame.new(1.4901161193847656e-08, 4.172325134277344e-07, 3.149762051180005e-08, 0.9073088765144348, 0.19888055324554443, -0.37045571208000183, -0.2109682708978653, 0.9774597883224487, 0.008055546320974827, 0.3637074828147888, 0.0708456039428711, 0.9288151860237122),
            ["LeftLowerLeg"] = CFrame.new(-8.940696716308594e-08, 5.960464477539063e-08, 8.940696716308594e-08, 1, 3.993045538663864e-08, 3.725290298461914e-09, 4.842877388000488e-08, 0.7153368592262268, 0.6987798810005188, 8.940696716308594e-08, -0.6987798810005188, 0.715336799621582),
        }},
        {Time = 0.133, Data = {
            ["LeftFoot"] = CFrame.new(8.009374141693115e-08, 5.960464477539063e-08, -7.450580596923828e-08, 0.9945299029350281, -0.02851218357682228, -0.10048654675483704, 0.029879361391067505, 0.9994799494743347, 0.012126671150326729, 0.10008854418992996, -0.01506294310092926, 0.9948645830154419),
            ["LeftLowerArm"] = CFrame.new(-2.9802322387695312e-08, -5.960464477539063e-08, -8.940696716308594e-08, 1, -3.58559226754096e-08, 9.313226634333205e-09, 3.81842291119483e-08, 0.880733847618103, -0.4736116826534271, 1.3038517820973539e-08, 0.4736116826534271, 0.8807339072227478),
            ["LowerTorso"] = CFrame.new(0.2521851658821106, 0.00013780593872070312, 0.000018347747754887678, 0.8690288066864014, 0.029059171676635742, 0.4939073920249939, 0.02237594872713089, 0.9949438571929932, -0.09790822118520737, -0.4942552447319031, 0.09613671153783798, 0.8639846444129944),
            ["Head"] = CFrame.new(5.587935447692871e-09, 1.1920928955078125e-07, 1.862645149230957e-09, 0.5454578995704651, -0.11944303661584854, -0.8295837044715881, 0.049508802592754364, 0.9926568269729614, -0.11036970466375351, 0.836674690246582, 0.01913038082420826, 0.5473660230636597),
            ["RightUpperArm"] = CFrame.new(0, 0, 2.9802322387695312e-08, 0.07429809123277664, -0.0026164299342781305, 0.9972326755523682, 0.7385697960853577, 0.6720694899559021, -0.05326339602470398, -0.6700705885887146, 0.7404834032058716, 0.05186589062213898),
            ["UpperTorso"] = CFrame.new(2.60770320892334e-08, 2.9802322387695312e-08, 1.4901161193847656e-08, 0.8328108191490173, 0.013307098299264908, 0.5533978343009949, -0.0915793851017952, 0.9892473220825195, 0.1140306293964386, -0.5459298491477966, -0.14564575254917145, 0.8250745534896851),
            ["HumanoidRootPart"] = CFrame.new(0, 0, 0, 1, 0, 0, 0, 1, 0, 0, 0, 1),
            ["RightHand"] = CFrame.new(-4.76837158203125e-07, -1.7881393432617188e-07, 1.043081283569336e-07, 0.9136139750480652, 0.38741838932037354, 0.12335556000471115, -0.4065599739551544, 0.8737247586250305, 0.26704680919647217, -0.0043199737556278706, -0.29412904381752014, 0.9557559490203857),
            ["LeftUpperArm"] = CFrame.new(-1.1920928955078125e-07, -1.1920928955078125e-07, 0, 0.8745889067649841, -0.11140093207359314, 0.47189417481422424, -0.023823194205760956, 0.9621996879577637, 0.27130112051963806, -0.4842795431613922, -0.24851898849010468, 0.8388752341270447),
            ["RightLowerArm"] = CFrame.new(2.384185791015625e-07, -2.384185791015625e-07, -3.725290298461914e-09, 1, -1.862644971595273e-08, 2.9802318834981634e-08, 0, 0.9800509810447693, -0.1987462341785431, -1.4901161193847656e-08, 0.1987462043762207, 0.9800510406494141),
            ["LeftHand"] = CFrame.new(1.043081283569336e-07, 4.172325134277344e-07, 7.450580596923828e-09, 0.9782978296279907, -0.18282346427440643, -0.0975145548582077, 0.17747697234153748, 0.9822317957878113, -0.06101396307349205, 0.10693670064210892, 0.04238326475024223, 0.9933620691299438),
            ["RightUpperLeg"] = CFrame.new(0.0036891698837280273, -0.05721640959382057, 0.01046731136739254, 0.9973940849304199, -0.0637010857462883, 0.03387153148651123, 0.038601405918598175, 0.8678114414215088, 0.49539220333099365, -0.060951218008995056, -0.4927937984466553, 0.8680087924003601),
            ["LeftUpperLeg"] = CFrame.new(-0.01324307918548584, -0.03494437783956528, -0.08223296701908112, 0.9439955949783325, 0.22743743658065796, 0.2390492707490921, -0.10363452881574631, 0.8921923041343689, -0.4396054446697235, -0.31326064467430115, 0.3902118504047394, 0.865795910358429),
            ["RightLowerLeg"] = CFrame.new(1.955777406692505e-08, -1.1920928955078125e-07, -8.491770131513476e-08, 1, -1.4901159417490817e-08, -1.303851249190302e-08, -1.1175870895385742e-08, 0.9999861717224121, 0.005260883364826441, 1.30385160446167e-08, -0.005261227022856474, 0.9999861717224121),
            ["RightFoot"] = CFrame.new(-5.587935447692871e-08, 3.5762786865234375e-07, 4.639878170564771e-08, 0.8719131946563721, 0.19810831546783447, -0.4477956295013428, -0.23335404694080353, 0.9720879197120667, -0.024310031905770302, 0.43048036098480225, 0.12569114565849304, 0.8938054442405701),
            ["LeftLowerLeg"] = CFrame.new(6.332993507385254e-08, -1.1920928955078125e-07, 1.1175870895385742e-07, 1, -7.4505797087454084e-09, 7.450578820566989e-09, 0, 0.9999853372573853, 0.005430115852504969, -1.1175870895385742e-08, -0.005430057179182768, 0.9999852776527405),
        }},
        {Time = 0.167, Data = {
            ["LeftFoot"] = CFrame.new(1.862645149230957e-08, 0, 4.470348358154297e-08, 0.9957079291343689, 0.0012287292629480362, -0.09254354983568192, -0.0013282300205901265, 0.9999986886978149, -0.0010141879320144653, 0.09254225343465805, 0.0011327862739562988, 0.9957081079483032),
            ["LeftLowerArm"] = CFrame.new(0, -1.7881393432617188e-07, 5.960464477539063e-08, 1, -4.4703490686970326e-08, 1.1175870895385742e-08, 4.842877388000488e-08, 0.8502058982849121, -0.5264503955841064, 1.4901161193847656e-08, 0.5264504551887512, 0.8502058982849121),
            ["LowerTorso"] = CFrame.new(0.296109676361084, -0.07047104835510254, 0.000035835440939990804, 0.8588026165962219, 0.03191905468702316, 0.5113112926483154, 0.02677079662680626, 0.993897557258606, -0.1070093885064125, -0.5116066932678223, 0.1055881604552269, 0.8527073264122009),
            ["Head"] = CFrame.new(6.51925802230835e-09, 1.1920928955078125e-07, -3.4924596548080444e-08, 0.4949651062488556, -0.1304364800453186, -0.8590669631958008, 0.0206846185028553, 0.9901572465896606, -0.13842272758483887, 0.8686666488647461, 0.05074499547481537, 0.4927913248538971),
            ["RightUpperArm"] = CFrame.new(0, 1.1920928955078125e-07, 0, 0.1653444617986679, -0.046187158674001694, 0.9851537942886353, 0.6382830142974854, 0.7665029168128967, -0.07119083404541016, -0.7518351674079895, 0.6405779123306274, 0.15621750056743622),
            ["UpperTorso"] = CFrame.new(-2.0489096641540527e-08, 1.1920928955078125e-07, 3.725290298461914e-09, 0.8039894104003906, 0.006806829944252968, 0.5946047306060791, -0.10045363754034042, 0.9871180653572083, 0.12452729046344757, -0.5860974192619324, -0.15984883904457092, 0.7943161129951477),
            ["HumanoidRootPart"] = CFrame.new(0, 0, 0, 1, 0, 0, 0, 1, 0, 0, 0, 1),
            ["RightHand"] = CFrame.new(4.470348358154297e-07, -1.1920928955078125e-07, -2.384185791015625e-07, 0.9265233874320984, 0.35912829637527466, 0.11216633021831512, -0.3754333555698395, 0.8630237579345703, 0.33799391984939575, 0.024580977857112885, -0.3552702069282532, 0.9344403743743896),
            ["LeftUpperArm"] = CFrame.new(-1.1920928955078125e-07, 0, -2.9802322387695312e-08, 0.8862298130989075, -0.10123798996210098, 0.4520483911037445, -0.03750893846154213, 0.9569419026374817, 0.287846177816391, -0.46172502636909485, -0.27205371856689453, 0.844273030757904),
            ["RightLowerArm"] = CFrame.new(2.384185791015625e-07, -1.1920928955078125e-07, -8.940696716308594e-08, 1, 7.450580596923828e-08, 2.980232594040899e-08, 2.9802322387695312e-08, 0.9950259923934937, -0.09961600601673126, -2.60770320892334e-08, 0.09961596131324768, 0.9950260519981384),
            ["LeftHand"] = CFrame.new(-1.6007106751203537e-07, -1.1920928955078125e-07, 2.9802322387695312e-08, 0.9549455046653748, -0.26348456740379333, -0.1365838646888733, 0.2523849904537201, 0.9631125330924988, -0.09335985034704208, 0.15614449977874756, 0.05468185245990753, 0.9862195253372192),
            ["RightUpperLeg"] = CFrame.new(0.0036891698837280273, -0.05721632018685341, 0.010467393323779106, 0.994394838809967, -0.05569605529308319, 0.08987237513065338, 0.000739181530661881, 0.8536490201950073, 0.5208480954170227, -0.1057286337018013, -0.5178622603416443, 0.8489052653312683),
            ["LeftUpperLeg"] = CFrame.new(-0.01324307918548584, -0.03494439274072647, -0.08223297446966171, 0.942000687122345, 0.22072000801563263, 0.2528187334537506, -0.07129943370819092, 0.8677286505699158, -0.4918975830078125, -0.32794979214668274, 0.44534218311309814, 0.8331383466720581),
            ["RightLowerLeg"] = CFrame.new(-1.5459954738616943e-07, -5.960464477539063e-08, -8.724600775167346e-08, 1, -1.4901155864777138e-08, -2.9802315282267955e-08, -2.2351741790771484e-08, 0.9999862909317017, 0.005242435727268457, 1.4901161193847656e-08, -0.005242599174380302, 0.9999862909317017),
            ["RightFoot"] = CFrame.new(2.8870999813079834e-08, 2.980232238769531e-07, -2.8107024263590574e-08, 0.8380619287490845, 0.11024243384599686, -0.5343213081359863, -0.25094422698020935, 0.9475136995315552, -0.1981031745672226, 0.48443707823753357, 0.3001076877117157, 0.8217396140098572),
            ["LeftLowerLeg"] = CFrame.new(-4.6566128730773926e-09, 5.960464477539063e-08, -7.450580596923828e-09, 1, -3.725289943190546e-08, -7.450579886381092e-08, 3.166496043149891e-08, 0.999984860420227, 0.005503564607352018, 4.656611807263289e-08, -0.005503683816641569, 0.999984860420227),
        }},
        {Time = 0.200, Data = {
            ["LeftFoot"] = CFrame.new(-1.1641532182693481e-08, 5.960464477539063e-08, 2.9802322387695312e-08, 0.9971771836280823, 0.021250391378998756, -0.07201581448316574, -0.02065090648829937, 0.9997457265853882, 0.009060786105692387, 0.07218976318836212, -0.007548065856099129, 0.9973623752593994),
            ["LeftLowerArm"] = CFrame.new(0, 2.384185791015625e-07, 0, 1, -5.587935447692871e-08, 3.725290298461914e-09, 4.842877388000488e-08, 0.8073457479476929, -0.5900787115097046, 1.1175870895385742e-08, 0.5900787115097046, 0.8073458075523376),
            ["LowerTorso"] = CFrame.new(0.32696297764778137, -0.1597146987915039, 0.00006192363798618317, 0.8493890166282654, 0.034298937767744064, 0.5266517996788025, 0.030271783471107483, 0.9930769205093384, -0.11349815875291824, -0.5268986225128174, 0.11234674602746964, 0.8424703478813171),
            ["Head"] = CFrame.new(-1.862645149230957e-09, 0, -1.210719347000122e-08, 0.47965124249458313, -0.14434956014156342, -0.8655045628547668, -0.007309527136385441, 0.9856842160224915, -0.16844399273395538, 0.8774288892745972, 0.08712083846330643, 0.47172942757606506),
            ["RightUpperArm"] = CFrame.new(0, 2.384185791015625e-07, -1.4901161193847656e-08, 0.28092309832572937, -0.07682369649410248, 0.9566505551338196, 0.5419629216194153, 0.8353443145751953, -0.09206674247980118, -0.7920596599578857, 0.54433274269104, 0.27630311250686646),
            ["UpperTorso"] = CFrame.new(2.421438694000244e-08, 5.960464477539063e-08, 3.3527612686157227e-08, 0.79789799451828, 0.000988215091638267, 0.6027917265892029, -0.10600683093070984, 0.9846439957618713, 0.13870392739772797, -0.5933981537818909, -0.17457160353660583, 0.785750150680542),
            ["HumanoidRootPart"] = CFrame.new(0, 0, 0, 1, 0, 0, 0, 1, 0, 0, 0, 1),
            ["RightHand"] = CFrame.new(-5.960464477539063e-08, -4.172325134277344e-07, 0, 0.9388214349746704, 0.32990145683288574, 0.09889081120491028, -0.34028685092926025, 0.8442690372467041, 0.41402265429496765, 0.05309626832604408, -0.4223445951938629, 0.9048789143562317),
            ["LeftUpperArm"] = CFrame.new(5.960464477539063e-08, 3.5762786865234375e-07, -2.9802322387695312e-08, 0.9019165635108948, -0.08264655619859695, 0.4239294230937958, -0.05448928475379944, 0.9519065618515015, 0.3015044629573822, -0.42845937609672546, -0.29503148794174194, 0.8540369272232056),
            ["RightLowerArm"] = CFrame.new(1.1920928955078125e-07, 1.1920928955078125e-07, 1.862645149230957e-09, 1, -7.450580596923828e-09, 7.450580596923828e-09, 2.9802322387695312e-08, 0.9996178150177002, -0.027647405862808228, -1.1175870895385742e-08, 0.027647405862808228, 0.9996177554130554),
            ["LeftHand"] = CFrame.new(1.7057072909665294e-07, 5.960464477539063e-08, 6.885238690301776e-08, 0.9221162796020508, -0.3456789553165436, -0.1738036572933197, 0.3264915943145752, 0.9362344741821289, -0.12987849116325378, 0.20761723816394806, 0.06301766633987427, 0.9761782288551331),
            ["RightUpperLeg"] = CFrame.new(0.003689289093017578, -0.05721627175807953, 0.010467367246747017, 0.9904158711433411, -0.041832197457551956, 0.13163092732429504, -0.03267517313361168, 0.8550127744674683, 0.5175767540931702, -0.13419727981090546, -0.5169169902801514, 0.8454511761665344),
            ["LeftUpperLeg"] = CFrame.new(-0.013243138790130615, -0.034944478422403336, -0.08223302662372589, 0.9422377943992615, 0.2194937914609909, 0.25300332903862, -0.055142100900411606, 0.8467037081718445, -0.5291995406150818, -0.3303747773170471, 0.4846806526184082, 0.8098995089530945),
            ["RightLowerLeg"] = CFrame.new(-5.762558430433273e-08, 1.1920928955078125e-07, -1.5977275324985385e-07, 1, -1.955776696149769e-08, 1.010484851349247e-07, 5.1222748709278676e-08, 0.9974513649940491, 0.07134944945573807, -1.3131649723163719e-07, -0.07134943455457687, 0.9974514245986938),
            ["RightFoot"] = CFrame.new(-1.3154931366443634e-07, 2.980232238769531e-07, -5.790934665128589e-08, 0.818506121635437, 0.052024710923433304, -0.5721375942230225, -0.2853280007839203, 0.9011938571929932, -0.3262473940849304, 0.4986339807510376, 0.4302826225757599, 0.752476692199707),
            ["LeftLowerLeg"] = CFrame.new(-1.0244548320770264e-08, -1.7881393432617188e-07, -5.587935447692871e-08, 1, 2.980232594040899e-08, 1.955777229056821e-08, 2.8871003365793513e-08, 0.9999849200248718, 0.0055099125020205975, 3.492460010079412e-08, -0.005510077346116304, 0.999984860420227),
        }},
        {Time = 0.233, Data = {
            ["LeftFoot"] = CFrame.new(2.561137080192566e-08, 5.960464477539063e-08, 4.470348358154297e-08, 0.9985533952713013, 0.030490189790725708, -0.044289443641901016, -0.029039420187473297, 0.9990321397781372, 0.03303782641887665, 0.045254096388816833, -0.03170420601963997, 0.9984723925590515),
            ["LeftLowerArm"] = CFrame.new(1.1920928955078125e-07, 1.1920928955078125e-07, 1.862645149230957e-07, 1, -4.284083487959833e-08, 1.862645149230957e-08, 4.190951585769653e-08, 0.7487271428108215, -0.6628783345222473, 2.0489096641540527e-08, 0.6628783345222473, 0.7487271428108215),
            ["LowerTorso"] = CFrame.new(0.339287668466568, -0.2529867887496948, 0.00009833244985202327, 0.8422197103500366, 0.035590510815382004, 0.5379585027694702, 0.032002974301576614, 0.9927588701248169, -0.11578279733657837, -0.5381838083267212, 0.1147308275103569, 0.8349820375442505),
            ["Head"] = CFrame.new(1.1175870895385742e-08, 2.384185791015625e-07, 5.960464477539063e-08, 0.5227386951446533, -0.1620737910270691, -0.8369448184967041, -0.03822103142738342, 0.9763184785842896, -0.2129354029893875, 0.8516358137130737, 0.14329850673675537, 0.5041647553443909),
            ["RightUpperArm"] = CFrame.new(0, 0, 0, 0.41394248604774475, -0.09512130916118622, 0.9053197503089905, 0.45447272062301636, 0.8833072185516357, -0.11499165743589401, -0.7887371778488159, 0.4590429961681366, 0.40886813402175903),
            ["UpperTorso"] = CFrame.new(-2.9802322387695312e-08, -8.940696716308594e-08, -3.725290298461914e-09, 0.8291170597076416, -0.003260581288486719, 0.5590655207633972, -0.11153081059455872, 0.9789183139801025, 0.1711140275001526, -0.5478373765945435, -0.20422659814357758, 0.8112742304801941),
            ["HumanoidRootPart"] = CFrame.new(0, 0, 0, 1, 0, 0, 0, 1, 0, 0, 0, 1),
            ["RightHand"] = CFrame.new(-8.195638656616211e-08, -5.960464477539063e-08, 1.341104507446289e-07, 0.949588418006897, 0.3018733859062195, 0.0845840573310852, -0.30337226390838623, 0.8168110847473145, 0.49069854617118835, 0.07903958857059479, -0.49162203073501587, 0.8672142624855042),
            ["LeftUpperArm"] = CFrame.new(0, 1.1920928955078125e-07, 2.9802322387695312e-08, 0.9211515784263611, -0.05321729555726051, 0.3855486214160919, -0.07514127343893051, 0.9476538896560669, 0.3103320598602295, -0.3818815350532532, -0.31483346223831177, 0.8689340353012085),
            ["RightLowerArm"] = CFrame.new(1.7881393432617188e-07, 0, 3.725290298461914e-08, 1, 0, -2.607702853651972e-08, -1.4901161193847656e-08, 1, 7.4505797087454084e-09, -1.1175870895385742e-08, 2.2351741790771484e-08, 1),
            ["LeftHand"] = CFrame.new(5.820766091346741e-08, -1.1920928955078125e-07, 6.705522537231445e-08, 0.8824334144592285, -0.42283913493156433, -0.20619985461235046, 0.39387550950050354, 0.9037449359893799, -0.16765204071998596, 0.25724196434020996, 0.06672471016645432, 0.9640406966209412),
            ["RightUpperLeg"] = CFrame.new(0.003689110279083252, -0.05721678584814072, 0.01046721450984478, 0.9877545833587646, 0.009284649044275284, 0.15573883056640625, -0.053527962416410446, 0.9578040838241577, 0.2823936641216278, -0.14654551446437836, -0.28727200627326965, 0.9465724229812622),
            ["LeftUpperLeg"] = CFrame.new(-0.013243138790130615, -0.034944698214530945, -0.08223295211791992, 0.9446457624435425, 0.22359943389892578, 0.24009932577610016, -0.054049618542194366, 0.8278637528419495, -0.5583193302154541, -0.3236095905303955, 0.5144365429878235, 0.7941234111785889),
            ["RightLowerLeg"] = CFrame.new(1.30385160446167e-08, -1.1920928955078125e-07, -6.535992724820971e-08, 1, -1.2246887592937128e-07, -2.537854015827179e-08, 8.847564458847046e-08, 0.8188144564628601, 0.5740581750869751, -9.994255378842354e-08, -0.5740583539009094, 0.8188145756721497),
            ["RightFoot"] = CFrame.new(4.668254405260086e-08, 3.5762786865234375e-07, 7.620110409334302e-08, 0.8201726078987122, 0.028231754899024963, -0.571419358253479, -0.4104115068912506, 0.7248901128768921, -0.5532598495483398, 0.39859673380851746, 0.6882858872413635, 0.6061217188835144),
            ["LeftLowerLeg"] = CFrame.new(-2.514570951461792e-08, -5.960464477539063e-08, 7.450580596923828e-09, 1, 3.4458931708059026e-08, 5.681068415697155e-08, 1.4901161193847656e-08, 0.9999850988388062, 0.005473867524415255, 1.3969838619232178e-08, -0.00547367287799716, 0.9999850392341614),
        }},
        {Time = 0.267, Data = {
            ["LeftFoot"] = CFrame.new(1.019798219203949e-07, -5.960464477539063e-08, 2.9802322387695312e-08, 0.9990233182907104, 0.042169664055109024, -0.01320256944745779, -0.041694317013025284, 0.998537540435791, 0.03441612049937248, 0.014634840190410614, -0.03383183479309082, 0.999320387840271),
            ["LeftLowerArm"] = CFrame.new(1.1920928955078125e-07, -3.5762786865234375e-07, -1.7136335372924805e-07, 1, -8.195638656616211e-08, 3.725290298461914e-08, 6.705522537231445e-08, 0.6703882813453674, -0.7420105338096619, 2.2351741790771484e-08, 0.7420105338096619, 0.6703882813453674),
            ["LowerTorso"] = CFrame.new(0.3243914544582367, -0.3008229732513428, 0.00014678198203910142, 0.837565004825592, 0.030311627313494682, 0.5454961061477661, -0.06046142801642418, 0.9974693655967712, 0.037407152354717255, -0.5429818034172058, -0.0643123984336853, 0.8372781276702881),
            ["Head"] = CFrame.new(0, 0, -7.450580596923828e-09, 0.6166948676109314, -0.1755245476961136, -0.7673842310905457, -0.06883541494607925, 0.9590666890144348, -0.2746865451335907, 0.7841869592666626, 0.22222106158733368, 0.5793692469596863),
            ["RightUpperArm"] = CFrame.new(0, -1.1920928955078125e-07, -5.960464477539063e-08, 0.545879602432251, -0.10096624493598938, 0.8317580223083496, 0.37524929642677307, 0.9170469045639038, -0.1349553018808365, -0.7491351366043091, 0.3857859671115875, 0.5384846925735474),
            ["UpperTorso"] = CFrame.new(2.514570951461792e-08, 0, 0, 0.8889368176460266, -0.09321706742048264, 0.44844406843185425, 0.03556095063686371, 0.9901620745658875, 0.13533136248588562, -0.45664742588996887, -0.10435394942760468, 0.8835062980651855),
            ["HumanoidRootPart"] = CFrame.new(0, 0, 0, 1, 0, 0, 0, 1, 0, 0, 0, 1),
            ["RightHand"] = CFrame.new(-1.043081283569336e-07, -4.172325134277344e-07, -1.7881393432617188e-07, 0.9582459330558777, 0.2770155370235443, 0.07090329378843307, -0.2675858438014984, 0.7812965512275696, 0.5638914108276367, 0.1008102297782898, -0.5593193173408508, 0.8227996826171875),
            ["LeftUpperArm"] = CFrame.new(0, -2.384185791015625e-07, -8.940696716308594e-08, 0.9424270391464233, -0.010585173964500427, 0.3342442214488983, -0.10025578737258911, 0.9445816874504089, 0.31259289383888245, -0.3190298080444336, -0.3281059265136719, 0.8891380429267883),
            ["RightLowerArm"] = CFrame.new(0, -1.7881393432617188e-07, -1.4901161193847656e-08, 1, -7.450580596923828e-09, 2.421438694000244e-08, 0, 0.9999701380729675, -0.007736474275588989, 1.6763806343078613e-08, 0.007736459374427795, 0.9999701380729675),
            ["LeftHand"] = CFrame.new(-2.1606683731079102e-07, 2.980232238769531e-07, -2.9802322387695312e-08, 0.840718686580658, -0.4892843961715698, -0.23193298280239105, 0.4500439763069153, 0.869592010974884, -0.20315098762512207, 0.30108562111854553, 0.06641280651092529, 0.9512816667556763),
            ["RightUpperLeg"] = CFrame.new(0.0036891698837280273, -0.05721653625369072, 0.01046728901565075, 0.9881450533866882, -0.08476430177688599, 0.12800198793411255, 0.0796482115983963, 0.9958256483078003, 0.04458070546388626, -0.13124650716781616, -0.03385710343718529, 0.990771472454071),
            ["LeftUpperLeg"] = CFrame.new(-0.01324307918548584, -0.03494448587298393, -0.08223304152488708, 0.9504293203353882, 0.14132919907569885, 0.2769659459590912, 0.07782300561666489, 0.7542666792869568, -0.6519395709037781, -0.3010443150997162, 0.6411769390106201, 0.7058786749839783),
            ["RightLowerLeg"] = CFrame.new(-4.936009645462036e-08, -5.960464477539063e-08, 4.267349140718579e-08, 1, -1.5087417182257923e-07, -7.264315371457997e-08, 1.126900315284729e-07, 0.6512302756309509, 0.7588798999786377, -7.695052772760391e-08, -0.758880078792572, 0.6512306928634644),
            ["RightFoot"] = CFrame.new(7.380731403827667e-08, 3.5762786865234375e-07, 4.639878170564771e-08, 0.8537008762359619, 0.04651215299963951, -0.5186824202537537, -0.43609941005706787, 0.6082232594490051, -0.6632356643676758, 0.28462645411491394, 0.7924021482467651, 0.5395247936248779),
