return {
    ["Midnight Moves"] = {
        {Time = 0.000, Data = {
            ["RightFoot"] = CFrame.new(1.6763806343078613e-08, 3.5762786865234375e-07, -1.6931153368204832e-08, 0.993384838104248, -0.11482781916856766, -0.0010334787657484412, 0.10784442722797394, 0.9359834790229797, -0.33511844277381897, 0.03944831341505051, 0.332790344953537, 0.9421755075454712),
            ["LeftLowerArm"] = CFrame.new(-1.4901161193847656e-07, -1.7881393432617188e-07, -6.780028343200684e-07, 1, -9.685754776000977e-08, 8.195638656616211e-08, 1.1548401346317405e-07, -0.08357889205217361, -0.9965012073516846, 8.940698137394065e-08, 0.9965012073516846, -0.08357894420623779),
            ["RightUpperArm"] = CFrame.new(-5.960464477539063e-08, 8.344650268554688e-07, 8.440110832452774e-09, 0.31503573060035706, -0.8985539674758911, 0.3055380880832672, 0.9031781554222107, 0.18493223190307617, -0.3873880207538605, 0.2915850579738617, 0.39799609780311584, 0.8698144555091858),
            ["Head"] = CFrame.new(1.8528226064518094e-08, 0, -1.6852027329150587e-08, 0.9964842200279236, -0.052285756915807724, -0.0654645562171936, 0.05680926516652107, 0.9959799647331238, 0.06925851851701736, 0.06158013641834259, -0.07273398339748383, 0.9954485297203064),
            ["RightHand"] = CFrame.new(1.7881393432617188e-07, 0, 5.960464477539063e-08, 0.9913409352302551, 0.04672243073582649, 0.12272019684314728, -0.06148707866668701, 0.9909374713897705, 0.11942476034164429, -0.11602812260389328, -0.12593655288219452, 0.9852296710014343),
            ["UpperTorso"] = CFrame.new(4.6566128730773926e-08, 7.748603820800781e-07, 1.7695128917694092e-08, 0.957279622554779, 0.27848148345947266, -0.07787097245454788, -0.2747778594493866, 0.9599325060844421, 0.055015336722135544, 0.09007160365581512, -0.03126784414052963, 0.9954443573951721),
            ["HumanoidRootPart"] = CFrame.new(0, 0, 0, 1, 0, 0, 0, 1, 0, 0, 0, 1),
            ["RightUpperLeg"] = CFrame.new(5.960464477539063e-08, 1.955777406692505e-07, 2.8107024263590574e-08, 0.9449185729026794, 0.3188747763633728, -0.07380831986665726, -0.32651376724243164, 0.9340304136276245, -0.14483241736888885, 0.022755900397896767, 0.16095392405986786, 0.9866995215415955),
            ["LeftUpperArm"] = CFrame.new(0, 5.960464477539062e-07, 1.1059455573558807e-08, 0.4645459055900574, 0.8080837726593018, -0.3622124195098877, -0.06438162922859192, 0.4387625455856323, 0.8962938189506531, 0.8832055926322937, -0.3930496573448181, 0.25585097074508667),
            ["RightLowerArm"] = CFrame.new(-5.960464477539063e-08, 1.1920928955078125e-07, 1.7881393432617188e-07, 1, -1.0430809993522416e-07, 1.8626448650138627e-07, 1.1175870895385742e-07, -0.3102569282054901, -0.9506527185440063, 1.6391277313232422e-07, 0.9506527185440063, -0.3102568984031677),
            ["LeftHand"] = CFrame.new(-5.960464477539063e-08, 2.980232238769531e-07, 1.4901161193847656e-08, 0.6211594343185425, 0.23372438549995422, -0.7480202317237854, -0.384559690952301, 0.9225769639015198, -0.031074158847332, 0.6828432083129883, 0.30696040391921997, 0.6629480719566345),
            ["LeftFoot"] = CFrame.new(-5.3085386753082275e-08, 1.1920928955078125e-07, 1.4901161193847656e-08, 0.942257821559906, -0.04804959520697594, -0.33142346143722534, -0.1568755805492401, 0.8110226392745972, -0.5635892152786255, 0.29587215185165405, 0.5830381512641907, 0.7566543221473694),
            ["LowerTorso"] = CFrame.new(-0.006188850849866867, -0.1841679811477661, -0.22552555799484253, 0.9730998873710632, -0.21328747272491455, 0.08709283918142319, 0.21785014867782593, 0.9748665690422058, -0.046652648597955704, -0.07495347410440445, 0.06437087059020996, 0.9951072931289673),
            ["RightLowerLeg"] = CFrame.new(-2.421438694000244e-08, -0.00012254714965820312, -0.00007746757910354063, 1, -6.33299421792799e-08, 1.1175865566315224e-08, 1.0710209608078003e-07, 0.8577609062194824, 0.5140484571456909, -2.2351741790771484e-08, -0.5140489935874939, 0.8577611446380615),
            ["LeftUpperLeg"] = CFrame.new(5.960464477539063e-08, 7.171183824539185e-08, 5.960464477539063e-08, 0.9567942023277283, 0.24924281239509583, -0.14974288642406464, -0.2907288074493408, 0.8118021488189697, -0.5064131617546082, -0.004658292513340712, 0.5280674695968628, 0.8491895198822021),
            ["LeftLowerLeg"] = CFrame.new(1.4901161193847656e-08, 0.00012284517288208008, 0.0000774972140789032, 1, 9.778887033462524e-08, 6.705520405603238e-08, -7.078050856534901e-08, 0.37793800234794617, 0.9258307814598083, 7.450579886381092e-08, -0.9258309602737427, 0.3779382109642029),
        }},
        {Time = 0.050, Data = {
            ["RightFoot"] = CFrame.new(-9.313225746154785e-10, 4.172325134277344e-07, 1.287116901949048e-08, 0.9944542646408081, -0.10510162264108658, 0.0037945020012557507, 0.09633166342973709, 0.8958086967468262, -0.433874249458313, 0.04220180585980415, 0.4318338632583618, 0.9009655117988586),
            ["LeftLowerArm"] = CFrame.new(1.4901161193847656e-07, 0, -7.748603820800781e-07, 1, -1.4901161193847656e-07, 1.1175872316471214e-07, 5.960463766996327e-08, -0.23431813716888428, -0.9721600413322449, 8.195637946073475e-08, 0.9721600413322449, -0.23431816697120667),
            ["RightUpperArm"] = CFrame.new(0, 0.0000010728836059570312, -3.725290298461914e-09, 0.24271787703037262, -0.8836134076118469, 0.4003942012786865, 0.9628608226776123, 0.16911271214485168, -0.2104756236076355, 0.11826739460229874, 0.4366101920604706, 0.891843318939209),
            ["Head"] = CFrame.new(-6.984919309616089e-09, 4.76837158203125e-07, -3.189779818058014e-08, 0.9957472681999207, -0.007830732502043247, -0.0917944461107254, 0.01663861982524395, 0.9952824115753174, 0.09558390825986862, 0.09061292558908463, -0.09670475870370865, 0.991179883480072),
            ["RightHand"] = CFrame.new(-1.1920928955078125e-07, 1.1920928955078125e-07, 2.9802322387695312e-08, 0.9931395053863525, 0.04005790129303932, 0.10986101627349854, -0.05958352982997894, 0.9817376136779785, 0.18066880106925964, -0.10061734169721603, -0.18597514927387238, 0.9773890972137451),
            ["UpperTorso"] = CFrame.new(-3.119930624961853e-08, 4.76837158203125e-07, 1.2922100722789764e-08, 0.9932038187980652, 0.10900154709815979, -0.04080310836434364, -0.10689325630664825, 0.9929764270782471, 0.050710972398519516, 0.04604410007596016, -0.046004749834537506, 0.9978795647621155),
            ["HumanoidRootPart"] = CFrame.new(0, 0, 0, 1, 0, 0, 0, 1, 0, 0, 0, 1),
            ["RightUpperLeg"] = CFrame.new(5.960464477539063e-08, 1.1548399925231934e-07, 2.0656443666666746e-08, 0.9811750054359436, 0.1923147439956665, -0.017623191699385643, -0.19064179062843323, 0.9499660134315491, -0.24742738902568817, -0.03084249421954155, 0.24612939357757568, 0.9687461853027344),
            ["LeftUpperArm"] = CFrame.new(-1.1920928955078125e-07, 8.344650268554688e-07, 3.725290298461914e-09, 0.6629886031150818, 0.7251943945884705, -0.18584677577018738, -0.13513778150081635, 0.36010321974754333, 0.9230728149414062, 0.7363313436508179, -0.5868719816207886, 0.3367457091808319),
            ["RightLowerArm"] = CFrame.new(-3.5762786865234375e-07, 1.1920928955078125e-07, -2.9802322387695312e-08, 1, -1.4901157641133977e-08, 1.3411046495548362e-07, 1.6391277313232422e-07, -0.30559417605400085, -0.952161967754364, 1.043081283569336e-07, 0.9521618485450745, -0.30559420585632324),
            ["LeftHand"] = CFrame.new(5.960464477539063e-08, 2.384185791015625e-07, 1.1920928955078125e-07, 0.4698973298072815, 0.19613990187644958, -0.8606542944908142, -0.3520813286304474, 0.935733437538147, 0.021021902561187744, 0.8094660639762878, 0.2931421101093292, 0.5087556838989258),
            ["LeftFoot"] = CFrame.new(7.497146725654602e-08, 1.1920928955078125e-07, 9.313225746154785e-09, 0.9624423384666443, -0.01698770374059677, -0.2709542512893677, -0.1361703723669052, 0.8332135081291199, -0.5359228253364563, 0.23486676812171936, 0.552690327167511, 0.799606442451477),
            ["LowerTorso"] = CFrame.new(-0.03939701244235039, -0.1799408197402954, -0.24553340673446655, 0.9962190389633179, -0.08300958573818207, 0.02563319355249405, 0.08476178348064423, 0.993405282497406, -0.07721006125211716, -0.019054973497986794, 0.07909083366394043, 0.9966853857040405),
            ["RightLowerLeg"] = CFrame.new(4.842877388000488e-08, -0.00012242794036865234, -0.00007742660091025755, 1, -9.313224325069314e-08, -2.2351745343485163e-08, 1.0803343286625022e-07, 0.7170184850692749, 0.6970539689064026, -4.0978196835794733e-08, -0.6970542669296265, 0.7170186042785645),
            ["LeftUpperLeg"] = CFrame.new(2.9802322387695312e-08, -2.9616057872772217e-07, 3.818422555923462e-08, 0.9919391870498657, 0.11513436585664749, -0.05292236804962158, -0.12667924165725708, 0.9109559059143066, -0.39257103204727173, 0.0030115691479295492, 0.39611053466796875, 0.9181978702545166),
            ["LeftLowerLeg"] = CFrame.new(1.4156103134155273e-07, 0.0001227259635925293, 0.00007747230120003223, 1, 6.239861249923706e-08, 4.097817196679898e-08, -7.916241884231567e-08, 0.5151823163032532, 0.857080340385437, 4.1443854570388794e-08, -0.8570806980133057, 0.5151827931404114),
        }},
        {Time = 0.100, Data = {
            ["RightFoot"] = CFrame.new(-4.353933036327362e-08, 4.76837158203125e-07, 3.359309630468488e-08, 0.99312424659729, -0.0635341927409172, 0.09832439571619034, 0.10513068735599518, 0.8535112738609314, -0.5103586316108704, -0.05149566009640694, 0.5171866416931152, 0.8543221950531006),
            ["LeftLowerArm"] = CFrame.new(2.682209014892578e-07, -3.5762786865234375e-07, 3.3760443329811096e-08, 1, -1.341104365337742e-07, 1.4901162614933128e-07, 1.1175870895385742e-07, -0.3698136508464813, -0.9291060566902161, 2.4586915969848633e-07, 0.9291059970855713, -0.36981359124183655),
            ["RightUpperArm"] = CFrame.new(-5.960464477539063e-08, 8.344650268554688e-07, 7.450580596923828e-09, 0.17397882044315338, -0.861967921257019, 0.4761754274368286, 0.9844935536384583, 0.1632710099220276, -0.06414951384067535, -0.02245091088116169, 0.4799519181251526, 0.8770073652267456),
            ["Head"] = CFrame.new(2.3283064365386963e-09, 3.5762786865234375e-07, -2.6542693376541138e-08, 0.997094452381134, 0.03262408450245857, -0.06883615255355835, -0.023989832028746605, 0.9921508431434631, 0.12272454053163528, 0.07229962944984436, -0.12071656435728073, 0.990050733089447),
            ["RightHand"] = CFrame.new(-3.91155481338501e-07, 1.1920928955078125e-07, 2.9802322387695312e-08, 0.9941160082817078, 0.045456692576408386, 0.09832093119621277, -0.07037550210952759, 0.9610580801963806, 0.26723533868789673, -0.08234462887048721, -0.2725822627544403, 0.9586023688316345),
            ["UpperTorso"] = CFrame.new(-2.60770320892334e-08, 8.046627044677734e-07, 7.916241884231567e-08, 0.9940800666809082, -0.10721992701292038, 0.017571303993463516, 0.10644818842411041, 0.993506908416748, 0.040161002427339554, -0.021763266995549202, -0.03805283084511757, 0.9990386962890625),
            ["HumanoidRootPart"] = CFrame.new(0, 0, 0, 1, 0, 0, 0, 1, 0, 0, 0, 1),
            ["RightUpperLeg"] = CFrame.new(1.1920928955078125e-07, 2.9802322387695312e-08, 1.1565134627744555e-07, 0.998863935470581, -0.011633905582129955, 0.046211060136556625, 0.026622045785188675, 0.9405324459075928, -0.3386593759059906, -0.03952307626605034, 0.3395046591758728, 0.939773678779602),
            ["LeftUpperArm"] = CFrame.new(0, 9.5367431640625e-07, -2.60770320892334e-08, 0.7940604090690613, 0.6076054573059082, -0.016853315755724907, -0.23315618932247162, 0.3300760090351105, 0.9147066473960876, 0.5613433718681335, -0.7224026918411255, 0.403766930103302),
            ["RightLowerArm"] = CFrame.new(5.364418029785156e-07, 0, 7.450580596923828e-09, 1, -5.2154071283894154e-08, 1.2479723920932884e-07, 8.195639367158947e-08, -0.29344019293785095, -0.9559774994850159, 1.3783575525394554e-07, 0.9559774398803711, -0.29344022274017334),
            ["LeftHand"] = CFrame.new(2.384185791015625e-07, -1.1920928955078125e-07, 1.6391277313232422e-07, 0.28906551003456116, 0.1244259774684906, -0.949188768863678, -0.2605512738227844, 0.9643123149871826, 0.04706030339002609, 0.9211700558662415, 0.23370905220508575, 0.31116873025894165),
            ["LeftFoot"] = CFrame.new(-5.3085386753082275e-08, -5.960464477539063e-08, -3.725290298461914e-09, 0.9745140671730042, 0.012492104433476925, -0.22397883236408234, -0.11402519047260284, 0.8874291181564331, -0.44661909341812134, 0.19318580627441406, 0.4607749879360199, 0.8662360310554504),
            ["LowerTorso"] = CFrame.new(-0.09401299804449081, -0.16308891773223877, -0.2635720670223236, 0.9934605956077576, 0.0865895226597786, -0.07442015409469604, -0.09361574798822403, 0.9908931255340576, -0.09678288549184799, 0.06536203622817993, 0.10311686992645264, 0.9925194382667542),
            ["RightLowerLeg"] = CFrame.new(0, -0.0001220703125, -0.00007737258420092985, 1, -1.294538236606968e-07, -6.33299421792799e-08, 1.0430811414607888e-07, 0.5543229579925537, 0.8323013186454773, -6.891786341611805e-08, -0.8323016166687012, 0.5543236136436462),
            ["LeftUpperLeg"] = CFrame.new(-2.980232238769531e-07, -8.568167686462402e-08, 5.960464477539063e-08, 0.9952622652053833, -0.07507768273353577, 0.06177733093500137, 0.08572443574666977, 0.977401852607727, -0.1932276487350464, -0.04587422311306, 0.1976078450679779, 0.9792071580886841),
            ["LeftLowerLeg"] = CFrame.new(7.171183824539185e-08, 0.0001227855682373047, 0.00007740035653114319, 1, 6.239863381551913e-08, 1.6996622775877768e-08, -5.91389976989376e-08, 0.7373582720756531, 0.6755012273788452, 2.2351747119842003e-08, -0.675501823425293, 0.7373589873313904),
        }},
        {Time = 0.150, Data = {
            ["RightFoot"] = CFrame.new(-3.771856427192688e-08, 1.7881393432617188e-07, 2.4047039914876223e-08, 0.9813997149467468, -0.025249138474464417, 0.19030819833278656, 0.12680016458034515, 0.8295580148696899, -0.5438335537910461, -0.1441403031349182, 0.5578495264053345, 0.8173297643661499),
            ["LeftLowerArm"] = CFrame.new(0, -5.960464477539063e-08, 8.475035429000854e-08, 1, -4.470347292340193e-08, 2.2351738948600541e-07, 1.043081283569336e-07, -0.41078776121139526, -0.9117311239242554, 8.684583008289337e-08, 0.9117310047149658, -0.410787433385849),
            ["RightUpperArm"] = CFrame.new(1.1920928955078125e-07, 3.5762786865234375e-07, 9.313225746154785e-09, 0.09075863659381866, -0.8364691734313965, 0.5404466390609741, 0.9926133751869202, 0.11985351890325546, 0.018809398636221886, -0.08050794154405594, 0.5347471833229065, 0.8411679863929749),
            ["Head"] = CFrame.new(6.05359673500061e-09, 2.384185791015625e-07, -2.9802322387695312e-08, 0.9993740916252136, 0.030801039189100266, -0.017399713397026062, -0.02789779007434845, 0.9886330366134644, 0.14773766696453094, 0.021752452477812767, -0.14715974032878876, 0.9888735413551331),
            ["RightHand"] = CFrame.new(-4.773028194904327e-07, 0, 7.450580596923828e-08, 0.9971405267715454, 0.05167683586478233, 0.055140525102615356, -0.06764815002679825, 0.9356139302253723, 0.34648290276527405, -0.033685073256492615, -0.3492223918437958, 0.936434268951416),
            ["UpperTorso"] = CFrame.new(4.842877388000488e-08, 7.748603820800781e-07, -3.166496753692627e-08, 0.9762985706329346, -0.21070744097232819, 0.0494317002594471, 0.20982137322425842, 0.9774799942970276, 0.022535642609000206, -0.0530669167637825, -0.011629669927060604, 0.9985232353210449),
            ["HumanoidRootPart"] = CFrame.new(0, 0, 0, 1, 0, 0, 0, 1, 0, 0, 0, 1),
            ["RightUpperLeg"] = CFrame.new(1.1920928955078125e-07, 5.867332220077515e-07, -2.032174961641431e-08, 0.9854644536972046, -0.1515367478132248, 0.07678914815187454, 0.16970112919807434, 0.8989675045013428, -0.403805673122406, -0.007839576341211796, 0.4109671413898468, 0.9116164445877075),
            ["LeftUpperArm"] = CFrame.new(-3.5762786865234375e-07, 1.1920928955078125e-07, 6.705522537231445e-08, 0.8294900059700012, 0.5558347702026367, 0.054720763117074966, -0.2861701548099518, 0.33882471919059753, 0.8962726593017578, 0.47963854670524597, -0.7591084241867065, 0.4401147663593292),
            ["RightLowerArm"] = CFrame.new(4.76837158203125e-07, -2.384185791015625e-07, 4.470348358154297e-08, 1, -9.266657485795804e-08, 1.0849904441556646e-07, 9.406356582530861e-08, -0.25858816504478455, -0.9659876823425293, 1.1688096890338784e-07, 0.9659876823425293, -0.2585880756378174),
            ["LeftHand"] = CFrame.new(1.1920928955078125e-07, 1.7881393432617188e-07, -1.9371509552001953e-07, 0.21306313574314117, 0.07910055667161942, -0.9738312363624573, -0.21140415966510773, 0.9768384099006653, 0.03309187293052673, 0.9538933634757996, 0.19882145524024963, 0.22485032677650452),
            ["LeftFoot"] = CFrame.new(8.847564458847046e-09, -5.960464477539063e-08, 5.587935447692871e-09, 0.9863826036453247, 0.03766724094748497, -0.16009558737277985, -0.09595336019992828, 0.922382652759552, -0.3741704523563385, 0.13357535004615784, 0.3844364583492279, 0.9134363532066345),
            ["LowerTorso"] = CFrame.new(-0.13503879308700562, -0.16076433658599854, -0.26821327209472656, 0.9745897054672241, 0.18159376084804535, -0.13114330172538757, -0.1946815699338913, 0.9762601256370544, -0.09494898468255997, 0.11078782379627228, 0.11806748807430267, 0.9868060946464539),
            ["RightLowerLeg"] = CFrame.new(-1.30385160446167e-08, -0.00012242794036865234, -0.00007730552897555754, 1, -1.6763804921993142e-07, -1.0803344707710494e-07, 1.1548401346317405e-07, 0.4509068429470062, 0.8925709128379822, -1.4435501327625389e-07, -0.8925710916519165, 0.4509071409702301),
            ["LeftUpperLeg"] = CFrame.new(5.960464477539063e-08, 2.2351741790771484e-07, -1.2665987014770508e-07, 0.9763230085372925, -0.21110934019088745, 0.0471842959523201, 0.21418030560016632, 0.9739879965782166, -0.07398813217878342, -0.030337432399392128, 0.08234232664108276, 0.9961422681808472),
            ["LeftLowerLeg"] = CFrame.new(2.9802322387695312e-08, 0.0001227855682373047, 0.00007735937833786011, 1, 1.862645504502325e-08, 2.328304660181857e-09, -4.470348358154297e-08, 0.8582412600517273, 0.5132460594177246, 7.450580596923828e-09, -0.5132465958595276, 0.8582415580749512),
        }},
        {Time = 0.200, Data = {
            ["RightFoot"] = CFrame.new(-6.612390279769897e-08, 2.384185791015625e-07, -5.2321411203593016e-08, 0.9816954731941223, -0.023678548634052277, 0.1889803111553192, 0.12435586750507355, 0.8312299847602844, -0.5418409705162048, -0.14425607025623322, 0.5554242730140686, 0.8189595937728882),
            ["LeftLowerArm"] = CFrame.new(-1.7881393432617188e-07, -1.1920928955078125e-07, 2.1606683731079102e-07, 1, -4.470347292340193e-08, 1.0430811414607888e-07, 5.215404996761208e-08, -0.2884303331375122, -0.9575009346008301, 1.1175868053214799e-07, 0.9575008749961853, -0.28843027353286743),
            ["RightUpperArm"] = CFrame.new(-5.960464477539063e-08, 5.960464477539062e-07, 4.6566128730773926e-08, 0.08272505551576614, -0.8341412544250488, 0.5453117489814758, 0.9912495017051697, 0.12535139918327332, 0.041370101273059845, -0.1028640866279602, 0.5371177196502686, 0.8372118473052979),
            ["Head"] = CFrame.new(-7.450580596923828e-09, 2.384185791015625e-07, -1.862645149230957e-09, 0.9996927380561829, 0.023597752675414085, 0.007598642259836197, -0.024579588323831558, 0.9834035038948059, 0.17975972592830658, -0.003230577101930976, -0.17989124357700348, 0.9836812615394592),
            ["RightHand"] = CFrame.new(-9.825453162193298e-08, 0, 1.1920928955078125e-07, 0.9957359433174133, 0.09186970442533493, -0.008367152884602547, -0.07969608157873154, 0.9023666977882385, 0.4235363304615021, 0.0464603528380394, -0.42106348276138306, 0.9058405160903931),
            ["UpperTorso"] = CFrame.new(3.166496753692627e-08, 8.344650268554688e-07, 7.543712854385376e-08, 0.9843467473983765, -0.17236606776714325, 0.03676274046301842, 0.17154991626739502, 0.9848750233650208, 0.02432955987751484, -0.040400292724370956, -0.01764209382236004, 0.9990278482437134),
            ["HumanoidRootPart"] = CFrame.new(0, 0, 0, 1, 0, 0, 0, 1, 0, 0, 0, 1),
            ["RightUpperLeg"] = CFrame.new(3.5762786865234375e-07, 2.4400651454925537e-07, 8.026108844205737e-08, 0.9901129603385925, -0.13618355989456177, 0.03362232446670532, 0.13843956589698792, 0.9100657105445862, -0.3906598389148712, 0.022602934390306473, 0.3914519250392914, 0.9199208617210388),
            ["LeftUpperArm"] = CFrame.new(1.7881393432617188e-07, 3.5762786865234375e-07, 8.940696716308594e-08, 0.5580160617828369, 0.8224208354949951, -0.11064308136701584, -0.18251146376132965, 0.251700758934021, 0.9504400491714478, 0.8095107674598694, -0.5101672410964966, 0.2905545234680176),
            ["RightLowerArm"] = CFrame.new(-2.9802322387695312e-08, -1.1920928955078125e-07, -1.4901161193847656e-08, 1, -9.918583288026639e-08, 1.4062969455608254e-07, 6.612388858684426e-08, -0.2262873649597168, -0.9740606546401978, 9.685752644372769e-08, 0.9740606546401978, -0.22628717124462128),
            ["LeftHand"] = CFrame.new(0, -2.384185791015625e-07, -5.960464477539063e-08, 0.3782253563404083, 0.382802277803421, -0.8428569436073303, -0.2768304646015167, 0.9156012535095215, 0.29161518812179565, 0.8833518028259277, 0.12303222715854645, 0.45227521657943726),
            ["LeftFoot"] = CFrame.new(-7.916241884231567e-08, 0, 1.4901161193847656e-08, 0.9839884042739868, 0.04338474199175835, -0.17287173867225647, -0.11240101605653763, 0.9037822484970093, -0.41297009587287903, 0.1383216232061386, 0.4257882237434387, 0.894187331199646),
            ["LowerTorso"] = CFrame.new(-0.144207164645195, -0.17397987842559814, -0.2579086720943451, 0.9837859272956848, 0.14793077111244202, -0.10139904916286469, -0.1587972790002823, 0.9812639951705933, -0.10910741239786148, 0.08335888385772705, 0.123440220952034, 0.9888447523117065),
            ["RightLowerLeg"] = CFrame.new(-5.774199962615967e-08, -0.0001226663589477539, -0.00007739866123301908, 1, -1.2479718236590998e-07, -5.681069836782626e-08, 1.303851746570217e-07, 0.46032997965812683, 0.8877478241920471, -5.494803900774059e-08, -0.8877478837966919, 0.46033021807670593),
            ["LeftUpperLeg"] = CFrame.new(1.4901161193847656e-07, -1.825392246246338e-07, 5.960464477539063e-08, 0.9825130105018616, -0.18226337432861328, 0.03805540129542351, 0.1859159767627716, 0.9715011119842529, -0.1470404416322708, -0.010170754045248032, 0.15154436230659485, 0.9883981943130493),
            ["LeftLowerLeg"] = CFrame.new(-5.029141902923584e-08, 0.0001226663589477539, 0.00007737427949905396, 1, 4.842878453814592e-08, -9.313221305262687e-10, -6.891786341611805e-08, 0.7821895480155945, 0.6230402588844299, 1.955777229056821e-08, -0.6230405569076538, 0.7821897268295288),
        }},
        {Time = 0.250, Data = {
            ["RightFoot"] = CFrame.new(-2.1420419216156006e-08, 2.980232238769531e-07, -4.906178219243884e-08, 0.9923216104507446, -0.049573592841625214, 0.11331486701965332, 0.10063458234071732, 0.8562372922897339, -0.5066854357719421, -0.07190614938735962, 0.5141986012458801, 0.8546518087387085),
            ["LeftLowerArm"] = CFrame.new(5.960464477539063e-08, -5.960464477539063e-08, -5.21540641784668e-08, 1, -1.639127589214695e-07, 1.7881390590446244e-07, 8.940698137394065e-08, -0.3570564091205597, -0.9340828657150269, 1.788139627478813e-07, 0.9340828657150269, -0.35705626010894775),
            ["RightUpperArm"] = CFrame.new(1.1920928955078125e-07, -4.76837158203125e-07, -5.587935447692871e-09, 0.20091187953948975, -0.8497387766838074, 0.4874207079410553, 0.9793351292610168, 0.18599851429462433, -0.07941775768995285, -0.023175176233053207, 0.4933038055896759, 0.8695482015609741),
            ["Head"] = CFrame.new(-8.381903171539307e-09, -3.5762786865234375e-07, -3.166496753692627e-08, 0.9999741315841675, -0.0032065478153526783, 0.006450503133237362, 0.0019109774148091674, 0.9814633131027222, 0.19164085388183594, -0.006945430301129818, -0.19162356853485107, 0.9814439415931702),
            ["RightHand"] = CFrame.new(-2.60770320892334e-08, 0, -5.960464477539063e-08, 0.984821617603302, 0.16900336742401123, -0.0395515151321888, -0.12957553565502167, 0.8674732446670532, 0.48031291365623474, 0.11548429727554321, -0.46789759397506714, 0.8762050867080688),
            ["UpperTorso"] = CFrame.new(-4.190951585769653e-09, 6.556510925292969e-07, 9.103678166866302e-08, 0.9998694062232971, -0.016157405450940132, -0.0004708747728727758, 0.01615728810429573, 0.9981582164764404, 0.058473896235227585, -0.0004747788771055639, -0.058473851531744, 0.9982888698577881),
            ["HumanoidRootPart"] = CFrame.new(0, 0, 0, 1, 0, 0, 0, 1, 0, 0, 0, 1),
            ["RightUpperLeg"] = CFrame.new(0, 6.472691893577576e-08, 8.77116690389812e-08, 0.9993721842765808, 0.017195919528603554, -0.030977550894021988, -0.025658797472715378, 0.954189658164978, -0.29810014367103577, 0.024432368576526642, 0.29870787262916565, 0.9540318250656128),
            ["LeftUpperArm"] = CFrame.new(0, -2.384185791015625e-07, -4.284083843231201e-08, 0.5476797223091125, 0.8280243873596191, -0.12009565532207489, -0.18299783766269684, 0.2586079239845276, 0.9484903216362, 0.8164305090904236, -0.49749138951301575, 0.2931607663631439),
            ["RightLowerArm"] = CFrame.new(0.0000010728836059570312, 1.1920928955078125e-07, -7.450580596923828e-08, 1, -8.940696716308594e-08, 7.078050856534901e-08, 6.70552182668871e-08, -0.23193439841270447, -0.9727314114570618, 9.313224325069314e-08, 0.9727314710617065, -0.23193439841270447),
            ["LeftHand"] = CFrame.new(-5.960464477539063e-08, 5.960464477539063e-08, 5.960464477539063e-08, 0.4832267165184021, 0.2494380623102188, -0.8392096757888794, -0.11752405762672424, 0.9683597683906555, 0.22015325725078583, 0.8675713539123535, -0.007756547071039677, 0.49725204706192017),
            ["LeftFoot"] = CFrame.new(-6.356276571750641e-08, 0, -3.329478204250336e-08, 0.9601067900657654, 0.015273402445018291, -0.2792161703109741, -0.15780037641525269, 0.8539227843284607, -0.4958982765674591, 0.23085501790046692, 0.5201756954193115, 0.8222671151161194),
            ["LowerTorso"] = CFrame.new(-0.11813940107822418, -0.19471728801727295, -0.2430814504623413, 0.9995136260986328, 0.016634991392493248, -0.02637745626270771, -0.020130429416894913, 0.990180492401123, -0.13833767175674438, 0.023817196488380432, 0.13880136609077454, 0.9900338649749756),
            ["RightLowerLeg"] = CFrame.new(-7.078051567077637e-08, -0.00012236833572387695, -0.00007740052387816831, 1, -1.043081283569336e-07, -8.288773045705966e-08, 1.0803340444454079e-07, 0.5617499947547913, 0.8273070454597473, -9.685753354915505e-08, -0.8273071050643921, 0.561750054359436),
            ["LeftUpperLeg"] = CFrame.new(2.9802322387695312e-08, -7.729977369308472e-08, 1.1548399925231934e-07, 0.9990904927253723, -0.009289292618632317, 0.041616134345531464, 0.020819352939724922, 0.9580112099647522, -0.2859739661216736, -0.03721226379275322, 0.2865804433822632, 0.9573333859443665),
            ["LeftLowerLeg"] = CFrame.new(1.4901161193847656e-08, 0.00012260675430297852, 0.00007752329111099243, 1, 7.916241173688832e-08, 3.026798012228937e-08, -6.397022644932804e-08, 0.5830507874488831, 0.8124358654022217, 4.330650327233343e-08, -0.8124357461929321, 0.5830504894256592),
        }},
        {Time = 0.300, Data = {
            ["RightFoot"] = CFrame.new(-4.656612873077393e-10, 2.980232238769531e-07, 1.287116901949048e-08, 0.9970409870147705, -0.07671809196472168, 0.004853326361626387, 0.07107540220022202, 0.89597088098526, -0.43838873505592346, 0.029284078627824783, 0.43743646144866943, 0.8987724184989929),
            ["LeftLowerArm"] = CFrame.new(-1.7881393432617188e-07, -1.1920928955078125e-07, -4.284083843231201e-07, 1, -4.470347647611561e-08, 1.1920931797249068e-07, 1.4901159417490817e-08, -0.32311883568763733, -0.9463585019111633, 1.4901159772762185e-07, 0.9463583827018738, -0.32311874628067017),
            ["RightUpperArm"] = CFrame.new(-5.960464477539063e-08, 5.960464477539062e-07, 1.30385160446167e-08, 0.30713608860969543, -0.8611488342285156, 0.4050805866718292, 0.9392802715301514, 0.20585699379444122, -0.2745461165904999, 0.15303631126880646, 0.4648071229457855, 0.8720861077308655),
            ["Head"] = CFrame.new(1.0652001947164536e-08, 0, -4.668254405260086e-08, 0.997137188911438, -0.07399654388427734, -0.015552211552858353, 0.07556883990764618, 0.9822905659675598, 0.17144891619682312, 0.002590159187093377, -0.17213332653045654, 0.9850702881813049),
            ["RightHand"] = CFrame.new(-1.043081283569336e-07, 0, -5.960464477539063e-08, 0.9772809743881226, 0.2119324803352356, -0.002582598477602005, -0.1804046630859375, 0.838170051574707, 0.5147088766098022, 0.11124824732542038, -0.5025492906570435, 0.8573611378669739),
            ["UpperTorso"] = CFrame.new(2.0489096641540527e-08, 9.5367431640625e-07, 9.96515154838562e-08, 0.9755550026893616, 0.2123292088508606, -0.05664573982357979, -0.20730948448181152, 0.9747207164764404, 0.08332134038209915, 0.07290530204772949, -0.06954137235879898, 0.9949114918708801),
            ["HumanoidRootPart"] = CFrame.new(0, 0, 0, 1, 0, 0, 0, 1, 0, 0, 0, 1),
            ["RightUpperLeg"] = CFrame.new(1.1920928955078125e-07, 6.258487701416016e-07, 1.0633812053129077e-07, 0.9712193608283997, 0.22873035073280334, -0.06644796580076218, -0.23727114498615265, 0.953515350818634, -0.18577167391777039, 0.020867545157670975, 0.19619135558605194, 0.9803435802459717),
            ["LeftUpperArm"] = CFrame.new(-1.1920928955078125e-07, 4.76837158203125e-07, 2.6542693376541138e-08, 0.5873830318450928, 0.7820724844932556, -0.20819184184074402, -0.133672297000885, 0.3474653959274292, 0.9281162023544312, 0.7981935739517212, -0.5173301696777344, 0.3086364269256592),
            ["RightLowerArm"] = CFrame.new(2.384185791015625e-07, -2.384185791015625e-07, -1.4901161193847656e-07, 1, -5.960465188081798e-08, 5.960465188081798e-08, 2.2351738238057806e-08, -0.2430061548948288, -0.970024824142456, 8.940695295223122e-08, 0.970024824142456, -0.24300605058670044),
            ["LeftHand"] = CFrame.new(1.1920928955078125e-07, -2.384185791015625e-07, 1.4901161193847656e-07, 0.5480057001113892, 0.08696068078279495, -0.8319420218467712, -0.12373868376016617, 0.9920666813850403, 0.022190773859620094, 0.8272718191146851, 0.0907830074429512, 0.5544187426567078),
            ["LeftFoot"] = CFrame.new(5.122274160385132e-08, -1.1920928955078125e-07, -2.0489096641540527e-08, 0.9262607097625732, -0.019798431545495987, -0.37636345624923706, -0.2090991884469986, 0.8038316965103149, -0.5568957328796387, 0.31355810165405273, 0.5945274233818054, 0.7404172420501709),
            ["LowerTorso"] = CFrame.new(-0.07801838964223862, -0.21771299839019775, -0.2287985384464264, 0.9849737882614136, -0.15524572134017944, 0.07566694915294647, 0.16439704596996307, 0.9770634174346924, -0.13535448908805847, -0.052918195724487305, 0.14576002955436707, 0.9879037737846375),
            ["RightLowerLeg"] = CFrame.new(-4.0978193283081055e-08, -0.00012236833572387695, -0.0000773632709751837, 1, -1.1548401346317405e-07, -6.705522537231445e-08, 9.313227877782992e-08, 0.7115046381950378, 0.702680766582489, -4.284084909045305e-08, -0.7026813626289368, 0.7115052342414856),
            ["LeftUpperLeg"] = CFrame.new(2.9802322387695312e-08, 2.775341272354126e-07, 1.4156103134155273e-07, 0.9791827201843262, 0.19226974248886108, -0.06506596505641937, -0.20085358619689941, 0.8715035915374756, -0.44736945629119873, -0.029310399666428566, 0.45112505555152893, 0.8919792771339417),
            ["LeftLowerLeg"] = CFrame.new(4.842877388000488e-08, 0.00012290477752685547, 0.00007732585072517395, 1, 1.0244546899684792e-07, 7.078048724906694e-08, -8.754431490842762e-08, 0.3523496091365814, 0.9358682632446289, 6.70552182668871e-08, -0.9358684420585632, 0.352350115776062),
        }},
        {Time = 0.350, Data = {
            ["RightFoot"] = CFrame.new(1.5832483768463135e-08, 2.384185791015625e-07, 2.7772330213338137e-08, 0.9949187636375427, -0.0847667008638382, -0.054325975477695465, 0.05530977249145508, 0.911038875579834, -0.4085940420627594, 0.08412826806306839, 0.40351322293281555, 0.9110981225967407),
            ["LeftLowerArm"] = CFrame.new(-2.9802322387695312e-08, 1.1920928955078125e-07, -3.166496753692627e-07, 1, -1.4901162970204496e-08, 1.4901159417490817e-08, 1.0803343286625022e-07, -0.26811161637306213, -0.9633879661560059, 6.705523247774181e-08, 0.9633879661560059, -0.2681114375591278),
            ["RightUpperArm"] = CFrame.new(0, 3.5762786865234375e-07, -5.960464477539063e-08, 0.332984060049057, -0.8611220717430115, 0.3841750919818878, 0.9160648584365845, 0.19886349141597748, -0.3482508063316345, 0.2234880030155182, 0.4678911566734314, 0.8550618886947632),
            ["Head"] = CFrame.new(2.2584572434425354e-08, 1.1920928955078125e-07, -4.016328603029251e-08, 0.9954720735549927, -0.09032332897186279, -0.029616162180900574, 0.0939103290438652, 0.9827352166175842, 0.1594124287366867, 0.01470617763698101, -0.161471888422966, 0.9867677092552185),
            ["RightHand"] = CFrame.new(2.8312206268310547e-07, -1.1920928955078125e-07, -5.960464477539063e-08, 0.980372965335846, 0.18742889165878296, 0.061151713132858276, -0.19186508655548096, 0.8356733918190002, 0.5146238207817078, 0.045352574437856674, -0.5162560939788818, 0.8552326560020447),
            ["UpperTorso"] = CFrame.new(-2.9802322387695312e-08, 8.344650268554688e-07, 6.51925802230835e-08, 0.9495535492897034, 0.29780375957489014, -0.0982908084988594, -0.2916147708892822, 0.9537777304649353, 0.0725877583026886, 0.1153644472360611, -0.04026292264461517, 0.9925069808959961),
            ["HumanoidRootPart"] = CFrame.new(0, 0, 0, 1, 0, 0, 0, 1, 0, 0, 0, 1),
            ["RightUpperLeg"] = CFrame.new(0, -8.940696716308594e-08, 5.790934665128589e-08, 0.9468870162963867, 0.3122502863407135, -0.07684178650379181, -0.32075080275535583, 0.9341325759887695, -0.1565741002559662, 0.022890161722898483, 0.17290493845939636, 0.9846725463867188),
            ["LeftUpperArm"] = CFrame.new(2.980232238769531e-07, 3.5762786865234375e-07, -2.2351741790771484e-08, 0.5562973618507385, 0.7848035097122192, -0.2731606662273407, -0.08752528578042984, 0.3822284936904907, 0.9199134111404419, 0.8263610601425171, -0.4878368675708771, 0.28132277727127075),
            ["RightLowerArm"] = CFrame.new(5.960464477539063e-08, -1.7881393432617188e-07, 3.2782554626464844e-07, 1, -7.450579175838357e-08, 7.450579175838357e-08, 5.960463766996327e-08, -0.19995291531085968, -0.9798054695129395, 1.7881390590446244e-07, 0.9798055291175842, -0.19995294511318207),
            ["LeftHand"] = CFrame.new(1.7881393432617188e-07, 0, 1.043081283569336e-07, 0.6162057518959045, 0.09756666421890259, -0.7815188765525818, -0.23429840803146362, 0.9700800776481628, -0.06363068521022797, 0.7519274353981018, 0.22231817245483398, 0.6206283569335938),
            ["LeftFoot"] = CFrame.new(-2.514570951461792e-08, 5.960464477539063e-08, 8.195638656616211e-08, 0.9176797270774841, -0.02961697429418564, -0.3962158262729645, -0.21993014216423035, 0.7926461696624756, -0.5686329007148743, 0.33090001344680786, 0.6089622378349304, 0.7208811044692993),
            ["LowerTorso"] = CFrame.new(-0.0613333061337471, -0.22951972484588623, -0.22138282656669617, 0.9638068079948425, -0.2270316630601883, 0.1397613137960434, 0.24203400313854218, 0.9649302959442139, -0.10163256525993347, -0.11178610473871231, 0.13178111612796783, 0.9849557280540466),
            ["RightLowerLeg"] = CFrame.new(-1.1548399925231934e-07, -0.00012224912643432617, -0.00007745454058749601, 1, -1.136213683139431e-07, -4.842877388000488e-08, 9.685756197086448e-08, 0.7752971053123474, 0.6315962672233582, -1.862645326866641e-08, -0.6315967440605164, 0.7752975821495056),
            ["LeftUpperLeg"] = CFrame.new(-5.960464477539063e-08, 3.3527612686157227e-07, 1.1175870895385742e-07, 0.9572118520736694, 0.2339918613433838, -0.17027442157268524, -0.2890939712524414, 0.799721896648407, -0.5261844992637634, 0.01304925698786974, 0.5528948903083801, 0.8331486582756042),
            ["LeftLowerLeg"] = CFrame.new(8.940696716308594e-08, 0.00012302398681640625, 0.00007737427949905396, 1, 8.195636524988004e-08, 8.381898197740156e-08, -4.8428763221863846e-08, 0.25798410177230835, 0.9661491513252258, 9.872017159295865e-08, -0.9661492109298706, 0.2579840421676636),
        }},
        {Time = 0.400, Data = {
            ["RightFoot"] = CFrame.new(4.6566128730773926e-09, 2.980232238769531e-07, -1.3205863069742918e-08, 0.9968769550323486, -0.07848793268203735, 0.008719372563064098, 0.07346579432487488, 0.8812126517295837, -0.46697619557380676, 0.028968432918190956, 0.46615883708000183, 0.8842269778251648),
            ["LeftLowerArm"] = CFrame.new(0, -2.980232238769531e-07, 1.8440186977386475e-07, 1, -8.940695295223122e-08, 8.940695295223122e-08, 2.607702853651972e-08, -0.4004957675933838, -0.9162985682487488, 2.2351738238057806e-08, 0.9162986278533936, -0.4004957973957062),
            ["RightUpperArm"] = CFrame.new(0, 1.1920928955078125e-07, -2.529122866690159e-08, 0.31248265504837036, -0.8309077024459839, 0.46037736535072327, 0.9399111866950989, 0.2002701610326767, -0.2765118181705475, 0.13755594193935394, 0.5191186666488647, 0.8435602188110352),
            ["Head"] = CFrame.new(-2.6047928258776665e-09, 3.5762786865234375e-07, -7.312337402254343e-08, 0.9986658096313477, -0.050533559173345566, 0.010633382946252823, 0.04806593433022499, 0.9848985075950623, 0.16632691025733948, -0.018877895548939705, -0.16559384763240814, 0.9860134124755859),
            ["RightHand"] = CFrame.new(2.682209014892578e-07, 1.1920928955078125e-07, 5.960464477539063e-08, 0.987644612789154, 0.13509975373744965, 0.07941260188817978, -0.15669068694114685, 0.8431903123855591, 0.5142741799354553, 0.0025181586388498545, -0.520363450050354, 0.8539412617683411),
            ["UpperTorso"] = CFrame.new(3.725290298461914e-09, 9.5367431640625e-07, -1.1175870895385742e-08, 0.9830582737922668, 0.16948473453521729, -0.0697946548461914, -0.16467764973640442, 0.9838812351226807, 0.0697062611579895, 0.0804838016629219, -0.057031698524951935, 0.995123028755188),
            ["HumanoidRootPart"] = CFrame.new(0, 0, 0, 1, 0, 0, 0, 1, 0, 0, 0, 1),
            ["RightUpperLeg"] = CFrame.new(0, 6.668269634246826e-07, -8.365168469026685e-08, 0.9759523272514343, 0.20324333012104034, -0.07879805564880371, -0.2164038121700287, 0.9468076229095459, -0.23816974461078644, 0.026200218126177788, 0.24949440360069275, 0.9680217504501343),
            ["LeftUpperArm"] = CFrame.new(1.7881393432617188e-07, 4.76837158203125e-07, -3.073364496231079e-08, 0.6265912055969238, 0.7618647217750549, -0.16415175795555115, -0.11474180221557617, 0.29851391911506653, 0.9474830031394958, 0.7708553075790405, -0.5748491287231445, 0.2744635343551636),
            ["RightLowerArm"] = CFrame.new(-1.1920928955078125e-07, -1.7881393432617188e-07, -1.1920928955078125e-07, 1, -7.450580596923828e-08, 1.1920927533992653e-07, 0, -0.15477874875068665, -0.9879492521286011, 1.49011640360186e-07, 0.9879492521286011, -0.15477874875068665),
            ["LeftHand"] = CFrame.new(-2.384185791015625e-07, 1.1920928955078125e-07, 1.7881393432617188e-07, 0.5143702626228333, 0.060432955622673035, -0.8554363250732422, -0.06396351009607315, 0.997438907623291, 0.03200358897447586, 0.855179488658905, 0.038255129009485245, 0.5169181823730469),
            ["LeftFoot"] = CFrame.new(-2.2817403078079224e-08, 5.960464477539063e-08, 3.91155481338501e-08, 0.9378516674041748, -0.011063129641115665, -0.34685978293418884, -0.1971631944179535, 0.8055324554443359, -0.5587887167930603, 0.2855887711048126, 0.592448353767395, 0.7532884478569031),
            ["LowerTorso"] = CFrame.new(-0.07762817293405533, -0.22982823848724365, -0.224437415599823, 0.9878007173538208, -0.13407200574874878, 0.0792112722992897, 0.14268341660499573, 0.9830057621002197, -0.11550424993038177, -0.062379252165555954, 0.12539730966091156, 0.9901436567306519),
