return {
    ["Miku Miku Beam"] = {
        {Time = 0.000, Data = {
            ["RightFoot"] = CFrame.new(-3.725290298461914e-08, 2.980232238769531e-07, 1.6596459317952394e-08, 0.9739149808883667, 0.16494470834732056, -0.15583059191703796, -0.1896931678056717, 0.9686842560768127, -0.16021102666854858, 0.12452377378940582, 0.18559162318706512, 0.9747047424316406),
            ["LeftLowerArm"] = CFrame.new(2.9802322387695312e-08, -1.7881393432617188e-07, -4.470348358154297e-08, 1, 7.450583439094771e-08, 1.6763800658736727e-07, 9.685753354915505e-08, 0.9761954545974731, -0.21689270436763763, 2.942979051567818e-07, 0.21689318120479584, 0.9761955142021179),
            ["RightUpperArm"] = CFrame.new(-5.960464477539063e-08, -0.06523847579956055, 9.313225746154785e-08, 0.595890462398529, -0.40591415762901306, -0.6929270029067993, -0.19583185017108917, 0.7633559703826904, -0.6155791282653809, 0.7788225412368774, 0.5025151371955872, 0.3753858208656311),
            ["Head"] = CFrame.new(0, -3.5762786865234375e-07, -1.30385160446167e-08, 0.9740892648696899, 0.06898868829011917, -0.21538478136062622, -0.0954420268535614, 0.9887778162956238, -0.11493197828531265, 0.20503883063793182, 0.1325109452009201, 0.9697422981262207),
            ["LowerTorso"] = CFrame.new(-0.09598364681005478, -0.23648524284362793, -0.10356643050909042, 0.9223698973655701, -0.1789846122264862, 0.34234222769737244, 0.15400303900241852, 0.9830926656723022, 0.09905505180358887, -0.3542836308479309, -0.03864375874400139, 0.9343392848968506),
            ["UpperTorso"] = CFrame.new(-4.0978193283081055e-08, 4.76837158203125e-07, -2.9802322387695312e-08, 0.9621624946594238, 0.2601469159126282, 0.08103595674037933, -0.25785812735557556, 0.9654463529586792, -0.037719208747148514, -0.08804820477962494, 0.015396364033222198, 0.9959972500801086),
            ["HumanoidRootPart"] = CFrame.new(0, 0, 0, 1, 0, 0, 0, 1, 0, 0, 0, 1),
            ["RightUpperLeg"] = CFrame.new(-0.000025510787963867188, -0.00012546591460704803, -0.004997486248612404, 0.9562674760818481, 0.18048982322216034, 0.23016604781150818, -0.0010607097065076232, 0.7890411019325256, -0.6143394112586975, -0.2924918234348297, 0.5872288346290588, 0.7547255158424377),
            ["LeftUpperArm"] = CFrame.new(-1.1920928955078125e-07, -0.06523823738098145, -7.078051567077637e-08, 0.08658117800951004, 0.2550124526023865, -0.9630536437034607, -0.24254006147384644, -0.9322028756141663, -0.26864853501319885, -0.9662702679634094, 0.2568395137786865, -0.018860602751374245),
            ["RightLowerArm"] = CFrame.new(1.1920928955078125e-07, -5.960464477539063e-08, -1.1920928955078125e-07, 1, -1.6391281576488836e-07, 3.2782557468635787e-07, -7.45057615603173e-09, -0.5840163230895996, -0.8117419481277466, -1.4156094607642444e-07, 0.8117419481277466, -0.5840162634849548),
            ["LeftHand"] = CFrame.new(-4.470348358154297e-08, 2.384185791015625e-07, 2.60770320892334e-08, 0.6643010377883911, 0.4805353879928589, -0.5725297331809998, -0.32580330967903137, 0.8755201101303101, 0.3568151295185089, 0.6727232336997986, -0.05050097778439522, 0.738168478012085),
            ["LeftFoot"] = CFrame.new(-9.313225746154785e-09, 5.960464477539063e-08, -2.3748725652694702e-08, 0.9931279420852661, 0.09484482556581497, -0.06856776773929596, -0.11584296077489853, 0.8800193071365356, -0.46059373021125793, 0.01665584370493889, 0.46537140011787415, 0.8849587440490723),
            ["RightHand"] = CFrame.new(1.1920928955078125e-07, 5.960464477539063e-08, -4.470348358154297e-08, 0.7874349355697632, -0.5317407250404358, -0.31176576018333435, 0.6143292188644409, 0.7184110283851624, 0.3263205885887146, 0.050457991659641266, -0.4484834671020508, 0.8923659920692444),
            ["RightLowerLeg"] = CFrame.new(-4.470348358154297e-08, 5.960464477539063e-08, 1.6952981241047382e-09, 1, 1.3411036547950062e-07, 3.2782546099952015e-07, 4.246828950726922e-07, 0.47756427526474, 0.8785967826843262, -2.682207878024201e-07, -0.878596842288971, 0.47756442427635193),
            ["LeftUpperLeg"] = CFrame.new(0.000025480985641479492, 0.000125885009765625, 0.004997484385967255, 0.9876991510391235, -0.04957142472267151, -0.14829985797405243, -0.07114969938993454, 0.7020712494850159, -0.7085434198379517, 0.13924095034599304, 0.7103792428970337, 0.6899081468582153),
            ["LeftLowerLeg"] = CFrame.new(-5.960464477539063e-08, -5.960464477539063e-08, -2.9802322387695312e-08, 1, 6.705524668859653e-08, 7.078052277620372e-08, -8.940696716308594e-08, 0.3660508394241333, 0.9305949211120605, 9.685754776000977e-08, -0.9305949211120605, 0.3660507798194885),
        }},
        {Time = 0.033, Data = {
            ["RightFoot"] = CFrame.new(7.450580596923828e-09, 3.5762786865234375e-07, -7.281050784513354e-08, 0.972833514213562, 0.16773377358913422, -0.15956400334835052, -0.1967194378376007, 0.962308406829834, -0.18778623640537262, 0.12205122411251068, 0.21407468616962433, 0.9691623449325562),
            ["LeftLowerArm"] = CFrame.new(-5.960464477539063e-08, -4.172325134277344e-07, -1.6391277313232422e-07, 1, 2.3469331722481002e-07, -1.8626442610525373e-09, 2.0116563348437921e-07, 0.9772018194198608, -0.21231217682361603, 7.450579175838357e-08, 0.2123124897480011, 0.9772019386291504),
            ["RightUpperArm"] = CFrame.new(2.384185791015625e-07, -0.06523787975311279, 5.21540641784668e-08, 0.5892437696456909, -0.3860469460487366, -0.7097601890563965, -0.20516067743301392, 0.7781801223754883, -0.5935864448547363, 0.7814736366271973, 0.49538224935531616, 0.379335880279541),
            ["Head"] = CFrame.new(-1.4901161193847656e-08, 1.1920928955078125e-07, 2.0489096641540527e-08, 0.9737069010734558, 0.07054673135280609, -0.21660591661930084, -0.09655113518238068, 0.989016592502594, -0.11191146075725555, 0.20633193850517273, 0.1298825740814209, 0.9698235392570496),
            ["LowerTorso"] = CFrame.new(-0.0982743576169014, -0.2740769386291504, -0.10365534573793411, 0.9174759387969971, -0.20250257849693298, 0.3423895835876465, 0.1768237203359604, 0.9786281585693359, 0.10497766733169556, -0.35633042454719543, -0.03577199950814247, 0.9336750507354736),
            ["UpperTorso"] = CFrame.new(-3.725290298461914e-09, -3.5762786865234375e-07, 2.60770320892334e-08, 0.954535722732544, 0.2873362898826599, 0.07936892658472061, -0.2840783894062042, 0.9575008153915405, -0.049916479736566544, -0.09033878147602081, 0.02510017529129982, 0.9955947399139404),
            ["HumanoidRootPart"] = CFrame.new(0, 0, 0, 1, 0, 0, 0, 1, 0, 0, 0, 1),
            ["RightUpperLeg"] = CFrame.new(-0.000025600194931030273, -0.0001261672005057335, -0.004997430369257927, 0.9532902836799622, 0.20553229749202728, 0.22134600579738617, -0.016515590250492096, 0.7671692371368408, -0.6412319540977478, -0.30160385370254517, 0.6076248288154602, 0.7347295880317688),
            ["LeftUpperArm"] = CFrame.new(0, -0.06523787975311279, 7.450580596923828e-09, 0.08670715242624283, 0.24945281445980072, -0.9644973278045654, -0.24599286913871765, -0.9328040480613708, -0.2633703649044037, -0.9653856754302979, 0.26009589433670044, -0.019517268985509872),
            ["RightLowerArm"] = CFrame.new(1.1920928955078125e-07, -1.1920928955078125e-07, 0, 1, 4.470347647611561e-08, 2.1606686573250045e-07, 7.450582373280668e-09, -0.586033046245575, -0.8102871179580688, 6.705523958316917e-08, 0.8102871179580688, -0.5860332250595093),
            ["LeftHand"] = CFrame.new(-1.9371509552001953e-07, 2.980232238769531e-07, 2.60770320892334e-08, 0.6599071025848389, 0.4811726212501526, -0.5770578384399414, -0.32009753584861755, 0.8748903274536133, 0.36346232891082764, 0.6797501444816589, -0.05513660982251167, 0.7313681244850159),
            ["LeftFoot"] = CFrame.new(1.1175870895385742e-08, 1.1920928955078125e-07, 2.421438694000244e-08, 0.9931926131248474, 0.09782113879919052, -0.06324337422847748, -0.11633418500423431, 0.8605496287345886, -0.4959036111831665, 0.0059140329249203205, 0.4998854100704193, 0.8660715222358704),
            ["RightHand"] = CFrame.new(-2.9802322387695312e-08, 0, 5.960464477539063e-08, 0.7983610033988953, -0.5333846807479858, -0.2795000970363617, 0.6019868850708008, 0.7186553478240967, 0.34806039929389954, 0.015214590355753899, -0.44613367319107056, 0.8948372602462769),
            ["RightLowerLeg"] = CFrame.new(4.470348358154297e-08, 0, 1.1345400707796216e-07, 1, -1.8626434439283912e-07, 2.6822084464583895e-07, 4.619357696356019e-07, 0.43447771668434143, 0.9006825089454651, 1.5646212148112681e-07, -0.9006825685501099, 0.4344777762889862),
            ["LeftUpperLeg"] = CFrame.new(0.000025600194931030273, 0.0001253671944141388, 0.004997517913579941, 0.9850208163261414, -0.04899286478757858, -0.16532893478870392, -0.09249471873044968, 0.6590611338615417, -0.7463801503181458, 0.14552922546863556, 0.7504919767379761, 0.6446573138237),
            ["LeftLowerLeg"] = CFrame.new(5.960464477539063e-08, 5.960464477539063e-08, 1.1920928955078125e-07, 1, 7.450579175838357e-08, 4.842878453814592e-08, -8.195638656616211e-08, 0.2753292918205261, 0.9613499641418457, 5.21540641784668e-08, -0.9613500237464905, 0.2753295302391052),
        }},
        {Time = 0.067, Data = {
            ["RightFoot"] = CFrame.new(2.9802322387695312e-08, 2.980232238769531e-07, 1.6596459317952394e-08, 0.973651647567749, 0.16845740377902985, -0.15370431542396545, -0.19244787096977234, 0.9685809016227722, -0.15752731263637543, 0.1223374754190445, 0.18295703828334808, 0.9754794836044312),
            ["LeftLowerArm"] = CFrame.new(-3.2782554626464844e-07, -4.76837158203125e-07, 1.1920928955078125e-07, 1, 5.587935447692871e-09, 1.8626440123625798e-07, -1.0430811414607888e-07, 0.9771103858947754, -0.21273310482501984, 2.2724267978446733e-07, 0.21273310482501984, 0.9771103262901306),
            ["RightUpperArm"] = CFrame.new(0, -0.0652381181716919, -3.725290298461914e-08, 0.582384467124939, -0.36909219622612, -0.7242922186851501, -0.21209564805030823, 0.7911326289176941, -0.573694109916687, 0.784757137298584, 0.48772960901260376, 0.38246041536331177),
            ["Head"] = CFrame.new(3.725290298461914e-08, 1.1920928955078125e-07, -1.6763806343078613e-08, 0.9736946821212769, 0.07077187299728394, -0.2165873646736145, -0.09664934128522873, 0.9890748262405396, -0.11131030321121216, 0.20634353160858154, 0.12931540608406067, 0.9698969125747681),
            ["LowerTorso"] = CFrame.new(-0.09939366579055786, -0.26143455505371094, -0.1012537032365799, 0.9153550267219543, -0.21342603862285614, 0.3414299190044403, 0.1869034320116043, 0.9762906432151794, 0.1091959998011589, -0.3566402494907379, -0.03613879904150963, 0.9335426688194275),
            ["UpperTorso"] = CFrame.new(6.332993507385254e-08, 2.980232238769531e-07, 0, 0.9513489007949829, 0.2978842854499817, 0.07874198257923126, -0.2941376864910126, 0.9541329145431519, -0.05579923093318939, -0.0917520597577095, 0.029923690482974052, 0.9953322410583496),
            ["HumanoidRootPart"] = CFrame.new(0, 0, 0, 1, 0, 0, 0, 1, 0, 0, 0, 1),
            ["RightUpperLeg"] = CFrame.new(-0.000025510787963867188, -0.00012529082596302032, -0.004997501149773598, 0.953025221824646, 0.20932970941066742, 0.218916654586792, -0.023535728454589844, 0.7717483639717102, -0.6354922652244568, -0.3019755482673645, 0.6004878878593445, 0.740422248840332),
            ["LeftUpperArm"] = CFrame.new(-1.1920928955078125e-07, -0.06523776054382324, -3.725290298461914e-08, 0.08575314283370972, 0.24812857806682587, -0.964924156665802, -0.24704106152057648, -0.9329519867897034, -0.2618615925312042, -0.9652032256126404, 0.26083141565322876, -0.018705496564507484),
            ["RightLowerArm"] = CFrame.new(-1.7881393432617188e-07, -8.344650268554688e-07, 1.1920928955078125e-07, 1, -4.7683710135970614e-07, 2.980232594040899e-08, 2.868473814032768e-07, -0.5873991847038269, -0.809297502040863, -2.1606686573250045e-07, 0.8092973232269287, -0.5873990058898926),
            ["LeftHand"] = CFrame.new(1.1920928955078125e-07, 3.5762786865234375e-07, 1.043081283569336e-07, 0.657560408115387, 0.48130592703819275, -0.579619824886322, -0.31694716215133667, 0.8746683597564697, 0.36674273014068604, 0.6834901571273804, -0.057446353137493134, 0.7276955246925354),
            ["LeftFoot"] = CFrame.new(-3.073364496231079e-08, 0, 3.725290298461914e-09, 0.9932095408439636, 0.09771381318569183, -0.06314104050397873, -0.1161375418305397, 0.8646759390830994, -0.48872020840644836, 0.006841438356786966, 0.49273481965065, 0.8701527118682861),
            ["RightHand"] = CFrame.new(-2.9802322387695312e-08, -1.1920928955078125e-07, -1.30385160446167e-07, 0.8083575367927551, -0.5347875952720642, -0.2460896372795105, 0.588343620300293, 0.7195265889167786, 0.3689618706703186, -0.020248422399163246, -0.4430391192436218, 0.8962740898132324),
            ["RightLowerLeg"] = CFrame.new(-4.470348358154297e-08, -5.960464477539063e-08, 5.3849362302571535e-08, 1, -5.215402154590265e-08, 2.831220058396866e-07, 4.917378646496218e-07, 0.46496039628982544, 0.885331392288208, 1.1175860237244706e-08, -0.8853315711021423, 0.46496063470840454),
            ["LeftUpperLeg"] = CFrame.new(0.00002574920654296875, 0.00012602540664374828, 0.0049974992871284485, 0.9839963912963867, -0.040931668132543564, -0.17342349886894226, -0.1033850759267807, 0.6615485548973083, -0.7427418828010559, 0.1451301872730255, 0.7487844824790955, 0.6467294692993164),
            ["LeftLowerLeg"] = CFrame.new(-1.4901161193847656e-08, -5.960464477539063e-08, -1.4901161193847656e-08, 1, 9.685753354915505e-08, 6.705523958316917e-08, -1.1175872316471214e-07, 0.29008814692497253, 0.9569998979568481, 4.4703490686970326e-08, -0.9569998979568481, 0.2900882959365845),
        }},
        {Time = 0.100, Data = {
            ["RightFoot"] = CFrame.new(5.21540641784668e-08, 4.76837158203125e-07, -4.300818545743823e-08, 0.9737241864204407, 0.1702074408531189, -0.15129795670509338, -0.18921972811222076, 0.9743724465370178, -0.12163159251213074, 0.12671707570552826, 0.14706462621688843, 0.9809764623641968),
            ["LeftLowerArm"] = CFrame.new(-1.1920928955078125e-07, 1.1920928955078125e-07, -1.4901161193847656e-07, 1, -1.247972960527477e-07, 2.793966658032332e-08, -9.685756197086448e-08, 0.9763073325157166, -0.2163887470960617, -1.4901162614933128e-07, 0.21638889610767365, 0.9763072729110718),
            ["RightUpperArm"] = CFrame.new(0, -0.06523787975311279, 9.313225746154785e-09, 0.5800800919532776, -0.36080309748649597, -0.730293333530426, -0.21860940754413605, 0.7947015166282654, -0.5662680268287659, 0.7846763134002686, 0.4881298840045929, 0.38211527466773987),
            ["Head"] = CFrame.new(3.725290298461914e-09, -3.5762786865234375e-07, -5.029141902923584e-08, 0.9744017124176025, 0.07198341935873032, -0.21297883987426758, -0.09822805970907211, 0.9884594678878784, -0.11532159149646759, 0.20221953094005585, 0.1332901120185852, 0.9702273011207581),
            ["LowerTorso"] = CFrame.new(-0.09913335740566254, -0.2370448112487793, -0.09547185152769089, 0.9177165031433105, -0.20523035526275635, 0.34011322259902954, 0.1790345162153244, 0.9780004620552063, 0.1070597767829895, -0.35460299253463745, -0.037358637899160385, 0.934270441532135),
            ["UpperTorso"] = CFrame.new(-1.862645149230957e-08, 3.5762786865234375e-07, 7.450580596923828e-09, 0.9545320272445679, 0.2876822352409363, 0.07815171033143997, -0.284592866897583, 0.9574264287948608, -0.048389267176389694, -0.08874492347240448, 0.023947861045598984, 0.9957664012908936),
            ["HumanoidRootPart"] = CFrame.new(0, 0, 0, 1, 0, 0, 0, 1, 0, 0, 0, 1),
            ["RightUpperLeg"] = CFrame.new(-0.000025600194931030273, -0.00012567918747663498, -0.004997478798031807, 0.9536095261573792, 0.19866928458213806, 0.2261853963136673, -0.016088424250483513, 0.7838863730430603, -0.6206960082054138, -0.3006162941455841, 0.5882623791694641, 0.7507175207138062),
            ["LeftUpperArm"] = CFrame.new(5.960464477539063e-08, -0.06523740291595459, -3.5390257835388184e-08, 0.08016181737184525, 0.24909406900405884, -0.965156078338623, -0.2446044236421585, -0.9337498545646667, -0.26130443811416626, -0.9663036465644836, 0.2570280134677887, -0.013921820558607578),
            ["RightLowerArm"] = CFrame.new(0, -2.384185791015625e-07, 5.960464477539062e-07, 1, -1.4901166878189542e-07, 1.8626454334480513e-07, -1.4901164746561335e-08, -0.5998979806900024, -0.8000766634941101, 7.4505820180093e-08, 0.8000765442848206, -0.5998978018760681),
            ["LeftHand"] = CFrame.new(1.9371509552001953e-07, -2.384185791015625e-07, 3.725290298461914e-08, 0.6558790802955627, 0.4818093478679657, -0.5811043977737427, -0.31585341691970825, 0.874346911907196, 0.3684485852718353, 0.6856087446212769, -0.05811365321278572, 0.7256468534469604),
            ["LeftFoot"] = CFrame.new(1.0244548320770264e-08, 0, -1.0710209608078003e-08, 0.9932031035423279, 0.09718471765518188, -0.06405375152826309, -0.11587200313806534, 0.8776529431343079, -0.465079665184021, 0.011018076911568642, 0.46934062242507935, 0.8829485177993774),
            ["RightHand"] = CFrame.new(-7.450580596923828e-08, -1.1920928955078125e-07, 7.82310962677002e-08, 0.813941240310669, -0.532595157623291, -0.23203861713409424, 0.5798932313919067, 0.7207951545715332, 0.3797079026699066, -0.03497835621237755, -0.44361793994903564, 0.8955333828926086),
            ["RightLowerLeg"] = CFrame.new(4.470348358154297e-08, -5.960464477539063e-08, 4.639878170564771e-08, 1, -8.195631551188853e-08, 2.4959444999694824e-07, 4.1723211552380235e-07, 0.49980950355529785, 0.8661351799964905, -4.097815420323059e-08, -0.8661353588104248, 0.49980998039245605),
            ["LeftUpperLeg"] = CFrame.new(0.0000254213809967041, 0.00012562819756567478, 0.004997424781322479, 0.9851773381233215, -0.03921055793762207, -0.1669972836971283, -0.09543786197900772, 0.6836509704589844, -0.7235422134399414, 0.1425386220216751, 0.7287551164627075, 0.6697750091552734),
            ["LeftLowerLeg"] = CFrame.new(1.4901161193847656e-08, 0, -2.086162567138672e-07, 1, 6.705521116145974e-08, 5.960463056453591e-08, -5.215405707303944e-08, 0.3430328667163849, 0.939323365688324, 5.960463766996327e-08, -0.9393234252929688, 0.3430328965187073),
        }},
        {Time = 0.133, Data = {
            ["RightFoot"] = CFrame.new(5.587935447692871e-08, 3.5762786865234375e-07, -4.300818545743823e-08, 0.9731107950210571, 0.1734679937362671, -0.15154039859771729, -0.18669231235980988, 0.9793331623077393, -0.0777977854013443, 0.13491232693195343, 0.10399783402681351, 0.9853847622871399),
            ["LeftLowerArm"] = CFrame.new(-1.7881393432617188e-07, 8.940696716308594e-07, 8.940696716308594e-08, 1, -1.3224783401710738e-07, -5.401669156412936e-08, -6.705521116145974e-08, 0.9749179482460022, -0.22256450355052948, -6.705521116145974e-08, 0.2225649356842041, 0.974918007850647),
            ["RightUpperArm"] = CFrame.new(1.1920928955078125e-07, -0.06523823738098145, -1.0896474123001099e-07, 0.5848497748374939, -0.36351174116134644, -0.7251274585723877, -0.22223512828350067, 0.7879434823989868, -0.5742447376251221, 0.7801041603088379, 0.4969954192638397, 0.38004353642463684),
            ["Head"] = CFrame.new(-7.450580596923828e-09, 3.5762786865234375e-07, 1.210719347000122e-08, 0.9761589765548706, 0.07066400349140167, -0.20523269474506378, -0.09752744436264038, 0.9874943494796753, -0.12386853992938995, 0.19391292333602905, 0.1409311443567276, 0.9708430767059326),
            ["LowerTorso"] = CFrame.new(-0.09845657646656036, -0.20247387886047363, -0.08666565269231796, 0.9232590198516846, -0.18560747802257538, 0.3363668620586395, 0.16039146482944489, 0.9818182587623596, 0.10152596235275269, -0.3490951359272003, -0.03978456184267998, 0.936242401599884),
            ["UpperTorso"] = CFrame.new(-1.862645149230957e-08, 3.2782554626464844e-07, 2.9802322387695312e-08, 0.960652232170105, 0.2669834494590759, 0.07659684866666794, -0.2652176320552826, 0.9636388421058655, -0.03255710378289223, -0.08250372856855392, 0.010961426421999931, 0.9965304732322693),
            ["HumanoidRootPart"] = CFrame.new(0, 0, 0, 1, 0, 0, 0, 1, 0, 0, 0, 1),
            ["RightUpperLeg"] = CFrame.new(-0.000025480985641479492, -0.0001252470538020134, -0.004997448995709419, 0.9544821381568909, 0.17752034962177277, 0.23968860507011414, 0.0005638487637042999, 0.802524209022522, -0.5966194868087769, -0.29826775193214417, 0.5695977210998535, 0.7658945918083191),
            ["LeftUpperArm"] = CFrame.new(0, -0.06523787975311279, 4.0046870708465576e-08, 0.06924678385257721, 0.25400489568710327, -0.9647209048271179, -0.23978349566459656, -0.9344542622566223, -0.2632475197315216, -0.9683536887168884, 0.2495531439781189, -0.003801539074629545),
            ["RightLowerArm"] = CFrame.new(1.1920928955078125e-07, 0, 1.7881393432617188e-07, 1, -3.799796957082435e-07, 1.7136343899437634e-07, 3.6135324421593396e-07, -0.6302701234817505, -0.7763762474060059, -1.3411047916633834e-07, 0.776375949382782, -0.6302698254585266),
            ["LeftHand"] = CFrame.new(2.086162567138672e-07, 5.960464477539063e-08, -1.862645149230957e-08, 0.6544265151023865, 0.48337259888648987, -0.5814438462257385, -0.3168872892856598, 0.8735195398330688, 0.36952143907546997, 0.6865190267562866, -0.05757244676351547, 0.7248290181159973),
            ["LeftFoot"] = CFrame.new(4.470348358154297e-08, 0, 3.073364496231079e-08, 0.9931527376174927, 0.09663936495780945, -0.0656396821141243, -0.11547505855560303, 0.8971977829933167, -0.4262648820877075, 0.017697645351290703, 0.4309258759021759, 0.9022138118743896),
            ["RightHand"] = CFrame.new(-4.470348358154297e-08, -5.960464477539063e-08, 2.9802322387695312e-08, 0.8173682689666748, -0.5254353284835815, -0.23627638816833496, 0.5753054022789001, 0.7226734161376953, 0.38310152292251587, -0.030544351786375046, -0.4490666389465332, 0.8929764032363892),
            ["RightLowerLeg"] = CFrame.new(-7.450580596923828e-08, 1.7881393432617188e-07, -5.045876605436206e-08, 1, -2.235172757991677e-08, 2.3469314669455343e-07, 3.6507853451439587e-07, 0.5452366471290588, 0.8382819890975952, -1.5273694486950262e-07, -0.8382822275161743, 0.5452370047569275),
            ["LeftUpperLeg"] = CFrame.new(0.000025510787963867188, 0.0001259087584912777, 0.004997462034225464, 0.9877519011497498, -0.040199119597673416, -0.15076549351215363, -0.07587171345949173, 0.7205792665481567, -0.6892092823982239, 0.13634417951107025, 0.6922063231468201, 0.7087033987045288),
            ["LeftLowerLeg"] = CFrame.new(4.470348358154297e-08, -5.960464477539063e-08, 8.940696716308594e-08, 1, 8.940696716308594e-08, 7.078052277620372e-08, -7.82310962677002e-08, 0.4280511140823364, 0.9037545323371887, 4.842877388000488e-08, -0.9037545919418335, 0.4280511736869812),
        }},
        {Time = 0.167, Data = {
            ["RightFoot"] = CFrame.new(-6.705522537231445e-08, 1.1920928955078125e-07, -2.8107024263590574e-08, 0.9713262915611267, 0.17965829372406006, -0.1557191014289856, -0.18927015364170074, 0.9806943535804749, -0.04914769530296326, 0.14388234913349152, 0.07721129804849625, 0.9865779876708984),
            ["LeftLowerArm"] = CFrame.new(-3.8743019104003906e-07, -3.5762786865234375e-07, 5.960464477539063e-08, 1, -3.0919909477233887e-07, -4.4703469370688254e-08, -2.3096791323951038e-07, 0.9728597402572632, -0.23139558732509613, -1.4156097449813387e-07, 0.23139588534832, 0.972859799861908),
            ["RightUpperArm"] = CFrame.new(-1.1920928955078125e-07, -0.06523752212524414, 4.470348358154297e-08, 0.5931163430213928, -0.3756055235862732, -0.7121331095695496, -0.22146999835968018, 0.7742718458175659, -0.5928357839584351, 0.7740569114685059, 0.5093364715576172, 0.37604817748069763),
            ["Head"] = CFrame.new(2.9802322387695312e-08, -1.1920928955078125e-07, 5.587935447692871e-09, 0.9777446389198303, 0.06734723597764969, -0.19869516789913177, -0.09522278606891632, 0.9863616824150085, -0.13425041735172272, 0.1869438737630844, 0.1501830667257309, 0.9708229303359985),
            ["LowerTorso"] = CFrame.new(-0.09743838012218475, -0.1796720027923584, -0.07675991207361221, 0.9298081994056702, -0.1622169464826584, 0.33036717772483826, 0.1384436935186386, 0.985858142375946, 0.09443087130784988, -0.3410135507583618, -0.04206545278429985, 0.9391168355941772),
            ["UpperTorso"] = CFrame.new(-7.450580596923828e-09, -2.9802322387695312e-08, 2.60770320892334e-08, 0.9671560525894165, 0.2427036166191101, 0.07552654296159744, -0.24236980080604553, 0.9700873494148254, -0.013696294277906418, -0.0765913873910904, -0.005058759823441505, 0.9970498085021973),
            ["HumanoidRootPart"] = CFrame.new(0, 0, 0, 1, 0, 0, 0, 1, 0, 0, 0, 1),
            ["RightUpperLeg"] = CFrame.new(-0.000025570392608642578, -0.00012553296983242035, -0.004997456446290016, 0.955743134021759, 0.15545238554477692, 0.24977964162826538, 0.02020973712205887, 0.8123085498809814, -0.5828775763511658, -0.29350751638412476, 0.5621293783187866, 0.7732166051864624),
            ["LeftUpperArm"] = CFrame.new(0, -0.06523847579956055, 7.450580596923828e-09, 0.056816697120666504, 0.26177769899368286, -0.9634543657302856, -0.23484209179878235, -0.9344324469566345, -0.26774123311042786, -0.970371663570404, 0.24147170782089233, 0.008385127410292625),
            ["RightLowerArm"] = CFrame.new(5.960464477539063e-08, 1.7881393432617188e-07, 5.960464477539063e-08, 1, -5.140900611877441e-07, -7.45057615603173e-09, 5.140898906574876e-07, -0.6780897974967957, -0.7349792718887329, -6.705520405603238e-08, 0.7349791526794434, -0.6780895590782166),
            ["LeftHand"] = CFrame.new(-8.940696716308594e-08, 2.980232238769531e-07, 1.3783574104309082e-07, 0.652610719203949, 0.4867163300514221, -0.5806947350502014, -0.32030799984931946, 0.8717679977416992, 0.3707064092159271, 0.68666011095047, -0.055925577878952026, 0.7248244285583496),
            ["LeftFoot"] = CFrame.new(1.7695128917694092e-08, -1.7881393432617188e-07, 1.862645149230957e-09, 0.9930523037910461, 0.09685439616441727, -0.06683221459388733, -0.11542916297912598, 0.912169873714447, -0.39322033524513245, 0.02287687547504902, 0.3982028365135193, 0.917012095451355),
            ["RightHand"] = CFrame.new(1.9371509552001953e-07, 3.5762786865234375e-07, 1.7881393432617188e-07, 0.8212926387786865, -0.513637125492096, -0.24830499291419983, 0.5702222585678101, 0.7252985835075378, 0.3857315480709076, -0.018030628561973572, -0.4583873450756073, 0.8885695934295654),
            ["RightLowerLeg"] = CFrame.new(-2.9802322387695312e-08, -5.960464477539063e-08, -1.1006341082975268e-07, 1, -4.470345515983354e-08, 2.421437557131867e-07, 4.4703472212859197e-07, 0.5643508434295654, 0.825534999370575, -1.0058281674218961e-07, -0.8255350589752197, 0.564350962638855),
            ["LeftUpperLeg"] = CFrame.new(0.000025510787963867188, 0.0001255534589290619, 0.0049974918365478516, 0.9904097318649292, -0.04589942842721939, -0.1303136795759201, -0.05196915939450264, 0.7501691579818726, -0.6592008471488953, 0.12801474332809448, 0.6596511006355286, 0.740589439868927),
            ["LeftLowerLeg"] = CFrame.new(-5.21540641784668e-08, 1.7881393432617188e-07, 1.043081283569336e-07, 1, 2.2351741790771484e-08, 2.6077035641947077e-08, -1.30385160446167e-07, 0.4950951039791107, 0.8688387274742126, 5.960464477539063e-08, -0.8688387870788574, 0.49509528279304504),
        }},
        {Time = 0.200, Data = {
            ["RightFoot"] = CFrame.new(1.7881393432617188e-07, 4.76837158203125e-07, -7.281050784513354e-08, 0.9677385687828064, 0.1897493302822113, -0.1657642275094986, -0.20226728916168213, 0.9773616194725037, -0.062065862119197845, 0.15023377537727356, 0.09359225630760193, 0.9842103719711304),
            ["LeftLowerArm"] = CFrame.new(-2.9802322387695312e-08, -4.76837158203125e-07, -5.960464477539063e-08, 1, 8.754427938129083e-08, 2.048909131247001e-08, 1.3411042232291948e-07, 0.970046877861023, -0.24291756749153137, 7.450578820566989e-09, 0.24291764199733734, 0.9700469374656677),
            ["RightUpperArm"] = CFrame.new(-1.1920928955078125e-07, -0.06523704528808594, -5.960464477539063e-08, 0.6093240976333618, -0.38809388875961304, -0.6914528608322144, -0.21554696559906006, 0.7581226825714111, -0.6154588460922241, 0.763062059879303, 0.5240546464920044, 0.37829023599624634),
            ["Head"] = CFrame.new(-2.2351741790771484e-08, 2.384185791015625e-07, -2.0489096641540527e-08, 0.9799460768699646, 0.06513278931379318, -0.18831802904605865, -0.09306829422712326, 0.985260009765625, -0.14353027939796448, 0.17619352042675018, 0.1581784039735794, 0.971563458442688),
            ["LowerTorso"] = CFrame.new(-0.09475605934858322, -0.19449901580810547, -0.06875234097242355, 0.939662754535675, -0.14086253941059113, 0.31175559759140015, 0.1207270547747612, 0.9892035126686096, 0.08307482302188873, -0.32009202241897583, -0.04042510315775871, 0.9465236663818359),
            ["UpperTorso"] = CFrame.new(7.636845111846924e-08, 5.066394805908203e-07, 1.862645149230957e-08, 0.9724210500717163, 0.2196768969297409, 0.07835333794355392, -0.2210034430027008, 0.9752354025840759, 0.008570419624447823, -0.07453002780675888, -0.02565021812915802, 0.9968888163566589),
            ["HumanoidRootPart"] = CFrame.new(0, 0, 0, 1, 0, 0, 0, 1, 0, 0, 0, 1),
            ["RightUpperLeg"] = CFrame.new(-0.000025391578674316406, -0.00012551341205835342, -0.004997445270419121, 0.9577656984329224, 0.1461734026670456, 0.24762609601020813, 0.03451089933514595, 0.7964988946914673, -0.6036543250083923, -0.2854716181755066, 0.5867050886154175, 0.7578144669532776),
            ["LeftUpperArm"] = CFrame.new(0, -0.06523716449737549, 3.725290298461914e-08, 0.03611841797828674, 0.27313438057899475, -0.9612976312637329, -0.2321321964263916, -0.9333217144012451, -0.2739073932170868, -0.9720134735107422, 0.23304136097431183, 0.029693465679883957),
            ["RightLowerArm"] = CFrame.new(-2.9802322387695312e-08, -2.384185791015625e-07, 4.76837158203125e-07, 1, -5.960463766996327e-08, 2.7194622020942916e-07, -1.4901155864777138e-08, -0.7321962118148804, -0.6810938119888306, 1.1175866632129328e-07, 0.6810938715934753, -0.7321961522102356),
            ["LeftHand"] = CFrame.new(-2.0116567611694336e-07, -3.5762786865234375e-07, 6.705522537231445e-08, 0.6499810814857483, 0.4924326539039612, -0.5788216590881348, -0.32627320289611816, 0.868712306022644, 0.37267228960990906, 0.6863457560539246, -0.0533764474093914, 0.7253143191337585),
            ["LeftFoot"] = CFrame.new(3.725290298461914e-08, 5.960464477539063e-08, -7.450580596923828e-09, 0.993032693862915, 0.09825204312801361, -0.06505964696407318, -0.11616124212741852, 0.9090225100517273, -0.40023073554039, 0.019816957414150238, 0.40499961376190186, 0.9141020774841309),
            ["RightHand"] = CFrame.new(-1.4901161193847656e-08, -1.1920928955078125e-07, -5.960464477539063e-08, 0.8257843852043152, -0.4998682737350464, -0.2611740827560425, 0.5639668107032776, 0.7280408143997192, 0.3897404074668884, -0.004673406947404146, -0.46913576126098633, 0.8831141591072083),
            ["RightLowerLeg"] = CFrame.new(0, -1.7881393432617188e-07, 4.639878170564771e-08, 1, 0, 1.974403431859173e-07, 3.948806863718346e-07, 0.5135437250137329, 0.8580635786056519, -3.725289587919178e-08, -0.8580634593963623, 0.5135436058044434),
            ["LeftUpperLeg"] = CFrame.new(0.000025540590286254883, 0.00012579676695168018, 0.00499749556183815, 0.9935795664787292, -0.04958082735538483, -0.10169177502393723, -0.029982484877109528, 0.7513210773468018, -0.6592554450035095, 0.10909004509449005, 0.6580718159675598, 0.7450108528137207),
            ["LeftLowerLeg"] = CFrame.new(1.4901161193847656e-08, -1.1920928955078125e-07, 0, 1, 9.685754776000977e-08, 6.33299421792799e-08, -1.0430811414607888e-07, 0.4834669530391693, 0.8753626942634583, 1.4901159417490817e-08, -0.8753626942634583, 0.48346689343452454),
        }},
        {Time = 0.233, Data = {
            ["RightFoot"] = CFrame.new(6.705522537231445e-08, 2.980232238769531e-07, 4.639878170564771e-08, 0.9646697640419006, 0.19493350386619568, -0.17723879218101501, -0.2130519300699234, 0.9729304313659668, -0.08952879905700684, 0.154988095164299, 0.1241263747215271, 0.9800872802734375),
            ["LeftLowerArm"] = CFrame.new(1.4901161193847656e-07, -1.7881393432617188e-07, 1.9371509552001953e-07, 1, -5.364421440390288e-07, 3.203748519808869e-07, -5.364415756048402e-07, 0.9663302898406982, -0.2573048770427704, 5.9604616353681195e-08, 0.25730493664741516, 0.966330349445343),
            ["RightUpperArm"] = CFrame.new(-5.960464477539063e-08, -0.0652381181716919, -3.725290298461914e-08, 0.6265586614608765, -0.3970685303211212, -0.6706427931785583, -0.2067371904850006, 0.7449879050254822, -0.6342337727546692, 0.7514545917510986, 0.5360314846038818, 0.3846893608570099),
            ["Head"] = CFrame.new(1.4901161193847656e-08, 0, 6.891787052154541e-08, 0.9809277653694153, 0.06644389033317566, -0.18266339600086212, -0.09453343600034714, 0.9842093586921692, -0.1496509313583374, 0.16983552277088165, 0.16406464576721191, 0.9717194437980652),
            ["LowerTorso"] = CFrame.new(-0.08638966828584671, -0.21824979782104492, -0.06460026651620865, 0.9472757577896118, -0.12643928825855255, 0.2944176495075226, 0.11037620157003403, 0.9913776516914368, 0.07062233984470367, -0.3008086085319519, -0.03440224751830101, 0.9530638456344604),
            ["UpperTorso"] = CFrame.new(-2.421438694000244e-08, -8.940696716308594e-08, -2.60770320892334e-08, 0.9768936634063721, 0.19958147406578064, 0.07645908743143082, -0.20234212279319763, 0.9788503050804138, 0.030163384974002838, -0.06882195174694061, -0.04493727162480354, 0.9966163635253906),
            ["HumanoidRootPart"] = CFrame.new(0, 0, 0, 1, 0, 0, 0, 1, 0, 0, 0, 1),
            ["RightUpperLeg"] = CFrame.new(-0.000025510787963867188, -0.00012565730139613152, -0.004997501149773598, 0.962876558303833, 0.141897052526474, 0.22963888943195343, 0.03538410738110542, 0.7770100235939026, -0.6284928321838379, -0.26761284470558167, 0.6132867336273193, 0.7431438565254211),
            ["LeftUpperArm"] = CFrame.new(1.1920928955078125e-07, -0.06523764133453369, -2.2351741790771484e-08, 0.013418507762253284, 0.2841501533985138, -0.9586858749389648, -0.2326548546552658, -0.9315710663795471, -0.2793698310852051, -0.9724668264389038, 0.22679102420806885, 0.05360855162143707),
            ["RightLowerArm"] = CFrame.new(0, 4.76837158203125e-07, 1.1920928955078125e-07, 1, -1.0617080903330134e-07, -1.1362135410308838e-07, 2.1606686573250045e-07, -0.7727074027061462, -0.6347625255584717, 2.011657045386528e-07, 0.6347624063491821, -0.7727072834968567),
            ["LeftHand"] = CFrame.new(-2.905726432800293e-07, -4.172325134277344e-07, 1.1548399925231934e-07, 0.6459370255470276, 0.5012194514274597, -0.5757989883422852, -0.3350405693054199, 0.8638722896575928, 0.37612879276275635, 0.6859396696090698, -0.050038937479257584, 0.725935697555542),
            ["LeftFoot"] = CFrame.new(6.51925802230835e-09, 5.960464477539063e-08, 1.3969838619232178e-08, 0.9934182167053223, 0.09566327929496765, -0.06299999356269836, -0.11334628611803055, 0.9003245234489441, -0.42020025849342346, 0.01652245596051216, 0.4245755076408386, 0.9052417874336243),
            ["RightHand"] = CFrame.new(8.940696716308594e-08, 5.960464477539063e-08, -2.9802322387695312e-08, 0.8286466598510742, -0.4890998899936676, -0.2722606360912323, 0.559731125831604, 0.7298636436462402, 0.3924291133880615, 0.006776518188416958, -0.4775776267051697, 0.8785633444786072),
            ["RightLowerLeg"] = CFrame.new(5.960464477539063e-08, -1.7881393432617188e-07, 1.5815749065950513e-07, 1, 4.470347292340193e-08, 3.6880359743918234e-07, 4.917383762403915e-07, 0.45091307163238525, 0.8925678730010986, -1.564622067462551e-07, -0.8925678730010986, 0.4509131610393524),
            ["LeftUpperLeg"] = CFrame.new(0.000025480985641479492, 0.00012547196820378304, 0.004997476935386658, 0.9956095814704895, -0.04659157246351242, -0.08118432015180588, -0.019757084548473358, 0.7431811690330505, -0.6687986850738525, 0.0914953425526619, 0.6674661636352539, 0.7389976382255554),
            ["LeftLowerLeg"] = CFrame.new(7.450580596923828e-09, 5.960464477539063e-08, -1.9371509552001953e-07, 1, 8.940695295223122e-08, 2.980232949312267e-08, -6.705523247774181e-08, 0.44511711597442627, 0.8954724073410034, 3.3527616238870905e-08, -0.8954724073410034, 0.4451172351837158),
        }},
        {Time = 0.267, Data = {
            ["RightFoot"] = CFrame.new(8.195638656616211e-08, 4.172325134277344e-07, 1.6596459317952394e-08, 0.9657806158065796, 0.19193828105926514, -0.1744353175163269, -0.21615609526634216, 0.967345118522644, -0.1323634386062622, 0.1433330774307251, 0.16553953289985657, 0.9757317304611206),
            ["LeftLowerArm"] = CFrame.new(-2.086162567138672e-07, -8.940696716308594e-07, -1.6391277313232422e-07, 1, -2.4214381610931923e-08, -6.519254469594671e-08, 9.685754776000977e-08, 0.9615621566772461, -0.27458733320236206, 0, 0.274587482213974, 0.9615622162818909),
            ["RightUpperArm"] = CFrame.new(-5.960464477539063e-08, -0.06523823738098145, 1.4901161193847656e-08, 0.6470880508422852, -0.39726966619491577, -0.6507333517074585, -0.1895618736743927, 0.7428799271583557, -0.6420247554779053, 0.7384737133979797, 0.5388008952140808, 0.4054014980792999),
            ["Head"] = CFrame.new(1.862645149230957e-08, 0, 1.862645149230957e-08, 0.9811444878578186, 0.0713629499077797, -0.17961889505386353, -0.0978497564792633, 0.9848433136940002, -0.14321057498455048, 0.1666766256093979, 0.15808594226837158, 0.9732562899589539),
            ["LowerTorso"] = CFrame.new(-0.07732078433036804, -0.2332141399383545, -0.07053185254335403, 0.956127405166626, -0.11445635557174683, 0.2696666717529297, 0.1029992550611496, 0.9930863380432129, 0.056309156119823456, -0.27424731850624084, -0.02606336399912834, 0.9613059759140015),
            ["UpperTorso"] = CFrame.new(-1.862645149230957e-08, -2.086162567138672e-07, -1.30385160446167e-08, 0.9811702370643616, 0.17840375006198883, 0.07400713860988617, -0.18191801011562347, 0.9823389649391174, 0.04377363994717598, -0.0648907944560051, -0.05641254410147667, 0.9962965846061707),
            ["HumanoidRootPart"] = CFrame.new(0, 0, 0, 1, 0, 0, 0, 1, 0, 0, 0, 1),
            ["RightUpperLeg"] = CFrame.new(-0.000025480985641479492, -0.00012559443712234497, -0.0049974992871284485, 0.9647866487503052, 0.14491446316242218, 0.21951477229595184, 0.03355478495359421, 0.7599227428436279, -0.649146556854248, -0.26088497042655945, 0.6336538791656494, 0.7283008694648743),
            ["LeftUpperArm"] = CFrame.new(0, -0.06523776054382324, -7.450580596923828e-09, -0.014251872897148132, 0.29694512486457825, -0.9547882080078125, -0.24421346187591553, -0.9270004630088806, -0.28465771675109863, -0.9696167707443237, 0.22911524772644043, 0.08572950959205627),
            ["RightLowerArm"] = CFrame.new(5.960464477539063e-08, -5.960464477539063e-08, -4.172325134277344e-07, 1, -1.3504180174095382e-07, 2.523884177207947e-07, 1.3411042232291948e-07, -0.7888575792312622, -0.6145761609077454, 7.450579175838357e-08, 0.6145761609077454, -0.7888575792312622),
            ["LeftHand"] = CFrame.new(1.9371509552001953e-07, 1.1920928955078125e-07, 7.82310962677002e-08, 0.6398747563362122, 0.5136669874191284, -0.5715826153755188, -0.3468421995639801, 0.8567573428153992, 0.3816642463207245, 0.6857557892799377, -0.04596814140677452, 0.7263785600662231),
            ["LeftFoot"] = CFrame.new(-2.7939677238464355e-09, 5.960464477539063e-08, -2.9802322387695312e-08, 0.9939650893211365, 0.09057220071554184, -0.06188983842730522, -0.10866818577051163, 0.8900793790817261, -0.4426623582839966, 0.014993710443377495, 0.4467163681983948, 0.894550085067749),
            ["RightHand"] = CFrame.new(8.940696716308594e-08, -5.960464477539063e-08, 2.9802322387695312e-08, 0.8296416401863098, -0.48467743396759033, -0.27709653973579407, 0.5581727623939514, 0.7305271625518799, 0.39341306686401367, 0.01174844615161419, -0.48105916380882263, 0.8766092658042908),
