return {
    ["Millionaire"] = {
        {Time = 0.000, Data = {
            ["RightFoot"] = CFrame.new(1.601874828338623e-07, 2.682209014892578e-07, -1.043081283569336e-07, 0.9249436855316162, 0.36743995547294617, -0.09730090945959091, -0.37241578102111816, 0.8248142600059509, -0.42542657256126404, -0.07606420665979385, 0.42973193526268005, 0.8997471332550049),
            ["LeftLowerArm"] = CFrame.new(-1.4901161193847656e-07, 2.9802322387695312e-08, -5.960464477539063e-08, 1, -1.2759120693317527e-07, -1.620500711396744e-07, 2.458691312767769e-07, -0.41193467378616333, -0.9112133383750916, 1.8626448650138627e-07, 0.9112134575843811, -0.4119347631931305),
            ["LeftFoot"] = CFrame.new(-4.0978193283081055e-08, 1.0803341865539551e-07, 0, 0.9200701117515564, -0.30807650089263916, -0.24199248850345612, 0.31700173020362854, 0.9484225511550903, -0.002159915631636977, 0.23017604649066925, -0.07472461462020874, 0.9702757000923157),
            ["Head"] = CFrame.new(-4.0978193283081055e-08, 2.682209014892578e-07, 7.450580596923828e-08, 0.8868640661239624, 0.04847972095012665, -0.4594801962375641, -0.07861457765102386, 0.9958121180534363, -0.04666959121823311, 0.4552932679653168, 0.07751154899597168, 0.886961042881012),
            ["RightUpperArm"] = CFrame.new(5.960464477539063e-08, -0.06523741036653519, 5.960464477539063e-08, 0.5082300901412964, -0.742803156375885, -0.435827374458313, 0.860645592212677, 0.4195539355278015, 0.2885546386241913, -0.03148622810840607, -0.5217451453208923, 0.8525203466415405),
            ["UpperTorso"] = CFrame.new(-1.3783574104309082e-07, 3.5762786865234375e-07, 4.470348358154297e-08, 0.9990454316139221, 0.017133962363004684, 0.040184278041124344, -0.02542344480752945, 0.9760907292366028, 0.21587195992469788, -0.035524606704711914, -0.21668744087219238, 0.9755945205688477),
            ["HumanoidRootPart"] = CFrame.new(0, 0, 0, 1, 0, 0, 0, 1, 0, 0, 0, 1),
            ["RightHand"] = CFrame.new(0, 1.1175870895385742e-07, 5.21540641784668e-08, 0.665006697177887, -0.7179479002952576, 0.20571090281009674, 0.6875434517860413, 0.6960856914520264, 0.20675811171531677, -0.29163384437561035, 0.003939673770219088, 0.9565219283103943),
            ["LeftUpperArm"] = CFrame.new(8.940696716308594e-08, -0.06523746252059937, -1.862645149230957e-07, 0.3213723599910736, 0.9350889921188354, 0.14942550659179688, -0.03309415653347969, 0.16879026591777802, -0.9850962162017822, -0.9463744163513184, 0.3116384446620941, 0.08519061654806137),
            ["RightLowerArm"] = CFrame.new(-4.172325134277344e-07, -4.470348358154297e-08, -2.086162567138672e-07, 1, -1.1920926112907182e-07, -7.4505797087454084e-09, 8.73115268973379e-09, 0.8469542860984802, -0.5316655039787292, -6.891789183782748e-08, 0.5316656827926636, 0.8469544649124146),
            ["LeftHand"] = CFrame.new(-8.195638656616211e-08, -4.917383193969727e-07, 2.8312206268310547e-07, 0.9147042632102966, 0.3874865174293518, -0.11476260423660278, -0.39965125918388367, 0.909473180770874, -0.11461929976940155, 0.05995938554406166, 0.15070760250091553, 0.9867583513259888),
            ["LowerTorso"] = CFrame.new(0.08523005992174149, -0.5976428985595703, 0.1056656613945961, 0.800265371799469, -0.09474927186965942, 0.5921128988265991, 0.11788427084684372, 0.9930272698402405, -0.00042224221397191286, -0.5879444479942322, 0.07013856619596481, 0.8058549165725708),
            ["RightUpperLeg"] = CFrame.new(-0.000025317072868347168, -0.0001259446144104004, -0.004997283220291138, 0.8831780552864075, -0.3061791658401489, 0.3553192615509033, 0.3749867081642151, 0.9159702062606812, -0.1427711397409439, -0.2817474603652954, 0.2593320310115814, 0.9237774610519409),
            ["RightLowerLeg"] = CFrame.new(-1.762527972459793e-07, 4.470348358154297e-08, -2.9802322387695312e-08, 1, 2.980230462412692e-08, 2.831218921528489e-07, 4.99188672620221e-07, 0.40469467639923096, 0.9144517779350281, -1.3783566998881724e-07, -0.9144518971443176, 0.4046948552131653),
            ["LeftUpperLeg"] = CFrame.new(0.000025272369384765625, 0.00012557953596115112, 0.004997670650482178, 0.7166330814361572, 0.6746352910995483, -0.17693142592906952, -0.37931951880455017, 0.1641179621219635, -0.9105945229530334, -0.5852810740470886, 0.7196752429008484, 0.37351441383361816),
            ["LeftLowerLeg"] = CFrame.new(3.608874976634979e-08, -1.4901161193847656e-08, 2.9802322387695312e-08, 1, 2.9802318834981634e-08, 1.2293459406009788e-07, -1.2665987014770508e-07, 0.4175814092159271, 0.9086394309997559, 1.0803341865539551e-07, -0.9086395502090454, 0.41758155822753906),
        }},
        {Time = 0.033, Data = {
            ["RightFoot"] = CFrame.new(2.2724270820617676e-07, 1.601874828338623e-07, -4.470348358154297e-08, 0.9199727773666382, 0.3800831139087677, -0.09584937989711761, -0.3793461322784424, 0.8017034530639648, -0.4619176387786865, -0.0987248569726944, 0.4613116681575775, 0.8817284107208252),
            ["LeftLowerArm"] = CFrame.new(1.1920928955078125e-07, 2.682209014892578e-07, -3.8743019104003906e-07, 1, 3.445894591891374e-08, 2.50525658884726e-07, -3.725289943190546e-08, -0.39975595474243164, -0.9166218042373657, 2.1606680888908159e-07, 0.9166216850280762, -0.39975568652153015),
            ["LeftFoot"] = CFrame.new(-5.960464477539063e-08, 0, -1.1175870895385742e-07, 0.914351224899292, -0.30005553364753723, -0.27189815044403076, 0.33587968349456787, 0.9370604157447815, 0.09540899097919464, 0.22615674138069153, -0.17856235802173615, 0.957584798336029),
            ["Head"] = CFrame.new(-8.009374141693115e-08, -2.086162567138672e-07, 1.862645149230957e-09, 0.8825975656509399, 0.05067272484302521, -0.4673905372619629, -0.06273233145475388, 0.997977614402771, -0.01026338804513216, 0.46592533588409424, 0.03837904706597328, 0.8839914202690125),
            ["RightUpperArm"] = CFrame.new(-1.4901161193847656e-07, -0.0652383416891098, -1.341104507446289e-07, 0.500267505645752, -0.7412239909172058, -0.44757044315338135, 0.8650586009025574, 0.40546274185180664, 0.29542142152786255, -0.037500299513339996, -0.534964382648468, 0.8440420031547546),
            ["UpperTorso"] = CFrame.new(2.2351741790771484e-08, 1.7881393432617188e-07, 1.4901161193847656e-08, 0.9995574951171875, 0.021485963836312294, 0.020572124049067497, -0.025047369301319122, 0.9809900522232056, 0.1924351155757904, -0.016046352684497833, -0.19286523759365082, 0.9810940027236938),
            ["HumanoidRootPart"] = CFrame.new(0, 0, 0, 1, 0, 0, 0, 1, 0, 0, 0, 1),
            ["RightHand"] = CFrame.new(1.1920928955078125e-07, -1.4156103134155273e-07, 5.960464477539063e-08, 0.6651066541671753, -0.7178834676742554, 0.20561286807060242, 0.6873024106025696, 0.6961549520492554, 0.20732532441616058, -0.2919735908508301, 0.0034248903393745422, 0.9564201831817627),
            ["LeftUpperArm"] = CFrame.new(5.960464477539063e-08, -0.065238356590271, -5.960464477539063e-08, 0.39158013463020325, 0.9096953868865967, 0.13827316462993622, -0.034756943583488464, 0.16478945314884186, -0.9857162237167358, -0.919487476348877, 0.38118070363998413, 0.09614651650190353),
            ["RightLowerArm"] = CFrame.new(2.086162567138672e-07, 4.470348358154297e-08, -2.086162567138672e-07, 1, -4.470350489782504e-08, -2.980232594040899e-08, 1.756706780042805e-07, 0.8464889526367188, -0.5324063301086426, -1.862644793959589e-08, 0.5324064493179321, 0.8464890122413635),
            ["LeftHand"] = CFrame.new(1.1175870895385742e-07, -2.2351741790771484e-08, -7.450580596923828e-08, 0.9147182703018188, 0.38736194372177124, -0.11507043242454529, -0.40031322836875916, 0.9075006246566772, -0.127248153090477, 0.05513542518019676, 0.16246044635772705, 0.9851735234260559),
            ["LowerTorso"] = CFrame.new(0.0772913470864296, -0.6496231555938721, 0.09097357839345932, 0.7873281240463257, -0.10514234006404877, 0.6075025796890259, 0.11651512235403061, 0.9929699897766113, 0.02085180953145027, -0.6054242849349976, 0.054365891963243484, 0.794044017791748),
            ["RightUpperLeg"] = CFrame.new(-0.000025451183319091797, -0.00012564659118652344, -0.004997819662094116, 0.8832715749740601, -0.31614819169044495, 0.3462398052215576, 0.38902547955513, 0.9063606858253479, -0.16483062505722046, -0.2617073357105255, 0.2802867293357849, 0.923552393913269),
            ["RightLowerLeg"] = CFrame.new(7.613562047481537e-08, -2.1606683731079102e-07, -8.940696716308594e-08, 1, -2.8312177846601116e-07, 4.321338167301292e-07, 5.438919856715074e-07, 0.33711323142051697, 0.9414643049240112, 9.685747670573619e-08, -0.9414640665054321, 0.3371129333972931),
            ["LeftUpperLeg"] = CFrame.new(0.000025600194931030273, 0.00012558698654174805, 0.004997521638870239, 0.7253000736236572, 0.6557691097259521, -0.20953871309757233, -0.37332287430763245, 0.11892185360193253, -0.9200478792190552, -0.5784201622009277, 0.7455364465713501, 0.33106729388237),
            ["LeftLowerLeg"] = CFrame.new(-8.638016879558563e-08, -1.341104507446289e-07, 1.1920928955078125e-07, 1, 9.685758328714655e-08, 8.195638656616211e-08, -8.195640788244418e-08, 0.4019660949707031, 0.9156545996665955, 8.195640788244418e-08, -0.9156545996665955, 0.40196606516838074),
        }},
        {Time = 0.050, Data = {
            ["RightFoot"] = CFrame.new(2.8870999813079834e-08, 2.3096799850463867e-07, -2.2351741790771484e-08, 0.9124525785446167, 0.3982718586921692, -0.09386101365089417, -0.3898216187953949, 0.7763749361038208, -0.49525874853134155, -0.12437660992145538, 0.488489031791687, 0.8636602759361267),
            ["LeftLowerArm"] = CFrame.new(-1.1920928955078125e-07, 2.9802322387695312e-08, -3.2782554626464844e-07, 1, -2.421439582178664e-08, 7.26431323982979e-08, 1.0430816388407038e-07, -0.40232062339782715, -0.9154989123344421, 1.937151665742931e-07, 0.9154989123344421, -0.40232041478157043),
            ["LeftFoot"] = CFrame.new(-4.842877388000488e-08, 8.940696716308594e-08, -7.450580596923828e-08, 0.9096763134002686, -0.3093770444393158, -0.2770830988883972, 0.33924174308776855, 0.9383814334869385, 0.06599577516317368, 0.2395918369293213, -0.1540331244468689, 0.9585769176483154),
            ["Head"] = CFrame.new(0, -8.940696716308594e-08, 3.795139491558075e-08, 0.8846830129623413, 0.04821944981813431, -0.46369341015815735, -0.04102656617760658, 0.998830258846283, 0.025593461468815804, 0.46438440680503845, -0.0036182408221066, 0.8856260776519775),
            ["RightUpperArm"] = CFrame.new(2.9802322387695312e-08, -0.06523819267749786, 0, 0.48528486490249634, -0.7584993243217468, -0.43494531512260437, 0.8723238110542297, 0.3861066699028015, 0.2999550402164459, -0.05958057940006256, -0.5249767899513245, 0.8490285277366638),
            ["UpperTorso"] = CFrame.new(-1.0244548320770264e-07, 1.1920928955078125e-07, -2.9802322387695312e-08, 0.9994391798973083, 0.027617480605840683, -0.018940312787890434, -0.024061601608991623, 0.9855879545211792, 0.1674441248178482, 0.0232919380068779, -0.16689451038837433, 0.9856996536254883),
            ["HumanoidRootPart"] = CFrame.new(0, 0, 0, 1, 0, 0, 0, 1, 0, 0, 0, 1),
            ["RightHand"] = CFrame.new(1.341104507446289e-07, -3.427267074584961e-07, 1.2665987014770508e-07, 0.665007472038269, -0.7179473042488098, 0.20571041107177734, 0.6875414848327637, 0.6960864067077637, 0.2067626416683197, -0.29163655638694763, 0.003935851156711578, 0.9565210342407227),
            ["LeftUpperArm"] = CFrame.new(-1.1920928955078125e-07, -0.0652380883693695, -1.4901161193847656e-08, 0.439689964056015, 0.8918889164924622, 0.10586284846067429, -0.060285408049821854, 0.14690884947776794, -0.9873112440109253, -0.8961241245269775, 0.4277288317680359, 0.11836228519678116),
            ["RightLowerArm"] = CFrame.new(5.662441253662109e-07, -4.023313522338867e-07, -1.6391277313232422e-07, 1, -3.2782554626464844e-07, -8.195638656616211e-08, -2.4720802116462437e-07, 0.8469510674476624, -0.5316709876060486, -2.1420426321583363e-07, 0.5316709876060486, 0.8469510674476624),
            ["LeftHand"] = CFrame.new(1.6391277313232422e-07, 2.980232238769531e-07, -3.725290298461914e-08, 0.9098578691482544, 0.39462506771087646, -0.12817882001399994, -0.4081054627895355, 0.9069002866744995, -0.10479425638914108, 0.07489023357629776, 0.1476580947637558, 0.986198902130127),
            ["LowerTorso"] = CFrame.new(0.05604158341884613, -0.7016036510467529, 0.07628148794174194, 0.7743777632713318, -0.11271713674068451, 0.6226024627685547, 0.11059748381376266, 0.9929686188697815, 0.04221046343445778, -0.6229825019836426, 0.03617127612233162, 0.7813990712165833),
            ["RightUpperLeg"] = CFrame.new(-0.000025272369384765625, -0.00012534856796264648, -0.004997730255126953, 0.8785622119903564, -0.3402171730995178, 0.3352331519126892, 0.41075974702835083, 0.8963518738746643, -0.16682115197181702, -0.24373136460781097, 0.28426340222358704, 0.9272483587265015),
            ["RightLowerLeg"] = CFrame.new(-2.1723099052906036e-07, -1.4901161193847656e-08, 0, 1, -4.4703469370688254e-08, 2.570449453287438e-07, 6.034968009771546e-07, 0.2879685163497925, 0.9576398730278015, -3.799794683345681e-07, -0.9576399326324463, 0.2879684567451477),
            ["LeftUpperLeg"] = CFrame.new(0.00002562999725341797, 0.000125812366604805, 0.004997551441192627, 0.7327785491943359, 0.629737913608551, -0.2578088641166687, -0.3670402765274048, 0.04676104709506035, -0.9290291666984558, -0.5729895830154419, 0.7753989100456238, 0.26540446281433105),
            ["LeftLowerLeg"] = CFrame.new(6.984919309616089e-10, 5.960464477539063e-08, 1.4901161193847656e-07, 1, 2.2351736461700966e-08, 2.2351748896198842e-08, -1.266598985694145e-07, 0.3173483908176422, 0.9483090043067932, 1.3783576946480025e-07, -0.9483090043067932, 0.3173486292362213),
        }},
        {Time = 0.083, Data = {
            ["RightFoot"] = CFrame.new(1.30385160446167e-07, 3.390014171600342e-07, 6.705522537231445e-08, 0.8728878498077393, 0.46775487065315247, -0.1388264149427414, -0.4793398380279541, 0.7689653635025024, -0.42299601435661316, -0.09110631793737411, 0.43577274680137634, 0.8954337239265442),
            ["LeftLowerArm"] = CFrame.new(-1.4901161193847656e-07, 1.1920928955078125e-07, -2.086162567138672e-07, 1, -3.585593333355064e-08, 1.5646212148112681e-07, 5.5879340266073996e-08, -0.42744582891464233, -0.9040412306785583, 1.415610029198433e-07, 0.9040409922599792, -0.4274454414844513),
            ["LeftFoot"] = CFrame.new(8.940696716308594e-08, -6.332993507385254e-08, -1.7136335372924805e-07, 0.9224331974983215, -0.2911822199821472, -0.25363367795944214, 0.3121304512023926, 0.9489366412162781, 0.04575894773006439, 0.2273578643798828, -0.12137627601623535, 0.9662174582481384),
            ["Head"] = CFrame.new(7.450580596923828e-09, 2.682209014892578e-07, 7.916241884231567e-08, 0.9037293195724487, 0.03355191648006439, -0.42678749561309814, -0.02767840400338173, 0.9994176030158997, 0.01995985396206379, 0.4272087514400482, -0.006225466728210449, 0.9041317105293274),
            ["RightUpperArm"] = CFrame.new(5.960464477539063e-08, -0.06523775309324265, -7.450580596923828e-09, 0.4547557234764099, -0.8433927893638611, -0.2861573100090027, 0.8833022117614746, 0.38601332902908325, 0.26602792739868164, -0.11390558630228043, -0.373741090297699, 0.9205124974250793),
            ["UpperTorso"] = CFrame.new(-1.0803341865539551e-07, -5.960464477539063e-08, 8.940696716308594e-08, 0.9973068237304688, 0.028283894062042236, -0.06766923516988754, -0.014410458505153656, 0.9802311062812805, 0.19733072817325592, 0.07191299647092819, -0.19582398235797882, 0.9779987335205078),
            ["HumanoidRootPart"] = CFrame.new(0, 0, 0, 1, 0, 0, 0, 1, 0, 0, 0, 1),
            ["RightHand"] = CFrame.new(-3.0547380447387695e-07, 1.4901161193847656e-08, 1.6391277313232422e-07, 0.6302087306976318, -0.715976357460022, 0.3003580868244171, 0.72733473777771, 0.6797714829444885, 0.09431320428848267, -0.27170097827911377, 0.15902377665042877, 0.9491523504257202),
            ["LeftUpperArm"] = CFrame.new(5.960464477539063e-08, -0.06523767113685608, 8.568167686462402e-08, 0.5462478995323181, 0.8376206755638123, -0.002237900858744979, -0.16978837549686432, 0.1081092581152916, -0.9795327186584473, -0.8202348351478577, 0.5354475975036621, 0.2012726068496704),
            ["RightLowerArm"] = CFrame.new(-4.470348358154297e-07, 2.384185791015625e-07, -7.450580596923828e-08, 1, 1.2665987014770508e-07, -1.4901161193847656e-07, 2.011657045386528e-07, 0.9161447286605835, -0.4008476734161377, 2.6077035641947077e-08, 0.4008477032184601, 0.9161447286605835),
            ["LeftHand"] = CFrame.new(4.470348358154297e-08, 1.1920928955078125e-07, 7.450580596923828e-09, 0.9354268312454224, 0.3056580424308777, -0.17762266099452972, -0.3171890676021576, 0.9475222229957581, -0.039911940693855286, 0.15610206127166748, 0.09367459267377853, 0.9832890033721924),
            ["LowerTorso"] = CFrame.new(0.01940373331308365, -0.6701362133026123, 0.10347126424312592, 0.7792767286300659, -0.08135662972927094, 0.6213765740394592, 0.09727948904037476, 0.9952224493026733, 0.00830473005771637, -0.61908358335495, 0.05397534742951393, 0.7834680676460266),
            ["RightUpperLeg"] = CFrame.new(-0.00002512335777282715, -0.00012564659118652344, -0.004997521638870239, 0.858713686466217, -0.44949400424957275, 0.2461031824350357, 0.49450305104255676, 0.8528228402137756, -0.16780805587768555, -0.13445311784744263, 0.2657979130744934, 0.9546066522598267),
            ["RightLowerLeg"] = CFrame.new(-1.240987330675125e-07, 1.2665987014770508e-07, 5.960464477539063e-08, 1, 1.4901149825163884e-07, 4.192111191514414e-07, 7.450580596923828e-07, 0.3015957176685333, 0.9534358978271484, -3.0547380447387695e-07, -0.9534358978271484, 0.3015957474708557),
            ["LeftUpperLeg"] = CFrame.new(0.000025331974029541016, 0.00012564659118652344, 0.004997670650482178, 0.7560938596725464, 0.6174200773239136, -0.21705923974514008, -0.3606857657432556, 0.11636395007371902, -0.9254001379013062, -0.5461023449897766, 0.77797931432724, 0.3106765151023865),
            ["LeftLowerLeg"] = CFrame.new(1.0710209608078003e-08, 1.1175870895385742e-07, 2.086162567138672e-07, 1, 1.043081283569336e-07, 9.685758328714655e-08, -9.313227877782992e-08, 0.31476372480392456, 0.9491700530052185, 6.519259443393821e-08, -0.9491700530052185, 0.3147639036178589),
        }},
        {Time = 0.100, Data = {
            ["RightFoot"] = CFrame.new(1.30385160446167e-07, 2.2910535335540771e-07, -7.450580596923828e-09, 0.845790684223175, 0.5087984204292297, -0.16050711274147034, -0.5334081053733826, 0.8124675154685974, -0.2353135496377945, 0.010679206810891628, 0.2846415638923645, 0.9585745334625244),
            ["LeftLowerArm"] = CFrame.new(7.450580596923828e-07, -2.2351741790771484e-07, -4.76837158203125e-07, 1, -2.6077037773575285e-07, 5.960462345910855e-08, 2.682207878024201e-07, -0.40086808800697327, -0.9161359667778015, -8.009370588979436e-08, 0.916135847568512, -0.40086787939071655),
            ["LeftFoot"] = CFrame.new(-5.21540641784668e-08, 5.21540641784668e-08, -7.450580596923828e-08, 0.9415368437767029, -0.2641044855117798, -0.209182009100914, 0.27786070108413696, 0.959837019443512, 0.03881184011697769, 0.19053030014038086, -0.09466615319252014, 0.9771062135696411),
            ["Head"] = CFrame.new(-9.778887033462524e-09, 2.9802322387695312e-08, 8.218921720981598e-08, 0.9253970980644226, 0.01185617782175541, -0.378813773393631, -0.012678952887654305, 0.999919593334198, 0.00032279276638291776, 0.378787100315094, 0.004504383075982332, 0.9254729151725769),
            ["RightUpperArm"] = CFrame.new(-5.960464477539063e-08, -0.06523820757865906, 6.705522537231445e-08, 0.3893832862377167, -0.9134532809257507, -0.11825211346149445, 0.9041547179222107, 0.3545711934566498, 0.23829402029514313, -0.17574165761470795, -0.19970601797103882, 0.9639670848846436),
            ["UpperTorso"] = CFrame.new(-2.7008354663848877e-08, 0, 2.9802322387695312e-08, 0.9926068186759949, 0.024813823401927948, -0.11881092190742493, 0.0048880246467888355, 0.9699125289916992, 0.24340495467185974, 0.12127599865198135, -0.24218609929084778, 0.9626204371452332),
            ["HumanoidRootPart"] = CFrame.new(0, 0, 0, 1, 0, 0, 0, 1, 0, 0, 0, 1),
            ["RightHand"] = CFrame.new(-1.1920928955078125e-07, -1.3783574104309082e-07, 1.341104507446289e-07, 0.5794505476951599, -0.6987113952636719, 0.4195707440376282, 0.7408494353294373, 0.6661245226860046, 0.08614272624254227, -0.33967509865760803, 0.260922908782959, 0.9036259055137634),
            ["LeftUpperArm"] = CFrame.new(1.7881393432617188e-07, -0.0652381181716919, -6.705522537231445e-08, 0.5622069239616394, 0.7780740857124329, -0.2802210748195648, -0.41152817010879517, -0.030696073547005653, -0.9108801484107971, -0.7173339128494263, 0.6274221539497375, 0.30294176936149597),
            ["RightLowerArm"] = CFrame.new(1.9371509552001953e-07, -1.7881393432617188e-07, -7.450580596923828e-08, 1, -8.940695295223122e-08, -2.4586918812019576e-07, 7.450581485102248e-09, 0.9334962368011475, -0.3585872948169708, -1.527369164477932e-07, 0.35858723521232605, 0.9334961771965027),
            ["LeftHand"] = CFrame.new(1.341104507446289e-07, 2.384185791015625e-07, -1.043081283569336e-07, 0.936004638671875, 0.2672886848449707, -0.2290249764919281, -0.27380403876304626, 0.9617791771888733, 0.003452115226536989, 0.22119376063346863, 0.059476688504219055, 0.9734144806861877),
            ["LowerTorso"] = CFrame.new(-0.021622974425554276, -0.5907962322235107, 0.14949627220630646, 0.7925475835800171, -0.03452344238758087, 0.608832061290741, 0.07740160822868347, 0.996016263961792, -0.04427908733487129, -0.6048779487609863, 0.08221771568059921, 0.7920624613761902),
            ["RightUpperLeg"] = CFrame.new(-0.000025540590286254883, -0.0001258552074432373, -0.004997685551643372, 0.8346911668777466, -0.5235686302185059, 0.17078272998332977, 0.5501302480697632, 0.8070223331451416, -0.21464277803897858, -0.025444943457841873, 0.2731134295463562, 0.9616454243659973),
            ["RightLowerLeg"] = CFrame.new(-1.0477378964424133e-08, 1.4901161193847656e-08, 5.960464477539063e-08, 1, -1.043080928297968e-07, 9.685758328714655e-08, 4.6193582647902076e-07, 0.3194485008716583, 0.9476036429405212, -1.7881387748275301e-07, -0.947603702545166, 0.3194485902786255),
            ["LeftUpperLeg"] = CFrame.new(0.0000254213809967041, 0.00012567639350891113, 0.004997372627258301, 0.7880300879478455, 0.6022995710372925, -0.12745186686515808, -0.34817254543304443, 0.2652775049209595, -0.89911288022995, -0.5077250003814697, 0.7529032230377197, 0.4187508225440979),
            ["LeftLowerLeg"] = CFrame.new(1.6763806343078613e-07, 2.980232238769531e-07, 1.4901161193847656e-07, 1, 1.043080928297968e-07, 7.450584860180243e-08, -5.960463766996327e-08, 0.3797715902328491, 0.9250801801681519, 1.0430811414607888e-07, -0.9250802397727966, 0.37977200746536255),
        }},
        {Time = 0.133, Data = {
            ["RightFoot"] = CFrame.new(3.3527612686157227e-08, 2.812594175338745e-07, 3.725290298461914e-08, 0.8993933796882629, 0.4340161085128784, -0.05216920003294945, -0.43174269795417786, 0.8632438778877258, -0.2615506947040558, -0.0684828907251358, 0.25775980949401855, 0.9637789130210876),
            ["LeftLowerArm"] = CFrame.new(2.980232238769531e-07, 1.4901161193847656e-07, -5.960464477539063e-08, 1, -1.9371509552001953e-07, 1.6391268786719593e-07, 3.725289587919178e-08, -0.28610289096832275, -0.9581989645957947, -1.5646214990283625e-07, 0.9581989049911499, -0.286102831363678),
            ["LeftFoot"] = CFrame.new(-2.9802322387695312e-08, -6.705522537231445e-08, 7.450580596923828e-09, 0.9589948654174805, -0.24816815555095673, -0.13689930737018585, 0.2488078474998474, 0.9684696793556213, -0.012696150690317154, 0.1357337236404419, -0.021886073052883148, 0.9905036091804504),
            ["Head"] = CFrame.new(-2.8870999813079834e-08, 8.940696716308594e-08, 5.21540641784668e-08, 0.941928505897522, -0.016894293949007988, -0.335388720035553, 0.004824171308428049, 0.9993113875389099, -0.03678902983665466, 0.33577895164489746, 0.03303484246134758, 0.9413613080978394),
            ["RightUpperArm"] = CFrame.new(-8.940696716308594e-08, -0.0652381032705307, -1.0337680578231812e-07, 0.2807879149913788, -0.9570915699005127, -0.07164974510669708, 0.9564383029937744, 0.27281805872917175, 0.10390549898147583, -0.07989964634180069, -0.09770409017801285, 0.9920030832290649),
            ["UpperTorso"] = CFrame.new(-9.685754776000977e-08, 0, -2.9802322387695312e-08, 0.986845076084137, 0.0180409736931324, -0.1606595367193222, 0.025908032432198524, 0.9632628560066223, 0.2673076391220093, 0.15957996249198914, -0.26795363426208496, 0.9501237869262695),
            ["HumanoidRootPart"] = CFrame.new(0, 0, 0, 1, 0, 0, 0, 1, 0, 0, 0, 1),
            ["RightHand"] = CFrame.new(-1.9371509552001953e-07, -1.2665987014770508e-07, 1.7881393432617188e-07, 0.4953000545501709, -0.5983716249465942, 0.6297851204872131, 0.6924894452095032, 0.7096797823905945, 0.12966632843017578, -0.524534285068512, 0.37189531326293945, 0.7658703923225403),
            ["LeftUpperArm"] = CFrame.new(-1.4901161193847656e-07, -0.06523828208446503, -1.1175870895385742e-07, 0.514146625995636, 0.6680402159690857, -0.5379360318183899, -0.6285306215286255, -0.13330161571502686, -0.7662767171859741, -0.5836115479469299, 0.7320881485939026, 0.3513471186161041),
            ["RightLowerArm"] = CFrame.new(8.940696716308594e-08, -1.6391277313232422e-07, -1.1920928955078125e-07, 1, -2.2351730422087712e-07, -9.685756197086448e-08, -4.470350489782504e-08, 0.8214898109436035, -0.5702230334281921, -2.2351753159455257e-07, 0.5702231526374817, 0.8214900493621826),
            ["LeftHand"] = CFrame.new(-5.960464477539063e-08, -4.023313522338867e-07, -5.960464477539063e-08, 0.9482933282852173, 0.2826468050479889, -0.1443987488746643, -0.2944350242614746, 0.9532726407051086, -0.06766965240240097, 0.11852400749921799, 0.10668700933456421, 0.9872031211853027),
            ["LowerTorso"] = CFrame.new(-0.05824248865246773, -0.4707794785499573, 0.19197499752044678, 0.8118826150894165, 0.0051460969261825085, 0.5837980508804321, 0.05001091957092285, 0.9956726431846619, -0.07832634449005127, -0.5816748142242432, 0.09278792142868042, 0.8081119060516357),
            ["RightUpperLeg"] = CFrame.new(-0.000025510787963867188, -0.00012534856796264648, -0.004997611045837402, 0.8233450651168823, -0.5630164742469788, 0.07152308523654938, 0.5377382040023804, 0.7335888743400574, -0.41555294394493103, 0.18149502575397491, 0.38060441613197327, 0.9067526459693909),
            ["RightLowerLeg"] = CFrame.new(3.189779818058014e-08, 7.450580596923828e-09, -1.7881393432617188e-07, 1, -1.4901157641133977e-08, 2.607704345791717e-07, 5.51342679955269e-07, 0.1760481297969818, 0.9843817353248596, -1.7881384906104358e-07, -0.9843815565109253, 0.1760473996400833),
            ["LeftUpperLeg"] = CFrame.new(0.000025540590286254883, 0.00012587010860443115, 0.0049974918365478516, 0.8184669613838196, 0.5744619369506836, -0.010260935872793198, -0.32415086030960083, 0.44694212079048157, -0.8337679505348206, -0.4743819236755371, 0.685737669467926, 0.5520197153091431),
            ["LeftLowerLeg"] = CFrame.new(4.0978193283081055e-08, 1.4901161193847656e-08, 1.1920928955078125e-07, 1, 5.960463766996327e-08, 6.891787762697277e-08, -6.705522537231445e-08, 0.5016451478004456, 0.8650734424591064, 7.450580596923828e-08, -0.8650734424591064, 0.5016452074050903),
        }},
        {Time = 0.167, Data = {
            ["RightFoot"] = CFrame.new(-1.4901161193847656e-08, 2.980232238769531e-07, 2.9802322387695312e-08, 0.9466954469680786, 0.32211142778396606, -0.0035139680840075016, -0.31511634588241577, 0.9237635731697083, -0.21762900054454803, -0.06685513257980347, 0.20713551342487335, 0.9760252833366394),
            ["LeftLowerArm"] = CFrame.new(8.940696716308594e-08, 2.905726432800293e-07, -4.172325134277344e-07, 1, -1.0430811414607888e-07, 2.533197118737007e-07, -7.17118453508192e-08, -0.12236162275075912, -0.9924856424331665, 1.6391278734317893e-07, 0.9924856424331665, -0.12236142158508301),
            ["LeftFoot"] = CFrame.new(1.043081283569336e-07, -2.2351741790771484e-08, 1.043081283569336e-07, 0.9559676051139832, -0.28145235776901245, -0.0831284299492836, 0.28226301074028015, 0.9593349695205688, -0.002083044731989503, 0.08033417165279388, -0.021472619846463203, 0.9965367317199707),
            ["Head"] = CFrame.new(1.6763806343078613e-08, 5.960464477539063e-08, 3.725290298461914e-09, 0.9589346051216125, -0.03913511335849762, -0.2809148132801056, 0.01455394085496664, 0.9959197044372559, -0.08906333148479462, 0.2832537591457367, 0.08131758123636246, 0.9555912613868713),
            ["RightUpperArm"] = CFrame.new(1.1920928955078125e-07, -0.06523818522691727, -3.166496753692627e-08, 0.25138404965400696, -0.9677383899688721, 0.0169848445802927, 0.9436134099960327, 0.24113617837429047, -0.2268194705247879, 0.2154061645269394, 0.07304619252681732, 0.9737886786460876),
            ["UpperTorso"] = CFrame.new(-8.055940270423889e-08, 1.7881393432617188e-07, 4.470348358154297e-08, 0.9806166887283325, 0.011158975772559643, -0.1956178992986679, 0.046625103801488876, 0.9564085006713867, 0.2882862687110901, 0.19030770659446716, -0.2918190062046051, 0.9373498558998108),
            ["HumanoidRootPart"] = CFrame.new(0, 0, 0, 1, 0, 0, 0, 1, 0, 0, 0, 1),
            ["RightHand"] = CFrame.new(-1.4901161193847656e-07, 9.685754776000977e-08, 4.470348358154297e-08, 0.40583017468452454, -0.3605426847934723, 0.8398279547691345, 0.5673057436943054, 0.8198227882385254, 0.07781518995761871, -0.7165655493736267, 0.4448591470718384, 0.5372466444969177),
            ["LeftUpperArm"] = CFrame.new(-2.8312206268310547e-07, -0.0652380883693695, 1.4901161193847656e-08, 0.4118923842906952, 0.4582883417606354, -0.7876017689704895, -0.8139031529426575, -0.2036430984735489, -0.5441427826881409, -0.40976378321647644, 0.8651597499847412, 0.28912314772605896),
            ["RightLowerArm"] = CFrame.new(-3.8743019104003906e-07, -5.960464477539062e-07, 2.9802322387695312e-08, 1, 5.960468740795477e-08, -1.164153076160801e-07, 2.1606683731079102e-07, 0.6269224882125854, -0.7790817618370056, 2.60770320892334e-08, 0.7790817022323608, 0.6269224286079407),
            ["LeftHand"] = CFrame.new(2.086162567138672e-07, 5.21540641784668e-08, 2.0116567611694336e-07, 0.957555890083313, 0.2879292666912079, -0.013539004139602184, -0.2865457832813263, 0.9457547068595886, -0.15310055017471313, -0.031277939677238464, 0.1504819691181183, 0.9881178736686707),
            ["LowerTorso"] = CFrame.new(-0.08550459891557693, -0.32840946316719055, 0.22572356462478638, 0.8405120968818665, 0.038159385323524475, 0.5404472947120667, 0.021851425990462303, 0.9943174123764038, -0.10418948531150818, -0.5413519144058228, 0.0993819534778595, 0.8349020481109619),
            ["RightUpperLeg"] = CFrame.new(-0.000025570392608642578, -0.00012558698654174805, -0.004997432231903076, 0.8428710699081421, -0.5361689925193787, -0.04573090374469757, 0.4183598756790161, 0.7063722014427185, -0.5709758400917053, 0.33844271302223206, 0.46212688088417053, 0.8196922540664673),
            ["RightLowerLeg"] = CFrame.new(3.725290298461914e-09, -4.0978193283081055e-08, -1.1920928955078125e-07, 1, -1.4901154088420299e-07, 2.5331954134344414e-07, 5.140902885614196e-07, 0.1380895972251892, 0.9904196858406067, -1.1175876579727628e-07, -0.9904197454452515, 0.1380898356437683),
            ["LeftUpperLeg"] = CFrame.new(0.000025540590286254883, 0.00012576580047607422, 0.004997462034225464, 0.8829576969146729, 0.4686042368412018, 0.028208261355757713, -0.33597540855407715, 0.6727355122566223, -0.6592023968696594, -0.32788145542144775, 0.5725705623626709, 0.7514364123344421),
            ["LeftLowerLeg"] = CFrame.new(-4.377216100692749e-08, 3.129243850708008e-07, -7.450580596923828e-08, 1, 4.470348358154297e-08, -8.754432201385498e-08, -7.450579175838357e-08, 0.71053147315979, 0.7036654353141785, -1.4901157641133977e-08, -0.7036654949188232, 0.71053147315979),
        }},
        {Time = 0.183, Data = {
            ["RightFoot"] = CFrame.new(3.3527612686157227e-08, 3.390014171600342e-07, -3.725290298461914e-08, 0.9720323085784912, 0.203199565410614, -0.11774240434169769, -0.21540525555610657, 0.9711533188819885, -0.10228320211172104, 0.09356162697076797, 0.12478495389223099, 0.9877625703811646),
            ["LeftLowerArm"] = CFrame.new(-1.1920928955078125e-07, 3.725290298461914e-08, 1.1920928955078125e-07, 1, -1.545995047536053e-07, 2.5890759047797474e-07, -1.9557781172352406e-08, -0.02040237933397293, -0.9997919201850891, 8.195641498787154e-08, 0.9997919201850891, -0.02040260285139084),
            ["LeftFoot"] = CFrame.new(1.3969838619232178e-07, -5.587935447692871e-08, -5.960464477539063e-08, 0.9638583064079285, -0.2606523334980011, -0.055112436413764954, 0.2635611593723297, 0.9631063342094421, 0.05442313849925995, 0.03889356926083565, -0.06698179244995117, 0.9969958662986755),
            ["Head"] = CFrame.new(-1.6763806343078613e-08, 1.1920928955078125e-07, 2.2351741790771484e-08, 0.9771791100502014, -0.03905029222369194, -0.2087971270084381, 0.007132481783628464, 0.9884343147277832, -0.15148186683654785, 0.21229764819145203, 0.14653567969799042, 0.9661558866500854),
            ["RightUpperArm"] = CFrame.new(1.1920928955078125e-07, -0.06523787975311279, -8.195638656616211e-08, 0.3859719932079315, -0.8468189835548401, 0.3659552037715912, 0.8244883418083191, 0.13870756328105927, -0.5486161708831787, 0.41381728649139404, 0.5134761929512024, 0.7517294883728027),
            ["UpperTorso"] = CFrame.new(-1.0523945093154907e-07, -5.960464477539063e-08, 8.940696716308594e-08, 0.9742606282234192, 0.008710586465895176, -0.22525635361671448, 0.06276153773069382, 0.949262261390686, 0.3081594407558441, 0.21651172637939453, -0.3143649101257324, 0.9242821335792542),
            ["HumanoidRootPart"] = CFrame.new(0, 0, 0, 1, 0, 0, 0, 1, 0, 0, 0, 1),
            ["RightHand"] = CFrame.new(4.0978193283081055e-08, -2.0116567611694336e-07, 4.470348358154297e-08, 0.5178007483482361, -0.4635024964809418, 0.719060480594635, 0.5746761560440063, 0.8110901117324829, 0.1089966893196106, -0.6337426900863647, 0.3567888140678406, 0.686346709728241),
            ["LeftUpperArm"] = CFrame.new(-1.7881393432617188e-07, -0.06523790955543518, 0, 0.22007010877132416, 0.11106954514980316, -0.9691402912139893, -0.9525566697120667, -0.18966375291347504, -0.2380409985780716, -0.21024949848651886, 0.975546658039093, 0.06406059861183167),
            ["RightLowerArm"] = CFrame.new(-3.2782554626464844e-07, -1.7881393432617188e-07, 8.940696716308594e-08, 1, 1.1478556416477659e-07, -9.778888454547996e-08, 3.2782565995148616e-07, 0.6449849605560303, -0.7641953825950623, 2.3096808376976696e-07, 0.7641952633857727, 0.6449849605560303),
            ["LeftHand"] = CFrame.new(-2.5331974029541016e-07, -1.4901161193847656e-08, -2.9802322387695312e-08, 0.9925273060798645, -0.046671874821186066, -0.11274518072605133, 0.02529801055788994, 0.9825921654701233, -0.18404538929462433, 0.1193721815943718, 0.1798180788755417, 0.9764301776885986),
            ["LowerTorso"] = CFrame.new(-0.09542899578809738, -0.1566147804260254, 0.23729866743087769, 0.8777483105659485, 0.05667398124933243, 0.47575849294662476, 0.0007751332595944405, 0.9928102493286133, -0.11969691514968872, -0.479121595621109, 0.1054324060678482, 0.8713935017585754),
            ["RightUpperLeg"] = CFrame.new(-0.000025287270545959473, -0.00012555718421936035, -0.004997521638870239, 0.899055540561676, -0.4046529233455658, -0.1671985536813736, 0.25274592638015747, 0.7914831638336182, -0.5564832091331482, 0.3575173318386078, 0.4580506682395935, 0.8138617873191833),
            ["RightLowerLeg"] = CFrame.new(-1.6298145055770874e-08, -1.043081283569336e-07, 0, 1, -1.6763796395480313e-07, 1.7695128917694092e-07, 4.0233129539046786e-07, 0.317401647567749, 0.9482912421226501, 1.4901159417490817e-08, -0.9482912421226501, 0.3174017667770386),
            ["LeftUpperLeg"] = CFrame.new(0.000025704503059387207, 0.00012567639350891113, 0.004997313022613525, 0.957857608795166, 0.28305527567863464, -0.04887007176876068, -0.2707534432411194, 0.8328897953033447, -0.4826875925064087, -0.09592394530773163, 0.4755778908729553, 0.8744280934333801),
            ["LeftLowerLeg"] = CFrame.new(-8.149072527885437e-09, 2.8312206268310547e-07, -4.470348358154297e-08, 1, 2.2351745343485163e-08, 1.1012893708084448e-07, 0, 0.7878432273864746, 0.6158758997917175, 0, -0.6158759593963623, 0.7878432273864746),
        }},
        {Time = 0.217, Data = {
            ["RightFoot"] = CFrame.new(5.4016709327697754e-08, 3.3155083656311035e-07, 1.4901161193847656e-08, 0.9835237264633179, 0.06669006496667862, -0.16802938282489777, -0.06532172858715057, 0.9977707266807556, 0.013663271442055702, 0.16856513917446136, -0.002462546108290553, 0.9856873750686646),
            ["LeftLowerArm"] = CFrame.new(0.0000011920928955078125, 6.705522537231445e-08, -1.1920928955078125e-07, 1, -3.5762769812208717e-07, 3.3527609843986284e-07, -2.877787039778923e-07, 0.26383844017982483, -0.9645667672157288, -2.8871003365793513e-08, 0.9645668864250183, 0.2638387680053711),
            ["LeftFoot"] = CFrame.new(1.4901161193847656e-08, -1.1920928955078125e-07, -1.4901161193847656e-08, 0.9877405166625977, -0.15591083467006683, -0.00778003316372633, 0.15582886338233948, 0.9877309799194336, -0.010253562591969967, 0.009282758459448814, 0.008915483020246029, 0.999917209148407),
            ["Head"] = CFrame.new(1.6763806343078613e-08, 1.4901161193847656e-07, 1.4156103134155273e-07, 0.9929100871086121, -0.024128932505846024, -0.11639368534088135, -0.0007903147488832474, 0.9778193831443787, -0.2094484567642212, 0.11886581778526306, 0.20805558562278748, 0.9708675742149353),
            ["RightUpperArm"] = CFrame.new(-8.940696716308594e-08, -0.06523780524730682, -2.9802322387695312e-08, 0.6507647633552551, -0.5346783995628357, 0.5390954613685608, 0.6177019476890564, -0.040065690875053406, -0.7853911519050598, 0.44153082370758057, 0.8441053628921509, 0.3041987121105194),
            ["UpperTorso"] = CFrame.new(-1.3760291039943695e-07, 1.1920928955078125e-07, 4.470348358154297e-08, 0.9704747796058655, 0.005184781271964312, -0.24114687740802765, 0.07472869753837585, 0.9441133141517639, 0.3210386335849762, 0.2293347716331482, -0.3295803368091583, 0.9158506393432617),
            ["HumanoidRootPart"] = CFrame.new(0, 0, 0, 1, 0, 0, 0, 1, 0, 0, 0, 1),
            ["RightHand"] = CFrame.new(5.960464477539063e-08, -1.043081283569336e-07, -2.9802322387695312e-08, 0.6260434985160828, -0.5002681612968445, 0.598164975643158, 0.5309665203094482, 0.8352653384208679, 0.14285090565681458, -0.5710902810096741, 0.22817450761795044, 0.7885380983352661),
            ["LeftUpperArm"] = CFrame.new(6.05359673500061e-09, -0.0652378499507904, -5.960464477539063e-08, 0.17177429795265198, -0.0913688987493515, -0.9808900356292725, -0.9830320477485657, -0.08094291388988495, -0.16460978984832764, -0.06435539573431015, 0.9925220608711243, -0.10372242331504822),
            ["RightLowerArm"] = CFrame.new(1.1920928955078125e-07, -2.9802322387695312e-08, 1.7881393432617188e-07, 1, 2.9802311729554276e-08, 2.2351738238057806e-08, 2.607703493140434e-07, 0.6223879456520081, -0.7827087044715881, 1.9371512394172896e-07, 0.7827089428901672, 0.6223881840705872),
            ["LeftHand"] = CFrame.new(4.023313522338867e-07, 1.4901161193847656e-07, 8.195638656616211e-08, 0.9938353896141052, -0.04108697921037674, -0.10297168791294098, 0.024595582857728004, 0.9873589277267456, -0.156581312417984, 0.10810337960720062, 0.15308307111263275, 0.9822826385498047),
            ["LowerTorso"] = CFrame.new(-0.09700832515954971, -0.09626984596252441, 0.23962444067001343, 0.9239541888237, 0.06421709060668945, 0.3770739436149597, -0.016933929175138474, 0.9917072057723999, -0.12739761173725128, -0.38212817907333374, 0.11132409423589706, 0.9173794984817505),
