return {
    ["Mind Blown"] = {
        {Time = 0.000, Data = {
            ["LeftFoot"] = CFrame.new(1.862645149230957e-08, -5.960464477539063e-08, -3.166496753692627e-08, 0.9852937459945679, -0.17080464959144592, 0.00470353988930583, 0.16994522511959076, 0.9767353534698486, -0.13079296052455902, 0.017745839431881905, 0.12966890633106232, 0.9913985729217529),
            ["LeftLowerArm"] = CFrame.new(5.364418029785156e-07, 4.76837158203125e-07, 3.2782554626464844e-07, 1, -4.470348358154297e-08, -3.725290298461914e-08, 2.980232594040899e-08, 0.9277269244194031, -0.37325960397720337, -7.450581485102248e-09, 0.37325966358184814, 0.9277269244194031),
            ["LowerTorso"] = CFrame.new(-0.08729662001132965, -0.15520477294921875, -0.09904075413942337, 0.9409058094024658, -0.0018520413432270288, -0.3386632800102234, -0.006133341696113348, 0.9997278451919556, -0.02250741608440876, 0.33861279487609863, 0.023254496976733208, 0.9406384229660034),
            ["Head"] = CFrame.new(-1.862645149230957e-09, 1.1920928955078125e-07, -8.381903171539307e-09, 0.9421821236610413, 0.02272784896194935, 0.33432984352111816, -0.024192404001951218, 0.9997073411941528, 0.00021672339062206447, -0.3342271149158478, -0.008292443118989468, 0.9424561858177185),
            ["RightUpperArm"] = CFrame.new(1.1920928955078125e-07, 1.1920928955078125e-07, 3.3527612686157227e-08, 0.9451553821563721, -0.32161444425582886, -0.056970495730638504, 0.3232927918434143, 0.9460204243659973, 0.022961510345339775, 0.0465104840695858, -0.04012032598257065, 0.9981118440628052),
            ["UpperTorso"] = CFrame.new(4.6566128730773926e-09, -1.1920928955078125e-07, 9.313225746154785e-09, 0.9999834299087524, 0.0037536928430199623, 0.004384736530482769, -0.004501970950514078, 0.9826329350471497, 0.1855054646730423, -0.0036122018937021494, -0.18552212417125702, 0.9826334714889526),
            ["HumanoidRootPart"] = CFrame.new(0, 0, 0, 1, 0, 0, 0, 1, 0, 0, 0, 1),
            ["RightHand"] = CFrame.new(-1.7881393432617188e-07, 0, -1.4901161193847656e-08, 0.9868727922439575, 0.158914715051651, -0.028778981417417526, -0.1597546488046646, 0.9344618916511536, -0.3182130455970764, -0.023675844073295593, 0.3186333477497101, 0.9475824236869812),
            ["LeftUpperArm"] = CFrame.new(0, 1.1920928955078125e-07, -5.960464477539063e-08, 0.8486761450767517, 0.3471950888633728, -0.39900436997413635, -0.385786771774292, 0.9224139451980591, -0.0179208405315876, 0.3618251383304596, 0.16913960874080658, 0.9167739152908325),
            ["RightLowerArm"] = CFrame.new(1.7881393432617188e-07, -5.960464477539062e-07, -1.7881393432617188e-07, 1, -2.328306969445748e-08, -1.3038517820973539e-08, 7.450581485102248e-09, 0.9659003615379333, -0.25891420245170593, 0, 0.2589142322540283, 0.9659003615379333),
            ["LeftHand"] = CFrame.new(-1.7881393432617188e-07, 0, -1.7881393432617188e-07, 0.9868311882019043, -0.15531733632087708, 0.04517386481165886, 0.15863187611103058, 0.9838806986808777, -0.08255141228437424, -0.031624048948287964, 0.08863028883934021, 0.9955624938011169),
            ["RightUpperLeg"] = CFrame.new(-2.9802322387695312e-08, -3.214809112250805e-07, -3.5222910810261965e-08, 0.9269143342971802, -0.30806389451026917, -0.21430470049381256, 0.2756046652793884, 0.9464038610458374, -0.16840966045856476, 0.25469970703125, 0.09703777730464935, 0.9621391892433167),
            ["LeftUpperLeg"] = CFrame.new(1.4901161193847656e-07, -1.1944212019443512e-07, 4.842877388000488e-08, 0.9731869697570801, 0.2252267450094223, 0.04669162258505821, -0.17382892966270447, 0.8530889749526978, -0.4919578731060028, -0.15063410997390747, 0.470650851726532, 0.8693661093711853),
            ["RightLowerLeg"] = CFrame.new(8.940696716308594e-08, -0.00012201070785522461, -0.00007742101297480986, 1, -4.470348358154297e-08, -2.2351747119842003e-08, 3.492460010079412e-08, 0.7845000624656677, 0.6201286911964417, -2.2351745343485163e-08, -0.6201287508010864, 0.7845001220703125),
            ["RightFoot"] = CFrame.new(-2.9802322387695312e-08, 2.980232238769531e-07, -1.3205863069742918e-08, 0.9648783206939697, 0.26265886425971985, -0.004495630506426096, -0.239899143576622, 0.8740391731262207, -0.4224969446659088, -0.10704319924116135, 0.408736914396286, 0.9063532948493958),
            ["LeftLowerLeg"] = CFrame.new(1.4901161193847656e-08, 0.0001226663589477539, 0.00007730722427368164, 1, 5.960460214282648e-08, 2.0489110852395243e-08, -4.470348358154297e-08, 0.7848276495933533, 0.6197150349617004, 3.725290298461914e-08, -0.6197142004966736, 0.7848269939422607),
        }},
        {Time = 0.023, Data = {
            ["LeftFoot"] = CFrame.new(-7.078051567077637e-08, -5.960464477539063e-08, 0, 0.987676203250885, -0.1564408391714096, 0.004683543462306261, 0.15503714978694916, 0.9738404154777527, -0.1661279797554016, 0.02142813801765442, 0.16480685770511627, 0.9860930442810059),
            ["LeftLowerArm"] = CFrame.new(8.940696716308594e-07, 3.5762786865234375e-07, -2.9802322387695312e-08, 1, -5.587934559514451e-09, 2.9802318834981634e-08, 3.72529100900465e-08, 0.9201551079750061, -0.3915541172027588, -4.4703494239684005e-08, 0.3915541470050812, 0.9201550483703613),
            ["LowerTorso"] = CFrame.new(-0.10312975198030472, -0.1510026454925537, -0.14279159903526306, 0.9371246695518494, 0.0008058855310082436, -0.34899386763572693, -0.011569078080356121, 0.9995194673538208, -0.028757447376847267, 0.34880295395851135, 0.0309868473559618, 0.9366837739944458),
            ["Head"] = CFrame.new(3.4458935260772705e-08, -0.0000011920928955078125, 4.330649971961975e-08, 0.9441072344779968, 0.03056958317756653, 0.3282180726528168, -0.027400044724345207, 0.9995226263999939, -0.014278278686106205, -0.32849782705307007, 0.004487017635256052, 0.9444941282272339),
            ["RightUpperArm"] = CFrame.new(-5.960464477539063e-08, -1.1920928955078125e-07, 7.543712854385376e-08, 0.9470952749252319, -0.3197791874408722, -0.027421435341238976, 0.3204352557659149, 0.94696044921875, 0.024234047159552574, 0.01821749284863472, -0.03173870965838432, 0.9993302226066589),
            ["UpperTorso"] = CFrame.new(5.587935447692871e-09, 1.1920928955078125e-07, -2.60770320892334e-08, 0.9997530579566956, -0.0008990970673039556, 0.022207317873835564, -0.0034839820582419634, 0.9804892539978027, 0.19654208421707153, -0.02195075899362564, -0.19657087326049805, 0.9802439212799072),
            ["HumanoidRootPart"] = CFrame.new(0, 0, 0, 1, 0, 0, 0, 1, 0, 0, 0, 1),
            ["RightHand"] = CFrame.new(-4.470348358154297e-08, 4.76837158203125e-07, -2.9802322387695312e-08, 0.9862136244773865, 0.1628882735967636, -0.029156729578971863, -0.16363614797592163, 0.9337733387947083, -0.3182619512081146, -0.024615347385406494, 0.31864532828330994, 0.9475544095039368),
            ["LeftUpperArm"] = CFrame.new(5.960464477539063e-08, -7.152557373046875e-07, 5.960464477539063e-08, 0.850519061088562, 0.3405311107635498, -0.4008190929889679, -0.38334184885025024, 0.9231468439102173, -0.02913888543844223, 0.3600921332836151, 0.17843395471572876, 0.9156938195228577),
            ["RightLowerArm"] = CFrame.new(1.7881393432617188e-07, 4.172325134277344e-07, 1.4901161193847656e-07, 1, -5.21540641784668e-08, 2.607702853651972e-08, 1.4901159417490817e-08, 0.9479510188102722, -0.3184160888195038, 2.607702853651972e-08, 0.31841617822647095, 0.9479510188102722),
            ["LeftHand"] = CFrame.new(1.7881393432617188e-07, 3.5762786865234375e-07, -2.384185791015625e-07, 0.9855945706367493, -0.1607867181301117, 0.05244977027177811, 0.16484305262565613, 0.9826210737228394, -0.08533889800310135, -0.03781682997941971, 0.09275559335947037, 0.9949705600738525),
            ["RightUpperLeg"] = CFrame.new(-2.9802322387695312e-08, -2.5503686629235744e-07, -5.3849362302571535e-08, 0.9248356223106384, -0.3302532732486725, -0.18871106207370758, 0.30042049288749695, 0.9385102391242981, -0.17013566195964813, 0.23329497873783112, 0.10065486282110214, 0.9671825766563416),
            ["LeftUpperLeg"] = CFrame.new(0, -5.789333954453468e-07, 1.1175870895385742e-08, 0.9746441841125488, 0.2125653177499771, 0.06989145278930664, -0.15543848276138306, 0.8678591251373291, -0.4718681573867798, -0.16095873713493347, 0.44903960824012756, 0.8788945078849792),
            ["RightLowerLeg"] = CFrame.new(7.82310962677002e-08, -0.00012260675430297852, -0.00007750110671622679, 1, -4.4703494239684005e-08, -7.450577754752885e-08, 1.1175873737556685e-07, 0.7638174891471863, 0.645431399345398, -1.4901164746561335e-08, -0.6454324126243591, 0.7638182044029236),
            ["RightFoot"] = CFrame.new(-1.4901161193847656e-08, 3.5762786865234375e-07, 6.129994289949536e-08, 0.965287983417511, 0.2611495554447174, -0.0044938973151147366, -0.24227556586265564, 0.8888310194015503, -0.38894981145858765, -0.09757937490940094, 0.3765372633934021, 0.9212480783462524),
            ["LeftLowerLeg"] = CFrame.new(1.4901161193847656e-08, 0.0001227855682373047, 0.00007733702659606934, 1, 4.842877388000488e-08, 1.3038509827367761e-08, -3.725289587919178e-08, 0.7737283706665039, 0.6335172057151794, 4.470347292340193e-08, -0.6335175037384033, 0.773728609085083),
        }},
        {Time = 0.047, Data = {
            ["LeftFoot"] = CFrame.new(-2.60770320892334e-08, -5.960464477539063e-08, -1.1175870895385742e-08, 0.9905983805656433, -0.13672322034835815, 0.004654616117477417, 0.13510718941688538, 0.9724159836769104, -0.1901399940252304, 0.021470261737704277, 0.18898126482963562, 0.9817459583282471),
            ["LeftLowerArm"] = CFrame.new(-5.960464477539063e-08, -4.172325134277344e-07, 5.960464477539063e-08, 1, 1.9324948752341697e-08, 7.450582373280668e-09, 2.980232594040899e-08, 0.8983972072601318, -0.4391840696334839, -1.1175872671742582e-08, 0.4391840994358063, 0.8983972072601318),
            ["LowerTorso"] = CFrame.new(-0.12651850283145905, -0.14238405227661133, -0.18780478835105896, 0.9356387257575989, 0.004599933512508869, -0.35292917490005493, -0.0186215341091156, 0.9991658329963684, -0.03634421154856682, 0.3524675965309143, 0.04057713598012924, 0.9349439740180969),
            ["Head"] = CFrame.new(2.7939677238464355e-09, -1.1920928955078125e-07, 3.329478204250336e-08, 0.9474408626556396, 0.03804171085357666, 0.31766146421432495, -0.029583537951111794, 0.9990686774253845, -0.03140963241457939, -0.31856051087379456, 0.02036123350262642, 0.9476838707923889),
            ["RightUpperArm"] = CFrame.new(0, -1.1920928955078125e-07, 2.9802322387695312e-08, 0.9498239159584045, -0.3125452697277069, 0.012248542159795761, 0.31232327222824097, 0.9498212933540344, 0.01714082807302475, -0.016991205513477325, -0.012455226853489876, 0.999778151512146),
            ["UpperTorso"] = CFrame.new(1.4901161193847656e-08, -2.9802322387695312e-08, -3.725290298461914e-09, 0.9992862939834595, -0.006805785931646824, 0.03715740889310837, -0.0011201055021956563, 0.9778658747673035, 0.20923009514808655, -0.037759002298116684, -0.20912238955497742, 0.9771602749824524),
            ["HumanoidRootPart"] = CFrame.new(0, 0, 0, 1, 0, 0, 0, 1, 0, 0, 0, 1),
            ["RightHand"] = CFrame.new(7.636845111846924e-08, -1.1920928955078125e-07, 7.450580596923828e-08, 0.9843627214431763, 0.1735350787639618, -0.03026227280497551, -0.17406617105007172, 0.9318630695343018, -0.31832727789878845, -0.02704065851867199, 0.3186171054840088, 0.9474977254867554),
            ["LeftUpperArm"] = CFrame.new(-1.1920928955078125e-07, 3.5762786865234375e-07, 2.9802322387695312e-08, 0.854405403137207, 0.3300825357437134, -0.4012942910194397, -0.37888243794441223, 0.924279510974884, -0.0464266762137413, 0.35558339953422546, 0.19171051681041718, 0.9147718548774719),
            ["RightLowerArm"] = CFrame.new(-1.4901161193847656e-07, 5.364418029785156e-07, 1.9371509552001953e-07, 1, -3.352760913344355e-08, -2.2351741790771484e-08, 6.70552182668871e-08, 0.9087498188018799, -0.41734135150909424, 0, 0.41734135150909424, 0.9087498188018799),
            ["LeftHand"] = CFrame.new(-1.7881393432617188e-07, 5.960464477539063e-08, -5.960464477539063e-08, 0.9819640517234802, -0.17485864460468292, 0.07191091030836105, 0.1811140924692154, 0.9791173934936523, -0.09234124422073364, -0.054262563586235046, 0.10369987785816193, 0.9931273460388184),
            ["RightUpperLeg"] = CFrame.new(-1.1920928955078125e-07, -3.291643224656582e-08, 4.6733475755900145e-08, 0.9184657335281372, -0.35618799924850464, -0.1719038188457489, 0.32626309990882874, 0.9280375838279724, -0.1797185242176056, 0.2235468178987503, 0.10897936671972275, 0.9685816168785095),
            ["LeftUpperLeg"] = CFrame.new(-5.960464477539063e-08, -3.213062882423401e-08, -1.4901161193847656e-08, 0.9776703119277954, 0.18907807767391205, 0.09170780330896378, -0.1302081048488617, 0.8875836133956909, -0.44186100363731384, -0.16494444012641907, 0.4200534522533417, 0.8923836946487427),
            ["RightLowerLeg"] = CFrame.new(1.30385160446167e-08, -0.00012218952178955078, -0.0000774601285229437, 1, -5.5879368687783426e-08, -8.940696716308594e-08, 7.729979500936679e-08, 0.7368248105049133, 0.6760831475257874, -1.4156105976326216e-07, -0.6760837435722351, 0.7368254065513611),
            ["RightFoot"] = CFrame.new(2.9802322387695312e-08, 2.980232238769531e-07, 1.6952981241047382e-09, 0.9747703671455383, 0.223165825009346, -0.004452307242900133, -0.21171052753925323, 0.9180471897125244, -0.3352133333683014, -0.07072073221206665, 0.32769882678985596, 0.942131757736206),
            ["LeftLowerLeg"] = CFrame.new(1.4901161193847656e-08, 0.00012254714965820312, 0.00007742643356323242, 1, 9.313227167240257e-08, 9.313224857976365e-09, -1.862644793959589e-08, 0.7756799459457397, 0.6311262249946594, -1.4901157641133977e-08, -0.6311265230178833, 0.7756801247596741),
        }},
        {Time = 0.070, Data = {
            ["LeftFoot"] = CFrame.new(8.568167686462402e-08, -1.7881393432617188e-07, 1.862645149230957e-08, 0.9934819340705872, -0.1138959750533104, 0.004618879407644272, 0.11246494948863983, 0.9727821946144104, -0.20259927213191986, 0.018581975251436234, 0.20179815590381622, 0.9792509078979492),
            ["LeftLowerArm"] = CFrame.new(-5.364418029785156e-07, -3.5762786865234375e-07, 2.9802322387695312e-08, 1, -5.587936158235607e-08, -1.4901159417490817e-08, 3.725290298461914e-08, 0.8470205664634705, -0.5315602421760559, 7.450580596923828e-09, 0.5315603017807007, 0.8470205068588257),
            ["LowerTorso"] = CFrame.new(-0.15433688461780548, -0.13148808479309082, -0.2320163995027542, 0.9376364350318909, 0.009893003851175308, -0.3474767506122589, -0.0270982775837183, 0.9986333250999451, -0.0446903258562088, 0.3465597331523895, 0.05131930112838745, 0.9366230964660645),
            ["Head"] = CFrame.new(1.4901161193847656e-08, 4.76837158203125e-07, -5.494803190231323e-08, 0.9532266855239868, 0.0438808836042881, 0.2990541458129883, -0.029605044052004814, 0.9982028603553772, -0.052103281021118164, -0.30080297589302063, 0.04081270471215248, 0.952812671661377),
            ["RightUpperArm"] = CFrame.new(-5.960464477539063e-08, 5.960464477539062e-07, 0, 0.9525785446166992, -0.2976815104484558, 0.06308672577142715, 0.29852011799812317, 0.9543946385383606, -0.004093923140317202, -0.058990947902202606, 0.02273242361843586, 0.9979996681213379),
            ["UpperTorso"] = CFrame.new(-3.725290298461914e-09, -2.682209014892578e-07, -2.60770320892334e-08, 0.9986709952354431, -0.01351101603358984, 0.04973665624856949, 0.002086953492835164, 0.9748365879058838, 0.22291122376918793, -0.051496896892786026, -0.2225111871957779, 0.9735692143440247),
            ["HumanoidRootPart"] = CFrame.new(0, 0, 0, 1, 0, 0, 0, 1, 0, 0, 0, 1),
            ["RightHand"] = CFrame.new(3.1478703022003174e-07, -1.1920928955078125e-07, -6.705522537231445e-08, 0.9802944660186768, 0.19483682513237, -0.03257772698998451, -0.194961816072464, 0.9276798367500305, -0.3184339702129364, -0.03182099014520645, 0.3185104429721832, 0.9473851919174194),
            ["LeftUpperArm"] = CFrame.new(5.960464477539063e-08, 2.384185791015625e-07, -1.4901161193847656e-07, 0.8617348670959473, 0.3136484622955322, -0.39879536628723145, -0.37080293893814087, 0.9258309602737427, -0.07309124618768692, 0.34629204869270325, 0.2108597755432129, 0.9141225814819336),
            ["RightLowerArm"] = CFrame.new(-1.7881393432617188e-07, -7.152557373046875e-07, -6.705522537231445e-08, 1, -1.4901161193847656e-08, 1.4901161193847656e-08, 3.725289943190546e-08, 0.8291937112808228, -0.5589613318443298, 3.7252898543727042e-09, 0.5589613318443298, 0.8291937112808228),
            ["LeftHand"] = CFrame.new(-1.7881393432617188e-07, -1.1920928955078125e-07, 1.7881393432617188e-07, 0.9728725552558899, -0.2025814950466156, 0.11171284317970276, 0.2142379730939865, 0.9711635112762451, -0.10461202263832092, -0.08729904145002365, 0.12570716440677643, 0.9882189035415649),
            ["RightUpperLeg"] = CFrame.new(-2.9802322387695312e-08, -1.2177042663097382e-07, 9.480572771281004e-09, 0.9084353446960449, -0.38509324193000793, -0.16262973845005035, 0.3539807200431824, 0.9155948758125305, -0.19074513018131256, 0.22235766053199768, 0.11571171879768372, 0.9680742621421814),
            ["LeftUpperLeg"] = CFrame.new(0, -3.334134817123413e-07, -7.450580596923828e-08, 0.9821076393127441, 0.15560656785964966, 0.10607179999351501, -0.10015127062797546, 0.9085626602172852, -0.40556591749191284, -0.15948158502578735, 0.38768619298934937, 0.9078904986381531),
            ["RightLowerLeg"] = CFrame.new(-8.940696716308594e-08, -0.00012236833572387695, -0.00007746199116809294, 1, -1.4156097449813387e-07, 4.4703497792397684e-08, 1.396984004031765e-07, 0.7089611291885376, 0.7052474021911621, 5.960465188081798e-08, -0.7052475810050964, 0.7089613080024719),
            ["RightFoot"] = CFrame.new(0, 4.172325134277344e-07, 2.4047039914876223e-08, 0.9850307703018188, 0.17232339084148407, -0.004386418964713812, -0.16730031371116638, 0.949569582939148, -0.2651940882205963, -0.04153410345315933, 0.2619587779045105, 0.9641851186752319),
            ["LeftLowerLeg"] = CFrame.new(0, 0.00012254714965820312, 0.00007730722427368164, 1, 1.4901155864777138e-08, 1.1734664440155029e-07, -4.284083843231201e-08, 0.788122832775116, 0.6155182719230652, 5.587935447692871e-08, -0.6155179738998413, 0.7881226539611816),
        }},
        {Time = 0.093, Data = {
            ["LeftFoot"] = CFrame.new(4.470348358154297e-08, 0, -5.21540641784668e-08, 0.9958712458610535, -0.09066221863031387, 0.004580252803862095, 0.08970562368631363, 0.9751209020614624, -0.20271185040473938, 0.013911875896155834, 0.2022857367992401, 0.9792277812957764),
            ["LeftLowerArm"] = CFrame.new(1.7881393432617188e-07, 0, 1.7881393432617188e-07, 1, -4.470348358154297e-08, 0, 6.70552182668871e-08, 0.6941594481468201, -0.7198213934898376, -5.587934559514451e-09, 0.7198213338851929, 0.6941593885421753),
            ["LowerTorso"] = CFrame.new(-0.18299132585525513, -0.1191096305847168, -0.2729204297065735, 0.9427285194396973, 0.016687432304024696, -0.33314332365989685, -0.03656782954931259, 0.9978983998298645, -0.053494010120630264, 0.3315505087375641, 0.06261266022920609, 0.9413574934005737),
            ["Head"] = CFrame.new(5.960464477539063e-08, 2.384185791015625e-07, 8.102506399154663e-08, 0.9608393311500549, 0.043664876371622086, 0.27364447712898254, -0.02196497842669487, 0.9964010715484619, -0.0818687304854393, -0.2762344479560852, 0.07265209406614304, 0.9583404064178467),
            ["RightUpperArm"] = CFrame.new(0, -1.1920928955078125e-07, 2.9802322387695312e-08, 0.9517338871955872, -0.2783556878566742, 0.1293087601661682, 0.28637951612472534, 0.9569183588027954, -0.0478968620300293, -0.11040553450584412, 0.08261645585298538, 0.9904470443725586),
            ["UpperTorso"] = CFrame.new(1.4901161193847656e-08, -2.086162567138672e-07, -3.725290298461914e-09, 0.9980688095092773, -0.02071385271847248, 0.0585634782910347, 0.006292986683547497, 0.9716313481330872, 0.23641692101955414, -0.06179925799369812, -0.2355917990207672, 0.9698852896690369),
            ["HumanoidRootPart"] = CFrame.new(0, 0, 0, 1, 0, 0, 0, 1, 0, 0, 0, 1),
            ["RightHand"] = CFrame.new(2.980232238769531e-07, -1.1920928955078125e-07, -7.450580596923828e-08, 0.9704626202583313, 0.23812541365623474, -0.03871382027864456, -0.23786653578281403, 0.9176561236381531, -0.31831884384155273, -0.04027383774518967, 0.31812533736228943, 0.947192907333374),
            ["LeftUpperArm"] = CFrame.new(1.1920928955078125e-07, 0, 1.1920928955078125e-07, 0.8771713376045227, 0.2911149859428406, -0.38186725974082947, -0.3591673672199249, 0.9256041646003723, -0.11939797550439835, 0.31869927048683167, 0.24188673496246338, 0.9164723753929138),
            ["RightLowerArm"] = CFrame.new(-1.7881393432617188e-07, 2.384185791015625e-07, -4.470348358154297e-08, 1, -9.685756197086448e-08, 3.725290653733282e-08, 7.078051567077637e-08, 0.5614442229270935, -0.8275146484375, 2.9802322387695312e-08, 0.8275145888328552, 0.5614442229270935),
            ["LeftHand"] = CFrame.new(-5.960464477539063e-08, 1.1920928955078125e-07, -2.980232238769531e-07, 0.948448121547699, -0.25371086597442627, 0.18993960320949554, 0.2791792154312134, 0.9524852633476257, -0.12178163230419159, -0.15001735091209412, 0.16853079199790955, 0.974213719367981),
            ["RightUpperLeg"] = CFrame.new(0, -3.725290298461914e-08, -1.2835516827180982e-07, 0.8993323445320129, -0.4150989353656769, -0.13745731115341187, 0.3832034766674042, 0.899596631526947, -0.20947782695293427, 0.21061015129089355, 0.13571584224700928, 0.9681036472320557),
            ["LeftUpperLeg"] = CFrame.new(-2.384185791015625e-07, 1.1734664440155029e-07, 3.725290298461914e-08, 0.9870851635932922, 0.11576931178569794, 0.11072700470685959, -0.06808589398860931, 0.9288371801376343, -0.3641781508922577, -0.1450079381465912, 0.351936012506485, 0.9247236251831055),
            ["RightLowerLeg"] = CFrame.new(-1.2665987014770508e-07, -0.00012236833572387695, -0.00007735023245913908, 1, -4.8428763221863846e-08, -7.450579175838357e-08, 1.6391277313232422e-07, 0.6656040549278259, 0.7463045716285706, 4.470348358154297e-08, -0.7463051080703735, 0.6656045317649841),
            ["RightFoot"] = CFrame.new(1.4901161193847656e-08, 2.980232238769531e-07, -5.045876605436206e-08, 0.9901249408721924, 0.1401212066411972, -0.004338936414569616, -0.13890016078948975, 0.976372241973877, -0.1655411720275879, -0.018959559500217438, 0.1645096391439438, 0.9861934185028076),
            ["LeftLowerLeg"] = CFrame.new(4.470348358154297e-08, 0.00012242794036865234, 0.0000775754451751709, 1, 4.842875256372281e-08, 7.264320345257147e-08, -4.284084198502569e-08, 0.810019850730896, 0.5864033699035645, -1.4901162970204496e-08, -0.5864025354385376, 0.8100191950798035),
        }},
        {Time = 0.116, Data = {
            ["LeftFoot"] = CFrame.new(7.450580596923828e-09, 5.960464477539063e-08, -4.0978193283081055e-08, 0.9975385665893555, -0.06997238099575043, 0.0045436350628733635, 0.0695597231388092, 0.9793146252632141, -0.19001175463199615, 0.008845779113471508, 0.18985986709594727, 0.9817712903022766),
            ["LeftLowerArm"] = CFrame.new(5.960464477539063e-08, -4.172325134277344e-07, -4.7963112592697144e-08, 1, -1.0430811414607888e-07, 6.705523247774181e-08, 1.2665985593685036e-07, 0.3967346251010895, -0.9179334044456482, 6.18747364455885e-08, 0.9179333448410034, 0.39673465490341187),
            ["LowerTorso"] = CFrame.new(-0.2088882178068161, -0.10603117942810059, -0.3071392774581909, 0.9490283727645874, 0.025366846472024918, -0.3141682744026184, -0.04719499871134758, 0.9969554543495178, -0.062067948281764984, 0.3116373121738434, 0.07373141497373581, 0.9473361968994141),
            ["Head"] = CFrame.new(3.725290298461914e-08, -1.1920928955078125e-07, 9.872019290924072e-08, 0.9682978391647339, 0.035076290369033813, 0.24732373654842377, -0.0063491822220385075, 0.9932283759117126, -0.1160053089261055, -0.24971793591976166, 0.11075738817453384, 0.9619635343551636),
            ["RightUpperArm"] = CFrame.new(-5.960464477539063e-08, -3.5762786865234375e-07, 4.470348358154297e-08, 0.9432089924812317, -0.2582411468029022, 0.20896965265274048, 0.2863251268863678, 0.9509361386299133, -0.11721132695674896, -0.16844798624515533, 0.17038802802562714, 0.9708724021911621),
            ["UpperTorso"] = CFrame.new(4.470348358154297e-08, -2.9802322387695312e-08, 7.450580596923828e-09, 0.9976333975791931, -0.02891816943883896, 0.0623815655708313, 0.01251199096441269, 0.9684609174728394, 0.24885129928588867, -0.06761041283607483, -0.2474818378686905, 0.9665306806564331),
            ["HumanoidRootPart"] = CFrame.new(0, 0, 0, 1, 0, 0, 0, 1, 0, 0, 0, 1),
            ["RightHand"] = CFrame.new(1.043081283569336e-07, 0, -2.2351741790771484e-07, 0.9526968598365784, 0.2999829351902008, -0.04877633973956108, -0.2995326519012451, 0.8995862007141113, -0.3178443908691406, -0.0514693483710289, 0.3174194395542145, 0.9468874335289001),
            ["LeftUpperArm"] = CFrame.new(0, -3.5762786865234375e-07, 4.470348358154297e-08, 0.8972110152244568, 0.2659308612346649, -0.35255253314971924, -0.3453448712825775, 0.9200928211212158, -0.18484117090702057, 0.27522602677345276, 0.2875937521457672, 0.9173551201820374),
            ["RightLowerArm"] = CFrame.new(1.7881393432617188e-07, -2.384185791015625e-07, -1.4901161193847656e-08, 1, -9.313227167240257e-08, 7.869676466043529e-08, 7.194466888904572e-08, 0.17135567963123322, -0.9852093458175659, 7.171183824539185e-08, 0.9852093458175659, 0.17135567963123322),
            ["LeftHand"] = CFrame.new(-3.5762786865234375e-07, 1.1920928955078125e-07, 1.7881393432617188e-07, 0.8983360528945923, -0.3207951486110687, 0.30013802647590637, 0.3715955317020416, 0.9192981123924255, -0.12964461743831635, -0.23432692885398865, 0.22799445688724518, 0.9450446367263794),
            ["RightUpperLeg"] = CFrame.new(1.1920928955078125e-07, -6.076879799365997e-07, -3.894820110872388e-08, 0.8942685723304749, -0.43209174275398254, -0.11653542518615723, 0.3910035789012909, 0.8810383677482605, -0.2662475109100342, 0.21771542727947235, 0.1925308108329773, 0.9568343162536621),
            ["LeftUpperLeg"] = CFrame.new(8.940696716308594e-08, -4.973262548446655e-07, 4.470348358154297e-08, 0.9913665056228638, 0.074674092233181, 0.10777874290943146, -0.03673853725194931, 0.9472529292106628, -0.31837430596351624, -0.12586793303489685, 0.3116660416126251, 0.9418182373046875),
            ["RightLowerLeg"] = CFrame.new(-1.4901161193847656e-08, -0.00012242794036865234, -0.00007743963942630216, 1, -1.1920923270736239e-07, -1.4901164746561335e-08, 1.564621925354004e-07, 0.5822670459747314, 0.8129972815513611, -8.195638656616211e-08, -0.812997579574585, 0.5822675228118896),
            ["RightFoot"] = CFrame.new(2.9802322387695312e-08, 2.980232238769531e-07, -2.0656443666666746e-08, 0.9927538633346558, 0.12008875608444214, -0.004307121969759464, -0.12004812061786652, 0.9895575046539307, -0.07977709919214249, -0.005318298935890198, 0.07971660792827606, 0.9968035221099854),
            ["LeftLowerLeg"] = CFrame.new(1.1175870895385742e-07, 0.00012284517288208008, 0.00007739663124084473, 1, 1.3038520485508798e-08, 5.6810655735262117e-08, -4.44706529378891e-08, 0.8400741219520569, 0.5424714684486389, 1.30385160446167e-08, -0.5424717664718628, 0.8400742411613464),
        }},
        {Time = 0.140, Data = {
            ["LeftFoot"] = CFrame.new(4.6566128730773926e-08, -5.960464477539063e-08, 1.1175870895385742e-08, 0.9985342621803284, -0.0539354532957077, 0.0045142145827412605, 0.0539407953619957, 0.9848270416259766, -0.16494332253932953, 0.004450601991266012, 0.16494505107402802, 0.9862927794456482),
            ["LeftLowerArm"] = CFrame.new(2.384185791015625e-07, 1.7881393432617188e-07, 0, 1, -1.7229467630386353e-08, 5.960465898624534e-08, 1.3411047916633834e-07, 0.0692746490240097, -0.9975976347923279, 1.1734667282325972e-07, 0.9975976347923279, 0.06927463412284851),
            ["LowerTorso"] = CFrame.new(-0.22915862500667572, -0.09286832809448242, -0.3332815170288086, 0.9549185633659363, 0.036056969314813614, -0.29467013478279114, -0.05907966196537018, 0.9958238005638123, -0.06960281729698181, 0.2909298837184906, 0.08387403190135956, 0.9530608654022217),
            ["Head"] = CFrame.new(-7.450580596923828e-09, 1.1920928955078125e-07, -1.4901161193847656e-08, 0.9739042520523071, 0.02011650800704956, 0.2260662019252777, 0.011249025352299213, 0.9905615448951721, -0.13660645484924316, -0.22668056190013885, 0.13558468222618103, 0.9644858241081238),
            ["RightUpperArm"] = CFrame.new(-5.960464477539063e-08, 2.384185791015625e-07, -4.470348358154297e-08, 0.9246475696563721, -0.23309770226478577, 0.30115199089050293, 0.3018881678581238, 0.9307049512863159, -0.20652355253696442, -0.23214353621006012, 0.28187569975852966, 0.9309434294700623),
            ["UpperTorso"] = CFrame.new(-2.9802322387695312e-08, 0, -8.195638656616211e-08, 0.997420072555542, -0.03934364393353462, 0.06004485860466957, 0.022471461445093155, 0.9655181169509888, 0.25936445593833923, -0.06817875802516937, -0.2573460340499878, 0.963911235332489),
            ["HumanoidRootPart"] = CFrame.new(0, 0, 0, 1, 0, 0, 0, 1, 0, 0, 0, 1),
            ["RightHand"] = CFrame.new(-2.9802322387695312e-08, 1.1920928955078125e-07, 3.2782554626464844e-07, 0.9299070239067078, 0.36301687359809875, -0.05909237265586853, -0.36231017112731934, 0.8764954805374146, -0.3169969320297241, -0.06328102946281433, 0.31618741154670715, 0.9465839266777039),
            ["LeftUpperArm"] = CFrame.new(0, 1.1920928955078125e-07, -4.470348358154297e-08, 0.9165157675743103, 0.24248196184635162, -0.3181217908859253, -0.3303900361061096, 0.9072284698486328, -0.26034387946128845, 0.22548052668571472, 0.34371355175971985, 0.9116027355194092),
            ["RightLowerArm"] = CFrame.new(1.1920928955078125e-07, 3.5762786865234375e-07, 2.2351741790771484e-08, 1, -8.009372010064908e-08, 8.00937343115038e-08, 8.475033297372647e-08, -0.09550043195486069, -0.9954293966293335, 1.0617074508445512e-07, 0.9954293966293335, -0.0955004170536995),
            ["LeftHand"] = CFrame.new(-1.7881393432617188e-07, -2.384185791015625e-07, -1.4901161193847656e-07, 0.8264614343643188, -0.384309858083725, 0.41142144799232483, 0.4659024775028229, 0.8771225810050964, -0.11658008396625519, -0.3160642385482788, 0.2880311906337738, 0.903958797454834),
            ["RightUpperLeg"] = CFrame.new(1.1920928955078125e-07, 1.9744038581848145e-07, -6.129994289949536e-08, 0.8956810235977173, -0.4269227683544159, -0.12446904927492142, 0.3672488331794739, 0.8679589033126831, -0.3343285024166107, 0.25076648592948914, 0.25374048948287964, 0.9342012405395508),
            ["LeftUpperLeg"] = CFrame.new(-1.1920928955078125e-07, 1.601874828338623e-07, 0, 0.9943063855171204, 0.036382146179676056, 0.10015612840652466, -0.008256922475993633, 0.9633879661560059, -0.2679840624332428, -0.10623904317617416, 0.2656313180923462, 0.9582031965255737),
            ["RightLowerLeg"] = CFrame.new(2.9802322387695312e-08, -0.00012236833572387695, -0.00007749924407107756, 1, -1.2665984172599565e-07, -4.4703490686970326e-08, 9.685754776000977e-08, 0.5038950443267822, 0.8637646436691284, -1.7881393432617188e-07, -0.8637649416923523, 0.50389564037323),
            ["RightFoot"] = CFrame.new(-1.4901161193847656e-08, 4.76837158203125e-07, 2.4047039914876223e-08, 0.998997688293457, 0.044566184282302856, -0.004172788001596928, -0.04475356265902519, 0.9961953163146973, -0.07477942109107971, 0.0008243172196671367, 0.07489138096570969, 0.9971914291381836),
            ["LeftLowerLeg"] = CFrame.new(0, 0.00012254714965820312, 0.00007744133472442627, 1, 7.823107495141812e-08, -4.749744064724837e-08, -5.5879347371501353e-08, 0.8762195110321045, 0.48191210627555847, -5.587934559514451e-09, -0.48191210627555847, 0.8762195110321045),
        }},
        {Time = 0.163, Data = {
            ["LeftFoot"] = CFrame.new(-4.377216100692749e-08, -1.1920928955078125e-07, 8.381903171539307e-08, 0.9990723729133606, -0.04282829537987709, 0.0044930181466042995, 0.04305018112063408, 0.9907239079475403, -0.1288907378911972, 0.0010689122136682272, 0.12896473705768585, 0.9916486740112305),
            ["LeftLowerArm"] = CFrame.new(-5.960464477539063e-08, 4.76837158203125e-07, 1.1920928955078125e-07, 1, -6.70552182668871e-08, 7.450580596923828e-08, 1.0430814256778831e-07, -0.21094617247581482, -0.9774977564811707, 1.1920930376163597e-07, 0.9774976968765259, -0.2109462022781372),
            ["LowerTorso"] = CFrame.new(-0.243051677942276, -0.08085846900939941, -0.35315632820129395, 0.9596452116966248, 0.049728523939847946, -0.2767818570137024, -0.07321096211671829, 0.9944804310798645, -0.0751584842801094, 0.2715166211128235, 0.09238893538713455, 0.9579890966415405),
            ["Head"] = CFrame.new(-2.9802322387695312e-08, -1.1920928955078125e-07, -1.1548399925231934e-07, 0.9776483178138733, 0.006445675622671843, 0.21014848351478577, 0.024502839893102646, 0.9892258048057556, -0.14433300495147705, -0.20881463587284088, 0.14625614881515503, 0.9669569730758667),
            ["RightUpperArm"] = CFrame.new(0, -4.76837158203125e-07, -5.960464477539063e-08, 0.8997881412506104, -0.1967790424823761, 0.38943469524383545, 0.33018091320991516, 0.8905496001243591, -0.31289300322532654, -0.285240113735199, 0.4101213812828064, 0.8662786483764648),
            ["UpperTorso"] = CFrame.new(-7.450580596923828e-09, 8.940696716308594e-08, 4.0978193283081055e-08, 0.9971341490745544, -0.05412851646542549, 0.05285440385341644, 0.038128823041915894, 0.9629790186882019, 0.2668664753437042, -0.06534278392791748, -0.26408645510673523, 0.9622831344604492),
            ["HumanoidRootPart"] = CFrame.new(0, 0, 0, 1, 0, 0, 0, 1, 0, 0, 0, 1),
            ["RightHand"] = CFrame.new(2.086162567138672e-07, -2.384185791015625e-07, -1.1920928955078125e-07, 0.9090803861618042, 0.41139301657676697, -0.06579305976629257, -0.4100046753883362, 0.8553856611251831, -0.3165622353553772, -0.07395292818546295, 0.3147558569908142, 0.9462873935699463),
            ["LeftUpperArm"] = CFrame.new(0, 4.76837158203125e-07, 0, 0.9305572509765625, 0.22479335963726044, -0.2890177369117737, -0.3192889094352722, 0.8845524787902832, -0.3400317132472992, 0.1792144477367401, 0.4086991846561432, 0.8949007391929626),
            ["RightLowerArm"] = CFrame.new(0, 0, -2.9802322387695312e-08, 1, -1.1920928955078125e-07, 1.2665987014770508e-07, 6.519258732851085e-08, -0.3041404187679291, -0.9526272416114807, 1.266598843585598e-07, 0.9526272416114807, -0.3041403293609619),
            ["LeftHand"] = CFrame.new(-2.384185791015625e-07, 2.980232238769531e-07, 4.6938657760620117e-07, 0.7560121417045593, -0.4294106960296631, 0.4940165579319, 0.5362231731414795, 0.8391339778900146, -0.09120777249336243, -0.3753804862499237, 0.3338574469089508, 0.8646553158760071),
            ["RightUpperLeg"] = CFrame.new(1.1920928955078125e-07, -6.612390279769897e-07, 8.77116690389812e-08, 0.9298540353775024, -0.36404553055763245, -0.05331369489431381, 0.3258284330368042, 0.8820716142654419, -0.3402726352214813, 0.170901358127594, 0.2990327477455139, 0.9388142824172974),
            ["LeftUpperLeg"] = CFrame.new(0, -3.91155481338501e-07, 1.4901161193847656e-08, 0.9959375262260437, 0.0012764646671712399, 0.09003765881061554, 0.017912203446030617, 0.9771084189414978, -0.21198689937591553, -0.08824723958969116, 0.2127385139465332, 0.9731159806251526),
            ["RightLowerLeg"] = CFrame.new(-2.9802322387695312e-08, -0.00012230873107910156, -0.00007740983710391447, 1, -7.450579175838357e-08, -1.49011640360186e-07, 1.341104507446289e-07, 0.48992612957954407, 0.8717638850212097, -8.940696716308594e-08, -0.8717640042304993, 0.48992615938186646),
            ["RightFoot"] = CFrame.new(-1.1175870895385742e-08, 3.5762786865234375e-07, -2.8107024263590574e-08, 0.9997082948684692, 0.023800108581781387, -0.004131437279284, -0.02414073422551155, 0.9904168248176575, -0.13598418235778809, 0.0008555055828765035, 0.13604453206062317, 0.9907025098800659),
            ["LeftLowerLeg"] = CFrame.new(1.3783574104309082e-07, 0.0001227855682373047, 0.0000775456428527832, 1, -1.8626444830971423e-09, 9.359795427599238e-08, -4.0978196835794733e-08, 0.9153205752372742, 0.402726411819458, 1.862645371275562e-09, -0.40272611379623413, 0.9153204560279846),
        }},
        {Time = 0.186, Data = {
            ["LeftFoot"] = CFrame.new(4.563480615615845e-08, 1.1920928955078125e-07, -1.862645149230957e-09, 0.9993016123771667, -0.037097495049238205, 0.004481816198676825, 0.03734298422932625, 0.9957699775695801, -0.08395137637853622, -0.0013485430972650647, 0.08406014740467072, 0.9964597821235657),
            ["LeftLowerArm"] = CFrame.new(8.940696716308594e-08, 5.364418029785156e-07, 2.384185791015625e-07, 1, -1.0430814256778831e-07, 1.0244548320770264e-07, 5.960465188081798e-08, -0.39542442560195923, -0.9184985160827637, 1.266598843585598e-07, 0.9184985756874084, -0.39542439579963684),
            ["LowerTorso"] = CFrame.new(-0.2497425526380539, -0.07168316841125488, -0.3659040629863739, 0.9633694291114807, 0.0646919384598732, -0.2602582275867462, -0.08778896927833557, 0.9930717945098877, -0.07811269164085388, 0.25340181589126587, 0.09809917956590652, 0.962374210357666),
            ["Head"] = CFrame.new(-7.450580596923828e-09, -4.76837158203125e-07, -1.862645149230957e-09, 0.9803241491317749, 0.002610415918752551, 0.197377547621727, 0.027664074674248695, 0.9882274270057678, -0.15047016739845276, -0.1954466700553894, 0.15296977758407593, 0.9687110185623169),
            ["RightUpperArm"] = CFrame.new(0, -2.384185791015625e-07, -5.960464477539063e-08, 0.88264399766922, -0.1463852822780609, 0.4466666877269745, 0.35791411995887756, 0.8252949714660645, -0.436790406703949, -0.30469200015068054, 0.5453986525535583, 0.7808349132537842),
            ["UpperTorso"] = CFrame.new(0, -8.940696716308594e-08, -1.1175870895385742e-08, 0.9964857697486877, -0.07133043557405472, 0.043911438435316086, 0.056862905621528625, 0.9609941244125366, 0.2706601619720459, -0.06150491535663605, -0.26721206307411194, 0.9616730213165283),
            ["HumanoidRootPart"] = CFrame.new(0, 0, 0, 1, 0, 0, 0, 1, 0, 0, 0, 1),
            ["RightHand"] = CFrame.new(3.129243850708008e-07, -2.384185791015625e-07, -1.2665987014770508e-07, 0.9002538919448853, 0.4305284917354584, -0.06471569836139679, -0.4275650084018707, 0.8462905883789062, -0.3177741765975952, -0.08204249292612076, 0.3137475550174713, 0.9459553956985474),
            ["LeftUpperArm"] = CFrame.new(1.1920928955078125e-07, -1.1920928955078125e-07, 0, 0.9390136003494263, 0.2153143286705017, -0.2681293487548828, -0.3155708611011505, 0.8493480682373047, -0.42311105132102966, 0.1366332620382309, 0.4819207787513733, 0.8654963374137878),
            ["RightLowerArm"] = CFrame.new(2.384185791015625e-07, -3.5762786865234375e-07, -2.086162567138672e-07, 1, -7.450579175838357e-08, 1.1175866632129328e-07, 7.450580596923828e-08, -0.40969517827033997, -0.9122225642204285, 1.564621925354004e-07, 0.9122224450111389, -0.40969520807266235),
            ["LeftHand"] = CFrame.new(-1.1920928955078125e-07, 5.960464477539062e-07, 4.898756742477417e-07, 0.724126398563385, -0.4464304745197296, 0.5256813764572144, 0.563241183757782, 0.822676956653595, -0.0772138312458992, -0.39799538254737854, 0.351997971534729, 0.8471700549125671),
            ["RightUpperLeg"] = CFrame.new(-8.940696716308594e-08, 2.5797635316848755e-07, -3.149762051180005e-08, 0.9599960446357727, -0.2600739598274231, 0.10377422720193863, 0.279903382062912, 0.9016833901405334, -0.3295774757862091, -0.007856939919292927, 0.34543976187705994, 0.9384080767631531),
            ["LeftUpperLeg"] = CFrame.new(8.940696716308594e-08, -8.940696716308594e-08, -1.4901161193847656e-08, 0.9966608285903931, -0.027779769152402878, 0.07678208500146866, 0.03944625332951546, 0.987145721912384, -0.15487869083881378, -0.07149255275726318, 0.15739040076732635, 0.9849452972412109),
