return {
    ["Mio Honda Step"] = {
        {Time = 0.000, Data = {
            ["LeftFoot"] = CFrame.new(-5.522823798287391e-08, 0, 4.864443781116279e-08, 1, -2.9802322387695312e-08, -1.1920930376163597e-07, -7.450581485102248e-09, 0.9509130716323853, -0.3094581961631775, 1.1920930376163597e-07, 0.30945828557014465, 0.9509130716323853),
            ["LeftLowerArm"] = CFrame.new(-1.7881393432617188e-07, -4.172325134277344e-07, -8.940696716308594e-08, 1, -1.0058282384761696e-07, 1.0244548320770264e-07, 1.154839708306099e-07, -0.011947600170969963, -0.9999286532402039, 9.685752644372769e-08, 0.9999286532402039, -0.011947646737098694),
            ["LowerTorso"] = CFrame.new(0, -0.0970832109451294, 0, 1, 0, 0, 0, 1, 0, 0, 0, 1),
            ["Head"] = CFrame.new(0, 0, 0, 1, 0, 0, 0, 1, 0, 0, 0, 1),
            ["RightUpperArm"] = CFrame.new(0.03639483451843262, -0.4344291687011719, -0.09609374403953552, 0.5501664280891418, 0.6919902563095093, 0.46740391850471497, 0.09298945963382721, 0.5054781436920166, -0.8578140139579773, -0.8298614621162415, 0.5154041051864624, 0.21374930441379547),
            ["UpperTorso"] = CFrame.new(0, 1.1920928955078125e-07, 0, 1, 0, 0, 0, 1, 0, 0, 0, 1),
            ["HumanoidRootPart"] = CFrame.new(0, 0, 0, 1, 0, 0, 0, 1, 0, 0, 0, 1),
            ["RightHand"] = CFrame.new(-4.470348358154297e-08, -3.5762786865234375e-07, -8.940696716308594e-08, 0.9917538166046143, -0.07486046105623245, -0.10402080416679382, 0.026128794997930527, 0.9127236604690552, -0.4077412486076355, 0.1254659742116928, 0.4016610085964203, 0.9071531295776367),
            ["LeftUpperArm"] = CFrame.new(-0.15272772312164307, -0.32114553451538086, -0.012730916030704975, 0.6313567161560059, -0.6044559478759766, -0.4858207106590271, 0.035669174045324326, 0.6484391093254089, -0.7604304552078247, 0.7746717929840088, 0.46277400851249695, 0.43095681071281433),
            ["RightLowerArm"] = CFrame.new(1.1920928955078125e-07, -1.1920928955078125e-07, -1.4901161193847656e-08, 1, -1.266598843585598e-07, 1.5273688802608376e-07, 8.568166975919667e-08, 0.07802040129899979, -0.9969517588615417, 9.685753354915505e-08, 0.9969518184661865, 0.07802043855190277),
            ["LeftHand"] = CFrame.new(1.4901161193847656e-07, -1.7881393432617188e-07, -8.940696716308594e-08, 0.8935865163803101, -0.07090145349502563, 0.4432561993598938, 0.1393321305513382, 0.9824849963188171, -0.12373354285955429, -0.4267197251319885, 0.1723264753818512, 0.8878141641616821),
            ["RightUpperLeg"] = CFrame.new(0, 0, 0, 0.9618122577667236, -0.09550221264362335, -0.25650835037231445, 0.000016495047020725906, 0.9371737241744995, -0.3488631546497345, 0.27371013164520264, 0.33553647994995117, 0.9013867378234863),
            ["LeftUpperLeg"] = CFrame.new(0, 0, 0, 0.9618132710456848, 0.09545337408781052, 0.2565227746963501, 3.049042618386011e-08, 0.937218189239502, -0.3487435579299927, -0.2737065553665161, 0.3354261815547943, 0.9014288783073425),
            ["RightLowerLeg"] = CFrame.new(-4.8932633944787085e-08, -0.000003516674041748047, -0.000013290140486788005, 1, -1.7005004337988794e-07, -1.4451872587528669e-08, 1.3849967217538506e-07, 0.7832144498825073, 0.6217514276504517, -7.235394150484353e-08, -0.6217516660690308, 0.7832146883010864),
            ["RightFoot"] = CFrame.new(-3.0213413992896676e-09, 2.384185791015625e-07, 7.712515071034431e-09, 1, 0.000016681835404597223, 3.2782602943370875e-07, -0.000015698373317718506, 0.950914204120636, -0.30945444107055664, -0.000005543231964111328, 0.3094547390937805, 0.9509143233299255),
            ["LeftLowerLeg"] = CFrame.new(-4.486377491730309e-09, 0.0000036954879760742188, 0.000013336539268493652, 1, 5.8507467315394024e-08, -2.2885393136107268e-08, -5.516057299814747e-08, 0.7832913994789124, 0.6216546297073364, 2.4337094117754532e-08, -0.621654748916626, 0.7832915186882019),
        }},
        {Time = 0.033, Data = {
            ["LeftFoot"] = CFrame.new(-5.522823798287391e-08, 0, 4.864443781116279e-08, 1, -2.9802322387695312e-08, -1.1920930376163597e-07, -7.450581485102248e-09, 0.9509130716323853, -0.3094581961631775, 1.1920930376163597e-07, 0.30945828557014465, 0.9509130716323853),
            ["LeftLowerArm"] = CFrame.new(-1.7881393432617188e-07, -4.172325134277344e-07, -8.940696716308594e-08, 1, -1.0058282384761696e-07, 1.0244548320770264e-07, 1.154839708306099e-07, -0.011947600170969963, -0.9999286532402039, 9.685752644372769e-08, 0.9999286532402039, -0.011947646737098694),
            ["LowerTorso"] = CFrame.new(0, -0.0970832109451294, 0, 1, 0, 0, 0, 1, 0, 0, 0, 1),
            ["Head"] = CFrame.new(0, 0, 0, 1, 0, 0, 0, 1, 0, 0, 0, 1),
            ["RightUpperArm"] = CFrame.new(0.03639483451843262, -0.4344291687011719, -0.09609374403953552, 0.5501664280891418, 0.6919902563095093, 0.46740391850471497, 0.09298945963382721, 0.5054781436920166, -0.8578140139579773, -0.8298614621162415, 0.5154041051864624, 0.21374930441379547),
            ["UpperTorso"] = CFrame.new(0, 1.1920928955078125e-07, 0, 1, 0, 0, 0, 1, 0, 0, 0, 1),
            ["HumanoidRootPart"] = CFrame.new(0, 0, 0, 1, 0, 0, 0, 1, 0, 0, 0, 1),
            ["RightHand"] = CFrame.new(-4.470348358154297e-08, -3.5762786865234375e-07, -8.940696716308594e-08, 0.9917538166046143, -0.07486046105623245, -0.10402080416679382, 0.026128794997930527, 0.9127236604690552, -0.4077412486076355, 0.1254659742116928, 0.4016610085964203, 0.9071531295776367),
            ["LeftUpperArm"] = CFrame.new(-0.15272772312164307, -0.32114553451538086, -0.012730916030704975, 0.6313567161560059, -0.6044559478759766, -0.4858207106590271, 0.035669174045324326, 0.6484391093254089, -0.7604304552078247, 0.7746717929840088, 0.46277400851249695, 0.43095681071281433),
            ["RightLowerArm"] = CFrame.new(1.1920928955078125e-07, -1.1920928955078125e-07, -1.4901161193847656e-08, 1, -1.266598843585598e-07, 1.5273688802608376e-07, 8.568166975919667e-08, 0.07802040129899979, -0.9969517588615417, 9.685753354915505e-08, 0.9969518184661865, 0.07802043855190277),
            ["LeftHand"] = CFrame.new(1.4901161193847656e-07, -1.7881393432617188e-07, -8.940696716308594e-08, 0.8935865163803101, -0.07090145349502563, 0.4432561993598938, 0.1393321305513382, 0.9824849963188171, -0.12373354285955429, -0.4267197251319885, 0.1723264753818512, 0.8878141641616821),
            ["RightUpperLeg"] = CFrame.new(0, 0, 0, 0.9618122577667236, -0.09550221264362335, -0.25650835037231445, 0.000016495047020725906, 0.9371737241744995, -0.3488631546497345, 0.27371013164520264, 0.33553647994995117, 0.9013867378234863),
            ["LeftUpperLeg"] = CFrame.new(0, 0, 0, 0.9618132710456848, 0.09545337408781052, 0.2565227746963501, 3.049042618386011e-08, 0.937218189239502, -0.3487435579299927, -0.2737065553665161, 0.3354261815547943, 0.9014288783073425),
            ["RightLowerLeg"] = CFrame.new(-4.8932633944787085e-08, -0.000003516674041748047, -0.000013290140486788005, 1, -1.7005004337988794e-07, -1.4451872587528669e-08, 1.3849967217538506e-07, 0.7832144498825073, 0.6217514276504517, -7.235394150484353e-08, -0.6217516660690308, 0.7832146883010864),
            ["RightFoot"] = CFrame.new(-3.0213413992896676e-09, 2.384185791015625e-07, 7.712515071034431e-09, 1, 0.000016681835404597223, 3.2782602943370875e-07, -0.000015698373317718506, 0.950914204120636, -0.30945444107055664, -0.000005543231964111328, 0.3094547390937805, 0.9509143233299255),
            ["LeftLowerLeg"] = CFrame.new(-4.486377491730309e-09, 0.0000036954879760742188, 0.000013336539268493652, 1, 5.8507467315394024e-08, -2.2885393136107268e-08, -5.516057299814747e-08, 0.7832913994789124, 0.6216546297073364, 2.4337094117754532e-08, -0.621654748916626, 0.7832915186882019),
        }},
        {Time = 0.067, Data = {
            ["LeftFoot"] = CFrame.new(-5.522823798287391e-08, 0, 4.864443781116279e-08, 1, -2.9802322387695312e-08, -1.1920930376163597e-07, -7.450581485102248e-09, 0.9509130716323853, -0.3094581961631775, 1.1920930376163597e-07, 0.30945828557014465, 0.9509130716323853),
            ["LeftLowerArm"] = CFrame.new(-1.7881393432617188e-07, -4.172325134277344e-07, -8.940696716308594e-08, 1, -1.0058282384761696e-07, 1.0244548320770264e-07, 1.154839708306099e-07, -0.011947600170969963, -0.9999286532402039, 9.685752644372769e-08, 0.9999286532402039, -0.011947646737098694),
            ["LowerTorso"] = CFrame.new(0, -0.0970832109451294, 0, 1, 0, 0, 0, 1, 0, 0, 0, 1),
            ["Head"] = CFrame.new(0, 0, 0, 1, 0, 0, 0, 1, 0, 0, 0, 1),
            ["RightUpperArm"] = CFrame.new(0.03639483451843262, -0.4344291687011719, -0.09609374403953552, 0.5501664280891418, 0.6919902563095093, 0.46740391850471497, 0.09298945963382721, 0.5054781436920166, -0.8578140139579773, -0.8298614621162415, 0.5154041051864624, 0.21374930441379547),
            ["UpperTorso"] = CFrame.new(0, 1.1920928955078125e-07, 0, 1, 0, 0, 0, 1, 0, 0, 0, 1),
            ["HumanoidRootPart"] = CFrame.new(0, 0, 0, 1, 0, 0, 0, 1, 0, 0, 0, 1),
            ["RightHand"] = CFrame.new(-4.470348358154297e-08, -3.5762786865234375e-07, -8.940696716308594e-08, 0.9917538166046143, -0.07486046105623245, -0.10402080416679382, 0.026128794997930527, 0.9127236604690552, -0.4077412486076355, 0.1254659742116928, 0.4016610085964203, 0.9071531295776367),
            ["LeftUpperArm"] = CFrame.new(-0.15272772312164307, -0.32114553451538086, -0.012730916030704975, 0.6313567161560059, -0.6044559478759766, -0.4858207106590271, 0.035669174045324326, 0.6484391093254089, -0.7604304552078247, 0.7746717929840088, 0.46277400851249695, 0.43095681071281433),
            ["RightLowerArm"] = CFrame.new(1.1920928955078125e-07, -1.1920928955078125e-07, -1.4901161193847656e-08, 1, -1.266598843585598e-07, 1.5273688802608376e-07, 8.568166975919667e-08, 0.07802040129899979, -0.9969517588615417, 9.685753354915505e-08, 0.9969518184661865, 0.07802043855190277),
            ["LeftHand"] = CFrame.new(1.4901161193847656e-07, -1.7881393432617188e-07, -8.940696716308594e-08, 0.8935865163803101, -0.07090145349502563, 0.4432561993598938, 0.1393321305513382, 0.9824849963188171, -0.12373354285955429, -0.4267197251319885, 0.1723264753818512, 0.8878141641616821),
            ["RightUpperLeg"] = CFrame.new(0, 0, 0, 0.9618122577667236, -0.09550221264362335, -0.25650835037231445, 0.000016495047020725906, 0.9371737241744995, -0.3488631546497345, 0.27371013164520264, 0.33553647994995117, 0.9013867378234863),
            ["LeftUpperLeg"] = CFrame.new(0, 0, 0, 0.9618132710456848, 0.09545337408781052, 0.2565227746963501, 3.049042618386011e-08, 0.937218189239502, -0.3487435579299927, -0.2737065553665161, 0.3354261815547943, 0.9014288783073425),
            ["RightLowerLeg"] = CFrame.new(-4.8932633944787085e-08, -0.000003516674041748047, -0.000013290140486788005, 1, -1.7005004337988794e-07, -1.4451872587528669e-08, 1.3849967217538506e-07, 0.7832144498825073, 0.6217514276504517, -7.235394150484353e-08, -0.6217516660690308, 0.7832146883010864),
            ["RightFoot"] = CFrame.new(-3.0213413992896676e-09, 2.384185791015625e-07, 7.712515071034431e-09, 1, 0.000016681835404597223, 3.2782602943370875e-07, -0.000015698373317718506, 0.950914204120636, -0.30945444107055664, -0.000005543231964111328, 0.3094547390937805, 0.9509143233299255),
            ["LeftLowerLeg"] = CFrame.new(-4.486377491730309e-09, 0.0000036954879760742188, 0.000013336539268493652, 1, 5.8507467315394024e-08, -2.2885393136107268e-08, -5.516057299814747e-08, 0.7832913994789124, 0.6216546297073364, 2.4337094117754532e-08, -0.621654748916626, 0.7832915186882019),
        }},
        {Time = 0.100, Data = {
            ["LeftFoot"] = CFrame.new(-3.9423376563263446e-08, 5.960464477539063e-08, 3.386321623111144e-08, 1, -2.9802322387695312e-08, -8.940698847936801e-08, 0, 0.8794117569923401, -0.47606194019317627, 8.940698137394065e-08, 0.47606202960014343, 0.8794118165969849),
            ["LeftLowerArm"] = CFrame.new(-1.4901161193847656e-07, -1.1920928955078125e-07, -5.960464477539063e-08, 1, -1.0058282384761696e-07, 1.0244548320770264e-07, 1.154839708306099e-07, -0.011947600170969963, -0.9999286532402039, 9.685752644372769e-08, 0.9999286532402039, -0.011947646737098694),
            ["LowerTorso"] = CFrame.new(0, -0.2400343418121338, 0, 1, 0, 0, 0, 1, 0, 0, 0, 1),
            ["Head"] = CFrame.new(0, 0, 0, 1, 0, 0, 0, 1, 0, 0, 0, 1),
            ["RightUpperArm"] = CFrame.new(0.03639483451843262, -0.4344291687011719, -0.09609374403953552, 0.5501664280891418, 0.6919902563095093, 0.46740391850471497, 0.09298945963382721, 0.5054781436920166, -0.8578140139579773, -0.8298614621162415, 0.5154041051864624, 0.21374930441379547),
            ["UpperTorso"] = CFrame.new(0, -0.09218811988830566, 0, 1, 0, 0, 0, 1, 0, 0, 0, 1),
            ["HumanoidRootPart"] = CFrame.new(0, 0, 0, 1, 0, 0, 0, 1, 0, 0, 0, 1),
            ["RightHand"] = CFrame.new(1.6391277313232422e-07, -1.7881393432617188e-07, -2.9802322387695312e-08, 0.9917538166046143, -0.07486046105623245, -0.10402080416679382, 0.026128794997930527, 0.9127236604690552, -0.4077412486076355, 0.1254659742116928, 0.4016610085964203, 0.9071531295776367),
            ["LeftUpperArm"] = CFrame.new(-0.15272772312164307, -0.32114553451538086, -0.012730916030704975, 0.6313567161560059, -0.6044559478759766, -0.4858207106590271, 0.035669174045324326, 0.6484391093254089, -0.7604304552078247, 0.7746717929840088, 0.46277400851249695, 0.43095681071281433),
            ["RightLowerArm"] = CFrame.new(1.1920928955078125e-07, 2.980232238769531e-07, 1.4901161193847656e-08, 1, -1.266598843585598e-07, 1.5273688802608376e-07, 8.568166975919667e-08, 0.07802040129899979, -0.9969517588615417, 9.685753354915505e-08, 0.9969518184661865, 0.07802043855190277),
            ["LeftHand"] = CFrame.new(1.2665987014770508e-07, -1.7881393432617188e-07, 2.9802322387695312e-08, 0.8935865163803101, -0.07090145349502563, 0.4432561993598938, 0.1393321305513382, 0.9824849963188171, -0.12373354285955429, -0.4267197251319885, 0.1723264753818512, 0.8878141641616821),
            ["RightUpperLeg"] = CFrame.new(0, 0, 0, 0.9618122577667236, -0.14689408242702484, -0.2309531271457672, 0.000018021713913185522, 0.8438213467597961, -0.5366243124008179, 0.27371010184288025, 0.5161275267601013, 0.8116003274917603),
            ["LeftUpperLeg"] = CFrame.new(0, 0, 0, 0.9618132710456848, 0.14683744311332703, 0.23098497092723846, 4.690474852964144e-08, 0.8439144492149353, -0.53647780418396, -0.2737065255641937, 0.5159914493560791, 0.8116881847381592),
            ["RightLowerLeg"] = CFrame.new(1.4735633158124983e-08, -0.0000035762786865234375, -0.000013245437003206462, 1, -2.581018634373322e-07, -1.3799038356410165e-07, 1.968819844933023e-07, 0.486646831035614, 0.8735988140106201, -1.4458056796229357e-07, -0.8735988736152649, 0.4866469204425812),
            ["RightFoot"] = CFrame.new(-5.575338946073316e-08, 4.172325134277344e-07, -3.2501702662557364e-08, 1, 0.00001830606379371602, 4.1723305344021355e-07, -0.000015899540812824853, 0.879437267780304, -0.47601479291915894, -0.000009030104592966381, 0.4760149121284485, 0.8794373273849487),
            ["LeftLowerLeg"] = CFrame.new(-4.869371750260143e-08, 0.000003933906555175781, 0.000013306736946105957, 1, 7.56672164925476e-08, 9.927402011555841e-09, -7.983027217051131e-08, 0.4867515563964844, 0.8735404014587402, 5.2132481442868084e-08, -0.873540461063385, 0.4867516756057739),
        }},
        {Time = 0.133, Data = {
            ["LeftFoot"] = CFrame.new(3.1549536316788362e-09, -5.960464477539063e-08, -6.2308913584274705e-09, 1, -2.9802318834981634e-08, -1.1920931797249068e-07, -7.450581485102248e-09, 0.9818134307861328, -0.18984828889369965, 1.4901162614933128e-07, 0.18984834849834442, 0.9818134903907776),
            ["LeftLowerArm"] = CFrame.new(0, -2.384185791015625e-07, 2.9802322387695312e-08, 1, -1.0058282384761696e-07, 1.0244548320770264e-07, 1.154839708306099e-07, -0.011947600170969963, -0.9999286532402039, 9.685752644372769e-08, 0.9999286532402039, -0.011947646737098694),
            ["LowerTorso"] = CFrame.new(0, -0.03587996959686279, 0, 1, 0, 0, 0, 1, 0, 0, 0, 1),
            ["Head"] = CFrame.new(0, 0, 0, 1, 0, 0, 0, 1, 0, 0, 0, 1),
            ["RightUpperArm"] = CFrame.new(0.03639483451843262, -0.4344291687011719, -0.09609374403953552, 0.5501664280891418, 0.6919902563095093, 0.46740391850471497, 0.09298945963382721, 0.5054781436920166, -0.8578140139579773, -0.8298614621162415, 0.5154041051864624, 0.21374930441379547),
            ["UpperTorso"] = CFrame.new(0, 0.06145608425140381, 0, 1, 0, 0, 0, 1, 0, 0, 0, 1),
            ["HumanoidRootPart"] = CFrame.new(0, 0, 0, 1, 0, 0, 0, 1, 0, 0, 0, 1),
            ["RightHand"] = CFrame.new(1.4901161193847656e-08, -1.1920928955078125e-07, -8.940696716308594e-08, 0.9917538166046143, -0.07486046105623245, -0.10402080416679382, 0.026128794997930527, 0.9127236604690552, -0.4077412486076355, 0.1254659742116928, 0.4016610085964203, 0.9071531295776367),
            ["LeftUpperArm"] = CFrame.new(-0.15272772312164307, -0.32114553451538086, -0.012730916030704975, 0.6313567161560059, -0.6044559478759766, -0.4858207106590271, 0.035669174045324326, 0.6484391093254089, -0.7604304552078247, 0.7746717929840088, 0.46277400851249695, 0.43095681071281433),
            ["RightLowerArm"] = CFrame.new(2.384185791015625e-07, 0, -1.4901161193847656e-08, 1, -1.266598843585598e-07, 1.5273688802608376e-07, 8.568166975919667e-08, 0.07802040129899979, -0.9969517588615417, 9.685753354915505e-08, 0.9969518184661865, 0.07802043855190277),
            ["LeftHand"] = CFrame.new(0, -1.7881393432617188e-07, 1.4901161193847656e-07, 0.8935865163803101, -0.07090145349502563, 0.4432561993598938, 0.1393321305513382, 0.9824849963188171, -0.12373354285955429, -0.4267197251319885, 0.1723264753818512, 0.8878141641616821),
            ["RightUpperLeg"] = CFrame.new(0, 0, 0, 0.9618123173713684, -0.05860529839992523, -0.26736241579055786, 0.000015934625480440445, 0.9768205881118774, -0.21405988931655884, 0.273710161447525, 0.2058810442686081, 0.939518928527832),
            ["LeftUpperLeg"] = CFrame.new(0, 0, 0, 0.9618132710456848, 0.058561403304338455, 0.2673683762550354, 1.8705550886011224e-08, 0.9768431186676025, -0.21395693719387054, -0.2737065553665161, 0.20578661561012268, 0.9395406246185303),
            ["RightLowerLeg"] = CFrame.new(-6.833943189121783e-08, -0.0000035762786865234375, -0.000013290140486788005, 1, -9.249744437056506e-08, -4.355684168899643e-08, 9.139513679201627e-08, 0.918403685092926, 0.39564451575279236, -3.4121971026479514e-08, -0.39564481377601624, 0.9184038043022156),
            ["RightFoot"] = CFrame.new(-2.5318513507954776e-08, 2.980232238769531e-07, -1.2005330063402653e-09, 1, 0.00001603362397872843, 4.4703537582790887e-07, -0.00001565739694342483, 0.981807291507721, -0.18988031148910522, -0.000003457069851720007, 0.18988065421581268, 0.9818073511123657),
            ["LeftLowerLeg"] = CFrame.new(2.4754605476573488e-08, 0.000004112720489501953, 0.00001329183578491211, 1, 3.698189843248656e-08, 6.243362093982796e-08, -3.4841125540197027e-08, 0.9184582829475403, 0.39551785588264465, 3.335380682756295e-08, -0.3955177962779999, 0.9184584021568298),
        }},
        {Time = 0.167, Data = {
            ["LeftFoot"] = CFrame.new(3.1549536316788362e-09, -5.960464477539063e-08, -6.2308913584274705e-09, 1, -2.9802318834981634e-08, -1.1920931797249068e-07, -7.450581485102248e-09, 0.9818134307861328, -0.18984828889369965, 1.4901162614933128e-07, 0.18984834849834442, 0.9818134903907776),
            ["LeftLowerArm"] = CFrame.new(0, -2.384185791015625e-07, 2.9802322387695312e-08, 1, -1.0058282384761696e-07, 1.0244548320770264e-07, 1.154839708306099e-07, -0.011947600170969963, -0.9999286532402039, 9.685752644372769e-08, 0.9999286532402039, -0.011947646737098694),
            ["LowerTorso"] = CFrame.new(0, -0.03587996959686279, 0, 1, 0, 0, 0, 1, 0, 0, 0, 1),
            ["Head"] = CFrame.new(0, 0, 0, 1, 0, 0, 0, 1, 0, 0, 0, 1),
            ["RightUpperArm"] = CFrame.new(0.03639483451843262, -0.4344291687011719, -0.09609374403953552, 0.5501664280891418, 0.6919902563095093, 0.46740391850471497, 0.09298945963382721, 0.5054781436920166, -0.8578140139579773, -0.8298614621162415, 0.5154041051864624, 0.21374930441379547),
            ["UpperTorso"] = CFrame.new(0, 0.06145608425140381, 0, 1, 0, 0, 0, 1, 0, 0, 0, 1),
            ["HumanoidRootPart"] = CFrame.new(0, 0, 0, 1, 0, 0, 0, 1, 0, 0, 0, 1),
            ["RightHand"] = CFrame.new(1.4901161193847656e-08, -1.1920928955078125e-07, -8.940696716308594e-08, 0.9917538166046143, -0.07486046105623245, -0.10402080416679382, 0.026128794997930527, 0.9127236604690552, -0.4077412486076355, 0.1254659742116928, 0.4016610085964203, 0.9071531295776367),
            ["LeftUpperArm"] = CFrame.new(-0.15272772312164307, -0.32114553451538086, -0.012730916030704975, 0.6313567161560059, -0.6044559478759766, -0.4858207106590271, 0.035669174045324326, 0.6484391093254089, -0.7604304552078247, 0.7746717929840088, 0.46277400851249695, 0.43095681071281433),
            ["RightLowerArm"] = CFrame.new(2.384185791015625e-07, 0, -1.4901161193847656e-08, 1, -1.266598843585598e-07, 1.5273688802608376e-07, 8.568166975919667e-08, 0.07802040129899979, -0.9969517588615417, 9.685753354915505e-08, 0.9969518184661865, 0.07802043855190277),
            ["LeftHand"] = CFrame.new(0, -1.7881393432617188e-07, 1.4901161193847656e-07, 0.8935865163803101, -0.07090145349502563, 0.4432561993598938, 0.1393321305513382, 0.9824849963188171, -0.12373354285955429, -0.4267197251319885, 0.1723264753818512, 0.8878141641616821),
            ["RightUpperLeg"] = CFrame.new(0, 0, 0, 0.9618123173713684, -0.05860529839992523, -0.26736241579055786, 0.000015934625480440445, 0.9768205881118774, -0.21405988931655884, 0.273710161447525, 0.2058810442686081, 0.939518928527832),
            ["LeftUpperLeg"] = CFrame.new(0, 0, 0, 0.9618132710456848, 0.058561403304338455, 0.2673683762550354, 1.8705550886011224e-08, 0.9768431186676025, -0.21395693719387054, -0.2737065553665161, 0.20578661561012268, 0.9395406246185303),
            ["RightLowerLeg"] = CFrame.new(-6.833943189121783e-08, -0.0000035762786865234375, -0.000013290140486788005, 1, -9.249744437056506e-08, -4.355684168899643e-08, 9.139513679201627e-08, 0.918403685092926, 0.39564451575279236, -3.4121971026479514e-08, -0.39564481377601624, 0.9184038043022156),
            ["RightFoot"] = CFrame.new(-2.5318513507954776e-08, 2.980232238769531e-07, -1.2005330063402653e-09, 1, 0.00001603362397872843, 4.4703537582790887e-07, -0.00001565739694342483, 0.981807291507721, -0.18988031148910522, -0.000003457069851720007, 0.18988065421581268, 0.9818073511123657),
            ["LeftLowerLeg"] = CFrame.new(2.4754605476573488e-08, 0.000004112720489501953, 0.00001329183578491211, 1, 3.698189843248656e-08, 6.243362093982796e-08, -3.4841125540197027e-08, 0.9184582829475403, 0.39551785588264465, 3.335380682756295e-08, -0.3955177962779999, 0.9184584021568298),
        }},
        {Time = 0.200, Data = {
            ["LeftFoot"] = CFrame.new(3.1549536316788362e-09, -5.960464477539063e-08, -6.2308913584274705e-09, 1, -2.9802318834981634e-08, -1.1920931797249068e-07, -7.450581485102248e-09, 0.9818134307861328, -0.18984828889369965, 1.4901162614933128e-07, 0.18984834849834442, 0.9818134903907776),
            ["LeftLowerArm"] = CFrame.new(0, -2.384185791015625e-07, 2.9802322387695312e-08, 1, -1.0058282384761696e-07, 1.0244548320770264e-07, 1.154839708306099e-07, -0.011947600170969963, -0.9999286532402039, 9.685752644372769e-08, 0.9999286532402039, -0.011947646737098694),
            ["LowerTorso"] = CFrame.new(0, -0.03587996959686279, 0, 1, 0, 0, 0, 1, 0, 0, 0, 1),
            ["Head"] = CFrame.new(0, 0, 0, 1, 0, 0, 0, 1, 0, 0, 0, 1),
            ["RightUpperArm"] = CFrame.new(0.03639483451843262, -0.4344291687011719, -0.09609374403953552, 0.5501664280891418, 0.6919902563095093, 0.46740391850471497, 0.09298945963382721, 0.5054781436920166, -0.8578140139579773, -0.8298614621162415, 0.5154041051864624, 0.21374930441379547),
            ["UpperTorso"] = CFrame.new(0, 0.06145608425140381, 0, 1, 0, 0, 0, 1, 0, 0, 0, 1),
            ["HumanoidRootPart"] = CFrame.new(0, 0, 0, 1, 0, 0, 0, 1, 0, 0, 0, 1),
            ["RightHand"] = CFrame.new(1.4901161193847656e-08, -1.1920928955078125e-07, -8.940696716308594e-08, 0.9917538166046143, -0.07486046105623245, -0.10402080416679382, 0.026128794997930527, 0.9127236604690552, -0.4077412486076355, 0.1254659742116928, 0.4016610085964203, 0.9071531295776367),
            ["LeftUpperArm"] = CFrame.new(-0.15272772312164307, -0.32114553451538086, -0.012730916030704975, 0.6313567161560059, -0.6044559478759766, -0.4858207106590271, 0.035669174045324326, 0.6484391093254089, -0.7604304552078247, 0.7746717929840088, 0.46277400851249695, 0.43095681071281433),
            ["RightLowerArm"] = CFrame.new(2.384185791015625e-07, 0, -1.4901161193847656e-08, 1, -1.266598843585598e-07, 1.5273688802608376e-07, 8.568166975919667e-08, 0.07802040129899979, -0.9969517588615417, 9.685753354915505e-08, 0.9969518184661865, 0.07802043855190277),
            ["LeftHand"] = CFrame.new(0, -1.7881393432617188e-07, 1.4901161193847656e-07, 0.8935865163803101, -0.07090145349502563, 0.4432561993598938, 0.1393321305513382, 0.9824849963188171, -0.12373354285955429, -0.4267197251319885, 0.1723264753818512, 0.8878141641616821),
            ["RightUpperLeg"] = CFrame.new(0, 0, 0, 0.9618123173713684, -0.05860529839992523, -0.26736241579055786, 0.000015934625480440445, 0.9768205881118774, -0.21405988931655884, 0.273710161447525, 0.2058810442686081, 0.939518928527832),
            ["LeftUpperLeg"] = CFrame.new(0, 0, 0, 0.9618132710456848, 0.058561403304338455, 0.2673683762550354, 1.8705550886011224e-08, 0.9768431186676025, -0.21395693719387054, -0.2737065553665161, 0.20578661561012268, 0.9395406246185303),
            ["RightLowerLeg"] = CFrame.new(-6.833943189121783e-08, -0.0000035762786865234375, -0.000013290140486788005, 1, -9.249744437056506e-08, -4.355684168899643e-08, 9.139513679201627e-08, 0.918403685092926, 0.39564451575279236, -3.4121971026479514e-08, -0.39564481377601624, 0.9184038043022156),
            ["RightFoot"] = CFrame.new(-2.5318513507954776e-08, 2.980232238769531e-07, -1.2005330063402653e-09, 1, 0.00001603362397872843, 4.4703537582790887e-07, -0.00001565739694342483, 0.981807291507721, -0.18988031148910522, -0.000003457069851720007, 0.18988065421581268, 0.9818073511123657),
            ["LeftLowerLeg"] = CFrame.new(2.4754605476573488e-08, 0.000004112720489501953, 0.00001329183578491211, 1, 3.698189843248656e-08, 6.243362093982796e-08, -3.4841125540197027e-08, 0.9184582829475403, 0.39551785588264465, 3.335380682756295e-08, -0.3955177962779999, 0.9184584021568298),
        }},
        {Time = 0.233, Data = {
            ["LeftFoot"] = CFrame.new(3.1549536316788362e-09, -5.960464477539063e-08, -6.2308913584274705e-09, 1, -2.9802318834981634e-08, -1.1920931797249068e-07, -7.450581485102248e-09, 0.9818134307861328, -0.18984828889369965, 1.4901162614933128e-07, 0.18984834849834442, 0.9818134903907776),
            ["LeftLowerArm"] = CFrame.new(0, -2.384185791015625e-07, 2.9802322387695312e-08, 1, -1.0058282384761696e-07, 1.0244548320770264e-07, 1.154839708306099e-07, -0.011947600170969963, -0.9999286532402039, 9.685752644372769e-08, 0.9999286532402039, -0.011947646737098694),
            ["LowerTorso"] = CFrame.new(0, -0.03587996959686279, 0, 1, 0, 0, 0, 1, 0, 0, 0, 1),
            ["Head"] = CFrame.new(0, 0, 0, 1, 0, 0, 0, 1, 0, 0, 0, 1),
            ["RightUpperArm"] = CFrame.new(0.03639483451843262, -0.4344291687011719, -0.09609374403953552, 0.5501664280891418, 0.6919902563095093, 0.46740391850471497, 0.09298945963382721, 0.5054781436920166, -0.8578140139579773, -0.8298614621162415, 0.5154041051864624, 0.21374930441379547),
            ["UpperTorso"] = CFrame.new(0, 0.06145608425140381, 0, 1, 0, 0, 0, 1, 0, 0, 0, 1),
            ["HumanoidRootPart"] = CFrame.new(0, 0, 0, 1, 0, 0, 0, 1, 0, 0, 0, 1),
            ["RightHand"] = CFrame.new(1.4901161193847656e-08, -1.1920928955078125e-07, -8.940696716308594e-08, 0.9917538166046143, -0.07486046105623245, -0.10402080416679382, 0.026128794997930527, 0.9127236604690552, -0.4077412486076355, 0.1254659742116928, 0.4016610085964203, 0.9071531295776367),
            ["LeftUpperArm"] = CFrame.new(-0.15272772312164307, -0.32114553451538086, -0.012730916030704975, 0.6313567161560059, -0.6044559478759766, -0.4858207106590271, 0.035669174045324326, 0.6484391093254089, -0.7604304552078247, 0.7746717929840088, 0.46277400851249695, 0.43095681071281433),
            ["RightLowerArm"] = CFrame.new(2.384185791015625e-07, 0, -1.4901161193847656e-08, 1, -1.266598843585598e-07, 1.5273688802608376e-07, 8.568166975919667e-08, 0.07802040129899979, -0.9969517588615417, 9.685753354915505e-08, 0.9969518184661865, 0.07802043855190277),
            ["LeftHand"] = CFrame.new(0, -1.7881393432617188e-07, 1.4901161193847656e-07, 0.8935865163803101, -0.07090145349502563, 0.4432561993598938, 0.1393321305513382, 0.9824849963188171, -0.12373354285955429, -0.4267197251319885, 0.1723264753818512, 0.8878141641616821),
            ["RightUpperLeg"] = CFrame.new(0, 0, 0, 0.9618123173713684, -0.05860529839992523, -0.26736241579055786, 0.000015934625480440445, 0.9768205881118774, -0.21405988931655884, 0.273710161447525, 0.2058810442686081, 0.939518928527832),
            ["LeftUpperLeg"] = CFrame.new(0, 0, 0, 0.9618132710456848, 0.058561403304338455, 0.2673683762550354, 1.8705550886011224e-08, 0.9768431186676025, -0.21395693719387054, -0.2737065553665161, 0.20578661561012268, 0.9395406246185303),
            ["RightLowerLeg"] = CFrame.new(-6.833943189121783e-08, -0.0000035762786865234375, -0.000013290140486788005, 1, -9.249744437056506e-08, -4.355684168899643e-08, 9.139513679201627e-08, 0.918403685092926, 0.39564451575279236, -3.4121971026479514e-08, -0.39564481377601624, 0.9184038043022156),
            ["RightFoot"] = CFrame.new(-2.5318513507954776e-08, 2.980232238769531e-07, -1.2005330063402653e-09, 1, 0.00001603362397872843, 4.4703537582790887e-07, -0.00001565739694342483, 0.981807291507721, -0.18988031148910522, -0.000003457069851720007, 0.18988065421581268, 0.9818073511123657),
            ["LeftLowerLeg"] = CFrame.new(2.4754605476573488e-08, 0.000004112720489501953, 0.00001329183578491211, 1, 3.698189843248656e-08, 6.243362093982796e-08, -3.4841125540197027e-08, 0.9184582829475403, 0.39551785588264465, 3.335380682756295e-08, -0.3955177962779999, 0.9184584021568298),
        }},
        {Time = 0.267, Data = {
            ["LeftFoot"] = CFrame.new(3.1549536316788362e-09, -5.960464477539063e-08, -6.2308913584274705e-09, 1, -2.9802318834981634e-08, -1.1920931797249068e-07, -7.450581485102248e-09, 0.9818134307861328, -0.18984828889369965, 1.4901162614933128e-07, 0.18984834849834442, 0.9818134903907776),
            ["LeftLowerArm"] = CFrame.new(0, -2.384185791015625e-07, 2.9802322387695312e-08, 1, -1.0058282384761696e-07, 1.0244548320770264e-07, 1.154839708306099e-07, -0.011947600170969963, -0.9999286532402039, 9.685752644372769e-08, 0.9999286532402039, -0.011947646737098694),
            ["LowerTorso"] = CFrame.new(0, -0.03587996959686279, 0, 1, 0, 0, 0, 1, 0, 0, 0, 1),
            ["Head"] = CFrame.new(0, 0, 0, 1, 0, 0, 0, 1, 0, 0, 0, 1),
            ["RightUpperArm"] = CFrame.new(0.03639483451843262, -0.4344291687011719, -0.09609374403953552, 0.5501664280891418, 0.6919902563095093, 0.46740391850471497, 0.09298945963382721, 0.5054781436920166, -0.8578140139579773, -0.8298614621162415, 0.5154041051864624, 0.21374930441379547),
            ["UpperTorso"] = CFrame.new(0, 0.06145608425140381, 0, 1, 0, 0, 0, 1, 0, 0, 0, 1),
            ["HumanoidRootPart"] = CFrame.new(0, 0, 0, 1, 0, 0, 0, 1, 0, 0, 0, 1),
            ["RightHand"] = CFrame.new(1.4901161193847656e-08, -1.1920928955078125e-07, -8.940696716308594e-08, 0.9917538166046143, -0.07486046105623245, -0.10402080416679382, 0.026128794997930527, 0.9127236604690552, -0.4077412486076355, 0.1254659742116928, 0.4016610085964203, 0.9071531295776367),
            ["LeftUpperArm"] = CFrame.new(-0.15272772312164307, -0.32114553451538086, -0.012730916030704975, 0.6313567161560059, -0.6044559478759766, -0.4858207106590271, 0.035669174045324326, 0.6484391093254089, -0.7604304552078247, 0.7746717929840088, 0.46277400851249695, 0.43095681071281433),
            ["RightLowerArm"] = CFrame.new(2.384185791015625e-07, 0, -1.4901161193847656e-08, 1, -1.266598843585598e-07, 1.5273688802608376e-07, 8.568166975919667e-08, 0.07802040129899979, -0.9969517588615417, 9.685753354915505e-08, 0.9969518184661865, 0.07802043855190277),
            ["LeftHand"] = CFrame.new(0, -1.7881393432617188e-07, 1.4901161193847656e-07, 0.8935865163803101, -0.07090145349502563, 0.4432561993598938, 0.1393321305513382, 0.9824849963188171, -0.12373354285955429, -0.4267197251319885, 0.1723264753818512, 0.8878141641616821),
            ["RightUpperLeg"] = CFrame.new(0, 0, 0, 0.9618123173713684, -0.05860529839992523, -0.26736241579055786, 0.000015934625480440445, 0.9768205881118774, -0.21405988931655884, 0.273710161447525, 0.2058810442686081, 0.939518928527832),
            ["LeftUpperLeg"] = CFrame.new(0, 0, 0, 0.9618132710456848, 0.058561403304338455, 0.2673683762550354, 1.8705550886011224e-08, 0.9768431186676025, -0.21395693719387054, -0.2737065553665161, 0.20578661561012268, 0.9395406246185303),
            ["RightLowerLeg"] = CFrame.new(-6.833943189121783e-08, -0.0000035762786865234375, -0.000013290140486788005, 1, -9.249744437056506e-08, -4.355684168899643e-08, 9.139513679201627e-08, 0.918403685092926, 0.39564451575279236, -3.4121971026479514e-08, -0.39564481377601624, 0.9184038043022156),
            ["RightFoot"] = CFrame.new(-2.5318513507954776e-08, 2.980232238769531e-07, -1.2005330063402653e-09, 1, 0.00001603362397872843, 4.4703537582790887e-07, -0.00001565739694342483, 0.981807291507721, -0.18988031148910522, -0.000003457069851720007, 0.18988065421581268, 0.9818073511123657),
            ["LeftLowerLeg"] = CFrame.new(2.4754605476573488e-08, 0.000004112720489501953, 0.00001329183578491211, 1, 3.698189843248656e-08, 6.243362093982796e-08, -3.4841125540197027e-08, 0.9184582829475403, 0.39551785588264465, 3.335380682756295e-08, -0.3955177962779999, 0.9184584021568298),
        }},
        {Time = 0.300, Data = {
            ["LeftFoot"] = CFrame.new(3.1549536316788362e-09, -5.960464477539063e-08, -6.2308913584274705e-09, 1, -2.9802318834981634e-08, -1.1920931797249068e-07, -7.450581485102248e-09, 0.9818134307861328, -0.18984828889369965, 1.4901162614933128e-07, 0.18984834849834442, 0.9818134903907776),
            ["LeftLowerArm"] = CFrame.new(0, -2.384185791015625e-07, 2.9802322387695312e-08, 1, -1.0058282384761696e-07, 1.0244548320770264e-07, 1.154839708306099e-07, -0.011947600170969963, -0.9999286532402039, 9.685752644372769e-08, 0.9999286532402039, -0.011947646737098694),
            ["LowerTorso"] = CFrame.new(0, -0.03587996959686279, 0, 1, 0, 0, 0, 1, 0, 0, 0, 1),
            ["Head"] = CFrame.new(0, 0, 0, 1, 0, 0, 0, 1, 0, 0, 0, 1),
            ["RightUpperArm"] = CFrame.new(0.03639483451843262, -0.4344291687011719, -0.09609374403953552, 0.5501664280891418, 0.6919902563095093, 0.46740391850471497, 0.09298945963382721, 0.5054781436920166, -0.8578140139579773, -0.8298614621162415, 0.5154041051864624, 0.21374930441379547),
            ["UpperTorso"] = CFrame.new(0, 0.06145608425140381, 0, 1, 0, 0, 0, 1, 0, 0, 0, 1),
            ["HumanoidRootPart"] = CFrame.new(0, 0, 0, 1, 0, 0, 0, 1, 0, 0, 0, 1),
            ["RightHand"] = CFrame.new(1.4901161193847656e-08, -1.1920928955078125e-07, -8.940696716308594e-08, 0.9917538166046143, -0.07486046105623245, -0.10402080416679382, 0.026128794997930527, 0.9127236604690552, -0.4077412486076355, 0.1254659742116928, 0.4016610085964203, 0.9071531295776367),
            ["LeftUpperArm"] = CFrame.new(-0.15272772312164307, -0.32114553451538086, -0.012730916030704975, 0.6313567161560059, -0.6044559478759766, -0.4858207106590271, 0.035669174045324326, 0.6484391093254089, -0.7604304552078247, 0.7746717929840088, 0.46277400851249695, 0.43095681071281433),
            ["RightLowerArm"] = CFrame.new(2.384185791015625e-07, 0, -1.4901161193847656e-08, 1, -1.266598843585598e-07, 1.5273688802608376e-07, 8.568166975919667e-08, 0.07802040129899979, -0.9969517588615417, 9.685753354915505e-08, 0.9969518184661865, 0.07802043855190277),
            ["LeftHand"] = CFrame.new(0, -1.7881393432617188e-07, 1.4901161193847656e-07, 0.8935865163803101, -0.07090145349502563, 0.4432561993598938, 0.1393321305513382, 0.9824849963188171, -0.12373354285955429, -0.4267197251319885, 0.1723264753818512, 0.8878141641616821),
            ["RightUpperLeg"] = CFrame.new(0, 0, 0, 0.9618123173713684, -0.05860529839992523, -0.26736241579055786, 0.000015934625480440445, 0.9768205881118774, -0.21405988931655884, 0.273710161447525, 0.2058810442686081, 0.939518928527832),
            ["LeftUpperLeg"] = CFrame.new(0, 0, 0, 0.9618132710456848, 0.058561403304338455, 0.2673683762550354, 1.8705550886011224e-08, 0.9768431186676025, -0.21395693719387054, -0.2737065553665161, 0.20578661561012268, 0.9395406246185303),
            ["RightLowerLeg"] = CFrame.new(-6.833943189121783e-08, -0.0000035762786865234375, -0.000013290140486788005, 1, -9.249744437056506e-08, -4.355684168899643e-08, 9.139513679201627e-08, 0.918403685092926, 0.39564451575279236, -3.4121971026479514e-08, -0.39564481377601624, 0.9184038043022156),
            ["RightFoot"] = CFrame.new(-2.5318513507954776e-08, 2.980232238769531e-07, -1.2005330063402653e-09, 1, 0.00001603362397872843, 4.4703537582790887e-07, -0.00001565739694342483, 0.981807291507721, -0.18988031148910522, -0.000003457069851720007, 0.18988065421581268, 0.9818073511123657),
            ["LeftLowerLeg"] = CFrame.new(2.4754605476573488e-08, 0.000004112720489501953, 0.00001329183578491211, 1, 3.698189843248656e-08, 6.243362093982796e-08, -3.4841125540197027e-08, 0.9184582829475403, 0.39551785588264465, 3.335380682756295e-08, -0.3955177962779999, 0.9184584021568298),
        }},
        {Time = 0.333, Data = {
            ["LeftFoot"] = CFrame.new(3.1549536316788362e-09, -5.960464477539063e-08, -6.2308913584274705e-09, 1, -2.9802318834981634e-08, -1.1920931797249068e-07, -7.450581485102248e-09, 0.9818134307861328, -0.18984828889369965, 1.4901162614933128e-07, 0.18984834849834442, 0.9818134903907776),
            ["LeftLowerArm"] = CFrame.new(0, -2.384185791015625e-07, 2.9802322387695312e-08, 1, -1.0058282384761696e-07, 1.0244548320770264e-07, 1.154839708306099e-07, -0.011947600170969963, -0.9999286532402039, 9.685752644372769e-08, 0.9999286532402039, -0.011947646737098694),
            ["LowerTorso"] = CFrame.new(0, -0.03587996959686279, 0, 1, 0, 0, 0, 1, 0, 0, 0, 1),
            ["Head"] = CFrame.new(0, 0, 0, 1, 0, 0, 0, 1, 0, 0, 0, 1),
            ["RightUpperArm"] = CFrame.new(0.03639483451843262, -0.4344291687011719, -0.09609374403953552, 0.5501664280891418, 0.6919902563095093, 0.46740391850471497, 0.09298945963382721, 0.5054781436920166, -0.8578140139579773, -0.8298614621162415, 0.5154041051864624, 0.21374930441379547),
            ["UpperTorso"] = CFrame.new(0, 0.06145608425140381, 0, 1, 0, 0, 0, 1, 0, 0, 0, 1),
            ["HumanoidRootPart"] = CFrame.new(0, 0, 0, 1, 0, 0, 0, 1, 0, 0, 0, 1),
            ["RightHand"] = CFrame.new(1.4901161193847656e-08, -1.1920928955078125e-07, -8.940696716308594e-08, 0.9917538166046143, -0.07486046105623245, -0.10402080416679382, 0.026128794997930527, 0.9127236604690552, -0.4077412486076355, 0.1254659742116928, 0.4016610085964203, 0.9071531295776367),
            ["LeftUpperArm"] = CFrame.new(-0.15272772312164307, -0.32114553451538086, -0.012730916030704975, 0.6313567161560059, -0.6044559478759766, -0.4858207106590271, 0.035669174045324326, 0.6484391093254089, -0.7604304552078247, 0.7746717929840088, 0.46277400851249695, 0.43095681071281433),
