return {
    ["Misery"] = {
        {Time = 0.000, Data = {
            ["RightHand"] = CFrame.new(-7.450580596923828e-09, -2.384185791015625e-07, -1.6391277313232422e-07, 0.9901382327079773, 0.11252044886350632, -0.08345997333526611, -0.11210453510284424, 0.9936493635177612, 0.009671598672866821, 0.08401823788881302, -0.00022014975547790527, 0.9964642524719238),
            ["LeftLowerArm"] = CFrame.new(1.1920928955078125e-07, -3.5762786865234375e-07, 1.7881393432617188e-07, 1, 1.154839708306099e-07, -6.053595313915139e-08, -1.5646217832454568e-07, 0.7488513588905334, -0.662738025188446, 2.9802318834981634e-08, 0.6627379655838013, 0.7488513588905334),
            ["RightUpperArm"] = CFrame.new(-1.1920928955078125e-07, 1.1920928955078125e-07, 2.086162567138672e-07, 0.6703628301620483, -0.5955706238746643, -0.44261622428894043, 0.2571834623813629, 0.746001124382019, -0.6142793893814087, 0.6960391402244568, 0.29795634746551514, 0.6532624363899231),
            ["Head"] = CFrame.new(0, 1.1920928955078125e-07, 2.9831426218152046e-08, 0.9856728315353394, -0.16797485947608948, 0.015285705216228962, 0.16845861077308655, 0.975867748260498, -0.1389387547969818, 0.008421376347541809, 0.13952325284481049, 0.9901829957962036),
            ["RightFoot"] = CFrame.new(2.7939677238464355e-08, 2.384185791015625e-07, 2.4068867787718773e-08, 0.9970974922180176, 0.07415316253900528, 0.01726474240422249, -0.06529377400875092, 0.949455976486206, -0.30703407526016235, -0.03915974497795105, 0.30501580238342285, 0.9515419602394104),
            ["UpperTorso"] = CFrame.new(0.07875598967075348, -0.008719652891159058, 0.026407815515995026, 0.9438112378120422, 0.2980358600616455, 0.1428108960390091, -0.3154010772705078, 0.9413545727729797, 0.11989060044288635, -0.09870400279760361, -0.15819677710533142, 0.9824619293212891),
            ["HumanoidRootPart"] = CFrame.new(0, 0, 0, 1, 0, 0, 0, 1, 0, 0, 0, 1),
            ["RightUpperLeg"] = CFrame.new(-2.9802322387695312e-08, 2.123415470123291e-07, 1.175212673842907e-07, 0.8854917287826538, -0.1819373518228531, -0.42755481600761414, -0.11634952574968338, 0.8040235638618469, -0.5831030011177063, 0.4498522877693176, 0.5660786628723145, 0.6907878518104553),
            ["LeftUpperArm"] = CFrame.new(-1.1920928955078125e-07, 0, 2.123415470123291e-07, 0.789193332195282, 0.2159648984670639, -0.5749198794364929, 0.12800362706184387, 0.8577292561531067, 0.49791139364242554, 0.6006572246551514, -0.46654003858566284, 0.6492699384689331),
            ["RightLowerArm"] = CFrame.new(-2.980232238769531e-07, 1.1920928955078125e-07, 5.960464477539063e-08, 1, 1.4901159417490817e-08, 1.3411040811206476e-07, 3.725289587919178e-08, -0.3265666663646698, -0.9451740980148315, 1.4901158351676713e-07, 0.9451741576194763, -0.3265666961669922),
            ["LeftHand"] = CFrame.new(-5.21540641784668e-08, 4.172325134277344e-07, 4.6566128730773926e-08, 0.9942737221717834, -0.03634212911128998, 0.10049478709697723, 0.0697396770119667, 0.9332042336463928, -0.35251396894454956, -0.08097133040428162, 0.3575039803981781, 0.9303949475288391),
            ["LeftFoot"] = CFrame.new(1.1175870895385742e-08, -5.960464477539063e-08, 2.9802322387695312e-08, 0.9998727440834045, 0.006620653904974461, -0.014517592266201973, -0.0032029305584728718, 0.9746137857437134, 0.2238701432943344, 0.01563124544918537, -0.22379525005817413, 0.974510908126831),
            ["LowerTorso"] = CFrame.new(0.680281400680542, -0.2794452905654907, 0.77430659532547, 0.9729886651039124, -0.20323096215724945, 0.10950016975402832, 0.1968896985054016, 0.9782004356384277, 0.06601938605308533, -0.12053028494119644, -0.0426766611635685, 0.9917919039726257),
            ["RightLowerLeg"] = CFrame.new(1.1175870895385742e-07, -0.000014901161193847656, -0.000035194854717701674, 1, -1.0523945093154907e-07, 1.8626449271863521e-09, 1.1920930376163597e-07, 0.6020391583442688, 0.7984663248062134, -4.4703490686970326e-08, -0.7984666228294373, 0.6020393967628479),
            ["LeftUpperLeg"] = CFrame.new(2.9802322387695312e-08, 5.21540641784668e-08, -4.0978193283081055e-08, 0.9199035167694092, 0.3872889578342438, -0.06152129918336868, -0.26413291692733765, 0.4959789514541626, -0.827187180519104, -0.28984716534614563, 0.7771821618080139, 0.5585485696792603),
            ["LeftLowerLeg"] = CFrame.new(4.6566128730773926e-08, 0.000015139579772949219, 0.0000352710485458374, 1, 5.215405707303944e-08, 3.725290298461914e-08, 0, 0.9999872446060181, 0.005066268146038055, 0, -0.00506631238386035, 0.9999872446060181),
        }},
        {Time = 0.034, Data = {
            ["RightHand"] = CFrame.new(-4.470348358154297e-08, 1.1920928955078125e-07, 1.341104507446289e-07, 0.9889637231826782, 0.12238389998674393, -0.08350471407175064, -0.11642824113368988, 0.9905257225036621, 0.0728243812918663, 0.09162576496601105, -0.062298472970724106, 0.9938428401947021),
            ["LeftLowerArm"] = CFrame.new(-2.9802322387695312e-08, 0, -8.195638656616211e-08, 1, 6.519254469594671e-08, -5.774199962615967e-08, -1.1920930376163597e-07, 0.5799239873886108, -0.814670979976654, -1.1175872316471214e-07, 0.8146706223487854, 0.5799235701560974),
            ["RightUpperArm"] = CFrame.new(1.1920928955078125e-07, -1.1920928955078125e-07, 5.960464477539063e-08, 0.67182856798172, -0.668408989906311, -0.31918051838874817, 0.29939138889312744, 0.6391900777816772, -0.7083789110183716, 0.6775036454200745, 0.3803490996360779, 0.6295420527458191),
            ["Head"] = CFrame.new(-7.450580596923828e-09, 0, 2.9103830456733704e-11, 0.9872660040855408, -0.1581680327653885, 0.01699346862733364, 0.1589803695678711, 0.9772641658782959, -0.14028576016426086, 0.00558162946254015, 0.14120106399059296, 0.9899653196334839),
            ["RightFoot"] = CFrame.new(8.754432201385498e-08, 5.364418029785156e-07, 1.6618287190794945e-08, 0.9961927533149719, 0.08497262746095657, 0.019486088305711746, -0.07247818261384964, 0.93147212266922, -0.3565199375152588, -0.0484451986849308, 0.353750616312027, 0.9340845346450806),
            ["UpperTorso"] = CFrame.new(0.06833648681640625, -0.006688892841339111, 0.02522890269756317, 0.9548659920692444, 0.26585623621940613, 0.13248208165168762, -0.282580703496933, 0.950484573841095, 0.12933392822742462, -0.0915379524230957, -0.1609334796667099, 0.982711136341095),
            ["HumanoidRootPart"] = CFrame.new(0, 0, 0, 1, 0, 0, 0, 1, 0, 0, 0, 1),
            ["RightUpperLeg"] = CFrame.new(-5.960464477539063e-08, 2.60770320892334e-08, 1.2497184798121452e-07, 0.8874304890632629, -0.24226172268390656, -0.3921433687210083, -0.0806569829583168, 0.7560036182403564, -0.6495792865753174, 0.4538300931453705, 0.6080853343009949, 0.6513603925704956),
            ["LeftUpperArm"] = CFrame.new(-1.1920928955078125e-07, -1.1920928955078125e-07, 4.470348358154297e-08, 0.8162792325019836, 0.28794437646865845, -0.5007757544517517, 0.10428884625434875, 0.7792038917541504, 0.6180334687232971, 0.56816565990448, -0.5567130446434021, 0.6060184836387634),
            ["RightLowerArm"] = CFrame.new(-1.1920928955078125e-07, 0, -1.341104507446289e-07, 1, -1.0430811414607888e-07, 4.470348358154297e-08, 1.4901162970204496e-08, -0.23963138461112976, -0.970863938331604, 1.3411046495548362e-07, 0.970863938331604, -0.23963139951229095),
            ["LeftHand"] = CFrame.new(0, 5.364418029785156e-07, 7.078051567077637e-08, 0.9933105707168579, -0.0783224105834961, 0.08485174179077148, 0.09769725799560547, 0.9617400169372559, -0.255951464176178, -0.061558522284030914, 0.26252952218055725, 0.962958574295044),
            ["LeftFoot"] = CFrame.new(-1.4901161193847656e-08, 0, -2.2351741790771484e-08, 0.9988480806350708, -0.014196276664733887, -0.04583843797445297, 0.0201070886105299, 0.9911546111106873, 0.13118040561676025, 0.04357064887881279, -0.13195091485977173, 0.9902982711791992),
            ["LowerTorso"] = CFrame.new(0.6674136519432068, -0.3243035078048706, 0.7701342701911926, 0.9778986573219299, -0.17704100906848907, 0.11122380942106247, 0.17084117233753204, 0.9832777976989746, 0.06307224184274673, -0.12053027004003525, -0.0426766499876976, 0.9917919039726257),
            ["RightLowerLeg"] = CFrame.new(-2.980232238769531e-07, -0.000014781951904296875, -0.000035120348911732435, 1, -1.285224868752266e-07, -9.313227877782992e-08, 1.3411047916633834e-07, 0.497190922498703, 0.8676409721374512, -4.4703494239684005e-08, -0.8676412105560303, 0.49719130992889404),
            ["LeftUpperLeg"] = CFrame.new(2.9802322387695312e-08, 5.960464477539063e-08, 5.21540641784668e-08, 0.9369314908981323, 0.3137259781360626, -0.15406329929828644, -0.20335398614406586, 0.13080404698848724, -0.9703285694122314, -0.2842651903629303, 0.9404606819152832, 0.18635177612304688),
            ["LeftLowerLeg"] = CFrame.new(-7.450580596923828e-08, 0.0000152587890625, 0.000035217031836509705, 1, 2.2351736461700966e-08, 5.215405707303944e-08, -3.166496753692627e-08, 0.7105950713157654, 0.703601062297821, 4.0978193283081055e-08, -0.7036012411117554, 0.7105952501296997),
        }},
        {Time = 0.069, Data = {
            ["RightHand"] = CFrame.new(2.384185791015625e-07, 5.960464477539063e-08, 1.4901161193847656e-08, 0.9791768789291382, 0.1836024522781372, -0.08661986887454987, -0.17889098823070526, 0.9820742607116699, 0.05939842015504837, 0.09597288072109222, -0.04266607388854027, 0.994469165802002),
            ["LeftLowerArm"] = CFrame.new(-1.1920928955078125e-07, 1.1920928955078125e-07, -1.9371509552001953e-07, 1, 1.247971965767647e-07, 1.30385160446167e-08, -1.937151665742931e-07, 0.37677469849586487, -0.9263049364089966, -9.685758328714655e-08, 0.9263049960136414, 0.37677475810050964),
            ["RightUpperArm"] = CFrame.new(0, 2.384185791015625e-07, -5.960464477539063e-08, 0.6606029868125916, -0.7083145976066589, -0.24878516793251038, 0.3911791741847992, 0.6076110601425171, -0.6912220120429993, 0.6407672166824341, 0.359303742647171, 0.6784675717353821),
            ["Head"] = CFrame.new(-4.470348358154297e-08, 0, -1.3408134691417217e-07, 0.9910473823547363, -0.13176655769348145, 0.021507803350687027, 0.13349351286888123, 0.9805353283882141, -0.14397920668125153, -0.002117495285347104, 0.14556142687797546, 0.989346981048584),
            ["RightFoot"] = CFrame.new(0, 2.980232238769531e-07, -1.6909325495362282e-08, 0.9938612580299377, 0.1080813929438591, 0.023630240932106972, -0.09150166809558868, 0.9230786561965942, -0.37356793880462646, -0.062188345938920975, 0.36911293864250183, 0.927301824092865),
            ["UpperTorso"] = CFrame.new(0.04522891342639923, -0.003206789493560791, 0.02257051318883896, 0.9759349226951599, 0.19027070701122284, 0.10652820765972137, -0.2049207091331482, 0.9672625660896301, 0.14970172941684723, -0.07455690205097198, -0.16792893409729004, 0.9829756617546082),
            ["HumanoidRootPart"] = CFrame.new(0, 0, 0, 1, 0, 0, 0, 1, 0, 0, 0, 1),
            ["RightUpperLeg"] = CFrame.new(-2.9802322387695312e-08, 1.7508864402770996e-07, 5.046604201197624e-08, 0.8873012065887451, -0.31787407398223877, -0.33414435386657715, -0.0025835947599262, 0.7210888862609863, -0.6928380131721497, 0.4611830711364746, 0.6156191825866699, 0.6390015482902527),
            ["LeftUpperArm"] = CFrame.new(1.1920928955078125e-07, -1.1920928955078125e-07, -1.4156103134155273e-07, 0.8394836783409119, 0.3388954699039459, -0.42475515604019165, 0.09254302829504013, 0.6810964941978455, 0.7263218760490417, 0.5354466438293457, -0.6490435600280762, 0.5404068827629089),
            ["RightLowerArm"] = CFrame.new(-1.4901161193847656e-07, -1.7881393432617188e-07, 0, 1, -8.940693874137651e-08, -1.4901155864777138e-08, 7.450579175838357e-08, -0.20265868306159973, -0.9792494177818298, 5.960463056453591e-08, 0.9792494177818298, -0.20265866816043854),
            ["LeftHand"] = CFrame.new(0, 2.384185791015625e-07, 1.1175870895385742e-08, 0.9929957389831543, -0.0937730148434639, 0.07187575846910477, 0.10308364778757095, 0.9848819375038147, -0.13921676576137543, -0.0577346608042717, 0.14565108716487885, 0.9876500368118286),
            ["LeftFoot"] = CFrame.new(-1.862645149230957e-08, 1.7881393432617188e-07, -7.450580596923828e-09, 0.995104968547821, -0.0032027889974415302, -0.09877259284257889, 0.036915432661771774, 0.9391717314720154, 0.34145841002464294, 0.09167086333036423, -0.3434332013130188, 0.9346925616264343),
            ["LowerTorso"] = CFrame.new(0.6322334408760071, -0.33301711082458496, 0.7640420198440552, 0.9862490296363831, -0.11894529312849045, 0.11473848670721054, 0.11307232826948166, 0.9919832348823547, 0.05642632395029068, -0.12053029984235764, -0.0426766574382782, 0.9917919039726257),
            ["RightLowerLeg"] = CFrame.new(-3.5762786865234375e-07, -0.000014841556549072266, -0.000035194854717701674, 1, -1.3411040811206476e-07, -1.3038521728958585e-07, 1.3411047916633834e-07, 0.4503442347049713, 0.8928547501564026, -8.940698847936801e-08, -0.8928551077842712, 0.45034486055374146),
            ["LeftUpperLeg"] = CFrame.new(-1.4901161193847656e-07, -8.195638656616211e-08, 1.1175870895385742e-07, 0.9586459398269653, 0.27954089641571045, -0.05343067646026611, -0.05335788056254387, -0.007875815965235233, -0.9985443949699402, -0.2795548439025879, 0.9601015448570251, 0.00736558111384511),
            ["LeftLowerLeg"] = CFrame.new(5.4016709327697754e-08, 0.000015139579772949219, 0.00003496697172522545, 1, 8.195635814445268e-08, 6.612389569227162e-08, -1.3876704940685158e-07, 0.32182663679122925, 0.94679856300354, 5.215405707303944e-08, -0.9467986226081848, 0.3218267560005188),
        }},
        {Time = 0.103, Data = {
            ["RightHand"] = CFrame.new(-2.1606683731079102e-07, 0, 4.470348358154297e-08, 0.9777424931526184, 0.1920810490846634, -0.08440745621919632, -0.20036211609840393, 0.9741838574409485, -0.1040240079164505, 0.06224749982357025, 0.1186206191778183, 0.9909866452217102),
            ["LeftLowerArm"] = CFrame.new(-2.9802322387695312e-08, 1.1920928955078125e-07, -1.7881393432617188e-07, 1, 1.5646212148112681e-07, -1.2293459406009788e-07, -1.7136336794010276e-07, 0.36157503724098206, -0.9323431253433228, -8.940698137394065e-08, 0.932343065738678, 0.3615749180316925),
            ["RightUpperArm"] = CFrame.new(-5.960464477539063e-08, 3.5762786865234375e-07, -2.384185791015625e-07, 0.6340237259864807, -0.7387465238571167, -0.22862057387828827, 0.5865609049797058, 0.6520706415176392, -0.4803647994995117, 0.5039446949958801, 0.1704627126455307, 0.8467481136322021),
            ["Head"] = CFrame.new(0, 0, -1.1918018572032452e-07, 0.995249330997467, -0.09328410774469376, 0.027873201295733452, 0.09642177075147629, 0.9840436577796936, -0.1495359092950821, -0.01347910426557064, 0.15151318907737732, 0.9883633255958557),
            ["RightFoot"] = CFrame.new(2.086162567138672e-07, 2.384185791015625e-07, -6.81320670992136e-08, 0.9906443953514099, 0.1338493824005127, 0.026610368862748146, -0.12010835111141205, 0.9477198123931885, -0.2956368625164032, -0.0647900253534317, 0.2896748483181, 0.9549298286437988),
            ["UpperTorso"] = CFrame.new(0.021964997053146362, -0.0010963380336761475, 0.019834235310554504, 0.9919208288192749, 0.10429391264915466, 0.07222208380699158, -0.1152866929769516, 0.9786533117294312, 0.17013755440711975, -0.05293608829379082, -0.17708924412727356, 0.9827701449394226),
            ["HumanoidRootPart"] = CFrame.new(0, 0, 0, 1, 0, 0, 0, 1, 0, 0, 0, 1),
            ["RightUpperLeg"] = CFrame.new(-8.940696716308594e-08, -2.998858690261841e-07, 8.771894499659538e-08, 0.8810216784477234, -0.3492531180381775, -0.3190973401069641, 0.07804351300001144, 0.772574782371521, -0.6301091909408569, 0.4665941298007965, 0.5302363038063049, 0.7079120874404907),
            ["LeftUpperArm"] = CFrame.new(-5.960464477539063e-08, 7.152557373046875e-07, -1.4528632164001465e-07, 0.8332706689834595, 0.35136178135871887, -0.42685410380363464, 0.09554825723171234, 0.6689373850822449, 0.7371522188186646, 0.5445461869239807, -0.6550326943397522, 0.5238341689109802),
            ["RightLowerArm"] = CFrame.new(1.7881393432617188e-07, 2.384185791015625e-07, 0, 1, -9.313223614526578e-08, 1.341104365337742e-07, 1.1920928955078125e-07, -0.21491526067256927, -0.9766327738761902, 1.341104507446289e-07, 0.9766327142715454, -0.21491514146327972),
            ["LeftHand"] = CFrame.new(1.4901161193847656e-08, 1.7881393432617188e-07, 0, 0.9928602576255798, -0.0606374591588974, 0.10272097587585449, 0.07113296538591385, 0.9922579526901245, -0.10180510580539703, -0.095753014087677, 0.10838537663221359, 0.989486813545227),
            ["LeftFoot"] = CFrame.new(-9.313225746154785e-10, 0, 9.546056389808655e-09, 0.9925014972686768, -0.004445277154445648, -0.12215173989534378, 0.04790637642145157, 0.9335339069366455, 0.3552738130092621, 0.11245349049568176, -0.3584616184234619, 0.9267467856407166),
            ["LowerTorso"] = CFrame.new(0.5798388123512268, -0.24129176139831543, 0.756111204624176, 0.99118971824646, -0.06043829023838043, 0.1178564578294754, 0.05491248518228531, 0.9972591996192932, 0.04958530142903328, -0.12053028494119644, -0.0426766499876976, 0.9917919039726257),
            ["RightLowerLeg"] = CFrame.new(2.086162567138672e-07, -0.000014841556549072266, -0.000034986238460987806, 1, -8.568168397005138e-08, -9.685756197086448e-08, 1.4901162614933128e-07, 0.6073977947235107, 0.7943977117538452, -8.195639367158947e-08, -0.7943978905677795, 0.6073980331420898),
            ["LeftUpperLeg"] = CFrame.new(-2.9802322387695312e-08, -2.7939677238464355e-08, 7.82310962677002e-08, 0.9602169990539551, 0.2727788984775543, 0.05979103967547417, 0.03308093920350075, 0.10149072855710983, -0.994286298751831, -0.277288556098938, 0.9567086100578308, 0.08842933923006058),
            ["LeftLowerLeg"] = CFrame.new(-9.313225746154785e-09, 0.000015079975128173828, 0.000035087112337350845, 1, 9.126959810146218e-08, 8.029747533555565e-08, -1.1362138252479781e-07, 0.1621006280183792, 0.9867742657661438, 6.332994928470725e-08, -0.986774206161499, 0.1621006727218628),
        }},
        {Time = 0.138, Data = {
            ["RightHand"] = CFrame.new(-4.0978193283081055e-08, 0, 2.1979212760925293e-07, 0.9934889674186707, 0.11332520097494125, -0.011715150438249111, -0.11087397485971451, 0.9380712509155273, -0.32822123169898987, -0.026206407696008682, 0.32738322019577026, 0.944528341293335),
            ["LeftLowerArm"] = CFrame.new(2.384185791015625e-07, 3.5762786865234375e-07, -4.3213367462158203e-07, 1, 9.778882059663374e-08, -7.450580596923828e-08, -1.043081283569336e-07, 0.5081530809402466, -0.8612668514251709, -1.1920928955078125e-07, 0.8612668514251709, 0.5081530809402466),
            ["RightUpperArm"] = CFrame.new(-1.1920928955078125e-07, -1.1920928955078125e-07, 1.341104507446289e-07, 0.5728578567504883, -0.8016108870506287, -0.17103895545005798, 0.7986666560173035, 0.5928202271461487, -0.10341935604810715, 0.18429730832576752, -0.07735836505889893, 0.9798214435577393),
            ["Head"] = CFrame.new(-6.705522537231445e-08, 0, 1.1178781278431416e-07, 0.9982590079307556, -0.047373488545417786, 0.03513903170824051, 0.05231247842311859, 0.9863027334213257, -0.1564299613237381, -0.027247093617916107, 0.15799592435359955, 0.9870637655258179),
            ["RightFoot"] = CFrame.new(3.725290298461914e-08, 2.980232238769531e-07, 6.877235136926174e-08, 0.9931780099868774, 0.10584261268377304, 0.048937708139419556, -0.10182392597198486, 0.99170982837677, -0.07838162034749985, -0.056828245520591736, 0.07286413013935089, 0.9957215785980225),
            ["UpperTorso"] = CFrame.new(0.01137147843837738, -0.0005931854248046875, 0.018568433821201324, 0.9983252882957458, 0.04316892474889755, 0.03851134702563286, -0.04954637587070465, 0.9816805124282837, 0.183979794383049, -0.029863642528653145, -0.18557976186275482, 0.982175350189209),
            ["HumanoidRootPart"] = CFrame.new(0, 0, 0, 1, 0, 0, 0, 1, 0, 0, 0, 1),
            ["RightUpperLeg"] = CFrame.new(-5.960464477539063e-08, -2.2724270820617676e-07, -7.619382813572884e-08, 0.8783441781997681, -0.3407151401042938, -0.33529800176620483, 0.1089155375957489, 0.8256080150604248, -0.5536325573921204, 0.4654558002948761, 0.44976067543029785, 0.7622770667076111),
            ["LeftUpperArm"] = CFrame.new(-1.1920928955078125e-07, -1.1920928955078125e-07, -3.282912075519562e-08, 0.8029993772506714, 0.33791419863700867, -0.4909239709377289, 0.1078796237707138, 0.7277044653892517, 0.6773536801338196, 0.5861347913742065, -0.5968754887580872, 0.5478922128677368),
            ["RightLowerArm"] = CFrame.new(2.086162567138672e-07, 2.980232238769531e-07, 9.313225746154785e-08, 1, -7.031485438346863e-08, 7.357449050005016e-08, 1.2852252950779075e-07, -0.2088301181793213, -0.9779520034790039, 8.661300654466686e-08, 0.9779520034790039, -0.2088300883769989),
            ["LeftHand"] = CFrame.new(-5.960464477539063e-08, -2.980232238769531e-07, -7.450580596923828e-08, 0.9848949909210205, 0.003440992673859, 0.1731186956167221, 0.02207326330244541, 0.9891507625579834, -0.14523643255233765, -0.1717401146888733, 0.1468639373779297, 0.9741337299346924),
            ["LeftFoot"] = CFrame.new(-1.0244548320770264e-08, 0, -3.725290298461914e-09, 0.9918134808540344, -0.0514398068189621, -0.11687678843736649, 0.07151152193546295, 0.9820334315299988, 0.17463244497776031, 0.10579385608434677, -0.18156081438064575, 0.9776724576950073),
            ["LowerTorso"] = CFrame.new(0.515297532081604, -0.10735821723937988, 0.7464232444763184, 0.9923025965690613, -0.033790480345487595, 0.11913836002349854, 0.0284286979585886, 0.9985174536705017, 0.046420928090810776, -0.12053032219409943, -0.0426766574382782, 0.9917919039726257),
            ["RightLowerLeg"] = CFrame.new(-4.470348358154297e-08, -0.000014841556549072266, -0.00003509054658934474, 1, -8.940696716308594e-08, -2.980232594040899e-08, 7.450580596923828e-08, 0.7369204759597778, 0.6759791374206543, -4.470348358154297e-08, -0.675979495048523, 0.7369207739830017),
            ["LeftUpperLeg"] = CFrame.new(-5.960464477539063e-08, -3.9208680391311646e-07, 7.450580596923828e-09, 0.970526933670044, 0.22060273587703705, 0.09701481461524963, 0.006623442750424147, 0.37799423933029175, -0.9257842898368835, -0.2409016191959381, 0.8991411924362183, 0.36539244651794434),
            ["LeftLowerLeg"] = CFrame.new(-1.4901161193847656e-08, 0.0000152587890625, 0.00003536790609359741, 1, 7.823107495141812e-08, 9.103676745780831e-08, -1.1827793855445634e-07, 0.31090760231018066, 0.9504401683807373, 4.470347292340193e-08, -0.9504401087760925, 0.31090760231018066),
        }},
        {Time = 0.172, Data = {
            ["RightHand"] = CFrame.new(-1.341104507446289e-07, -1.1920928955078125e-07, -2.0954757928848267e-08, 0.9940210580825806, 0.06299468874931335, 0.0891847312450409, -0.01780582405626774, 0.8993815183639526, -0.4368021488189697, -0.10772696137428284, 0.43260204792022705, 0.895125687122345),
            ["LeftLowerArm"] = CFrame.new(3.5762786865234375e-07, -5.960464477539063e-08, 3.5762786865234375e-07, 1, 2.6822084464583895e-07, -1.862645326866641e-08, -7.450581307466564e-08, 0.5826365947723389, -0.8127329349517822, 1.4901162970204496e-08, 0.8127329349517822, 0.5826364159584045),
            ["RightUpperArm"] = CFrame.new(0, 0, -4.023313522338867e-07, 0.4347330927848816, -0.894478976726532, -0.10447154194116592, 0.8876802325248718, 0.4060739278793335, 0.21708905696868896, -0.15175941586494446, -0.18711307644844055, 0.97054523229599),
            ["Head"] = CFrame.new(-1.4901161193847656e-08, 2.384185791015625e-07, -2.0858715288341045e-07, 0.9990988969802856, 0.0011116175446659327, 0.04242913797497749, 0.005867971107363701, 0.9864396452903748, -0.16401977837085724, -0.04203612357378006, 0.16412100195884705, 0.9855442643165588),
            ["RightFoot"] = CFrame.new(-1.601874828338623e-07, 2.980232238769531e-07, 1.7171259969472885e-09, 0.996009111404419, 0.06663380563259125, 0.05937964469194412, -0.06939134746789932, 0.996544361114502, 0.04565504193305969, -0.056132204830646515, -0.0495929978787899, 0.9971909523010254),
            ["UpperTorso"] = CFrame.new(0.015263698995113373, -0.0008068084716796875, 0.020289480686187744, 0.9998217225074768, 0.016394035890698433, 0.009366336278617382, -0.017946485430002213, 0.9792932868003845, 0.20164959132671356, -0.005866555962711573, -0.20178179442882538, 0.9794129729270935),
            ["HumanoidRootPart"] = CFrame.new(0, 0, 0, 1, 0, 0, 0, 1, 0, 0, 0, 1),
            ["RightUpperLeg"] = CFrame.new(-1.4901161193847656e-07, -6.891787052154541e-07, -5.384208634495735e-08, 0.8906312584877014, -0.31907474994659424, -0.32398658990859985, 0.09305819869041443, 0.8253002762794495, -0.5569735169410706, 0.4451025128364563, 0.465908408164978, 0.7647308707237244),
            ["LeftUpperArm"] = CFrame.new(5.960464477539063e-08, 1.1920928955078125e-07, -2.905726432800293e-07, 0.7884828448295593, 0.3243429660797119, -0.522586464881897, 0.12757499516010284, 0.7449328303337097, 0.654827892780304, 0.6016806960105896, -0.5829895734786987, 0.5459888577461243),
            ["RightLowerArm"] = CFrame.new(5.960464477539063e-08, -1.7881393432617188e-07, 1.7299316823482513e-07, 1, -2.2351741790771484e-08, 6.565822019410916e-08, 1.4901159772762185e-07, -0.19774150848388672, -0.9802542328834534, 1.4255054736622697e-07, 0.9802542924880981, -0.19774146378040314),
            ["LeftHand"] = CFrame.new(1.1920928955078125e-07, 2.980232238769531e-07, -2.9802322387695312e-08, 0.9739665985107422, 0.06705377250909805, 0.21654769778251648, -0.027348194271326065, 0.9830304980278015, -0.1813925802707672, -0.22503608465194702, 0.17074814438819885, 0.959272563457489),
            ["LeftFoot"] = CFrame.new(2.7939677238464355e-09, 0, -2.9802322387695312e-08, 0.9950541853904724, -0.06612168997526169, -0.07413001358509064, 0.06948142498731613, 0.9966257810592651, 0.04369724914431572, 0.07099062949419022, -0.04863158240914345, 0.9962908625602722),
            ["LowerTorso"] = CFrame.new(0.44366931915283203, -0.05163240432739258, 0.735062301158905, 0.9919449090957642, -0.04396645724773407, 0.11879510432481766, 0.03815946355462074, 0.997983455657959, 0.050723571330308914, -0.1207856833934784, -0.045781828463077545, 0.9916223287582397),
            ["RightLowerLeg"] = CFrame.new(-1.4901161193847656e-08, -0.000014901161193847656, -0.00003497133729979396, 1, -8.195638656616211e-08, -3.539026138810186e-08, 8.940698137394065e-08, 0.7161181569099426, 0.6979789137840271, -6.705523247774181e-08, -0.6979791522026062, 0.7161182761192322),
            ["LeftUpperLeg"] = CFrame.new(-8.940696716308594e-08, -4.544854164123535e-07, 1.1175870895385742e-08, 0.9812270998954773, 0.1681714653968811, 0.09440184384584427, -0.032088857144117355, 0.6250386238098145, -0.7799338102340698, -0.19016751646995544, 0.7622631788253784, 0.6187014579772949),
            ["LeftLowerLeg"] = CFrame.new(-2.2351741790771484e-08, 0.0000152587890625, 0.00003517512232065201, 1, 9.359791874885559e-08, 1.955777229056821e-08, -3.073364140959711e-08, 0.5690329670906067, 0.8223147988319397, 3.399327042075129e-08, -0.8223147392272949, 0.5690329074859619),
        }},
        {Time = 0.207, Data = {
            ["RightHand"] = CFrame.new(5.960464477539063e-08, 1.1920928955078125e-07, 1.7182901501655579e-07, 0.9811784029006958, 0.09851528704166412, 0.16608412563800812, -0.01017764676362276, 0.8852626085281372, -0.46498027443885803, -0.19283561408519745, 0.4545383155345917, 0.8696030378341675),
            ["LeftLowerArm"] = CFrame.new(0, 5.960464477539063e-08, -3.8743019104003906e-07, 1, 1.9371505288745539e-07, -1.4761462807655334e-07, -5.960464477539063e-08, 0.5026231408119202, -0.8645057082176208, -4.470348358154297e-08, 0.8645057082176208, 0.5026230812072754),
            ["RightUpperArm"] = CFrame.new(1.1920928955078125e-07, 5.960464477539062e-07, -7.450580596923828e-09, 0.28234952688217163, -0.9528872966766357, -0.11083568632602692, 0.8944112658500671, 0.21971064805984497, 0.38955867290496826, -0.3468533456325531, -0.2091244012117386, 0.9143081903457642),
            ["Head"] = CFrame.new(3.5390257835388184e-08, 5.960464477539062e-07, 1.5649129636585712e-07, 0.9976829290390015, 0.0472039096057415, 0.04899662733078003, -0.03815355524420738, 0.984440267086029, -0.171527698636055, -0.05633102357387543, 0.1692609190940857, 0.9839602112770081),
            ["RightFoot"] = CFrame.new(-2.9802322387695312e-08, 2.384185791015625e-07, 2.4068867787718773e-08, 0.993096113204956, 0.10688593983650208, 0.04832753539085388, -0.10458409786224365, 0.9933623671531677, -0.04789070785045624, -0.05312550812959671, 0.04250599816441536, 0.9976828694343567),
            ["UpperTorso"] = CFrame.new(0.02453950047492981, -0.001498878002166748, 0.024387508630752563, 0.9998166561126709, 0.0067121721804142, -0.017934050410985947, -0.002401357050985098, 0.9731096625328064, 0.23033007979393005, 0.0189978014677763, -0.23024475574493408, 0.9729472994804382),
            ["HumanoidRootPart"] = CFrame.new(0, 0, 0, 1, 0, 0, 0, 1, 0, 0, 0, 1),
            ["RightUpperLeg"] = CFrame.new(-8.940696716308594e-08, 9.313225746154785e-08, -8.364440873265266e-08, 0.908567488193512, -0.26439741253852844, -0.32341790199279785, 0.07414422929286957, 0.8639862537384033, -0.49802646040916443, 0.4111054241657257, 0.4285111129283905, 0.8045934438705444),
            ["LeftUpperArm"] = CFrame.new(0, 2.384185791015625e-07, 1.4901161193847656e-08, 0.8056868314743042, 0.330246239900589, -0.49173814058303833, 0.15649566054344177, 0.6819868683815002, 0.7144249677658081, 0.5712948441505432, -0.6525577306747437, 0.4977855980396271),
            ["RightLowerArm"] = CFrame.new(-1.1920928955078125e-07, -3.5762786865234375e-07, 0, 1, -2.1047883080882457e-07, 1.2572853336223488e-07, 8.940696716308594e-08, -0.2264411449432373, -0.9740248918533325, 8.847564458847046e-08, 0.9740248322486877, -0.22644111514091492),
            ["LeftHand"] = CFrame.new(5.960464477539063e-08, 2.384185791015625e-07, 8.195638656616211e-08, 0.9709038138389587, 0.12481417506933212, 0.2043706774711609, -0.09134288132190704, 0.9819292426109314, -0.1657450646162033, -0.2213645875453949, 0.14225490391254425, 0.9647597074508667),
            ["LeftFoot"] = CFrame.new(1.0477378964424133e-09, 0, -4.6566128730773926e-08, 0.9985487461090088, -0.04174242913722992, -0.03403082862496376, 0.039454393088817596, 0.9970828890800476, -0.06533781439065933, 0.03665890917181969, 0.06390032172203064, 0.9972827434539795),
            ["LowerTorso"] = CFrame.new(0.3700280785560608, -0.08910202980041504, 0.7221230864524841, 0.9906916618347168, -0.06821548938751221, 0.11779936403036118, 0.0613488145172596, 0.9962525367736816, 0.06096884235739708, -0.12151693552732468, -0.053174473345279694, 0.9911640286445618),
            ["RightLowerLeg"] = CFrame.new(2.2351741790771484e-08, -0.000014901161193847656, -0.000034986238460987806, 1, -8.940698137394065e-08, -5.774199962615967e-08, 1.2665987014770508e-07, 0.785951554775238, 0.6182880401611328, -5.21540641784668e-08, -0.6182882189750671, 0.7859516739845276),
            ["LeftUpperLeg"] = CFrame.new(0, 1.8905848264694214e-07, -3.3527612686157227e-08, 0.9865873456001282, 0.14362576603889465, 0.07757008075714111, -0.05624678358435631, 0.7452219128608704, -0.6644400954246521, -0.15323762595653534, 0.6511651277542114, 0.7433050274848938),
            ["LeftLowerLeg"] = CFrame.new(-3.4458935260772705e-08, 0.0000152587890625, 0.000035130418837070465, 1, 8.381902460996571e-08, -2.910382490561858e-10, -5.98374754190445e-08, 0.7174133658409119, 0.6966478228569031, 1.816079020500183e-08, -0.6966478228569031, 0.7174133062362671),
        }},
        {Time = 0.241, Data = {
            ["RightHand"] = CFrame.new(-1.1175870895385742e-08, 1.1920928955078125e-07, -1.7508864402770996e-07, 0.9641062617301941, 0.15693268179893494, 0.21417619287967682, -0.035931166261434555, 0.8763314485549927, -0.4803667664527893, -0.2630743980407715, 0.4554287791252136, 0.8505153059959412),
            ["LeftLowerArm"] = CFrame.new(-8.940696716308594e-08, -2.384185791015625e-07, -1.6391277313232422e-07, 1, 1.0430807861894209e-07, -1.30385160446167e-07, -1.7881393432617188e-07, 0.37130022048950195, -0.9285129308700562, -1.043081283569336e-07, 0.9285128712654114, 0.3713001608848572),
            ["RightUpperArm"] = CFrame.new(-5.960464477539063e-08, -2.384185791015625e-07, -1.1175870895385742e-08, 0.15458251535892487, -0.9742131233215332, -0.16435708105564117, 0.8853834271430969, 0.06278116255998611, 0.46060219407081604, -0.4384068548679352, -0.21671946346759796, 0.8722571134567261),
            ["Head"] = CFrame.new(-2.514570951461792e-08, -1.1920928955078125e-07, 9.968061931431293e-08, 0.9948193430900574, 0.08597635477781296, 0.054247114807367325, -0.07508521527051926, 0.9811500310897827, -0.17806439101696014, -0.06853387504816055, 0.17306871712207794, 0.9825224876403809),
            ["RightFoot"] = CFrame.new(1.2665987014770508e-07, 2.980232238769531e-07, 5.4424162954092026e-09, 0.9859567880630493, 0.1640176922082901, 0.03142623230814934, -0.15460163354873657, 0.9676013588905334, -0.1996142864227295, -0.06314831227064133, 0.19195297360420227, 0.9793705344200134),
            ["UpperTorso"] = CFrame.new(0.035589441657066345, -0.002662479877471924, 0.029263358563184738, 0.9990359544754028, 0.008835979737341404, -0.04300129413604736, 0.002738963346928358, 0.9650803208351135, 0.2619400918483734, 0.043814197182655334, -0.26180538535118103, 0.9641256332397461),
            ["HumanoidRootPart"] = CFrame.new(0, 0, 0, 1, 0, 0, 0, 1, 0, 0, 0, 1),
            ["RightUpperLeg"] = CFrame.new(2.9802322387695312e-08, 2.1606683731079102e-07, 5.762558430433273e-09, 0.9173715114593506, -0.26092079281806946, -0.30058279633522034, 0.07359078526496887, 0.8533364534378052, -0.5161411762237549, 0.39117005467414856, 0.45137277245521545, 0.802027702331543),
            ["LeftUpperArm"] = CFrame.new(-2.384185791015625e-07, -2.384185791015625e-07, -2.0489096641540527e-08, 0.8463561534881592, 0.31884923577308655, -0.42663437128067017, 0.18290284276008606, 0.5783122777938843, 0.7950482964515686, 0.5002279281616211, -0.7509261965751648, 0.43113958835601807),
            ["RightLowerArm"] = CFrame.new(-3.8743019104003906e-07, 1.1920928955078125e-07, 4.470348358154297e-08, 1, -9.057112038135529e-08, 1.0803344707710494e-07, 7.823108916227284e-08, -0.2739359438419342, -0.961747944355011, 1.0523943672069436e-07, 0.961747944355011, -0.2739362120628357),
            ["LeftHand"] = CFrame.new(-5.960464477539063e-08, 4.76837158203125e-07, -2.0489096641540527e-08, 0.9755833745002747, 0.1624259501695633, 0.14783445000648499, -0.1405976116657257, 0.9789761304855347, -0.14777736365795135, -0.16872872412204742, 0.12338448315858841, 0.9779094457626343),
            ["LeftFoot"] = CFrame.new(8.381903171539307e-09, -1.1920928955078125e-07, -1.7695128917694092e-08, 0.9998394250869751, -0.006887560710310936, -0.01654697023332119, 0.003338295966386795, 0.9786237478256226, -0.20563222467899323, 0.017609527334570885, 0.2055438756942749, 0.9784895181655884),
            ["LowerTorso"] = CFrame.new(0.30576521158218384, -0.1819307804107666, 0.7077034711837769, 0.9884581565856934, -0.09710022807121277, 0.1162850558757782, 0.08897360414266586, 0.9933436512947083, 0.0731583759188652, -0.12261471152305603, -0.06196767836809158, 0.9905179738998413),
            ["RightLowerLeg"] = CFrame.new(-8.195638656616211e-08, -0.00001519918441772461, -0.00003529916284605861, 1, -8.940696716308594e-08, -1.1175872671742582e-08, 8.940698137394065e-08, 0.758192241191864, 0.6520305275917053, -2.2351745343485163e-08, -0.6520311236381531, 0.7581928372383118),
            ["LeftUpperLeg"] = CFrame.new(-1.1920928955078125e-07, 5.3085386753082275e-08, 4.377216100692749e-08, 0.9886457920074463, 0.14090752601623535, 0.052198782563209534, -0.06301134079694748, 0.7041159868240356, -0.7072837948799133, -0.1364155411720276, 0.695963978767395, 0.7049999833106995),
            ["LeftLowerLeg"] = CFrame.new(-2.7241185307502747e-08, 0.0000152587890625, 0.00003502925392240286, 1, 7.54371214384264e-08, 4.842877388000488e-08, -7.823108916227284e-08, 0.6209450364112854, 0.7838543057441711, 4.656612162534657e-08, -0.7838541269302368, 0.6209449172019958),
        }},
        {Time = 0.276, Data = {
            ["RightHand"] = CFrame.new(3.8743019104003906e-07, -1.1920928955078125e-07, -2.2351741790771484e-08, 0.9595140218734741, 0.13527800142765045, 0.2470482587814331, 0.0026090082246810198, 0.8728058338165283, -0.4880606234073639, -0.28164881467819214, 0.4689455032348633, 0.8371164798736572),
            ["LeftLowerArm"] = CFrame.new(2.980232238769531e-07, -5.960464477539063e-08, -3.725290298461914e-08, 1, 7.823106784599076e-08, -3.725289943190546e-08, -1.4901161193847656e-07, 0.3259258270263672, -0.9453953504562378, -6.332993507385254e-08, 0.9453954100608826, 0.3259257972240448),
            ["RightUpperArm"] = CFrame.new(5.960464477539063e-08, 4.76837158203125e-07, 1.6205012798309326e-07, 0.03288852050900459, -0.9776836037635803, -0.2074929177761078, 0.8511560559272766, -0.08142071962356567, 0.5185593366622925, -0.5238814353942871, -0.19366304576396942, 0.8294835090637207),
            ["Head"] = CFrame.new(1.3504177331924438e-08, 2.384185791015625e-07, 6.382470019161701e-08, 0.9919572472572327, 0.1126505583524704, 0.057713136076927185, -0.10044034570455551, 0.9780286550521851, -0.18267922103405, -0.07702401280403137, 0.17541328072547913, 0.9814772009849548),
            ["RightFoot"] = CFrame.new(-2.9802322387695312e-08, 4.172325134277344e-07, -1.3184035196900368e-08, 0.9790523648262024, 0.20017127692699432, 0.03725666180253029, -0.18224091827869415, 0.943111777305603, -0.2780798077583313, -0.09080086648464203, 0.26546499133110046, 0.9598352313041687),
            ["UpperTorso"] = CFrame.new(0.04481921344995499, -0.0039189159870147705, 0.033330854028463364, 0.9976825714111328, 0.016709834337234497, -0.06595759838819504, 0.0029978244565427303, 0.9576390981674194, 0.2879556715488434, 0.06797528266906738, -0.28748610615730286, 0.9553696513175964),
            ["HumanoidRootPart"] = CFrame.new(0, 0, 0, 1, 0, 0, 0, 1, 0, 0, 0, 1),
            ["RightUpperLeg"] = CFrame.new(-8.940696716308594e-08, -2.0116567611694336e-07, 1.3213139027357101e-08, 0.9138911962509155, -0.30137571692466736, -0.2719845473766327, 0.08472254872322083, 0.7968186140060425, -0.5982493758201599, 0.39702028036117554, 0.5236914753913879, 0.7537387609481812),
            ["LeftUpperArm"] = CFrame.new(0, 3.5762786865234375e-07, 1.6670674085617065e-07, 0.8918167352676392, 0.2759312391281128, -0.3585035502910614, 0.17882303893566132, 0.5129061341285706, 0.8396130204200745, 0.4155541658401489, -0.8128895163536072, 0.4080749452114105),
            ["RightLowerArm"] = CFrame.new(1.1920928955078125e-07, 0, 1.8812716007232666e-07, 1, -7.24103230709261e-08, 1.9744041424019088e-07, 7.450583439094771e-08, -0.29952600598335266, -0.9540881514549255, 5.5879375793210784e-08, 0.9540880918502808, -0.2995259463787079),
            ["LeftHand"] = CFrame.new(-8.940696716308594e-08, 4.172325134277344e-07, 5.960464477539063e-08, 0.9838705062866211, 0.1564895063638687, 0.08666007220745087, -0.1399390697479248, 0.9750972390174866, -0.1720527857542038, -0.11142665147781372, 0.157150998711586, 0.9812685251235962),
            ["LeftFoot"] = CFrame.new(-1.955777406692505e-08, 0, 1.862645149230957e-08, 0.9997745156288147, 0.0182474534958601, -0.010861797258257866, -0.02068914845585823, 0.9522716999053955, -0.3045499324798584, 0.004786083474755287, 0.30470597743988037, 0.9524344801902771),
            ["LowerTorso"] = CFrame.new(0.2627426087856293, -0.26160943508148193, 0.6919007301330566, 0.9859707355499268, -0.1212252676486969, 0.1147446259856224, 0.11204823851585388, 0.9902029037475586, 0.08332721889019012, -0.12372182309627533, -0.06930125504732132, 0.9898941516876221),
