return {
    ["Monkey Mosh"] = {
        [1] = {Time = 0.000, Data = {
            ["RightFoot"] = CFrame.new(9.313225746154785e-09, 4.76837158203125e-07, 4.267349140718579e-08, 0.8633026480674744, -0.15076574683189392, -0.481641560792923, 0.12931719422340393, 0.9885581731796265, -0.07765258848667145, 0.48783785104751587, 0.0047531044110655785, 0.8729212880134583),
            ["LeftLowerArm"] = CFrame.new(8.940696716308594e-08, -2.980232238769531e-07, 7.450580596923828e-09, 1, -1.1920928955078125e-07, 7.450581307466564e-08, 1.1920931797249068e-07, 0.366241991519928, -0.930519700050354, 5.215407838932151e-08, 0.930519700050354, 0.3662419617176056),
            ["RightUpperArm"] = CFrame.new(0, 2.384185791015625e-07, -5.960464477539063e-08, 0.3111669421195984, -0.704403281211853, 0.6379584670066833, 0.3117448389530182, -0.558484673500061, -0.7687069177627563, 0.8977696299552917, 0.43807634711265564, 0.045811936259269714),
            ["Head"] = CFrame.new(2.2351741790771484e-08, 2.384185791015625e-07, -2.9802322387695312e-08, 0.9789540767669678, 0.1747966706752777, 0.10533303767442703, -0.13925014436244965, 0.9494377970695496, -0.28138455748558044, -0.14919230341911316, 0.2607950270175934, 0.9537965059280396),
            ["RightHand"] = CFrame.new(-8.940696716308594e-08, -2.980232238769531e-07, -1.1920928955078125e-07, 0.6435834765434265, 0.6659919023513794, -0.37716731429100037, -0.6780384182929993, 0.7247127890586853, 0.12270018458366394, 0.35505539178848267, 0.17676611244678497, 0.9179812073707581),
            ["UpperTorso"] = CFrame.new(9.685754776000977e-08, -2.086162567138672e-07, -1.0663643479347229e-07, 0.9941712021827698, -0.05460331588983536, 0.09296335279941559, 0.03982236608862877, 0.9872657060623169, 0.15401479601860046, -0.10018925368785858, -0.1494150459766388, 0.9836855530738831),
            ["HumanoidRootPart"] = CFrame.new(0, 0, 0, 1, 0, 0, 0, 1, 0, 0, 0, 1),
            ["RightUpperLeg"] = CFrame.new(-5.960464477539063e-08, 4.0512531995773315e-07, -2.4047039914876223e-08, 0.9716553688049316, -0.10042575001716614, -0.21401047706604004, -0.1374044120311737, 0.496748149394989, -0.856948971748352, 0.19236914813518524, 0.8620650172233582, 0.4688689112663269),
            ["LeftUpperArm"] = CFrame.new(1.7881393432617188e-07, 3.5762786865234375e-07, -1.1175870895385742e-07, 0.11370616406202316, 0.5361875295639038, -0.836405336856842, -0.15210336446762085, -0.8225460052490234, -0.5479806661605835, -0.981802225112915, 0.18952885270118713, -0.011972608976066113),
            ["RightLowerArm"] = CFrame.new(1.7881393432617188e-07, -5.960464477539063e-08, -1.6391277313232422e-07, 1, -7.264315371457997e-08, 2.60770320892334e-08, 1.0430814256778831e-07, 0.5503619909286499, -0.8349261283874512, 4.4703490686970326e-08, 0.834926187992096, 0.5503619909286499),
            ["LeftHand"] = CFrame.new(2.086162567138672e-07, 0, -2.682209014892578e-07, 0.5795565843582153, -0.767251193523407, 0.274663507938385, 0.8034083843231201, 0.5944106578826904, -0.0348004549741745, -0.13656222820281982, 0.24083565175533295, 0.9609105587005615),
            ["LeftFoot"] = CFrame.new(-9.220093488693237e-08, 1.1920928955078125e-07, -3.725290298461914e-08, 0.9536949396133423, 0.04417777806520462, 0.2975139021873474, 0.05581957846879959, 0.9459746479988098, -0.3193996846675873, -0.2955506443977356, 0.3212171196937561, 0.8997051119804382),
            ["LowerTorso"] = CFrame.new(-0.02742510288953781, -0.2385702133178711, 0.11451122164726257, 0.9793022274971008, 0.003926929552108049, -0.20236599445343018, 0.04191511496901512, 0.9742040038108826, 0.22174273431301117, 0.19801652431488037, -0.2256353199481964, 0.9538754224777222),
            ["RightLowerLeg"] = CFrame.new(-7.450580596923828e-08, -0.0001227259635925293, -0.00007746944174868986, 1, -1.601874686230076e-07, -8.009374852235851e-08, 1.862645149230957e-07, 0.3367052674293518, 0.9416099786758423, -9.313225746154785e-08, -0.9416101574897766, 0.33670562505722046),
            ["LeftUpperLeg"] = CFrame.new(0, 6.488990038633347e-07, -1.3969838619232178e-08, 0.8344037532806396, 0.37661871314048767, 0.40240350365638733, 0.1231430396437645, 0.5842621326446533, -0.8021679520606995, -0.5372207760810852, 0.7188853621482849, 0.44113269448280334),
            ["LeftLowerLeg"] = CFrame.new(-1.862645149230957e-08, 0.0001226663589477539, 0.00007748603820800781, 1, 8.195636524988004e-08, 6.146728992462158e-08, -1.0058283805847168e-07, 0.4977211654186249, 0.8673372268676758, 2.9802322387695312e-08, -0.8673372268676758, 0.49772101640701294)
        }},
        [2] = {Time = 0.033, Data = {
            ["RightFoot"] = CFrame.new(-7.171183824539185e-08, 2.980232238769531e-07, 1.6596459317952394e-08, 0.8712920546531677, -0.09073550999164581, -0.48230409622192383, 0.1389041244983673, 0.988168478012085, 0.06502970308065414, 0.4706971347332001, -0.12365370988845825, 0.8735868334770203),
            ["LeftLowerArm"] = CFrame.new(8.940696716308594e-08, -4.172325134277344e-07, 1.7881393432617188e-07, 1, -7.450579175838357e-08, -1.4901162970204496e-08, 1.0430814256778831e-07, 0.39684808254241943, -0.917884349822998, 3.725290653733282e-08, 0.9178842902183533, 0.396848201751709),
            ["RightUpperArm"] = CFrame.new(1.1920928955078125e-07, -2.384185791015625e-07, -2.2351741790771484e-07, 0.3187212347984314, -0.707936704158783, 0.6302717328071594, 0.27619802951812744, -0.5667268633842468, -0.7762317061424255, 0.9067146182060242, 0.42148128151893616, 0.01490277424454689),
            ["Head"] = CFrame.new(-1.4901161193847656e-08, 3.5762786865234375e-07, 1.6763806343078613e-08, 0.9714429378509521, 0.20278966426849365, 0.1231868714094162, -0.16074004769325256, 0.944348931312561, -0.28699791431427, -0.17453160881996155, 0.25900113582611084, 0.9499775171279907),
            ["RightHand"] = CFrame.new(2.384185791015625e-07, -8.344650268554688e-07, -4.6193599700927734e-07, 0.6257546544075012, 0.6520885825157166, -0.4280324876308441, -0.6661319136619568, 0.732248067855835, 0.14170747995376587, 0.4058317244052887, 0.19645199179649353, 0.8925845623016357),
            ["UpperTorso"] = CFrame.new(6.007030606269836e-08, -2.682209014892578e-07, -4.0978193283081055e-08, 0.9930605292320251, -0.06987480819225311, 0.0945957824587822, 0.05151635780930519, 0.9815354943275452, 0.18421268463134766, -0.10572097450494766, -0.1780610978603363, 0.9783238172531128),
            ["HumanoidRootPart"] = CFrame.new(0, 0, 0, 1, 0, 0, 0, 1, 0, 0, 0, 1),
            ["RightUpperLeg"] = CFrame.new(0, 6.07222318649292e-07, 5.75528247281909e-09, 0.9784547686576843, -0.08354361355304718, -0.1888037621974945, -0.12603859603405, 0.48259904980659485, -0.8667250871658325, 0.16352595388889313, 0.8718478679656982, 0.46167173981666565),
            ["LeftUpperArm"] = CFrame.new(1.7881393432617188e-07, 1.1920928955078125e-07, -5.960464477539063e-08, 0.10379210114479065, 0.5308386087417603, -0.8410930633544922, -0.13870613276958466, -0.8296710252761841, -0.5407464504241943, -0.9848796129226685, 0.17278994619846344, -0.012482890859246254),
            ["RightLowerArm"] = CFrame.new(5.960464477539063e-08, 1.1920928955078125e-07, -6.854534149169922e-07, 1, -6.70552182668871e-08, 3.72529100900465e-08, 1.0430814256778831e-07, 0.4893839359283447, -0.8720684051513672, 5.960465188081798e-08, 0.872068464756012, 0.4893839359283447),
            ["LeftHand"] = CFrame.new(3.5762786865234375e-07, -4.76837158203125e-07, -2.086162567138672e-07, 0.5639606714248657, -0.7900536060333252, 0.24034109711647034, 0.8173936605453491, 0.5754795670509338, -0.026288090273737907, -0.1175423189997673, 0.21127863228321075, 0.9703325629234314),
            ["LeftFoot"] = CFrame.new(5.587935447692871e-08, 1.7881393432617188e-07, 7.450580596923828e-09, 0.9536654353141785, 0.07166959345340729, 0.29220908880233765, 0.03993868827819824, 0.9324637651443481, -0.3590487837791443, -0.2982066571712494, 0.35408303141593933, 0.886396050453186),
            ["LowerTorso"] = CFrame.new(-0.08014831691980362, -0.22949790954589844, 0.10740944743156433, 0.97280353307724, -0.03065783903002739, -0.2295943796634674, 0.07937901467084885, 0.97530597448349, 0.2060999721288681, 0.21760621666908264, -0.2187197208404541, 0.951214611530304),
            ["RightLowerLeg"] = CFrame.new(5.122274160385132e-08, -0.00012236833572387695, -0.00007735023245913908, 1, -1.350417022649708e-07, -8.335339884979476e-08, 1.0849905152099382e-07, 0.34143340587615967, 0.9399060010910034, -1.3131645459907304e-07, -0.9399060010910034, 0.34143364429473877),
            ["LeftUpperLeg"] = CFrame.new(8.940696716308594e-08, 2.828892320394516e-07, 2.5029294192790985e-08, 0.8206943869590759, 0.398801326751709, 0.40916767716407776, 0.11637760698795319, 0.5844331383705139, -0.8030528426170349, -0.5593899488449097, 0.7066792249679565, 0.43322956562042236),
            ["LeftLowerLeg"] = CFrame.new(1.1175870895385742e-07, 0.00012248754501342773, 0.0000775754451751709, 1, 8.195637946073475e-08, 4.0978196835794733e-08, -1.229346082709526e-07, 0.4718553125858307, 0.8816761374473572, 6.705523958316917e-08, -0.8816759586334229, 0.47185519337654114)
        }},
        [3] = {Time = 0.067, Data = {
            ["RightFoot"] = CFrame.new(4.6566128730773926e-09, 3.5762786865234375e-07, 4.639878170564771e-08, 0.8772539496421814, -0.014746655710041523, -0.47980010509490967, 0.13231655955314636, 0.9682345986366272, 0.21216550469398499, 0.46143022179603577, -0.24960868060588837, 0.851338803768158),
            ["LeftLowerArm"] = CFrame.new(4.172325134277344e-07, 3.5762786865234375e-07, 1.564621925354004e-07, 1, -2.2351738238057806e-08, 5.960465898624534e-08, 1.4901162970204496e-08, 0.42939138412475586, -0.9031185507774353, 7.450581307466564e-08, 0.9031184911727905, 0.42939141392707825),
            ["RightUpperArm"] = CFrame.new(2.384185791015625e-07, 2.384185791015625e-07, 3.725290298461914e-08, 0.3220883905887604, -0.7103317379951477, 0.625849723815918, 0.23368391394615173, -0.580970048904419, -0.7796573638916016, 0.9174153804779053, 0.3973695933818817, -0.0211307555437088),
            ["Head"] = CFrame.new(1.4901161193847656e-08, 1.1920928955078125e-07, 8.940696716308594e-08, 0.9654737710952759, 0.22383572161197662, 0.13325940072536469, -0.17780527472496033, 0.9400964379310608, -0.2908676266670227, -0.19038328528404236, 0.257130891084671, 0.9474376440048218),
            ["RightHand"] = CFrame.new(-1.341104507446289e-07, -3.5762786865234375e-07, -8.642673492431641e-07, 0.5979225039482117, 0.640847384929657, -0.4814596176147461, -0.6578749418258667, 0.7355021238327026, 0.16197894513607025, 0.4579184651374817, 0.21988943219184875, 0.8613706231117249),
            ["UpperTorso"] = CFrame.new(3.236345946788788e-08, 1.1920928955078125e-07, -9.406358003616333e-08, 0.992250382900238, -0.08529338985681534, 0.09035707265138626, 0.06460339576005936, 0.9753036499023438, 0.21120886504650116, -0.1061403676867485, -0.20373469591140747, 0.9732555747032166),
            ["HumanoidRootPart"] = CFrame.new(0, 0, 0, 1, 0, 0, 0, 1, 0, 0, 0, 1),
            ["RightUpperLeg"] = CFrame.new(0, 1.7881393432617188e-07, -9.145878721028566e-09, 0.9843951463699341, -0.07060710340738297, -0.16118624806404114, -0.10773809999227524, 0.48240965604782104, -0.8692947626113892, 0.13913629949092865, 0.8730954527854919, 0.4672747254371643),
            ["LeftUpperArm"] = CFrame.new(0, -3.5762786865234375e-07, 5.960464477539063e-08, 0.11410252004861832, 0.5400623083114624, -0.8338544964790344, -0.1261013150215149, -0.824674129486084, -0.5513719916343689, -0.9854335188865662, 0.16806307435035706, -0.025995101779699326),
            ["RightLowerArm"] = CFrame.new(-2.086162567138672e-07, -3.5762786865234375e-07, 1.4901161193847656e-07, 1, -1.1548399925231934e-07, 8.940698847936801e-08, 5.215405707303944e-08, 0.4304133951663971, -0.9026319980621338, 3.725289943190546e-08, 0.9026318788528442, 0.43041327595710754),
            ["LeftHand"] = CFrame.new(-1.7881393432617188e-07, -7.748603820800781e-07, -1.1920928955078125e-07, 0.5482468605041504, -0.8093757629394531, 0.21056194603443146, 0.8300553560256958, 0.5573642253875732, -0.018798254430294037, -0.10214483737945557, 0.1850840002298355, 0.9773998260498047),
            ["LeftFoot"] = CFrame.new(-1.1362135410308838e-07, 1.1920928955078125e-07, -1.4901161193847656e-08, 0.9509996175765991, 0.0912761464715004, 0.29541274905204773, 0.026667719706892967, 0.9276586174964905, -0.3724757730960846, -0.30803993344306946, 0.36210235953330994, 0.8797688484191895),
            ["LowerTorso"] = CFrame.new(-0.12002452462911606, -0.20745468139648438, 0.10029315948486328, 0.9684836864471436, -0.05847257003188133, -0.24211661517620087, 0.10644431412220001, 0.9759812951087952, 0.19007965922355652, 0.22518682479858398, -0.20986096560955048, 0.9514459371566772),
            ["RightLowerLeg"] = CFrame.new(-5.960464477539063e-08, -0.00012242794036865234, -0.0000775141452322714, 1, -1.3783566998881724e-07, -2.980232949312267e-08, 1.5087427129856223e-07, 0.36411312222480774, 0.9313546419143677, -1.0989607801548118e-07, -0.9313547611236572, 0.3641134202480316),
            ["LeftUpperLeg"] = CFrame.new(1.1920928955078125e-07, 1.748558133840561e-07, -2.2351741790771484e-08, 0.8187678456306458, 0.3981844186782837, 0.41360417008399963, 0.10559824109077454, 0.603672206401825, -0.7902079820632935, -0.564329981803894, 0.6906728744506836, 0.45222002267837524),
            ["LeftLowerLeg"] = CFrame.new(-5.21540641784668e-08, 0.0001227259635925293, 0.0000775456428527832, 1, 4.470348358154297e-08, 1.30385160446167e-08, -1.4901162614933128e-07, 0.4861273169517517, 0.8738881945610046, -7.450581485102248e-09, -0.8738880157470703, 0.48612701892852783)
        }},
        [4] = {Time = 0.100, Data = {
            ["RightFoot"] = CFrame.new(-1.4901161193847656e-08, 4.172325134277344e-07, 2.4047039914876223e-08, 0.8840532302856445, 0.05439687520265579, -0.4642099142074585, 0.10605679452419281, 0.9439486265182495, 0.3125905990600586, 0.4551943242549896, -0.32557961344718933, 0.8287317156791687),
            ["LeftLowerArm"] = CFrame.new(-5.364418029785156e-07, -5.364418029785156e-07, 5.21540641784668e-07, 1, -2.9802311729554276e-08, 0, 1.3411047916633834e-07, 0.46199414134025574, -0.886883020401001, 2.980232949312267e-08, 0.886883020401001, 0.46199411153793335),
            ["RightUpperArm"] = CFrame.new(0, 0, 7.450580596923828e-09, 0.31663674116134644, -0.7135951519012451, 0.6249184012413025, 0.19575107097625732, -0.5954763889312744, -0.779159426689148, 0.9281286001205444, 0.36903899908065796, -0.04886287450790405),
            ["Head"] = CFrame.new(0, 0, 6.705522537231445e-08, 0.9623169898986816, 0.2388317584991455, 0.1300213485956192, -0.19344334304332733, 0.9372870326042175, -0.28995317220687866, -0.19111739099025726, 0.25387513637542725, 0.9481675624847412),
            ["RightHand"] = CFrame.new(-6.705522537231445e-08, -8.344650268554688e-07, -7.450580596923828e-07, 0.5615959167480469, 0.6316628456115723, -0.5344268679618835, -0.6528125405311584, 0.735116183757782, 0.1828664094209671, 0.5083757638931274, 0.24618354439735413, 0.8251956105232239),
            ["UpperTorso"] = CFrame.new(1.0547228157520294e-07, 2.086162567138672e-07, 9.313225746154785e-09, 0.9920844435691833, -0.09670883417129517, 0.08010011166334152, 0.07665174454450607, 0.97163325548172, 0.22372640669345856, -0.0994643121957779, -0.21581561863422394, 0.9713550209999084),
            ["HumanoidRootPart"] = CFrame.new(0, 0, 0, 1, 0, 0, 0, 1, 0, 0, 0, 1),
            ["RightUpperLeg"] = CFrame.new(5.960464477539063e-08, 1.564621925354004e-07, 2.0656443666666746e-08, 0.9854724407196045, -0.08294285088777542, -0.14820489287376404, -0.0910818800330162, 0.4784281253814697, -0.8733903765678406, 0.14334678649902344, 0.8742008805274963, 0.4639231562614441),
            ["LeftUpperArm"] = CFrame.new(-1.1920928955078125e-07, -4.76837158203125e-07, -7.450580596923828e-08, 0.14389845728874207, 0.5578071475028992, -0.8174010515213013, -0.12354932725429535, -0.8094082474708557, -0.5741027593612671, -0.981849730014801, 0.18360181152820587, -0.04755590483546257),
            ["RightLowerArm"] = CFrame.new(-7.152557373046875e-07, 1.7881393432617188e-07, 2.682209014892578e-07, 1, -6.332991375757047e-08, 8.195639367158947e-08, 9.685756197086448e-08, 0.37484556436538696, -0.9270873665809631, 1.4901162970204496e-08, 0.9270872473716736, 0.37484556436538696),
            ["LeftHand"] = CFrame.new(0, -4.76837158203125e-07, 1.4901161193847656e-07, 0.5295308828353882, -0.8294601440429688, 0.17774420976638794, 0.8438575863838196, 0.5364638566970825, -0.010538742877542973, -0.08661188930273056, 0.15557140111923218, 0.9840202927589417),
            ["LeftFoot"] = CFrame.new(5.587935447692871e-08, 5.960464477539063e-08, -7.450580596923828e-09, 0.946105420589447, 0.10784275084733963, 0.30537623167037964, 0.01257450319826603, 0.9299860000610352, -0.3673800230026245, -0.32361459732055664, 0.35142016410827637, 0.8785086274147034),
            ["LowerTorso"] = CFrame.new(-0.1517065167427063, -0.1802055835723877, 0.09314785897731781, 0.9687963128089905, -0.08027248829603195, -0.2344997674226761, 0.12394938617944717, 0.9762101173400879, 0.17790591716766357, 0.2146400809288025, -0.20142067968845367, 0.9556984305381775),
            ["RightLowerLeg"] = CFrame.new(-8.195638656616211e-08, -0.00012224912643432617, -0.00007727572665316984, 1, -8.940694584680386e-08, -6.332995639013461e-08, 1.527369164477932e-07, 0.3624151945114136, 0.9320167303085327, -1.266598843585598e-07, -0.9320167899131775, 0.3624154031276703),
            ["LeftUpperLeg"] = CFrame.new(8.940696716308594e-08, 4.586763679981232e-08, 6.05359673500061e-08, 0.8314715027809143, 0.37471145391464233, 0.4101787209510803, 0.09601512551307678, 0.6302770972251892, -0.7704100012779236, -0.5472078323364258, 0.679957389831543, 0.48807981610298157),
            ["LeftLowerLeg"] = CFrame.new(8.940696716308594e-08, 0.00012308359146118164, 0.00007742643356323242, 1, 5.215405707303944e-08, 6.705522537231445e-08, -1.1175869474300271e-07, 0.5243266224861145, 0.8515174388885498, 8.195637946073475e-08, -0.8515173196792603, 0.5243264436721802)
        }},
        [5] = {Time = 0.133, Data = {
            ["RightFoot"] = CFrame.new(-4.470348358154297e-08, 3.5762786865234375e-07, 3.149762051180005e-08, 0.8833670616149902, 0.11766176670789719, -0.45367223024368286, 0.05016161873936653, 0.9386795163154602, 0.34112268686294556, 0.4659897983074188, -0.3240934908390045, 0.8232964277267456),
            ["LeftLowerArm"] = CFrame.new(-3.5762786865234375e-07, -8.940696716308594e-07, -2.2351741790771484e-07, 1, -1.1175870895385742e-07, 5.21540641784668e-08, 8.940699558479537e-08, 0.49277234077453613, -0.8701582551002502, 0, 0.870158314704895, 0.4927724003791809),
            ["RightUpperArm"] = CFrame.new(0, 1.1920928955078125e-07, 0, 0.302870512008667, -0.7172218561172485, 0.6275845170021057, 0.16758309304714203, -0.6081732511520386, -0.7759132385253906, 0.93818199634552, 0.34017372131347656, -0.06400348991155624),
            ["Head"] = CFrame.new(-7.82310962677002e-08, -4.76837158203125e-07, -1.4901161193847656e-08, 0.9617367386817932, 0.24925309419631958, 0.11373380571603775, -0.20900535583496094, 0.9358726739883423, -0.28365322947502136, -0.17714181542396545, 0.24902881681919098, 0.9521583318710327),
            ["RightHand"] = CFrame.new(7.599592208862305e-07, -0.0000015497207641601562, -2.9802322387695312e-08, 0.5190985202789307, 0.6239010095596313, -0.5841954946517944, -0.6502475738525391, 0.7318705916404724, 0.20382244884967804, 0.5547205805778503, 0.27406784892082214, 0.7856030464172363),
            ["UpperTorso"] = CFrame.new(6.903428584337234e-08, 4.172325134277344e-07, -5.122274160385132e-09, 0.9923369884490967, -0.10459055751562119, 0.06578941643238068, 0.08811315149068832, 0.9722685813903809, 0.21663346886634827, -0.08662282675504684, -0.20917648077011108, 0.9740338325500488),
            ["HumanoidRootPart"] = CFrame.new(0, 0, 0, 1, 0, 0, 0, 1, 0, 0, 0, 1),
            ["RightUpperLeg"] = CFrame.new(-5.960464477539063e-08, 4.917383193969727e-07, 1.0261283023282886e-07, 0.9844793677330017, -0.1105404868721962, -0.13631346821784973, -0.07217422872781754, 0.45298314094543457, -0.8885927796363831, 0.15997326374053955, 0.8846396207809448, 0.43797439336776733),
            ["LeftUpperArm"] = CFrame.new(-2.384185791015625e-07, 1.1920928955078125e-07, -1.1920928955078125e-07, 0.186440110206604, 0.578449010848999, -0.7941263914108276, -0.13308849930763245, -0.785978376865387, -0.6037595272064209, -0.9734103083610535, 0.21825413405895233, -0.0695532038807869),
            ["RightLowerArm"] = CFrame.new(3.5762786865234375e-07, -0.0000010728836059570312, -1.4901161193847656e-07, 1, -8.940693874137651e-08, 5.21540641784668e-08, 8.940696716308594e-08, 0.3237506151199341, -0.9461425542831421, 2.9802322387695312e-08, 0.9461424946784973, 0.3237506151199341),
            ["LeftHand"] = CFrame.new(5.960464477539063e-08, 0, -5.960464477539062e-07, 0.5086141228675842, -0.8489996790885925, 0.14321736991405487, 0.8579730987548828, 0.5136916041374207, -0.0017678734147921205, -0.07206859439611435, 0.12377582490444183, 0.9896897673606873),
            ["LeftFoot"] = CFrame.new(1.862645149230957e-09, -5.960464477539063e-08, 7.450580596923828e-09, 0.9397872090339661, 0.12320529669523239, 0.3187803328037262, -0.0031201529782265425, 0.9358130097389221, -0.35248303413391113, -0.3417462408542633, 0.3302643597126007, 0.8798493146896362),
            ["LowerTorso"] = CFrame.new(-0.1777411252260208, -0.15549707412719727, 0.08598804473876953, 0.9731053113937378, -0.09542533755302429, -0.20966693758964539, 0.13305798172950745, 0.9758171439170837, 0.1734263002872467, 0.18804733455181122, -0.1966598927974701, 0.9622698426246643),
            ["RightLowerLeg"] = CFrame.new(-1.4901161193847656e-08, -0.00012242794036865234, -0.00007748434290988371, 1, -1.2665982751514093e-07, -7.636847243475131e-08, 1.7136335372924805e-07, 0.31235435605049133, 0.9499655961990356, -8.195638656616211e-08, -0.9499657154083252, 0.31235456466674805),
            ["LeftUpperLeg"] = CFrame.new(5.960464477539063e-08, 2.3131724447011948e-07, 7.078051567077637e-08, 0.8544725775718689, 0.3351931571960449, 0.39689046144485474, 0.09190233796834946, 0.654406726360321, -0.7505366802215576, -0.5113028883934021, 0.677788496017456, 0.5283678770065308),
            ["LeftLowerLeg"] = CFrame.new(8.940696716308594e-08, 0.00012236833572387695, 0.00007736682891845703, 1, 5.960463766996327e-08, 1.043081283569336e-07, -1.4156101713069802e-07, 0.5695824027061462, 0.8219342827796936, 2.9802318834981634e-08, -0.8219342231750488, 0.5695823431015015)
        }},
        [6] = {Time = 0.167, Data = {
            ["RightFoot"] = CFrame.new(-7.82310962677002e-08, 2.980232238769531e-07, -1.3205863069742918e-08, 0.8790070414543152, 0.1746806800365448, -0.4436592757701874, -0.028917361050844193, 0.948293149471283, 0.3160759508609772, 0.475931316614151, -0.265003502368927, 0.8386074900627136),
            ["LeftLowerArm"] = CFrame.new(-1.4901161193847656e-07, 4.172325134277344e-07, 1.564621925354004e-07, 1, -6.70552182668871e-08, -1.816079198135867e-08, 8.940698137394065e-08, 0.5201078057289124, -0.8541007041931152, 5.960465188081798e-08, 0.8541007041931152, 0.5201076865196228),
            ["RightUpperArm"] = CFrame.new(1.1920928955078125e-07, 1.1920928955078125e-07, -3.0547380447387695e-07, 0.28309425711631775, -0.7210650444030762, 0.6323944926261902, 0.14194253087043762, -0.6206077337265015, -0.771166980266571, 0.9485304355621338, 0.3080766797065735, -0.07334080338478088),
            ["Head"] = CFrame.new(-1.0058283805847168e-07, -1.1920928955078125e-07, -2.4586915969848633e-07, 0.9624574184417725, 0.2570023238658905, 0.08732477575540543, -0.2242397665977478, 0.934126079082489, -0.2777140140533447, -0.15294550359249115, 0.24770621955394745, 0.9566866159439087),
            ["RightHand"] = CFrame.new(7.748603820800781e-07, -0.0000016093254089355469, -2.384185791015625e-07, 0.47333037853240967, 0.6170666217803955, -0.6286391019821167, -0.6495456099510193, 0.7265465259552002, 0.22409988939762115, 0.5950201153755188, 0.3022565245628357, 0.7447094321250916),
            ["UpperTorso"] = CFrame.new(5.122274160385132e-08, -2.980232238769531e-07, -8.370261639356613e-08, 0.9924139976501465, -0.11291775852441788, 0.048622824251651764, 0.10134749859571457, 0.975279688835144, 0.19636297225952148, -0.06959369778633118, -0.18994556367397308, 0.9793250560760498),
            ["HumanoidRootPart"] = CFrame.new(0, 0, 0, 1, 0, 0, 0, 1, 0, 0, 0, 1),
            ["RightUpperLeg"] = CFrame.new(-5.960464477539063e-08, 4.6566128730773926e-08, -5.420588422566652e-09, 0.9797003865242004, -0.15332649648189545, -0.12914437055587769, -0.05614074319601059, 0.40859106183052063, -0.9109892845153809, 0.1924462467432022, 0.8997467756271362, 0.3916889429092407),
            ["LeftUpperArm"] = CFrame.new(0, -1.1920928955078125e-07, -3.129243850708008e-07, 0.23283714056015015, 0.5963923335075378, -0.7681817412376404, -0.14502719044685364, -0.7597657442092896, -0.6338164210319519, -0.9616413116455078, 0.25898316502571106, -0.09040852636098862),
            ["RightLowerArm"] = CFrame.new(-2.980232238769531e-07, 1.1920928955078125e-07, -4.172325134277344e-07, 1, -5.215403220404369e-08, 3.725290653733282e-08, 1.1920931797249068e-07, 0.27822354435920715, -0.9605163931846619, 5.215407838932151e-08, 0.9605163335800171, 0.27822354435920715),
            ["LeftHand"] = CFrame.new(3.5762786865234375e-07, 5.960464477539062e-07, -5.736947059631348e-07, 0.4864811599254608, -0.866938054561615, 0.10841820389032364, 0.8716776967048645, 0.49002817273139954, 0.007095819339156151, -0.05927957966923714, 0.09105364233255386, 0.9940800666809082),
            ["LeftFoot"] = CFrame.new(-2.60770320892334e-08, -5.960464477539063e-08, -3.725290298461914e-08, 0.9334089159965515, 0.13534735143184662, 0.3323085904121399, -0.017872996628284454, 0.9425173997879028, -0.3336784541606903, -0.35836920142173767, 0.30551937222480774, 0.8821732997894287),
            ["LowerTorso"] = CFrame.new(-0.19554418325424194, -0.13821029663085938, 0.07881374657154083, 0.9794563055038452, -0.1035807803273201, -0.1730215698480606, 0.134831041097641, 0.9743942618370056, 0.17993482947349548, 0.1499534249305725, -0.19956699013710022, 0.9683424234390259),
            ["RightLowerLeg"] = CFrame.new(-5.960464477539063e-08, -0.00012254714965820312, -0.00007756629929644987, 1, -1.2200321464206354e-07, -8.195640788244418e-08, 1.825392246246338e-07, 0.23499427735805511, 0.9719966650009155, -1.2665987014770508e-07, -0.9719967842102051, 0.23499466478824615),
            ["LeftUpperLeg"] = CFrame.new(-1.7881393432617188e-07, 3.3387914299964905e-07, 3.5157427191734314e-08, 0.8814049363136292, 0.28921210765838623, 0.3734724521636963, 0.09363307803869247, 0.6679878830909729, -0.738257884979248, -0.4629882872104645, 0.6856738328933716, 0.5616883039474487),
            ["LeftLowerLeg"] = CFrame.new(-4.470348358154297e-08, 0.00012260675430297852, 0.00007736682891845703, 1, 7.450577754752885e-08, 4.097820749393577e-08, -1.4901157641133977e-08, 0.6094970107078552, 0.7927889823913574, 9.685752644372769e-08, -0.7927883267402649, 0.6094962954521179)
        }},
        [7] = {Time = 0.200, Data = {
            ["RightFoot"] = CFrame.new(-3.725290298461914e-08, 4.172325134277344e-07, 1.6596459317952394e-08, 0.8753790855407715, 0.23175747692584991, -0.42426425218582153, -0.12290047109127045, 0.9554514288902283, 0.2683427929878235, 0.4675541818141937, -0.18275970220565796, 0.8648653030395508),
            ["LeftLowerArm"] = CFrame.new(-2.384185791015625e-07, -5.960464477539062e-07, 4.76837158203125e-07, 1, -9.685753354915505e-08, 1.1175868230850483e-08, 2.980232594040899e-08, 0.5424661636352539, -0.8400776982307434, 7.450581485102248e-09, 0.8400776982307434, 0.5424661040306091),
            ["RightUpperArm"] = CFrame.new(2.384185791015625e-07, -1.1920928955078125e-07, 5.587935447692871e-08, 0.2597557306289673, -0.7233552932739258, 0.6397530436515808, 0.11721587181091309, -0.6339771747589111, -0.7644171118736267, 0.9585339426994324, 0.27355092763900757, -0.07989070564508438),
            ["Head"] = CFrame.new(-1.0803341865539551e-07, -1.1920928955078125e-07, -6.705522537231445e-08, 0.9636600613594055, 0.26136037707328796, 0.05522860586643219, -0.23712940514087677, 0.9321423768997192, -0.27364280819892883, -0.12300032377243042, 0.2506023645401001, 0.9602445363998413),
            ["RightHand"] = CFrame.new(-3.8743019104003906e-07, -4.76837158203125e-07, -2.384185791015625e-07, 0.4276506006717682, 0.6108754873275757, -0.6662929058074951, -0.650080680847168, 0.7200047969818115, 0.24287503957748413, 0.6281004548072815, 0.32927846908569336, 0.705028772354126),
            ["UpperTorso"] = CFrame.new(5.878973752260208e-08, 3.8743019104003906e-07, -3.818422555923462e-08, 0.9922734498977661, -0.12045427411794662, 0.029735885560512543, 0.11379850655794144, 0.9790822863578796, 0.16866493225097656, -0.04943032190203667, -0.16397777199745178, 0.9852249026298523),
            ["HumanoidRootPart"] = CFrame.new(0, 0, 0, 1, 0, 0, 0, 1, 0, 0, 0, 1),
            ["RightUpperLeg"] = CFrame.new(5.960464477539063e-08, 9.220093488693237e-07, -4.267349140718579e-08, 0.9710654616355896, -0.20468835532665253, -0.12302270531654358, -0.04292149096727371, 0.3571644723415375, -0.9330549240112305, 0.23492492735385895, 0.911337673664093, 0.3380444049835205),
            ["LeftUpperArm"] = CFrame.new(0, -2.384185791015625e-07, -1.043081283569336e-07, 0.2753657102584839, 0.6093335151672363, -0.7435634136199951, -0.15696771442890167, -0.7345873713493347, -0.6601079702377319, -0.9484381675720215, 0.2984864413738251, -0.10663439333438873),
            ["RightLowerArm"] = CFrame.new(-7.450580596923828e-07, 1.1920928955078125e-07, 5.438923835754395e-07, 1, -8.940694584680386e-08, 8.195640788244418e-08, 7.450583439094771e-08, 0.2392527312040329, -0.9709574580192566, 8.195641498787154e-08, 0.9709573984146118, 0.23925264179706573),
            ["LeftHand"] = CFrame.new(0, 3.5762786865234375e-07, 0, 0.46427038311958313, -0.8825132846832275, 0.0749899297952652, 0.8843465447425842, 0.4665675163269043, 0.015683185309171677, -0.048828527331352234, 0.05903596058487892, 0.9970609545707703),
            ["LeftFoot"] = CFrame.new(-4.0978193283081055e-08, 1.1920928955078125e-07, 7.450580596923828e-09, 0.92779141664505, 0.14162372052669525, 0.3451758027076721, -0.028849253430962563, 0.9496179819107056, -0.3120790421962738, -0.3719823956489563, 0.27958640456199646, 0.8851329684257507),
            ["LowerTorso"] = CFrame.new(-0.20216724276542664, -0.1272873878479004, 0.07162491977214813, 0.9857507944107056, -0.10734858363866806, -0.12950542569160461, 0.13149172067642212, 0.9718985557556152, 0.19525164365768433, 0.10490614175796509, -0.2094983458518982, 0.9721652865409851),
            ["RightLowerLeg"] = CFrame.new(4.470348358154297e-08, -0.00012218952178955078, -0.00007756629929644987, 1, -1.2014054107112315e-07, -7.4505820180093e-08, 1.341104365337742e-07, 0.155812069773674, 0.9877867698669434, -1.341104365337742e-07, -0.9877867698669434, 0.15581217408180237),
            ["LeftUpperLeg"] = CFrame.new(5.960464477539063e-08, 8.428469300270081e-07, 4.842877388000488e-08, 0.908008873462677, 0.2437768280506134, 0.3407238721847534, 0.09587451815605164, 0.6707874536514282, -0.7354266047477722, -0.40783342719078064, 0.7004406452178955, 0.5857090353965759),
            ["LeftLowerLeg"] = CFrame.new(-1.4901161193847656e-08, 0.0001227259635925293, 0.00007742643356323242, 1, 5.21540464148984e-08, 7.82310962677002e-08, -6.705521116145974e-08, 0.6419042348861694, 0.7667851448059082, 8.195636524988004e-08, -0.7667848467826843, 0.6419039368629456)
        }},
        [8] = {Time = 0.233, Data = {
            ["RightFoot"] = CFrame.new(2.2351741790771484e-08, 2.980232238769531e-07, 1.6596459317952394e-08, 0.8733036518096924, 0.28340330719947815, -0.39626196026802063, -0.21569570899009705, 0.9542446732521057, 0.20710521936416626, 0.4368250072002411, -0.09539337456226349, 0.8944741487503052),
            ["LeftLowerArm"] = CFrame.new(-8.344650268554688e-07, -0.0000011324882507324219, -9.387731552124023e-07, 1, -1.210719347000122e-07, 3.3527612686157227e-08, 4.4703494239684005e-08, 0.5616745948791504, -0.8273583054542542, 4.4703494239684005e-08, 0.8273583054542542, 0.5616745948791504),
            ["RightUpperArm"] = CFrame.new(1.1920928955078125e-07, -1.1920928955078125e-07, -7.450580596923828e-09, 0.2341679036617279, -0.723214864730835, 0.6497119665145874, 0.09271281212568283, -0.6486351490020752, -0.755431592464447, 0.9677653908729553, 0.23713451623916626, -0.08483833819627762),
            ["Head"] = CFrame.new(-4.307366907596588e-09, 2.384185791015625e-07, -8.940696716308594e-08, 0.9650367498397827, 0.2611593008041382, 0.022360360249876976, -0.24557740986347198, 0.9306760430335999, -0.27117136120796204, -0.09162916988134384, 0.2561991512775421, 0.9622713923454285),
            ["RightHand"] = CFrame.new(2.7939677238464355e-07, -0.0000014901161193847656, -1.4901161193847656e-07, 0.3857431411743164, 0.6055343747138977, -0.6960821151733398, -0.6513046622276306, 0.7130986452102661, 0.25940826535224915, 0.6534557938575745, 0.3532966077327728, 0.6694602966308594),
            ["UpperTorso"] = CFrame.new(3.841705620288849e-08, -2.980232238769531e-07, -5.029141902923584e-08, 0.9920018315315247, -0.12579596042633057, 0.010385698638856411, 0.12313267588615417, 0.9825237989425659, 0.13958999514579773, -0.027764074504375458, -0.13719460368156433, 0.9901549220085144),
            ["HumanoidRootPart"] = CFrame.new(0, 0, 0, 1, 0, 0, 0, 1, 0, 0, 0, 1),
            ["RightUpperLeg"] = CFrame.new(2.384185791015625e-07, 6.034970283508301e-07, -2.2184394765645266e-08, 0.9584952592849731, -0.2587169408798218, -0.11980152130126953, -0.032219912856817245, 0.31921258568763733, -0.9471352696418762, 0.2832821309566498, 0.9116846919059753, 0.2976280748844147),
            ["LeftUpperArm"] = CFrame.new(-1.1920928955078125e-07, 0, 1.4901161193847656e-08, 0.30806660652160645, 0.615826427936554, -0.7251570820808411, -0.1693897843360901, -0.7145434617996216, -0.6787745356559753, -0.9361635446548462, 0.3319419026374817, -0.11581240594387054),
            ["RightLowerArm"] = CFrame.new(-6.854534149169922e-07, 2.384185791015625e-07, -6.332993507385254e-07, 1, -8.195635814445268e-08, 1.3411049337719305e-07, 1.1920930376163597e-07, 0.20766399800777435, -0.9782003164291382, 7.450581307466564e-08, 0.9782001972198486, 0.20766402781009674),
            ["LeftHand"] = CFrame.new(0, -0.0000011920928955078125, 2.9802322387695312e-08, 0.4432372748851776, -0.8953098654747009, 0.04428279399871826, 0.8954737186431885, 0.44448694586753845, 0.023628639057278633, -0.04083807393908501, 0.029181063175201416, 0.9987396597862244),
            ["LeftFoot"] = CFrame.new(-2.9802322387695312e-08, -5.960464477539063e-08, -2.60770320892334e-08, 0.923230767250061, 0.14367972314357758, 0.35637277364730835, -0.03672151267528534, 0.9562053084373474, -0.29038378596305847, -0.3824872672557831, 0.2550048232078552, 0.8880741000175476),
            ["LowerTorso"] = CFrame.new(-0.20168815553188324, -0.12156915664672852, 0.06443603336811066, 0.9905688762664795, -0.10846971720457077, -0.08371195197105408, 0.12423266470432281, 0.9687156677246094, 0.2148403376340866, 0.05778941139578819, -0.22321391105651855, 0.9730549454689026),
            ["RightLowerLeg"] = CFrame.new(-2.9802322387695312e-08, -0.00012218952178955078, -0.00007747689232928678, 1, -1.4971008965858346e-07, -1.713634105726669e-07, 3.72529100900465e-08, 0.10304468125104904, 0.9946767091751099, -1.6391281576488836e-07, -0.9946767687797546, 0.1030450090765953),
            ["LeftUpperLeg"] = CFrame.new(-2.384185791015625e-07, 4.973262548446655e-07, -4.0978193283081055e-08, 0.9311800003051758, 0.20079201459884644, 0.30428025126457214, 0.09774389863014221, 0.6665828227996826, -0.7389949560165405, -0.35121238231658936, 0.7178787589073181, 0.6010823249816895),
            ["LeftLowerLeg"] = CFrame.new(2.9802322387695312e-08, 0.00012284517288208008, 0.00007727742195129395, 1, 7.450581307466564e-08, 1.1175872671742582e-08, -7.450581307466564e-08, 0.6672394871711731, 0.7448433041572571, 1.4901162970204496e-08, -0.7448433041572571, 0.6672394871711731)
        }},
        [9] = {Time = 0.267, Data = {
            ["RightFoot"] = CFrame.new(-2.2351741790771484e-08, 2.384185791015625e-07, -4.300818545743823e-08, 0.8723090291023254, 0.32370030879974365, -0.3664633333683014, -0.2905386984348297, 0.9459661245346069, 0.14399710297584534, 0.3932740092277527, -0.01913778856396675, 0.9192222952842712),
            ["LeftLowerArm"] = CFrame.new(2.9802322387695312e-08, -4.76837158203125e-07, 3.427267074584961e-07, 1, -1.1385417053588753e-07, -2.980232949312267e-08, 7.4505820180093e-08, 0.5800987482070923, -0.8145462274551392, 1.4901164746561335e-08, 0.8145461678504944, 0.5800987482070923),
            ["RightUpperArm"] = CFrame.new(2.384185791015625e-07, 3.5762786865234375e-07, 1.862645149230957e-09, 0.20745240151882172, -0.7191113829612732, 0.6632060408592224, 0.06787432730197906, -0.6657401323318481, -0.7430903911590576, 0.975887656211853, 0.19917051494121552, -0.0893002524971962),
            ["Head"] = CFrame.new(1.7508864402770996e-07, 4.76837158203125e-07, 0, 0.9671244621276855, 0.25420957803726196, -0.006916630081832409, -0.24655424058437347, 0.9306432008743286, -0.2703964412212372, -0.06230047345161438, 0.2632124722003937, 0.9627242088317871),
            ["RightHand"] = CFrame.new(6.332993507385254e-08, -0.0000013113021850585938, -6.705522537231445e-07, 0.3514423668384552, 0.6009384989738464, -0.7178866267204285, -0.6527124047279358, 0.7069872617721558, 0.27227848768234253, 0.6711592674255371, 0.37288329005241394, 0.6407052874565125),
            ["UpperTorso"] = CFrame.new(6.926711648702621e-08, 3.5762786865234375e-07, -8.102506399154663e-08, 0.9918331503868103, -0.127266064286232, -0.00838546548038721, 0.12737911939620972, 0.9851014018058777, 0.11554122716188431, -0.006443952675908804, -0.1156657338142395, 0.9932673573493958),
            ["HumanoidRootPart"] = CFrame.new(0, 0, 0, 1, 0, 0, 0, 1, 0, 0, 0, 1),
            ["RightUpperLeg"] = CFrame.new(0, 6.174668669700623e-07, -1.330117811448872e-07, 0.9426652193069458, -0.30908316373825073, -0.1258963644504547, -0.02479931153357029, 0.31131407618522644, -0.9499833583831787, 0.33281728625297546, 0.8986385464668274, 0.2858000695705414),
            ["LeftUpperArm"] = CFrame.new(2.980232238769531e-07, 1.1920928955078125e-07, -1.043081283569336e-07, 0.32547178864479065, 0.6164611577987671, -0.7169682383537292, -0.1805935949087143, -0.7037681341171265, -0.6870928406715393, -0.9281454682350159, 0.3531092703342438, -0.11772796511650085),
            ["RightLowerArm"] = CFrame.new(-5.960464477539062e-07, 4.76837158203125e-07, -6.109476089477539e-07, 1, -5.215405707303944e-08, 9.685759039257391e-08, 1.1175876579727628e-07, 0.18426252901554108, -0.9828771352767944, 8.195642919872625e-08, 0.9828770756721497, 0.18426254391670227),
            ["LeftHand"] = CFrame.new(0, -2.980232238769531e-07, 8.940696716308594e-08, 0.42468899488449097, -0.9051638245582581, 0.017827389761805534, 0.9046554565429688, 0.42505118250846863, 0.030497100204229355, -0.03518239036202431, 0.0031759017147123814, 0.9993758797645569),
            ["LeftFoot"] = CFrame.new(1.862645149230957e-08, 5.960464477539063e-08, 3.725290298461914e-09, 0.9197773337364197, 0.14356036484241486, 0.3652400076389313, -0.04281066358089447, 0.9618384838104248, -0.2702481746673584, -0.3900986611843109, 0.23293206095695496, 0.8908230662345886),
            ["LowerTorso"] = CFrame.new(-0.1984335035085678, -0.11991715431213379, 0.057232629507780075, 0.9935688972473145, -0.10606835037469864, -0.03962992876768112, 0.1124318540096283, 0.9656490683555603, 0.23426729440689087, 0.013420257717370987, -0.23721636831760406, 0.9713642001152039),
