return {
    ["Monster Mash!"] = {
        {Time = 0.000, Data = {
            ["RightFoot"] = CFrame.new(-4.0978193283081055e-08, 2.980232238769531e-07, 1.6596459317952394e-08, 0.9260357618331909, 0.09729166328907013, -0.3646811544895172, -0.23725979030132294, 0.9014907479286194, -0.3619696795940399, 0.2935398817062378, 0.42172133922576904, 0.857896089553833),
            ["LeftLowerArm"] = CFrame.new(-1.1920928955078125e-07, 0, -2.384185791015625e-07, 1, -6.146731124090365e-08, 5.960465188081798e-08, 1.1594966053962708e-07, 0.2853029668331146, -0.9584375023841858, 4.842877388000488e-08, 0.958437442779541, 0.2853028476238251),
            ["LeftFoot"] = CFrame.new(1.4901161193847656e-08, 0, 1.862645149230957e-08, 0.9767159819602966, -0.06156128644943237, -0.20551468431949615, -0.0015715996269136667, 0.9558666944503784, -0.2937966287136078, 0.21453113853931427, 0.2872788906097412, 0.9335134029388428),
            ["Head"] = CFrame.new(7.450580596923828e-09, 3.5762786865234375e-07, 5.21540641784668e-08, 0.7139905095100403, 0.04139338806271553, -0.6989307403564453, -0.16060642898082733, 0.9813157320022583, -0.10594934970140457, 0.6814858913421631, 0.18789952993392944, 0.7072981595993042),
            ["LowerTorso"] = CFrame.new(0.20496544241905212, -0.13736653327941895, -0.06548250466585159, 0.9770649075508118, 0.11782309412956238, -0.1773751676082611, -0.10446029156446457, 0.9910672307014465, 0.08290942758321762, 0.18555936217308044, -0.06247922405600548, 0.9806447625160217),
            ["UpperTorso"] = CFrame.new(-5.587935447692871e-09, 0, 1.1175870895385742e-08, 0.9996175765991211, 0.00004013254874735139, -0.0276574045419693, 0.005249144043773413, 0.9815481305122375, 0.19114305078983307, 0.02715471014380455, -0.19121508300304413, 0.981172502040863),
            ["HumanoidRootPart"] = CFrame.new(0, 0, 0, 1, 0, 0, 0, 1, 0, 0, 0, 1),
            ["RightUpperLeg"] = CFrame.new(5.960464477539063e-08, 7.601920515298843e-08, -5.420588422566652e-09, 0.9150463938713074, -0.30812931060791016, -0.260281503200531, 0.10468734055757523, 0.8046176433563232, -0.5844922661781311, 0.3895263075828552, 0.5075891613960266, 0.7685195803642273),
            ["LeftUpperArm"] = CFrame.new(-1.1920928955078125e-07, 3.5762786865234375e-07, -1.4901161193847656e-08, 0.052248515188694, 0.9949696660041809, -0.08547279238700867, -0.7325015068054199, 0.09635760635137558, 0.6739115715026855, 0.6787574291229248, 0.027398182079195976, 0.7338512539863586),
            ["RightLowerArm"] = CFrame.new(-8.940696716308594e-08, -2.980232238769531e-07, 2.9336661100387573e-08, 1, -4.4703494239684005e-08, 1.862645149230957e-07, 7.450580596923828e-08, -0.4786878526210785, -0.8779852390289307, 1.043081283569336e-07, 0.8779852390289307, -0.47868770360946655),
            ["LeftHand"] = CFrame.new(3.5762786865234375e-07, -1.1920928955078125e-07, -2.9802322387695312e-08, 0.9699031710624695, 0.023100780323147774, -0.24239255487918854, -0.02602565661072731, 0.9996219873428345, -0.00887045543640852, 0.24209606647491455, 0.01491197943687439, 0.9701377153396606),
            ["RightHand"] = CFrame.new(1.1920928955078125e-07, 5.960464477539063e-08, 1.4901161193847656e-07, 0.9044251441955566, -0.21206867694854736, 0.37019214034080505, 0.13216662406921387, 0.9642919301986694, 0.22950619459152222, -0.4056442379951477, -0.1586439311504364, 0.900158166885376),
            ["RightUpperArm"] = CFrame.new(1.1920928955078125e-07, 2.384185791015625e-07, -1.4901161193847656e-08, 0.4115029275417328, -0.9112962484359741, 0.01430218294262886, 0.796167254447937, 0.3517891764640808, -0.4923030436038971, 0.4436025321483612, 0.21397101879119873, 0.8703064322471619),
            ["RightLowerLeg"] = CFrame.new(-3.725290298461914e-09, -0.00006031990051269531, -0.0000721348260412924, 1, -8.568165554834195e-08, -5.774201383701438e-08, 1.4156103134155273e-07, 0.4791666269302368, 0.8777236938476562, -1.210719347000122e-07, -0.8777239322662354, 0.4791671633720398),
            ["LeftUpperLeg"] = CFrame.new(-5.960464477539063e-08, 2.207234501838684e-07, 2.9802322387695312e-08, 0.793565571308136, 0.5234748125076294, 0.31020626425743103, -0.18827655911445618, 0.6960227489471436, -0.6928957104682922, -0.57862389087677, 0.49145349860191345, 0.6508976817131042),
            ["LeftLowerLeg"] = CFrame.new(-1.043081283569336e-07, 0.00006091594696044922, 0.00007207691669464111, 1, 1.0430815677864302e-07, 5.960465188081798e-08, -8.940698847936801e-08, -0.2761993706226349, 0.9611003994941711, 8.195640788244418e-08, -0.9611004590988159, -0.2761993408203125),
        }},
        {Time = 0.033, Data = {
            ["HumanoidRootPart"] = CFrame.new(0, 0, 0, 1, 0, 0, 0, 1, 0, 0, 0, 1),
            ["UpperTorso"] = CFrame.new(0, 0, 0, 1, 0, 0, 0, 1, 0, 0, 0, 1),
            ["LowerTorso"] = CFrame.new(0, 0, 0, 1, 0, 0, 0, 1, 0, 0, 0, 1),
            ["Head"] = CFrame.new(0, 0, 0, 1, 0, 0, 0, 1, 0, 0, 0, 1),
        }},
        {Time = 0.033, Data = {
            ["RightFoot"] = CFrame.new(7.008202373981476e-08, 3.5762786865234375e-07, -5.045876605436206e-08, 0.9603497385978699, 0.01881173811852932, -0.2781630754470825, -0.16500820219516754, 0.8425582051277161, -0.5127057433128357, 0.22472357749938965, 0.538276731967926, 0.8122549653053284),
            ["LeftLowerArm"] = CFrame.new(-2.086162567138672e-07, 0, -5.289912223815918e-07, 1, -1.0617080903330134e-07, 6.705522537231445e-08, 7.54371214384264e-08, 0.22512884438037872, -0.9743291139602661, 4.563479905073109e-08, 0.9743290543556213, 0.22512871026992798),
            ["LeftFoot"] = CFrame.new(6.705522537231445e-08, -5.960464477539063e-08, 4.842877388000488e-08, 0.9390820860862732, -0.04611402750015259, -0.34058547019958496, -0.10139989852905273, 0.9096750617027283, -0.4027523696422577, 0.3283946216106415, 0.41275277733802795, 0.8495835661888123),
            ["Head"] = CFrame.new(-3.3527612686157227e-08, 0, 4.470348358154297e-08, 0.5963068604469299, 0.08801855891942978, -0.7979166507720947, -0.1914883702993393, 0.9808741807937622, -0.03490399196743965, 0.7795835137367249, 0.17360509932041168, 0.6017564535140991),
            ["LowerTorso"] = CFrame.new(0.2289239913225174, -0.1653578281402588, -0.06540657579898834, 0.9682660698890686, 0.10231684148311615, -0.228018119931221, -0.08518481254577637, 0.9928370118141174, 0.083775594830513, 0.2349565029144287, -0.061693377792835236, 0.9700461030006409),
            ["UpperTorso"] = CFrame.new(3.3527612686157227e-08, 0, -1.862645149230957e-08, 0.9992145299911499, 0.005323302000761032, -0.03926979377865791, 0.0017060842365026474, 0.9842397570610046, 0.17683134973049164, 0.03959224745631218, -0.17675945162773132, 0.9834574460983276),
            ["HumanoidRootPart"] = CFrame.new(0, 0, 0, 1, 0, 0, 0, 1, 0, 0, 0, 1),
            ["RightUpperLeg"] = CFrame.new(0, 3.5390257835388184e-08, 5.75528247281909e-09, 0.8607739806175232, -0.29382064938545227, -0.41561707854270935, 0.04045889154076576, 0.8534708023071289, -0.519568145275116, 0.5073769092559814, 0.4304151237010956, 0.7465329766273499),
            ["LeftUpperArm"] = CFrame.new(-1.1920928955078125e-07, 0, -2.9802322387695312e-08, 0.1354985535144806, 0.9869585633277893, -0.08690867573022842, -0.5085475444793701, 0.14456160366535187, 0.8488117456436157, 0.8503056764602661, -0.07081536948680878, 0.5215032696723938),
            ["RightLowerArm"] = CFrame.new(-5.960464477539063e-08, 4.172325134277344e-07, 7.450580596923828e-08, 1, -8.195638656616211e-08, 1.4156104555240745e-07, 7.450580596923828e-08, -0.5843598246574402, -0.8114946484565735, 1.9371509552001953e-07, 0.8114947080612183, -0.5843600034713745),
            ["LeftHand"] = CFrame.new(-1.1920928955078125e-07, -1.7881393432617188e-07, 1.9371509552001953e-07, 0.959378719329834, 0.029760122299194336, -0.2805471122264862, -0.04697206988930702, 0.9973905086517334, -0.05482630804181099, 0.2781834304332733, 0.06577715277671814, 0.95827317237854),
            ["RightHand"] = CFrame.new(5.960464477539063e-08, 2.384185791015625e-07, -8.940696716308594e-08, 0.886688232421875, -0.39523985981941223, 0.23993690311908722, 0.37362557649612427, 0.9181761741638184, 0.13174380362033844, -0.2723745107650757, -0.027168799191713333, 0.9618076682090759),
            ["RightUpperArm"] = CFrame.new(0, 0, -5.960464477539063e-08, 0.53999924659729, -0.8385973572731018, -0.07180126011371613, 0.5032923817634583, 0.3901035189628601, -0.7710486650466919, 0.6746092438697815, 0.38022860884666443, 0.6327152252197266),
            ["RightLowerLeg"] = CFrame.new(1.1175870895385742e-07, -0.0000603795051574707, -0.00007198581442935392, 1, -1.750885871842911e-07, -1.0849910836441268e-07, 1.136213683139431e-07, 0.5519668459892273, 0.8338657021522522, -8.055940980966625e-08, -0.8338660597801208, 0.551967442035675),
            ["LeftUpperLeg"] = CFrame.new(0, 7.450580596923828e-09, -3.3527612686157227e-08, 0.7467218637466431, 0.5872415900230408, 0.3123357594013214, -0.30010905861854553, 0.7165288329124451, -0.6296992897987366, -0.5935831665992737, 0.37647542357444763, 0.7112842798233032),
            ["LeftLowerLeg"] = CFrame.new(1.4901161193847656e-08, 0.00006091594696044922, 0.00007225945591926575, 1, 4.470348358154297e-08, 1.6950075121258124e-07, -1.192093321833454e-07, -0.5489746332168579, 0.835839033126831, 8.940699558479537e-08, -0.835839033126831, -0.5489746928215027),
        }},
        {Time = 0.067, Data = {
            ["RightFoot"] = CFrame.new(-6.682239472866058e-08, 1.7881393432617188e-07, 2.4047039914876223e-08, 0.9643738269805908, 0.0018735200865194201, -0.2645370066165924, -0.1504993438720703, 0.8262695074081421, -0.5427965521812439, 0.21756160259246826, 0.5632718801498413, 0.797114908695221),
            ["LeftLowerArm"] = CFrame.new(-5.960464477539063e-08, 5.960464477539063e-08, -7.599592208862305e-07, 1, -9.87202142255228e-08, 8.195638656616211e-08, 7.217749953269958e-08, 0.17523062229156494, -0.9845274686813354, 7.264316082000732e-08, 0.9845274686813354, 0.17523056268692017),
            ["LeftFoot"] = CFrame.new(1.1920928955078125e-07, 5.960464477539063e-08, -1.7881393432617188e-07, 0.8295968174934387, -0.08380478620529175, -0.5520380139350891, -0.22491402924060822, 0.8547602891921997, -0.46775928139686584, 0.5110604763031006, 0.5122126340866089, 0.6902573704719543),
            ["Head"] = CFrame.new(0, 1.1920928955078125e-07, -8.940696716308594e-08, 0.4655453860759735, 0.12288674712181091, -0.8764509558677673, -0.18920046091079712, 0.9812381267547607, 0.0370812825858593, 0.8645638823509216, 0.1485617458820343, 0.4800611138343811),
            ["LowerTorso"] = CFrame.new(0.24879106879234314, -0.20191740989685059, -0.05976245179772377, 0.9590739011764526, 0.103009432554245, -0.26375430822372437, -0.07380752265453339, 0.9902249574661255, 0.11835111677646637, 0.27336737513542175, -0.0940404012799263, 0.9573017954826355),
            ["UpperTorso"] = CFrame.new(-7.450580596923828e-09, 2.384185791015625e-07, 7.450580596923828e-09, 0.9989032745361328, 0.009267627261579037, -0.045895710587501526, -0.0023445691913366318, 0.9888862371444702, 0.14865560829639435, 0.046763330698013306, -0.1483849138021469, 0.987823486328125),
            ["HumanoidRootPart"] = CFrame.new(0, 0, 0, 1, 0, 0, 0, 1, 0, 0, 0, 1),
            ["RightUpperLeg"] = CFrame.new(5.960464477539063e-08, 4.6798959374427795e-07, 3.55576048605144e-08, 0.8747066259384155, -0.2780674695968628, -0.3969466984272003, -0.0005696183070540428, 0.8184430003166199, -0.5745874643325806, 0.4846525192260742, 0.5028215050697327, 0.7157391905784607),
            ["LeftUpperArm"] = CFrame.new(-1.1920928955078125e-07, 1.1920928955078125e-07, 2.9802322387695312e-08, 0.2316018044948578, 0.9677107930183411, -0.0994819849729538, -0.3493347465991974, 0.17817313969135284, 0.9199018478393555, 0.9079238772392273, -0.1782982051372528, 0.3793201744556427),
            ["RightLowerArm"] = CFrame.new(1.1920928955078125e-07, 5.960464477539063e-08, 1.043081283569336e-07, 1, -2.2351738238057806e-08, 7.450579886381092e-08, 7.450579886381092e-08, -0.6853849291801453, -0.7281809449195862, 1.4901159772762185e-07, 0.728181004524231, -0.68538498878479),
            ["LeftHand"] = CFrame.new(-2.086162567138672e-07, 2.384185791015625e-07, 1.4156103134155273e-07, 0.9505451917648315, -0.012499263510107994, -0.3103346824645996, -0.01881588064134121, 0.9950372576713562, -0.0977087914943695, 0.3100159466266632, 0.09871578961610794, 0.9455926418304443),
            ["RightHand"] = CFrame.new(4.0978193283081055e-08, -4.172325134277344e-07, -9.685754776000977e-08, 0.8531404733657837, -0.48785632848739624, 0.18479079008102417, 0.47523126006126404, 0.8729003667831421, 0.11045420169830322, -0.21518956124782562, -0.006414427421987057, 0.9765512347221375),
            ["RightUpperArm"] = CFrame.new(0, 1.1920928955078125e-07, -4.470348358154297e-08, 0.574118971824646, -0.7875373363494873, -0.22399187088012695, 0.20133616030216217, 0.40096092224121094, -0.8936969041824341, 0.7936316728591919, 0.46799057722091675, 0.3887590169906616),
            ["RightLowerLeg"] = CFrame.new(-1.3969838619232178e-08, -0.00006026029586791992, -0.0000721646283636801, 1, -1.4528630742915993e-07, -2.2351747119842003e-08, 8.009374852235851e-08, 0.49126487970352173, 0.871009886264801, -2.1234157543403853e-07, -0.8710101842880249, 0.49126553535461426),
            ["LeftUpperLeg"] = CFrame.new(0, 2.775341272354126e-07, -1.1175870895385742e-08, 0.7101747989654541, 0.6102051138877869, 0.35114336013793945, -0.44625526666641235, 0.7759321928024292, -0.445853590965271, -0.5445256233215332, 0.1599346101284027, 0.8233546614646912),
            ["LeftLowerLeg"] = CFrame.new(1.7136335372924805e-07, 0.00006103515625, 0.0000722147524356842, 1, 4.4703494239684005e-08, 9.685753354915505e-08, -2.011657187495075e-07, -0.6554527878761292, 0.7552361488342285, 2.011657187495075e-07, -0.7552362084388733, -0.6554527282714844),
        }},
        {Time = 0.067, Data = {
            ["HumanoidRootPart"] = CFrame.new(0, 0, 0, 1, 0, 0, 0, 1, 0, 0, 0, 1),
            ["UpperTorso"] = CFrame.new(0, 0, 0, 1, 0, 0, 0, 1, 0, 0, 0, 1),
            ["LowerTorso"] = CFrame.new(0, 0, 0, 1, 0, 0, 0, 1, 0, 0, 0, 1),
            ["Head"] = CFrame.new(0, 0, 0, 1, 0, 0, 0, 1, 0, 0, 0, 1),
        }},
        {Time = 0.100, Data = {
            ["RightFoot"] = CFrame.new(-2.3283064365386963e-08, 1.1920928955078125e-07, -1.3205863069742918e-08, 0.9728775024414062, -0.017140666022896767, -0.2306850403547287, -0.12024462223052979, 0.814455509185791, -0.5676293969154358, 0.1976121962070465, 0.5799727439880371, 0.7903045415878296),
            ["LeftLowerArm"] = CFrame.new(-2.086162567138672e-07, 5.960464477539063e-08, -2.4586915969848633e-07, 1, -8.393546835350207e-08, 7.520430500562725e-08, 8.661297812295743e-08, 0.13513056933879852, -0.9908279180526733, 7.64848451240141e-08, 0.9908279180526733, 0.13513055443763733),
            ["LeftFoot"] = CFrame.new(-9.685754776000977e-08, 5.960464477539063e-08, -1.4901161193847656e-08, 0.6872553825378418, -0.12818573415279388, -0.7150164842605591, -0.3262996971607208, 0.8249393701553345, -0.461523175239563, 0.6490058898925781, 0.5504940152168274, 0.5251170992851257),
            ["Head"] = CFrame.new(0, 2.384185791015625e-07, 1.4901161193847656e-08, 0.4142807126045227, 0.13419342041015625, -0.9002020359039307, -0.2188793569803238, 0.9747333526611328, 0.044573891907930374, 0.8834383487701416, 0.17856939136981964, 0.433185338973999),
            ["LowerTorso"] = CFrame.new(0.26292160153388977, -0.23672938346862793, -0.0378103069961071, 0.9512857794761658, 0.10366615653038025, -0.29035964608192444, -0.06237340718507767, 0.9870125651359558, 0.14803998172283173, 0.3019353747367859, -0.12271759659051895, 0.9453970193862915),
            ["UpperTorso"] = CFrame.new(1.6763806343078613e-08, 1.1920928955078125e-07, -2.2351741790771484e-08, 0.9986615777015686, 0.011895287781953812, -0.05033618211746216, -0.005191531497985125, 0.9913331270217896, 0.13126946985721588, 0.0514613501727581, -0.13083241879940033, 0.9900680780410767),
            ["HumanoidRootPart"] = CFrame.new(0, 0, 0, 1, 0, 0, 0, 1, 0, 0, 0, 1),
            ["RightUpperLeg"] = CFrame.new(5.960464477539063e-08, -1.9650906324386597e-07, -4.639878170564771e-08, 0.8738723397254944, -0.27346527576446533, -0.4019503891468048, -0.044961582869291306, 0.7777887582778931, -0.6269155740737915, 0.4840719997882843, 0.5659164786338806, 0.6673926115036011),
            ["LeftUpperArm"] = CFrame.new(0, 4.76837158203125e-07, -1.4901161193847656e-08, 0.32974857091903687, 0.9384409189224243, -0.10293135792016983, -0.270207941532135, 0.19828486442565918, 0.942162811756134, 0.9045736789703369, -0.28286370635032654, 0.3189583420753479),
            ["RightLowerArm"] = CFrame.new(-1.4901161193847656e-07, 1.1920928955078125e-07, 2.384185791015625e-07, 1, -8.940695295223122e-08, 1.2665987014770508e-07, 9.685753354915505e-08, -0.703829824924469, -0.7103686928749084, 2.0861622829215776e-07, 0.7103687524795532, -0.7038298845291138),
            ["LeftHand"] = CFrame.new(-1.1548399925231934e-07, -2.384185791015625e-07, -2.1606683731079102e-07, 0.9431003928184509, -0.023028112947940826, -0.3317094147205353, -0.01511051319539547, 0.9936001300811768, -0.11193975806236267, 0.3321644961833954, 0.11058280616998672, 0.9367169141769409),
            ["RightHand"] = CFrame.new(-4.470348358154297e-08, 5.960464477539063e-08, -2.60770320892334e-07, 0.8405715823173523, -0.507298469543457, 0.189968079328537, 0.5029839277267456, 0.8611242175102234, 0.07397475093603134, -0.20111319422721863, 0.033369965851306915, 0.9789994955062866),
            ["RightUpperArm"] = CFrame.new(0, -1.1920928955078125e-07, -6.705522537231445e-08, 0.5939265489578247, -0.7591986060142517, -0.26621171832084656, 0.10300125926733017, 0.3999282419681549, -0.9107404947280884, 0.797898530960083, 0.51349276304245, 0.3157263994216919),
            ["RightLowerLeg"] = CFrame.new(6.146728992462158e-08, -0.000060439109802246094, -0.00007203796849353239, 1, -1.3038514623531228e-07, -1.4528635006172408e-07, 1.0803341865539551e-07, 0.4324052333831787, 0.901679277420044, -1.7508864402770996e-07, -0.9016793966293335, 0.43240559101104736),
            ["LeftUpperLeg"] = CFrame.new(0, -2.2165477275848389e-07, -1.4901161193847656e-08, 0.6953916549682617, 0.5973907113075256, 0.39944326877593994, -0.5535407066345215, 0.7997400760650635, -0.2323974221944809, -0.45828282833099365, -0.05950096249580383, 0.8868125677108765),
            ["LeftLowerLeg"] = CFrame.new(-4.842877388000488e-08, 0.00006079673767089844, 0.00007207691669464111, 1, 4.470348358154297e-08, 1.6391278734317893e-07, -8.102505688611927e-08, -0.6591929197311401, 0.7519739866256714, 1.1175869474300271e-07, -0.7519739270210266, -0.6591928005218506),
        }},
        {Time = 0.133, Data = {
            ["HumanoidRootPart"] = CFrame.new(0, 0, 0, 1, 0, 0, 0, 1, 0, 0, 0, 1),
            ["UpperTorso"] = CFrame.new(0, 0, 0, 1, 0, 0, 0, 1, 0, 0, 0, 1),
            ["LowerTorso"] = CFrame.new(0, 0, 0, 1, 0, 0, 0, 1, 0, 0, 0, 1),
            ["Head"] = CFrame.new(0, 0, 0, 1, 0, 0, 0, 1, 0, 0, 0, 1),
        }},
        {Time = 0.133, Data = {
            ["RightFoot"] = CFrame.new(4.7497451305389404e-08, 2.384185791015625e-07, -5.045876605436206e-08, 0.9749235510826111, -0.031001830473542213, -0.22036990523338318, -0.10473497956991196, 0.8098050951957703, -0.5772745013237, 0.19635352492332458, 0.585879385471344, 0.7862513661384583),
            ["LeftLowerArm"] = CFrame.new(-5.960464477539063e-08, 1.1920928955078125e-07, 1.30385160446167e-07, 1, -8.894131298120556e-08, 7.462221418563786e-08, 8.40518694644743e-08, 0.14335466921329498, -0.9896713495254517, 7.660128886755047e-08, 0.9896714687347412, 0.1433546394109726),
            ["LeftFoot"] = CFrame.new(1.4901161193847656e-08, 0, 1.1920928955078125e-07, 0.6038594841957092, -0.15468652546405792, -0.7819371223449707, -0.366079181432724, 0.8175891637802124, -0.44444823265075684, 0.7080535292625427, 0.5546351075172424, 0.43708130717277527),
            ["Head"] = CFrame.new(0, 0, -1.4901161193847656e-08, 0.41904228925704956, 0.11048315465450287, -0.9012197256088257, -0.1551375687122345, 0.9866856932640076, 0.04882613196969032, 0.8946149349212646, 0.11935269087553024, 0.4306030571460724),
            ["LowerTorso"] = CFrame.new(0.27706050872802734, -0.25630998611450195, -0.024345410987734795, 0.9504476189613342, 0.08321511745452881, -0.29954078793525696, -0.04033996909856796, 0.9883759617805481, 0.14658020436763763, 0.308256596326828, -0.1272333264350891, 0.9427563548088074),
            ["UpperTorso"] = CFrame.new(3.725290298461914e-08, 1.4901161193847656e-07, -1.4901161193847656e-08, 0.9976169466972351, 0.03323717042803764, -0.060463760048151016, -0.024969132617115974, 0.9908424615859985, 0.13269445300102234, 0.06432044506072998, -0.13086847960948944, 0.9893110394477844),
            ["HumanoidRootPart"] = CFrame.new(0, 0, 0, 1, 0, 0, 0, 1, 0, 0, 0, 1),
            ["RightUpperLeg"] = CFrame.new(1.1920928955078125e-07, 6.146728992462158e-08, -3.149762051180005e-08, 0.872512698173523, -0.24963638186454773, -0.4200040400028229, -0.07760840654373169, 0.7778981328010559, -0.6235798001289368, 0.48238837718963623, 0.5766769051551819, 0.6593518257141113),
            ["LeftUpperArm"] = CFrame.new(0, -1.1920928955078125e-07, 8.940696716308594e-08, 0.4160347878932953, 0.9025094509124756, -0.1113193929195404, -0.25624850392341614, 0.23380964994430542, 0.9379070401191711, 0.8724974989891052, -0.36167627573013306, 0.3285396695137024),
            ["RightLowerArm"] = CFrame.new(2.384185791015625e-07, -2.384185791015625e-07, 2.9802322387695312e-08, 1, -3.725290653733282e-08, 1.3038518886787642e-07, 8.195638656616211e-08, -0.7147191762924194, -0.6994116306304932, 1.4901161193847656e-07, 0.6994115710258484, -0.7147191762924194),
            ["LeftHand"] = CFrame.new(-1.2665987014770508e-07, -5.960464477539063e-08, -2.60770320892334e-08, 0.9472978115081787, -0.03370404615998268, -0.3185764253139496, -0.004069894086569548, 0.9931038618087769, -0.117167629301548, 0.32032841444015503, 0.11228915303945541, 0.9406279921531677),
            ["RightHand"] = CFrame.new(-1.6391277313232422e-07, 0, -8.940696716308594e-08, 0.905329704284668, -0.38232532143592834, 0.18494783341884613, 0.37154725193977356, 0.9239240884780884, 0.09119702130556107, -0.20574462413787842, -0.013846306130290031, 0.9785078167915344),
            ["RightUpperArm"] = CFrame.new(-5.960464477539063e-08, 0, 9.313225746154785e-09, 0.5957685112953186, -0.7489379644393921, -0.2900896966457367, 0.09157580882310867, 0.42217540740966797, -0.9018768072128296, 0.797918438911438, 0.510744571685791, 0.3201034963130951),
            ["RightLowerLeg"] = CFrame.new(1.4901161193847656e-08, -0.000060498714447021484, -0.00007212737546069548, 1, -1.937150670983101e-07, -7.636847954017867e-08, 9.313225746154785e-08, 0.4170578122138977, 0.9088796377182007, -9.872019290924072e-08, -0.9088799953460693, 0.417058527469635),
            ["LeftUpperLeg"] = CFrame.new(2.9802322387695312e-08, 3.725290298461914e-08, -4.0978193283081055e-08, 0.6792790293693542, 0.6104447245597839, 0.4073539972305298, -0.6196934580802917, 0.7744646668434143, -0.12721902132034302, -0.3931412100791931, -0.16601738333702087, 0.9043661952018738),
            ["LeftLowerLeg"] = CFrame.new(1.0151416063308716e-07, 0.00006079673767089844, 0.00007208529859781265, 1, -4.0978193283081055e-08, 1.974403431859173e-07, -1.0989604959377175e-07, -0.6490084528923035, 0.7607810497283936, 1.8160787362830888e-07, -0.7607812285423279, -0.649008572101593),
        }},
        {Time = 0.167, Data = {
            ["RightFoot"] = CFrame.new(-3.91155481338501e-08, 1.7881393432617188e-07, 3.894820110872388e-08, 0.9757632613182068, -0.034219253808259964, -0.21613709628582, -0.10137461125850677, 0.8046345114707947, -0.5850521922111511, 0.19393151998519897, 0.5927836298942566, 0.7816640734672546),
            ["LeftLowerArm"] = CFrame.new(2.9802322387695312e-08, 5.960464477539063e-08, 1.043081283569336e-07, 1, -8.335337753351268e-08, 9.313224325069314e-08, 8.521602268274364e-08, 0.1455582231283188, -0.9893496632575989, 7.357449050005016e-08, 0.9893497824668884, 0.1455582082271576),
            ["LeftFoot"] = CFrame.new(-4.470348358154297e-08, 1.1920928955078125e-07, 1.4901161193847656e-08, 0.594799280166626, -0.19381223618984222, -0.780160665512085, -0.3288595378398895, 0.8269087672233582, -0.45615026354789734, 0.7335293889045715, 0.5278813242912292, 0.42810776829719543),
            ["Head"] = CFrame.new(7.450580596923828e-08, 0, -1.4901161193847656e-08, 0.42524197697639465, 0.12322749197483063, -0.8966516256332397, -0.10619018226861954, 0.9906386733055115, 0.08578306436538696, 0.8988286852836609, 0.05873687565326691, 0.43434667587280273),
            ["LowerTorso"] = CFrame.new(0.29076921939849854, -0.2576897144317627, -0.027070462703704834, 0.9528834819793701, 0.06958688050508499, -0.29524701833724976, -0.0369255468249321, 0.9927025437355042, 0.11479643732309341, 0.3010807931423187, -0.09848544001579285, 0.9484993815422058),
            ["UpperTorso"] = CFrame.new(3.725290298461914e-09, 1.1920928955078125e-07, 7.450580596923828e-09, 0.9973083734512329, 0.03988192230463028, -0.06152615696191788, -0.03054390475153923, 0.9888320565223694, 0.14587076008319855, 0.06665664911270142, -0.14359888434410095, 0.9873886108398438),
            ["HumanoidRootPart"] = CFrame.new(0, 0, 0, 1, 0, 0, 0, 1, 0, 0, 0, 1),
            ["RightUpperLeg"] = CFrame.new(0, 1.7601996660232544e-07, 2.8107024263590574e-08, 0.8667515516281128, -0.24406175315380096, -0.4349432587623596, -0.06965600699186325, 0.8042980432510376, -0.590129554271698, 0.49385204911231995, 0.5417919754981995, 0.6801261901855469),
            ["LeftUpperArm"] = CFrame.new(0, -1.1920928955078125e-07, 1.4901161193847656e-08, 0.4357125163078308, 0.8915644884109497, -0.12356261909008026, -0.25294235348701477, 0.25303131341934204, 0.933806836605072, 0.8638140559196472, -0.3756168782711029, 0.3357633650302887),
            ["RightLowerArm"] = CFrame.new(0, 5.960464477539062e-07, -5.960464477539063e-08, 1, -4.8428763221863846e-08, 2.067536826189098e-07, 8.381903171539307e-08, -0.7144083976745605, -0.6997287273406982, 1.4901161193847656e-07, 0.6997289061546326, -0.7144086956977844),
            ["LeftHand"] = CFrame.new(-4.470348358154297e-08, -1.1920928955078125e-07, -1.7881393432617188e-07, 0.9478758573532104, -0.03741496428847313, -0.316435843706131, 0.0010741183068603277, 0.9934520125389099, -0.11424608528614044, 0.31863823533058167, 0.10795113444328308, 0.9417092800140381),
            ["RightHand"] = CFrame.new(1.1920928955078125e-07, -2.384185791015625e-07, -5.960464477539063e-08, 0.9224497079849243, -0.33309024572372437, 0.19528833031654358, 0.31845617294311523, 0.9423229694366455, 0.1030195951461792, -0.21833950281143188, -0.03283931687474251, 0.9753202199935913),
            ["RightUpperArm"] = CFrame.new(0, -1.1920928955078125e-07, 4.563480615615845e-08, 0.5878638625144958, -0.7612163424491882, -0.27379873394966125, 0.21656028926372528, 0.47418907284736633, -0.8533735275268555, 0.7794342637062073, 0.44237351417541504, 0.44360798597335815),
            ["RightLowerLeg"] = CFrame.new(-8.568167686462402e-08, -0.0000603795051574707, -0.00007208267197711393, 1, -2.2351736461700966e-08, -1.5087431393112638e-07, 8.195638656616211e-08, 0.4206998348236084, 0.9071995615959167, -1.8812716007232666e-07, -0.9071998596191406, 0.4207006096839905),
            ["LeftUpperLeg"] = CFrame.new(0, 4.563480615615845e-08, -1.1175870895385742e-08, 0.6623182892799377, 0.6566000580787659, 0.3608471751213074, -0.6623325943946838, 0.738254964351654, -0.1276533305644989, -0.3502143919467926, -0.15445372462272644, 0.9238474369049072),
            ["LeftLowerLeg"] = CFrame.new(1.6205012798309326e-07, 0.000060498714447021484, 0.00007206946611404419, 1, -2.2351738238057806e-08, 8.195639367158947e-08, -4.377216100692749e-08, -0.6400720477104187, 0.7683148980140686, 1.7136335372924805e-07, -0.7683148980140686, -0.6400720477104187),
        }},
        {Time = 0.167, Data = {
            ["HumanoidRootPart"] = CFrame.new(0, 0, 0, 1, 0, 0, 0, 1, 0, 0, 0, 1),
            ["UpperTorso"] = CFrame.new(0, 0, 0, 1, 0, 0, 0, 1, 0, 0, 0, 1),
            ["LowerTorso"] = CFrame.new(0, 0, 0, 1, 0, 0, 0, 1, 0, 0, 0, 1),
            ["Head"] = CFrame.new(0, 0, 0, 1, 0, 0, 0, 1, 0, 0, 0, 1),
        }},
        {Time = 0.200, Data = {
            ["RightFoot"] = CFrame.new(0, 2.980232238769531e-07, 3.894820110872388e-08, 0.9707905650138855, -0.038556523621082306, -0.2368101328611374, -0.11167161911725998, 0.8009664416313171, -0.5882019996643066, 0.21235617995262146, 0.5974664092063904, 0.7732654809951782),
            ["LeftLowerArm"] = CFrame.new(2.086162567138672e-07, 2.384185791015625e-07, -3.8743019104003906e-07, 1, -9.022189573215655e-08, 7.194466178361836e-08, 8.335337753351268e-08, 0.15116924047470093, -0.9885079264640808, 7.590279693658886e-08, 0.9885079860687256, 0.15116924047470093),
            ["LeftFoot"] = CFrame.new(2.1606683731079102e-07, 1.1920928955078125e-07, -2.9802322387695312e-08, 0.6605592966079712, -0.2697969377040863, -0.7006219625473022, -0.1975170075893402, 0.8378750681877136, -0.508873462677002, 0.7243261933326721, 0.4745261073112488, 0.500176727771759),
            ["Head"] = CFrame.new(-2.9802322387695312e-08, 0, -1.1920928955078125e-07, 0.4250699281692505, 0.131666898727417, -0.8955330848693848, -0.052000731229782104, 0.991282045841217, 0.12106222659349442, 0.9036656022071838, -0.004891709890216589, 0.4282108247280121),
            ["LowerTorso"] = CFrame.new(0.29620206356048584, -0.247544527053833, -0.026758303865790367, 0.9520939588546753, 0.08990348875522614, -0.2922918200492859, -0.06576623022556305, 0.9936400651931763, 0.09140194952487946, 0.29865020513534546, -0.06780030578374863, 0.951951265335083),
            ["UpperTorso"] = CFrame.new(5.587935447692871e-09, 5.960464477539063e-08, 1.1175870895385742e-08, 0.9985768795013428, 0.016051098704338074, -0.05085989832878113, -0.008455479517579079, 0.9892220497131348, 0.1461794525384903, 0.0526580847799778, -0.14554131031036377, 0.9879499077796936),
            ["HumanoidRootPart"] = CFrame.new(0, 0, 0, 1, 0, 0, 0, 1, 0, 0, 0, 1),
            ["RightUpperLeg"] = CFrame.new(1.1920928955078125e-07, -1.8067657947540283e-07, -3.149762051180005e-08, 0.8763967156410217, -0.2579096555709839, -0.40670785307884216, -0.03499108925461769, 0.8081777691841125, -0.5878984928131104, 0.4803168773651123, 0.5294632315635681, 0.6992596983909607),
            ["LeftUpperArm"] = CFrame.new(5.960464477539063e-08, 1.1920928955078125e-07, -7.450580596923828e-08, 0.3879804015159607, 0.9066938161849976, -0.16546256840229034, -0.2264035940170288, 0.2677815556526184, 0.9365010857582092, 0.8934275507926941, -0.3258824646472931, 0.30917274951934814),
            ["RightLowerArm"] = CFrame.new(0, -1.1920928955078125e-07, -2.086162567138672e-07, 1, -9.685754776000977e-08, 1.7136336794010276e-07, 1.3038517820973539e-08, -0.7024062871932983, -0.7117762565612793, 1.9371512394172896e-07, 0.7117762565612793, -0.7024062871932983),
            ["LeftHand"] = CFrame.new(4.842877388000488e-08, -5.960464477539063e-08, 8.940696716308594e-08, 0.956930935382843, -0.004517683293670416, -0.29028061032295227, -0.027362171560525894, 0.9940246939659119, -0.10567093640565872, 0.2890235483646393, 0.10906234383583069, 0.9510893821716309),
            ["RightHand"] = CFrame.new(-1.1175870895385742e-07, 2.980232238769531e-07, -8.940696716308594e-08, 0.92638099193573, -0.3277643918991089, 0.18544231355190277, 0.31345394253730774, 0.9440346956253052, 0.10268942266702652, -0.2087218314409256, -0.037001725286245346, 0.9772748351097107),
            ["RightUpperArm"] = CFrame.new(0, 1.1920928955078125e-07, -1.1920928955078125e-07, 0.5964056849479675, -0.7647515535354614, -0.24383513629436493, 0.3531029522418976, 0.5227662324905396, -0.775908350944519, 0.7208457589149475, 0.3766571283340454, 0.5818167924880981),
            ["RightLowerLeg"] = CFrame.new(-2.2351741790771484e-08, -0.000060439109802246094, -0.00007206032023532316, 1, -1.6018742599044344e-07, -9.685756907629184e-08, 1.1920927533992653e-07, 0.41348108649253845, 0.9105124473571777, -1.7881390590446244e-07, -0.9105127453804016, 0.41348183155059814),
            ["LeftUpperLeg"] = CFrame.new(0, -1.5366822481155396e-07, 2.2351741790771484e-08, 0.7006024718284607, 0.6529438495635986, 0.2877854108810425, -0.6306561231613159, 0.755292534828186, -0.17834271490573883, -0.33380991220474243, -0.056546248495578766, 0.9409428834915161),
            ["LeftLowerLeg"] = CFrame.new(-2.2351741790771484e-08, 0.000060677528381347656, 0.00007208995521068573, 1, 3.725289943190546e-08, 1.1548401346317405e-07, -5.681067705154419e-08, -0.5991225838661194, 0.8006575107574463, 1.5273690223693848e-07, -0.800657331943512, -0.5991224050521851),
        }},
        {Time = 0.233, Data = {
            ["HumanoidRootPart"] = CFrame.new(0, 0, 0, 1, 0, 0, 0, 1, 0, 0, 0, 1),
            ["UpperTorso"] = CFrame.new(0, 0, 0, 1, 0, 0, 0, 1, 0, 0, 0, 1),
            ["LowerTorso"] = CFrame.new(0, 0, 0, 1, 0, 0, 0, 1, 0, 0, 0, 1),
            ["Head"] = CFrame.new(0, 0, 0, 1, 0, 0, 0, 1, 0, 0, 0, 1),
        }},
        {Time = 0.233, Data = {
            ["RightFoot"] = CFrame.new(2.421438694000244e-08, 2.384185791015625e-07, -5.75528247281909e-09, 0.9612770080566406, -0.045419782400131226, -0.27181556820869446, -0.12309157848358154, 0.8117058873176575, -0.5709481835365295, 0.24656660854816437, 0.5822978019714355, 0.7746835947036743),
            ["LeftLowerArm"] = CFrame.new(-2.9802322387695312e-08, -1.1920928955078125e-07, -5.140900611877441e-07, 1, -7.729978079851207e-08, 7.613562758024273e-08, 8.738422963006087e-08, 0.1441107988357544, -0.9895616173744202, 8.789354666305371e-08, 0.9895615577697754, 0.14411084353923798),
            ["LeftFoot"] = CFrame.new(7.82310962677002e-08, -5.960464477539063e-08, -1.043081283569336e-07, 0.7364082336425781, -0.34539660811424255, -0.5817255973815918, -0.03917505592107773, 0.8366436958312988, -0.5463446974754333, 0.6754023432731628, 0.4251217842102051, 0.6025802493095398),
            ["Head"] = CFrame.new(-1.2665987014770508e-07, 4.76837158203125e-07, 2.9802322387695312e-08, 0.4269413948059082, 0.1343366950750351, -0.8942452669143677, -0.009102667681872845, 0.9894922971725464, 0.14429934322834015, 0.9042335152626038, -0.053467489778995514, 0.4236779808998108),
            ["LowerTorso"] = CFrame.new(0.29656481742858887, -0.2271885871887207, -0.020287398248910904, 0.9494810104370117, 0.1010369211435318, -0.2971150577068329, -0.08191198855638504, 0.9937251806259155, 0.07616250962018967, 0.30294591188430786, -0.04797756299376488, 0.9517993330955505),
            ["UpperTorso"] = CFrame.new(6.51925802230835e-09, -2.9802322387695312e-08, 1.1175870895385742e-08, 0.9993426203727722, 0.0011621451703831553, -0.036235250532627106, 0.004157738760113716, 0.9892176389694214, 0.1463937908411026, 0.03601473197340965, -0.14644818007946014, 0.9885625839233398),
            ["HumanoidRootPart"] = CFrame.new(0, 0, 0, 1, 0, 0, 0, 1, 0, 0, 0, 1),
            ["RightUpperLeg"] = CFrame.new(-2.9802322387695312e-08, -2.9010698199272156e-07, 2.0656443666666746e-08, 0.8955868482589722, -0.24534443020820618, -0.3711201846599579, -0.015479275956749916, 0.8165010213851929, -0.5771366357803345, 0.444617360830307, 0.5226204991340637, 0.7274497151374817),
            ["LeftUpperArm"] = CFrame.new(-1.1920928955078125e-07, 4.76837158203125e-07, 1.4901161193847656e-08, 0.34795457124710083, 0.9206697940826416, -0.1769038736820221, -0.2420695722103119, 0.27052587270736694, 0.9317821264266968, 0.9057206511497498, -0.2813946008682251, 0.31699684262275696),
            ["RightLowerArm"] = CFrame.new(-1.1920928955078125e-07, 5.960464477539063e-08, 4.470348358154297e-07, 1, -5.960463766996327e-08, 2.2351744632942427e-07, 2.6077035641947077e-08, -0.6649531126022339, -0.7468850016593933, 1.788139627478813e-07, 0.7468851208686829, -0.6649532318115234),
            ["LeftHand"] = CFrame.new(7.171183824539185e-08, 2.384185791015625e-07, 1.3969838619232178e-08, 0.965803861618042, 0.0027598405722528696, -0.25925886631011963, -0.027696851640939713, 0.9953198432922363, -0.09258205443620682, 0.2577901780605316, 0.09659677743911743, 0.9613602161407471),
            ["RightHand"] = CFrame.new(7.636845111846924e-08, 1.1920928955078125e-07, 6.100162863731384e-08, 0.8962989449501038, -0.39577874541282654, 0.20001910626888275, 0.382891446352005, 0.9182379245758057, 0.10115903615951538, -0.22370167076587677, -0.01408291980624199, 0.9745559692382812),
            ["RightUpperArm"] = CFrame.new(0, 2.384185791015625e-07, -8.195638656616211e-08, 0.5788815021514893, -0.7998189330101013, -0.1587008535861969, 0.5195369720458984, 0.5117865204811096, -0.6842193007469177, 0.6284724473953247, 0.31363093852996826, 0.7117992043495178),
            ["RightLowerLeg"] = CFrame.new(-2.9802322387695312e-08, -0.0000603795051574707, -0.00007219443068606779, 1, -2.4214381255660555e-07, -2.980233304583635e-08, 1.1175870895385742e-07, 0.43648797273635864, 0.8997098803520203, -2.644956111907959e-07, -0.8997100591659546, 0.43648844957351685),
            ["LeftUpperLeg"] = CFrame.new(0, -2.2165477275848389e-07, 3.725290298461914e-09, 0.7348348498344421, 0.6381257176399231, 0.22981113195419312, -0.5897006988525391, 0.7684991359710693, -0.24831894040107727, -0.33506840467453003, 0.04695366322994232, 0.9410232305526733),
            ["LeftLowerLeg"] = CFrame.new(-3.725290298461914e-08, 0.00006079673767089844, 0.0000721365213394165, 1, 7.450580596923828e-08, 9.126962652317161e-08, -1.052394793532585e-07, -0.5135552883148193, 0.8580566048622131, 1.266598985694145e-07, -0.8580564856529236, -0.5135552287101746),
        }},
        {Time = 0.267, Data = {
            ["RightFoot"] = CFrame.new(-5.960464477539063e-08, 2.980232238769531e-07, 5.3849362302571535e-08, 0.9408624172210693, -0.01149037666618824, -0.3385937213897705, -0.1615820974111557, 0.8632104396820068, -0.4782867431640625, 0.297773540019989, 0.5047134757041931, 0.8103062510490417),
            ["LeftLowerArm"] = CFrame.new(1.4901161193847656e-07, 1.1920928955078125e-07, -4.470348358154297e-08, 1, -6.103075378405265e-08, 7.369089161102238e-08, 9.03382755268467e-08, 0.17269568145275116, -0.9849753379821777, 9.639187226184731e-08, 0.984975278377533, 0.1726956069469452),
            ["LeftFoot"] = CFrame.new(-3.166496753692627e-08, 5.960464477539063e-08, 8.195638656616211e-08, 0.8047437071800232, -0.39597418904304504, -0.44225743412971497, 0.10536927729845047, 0.8284682035446167, -0.5500342845916748, 0.5841960906982422, 0.3960365653038025, 0.7084283232688904),
            ["Head"] = CFrame.new(-3.725290298461914e-08, -3.5762786865234375e-07, -4.470348358154297e-08, 0.40928512811660767, 0.12993237376213074, -0.9031075835227966, 0.013672681525349617, 0.9888237118721008, 0.14846110343933105, 0.912304162979126, -0.07311105728149414, 0.402934193611145),
            ["LowerTorso"] = CFrame.new(0.2914018929004669, -0.19955205917358398, -0.013479004614055157, 0.9510900974273682, 0.10566427558660507, -0.29028043150901794, -0.09110511094331741, 0.9938300251960754, 0.06325997412204742, 0.295173704624176, -0.033719900995492935, 0.9548484683036804),
            ["UpperTorso"] = CFrame.new(-7.450580596923828e-09, 0, -1.862645149230957e-09, 0.99949049949646, 0.001332223298959434, -0.031892191618680954, 0.003748031798750162, 0.9873189926147461, 0.15870517492294312, 0.03169919177889824, -0.1587437391281128, 0.9868108630180359),
            ["HumanoidRootPart"] = CFrame.new(0, 0, 0, 1, 0, 0, 0, 1, 0, 0, 0, 1),
            ["RightUpperLeg"] = CFrame.new(5.960464477539063e-08, -1.1408701539039612e-07, -1.845910446718335e-08, 0.9210138320922852, -0.23212967813014984, -0.312809020280838, 0.005113023798912764, 0.810177206993103, -0.5861631035804749, 0.38949644565582275, 0.5382645130157471, 0.7473708987236023),
