return {
    ["Monster Mash"] = {
        {Time = 0.000, Data = {
            ["LeftFoot"] = CFrame.new(1.436410990152126e-08, 0, 2.143391242270809e-09, 0.998501718044281, -0.01120828092098236, 0.053561605513095856, 0.014541682787239552, 0.9979543089866638, -0.062256086617708206, -0.05275426805019379, 0.06294167786836624, 0.9966219663619995),
            ["LeftLowerArm"] = CFrame.new(0, 2.384185791015625e-07, 0.000004244276169629302, 1, 5.9669242880033835e-09, 1.7263936058498075e-08, -5.9669242880033835e-09, 1, -5.731513553254043e-16, -1.7263936058498075e-08, 4.701388081703622e-16, 1),
            ["LowerTorso"] = CFrame.new(0, -0.00342559814453125, 0, 1, 0, 0, 0, 1, 0, 0, 0, 1),
            ["Head"] = CFrame.new(0, 0, 0, 1, 0, 0, -1.4210854715202004e-14, 1, -1.1920927533992653e-07, 2.842170943040401e-14, 0, 1),
            ["RightUpperArm"] = CFrame.new(0, 0, 0, 1, 0, 0, 0, 1, 0, 0, 0, 1),
            ["UpperTorso"] = CFrame.new(0, 0, 0, 1, 0, 0, 0, 1, 0, 0, 0, 1),
            ["HumanoidRootPart"] = CFrame.new(0, 0, 0, 1, 0, 0, 0, 1, 0, 0, 0, 1),
            ["RightHand"] = CFrame.new(-3.530294989673166e-08, 5.960464477539063e-08, 1.3586831312806247e-13, 1, -1.3912988071653693e-21, 2.0954757928848267e-09, 2.2891462106968194e-21, 1, 2.879912020664621e-20, -2.0954757928848267e-09, 3.3881317890172014e-20, 1),
            ["LeftUpperArm"] = CFrame.new(0, 0, 0, 1, 0, 0, 0, 1, 0, 0, 0, 1),
            ["RightLowerArm"] = CFrame.new(0, -2.384185791015625e-07, -0.0000042241231312800664, 1, -0.000019999999494757503, -7.921414635347901e-10, 0.000019999999494757503, 1, 1.7405340406798087e-12, 7.921414635347901e-10, -1.7563768365050358e-12, 1),
            ["LeftHand"] = CFrame.new(-1.3717881941488486e-08, 0, -5.816107686608396e-14, 1, 8.667282863639159e-11, -2.987149727573524e-08, -8.667200984691092e-11, 1, -1.6805415725684725e-08, 2.9759718245259137e-08, 2.9680515822860798e-08, 1),
            ["RightUpperLeg"] = CFrame.new(0, 0, 0, 0.999370276927948, -0.01359281875193119, -0.03277700021862984, 0.011210181750357151, 0.9973552823066711, -0.07181104272603989, 0.033666424453258514, 0.07139826565980911, 0.9968795776367188),
            ["LeftUpperLeg"] = CFrame.new(0, 0, 0, 0.9993702173233032, 0.013589701615273952, 0.0327785462141037, -0.01120826043188572, 0.9973580837249756, -0.07177245616912842, -0.03366731107234955, 0.07135985791683197, 0.9968823790550232),
            ["RightLowerLeg"] = CFrame.new(-6.193295121192932e-08, -0.0007264018058776855, 0.00004605932190315798, 1, 2.0721937943335433e-08, -2.7939686120248552e-09, -1.862644971595273e-08, 0.9909138679504395, 0.13449864089488983, 4.656612428988183e-09, -0.13449856638908386, 0.9909138679504395),
            ["RightFoot"] = CFrame.new(4.216167326376308e-08, 5.960464477539063e-08, -3.4415279515087605e-09, 0.9985015392303467, 0.011210174299776554, -0.05356258898973465, -0.014545884914696217, 0.9979515671730042, -0.062298648059368134, 0.052754517644643784, 0.0629843920469284, 0.9966192841529846),
            ["LeftLowerLeg"] = CFrame.new(-1.6298145055770874e-09, -0.0007265806198120117, 0.00008099712431430817, 1, 9.080395990679335e-09, -8.381904947896146e-09, -1.187436460270419e-08, 0.9909248352050781, 0.13441790640354156, 5.878974640438628e-09, -0.13441787660121918, 0.9909247756004333),
        }},
        {Time = 0.017, Data = {
            ["LeftFoot"] = CFrame.new(1.436410990152126e-08, 0, 2.143391242270809e-09, 0.998501718044281, -0.01120828092098236, 0.053561605513095856, 0.014541682787239552, 0.9979543089866638, -0.062256086617708206, -0.05275426805019379, 0.06294167786836624, 0.9966219663619995),
            ["LeftLowerArm"] = CFrame.new(2.9802322387695312e-08, -5.960464477539063e-08, 0.000004256144165992737, 1, 7.334165275096893e-09, 1.7229467630386353e-08, -9.19681042432785e-09, 1, -1.862645149230957e-09, -1.6763806343078613e-08, -3.026798367500305e-09, 1),
            ["LowerTorso"] = CFrame.new(0, -0.00342559814453125, 0, 1, 0, 0, 0, 1, 0, 0, 0, 1),
            ["Head"] = CFrame.new(0, 0, -1.3234889800848443e-23, 1, 0.000035203032894060016, 5.333107544990001e-13, -0.000035203032894060016, 1, -1.1920927533992653e-07, -4.701417206931513e-12, -8.325234052167322e-17, 1),
            ["RightUpperArm"] = CFrame.new(-0.001535654067993164, -0.023061633110046387, 8.356467184889027e-10, 0.9976718425750732, -0.06788531690835953, 0.006534909829497337, 0.06818367540836334, 0.9948962926864624, -0.07437992841005325, -0.0014522532001137733, 0.07465231418609619, 0.9972086548805237),
            ["UpperTorso"] = CFrame.new(0, 0, 0, 1, -0.000035203032894060016, -4.729838916361917e-12, 0.000035203032894060016, 1, -8.325234052167322e-17, 4.729838916361917e-12, -8.325234052167322e-17, 1),
            ["HumanoidRootPart"] = CFrame.new(0, 0, 0, 1, 0, 0, 0, 1, 0, 0, 0, 1),
            ["RightHand"] = CFrame.new(-3.0850060284137726e-08, -4.172325134277344e-07, 1.0244548320770264e-08, 1, 6.599292667885948e-09, 2.0954755708402217e-09, -1.1059455573558807e-09, 1, -2.7357598408883632e-09, -1.862645149230957e-09, -2.7066560104316295e-09, 1),
            ["LeftUpperArm"] = CFrame.new(0.0023803114891052246, -0.0345386266708374, -3.09498815465048e-10, 0.9978476762771606, 0.06532999128103256, 0.00566034996882081, -0.06448328495025635, 0.9932601451873779, -0.0963137224316597, -0.011914371512830257, 0.09574143588542938, 0.9953349232673645),
            ["RightLowerArm"] = CFrame.new(-5.960464477539063e-08, -3.5762786865234375e-07, -0.000004217028617858887, 1, -0.000019990518921986222, -1.6298142835324825e-09, 0.000019996441551484168, 1, 1.1641531072470457e-09, 8.149072527885437e-10, -2.735760062932968e-09, 1),
            ["LeftHand"] = CFrame.new(7.997732609510422e-08, 0, 1.0244548320770264e-08, 1, -2.2118913367563664e-09, -2.8870999813079834e-08, 8.614734703371596e-09, 1, -2.6135239750146866e-08, 2.8871003365793513e-08, 3.5244742235818194e-08, 1),
            ["RightUpperLeg"] = CFrame.new(0, 0, 0, 0.999370276927948, -0.01359281875193119, -0.03277700021862984, 0.011210181750357151, 0.9973552823066711, -0.07181104272603989, 0.033666424453258514, 0.07139826565980911, 0.9968795776367188),
            ["LeftUpperLeg"] = CFrame.new(0, 0, 0, 0.9993702173233032, 0.013589701615273952, 0.0327785462141037, -0.01120826043188572, 0.9973580837249756, -0.07177245616912842, -0.03366731107234955, 0.07135985791683197, 0.9968823790550232),
            ["RightLowerLeg"] = CFrame.new(-6.193295121192932e-08, -0.0007264018058776855, 0.00004605932190315798, 1, 2.0721937943335433e-08, -2.7939686120248552e-09, -1.862644971595273e-08, 0.9909138679504395, 0.13449864089488983, 4.656612428988183e-09, -0.13449856638908386, 0.9909138679504395),
            ["RightFoot"] = CFrame.new(4.216167326376308e-08, 5.960464477539063e-08, -3.4415279515087605e-09, 0.9985015392303467, 0.011210174299776554, -0.05356258898973465, -0.014545884914696217, 0.9979515671730042, -0.062298648059368134, 0.052754517644643784, 0.0629843920469284, 0.9966192841529846),
            ["LeftLowerLeg"] = CFrame.new(-1.6298145055770874e-09, -0.0007265806198120117, 0.00008099712431430817, 1, 9.080395990679335e-09, -8.381904947896146e-09, -1.187436460270419e-08, 0.9909248352050781, 0.13441790640354156, 5.878974640438628e-09, -0.13441787660121918, 0.9909247756004333),
        }},
        {Time = 0.033, Data = {
            ["LeftFoot"] = CFrame.new(1.436410990152126e-08, 0, 2.143391242270809e-09, 0.998501718044281, -0.01120828092098236, 0.053561605513095856, 0.014541682787239552, 0.9979543089866638, -0.062256086617708206, -0.05275426805019379, 0.06294167786836624, 0.9966219663619995),
            ["LeftLowerArm"] = CFrame.new(0, -1.1920928955078125e-07, 0.000004269648343324661, 1, 3.259629011154175e-09, 1.2107191693644381e-08, 1.3969838619232178e-08, 1, 2.316664549084635e-08, -1.909211277961731e-08, -8.731149137020111e-09, 1),
            ["LowerTorso"] = CFrame.new(0, -0.00342559814453125, 0, 1, 0, 0, 0, 1, 0, 0, 0, 1),
            ["Head"] = CFrame.new(0, 0, -5.293955920339377e-23, 1, 0.00007040606578812003, 1.0666215089980002e-12, -0.00007040606578812003, 1, -1.1920927533992653e-07, -9.43125612329343e-12, -3.3300936208669287e-16, 1),
            ["RightUpperArm"] = CFrame.new(-0.003071308135986328, -0.04612326622009277, 1.6712934369778054e-09, 0.9899716973304749, -0.1399562656879425, 0.01919606141746044, 0.14124085009098053, 0.9780176281929016, -0.15340381860733032, 0.0026957402005791664, 0.15457668900489807, 0.9879772067070007),
            ["UpperTorso"] = CFrame.new(0, 0, 0, 1, -0.00007040606578812003, -9.459677832723834e-12, 0.00007040606578812003, 1, -3.3300936208669287e-16, 9.459677832723834e-12, -3.3300936208669287e-16, 1),
            ["HumanoidRootPart"] = CFrame.new(0, 0, 0, 1, 0, 0, 0, 1, 0, 0, 0, 1),
            ["RightHand"] = CFrame.new(2.153683453798294e-07, -1.1920928955078125e-07, -3.3527612686157227e-08, 1, 3.2887332857001184e-09, 1.3969840839678227e-09, -1.1845258995890617e-08, 1, 2.3283067140944524e-10, 2.3283064365386963e-10, 9.31322685637781e-10, 1),
            ["LeftUpperArm"] = CFrame.new(0.004760622978210449, -0.06907713413238525, -6.18997630930096e-10, 0.9906186461448669, 0.13657844066619873, 0.004607557784765959, -0.13288843631744385, 0.9706212282180786, -0.20058687031269073, -0.031868044286966324, 0.19809278845787048, 0.9796651005744934),
            ["RightLowerArm"] = CFrame.new(5.960464477539063e-08, -4.76837158203125e-07, -0.00000422261655330658, 1, -0.0000199951755348593, -6.984920419839113e-10, 0.00002000091080844868, 1, -6.2864282668329e-09, -1.3969840839678227e-09, -1.3969838619232178e-08, 1),
            ["LeftHand"] = CFrame.new(-1.9837170839309692e-07, -1.7881393432617188e-07, -6.612390279769897e-08, 1, 1.4901162970204496e-08, -3.213062527152033e-08, 2.0489096641540527e-08, 1, -1.0943039363553453e-08, 2.8870999813079834e-08, 2.3632313883581446e-08, 1),
            ["RightUpperLeg"] = CFrame.new(0, 0, 0, 0.999370276927948, -0.01359281875193119, -0.03277700021862984, 0.011210181750357151, 0.9973552823066711, -0.07181104272603989, 0.033666424453258514, 0.07139826565980911, 0.9968795776367188),
            ["LeftUpperLeg"] = CFrame.new(0, 0, 0, 0.9993702173233032, 0.013589701615273952, 0.0327785462141037, -0.01120826043188572, 0.9973580837249756, -0.07177245616912842, -0.03366731107234955, 0.07135985791683197, 0.9968823790550232),
            ["RightLowerLeg"] = CFrame.new(-6.193295121192932e-08, -0.0007264018058776855, 0.00004605932190315798, 1, 2.0721937943335433e-08, -2.7939686120248552e-09, -1.862644971595273e-08, 0.9909138679504395, 0.13449864089488983, 4.656612428988183e-09, -0.13449856638908386, 0.9909138679504395),
            ["RightFoot"] = CFrame.new(4.216167326376308e-08, 5.960464477539063e-08, -3.4415279515087605e-09, 0.9985015392303467, 0.011210174299776554, -0.05356258898973465, -0.014545884914696217, 0.9979515671730042, -0.062298648059368134, 0.052754517644643784, 0.0629843920469284, 0.9966192841529846),
            ["LeftLowerLeg"] = CFrame.new(-1.6298145055770874e-09, -0.0007265806198120117, 0.00008099712431430817, 1, 9.080395990679335e-09, -8.381904947896146e-09, -1.187436460270419e-08, 0.9909248352050781, 0.13441790640354156, 5.878974640438628e-09, -0.13441787660121918, 0.9909247756004333),
        }},
        {Time = 0.050, Data = {
            ["LeftFoot"] = CFrame.new(1.436410990152126e-08, 0, 2.143391242270809e-09, 0.998501718044281, -0.01120828092098236, 0.053561605513095856, 0.014541682787239552, 0.9979543089866638, -0.062256086617708206, -0.05275426805019379, 0.06294167786836624, 0.9966219663619995),
            ["LeftLowerArm"] = CFrame.new(-2.086162567138672e-07, 2.980232238769531e-07, 0.00000425335019826889, 1, 0, 1.7695128917694092e-08, -3.7252898543727042e-09, 1, 6.6356733441352844e-09, -1.6763804566721774e-08, 3.294553607702255e-08, 1),
            ["LowerTorso"] = CFrame.new(0, -0.00342559814453125, 0, 1, 0, 0, 0, 1, 0, 0, 0, 1),
            ["Head"] = CFrame.new(0, 0, 0, 1, 0.00010560909868218005, 1.5999326429677607e-12, -0.00010560909868218005, 1, -1.1920927533992653e-07, -1.4161095039655347e-11, -7.492710514601692e-16, 1),
            ["RightUpperArm"] = CFrame.new(-0.004607081413269043, -0.06918478012084961, 2.5069404330224643e-09, 0.9757952690124512, -0.21515682339668274, 0.03913043439388275, 0.2182561755180359, 0.9469437003135681, -0.23592771589756012, 0.013707135803997517, 0.23875756561756134, 0.970982551574707),
            ["UpperTorso"] = CFrame.new(0, 0, 0, 1, -0.00010560909868218005, -1.4189516749085751e-11, 0.00010560909868218005, 1, -7.492710514601692e-16, 1.4189516749085751e-11, -7.492710514601692e-16, 1),
            ["HumanoidRootPart"] = CFrame.new(0, 0, 0, 1, 0, 0, 0, 1, 0, 0, 0, 1),
            ["RightHand"] = CFrame.new(1.1688098311424255e-07, 1.1920928955078125e-07, 2.9802322387695312e-08, 1, 3.026798367500305e-09, -2.7939672797572257e-09, 3.4924596548080444e-09, 1, -5.587934559514451e-09, -1.862645149230957e-09, 9.313225746154785e-09, 1),
            ["LeftUpperArm"] = CFrame.new(0.0071408748626708984, -0.10361576080322266, -9.284963908839927e-10, 0.9771210551261902, 0.21262380480766296, -0.005074348300695419, -0.20362594723701477, 0.9283493757247925, -0.31097254157066345, -0.061409398913383484, 0.30489104986190796, 0.9504053592681885),
            ["RightLowerArm"] = CFrame.new(1.1920928955078125e-07, -1.7881393432617188e-07, -0.000004179775714874268, 1, -0.000020001314624096267, 1.862645149230957e-09, 0.000020005041733384132, 1, 0, 2.7939677238464355e-09, 9.313224857976365e-09, 1),
            ["LeftHand"] = CFrame.new(-2.0489096641540527e-07, 0, -2.1420419216156006e-08, 1, 1.1175872671742582e-08, -3.632158041000366e-08, -1.1175870895385742e-08, 1, -3.4924596548080444e-10, 3.585591912269592e-08, 3.55066767099288e-08, 1),
            ["RightUpperLeg"] = CFrame.new(0, 0, 0, 0.999370276927948, -0.01359281875193119, -0.03277700021862984, 0.011210181750357151, 0.9973552823066711, -0.07181104272603989, 0.033666424453258514, 0.07139826565980911, 0.9968795776367188),
            ["LeftUpperLeg"] = CFrame.new(0, 0, 0, 0.9993702173233032, 0.013589701615273952, 0.0327785462141037, -0.01120826043188572, 0.9973580837249756, -0.07177245616912842, -0.03366731107234955, 0.07135985791683197, 0.9968823790550232),
            ["RightLowerLeg"] = CFrame.new(-6.193295121192932e-08, -0.0007264018058776855, 0.00004605932190315798, 1, 2.0721937943335433e-08, -2.7939686120248552e-09, -1.862644971595273e-08, 0.9909138679504395, 0.13449864089488983, 4.656612428988183e-09, -0.13449856638908386, 0.9909138679504395),
            ["RightFoot"] = CFrame.new(4.216167326376308e-08, 5.960464477539063e-08, -3.4415279515087605e-09, 0.9985015392303467, 0.011210174299776554, -0.05356258898973465, -0.014545884914696217, 0.9979515671730042, -0.062298648059368134, 0.052754517644643784, 0.0629843920469284, 0.9966192841529846),
            ["LeftLowerLeg"] = CFrame.new(-1.6298145055770874e-09, -0.0007265806198120117, 0.00008099712431430817, 1, 9.080395990679335e-09, -8.381904947896146e-09, -1.187436460270419e-08, 0.9909248352050781, 0.13441790640354156, 5.878974640438628e-09, -0.13441787660121918, 0.9909247756004333),
        }},
        {Time = 0.067, Data = {
            ["LeftFoot"] = CFrame.new(1.436410990152126e-08, 0, 2.143391242270809e-09, 0.998501718044281, -0.01120828092098236, 0.053561605513095856, 0.014541682787239552, 0.9979543089866638, -0.062256086617708206, -0.05275426805019379, 0.06294167786836624, 0.9966219663619995),
            ["LeftLowerArm"] = CFrame.new(1.7881393432617188e-07, 2.980232238769531e-07, 0.000004187226295471191, 1, -1.1175870895385742e-08, 9.313225746154785e-09, -1.862645149230957e-08, 1, 6.05359673500061e-09, -7.450580596923828e-09, 2.7939677238464355e-09, 1),
            ["LowerTorso"] = CFrame.new(0, -0.00342559814453125, 0, 1, 0, 0, 0, 1, 0, 0, 0, 1),
            ["Head"] = CFrame.new(0, 0, 0, 1, 0.0001408121461281553, 2.1332430179960005e-12, -0.0001408121461281553, 1, -1.1920927533992653e-07, -1.889093569074074e-11, -1.3320376601050083e-15, 1),
            ["RightUpperArm"] = CFrame.new(-0.006142735481262207, -0.09224629402160645, 3.3425870960002158e-09, 0.9540738463401794, -0.2918878495693207, 0.06741424649953842, 0.29776641726493835, 0.8993327617645264, -0.32021215558052063, 0.032838188111782074, 0.3255797028541565, 0.9449442028999329),
            ["UpperTorso"] = CFrame.new(0, 0, 0, 1, -0.0001408121461281553, -1.8919357400171144e-11, 0.0001408121461281553, 1, -1.3320376601050083e-15, 1.8919357400171144e-11, -1.3320376601050083e-15, 1),
            ["HumanoidRootPart"] = CFrame.new(0, 0, 0, 1, 0, 0, 0, 1, 0, 0, 0, 1),
            ["RightHand"] = CFrame.new(-5.587935447692871e-08, -1.1920928955078125e-07, -5.960464477539063e-08, 1, 2.7008351111135198e-08, -1.862645149230957e-09, -4.6566128730773926e-09, 1, 1.6763806343078613e-08, -9.313225746154785e-09, -1.1175869119028903e-08, 1),
            ["LeftUpperArm"] = CFrame.new(0.009521186351776123, -0.13815438747406006, -1.2379951508378895e-09, 0.9562379121780396, 0.29149413108825684, -0.02530614472925663, -0.2742856442928314, 0.8629434108734131, -0.42437735199928284, -0.10186576098203659, 0.412746787071228, 0.9051317572593689),
            ["RightLowerArm"] = CFrame.new(-1.1920928955078125e-07, -3.5762786865234375e-07, -0.000004373490810394287, 1, -0.000020005742044304498, 3.725290742551124e-09, 0.000019985251128673553, 1, 2.6077035641947077e-08, -7.450580596923828e-09, 2.0489098417897367e-08, 1),
            ["LeftHand"] = CFrame.new(1.5273690223693848e-07, 5.960464477539063e-08, 1.0058283805847168e-07, 1, -3.725290742551124e-09, -2.2351741790771484e-08, 0, 1, -3.3527612686157227e-08, 5.2154071283894154e-08, 6.9849201977945086e-09, 1),
            ["RightUpperLeg"] = CFrame.new(0, 0, 0, 0.999370276927948, -0.01359281875193119, -0.03277700021862984, 0.011210181750357151, 0.9973552823066711, -0.07181104272603989, 0.033666424453258514, 0.07139826565980911, 0.9968795776367188),
            ["LeftUpperLeg"] = CFrame.new(0, 0, 0, 0.9993702173233032, 0.013589701615273952, 0.0327785462141037, -0.01120826043188572, 0.9973580837249756, -0.07177245616912842, -0.03366731107234955, 0.07135985791683197, 0.9968823790550232),
            ["RightLowerLeg"] = CFrame.new(-6.193295121192932e-08, -0.0007264018058776855, 0.00004605932190315798, 1, 2.0721937943335433e-08, -2.7939686120248552e-09, -1.862644971595273e-08, 0.9909138679504395, 0.13449864089488983, 4.656612428988183e-09, -0.13449856638908386, 0.9909138679504395),
            ["RightFoot"] = CFrame.new(4.216167326376308e-08, 5.960464477539063e-08, -3.4415279515087605e-09, 0.9985015392303467, 0.011210174299776554, -0.05356258898973465, -0.014545884914696217, 0.9979515671730042, -0.062298648059368134, 0.052754517644643784, 0.0629843920469284, 0.9966192841529846),
            ["LeftLowerLeg"] = CFrame.new(-1.6298145055770874e-09, -0.0007265806198120117, 0.00008099712431430817, 1, 9.080395990679335e-09, -8.381904947896146e-09, -1.187436460270419e-08, 0.9909248352050781, 0.13441790640354156, 5.878974640438628e-09, -0.13441787660121918, 0.9909247756004333),
        }},
        {Time = 0.083, Data = {
            ["LeftFoot"] = CFrame.new(1.436410990152126e-08, 0, 2.143391242270809e-09, 0.998501718044281, -0.01120828092098236, 0.053561605513095856, 0.014541682787239552, 0.9979543089866638, -0.062256086617708206, -0.05275426805019379, 0.06294167786836624, 0.9966219663619995),
            ["LeftLowerArm"] = CFrame.new(8.940696716308594e-08, 2.980232238769531e-07, 0.00000416487455368042, 1, -1.4901161193847656e-08, 2.980232594040899e-08, -3.725290298461914e-08, 1, 1.3038517820973539e-08, -1.1175870895385742e-08, -3.91155481338501e-08, 1),
            ["LowerTorso"] = CFrame.new(0, -0.00342559814453125, 0, 1, 0, 0, 0, 1, 0, 0, 0, 1),
            ["Head"] = CFrame.new(0, 0, 8.470329472543003e-22, 1, 0.0001760151790222153, 2.666555995109454e-12, -0.0001760151790222153, 1, -1.1920927533992653e-07, -2.3620775474464395e-11, -2.081308817444296e-15, 1),
            ["RightUpperArm"] = CFrame.new(-0.007678389549255371, -0.11530804634094238, 4.178234203067177e-09, 0.9239054918289185, -0.3679584562778473, 0.10490617901086807, 0.37769508361816406, 0.8332088589668274, -0.403868168592453, 0.061197951436042786, 0.4127585291862488, 0.9087822437286377),
            ["UpperTorso"] = CFrame.new(0, 0, 0, 1, -0.0001760151790222153, -2.36491971838948e-11, 0.0001760151790222153, 1, -2.081308817444296e-15, 2.36491971838948e-11, -2.081308817444296e-15, 1),
            ["HumanoidRootPart"] = CFrame.new(0, 0, 0, 1, 0, 0, 0, 1, 0, 0, 0, 1),
            ["RightHand"] = CFrame.new(-1.1175870895385742e-08, -5.960464477539063e-08, 4.470348358154297e-08, 1, 1.862645149230957e-09, 0, 2.7939677238464355e-08, 1, -2.60770320892334e-08, -1.1175870895385742e-08, -2.60770320892334e-08, 1),
            ["LeftUpperArm"] = CFrame.new(0.011901557445526123, -0.17269301414489746, -1.5474940218140887e-09, 0.927133321762085, 0.3702595829963684, -0.05772215127944946, -0.3416101336479187, 0.7717821002006531, -0.5363346338272095, -0.15403415262699127, 0.5169721245765686, 0.8420292735099792),
            ["RightLowerArm"] = CFrame.new(8.940696716308594e-08, -5.960464477539062e-07, -0.000004246830940246582, 1, -0.00002000853419303894, 7.4505797087454084e-09, 0.00002004392445087433, 1, 7.4505797087454084e-09, 1.4901161193847656e-08, 2.9802322387695312e-08, 1),
            ["LeftHand"] = CFrame.new(3.725290298461914e-08, 0, 5.21540641784668e-08, 1, -7.450581485102248e-09, -4.4703490686970326e-08, -1.4901161193847656e-08, 1, 3.166497108963995e-08, 7.82310962677002e-08, -3.166497108963995e-08, 1),
            ["RightUpperLeg"] = CFrame.new(0, 0, 0, 0.999370276927948, -0.01359281875193119, -0.03277700021862984, 0.011210181750357151, 0.9973552823066711, -0.07181104272603989, 0.033666424453258514, 0.07139826565980911, 0.9968795776367188),
            ["LeftUpperLeg"] = CFrame.new(0, 0, 0, 0.9993702173233032, 0.013589701615273952, 0.0327785462141037, -0.01120826043188572, 0.9973580837249756, -0.07177245616912842, -0.03366731107234955, 0.07135985791683197, 0.9968823790550232),
            ["RightLowerLeg"] = CFrame.new(-6.193295121192932e-08, -0.0007264018058776855, 0.00004605932190315798, 1, 2.0721937943335433e-08, -2.7939686120248552e-09, -1.862644971595273e-08, 0.9909138679504395, 0.13449864089488983, 4.656612428988183e-09, -0.13449856638908386, 0.9909138679504395),
            ["RightFoot"] = CFrame.new(4.216167326376308e-08, 5.960464477539063e-08, -3.4415279515087605e-09, 0.9985015392303467, 0.011210174299776554, -0.05356258898973465, -0.014545884914696217, 0.9979515671730042, -0.062298648059368134, 0.052754517644643784, 0.0629843920469284, 0.9966192841529846),
            ["LeftLowerLeg"] = CFrame.new(-1.6298145055770874e-09, -0.0007265806198120117, 0.00008099712431430817, 1, 9.080395990679335e-09, -8.381904947896146e-09, -1.187436460270419e-08, 0.9909248352050781, 0.13441790640354156, 5.878974640438628e-09, -0.13441787660121918, 0.9909247756004333),
        }},
        {Time = 0.100, Data = {
            ["LeftFoot"] = CFrame.new(1.436410990152126e-08, 0, 2.143391242270809e-09, 0.998501718044281, -0.01120828092098236, 0.053561605513095856, 0.014541682787239552, 0.9979543089866638, -0.062256086617708206, -0.05275426805019379, 0.06294167786836624, 0.9966219663619995),
            ["LeftLowerArm"] = CFrame.new(0, 0, 0.0000041425228118896484, 1, -1.4901161193847656e-08, 7.450580596923828e-09, 1.4901161193847656e-08, 1, 1.4901161193847656e-08, 7.450580596923828e-09, -1.862645149230957e-08, 1),
            ["LowerTorso"] = CFrame.new(0, -0.00342559814453125, 0, 1, 0, 0, 0, 1, 0, 0, 0, 1),
            ["Head"] = CFrame.new(0, 1.1920928955078125e-07, 4.235164736271502e-22, 1, 0.00021121822646819055, 3.1998652859355214e-12, -0.00021121822646819055, 1, -1.1920927533992653e-07, -2.835061525818805e-11, -2.997084841115387e-15, 1),
            ["RightUpperArm"] = CFrame.new(-0.009214043617248535, -0.13836967945098877, 5.0138808660449286e-09, 0.8847217559814453, -0.4406167268753052, 0.15206699073314667, 0.45536160469055176, 0.7473272681236267, -0.4838883578777313, 0.09956545382738113, 0.4973519444465637, 0.8618166446685791),
            ["UpperTorso"] = CFrame.new(0, 0, 0, 1, -0.00021121822646819055, -2.8379036967618454e-11, 0.00021121822646819055, 1, -2.997084841115387e-15, 2.8379036967618454e-11, -2.997084841115387e-15, 1),
            ["HumanoidRootPart"] = CFrame.new(0, 0, 0, 1, 0, 0, 0, 1, 0, 0, 0, 1),
            ["RightHand"] = CFrame.new(1.862645149230957e-07, -3.5762786865234375e-07, 2.086162567138672e-07, 1, 7.450580596923828e-09, 0, 2.2351741790771484e-08, 1, 0, 7.450580596923828e-09, -2.2351741790771484e-08, 1),
            ["LeftUpperArm"] = CFrame.new(0.014281809329986572, -0.20723140239715576, -1.856992448701078e-09, 0.8895068764686584, 0.44509539008140564, -0.10328512638807297, -0.40165796875953674, 0.6539216637611389, -0.6411375403404236, -0.21782700717449188, 0.6117815971374512, 0.7604438066482544),
            ["RightLowerArm"] = CFrame.new(-5.960464477539063e-08, 1.1920928955078125e-07, -0.00000426173210144043, 1, -0.000020030885934829712, -2.2351745343485163e-08, 0.000020004810721729882, 1, -4.4703490686970326e-08, -7.450581485102248e-09, -1.4901161193847656e-08, 1),
            ["LeftHand"] = CFrame.new(-1.4901161193847656e-08, 0, -1.1920928955078125e-07, 1, 0, -4.470348358154297e-08, 4.470348358154297e-08, 1, 6.332993507385254e-08, 4.470348358154297e-08, -3.725290653733282e-08, 1),
            ["RightUpperLeg"] = CFrame.new(0, 0, 0, 0.999370276927948, -0.01359281875193119, -0.03277700021862984, 0.011210181750357151, 0.9973552823066711, -0.07181104272603989, 0.033666424453258514, 0.07139826565980911, 0.9968795776367188),
            ["LeftUpperLeg"] = CFrame.new(0, 0, 0, 0.9993702173233032, 0.013589701615273952, 0.0327785462141037, -0.01120826043188572, 0.9973580837249756, -0.07177245616912842, -0.03366731107234955, 0.07135985791683197, 0.9968823790550232),
            ["RightLowerLeg"] = CFrame.new(-6.193295121192932e-08, -0.0007264018058776855, 0.00004605932190315798, 1, 2.0721937943335433e-08, -2.7939686120248552e-09, -1.862644971595273e-08, 0.9909138679504395, 0.13449864089488983, 4.656612428988183e-09, -0.13449856638908386, 0.9909138679504395),
            ["RightFoot"] = CFrame.new(4.216167326376308e-08, 5.960464477539063e-08, -3.4415279515087605e-09, 0.9985015392303467, 0.011210174299776554, -0.05356258898973465, -0.014545884914696217, 0.9979515671730042, -0.062298648059368134, 0.052754517644643784, 0.0629843920469284, 0.9966192841529846),
            ["LeftLowerLeg"] = CFrame.new(-1.6298145055770874e-09, -0.0007265806198120117, 0.00008099712431430817, 1, 9.080395990679335e-09, -8.381904947896146e-09, -1.187436460270419e-08, 0.9909248352050781, 0.13441790640354156, 5.878974640438628e-09, -0.13441787660121918, 0.9909247756004333),
        }},
        {Time = 0.117, Data = {
            ["LeftFoot"] = CFrame.new(1.436410990152126e-08, 0, 2.143391242270809e-09, 0.998501718044281, -0.01120828092098236, 0.053561605513095856, 0.014541682787239552, 0.9979543089866638, -0.062256086617708206, -0.05275426805019379, 0.06294167786836624, 0.9966219663619995),
            ["LeftLowerArm"] = CFrame.new(2.384185791015625e-07, 2.980232238769531e-07, 0.000004336237907409668, 1, -4.470348358154297e-08, 0, 0, 1, -2.9802322387695312e-08, 2.9802322387695312e-08, -2.9802322387695312e-08, 1),
            ["LowerTorso"] = CFrame.new(0, -0.00342559814453125, 0, 1, 0, 0, 0, 1, 0, 0, 0, 1),
            ["Head"] = CFrame.new(2.9103830456733704e-11, 1.1920928955078125e-07, -2.117582368135751e-21, 1, 0.000246421288466081, 3.733169589431595e-12, -0.000246421288466081, 1, -1.1920927533992653e-07, -3.308045157246475e-11, -4.0793661546347556e-15, 1),
            ["RightUpperArm"] = CFrame.new(-0.01074981689453125, -0.1614314317703247, 5.84952708493347e-09, 0.8364665508270264, -0.5066932439804077, 0.208772212266922, 0.5276026129722595, 0.64156574010849, -0.5568023920059204, 0.14818692207336426, 0.5758953094482422, 0.8039810061454773),
            ["UpperTorso"] = CFrame.new(0, 0, 0, 1, -0.000246421288466081, -3.310887328189516e-11, 0.000246421288466081, 1, -4.079365307601808e-15, 3.310887675134211e-11, -4.079365731118282e-15, 1),
            ["HumanoidRootPart"] = CFrame.new(0, 0, 0, 1, 0, 0, 0, 1, 0, 0, 0, 1),
            ["RightHand"] = CFrame.new(2.3096799850463867e-07, 3.5762786865234375e-07, -5.960464477539063e-08, 1, 3.725290298461914e-08, -1.4901159417490817e-08, 5.2154071283894154e-08, 1, -2.2351738238057806e-08, 1.4901162970204496e-08, 3.725290298461914e-08, 1),
            ["LeftUpperArm"] = CFrame.new(0.016662120819091797, -0.24177002906799316, -2.1664916527441846e-09, 0.8438365459442139, 0.5115990042686462, -0.16188408434391022, -0.45021578669548035, 0.5108551979064941, -0.7323473691940308, -0.2919688820838928, 0.6908642649650574, 0.6614083051681519),
            ["RightLowerArm"] = CFrame.new(-2.086162567138672e-07, -4.76837158203125e-07, -0.000004351139068603516, 1, -0.000019952654838562012, -4.470348358154297e-08, 0.000020019710063934326, 1, 7.450580596923828e-09, -2.2351741790771484e-08, -2.2351741790771484e-08, 1),
            ["LeftHand"] = CFrame.new(1.1920928955078125e-07, -1.7881393432617188e-07, 0, 1, -4.4703490686970326e-08, -5.960464477539063e-08, -2.980232594040899e-08, 1, -2.2351741790771484e-08, 8.940698137394065e-08, 1.4901162970204496e-08, 1),
            ["RightUpperLeg"] = CFrame.new(0, 0, 0, 0.999370276927948, -0.01359281875193119, -0.03277700021862984, 0.011210181750357151, 0.9973552823066711, -0.07181104272603989, 0.033666424453258514, 0.07139826565980911, 0.9968795776367188),
            ["LeftUpperLeg"] = CFrame.new(0, 0, 0, 0.9993702173233032, 0.013589701615273952, 0.0327785462141037, -0.01120826043188572, 0.9973580837249756, -0.07177245616912842, -0.03366731107234955, 0.07135985791683197, 0.9968823790550232),
            ["RightLowerLeg"] = CFrame.new(-6.193295121192932e-08, -0.0007264018058776855, 0.00004605932190315798, 1, 2.0721937943335433e-08, -2.7939686120248552e-09, -1.862644971595273e-08, 0.9909138679504395, 0.13449864089488983, 4.656612428988183e-09, -0.13449856638908386, 0.9909138679504395),
            ["RightFoot"] = CFrame.new(4.216167326376308e-08, 5.960464477539063e-08, -3.4415279515087605e-09, 0.9985015392303467, 0.011210174299776554, -0.05356258898973465, -0.014545884914696217, 0.9979515671730042, -0.062298648059368134, 0.052754517644643784, 0.0629843920469284, 0.9966192841529846),
            ["LeftLowerLeg"] = CFrame.new(-1.6298145055770874e-09, -0.0007265806198120117, 0.00008099712431430817, 1, 9.080395990679335e-09, -8.381904947896146e-09, -1.187436460270419e-08, 0.9909248352050781, 0.13441790640354156, 5.878974640438628e-09, -0.13441787660121918, 0.9909247756004333),
        }},
        {Time = 0.133, Data = {
            ["LeftFoot"] = CFrame.new(1.436410990152126e-08, 0, 2.143391242270809e-09, 0.998501718044281, -0.01120828092098236, 0.053561605513095856, 0.014541682787239552, 0.9979543089866638, -0.062256086617708206, -0.05275426805019379, 0.06294167786836624, 0.9966219663619995),
            ["LeftLowerArm"] = CFrame.new(-5.960464477539063e-08, 3.5762786865234375e-07, 0.0000044405460357666016, 1, 0, 5.960464477539063e-08, 0, 1, 0, -1.4901162970204496e-08, 2.9802322387695312e-08, 1),
            ["LowerTorso"] = CFrame.new(0, -0.00342559814453125, 0, 1, 0, 0, 0, 1, 0, 0, 0, 1),
            ["Head"] = CFrame.new(5.820766091346741e-11, 1.1920928955078125e-07, -1.6940658945086007e-21, 1, 0.00028162432136014104, 4.266482566545049e-12, -0.00028162432136014104, 1, -1.1920927533992653e-07, -3.7810293090911884e-11, -5.3281514874529805e-15, 1),
            ["RightUpperArm"] = CFrame.new(-0.012285470962524414, -0.1844930648803711, 6.6851741920004315e-09, 0.7797450423240662, -0.5628778338432312, 0.2741647958755493, 0.5910292267799377, 0.5172524452209473, -0.6189785003662109, 0.20659680664539337, 0.6446848511695862, 0.7360022068023682),
            ["UpperTorso"] = CFrame.new(0, 0, 0, 1, -0.00028162432136014104, -3.783871480034229e-11, 0.00028162432136014104, 1, -5.328150640420033e-15, 3.783871826978924e-11, -5.328151063936507e-15, 1),
            ["HumanoidRootPart"] = CFrame.new(0, 0, 0, 1, 0, 0, 0, 1, 0, 0, 0, 1),
            ["RightHand"] = CFrame.new(-1.341104507446289e-07, -1.7881393432617188e-07, 0, 1, 0, 1.4901161193847656e-08, -4.470347647611561e-08, 1, -2.9802322387695312e-08, 0, -2.9802322387695312e-08, 1),
            ["LeftUpperArm"] = CFrame.new(0.01904243230819702, -0.27630865573883057, -2.475990301675779e-09, 0.7915162444114685, 0.5653801560401917, -0.2320505827665329, -0.4834422767162323, 0.3469460904598236, -0.8036866188049316, -0.37387940287590027, 0.7483139634132385, 0.5479421019554138),
            ["RightLowerArm"] = CFrame.new(-8.940696716308594e-08, -4.172325134277344e-07, -0.0000039637088775634766, 1, -0.000020012257664348, -1.4901161193847656e-08, 0.000019952654838562012, 1, -2.9802322387695312e-08, 1.4901161193847656e-08, 0, 1),
            ["LeftHand"] = CFrame.new(5.960464477539063e-08, 0, -1.1920928955078125e-07, 1, 1.4901164746561335e-08, -5.960464477539063e-08, 0, 1, 2.9802322387695312e-08, 1.4901162970204496e-08, 4.4703494239684005e-08, 1),
            ["RightUpperLeg"] = CFrame.new(0, 0, 0, 0.999370276927948, -0.01359281875193119, -0.03277700021862984, 0.011210181750357151, 0.9973552823066711, -0.07181104272603989, 0.033666424453258514, 0.07139826565980911, 0.9968795776367188),
            ["LeftUpperLeg"] = CFrame.new(0, 0, 0, 0.9993702173233032, 0.013589701615273952, 0.0327785462141037, -0.01120826043188572, 0.9973580837249756, -0.07177245616912842, -0.03366731107234955, 0.07135985791683197, 0.9968823790550232),
            ["RightLowerLeg"] = CFrame.new(-6.193295121192932e-08, -0.0007264018058776855, 0.00004605932190315798, 1, 2.0721937943335433e-08, -2.7939686120248552e-09, -1.862644971595273e-08, 0.9909138679504395, 0.13449864089488983, 4.656612428988183e-09, -0.13449856638908386, 0.9909138679504395),
            ["RightFoot"] = CFrame.new(4.216167326376308e-08, 5.960464477539063e-08, -3.4415279515087605e-09, 0.9985015392303467, 0.011210174299776554, -0.05356258898973465, -0.014545884914696217, 0.9979515671730042, -0.062298648059368134, 0.052754517644643784, 0.0629843920469284, 0.9966192841529846),
            ["LeftLowerLeg"] = CFrame.new(-1.6298145055770874e-09, -0.0007265806198120117, 0.00008099712431430817, 1, 9.080395990679335e-09, -8.381904947896146e-09, -1.187436460270419e-08, 0.9909248352050781, 0.13441790640354156, 5.878974640438628e-09, -0.13441787660121918, 0.9909247756004333),
        }},
        {Time = 0.150, Data = {
            ["LeftFoot"] = CFrame.new(1.436410990152126e-08, 0, 2.143391242270809e-09, 0.998501718044281, -0.01120828092098236, 0.053561605513095856, 0.014541682787239552, 0.9979543089866638, -0.062256086617708206, -0.05275426805019379, 0.06294167786836624, 0.9966219663619995),
            ["LeftLowerArm"] = CFrame.new(0, 2.980232238769531e-07, 0.000004410743713378906, 1, 4.4703490686970326e-08, -2.9802322387695312e-08, 3.725290298461914e-08, 1, -1.4901161193847656e-08, 1.4901161193847656e-08, 1.4901162970204496e-08, 1),
            ["LowerTorso"] = CFrame.new(0, -0.00342559814453125, 0, 1, 0, 0, 0, 1, 0, 0, 0, 1),
            ["Head"] = CFrame.new(1.1641532182693481e-10, -1.1920928955078125e-07, 8.470329472543003e-22, 0.9999999403953552, 0.0003168273251503706, 4.799795543658503e-12, -0.0003168273251503706, 0.9999999403953552, -1.1920927533992653e-07, -4.254013113991206e-11, -6.743440627811825e-15, 1),
            ["RightUpperArm"] = CFrame.new(-0.013821184635162354, -0.20755457878112793, 7.520822187245813e-09, 0.7158956527709961, -0.6061038970947266, 0.34659984707832336, 0.642402708530426, 0.37732169032096863, -0.6670435070991516, 0.27351808547973633, 0.7001903057098389, 0.6594857573509216),
            ["UpperTorso"] = CFrame.new(0, 0, 0, 0.9999999403953552, -0.0003168273251503706, -4.256855284934247e-11, 0.0003168273251503706, 0.9999999403953552, -6.743440204295351e-15, 4.256855284934247e-11, -6.743440204295351e-15, 1),
            ["HumanoidRootPart"] = CFrame.new(0, 0, 0, 1, 0, 0, 0, 1, 0, 0, 0, 1),
            ["RightHand"] = CFrame.new(-1.341104507446289e-07, -5.960464477539063e-08, 2.384185791015625e-07, 1, 0, 1.4901161193847656e-08, 0, 1, -1.4901161193847656e-08, -1.4901161193847656e-08, -2.9802322387695312e-08, 1),
            ["LeftUpperArm"] = CFrame.new(0.02142280340194702, -0.3108471632003784, -2.785489394696583e-09, 0.7347968816757202, 0.602816641330719, -0.310943067073822, -0.4986010491847992, 0.1692427545785904, -0.850149393081665, -0.45985931158065796, 0.7797236442565918, 0.42492398619651794),
            ["RightLowerArm"] = CFrame.new(5.960464477539063e-08, -3.5762786865234375e-07, -0.000004038214683532715, 1, -0.000019952654838562012, 0, 0.000019997358322143555, 1, 0, 1.4901161193847656e-08, 0, 1),
            ["LeftHand"] = CFrame.new(-3.8743019104003906e-07, -1.7881393432617188e-07, -4.470348358154297e-07, 1, 1.4901164746561335e-08, -8.940698137394065e-08, 4.4703490686970326e-08, 1, -4.4703490686970326e-08, 1.4901162970204496e-08, 5.960465898624534e-08, 1),
            ["RightUpperLeg"] = CFrame.new(0, 0, 0, 0.999370276927948, -0.01359281875193119, -0.03277700021862984, 0.011210181750357151, 0.9973552823066711, -0.07181104272603989, 0.033666424453258514, 0.07139826565980911, 0.9968795776367188),
            ["LeftUpperLeg"] = CFrame.new(0, 0, 0, 0.9993702173233032, 0.013589701615273952, 0.0327785462141037, -0.01120826043188572, 0.9973580837249756, -0.07177245616912842, -0.03366731107234955, 0.07135985791683197, 0.9968823790550232),
            ["RightLowerLeg"] = CFrame.new(-6.193295121192932e-08, -0.0007264018058776855, 0.00004605932190315798, 1, 2.0721937943335433e-08, -2.7939686120248552e-09, -1.862644971595273e-08, 0.9909138679504395, 0.13449864089488983, 4.656612428988183e-09, -0.13449856638908386, 0.9909138679504395),
            ["RightFoot"] = CFrame.new(4.216167326376308e-08, 5.960464477539063e-08, -3.4415279515087605e-09, 0.9985015392303467, 0.011210174299776554, -0.05356258898973465, -0.014545884914696217, 0.9979515671730042, -0.062298648059368134, 0.052754517644643784, 0.0629843920469284, 0.9966192841529846),
            ["LeftLowerLeg"] = CFrame.new(-1.6298145055770874e-09, -0.0007265806198120117, 0.00008099712431430817, 1, 9.080395990679335e-09, -8.381904947896146e-09, -1.187436460270419e-08, 0.9909248352050781, 0.13441790640354156, 5.878974640438628e-09, -0.13441787660121918, 0.9909247756004333),
        }},
        {Time = 0.167, Data = {
            ["LeftFoot"] = CFrame.new(1.436410990152126e-08, 0, 2.143391242270809e-09, 0.998501718044281, -0.01120828092098236, 0.053561605513095856, 0.014541682787239552, 0.9979543089866638, -0.062256086617708206, -0.05275426805019379, 0.06294167786836624, 0.9966219663619995),
            ["LeftLowerArm"] = CFrame.new(-2.980232238769531e-07, 0, 0.000003769993782043457, 1, 2.9802318834981634e-08, 2.9802318834981634e-08, -6.51925802230835e-09, 1, -8.381902283360887e-09, -4.470348358154297e-08, 1.6763804566721774e-08, 1),
            ["LowerTorso"] = CFrame.new(0, -0.00342559814453125, 0, 1, 0, 0, 0, 1, 0, 0, 0, 1),
            ["Head"] = CFrame.new(5.820766091346741e-11, 0, 1.6940658945086007e-21, 0.9999999403953552, 0.0003520303580444306, 5.333111990218908e-12, -0.0003520303580444306, 0.9999999403953552, -1.1920927533992653e-07, -4.7269972658359194e-11, -8.32523611681013e-15, 1),
            ["RightUpperArm"] = CFrame.new(-0.015356838703155518, -0.23061621189117432, 8.356467517955934e-09, 0.6469359397888184, -0.6339781284332275, 0.42372816801071167, 0.6790711283683777, 0.22619611024856567, -0.6983537077903748, 0.3468952775001526, 0.7395316958427429, 0.5768506526947021),
