return {
    ["MONTAGEM LADRAO"] = {
        {Time = 0.000, Data = {
            ["RightFoot"] = CFrame.new(-2.5007466319948435e-08, 2.384185791015625e-07, 2.6157067622989416e-09, 0.8488785624504089, 0.13850711286067963, -0.5101189017295837, -0.3525553047657013, 0.8674033880233765, -0.3511636555194855, 0.39384010434150696, 0.4779406189918518, 0.7851515412330627),
            ["LeftLowerArm"] = CFrame.new(0, 5.960464477539063e-08, -1.441221684217453e-07, 1, -2.0489096641540527e-07, 1.1548401346317405e-07, 1.6391277313232422e-07, 0.20325163006782532, -0.9791266322135925, 1.8032733350992203e-07, 0.9791265726089478, 0.2032516747713089),
            ["RightUpperArm"] = CFrame.new(-5.960464477539063e-08, 0, 0, 0.3441568911075592, 0.2824448049068451, 0.8954222202301025, 0.7821905016899109, 0.4412795901298523, -0.4398299753665924, -0.5193591713905334, 0.8517613410949707, -0.06905630975961685),
            ["Head"] = CFrame.new(-1.4901161193847656e-08, 0, 8.381903171539307e-09, 0.8691549301147461, -0.17964157462120056, 0.460758775472641, 0.0159872155636549, 0.9414112567901611, 0.33688169717788696, -0.4942815601825714, -0.2854361832141876, 0.821104109287262),
            ["RightHand"] = CFrame.new(-1.955777406692505e-07, 1.1920928955078125e-07, -5.9138983488082886e-08, 0.9715085029602051, -0.06063975393772125, 0.2291162759065628, 0.12203303724527359, 0.9567052721977234, -0.2642402946949005, -0.20317324995994568, 0.2846713960170746, 0.9368473887443542),
            ["UpperTorso"] = CFrame.new(-4.656612873077393e-10, 1.4901161193847656e-07, 2.136221155524254e-08, 0.9980655908584595, -0.05171896517276764, 0.0345010943710804, 0.05398259311914444, 0.99620521068573, -0.0682716816663742, -0.030839229002594948, 0.07000210136175156, 0.9970700144767761),
            ["HumanoidRootPart"] = CFrame.new(0, 0, 0, 1, 0, 0, 0, 1, 0, 0, 0, 1),
            ["RightUpperLeg"] = CFrame.new(-2.9802322387695312e-08, -6.868503987789154e-09, 5.482070264406502e-08, 0.9865868091583252, -0.10796457529067993, 0.12243480235338211, 0.13181348145008087, 0.9693379998207092, -0.20738635957241058, -0.09629026055335999, 0.2207430750131607, 0.9705672264099121),
            ["LeftUpperArm"] = CFrame.new(0, 0, 1.4901161193847656e-08, 0.40209251642227173, -0.30821630358695984, -0.8621625304222107, -0.8274139761924744, 0.28088629245758057, -0.4863014221191406, 0.3920557498931885, 0.9089034795761108, -0.14208020269870758),
            ["RightLowerArm"] = CFrame.new(4.172325134277344e-07, 2.384185791015625e-07, -7.644625506630354e-20, 1, -9.685754776000977e-08, 8.847566590475253e-08, 1.1920928955078125e-07, 0.5350947976112366, -0.8447920083999634, 7.450580596923828e-08, 0.8447920083999634, 0.5350949168205261),
            ["LeftHand"] = CFrame.new(5.960464477539063e-08, 1.1920928955078125e-07, -1.862645149230957e-07, 0.7439297437667847, -0.6117461919784546, -0.2689517140388489, 0.6289896368980408, 0.7769318222999573, -0.027369126677513123, 0.22570015490055084, -0.14880694448947906, 0.9627647399902344),
            ["LeftFoot"] = CFrame.new(-6.798654794692993e-08, -1.7881393432617188e-07, 9.833684089244343e-09, 0.9835982322692871, -0.1304323822259903, -0.12458693236112595, 0.08898265659809113, 0.9517015218734741, -0.29384714365005493, 0.15689672529697418, 0.2779417335987091, 0.9476982355117798),
            ["LowerTorso"] = CFrame.new(-0.004348410293459892, -0.15635466575622559, -0.07514563202857971, 0.9799281358718872, 0.002583971479907632, 0.19933436810970306, 0.0037752718199044466, 0.9994962215423584, -0.03151571750640869, -0.1993153691291809, 0.03163568302989006, 0.9794245958328247),
            ["RightLowerLeg"] = CFrame.new(-5.960464477539063e-08, 1.7881393432617188e-07, -3.058084985241294e-08, 1, -5.289911086947541e-07, -4.6193599700927734e-07, 6.89178762058873e-07, 0.7346217036247253, 0.6784767508506775, -2.6077035641947077e-08, -0.6784769296646118, 0.7346219420433044),
            ["LeftUpperLeg"] = CFrame.new(2.9802322387695312e-08, -8.300412446260452e-08, 1.30385160446167e-08, 0.9738916158676147, 0.20599862933158875, 0.0953933373093605, -0.13981647789478302, 0.8753405213356018, -0.4628503620624542, -0.17884810268878937, 0.43742838501930237, 0.8812885880470276),
            ["LeftLowerLeg"] = CFrame.new(-5.960464477539063e-08, 0, 1.0125594940291194e-07, 1, -3.1851232051849365e-07, -3.5762795391747204e-07, 4.768372150465439e-07, 0.6959023475646973, 0.7181364893913269, 7.450581485102248e-09, -0.7181364893913269, 0.695902407169342),
        }},
        {Time = 0.033, Data = {
            ["RightFoot"] = CFrame.new(5.2787072490900755e-09, 3.5762786865234375e-07, -2.8379872674122453e-08, 0.8708129525184631, 0.14337393641471863, -0.47024375200271606, -0.32422444224357605, 0.8865095376968384, -0.33011963963508606, 0.36954474449157715, 0.4399372935295105, 0.8184692859649658),
            ["LeftLowerArm"] = CFrame.new(-1.7881393432617188e-07, 0, -3.3527612686157227e-08, 1, -1.210719204891575e-07, 1.2293457984924316e-07, 1.564621925354004e-07, 0.32676318287849426, -0.9451062679290771, 2.2817403078079224e-08, 0.9451063275337219, 0.32676318287849426),
            ["RightUpperArm"] = CFrame.new(-5.960464477539063e-08, 2.384185791015625e-07, -6.705522537231445e-08, 0.29995250701904297, 0.3715192377567291, 0.8786363005638123, 0.9100791811943054, 0.1646702140569687, -0.380315363407135, -0.2859799563884735, 0.9137052893638611, -0.2887188494205475),
            ["Head"] = CFrame.new(4.190951585769653e-09, 1.1920928955078125e-07, -4.528556019067764e-08, 0.856397271156311, -0.19860254228115082, 0.4765929579734802, 0.000050608541641850024, 0.9230940937995911, 0.38457444310188293, -0.5163175463676453, -0.3293243944644928, 0.7905452847480774),
            ["RightHand"] = CFrame.new(-8.009374141693115e-08, 5.960464477539063e-08, -6.845220923423767e-08, 0.9682272672653198, -0.058456532657146454, 0.24314361810684204, 0.1334577202796936, 0.9430462718009949, -0.3047177791595459, -0.2114829272031784, 0.32748547196388245, 0.9208845496177673),
            ["UpperTorso"] = CFrame.new(-1.3096723705530167e-09, 5.960464477539063e-08, -1.210719347000122e-08, 0.9987836480140686, -0.033915188163518906, 0.03579159453511238, 0.036581851541996, 0.996383786201477, -0.07668859511613846, -0.03306131064891815, 0.07790467888116837, 0.9964125156402588),
            ["HumanoidRootPart"] = CFrame.new(0, 0, 0, 1, 0, 0, 0, 1, 0, 0, 0, 1),
            ["RightUpperLeg"] = CFrame.new(0, 2.5331974029541016e-07, -2.7135683922097087e-08, 0.988612711429596, -0.1306488960981369, 0.07467086613178253, 0.14024664461612701, 0.9798134565353394, -0.14246636629104614, -0.054550476372241974, 0.15131644904613495, 0.986979067325592),
            ["LeftUpperArm"] = CFrame.new(0, 1.1920928955078125e-07, -1.4901161193847656e-08, 0.45596230030059814, -0.337941974401474, -0.82334303855896, -0.8670024871826172, 0.04027918353676796, -0.4966731667518616, 0.20101016759872437, 0.9403047561645508, -0.2746306359767914),
            ["RightLowerArm"] = CFrame.new(-8.642673492431641e-07, 2.384185791015625e-07, -1.1920928955078125e-07, 1, -8.521603689359836e-08, 6.239863381551913e-08, 1.1548401346317405e-07, 0.5506857633590698, -0.8347126841545105, 7.450581485102248e-09, 0.8347127437591553, 0.5506857633590698),
            ["LeftHand"] = CFrame.new(2.5890767574310303e-07, 5.960464477539063e-08, 3.725290298461914e-08, 0.6261206269264221, -0.6955510973930359, -0.3523941934108734, 0.7152644991874695, 0.6922879219055176, -0.09557396173477173, 0.3104347884654999, -0.19221414625644684, 0.93095862865448),
            ["LeftFoot"] = CFrame.new(-9.499490261077881e-08, 0, -2.9281864044605754e-08, 0.9872763156890869, -0.13119304180145264, -0.08985522389411926, 0.10401938110589981, 0.9602364301681519, -0.2590869069099426, 0.12027265131473541, 0.24644362926483154, 0.9616652727127075),
            ["LowerTorso"] = CFrame.new(-0.004298832733184099, -0.13154864311218262, -0.07461650669574738, 0.9796412587165833, 0.013383520767092705, 0.20030997693538666, -0.00016386246716137975, 0.9978283643722534, -0.06586755812168121, -0.20075653493404388, 0.06449374556541443, 0.9775159358978271),
            ["RightLowerLeg"] = CFrame.new(2.2351741790771484e-08, -5.960464477539063e-08, -6.038317224010825e-08, 1, -5.140898338140687e-07, -4.6193599700927734e-07, 6.89178762058873e-07, 0.7828575372695923, 0.6222010254859924, -5.7742006731587026e-08, -0.6222010850906372, 0.7828575968742371),
            ["LeftUpperLeg"] = CFrame.new(2.9802322387695312e-08, 1.1059455573558807e-08, -1.862645149230957e-08, 0.9803776741027832, 0.1826423853635788, 0.07417196035385132, -0.1404489278793335, 0.9111854434013367, -0.3873179256916046, -0.13832516968250275, 0.3693004250526428, 0.9189578294754028),
            ["LeftLowerLeg"] = CFrame.new(2.2351741790771484e-08, 2.384185791015625e-07, 4.165130462752131e-08, 1, -3.650783924058487e-07, -4.28408441166539e-07, 5.513430210157821e-07, 0.7524531483650208, 0.6586459875106812, 3.3527616238870905e-08, -0.6586458683013916, 0.752453088760376),
        }},
        {Time = 0.067, Data = {
            ["RightFoot"] = CFrame.new(5.340098141459748e-08, 2.384185791015625e-07, 1.790249370969832e-08, 0.8941833972930908, 0.1464807540178299, -0.4230601489543915, -0.27299466729164124, 0.927351176738739, -0.25591713190078735, 0.354838103055954, 0.3443302810192108, 0.8692103028297424),
            ["LeftLowerArm"] = CFrame.new(-8.344650268554688e-07, 5.960464477539063e-08, -2.868473529815674e-07, 1, -5.21540641784668e-08, 2.2351747119842003e-08, 1.30385160446167e-07, 0.433619886636734, -0.9010958671569824, 5.960464477539063e-08, 0.9010959267616272, 0.43361997604370117),
            ["RightUpperArm"] = CFrame.new(0, 1.1920928955078125e-07, -7.450580596923828e-09, 0.3026115298271179, 0.4250667095184326, 0.8530793786048889, 0.9506964087486267, -0.07090520113706589, -0.3019087612628937, -0.06784359365701675, 0.902380645275116, -0.4255661964416504),
            ["Head"] = CFrame.new(3.725290298461914e-09, 0, 2.7939677238464355e-09, 0.8534352779388428, -0.21400929987430573, 0.4752350449562073, 0.003380468115210533, 0.9140650033950806, 0.40555381774902344, -0.5211878418922424, -0.34450745582580566, 0.78081876039505),
            ["RightHand"] = CFrame.new(-6.132177077233791e-08, -5.960464477539063e-08, -4.33719833381474e-08, 0.9672002196311951, -0.04889599233865738, 0.249264657497406, 0.12902672588825226, 0.9398473501205444, -0.31628966331481934, -0.2188054621219635, 0.33807721734046936, 0.9153294563293457),
            ["UpperTorso"] = CFrame.new(1.4842953532934189e-09, 2.384185791015625e-07, -3.026798367500305e-09, 0.9995551705360413, -0.008643902838230133, 0.028543518856167793, 0.009451097808778286, 0.9995558261871338, -0.02826683595776558, -0.028286555781960487, 0.02852410264313221, 0.9991928339004517),
            ["HumanoidRootPart"] = CFrame.new(0, 0, 0, 1, 0, 0, 0, 1, 0, 0, 0, 1),
            ["RightUpperLeg"] = CFrame.new(0, 2.6728957891464233e-07, 2.501838025636971e-08, 0.989193320274353, -0.14638979732990265, 0.00816155131906271, 0.14617149531841278, 0.9889942407608032, 0.02289552427828312, -0.01142346765846014, -0.021455224603414536, 0.9997045993804932),
            ["LeftUpperArm"] = CFrame.new(0, 0, -5.960464477539063e-08, 0.5115422606468201, -0.341634064912796, -0.7884228229522705, -0.8583150506019592, -0.16018369793891907, -0.48747971653938293, 0.04024727642536163, 0.9260817170143127, -0.37517037987709045),
            ["RightLowerArm"] = CFrame.new(-2.980232238769531e-07, 2.384185791015625e-07, -1.8998980522155762e-07, 1, -1.6600833419033734e-07, 9.872024264723223e-08, 1.1734665861240501e-07, 0.5417936444282532, -0.8405115008354187, 4.0978196835794733e-08, 0.8405116200447083, 0.5417937636375427),
            ["LeftHand"] = CFrame.new(-3.650784492492676e-07, -5.960464477539063e-08, 3.725290298461914e-08, 0.5206567645072937, -0.7616435885429382, -0.3857665956020355, 0.7797247171401978, 0.6082488894462585, -0.14853525161743164, 0.3477729558944702, -0.22345571219921112, 0.9105610847473145),
            ["LeftFoot"] = CFrame.new(-7.35744833946228e-08, 5.960464477539063e-08, -8.792767403065227e-09, 0.9902592897415161, -0.13044488430023193, -0.04869123920798302, 0.11992217600345612, 0.9767364859580994, -0.17777660489082336, 0.07074866443872452, 0.17020581662654877, 0.9828655123710632),
            ["LowerTorso"] = CFrame.new(-0.00418474618345499, -0.08179581165313721, -0.07329777628183365, 0.9793451428413391, 0.02784409001469612, 0.20026926696300507, 0.00013534970639739186, 0.9903823137283325, -0.1383579522371292, -0.20219559967517853, 0.13552728295326233, 0.9699223041534424),
            ["RightLowerLeg"] = CFrame.new(2.9802322387695312e-08, 1.1920928955078125e-07, 6.627669790759683e-08, 1, -5.960463909104874e-07, -3.166497037909721e-07, 6.537884473800659e-07, 0.8903437256813049, 0.4552888870239258, -9.313225746154785e-09, -0.4552890360355377, 0.8903439044952393),
            ["LeftUpperLeg"] = CFrame.new(2.9802322387695312e-08, 2.0209699869155884e-07, 4.0978193283081055e-08, 0.9858719706535339, 0.15899313986301422, 0.05270245671272278, -0.14383770525455475, 0.9648309946060181, -0.2200269252061844, -0.08583182841539383, 0.20933786034584045, 0.9740690588951111),
            ["LeftLowerLeg"] = CFrame.new(-1.1920928955078125e-07, -2.980232238769531e-07, 1.1848982239826e-08, 1, -4.5448535956893465e-07, -3.1292447033592907e-07, 5.587934310824494e-07, 0.8596539497375488, 0.5108768343925476, 4.097818262494002e-08, -0.5108767151832581, 0.859653890132904),
        }},
        {Time = 0.100, Data = {
            ["RightFoot"] = CFrame.new(-2.5749613996595144e-08, 1.7881393432617188e-07, -8.509232429787517e-09, 0.9131383299827576, 0.149207204580307, -0.37936192750930786, -0.21912570297718048, 0.9643850326538086, -0.14814035594463348, 0.3437475860118866, 0.21840056777000427, 0.9133121967315674),
            ["LeftLowerArm"] = CFrame.new(2.086162567138672e-07, -1.7881393432617188e-07, -2.7008354663848877e-08, 1, -3.352760913344355e-08, 4.4703490686970326e-08, 1.2665985593685036e-07, 0.4841879904270172, -0.8749640583992004, 6.70552182668871e-08, 0.8749639391899109, 0.4841880202293396),
            ["RightUpperArm"] = CFrame.new(0, 1.1920928955078125e-07, 1.1734664440155029e-07, 0.319256454706192, 0.4492897391319275, 0.8343944549560547, 0.947401762008667, -0.17220322787761688, -0.26977041363716125, 0.022480323910713196, 0.8766326308250427, -0.48063498735427856),
            ["Head"] = CFrame.new(-2.3283064365386963e-08, 1.1920928955078125e-07, 6.705522537231445e-08, 0.8560939431190491, -0.22190101444721222, 0.4667580723762512, 0.01225953921675682, 0.911599338054657, 0.41089701652526855, -0.5166748762130737, -0.34604424238204956, 0.7831351161003113),
            ["RightHand"] = CFrame.new(8.009374141693115e-08, -5.960464477539063e-08, -5.587935447692871e-09, 0.9715084433555603, -0.06063978746533394, 0.22911623120307922, 0.12203304469585419, 0.9567053318023682, -0.2642402946949005, -0.20317330956459045, 0.2846713662147522, 0.9368472695350647),
            ["UpperTorso"] = CFrame.new(5.820766091346741e-10, -2.9802322387695312e-08, -8.149072527885437e-09, 0.9995096325874329, 0.015280453488230705, 0.02733335830271244, -0.016085948795080185, 0.999435544013977, 0.029495984315872192, -0.026867195963859558, -0.029921136796474457, 0.999191164970398),
            ["HumanoidRootPart"] = CFrame.new(0, 0, 0, 1, 0, 0, 0, 1, 0, 0, 0, 1),
            ["RightUpperLeg"] = CFrame.new(0, -9.499490261077881e-08, -5.69380063097924e-08, 0.9879084825515747, -0.14482249319553375, -0.0553467720746994, 0.15337513387203217, 0.965061604976654, 0.21244341135025024, 0.022646484896540642, -0.2183634340763092, 0.9756047129631042),
            ["LeftUpperArm"] = CFrame.new(0, 1.1920928955078125e-07, 7.450580596923828e-08, 0.5463688969612122, -0.343001127243042, -0.76408851146698, -0.8372076749801636, -0.2495414912700653, -0.4866337180137634, -0.023755788803100586, 0.9055822491645813, -0.42350494861602783),
            ["RightLowerArm"] = CFrame.new(-1.4901161193847656e-07, 3.5762786865234375e-07, -4.842877388000488e-08, 1, -3.9115558791991134e-08, 5.587938289863814e-08, 1.1920931797249068e-07, 0.5350947380065918, -0.8447919487953186, 3.72529100900465e-08, 0.8447920680046082, 0.5350948572158813),
            ["LeftHand"] = CFrame.new(2.5331974029541016e-07, 2.384185791015625e-07, -7.450580596923828e-09, 0.4715423285961151, -0.8196818232536316, -0.3252224624156952, 0.825355052947998, 0.5400996804237366, -0.16456425189971924, 0.3105427920818329, -0.19082482159137726, 0.9312083721160889),
            ["LeftFoot"] = CFrame.new(6.891787052154541e-08, 0, -1.6243347999989055e-08, 0.9913938641548157, -0.13031251728534698, -0.01252374704927206, 0.1285887360572815, 0.9872725605964661, -0.0935843363404274, 0.024559572339057922, 0.09116845577955246, 0.9955326318740845),
            ["LowerTorso"] = CFrame.new(-0.0040581198409199715, -0.04409384727478027, -0.07159240543842316, 0.9799282550811768, 0.037228774279356, 0.1958438903093338, 0.0037752455100417137, 0.9787657260894775, -0.20494750142097473, -0.19931524991989136, 0.2015731781721115, 0.9589794874191284),
            ["RightLowerLeg"] = CFrame.new(7.450580596923828e-09, 2.384185791015625e-07, -2.5924236979335546e-08, 1, -6.09084963798523e-07, -1.1175869474300271e-07, 6.21657761712413e-07, 0.9770093560218811, 0.21319666504859924, -2.3283061589829401e-10, -0.21319682896137238, 0.9770093560218811),
            ["LeftUpperLeg"] = CFrame.new(-5.960464477539063e-08, -1.862645149230957e-09, -2.7939677238464355e-08, 0.9883729219436646, 0.14779920876026154, 0.03569870442152023, -0.14590899646282196, 0.9879946708679199, -0.0507655069231987, -0.042773205786943436, 0.04496658965945244, 0.9980723857879639),
            ["LeftLowerLeg"] = CFrame.new(2.9802322387695312e-08, -1.7881393432617188e-07, 5.655246582136897e-08, 1, -5.327166832103103e-07, -2.3189923581412586e-07, 5.811453434034775e-07, 0.9389381408691406, 0.34408608078956604, 2.6077035641947077e-08, -0.34408628940582275, 0.9389380812644958),
        }},
        {Time = 0.133, Data = {
            ["RightFoot"] = CFrame.new(1.1058546078857034e-07, 2.384185791015625e-07, 2.060187398456037e-08, 0.9244071245193481, 0.15273183584213257, -0.34949201345443726, -0.21420131623744965, 0.9660593867301941, -0.14438506960868835, 0.31557756662368774, 0.20833246409893036, 0.9257473945617676),
            ["LeftLowerArm"] = CFrame.new(-9.238719940185547e-07, -3.5762786865234375e-07, -2.2724270820617676e-07, 1, -1.1175870895385742e-08, 9.685758328714655e-08, 1.564621925354004e-07, 0.4530705213546753, -0.8914746642112732, -7.450580596923828e-09, 0.8914746642112732, 0.45307064056396484),
            ["RightUpperArm"] = CFrame.new(-1.1920928955078125e-07, -2.384185791015625e-07, -2.60770320892334e-08, 0.3255592882633209, 0.4605238139629364, 0.825789749622345, 0.9424978494644165, -0.08826720714569092, -0.32234588265419006, -0.07555798441171646, 0.8832479119300842, -0.4627789556980133),
            ["Head"] = CFrame.new(0, 0, -7.450580596923828e-08, 0.8601924180984497, -0.22170673310756683, 0.4592550992965698, 0.01680884324014187, 0.9123903512954712, 0.40897589921951294, -0.5096926093101501, -0.34407839179039, 0.7885579466819763),
            ["RightHand"] = CFrame.new(-1.3224780559539795e-07, -1.1920928955078125e-07, -3.91155481338501e-08, 0.9802108407020569, -0.10256786644458771, 0.1693124771118164, 0.12574613094329834, 0.9831902384757996, -0.13238224387168884, -0.1528881937265396, 0.15105292201042175, 0.9766311049461365),
            ["UpperTorso"] = CFrame.new(5.587935447692871e-09, -1.1920928955078125e-07, -2.6309862732887268e-08, 0.9986202716827393, 0.032163236290216446, 0.04151201248168945, -0.0345672108232975, 0.9976856112480164, 0.058554649353027344, -0.03953264653682709, -0.05990876257419586, 0.9974207878112793),
            ["HumanoidRootPart"] = CFrame.new(0, 0, 0, 1, 0, 0, 0, 1, 0, 0, 0, 1),
            ["RightUpperLeg"] = CFrame.new(0, -3.725290298461914e-08, 5.482070264406502e-08, 0.9867931604385376, -0.14299985766410828, -0.07609517127275467, 0.1570228487253189, 0.9598355293273926, 0.2325073927640915, 0.03979030251502991, -0.24138538539409637, 0.9696133136749268),
            ["LeftUpperArm"] = CFrame.new(-5.960464477539063e-08, -1.1920928955078125e-07, 1.4901161193847656e-08, 0.5491730570793152, -0.3580112159252167, -0.7551402449607849, -0.8346392512321472, -0.18926265835762024, -0.5172592401504517, 0.04226487874984741, 0.9143345952033997, -0.40274810791015625),
            ["RightLowerArm"] = CFrame.new(2.980232238769531e-07, 1.1920928955078125e-07, -4.470348358154297e-08, 1, -4.994218016918239e-08, 9.452926263975314e-08, 1.1641532182693481e-07, 0.5524774789810181, -0.833527684211731, 2.421438694000244e-08, 0.8335279226303101, 0.5524776577949524),
            ["LeftHand"] = CFrame.new(2.2351741790771484e-08, -2.384185791015625e-07, -8.940696716308594e-08, 0.48789116740226746, -0.8601220846176147, -0.14883656799793243, 0.8516609072685242, 0.5064346790313721, -0.13489866256713867, 0.19140520691871643, -0.06094234436750412, 0.9796172976493835),
            ["LeftFoot"] = CFrame.new(4.0978193283081055e-08, 5.960464477539063e-08, -2.7419218895374797e-08, 0.9911863803863525, -0.13215985894203186, 0.009132158011198044, 0.1323642134666443, 0.9851834774017334, -0.10905610024929047, 0.005416155327111483, 0.10930366069078445, 0.9939936995506287),
            ["LowerTorso"] = CFrame.new(-0.0039806426502764225, -0.04574692249298096, -0.06983636319637299, 0.9819169044494629, 0.03493453189730644, 0.18606114387512207, 0.00935379695147276, 0.9726729989051819, -0.23199103772640228, -0.18908114731311798, 0.22953630983829498, 0.9547572731971741),
            ["RightLowerLeg"] = CFrame.new(-2.2351741790771484e-08, 1.7881393432617188e-07, -2.9322109185159206e-09, 1, -6.295740035966446e-07, -1.527369164477932e-07, 5.977929049549857e-07, 0.9776346683502197, 0.21031057834625244, -3.7762234228466696e-08, -0.21031077206134796, 0.9776347279548645),
            ["LeftUpperLeg"] = CFrame.new(2.9802322387695312e-08, -1.3690441846847534e-07, 4.284083843231201e-08, 0.988103449344635, 0.1523330956697464, 0.021126003935933113, -0.15157711505889893, 0.9878713488578796, -0.03368519991636276, -0.026001228019595146, 0.030082307755947113, 0.9992092847824097),
            ["LeftLowerLeg"] = CFrame.new(-6.332993507385254e-08, 3.5762786865234375e-07, -7.755798492325994e-08, 1, -5.140902317180007e-07, -2.412125184036995e-07, 5.550682544708252e-07, 0.9284873008728027, 0.3713639974594116, -1.4901161193847656e-08, -0.37136420607566833, 0.9284874200820923),
        }},
        {Time = 0.167, Data = {
            ["RightFoot"] = CFrame.new(-9.332916306448169e-08, 4.172325134277344e-07, -2.622982719913125e-09, 0.9289727807044983, 0.15651780366897583, -0.3354279398918152, -0.2410845160484314, 0.9434771537780762, -0.22744067013263702, 0.28087013959884644, 0.2921528220176697, 0.9141985177993774),
            ["LeftLowerArm"] = CFrame.new(-4.172325134277344e-07, -1.7881393432617188e-07, -1.0058283805847168e-07, 1, -2.0023431090976374e-07, 1.2665985593685036e-07, 1.7881393432617188e-07, 0.3826734721660614, -0.9238836765289307, 7.82310962677002e-08, 0.9238836169242859, 0.3826734721660614),
            ["RightUpperArm"] = CFrame.new(0, -2.384185791015625e-07, -4.563480615615845e-08, 0.3204182982444763, 0.4730914235115051, 0.8206804990768433, 0.9108418226242065, 0.08409560471773148, -0.4040980339050293, -0.26019105315208435, 0.8769906163215637, -0.40396571159362793),
            ["Head"] = CFrame.new(-1.1175870895385742e-08, -1.1920928955078125e-07, -3.91155481338501e-08, 0.8600670099258423, -0.22764822840690613, 0.45657551288604736, 0.02994319051504135, 0.9159092903137207, 0.4002668857574463, -0.5093017816543579, -0.3305850028991699, 0.794559895992279),
            ["RightHand"] = CFrame.new(-5.913898348808289e-07, 1.7881393432617188e-07, 3.0384398996829987e-08, 0.9862529039382935, -0.12928305566310883, 0.10291311144828796, 0.13021467626094818, 0.9914830923080444, -0.002356976503506303, -0.10173186659812927, 0.015725329518318176, 0.9946876168251038),
            ["UpperTorso"] = CFrame.new(7.450580596923828e-09, -2.9802322387695312e-08, 3.7136487662792206e-08, 0.9970228672027588, 0.04980495199561119, 0.058862946927547455, -0.053429748862981796, 0.9966635704040527, 0.061701081693172455, -0.05559350177645683, -0.0646623745560646, 0.9963575005531311),
            ["HumanoidRootPart"] = CFrame.new(0, 0, 0, 1, 0, 0, 0, 1, 0, 0, 0, 1),
            ["RightUpperLeg"] = CFrame.new(1.1920928955078125e-07, -9.96515154838562e-08, 2.6666384655982256e-09, 0.9872182607650757, -0.148362934589386, -0.05821070075035095, 0.1541600227355957, 0.9816068410873413, 0.11261714994907379, 0.04043183848261833, -0.12015145272016525, 0.9919319748878479),
            ["LeftUpperArm"] = CFrame.new(5.960464477539063e-08, -2.384185791015625e-07, -5.960464477539063e-08, 0.5344778895378113, -0.3462951183319092, -0.7709817290306091, -0.8230734467506409, -0.005981070455163717, -0.5679036974906921, 0.19205111265182495, 0.9381065964698792, -0.2882229685783386),
            ["RightLowerArm"] = CFrame.new(5.364418029785156e-07, 4.172325134277344e-07, -2.9802322387695312e-08, 1, -1.378357268322361e-07, 8.940698847936801e-08, 1.862645149230957e-07, 0.5924795866012573, -0.8055854439735413, 2.9802322387695312e-08, 0.805585503578186, 0.5924796462059021),
            ["LeftHand"] = CFrame.new(2.5890767574310303e-07, -1.1920928955078125e-07, -2.9802322387695312e-08, 0.521653950214386, -0.8524695634841919, 0.034247081726789474, 0.8485718369483948, 0.5142759084701538, -0.12428279221057892, 0.0883348286151886, 0.09389383345842361, 0.9916556477546692),
            ["LeftFoot"] = CFrame.new(1.7695128917694092e-08, 0, 2.1009554984630086e-08, 0.9906792044639587, -0.13522689044475555, 0.0163811556994915, 0.13589195907115936, 0.9728685617446899, -0.1872442662715912, 0.009383723139762878, 0.18772490322589874, 0.9821767807006836),
            ["LowerTorso"] = CFrame.new(-0.0040528676472604275, -0.07528436183929443, -0.06809757649898529, 0.9848269820213318, 0.02355155535042286, 0.171934112906456, 0.015360195189714432, 0.9750298857688904, -0.2215418815612793, -0.17285855114459991, 0.2208213061094284, 0.9598739743232727),
            ["RightLowerLeg"] = CFrame.new(-8.009374141693115e-08, 5.960464477539063e-08, 6.6720531322062016e-09, 1, -5.606560762316803e-07, -2.533197687171196e-07, 6.482004550889542e-07, 0.9160192012786865, 0.4011342525482178, -7.4505797087454084e-09, -0.40113434195518494, 0.9160193800926208),
            ["LeftUpperLeg"] = CFrame.new(0, -2.3655593395233154e-07, 3.725290298461914e-09, 0.9861809611320496, 0.16509020328521729, 0.013867748901247978, -0.16205206513404846, 0.9786513447761536, -0.12641467154026031, -0.034441493451595306, 0.1224205493927002, 0.9918805360794067),
            ["LeftLowerLeg"] = CFrame.new(7.450580596923828e-09, -5.960464477539063e-08, 2.6750143433673657e-08, 1, -4.4330960236038663e-07, -3.0361113090293657e-07, 5.513428504855256e-07, 0.8557044267654419, 0.5174649357795715, -3.7252894102834944e-09, -0.5174648761749268, 0.8557043671607971),
        }},
        {Time = 0.200, Data = {
            ["RightFoot"] = CFrame.new(5.1746610552072525e-08, 3.5762786865234375e-07, 4.4568878365680575e-08, 0.9281571507453918, 0.15977856516838074, -0.3361477553844452, -0.2650615870952606, 0.9177939295768738, -0.2956294119358063, 0.26127898693084717, 0.36349043250083923, 0.8942080736160278),
            ["LeftLowerArm"] = CFrame.new(-7.450580596923828e-07, -1.1920928955078125e-07, -1.434236764907837e-07, 1, -3.725290298461914e-09, 1.1920928955078125e-07, 1.378357126213814e-07, 0.32134854793548584, -0.946960985660553, 9.080392970872708e-08, 0.9469610452651978, 0.3213486075401306),
            ["RightUpperArm"] = CFrame.new(0, -1.1920928955078125e-07, 0, 0.3070277273654938, 0.4957055449485779, 0.8124099373817444, 0.8571945428848267, 0.22682206332683563, -0.4623520076274872, -0.41346290707588196, 0.8383482098579407, -0.3552754521369934),
            ["Head"] = CFrame.new(-3.725290298461914e-09, -1.1920928955078125e-07, -2.7939677238464355e-08, 0.8504996299743652, -0.25306516885757446, 0.4610949754714966, 0.06603442877531052, 0.9210847020149231, 0.38372185826301575, -0.5218140482902527, -0.295907199382782, 0.8000931143760681),
            ["RightHand"] = CFrame.new(3.8836151361465454e-07, 5.960464477539063e-08, -1.5029218047857285e-07, 0.9905943870544434, -0.11258311569690704, 0.0777682289481163, 0.10975580662488937, 0.9931641221046448, 0.03973317891359329, -0.08170987665653229, -0.03082394227385521, 0.996179461479187),
            ["UpperTorso"] = CFrame.new(-1.1641532182693481e-09, 0, 1.3067619875073433e-08, 0.9948861598968506, 0.07666052132844925, 0.06576217710971832, -0.08008571714162827, 0.995475709438324, 0.05113097280263901, -0.06154492497444153, -0.05613606050610542, 0.9965245127677917),
            ["HumanoidRootPart"] = CFrame.new(0, 0, 0, 1, 0, 0, 0, 1, 0, 0, 0, 1),
            ["RightUpperLeg"] = CFrame.new(5.960464477539063e-08, -2.430751919746399e-07, 6.227128324098885e-08, 0.9888160824775696, -0.1472994089126587, -0.023360775783658028, 0.14680175483226776, 0.9889265894889832, -0.02176065184175968, 0.02630743198096752, 0.01808791421353817, 0.9994902610778809),
            ["LeftUpperArm"] = CFrame.new(-1.1920928955078125e-07, 1.1920928955078125e-07, -2.9802322387695312e-08, 0.528718888759613, -0.2670047879219055, -0.8057076334953308, -0.7671899795532227, 0.25579071044921875, -0.588209867477417, 0.36314740777015686, 0.9291284084320068, -0.06960199773311615),
            ["RightLowerArm"] = CFrame.new(-2.682209014892578e-07, 3.5762786865234375e-07, -7.644625506630354e-20, 1, -1.3783575525394554e-07, 1.3224783401710738e-07, 2.0116567611694336e-07, 0.6464160084724426, -0.762985110282898, 1.4901161193847656e-08, 0.7629852890968323, 0.6464161276817322),
            ["LeftHand"] = CFrame.new(2.682209014892578e-07, 0, 3.725290298461914e-08, 0.5706377625465393, -0.8150527477264404, 0.10030728578567505, 0.8154735565185547, 0.5480118989944458, -0.18624159693717957, 0.09682720899581909, 0.1880744844675064, 0.9773702621459961),
            ["LeftFoot"] = CFrame.new(1.862645149230957e-08, 0, -3.300715434306767e-08, 0.9902985095977783, -0.13845102488994598, 0.011841828934848309, 0.1366884410381317, 0.9552565813064575, -0.2623002231121063, 0.025003761053085327, 0.26137399673461914, 0.9649136662483215),
            ["LowerTorso"] = CFrame.new(-0.004385072737932205, -0.11468374729156494, -0.0663769543170929, 0.9880113005638123, 0.008104360662400723, 0.1541694700717926, 0.02055027149617672, 0.982830286026001, -0.1833638995885849, -0.15300846099853516, 0.18433378636837006, 0.9708808660507202),
            ["RightLowerLeg"] = CFrame.new(-1.862645149230957e-08, 1.1920928955078125e-07, -8.273491403087974e-08, 1, -5.587934879258682e-07, -3.613531021073868e-07, 7.040799232527206e-07, 0.8329228758811951, 0.5533888339996338, -6.33299421792799e-08, -0.5533891320228577, 0.8329229950904846),
            ["LeftUpperLeg"] = CFrame.new(-5.960464477539063e-08, 2.2118911147117615e-08, 6.891787052154541e-08, 0.9828616380691528, 0.18332570791244507, 0.019354751333594322, -0.1731986701488495, 0.9542861580848694, -0.2435980886220932, -0.06312776356935501, 0.23607110977172852, 0.9696831703186035),
            ["LeftLowerLeg"] = CFrame.new(8.195638656616211e-08, 0, -1.1481088790787908e-07, 1, -4.023314090773056e-07, -3.799795535996964e-07, 5.364418029785156e-07, 0.7638810873031616, 0.6453570127487183, -3.725290298461914e-09, -0.645357072353363, 0.7638811469078064),
        }},
        {Time = 0.233, Data = {
            ["RightFoot"] = CFrame.new(2.5187546270899475e-08, 4.172325134277344e-07, 1.618536771275103e-08, 0.9227396845817566, 0.1627671867609024, -0.3493686020374298, -0.28981247544288635, 0.8905829191207886, -0.35052913427352905, 0.2540871798992157, 0.42469891905784607, 0.8689481616020203),
            ["LeftLowerArm"] = CFrame.new(0, -5.960464477539063e-08, -1.4901161193847656e-07, 1, -1.6391278734317893e-07, 1.0430811414607888e-07, 1.3038514623531228e-07, 0.25951847434043884, -0.9657381772994995, 5.960463766996327e-08, 0.9657382369041443, 0.25951844453811646),
            ["RightUpperArm"] = CFrame.new(0, -1.1920928955078125e-07, 7.450580596923828e-09, 0.2858770191669464, 0.5251506567001343, 0.8015554547309875, 0.8021373152732849, 0.32648298144340515, -0.49998459219932556, -0.524261474609375, 0.7858916521072388, -0.32790908217430115),
            ["Head"] = CFrame.new(-1.862645149230957e-08, 2.384185791015625e-07, -2.9802322387695312e-08, 0.8313739895820618, -0.29298198223114014, 0.4722065329551697, 0.12096741795539856, 0.9247662425041199, 0.3607969582080841, -0.5423876643180847, -0.2428356409072876, 0.8042677044868469),
            ["RightHand"] = CFrame.new(4.293397068977356e-07, -5.960464477539063e-08, -1.043081283569336e-07, 0.9938966035842896, -0.06350746750831604, 0.09020236879587173, 0.06400232017040253, 0.9979463815689087, -0.0026012167800217867, -0.08985202014446259, 0.008358510211110115, 0.9959200620651245),
            ["UpperTorso"] = CFrame.new(5.820766091346741e-10, -5.960464477539063e-08, 1.1641532182693481e-10, 0.9919965863227844, 0.1093638464808464, 0.06310703605413437, -0.11165878921747208, 0.993162989616394, 0.034053198993206024, -0.05895138904452324, -0.04082708805799484, 0.9974257349967957),
            ["HumanoidRootPart"] = CFrame.new(0, 0, 0, 1, 0, 0, 0, 1, 0, 0, 0, 1),
            ["RightUpperLeg"] = CFrame.new(-2.9802322387695312e-08, -2.2910535335540771e-07, -1.968510332517326e-08, 0.9900673627853394, -0.138621985912323, 0.02346358448266983, 0.14059250056743622, 0.9768608212471008, -0.16117297112941742, -0.0005785766406916082, 0.1628708690404892, 0.9866473078727722),
            ["LeftUpperArm"] = CFrame.new(0, -1.1920928955078125e-07, 1.4901161193847656e-08, 0.5219441056251526, -0.15778310596942902, -0.8382595181465149, -0.6857514381408691, 0.5068164467811584, -0.5223811268806458, 0.5072665214538574, 0.8474913239479065, 0.15632985532283783),
            ["RightLowerArm"] = CFrame.new(0, 5.960464477539063e-08, 2.9802322387695312e-08, 1, -1.0430814256778831e-07, 9.685756907629184e-08, 1.3411046495548362e-07, 0.7052468061447144, -0.7089617252349854, 2.980232594040899e-08, 0.7089618444442749, 0.7052469849586487),
            ["LeftHand"] = CFrame.new(3.8743019104003906e-07, 0, 1.9371509552001953e-07, 0.6386173367500305, -0.7674834728240967, 0.056009043008089066, 0.7548370361328125, 0.6106146574020386, -0.23952239751815796, 0.14962956309318542, 0.19524098932743073, 0.9692740440368652),
            ["LeftFoot"] = CFrame.new(5.960464477539063e-08, -1.1920928955078125e-07, -5.067477104603313e-09, 0.9899263978004456, -0.14156539738178253, -0.0022547743283212185, 0.13301953673362732, 0.9353867769241333, -0.32765430212020874, 0.048493724316358566, 0.32405394315719604, 0.9447950124740601),
            ["LowerTorso"] = CFrame.new(-0.005087539087980986, -0.15849101543426514, -0.06467542052268982, 0.9910104274749756, -0.006393595598638058, 0.13363191485404968, 0.023509899154305458, 0.991636335849762, -0.12690405547618866, -0.13170289993286133, 0.12890490889549255, 0.9828722476959229),
            ["RightLowerLeg"] = CFrame.new(3.725290298461914e-08, 5.960464477539063e-08, 8.862843969836831e-08, 1, -5.40166922746721e-07, -4.470349495022674e-07, 6.929040523573349e-07, 0.7401796579360962, 0.6724092960357666, -5.960465188081798e-08, -0.672409176826477, 0.7401796579360962),
            ["LeftUpperLeg"] = CFrame.new(0, -3.4528784453868866e-07, -1.0477378964424133e-08, 0.9778948426246643, 0.20622730255126953, 0.03452602028846741, -0.17963877320289612, 0.9130975604057312, -0.36603662371635437, -0.10701244324445724, 0.3517431616783142, 0.9299598336219788),
            ["LeftLowerLeg"] = CFrame.new(-1.7136335372924805e-07, -1.1920928955078125e-07, 1.929956283674983e-08, 1, -3.241002559661865e-07, -4.395843120619247e-07, 5.364418029785156e-07, 0.6675112247467041, 0.7445996999740601, 0, -0.7445998191833496, 0.6675112247467041),
        }},
        {Time = 0.267, Data = {
            ["RightFoot"] = CFrame.new(6.812842912040651e-08, 4.76837158203125e-07, -4.969842848367989e-08, 0.9131325483322144, 0.16590487957000732, -0.3723773658275604, -0.31789252161979675, 0.8616313934326172, -0.3956450819969177, 0.25521254539489746, 0.47965291142463684, 0.8395236730575562),
            ["LeftLowerArm"] = CFrame.new(-8.940696716308594e-08, -1.7881393432617188e-07, -1.1920928955078125e-07, 1, -7.450581307466564e-08, 1.1920931797249068e-07, 2.3096805534805753e-07, 0.17155449092388153, -0.9851747155189514, 1.0430815677864302e-07, 0.9851746559143066, 0.17155447602272034),
            ["RightUpperArm"] = CFrame.new(0, 1.1920928955078125e-07, 0, 0.25832077860832214, 0.5558002591133118, 0.7901622653007507, 0.7521026134490967, 0.3976343274116516, -0.5255743861198425, -0.6063101291656494, 0.7300500273704529, -0.315301775932312),
            ["Head"] = CFrame.new(-4.889443516731262e-09, 1.1920928955078125e-07, 1.280568540096283e-09, 0.8046495318412781, -0.3378036618232727, 0.48829054832458496, 0.18553049862384796, 0.9242519736289978, 0.3336714804172516, -0.5640190839767456, -0.17789585888385773, 0.8063719272613525),
            ["RightHand"] = CFrame.new(1.0477378964424133e-07, -5.960464477539063e-08, -5.918991519138217e-08, 0.9929433465003967, 0.006747439503669739, 0.11839807033538818, 0.005935236811637878, 0.9943014979362488, -0.10643991827964783, -0.11844165623188019, 0.10639148950576782, 0.9872449636459351),
            ["UpperTorso"] = CFrame.new(2.7939677238464355e-09, 5.960464477539063e-08, -1.955777406692505e-08, 0.9884334802627563, 0.14133523404598236, 0.054987289011478424, -0.14240120351314545, 0.9896804094314575, 0.015956558287143707, -0.052164629101753235, -0.02360222116112709, 0.9983595609664917),
            ["HumanoidRootPart"] = CFrame.new(0, 0, 0, 1, 0, 0, 0, 1, 0, 0, 0, 1),
            ["RightUpperLeg"] = CFrame.new(0, -1.6903504729270935e-07, -1.0586518328636885e-09, 0.9891858100891113, -0.12396863102912903, 0.07837986201047897, 0.14184963703155518, 0.9444786906242371, -0.2963762581348419, -0.03728674352169037, 0.30428922176361084, 0.9518496990203857),
            ["LeftUpperArm"] = CFrame.new(-5.960464477539063e-08, 1.1920928955078125e-07, 0, 0.48335644602775574, -0.06334137916564941, -0.8731290698051453, -0.6274815201759338, 0.6704092025756836, -0.3960031270980835, 0.6104370951652527, 0.7392830848693848, 0.2843010723590851),
            ["RightLowerArm"] = CFrame.new(-3.8743019104003906e-07, 2.980232238769531e-07, -2.384185791015625e-07, 1, -1.49011640360186e-07, 4.749746196353044e-08, 1.4901159772762185e-07, 0.7609394788742065, -0.6488227844238281, -4.470347647611561e-08, 0.6488229632377625, 0.7609395980834961),
            ["LeftHand"] = CFrame.new(1.7881393432617188e-07, 5.960464477539063e-08, -8.940696716308594e-08, 0.737647533416748, -0.6736505627632141, -0.04550836235284805, 0.6561439037322998, 0.7311081290245056, -0.18696606159210205, 0.1592213660478592, 0.10805509984493256, 0.9813117980957031),
            ["LeftFoot"] = CFrame.new(6.798654794692993e-08, -5.960464477539063e-08, -2.555657374614384e-08, 0.9892404675483704, -0.14437836408615112, -0.02362726256251335, 0.12442663311958313, 0.9152469635009766, -0.38319799304008484, 0.07695043832063675, 0.3761354982852936, 0.9233640432357788),
            ["LowerTorso"] = CFrame.new(-0.006270552985370159, -0.20439350605010986, -0.06299389153718948, 0.9935912489891052, -0.01523609273135662, 0.11200209707021713, 0.02229156345129013, 0.9978263974189758, -0.06201426312327385, -0.11081379652023315, 0.06411353498697281, 0.9917710423469543),
            ["RightLowerLeg"] = CFrame.new(-7.82310962677002e-08, 1.1920928955078125e-07, 2.1573214326053858e-08, 1, -5.140898906574876e-07, -5.14090118031163e-07, 7.152558509915252e-07, 0.6417226791381836, 0.7669368386268616, -3.725290653733282e-08, -0.7669367790222168, 0.6417226195335388),
