return {
    ["Moonlit Mystery"] = {
        {Time = 0.000, Data = {
            ["LeftFoot"] = CFrame.new(0, 5.960464477539063e-08, 4.6566128730773926e-09, 0.9199514985084534, -0.3033496141433716, -0.24833045899868011, 0.2977335751056671, 0.9527096748352051, -0.060821399092674255, 0.2550371587276459, -0.017983512952923775, 0.9667641520500183),
            ["LeftLowerArm"] = CFrame.new(-5.960464477539063e-08, 1.1920928955078125e-07, -5.960464477539063e-08, 1, -7.823108916227284e-08, 6.332993507385254e-08, 7.450580596923828e-08, 0.21432840824127197, -0.9767616987228394, 7.450580596923828e-08, 0.9767616987228394, 0.214328333735466),
            ["LowerTorso"] = CFrame.new(-0.06986327469348907, -0.05707347393035889, -0.1197284385561943, 0.9924548268318176, -0.034735169261693954, 0.11758781969547272, 0.020175453275442123, 0.9922242760658264, 0.1228175014257431, -0.12093956023454666, -0.1195184588432312, 0.9854385256767273),
            ["Head"] = CFrame.new(1.862645149230957e-09, 0, 1.30385160446167e-08, 0.9929764270782471, -0.11692263931035995, 0.018079113215208054, 0.0746690109372139, 0.5007947683334351, -0.8623393774032593, 0.09177304804325104, 0.8576326966285706, 0.5060079097747803),
            ["RightUpperArm"] = CFrame.new(2.384185791015625e-07, -1.1920928955078125e-07, -5.587935447692871e-09, 0.36690425872802734, -0.29850709438323975, 0.8810646533966064, 0.6620461344718933, -0.5815652012825012, -0.47273361682891846, 0.6535108089447021, 0.7567533254623413, -0.015753284096717834),
            ["UpperTorso"] = CFrame.new(5.587935447692871e-09, -5.960464477539063e-08, 1.210719347000122e-08, 0.9976372122764587, -0.006638118997216225, 0.06838138401508331, 0.015333672985434532, 0.9917283654212952, -0.12743572890758514, -0.06696977466344833, 0.12818314135074615, 0.9894868731498718),
            ["HumanoidRootPart"] = CFrame.new(0, 0, 0, 1, 0, 0, 0, 1, 0, 0, 0, 1),
            ["RightHand"] = CFrame.new(-1.4901161193847656e-07, 1.7881393432617188e-07, -5.960464477539063e-08, 0.7252488732337952, -0.6640805006027222, 0.18168966472148895, 0.681443989276886, 0.6547340154647827, -0.32704341411590576, 0.09822466224431992, 0.3609992265701294, 0.9273788928985596),
            ["LeftUpperArm"] = CFrame.new(0, 1.1920928955078125e-07, 2.0489096641540527e-08, 0.8684467077255249, 0.07510843127965927, -0.4900602400302887, -0.2640840411186218, 0.9066401124000549, -0.32903414964675903, 0.41959506273269653, 0.4151656925678253, 0.807203471660614),
            ["RightLowerArm"] = CFrame.new(-1.7881393432617188e-07, 4.76837158203125e-07, 4.3213367462158203e-07, 1, 0, 2.607702853651972e-08, 8.195638656616211e-08, 0.7542495727539062, -0.6565878391265869, 4.470348358154297e-08, 0.6565878987312317, 0.7542495727539062),
            ["LeftHand"] = CFrame.new(-8.940696716308594e-08, 0, -2.8312206268310547e-07, 0.8668484687805176, 0.003990322817116976, 0.4985560178756714, 0.29012608528137207, 0.809186577796936, -0.5109244585037231, -0.4054635167121887, 0.5875384211540222, 0.7002843618392944),
            ["RightUpperLeg"] = CFrame.new(5.960464477539063e-08, -1.30385160446167e-08, 2.0656443666666746e-08, 0.9405432343482971, -0.29683950543403625, -0.16512033343315125, 0.21498319506645203, 0.8965738415718079, -0.3872179090976715, 0.262984037399292, 0.3286968767642975, 0.9070820212364197),
            ["LeftUpperLeg"] = CFrame.new(-5.960464477539063e-08, -4.1443854570388794e-08, 1.1175870895385742e-08, 0.9581621289253235, 0.2862192690372467, 0.001973693026229739, -0.2501286268234253, 0.8406559228897095, -0.4803471267223358, -0.13914372026920319, 0.4597567021846771, 0.877076268196106),
            ["RightLowerLeg"] = CFrame.new(5.960464477539063e-08, 0, 4.0810846257954836e-08, 1, -1.3783575525394554e-07, -8.195639367158947e-08, 9.12696123123169e-08, 0.7880680561065674, 0.6155878305435181, -3.725290298461914e-08, -0.6155881285667419, 0.7880683541297913),
            ["RightFoot"] = CFrame.new(8.172355592250824e-08, 3.5762786865234375e-07, -2.996966941282153e-08, 0.96128910779953, 0.27402475476264954, -0.028876401484012604, -0.2742132842540741, 0.961665153503418, -0.0027051016222685575, 0.027028152719140053, 0.010518908500671387, 0.9995793700218201),
            ["LeftLowerLeg"] = CFrame.new(-1.4156103134155273e-07, 0, -1.1175870895385742e-07, 1, 2.980232594040899e-08, -7.450582373280668e-09, -1.4901161193847656e-08, 0.7770636677742004, 0.6294221878051758, 2.2351741790771484e-08, -0.6294220685958862, 0.7770636081695557),
        }},
        {Time = 0.033, Data = {
            ["LeftFoot"] = CFrame.new(2.421438694000244e-08, 1.1920928955078125e-07, 1.862645149230957e-08, 0.8774411678314209, -0.3729570209980011, -0.30166181921958923, 0.40081965923309326, 0.9155277609825134, 0.033955007791519165, 0.26351606845855713, -0.15070542693138123, 0.9528102278709412),
            ["LeftLowerArm"] = CFrame.new(1.4901161193847656e-07, 0, 2.9802322387695312e-08, 1, -9.12695767851801e-08, 4.284081711602994e-08, 8.195637946073475e-08, 0.4308980703353882, -0.902400553226471, 1.4901159417490817e-08, 0.9024006128311157, 0.43089810013771057),
            ["LowerTorso"] = CFrame.new(-0.06952642649412155, -0.019585132598876953, -0.10214783251285553, 0.9875224232673645, -0.040379129350185394, 0.15221361815929413, 0.023066474124789238, 0.9932319521903992, 0.11383459717035294, -0.15577998757362366, -0.10890316963195801, 0.9817702174186707),
            ["Head"] = CFrame.new(2.60770320892334e-08, 0, 0, 0.9942946434020996, -0.1062777042388916, -0.009129050187766552, 0.053947482258081436, 0.5748469829559326, -0.8164805769920349, 0.09202149510383606, 0.8113299012184143, 0.5773007273674011),
            ["RightUpperArm"] = CFrame.new(-5.960464477539063e-08, 4.76837158203125e-07, -3.725290298461914e-08, 0.2430584579706192, -0.5604129433631897, 0.7917450070381165, 0.8215817213058472, -0.31498563289642334, -0.4751712381839752, 0.5156802535057068, 0.7659773826599121, 0.3838649392127991),
            ["UpperTorso"] = CFrame.new(6.51925802230835e-09, 2.9802322387695312e-08, -1.7695128917694092e-08, 0.9978979229927063, -0.01639905944466591, 0.06269658356904984, 0.022538818418979645, 0.9948806762695312, -0.0985114574432373, -0.06076010316610336, 0.09971746057271957, 0.9931589365005493),
            ["HumanoidRootPart"] = CFrame.new(0, 0, 0, 1, 0, 0, 0, 1, 0, 0, 0, 1),
            ["RightHand"] = CFrame.new(-2.980232238769531e-07, 5.960464477539062e-07, 1.4901161193847656e-07, 0.699677050113678, -0.6597276329994202, 0.27424731850624084, 0.7117283940315247, 0.610077977180481, -0.34820619225502014, 0.0624089352786541, 0.43882155418395996, 0.896404504776001),
            ["LeftUpperArm"] = CFrame.new(-1.1920928955078125e-07, 4.76837158203125e-07, -1.4901161193847656e-08, 0.7833020091056824, 0.22486995160579681, -0.5795444250106812, -0.4806758165359497, 0.8102710247039795, -0.3352784514427185, 0.3941938877105713, 0.5411972403526306, 0.7427762746810913),
            ["RightLowerArm"] = CFrame.new(-8.940696716308594e-08, 0, 1.4901161193847656e-08, 1, -8.940693874137651e-08, 5.215404996761208e-08, 5.2154071283894154e-08, 0.46208691596984863, -0.8868346214294434, 0, 0.8868346214294434, 0.46208685636520386),
            ["LeftHand"] = CFrame.new(2.5331974029541016e-07, 1.1920928955078125e-07, -1.341104507446289e-07, 0.9727311134338379, 0.07156861573457718, 0.22061781585216522, 0.0934615209698677, 0.7496042251586914, -0.6552547216415405, -0.21227160096168518, 0.6580057144165039, 0.7224743366241455),
            ["RightUpperLeg"] = CFrame.new(0, 4.637986421585083e-07, 5.045876605436206e-08, 0.9391535520553589, -0.316904217004776, -0.13252367079257965, 0.2403406798839569, 0.8818782567977905, -0.40561944246292114, 0.24541229009628296, 0.3490878939628601, 0.9043840765953064),
            ["LeftUpperLeg"] = CFrame.new(8.940696716308594e-08, 2.461019903421402e-07, 3.725290298461914e-09, 0.9542391896247864, 0.2987903654575348, 0.01232951506972313, -0.25872281193733215, 0.8455480933189392, -0.4670236110687256, -0.1499672681093216, 0.4424622058868408, 0.8841589689254761),
            ["RightLowerLeg"] = CFrame.new(-5.21540641784668e-08, 4.76837158203125e-07, 4.0810846257954836e-08, 1, -6.332995639013461e-08, 2.2351745343485163e-08, 1.0617077350616455e-07, 0.7840557098388672, 0.620690107345581, -4.0978193283081055e-08, -0.620690643787384, 0.7840560078620911),
            ["RightFoot"] = CFrame.new(-4.889443516731262e-08, 3.5762786865234375e-07, 9.145878721028566e-09, 0.949131965637207, 0.31335654854774475, 0.030925247818231583, -0.31458595395088196, 0.9394307136535645, 0.13603565096855164, 0.013575411401689053, -0.13884428143501282, 0.9902212619781494),
            ["LeftLowerLeg"] = CFrame.new(1.1175870895385742e-07, 1.1920928955078125e-07, 4.470348358154297e-08, 1, 5.215408194203519e-08, 3.725290653733282e-08, -5.960463766996327e-08, 0.8401788473129272, 0.5423094034194946, 2.9802318834981634e-08, -0.5423094630241394, 0.840178906917572),
        }},
        {Time = 0.067, Data = {
            ["LeftFoot"] = CFrame.new(-7.636845111846924e-08, -1.1920928955078125e-07, -7.450580596923828e-09, 0.8549240231513977, -0.3698783814907074, -0.3637236952781677, 0.4540458619594574, 0.8726455569267273, 0.17981185019016266, 0.25089332461357117, -0.3188726007938385, 0.9139873385429382),
            ["LeftLowerArm"] = CFrame.new(2.384185791015625e-07, 3.5762786865234375e-07, -1.1920928955078125e-07, 1, -6.705520405603238e-08, -2.980232594040899e-08, 5.21540641784668e-08, 0.6649634838104248, -0.7468761205673218, -1.4901161193847656e-08, 0.7468758821487427, 0.6649631857872009),
            ["LowerTorso"] = CFrame.new(-0.06813699752092361, 0.009419918060302734, -0.080577552318573, 0.9827920794487, -0.05357254669070244, 0.1767764836549759, 0.03598609194159508, 0.9942116737365723, 0.10123302787542343, -0.1811765879392624, -0.09312949329614639, 0.9790312051773071),
            ["Head"] = CFrame.new(-3.725290298461914e-09, 0, 9.313225746154785e-10, 0.9958397150039673, -0.08429896831512451, -0.034599561244249344, 0.03290552273392677, 0.6867563128471375, -0.7261425256729126, 0.08497454226016998, 0.721983015537262, 0.686673104763031),
            ["RightUpperArm"] = CFrame.new(0, -3.5762786865234375e-07, -2.1420419216156006e-08, 0.18041346967220306, -0.7685775756835938, 0.6137908697128296, 0.9323515892028809, -0.06515420228242874, -0.355633944272995, 0.31332340836524963, 0.6364302039146423, 0.7048300504684448),
            ["UpperTorso"] = CFrame.new(9.313225746154785e-09, 2.682209014892578e-07, 7.450580596923828e-09, 0.9982838034629822, -0.018246479332447052, 0.055647920817136765, 0.020713742822408676, 0.9988129734992981, -0.0440872386097908, -0.05477740615606308, 0.045164238661527634, 0.9974766969680786),
            ["HumanoidRootPart"] = CFrame.new(0, 0, 0, 1, 0, 0, 0, 1, 0, 0, 0, 1),
            ["RightHand"] = CFrame.new(1.1920928955078125e-07, 0, -7.264316082000732e-08, 0.6722638010978699, -0.635735809803009, 0.37934425473213196, 0.7398008704185486, 0.5578674077987671, -0.37613555788993835, 0.027499224990606308, 0.5335016846656799, 0.8453519940376282),
            ["LeftUpperArm"] = CFrame.new(1.1920928955078125e-07, -3.5762786865234375e-07, -2.1420419216156006e-08, 0.6977296471595764, 0.3193720281124115, -0.6412291526794434, -0.6437923312187195, 0.6721251010894775, -0.3657582402229309, 0.3141733407974243, 0.6680189967155457, 0.6745710968971252),
            ["RightLowerArm"] = CFrame.new(3.5762786865234375e-07, 1.1920928955078125e-07, -1.1920928955078125e-07, 1, -1.1175869474300271e-07, 3.166497108963995e-08, 9.685754776000977e-08, 0.25008589029312134, -0.9682237505912781, -1.4901161193847656e-08, 0.9682236909866333, 0.250085711479187),
            ["LeftHand"] = CFrame.new(7.450580596923828e-08, 5.960464477539063e-08, -2.9802322387695312e-08, 0.9798333644866943, 0.1991899013519287, -0.015815770253539085, -0.16086475551128387, 0.7393996715545654, -0.6537657976150513, -0.11852923780679703, 0.6431263089179993, 0.7565317153930664),
            ["RightUpperLeg"] = CFrame.new(1.1920928955078125e-07, 4.209578037261963e-07, 3.55576048605144e-08, 0.9446167349815369, -0.31882524490356445, -0.07777955383062363, 0.2628083825111389, 0.8768569231033325, -0.4025590717792511, 0.19654762744903564, 0.3598228096961975, 0.9120835661888123),
            ["LeftUpperLeg"] = CFrame.new(-1.1920928955078125e-07, 4.307366907596588e-09, -9.313225746154785e-10, 0.9437006711959839, 0.33069485425949097, 0.008360027335584164, -0.28600338101387024, 0.8283427357673645, -0.4817162752151489, -0.16622598469257355, 0.45220500230789185, 0.8762874007225037),
            ["RightLowerLeg"] = CFrame.new(7.415656000375748e-08, 7.152557373046875e-07, 6.875052349641919e-08, 1, -5.2852563214855763e-08, -1.9092118108687828e-08, 1.0069925338029861e-07, 0.7904160022735596, 0.61257004737854, -3.5157427191734314e-08, -0.6125704050064087, 0.7904163599014282),
            ["RightFoot"] = CFrame.new(-8.36735125631094e-08, 4.76837158203125e-07, -2.0656443666666746e-08, 0.9369142055511475, 0.3340940773487091, 0.10282566398382187, -0.3484382927417755, 0.916131317615509, 0.19822734594345093, -0.027975358068943024, -0.22155030071735382, 0.9747475981712341),
            ["LeftLowerLeg"] = CFrame.new(-1.564621925354004e-07, -1.1920928955078125e-07, 5.960464477539063e-08, 1, 4.842878453814592e-08, -5.587935447692871e-09, -7.450581307466564e-08, 0.859711766242981, 0.5107795000076294, 7.450581485102248e-09, -0.5107795596122742, 0.859711766242981),
        }},
        {Time = 0.100, Data = {
            ["LeftFoot"] = CFrame.new(3.725290298461914e-08, -5.960464477539063e-08, -1.3969838619232178e-08, 0.8646520972251892, -0.37652188539505005, -0.3325779438018799, 0.42757922410964966, 0.8991049528121948, 0.09373577684164047, 0.2637290060520172, -0.2232522964477539, 0.9384058713912964),
            ["LeftLowerArm"] = CFrame.new(2.9802322387695312e-08, -1.7881393432617188e-07, -1.341104507446289e-07, 1, -6.426123633218594e-08, 8.568166975919667e-08, 9.685752644372769e-08, 0.5055745840072632, -0.8627828359603882, 8.940694584680386e-08, 0.862782895565033, 0.5055747032165527),
            ["LowerTorso"] = CFrame.new(-0.07008495181798935, 0.01336526870727539, -0.0486593171954155, 0.9802377223968506, -0.0622488409280777, 0.18777422606945038, 0.04636857658624649, 0.9950572848320007, 0.08781254291534424, -0.1923123300075531, -0.07737033069133759, 0.9782789945602417),
            ["Head"] = CFrame.new(-7.450580596923828e-09, -2.384185791015625e-07, -3.725290298461914e-09, 0.9971828460693359, -0.06126301735639572, -0.04328036308288574, 0.02406333200633526, 0.8077826499938965, -0.5889890789985657, 0.07104438543319702, 0.5862883925437927, 0.8069812059402466),
            ["RightUpperArm"] = CFrame.new(0, -3.5762786865234375e-07, 2.9802322387695312e-08, 0.32309940457344055, -0.8690445423126221, 0.37465745210647583, 0.9408209323883057, 0.2521734833717346, -0.226416677236557, 0.10228753089904785, 0.4256407916545868, 0.8990925550460815),
            ["UpperTorso"] = CFrame.new(-1.210719347000122e-08, 8.940696716308594e-08, 1.862645149230957e-09, 0.9986093640327454, -0.019491121172904968, 0.04898447543382645, 0.017842315137386322, 0.9992668032646179, 0.033874839544296265, -0.049608826637268066, -0.03295375779271126, 0.9982249140739441),
            ["HumanoidRootPart"] = CFrame.new(0, 0, 0, 1, 0, 0, 0, 1, 0, 0, 0, 1),
            ["RightHand"] = CFrame.new(1.341104507446289e-07, 2.980232238769531e-07, 0, 0.6685159206390381, -0.617408275604248, 0.4146009683609009, 0.7422978281974792, 0.5197575688362122, -0.42290106415748596, 0.04561077058315277, 0.5904735922813416, 0.8057671785354614),
            ["LeftUpperArm"] = CFrame.new(5.960464477539063e-08, -2.384185791015625e-07, 2.9802322387695312e-08, 0.5935539603233337, 0.5487318634986877, -0.5887163281440735, -0.750613808631897, 0.6413206458091736, -0.15901818871498108, 0.29029765725135803, 0.5362846851348877, 0.7925442457199097),
            ["RightLowerArm"] = CFrame.new(-8.344650268554688e-07, -2.980232238769531e-07, 2.9802322387695312e-08, 1, -1.0058282384761696e-07, 1.1920926112907182e-07, 6.332992796842518e-08, 0.1556949019432068, -0.987805187702179, 5.960463766996327e-08, 0.9878052473068237, 0.1556948870420456),
            ["LeftHand"] = CFrame.new(-2.682209014892578e-07, 0, -7.450580596923828e-08, 0.9316034913063049, 0.31290769577026367, -0.18494276702404022, -0.36318907141685486, 0.7811418771743774, -0.5078489780426025, -0.014443391934037209, 0.5402833223342896, 0.8413594365119934),
            ["RightUpperLeg"] = CFrame.new(-8.940696716308594e-08, -3.473833203315735e-07, -5.3849362302571535e-08, 0.9476518630981445, -0.3183935284614563, -0.02411808632314205, 0.28100982308387756, 0.8674799203872681, -0.41050243377685547, 0.15162327885627747, 0.3822358250617981, 0.9115405678749084),
            ["LeftUpperLeg"] = CFrame.new(2.9802322387695312e-08, -2.4726614356040955e-07, 7.450580596923828e-09, 0.9264676570892334, 0.3762683868408203, -0.008929699659347534, -0.3244021534919739, 0.78628009557724, -0.5258582830429077, -0.1908426582813263, 0.4900875687599182, 0.8505253195762634),
            ["RightLowerLeg"] = CFrame.new(4.284083843231201e-08, 3.5762786865234375e-07, 2.4047039914876223e-08, 1, -9.313225746154785e-08, -2.980233304583635e-08, 9.685753354915505e-08, 0.7436305284500122, 0.6685906052589417, -4.0978189730367376e-08, -0.668590784072876, 0.7436307668685913),
            ["RightFoot"] = CFrame.new(5.541369318962097e-08, 1.7881393432617188e-07, 2.4047039914876223e-08, 0.9389654994010925, 0.3337379992008209, 0.0834440290927887, -0.3401937782764435, 0.9368512034416199, 0.0811033695936203, -0.05110745131969452, -0.10454044491052628, 0.9932066202163696),
            ["LeftLowerLeg"] = CFrame.new(1.6391277313232422e-07, -5.960464477539063e-08, -4.470348358154297e-08, 1, 1.266598843585598e-07, 3.72529100900465e-08, -8.940695295223122e-08, 0.7826617360115051, 0.6224473714828491, 4.470347647611561e-08, -0.6224473118782043, 0.7826616168022156),
        }},
        {Time = 0.133, Data = {
            ["LeftFoot"] = CFrame.new(0, 5.960464477539063e-08, 2.2351741790771484e-08, 0.8842427730560303, -0.3427770733833313, -0.3172040581703186, 0.37948188185691833, 0.923240065574646, 0.06017763167619705, 0.27222809195518494, -0.17358502745628357, 0.9464461207389832),
            ["LeftLowerArm"] = CFrame.new(-3.8743019104003906e-07, 4.172325134277344e-07, 3.3527612686157227e-08, 1, -1.0803340444454079e-07, 9.313227877782992e-08, 3.539026138810186e-08, 0.19605901837348938, -0.9805921316146851, 7.078052277620372e-08, 0.9805921912193298, 0.1960592269897461),
            ["LowerTorso"] = CFrame.new(-0.07497406750917435, -0.013672590255737305, -0.008377701044082642, 0.9791993498802185, -0.06993121653795242, 0.19046905636787415, 0.057473231106996536, 0.9958781003952026, 0.07017001509666443, -0.19459104537963867, -0.057763565331697464, 0.9791821837425232),
            ["Head"] = CFrame.new(7.450580596923828e-09, -1.1920928955078125e-07, 7.450580596923828e-08, 0.9973965287208557, -0.047142144292593, -0.05456949770450592, 0.02624768391251564, 0.9421473145484924, -0.33416983485221863, 0.06716597080230713, 0.3318675756454468, 0.9409318566322327),
            ["RightUpperArm"] = CFrame.new(1.1920928955078125e-07, -2.384185791015625e-07, -8.940696716308594e-08, 0.49416717886924744, -0.859969973564148, 0.12747792899608612, 0.8687092661857605, 0.4941582977771759, -0.03393670544028282, -0.03380971401929855, 0.12751169502735138, 0.9912607073783875),
            ["UpperTorso"] = CFrame.new(-2.7939677238464355e-09, -1.7881393432617188e-07, -7.450580596923828e-09, 0.9986916184425354, -0.019291739910840988, 0.04735917970538139, 0.013316428288817406, 0.9922690987586975, 0.12338846921920776, -0.049373380839824677, -0.12259633094072342, 0.9912278056144714),
            ["HumanoidRootPart"] = CFrame.new(0, 0, 0, 1, 0, 0, 0, 1, 0, 0, 0, 1),
            ["RightHand"] = CFrame.new(8.940696716308594e-08, -1.7881393432617188e-07, -2.2351741790771484e-07, 0.6416776776313782, -0.6562842726707458, 0.3969142436981201, 0.7580325603485107, 0.4638757109642029, -0.45848220586776733, 0.11677567660808563, 0.5950717329978943, 0.7951435446739197),
            ["LeftUpperArm"] = CFrame.new(-1.1920928955078125e-07, -3.5762786865234375e-07, 5.774199962615967e-08, 0.6248995065689087, 0.7305075526237488, -0.2754262387752533, -0.7485220432281494, 0.6608648300170898, 0.05451840162277222, 0.2218456119298935, 0.17209412157535553, 0.9597750306129456),
            ["RightLowerArm"] = CFrame.new(5.364418029785156e-07, 1.1920928955078125e-07, -8.940696716308594e-08, 1, -1.5646217832454568e-07, 9.313227167240257e-08, 1.1175870895385742e-07, 0.11958692967891693, -0.9928237199783325, 7.450580596923828e-08, 0.9928237795829773, 0.1195869967341423),
            ["LeftHand"] = CFrame.new(-3.2782554626464844e-07, 5.960464477539063e-08, -1.6391277313232422e-07, 0.8754127621650696, 0.37566643953323364, -0.3041835129261017, -0.46711376309394836, 0.819313645362854, -0.3324599862098694, 0.1243276447057724, 0.4331280589103699, 0.8927165865898132),
            ["RightUpperLeg"] = CFrame.new(5.960464477539063e-08, 1.5087425708770752e-07, -9.145878721028566e-09, 0.9487951397895813, -0.3120378255844116, 0.04919663816690445, 0.3044598400592804, 0.8617811799049377, -0.40575551986694336, 0.08421439677476883, 0.3999570906162262, 0.9126567244529724),
            ["LeftUpperLeg"] = CFrame.new(-1.1920928955078125e-07, -1.5227124094963074e-07, -7.450580596923828e-09, 0.9055067300796509, 0.4224989712238312, -0.039398372173309326, -0.36389830708503723, 0.7254327535629272, -0.5842305421829224, -0.2182558923959732, 0.5433616638183594, 0.8106309175491333),
            ["RightLowerLeg"] = CFrame.new(2.2351741790771484e-08, 6.556510925292969e-07, -7.281050784513354e-08, 1, -1.4156103134155273e-07, -3.352762334429826e-08, 1.266598843585598e-07, 0.6852582693099976, 0.7283000349998474, -4.4703490686970326e-08, -0.7283002138137817, 0.6852583289146423),
            ["RightFoot"] = CFrame.new(-1.7601996660232544e-07, 2.980232238769531e-07, 3.894820110872388e-08, 0.9314350485801697, 0.36370396614074707, -0.012187687680125237, -0.36385828256607056, 0.9313383102416992, -0.014695663005113602, 0.006005872040987015, 0.01812279410660267, 0.9998177289962769),
            ["LeftLowerLeg"] = CFrame.new(1.043081283569336e-07, 5.960464477539063e-08, -1.4901161193847656e-08, 1, 5.960465188081798e-08, 1.4901166522918174e-08, -8.940696716308594e-08, 0.6550061702728271, 0.7556237578392029, 2.9802322387695312e-08, -0.7556235790252686, 0.655005931854248),
        }},
        {Time = 0.167, Data = {
            ["LeftFoot"] = CFrame.new(3.166496753692627e-08, -1.1920928955078125e-07, 5.960464477539063e-08, 0.9014760255813599, -0.32286369800567627, -0.28827062249183655, 0.3388877213001251, 0.9408074021339417, 0.006058972328901291, 0.26925092935562134, -0.10315331816673279, 0.9575299024581909),
            ["LeftLowerArm"] = CFrame.new(-5.960464477539063e-08, 4.172325134277344e-07, -2.9802322387695312e-08, 1, -9.685754776000977e-08, 6.705522537231445e-08, 1.3876704940685158e-07, -0.09173579514026642, -0.9957833886146545, 1.1734663019069558e-07, 0.9957834482192993, -0.09173576533794403),
            ["LowerTorso"] = CFrame.new(-0.0864853486418724, -0.06477928161621094, 0.022601451724767685, 0.9780890345573425, -0.07448107749223709, 0.19440805912017822, 0.0672026127576828, 0.9967784881591797, 0.04377896338701248, -0.19704246520996094, -0.0297549981623888, 0.9799433350563049),
            ["Head"] = CFrame.new(4.470348358154297e-08, 3.5762786865234375e-07, -7.450580596923828e-09, 0.9967659115791321, -0.04431252181529999, -0.06704005599021912, 0.030175160616636276, 0.9795692563056946, -0.19883063435554504, 0.07448109239339828, 0.19616466760635376, 0.9777382016181946),
            ["RightUpperArm"] = CFrame.new(1.1920928955078125e-07, 7.152557373046875e-07, 0, 0.7057696580886841, -0.6753050684928894, -0.21413129568099976, 0.7075110077857971, 0.6873610019683838, 0.16420510411262512, 0.03629705682396889, -0.2673911452293396, 0.9629042148590088),
            ["UpperTorso"] = CFrame.new(0, -2.9802322387695312e-08, -4.6566128730773926e-09, 0.9987573623657227, -0.01614983379840851, 0.04714897274971008, 0.0057719191536307335, 0.9771576523780823, 0.21243765950202942, -0.04950282722711563, -0.2119014710187912, 0.9760364890098572),
            ["HumanoidRootPart"] = CFrame.new(0, 0, 0, 1, 0, 0, 0, 1, 0, 0, 0, 1),
            ["RightHand"] = CFrame.new(5.960464477539063e-08, -1.1920928955078125e-07, 1.1920928955078125e-07, 0.7509174942970276, -0.5376889705657959, 0.383423775434494, 0.6593633890151978, 0.5779768824577332, -0.4808146357536316, 0.03691882640123367, 0.6138676404953003, 0.7885453104972839),
            ["LeftUpperArm"] = CFrame.new(0, 5.960464477539062e-07, -7.450580596923828e-08, 0.7277066707611084, 0.6673105955123901, 0.15855494141578674, -0.6858327984809875, 0.7108860015869141, 0.1558033674955368, -0.008745149709284306, -0.22212117910385132, 0.974979817867279),
            ["RightLowerArm"] = CFrame.new(1.1920928955078125e-07, 4.76837158203125e-07, 7.82310962677002e-08, 1, -5.4715194153232005e-08, 8.940696716308594e-08, 1.639127589214695e-07, -0.012923461385071278, -0.9999165534973145, 1.9930300254600297e-07, 0.9999164938926697, -0.012923524715006351),
            ["LeftHand"] = CFrame.new(-2.775341272354126e-07, -5.960464477539063e-08, 1.043081283569336e-07, 0.8275060653686523, 0.4266999661922455, -0.3649122416973114, -0.5190263986587524, 0.8292251229286194, -0.20735718309879303, 0.21411515772342682, 0.36098867654800415, 0.9076575040817261),
            ["RightUpperLeg"] = CFrame.new(1.1920928955078125e-07, -7.031485438346863e-08, -1.6952981241047382e-09, 0.9443047046661377, -0.29704371094703674, 0.14161092042922974, 0.328971266746521, 0.8628039956092834, -0.3838585317134857, -0.008159694261848927, 0.40906521677970886, 0.9124686121940613),
            ["LeftUpperLeg"] = CFrame.new(-1.1920928955078125e-07, 1.932494342327118e-08, 7.450580596923828e-09, 0.9115681648254395, 0.37043657898902893, -0.17838241159915924, -0.40653473138809204, 0.7472671866416931, -0.5256627798080444, -0.06142542511224747, 0.5516960024833679, 0.8317802548408508),
            ["RightLowerLeg"] = CFrame.new(-2.9802322387695312e-08, 5.960464477539063e-08, -1.3205863069742918e-08, 1, -1.4156104555240745e-07, -2.6077040971017595e-08, 1.1175872316471214e-07, 0.6678873896598816, 0.7442620992660522, -4.4703490686970326e-08, -0.7442623376846313, 0.6678876876831055),
            ["RightFoot"] = CFrame.new(5.587935447692871e-08, 3.5762786865234375e-07, 2.2184394765645266e-08, 0.9306755661964417, 0.3650640845298767, 0.023901082575321198, -0.36582106351852417, 0.9293815493583679, 0.04924425482749939, -0.004235973581671715, -0.05457382649183273, 0.9985007643699646),
            ["LeftLowerLeg"] = CFrame.new(8.195638656616211e-08, -2.980232238769531e-07, 7.450580596923828e-09, 1, 3.725290653733282e-08, 2.980232594040899e-08, -2.2351738238057806e-08, 0.6258738040924072, 0.7799243927001953, 5.5879347371501353e-08, -0.7799243330955505, 0.625873863697052),
        }},
        {Time = 0.200, Data = {
            ["LeftFoot"] = CFrame.new(-1.30385160446167e-08, 5.960464477539063e-08, -7.450580596923828e-09, 0.9255694150924683, -0.28351348638534546, -0.25088098645210266, 0.2825719714164734, 0.9583882689476013, -0.040561385452747345, 0.2519412338733673, -0.03334955498576164, 0.967167854309082),
            ["LeftLowerArm"] = CFrame.new(0, -2.384185791015625e-07, -1.4901161193847656e-07, 1, -2.980232949312267e-08, 1.1175870895385742e-07, 7.450581307466564e-08, -0.21200403571128845, -0.9772688150405884, 1.1175872316471214e-07, 0.9772688150405884, -0.21200403571128845),
            ["LowerTorso"] = CFrame.new(-0.10140625387430191, -0.1301441192626953, 0.036005470901727676, 0.9755389094352722, -0.07563284039497375, 0.2064061462879181, 0.072993203997612, 0.9971241354942322, 0.02038510888814926, -0.207354336977005, -0.004820216912776232, 0.9782540202140808),
            ["Head"] = CFrame.new(-5.21540641784668e-08, 0, -8.195638656616211e-08, 0.9957684874534607, -0.03935586288571358, -0.08304455876350403, 0.0245065838098526, 0.9846542477607727, -0.172787144780159, 0.08857036381959915, 0.1700209081172943, 0.9814521670341492),
            ["RightUpperArm"] = CFrame.new(1.1920928955078125e-07, 0, 2.9802322387695312e-08, 0.7945370674133301, -0.32627633213996887, -0.5121082067489624, 0.5714723467826843, 0.6868832111358643, 0.44901108741760254, 0.2052568793296814, -0.6494116187095642, 0.7322118878364563),
            ["UpperTorso"] = CFrame.new(1.30385160446167e-08, 1.1920928955078125e-07, 0, 0.9988397359848022, -0.010106259025633335, 0.047087330371141434, -0.003231592010706663, 0.9614654183387756, 0.2749072015285492, -0.04805104807019234, -0.2747403383255005, 0.960317075252533),
            ["HumanoidRootPart"] = CFrame.new(0, 0, 0, 1, 0, 0, 0, 1, 0, 0, 0, 1),
            ["RightHand"] = CFrame.new(-1.043081283569336e-07, 0, 0, 0.8534795045852661, -0.35002362728118896, 0.3860779404640198, 0.5065150260925293, 0.7313847541809082, -0.456638902425766, -0.12253709882497787, 0.585286021232605, 0.8015140295028687),
            ["LeftUpperArm"] = CFrame.new(-4.76837158203125e-07, 0, 4.470348358154297e-08, 0.6599816679954529, 0.5395245552062988, 0.5228167176246643, -0.7164298892021179, 0.6614682674407959, 0.22178378701210022, -0.22616882622241974, -0.5209347009658813, 0.8230884671211243),
            ["RightLowerArm"] = CFrame.new(-2.9802322387695312e-08, -5.960464477539063e-08, -1.1175870895385742e-07, 1, -1.3411046495548362e-07, 1.4901159772762185e-07, 5.215405707303944e-08, -0.18540318310260773, -0.982662558555603, 1.1920927533992653e-07, 0.9826626181602478, -0.1854032427072525),
            ["LeftHand"] = CFrame.new(-1.0291114449501038e-07, -5.960464477539063e-08, 3.725290298461914e-08, 0.7874767780303955, 0.41587916016578674, -0.4548898935317993, -0.5384284257888794, 0.8233669996261597, -0.17933720350265503, 0.2999585270881653, 0.3861493766307831, 0.8723034858703613),
            ["RightUpperLeg"] = CFrame.new(0, 7.543712854385376e-08, -1.6596459317952394e-08, 0.9351840019226074, -0.26490089297294617, 0.2350713163614273, 0.33104488253593445, 0.8896982669830322, -0.31439855694770813, -0.12585799396038055, 0.3718395233154297, 0.9197255969047546),
            ["LeftUpperLeg"] = CFrame.new(5.960464477539063e-08, -1.100124791264534e-08, 2.2351741790771484e-08, 0.9020476937294006, 0.3096230626106262, -0.3007386326789856, -0.4198225438594818, 0.7912444472312927, -0.44461360573768616, 0.10029523074626923, 0.5273194909095764, 0.8437269330024719),
            ["RightLowerLeg"] = CFrame.new(-7.450580596923828e-08, 3.5762786865234375e-07, -1.3241515262052417e-07, 1, -1.4156103134155273e-07, -8.195642919872625e-08, 7.450581307466564e-08, 0.6740937829017639, 0.7386457324028015, -1.1920930376163597e-07, -0.7386457920074463, 0.6740939021110535),
            ["RightFoot"] = CFrame.new(-2.9802322387695312e-08, 2.980232238769531e-07, -2.0656443666666746e-08, 0.9403424859046936, 0.34000420570373535, -0.012385876849293709, -0.34010282158851624, 0.9403625726699829, -0.00694644171744585, 0.009285320527851582, 0.010744692757725716, 0.9998992085456848),
            ["LeftLowerLeg"] = CFrame.new(-1.5273690223693848e-07, 1.1920928955078125e-07, 5.960464477539063e-08, 1, 7.823111758398227e-08, 2.980233304583635e-08, -3.352760913344355e-08, 0.5718914866447449, 0.820329487323761, 3.725289943190546e-08, -0.8203293681144714, 0.5718913078308105),
        }},
        {Time = 0.233, Data = {
            ["LeftFoot"] = CFrame.new(5.029141902923584e-08, 5.960464477539063e-08, 4.470348358154297e-08, 0.9653946161270142, -0.23846277594566345, -0.10558784008026123, 0.2197047919034958, 0.9617906212806702, -0.16336683928966522, 0.1405104100704193, 0.13451528549194336, 0.9808988571166992),
            ["LeftLowerArm"] = CFrame.new(2.980232238769531e-07, -2.384185791015625e-07, -2.086162567138672e-07, 1, -1.341104365337742e-07, 1.1920928955078125e-07, 8.940695295223122e-08, -0.1993774175643921, -0.979922890663147, 1.639127589214695e-07, 0.9799227714538574, -0.19937723875045776),
            ["LowerTorso"] = CFrame.new(-0.12113799154758453, -0.16053402423858643, 0.04541809484362602, 0.9624807238578796, -0.04977533966302872, 0.26674574613571167, 0.04714053124189377, 0.998755693435669, 0.016275985166430473, -0.26722395420074463, -0.003090787911787629, 0.9636296033859253),
            ["Head"] = CFrame.new(-7.450580596923828e-09, -1.1920928955078125e-07, -3.725290298461914e-08, 0.9851049184799194, -0.07155327498912811, -0.15636056661605835, 0.04589894041419029, 0.9857364892959595, -0.16191662847995758, 0.1657159924507141, 0.15232820808887482, 0.9743379950523376),
            ["RightUpperArm"] = CFrame.new(-5.960464477539063e-08, 0, -5.960464477539063e-08, 0.7780641913414001, 0.02966216765344143, -0.6274840235710144, 0.4857434332370758, 0.6049861907958984, 0.6309080123901367, 0.39833343029022217, -0.7956832647323608, 0.4563100337982178),
            ["UpperTorso"] = CFrame.new(1.7695128917694092e-08, -1.7881393432617188e-07, -3.725290298461914e-09, 0.9987542629241943, 0.007206965237855911, 0.0493767112493515, -0.021704891696572304, 0.9537482857704163, 0.29982173442840576, -0.04493214190006256, -0.30052000284194946, 0.952716588973999),
            ["HumanoidRootPart"] = CFrame.new(0, 0, 0, 1, 0, 0, 0, 1, 0, 0, 0, 1),
            ["RightHand"] = CFrame.new(-6.05359673500061e-08, 0, 5.960464477539063e-08, 0.8983732461929321, -0.05556648224592209, 0.43570390343666077, 0.3144698441028595, 0.7739091515541077, -0.549703061580658, -0.30665022134780884, 0.6308543086051941, 0.712733268737793),
            ["LeftUpperArm"] = CFrame.new(0, -1.1920928955078125e-07, -1.0803341865539551e-07, 0.6355572938919067, 0.5220333337783813, 0.5688129663467407, -0.7211400866508484, 0.6645177006721497, 0.19589099287986755, -0.27572476863861084, -0.5346938371658325, 0.7987982034683228),
            ["RightLowerArm"] = CFrame.new(-5.960464477539063e-08, -3.5762786865234375e-07, 3.818422555923462e-08, 1, -2.1979212760925293e-07, 1.1548399925231934e-07, 1.0244548320770264e-07, -0.21682272851467133, -0.9762110710144043, 7.35744833946228e-08, 0.9762110710144043, -0.2168225646018982),
            ["LeftHand"] = CFrame.new(2.60770320892334e-07, 5.960464477539063e-08, -5.960464477539063e-08, 0.7625095844268799, 0.3731119930744171, -0.5285515785217285, -0.5505565404891968, 0.8032839894294739, -0.2272055596113205, 0.3398039937019348, 0.46424394845962524, 0.8179308772087097),
            ["RightUpperLeg"] = CFrame.new(5.960464477539063e-08, -2.3713801056146622e-07, 1.1343217920511961e-08, 0.9373819828033447, -0.31123048067092896, 0.15636703372001648, 0.3456185758113861, 0.8867844343185425, -0.3068569600582123, -0.04316064342856407, 0.3416854441165924, 0.9388228058815002),
            ["LeftUpperLeg"] = CFrame.new(0, -2.6461202651262283e-07, -2.60770320892334e-08, 0.9155109524726868, 0.22307388484477997, -0.33478036522865295, -0.3643372654914856, 0.8126232028007507, -0.4548646807670593, 0.1705818474292755, 0.5384065508842468, 0.8252395391464233),
            ["RightLowerLeg"] = CFrame.new(-7.450580596923828e-08, 2.384185791015625e-07, 4.639878170564771e-08, 1, -8.940696716308594e-08, -5.5879375793210784e-08, 1.1175870895385742e-07, 0.6318134665489197, 0.775120198726654, -1.043081283569336e-07, -0.7751204967498779, 0.6318138837814331),
            ["RightFoot"] = CFrame.new(5.8673322200775146e-08, 1.7881393432617188e-07, 6.502523319795728e-08, 0.9506605863571167, 0.30158311128616333, -0.07274682819843292, -0.3042854368686676, 0.952133059501648, -0.029209008440375328, 0.06045571714639664, 0.04990394786000252, 0.9969226717948914),
            ["LeftLowerLeg"] = CFrame.new(-5.494803190231323e-08, -5.960464477539063e-08, -1.4901161193847656e-08, 1, 7.4505820180093e-08, 3.725290653733282e-08, -4.842877388000488e-08, 0.5385000705718994, 0.8426254987716675, 3.725290298461914e-08, -0.8426254987716675, 0.5385001301765442),
        }},
        {Time = 0.267, Data = {
            ["LeftFoot"] = CFrame.new(-5.774199962615967e-08, 5.960464477539063e-08, 0, 0.9890038967132568, -0.042426254600286484, 0.1416737139225006, 0.0691014975309372, 0.9795327186584473, -0.18905213475227356, -0.1307533085346222, 0.1967630684375763, 0.9716933965682983),
            ["LeftLowerArm"] = CFrame.new(-2.086162567138672e-07, -1.1920928955078125e-07, 0, 1, -1.0430809993522416e-07, 1.192092469182171e-07, 1.341104507446289e-07, -0.31653690338134766, -0.948580265045166, 1.564621925354004e-07, 0.948580265045166, -0.3165367543697357),
            ["LowerTorso"] = CFrame.new(-0.13123393058776855, -0.10560035705566406, 0.05415857955813408, 0.9694995880126953, -0.0319146104156971, 0.24300619959831238, 0.025025293231010437, 0.9991940855979919, 0.03138551861047745, -0.24381199479103088, -0.02434694580733776, 0.969516932964325),
            ["Head"] = CFrame.new(-1.1175870895385742e-08, 1.1920928955078125e-07, -5.21540641784668e-08, 0.9829816818237305, -0.1140822023153305, -0.14398761093616486, 0.08497487753629684, 0.9772764444351196, -0.19419099390506744, 0.16286948323249817, 0.17865097522735596, 0.9703389406204224),
            ["RightUpperArm"] = CFrame.new(1.1920928955078125e-07, 7.152557373046875e-07, 0, 0.8637293577194214, -0.36880937218666077, -0.34344038367271423, 0.5003581643104553, 0.708877444267273, 0.4971265494823456, 0.06011239439249039, -0.6012258529663086, 0.7968149185180664),
            ["UpperTorso"] = CFrame.new(6.51925802230835e-09, 2.9802322387695312e-08, -7.450580596923828e-09, 0.9985370635986328, 0.021598083898425102, 0.04957070201635361, -0.03540251404047012, 0.9540838599205017, 0.2974402904510498, -0.04087051376700401, -0.29876020550727844, 0.9534527063369751),
            ["HumanoidRootPart"] = CFrame.new(0, 0, 0, 1, 0, 0, 0, 1, 0, 0, 0, 1),
            ["RightHand"] = CFrame.new(0, 1.7881393432617188e-07, -1.7881393432617188e-07, 0.8060059547424316, -0.4160556197166443, 0.42101386189460754, 0.5767769813537598, 0.7118596434593201, -0.40072959661483765, -0.13297691941261292, 0.5658211708068848, 0.8137339949607849),
            ["LeftUpperArm"] = CFrame.new(-1.1920928955078125e-07, 4.76837158203125e-07, -2.0116567611694336e-07, 0.7526244521141052, 0.5475383996963501, 0.36572960019111633, -0.6364622116088867, 0.7472902536392212, 0.19097977876663208, -0.1687372624874115, -0.37650901079177856, 0.9109164476394653),
            ["RightLowerArm"] = CFrame.new(1.7881393432617188e-07, 1.1920928955078125e-07, -3.725290298461914e-07, 1, -9.685752644372769e-08, 6.705520405603238e-08, 2.980232594040899e-08, -0.40291735529899597, -0.9152364134788513, 8.195639367158947e-08, 0.9152364134788513, -0.40291735529899597),
            ["LeftHand"] = CFrame.new(9.313225746154785e-08, 5.960464477539063e-08, 2.8312206268310547e-07, 0.7527903914451599, 0.3439447283744812, -0.5612565875053406, -0.570719301700592, 0.765886127948761, -0.2961386442184448, 0.32800325751304626, 0.5432500839233398, 0.7728473544120789),
            ["RightUpperLeg"] = CFrame.new(0, 2.246815711259842e-07, -1.287116901949048e-08, 0.9565093517303467, -0.2841807007789612, 0.06581231206655502, 0.2779904305934906, 0.8196882605552673, -0.5008319020271301, 0.08838121592998505, 0.49734556674957275, 0.8630388975143433),
            ["LeftUpperLeg"] = CFrame.new(0, 2.062879502773285e-07, 7.450580596923828e-09, 0.9535752534866333, 0.1136331632733345, -0.2788940668106079, -0.2557527720928192, 0.7945406436920166, -0.5507227778434753, 0.1590123176574707, 0.5964835286140442, 0.7867164015769958),
            ["RightLowerLeg"] = CFrame.new(0, 1.7881393432617188e-07, 6.129994289949536e-08, 1, -1.564621925354004e-07, -9.3132300094112e-08, 1.341104507446289e-07, 0.4624681770801544, 0.8866357803344727, -5.960464477539063e-08, -0.8866358995437622, 0.4624684453010559),
