return {
    ["Moulaga"] = {
        {Time = 0.000, Data = {
            ["RightFoot"] = CFrame.new(-6.354093784466386e-08, 2.384185791015625e-07, 7.632479537278414e-09, 0.999207615852356, 0.03566413000226021, 0.017669960856437683, -0.034137625247240067, 0.9961915612220764, -0.08023228496313095, -0.020464075729250908, 0.07956568151712418, 0.9966195821762085),
            ["LeftLowerArm"] = CFrame.new(-5.960464477539063e-08, 5.960464477539063e-08, 4.470348358154297e-08, 1, -4.470348358154297e-08, -1.5925616025924683e-07, 1.1175872671742582e-08, 0.9793593883514404, -0.20212697982788086, 1.5657862206808204e-07, 0.20212699472904205, 0.9793593287467957),
            ["RightUpperArm"] = CFrame.new(0.001364588737487793, -7.152557373046875e-07, -0.000043405791075201705, 0.9763901233673096, 0.00682910205796361, -0.21590685844421387, 0.0028690448962152004, 0.9990020394325256, 0.04457288980484009, 0.21599577367305756, -0.044139981269836426, 0.9753960967063904),
            ["Head"] = CFrame.new(4.656612873077393e-10, 2.384185791015625e-07, -6.846505584690021e-10, 0.9999945163726807, -0.000206402299227193, -0.0033247924875468016, -0.00020640123693738133, 0.9923218488693237, -0.1236821785569191, 0.0033247924875468016, 0.12368220090866089, 0.9923163652420044),
            ["RightHand"] = CFrame.new(-2.314336597919464e-07, -5.960464477539063e-08, 4.0978193283081055e-08, 0.9998048543930054, 0.007344833575189114, 0.01833866909146309, -0.01211495790630579, 0.9612203240394592, 0.27551546692848206, -0.01560390368103981, -0.2756839096546173, 0.9611217379570007),
            ["UpperTorso"] = CFrame.new(-5.8735167840495706e-09, 2.9802322387695312e-08, 9.858922567218542e-10, 0.9998306035995483, -0.01703139767050743, 0.006992609240114689, 0.017107006162405014, 0.9997942447662354, -0.010899555869400501, -0.006805535405874252, 0.011017330922186375, 0.9999162554740906),
            ["HumanoidRootPart"] = CFrame.new(0, 0, 0, 1, 0, 0, 0, 1, 0, 0, 0, 1),
            ["RightUpperLeg"] = CFrame.new(0, -4.2273313738405704e-09, 6.330083124339581e-10, 0.9955782890319824, -0.06033561751246452, -0.0719970166683197, 0.05178479105234146, 0.9919878244400024, -0.11523235589265823, 0.0783727839589119, 0.1109943762421608, 0.9907259345054626),
            ["LeftUpperArm"] = CFrame.new(-0.00122833251953125, -7.152557373046875e-07, -0.00004340625673648901, 0.903691828250885, -0.030923357233405113, 0.4270654618740082, 0.04940571263432503, 0.9982576966285706, -0.03226219490170479, -0.4253236651420593, 0.05025457218289375, 0.9036450386047363),
            ["RightLowerArm"] = CFrame.new(-2.9802322387695312e-08, -1.1920928955078125e-07, -3.725290298461914e-09, 1, 1.5133991837501526e-08, 2.5096235845012416e-07, 1.932494342327118e-08, 0.9895679950714111, -0.1440666764974594, -2.386805135756731e-07, 0.1440666913986206, 0.9895679950714111),
            ["LeftHand"] = CFrame.new(-9.569339454174042e-08, -2.384185791015625e-07, -4.6566128730773926e-08, 0.9939588904380798, 0.1095065027475357, -0.007367703132331371, -0.10325884073972702, 0.9557777047157288, 0.27536624670028687, 0.03719625249505043, -0.2729418873786926, 0.9613112211227417),
            ["LeftFoot"] = CFrame.new(9.313225746154785e-10, 0, -6.402842700481415e-09, 0.9999910593032837, -0.0038091824389994144, -0.0018825383158400655, 0.0038055519107729197, 0.9999909400939941, -0.0019282238790765405, 0.0018898623529821634, 0.0019210422178730369, 0.9999964237213135),
            ["LowerTorso"] = CFrame.new(-0.000016979873180389404, 2.384185791015625e-07, 0.000010818243026733398, 0.9998306035995483, 0.017107006162405014, -0.00680553587153554, -0.017031395807862282, 0.9997942447662354, 0.011017287150025368, 0.006992608308792114, -0.01089951116591692, 0.9999162554740906),
            ["RightLowerLeg"] = CFrame.new(-4.423782229423523e-08, 3.5762786865234375e-07, 1.6952981241047382e-09, 1, 5.634502286966381e-08, -6.565824861581859e-08, -3.9115551686563776e-08, 0.9831199049949646, 0.18296252191066742, 7.753261144216594e-08, -0.18296261131763458, 0.9831199645996094),
            ["LeftUpperLeg"] = CFrame.new(0, -6.840491550974548e-08, -1.1641532182693481e-09, 0.9914542436599731, -0.012813584879040718, 0.12982411682605743, 0.014507965184748173, 0.9998213648796082, -0.01211402378976345, -0.1296457052230835, 0.01389398518949747, 0.9914630651473999),
            ["LeftLowerLeg"] = CFrame.new(1.0477378964424133e-08, -2.384185791015625e-07, -1.3969838619232178e-09, 1, -3.2014216277964636e-10, -1.64930952450959e-07, 1.6298145055770874e-09, 0.9999858736991882, 0.005320403724908829, 1.7867387214209884e-07, -0.005320404190570116, 0.9999858736991882),
        }},
        {Time = 0.033, Data = {
            ["RightFoot"] = CFrame.new(1.3125099940225482e-07, 3.5762786865234375e-07, -2.837623469531536e-10, 0.9992213249206543, 0.03535619005560875, 0.0175173319876194, -0.03386557847261429, 0.996290385723114, -0.07911078631877899, -0.02024940401315689, 0.07845611870288849, 0.9967119693756104),
            ["LeftLowerArm"] = CFrame.new(5.960464477539063e-08, -1.7881393432617188e-07, -3.3527612686157227e-08, 1, 2.4214389782173384e-07, -9.313225746154785e-10, -2.4121257524711837e-07, 0.9750921130180359, -0.22180037200450897, -3.521563840536146e-08, 0.22180038690567017, 0.9750921130180359),
            ["RightUpperArm"] = CFrame.new(0.001341104507446289, -4.76837158203125e-07, -0.00004315377009334043, 0.9752504825592041, 0.005123509559780359, -0.22104384005069733, 0.0045447321608662605, 0.999055802822113, 0.04320827126502991, 0.22105655074119568, -0.04314347356557846, 0.9743062853813171),
            ["Head"] = CFrame.new(1.1186784831807017e-10, -1.1920928955078125e-07, -1.8837909010471776e-10, 0.9999924898147583, -0.0021507423371076584, -0.0032548820599913597, 0.0017316413577646017, 0.9923194050788879, -0.1236896961927414, 0.0034959090407937765, 0.1236831322312355, 0.9923155903816223),
            ["RightHand"] = CFrame.new(-6.798654794692993e-08, -1.1920928955078125e-07, -1.1175870895385742e-08, 0.9997587203979492, 0.010842129588127136, 0.019107148051261902, -0.01571476273238659, 0.9607086777687073, 0.27711352705955505, -0.015351882204413414, -0.2773468792438507, 0.9606471657752991),
            ["UpperTorso"] = CFrame.new(-1.393345883116126e-09, 0, 1.9063008949160576e-09, 0.9998963475227356, -0.01110935676842928, 0.009166901931166649, 0.01120875682681799, 0.9998781681060791, -0.010863940231502056, -0.009045093320310116, 0.010965563356876373, 0.9998990297317505),
            ["HumanoidRootPart"] = CFrame.new(0, 0, 0, 1, 0, 0, 0, 1, 0, 0, 0, 1),
            ["RightUpperLeg"] = CFrame.new(0, -1.4890247257426381e-08, 1.0986695997416973e-09, 0.9959632754325867, -0.05578446760773659, -0.07032337784767151, 0.047480687499046326, 0.9922680854797363, -0.11467231065034866, 0.07617659121751785, 0.11087027192115784, 0.9909111857414246),
            ["LeftUpperArm"] = CFrame.new(-0.0012519359588623047, -5.960464477539062e-07, -0.000043154523154953495, 0.915096640586853, -0.03538787364959717, 0.4016786813735962, 0.04492051899433136, 0.9988877177238464, -0.014335098676383495, -0.4007246494293213, 0.031161615625023842, 0.9156684875488281),
            ["RightLowerArm"] = CFrame.new(5.960464477539063e-08, -5.960464477539063e-08, 5.21540641784668e-08, 1, 2.4959444999694824e-07, -7.02857505530119e-08, -2.584420144557953e-07, 0.989546000957489, -0.14421753585338593, 5.3172698244452477e-08, 0.14421752095222473, 0.989546000957489),
            ["LeftHand"] = CFrame.new(-9.674113243818283e-08, 1.1920928955078125e-07, -6.05359673500061e-08, 0.9947450160980225, 0.10161903500556946, -0.012492016889154911, -0.09405946731567383, 0.9552289843559265, 0.280518501996994, 0.04043879732489586, -0.2778692841529846, 0.9597674012184143),
            ["LeftFoot"] = CFrame.new(7.558264769613743e-08, -1.1920928955078125e-07, 3.7834979593753815e-09, 0.9999894499778748, -0.004128849599510431, -0.0020406097173690796, 0.0041237096302211285, 0.999988317489624, -0.0025174152106046677, 0.002050981158390641, 0.0025089734699577093, 0.9999948143959045),
            ["LowerTorso"] = CFrame.new(0.0004242807626724243, -0.0018998384475708008, -0.00008070282638072968, 0.9998751878738403, 0.013087186962366104, -0.00885332003235817, -0.012989666312932968, 0.9998552799224854, 0.010984417051076889, 0.00899579282850027, -0.010868043638765812, 0.9999005794525146),
            ["RightLowerLeg"] = CFrame.new(9.313225746154785e-09, 1.7881393432617188e-07, 1.6952981241047382e-09, 1, -4.79631196981245e-08, -3.562309203175573e-08, 5.02914261346632e-08, 0.9833617806434631, 0.1816580593585968, 2.0721929061551236e-08, -0.18165814876556396, 0.9833618402481079),
            ["LeftUpperLeg"] = CFrame.new(0, 2.499655238352716e-08, 2.3283064365386963e-09, 0.9912191033363342, -0.008526322431862354, 0.13195447623729706, 0.010196343064308167, 0.9998762607574463, -0.011985517106950283, -0.1318359375, 0.013225726783275604, 0.9911834001541138),
            ["LeftLowerLeg"] = CFrame.new(-1.9848812371492386e-08, -5.960464477539063e-08, 2.3283064365386963e-09, 1, -2.9103833232291265e-10, -1.7412277486528183e-07, 1.8917489796876907e-09, 0.9999858736991882, 0.005319212097674608, 1.665639501879923e-07, -0.005319212097674608, 0.999985933303833),
        }},
        {Time = 0.067, Data = {
            ["RightFoot"] = CFrame.new(1.5897967386990786e-08, 1.7881393432617188e-07, -3.077730070799589e-09, 0.9992554783821106, 0.03457265347242355, 0.01712920516729355, -0.03317461162805557, 0.9965487122535706, -0.07609275728464127, -0.019700800999999046, 0.0754680261015892, 0.9969536066055298),
            ["LeftLowerArm"] = CFrame.new(-1.1920928955078125e-07, 5.960464477539063e-08, -2.9802322387695312e-08, 1, 2.1420419216156006e-07, -4.0978193283081055e-08, -2.118759141467308e-07, 0.9647326469421387, -0.2632320821285248, -4.022149724391966e-08, 0.26323202252388, 0.9647325873374939),
            ["RightUpperArm"] = CFrame.new(0.0012791156768798828, -4.76837158203125e-07, -0.000043073512642877176, 0.9719908237457275, 0.0003728306037373841, -0.23501884937286377, 0.009115559048950672, 0.9991865158081055, 0.03928521275520325, 0.23484228551387787, -0.04032718762755394, 0.9711965918540955),
            ["Head"] = CFrame.new(-1.3228600437287241e-09, 2.384185791015625e-07, -6.639311322942376e-11, 0.9999690651893616, -0.007251933217048645, -0.003073629457503557, 0.0068160127848386765, 0.9922945499420166, -0.12371426075696945, 0.003947112709283829, 0.12368948757648468, 0.9923131465911865),
            ["RightHand"] = CFrame.new(3.91155481338501e-08, 1.1920928955078125e-07, -7.450580596923828e-09, 0.999578595161438, 0.019915327429771423, 0.021120214834809303, -0.025051243603229523, 0.9593897461891174, 0.28096961975097656, -0.014666923321783543, -0.28138023614883423, 0.959484338760376),
            ["UpperTorso"] = CFrame.new(-4.220055416226387e-10, 1.4901161193847656e-07, -2.448359737172723e-09, 0.9998788833618164, 0.004505801480263472, 0.014900488778948784, -0.004344917833805084, 0.9999321103096008, -0.010812049731612206, -0.014948194846510887, 0.010745997540652752, 0.9998305439949036),
            ["HumanoidRootPart"] = CFrame.new(0, 0, 0, 1, 0, 0, 0, 1, 0, 0, 0, 1),
            ["RightUpperLeg"] = CFrame.new(5.960464477539063e-08, 1.1745578376576304e-07, -2.6266206987202168e-09, 0.9968637228012085, -0.0438070148229599, -0.06590673327445984, 0.03615173324942589, 0.9929181337356567, -0.11316658556461334, 0.07039747387170792, 0.11042889207601547, 0.9913877844810486),
            ["LeftUpperArm"] = CFrame.new(-0.0013138055801391602, -2.384185791015625e-07, -0.00004307312337914482, 0.9415608048439026, -0.04154413938522339, 0.3342713415622711, 0.03406630456447601, 0.999021589756012, 0.02820458821952343, -0.3351159393787384, -0.015168947167694569, 0.942054808139801),
            ["RightLowerArm"] = CFrame.new(1.1920928955078125e-07, -1.7881393432617188e-07, -2.2351741790771484e-08, 1, 2.514570951461792e-07, 5.49189280718565e-08, -2.416782081127167e-07, 0.9895160794258118, -0.14442315697669983, -9.977520676329732e-08, 0.14442312717437744, 0.9895160794258118),
            ["LeftHand"] = CFrame.new(-4.6158675104379654e-08, 5.960464477539063e-08, -1.2014061212539673e-07, 0.9963625073432922, 0.08181264996528625, -0.023841513320803642, -0.07153717428445816, 0.9550539255142212, 0.2876707911491394, 0.04630505293607712, -0.28491875529289246, 0.9574325680732727),
            ["LeftFoot"] = CFrame.new(7.0140231400728226e-09, 5.960464477539063e-08, -1.0244548320770264e-08, 0.9999844431877136, -0.005007391329854727, -0.002474755048751831, 0.004800314083695412, 0.9969743490219116, -0.07758395373821259, 0.0028557535260915756, 0.0775708481669426, 0.996982753276825),
            ["LowerTorso"] = CFrame.new(0.0015876106917858124, -0.00690913200378418, -0.00032194703817367554, 0.999895453453064, 0.002486424520611763, -0.014252034947276115, -0.0023317658342421055, 0.999938428401947, 0.010858055204153061, 0.014278155751526356, -0.0108236875385046, 0.9998394846916199),
            ["RightLowerLeg"] = CFrame.new(7.310882210731506e-08, 2.980232238769531e-07, -2.029992174357176e-09, 1, -3.3993277526178645e-08, -4.12110274794486e-08, 3.259629011154175e-08, 0.9840136170387268, 0.17809346318244934, 2.3050233721733093e-08, -0.17809350788593292, 0.9840136170387268),
            ["LeftUpperLeg"] = CFrame.new(-5.960464477539063e-08, 9.69739630818367e-08, -3.725290298461914e-09, 0.990483820438385, 0.014218190684914589, 0.13689346611499786, -0.0012035598047077656, 0.995506227016449, -0.09468818455934525, -0.137624591588974, 0.09362233430147171, 0.9860498905181885),
            ["LeftLowerLeg"] = CFrame.new(-1.6298145055770874e-08, 5.960464477539063e-08, 7.450580596923828e-09, 1, 3.4458935260772705e-08, -1.7814456043652172e-07, -5.587935447692871e-09, 0.9868993163108826, 0.1613377183675766, 1.8120044842362404e-07, -0.1613376885652542, 0.9868993163108826),
        }},
        {Time = 0.100, Data = {
            ["RightFoot"] = CFrame.new(3.878085408359766e-09, 1.7881393432617188e-07, -2.837623469531536e-10, 0.9992994666099548, 0.03353544697165489, 0.01661534234881401, -0.03226306289434433, 0.9969049692153931, -0.07169157266616821, -0.018968133255839348, 0.07110545784235, 0.9972884654998779),
            ["LeftLowerArm"] = CFrame.new(-5.960464477539063e-08, -1.7881393432617188e-07, -3.725290298461914e-08, 1, 2.416782081127167e-07, -6.263144314289093e-08, -2.56113736440966e-07, 0.9518479704856873, -0.3065705895423889, 4.074536708031928e-09, 0.30657055974006653, 0.9518479108810425),
            ["RightUpperArm"] = CFrame.new(0.0011914968490600586, -0.0000017881393432617188, -0.00004318090213928372, 0.9667603969573975, -0.006974939256906509, -0.255589097738266, 0.015877917408943176, 0.9993363618850708, 0.032786332070827484, 0.25519081950187683, -0.035754747688770294, 0.9662294387817383),
            ["Head"] = CFrame.new(7.503331289626658e-11, 0, 1.6189005691558123e-10, 0.9998921751976013, -0.014411978423595428, -0.0028236210346221924, 0.013951823115348816, 0.9922142028808594, -0.12375979125499725, 0.004585260059684515, 0.12370702624320984, 0.9923082590103149),
            ["RightHand"] = CFrame.new(-9.499490261077881e-08, 2.384185791015625e-07, -3.725290298461914e-08, 0.9991881847381592, 0.03244616463780403, 0.023881422355771065, -0.0379207469522953, 0.9576190114021301, 0.2855311334133148, -0.013604904524981976, -0.2862049341201782, 0.9580718874931335),
            ["UpperTorso"] = CFrame.new(-2.1973391994833946e-09, -2.980232238769531e-07, -8.694769348949194e-10, 0.9993818998336792, 0.026579957455396652, 0.023008128628134727, -0.026335960254073143, 0.9995943307876587, -0.010843752883374691, -0.02328702062368393, 0.010231108404695988, 0.999676525592804),
            ["HumanoidRootPart"] = CFrame.new(0, 0, 0, 1, 0, 0, 0, 1, 0, 0, 0, 1),
            ["RightUpperLeg"] = CFrame.new(0, -7.100607035681605e-08, -1.6952981241047382e-09, 0.997856080532074, -0.02693302184343338, -0.059647686779499054, 0.020184434950351715, 0.9936171770095825, -0.11098433285951614, 0.06225610896945, 0.10954230278730392, 0.9920306205749512),
            ["LeftUpperArm"] = CFrame.new(-0.0014013051986694336, -0.0000015497207641601562, -0.00004318155697546899, 0.9700202941894531, -0.04030375927686691, 0.23965871334075928, 0.021296875551342964, 0.9964559674263, 0.08137623965740204, -0.24208907783031464, -0.07383261620998383, 0.9674408435821533),
            ["RightLowerArm"] = CFrame.new(0, 0, 6.705522537231445e-08, 1, 1.550652228843319e-07, -8.210191282387314e-08, -1.6367995669952506e-07, 0.9895943999290466, -0.14388534426689148, 8.862117262253832e-09, 0.14388532936573029, 0.9895943999290466),
            ["LeftHand"] = CFrame.new(1.4527904568240047e-07, 1.7881393432617188e-07, -8.10832716524601e-08, 0.9977489709854126, 0.056486062705516815, -0.03614240884780884, -0.04373644292354584, 0.9566915035247803, 0.28779932856559753, 0.05083377659320831, -0.2855707108974457, 0.9570085406303406),
            ["LeftFoot"] = CFrame.new(-5.372567102313042e-08, -5.960464477539063e-08, 6.984919309616089e-09, 0.9999750852584839, -0.006339166313409805, -0.003132894402369857, 0.005811106413602829, 0.9891670346260071, -0.1466798335313797, 0.004028778523206711, 0.14665798842906952, 0.9891790747642517),
            ["LowerTorso"] = CFrame.new(0.0032323207706212997, -0.013990998268127441, -0.0006629209965467453, 0.9996823072433472, -0.012504853308200836, -0.021882912144064903, 0.012738729827105999, 0.9998629689216614, 0.01058115903288126, 0.021747592836618423, -0.010856558568775654, 0.9997046589851379),
            ["RightLowerLeg"] = CFrame.new(-2.1886080503463745e-08, 2.980232238769531e-07, -3.183231456205249e-08, 1, 7.729978079851207e-08, -2.2118911147117615e-08, -6.51925802230835e-08, 0.984960675239563, 0.1727789044380188, 2.2817403078079224e-08, -0.17277899384498596, 0.9849606156349182),
            ["LeftUpperLeg"] = CFrame.new(2.9802322387695312e-08, -1.0931398719549179e-07, 9.313225746154785e-10, 0.9891548156738281, 0.041738029569387436, 0.14082218706607819, -0.01739884726703167, 0.9853205680847168, -0.1698254495859146, -0.14584317803382874, 0.16553349792957306, 0.9753606915473938),
            ["LeftLowerLeg"] = CFrame.new(5.494803190231323e-08, -1.7881393432617188e-07, -2.2351741790771484e-08, 1, 1.5599651703723794e-07, -2.530869096517563e-07, -8.102505688611927e-08, 0.9536834955215454, 0.3008117973804474, 2.749729617335106e-07, -0.300811767578125, 0.9536835551261902),
        }},
        {Time = 0.133, Data = {
            ["RightFoot"] = CFrame.new(-1.0898656910285354e-07, 2.384185791015625e-07, 6.468326319009066e-09, 0.9993441104888916, 0.0324484221637249, 0.01607668027281761, -0.03131304681301117, 0.997298538684845, -0.06644649803638458, -0.0181893240660429, 0.06589967012405396, 0.9976604580879211),
            ["LeftLowerArm"] = CFrame.new(-2.9802322387695312e-08, -1.1920928955078125e-07, -4.470348358154297e-08, 1, -1.1827796697616577e-07, 4.6100467443466187e-08, 1.2526288628578186e-07, 0.9401596784591675, -0.3407343327999115, -1.4086253941059113e-08, 0.3407342731952667, 0.9401596188545227),
            ["RightUpperArm"] = CFrame.new(0.001091599464416504, -0.00000476837158203125, -0.00004391900438349694, 0.9597281217575073, -0.016514917835593224, -0.2804449200630188, 0.024120258167386055, 0.999428391456604, 0.02368883229792118, 0.2798933684825897, -0.0294992383569479, 0.9595777988433838),
            ["Head"] = CFrame.new(-6.692971510346979e-09, 3.5762786865234375e-07, 1.4915713109076023e-10, 0.9997429847717285, -0.02253228798508644, -0.0025473302230238914, 0.022043578326702118, 0.9920585751533508, -0.1238301545381546, 0.00531727634370327, 0.12374214828014374, 0.9923001527786255),
            ["RightHand"] = CFrame.new(6.752088665962219e-08, -1.1920928955078125e-07, -5.21540641784668e-08, 0.9985641837120056, 0.04636421427130699, 0.026832858100533485, -0.05215189978480339, 0.9558500051498413, 0.28919029235839844, -0.012240089476108551, -0.2901744246482849, 0.9568955302238464),
            ["UpperTorso"] = CFrame.new(3.8708094507455826e-09, 2.086162567138672e-07, -2.6775524020195007e-09, 0.9981318116188049, 0.051862724125385284, 0.03230071812868118, -0.05153068155050278, 0.9986105561256409, -0.011029399931430817, -0.03282785415649414, 0.009344316087663174, 0.9994173645973206),
            ["HumanoidRootPart"] = CFrame.new(0, 0, 0, 1, 0, 0, 0, 1, 0, 0, 0, 1),
            ["RightUpperLeg"] = CFrame.new(-2.9802322387695312e-08, 2.112938091158867e-07, 1.673470251262188e-10, 0.9985942244529724, -0.007687889505177736, -0.05244547501206398, 0.0019604701083153486, 0.9941059350967407, -0.10839584469795227, 0.05296968296170235, 0.10814051330089569, 0.9927235245704651),
            ["LeftUpperArm"] = CFrame.new(-0.0015015602111816406, -0.0000054836273193359375, -0.000043918771552853286, 0.9900765419006348, -0.028939874842762947, 0.13751746714115143, 0.010402974672615528, 0.9909743070602417, 0.13364799320697784, -0.14014403522014618, -0.1308911293745041, 0.9814414381980896),
            ["RightLowerArm"] = CFrame.new(0, -1.1920928955078125e-07, 1.4901161193847656e-08, 1, 1.5087425708770752e-07, -1.1405791155993938e-07, -1.594890051137554e-07, 0.9899002909660339, -0.14176571369171143, 1.026419482741403e-07, 0.14176569879055023, 0.9899002909660339),
            ["LeftHand"] = CFrame.new(3.832974471151829e-08, -1.7881393432617188e-07, 3.702007234096527e-08, 0.9984370470046997, 0.03202866390347481, -0.045799706131219864, -0.018026364967226982, 0.9602530598640442, 0.2785482704639435, 0.05290084332227707, -0.2772873044013977, 0.9593296647071838),
            ["LeftFoot"] = CFrame.new(7.671769708395004e-08, -1.7881393432617188e-07, -4.656612873077393e-10, 0.9999602437019348, -0.00799828302115202, -0.003952875733375549, 0.007053734268993139, 0.9800455570220947, -0.19864797592163086, 0.005462820176035166, 0.19861215353012085, 0.9800630211830139),
            ["LowerTorso"] = CFrame.new(0.005117721855640411, -0.022108912467956543, -0.0010536573827266693, 0.9990900754928589, -0.029688265174627304, -0.030624117702245712, 0.030010664835572243, 0.9994984269142151, 0.010122209787368774, 0.030308246612548828, -0.011032048612833023, 0.9994797110557556),
            ["RightLowerLeg"] = CFrame.new(-7.031485438346863e-08, 1.7881393432617188e-07, 2.032174961641431e-08, 1, -6.845220923423767e-08, -5.797483026981354e-08, 8.475035429000854e-08, 0.9860795140266418, 0.16627444326877594, 6.51925802230835e-08, -0.16627448797225952, 0.9860795736312866),
            ["LeftUpperLeg"] = CFrame.new(0, 8.047209121286869e-08, -2.7939677238464355e-09, 0.9872069954872131, 0.06974467635154724, 0.14338135719299316, -0.03607093170285225, 0.9736337065696716, -0.22524748742580414, -0.1553107500076294, 0.21719397604465485, 0.9636936187744141),
            ["LeftLowerLeg"] = CFrame.new(2.0489096641540527e-08, -1.1920928955078125e-07, 0, 1, 1.4901162614933128e-07, -1.0314398934951896e-07, -9.033828973770142e-08, 0.9160687923431396, 0.40102139115333557, 1.6496051102876663e-07, -0.4010213613510132, 0.9160687923431396),
        }},
        {Time = 0.167, Data = {
            ["RightFoot"] = CFrame.new(5.071342457085848e-08, 1.7881393432617188e-07, 9.49512468650937e-09, 0.9993831515312195, 0.03146950900554657, 0.015591748990118504, -0.030463838949799538, 0.997672438621521, -0.061005882918834686, -0.017475297674536705, 0.06049341708421707, 0.9980156421661377),
            ["LeftLowerArm"] = CFrame.new(8.940696716308594e-08, 5.960464477539062e-07, 2.9802322387695312e-08, 1, -1.4062970876693726e-07, 1.5832485544819974e-08, 1.3690441846847534e-07, 0.9329923391342163, -0.35989633202552795, 3.3993273973464966e-08, 0.35989633202552795, 0.9329923987388611),
            ["RightUpperArm"] = CFrame.new(0.0009915828704833984, -0.000012278556823730469, -0.00004517234629020095, 0.9512211680412292, -0.027791811153292656, -0.3072558641433716, 0.0331486240029335, 0.9993756413459778, 0.012228281237185001, 0.3067241609096527, -0.021816903725266457, 0.9515484571456909),
            ["Head"] = CFrame.new(-3.2650859793648124e-09, 0, -4.43833414465189e-10, 0.9996572136878967, -0.02601732313632965, -0.002929894020780921, 0.02545381896197796, 0.991963267326355, -0.12393972277641296, 0.0061309258453547955, 0.1238226592540741, 0.992285430431366),
            ["RightHand"] = CFrame.new(1.1548399925231934e-07, 2.980232238769531e-07, -2.9802322387695312e-08, 0.9977854490280151, 0.05968434736132622, 0.029363175854086876, -0.06564942747354507, 0.9546709060668945, 0.29033389687538147, -0.010703823529183865, -0.29161855578422546, 0.9564748406410217),
            ["UpperTorso"] = CFrame.new(7.814378477633e-09, 1.7881393432617188e-07, -1.3387762010097504e-09, 0.9961556792259216, 0.07709955424070358, 0.04158766567707062, -0.07668965309858322, 0.9969902634620667, -0.011365508660674095, -0.042338766157627106, 0.008132471702992916, 0.9990702867507935),
            ["HumanoidRootPart"] = CFrame.new(0, 0, 0, 1, 0, 0, 0, 1, 0, 0, 0, 1),
            ["RightUpperLeg"] = CFrame.new(5.960464477539063e-08, 2.2104359231889248e-08, -1.6952981241047382e-09, 0.9989122748374939, 0.01143600419163704, -0.04520666226744652, -0.016167733818292618, 0.9942632913589478, -0.10573119670152664, 0.04373818263411522, 0.10634694248437881, 0.9933667182922363),
            ["LeftUpperArm"] = CFrame.new(-0.0016016960144042969, -0.000012040138244628906, -0.0000451719097327441, 0.9986338019371033, -0.012033122591674328, 0.050850458443164825, 0.0029923045076429844, 0.9846967458724976, 0.17425133287906647, -0.052169058471918106, -0.17386111617088318, 0.9833874106407166),
            ["RightLowerArm"] = CFrame.new(0, 0, -2.2351741790771484e-08, 1, 2.523884177207947e-07, 2.0954757928848267e-08, -2.5052580099327315e-07, 0.9904979467391968, -0.13752755522727966, -5.7807490350114676e-08, 0.13752755522727966, 0.9904979467391968),
            ["LeftHand"] = CFrame.new(7.09842424839735e-08, -5.960464477539063e-08, 2.0954757928848267e-08, 0.9986007213592529, 0.013400377705693245, -0.05115661397576332, 0.0005374475149437785, 0.9647402763366699, 0.2632032632827759, 0.05287986993789673, -0.2628624737262726, 0.9633831977844238),
            ["LeftFoot"] = CFrame.new(-3.4226104617118835e-08, -1.7881393432617188e-07, 1.3969838619232178e-08, 0.9999402761459351, -0.009803284890949726, -0.004845015704631805, 0.008354086428880692, 0.9707363843917847, -0.24000264704227448, 0.007056029513478279, 0.2399478405714035, 0.9707602262496948),
            ["LowerTorso"] = CFrame.new(0.00700310617685318, -0.030226588249206543, -0.0014442484825849533, 0.9981260299682617, -0.04686069115996361, -0.039353854954242706, 0.04726912081241608, 0.9988369941711426, 0.009512287564575672, 0.038862332701683044, -0.01135468389838934, 0.9991800785064697),
            ["RightLowerLeg"] = CFrame.new(-3.5390257835388184e-08, 2.980232238769531e-07, -2.029992174357176e-09, 1, 1.210719347000122e-08, 2.7939677238464355e-09, -1.0244548320770264e-08, 0.9872199892997742, 0.15936343371868134, 1.3969838619232178e-08, -0.1593634933233261, 0.987220048904419),
            ["LeftUpperLeg"] = CFrame.new(0, 1.58470356836915e-08, -1.862645149230957e-09, 0.9847967624664307, 0.09652552008628845, 0.1444241851568222, -0.05484972521662712, 0.9616574048995972, -0.26871296763420105, -0.1648242473602295, 0.25670602917671204, 0.9523313045501709),
            ["LeftLowerLeg"] = CFrame.new(1.4901161193847656e-08, -1.7881393432617188e-07, -8.195638656616211e-08, 1, 7.171183824539185e-08, -2.912711352109909e-07, 7.171183824539185e-08, 0.8787236213684082, 0.4773310124874115, 2.861488610506058e-07, -0.4773310124874115, 0.8787236213684082),
        }},
        {Time = 0.200, Data = {
            ["RightFoot"] = CFrame.new(-3.5863195080310106e-08, 2.384185791015625e-07, 6.933987606316805e-09, 0.9994128346443176, 0.030703969299793243, 0.015212390571832657, -0.029805902391672134, 0.9979798197746277, -0.05610702931880951, -0.01690433919429779, 0.055620837956666946, 0.9983088970184326),
            ["LeftLowerArm"] = CFrame.new(-5.960464477539063e-08, -2.980232238769531e-07, 4.6566128730773926e-08, 1, 4.505273665245113e-08, 3.9814043617525385e-08, -2.561137080192566e-08, 0.9338801503181458, -0.3575862646102905, -5.2619725465774536e-08, 0.3575863242149353, 0.9338802099227905),
            ["RightUpperArm"] = CFrame.new(0.0009042024612426758, -0.00002002716064453125, -0.000046709494199603796, 0.9417943358421326, -0.04016594588756561, -0.33378174901008606, 0.04231204837560654, 0.9991040825843811, -0.0008409955771639943, 0.33351650834083557, -0.013330944813787937, 0.9426500797271729),
            ["Head"] = CFrame.new(1.4520992408506572e-08, -2.384185791015625e-07, -4.802132025361061e-10, 0.999756932258606, -0.02162902057170868, -0.004280863329768181, 0.020930925384163857, 0.9920499324798584, -0.1240924820303917, 0.0069308290258049965, 0.12397273629903793, 0.9922614097595215),
            ["RightHand"] = CFrame.new(-2.60770320892334e-08, -2.384185791015625e-07, -7.450580596923828e-09, 0.9970327019691467, 0.0705176293849945, 0.03087279386818409, -0.07642766088247299, 0.954729437828064, 0.2874900698661804, -0.009202009066939354, -0.2889966070652008, 0.95728600025177),
            ["UpperTorso"] = CFrame.new(-1.7083948478102684e-08, 2.9802322387695312e-08, 3.725290298461914e-09, 0.9938406348228455, 0.09905769675970078, 0.049682822078466415, -0.0985911637544632, 0.9950585961341858, -0.011760619468986988, -0.05060228332877159, 0.00678989477455616, 0.9986958503723145),
            ["HumanoidRootPart"] = CFrame.new(0, 0, 0, 1, 0, 0, 0, 1, 0, 0, 0, 1),
            ["RightUpperLeg"] = CFrame.new(5.960464477539063e-08, -8.731149137020111e-10, 1.0986695997416973e-09, 0.9988522529602051, 0.028007037937641144, -0.0388563871383667, -0.03189515322446823, 0.9941335916519165, -0.10334993898868561, 0.0357339046895504, 0.10447051376104355, 0.99388587474823),
            ["LeftUpperArm"] = CFrame.new(-0.001688838005065918, -0.00001990795135498047, -0.000046708970330655575, 0.9999970197677612, 0.0016349554061889648, 0.001818960765376687, -0.00195307657122612, 0.9814842939376831, 0.1915326565504074, -0.0014721339102834463, -0.19153566658496857, 0.981484591960907),
            ["RightLowerArm"] = CFrame.new(-1.7881393432617188e-07, 2.980232238769531e-07, 2.2351741790771484e-08, 1, 1.7229467630386353e-07, -1.009320982348072e-07, -1.8347054719924927e-07, 0.9913339614868164, -0.1313660591840744, 5.685433279722929e-08, 0.1313660740852356, 0.9913339614868164),
            ["LeftHand"] = CFrame.new(-8.05557647254318e-08, 5.960464477539063e-08, -6.05359673500061e-09, 0.9986657500267029, 0.0032525304704904556, -0.0515374094247818, 0.009564897045493126, 0.9690946936607361, 0.24650350213050842, 0.05074638873338699, -0.24666756391525269, 0.9677706956863403),
            ["LeftFoot"] = CFrame.new(7.543712854385376e-08, -1.7881393432617188e-07, -2.3865140974521637e-09, 0.9999178051948547, -0.011500728316605091, -0.005683913826942444, 0.009530099108815193, 0.9625268578529358, -0.2710190415382385, 0.008587830699980259, 0.2709425091743469, 0.9625572562217712),
            ["LowerTorso"] = CFrame.new(0.00864778459072113, -0.03730762004852295, -0.0017848573625087738, 0.9969819784164429, -0.061824411153793335, -0.04695596545934677, 0.062305815517902374, 0.9980177879333496, 0.008857233449816704, 0.04631530120968819, -0.011756130494177341, 0.9988576769828796),
            ["RightLowerLeg"] = CFrame.new(2.0023435354232788e-08, 2.980232238769531e-07, -1.3205863069742918e-08, 1, -2.0489101970611046e-08, 2.351589856175451e-08, 1.769513069405093e-08, 0.9882240295410156, 0.15301434695720673, -2.351589856175451e-08, -0.1530144363641739, 0.9882240295410156),
            ["LeftUpperLeg"] = CFrame.new(0, -4.799221642315388e-08, 2.7939677238464355e-09, 0.9823092818260193, 0.1193288266658783, 0.14432348310947418, -0.07131212949752808, 0.9509813785552979, -0.30091384053230286, -0.17315663397312164, 0.2852984070777893, 0.9426673054695129),
            ["LeftLowerLeg"] = CFrame.new(-1.210719347000122e-08, 5.960464477539063e-08, -9.685754776000977e-08, 1, -1.2014061212539673e-07, -3.655441460637121e-08, 1.30385160446167e-07, 0.8465609550476074, 0.5322917699813843, -2.3283064365386963e-08, -0.5322917699813843, 0.846561074256897),
        }},
        {Time = 0.233, Data = {
            ["RightFoot"] = CFrame.new(-4.393950803205371e-08, 1.7881393432617188e-07, 1.811713445931673e-09, 0.9994315505027771, 0.03021162562072277, 0.014968487434089184, -0.029386654496192932, 0.9981850981712341, -0.05256561189889908, -0.016529418528079987, 0.052096012979745865, 0.9985052943229675),
            ["LeftLowerArm"] = CFrame.new(0, -1.1920928955078125e-07, 3.91155481338501e-08, 1, -6.775371730327606e-08, -8.381903882082042e-08, 4.260801134137182e-08, 0.9396328926086426, -0.3421844244003296, 1.0291115870586509e-07, 0.3421843945980072, 0.9396328926086426),
            ["RightUpperArm"] = CFrame.new(0.0008426904678344727, -0.00002658367156982422, -0.000047897687181830406, 0.9329250454902649, -0.05259012058377266, -0.35620954632759094, 0.051174480468034744, 0.9985998272895813, -0.013403727672994137, 0.35641565918922424, -0.00572416465729475, 0.9343100190162659),
            ["Head"] = CFrame.new(-2.2737367544323206e-10, -1.1920928955078125e-07, -6.83940015733242e-10, 0.9999118447303772, -0.011804737150669098, -0.006079358048737049, 0.010958066210150719, 0.9921890497207642, -0.12426162511110306, 0.007498748600482941, 0.12418404221534729, 0.9922308921813965),
            ["RightHand"] = CFrame.new(9.685754776000977e-08, -5.960464477539063e-08, -5.960464477539063e-08, 0.9975160360336304, 0.06481575965881348, 0.027582673355937004, -0.06988441944122314, 0.9597253799438477, 0.2721092700958252, -0.008834796957671642, -0.2733609080314636, 0.9618710279464722),
            ["UpperTorso"] = CFrame.new(-4.540197551250458e-09, -1.4901161193847656e-07, -5.820766091346741e-10, 0.9918716549873352, 0.11454526335000992, 0.055408645421266556, -0.11404885351657867, 0.9934021830558777, -0.012049822136759758, -0.056423310190439224, 0.005632584448903799, 0.9983910918235779),
            ["HumanoidRootPart"] = CFrame.new(0, 0, 0, 1, 0, 0, 0, 1, 0, 0, 0, 1),
            ["RightUpperLeg"] = CFrame.new(5.960464477539063e-08, -1.4549004845321178e-07, -7.639755494892597e-10, 0.9986228942871094, 0.03965954855084419, -0.03434262052178383, -0.04296719655394554, 0.9938925504684448, -0.10164341330528259, 0.030101733282208443, 0.10297891497612, 0.9942280054092407),
            ["LeftUpperArm"] = CFrame.new(-0.0017504692077636719, -0.000025987625122070312, -0.00004789757076650858, 0.9998138546943665, 0.009434204548597336, -0.01683114841580391, -0.006033089477568865, 0.9814292192459106, 0.19173020124435425, 0.01832740195095539, -0.19159294664859772, 0.9813033938407898),
            ["RightLowerArm"] = CFrame.new(-2.9802322387695312e-08, 0, 2.468004822731018e-08, 1, 1.6205014219394798e-07, -9.266661038509483e-08, -1.7601996660232544e-07, 0.99223393201828, -0.12438645213842392, 3.4657205105759203e-08, 0.12438645213842392, 0.99223393201828),
            ["LeftHand"] = CFrame.new(3.525929059833288e-08, 4.172325134277344e-07, 8.381903171539307e-09, 0.9987126588821411, 0.015075081028044224, -0.04843256622552872, -0.0034140851348638535, 0.9726289510726929, 0.23233875632286072, 0.05060943588614464, -0.23187430202960968, 0.971428394317627),
            ["LeftFoot"] = CFrame.new(1.5192199498414993e-08, 1.1920928955078125e-07, -2.7474015951156616e-08, 0.9998984932899475, -0.01277188491076231, -0.006312101613730192, 0.010382636450231075, 0.9566658139228821, -0.29100295901298523, 0.009755230508744717, 0.2909078299999237, 0.9567013382911682),
            ["LowerTorso"] = CFrame.new(0.00981108844280243, -0.04231619834899902, -0.002025708556175232, 0.9960025548934937, -0.07239559292793274, -0.05232379958033562, 0.07292742282152176, 0.9973025321960449, 0.008324899710714817, 0.05157997086644173, -0.01210746169090271, 0.9985954761505127),
            ["RightLowerLeg"] = CFrame.new(5.2619725465774536e-08, 3.5762786865234375e-07, -2.029992174357176e-09, 1, -2.5611376130996177e-08, 4.4936321330624196e-08, 1.7229469406743192e-08, 0.9889331459999084, 0.1483621746301651, -6.030314381177959e-08, -0.14836223423480988, 0.9889331459999084),
            ["LeftUpperLeg"] = CFrame.new(0, -1.0427902452647686e-07, -9.313225746154785e-10, 0.980329692363739, 0.13524730503559113, 0.14374306797981262, -0.08299810439348221, 0.9432737827301025, -0.32147452235221863, -0.17906761169433594, 0.30322057008743286, 0.9359444975852966),
            ["LeftLowerLeg"] = CFrame.new(5.3085386753082275e-08, 1.1920928955078125e-07, -1.1920928955078125e-07, 1, -9.406358003616333e-08, -9.569339454174042e-08, 1.4062970876693726e-07, 0.8239977359771729, 0.5665931105613708, 1.6530975699424744e-08, -0.5665931701660156, 0.8239977359771729),
        }},
        {Time = 0.267, Data = {
            ["RightFoot"] = CFrame.new(-8.157076081261039e-08, 2.384185791015625e-07, -3.892637323588133e-09, 0.9994380474090576, 0.03003559820353985, 0.014881359413266182, -0.02923772484064102, 0.9982600808143616, -0.051206160336732864, -0.016393473371863365, 0.05074245482683182, 0.9985772371292114),
            ["LeftLowerArm"] = CFrame.new(-5.960464477539063e-08, 0, 1.0617077350616455e-07, 1, -1.5553088417163963e-07, -9.313225746154785e-10, 1.4761462807655334e-07, 0.9449673891067505, -0.3271647095680237, 4.7497451305389404e-08, 0.32716482877731323, 0.9449673891067505),
            ["RightUpperArm"] = CFrame.new(0.0008192062377929688, -0.000028967857360839844, -0.00004784169141203165, 0.9255152344703674, -0.06369172781705856, -0.37331628799438477, 0.0592203363776207, 0.9979696273803711, -0.023446818813681602, 0.3740517497062683, -0.0004075289180036634, 0.9274078607559204),
            ["Head"] = CFrame.new(-2.257729647681117e-08, 2.384185791015625e-07, -3.055902197957039e-10, 0.9999691247940063, 0.0010152129689231515, -0.007804316468536854, -0.0019783861935138702, 0.9922279715538025, -0.12441829591989517, 0.007617352530360222, 0.12442991882562637, 0.992199182510376),
            ["RightHand"] = CFrame.new(-1.6763806343078613e-07, 1.7881393432617188e-07, 4.470348358154297e-08, 0.999072790145874, 0.03819525986909866, 0.019872043281793594, -0.041885558515787125, 0.9690739512443542, 0.24319007992744446, -0.009968806989490986, -0.2437969297170639, 0.9697750806808472),
            ["UpperTorso"] = CFrame.new(-1.8917489796876907e-09, 5.960464477539063e-08, -1.1641532182693481e-09, 0.9910532832145691, 0.12040190398693085, 0.0575929693877697, -0.11990392953157425, 0.9927124977111816, -0.012038304470479488, -0.05862269923090935, 0.0050249770283699036, 0.9982675909996033),
            ["HumanoidRootPart"] = CFrame.new(0, 0, 0, 1, 0, 0, 0, 1, 0, 0, 0, 1),
            ["RightUpperLeg"] = CFrame.new(0, -8.018105290830135e-08, -1.6952981241047382e-09, 0.998495876789093, 0.04406367987394333, -0.032625455409288406, -0.04715496301651001, 0.9937692284584045, -0.1009916439652443, 0.027972102165222168, 0.10237807780504227, 0.9943522214889526),
            ["LeftUpperArm"] = CFrame.new(-0.001773834228515625, -0.000029087066650390625, -0.00004784087650477886, 0.9995055198669434, 0.0151304230093956, -0.02756831794977188, -0.009634440764784813, 0.9818228483200073, 0.18955525755882263, 0.029935264959931374, -0.18919594585895538, 0.981482982635498),
            ["RightLowerArm"] = CFrame.new(5.960464477539063e-08, 0, 2.7939677238464355e-08, 1, 1.136213683139431e-07, -5.8906159949856374e-08, -1.1880185013524169e-07, 0.9928894639015198, -0.11904074996709824, -2.7343052266814993e-08, 0.11904075741767883, 0.992889404296875),
            ["LeftHand"] = CFrame.new(-7.37491063773632e-08, 5.960464477539063e-08, 4.0046870708465576e-08, 0.997868001461029, 0.047805167734622955, -0.044433336704969406, -0.036738794296979904, 0.9741294384002686, 0.22298485040664673, 0.05394366756081581, -0.22087697684764862, 0.9738088250160217),
