return {
    ["Moze’s Shuffle"] = {
        {Time = 0.000, Data = {
            ["RightFoot"] = CFrame.new(-3.923196345567703e-08, 2.384185791015625e-07, -7.650669431313872e-09, 0.9954104423522949, 0.09338405728340149, 0.020918967202305794, -0.08587946742773056, 0.9681246280670166, -0.23528596758842468, -0.04222404584288597, 0.23240968585014343, 0.9717011451721191),
            ["LeftLowerArm"] = CFrame.new(0.000021070241928100586, -1.1920928955078125e-07, 7.450580596923828e-09, 1, 0.000022143125534057617, -0.0000319555401802063, -0.000027507543563842773, -0.17841194570064545, -0.9839558601379395, -0.000027492642402648926, 0.9839558601379395, -0.17841200530529022),
            ["RightUpperArm"] = CFrame.new(0, 4.76837158203125e-07, -4.0978193283081055e-08, 0.7938015460968018, -0.17685522139072418, 0.5818946957588196, 0.4435540437698364, -0.48625755310058594, -0.7528700232505798, 0.4160997271537781, 0.8557311296463013, -0.30754733085632324),
            ["Head"] = CFrame.new(1.862645149230957e-09, 2.384185791015625e-07, -2.7241185307502747e-08, 0.9933956265449524, 0.0504763163626194, -0.1030409038066864, -0.04365995153784752, 0.9967723488807678, 0.0673694759607315, 0.10610891133546829, -0.06242574006319046, 0.9923930168151855),
            ["RightHand"] = CFrame.new(3.5762786865234375e-07, -2.384185791015625e-07, 1.862645149230957e-07, 0.7730303406715393, 0.5696268081665039, -0.27919453382492065, -0.592937171459198, 0.8052478432655334, 0.00119057297706604, 0.2254989743232727, 0.16462434828281403, 0.9602339267730713),
            ["UpperTorso"] = CFrame.new(-9.022273594894159e-09, 2.9802322387695312e-08, -1.0913936421275139e-11, 0.9819179177284241, 0.16600915789604187, 0.09098494797945023, -0.153201624751091, 0.9791746735572815, -0.13321509957313538, -0.111205093562603, 0.11686727404594421, 0.9869019985198975),
            ["HumanoidRootPart"] = CFrame.new(0, 0, 0, 1, 0, 0, 0, 1, 0, 0, 0, 1),
            ["RightUpperLeg"] = CFrame.new(5.960464477539063e-08, 9.497786379597528e-08, 8.36735125631094e-11, 0.9533894062042236, -0.16427090764045715, 0.253108412027359, 0.2667943239212036, 0.8507721424102783, -0.4527777135372162, -0.14095935225486755, 0.49920138716697693, 0.8549436330795288),
            ["LeftUpperArm"] = CFrame.new(0, 0, 3.725290298461914e-08, 0.7023531794548035, 0.5831600427627563, -0.40819674730300903, -0.4899277985095978, -0.01998584344983101, -0.8715338110923767, -0.5164018273353577, 0.8121114373207092, 0.27166926860809326),
            ["RightLowerArm"] = CFrame.new(-1.1920928955078125e-07, 3.5762786865234375e-07, 1.9371509552001953e-07, 1, -4.470348358154297e-08, 1.7881393432617188e-07, 6.70552182668871e-08, -0.4617471396923065, -0.8870114684104919, 1.341104365337742e-07, 0.8870116472244263, -0.4617474675178528),
            ["LeftHand"] = CFrame.new(1.2223972589708865e-07, 5.960464477539063e-08, 3.3924152376130223e-09, 0.8954598307609558, -0.44023412466049194, 0.06592076271772385, 0.43644705414772034, 0.8974151015281677, 0.06450017541646957, -0.08755343407392502, -0.028986193239688873, 0.9957380890846252),
            ["LeftFoot"] = CFrame.new(7.994117368070874e-09, 5.960464477539063e-08, -4.001478615123233e-08, 0.9944936037063599, -0.10470814257860184, -0.004329308867454529, 0.09911378473043442, 0.9531745910644531, -0.28571781516075134, 0.03404351323843002, 0.28371548652648926, 0.9583040475845337),
            ["LowerTorso"] = CFrame.new(0.031672824174165726, -0.05110657215118408, -6.709784186958638e-21, 0.9908847212791443, -0.13471052050590515, 0.0007194526260718703, 0.13471052050590515, 0.9908850193023682, 0.000053142852266319096, -0.0007200537365861237, 0.00004425939550856128, 0.9999997615814209),
            ["RightLowerLeg"] = CFrame.new(-8.940696716308594e-08, -0.000003814697265625, -0.000012979689927306026, 1, -0.0000034533431971794926, -0.0000018961727619171143, 0.0000034645211144379573, 0.5587219595909119, 0.829355001449585, -0.000001788140025382745, -0.8293550610542297, 0.5587219595909119),
            ["LeftUpperLeg"] = CFrame.new(-4.107825191113079e-15, 1.6867141994225676e-07, -1.0695657692849636e-09, 0.9456806778907776, 0.3083583116531372, 0.10297231376171112, -0.24333156645298004, 0.8814336061477661, -0.40480202436447144, -0.21558727324008942, 0.35775694251060486, 0.9085880517959595),
            ["LeftLowerLeg"] = CFrame.new(-2.388397035701928e-09, 0.000004231929779052734, 0.000012871551007265225, 1, -0.000002749264012891217, -0.0000010468065738677979, 0.0000028014189865643857, 0.7612548470497131, 0.648452877998352, -9.872021564660827e-07, -0.6484528183937073, 0.7612548470497131),
        }},
        {Time = 0.033, Data = {
            ["RightFoot"] = CFrame.new(-1.8044374883174896e-08, 4.172325134277344e-07, -1.1314114090055227e-09, 0.976774275302887, 0.21108153462409973, 0.03683260828256607, -0.2006470113992691, 0.9613702297210693, -0.18843552470207214, -0.07518500089645386, 0.1766688972711563, 0.9813946485519409),
            ["LeftLowerArm"] = CFrame.new(0.000020831823348999023, 0, -4.6659260988235474e-07, 1, 0.000021308662326191552, -0.0000324845350405667, -0.000027492642402648926, -0.20484288036823273, -0.9787949323654175, -0.000027529895305633545, 0.9787949323654175, -0.20484289526939392),
            ["RightUpperArm"] = CFrame.new(-5.960464477539063e-08, -1.1920928955078125e-07, -2.2351741790771484e-08, 0.7844693660736084, -0.11626885831356049, 0.6091710925102234, 0.4016033411026001, -0.653252899646759, -0.6418529748916626, 0.47257035970687866, 0.7481592893600464, -0.46576306223869324),
            ["Head"] = CFrame.new(-1.862645149230957e-09, -4.76837158203125e-07, 2.7939677238464355e-09, 0.9940281510353088, 0.03602943196892738, -0.10300537943840027, -0.029215142130851746, 0.9973308444023132, 0.06691496074199677, 0.10514135658740997, -0.06350599229335785, 0.9924274682998657),
            ["RightHand"] = CFrame.new(-1.043081283569336e-07, -5.960464477539063e-08, -4.3213367462158203e-07, 0.7805368900299072, 0.5613455772399902, -0.27505141496658325, -0.5880351066589355, 0.8086258172988892, -0.01841317117214203, 0.21207758784294128, 0.1761120855808258, 0.9612531661987305),
            ["UpperTorso"] = CFrame.new(-1.5082605386851355e-08, -8.940696716308594e-08, -6.548361852765083e-11, 0.9823862314224243, 0.1655959188938141, 0.08657611906528473, -0.15348662436008453, 0.9793489575386047, -0.13159580528736115, -0.1065799742937088, 0.11598965525627136, 0.9875156283378601),
            ["HumanoidRootPart"] = CFrame.new(0, 0, 0, 1, 0, 0, 0, 1, 0, 0, 0, 1),
            ["RightUpperLeg"] = CFrame.new(-8.940696716308594e-08, 1.7160573406727053e-08, 1.0550138540565968e-10, 0.9235950708389282, -0.2778095006942749, 0.26418593525886536, 0.3562254011631012, 0.8765852451324463, -0.3235766291618347, -0.1416887640953064, 0.3929634988307953, 0.9085724949836731),
            ["LeftUpperArm"] = CFrame.new(5.960464477539063e-08, -2.384185791015625e-07, -7.450580596923828e-09, 0.6180000305175781, 0.5967559218406677, -0.5118187665939331, -0.447224497795105, -0.26857176423072815, -0.8531467914581299, -0.6465804576873779, 0.7561425566673279, 0.10090653598308563),
            ["RightLowerArm"] = CFrame.new(-5.960464477539063e-08, 7.748603820800781e-07, 3.725290298461914e-07, 1, -5.960465898624534e-08, 1.7881399116959074e-07, 1.825392246246338e-07, -0.45480868220329285, -0.8905890583992004, 1.4901161193847656e-07, 0.8905892372131348, -0.45480892062187195),
            ["LeftHand"] = CFrame.new(1.4901161193847656e-08, 2.980232238769531e-07, 1.341104507446289e-07, 0.9037979245185852, -0.4241498112678528, 0.05697670578956604, 0.42188310623168945, 0.9053893089294434, 0.04780176281929016, -0.07186129689216614, -0.019165504723787308, 0.9972305297851562),
            ["LeftFoot"] = CFrame.new(-4.831999333987369e-08, 1.1920928955078125e-07, -1.1425451695856736e-08, 0.9937377572059631, -0.11162236332893372, -0.005070734303444624, 0.10487811267375946, 0.9474280476570129, -0.30229249596595764, 0.03854687511920929, 0.29986777901649475, 0.9532017707824707),
            ["LowerTorso"] = CFrame.new(0.04304955527186394, -0.07154929637908936, -9.119907783673647e-21, 0.9921091198921204, -0.1250784695148468, 0.008663224056363106, 0.12507843971252441, 0.9921467304229736, 0.0005490396288223565, -0.008663863874971867, 0.0005388753488659859, 0.999962329864502),
            ["RightLowerLeg"] = CFrame.new(9.313225746154785e-08, -0.0000040531158447265625, -0.00001302439341088757, 1, -0.000002805143367368146, -0.0000012591482345669647, 0.0000028125939479650697, 0.7210978865623474, 0.6928330659866333, -0.0000011026858146578888, -0.6928333640098572, 0.721098005771637),
            ["LeftUpperLeg"] = CFrame.new(-8.881784197001252e-16, -1.3549743016483262e-07, -4.656612873077393e-10, 0.9478922486305237, 0.3059190511703491, 0.08895997703075409, -0.24098922312259674, 0.8711262941360474, -0.42785879969596863, -0.20838555693626404, 0.3841257691383362, 0.8994570970535278),
            ["LeftLowerLeg"] = CFrame.new(7.211740893353635e-08, 0.0000040531158447265625, 0.000012983309716219082, 1, -0.0000029504305985028623, -0.0000012405220104483305, 0.0000029429800179059384, 0.7307292819023132, 0.6826672554016113, -0.0000011250378975091735, -0.6826674938201904, 0.7307294011116028),
        }},
        {Time = 0.067, Data = {
            ["RightFoot"] = CFrame.new(7.904600352048874e-08, 1.1920928955078125e-07, -2.255183062516153e-08, 0.9482477903366089, 0.31596359610557556, 0.031516920775175095, -0.30589020252227783, 0.9356020092964172, -0.17629556357860565, -0.08519032597541809, 0.15753129124641418, 0.983832597732544),
            ["LeftLowerArm"] = CFrame.new(0.000020682811737060547, -4.76837158203125e-07, 3.287568688392639e-07, 1, 0.00002034008502960205, -0.00003311038017272949, -0.00002746284008026123, -0.2335624098777771, -0.9723418951034546, -0.000027529895305633545, 0.9723418354988098, -0.2335624396800995),
            ["RightUpperArm"] = CFrame.new(0, 2.384185791015625e-07, 1.862645149230957e-08, 0.7657060623168945, -0.07354298233985901, 0.6389724016189575, 0.391919881105423, -0.7343626618385315, -0.5541752576828003, 0.5099930763244629, 0.6747614741325378, -0.53348308801651),
            ["Head"] = CFrame.new(-7.450580596923828e-09, 1.1920928955078125e-07, 4.470348358154297e-08, 0.9952355623245239, -0.0010440567275509238, -0.09749405831098557, 0.007504633627831936, 0.9977964758872986, 0.06592332571744919, 0.09721039235591888, -0.0663408488035202, 0.9930504560470581),
            ["RightHand"] = CFrame.new(-5.960464477539063e-08, 0, -2.60770320892334e-07, 0.794603168964386, 0.5456541180610657, -0.26620927453041077, -0.5795290470123291, 0.8123814463615417, -0.06467246264219284, 0.18097467720508575, 0.20566488802433014, 0.9617432951927185),
            ["UpperTorso"] = CFrame.new(-5.838955985382199e-10, -2.384185791015625e-07, -8.731149137020111e-11, 0.9827679991722107, 0.1648786962032318, 0.0835595354437828, -0.15357530117034912, 0.9799038767814636, -0.1272909939289093, -0.10286787152290344, 0.11226483434438705, 0.9883394837379456),
            ["HumanoidRootPart"] = CFrame.new(0, 0, 0, 1, 0, 0, 0, 1, 0, 0, 0, 1),
            ["RightUpperLeg"] = CFrame.new(0, -1.0356825441704132e-07, 1.5024852473288774e-09, 0.9031264185905457, -0.3564625680446625, 0.23936845362186432, 0.40786364674568176, 0.8864449858665466, -0.21877534687519073, -0.13420173525810242, 0.29521146416664124, 0.9459598660469055),
            ["LeftUpperArm"] = CFrame.new(-5.960464477539063e-08, 1.1920928955078125e-07, 2.2351741790771484e-08, 0.569553792476654, 0.5798618793487549, -0.5825536251068115, -0.39463144540786743, -0.4288026690483093, -0.8126465678215027, -0.7210232019424438, 0.6927399635314941, -0.015394452959299088),
            ["RightLowerArm"] = CFrame.new(-2.086162567138672e-07, 4.172325134277344e-07, 3.948807716369629e-07, 1, -5.5879340266073996e-08, 2.384185791015625e-07, 1.7881390590446244e-07, -0.4243399500846863, -0.9055028557777405, 2.0861622829215776e-07, 0.9055029153823853, -0.42434021830558777),
            ["LeftHand"] = CFrame.new(-2.086162567138672e-07, -1.1920928955078125e-07, 1.341104507446289e-07, 0.9203493595123291, -0.38955944776535034, 0.03464806452393532, 0.3894735872745514, 0.9209889769554138, 0.009472944773733616, -0.03560079634189606, 0.004776098299771547, 0.9993547797203064),
            ["LeftFoot"] = CFrame.new(2.162210854805835e-08, -4.440892098500626e-16, -2.014160394026021e-08, 0.9912962317466736, -0.1314699798822403, -0.006895195692777634, 0.12132873386144638, 0.9326512217521667, -0.33976635336875916, 0.05109986290335655, 0.3359725773334503, 0.9404846429824829),
            ["LowerTorso"] = CFrame.new(0.07353918999433517, -0.12265586853027344, -1.5579037261879895e-20, 0.9949332475662231, -0.09921885281801224, 0.016230320557951927, 0.0992186963558197, 0.9950653314590454, 0.0008168364292941988, -0.016231276094913483, 0.0007976538618095219, 0.9998679757118225),
            ["RightLowerLeg"] = CFrame.new(-6.332993507385254e-08, -0.000004172325134277344, -0.000012949887604918331, 1, -0.000002503393488950678, -8.130446076393127e-07, 0.00000258162549471308, 0.8369817733764648, 0.5472307801246643, -7.078049861775071e-07, -0.5472309589385986, 0.8369818329811096),
            ["LeftUpperLeg"] = CFrame.new(5.960464477539063e-08, -6.441814548452385e-08, -1.1664269550237805e-10, 0.950563907623291, 0.3028831481933594, 0.06848457455635071, -0.23581355810165405, 0.8475691080093384, -0.47541412711143494, -0.20204032957553864, 0.43576180934906006, 0.8770925402641296),
            ["LeftLowerLeg"] = CFrame.new(1.2512764158145728e-08, 0.0000036954879760742188, 0.000012960957974428311, 1, -0.0000029280777198437136, -0.0000014044345562069793, 0.000003032386302947998, 0.6590405106544495, 0.752107560634613, -0.0000013113021850585938, -0.7521074414253235, 0.6590404510498047),
        }},
        {Time = 0.100, Data = {
            ["RightFoot"] = CFrame.new(1.3492535799741745e-07, 3.5762786865234375e-07, -1.9757862901315093e-08, 0.9159691333770752, 0.4011770188808441, 0.007607803680002689, -0.3902950882911682, 0.8952038288116455, -0.21512681245803833, -0.09311453998088837, 0.19408048689365387, 0.9765564799308777),
            ["LeftLowerArm"] = CFrame.new(0.000021070241928100586, 5.960464477539062e-07, 2.9802322387695312e-08, 1, 0.00001934170904860366, -0.000033751137380022556, -0.000027522448363015428, -0.2601764500141144, -0.9655611515045166, -0.000027492646040627733, 0.9655611515045166, -0.260176420211792),
            ["RightUpperArm"] = CFrame.new(-1.7881393432617188e-07, -2.384185791015625e-07, -7.450580596923828e-09, 0.7425033450126648, -0.045111868530511856, 0.6683215498924255, 0.4012022912502289, -0.7690173983573914, -0.497643381357193, 0.5364004969596863, 0.6376340985298157, -0.5528990626335144),
            ["Head"] = CFrame.new(-2.2351741790771484e-08, -2.384185791015625e-07, 1.862645149230957e-09, 0.9948665499687195, -0.051659416407346725, -0.08701744675636292, 0.0574428029358387, 0.9962093830108643, 0.0653240904211998, 0.08331298828125, -0.0699872300028801, 0.9940627813339233),
            ["RightHand"] = CFrame.new(1.341104507446289e-07, 0, 1.1920928955078125e-07, 0.8125002384185791, 0.5256054401397705, -0.252155601978302, -0.5653651356697083, 0.8159192800521851, -0.12098762392997742, 0.14214687049388885, 0.24086248874664307, 0.9600935578346252),
            ["UpperTorso"] = CFrame.new(-5.438778316602111e-09, 2.9802322387695312e-08, 1.7462298274040222e-10, 0.9833903312683105, 0.16217833757400513, 0.0814962387084961, -0.15179124474525452, 0.9810240268707275, -0.12062887847423553, -0.09951315075159073, 0.10625488311052322, 0.9893468022346497),
            ["HumanoidRootPart"] = CFrame.new(0, 0, 0, 1, 0, 0, 0, 1, 0, 0, 0, 1),
            ["RightUpperLeg"] = CFrame.new(0, 2.4237851903308183e-07, -2.4374458007514477e-10, 0.8889316320419312, -0.40067028999328613, 0.22195474803447723, 0.43998628854751587, 0.8816491365432739, -0.17060761153697968, -0.1273287981748581, 0.24931550025939941, 0.9600152373313904),
            ["LeftUpperArm"] = CFrame.new(5.960464477539063e-08, -2.384185791015625e-07, -7.450580596923828e-09, 0.5519058108329773, 0.5581427216529846, -0.619577944278717, -0.35533156991004944, -0.514755129814148, -0.7802349925041199, -0.7544134259223938, 0.6507717370986938, -0.0857706069946289),
            ["RightLowerArm"] = CFrame.new(4.172325134277344e-07, 2.980232238769531e-07, -5.960464477539063e-08, 1, 1.8626465703164286e-08, 2.0116584664719994e-07, 2.011657045386528e-07, -0.381097674369812, -0.924534797668457, 1.4901162614933128e-07, 0.9245348572731018, -0.3810978829860687),
            ["LeftHand"] = CFrame.new(-2.086162567138672e-07, 5.960464477539063e-08, -3.2782554626464844e-07, 0.9391245245933533, -0.3435514569282532, 0.004195959307253361, 0.3434774875640869, 0.9384879469871521, -0.03554672747850418, 0.008274272084236145, 0.03482421115040779, 0.9993592500686646),
            ["LeftFoot"] = CFrame.new(-9.439808934530447e-09, 5.960464477539063e-08, -1.2528595938476883e-09, 0.984917402267456, -0.17240600287914276, -0.014627978205680847, 0.15429483354091644, 0.9134110808372498, -0.37666064500808716, 0.07829985022544861, 0.3687227666378021, 0.9262358546257019),
            ["LowerTorso"] = CFrame.new(0.11768090724945068, -0.18909454345703125, -2.4930315702379006e-20, 0.9978241324424744, -0.061628617346286774, 0.02342985011637211, 0.061628106981515884, 0.9980989098548889, 0.0007446281379088759, -0.02343119867146015, 0.0007009295513853431, 0.9997252225875854),
            ["RightLowerLeg"] = CFrame.new(-6.705522537231445e-08, -0.000003993511199951172, -0.000013039294572081417, 1, -0.000002086162112391321, -5.876644877389481e-07, 0.0000021532182472583372, 0.8780396580696106, 0.4785875380039215, -5.140901748745819e-07, -0.47858792543411255, 0.8780398964881897),
            ["LeftUpperLeg"] = CFrame.new(-5.960465188081798e-08, 2.564493115642108e-07, -2.0952484192093834e-09, 0.9525885581970215, 0.30153271555900574, 0.04065646231174469, -0.23156876862049103, 0.8051745295524597, -0.5459578037261963, -0.19735969603061676, 0.510658323764801, 0.8368256092071533),
            ["LeftLowerLeg"] = CFrame.new(1.2512764158145728e-08, 0.0000040531158447265625, 0.000012897628039354458, 1, -0.0000035464749998936895, -0.000001996755599975586, 0.0000036060814636584837, 0.5363689064979553, 0.8439835906028748, -0.0000018998982795892516, -0.8439837098121643, 0.5363690853118896),
        }},
        {Time = 0.133, Data = {
            ["RightFoot"] = CFrame.new(-1.909211277961731e-08, 3.5762786865234375e-07, 2.9602233553305268e-08, 0.8901957273483276, 0.45505473017692566, -0.021828338503837585, -0.43874138593673706, 0.8434067964553833, -0.31011444330215454, -0.1227092295885086, 0.28564003109931946, 0.9504486918449402),
            ["LeftLowerArm"] = CFrame.new(0.0000209808349609375, 4.172325134277344e-07, 6.221234798431396e-07, 1, 0.000018760563762043603, -0.00003396719694137573, -0.000027433034119894728, -0.27991870045661926, -0.9600237607955933, -0.000027544792828848585, 0.9600237011909485, -0.2799186706542969),
            ["RightUpperArm"] = CFrame.new(-5.960464477539063e-08, 3.5762786865234375e-07, -9.778887033462524e-09, 0.7219433784484863, -0.02929616905748844, 0.6913315653800964, 0.416314035654068, -0.7796524167060852, -0.467786967754364, 0.552702784538269, 0.6255269050598145, -0.5506686568260193),
            ["Head"] = CFrame.new(-2.2351741790771484e-08, 1.1920928955078125e-07, -2.2351741790771484e-08, 0.9916854500770569, -0.10655815899372101, -0.07214835286140442, 0.11135104298591614, 0.9915853142738342, 0.06602665036916733, 0.06450556963682175, -0.07351143658161163, 0.9952061176300049),
            ["RightHand"] = CFrame.new(1.7881393432617188e-07, -1.1920928955078125e-07, 2.086162567138672e-07, 0.8315584659576416, 0.5040547251701355, -0.23332247138023376, -0.5453286170959473, 0.8206760883331299, -0.17060932517051697, 0.10548574477434158, 0.2691090703010559, 0.9573156237602234),
            ["UpperTorso"] = CFrame.new(-1.0806161299115047e-08, 0, -5.165929906070232e-10, 0.984559178352356, 0.1557433158159256, 0.07992010563611984, -0.14639300107955933, 0.9828761219978333, -0.11190925538539886, -0.09598066657781601, 0.09848155826330185, 0.9904994964599609),
            ["HumanoidRootPart"] = CFrame.new(0, 0, 0, 1, 0, 0, 0, 1, 0, 0, 0, 1),
            ["RightUpperLeg"] = CFrame.new(-2.9802322387695312e-08, 4.857474777963944e-08, -1.1168594937771559e-09, 0.8769012093544006, -0.41647735238075256, 0.2399808168411255, 0.46436530351638794, 0.8629530668258667, -0.1991909295320511, -0.1241336464881897, 0.28610938787460327, 0.9501222372055054),
            ["LeftUpperArm"] = CFrame.new(0, -1.1920928955078125e-07, 1.4901161193847656e-08, 0.5530999898910522, 0.5429008603096008, -0.6319326162338257, -0.3316636085510254, -0.552333414554596, -0.7648053169250488, -0.7642509937286377, 0.632602870464325, -0.1254352629184723),
            ["RightLowerArm"] = CFrame.new(0, -1.1920928955078125e-07, 2.086162567138672e-07, 1, -1.862645504502325e-08, 1.8626458597736928e-07, 1.8998980522155762e-07, -0.3355688452720642, -0.9420156478881836, 1.043081283569336e-07, 0.9420157074928284, -0.33556902408599854),
            ["LeftHand"] = CFrame.new(2.9802322387695312e-08, -1.7881393432617188e-07, -1.9371509552001953e-07, 0.9556917548179626, -0.2930912971496582, -0.027400922030210495, 0.290521502494812, 0.9541054964065552, -0.07266473025083542, 0.04744075611233711, 0.061484672129154205, 0.9969799518585205),
            ["LeftFoot"] = CFrame.new(8.279126717525287e-08, 1.1920928955078125e-07, 1.2156789352957276e-08, 0.9717901349067688, -0.23330995440483093, -0.03450245037674904, 0.20145542919635773, 0.8972198367118835, -0.39295366406440735, 0.12263625115156174, 0.3749176263809204, 0.918910801410675),
            ["LowerTorso"] = CFrame.new(0.17001387476921082, -0.2555330991744995, -3.601688174310799e-20, 0.9993992447853088, -0.016918402165174484, 0.030250929296016693, 0.016917018219828606, 0.9998569488525391, 0.0003016988339368254, -0.03025170788168907, 0.0002102379221469164, 0.9995422959327698),
            ["RightLowerLeg"] = CFrame.new(-7.078051567077637e-08, -0.000003993511199951172, -0.000012979689927306026, 1, -0.0000022985043415246764, -7.371419883384078e-07, 0.000002387911081314087, 0.8357014656066895, 0.5491836071014404, -6.183981895446777e-07, -0.5491841435432434, 0.8357017636299133),
            ["LeftUpperLeg"] = CFrame.new(-5.960465188081798e-08, 2.724389105424052e-07, -2.0952484192093834e-09, 0.9529223442077637, 0.3030253052711487, 0.010703852400183678, -0.23136690258979797, 0.7494882941246033, -0.6202717423439026, -0.1959804892539978, 0.5885940790176392, 0.7843140363693237),
            ["LeftLowerLeg"] = CFrame.new(5.0621835612219e-09, 0.0000037550926208496094, 0.00001303546378039755, 1, -0.000003807247594522778, -0.0000025555498268658994, 0.000003874301910400391, 0.3875565826892853, 0.9218460917472839, -0.0000024922192096710205, -0.9218459129333496, 0.3875564932823181),
        }},
        {Time = 0.167, Data = {
            ["RightFoot"] = CFrame.new(-8.761981007410213e-08, 3.5762786865234375e-07, 2.1671439753845334e-08, 0.883590579032898, 0.4665723741054535, -0.03972639515995979, -0.4371322989463806, 0.7914634346961975, -0.4272012710571289, -0.16787828505039215, 0.3948366641998291, 0.903283417224884),
            ["LeftLowerArm"] = CFrame.new(0.00002086162567138672, -4.76837158203125e-07, -2.2351741790771484e-08, 1, 0.000018447641195962206, -0.00003422052031964995, -0.000027477744879433885, -0.2876678705215454, -0.957730233669281, -0.000027514997782418504, 0.957730233669281, -0.2876679301261902),
            ["RightUpperArm"] = CFrame.new(0, 3.5762786865234375e-07, -2.0489096641540527e-08, 0.7129267454147339, -0.02447899989783764, 0.7008109092712402, 0.42434096336364746, -0.7805811166763306, -0.4589422941207886, 0.5582743287086487, 0.6245749592781067, -0.5461100339889526),
            ["Head"] = CFrame.new(5.960464477539063e-08, 2.384185791015625e-07, 2.2351741790771484e-08, 0.9862393736839294, -0.15646043419837952, -0.05340582877397537, 0.15993472933769226, 0.9847455620765686, 0.06853574514389038, 0.04186802729964256, -0.07613405585289001, 0.9962182641029358),
            ["RightHand"] = CFrame.new(1.4901161193847656e-08, -1.7881393432617188e-07, 2.2351741790771484e-07, 0.8494798541069031, 0.4833804965019226, -0.21148839592933655, -0.5214528441429138, 0.830265462398529, -0.19684094190597534, 0.08044245094060898, 0.2774936556816101, 0.9573538303375244),
            ["UpperTorso"] = CFrame.new(-1.5657860785722733e-08, 2.086162567138672e-07, 4.94765117764473e-10, 0.9865022897720337, 0.1437656581401825, 0.07838784903287888, -0.13556738197803497, 0.9855606555938721, -0.10144765675067902, -0.0918406993150711, 0.08945152163505554, 0.9917477965354919),
            ["HumanoidRootPart"] = CFrame.new(0, 0, 0, 1, 0, 0, 0, 1, 0, 0, 0, 1),
            ["RightUpperLeg"] = CFrame.new(5.960464477539063e-08, -5.572110239882022e-08, 4.6456989366561174e-09, 0.8632586002349854, -0.41552168130874634, 0.28657716512680054, 0.48908278346061707, 0.828970193862915, -0.27130475640296936, -0.12483089417219162, 0.3743661940097809, 0.9188401699066162),
            ["LeftUpperArm"] = CFrame.new(-5.960464477539063e-08, 2.384185791015625e-07, 3.725290298461914e-09, 0.5613194108009338, 0.5362648963928223, -0.6303494572639465, -0.31549879908561707, -0.5654838681221008, -0.7620292901992798, -0.7651020884513855, 0.6266162991523743, -0.1482260525226593),
            ["RightLowerArm"] = CFrame.new(1.1920928955078125e-07, 5.364418029785156e-07, -2.3096799850463867e-07, 1, -1.862645504502325e-08, 1.6018753967728117e-07, 1.6391273049976007e-07, -0.2978380024433136, -0.9546164274215698, 1.1175868053214799e-07, 0.9546164870262146, -0.2978382110595703),
            ["LeftHand"] = CFrame.new(1.6391277313232422e-07, -5.960464477539063e-08, -4.991888999938965e-07, 0.9681894183158875, -0.244991272687912, -0.050877369940280914, 0.23998910188674927, 0.9667534828186035, -0.08827763795852661, 0.07081310451030731, 0.07325958460569382, 0.9947957396507263),
            ["LeftFoot"] = CFrame.new(-5.412820058836587e-08, 5.960464477539063e-08, 4.427926114658476e-08, 0.9534993767738342, -0.29471951723098755, -0.06308236718177795, 0.24921588599681854, 0.8886697888374329, -0.3849118649959564, 0.16950048506259918, 0.35129237174987793, 0.9207951426506042),
            ["LowerTorso"] = CFrame.new(0.2250773161649704, -0.3066399097442627, -4.7681886138907355e-20, 0.9988721013069153, 0.030156418681144714, 0.036676160991191864, -0.030159536749124527, 0.9995450973510742, -0.00046828322228975594, -0.036673594266176224, -0.0006383810541592538, 0.9993271231651306),
            ["RightLowerLeg"] = CFrame.new(-1.862645149230957e-08, -0.000003814697265625, -0.000012934986443724483, 1, -0.00000302866033052851, -0.0000013448293429974, 0.0000031292443054553587, 0.7088748812675476, 0.7053342461585999, -0.0000012516976539700408, -0.7053343057632446, 0.7088749408721924),
            ["LeftUpperLeg"] = CFrame.new(-5.960464477539063e-08, 2.0419975044205785e-08, 4.076810000697151e-10, 0.9522237181663513, 0.30527353286743164, -0.008843636140227318, -0.23269936442375183, 0.7064841389656067, -0.6683794260025024, -0.19779066741466522, 0.6385047435760498, 0.7437679767608643),
            ["LeftLowerLeg"] = CFrame.new(-9.838977632625756e-09, 0.000004291534423828125, 0.000013108106941217557, 1, -0.0000039637093323108274, -0.0000030249368592194514, 0.000004008413270639721, 0.2832796275615692, 0.9590373635292053, -0.0000029532245662267087, -0.9590373635292053, 0.2832796275615692),
        }},
        {Time = 0.200, Data = {
            ["RightFoot"] = CFrame.new(4.671346687246114e-08, 2.980232238769531e-07, 4.079993232153356e-08, 0.8910661935806274, 0.45224395394325256, -0.03842702507972717, -0.4097402095794678, 0.7651158571243286, -0.49669957160949707, -0.1952284425497055, 0.45833754539489746, 0.8670715093612671),
            ["LeftLowerArm"] = CFrame.new(0.00002086162567138672, -2.384185791015625e-07, 2.2351741790771484e-07, 1, 0.000018715856640483253, -0.000034064050851156935, -0.000027358535589883104, -0.2805550992488861, -0.9598379731178284, -0.000027514997782418504, 0.9598379731178284, -0.2805551290512085),
            ["RightUpperArm"] = CFrame.new(0, -1.1920928955078125e-07, -5.587935447692871e-09, 0.7113050818443298, -0.039820004254579544, 0.7017545104026794, 0.42828625440597534, -0.7670910954475403, -0.47764232754707336, 0.5573293566703796, 0.6403012871742249, -0.5285815000534058),
            ["Head"] = CFrame.new(1.1455267667770386e-07, -3.5762786865234375e-07, 7.450580596923828e-09, 0.9808053970336914, -0.19248425960540771, -0.03115646354854107, 0.1942916363477707, 0.978245198726654, 0.0727122500538826, 0.016482682898640633, -0.07736996561288834, 0.9968661665916443),
            ["RightHand"] = CFrame.new(-2.086162567138672e-07, -1.1920928955078125e-07, -7.450580596923828e-08, 0.8652637004852295, 0.46309894323349, -0.19198498129844666, -0.49647653102874756, 0.8446715474128723, -0.20010285079479218, 0.06949681043624878, 0.2684578001499176, 0.9607813358306885),
            ["UpperTorso"] = CFrame.new(-1.1961674317717552e-08, 2.086162567138672e-07, 6.402842700481415e-10, 0.9892520308494568, 0.12455795705318451, 0.07658911496400833, -0.11758599430322647, 0.9890074729919434, -0.08965428173542023, -0.08691435307264328, 0.07968491315841675, 0.9930237531661987),
            ["HumanoidRootPart"] = CFrame.new(0, 0, 0, 1, 0, 0, 0, 1, 0, 0, 0, 1),
            ["RightUpperLeg"] = CFrame.new(0, 5.2146788220852613e-08, -8.258211892098188e-10, 0.8498387336730957, -0.41419294476509094, 0.32591158151626587, 0.5133466720581055, 0.7905735969543457, -0.33386918902397156, -0.11937085539102554, 0.451040655374527, 0.8844846487045288),
            ["LeftUpperArm"] = CFrame.new(0, -3.5762786865234375e-07, 0, 0.571173369884491, 0.540651261806488, -0.6176223158836365, -0.30312955379486084, -0.5603144764900208, -0.7708179354667664, -0.7628064155578613, 0.6274901032447815, -0.1561492532491684),
            ["RightLowerArm"] = CFrame.new(1.1920928955078125e-07, 2.980232238769531e-07, -1.043081283569336e-07, 1, -2.2351748896198842e-08, 1.8626462860993342e-07, 1.7881393432617188e-07, -0.2689576745033264, -0.9631520509719849, 1.043081283569336e-07, 0.9631521105766296, -0.26895785331726074),
            ["LeftHand"] = CFrame.new(-3.129243850708008e-07, 0, -3.0547380447387695e-07, 0.9766294956207275, -0.20517952740192413, -0.06400257349014282, 0.19974666833877563, 0.9763970971107483, -0.08215834200382233, 0.07934918254613876, 0.06745408475399017, 0.9945621490478516),
            ["LeftFoot"] = CFrame.new(1.2385307002205082e-08, 2.384185791015625e-07, -4.727413482896736e-08, 0.9380171895027161, -0.3361700475215912, -0.08434245735406876, 0.28630754351615906, 0.8887196183204651, -0.35805752873420715, 0.1953250914812088, 0.31171637773513794, 0.9298823475837708),
            ["LowerTorso"] = CFrame.new(0.27741026878356934, -0.3270825147628784, -5.876844894846207e-20, 0.9962851405143738, 0.07478541135787964, 0.04269793629646301, -0.0747915506362915, 0.9971981048583984, -0.0014558957191184163, -0.04268718138337135, -0.0017429572762921453, 0.9990869760513306),
            ["RightLowerLeg"] = CFrame.new(1.1175870895385742e-07, -0.000004172325134277344, -0.000012934986443724483, 1, -0.0000035762782317760866, -0.0000018253924736200133, 0.0000035762782317760866, 0.5808285474777222, 0.8140257596969604, -0.0000017732379546941957, -0.8140259385108948, 0.5808287858963013),
            ["LeftUpperLeg"] = CFrame.new(2.9802322387695312e-08, 6.310801836661994e-08, 2.32716956816148e-10, 0.9533103108406067, 0.3019249141216278, -0.006394422613084316, -0.2274082601070404, 0.7037738561630249, -0.673043966293335, -0.19870853424072266, 0.6430737376213074, 0.7395749092102051),
            ["LeftLowerLeg"] = CFrame.new(-9.838977632625756e-09, 0.0000040531158447265625, 0.000013106244296068326, 1, -0.000004231930233800085, -0.0000032633547561999876, 0.00000426173210144043, 0.28026366233825684, 0.9599230289459229, -0.000003159046173095703, -0.9599230885505676, 0.2802638113498688),
        }},
        {Time = 0.233, Data = {
            ["RightFoot"] = CFrame.new(1.2984855857212096e-08, 3.5762786865234375e-07, 2.1249434212222695e-08, 0.9010397791862488, 0.4322386682033539, -0.036020614206790924, -0.3860934376716614, 0.7614547610282898, -0.5206897854804993, -0.1976342350244522, 0.4830697178840637, 0.8529857993125916),
            ["LeftLowerArm"] = CFrame.new(0.000021159648895263672, 3.5762786865234375e-07, 3.650784492492676e-07, 1, 0.000019371516827959567, -0.00003365428347024135, -0.00002750754720182158, -0.261714905500412, -0.9651453495025635, -0.000027500096621224657, 0.9651452898979187, -0.2617148756980896),
            ["RightUpperArm"] = CFrame.new(0, 0, -1.4901161193847656e-08, 0.7070149779319763, -0.08254791796207428, 0.7023642063140869, 0.44020068645477295, -0.7259348034858704, -0.528433620929718, 0.5534918308258057, 0.6827918291091919, -0.47690925002098083),
            ["Head"] = CFrame.new(-5.681067705154419e-08, 0, -7.450580596923828e-09, 0.9784867763519287, -0.2062387615442276, -0.005408271681517363, 0.20603136718273163, 0.9754700064659119, 0.07752078026533127, -0.01071222871541977, -0.07696732133626938, 0.9969761371612549),
            ["RightHand"] = CFrame.new(0, -5.960464477539063e-08, -2.123415470123291e-07, 0.8797878623008728, 0.4415643811225891, -0.176052063703537, -0.47074252367019653, 0.860809326171875, -0.19341327250003815, 0.06614281982183456, 0.25303781032562256, 0.9651927947998047),
            ["UpperTorso"] = CFrame.new(3.1104718800634146e-08, -1.1920928955078125e-07, 8.149072527885437e-10, 0.9925453662872314, 0.09657327085733414, 0.07434634119272232, -0.09084250777959824, 0.9928876757621765, -0.076952263712883, -0.08124908804893494, 0.06962484121322632, 0.9942589998245239),
            ["HumanoidRootPart"] = CFrame.new(0, 0, 0, 1, 0, 0, 0, 1, 0, 0, 0, 1),
            ["RightUpperLeg"] = CFrame.new(0, -2.954984665848315e-07, 1.735315890982747e-09, 0.8428331017494202, -0.41858893632888794, 0.3382542133331299, 0.5261229276657104, 0.7731388211250305, -0.35419076681137085, -0.11325715482234955, 0.47648686170578003, 0.8718560338020325),
            ["LeftUpperArm"] = CFrame.new(-1.1920928955078125e-07, 2.384185791015625e-07, -2.2351741790771484e-08, 0.5842132568359375, 0.5556631088256836, -0.5915516018867493, -0.2972106635570526, -0.531764805316925, -0.7930272221565247, -0.7552222609519958, 0.6391124725341797, -0.14551502466201782),
            ["RightLowerArm"] = CFrame.new(-2.384185791015625e-07, 7.152557373046875e-07, -7.450580596923828e-08, 1, -4.4703490686970326e-08, 1.806766505296764e-07, 1.3411046495548362e-07, -0.2433847188949585, -0.9699297547340393, 8.940698137394065e-08, 0.9699299335479736, -0.24338500201702118),
            ["LeftHand"] = CFrame.new(-2.384185791015625e-07, 2.384185791015625e-07, -5.140900611877441e-07, 0.982060968875885, -0.17415644228458405, -0.07229066640138626, 0.16967248916625977, 0.9834096431732178, -0.06416228413581848, 0.08226555585861206, 0.0507456436753273, 0.9953177571296692),
            ["LeftFoot"] = CFrame.new(5.544493575371234e-08, -5.960464477539063e-08, 8.143837249008357e-08, 0.9359083771705627, -0.3444327414035797, -0.07376794517040253, 0.3039300739765167, 0.8954907059669495, -0.32515084743499756, 0.17805103957653046, 0.2818910777568817, 0.9427806735038757),
            ["LowerTorso"] = CFrame.new(0.32155200839042664, -0.3156036138534546, -6.811971284867698e-20, 0.9925051331520081, 0.11223933845758438, 0.04833102971315384, -0.11225023120641708, 0.9936768412590027, -0.002497074892744422, -0.048305682837963104, -0.0029468087013810873, 0.9988283514976501),
            ["RightLowerLeg"] = CFrame.new(-1.862645149230957e-07, -0.000003993511199951172, -0.00001302439341088757, 1, -0.000003874300091410987, -0.0000021830196601513308, 0.000003956259661208605, 0.5295516848564148, 0.8482775092124939, -0.000002145767894035089, -0.8482776880264282, 0.5295519828796387),
            ["LeftUpperLeg"] = CFrame.new(2.9802340151263707e-08, -1.3625685824081302e-07, 5.12216047354741e-09, 0.959194540977478, 0.28151196241378784, 0.026399601250886917, -0.20677229762077332, 0.7620752453804016, -0.6135847568511963, -0.19284987449645996, 0.5830886960029602, 0.7891875505447388),
            ["LeftLowerLeg"] = CFrame.new(3.486450594891721e-08, 0.0000036954879760742188, 0.000013045941159361973, 1, -0.000003896653652191162, -0.0000025480983367742738, 0.000004053115389979212, 0.42130327224731445, 0.9069197773933411, -0.0000025215556433977326, -0.9069198369979858, 0.42130330204963684),
        }},
        {Time = 0.267, Data = {
            ["RightFoot"] = CFrame.new(-1.3031967682763934e-07, 4.172325134277344e-07, 2.771776053123176e-08, 0.9102129936218262, 0.41277265548706055, -0.033627428114414215, -0.36925649642944336, 0.7721207141876221, -0.5171840190887451, -0.1875152289867401, 0.48316502571105957, 0.8552134037017822),
            ["LeftLowerArm"] = CFrame.new(0.000021219253540039062, -2.384185791015625e-07, 1.3783574104309082e-07, 1, 0.000020250678062438965, -0.00003312528133392334, -0.000027358531951904297, -0.23487815260887146, -0.9720248579978943, -0.000027544796466827393, 0.9720248579978943, -0.2348780632019043),
            ["RightUpperArm"] = CFrame.new(-5.960464477539063e-08, 0, -3.725290298461914e-09, 0.7013261914253235, -0.14794746041297913, 0.6973184943199158, 0.4601229131221771, -0.6531935334205627, -0.6013527512550354, 0.5444525480270386, 0.7425966858863831, -0.39002788066864014),
            ["Head"] = CFrame.new(-2.7008354663848877e-08, -1.1920928955078125e-07, 3.725290298461914e-08, 0.9793396592140198, -0.20080916583538055, 0.023865364491939545, 0.19828194379806519, 0.9767300486564636, 0.08174790441989899, -0.03972573205828667, -0.07532686740159988, 0.9963672757148743),
            ["RightHand"] = CFrame.new(2.384185791015625e-07, 5.960464477539063e-08, 6.705522537231445e-08, 0.8938388228416443, 0.4188353419303894, -0.160090833902359, -0.44355538487434387, 0.8782075047492981, -0.17891481518745422, 0.0656571164727211, 0.2309301793575287, 0.9707525372505188),
            ["UpperTorso"] = CFrame.new(-3.217428456991911e-08, -5.960464477539063e-08, -1.7462298274040222e-09, 0.9952122569084167, 0.06696032732725143, 0.07119683176279068, -0.06242106482386589, 0.9959843754768372, -0.06417744606733322, -0.07520823925733566, 0.059426020830869675, 0.9953956007957458),
            ["HumanoidRootPart"] = CFrame.new(0, 0, 0, 1, 0, 0, 0, 1, 0, 0, 0, 1),
            ["RightUpperLeg"] = CFrame.new(5.960464477539063e-08, -4.896719474345446e-09, 8.039933163672686e-10, 0.8413518071174622, -0.42656460404396057, 0.33191829919815063, 0.5297528505325317, 0.772611677646637, -0.3499045968055725, -0.10718698054552078, 0.4702273905277252, 0.8760120868682861),
            ["LeftUpperArm"] = CFrame.new(-5.960464477539063e-08, -1.1920928955078125e-07, 2.9802322387695312e-08, 0.6003985404968262, 0.5760337114334106, -0.5547133684158325, -0.2961856722831726, -0.48414579033851624, -0.8233328461647034, -0.742829442024231, 0.6586260199546814, -0.12006736546754837),
            ["RightLowerArm"] = CFrame.new(-1.1920928955078125e-07, 8.344650268554688e-07, 3.427267074584961e-07, 1, -1.341104365337742e-07, 1.4156104555240745e-07, 1.1920928955078125e-07, -0.22105799615383148, -0.9752606749534607, 1.4901161193847656e-07, 0.9752607345581055, -0.22105829417705536),
            ["LeftHand"] = CFrame.new(7.450580596923828e-09, -3.5762786865234375e-07, 4.470348358154297e-08, 0.9856040477752686, -0.1504993885755539, -0.07703598588705063, 0.14805002510547638, 0.9883021116256714, -0.036609675735235214, 0.08164463937282562, 0.024677583947777748, 0.9963560104370117),
