return {
    ["Mr. Brightside"] = {
        {Time = 0.000, Data = {
            ["RightFoot"] = CFrame.new(1.8347054719924927e-07, -1.1920928955078125e-07, -7.281050784513354e-08, 0.9976531863212585, -0.052142754197120667, 0.044378720223903656, 0.05670865997672081, 0.9924493432044983, -0.10875844210386276, -0.03837261348962784, 0.11102014780044556, 0.9930771589279175),
            ["LeftLowerArm"] = CFrame.new(0.0000015497207641601562, 1.1920928955078125e-07, 0.000004947185516357422, 1, 1.4156105976326216e-07, 8.381903882082042e-08, -1.2479723920932884e-07, 0.9185662269592285, -0.3952673077583313, -1.1548401346317405e-07, 0.3952673375606537, 0.9185661673545837),
            ["RightUpperArm"] = CFrame.new(-0.05149805545806885, 0.03346514701843262, -0.03942318260669708, -0.009025396779179573, -0.3671669661998749, 0.9301113486289978, 0.2748834490776062, -0.8952255249023438, -0.3507280945777893, 0.9614352583885193, 0.2525068521499634, 0.10900787264108658),
            ["Head"] = CFrame.new(1.6763806343078613e-08, -4.76837158203125e-07, 4.773028194904327e-09, 0.9959489107131958, 0.06184092164039612, 0.0652799978852272, -0.04517654329538345, 0.9718145132064819, -0.23137788474559784, -0.07774866372346878, 0.22749148309230804, 0.9706713557243347),
            ["RightHand"] = CFrame.new(2.8405338525772095e-07, 0.0000015497207641601562, -6.07222318649292e-07, 0.9090302586555481, -0.18782275915145874, 0.3720032274723053, 0.27685385942459106, 0.9393913745880127, -0.20222735404968262, -0.3114740550518036, 0.2868213653564453, 0.9059346914291382),
            ["UpperTorso"] = CFrame.new(-1.6298145055770874e-09, 2.682209014892578e-07, -1.6341800801455975e-08, 0.999186098575592, -0.02514549158513546, 0.03154073655605316, 0.026783812791109085, 0.998254120349884, -0.052643340080976486, -0.030161922797560692, 0.05344521254301071, 0.9981152415275574),
            ["HumanoidRootPart"] = CFrame.new(0, 0, 0, 1, 0, 0, 0, 1, 0, 0, 0, 1),
            ["RightUpperLeg"] = CFrame.new(0, 2.650194801390171e-07, -3.708555595949292e-08, 0.934735894203186, -0.14900453388690948, -0.32259345054626465, -0.021458717063069344, 0.8825092911720276, -0.4698055386543274, 0.3546947240829468, 0.44606614112854004, 0.8217154741287231),
            ["LeftUpperArm"] = CFrame.new(0.010055005550384521, 0.0009518861770629883, -0.03933742642402649, 0.883995771408081, 0.04141940176486969, 0.46565648913383484, -0.17028070986270905, 0.9561700224876404, 0.23820877075195312, -0.43538033962249756, -0.28986793756484985, 0.8523032069206238),
            ["RightLowerArm"] = CFrame.new(0, 2.980232238769531e-07, -0.000003948807716369629, 1, -0.0000193699434021255, -9.72650127550878e-07, 0.000018922033632406965, 0.9850192070007324, -0.17244476079940796, 0.000004288159288989846, 0.17244479060173035, 0.9850192666053772),
            ["LeftHand"] = CFrame.new(-0.0000016093254089355469, -8.940696716308594e-07, 2.9802322387695312e-08, 0.8887951374053955, 0.04256613925099373, -0.45632341504096985, -0.21223370730876923, 0.9207104444503784, -0.3274892270565033, 0.40620219707489014, 0.3879181146621704, 0.8273571133613586),
            ["LeftFoot"] = CFrame.new(-1.862645149230957e-09, -2.384185791015625e-07, 0, 0.9982101917266846, 0.0597330667078495, 0.0029227454215288162, -0.05909445881843567, 0.9926878809928894, -0.10525479912757874, -0.009188574738800526, 0.10489373654127121, 0.994441032409668),
            ["LowerTorso"] = CFrame.new(0.008556630462408066, -0.08035624027252197, 0.21298080682754517, 0.9998094439506531, 0.0076753366738557816, -0.017947165295481682, -0.007629454135894775, 0.9999675154685974, 0.002623555716127157, 0.01796671934425831, -0.002486124401912093, 0.9998355507850647),
            ["RightLowerLeg"] = CFrame.new(-7.078051567077637e-08, -0.0007264614105224609, 0.00004618039383785799, 1, 1.4528633585086936e-07, 6.891789183782748e-08, -8.195637946073475e-08, 0.5554783940315247, 0.8315306901931763, 8.940695295223122e-08, -0.8315310478210449, 0.5554789304733276),
            ["LeftUpperLeg"] = CFrame.new(-5.960464477539063e-08, 1.578591763973236e-07, -3.119930624961853e-08, 0.9642145037651062, 0.08891860395669937, 0.24976766109466553, 0.06072724238038063, 0.8429628610610962, -0.5345335006713867, -0.2580747902393341, 0.5305725336074829, 0.8073970675468445),
            ["LeftLowerLeg"] = CFrame.new(-4.0978193283081055e-08, -0.0007262825965881348, 0.00008097290992736816, 1, 5.2154071283894154e-08, 5.960465898624534e-08, -5.21540641784668e-08, 0.5633742213249207, 0.8262019157409668, 3.3527612686157227e-08, -0.8262019157409668, 0.5633741617202759),
        }},
        {Time = 0.033, Data = {
            ["RightFoot"] = CFrame.new(2.076849341392517e-07, -5.960464477539063e-08, -1.3205863069742918e-08, 0.9975253343582153, -0.027913661673665047, 0.06452925503253937, 0.05447642505168915, 0.8870764374732971, -0.45839694142341614, -0.04444689676165581, 0.46077781915664673, 0.886401891708374),
            ["LeftLowerArm"] = CFrame.new(0.0000010132789611816406, 2.384185791015625e-07, 0.000004947185516357422, 1, 1.788139627478813e-07, 1.1548401346317405e-07, -1.3411046495548362e-07, 0.9624080657958984, -0.27160772681236267, -1.2479723920932884e-07, 0.27160772681236267, 0.9624080657958984),
            ["RightUpperArm"] = CFrame.new(-0.04559910297393799, 0.046005964279174805, -0.05040079355239868, 0.16567975282669067, -0.58012855052948, 0.7974968552589417, 0.16777817904949188, -0.7803027033805847, -0.6024767756462097, 0.971802830696106, 0.23362062871456146, -0.03194741904735565),
            ["Head"] = CFrame.new(1.862645149230957e-09, -7.152557373046875e-07, -4.729372449219227e-08, 0.9965009689331055, 0.047807395458221436, 0.06856005638837814, -0.030289221554994583, 0.9710654616355896, -0.2368852198123932, -0.07790113985538483, 0.23397952318191528, 0.9691154956817627),
            ["RightHand"] = CFrame.new(3.129243850708008e-07, 5.960464477539062e-07, -7.739290595054626e-07, 0.9544419646263123, -0.11403308063745499, 0.27574801445007324, 0.1934376358985901, 0.9400764107704163, -0.2807815372943878, -0.2272060513496399, 0.321329802274704, 0.919306755065918),
            ["UpperTorso"] = CFrame.new(-4.656612873077393e-10, 0, 7.978087523952127e-09, 0.9994906783103943, 0.026861967518925667, 0.01723335310816765, -0.02822362259030342, 0.9960358738899231, 0.08435662090778351, -0.014899056404829025, -0.08479998260736465, 0.9962866902351379),
            ["HumanoidRootPart"] = CFrame.new(0, 0, 0, 1, 0, 0, 0, 1, 0, 0, 0, 1),
            ["RightUpperLeg"] = CFrame.new(2.9802322387695312e-08, -3.334134817123413e-07, 6.330083124339581e-10, 0.9255619049072266, -0.13423368334770203, -0.3540007472038269, -0.011844875290989876, 0.924310028553009, -0.3814587891101837, 0.3784111440181732, 0.35725679993629456, 0.8539160490036011),
            ["LeftUpperArm"] = CFrame.new(0.015857279300689697, 0.01635003089904785, -0.050511665642261505, 0.9170312285423279, 0.035947516560554504, 0.39719247817993164, -0.12086506187915802, 0.9741425514221191, 0.1908874809741974, -0.38005995750427246, -0.2230563461780548, 0.8976637721061707),
            ["RightLowerArm"] = CFrame.new(2.980232238769531e-07, 7.152557373046875e-07, -0.000003550201654434204, 1, -0.00001770817289070692, 0.000008029894161154516, 0.000018961734895128757, 0.7965981364250183, -0.604509174823761, 0.000004321338110457873, 0.6045092940330505, 0.7965981364250183),
            ["LeftHand"] = CFrame.new(-0.000001564621925354004, -0.0000013709068298339844, 1.4901161193847656e-07, 0.8883346319198608, 0.060118190944194794, -0.45524388551712036, -0.2240133136510849, 0.9221571087837219, -0.31534793972969055, 0.4008486270904541, 0.38211533427238464, 0.8326516151428223),
            ["LeftFoot"] = CFrame.new(-2.9802322387695312e-08, -1.7881393432617188e-07, 2.2351741790771484e-08, 0.9978342652320862, 0.06577510386705399, 0.0006748309824615717, -0.05882181599736214, 0.8968479633331299, -0.43841031193733215, -0.02944166772067547, 0.43742120265960693, 0.8987746834754944),
            ["LowerTorso"] = CFrame.new(0.0054849740117788315, -0.24124670028686523, 0.21856984496116638, 0.9995118975639343, -0.03074074164032936, -0.005585077218711376, 0.029996756464242935, 0.9941584467887878, -0.10367894917726517, 0.008739618584513664, 0.10346078127622604, 0.9945952296257019),
            ["RightLowerLeg"] = CFrame.new(-6.891787052154541e-08, -0.0007263422012329102, 0.00004598667874233797, 1, 1.7695133180950506e-07, 3.073365206773815e-08, -5.587935447692871e-08, 0.460075318813324, 0.8878798484802246, 1.387670636177063e-07, -0.8878799676895142, 0.46007561683654785),
            ["LeftUpperLeg"] = CFrame.new(-2.9802322387695312e-08, -2.9709190130233765e-07, 7.450580596923828e-09, 0.9680789709091187, 0.122086301445961, 0.21890199184417725, 0.0036203754134476185, 0.8664510250091553, -0.4992489516735077, -0.2506193220615387, 0.48410508036613464, 0.8383510112762451),
            ["LeftLowerLeg"] = CFrame.new(-1.4901161193847656e-08, -0.0007264614105224609, 0.00008098781108856201, 1, 8.940698847936801e-08, 2.421439049271612e-08, -8.568168397005138e-08, 0.4258817136287689, 0.904778778553009, 5.587936158235607e-08, -0.9047789573669434, 0.42588189244270325),
        }},
        {Time = 0.067, Data = {
            ["RightFoot"] = CFrame.new(1.5040859580039978e-07, -1.1920928955078125e-07, -2.8107024263590574e-08, 0.9982831478118896, -0.017235927283763885, 0.05598060414195061, 0.046709995716810226, 0.8109220266342163, -0.5832869410514832, -0.03534245491027832, 0.5849003195762634, 0.8103349208831787),
            ["LeftLowerArm"] = CFrame.new(0.0000012218952178955078, -2.980232238769531e-07, 0.000004798173904418945, 1, 1.5366823902240867e-07, 9.045470505952835e-08, -1.3411046495548362e-07, 0.9923415780067444, -0.12352444976568222, -1.480803035747158e-07, 0.12352443486452103, 0.9923415184020996),
            ["RightUpperArm"] = CFrame.new(-0.030395030975341797, 0.045610785484313965, -0.07786761969327927, 0.11381500959396362, -0.7667691111564636, 0.6317526698112488, 0.16749274730682373, -0.6119740605354309, -0.7729385495185852, 0.9792815446853638, 0.19378605484962463, 0.058776386082172394),
            ["Head"] = CFrame.new(-2.561137080192566e-09, -5.960464477539062e-07, 2.980414137709886e-08, 0.9974772334098816, 0.03148988261818886, 0.06362024694681168, -0.013840039260685444, 0.9652947187423706, -0.2607958912849426, -0.06962472945451736, 0.2592574954032898, 0.9632954001426697),
            ["RightHand"] = CFrame.new(2.5331974029541016e-07, 0.0000010132789611816406, -5.513429641723633e-07, 0.9798903465270996, -0.015392221510410309, 0.19894233345985413, 0.07772506028413773, 0.9477144479751587, -0.30950942635536194, -0.18377667665481567, 0.3187480568885803, 0.9298526048660278),
            ["UpperTorso"] = CFrame.new(1.2689270079135895e-08, 2.9802322387695312e-08, -6.967457011342049e-08, 0.9984959363937378, 0.05162385106086731, 0.018463900312781334, -0.05465115234255791, 0.964072585105896, 0.2599564790725708, -0.004380587488412857, -0.260574609041214, 0.9654439091682434),
            ["HumanoidRootPart"] = CFrame.new(0, 0, 0, 1, 0, 0, 0, 1, 0, 0, 0, 1),
            ["RightUpperLeg"] = CFrame.new(-2.9802322387695312e-08, -9.313225746154785e-08, 5.75528247281909e-09, 0.9277979135513306, -0.12715832889080048, -0.35074445605278015, 0.02591986581683159, 0.959822416305542, -0.2794085741043091, 0.37218165397644043, 0.25014328956604004, 0.893817126750946),
            ["LeftUpperArm"] = CFrame.new(0.030601918697357178, 0.039952754974365234, -0.0778321772813797, 0.946698009967804, 0.04297034069895744, 0.31924375891685486, -0.08106305450201035, 0.9909483194351196, 0.10700549185276031, -0.31175604462623596, -0.12718072533607483, 0.9416121244430542),
            ["RightLowerArm"] = CFrame.new(4.172325134277344e-07, 7.748603820800781e-07, -0.0000038035213947296143, 1, -0.000009763986781763379, 0.000016838313968037255, 0.000018976630599354394, 0.29672369360923767, -0.9549634456634521, 0.000004366040684544714, 0.9549634456634521, 0.29672375321388245),
            ["LeftHand"] = CFrame.new(-0.0000013262033462524414, -0.0000011920928955078125, 2.7008354663848877e-07, 0.8885647654533386, 0.08829692006111145, -0.45017343759536743, -0.24100887775421143, 0.9248206615447998, -0.29431548714637756, 0.3903428614139557, 0.37001413106918335, 0.8430435061454773),
            ["LeftFoot"] = CFrame.new(1.30385160446167e-08, 5.960464477539063e-08, 2.2351741790771484e-08, 0.997769296169281, 0.06670749187469482, -0.0025628015864640474, -0.057796359062194824, 0.8439963459968567, -0.5332257747650146, -0.03340717405080795, 0.5321844220161438, 0.8459691405296326),
            ["LowerTorso"] = CFrame.new(-0.000663289160002023, -0.3068695068359375, 0.22445924580097198, 0.9990969300270081, -0.04232000187039375, 0.0037928102537989616, 0.04206247627735138, 0.9724794626235962, -0.2291606068611145, 0.006009648088365793, 0.22911322116851807, 0.9733812212944031),
            ["RightLowerLeg"] = CFrame.new(5.029141902923584e-08, -0.0007263422012329102, 0.00004613569035427645, 1, 1.6391282997574308e-07, 2.328307324717116e-08, -7.078052277620372e-08, 0.4171444773674011, 0.9088401794433594, 1.3876707782856101e-07, -0.9088402390480042, 0.41714468598365784),
            ["LeftUpperLeg"] = CFrame.new(5.960464477539063e-08, -1.7881393432617188e-07, -3.341119736433029e-08, 0.9689908027648926, 0.13596978783607483, 0.20632268488407135, -0.03279823437333107, 0.8983737826347351, -0.43800562620162964, -0.24491047859191895, 0.417656272649765, 0.8749755024909973),
            ["LeftLowerLeg"] = CFrame.new(2.2351741790771484e-08, -0.0007265806198120117, 0.00008094310760498047, 1, 5.215405707303944e-08, 7.823110337312755e-08, -9.313225746154785e-08, 0.3322179913520813, 0.9432026743888855, 2.60770320892334e-08, -0.9432026147842407, 0.3322179913520813),
        }},
        {Time = 0.100, Data = {
            ["RightFoot"] = CFrame.new(1.7508864402770996e-07, -2.384185791015625e-07, 3.149762051180005e-08, 0.9989796280860901, -0.008572417311370373, 0.044344715774059296, 0.03181648254394531, 0.8304304480552673, -0.5562133193016052, -0.032057199627161026, 0.5570564866065979, 0.8298556208610535),
            ["LeftLowerArm"] = CFrame.new(0.0000013709068298339844, -4.76837158203125e-07, 0.000004857778549194336, 1, 1.5087427129856223e-07, 1.3690443267933006e-07, -1.7136336794010276e-07, 0.9995907545089722, -0.028607042506337166, -1.3224781980625266e-07, 0.02860702946782112, 0.9995907545089722),
            ["RightUpperArm"] = CFrame.new(-0.015591800212860107, 0.030715346336364746, -0.08816689997911453, -0.07628078013658524, -0.8334748148918152, 0.547266960144043, 0.3593265414237976, -0.5349651575088501, -0.7646547555923462, 0.9300891160964966, 0.1383190006017685, 0.3402971625328064),
            ["Head"] = CFrame.new(5.587935447692871e-09, -7.152557373046875e-07, -1.3853423297405243e-08, 0.9986945390701294, 0.0028792417142540216, 0.05100124329328537, 0.006221006158739328, 0.9841236472129822, -0.17737556993961334, -0.05070220306515694, 0.1774611473083496, 0.9828208088874817),
            ["RightHand"] = CFrame.new(1.3783574104309082e-07, 0.0000011920928955078125, -6.631016731262207e-07, 0.9769465923309326, 0.034275688230991364, 0.21071413159370422, 0.03870947286486626, 0.9422247409820557, -0.3327372372150421, -0.2099452167749405, 0.33322322368621826, 0.9191765189170837),
            ["UpperTorso"] = CFrame.new(9.19681042432785e-09, -5.960464477539063e-08, -2.1507730707526207e-08, 0.997340738773346, 0.06703852117061615, 0.028590751811861992, -0.07274053245782852, 0.9399518966674805, 0.33346545696258545, -0.004518907051533461, -0.33465826511383057, 0.942328691482544),
            ["HumanoidRootPart"] = CFrame.new(0, 0, 0, 1, 0, 0, 0, 1, 0, 0, 0, 1),
            ["RightUpperLeg"] = CFrame.new(2.9802322387695312e-08, -1.30385160446167e-07, -6.17656041868031e-08, 0.9317882061004639, -0.11737743765115738, -0.343501478433609, 0.044705476611852646, 0.9761812090873718, -0.2123010903596878, 0.3602391183376312, 0.1824629008769989, 0.9148415327072144),
            ["LeftUpperArm"] = CFrame.new(0.04559880495071411, 0.05041861534118652, -0.08842406421899796, 0.9714409112930298, 0.05601978302001953, 0.23057426512241364, -0.07008747011423111, 0.996117353439331, 0.05327397212386131, -0.22669455409049988, -0.06791284680366516, 0.9715953469276428),
            ["RightLowerArm"] = CFrame.new(1.1920928955078125e-07, 3.5762786865234375e-07, -0.000003725290298461914, 1, -0.000001266598587790213, 0.00001948327371792402, 0.000018995251593878493, -0.16309763491153717, -0.9866099953651428, 0.000004399566932988819, 0.9866099953651428, -0.16309770941734314),
            ["LeftHand"] = CFrame.new(-0.0000011846423149108887, -0.000001430511474609375, 2.5331974029541016e-07, 0.8839170932769775, 0.13043725490570068, -0.4490838050842285, -0.25460299849510193, 0.9397408366203308, -0.22817671298980713, 0.39226004481315613, 0.31602743268013, 0.8638629913330078),
            ["LeftFoot"] = CFrame.new(-3.166496753692627e-08, -2.980232238769531e-07, 3.725290298461914e-08, 0.9972699284553528, 0.07273683696985245, -0.012732594273984432, -0.06915593147277832, 0.8595288395881653, -0.5063869953155518, -0.025888903066515923, 0.5058850646018982, 0.8622123003005981),
            ["LowerTorso"] = CFrame.new(-0.008094853721559048, -0.2837144136428833, 0.2257036715745926, 0.9990447163581848, -0.043141432106494904, 0.0069769504480063915, 0.04337631165981293, 0.9594283699989319, -0.27859601378440857, 0.005325146950781345, 0.2786324620246887, 0.9603830575942993),
            ["RightLowerLeg"] = CFrame.new(-8.568167686462402e-08, -0.0007266998291015625, 0.00004611333861248568, 1, 1.229346224818073e-07, 6.798654794692993e-08, -7.450579175838357e-08, 0.45903488993644714, 0.8884182572364807, 9.872017159295865e-08, -0.8884182572364807, 0.45903506875038147),
            ["LeftUpperLeg"] = CFrame.new(-5.960464477539063e-08, -3.8743019104003906e-07, -3.818422555923462e-08, 0.9663268327713013, 0.13575486838817596, 0.21859319508075714, -0.0447448268532753, 0.9252161383628845, -0.37679335474967957, -0.25339755415916443, 0.35432448983192444, 0.9001354575157166),
            ["LeftLowerLeg"] = CFrame.new(-1.4901161193847656e-08, -0.0007264614105224609, 0.00008098781108856201, 1, 7.823110337312755e-08, 7.078050145992165e-08, -5.960463056453591e-08, 0.3657124936580658, 0.9307278990745544, 8.568165554834195e-08, -0.9307279586791992, 0.3657125234603882),
        }},
        {Time = 0.133, Data = {
            ["RightFoot"] = CFrame.new(1.6298145055770874e-07, -5.960464477539063e-08, -1.3205863069742918e-08, 0.9979305267333984, -0.008699017576873302, 0.06371039152145386, 0.02630850486457348, 0.9593182802200317, -0.28109821677207947, -0.05867324024438858, 0.28219279646873474, 0.9575619101524353),
            ["LeftLowerArm"] = CFrame.new(0.0000012516975402832031, 2.980232238769531e-07, 0.000004857778549194336, 1, 1.3504175910838967e-07, 1.289881907950985e-07, -1.4342366227992898e-07, 0.9995907545089722, -0.028607020154595375, -1.331791139591587e-07, 0.02860705927014351, 0.9995908141136169),
            ["RightUpperArm"] = CFrame.new(-0.010074794292449951, 0.011005043983459473, -0.07367011904716492, -0.3056824505329132, -0.8783215284347534, 0.3675724267959595, 0.6809898614883423, -0.47149187326431274, -0.5603109002113342, 0.6654404997825623, 0.07903588563203812, 0.742254912853241),
            ["Head"] = CFrame.new(-4.6566128730773926e-09, -8.344650268554688e-07, -4.115281626582146e-08, 0.9994327425956726, -0.016830813139677048, 0.029170583933591843, 0.018028520047664642, 0.9989843964576721, -0.041294172406196594, -0.028445957228541374, 0.04179646819829941, 0.9987211227416992),
            ["RightHand"] = CFrame.new(5.774199962615967e-07, 7.748603820800781e-07, -8.23289155960083e-07, 0.9615694880485535, 0.05283027142286301, 0.269430547952652, 0.03985712677240372, 0.944059431552887, -0.3273579776287079, -0.27165329456329346, 0.3255160450935364, 0.9056732058525085),
            ["UpperTorso"] = CFrame.new(-3.725290298461914e-09, 1.1920928955078125e-07, -1.3849421520717442e-07, 0.9977618455886841, 0.05064704641699791, 0.04366037994623184, -0.0618717297911644, 0.9469015598297119, 0.3155145049095154, -0.02536219358444214, -0.31750959157943726, 0.94791579246521),
            ["HumanoidRootPart"] = CFrame.new(0, 0, 0, 1, 0, 0, 0, 1, 0, 0, 0, 1),
            ["RightUpperLeg"] = CFrame.new(0, 8.940696716308594e-08, -1.3103272067382932e-07, 0.9265409111976624, -0.10947797447443008, -0.35991182923316956, 0.06771445274353027, 0.9896267056465149, -0.1267038881778717, 0.3700495958328247, 0.0930246040225029, 0.9243428111076355),
            ["LeftUpperArm"] = CFrame.new(0.05155682563781738, 0.04567849636077881, -0.07384639978408813, 0.9857710003852844, 0.07912534475326538, 0.14830626547336578, -0.08570421487092972, 0.9955766201019287, 0.038497187197208405, -0.1446041762828827, -0.050659939646720886, 0.9881919622421265),
            ["RightLowerArm"] = CFrame.new(4.470348358154297e-07, 4.172325134277344e-07, -0.000004202127456665039, 1, 0.000005275011517369421, 0.000018775466742226854, 0.00001897662878036499, -0.48212140798568726, -0.876104474067688, 0.000004403293132781982, 0.8761045336723328, -0.48212140798568726),
            ["LeftHand"] = CFrame.new(-0.0000015124678611755371, -0.000001430511474609375, 3.129243850708008e-07, 0.8753732442855835, 0.18210245668888092, -0.44783923029899597, -0.24313348531723022, 0.9665002822875977, -0.08224007487297058, 0.41786110401153564, 0.1808755248785019, 0.8903239369392395),
            ["LeftFoot"] = CFrame.new(-3.725290298461914e-09, -1.7881393432617188e-07, -1.4901161193847656e-08, 0.9942702651023865, 0.10080788284540176, -0.03556029126048088, -0.10581054538488388, 0.9754093289375305, -0.19334125518798828, 0.015195474959909916, 0.19599592685699463, 0.9804869294166565),
            ["LowerTorso"] = CFrame.new(-0.011160336434841156, -0.1165468692779541, 0.22436298429965973, 0.9997179508209229, -0.023657990619540215, -0.002127722604200244, 0.022226065397262573, 0.9632754325866699, -0.26759397983551025, 0.008380317129194736, 0.2674711346626282, 0.9635295271873474),
            ["RightLowerLeg"] = CFrame.new(-9.313225746154785e-08, -0.000726163387298584, 0.00004606118454830721, 1, 1.3411047916633834e-07, 2.7939670133036998e-08, -4.749744419996205e-08, 0.6626228094100952, 0.7489529252052307, 1.5692783961185341e-07, -0.7489532828330994, 0.6626232266426086),
            ["LeftUpperLeg"] = CFrame.new(-8.940696716308594e-08, 9.96515154838562e-08, -1.3690441846847534e-07, 0.9535415768623352, 0.1139107272028923, 0.2788957953453064, -0.03254713490605354, 0.9592933058738708, -0.2805303633213043, -0.2994982600212097, 0.2584199011325836, 0.9184333682060242),
            ["LeftLowerLeg"] = CFrame.new(-4.842877388000488e-08, -0.0007265210151672363, 0.00008092820644378662, 1, 5.960465898624534e-08, 7.264314660915261e-08, -7.823108916227284e-08, 0.5817270874977112, 0.8133842349052429, 6.70552182668871e-08, -0.8133840560913086, 0.5817267894744873),
        }},
        {Time = 0.167, Data = {
            ["RightFoot"] = CFrame.new(1.5599653124809265e-07, -5.960464477539063e-08, 1.6952981241047382e-09, 0.9969878792762756, -0.026158373802900314, 0.07301432639360428, 0.02041448839008808, 0.9967179894447327, 0.07833552360534668, -0.07482403516769409, -0.07660898566246033, 0.994249701499939),
            ["LeftLowerArm"] = CFrame.new(0.0000010728836059570312, -5.960464477539063e-08, 0.000004887580871582031, 1, 1.564621925354004e-07, 1.4388932356723672e-07, -1.4435498485454445e-07, 0.9995908141136169, -0.028606979176402092, -1.0151414642223244e-07, 0.028607077896595, 0.9995907545089722),
            ["RightUpperArm"] = CFrame.new(-0.011310696601867676, -0.010985732078552246, -0.05313115566968918, -0.40481308102607727, -0.9059531092643738, 0.12399762868881226, 0.8620119094848633, -0.42333605885505676, -0.278786838054657, 0.305060476064682, -0.005969186779111624, 0.9523143768310547),
            ["Head"] = CFrame.new(-8.381903171539307e-09, -2.384185791015625e-07, 2.2118911147117615e-09, 0.9997029900550842, -0.018195053562521935, 0.016214029863476753, 0.01942446641623974, 0.9966689348220825, -0.07920809090137482, -0.014718797989189625, 0.07949946075677872, 0.9967262744903564),
            ["RightHand"] = CFrame.new(1.6391277313232422e-07, 0.0000011324882507324219, -7.897615432739258e-07, 0.9372482895851135, 0.05072619765996933, 0.34495261311531067, 0.08916276693344116, 0.9215918779373169, -0.37778085470199585, -0.3370693325996399, 0.38483139872550964, 0.8592377305030823),
            ["UpperTorso"] = CFrame.new(9.313225746154785e-10, 4.172325134277344e-07, 1.879379851743579e-08, 0.9980630278587341, 0.019649948924779892, 0.05902595445513725, -0.029918156564235687, 0.9834893941879272, 0.17847593128681183, -0.05454437434673309, -0.1798962503671646, 0.9821722507476807),
            ["HumanoidRootPart"] = CFrame.new(0, 0, 0, 1, 0, 0, 0, 1, 0, 0, 0, 1),
            ["RightUpperLeg"] = CFrame.new(0, 2.708984538912773e-07, 2.6710040401667356e-08, 0.9267021417617798, -0.11711322516202927, -0.35708189010620117, 0.0525415875017643, 0.9812451004981995, -0.1854654997587204, 0.3721054792404175, 0.1531095951795578, 0.9154753684997559),
            ["LeftUpperArm"] = CFrame.new(0.05051684379577637, 0.028556466102600098, -0.053501248359680176, 0.9891732931137085, 0.10015310347080231, 0.10726369917392731, -0.10753898322582245, 0.992045521736145, 0.06542981415987015, -0.09985744208097458, -0.07625635713338852, 0.9920753836631775),
            ["RightLowerArm"] = CFrame.new(-3.5762786865234375e-07, 5.960464477539062e-07, -0.000003769993782043457, 1, 0.000007522291525674518, 0.000017955902876565233, 0.00001895707282528747, -0.585772693157196, -0.8104752898216248, 0.0000044554476517078, 0.8104753494262695, -0.5857729315757751),
            ["LeftHand"] = CFrame.new(-0.0000015944242477416992, -0.0000010728836059570312, 2.1606683731079102e-07, 0.8698036670684814, 0.20590001344680786, -0.4483819305896759, -0.25742417573928833, 0.9646515250205994, -0.05639507248997688, 0.4209209680557251, 0.16447697579860687, 0.8920612931251526),
            ["LeftFoot"] = CFrame.new(7.450580596923828e-09, -2.384185791015625e-07, -1.4901161193847656e-08, 0.9894013404846191, 0.14411012828350067, -0.01781243085861206, -0.13754190504550934, 0.9694247841835022, 0.20321886241436005, 0.04655364528298378, -0.19861489534378052, 0.9789713621139526),
            ["LowerTorso"] = CFrame.new(-0.00889570266008377, 0.019581079483032227, 0.21876895427703857, 0.9999250173568726, 0.002098739380016923, -0.012063756585121155, -0.004077845253050327, 0.9860402941703796, -0.16645705699920654, 0.011546000838279724, 0.16649378836154938, 0.985974907875061),
            ["RightLowerLeg"] = CFrame.new(-6.798654794692993e-08, -0.0007259845733642578, 0.00004608353629009798, 1, 9.778892007261675e-08, -7.450583261459087e-09, -6.426125054304066e-08, 0.7755981087684631, 0.6312270760536194, 7.54371214384264e-08, -0.6312270164489746, 0.7755982279777527),
            ["LeftUpperLeg"] = CFrame.new(-2.9802322387695312e-08, 3.1548552215099335e-07, 4.1443854570388794e-08, 0.9448611736297607, 0.08623211085796356, 0.3159135580062866, 0.024433478713035583, 0.9434533715248108, -0.330603688955307, -0.326558381319046, 0.3200935423374176, 0.8893254995346069),
            ["LeftLowerLeg"] = CFrame.new(5.587935447692871e-08, -0.000726163387298584, 0.00008097290992736816, 1, 7.450581307466564e-08, 2.0489094865183688e-08, -5.960464477539063e-08, 0.7061601877212524, 0.7080522775650024, 2.9802322387695312e-08, -0.7080521583557129, 0.7061600089073181),
        }},
        {Time = 0.200, Data = {
            ["RightFoot"] = CFrame.new(2.1187588572502136e-07, 0, 1.6952981241047382e-09, 0.9950266480445862, -0.061084672808647156, 0.07868099212646484, 0.03262203186750412, 0.9461714029312134, 0.322017639875412, -0.09411589801311493, -0.31784960627555847, 0.9434585571289062),
            ["LeftLowerArm"] = CFrame.new(0.0000014603137969970703, -7.748603820800781e-07, 0.000004723668098449707, 1, 1.4435501327625389e-07, 1.3248065044990653e-07, -1.396984004031765e-07, 0.9981763958930969, -0.06036495417356491, -1.2386591663471336e-07, 0.060365013778209686, 0.9981763958930969),
            ["RightUpperArm"] = CFrame.new(-0.015443801879882812, -0.010817408561706543, -0.04099453240633011, -0.377820760011673, -0.9166631698608398, 0.13030721247196198, 0.8248066902160645, -0.397167831659317, -0.4024328291416168, 0.420648992061615, -0.04456920549273491, 0.9061279296875),
            ["Head"] = CFrame.new(-7.450580596923828e-09, -5.960464477539062e-07, 6.868503987789154e-09, 0.9998098015785217, -0.016812296584248543, 0.0098860003054142, 0.01772778108716011, 0.9947006106376648, -0.10127513110637665, -0.00813094899058342, 0.10143091529607773, 0.9948093891143799),
            ["RightHand"] = CFrame.new(9.685754776000977e-08, 0.0000010728836059570312, -6.556510925292969e-07, 0.9150433540344238, 0.04853981360793114, 0.40042388439178467, 0.1485111117362976, 0.882450520992279, -0.44634681940078735, -0.3750203847885132, 0.46789413690567017, 0.8002720475196838),
            ["UpperTorso"] = CFrame.new(1.1059455573558807e-09, 0, -2.034357748925686e-08, 0.9976380467414856, 0.0016293124062940478, 0.06867165118455887, -0.008206384256482124, 0.9953857064247131, 0.09560300409793854, -0.068199023604393, -0.09594066441059113, 0.9930480122566223),
            ["HumanoidRootPart"] = CFrame.new(0, 0, 0, 1, 0, 0, 0, 1, 0, 0, 0, 1),
            ["RightUpperLeg"] = CFrame.new(0, -4.0046870708465576e-07, 6.330083124339581e-10, 0.9264209866523743, -0.14715926349163055, -0.3465375602245331, 0.03569778427481651, 0.9506325721740723, -0.3082590103149414, 0.3747929632663727, 0.27320677042007446, 0.8859391808509827),
            ["LeftUpperArm"] = CFrame.new(0.04621303081512451, 0.02451646327972412, -0.04130113124847412, 0.9760384559631348, 0.10184400528669357, 0.1922936737537384, -0.1209273710846901, 0.9885516166687012, 0.09023498743772507, -0.18090234696865082, -0.11132634431123734, 0.9771800637245178),
            ["RightLowerArm"] = CFrame.new(5.364418029785156e-07, 8.344650268554688e-07, -0.000003993511199951172, 1, 0.000005692243576049805, 0.000018641359929461032, 0.00001893169064715039, -0.5036384463310242, -0.8639146089553833, 0.000004433095000422327, 0.8639146089553833, -0.5036384463310242),
            ["LeftHand"] = CFrame.new(-0.0000014156103134155273, -8.940696716308594e-07, 1.9371509552001953e-07, 0.8700301647186279, 0.1811724156141281, -0.45850154757499695, -0.28319793939590454, 0.9449355006217957, -0.16400016844272614, 0.4035424292087555, 0.2725318372249603, 0.8734303116798401),
            ["LeftFoot"] = CFrame.new(-2.0954757928848267e-08, 0, 0, 0.9882587194442749, 0.1522287279367447, -0.013081690296530724, -0.14315083622932434, 0.9524421691894531, 0.26900163292884827, 0.05340927839279175, -0.2639705240726471, 0.9630509614944458),
            ["LowerTorso"] = CFrame.new(-0.005331458058208227, 0.0753622055053711, 0.21615983545780182, 0.9998294711112976, 0.012678497470915318, -0.013427559286355972, -0.014026389457285404, 0.9943124651908875, -0.10557473450899124, 0.012012659572064877, 0.10574505478143692, 0.994320809841156),
            ["RightLowerLeg"] = CFrame.new(-1.30385160446167e-08, -0.0007264614105224609, 0.00004600157990353182, 1, 1.229346082709526e-07, -5.1222748709278676e-08, -5.960465898624534e-08, 0.7534278035163879, 0.6575304865837097, 7.729979500936679e-08, -0.6575307250022888, 0.7534279823303223),
            ["LeftUpperLeg"] = CFrame.new(2.9802322387695312e-08, 1.1175870895385742e-08, -3.306195139884949e-08, 0.9425612688064575, 0.08703947067260742, 0.3224940896034241, 0.054904937744140625, 0.9119534492492676, -0.4066033661365509, -0.32949018478393555, 0.4009551405906677, 0.854793131351471),
            ["LeftLowerLeg"] = CFrame.new(0, -0.0007263422012329102, 0.00008094310760498047, 1, 5.960465898624534e-08, -3.725290742551124e-09, -8.195639367158947e-08, 0.700898289680481, 0.7132614254951477, 7.078052277620372e-08, -0.7132613062858582, 0.7008981108665466),
        }},
        {Time = 0.233, Data = {
            ["RightFoot"] = CFrame.new(1.3969838619232178e-07, -1.1920928955078125e-07, 3.149762051180005e-08, 0.9951730370521545, -0.07215207070112228, 0.0665198266506195, 0.04350786656141281, 0.9319528341293335, 0.3599596619606018, -0.08796519041061401, -0.3553280234336853, 0.9305934906005859),
            ["LeftLowerArm"] = CFrame.new(0.000001341104507446289, 0, 0.000004738569259643555, 1, 1.601874828338623e-07, 1.4994297714565619e-07, -1.1548404188488348e-07, 0.9797570705413818, -0.20019003748893738, -1.35973138526424e-07, 0.20019005239009857, 0.9797571897506714),
            ["RightUpperArm"] = CFrame.new(-0.021810054779052734, -0.004413962364196777, -0.031972736120224, -0.32653144001960754, -0.8925026655197144, 0.3111531436443329, 0.6822441220283508, -0.4503912031650543, -0.5759260058403015, 0.6541561484336853, 0.02422436699271202, 0.7559714913368225),
            ["Head"] = CFrame.new(1.862645149230957e-09, -8.344650268554688e-07, 1.0069925338029861e-08, 0.9999489784240723, -0.007505397778004408, 0.006769489962607622, 0.008192391134798527, 0.9941240549087524, -0.10793745517730713, -0.005919547285884619, 0.10798730701208115, 0.9941347241401672),
            ["RightHand"] = CFrame.new(2.2351741790771484e-08, 0.0000010132789611816406, -0.0000012665987014770508, 0.9025248289108276, 0.05460986867547035, 0.42716073989868164, 0.14078308641910553, 0.9000071883201599, -0.4125131666660309, -0.40697547793388367, 0.43244045972824097, 0.8045910000801086),
            ["UpperTorso"] = CFrame.new(2.3283064365386963e-10, -4.76837158203125e-07, -1.363514456897974e-08, 0.9972988367080688, -0.011216124519705772, 0.07259054481983185, 0.009588037617504597, 0.9996954798698425, 0.022738125175237656, -0.07282351702451706, -0.021980727091431618, 0.997102677822113),
            ["HumanoidRootPart"] = CFrame.new(0, 0, 0, 1, 0, 0, 0, 1, 0, 0, 0, 1),
            ["RightUpperLeg"] = CFrame.new(5.960464477539063e-08, -1.4388933777809143e-07, 1.18088792078197e-08, 0.9312936067581177, -0.16847169399261475, -0.3229696452617645, 0.014653992839157581, 0.9032326936721802, -0.42890098690986633, 0.36397457122802734, 0.39469990134239197, 0.8436436057090759),
            ["LeftUpperArm"] = CFrame.new(0.039510369300842285, 0.020647644996643066, -0.03216055780649185, 0.9568779468536377, 0.098568856716156, 0.27325597405433655, -0.1382780820131302, 0.9818169474601746, 0.1300564706325531, -0.2554677128791809, -0.16223342716693878, 0.9531089663505554),
            ["RightLowerArm"] = CFrame.new(3.5762786865234375e-07, 4.172325134277344e-07, -0.000004112720489501953, 1, 7.301567279682786e-07, 0.000019520528439898044, 0.000018965454728459008, -0.26267847418785095, -0.9648835062980652, 0.000004343688942753943, 0.9648833870887756, -0.26267850399017334),
            ["LeftHand"] = CFrame.new(-0.0000014901161193847656, -8.940696716308594e-07, 1.7881393432617188e-07, 0.8750952482223511, 0.14028024673461914, -0.4631732404232025, -0.26404982805252075, 0.9404582977294922, -0.21404705941677094, 0.40556883811950684, 0.3096124529838562, 0.8600316047668457),
            ["LeftFoot"] = CFrame.new(6.752088665962219e-08, -1.1920928955078125e-07, -2.8870999813079834e-08, 0.9908777475357056, 0.13470399379730225, -0.004036002326756716, -0.1309075802564621, 0.9692018032073975, 0.20859332382678986, 0.03201017901301384, -0.20616208016872406, 0.9779942035675049),
            ["LowerTorso"] = CFrame.new(-0.0010362676111981273, 0.10339593887329102, 0.2145019918680191, 0.9997996687889099, 0.015614873729646206, -0.012529266998171806, -0.016253948211669922, 0.9984813928604126, -0.05263914912939072, 0.011688284575939178, 0.05283224955201149, 0.9985350966453552),
            ["RightLowerLeg"] = CFrame.new(-7.450580596923828e-09, -0.000726163387298584, 0.0000459643270005472, 1, 1.1734667282325972e-07, -3.2596300769682784e-08, -8.009374852235851e-08, 0.6820235252380371, 0.7313300371170044, 7.357449050005016e-08, -0.7313303351402283, 0.682023823261261),
            ["LeftUpperLeg"] = CFrame.new(0, -5.9138983488082886e-08, -3.4924596548080444e-08, 0.9488043189048767, 0.09535478800535202, 0.30112752318382263, 0.06873846799135208, 0.8681630492210388, -0.49149560928344727, -0.3082943558692932, 0.4870322346687317, 0.8171623349189758),
            ["LeftLowerLeg"] = CFrame.new(6.705522537231445e-08, -0.0007269382476806641, 0.00008110702037811279, 1, 6.70552182668871e-08, 2.421438694000244e-08, -7.823108916227284e-08, 0.6403589844703674, 0.7680756449699402, 4.470347647611561e-08, -0.7680757641792297, 0.6403591632843018),
        }},
        {Time = 0.267, Data = {
            ["RightFoot"] = CFrame.new(1.7043203115463257e-07, -5.960464477539063e-08, -2.8107024263590574e-08, 0.9947932362556458, -0.07916228473186493, 0.0641862004995346, 0.05742638558149338, 0.955705463886261, 0.288668692111969, -0.08419480174779892, -0.28347933292388916, 0.9552751779556274),
            ["LeftLowerArm"] = CFrame.new(0.0000013113021850585938, -5.960464477539062e-07, 0.000004678964614868164, 1, 1.0430814256778831e-07, 9.499492392706088e-08, -1.266598843585598e-07, 0.9430086612701416, -0.33276835083961487, -7.63684582238966e-08, 0.33276835083961487, 0.9430086612701416),
            ["RightUpperArm"] = CFrame.new(-0.03181105852127075, 0.004336953163146973, -0.03380373492836952, -0.21637995541095734, -0.7651433944702148, 0.6064118146896362, 0.4661761224269867, -0.6267178654670715, -0.6244233250617981, 0.8578225374221802, 0.14758208394050598, 0.49230092763900757),
            ["Head"] = CFrame.new(1.0477378964424133e-09, -9.5367431640625e-07, -4.487810656428337e-08, 0.9999091625213623, 0.006887389346957207, 0.011593990959227085, -0.005194357130676508, 0.9901106357574463, -0.1401924341917038, -0.012444942258298397, 0.14011943340301514, 0.9900563955307007),
            ["RightHand"] = CFrame.new(-5.960464477539063e-08, 7.748603820800781e-07, -8.814968168735504e-07, 0.8814772367477417, 0.026432381942868233, 0.4714856743812561, 0.15586252510547638, 0.9261953830718994, -0.3433205187320709, -0.44576308131217957, 0.37611618638038635, 0.8123006820678711),
            ["UpperTorso"] = CFrame.new(8.149072527885437e-09, 1.1920928955078125e-07, 8.956703823059797e-09, 0.9975420832633972, -0.017914198338985443, 0.06774166971445084, 0.01839386858046055, 0.9998099207878113, -0.006463788449764252, -0.06761295348405838, 0.007693905849009752, 0.9976819753646851),
            ["HumanoidRootPart"] = CFrame.new(0, 0, 0, 1, 0, 0, 0, 1, 0, 0, 0, 1),
            ["RightUpperLeg"] = CFrame.new(5.960464477539063e-08, 4.00003045797348e-07, -4.954927135258913e-09, 0.9292740225791931, -0.17281565070152283, -0.3264727294445038, -0.0004122563113924116, 0.883327841758728, -0.4687556028366089, 0.3693907856941223, 0.43573707342147827, 0.8207823634147644),
            ["LeftUpperArm"] = CFrame.new(0.029201924800872803, 0.012136340141296387, -0.033872995525598526, 0.9313340187072754, 0.09082087129354477, 0.3526589870452881, -0.15540097653865814, 0.9749186635017395, 0.1593245267868042, -0.3293440639972687, -0.20318801701068878, 0.9220885634422302),
            ["RightLowerArm"] = CFrame.new(1.1920928955078125e-07, 8.344650268554688e-07, -0.000003769993782043457, 1, -0.000009201467037200928, 0.000017162416042992845, 0.00001895427703857422, 0.2617829442024231, -0.9651268720626831, 0.000004343688488006592, 0.9651268720626831, 0.26178285479545593),
            ["LeftHand"] = CFrame.new(-0.0000014603137969970703, -0.0000011920928955078125, 1.1920928955078125e-07, 0.8828633427619934, 0.09207706898450851, -0.46051469445228577, -0.23887816071510315, 0.93230801820755, -0.27154937386512756, 0.40433844923973083, 0.3497481048107147, 0.8450958728790283),
