return {
    ["Muffin Dance"] = {
        {Time = 0.000, Data = {
            ["RightFoot"] = CFrame.new(8.815732144284993e-09, 2.384185791015625e-07, -1.7462298274040222e-08, 1, 1.1183149695170869e-07, 2.235860847576987e-07, -4.493631422519684e-08, 0.9548145532608032, -0.2972021996974945, -2.6368070393800735e-07, 0.2972024381160736, 0.954814612865448),
            ["LeftLowerArm"] = CFrame.new(3.7997961044311523e-07, -5.960464477539063e-08, -7.82310962677002e-08, 0.999011218547821, 0.034268975257873535, 0.028324000537395477, -0.03271273896098137, 0.9980215430259705, -0.053693268448114395, -0.030108045786619186, 0.05271359905600548, 0.9981557726860046),
            ["RightUpperArm"] = CFrame.new(5.960464477539063e-08, 0, 5.180481821298599e-09, 0.06476328521966934, -0.9963999390602112, 0.054708946496248245, 0.6180593967437744, -0.002991313813254237, -0.7861257791519165, 0.7834591865539551, 0.08472546935081482, 0.6156406402587891),
            ["Head"] = CFrame.new(-1.0913936421275139e-11, 0, -2.000888343900442e-11, 1, -2.032076980643116e-12, 7.450580596923828e-09, -6.808788319719988e-17, 1, -8.207280188798904e-09, 0, 5.852054951738239e-13, 1),
            ["RightHand"] = CFrame.new(1.6391277313232422e-07, 0, 5.587935447692871e-08, 1, 1.3969840395589017e-08, -4.551840149247255e-08, 2.514570951461792e-08, 1, -2.980232949312267e-08, 1.641456037759781e-08, 7.078052277620372e-08, 1),
            ["UpperTorso"] = CFrame.new(-1.0913936421275139e-11, -1.1920928955078125e-07, -2.000888343900442e-11, 1, 0, 0, 0, 1, 0, 0, 0, 1),
            ["HumanoidRootPart"] = CFrame.new(0, 0, 0, 1, 0, 0, 0, 1, 0, 0, 0, 1),
            ["RightUpperLeg"] = CFrame.new(-5.960464477539063e-08, -1.1920928955078125e-07, 3.485183697193861e-09, 0.9978546500205994, -0.022423209622502327, -0.0615091472864151, -0.002302912063896656, 0.926913857460022, -0.3752671778202057, 0.06542839109897614, 0.37460359930992126, 0.9248736500740051),
            ["LeftUpperArm"] = CFrame.new(1.7881393432617188e-07, 0, -2.270098775625229e-09, -0.012504536658525467, 0.9954899549484253, 0.09404012560844421, -0.6091738343238831, 0.06699538975954056, -0.7902018427848816, -0.7929381728172302, -0.06716788560152054, 0.6055887341499329),
            ["RightLowerArm"] = CFrame.new(1.7415732145309448e-07, -1.1920928955078125e-07, 3.688037395477295e-07, 0.9999012351036072, -0.013480807654559612, -0.003965434618294239, 0.013257181271910667, 0.9985672831535339, -0.05184386298060417, 0.00465866643935442, 0.051786016672849655, 0.9986473917961121),
            ["LeftHand"] = CFrame.new(0, 1.1920928955078125e-07, -2.738088369369507e-07, 1, -1.8114215549758228e-07, -1.0688380314149981e-07, -3.3061958504276845e-08, 1, -3.282911720248194e-08, 2.2223690621103742e-07, 1.1408695854697726e-07, 1),
            ["LeftFoot"] = CFrame.new(-3.259629011154175e-09, -1.1920928955078125e-07, 2.0489096641540527e-08, 1, -5.296896699036324e-09, -4.512171614123872e-08, -1.257285475730896e-08, 0.942598283290863, -0.33392903208732605, 9.976793080568314e-08, 0.33392900228500366, 0.9425982236862183),
            ["LowerTorso"] = CFrame.new(0.00026336393784731627, -0.10187995433807373, 0.0006634207675233483, 0.9967602491378784, 0, -0.0804300308227539, 0, 1, 0, 0.0804300308227539, 0, 0.9967602491378784),
            ["RightLowerLeg"] = CFrame.new(3.306195139884949e-08, 4.76837158203125e-07, -6.16346369497478e-08, 1, -9.31322907682386e-10, 2.5902412659206675e-08, 2.3283062144940914e-09, 0.7735025882720947, 0.6337929368019104, -3.073364140959711e-08, -0.633793294429779, 0.7735028266906738),
            ["LeftUpperLeg"] = CFrame.new(0, -1.1920928955078125e-07, -2.270098775625229e-09, 0.9484046697616577, 0.11246643960475922, 0.2964453399181366, -0.005575641989707947, 0.9407461881637573, -0.3390656113624573, -0.31701335310935974, 0.31991857290267944, 0.892835259437561),
            ["LeftLowerLeg"] = CFrame.new(-3.91155481338501e-08, 5.960464477539063e-08, -2.2351741790771484e-08, 1, -3.2596294552433847e-09, 3.026798367500305e-09, 4.190951585769653e-09, 0.7735339403152466, 0.6337550282478333, -1.7462298274040222e-09, -0.6337550282478333, 0.7735338807106018),
        }},
        {Time = 0.040, Data = {
            ["RightFoot"] = CFrame.new(-1.5612386050634086e-08, 4.172325134277344e-07, -1.643638825044036e-08, 1, -1.423542084211249e-08, 2.384885817718896e-07, 4.0745366192140864e-08, 0.9547957181930542, -0.2972620129585266, -2.3888426881057967e-07, 0.29726266860961914, 0.9547959566116333),
            ["LeftLowerArm"] = CFrame.new(1.862645149230957e-08, 0, -1.7881393432617188e-07, 0.9990112781524658, 0.03426901623606682, 0.028324048966169357, -0.032712727785110474, 0.9980215430259705, -0.05369361490011215, -0.030108021572232246, 0.05271404609084129, 0.9981557130813599),
            ["RightUpperArm"] = CFrame.new(0, 0, 1.2398231774568558e-08, 0.06450004875659943, -0.9963995814323425, 0.055025409907102585, 0.6180714964866638, -0.0034028885420411825, -0.786114513874054, 0.7834714651107788, 0.08471409231424332, 0.6156266927719116),
            ["Head"] = CFrame.new(-2.1827872842550278e-11, 0, 1.2732925824820995e-11, 1, -2.03205594712097e-12, 7.450580596923828e-09, -6.808788319719988e-17, 1, -8.207280188798904e-09, 0, 5.854676552591309e-13, 1),
            ["RightHand"] = CFrame.new(-3.0547380447387695e-07, 5.960464477539063e-08, 1.601874828338623e-07, 1, 1.4901161193847656e-08, -9.208453377596015e-08, 1.6763808119435453e-08, 1, -3.725290742551124e-09, -3.2887331968822764e-08, 6.332993507385254e-08, 1),
            ["UpperTorso"] = CFrame.new(-2.1827872842550278e-11, -2.384185791015625e-07, 1.2732925824820995e-11, 1, 0, 0, 0, 1, 0, 0, 0, 1),
            ["HumanoidRootPart"] = CFrame.new(0, 0, 0, 1, 0, 0, 0, 1, 0, 0, 0, 1),
            ["RightUpperLeg"] = CFrame.new(5.960464477539063e-08, -2.384185791015625e-07, -4.729372449219227e-10, 0.9978528618812561, -0.022437334060668945, -0.061533309519290924, -0.002304916502907872, 0.9268792867660522, -0.37535256147384644, 0.06545588374137878, 0.37468841671943665, 0.9248373508453369),
            ["LeftUpperArm"] = CFrame.new(-1.7881393432617188e-07, 0, 1.2398231774568558e-08, -0.012681664898991585, 0.9955081343650818, 0.09382309019565582, -0.6091753244400024, 0.06671558320522308, -0.7902241945266724, -0.792934238910675, -0.06717608124017715, 0.6055930852890015),
            ["RightLowerArm"] = CFrame.new(-2.5704503059387207e-07, -5.960464477539063e-08, 7.078051567077637e-08, 0.9999013543128967, -0.01348080299794674, -0.003965469542890787, 0.013257239945232868, 0.9985672235488892, -0.05184425041079521, 0.004658722318708897, 0.051786236464977264, 0.9986473917961121),
            ["LeftHand"] = CFrame.new(1.043081283569336e-07, -1.1920928955078125e-07, 8.381903171539307e-08, 1, -1.7881384906104358e-07, 8.92032225863204e-09, -5.3085386753082275e-08, 1, -5.960463056453591e-08, 9.47329681366682e-09, 8.544880358840601e-08, 1),
            ["LeftFoot"] = CFrame.new(1.0806378014649454e-08, 1.1920928955078125e-07, -2.5328738217922364e-08, 1, 1.5133997166572044e-08, -4.5122064307179244e-08, -8.847565347025466e-09, 0.9425712823867798, -0.33400478959083557, 8.719508315380153e-08, 0.33400505781173706, 0.9425714015960693),
            ["LowerTorso"] = CFrame.new(0.0002634821576066315, -0.10192573070526123, 0.0006637185579165816, 0.996757447719574, 0, -0.08046606183052063, 0, 1, 0, 0.08046606183052063, 0, 0.996757447719574),
            ["RightLowerLeg"] = CFrame.new(-1.6763806343078613e-08, 4.76837158203125e-07, 4.267349140718579e-08, 1, 1.3504175555567599e-08, 3.2770923752423187e-08, 4.889443960820472e-09, 0.7734041810035706, 0.6339128613471985, -2.0314475435156965e-08, -0.6339132189750671, 0.7734045386314392),
            ["LeftUpperLeg"] = CFrame.new(-2.9802322387695312e-08, -2.384185791015625e-07, 4.94765117764473e-09, 0.9483593702316284, 0.11253871768712997, 0.2965629994869232, -0.005580611992627382, 0.9407208561897278, -0.3391357362270355, -0.31714892387390137, 0.3199676275253296, 0.8927695751190186),
            ["LeftLowerLeg"] = CFrame.new(-2.6542693376541138e-08, -2.384185791015625e-07, 5.21540641784668e-08, 1, -2.3283059924494864e-09, -1.5716073775706718e-08, 7.450580596923828e-09, 0.7734354138374329, 0.6338748931884766, -1.0826624929904938e-08, -0.6338750123977661, 0.7734357118606567),
        }},
        {Time = 0.080, Data = {
            ["RightFoot"] = CFrame.new(-3.422428562771529e-08, 2.980232238769531e-07, 3.149034455418587e-08, 1, 2.2748295691599196e-08, 2.0868603201051883e-07, 1.4435501682896756e-08, 0.9547785520553589, -0.29731759428977966, -2.18628002812693e-07, 0.2973182201385498, 0.9547787308692932),
            ["LeftLowerArm"] = CFrame.new(-4.917383193969727e-07, 1.7881393432617188e-07, -1.1548399925231934e-07, 0.999011218547821, 0.034269049763679504, 0.028324147686362267, -0.03271275758743286, 0.9980214238166809, -0.05369402840733528, -0.030108030885457993, 0.052714377641677856, 0.9981557130813599),
            ["RightUpperArm"] = CFrame.new(5.960464477539063e-08, -2.384185791015625e-07, 1.1816155165433884e-08, 0.06425803899765015, -0.9963990449905396, 0.05531628429889679, 0.6180826425552368, -0.003781147301197052, -0.786104142665863, 0.783482551574707, 0.0847034901380539, 0.6156139373779297),
            ["Head"] = CFrame.new(7.275957614183426e-12, -2.384185791015625e-07, -1.6370904631912708e-11, 1, -6.717707119741068e-12, 7.4505797087454084e-09, -6.808788319719988e-17, 1, -8.207279300620485e-09, -7.450580596923828e-09, -5.743305137029253e-11, 1),
            ["RightHand"] = CFrame.new(-7.450580596923828e-09, 5.960464477539063e-08, -3.2782554626464844e-07, 1, -9.313225746154785e-10, 4.1851311749496745e-08, 2.1420417439799166e-08, 1, 9.313226634333205e-09, -4.5984045016211894e-08, 6.146728992462158e-08, 1),
            ["UpperTorso"] = CFrame.new(7.275957614183426e-12, -1.1920928955078125e-07, -1.6370904631912708e-11, 1, 0, 7.450580596923828e-09, 0, 1, 0, -7.450580596923828e-09, 0, 1),
            ["HumanoidRootPart"] = CFrame.new(0, 0, 0, 1, 0, 0, 0, 1, 0, 0, 0, 1),
            ["RightUpperLeg"] = CFrame.new(2.9802322387695312e-08, -2.384185791015625e-07, -1.0550138540565968e-09, 0.9978511929512024, -0.022450357675552368, -0.061555542051792145, -0.0023067942820489407, 0.9268473386764526, -0.3754315972328186, 0.06548117846250534, 0.3747667670249939, 0.9248037934303284),
            ["LeftUpperArm"] = CFrame.new(-5.960464477539063e-08, -2.384185791015625e-07, 4.3655745685100555e-09, -0.012844415381550789, 0.9955248832702637, 0.0936235636472702, -0.6091769933700562, 0.06645853072404861, -0.7902447581291199, -0.7929303646087646, -0.06718363612890244, 0.6055970788002014),
            ["RightLowerArm"] = CFrame.new(2.076849341392517e-07, -5.960464477539063e-08, -7.450580596923828e-09, 0.999901294708252, -0.01348087191581726, -0.003965364769101143, 0.01325723435729742, 0.9985672831535339, -0.051844410598278046, 0.004658700432628393, 0.05178675800561905, 0.9986473917961121),
            ["LeftHand"] = CFrame.new(-1.862645149230957e-08, 3.5762786865234375e-07, -2.7567148208618164e-07, 1, -1.6973345395854267e-07, -1.2631059576051484e-07, -5.657785351331768e-08, 1, -3.213062171880665e-08, 1.1468365812561387e-07, 8.591446487571375e-08, 1),
            ["LeftFoot"] = CFrame.new(-5.180481821298599e-08, -5.960464477539063e-08, -9.313225746154785e-09, 1, 2.3690526873565432e-08, 8.898800984979971e-08, 2.7474015951156616e-08, 0.942546546459198, -0.3340746760368347, -3.562308847904205e-08, 0.33407488465309143, 0.9425466060638428),
            ["LowerTorso"] = CFrame.new(0.0002635909477248788, -0.10196781158447266, 0.0006639925995841622, 0.9967547655105591, 0, -0.08049920946359634, 0, 1, 0, 0.08049920946359634, 0, 0.9967547655105591),
            ["RightLowerLeg"] = CFrame.new(-1.909211277961731e-08, 2.384185791015625e-07, 7.620110409334302e-08, 1, 1.3969836842875338e-08, 3.5099226636248204e-08, -3.9581213862049935e-09, 0.7733133435249329, 0.6340237259864807, -1.2631064194579267e-08, -0.6340240836143494, 0.7733136415481567),
            ["LeftUpperLeg"] = CFrame.new(0, -2.384185791015625e-07, -3.0850060284137726e-09, 0.9483177065849304, 0.1126052588224411, 0.2966710329055786, -0.005585210397839546, 0.9406975507736206, -0.33920055627822876, -0.3172735273838043, 0.3200128674507141, 0.8927090167999268),
            ["LeftLowerLeg"] = CFrame.new(-2.7939677238464355e-08, -1.1920928955078125e-07, 1.1175870895385742e-07, 1, -1.1175869119028903e-08, -2.0023440683303306e-08, 7.450580596923828e-09, 0.7733448147773743, 0.6339855790138245, -1.257285475730896e-08, -0.6339855790138245, 0.7733449935913086),
        }},
        {Time = 0.120, Data = {
            ["RightFoot"] = CFrame.new(-3.422428562771529e-08, 2.980232238769531e-07, 3.149034455418587e-08, 1, 2.2748295691599196e-08, 2.0868603201051883e-07, 1.4435501682896756e-08, 0.9547785520553589, -0.29731759428977966, -2.18628002812693e-07, 0.2973182201385498, 0.9547787308692932),
            ["LeftLowerArm"] = CFrame.new(-4.917383193969727e-07, 1.7881393432617188e-07, -1.1548399925231934e-07, 0.999011218547821, 0.034269049763679504, 0.028324147686362267, -0.03271275758743286, 0.9980214238166809, -0.05369402840733528, -0.030108030885457993, 0.052714377641677856, 0.9981557130813599),
            ["RightUpperArm"] = CFrame.new(5.960464477539063e-08, -2.384185791015625e-07, 1.1816155165433884e-08, 0.06425803899765015, -0.9963990449905396, 0.05531628429889679, 0.6180826425552368, -0.003781147301197052, -0.786104142665863, 0.783482551574707, 0.0847034901380539, 0.6156139373779297),
            ["Head"] = CFrame.new(7.275957614183426e-12, -2.384185791015625e-07, -1.6370904631912708e-11, 1, -6.717707119741068e-12, 7.4505797087454084e-09, -6.808788319719988e-17, 1, -8.207279300620485e-09, -7.450580596923828e-09, -5.743305137029253e-11, 1),
            ["RightHand"] = CFrame.new(-7.450580596923828e-09, 5.960464477539063e-08, -3.2782554626464844e-07, 1, -9.313225746154785e-10, 4.1851311749496745e-08, 2.1420417439799166e-08, 1, 9.313226634333205e-09, -4.5984045016211894e-08, 6.146728992462158e-08, 1),
            ["UpperTorso"] = CFrame.new(7.275957614183426e-12, -1.1920928955078125e-07, -1.6370904631912708e-11, 1, 0, 7.450580596923828e-09, 0, 1, 0, -7.450580596923828e-09, 0, 1),
            ["HumanoidRootPart"] = CFrame.new(0, 0, 0, 1, 0, 0, 0, 1, 0, 0, 0, 1),
            ["RightUpperLeg"] = CFrame.new(2.9802322387695312e-08, -2.384185791015625e-07, -1.0550138540565968e-09, 0.9978511929512024, -0.022450357675552368, -0.061555542051792145, -0.0023067942820489407, 0.9268473386764526, -0.3754315972328186, 0.06548117846250534, 0.3747667670249939, 0.9248037934303284),
            ["LeftUpperArm"] = CFrame.new(-5.960464477539063e-08, -2.384185791015625e-07, 4.3655745685100555e-09, -0.012844415381550789, 0.9955248832702637, 0.0936235636472702, -0.6091769933700562, 0.06645853072404861, -0.7902447581291199, -0.7929303646087646, -0.06718363612890244, 0.6055970788002014),
            ["RightLowerArm"] = CFrame.new(2.076849341392517e-07, -5.960464477539063e-08, -7.450580596923828e-09, 0.999901294708252, -0.01348087191581726, -0.003965364769101143, 0.01325723435729742, 0.9985672831535339, -0.051844410598278046, 0.004658700432628393, 0.05178675800561905, 0.9986473917961121),
            ["LeftHand"] = CFrame.new(-1.862645149230957e-08, 3.5762786865234375e-07, -2.7567148208618164e-07, 1, -1.6973345395854267e-07, -1.2631059576051484e-07, -5.657785351331768e-08, 1, -3.213062171880665e-08, 1.1468365812561387e-07, 8.591446487571375e-08, 1),
            ["LeftFoot"] = CFrame.new(-5.180481821298599e-08, -5.960464477539063e-08, -9.313225746154785e-09, 1, 2.3690526873565432e-08, 8.898800984979971e-08, 2.7474015951156616e-08, 0.942546546459198, -0.3340746760368347, -3.562308847904205e-08, 0.33407488465309143, 0.9425466060638428),
            ["LowerTorso"] = CFrame.new(0.0002635909477248788, -0.10196781158447266, 0.0006639925995841622, 0.9967547655105591, 0, -0.08049920946359634, 0, 1, 0, 0.08049920946359634, 0, 0.9967547655105591),
            ["RightLowerLeg"] = CFrame.new(-1.909211277961731e-08, 2.384185791015625e-07, 7.620110409334302e-08, 1, 1.3969836842875338e-08, 3.5099226636248204e-08, -3.9581213862049935e-09, 0.7733133435249329, 0.6340237259864807, -1.2631064194579267e-08, -0.6340240836143494, 0.7733136415481567),
            ["LeftUpperLeg"] = CFrame.new(0, -2.384185791015625e-07, -3.0850060284137726e-09, 0.9483177065849304, 0.1126052588224411, 0.2966710329055786, -0.005585210397839546, 0.9406975507736206, -0.33920055627822876, -0.3172735273838043, 0.3200128674507141, 0.8927090167999268),
            ["LeftLowerLeg"] = CFrame.new(-2.7939677238464355e-08, -1.1920928955078125e-07, 1.1175870895385742e-07, 1, -1.1175869119028903e-08, -2.0023440683303306e-08, 7.450580596923828e-09, 0.7733448147773743, 0.6339855790138245, -1.257285475730896e-08, -0.6339855790138245, 0.7733449935913086),
        }},
        {Time = 0.160, Data = {
            ["RightFoot"] = CFrame.new(-3.422428562771529e-08, 2.980232238769531e-07, 3.149034455418587e-08, 1, 2.2748295691599196e-08, 2.0868603201051883e-07, 1.4435501682896756e-08, 0.9547785520553589, -0.29731759428977966, -2.18628002812693e-07, 0.2973182201385498, 0.9547787308692932),
            ["LeftLowerArm"] = CFrame.new(-4.917383193969727e-07, 1.7881393432617188e-07, -1.1548399925231934e-07, 0.999011218547821, 0.034269049763679504, 0.028324147686362267, -0.03271275758743286, 0.9980214238166809, -0.05369402840733528, -0.030108030885457993, 0.052714377641677856, 0.9981557130813599),
            ["RightUpperArm"] = CFrame.new(5.960464477539063e-08, -2.384185791015625e-07, 1.1816155165433884e-08, 0.06425803899765015, -0.9963990449905396, 0.05531628429889679, 0.6180826425552368, -0.003781147301197052, -0.786104142665863, 0.783482551574707, 0.0847034901380539, 0.6156139373779297),
            ["Head"] = CFrame.new(7.275957614183426e-12, -2.384185791015625e-07, -1.6370904631912708e-11, 1, -6.717707119741068e-12, 7.4505797087454084e-09, -6.808788319719988e-17, 1, -8.207279300620485e-09, -7.450580596923828e-09, -5.743305137029253e-11, 1),
            ["RightHand"] = CFrame.new(-7.450580596923828e-09, 5.960464477539063e-08, -3.2782554626464844e-07, 1, -9.313225746154785e-10, 4.1851311749496745e-08, 2.1420417439799166e-08, 1, 9.313226634333205e-09, -4.5984045016211894e-08, 6.146728992462158e-08, 1),
            ["UpperTorso"] = CFrame.new(7.275957614183426e-12, -1.1920928955078125e-07, -1.6370904631912708e-11, 1, 0, 7.450580596923828e-09, 0, 1, 0, -7.450580596923828e-09, 0, 1),
            ["HumanoidRootPart"] = CFrame.new(0, 0, 0, 1, 0, 0, 0, 1, 0, 0, 0, 1),
            ["RightUpperLeg"] = CFrame.new(2.9802322387695312e-08, -2.384185791015625e-07, -1.0550138540565968e-09, 0.9978511929512024, -0.022450357675552368, -0.061555542051792145, -0.0023067942820489407, 0.9268473386764526, -0.3754315972328186, 0.06548117846250534, 0.3747667670249939, 0.9248037934303284),
            ["LeftUpperArm"] = CFrame.new(-5.960464477539063e-08, -2.384185791015625e-07, 4.3655745685100555e-09, -0.012844415381550789, 0.9955248832702637, 0.0936235636472702, -0.6091769933700562, 0.06645853072404861, -0.7902447581291199, -0.7929303646087646, -0.06718363612890244, 0.6055970788002014),
            ["RightLowerArm"] = CFrame.new(2.076849341392517e-07, -5.960464477539063e-08, -7.450580596923828e-09, 0.999901294708252, -0.01348087191581726, -0.003965364769101143, 0.01325723435729742, 0.9985672831535339, -0.051844410598278046, 0.004658700432628393, 0.05178675800561905, 0.9986473917961121),
            ["LeftHand"] = CFrame.new(-1.862645149230957e-08, 3.5762786865234375e-07, -2.7567148208618164e-07, 1, -1.6973345395854267e-07, -1.2631059576051484e-07, -5.657785351331768e-08, 1, -3.213062171880665e-08, 1.1468365812561387e-07, 8.591446487571375e-08, 1),
            ["LeftFoot"] = CFrame.new(-5.180481821298599e-08, -5.960464477539063e-08, -9.313225746154785e-09, 1, 2.3690526873565432e-08, 8.898800984979971e-08, 2.7474015951156616e-08, 0.942546546459198, -0.3340746760368347, -3.562308847904205e-08, 0.33407488465309143, 0.9425466060638428),
            ["LowerTorso"] = CFrame.new(0.0002635909477248788, -0.10196781158447266, 0.0006639925995841622, 0.9967547655105591, 0, -0.08049920946359634, 0, 1, 0, 0.08049920946359634, 0, 0.9967547655105591),
            ["RightLowerLeg"] = CFrame.new(-1.909211277961731e-08, 2.384185791015625e-07, 7.620110409334302e-08, 1, 1.3969836842875338e-08, 3.5099226636248204e-08, -3.9581213862049935e-09, 0.7733133435249329, 0.6340237259864807, -1.2631064194579267e-08, -0.6340240836143494, 0.7733136415481567),
            ["LeftUpperLeg"] = CFrame.new(0, -2.384185791015625e-07, -3.0850060284137726e-09, 0.9483177065849304, 0.1126052588224411, 0.2966710329055786, -0.005585210397839546, 0.9406975507736206, -0.33920055627822876, -0.3172735273838043, 0.3200128674507141, 0.8927090167999268),
            ["LeftLowerLeg"] = CFrame.new(-2.7939677238464355e-08, -1.1920928955078125e-07, 1.1175870895385742e-07, 1, -1.1175869119028903e-08, -2.0023440683303306e-08, 7.450580596923828e-09, 0.7733448147773743, 0.6339855790138245, -1.257285475730896e-08, -0.6339855790138245, 0.7733449935913086),
        }},
        {Time = 0.200, Data = {
            ["RightFoot"] = CFrame.new(-3.422428562771529e-08, 2.980232238769531e-07, 3.149034455418587e-08, 1, 2.2748295691599196e-08, 2.0868603201051883e-07, 1.4435501682896756e-08, 0.9547785520553589, -0.29731759428977966, -2.18628002812693e-07, 0.2973182201385498, 0.9547787308692932),
            ["LeftLowerArm"] = CFrame.new(-4.917383193969727e-07, 1.7881393432617188e-07, -1.1548399925231934e-07, 0.999011218547821, 0.034269049763679504, 0.028324147686362267, -0.03271275758743286, 0.9980214238166809, -0.05369402840733528, -0.030108030885457993, 0.052714377641677856, 0.9981557130813599),
            ["RightUpperArm"] = CFrame.new(5.960464477539063e-08, -2.384185791015625e-07, 1.1816155165433884e-08, 0.06425803899765015, -0.9963990449905396, 0.05531628429889679, 0.6180826425552368, -0.003781147301197052, -0.786104142665863, 0.783482551574707, 0.0847034901380539, 0.6156139373779297),
            ["Head"] = CFrame.new(7.275957614183426e-12, -2.384185791015625e-07, -1.6370904631912708e-11, 1, -6.717707119741068e-12, 7.4505797087454084e-09, -6.808788319719988e-17, 1, -8.207279300620485e-09, -7.450580596923828e-09, -5.743305137029253e-11, 1),
            ["RightHand"] = CFrame.new(-7.450580596923828e-09, 5.960464477539063e-08, -3.2782554626464844e-07, 1, -9.313225746154785e-10, 4.1851311749496745e-08, 2.1420417439799166e-08, 1, 9.313226634333205e-09, -4.5984045016211894e-08, 6.146728992462158e-08, 1),
            ["UpperTorso"] = CFrame.new(7.275957614183426e-12, -1.1920928955078125e-07, -1.6370904631912708e-11, 1, 0, 7.450580596923828e-09, 0, 1, 0, -7.450580596923828e-09, 0, 1),
            ["HumanoidRootPart"] = CFrame.new(0, 0, 0, 1, 0, 0, 0, 1, 0, 0, 0, 1),
            ["RightUpperLeg"] = CFrame.new(2.9802322387695312e-08, -2.384185791015625e-07, -1.0550138540565968e-09, 0.9978511929512024, -0.022450357675552368, -0.061555542051792145, -0.0023067942820489407, 0.9268473386764526, -0.3754315972328186, 0.06548117846250534, 0.3747667670249939, 0.9248037934303284),
            ["LeftUpperArm"] = CFrame.new(-5.960464477539063e-08, -2.384185791015625e-07, 4.3655745685100555e-09, -0.012844415381550789, 0.9955248832702637, 0.0936235636472702, -0.6091769933700562, 0.06645853072404861, -0.7902447581291199, -0.7929303646087646, -0.06718363612890244, 0.6055970788002014),
            ["RightLowerArm"] = CFrame.new(2.076849341392517e-07, -5.960464477539063e-08, -7.450580596923828e-09, 0.999901294708252, -0.01348087191581726, -0.003965364769101143, 0.01325723435729742, 0.9985672831535339, -0.051844410598278046, 0.004658700432628393, 0.05178675800561905, 0.9986473917961121),
            ["LeftHand"] = CFrame.new(-1.862645149230957e-08, 3.5762786865234375e-07, -2.7567148208618164e-07, 1, -1.6973345395854267e-07, -1.2631059576051484e-07, -5.657785351331768e-08, 1, -3.213062171880665e-08, 1.1468365812561387e-07, 8.591446487571375e-08, 1),
            ["LeftFoot"] = CFrame.new(-5.180481821298599e-08, -5.960464477539063e-08, -9.313225746154785e-09, 1, 2.3690526873565432e-08, 8.898800984979971e-08, 2.7474015951156616e-08, 0.942546546459198, -0.3340746760368347, -3.562308847904205e-08, 0.33407488465309143, 0.9425466060638428),
            ["LowerTorso"] = CFrame.new(0.0002635909477248788, -0.10196781158447266, 0.0006639925995841622, 0.9967547655105591, 0, -0.08049920946359634, 0, 1, 0, 0.08049920946359634, 0, 0.9967547655105591),
            ["RightLowerLeg"] = CFrame.new(-1.909211277961731e-08, 2.384185791015625e-07, 7.620110409334302e-08, 1, 1.3969836842875338e-08, 3.5099226636248204e-08, -3.9581213862049935e-09, 0.7733133435249329, 0.6340237259864807, -1.2631064194579267e-08, -0.6340240836143494, 0.7733136415481567),
            ["LeftUpperLeg"] = CFrame.new(0, -2.384185791015625e-07, -3.0850060284137726e-09, 0.9483177065849304, 0.1126052588224411, 0.2966710329055786, -0.005585210397839546, 0.9406975507736206, -0.33920055627822876, -0.3172735273838043, 0.3200128674507141, 0.8927090167999268),
            ["LeftLowerLeg"] = CFrame.new(-2.7939677238464355e-08, -1.1920928955078125e-07, 1.1175870895385742e-07, 1, -1.1175869119028903e-08, -2.0023440683303306e-08, 7.450580596923828e-09, 0.7733448147773743, 0.6339855790138245, -1.257285475730896e-08, -0.6339855790138245, 0.7733449935913086),
        }},
        {Time = 0.240, Data = {
            ["RightFoot"] = CFrame.new(-1.6996636986732483e-08, 2.384185791015625e-07, 2.7772330213338137e-08, 1, -2.0040901915763243e-07, 2.0836924363720755e-07, 2.5331974029541016e-07, 0.9390586614608765, -0.3437567949295044, -1.862645149230957e-07, 0.34375718235969543, 0.939058780670166),
            ["LeftLowerArm"] = CFrame.new(-1.6391277313232422e-07, 2.384185791015625e-07, 1.4901161193847656e-08, 0.9995971322059631, 0.025931688025593758, 0.011541414074599743, -0.014953788369894028, 0.8267346024513245, -0.562393069267273, -0.024125590920448303, 0.561994194984436, 0.8267894983291626),
            ["RightUpperArm"] = CFrame.new(-1.1920928955078125e-07, 2.384185791015625e-07, 2.2351741790771484e-08, 0.3451498746871948, -0.6204990744590759, -0.7041681408882141, 0.8682158589363098, 0.49605223536491394, -0.01155298762023449, 0.3564727008342743, -0.6073821783065796, 0.7099393606185913),
            ["Head"] = CFrame.new(6.984919309616089e-10, 3.5762786865234375e-07, 1.3969838619232178e-09, 1, 0, -2.9802322387695312e-08, -6.461844948013606e-17, 1, -7.828930392861366e-09, 0, 1.1641530794914701e-10, 1),
            ["RightHand"] = CFrame.new(2.086162567138672e-07, -5.960464477539063e-08, -4.470348358154297e-08, 1, 0, -2.980232949312267e-08, 2.2351745343485163e-08, 1, 3.725291186640334e-09, -5.960465188081798e-08, 1.0430814256778831e-07, 1),
            ["UpperTorso"] = CFrame.new(-1.1641532182693481e-09, 1.1920928955078125e-07, 9.313225746154785e-10, 1, 0, 0, 0, 0.999977707862854, 0.006678829900920391, 0, -0.006678829435259104, 0.999977707862854),
            ["HumanoidRootPart"] = CFrame.new(0, 0, 0, 1, 0, 0, 0, 1, 0, 0, 0, 1),
            ["RightUpperLeg"] = CFrame.new(0, 1.1920928955078125e-07, 9.480572771281004e-09, 0.9971501231193542, -0.04190482571721077, -0.06273575127124786, 0.008538998663425446, 0.8888987302780151, -0.4580245018005371, 0.07495913654565811, 0.4561832547187805, 0.8867231607437134),
            ["LeftUpperArm"] = CFrame.new(0, 2.384185791015625e-07, 2.2351741790771484e-08, 0.2564654052257538, 0.768079400062561, 0.5867534279823303, -0.9280103445053101, 0.025955650955438614, 0.3716493248939514, 0.2702266275882721, -0.6398283839225769, 0.7194423079490662),
            ["RightLowerArm"] = CFrame.new(-2.9802322387695312e-08, 1.1920928955078125e-07, 7.450580596923828e-08, 0.9995908737182617, 0.02341403067111969, -0.016430547460913658, -0.009404734708368778, -0.2734527289867401, -0.9618396162986755, -0.027013584971427917, 0.9616004824638367, -0.2731201648712158),
            ["LeftHand"] = CFrame.new(-1.043081283569336e-07, 0, -1.7136335372924805e-07, 1, -1.4156097449813387e-07, -1.5273685960437433e-07, -4.4703490686970326e-08, 1, -2.607702498380604e-08, 1.005828522693264e-07, 9.685751223287298e-08, 1),
            ["LeftFoot"] = CFrame.new(-1.1175870895385742e-08, -5.960464477539063e-08, -3.725290298461914e-09, 1, 6.193296542278404e-08, 2.7939677238464355e-09, -5.587935447692871e-09, 0.9605141878128052, -0.27823102474212646, -1.862645149230957e-08, 0.27823108434677124, 0.96051424741745),
            ["LowerTorso"] = CFrame.new(-0.06334923207759857, -0.1477341651916504, 0.01701474003493786, 0.9807645678520203, 0, -0.1951943337917328, 0, 1, 0, 0.1951943337917328, 0, 0.9807645678520203),
            ["RightLowerLeg"] = CFrame.new(4.0978193283081055e-08, 2.980232238769531e-07, 1.2835516827180982e-07, 1, -1.862645593320167e-09, 9.080395990679335e-09, -4.656613428188905e-10, 0.6773034334182739, 0.7357033491134644, 4.0046874261179255e-08, -0.7357038259506226, 0.6773038506507874),
            ["LeftUpperLeg"] = CFrame.new(0, 1.1920928955078125e-07, -3.725290298461914e-09, 0.9542446136474609, 0.27186328172683716, 0.12452965974807739, -0.1541573405265808, 0.8040962219238281, -0.5741644501686096, -0.25622808933258057, 0.5286961197853088, 0.8092142343521118),
            ["LeftLowerLeg"] = CFrame.new(-4.470348358154297e-08, 1.1920928955078125e-07, -1.4901161193847656e-07, 1, -7.450581485102248e-09, -9.313227522511625e-09, 1.862645149230957e-08, 0.6858629584312439, 0.7277308106422424, 0, -0.7277308106422424, 0.6858629584312439),
        }},
        {Time = 0.280, Data = {
            ["RightFoot"] = CFrame.new(1.3969838619232178e-09, 1.7881393432617188e-07, 3.149762051180005e-08, 1, -1.1525122545208433e-07, 2.3785584346569522e-07, 1.899897767998482e-07, 0.9228233098983765, -0.3852233290672302, -1.5040858158954507e-07, 0.3852236866950989, 0.9228233695030212),
            ["LeftLowerArm"] = CFrame.new(1.4901161193847656e-08, -1.7881393432617188e-07, -2.2351741790771484e-07, 0.9999679327011108, -0.007968751713633537, 0.0009218537015840411, 0.00016859365860000253, -0.09402431547641754, -0.9955699443817139, 0.008020292036235332, 0.995538055896759, -0.09401990473270416),
            ["RightUpperArm"] = CFrame.new(1.1920928955078125e-07, -3.5762786865234375e-07, -4.470348358154297e-08, 0.8922662734985352, -0.4481484591960907, 0.05498921126127243, 0.23852424323558807, 0.5712666511535645, 0.7853409051895142, -0.38336285948753357, -0.6876171827316284, 0.6166165471076965),
            ["Head"] = CFrame.new(-4.328943425946363e-09, -1.1920928955078125e-07, 5.122274160385132e-09, 1, -9.311867943395669e-10, -1.1245613815158428e-11, -6.765421556309548e-17, 1, -8.847563570668626e-09, 0, -1.3969838619232178e-09, 1),
            ["RightHand"] = CFrame.new(-5.21540641784668e-08, -5.960464477539063e-08, -2.123415470123291e-07, 1, -3.725290742551124e-09, 0, -2.2351745343485163e-08, 1, 4.5634813261585805e-08, -1.1175872671742582e-08, 4.4703490686970326e-08, 1),
            ["UpperTorso"] = CFrame.new(-2.7939677238464355e-09, -1.1920928955078125e-07, -3.725290298461914e-09, 1, 0, 0, 0, 0.999708354473114, 0.024149831384420395, 0, -0.024149831384420395, 0.999708354473114),
            ["HumanoidRootPart"] = CFrame.new(0, 0, 0, 1, 0, 0, 0, 1, 0, 0, 0, 1),
            ["RightUpperLeg"] = CFrame.new(2.9802322387695312e-08, 0, -9.145878721028566e-09, 0.9961779117584229, -0.06298855692148209, -0.0605149045586586, 0.020154528319835663, 0.8398659825325012, -0.5424196720123291, 0.08499062061309814, 0.5391267538070679, 0.8379253149032593),
            ["LeftUpperArm"] = CFrame.new(0, -3.5762786865234375e-07, 1.4901161193847656e-08, 0.969501256942749, 0.2278851717710495, 0.09019710123538971, 0.03149668127298355, -0.4808192551136017, 0.8762538433074951, 0.24305391311645508, -0.8466883897781372, -0.47333261370658875),
            ["RightLowerArm"] = CFrame.new(8.940696716308594e-08, 4.172325134277344e-07, -8.940696716308594e-08, 0.9993579387664795, 0.024892766028642654, -0.025769010186195374, -0.005160652566701174, -0.6117219924926758, -0.7910559773445129, -0.035454947501420975, 0.7906811237335205, -0.611200749874115),
            ["LeftHand"] = CFrame.new(0, -2.384185791015625e-07, -7.450580596923828e-09, 1, -1.2665981330428622e-07, -1.3411042232291948e-07, -6.33299421792799e-08, 1, -1.4901157641133977e-08, 8.195639367158947e-08, 1.1175865211043856e-07, 1),
            ["LeftFoot"] = CFrame.new(0, -5.960464477539063e-08, 6.51925802230835e-08, 1, 2.2351745343485163e-08, -2.0116564769523393e-07, -2.0489096641540527e-08, 0.9791414737701416, -0.20318010449409485, -4.0978193283081055e-08, 0.20318011939525604, 0.9791414141654968),
            ["LowerTorso"] = CFrame.new(-0.1284346580505371, -0.20319795608520508, 0.033365488052368164, 0.9516218304634094, 0, -0.3072717487812042, 0, 1, 0, 0.3072717487812042, 0, 0.9516218304634094),
            ["RightLowerLeg"] = CFrame.new(7.450580596923828e-09, 2.384185791015625e-07, -2.8107024263590574e-08, 1, 7.450580596923828e-09, -2.0954763257918785e-08, -1.4901159417490817e-08, 0.5662098526954651, 0.8242608308792114, -9.313224635931761e-10, -0.8242611289024353, 0.5662103891372681),
            ["LeftUpperLeg"] = CFrame.new(-2.9802322387695312e-08, 0, -7.450580596923828e-09, 0.9077935218811035, 0.3624466359615326, -0.21105334162712097, -0.41878101229667664, 0.7555825710296631, -0.503703773021698, -0.023097321391105652, 0.5456441640853882, 0.8376986980438232),
            ["LeftLowerLeg"] = CFrame.new(-8.940696716308594e-08, 0, -2.9802322387695312e-08, 1, -4.656612162534657e-08, -1.8626449271863521e-09, 1.4901162970204496e-08, 0.8116391897201538, 0.5841590166091919, 4.4703490686970326e-08, -0.5841590762138367, 0.8116391897201538),
        }},
        {Time = 0.320, Data = {
            ["RightFoot"] = CFrame.new(2.9336661100387573e-08, 4.172325134277344e-07, 9.145878721028566e-09, 1, -3.376045398795213e-08, 2.3782322955412383e-07, 1.1920930376163597e-07, 0.917995810508728, -0.3965900242328644, -1.7043204536548728e-07, 0.3965902328491211, 0.917995810508728),
            ["LeftLowerArm"] = CFrame.new(1.6391277313232422e-07, -5.960464477539063e-08, 7.450580596923828e-08, 0.9999678134918213, -0.007968892343342304, 0.0009218304185196757, 0.00016848927771206945, -0.0940244123339653, -0.9955699443817139, 0.008020213805139065, 0.9955379962921143, -0.09401998668909073),
            ["RightUpperArm"] = CFrame.new(5.960464477539063e-08, 0, -1.4901161193847656e-08, 0.8922614455223083, -0.44815877079963684, 0.05498361587524414, 0.2385362833738327, 0.5712651610374451, 0.7853385210037231, -0.3833666443824768, -0.6876116991043091, 0.6166201233863831),
            ["Head"] = CFrame.new(-2.7939677238464355e-09, -1.1920928955078125e-07, -1.862645149230957e-09, 1, 0, 5.960463766996327e-08, -3.9898639947466563e-17, 1, -8.847563570668626e-09, 0, 1.8626449271863521e-09, 1),
            ["RightHand"] = CFrame.new(1.4156103134155273e-07, 5.960464477539063e-08, -1.5273690223693848e-07, 1, -3.725290298461914e-09, -3.725290742551124e-09, 0, 1, -3.073364851502447e-08, -5.587935447692871e-08, 2.7008354663848877e-08, 1),
            ["UpperTorso"] = CFrame.new(-9.313225746154785e-10, 0, -3.725290298461914e-09, 1, 0, 0, 0, 0.9991337656974792, 0.041613463312387466, 0, -0.041613463312387466, 0.9991337656974792),
            ["HumanoidRootPart"] = CFrame.new(0, 0, 0, 1, 0, 0, 0, 1, 0, 0, 0, 1),
            ["RightUpperLeg"] = CFrame.new(2.9802322387695312e-08, 0, 5.75528247281909e-09, 0.9960489869117737, -0.06566484272480011, -0.05978880077600479, 0.021506359800696373, 0.8315668702125549, -0.5550082921981812, 0.08616292476654053, 0.551529586315155, 0.8296933174133301),
            ["LeftUpperArm"] = CFrame.new(-5.960464477539063e-08, 0, 2.9802322387695312e-08, 0.9695013761520386, 0.22788524627685547, 0.0901968777179718, 0.03149673715233803, -0.4808189570903778, 0.8762540221214294, 0.24305370450019836, -0.8466885685920715, -0.4733322560787201),
            ["RightLowerArm"] = CFrame.new(-1.341104507446289e-07, -2.980232238769531e-07, 4.023313522338867e-07, 0.9993571043014526, 0.024904998019337654, -0.02579014003276825, -0.005169963929802179, -0.6117202043533325, -0.7910572290420532, -0.03547757863998413, 0.7906821370124817, -0.6111983060836792),
            ["LeftHand"] = CFrame.new(7.450580596923828e-08, 0, 3.7997961044311523e-07, 1, -1.7136326846411976e-07, -5.5879347371501353e-08, -1.862645504502325e-08, 1, 1.4901159417490817e-08, 3.72529100900465e-08, 6.705519695060502e-08, 1),
            ["LeftFoot"] = CFrame.new(-1.6391277313232422e-07, 0, 3.073364496231079e-08, 1, 8.940698847936801e-08, -1.7136336794010276e-07, -6.51925802230835e-08, 0.9758798480033875, -0.21830850839614868, -3.5390257835388184e-08, 0.21830840408802032, 0.9758798480033875),
            ["LowerTorso"] = CFrame.new(-0.13015268743038177, -0.21451163291931152, 0.03241756185889244, 0.9516218304634094, 0, -0.3072717487812042, 0, 1, 0, 0.3072717487812042, 0, 0.9516218304634094),
            ["RightLowerLeg"] = CFrame.new(-1.0058283805847168e-07, 2.980232238769531e-07, 1.6952981241047382e-09, 1, 2.421439226907296e-08, -3.445894236620006e-08, 9.313225746154785e-09, 0.5433893799781799, 0.8394804000854492, -1.862645149230957e-08, -0.8394807577133179, 0.5433899164199829),
            ["LeftUpperLeg"] = CFrame.new(-2.9802322387695312e-08, 0, -1.4901161193847656e-08, 0.9072627425193787, 0.36000871658325195, -0.2174122929573059, -0.41975194215774536, 0.7430124282836914, -0.521287739276886, -0.026127919554710388, 0.564204216003418, 0.8252218961715698),
            ["LeftLowerLeg"] = CFrame.new(-5.960464477539063e-08, 0, 1.1920928955078125e-07, 1, -1.4901161193847656e-08, 2.7939677238464355e-08, 1.4901162970204496e-08, 0.7880731821060181, 0.6155815720558167, 4.4703490686970326e-08, -0.6155816316604614, 0.7880731821060181),
        }},
        {Time = 0.360, Data = {
            ["RightFoot"] = CFrame.new(-3.259629011154175e-08, 3.5762786865234375e-07, 3.149762051180005e-08, 1, -4.190952651583757e-08, 2.080081884514584e-07, 1.3224779138454323e-07, 0.9170973300933838, -0.39866307377815247, -1.937150670983101e-07, 0.39866358041763306, 0.9170974493026733),
            ["LeftLowerArm"] = CFrame.new(-8.940696716308594e-08, -5.960464477539063e-08, -2.2351741790771484e-08, 0.9999679327011108, -0.007968809455633163, 0.0009218825725838542, 0.0001685191091382876, -0.09402405470609665, -0.9955700039863586, 0.008020327426493168, 0.9955381155014038, -0.09401976317167282),
            ["RightUpperArm"] = CFrame.new(0, 0, -2.9802322387695312e-08, 0.8922594785690308, -0.4481629729270935, 0.05498131364583969, 0.2385413497686386, 0.5712646842002869, 0.7853373885154724, -0.38336801528930664, -0.6876094341278076, 0.6166216135025024),
            ["Head"] = CFrame.new(-7.044533845146361e-09, -1.1920928955078125e-07, -1.1175870895385742e-08, 1, -1.8604722207271607e-09, 2.971238366455964e-08, 1.086353338015933e-12, 1, -4.6566128730773926e-09, -4.4969424017882176e-11, -4.656612428988183e-09, 1),
            ["RightHand"] = CFrame.new(-1.4901161193847656e-08, 0, -9.685754776000977e-08, 1, -7.450580596923828e-09, -2.980232594040899e-08, 1.862645326866641e-08, 1, -1.9557775843281888e-08, -2.980232594040899e-08, 4.470348358154297e-08, 1),
            ["UpperTorso"] = CFrame.new(2.7939677238464355e-09, 0, 0, 1, 1.862645149230957e-09, 0, -9.313225191043273e-10, 0.9988335967063904, 0.04828556627035141, 0, -0.04828557372093201, 0.9988335371017456),
            ["HumanoidRootPart"] = CFrame.new(0, 0, 0, 1, 0, 0, 0, 1, 0, 0, 0, 1),
            ["RightUpperLeg"] = CFrame.new(5.960464477539063e-08, 0, -9.145878721028566e-09, 0.9960110783576965, -0.06627753376960754, -0.05974368005990982, 0.02189703844487667, 0.8306212425231934, -0.5564073920249939, 0.08650168776512146, 0.5528796315193176, 0.8287590742111206),
