return {
    ["Murderous Chase"] = {
        {Time = 0.000, Data = {
            ["RightFoot"] = CFrame.new(2.1886080503463745e-08, 4.172325134277344e-07, -2.0656443666666746e-08, 0.9982292056083679, 0.0018160226754844189, 0.059457942843437195, 0.03652919456362724, 0.7701585292816162, -0.6368052363395691, -0.046948354691267014, 0.6378499865531921, 0.7687287926673889),
            ["LeftLowerArm"] = CFrame.new(2.9802322387695312e-08, -3.5762786865234375e-07, -5.960464477539063e-08, 1, -2.980232594040899e-08, 2.60770320892334e-08, 4.470348358154297e-08, 0.9291484951972961, -0.3697068393230438, -2.2351741790771484e-08, 0.3697068989276886, 0.9291485548019409),
            ["LeftFoot"] = CFrame.new(-8.940696716308594e-08, 1.7881393432617188e-07, -4.284083843231201e-08, 0.9693285822868347, -0.237904354929924, -0.06167500466108322, 0.22463054955005646, 0.7557899355888367, 0.6150795817375183, -0.09971687942743301, -0.6100682020187378, 0.7860492467880249),
            ["Head"] = CFrame.new(2.086162567138672e-07, 5.960464477539062e-07, 2.9802322387695312e-08, 0.6830384731292725, 0.11131985485553741, 0.7218493223190308, 0.250199556350708, 0.8928579688072205, -0.3744391202926636, -0.6861914992332458, 0.43636277318000793, 0.5820042490959167),
            ["LowerTorso"] = CFrame.new(0.08465013653039932, -0.3099644184112549, -0.13547368347644806, 0.26492616534233093, -0.29257455468177795, 0.9188113212585449, -0.026651395484805107, 0.9502725005149841, 0.31027719378471375, -0.9639003872871399, -0.10668815672397614, 0.24395452439785004),
            ["UpperTorso"] = CFrame.new(3.3527612686157227e-08, -8.940696716308594e-08, 1.30385160446167e-08, 0.8484864830970764, 0.010431469418108463, -0.5291143655776978, 0.0905233696103096, 0.9822099208831787, 0.1645272821187973, 0.5214175581932068, -0.1874963492155075, 0.8324475288391113),
            ["HumanoidRootPart"] = CFrame.new(0, 0, 0, 1, 0, 0, 0, 1, 0, 0, 0, 1),
            ["RightUpperLeg"] = CFrame.new(0, 8.195638656616211e-08, -1.6952981241047382e-09, 0.9905214905738831, 0.024875041097402573, 0.1350865364074707, 0.0854027047753334, 0.6587311625480652, -0.7475156784057617, -0.10758018493652344, 0.751967191696167, 0.6503629088401794),
            ["LeftUpperArm"] = CFrame.new(1.7881393432617188e-07, -1.1920928955078125e-07, 7.450580596923828e-08, 0.504627525806427, 0.857252836227417, 0.10231557488441467, -0.4059782326221466, 0.3402163088321686, -0.84819495677948, -0.7619268894195557, 0.38648471236228943, 0.5197085738182068),
            ["RightLowerArm"] = CFrame.new(-1.4901161193847656e-07, -5.960464477539063e-08, 2.384185791015625e-07, 1, -6.70552182668871e-08, 2.2351745343485163e-08, 8.195638656616211e-08, 0.3872600793838501, -0.9219706058502197, 9.685754776000977e-08, 0.9219704866409302, 0.3872601091861725),
            ["LeftHand"] = CFrame.new(-2.384185791015625e-07, 0, -2.980232238769531e-07, 0.998049795627594, 0.05454566329717636, -0.030356846749782562, -0.055472370237112045, 0.9979920387268066, -0.03057415783405304, 0.028627874329686165, 0.03219877555966377, 0.999071478843689),
            ["RightHand"] = CFrame.new(3.948807716369629e-07, 1.7881393432617188e-07, -2.3096799850463867e-07, 0.599851131439209, 0.06639880686998367, -0.7973518967628479, -0.5510297417640686, 0.7568368315696716, -0.3515169620513916, 0.5801249146461487, 0.6502224802970886, 0.49057698249816895),
            ["RightUpperArm"] = CFrame.new(-1.7881393432617188e-07, 0, -9.220093488693237e-08, -0.6476694941520691, -0.7463474273681641, -0.15326324105262756, 0.35923266410827637, -0.12173084169626236, -0.9252748489379883, 0.6719197034835815, -0.6543295383453369, 0.34695369005203247),
            ["RightLowerLeg"] = CFrame.new(1.210719347000122e-07, -0.000060439109802246094, -0.00007215717778308317, 1, -1.2293456563838845e-07, -1.238659450564228e-07, 1.3969837198146706e-07, 0.3027505576610565, 0.9530697464942932, -1.0989604959377175e-07, -0.9530699253082275, 0.30275091528892517),
            ["LeftUpperLeg"] = CFrame.new(-5.960464477539063e-08, -3.073364496231079e-08, 7.450580596923828e-09, 0.9933919906616211, -0.10903564095497131, -0.03582599386572838, 0.10830755531787872, 0.7873368263244629, 0.6069351434707642, -0.0379704050719738, -0.6068048477172852, 0.7939435839653015),
            ["LeftLowerLeg"] = CFrame.new(0, 0.00006079673767089844, 0.00007209926843643188, 1, 5.960464477539063e-08, 3.3527616238870905e-08, -4.470348358154297e-08, 0.7628074884414673, 0.6466256976127625, 2.9802322387695312e-08, -0.6466256380081177, 0.7628075480461121),
        }},
        {Time = 0.033, Data = {
            ["RightFoot"] = CFrame.new(6.51925802230835e-09, 2.980232238769531e-07, 9.145878721028566e-09, 0.998168408870697, -0.004035402089357376, 0.060363296419382095, 0.043197982013225555, 0.7460869550704956, -0.6644454598426819, -0.04235490784049034, 0.6658363938331604, 0.7448949813842773),
            ["LeftLowerArm"] = CFrame.new(-2.682209014892578e-07, 2.384185791015625e-07, -4.76837158203125e-07, 1, -1.4901159417490817e-08, -3.352760913344355e-08, 3.725289943190546e-08, 0.9156474471092224, -0.40198227763175964, 4.470347647611561e-08, 0.40198230743408203, 0.9156474471092224),
            ["LeftFoot"] = CFrame.new(1.862645149230957e-08, -1.1920928955078125e-07, -4.190951585769653e-09, 0.9580769538879395, -0.2508503794670105, -0.13842926919460297, 0.2849046289920807, 0.7830327153205872, 0.5528916716575623, -0.03029855713248253, -0.5691519379615784, 0.8216740489006042),
            ["Head"] = CFrame.new(1.7881393432617188e-07, 1.1920928955078125e-07, 1.4901161193847656e-07, 0.6726272702217102, 0.09462219476699829, 0.7339068651199341, 0.2242865115404129, 0.9190672636032104, -0.3240538239479065, -0.7051724195480347, 0.38257288932800293, 0.5969672799110413),
            ["LowerTorso"] = CFrame.new(0.07409138232469559, -0.3394298553466797, -0.14687007665634155, 0.28125518560409546, -0.2440856248140335, 0.9280721545219421, -0.0302351675927639, 0.9643773436546326, 0.26279687881469727, -0.9591566324234009, -0.10197345167398453, 0.2638561427593231),
            ["UpperTorso"] = CFrame.new(2.0023435354232788e-08, -2.9802322387695312e-08, -5.587935447692871e-09, 0.850671648979187, 0.005985007621347904, -0.525663435459137, 0.09360853582620621, 0.9822303652763367, 0.1626683473587036, 0.5172961354255676, -0.18758386373519897, 0.8349952101707458),
            ["HumanoidRootPart"] = CFrame.new(0, 0, 0, 1, 0, 0, 0, 1, 0, 0, 0, 1),
            ["RightUpperLeg"] = CFrame.new(-5.960464477539063e-08, -6.332993507385254e-08, -1.6596459317952394e-08, 0.9885311722755432, 0.037343621253967285, 0.14632751047611237, 0.08173535764217377, 0.682458758354187, -0.7263397574424744, -0.12698669731616974, 0.7299695611000061, 0.6715792417526245),
            ["LeftUpperArm"] = CFrame.new(1.1920928955078125e-07, -3.5762786865234375e-07, -4.470348358154297e-08, 0.46034616231918335, 0.8763186931610107, 0.14194029569625854, -0.5019983649253845, 0.38883793354034424, -0.7725300788879395, -0.732174277305603, 0.2843775749206543, 0.6189106702804565),
            ["RightLowerArm"] = CFrame.new(1.7881393432617188e-07, 2.980232238769531e-07, 2.9802322387695312e-08, 1, -9.685754776000977e-08, 2.6077035641947077e-08, 5.215404996761208e-08, 0.2467072755098343, -0.9690901637077332, 7.450579175838357e-08, 0.9690900444984436, 0.24670729041099548),
            ["LeftHand"] = CFrame.new(3.8743019104003906e-07, 5.960464477539062e-07, 5.960464477539063e-08, 0.9518178105354309, 0.0671873390674591, -0.2992132902145386, -0.0460054986178875, 0.9959467053413391, 0.07729042321443558, 0.3031937777996063, -0.05980110913515091, 0.951050877571106),
            ["RightHand"] = CFrame.new(6.705522537231445e-08, -1.1920928955078125e-07, -6.332993507385254e-08, 0.5564576983451843, -0.04330043867230415, -0.8297469019889832, -0.38920581340789795, 0.8687169551849365, -0.30634939670562744, 0.7340801358222961, 0.49341264367103577, 0.4665515124797821),
            ["RightUpperArm"] = CFrame.new(1.1920928955078125e-07, 2.384185791015625e-07, 3.129243850708008e-07, -0.6442784667015076, -0.748728334903717, -0.15592022240161896, 0.3328428566455841, -0.09095261991024017, -0.9385858774185181, 0.6885644793510437, -0.6566075682640076, 0.3078077733516693),
            ["RightLowerLeg"] = CFrame.new(1.2014061212539673e-07, -0.00006020069122314453, -0.00007228383765323088, 1, -1.4714893836753618e-07, -1.1362139673565252e-07, 1.3690441846847534e-07, 0.24874292314052582, 0.9685695171356201, -1.387670636177063e-07, -0.9685695171356201, 0.24874328076839447),
            ["LeftUpperLeg"] = CFrame.new(-5.960464477539063e-08, 3.520399332046509e-07, 5.587935447692871e-08, 0.9933169484138489, -0.1149829551577568, 0.010024887509644032, 0.09360141307115555, 0.8533236980438232, 0.5129108428955078, -0.06753047555685043, -0.5085446238517761, 0.8583834171295166),
            ["LeftLowerLeg"] = CFrame.new(-6.332993507385254e-08, 0.000060558319091796875, 0.00007207691669464111, 1, 1.0244549741855735e-07, 4.0046874261179255e-08, -8.009374141693115e-08, 0.5216214060783386, 0.8531770706176758, 2.60770320892334e-08, -0.8531770706176758, 0.5216214060783386),
        }},
        {Time = 0.067, Data = {
            ["RightFoot"] = CFrame.new(7.4214767664670944e-09, 2.980232238769531e-07, 1.287116901949048e-08, 0.9995419979095459, -0.01666657067835331, 0.02526017092168331, 0.02950090914964676, 0.7227513194084167, -0.6904780864715576, -0.006748877465724945, 0.6909072995185852, 0.7229122519493103),
            ["LeftLowerArm"] = CFrame.new(-4.76837158203125e-07, 5.960464477539063e-08, -2.980232238769531e-07, 1, -1.4901161193847656e-08, 7.450580596923828e-09, 7.450580596923828e-09, 0.9107615947723389, -0.41293272376060486, -1.4901161193847656e-08, 0.41293275356292725, 0.9107615947723389),
            ["LeftFoot"] = CFrame.new(-1.7695128917694092e-08, -5.960464477539063e-08, -1.4901161193847656e-08, 0.9444769620895386, -0.23215901851654053, -0.23251989483833313, 0.3147988021373749, 0.8421224355697632, 0.43787166476249695, 0.09415429085493088, -0.4867566227912903, 0.8684485554695129),
            ["Head"] = CFrame.new(-2.9802322387695312e-08, 2.384185791015625e-07, 8.940696716308594e-08, 0.6621711850166321, 0.08291502296924591, 0.7447512149810791, 0.18920257687568665, 0.9431590437889099, -0.2732274830341339, -0.7250736355781555, 0.32183244824409485, 0.6088451147079468),
            ["LowerTorso"] = CFrame.new(0.06035232916474342, -0.3697683811187744, -0.1612899899482727, 0.292804092168808, -0.19846685230731964, 0.9353484511375427, -0.03382386639714241, 0.9754594564437866, 0.21756607294082642, -0.9555740356445312, -0.09534135460853577, 0.27890557050704956),
            ["UpperTorso"] = CFrame.new(-1.5366822481155396e-08, 1.4901161193847656e-07, 1.30385160446167e-08, 0.8522197604179382, 0.004610836040228605, -0.5231637954711914, 0.09637399017810822, 0.9814659357070923, 0.16564059257507324, 0.5142310857772827, -0.19158150255680084, 0.8359802961349487),
            ["HumanoidRootPart"] = CFrame.new(0, 0, 0, 1, 0, 0, 0, 1, 0, 0, 0, 1),
            ["RightUpperLeg"] = CFrame.new(0, 6.705522537231445e-08, -1.6596459317952394e-08, 0.9810529351234436, 0.07421216368675232, 0.1789628565311432, 0.0755787193775177, 0.7039426565170288, -0.7062243819236755, -0.1783900111913681, 0.7063691020011902, 0.6849960684776306),
            ["LeftUpperArm"] = CFrame.new(2.384185791015625e-07, 3.5762786865234375e-07, 2.2351741790771484e-07, 0.42694777250289917, 0.8890771865844727, 0.16509829461574554, -0.6417269110679626, 0.4265267550945282, -0.6373863220214844, -0.6371045708656311, 0.16618287563323975, 0.7526495456695557),
            ["RightLowerArm"] = CFrame.new(4.172325134277344e-07, -5.364418029785156e-07, -2.384185791015625e-07, 1, -8.195637946073475e-08, 5.587936158235607e-08, 8.568166975919667e-08, 0.20979753136634827, -0.9777449369430542, 7.450579886381092e-08, 0.9777448177337646, 0.20979757606983185),
            ["LeftHand"] = CFrame.new(-1.1920928955078125e-07, -2.980232238769531e-07, 0, 0.9578120708465576, 0.05771436542272568, -0.28154072165489197, -0.042015060782432556, 0.9972231388092041, 0.06148899346590042, 0.2843078672885895, -0.04706587642431259, 0.957577109336853),
            ["RightHand"] = CFrame.new(-6.705522537231445e-08, 5.960464477539063e-08, 8.940696716308594e-08, 0.47703832387924194, -0.18780921399593353, -0.85858154296875, -0.2990257441997528, 0.8839371204376221, -0.3594980537891388, 0.8264490962028503, 0.4282323122024536, 0.36551186442375183),
            ["RightUpperArm"] = CFrame.new(1.1920928955078125e-07, 0, 9.685754776000977e-08, -0.6398411393165588, -0.7438607215881348, -0.19306588172912598, 0.3167066276073456, -0.02632877789437771, -0.9481582045555115, 0.7002144455909729, -0.6678158044815063, 0.2524317800998688),
            ["RightLowerLeg"] = CFrame.new(-2.537854015827179e-08, -0.00006031990051269531, -0.00007200444088084623, 1, -1.3597306747215043e-07, -1.299195417914234e-07, 1.467997208237648e-07, 0.193614661693573, 0.9810776710510254, -1.2741656973958015e-07, -0.9810776710510254, 0.1936149150133133),
            ["LeftUpperLeg"] = CFrame.new(-1.1920928955078125e-07, 2.998858690261841e-07, -7.450580596923828e-09, 0.9936134815216064, -0.0936378464102745, 0.06296239793300629, 0.06418225914239883, 0.9279376864433289, 0.36716824769973755, -0.09280602633953094, -0.3607822060585022, 0.9280211925506592),
            ["LeftLowerLeg"] = CFrame.new(-3.818422555923462e-08, 0.00006073713302612305, 0.00007196515798568726, 1, 1.0733494093528861e-07, 8.475035429000854e-08, -9.12696123123169e-08, 0.17628197371959686, 0.9843397736549377, 3.67872416973114e-08, -0.9843397736549377, 0.17628198862075806),
        }},
        {Time = 0.100, Data = {
            ["RightFoot"] = CFrame.new(5.075708031654358e-08, 1.1920928955078125e-07, -2.8107024263590574e-08, 0.9994387030601501, -0.0309304129332304, -0.012867762707173824, 0.012665445916354656, 0.7044710516929626, -0.7096195816993713, 0.03101382404565811, 0.7090585231781006, 0.7044675350189209),
            ["LeftLowerArm"] = CFrame.new(2.384185791015625e-07, -2.384185791015625e-07, -2.9802322387695312e-08, 1, 4.470348358154297e-08, -2.9802318834981634e-08, -1.4901157641133977e-08, 0.9004877209663391, -0.43488144874572754, 3.725289587919178e-08, 0.43488144874572754, 0.9004877805709839),
            ["LeftFoot"] = CFrame.new(-6.332993507385254e-08, 1.1920928955078125e-07, -3.725290298461914e-09, 0.9310967326164246, -0.20260120928287506, -0.30333423614501953, 0.3048165738582611, 0.888916552066803, 0.34192711114883423, 0.2003638744354248, -0.4108286499977112, 0.8894235491752625),
            ["Head"] = CFrame.new(-5.960464477539063e-08, -3.5762786865234375e-07, -1.4901161193847656e-07, 0.6529743075370789, 0.07495078444480896, 0.7536623477935791, 0.14857982099056244, 0.9630787968635559, -0.2245066612958908, -0.7426633238792419, 0.2585761547088623, 0.6177295446395874),
            ["LowerTorso"] = CFrame.new(0.04474746435880661, -0.396287202835083, -0.17656274139881134, 0.2999659478664398, -0.16027146577835083, 0.9403901100158691, -0.035564616322517395, 0.9832214713096619, 0.17891566455364227, -0.9532868266105652, -0.08711322396993637, 0.28923293948173523),
            ["UpperTorso"] = CFrame.new(1.0710209608078003e-08, -5.960464477539063e-08, 3.725290298461914e-09, 0.8525310754776001, 0.00824972614645958, -0.5226116180419922, 0.09665098041296005, 0.9801437854766846, 0.17313788831233978, 0.5136626362800598, -0.19811631739139557, 0.8348056674003601),
            ["HumanoidRootPart"] = CFrame.new(0, 0, 0, 1, 0, 0, 0, 1, 0, 0, 0, 1),
            ["RightUpperLeg"] = CFrame.new(1.1920928955078125e-07, -3.166496753692627e-07, 1.3205863069742918e-08, 0.9719338417053223, 0.11264100670814514, 0.20653487741947174, 0.06169818341732025, 0.7251434922218323, -0.6858282685279846, -0.22701981663703918, 0.6793224811553955, 0.6978416442871094),
            ["LeftUpperArm"] = CFrame.new(1.1920928955078125e-07, 1.1920928955078125e-07, -4.470348358154297e-08, 0.4084201455116272, 0.8929981589317322, 0.189069926738739, -0.7714576125144958, 0.4484097361564636, -0.45142215490341187, -0.4878999590873718, 0.038510698825120926, 0.8720496296882629),
            ["RightLowerArm"] = CFrame.new(-1.7881393432617188e-07, 1.1920928955078125e-07, 4.3213367462158203e-07, 1, -4.190951585769653e-08, 1.1920931797249068e-07, 1.1548401346317405e-07, 0.17861352860927582, -0.9839193224906921, 7.823110337312755e-08, 0.9839193224906921, 0.17861351370811462),
            ["LeftHand"] = CFrame.new(1.1920928955078125e-07, -1.1920928955078125e-07, 0, 0.9569836854934692, 0.04765632003545761, -0.28620100021362305, -0.029774833470582962, 0.9973413348197937, 0.06651127338409424, 0.2886098623275757, -0.05512846261262894, 0.9558584094047546),
            ["RightHand"] = CFrame.new(-4.470348358154297e-08, 2.980232238769531e-07, -7.450580596923828e-08, 0.4696473777294159, -0.21736589074134827, -0.8556772470474243, -0.3048759400844574, 0.8696612119674683, -0.3882525563240051, 0.8285421133041382, 0.4432172477245331, 0.34216445684432983),
            ["RightUpperArm"] = CFrame.new(0, 2.384185791015625e-07, -4.470348358154297e-08, -0.6261650919914246, -0.7430329918861389, -0.23626090586185455, 0.30399322509765625, 0.04638136550784111, -0.9515446424484253, 0.717987060546875, -0.6676456928253174, 0.1968345195055008),
            ["RightLowerLeg"] = CFrame.new(8.847564458847046e-08, -0.00006014108657836914, -0.00007206777081592008, 1, -1.4528630742915993e-07, -1.3038521728958585e-07, 1.4994294872394676e-07, 0.14912869036197662, 0.9888178110122681, -1.2107194891086692e-07, -0.9888178110122681, 0.14912894368171692),
            ["LeftUpperLeg"] = CFrame.new(-1.1920928955078125e-07, -1.4528632164001465e-07, 1.4901161193847656e-08, 0.9911465644836426, -0.0716765895485878, 0.111763134598732, 0.04611576721072197, 0.975202739238739, 0.2164558619260788, -0.12450650334358215, -0.2093854695558548, 0.9698742628097534),
            ["LeftLowerLeg"] = CFrame.new(-4.842877388000488e-08, 0.000060558319091796875, 0.00007200613617897034, 1, 6.379558925573292e-08, 1.126900315284729e-07, -9.033828973770142e-08, -0.14150339365005493, 0.9899378418922424, 6.658956408500671e-08, -0.9899377822875977, -0.14150342345237732),
        }},
        {Time = 0.133, Data = {
            ["RightFoot"] = CFrame.new(2.8405338525772095e-08, 2.980232238769531e-07, 3.4990080166608095e-08, 0.9983298182487488, -0.04050713777542114, -0.041193440556526184, -0.00214423518627882, 0.686550498008728, -0.7270786166191101, 0.05773327499628067, 0.7259529232978821, 0.6853172779083252),
            ["LeftLowerArm"] = CFrame.new(-5.960464477539063e-08, -1.7881393432617188e-07, -2.9802322387695312e-08, 1, -1.1920927533992653e-07, 2.9802322387695312e-08, 1.4901159417490817e-08, 0.8821052312850952, -0.4710524380207062, 2.2351738238057806e-08, 0.4710523784160614, 0.88210529088974),
            ["LeftFoot"] = CFrame.new(9.872019290924072e-08, -1.1920928955078125e-07, 8.940696716308594e-08, 0.9392675757408142, -0.21345187723636627, -0.26872819662094116, 0.28020933270454407, 0.9290847778320312, 0.2414209395647049, 0.19813942909240723, -0.3020592927932739, 0.9324703812599182),
            ["Head"] = CFrame.new(2.9802322387695312e-08, 1.1920928955078125e-07, -1.1920928955078125e-07, 0.6483227014541626, 0.06923172622919083, 0.7582115530967712, 0.10543989390134811, 0.9780970811843872, -0.17946754395961761, -0.7540292739868164, 0.19629879295825958, 0.6268227696418762),
            ["LowerTorso"] = CFrame.new(0.011714314110577106, -0.4207327365875244, -0.18865691125392914, 0.3033793568611145, -0.13325293362140656, 0.94350665807724, -0.03401107341051102, 0.9880282878875732, 0.15047688782215118, -0.9522627592086792, -0.07774126529693604, 0.29521530866622925),
            ["UpperTorso"] = CFrame.new(5.587935447692871e-09, 2.9802322387695312e-08, 2.60770320892334e-08, 0.8552149534225464, 0.01701827347278595, -0.5179941654205322, 0.09280674159526825, 0.9782773852348328, 0.18536557257175446, 0.5098965764045715, -0.20660072565078735, 0.8350579142570496),
            ["HumanoidRootPart"] = CFrame.new(0, 0, 0, 1, 0, 0, 0, 1, 0, 0, 0, 1),
            ["RightUpperLeg"] = CFrame.new(0, 1.434236764907837e-07, 4.300818545743823e-08, 0.9644551873207092, 0.13975860178470612, 0.22426269948482513, 0.045378297567367554, 0.7484825253486633, -0.6616002917289734, -0.2603209912776947, 0.6482603549957275, 0.7155357599258423),
            ["LeftUpperArm"] = CFrame.new(0, 0, -1.9371509552001953e-07, 0.4061517119407654, 0.8862181901931763, 0.22284092009067535, -0.8560335636138916, 0.45432010293006897, -0.24657613039016724, -0.3197614550590515, -0.09061194956302643, 0.9431554079055786),
            ["RightLowerArm"] = CFrame.new(0, 0, -7.152557373046875e-07, 1, -1.010484851349247e-07, 5.2154071283894154e-08, 8.009374141693115e-08, 0.18539515137672424, -0.9826641082763672, 9.778887033462524e-08, 0.9826640486717224, 0.18539513647556305),
            ["LeftHand"] = CFrame.new(2.9802322387695312e-08, -5.960464477539063e-08, 5.960464477539063e-08, 0.9513957500457764, 0.02666543796658516, -0.3068144619464874, 0.012690665200352669, 0.9920039176940918, 0.12556804716587067, 0.30770936608314514, -0.1233585923910141, 0.943449854850769),
            ["RightHand"] = CFrame.new(2.682209014892578e-07, -2.384185791015625e-07, 1.2293457984924316e-07, 0.4958644509315491, -0.20598633587360382, -0.8436160683631897, -0.363855242729187, 0.8327925801277161, -0.41721203923225403, 0.7884972095489502, 0.5138347148895264, 0.3380030691623688),
            ["RightUpperArm"] = CFrame.new(0, 4.76837158203125e-07, -5.960464477539063e-08, -0.5939859747886658, -0.7624865770339966, -0.2565053403377533, 0.28651702404022217, 0.09743152558803558, -0.9531081914901733, 0.7517237663269043, -0.6396260261535645, 0.16059234738349915),
            ["RightLowerLeg"] = CFrame.new(1.6763806343078613e-08, -0.000060498714447021484, -0.0000722428594599478, 1, -1.4528629321830522e-07, -1.3643879981373175e-07, 1.4677063120416278e-07, 0.1126570925116539, 0.9936339855194092, -1.3411046495548362e-07, -0.9936339855194092, 0.11265739798545837),
            ["LeftUpperLeg"] = CFrame.new(0, 5.774199962615967e-08, 5.21540641784668e-08, 0.9822808504104614, -0.09622633457183838, 0.16082553565502167, 0.07937369495630264, 0.990963339805603, 0.10812682658433914, -0.1697767972946167, -0.09344567358493805, 0.981042206287384),
            ["LeftLowerLeg"] = CFrame.new(-5.774199962615967e-08, 0.000060498714447021484, 0.0000721178948879242, 1, 6.891787052154541e-08, 1.2293456563838845e-07, -9.96515154838562e-08, -0.3496083617210388, 0.9368959069252014, 8.568167686462402e-08, -0.9368959665298462, -0.3496083915233612),
        }},
        {Time = 0.167, Data = {
            ["RightFoot"] = CFrame.new(-1.2479722499847412e-07, 2.980232238769531e-07, -7.850758265703917e-09, 0.9975025653839111, -0.041380394250154495, -0.05723901838064194, -0.014208782464265823, 0.6762680411338806, -0.7365183234214783, 0.06918634474277496, 0.735492467880249, 0.6739914417266846),
            ["LeftLowerArm"] = CFrame.new(3.5762786865234375e-07, 0, -2.682209014892578e-07, 1, -2.2351738238057806e-08, 5.215404996761208e-08, 2.9802318834981634e-08, 0.869795560836792, -0.4934123158454895, 3.725289943190546e-08, 0.4934123158454895, 0.869795560836792),
            ["LeftFoot"] = CFrame.new(-2.2351741790771484e-08, -5.960464477539063e-08, -1.7695128917694092e-08, 0.961482048034668, -0.21200521290302277, -0.1749459207057953, 0.21326372027397156, 0.9769235253334045, -0.011796358972787857, 0.17340975999832153, -0.025967968627810478, 0.9845073819160461),
            ["Head"] = CFrame.new(2.9802322387695312e-08, 0, -2.086162567138672e-07, 0.6486562490463257, 0.06636523455381393, 0.7581825256347656, 0.07094007730484009, 0.9865819215774536, -0.14704959094524384, -0.7577682733535767, 0.1491701602935791, 0.6352445483207703),
            ["LowerTorso"] = CFrame.new(-0.021573275327682495, -0.44070374965667725, -0.193541020154953, 0.3039382994174957, -0.11760852485895157, 0.945404589176178, -0.028971655294299126, 0.9907510280609131, 0.1325637251138687, -0.952251136302948, -0.06768114864826202, 0.2977198362350464),
            ["UpperTorso"] = CFrame.new(-7.450580596923828e-09, -2.9802322387695312e-08, 1.4901161193847656e-08, 0.859700620174408, 0.028525199741125107, -0.5100012421607971, 0.0869806632399559, 0.975682258605957, 0.20119325816631317, 0.5033381581306458, -0.21732625365257263, 0.8363133668899536),
            ["HumanoidRootPart"] = CFrame.new(0, 0, 0, 1, 0, 0, 0, 1, 0, 0, 0, 1),
            ["RightUpperLeg"] = CFrame.new(0, -2.5890767574310303e-07, -3.149762051180005e-08, 0.96164470911026, 0.15132683515548706, 0.2287786304950714, 0.0323401503264904, 0.7656837105751038, -0.642403781414032, -0.27238503098487854, 0.6251628398895264, 0.731421709060669),
            ["LeftUpperArm"] = CFrame.new(1.1920928955078125e-07, -3.5762786865234375e-07, -4.470348358154297e-08, 0.42410653829574585, 0.8727816343307495, 0.2416316419839859, -0.9011480212211609, 0.43317708373069763, 0.017024928703904152, -0.0898103192448616, -0.22496624290943146, 0.9702187776565552),
            ["RightLowerArm"] = CFrame.new(2.980232238769531e-07, -2.384185791015625e-07, -5.066394805908203e-07, 1, -1.4697431538479577e-07, 7.124616274722939e-08, 1.0058282384761696e-07, 0.17436042428016663, -0.9846819043159485, 5.820765380804005e-08, 0.9846819639205933, 0.17436040937900543),
            ["LeftHand"] = CFrame.new(-4.76837158203125e-07, 2.980232238769531e-07, -2.9802322387695312e-08, 0.9595224857330322, 0.05519091337919235, -0.27617135643959045, -0.008334116078913212, 0.9857450723648071, 0.1680394411087036, 0.2815086245536804, -0.1589360237121582, 0.9463045001029968),
            ["RightHand"] = CFrame.new(-3.8370490074157715e-07, 6.556510925292969e-07, -5.587935447692871e-08, 0.5384721159934998, -0.17690549790859222, -0.8238643407821655, -0.4015871286392212, 0.8056626319885254, -0.4354715645313263, 0.7407939434051514, 0.5653424859046936, 0.3627837598323822),
            ["RightUpperArm"] = CFrame.new(-1.7881393432617188e-07, -2.384185791015625e-07, -1.4901161193847656e-08, -0.5393762588500977, -0.8045870661735535, -0.24842095375061035, 0.2512143850326538, 0.12782873213291168, -0.9594535827636719, 0.8037192225456238, -0.5799133777618408, 0.13317593932151794),
            ["RightLowerLeg"] = CFrame.new(-5.587935447692871e-08, -0.00006031990051269531, -0.00007222609565360472, 1, -1.4901154088420299e-07, -1.4016407590133895e-07, 1.4901161193847656e-07, 0.08506086468696594, 0.9963757395744324, -1.3224780559539795e-07, -0.9963757395744324, 0.08506117761135101),
            ["LeftUpperLeg"] = CFrame.new(-5.960464477539063e-08, -1.7695128917694092e-07, 2.2351741790771484e-08, 0.9794607162475586, -0.08358826488256454, 0.18349330127239227, 0.10535161197185516, 0.9880802631378174, -0.11224324256181717, -0.17192389070987701, 0.12926912307739258, 0.9765918254852295),
            ["LeftLowerLeg"] = CFrame.new(3.166496753692627e-08, 0.000060677528381347656, 0.0000721178948879242, 1, 8.00937343115038e-08, 1.4062969455608254e-07, -8.870845391584226e-08, -0.4710991382598877, 0.8820803761482239, 1.3125824693815957e-07, -0.8820802569389343, -0.4710991084575653),
        }},
        {Time = 0.200, Data = {
            ["RightFoot"] = CFrame.new(8.381903171539307e-09, 2.384185791015625e-07, -1.9725121092051268e-08, 0.9983676671981812, -0.0355447418987751, -0.04470515996217728, -0.009035422466695309, 0.6745862364768982, -0.7381405830383301, 0.05639456957578659, 0.7373398542404175, 0.6731641888618469),
            ["LeftLowerArm"] = CFrame.new(4.76837158203125e-07, 0, -1.4901161193847656e-07, 1, -1.862645149230957e-08, -1.1175868230850483e-08, 5.960464477539063e-08, 0.8470593690872192, -0.531498372554779, -2.421438694000244e-08, 0.5314984321594238, 0.8470593094825745),
            ["LeftFoot"] = CFrame.new(3.3527612686157227e-08, -5.960464477539063e-08, 2.7939677238464355e-08, 0.9832223057746887, -0.16663508117198944, -0.07420726120471954, 0.138742133975029, 0.9472704529762268, -0.28884148597717285, 0.11842557787895203, 0.2736997604370117, 0.9544966816902161),
            ["Head"] = CFrame.new(5.960464477539063e-08, 4.76837158203125e-07, 0, 0.6550858616828918, 0.059395596385002136, 0.7532163262367249, 0.051722194999456406, 0.9910414814949036, -0.12313314527273178, -0.7537821531295776, 0.11962088942527771, 0.6461450457572937),
            ["LowerTorso"] = CFrame.new(-0.04964514449238777, -0.4520533084869385, -0.19338597357273102, 0.3024545907974243, -0.11256001889705658, 0.9464943408966064, -0.02082165703177452, 0.9919856190681458, 0.12462359666824341, -0.9529364109039307, -0.05740058794617653, 0.297686904668808),
            ["UpperTorso"] = CFrame.new(-9.313225746154785e-09, -2.9802322387695312e-08, -7.450580596923828e-09, 0.8679949045181274, 0.04132895916700363, -0.4948504865169525, 0.07958634942770004, 0.9720700979232788, 0.22078430652618408, 0.4901539981365204, -0.231022909283638, 0.8404625654220581),
            ["HumanoidRootPart"] = CFrame.new(0, 0, 0, 1, 0, 0, 0, 1, 0, 0, 0, 1),
            ["RightUpperLeg"] = CFrame.new(0, -4.842877388000488e-08, -2.4047039914876223e-08, 0.9655411243438721, 0.14403347671031952, 0.21675942838191986, 0.0247714314609766, 0.7782431244850159, -0.6274744868278503, -0.2590688169002533, 0.6112217903137207, 0.7478578090667725),
            ["LeftUpperArm"] = CFrame.new(-1.1920928955078125e-07, -2.384185791015625e-07, -4.470348358154297e-08, 0.44727644324302673, 0.8551989197731018, 0.2618754208087921, -0.884924054145813, 0.38064634799957275, 0.2683616578578949, 0.12982067465782166, -0.35177159309387207, 0.9270400404930115),
            ["RightLowerArm"] = CFrame.new(4.172325134277344e-07, -3.5762786865234375e-07, -9.238719940185547e-07, 1, -1.378357126213814e-07, 8.754432201385498e-08, 1.1175870895385742e-07, 0.14591890573501587, -0.9892966151237488, 1.0058283805847168e-07, 0.9892966151237488, 0.14591892063617706),
            ["LeftHand"] = CFrame.new(2.5331974029541016e-07, 4.172325134277344e-07, 1.7881393432617188e-07, 0.9524277448654175, 0.03843135014176369, -0.30233168601989746, 0.022255951538681984, 0.980597972869873, 0.1947624832391739, 0.3039509654045105, -0.1922258585691452, 0.9330933094024658),
            ["RightHand"] = CFrame.new(4.470348358154297e-08, 4.172325134277344e-07, -5.21540641784668e-08, 0.5788146257400513, -0.15612584352493286, -0.8003740906715393, -0.3982805907726288, 0.8023452758789062, -0.44453883171081543, 0.7115800976753235, 0.5760789513587952, 0.4022270441055298),
            ["RightUpperArm"] = CFrame.new(1.1920928955078125e-07, 1.1920928955078125e-07, -1.2665987014770508e-07, -0.464913547039032, -0.8555393815040588, -0.22783276438713074, 0.1917077898979187, 0.15395115315914154, -0.9693025350570679, 0.8643515110015869, -0.4943191409111023, 0.09243956953287125),
            ["RightLowerLeg"] = CFrame.new(-1.3969838619232178e-08, -0.0000603795051574707, -0.00007218698010547087, 1, -1.4901154088420299e-07, -1.4156104555240745e-07, 1.512380549684167e-07, 0.07577159255743027, 0.9971252679824829, -1.3690441846847534e-07, -0.9971252083778381, 0.07577172666788101),
            ["LeftUpperLeg"] = CFrame.new(-5.960464477539063e-08, 1.862645149230957e-09, -7.450580596923828e-09, 0.9763820171356201, -0.03433180972933769, 0.21330614387989044, 0.11233513057231903, 0.9240162372589111, -0.36547911167144775, -0.18455076217651367, 0.3808089792728424, 0.9060494899749756),
            ["LeftLowerLeg"] = CFrame.new(1.1175870895385742e-08, 0.000060617923736572266, 0.00007206015288829803, 1, 5.4016702222270396e-08, 1.341104507446289e-07, -8.00937343115038e-08, -0.5295171737670898, 0.8482992053031921, 1.341104365337742e-07, -0.8482992053031921, -0.5295171737670898),
        }},
        {Time = 0.233, Data = {
            ["RightFoot"] = CFrame.new(-5.21540641784668e-08, 2.980232238769531e-07, 3.5579432733356953e-09, 0.9989814758300781, -0.03054353967308998, -0.03321612626314163, -0.003988177515566349, 0.6734564900398254, -0.7392159104347229, 0.04494793713092804, 0.7385956645011902, 0.6726489067077637),
            ["LeftLowerArm"] = CFrame.new(4.76837158203125e-07, -3.5762786865234375e-07, -5.364418029785156e-07, 1, -1.0058282384761696e-07, 4.8428766774577525e-08, 8.102505688611927e-08, 0.8094820976257324, -0.5871445536613464, 7.264315371457997e-08, 0.5871444940567017, 0.8094821572303772),
            ["LeftFoot"] = CFrame.new(2.421438694000244e-08, -1.7881393432617188e-07, -3.4458935260772705e-08, 0.9949091672897339, -0.09479810297489166, 0.03419169783592224, 0.10046856105327606, 0.9065713286399841, -0.40992024540901184, 0.007862674072384834, 0.4112686812877655, 0.9114803075790405),
            ["Head"] = CFrame.new(-1.1920928955078125e-07, -1.1920928955078125e-07, -5.960464477539063e-08, 0.680848240852356, 0.056974656879901886, 0.7302051782608032, 0.041193265467882156, 0.9924131035804749, -0.1158423125743866, -0.7312652468681335, 0.10895062237977982, 0.6733357310295105),
            ["LowerTorso"] = CFrame.new(-0.0705929547548294, -0.447360634803772, -0.1907501369714737, 0.2997877299785614, -0.11259151250123978, 0.9473386406898499, -0.011446588672697544, 0.9925152659416199, 0.12158306688070297, -0.9539372324943542, -0.04729292541742325, 0.29625511169433594),
            ["UpperTorso"] = CFrame.new(-3.725290298461914e-08, 1.1920928955078125e-07, 1.4901161193847656e-08, 0.8808012008666992, 0.05838724225759506, -0.4698725938796997, 0.066709004342556, 0.9671667814254761, 0.24523156881332397, 0.46876364946365356, -0.2473449856042862, 0.8479865789413452),
            ["HumanoidRootPart"] = CFrame.new(0, 0, 0, 1, 0, 0, 0, 1, 0, 0, 0, 1),
            ["RightUpperLeg"] = CFrame.new(5.960464477539063e-08, 1.30385160446167e-08, 1.3205863069742918e-08, 0.969059407711029, 0.13456912338733673, 0.20691804587841034, 0.018976150080561638, 0.7952104806900024, -0.6060364246368408, -0.24609720706939697, 0.5912117958068848, 0.7680525779724121),
            ["LeftUpperArm"] = CFrame.new(0, 0, 0, 0.4780851900577545, 0.8299822807312012, 0.28733962774276733, -0.8241952061653137, 0.3108794689178467, 0.4733458161354065, 0.3035404682159424, -0.4631235599517822, 0.8326942920684814),
            ["RightLowerArm"] = CFrame.new(-2.9802322387695312e-08, 0, 8.940696716308594e-08, 1, -1.1734661597984086e-07, 2.2351741790771484e-08, 3.352760558072987e-08, 0.12098166346549988, -0.9926547408103943, 7.450579175838357e-08, 0.9926548004150391, 0.12098169326782227),
            ["LeftHand"] = CFrame.new(3.3155083656311035e-07, -1.1920928955078125e-07, -5.960464477539063e-08, 0.940650463104248, -0.0018467397894710302, -0.3393719494342804, 0.08097701519727707, 0.9723235964775085, 0.2191563844680786, 0.32957470417022705, -0.2336309403181076, 0.9147661328315735),
            ["RightHand"] = CFrame.new(5.960464477539063e-08, -1.1920928955078125e-07, -7.450580596923828e-08, 0.6093553304672241, -0.15151779353618622, -0.778285562992096, -0.3977782428264618, 0.790696382522583, -0.465372771024704, 0.6858998537063599, 0.593162477016449, 0.42154446244239807),
            ["RightUpperArm"] = CFrame.new(2.384185791015625e-07, 3.5762786865234375e-07, -2.9802322387695312e-08, -0.37418681383132935, -0.9063008427619934, -0.1964767426252365, 0.11018042266368866, 0.1669190526008606, -0.9797950983047485, 0.9207847714424133, -0.38827428221702576, 0.03739778697490692),
            ["RightLowerLeg"] = CFrame.new(-7.078051567077637e-08, -0.000060498714447021484, -0.00007199699030024931, 1, -1.471489525783909e-07, -1.4249238233787764e-07, 1.5366822481155396e-07, 0.09859484434127808, 0.9951276779174805, -1.3969838619232178e-07, -0.9951277375221252, 0.0985950380563736),
            ["LeftUpperLeg"] = CFrame.new(-5.960464477539063e-08, 7.729977369308472e-08, -7.450580596923828e-09, 0.9740296602249146, 0.028908569365739822, 0.22456763684749603, 0.11001026630401611, 0.8064568638801575, -0.580968976020813, -0.19789916276931763, 0.5905858278274536, 0.7823326587677002),
            ["LeftLowerLeg"] = CFrame.new(3.3527612686157227e-08, 0.000060617923736572266, 0.00007217191159725189, 1, 7.89295881986618e-08, 1.394655555486679e-07, -8.195640788244418e-08, -0.5103449821472168, 0.8599697947502136, 1.3783576946480025e-07, -0.8599697947502136, -0.5103449821472168),
        }},
        {Time = 0.267, Data = {
            ["RightFoot"] = CFrame.new(-1.816079020500183e-08, 3.5762786865234375e-07, -3.742025000974536e-08, 0.9985079765319824, -0.026646416634321213, -0.047663524746894836, -0.01637931354343891, 0.6865158081054688, -0.7269302606582642, 0.05209191516041756, 0.726626455783844, 0.6850551962852478),
            ["LeftLowerArm"] = CFrame.new(-3.5762786865234375e-07, 5.960464477539063e-08, -7.450580596923828e-08, 1, -8.568165554834195e-08, -3.7252894102834944e-09, 4.097817907222634e-08, 0.7724348902702332, -0.6350939273834229, 1.0477375411710455e-07, 0.6350938677787781, 0.7724348902702332),
            ["LeftFoot"] = CFrame.new(1.5832483768463135e-08, 5.960464477539063e-08, 1.6763806343078613e-08, 0.9910058975219727, -0.0009030121145769954, 0.13381554186344147, 0.06129670515656471, 0.8919652700424194, -0.44792911410331726, -0.11895422637462616, 0.45210298895835876, 0.8839983344078064),
            ["Head"] = CFrame.new(-8.940696716308594e-08, -2.384185791015625e-07, 8.940696716308594e-08, 0.7112074494361877, 0.05680408328771591, 0.70068359375, 0.03799810633063316, 0.9921665787696838, -0.11900309473276138, -0.7019546627998352, 0.11126060038805008, 0.7034776210784912),
            ["LowerTorso"] = CFrame.new(-0.08110932260751724, -0.4247704744338989, -0.18245480954647064, 0.2963629364967346, -0.12442105263471603, 0.9469363689422607, 0.0008801991934888065, 0.9915133118629456, 0.1300026774406433, -0.9550750255584717, -0.03769448772072792, 0.29395729303359985),
            ["UpperTorso"] = CFrame.new(2.7008354663848877e-08, -8.940696716308594e-08, 2.2351741790771484e-08, 0.8948172926902771, 0.06941643357276917, -0.44100290536880493, 0.05783712863922119, 0.9614865183830261, 0.2686980962753296, 0.44267043471336365, -0.2659420371055603, 0.8563398718833923),
            ["HumanoidRootPart"] = CFrame.new(0, 0, 0, 1, 0, 0, 0, 1, 0, 0, 0, 1),
            ["RightUpperLeg"] = CFrame.new(0, 2.3562461137771606e-07, 4.300818545743823e-08, 0.9660714268684387, 0.14105598628520966, 0.21635453402996063, 0.013447141274809837, 0.8090833425521851, -0.5875402092933655, -0.2579249143600464, 0.5705150961875916, 0.7797353863716125),
            ["LeftUpperArm"] = CFrame.new(-1.1920928955078125e-07, -3.5762786865234375e-07, 7.450580596923828e-08, 0.5071138739585876, 0.7975655198097229, 0.32668760418891907, -0.7574777007102966, 0.23160140216350555, 0.6104002594947815, 0.4111727774143219, -0.5570010542869568, 0.7215862274169922),
            ["RightLowerArm"] = CFrame.new(2.384185791015625e-07, -1.1920928955078125e-07, 3.129243850708008e-07, 1, -1.043080928297968e-07, 1.57393458266597e-07, 1.0058281674218961e-07, 0.09070746600627899, -0.9958776235580444, 5.215404996761208e-08, 0.9958776235580444, 0.0907074585556984),
            ["LeftHand"] = CFrame.new(-4.0605664253234863e-07, -5.960464477539063e-08, -5.960464477539063e-08, 0.9399347901344299, -0.015574416145682335, -0.3409987986087799, 0.09499552845954895, 0.9714313745498657, 0.2174791544675827, 0.3278696835041046, -0.23680919408798218, 0.9145615100860596),
            ["RightHand"] = CFrame.new(0, -5.960464477539063e-08, 2.980232238769531e-07, 0.6301648020744324, -0.164642333984375, -0.7588053345680237, -0.3851025700569153, 0.7823212742805481, -0.48956066370010376, 0.6742317080497742, 0.600721538066864, 0.4295869767665863),
            ["RightUpperArm"] = CFrame.new(1.1920928955078125e-07, 0, 2.0489096641540527e-07, -0.27097994089126587, -0.9482763409614563, -0.16535425186157227, 0.016569973900914192, 0.16716063022613525, -0.985790491104126, 0.9624424576759338, -0.2698691487312317, -0.029584381729364395),
