return {
    ["My Honest Reaction"] = {
        [1] = {Time = 0.000, Data = {
            ["Chair"] = CFrame.new(0, -6.951601028442383, 0, 1, 0, 0, 0, 1, 0, 0, 0, 1),
            ["LeftLowerArm"] = CFrame.new(6.525078788399696e-08, -1.6391277313232422e-07, 7.450580596923828e-08, 1, -7.450580596923828e-08, 0, 5.960464477539063e-08, 0.8094605207443237, -0.5871744155883789, 7.450580596923828e-09, 0.5871744155883789, 0.809460461139679),
            ["LeftFoot"] = CFrame.new(6.426125764846802e-08, -1.4901161193847656e-08, -1.3998942449688911e-08, 0.993327796459198, -0.11531392484903336, 0.001648899051360786, 0.11530616134405136, 0.9933211803436279, 0.004201968666166067, -0.0021223300136625767, -0.003983796574175358, 0.9999898076057434),
            ["RightHand"] = CFrame.new(-2.3283064365386963e-10, 1.1175870895385742e-07, 9.313225746154785e-09, 0.9898673295974731, 0.01713889092206955, -0.1409570276737213, -0.04731450229883194, 0.9757700562477112, -0.213621586561203, 0.13388042151927948, 0.21812638640403748, 0.9666938781738281),
            ["HumanoidRootPart"] = CFrame.new(0, 0, 0, 1, 0, 0, 0, 1, 0, 0, 0, 1),
            ["RightLowerLeg"] = CFrame.new(-4.897079861621023e-07, -0.0008256733417510986, 0.00002736714668571949, 1, -2.9802318834981634e-08, -3.399327042075129e-08, -1.4901159417490817e-08, 0.9999825954437256, 0.0059049418196082115, -2.491287531825037e-08, -0.005905102007091045, 0.9999825954437256),
            ["LeftUpperLeg"] = CFrame.new(5.960464477539063e-08, -2.9802322387695312e-08, 5.587935447692871e-08, 0.8321751952171326, 0.2429104447364807, 0.4984765350818634, -0.15939530730247498, 0.9657939672470093, -0.20453637838363647, -0.5311097502708435, 0.09075526893138885, 0.8424286842346191),
            ["LeftLowerLeg"] = CFrame.new(7.271277127074427e-07, -0.0008209347724914551, 0.00004464387893676758, 1, 2.1910183889417567e-08, 1.8044377103620945e-09, -3.1635863706469536e-08, 0.9714066982269287, 0.2374218851327896, 4.773028194904327e-09, -0.23742198944091797, 0.9714066386222839),
            ["LowerTorso"] = CFrame.new(0.00042137037962675095, -0.02626967430114746, -0.0005844882689416409, 0.8390344381332397, -0.04461958259344101, -0.542245626449585, 0.018709836527705193, 0.998408317565918, -0.053205348551273346, 0.5437565445899963, 0.03449579328298569, 0.8385337591171265),
            ["Head"] = CFrame.new(1.4901161193847656e-08, 5.960464477539063e-08, 5.960464477539063e-08, 0.9407155513763428, -0.08306797593832016, 0.32886803150177, -0.013319127261638641, 0.9597554802894592, 0.28052133321762085, -0.3389352262020111, -0.2682708203792572, 0.9017503261566162),
            ["UpperTorso"] = CFrame.new(7.450580596923828e-09, 5.960464477539063e-08, 0, 0.9948181509971619, 0.050948698073625565, 0.08798414468765259, -0.05469203367829323, 0.9976746439933777, 0.04067091643810272, -0.08570746332406998, -0.04527219384908676, 0.9952912926673889),
            ["LeftUpperArm"] = CFrame.new(-1.043081283569336e-07, 0, -5.960464477539063e-08, 0.04822011664509773, -0.41263261437416077, -0.9096203446388245, 0.05125660076737404, 0.9105020761489868, -0.4103153645992279, 0.9975208044052124, -0.02683856524527073, 0.06505466997623444),
            ["RightLowerArm"] = CFrame.new(-6.163567434214201e-08, -1.9371509552001953e-07, 2.9802322387695312e-08, 1, -5.960465188081798e-08, 3.3527612686157227e-08, 5.587936158235607e-08, 0.7254029512405396, -0.6883244514465332, 3.9115551686563776e-08, 0.6883243918418884, 0.7254029512405396),
            ["LeftHand"] = CFrame.new(4.0978193283081055e-08, 0, 1.3783574104309082e-07, 0.9812089800834656, -0.19221791625022888, 0.01677665114402771, 0.18930713832378387, 0.942232072353363, -0.2763359546661377, 0.03730914741754532, 0.27431923151016235, 0.960914671421051),
            ["cam"] = CFrame.new(-0.12075363844633102, 0.04182004928588867, -13.627989768981934, -0.9963979721069336, 0.08479777723550797, -0.0007315294351428747, 0.0847984030842781, 0.9963977932929993, -0.0008809331920929253, 0.000654192001093179, -0.0009397865505889058, -0.9999993443489075),
            ["RightFoot"] = CFrame.new(-1.1734664440155029e-07, 1.7136335372924805e-07, -3.3993273973464966e-08, 0.9884369373321533, 0.15068258345127106, -0.016948068514466286, -0.15106306970119476, 0.9882324934005737, -0.0240128505975008, 0.01313034351915121, 0.026295606046915054, 0.9995680451393127),
            ["RightUpperLeg"] = CFrame.new(-5.960464477539063e-08, -8.940696716308594e-08, -1.4901161193847656e-08, 0.9746626615524292, -0.12508603930473328, -0.18543562293052673, 0.14121665060520172, 0.9870227575302124, 0.0764460489153862, 0.17346663773059845, -0.1006956696510315, 0.9796784520149231),
            ["RightUpperArm"] = CFrame.new(7.450580596923828e-09, -2.086162567138672e-07, 0, -0.011729356832802296, 0.274343878030777, 0.9615601897239685, -0.0742032453417778, 0.9587360620498657, -0.27444329857826233, -0.9971742033958435, -0.07456991821527481, 0.009111801162362099)
        }},
        [2] = {Time = 0.017, Data = {
            ["LeftLowerArm"] = CFrame.new(8.760252967476845e-09, 1.1920928955078125e-07, 8.940696716308594e-08, 1, -9.685754776000977e-08, -4.4703490686970326e-08, 5.2154071283894154e-08, 0.835139811038971, -0.5500377416610718, 3.539026138810186e-08, 0.5500377416610718, 0.8351398706436157),
            ["LeftFoot"] = CFrame.new(-2.7008354663848877e-08, -1.341104507446289e-07, -8.96397978067398e-09, 0.9931243658065796, -0.11706443876028061, 0.000018543045371188782, 0.11706357449293137, 0.9931159615516663, -0.0041128345765173435, 0.00046310413745231926, 0.004086724948137999, 0.9999915957450867),
            ["RightHand"] = CFrame.new(3.4924596548080444e-09, -2.4586915969848633e-07, 6.332993507385254e-08, 0.9898549914360046, 0.02517237327992916, -0.1398337185382843, -0.05075719952583313, 0.981886625289917, -0.18254411220550537, 0.13270577788352966, 0.18778976798057556, 0.9732030630111694),
            ["HumanoidRootPart"] = CFrame.new(0, 0, 0, 1, 0, 0, 0, 1, 0, 0, 0, 1),
            ["RightLowerLeg"] = CFrame.new(-5.307900892148609e-07, -0.0008254945278167725, 0.00002741231583058834, 1, 7.450577932388569e-09, 3.259628655882807e-08, -2.2351745343485163e-08, 0.9999825358390808, 0.005905124358832836, -4.6566133171666024e-09, -0.00590537441894412, 0.9999825954437256),
            ["LeftUpperLeg"] = CFrame.new(-7.450580596923828e-08, -1.7881393432617188e-07, -7.264316082000732e-08, 0.8243439793586731, 0.2501447796821594, 0.5078235864639282, -0.17304003238677979, 0.9654817581176758, -0.19468489289283752, -0.5389938354492188, 0.07261352986097336, 0.8391739726066589),
            ["LeftLowerLeg"] = CFrame.new(9.181742939290416e-07, -0.0008208751678466797, 0.00004443526268005371, 1, 1.3136398635538171e-08, 1.5133989617055477e-09, -3.211880184039728e-08, 0.9685425758361816, 0.24884836375713348, 5.240508027526403e-09, -0.24884814023971558, 0.9685425162315369),
            ["LowerTorso"] = CFrame.new(0.00042136944830417633, -0.02626967430114746, -0.0005844868719577789, 0.8325007557868958, -0.05668770521879196, -0.5511161684989929, 0.020869934931397438, 0.9972543716430664, -0.07105182856321335, 0.5536307096481323, 0.04764895141124725, 0.8313980102539062),
            ["Head"] = CFrame.new(-1.3707904145121574e-08, 5.066394805908203e-07, 7.450580596923828e-08, 0.9655328989028931, 0.0006682593375444412, 0.2602802515029907, -0.0749635398387909, 0.9583383202552795, 0.27562347054481506, -0.2492523044347763, -0.28563493490219116, 0.9253571629524231),
            ["UpperTorso"] = CFrame.new(3.725290298461914e-09, -2.980232238769531e-07, 0, 0.9930371046066284, 0.05307072773575783, 0.10517148673534393, -0.059307701885700226, 0.9966059923171997, 0.057089075446128845, -0.10178472101688385, -0.06292904168367386, 0.9928141832351685),
            ["LeftUpperArm"] = CFrame.new(2.9802322387695312e-08, 3.2782554626464844e-07, -8.940696716308594e-08, 0.05713775381445885, -0.4128585457801819, -0.9090012311935425, 0.054566964507102966, 0.9104191064834595, -0.41007256507873535, 0.9968740344047546, -0.026170751079916954, 0.07454771548509598),
            ["RightLowerArm"] = CFrame.new(-9.873240713886844e-08, -2.9802322387695312e-08, -7.450580596923828e-08, 1, -8.568168397005138e-08, -1.1175872671742582e-08, 8.195639367158947e-08, 0.7540906667709351, -0.6567704081535339, 9.126962652317161e-08, 0.6567704081535339, 0.7540906071662903),
            ["LeftHand"] = CFrame.new(1.1175870895385742e-07, -1.7136335372924805e-07, -8.940696716308594e-08, 0.9766103029251099, -0.2142816185951233, 0.017769664525985718, 0.2111901044845581, 0.9404241442680359, -0.26646047830581665, 0.04038643091917038, 0.2639807164669037, 0.9636821150779724),
            ["cam"] = CFrame.new(-0.12075363844633102, 1.6011934280395508, -7.153201103210449, -0.9915885329246521, 0.1283535212278366, -0.01666206121444702, 0.12769471108913422, 0.9911626577377319, 0.03592708334326744, 0.021126171573996544, 0.03349724039435387, -0.9992156028747559),
            ["RightFoot"] = CFrame.new(4.842877388000488e-08, 3.427267074584961e-07, -5.681067705154419e-08, 0.9885237216949463, 0.14999748766422272, -0.017931118607521057, -0.1503562331199646, 0.988415539264679, -0.02068537473678589, 0.014620834030210972, 0.023144369944930077, 0.9996253252029419),
            ["RightUpperLeg"] = CFrame.new(1.4901161193847656e-08, -1.1920928955078125e-07, 7.450580596923828e-08, 0.9772721529006958, -0.12342271953821182, -0.1723548322916031, 0.14057733118534088, 0.9858684539794922, 0.09111285209655762, 0.15867382287979126, -0.1132713332772255, 0.9808120131492615),
            ["RightUpperArm"] = CFrame.new(-1.4901161193847656e-08, 2.384185791015625e-07, 1.1920928955078125e-07, -0.0034808737691491842, 0.2755883038043976, 0.9612694978713989, -0.07986640930175781, 0.9581279158592224, -0.27497681975364685, -0.9967994689941406, -0.07773030549287796, 0.018675127997994423)
        }},
        [3] = {Time = 0.033, Data = {
            ["LeftLowerArm"] = CFrame.new(5.49189280718565e-08, 1.1920928955078125e-07, 4.470348358154297e-08, 1, -3.9115551686563776e-08, -7.450581485102248e-09, 5.587936158235607e-08, 0.8449393510818481, -0.5348621010780334, 1.862645326866641e-08, 0.534862220287323, 0.8449394106864929),
            ["LeftFoot"] = CFrame.new(8.475035429000854e-08, 3.725290298461914e-08, 2.6542693376541138e-08, 0.9930350184440613, -0.11781998723745346, -0.0002440181269776076, 0.11781515926122665, 0.9930094480514526, -0.007207534275949001, 0.0010915531311184168, 0.007128514349460602, 0.9999740719795227),
            ["RightHand"] = CFrame.new(2.2817403078079224e-08, 4.470348358154297e-08, -9.12696123123169e-08, 0.9898418188095093, 0.028373846784234047, -0.1393132507801056, -0.05214361846446991, 0.9840520620346069, -0.17006659507751465, 0.13226601481437683, 0.17560330033302307, 0.9755353927612305),
            ["HumanoidRootPart"] = CFrame.new(0, 0, 0, 1, 0, 0, 0, 1, 0, 0, 0, 1),
            ["RightLowerLeg"] = CFrame.new(-5.534051297217957e-07, -0.0008256733417510986, 0.00002738647162914276, 1, 2.9802311729554276e-08, 3.678723814459772e-08, 1.4901162970204496e-08, 0.9999825358390808, 0.00590528454631567, 1.0710210496256423e-08, -0.005905393045395613, 0.9999825954437256),
            ["LeftUpperLeg"] = CFrame.new(1.4901161193847656e-08, -1.1920928955078125e-07, -7.450580596923828e-09, 0.8213805556297302, 0.2528172433376312, 0.5112898945808411, -0.17856596410274506, 0.9653189182281494, -0.19045686721801758, -0.5417085886001587, 0.06513860076665878, 0.8380386829376221),
            ["LeftLowerLeg"] = CFrame.new(9.070774922292912e-07, -0.0008209049701690674, 0.00004451721906661987, 1, 1.5288149413095198e-08, 4.16184731122371e-09, -2.4865585146471858e-08, 0.9674831032752991, 0.25293582677841187, 4.321918822824955e-09, -0.25293585658073425, 0.9674830436706543),
            ["LowerTorso"] = CFrame.new(0.00042136944830417633, -0.026269659399986267, -0.0005844896659255028, 0.8298503160476685, -0.061550240963697433, -0.5545811057090759, 0.021674124523997307, 0.9967030882835388, -0.0781870186328888, 0.5575651526451111, 0.05286344885826111, 0.8284484148025513),
            ["Head"] = CFrame.new(1.4901161193847656e-08, -3.2782554626464844e-07, 1.4901161193847656e-08, 0.9720498323440552, 0.0344947874546051, 0.2322269082069397, -0.09959603101015091, 0.9563189744949341, 0.27483585476875305, -0.2126026153564453, -0.2902829647064209, 0.9330251216888428),
            ["UpperTorso"] = CFrame.new(7.450580596923828e-09, 3.5762786865234375e-07, -3.725290298461914e-09, 0.9922428131103516, 0.05386315658688545, 0.11204024404287338, -0.06125576049089432, 0.9960926175117493, 0.06361908465623856, -0.10817572474479675, -0.0699886903166771, 0.9916650652885437),
            ["LeftUpperArm"] = CFrame.new(1.1920928955078125e-07, -3.2782554626464844e-07, -1.1920928955078125e-07, 0.060695234686136246, -0.41294699907302856, -0.9087303876876831, 0.05588751286268234, 0.9103866815567017, -0.4099668264389038, 0.9965906143188477, -0.02590356208384037, 0.07833478599786758),
            ["RightLowerArm"] = CFrame.new(-5.968640692799454e-08, 4.172325134277344e-07, 1.4901161193847656e-08, 1, -9.685753354915505e-08, 2.2351741790771484e-08, 5.960465188081798e-08, 0.7651864886283875, -0.6438087224960327, 8.009374852235851e-08, 0.6438086628913879, 0.7651865482330322),
            ["LeftHand"] = CFrame.new(8.195638656616211e-08, -1.2665987014770508e-07, 7.078051567077637e-08, 0.9746330976486206, -0.22307530045509338, 0.018101923167705536, 0.2199179232120514, 0.9395373463630676, -0.262499064207077, 0.04154957830905914, 0.2598211467266083, 0.9647624492645264),
            ["cam"] = CFrame.new(0.8382986783981323, 1.6011934280395508, -6.915909767150879, -0.9809984564781189, 0.12223845720291138, 0.15066508948802948, 0.12897056341171265, 0.9910051822662354, 0.035714827477931976, -0.14494413137435913, 0.05446753278374672, -0.9879395365715027),
            ["RightFoot"] = CFrame.new(-5.3085386753082275e-08, 2.905726432800293e-07, 1.5366822481155396e-08, 0.9885562658309937, 0.1497388482093811, -0.01830204576253891, -0.15008598566055298, 0.9884836077690125, -0.01935124211013317, 0.015193882398307323, 0.021876763552427292, 0.9996452331542969),
            ["RightUpperLeg"] = CFrame.new(1.1920928955078125e-07, -2.9802322387695312e-08, 4.842877388000488e-08, 0.9782568216323853, -0.12280160188674927, -0.1671331375837326, 0.14025890827178955, 0.9853554964065552, 0.09696459025144577, 0.15277810394763947, -0.11829809844493866, 0.9811546802520752),
            ["RightUpperArm"] = CFrame.new(-8.195638656616211e-08, -1.1920928955078125e-07, -5.960464477539063e-08, -0.0001908431004267186, 0.2760922312736511, 0.9611311554908752, -0.08212744444608688, 0.9578799605369568, -0.2751745283603668, -0.99662184715271, -0.0789877250790596, 0.022491907700896263)
        }},
        [4] = {Time = 0.050, Data = {
            ["LeftLowerArm"] = CFrame.new(6.146728992462158e-08, -1.341104507446289e-07, 5.960464477539063e-08, 1, -6.891787762697277e-08, -3.725290298461914e-09, 3.3527616238870905e-08, 0.852035403251648, -0.5234842896461487, 6.33299421792799e-08, 0.5234842896461487, 0.852035403251648),
            ["LeftFoot"] = CFrame.new(5.774199962615967e-08, -1.341104507446289e-07, -3.818422555923462e-08, 0.9929648637771606, -0.11841022968292236, -0.0002085087908199057, 0.11840303242206573, 0.992920994758606, -0.009423630312085152, 0.0013227933086454868, 0.009332713671028614, 0.9999556541442871),
            ["RightHand"] = CFrame.new(1.0547228157520294e-07, 2.0116567611694336e-07, 2.738088369369507e-07, 0.989828884601593, 0.03074542246758938, -0.1389007419347763, -0.053176023066043854, 0.9855552315711975, -0.16078919172286987, 0.1319507509469986, 0.1665399670600891, 0.9771659970283508),
            ["HumanoidRootPart"] = CFrame.new(0, 0, 0, 1, 0, 0, 0, 1, 0, 0, 0, 1),
            ["RightLowerLeg"] = CFrame.new(-4.264310859980469e-07, -0.000825732946395874, 0.00002741115167737007, 1, -1.4901155864777138e-08, 8.847563570668626e-09, 0, 0.9999825358390808, 0.005905327387154102, 1.7927957784991122e-08, -0.005905496422201395, 0.9999825954437256),
            ["LeftUpperLeg"] = CFrame.new(-7.450580596923828e-09, -5.066394805908203e-07, 3.725290298461914e-08, 0.8192936182022095, 0.2547098994255066, 0.5136935710906982, -0.18269342184066772, 0.9651839733123779, -0.1871979832649231, -0.5434898138046265, 0.059521690011024475, 0.8373027443885803),
            ["LeftLowerLeg"] = CFrame.new(8.941514693106001e-07, -0.0008209347724914551, 0.000044576823711395264, 1, 2.034994217581243e-08, -2.9831426218152046e-09, -3.081004251725972e-08, 0.9667293429374695, 0.25580158829689026, 1.3096723705530167e-09, -0.25580164790153503, 0.9667293429374695),
            ["LowerTorso"] = CFrame.new(0.00042137131094932556, -0.02626967430114746, -0.0005844887346029282, 0.827869176864624, -0.06517262756824493, -0.5571222305297852, 0.022248979657888412, 0.9962608814239502, -0.0834820419549942, 0.5604798197746277, 0.056716807186603546, 0.8262236714363098),
            ["Head"] = CFrame.new(1.30385160446167e-08, 8.940696716308594e-08, 5.960464477539063e-08, 0.9756099581718445, 0.05961897224187851, 0.2112603336572647, -0.11779709160327911, 0.9542913436889648, 0.27468547224998474, -0.18522745370864868, -0.2928715646266937, 0.9380389451980591),
            ["UpperTorso"] = CFrame.new(-1.1175870895385742e-08, 0, 3.725290298461914e-09, 0.9916232824325562, 0.054430585354566574, 0.1171354129910469, -0.06273918598890305, 0.9956797361373901, 0.0684523805975914, -0.11290338635444641, -0.07522793859243393, 0.9907540678977966),
            ["LeftUpperArm"] = CFrame.new(7.450580596923828e-08, -2.980232238769531e-07, 0, 0.06333062052726746, -0.4130120277404785, -0.9085209965705872, 0.05686568468809128, 0.9103628396987915, -0.4098852276802063, 0.9963711500167847, -0.025705356150865555, 0.08114004880189896),
            ["RightLowerArm"] = CFrame.new(-4.071846149145131e-08, -4.470348358154297e-08, -4.470348358154297e-08, 1, -5.215405707303944e-08, 1.1175870895385742e-08, 6.705522537231445e-08, 0.7732794284820557, -0.6340653896331787, 6.705522537231445e-08, 0.6340653300285339, 0.7732794880867004),
            ["LeftHand"] = CFrame.new(-1.30385160446167e-08, -1.1920928955078125e-07, 7.82310962677002e-08, 0.9731147289276123, -0.22959080338478088, 0.0183245912194252, 0.22638678550720215, 0.938818633556366, -0.2595546841621399, 0.04238785058259964, 0.25672492384910583, 0.9655545353889465),
            ["cam"] = CFrame.new(1.2203963994979858, 1.6011934280395508, -6.8213701248168945, -0.9689132571220398, 0.11880281567573547, 0.2170092612504959, 0.12947072088718414, 0.9909451603889465, 0.03556917980313301, -0.21081849932670593, 0.0625598281621933, -0.9755213856697083),
            ["RightFoot"] = CFrame.new(4.284083843231201e-08, 3.427267074584961e-07, -3.306195139884949e-08, 0.9885794520378113, 0.14955246448516846, -0.018569905310869217, -0.14989010989665985, 0.9885322451591492, -0.01835962012410164, 0.015611022710800171, 0.020933547988533974, 0.9996590614318848),
            ["RightUpperLeg"] = CFrame.new(1.4901161193847656e-08, -5.066394805908203e-07, -2.60770320892334e-08, 0.9789661765098572, -0.12235693633556366, -0.1632603108882904, 0.1399995982646942, 0.9849557876586914, 0.10130278021097183, 0.14840921759605408, -0.12202836573123932, 0.981368362903595),
            ["RightUpperArm"] = CFrame.new(-5.960464477539063e-08, -2.086162567138672e-07, -2.9802322387695312e-08, 0.0022464606445282698, 0.2764681577682495, 0.9610204696655273, -0.08380303531885147, 0.9576944708824158, -0.27531540393829346, -0.996479868888855, -0.07991794496774673, 0.025320280343294144)
        }},
        [5] = {Time = 0.067, Data = {
            ["LeftLowerArm"] = CFrame.new(3.026798367500305e-09, 1.4901161193847656e-07, 4.470348358154297e-08, 1, -7.078051567077637e-08, -1.4901161193847656e-08, 7.450581307466564e-08, 0.8576993942260742, -0.514151394367218, -9.313226634333205e-09, 0.5141514539718628, 0.8576995134353638),
            ["LeftFoot"] = CFrame.new(4.7497451305389404e-08, -1.341104507446289e-07, -1.1641532182693481e-08, 0.9929044246673584, -0.11891503632068634, 0.000020973619029973634, 0.11890777200460434, 0.992842435836792, -0.011178889311850071, 0.0013085778336971998, 0.011102034710347652, 0.9999375939369202),
            ["RightHand"] = CFrame.new(8.381903171539307e-08, 1.043081283569336e-07, 8.568167686462402e-08, 0.9898165464401245, 0.03267316520214081, -0.1385483741760254, -0.054018497467041016, 0.9867136478424072, -0.15322649478912354, 0.13170112669467926, 0.15915025770664215, 0.9784303903579712),
            ["HumanoidRootPart"] = CFrame.new(0, 0, 0, 1, 0, 0, 0, 1, 0, 0, 0, 1),
            ["RightLowerLeg"] = CFrame.new(-6.016304610056977e-07, -0.0008256137371063232, 0.0000273075420409441, 1, 1.4901155864777138e-08, -5.215405707303944e-08, 0, 0.9999825358390808, 0.00590542983263731, 3.492460010079412e-08, -0.005905492696911097, 0.9999825954437256),
            ["LeftUpperLeg"] = CFrame.new(-3.725290298461914e-08, -5.364418029785156e-07, 3.725290298461914e-08, 0.8176971077919006, 0.2561871409416199, 0.5154993534088135, -0.18607044219970703, 0.9650662541389465, -0.1844586879014969, -0.5447471141815186, 0.05491212010383606, 0.8368006944656372),
            ["LeftLowerLeg"] = CFrame.new(8.486225624437793e-07, -0.0008209645748138428, 0.000044599175453186035, 1, 1.1389616361157096e-08, 1.8317223293706775e-09, -1.712442276868842e-08, 0.9661362171173096, 0.2580328583717346, 1.4970285011628448e-09, -0.2580329477787018, 0.9661361575126648),
            ["LowerTorso"] = CFrame.new(0.00042137037962675095, -0.02626967430114746, -0.0005844896659255028, 0.8262476921081543, -0.06813003122806549, -0.5591717958450317, 0.022703101858496666, 0.9958800673484802, -0.08779226988554001, 0.5628492832183838, 0.05984321981668472, 0.8243904709815979),
            ["Head"] = CFrame.new(1.1175870895385742e-08, 2.384185791015625e-07, 5.960464477539063e-08, 0.9777041673660278, 0.08004280924797058, 0.19413359463214874, -0.1325353980064392, 0.9523133039474487, 0.2748345136642456, -0.1628774106502533, -0.2944362163543701, 0.9416890740394592),
            ["UpperTorso"] = CFrame.new(0, 0, -7.450580596923828e-09, 0.9911000728607178, 0.05487952008843422, 0.12128040194511414, -0.06397035717964172, 0.995323657989502, 0.07237879931926727, -0.11674126982688904, -0.07949300110340118, 0.9899759292602539),
            ["LeftUpperArm"] = CFrame.new(-1.341104507446289e-07, -2.9802322387695312e-08, -5.960464477539063e-08, 0.06547181308269501, -0.4130643606185913, -0.9083454608917236, 0.05766051262617111, 0.9103435277938843, -0.4098169505596161, 0.996187150478363, -0.025544190779328346, 0.08341927826404572),
            ["RightLowerArm"] = CFrame.new(-1.39006289145982e-07, -1.043081283569336e-07, -2.9802322387695312e-08, 1, -2.2351745343485163e-08, 2.980232594040899e-08, 7.450581307466564e-08, 0.7797771096229553, -0.6260574460029602, 6.519258732851085e-08, 0.6260573863983154, 0.7797770500183105),
            ["LeftHand"] = CFrame.new(2.7939677238464355e-08, 2.384185791015625e-07, -2.2724270820617676e-07, 0.9718466401100159, -0.23488764464855194, 0.018490789458155632, 0.23164713382720947, 0.9381955862045288, -0.2571549713611603, 0.043054476380348206, 0.25419846177101135, 0.9661933183670044),
            ["cam"] = CFrame.new(1.503040075302124, 1.6011934280395508, -6.751437187194824, -0.9571043848991394, 0.11590876430273056, 0.26554957032203674, 0.1298345923423767, 0.9909021854400635, 0.03543961048126221, -0.2590258717536926, 0.06839688867330551, -0.9634456634521484),
            ["RightFoot"] = CFrame.new(6.984919309616089e-08, 3.948807716369629e-07, -4.0512531995773315e-08, 0.9885978102684021, 0.14940422773361206, -0.01878228969871998, -0.14973339438438416, 0.9885706901550293, -0.017551584169268608, 0.015945427119731903, 0.020163893699645996, 0.99966961145401),
            ["RightUpperLeg"] = CFrame.new(1.2293457984924316e-07, -5.066394805908203e-07, 1.1175870895385742e-08, 0.9795302748680115, -0.12200501561164856, -0.16011016070842743, 0.13977408409118652, 0.9846185445785522, 0.10483135282993317, 0.14485736191272736, -0.12506471574306488, 0.9815167784690857),
            ["RightUpperArm"] = CFrame.new(-2.2351741790771484e-08, 2.384185791015625e-07, 2.9802322387695312e-08, 0.00422646664083004, 0.27677541971206665, 0.9609253406524658, -0.08516496419906616, 0.9575423002243042, -0.27542632818222046, -0.9963578581809998, -0.08067304641008377, 0.02761855535209179)
        }},
        [6] = {Time = 0.083, Data = {
            ["LeftLowerArm"] = CFrame.new(5.5209966376423836e-08, 1.9371509552001953e-07, -1.1920928955078125e-07, 1, -5.4016709327697754e-08, 1.4901161193847656e-08, 4.842878098543224e-08, 0.8624290823936462, -0.5061779022216797, 5.7742006731587026e-08, 0.5061778426170349, 0.8624290823936462),
            ["LeftFoot"] = CFrame.new(8.288770914077759e-08, 1.7136335372924805e-07, 5.3085386753082275e-08, 0.9928503632545471, -0.11936548352241516, 0.0004016696766484529, 0.11936099827289581, 0.9927705526351929, -0.012635566294193268, 0.0011095462832599878, 0.01259313989430666, 0.9999201893806458),
            ["RightHand"] = CFrame.new(-2.468004822731018e-08, 5.960464477539063e-08, -1.0989606380462646e-07, 0.9898046851158142, 0.03430791571736336, -0.1382375806570053, -0.05473531037569046, 0.987650990486145, -0.14679792523384094, 0.13149410486221313, 0.15286768972873688, 0.9794594049453735),
            ["HumanoidRootPart"] = CFrame.new(0, 0, 0, 1, 0, 0, 0, 1, 0, 0, 0, 1),
            ["RightLowerLeg"] = CFrame.new(-5.27358452018234e-07, -0.0008253753185272217, 0.000027412548661231995, 1, 0, -4.889442184463633e-09, 1.4901159417490817e-08, 0.9999825358390808, 0.005905392114073038, -6.938352470342579e-08, -0.005905579309910536, 0.9999825358390808),
            ["LeftUpperLeg"] = CFrame.new(-7.450580596923828e-09, -2.682209014892578e-07, -2.60770320892334e-08, 0.816439151763916, 0.2573918402194977, 0.5168913006782532, -0.1889503300189972, 0.9649616479873657, -0.1820627599954605, -0.5456417798995972, 0.05097641050815582, 0.8364667892456055),
            ["LeftLowerLeg"] = CFrame.new(8.393032544518064e-07, -0.0008208751678466797, 0.00004447251558303833, 1, 2.8323025702547966e-08, 1.338775867942843e-09, -1.3664246623079634e-08, 0.9656469821929932, 0.2598576545715332, 7.858033113095075e-10, -0.2598574757575989, 0.9656469225883484),
            ["LowerTorso"] = CFrame.new(0.0004213675856590271, -0.026269644498825073, -0.0005844859406352043, 0.8248646259307861, -0.07064726203680038, -0.5608986616134644, 0.023078959435224533, 0.9955421090126038, -0.0914519727230072, 0.5648590326309204, 0.0624905489385128, 0.822817862033844),
            ["Head"] = CFrame.new(2.60770320892334e-08, 5.960464477539063e-08, 2.9802322387695312e-08, 0.9789175987243652, 0.09733976423740387, 0.17956985533237457, -0.1449776440858841, 0.9504071474075317, 0.27515077590942383, -0.14388138055801392, -0.29538342356681824, 0.9444823265075684),
            ["UpperTorso"] = CFrame.new(2.60770320892334e-08, 1.1920928955078125e-07, -2.2351741790771484e-08, 0.9906425476074219, 0.05525156110525131, 0.12479840964078903, -0.06503234058618546, 0.9950072169303894, 0.0757070779800415, -0.11999233067035675, -0.08311459422111511, 0.9892895817756653),
            ["LeftUpperArm"] = CFrame.new(-1.4901161193847656e-08, 1.1920928955078125e-07, -8.940696716308594e-08, 0.06728631258010864, -0.4131085276603699, -0.9081926941871643, 0.058334026485681534, 0.9103273153305054, -0.4097575843334198, 0.9960270524024963, -0.02540738880634308, 0.08535078167915344),
            ["RightLowerArm"] = CFrame.new(-6.771903571234361e-08, -1.043081283569336e-07, -5.960464477539063e-08, 1, -3.725290653733282e-08, 1.1175872671742582e-08, 5.2154071283894154e-08, 0.7852299213409424, -0.6192044615745544, 4.4703490686970326e-08, 0.6192044615745544, 0.7852298617362976),
            ["LeftHand"] = CFrame.new(2.421438694000244e-08, -1.341104507446289e-07, 4.470348358154297e-08, 0.9707472920417786, -0.2393803894519806, 0.018621288239955902, 0.23611000180244446, 0.9376397728919983, -0.2551153004169464, 0.04360952600836754, 0.2520492374897003, 0.9667313694953918),
            ["cam"] = CFrame.new(1.7323116064071655, 1.6011934280395508, -6.694710731506348, -0.9457612633705139, 0.11334861069917679, 0.30444684624671936, 0.1301247775554657, 0.9908683896064758, 0.035321108996868134, -0.297663152217865, 0.07302141189575195, -0.9518742561340332),
            ["RightFoot"] = CFrame.new(3.725290298461914e-08, 2.905726432800293e-07, 1.0710209608078003e-08, 0.9886131286621094, 0.14928071200847626, -0.018959464505314827, -0.14960262179374695, 0.9886023998260498, -0.016864674165844917, 0.016225870698690414, 0.01950930617749691, 0.9996780753135681),
            ["RightUpperLeg"] = CFrame.new(1.4901161193847656e-08, -1.4901161193847656e-07, 4.470348358154297e-08, 0.9799998998641968, -0.12171350419521332, -0.15743623673915863, 0.13957257568836212, 0.9843237996101379, 0.10782545059919357, 0.14184430241584778, -0.12764275074005127, 0.9816250205039978),
            ["RightUpperArm"] = CFrame.new(-3.725290298461914e-08, 1.4901161193847656e-07, -8.940696716308594e-08, 0.005904219578951597, 0.27703699469566345, 0.960841178894043, -0.08631932735443115, 0.9574125409126282, -0.2755179703235626, -0.9962500929832458, -0.0813124030828476, 0.02956642024219036)
        }},
        [7] = {Time = 0.100, Data = {
            ["LeftLowerArm"] = CFrame.new(2.9889633879065514e-08, 7.450580596923828e-08, -1.341104507446289e-07, 1, -4.4703490686970326e-08, 1.1175870895385742e-08, 5.21540641784668e-08, 0.8664814829826355, -0.49920934438705444, -1.862645149230957e-09, 0.4992094337940216, 0.8664814829826355),
            ["LeftFoot"] = CFrame.new(6.05359673500061e-08, 5.21540641784668e-08, 5.3551048040390015e-09, 0.9928004145622253, -0.11977754533290863, 0.0009116276632994413, 0.11977855116128922, 0.9927036762237549, -0.01387954130768776, 0.0007576688076369464, 0.013888856396079063, 0.9999033212661743),
            ["RightHand"] = CFrame.new(-9.313225746154785e-10, -6.705522537231445e-08, 2.60770320892334e-07, 0.9897934198379517, 0.035727608948946, -0.13795872032642365, -0.05535968393087387, 0.9884315729141235, -0.14120350778102875, 0.13131779432296753, 0.14739958941936493, 0.9803208708763123),
            ["HumanoidRootPart"] = CFrame.new(0, 0, 0, 1, 0, 0, 0, 1, 0, 0, 0, 1),
            ["RightLowerLeg"] = CFrame.new(-4.95272331590968e-07, -0.0008259117603302002, 0.000027345726266503334, 1, -2.2351736461700966e-08, -2.3283059924494864e-09, -7.4505797087454084e-09, 0.9999825954437256, 0.005905468482524157, 1.88592803596066e-08, -0.005905587691813707, 0.9999825358390808),
            ["LeftUpperLeg"] = CFrame.new(-1.043081283569336e-07, 1.4901161193847656e-07, 2.2351741790771484e-08, 0.8154412508010864, 0.2583983838558197, 0.5179630517959595, -0.19146397709846497, 0.9648678302764893, -0.1799214631319046, -0.5462574362754822, 0.047544144093990326, 0.8362670540809631),
            ["LeftLowerLeg"] = CFrame.new(7.80302912062325e-07, -0.0008209049701690674, 0.00004461407661437988, 1, 3.525565617223947e-08, 3.7834979593753815e-09, -1.2310920283198357e-08, 0.9652313590049744, 0.2613973021507263, -1.1641532182693481e-09, -0.26139745116233826, 0.9652313590049744),
            ["LowerTorso"] = CFrame.new(0.00042136944830417633, -0.02626967430114746, -0.0005844896659255028, 0.8236575722694397, -0.07284042984247208, -0.562390148639679, 0.023398486897349358, 0.9952371120452881, -0.09463389962911606, 0.566604733467102, 0.06478682905435562, 0.8214389681816101),
            ["Head"] = CFrame.new(7.450580596923828e-09, 2.682209014892578e-07, 7.450580596923828e-08, 0.9795534014701843, 0.11232731491327286, 0.16690655052661896, -0.15572983026504517, 0.9485840797424316, 0.2755659222602844, -0.1273714005947113, -0.2959236800670624, 0.9466813802719116),
            ["UpperTorso"] = CFrame.new(-3.725290298461914e-09, 2.384185791015625e-07, 2.9802322387695312e-08, 0.9902349710464478, 0.055568210780620575, 0.12785492837429047, -0.06596805155277252, 0.994721531867981, 0.07859674841165543, -0.12281258404254913, -0.08626358211040497, 0.9886736869812012),
            ["LeftUpperArm"] = CFrame.new(-7.450580596923828e-08, -2.9802322387695312e-08, -5.960464477539063e-08, 0.06886056065559387, -0.41314661502838135, -0.9080573916435242, 0.05891835317015648, 0.9103133678436279, -0.4097050428390503, 0.9958849549293518, -0.02528868056833744, 0.08702658116817474),
            ["RightLowerArm"] = CFrame.new(-1.1844846170561141e-07, -4.470348358154297e-07, 8.940696716308594e-08, 1, -7.823110337312755e-08, 2.9802322387695312e-08, 4.4703490686970326e-08, 0.7899224758148193, -0.6132068037986755, 6.519258732851085e-08, 0.6132068634033203, 0.7899224162101746),
            ["LeftHand"] = CFrame.new(1.3783574104309082e-07, -8.195638656616211e-08, 7.450580596923828e-09, 0.969774603843689, -0.24328292906284332, 0.01872684247791767, 0.239987313747406, 0.9371365308761597, -0.2533405125141144, 0.04408381134271622, 0.2501773536205292, 0.9671958684921265),
            ["cam"] = CFrame.new(1.926223635673523, 1.6011934280395508, -6.646732330322266, -0.9349572658538818, 0.11103978753089905, 0.33693504333496094, 0.13036617636680603, 0.9908404350280762, 0.035211727023124695, -0.32993894815444946, 0.0768464207649231, -0.9408692121505737),
            ["RightFoot"] = CFrame.new(-3.725290298461914e-08, 3.5762786865234375e-07, -3.3760443329811096e-08, 0.9886261820793152, 0.1491752564907074, -0.01911071501672268, -0.14949007332324982, 0.9886294007301331, -0.01626717671751976, 0.016466913744807243, 0.018939098343253136, 0.9996850490570068),
            ["RightUpperLeg"] = CFrame.new(1.043081283569336e-07, 1.4901161193847656e-07, -3.3527612686157227e-08, 0.9804012179374695, -0.12146524339914322, -0.15511225163936615, 0.1393897533416748, 0.9840611219406128, 0.11042733490467072, 0.13922671973705292, -0.1298840492963791, 0.9817056655883789),
            ["RightUpperArm"] = CFrame.new(7.450580596923828e-09, -2.9802322387695312e-08, 0, 0.007359870709478855, 0.277264803647995, 0.9607654213905334, -0.08732105046510696, 0.9572994112968445, -0.27559560537338257, -0.9961530566215515, -0.08186665922403336, 0.031256549060344696)
        }},
        [8] = {Time = 0.117, Data = {
            ["LeftLowerArm"] = CFrame.new(-8.373172022402287e-08, 1.043081283569336e-07, 1.9371509552001953e-07, 1, -9.126962652317161e-08, -2.980232594040899e-08, 5.960465188081798e-08, 0.870010256767273, -0.4930337369441986, 3.539026138810186e-08, 0.49303367733955383, 0.870010256767273),
            ["LeftFoot"] = CFrame.new(8.009374141693115e-08, -1.4901161193847656e-08, 3.4458935260772705e-08, 0.9927533864974976, -0.12016060948371887, 0.001536031486466527, 0.12017012387514114, 0.9926406741142273, -0.014958427287638187, 0.00027256019529886544, 0.015034581534564495, 0.9998869895935059),
            ["RightHand"] = CFrame.new(-4.6100467443466187e-08, 9.685754776000977e-08, 1.9371509552001953e-07, 0.9897826313972473, 0.036979030817747116, -0.137705996632576, -0.05591132491827011, 0.9890936613082886, -0.13626383244991302, 0.13116517663002014, 0.1425708830356598, 0.9810552597045898),
            ["HumanoidRootPart"] = CFrame.new(0, 0, 0, 1, 0, 0, 0, 1, 0, 0, 0, 1),
            ["RightLowerLeg"] = CFrame.new(-5.783917913504411e-07, -0.000825732946395874, 0.00002736481837928295, 1, -7.450578820566989e-09, -9.126959099603482e-08, 0, 0.9999825358390808, 0.005905518773943186, -3.480818122625351e-08, -0.005905624944716692, 0.9999825358390808),
            ["LeftUpperLeg"] = CFrame.new(5.21540641784668e-08, -8.940696716308594e-08, -9.313225746154785e-09, 0.8146557211875916, 0.2592499852180481, 0.5187731981277466, -0.19368939101696014, 0.9647841453552246, -0.1779777556657791, -0.5466448068618774, 0.04450974985957146, 0.8361807465553284),
            ["LeftLowerLeg"] = CFrame.new(8.351563565156539e-07, -0.0008210837841033936, 0.00004458427429199219, 1, 3.0762748792767525e-08, 6.199115887284279e-09, -1.5919793483476496e-08, 0.9648728966712952, 0.26271718740463257, 1.979060249013287e-09, -0.26271727681159973, 0.9648728966712952),
            ["LowerTorso"] = CFrame.new(0.0004213675856590271, -0.02626962959766388, -0.0005844868719577789, 0.8225888013839722, -0.0747789815068245, -0.5636983513832092, 0.02367478236556053, 0.9949597716331482, -0.09744123369455338, 0.5681436061859131, 0.06680862605571747, 0.8202131390571594),
            ["Head"] = CFrame.new(0, -2.384185791015625e-07, 5.960464477539063e-08, 0.9797928333282471, 0.1254972666501999, 0.15574494004249573, -0.16515617072582245, 0.946850597858429, 0.27603891491889954, -0.11282508820295334, -0.2961830496788025, 0.9484440088272095),
            ["UpperTorso"] = CFrame.new(1.4901161193847656e-08, -1.1920928955078125e-07, -2.2351741790771484e-08, 0.9898679852485657, 0.05584234371781349, 0.13054965436458588, -0.06680311262607574, 0.9944612979888916, 0.08114312589168549, -0.12529540061950684, -0.08904211223125458, 0.9881157279014587),
            ["LeftUpperArm"] = CFrame.new(4.470348358154297e-08, -2.682209014892578e-07, -5.960464477539063e-08, 0.07024591416120529, -0.41318005323410034, -0.9079360961914062, 0.059432581067085266, 0.9103010892868042, -0.4096579849720001, 0.9957576394081116, -0.02518409490585327, 0.0885012298822403),
            ["RightLowerArm"] = CFrame.new(-1.2330754373124364e-07, 2.086162567138672e-07, 5.960464477539063e-08, 1, -5.587936158235607e-08, 2.980232594040899e-08, 4.470348358154297e-08, 0.7940248847007751, -0.6078853607177734, 5.960464477539063e-08, 0.6078853607177734, 0.7940248847007751),
            ["LeftHand"] = CFrame.new(1.0244548320770264e-07, -6.705522537231445e-08, 1.1175870895385742e-08, 0.9689034223556519, -0.24672327935695648, 0.018813835456967354, 0.24340593814849854, 0.9366769790649414, -0.25177350640296936, 0.04449589177966118, 0.24852359294891357, 0.9676033854484558),
            ["cam"] = CFrame.new(2.094083070755005, 1.6011934280395508, -6.605199813842773, -0.9247270822525024, 0.10893861204385757, 0.36470845341682434, 0.13057184219360352, 0.9908170104026794, 0.03511039540171623, -0.3575344383716583, 0.08008825778961182, -0.9304595589637756),
            ["RightFoot"] = CFrame.new(4.284083843231201e-08, 4.172325134277344e-07, -1.6065314412117004e-08, 0.988637387752533, 0.14908352494239807, -0.019242344424128532, -0.14939208328723907, 0.988652765750885, -0.01573951169848442, 0.016677426174283028, 0.018435413017868996, 0.9996910095214844),
            ["RightUpperLeg"] = CFrame.new(-1.862645149230957e-08, -3.8743019104003906e-07, -1.862645149230957e-08, 0.9807499051094055, -0.1212504431605339, -0.15306249260902405, 0.13922271132469177, 0.9838246703147888, 0.1127217710018158, 0.13691912591457367, -0.1318615972995758, 0.9817666411399841),
            ["RightUpperArm"] = CFrame.new(7.450580596923828e-09, -1.4901161193847656e-07, -5.960464477539063e-08, 0.008641012012958527, 0.27746593952178955, 0.9606966376304626, -0.08820286393165588, 0.9571992754936218, -0.27566248178482056, -0.996065080165863, -0.08235420286655426, 0.032744407653808594)
        }},
        [9] = {Time = 0.133, Data = {
            ["LeftLowerArm"] = CFrame.new(-5.471520125865936e-09, -1.043081283569336e-07, -8.940696716308594e-08, 1, -1.4901161193847656e-08, 1.1175870895385742e-08, 2.980232594040899e-08, 0.873116135597229, -0.4875122904777527, 2.0489098417897367e-08, 0.4875122904777527, 0.8731161952018738),
            ["LeftFoot"] = CFrame.new(3.725290298461914e-09, 1.1175870895385742e-07, -5.995389074087143e-08, 0.9927082657814026, -0.12052082270383835, 0.0022655639331787825, 0.12054169923067093, 0.9925808906555176, -0.01590489037334919, -0.0003318205417599529, 0.016062015667557716, 0.9998709559440613),
            ["RightHand"] = CFrame.new(5.029141902923584e-08, -8.940696716308594e-08, 1.4901161193847656e-07, 0.9897724986076355, 0.03809250518679619, -0.13747553527355194, -0.056403324007987976, 0.9896622896194458, -0.13186123967170715, 0.13103142380714417, 0.13826672732830048, 0.9816889762878418),
