return {
    ["My Idol"] = {
        {Time = 0.000, Data = {
            ["RightFoot"] = CFrame.new(-2.2351741790771484e-08, 2.980232238769531e-07, 3.149762051180005e-08, 0.9997408390045166, 0.022103438153862953, -0.005468203220516443, -0.02276972122490406, 0.9702309370040894, -0.2411089986562729, -0.000023793556465534493, 0.24117109179496765, 0.9704827070236206),
            ["LeftLowerArm"] = CFrame.new(0.0000018477439880371094, -7.748603820800781e-07, 4.5634806156158447e-07, 1, -5.960463766996327e-08, 7.450577932388569e-09, 8.940698137394065e-08, 0.7866206169128418, -0.6174367070198059, 1.4901162970204496e-08, 0.6174366474151611, 0.7866206169128418),
            ["RightUpperArm"] = CFrame.new(-3.5762786865234375e-07, -0.000001430511474609375, -2.3748725652694702e-08, 0.5295135974884033, -0.18858495354652405, 0.8270737528800964, 0.6755781173706055, -0.4959031343460083, -0.5455954074859619, 0.5130395889282227, 0.8476531505584717, -0.13518370687961578),
            ["Head"] = CFrame.new(-1.4621764421463013e-07, -3.5762786865234375e-07, -3.562308847904205e-08, 0.992910623550415, 0.1182473748922348, 0.012085804715752602, -0.11335307359695435, 0.9113740921020508, 0.3956619203090668, 0.035771291702985764, -0.39422693848609924, 0.9183167815208435),
            ["RightHand"] = CFrame.new(-5.960464477539062e-07, 0, 1.1920928955078125e-07, 0.8860108256340027, 0.12053687870502472, 0.44772276282310486, -0.11636391282081604, 0.9925197958946228, -0.03693241626024246, -0.4488253891468048, -0.019376251846551895, 0.8934094905853271),
            ["UpperTorso"] = CFrame.new(6.05359673500061e-09, -2.682209014892578e-07, 7.82310962677002e-08, 0.9129922389984131, 0.02660045586526394, 0.40710896253585815, -0.07902584224939346, 0.9905036687850952, 0.11250584572553635, -0.4002501666545868, -0.13488906621932983, 0.9064242243766785),
            ["HumanoidRootPart"] = CFrame.new(0, 0, 0, 1, 0, 0, 0, 1, 0, 0, 0, 1),
            ["RightUpperLeg"] = CFrame.new(5.960464477539063e-08, 5.401670932769775e-07, -6.129994289949536e-08, 0.9771947264671326, 0.03529556840658188, -0.20939171314239502, 0.058142583817243576, 0.9039297699928284, 0.42371025681495667, 0.20423050224781036, -0.42622193694114685, 0.8812631964683533),
            ["LeftUpperArm"] = CFrame.new(-1.1920928955078125e-07, 5.960464477539062e-07, -2.1420419216156006e-08, 0.5633552670478821, 0.13792560994625092, -0.8146209120750427, -0.6802524328231812, -0.48215964436531067, -0.552067756652832, -0.46892160177230835, 0.865158200263977, -0.17780308425426483),
            ["RightLowerArm"] = CFrame.new(-8.344650268554688e-07, 4.76837158203125e-07, 5.960464477539063e-08, 1, 1.4901161193847656e-08, 2.2351747119842003e-08, 2.980232594040899e-08, 0.8587850332260132, -0.5123361349105835, 7.450581485102248e-09, 0.5123361349105835, 0.8587849736213684),
            ["LeftHand"] = CFrame.new(0, 2.384185791015625e-07, -4.470348358154297e-07, 0.857741117477417, -0.22189907729625702, -0.4637252688407898, 0.2468327283859253, 0.9690318703651428, -0.00713496096432209, 0.45094773173332214, -0.10834252834320068, 0.8859504461288452),
            ["LeftFoot"] = CFrame.new(4.470348358154297e-08, -5.960464477539063e-08, 1.30385160446167e-08, 0.9963414072990417, -0.08443424850702286, -0.013222347013652325, 0.08447207510471344, 0.9964231252670288, 0.0023230165243148804, 0.012979010120034218, -0.003431088989600539, 0.9999099373817444),
            ["LowerTorso"] = CFrame.new(-0.036150213330984116, -0.046263694763183594, 0.02586982026696205, 0.9153134822845459, -0.09755855053663254, -0.390747606754303, 0.014363759197294712, 0.9775078892707825, -0.2104092836380005, 0.40248608589172363, 0.1869778335094452, 0.896127462387085),
            ["RightLowerLeg"] = CFrame.new(-5.21540641784668e-08, -0.000003993511199951172, -0.0000133199428091757, 1, -3.3527619791584584e-08, 1.7695125364980413e-08, 1.4901159417490817e-08, 0.999984085559845, 0.005650332663208246, 1.7229465854029513e-08, -0.005650678183883429, 0.9999840259552002),
            ["LeftUpperLeg"] = CFrame.new(-5.960464477539063e-08, 2.384185791015625e-07, 4.470348358154297e-08, 0.9651368856430054, 0.1757483184337616, 0.19396750628948212, -0.15198732912540436, 0.9796159863471985, -0.13134831190109253, -0.2130979746580124, 0.097288578748703, 0.9721750020980835),
            ["LeftLowerLeg"] = CFrame.new(5.960464477539063e-08, 0.000004172325134277344, 0.000013284385204315186, 1, 8.568167686462402e-08, -1.0128132110764909e-08, -8.381902460996571e-08, 0.9478996396064758, 0.3185690939426422, -1.4901159417490817e-08, -0.31856927275657654, 0.9478996396064758),
        }},
        {Time = 0.033, Data = {
            ["RightFoot"] = CFrame.new(-5.587935447692871e-09, 5.960464477539063e-08, -2.0656443666666746e-08, 0.9997761249542236, 0.020555395632982254, -0.005032230168581009, -0.021133694797754288, 0.9573749899864197, -0.2880735993385315, -0.0011036306386813521, 0.2881157100200653, 0.9575951099395752),
            ["LeftLowerArm"] = CFrame.new(0.000002682209014892578, -8.344650268554688e-07, 3.1478703022003174e-07, 1, -4.470347292340193e-08, 5.587932605521928e-08, 8.195637946073475e-08, 0.787109375, -0.6168135404586792, 7.4505797087454084e-09, 0.6168134212493896, 0.787109375),
            ["RightUpperArm"] = CFrame.new(-4.172325134277344e-07, -8.344650268554688e-07, -7.497146725654602e-08, 0.524131178855896, -0.1926889419555664, 0.8295525908470154, 0.662081241607666, -0.5204761028289795, -0.5392152070999146, 0.5356631278991699, 0.8318506479263306, -0.145222008228302),
            ["Head"] = CFrame.new(-1.5867408365011215e-07, -2.384185791015625e-07, -3.6670826375484467e-08, 0.99298095703125, 0.11720454692840576, 0.015871165320277214, -0.11241808533668518, 0.8935773372650146, 0.43460530042648315, 0.03675559535622597, -0.4333389699459076, 0.9004812240600586),
            ["RightHand"] = CFrame.new(-1.7881393432617188e-07, 1.1920928955078125e-07, -5.960464477539063e-08, 0.8851941823959351, 0.11997362971305847, 0.44948601722717285, -0.11552490293979645, 0.9925991296768188, -0.037428949028253555, -0.45064985752105713, -0.01879490166902542, 0.8925029635429382),
            ["UpperTorso"] = CFrame.new(7.35744833946228e-08, -2.384185791015625e-07, 8.568167686462402e-08, 0.9133532643318176, 0.024279935285449028, 0.4064434766769409, -0.08252431452274323, 0.9885414838790894, 0.12639427185058594, -0.39871740341186523, -0.14898410439491272, 0.9048912525177002),
            ["HumanoidRootPart"] = CFrame.new(0, 0, 0, 1, 0, 0, 0, 1, 0, 0, 0, 1),
            ["RightUpperLeg"] = CFrame.new(1.7881393432617188e-07, 7.078051567077637e-08, 1.3205863069742918e-08, 0.9771733283996582, 0.025429431349039078, -0.2109159678220749, 0.05677279084920883, 0.9254444241523743, 0.3746057450771332, 0.2047170102596283, -0.37802910804748535, 0.9028759598731995),
            ["LeftUpperArm"] = CFrame.new(-1.1920928955078125e-07, 9.5367431640625e-07, -1.6298145055770874e-08, 0.5641204714775085, 0.13400553166866302, -0.8147456645965576, -0.666461706161499, -0.5086151957511902, -0.5451050400733948, -0.4874391555786133, 0.8505016565322876, -0.19761085510253906),
            ["RightLowerArm"] = CFrame.new(-2.9802322387695312e-08, 4.172325134277344e-07, 2.2351741790771484e-08, 1, 1.4901154088420299e-08, 2.980232594040899e-08, 1.1920930376163597e-07, 0.8598373532295227, -0.5105680823326111, -2.2351745343485163e-08, 0.5105680823326111, 0.8598373532295227),
            ["LeftHand"] = CFrame.new(-2.9802322387695312e-08, 2.384185791015625e-07, -6.556510925292969e-07, 0.8637946844100952, -0.19570007920265198, -0.46428489685058594, 0.21903707087039948, 0.9757093787193298, -0.003754945006221533, 0.45374181866645813, -0.09845201671123505, 0.8856780529022217),
            ["LeftFoot"] = CFrame.new(0, 5.960464477539063e-08, -3.003515303134918e-08, 0.9963073134422302, -0.08477827906608582, -0.013579693622887135, 0.08477697521448135, 0.9963998198509216, -0.000679916120134294, 0.013588455505669117, -0.00047376216389238834, 0.9999076128005981),
            ["LowerTorso"] = CFrame.new(-0.03672792762517929, -0.04861569404602051, 0.03151172026991844, 0.9152314066886902, -0.10129992663860321, -0.3899870216846466, 0.015666646882891655, 0.9760956764221191, -0.21677599847316742, 0.4026239812374115, 0.19229039549827576, 0.8949404954910278),
            ["RightLowerLeg"] = CFrame.new(2.421438694000244e-08, -0.000003516674041748047, -0.0000133199428091757, 1, -1.303851426825986e-08, -1.862644971595273e-08, 9.313226634333205e-09, 0.9934322834014893, 0.11442111432552338, 6.565824861581859e-08, -0.11442150920629501, 0.9934324026107788),
            ["LeftUpperLeg"] = CFrame.new(-5.960464477539063e-08, -4.991888999938965e-07, 5.960464477539063e-08, 0.9648401141166687, 0.1795281171798706, 0.1919720321893692, -0.15503919124603271, 0.9785199761390686, -0.13587336242198944, -0.21224160492420197, 0.10133286565542221, 0.9719491004943848),
            ["LeftLowerLeg"] = CFrame.new(-2.2351741790771484e-08, 0.000003993511199951172, 0.000013224780559539795, 1, -3.213063237694769e-08, 7.043127858707976e-09, 1.1175872671742582e-08, 0.9434130787849426, 0.3316197097301483, -1.1175872671742582e-08, -0.33161988854408264, 0.9434131979942322),
        }},
        {Time = 0.067, Data = {
            ["RightFoot"] = CFrame.new(-9.313225746154785e-09, 4.172325134277344e-07, 7.620110409334302e-08, 0.9997935891151428, 0.01974388398230076, -0.00479787215590477, -0.020270658656954765, 0.9530490040779114, -0.30213668942451477, -0.0013924249215051532, 0.302171915769577, 0.9532526135444641),
            ["LeftLowerArm"] = CFrame.new(0.0000022649765014648438, 4.172325134277344e-07, -2.738088369369507e-07, 1, -1.0430809993522416e-07, 0, 9.685756197086448e-08, 0.7875170111656189, -0.6162928938865662, -1.4901162970204496e-08, 0.6162929534912109, 0.7875170707702637),
            ["RightUpperArm"] = CFrame.new(-3.5762786865234375e-07, -0.0000011920928955078125, -8.195638656616211e-08, 0.5151219964027405, -0.20003364980220795, 0.8334482908248901, 0.6479461193084717, -0.5456601977348328, -0.5314327478408813, 0.5610840320587158, 0.8137822151184082, -0.15147048234939575),
            ["Head"] = CFrame.new(-1.7561251297593117e-07, -8.344650268554688e-07, -7.275957614183426e-08, 0.9931543469429016, 0.11512479931116104, 0.019767219200730324, -0.1108151525259018, 0.8750849962234497, 0.4711117744445801, 0.03693864867091179, -0.47007712721824646, 0.8818520903587341),
            ["RightHand"] = CFrame.new(-2.682209014892578e-07, -6.556510925292969e-07, 1.4901161193847656e-07, 0.8845826387405396, 0.12017738819122314, 0.4506339132785797, -0.11554549634456635, 0.9925792217254639, -0.03789326548576355, -0.4518437087535858, -0.01854899525642395, 0.8919042944908142),
            ["UpperTorso"] = CFrame.new(1.6763806343078613e-08, -2.086162567138672e-07, 3.3527612686157227e-08, 0.9136812090873718, 0.021666331216692924, 0.40585392713546753, -0.08603011816740036, 0.9862611293792725, 0.1410246640443802, -0.39722245931625366, -0.1637672483921051, 0.9029921293258667),
            ["HumanoidRootPart"] = CFrame.new(0, 0, 0, 1, 0, 0, 0, 1, 0, 0, 0, 1),
            ["RightUpperLeg"] = CFrame.new(0, 4.470348358154297e-08, -1.6952981241047382e-09, 0.9772680401802063, 0.023977411910891533, -0.21064750850200653, 0.054444313049316406, 0.9318791031837463, 0.3586603105068207, 0.20489734411239624, -0.3619759678840637, 0.9093902111053467),
            ["LeftUpperArm"] = CFrame.new(0, 5.960464477539062e-07, -2.60770320892334e-08, 0.5696452260017395, 0.12979885935783386, -0.8115766644477844, -0.6464622616767883, -0.5390104055404663, -0.5399577617645264, -0.5075340867042542, 0.8322380185127258, -0.22313465178012848),
            ["RightLowerArm"] = CFrame.new(-1.7881393432617188e-07, -3.5762786865234375e-07, 6.835907697677612e-07, 1, -1.1920926112907182e-07, 2.980232594040899e-08, 4.470347647611561e-08, 0.8616371154785156, -0.507524847984314, 2.9802318834981634e-08, 0.507524847984314, 0.8616371750831604),
            ["LeftHand"] = CFrame.new(6.556510925292969e-07, -6.556510925292969e-07, -5.364418029785156e-07, 0.8708021640777588, -0.15953746438026428, -0.46502846479415894, 0.17735567688941956, 0.9841314554214478, -0.005514027085155249, 0.4585288166999817, -0.07767379283905029, 0.8852786421775818),
            ["LeftFoot"] = CFrame.new(1.30385160446167e-08, -5.960464477539063e-08, 2.5727786123752594e-08, 0.9962911605834961, -0.08492493629455566, -0.013850796036422253, 0.08472736179828644, 0.9963018894195557, -0.014278367161750793, 0.015012298710644245, 0.01305206399410963, 0.9998021721839905),
            ["LowerTorso"] = CFrame.new(-0.03773900493979454, -0.053697824478149414, 0.03554162010550499, 0.914979875087738, -0.10438809543848038, -0.3897626996040344, 0.017798278480768204, 0.9754570126533508, -0.21946954727172852, 0.4031067490577698, 0.1938730925321579, 0.8943815231323242),
            ["RightLowerLeg"] = CFrame.new(5.587935447692871e-08, -0.0000037550926208496094, -0.000013275239325594157, 1, -9.499491682163352e-08, 2.51457130673316e-08, -1.1175870895385742e-08, 0.9888095259666443, 0.1491834819316864, 1.3969838619232178e-09, -0.14918403327465057, 0.9888095855712891),
            ["LeftUpperLeg"] = CFrame.new(-1.1920928955078125e-07, 1.7881393432617188e-07, 2.9802322387695312e-08, 0.9644010663032532, 0.1859760582447052, 0.18799863755702972, -0.15794184803962708, 0.9752758741378784, -0.15456832945346832, -0.2120966613292694, 0.11937295645475388, 0.9699305295944214),
            ["LeftLowerLeg"] = CFrame.new(8.195638656616211e-08, 0.000003814697265625, 0.000013269484043121338, 1, 5.098991096019745e-08, -2.0954759705205106e-08, 2.980232594040899e-08, 0.9312248826026917, 0.3644450008869171, -5.960465188081798e-08, -0.3644450008869171, 0.9312249422073364),
        }},
        {Time = 0.100, Data = {
            ["RightFoot"] = CFrame.new(2.7474015951156616e-08, 2.980232238769531e-07, 1.6952981241047382e-09, 0.9998590350151062, 0.01633715257048607, -0.003889014944434166, -0.016733534634113312, 0.9496363997459412, -0.31290680170059204, -0.0014187605120241642, 0.31292811036109924, 0.9497758746147156),
            ["LeftLowerArm"] = CFrame.new(0.0000011622905731201172, -5.364418029785156e-07, -2.086162567138672e-07, 1, -1.043081283569336e-07, -3.725290742551124e-09, 1.1920931797249068e-07, 0.7877624034881592, -0.6159793138504028, 1.4901164746561335e-08, 0.6159792542457581, 0.7877624034881592),
            ["RightUpperArm"] = CFrame.new(-2.384185791015625e-07, -8.344650268554688e-07, -6.123445928096771e-08, 0.5072851181030273, -0.205839142203331, 0.8368344902992249, 0.629882276058197, -0.5741580724716187, -0.5230593681335449, 0.5881413221359253, 0.7924473285675049, -0.16160762310028076),
            ["Head"] = CFrame.new(-1.3879616744816303e-07, 2.384185791015625e-07, -4.650792106986046e-08, 0.9934349060058594, 0.11193746328353882, 0.023602508008480072, -0.10860954970121384, 0.8580682277679443, 0.5019192695617676, 0.03593100234866142, -0.5011876225471497, 0.8645923733711243),
            ["RightHand"] = CFrame.new(-5.662441253662109e-07, -5.960464477539062e-07, 2.9802322387695312e-08, 0.8843294382095337, 0.12078893184661865, 0.4509674310684204, -0.11610781401395798, 0.9925035834312439, -0.03815329447388649, -0.45219531655311584, -0.01862083002924919, 0.8917246460914612),
            ["UpperTorso"] = CFrame.new(3.725290298461914e-08, -2.682209014892578e-07, -1.30385160446167e-07, 0.9140152931213379, 0.018859393894672394, 0.4052412807941437, -0.08954566717147827, 0.9836596250534058, 0.1561906784772873, -0.3956737518310547, -0.17904828488826752, 0.9007686376571655),
            ["HumanoidRootPart"] = CFrame.new(0, 0, 0, 1, 0, 0, 0, 1, 0, 0, 0, 1),
            ["RightUpperLeg"] = CFrame.new(5.960464477539063e-08, 1.825392246246338e-07, -7.620110409334302e-08, 0.9773222804069519, 0.026310481131076813, -0.21011680364608765, 0.04654991626739502, 0.9412858486175537, 0.33438608050346375, 0.206577867269516, -0.3365839719772339, 0.9187147617340088),
            ["LeftUpperArm"] = CFrame.new(-1.1920928955078125e-07, 0.000001430511474609375, -5.820766091346741e-09, 0.5764880776405334, 0.12631653249263763, -0.8072828650474548, -0.6236255764961243, -0.5703624486923218, -0.5345820784568787, -0.5279703140258789, 0.8116223216056824, -0.25003302097320557),
            ["RightLowerArm"] = CFrame.new(-8.642673492431641e-07, 5.960464477539062e-07, 3.4086406230926514e-07, 1, -7.450579886381092e-08, -1.4901159417490817e-08, 5.960462345910855e-08, 0.8640409111976624, -0.5034216642379761, 2.2351734685344127e-08, 0.5034217238426208, 0.8640408515930176),
            ["LeftHand"] = CFrame.new(5.066394805908203e-07, 5.960464477539062e-07, -6.854534149169922e-07, 0.8764888644218445, -0.1140897125005722, -0.46770840883255005, 0.12257381528615952, 0.992382287979126, -0.012371127493679523, 0.46555688977241516, -0.046485599130392075, 0.8837963342666626),
            ["LeftFoot"] = CFrame.new(3.166496753692627e-08, -5.960464477539063e-08, 1.4668330550193787e-08, 0.9961787462234497, -0.08609466999769211, -0.014685988426208496, 0.08569315075874329, 0.9959803819656372, -0.026075471192598343, 0.016872204840183258, 0.02471758797764778, 0.9995521306991577),
            ["LowerTorso"] = CFrame.new(-0.03846149891614914, -0.06082916259765625, 0.04709400609135628, 0.9145075082778931, -0.1068633571267128, -0.3902004063129425, 0.021829478442668915, 0.9761129021644592, -0.2161645144224167, 0.40397974848747253, 0.18916617333889008, 0.8949952721595764),
            ["RightLowerLeg"] = CFrame.new(7.82310962677002e-08, -0.000003814697265625, -0.000013349745131563395, 1, -1.862645326866641e-08, 7.078052988163108e-08, 7.823108916227284e-08, 0.9830161929130554, 0.18351870775222778, 3.073364140959711e-08, -0.18351899087429047, 0.983016312122345),
            ["LeftUpperLeg"] = CFrame.new(-1.1920928955078125e-07, 2.812594175338745e-07, -7.450580596923828e-08, 0.9633850455284119, 0.1967061161994934, 0.1821974813938141, -0.16252227127552032, 0.9688832759857178, -0.18668627738952637, -0.21325066685676575, 0.15023955702781677, 0.9653767943382263),
            ["LeftLowerLeg"] = CFrame.new(-2.9802322387695312e-08, 0.000003933906555175781, 0.000013366341590881348, 1, -3.4633567125297304e-09, -3.7718578482781595e-08, -3.725290298461914e-08, 0.9156650900840759, 0.40194231271743774, -3.725290298461914e-09, -0.4019422233104706, 0.9156649708747864),
        }},
        {Time = 0.133, Data = {
            ["RightFoot"] = CFrame.new(4.6566128730773926e-09, 4.172325134277344e-07, -1.3205863069742918e-08, 0.99992436170578, 0.011987470090389252, -0.0027732194866985083, -0.012215293012559414, 0.9401093125343323, -0.3406539559364319, -0.0014764328952878714, 0.3406624495983124, 0.9401846528053284),
            ["LeftLowerArm"] = CFrame.new(0.0000010728836059570312, -0.0000010728836059570312, -1.30385160446167e-07, 1, -8.940694584680386e-08, 7.450577754752885e-08, 5.960463766996327e-08, 0.7878454923629761, -0.6158729791641235, 2.9802318834981634e-08, 0.6158729791641235, 0.7878454327583313),
            ["RightUpperArm"] = CFrame.new(-2.980232238769531e-07, -3.5762786865234375e-07, -6.143818609416485e-08, 0.5019426941871643, -0.20942817628383636, 0.8391624093055725, 0.6094589233398438, -0.6027873754501343, -0.5149827599525452, 0.6136882901191711, 0.7699268460273743, -0.17492686212062836),
            ["Head"] = CFrame.new(-1.4583974916604348e-07, 3.5762786865234375e-07, -6.416848918888718e-08, 0.9937259554862976, 0.10845385491847992, 0.027323337271809578, -0.10649394989013672, 0.8428844809532166, 0.5274512767791748, 0.03417369723320007, -0.5270518064498901, 0.8491458296775818),
            ["RightHand"] = CFrame.new(-5.960464477539063e-08, -9.5367431640625e-07, 3.8743019104003906e-07, 0.8839210271835327, 0.12138520181179047, 0.45160752534866333, -0.11669493466615677, 0.9924273490905762, -0.03834523633122444, -0.45284217596054077, -0.0188060961663723, 0.8913923501968384),
            ["UpperTorso"] = CFrame.new(7.450580596923828e-08, 5.960464477539063e-08, 6.332993507385254e-08, 0.9142627120018005, 0.015701333060860634, 0.4048176407814026, -0.09279487282037735, 0.9807987213134766, 0.17153170704841614, -0.3943513333797455, -0.19438999891281128, 0.8981646299362183),
            ["HumanoidRootPart"] = CFrame.new(0, 0, 0, 1, 0, 0, 0, 1, 0, 0, 0, 1),
            ["RightUpperLeg"] = CFrame.new(5.960464477539063e-08, 3.3527612686157227e-07, 1.0261283023282886e-07, 0.9772868156433105, 0.0263938270509243, -0.21027086675167084, 0.03480888530611992, 0.9587453007698059, 0.28212714195251465, 0.20904254913330078, -0.2830386459827423, 0.9360504746437073),
            ["LeftUpperArm"] = CFrame.new(0, 0.0000016689300537109375, -3.349850885570049e-08, 0.5809180736541748, 0.12414103001356125, -0.8044397830963135, -0.6040173172950745, -0.5967335104942322, -0.5282729268074036, -0.5456165075302124, 0.7927788496017456, -0.2716699242591858),
            ["RightLowerArm"] = CFrame.new(8.344650268554688e-07, -7.748603820800781e-07, 1.564621925354004e-07, 1, -1.1920923270736239e-07, 7.450578820566989e-09, 1.043080928297968e-07, 0.8661348223686218, -0.49981051683425903, 5.21540464148984e-08, 0.4998105466365814, 0.8661348223686218),
            ["LeftHand"] = CFrame.new(5.960464477539062e-07, 3.5762786865234375e-07, -4.470348358154297e-07, 0.8781922459602356, -0.05996990203857422, -0.4745336174964905, 0.05544208735227585, 0.998184323310852, -0.02354354038834572, 0.4750838577747345, -0.00563333323225379, 0.8799225091934204),
            ["LeftFoot"] = CFrame.new(-5.029141902923584e-08, 0, -7.078051567077637e-08, 0.996056854724884, -0.08730505406856537, -0.015767870470881462, 0.08669144660234451, 0.99558025598526, -0.036120668053627014, 0.018851855769753456, 0.03461141511797905, 0.9992231130599976),
            ["LowerTorso"] = CFrame.new(-0.039905961602926254, -0.06879472732543945, 0.06240762397646904, 0.9139096140861511, -0.10926172882318497, -0.3909362852573395, 0.027863239869475365, 0.9777066111564636, -0.20811936259269714, 0.40496042370796204, 0.17930953204631805, 0.8965796828269958),
            ["RightLowerLeg"] = CFrame.new(-6.146728992462158e-08, -0.000003516674041748047, -0.000013342294550966471, 1, -2.0489096641540527e-08, 2.3748725652694702e-08, 2.607702498380604e-08, 0.965822160243988, 0.2592053711414337, -3.9231952797535996e-08, -0.25920569896698, 0.9658222198486328),
            ["LeftUpperLeg"] = CFrame.new(-1.1920928955078125e-07, -8.195638656616211e-08, 5.960464477539063e-08, 0.9620000720024109, 0.2098044902086258, 0.17475123703479767, -0.16805116832256317, 0.95936119556427, -0.22668221592903137, -0.2152085155248642, 0.18870118260383606, 0.9581634402275085),
            ["LeftLowerLeg"] = CFrame.new(-3.725290298461914e-08, 0.000003814697265625, 0.00001329183578491211, 1, 1.1234077135213738e-07, 1.816079198135867e-08, -6.798654794692993e-08, 0.8979477882385254, 0.44010213017463684, -7.82310962677002e-08, -0.4401019513607025, 0.8979477882385254),
        }},
        {Time = 0.167, Data = {
            ["RightFoot"] = CFrame.new(2.537854015827179e-08, 4.76837158203125e-07, -5.790934665128589e-08, 0.9999717473983765, 0.007339416071772575, -0.0016441226471215487, -0.007443735841661692, 0.9343043565750122, -0.35639819502830505, -0.001079538487829268, 0.35640084743499756, 0.9343327283859253),
            ["LeftLowerArm"] = CFrame.new(0.000002562999725341797, 0, -2.60770320892334e-08, 1, -8.940698847936801e-08, -1.862644793959589e-08, 6.705523958316917e-08, 0.7876419425010681, -0.616133451461792, -1.4901164746561335e-08, 0.6161333322525024, 0.7876418828964233),
            ["RightUpperArm"] = CFrame.new(-1.7881393432617188e-07, -2.384185791015625e-07, -4.3190084397792816e-08, 0.5001180768013, -0.2095658928155899, 0.8402166962623596, 0.588394284248352, -0.6296543478965759, -0.5072748064994812, 0.6353535652160645, 0.7480759620666504, -0.19159424304962158),
            ["Head"] = CFrame.new(-1.4313263818621635e-07, 3.5762786865234375e-07, -5.2110408432781696e-08, 0.9940154552459717, 0.10486727952957153, 0.030596274882555008, -0.1044221967458725, 0.8298919796943665, 0.5480651259422302, 0.03208250552415848, -0.5479801297187805, 0.835875928401947),
            ["RightHand"] = CFrame.new(-1.7881393432617188e-07, -1.7881393432617188e-07, 2.9802322387695312e-08, 0.8828384876251221, 0.12153320014476776, 0.45368048548698425, -0.11669251322746277, 0.9924110174179077, -0.038772325962781906, -0.4549495577812195, -0.018711399286985397, 0.8903206586837769),
            ["UpperTorso"] = CFrame.new(5.21540641784668e-08, -2.384185791015625e-07, -7.450580596923828e-09, 0.9144847989082336, 0.012282508425414562, 0.404433935880661, -0.09592266380786896, 0.9776262640953064, 0.18720512092113495, -0.39308589696884155, -0.20999060571193695, 0.8952024579048157),
            ["HumanoidRootPart"] = CFrame.new(0, 0, 0, 1, 0, 0, 0, 1, 0, 0, 0, 1),
            ["RightUpperLeg"] = CFrame.new(5.960464477539063e-08, -1.7508864402770996e-07, -1.507069100625813e-07, 0.9770299792289734, 0.030934341251850128, -0.21084488928318024, 0.019948186352849007, 0.9717873334884644, 0.23501357436180115, 0.2121662199497223, -0.2338213473558426, 0.948848307132721),
            ["LeftUpperArm"] = CFrame.new(-2.384185791015625e-07, 0.0000016689300537109375, -2.8172507882118225e-08, 0.581439197063446, 0.12505805492401123, -0.8039208650588989, -0.602425754070282, -0.5979425311088562, -0.5287230610847473, -0.5468195676803589, 0.7917229533195496, -0.2723291516304016),
            ["RightLowerArm"] = CFrame.new(-7.450580596923828e-07, -5.364418029785156e-07, -3.4086406230926514e-07, 1, -7.4505797087454084e-09, 5.2154071283894154e-08, 3.72529100900465e-08, 0.8669993281364441, -0.4983091354370117, 2.980232949312267e-08, 0.4983091950416565, 0.8669995069503784),
            ["LeftHand"] = CFrame.new(0, 3.5762786865234375e-07, -6.258487701416016e-07, 0.8731450438499451, 0.010861694812774658, -0.48733967542648315, -0.03529055416584015, 0.9985368251800537, -0.040973465889692307, 0.48618149757385254, 0.05297420918941498, 0.8722507357597351),
            ["LeftFoot"] = CFrame.new(-9.313225746154785e-09, -5.960464477539063e-08, 2.7008354663848877e-08, 0.9959693551063538, -0.08807822316884995, -0.016951819881796837, 0.08730281889438629, 0.9952936768531799, -0.04205671325325966, 0.0205764751881361, 0.04040743038058281, 0.9989714026451111),
            ["LowerTorso"] = CFrame.new(-0.042505428194999695, -0.07615303993225098, 0.08013926446437836, 0.9133445620536804, -0.11137152463197708, -0.39166074991226196, 0.03579156845808029, 0.9801033735275269, -0.19523420929908752, 0.4056115448474884, 0.164297953248024, 0.899158239364624),
            ["RightLowerLeg"] = CFrame.new(-9.406358003616333e-08, -0.000003635883331298828, -0.000013271514035295695, 1, 6.51925713412993e-09, 6.51925802230835e-09, 5.494800703331748e-08, 0.9502789974212646, 0.3113992214202881, 3.1432121350150055e-09, -0.3113997280597687, 0.9502792358398438),
            ["LeftUpperLeg"] = CFrame.new(-1.7881393432617188e-07, -3.818422555923462e-07, -5.21540641784668e-08, 0.960426926612854, 0.22365988790988922, 0.1660005748271942, -0.1737990379333496, 0.946952223777771, -0.27032458782196045, -0.21765553951263428, 0.2307763397693634, 0.9483503103256226),
            ["LeftLowerLeg"] = CFrame.new(-5.21540641784668e-08, 0.0000035762786865234375, 0.000013366341590881348, 1, 8.358619396631184e-08, -4.1443851017675115e-08, -5.960463056453591e-08, 0.8810446858406067, 0.4730331599712372, 3.352760558072987e-08, -0.47303318977355957, 0.8810445666313171),
        }},
        {Time = 0.200, Data = {
            ["RightFoot"] = CFrame.new(-4.0279701352119446e-08, 4.172325134277344e-07, -6.535992724820971e-08, 0.9999962449073792, 0.002678983611986041, -0.0005964751471765339, -0.002711378037929535, 0.9304971098899841, -0.36628904938697815, -0.0004261329013388604, 0.3662896156311035, 0.9305009841918945),
            ["LeftLowerArm"] = CFrame.new(0.0000013113021850585938, -3.5762786865234375e-07, 1.6391277313232422e-07, 1, -4.470348358154297e-08, 6.705518273975031e-08, 8.195635814445268e-08, 0.787152886390686, -0.6167580485343933, 7.450577932388569e-09, 0.6167580485343933, 0.7871527671813965),
            ["RightUpperArm"] = CFrame.new(-2.384185791015625e-07, 1.1920928955078125e-07, -5.098991096019745e-08, 0.5014597177505493, -0.20853473246097565, 0.8396733999252319, 0.5707669258117676, -0.6496284008026123, -0.5022032856941223, 0.6502024531364441, 0.7310925722122192, -0.20673780143260956),
            ["Head"] = CFrame.new(-1.4784745872020721e-07, 2.384185791015625e-07, -8.381903171539307e-08, 0.9943698048591614, 0.1006598249077797, 0.033111821860075, -0.10168309509754181, 0.8184599876403809, 0.5654942989349365, 0.02982184663414955, -0.5656773447990417, 0.8240873217582703),
            ["RightHand"] = CFrame.new(-2.9802322387695312e-08, -0.0000011920928955078125, -2.9802322387695312e-08, 0.877358615398407, 0.10895786434412003, 0.4673008918762207, -0.10051863640546799, 0.9940037727355957, -0.043042175471782684, -0.4691886305809021, -0.009208966046571732, 0.8830499649047852),
            ["UpperTorso"] = CFrame.new(3.725290298461914e-08, -2.682209014892578e-07, 5.960464477539063e-08, 0.9147095084190369, 0.008811913430690765, 0.40401598811149597, -0.09899502992630005, 0.9741864800453186, 0.20288114249706268, -0.39179912209510803, -0.225572869181633, 0.8919699788093567),
            ["HumanoidRootPart"] = CFrame.new(0, 0, 0, 1, 0, 0, 0, 1, 0, 0, 0, 1),
            ["RightUpperLeg"] = CFrame.new(0, 2.1606683731079102e-07, 5.790934665128589e-08, 0.9765233993530273, 0.03785817325115204, -0.212058424949646, 0.003000766970217228, 0.9819487929344177, 0.18912309408187866, 0.21539025008678436, -0.18531957268714905, 0.9587823748588562),
            ["LeftUpperArm"] = CFrame.new(-1.1920928955078125e-07, 0.0000013113021850585938, -4.377216100692749e-08, 0.5783073306083679, 0.12932614982128143, -0.8055031895637512, -0.6239955425262451, -0.565919816493988, -0.5388548970222473, -0.5255381464958191, 0.8142539858818054, -0.24657663702964783),
            ["RightLowerArm"] = CFrame.new(7.152557373046875e-07, -8.344650268554688e-07, -4.209578037261963e-07, 1, -7.450578820566989e-09, 2.980232594040899e-08, 7.450581307466564e-08, 0.866487443447113, -0.4991990029811859, 1.4901162970204496e-08, 0.4991990029811859, 0.8664873838424683),
            ["LeftHand"] = CFrame.new(-1.7881393432617188e-07, 4.172325134277344e-07, -5.960464477539062e-07, 0.8554982542991638, 0.0952514037489891, -0.5089694857597351, -0.14603255689144135, 0.9874179363250732, -0.06066672503948212, 0.4967869520187378, 0.1262262612581253, 0.8586440682411194),
            ["LeftFoot"] = CFrame.new(2.0489096641540527e-08, -1.1920928955078125e-07, -3.632158041000366e-08, 0.9959006309509277, -0.08860863745212555, -0.018183065578341484, 0.08768626302480698, 0.995064914226532, -0.04644366726279259, 0.02220880053937435, 0.044659219682216644, 0.9987554550170898),
            ["LowerTorso"] = CFrame.new(-0.04568244516849518, -0.0835113525390625, 0.09867681562900543, 0.9128032326698303, -0.11286789923906326, -0.39249345660209656, 0.04491668939590454, 0.98296719789505, -0.17820771038532257, 0.4059221148490906, 0.14503906667232513, 0.9023252725601196),
            ["RightLowerLeg"] = CFrame.new(-1.6763806343078613e-08, -0.0000037550926208496094, -0.000013253353245090693, 1, -9.96515154838562e-08, 8.242206916975192e-08, 1.1315570702663535e-07, 0.9361441135406494, 0.3516164720058441, 4.287722177309661e-08, -0.35161662101745605, 0.9361441731452942),
            ["LeftUpperLeg"] = CFrame.new(-5.960464477539063e-08, -1.7229467630386353e-07, 1.1920928955078125e-07, 0.95871502161026, 0.23785722255706787, 0.15585091710090637, -0.1794237494468689, 0.9311622381210327, -0.3174016773700714, -0.22061899304389954, 0.2763345539569855, 0.9353965520858765),
            ["LeftLowerLeg"] = CFrame.new(-4.470348358154297e-08, 0.000003993511199951172, 0.000013358891010284424, 1, 7.17118453508192e-08, 5.1222748709278676e-08, -8.125790174062786e-08, 0.8637298941612244, 0.5039553046226501, 2.980232594040899e-08, -0.5039551854133606, 0.8637297749519348),
        }},
        {Time = 0.233, Data = {
            ["RightFoot"] = CFrame.new(-1.0331859812140465e-07, 1.7881393432617188e-07, 1.6952981241047382e-09, 0.9999979138374329, -0.00202645524404943, 0.00036743274540640414, 0.002017916878685355, 0.9286217093467712, -0.37102216482162476, 0.00041052690357901156, 0.37102267146110535, 0.9286240339279175),
            ["LeftLowerArm"] = CFrame.new(0.0000013113021850585938, 1.1920928955078125e-07, 2.60770320892334e-07, 1, -5.960465188081798e-08, 0, 5.960465188081798e-08, 0.7864992022514343, -0.6175915002822876, 5.2154071283894154e-08, 0.6175914406776428, 0.7864990234375),
            ["RightUpperArm"] = CFrame.new(-1.7881393432617188e-07, -4.76837158203125e-07, -1.7229467630386353e-08, 0.5061153173446655, -0.21005825698375702, 0.8364943265914917, 0.5595199465751648, -0.6581212282180786, -0.5037994384765625, 0.6563419103622437, 0.7230159044265747, -0.21555349230766296),
            ["Head"] = CFrame.new(-1.4155011740513146e-07, 5.960464477539062e-07, -2.130400389432907e-08, 0.9947815537452698, 0.09598243236541748, 0.03459790349006653, -0.09824249148368835, 0.8096120357513428, 0.5786855220794678, 0.02753276377916336, -0.5790646076202393, 0.8148166537284851),
            ["RightHand"] = CFrame.new(-3.8743019104003906e-07, -9.5367431640625e-07, 1.4901161193847656e-07, 0.8651611804962158, 0.0774475485086441, 0.49547746777534485, -0.059895701706409454, 0.9968887567520142, -0.05123788118362427, -0.4979042112827301, 0.014652110636234283, 0.8671082854270935),
            ["UpperTorso"] = CFrame.new(3.725290298461914e-08, 5.960464477539063e-08, -1.1175870895385742e-08, 0.9148999452590942, 0.005148638505488634, 0.4036478102207184, -0.10180583596229553, 0.9705408215522766, 0.21837149560451508, -0.3906323313713074, -0.2408818006515503, 0.8884719014167786),
            ["HumanoidRootPart"] = CFrame.new(0, 0, 0, 1, 0, 0, 0, 1, 0, 0, 0, 1),
            ["RightUpperLeg"] = CFrame.new(2.384185791015625e-07, 5.960464477539062e-07, 8.77116690389812e-08, 0.9756391644477844, 0.047049518674612045, -0.21427728235721588, -0.016251547262072563, 0.9895485639572144, 0.1432814747095108, 0.218779057264328, -0.13630878925323486, 0.9662068486213684),
            ["LeftUpperArm"] = CFrame.new(-3.5762786865234375e-07, 8.344650268554688e-07, 2.60770320892334e-08, 0.5711356997489929, 0.1343987137079239, -0.8097782135009766, -0.6578102111816406, -0.5151572227478027, -0.5494533777236938, -0.4910089671611786, 0.8464928269386292, -0.2058161199092865),
            ["RightLowerArm"] = CFrame.new(0.0000011324882507324219, -2.384185791015625e-07, -1.30385160446167e-07, 1, -5.215405707303944e-08, 5.960464477539063e-08, 1.1175869474300271e-07, 0.8652992844581604, -0.5012556910514832, 6.70552182668871e-08, 0.5012556910514832, 0.8652992248535156),
            ["LeftHand"] = CFrame.new(-2.086162567138672e-07, 0, -4.172325134277344e-07, 0.8241151571273804, 0.17515011131763458, -0.5386620163917542, -0.25306347012519836, 0.9646533131599426, -0.0735049620270729, 0.5067476034164429, 0.19689209759235382, 0.8393094539642334),
            ["LeftFoot"] = CFrame.new(-4.284083843231201e-08, 0, -1.955777406692505e-08, 0.9958474040031433, -0.08893240988254547, -0.019468143582344055, 0.08790861070156097, 0.9949563145637512, -0.04831163212656975, 0.023666495457291603, 0.04639986529946327, 0.9986425638198853),
            ["LowerTorso"] = CFrame.new(-0.04929254949092865, -0.09049057960510254, 0.11802037060260773, 0.9124026894569397, -0.11337175220251083, -0.3932787775993347, 0.05524333193898201, 0.9861907362937927, -0.15612845122814178, 0.40554842352867126, 0.12072600424289703, 0.9060660600662231),
            ["RightLowerLeg"] = CFrame.new(-6.938353180885315e-08, -0.0000036954879760742188, -0.000013306904293131083, 1, -1.4877876708396798e-07, 9.313225746154785e-10, 2.0465816419346083e-07, 0.924419105052948, 0.3813776969909668, 4.343747050938873e-08, -0.3813782036304474, 0.9244193434715271),
            ["LeftUpperLeg"] = CFrame.new(-2.384185791015625e-07, 1.7695128917694092e-07, 7.450580596923828e-09, 0.9569215774536133, 0.2520199120044708, 0.1441771686077118, -0.18469172716140747, 0.9115074872970581, -0.36748218536376953, -0.22403135895729065, 0.32502347230911255, 0.9187871813774109),
            ["LeftLowerLeg"] = CFrame.new(5.21540641784668e-08, 0.000004172325134277344, 0.000013388693332672119, 1, 5.02914261346632e-08, 2.0023442459660146e-08, -8.929055894668636e-08, 0.8472199440002441, 0.5312424898147583, 7.450581485102248e-09, -0.531242311000824, 0.8472198843955994),
        }},
        {Time = 0.267, Data = {
            ["RightFoot"] = CFrame.new(-8.195638656616211e-08, 4.172325134277344e-07, -5.790934665128589e-08, 0.9999769926071167, -0.0066765486262738705, 0.001223029918037355, 0.006651692092418671, 0.928015410900116, -0.3724821209907532, 0.001352112740278244, 0.3724820017814636, 0.9280385375022888),
            ["LeftLowerArm"] = CFrame.new(0.000001430511474609375, -8.344650268554688e-07, -1.0803341865539551e-07, 1, -4.470347647611561e-08, 0, 8.195640788244418e-08, 0.7858030200004578, -0.618476927280426, 4.4703494239684005e-08, 0.618476927280426, 0.7858030200004578),
            ["RightUpperArm"] = CFrame.new(-2.384185791015625e-07, -8.344650268554688e-07, -6.28642737865448e-08, 0.5153259038925171, -0.21451175212860107, 0.8297132849693298, 0.5594961047172546, -0.649154543876648, -0.5153275728225708, 0.6491559147834778, 0.7297828793525696, -0.21450762450695038),
            ["Head"] = CFrame.new(-1.3870885595679283e-07, -2.384185791015625e-07, -9.42964106798172e-08, 0.995188295841217, 0.09141279011964798, 0.03527076169848442, -0.09451781958341599, 0.8007907271385193, 0.5914396047592163, 0.025820638984441757, -0.5919274687767029, 0.8055775761604309),
            ["RightHand"] = CFrame.new(-1.1920928955078125e-07, 0, 1.1920928955078125e-07, 0.8482139110565186, 0.035400934517383575, 0.5284696817398071, -0.005116581451147795, 0.9982650279998779, -0.058659180998802185, -0.5296292304992676, 0.04705158993601799, 0.8469232320785522),
            ["UpperTorso"] = CFrame.new(-1.4901161193847656e-08, -2.980232238769531e-07, 7.078051567077637e-08, 0.9150477647781372, 0.0013425102224573493, 0.40334343910217285, -0.10435781627893448, 0.9667323231697083, 0.23353438079357147, -0.3896116018295288, -0.25578710436820984, 0.884746253490448),
            ["HumanoidRootPart"] = CFrame.new(0, 0, 0, 1, 0, 0, 0, 1, 0, 0, 0, 1),
            ["RightUpperLeg"] = CFrame.new(0, 1.601874828338623e-07, -4.639878170564771e-08, 0.9744568467140198, 0.056204233318567276, -0.2174280285835266, -0.03496210277080536, 0.9943386316299438, 0.10034153610467911, 0.2218366265296936, -0.09017676115036011, 0.970905065536499),
            ["LeftUpperArm"] = CFrame.new(5.960464477539063e-08, 0.0000011920928955078125, 1.862645149230957e-09, 0.5600427985191345, 0.13986510038375854, -0.8165719509124756, -0.6951943039894104, -0.4567738175392151, -0.5550341606140137, -0.4506185054779053, 0.8785189390182495, -0.15857960283756256),
            ["RightLowerArm"] = CFrame.new(0, -5.960464477539063e-08, 6.109476089477539e-07, 1, -1.4901159417490817e-08, -5.2154071283894154e-08, 7.450579886381092e-08, 0.8638158440589905, -0.5038077235221863, 5.960463766996327e-08, 0.503807783126831, 0.8638159036636353),
            ["LeftHand"] = CFrame.new(-5.662441253662109e-07, -2.384185791015625e-07, -5.364418029785156e-07, 0.7872330546379089, 0.23429912328720093, -0.5704105496406555, -0.3337668478488922, 0.9396950006484985, -0.07465249300003052, 0.5185208916664124, 0.24915310740470886, 0.8179601430892944),
            ["LeftFoot"] = CFrame.new(1.1175870895385742e-08, 1.1920928955078125e-07, -7.450580596923828e-09, 0.9958174824714661, -0.08898140490055084, -0.02073417417705059, 0.08795458823442459, 0.9950588941574097, -0.046063195914030075, 0.024730447679758072, 0.04404707998037338, 0.9987233877182007),
