return {
    ["My World"] = {
        [1] = {Time = 0.000, Data = {
            ["RightFoot"] = CFrame.new(-2.9802322387695312e-08, 2.980232238769531e-07, 1.6952981241047382e-09, 0.8509212136268616, 0.15395741164684296, 0.5022252798080444, 0.020158497616648674, 0.9458101987838745, -0.3240935802459717, -0.5249063968658447, 0.2859025001525879, 0.8017064332962036),
            ["LeftLowerArm"] = CFrame.new(-0.000002294778823852539, 0.0000011920928955078125, -4.470348358154297e-07, 1, -1.0710209608078003e-08, -3.725289587919178e-08, 3.7252885221050747e-08, 0.955739438533783, -0.2942146360874176, -3.352759847530251e-08, 0.29421466588974, 0.9557393789291382),
            ["RightUpperArm"] = CFrame.new(0, 9.5367431640625e-07, 3.725290298461914e-08, -0.10289063304662704, 0.21607062220573425, 0.9709412455558777, 0.6968874931335449, 0.7121690511703491, -0.0846349447965622, -0.7097615003585815, 0.6679286956787109, -0.2238525003194809),
            ["Head"] = CFrame.new(3.91155481338501e-08, -3.5762786865234375e-07, -1.4901161193847656e-08, 0.78966224193573, 0.12714971601963043, -0.6002219915390015, -0.04926309362053871, 0.9882717132568359, 0.14454181492328644, 0.6115608811378479, -0.08457046002149582, 0.7866646647453308),
            ["RightHand"] = CFrame.new(8.940696716308594e-08, 2.384185791015625e-07, 3.2782554626464844e-07, 0.9832510352134705, 0.12676671147346497, 0.1309490203857422, -0.10065574944019318, 0.9766712784767151, -0.18968865275382996, -0.15194028615951538, 0.17333078384399414, 0.9730727672576904),
            ["UpperTorso"] = CFrame.new(-1.4901161193847656e-08, 4.172325134277344e-07, -5.960464477539063e-08, 0.9472026824951172, -0.13011080026626587, 0.29305019974708557, 0.04170173779129982, 0.9561936259269714, 0.28974947333335876, -0.317912220954895, -0.2622307538986206, 0.9111349582672119),
            ["HumanoidRootPart"] = CFrame.new(0, 0, 0, 1, 0, 0, 0, 1, 0, 0, 0, 1),
            ["RightUpperLeg"] = CFrame.new(6.556510925292969e-07, -7.7858567237854e-07, 1.8829450709745288e-07, 0.9642258882522583, -0.1323631852865219, 0.22967031598091125, 0.2237759679555893, 0.8708967566490173, -0.43756532669067383, -0.1421017050743103, 0.473306268453598, 0.8693607449531555),
            ["LeftUpperArm"] = CFrame.new(1.1920928955078125e-07, -7.152557373046875e-07, 2.086162567138672e-07, 0.9499001502990723, 0.15642206370830536, 0.2705951929092407, -0.12427803128957748, 0.9834007024765015, -0.13220429420471191, -0.2867831885814667, 0.09195184707641602, 0.9535724520683289),
            ["RightLowerArm"] = CFrame.new(7.748603820800781e-07, -0.0000011324882507324219, 5.960464477539062e-07, 1, -1.7881380642847944e-07, 1.4901155864777138e-08, 8.940696716308594e-08, 0.6232242584228516, -0.7820432186126709, 4.0978193283081055e-08, 0.7820432782173157, 0.6232241988182068),
            ["LeftHand"] = CFrame.new(-9.5367431640625e-07, 2.980232238769531e-07, -3.2782554626464844e-07, 0.9965721964836121, 0.012406503781676292, 0.08179275691509247, -0.004125243052840233, 0.9949135780334473, -0.10064787417650223, -0.08262541145086288, 0.09996551275253296, 0.9915543794631958),
            ["LeftFoot"] = CFrame.new(9.313225746154785e-09, -5.960464477539063e-08, 5.960464477539063e-08, 0.9935293793678284, -0.06815796345472336, 0.0908513218164444, 0.09544871747493744, 0.9346009492874146, -0.34265315532684326, -0.06155497953295708, 0.3491068482398987, 0.9350588321685791),
            ["LowerTorso"] = CFrame.new(0.2909572124481201, -0.1531660556793213, 0.6658799648284912, 0.9592161178588867, -0.020236894488334656, 0.2819485068321228, 0.028032323345541954, 0.9993274807929993, -0.023641811683773994, -0.28128042817115784, 0.03058127872645855, 0.9591382145881653),
            ["RightLowerLeg"] = CFrame.new(-8.940696716308594e-08, -0.000003874301910400391, -0.000013394448615144938, 1, -1.4901159772762185e-07, -1.4901162614933128e-07, 1.5273690223693848e-07, 0.41973039507865906, 0.9076488018035889, -8.940696716308594e-08, -0.9076488614082336, 0.41973066329956055),
            ["LeftUpperLeg"] = CFrame.new(-4.172325134277344e-07, -2.966262400150299e-07, 2.5704503059387207e-07, 0.9722199440002441, 0.19172817468643188, 0.13427099585533142, -0.10629299283027649, 0.8727121353149414, -0.4765244126319885, -0.20854318141937256, 0.44901445508003235, 0.8688474297523499),
            ["LeftLowerLeg"] = CFrame.new(1.6391277313232422e-07, 0.000003337860107421875, 0.000013276934623718262, 1, 1.2665985593685036e-07, 3.9115523264854346e-08, -1.043080928297968e-07, 0.6487149000167847, 0.7610315680503845, 2.60770232074492e-08, -0.7610315084457397, 0.6487148404121399)
        }},
        [2] = {Time = 0.033, Data = {
            ["RightFoot"] = CFrame.new(-1.4901161193847656e-08, 5.364418029785156e-07, 1.6596459317952394e-08, 0.837054967880249, 0.18160761892795563, 0.5160989165306091, 0.05299044027924538, 0.9119572639465332, -0.406849205493927, -0.5445467233657837, 0.3679031431674957, 0.7537345290184021),
            ["LeftLowerArm"] = CFrame.new(-0.000003039836883544922, -4.76837158203125e-07, -7.152557373046875e-07, 1, -3.306194074070845e-08, 4.889441740374423e-08, 2.235172757991677e-08, 0.9634767770767212, -0.2677920162677765, -7.45057615603173e-09, 0.2677919864654541, 0.9634767770767212),
            ["RightUpperArm"] = CFrame.new(1.1920928955078125e-07, 0.0000010728836059570312, 1.7881393432617188e-07, -0.20142647624015808, 0.2965182065963745, 0.9335439205169678, 0.7476487159729004, 0.6622812151908875, -0.04904138669371605, -0.6328103542327881, 0.6880846619606018, -0.3550924062728882),
            ["Head"] = CFrame.new(-3.725290298461914e-08, -8.344650268554688e-07, -1.4901161193847656e-08, 0.682339072227478, 0.14243078231811523, -0.7170262932777405, -0.04563119634985924, 0.987221896648407, 0.1526789516210556, 0.7296103239059448, -0.07146007567644119, 0.6801193356513977),
            ["RightHand"] = CFrame.new(5.774199962615967e-08, -2.980232238769531e-07, 6.332993507385254e-08, 0.9937800168991089, 0.07045361399650574, 0.08624206483364105, -0.0542651042342186, 0.982634961605072, -0.17743703722953796, -0.09724558889865875, 0.17165341973304749, 0.9803460836410522),
            ["UpperTorso"] = CFrame.new(-3.91155481338501e-08, 5.066394805908203e-07, -1.2665987014770508e-07, 0.9395403861999512, -0.13672837615013123, 0.31395724415779114, 0.04420071095228195, 0.9575814604759216, 0.2847526967525482, -0.3395734429359436, -0.25365954637527466, 0.9057299494743347),
            ["HumanoidRootPart"] = CFrame.new(0, 0, 0, 1, 0, 0, 0, 1, 0, 0, 0, 1),
            ["RightUpperLeg"] = CFrame.new(5.960464477539062e-07, -6.466871127486229e-07, 2.0319566829130054e-07, 0.9660657644271851, -0.19114860892295837, 0.17372187972068787, 0.2417135387659073, 0.9061281681060791, -0.3471403121948242, -0.09105882048606873, 0.3773513436317444, 0.9215825796127319),
            ["LeftUpperArm"] = CFrame.new(2.384185791015625e-07, -3.5762786865234375e-07, 2.980232238769531e-07, 0.9850083589553833, 0.10544107854366302, 0.13653136789798737, -0.09357062727212906, 0.9914785623550415, -0.09063660353422165, -0.14492475986480713, 0.0765024796128273, 0.9864807724952698),
            ["RightLowerArm"] = CFrame.new(0.0000014901161193847656, -1.1920928955078125e-07, 8.521601557731628e-07, 1, -1.0430801467009587e-07, 1.0430807861894209e-07, 4.470347647611561e-08, 0.4189208447933197, -0.9080228209495544, 1.4901159417490817e-08, 0.9080227613449097, 0.4189208745956421),
            ["LeftHand"] = CFrame.new(-8.046627044677734e-07, 2.384185791015625e-07, -5.066394805908203e-07, 0.99857097864151, 0.01256330031901598, 0.051944632083177567, -0.0073129283264279366, 0.9949548840522766, -0.1000574454665184, -0.05293955281376839, 0.09953460842370987, 0.9936248660087585),
            ["LeftFoot"] = CFrame.new(8.381903171539307e-08, 5.960464477539063e-08, 4.470348358154297e-08, 0.988972544670105, -0.03030082955956459, 0.14496634900569916, 0.07845756411552429, 0.937397301197052, -0.3393098711967468, -0.1256093829870224, 0.34694135189056396, 0.9294373393058777),
            ["LowerTorso"] = CFrame.new(0.2890007495880127, -0.16185665130615234, 0.6517671346664429, 0.921527624130249, 0.0016041992930695415, 0.38830965757369995, 0.005078768357634544, 0.9998562335968018, -0.016183460131287575, -0.3882797956466675, 0.01688564196228981, 0.9213868379592896),
            ["RightLowerLeg"] = CFrame.new(1.30385160446167e-07, -0.0000033974647521972656, -0.0000131634806166403, 1, -1.937151665742931e-07, -4.4703497792397684e-08, 1.7881390590446244e-07, 0.45338869094848633, 0.8913130164146423, -7.450579886381092e-08, -0.8913129568099976, 0.45338863134384155),
            ["LeftUpperLeg"] = CFrame.new(-4.172325134277344e-07, -2.5762710720300674e-07, 3.5390257835388184e-08, 0.9903780817985535, 0.10377109795808792, 0.0915590450167656, -0.04586758092045784, 0.870349109172821, -0.4902943968772888, -0.1305667608976364, 0.4813772439956665, 0.8667343854904175),
            ["LeftLowerLeg"] = CFrame.new(-3.725290298461914e-09, 0.000003814697265625, 0.00001329183578491211, 1, 1.0803343286625022e-07, -8.568165554834195e-08, -6.332992796842518e-08, 0.6478598713874817, 0.7617592215538025, -1.4901159417490817e-08, -0.7617595195770264, 0.6478602886199951)
        }},
        [3] = {Time = 0.067, Data = {
            ["RightFoot"] = CFrame.new(1.564621925354004e-07, 2.980232238769531e-07, -1.3205863069742918e-08, 0.8661164045333862, 0.23360106348991394, 0.44189709424972534, -0.01970893144607544, 0.8993458151817322, -0.43679410219192505, -0.49945372343063354, 0.3696048855781555, 0.7835419178009033),
            ["LeftLowerArm"] = CFrame.new(-0.0000024139881134033203, 9.5367431640625e-07, -5.960464477539062e-07, 1, -3.6321576857289983e-08, -1.8626447051417472e-09, 2.2351736461700966e-08, 0.9525625109672546, -0.3043430745601654, 5.5879340266073996e-08, 0.3043430745601654, 0.9525624513626099),
            ["RightUpperArm"] = CFrame.new(1.1920928955078125e-07, 5.960464477539062e-07, 0, -0.20122678577899933, 0.42313849925994873, 0.88343745470047, 0.8156554698944092, 0.5717930793762207, -0.08808322250843048, -0.5424148440361023, 0.7028560638427734, -0.46019524335861206),
            ["Head"] = CFrame.new(5.587935447692871e-08, 0, -3.725290298461914e-08, 0.6259890794754028, 0.14435972273349762, -0.7663537263870239, -0.039600517600774765, 0.9873332977294922, 0.1536388099193573, 0.7788258194923401, -0.06582824140787125, 0.6237764954566956),
            ["RightHand"] = CFrame.new(7.525086402893066e-07, -1.7881393432617188e-07, -1.9744038581848145e-07, 0.9991694688796997, 0.012080308049917221, 0.03891732916235924, -0.005291901528835297, 0.9854259490966797, -0.1700228899717331, -0.04040408879518509, 0.16967569291591644, 0.9846714735031128),
            ["UpperTorso"] = CFrame.new(4.540197551250458e-09, 2.682209014892578e-07, -1.0058283805847168e-07, 0.9408146142959595, -0.10934944450855255, 0.320796936750412, 0.021874817088246346, 0.964139997959137, 0.26449140906333923, -0.3382149636745453, -0.24181999266147614, 0.909468948841095),
            ["HumanoidRootPart"] = CFrame.new(0, 0, 0, 1, 0, 0, 0, 1, 0, 0, 0, 1),
            ["RightUpperLeg"] = CFrame.new(5.960464477539062e-07, -0.0000014007091522216797, 2.8107024263590574e-08, 0.9702194929122925, -0.1919432282447815, 0.1477566659450531, 0.22283205389976501, 0.9464192986488342, -0.23374439775943756, -0.09497427195310593, 0.2597084641456604, 0.9610055685043335),
            ["LeftUpperArm"] = CFrame.new(2.980232238769531e-07, -8.344650268554688e-07, -1.4901161193847656e-07, 0.9948900938034058, 0.07585086673498154, 0.06663724780082703, -0.07373528182506561, 0.9967097640037537, -0.03365679085254669, -0.06897087395191193, 0.02857128530740738, 0.9972095489501953),
            ["RightLowerArm"] = CFrame.new(7.748603820800781e-07, 0, 7.189810276031494e-07, 1, -1.2293448037326016e-07, 8.195638656616211e-08, 2.2351745343485163e-08, 0.2574520409107208, -0.9662911295890808, 6.705523247774181e-08, 0.966291069984436, 0.25745201110839844),
            ["LeftHand"] = CFrame.new(-5.587935447692871e-07, -5.960464477539062e-07, -6.556510925292969e-07, 0.9997285008430481, 0.003361330134794116, 0.02305920049548149, -0.0010761014418676496, 0.9951455593109131, -0.09840802103281021, -0.023278115317225456, 0.09835653752088547, 0.9948789477348328),
            ["LeftFoot"] = CFrame.new(1.2153759598731995e-07, -5.960464477539063e-08, -5.21540641784668e-08, 0.9876434803009033, -0.019016558304429054, 0.15556031465530396, 0.06717574596405029, 0.9481687545776367, -0.3105858266353607, -0.1415908932685852, 0.3171977400779724, 0.9377299547195435),
            ["LowerTorso"] = CFrame.new(0.27704912424087524, -0.14768671989440918, 0.6328803896903992, 0.8991948366165161, -0.00542003707960248, 0.43751490116119385, 0.01422954723238945, 0.9997566938400269, -0.016859814524650574, -0.43731704354286194, 0.02138589695096016, 0.8990530967712402),
            ["RightLowerLeg"] = CFrame.new(8.195638656616211e-08, -0.0000035762786865234375, -0.000013237986422609538, 1, -1.043081780949251e-07, -7.450581307466564e-08, 2.011657045386528e-07, 0.5571253299713135, 0.8304288387298584, 7.450581485102248e-09, -0.830428421497345, 0.5571249127388),
            ["LeftUpperLeg"] = CFrame.new(-4.76837158203125e-07, -4.0978193283081055e-07, 4.284083843231201e-08, 0.9934942722320557, 0.08500134199857712, 0.07578844577074051, -0.03734879195690155, 0.8718886375427246, -0.4882776141166687, -0.10758354514837265, 0.4822707176208496, 0.8693912029266357),
            ["LeftLowerLeg"] = CFrame.new(1.825392246246338e-07, 0.000003814697265625, 0.000013232231140136719, 1, 2.980232949312267e-08, -2.1420417439799166e-08, -7.264315371457997e-08, 0.6565315127372742, 0.7542985677719116, 3.7252898543727042e-09, -0.7542986273765564, 0.6565316319465637)
        }},
        [4] = {Time = 0.100, Data = {
            ["RightFoot"] = CFrame.new(4.470348358154297e-08, 1.7881393432617188e-07, 1.0600342648103833e-07, 0.91184002161026, 0.1984104961156845, 0.3594174385070801, -0.03636019304394722, 0.9110515713691711, -0.41068580746650696, -0.4089323580265045, 0.36141178011894226, 0.83794766664505),
            ["LeftLowerArm"] = CFrame.new(-0.0000023245811462402344, 8.940696716308594e-07, -4.172325134277344e-07, 1, -2.9802308176840597e-08, 7.660126044584104e-08, 3.1664949773357876e-08, 0.9356356263160706, -0.3529675006866455, -6.519254025505461e-09, 0.3529675006866455, 0.9356355667114258),
            ["RightUpperArm"] = CFrame.new(1.1920928955078125e-07, 8.344650268554688e-07, 1.6391277313232422e-07, -0.05269091948866844, 0.5932282209396362, 0.8033081293106079, 0.8865672945976257, 0.3980085849761963, -0.23577015101909637, -0.45958927273750305, 0.6997638940811157, -0.5469081997871399),
            ["Head"] = CFrame.new(1.2665987014770508e-07, 1.1920928955078125e-07, 5.21540641784668e-08, 0.6432210206985474, 0.13770292699337006, -0.7531962394714355, -0.036181237548589706, 0.9880626201629639, 0.1497439444065094, 0.7648252248764038, -0.06906692683696747, 0.6405250430107117),
            ["RightHand"] = CFrame.new(2.60770320892334e-07, -5.960464477539063e-08, -3.3527612686157227e-08, 0.9990636110305786, -0.042832691222429276, -0.006107031833380461, 0.041200075298547745, 0.9849317669868469, -0.16796474158763885, 0.013209407217800617, 0.16755585372447968, 0.9857741594314575),
            ["UpperTorso"] = CFrame.new(-1.0617077350616455e-07, 6.258487701416016e-07, 1.1175870895385742e-07, 0.9585726261138916, -0.07747048139572144, 0.27411091327667236, 0.011014876887202263, 0.9716669321060181, 0.23609767854213715, -0.284635066986084, -0.22329753637313843, 0.9322666525840759),
            ["HumanoidRootPart"] = CFrame.new(0, 0, 0, 1, 0, 0, 0, 1, 0, 0, 0, 1),
            ["RightUpperLeg"] = CFrame.new(5.960464477539062e-07, -0.0000012498348951339722, 1.0261283023282886e-07, 0.9772970080375671, -0.1630621701478958, 0.13528260588645935, 0.18309538066387177, 0.9712768793106079, -0.1519782394170761, -0.10661528259515762, 0.1732974499464035, 0.979081928730011),
            ["LeftUpperArm"] = CFrame.new(2.384185791015625e-07, -5.960464477539062e-07, -8.940696716308594e-08, 0.9963569641113281, 0.06308795511722565, 0.05738244578242302, -0.06471570581197739, 0.9975394606590271, 0.026963287964463234, -0.05554009974002838, -0.030578602105379105, 0.9979881048202515),
            ["RightLowerArm"] = CFrame.new(7.152557373046875e-07, -2.980232238769531e-07, 8.083879947662354e-07, 1, -7.450574202039206e-08, 1.1920928955078125e-07, 1.5087427129856223e-07, 0.14789295196533203, -0.9890034198760986, 7.450581307466564e-08, 0.9890034198760986, 0.14789293706417084),
            ["LeftHand"] = CFrame.new(-7.525086402893066e-07, 0, -5.960464477539062e-07, 0.999550998210907, -0.029399119317531586, 0.0057893251068890095, 0.02981829270720482, 0.9949695467948914, -0.09563793987035751, -0.0029484033584594727, 0.09576768428087234, 0.9953994154930115),
            ["LeftFoot"] = CFrame.new(1.7229467630386353e-08, 5.960464477539063e-08, -4.470348358154297e-08, 0.990952730178833, -0.022287627682089806, 0.13234840333461761, 0.05808359012007713, 0.9602026343345642, -0.2731986343860626, -0.12099212408065796, 0.2784137427806854, 0.952809751033783),
            ["LowerTorso"] = CFrame.new(0.2565026581287384, -0.11901092529296875, 0.6138412356376648, 0.8926854729652405, -0.017374133691191673, 0.45034530758857727, 0.028494996950030327, 0.9994332790374756, -0.017925765365362167, -0.44977858662605286, 0.02883465774357319, 0.8926745653152466),
            ["RightLowerLeg"] = CFrame.new(9.685754776000977e-08, -0.0000036954879760742188, -0.000013290140486788005, 1, -2.0861622829215776e-07, 0, 1.2665984172599565e-07, 0.6422815918922424, 0.7664682865142822, 2.607702498380604e-08, -0.7664687633514404, 0.6422823071479797),
            ["LeftUpperLeg"] = CFrame.new(-5.364418029785156e-07, -5.14322891831398e-07, 3.0919909477233887e-07, 0.9921186566352844, 0.0967516079545021, 0.07962330430746078, -0.04751946032047272, 0.8784976601600647, -0.47537761926651, -0.11594241112470627, 0.46784716844558716, 0.8761714100837708),
            ["LeftLowerLeg"] = CFrame.new(-1.4901161193847656e-08, 0.000003814697265625, 0.000013247132301330566, 1, 6.14673041354763e-08, -9.499488129449674e-08, -1.7788259754070168e-07, 0.673114001750946, 0.7395389080047607, 3.4458931708059026e-08, -0.739538848400116, 0.6731138229370117)
        }},
        [5] = {Time = 0.133, Data = {
            ["RightFoot"] = CFrame.new(7.450580596923828e-09, 4.172325134277344e-07, 1.0600342648103833e-07, 0.9580178260803223, 0.15022173523902893, 0.24420319497585297, -0.05446447432041168, 0.931591808795929, -0.3594026565551758, -0.28148794174194336, 0.33101391792297363, 0.900663435459137),
            ["LeftLowerArm"] = CFrame.new(-0.000002682209014892578, 7.152557373046875e-07, -6.556510925292969e-07, 1, -1.1175868230850483e-08, 5.4482363509578136e-08, 3.725289587919178e-08, 0.9075102806091309, -0.42002996802330017, 9.313223525708736e-10, 0.4200299382209778, 0.9075102806091309),
            ["RightUpperArm"] = CFrame.new(2.384185791015625e-07, 0.0000010728836059570312, 1.7881393432617188e-07, 0.15546970069408417, 0.7402158975601196, 0.6541480422019958, 0.9024039506912231, 0.16296951472759247, -0.39888352155685425, -0.40186595916748047, 0.6523199081420898, -0.6426371335983276),
            ["Head"] = CFrame.new(2.60770320892334e-08, 4.76837158203125e-07, 1.0617077350616455e-07, 0.6945596933364868, 0.13110439479351044, -0.7073886394500732, -0.040991634130477905, 0.9888699054718018, 0.1430247277021408, 0.7182664275169373, -0.07034216821193695, 0.6922033429145813),
            ["RightHand"] = CFrame.new(1.4901161193847656e-07, -3.5762786865234375e-07, -2.980232238769531e-07, 0.9977608323097229, -0.06293651461601257, -0.022638658061623573, 0.05824710428714752, 0.9839953184127808, -0.16840587556362152, 0.03287515416741371, 0.16671015322208405, 0.9854577779769897),
            ["UpperTorso"] = CFrame.new(-8.568167686462402e-08, 2.086162567138672e-07, 4.470348358154297e-08, 0.9766420125961304, -0.05518956109881401, 0.20766468346118927, 0.011442375369369984, 0.9784388542175293, 0.20621958374977112, -0.21456828713417053, -0.19902652502059937, 0.9562159776687622),
            ["HumanoidRootPart"] = CFrame.new(0, 0, 0, 1, 0, 0, 0, 1, 0, 0, 0, 1),
            ["RightUpperLeg"] = CFrame.new(5.960464477539062e-07, -0.0000013578683137893677, 3.000532160513103e-07, 0.9802665710449219, -0.1341942846775055, 0.14515292644500732, 0.15134179592132568, 0.9818460941314697, -0.11434221267700195, -0.12717361748218536, 0.13405345380306244, 0.9827799797058105),
            ["LeftUpperArm"] = CFrame.new(2.384185791015625e-07, -4.76837158203125e-07, 1.7881393432617188e-07, 0.9941273331642151, 0.05408870428800583, 0.09373023360967636, -0.06261234730482101, 0.9939244389533997, 0.09052089601755142, -0.08826462924480438, -0.09585794061422348, 0.9914740324020386),
            ["RightLowerArm"] = CFrame.new(5.960464477539063e-08, -2.384185791015625e-07, 7.352791726589203e-07, 1, -1.1175863079415649e-07, 7.450580596923828e-08, 1.0430814256778831e-07, 0.08742859959602356, -0.9961708784103394, 1.0803343286625022e-07, 0.9961707592010498, 0.08742856979370117),
            ["LeftHand"] = CFrame.new(-0.0000011809170246124268, -2.980232238769531e-07, -5.21540641784668e-07, 0.997767448425293, -0.06678091734647751, 0.0006916986312717199, 0.06655845791101456, 0.9934858083724976, -0.09249818325042725, 0.005489858333021402, 0.09233776479959488, 0.9957126975059509),
            ["LeftFoot"] = CFrame.new(8.172355592250824e-08, 5.960464477539063e-08, 3.725290298461914e-08, 0.9921514391899109, -0.018905770033597946, 0.12360484153032303, 0.05138366296887398, 0.9628294706344604, -0.2651781439781189, -0.11399698257446289, 0.2694475054740906, 0.9562439322471619),
            ["LowerTorso"] = CFrame.new(0.23034833371639252, -0.10055160522460938, 0.5988156199455261, 0.8997432589530945, -0.024131104350090027, 0.43575209379196167, 0.035774096846580505, 0.9991881251335144, -0.018533455207943916, -0.4349510669708252, 0.03226399049162865, 0.8998759388923645),
            ["RightLowerLeg"] = CFrame.new(7.450580596923828e-08, -0.000003516674041748047, -0.000013439152098726481, 1, -1.0430811414607888e-07, 1.4901162970204496e-08, 1.341104507446289e-07, 0.6783305406570435, 0.7347567081451416, 2.421438694000244e-08, -0.7347569465637207, 0.6783307194709778),
            ["LeftUpperLeg"] = CFrame.new(-4.172325134277344e-07, -8.773058652877808e-07, 2.644956111907959e-07, 0.988857626914978, 0.10645079612731934, 0.10406211018562317, -0.04814603179693222, 0.890164852142334, -0.45308735966682434, -0.14086396992206573, 0.44302898645401, 0.8853716254234314),
            ["LeftLowerLeg"] = CFrame.new(5.681067705154419e-08, 0.0000040531158447265625, 0.0000133514404296875, 1, 7.543712854385376e-08, 1.1851076919811021e-07, -7.357447628919545e-08, 0.6859392523765564, 0.727658748626709, 1.3969836842875338e-08, -0.7276588678359985, 0.6859393119812012)
        }},
        [6] = {Time = 0.167, Data = {
            ["RightFoot"] = CFrame.new(0, 4.172325134277344e-07, 7.620110409334302e-08, 0.9752998352050781, 0.16283756494522095, 0.1492462009191513, -0.10801827162504196, 0.9409726858139038, -0.32078418135643005, -0.19267193973064423, 0.2967395484447479, 0.9353197813034058),
            ["LeftLowerArm"] = CFrame.new(-0.0000029206275939941406, 3.5762786865234375e-07, -7.748603820800781e-07, 1, -5.215404996761208e-08, -2.9802322387695312e-08, 4.470345160711986e-08, 0.8734734654426575, -0.48687177896499634, 3.818419713752519e-08, 0.48687174916267395, 0.8734735250473022),
            ["RightUpperArm"] = CFrame.new(1.1920928955078125e-07, 8.344650268554688e-07, 1.2665987014770508e-07, 0.35240647196769714, 0.8051929473876953, 0.4769424498081207, 0.8659294843673706, -0.0872684195637703, -0.4924940764904022, -0.35493072867393494, 0.5865565538406372, -0.7279942631721497),
            ["Head"] = CFrame.new(4.7963112592697144e-08, -2.384185791015625e-07, -4.0512531995773315e-08, 0.7373780012130737, 0.12420496344566345, -0.6639629602432251, -0.05072875693440437, 0.9903561472892761, 0.12892413139343262, 0.6735727787017822, -0.06138382479548454, 0.7365676164627075),
            ["RightHand"] = CFrame.new(4.5214255806058645e-07, 5.960464477539063e-08, 2.7939677238464355e-08, 0.9977608323097229, -0.06293633580207825, -0.02263757772743702, 0.058247096836566925, 0.9839953780174255, -0.1684057116508484, 0.032874103635549545, 0.1667100042104721, 0.9854578375816345),
            ["UpperTorso"] = CFrame.new(-4.470348358154297e-08, 8.940696716308594e-07, 1.7508864402770996e-07, 0.9841262698173523, -0.027955465018749237, 0.17525440454483032, -0.0044706338085234165, 0.9832969903945923, 0.18195375800132751, -0.1774137169122696, -0.17984896898269653, 0.9675633311271667),
            ["HumanoidRootPart"] = CFrame.new(0, 0, 0, 1, 0, 0, 0, 1, 0, 0, 0, 1),
            ["RightUpperLeg"] = CFrame.new(4.76837158203125e-07, -0.0000010207295417785645, 2.5534973246976733e-07, 0.9769150018692017, -0.11512456834316254, 0.17995382845401764, 0.13890086114406586, 0.9823058843612671, -0.12562517821788788, -0.1623075008392334, 0.1477208286523819, 0.9756203293800354),
            ["LeftUpperArm"] = CFrame.new(-1.1920928955078125e-07, -0.0000011920928955078125, -2.086162567138672e-07, 0.9944591522216797, 0.05157405883073807, 0.09160326421260834, -0.0640006959438324, 0.9883109927177429, 0.13836707174777985, -0.08339639753103256, -0.1434631198644638, 0.9861356616020203),
            ["RightLowerArm"] = CFrame.new(6.556510925292969e-07, -3.5762786865234375e-07, 9.94652509689331e-07, 1, -4.2375141617867484e-08, 8.98726071341116e-08, 9.080392970872708e-08, 0.0691622793674469, -0.9976055026054382, 7.849300942552873e-08, 0.9976054430007935, 0.0691622793674469),
            ["LeftHand"] = CFrame.new(-6.034970283508301e-07, -3.5762786865234375e-07, -4.6938657760620117e-07, 0.9958792924880981, -0.09057513624429703, -0.0045566256158053875, 0.08967316895723343, 0.990974485874176, -0.09964106976985931, 0.013540551997721195, 0.09882188588380814, 0.9950130581855774),
            ["LeftFoot"] = CFrame.new(-3.026798367500305e-09, -5.960464477539063e-08, 3.725290298461914e-08, 0.991736114025116, -0.01444985345005989, 0.12747879326343536, 0.04932545870542526, 0.9602088332176208, -0.27489304542541504, -0.1184336245059967, 0.2789091169834137, 0.9529863595962524),
            ["LowerTorso"] = CFrame.new(0.20593200623989105, -0.08668351173400879, 0.5903565287590027, 0.9196827411651611, -0.031149795278906822, 0.39142486453056335, 0.04283104091882706, 0.998858630657196, -0.021145127713680267, -0.39031943678855896, 0.03621194139122963, 0.9199671149253845),
            ["RightLowerLeg"] = CFrame.new(-1.043081283569336e-07, -0.000003874301910400391, -0.000013275239325594157, 1, -1.4901166878189542e-07, -5.960465188081798e-08, 1.266598985694145e-07, 0.6763852834701538, 0.7365480661392212, -5.401672353855247e-08, -0.7365480661392212, 0.6763851642608643),
            ["LeftUpperLeg"] = CFrame.new(-3.5762786865234375e-07, 6.51925802230835e-09, 2.868473529815674e-07, 0.9814078211784363, 0.12275942414999008, 0.14754250645637512, -0.049623820930719376, 0.9048671126365662, -0.4227917492389679, -0.1854083389043808, 0.4076097905635834, 0.894135594367981),
            ["LeftLowerLeg"] = CFrame.new(1.7415732145309448e-07, 0.000004172325134277344, 0.000013232231140136719, 1, 3.3294785595217036e-08, 2.968589996044102e-08, -7.450579886381092e-08, 0.6975468397140503, 0.7165390849113464, 5.296896432582798e-08, -0.716539204120636, 0.6975468993186951)
        }},
        [7] = {Time = 0.200, Data = {
            ["RightFoot"] = CFrame.new(5.21540641784668e-08, 2.980232238769531e-07, 1.6560807125642896e-07, 0.977156937122345, 0.16282427310943604, 0.13657453656196594, -0.12197008728981018, 0.9559431076049805, -0.2670132517814636, -0.17403364181518555, 0.24425607919692993, 0.9539662003517151),
            ["LeftLowerArm"] = CFrame.new(-0.000002682209014892578, -5.960464477539062e-07, -6.556510925292969e-07, 1, -7.823112468940963e-08, 4.284083487959833e-08, 3.725289587919178e-08, 0.8410153985023499, -0.5410112738609314, -3.7252894102834944e-09, 0.5410113334655762, 0.8410153985023499),
            ["RightUpperArm"] = CFrame.new(1.1920928955078125e-07, 0.0000010728836059570312, 1.7136335372924805e-07, 0.5285754203796387, 0.7971051335334778, 0.29194414615631104, 0.7333101034164429, -0.2555101215839386, -0.6300565004348755, -0.4276266098022461, 0.5471178889274597, -0.7195815443992615),
            ["Head"] = CFrame.new(8.381903171539307e-08, -2.384185791015625e-07, 8.381903171539307e-09, 0.7789928913116455, 0.10194847732782364, -0.6186894178390503, -0.032814133912324905, 0.9919700622558594, 0.12214184552431107, 0.6261734962463379, -0.07484588027000427, 0.7760830521583557),
            ["RightHand"] = CFrame.new(1.471489667892456e-07, -1.1920928955078125e-07, -2.60770320892334e-08, 0.9977608323097229, -0.06293687224388123, -0.0226371381431818, 0.05824775993824005, 0.9839953184127808, -0.16840612888336182, 0.03287379816174507, 0.1667104810476303, 0.9854577779769897),
            ["UpperTorso"] = CFrame.new(-7.450580596923828e-08, 2.384185791015625e-07, 7.450580596923828e-09, 0.988213300704956, 0.01589793525636196, 0.15225602686405182, -0.04036504030227661, 0.9864553213119507, 0.15898655354976654, -0.14766620099544525, -0.1632584184408188, 0.9754698872566223),
            ["HumanoidRootPart"] = CFrame.new(0, 0, 0, 1, 0, 0, 0, 1, 0, 0, 0, 1),
            ["RightUpperLeg"] = CFrame.new(3.5762786865234375e-07, -0.0000011567026376724243, 3.037785063497722e-07, 0.9737697839736938, -0.11252439022064209, 0.1977642923593521, 0.14571087062358856, 0.9759456515312195, -0.16216842830181122, -0.174759641289711, 0.1867310255765915, 0.9667423367500305),
            ["LeftUpperArm"] = CFrame.new(2.384185791015625e-07, -7.152557373046875e-07, -8.940696716308594e-08, 0.9967265725135803, 0.05102718621492386, 0.06270800530910492, -0.061680033802986145, 0.9814000129699707, 0.18179583549499512, -0.052265044301748276, -0.18506856262683868, 0.9813348650932312),
            ["RightLowerArm"] = CFrame.new(0.0000013113021850585938, -7.748603820800781e-07, 0.0000014118850231170654, 1, -6.332984980872425e-08, 7.450579886381092e-08, 7.450577754752885e-08, 0.11708967387676239, -0.993121325969696, 8.009371299522172e-08, 0.9931213855743408, 0.11708968132734299),
            ["LeftHand"] = CFrame.new(-7.599592208862305e-07, 4.172325134277344e-07, -7.301568984985352e-07, 0.9934855103492737, -0.11234469711780548, -0.019111640751361847, 0.10906150937080383, 0.9859609007835388, -0.12643910944461823, 0.033048100769519806, 0.12353113293647766, 0.9917902946472168),
            ["LeftFoot"] = CFrame.new(4.516914486885071e-08, 0, -2.2351741790771484e-08, 0.9897677302360535, -0.009978660382330418, 0.1423393338918686, 0.048777639865875244, 0.9611169099807739, -0.2718004584312439, -0.1340920776128769, 0.27596166729927063, 0.9517689943313599),
            ["LowerTorso"] = CFrame.new(0.166184201836586, -0.06138968467712402, 0.577488362789154, 0.9418808221817017, -0.03989626094698906, 0.33356985449790955, 0.054045576602220535, 0.9979850649833679, -0.03324230760335922, -0.33157145977020264, 0.049338266253471375, 0.9421391487121582),
            ["RightLowerLeg"] = CFrame.new(1.4901161193847656e-07, -0.000003516674041748047, -0.000013200733519624919, 1, -1.1920930376163597e-07, -6.705523958316917e-08, 1.6391277313232422e-07, 0.676186740398407, 0.73673015832901, 3.725290298461914e-09, -0.7367303371429443, 0.6761870384216309),
            ["LeftUpperLeg"] = CFrame.new(-4.76837158203125e-07, -5.820766091346741e-07, 4.991888999938965e-07, 0.9712740182876587, 0.13415372371673584, 0.1965438723564148, -0.05348607897758484, 0.9278804659843445, -0.3690219819545746, -0.23187507688999176, 0.34790918231010437, 0.9084014892578125),
            ["LeftLowerLeg"] = CFrame.new(7.078051567077637e-08, 0.000003814697265625, 0.00001329183578491211, 1, 7.776543498039246e-08, 8.847558063962424e-08, -1.345760693993725e-07, 0.7216373682022095, 0.6922710537910461, 6.426123633218594e-08, -0.69227135181427, 0.7216375470161438)
        }},
        [8] = {Time = 0.233, Data = {
            ["RightFoot"] = CFrame.new(1.4901161193847656e-08, 3.5762786865234375e-07, -2.8107024263590574e-08, 0.9498392343521118, 0.285309761762619, 0.1280779242515564, -0.2581029236316681, 0.9464115500450134, -0.19413375854492188, -0.17660248279571533, 0.15133896470069885, 0.9725781679153442),
            ["LeftLowerArm"] = CFrame.new(-0.000002384185791015625, 4.76837158203125e-07, -2.682209014892578e-07, 1, -8.195636524988004e-08, 7.450578820566989e-09, 4.4703469370688254e-08, 0.8170657157897949, -0.5765446424484253, -1.8626444830971423e-09, 0.5765446424484253, 0.8170657157897949),
            ["RightUpperArm"] = CFrame.new(1.1920928955078125e-07, 4.76837158203125e-07, 1.4156103134155273e-07, 0.6594738364219666, 0.7380132079124451, 0.1429368555545807, 0.5459182858467102, -0.33946692943573, -0.7659865617752075, -0.5167858004570007, 0.5831798911094666, -0.6267644762992859),
            ["Head"] = CFrame.new(1.0244548320770264e-07, -2.384185791015625e-07, 1.862645149230957e-09, 0.825234055519104, 0.08162254840135574, -0.5588617324829102, -0.0220230333507061, 0.993399977684021, 0.11256752163171768, 0.5643613338470459, -0.0805867612361908, 0.8215851187705994),
            ["RightHand"] = CFrame.new(-2.5331974029541016e-07, 5.960464477539062e-07, -1.2200325727462769e-07, 0.9977607131004333, -0.06293763965368271, -0.022636231034994125, 0.058248717337846756, 0.9839953184127808, -0.1684056669473648, 0.03287298232316971, 0.1667100340127945, 0.9854578971862793),
            ["UpperTorso"] = CFrame.new(-5.21540641784668e-08, 4.172325134277344e-07, 7.450580596923828e-09, 0.9906285405158997, 0.05141998082399368, 0.12653496861457825, -0.07210157066583633, 0.9836999773979187, 0.164729505777359, -0.11600206047296524, -0.17230910062789917, 0.978188693523407),
            ["HumanoidRootPart"] = CFrame.new(0, 0, 0, 1, 0, 0, 0, 1, 0, 0, 0, 1),
            ["RightUpperLeg"] = CFrame.new(5.960464477539062e-07, -6.984919309616089e-07, 1.7711863620206714e-07, 0.9645176529884338, -0.1345873475074768, 0.22713840007781982, 0.17780032753944397, 0.9670953750610352, -0.18197180330753326, -0.19517351686954498, 0.21590013802051544, 0.9567102193832397),
            ["LeftUpperArm"] = CFrame.new(2.980232238769531e-07, -4.76837158203125e-07, 1.1920928955078125e-07, 0.9974833130836487, 0.06678321212530136, 0.02381378598511219, -0.07016287744045258, 0.9781143665313721, 0.19588151574134827, -0.010211057960987091, -0.19705943763256073, 0.9803383946418762),
            ["RightLowerArm"] = CFrame.new(0.0000010132789611816406, -7.748603820800781e-07, 0.0000012256205081939697, 1, -7.078043751107543e-08, 4.0978189730367376e-08, 7.4505820180093e-08, 0.24622687697410583, -0.9692122340202332, 4.842878453814592e-08, 0.9692122936248779, 0.24622687697410583),
            ["LeftHand"] = CFrame.new(-4.917383193969727e-07, -2.384185791015625e-07, -3.427267074584961e-07, 0.9900681972503662, -0.13657182455062866, -0.0333658866584301, 0.12983272969722748, 0.9792418479919434, -0.1556561291217804, 0.05393150821328163, 0.14977823197841644, 0.9872477054595947),
            ["LeftFoot"] = CFrame.new(1.1874362826347351e-08, 1.1920928955078125e-07, -2.2351741790771484e-08, 0.986160397529602, -0.015692247077822685, 0.16505055129528046, 0.055867720395326614, 0.9687413573265076, -0.24170130491256714, -0.15609803795814514, 0.24757656455039978, 0.956210732460022),
            ["LowerTorso"] = CFrame.new(0.13836084306240082, -0.03405189514160156, 0.572356104850769, 0.9619067311286926, -0.04313207417726517, 0.2699540853500366, 0.06073683500289917, 0.9965135455131531, -0.057200368493795395, -0.26654574275016785, 0.07141757011413574, 0.9611726999282837),
            ["RightLowerLeg"] = CFrame.new(-5.960464477539063e-08, -0.000003516674041748047, -0.00001326033816440031, 1, -5.960465188081798e-08, -1.7136336794010276e-07, 1.3411046495548362e-07, 0.7123708724975586, 0.7018029093742371, -3.725290742551124e-09, -0.7018031477928162, 0.7123712301254272),
            ["LeftUpperLeg"] = CFrame.new(-4.172325134277344e-07, -2.952292561531067e-07, 1.4901161193847656e-07, 0.9597344398498535, 0.14252978563308716, 0.24206437170505524, -0.06207379326224327, 0.9480211734771729, -0.3120945692062378, -0.2739649713039398, 0.2845018208026886, 0.918695867061615),
            ["LeftLowerLeg"] = CFrame.new(-4.563480615615845e-08, 0.0000035762786865234375, 0.000013396143913269043, 1, 7.636845111846924e-08, -5.261968283321039e-08, -8.847558063962424e-08, 0.747120201587677, 0.6646886467933655, -8.288765229735873e-08, -0.6646890044212341, 0.7471204996109009)
        }},
        [9] = {Time = 0.267, Data = {
            ["RightFoot"] = CFrame.new(9.685754776000977e-08, 2.384185791015625e-07, -4.300818545743823e-08, 0.9594441056251526, 0.2478313148021698, 0.134338840842247, -0.23623216152191162, 0.9668861031532288, -0.09656933695077896, -0.15382307767868042, 0.060917846858501434, 0.9862188100814819),
            ["LeftLowerArm"] = CFrame.new(-0.0000028014183044433594, 6.556510925292969e-07, -0.0000010132789611816406, 1, -5.587936158235607e-08, 1.4901161193847656e-08, 5.215405707303944e-08, 0.8078590631484985, -0.5893757939338684, 1.1175869119028903e-08, 0.5893758535385132, 0.8078590631484985),
            ["RightUpperArm"] = CFrame.new(-1.1920928955078125e-07, 1.1920928955078125e-07, 1.7881393432617188e-07, 0.6722848415374756, 0.7273581027984619, 0.1377795934677124, 0.41506776213645935, -0.21624204516410828, -0.8837184309959412, -0.6129860877990723, 0.6512984037399292, -0.44727909564971924),
            ["Head"] = CFrame.new(7.450580596923828e-08, -4.76837158203125e-07, -4.842877388000488e-08, 0.8834533095359802, 0.06011062115430832, -0.4646470844745636, -0.003913001157343388, 0.992647647857666, 0.12097717076539993, 0.46850281953811646, -0.10505955666303635, 0.877193033695221),
            ["RightHand"] = CFrame.new(3.2782554626464844e-07, 1.1920928955078125e-07, -4.470348358154297e-08, 0.9977607727050781, -0.06293748319149017, -0.022635212168097496, 0.05824878066778183, 0.9839955568313599, -0.16840419173240662, 0.032871831208467484, 0.16670860350131989, 0.9854581356048584),
            ["UpperTorso"] = CFrame.new(-6.705522537231445e-08, 8.642673492431641e-07, 2.9802322387695312e-08, 0.9933845400810242, 0.07441619783639908, 0.0874619111418724, -0.08966751396656036, 0.9784656167030334, 0.18591664731502533, -0.07174330204725266, -0.19252921640872955, 0.9786651730537415),
            ["HumanoidRootPart"] = CFrame.new(0, 0, 0, 1, 0, 0, 0, 1, 0, 0, 0, 1),
            ["RightUpperLeg"] = CFrame.new(4.172325134277344e-07, -0.0000011846423149108887, 2.739761839620769e-07, 0.9597933888435364, -0.13207808136940002, 0.24769335985183716, 0.19361817836761475, 0.9503836631774902, -0.24348096549510956, -0.20324528217315674, 0.2816493511199951, 0.937744677066803),
            ["LeftUpperArm"] = CFrame.new(1.1920928955078125e-07, -8.344650268554688e-07, 8.940696716308594e-08, 0.9931194186210632, 0.10145758837461472, -0.058482348918914795, -0.08802776783704758, 0.9761244058609009, 0.19857536256313324, 0.07723301649093628, -0.19206099212169647, 0.9783392548561096),
            ["RightLowerArm"] = CFrame.new(4.172325134277344e-07, -3.5762786865234375e-07, 0.0000013941898941993713, 1, -4.470344805440618e-08, 4.470347647611561e-08, 1.043081283569336e-07, 0.39184054732322693, -0.9200332164764404, 6.891787052154541e-08, 0.9200331568717957, 0.39184051752090454),
            ["LeftHand"] = CFrame.new(-8.791685104370117e-07, -3.5762786865234375e-07, -4.023313522338867e-07, 0.9833803772926331, -0.17593538761138916, -0.04483267664909363, 0.16493470966815948, 0.968900203704834, -0.18446969985961914, 0.07589312642812729, 0.1740095168352127, 0.9818151593208313),
