return {
    ["Napal Baji"] = {
        {Time = 0.000, Data = {
            ["RightFoot"] = CFrame.new(1.2293457984924316e-07, 0, -0.00009999254689319059, 0.9964313507080078, 0.08213391900062561, 0.01945776306092739, -0.06690984964370728, 0.9091275930404663, -0.4111084043979645, -0.051455676555633545, 0.40833935141563416, 0.9113787412643433),
            ["LeftLowerArm"] = CFrame.new(-0.0006763935089111328, -0.000006616115570068359, -0.007729887962341309, 0.9998317360877991, -0.00812162458896637, -0.01644875481724739, -0.002084016799926758, 0.8405665159225464, -0.5417043566703796, 0.018226109445095062, 0.5416475534439087, 0.840408205986023),
            ["RightUpperArm"] = CFrame.new(0, 0, 0, 0.6596872806549072, -0.7491804957389832, 0.05950842797756195, -0.2405826598405838, -0.2855308949947357, -0.927681028842926, 0.7119919657707214, 0.5976627469062805, -0.3686009347438812),
            ["Head"] = CFrame.new(-2.9802322387695312e-08, -1.1920928955078125e-07, -1.4901161193847656e-08, 0.7679498791694641, -0.13184501230716705, 0.6267932653427124, 0.2195863127708435, 0.9734739065170288, -0.06426935642957687, -0.601693332195282, 0.1869908720254898, 0.7765305042266846),
            ["RightHand"] = CFrame.new(1.4901161193847656e-08, 5.960464477539063e-08, 7.450580596923828e-08, 0.9972304701805115, 0.051249247044324875, -0.053898006677627563, -0.05273721367120743, 0.9982552528381348, -0.02655630186200142, 0.05244315043091774, 0.029325338080525398, 0.9981932640075684),
            ["UpperTorso"] = CFrame.new(0, 0, 0, 0.8711252212524414, 0.17039164900779724, -0.46055129170417786, -0.10227762162685394, 0.9802582859992981, 0.16921284794807434, 0.4802916944026947, -0.10030148923397064, 0.8713549971580505),
            ["HumanoidRootPart"] = CFrame.new(0, 0, 0, 1, 0, 0, 0, 1, 0, 0, 0, 1),
            ["RightUpperLeg"] = CFrame.new(0, 0, 0, 0.7211803197860718, 0.40094923973083496, 0.5649236440658569, 0.1576303392648697, 0.6991130113601685, -0.6974193453788757, -0.6745752096176147, 0.5920141935348511, 0.4409847557544708),
            ["LeftUpperArm"] = CFrame.new(0, 0, 0, 0.7690409421920776, 0.5778548121452332, -0.273239403963089, -0.43196576833724976, 0.15474845468997955, -0.8885147571563721, -0.47114914655685425, 0.8013343214988708, 0.3686214089393616),
            ["RightLowerArm"] = CFrame.new(0.0001766681671142578, 0.00009322166442871094, -0.007729601114988327, 0.9998736381530762, 0.015405235812067986, -0.003939212765544653, -0.002950150053948164, -0.06370299309492111, -0.9979645609855652, -0.015624752268195152, 0.9978500604629517, -0.0636499896645546),
            ["LeftHand"] = CFrame.new(0, 0.00009971857070922852, -6.705522537231445e-08, 0.9984971880912781, -0.045482054352760315, 0.030574273318052292, 0.05094369500875473, 0.9759662747383118, -0.21188338100910187, -0.020202498883008957, 0.21312275528907776, 0.976816713809967),
            ["LeftFoot"] = CFrame.new(1.4901161193847656e-07, -5.960464477539063e-08, -5.960464477539063e-08, 0.9521945714950562, -0.2973327040672302, -0.0701327994465828, 0.30549219250679016, 0.9265435934066772, 0.2195262610912323, -0.0002912656927946955, -0.23045657575130463, 0.9730825424194336),
            ["LowerTorso"] = CFrame.new(0.3062390685081482, -0.32435011863708496, -0.002401824574917555, 0.9924396872520447, 0.03266303241252899, -0.11830724030733109, -0.02433563768863678, 0.9971679449081421, 0.07116111367940903, 0.12029652297496796, -0.06774403154850006, 0.9904239177703857),
            ["RightLowerLeg"] = CFrame.new(-2.9802322387695312e-08, -0.000060677528381347656, -0.00009998509631259367, 1, 3.725291151113197e-07, 1.0803340444454079e-07, -1.5646217832454568e-07, 0.3393876850605011, 0.9406465291976929, 2.0861622829215776e-07, -0.9406467080116272, 0.33938780426979065),
            ["LeftUpperLeg"] = CFrame.new(0, 0, 0, 0.5614333152770996, 0.8243191242218018, 0.07273640483617783, -0.2194201946258545, 0.2330402284860611, -0.9473896026611328, -0.7979018688201904, 0.5159362554550171, 0.31170880794525146),
            ["LeftLowerLeg"] = CFrame.new(-1.1920928955078125e-07, -0.00006097555160522461, -1.073349267244339e-07, 1, 1.4901164746561335e-08, 4.470348358154297e-08, -4.470348358154297e-08, 0.7932248115539551, 0.608929455280304, -1.3504177331924438e-08, -0.608928918838501, 0.7932243943214417),
        }},
        {Time = 0.020, Data = {
            ["RightFoot"] = CFrame.new(4.842877388000488e-08, 0, -0.00009994039282901213, 0.9964852333068848, 0.08151347190141678, 0.01931118592619896, -0.06768447905778885, 0.9192842245101929, -0.38773098587989807, -0.04935772344470024, 0.3850612938404083, 0.9215703010559082),
            ["LeftLowerArm"] = CFrame.new(-0.0006764531135559082, -0.000006735324859619141, -0.007729634642601013, 0.9998316168785095, -0.008083486929535866, -0.01647731475532055, -0.0020575139205902815, 0.8427584767341614, -0.5382879376411438, 0.018237674608826637, 0.5382313132286072, 0.8425999879837036),
            ["RightUpperArm"] = CFrame.new(0, 0, 0, 0.7006619572639465, -0.7133650779724121, 0.013529784977436066, -0.15276581048965454, -0.16851449012756348, -0.9737892150878906, 0.6969472169876099, 0.6802302002906799, -0.22704948484897614),
            ["Head"] = CFrame.new(-1.4901161193847656e-08, 0, 2.9802322387695312e-08, 0.7707645893096924, -0.12932322919368744, 0.6238568425178528, 0.2194955050945282, 0.9731380939483643, -0.06945512443780899, -0.5981166958808899, 0.19046740233898163, 0.7784463167190552),
            ["RightHand"] = CFrame.new(7.450580596923828e-09, -2.384185791015625e-07, 1.1175870895385742e-07, 0.998296320438385, 0.041480109095573425, -0.04103454202413559, -0.04242255538702011, 0.9988494515419006, -0.0223674438893795, 0.04005961865186691, 0.024070141837000847, 0.9989073872566223),
            ["UpperTorso"] = CFrame.new(0, 0, 0, 0.8732839822769165, 0.16939403116703033, -0.45681583881378174, -0.09967175871133804, 0.9798973202705383, 0.17282019555568695, 0.47690728306770325, -0.10538947582244873, 0.872612476348877),
            ["HumanoidRootPart"] = CFrame.new(0, 0, 0, 1, 0, 0, 0, 1, 0, 0, 0, 1),
            ["RightUpperLeg"] = CFrame.new(0, 0, 0, 0.7462467551231384, 0.4182239770889282, 0.5178846120834351, 0.14599856734275818, 0.6562172174453735, -0.7403130531311035, -0.6494614481925964, 0.6280666589736938, 0.42863988876342773),
            ["LeftUpperArm"] = CFrame.new(0, 0, 0, 0.769757866859436, 0.5264794826507568, -0.3609601855278015, -0.49201035499572754, 0.1290716528892517, -0.8609682321548462, -0.40669235587120056, 0.8403331637382507, 0.3583872616291046),
            ["RightLowerArm"] = CFrame.new(0.0001767277717590332, 0.00009322166442871094, -0.007729790173470974, 0.9998757839202881, 0.015418990515172482, -0.003279000986367464, -0.0029547284357249737, -0.021007675677537918, -0.9997749328613281, -0.015484456904232502, 0.9996604919433594, -0.020959945395588875),
            ["LeftHand"] = CFrame.new(-2.0116567611694336e-07, 0.00009948015213012695, -2.2351741790771484e-08, 0.9984604716300964, -0.04642082750797272, 0.030361134558916092, 0.051608480513095856, 0.978071928024292, -0.20177218317985535, -0.020329119637608528, 0.20302870869636536, 0.9789618253707886),
            ["LeftFoot"] = CFrame.new(-2.9802322387695312e-08, -1.7881393432617188e-07, -5.960464477539063e-08, 0.9408650994300842, -0.3297327160835266, -0.07777521759271622, 0.33868780732154846, 0.91008460521698, 0.2388245165348053, -0.007966275326907635, -0.251042902469635, 0.9679430723190308),
            ["LowerTorso"] = CFrame.new(0.3252032995223999, -0.3628910779953003, -0.0024018262047320604, 0.9924396872520447, 0.03266303241252899, -0.11830724030733109, -0.02433563768863678, 0.9971679449081421, 0.07116111367940903, 0.12029652297496796, -0.06774403154850006, 0.9904239177703857),
            ["RightLowerLeg"] = CFrame.new(5.21540641784668e-08, -0.000060439109802246094, -0.00010007450327975675, 1, 3.352761552832817e-07, 9.313227877782992e-08, -1.7508864402770996e-07, 0.2709687352180481, 0.9625881910324097, 3.0547380447387695e-07, -0.9625882506370544, 0.270969033241272),
            ["LeftUpperLeg"] = CFrame.new(0, 0, 0, 0.5396727919578552, 0.8418203592300415, -0.009582285769283772, -0.24608705937862396, 0.1468556821346283, -0.958057701587677, -0.8051052689552307, 0.5193957686424255, 0.28641510009765625),
            ["LeftLowerLeg"] = CFrame.new(0, -0.00006097555160522461, -7.82310962677002e-08, 1, -4.4703497792397684e-08, 5.960463056453591e-08, -1.0803341865539551e-07, 0.7544587254524231, 0.6563480496406555, -4.470348358154297e-08, -0.6563476920127869, 0.7544581890106201),
        }},
        {Time = 0.040, Data = {
            ["RightFoot"] = CFrame.new(9.499490261077881e-08, 0, -0.00010001489863498136, 0.9972938895225525, 0.07153774052858353, 0.01694788597524166, -0.06193830817937851, 0.9417687058448792, -0.3305075466632843, -0.03960472717881203, 0.3285636603832245, 0.9436511993408203),
            ["LeftLowerArm"] = CFrame.new(-0.0006764531135559082, -0.000006496906280517578, -0.007729694247245789, 0.9998316168785095, -0.008029120974242687, -0.016505002975463867, -0.002066653687506914, 0.8442786931991577, -0.5359001159667969, 0.018237512558698654, 0.5358442664146423, 0.8441200852394104),
            ["RightUpperArm"] = CFrame.new(0, 0, 0, 0.7936549782752991, -0.6034025549888611, -0.07757053524255753, -0.0007016240269877017, 0.12659797072410583, -0.9919538497924805, 0.6083677411079407, 0.787323534488678, 0.10005175322294235),
            ["Head"] = CFrame.new(-5.960464477539063e-08, 0, 7.450580596923828e-08, 0.7786659002304077, -0.12461584806442261, 0.614939272403717, 0.2163887470960617, 0.9732844829559326, -0.0767684206366539, -0.5889442563056946, 0.19284293055534363, 0.7848288416862488),
            ["RightHand"] = CFrame.new(1.7695128917694092e-08, -1.7881393432617188e-07, 1.3771932572126389e-07, 0.9995704889297485, 0.0225970596075058, -0.018660658970475197, -0.022802116349339485, 0.9996811151504517, -0.01085041556507349, 0.018409503623843193, 0.011271297931671143, 0.999767005443573),
            ["UpperTorso"] = CFrame.new(0, 0, 0, 0.8793074488639832, 0.16503575444221497, -0.44674554467201233, -0.09472982585430145, 0.9799037575721741, 0.1755417436361313, 0.4667383134365082, -0.11203505098819733, 0.8772704601287842),
            ["HumanoidRootPart"] = CFrame.new(0, 0, 0, 1, 0, 0, 0, 1, 0, 0, 0, 1),
            ["RightUpperLeg"] = CFrame.new(0, 0, 0, 0.8018136620521545, 0.41060999035835266, 0.43415921926498413, 0.12237460166215897, 0.5983121991157532, -0.791862964630127, -0.5849095582962036, 0.6880565881729126, 0.4294866919517517),
            ["LeftUpperArm"] = CFrame.new(0, 0, 0, 0.7643424272537231, 0.46958619356155396, -0.44189316034317017, -0.5464805364608765, 0.10800004005432129, -0.8304787874221802, -0.34225690364837646, 0.8762561678886414, 0.3391686975955963),
            ["RightLowerArm"] = CFrame.new(0.00017654895782470703, 0.00009357929229736328, -0.007729433476924896, 0.999881386756897, 0.015332197770476341, -0.0015283379470929503, -0.0029523824341595173, 0.09328389167785645, -0.9956352710723877, -0.015122616663575172, 0.9955214858055115, 0.09331761300563812),
            ["LeftHand"] = CFrame.new(-1.601874828338623e-07, 0.00009942054748535156, 0, 0.9984857439994812, -0.04636422172188759, 0.029609236866235733, 0.051181644201278687, 0.9802547097206116, -0.1909998208284378, -0.020169131457805634, 0.1922265738248825, 0.9811434149742126),
            ["LeftFoot"] = CFrame.new(2.9802322387695312e-08, -1.7881393432617188e-07, 5.960464477539063e-08, 0.9220486283302307, -0.3767354488372803, -0.08886188268661499, 0.3864234685897827, 0.8826083540916443, 0.2677311599254608, -0.02243366278707981, -0.28119906783103943, 0.9593870639801025),
            ["LowerTorso"] = CFrame.new(0.34898144006729126, -0.4093194007873535, -0.0024018283002078533, 0.9924396872520447, 0.03266303241252899, -0.11830724030733109, -0.02433563768863678, 0.9971679449081421, 0.07116111367940903, 0.12029652297496796, -0.06774403154850006, 0.9904239177703857),
            ["RightLowerLeg"] = CFrame.new(-3.725290298461914e-08, -0.000060498714447021484, -0.00010002979979617521, 1, 3.129244134925102e-07, 1.2293457984924316e-07, -1.3038514623531228e-07, 0.19528236985206604, 0.9807470440864563, 2.719461633660103e-07, -0.9807471632957458, 0.19528266787528992),
            ["LeftUpperLeg"] = CFrame.new(0, 0, 0, 0.5063890814781189, 0.8506064414978027, -0.14155852794647217, -0.28482967615127563, 0.010048323310911655, -0.9585254788398743, -0.8139055371284485, 0.5257068872451782, 0.2473662942647934),
            ["LeftLowerLeg"] = CFrame.new(2.9802322387695312e-08, -0.00006085634231567383, -1.1920928955078125e-07, 1, 1.3411049337719305e-07, 7.450579175838357e-08, -1.4435499906539917e-07, 0.6865277886390686, 0.7271040081977844, 7.450580596923828e-09, -0.7271036505699158, 0.6865272521972656),
        }},
        {Time = 0.060, Data = {
            ["RightFoot"] = CFrame.new(-4.889443516731262e-08, 5.960464477539063e-08, -0.00010001489863498136, 0.9993290305137634, 0.03564176708459854, 0.008443632163107395, -0.03186454251408577, 0.9596267342567444, -0.27946561574935913, -0.018063336610794067, 0.27900949120521545, 0.9601186513900757),
            ["LeftLowerArm"] = CFrame.new(-0.0006765127182006836, -0.000006616115570068359, -0.007729575037956238, 0.9998315572738647, -0.00802252534776926, -0.016513166949152946, -0.0020477771759033203, 0.8451287150382996, -0.5345589518547058, 0.01824468933045864, 0.5345027446746826, 0.8449699282646179),
            ["RightUpperArm"] = CFrame.new(0, 0, 0, 0.8986493349075317, -0.42481541633605957, -0.10936737805604935, 0.08496798574924469, 0.41316327452659607, -0.906684398651123, 0.4303600788116455, 0.8054986000061035, 0.40738460421562195),
            ["Head"] = CFrame.new(0, -1.1920928955078125e-07, 0, 0.7909991145133972, -0.11791174113750458, 0.6003476977348328, 0.21039612591266632, 0.9738311171531677, -0.08594519644975662, -0.5745032429695129, 0.19429339468479156, 0.7951076030731201),
            ["RightHand"] = CFrame.new(1.7881393432617188e-07, -3.5762786865234375e-07, 8.195638656616211e-08, 0.9999125599861145, 0.011260437779128551, -0.006933005526661873, -0.01125095784664154, 0.9999357461929321, 0.0014125261222943664, 0.006948545575141907, -0.0013343695318326354, 0.9999750256538391),
            ["UpperTorso"] = CFrame.new(0, 0, 0, 0.8886128664016724, 0.15749448537826538, -0.4307698905467987, -0.08766218274831772, 0.9802016019821167, 0.17753930389881134, 0.4502027928829193, -0.12000147998332977, 0.8848260045051575),
            ["HumanoidRootPart"] = CFrame.new(0, 0, 0, 1, 0, 0, 0, 1, 0, 0, 0, 1),
            ["RightUpperLeg"] = CFrame.new(0, 0, 0, 0.8723747730255127, 0.373698890209198, 0.31513723731040955, 0.08212977647781372, 0.5234566926956177, -0.8480848073959351, -0.481889009475708, 0.7657299637794495, 0.4259586036205292),
            ["LeftUpperArm"] = CFrame.new(0, 0, 0, 0.7531647682189941, 0.4085104465484619, -0.515618085861206, -0.5957344174385071, 0.09112440794706345, -0.7979955077171326, -0.2790040969848633, 0.9081935286521912, 0.3119954466819763),
            ["RightLowerArm"] = CFrame.new(0.0001766681671142578, 0.00009363889694213867, -0.007729498669505119, 0.9998894929885864, 0.01484125666320324, 0.0009508884977549314, -0.0028570727445185184, 0.25444725155830383, -0.9670825600624084, -0.014594861306250095, 0.966972827911377, 0.2544611394405365),
            ["LeftHand"] = CFrame.new(2.2351741790771484e-07, 0.00009965896606445312, 1.7881393432617188e-07, 0.9985638856887817, -0.04541474208235741, 0.028422750532627106, 0.049794577062129974, 0.9824849367141724, -0.17956586182117462, -0.019769953563809395, 0.1807234287261963, 0.9833353757858276),
            ["LeftFoot"] = CFrame.new(-1.1920928955078125e-07, -2.384185791015625e-07, 0, 0.9033307433128357, -0.4174878001213074, -0.0984739363193512, 0.4265943467617035, 0.8503873348236084, 0.30799251794815063, -0.044842034578323364, -0.32022711634635925, 0.9462788105010986),
            ["LowerTorso"] = CFrame.new(0.37724536657333374, -0.47163474559783936, -0.0024018308613449335, 0.9924396872520447, 0.03266303241252899, -0.11830724030733109, -0.02433563768863678, 0.9971679449081421, 0.07116111367940903, 0.12029652297496796, -0.06774403154850006, 0.9904239177703857),
            ["RightLowerLeg"] = CFrame.new(-5.587935447692871e-08, -0.000060498714447021484, -0.00009988078818423674, 1, 3.1478703022003174e-07, 1.1082741480095137e-07, -2.1699818830711592e-07, 0.09818300604820251, 0.9951683878898621, 2.4214389782173384e-07, -0.9951684474945068, 0.0981832817196846),
            ["LeftUpperLeg"] = CFrame.new(0, 0, 0, 0.47579970955848694, 0.848473310470581, -0.23174899816513062, -0.3184778690338135, -0.0794108510017395, -0.9445981979370117, -0.8198697566986084, 0.5232465267181396, 0.23243634402751923),
            ["LeftLowerLeg"] = CFrame.new(-5.960464477539063e-08, -0.00006103515625, -1.4901161193847656e-07, 1, 8.940700979565008e-08, 1.0430811414607888e-07, -1.0430814256778831e-07, 0.6581535339355469, 0.7528841495513916, 0, -0.7528838515281677, 0.6581531167030334),
        }},
        {Time = 0.080, Data = {
            ["RightFoot"] = CFrame.new(-4.307366907596588e-08, 1.1920928955078125e-07, -0.00010002979979617521, 0.9997759461402893, -0.020598912611603737, -0.004880720749497414, 0.018650319427251816, 0.966160774230957, -0.2572652995586395, 0.010015000589191914, 0.25711697340011597, 0.966328501701355),
            ["LeftLowerArm"] = CFrame.new(-0.0006768703460693359, -0.0000064373016357421875, -0.0077299028635025024, 0.99983149766922, -0.008012012578547001, -0.016517987474799156, -0.0020523362327367067, 0.845323920249939, -0.5342504978179932, 0.018243540078401566, 0.5341942310333252, 0.8451648354530334),
            ["RightUpperArm"] = CFrame.new(0, 0, 0, 0.9584270715713501, -0.2765180170536041, -0.07039470225572586, 0.09299301356077194, 0.5359384417533875, -0.8391199707984924, 0.26975899934768677, 0.7976890802383423, 0.5393720865249634),
            ["Head"] = CFrame.new(0, 0, 8.940696716308594e-08, 0.8070196509361267, -0.1093745306134224, 0.5803071856498718, 0.20161384344100952, 0.9746824502944946, -0.09667454659938812, -0.555041491985321, 0.1950162649154663, 0.8086393475532532),
            ["RightHand"] = CFrame.new(-2.9802322387695312e-08, -2.384185791015625e-07, -2.9802322387695312e-08, 0.9997004270553589, 0.0212895218282938, -0.012072394602000713, -0.021196281537413597, 0.9997448921203613, 0.00781145878136158, 0.012235613539814949, -0.007553223520517349, 0.9998966455459595),
            ["UpperTorso"] = CFrame.new(0, 0, 0, 0.900513768196106, 0.1469234675168991, -0.4092535078525543, -0.07865723967552185, 0.9806999564170837, 0.1789988875389099, 0.4276540279388428, -0.1290002018213272, 0.8946903944015503),
            ["HumanoidRootPart"] = CFrame.new(0, 0, 0, 1, 0, 0, 0, 1, 0, 0, 0, 1),
            ["RightUpperLeg"] = CFrame.new(0, 0, 0, 0.9391308426856995, 0.2832530438899994, 0.1944248378276825, 0.036029305309057236, 0.48159298300743103, -0.8756541013717651, -0.3416653275489807, 0.8293588161468506, 0.44207340478897095),
            ["LeftUpperArm"] = CFrame.new(0, 0, 0, 0.736699640750885, 0.3445153534412384, -0.5818787217140198, -0.6401363015174866, 0.07796861976385117, -0.7642946839332581, -0.2179429531097412, 0.9355373382568359, 0.27797624468803406),
            ["RightLowerArm"] = CFrame.new(0.0001767873764038086, 0.00009340047836303711, -0.007729887962341309, 0.9998972415924072, 0.013947929255664349, 0.0033200178295373917, -0.0026721421163529158, 0.40880149602890015, -0.9126197695732117, -0.014086277224123478, 0.9125168323516846, 0.408796101808548),
            ["LeftHand"] = CFrame.new(-2.2351741790771484e-07, 0.00009959936141967773, -8.940696716308594e-08, 0.9986810684204102, -0.04372575134038925, 0.02691265009343624, 0.0476280152797699, 0.9847257137298584, -0.1674727350473404, -0.01917863078415394, 0.1685335338115692, 0.9855093955993652),
            ["LeftFoot"] = CFrame.new(-1.4901161193847656e-07, -5.960464477539063e-08, -5.960464477539063e-08, 0.878774881362915, -0.46448978781700134, -0.10956059396266937, 0.47676903009414673, 0.8443081378936768, 0.24461351335048676, -0.021117502823472023, -0.2671949863433838, 0.9634110331535339),
            ["LowerTorso"] = CFrame.new(0.3917238116264343, -0.5052392482757568, -0.002401824574917555, 0.9924396872520447, 0.03266303241252899, -0.11830724030733109, -0.02433563768863678, 0.9971679449081421, 0.07116111367940903, 0.12029652297496796, -0.06774403154850006, 0.9904239177703857),
            ["RightLowerLeg"] = CFrame.new(-1.1175870895385742e-08, -0.000060498714447021484, -0.00009986588702304289, 1, 3.185123489402031e-07, 1.788139627478813e-07, -1.4202669262886047e-07, 0.048373423516750336, 0.9988293647766113, 2.868473529815674e-07, -0.9988293647766113, 0.04837372153997421),
            ["LeftUpperLeg"] = CFrame.new(0, 0, 0, 0.48443880677223206, 0.840576171875, -0.24238541722297668, -0.3755407929420471, -0.050423700362443924, -0.9254331588745117, -0.7901190519332886, 0.539341390132904, 0.29124346375465393),
            ["LeftLowerLeg"] = CFrame.new(5.960464477539063e-08, -0.00006091594696044922, -8.940696716308594e-08, 1, 1.0430816388407038e-07, 5.960463766996327e-08, -1.8905851106865157e-07, 0.6287469863891602, 0.7776103019714355, 2.980232594040899e-08, -0.7776099443435669, 0.6287466287612915),
        }},
        {Time = 0.100, Data = {
            ["RightFoot"] = CFrame.new(6.28642737865448e-08, 2.384185791015625e-07, -0.00010003701754612848, 0.9982377290725708, -0.05774281919002533, -0.013680710457265377, 0.05289275571703911, 0.9703086614608765, -0.2360159307718277, 0.026902684941887856, 0.23487673699855804, 0.9716529846191406),
            ["LeftLowerArm"] = CFrame.new(-0.0006768107414245605, -0.000006496906280517578, -0.007729801349341869, 0.9998316168785095, -0.007999724708497524, -0.016518203541636467, -0.0020771988201886415, 0.8448976874351501, -0.5349239110946655, 0.018235452473163605, 0.5348681211471558, 0.8447388410568237),
            ["RightUpperArm"] = CFrame.new(0, 0, 0, 0.9846913814544678, -0.17407898604869843, -0.008916722610592842, 0.09950904548168182, 0.6034077405929565, -0.791199803352356, 0.1431116759777069, 0.7782003283500671, 0.6114928126335144),
            ["Head"] = CFrame.new(2.9802322387695312e-08, -1.1920928955078125e-07, -8.940696716308594e-08, 0.8259113430976868, -0.09915736317634583, 0.5550119876861572, 0.1901284158229828, 0.9757335186004639, -0.10860675573348999, -0.5307745933532715, 0.19522309303283691, 0.8247219324111938),
            ["RightHand"] = CFrame.new(-7.450580596923828e-08, -4.172325134277344e-07, 8.940696716308594e-08, 0.9985170364379883, 0.04750901088118553, -0.026583340018987656, -0.047045834362506866, 0.9987343549728394, 0.01779053546488285, 0.027394991368055344, -0.01651350036263466, 0.9994882941246033),
            ["UpperTorso"] = CFrame.new(0, 0, 0, 0.9209113717079163, 0.13985241949558258, -0.3638179898262024, -0.07440950721502304, 0.9793258905410767, 0.18810652196407318, 0.3826034963130951, -0.14615793526172638, 0.9122787117958069),
            ["HumanoidRootPart"] = CFrame.new(0, 0, 0, 1, 0, 0, 0, 1, 0, 0, 0, 1),
            ["RightUpperLeg"] = CFrame.new(0, 0, 0, 0.9811629056930542, 0.16626840829849243, 0.098357193171978, 0.0070136478170752525, 0.4781475067138672, -0.8782515525817871, -0.19305472075939178, 0.8623976707458496, 0.467974454164505),
            ["LeftUpperArm"] = CFrame.new(0, 0, 0, 0.7154953479766846, 0.27883613109588623, -0.6405597925186157, -0.6800486445426941, 0.06799007207155228, -0.7300077080726624, -0.16000080108642578, 0.9579288959503174, 0.2382686883211136),
            ["RightLowerArm"] = CFrame.new(0.00017654895782470703, 0.0000934600830078125, -0.007729589939117432, 0.9998995065689087, 0.013615344651043415, 0.003956908825784922, -0.0025884120259433985, 0.44967249035835266, -0.8931899070739746, -0.013940352015197277, 0.8930897116661072, 0.4496622085571289),
            ["LeftHand"] = CFrame.new(-1.043081283569336e-07, 0.00009953975677490234, 1.6391277313232422e-07, 0.9988250732421875, -0.04141389578580856, 0.02516714669764042, 0.044820159673690796, 0.9869385361671448, -0.1547374129295349, -0.018430177122354507, 0.1556834876537323, 0.9876351356506348),
            ["LeftFoot"] = CFrame.new(0, -2.384185791015625e-07, -8.940696716308594e-08, 0.8482670187950134, -0.5154241919517517, -0.12157565355300903, 0.5232398509979248, 0.8511307239532471, 0.04238982871174812, 0.08162830024957657, -0.09957068413496017, 0.9916765689849854),
            ["LowerTorso"] = CFrame.new(0.3662642240524292, -0.4990743398666382, -0.0005743452347815037, 0.9903058409690857, 0.022877603769302368, -0.13700726628303528, -0.013842935673892498, 0.9976879954338074, 0.06653639674186707, 0.13821269571781158, -0.06399479508399963, 0.9883329272270203),
            ["RightLowerLeg"] = CFrame.new(1.341104507446289e-07, -0.000060439109802246094, -0.00010016391024691984, 1, -8.3819010399111e-08, -1.685693717945469e-07, 1.73225998878479e-07, 0.07426334917545319, 0.9972386360168457, -1.7695128917694092e-08, -0.9972386360168457, 0.07426360994577408),
            ["LeftUpperLeg"] = CFrame.new(0, 0, 0, 0.5354105234146118, 0.8189128041267395, -0.2066819667816162, -0.4693011939525604, 0.08500082045793533, -0.8789375424385071, -0.7022050619125366, 0.5675885081291199, 0.42982709407806396),
            ["LeftLowerLeg"] = CFrame.new(8.940696716308594e-08, -0.00006097555160522461, 4.470348358154297e-08, 1, 2.7520587764229276e-07, 2.0861622829215776e-07, -3.0174851417541504e-07, 0.5634707808494568, 0.8261359333992004, 2.9802322387695312e-08, -0.8261359930038452, 0.5634708404541016),
        }},
        {Time = 0.120, Data = {
            ["RightFoot"] = CFrame.new(-6.397021934390068e-08, 2.384185791015625e-07, -0.00010003725037677214, 0.9972106218338013, -0.07262864708900452, -0.017206735908985138, 0.0682511180639267, 0.9806174635887146, -0.18366031348705292, 0.030212322250008583, 0.18197385966777802, 0.9828392267227173),
            ["LeftLowerArm"] = CFrame.new(-0.0006767511367797852, -0.000006556510925292969, -0.007729765027761459, 0.9998316764831543, -0.008026380091905594, -0.016502557322382927, -0.002080872654914856, 0.8438950777053833, -0.5365043878555298, 0.018232733011245728, 0.5364481806755066, 0.8437362909317017),
            ["RightUpperArm"] = CFrame.new(0, 0, 0, 0.993833601474762, -0.07773833721876144, 0.0790664479136467, 0.11087539047002792, 0.7043378353118896, -0.701152503490448, -0.0011830627918243408, 0.7055954337120056, 0.7086138725280762),
            ["Head"] = CFrame.new(-2.9802322387695312e-08, 0, 2.9802322387695312e-08, 0.8468051552772522, -0.08741619437932968, 0.5246707797050476, 0.17603734135627747, 0.9768736958503723, -0.12136130034923553, -0.5019282102584839, 0.19513101875782013, 0.8426101803779602),
            ["RightHand"] = CFrame.new(2.9802322387695312e-08, -2.384185791015625e-07, -2.2351741790771484e-08, 0.9967549443244934, 0.0688752755522728, -0.041662707924842834, -0.06863607466220856, 0.9976162314414978, 0.007150489836931229, 0.042055997997522354, -0.004267723765224218, 0.999106228351593),
            ["UpperTorso"] = CFrame.new(0, 0, 0, 0.9473186731338501, 0.13655021786689758, -0.28972625732421875, -0.07757314294576645, 0.9754519462585449, 0.20609691739082336, 0.3107565939426422, -0.17276448011398315, 0.9346565008163452),
            ["HumanoidRootPart"] = CFrame.new(0, 0, 0, 1, 0, 0, 0, 1, 0, 0, 0, 1),
            ["RightUpperLeg"] = CFrame.new(0, 0, 0, 0.9983227849006653, 0.05441014841198921, 0.01977582834661007, -0.008816884830594063, 0.4805068075656891, -0.8769466876983643, -0.05721721798181534, 0.8753015398979187, 0.48018065094947815),
            ["LeftUpperArm"] = CFrame.new(0, 0, 0, 0.6901854276657104, 0.212663933634758, -0.6916778683662415, -0.7158257961273193, 0.06062101945281029, -0.6956425905227661, -0.1060078889131546, 0.9752431511878967, 0.19407005608081818),
            ["RightLowerArm"] = CFrame.new(0.00017660856246948242, 0.00009340047836303711, -0.007729530334472656, 0.9998977184295654, 0.013874594122171402, 0.0034653134644031525, -0.002653642790392041, 0.4181056320667267, -0.9083946943283081, -0.014052722603082657, 0.9082924127578735, 0.4180995523929596),
            ["LeftHand"] = CFrame.new(2.980232238769531e-07, 0.0000997781753540039, 2.9802322387695312e-08, 0.998985230922699, -0.038568831980228424, 0.023258259519934654, 0.041478488594293594, 0.9890845417976379, -0.14139105379581451, -0.017551274970173836, 0.14221209287643433, 0.9896806478500366),
            ["LeftFoot"] = CFrame.new(1.7881393432617188e-07, -2.980232238769531e-07, 3.725290298461914e-08, 0.8438675999641418, -0.5222203135490417, -0.123177669942379, 0.5000302195549011, 0.8486743569374084, -0.17240175604820251, 0.1945696622133255, 0.08389196544885635, 0.9772946834564209),
            ["LowerTorso"] = CFrame.new(0.30004170536994934, -0.4822416305541992, 0.0034460960887372494, 0.9840598106384277, 0.0010226129088550806, -0.1778349131345749, 0.008883723989129066, 0.9984524250030518, 0.05490005388855934, 0.17761582136154175, -0.05560477823019028, 0.9825277328491211),
            ["RightLowerLeg"] = CFrame.new(-1.1455267667770386e-07, -0.000060677528381347656, -0.0001000409756670706, 1, 5.448238482586021e-08, -1.2258531967290764e-07, 9.150242874511605e-08, 0.14466729760169983, 0.9894803762435913, -2.4680044674596502e-08, -0.9894804358482361, 0.1446673572063446),
            ["LeftUpperLeg"] = CFrame.new(0, 0, 0, 0.6253802180290222, 0.7688650488853455, -0.13321441411972046, -0.5405129790306091, 0.3037007451057434, -0.7846091389656067, -0.56280118227005, 0.5626831650733948, 0.6055100560188293),
            ["LeftLowerLeg"] = CFrame.new(-1.1920928955078125e-07, -0.00006103515625, -1.1920928955078125e-07, 1, 2.7194622020942916e-07, 1.7881390590446244e-07, -2.5331962660857243e-07, 0.5446325540542603, 0.8386749625205994, 7.450577044210149e-08, -0.8386748433113098, 0.5446323752403259),
        }},
        {Time = 0.140, Data = {
            ["RightFoot"] = CFrame.new(-1.955777406692505e-08, 5.960464477539063e-08, -0.00010001489863498136, 0.9966071248054504, -0.08008929342031479, -0.018974514678120613, 0.07589593529701233, 0.9834308624267578, -0.16463153064250946, 0.031845349818468094, 0.16263315081596375, 0.986172616481781),
            ["LeftLowerArm"] = CFrame.new(-0.0006765127182006836, -0.000006377696990966797, -0.007729753851890564, 0.9998316764831543, -0.008079258725047112, -0.01647578924894333, -0.0020732134580612183, 0.8423739075660706, -0.5388896465301514, 0.018232308328151703, 0.53883296251297, 0.8422152996063232),
            ["RightUpperArm"] = CFrame.new(0, 0, 0, 0.9808492064476013, 0.009649664163589478, 0.19452933967113495, 0.11734804511070251, 0.7678599953651428, -0.6297781467437744, -0.15544843673706055, 0.6405450105667114, 0.7520225048065186),
            ["Head"] = CFrame.new(4.470348358154297e-08, 0, -8.940696716308594e-08, 0.8688027262687683, -0.07432062923908234, 0.48954907059669495, 0.15946970880031586, 0.9779924154281616, -0.1345374435186386, -0.4687763452529907, 0.1949547380208969, 0.8615343570709229),
            ["RightHand"] = CFrame.new(6.705522537231445e-08, -1.7881393432617188e-07, -6.624031811952591e-08, 0.9956759214401245, 0.07691644877195358, -0.05208982154726982, -0.0790925845503807, 0.9960203766822815, -0.04108404368162155, 0.04872257634997368, 0.04502629116177559, 0.9977969527244568),
            ["UpperTorso"] = CFrame.new(0, 0, 0, 0.9692313075065613, 0.1290302276611328, -0.20962315797805786, -0.08087610453367233, 0.9712522029876709, 0.22389338910579681, 0.23248594999313354, -0.2000509798526764, 0.9518035054206848),
            ["HumanoidRootPart"] = CFrame.new(0, 0, 0, 1, 0, 0, 0, 1, 0, 0, 0, 1),
            ["RightUpperLeg"] = CFrame.new(0, 0, 0, 0.9973544478416443, -0.05771063268184662, -0.044199492782354355, -0.016419917345046997, 0.4134672284126282, -0.910370945930481, 0.0708131194114685, 0.9086882472038269, 0.41142576932907104),
            ["LeftUpperArm"] = CFrame.new(0, 0, 0, 0.6614883542060852, 0.14710015058517456, -0.7353874444961548, -0.7478135824203491, 0.055320728570222855, -0.6615999341011047, -0.05663927644491196, 0.9875733852386475, 0.1465975046157837),
            ["RightLowerArm"] = CFrame.new(0.00017660856246948242, 0.00009375810623168945, -0.007729530334472656, 0.9998974800109863, 0.013914825394749641, 0.0033916751854121685, -0.002666517160832882, 0.41353362798690796, -0.9104852080345154, -0.014071661047637463, 0.9103826284408569, 0.41352778673171997),
            ["LeftHand"] = CFrame.new(0, 0.00009965896606445312, 5.960464477539063e-08, 0.9991506338119507, -0.03530136123299599, 0.021256854757666588, 0.037729885429143906, 0.991123378276825, -0.1274794191122055, -0.016568051651120186, 0.12817303836345673, 0.991613507270813),
            ["LeftFoot"] = CFrame.new(0, -1.7881393432617188e-07, -7.450580596923828e-09, 0.8719792366027832, -0.47646787762641907, -0.11238599568605423, 0.42889997363090515, 0.8542312383651733, -0.2938261330127716, 0.2360023707151413, 0.2080078125, 0.9492289423942566),
            ["LowerTorso"] = CFrame.new(0.20829054713249207, -0.45723414421081543, 0.007466537412256002, 0.9756958484649658, -0.02137068100273609, -0.21808497607707977, 0.030911924317479134, 0.9987040162086487, 0.0404321663081646, 0.21693828701972961, -0.046190910041332245, 0.9750919342041016),
            ["RightLowerLeg"] = CFrame.new(-4.842877388000488e-08, -0.00006079673767089844, -0.00009998509631259367, 1, -1.3783565577796253e-07, -2.1327284116523515e-07, 3.478489816188812e-07, 0.11810465157032013, 0.9930011034011841, -1.1548399925231934e-07, -0.9930011630058289, 0.1181049793958664),
            ["LeftUpperLeg"] = CFrame.new(0, 0, 0, 0.7411804795265198, 0.6663695573806763, -0.08125995099544525, -0.5524348020553589, 0.5366783738136292, -0.6378025412559509, -0.38140174746513367, 0.5176176428794861, 0.7659012675285339),
            ["LeftLowerLeg"] = CFrame.new(1.1175870895385742e-07, -0.00006091594696044922, 2.9802322387695312e-08, 1, 4.693866912930389e-07, 2.607704061574623e-07, -4.693866912930389e-07, 0.6023874282836914, 0.7982039451599121, 1.49011640360186e-07, -0.7982038855552673, 0.6023873090744019),
        }},
        {Time = 0.160, Data = {
            ["RightFoot"] = CFrame.new(-3.5390257835388184e-08, -1.7881393432617188e-07, -0.00009997019515139982, 0.9969285726547241, -0.0762077122926712, -0.01805540919303894, 0.0712614506483078, 0.9783077836036682, -0.1945139765739441, 0.032487280666828156, 0.19263021647930145, 0.9807336330413818),
            ["LeftLowerArm"] = CFrame.new(-0.0006768107414245605, -0.000006496906280517578, -0.007729820907115936, 0.9998317956924438, -0.008132202550768852, -0.016444219276309013, -0.0020780707709491253, 0.8404002785682678, -0.5419623851776123, 0.01822745054960251, 0.5419052839279175, 0.8402419686317444),
            ["RightUpperArm"] = CFrame.new(0, 0, 0, 0.9459992051124573, 0.1250080168247223, 0.2990962266921997, 0.10298064351081848, 0.7589723467826843, -0.6429276466369629, -0.3073768615722656, 0.6390101909637451, 0.7051138281822205),
            ["Head"] = CFrame.new(-3.166496753692627e-08, 2.384185791015625e-07, 2.9802322387695312e-08, 0.8910048604011536, -0.060061968863010406, 0.45000317692756653, 0.1406024694442749, 0.9789829254150391, -0.14772745966911316, -0.4316726326942444, 0.19489741325378418, 0.8807234168052673),
            ["RightHand"] = CFrame.new(3.91155481338501e-08, -4.172325134277344e-07, 4.6566128730773926e-09, 0.99654620885849, 0.0675433874130249, -0.04830712452530861, -0.07233639061450958, 0.9917808175086975, -0.10553882271051407, 0.04078170284628868, 0.10866881161928177, 0.9932412505149841),
            ["UpperTorso"] = CFrame.new(0, 0, 0, 0.9825689792633057, 0.111629419028759, -0.14865049719810486, -0.07452163845300674, 0.9690952301025391, 0.23516158759593964, 0.1703074425458908, -0.21998479962348938, 0.9605217576026917),
            ["HumanoidRootPart"] = CFrame.new(0, 0, 0, 1, 0, 0, 0, 1, 0, 0, 0, 1),
            ["RightUpperLeg"] = CFrame.new(0, 0, 0, 0.9797282218933105, -0.19216573238372803, -0.056612469255924225, -0.005177726503461599, 0.25821003317832947, -0.9660749435424805, 0.20026440918445587, 0.9467839598655701, 0.2519806921482086),
            ["LeftUpperArm"] = CFrame.new(0, 0, 0, 0.6301846504211426, 0.08316576480865479, -0.771978497505188, -0.7763460874557495, 0.051597483456134796, -0.6281914114952087, -0.012411877512931824, 0.9951990842819214, 0.09708136320114136),
            ["RightLowerArm"] = CFrame.new(0.0001767277717590332, 0.00009334087371826172, -0.007729716598987579, 0.9999006986618042, 0.01339828409254551, 0.0043742167763412, -0.0025587494019418955, 0.4777620732784271, -0.8784857392311096, -0.013860214501619339, 0.8783871531486511, 0.4777485728263855),
            ["LeftHand"] = CFrame.new(1.341104507446289e-07, 0.00009959936141967773, -1.564621925354004e-07, 0.9993119239807129, -0.031719520688056946, 0.01922379620373249, 0.033694762736558914, 0.9930166006088257, -0.11306127905845642, -0.015503406524658203, 0.11363117396831512, 0.9934021234512329),
            ["LeftFoot"] = CFrame.new(6.984919309616089e-08, -1.7881393432617188e-07, 0, 0.8952738046646118, -0.43361717462539673, -0.10227886587381363, 0.3676513135433197, 0.8487339019775391, -0.3801104426383972, 0.2516295909881592, 0.30269941687583923, 0.9192688465118408),
            ["LowerTorso"] = CFrame.new(0.10624504089355469, -0.4265449047088623, 0.009294015355408192, 0.9711998105049133, -0.032202351838350296, -0.23608028888702393, 0.04018435254693031, 0.9987691640853882, 0.02907623164355755, 0.2348533421754837, -0.03772556036710739, 0.9712985157966614),
            ["RightLowerLeg"] = CFrame.new(-1.0803341865539551e-07, -0.00006079673767089844, -0.00010020116314990446, 1, -1.452862647965958e-07, -2.710149260565231e-07, 2.5518241386635054e-07, -0.020292770117521286, 0.9997941255569458, -1.6391278734317893e-07, -0.9997941255569458, -0.020292581990361214),
            ["LeftUpperLeg"] = CFrame.new(0, 0, 0, 0.8215369582176208, 0.5419818162918091, -0.1770109087228775, -0.5375982522964478, 0.6329392790794373, -0.5571140050888062, -0.1899084746837616, 0.5528504848480225, 0.811351478099823),
            ["LeftLowerLeg"] = CFrame.new(-9.12696123123169e-08, -0.00006091594696044922, 4.470348358154297e-08, 1, 7.636849375103338e-08, 9.313225746154785e-08, -1.0430814256778831e-07, 0.5502630472183228, 0.8349918127059937, -1.1175872671742582e-08, -0.834991455078125, 0.5502625107765198),
        }},
        {Time = 0.180, Data = {
            ["RightFoot"] = CFrame.new(-6.705522537231445e-08, 2.980232238769531e-07, -0.00010002979979617521, 0.9999997615814209, -0.0007328729843720794, -0.0001741973392199725, 0.0006817933171987534, 0.978834867477417, -0.20465007424354553, 0.0003204513341188431, 0.20465035736560822, 0.9788352847099304),
            ["LeftLowerArm"] = CFrame.new(-0.0006768107414245605, -0.000006496906280517578, -0.0077297985553741455, 0.9998318552970886, -0.008194014430046082, -0.016407793387770653, -0.002085551619529724, 0.8380417227745056, -0.5456022620201111, 0.01822122558951378, 0.5455446839332581, 0.8378835916519165),
            ["RightUpperArm"] = CFrame.new(0, 0, 0, 0.8783861398696899, 0.29729118943214417, 0.37424030900001526, 0.058356136083602905, 0.7104410529136658, -0.7013330459594727, -0.47437581419944763, 0.6378804445266724, 0.6066928505897522),
            ["Head"] = CFrame.new(-1.1175870895385742e-08, -1.1920928955078125e-07, 7.450580596923828e-09, 0.9125462770462036, -0.044857658445835114, 0.4065059721469879, 0.11967267096042633, 0.9797487258911133, -0.16053299605846405, -0.3910725712776184, 0.1951414942741394, 0.8994343280792236),
            ["RightHand"] = CFrame.new(0, -2.384185791015625e-07, 2.1606683731079102e-07, 0.9996644854545593, 0.021611517295241356, -0.014278325252234936, -0.023500215262174606, 0.9885489344596863, -0.14905935525894165, 0.010893424972891808, 0.1493453085422516, 0.9887252449989319),
