return {
    ["Nasty Girl"] = {
        {Time = 0.000, Data = {
            ["LeftFoot"] = CFrame.new(9.778887033462524e-09, -3.5762786865234375e-07, 3.7834979593753815e-08, 0.9999575018882751, -0.008975290693342686, -0.0021160757169127464, 0.007947809994220734, 0.9552466869354248, -0.2957035005092621, 0.004675398115068674, 0.2956741452217102, 0.9552774429321289),
            ["LeftLowerArm"] = CFrame.new(-0.0006766319274902344, -0.000006258487701416016, -0.007729470729827881, 0.9998320937156677, -0.008270842023193836, -0.016353964805603027, -0.0021232222206890583, 0.834081768989563, -0.5516367554664612, 0.018202994018793106, 0.5515788793563843, 0.8339242339134216),
            ["LowerTorso"] = CFrame.new(0.1625940054655075, -0.3373972177505493, -0.01733294501900673, 0.7885044813156128, 0.004722553305327892, -0.6150109171867371, -0.004979001823812723, 0.9999867677688599, 0.0012951408280059695, 0.6150088906288147, 0.0020409156568348408, 0.7885175347328186),
            ["Head"] = CFrame.new(4.470348358154297e-08, 0, 0, 0.8619819283485413, -0.06540563702583313, 0.5027020573616028, 0.22676996886730194, 0.9366423487663269, -0.2669770419597626, -0.4533901810646057, 0.34412702918052673, 0.8222006559371948),
            ["RightUpperArm"] = CFrame.new(0.4107106924057007, -0.1861516237258911, 0.48992684483528137, 0.13153484463691711, -0.17659281194210052, 0.9754557013511658, 0.4394427239894867, 0.8924258947372437, 0.10230457037687302, -0.888588011264801, 0.4151999354362488, 0.19498740136623383),
            ["UpperTorso"] = CFrame.new(1.3969838619232178e-08, 2.9802322387695312e-08, 4.190951585769653e-09, 0.9968156218528748, -0.053457777947187424, 0.05916893854737282, 0.01960987225174904, 0.8835592269897461, 0.4679087996482849, -0.07729258388280869, -0.4652584195137024, 0.8817938566207886),
            ["HumanoidRootPart"] = CFrame.new(0, 0, 0, 1, 0, 0, 0, 1, 0, 0, 0, 1),
            ["RightHand"] = CFrame.new(2.2351741790771484e-08, -5.364418029785156e-07, -2.2351741790771484e-08, 0.9990389943122864, 0.040486086159944534, -0.016795501112937927, -0.04171694442629814, 0.995849072933197, -0.08089739829301834, 0.013450542464852333, 0.08152022957801819, 0.996580958366394),
            ["LeftUpperArm"] = CFrame.new(-0.03412473201751709, 0.07711029052734375, 0.15436077117919922, 0.9364948868751526, -0.17558474838733673, -0.3035575747489929, 0.15591789782047272, 0.9838371276855469, -0.0880579873919487, 0.3141128122806549, 0.03513532504439354, 0.9487353563308716),
            ["RightLowerArm"] = CFrame.new(0.0001766681671142578, 0.00009322166442871094, -0.007729470729827881, 0.9999159574508667, 0.009309896267950535, 0.009023278951644897, -0.00169086002279073, 0.7836551070213318, -0.6211942434310913, -0.012854327447712421, 0.6211265325546265, 0.7836046814918518),
            ["LeftHand"] = CFrame.new(-5.960464477539063e-08, 0.00009953975677490234, 2.9802322387695312e-08, 0.9992807507514954, 0.0375920794904232, -0.004982915241271257, -0.037556249648332596, 0.9992693066596985, 0.007107899524271488, 0.005246467422693968, -0.006915682926774025, 0.999962329864502),
            ["RightUpperLeg"] = CFrame.new(0.23302477598190308, -0.06224993243813515, -0.0314030684530735, 0.9798716306686401, -0.14284726977348328, 0.1394498348236084, 0.19751311838626862, 0.592305600643158, -0.7811291813850403, 0.028985220938920975, 0.792949378490448, 0.6085975766181946),
            ["LeftUpperLeg"] = CFrame.new(-0.011355578899383545, -0.12152140587568283, -0.07689985632896423, 0.785198986530304, 0.5171046853065491, 0.3406839966773987, -0.00590096227824688, 0.5563845038414001, -0.8309038281440735, -0.6192154288291931, 0.6504145860671997, 0.43992409110069275),
            ["RightLowerLeg"] = CFrame.new(8.568167686462402e-08, -0.000060498714447021484, -0.00009985843644244596, 1, 6.332992796842518e-08, -1.1175872316471214e-07, 1.043080928297968e-07, 0.3271878957748413, 0.9449592232704163, -1.4901155864777138e-08, -0.9449593424797058, 0.3271881639957428),
            ["RightFoot"] = CFrame.new(-1.862645149230957e-08, 5.960464477539063e-08, -0.00010006705269915983, 0.9873095154762268, 0.15453025698661804, 0.036609914153814316, -0.13803614675998688, 0.9490433931350708, -0.28330665826797485, -0.07852403819561005, 0.27465805411338806, 0.9583304524421692),
            ["LeftLowerLeg"] = CFrame.new(0, -0.00006091594696044922, -2.4563632905483246e-08, 1, 4.0326281691704935e-07, 1.462176157929207e-07, -2.137385024525429e-07, 0.16302470862865448, 0.9866219758987427, -6.612389569227162e-08, -0.9866219758987427, 0.1630246937274933),
        }},
        {Time = 0.020, Data = {
            ["LeftFoot"] = CFrame.new(-1.862645149230957e-09, -1.7881393432617188e-07, -3.2247044146060944e-08, 0.9999439120292664, -0.010309554636478424, -0.0024307826533913612, 0.009158962406218052, 0.9568395614624023, -0.290472149848938, 0.0053206742741167545, 0.2904336452484131, 0.9568803310394287),
            ["LeftLowerArm"] = CFrame.new(-0.0006766319274902344, -0.000006616115570068359, -0.007729649543762207, 0.999832272529602, -0.008362471126019955, -0.016295084729790688, -0.002144967205822468, 0.830101490020752, -0.5576085448265076, 0.01818942464888096, 0.5575496554374695, 0.8299440741539001),
            ["LowerTorso"] = CFrame.new(0.1648724526166916, -0.3331756591796875, -0.017124684527516365, 0.7906471490859985, 0.010973092168569565, -0.6121737360954285, -0.00617580721154809, 0.9999314546585083, 0.009947267360985279, 0.6122409701347351, -0.0040841130539774895, 0.7906607389450073),
            ["Head"] = CFrame.new(-3.3527612686157227e-08, 4.76837158203125e-07, -1.1920928955078125e-07, 0.8667632937431335, -0.06271309405565262, 0.49476122856140137, 0.22013939917087555, 0.9382942914962769, -0.2667253911495209, -0.447504460811615, 0.3401041626930237, 0.8270846605300903),
            ["RightUpperArm"] = CFrame.new(0.4145214557647705, -0.18502140045166016, 0.49096065759658813, 0.12390636652708054, -0.18494218587875366, 0.9749070405960083, 0.43735846877098083, 0.8920779824256897, 0.11364245414733887, -0.8907102942466736, 0.41230258345603943, 0.19142015278339386),
            ["UpperTorso"] = CFrame.new(1.0244548320770264e-08, -1.1920928955078125e-07, -1.210719347000122e-08, 0.9977278113365173, -0.0493718758225441, 0.04584512859582901, 0.022958846762776375, 0.8888663649559021, 0.4575909674167633, -0.06334235519170761, -0.45549869537353516, 0.8879801630973816),
            ["HumanoidRootPart"] = CFrame.new(0, 0, 0, 1, 0, 0, 0, 1, 0, 0, 0, 1),
            ["RightHand"] = CFrame.new(7.078051567077637e-08, -3.5762786865234375e-07, -4.470348358154297e-08, 0.9991923570632935, 0.033855538815259933, -0.02164599299430847, -0.03551284223794937, 0.9960471987724304, -0.08141779899597168, 0.018803924322128296, 0.08212067186832428, 0.9964450597763062),
            ["LeftUpperArm"] = CFrame.new(-0.033445119857788086, 0.07908284664154053, 0.15146976709365845, 0.9378087520599365, -0.17376276850700378, -0.3005351126194, 0.1596030592918396, 0.9846072793006897, -0.07124313712120056, 0.3082885444164276, 0.018845880404114723, 0.9511063098907471),
            ["RightLowerArm"] = CFrame.new(0.0001767277717590332, 0.00009351968765258789, -0.007729709148406982, 0.9999156594276428, 0.009419150650501251, 0.008942871354520321, -0.0017191594233736396, 0.7784515619277954, -0.6277028918266296, -0.012873874045908451, 0.6276339888572693, 0.7784016728401184),
            ["LeftHand"] = CFrame.new(2.9802322387695312e-08, 0.00009965896606445312, 0, 0.9992387890815735, 0.0370904840528965, -0.012092439457774162, -0.037114400416612625, 0.9993094801902771, -0.0017574357334524393, 0.012018932029604912, 0.0022048659157007933, 0.9999253749847412),
            ["RightUpperLeg"] = CFrame.new(0.23054009675979614, -0.06387411803007126, -0.03147290274500847, 0.9795470833778381, -0.1509978324174881, 0.13299374282360077, 0.19709526002407074, 0.5869563221931458, -0.7852615118026733, 0.04051118344068527, 0.7954131960868835, 0.6047124266624451),
            ["LeftUpperLeg"] = CFrame.new(-0.011274933815002441, -0.12063143402338028, -0.07618111371994019, 0.7945836782455444, 0.5059349536895752, 0.3356584310531616, -0.001887809601612389, 0.554894208908081, -0.8319185376167297, -0.6071517467498779, 0.6603955030441284, 0.44186538457870483),
            ["RightLowerLeg"] = CFrame.new(3.725290298461914e-09, -0.0000603795051574707, -0.00010004470095736906, 1, -1.3783578367565497e-07, -1.8626458597736928e-07, 2.3841863594498136e-07, 0.32854896783828735, 0.9444869160652161, -1.1920931797249068e-07, -0.9444870352745056, 0.32854920625686646),
            ["RightFoot"] = CFrame.new(2.9802322387695312e-08, 1.1920928955078125e-07, -0.00010013410792453215, 0.9875145554542542, 0.15328505635261536, 0.03631417453289032, -0.13687604665756226, 0.9490475058555603, -0.28385496139526367, -0.07797467708587646, 0.27534064650535583, 0.9581793546676636),
            ["LeftLowerLeg"] = CFrame.new(8.102506399154663e-08, -0.00006097555160522461, -9.313225746154785e-08, 1, 1.455192233379421e-07, 2.5058392338905833e-07, -2.711312845349312e-07, 0.17280226945877075, 0.9849566221237183, 1.0477378964424133e-07, -0.9849565625190735, 0.17280213534832),
        }},
        {Time = 0.040, Data = {
            ["LeftFoot"] = CFrame.new(1.210719347000122e-08, -2.980232238769531e-07, 4.6100467443466187e-08, 0.9998809695243835, -0.015021318569779396, -0.0035423939116299152, 0.013456659391522408, 0.9609271883964539, -0.2764738202095032, 0.007556891068816185, 0.276393324136734, 0.961014986038208),
            ["LeftLowerArm"] = CFrame.new(-0.0006766915321350098, -0.000006318092346191406, -0.007729470729827881, 0.9998326301574707, -0.008527438156306744, -0.016186092048883438, -0.00218567973934114, 0.8227137923240662, -0.5684519410133362, 0.01816391758620739, 0.5683919191360474, 0.822557270526886),
            ["LowerTorso"] = CFrame.new(0.17129158973693848, -0.3214561939239502, -0.01654459349811077, 0.795691967010498, 0.02580421045422554, -0.6051515936851501, -0.009155072271823883, 0.9994904398918152, 0.03058149293065071, 0.6056323051452637, -0.018793243914842606, 0.7955226898193359),
            ["Head"] = CFrame.new(7.450580596923828e-09, 0, -5.960464477539063e-08, 0.8799576759338379, -0.05512404441833496, 0.47184303402900696, 0.20128794014453888, 0.9429406523704529, -0.2652284801006317, -0.43029946088790894, 0.3283661901950836, 0.840843677520752),
            ["RightUpperArm"] = CFrame.new(0.4246242046356201, -0.18214058876037598, 0.49346596002578735, 0.10367629677057266, -0.20607344806194305, 0.9730288982391357, 0.4320427179336548, 0.8905137181282043, 0.14256340265274048, -0.8958741426467896, 0.4056094288825989, 0.18135754764080048),
            ["UpperTorso"] = CFrame.new(-1.30385160446167e-08, 2.980232238769531e-07, 3.725290298461914e-09, 0.999212384223938, -0.03848998248577118, 0.009651138447225094, 0.030575837939977646, 0.9018301963806152, 0.4310075342655182, -0.025293156504631042, -0.43037286400794983, 0.902296781539917),
            ["HumanoidRootPart"] = CFrame.new(0, 0, 0, 1, 0, 0, 0, 1, 0, 0, 0, 1),
            ["RightHand"] = CFrame.new(7.450580596923828e-08, -1.7881393432617188e-07, 1.7881393432617188e-07, 0.9992591738700867, 0.016651632264256477, -0.03469850495457649, -0.01951087825000286, 0.9962946176528931, -0.0837637260556221, 0.03317524492740631, 0.08437880873680115, 0.9958813190460205),
            ["LeftUpperArm"] = CFrame.new(-0.03178393840789795, 0.08360910415649414, 0.14421911537647247, 0.9410103559494019, -0.16981971263885498, -0.2926788628101349, 0.1680431216955185, 0.9852795004844666, -0.03139824792742729, 0.2937023937702179, -0.01963711716234684, 0.9556952118873596),
            ["RightLowerArm"] = CFrame.new(0.0001767277717590332, 0.00009316205978393555, -0.0077295005321502686, 0.9999150633811951, 0.009662516415119171, 0.008750174194574356, -0.001769862836226821, 0.7656583189964294, -0.6432451605796814, -0.012915002182126045, 0.6431750059127808, 0.7656102776527405),
            ["LeftHand"] = CFrame.new(-1.4901161193847656e-07, 0.00009953975677490234, 0, 0.9989475011825562, 0.03521198779344559, -0.02939499169588089, -0.0359923280775547, 0.9990019202232361, -0.02645188197493553, 0.02843431755900383, 0.02748199552297592, 0.9992178678512573),
            ["RightUpperLeg"] = CFrame.new(0.22350984811782837, -0.06841662526130676, -0.0318780243396759, 0.9782631397247314, -0.17257525026798248, 0.11497480422258377, 0.1948132961988449, 0.574849009513855, -0.7947304248809814, 0.07105781883001328, 0.799854040145874, 0.5959734916687012),
            ["LeftUpperLeg"] = CFrame.new(-0.01104968786239624, -0.11813784390687943, -0.07416896522045135, 0.8193234801292419, 0.47546541690826416, 0.32037773728370667, 0.004969829693436623, 0.5528889298439026, -0.8332400321960449, -0.5733100175857544, 0.6842854022979736, 0.4506319761276245),
            ["RightLowerLeg"] = CFrame.new(5.960464477539063e-08, -0.0000603795051574707, -0.00010002793715102598, 1, -6.705523958316917e-08, -1.7881397695873602e-07, 2.1606686573250045e-07, 0.3334338068962097, 0.9427734613418579, -1.1920930376163597e-07, -0.9427736401557922, 0.3334340751171112),
            ["RightFoot"] = CFrame.new(1.2665987014770508e-07, 1.7881393432617188e-07, -0.00010002979979617521, 0.988075315952301, 0.14982399344444275, 0.03549494221806526, -0.13374054431915283, 0.9493603706359863, -0.2843031585216522, -0.0762929618358612, 0.27616599202156067, 0.9580772519111633),
            ["LeftLowerLeg"] = CFrame.new(-2.9802322387695312e-08, -0.00006097555160522461, -1.0058283805847168e-07, 1, -3.911556234470481e-08, 1.5832483768463135e-08, -6.51925802230835e-09, 0.20020776987075806, 0.9797535538673401, -8.754432201385498e-08, -0.9797535538673401, 0.2002076655626297),
        }},
        {Time = 0.060, Data = {
            ["LeftFoot"] = CFrame.new(-4.6566128730773926e-09, 0, -1.1920928955078125e-07, 0.9996927380561829, -0.02412620559334755, -0.005689757876098156, 0.021861104294657707, 0.9663167595863342, -0.2564258277416229, 0.011684655211865902, 0.256222665309906, 0.9665471911430359),
            ["LeftLowerArm"] = CFrame.new(-0.0006766915321350098, -0.000007092952728271484, -0.007729709148406982, 0.9998329281806946, -0.008619132451713085, -0.016123902052640915, -0.002207413548603654, 0.818545937538147, -0.5744368433952332, 0.01814933307468891, 0.5743764042854309, 0.8183901309967041),
            ["LowerTorso"] = CFrame.new(0.18122699856758118, -0.3036562204360962, -0.01565971039235592, 0.8015889525413513, 0.04335588589310646, -0.5963016152381897, -0.012940486893057823, 0.9983918070793152, 0.05519557744264603, 0.5977356433868408, -0.03652772307395935, 0.8008608222007751),
            ["Head"] = CFrame.new(0, 2.384185791015625e-07, 0, 0.8995774388313293, -0.04345666617155075, 0.43459415435791016, 0.1718696802854538, 0.9499801993370056, -0.26076540350914, -0.4015238881111145, 0.30927225947380066, 0.8620495200157166),
            ["RightUpperArm"] = CFrame.new(0.43923163414001465, -0.17822718620300293, 0.49651432037353516, 0.07441054284572601, -0.23417073488235474, 0.9693438410758972, 0.42482027411460876, 0.8868688344955444, 0.1816355586051941, -0.9022143483161926, 0.39828115701675415, 0.1654728800058365),
            ["UpperTorso"] = CFrame.new(-5.587935447692871e-09, -8.940696716308594e-08, -1.4901161193847656e-08, 0.9987759590148926, -0.023031890392303467, -0.04377465322613716, 0.03847000002861023, 0.9179832935333252, 0.39474889636039734, 0.031092561781406403, -0.39594975113868713, 0.9177456498146057),
            ["HumanoidRootPart"] = CFrame.new(0, 0, 0, 1, 0, 0, 0, 1, 0, 0, 0, 1),
            ["RightHand"] = CFrame.new(-2.60770320892334e-08, -2.980232238769531e-07, -1.4901161193847656e-08, 0.9985137581825256, -0.007397630251944065, -0.053996264934539795, 0.002563100541010499, 0.9960229396820068, -0.08906052261590958, 0.05444039776921272, 0.08878982067108154, 0.9945615530014038),
            ["LeftUpperArm"] = CFrame.new(-0.02970409393310547, 0.08863985538482666, 0.13479302823543549, 0.9450056552886963, -0.16582247614860535, -0.28189918398857117, 0.1773754358291626, 0.9840167760848999, 0.015780750662088394, 0.27477672696113586, -0.06491541862487793, 0.9593143463134766),
            ["RightLowerArm"] = CFrame.new(0.0001767277717590332, 0.00009304285049438477, -0.007729679346084595, 0.9999142289161682, 0.009959876537322998, 0.00850557442754507, -0.0018333268817514181, 0.7494378089904785, -0.6620725989341736, -0.012968383729457855, 0.6619999408721924, 0.749391496181488),
            ["LeftHand"] = CFrame.new(-1.4901161193847656e-07, 0.00009953975677490234, -2.9802322387695312e-08, 0.9982110857963562, 0.03150008246302605, -0.050818558782339096, -0.03471016138792038, 0.9973733425140381, -0.06357415020465851, 0.04868263378739357, 0.06522436439990997, 0.9966824650764465),
            ["RightUpperLeg"] = CFrame.new(0.21256816387176514, -0.07538893073797226, -0.03291267156600952, 0.9752618670463562, -0.20311084389686584, 0.08723807334899902, 0.18909700214862823, 0.5621686577796936, -0.8051141500473022, 0.11448493599891663, 0.8016934990882874, 0.5866691470146179),
            ["LeftUpperLeg"] = CFrame.new(-0.010703563690185547, -0.11430925875902176, -0.07107879221439362, 0.8535826206207275, 0.4303323030471802, 0.29361703991889954, 0.006694084964692593, 0.5545035004615784, -0.832154393196106, -0.5209144353866577, 0.7122781276702881, 0.47043395042419434),
            ["RightLowerLeg"] = CFrame.new(-2.0489096641540527e-08, -0.000060617923736572266, -0.00010008009121520445, 1, 2.6077037773575285e-07, 1.1175868230850483e-08, -8.940698137394065e-08, 0.34329500794410706, 0.9392275214195251, 1.4901162614933128e-07, -0.9392277002334595, 0.34329524636268616),
            ["RightFoot"] = CFrame.new(-1.2665987014770508e-07, 5.960464477539063e-08, -0.0000999329422484152, 0.9888970255851746, 0.14459989964962006, 0.03425681218504906, -0.12918487191200256, 0.9504576921463013, -0.2827392518520355, -0.07344383001327515, 0.2751745581626892, 0.9585849046707153),
            ["LeftLowerLeg"] = CFrame.new(-1.1175870895385742e-08, -0.00006097555160522461, 8.940696716308594e-08, 1, 1.825393383114715e-07, 9.685754776000977e-08, -1.2852252950779075e-07, 0.2424197942018509, 0.9701715111732483, -5.2154071283894154e-08, -0.9701715707778931, 0.24241963028907776),
        }},
        {Time = 0.080, Data = {
            ["LeftFoot"] = CFrame.new(3.3527612686157227e-08, -2.384185791015625e-07, 5.587935447692871e-08, 0.9992325305938721, -0.03812456130981445, -0.008992240764200687, 0.03497277572751045, 0.971712589263916, -0.23356255888938904, 0.01764223724603653, 0.23306898772716522, 0.9723002910614014),
            ["LeftLowerArm"] = CFrame.new(-0.0006766319274902344, -0.00000667572021484375, -0.007729649543762207, 0.9998327493667603, -0.008590894751250744, -0.016148507595062256, -0.002183176577091217, 0.820482075214386, -0.5716683864593506, 0.01816067099571228, 0.5716077089309692, 0.8203259110450745),
            ["LowerTorso"] = CFrame.new(0.19405432045459747, -0.2811930179595947, -0.014537065289914608, 0.8064205646514893, 0.05792199820280075, -0.5884988903999329, -0.01630229689180851, 0.9969906806945801, 0.07578805088996887, 0.5911177396774292, -0.051523156464099884, 0.8049380779266357),
            ["Head"] = CFrame.new(-4.470348358154297e-08, -2.384185791015625e-07, 5.960464477539063e-08, 0.9230971336364746, -0.02869415655732155, 0.38349512219429016, 0.13410449028015137, 0.9586341977119446, -0.2510705590248108, -0.36042723059654236, 0.28319090604782104, 0.888760507106781),
            ["RightUpperArm"] = CFrame.new(0.4565551280975342, -0.1741410493850708, 0.49920010566711426, 0.039681483060121536, -0.2639501988887787, 0.96371990442276, 0.4173027276992798, 0.8807196021080017, 0.22403468191623688, -0.907900869846344, 0.3932726979255676, 0.1450950652360916),
            ["UpperTorso"] = CFrame.new(-1.1175870895385742e-08, 0, -2.3748725652694702e-08, 0.9940769672393799, -0.00509286904707551, -0.10855943709611893, 0.0436781644821167, 0.9333993792533875, 0.356171190738678, 0.09951534867286682, -0.35880324244499207, 0.9280931949615479),
            ["HumanoidRootPart"] = CFrame.new(0, 0, 0, 1, 0, 0, 0, 1, 0, 0, 0, 1),
            ["RightHand"] = CFrame.new(-2.60770320892334e-08, -5.960464477539062e-07, -5.960464477539063e-08, 0.9963821768760681, -0.03437108173966408, -0.077725850045681, 0.026684653013944626, 0.994843065738678, -0.09785371273756027, 0.08068852126598358, 0.09542562812566757, 0.9921610355377197),
            ["LeftUpperArm"] = CFrame.new(-0.027695417404174805, 0.09273171424865723, 0.12538571655750275, 0.9488479495048523, -0.16293704509735107, -0.2704426050186157, 0.18491217494010925, 0.9810601472854614, 0.057692430913448334, 0.25592029094696045, -0.10475009679794312, 0.9610059261322021),
            ["RightLowerArm"] = CFrame.new(0.00017654895782470703, 0.00009334087371826172, -0.007729709148406982, 0.9999133944511414, 0.01024397648870945, 0.008262581191956997, -0.0018994910642504692, 0.7335591912269592, -0.6796230673789978, -0.01302332803606987, 0.6795483827590942, 0.7335149645805359),
            ["LeftHand"] = CFrame.new(-5.960464477539063e-08, 0.0000998377799987793, 8.940696716308594e-08, 0.9971228837966919, 0.02641933597624302, -0.07104994356632233, -0.03388171270489693, 0.9937923550605774, -0.10596690326929092, 0.06780935823917389, 0.10806915163993835, 0.9918281435966492),
            ["RightUpperLeg"] = CFrame.new(0.19834935665130615, -0.08429887890815735, -0.03487081825733185, 0.9699446558952332, -0.2378392070531845, 0.05137937143445015, 0.17919790744781494, 0.5553691387176514, -0.8120672106742859, 0.16460712254047394, 0.7968673706054688, 0.581297755241394),
            ["LeftUpperLeg"] = CFrame.new(-0.010260701179504395, -0.10941185057163239, -0.06712617725133896, 0.891215443611145, 0.37593647837638855, 0.25378531217575073, -0.0033533473033457994, 0.5649611353874207, -0.825110673904419, -0.4535679817199707, 0.7345003485679626, 0.5047628283500671),
            ["RightLowerLeg"] = CFrame.new(-2.421438694000244e-08, -0.000060677528381347656, -0.00010006053344113752, 1, 2.3096797008292924e-07, 1.1920927533992653e-07, -1.4901159772762185e-07, 0.3590947091579437, 0.9333010315895081, 3.4272667903678666e-07, -0.9333012104034424, 0.3590950071811676),
            ["RightFoot"] = CFrame.new(0, 0, -0.00009999254689319059, 0.9899017214775085, 0.13793733716011047, 0.03267813101410866, -0.12358807772397995, 0.952701210975647, -0.2776443362236023, -0.06943037360906601, 0.27080225944519043, 0.9601280689239502),
            ["LeftLowerLeg"] = CFrame.new(-7.450580596923828e-09, -0.000060677528381347656, 8.940696716308594e-08, 1, -7.450580596923828e-09, 7.823107495141812e-08, -5.960464477539063e-08, 0.29613491892814636, 0.9551461338996887, -1.4901161193847656e-08, -0.9551461935043335, 0.29613491892814636),
        }},
        {Time = 0.100, Data = {
            ["LeftFoot"] = CFrame.new(-3.166496753692627e-08, -2.384185791015625e-07, 1.4901161193847656e-08, 0.9983065724372864, -0.056619156152009964, -0.01335425116121769, 0.052521105855703354, 0.9759491086006165, -0.21157725155353546, 0.025012187659740448, 0.21051731705665588, 0.9772700071334839),
            ["LeftLowerArm"] = CFrame.new(-0.0006766319274902344, -0.000006020069122314453, -0.0077294111251831055, 0.9998324513435364, -0.008462685160338879, -0.016232868656516075, -0.0021558923181146383, 0.8261229395866394, -0.563485860824585, 0.018179146572947502, 0.5634263753890991, 0.8259662389755249),
            ["LowerTorso"] = CFrame.new(0.20914916694164276, -0.2554842233657837, -0.01324369851499796, 0.8084161281585693, 0.06398957222700119, -0.5851228833198547, -0.01776319555938244, 0.9962727427482605, 0.08441132307052612, 0.5883433818817139, -0.0578458309173584, 0.8065395355224609),
            ["Head"] = CFrame.new(-2.9802322387695312e-08, 3.5762786865234375e-07, 0, 0.9474061131477356, -0.012047553434967995, 0.3198070824146271, 0.09124094247817993, 0.967987060546875, -0.2338293194770813, -0.30675208568573, 0.25071078538894653, 0.9181761145591736),
            ["RightUpperArm"] = CFrame.new(0.4746420383453369, -0.1710522174835205, 0.5007240176200867, 0.0034018768928945065, -0.29149577021598816, 0.9565662741661072, 0.4117499887943268, 0.8721281290054321, 0.26430022716522217, -0.9112905263900757, 0.39296677708625793, 0.12299031019210815),
            ["UpperTorso"] = CFrame.new(-3.725290298461914e-09, 1.7881393432617188e-07, -3.725290298461914e-09, 0.9838424921035767, 0.013602567836642265, -0.17851890623569489, 0.04563652351498604, 0.9451187252998352, 0.3235243260860443, 0.17312230169773102, -0.32644397020339966, 0.9292270541191101),
            ["HumanoidRootPart"] = CFrame.new(0, 0, 0, 1, 0, 0, 0, 1, 0, 0, 0, 1),
            ["RightHand"] = CFrame.new(-5.122274160385132e-08, -3.5762786865234375e-07, 0, 0.9927676320075989, -0.05975507199764252, -0.10412414371967316, 0.04828881099820137, 0.9928286671638489, -0.10936009138822556, 0.10991222411394119, 0.10354100912809372, 0.988533616065979),
            ["LeftUpperArm"] = CFrame.new(-0.026157140731811523, 0.09530234336853027, 0.11802539974451065, 0.9517766237258911, -0.16151532530784607, -0.26083362102508545, 0.1896115392446518, 0.9780640006065369, 0.0862448439002037, 0.24118202924728394, -0.13154336810112, 0.9615235924720764),
            ["RightLowerArm"] = CFrame.new(0.00017684698104858398, 0.00009322166442871094, -0.007729470729827881, 0.9999128580093384, 0.010450937785208225, 0.008069143630564213, -0.0019326657056808472, 0.7203911542892456, -0.6935656070709229, -0.013061116449534893, 0.6934894323348999, 0.7203482389450073),
            ["LeftHand"] = CFrame.new(4.470348358154297e-08, 0.0000997781753540039, 0, 0.9960556030273438, 0.021476902067661285, -0.0860930010676384, -0.033606380224227905, 0.9892932772636414, -0.1420196294784546, 0.08212122321128845, 0.1443527340888977, 0.9861127734184265),
            ["RightUpperLeg"] = CFrame.new(0.18148845434188843, -0.09465619176626205, -0.03804604709148407, 0.9623032808303833, -0.2718390226364136, 0.008722633123397827, 0.16596201062202454, 0.5614885687828064, -0.8106707334518433, 0.21547435224056244, 0.7815588116645813, 0.5854374766349792),
            ["LeftUpperLeg"] = CFrame.new(-0.009745657444000244, -0.10371337085962296, -0.06252685934305191, 0.926444947719574, 0.3187394142150879, 0.20026244223117828, -0.028741847723722458, 0.5903472304344177, -0.8066374063491821, -0.3753313422203064, 0.7415493726730347, 0.5560855269432068),
            ["RightLowerLeg"] = CFrame.new(1.1362135410308838e-07, -0.000060439109802246094, -0.00009999045141739771, 1, -4.917383193969727e-07, -4.023314090773056e-07, 5.73694592276297e-07, 0.38202494382858276, 0.9241520166397095, -7.450579175838357e-08, -0.9241520166397095, 0.3820250630378723),
            ["RightFoot"] = CFrame.new(-2.9802322387695312e-08, 1.1920928955078125e-07, -0.00009988078818423674, 0.9910396337509155, 0.12997077405452728, 0.030791081488132477, -0.11709664016962051, 0.9563243389129639, -0.2678283452987671, -0.064256452023983, 0.26182326674461365, 0.9629746079444885),
            ["LeftLowerLeg"] = CFrame.new(8.940696716308594e-08, -0.00006079673767089844, -4.470348358154297e-08, 1, -2.4586927338532405e-07, -1.6763795684937577e-08, 1.1175873737556685e-07, 0.3574788272380829, 0.9339215755462646, -1.0058285937475375e-07, -0.9339212775230408, 0.3574782609939575),
        }},
        {Time = 0.120, Data = {
            ["LeftFoot"] = CFrame.new(4.470348358154297e-08, -2.384185791015625e-07, -2.60770320892334e-08, 0.9965671896934509, -0.08057784289121628, -0.019005274400115013, 0.07512184977531433, 0.9766082167625427, -0.20147758722305298, 0.03479533642530441, 0.19935797154903412, 0.9793087244033813),
            ["LeftLowerArm"] = CFrame.new(-0.0006765127182006836, -0.0000064373016357421875, -0.007729679346084595, 0.9998323321342468, -0.008379312232136726, -0.0162847638130188, -0.002147622872143984, 0.8294144868850708, -0.5586294531822205, 0.018187616020441055, 0.5585708618164062, 0.8292574882507324),
            ["LowerTorso"] = CFrame.new(0.225864440202713, -0.22786104679107666, -0.011844892986118793, 0.7934337258338928, 0.06444106251001358, -0.6052358746528625, -0.01699100062251091, 0.9963370561599731, 0.0838083028793335, 0.60841965675354, -0.05621277168393135, 0.7916222214698792),
            ["Head"] = CFrame.new(4.470348358154297e-08, -2.384185791015625e-07, -8.940696716308594e-08, 0.9691700339317322, 0.0050123040564358234, 0.2463419884443283, 0.04766442999243736, 0.977093517780304, -0.20740434527397156, -0.24173882603645325, 0.21275180578231812, 0.9467307329177856),
            ["RightUpperArm"] = CFrame.new(0.4912853240966797, -0.170538067817688, 0.5004410743713379, -0.0299982950091362, -0.3138602077960968, 0.9489953517913818, 0.41124439239501953, 0.861467719078064, 0.29791170358657837, -0.9110314249992371, 0.39920568466186523, 0.10323064774274826),
            ["UpperTorso"] = CFrame.new(-2.9802322387695312e-08, 0, 5.587935447692871e-09, 0.9730844497680664, 0.022932924330234528, -0.22930505871772766, 0.047050461173057556, 0.9543057084083557, 0.2951050102710724, 0.22559481859207153, -0.29795098304748535, 0.9275409579277039),
            ["HumanoidRootPart"] = CFrame.new(0, 0, 0, 1, 0, 0, 0, 1, 0, 0, 0, 1),
            ["RightHand"] = CFrame.new(4.470348358154297e-08, -1.1920928955078125e-07, -2.9802322387695312e-08, 0.9882333278656006, -0.07833590358495712, -0.13137143850326538, 0.062313005328178406, 0.9905804395675659, -0.12193237990140915, 0.13968607783317566, 0.11231151223182678, 0.9838058948516846),
            ["LeftUpperArm"] = CFrame.new(-0.02542746067047119, 0.0962991714477539, 0.11452890187501907, 0.9531580209732056, -0.16144777834415436, -0.25578200817108154, 0.19144141674041748, 0.9767085909843445, 0.09690455347299576, 0.23417958617210388, -0.14133310317993164, 0.9618654251098633),
            ["RightLowerArm"] = CFrame.new(0.0001766681671142578, 0.00009310245513916016, -0.007729530334472656, 0.9999125003814697, 0.010589898563921452, 0.007935351692140102, -0.0019567678682506084, 0.7113829851150513, -0.7028020024299622, -0.013087616302073002, 0.7027248740196228, 0.711341381072998),
            ["LeftHand"] = CFrame.new(1.1920928955078125e-07, 0.00009965896606445312, -8.940696716308594e-08, 0.9954928159713745, 0.018766622990369797, -0.09296176582574844, -0.03329722583293915, 0.9869861006736755, -0.15732033550739288, 0.08879977464675903, 0.1597066968679428, 0.983162522315979),
            ["RightUpperLeg"] = CFrame.new(0.16261929273605347, -0.10596954077482224, -0.04273263365030289, 0.9583770632743835, -0.2844739258289337, -0.024248352274298668, 0.14961910247802734, 0.5727577805519104, -0.8059545755386353, 0.24316158890724182, 0.7687804102897644, 0.5914807319641113),
            ["LeftUpperLeg"] = CFrame.new(-0.009182274341583252, -0.09748075902462006, -0.05749646574258804, 0.9482978582382202, 0.28014466166496277, 0.1491655707359314, -0.0654422789812088, 0.6324794888496399, -0.7718073129653931, -0.310561865568161, 0.7221417427062988, 0.6181126236915588),
            ["RightLowerLeg"] = CFrame.new(8.195638656616211e-08, -0.00006073713302612305, -0.00009997392044169828, 1, -1.4901166878189542e-07, -2.2724267978446733e-07, 2.309679416612198e-07, 0.4164683222770691, 0.909150242805481, -7.450578820566989e-09, -0.9091503024101257, 0.41646838188171387),
            ["RightFoot"] = CFrame.new(1.862645149230957e-08, -5.960464477539063e-08, -0.00010001489863498136, 0.9926024675369263, 0.11813966184854507, 0.027988221496343613, -0.10796703398227692, 0.964360237121582, -0.24156254529953003, -0.055528998374938965, 0.23675383627414703, 0.9699816107749939),
            ["LeftLowerLeg"] = CFrame.new(-4.330649971961975e-08, -0.000060558319091796875, 8.405186235904694e-08, 1, -5.2154099705603585e-08, 8.568167686462402e-08, -5.960465898624534e-08, 0.41928809881210327, 0.9078534245491028, -5.215407838932151e-08, -0.9078532457351685, 0.41928765177726746),
        }},
        {Time = 0.140, Data = {
            ["LeftFoot"] = CFrame.new(5.960464477539063e-08, -2.384185791015625e-07, 1.4901161193847656e-08, 0.9939289689064026, -0.10708503425121307, -0.025257866829633713, 0.09951633214950562, 0.9729032516479492, -0.20870062708854675, 0.046922121196985245, 0.2049197256565094, 0.977653443813324),
            ["LeftLowerArm"] = CFrame.new(-0.0006765127182006836, -0.000006318092346191406, -0.007729709148406982, 0.9998369812965393, -0.010251653380692005, -0.014869211241602898, -0.0025397769641131163, 0.7352932095527649, -0.6777446269989014, 0.017881017178297043, 0.6776716113090515, 0.7351469993591309),
            ["LowerTorso"] = CFrame.new(0.24346211552619934, -0.1993107795715332, -0.010398931801319122, 0.75037682056427, 0.06548579037189484, -0.6577586531639099, -0.014976775273680687, 0.9965094327926636, 0.08212586492300034, 0.6608407497406006, -0.05177423730492592, 0.7487382888793945),
            ["Head"] = CFrame.new(0, 1.1920928955078125e-07, 1.4901161193847656e-07, 0.9856138825416565, 0.020807156339287758, 0.167727530002594, 0.008401403203606606, 0.9851347208023071, -0.17157849669456482, -0.16880430281162262, 0.17051927745342255, 0.9707874655723572),
            ["RightUpperArm"] = CFrame.new(0.5269776582717896, -0.20767474174499512, 0.4793108105659485, -0.1016806811094284, -0.33678698539733887, 0.9360747933387756, 0.4861806631088257, 0.804104745388031, 0.34211650490760803, -0.8679224848747253, 0.4898880124092102, 0.08197731524705887),
            ["UpperTorso"] = CFrame.new(4.470348358154297e-08, -1.7881393432617188e-07, -1.1175870895385742e-08, 0.9692672491073608, 0.01808898337185383, -0.24534429609775543, 0.048685748130083084, 0.9634642601013184, 0.26337504386901855, 0.2411445826292038, -0.26722556352615356, 0.9329736828804016),
            ["HumanoidRootPart"] = CFrame.new(0, 0, 0, 1, 0, 0, 0, 1, 0, 0, 0, 1),
            ["RightHand"] = CFrame.new(0, -1.1920928955078125e-07, 5.960464477539063e-08, 0.9730269312858582, -0.09943348914384842, -0.2081625610589981, 0.08562622964382172, 0.9935497641563416, -0.07434448599815369, 0.21421238780021667, 0.054514963179826736, 0.9752647876739502),
            ["LeftUpperArm"] = CFrame.new(-0.03473961353302002, 0.08235132694244385, 0.15213686227798462, 0.9344785809516907, -0.12917320430278778, -0.3317590057849884, 0.16360682249069214, 0.9834431409835815, 0.07792558521032333, 0.3162004351615906, -0.12709839642047882, 0.9401401877403259),
            ["RightLowerArm"] = CFrame.new(0.00017654895782470703, 0.00009363889694213867, -0.007729709148406982, 0.9999108910560608, 0.011094166897237301, 0.007436766289174557, -0.0020638855639845133, 0.6784600615501404, -0.7346348762512207, -0.01319550909101963, 0.7345536351203918, 0.6784218549728394),
            ["LeftHand"] = CFrame.new(-7.450580596923828e-09, 0.00009948015213012695, -9.685754776000977e-08, 0.9985870718955994, 0.024359824135899544, -0.047227416187524796, -0.026644468307495117, 0.9984742999076843, -0.04836441949009895, 0.04597730189561844, 0.049554407596588135, 0.9977126717567444),
            ["RightUpperLeg"] = CFrame.new(0.14237713813781738, -0.11774861812591553, -0.04922454059123993, 0.9636421203613281, -0.26471659541130066, -0.036320995539426804, 0.12900251150131226, 0.5799686908721924, -0.8043597340583801, 0.23399214446544647, 0.7704294323921204, 0.5930312871932983),
            ["LeftUpperLeg"] = CFrame.new(-0.008594691753387451, -0.09098104387521744, -0.05225031077861786, 0.9553385376930237, 0.2701452970504761, 0.11979106813669205, -0.10393226146697998, 0.6866168975830078, -0.7195520997047424, -0.2766342759132385, 0.6749657988548279, 0.6840285062789917),
            ["RightLowerLeg"] = CFrame.new(8.195638656616211e-08, -0.000060617923736572266, -0.00009999254689319059, 1, 1.788139627478813e-07, -2.3655587710891268e-07, -7.450581485102248e-09, 0.46409085392951965, 0.8857876062393188, -7.450581307466564e-08, -0.8857876658439636, 0.4640907645225525),
            ["RightFoot"] = CFrame.new(8.940696716308594e-08, -5.960464477539063e-08, -0.00009999627218348905, 0.9946638941764832, 0.10038965940475464, 0.02378293313086033, -0.09395843744277954, 0.976677656173706, -0.1930614858865738, -0.04260910674929619, 0.18979667127132416, 0.980898380279541),
            ["LeftLowerLeg"] = CFrame.new(7.450580596923828e-09, -0.00006091594696044922, 8.568167686462402e-08, 1, 3.799797809733718e-07, 2.570449737504532e-07, -4.470348358154297e-07, 0.47946804761886597, 0.8775595426559448, 2.1606683731079102e-07, -0.8775593638420105, 0.4794676899909973),
        }},
        {Time = 0.160, Data = {
            ["LeftFoot"] = CFrame.new(1.4901161193847656e-08, -1.7881393432617188e-07, 7.450580596923828e-08, 0.9909045696258545, -0.13097310066223145, -0.030892452225089073, 0.120660699903965, 0.9664080142974854, -0.22692877054214478, 0.05957655608654022, 0.2211371660232544, 0.9734213352203369),
            ["LeftLowerArm"] = CFrame.new(-0.0006766319274902344, -0.000006258487701416016, -0.007729694247245789, 0.9998443722724915, -0.012380457483232021, -0.012567679397761822, -0.0029782678466290236, 0.5837117433547974, -0.8119558691978455, 0.01738869957625866, 0.8118666410446167, 0.5835835933685303),
            ["LowerTorso"] = CFrame.new(0.2611815333366394, -0.17073440551757812, -0.008962349034845829, 0.6809073686599731, 0.06653138250112534, -0.7293413281440735, -0.012228540144860744, 0.9967592358589172, 0.07950907945632935, 0.7322674989700317, -0.045219536870718, 0.6795141696929932),
            ["Head"] = CFrame.new(-2.9802322387695312e-08, -1.1920928955078125e-07, 2.9802322387695312e-08, 0.9953820109367371, 0.033626291900873184, 0.08991173654794693, -0.021946117281913757, 0.991547703742981, -0.12787337601184845, -0.09345164895057678, 0.12530966103076935, 0.9877066612243652),
            ["RightUpperArm"] = CFrame.new(0.644888162612915, -0.2780904769897461, 0.3962150812149048, -0.3385566771030426, -0.3118843138217926, 0.8877543807029724, 0.6287792921066284, 0.6269009709358215, 0.46003466844558716, -0.7000114321708679, 0.7139491438865662, -0.016135193407535553),
            ["UpperTorso"] = CFrame.new(-9.313225746154785e-09, 5.960464477539063e-08, 1.30385160446167e-08, 0.97243732213974, 0.0053962175734341145, -0.23310217261314392, 0.04937772825360298, 0.9722914099693298, 0.228498175740242, 0.22787633538246155, -0.23371022939682007, 0.9452258944511414),
            ["HumanoidRootPart"] = CFrame.new(0, 0, 0, 1, 0, 0, 0, 1, 0, 0, 0, 1),
            ["RightHand"] = CFrame.new(1.1920928955078125e-07, -5.960464477539062e-07, -1.7881393432617188e-07, 0.8854680061340332, -0.1523604840040207, -0.4390122592449188, 0.16743947565555573, 0.9858725070953369, -0.00443247938528657, 0.4334862232208252, -0.06958317756652832, 0.8984702229499817),
            ["LeftUpperArm"] = CFrame.new(-0.0771799087524414, 0.005484104156494141, 0.24841615557670593, 0.8491985201835632, -0.036459363996982574, -0.5268139839172363, 0.011218179948627949, 0.9986341595649719, -0.0510299950838089, 0.5279545783996582, 0.03742431476712227, 0.8484473824501038),
            ["RightLowerArm"] = CFrame.new(0.0001766681671142578, 0.00009363889694213867, -0.007729709148406982, 0.9999099969863892, 0.011351870372891426, 0.007159231696277857, -0.002114143455401063, 0.659989595413208, -0.7512720227241516, -0.013253258541226387, 0.7511890530586243, 0.6599540114402771),
            ["LeftHand"] = CFrame.new(-1.3504177331924438e-07, 0.00009965896606445312, 2.2351741790771484e-07, 0.9929734468460083, 0.02259986661374569, 0.11615904420614243, -0.037286367267370224, 0.9913468360900879, 0.12586188316345215, -0.11230975389480591, -0.12930859625339508, 0.9852238297462463),
            ["RightUpperLeg"] = CFrame.new(0.1213957667350769, -0.12950123846530914, -0.057815536856651306, 0.9746454954147339, -0.22114045917987823, -0.03410566970705986, 0.10530209541320801, 0.5878116488456726, -0.802115261554718, 0.19742779433727264, 0.7781866788864136, 0.5961946249008179),
