return {
    ["Neighborly Hang"] = {
        {Time = 0.000, Data = {
            ["LeftFoot"] = CFrame.new(1.30385160446167e-08, -1.7881393432617188e-07, 2.9802322387695312e-08, 0.9971920847892761, -0.07482118904590607, -0.003135783364996314, 0.07471636682748795, 0.9912251234054565, 0.10904203355312347, -0.005050386767834425, -0.10897079110145569, 0.9940322637557983),
            ["LeftLowerArm"] = CFrame.new(5.960464477539062e-07, 0, -1.1920928955078125e-07, 1, -3.725290653733282e-08, 4.4703490686970326e-08, 6.33299421792799e-08, 0.852799117565155, -0.5222392678260803, 3.725290653733282e-08, 0.5222392678260803, 0.852799117565155),
            ["LowerTorso"] = CFrame.new(-0.05948849767446518, -0.1244959831237793, 0.0701792910695076, 0.96349036693573, -0.011835687793791294, -0.26748132705688477, 2.7251243750470167e-07, 0.9990226030349731, -0.04420442506670952, 0.2677430510520935, 0.04259047284722328, 0.962548553943634),
            ["Head"] = CFrame.new(-1.6763806343078613e-08, 1.1920928955078125e-07, -4.656612873077393e-10, 0.9378669261932373, -0.025846164673566818, 0.34603142738342285, 0.04050968214869499, 0.9985585808753967, -0.035210058093070984, -0.34462258219718933, 0.04703996703028679, 0.937562108039856),
            ["RightUpperArm"] = CFrame.new(-5.960464477539063e-08, 0, -1.4901161193847656e-08, 0.9738081693649292, -0.22229278087615967, -0.04778781905770302, 0.2245989888906479, 0.9731694459915161, 0.04996644705533981, 0.035398468375205994, -0.059390801936388016, 0.9976069927215576),
            ["UpperTorso"] = CFrame.new(-7.144080882426351e-10, 6.258487701416016e-07, 1.1932570487260818e-08, 0.9965630769729614, 0.011088491417467594, -0.08209200203418732, 0.0061364625580608845, 0.9783957600593567, 0.20664986968040466, 0.08260992169380188, -0.2064434438943863, 0.9749650359153748),
            ["HumanoidRootPart"] = CFrame.new(0, 0, 0, 1, 0, 0, 0, 1, 0, 0, 0, 1),
            ["RightHand"] = CFrame.new(-1.043081283569336e-07, -1.7881393432617188e-07, 1.4901161193847656e-07, 0.9988428950309753, 0.028822988271713257, -0.03849993273615837, -0.031985606998205185, 0.9959327578544617, -0.08423066884279251, 0.03591565042734146, 0.08536470681428909, 0.9957022666931152),
            ["LeftUpperArm"] = CFrame.new(-2.384185791015625e-07, 0, 5.960464477539063e-08, 0.9000373482704163, 0.3655303418636322, -0.23731915652751923, -0.36644047498703003, 0.9294965863227844, 0.041922833770513535, 0.23591138422489166, 0.04923125356435776, 0.9705267548561096),
            ["RightLowerArm"] = CFrame.new(-2.980232238769531e-07, 5.960464477539062e-07, 5.960464477539063e-08, 1, -3.72529100900465e-08, 4.842878098543224e-08, 4.4703494239684005e-08, 0.8815203905105591, -0.47214609384536743, 2.6077039194660756e-08, 0.4721461236476898, 0.8815203905105591),
            ["LeftHand"] = CFrame.new(-1.1920928955078125e-07, -1.7881393432617188e-07, 2.9802322387695312e-08, 0.9954912662506104, -0.05093030631542206, 0.0800202339887619, 0.04832194745540619, 0.9982461333274841, 0.034202657639980316, -0.08162178844213486, -0.030181705951690674, 0.9962062835693359),
            ["RightUpperLeg"] = CFrame.new(5.960464477539063e-08, -7.078051567077637e-08, -1.5839759726077318e-08, 0.9160001277923584, -0.16115941107273102, -0.3673842251300812, 0.13265950977802277, 0.9859269261360168, -0.10173331946134567, 0.3786095976829529, 0.04445065185427666, 0.9244886040687561),
            ["LeftUpperLeg"] = CFrame.new(-1.7881393432617188e-07, 3.287568688392639e-07, 2.310844138264656e-08, 0.992027997970581, 0.11826542019844055, 0.043517690151929855, -0.08466558903455734, 0.88127601146698, -0.4649558663368225, -0.09333934634923935, 0.45756521821022034, 0.8842636942863464),
            ["RightLowerLeg"] = CFrame.new(-8.940696716308594e-08, -0.0000035762786865234375, -0.000013364646292757243, 1, -7.450583439094771e-08, -6.33299421792799e-08, 8.381905303167514e-08, 0.8111306428909302, 0.5848650932312012, -2.7939684343891713e-08, -0.584865152835846, 0.8111305832862854),
            ["RightFoot"] = CFrame.new(-2.421438694000244e-08, 2.384185791015625e-07, -7.281050784513354e-08, 0.993296205997467, 0.11052462458610535, 0.03386716544628143, -0.08132971823215485, 0.876379668712616, -0.4747045040130615, -0.08214718103408813, 0.46876776218414307, 0.8794934153556824),
            ["LeftLowerLeg"] = CFrame.new(-1.4901161193847656e-07, 0.000004112720489501953, 0.00001315772533416748, 1, 2.4214383387288763e-08, 3.725290742551124e-09, -5.21540641784668e-08, 0.9171280860900879, 0.3985927700996399, 7.450580596923828e-09, -0.39859282970428467, 0.9171280264854431),
        }},
        {Time = 0.033, Data = {
            ["LeftFoot"] = CFrame.new(-1.1175870895385742e-07, 0, 2.922024577856064e-08, 0.9966138601303101, -0.08157140761613846, 0.010339133441448212, 0.08159802109003067, 0.996662974357605, -0.002179973991587758, -0.010126877576112747, 0.0030161337926983833, 0.9999442100524902),
            ["LeftLowerArm"] = CFrame.new(-7.748603820800781e-07, 6.556510925292969e-07, 2.384185791015625e-07, 1, 3.7252894102834944e-09, 4.470347647611561e-08, 3.91155481338501e-08, 0.845869243144989, -0.5333905220031738, 1.1175870895385742e-07, 0.5333905220031738, 0.8458691835403442),
            ["LowerTorso"] = CFrame.new(-0.058579981327056885, -0.18093514442443848, 0.06110410392284393, 0.9658700227737427, -0.0227051954716444, -0.2580305337905884, 0.00957527570426464, 0.9985997080802917, -0.052028462290763855, 0.2588505744934082, 0.047782015055418015, 0.9647348523139954),
            ["Head"] = CFrame.new(-3.725290298461914e-09, -1.1920928955078125e-07, 9.033828973770142e-08, 0.9133570790290833, 0.036569397896528244, 0.4055140018463135, 0.05720973387360573, 0.9745513200759888, -0.2167414277791977, -0.4031202793121338, 0.22116167843341827, 0.8880211710929871),
            ["RightUpperArm"] = CFrame.new(1.1920928955078125e-07, 0, 5.960464477539063e-08, 0.9672903418540955, -0.22659435868263245, 0.11403712630271912, 0.23229551315307617, 0.9718511700630188, -0.039296068251132965, -0.10192281007766724, 0.06450101733207703, 0.9926990270614624),
            ["UpperTorso"] = CFrame.new(-7.450580596923828e-09, -2.086162567138672e-07, 1.862645149230957e-09, 0.9876573085784912, 0.012117995880544186, -0.15616095066070557, 0.03469653055071831, 0.9553067684173584, 0.2935732901096344, 0.15273910760879517, -0.2953680455684662, 0.9430952668190002),
            ["HumanoidRootPart"] = CFrame.new(0, 0, 0, 1, 0, 0, 0, 1, 0, 0, 0, 1),
            ["RightHand"] = CFrame.new(-5.21540641784668e-08, 0, -2.9802322387695312e-08, 0.9533517360687256, 0.20694932341575623, -0.21975576877593994, -0.23999561369419098, 0.9612050652503967, -0.13596691191196442, 0.1830921471118927, 0.18236467242240906, 0.9660333395004272),
            ["LeftUpperArm"] = CFrame.new(0, -3.5762786865234375e-07, -5.960464477539063e-08, 0.9103512167930603, 0.3718512952327728, -0.1816243976354599, -0.37415874004364014, 0.9270868301391602, 0.02269853465259075, 0.17682205140590668, 0.047292713075876236, 0.9831060171127319),
            ["RightLowerArm"] = CFrame.new(-3.2782554626464844e-07, 5.960464477539062e-07, 2.086162567138672e-07, 1, -2.9802308176840597e-08, -7.4505797087454084e-09, 5.21540464148984e-08, 0.8169535398483276, -0.5767034888267517, 3.7252889661942845e-09, 0.5767034888267517, 0.8169535398483276),
            ["LeftHand"] = CFrame.new(5.960464477539063e-08, -4.76837158203125e-07, -1.4901161193847656e-07, 0.9918506145477295, -0.014909552410244942, 0.12653160095214844, 0.013995700515806675, 0.9998692274093628, 0.008108186535537243, -0.12663592398166656, -0.006271159742027521, 0.9919295310974121),
            ["RightUpperLeg"] = CFrame.new(-5.960464477539063e-08, 1.8067657947540283e-07, 1.3205863069742918e-08, 0.9165882468223572, -0.18248389661312103, -0.3557601869106293, 0.13284362852573395, 0.9782178997993469, -0.1595068722963333, 0.37711870670318604, 0.09894164651632309, 0.9208649396896362),
            ["LeftUpperLeg"] = CFrame.new(1.7881393432617188e-07, -1.3899989426136017e-07, 2.9802322387695312e-08, 0.9925113320350647, 0.12213782966136932, -0.0019220404792577028, -0.10058963298797607, 0.8082768321037292, -0.5801465511322021, -0.06930428743362427, 0.575995683670044, 0.8145098686218262),
            ["RightLowerLeg"] = CFrame.new(-2.2351741790771484e-08, -0.000003516674041748047, -0.000013297591067384928, 1, -1.266598985694145e-07, -5.215408194203519e-08, 1.4156104555240745e-07, 0.7093785405158997, 0.7048273682594299, -7.450581485102248e-09, -0.7048277854919434, 0.7093789577484131),
            ["RightFoot"] = CFrame.new(-7.450580596923828e-09, 2.980232238769531e-07, -1.3205863069742918e-08, 0.9929043650627136, 0.11641377955675125, 0.024265455082058907, -0.08406674116849899, 0.8314818739891052, -0.5491542816162109, -0.08410564810037613, 0.5432179570198059, 0.8353686332702637),
            ["LeftLowerLeg"] = CFrame.new(3.725290298461914e-08, 0.0000037550926208496094, 0.000013343989849090576, 1, 4.749744419996205e-08, 2.5844210327363726e-08, -4.470347647611561e-08, 0.7857253551483154, 0.618575394153595, 0, -0.6185755133628845, 0.7857255339622498),
        }},
        {Time = 0.067, Data = {
            ["LeftFoot"] = CFrame.new(8.754432201385498e-08, -5.960464477539063e-08, -4.284083843231201e-08, 0.9954873919487, -0.09087583422660828, 0.027321595698595047, 0.09357870370149612, 0.9878924489021301, -0.12374018132686615, -0.015745844691991806, 0.12573860585689545, 0.9919384717941284),
            ["LeftLowerArm"] = CFrame.new(9.5367431640625e-07, -1.1920928955078125e-07, 2.980232238769531e-07, 1, -3.888272104290991e-08, 6.705523958316917e-08, 7.450581307466564e-08, 0.7592123746871948, -0.65084308385849, -7.450581485102248e-09, 0.6508430242538452, 0.75921231508255),
            ["LowerTorso"] = CFrame.new(-0.05723120644688606, -0.28186607360839844, 0.03848728537559509, 0.9712613821029663, -0.02863025665283203, -0.23628723621368408, 0.012181724421679974, 0.9974175095558167, -0.0707811489701271, 0.23770350217819214, 0.06586860865354538, 0.9691018462181091),
            ["Head"] = CFrame.new(-7.82310962677002e-08, -2.384185791015625e-07, 7.171183824539185e-08, 0.9004470109939575, 0.15753109753131866, 0.40543699264526367, 0.06414621323347092, 0.8738272190093994, -0.48198679089546204, -0.43020984530448914, 0.4600108861923218, 0.7767301797866821),
            ["RightUpperArm"] = CFrame.new(-5.960464477539063e-08, -1.1920928955078125e-07, 1.4901161193847656e-07, 0.9384370446205139, -0.24123629927635193, 0.2472674697637558, 0.28153687715530396, 0.948869526386261, -0.1427718997001648, -0.2001827508211136, 0.20359733700752258, 0.958371102809906),
            ["UpperTorso"] = CFrame.new(-2.7939677238464355e-09, -2.9802322387695312e-08, 2.7939677238464355e-08, 0.9772382378578186, 0.000914297066628933, -0.21214303374290466, 0.07794655859470367, 0.9284986257553101, 0.3630629777908325, 0.19730645418167114, -0.37133482098579407, 0.9072930216789246),
            ["HumanoidRootPart"] = CFrame.new(0, 0, 0, 1, 0, 0, 0, 1, 0, 0, 0, 1),
            ["RightHand"] = CFrame.new(-4.7124922275543213e-07, -5.960464477539063e-08, 5.960464477539063e-08, 0.8795618414878845, 0.304573655128479, -0.36552149057388306, -0.42035606503486633, 0.8573276996612549, -0.29713648557662964, 0.22287169098854065, 0.4149991571903229, 0.8821020126342773),
            ["LeftUpperArm"] = CFrame.new(0, -1.1920928955078125e-07, 8.940696716308594e-08, 0.9296860694885254, 0.36691439151763916, -0.032521627843379974, -0.36666139960289, 0.9302544593811035, 0.013646300882101059, 0.03526047617197037, -0.0007623658748343587, 0.9993779063224792),
            ["RightLowerArm"] = CFrame.new(4.76837158203125e-07, 3.5762786865234375e-07, -8.940696716308594e-08, 1, -8.940695295223122e-08, 1.4901159417490817e-08, 4.8428766774577525e-08, 0.5718554258346558, -0.8203544020652771, 2.607702853651972e-08, 0.8203544616699219, 0.571855366230011),
            ["LeftHand"] = CFrame.new(1.7881393432617188e-07, -2.980232238769531e-07, 5.960464477539063e-08, 0.9940044283866882, -0.03185759484767914, 0.10459627211093903, 0.023720767349004745, 0.9966605305671692, 0.07813546061515808, -0.1067362129688263, -0.07518580555915833, 0.9914407134056091),
            ["RightUpperLeg"] = CFrame.new(5.960464477539063e-08, -1.2293457984924316e-07, 2.8107024263590574e-08, 0.9108458161354065, -0.22934679687023163, -0.3431621491909027, 0.15503890812397003, 0.9606389999389648, -0.2305118441581726, 0.38252174854278564, 0.1567571461200714, 0.9105515480041504),
            ["LeftUpperLeg"] = CFrame.new(0, 1.1781230568885803e-07, 0, 0.9934052228927612, 0.0993214100599289, -0.057283513247966766, -0.11118031293153763, 0.7123554348945618, -0.6929563283920288, -0.028019173070788383, 0.6947554349899292, 0.7187003493309021),
            ["RightLowerLeg"] = CFrame.new(5.587935447692871e-08, -0.0000036954879760742188, -0.000013228673196863383, 1, -3.725290653733282e-08, -2.980233659855003e-08, 1.3411047916633834e-07, 0.5275700688362122, 0.849511444568634, -7.4505820180093e-08, -0.8495115041732788, 0.5275703072547913),
            ["RightFoot"] = CFrame.new(5.587935447692871e-08, 2.980232238769531e-07, 4.639878170564771e-08, 0.991007387638092, 0.133158877491951, 0.013155422173440456, -0.09143427014350891, 0.7456823587417603, -0.6599981188774109, -0.09769415110349655, 0.6528602838516235, 0.7511522173881531),
            ["LeftLowerLeg"] = CFrame.new(2.2351741790771484e-08, 0.0000036954879760742188, 0.000013470649719238281, 1, 5.774199962615967e-08, 4.5634816814299484e-08, -5.21540641784668e-08, 0.5743470191955566, 0.8186118602752686, 5.960464477539063e-08, -0.8186119794845581, 0.5743471384048462),
        }},
        {Time = 0.100, Data = {
            ["LeftFoot"] = CFrame.new(1.862645149230957e-09, 1.7881393432617188e-07, 2.2351741790771484e-08, 0.9942774176597595, -0.09819492697715759, 0.042075105011463165, 0.1050637811422348, 0.9701215624809265, -0.21869120001792908, -0.019343599677085876, 0.2218601405620575, 0.9748866558074951),
            ["LeftLowerArm"] = CFrame.new(-3.5762786865234375e-07, 2.384185791015625e-07, 3.5762786865234375e-07, 1, -7.450580596923828e-08, -7.450582373280668e-09, 9.685759039257391e-08, 0.7170594334602356, -0.6970121264457703, -7.450584149637507e-09, 0.6970120072364807, 0.7170594930648804),
            ["LowerTorso"] = CFrame.new(-0.05558590218424797, -0.37703990936279297, 0.001247171312570572, 0.9770137667655945, -0.03510882705450058, -0.21026533842086792, 0.01567874476313591, 0.9955078959465027, -0.09337139874696732, 0.21259891986846924, 0.08792843669652939, 0.9731754660606384),
            ["Head"] = CFrame.new(-2.9802322387695312e-08, -4.76837158203125e-07, 5.122274160385132e-08, 0.8973913192749023, 0.25417712330818176, 0.3606701195240021, 0.07505114376544952, 0.7175683379173279, -0.6924325823783875, -0.43480604887008667, 0.6484518051147461, 0.6248632669448853),
            ["RightUpperArm"] = CFrame.new(0, -4.76837158203125e-07, -8.847564458847046e-08, 0.9818035960197449, -0.15924091637134552, 0.10346067696809769, 0.1886119246482849, 0.8810479640960693, -0.4337973892688751, -0.022075505927205086, 0.4454178214073181, 0.8950507044792175),
            ["UpperTorso"] = CFrame.new(-1.3969838619232178e-08, 4.76837158203125e-07, 3.725290298461914e-09, 0.9689264893531799, 0.0011337714968249202, -0.24734635651111603, 0.10468526184558868, 0.9041334986686707, 0.4142265021800995, 0.22410373389720917, -0.4272485375404358, 0.8759201765060425),
            ["HumanoidRootPart"] = CFrame.new(0, 0, 0, 1, 0, 0, 0, 1, 0, 0, 0, 1),
            ["RightHand"] = CFrame.new(2.682209014892578e-07, 1.1920928955078125e-07, -2.421438694000244e-07, 0.47835302352905273, 0.20604485273361206, -0.8536533117294312, -0.5987485647201538, 0.787627637386322, -0.14540636539459229, 0.6424007415771484, 0.5806792974472046, 0.5001331567764282),
            ["LeftUpperArm"] = CFrame.new(1.1920928955078125e-07, -1.1920928955078125e-07, -1.4901161193847656e-07, 0.941100001335144, 0.33517301082611084, 0.044609636068344116, -0.3363950848579407, 0.9414332509040833, 0.02327694371342659, -0.0341951958835125, -0.03691238537430763, 0.9987332820892334),
            ["RightLowerArm"] = CFrame.new(2.384185791015625e-07, 1.7881393432617188e-07, 1.4901161193847656e-08, 1, -8.568166975919667e-08, 1.0430814256778831e-07, 6.356277282293377e-08, 0.04096206650137901, -0.9991607666015625, 9.313227167240257e-08, 0.9991607666015625, 0.04096204414963722),
            ["LeftHand"] = CFrame.new(1.1920928955078125e-07, 0, 1.7881393432617188e-07, 0.990060567855835, -0.019243840128183365, 0.13931885361671448, 0.008743690326809883, 0.9971006512641907, 0.07559119910001755, -0.14036962389945984, -0.07362169027328491, 0.9873582124710083),
            ["RightUpperLeg"] = CFrame.new(1.1920928955078125e-07, -3.902241587638855e-07, 2.8107024263590574e-08, 0.9000788331031799, -0.2689898610115051, -0.3427866995334625, 0.18811845779418945, 0.9494975209236145, -0.25112974643707275, 0.3930262327194214, 0.16155175864696503, 0.9052244424819946),
            ["LeftUpperLeg"] = CFrame.new(-1.7881393432617188e-07, -2.514570951461792e-08, 2.2351741790771484e-08, 0.9927817583084106, 0.06418249756097794, -0.10131673514842987, -0.11890355497598648, 0.6372767090797424, -0.7614070177078247, 0.015697864815592766, 0.7679577469825745, 0.6403078436851501),
            ["RightLowerLeg"] = CFrame.new(1.0058283805847168e-07, -0.000003635883331298828, -0.000013401899195741862, 1, -1.4901149825163884e-07, -2.0116584664719994e-07, 1.639127589214695e-07, 0.3812007009983063, 0.9244920015335083, -1.378357268322361e-07, -0.924492359161377, 0.3812016546726227),
            ["RightFoot"] = CFrame.new(2.9802322387695312e-08, 2.980232238769531e-07, 1.6596459317952394e-08, 0.9872295260429382, 0.15914949774742126, 0.007034011650830507, -0.10114268958568573, 0.6602921485900879, -0.7441662549972534, -0.12307814508676529, 0.7339521646499634, 0.6679574847221375),
            ["LeftLowerLeg"] = CFrame.new(-6.705522537231445e-08, 0.000003933906555175781, 0.000013552606105804443, 1, 1.1920930376163597e-07, -7.450580596923828e-09, -8.568168397005138e-08, 0.37807610630989075, 0.9257745742797852, 7.450581485102248e-09, -0.9257745742797852, 0.3780760169029236),
        }},
        {Time = 0.133, Data = {
            ["LeftFoot"] = CFrame.new(-1.862645149230957e-08, -1.1920928955078125e-07, 1.4901161193847656e-08, 0.9944930672645569, -0.09036143124103546, 0.0530879832804203, 0.10292485356330872, 0.9375512599945068, -0.332271009683609, -0.01974828541278839, 0.33590543270111084, 0.9416887760162354),
            ["LeftLowerArm"] = CFrame.new(-3.5762786865234375e-07, 3.5762786865234375e-07, 8.940696716308594e-08, 1, -5.401671643312511e-08, 5.960464477539063e-08, 8.195637946073475e-08, 0.6955113410949707, -0.718515157699585, 0, 0.718515157699585, 0.6955113410949707),
            ["LowerTorso"] = CFrame.new(-0.05250585451722145, -0.4266777038574219, -0.10946986824274063, 0.9849511384963989, -0.044684939086437225, -0.16695676743984222, 0.026247862726449966, 0.9934683442115784, -0.11104800552129745, 0.1708284318447113, 0.10499460250139236, 0.979690670967102),
            ["Head"] = CFrame.new(8.009374141693115e-08, -2.384185791015625e-07, 1.4994293451309204e-07, 0.9412834644317627, 0.22529815137386322, 0.251448392868042, 0.06761149317026138, 0.6038952469825745, -0.7941910624504089, -0.3307783007621765, 0.7645595669746399, 0.5532037615776062),
            ["RightUpperArm"] = CFrame.new(1.1920928955078125e-07, 1.1920928955078125e-07, 6.705522537231445e-08, 0.9945412874221802, -0.10188914835453033, -0.022501414641737938, 0.05495748668909073, 0.6948058605194092, -0.7170944213867188, 0.08869826793670654, 0.7119433879852295, 0.6966126561164856),
            ["UpperTorso"] = CFrame.new(-1.955777406692505e-08, 1.1920928955078125e-07, 6.426125764846802e-08, 0.9839087724685669, -0.0009650868596509099, -0.1786687821149826, 0.07161673158407211, 0.9182695746421814, 0.3894253969192505, 0.1636902540922165, -0.3959547281265259, 0.903562605381012),
            ["HumanoidRootPart"] = CFrame.new(0, 0, 0, 1, 0, 0, 0, 1, 0, 0, 0, 1),
            ["RightHand"] = CFrame.new(5.960464477539063e-08, 2.384185791015625e-07, 1.4901161193847656e-07, 0.10931222885847092, 0.08275242894887924, -0.9905568957328796, -0.7286238670349121, 0.6845203042030334, -0.0232210922986269, 0.6761347055435181, 0.7242817878723145, 0.13512182235717773),
            ["LeftUpperArm"] = CFrame.new(5.960464477539063e-08, 0, 8.940696716308594e-08, 0.9607145190238953, 0.2628840506076813, 0.08899324387311935, -0.2671669125556946, 0.9628190398216248, 0.040018077939748764, -0.0751643180847168, -0.06222202628850937, 0.9952280521392822),
            ["RightLowerArm"] = CFrame.new(0, 7.748603820800781e-07, -1.7881393432617188e-07, 1, -6.705520405603238e-08, 1.1920928955078125e-07, 8.940696716308594e-08, -0.3893953561782837, -0.9210706949234009, 1.2665987014770508e-07, 0.9210706353187561, -0.38939544558525085),
            ["LeftHand"] = CFrame.new(8.940696716308594e-08, 5.960464477539063e-08, -5.960464477539063e-08, 0.9943649172782898, -0.03730529174208641, 0.09923110157251358, 0.03559189662337303, 0.9991861581802368, 0.018981466069817543, -0.09985845535993576, -0.01534264162182808, 0.9948834180831909),
            ["RightUpperLeg"] = CFrame.new(-5.960464477539063e-08, -2.3562461137771606e-07, 5.790934665128589e-08, 0.8767731189727783, -0.30585360527038574, -0.37110966444015503, 0.250666081905365, 0.9492258429527283, -0.1900971680879593, 0.41040903329849243, 0.07364752888679504, 0.9089229106903076),
            ["LeftUpperLeg"] = CFrame.new(-1.7881393432617188e-07, -1.7881393432617188e-07, 7.450580596923828e-08, 0.9907662272453308, 0.01635735295712948, -0.13459138572216034, -0.11540620774030685, 0.6227636337280273, -0.7738520503044128, 0.07116050273180008, 0.7822390794754028, 0.618900716304779),
            ["RightLowerLeg"] = CFrame.new(9.685754776000977e-08, -0.0000035762786865234375, -0.000013327393389772624, 1, -2.3841860752327193e-07, -2.3841852225814364e-07, 1.0430811414607888e-07, 0.3194805681705475, 0.9475928544998169, -5.215405707303944e-08, -0.9475928544998169, 0.31948038935661316),
            ["RightFoot"] = CFrame.new(-5.960464477539063e-08, 2.980232238769531e-07, 1.6952981241047382e-09, 0.9732369780540466, 0.22862480580806732, 0.02325323037803173, -0.1346137523651123, 0.6491828560829163, -0.7486259937286377, -0.18625009059906006, 0.7254601120948792, 0.6625846028327942),
            ["LeftLowerLeg"] = CFrame.new(-9.685754776000977e-08, 0.000003993511199951172, 0.000013336539268493652, 1, 8.940694584680386e-08, 5.960465898624534e-08, -7.078050856534901e-08, 0.22801172733306885, 0.9736583828926086, 1.1175869474300271e-07, -0.9736583828926086, 0.2280118614435196),
        }},
        {Time = 0.167, Data = {
            ["LeftFoot"] = CFrame.new(-7.636845111846924e-08, -5.960464477539063e-08, 6.705522537231445e-08, 0.9962380528450012, -0.06814051419496536, 0.053542401641607285, 0.08455036580562592, 0.8997619152069092, -0.42811155319213867, -0.01900363713502884, 0.43102824687957764, 0.9021384119987488),
            ["LeftLowerArm"] = CFrame.new(-3.5762786865234375e-07, 0.0000010728836059570312, -5.960464477539063e-08, 1, -6.705521116145974e-08, 3.725290298461914e-08, 5.2154071283894154e-08, 0.6504666805267334, -0.7595347166061401, 5.2154071283894154e-08, 0.7595347166061401, 0.650466799736023),
            ["LowerTorso"] = CFrame.new(-0.04710910841822624, -0.40004706382751465, -0.26858198642730713, 0.9932897686958313, -0.05106678605079651, -0.10376811027526855, 0.038888879120349884, 0.9924682974815369, -0.11616525053977966, 0.10891874134540558, 0.11135030537843704, 0.9877945184707642),
            ["Head"] = CFrame.new(-1.862645149230957e-08, -3.5762786865234375e-07, -5.587935447692871e-09, 0.9912696480751038, 0.08880522102117538, 0.09745877236127853, 0.03155530244112015, 0.5578941106796265, -0.8293120265007019, -0.12801890075206757, 0.8251471519470215, 0.5502212047576904),
            ["RightUpperArm"] = CFrame.new(-1.1920928955078125e-07, -4.76837158203125e-07, -5.960464477539063e-08, 0.969054639339447, -0.2407410442829132, 0.05456237122416496, 0.1507653146982193, 0.4022049009799957, -0.9030510187149048, 0.19545617699623108, 0.8833317756652832, 0.42605388164520264),
            ["UpperTorso"] = CFrame.new(2.7939677238464355e-09, 2.9802322387695312e-08, -1.1175870895385742e-08, 0.999578058719635, -0.013383690267801285, -0.025781352072954178, 0.019790392369031906, 0.9634516835212708, 0.2671503722667694, 0.021263636648654938, -0.2675478458404541, 0.9633099436759949),
            ["HumanoidRootPart"] = CFrame.new(0, 0, 0, 1, 0, 0, 0, 1, 0, 0, 0, 1),
            ["RightHand"] = CFrame.new(4.470348358154297e-08, 5.364418029785156e-07, -2.980232238769531e-07, 0.2598040997982025, 0.22617892920970917, -0.9387997388839722, -0.8087821006774902, 0.5821402072906494, -0.08357169479131699, 0.5276110768318176, 0.7809966802597046, 0.334171861410141),
            ["LeftUpperArm"] = CFrame.new(5.960464477539063e-08, -3.5762786865234375e-07, 2.9802322387695312e-08, 0.9744401574134827, 0.2245493233203888, 0.006643806584179401, -0.2228805124759674, 0.9626500606536865, 0.1537180244922638, 0.028121599927544594, -0.15126976370811462, 0.9880924224853516),
            ["RightLowerArm"] = CFrame.new(-4.172325134277344e-07, 2.980232238769531e-07, 4.3958425521850586e-07, 1, -8.195637946073475e-08, 1.285224726643719e-07, 1.0430811414607888e-07, -0.48155486583709717, -0.8764159679412842, 1.7136333951839333e-07, 0.8764159679412842, -0.48155486583709717),
            ["LeftHand"] = CFrame.new(1.043081283569336e-07, 5.960464477539063e-08, 5.960464477539063e-08, 0.9835542440414429, -0.02031184919178486, 0.17946775257587433, 0.014406699687242508, 0.9993129968643188, 0.0341460220515728, -0.18003802001476288, -0.030998870730400085, 0.9831711053848267),
            ["RightUpperLeg"] = CFrame.new(1.1920928955078125e-07, 1.3224780559539795e-07, 2.029992174357176e-09, 0.8400357961654663, -0.3130488693714142, -0.44310277700424194, 0.32366588711738586, 0.9446421265602112, -0.05377640202641487, 0.43540820479393005, -0.09824312478303909, 0.8948565125465393),
            ["LeftUpperLeg"] = CFrame.new(-1.1920928955078125e-07, 1.73225998878479e-07, 6.332993507385254e-08, 0.9862653613090515, -0.02921062335371971, -0.16256505250930786, -0.09799180924892426, 0.6888214349746704, -0.718277633190155, 0.13295964896678925, 0.7243422269821167, 0.676498293876648),
            ["RightLowerLeg"] = CFrame.new(-8.940696716308594e-08, -0.0000035762786865234375, -0.000013394448615144938, 1, -5.9604616353681195e-08, -1.639129436625808e-07, 8.47503613954359e-08, 0.40705978870391846, 0.9134010672569275, -1.6763807764164085e-07, -0.9134016036987305, 0.4070609509944916),
            ["RightFoot"] = CFrame.new(-7.450580596923828e-09, 2.980232238769531e-07, -7.281050784513354e-08, 0.9468479156494141, 0.3127635717391968, 0.07522006332874298, -0.19040021300315857, 0.7333670258522034, -0.652625322341919, -0.2592815160751343, 0.6036155819892883, 0.7539377808570862),
            ["LeftLowerLeg"] = CFrame.new(1.4901161193847656e-08, 0.000003993511199951172, 0.000013574957847595215, 1, 5.960463056453591e-08, 5.960465898624534e-08, -1.0058283805847168e-07, 0.20513273775577545, 0.9787341952323914, 4.470348358154297e-08, -0.9787341952323914, 0.205132856965065),
        }},
        {Time = 0.200, Data = {
            ["LeftFoot"] = CFrame.new(0, -5.960464477539063e-08, -2.2351741790771484e-08, 0.9981563091278076, -0.04361383616924286, 0.042212992906570435, 0.059003256261348724, 0.8603560924530029, -0.5062670707702637, -0.014237925410270691, 0.5078242421150208, 0.8613430261611938),
            ["LeftLowerArm"] = CFrame.new(-6.258487701416016e-07, -1.1920928955078125e-07, -8.195638656616211e-08, 1, -4.8428766774577525e-08, 1.4901159417490817e-08, 6.146727571376687e-08, 0.6550343036651611, -0.7555992007255554, 3.352760558072987e-08, 0.7555991411209106, 0.6550343036651611),
            ["LowerTorso"] = CFrame.new(-0.04056623950600624, -0.34310412406921387, -0.4365309774875641, 0.9962122440338135, -0.058784086257219315, -0.06407460570335388, 0.05091139301657677, 0.9916787147521973, -0.11824295669794083, 0.070492222905159, 0.1145329475402832, 0.9909152984619141),
            ["Head"] = CFrame.new(-1.4901161193847656e-08, 2.384185791015625e-07, -2.0023435354232788e-08, 0.9961957931518555, -0.0830044373869896, -0.026537809520959854, 0.023048875853419304, 0.5446568727493286, -0.8383422493934631, 0.08404013514518738, 0.8345412611961365, 0.5444980263710022),
            ["RightUpperArm"] = CFrame.new(0, 1.1920928955078125e-07, -1.0710209608078003e-08, 0.9082516431808472, -0.4031524658203125, 0.11201397329568863, 0.1333622932434082, 0.025173963978886604, -0.9907476902008057, 0.3966025412082672, 0.9147865176200867, 0.0766296312212944),
            ["UpperTorso"] = CFrame.new(1.862645149230957e-09, -8.940696716308594e-08, 4.1443854570388794e-08, 0.9881748557090759, -0.010608106851577759, 0.15296374261379242, -0.006454371847212315, 0.9938418865203857, 0.11061991751194, -0.15319523215293884, -0.11029911041259766, 0.9820210933685303),
            ["HumanoidRootPart"] = CFrame.new(0, 0, 0, 1, 0, 0, 0, 1, 0, 0, 0, 1),
            ["RightHand"] = CFrame.new(-1.4901161193847656e-07, -1.1920928955078125e-07, -2.9802322387695312e-08, 0.01777154952287674, 0.3672175705432892, -0.9299653768539429, -0.8721347451210022, 0.4605369567871094, 0.16518676280975342, 0.488942950963974, 0.8081194162368774, 0.32844752073287964),
            ["LeftUpperArm"] = CFrame.new(-1.1920928955078125e-07, 5.960464477539062e-07, -4.237517714500427e-08, 0.9595500230789185, 0.2581137418746948, -0.11243313550949097, -0.21730290353298187, 0.932913064956665, 0.28714603185653687, 0.1790066659450531, -0.2510989010334015, 0.9512655138969421),
            ["RightLowerArm"] = CFrame.new(-2.9802322387695312e-08, -3.5762786865234375e-07, -4.470348358154297e-08, 1, -7.450580596923828e-08, 1.3411046495548362e-07, 7.826020720358429e-08, -0.29489630460739136, -0.9555293321609497, 1.005828522693264e-07, 0.9555293321609497, -0.29489630460739136),
            ["LeftHand"] = CFrame.new(-5.960464477539063e-08, 5.960464477539063e-08, 5.960464477539063e-08, 0.9499194025993347, 0.003831104375422001, 0.3124716877937317, -0.007858172059059143, 0.9999015927314758, 0.011629494838416576, -0.3123963177204132, -0.013502497225999832, 0.9498559832572937),
            ["RightUpperLeg"] = CFrame.new(-8.940696716308594e-08, -3.91155481338501e-07, -9.296491043642163e-08, 0.8147568106651306, -0.25304704904556274, -0.5216691493988037, 0.37528783082962036, 0.915996253490448, 0.1418103575706482, 0.44196224212646484, -0.31131693720817566, 0.8412795066833496),
            ["LeftUpperLeg"] = CFrame.new(1.7881393432617188e-07, -1.2665987014770508e-07, -1.862645149230957e-08, 0.9839317202568054, -0.03457748889923096, -0.17516539990901947, -0.08171813935041428, 0.785067617893219, -0.6139958500862122, 0.15874706208705902, 0.6184441447257996, 0.7696273326873779),
            ["RightLowerLeg"] = CFrame.new(1.4901161193847656e-08, -0.0000036954879760742188, -0.000013305041647981852, 1, -1.9371512394172896e-07, -1.4901168299275014e-07, 1.341104507446289e-07, 0.6295662522315979, 0.7769465446472168, -8.568167686462402e-08, -0.7769468426704407, 0.6295666694641113),
            ["RightFoot"] = CFrame.new(8.940696716308594e-08, 2.980232238769531e-07, -1.3205863069742918e-08, 0.9213492274284363, 0.36869335174560547, 0.12321031093597412, -0.25684672594070435, 0.8152831792831421, -0.5189828276634216, -0.2917967438697815, 0.44651851058006287, 0.8458582162857056),
            ["LeftLowerLeg"] = CFrame.new(4.0978193283081055e-08, 0.000003993511199951172, 0.000013537704944610596, 1, 2.9802322387695312e-08, 8.009372010064908e-08, -1.1175868053214799e-07, 0.2555406987667084, 0.9667983651161194, 7.823107495141812e-08, -0.9667983055114746, 0.25554072856903076),
        }},
        {Time = 0.233, Data = {
            ["LeftFoot"] = CFrame.new(3.67872416973114e-08, 0, -7.450580596923828e-09, 0.9995786547660828, -0.0250809658318758, 0.014614871703088284, 0.029010605067014694, 0.8454528450965881, -0.5332614183425903, 0.0010184283601120114, 0.5334608554840088, 0.8458242416381836),
            ["LeftLowerArm"] = CFrame.new(-5.960464477539063e-08, 5.960464477539062e-07, -3.818422555923462e-08, 1, -5.960464477539063e-08, 1.4901161193847656e-08, 6.332993507385254e-08, 0.6973283290863037, -0.7167519927024841, 2.9802322387695312e-08, 0.7167519330978394, 0.6973282694816589),
            ["LowerTorso"] = CFrame.new(-0.030609430745244026, -0.24480438232421875, -0.6002678275108337, 0.9939370155334473, -0.06818757951259613, -0.08625327795743942, 0.05779306963086128, 0.9913608431816101, -0.11774418503046036, 0.09353680908679962, 0.11204546689987183, 0.9892910122871399),
            ["Head"] = CFrame.new(2.2351741790771484e-08, 1.1920928955078125e-07, 7.450580596923828e-08, 0.9813593029975891, -0.16394001245498657, -0.10028770565986633, 0.01100831013172865, 0.5689322352409363, -0.8223106861114502, 0.19186651706695557, 0.8058782815933228, 0.5601316690444946),
            ["RightUpperArm"] = CFrame.new(-5.960464477539063e-08, 2.384185791015625e-07, 7.450580596923828e-08, 0.8393887877464294, -0.4715915620326996, 0.2702370285987854, 0.16244393587112427, -0.25680097937583923, -0.9527146816253662, 0.5186892151832581, 0.8435963988304138, -0.13894860446453094),
            ["UpperTorso"] = CFrame.new(0, -1.4901161193847656e-07, 2.9802322387695312e-08, 0.9588083624839783, -0.009073852561414242, 0.2839087247848511, 0.015106495469808578, 0.999704122543335, -0.019066249951720238, -0.2836517095565796, 0.022569751366972923, 0.9586617350578308),
            ["HumanoidRootPart"] = CFrame.new(0, 0, 0, 1, 0, 0, 0, 1, 0, 0, 0, 1),
            ["RightHand"] = CFrame.new(-2.682209014892578e-07, -2.384185791015625e-07, -5.960464477539063e-08, 0.22907763719558716, 0.4003893733024597, -0.8872495293617249, -0.5134662389755249, 0.8240663409233093, 0.23930573463439941, 0.8269679546356201, 0.40075311064720154, 0.394361674785614),
            ["LeftUpperArm"] = CFrame.new(0, -1.1920928955078125e-07, 5.960464477539063e-08, 0.9296382069587708, 0.32343822717666626, -0.17652349174022675, -0.22250503301620483, 0.8746175169944763, 0.43073880672454834, 0.2937079071998596, -0.36115384101867676, 0.8850444555282593),
            ["RightLowerArm"] = CFrame.new(-5.960464477539063e-08, 8.344650268554688e-07, -2.980232238769531e-07, 1, -8.195639367158947e-08, 1.136213683139431e-07, 9.685756907629184e-08, 0.25275495648384094, -0.9675304293632507, 5.215407838932151e-08, 0.967530369758606, 0.25275489687919617),
            ["LeftHand"] = CFrame.new(-3.986060619354248e-07, 1.7881393432617188e-07, -1.1920928955078125e-07, 0.8811456561088562, 0.048097625374794006, 0.4703924059867859, -0.057331956923007965, 0.9983410835266113, 0.005314719397574663, -0.4693564176559448, -0.03165150806307793, 0.8824414014816284),
            ["RightUpperLeg"] = CFrame.new(-5.960464477539063e-08, -9.685754776000977e-08, -2.7772330213338137e-08, 0.9201194047927856, -0.11634697020053864, -0.37395668029785156, 0.2546899914741516, 0.9031272530555725, 0.34567949175834656, 0.2975118160247803, -0.41330939531326294, 0.8606173396110535),
            ["LeftUpperLeg"] = CFrame.new(1.7881393432617188e-07, -2.2351741790771484e-07, 2.60770320892334e-08, 0.9913685917854309, 0.019193094223737717, -0.12969233095645905, -0.07457496225833893, 0.8961547613143921, -0.43743017315864563, 0.10782882571220398, 0.4433264434337616, 0.8898510932922363),
            ["RightLowerLeg"] = CFrame.new(-2.9802322387695312e-08, -0.000003814697265625, -0.0000133199428091757, 1, -1.639127589214695e-07, -1.0430814256778831e-07, 6.705521116145974e-08, 0.8069665431976318, 0.5905969142913818, 1.862644793959589e-08, -0.5905971527099609, 0.8069667816162109),
            ["RightFoot"] = CFrame.new(-2.9802322387695312e-08, 4.172325134277344e-07, 1.6596459317952394e-08, 0.9470129609107971, 0.3203873634338379, -0.02277805469930172, -0.3181602656841278, 0.9259752631187439, -0.20333179831504822, -0.044053129851818085, 0.19980481266975403, 0.978844940662384),
            ["LeftLowerLeg"] = CFrame.new(-3.5390257835388184e-08, 0.000003874301910400391, 0.00001329183578491211, 1, 5.5879340266073996e-08, 7.636845111846924e-08, -7.823107495141812e-08, 0.4124889373779297, 0.9109627604484558, 2.7939670133036998e-08, -0.9109626412391663, 0.4124886691570282),
        }},
        {Time = 0.267, Data = {
            ["LeftFoot"] = CFrame.new(-1.210719347000122e-08, 0, -7.450580596923828e-09, 0.9994999170303345, -0.022943442687392235, -0.021761994808912277, 0.01170586422085762, 0.9077352285385132, -0.41938066482543945, 0.02937602624297142, 0.418915718793869, 0.9075495600700378),
            ["LeftLowerArm"] = CFrame.new(1.1920928955078125e-07, 2.384185791015625e-07, 6.880145519971848e-08, 1, -5.215407838932151e-08, 7.450581485102248e-09, 4.842878098543224e-08, 0.7344707250595093, -0.6786403656005859, 1.862645326866641e-08, 0.6786404252052307, 0.734470784664154),
            ["LowerTorso"] = CFrame.new(-0.018098391592502594, -0.09868717193603516, -0.7660986185073853, 0.9865078330039978, -0.07683367282152176, -0.14456520974636078, 0.060222845524549484, 0.9914259314537048, -0.11596560478210449, 0.152235746383667, 0.10569486021995544, 0.9826763868331909),
            ["Head"] = CFrame.new(1.4901161193847656e-08, -1.1920928955078125e-07, 6.332993507385254e-08, 0.9725340604782104, -0.17755478620529175, -0.1505059152841568, -0.012601444497704506, 0.605498731136322, -0.7957466244697571, 0.23241975903511047, 0.7757871747016907, 0.5866305828094482),
            ["RightUpperArm"] = CFrame.new(-5.960464477539063e-08, 2.384185791015625e-07, 7.450580596923828e-08, 0.7444936037063599, -0.37572768330574036, 0.551867663860321, 0.27665695548057556, -0.5786743760108948, -0.7672008275985718, 0.6076102256774902, 0.7238540649414062, -0.3268716633319855),
            ["UpperTorso"] = CFrame.new(0, -4.172325134277344e-07, -6.891787052154541e-08, 0.9258541464805603, -0.01045164093375206, 0.3777366578578949, 0.05226093530654907, 0.9935530424118042, -0.10060378909111023, -0.3742498755455017, 0.11288529634475708, 0.9204314947128296),
            ["HumanoidRootPart"] = CFrame.new(0, 0, 0, 1, 0, 0, 0, 1, 0, 0, 0, 1),
            ["RightHand"] = CFrame.new(1.7881393432617188e-07, -3.5762786865234375e-07, 2.9802322387695312e-08, 0.34332555532455444, -0.4811369776725769, -0.8066192865371704, 0.8161864876747131, 0.5777819752693176, 0.0027590279933065176, 0.4647226333618164, -0.6592991352081299, 0.5910648703575134),
            ["LeftUpperArm"] = CFrame.new(0, 1.1920928955078125e-07, 5.960464477539063e-08, 0.8993080258369446, 0.39842742681503296, -0.18027964234352112, -0.23770852386951447, 0.7913830876350403, 0.5632117986679077, 0.367069274187088, -0.4636467695236206, 0.8064066767692566),
            ["RightLowerArm"] = CFrame.new(2.980232238769531e-07, -5.960464477539062e-07, 2.384185791015625e-07, 1, -4.4703490686970326e-08, -2.980232594040899e-08, 3.725290653733282e-08, 0.9205394387245178, -0.390649676322937, 2.980232594040899e-08, 0.390649676322937, 0.9205394387245178),
            ["LeftHand"] = CFrame.new(2.2351741790771484e-08, -1.1920928955078125e-07, 5.960464477539063e-08, 0.8132773637771606, -0.042325522750616074, 0.5803349018096924, -0.030750952661037445, 0.9928308725357056, 0.11550430208444595, -0.5810631513595581, -0.11178286373615265, 0.8061453104019165),
            ["RightUpperLeg"] = CFrame.new(-5.960464477539063e-08, -4.3958425521850586e-07, -1.2835516827180982e-07, 0.9863935112953186, -0.011154615320265293, -0.16402269899845123, 0.08290854096412659, 0.8952866792678833, 0.43770724534988403, 0.14196501672267914, -0.445350706577301, 0.8840299844741821),
