return {
    ["Neo's Bullet Time"] = {
        {Time = 0.000, Data = {
            ["LeftFoot"] = CFrame.new(2.2351741790771484e-08, 5.960464477539063e-08, -5.960464477539063e-08, 0.9752500057220459, -0.21397101879119873, -0.05571218952536583, 0.21708786487579346, 0.9744495153427124, 0.05763024464249611, 0.0419575497508049, -0.0682983547449112, 0.9967823624610901),
            ["LeftLowerArm"] = CFrame.new(9.5367431640625e-07, 9.5367431640625e-07, 1.7881393432617188e-07, 1, -1.9790611371917066e-09, 3.7252924300901213e-08, 7.078055119791316e-08, 0.8528749942779541, -0.5221152901649475, -2.980233659855003e-08, 0.5221152901649475, 0.8528749346733093),
            ["LowerTorso"] = CFrame.new(-0.05695926398038864, -0.146148681640625, -0.02172672003507614, 0.9634905457496643, -0.03963475674390793, -0.26479262113571167, 0.027891069650650024, 0.99845951795578, -0.04796554148197174, 0.26628583669662476, 0.03882899507880211, 0.9631116986274719),
            ["Head"] = CFrame.new(-2.7992064133286476e-07, 3.5762786865234375e-07, -1.1362135410308838e-07, 0.9373167157173157, 0.0024519271682947874, 0.34847012162208557, 0.012039758265018463, 0.9991504549980164, -0.03941494598984718, -0.34827062487602234, 0.04113968089222908, 0.9364908337593079),
            ["RightUpperArm"] = CFrame.new(1.1920928955078125e-07, -3.5762786865234375e-07, 3.2782554626464844e-07, 0.9589161276817322, -0.27093377709388733, -0.08411180973052979, 0.277554452419281, 0.9573216438293457, 0.08061552792787552, 0.05868059769272804, -0.10064913332462311, 0.9931900501251221),
            ["UpperTorso"] = CFrame.new(-1.0826624929904938e-07, 1.1920928955078125e-07, 8.847564458847046e-09, 0.9965260624885559, 0.010270543396472931, -0.08264708518981934, 0.007073705084621906, 0.9783428311347961, 0.20687030255794525, 0.08298194408416748, -0.2067362666130066, 0.9748713970184326),
            ["HumanoidRootPart"] = CFrame.new(0, 0, 0, 1, 0, 0, 0, 1, 0, 0, 0, 1),
            ["RightHand"] = CFrame.new(-6.705522537231445e-07, 0, 1.1920928955078125e-07, 0.9987645745277405, 0.025224588811397552, -0.04281434789299965, -0.03164450451731682, 0.9871547222137451, -0.15660233795642853, 0.03831414133310318, 0.15776368975639343, 0.9867333173751831),
            ["LeftUpperArm"] = CFrame.new(-2.384185791015625e-07, 0, 0, 0.81475430727005, 0.440604031085968, -0.3768867254257202, -0.43757134675979614, 0.8937299847602844, 0.09888384491205215, 0.38040363788604736, 0.08434875309467316, 0.9209660291671753),
            ["RightLowerArm"] = CFrame.new(5.960464477539062e-07, -4.172325134277344e-07, 8.940696716308594e-08, 1, -8.56816981809061e-08, 7.450581485102248e-09, 7.450581307466564e-08, 0.8691666722297668, -0.4945192337036133, 5.2154071283894154e-08, 0.4945192039012909, 0.8691667318344116),
            ["LeftHand"] = CFrame.new(-2.384185791015625e-07, 5.960464477539063e-08, 0, 0.9877151250839233, -0.1316453069448471, 0.08419328927993774, 0.13636358082294464, 0.9892420172691345, -0.052965324372053146, -0.07631484419107437, 0.06379549950361252, 0.995040774345398),
            ["RightUpperLeg"] = CFrame.new(0, 1.685693860054016e-07, -3.894820110872388e-08, 0.8998894095420837, -0.24024251103401184, -0.3639812171459198, 0.2551176846027374, 0.9668814539909363, -0.007440927438437939, 0.35371464490890503, -0.08616217225790024, 0.9313766360282898),
            ["LeftUpperLeg"] = CFrame.new(8.940696716308594e-08, 3.725290298461914e-08, -1.1920928955078125e-07, 0.9591259956359863, 0.2829679250717163, -0.002532360376790166, -0.2522224485874176, 0.850787341594696, -0.46102598309516907, -0.12830109894275665, 0.44282066822052, 0.8873831033706665),
            ["RightLowerLeg"] = CFrame.new(7.450580596923828e-09, -0.0000036954879760742188, -0.000013364646292757243, 1, -4.4703494239684005e-08, -1.4901161193847656e-07, 2.9802315282267955e-08, 0.8959246277809143, 0.44420623779296875, -6.89178563106907e-08, -0.4442063868045807, 0.8959246277809143),
            ["RightFoot"] = CFrame.new(-7.450580596923828e-09, 3.5762786865234375e-07, -5.045876605436206e-08, 0.96600741147995, 0.2575882077217102, 0.021861933171749115, -0.22761519253253937, 0.8875910043716431, -0.400466650724411, -0.12256032228469849, 0.3818776607513428, 0.9160506129264832),
            ["LeftLowerLeg"] = CFrame.new(5.960464477539063e-08, 0.0000036954879760742188, 0.000013247132301330566, 1, 4.470347647611561e-08, 4.842877388000488e-08, -5.2154071283894154e-08, 0.8956544995307922, 0.4447503089904785, 1.4901162970204496e-08, -0.44475042819976807, 0.8956546783447266),
        }},
        {Time = 0.033, Data = {
            ["LeftFoot"] = CFrame.new(0, -1.7881393432617188e-07, -3.91155481338501e-08, 0.9745315909385681, -0.2169172316789627, -0.05687662586569786, 0.219491645693779, 0.9746348857879639, 0.04370914772152901, 0.0459526963531971, -0.05507998540997505, 0.9974240064620972),
            ["LeftLowerArm"] = CFrame.new(0.0000013709068298339844, 4.172325134277344e-07, 8.940696716308594e-07, 1, -1.4435505235610435e-08, -1.4901166522918174e-08, 3.7252920748187535e-08, 0.8535899519920349, -0.5209455490112305, -2.235175244891252e-08, 0.5209456086158752, 0.8535898923873901),
            ["LowerTorso"] = CFrame.new(-0.0521777980029583, -0.1468944549560547, -0.02540198713541031, 0.9595088362693787, -0.04033859819173813, -0.2787751257419586, 0.028544971719384193, 0.9985225796699524, -0.046237438917160034, 0.2802284061908722, 0.036407604813575745, 0.9592427015304565),
            ["Head"] = CFrame.new(-2.5890767574310303e-07, 0, -1.955777406692505e-07, 0.9393181204795837, 0.0043138195760548115, 0.34302031993865967, 0.014252868480980396, 0.9985668063163757, -0.051587678492069244, -0.34275123476982117, 0.0533461719751358, 0.9379103779792786),
            ["RightUpperArm"] = CFrame.new(0, 1.1920928955078125e-07, 2.60770320892334e-07, 0.9640012383460999, -0.24957188963890076, -0.0917365550994873, 0.25829625129699707, 0.960849940776825, 0.10025236010551453, 0.06312490999698639, -0.12033864855766296, 0.9907239675521851),
            ["UpperTorso"] = CFrame.new(-1.073349267244339e-07, 4.470348358154297e-07, -1.30385160446167e-08, 0.9973639249801636, 0.003987602889537811, -0.07245153933763504, 0.011746530421078205, 0.9764456152915955, 0.21544401347637177, 0.07160408794879913, -0.21572713553905487, 0.9738247990608215),
            ["HumanoidRootPart"] = CFrame.new(0, 0, 0, 1, 0, 0, 0, 1, 0, 0, 0, 1),
            ["RightHand"] = CFrame.new(-5.662441253662109e-07, -3.5762786865234375e-07, 2.086162567138672e-07, 0.9991999864578247, 0.024265844374895096, -0.03178931027650833, -0.02906123548746109, 0.9866373538970947, -0.16031941771507263, 0.027474205940961838, 0.16111500561237335, 0.9865531325340271),
            ["LeftUpperArm"] = CFrame.new(-2.384185791015625e-07, 8.344650268554688e-07, -8.940696716308594e-08, 0.8219379186630249, 0.4521450698375702, -0.34638553857803345, -0.45854848623275757, 0.8860282897949219, 0.06846411526203156, 0.33786314725875854, 0.10256130993366241, 0.9355906248092651),
            ["RightLowerArm"] = CFrame.new(-1.7881393432617188e-07, -4.76837158203125e-07, 2.384185791015625e-07, 1, -8.940700979565008e-08, 1.4901161193847656e-08, 5.960465898624534e-08, 0.8549619317054749, -0.5186910033226013, 4.4703494239684005e-08, 0.5186909437179565, 0.8549618721008301),
            ["LeftHand"] = CFrame.new(-5.960464477539063e-08, 2.384185791015625e-07, 2.2351741790771484e-07, 0.987750232219696, -0.1280333548784256, 0.08920273929834366, 0.13354787230491638, 0.9892936944961548, -0.05884787440299988, -0.08071324974298477, 0.07003984600305557, 0.9942735433578491),
            ["RightUpperLeg"] = CFrame.new(-5.960464477539063e-08, 1.2945383787155151e-07, -9.145878721028566e-09, 0.9093543291091919, -0.25202178955078125, -0.3309977948665619, 0.2507462501525879, 0.9668958187103271, -0.04731644690036774, 0.33196520805358887, -0.03996911644935608, 0.9424445033073425),
            ["LeftUpperLeg"] = CFrame.new(-5.960464477539063e-08, -6.007030606269836e-08, -1.6391277313232422e-07, 0.9558966755867004, 0.29357582330703735, 0.008646301925182343, -0.2561664283275604, 0.8477668762207031, -0.4644031226634979, -0.14366748929023743, 0.4417063593864441, 0.8855817914009094),
            ["RightLowerLeg"] = CFrame.new(-1.4901161193847656e-08, -0.0000033974647521972656, -0.000013237986422609538, 1, -7.450583439094771e-08, -6.705523958316917e-08, 9.685756197086448e-08, 0.8654794692993164, 0.5009440183639526, 8.754432911928234e-08, -0.5009444952011108, 0.8654796481132507),
            ["RightFoot"] = CFrame.new(-2.9802322387695312e-08, 3.5762786865234375e-07, 2.4047039914876223e-08, 0.9659618139266968, 0.2577926814556122, 0.02146744914352894, -0.22916287183761597, 0.8912703990936279, -0.39130711555480957, -0.12000970542430878, 0.37306833267211914, 0.9200098514556885),
            ["LeftLowerLeg"] = CFrame.new(1.4901161193847656e-08, 0.000003814697265625, 0.000013142824172973633, 1, 6.426126475389538e-08, 6.51925802230835e-09, -7.450581485102248e-09, 0.8885742425918579, 0.45873281359672546, 0, -0.4587330222129822, 0.8885742425918579),
        }},
        {Time = 0.067, Data = {
            ["LeftFoot"] = CFrame.new(3.725290298461914e-09, 0, -9.313225746154785e-10, 0.9731405377388, -0.22247542440891266, -0.05917886644601822, 0.22357851266860962, 0.974604070186615, 0.012637700885534286, 0.054864514619112015, -0.025529392063617706, 0.9981673955917358),
            ["LeftLowerArm"] = CFrame.new(8.344650268554688e-07, 1.1920928955078125e-07, 8.344650268554688e-07, 1, -2.9802322387695312e-08, 5.960467319710006e-08, 3.352762334429826e-08, 0.8572268486022949, -0.5149389505386353, 8.195641498787154e-08, 0.5149389505386353, 0.8572269082069397),
            ["LowerTorso"] = CFrame.new(-0.04342722147703171, -0.15143227577209473, -0.03469591960310936, 0.9532929062843323, -0.04186635464429855, -0.2991319000720978, 0.03049437142908573, 0.9986273050308228, -0.042585961520671844, 0.300504207611084, 0.03147505596280098, 0.9532610177993774),
            ["Head"] = CFrame.new(-2.644956111907959e-07, 7.152557373046875e-07, -1.1408701539039612e-07, 0.9463163018226624, 0.0045336573384702206, 0.3232104480266571, 0.016314487904310226, 0.9979574084281921, -0.06176500767469406, -0.3228302299976349, 0.0637221410870552, 0.944309413433075),
            ["RightUpperArm"] = CFrame.new(1.1920928955078125e-07, -4.76837158203125e-07, 3.5762786865234375e-07, 0.9667218327522278, -0.23018230497837067, -0.11164756119251251, 0.2427363395690918, 0.9631154537200928, 0.11613636463880539, 0.08079692721366882, -0.13937240839004517, 0.9869383573532104),
            ["UpperTorso"] = CFrame.new(-1.0104849934577942e-07, 1.7881393432617188e-07, -3.725290298461914e-09, 0.9986753463745117, 0.000045008957386016846, -0.05145508423447609, 0.011343246325850487, 0.9752055406570435, 0.22101031243801117, 0.05018925666809082, -0.22130121290683746, 0.9739131331443787),
            ["HumanoidRootPart"] = CFrame.new(0, 0, 0, 1, 0, 0, 0, 1, 0, 0, 0, 1),
            ["RightHand"] = CFrame.new(-8.195638656616211e-07, -2.384185791015625e-07, 8.940696716308594e-08, 0.9997297525405884, 0.022206922993063927, -0.006890439428389072, -0.023050883784890175, 0.9854215383529663, -0.168561652302742, 0.003046788740903139, 0.16867493093013763, 0.9856671094894409),
            ["LeftUpperArm"] = CFrame.new(-3.5762786865234375e-07, 8.344650268554688e-07, -5.960464477539063e-08, 0.8433037400245667, 0.4656103253364563, -0.2684136629104614, -0.47199177742004395, 0.8804820775985718, 0.04444294050335884, 0.2570264935493469, 0.0892101600766182, 0.9622780084609985),
            ["RightLowerArm"] = CFrame.new(3.5762786865234375e-07, -4.76837158203125e-07, 2.682209014892578e-07, 1, -1.1175872671742582e-08, 1.4901162970204496e-08, 8.940698137394065e-08, 0.8409301042556763, -0.5411438941955566, 6.705523247774181e-08, 0.5411438941955566, 0.8409301042556763),
            ["LeftHand"] = CFrame.new(0, 1.1920928955078125e-07, -1.4901161193847656e-07, 0.9879986047744751, -0.12037451565265656, 0.09679281711578369, 0.12746527791023254, 0.9893172383308411, -0.07073899358510971, -0.08724366128444672, 0.08222772926092148, 0.9927876591682434),
            ["RightUpperLeg"] = CFrame.new(5.960464477539063e-08, 3.6368146538734436e-07, -4.639878170564771e-08, 0.9273507595062256, -0.27259862422943115, -0.2563406825065613, 0.24306151270866394, 0.9596747756004333, -0.14122889935970306, 0.2845025658607483, 0.06866205483675003, 0.9562132954597473),
            ["LeftUpperLeg"] = CFrame.new(-5.960464477539063e-08, -1.3317912817001343e-07, -1.1920928955078125e-07, 0.9500340819358826, 0.3113900125026703, 0.021713990718126297, -0.2638229727745056, 0.8381937742233276, -0.4773140549659729, -0.16683140397071838, 0.44773590564727783, 0.8784644603729248),
            ["RightLowerLeg"] = CFrame.new(-3.725290298461914e-08, -0.000003933906555175781, -0.000013290140486788005, 1, -2.9802318834981634e-08, -4.4703494239684005e-08, 4.00468671557519e-08, 0.7780101895332336, 0.6282509565353394, -6.332992796842518e-08, -0.6282517313957214, 0.778010904788971),
            ["RightFoot"] = CFrame.new(-8.195638656616211e-08, 2.980232238769531e-07, 6.129994289949536e-08, 0.9649054408073425, 0.26207026839256287, 0.016637060791254044, -0.2382757067680359, 0.9004054069519043, -0.36399778723716736, -0.11037316918373108, 0.3472597301006317, 0.9312512278556824),
            ["LeftLowerLeg"] = CFrame.new(-5.960464477539063e-08, 0.000003933906555175781, 0.000013202428817749023, 1, 6.984919309616089e-08, 9.313225746154785e-09, -5.21540641784668e-08, 0.8686003684997559, 0.4955134391784668, -1.4901161193847656e-08, -0.495513379573822, 0.8686003088951111),
        }},
        {Time = 0.100, Data = {
            ["LeftFoot"] = CFrame.new(1.1175870895385742e-08, -5.960464477539063e-08, -1.57160684466362e-09, 0.9716030955314636, -0.2285623550415039, -0.06120968982577324, 0.22721315920352936, 0.9734349846839905, -0.02826360985636711, 0.0660436600446701, 0.01355358213186264, 0.9977247714996338),
            ["LeftLowerArm"] = CFrame.new(4.172325134277344e-07, 6.556510925292969e-07, 5.364418029785156e-07, 1, -5.960467319710006e-08, 1.4901173628345532e-08, 5.587938645135182e-08, 0.8662036061286926, -0.49969127774238586, -1.4901170075631853e-08, 0.4996911883354187, 0.8662036657333374),
            ["LowerTorso"] = CFrame.new(-0.03419208526611328, -0.16132044792175293, -0.049503542482852936, 0.949384868144989, -0.04413245618343353, -0.31099963188171387, 0.03407062962651253, 0.9987075328826904, -0.03771477937698364, 0.3122621178627014, 0.02520989067852497, 0.9496614933013916),
            ["Head"] = CFrame.new(-2.9243528842926025e-07, 3.5762786865234375e-07, -1.19674950838089e-07, 0.9595169425010681, 0.0058344267308712006, 0.28159064054489136, 0.012645040638744831, 0.99788498878479, -0.06376369297504425, -0.28136706352233887, 0.06474292278289795, 0.9574137330055237),
            ["RightUpperArm"] = CFrame.new(0, -2.384185791015625e-07, 3.5390257835388184e-07, 0.9683161973953247, -0.20763590931892395, -0.1387488842010498, 0.2253054976463318, 0.966005265712738, 0.12677262723445892, 0.10770964622497559, -0.15401683747768402, 0.9821799993515015),
            ["UpperTorso"] = CFrame.new(-9.220093488693237e-08, 3.8743019104003906e-07, 3.725290298461914e-09, 0.9995351433753967, 0.0027966108173131943, -0.03035746142268181, 0.0041039916686713696, 0.9743760228157043, 0.2248879075050354, 0.03020847588777542, -0.22490794956684113, 0.973911702632904),
            ["HumanoidRootPart"] = CFrame.new(0, 0, 0, 1, 0, 0, 0, 1, 0, 0, 0, 1),
            ["RightHand"] = CFrame.new(-4.917383193969727e-07, -2.384185791015625e-07, 2.9802322387695312e-08, 0.9994416832923889, 0.01933562196791172, 0.02725038304924965, -0.01412455178797245, 0.9835882186889648, -0.17987491190433502, -0.03028116747736931, 0.17938953638076782, 0.9833120107650757),
            ["LeftUpperArm"] = CFrame.new(-2.384185791015625e-07, 2.384185791015625e-07, 0, 0.8824321031570435, 0.44688642024993896, -0.14699015021324158, -0.4523204267024994, 0.8918465375900269, -0.0039995466358959675, 0.12930531799793243, 0.07001595199108124, 0.989129900932312),
            ["RightLowerArm"] = CFrame.new(7.152557373046875e-07, 2.384185791015625e-07, 2.682209014892578e-07, 1, -1.1175869119028903e-08, 7.450577044210149e-09, 3.725289943190546e-08, 0.8240236639976501, -0.5665553212165833, 2.9802318834981634e-08, 0.566555380821228, 0.8240236639976501),
            ["LeftHand"] = CFrame.new(0, -4.172325134277344e-07, 0, 0.9886510968208313, -0.11015484482049942, 0.10215222835540771, 0.11910739541053772, 0.9891396760940552, -0.08611777424812317, -0.09155663102865219, 0.09730758517980576, 0.9910341501235962),
            ["RightUpperLeg"] = CFrame.new(1.1920928955078125e-07, 4.7101639211177826e-07, -3.894820110872388e-08, 0.9460573792457581, -0.2895861864089966, -0.1453116089105606, 0.2387717068195343, 0.9263032674789429, -0.29146257042884827, 0.21900580823421478, 0.24104373157024384, 0.9454809427261353),
            ["LeftUpperLeg"] = CFrame.new(-2.980232238769531e-07, 4.6100467443466187e-08, -5.21540641784668e-08, 0.944791853427887, 0.32694941759109497, 0.021739913150668144, -0.272829532623291, 0.8216744661331177, -0.5004152655601501, -0.18147355318069458, 0.4668567180633545, 0.865512490272522),
            ["RightLowerLeg"] = CFrame.new(2.7008354663848877e-08, -0.0000037550926208496094, -0.00001334043190581724, 1, -1.3411042232291948e-07, -4.470350489782504e-08, 8.940696716308594e-08, 0.6075406074523926, 0.7942877411842346, -8.195638656616211e-08, -0.794288694858551, 0.6075417399406433),
            ["RightFoot"] = CFrame.new(8.940696716308594e-08, 3.5762786865234375e-07, 7.620110409334302e-08, 0.9567667841911316, 0.29050853848457336, -0.014217582531273365, -0.2851870357990265, 0.9273924827575684, -0.24209752678871155, -0.05714597553014755, 0.23568624258041382, 0.9701478481292725),
            ["LeftLowerLeg"] = CFrame.new(1.4901161193847656e-08, 0.0000040531158447265625, 0.000013187527656555176, 1, 1.909211455597415e-08, -4.540197107161248e-09, -2.9802322387695312e-08, 0.8355310559272766, 0.549443244934082, 0, -0.549443244934082, 0.8355311155319214),
        }},
        {Time = 0.133, Data = {
            ["LeftFoot"] = CFrame.new(-4.470348358154297e-08, -1.1920928955078125e-07, -9.12696123123169e-08, 0.9698998332023621, -0.23347078263759613, -0.06917887926101685, 0.22847919166088104, 0.9708049893379211, -0.0730414167046547, 0.08421231806278229, 0.055037274956703186, 0.9949267506599426),
            ["LeftLowerArm"] = CFrame.new(2.086162567138672e-07, 1.1920928955078125e-07, 7.450580596923828e-07, 1, -5.960467319710006e-08, 0, 1.0256191984581164e-07, 0.8756079077720642, -0.48302268981933594, 1.1175873559921001e-08, 0.48302266001701355, 0.8756078481674194),
            ["LowerTorso"] = CFrame.new(-0.025198841467499733, -0.17647409439086914, -0.06667597591876984, 0.9474843740463257, -0.046512361615896225, -0.31640174984931946, 0.038078270852565765, 0.9987366199493408, -0.03279070183634758, 0.3175272047519684, 0.019020646810531616, 0.9480583667755127),
            ["Head"] = CFrame.new(-3.126915544271469e-07, 0, -1.2852251529693604e-07, 0.9714992046356201, 0.001612597843632102, 0.23703786730766296, 0.01305361557751894, 0.9980955719947815, -0.06029054895043373, -0.23668354749679565, 0.06166624277830124, 0.969627857208252),
            ["RightUpperArm"] = CFrame.new(0, -8.344650268554688e-07, 3.6135315895080566e-07, 0.9681264162063599, -0.1902570277452469, -0.1628914773464203, 0.2128249704837799, 0.9677849411964417, 0.13452886044979095, 0.13204888999462128, -0.16490831971168518, 0.9774295091629028),
            ["UpperTorso"] = CFrame.new(-1.0244548320770264e-07, 1.7881393432617188e-07, -1.4901161193847656e-08, 0.9999380707740784, 0.011027772910892963, -0.0015519509324803948, -0.010375778190791607, 0.9731680154800415, 0.2298617959022522, 0.004045122303068638, -0.22983142733573914, 0.9732220768928528),
            ["HumanoidRootPart"] = CFrame.new(0, 0, 0, 1, 0, 0, 0, 1, 0, 0, 0, 1),
            ["RightHand"] = CFrame.new(-7.301568984985352e-07, -3.5762786865234375e-07, 5.960464477539063e-08, 0.9976928234100342, 0.01622534543275833, 0.06592365354299545, -0.003269814420491457, 0.9813785552978516, -0.19205617904663086, -0.06781227886676788, 0.19139757752418518, 0.9791672825813293),
            ["LeftUpperArm"] = CFrame.new(-2.384185791015625e-07, 1.1920928955078125e-07, -8.940696716308594e-08, 0.9094486236572266, 0.4157509207725525, 0.007371118757873774, -0.41488444805145264, 0.9084541201591492, -0.05081367492675781, -0.0278220996260643, 0.043154276907444, 0.9986810088157654),
            ["RightLowerArm"] = CFrame.new(3.5762786865234375e-07, 0, 8.940696716308594e-08, 1, -4.4703494239684005e-08, 7.450581485102248e-09, 8.195638656616211e-08, 0.7988818287849426, -0.6014880537986755, 0, 0.6014879941940308, 0.7988818883895874),
            ["LeftHand"] = CFrame.new(-1.4901161193847656e-07, -1.1920928955078125e-07, 1.7881393432617188e-07, 0.9895746111869812, -0.09921808540821075, 0.10439300537109375, 0.10980041325092316, 0.9888041615486145, -0.10104573518037796, -0.09319864958524704, 0.11145468056201935, 0.9893897175788879),
            ["RightUpperLeg"] = CFrame.new(1.1920928955078125e-07, 2.1455343812704086e-07, -6.875052349641919e-08, 0.9644716382026672, -0.25176170468330383, -0.08006541430950165, 0.21439972519874573, 0.9229793548583984, -0.31959712505340576, 0.154360830783844, 0.2910758852958679, 0.9441648721694946),
            ["LeftUpperLeg"] = CFrame.new(-3.5762786865234375e-07, -9.043142199516296e-07, -9.313225746154785e-08, 0.9396398663520813, 0.34169530868530273, 0.0179229024797678, -0.2807641327381134, 0.799903929233551, -0.5304015874862671, -0.19557230174541473, 0.49335402250289917, 0.847557008266449),
            ["RightLowerLeg"] = CFrame.new(-4.470348358154297e-08, -0.000003635883331298828, -0.000013133678294252604, 1, -9.68574909165909e-08, -4.4703494239684005e-08, 1.5646217832454568e-07, 0.5442751049995422, 0.8389061093330383, -4.470347647611561e-08, -0.8389068841934204, 0.5442760586738586),
            ["RightFoot"] = CFrame.new(-4.470348358154297e-08, 2.980232238769531e-07, 3.149762051180005e-08, 0.9534868001937866, 0.2797497808933258, -0.11226349323987961, -0.30143386125564575, 0.8859044909477234, -0.3525766134262085, 0.0008213593391701579, 0.3700181245803833, 0.9290246367454529),
            ["LeftLowerLeg"] = CFrame.new(8.940696716308594e-08, 0.000003933906555175781, 0.000013217329978942871, 1, 3.934837877750397e-08, 2.2351738238057806e-08, -6.705522537231445e-08, 0.7921807765960693, 0.6102861762046814, 3.725290298461914e-08, -0.6102866530418396, 0.7921810150146484),
        }},
        {Time = 0.167, Data = {
            ["LeftFoot"] = CFrame.new(-3.725290298461914e-09, -1.1920928955078125e-07, -3.725290298461914e-08, 0.9687832593917847, -0.23495550453662872, -0.07908827066421509, 0.22410492599010468, 0.9664052128791809, -0.12584929168224335, 0.10600025951862335, 0.10419705510139465, 0.9888918399810791),
            ["LeftLowerArm"] = CFrame.new(5.364418029785156e-07, 0.0000010728836059570312, 7.37607479095459e-07, 1, -6.705524668859653e-08, 4.470350489782504e-08, 3.0733659173165506e-08, 0.8820400834083557, -0.47117435932159424, 2.235175244891252e-08, 0.47117435932159424, 0.8820401430130005),
            ["LowerTorso"] = CFrame.new(-0.02105719968676567, -0.2057797908782959, -0.08259907364845276, 0.9495837688446045, -0.049888886511325836, -0.30951863527297974, 0.042299069464206696, 0.9986180663108826, -0.03118855319917202, 0.3106468617916107, 0.01652379520237446, 0.9503818154335022),
            ["Head"] = CFrame.new(-2.5704503059387207e-07, 2.384185791015625e-07, -2.6263296604156494e-07, 0.9804175496101379, -0.008274106308817863, 0.19675642251968384, 0.018839696422219276, 0.998475193977356, -0.051887959241867065, -0.19602708518505096, 0.054578494280576706, 0.979078471660614),
            ["RightUpperArm"] = CFrame.new(-1.1920928955078125e-07, -1.1920928955078125e-07, 2.8312206268310547e-07, 0.9624793529510498, -0.18820077180862427, -0.19548417627811432, 0.2171298861503601, 0.9662193655967712, 0.13883373141288757, 0.16275201737880707, -0.17607013881206512, 0.9708301424980164),
            ["UpperTorso"] = CFrame.new(-8.381903171539307e-08, 2.086162567138672e-07, -9.313225746154785e-10, 0.9990071654319763, 0.025555290281772614, 0.036492686718702316, -0.033422090113162994, 0.9715148210525513, 0.2346103936433792, -0.029457733035087585, -0.23559711873531342, 0.9714043140411377),
            ["HumanoidRootPart"] = CFrame.new(0, 0, 0, 1, 0, 0, 0, 1, 0, 0, 0, 1),
            ["RightHand"] = CFrame.new(-4.023313522338867e-07, 4.172325134277344e-07, 8.940696716308594e-08, 0.9944338202476501, 0.012486137449741364, 0.10462120920419693, 0.009033016860485077, 0.9791944622993469, -0.20272327959537506, -0.10497577488422394, 0.20253989100456238, 0.9736312031745911),
            ["LeftUpperArm"] = CFrame.new(-1.1920928955078125e-07, 0, -1.1920928955078125e-07, 0.9171256422996521, 0.3648437559604645, 0.16052931547164917, -0.35527727007865906, 0.9308174848556519, -0.0857725515961647, -0.18071705102920532, 0.021631786599755287, 0.9832972884178162),
            ["RightLowerArm"] = CFrame.new(5.364418029785156e-07, -1.1920928955078125e-07, 3.5762786865234375e-07, 1, -1.043081283569336e-07, 2.2351741790771484e-08, 8.195638656616211e-08, 0.7707011699676514, -0.6371968388557434, 5.960464477539063e-08, 0.6371967196464539, 0.7707011699676514),
            ["LeftHand"] = CFrame.new(2.5331974029541016e-07, -1.1920928955078125e-07, 0, 0.9914632439613342, -0.09113853424787521, 0.09324417263269424, 0.10114235430955887, 0.9888961315155029, -0.10887905955314636, -0.08228577673435211, 0.11738048493862152, 0.989672064781189),
            ["RightUpperLeg"] = CFrame.new(-8.940696716308594e-08, -3.39350663125515e-07, 2.438173396512866e-08, 0.9731123447418213, -0.23031964898109436, -0.002313926350325346, 0.20976732671260834, 0.8903374075889587, -0.40410080552101135, 0.09513242542743683, 0.39274969696998596, 0.914711594581604),
            ["LeftUpperLeg"] = CFrame.new(-5.960464477539063e-08, -3.3760443329811096e-07, -8.940696716308594e-08, 0.9366142153739929, 0.3503619432449341, 0.0005722733912989497, -0.285773903131485, 0.7648953199386597, -0.5772944688796997, -0.20269954204559326, 0.5405383110046387, 0.8165359497070312),
            ["RightLowerLeg"] = CFrame.new(-3.725290298461914e-08, -0.0000037550926208496094, -0.000013096425391267985, 1, -1.4901159772762185e-07, -8.940700979565008e-08, 1.7881390590446244e-07, 0.48841428756713867, 0.8726115226745605, 0, -0.872611939907074, 0.4884151518344879),
            ["RightFoot"] = CFrame.new(6.705522537231445e-08, 2.980232238769531e-07, -1.0261283023282886e-07, 0.9488450288772583, 0.292070597410202, -0.1199502944946289, -0.3157276511192322, 0.8813406825065613, -0.35150280594825745, 0.003053380874916911, 0.3713938295841217, 0.9284706711769104),
            ["LeftLowerLeg"] = CFrame.new(5.960464477539063e-08, 0.0000040531158447265625, 0.000013425946235656738, 1, 7.404011626022111e-08, 4.284083487959833e-08, -9.685753354915505e-08, 0.7212309241294861, 0.6926947832107544, 3.725289943190546e-08, -0.6926948428153992, 0.7212308645248413),
        }},
        {Time = 0.200, Data = {
            ["LeftFoot"] = CFrame.new(1.4901161193847656e-08, -5.960464477539063e-08, -3.3527612686157227e-08, 0.9689668416976929, -0.23320555686950684, -0.08196526765823364, 0.21701174974441528, 0.9613121151924133, -0.16966162621974945, 0.11836027354001999, 0.1466091126203537, 0.9820879101753235),
            ["LeftLowerArm"] = CFrame.new(0.0000010132789611816406, 6.556510925292969e-07, 8.046627044677734e-07, 1, -5.0291429687376876e-08, -3.7252920748187535e-09, 2.840535273662681e-08, 0.8850434422492981, -0.4655085504055023, 7.450584149637507e-09, 0.46550852060317993, 0.8850434422492981),
            ["LowerTorso"] = CFrame.new(-0.01879286579787731, -0.24122285842895508, -0.09689439833164215, 0.9570383429527283, -0.05291570723056793, -0.2850922644138336, 0.0454314723610878, 0.9984286427497864, -0.03280656784772873, 0.28638026118278503, 0.018444981426000595, 0.9579384922981262),
            ["Head"] = CFrame.new(-2.384185791015625e-07, -2.384185791015625e-07, -6.891787052154541e-08, 0.9905613660812378, -0.019942481070756912, 0.1356116384267807, 0.024972079321742058, 0.9990581274032593, -0.035488661378622055, -0.13477614521980286, 0.038540035486221313, 0.9901263117790222),
            ["RightUpperArm"] = CFrame.new(-5.960464477539063e-08, -7.152557373046875e-07, 2.682209014892578e-07, 0.9459130764007568, -0.18757012486457825, -0.26469987630844116, 0.22996312379837036, 0.9631850719451904, 0.1392534375190735, 0.22883521020412445, -0.19259285926818848, 0.9542235136032104),
            ["UpperTorso"] = CFrame.new(-8.754432201385498e-08, 3.2782554626464844e-07, -1.30385160446167e-08, 0.9956747889518738, 0.04493900015950203, 0.08131617307662964, -0.0628945380449295, 0.9702183604240417, 0.23392467200756073, -0.06838211417198181, -0.23802724480628967, 0.9688482880592346),
            ["HumanoidRootPart"] = CFrame.new(0, 0, 0, 1, 0, 0, 0, 1, 0, 0, 0, 1),
            ["RightHand"] = CFrame.new(-2.942979335784912e-07, -1.7881393432617188e-07, -1.4901161193847656e-08, 0.9903051853179932, 0.011391198262572289, 0.1384412795305252, 0.01845262385904789, 0.977011501789093, -0.212386816740036, -0.1376781165599823, 0.21288232505321503, 0.9673292636871338),
            ["LeftUpperArm"] = CFrame.new(-2.384185791015625e-07, 4.76837158203125e-07, 7.450580596923828e-08, 0.9063628315925598, 0.2974492907524109, 0.3000504970550537, -0.2835988998413086, 0.9547303318977356, -0.0897863358259201, -0.31317421793937683, -0.0037149847485125065, 0.9496884346008301),
            ["RightLowerArm"] = CFrame.new(2.384185791015625e-07, -9.5367431640625e-07, 1.7881393432617188e-07, 1, -5.960465188081798e-08, 5.960464477539063e-08, 5.960463766996327e-08, 0.7401605844497681, -0.6724302172660828, 7.4505797087454084e-09, 0.6724302172660828, 0.7401605844497681),
            ["LeftHand"] = CFrame.new(1.2293457984924316e-07, 2.980232238769531e-07, -1.341104507446289e-07, 0.9937959909439087, -0.0834263265132904, 0.07355032116174698, 0.09151799231767654, 0.989192545413971, -0.11455389857292175, -0.06319861859083176, 0.12057433277368546, 0.9906905889511108),
            ["RightUpperLeg"] = CFrame.new(1.1920928955078125e-07, 3.864988684654236e-07, -1.287116901949048e-08, 0.9766112565994263, -0.20430195331573486, 0.06701529771089554, 0.2109834998846054, 0.8505192995071411, -0.4817710518836975, 0.041429080069065094, 0.4846418499946594, 0.8737308979034424),
            ["LeftUpperLeg"] = CFrame.new(-2.980232238769531e-07, 2.0815059542655945e-07, -1.1920928955078125e-07, 0.9381860494613647, 0.3448742926120758, -0.029475688934326172, -0.2868010103702545, 0.7268714904785156, -0.624021589756012, -0.19378381967544556, 0.593902051448822, 0.7808509469032288),
            ["RightLowerLeg"] = CFrame.new(5.960464477539063e-08, -0.0000037550926208496094, -0.00001322308526141569, 1, -1.1362132568137895e-07, -8.940698847936801e-08, 1.4901161193847656e-07, 0.4483853876590729, 0.8938400149345398, -1.1920928955078125e-07, -0.8938402533531189, 0.4483860731124878),
            ["RightFoot"] = CFrame.new(7.450580596923828e-08, 2.980232238769531e-07, 1.1008523870259523e-08, 0.9467505216598511, 0.30216795206069946, -0.11116709560155869, -0.32187023758888245, 0.8797343969345093, -0.3499526381492615, -0.007947215810418129, 0.36709949374198914, 0.9301479458808899),
            ["LeftLowerLeg"] = CFrame.new(-7.450580596923828e-09, 0.000003814697265625, 0.000013113021850585938, 1, 3.352760913344355e-08, 2.9802318834981634e-08, -8.195637946073475e-08, 0.6422238945960999, 0.766517162322998, 2.607702853651972e-08, -0.766517162322998, 0.6422238349914551),
        }},
        {Time = 0.233, Data = {
            ["LeftFoot"] = CFrame.new(1.4528632164001465e-07, 0, 4.936009645462036e-08, 0.970827579498291, -0.2255755215883255, -0.08129870146512985, 0.20643439888954163, 0.9587942957878113, -0.19518838822841644, 0.12197853624820709, 0.17271177470684052, 0.977390468120575),
            ["LeftLowerArm"] = CFrame.new(2.9802322387695312e-08, -5.960464477539063e-08, 7.450580596923828e-07, 1, -5.960467319710006e-08, -2.2351748896198842e-08, 4.4703497792397684e-08, 0.8644706010818481, -0.5026834607124329, -2.2351748896198842e-08, 0.5026835203170776, 0.8644705414772034),
            ["LowerTorso"] = CFrame.new(-0.017727017402648926, -0.27991533279418945, -0.10694598406553268, 0.9696498513221741, -0.05186351016163826, -0.2389339804649353, 0.04173124209046364, 0.9980098009109497, -0.04727499932050705, 0.24091030657291412, 0.03586918115615845, 0.9698843955993652),
            ["Head"] = CFrame.new(-2.5704503059387207e-07, -2.384185791015625e-07, -1.5227124094963074e-07, 0.9986218214035034, -0.026233740150928497, 0.045455899089574814, 0.026548970490694046, 0.9996274709701538, -0.006344744935631752, -0.045272525399923325, 0.0075427028350532055, 0.9989461898803711),
            ["RightUpperArm"] = CFrame.new(-5.960464477539063e-08, -9.5367431640625e-07, 2.2351741790771484e-07, 0.9225391745567322, -0.19756008684635162, -0.3314990699291229, 0.25366419553756714, 0.9578092694282532, 0.13511431217193604, 0.2908196747303009, -0.20873773097991943, 0.9337304830551147),
            ["UpperTorso"] = CFrame.new(-8.381903171539307e-08, 3.2782554626464844e-07, -5.587935447692871e-09, 0.9892831444740295, 0.06010441854596138, 0.13306494057178497, -0.0898563489317894, 0.9689429998397827, 0.23038116097450256, -0.11508536338806152, -0.23986893892288208, 0.9639596939086914),
            ["HumanoidRootPart"] = CFrame.new(0, 0, 0, 1, 0, 0, 0, 1, 0, 0, 0, 1),
            ["RightHand"] = CFrame.new(-8.819624781608582e-07, -5.960464477539063e-08, 1.3550743460655212e-07, 0.9855690598487854, 0.025500549003481865, 0.16734236478805542, 0.012489469721913338, 0.9749385118484497, -0.22212383151054382, -0.16881278157234192, 0.22100834548473358, 0.9605507254600525),
            ["LeftUpperArm"] = CFrame.new(-1.1920928955078125e-07, 2.384185791015625e-07, -5.21540641784668e-08, 0.8745604157447815, 0.21839402616024017, 0.4329529404640198, -0.21614359319210052, 0.9748049974441528, -0.055111952126026154, -0.43408074975013733, -0.04538126662373543, 0.8997302055358887),
            ["RightLowerArm"] = CFrame.new(-1.1920928955078125e-07, -0.0000010132789611816406, 2.2351741790771484e-07, 1, -9.685754776000977e-08, 2.9802322387695312e-08, 7.450580596923828e-08, 0.6975051760673523, -0.7165797352790833, 1.4901161193847656e-08, 0.7165797352790833, 0.6975051760673523),
            ["LeftHand"] = CFrame.new(-9.685754776000977e-08, -5.960464477539062e-07, -2.682209014892578e-07, 0.9958901405334473, -0.07509572803974152, 0.05063064768910408, 0.08069316297769547, 0.9895486831665039, -0.11950744688510895, -0.04112702235579491, 0.12310182303190231, 0.9915415048599243),
            ["RightUpperLeg"] = CFrame.new(1.1920928955078125e-07, 5.213369149714708e-07, -2.8703652787953615e-08, 0.9690499305725098, -0.1964007467031479, 0.14956273138523102, 0.24648314714431763, 0.8034509420394897, -0.5419533252716064, -0.013726378791034222, 0.562044084072113, 0.8269931077957153),
            ["LeftUpperLeg"] = CFrame.new(-2.980232238769531e-07, 2.7567148208618164e-07, -1.1920928955078125e-07, 0.9461058378219604, 0.31804582476615906, -0.06107870489358902, -0.27722465991973877, 0.6978422403335571, -0.6604268550872803, -0.1674225628376007, 0.6417654752731323, 0.7484022378921509),
            ["RightLowerLeg"] = CFrame.new(1.2665987014770508e-07, -0.0000036954879760742188, -0.000013347882486414164, 1, -1.1920920428565296e-07, -8.94070240065048e-08, 1.3411046495548362e-07, 0.4343445301055908, 0.9007462859153748, -1.4156104555240745e-07, -0.900746762752533, 0.43434587121009827),
            ["RightFoot"] = CFrame.new(9.592622518539429e-08, 4.172325134277344e-07, 5.3849362302571535e-08, 0.9469037055969238, 0.31952574849128723, -0.03573407232761383, -0.3139728605747223, 0.8950188755989075, -0.3167990744113922, -0.06924285739660263, 0.31119850277900696, 0.9478194117546082),
            ["LeftLowerLeg"] = CFrame.new(-3.725290298461914e-08, 0.0000040531158447265625, 0.000013306736946105957, 1, 4.8428763221863846e-08, 5.029141902923584e-08, -4.8428766774577525e-08, 0.5690772533416748, 0.8222837448120117, 1.862644971595273e-08, -0.8222841024398804, 0.5690778493881226),
        }},
        {Time = 0.267, Data = {
            ["LeftFoot"] = CFrame.new(5.587935447692871e-08, 5.960464477539063e-08, 2.1420419216156006e-08, 0.9740954041481018, -0.21137367188930511, -0.08036968111991882, 0.1907844841480255, 0.9589616060256958, -0.2097480446100235, 0.12140694260597229, 0.18898142874240875, 0.9744467735290527),
            ["LeftLowerArm"] = CFrame.new(8.046627044677734e-07, 5.364418029785156e-07, 6.48200511932373e-07, 1, -7.450583261459087e-09, 4.470351910867976e-08, 5.960468740795477e-08, 0.8321181535720825, -0.5545984506607056, 5.2154099705603585e-08, 0.5545983910560608, 0.8321182131767273),
            ["LowerTorso"] = CFrame.new(-0.01661202311515808, -0.3199632167816162, -0.11585073173046112, 0.9826102256774902, -0.0463443249464035, -0.179803729057312, 0.03468969836831093, 0.9971206784248352, -0.0674315094947815, 0.1824110746383667, 0.06002155318856239, 0.9813886284828186),
            ["Head"] = CFrame.new(-2.5203917175531387e-07, 0, -5.727633833885193e-08, 0.9975733757019043, -0.020077820867300034, -0.06666580587625504, 0.02241957001388073, 0.9991509914398193, 0.03456564620137215, 0.06591519713401794, -0.03597649559378624, 0.997176468372345),
            ["RightUpperArm"] = CFrame.new(1.1920928955078125e-07, -4.76837158203125e-07, 3.7159770727157593e-07, 0.8975129127502441, -0.23426619172096252, -0.37361741065979004, 0.3023455739021301, 0.9436448812484741, 0.13461634516716003, 0.3210260570049286, -0.23378151655197144, 0.917762815952301),
            ["UpperTorso"] = CFrame.new(-1.0058283805847168e-07, 8.940696716308594e-08, -5.587935447692871e-09, 0.9776384234428406, 0.06514779478311539, 0.19994725286960602, -0.10849195718765259, 0.9707517027854919, 0.21417434513568878, -0.18014614284038544, -0.23107774555683136, 0.9561122059822083),
            ["HumanoidRootPart"] = CFrame.new(0, 0, 0, 1, 0, 0, 0, 1, 0, 0, 0, 1),
            ["RightHand"] = CFrame.new(-2.384185791015625e-07, 1.1920928955078125e-07, 1.4901161193847656e-07, 0.9794381260871887, 0.04949274659156799, 0.19557976722717285, -0.002911023562774062, 0.9728074669837952, -0.2315974235534668, -0.20172378420829773, 0.2262660264968872, 0.9529487490653992),
            ["LeftUpperArm"] = CFrame.new(-3.5762786865234375e-07, 3.5762786865234375e-07, 0, 0.8274367451667786, 0.147466242313385, 0.5418508052825928, -0.18045128881931305, 0.9835523366928101, 0.007882695645093918, -0.5317761898040771, -0.10430008172988892, 0.8404377698898315),
            ["RightLowerArm"] = CFrame.new(-6.556510925292969e-07, -6.556510925292969e-07, 2.9802322387695312e-08, 1, -5.2154071283894154e-08, 2.980232594040899e-08, 5.2154071283894154e-08, 0.6698191165924072, -0.7425243854522705, -1.4901162970204496e-08, 0.7425243258476257, 0.6698191165924072),
            ["LeftHand"] = CFrame.new(-2.2165477275848389e-07, 1.7881393432617188e-07, 6.705522537231445e-08, 0.9974541664123535, -0.06385371834039688, 0.03174963593482971, 0.06742364913225174, 0.9894465804100037, -0.12825582921504974, -0.023224996402859688, 0.13006998598575592, 0.9912328124046326),
            ["RightUpperLeg"] = CFrame.new(-8.940696716308594e-08, -3.520399332046509e-07, -4.267349140718579e-08, 0.9537564516067505, -0.2002202570438385, 0.2241882085800171, 0.29524701833724976, 0.7639158964157104, -0.573813796043396, -0.05637184903025627, 0.613469123840332, 0.7877039909362793),
