return {
    Neo = {
        [1] = {Time = 0.000, Data = {
            ["LeftFoot"] = CFrame.new(-4.470348358154297e-08, 5.960464477539063e-08, -1.862645149230957e-08, 0.9957059025764465, 0.08323951810598373, 0.040509868413209915, -0.08676139265298843, 0.9917106032371521, 0.09477691352367401, -0.0322849415242672, -0.09788472950458527, 0.9946739673614502),
            ["LeftLowerArm"] = CFrame.new(-4.76837158203125e-07, -4.76837158203125e-07, -1.1920928955078125e-07, 1, 4.563480615615845e-08, 3.166497108963995e-08, -4.8428766774577525e-08, 0.9999285340309143, -0.011958019807934761, -7.4505797087454084e-09, 0.011958032846450806, 0.9999285340309143),
            ["LowerTorso"] = CFrame.new(-0.1789557784795761, 0.08256387710571289, -0.07207466661930084, 0.9952653646469116, -0.08484851568937302, 0.047408632934093475, 0.08284856379032135, 0.995648205280304, 0.04267072305083275, -0.050822868943214417, -0.038540955632925034, 0.9979637265205383),
            ["Head"] = CFrame.new(-7.264316082000732e-08, -8.344650268554688e-07, 1.30385160446167e-08, 0.9812102913856506, 0.1824261099100113, 0.06282580643892288, -0.1821843534708023, 0.9832174777984619, -0.009604367427527905, -0.06352352350950241, -0.0020219876896589994, 0.9979782700538635),
            ["RightUpperArm"] = CFrame.new(-4.76837158203125e-07, -1.1920928955078125e-07, 2.60770320892334e-08, 0.7743100523948669, -0.46253979206085205, 0.43185749650001526, 0.5320068001747131, 0.8453521132469177, -0.048463255167007446, -0.3426555097103119, 0.26727667450904846, 0.9006388783454895),
            ["UpperTorso"] = CFrame.new(-1.1641532182693481e-08, -1.4901161193847656e-07, 2.7939677238464355e-09, 0.9922540187835693, -0.036566220223903656, -0.11872179061174393, 0.042730964720249176, 0.9978446364402771, 0.04980198293924332, 0.11664482951164246, -0.054489318281412125, 0.9916778802871704),
            ["HumanoidRootPart"] = CFrame.new(0, 0, 0, 1, 0, 0, 0, 1, 0, 0, 0, 1),
            ["RightHand"] = CFrame.new(8.940696716308594e-08, 2.384185791015625e-07, -5.960464477539063e-08, 0.9715268611907959, -0.22307038307189941, 0.07984461635351181, 0.22763940691947937, 0.9722743630409241, -0.053506918251514435, -0.06569511443376541, 0.07015924155712128, 0.9953702092170715),
            ["LeftUpperArm"] = CFrame.new(0, -2.384185791015625e-07, 1.4901161193847656e-08, 0.8841776251792908, 0.41424158215522766, 0.21594886481761932, -0.4187365770339966, 0.9077138304710388, -0.026743890717625618, -0.20709823071956635, -0.06677933037281036, 0.9760383367538452),
            ["RightLowerArm"] = CFrame.new(5.364418029785156e-07, 5.960464477539062e-07, 1.4901161193847656e-07, 1, 1.4901164746561335e-08, 1.4901164746561335e-08, 5.960464477539063e-08, 0.9589080810546875, -0.2837170958518982, 6.705522537231445e-08, 0.2837170958518982, 0.9589080810546875),
            ["LeftHand"] = CFrame.new(-1.5972182154655457e-07, 1.7881393432617188e-07, 2.9802322387695312e-08, 0.9799762964248657, 0.1764904409646988, -0.09218233823776245, -0.17679089307785034, 0.9842360019683838, 0.004960689693689346, 0.09160470217466354, 0.011435667984187603, 0.9957298040390015),
            ["RightUpperLeg"] = CFrame.new(5.960464477539063e-08, -4.516914486885071e-08, -1.7527781892567873e-08, 0.8964836001396179, -0.4381294846534729, 0.06602739542722702, 0.3755877912044525, 0.6723906397819519, -0.6378281712532043, 0.23505520820617676, 0.5966016054153442, 0.767343282699585),
            ["LeftUpperLeg"] = CFrame.new(1.7881393432617188e-07, 6.660120561718941e-07, 7.450580596923828e-09, 0.9904650449752808, 0.01547010987997055, 0.13689331710338593, 0.04971867427229881, 0.8865678310394287, -0.4599193036556244, -0.1284802109003067, 0.46233996748924255, 0.8773451447486877),
            ["RightLowerLeg"] = CFrame.new(1.1920928955078125e-07, -0.0000035762786865234375, -0.000013372096873354167, 1, 9.685752644372769e-08, 8.940698137394065e-08, -2.3096799850463867e-07, 0.27521249651908875, 0.9613834619522095, 2.8312206268310547e-07, -0.9613834619522095, 0.2752126455307007),
            ["RightFoot"] = CFrame.new(4.6100467443466187e-08, 4.172325134277344e-07, -2.8805516194552183e-08, 0.9744378924369812, 0.16347798705101013, 0.15409734845161438, -0.18531641364097595, 0.9726567268371582, 0.1399887055158615, -0.12699875235557556, -0.16496698558330536, 0.9780886173248291),
            ["LeftLowerLeg"] = CFrame.new(-2.2351741790771484e-08, 0.000003993511199951172, 0.0000133514404296875, 1, 2.0489103746967885e-07, 8.568170528633345e-08, -1.788139627478813e-07, 0.7250143885612488, 0.6887334585189819, 1.3411046495548362e-07, -0.6887338161468506, 0.7250146865844727)
        }},
        [2] = {Time = 0.033, Data = {
            ["LeftFoot"] = CFrame.new(-9.313225746154785e-09, -5.960464477539063e-08, 2.2351741790771484e-08, 0.9935319423675537, 0.09789624810218811, 0.057538967579603195, -0.10711832344532013, 0.976154625415802, 0.18880610167980194, -0.037683356553316116, -0.19374839961528778, 0.9803272485733032),
            ["LeftLowerArm"] = CFrame.new(9.834766387939453e-07, 2.384185791015625e-07, 4.470348358154297e-08, 1, -8.847564458847046e-09, 2.7939672797572257e-09, 1.955777406692505e-08, 0.9997709393501282, -0.021406451240181923, -1.862645149230957e-09, 0.021406441926956177, 0.9997709393501282),
            ["LowerTorso"] = CFrame.new(-0.15764909982681274, 0.147568941116333, -0.07209886610507965, 0.9946542978286743, -0.0887516662478447, 0.05278290435671806, 0.08609512448310852, 0.9949991106987, 0.0506402961909771, -0.05701335519552231, -0.04582523554563522, 0.9973211884498596),
            ["Head"] = CFrame.new(-1.2479722499847412e-07, 8.344650268554688e-07, 3.725290298461914e-08, 0.9834836721420288, 0.16879908740520477, 0.06532052159309387, -0.1687553972005844, 0.9856383800506592, -0.0062255957163870335, -0.06543328613042831, -0.004900423344224691, 0.997844934463501),
            ["RightUpperArm"] = CFrame.new(-5.960464477539063e-08, -1.1920928955078125e-07, -1.4901161193847656e-08, 0.7959855794906616, -0.44281232357025146, 0.4127037525177002, 0.49769625067710876, 0.8668381571769714, -0.02983340620994568, -0.34453681111335754, 0.22914808988571167, 0.9103766679763794),
            ["UpperTorso"] = CFrame.new(-2.468004822731018e-08, -4.172325134277344e-07, 5.587935447692871e-09, 0.9908567070960999, -0.023998532444238663, -0.13276678323745728, 0.02982313372194767, 0.9986700415611267, 0.04205746576189995, 0.1315808892250061, -0.04563245177268982, 0.9902546405792236),
            ["HumanoidRootPart"] = CFrame.new(0, 0, 0, 1, 0, 0, 0, 1, 0, 0, 0, 1),
            ["RightHand"] = CFrame.new(-2.5331974029541016e-07, 3.5762786865234375e-07, 1.4901161193847656e-08, 0.973863959312439, -0.20746299624443054, 0.09245690703392029, 0.21415553987026215, 0.9743272066116333, -0.06945519149303436, -0.07567378133535385, 0.08744004368782043, 0.993291437625885),
            ["LeftUpperArm"] = CFrame.new(0, 0, 2.2351741790771484e-08, 0.8866263031959534, 0.415361613035202, 0.2033926397562027, -0.4151461124420166, 0.9086004495620728, -0.04581403732299805, -0.2038320004940033, -0.04381772503256798, 0.9780248999595642),
            ["RightLowerArm"] = CFrame.new(0, 1.7881393432617188e-07, -1.7881393432617188e-07, 1, 5.960465188081798e-08, -2.2351745343485163e-08, -4.842878098543224e-08, 0.9626533389091492, -0.2707372307777405, -1.1175872671742582e-08, 0.2707372009754181, 0.9626532793045044),
            ["LeftHand"] = CFrame.new(1.816079020500183e-07, -2.980232238769531e-07, 2.2351741790771484e-08, 0.981627345085144, 0.16462551057338715, -0.09646909683942795, -0.16475625336170197, 0.9863117933273315, 0.006663919892162085, 0.0962456688284874, 0.009352431632578373, 0.9953137636184692),
            ["RightUpperLeg"] = CFrame.new(5.960464477539063e-08, -1.5133991837501526e-07, 3.892637323588133e-09, 0.9093438386917114, -0.414620578289032, 0.0344008170068264, 0.3421747386455536, 0.6982901096343994, -0.628734827041626, 0.23666507005691528, 0.5835073590278625, 0.7768585681915283),
            ["LeftUpperLeg"] = CFrame.new(0, 1.2177042663097382e-07, 3.725290298461914e-09, 0.9882703423500061, 0.03226747736334801, 0.14926688373088837, 0.04160865768790245, 0.8835505843162537, -0.46648353338241577, -0.14693717658519745, 0.4672228693962097, 0.8718443512916565),
            ["RightLowerLeg"] = CFrame.new(1.7136335372924805e-07, -0.000003635883331298828, -0.000013394448615144938, 1, -1.1920930376163597e-07, -1.7881397695873602e-07, 1.2665984172599565e-07, 0.31229421496391296, 0.9499854445457458, -8.195636524988004e-08, -0.9499855041503906, 0.31229427456855774),
            ["RightFoot"] = CFrame.new(-7.82310962677002e-08, 1.7881393432617188e-07, 9.145878721028566e-09, 0.9764443039894104, 0.1601642221212387, 0.14458204805850983, -0.18010824918746948, 0.9740033149719238, 0.1373993158340454, -0.11881730705499649, -0.16020330786705017, 0.9799069166183472),
            ["LeftLowerLeg"] = CFrame.new(-6.705522537231445e-08, 0.000003933906555175781, 0.000013396143913269043, 1, -7.450581485102248e-09, 1.862645504502325e-08, 5.587936779960501e-09, 0.7507281303405762, 0.6606113910675049, -2.980232949312267e-08, -0.6606113314628601, 0.7507281303405762)
        }},
        [3] = {Time = 0.067, Data = {
            ["LeftFoot"] = CFrame.new(4.470348358154297e-08, 5.960464477539063e-08, 0, 0.9920239448547363, 0.10497495532035828, 0.06977682560682297, -0.1184522956609726, 0.965646505355835, 0.2312920242547989, -0.04309994354844093, -0.23771251738071442, 0.9703788757324219),
            ["LeftLowerArm"] = CFrame.new(2.384185791015625e-07, 7.152557373046875e-07, -2.2351741790771484e-08, 1, -2.3283060812673284e-08, -1.0186340659856796e-08, 1.3969840839678227e-09, 0.9994684457778931, -0.032601676881313324, -7.450581485102248e-09, 0.03260168060660362, 0.9994684457778931),
            ["LowerTorso"] = CFrame.new(-0.13725125789642334, 0.2046527862548828, -0.0710526630282402, 0.9942929744720459, -0.08972828090190887, 0.057709790766239166, 0.08650889992713928, 0.9946727156639099, 0.05605778098106384, -0.062432318925857544, -0.05074544623494148, 0.9967583417892456),
            ["Head"] = CFrame.new(-1.862645149230957e-08, -2.384185791015625e-07, 6.705522537231445e-08, 0.9858927726745605, 0.15347692370414734, 0.0667869821190834, -0.1535658836364746, 0.9881309866905212, -0.003830493427813053, -0.06658216565847397, -0.006479748524725437, 0.997759997844696),
            ["RightUpperArm"] = CFrame.new(-1.1920928955078125e-07, -4.76837158203125e-07, -3.725290298461914e-09, 0.8161998391151428, -0.42482998967170715, 0.3915833532810211, 0.46761852502822876, 0.8837881088256836, -0.015860026702284813, -0.33933889865875244, 0.1960565596818924, 0.9200060367584229),
            ["UpperTorso"] = CFrame.new(-1.7695128917694092e-08, 2.9802322387695312e-08, -1.1175870895385742e-08, 0.9893749952316284, -0.012185029685497284, -0.14487463235855103, 0.01761641539633274, 0.9991869330406189, 0.03626666218042374, 0.1443149298429489, -0.0384334959089756, 0.9887851476669312),
            ["HumanoidRootPart"] = CFrame.new(0, 0, 0, 1, 0, 0, 0, 1, 0, 0, 0, 1),
            ["RightHand"] = CFrame.new(4.470348358154297e-08, 4.76837158203125e-07, -5.960464477539063e-08, 0.9752787351608276, -0.19264402985572815, 0.1082584410905838, 0.20207683742046356, 0.9757485389709473, -0.08414246886968613, -0.0894235149025917, 0.10393892228603363, 0.9905555248260498),
            ["LeftUpperArm"] = CFrame.new(-2.384185791015625e-07, -4.76837158203125e-07, 4.470348358154297e-08, 0.888400137424469, 0.4185124635696411, 0.18865983188152313, -0.4137893617153168, 0.907997727394104, -0.0657152608036995, -0.1988053321838379, -0.019683972001075745, 0.9798412919044495),
            ["RightLowerArm"] = CFrame.new(0.000001430511474609375, 0.0000010132789611816406, 2.9802322387695312e-08, 1, -2.9802318834981634e-08, 2.980232594040899e-08, 2.2351738238057806e-08, 0.966705858707428, -0.2558903098106384, 4.470347647611561e-08, 0.25589022040367126, 0.9667059183120728),
            ["LeftHand"] = CFrame.new(1.1082738637924194e-07, 2.384185791015625e-07, 1.30385160446167e-08, 0.9835374355316162, 0.15101125836372375, -0.099246084690094, -0.15098021924495697, 0.988505482673645, 0.007866761647164822, 0.09929325431585312, 0.00724696833640337, 0.9950318336486816),
            ["RightUpperLeg"] = CFrame.new(1.1920928955078125e-07, 1.7276033759117126e-07, -3.149762051180005e-08, 0.9195361137390137, -0.3928733170032501, 0.010198523290455341, 0.3135545253753662, 0.7177484631538391, -0.6217079162597656, 0.23693253099918365, 0.5748807191848755, 0.7831827998161316),
            ["LeftUpperLeg"] = CFrame.new(8.940696716308594e-08, 9.548384696245193e-07, 1.862645149230957e-08, 0.9881177544593811, 0.04991348460316658, 0.1453687697649002, 0.029597364366054535, 0.8663062453269958, -0.4986356198787689, -0.1508224755525589, 0.4970132112503052, 0.8545352816581726),
            ["RightLowerLeg"] = CFrame.new(2.7567148208618164e-07, -0.0000033974647521972656, -0.00001351365790469572, 1, 1.7136345320523105e-07, 0, -1.4901162614933128e-07, 0.3381994068622589, 0.9410744905471802, 6.705523247774181e-08, -0.9410744905471802, 0.3381996154785156),
            ["RightFoot"] = CFrame.new(-1.5459954738616943e-07, 2.980232238769531e-07, -7.839844329282641e-08, 0.9782555103302002, 0.1565515547990799, 0.13604338467121124, -0.17453934252262115, 0.9757280945777893, 0.13225330412387848, -0.11203700304031372, -0.15312223136425018, 0.981835663318634),
            ["LeftLowerLeg"] = CFrame.new(5.21540641784668e-08, 0.000004231929779052734, 0.00001329183578491211, 1, 1.3038514623531228e-07, 5.4016702222270396e-08, -1.1333034422023047e-07, 0.7351953387260437, 0.6778549551963806, 5.5879368687783426e-08, -0.677855372428894, 0.7351956963539124)
        }},
        [4] = {Time = 0.100, Data = {
            ["LeftFoot"] = CFrame.new(3.725290298461914e-09, -1.7881393432617188e-07, -2.9802322387695312e-08, 0.990695595741272, 0.10958355665206909, 0.08070794492959976, -0.12708239257335663, 0.9570953249931335, 0.26042044162750244, -0.04870746657252312, -0.26825401186943054, 0.9621161222457886),
            ["LeftLowerArm"] = CFrame.new(4.470348358154297e-07, 7.748603820800781e-07, -1.6763806343078613e-08, 1, -2.677551691476765e-08, -1.4901161193847656e-08, 4.190950697591234e-09, 0.9989785552024841, -0.04518749564886093, -1.1641529962247432e-09, 0.04518749937415123, 0.9989785552024841),
            ["LowerTorso"] = CFrame.new(-0.11609363555908203, 0.2560396194458008, -0.06938723474740982, 0.9941239356994629, -0.08837767690420151, 0.06250618398189545, 0.08484497666358948, 0.9947577714920044, 0.057081639766693115, -0.06722325831651688, -0.051442887634038925, 0.9964109063148499),
            ["Head"] = CFrame.new(-8.195638656616211e-08, -1.1920928955078125e-07, 1.6763806343078613e-08, 0.9881346821784973, 0.13799360394477844, 0.06743635982275009, -0.13802431523799896, 0.990419864654541, -0.004226197488605976, -0.06737350672483444, -0.005131796933710575, 0.9977146983146667),
            ["RightUpperArm"] = CFrame.new(0, -5.960464477539062e-07, -2.2351741790771484e-08, 0.8331572413444519, -0.41237765550613403, 0.3685022294521332, 0.44561222195625305, 0.895207941532135, -0.005702273454517126, -0.32753464579582214, 0.16895999014377594, 0.9296094179153442),
            ["UpperTorso"] = CFrame.new(-4.0512531995773315e-08, 8.940696716308594e-08, -1.5832483768463135e-08, 0.9878700375556946, -0.0019361528102308512, -0.15527133643627167, 0.007409476675093174, 0.9993709921836853, 0.03467905893921852, 0.1551065444946289, -0.035408880561590195, 0.987263023853302),
            ["HumanoidRootPart"] = CFrame.new(0, 0, 0, 1, 0, 0, 0, 1, 0, 0, 0, 1),
            ["RightHand"] = CFrame.new(-2.2351741790771484e-07, -5.960464477539063e-08, -1.6391277313232422e-07, 0.9751702547073364, -0.17990612983703613, 0.12913893163204193, 0.1929999142885208, 0.9763725399971008, -0.09719985723495483, -0.10860083252191544, 0.11971020698547363, 0.9868512749671936),
            ["LeftUpperArm"] = CFrame.new(-1.1920928955078125e-07, -2.384185791015625e-07, -7.450580596923828e-09, 0.8887463212013245, 0.42310839891433716, 0.17637872695922852, -0.41415247321128845, 0.906070351600647, -0.08668582141399384, -0.19648903608322144, 0.003994051832705736, 0.9804978966712952),
            ["RightLowerArm"] = CFrame.new(-8.940696716308594e-08, -4.172325134277344e-07, 2.9802322387695312e-08, 1, -1.4901166522918174e-08, -1.862645326866641e-08, 4.0978196835794733e-08, 0.9709687829017639, -0.23920665681362152, -1.4901162970204496e-08, 0.23920661211013794, 0.9709687829017639),
            ["LeftHand"] = CFrame.new(2.812594175338745e-07, 7.152557373046875e-07, 4.470348358154297e-08, 0.9854685664176941, 0.1383473426103592, -0.09854909032583237, -0.1382453590631485, 0.990366518497467, 0.007895762100815773, 0.09869208186864853, 0.0058429487980902195, 0.9951009154319763),
            ["RightUpperLeg"] = CFrame.new(0, -0.0000011594966053962708, -1.4733814168721437e-08, 0.9284356236457825, -0.3713708817958832, -0.00955111812800169, 0.28780677914619446, 0.7353041768074036, -0.6135920286178589, 0.2348930537700653, 0.5669316053390503, 0.7895655632019043),
            ["LeftUpperLeg"] = CFrame.new(-1.7881393432617188e-07, -3.635650500655174e-07, 0, 0.9879927039146423, 0.06812892109155655, 0.13866856694221497, 0.015967847779393196, 0.8476933836936951, -0.5302463173866272, -0.15367349982261658, 0.5260936617851257, 0.8364267945289612),
            ["RightLowerLeg"] = CFrame.new(-5.960464477539063e-08, -0.0000037550926208496094, -0.000013230535842012614, 1, -3.9488091374551004e-07, -3.2782565995148616e-07, 3.799796957082435e-07, 0.3574531674385071, 0.9339311718940735, -3.6507853451439587e-07, -0.9339311718940735, 0.3574530780315399),
            ["RightFoot"] = CFrame.new(4.936009645462036e-08, 4.76837158203125e-07, 1.4733814168721437e-08, 0.9801188111305237, 0.15222980082035065, 0.127252995967865, -0.1679726541042328, 0.9779868125915527, 0.1238025575876236, -0.10560506582260132, -0.14271648228168488, 0.9841136336326599),
            ["LeftLowerLeg"] = CFrame.new(7.450580596923828e-08, 0.000003874301910400391, 0.000013202428817749023, 1, -3.3527616238870905e-08, 1.6763809895792292e-08, 4.097820394122209e-08, 0.7097659707069397, 0.7044373750686646, -3.72529100900465e-08, -0.7044374942779541, 0.709766149520874)
        }},
        [5] = {Time = 0.133, Data = {
            ["LeftFoot"] = CFrame.new(7.82310962677002e-08, -5.960464477539063e-08, -7.450580596923828e-09, 0.990051805973053, 0.10682324320077896, 0.09157706052064896, -0.1301477551460266, 0.9426005482673645, 0.3075157105922699, -0.05347079411149025, -0.3163749873638153, 0.9471261501312256),
            ["LeftLowerArm"] = CFrame.new(-1.1920928955078125e-07, 1.7881393432617188e-07, -5.21540641784668e-08, 1, -1.4668335879264305e-08, 0, 7.037307625523681e-08, 0.998255729675293, -0.05903893709182739, -6.984921085972928e-09, 0.059038951992988586, 0.9982556700706482),
            ["LowerTorso"] = CFrame.new(-0.09250760078430176, 0.30322718620300293, -0.06755384057760239, 0.9941397309303284, -0.08532088994979858, 0.06638196855783463, 0.08160331845283508, 0.9950430393218994, 0.056835610419511795, -0.07090217620134354, -0.05108555033802986, 0.9961742758750916),
            ["Head"] = CFrame.new(-2.60770320892334e-08, 9.5367431640625e-07, 4.6566128730773926e-08, 0.9899977445602417, 0.12391814589500427, 0.06744417548179626, -0.12361966073513031, 0.9922924041748047, -0.00859768781810999, -0.067989781498909, 0.00017428025603294373, 0.9976860284805298),
            ["RightUpperArm"] = CFrame.new(-1.1920928955078125e-07, -7.152557373046875e-07, -7.450580596923828e-09, 0.8476769924163818, -0.40604227781295776, 0.3414285480976105, 0.4324868321418762, 0.9016391038894653, -0.0014805460814386606, -0.307244211435318, 0.14891834557056427, 0.9399065971374512),
            ["UpperTorso"] = CFrame.new(-3.4458935260772705e-08, -4.172325134277344e-07, 0, 0.9864755868911743, 0.005962774157524109, -0.1638001948595047, -0.00040262946276925504, 0.9994232654571533, 0.03395693376660347, 0.1639081984758377, -0.03343173488974571, 0.9859089851379395),
            ["HumanoidRootPart"] = CFrame.new(0, 0, 0, 1, 0, 0, 0, 1, 0, 0, 0, 1),
            ["RightHand"] = CFrame.new(-3.203749656677246e-07, 4.76837158203125e-07, -8.940696716308594e-08, 0.9727353453636169, -0.1704360842704773, 0.1572818160057068, 0.18842579424381256, 0.9761835336685181, -0.10752446204423904, -0.1352097988128662, 0.13422881066799164, 0.9816827774047852),
            ["LeftUpperArm"] = CFrame.new(-1.1920928955078125e-07, 1.1920928955078125e-07, -7.450580596923828e-09, 0.8877266049385071, 0.4289900064468384, 0.16706028580665588, -0.4157988429069519, 0.9028953909873962, -0.10904695093631744, -0.1976180523633957, 0.02734040841460228, 0.9798977375030518),
            ["RightLowerArm"] = CFrame.new(-4.172325134277344e-07, -2.384185791015625e-07, 5.960464477539063e-08, 1, 1.4901162970204496e-08, 4.842877388000488e-08, 1.862645149230957e-08, 0.9753167629241943, -0.22081057727336884, -1.4901161193847656e-08, 0.22081062197685242, 0.9753167033195496),
            ["LeftHand"] = CFrame.new(2.2165477275848389e-07, -2.980232238769531e-07, 1.4901161193847656e-08, 0.9872565865516663, 0.12954586744308472, -0.09242447465658188, -0.12954726815223694, 0.9915550351142883, 0.006010858807712793, 0.09242262691259384, 0.006039111874997616, 0.9957015514373779),
            ["RightUpperLeg"] = CFrame.new(-1.7881393432617188e-07, -9.308569133281708e-07, -1.4733814168721437e-08, 0.9370346069335938, -0.3482101559638977, -0.02675596810877323, 0.26203134655952454, 0.75163733959198, -0.6052941083908081, 0.23088018596172333, 0.5601705312728882, 0.7955521941184998),
            ["LeftUpperLeg"] = CFrame.new(2.086162567138672e-07, -0.0000010188668966293335, -1.4901161193847656e-08, 0.9870162010192871, 0.09111154824495316, 0.13227960467338562, 0.0007179659442044795, 0.8210387825965881, -0.5708719491958618, -0.16061970591545105, 0.5635548830032349, 0.8103131651878357),
            ["RightLowerLeg"] = CFrame.new(-5.21540641784668e-08, -0.0000040531158447265625, -0.000013137403584551066, 1, -2.384185791015625e-07, -1.6391282997574308e-07, 1.8626454334480513e-07, 0.37504905462265015, 0.9270050525665283, -1.3411046495548362e-07, -0.9270049929618835, 0.3750492036342621),
            ["RightFoot"] = CFrame.new(4.0978193283081055e-08, 2.980232238769531e-07, 4.639878170564771e-08, 0.9822522401809692, 0.1463785618543625, 0.1172780990600586, -0.15965032577514648, 0.980669379234314, 0.11313411593437195, -0.09845041483640671, -0.1298496276140213, 0.9866340160369873),
            ["LeftLowerLeg"] = CFrame.new(0, 0.000003993511199951172, 0.000013232231140136719, 1, -4.842875256372281e-08, -1.6763804566721774e-08, 1.1175868230850483e-08, 0.6725494265556335, 0.7400521039962769, 3.7252894102834944e-09, -0.7400522232055664, 0.6725496053695679)
        }},
        [6] = {Time = 0.167, Data = {
            ["LeftFoot"] = CFrame.new(2.60770320892334e-08, 5.960464477539063e-08, -1.4901161193847656e-08, 0.9901266098022461, 0.10224849730730057, 0.09588856250047684, -0.12814834713935852, 0.9374873638153076, 0.32356688380241394, -0.05680995434522629, -0.332660049200058, 0.941334068775177),
            ["LeftLowerArm"] = CFrame.new(2.980232238769531e-07, 3.5762786865234375e-07, -1.7881393432617188e-07, 1, -1.862645149230957e-08, 0, 5.471520569955146e-09, 0.9972614049911499, -0.07395759969949722, -1.862645371275562e-09, 0.07395760715007782, 0.9972614645957947),
            ["LowerTorso"] = CFrame.new(-0.06780578196048737, 0.3455469608306885, -0.06492007523775101, 0.9948790669441223, -0.07409626990556717, 0.06874147057533264, 0.07035979628562927, 0.9959891438484192, 0.055273719131946564, -0.0725613385438919, -0.050154026597738266, 0.9961021542549133),
            ["Head"] = CFrame.new(-3.166496753692627e-08, 3.5762786865234375e-07, 7.450580596923828e-09, 0.9915257692337036, 0.1111186221241951, 0.06730137765407562, -0.11033360660076141, 0.9937771558761597, -0.015282649546861649, -0.0685807392001152, 0.007727553602308035, 0.9976157546043396),
            ["RightUpperArm"] = CFrame.new(-5.960464477539063e-08, -2.384185791015625e-07, 2.9802322387695312e-08, 0.8600395917892456, -0.40556153655052185, 0.30959948897361755, 0.4275171756744385, 0.9040008783340454, -0.0034031751565635204, -0.27849799394607544, 0.13528591394424438, 0.9508610367774963),
            ["UpperTorso"] = CFrame.new(-2.7939677238464355e-08, 2.086162567138672e-07, -2.3283064365386963e-09, 0.9853904843330383, 0.004724076017737389, -0.17024487257003784, 0.0008815242908895016, 0.9994603991508484, 0.032836005091667175, 0.17030809819698334, -0.03250637277960777, 0.9848546385765076),
            ["HumanoidRootPart"] = CFrame.new(0, 0, 0, 1, 0, 0, 0, 1, 0, 0, 0, 1),
            ["RightHand"] = CFrame.new(2.8312206268310547e-07, 4.76837158203125e-07, -9.685754776000977e-08, 0.9687294960021973, -0.16306641697883606, 0.1870092749595642, 0.18686862289905548, 0.9753273725509644, -0.1175449788570404, -0.16322769224643707, 0.14881543815135956, 0.9753003716468811),
            ["LeftUpperArm"] = CFrame.new(-1.1920928955078125e-07, 1.1920928955078125e-07, 5.21540641784668e-08, 0.8847258687019348, 0.43794310092926025, 0.15958119928836823, -0.42038288712501526, 0.8975949287414551, -0.13267149031162262, -0.20134183764457703, 0.0502927303314209, 0.9782291054725647),
            ["RightLowerArm"] = CFrame.new(5.960464477539062e-07, -6.556510925292969e-07, 4.470348358154297e-08, 1, -1.862644971595273e-08, -1.1175872671742582e-08, -1.6298143279414035e-08, 0.9796585440635681, -0.2006717324256897, 0, 0.2006717026233673, 0.9796585440635681),
            ["LeftHand"] = CFrame.new(1.4528632164001465e-07, 3.5762786865234375e-07, -5.960464477539063e-08, 0.9892644286155701, 0.12311861664056778, -0.0787259191274643, -0.12337083369493484, 0.9923592805862427, 0.0016705980524420738, 0.07833010703325272, 0.008059829473495483, 0.996894896030426),
            ["RightUpperLeg"] = CFrame.new(5.960464477539063e-08, -1.825392246246338e-07, -2.590968506410718e-08, 0.9434803128242493, -0.32957249879837036, -0.035028256475925446, 0.24414624273777008, 0.7625951766967773, -0.5990338325500488, 0.22413726150989532, 0.5566244125366211, 0.7999572157859802),
            ["LeftUpperLeg"] = CFrame.new(8.940696716308594e-08, -2.78581865131855e-07, 3.3527612686157227e-08, 0.9851034283638, 0.11224544048309326, 0.13027700781822205, -0.011497518047690392, 0.7988861203193665, -0.6013724207878113, -0.17157797515392303, 0.5909162759780884, 0.7882760763168335),
            ["RightLowerLeg"] = CFrame.new(5.21540641784668e-08, -0.0000036954879760742188, -0.000013360921002458781, 1, -4.1723239974089665e-07, -2.7567156735130993e-07, 4.172325134277344e-07, 0.3869531750679016, 0.9220991730690002, -3.688037395477295e-07, -0.9220993518829346, 0.3869538903236389),
            ["RightFoot"] = CFrame.new(-1.1594966053962708e-07, 2.980232238769531e-07, -3.3694959711283445e-08, 0.9841116666793823, 0.14099016785621643, 0.10791663080453873, -0.1516769677400589, 0.9835399389266968, 0.0982016772031784, -0.09229472279548645, -0.11300960928201675, 0.9892979264259338),
            ["LeftLowerLeg"] = CFrame.new(2.2351741790771484e-08, 0.0000036954879760742188, 0.000013381242752075195, 1, 4.470347647611561e-08, 1.0244545656235005e-08, -6.332994928470725e-08, 0.6274347901344299, 0.7786688208580017, 1.3038519597330378e-08, -0.7786691784858704, 0.6274351477622986)
        }},
        [7] = {Time = 0.200, Data = {
            ["LeftFoot"] = CFrame.new(-2.0489096641540527e-08, 5.960464477539063e-08, 1.862645149230957e-08, 0.9900214076042175, 0.10057561844587326, 0.09870287775993347, -0.12746337056159973, 0.9378122687339783, 0.32289472222328186, -0.06008926033973694, -0.33225399255752563, 0.9412739872932434),
            ["LeftLowerArm"] = CFrame.new(-5.364418029785156e-07, 5.960464477539063e-08, -1.4901161193847656e-08, 1, -2.5145714843688438e-08, -3.725290298461914e-09, -2.468005178002386e-08, 0.995968222618103, -0.08970733731985092, 5.587936335871291e-09, 0.08970732986927032, 0.995968222618103),
            ["LowerTorso"] = CFrame.new(-0.04418725147843361, 0.38232874870300293, -0.061472758650779724, 0.9960885047912598, -0.05361440032720566, 0.07023705542087555, 0.04996513947844505, 0.9973584413528442, 0.052722539752721786, -0.07287820428609848, -0.049006909132003784, 0.9961361289024353),
            ["Head"] = CFrame.new(-4.6566128730773926e-08, 3.5762786865234375e-07, 2.7939677238464355e-08, 0.9928568005561829, 0.09869179874658585, 0.06704844534397125, -0.09736433625221252, 0.9949877858161926, -0.022794043645262718, -0.068961963057518, 0.01610308326780796, 0.997489333152771),
            ["RightUpperArm"] = CFrame.new(-2.980232238769531e-07, -3.5762786865234375e-07, 5.21540641784668e-08, 0.8692958950996399, -0.4104039967060089, 0.27548742294311523, 0.42912766337394714, 0.9032032489776611, -0.008569159545004368, -0.24530437588691711, 0.12566842138767242, 0.9612664580345154),
            ["UpperTorso"] = CFrame.new(-5.3085386753082275e-08, -4.172325134277344e-07, 3.259629011154175e-09, 0.984481692314148, -0.005733618978410959, -0.17539402842521667, 0.011306322179734707, 0.9994619488716125, 0.030789684504270554, 0.1751231551170349, -0.03229494020342827, 0.9840167164802551),
            ["HumanoidRootPart"] = CFrame.new(0, 0, 0, 1, 0, 0, 0, 1, 0, 0, 0, 1),
            ["RightHand"] = CFrame.new(1.6391277313232422e-07, -1.1920928955078125e-07, 1.4901161193847656e-08, 0.964960515499115, -0.15577980875968933, 0.2111493945121765, 0.18568088114261627, 0.9739726185798645, -0.1300002634525299, -0.1854022890329361, 0.1646515429019928, 0.9687703847885132),
            ["LeftUpperArm"] = CFrame.new(0, -1.1920928955078125e-07, 7.450580596923828e-08, 0.8793524503707886, 0.4508998990058899, 0.1530643105506897, -0.428680419921875, 0.8895749449729919, -0.15776433050632477, -0.20729809999465942, 0.0731147900223732, 0.9755418300628662),
            ["RightLowerArm"] = CFrame.new(7.152557373046875e-07, 6.556510925292969e-07, -1.6391277313232422e-07, 1, 3.352760558072987e-08, -7.450580596923828e-09, -4.679895226900044e-08, 0.9838773608207703, -0.17884477972984314, -2.9802318834981634e-08, 0.17884480953216553, 0.9838773012161255),
            ["LeftHand"] = CFrame.new(2.086162567138672e-07, 6.556510925292969e-07, 2.1979212760925293e-07, 0.9914012551307678, 0.1168275997042656, -0.05894790589809418, -0.11730796843767166, 0.9930843114852905, -0.004743728321045637, 0.05798603221774101, 0.011618035845458508, 0.998249888420105),
            ["RightUpperLeg"] = CFrame.new(-8.940696716308594e-08, -3.119930624961853e-07, 2.438173396512866e-08, 0.9473098516464233, -0.3184851109981537, -0.034223489463329315, 0.23657135665416718, 0.7676638960838318, -0.5955892205238342, 0.2159583568572998, 0.5561109781265259, 0.8025598526000977),
            ["LeftUpperLeg"] = CFrame.new(-5.960464477539063e-08, 8.498318493366241e-09, 2.9802322387695312e-08, 0.9828564524650574, 0.1260605752468109, 0.13454335927963257, -0.015062646009027958, 0.7821982502937317, -0.6228475570678711, -0.1837562620639801, 0.6101431250572205, 0.7706874012947083),
            ["RightLowerLeg"] = CFrame.new(2.1606683731079102e-07, -0.0000035762786865234375, -0.00001326033816440031, 1, -3.8743019104003906e-07, -2.458692449636146e-07, 3.5762795391747204e-07, 0.3935234546661377, 0.919314444065094, -1.974404284510456e-07, -0.9193145632743835, 0.39352402091026306),
            ["RightFoot"] = CFrame.new(-4.330649971961975e-08, 1.7881393432617188e-07, -2.029992174357176e-09, 0.985519289970398, 0.13683567941188812, 0.1001390740275383, -0.14514534175395966, 0.9860889315605164, 0.08100291341543198, -0.08766180276870728, -0.09436459094285965, 0.9916707277297974),
            ["LeftLowerLeg"] = CFrame.new(-3.3527612686157227e-08, 0.0000036954879760742188, 0.000013440847396850586, 1, 8.381902460996571e-08, 4.563482747244052e-08, -9.12696123123169e-08, 0.5874992609024048, 0.8092243075370789, 6.05359673500061e-08, -0.8092246651649475, 0.5874999165534973)
        }},
        [8] = {Time = 0.233, Data = {
            ["LeftFoot"] = CFrame.new(-1.57160684466362e-09, -5.960464477539063e-08, -2.1420419216156006e-08, 0.989709734916687, 0.10128427296876907, 0.10107503831386566, -0.12785321474075317, 0.9431391358375549, 0.30682581663131714, -0.06425128877162933, -0.31659144163131714, 0.946383535861969),
            ["LeftLowerArm"] = CFrame.new(3.5762786865234375e-07, 8.940696716308594e-07, -5.960464477539063e-08, 1, -9.31322685637781e-10, 4.190952918037283e-09, 6.05359762317903e-09, 0.9943481683731079, -0.10616930574178696, 7.450581485102248e-09, 0.10616929829120636, 0.9943481087684631),
            ["LowerTorso"] = CFrame.new(-0.021313393488526344, 0.41315722465515137, -0.05805477127432823, 0.996878981590271, -0.033073779195547104, 0.07168322056531906, 0.029496027156710625, 0.9982931017875671, 0.050407297909259796, -0.07322802394628525, -0.04813560098409653, 0.996152937412262),
            ["Head"] = CFrame.new(-6.891787052154541e-08, 2.384185791015625e-07, 4.470348358154297e-08, 0.993998646736145, 0.08659946918487549, 0.06683772057294846, -0.0847870334982872, 0.9959624409675598, -0.029498273506760597, -0.06912238150835037, 0.0236542709171772, 0.9973278045654297),
            ["RightUpperArm"] = CFrame.new(0, 1.1920928955078125e-07, 2.9802322387695312e-08, 0.8752248883247375, -0.41894829273223877, 0.2417927384376526, 0.4348575174808502, 0.9003907442092896, -0.013982947915792465, -0.21184982359409332, 0.11738362163305283, 0.9702271819114685),
            ["UpperTorso"] = CFrame.new(-3.67872416973114e-08, -4.470348358154297e-07, -4.656612873077393e-10, 0.9835433959960938, -0.016466829925775528, -0.17992012202739716, 0.021939177066087723, 0.9993539452552795, 0.028467899188399315, 0.1793350875377655, -0.03194672241806984, 0.9832692742347717),
            ["HumanoidRootPart"] = CFrame.new(0, 0, 0, 1, 0, 0, 0, 1, 0, 0, 0, 1),
            ["RightHand"] = CFrame.new(4.0978193283081055e-08, 2.384185791015625e-07, -8.940696716308594e-08, 0.9619650840759277, -0.1484161764383316, 0.22933794558048248, 0.18438081443309784, 0.9722161293029785, -0.14422060549259186, -0.20156148076057434, 0.18102064728736877, 0.9626030325889587),
            ["LeftUpperArm"] = CFrame.new(5.960464477539063e-08, 5.960464477539062e-07, 5.21540641784668e-08, 0.8723795413970947, 0.4666229784488678, 0.14566075801849365, -0.43948936462402344, 0.8791555166244507, -0.18421368300914764, -0.21401681005954742, 0.0966879203915596, 0.9720331430435181),
            ["RightLowerArm"] = CFrame.new(-4.470348358154297e-07, 5.960464477539063e-08, -7.450580596923828e-08, 1, -2.2351736461700966e-08, 3.725290742551124e-09, -3.5666744224727154e-08, 0.9877049922943115, -0.1563292294740677, 7.450580596923828e-09, 0.1563292294740677, 0.9877050518989563),
            ["LeftHand"] = CFrame.new(3.5762786865234375e-07, -3.5762786865234375e-07, 2.421438694000244e-08, 0.9930841326713562, 0.11153238266706467, -0.03666723147034645, -0.11205820739269257, 0.9936217069625854, -0.012604276649653912, 0.03502755984663963, 0.016625985503196716, 0.9992481470108032),
            ["RightUpperLeg"] = CFrame.new(1.1920928955078125e-07, -3.236345946788788e-07, 5.75528247281909e-09, 0.9507877826690674, -0.30814993381500244, -0.03234633430838585, 0.23022304475307465, 0.772472620010376, -0.5918471217155457, 0.2073642760515213, 0.5552743673324585, 0.8054009675979614),
            ["LeftUpperLeg"] = CFrame.new(-1.7881393432617188e-07, -5.505280569195747e-07, 5.587935447692871e-09, 0.9802371263504028, 0.1406979262828827, 0.1390663981437683, -0.018398253247141838, 0.7647618055343628, -0.6440503597259521, -0.19696907699108124, 0.6287634372711182, 0.7522364854812622),
            ["RightLowerLeg"] = CFrame.new(-1.4901161193847656e-07, -0.0000035762786865234375, -0.000013584438420366496, 1, -7.450578820566989e-09, 7.450583261459087e-09, -2.2351741790771484e-08, 0.40095213055610657, 0.9160987734794617, 3.3527612686157227e-08, -0.9160990118980408, 0.40095263719558716),
            ["RightFoot"] = CFrame.new(3.329478204250336e-08, 2.980232238769531e-07, 9.110226528719068e-08, 0.9866434931755066, 0.13358145952224731, 0.09322375804185867, -0.1397528052330017, 0.9881722331047058, 0.06312727928161621, -0.08368849754333496, -0.0753118023276329, 0.9936420321464539),
            ["LeftLowerLeg"] = CFrame.new(5.844049155712128e-08, 0.0000036954879760742188, 0.000013455748558044434, 1, -7.90460106259161e-08, -1.8975702786860893e-08, 8.090864156429234e-08, 0.5425687432289124, 0.8400112986564636, -6.938352470342579e-08, -0.840011477470398, 0.5425689220428467)
        }},
        [9] = {Time = 0.267, Data = {
            ["LeftFoot"] = CFrame.new(3.91155481338501e-08, 1.7881393432617188e-07, -5.587935447692871e-09, 0.9894644618034363, 0.10235507041215897, 0.10239008069038391, -0.12759338319301605, 0.9506998062133789, 0.2826477885246277, -0.06841182708740234, -0.29273441433906555, 0.9537434577941895),
            ["LeftLowerArm"] = CFrame.new(2.682209014892578e-07, 5.960464477539063e-08, 7.450580596923828e-09, 1, -2.2351741790771484e-08, 9.313227522511625e-09, 5.587936335871291e-09, 0.9924008250236511, -0.12304720282554626, 0, 0.12304717302322388, 0.9924008846282959),
            ["LowerTorso"] = CFrame.new(0.0011543859727680683, 0.4374847412109375, -0.05453547462821007, 0.9971487522125244, -0.01511150412261486, 0.0739326924085617, 0.011551537550985813, 0.998763918876648, 0.04834430664777756, -0.07457186281681061, -0.04735242575407028, 0.9960907697677612),
            ["Head"] = CFrame.new(-8.009374141693115e-08, -1.1920928955078125e-07, 1.3969838619232178e-08, 0.9949365258216858, 0.07497240602970123, 0.0669376477599144, -0.0726383775472641, 0.996684730052948, -0.03665025904774666, -0.06946352124214172, 0.03160243481397629, 0.9970837831497192),
            ["RightUpperArm"] = CFrame.new(-1.1920928955078125e-07, 3.5762786865234375e-07, 0, 0.8771952390670776, -0.4310811460018158, 0.21141856908798218, 0.4442339539527893, 0.8957546949386597, -0.016729624941945076, -0.18216736614704132, 0.10859444737434387, 0.9772525429725647),
            ["UpperTorso"] = CFrame.new(-3.4924596548080444e-08, -4.470348358154297e-07, -1.949956640601158e-09, 0.9824783802032471, -0.02456899918615818, -0.18475046753883362, 0.029928555712103844, 0.9992066621780396, 0.026276862248778343, 0.18395830690860748, -0.031345754861831665, 0.982434093952179),
            ["HumanoidRootPart"] = CFrame.new(0, 0, 0, 1, 0, 0, 0, 1, 0, 0, 0, 1),
            ["RightHand"] = CFrame.new(2.868473529815674e-07, 5.960464477539062e-07, -1.0058283805847168e-07, 0.9619242548942566, -0.13848023116588593, 0.2356373518705368, 0.17924393713474274, 0.9704784750938416, -0.16137906908988953, -0.2063332051038742, 0.19747105240821838, 0.9583485126495361),
            ["LeftUpperArm"] = CFrame.new(-2.384185791015625e-07, 1.1920928955078125e-07, 8.195638656616211e-08, 0.8641827702522278, 0.48392847180366516, 0.1378459632396698, -0.4515475928783417, 0.8667187094688416, -0.2119043469429016, -0.222020223736763, 0.12088005989789963, 0.9675200581550598),
            ["RightLowerArm"] = CFrame.new(8.940696716308594e-07, 0.0000011324882507324219, 4.470348358154297e-08, 1, -4.93601071127614e-08, 5.587936779960501e-09, 3.178138641146688e-08, 0.9910174012184143, -0.13373295962810516, -7.450581485102248e-09, 0.13373295962810516, 0.9910174012184143),
            ["LeftHand"] = CFrame.new(5.029141902923584e-07, 2.980232238769531e-07, -4.470348358154297e-08, 0.9938511252403259, 0.11016684025526047, -0.011103056371212006, -0.11039510369300842, 0.9936306476593018, -0.02261093072593212, 0.008541366085410118, 0.023697655647993088, 0.9996826648712158),
            ["RightUpperLeg"] = CFrame.new(0, 3.259629011154175e-09, 2.0656443666666746e-08, 0.9541814923286438, -0.29754042625427246, -0.031743746250867844, 0.22299028933048248, 0.7777991890907288, -0.5876258611679077, 0.19953256845474243, 0.5536227822303772, 0.808509886264801),
