return {
    ["New Woman"] = {
        {Time = 0.000, Data = {
            ["RightFoot"] = CFrame.new(1.601874828338623e-07, -5.960464477539063e-08, -5.75528247281909e-09, 0.9792714715003967, -0.18928901851177216, 0.0720904991030693, 0.17934751510620117, 0.9757199287414551, 0.1257188618183136, -0.09413734078407288, -0.11018369346857071, 0.9894431829452515),
            ["LeftLowerArm"] = CFrame.new(0.0000010728836059570312, -3.5762786865234375e-07, 0.000004813075065612793, 1, 1.7229471893642767e-07, 1.1920931797249068e-07, -1.7159618437290192e-07, 0.9995908141136169, -0.028607003390789032, -1.1548399925231934e-07, 0.028607022017240524, 0.9995908141136169),
            ["RightUpperArm"] = CFrame.new(-0.012828707695007324, -0.021409988403320312, -0.07894585281610489, 0.9959014654159546, -0.08533062785863876, 0.029981795698404312, 0.06946588307619095, 0.9339371919631958, 0.35062217712402344, -0.05791991204023361, -0.347102552652359, 0.9360370635986328),
            ["Head"] = CFrame.new(-3.259629011154175e-09, -7.152557373046875e-07, 2.3283064365386963e-08, 0.9881434440612793, -0.1309097409248352, 0.08021937310695648, 0.12745989859104156, 0.9907420873641968, 0.04673583060503006, -0.08559489250183105, -0.03595712035894394, 0.9956810474395752),
            ["RightHand"] = CFrame.new(1.1362135410308838e-07, 0.0000011324882507324219, -7.599592208862305e-07, 0.8493955731391907, 0.10384911298751831, -0.5174378752708435, -0.1005086600780487, 0.994335412979126, 0.03457295894622803, 0.5180978178977966, 0.02264091558754444, 0.855022132396698),
            ["UpperTorso"] = CFrame.new(-1.8597347661852837e-08, -1.4901161193847656e-07, 2.561137080192566e-09, 0.9950673580169678, 0.05265399441123009, -0.08407463878393173, -0.0489017590880394, 0.9977399110794067, 0.046083416789770126, 0.08631107956171036, -0.041744668036699295, 0.9953932762145996),
            ["HumanoidRootPart"] = CFrame.new(0, 0, 0, 1, 0, 0, 0, 1, 0, 0, 0, 1),
            ["RightUpperLeg"] = CFrame.new(0, -4.6566128730773926e-09, -1.0077201295644045e-08, 0.9514858722686768, -0.05800224840641022, -0.30217620730400085, -0.18841713666915894, 0.6665758490562439, -0.7212320566177368, 0.24325641989707947, 0.7431772947311401, 0.6233088970184326),
            ["LeftUpperArm"] = CFrame.new(0.04933422803878784, 0.025184988975524902, -0.08211835473775864, 0.27633264660835266, 0.03004615008831024, -0.9605923295021057, -0.508289635181427, 0.8528488278388977, -0.11954314261674881, 0.8156481981277466, 0.5212927460670471, 0.2509421408176422),
            ["RightLowerArm"] = CFrame.new(4.172325134277344e-07, 5.960464477539062e-07, -0.000003866851329803467, 1, -0.000018922613890026696, -0.000004241243004798889, 0.000018898395865107886, 0.9999972581863403, -0.002373704919591546, 0.000004280358098185388, 0.0023736811708658934, 0.9999971985816956),
            ["LeftHand"] = CFrame.new(-0.0000017583370208740234, -0.0000012516975402832031, 1.341104507446289e-07, 0.7686630487442017, 0.6084796786308289, -0.19725333154201508, -0.6368815302848816, 0.6993534564971924, -0.3244800567626953, -0.05948977544903755, 0.375043123960495, 0.9250966906547546),
            ["LeftFoot"] = CFrame.new(3.632158041000366e-08, -1.7881393432617188e-07, 0, 0.9975236058235168, 0.060407981276512146, -0.036021728068590164, -0.0703224390745163, 0.8479102849960327, -0.5254551768302917, -0.001198616111651063, 0.5266870260238647, 0.8500584363937378),
            ["LowerTorso"] = CFrame.new(-0.08640244603157043, -0.178955078125, 0.13817733526229858, 0.9988242387771606, -0.04374665021896362, -0.02088935300707817, 0.04488007351756096, 0.9973486661911011, 0.05728514492511749, 0.018327929079532623, -0.05815529450774193, 0.9981393814086914),
            ["RightLowerLeg"] = CFrame.new(-8.940696716308594e-08, -0.0007263422012329102, 0.00004594197525875643, 1, 1.2293457984924316e-07, -5.58793811222813e-09, -7.450579175838357e-08, 0.5441502928733826, 0.8389877080917358, 1.1175868053214799e-07, -0.8389878273010254, 0.5441505312919617),
            ["LeftUpperLeg"] = CFrame.new(-2.9802322387695312e-08, -7.683411240577698e-08, -1.5832483768463135e-08, 0.885465145111084, 0.16259536147117615, 0.43533244729042053, 0.045509327203035355, 0.9019476771354675, -0.4294407069683075, -0.46247202157974243, 0.40006646513938904, 0.7912436127662659),
            ["LeftLowerLeg"] = CFrame.new(0, -0.0007266402244567871, 0.00008098781108856201, 1, 1.303851746570217e-07, 1.8626449271863521e-09, -7.078050856534901e-08, 0.5975635647773743, 0.8018216490745544, 7.078050856534901e-08, -0.8018216490745544, 0.5975634455680847),
        }},
        {Time = 0.033, Data = {
            ["RightFoot"] = CFrame.new(2.0116567611694336e-07, 0, 3.149762051180005e-08, 0.9795681238174438, -0.2001079022884369, 0.020080408081412315, 0.19238147139549255, 0.9614580273628235, 0.19643814861774445, -0.058615341782569885, -0.18856127560138702, 0.9803106188774109),
            ["LeftLowerArm"] = CFrame.new(0.0000010132789611816406, -5.960464477539062e-07, 0.0000047460198402404785, 1, 1.5832483768463135e-07, 1.6018749704471702e-07, -1.9930305938942183e-07, 0.9995907545089722, -0.028607048094272614, -9.639190068355674e-08, 0.028607027605175972, 0.9995907545089722),
            ["RightUpperArm"] = CFrame.new(-0.000970005989074707, -0.036028385162353516, -0.07092957198619843, 0.9960901737213135, -0.08136580139398575, 0.034410055726766586, 0.06486055999994278, 0.9380164742469788, 0.340467631816864, -0.059979554265737534, -0.33690452575683594, 0.9396264553070068),
            ["Head"] = CFrame.new(-9.313225746154785e-09, -7.152557373046875e-07, 3.5390257835388184e-08, 0.9854971766471863, -0.14899317920207977, 0.08121828734874725, 0.14140310883522034, 0.9856351017951965, 0.09235021471977234, -0.09381107985973358, -0.07952643930912018, 0.9924086928367615),
            ["RightHand"] = CFrame.new(2.0116567611694336e-07, 8.940696716308594e-07, -7.450580596923828e-07, 0.8452073335647583, 0.11621744185686111, -0.5216488838195801, -0.1532427817583084, 0.9877853989601135, -0.028225714340806007, 0.5119973421096802, 0.10379555076360703, 0.8526933193206787),
            ["UpperTorso"] = CFrame.new(3.026798367500305e-09, 1.1920928955078125e-07, 3.818422555923462e-08, 0.9928110241889954, 0.09582190960645676, -0.07172509282827377, -0.0955062136054039, 0.9953981041908264, 0.007826637476682663, 0.07214496284723282, -0.0009202203364111483, 0.9973937273025513),
            ["HumanoidRootPart"] = CFrame.new(0, 0, 0, 1, 0, 0, 0, 1, 0, 0, 0, 1),
            ["RightUpperLeg"] = CFrame.new(5.960464477539063e-08, -1.341104507446289e-07, 1.6931153368204832e-08, 0.9020721912384033, -0.12185980379581451, -0.41402411460876465, -0.24199321866035461, 0.6515077352523804, -0.7190112471580505, 0.3573584258556366, 0.748790979385376, 0.5582176446914673),
            ["LeftUpperArm"] = CFrame.new(0.06291794776916504, 0.03703296184539795, -0.07553510367870331, 0.3058793842792511, 0.12219621241092682, -0.9441959857940674, -0.5171619057655334, 0.8539863228797913, -0.057017091661691666, 0.7993631362915039, 0.505742609500885, 0.32441192865371704),
            ["RightLowerArm"] = CFrame.new(5.364418029785156e-07, 5.364418029785156e-07, -0.000003933906555175781, 1, -0.000018905850083683617, -0.000004237518169247778, 0.000018905848264694214, 0.9999972581863403, -0.0023736925795674324, 0.000004291534423828125, 0.002373730530962348, 0.9999972581863403),
            ["LeftHand"] = CFrame.new(-0.0000017136335372924805, -0.0000011324882507324219, 2.3096799850463867e-07, 0.6607319116592407, 0.699916422367096, -0.27120062708854675, -0.7498109340667725, 0.5986417531967163, -0.2818017303943634, -0.034885697066783905, 0.38954493403434753, 0.9203466773033142),
            ["LeftFoot"] = CFrame.new(2.2351741790771484e-08, -5.960464477539063e-08, 5.960464477539063e-08, 0.9974848031997681, 0.05824217200279236, -0.04039934650063515, -0.07079494744539261, 0.8468520641326904, -0.5270952582359314, 0.0035131482873111963, 0.5286298394203186, 0.8488454222679138),
            ["LowerTorso"] = CFrame.new(-0.08867822587490082, -0.1621474027633667, 0.13827088475227356, 0.9964190721511841, -0.07364159822463989, -0.04154744744300842, 0.07703225314617157, 0.9932279586791992, 0.08697295933961868, 0.034861259162425995, -0.08986198902130127, 0.9953439235687256),
            ["RightLowerLeg"] = CFrame.new(-7.450580596923828e-08, -0.0007262825965881348, 0.000046165492676664144, 1, 1.1175873737556685e-07, 9.313227877782992e-08, -5.21540641784668e-08, 0.5200578570365906, 0.8541308641433716, 4.470348358154297e-08, -0.8541309833526611, 0.5200582146644592),
            ["LeftUpperLeg"] = CFrame.new(-8.940696716308594e-08, -3.5390257835388184e-08, 4.470348358154297e-08, 0.8756378889083862, 0.1978447586297989, 0.44058579206466675, 0.03113703802227974, 0.8872226476669312, -0.4602898061275482, -0.4819636940956116, 0.4167654514312744, 0.7707253098487854),
            ["LeftLowerLeg"] = CFrame.new(-7.450580596923828e-09, -0.0007264018058776855, 0.00008106231689453125, 1, 3.725289587919178e-08, 6.33299421792799e-08, -5.587935447692871e-08, 0.6020540595054626, 0.7984552979469299, 1.862645149230957e-08, -0.7984553575515747, 0.602054238319397),
        }},
        {Time = 0.067, Data = {
            ["RightFoot"] = CFrame.new(1.825392246246338e-07, 5.960464477539063e-08, 1.6596459317952394e-08, 0.9821408987045288, -0.18493160605430603, -0.034635890275239944, 0.18796564638614655, 0.9563398957252502, 0.22379238903522491, -0.008262637071311474, -0.22630608081817627, 0.9740212559700012),
            ["LeftLowerArm"] = CFrame.new(0.0000013113021850585938, 0, 0.000004738569259643555, 1, 2.309680269263481e-07, 1.527369164477932e-07, -1.9744041424019088e-07, 0.9995907545089722, -0.028607044368982315, -9.685756197086448e-08, 0.028607066720724106, 0.9995908141136169),
            ["RightUpperArm"] = CFrame.new(0.006933748722076416, -0.045772552490234375, -0.0603972002863884, 0.9958447813987732, -0.07917532324790955, 0.044993482530117035, 0.05888498201966286, 0.936730146408081, 0.34506404399871826, -0.06946728378534317, -0.3409806489944458, 0.9375001192092896),
            ["Head"] = CFrame.new(-2.0954757928848267e-09, -0.0000010728836059570312, 2.9802322387695312e-08, 0.9820948839187622, -0.16338612139225006, 0.09378042072057724, 0.1520858108997345, 0.9814019799232483, 0.11713304370641708, -0.11117416620254517, -0.10077312588691711, 0.988678514957428),
            ["RightHand"] = CFrame.new(1.2293457984924316e-07, 0.0000011324882507324219, -6.258487701416016e-07, 0.8419188261032104, 0.12370206415653229, -0.5252335071563721, -0.18584036827087402, 0.980292022228241, -0.06701458245515823, 0.5065926909446716, 0.15403050184249878, 0.8483153581619263),
            ["UpperTorso"] = CFrame.new(6.984919309616089e-09, -1.1920928955078125e-07, 1.7695128917694092e-08, 0.9890788793563843, 0.1295681595802307, -0.07024990022182465, -0.13151311874389648, 0.9910290837287903, -0.023786868900060654, 0.06653766334056854, 0.03276582434773445, 0.9972457885742188),
            ["HumanoidRootPart"] = CFrame.new(0, 0, 0, 1, 0, 0, 0, 1, 0, 0, 0, 1),
            ["RightUpperLeg"] = CFrame.new(5.960464477539063e-08, -1.0058283805847168e-07, 5.977199180051684e-08, 0.8363549709320068, -0.15368729829788208, -0.5262039303779602, -0.2836870551109314, 0.7000263333320618, -0.6553511023521423, 0.4690758287906647, 0.6973831653594971, 0.5418713092803955),
            ["LeftUpperArm"] = CFrame.new(0.07250076532363892, 0.04599928855895996, -0.06528506428003311, 0.3113609552383423, 0.29024115204811096, -0.9048836827278137, -0.5280866026878357, 0.8444966673851013, 0.08916301280260086, 0.7900499701499939, 0.45009493827819824, 0.4162156581878662),
            ["RightLowerArm"] = CFrame.new(2.682209014892578e-07, 3.5762786865234375e-07, -0.000004023313522338867, 1, -0.000018913768144557253, -0.000004247762717568548, 0.000018904454918811098, 0.9999972581863403, -0.002373736584559083, 0.0000042831534301512875, 0.002373681403696537, 0.9999971985816956),
            ["LeftHand"] = CFrame.new(-0.0000012218952178955078, -0.0000016093254089355469, 8.940696716308594e-08, 0.5818684697151184, 0.7643135190010071, -0.2779451906681061, -0.8132812976837158, 0.5461320281028748, -0.20078334212303162, -0.001666637952439487, 0.3428772985935211, 0.9393788576126099),
            ["LeftFoot"] = CFrame.new(-1.5832483768463135e-08, -5.960464477539063e-08, 1.4901161193847656e-08, 0.9974575042724609, 0.05427312105894089, -0.046185534447431564, -0.07037514448165894, 0.8522365093231201, -0.5184013843536377, 0.01122562400996685, 0.520334005355835, 0.8538892865180969),
            ["LowerTorso"] = CFrame.new(-0.08780835568904877, -0.1395474672317505, 0.1401861011981964, 0.993392825126648, -0.09656726568937302, -0.06201353296637535, 0.10288838297128677, 0.9887610077857971, 0.10847029089927673, 0.050841886550188065, -0.1141340509057045, 0.9921636581420898),
            ["RightLowerLeg"] = CFrame.new(0, -0.0007262229919433594, 0.000045971777581144124, 1, 1.1920931797249068e-07, 1.8626458597736928e-08, -5.960463766996327e-08, 0.5782332420349121, 0.8158712983131409, 1.4901159772762185e-07, -0.8158714771270752, 0.5782336592674255),
            ["LeftUpperLeg"] = CFrame.new(-8.940696716308594e-08, -1.1082738637924194e-07, 4.0978193283081055e-08, 0.8640830516815186, 0.22521448135375977, 0.45015451312065125, 0.01834394969046116, 0.8796342611312866, -0.47529712319374084, -0.5030150413513184, 0.418953537940979, 0.75594562292099),
            ["LeftLowerLeg"] = CFrame.new(-3.725290298461914e-09, -0.0007265210151672363, 0.00008094310760498047, 1, 1.1175869474300271e-07, 5.0291429687376876e-08, -7.078051567077637e-08, 0.6222589612007141, 0.7828112840652466, 8.568167686462402e-08, -0.7828115224838257, 0.6222591400146484),
        }},
        {Time = 0.100, Data = {
            ["RightFoot"] = CFrame.new(2.5704503059387207e-07, 0, 3.149762051180005e-08, 0.9774612784385681, -0.2108539491891861, -0.010492019355297089, 0.20678743720054626, 0.9462318420410156, 0.24876563251018524, -0.042525239288806915, -0.24532835185527802, 0.9685068726539612),
            ["LeftLowerArm"] = CFrame.new(0.0000015497207641601562, -1.7881393432617188e-07, 0.0000045299530029296875, 1, 1.2665987014770508e-07, 1.1920930376163597e-07, -1.9371509552001953e-07, 0.9995908141136169, -0.028606992214918137, -1.4156103134155273e-07, 0.028607025742530823, 0.9995907545089722),
            ["RightUpperArm"] = CFrame.new(0.01012331247329712, -0.04920613765716553, -0.047207899391651154, 0.9947561621665955, -0.0772172287106514, 0.06706587225198746, 0.047798022627830505, 0.9307100176811218, 0.36262139678001404, -0.09041949361562729, -0.357514351606369, 0.9295202493667603),
            ["Head"] = CFrame.new(-3.026798367500305e-09, -5.960464477539062e-07, -2.0954757928848267e-08, 0.977289617061615, -0.17323018610477448, 0.12205103039741516, 0.15866708755493164, 0.9799630045890808, 0.12040481716394424, -0.1404632180929184, -0.09830503165721893, 0.9851935505867004),
            ["RightHand"] = CFrame.new(1.341104507446289e-07, 0.0000011920928955078125, -5.960464477539062e-07, 0.838974118232727, 0.12872707843780518, -0.5287261009216309, -0.2086251676082611, 0.97346431016922, -0.09403681755065918, 0.5025914311408997, 0.1892000138759613, 0.8435673117637634),
            ["UpperTorso"] = CFrame.new(3.725290298461914e-08, -1.1920928955078125e-07, -7.450580596923828e-09, 0.9845799803733826, 0.15243446826934814, -0.08582543581724167, -0.1563444286584854, 0.9868593811988831, -0.04080544784665108, 0.0784774199128151, 0.05359448492527008, 0.9954742193222046),
            ["HumanoidRootPart"] = CFrame.new(0, 0, 0, 1, 0, 0, 0, 1, 0, 0, 0, 1),
            ["RightUpperLeg"] = CFrame.new(2.9802322387695312e-08, -2.7939677238464355e-07, -3.336026566103101e-08, 0.7781217098236084, -0.1406317502260208, -0.6121679544448853, -0.3207465410232544, 0.7489967346191406, -0.5797632336616516, 0.5400448441505432, 0.6474770903587341, 0.5377033352851868),
            ["LeftUpperArm"] = CFrame.new(0.07655030488967896, 0.05083596706390381, -0.051191166043281555, 0.517288327217102, 0.3607870042324066, -0.7760448455810547, -0.4885687828063965, 0.869001567363739, 0.07833755761384964, 0.70264732837677, 0.33862829208374023, 0.6257937550544739),
            ["RightLowerArm"] = CFrame.new(4.172325134277344e-07, 4.172325134277344e-07, -0.0000038817524909973145, 1, -0.000018913302483269945, -0.000004247297056281241, 0.000018903987438534386, 0.9999972581863403, -0.0023737605661153793, 0.000004283618636691244, 0.0023737424053251743, 0.9999972581863403),
            ["LeftHand"] = CFrame.new(-0.0000013113021850585938, -0.0000010728836059570312, -2.9802322387695312e-08, 0.48659926652908325, 0.8139117956161499, -0.3174401819705963, -0.8734517693519592, 0.4604918658733368, -0.15820731222629547, 0.01741189882159233, 0.3542526364326477, 0.9349877834320068),
            ["LeftFoot"] = CFrame.new(-7.450580596923828e-09, -5.960464477539063e-08, 1.4901161193847656e-08, 0.9973986744880676, 0.04987157881259918, -0.05204639583826065, -0.06939928233623505, 0.8595609664916992, -0.5062990784645081, 0.019487198442220688, 0.5085940361022949, 0.8607860207557678),
            ["LowerTorso"] = CFrame.new(-0.08304569870233536, -0.11970508098602295, 0.14607581496238708, 0.990498423576355, -0.11345001310110092, -0.07773135602474213, 0.12228234857320786, 0.9851757884025574, 0.12031485885381699, 0.06292933970689774, -0.12867681682109833, 0.9896879196166992),
            ["RightLowerLeg"] = CFrame.new(-1.1920928955078125e-07, -0.0007260441780090332, 0.00004598667874233797, 1, 2.6077035641947077e-08, -7.450583261459087e-09, -1.0430814256778831e-07, 0.6566898822784424, 0.7541605234146118, 7.450581307466564e-08, -0.7541607618331909, 0.6566901803016663),
            ["LeftUpperLeg"] = CFrame.new(5.960464477539063e-08, -1.73225998878479e-07, -1.862645149230957e-08, 0.8536574244499207, 0.24747848510742188, 0.45828312635421753, 0.006433435715734959, 0.8748233914375305, -0.48439911007881165, -0.5207952260971069, 0.4164592921733856, 0.7452073693275452),
            ["LeftLowerLeg"] = CFrame.new(4.470348358154297e-08, -0.0007265210151672363, 0.0000809207558631897, 1, 8.940698847936801e-08, 6.146731124090365e-08, -4.097820394122209e-08, 0.6414080858230591, 0.7671998739242554, 1.4901164746561335e-08, -0.7671999931335449, 0.6414082050323486),
        }},
        {Time = 0.133, Data = {
            ["RightFoot"] = CFrame.new(2.0116567611694336e-07, -1.1920928955078125e-07, 1.6596459317952394e-08, 0.967098593711853, -0.2516656219959259, 0.03721396252512932, 0.2319035679101944, 0.9322326183319092, 0.2777826488018036, -0.10460034757852554, -0.2600131630897522, 0.9599229097366333),
            ["LeftLowerArm"] = CFrame.new(0.0000013709068298339844, -5.364418029785156e-07, 0.000004559755325317383, 1, 1.4901162614933128e-07, 1.3038518886787642e-07, -1.3411046495548362e-07, 0.9995908141136169, -0.028606966137886047, -7.823110337312755e-08, 0.028607089072465897, 0.9995908141136169),
            ["RightUpperArm"] = CFrame.new(0.010447025299072266, -0.04860687255859375, -0.03307719528675079, 0.9922274947166443, -0.07628767192363739, 0.09830960631370544, 0.03283713012933731, 0.9225516319274902, 0.3844742476940155, -0.12002642452716827, -0.3782576322555542, 0.9178860187530518),
            ["Head"] = CFrame.new(2.782326191663742e-08, -4.76837158203125e-07, 2.6542693376541138e-08, 0.9704796075820923, -0.17880141735076904, 0.16186198592185974, 0.16237160563468933, 0.9806124567985535, 0.1097024455666542, -0.1783389002084732, -0.0801822766661644, 0.9806967377662659),
            ["RightHand"] = CFrame.new(8.591450750827789e-08, 6.556510925292969e-07, -8.195638656616211e-07, 0.8377383947372437, 0.1307239681482315, -0.530193567276001, -0.2178710550069809, 0.9703118801116943, -0.10501031577587128, 0.5007261633872986, 0.20348501205444336, 0.8413487076759338),
            ["UpperTorso"] = CFrame.new(3.026798367500305e-08, 2.9802322387695312e-08, 1.1548399925231934e-07, 0.9785107374191284, 0.17085497081279755, -0.11543584614992142, -0.1771821230649948, 0.9830601215362549, -0.04689870774745941, 0.10546761006116867, 0.06634406000375748, 0.9922071695327759),
            ["HumanoidRootPart"] = CFrame.new(0, 0, 0, 1, 0, 0, 0, 1, 0, 0, 0, 1),
            ["RightUpperLeg"] = CFrame.new(5.960464477539063e-08, -6.705522537231445e-08, 8.77116690389812e-08, 0.7369536757469177, -0.11615787446498871, -0.6658878326416016, -0.3544066846370697, 0.7724571228027344, -0.5269782543182373, 0.5755825042724609, 0.6243536472320557, 0.528097927570343),
            ["LeftUpperArm"] = CFrame.new(0.07696998119354248, 0.05235922336578369, -0.035742029547691345, 0.6604837775230408, 0.4017540216445923, -0.6343145370483398, -0.4640311002731323, 0.8825687170028687, 0.0758148804306984, 0.5902849435806274, 0.24426700174808502, 0.7693486213684082),
            ["RightLowerArm"] = CFrame.new(2.682209014892578e-07, 5.960464477539062e-07, -0.000003844499588012695, 1, -0.000018914237443823367, -0.0000042428155211382546, 0.000018905735487351194, 0.9999971985816956, -0.0023737531155347824, 0.000004288799573259894, 0.002373745432123542, 0.9999972581863403),
            ["LeftHand"] = CFrame.new(-0.0000016689300537109375, -0.0000012516975402832031, 5.364418029785156e-07, 0.4070073962211609, 0.8427481651306152, -0.3523068130016327, -0.9112116098403931, 0.4014393091201782, -0.09241310507059097, 0.06354890763759613, 0.35863927006721497, 0.931310772895813),
            ["LeftFoot"] = CFrame.new(1.955777406692505e-08, -1.7881393432617188e-07, 1.4901161193847656e-08, 0.9973140954971313, 0.04620366916060448, -0.056833624839782715, -0.06843101978302002, 0.8644284605979919, -0.4980773627758026, 0.02611556090414524, 0.5006284117698669, 0.8652681112289429),
            ["LowerTorso"] = CFrame.new(-0.07612232118844986, -0.10660016536712646, 0.15480773150920868, 0.9877400398254395, -0.1288815587759018, -0.08808720856904984, 0.1395498663187027, 0.9818815588951111, 0.12819728255271912, 0.06996894627809525, -0.13891811668872833, 0.9878290295600891),
            ["RightLowerLeg"] = CFrame.new(-1.2665987014770508e-07, -0.000726163387298584, 0.00004601648106472567, 1, 8.381905303167514e-08, -1.1548401346317405e-07, -8.940696716308594e-08, 0.7060300707817078, 0.7081817984580994, 5.21540641784668e-08, -0.7081819772720337, 0.7060300707817078),
            ["LeftUpperLeg"] = CFrame.new(2.9802322387695312e-08, -8.940696716308594e-08, 7.82310962677002e-08, 0.8459281921386719, 0.2704962491989136, 0.4596056044101715, -0.005394465755671263, 0.8661154508590698, -0.49981486797332764, -0.5332695245742798, 0.4203283488750458, 0.7341307401657104),
            ["LeftLowerLeg"] = CFrame.new(3.3527612686157227e-08, -0.0007265806198120117, 0.00008096545934677124, 1, 1.0430814256778831e-07, -9.313224857976365e-09, -9.313224325069314e-08, 0.6478022933006287, 0.7618088126182556, -6.51925713412993e-09, -0.7618085741996765, 0.64780193567276),
        }},
        {Time = 0.167, Data = {
            ["RightFoot"] = CFrame.new(1.7136335372924805e-07, -5.960464477539063e-08, 1.6596459317952394e-08, 0.9649242162704468, -0.2590629458427429, 0.04251823574304581, 0.23575972020626068, 0.9263436198234558, 0.29377713799476624, -0.1154932975769043, -0.27344855666160583, 0.9549278616905212),
            ["LeftLowerArm"] = CFrame.new(0.0000013709068298339844, -9.5367431640625e-07, 0.000004738569259643555, 1, 8.940695295223122e-08, 1.3783575525394554e-07, -1.4901161193847656e-07, 0.9995907545089722, -0.02860698476433754, -1.5273690223693848e-07, 0.028607051819562912, 0.9995908141136169),
            ["RightUpperArm"] = CFrame.new(0.009203553199768066, -0.04622209072113037, -0.02127911150455475, 0.988541841506958, -0.07864592224359512, 0.12884090840816498, 0.019870147109031677, 0.9139184951782227, 0.4054111838340759, -0.14963398873806, -0.39820563793182373, 0.9050093293190002),
            ["Head"] = CFrame.new(1.7229467630386353e-08, -7.152557373046875e-07, -2.9802322387695312e-08, 0.9626016020774841, -0.17988353967666626, 0.20258378982543945, 0.16412170231342316, 0.9821194410324097, 0.09222526848316193, -0.2155512422323227, -0.0555279478430748, 0.9749124646186829),
            ["RightHand"] = CFrame.new(4.917383193969727e-07, 0.0000012516975402832031, -7.227063179016113e-07, 0.837868332862854, 0.13026420772075653, -0.5301012992858887, -0.2159397155046463, 0.9709901213645935, -0.10270439088344574, 0.5013448596000671, 0.20052267611026764, 0.8416914939880371),
            ["UpperTorso"] = CFrame.new(-4.1443854570388794e-08, 2.9802322387695312e-08, 1.7695128917694092e-08, 0.9714633822441101, 0.1834118664264679, -0.1503964066505432, -0.1920982450246811, 0.9803298711776733, -0.045294973999261856, 0.13913051784038544, 0.07289338856935501, 0.9875876307487488),
            ["HumanoidRootPart"] = CFrame.new(0, 0, 0, 1, 0, 0, 0, 1, 0, 0, 0, 1),
            ["RightUpperLeg"] = CFrame.new(-5.960464477539063e-08, 4.116445779800415e-07, 4.6733475755900145e-08, 0.7282251715660095, -0.08548606187105179, -0.6799854636192322, -0.3709426820278168, 0.785126268863678, -0.4959624111652374, 0.5762723088264465, 0.6134076714515686, 0.5400380492210388),
            ["LeftUpperArm"] = CFrame.new(0.07541310787200928, 0.05187642574310303, -0.02279604971408844, 0.7512442469596863, 0.4006902575492859, -0.5244802236557007, -0.4439753293991089, 0.8947710990905762, 0.04765152558684349, 0.48838308453559875, 0.19705811142921448, 0.8500881791114807),
            ["RightLowerArm"] = CFrame.new(5.960464477539063e-08, 0.0000011324882507324219, -0.0000036507844924926758, 1, -0.000018916092813014984, -0.0000042477622628211975, 0.00001891330066428054, 0.9999972581863403, -0.002373671857640147, 0.00000429479450758663, 0.0023737449664622545, 0.9999972581863403),
            ["LeftHand"] = CFrame.new(-0.0000012516975402832031, -0.0000010728836059570312, 2.980232238769531e-07, 0.3739945590496063, 0.8520327806472778, -0.3662894070148468, -0.9234339594841003, 0.3787371516227722, -0.06187165528535843, 0.0860108733177185, 0.3613840937614441, 0.9284417033195496),
            ["LeftFoot"] = CFrame.new(-4.470348358154297e-08, -1.7881393432617188e-07, 2.9802322387695312e-08, 0.9972273111343384, 0.043625690042972565, -0.06028619408607483, -0.06773276627063751, 0.8676556348800659, -0.49253061413764954, 0.03082079254090786, 0.495248019695282, 0.868204653263092),
            ["LowerTorso"] = CFrame.new(-0.06918315589427948, -0.09893059730529785, 0.1628560572862625, 0.9858084917068481, -0.14058656990528107, -0.09174499660730362, 0.15194016695022583, 0.9796022176742554, 0.1315057873725891, 0.07138565182685852, -0.14357928931713104, 0.9870608448982239),
            ["RightLowerLeg"] = CFrame.new(-1.1175870895385742e-07, -0.0007261037826538086, 0.00004586001887219027, 1, 1.2479726763103827e-07, -3.725291630729544e-09, -1.4901164746561335e-08, 0.7401809692382812, 0.6724075078964233, 9.685756907629184e-08, -0.6724077463150024, 0.7401812076568604),
            ["LeftUpperLeg"] = CFrame.new(-2.9802322387695312e-08, 1.3783574104309082e-07, -2.9802322387695312e-08, 0.8420009016990662, 0.2883538603782654, 0.4559454619884491, -0.015531476587057114, 0.8577705025672913, -0.5137980580329895, -0.5392524003982544, 0.4255371391773224, 0.7267223596572876),
            ["LeftLowerLeg"] = CFrame.new(-2.2351741790771484e-08, -0.0007262229919433594, 0.00008095055818557739, 1, 1.005828522693264e-07, 8.381903171539307e-08, -4.0978189730367376e-08, 0.6477919816970825, 0.7618176937103271, -1.8626449271863521e-09, -0.7618173360824585, 0.6477915644645691),
        }},
        {Time = 0.200, Data = {
            ["RightFoot"] = CFrame.new(2.2351741790771484e-07, -5.960464477539063e-08, -2.8107024263590574e-08, 0.9700376987457275, -0.24205948412418365, 0.02083440311253071, 0.2257934808731079, 0.9298560619354248, 0.2904912531375885, -0.08968909829854965, -0.2770829498767853, 0.9566508531570435),
            ["LeftLowerArm"] = CFrame.new(0.0000015497207641601562, -2.980232238769531e-07, 0.000004976987838745117, 1, 2.086162567138672e-07, 1.4901162614933128e-07, -1.341104507446289e-07, 0.9995908141136169, -0.028607044368982315, -1.4528632164001465e-07, 0.028607062995433807, 0.9995907545089722),
            ["RightUpperArm"] = CFrame.new(0.007716774940490723, -0.04431724548339844, -0.01515910029411316, 0.9851836562156677, -0.08425526320934296, 0.14937958121299744, 0.013881315477192402, 0.9073206186294556, 0.42021042108535767, -0.17094002664089203, -0.41191068291664124, 0.8950469493865967),
            ["Head"] = CFrame.new(-2.0023435354232788e-08, -5.960464477539062e-07, 7.450580596923828e-09, 0.9559592008590698, -0.1784333735704422, 0.23303130269050598, 0.16411329805850983, 0.983223021030426, 0.07962118089199066, -0.2433287501335144, -0.03787114471197128, 0.9692042469978333),
            ["RightHand"] = CFrame.new(3.0547380447387695e-07, 8.940696716308594e-07, -7.450580596923828e-07, 0.8384481072425842, 0.12906767427921295, -0.5294767618179321, -0.21057403087615967, 0.9728218913078308, -0.0963127613067627, 0.5026562809944153, 0.19224734604358673, 0.8428393602371216),
            ["UpperTorso"] = CFrame.new(2.468004822731018e-08, 5.960464477539063e-08, 2.1420419216156006e-08, 0.9649991989135742, 0.18803346157073975, -0.18281136453151703, -0.19839878380298615, 0.9793047904968262, -0.040001191198825836, 0.17150630056858063, 0.07487062364816666, 0.9823339581489563),
            ["HumanoidRootPart"] = CFrame.new(0, 0, 0, 1, 0, 0, 0, 1, 0, 0, 0, 1),
            ["RightUpperLeg"] = CFrame.new(0, -7.264316082000732e-08, -9.145878721028566e-09, 0.7427980899810791, -0.06330061703920364, -0.6665164232254028, -0.37001416087150574, 0.7908607721328735, -0.48747169971466064, 0.5579789876937866, 0.6087135672569275, 0.5640276670455933),
            ["LeftUpperArm"] = CFrame.new(0.07363259792327881, 0.05099892616271973, -0.016066953539848328, 0.7544764280319214, 0.3925481140613556, -0.5259949564933777, -0.4339873194694519, 0.8995932340621948, 0.0488608293235302, 0.4923618733882904, 0.1914108693599701, 0.8490829467773438),
            ["RightLowerArm"] = CFrame.new(3.5762786865234375e-07, 3.5762786865234375e-07, -0.000004038214683532715, 1, -0.000018924474716186523, -0.000004230998001730768, 0.00001890770909085404, 0.9999972581863403, -0.002373721217736602, 0.000004283152065909235, 0.0023737503215670586, 0.9999972581863403),
            ["LeftHand"] = CFrame.new(-0.0000015497207641601562, -0.0000010728836059570312, 3.5762786865234375e-07, 0.35422441363334656, 0.8533412218093872, -0.38253527879714966, -0.9335065484046936, 0.3469788730144501, -0.09039578586816788, 0.05559325963258743, 0.3891200125217438, 0.9195082783699036),
            ["LeftFoot"] = CFrame.new(-2.7939677238464355e-08, -1.7881393432617188e-07, -2.9802322387695312e-08, 0.9971261024475098, 0.04242875799536705, -0.06276533007621765, -0.06777264177799225, 0.8698274493217468, -0.48867928981781006, 0.03386097401380539, 0.4915282726287842, 0.870202898979187),
            ["LowerTorso"] = CFrame.new(-0.06437777727842331, -0.09571564197540283, 0.1667015254497528, 0.9854002594947815, -0.1461755633354187, -0.08728796243667603, 0.156724750995636, 0.979095995426178, 0.12964779138565063, 0.06651195883750916, -0.14143511652946472, 0.98771071434021),
            ["RightLowerLeg"] = CFrame.new(1.2665987014770508e-07, -0.0007263422012329102, 0.00004606118454830721, 1, 1.4808034620727994e-07, -1.378357268322361e-07, -4.4703490686970326e-08, 0.756317138671875, 0.6542050838470459, 4.4703490686970326e-08, -0.6542052030563354, 0.756317138671875),
            ["LeftUpperLeg"] = CFrame.new(5.960464477539063e-08, 5.21540641784668e-08, 0, 0.8426878452301025, 0.2953993082046509, 0.4501293897628784, -0.02218776009976864, 0.8543896079063416, -0.5191587805747986, -0.5379450917243958, 0.4275016784667969, 0.7265381813049316),
            ["LeftLowerLeg"] = CFrame.new(-1.1548399925231934e-07, -0.0007265806198120117, 0.00008089840412139893, 1, 5.215408194203519e-08, 5.21540641784668e-08, -4.842878098543224e-08, 0.6469619274139404, 0.7625226974487305, 3.4458938813486384e-08, -0.7625223994255066, 0.646961510181427),
        }},
        {Time = 0.233, Data = {
            ["RightFoot"] = CFrame.new(1.8998980522155762e-07, -1.7881393432617188e-07, 3.149762051180005e-08, 0.9810387492179871, -0.18116655945777893, -0.06886027753353119, 0.19293472170829773, 0.9466431736946106, 0.2581528127193451, 0.01841779239475727, -0.2665436267852783, 0.9636468887329102),
            ["LeftLowerArm"] = CFrame.new(5.960464477539062e-07, -5.960464477539062e-07, 0.000004708766937255859, 1, 1.7881399116959074e-07, 1.1920931797249068e-07, -1.788139627478813e-07, 0.9995907545089722, -0.028607040643692017, -9.685756197086448e-08, 0.028607064858078957, 0.9995908141136169),
            ["RightUpperArm"] = CFrame.new(0.003072977066040039, -0.03816521167755127, -0.014307811856269836, 0.9835629463195801, -0.08488141745328903, 0.159371018409729, 0.008397872559726238, 0.9031689167022705, 0.4292032718658447, -0.1803702563047409, -0.42081010341644287, 0.8890361785888672),
            ["Head"] = CFrame.new(-8.381903171539307e-09, -4.76837158203125e-07, -5.587935447692871e-09, 0.953268826007843, -0.17212067544460297, 0.2483004778623581, 0.15825185179710388, 0.9845516085624695, 0.07493045926094055, -0.25736168026924133, -0.03213499113917351, 0.9657807350158691),
            ["RightHand"] = CFrame.new(3.0919909477233887e-07, 7.152557373046875e-07, -5.21540641784668e-07, 0.8396875858306885, 0.12675796449184418, -0.5280690789222717, -0.200109601020813, 0.9761769771575928, -0.08387394994497299, 0.5048574805259705, 0.17609967291355133, 0.845049262046814),
            ["UpperTorso"] = CFrame.new(-3.166496753692627e-08, 4.172325134277344e-07, 2.8870999813079834e-08, 0.9636551141738892, 0.1633213609457016, -0.21141201257705688, -0.17533615231513977, 0.9837256073951721, -0.039259687066078186, 0.20155930519104004, 0.07490089535713196, 0.9766082763671875),
            ["HumanoidRootPart"] = CFrame.new(0, 0, 0, 1, 0, 0, 0, 1, 0, 0, 0, 1),
            ["RightUpperLeg"] = CFrame.new(0, 2.0489096641540527e-08, -3.149762051180005e-08, 0.8155013918876648, -0.055397942662239075, -0.576097846031189, -0.3297288417816162, 0.7735933065414429, -0.5411404371261597, 0.4756433367729187, 0.6312564015388489, 0.6125996112823486),
            ["LeftUpperArm"] = CFrame.new(0.06788140535354614, 0.04580855369567871, -0.015014827251434326, 0.677141547203064, 0.3993556499481201, -0.6180569529533386, -0.4314356744289398, 0.8958727121353149, 0.10618554800748825, 0.596106231212616, 0.1947491466999054, 0.7789289355278015),
            ["RightLowerArm"] = CFrame.new(1.7881393432617188e-07, 5.960464477539063e-08, -0.000003762543201446533, 1, -0.00001891795727715362, -0.000004242639988660812, 0.00001889933082566131, 0.9999971985816956, -0.002373776864260435, 0.000004287343926989706, 0.0023737240117043257, 0.9999972581863403),
            ["LeftHand"] = CFrame.new(-0.0000012516975402832031, -0.0000015497207641601562, 1.4901161193847656e-07, 0.4086906909942627, 0.8117861747741699, -0.4171023368835449, -0.9045913815498352, 0.2996121942996979, -0.3032282292842865, -0.12118760496377945, 0.5012342929840088, 0.8567837476730347),
            ["LeftFoot"] = CFrame.new(-2.8870999813079834e-08, -5.960464477539063e-08, -2.2351741790771484e-08, 0.9968836307525635, 0.04312745854258537, -0.06605461984872818, -0.06941317021846771, 0.8774017691612244, -0.47470834851264954, 0.03748341277241707, 0.4778141677379608, 0.8776609897613525),
            ["LowerTorso"] = CFrame.new(-0.06129411607980728, -0.09529030323028564, 0.16741834580898285, 0.9891196489334106, -0.12872996926307678, -0.07121149450540543, 0.13690802454948425, 0.982622504234314, 0.12533676624298096, 0.05383943021297455, -0.1337224692106247, 0.989555299282074),
            ["RightLowerLeg"] = CFrame.new(-1.1920928955078125e-07, -0.0007264018058776855, 0.00004585256829159334, 1, 8.195639367158947e-08, 5.587936779960501e-09, -1.0430814256778831e-07, 0.7400145530700684, 0.6725903153419495, 7.450581485102248e-09, -0.6725909113883972, 0.7400150895118713),
            ["LeftUpperLeg"] = CFrame.new(0, 1.7136335372924805e-07, 1.4901161193847656e-08, 0.8495094180107117, 0.2700134813785553, 0.4532400071620941, -0.009051862172782421, 0.8664364218711853, -0.4992055296897888, -0.5274958610534668, 0.41997694969177246, 0.7384899258613586),
            ["LeftLowerLeg"] = CFrame.new(1.2665987014770508e-07, -0.0007264018058776855, 0.00008100271224975586, 1, 1.0803341865539551e-07, 7.078052277620372e-08, -5.587936158235607e-08, 0.664936900138855, 0.7468996047973633, 2.7939680791178034e-08, -0.7468996047973633, 0.6649368405342102),
        }},
        {Time = 0.267, Data = {
            ["RightFoot"] = CFrame.new(2.086162567138672e-07, 1.1920928955078125e-07, 2.4047039914876223e-08, 0.9735350608825684, -0.09973157197237015, -0.20562908053398132, 0.1427960991859436, 0.9679505228996277, 0.20659421384334564, 0.17843464016914368, -0.2304895520210266, 0.9565749168395996),
            ["LeftLowerArm"] = CFrame.new(0.0000012516975402832031, -4.76837158203125e-07, 0.000004708766937255859, 1, 1.5087427129856223e-07, 1.0756777157894248e-07, -1.4156104555240745e-07, 0.9775088429450989, -0.21089477837085724, -1.266598843585598e-07, 0.21089483797550201, 0.9775087833404541),
            ["RightUpperArm"] = CFrame.new(-0.007109582424163818, -0.024417877197265625, -0.015634685754776, 0.9833129644393921, -0.07641224563121796, 0.1650964468717575, -0.002987333107739687, 0.900607168674469, 0.43462395668029785, -0.18189771473407745, -0.4278644621372223, 0.8853503465652466),
            ["Head"] = CFrame.new(-3.725290298461914e-09, -8.344650268554688e-07, -1.30385160446167e-08, 0.9541756510734558, -0.15870726108551025, 0.2536945939064026, 0.14499396085739136, 0.9868099689483643, 0.0719926729798317, -0.2617741823196411, -0.031909551471471786, 0.9646015167236328),
            ["RightHand"] = CFrame.new(3.91155481338501e-07, 8.940696716308594e-07, -9.685754776000977e-07, 0.8414656519889832, 0.12167064845561981, -0.5264327526092529, -0.17798107862472534, 0.9823557734489441, -0.0574452169239521, 0.5101552605628967, 0.14203330874443054, 0.8482739925384521),
            ["UpperTorso"] = CFrame.new(-2.9336661100387573e-08, -2.9802322387695312e-08, -5.587935447692871e-09, 0.9656878113746643, 0.10074959695339203, -0.23936714231967926, -0.11545677483081818, 0.9921424388885498, -0.048199065029621124, 0.23263032734394073, 0.07418179512023926, 0.9697321057319641),
            ["HumanoidRootPart"] = CFrame.new(0, 0, 0, 1, 0, 0, 0, 1, 0, 0, 0, 1),
            ["RightUpperLeg"] = CFrame.new(-2.9802322387695312e-08, -1.2293457984924316e-07, 1.1343217920511961e-08, 0.9106082916259766, -0.05787491798400879, -0.40919798612594604, -0.2401876151561737, 0.7316358685493469, -0.6379803419113159, 0.3363070785999298, 0.6792344450950623, 0.6523328423500061),
            ["LeftUpperArm"] = CFrame.new(0.05568134784698486, 0.033365726470947266, -0.01621021330356598, 0.48482954502105713, 0.38117408752441406, -0.7871764302253723, -0.4154401123523712, 0.8923829793930054, 0.17624469101428986, 0.7696426510810852, 0.2415759265422821, 0.5910086035728455),
            ["RightLowerArm"] = CFrame.new(1.7881393432617188e-07, 0, -0.0000036284327507019043, 1, -0.000018921684386441484, -0.000004245434865879361, 0.00001889746999950148, 0.9999971985816956, -0.002373793162405491, 0.0000043064364945166744, 0.002373692113906145, 0.9999972581863403),
            ["LeftHand"] = CFrame.new(-0.0000014603137969970703, -0.0000013113021850585938, 9.685754776000977e-08, 0.35668328404426575, 0.7776868343353271, -0.5176674723625183, -0.9329066872596741, 0.2670677602291107, -0.24157825112342834, -0.04961998760700226, 0.569102942943573, 0.8207681179046631),
