return {
    ["Newark Dance"] = {
        {Time = 0.000, Data = {
            ["LeftFoot"] = CFrame.new(-1.1688098311424255e-07, 0, 8.940696716308594e-08, 0.9789028167724609, 0.028386924415826797, 0.2023451179265976, 0.05821055918931961, 0.9105201959609985, -0.4093468487262726, -0.1958593875169754, 0.412489116191864, 0.8896582126617432),
            ["LeftLowerArm"] = CFrame.new(6.854534149169922e-07, -8.940696716308594e-07, 0.0000046193599700927734, 1, 1.341104507446289e-07, 1.4901161193847656e-08, 1.3411047916633834e-07, -0.8485234975814819, -0.5291579365730286, -2.2351747119842003e-08, 0.5291577577590942, -0.8485234379768372),
            ["LowerTorso"] = CFrame.new(-0.12383467704057693, -0.21681952476501465, -0.2600107789039612, 1, -2.2727160597924012e-08, -6.520202333604175e-08, 1.9851889021538227e-08, 0.9990419745445251, -0.04376363381743431, 6.613417724565807e-08, 0.04376363381743431, 0.9990419149398804),
            ["Head"] = CFrame.new(-1.3387762010097504e-08, -0.000001430511474609375, -7.513153832405806e-08, 0.9999242424964905, -0.001534339739009738, 0.012214966118335724, 0.0028605598490685225, 0.9940037131309509, -0.10930991917848587, -0.01197399478405714, 0.10933645069599152, 0.9939327239990234),
            ["RightUpperArm"] = CFrame.new(-0.02920246124267578, -0.02388596534729004, 0.0649661123752594, 0.25914663076400757, -0.17104177176952362, 0.9505723714828491, 0.9540656208992004, 0.19852979481220245, -0.22437630593776703, -0.15033920109272003, 0.9650547504425049, 0.21463333070278168),
            ["UpperTorso"] = CFrame.new(5.603180142088604e-09, 2.384185791015625e-07, 6.022833787255877e-08, 0.9999953508377075, -0.0026567508466541767, 0.0015243957750499249, 0.002463818760588765, 0.9933617115020752, 0.1150064468383789, -0.0018198206089437008, -0.11500213295221329, 0.993363618850708),
            ["HumanoidRootPart"] = CFrame.new(0, 0, 0, 1, 0, 0, 0, 1, 0, 0, 0, 1),
            ["RightHand"] = CFrame.new(-1.4901161193847656e-08, 5.364418029785156e-07, -7.301568984985352e-07, 0.7676931619644165, -0.5579668283462524, -0.315152645111084, 0.34974080324172974, 0.7769080996513367, -0.5235406756401062, 0.5369623303413391, 0.2916966676712036, 0.7915706634521484),
            ["LeftUpperArm"] = CFrame.new(0.029202282428741455, -0.023888111114501953, 0.06496518105268478, 0.1858593225479126, 0.2889067828655243, -0.9391428828239441, -0.9638882875442505, 0.2391352653503418, -0.11719168722629547, 0.1907246857881546, 0.9270098805427551, 0.3229193091392517),
            ["RightLowerArm"] = CFrame.new(0.0000012218952178955078, 1.7881393432617188e-07, -0.0000041835010051727295, 1, 0.000016108155250549316, 0.000010602176189422607, 0.000018768012523651123, -0.9379966259002686, -0.3466445207595825, 0.000004369765520095825, 0.3466445505619049, -0.9379966259002686),
            ["LeftHand"] = CFrame.new(-0.0000012069940567016602, -7.152557373046875e-07, 3.2782554626464844e-07, 0.8025151491165161, 0.5270090103149414, 0.2797008454799652, -0.15941819548606873, 0.6411604881286621, -0.7506656050682068, -0.5749394297599792, 0.5578305125236511, 0.5985556244850159),
            ["RightUpperLeg"] = CFrame.new(-2.9802322387695312e-08, -9.930514011102787e-08, 7.211201591417193e-08, 0.9877484440803528, -0.08715832233428955, -0.12944714725017548, 0.0065446048974990845, 0.8519034385681152, -0.5236582159996033, 0.15591762959957123, 0.5163952112197876, 0.8420365452766418),
            ["LeftUpperLeg"] = CFrame.new(0, -1.2044610286920943e-07, 4.665230335376691e-08, 0.9854548573493958, 0.06676431000232697, 0.15627354383468628, 0.021027464419603348, 0.8646194934844971, -0.5019872784614563, -0.16863197088241577, 0.497971773147583, 0.8506393432617188),
            ["RightLowerLeg"] = CFrame.new(2.5320332497358322e-08, -0.0007262825965881348, 0.000046146866225171834, 1, 1.359731243155693e-07, -2.387242226120634e-08, -4.714821244533596e-08, 0.5480344891548157, 0.8364555239677429, 1.3168029511234636e-07, -0.8364557027816772, 0.5480347871780396),
            ["RightFoot"] = CFrame.new(1.0181975085288286e-07, 0, 6.502523319795728e-08, 0.9834477305412292, -0.0002853972546290606, -0.18119218945503235, -0.06969765573740005, 0.9224609732627869, -0.379747211933136, 0.16725116968154907, 0.3860901892185211, 0.9071722626686096),
            ["LeftLowerLeg"] = CFrame.new(4.470348358154297e-08, -0.0007268190383911133, 0.00008093565702438354, 1, 3.576278118089249e-07, 1.3783566998881724e-07, -3.03611159324646e-07, 0.5448735356330872, 0.8385184407234192, 2.430751919746399e-07, -0.8385182619094849, 0.5448732972145081),
        }},
        {Time = 0.033, Data = {
            ["LeftFoot"] = CFrame.new(-5.494803190231323e-08, -1.1920928955078125e-07, -2.2351741790771484e-08, 0.9770196676254272, 0.03183041885495186, 0.2107594758272171, 0.06624963879585266, 0.8944652676582336, -0.4422025978565216, -0.20259259641170502, 0.44600316882133484, 0.8718012571334839),
            ["LeftLowerArm"] = CFrame.new(3.5762786865234375e-07, -0.0000010132789611816406, 0.000004500150680541992, 1, 1.4156103134155273e-07, -1.4901159417490817e-08, 1.266598985694145e-07, -0.858526349067688, -0.5127695202827454, -6.705523958316917e-08, 0.5127695798873901, -0.858526349067688),
            ["LowerTorso"] = CFrame.new(-0.12753327190876007, -0.25797367095947266, -0.25394630432128906, 0.9999998211860657, 0.00044844477088190615, 0.00041595514630898833, -0.000432708824519068, 0.9993119239807129, -0.03708909451961517, -0.0004323013126850128, 0.03708890825510025, 0.9993118643760681),
            ["Head"] = CFrame.new(8.96397978067398e-09, -9.5367431640625e-07, -9.74978320300579e-10, 0.9999260306358337, -0.0022890008985996246, 0.011946997605264187, 0.003528220346197486, 0.9944913387298584, -0.10476017743349075, -0.011641386896371841, 0.10479447990655899, 0.9944257736206055),
            ["RightUpperArm"] = CFrame.new(-0.02920246124267578, -0.023885488510131836, 0.06496615707874298, 0.19679369032382965, -0.47953206300735474, 0.8551732897758484, 0.9804419279098511, 0.09844207018613815, -0.1704200804233551, -0.002463111886754632, 0.8719852566719055, 0.48952609300613403),
            ["UpperTorso"] = CFrame.new(1.9441358745098114e-08, -3.5762786865234375e-07, 1.4577381080016494e-08, 0.9999939203262329, -0.003230985952541232, 0.0013490071287378669, 0.0030648293904960155, 0.9940453171730042, 0.1089247465133667, -0.0016929093981161714, -0.10891994833946228, 0.9940491318702698),
            ["HumanoidRootPart"] = CFrame.new(0, 0, 0, 1, 0, 0, 0, 1, 0, 0, 0, 1),
            ["RightHand"] = CFrame.new(6.742775440216064e-07, 6.556510925292969e-07, -8.642673492431641e-07, 0.7737569808959961, -0.5114650130271912, -0.37377095222473145, 0.24689500033855438, 0.7868475317955017, -0.5656089782714844, 0.5833892822265625, 0.34536147117614746, 0.7351067066192627),
            ["LeftUpperArm"] = CFrame.new(0.029202401638031006, -0.02388787269592285, 0.06496521830558777, 0.13797153532505035, 0.5806841850280762, -0.8023527264595032, -0.9890404343605042, 0.12377007305622101, -0.08049845695495605, 0.05256301164627075, 0.804665744304657, 0.5913968086242676),
            ["RightLowerArm"] = CFrame.new(0.0000016689300537109375, 2.384185791015625e-07, -0.0000035837292671203613, 1, 0.000016149133443832397, 0.000010583548828435596, 0.00001879781484603882, -0.9390916228294373, -0.3436669111251831, 0.000004392117261886597, 0.3436669409275055, -0.9390915632247925),
            ["LeftHand"] = CFrame.new(-0.00000155717134475708, -7.152557373046875e-07, 3.285822458565235e-07, 0.8128249049186707, 0.47838282585144043, 0.3323659896850586, -0.06361234188079834, 0.640060305595398, -0.7656866312026978, -0.5790243744850159, 0.6012259721755981, 0.5506877303123474),
            ["RightUpperLeg"] = CFrame.new(0, -3.6263372749090195e-07, 3.963214112445712e-08, 0.9893714785575867, -0.09017293155193329, -0.11407459527254105, 0.008135221898555756, 0.8175978064537048, -0.5757324695587158, 0.14518259465694427, 0.5686851143836975, 0.809641420841217),
            ["LeftUpperLeg"] = CFrame.new(0, -1.57160684466362e-07, 2.5727786123752594e-08, 0.9868158102035522, 0.06678182631731033, 0.14742745459079742, 0.026353273540735245, 0.8324458003044128, -0.5534794330596924, -0.15968771278858185, 0.5500674843788147, 0.8197106719017029),
            ["RightLowerLeg"] = CFrame.new(-4.400499165058136e-08, -0.0007265210151672363, 0.0000460425580968149, 1, -4.819594323635101e-08, -9.225916386412791e-08, 1.2002415417100565e-07, 0.46849432587623596, 0.8834664225578308, 3.841704288021219e-09, -0.8834665417671204, 0.4684946835041046),
            ["RightFoot"] = CFrame.new(1.9487924873828888e-07, -5.960464477539063e-08, -1.6931153368204832e-08, 0.9813492298126221, 0.002316787140443921, -0.1922198235988617, -0.08272659033536911, 0.9076893925666809, -0.41140782833099365, 0.17352278530597687, 0.41963645815849304, 0.890951931476593),
            ["LeftLowerLeg"] = CFrame.new(-1.862645149230957e-08, -0.0007265806198120117, 0.00008103251457214355, 1, 3.5949045695815585e-07, 1.732259136133507e-07, -3.1292427138396306e-07, 0.46600764989852905, 0.884780764579773, 2.253799777918175e-07, -0.884780764579773, 0.4660074710845947),
        }},
        {Time = 0.067, Data = {
            ["LeftFoot"] = CFrame.new(-1.4901161193847656e-07, 5.960464477539063e-08, 2.2351741790771484e-08, 0.976626455783844, 0.036106545478105545, 0.21188978850841522, 0.06969275325536728, 0.879341185092926, -0.47106480598449707, -0.20333191752433777, 0.4748214781284332, 0.8562714457511902),
            ["LeftLowerArm"] = CFrame.new(0.0000011324882507324219, -8.344650268554688e-07, 0.000004298985004425049, 1, 1.2000964488834143e-07, -4.103640094399452e-09, 1.0326042598762797e-07, -0.881902813911438, -0.4714312255382538, -5.669428304599933e-08, 0.47143125534057617, -0.8819029331207275),
            ["LowerTorso"] = CFrame.new(-0.1313634216785431, -0.2994863986968994, -0.24562296271324158, 0.9999988675117493, 0.0011111593339592218, 0.0010052599245682359, -0.0010833514388650656, 0.9996280670166016, -0.02725253626704216, -0.0010351676028221846, 0.027251416817307472, 0.9996281862258911),
            ["Head"] = CFrame.new(-1.3969838619232178e-09, -7.152557373046875e-07, -1.900480128824711e-08, 0.9999286532402039, -0.004291140008717775, 0.01115410216152668, 0.0052679250948131084, 0.9960111975669861, -0.0890728235244751, -0.010727395303547382, 0.08912509679794312, 0.9959626793861389),
            ["RightUpperArm"] = CFrame.new(-0.029202401638031006, -0.023885130882263184, 0.06496615707874298, 0.0848291888833046, -0.7188525795936584, 0.6899672746658325, 0.9884573817253113, -0.02652219496667385, -0.14916004240512848, 0.12552358210086823, 0.694656491279602, 0.7083053588867188),
            ["UpperTorso"] = CFrame.new(-1.5133991837501526e-09, -6.258487701416016e-07, -1.0666553862392902e-08, 0.9999890923500061, -0.004438122268766165, 0.0014888688456267118, 0.00427111703902483, 0.9951905012130737, 0.09786532074213028, -0.001916046836413443, -0.09785788506269455, 0.9951985478401184),
            ["HumanoidRootPart"] = CFrame.new(0, 0, 0, 1, 0, 0, 0, 1, 0, 0, 0, 1),
            ["RightHand"] = CFrame.new(4.5634806156158447e-07, 7.152557373046875e-07, -8.344650268554688e-07, 0.7739446759223938, -0.5229377150535583, -0.35713714361190796, 0.27413490414619446, 0.7850614786148071, -0.5554530620574951, 0.570841372013092, 0.33198612928390503, 0.7509494423866272),
            ["LeftUpperArm"] = CFrame.new(0.029202282428741455, -0.0238875150680542, 0.06496524065732956, 0.04400284215807915, 0.7961550354957581, -0.6034904718399048, -0.9965078830718994, -0.007930499501526356, -0.08312157541513443, -0.07096365839242935, 0.6050407290458679, 0.7930259108543396),
            ["RightLowerArm"] = CFrame.new(0.0000013709068298339844, 1.1920928955078125e-07, -0.000004015862941741943, 1, 0.000016186384527827613, 0.000010512769222259521, 0.000018782917322823778, -0.9405018091201782, -0.3397885262966156, 0.000004384667590784375, 0.339788556098938, -0.940501868724823),
            ["LeftHand"] = CFrame.new(-0.0000017825223039835691, -7.748603820800781e-07, 4.377216100692749e-07, 0.8201249837875366, 0.49069079756736755, 0.29431140422821045, -0.13191916048526764, 0.6626579761505127, -0.7372118830680847, -0.5567696690559387, 0.5657801032066345, 0.608193576335907),
            ["RightUpperLeg"] = CFrame.new(2.9802322387695312e-08, -2.5753979571163654e-07, -1.6974809113889933e-08, 0.9900141954421997, -0.0955156534910202, -0.10367637127637863, 0.009474312886595726, 0.7788803577423096, -0.6271011829376221, 0.1406494677066803, 0.6198565363883972, 0.772007405757904),
            ["LeftUpperLeg"] = CFrame.new(8.940696716308594e-08, -4.913308657705784e-07, -1.5133991837501526e-08, 0.9869289398193359, 0.06955046206712723, 0.14537549018859863, 0.032888639718294144, 0.796170175075531, -0.6041783094406128, -0.1577645242214203, 0.6010623574256897, 0.7834759950637817),
            ["RightLowerLeg"] = CFrame.new(-5.634501576423645e-08, -0.0007265806198120117, 0.00004605745925800875, 1, -1.8626458597736928e-08, -6.845225186680182e-08, 8.684583008289337e-08, 0.39045217633247375, 0.9206231832504272, 3.958120942115784e-08, -0.9206233620643616, 0.39045247435569763),
            ["RightFoot"] = CFrame.new(1.708976924419403e-07, -5.960464477539063e-08, -2.8107024263590574e-08, 0.980333149433136, 0.004565125331282616, -0.19729703664779663, -0.09246987849473953, 0.8938217759132385, -0.43878456950187683, 0.17434531450271606, 0.4483990967273712, 0.8766653537750244),
            ["LeftLowerLeg"] = CFrame.new(2.9802322387695312e-08, -0.0007268786430358887, 0.00008101016283035278, 1, 1.4156103134155273e-07, 4.0978196835794733e-08, -1.0617077350616455e-07, 0.3888983130455017, 0.9212807416915894, 9.685754776000977e-08, -0.9212807416915894, 0.38889825344085693),
        }},
        {Time = 0.100, Data = {
            ["LeftFoot"] = CFrame.new(-2.8870999813079834e-08, -5.960464477539063e-08, 3.725290298461914e-08, 0.9768337607383728, 0.04042370244860649, 0.21014700829982758, 0.06763138622045517, 0.8733524084091187, -0.48237064480781555, -0.20303167402744293, 0.48540860414505005, 0.8503863215446472),
            ["LeftLowerArm"] = CFrame.new(6.854534149169922e-07, -7.152557373046875e-07, 0.00000449642539024353, 1, 1.1059456994644279e-07, 2.3283064365386963e-10, 1.0803348260424173e-07, -0.9139721989631653, -0.40577685832977295, -4.47035120032524e-08, 0.4057769775390625, -0.9139722585678101),
            ["LowerTorso"] = CFrame.new(-0.13527390360832214, -0.3214374780654907, -0.23608732223510742, 0.9999968409538269, 0.0018957738066092134, 0.001648619887419045, -0.0018696532351896167, 0.9998749494552612, -0.015703752636909485, -0.0016781843733042479, 0.01570061966776848, 0.9998753666877747),
            ["Head"] = CFrame.new(-1.6298145055770874e-09, -0.0000010728836059570312, -3.841705620288849e-08, 0.9999256134033203, -0.007234843913465738, 0.009828914888203144, 0.007853780873119831, 0.9978891611099243, -0.0644640102982521, -0.00934178102761507, 0.06453629583120346, 0.9978716969490051),
            ["RightUpperArm"] = CFrame.new(-0.029202401638031006, -0.023885726928710938, 0.06496614962816238, -0.02108823135495186, -0.8413397669792175, 0.5400951504707336, 0.9789491891860962, -0.12707115709781647, -0.159723162651062, 0.2030119001865387, 0.5253574252128601, 0.8263086080551147),
            ["UpperTorso"] = CFrame.new(2.3283064365386963e-10, -3.8743019104003906e-07, -2.0911102183163166e-08, 0.9999793767929077, -0.006109264213591814, 0.0019659046083688736, 0.005923949182033539, 0.99649578332901, 0.08343380689620972, -0.002468734048306942, -0.08342044800519943, 0.9965114593505859),
            ["HumanoidRootPart"] = CFrame.new(0, 0, 0, 1, 0, 0, 0, 1, 0, 0, 0, 1),
            ["RightHand"] = CFrame.new(1.1920928955078125e-07, 5.960464477539062e-07, -7.897615432739258e-07, 0.7759407162666321, -0.5665315985679626, -0.27741509675979614, 0.3546658456325531, 0.7554980516433716, -0.5508488416671753, 0.5216591954231262, 0.329036146402359, 0.7871508002281189),
            ["LeftUpperArm"] = CFrame.new(0.02920222282409668, -0.0238877534866333, 0.06496523320674896, -0.04636068269610405, 0.8992325663566589, -0.4350075423717499, -0.9878462553024292, -0.10594756156206131, -0.11373192816972733, -0.14835938811302185, 0.4244478940963745, 0.8932152986526489),
            ["RightLowerArm"] = CFrame.new(0.000001430511474609375, 3.5762786865234375e-07, -0.000003874301910400391, 1, 0.000016164034605026245, 0.000010507181286811829, 0.000018797818484017625, -0.940501868724823, -0.339788556098938, 0.000004397706106828991, 0.3397885262966156, -0.940501868724823),
            ["LeftHand"] = CFrame.new(-0.0000013783574104309082, -5.960464477539062e-07, 2.812594175338745e-07, 0.8257222175598145, 0.5290132761001587, 0.19577911496162415, -0.26770853996276855, 0.6730219721794128, -0.6894731521606445, -0.49650275707244873, 0.516900897026062, 0.697350263595581),
            ["RightUpperLeg"] = CFrame.new(-5.960464477539063e-08, -3.709574230015278e-07, 9.305949788540602e-09, 0.9902532696723938, -0.09955053776502609, -0.09740741550922394, 0.010652539320290089, 0.7514573335647583, -0.6596958637237549, 0.13887053728103638, 0.6522282361984253, 0.745193362236023),
            ["LeftUpperLeg"] = CFrame.new(8.940696716308594e-08, -4.704343155026436e-07, 6.05359673500061e-09, 0.9865542054176331, 0.07067497074604034, 0.14736361801624298, 0.0397842600941658, 0.7706924676895142, -0.6359642148017883, -0.1585187464952469, 0.6332758665084839, 0.7575179934501648),
            ["RightLowerLeg"] = CFrame.new(3.67872416973114e-08, -0.0007264614105224609, 0.00004602020635502413, 1, 1.550652228843319e-07, 4.121103458487596e-08, -6.565824151039124e-08, 0.35063251852989197, 0.9365130662918091, 1.4388933777809143e-07, -0.9365131258964539, 0.3506326973438263),
            ["RightFoot"] = CFrame.new(1.284060999751091e-07, -5.960464477539063e-08, 4.267349140718579e-08, 0.9798266887664795, 0.0066187018528580666, -0.19973939657211304, -0.09743098169565201, 0.8884516954421997, -0.44850945472717285, 0.17449034750461578, 0.4589223563671112, 0.8711735606193542),
            ["LeftLowerLeg"] = CFrame.new(5.587935447692871e-08, -0.0007265210151672363, 0.00008098781108856201, 1, 3.6507850609268644e-07, 2.10478958706517e-07, -3.27825517842939e-07, 0.35020148754119873, 0.9366744160652161, 2.9057261485831987e-07, -0.9366744756698608, 0.3502015769481659),
        }},
        {Time = 0.133, Data = {
            ["LeftFoot"] = CFrame.new(-6.984919309616089e-08, 0, -7.450580596923828e-09, 0.9772048592567444, 0.04445545747876167, 0.20759230852127075, 0.06233001872897148, 0.8746591806411743, -0.48071426153182983, -0.20294290781021118, 0.48269563913345337, 0.8519502878189087),
            ["LeftLowerArm"] = CFrame.new(8.344650268554688e-07, -8.344650268554688e-07, 0.000004589557647705078, 1, 1.1594960369620821e-07, -8.614734703371596e-09, 9.685760460342863e-08, -0.9477903246879578, -0.31889408826828003, -4.47035120032524e-08, 0.31889408826828003, -0.9477903842926025),
            ["LowerTorso"] = CFrame.new(-0.13921639323234558, -0.32634973526000977, -0.22638045251369476, 0.9999938607215881, 0.002713715424761176, 0.0022236721124500036, -0.0027050450444221497, 0.999988853931427, -0.003892875276505947, -0.0022342114243656397, 0.0038868356496095657, 0.9999899864196777),
            ["Head"] = CFrame.new(1.9441358745098114e-08, -4.76837158203125e-07, -4.039611667394638e-08, 0.9999106526374817, -0.010698633268475533, 0.008021559566259384, 0.010967661626636982, 0.9993520975112915, -0.034279223531484604, -0.007649623788893223, 0.034364040940999985, 0.9993801116943359),
            ["RightUpperArm"] = CFrame.new(-0.029202282428741455, -0.023884892463684082, 0.06496613472700119, -0.06605295091867447, -0.8745277523994446, 0.4804561734199524, 0.9693032503128052, -0.17052239179611206, -0.17712587118148804, 0.2368299663066864, 0.454008013010025, 0.8589460849761963),
            ["UpperTorso"] = CFrame.new(1.979060471057892e-09, 2.980232238769531e-07, -5.3551048040390015e-09, 0.9999640583992004, -0.008025065995752811, 0.0027575246058404446, 0.007820663042366505, 0.9976885318756104, 0.06750167161226273, -0.0032928551081568003, -0.06747767329216003, 0.997715413570404),
            ["HumanoidRootPart"] = CFrame.new(0, 0, 0, 1, 0, 0, 0, 1, 0, 0, 0, 1),
            ["RightHand"] = CFrame.new(3.986060619354248e-07, 8.344650268554688e-07, -7.301568984985352e-07, 0.7622473835945129, -0.6340248584747314, -0.13035476207733154, 0.48435187339782715, 0.6922850012779236, -0.5349241495132446, 0.4293975532054901, 0.34460684657096863, 0.8347837328910828),
            ["LeftUpperArm"] = CFrame.new(0.02920222282409668, -0.023886919021606445, 0.06496522575616837, -0.08194874972105026, 0.9256181120872498, -0.36948028206825256, -0.9797094464302063, -0.1428530216217041, -0.1405794769525528, -0.1829042285680771, 0.35046297311782837, 0.9185433983802795),
            ["RightLowerArm"] = CFrame.new(8.642673492431641e-07, 3.5762786865234375e-07, -0.0000037550926208496094, 1, 0.000016171481547644362, 0.00001051090657711029, 0.000018801541955326684, -0.940501868724823, -0.3397885859012604, 0.000004407018877827795, 0.339788556098938, -0.940501868724823),
            ["LeftHand"] = CFrame.new(-0.0000015683472156524658, -8.940696716308594e-07, 3.0547380447387695e-07, 0.8114757537841797, 0.5825274586677551, 0.04659172520041466, -0.4413163661956787, 0.6631208658218384, -0.6045733690261841, -0.3830757439136505, 0.4700346887111664, 0.7951857447624207),
            ["RightUpperLeg"] = CFrame.new(-2.9802322387695312e-08, -9.12696123123169e-08, 4.241883289068937e-09, 0.9903629422187805, -0.10205342620611191, -0.09362945705652237, 0.011795392259955406, 0.7357361316680908, -0.6771658062934875, 0.13799361884593964, 0.6695353388786316, 0.7298493385314941),
            ["LeftUpperLeg"] = CFrame.new(8.940696716308594e-08, 1.00000761449337e-07, -5.3551048040390015e-09, 0.9860172271728516, 0.0698757991194725, 0.15128570795059204, 0.04650034382939339, 0.756411612033844, -0.6524410247802734, -0.16002407670021057, 0.650352954864502, 0.7425855994224548),
            ["RightLowerLeg"] = CFrame.new(-4.563480615615845e-08, -0.0007262229919433594, 0.00004612451448338106, 1, -6.519259798665189e-09, -4.842880230171431e-08, 8.521602268274364e-08, 0.3425880968570709, 0.9394856095314026, 4.5169151974278066e-08, -0.9394857287406921, 0.34258848428726196),
            ["RightFoot"] = CFrame.new(1.1199153959751129e-07, 0, -2.8107024263590574e-08, 0.9795022010803223, 0.008578996174037457, -0.201250821352005, -0.09928412735462189, 0.889864981174469, -0.44528964161872864, 0.17526589334011078, 0.456143319606781, 0.8724765181541443),
            ["LeftLowerLeg"] = CFrame.new(0, -0.0007268190383911133, 0.00008106231689453125, 1, 1.1548398504146462e-07, 3.3527616238870905e-08, -7.450581307466564e-08, 0.34337395429611206, 0.9391987919807434, 6.519258732851085e-08, -0.9391987323760986, 0.3433740437030792),
        }},
        {Time = 0.167, Data = {
            ["LeftFoot"] = CFrame.new(-5.8673322200775146e-08, 1.1920928955078125e-07, 2.9802322387695312e-08, 0.9776806831359863, 0.048273008316755295, 0.2044755220413208, 0.05457116290926933, 0.8814939260482788, -0.4690316319465637, -0.20288556814193726, 0.46972134709358215, 0.8591850996017456),
            ["LeftLowerArm"] = CFrame.new(4.76837158203125e-07, -7.152557373046875e-07, 0.000004634261131286621, 1, 1.1036166114308799e-07, -1.746230005039706e-08, 8.195645762043569e-08, -0.9490923285484314, -0.31499817967414856, -5.215410681103094e-08, 0.3149981200695038, -0.9490923285484314),
            ["LowerTorso"] = CFrame.new(-0.14411018788814545, -0.3144698143005371, -0.22008340060710907, 0.9999906420707703, 0.003481441643089056, 0.0026041404344141483, -0.0034989072009921074, 0.9999712705612183, 0.006732490845024586, -0.0025806271005421877, -0.006741540972143412, 0.9999739527702332),
            ["Head"] = CFrame.new(5.3551048040390015e-09, -8.344650268554688e-07, -1.0593794286251068e-08, 0.9998816251754761, -0.014211444184184074, 0.0058991070836782455, 0.014226552098989487, 0.9998956322669983, -0.002528504002839327, -0.0058625563979148865, 0.0026119882240891457, 0.9999794363975525),
            ["RightUpperArm"] = CFrame.new(-0.02920246124267578, -0.023885369300842285, 0.06496616452932358, -0.034727949649095535, -0.8720981478691101, 0.48809725046157837, 0.9681666493415833, -0.15049587190151215, -0.20001088082790375, 0.24788574874401093, 0.4656134843826294, 0.8495627641677856),
            ["UpperTorso"] = CFrame.new(-2.1187588572502136e-08, 5.960464477539063e-08, 1.4202669262886047e-08, 0.9999433755874634, -0.009937495924532413, 0.0038135964423418045, 0.009725424461066723, 0.9985948204994202, 0.05209386721253395, -0.004325920715928078, -0.0520537830889225, 0.998634934425354),
            ["HumanoidRootPart"] = CFrame.new(0, 0, 0, 1, 0, 0, 0, 1, 0, 0, 0, 1),
            ["RightHand"] = CFrame.new(5.960464477539062e-07, 5.960464477539062e-07, -7.82310962677002e-07, 0.6803671717643738, -0.7236388921737671, 0.11596915125846863, 0.6818939447402954, 0.5670796036720276, -0.46199604868888855, 0.26855432987213135, 0.39340510964393616, 0.8792672157287598),
            ["LeftUpperArm"] = CFrame.new(0.029202282428741455, -0.0238877534866333, 0.06496521085500717, -0.04564841464161873, 0.927827775478363, -0.3702053427696228, -0.9806602597236633, -0.11222624033689499, -0.16034622490406036, -0.1903204470872879, 0.35572609305381775, 0.9150065779685974),
            ["RightLowerArm"] = CFrame.new(0.0000012814998626708984, 2.384185791015625e-07, -0.0000037550926208496094, 1, 0.000016180792954401113, 0.00001049693764798576, 0.00001879037154139951, -0.940501868724823, -0.33978864550590515, 0.0000043846680455317255, 0.33978861570358276, -0.9405019283294678),
            ["LeftHand"] = CFrame.new(-0.0000018253922462463379, -5.960464477539062e-07, 3.0174851417541504e-07, 0.7332364916801453, 0.655174970626831, -0.18196895718574524, -0.6318812966346741, 0.5576699376106262, -0.5382637977600098, -0.25117796659469604, 0.5096569061279297, 0.8228970170021057),
            ["RightUpperLeg"] = CFrame.new(0, -1.2887176126241684e-07, 2.1762389224022627e-08, 0.9904270768165588, -0.10327033698558807, -0.09159459173679352, 0.013898763805627823, 0.7347841262817383, -0.6781588792800903, 0.1373359113931656, 0.6703935861587524, 0.7291852235794067),
            ["LeftUpperLeg"] = CFrame.new(-2.9802322387695312e-08, 9.266659617424011e-08, 4.7963112592697144e-08, 0.9853392243385315, 0.06658299267292023, 0.15707793831825256, 0.05281434953212738, 0.7564291954040527, -0.651939868927002, -0.16222642362117767, 0.6506778001785278, 0.7418227195739746),
            ["RightLowerLeg"] = CFrame.new(2.421438694000244e-08, -0.0007263422012329102, 0.00004620274557964876, 1, 1.555309410150585e-07, 1.4435505235610435e-08, -6.33299421792799e-08, 0.3650195896625519, 0.9309998750686646, 1.457519971381771e-07, -0.9309998154640198, 0.3650195896625519),
            ["RightFoot"] = CFrame.new(1.6135163605213165e-07, 1.1920928955078125e-07, -2.438173396512866e-08, 0.9792430996894836, 0.011357315815985203, -0.20237098634243011, -0.0996287614107132, 0.8964609503746033, -0.4317779541015625, 0.1765139400959015, 0.44297733902931213, 0.8789845108985901),
            ["LeftLowerLeg"] = CFrame.new(2.2351741790771484e-08, -0.0007268786430358887, 0.0000809207558631897, 1, 3.725290653733282e-08, 2.607702498380604e-08, -3.725290298461914e-08, 0.3671468496322632, 0.9301630854606628, 3.3527612686157227e-08, -0.9301630258560181, 0.36714649200439453),
        }},
        {Time = 0.200, Data = {
            ["LeftFoot"] = CFrame.new(-7.916241884231567e-08, 0, -4.470348358154297e-08, 0.977792501449585, 0.0510462261736393, 0.20326387882232666, 0.025994688272476196, 0.9328535795211792, -0.35931655764579773, -0.20795713365077972, 0.35662102699279785, 0.9108103513717651),
            ["LeftLowerArm"] = CFrame.new(8.940696716308594e-07, -9.5367431640625e-07, 0.000004589557647705078, 1, 1.1175858816159234e-07, -1.3969836398786128e-09, 1.0244556847283093e-07, -0.9490923285484314, -0.3149981200695038, -5.401675551297558e-08, 0.3149981200695038, -0.9490923881530762),
            ["LowerTorso"] = CFrame.new(-0.14895056188106537, -0.2745487689971924, -0.21566933393478394, 0.9999880790710449, 0.004118886776268482, 0.002660192549228668, -0.004157633986324072, 0.9998829364776611, 0.014728005975484848, -0.0025992183946073055, -0.014738890342414379, 0.999888002872467),
            ["Head"] = CFrame.new(2.0256265997886658e-08, -7.152557373046875e-07, -6.007030606269836e-08, 0.9998425841331482, -0.017346270382404327, 0.0037441265303641558, 0.01723952405154705, 0.9994901418685913, 0.02687503583729267, -0.0042083971202373505, -0.026806317269802094, 0.9996318221092224),
            ["RightUpperArm"] = CFrame.new(-0.029202401638031006, -0.023884892463684082, 0.06496616452932358, 0.06291872262954712, -0.859189510345459, 0.507774293422699, 0.9674493074417114, -0.07245241850614548, -0.24247202277183533, 0.24511882662773132, 0.5065018534660339, 0.826663613319397),
            ["UpperTorso"] = CFrame.new(-4.720641300082207e-08, -2.9802322387695312e-08, 1.603621058166027e-08, 0.9999197721481323, -0.011602192185819149, 0.00508351344615221, 0.011394094675779343, 0.999165952205658, 0.03921256214380264, -0.005534228403121233, -0.039151500910520554, 0.9992180466651917),
            ["HumanoidRootPart"] = CFrame.new(0, 0, 0, 1, 0, 0, 0, 1, 0, 0, 0, 1),
            ["RightHand"] = CFrame.new(6.034970283508301e-07, 5.960464477539062e-07, -8.046627044677734e-07, 0.5359643697738647, -0.7763750553131104, 0.3316410183906555, 0.8358306288719177, 0.4326590299606323, -0.33792343735694885, 0.11886778473854065, 0.4583098590373993, 0.8808075785636902),
            ["LeftUpperArm"] = CFrame.new(0.029202282428741455, -0.023887276649475098, 0.06496521830558777, 0.055460911244153976, 0.9264185428619385, -0.3723881244659424, -0.9824944734573364, -0.015795370563864708, -0.18562136590480804, -0.17784500122070312, 0.37616395950317383, 0.9093250036239624),
            ["RightLowerArm"] = CFrame.new(0.000001430511474609375, 1.7881393432617188e-07, -0.000003725290298461914, 1, 0.000016188241716008633, 0.00001052580864779884, 0.000018794098650687374, -0.940501868724823, -0.33978864550590515, 0.00000440888334196643, 0.33978864550590515, -0.9405019283294678),
            ["LeftHand"] = CFrame.new(-0.000001430511474609375, -5.960464477539062e-07, 3.427267074584961e-07, 0.612822413444519, 0.6995657682418823, -0.3675048053264618, -0.7769747376441956, 0.4486270844936371, -0.4416351020336151, -0.1440800130367279, 0.5561847686767578, 0.8184734582901001),
            ["RightUpperLeg"] = CFrame.new(-2.9802322387695312e-08, -9.976793080568314e-08, 1.384614733979106e-08, 0.9909800887107849, -0.11537261307239532, -0.06817440688610077, 0.032622747123241425, 0.7011137008666992, -0.7123030424118042, 0.1299782693386078, 0.703653872013092, 0.698553204536438),
            ["LeftUpperLeg"] = CFrame.new(0, -1.9348226487636566e-07, 1.2689270079135895e-08, 0.986674427986145, 0.0773831307888031, 0.14312756061553955, 0.04371568560600281, 0.721238911151886, -0.6913056373596191, -0.15672451257705688, 0.6883504390716553, 0.708245038986206),
            ["RightLowerLeg"] = CFrame.new(5.587935447692871e-08, -0.0007265806198120117, 0.00004631264164345339, 1, 2.421439049271612e-08, -5.774202094244174e-08, 4.6566135836201283e-08, 0.3187788426876068, 0.9478290677070618, 4.284084198502569e-08, -0.9478291869163513, 0.31877925992012024),
            ["RightFoot"] = CFrame.new(1.4062970876693726e-07, -1.1920928955078125e-07, -3.183231456205249e-08, 0.9779835343360901, 0.018190238624811172, -0.20788806676864624, -0.09374792128801346, 0.928308367729187, -0.3597983419895172, 0.1864393800497055, 0.3713661730289459, 0.9095755815505981),
            ["LeftLowerLeg"] = CFrame.new(6.332993507385254e-08, -0.0007268786430358887, 0.00008102506399154663, 1, 3.0547371920874866e-07, 1.5646214990283625e-07, -2.458691312767769e-07, 0.32011300325393677, 0.9473792910575867, 2.0489093799369584e-07, -0.9473794102668762, 0.3201131820678711),
        }},
        {Time = 0.233, Data = {
            ["LeftFoot"] = CFrame.new(-6.472691893577576e-08, -1.1920928955078125e-07, 0, 0.9811199903488159, 0.02755458652973175, 0.19142699241638184, -0.01813061162829399, 0.9985437989234924, -0.05080874264240265, -0.19254817068576813, 0.04637886956334114, 0.9801909923553467),
            ["LeftLowerArm"] = CFrame.new(8.046627044677734e-07, -9.5367431640625e-07, 0.000004410743713378906, 1, 9.778879217492431e-08, -9.313224857976365e-09, 1.2293469353608089e-07, -0.9490923285484314, -0.314998060464859, -5.21541139164583e-08, 0.31499814987182617, -0.9490922689437866),
            ["LowerTorso"] = CFrame.new(-0.1536969542503357, -0.1950300931930542, -0.21415473520755768, 0.9999871253967285, 0.0045464071445167065, 0.002258861903101206, -0.0045877606607973576, 0.9998155236244202, 0.01865271106362343, -0.0021736423950642347, -0.018662836402654648, 0.9998234510421753),
            ["Head"] = CFrame.new(-1.932494342327118e-08, -9.5367431640625e-07, -3.329478204250336e-08, 0.9998024702072144, -0.019788790494203568, 0.0018900907598435879, 0.019667256623506546, 0.9985144734382629, 0.05081385001540184, -0.0028928283136337996, -0.050766721367836, 0.9987064599990845),
            ["RightUpperArm"] = CFrame.new(-0.029202401638031006, -0.023885369300842285, 0.06496613472700119, 0.21841734647750854, -0.8183233141899109, 0.5316395163536072, 0.9506803750991821, 0.055485643446445465, -0.30516907572746277, 0.22022861242294312, 0.5720736384391785, 0.790083110332489),
            ["UpperTorso"] = CFrame.new(-5.593756213784218e-08, 0, -1.2747477740049362e-08, 0.9998965859413147, -0.012807603925466537, 0.006545255426317453, 0.01260107010602951, 0.9994499087333679, 0.030677154660224915, -0.006934557110071182, -0.03059149906039238, 0.9995079040527344),
            ["HumanoidRootPart"] = CFrame.new(0, 0, 0, 1, 0, 0, 0, 1, 0, 0, 0, 1),
            ["RightHand"] = CFrame.new(-7.450580596923828e-09, 6.556510925292969e-07, -8.791685104370117e-07, 0.381099134683609, -0.791570246219635, 0.47768351435661316, 0.9244763255119324, 0.3204852044582367, -0.20647554099559784, 0.010349385440349579, 0.5202938914299011, 0.853924036026001),
            ["LeftUpperArm"] = CFrame.new(0.029202282428741455, -0.02388763427734375, 0.06496519595384598, 0.21276502311229706, 0.902424156665802, -0.37464872002601624, -0.9667592644691467, 0.13877850770950317, -0.2147493064403534, -0.14180175960063934, 0.4078863561153412, 0.9019541144371033),
            ["RightLowerArm"] = CFrame.new(2.384185791015625e-07, 0, -0.000003993511199951172, 1, 0.000016167752619367093, 0.00001051276831276482, 0.000018775475837173872, -0.940501868724823, -0.339788556098938, 0.000004418197477207286, 0.33978861570358276, -0.9405018091201782),
            ["LeftHand"] = CFrame.new(-0.0000015906989574432373, -7.152557373046875e-07, 3.3527612686157227e-07, 0.5010439157485962, 0.7189918756484985, -0.48167306184768677, -0.8619145154953003, 0.3645192086696625, -0.3524591326713562, -0.07783623784780502, 0.5917571783065796, 0.8023489713668823),
            ["RightUpperLeg"] = CFrame.new(0, -5.597248673439026e-07, -4.3146428652107716e-09, 0.9893617630004883, -0.14544540643692017, -0.002984510501846671, 0.09404079616069794, 0.6550760865211487, -0.7496877908706665, 0.11099374294281006, 0.741431713104248, 0.6617850065231323),
            ["LeftUpperLeg"] = CFrame.new(-5.960464477539063e-08, -4.735775291919708e-07, -8.96397978067398e-09, 0.9904177784919739, 0.10859805345535278, 0.08531743288040161, -0.010129665955901146, 0.6732392311096191, -0.7393553256988525, -0.1377316117286682, 0.7314064502716064, 0.6678882837295532),
            ["RightLowerLeg"] = CFrame.new(2.9802322387695312e-08, -0.0007265210151672363, 0.000045917062379885465, 1, 8.940698847936801e-08, -7.450581485102248e-09, 1.1175870895385742e-08, 0.26836803555488586, 0.9633164405822754, 9.220093488693237e-08, -0.9633165001869202, 0.26836809515953064),
            ["RightFoot"] = CFrame.new(1.8998980522155762e-07, -5.960464477539063e-08, 9.145878721028566e-09, 0.9766581654548645, 0.053760040551424026, -0.20796337723731995, -0.08780782669782639, 0.9835066795349121, -0.1581282615661621, 0.19603244960308075, 0.17269812524318695, 0.9652703404426575),
            ["LeftLowerLeg"] = CFrame.new(9.313225746154785e-09, -0.0007265210151672363, 0.00008071586489677429, 1, 5.718321745007415e-07, 3.334134817123413e-07, -4.833563593820145e-07, 0.27426061034202576, 0.9616554975509644, 4.6286726274047396e-07, -0.9616554975509644, 0.27426037192344666),
        }},
        {Time = 0.267, Data = {
            ["LeftFoot"] = CFrame.new(-7.078051567077637e-08, -1.1920928955078125e-07, -7.450580596923828e-09, 0.9881953001022339, -0.0436997152864933, 0.14683477580547333, 0.008952497504651546, 0.9732882380485535, 0.2294117510318756, -0.15293772518634796, -0.22538910806179047, 0.9621900916099548),
            ["LeftLowerArm"] = CFrame.new(7.152557373046875e-07, -0.0000010132789611816406, 0.000004589557647705078, 1, 1.3038504675932927e-07, 2.2351738238057806e-08, 1.4901175404702371e-07, -0.9490923881530762, -0.3149980902671814, -5.960470161880949e-08, 0.31499817967414856, -0.9490923285484314),
            ["LowerTorso"] = CFrame.new(-0.15830524265766144, -0.09151768684387207, -0.2165604680776596, 0.9999882578849792, 0.004679528530687094, 0.001267596846446395, -0.0047004795633256435, 0.999843418598175, 0.017062366008758545, -0.0011875542113557458, -0.01706812158226967, 0.9998537302017212),
            ["Head"] = CFrame.new(-1.0710209608078003e-08, -9.5367431640625e-07, -3.480818122625351e-08, 0.9997718930244446, -0.021349426358938217, 0.0006367705645971, 0.021258166059851646, 0.9975056052207947, 0.06731090694665909, -0.0020722344052046537, -0.06728224456310272, 0.9977319240570068),
            ["RightUpperArm"] = CFrame.new(-0.029202401638031006, -0.023885488510131836, 0.0649661272764206, 0.4100181460380554, -0.7296770215034485, 0.5472258925437927, 0.8970355987548828, 0.2140975296497345, -0.3866387605667114, 0.1649617701768875, 0.6494103074073792, 0.7423303127288818),
            ["UpperTorso"] = CFrame.new(-1.5425030142068863e-08, 1.1920928955078125e-07, 1.0826624929904938e-08, 0.9998765587806702, -0.013391975313425064, 0.008219528011977673, 0.013156640343368053, 0.9995200634002686, 0.02804732508957386, -0.00859119277447462, -0.02793569304049015, 0.9995728135108948),
            ["HumanoidRootPart"] = CFrame.new(0, 0, 0, 1, 0, 0, 0, 1, 0, 0, 0, 1),
            ["RightHand"] = CFrame.new(6.51925802230835e-07, 6.556510925292969e-07, -7.748603820800781e-07, 0.260173499584198, -0.7887020707130432, 0.5570104122161865, 0.9640679955482483, 0.24426604807376862, -0.10443473607301712, -0.05369090661406517, 0.5641658902168274, 0.8239131569862366),
            ["LeftUpperArm"] = CFrame.new(0.02920234203338623, -0.0238877534866333, 0.06496520340442657, 0.4049036204814911, 0.8339983224868774, -0.37483280897140503, -0.9108005166053772, 0.3317467272281647, -0.24573694169521332, -0.08059463649988174, 0.440898060798645, 0.8939316868782043),
            ["RightLowerArm"] = CFrame.new(0.000001430511474609375, 1.1920928955078125e-07, -0.000003933906555175781, 1, 0.000016111875083879568, 0.00001056492419593269, 0.00001876057831395883, -0.940501868724823, -0.3397887051105499, 0.000004388395609566942, 0.339788556098938, -0.940501868724823),
            ["LeftHand"] = CFrame.new(-8.642673492431641e-07, -7.748603820800781e-07, 3.501772880554199e-07, 0.392639696598053, 0.7770926356315613, -0.49189823865890503, -0.9195168614387512, 0.32124364376068115, -0.2264731526374817, -0.01797148771584034, 0.5412297248840332, 0.8406819105148315),
