return {
    ["Night Time Shuffle"] = {
        {Time = 0.000, Data = {
            ["LeftFoot"] = CFrame.new(-2.2351741790771484e-08, 1.7881393432617188e-07, 3.725290298461914e-08, 0.9777305126190186, -0.12684087455272675, -0.1671959012746811, 0.06649047881364822, 0.9428664445877075, -0.3264692723751068, 0.19905292987823486, 0.30808186531066895, 0.9303029179573059),
            ["LeftLowerArm"] = CFrame.new(7.152557373046875e-07, -1.1920928955078125e-07, -8.940696716308594e-08, 1, 1.4901162970204496e-08, 1.303851426825986e-08, 1.30385160446167e-08, 0.999771237373352, -0.02139086090028286, 1.30385160446167e-08, 0.02139085903763771, 0.9997711777687073),
            ["RightUpperArm"] = CFrame.new(-1.7881393432617188e-07, -2.384185791015625e-07, -2.0489096641540527e-08, 0.1740754246711731, -0.9790551662445068, 0.10558748990297318, 0.8878771662712097, 0.20242156088352203, 0.4131583869457245, -0.42587798833847046, 0.021827921271324158, 0.9045172929763794),
            ["Head"] = CFrame.new(6.891787052154541e-08, -4.76837158203125e-07, -8.149072527885437e-09, 0.7137082815170288, -0.018557559698820114, -0.7001972198486328, 0.15459762513637543, 0.9791696667671204, 0.13162952661514282, 0.6831691861152649, -0.202193945646286, 0.7017104029655457),
            ["LowerTorso"] = CFrame.new(0.13659918308258057, -0.15191948413848877, -0.39762625098228455, 0.9977596402168274, -0.01268862932920456, 0.0656866505742073, 0.019975537434220314, 0.9935640692710876, -0.11149630695581436, -0.06384916603565216, 0.11255864053964615, 0.9915915727615356),
            ["UpperTorso"] = CFrame.new(-5.587935447692871e-09, -4.172325134277344e-07, -1.1175870895385742e-08, 0.9993166923522949, -0.007924574427306652, -0.03610213100910187, 0.012914827093482018, 0.9900436401367188, 0.1401669979095459, 0.034631919115781784, -0.14053747057914734, 0.9894694685935974),
            ["HumanoidRootPart"] = CFrame.new(0, 0, 0, 1, 0, 0, 0, 1, 0, 0, 0, 1),
            ["LeftUpperLeg"] = CFrame.new(-1.7881393432617188e-07, -2.742744982242584e-07, -1.0989606380462646e-07, 0.9749759435653687, 0.21191377937793732, 0.06719062477350235, -0.1666332632303238, 0.8966820240020752, -0.41011562943458557, -0.1471577286720276, 0.38865670561790466, 0.909555196762085),
            ["LeftUpperArm"] = CFrame.new(0, 0, 2.421438694000244e-08, 0.29923826456069946, 0.9498916864395142, -0.09034553170204163, -0.9085381031036377, 0.31257808208465576, 0.2772245407104492, 0.2915733754634857, -0.0008738581091165543, 0.9565480947494507),
            ["RightLowerArm"] = CFrame.new(2.980232238769531e-07, -5.960464477539063e-08, 1.7881393432617188e-07, 1, 7.450582373280668e-09, 2.7939677238464355e-08, 9.313229298868464e-09, 1, 3.725290298461914e-09, -9.313229298868464e-09, 7.450582373280668e-09, 1),
            ["LeftHand"] = CFrame.new(-3.725290298461914e-07, 5.960464477539062e-07, -4.470348358154297e-08, 0.9950708746910095, -0.07539275288581848, -0.06442026793956757, 0.09467656165361404, 0.9155219793319702, 0.3909679651260376, 0.029502026736736298, -0.3951399326324463, 0.918147087097168),
            ["RightFoot"] = CFrame.new(1.1920928955078125e-07, 4.172325134277344e-07, 1.6952981241047382e-09, 0.9048608541488647, 0.261547714471817, 0.33588725328445435, -0.11516737937927246, 0.9099839329719543, -0.39832860231399536, -0.40983346104621887, 0.3217484951019287, 0.8535303473472595),
            ["RightHand"] = CFrame.new(-3.5762786865234375e-07, -4.76837158203125e-07, -1.7881393432617188e-07, 0.9363682866096497, 0.1384025514125824, -0.32258227467536926, -0.0046888841316103935, 0.9238368272781372, 0.3827577829360962, 0.35098814964294434, -0.35688966512680054, 0.8657004237174988),
            ["RightLowerLeg"] = CFrame.new(1.341104507446289e-07, -0.00012230873107910156, -0.00007748713687760755, 1, -1.452863784834335e-07, -2.60770320892334e-08, 1.6763808119435453e-08, 0.7554556727409363, 0.655199408531189, -2.7939681679356454e-09, -0.6551999449729919, 0.7554560899734497),
            ["RightUpperLeg"] = CFrame.new(5.960464477539063e-08, -4.5262277126312256e-07, -1.3208045857027173e-07, 0.9557322263717651, -0.28977537155151367, -0.05105260759592056, 0.2796231806278229, 0.948488175868988, -0.14893287420272827, 0.09157988429069519, 0.12806440889835358, 0.9875286221504211),
            ["LeftLowerLeg"] = CFrame.new(1.4901161193847656e-08, 0.0001227855682373047, 0.00007729232311248779, 1, 5.587935447692871e-08, 5.960463056453591e-08, -4.470347647611561e-08, 0.6857431530952454, 0.7278435826301575, 5.960463766996327e-08, -0.727843701839447, 0.6857431530952454),
        }},
        {Time = 0.026, Data = {
            ["LeftFoot"] = CFrame.new(-1.862645149230957e-08, 1.7881393432617188e-07, -7.450580596923828e-08, 0.9886916279792786, -0.13925307989120483, -0.05565475672483444, 0.1184295043349266, 0.9527031183242798, -0.2798773944377899, 0.09199628233909607, 0.2701212763786316, 0.9584212303161621),
            ["LeftLowerArm"] = CFrame.new(-1.7881393432617188e-07, 5.960464477539063e-08, -9.313225746154785e-08, 1, 1.0244549208948683e-08, 3.725290298461914e-09, 3.725290742551124e-09, 0.9989728331565857, -0.045314520597457886, -2.51457130673316e-08, 0.04531453922390938, 0.9989727735519409),
            ["RightUpperArm"] = CFrame.new(0, 3.5762786865234375e-07, -3.3527612686157227e-08, 0.17974820733070374, -0.9819273948669434, 0.05923954397439957, 0.9064559936523438, 0.1887243390083313, 0.37778404355049133, -0.38213643431663513, -0.014207981526851654, 0.9239968061447144),
            ["Head"] = CFrame.new(4.6566128730773926e-08, -4.76837158203125e-07, 2.0489096641540527e-08, 0.7007438540458679, -0.005339133087545633, -0.713392972946167, 0.15751217305660248, 0.9764527082443237, 0.14741142094135284, 0.6958073973655701, -0.2156657576560974, 0.6850841641426086),
            ["LowerTorso"] = CFrame.new(0.1520761102437973, -0.13365411758422852, -0.3858477473258972, 0.9949612617492676, -0.010055775754153728, 0.09975453466176987, 0.01922038197517395, 0.9956342577934265, -0.09134084731340408, -0.09840051084756851, 0.09279792755842209, 0.990810751914978),
            ["UpperTorso"] = CFrame.new(7.450580596923828e-09, -1.4901161193847656e-07, -4.0978193283081055e-08, 0.9988886117935181, -0.015036282129585743, -0.04467262700200081, 0.020486103370785713, 0.9920507073402405, 0.12416078895330429, 0.04245057329535484, -0.12493795156478882, 0.991256058216095),
            ["HumanoidRootPart"] = CFrame.new(0, 0, 0, 1, 0, 0, 0, 1, 0, 0, 0, 1),
            ["LeftUpperLeg"] = CFrame.new(-5.960464477539063e-08, -1.8742866814136505e-07, -1.2665987014770508e-07, 0.9753366112709045, 0.21330392360687256, 0.0567455030977726, -0.17314420640468597, 0.8988252878189087, -0.40265899896621704, -0.13689304888248444, 0.3829028308391571, 0.9135895371437073),
            ["LeftUpperArm"] = CFrame.new(-2.384185791015625e-07, 2.384185791015625e-07, -2.60770320892334e-08, 0.2847842872142792, 0.9561939835548401, -0.0677567571401596, -0.9180299043655396, 0.29239553213119507, 0.2678169906139374, 0.27589672803878784, -0.014067384414374828, 0.9610844254493713),
            ["RightLowerArm"] = CFrame.new(-2.384185791015625e-07, -2.384185791015625e-07, -1.9371509552001953e-07, 1, 0, -2.1420420992512845e-08, -9.313227522511625e-09, 1, -1.3038517820973539e-08, 7.450582373280668e-09, -3.725290742551124e-09, 1),
            ["LeftHand"] = CFrame.new(-3.0547380447387695e-07, 1.7881393432617188e-07, -2.086162567138672e-07, 0.9860303401947021, -0.11062723398208618, -0.12452256679534912, 0.1514938622713089, 0.9063816666603088, 0.3943628668785095, 0.06923771649599075, -0.40771815180778503, 0.9104790091514587),
            ["RightFoot"] = CFrame.new(1.210719347000122e-08, 2.980232238769531e-07, -2.8107024263590574e-08, 0.9507272243499756, 0.2502059042453766, 0.18307162821292877, -0.15492528676986694, 0.8949003219604492, -0.41851088404655457, -0.26854434609413147, 0.36952728033065796, 0.8895692825317383),
            ["RightHand"] = CFrame.new(-1.7881393432617188e-07, -4.76837158203125e-07, 1.6391277313232422e-07, 0.9385431408882141, 0.20130589604377747, -0.2803797423839569, -0.07230296730995178, 0.9089534878730774, 0.4105799198150635, 0.3375042974948883, -0.3650747239589691, 0.8676469922065735),
            ["RightLowerLeg"] = CFrame.new(-5.774199962615967e-08, -0.0001221299171447754, -0.00007750669465167448, 1, -1.0430815677864302e-07, 0, 7.264316082000732e-08, 0.8256092071533203, 0.5642420649528503, -4.470348358154297e-08, -0.5642424821853638, 0.8256093859672546),
            ["RightUpperLeg"] = CFrame.new(5.960464477539063e-08, -2.1886080503463745e-08, -1.20904587674886e-07, 0.9703177809715271, -0.24134774506092072, -0.015319627709686756, 0.23957706987857819, 0.9679672718048096, -0.0751151517033577, 0.03295775502920151, 0.06921526044607162, 0.9970572590827942),
            ["LeftLowerLeg"] = CFrame.new(-4.470348358154297e-08, 0.0001227855682373047, 0.00007728487253189087, 1, 5.21540641784668e-08, 7.450578820566989e-09, -5.21540641784668e-08, 0.7345135807991028, 0.6785939335823059, -7.450580596923828e-09, -0.6785939931869507, 0.7345135807991028),
        }},
        {Time = 0.053, Data = {
            ["LeftFoot"] = CFrame.new(-4.0978193283081055e-08, 2.384185791015625e-07, 0, 0.984653890132904, -0.13354286551475525, 0.11235365271568298, 0.16008564829826355, 0.9475072622299194, -0.27677154541015625, -0.06949466466903687, 0.2905103862285614, 0.9543449282646179),
            ["LeftLowerArm"] = CFrame.new(2.980232238769531e-07, 5.960464477539063e-08, 6.705522537231445e-08, 1, 2.374873098176522e-08, -1.1175872671742582e-08, -2.60770320892334e-08, 0.9945459961891174, -0.10429920256137848, 1.0244548320770264e-08, 0.10429918020963669, 0.9945459961891174),
            ["RightUpperArm"] = CFrame.new(1.1920928955078125e-07, 7.152557373046875e-07, -1.4156103134155273e-07, 0.16210134327411652, -0.9861616492271423, 0.034761812537908554, 0.9039002656936646, 0.162526473402977, 0.39566344022750854, -0.3958377242088318, -0.03271639347076416, 0.917737603187561),
            ["Head"] = CFrame.new(6.332993507385254e-08, 4.76837158203125e-07, -3.818422555923462e-08, 0.6949517726898193, 0.0006539916503243148, -0.7190561294555664, 0.14779949188232422, 0.9785171151161194, 0.14373493194580078, 0.7037025094032288, -0.20616497099399567, 0.6799254417419434),
            ["LowerTorso"] = CFrame.new(0.16789662837982178, -0.12038052082061768, -0.3688957095146179, 0.9936854243278503, -0.0062665315344929695, 0.11202673614025116, 0.012368693947792053, 0.9984719753265381, -0.053858883678913116, -0.11151804774999619, 0.05490441247820854, 0.99224454164505),
            ["UpperTorso"] = CFrame.new(2.2351741790771484e-08, 2.384185791015625e-07, 9.313225746154785e-09, 0.998711347579956, -0.026764729991555214, -0.043121613562107086, 0.03076084516942501, 0.9950167536735535, 0.09484444558620453, 0.0403682142496109, -0.09604866057634354, 0.994557797908783),
            ["HumanoidRootPart"] = CFrame.new(0, 0, 0, 1, 0, 0, 0, 1, 0, 0, 0, 1),
            ["LeftUpperLeg"] = CFrame.new(-5.960464477539063e-08, 4.828907549381256e-07, 6.705522537231445e-08, 0.9671371579170227, 0.23284024000167847, 0.1021328866481781, -0.17241722345352173, 0.8958257436752319, -0.4095957279205322, -0.18686379492282867, 0.3785257935523987, 0.9065319299697876),
            ["LeftUpperArm"] = CFrame.new(-1.1920928955078125e-07, 5.960464477539062e-07, -3.3527612686157227e-08, 0.23977407813072205, 0.9688208699226379, -0.062406621873378754, -0.8909683227539062, 0.24512669444084167, 0.38221538066864014, 0.3855957090854645, -0.03604304417967796, 0.9219635725021362),
            ["RightLowerArm"] = CFrame.new(-1.7881393432617188e-07, 0, -1.1920928955078125e-07, 1, 3.7252898543727042e-09, -4.610045678532515e-08, 9.313226634333205e-09, 1, 7.450578820566989e-09, 1.0244549208948683e-08, 7.4505797087454084e-09, 1),
            ["LeftHand"] = CFrame.new(-2.086162567138672e-07, -1.1920928955078125e-07, 1.1920928955078125e-07, 0.9769346117973328, -0.1550847440958023, -0.14679060876369476, 0.19740088284015656, 0.9180433750152588, 0.343845009803772, 0.08143492788076401, -0.36489054560661316, 0.9274822473526001),
            ["RightFoot"] = CFrame.new(1.341104507446289e-07, 4.172325134277344e-07, -3.55576048605144e-08, 0.975156307220459, 0.2160530537366867, 0.04890234023332596, -0.17660002410411835, 0.8915082216262817, -0.417163610458374, -0.13372623920440674, 0.3981635868549347, 0.9075148701667786),
            ["RightHand"] = CFrame.new(-4.470348358154297e-07, -2.980232238769531e-07, 2.9802322387695312e-08, 0.9443310499191284, 0.2727089524269104, -0.1840347945690155, -0.16925883293151855, 0.8823835253715515, 0.4390340745449066, 0.2821177840232849, -0.38344401121139526, 0.8794204592704773),
            ["RightLowerLeg"] = CFrame.new(-2.2724270820617676e-07, -0.00012260675430297852, -0.0000773874853621237, 1, -7.823112468940963e-08, -2.1420413887085488e-08, 7.264316082000732e-08, 0.8458390831947327, 0.5334374904632568, 1.30385160446167e-08, -0.5334382057189941, 0.8458395600318909),
            ["RightUpperLeg"] = CFrame.new(1.1920928955078125e-07, 4.423782229423523e-08, 1.5476689441129565e-07, 0.9782350063323975, -0.20578517019748688, 0.02662256732583046, 0.20729513466358185, 0.9748936891555786, -0.0813087522983551, -0.009221957065165043, 0.08505764603614807, 0.9963333010673523),
            ["LeftLowerLeg"] = CFrame.new(2.9802322387695312e-08, 0.00012248754501342773, 0.00007749348878860474, 1, 6.705522537231445e-08, 1.862644793959589e-08, -2.9802322387695312e-08, 0.7678240537643433, 0.6406606435775757, 1.4901161193847656e-08, -0.6406608819961548, 0.767824113368988),
        }},
        {Time = 0.079, Data = {
            ["LeftFoot"] = CFrame.new(-1.1175870895385742e-08, 0, 0, 0.9626983404159546, -0.10361072421073914, 0.2499539703130722, 0.1771969348192215, 0.9395439624786377, -0.2930161952972412, -0.20448285341262817, 0.3263772428035736, 0.9228568077087402),
            ["LeftLowerArm"] = CFrame.new(-4.470348358154297e-07, 0, 3.781169652938843e-07, 1, -2.7939681679356454e-09, -4.0978193283081055e-08, 3.725290298461914e-08, 0.9808776378631592, -0.19462591409683228, -2.6542693376541138e-08, 0.19462592899799347, 0.9808775782585144),
            ["RightUpperArm"] = CFrame.new(1.1920928955078125e-07, 4.76837158203125e-07, -9.685754776000977e-08, 0.09492477029561996, -0.9953106045722961, 0.018603235483169556, 0.8457314968109131, 0.0904882401227951, 0.5258803963661194, -0.5250977873802185, -0.03418579325079918, 0.8503551483154297),
            ["Head"] = CFrame.new(5.960464477539063e-08, -8.344650268554688e-07, -4.377216100692749e-08, 0.6970937252044678, -0.0064093563705682755, -0.716951310634613, 0.12148751318454742, 0.9865564703941345, 0.10930318385362625, 0.7066123485565186, -0.1632952094078064, 0.6885011196136475),
            ["LowerTorso"] = CFrame.new(0.1783367246389389, -0.11671781539916992, -0.34621772170066833, 0.9952317476272583, -0.0033957366831600666, 0.09748032689094543, 0.003025003708899021, 0.9999877214431763, 0.0039506945759058, -0.09749253839254379, -0.0036369783338159323, 0.9952296614646912),
            ["UpperTorso"] = CFrame.new(4.656612873077393e-10, 2.384185791015625e-07, -3.073364496231079e-08, 0.9988539218902588, -0.035321418195962906, -0.03230136260390282, 0.03690814599394798, 0.998071014881134, 0.04992251098155975, 0.030475687235593796, -0.05105747655034065, 0.9982306361198425),
            ["HumanoidRootPart"] = CFrame.new(0, 0, 0, 1, 0, 0, 0, 1, 0, 0, 0, 1),
            ["LeftUpperLeg"] = CFrame.new(2.9802322387695312e-08, -6.740447133779526e-08, -3.3527612686157227e-08, 0.9324613213539124, 0.2756684124469757, 0.23350121080875397, -0.1473897099494934, 0.8803815841674805, -0.45078226923942566, -0.3298366367816925, 0.3859213590621948, 0.8615524172782898),
            ["LeftUpperArm"] = CFrame.new(-2.384185791015625e-07, 2.384185791015625e-07, -5.587935447692871e-08, 0.18023309111595154, 0.9827990531921387, -0.040275391191244125, -0.8218188881874084, 0.17295794188976288, 0.5428623557090759, 0.5404905080795288, -0.06474271416664124, 0.838855504989624),
            ["RightLowerArm"] = CFrame.new(-0.000001043081283569336, 4.172325134277344e-07, -5.140900611877441e-07, 1, -1.8626449271863521e-09, -2.991873060409489e-08, 1.8626449271863521e-09, 0.9998247623443604, -0.01872066594660282, 6.216577475015583e-08, 0.01872066967189312, 0.9998248219490051),
            ["LeftHand"] = CFrame.new(5.662441253662109e-07, -2.980232238769531e-07, -2.086162567138672e-07, 0.9757916927337646, -0.20043151080608368, -0.08750896155834198, 0.2162991613149643, 0.9435994029045105, 0.2506689727306366, 0.03233146294951439, -0.2635287642478943, 0.9641096591949463),
            ["RightFoot"] = CFrame.new(-3.818422555923462e-08, 1.7881393432617188e-07, 1.3802491594105959e-08, 0.9774880409240723, 0.20832182466983795, 0.03345641866326332, -0.17528925836086273, 0.8900697827339172, -0.4207722544670105, -0.11743441969156265, 0.4054352641105652, 0.9065492153167725),
            ["RightHand"] = CFrame.new(1.862645149230957e-08, 0, 1.341104507446289e-07, 0.9461624026298523, 0.3034084439277649, -0.11278298497200012, -0.22055843472480774, 0.8593224287033081, 0.4614313840866089, 0.2369190752506256, -0.4117138087749481, 0.8799779415130615),
            ["RightLowerLeg"] = CFrame.new(-9.313225746154785e-08, -0.00012201070785522461, -0.00007739493594272062, 1, -5.960465898624534e-08, -2.1420417439799166e-08, 8.381903171539307e-08, 0.8402488827705383, 0.5422003865242004, -1.862645149230957e-08, -0.5422008633613586, 0.840249240398407),
            ["RightUpperLeg"] = CFrame.new(5.960464477539063e-08, -6.01867213845253e-08, 3.742025000974536e-08, 0.9780566096305847, -0.20760372281074524, 0.01749699003994465, 0.20768599212169647, 0.9648946523666382, -0.16076377034187317, 0.016492461785674095, 0.16086985170841217, 0.9868378639221191),
            ["LeftLowerLeg"] = CFrame.new(-7.450580596923828e-08, 0.00012284517288208008, 0.00007751584053039551, 1, 2.9802318834981634e-08, 1.0244546189142056e-07, -5.960463766996327e-08, 0.7761520743370056, 0.6305455565452576, -3.725289943190546e-08, -0.6305457353591919, 0.7761523127555847),
        }},
        {Time = 0.105, Data = {
            ["LeftFoot"] = CFrame.new(8.568167686462402e-08, -5.960464477539063e-08, 3.3527612686157227e-08, 0.9314696192741394, -0.08257533609867096, 0.3543247580528259, 0.19143682718276978, 0.9394195079803467, -0.28432878851890564, -0.30938050150871277, 0.33267462253570557, 0.8908485174179077),
            ["LeftLowerArm"] = CFrame.new(1.4901161193847656e-07, -1.1920928955078125e-07, -3.166496753692627e-07, 1, -1.862645504502325e-08, 5.960465188081798e-08, 4.4703490686970326e-08, 0.9564121961593628, -0.29202035069465637, 6.519258910486769e-09, 0.29202038049697876, 0.9564121961593628),
            ["RightUpperArm"] = CFrame.new(-2.384185791015625e-07, 2.384185791015625e-07, -6.332993507385254e-08, 0.02482684887945652, -0.9993650913238525, -0.0255548395216465, 0.7455822229385376, 0.001481332816183567, 0.6664120554924011, -0.6659509539604187, -0.035598162561655045, 0.7451456189155579),
            ["Head"] = CFrame.new(8.381903171539307e-08, -2.384185791015625e-07, 4.7497451305389404e-08, 0.7140628099441528, -0.024643845856189728, -0.6996477842330933, 0.0935598686337471, 0.9937748312950134, 0.060483574867248535, 0.6938018202781677, -0.10864800959825516, 0.7119232416152954),
            ["LowerTorso"] = CFrame.new(0.18332228064537048, -0.12256669998168945, -0.3240036964416504, 0.9973272681236267, -0.004848513752222061, 0.07290281355381012, 0.0003453470126260072, 0.9980974197387695, 0.061655592173337936, -0.07306304574012756, -0.06146562099456787, 0.9954314827919006),
            ["UpperTorso"] = CFrame.new(2.584420144557953e-08, -2.980232238769531e-07, 3.725290298461914e-09, 0.9992761015892029, -0.032703228294849396, -0.019439909607172012, 0.03280426561832428, 0.9994497895240784, 0.004901505541056395, 0.019268911331892014, -0.005535663105547428, 0.9997990131378174),
            ["HumanoidRootPart"] = CFrame.new(0, 0, 0, 1, 0, 0, 0, 1, 0, 0, 0, 1),
            ["LeftUpperLeg"] = CFrame.new(0, 2.975575625896454e-07, -3.725290298461914e-09, 0.8704773187637329, 0.33087363839149475, 0.3644060790538788, -0.1113666296005249, 0.8535462021827698, -0.5089759826660156, -0.47944411635398865, 0.40246936678886414, 0.7798408269882202),
            ["LeftUpperArm"] = CFrame.new(-1.1920928955078125e-07, 0, 1.1175870895385742e-08, 0.16058094799518585, 0.9870185852050781, -0.0028398733120411634, -0.8082689046859741, 0.1331499069929123, 0.5735613703727722, 0.5664937496185303, -0.08980769664049149, 0.8191577196121216),
            ["RightLowerArm"] = CFrame.new(-2.9802322387695312e-08, -1.1920928955078125e-07, -6.780028343200684e-07, 1, -7.450583261459087e-09, -2.0954763257918785e-08, 1.0244549208948683e-08, 0.990214467048645, -0.1395539492368698, -4.1618481105842875e-08, 0.13955391943454742, 0.9902145266532898),
            ["LeftHand"] = CFrame.new(-5.960464477539063e-08, 5.960464477539063e-08, 5.364418029785156e-07, 0.9754056930541992, -0.21021170914173126, -0.06629408895969391, 0.21967948973178864, 0.9517197012901306, 0.21440759301185608, 0.01802254095673561, -0.22369782626628876, 0.9744919538497925),
            ["RightFoot"] = CFrame.new(-5.3318217396736145e-08, 2.384185791015625e-07, -1.3205863069742918e-08, 0.970285177230835, 0.21813152730464935, 0.10471653938293457, -0.15354862809181213, 0.8895556330680847, -0.4302482306957245, -0.18700170516967773, 0.4013843536376953, 0.8966163992881775),
            ["RightHand"] = CFrame.new(-2.2351741790771484e-07, -1.7881393432617188e-07, 1.7881393432617188e-07, 0.9330871105194092, 0.3202604055404663, -0.16365160048007965, -0.2260553389787674, 0.8761609792709351, 0.4257240295410156, 0.27972763776779175, -0.3602432906627655, 0.8899310827255249),
            ["RightLowerLeg"] = CFrame.new(-2.300366759300232e-07, -0.00012242794036865234, -0.00007730552897555754, 1, -1.1525118281952018e-07, -3.7020058130110556e-08, 1.0395886818059807e-07, 0.8290637731552124, 0.5591534376144409, -2.8638165616712286e-08, -0.5591541528701782, 0.8290641903877258),
            ["RightUpperLeg"] = CFrame.new(1.7881393432617188e-07, -4.21423465013504e-08, -3.149762051180005e-08, 0.9732195138931274, -0.22779567539691925, -0.030868275091052055, 0.2124238908290863, 0.9425056576728821, -0.25799068808555603, 0.08786271512508392, 0.24452441930770874, 0.9656541347503662),
            ["LeftLowerLeg"] = CFrame.new(-1.4901161193847656e-08, 0.00012290477752685547, 0.00007736682891845703, 1, 7.287597725280648e-08, 3.352760202801619e-08, -9.685753354915505e-08, 0.7634676694869995, 0.6458458304405212, 8.195637946073475e-08, -0.6458460092544556, 0.7634679079055786),
        }},
        {Time = 0.132, Data = {
            ["LeftFoot"] = CFrame.new(-4.470348358154297e-08, 5.960464477539063e-08, -1.862645149230957e-08, 0.8916360139846802, -0.09838198870420456, 0.441935271024704, 0.2128525972366333, 0.9525958895683289, -0.2173820585012436, -0.399598628282547, 0.2878926396369934, 0.8703092932701111),
            ["LeftLowerArm"] = CFrame.new(0, -1.1920928955078125e-07, -2.9616057872772217e-07, 1, -5.21540641784668e-08, 7.4505797087454084e-09, 4.4703490686970326e-08, 0.9240924119949341, -0.38216906785964966, -4.0978196835794733e-08, 0.3821691870689392, 0.9240924119949341),
            ["RightUpperArm"] = CFrame.new(-1.1920928955078125e-07, 0.0000013113021850585938, -5.587935447692871e-08, -0.007166687399148941, -0.9992323517799377, -0.03851429000496864, 0.7104939222335815, -0.03219085559248924, 0.7029666304588318, -0.7036668062210083, -0.022326212376356125, 0.7101792693138123),
            ["Head"] = CFrame.new(4.284083843231201e-08, -2.384185791015625e-07, -2.7939677238464355e-09, 0.7567484974861145, -0.06312891840934753, -0.6506507992744446, 0.09094768762588501, 0.9958136081695557, 0.009159913286566734, 0.6473487615585327, -0.06610691547393799, 0.7593218684196472),
            ["LowerTorso"] = CFrame.new(0.1891673058271408, -0.1369868516921997, -0.3068978786468506, 0.9982667565345764, -0.005567219108343124, 0.058587685227394104, -0.000200112524908036, 0.9951887726783752, 0.09797623753547668, -0.05885125696659088, -0.09781814366579056, 0.9934627413749695),
            ["UpperTorso"] = CFrame.new(1.3620592653751373e-08, -1.7881393432617188e-07, -6.51925802230835e-09, 0.9994584918022156, -0.028098272159695625, -0.017127610743045807, 0.027650605887174606, 0.9992837905883789, -0.025836177170276642, 0.01784130185842514, 0.025348592549562454, 0.9995194673538208),
            ["HumanoidRootPart"] = CFrame.new(0, 0, 0, 1, 0, 0, 0, 1, 0, 0, 0, 1),
            ["LeftUpperLeg"] = CFrame.new(-1.7881393432617188e-07, 2.3178290575742722e-07, -2.421438694000244e-08, 0.8252960443496704, 0.3764246702194214, 0.42094069719314575, -0.09220343828201294, 0.8252447843551636, -0.5571981072425842, -0.5571221709251404, 0.42104119062423706, 0.7157788276672363),
            ["LeftUpperArm"] = CFrame.new(0, 9.5367431640625e-07, 5.960464477539063e-08, 0.1839129477739334, 0.9829424619674683, -0.000312607764499262, -0.8400005102157593, 0.15733297169208527, 0.5192742943763733, 0.5104657411575317, -0.09523872286081314, 0.8546077013015747),
            ["RightLowerArm"] = CFrame.new(4.172325134277344e-07, -3.5762786865234375e-07, 1.2665987014770508e-07, 1, -2.9802322387695312e-08, -1.862644793959589e-08, 2.0489094865183688e-08, 0.9783329963684082, -0.20703762769699097, -5.261971836034718e-08, 0.20703764259815216, 0.9783329963684082),
            ["LeftHand"] = CFrame.new(8.940696716308594e-08, 1.1920928955078125e-07, 0, 0.9776484370231628, -0.1895771473646164, -0.09090717881917953, 0.20552143454551697, 0.9528769850730896, 0.2231290638446808, 0.044323090463876724, -0.2368251085281372, 0.9705408215522766),
            ["RightFoot"] = CFrame.new(-7.869675755500793e-08, 4.172325134277344e-07, 1.6596459317952394e-08, 0.9646781086921692, 0.22273395955562592, 0.14066246151924133, -0.13823534548282623, 0.8825462460517883, -0.44944754242897034, -0.22424820065498352, 0.41412779688835144, 0.8821626901626587),
            ["RightHand"] = CFrame.new(-4.6193599700927734e-07, 0, -4.76837158203125e-07, 0.9264705777168274, 0.33295121788978577, -0.17548726499080658, -0.2339312732219696, 0.8746819496154785, 0.42450883984565735, 0.29483625292778015, -0.35224300622940063, 0.8882548213005066),
            ["RightLowerLeg"] = CFrame.new(1.0244548320770264e-07, -0.0001226663589477539, -0.00007750296936137602, 1, -9.313225746154785e-08, -1.8626444386882213e-08, 8.288768782449552e-08, 0.7944299578666687, 0.6073551774024963, -3.5390250729960826e-08, -0.6073557734489441, 0.7944303750991821),
            ["RightUpperLeg"] = CFrame.new(5.960464477539063e-08, -8.521601557731628e-08, 5.75528247281909e-09, 0.9707209467887878, -0.23716965317726135, -0.038098644465208054, 0.21099337935447693, 0.9176697134971619, -0.3366960287094116, 0.11481598019599915, 0.31879913806915283, 0.9408423900604248),
            ["LeftLowerLeg"] = CFrame.new(-8.940696716308594e-08, 0.0001227855682373047, 0.00007742643356323242, 1, -1.862644793959589e-08, 2.793966658032332e-08, -7.450581307466564e-08, 0.7484833002090454, 0.6631534695625305, 3.725290653733282e-08, -0.6631535887718201, 0.7484834790229797),
        }},
        {Time = 0.158, Data = {
            ["LeftFoot"] = CFrame.new(2.60770320892334e-08, -1.1920928955078125e-07, 5.960464477539063e-08, 0.872902512550354, -0.12774938344955444, 0.4708733558654785, 0.21830250322818756, 0.9653801321983337, -0.1427774429321289, -0.4363316297531128, 0.22742359340190887, 0.8705704212188721),
            ["LeftLowerArm"] = CFrame.new(-8.940696716308594e-08, -2.384185791015625e-07, 4.6938657760620117e-07, 1, -5.960464477539063e-08, 2.9802315282267955e-08, 3.725290653733282e-08, 0.8902967572212219, -0.455380916595459, -3.725290653733282e-08, 0.45538097620010376, 0.8902966380119324),
            ["RightUpperArm"] = CFrame.new(0, 4.76837158203125e-07, -5.587935447692871e-08, -0.0006683524698019028, -0.9999942183494568, 0.003345335368067026, 0.7500240802764893, 0.0017113497015088797, 0.6614084243774414, -0.6614102721214294, 0.002951105358079076, 0.7500185370445251),
            ["Head"] = CFrame.new(5.587935447692871e-08, -1.1920928955078125e-07, 1.7229467630386353e-08, 0.8100911378860474, -0.09575320035219193, -0.5784322023391724, 0.09948302060365677, 0.9947165846824646, -0.025339175015687943, 0.5778024196624756, -0.037017107009887695, 0.8153368234634399),
            ["LowerTorso"] = CFrame.new(0.19624340534210205, -0.15299665927886963, -0.2946030795574188, 0.9970526695251465, -0.0029856537003070116, 0.07666202634572983, -0.004011183977127075, 0.995847225189209, 0.09095267951488495, -0.07661521434783936, -0.09099211543798447, 0.9929000735282898),
            ["UpperTorso"] = CFrame.new(-1.1175870895385742e-08, 2.9802322387695312e-08, 8.381903171539307e-09, 0.9992343783378601, -0.026766275987029076, -0.028538204729557037, 0.02612220123410225, 0.9994008541107178, -0.022707710042595863, 0.029128897935152054, 0.021944835782051086, 0.9993347525596619),
            ["HumanoidRootPart"] = CFrame.new(0, 0, 0, 1, 0, 0, 0, 1, 0, 0, 0, 1),
            ["LeftUpperLeg"] = CFrame.new(-5.960464477539063e-08, 5.320180207490921e-07, 3.725290298461914e-08, 0.821806788444519, 0.3921455442905426, 0.4133467972278595, -0.09788546711206436, 0.8118529915809631, -0.5755981206893921, -0.5612950921058655, 0.4325699210166931, 0.7055716514587402),
            ["LeftUpperArm"] = CFrame.new(0, 5.960464477539062e-07, 8.568167686462402e-08, 0.21412181854248047, 0.974224328994751, -0.07098456472158432, -0.8166433572769165, 0.21841216087341309, 0.5342190861701965, 0.5359529852867126, -0.05641892924904823, 0.8423606157302856),
            ["RightLowerArm"] = CFrame.new(5.960464477539063e-08, -5.960464477539063e-08, 1.341104507446289e-07, 1, -2.2351741790771484e-08, 1.4901159417490817e-08, 1.6763802790364934e-08, 0.9744892716407776, -0.2244342863559723, 2.072192195612388e-08, 0.2244342714548111, 0.9744892120361328),
            ["LeftHand"] = CFrame.new(-8.940696716308594e-08, 1.1920928955078125e-07, 5.960464477539063e-08, 0.9872462153434753, -0.1429588496685028, -0.07005495578050613, 0.15486085414886475, 0.9644047617912292, 0.21433986723423004, 0.036919623613357544, -0.22245493531227112, 0.9742437601089478),
            ["RightFoot"] = CFrame.new(7.066410034894943e-08, 2.384185791015625e-07, -2.0656443666666746e-08, 0.9711703062057495, 0.2163509875535965, 0.10010258108377457, -0.14339320361614227, 0.8656294345855713, -0.47971224784851074, -0.19043780863285065, 0.451528400182724, 0.8716970086097717),
            ["RightHand"] = CFrame.new(4.470348358154297e-07, -2.384185791015625e-07, 0, 0.9344402551651001, 0.31182023882865906, -0.17201648652553558, -0.21920256316661835, 0.8843083381652832, 0.41224873065948486, 0.2806631028652191, -0.3475152552127838, 0.8946851491928101),
            ["RightLowerLeg"] = CFrame.new(-5.122274160385132e-08, -0.00012242794036865234, -0.00007749179349048063, 1, -1.0617077350616455e-07, -3.7252894102834944e-09, 6.542541797216472e-08, 0.7550176978111267, 0.6557037234306335, -2.2351745343485163e-08, -0.6557044386863708, 0.7550182938575745),
            ["RightUpperLeg"] = CFrame.new(-5.960464477539063e-08, 2.3189932107925415e-07, 2.438173396512866e-08, 0.9733361601829529, -0.2293224185705185, -0.005292107351124287, 0.21310654282569885, 0.9125641584396362, -0.34901636838912964, 0.08486662805080414, 0.33858227729797363, 0.9371017217636108),
            ["LeftLowerLeg"] = CFrame.new(4.470348358154297e-08, 0.00012290477752685547, 0.00007724761962890625, 1, 8.614732038836337e-09, -4.284083843231201e-08, -5.960465898624534e-08, 0.7398795485496521, 0.6727394461631775, 0, -0.6727393865585327, 0.7398794889450073),
        }},
        {Time = 0.184, Data = {
            ["LeftFoot"] = CFrame.new(3.725290298461914e-09, -5.960464477539063e-08, -1.862645149230957e-08, 0.874956488609314, -0.1251143366098404, 0.46775856614112854, 0.20540818572044373, 0.9707150459289551, -0.12457872182130814, -0.43847304582595825, 0.2050822377204895, 0.8750326037406921),
            ["LeftLowerArm"] = CFrame.new(-8.344650268554688e-07, 5.960464477539063e-08, 3.725290298461914e-07, 1, -1.043081283569336e-07, -2.980232949312267e-08, 5.215407838932151e-08, 0.8420236706733704, -0.5394407510757446, 1.1175873559921001e-08, 0.5394406318664551, 0.8420235514640808),
            ["RightUpperArm"] = CFrame.new(0, 4.76837158203125e-07, -7.450580596923828e-09, 0.03940859064459801, -0.9977531433105469, 0.05418090149760246, 0.7832532525062561, 0.06451442092657089, 0.6183463931083679, -0.6204525232315063, 0.01806923747062683, 0.7840358018875122),
            ["Head"] = CFrame.new(4.284083843231201e-08, -3.5762786865234375e-07, 5.960464477539063e-08, 0.8690268397331238, -0.10511025786399841, -0.4834710657596588, 0.10996587574481964, 0.9937652349472046, -0.018391255289316177, 0.48238980770111084, -0.037182800471782684, 0.8751672506332397),
            ["LowerTorso"] = CFrame.new(0.1988731473684311, -0.15940415859222412, -0.28649795055389404, 0.9932962656021118, -0.0018217966426163912, 0.11558208614587784, -0.0027867271564900875, 0.9992078542709351, 0.039698194712400436, -0.11556284129619598, -0.03975416347384453, 0.9925042986869812),
            ["UpperTorso"] = CFrame.new(-6.984919309616089e-09, 8.940696716308594e-08, 2.421438694000244e-08, 0.9989011883735657, -0.01780080609023571, -0.0433548167347908, 0.018581870943307877, 0.9996711015701294, 0.01767982356250286, 0.043025799095630646, -0.01846601627767086, 0.9989033937454224),
            ["HumanoidRootPart"] = CFrame.new(0, 0, 0, 1, 0, 0, 0, 1, 0, 0, 0, 1),
            ["LeftUpperLeg"] = CFrame.new(-5.960464477539063e-08, 7.025664672255516e-08, -5.21540641784668e-08, 0.8410055041313171, 0.3857508897781372, 0.37934935092926025, -0.12222086638212204, 0.8185010552406311, -0.5613538026809692, -0.5270406603813171, 0.4257373511791229, 0.7355107069015503),
            ["LeftUpperArm"] = CFrame.new(-1.1920928955078125e-07, 2.384185791015625e-07, 5.960464477539063e-08, 0.23433922231197357, 0.9525080919265747, -0.19445687532424927, -0.7737787961959839, 0.30384165048599243, 0.5558297634124756, 0.5885164141654968, 0.02021390199661255, 0.8082325458526611),
            ["RightLowerArm"] = CFrame.new(-1.1920928955078125e-07, -1.7881393432617188e-07, 1.341104507446289e-07, 1, -2.9802322387695312e-08, -2.468005178002386e-08, 2.2351738238057806e-08, 0.9677011966705322, -0.25210005044937134, -2.3515891456327154e-08, 0.25210005044937134, 0.967701256275177),
            ["LeftHand"] = CFrame.new(-3.5762786865234375e-07, 5.960464477539063e-08, 0, 0.9972866773605347, -0.07006911188364029, -0.022578120231628418, 0.07294445484876633, 0.9819125533103943, 0.17471963167190552, 0.009927318431437016, -0.1758924424648285, 0.9843593239784241),
            ["RightFoot"] = CFrame.new(6.239861249923706e-08, 2.384185791015625e-07, -5.75528247281909e-09, 0.9763758778572083, 0.20952832698822021, 0.052804235368967056, -0.15703333914279938, 0.8559211492538452, -0.4926859438419342, -0.14842770993709564, 0.4727545976638794, 0.8686036467552185),
            ["RightHand"] = CFrame.new(-3.725290298461914e-07, -4.172325134277344e-07, -1.7881393432617188e-07, 0.9363099336624146, 0.23715166747570038, -0.2590034008026123, -0.13840173184871674, 0.9270363450050354, 0.34849467873573303, 0.3227517306804657, -0.2904525399208069, 0.9008156061172485),
            ["RightLowerLeg"] = CFrame.new(-7.82310962677002e-08, -0.0001220703125, -0.00007744709000689909, 1, -1.3783574104309082e-07, -2.9802315282267955e-08, 1.0058283805847168e-07, 0.7452691793441772, 0.6667630672454834, -2.9802322387695312e-08, -0.6667637228965759, 0.7452697157859802),
            ["RightUpperLeg"] = CFrame.new(-8.940696716308594e-08, 9.313225746154785e-09, 1.3205863069742918e-08, 0.9753226041793823, -0.22078311443328857, 0.0008409522706642747, 0.21138502657413483, 0.9326930046081543, -0.2922331690788269, 0.06373579800128937, 0.28519925475120544, 0.9563466906547546),
            ["LeftLowerLeg"] = CFrame.new(1.4901161193847656e-08, 0.00012248754501342773, 0.0000775456428527832, 1, 3.41096892952919e-08, -2.9802318834981634e-08, -2.2351745343485163e-08, 0.7343452572822571, 0.6787762641906738, 1.788139627478813e-07, -0.678776204586029, 0.7343452572822571),
        }},
        {Time = 0.211, Data = {
            ["LeftFoot"] = CFrame.new(-2.60770320892334e-08, -5.960464477539063e-08, -4.0978193283081055e-08, 0.8909052610397339, -0.10903776437044144, 0.4409075677394867, 0.18441812694072723, 0.9739744067192078, -0.13177216053009033, -0.4150635004043579, 0.1987074315547943, 0.8878269195556641),
            ["LeftLowerArm"] = CFrame.new(-2.384185791015625e-07, 5.960464477539063e-08, -2.9802322387695312e-08, 1, -1.3411046495548362e-07, -7.450582373280668e-09, 4.6566135836201283e-08, 0.7536028623580933, -0.6573301553726196, 2.2351745343485163e-08, 0.6573300957679749, 0.7536028623580933),
            ["RightUpperArm"] = CFrame.new(0, 3.5762786865234375e-07, -5.21540641784668e-08, 0.10707606375217438, -0.9880870580673218, 0.11053849756717682, 0.81235271692276, 0.15104544162750244, 0.5632660388946533, -0.5732520818710327, 0.029483864083886147, 0.8188484311103821),
            ["Head"] = CFrame.new(6.705522537231445e-08, -4.76837158203125e-07, 2.3283064365386963e-08, 0.9318543076515198, -0.11313097923994064, -0.3447447717189789, 0.12972547113895416, 0.9912253022193909, 0.025372253730893135, 0.33884939551353455, -0.06836540997028351, 0.9383535385131836),
            ["LowerTorso"] = CFrame.new(0.19807521998882294, -0.15664327144622803, -0.2805047929286957, 0.9888260960578918, -0.01219316478818655, 0.14857405424118042, 0.015331864356994629, 0.9996824860572815, -0.01999848522245884, -0.14828303456306458, 0.022052939981222153, 0.9886990785598755),
            ["UpperTorso"] = CFrame.new(1.862645149230957e-08, 2.682209014892578e-07, 7.450580596923828e-09, 0.9986424446105957, -0.0027287171687930822, -0.05201755091547966, 0.0061276936903595924, 0.9978471994400024, 0.06529582291841507, 0.05172733962535858, -0.06552590429782867, 0.996509313583374),
            ["HumanoidRootPart"] = CFrame.new(0, 0, 0, 1, 0, 0, 0, 1, 0, 0, 0, 1),
            ["LeftUpperLeg"] = CFrame.new(2.9802322387695312e-08, 7.636845111846924e-08, -7.078051567077637e-08, 0.8475284576416016, 0.37940406799316406, 0.37114417552948, -0.14294394850730896, 0.8366144895553589, -0.5288130044937134, -0.5111386179924011, 0.39513128995895386, 0.763288140296936),
            ["LeftUpperArm"] = CFrame.new(0, 0, -7.450580596923828e-09, 0.2495764195919037, 0.9120100140571594, -0.32549864053726196, -0.7535633444786072, 0.39402011036872864, 0.5262038707733154, 0.6081562042236328, 0.11395571380853653, 0.7855954766273499),
            ["RightLowerArm"] = CFrame.new(1.1920928955078125e-07, -3.5762786865234375e-07, 4.172325134277344e-07, 1, -3.725290742551124e-09, 8.195639367158947e-08, 2.980232949312267e-08, 0.9358223676681519, -0.35247209668159485, 3.445894236620006e-08, 0.35247209668159485, 0.9358223676681519),
            ["LeftHand"] = CFrame.new(4.172325134277344e-07, -3.5762786865234375e-07, -1.4901161193847656e-07, 0.999624490737915, 0.022902555763721466, 0.015044795349240303, -0.024405544623732567, 0.9937664866447449, 0.10877855122089386, -0.012459623627364635, -0.1091047152876854, 0.993952214717865),
            ["RightFoot"] = CFrame.new(-5.4016709327697754e-08, 2.980232238769531e-07, 3.894820110872388e-08, 0.9762536883354187, 0.21349461376667023, 0.03672858700156212, -0.16970452666282654, 0.8590865731239319, -0.48287728428840637, -0.13464447855949402, 0.4651777744293213, 0.8749175071716309),
            ["RightHand"] = CFrame.new(3.725290298461914e-08, -1.1920928955078125e-07, -5.960464477539063e-08, 0.9315497279167175, 0.1438703089952469, -0.333940714597702, -0.06025858223438263, 0.9667770266532898, 0.24841713905334473, 0.35858607292175293, -0.2112901508808136, 0.9092704057693481),
