return {
    ["Night Out"] = {
        {Time = 0.000, Data = {
            ["RightFoot"] = CFrame.new(-1.043081283569336e-07, 2.980232238769531e-07, -1.1343217920511961e-08, 0.9330376982688904, 0.3504246473312378, 0.08150614798069, -0.35940074920654297, 0.9182059168815613, 0.16652047634124756, -0.0164866391569376, -0.18466335535049438, 0.9826635718345642),
            ["LeftLowerArm"] = CFrame.new(-3.5762786865234375e-07, -2.384185791015625e-07, 2.9802322387695312e-08, 1, -2.9802322387695312e-08, 1.7881393432617188e-07, 4.470348358154297e-08, -0.8556568622589111, -0.5175436735153198, 1.3597309589385986e-07, 0.5175436735153198, -0.8556568622589111),
            ["LeftFoot"] = CFrame.new(-6.05359673500061e-09, -1.1920928955078125e-07, 1.4901161193847656e-08, 0.9935699701309204, -0.028322622179985046, -0.10961994528770447, -0.0438123494386673, 0.796596348285675, -0.6029220819473267, 0.10439914464950562, 0.603847861289978, 0.7902331352233887),
            ["Head"] = CFrame.new(-4.284083843231201e-08, -1.1920928955078125e-07, 4.6566128730773926e-09, 0.35551491379737854, -0.02546633966267109, -0.9343236088752747, -0.39061275124549866, 0.9041008949279785, -0.17327257990837097, 0.8491353988647461, 0.4265597462654114, 0.3114738464355469),
            ["LowerTorso"] = CFrame.new(0.059570252895355225, -0.2141968011856079, -0.1392573118209839, -0.07612704485654831, -0.10051704198122025, 0.9920186996459961, 0.28497475385665894, 0.951213002204895, 0.11825117468833923, -0.9555073380470276, 0.29170235991477966, -0.043768204748630524),
            ["UpperTorso"] = CFrame.new(-7.59027898311615e-08, 0, -2.9685907065868378e-08, 0.9966127872467041, 0.07709543406963348, -0.028624437749385834, -0.07387037575244904, 0.9922008514404297, 0.10040321946144104, 0.03614181652665138, -0.0979486033320427, 0.9945350289344788),
            ["HumanoidRootPart"] = CFrame.new(0, 0, 0, 1, 0, 0, 0, 1, 0, 0, 0, 1),
            ["RightUpperLeg"] = CFrame.new(-2.9802322387695312e-08, 8.498318493366241e-08, 1.5068508218973875e-08, 0.9633488059043884, -0.07941237092018127, -0.2562282383441925, 0.05541543290019035, 0.9934869408607483, -0.0995628610253334, 0.2624659836292267, 0.08171473443508148, 0.961475133895874),
            ["LeftUpperArm"] = CFrame.new(-3.5762786865234375e-07, 2.384185791015625e-07, -2.2351741790771484e-08, 0.7245484590530396, 0.6837524175643921, 0.08667351305484772, -0.6395283341407776, 0.6200821399688721, 0.4544246196746826, 0.256969153881073, -0.3846827745437622, 0.8865585923194885),
            ["RightLowerArm"] = CFrame.new(-5.960464477539063e-08, 0, -5.960464477539063e-08, 1, -1.1920928955078125e-07, 8.847564458847046e-08, 2.8871003365793513e-08, 0.2173227071762085, -0.9760999083518982, 4.4703490686970326e-08, 0.9760998487472534, 0.2173227071762085),
            ["LeftHand"] = CFrame.new(-1.4901161193847656e-08, -5.960464477539063e-08, -2.9802322387695312e-08, 0.789251983165741, -0.08655358105897903, -0.6079390048980713, 0.1043645441532135, 0.9945204257965088, -0.0061015784740448, 0.6051357984542847, -0.058631472289562225, 0.7939603328704834),
            ["RightHand"] = CFrame.new(4.954636096954346e-07, -5.960464477539063e-08, 8.940696716308594e-08, 0.8316066861152649, -0.24290676414966583, -0.4994264543056488, 0.07809384912252426, 0.9414873123168945, -0.3278766870498657, 0.5498470664024353, 0.23366233706474304, 0.8019165396690369),
            ["RightUpperArm"] = CFrame.new(0, 1.1920928955078125e-07, 5.8673322200775146e-08, 0.17368409037590027, -0.8581472635269165, 0.48313266038894653, 0.8022170662879944, -0.1612676978111267, -0.5748395323753357, 0.5712107419967651, 0.48741769790649414, 0.6604107022285461),
            ["RightLowerLeg"] = CFrame.new(-2.0954757928848267e-08, 1.7881393432617188e-07, -2.0656443666666746e-08, 1, -8.847568011560725e-09, 0, -8.614733815193176e-09, 0.9999871850013733, 0.005081533454358578, -7.450580596923828e-09, -0.005081536248326302, 0.9999871850013733),
            ["LeftUpperLeg"] = CFrame.new(0, -1.5832483768463135e-08, -1.4901161193847656e-08, 0.9498016238212585, 0.26204225420951843, -0.17091207206249237, -0.30663612484931946, 0.6713669300079346, -0.6747152805328369, -0.062059201300144196, 0.6932535171508789, 0.7180169224739075),
            ["LeftLowerLeg"] = CFrame.new(-2.60770320892334e-08, -1.1920928955078125e-07, -4.284083843231201e-08, 1, 8.940698847936801e-08, 7.823110337312755e-08, -8.195638656616211e-08, 0.2680407762527466, 0.963407576084137, 6.146728992462158e-08, -0.9634076356887817, 0.2680407762527466),
        }},
        {Time = 0.033, Data = {
            ["RightFoot"] = CFrame.new(6.426125764846802e-08, 1.7881393432617188e-07, -2.029992174357176e-09, 0.9361563920974731, 0.34891271591186523, 0.04326004162430763, -0.34099674224853516, 0.9310342073440552, -0.12998627126216888, -0.08563046902418137, 0.10693622380495071, 0.9905716776847839),
            ["LeftLowerArm"] = CFrame.new(-3.2782554626464844e-07, 5.960464477539063e-08, 1.4156103134155273e-07, 1, -7.613561336938801e-08, 2.53319797138829e-07, 5.960463056453591e-08, -0.7065227031707764, -0.7076904773712158, 2.1234149016891024e-07, 0.7076904773712158, -0.7065225839614868),
            ["LeftFoot"] = CFrame.new(2.60770320892334e-08, -2.384185791015625e-07, 3.725290298461914e-09, 0.9917621612548828, -0.05020907148718834, -0.11784276366233826, -0.034796345978975296, 0.7797806859016418, -0.6250849962234497, 0.12327655404806137, 0.6240362524986267, 0.771609902381897),
            ["Head"] = CFrame.new(-1.862645149230957e-09, -3.5762786865234375e-07, -3.213062882423401e-08, 0.33517441153526306, -0.009964125230908394, -0.9421034455299377, -0.34113171696662903, 0.930813193321228, -0.1312098652124405, 0.8782296180725098, 0.3653595745563507, 0.3085857033729553),
            ["LowerTorso"] = CFrame.new(0.053409725427627563, -0.26355040073394775, -0.1693139672279358, -0.10556196421384811, -0.08283921331167221, 0.9909563660621643, 0.26850926876068115, 0.9571341276168823, 0.10861489176750183, -0.9574755430221558, 0.27754658460617065, -0.07879386097192764),
            ["UpperTorso"] = CFrame.new(-1.3737007975578308e-08, 5.960464477539063e-08, -1.6298145055770874e-08, 0.9981440305709839, 0.04723300039768219, -0.038438450545072556, -0.04327563941478729, 0.9942476749420166, 0.09797392785549164, 0.04284494370222092, -0.09612862765789032, 0.9944464564323425),
            ["HumanoidRootPart"] = CFrame.new(0, 0, 0, 1, 0, 0, 0, 1, 0, 0, 0, 1),
            ["RightUpperLeg"] = CFrame.new(0, 2.468041202519089e-07, 1.768785296007991e-08, 0.9544228911399841, -0.1317805051803589, -0.2677890360355377, 0.06483669579029083, 0.967362642288208, -0.24496081471443176, 0.2913300693035126, 0.2164333611726761, 0.9318172335624695),
            ["LeftUpperArm"] = CFrame.new(1.1920928955078125e-07, -2.384185791015625e-07, -1.0058283805847168e-07, 0.5434014797210693, 0.8389228582382202, 0.030385952442884445, -0.7602542638778687, 0.47645002603530884, 0.44159817695617676, 0.3559894263744354, -0.26306623220443726, 0.8966982364654541),
            ["RightLowerArm"] = CFrame.new(-6.854534149169922e-07, -5.960464477539062e-07, -2.9802322387695312e-08, 1, -7.636845111846924e-08, 1.0430814256778831e-07, 2.9802318834981634e-08, 0.21468959748744965, -0.9766824245452881, 6.891786341611805e-08, 0.9766823649406433, 0.2146894335746765),
            ["LeftHand"] = CFrame.new(-1.4901161193847656e-07, -5.960464477539063e-08, -1.6391277313232422e-07, 0.9227766990661621, -0.008976233191788197, -0.38523048162460327, 0.00605594739317894, 0.9999430775642395, -0.008793159388005733, 0.3852878510951996, 0.0057811918668448925, 0.9227784872055054),
            ["RightHand"] = CFrame.new(1.5273690223693848e-07, 5.960464477539063e-08, -2.9802322387695312e-08, 0.848835825920105, -0.19471979141235352, -0.49148932099342346, 0.029010053724050522, 0.9454512000083923, -0.3244693875312805, 0.5278599858283997, 0.26116326451301575, 0.808181881904602),
            ["RightUpperArm"] = CFrame.new(-1.1920928955078125e-07, -2.384185791015625e-07, -4.6566128730773926e-08, 0.1772981435060501, -0.8463667631149292, 0.5022238492965698, 0.9225722551345825, -0.034751228988170624, -0.38425618410110474, 0.34267452359199524, 0.5314656496047974, 0.7746731042861938),
            ["RightLowerLeg"] = CFrame.new(-5.587935447692871e-09, 1.1920928955078125e-07, 9.145878721028566e-09, 1, -7.823111758398227e-08, 7.450582373280668e-09, 6.891786341611805e-08, 0.9343457818031311, 0.35636773705482483, -1.4901159417490817e-08, -0.35636797547340393, 0.9343458414077759),
            ["LeftUpperLeg"] = CFrame.new(0, 1.3783574104309082e-07, -2.2351741790771484e-08, 0.9485728144645691, 0.2433416098356247, -0.20247124135494232, -0.31432652473449707, 0.6482011675834656, -0.6935663819313049, -0.03753146901726723, 0.721540093421936, 0.691354513168335),
            ["LeftLowerLeg"] = CFrame.new(-3.3527612686157227e-08, -5.960464477539063e-08, -2.421438694000244e-08, 1, 7.264318924171675e-08, 9.313229298868464e-08, -8.568167686462402e-08, 0.19500508904457092, 0.9808022975921631, 7.078051567077637e-08, -0.9808023571968079, 0.19500508904457092),
        }},
        {Time = 0.067, Data = {
            ["RightFoot"] = CFrame.new(8.940696716308594e-08, 2.980232238769531e-07, 1.6952981241047382e-09, 0.9385272264480591, 0.34448370337486267, 0.022311585023999214, -0.3218526840209961, 0.8965757489204407, -0.3042406737804413, -0.12481007725000381, 0.27835744619369507, 0.952333927154541),
            ["LeftLowerArm"] = CFrame.new(2.086162567138672e-07, 7.748603820800781e-07, 1.043081283569336e-07, 1, -8.940696716308594e-08, 4.4703490686970326e-08, 1.0430815677864302e-07, -0.5871115922927856, -0.8095059990882874, 6.705523958316917e-08, 0.8095059990882874, -0.5871115922927856),
            ["LeftFoot"] = CFrame.new(-2.60770320892334e-08, 0, -2.2351741790771484e-08, 0.9891639351844788, -0.07820430397987366, -0.12425345927476883, -0.021538395434617996, 0.7598682641983032, -0.6497201323509216, 0.14522726833820343, 0.6453559398651123, 0.7499498724937439),
            ["Head"] = CFrame.new(-5.4016709327697754e-08, 1.1920928955078125e-07, 2.7939677238464355e-08, 0.3123924136161804, 0.02550496906042099, -0.949610710144043, -0.2863968014717102, 0.9556558728218079, -0.06854826211929321, 0.9057527184486389, 0.29337945580482483, 0.3058442175388336),
            ["LowerTorso"] = CFrame.new(0.05033712089061737, -0.3218597173690796, -0.20473241806030273, -0.13190510869026184, -0.0730573982000351, 0.9885664582252502, 0.25438392162323, 0.9613873958587646, 0.10499140620231628, -0.9580656886100769, 0.26532429456710815, -0.10822729021310806),
            ["UpperTorso"] = CFrame.new(-8.149072527885437e-09, 1.1920928955078125e-07, 6.51925802230835e-09, 0.9987307190895081, 0.0189549308270216, -0.04666692018508911, -0.01441354863345623, 0.9952965974807739, 0.09579695761203766, 0.04826322942972183, -0.09500271081924438, 0.9943064451217651),
            ["HumanoidRootPart"] = CFrame.new(0, 0, 0, 1, 0, 0, 0, 1, 0, 0, 0, 1),
            ["RightUpperLeg"] = CFrame.new(5.960464477539063e-08, 2.384185791015625e-07, 3.742025000974536e-08, 0.9492257237434387, -0.1789875030517578, -0.25871631503105164, 0.07375404983758926, 0.9260682463645935, -0.3700781762599945, 0.30582839250564575, 0.33220627903938293, 0.8922488689422607),
            ["LeftUpperArm"] = CFrame.new(0, 1.1920928955078125e-07, 3.725290298461914e-09, 0.47987160086631775, 0.8768289685249329, -0.029906250536441803, -0.7816022634506226, 0.44274288415908813, 0.43940508365631104, 0.39852386713027954, -0.18748325109481812, 0.8977912068367004),
            ["RightLowerArm"] = CFrame.new(-4.172325134277344e-07, 0, 5.21540641784668e-08, 1, -1.0337678446603604e-07, 6.076880509908733e-08, 8.428470010812816e-08, 0.21293024718761444, -0.9770674705505371, 5.587936158235607e-08, 0.9770674109458923, 0.21293021738529205),
            ["LeftHand"] = CFrame.new(-2.086162567138672e-07, 2.384185791015625e-07, -7.450580596923828e-08, 0.9660371541976929, 0.010381018742918968, -0.2581949830055237, -0.029829923063516617, 0.996992826461792, -0.07152363657951355, 0.2566758990287781, 0.0767965316772461, 0.9634416699409485),
            ["RightHand"] = CFrame.new(3.557652235031128e-07, 5.960464477539063e-08, 8.195638656616211e-08, 0.8714087009429932, -0.10472511500120163, -0.4792490601539612, -0.062377654016017914, 0.9453617930412292, -0.3199995756149292, 0.4865756630897522, 0.30874529480934143, 0.817264199256897),
            ["RightUpperArm"] = CFrame.new(-1.1920928955078125e-07, 1.1920928955078125e-07, 1.043081283569336e-07, 0.2124195247888565, -0.8326860666275024, 0.5113821625709534, 0.9609317779541016, 0.08296772092580795, -0.26405805349349976, 0.1774493157863617, 0.5474945306777954, 0.8177785873413086),
            ["RightLowerLeg"] = CFrame.new(5.587935447692871e-08, 2.980232238769531e-07, 2.032174961641431e-08, 1, -6.705522537231445e-08, -7.450584149637507e-09, 9.313227167240257e-08, 0.7912982702255249, 0.611430287361145, -4.4703490686970326e-08, -0.6114303469657898, 0.7912983894348145),
            ["LeftUpperLeg"] = CFrame.new(2.9802322387695312e-08, 3.46451997756958e-07, 1.4901161193847656e-08, 0.9440916180610657, 0.22687703371047974, -0.23920251429080963, -0.32922327518463135, 0.6104738116264343, -0.7203705310821533, -0.017408665269613266, 0.7588468790054321, 0.6510365009307861),
            ["LeftLowerLeg"] = CFrame.new(5.960464477539063e-08, -5.960464477539063e-08, 7.35744833946228e-08, 1, 8.754435043556441e-08, 9.685758328714655e-08, -9.313227167240257e-08, 0.10895995795726776, 0.9940462112426758, 8.568168397005138e-08, -0.9940462112426758, 0.1089598760008812),
        }},
        {Time = 0.100, Data = {
            ["RightFoot"] = CFrame.new(-5.8673322200775146e-08, 2.980232238769531e-07, 9.145878721028566e-09, 0.9403724074363708, 0.33989524841308594, 0.013079625554382801, -0.3109905421733856, 0.8747073411941528, -0.37171468138694763, -0.1377848982810974, 0.34548285603523254, 0.9282549023628235),
            ["LeftLowerArm"] = CFrame.new(-1.4901161193847656e-07, -1.7881393432617188e-07, -3.725290298461914e-08, 1, -8.195637946073475e-08, 1.9371512394172896e-07, 2.9802322387695312e-08, -0.5327572822570801, -0.8462680578231812, 1.4901161193847656e-07, 0.8462680578231812, -0.5327574014663696),
            ["LeftFoot"] = CFrame.new(2.60770320892334e-08, 5.960464477539063e-08, 1.4901161193847656e-08, 0.9869977235794067, -0.0958678275346756, -0.1290150284767151, -0.013177401386201382, 0.7516966462135315, -0.6593775153160095, 0.1601933389902115, 0.6525041460990906, 0.7406595349311829),
            ["Head"] = CFrame.new(8.381903171539307e-08, -1.1920928955078125e-07, 1.5832483768463135e-08, 0.30104339122772217, 0.06854873895645142, -0.9511435031890869, -0.260971337556839, 0.9652586579322815, -0.01303310226649046, 0.9172059893608093, 0.25214478373527527, 0.30847400426864624),
            ["LowerTorso"] = CFrame.new(0.051052361726760864, -0.35350501537323, -0.22743511199951172, -0.14198540151119232, -0.0725216418504715, 0.9872086048126221, 0.23978029191493988, 0.9650905728340149, 0.1053832620382309, -0.9603882431983948, 0.2516760230064392, -0.11963952332735062),
            ["UpperTorso"] = CFrame.new(-5.820766091346741e-08, -5.960464477539063e-08, -3.166496753692627e-08, 0.9986873269081116, -0.007277574390172958, -0.05070280656218529, 0.012023260816931725, 0.9955060482025146, 0.09393178671598434, 0.0497913584113121, -0.09441804885864258, 0.9942867159843445),
            ["HumanoidRootPart"] = CFrame.new(0, 0, 0, 1, 0, 0, 0, 1, 0, 0, 0, 1),
            ["RightUpperLeg"] = CFrame.new(-8.940696716308594e-08, 2.9336661100387573e-08, -3.5222910810261965e-08, 0.9479243755340576, -0.20603297650814056, -0.24287839233875275, 0.08312005549669266, 0.8961857557296753, -0.43582379817962646, 0.30745813250541687, 0.3929397165775299, 0.8666417002677917),
            ["LeftUpperArm"] = CFrame.new(1.1920928955078125e-07, 0, 9.685754776000977e-08, 0.5182702541351318, 0.8541282415390015, -0.04313754662871361, -0.7684372067451477, 0.487227201461792, 0.4148660898208618, 0.3753666877746582, -0.18186427652835846, 0.908859372138977),
            ["RightLowerArm"] = CFrame.new(-3.8743019104003906e-07, -2.384185791015625e-07, 1.4901161193847656e-08, 1, -9.991342864168473e-08, 1.1426165258399124e-07, 4.179309698315592e-08, 0.2116972804069519, -0.9773353338241577, 6.769550253693524e-08, 0.9773352742195129, 0.21169734001159668),
            ["LeftHand"] = CFrame.new(-2.384185791015625e-07, 5.960464477539063e-08, -2.3096799850463867e-07, 0.9743058681488037, -0.007319699972867966, -0.2251100242137909, -0.028945699334144592, 0.9871142506599426, -0.15737730264663696, 0.22336116433143616, 0.15984979271888733, 0.9615393280982971),
            ["RightHand"] = CFrame.new(3.41096892952919e-08, 1.1920928955078125e-07, 1.6391277313232422e-07, 0.8786476850509644, -0.05628107488155365, -0.47414228320121765, -0.11178609728813171, 0.9411820769309998, -0.3188733458518982, 0.4642007350921631, 0.33317992091178894, 0.8206759691238403),
            ["RightUpperArm"] = CFrame.new(0, -1.1920928955078125e-07, 9.313225746154785e-08, 0.2627620995044708, -0.8186721801757812, 0.5106191635131836, 0.9575791358947754, 0.15637324750423431, -0.24205321073532104, 0.11831509321928024, 0.5525606870651245, 0.8250322937965393),
            ["RightLowerLeg"] = CFrame.new(-1.30385160446167e-07, 2.384185791015625e-07, 1.287116901949048e-08, 1, -1.4156105976326216e-07, -2.980233304583635e-08, 1.0803340444454079e-07, 0.6961081027984619, 0.7179365754127502, -5.029141192380848e-08, -0.7179369926452637, 0.6961085796356201),
            ["LeftUpperLeg"] = CFrame.new(0, 1.2200325727462769e-07, -2.421438694000244e-08, 0.9431012272834778, 0.21849791705608368, -0.2506367266178131, -0.3322572112083435, 0.5901256203651428, -0.7357696890830994, -0.012857032008469105, 0.777181088924408, 0.6291456818580627),
            ["LeftLowerLeg"] = CFrame.new(-1.4901161193847656e-08, 0, -8.614733815193176e-08, 1, 8.10250853078287e-08, 8.940698137394065e-08, -9.685754776000977e-08, 0.07038533687591553, 0.9975199103355408, 8.009374141693115e-08, -0.9975199699401855, 0.07038526237010956),
        }},
        {Time = 0.133, Data = {
            ["RightFoot"] = CFrame.new(-7.729977369308472e-08, 4.172325134277344e-07, 1.6596459317952394e-08, 0.940270721912384, 0.33981120586395264, 0.02048071101307869, -0.3110564649105072, 0.8820363879203796, -0.3539144992828369, -0.13832885026931763, 0.32640495896339417, 0.9350535869598389),
            ["LeftLowerArm"] = CFrame.new(-5.364418029785156e-07, -5.960464477539063e-08, -1.862645149230957e-08, 1, -1.1362133989223366e-07, 1.4528630742915993e-07, 1.937150670983101e-07, -0.5521227717399597, -0.8337627053260803, 1.0430811414607888e-07, 0.8337627649307251, -0.552122950553894),
            ["LeftFoot"] = CFrame.new(-1.1175870895385742e-08, -5.960464477539063e-08, -7.450580596923828e-09, 0.9874873161315918, -0.09365691989660263, -0.12687472999095917, -0.011450269259512424, 0.759833812713623, -0.6500167846679688, 0.1572822481393814, 0.6433359980583191, 0.7492536306381226),
            ["Head"] = CFrame.new(0, 1.1920928955078125e-07, -6.798654794692993e-08, 0.3009709417819977, 0.10608848929405212, -0.9477139711380005, -0.27875256538391113, 0.9601758718490601, 0.018958546221256256, 0.9119833707809448, 0.2584717571735382, 0.3185574412345886),
            ["LowerTorso"] = CFrame.new(0.056761085987091064, -0.3493534326553345, -0.22868946194648743, -0.13833346962928772, -0.08364070951938629, 0.9868475794792175, 0.2223600149154663, 0.9683655500411987, 0.11324404180049896, -0.9651009440422058, 0.2351008653640747, -0.11535901576280594),
            ["UpperTorso"] = CFrame.new(6.309710443019867e-08, 2.384185791015625e-07, -6.51925802230835e-09, 0.998205304145813, -0.029962556436657906, -0.05185062065720558, 0.034568075090646744, 0.9953112006187439, 0.09033604711294174, 0.04890080541372299, -0.09196628630161285, 0.9945607781410217),
            ["HumanoidRootPart"] = CFrame.new(0, 0, 0, 1, 0, 0, 0, 1, 0, 0, 0, 1),
            ["RightUpperLeg"] = CFrame.new(5.960464477539063e-08, 3.2957177609205246e-07, 3.835157258436084e-08, 0.9482226967811584, -0.22766564786434174, -0.22145448625087738, 0.09837352484464645, 0.8734991550445557, -0.4767831265926361, 0.3019874095916748, 0.43031129240989685, 0.8506678938865662),
            ["LeftUpperArm"] = CFrame.new(0, 0, -5.587935447692871e-08, 0.638498067855835, 0.7694867253303528, 0.014511747285723686, -0.7208940386772156, 0.5913617610931396, 0.36139029264450073, 0.2695033550262451, -0.24120841920375824, 0.9323017597198486),
            ["RightLowerArm"] = CFrame.new(-8.940696716308594e-08, 0, 7.450580596923828e-09, 1, -8.00937343115038e-08, 5.681066994611683e-08, 1.0430811414607888e-07, 0.20949392020702362, -0.9778099656105042, 5.215405707303944e-08, 0.9778100252151489, 0.2094939649105072),
            ["LeftHand"] = CFrame.new(2.5331974029541016e-07, -5.960464477539063e-08, -3.725290298461914e-08, 0.9621886610984802, -0.07635338604450226, -0.2614634931087494, 0.0008687805384397507, 0.9607634544372559, -0.2773681879043579, 0.27238261699676514, 0.26665329933166504, 0.924501895904541),
            ["RightHand"] = CFrame.new(-2.384185791015625e-07, 0, -2.9802322387695312e-08, 0.8786302804946899, -0.05618298053741455, -0.474185973405838, -0.11185212433338165, 0.9412089586257935, -0.3187706172466278, 0.46421754360198975, 0.3331202566623688, 0.8206906318664551),
            ["RightUpperArm"] = CFrame.new(0, 0, -7.82310962677002e-08, 0.3278179466724396, -0.8106657266616821, 0.48513564467430115, 0.9179280400276184, 0.15183870494365692, -0.3665422201156616, 0.22348086535930634, 0.5654786229133606, 0.7939081788063049),
            ["RightLowerLeg"] = CFrame.new(8.568167686462402e-08, 2.384185791015625e-07, 5.058973329141736e-08, 1, -1.1920931797249068e-07, -1.4901166522918174e-08, 1.3411046495548362e-07, 0.6617163419723511, 0.749754011631012, -2.980232594040899e-08, -0.7497543692588806, 0.6617166996002197),
            ["LeftUpperLeg"] = CFrame.new(5.960464477539063e-08, 2.6635825634002686e-07, -1.1175870895385742e-08, 0.949628472328186, 0.20858633518218994, -0.23387503623962402, -0.3130009174346924, 0.5947162508964539, -0.740501880645752, -0.015369288623332977, 0.7764047384262085, 0.6300472021102905),
            ["LeftLowerLeg"] = CFrame.new(4.0978193283081055e-08, -1.1920928955078125e-07, -4.0046870708465576e-08, 1, 8.195640788244418e-08, 8.195639367158947e-08, -1.043081283569336e-07, 0.09161758422851562, 0.9957942962646484, 6.705522537231445e-08, -0.9957943558692932, 0.091617651283741),
        }},
        {Time = 0.167, Data = {
            ["RightFoot"] = CFrame.new(-8.707866072654724e-08, 2.980232238769531e-07, 4.267349140718579e-08, 0.9376652240753174, 0.3443429470062256, 0.04703241214156151, -0.32188358902931213, 0.9114862680435181, -0.25609278678894043, -0.13105326890945435, 0.22499074041843414, 0.965507447719574),
            ["LeftLowerArm"] = CFrame.new(1.4901161193847656e-07, -3.5762786865234375e-07, 0, 1, -4.470348358154297e-08, 2.2165474433677446e-07, 6.332993507385254e-08, -0.617319643497467, -0.7867123484611511, 1.341104507446289e-07, 0.7867124676704407, -0.6173197627067566),
            ["LeftFoot"] = CFrame.new(1.1175870895385742e-08, 5.960464477539063e-08, 1.4901161193847656e-08, 0.9904126524925232, -0.07694754749536514, -0.11472581326961517, -0.011715762317180634, 0.7807177901268005, -0.6247740983963013, 0.13764338195323944, 0.6201282143592834, 0.7723311185836792),
            ["Head"] = CFrame.new(9.499490261077881e-08, 0, -2.3283064365386963e-08, 0.30185630917549133, 0.14103218913078308, -0.942864179611206, -0.3367849886417389, 0.941005527973175, 0.03293316066265106, 0.8918849229812622, 0.30760130286216736, 0.33154600858688354),
            ["LowerTorso"] = CFrame.new(0.0659516304731369, -0.31982362270355225, -0.2137860357761383, -0.1287016123533249, -0.10737311094999313, 0.9858534336090088, 0.20058025419712067, 0.9707555770874023, 0.1319141536951065, -0.971186637878418, 0.21472030878067017, -0.10340087115764618),
            ["UpperTorso"] = CFrame.new(-7.683411240577698e-09, -8.940696716308594e-08, 5.587935447692871e-09, 0.9974234700202942, -0.04910469055175781, -0.05229904502630234, 0.05335194990038872, 0.9951056838035583, 0.08317708224058151, 0.04795868694782257, -0.08575299382209778, 0.9951615333557129),
            ["HumanoidRootPart"] = CFrame.new(0, 0, 0, 1, 0, 0, 0, 1, 0, 0, 0, 1),
            ["RightUpperLeg"] = CFrame.new(-2.9802322387695312e-08, 1.8710852600634098e-07, -3.790773916989565e-09, 0.9486533999443054, -0.2546013593673706, -0.18770983815193176, 0.12236576527357101, 0.8426012396812439, -0.5244520902633667, 0.29169073700904846, 0.47455379366874695, 0.8304908275604248),
            ["LeftUpperArm"] = CFrame.new(1.1920928955078125e-07, -1.1920928955078125e-07, -1.1175870895385742e-08, 0.7864133715629578, 0.6057833433151245, 0.12074952572584152, -0.6122182607650757, 0.7384095788002014, 0.28273725509643555, 0.08211494982242584, -0.2962731719017029, 0.9515666961669922),
            ["RightLowerArm"] = CFrame.new(5.960464477539063e-08, -2.384185791015625e-07, 5.960464477539063e-08, 1, -9.685753354915505e-08, 7.450579175838357e-08, 2.9802315282267955e-08, 0.2026008665561676, -0.9792614579200745, 2.9802315282267955e-08, 0.9792613983154297, 0.20260103046894073),
            ["LeftHand"] = CFrame.new(2.1606683731079102e-07, 5.960464477539063e-08, 1.7881393432617188e-07, 0.9277467131614685, -0.21741606295108795, -0.30334213376045227, 0.05044456198811531, 0.878383219242096, -0.4752877950668335, 0.3697856068611145, 0.42564454674720764, 0.8258844017982483),
            ["RightHand"] = CFrame.new(3.8743019104003906e-07, 0, -3.725290298461914e-09, 0.8785736560821533, -0.055884502828121185, -0.4743262827396393, -0.11205320060253143, 0.9412925839424133, -0.3184533715248108, 0.4642763137817383, 0.3329344093799591, 0.8207327127456665),
            ["RightUpperArm"] = CFrame.new(1.1920928955078125e-07, -2.384185791015625e-07, -5.029141902923584e-08, 0.3943004012107849, -0.8113584518432617, 0.4315375089645386, 0.7631155252456665, 0.027437731623649597, -0.6456795930862427, 0.5120370388031006, 0.5839046835899353, 0.6299787759780884),
            ["RightLowerLeg"] = CFrame.new(-5.21540641784668e-08, 3.5762786865234375e-07, -1.879379851743579e-08, 1, -1.1175872316471214e-07, -5.215408904746255e-08, 1.3411046495548362e-07, 0.6500563025474548, 0.759885847568512, -5.401671643312511e-08, -0.7598860263824463, 0.6500565409660339),
            ["LeftUpperLeg"] = CFrame.new(8.940696716308594e-08, 1.9744038581848145e-07, -2.60770320892334e-08, 0.9610753655433655, 0.1880386769771576, -0.20242446660995483, -0.275913804769516, 0.6151796579360962, -0.7385294437408447, -0.014344661496579647, 0.7656340599060059, 0.6431163549423218),
            ["LeftLowerLeg"] = CFrame.new(-1.1175870895385742e-08, 0, 2.1420419216156006e-08, 1, 8.661302786094893e-08, 7.4505820180093e-08, -6.70552182668871e-08, 0.15824802219867706, 0.9873994588851929, 8.381902460996571e-08, -0.9873994588851929, 0.15824799239635468),
        }},
        {Time = 0.200, Data = {
            ["RightFoot"] = CFrame.new(3.3527612686157227e-08, 2.384185791015625e-07, 1.6952981241047382e-09, 0.9444478154182434, 0.3283383250236511, 0.014573389664292336, -0.32130497694015503, 0.9317293167114258, -0.16924366354942322, -0.06914767622947693, 0.15515969693660736, 0.985466480255127),
            ["LeftLowerArm"] = CFrame.new(2.9802322387695312e-08, -3.5762786865234375e-07, -1.7881393432617188e-07, 1, -1.862645149230957e-08, 1.7508865823856468e-07, 7.450579886381092e-08, -0.6953047513961792, -0.7187151312828064, 1.4901159772762185e-07, 0.7187151312828064, -0.6953046321868896),
            ["LeftFoot"] = CFrame.new(1.4901161193847656e-08, -1.1920928955078125e-07, -2.9802322387695312e-08, 0.9940698146820068, -0.050374552607536316, -0.09637314826250076, -0.016246289014816284, 0.8074912428855896, -0.5896555781364441, 0.10752413421869278, 0.5877246260643005, 0.8018843531608582),
            ["Head"] = CFrame.new(-7.82310962677002e-08, -2.384185791015625e-07, 5.3551048040390015e-09, 0.3119294047355652, 0.16760733723640442, -0.9352046847343445, -0.40124669671058655, 0.9154708385467529, 0.030238375067710876, 0.8612207174301147, 0.36581555008888245, 0.352814257144928),
            ["LowerTorso"] = CFrame.new(0.07476812601089478, -0.27130377292633057, -0.18540778756141663, -0.09827589988708496, -0.13618867099285126, 0.9857963919639587, 0.17399966716766357, 0.972980797290802, 0.15176452696323395, -0.9798295497894287, 0.1864430457353592, -0.07192378491163254),
            ["UpperTorso"] = CFrame.new(4.866160452365875e-08, 1.4901161193847656e-07, 2.7939677238464355e-08, 0.9967747926712036, -0.06568058580160141, -0.046109601855278015, 0.0688864216208458, 0.9950392842292786, 0.07177457958459854, 0.041166674345731735, -0.07471933215856552, 0.9963545799255371),
            ["HumanoidRootPart"] = CFrame.new(0, 0, 0, 1, 0, 0, 0, 1, 0, 0, 0, 1),
            ["RightUpperLeg"] = CFrame.new(1.7881393432617188e-07, 2.528540790081024e-07, 3.55576048605144e-08, 0.9520342350006104, -0.2596069872379303, -0.16197258234024048, 0.11990311741828918, 0.8035096526145935, -0.5830916166305542, 0.2815210819244385, 0.5357019901275635, 0.7960962057113647),
            ["LeftUpperArm"] = CFrame.new(-1.1920928955078125e-07, 3.5762786865234375e-07, 4.284083843231201e-08, 0.8921639323234558, 0.3674412965774536, 0.26273617148399353, -0.42310625314712524, 0.8834612965583801, 0.20119011402130127, -0.15819163620471954, -0.2906598746776581, 0.9436590075492859),
            ["RightLowerArm"] = CFrame.new(5.960464477539063e-08, -3.5762786865234375e-07, 1.4901161193847656e-08, 1, -5.960463766996327e-08, 7.450577754752885e-08, 8.940694584680386e-08, 0.18172843754291534, -0.9833487272262573, 1.3411042232291948e-07, 0.9833487272262573, 0.18172839283943176),
            ["LeftHand"] = CFrame.new(0, 0, 1.2665987014770508e-07, 0.8770672678947449, -0.4064900279045105, -0.25596630573272705, 0.09048197418451309, 0.6631141901016235, -0.7430292963981628, 0.4717690944671631, 0.6285263895988464, 0.6183759570121765),
            ["RightHand"] = CFrame.new(-1.1920928955078125e-07, 4.76837158203125e-07, 0, 0.8712310791015625, -0.1034523993730545, -0.4798480272293091, -0.06295615434646606, 0.9459176063537598, -0.3182399272918701, 0.486819326877594, 0.30746984481811523, 0.8175997734069824),
            ["RightUpperArm"] = CFrame.new(1.1920928955078125e-07, 2.384185791015625e-07, 7.916241884231567e-08, 0.4571165442466736, -0.7967339754104614, 0.3952966034412384, 0.46718958020210266, -0.16309864819049835, -0.8689837455749512, 0.7568212151527405, 0.5819052457809448, 0.29767072200775146),
            ["RightLowerLeg"] = CFrame.new(-9.685754776000977e-08, 2.384185791015625e-07, 1.229636836796999e-09, 1, -1.4156103134155273e-07, -1.192093321833454e-07, 1.2665987014770508e-07, 0.6174403429031372, 0.7866174578666687, -8.055940270423889e-08, -0.7866176962852478, 0.6174407601356506),
            ["LeftUpperLeg"] = CFrame.new(2.9802322387695312e-08, 3.427267074584961e-07, 2.2351741790771484e-08, 0.974676787853241, 0.16861435770988464, -0.14688237011432648, -0.22225619852542877, 0.6580632925033569, -0.7194130420684814, -0.024645432829856873, 0.7338405847549438, 0.6788744926452637),
            ["LeftLowerLeg"] = CFrame.new(-7.450580596923828e-09, 5.960464477539063e-08, -4.563480615615845e-08, 1, 9.313227877782992e-08, 5.215407838932151e-08, -9.313227167240257e-08, 0.265424907207489, 0.9641315937042236, 7.823110337312755e-08, -0.9641315937042236, 0.2654248774051666),
        }},
        {Time = 0.233, Data = {
            ["RightFoot"] = CFrame.new(-3.5390257835388184e-08, 2.980232238769531e-07, 3.149762051180005e-08, 0.9646148085594177, 0.25078651309013367, -0.08139146864414215, -0.2623734176158905, 0.9435141086578369, -0.2023395150899887, 0.026049839332699776, 0.21653494238853455, 0.9759273529052734),
            ["LeftLowerArm"] = CFrame.new(1.1920928955078125e-07, -4.76837158203125e-07, 7.450580596923828e-08, 1, -7.636842980218717e-08, 1.9371512394172896e-07, 2.2351738238057806e-08, -0.7332841753959656, -0.6799224615097046, 1.937150670983101e-07, 0.6799222826957703, -0.7332841157913208),
            ["LeftFoot"] = CFrame.new(-3.67872416973114e-08, 0, -1.4901161193847656e-08, 0.9968023896217346, -0.020484736189246178, -0.07723593711853027, -0.025763727724552155, 0.8325692415237427, -0.5533214211463928, 0.07563895732164383, 0.5535420179367065, 0.8293793797492981),
            ["Head"] = CFrame.new(-4.6566128730773926e-09, 0, 6.891787052154541e-08, 0.33169084787368774, 0.17443810403347015, -0.927120566368103, -0.4362952709197998, 0.8997069001197815, 0.013189325109124184, 0.8364375829696655, 0.4001235365867615, 0.374531090259552),
            ["LowerTorso"] = CFrame.new(0.08117914199829102, -0.22456598281860352, -0.14878922700881958, -0.052812352776527405, -0.15949679911136627, 0.9857847690582275, 0.14191767573356628, 0.9759439826011658, 0.16550767421722412, -0.9884686470031738, 0.14864113926887512, -0.028906485065817833),
            ["UpperTorso"] = CFrame.new(-2.6135239750146866e-08, -5.960464477539063e-08, 3.259629011154175e-08, 0.9961423277854919, -0.08048468828201294, -0.03496907651424408, 0.08246436715126038, 0.9948200583457947, 0.05943699926137924, 0.030004160478711128, -0.06209145113825798, 0.9976194500923157),
            ["HumanoidRootPart"] = CFrame.new(0, 0, 0, 1, 0, 0, 0, 1, 0, 0, 0, 1),
            ["RightUpperLeg"] = CFrame.new(-5.960464477539063e-08, -2.859160304069519e-07, 2.996966941282153e-08, 0.9540139436721802, -0.23832345008850098, -0.1818222552537918, 0.07020076364278793, 0.7673147916793823, -0.637416660785675, 0.2914262115955353, 0.595340371131897, 0.7487595081329346),
            ["LeftUpperArm"] = CFrame.new(-2.384185791015625e-07, -2.384185791015625e-07, 9.313225746154785e-09, 0.8990088701248169, 0.1371171474456787, 0.415910929441452, -0.21462415158748627, 0.9657958745956421, 0.1455162763595581, -0.3817322850227356, -0.2200850248336792, 0.8976876735687256),
            ["RightLowerArm"] = CFrame.new(-4.172325134277344e-07, 2.384185791015625e-07, 1.9371509552001953e-07, 1, -1.639127589214695e-07, 9.685756907629184e-08, 0, 0.15252725780010223, -0.9882993698120117, 4.470347292340193e-08, 0.9882992506027222, 0.15252718329429626),
            ["LeftHand"] = CFrame.new(1.1920928955078125e-07, 1.1920928955078125e-07, -4.470348358154297e-08, 0.8623903393745422, -0.4978010952472687, -0.09207069873809814, 0.09525321424007416, 0.3381800949573517, -0.9362483620643616, 0.4972020387649536, 0.7986416220664978, 0.33906054496765137),
            ["RightHand"] = CFrame.new(0, 5.960464477539063e-08, -8.940696716308594e-08, 0.8486483097076416, -0.19221444427967072, -0.4927976131439209, 0.02797069028019905, 0.9466432332992554, -0.3210673928260803, 0.5282174348831177, 0.2586894929409027, 0.8087436556816101),
            ["RightUpperArm"] = CFrame.new(-1.1920928955078125e-07, -4.76837158203125e-07, -1.0244548320770264e-08, 0.5311509370803833, -0.7550899386405945, 0.3843412399291992, 0.2196124643087387, -0.3154224455356598, -0.923189640045166, 0.8183209896087646, 0.5747591257095337, -0.001709785545244813),
            ["RightLowerLeg"] = CFrame.new(-3.725290298461914e-08, 3.5762786865234375e-07, 1.6952981241047382e-09, 1, -9.685754776000977e-08, -4.47035120032524e-08, 1.1920930376163597e-07, 0.5472621917724609, 0.8369610905647278, -6.705523247774181e-08, -0.8369612097740173, 0.5472624897956848),
            ["LeftUpperLeg"] = CFrame.new(-1.1920928955078125e-07, -4.33996319770813e-07, 2.2351741790771484e-08, 0.9866151213645935, 0.14405934512615204, -0.07640447467565536, -0.15695932507514954, 0.7119385600090027, -0.6844758987426758, -0.044209860265254974, 0.6873066425323486, 0.7250207662582397),
            ["LeftLowerLeg"] = CFrame.new(-4.842877388000488e-08, -5.960464477539063e-08, -3.5390257835388184e-08, 1, 7.636847243475131e-08, 6.14673041354763e-08, -8.568168397005138e-08, 0.38108357787132263, 0.9245406985282898, 5.587936158235607e-08, -0.924540638923645, 0.38108357787132263),
        }},
        {Time = 0.267, Data = {
            ["RightFoot"] = CFrame.new(2.9802322387695312e-08, 2.980232238769531e-07, 5.420588422566652e-09, 0.9843447208404541, 0.14776550233364105, -0.09607748687267303, -0.16797679662704468, 0.9515722990036011, -0.25747600197792053, 0.05337854102253914, 0.2695843279361725, 0.9614963531494141),
            ["LeftLowerArm"] = CFrame.new(-2.9802322387695312e-08, -5.960464477539063e-08, 2.9802322387695312e-08, 1, -1.2945385208240623e-07, 1.8626447229053156e-07, 7.823111758398227e-08, -0.746120810508728, -0.6658105254173279, 9.965153680013827e-08, 0.6658106446266174, -0.7461209297180176),
            ["LeftFoot"] = CFrame.new(5.320180207490921e-08, 0, 6.146728992462158e-08, 0.998112678527832, 0.007633797358721495, -0.060933008790016174, -0.03821812570095062, 0.8538857698440552, -0.5190554261207581, 0.04806748032569885, 0.5204044580459595, 0.8525659441947937),
            ["Head"] = CFrame.new(-3.306195139884949e-08, 0, 1.2014061212539673e-07, 0.3497159481048584, 0.1592821329832077, -0.9232161045074463, -0.44775959849357605, 0.8940219283103943, -0.015366770327091217, 0.8229278326034546, 0.41875287890434265, 0.3839738368988037),
            ["LowerTorso"] = CFrame.new(0.0845147967338562, -0.19488179683685303, -0.1106642484664917, -0.017979124560952187, -0.17159712314605713, 0.9850031733512878, 0.10216064751148224, 0.9796909689903259, 0.17253641784191132, -0.9946054220199585, 0.10373061895370483, -0.00008351187716471031),
            ["UpperTorso"] = CFrame.new(1.877197064459324e-08, -2.9802322387695312e-08, 1.9363142200745642e-08, 0.9950419068336487, -0.09504631161689758, -0.029291678220033646, 0.09648503363132477, 0.993954062461853, 0.052403055131435394, 0.024133864790201187, -0.0549694262444973, 0.9981964230537415),
            ["HumanoidRootPart"] = CFrame.new(0, 0, 0, 1, 0, 0, 0, 1, 0, 0, 0, 1),
            ["RightUpperLeg"] = CFrame.new(0, -1.9744038581848145e-07, -1.1372321750968695e-08, 0.9452037811279297, -0.23111674189567566, -0.23059704899787903, 0.016045717522501945, 0.7383421063423157, -0.6742356419563293, 0.3260866105556488, 0.6335898041725159, 0.7015920877456665),
            ["LeftUpperArm"] = CFrame.new(-1.1920928955078125e-07, 0, -2.9802322387695312e-08, 0.8675880432128906, 0.015421360731124878, 0.4970446228981018, -0.09213859587907791, 0.9871975183486938, 0.13019849359989166, -0.4886733293533325, -0.1587555706501007, 0.8579016327857971),
            ["RightLowerArm"] = CFrame.new(0, 2.384185791015625e-07, 2.7008354663848877e-07, 1, -1.7881393432617188e-07, -1.4901161193847656e-08, 7.450581307466564e-08, 0.13429230451583862, -0.9909418225288391, 2.6077035641947077e-08, 0.9909417629241943, 0.13429224491119385),
            ["LeftHand"] = CFrame.new(2.2351741790771484e-07, 2.384185791015625e-07, -4.470348358154297e-08, 0.8677945137023926, -0.4964749217033386, 0.021110806614160538, 0.09905887395143509, 0.13120326399803162, -0.986393928527832, 0.4869496822357178, 0.8580782413482666, 0.16303768754005432),
            ["RightHand"] = CFrame.new(5.960464477539063e-08, -2.980232238769531e-07, -8.940696716308594e-08, 0.8315600156784058, -0.2394719421863556, -0.5011600255966187, 0.07618203014135361, 0.9429302215576172, -0.3241589665412903, 0.5501856803894043, 0.2313782274723053, 0.8023463487625122),
            ["RightUpperArm"] = CFrame.new(1.1920928955078125e-07, -1.1920928955078125e-07, 5.029141902923584e-08, 0.5837113857269287, -0.7121495604515076, 0.3900308310985565, 0.13278260827064514, -0.39016783237457275, -0.9111189842224121, 0.8010305762290955, 0.5836198925971985, -0.1331842988729477),
            ["RightLowerLeg"] = CFrame.new(-4.470348358154297e-08, 1.1920928955078125e-07, 9.110226528719068e-08, 1, -1.1548398504146462e-07, -3.7252917195473856e-08, 1.341104507446289e-07, 0.46294015645980835, 0.886389434337616, -8.195638656616211e-08, -0.8863896131515503, 0.4629404842853546),
