return {
    ["Nishiyama"] = {
        {Time = 0.000, Data = {
            ["RightFoot"] = CFrame.new(-1.416765371686779e-09, 1.7881393432617188e-07, 1.3777025742456317e-08, 0.9999911785125732, 0.004201705567538738, -0.0001711308432277292, -0.004110282752662897, 0.9680182337760925, -0.2508465349674225, -0.000888412818312645, 0.2508450448513031, 0.968026876449585),
            ["LeftLowerArm"] = CFrame.new(0.000020831823348999023, 5.364418029785156e-07, -7.450580596923828e-08, 1, 0.0000065825870478875, -0.000038295987906167284, -0.00002748892075032927, -0.5774614810943604, -0.8164179921150208, -0.00002751406645984389, 0.8164178729057312, -0.5774614810943604),
            ["RightUpperArm"] = CFrame.new(-5.960464477539063e-08, -2.384185791015625e-07, -4.470348358154297e-08, 0.4233291745185852, -0.3731198012828827, -0.8255749344825745, 0.10615533590316772, 0.9254062175750732, -0.3638055622577667, 0.899735152721405, 0.06637030094861984, 0.4313600957393646),
            ["Head"] = CFrame.new(-3.725290298461914e-09, -2.384185791015625e-07, 3.166496753692627e-08, 0.9883406758308411, 0.052614178508520126, -0.14287909865379333, -0.08335792273283005, 0.9722500443458557, -0.2185896933078766, 0.12741324305534363, 0.22795121371746063, 0.9653000831604004),
            ["RightHand"] = CFrame.new(5.960464477539063e-08, 3.5762786865234375e-07, 1.476728357374668e-07, 0.5365245342254639, -0.30789345502853394, 0.7857118844985962, 0.6756372451782227, 0.7145841121673584, -0.1813390552997589, -0.5056241750717163, 0.6281490921974182, 0.5914160013198853),
            ["UpperTorso"] = CFrame.new(-3.259629011154175e-09, 8.940696716308594e-08, 5.587935447692871e-09, 0.9901517033576965, -0.13999630510807037, -0.0008478015661239624, 0.13990676403045654, 0.989262580871582, 0.042258091270923615, -0.005077255889773369, -0.04196050763130188, 0.9991064667701721),
            ["HumanoidRootPart"] = CFrame.new(0, 0, 0, 1, 0, 0, 0, 1, 0, 0, 0, 1),
            ["RightUpperLeg"] = CFrame.new(-5.960464477539063e-08, -7.82310962677002e-08, 1.3842509360983968e-08, 0.9850353002548218, -0.12809592485427856, -0.11531195044517517, 0.07978256791830063, 0.9319397211074829, -0.35372745990753174, 0.15277491509914398, 0.339234322309494, 0.928213357925415),
            ["LeftUpperArm"] = CFrame.new(0, -2.384185791015625e-07, 1.4901161193847656e-08, 0.6331386566162109, 0.1439794898033142, 0.760529637336731, 0.009927353821694851, 0.980956494808197, -0.19397401809692383, -0.7739747166633606, 0.13036249577999115, 0.6196522116661072),
            ["RightLowerArm"] = CFrame.new(-5.960464477539063e-08, 4.172325134277344e-07, 2.7008354663848877e-07, 1, -8.195638656616211e-08, 1.8392169920389279e-07, 1.9371512394172896e-07, -0.06578971445560455, -0.9978335499763489, 1.3411046495548362e-07, 0.9978334903717041, -0.06578978151082993),
            ["LeftHand"] = CFrame.new(1.1920928955078125e-07, 1.7881393432617188e-07, -7.078051567077637e-08, 0.5373106002807617, -0.037059202790260315, -0.8425698280334473, -0.5552408695220947, 0.7364425659179688, -0.386471152305603, 0.63482666015625, 0.675484299659729, 0.3751217722892761),
            ["LeftFoot"] = CFrame.new(1.5328563307548393e-08, -5.960464477539063e-08, 2.077040406334163e-08, 0.999634861946106, 0.02250136062502861, 0.014963662251830101, -0.022187108173966408, 0.9995365738868713, -0.020844006910920143, -0.01542579848319292, 0.02050444856286049, 0.9996708035469055),
            ["LowerTorso"] = CFrame.new(0, 0, 0, 0.988461971282959, 0.07910053431987762, 0.12917467951774597, -0.09660641849040985, 0.9860666990280151, 0.1354241669178009, -0.11666271090507507, -0.14634071290493011, 0.9823310971260071),
            ["RightLowerLeg"] = CFrame.new(1.816079020500183e-08, -0.000003993511199951172, -0.000012911703379359096, 1, -0.0000020459988263610285, -5.197944119572639e-07, 0.000002066604793071747, 0.8928626775741577, 0.4503290057182312, -4.4604530557990074e-07, -0.4503289461135864, 0.8928626775741577),
            ["LeftUpperLeg"] = CFrame.new(1.1601830607332886e-14, 2.7939677238464355e-09, 3.725290298461914e-09, 0.9406169652938843, 0.13505910336971283, 0.3114463686943054, 0.1486504226922989, 0.6609426140785217, -0.735566258430481, -0.30519309639930725, 0.7381828427314758, 0.6016174554824829),
            ["LeftLowerLeg"] = CFrame.new(1.9963344755069556e-08, 0.000003933906555175781, 0.000012990760296816006, 1, -0.000004316680588090094, -0.0000033308745059912326, 0.000004387460194266168, 0.2594165503978729, 0.9657655358314514, -0.0000032838429433468264, -0.9657655954360962, 0.2594163417816162),
        }},
        {Time = 0.042, Data = {
            ["RightFoot"] = CFrame.new(-5.516574219655013e-08, 4.76837158203125e-07, 2.1082087187096477e-08, 0.99998939037323, 0.004625437315553427, -0.00015730490849819034, -0.0045341080985963345, 0.9722957015037537, -0.23371034860610962, -0.0009280422236770391, 0.2337086796760559, 0.9723063111305237),
            ["LeftLowerArm"] = CFrame.new(0.0000209808349609375, 6.556510925292969e-07, -1.7881393432617188e-07, 1, 0.000003531576567183947, -0.00003873185414704494, -0.000027495469112182036, -0.640162467956543, -0.7682396173477173, -0.00002744142329902388, 0.7682396769523621, -0.6401624083518982),
            ["RightUpperArm"] = CFrame.new(0, 0, 4.470348358154297e-08, 0.4187714159488678, -0.3553713262081146, -0.8356683850288391, 0.1438264548778534, 0.934587299823761, -0.3253624439239502, 0.8966295719146729, 0.01606113836169243, 0.44249019026756287),
            ["Head"] = CFrame.new(1.4901161193847656e-08, 1.1920928955078125e-07, 2.7939677238464355e-09, 0.9864408373832703, 0.05954957380890846, -0.15293247997760773, -0.0848216861486435, 0.98273104429245, -0.16445396840572357, 0.1404983550310135, 0.17519615590572357, 0.9744570255279541),
            ["RightHand"] = CFrame.new(-2.384185791015625e-07, 5.960464477539063e-08, 5.122274160385132e-08, 0.5079728960990906, -0.3054458200931549, 0.8053983449935913, 0.726767361164093, 0.65386563539505, -0.21040235459804535, -0.4623558223247528, 0.6922157406806946, 0.554133951663971),
            ["UpperTorso"] = CFrame.new(4.6566128730773926e-09, 5.960464477539063e-08, -1.3969838619232178e-08, 0.9886031150817871, -0.1487664133310318, 0.023074626922607422, 0.14844530820846558, 0.9888059496879578, 0.015064375475049019, -0.02505740150809288, -0.011467349715530872, 0.9996203184127808),
            ["HumanoidRootPart"] = CFrame.new(0, 0, 0, 1, 0, 0, 0, 1, 0, 0, 0, 1),
            ["RightUpperLeg"] = CFrame.new(-2.9802322387695312e-08, -4.284083843231201e-08, -2.7135683922097087e-08, 0.9843664765357971, -0.13226740062236786, -0.11631042510271072, 0.09050149470567703, 0.9463422894477844, -0.31023502349853516, 0.15110348165035248, 0.29485881328582764, 0.9435179829597473),
            ["LeftUpperArm"] = CFrame.new(-5.960464477539063e-08, -2.384185791015625e-07, 1.862645149230957e-08, 0.6328450441360474, 0.18176133930683136, 0.7526420950889587, -0.005579814314842224, 0.9731013774871826, -0.23031005263328552, -0.7742583751678467, 0.1415509134531021, 0.6168365478515625),
            ["RightLowerArm"] = CFrame.new(2.980232238769531e-07, 2.980232238769531e-07, 3.5762786865234375e-07, 1, 0, 1.583248803171955e-07, 1.9557771224754106e-07, 0.0010989421280100942, -0.9999994039535522, 1.1920927533992653e-07, 0.9999994039535522, 0.0010988155845552683),
            ["LeftHand"] = CFrame.new(2.2351741790771484e-08, 2.384185791015625e-07, -3.5390257835388184e-08, 0.5371155738830566, -0.03227139264345169, -0.8428910970687866, -0.5951793789863586, 0.6935924887657166, -0.40582144260406494, 0.5977193117141724, 0.71964430809021, 0.35333219170570374),
            ["LeftFoot"] = CFrame.new(9.73364819856215e-08, -5.960464477539063e-08, -2.5995557706437467e-08, 0.999934732913971, -0.009202592074871063, -0.0067717814818024635, 0.009639658033847809, 0.9976655840873718, 0.06760656088590622, 0.006133740302175283, -0.06766732782125473, 0.9976890683174133),
            ["LowerTorso"] = CFrame.new(-0.0020900177769362926, 0.015432238578796387, -0.011484463699162006, 0.9879630208015442, 0.08768732845783234, 0.12743619084358215, -0.10175714641809464, 0.9888806939125061, 0.10844653099775314, -0.11650979518890381, -0.1201087236404419, 0.9859002828598022),
            ["RightLowerLeg"] = CFrame.new(7.450580596923828e-09, -0.0000040531158447265625, -0.000012970376701559871, 1, -0.0000019032743239222327, -4.898757310911606e-07, 0.0000019273718407930573, 0.903748631477356, 0.42806342244148254, -4.211905775264313e-07, -0.42806363105773926, 0.9037487506866455),
            ["LeftUpperLeg"] = CFrame.new(3.524958103184872e-14, -1.1408701539039612e-07, 1.1175870895385742e-08, 0.9577684998512268, 0.11794105917215347, 0.26223933696746826, 0.10173448175191879, 0.7140235304832458, -0.6926908493041992, -0.2689417004585266, 0.690116286277771, 0.6718705892562866),
            ["LeftLowerLeg"] = CFrame.new(4.231508654584104e-08, 0.000003814697265625, 0.000012811946362489834, 1, -0.0000037755826269858517, -0.0000026542691102804383, 0.000003905967332684668, 0.3518006205558777, 0.9360750317573547, -0.0000025462361463723937, -0.9360750317573547, 0.35180044174194336),
        }},
        {Time = 0.083, Data = {
            ["RightFoot"] = CFrame.new(-4.8600668378639966e-08, 2.384185791015625e-07, -1.8717400962486863e-08, 0.9999722242355347, 0.0074499063193798065, -0.00006937329453649, -0.00729015190154314, 0.9765198230743408, -0.21530458331108093, -0.0015363460406661034, 0.21529921889305115, 0.9765469431877136),
            ["LeftLowerArm"] = CFrame.new(0.00002110004425048828, 5.960464477539063e-08, -8.940696716308594e-08, 1, 7.599595051033248e-07, -0.00003877842755173333, -0.000027455389499664307, -0.6936853528022766, -0.7202782034873962, -0.00002747960388660431, 0.7202782034873962, -0.6936853528022766),
            ["RightUpperArm"] = CFrame.new(0, 0, -7.450580596923828e-09, 0.4122838079929352, -0.3564094007015228, -0.8384475708007812, 0.18221473693847656, 0.9339670538902283, -0.3074139356613159, 0.8926476836204529, -0.026035789400339127, 0.4500025808811188),
            ["Head"] = CFrame.new(-7.450580596923828e-09, 2.384185791015625e-07, 1.5832483768463135e-08, 0.9867931008338928, 0.06436097621917725, -0.14865124225616455, -0.07835060358047485, 0.9928321838378906, -0.09025265276432037, 0.14177700877189636, 0.10070764273405075, 0.9847625494003296),
            ["RightHand"] = CFrame.new(-5.960464477539063e-08, 1.1920928955078125e-07, -1.73225998878479e-07, 0.46084094047546387, -0.27604925632476807, 0.8434585928916931, 0.7847983837127686, 0.5705207586288452, -0.2420692890882492, -0.414387583732605, 0.7735005021095276, 0.47956225275993347),
            ["UpperTorso"] = CFrame.new(6.51925802230835e-09, -5.960464477539063e-08, -6.752088665962219e-09, 0.9887009859085083, -0.14521020650863647, 0.03720729053020477, 0.14534668624401093, 0.9893803596496582, -0.0009758071973919868, -0.036670487374067307, 0.006372758653014898, 0.9993071556091309),
            ["HumanoidRootPart"] = CFrame.new(0, 0, 0, 1, 0, 0, 0, 1, 0, 0, 0, 1),
            ["RightUpperLeg"] = CFrame.new(-5.960464477539063e-08, -1.4854595065116882e-07, 6.39192876406014e-09, 0.9838326573371887, -0.13387705385684967, -0.11895514279603958, 0.10241179168224335, 0.9654639959335327, -0.23956434428691864, 0.14691917598247528, 0.22350893914699554, 0.9635655879974365),
            ["LeftUpperArm"] = CFrame.new(5.960464477539063e-08, -1.1920928955078125e-07, -7.450580596923828e-09, 0.6309858560562134, 0.26367107033729553, 0.7296125292778015, -0.03978407010436058, 0.9502317309379578, -0.3089933693408966, -0.7747735381126404, 0.1659434735774994, 0.6100727319717407),
            ["RightLowerArm"] = CFrame.new(0, 7.748603820800781e-07, -2.2351741790771484e-08, 1, -5.215407838932151e-08, 1.7136343899437634e-07, 1.34896239956106e-07, 0.15386620163917542, -0.988091766834259, 1.1175869474300271e-07, 0.9880917072296143, 0.15386617183685303),
            ["LeftHand"] = CFrame.new(1.341104507446289e-07, 0, 2.0116567611694336e-07, 0.521990954875946, -0.012664427980780602, -0.8528569340705872, -0.6523597240447998, 0.6382372975349426, -0.4087541401386261, 0.5495018362998962, 0.7697355151176453, 0.32489246129989624),
            ["LeftFoot"] = CFrame.new(4.763598582258055e-08, -1.7881393432617188e-07, -1.899487678258538e-08, 0.9960691332817078, -0.0707424134016037, -0.053309664130210876, 0.07888788729906082, 0.982170581817627, 0.17063948512077332, 0.04028769209980965, -0.17417389154434204, 0.9838903546333313),
            ["LowerTorso"] = CFrame.new(-0.0075532072223722935, 0.03227674961090088, -0.03697624430060387, 0.987822949886322, 0.09452594816684723, 0.1235746294260025, -0.10091351717710495, 0.9938088059425354, 0.04648187384009361, -0.11841581016778946, -0.05838621035218239, 0.9912460446357727),
            ["RightLowerLeg"] = CFrame.new(-1.1408701539039612e-07, -0.0000036954879760742188, -0.000013002972991671413, 1, -0.000001993262685573427, -5.005859406992386e-07, 0.0000020447184851946076, 0.900539219379425, 0.4347747266292572, -4.3469475485835574e-07, -0.43477484583854675, 0.9005392789840698),
            ["LeftUpperLeg"] = CFrame.new(2.8199664825478976e-14, 1.775333657860756e-07, 9.313225746154785e-09, 0.9819170832633972, 0.09781508147716522, 0.16208340227603912, 0.012953066267073154, 0.8194534182548523, -0.5729994773864746, -0.18886776268482208, 0.5647374987602234, 0.8033683896064758),
            ["LeftLowerLeg"] = CFrame.new(3.486450594891721e-08, 0.000003933906555175781, 0.000012811946362489834, 1, -0.0000037178397178649902, -0.0000020861623397649964, 0.0000037476415855053347, 0.5321602821350098, 0.8466435670852661, -0.0000019967553726019105, -0.8466436862945557, 0.5321604609489441),
        }},
        {Time = 0.125, Data = {
            ["RightFoot"] = CFrame.new(-3.1615400075679645e-08, 2.384185791015625e-07, 1.2940290616825223e-08, 0.9999301433563232, 0.011813808232545853, 0.0004128054133616388, -0.011552244424819946, 0.9840040802955627, -0.1777709275484085, -0.002506309188902378, 0.17775392532348633, 0.9840718507766724),
            ["LeftLowerArm"] = CFrame.new(0.000020742416381835938, 0, -1.4901161193847656e-07, 1, -0.0000013373793308346649, -0.00003873835885315202, -0.000027488913474371657, -0.7304393649101257, -0.682977557182312, -0.00002743489676504396, 0.6829776167869568, -0.7304393649101257),
            ["RightUpperArm"] = CFrame.new(0, -2.384185791015625e-07, -2.9802322387695312e-08, 0.40705686807632446, -0.3628442883491516, -0.8382413983345032, 0.21454639732837677, 0.9300191402435303, -0.29838618636131287, 0.8878483176231384, -0.05838160961866379, 0.45641759037971497),
            ["Head"] = CFrame.new(-8.374627213925123e-09, -1.1920928955078125e-07, -1.5308614820241928e-08, 0.9886646866798401, 0.062376830726861954, -0.13657009601593018, -0.06573715806007385, 0.9976319670677185, -0.020230552181601524, 0.13498477637767792, 0.028978990390896797, 0.9904237985610962),
            ["RightHand"] = CFrame.new(1.1920928955078125e-07, 1.7881393432617188e-07, 1.1175870895385742e-08, 0.4055662751197815, -0.22899317741394043, 0.8849170804023743, 0.8322524428367615, 0.49284201860427856, -0.2538950443267822, -0.37798407673835754, 0.8394455909729004, 0.39046019315719604),
            ["UpperTorso"] = CFrame.new(-5.122274160385132e-09, -1.4901161193847656e-07, -4.656612873077393e-10, 0.990338146686554, -0.13361972570419312, 0.03709743544459343, 0.13347268104553223, 0.9910317659378052, 0.006422948092222214, -0.03762297332286835, -0.0014093767385929823, 0.9992910623550415),
            ["HumanoidRootPart"] = CFrame.new(0, 0, 0, 1, 0, 0, 0, 1, 0, 0, 0, 1),
            ["RightUpperLeg"] = CFrame.new(-2.9802322387695312e-08, 7.450580596923828e-08, -4.7839421313256025e-09, 0.9833857417106628, -0.1335313618183136, -0.12297093868255615, 0.1153595894575119, 0.9827402234077454, -0.14461658895015717, 0.14015929400920868, 0.12802796065807343, 0.9818168878555298),
            ["LeftUpperArm"] = CFrame.new(-5.960464477539063e-08, -3.5762786865234375e-07, 2.2351741790771484e-08, 0.62843257188797, 0.3431173264980316, 0.6980996131896973, -0.07425252348184586, 0.9198198318481445, -0.3852507174015045, -0.7743120193481445, 0.19026842713356018, 0.6035221219062805),
            ["RightLowerArm"] = CFrame.new(1.1920928955078125e-07, 1.1920928955078125e-07, 2.5331974029541016e-07, 1, -1.2945386629326094e-07, 7.450584149637507e-08, 1.471489667892456e-07, 0.3100707530975342, -0.950713574886322, 1.2665987014770508e-07, 0.950713574886322, 0.31007078289985657),
            ["LeftHand"] = CFrame.new(1.043081283569336e-07, 1.1920928955078125e-07, 7.450580596923828e-09, 0.4961410462856293, 0.01343056932091713, -0.8681381344795227, -0.7099394798278809, 0.5818869471549988, -0.39672839641571045, 0.49983006715774536, 0.8131587505340576, 0.2982330322265625),
            ["LeftFoot"] = CFrame.new(-4.583788282275236e-08, -7.771561172376096e-16, -1.10511866324714e-08, 0.9927043914794922, -0.0979534387588501, -0.07030825316905975, 0.11305645108222961, 0.9588591456413269, 0.2603984475135803, 0.041908781975507736, -0.2664475440979004, 0.9629378914833069),
            ["LowerTorso"] = CFrame.new(-0.015542123466730118, 0.049787163734436035, -0.07018789649009705, 0.98787921667099, 0.10048694163560867, 0.11830989271402359, -0.09698443114757538, 0.9946698546409607, -0.03501351550221443, -0.12119768559932709, 0.02311490662395954, 0.9923593401908875),
            ["RightLowerLeg"] = CFrame.new(-3.4458935260772705e-08, -0.000004172325134277344, -0.000013030912668909878, 1, -0.000001989769771171268, -5.159527063369751e-07, 0.0000020107256659684936, 0.8963136672973633, 0.4434202313423157, -4.197937073513458e-07, -0.44342052936553955, 0.8963139057159424),
            ["LeftUpperLeg"] = CFrame.new(-5.960465188081798e-08, 1.6107514966279268e-07, -2.7937403501709923e-09, 0.9927683472633362, 0.0739690512418747, 0.09454971551895142, -0.03378482162952423, 0.9279336333274841, -0.37121132016181946, -0.11519397795200348, 0.36533233523368835, 0.9237220883369446),
            ["LeftLowerLeg"] = CFrame.new(4.976566714276487e-08, 0.0000040531158447265625, 0.000012968408555025235, 1, -0.000003036112047993811, -0.0000012554229442685028, 0.0000031068927910382627, 0.7269050478935242, 0.6867377161979675, -0.0000012330714298514067, -0.6867379546165466, 0.7269052267074585),
        }},
        {Time = 0.167, Data = {
            ["RightFoot"] = CFrame.new(-1.4534634829033166e-08, 2.980232238769531e-07, 4.442335921339691e-08, 0.9998651146888733, 0.016348689794540405, 0.0016140354564413428, -0.01615353301167488, 0.9962832927703857, -0.08460884541273117, -0.0029912791214883327, 0.08457136154174805, 0.9964129328727722),
            ["LeftLowerArm"] = CFrame.new(0.00002092123031616211, -1.1920928955078125e-07, 2.384185791015625e-07, 1, -0.0000021094454041303834, -0.00003878353163599968, -0.00002747960388660431, -0.7441341876983643, -0.6680302619934082, -0.000027479138225317, 0.6680302023887634, -0.7441341876983643),
            ["RightUpperArm"] = CFrame.new(0, -1.1920928955078125e-07, 3.725290298461914e-08, 0.40734049677848816, -0.3613136410713196, -0.8387646675109863, 0.23435936868190765, 0.9290130734443665, -0.2863748073577881, 0.8826943635940552, -0.07992033660411835, 0.46310195326805115),
            ["Head"] = CFrame.new(-7.450580596923828e-09, -4.76837158203125e-07, 6.28642737865448e-08, 0.9910436272621155, 0.05619439482688904, -0.12114007771015167, -0.051372379064559937, 0.9977719783782959, 0.04256996884942055, 0.12326236069202423, -0.03596540167927742, 0.9917221665382385),
            ["RightHand"] = CFrame.new(2.9802322387695312e-08, 5.960464477539063e-08, -7.078051567077637e-08, 0.3496621251106262, -0.18303577601909637, 0.9188223481178284, 0.8566297292709351, 0.45959019660949707, -0.23444080352783203, -0.37937062978744507, 0.8690654635429382, 0.317495197057724),
            ["UpperTorso"] = CFrame.new(1.1175870895385742e-08, 0, 6.443588063120842e-08, 0.9950855374336243, -0.09598071873188019, 0.02434341050684452, 0.09471508115530014, 0.9943130016326904, 0.04869029298424721, -0.02887827530503273, -0.046145305037498474, 0.9985172748565674),
            ["HumanoidRootPart"] = CFrame.new(0, 0, 0, 1, 0, 0, 0, 1, 0, 0, 0, 1),
            ["RightUpperLeg"] = CFrame.new(0, -6.332993507385254e-08, 5.8545992942526937e-08, 0.9855364561080933, -0.10405106097459793, -0.13375850021839142, 0.10568471252918243, 0.9943863153457642, 0.00515229906886816, 0.13247150182724, -0.01921401172876358, 0.9910006523132324),
            ["LeftUpperArm"] = CFrame.new(0, -4.76837158203125e-07, 5.960464477539063e-08, 0.6314341425895691, 0.3780336380004883, 0.6770387887954712, -0.09141466021537781, 0.9033162593841553, -0.41912174224853516, -0.7700222730636597, 0.20275655388832092, 0.6049426198005676),
            ["RightLowerArm"] = CFrame.new(-2.086162567138672e-07, -1.7881393432617188e-07, 3.2782554626464844e-07, 1, -3.2596297216969106e-08, 1.378358120973644e-07, 1.4901161193847656e-07, 0.38053035736083984, -0.9247684478759766, 4.842877388000488e-08, 0.9247684478759766, 0.3805304765701294),
            ["LeftHand"] = CFrame.new(4.0978193283081055e-08, -2.980232238769531e-07, 2.9802322387695312e-08, 0.465509295463562, 0.039664994925260544, -0.8841536641120911, -0.754703164100647, 0.5396167635917664, -0.37314486503601074, 0.4623032808303833, 0.8409758806228638, 0.28113192319869995),
            ["LeftFoot"] = CFrame.new(5.22718712758774e-09, -2.384185791015625e-07, 7.876466590062137e-09, 0.9925752878189087, -0.11073080450296402, -0.05032932385802269, 0.11735047399997711, 0.9806281328201294, 0.15683521330356598, 0.03198784217238426, -0.16157697141170502, 0.9863415956497192),
            ["LowerTorso"] = CFrame.new(-0.025502830743789673, 0.06754028797149658, -0.10823936760425568, 0.9899937510490417, 0.08342224359512329, 0.11381154507398605, -0.06907091289758682, 0.9897892475128174, -0.12468563765287399, -0.1230509951710701, 0.11557693779468536, 0.9856472015380859),
            ["RightLowerLeg"] = CFrame.new(-6.332993507385254e-08, -0.000004291534423828125, -0.000012992728443350643, 1, -0.0000017876732272270601, -4.018656341031601e-07, 0.0000018004795947490493, 0.9238883256912231, 0.3826620578765869, -3.268942521117424e-07, -0.3826621174812317, 0.9238883852958679),
            ["LeftUpperLeg"] = CFrame.new(3.0142555118573e-13, -3.864988684654236e-08, 9.685754776000977e-08, 0.9938531517982483, 0.07788655161857605, 0.07867445796728134, -0.06392765045166016, 0.9839599132537842, -0.16654151678085327, -0.09038382023572922, 0.16048836708068848, 0.9828908443450928),
            ["LeftLowerLeg"] = CFrame.new(-1.8120232425644645e-07, 0.000003874301910400391, 0.000012946056813234463, 1, -0.000002626330569910351, -8.009375846995681e-07, 0.0000026412310489831725, 0.8436949253082275, 0.5368233323097229, -7.599593345730682e-07, -0.5368230938911438, 0.8436947464942932),
        }},
        {Time = 0.208, Data = {
            ["RightFoot"] = CFrame.new(-3.9034489418554585e-08, 2.980232238769531e-07, 2.2755557438358665e-08, 0.9997593760490417, 0.021644840016961098, 0.003584255464375019, -0.021649353206157684, 0.9997649192810059, 0.0012301479000598192, -0.0035568028688430786, -0.0013071554712951183, 0.999992847442627),
            ["LeftLowerArm"] = CFrame.new(0.000020802021026611328, -1.7881393432617188e-07, 1.1920928955078125e-07, 1, -0.0000017336567452730378, -0.000038861180655658245, -0.000027466565370559692, -0.7385891079902649, -0.6741558909416199, -0.00002752896398305893, 0.6741558909416199, -0.7385890483856201),
            ["RightUpperArm"] = CFrame.new(0, 0, -2.60770320892334e-08, 0.41969189047813416, -0.33453550934791565, -0.843768298625946, 0.23025669157505035, 0.9384328722953796, -0.2575378715991974, 0.8779754042625427, -0.08619680255651474, 0.4708815813064575),
            ["Head"] = CFrame.new(-8.381903171539307e-09, -2.384185791015625e-07, -1.30385160446167e-08, 0.9934998750686646, 0.047982629388570786, -0.10322649031877518, -0.0386522151529789, 0.9951404333114624, 0.09056288748979568, 0.10707028955221176, -0.08598426729440689, 0.9905264377593994),
            ["RightHand"] = CFrame.new(-7.450580596923828e-08, 0, 6.05359673500061e-08, 0.296762079000473, -0.14288939535617828, 0.9442006945610046, 0.8476837277412415, 0.4947088658809662, -0.1915607750415802, -0.4397324025630951, 0.8572314977645874, 0.26793575286865234),
            ["UpperTorso"] = CFrame.new(0, -1.4901161193847656e-07, 3.620516508817673e-08, 0.9985169768333435, -0.05410059913992882, 0.0060929348692297935, 0.052960336208343506, 0.9911657571792603, 0.12159700691699982, -0.012617586180567741, -0.12109393626451492, 0.9925609230995178),
            ["HumanoidRootPart"] = CFrame.new(0, 0, 0, 1, 0, 0, 0, 1, 0, 0, 0, 1),
            ["RightUpperLeg"] = CFrame.new(-2.9802322387695312e-08, 9.499490261077881e-08, -1.968510332517326e-08, 0.9878213405609131, -0.07262374460697174, -0.1376037746667862, 0.09245812892913818, 0.9852896332740784, 0.14372193813323975, 0.1251419186592102, -0.15469416975975037, 0.9800047278404236),
            ["LeftUpperArm"] = CFrame.new(-5.960464477539063e-08, -1.1920928955078125e-07, -5.960464477539063e-08, 0.6428943872451782, 0.36672186851501465, 0.6724597215652466, -0.08664301782846451, 0.9071193933486938, -0.4118584096431732, -0.7610387206077576, 0.20651748776435852, 0.6149557828903198),
            ["RightLowerArm"] = CFrame.new(0, 2.980232238769531e-07, 1.4901161193847656e-08, 1, 9.313224857976365e-09, 1.266598843585598e-07, 1.3783575525394554e-07, 0.36433058977127075, -0.931269645690918, -4.4703490686970326e-08, 0.931269645690918, 0.36433061957359314),
            ["LeftHand"] = CFrame.new(-6.891787052154541e-08, 1.1920928955078125e-07, -8.940696716308594e-08, 0.4270986318588257, 0.060810383409261703, -0.9021579027175903, -0.7825371026992798, 0.5247333645820618, -0.3350980877876282, 0.4530147612094879, 0.8490919470787048, 0.27169933915138245),
            ["LeftFoot"] = CFrame.new(4.6743689807726696e-08, 5.960464477539063e-08, 2.4572871737404967e-08, 0.9929798245429993, -0.11427123844623566, -0.030549462884664536, 0.11638738960027695, 0.9899753332138062, 0.08001873642206192, 0.021099423989653587, -0.08301234245300293, 0.9963251948356628),
            ["LowerTorso"] = CFrame.new(-0.03704649955034256, 0.08503758907318115, -0.1490442454814911, 0.9917977452278137, 0.06247750297188759, 0.1115071251988411, -0.0376034639775753, 0.9764111042022705, -0.21262039244174957, -0.12216077744960785, 0.20668341219425201, 0.9707516431808472),
            ["RightLowerLeg"] = CFrame.new(-2.0023435354232788e-08, -0.000003874301910400391, -0.00001301601150771603, 1, -0.0000015562392263746005, -3.078019688018685e-07, 0.00000154925453443866, 0.9398876428604126, 0.34148338437080383, -2.0849977033776668e-07, -0.34148386120796204, 0.9398877620697021),
            ["LeftUpperLeg"] = CFrame.new(-3.5416114485542494e-14, 1.434236764907837e-07, -1.1175870895385742e-08, 0.9917317032814026, 0.0948946475982666, 0.08639027178287506, -0.0987679660320282, 0.9942359328269958, 0.04171288013458252, -0.08193399757146835, -0.049900516867637634, 0.9953877925872803),
            ["LeftLowerLeg"] = CFrame.new(3.486450594891721e-08, 0.000003993511199951172, 0.00001290135332965292, 1, -0.0000015236443005051115, -3.483146713278984e-07, 0.0000015795228591741761, 0.9281051158905029, 0.37231823801994324, -2.1047887344138871e-07, -0.37231841683387756, 0.9281052350997925),
        }},
        {Time = 0.250, Data = {
            ["RightFoot"] = CFrame.new(2.705507995415246e-08, 3.5762786865234375e-07, -3.3225660445168614e-08, 0.9995859861373901, 0.0281300600618124, 0.006044348701834679, -0.028157362714409828, 0.9995934963226318, 0.004483717959374189, -0.0059157805517315865, -0.004651790019124746, 0.9999716877937317),
            ["LeftLowerArm"] = CFrame.new(0.00002092123031616211, 0, -1.9371509552001953e-07, 1, -0.0000010076912531076232, -0.0000388233493140433, -0.000027524776669451967, -0.7239513397216797, -0.6898510456085205, -0.000027458652766654268, 0.6898511052131653, -0.7239512801170349),
            ["RightUpperArm"] = CFrame.new(0, -2.384185791015625e-07, 4.470348358154297e-08, 0.44291451573371887, -0.28015291690826416, -0.8516696095466614, 0.2014174610376358, 0.9567367434501648, -0.20996631681919098, 0.8736463189125061, -0.07854408025741577, 0.4801803231239319),
            ["Head"] = CFrame.new(-3.725290298461914e-09, -2.384185791015625e-07, 3.096647560596466e-08, 0.9957100749015808, 0.0346556194126606, -0.08579254150390625, -0.026259426027536392, 0.9949252605438232, 0.09712938964366913, 0.08872324973344803, -0.09445982426404953, 0.9915671944618225),
            ["RightHand"] = CFrame.new(5.21540641784668e-08, -2.384185791015625e-07, 2.2351741790771484e-08, 0.2431323230266571, -0.10211628675460815, 0.9646030068397522, 0.8040204048156738, 0.5775151252746582, -0.14151893556118011, -0.542621374130249, 0.8099682331085205, 0.2225162237882614),
            ["UpperTorso"] = CFrame.new(1.862645149230957e-09, -1.7881393432617188e-07, 6.426125764846802e-08, 0.9998461604118347, -0.013362021185457706, -0.011369778774678707, 0.015275876969099045, 0.9817483425140381, 0.18957068026065826, 0.00862922240048647, -0.189715176820755, 0.9818012714385986),
            ["HumanoidRootPart"] = CFrame.new(0, 0, 0, 1, 0, 0, 0, 1, 0, 0, 0, 1),
            ["RightUpperLeg"] = CFrame.new(-5.960464477539063e-08, 4.116445779800415e-07, -3.831155481748283e-08, 0.9897864460945129, -0.053832948207855225, -0.13200339674949646, 0.07695180922746658, 0.9812267422676086, 0.17684023082256317, 0.12000545859336853, -0.1851920336484909, 0.9753474593162537),
            ["LeftUpperArm"] = CFrame.new(-5.960464477539063e-08, -1.1920928955078125e-07, 5.960464477539063e-08, 0.6577914357185364, 0.3385971188545227, 0.6728019118309021, -0.07011951506137848, 0.916907548904419, -0.392891526222229, -0.7499291300773621, 0.2112642228603363, 0.6268762350082397),
            ["RightLowerArm"] = CFrame.new(-5.960464477539063e-08, 8.940696716308594e-07, -8.940696716308594e-08, 1, 1.862645371275562e-09, 1.9138683171604498e-07, 1.4528630742915993e-07, 0.3203275501728058, -0.9473068118095398, -1.862644971595273e-08, 0.9473068714141846, 0.32032760977745056),
            ["LeftHand"] = CFrame.new(3.46451997756958e-07, 3.5762786865234375e-07, 6.705522537231445e-08, 0.3774658143520355, 0.07617144286632538, -0.9228854179382324, -0.7972745299339294, 0.5336714386940002, -0.2820429503917694, 0.47103390097618103, 0.8422545194625854, 0.26217231154441833),
            ["LeftFoot"] = CFrame.new(-2.325579195883165e-08, -5.960464477539063e-08, 4.944166853704246e-09, 0.9938717484474182, -0.10908469557762146, -0.0178727637976408, 0.11053873598575592, 0.9812260270118713, 0.15804004669189453, 0.00029740954050794244, -0.15904730558395386, 0.9872709512710571),
            ["LowerTorso"] = CFrame.new(-0.04988420009613037, 0.09955418109893799, -0.1855745017528534, 0.9929296970367432, 0.03918754309415817, 0.11204967647790909, -0.007662546820938587, 0.9631274938583374, -0.2689363956451416, -0.11845709383487701, 0.26617631316185, 0.956618070602417),
            ["RightLowerLeg"] = CFrame.new(3.3527612686157227e-08, -0.0000040531158447265625, -0.00001293964305659756, 1, -0.000001872889015430701, -4.6845519818816683e-07, 0.0000019036231151403626, 0.9037789702415466, 0.4279992878437042, -3.8556748904738924e-07, -0.4279995858669281, 0.9037790298461914),
            ["LeftUpperLeg"] = CFrame.new(8.940713058791516e-08, -7.450580152834618e-09, 5.2153836804791354e-08, 0.9885447025299072, 0.09820527583360672, 0.11460845917463303, -0.12957896292209625, 0.9415845274925232, 0.3108502924442291, -0.07738635689020157, -0.32214027643203735, 0.9435237646102905),
            ["LeftLowerLeg"] = CFrame.new(1.2613412536666146e-07, 0.000003874301910400391, 0.000013083892554277554, 1, -1.0989607801548118e-07, -3.725290742551124e-09, 1.396984004031765e-07, 0.9999845623970032, 0.005558839533478022, 6.05359762317903e-09, -0.005558740813285112, 0.999984622001648),
        }},
        {Time = 0.292, Data = {
            ["RightFoot"] = CFrame.new(-2.3283064365386963e-09, 2.980232238769531e-07, -2.9071088647469878e-08, 0.9999272227287292, 0.011496935039758682, 0.0036548874340951443, -0.011227192357182503, 0.9977030754089355, -0.06680168956518173, -0.004414486698806286, 0.06675580888986588, 0.9977595806121826),
            ["LeftLowerArm"] = CFrame.new(0.000020891427993774414, -9.5367431640625e-07, 8.940696716308594e-08, 1, 1.9371509552001953e-07, -0.00003888085120706819, -0.00002744794255704619, -0.7031674385070801, -0.7110243439674377, -0.000027382749976823106, 0.7110243439674377, -0.7031674385070801),
            ["RightUpperArm"] = CFrame.new(0, 0, 3.725290298461914e-09, 0.4697822034358978, -0.2074943631887436, -0.8580505847930908, 0.15749476850032806, 0.9760903120040894, -0.14981059730052948, 0.8686196804046631, -0.06476028263568878, 0.4912290871143341),
            ["Head"] = CFrame.new(-3.725290298461914e-09, 1.1920928955078125e-07, 1.1175870895385742e-08, 0.9977848529815674, 0.015396260656416416, -0.06471820920705795, -0.014017042703926563, 0.9996660351753235, 0.02171151712536812, 0.06503086537122726, -0.020756233483552933, 0.9976674318313599),
            ["RightHand"] = CFrame.new(1.4901161193847656e-07, -2.384185791015625e-07, 3.2782554626464844e-07, 0.18635621666908264, -0.06796132773160934, 0.9801289439201355, 0.7284232974052429, 0.6790012121200562, -0.09141700714826584, -0.6592957973480225, 0.7309848070144653, 0.1760406792163849),
            ["UpperTorso"] = CFrame.new(4.6566128730773926e-09, 0, -2.0489096641540527e-08, 0.9997891187667847, 0.019556567072868347, -0.006266940385103226, -0.018238812685012817, 0.9858395457267761, 0.1666966825723648, 0.009438199922442436, -0.16654716432094574, 0.9859883785247803),
            ["HumanoidRootPart"] = CFrame.new(0, 0, 0, 1, 0, 0, 0, 1, 0, 0, 0, 1),
            ["RightUpperLeg"] = CFrame.new(-2.9802322387695312e-08, -3.029126673936844e-07, -3.831155481748283e-08, 0.990069568157196, -0.060286182910203934, -0.12699604034423828, 0.039180658757686615, 0.9859188199043274, -0.1625698059797287, 0.13500851392745972, 0.15597952902317047, 0.9784902334213257),
            ["LeftUpperArm"] = CFrame.new(0, 0, 1.280568540096283e-09, 0.6728807687759399, 0.301705539226532, 0.6754297614097595, -0.047068677842617035, 0.9286616444587708, -0.36792972683906555, -0.7382520437240601, 0.21578125655651093, 0.6390793323516846),
            ["RightLowerArm"] = CFrame.new(1.7881393432617188e-07, 4.172325134277344e-07, -2.9802322387695312e-08, 1, -1.611188196193325e-07, 1.5739355774258001e-07, 1.7881393432617188e-07, 0.25526416301727295, -0.9668713808059692, 2.9802322387695312e-08, 0.966871440410614, 0.25526416301727295),
            ["LeftHand"] = CFrame.new(8.195638656616211e-08, -5.960464477539063e-08, 6.51925802230835e-08, 0.32351040840148926, 0.08786322176456451, -0.9421364068984985, -0.7998715043067932, 0.5573313236236572, -0.22268293797969818, 0.5055162310600281, 0.8256282210350037, 0.2505820691585541),
            ["LeftFoot"] = CFrame.new(2.9262114509265302e-08, 1.1920928955078125e-07, -9.491169628006446e-09, 0.9945804476737976, -0.1037258431315422, -0.007113758008927107, 0.10396897047758102, 0.9924279451370239, 0.06540108472108841, 0.0002762642106972635, -0.0657861977815628, 0.997833788394928),
            ["LowerTorso"] = CFrame.new(-0.0637899711728096, 0.08131563663482666, -0.17427445948123932, 0.9957621693611145, 0.0052369702607393265, 0.09181638062000275, 0.011361612007021904, 0.9837238192558289, -0.17932742834091187, -0.09126109629869461, 0.17961065471172333, 0.9794955253601074),
            ["RightLowerLeg"] = CFrame.new(2.0489096641540527e-08, -0.0000036954879760742188, -0.000012964788766112179, 1, -0.0000033167873425554717, -0.0000014482063761533936, 0.0000033564865589141846, 0.6951900720596313, 0.7188260555267334, -0.0000013997778296470642, -0.7188259959220886, 0.6951901316642761),
            ["LeftUpperLeg"] = CFrame.new(-8.093525849517391e-14, -4.516914486885071e-08, -2.60770320892334e-08, 0.9850223660469055, 0.10590505599975586, 0.1360701471567154, -0.1346469521522522, 0.9653960466384888, 0.22333982586860657, -0.10770884156227112, -0.23831616342067719, 0.9651964902877808),
            ["LeftLowerLeg"] = CFrame.new(-3.5916009721859155e-08, 0.000003874301910400391, 0.000012990760296816006, 1, -3.166496398421259e-08, -9.406359424701805e-08, 2.328306969445748e-08, 0.9999845623970032, 0.005565533880144358, 8.381904947896146e-09, -0.005565549712628126, 0.9999845027923584),
        }},
        {Time = 0.333, Data = {
            ["RightFoot"] = CFrame.new(-2.9802322387695312e-08, 2.980232238769531e-07, 1.9357685232535005e-08, 0.9978168606758118, -0.059055179357528687, -0.029563892632722855, 0.05840279161930084, 0.9980403184890747, -0.0224648118019104, 0.0308326855301857, 0.020689597353339195, 0.9993104934692383),
            ["LeftLowerArm"] = CFrame.new(0.000020742416381835938, -1.7881393432617188e-07, 1.4901161193847656e-08, 1, 0.000001497566472608014, -0.000038888301787665114, -0.000027477733965497464, -0.6794313788414001, -0.7337390780448914, -0.00002751126157818362, 0.7337390780448914, -0.6794314980506897),
            ["RightUpperArm"] = CFrame.new(1.1920928955078125e-07, 5.960464477539062e-07, 4.842877388000488e-08, 0.4943864643573761, -0.12718938291072845, -0.859886646270752, 0.10920751094818115, 0.9904872179031372, -0.08371903002262115, 0.8623548746109009, -0.05251660943031311, 0.503573477268219),
            ["Head"] = CFrame.new(-1.30385160446167e-08, 3.5762786865234375e-07, 1.6763806343078613e-08, 0.9992620944976807, -0.0022278912365436554, -0.038345858454704285, -0.0014155025128275156, 0.9955025315284729, -0.0947253406047821, 0.03838442638516426, 0.09470974653959274, 0.9947646856307983),
            ["RightHand"] = CFrame.new(8.940696716308594e-08, -5.960464477539063e-08, 4.470348358154297e-08, 0.12855249643325806, -0.045301035046577454, 0.9906675219535828, 0.6344848275184631, 0.7715017795562744, -0.047053925693035126, -0.7621700763702393, 0.6346124410629272, 0.12792131304740906),
            ["UpperTorso"] = CFrame.new(1.3504177331924438e-08, 4.172325134277344e-07, -2.2351741790771484e-08, 0.998703122138977, 0.05087330937385559, 0.0020479410886764526, -0.05063372477889061, 0.9881730675697327, 0.1447419375181198, 0.005339793395251036, -0.1446578949689865, 0.9894673228263855),
            ["HumanoidRootPart"] = CFrame.new(0, 0, 0, 1, 0, 0, 0, 1, 0, 0, 0, 1),
            ["RightUpperLeg"] = CFrame.new(5.960464477539063e-08, 6.454065442085266e-07, -1.0586518328636885e-09, 0.9813960194587708, -0.048795249313116074, -0.1856902539730072, -0.05353569611907005, 0.8592563271522522, -0.508736252784729, 0.18437941372394562, 0.509212851524353, 0.8406584858894348),
            ["LeftUpperArm"] = CFrame.new(-1.1920928955078125e-07, 1.1920928955078125e-07, -1.4901161193847656e-08, 0.6855000853538513, 0.2644854187965393, 0.6783340573310852, -0.023143386468291283, 0.939129650592804, -0.3427828848361969, -0.727704644203186, 0.21927863359451294, 0.6498945355415344),
            ["RightLowerArm"] = CFrame.new(2.384185791015625e-07, 5.960464477539063e-08, -8.195638656616211e-08, 1, -1.1920930376163597e-07, 1.6205018482651212e-07, 1.639127589214695e-07, 0.17655892670154572, -0.9842900633811951, 1.662410653580082e-07, 0.9842901229858398, 0.1765589416027069),
            ["LeftHand"] = CFrame.new(-1.4901161193847656e-08, -1.7881393432617188e-07, -3.725290298461914e-08, 0.2724122107028961, 0.09686138480901718, -0.9572928547859192, -0.7928415536880493, 0.5863014459609985, -0.16629154980182648, 0.5451548099517822, 0.8042814135551453, 0.23651152849197388),
            ["LeftFoot"] = CFrame.new(-2.432007040198414e-09, -2.384185791015625e-07, 7.2725381272675804e-09, 0.9950818419456482, -0.09903495013713837, 0.0020587339531630278, 0.09905602782964706, 0.9948090314865112, -0.023303784430027008, 0.0002598066348582506, 0.023393264040350914, 0.999726414680481),
