return {
    ["No Limit"] = {
        {Time = 0.000, Data = {
            ["LeftFoot"] = CFrame.new(1.4901161193847656e-08, 5.960464477539063e-08, -5.21540641784668e-08, 0.8899512887001038, 0.020648306235671043, 0.45558762550354004, 0.11239749938249588, 0.958229660987854, -0.2629881799221039, -0.4419880509376526, 0.2852535545825958, 0.8504570126533508),
            ["LeftLowerArm"] = CFrame.new(-5.960464477539063e-08, -5.960464477539063e-08, 1.414446160197258e-08, 1, -1.1920928955078125e-07, 4.470348358154297e-08, 4.470348358154297e-08, -0.19128566980361938, -0.981534481048584, 2.0116567611694336e-07, 0.981534481048584, -0.1912856101989746),
            ["LowerTorso"] = CFrame.new(0, -0.1344953179359436, 0, 0.9999271631240845, -0.00919424556195736, 0.00781923346221447, 0.009944816119968891, 0.9947243928909302, -0.10210123658180237, -0.00683923764154315, 0.10217157751321793, 0.994743287563324),
            ["Head"] = CFrame.new(9.313225746154785e-10, 0, -2.2118911147117615e-09, 1, -1.8626449271863521e-09, 2.444721758365631e-09, 2.9103830456733704e-09, 0.9999346733093262, -0.0114317387342453, -1.8044374883174896e-09, 0.011431737802922726, 0.999934732913971),
            ["RightUpperArm"] = CFrame.new(-0.1976146697998047, -0.19872313737869263, 0.24421018362045288, 0.6311023235321045, -0.10608229786157608, -0.7684117555618286, 0.2672921419143677, 0.9596762657165527, 0.0870419442653656, 0.7281928658485413, -0.2603227496147156, 0.6340088844299316),
            ["UpperTorso"] = CFrame.new(1.7462298274040222e-10, 2.9802322387695312e-08, 2.461092662997544e-09, 0.9978018999099731, 0.041314151138067245, -0.05181239917874336, -0.03720938414335251, 0.996272087097168, 0.07782959938049316, 0.054834697395563126, -0.07573059946298599, 0.9956194758415222),
            ["HumanoidRootPart"] = CFrame.new(0, 0, 0, 1, 0, 0, 0, 1, 0, 0, 0, 1),
            ["RightHand"] = CFrame.new(2.9802322387695312e-08, 0, -1.4901161193847656e-08, 0.8657970428466797, -0.33880043029785156, -0.3682524859905243, 0.25719213485717773, 0.9325715899467468, -0.25330305099487305, 0.42924097180366516, 0.12459740787744522, 0.8945545554161072),
            ["LeftUpperArm"] = CFrame.new(0.17074978351593018, -0.20527201890945435, -0.2720082998275757, 0.5554094314575195, 0.4531746208667755, -0.697246789932251, -0.3989012539386749, 0.8808892369270325, 0.25477808713912964, 0.7296562194824219, 0.1366264969110489, 0.6700261831283569),
            ["RightLowerArm"] = CFrame.new(0, 5.960464477539063e-08, 6.51925802230835e-08, 1, -5.21540641784668e-08, 0, 7.078052277620372e-08, 0.36243104934692383, -0.9320105910301208, 3.3527616238870905e-08, 0.9320106506347656, 0.3624310791492462),
            ["LeftHand"] = CFrame.new(-6.705522537231445e-08, 5.960464477539063e-08, -1.4901161193847656e-08, 0.8736293315887451, -0.4283673167228699, 0.23081007599830627, 0.4311133623123169, 0.9013622999191284, 0.04107595235109329, -0.22563901543617249, 0.0636201873421669, 0.9721314311027527),
            ["RightUpperLeg"] = CFrame.new(5.960464477539063e-08, -2.9802322387695312e-08, 2.2351741790771484e-08, 0.950664758682251, 0.14126048982143402, 0.2761918902397156, -0.006313502788543701, 0.8989351987838745, -0.4380362331867218, -0.31015583872795105, 0.41468197107315063, 0.8554778099060059),
            ["LeftUpperLeg"] = CFrame.new(5.960464477539063e-08, 2.086162567138672e-07, -3.259629011154175e-09, 0.8978956341743469, -0.038059115409851074, 0.4385600686073303, -0.07127255946397781, 0.9705424308776855, 0.23014703392982483, -0.4344002306461334, -0.237905353307724, 0.8687332272529602),
            ["RightLowerLeg"] = CFrame.new(8.940696716308594e-08, 1.1920928955078125e-07, -4.470348358154297e-08, 0.9999344348907471, 0.009031284600496292, 0.007040613796561956, -0.011447344906628132, 0.7721020579338074, 0.6353952288627625, 0.0003024600737262517, -0.6354344487190247, 0.7721550464630127),
            ["RightFoot"] = CFrame.new(4.470348358154297e-08, -2.384185791015625e-07, 1.6952981241047382e-09, 0.9878238439559937, 0.041999880224466324, -0.14980031549930573, -0.06270764023065567, 0.9886792302131653, -0.1363130658864975, 0.14237916469573975, 0.14404694736003876, 0.9792746305465698),
            ["LeftLowerLeg"] = CFrame.new(2.2351741790771484e-08, 0, -1.4901161193847656e-08, 0.9984931349754333, 0.05481899902224541, -0.0025168193969875574, -0.050456300377845764, 0.9351287484169006, 0.35069701075553894, 0.021578429266810417, -0.35004159808158875, 0.9364855885505676),
        }},
        {Time = 0.042, Data = {
            ["LeftFoot"] = CFrame.new(7.450580596923828e-08, 2.384185791015625e-07, -2.2351741790771484e-07, 0.9145457148551941, -0.052939511835575104, 0.4010031819343567, 0.17189007997512817, 0.9482911825180054, -0.26682886481285095, -0.3661420941352844, 0.31295573711395264, 0.8763553500175476),
            ["LeftLowerArm"] = CFrame.new(-1.043081283569336e-07, -5.960464477539063e-08, 7.12461769580841e-08, 1, -2.086162567138672e-07, -5.960464477539063e-08, 7.450580596923828e-08, 0.5290592312812805, -0.8485849499702454, 1.2665987014770508e-07, 0.8485848903656006, 0.5290592312812805),
            ["LowerTorso"] = CFrame.new(-0.013056384399533272, -0.1561090350151062, -0.021061880514025688, 0.9999761581420898, -0.00495782308280468, -0.004806459415704012, 0.004631238989531994, 0.9978268146514893, -0.06572830677032471, 0.005121883936226368, 0.06570447981357574, 0.9978259801864624),
            ["Head"] = CFrame.new(-2.444721758365631e-09, 0, -3.725290298461914e-09, 0.9984663128852844, -0.005366384983062744, 0.055102795362472534, 0.010081002488732338, 0.9962749481201172, -0.08564256876707077, -0.054437942802906036, 0.08606670051813126, 0.9948011040687561),
            ["RightUpperArm"] = CFrame.new(-0.16515469551086426, -0.15327298641204834, 0.12167133390903473, 0.7470461130142212, -0.3977920413017273, -0.5326196551322937, 0.2892444431781769, 0.9158918857574463, -0.27835163474082947, 0.5985480546951294, 0.05388420820236206, 0.7992725968360901),
            ["UpperTorso"] = CFrame.new(-5.4569682106375694e-11, 2.9802322387695312e-08, -3.368768375366926e-09, 0.9961659908294678, 0.040615588426589966, -0.07748335599899292, -0.030744891613721848, 0.9917333126068115, 0.12457916140556335, 0.08190267533063889, -0.12171930819749832, 0.9891796708106995),
            ["HumanoidRootPart"] = CFrame.new(0, 0, 0, 1, 0, 0, 0, 1, 0, 0, 0, 1),
            ["RightHand"] = CFrame.new(3.3527612686157227e-08, 0, 2.9802322387695312e-08, 0.8340578079223633, -0.348641037940979, -0.4275476932525635, 0.25372281670570374, 0.9305869340896606, -0.2638801038265228, 0.4898696541786194, 0.11161258816719055, 0.8646215200424194),
            ["LeftUpperArm"] = CFrame.new(0.13151657581329346, -0.1860750913619995, -0.046655766665935516, 0.682585597038269, 0.44030454754829407, -0.583274245262146, -0.43219780921936035, 0.886805534362793, 0.1636492758989334, 0.5893062949180603, 0.1403852105140686, 0.7956193089485168),
            ["RightLowerArm"] = CFrame.new(1.1920928955078125e-07, 0, -5.587935447692871e-08, 1, -5.494803900774059e-08, 4.470348358154297e-08, 5.587935447692871e-08, 0.26188719272613525, -0.96509850025177, 8.195638656616211e-08, 0.9650985598564148, 0.26188716292381287),
            ["LeftHand"] = CFrame.new(2.9802322387695312e-08, -1.1920928955078125e-07, 2.9802322387695312e-08, 0.914043664932251, -0.3061029613018036, 0.26613008975982666, 0.3376638889312744, 0.93776535987854, -0.08111316710710526, -0.22473859786987305, 0.16400358080863953, 0.9605184197425842),
            ["RightUpperLeg"] = CFrame.new(-2.9802322387695312e-08, 5.960464477539063e-08, -6.984919309616089e-09, 0.9521651864051819, 0.16321903467178345, 0.2583431601524353, -0.00008535615779692307, 0.8455497622489929, -0.5338966846466064, -0.30558401346206665, 0.5083356499671936, 0.8051169514656067),
            ["LeftUpperLeg"] = CFrame.new(1.1920928955078125e-07, -2.9802322387695312e-08, -5.820766091346741e-09, 0.8971704244613647, -0.035305727273225784, 0.4402713179588318, -0.05984203889966011, 0.9778925776481628, 0.2003621906042099, -0.4376119375228882, -0.2061057835817337, 0.8752235770225525),
            ["RightLowerLeg"] = CFrame.new(5.587935447692871e-08, 1.7881393432617188e-07, -9.685754776000977e-08, 0.9998599290847778, -0.016672516241669655, -0.0015009486814960837, 0.012519795447587967, 0.6852620840072632, 0.7281886339187622, -0.011112311854958534, -0.7281056642532349, 0.6853751540184021),
            ["RightFoot"] = CFrame.new(0, 1.1920928955078125e-07, 1.20904587674886e-07, 0.9896411895751953, 0.04447327181696892, -0.1365012675523758, -0.06009797751903534, 0.9918249249458313, -0.11256825178861618, 0.13037917017936707, 0.11960559338331223, 0.9842234253883362),
            ["LeftLowerLeg"] = CFrame.new(-6.332993507385254e-08, -1.1920928955078125e-07, -1.1175870895385742e-08, 0.9991016387939453, 0.042286284267902374, -0.002804449060931802, -0.03787825629115105, 0.9207126498222351, 0.3883987367153168, 0.019006088376045227, -0.3879433870315552, 0.9214871525764465),
        }},
        {Time = 0.083, Data = {
            ["LeftFoot"] = CFrame.new(-1.4901161193847656e-08, -1.1920928955078125e-07, -5.960464477539063e-08, 0.9794045686721802, -0.08453371375799179, 0.18335962295532227, 0.12058768421411514, 0.9732810258865356, -0.19540388882160187, -0.161942258477211, 0.21349041163921356, 0.9634296894073486),
            ["LeftLowerArm"] = CFrame.new(1.341104507446289e-07, 0, -1.0244548320770264e-08, 1, -4.4703490686970326e-08, -1.2945383787155151e-07, 7.112976874168453e-08, 0.9736515283584595, -0.22804123163223267, 1.3411046495548362e-07, 0.22804120182991028, 0.9736515283584595),
            ["LowerTorso"] = CFrame.new(-0.04634847119450569, -0.10837095975875854, -0.03332043066620827, 0.99956214427948, 0.006393969524651766, -0.02888999879360199, -0.005948442965745926, 0.9998624920845032, 0.015481187030673027, 0.02898501232266426, -0.015302558429539204, 0.9994627237319946),
            ["Head"] = CFrame.new(-2.608430804684758e-09, 0, -2.5314875529147685e-08, 0.9847639203071594, -0.007119918242096901, 0.17375116050243378, 0.0493788979947567, 0.9694826006889343, -0.2401360124349594, -0.16673897206783295, 0.2450569123029709, 0.9550630450248718),
            ["RightUpperArm"] = CFrame.new(-0.09569418430328369, -0.05601513385772705, -0.14054664969444275, 0.7756900787353516, -0.4940645098686218, 0.39268985390663147, 0.5623099207878113, 0.2585299015045166, -0.7854742407798767, 0.28655287623405457, 0.8300979733467102, 0.4783564805984497),
            ["UpperTorso"] = CFrame.new(-1.7462298274040222e-09, -5.960464477539063e-08, 4.307366907596588e-09, 0.9920201897621155, 0.023166008293628693, -0.12393287569284439, 0.0016602801624685526, 0.9804890751838684, 0.19656650722026825, 0.12606848776340485, -0.19520367681980133, 0.9726265072822571),
            ["HumanoidRootPart"] = CFrame.new(0, 0, 0, 1, 0, 0, 0, 1, 0, 0, 0, 1),
            ["RightHand"] = CFrame.new(0, 0, 1.4901161193847656e-07, 0.7519236207008362, -0.36885130405426025, -0.546406090259552, 0.2429637312889099, 0.9255359172821045, -0.2904340922832489, 0.6128453612327576, 0.08562733978033066, 0.7855498790740967),
            ["LeftUpperArm"] = CFrame.new(0.09228312969207764, -0.14709264039993286, 0.17869678139686584, 0.8319773077964783, 0.442278116941452, -0.33496856689453125, -0.45647913217544556, 0.8888429999351501, 0.03981133922934532, 0.3153421878814697, 0.11978401243686676, 0.9413878917694092),
            ["RightLowerArm"] = CFrame.new(5.960464477539063e-08, 0, 5.960464477539063e-08, 1, -4.470348358154297e-08, 4.470348358154297e-08, 1.043081283569336e-07, 0.03696639835834503, -0.9993165135383606, 1.043081283569336e-07, 0.9993165731430054, 0.036966368556022644),
            ["LeftHand"] = CFrame.new(-5.960464477539063e-08, -5.960464477539063e-08, 7.264316082000732e-08, 0.9604276418685913, 0.04124465584754944, 0.2754592001438141, 0.06329480558633804, 0.9307821989059448, -0.3600532114505768, -0.27124279737472534, 0.363240122795105, 0.8913382291793823),
            ["RightUpperLeg"] = CFrame.new(-5.960464477539063e-08, 2.9802322387695312e-08, 8.381903171539307e-09, 0.9990366697311401, 0.011765004135668278, 0.04227785766124725, 0.019109409302473068, 0.7506315112113953, -0.6604449152946472, -0.03950522094964981, 0.6606163382530212, 0.7496834397315979),
            ["LeftUpperLeg"] = CFrame.new(2.9802322387695312e-08, 0, 1.862645149230957e-09, 0.8922368288040161, 0.13443337380886078, 0.4310930073261261, -0.036851704120635986, 0.9731510877609253, -0.2271980345249176, -0.45006170868873596, 0.18682801723480225, 0.873235285282135),
            ["RightLowerLeg"] = CFrame.new(2.7939677238464355e-08, -5.960464477539063e-08, 4.190951585769653e-08, 0.999819278717041, -0.017965052276849747, -0.006226701196283102, 0.015867119655013084, 0.6079158186912537, 0.7938427925109863, -0.010476112365722656, -0.7937982678413391, 0.6080911159515381),
            ["RightFoot"] = CFrame.new(-4.190951585769653e-08, -1.1920928955078125e-07, -2.1063897293061018e-08, 0.9947963953018188, 0.057153694331645966, -0.08434232324361801, -0.06119554117321968, 0.9970588088035583, -0.046139877289533615, 0.08145713806152344, 0.05106113478541374, 0.9953680038452148),
            ["LeftLowerLeg"] = CFrame.new(-7.450580596923828e-09, -1.7881393432617188e-07, -2.421438694000244e-08, 0.9999476075172424, 0.009655226022005081, -0.0034092350397258997, -0.002897109603509307, 0.5861242413520813, 0.8102162480354309, 0.00982095766812563, -0.8101636171340942, 0.586121141910553),
        }},
        {Time = 0.125, Data = {
            ["LeftFoot"] = CFrame.new(1.4901161193847656e-08, 1.7881393432617188e-07, -4.470348358154297e-08, 0.9986070990562439, -0.04466954246163368, 0.02807956375181675, 0.044405680149793625, 0.9989640116691589, 0.0099536357447505, -0.028495091944932938, -0.008692843839526176, 0.9995561242103577),
            ["LeftLowerArm"] = CFrame.new(-5.960464477539063e-08, 1.1920928955078125e-07, 2.2351741790771484e-08, 1, -2.0861628513557662e-07, -1.6391278734317893e-07, 3.725290653733282e-08, 0.8904210925102234, -0.455137699842453, 1.788139627478813e-07, 0.4551377296447754, 0.8904211521148682),
            ["LowerTorso"] = CFrame.new(-0.09116533398628235, -0.06063282489776611, -0.06735298037528992, 0.9987766742706299, 0.02571347914636135, -0.0422375351190567, -0.02096397429704666, 0.9937906265258789, 0.10927437245845795, 0.04478508234024048, -0.10825523734092712, 0.9931138157844543),
            ["Head"] = CFrame.new(-7.450580596923828e-09, 1.1920928955078125e-07, -3.3527612686157227e-08, 0.9731854200363159, -0.012331384234130383, 0.22969132661819458, 0.08445632457733154, 0.9479736685752869, -0.3069416284561157, -0.21395626664161682, 0.31811001896858215, 0.9235956072807312),
            ["RightUpperArm"] = CFrame.new(-0.06323444843292236, -0.010564804077148438, -0.2630854845046997, 0.6762515306472778, -0.2578289210796356, 0.6900783181190491, 0.697702944278717, -0.07646973431110382, -0.7122942805290222, 0.23642009496688843, 0.9631597995758057, 0.12817516922950745),
            ["UpperTorso"] = CFrame.new(1.0710209608078003e-08, -2.9802322387695312e-08, -1.1175870895385742e-08, 0.9861318469047546, -0.03998814523220062, -0.1610746681690216, 0.0757993534207344, 0.9719192981719971, 0.2227717787027359, 0.14764338731765747, -0.2318917214870453, 0.9614716172218323),
            ["HumanoidRootPart"] = CFrame.new(0, 0, 0, 1, 0, 0, 0, 1, 0, 0, 0, 1),
            ["RightHand"] = CFrame.new(-8.940696716308594e-08, 5.960464477539063e-08, -1.4901161193847656e-08, 0.7035020589828491, -0.38346225023269653, -0.5983657240867615, 0.23341494798660278, 0.9199087619781494, -0.3150956630706787, 0.6712692379951477, 0.08200296014547348, 0.7366635799407959),
            ["LeftUpperArm"] = CFrame.new(0.09333574771881104, -0.1086111068725586, 0.12478747963905334, 0.6922648549079895, 0.7162737250328064, -0.08787065744400024, -0.704064130783081, 0.6970881223678589, 0.1355065405368805, 0.15831337869167328, -0.031939901411533356, 0.9868721961975098),
            ["RightLowerArm"] = CFrame.new(-8.940696716308594e-08, -5.960464477539063e-08, 0, 1, -7.450579886381092e-08, 1.341104365337742e-07, 1.341104507446289e-07, -0.06886852532625198, -0.9976257681846619, 5.21540641784668e-08, 0.9976257085800171, -0.06886855512857437),
            ["LeftHand"] = CFrame.new(1.1920928955078125e-07, 0, 1.1920928955078125e-07, 0.9116668105125427, 0.35687127709388733, 0.2037317454814911, -0.21562114357948303, 0.8374825716018677, -0.5021259188652039, -0.34981614351272583, 0.41384273767471313, 0.8404539227485657),
            ["RightUpperLeg"] = CFrame.new(5.960464477539063e-08, -5.960464477539063e-08, -6.51925802230835e-09, 0.9733683466911316, -0.21896199882030487, -0.06789634376764297, 0.08802036195993423, 0.6304309964179993, -0.7712383270263672, 0.21167582273483276, 0.7447230815887451, 0.6329150199890137),
            ["LeftUpperLeg"] = CFrame.new(0, -2.9802322387695312e-08, -3.725290298461914e-09, 0.8892964124679565, 0.2923485040664673, 0.3516874611377716, -0.009038426913321018, 0.7800845503807068, -0.6256086826324463, -0.45724204182624817, 0.5531730651855469, 0.696368932723999),
            ["RightLowerLeg"] = CFrame.new(4.470348358154297e-08, 0, -4.470348358154297e-08, 0.9994215369224548, -0.029335614293813705, -0.017208784818649292, 0.03012150526046753, 0.5285146236419678, 0.8483898043632507, -0.015792876482009888, -0.8484172224998474, 0.5290923714637756),
            ["RightFoot"] = CFrame.new(7.450580596923828e-09, -1.1920928955078125e-07, -8.77116690389812e-08, 0.9974496364593506, 0.071304090321064, 0.003182609099894762, -0.07137405127286911, 0.996687114238739, 0.03899453952908516, -0.0003915066481567919, -0.03912224993109703, 0.9992343783378601),
            ["LeftLowerLeg"] = CFrame.new(1.4901161193847656e-08, 5.960464477539063e-08, 1.4901161193847656e-07, 0.9996815323829651, 0.021268712356686592, 0.013583981432020664, -0.018738817423582077, 0.2650443911552429, 0.96405428647995, 0.016903799027204514, -0.9640016555786133, 0.2653582692146301),
        }},
        {Time = 0.167, Data = {
            ["LeftFoot"] = CFrame.new(2.60770320892334e-08, -1.1920928955078125e-07, -3.725290298461914e-08, 0.9879828691482544, -0.01377493143081665, 0.15394847095012665, 0.0012259188806638122, 0.9966877698898315, 0.08131451159715652, -0.1545587182044983, -0.0801488533616066, 0.9847272634506226),
            ["LeftLowerArm"] = CFrame.new(-2.9802322387695312e-08, 5.960464477539063e-08, -1.1920928955078125e-07, 1, -1.9371513815258368e-07, -7.078052988163108e-08, 2.980232594040899e-08, 0.38063937425613403, -0.9247236251831055, 1.6391278734317893e-07, 0.9247236847877502, 0.3806394338607788),
            ["LowerTorso"] = CFrame.new(-0.1435811072587967, -0.0690411925315857, -0.17114503681659698, 0.9986356496810913, 0.04779954254627228, 0.02102603390812874, -0.05089583992958069, 0.9810207486152649, 0.18710394203662872, -0.011683490127325058, -0.1879187971353531, 0.9821150898933411),
            ["Head"] = CFrame.new(2.3283064365386963e-08, 1.1920928955078125e-07, 2.7474015951156616e-08, 0.9876435399055481, -0.04904734343290329, 0.148844376206398, 0.09214445948600769, 0.9499905705451965, -0.2983745336532593, -0.12676626443862915, 0.3084028363227844, 0.9427714347839355),
            ["RightUpperArm"] = CFrame.new(-0.1092909574508667, -0.06825101375579834, -0.21577636897563934, 0.744057834148407, -0.4194336235523224, 0.5200513005256653, 0.6282194256782532, 0.17426536977291107, -0.758269190788269, 0.22741656005382538, 0.8909023404121399, 0.3931598365306854),
            ["UpperTorso"] = CFrame.new(-5.3551048040390015e-09, 2.9802322387695312e-08, -1.83936208486557e-08, 0.9932353496551514, -0.09350281953811646, -0.06885363906621933, 0.105631023645401, 0.9738110303878784, 0.20133137702941895, 0.04822537302970886, -0.20724256336688995, 0.9771002531051636),
            ["HumanoidRootPart"] = CFrame.new(0, 0, 0, 1, 0, 0, 0, 1, 0, 0, 0, 1),
            ["RightHand"] = CFrame.new(8.195638656616211e-08, -1.1920928955078125e-07, 8.940696716308594e-08, 0.7338559031486511, -0.36124804615974426, -0.5752872824668884, 0.11093539744615555, 0.8992388248443604, -0.42315852642059326, 0.6701856255531311, 0.2467176467180252, 0.6999868154525757),
            ["LeftUpperArm"] = CFrame.new(0.09606194496154785, -0.060486435890197754, -0.018967919051647186, 0.4324883222579956, 0.8637001514434814, 0.2587968707084656, -0.8969393968582153, 0.38286131620407104, 0.22117161750793457, 0.09194260835647583, -0.32777929306030273, 0.9402698278427124),
            ["RightLowerArm"] = CFrame.new(-8.940696716308594e-08, 0, 1.1920928955078125e-07, 1, -1.098960922263359e-07, 9.406359424701805e-08, 9.872019290924072e-08, 0.256050169467926, -0.9666635990142822, 1.0337680578231812e-07, 0.9666635990142822, 0.2560500204563141),
            ["LeftHand"] = CFrame.new(7.82310962677002e-08, -2.384185791015625e-07, -5.448237061500549e-08, 0.7738187313079834, 0.6254263520240784, 0.10023294389247894, -0.5097646117210388, 0.7088460922241211, -0.4875217080116272, -0.37595853209495544, 0.3261581361293793, 0.8673385381698608),
            ["RightUpperLeg"] = CFrame.new(1.1920928955078125e-07, -2.9802322387695312e-08, -1.4901161193847656e-08, 0.8546203374862671, -0.5109058022499084, 0.09273581951856613, 0.47394147515296936, 0.6945368051528931, -0.5412925481796265, 0.2121409773826599, 0.5065511465072632, 0.8357047438621521),
            ["LeftUpperLeg"] = CFrame.new(0, -5.960464477539063e-08, -6.51925802230835e-09, 0.8729000687599182, 0.38637620210647583, 0.29792433977127075, -0.017219819128513336, 0.6346437931060791, -0.7726130485534668, -0.4875950217247009, 0.6692837476730347, 0.5606338977813721),
            ["RightLowerLeg"] = CFrame.new(6.332993507385254e-08, 5.960464477539063e-08, -3.725290298461914e-08, 0.9985886812210083, 0.04906256124377251, 0.02033495344221592, -0.047598570585250854, 0.6569246649742126, 0.752452552318573, 0.023558788001537323, -0.7523582577705383, 0.6583325862884521),
            ["RightFoot"] = CFrame.new(-6.030313670635223e-08, 5.960464477539063e-08, -1.5476689441129565e-07, 0.9710450172424316, 0.17699943482875824, 0.16044558584690094, -0.19231829047203064, 0.9776028990745544, 0.08547770231962204, -0.1417224407196045, -0.11385928839445114, 0.9833365678787231),
            ["LeftLowerLeg"] = CFrame.new(1.4901161193847656e-08, 1.1920928955078125e-07, -5.960464477539063e-08, 0.9999089241027832, 0.003927768208086491, 0.012914232909679413, -0.013477894477546215, 0.3431667387485504, 0.939177930355072, -0.0007430242258124053, -0.9392663836479187, 0.3431883156299591),
        }},
        {Time = 0.208, Data = {
            ["LeftFoot"] = CFrame.new(0, 5.960464477539063e-08, -2.0116567611694336e-07, 0.9104709029197693, -0.012265774421393871, 0.41339144110679626, -0.01913689449429512, 0.9972400069236755, 0.07173691689968109, -0.4131302535533905, -0.07322555780410767, 0.9077231884002686),
            ["LeftLowerArm"] = CFrame.new(-7.450580596923828e-08, 0, -1.2665987014770508e-07, 1, -2.309680269263481e-07, 9.406358003616333e-08, 5.960464477539063e-08, -0.2891627252101898, -0.9572799801826477, 2.5331974029541016e-07, 0.9572800397872925, -0.28916266560554504),
            ["LowerTorso"] = CFrame.new(-0.19502238929271698, -0.1740121841430664, -0.20972871780395508, 0.9880809783935547, 0.06000206619501114, 0.14175941050052643, -0.0938233882188797, 0.9648245573043823, 0.24558261036872864, -0.12203747779130936, -0.25595584511756897, 0.9589544534683228),
            ["Head"] = CFrame.new(2.421438694000244e-08, 1.1920928955078125e-07, -2.2351741790771484e-08, 0.9929311275482178, -0.10412321984767914, -0.056975312530994415, 0.0839620903134346, 0.9554691910743713, -0.28289398550987244, 0.08389398455619812, 0.2761104106903076, 0.9574574828147888),
            ["RightUpperArm"] = CFrame.new(-0.20784687995910645, -0.19169223308563232, -0.08984478563070297, 0.8366761207580566, -0.5471694469451904, -0.024057289585471153, 0.4683481454849243, 0.7375403642654419, -0.48650217056274414, 0.2839423418045044, 0.39577752351760864, 0.8733481764793396),
            ["UpperTorso"] = CFrame.new(-3.725290298461914e-09, 0, 0, 0.9810387492179871, -0.13452588021755219, 0.13951970636844635, 0.1122957393527031, 0.9812681078910828, 0.15653327107429504, -0.1579640507698059, -0.13789774477481842, 0.9777687788009644),
            ["HumanoidRootPart"] = CFrame.new(0, 0, 0, 1, 0, 0, 0, 1, 0, 0, 0, 1),
            ["RightHand"] = CFrame.new(8.940696716308594e-08, 1.1920928955078125e-07, -1.4901161193847656e-08, 0.8040006756782532, -0.27561700344085693, -0.5268949270248413, -0.1305420994758606, 0.7826615571975708, -0.6086047291755676, 0.5801222324371338, 0.5581005811691284, 0.5932807326316833),
            ["LeftUpperArm"] = CFrame.new(0.09957921504974365, -0.028179407119750977, -0.15028616786003113, 0.1486305445432663, 0.8751302361488342, 0.4604952335357666, -0.9796592593193054, 0.06681700050830841, 0.1892174333333969, 0.13482098281383514, -0.4792519807815552, 0.8672605752944946),
            ["RightLowerArm"] = CFrame.new(-1.4901161193847656e-08, 0, -5.029141902923584e-08, 1, -1.4901161193847656e-08, 2.2351745343485163e-08, 8.195639367158947e-08, 0.8641248941421509, -0.5032776594161987, 3.725290742551124e-09, 0.5032775402069092, 0.8641248941421509),
            ["LeftHand"] = CFrame.new(2.9802322387695312e-08, 1.1920928955078125e-07, 1.1408701539039612e-08, 0.5413085222244263, 0.8405224084854126, 0.022523866966366768, -0.783511221408844, 0.5139510035514832, -0.34923407435417175, -0.3051151931285858, 0.1713956892490387, 0.9367648363113403),
            ["RightUpperLeg"] = CFrame.new(5.960464477539063e-08, 8.940696716308594e-08, 3.725290298461914e-09, 0.7465984225273132, -0.641528844833374, -0.17615684866905212, 0.6423348188400269, 0.7640587091445923, -0.06017196178436279, 0.17319633066654205, -0.06822732836008072, 0.9825213551521301),
            ["LeftUpperLeg"] = CFrame.new(0, 0, -3.725290298461914e-08, 0.8191466331481934, 0.3974156677722931, 0.41359350085258484, 0.11040495336055756, 0.5983399152755737, -0.793599545955658, -0.5628584027290344, 0.6957371234893799, 0.44625139236450195),
            ["RightLowerLeg"] = CFrame.new(-1.2549571692943573e-07, -1.7881393432617188e-07, 4.6566128730773926e-08, 0.9998400211334229, -0.016604747623205185, -0.006661324296146631, 0.017538325861096382, 0.9832226037979126, 0.18156515061855316, 0.0035347146913409233, -0.1816527247428894, 0.9833563566207886),
            ["RightFoot"] = CFrame.new(1.0617077350616455e-07, -1.1920928955078125e-07, 7.620110409334302e-08, 0.899838924407959, 0.2718653082847595, 0.34114429354667664, -0.29824328422546387, 0.9541270732879639, 0.026314059272408485, -0.31834083795547485, -0.12542234361171722, 0.939642608165741),
            ["LeftLowerLeg"] = CFrame.new(-1.6391277313232422e-07, 0, -8.940696716308594e-08, 0.9999614953994751, -0.006443115416914225, 0.005974162369966507, 0.00007185340655269101, 0.6858847737312317, 0.7277102470397949, -0.008786165155470371, -0.727681577205658, 0.6858587861061096),
        }},
        {Time = 0.250, Data = {
            ["LeftFoot"] = CFrame.new(1.5832483768463135e-08, -1.1920928955078125e-07, -2.9802322387695312e-08, 0.8513017296791077, -0.011536809615790844, 0.5245495438575745, -0.01537911407649517, 0.9987799525260925, 0.04692615568637848, -0.5244511365890503, -0.04801546037197113, 0.8500857949256897),
            ["LeftLowerArm"] = CFrame.new(-5.960464477539063e-08, 0, 7.078051567077637e-08, 1, -1.8673017621040344e-07, 1.4901161193847656e-08, -2.8870999813079834e-08, -0.4954732656478882, -0.8686231374740601, 1.1920928955078125e-07, 0.8686231970787048, -0.49547332525253296),
            ["LowerTorso"] = CFrame.new(-0.2199370563030243, -0.3035259246826172, -0.2342986762523651, 0.9747931957244873, 0.061618003994226456, 0.2144329845905304, -0.11926218867301941, 0.9561783075332642, 0.26739442348480225, -0.18855984508991241, -0.2862280309200287, 0.9394246935844421),
            ["Head"] = CFrame.new(-3.725290298461914e-09, 0, 2.9802322387695312e-08, 0.9676457643508911, -0.132921501994133, -0.21446113288402557, 0.0703732818365097, 0.9584320187568665, -0.27650609612464905, 0.24230006337165833, 0.25246769189834595, 0.936776876449585),
            ["RightUpperArm"] = CFrame.new(-0.25390368700027466, -0.24937844276428223, 0.03359095752239227, 0.845063328742981, -0.42954355478286743, -0.3183712363243103, 0.44699984788894653, 0.8943080902099609, -0.020105747506022453, 0.2933582663536072, -0.12532131373882294, 0.9477529525756836),
            ["UpperTorso"] = CFrame.new(-3.725290298461914e-09, 2.9802322387695312e-08, 5.587935447692871e-08, 0.9612016677856445, -0.14180712401866913, 0.23660525679588318, 0.11467915773391724, 0.9855335354804993, 0.12478958070278168, -0.2508785128593445, -0.09281428158283234, 0.9635587930679321),
            ["HumanoidRootPart"] = CFrame.new(0, 0, 0, 1, 0, 0, 0, 1, 0, 0, 0, 1),
            ["RightHand"] = CFrame.new(-1.4901161193847656e-08, 0, -1.4901161193847656e-07, 0.8481526374816895, -0.21449579298496246, -0.4843847155570984, -0.21590395271778107, 0.6950152516365051, -0.6858129501342773, 0.48375874757766724, 0.6862546801567078, 0.5431684851646423),
            ["LeftUpperArm"] = CFrame.new(0.10434186458587646, -0.019749701023101807, -0.20117565989494324, -0.177809938788414, 0.9036640524864197, 0.389583021402359, -0.9796290397644043, -0.20009365677833557, 0.017017297446727753, 0.09333103895187378, -0.37862107157707214, 0.9208341240882874),
            ["RightLowerArm"] = CFrame.new(-1.7881393432617188e-07, 0, 3.725290298461914e-08, 1, 2.2351741790771484e-08, 5.2154071283894154e-08, 1.4901162970204496e-08, 0.99689120054245, -0.07879067212343216, -4.4703490686970326e-08, 0.07879069447517395, 0.9968912601470947),
            ["LeftHand"] = CFrame.new(-5.21540641784668e-08, 0, -2.2351741790771484e-07, 0.429226815700531, 0.8991414904594421, 0.08549425005912781, -0.8850584626197815, 0.4375931918621063, -0.15869411826133728, -0.18010015785694122, -0.007551619783043861, 0.9836193323135376),
            ["RightUpperLeg"] = CFrame.new(-5.960464477539063e-08, 5.960464477539063e-08, 4.470348358154297e-08, 0.683044970035553, -0.7247802019119263, -0.09024227410554886, 0.7071215510368347, 0.687159538269043, -0.16670489311218262, 0.18283523619174957, 0.050054553896188736, 0.9818685054779053),
            ["LeftUpperLeg"] = CFrame.new(8.940696716308594e-08, 1.4901161193847656e-07, 4.470348358154297e-08, 0.7520080804824829, 0.35719597339630127, 0.5539807677268982, 0.22654934227466583, 0.6491814851760864, -0.7261120080947876, -0.6189985275268555, 0.6715463399887085, 0.4072674512863159),
            ["RightLowerLeg"] = CFrame.new(-1.1548399925231934e-07, -5.960464477539063e-08, -3.725290298461914e-08, 0.9999657869338989, -0.007639930583536625, 0.0031923800706863403, 0.005308226682245731, 0.8873900175094604, 0.4609892666339874, -0.006354877259582281, -0.4609564542770386, 0.8873999714851379),
            ["RightFoot"] = CFrame.new(7.450580596923828e-08, 0, 1.6952981241047382e-09, 0.7687768936157227, 0.4652140438556671, 0.4388144314289093, -0.5457867980003357, 0.8349063992500305, 0.07105054706335068, -0.3333151340484619, -0.29412105679512024, 0.8957643508911133),
            ["LeftLowerLeg"] = CFrame.new(1.341104507446289e-07, 0, 7.450580596923828e-08, 0.9991081953048706, -0.04174301028251648, -0.0063506849110126495, 0.0396801121532917, 0.8768373727798462, 0.47914713621139526, -0.014432626776397228, -0.4789716303348541, 0.8777116537094116),
        }},
        {Time = 0.292, Data = {
            ["LeftFoot"] = CFrame.new(2.60770320892334e-08, 0, 0, 0.8654104471206665, 0.012995004653930664, 0.5008951425552368, -0.045129239559173584, 0.9976222515106201, 0.05208875983953476, -0.49902719259262085, -0.0676831603050232, 0.863939106464386),
            ["LeftLowerArm"] = CFrame.new(-1.043081283569336e-07, -5.960464477539063e-08, 1.4901161193847656e-08, 1, -1.303851746570217e-07, 0, -5.960464477539063e-08, -0.45465487241744995, -0.8906677961349487, 1.1920928955078125e-07, 0.890667736530304, -0.45465490221977234),
            ["LowerTorso"] = CFrame.new(-0.2122601717710495, -0.34687376022338867, -0.2914468050003052, 0.9777931571006775, 0.04426382854580879, 0.2048443704843521, -0.09807253628969193, 0.9604543447494507, 0.2605943977832794, -0.18520872294902802, -0.274897038936615, 0.9434667825698853),
            ["Head"] = CFrame.new(4.0978193283081055e-08, 1.1920928955078125e-07, 0, 0.9464974999427795, -0.13617125153541565, -0.29257476329803467, 0.05060003697872162, 0.9580225348472595, -0.28219226002693176, 0.3187197148799896, 0.2522899806499481, 0.9136561155319214),
            ["RightUpperArm"] = CFrame.new(-0.23558831214904785, -0.2361154556274414, 0.13385920226573944, 0.861057460308075, -0.39365363121032715, -0.3218957781791687, 0.47867700457572937, 0.8410959243774414, 0.25184521079063416, 0.1716054081916809, -0.3709372282028198, 0.9126648902893066),
            ["UpperTorso"] = CFrame.new(3.725290298461914e-09, 0, -5.587935447692871e-08, 0.9651734828948975, -0.11485113203525543, 0.23505191504955292, 0.09066357463598251, 0.98964524269104, 0.11127665638923645, -0.24539828300476074, -0.08609061688184738, 0.965592086315155),
            ["HumanoidRootPart"] = CFrame.new(0, 0, 0, 1, 0, 0, 0, 1, 0, 0, 0, 1),
            ["RightHand"] = CFrame.new(-1.4901161193847656e-08, 5.960464477539063e-08, 4.470348358154297e-08, 0.8844119310379028, -0.2381960153579712, -0.40134552121162415, -0.093989796936512, 0.7514289617538452, -0.653085470199585, 0.4571448564529419, 0.6153188943862915, 0.6421847343444824),
            ["LeftUpperArm"] = CFrame.new(0.10709047317504883, -0.01854550838470459, -0.2084456831216812, -0.3395344018936157, 0.9070342183113098, 0.2490089386701584, -0.9403027892112732, -0.32073479890823364, -0.11384176462888718, -0.023392533883452415, -0.2727968990802765, 0.961787223815918),
            ["RightLowerArm"] = CFrame.new(0, 0, -8.940696716308594e-08, 1, -1.4901161193847656e-08, 6.705522537231445e-08, 5.960464477539063e-08, 0.9998875856399536, -0.014994863420724869, -1.1920928955078125e-07, 0.014994781464338303, 0.9998875856399536),
            ["LeftHand"] = CFrame.new(0, 5.960464477539063e-08, -2.0116567611694336e-07, 0.5483751893043518, 0.7905927300453186, 0.2724847197532654, -0.834618866443634, 0.5376788377761841, 0.11963661760091782, -0.051925383508205414, -0.2930265963077545, 0.9546932578086853),
            ["RightUpperLeg"] = CFrame.new(-2.9802322387695312e-08, -2.9802322387695312e-08, -6.332993507385254e-08, 0.6881731748580933, -0.718515932559967, -0.10075785219669342, 0.6774123907089233, 0.6860321164131165, -0.26546725630760193, 0.2598656117916107, 0.1144329309463501, 0.958840548992157),
            ["LeftUpperLeg"] = CFrame.new(5.960464477539063e-08, -2.9802322387695312e-08, -5.960464477539063e-08, 0.7145071029663086, 0.4676690697669983, 0.5203511714935303, 0.2178436815738678, 0.5580654740333557, -0.800691545009613, -0.6648486852645874, 0.6854550838470459, 0.2968630790710449),
            ["RightLowerLeg"] = CFrame.new(-1.8812716007232666e-07, -2.980232238769531e-07, -6.51925802230835e-08, 0.9999111294746399, -0.0026668645441532135, 0.013065235689282417, -0.005740767810493708, 0.7982553243637085, 0.6022918820381165, -0.012035511434078217, -0.6023133993148804, 0.798168957233429),
            ["RightFoot"] = CFrame.new(-7.636845111846924e-08, 1.1920928955078125e-07, 4.639878170564771e-08, 0.7528301477432251, 0.6113186478614807, 0.24400103092193604, -0.6580289006233215, 0.7078087329864502, 0.256914347410202, -0.015649642795324326, -0.35397228598594666, 0.9351249933242798),
            ["LeftLowerLeg"] = CFrame.new(1.6391277313232422e-07, -5.960464477539063e-08, -2.086162567138672e-07, 0.9997568130493164, -0.017953135073184967, -0.012809710577130318, 0.021950513124465942, 0.7535942792892456, 0.656973123550415, -0.0021414957009255886, -0.6570946574211121, 0.7538051605224609),
        }},
        {Time = 0.333, Data = {
            ["LeftFoot"] = CFrame.new(1.4156103134155273e-07, 5.960464477539063e-08, -1.043081283569336e-07, 0.8791659474372864, 0.016262106597423553, 0.4762383699417114, -0.04369013383984566, 0.9979588389396667, 0.04657716304063797, -0.4745085537433624, -0.06175580248236656, 0.8780817985534668),
            ["LeftLowerArm"] = CFrame.new(4.470348358154297e-08, 1.1920928955078125e-07, -1.4901161193847656e-08, 1, -1.5087431393112638e-07, 3.725291630729544e-09, -4.4703490686970326e-08, -0.4047944247722626, -0.9144077897071838, 9.685756197086448e-08, 0.9144077897071838, -0.4047944247722626),
            ["LowerTorso"] = CFrame.new(-0.18250755965709686, -0.3530663251876831, -0.34616363048553467, 0.9877880811691284, 0.017454558983445168, 0.15482276678085327, -0.05538531392812729, 0.9681374430656433, 0.24421820044517517, -0.1456269919872284, -0.24981075525283813, 0.957281231880188),
            ["Head"] = CFrame.new(-3.725290298461914e-09, 0, -2.2351741790771484e-08, 0.9354029893875122, -0.1204947829246521, -0.3324189782142639, 0.020043928176164627, 0.9567010402679443, -0.2903815805912018, 0.3530150055885315, 0.2649608254432678, 0.8973160982131958),
            ["RightUpperArm"] = CFrame.new(-0.1926039457321167, -0.21030330657958984, 0.22128406167030334, 0.8636590242385864, -0.339551717042923, -0.3725557029247284, 0.49282628297805786, 0.7240628004074097, 0.4825509488582611, 0.10590273141860962, -0.600364625453949, 0.7926833629608154),
            ["UpperTorso"] = CFrame.new(7.450580596923828e-09, -5.960464477539063e-08, -1.30385160446167e-08, 0.9770624041557312, -0.04950028657913208, 0.20712018013000488, 0.028925232589244843, 0.9944441318511963, 0.10121418535709381, -0.21097958087921143, -0.09290161728858948, 0.9730657339096069),
            ["HumanoidRootPart"] = CFrame.new(0, 0, 0, 1, 0, 0, 0, 1, 0, 0, 0, 1),
            ["RightHand"] = CFrame.new(5.960464477539063e-08, -5.960464477539063e-08, 1.043081283569336e-07, 0.8964312672615051, -0.32876110076904297, -0.2971990704536438, 0.14413832128047943, 0.850420355796814, -0.505973756313324, 0.4190886318683624, 0.41073286533355713, 0.8097304105758667),
            ["LeftUpperArm"] = CFrame.new(0.10562622547149658, -0.046765804290771484, -0.2047240436077118, -0.2491842657327652, 0.953691303730011, 0.16846418380737305, -0.9683942198753357, -0.2473360002040863, -0.032211046665906906, 0.01094797346740961, -0.17116622626781464, 0.9851813912391663),
            ["RightLowerArm"] = CFrame.new(-8.940696716308594e-08, 5.960464477539063e-08, 5.960464477539063e-08, 1, -7.450580596923828e-08, 5.21540641784668e-08, 5.960464477539063e-08, 0.9237329959869385, -0.3830370604991913, -7.450580596923828e-08, 0.3830370306968689, 0.9237329959869385),
            ["LeftHand"] = CFrame.new(8.940696716308594e-08, 0, 0, 0.639028012752533, 0.7252135872840881, 0.25633659958839417, -0.761551558971405, 0.6433497071266174, 0.07836136966943741, -0.10808534920215607, -0.2452886700630188, 0.963405966758728),
            ["RightUpperLeg"] = CFrame.new(0, 2.9802322387695312e-08, 6.332993507385254e-08, 0.678911566734314, -0.703319251537323, -0.21076413989067078, 0.602439284324646, 0.6977020502090454, -0.3876575827598572, 0.41969767212867737, 0.13621261715888977, 0.8973851203918457),
            ["LeftUpperLeg"] = CFrame.new(0, 1.7881393432617188e-07, 0, 0.6506937742233276, 0.6079786419868469, 0.45492810010910034, 0.0899374783039093, 0.5331856608390808, -0.8412041664123535, -0.7539952397346497, 0.5882814526557922, 0.29226043820381165),
            ["RightLowerLeg"] = CFrame.new(1.0803341865539551e-07, -1.7881393432617188e-07, -2.9802322387695312e-08, 0.999559223651886, -0.022921176627278328, 0.018867626786231995, 0.004336401354521513, 0.7414438128471375, 0.6710010766983032, -0.029369622468948364, -0.6706234812736511, 0.7412163019180298),
