return {
    ["No Tears"] = {
        {Time = 0.000, Data = {
            ["RightFoot"] = CFrame.new(2.905726432800293e-07, 5.960464477539063e-08, -2.8107024263590574e-08, 0.8771419525146484, 0.28068917989730835, -0.3896610140800476, -0.39715439081192017, 0.8801531195640564, -0.2599981129169464, 0.26998260617256165, 0.38281071186065674, 0.8834960460662842),
            ["LeftLowerArm"] = CFrame.new(0.0000013709068298339844, -1.7881393432617188e-07, 0.000004976987838745117, 1, 4.470347292340193e-08, -4.4703490686970326e-08, -9.313225746154785e-08, -0.08910153061151505, -0.996022641658783, -2.9802322387695312e-08, 0.9960225820541382, -0.08910147845745087),
            ["RightUpperArm"] = CFrame.new(-0.011977016925811768, 0.002234816551208496, -0.08704787492752075, 0.9453235864639282, -0.31030726432800293, -0.10036355257034302, 0.32540857791900635, 0.9179613590240479, 0.22683948278427124, 0.02174004539847374, -0.24709588289260864, 0.9687471389770508),
            ["Head"] = CFrame.new(-3.3527612686157227e-08, -8.344650268554688e-07, -5.21540641784668e-08, 0.9394733905792236, -0.06340102106332779, 0.33670511841773987, 0.06835004687309265, 0.9976573586463928, -0.0028530561830848455, -0.3357352316379547, 0.025694001466035843, 0.941605806350708),
            ["RightHand"] = CFrame.new(1.7881393432617188e-07, 9.5367431640625e-07, -7.152557373046875e-07, 0.9924402832984924, -0.1128971055150032, 0.048130717128515244, 0.12113605439662933, 0.9640657901763916, -0.23643888533115387, -0.019707970321178436, 0.2404818832874298, 0.9704536199569702),
            ["UpperTorso"] = CFrame.new(2.2351741790771484e-08, 0, 1.1175870895385742e-08, 0.9920188188552856, -0.026866845786571503, -0.12319453060626984, 0.05341418832540512, 0.974581241607666, 0.21757395565509796, 0.1142173707485199, -0.22241772711277008, 0.9682379364967346),
            ["HumanoidRootPart"] = CFrame.new(0, 0, 0, 1, 0, 0, 0, 1, 0, 0, 0, 1),
            ["RightUpperLeg"] = CFrame.new(5.960464477539063e-08, -1.043081283569336e-07, 3.183231456205249e-08, 0.9092231392860413, -0.2689252197742462, 0.3177931606769562, 0.3859437108039856, 0.8306877613067627, -0.40125471353530884, -0.15607933700084686, 0.4874803423881531, 0.8590705394744873),
            ["LeftUpperArm"] = CFrame.new(0.049253642559051514, 0.023719310760498047, -0.08809500932693481, 0.7667249441146851, 0.4460025429725647, -0.4617519974708557, -0.16679272055625916, -0.5561730265617371, -0.8141571879386902, -0.6199299097061157, 0.7012513279914856, -0.35204166173934937),
            ["RightLowerArm"] = CFrame.new(2.384185791015625e-07, 7.748603820800781e-07, -0.000003993511199951172, 1, -0.000019386417989153415, 2.0861628513557662e-07, 0.000018912835002993234, 0.9725852012634277, -0.2325471043586731, 0.0000042989854591724, 0.23254713416099548, 0.9725852012634277),
            ["LeftHand"] = CFrame.new(-0.000001475214958190918, -0.0000013709068298339844, -2.60770320892334e-07, 0.5669366121292114, -0.3071354627609253, 0.7643625736236572, 0.2754206955432892, 0.9451677799224854, 0.1755036562681198, -0.7763545513153076, 0.11102192848920822, 0.6204422116279602),
            ["LeftFoot"] = CFrame.new(2.3283064365386963e-08, -1.1920928955078125e-07, 0, 0.9888736605644226, -0.083432637155056, 0.1231587678194046, 0.12133080512285233, 0.9313759803771973, -0.34324580430984497, -0.08606909960508347, 0.3543696105480194, 0.9311359524726868),
            ["LowerTorso"] = CFrame.new(-0.19611161947250366, -0.18302905559539795, 0.13763682544231415, 0.9055782556533813, 0.08285356312990189, -0.41600891947746277, -0.13293547928333282, 0.9867660403251648, -0.09284986555576324, 0.40281060338020325, 0.1393851488828659, 0.904607892036438),
            ["RightLowerLeg"] = CFrame.new(-1.0617077350616455e-07, -0.0007264614105224609, 0.000046090986870694906, 1, 1.7508870087112882e-07, 4.470350489782504e-08, -7.450580596923828e-08, 0.3324659764766693, 0.943115234375, 4.470348358154297e-08, -0.9431153535842896, 0.33246612548828125),
            ["LeftUpperLeg"] = CFrame.new(0, -2.8545036911964417e-07, 3.3527612686157227e-08, 0.9795883893966675, 0.023988988250494003, 0.19957761466503143, 0.01642739027738571, 0.9799788594245911, -0.19842290878295898, -0.20034191012382507, 0.19765134155750275, 0.9595817923545837),
            ["LeftLowerLeg"] = CFrame.new(-1.1175870895385742e-07, -0.0007264614105224609, 0.00008098781108856201, 1, 6.70552182668871e-08, -3.3527612686157227e-08, -8.009374141693115e-08, 0.7465555667877197, 0.6653233170509338, 4.6566128730773926e-08, -0.6653231978416443, 0.7465553879737854),
        }},
        {Time = 0.033, Data = {
            ["RightFoot"] = CFrame.new(1.7881393432617188e-07, -5.960464477539063e-08, 3.149762051180005e-08, 0.8650269508361816, 0.3418442904949188, -0.36724793910980225, -0.4351751208305359, 0.8754899501800537, -0.21009519696235657, 0.2497020959854126, 0.3415551781654358, 0.906084418296814),
            ["LeftLowerArm"] = CFrame.new(0.0000016391277313232422, -4.76837158203125e-07, 0.0000050067901611328125, 1, -7.450580596923828e-09, -5.21540641784668e-08, -5.21540641784668e-08, -0.1755961775779724, -0.984462320804596, -3.725290298461914e-08, 0.984462320804596, -0.1755962371826172),
            ["RightUpperArm"] = CFrame.new(-0.014729738235473633, 0.004002809524536133, -0.08668491244316101, 0.9485278725624084, -0.3037763833999634, -0.08952567726373672, 0.31603848934173584, 0.9261300563812256, 0.2059192657470703, 0.020359186455607414, -0.2236139178276062, 0.9744652509689331),
            ["Head"] = CFrame.new(-1.862645149230957e-08, -0.0000010728836059570312, -1.1175870895385742e-08, 0.9355067014694214, -0.06254804134368896, 0.3477286100387573, 0.06981132179498672, 0.9975249767303467, -0.008385229855775833, -0.3463432490825653, 0.03211954981088638, 0.9375576972961426),
            ["RightHand"] = CFrame.new(5.960464477539063e-08, 0.0000012516975402832031, -5.364418029785156e-07, 0.9939210414886475, -0.09809518605470657, 0.04998428747057915, 0.1050792932510376, 0.9807150959968567, -0.16479173302650452, -0.03285513073205948, 0.1690424233675003, 0.9850611090660095),
            ["UpperTorso"] = CFrame.new(2.9802322387695312e-08, -2.980232238769531e-07, 2.2351741790771484e-08, 0.9896788001060486, -0.05597475543618202, -0.13191983103752136, 0.08447583764791489, 0.9714857935905457, 0.22153830528259277, 0.115757517516613, -0.2303955852985382, 0.9661873579025269),
            ["HumanoidRootPart"] = CFrame.new(0, 0, 0, 1, 0, 0, 0, 1, 0, 0, 0, 1),
            ["RightUpperLeg"] = CFrame.new(0, -1.564621925354004e-07, -1.6952981241047382e-09, 0.8822327852249146, -0.3223739564418793, 0.34313327074050903, 0.43548569083213806, 0.835739016532898, -0.3345035910606384, -0.17893466353416443, 0.44453945755958557, 0.8777055144309998),
            ["LeftUpperArm"] = CFrame.new(0.04646408557891846, 0.023853778839111328, -0.08757928013801575, 0.7318140864372253, 0.5620955228805542, -0.3853532075881958, -0.012866232544183731, -0.5539485216140747, -0.8324514031410217, -0.681382954120636, 0.6141577363014221, -0.3981553018093109),
            ["RightLowerArm"] = CFrame.new(0, 7.152557373046875e-07, -0.000003933906555175781, 1, -0.000019326807887409814, -0.0000013522804920285125, 0.000018918944988399744, 0.9880551695823669, -0.1541011780500412, 0.000004231929779052734, 0.1541011482477188, 0.9880551099777222),
            ["LeftHand"] = CFrame.new(-0.0000013783574104309082, -0.0000011324882507324219, -4.842877388000488e-08, 0.4935893714427948, -0.2667425572872162, 0.8277786374092102, 0.2706000804901123, 0.9516623616218567, 0.14530907571315765, -0.8265259861946106, 0.15227380394935608, 0.5419113039970398),
            ["LeftFoot"] = CFrame.new(-3.655441105365753e-08, -1.1920928955078125e-07, -1.30385160446167e-08, 0.9832221865653992, -0.07528169453144073, 0.1661529690027237, 0.1242736354470253, 0.9432230591773987, -0.30803635716438293, -0.13352972269058228, 0.3235166370868683, 0.9367533326148987),
            ["LowerTorso"] = CFrame.new(-0.16800934076309204, -0.17780613899230957, 0.14835920929908752, 0.8936641812324524, 0.10518958419561386, -0.4362334907054901, -0.16090834140777588, 0.9826065301895142, -0.09269814193248749, 0.41889500617980957, 0.15303458273410797, 0.8950461149215698),
            ["RightLowerLeg"] = CFrame.new(-6.472691893577576e-08, -0.0007265806198120117, 0.000046053733967710286, 1, 8.195641498787154e-08, 0, -1.564622067462551e-07, 0.4603580832481384, 0.8877332806587219, 8.940698137394065e-08, -0.8877333998680115, 0.46035826206207275),
            ["LeftUpperLeg"] = CFrame.new(0, -1.8719583749771118e-07, -5.21540641784668e-08, 0.9864885807037354, -0.002070752438157797, 0.1638173609972, 0.03228707239031792, 0.9827670454978943, -0.18200679123401642, -0.16061748564243317, 0.18483665585517883, 0.9695552587509155),
            ["LeftLowerLeg"] = CFrame.new(-2.2351741790771484e-08, -0.0007266402244567871, 0.00008100271224975586, 1, 4.470348358154297e-08, 4.097818262494002e-08, -3.725289943190546e-08, 0.7614300847053528, 0.6482470631599426, 1.4901159417490817e-08, -0.6482471823692322, 0.7614301443099976),
        }},
        {Time = 0.067, Data = {
            ["RightFoot"] = CFrame.new(1.9371509552001953e-07, 5.960464477539063e-08, 1.6596459317952394e-08, 0.8629150986671448, 0.3637707829475403, -0.35078275203704834, -0.4537261426448822, 0.8633426427841187, -0.2208440899848938, 0.22250905632972717, 0.349729061126709, 0.9100437164306641),
            ["LeftLowerArm"] = CFrame.new(0.0000013709068298339844, 0, 0.000004842877388000488, 1, 7.450581485102248e-09, -7.823112468940963e-08, -8.568170528633345e-08, -0.258116751909256, -0.966113805770874, -3.725291630729544e-09, 0.966113805770874, -0.25811678171157837),
            ["RightUpperArm"] = CFrame.new(-0.018377184867858887, 0.00515294075012207, -0.085966557264328, 0.9517272114753723, -0.2977082133293152, -0.07473393529653549, 0.3063057065010071, 0.9368721842765808, 0.1686631590127945, 0.01980382576584816, -0.18341296911239624, 0.9828365445137024),
            ["Head"] = CFrame.new(3.3527612686157227e-08, -8.344650268554688e-07, 2.2351741790771484e-08, 0.9333457946777344, -0.05727596953511238, 0.35438013076782227, 0.06647510081529617, 0.997692346572876, -0.013828443363308907, -0.35277026891708374, 0.03646383062005043, 0.9349991679191589),
            ["RightHand"] = CFrame.new(5.364418029785156e-07, 9.5367431640625e-07, -7.152557373046875e-07, 0.9953849911689758, -0.07680252194404602, 0.05753470957279205, 0.08112280815839767, 0.9937289953231812, -0.0769534558057785, -0.05126382037997246, 0.08126574754714966, 0.9953732490539551),
            ["UpperTorso"] = CFrame.new(5.21540641784668e-08, 2.086162567138672e-07, 1.1175870895385742e-08, 0.9868280291557312, -0.08639028668403625, -0.13677433133125305, 0.11551862210035324, 0.9681956768035889, 0.22192968428134918, 0.11325172334909439, -0.2348061203956604, 0.9654222726821899),
            ["HumanoidRootPart"] = CFrame.new(0, 0, 0, 1, 0, 0, 0, 1, 0, 0, 0, 1),
            ["RightUpperLeg"] = CFrame.new(5.960464477539063e-08, -4.470348358154297e-08, 3.9282895158976316e-08, 0.8690324425697327, -0.34435272216796875, 0.35525190830230713, 0.4589381814002991, 0.8292930722236633, -0.3188242018222809, -0.1848200410604477, 0.4401070475578308, 0.87871915102005),
            ["LeftUpperArm"] = CFrame.new(0.04280102252960205, 0.024255037307739258, -0.08677762746810913, 0.6718660593032837, 0.6767992377281189, -0.30089640617370605, 0.11864825338125229, -0.4993461072444916, -0.8582401871681213, -0.7311078310012817, 0.5409217476844788, -0.41579458117485046),
            ["RightLowerArm"] = CFrame.new(4.76837158203125e-07, 5.960464477539062e-07, -0.000003814697265625, 1, -0.00001920014801726211, -0.0000026747586616693297, 0.000018914697648142464, 0.9963482022285461, -0.08538403362035751, 0.000004313886620366247, 0.0853840634226799, 0.9963481426239014),
            ["LeftHand"] = CFrame.new(-0.0000013634562492370605, -0.0000013113021850585938, -5.960464477539063e-08, 0.4512428343296051, -0.236636683344841, 0.8604549765586853, 0.27846759557724, 0.9533952474594116, 0.11616156250238419, -0.8478417992591858, 0.187191903591156, 0.4961087107658386),
            ["LeftFoot"] = CFrame.new(-1.6996636986732483e-08, -1.7881393432617188e-07, 1.5366822481155396e-08, 0.9740596413612366, -0.06957127898931503, 0.21533149480819702, 0.1321219652891159, 0.9473810195922852, -0.29156994819641113, -0.1837160289287567, 0.3124566078186035, 0.931997537612915),
            ["LowerTorso"] = CFrame.new(-0.13743837177753448, -0.18650996685028076, 0.15970513224601746, 0.8820865154266357, 0.1253102421760559, -0.4541153609752655, -0.18562765419483185, 0.9784368276596069, -0.09057501703500748, 0.43297314643859863, 0.1641913503408432, 0.8863270282745361),
            ["RightLowerLeg"] = CFrame.new(-1.1827796697616577e-07, -0.0007262825965881348, 0.00004602020635502413, 1, 1.0430815677864302e-07, 1.4901164746561335e-08, -8.195636524988004e-08, 0.48098286986351013, 0.8767299652099609, 1.7881389169360773e-07, -0.8767301440238953, 0.4809831976890564),
            ["LeftUpperLeg"] = CFrame.new(0, 2.3283064365386963e-08, -2.60770320892334e-08, 0.9917189478874207, -0.021744823083281517, 0.12657305598258972, 0.04610370844602585, 0.9801458120346069, -0.19284412264823914, -0.119866743683815, 0.19708263874053955, 0.9730316400527954),
            ["LeftLowerLeg"] = CFrame.new(1.564621925354004e-07, -0.0007262229919433594, 0.00008098781108856201, 1, 8.195639367158947e-08, 5.215407838932151e-08, -2.2351748896198842e-08, 0.74485844373703, 0.6672223806381226, -1.4901166522918174e-08, -0.6672224402427673, 0.7448585629463196),
        }},
        {Time = 0.100, Data = {
            ["RightFoot"] = CFrame.new(2.3096799850463867e-07, 0, 6.129994289949536e-08, 0.8694425821304321, 0.3382500112056732, -0.3600788414478302, -0.44719377160072327, 0.8486118912696838, -0.2826228737831116, 0.2099698781967163, 0.40674924850463867, 0.8890824317932129),
            ["LeftLowerArm"] = CFrame.new(0.0000016093254089355469, 0, 0.000005044043064117432, 1, -1.1175869119028903e-08, -6.519259443393821e-08, -1.1548398504146462e-07, -0.33206894993782043, -0.9432551264762878, -7.4505797087454084e-09, 0.9432551264762878, -0.33206892013549805),
            ["RightUpperArm"] = CFrame.new(-0.021516084671020508, 0.00498807430267334, -0.08502724766731262, 0.9549399614334106, -0.28987759351730347, -0.06372303515672684, 0.29575011134147644, 0.9474085569381714, 0.12226611375808716, 0.024929698556661606, -0.13560296595096588, 0.9904496669769287),
            ["Head"] = CFrame.new(2.9802322387695312e-08, -8.344650268554688e-07, -8.195638656616211e-08, 0.9350321888923645, -0.04988890513777733, 0.3510357439517975, 0.06026492640376091, 0.9980074763298035, -0.018688233569264412, -0.34940388798713684, 0.03862905502319336, 0.936175525188446),
            ["RightHand"] = CFrame.new(2.086162567138672e-07, 8.344650268554688e-07, -5.960464477539062e-07, 0.9963510036468506, -0.050247155129909515, 0.06899241358041763, 0.050089187920093536, 0.9987366199493408, 0.004019311163574457, -0.069107286632061, -0.0005488618626259267, 0.9976091384887695),
            ["UpperTorso"] = CFrame.new(7.450580596923828e-09, -2.980232238769531e-07, 1.1175870895385742e-08, 0.9844673871994019, -0.11586353927850723, -0.13190768659114838, 0.14323267340660095, 0.964518129825592, 0.22178688645362854, 0.10153010487556458, -0.23723533749580383, 0.9661319851875305),
            ["HumanoidRootPart"] = CFrame.new(0, 0, 0, 1, 0, 0, 0, 1, 0, 0, 0, 1),
            ["RightUpperLeg"] = CFrame.new(1.1920928955078125e-07, -5.438923835754395e-07, -1.6596459317952394e-08, 0.8653755187988281, -0.33111825585365295, 0.37614649534225464, 0.4626895785331726, 0.8162286877632141, -0.3459613025188446, -0.19246745109558105, 0.4734252393245697, 0.8595491051673889),
            ["LeftUpperArm"] = CFrame.new(0.039698243141174316, 0.025760173797607422, -0.08588176965713501, 0.6026585698127747, 0.7748857140541077, -0.1906689554452896, 0.20589135587215424, -0.3818320035934448, -0.9010066986083984, -0.7709808945655823, 0.5037423968315125, -0.38965660333633423),
            ["RightLowerArm"] = CFrame.new(3.5762786865234375e-07, 7.748603820800781e-07, -0.000003933906555175781, 1, -0.000019066035747528076, -0.000003546476818883093, 0.000018928196368506178, 0.9992446899414062, -0.03886008635163307, 0.00000434368757851189, 0.03886011242866516, 0.9992446899414062),
            ["LeftHand"] = CFrame.new(-0.0000014156103134155273, -8.344650268554688e-07, 2.682209014892578e-07, 0.4446185529232025, -0.216851145029068, 0.8690739274024963, 0.29652079939842224, 0.9511791467666626, 0.0856378823518753, -0.8452157974243164, 0.21962228417396545, 0.4872133433818817),
            ["LeftFoot"] = CFrame.new(4.225876182317734e-08, -1.1920928955078125e-07, 2.3283064365386963e-10, 0.9628880023956299, -0.07221881300210953, 0.26005998253822327, 0.14810436964035034, 0.9468919038772583, -0.2854134440422058, -0.22563645243644714, 0.31333714723587036, 0.9224467873573303),
            ["LowerTorso"] = CFrame.new(-0.105093814432621, -0.20802581310272217, 0.17165566980838776, 0.8712995648384094, 0.1425231546163559, -0.4696000814437866, -0.2069849967956543, 0.974348783493042, -0.08832772076129913, 0.4449654817581177, 0.17416007816791534, 0.8784497976303101),
            ["RightLowerLeg"] = CFrame.new(1.210719347000122e-08, -0.0007264614105224609, 0.00004600157990353182, 1, 7.078052988163108e-08, 4.470348358154297e-08, -1.266598985694145e-07, 0.4228084981441498, 0.906218945980072, 2.0861631355728605e-07, -0.9062191247940063, 0.4228087067604065),
            ["LeftUpperLeg"] = CFrame.new(0, -4.2421743273735046e-07, 7.450580596923828e-09, 0.994694173336029, -0.03334161639213562, 0.09732364863157272, 0.05476534366607666, 0.9724515080451965, -0.2265806943178177, -0.08708810061216354, 0.23070833086967468, 0.9691178202629089),
            ["LeftLowerLeg"] = CFrame.new(7.450580596923828e-08, -0.0007262229919433594, 0.00008095800876617432, 1, 8.940698137394065e-08, -3.725290653733282e-08, -6.798655505235729e-08, 0.6978195905685425, 0.7162736654281616, 7.078052277620372e-08, -0.7162735462188721, 0.6978195309638977),
        }},
        {Time = 0.133, Data = {
            ["RightFoot"] = CFrame.new(2.4586915969848633e-07, -5.960464477539063e-08, 3.149762051180005e-08, 0.8761086463928223, 0.31271740794181824, -0.36693519353866577, -0.4401592016220093, 0.8293595314025879, -0.34412622451782227, 0.19670690596103668, 0.46300172805786133, 0.8642544746398926),
            ["LeftLowerArm"] = CFrame.new(0.0000012814998626708984, -5.960464477539063e-08, 0.000004782341420650482, 1, 0, -1.4901162970204496e-08, -7.823110337312755e-08, -0.3651108145713806, -0.9309641122817993, -1.9557775843281888e-08, 0.9309641122817993, -0.36511072516441345),
            ["RightUpperArm"] = CFrame.new(-0.024007141590118408, 0.004472017288208008, -0.0839899480342865, 0.9588272571563721, -0.2789774537086487, -0.053120192140340805, 0.28238385915756226, 0.9564419984817505, 0.07401397079229355, 0.03015832230448723, -0.08596689254045486, 0.9958415031433105),
            ["Head"] = CFrame.new(1.4901161193847656e-08, -7.152557373046875e-07, 0, 0.9382162690162659, -0.041468556970357895, 0.34355616569519043, 0.05286969244480133, 0.9983158111572266, -0.023881319910287857, -0.34198713302612305, 0.040569454431533813, 0.9388284683227539),
            ["RightHand"] = CFrame.new(0, 8.344650268554688e-07, -8.642673492431641e-07, 0.9962000250816345, -0.04538125917315483, 0.07433873414993286, 0.04030342400074005, 0.9968409538269043, 0.06843888014554977, -0.07720975577831268, -0.06518279761075974, 0.9948818683624268),
            ["UpperTorso"] = CFrame.new(-4.377216100692749e-08, -8.940696716308594e-08, 1.4435499906539917e-08, 0.9815693497657776, -0.13963453471660614, -0.13047538697719574, 0.166264608502388, 0.9605813026428223, 0.2227996289730072, 0.09422151744365692, -0.2403867244720459, 0.9660934805870056),
            ["HumanoidRootPart"] = CFrame.new(0, 0, 0, 1, 0, 0, 0, 1, 0, 0, 0, 1),
            ["RightUpperLeg"] = CFrame.new(2.9802322387695312e-08, -2.905726432800293e-07, 2.438173396512866e-08, 0.8664559125900269, -0.3165898025035858, 0.3860376179218292, 0.461090087890625, 0.8039425015449524, -0.37559616565704346, -0.19144214689731598, 0.5034355521202087, 0.8425571918487549),
            ["LeftUpperArm"] = CFrame.new(0.03726452589035034, 0.027659058570861816, -0.08491864800453186, 0.5320061445236206, 0.8442440032958984, -0.06497406214475632, 0.24904628098011017, -0.2293543964624405, -0.9409424662590027, -0.8092870712280273, 0.48440563678741455, -0.3322736918926239),
            ["RightLowerArm"] = CFrame.new(-5.960464477539063e-08, 4.76837158203125e-07, -0.000003814697265625, 1, -0.000019080938727711327, -0.000003729016043507727, 0.000018879774870583788, 0.9994267821311951, -0.03385423496365547, 0.000004272908881830517, 0.033854227513074875, 0.9994267821311951),
            ["LeftHand"] = CFrame.new(-0.0000012516975402832031, -0.0000011324882507324219, 2.384185791015625e-07, 0.4597989618778229, -0.19514425098896027, 0.8663157820701599, 0.3160940408706665, 0.9476269483566284, 0.04569268226623535, -0.8298611640930176, 0.25282785296440125, 0.4974023997783661),
            ["LeftFoot"] = CFrame.new(-1.2951204553246498e-08, -1.1920928955078125e-07, 2.523302100598812e-08, 0.9550334811210632, -0.0864553302526474, 0.2836134135723114, 0.1711190789937973, 0.9418794512748718, -0.28910455107688904, -0.24213507771492004, 0.32463616132736206, 0.9143205285072327),
            ["LowerTorso"] = CFrame.new(-0.07122433185577393, -0.23605799674987793, 0.184305340051651, 0.8656607866287231, 0.15548458695411682, -0.4758738875389099, -0.22278422117233276, 0.970883846282959, -0.08804452419281006, 0.4483286440372467, 0.18223387002944946, 0.8750956654548645),
            ["RightLowerLeg"] = CFrame.new(-1.1874362826347351e-07, -0.0007265806198120117, 0.00004600716783897951, 1, 2.1979225550694537e-07, 1.4901166522918174e-08, -1.043081283569336e-07, 0.3561910092830658, 0.9344131946563721, 2.4586915969848633e-07, -0.9344132542610168, 0.3561910092830658),
            ["LeftUpperLeg"] = CFrame.new(0, -3.702007234096527e-07, 4.842877388000488e-08, 0.996474027633667, -0.03506624698638916, 0.07622263580560684, 0.05385708063840866, 0.9639366865158081, -0.26062554121017456, -0.06433466076850891, 0.2638115882873535, 0.9624263644218445),
            ["LeftLowerLeg"] = CFrame.new(-2.384185791015625e-07, -0.0007264018058776855, 0.00008091330528259277, 1, 1.1920930376163597e-07, -7.450581485102248e-09, -8.894132719206027e-08, 0.648065984249115, 0.7615842819213867, 6.332994928470725e-08, -0.7615842819213867, 0.648065984249115),
        }},
        {Time = 0.167, Data = {
            ["RightFoot"] = CFrame.new(1.862645149230957e-07, -5.960464477539063e-08, 1.6596459317952394e-08, 0.8828300833702087, 0.28946030139923096, -0.36989715695381165, -0.43123990297317505, 0.8116035461425781, -0.3941216468811035, 0.18612737953662872, 0.5074569582939148, 0.8413347601890564),
            ["LeftLowerArm"] = CFrame.new(0.0000012516975402832031, -3.5762786865234375e-07, 0.0000044442713260650635, 1, 0, -6.891788473240013e-08, -7.409835234284401e-08, -0.3764618933200836, -0.9264321327209473, 7.450580596923828e-09, 0.926432192325592, -0.37646183371543884),
            ["RightUpperArm"] = CFrame.new(-0.02525937557220459, 0.00493311882019043, -0.0836021900177002, 0.9619489312171936, -0.2655862867832184, -0.06417229771614075, 0.2677568793296814, 0.9630843997001648, 0.027835281565785408, 0.054410576820373535, -0.04395860433578491, 0.9975506067276001),
            ["Head"] = CFrame.new(1.1175870895385742e-08, -9.5367431640625e-07, -2.9802322387695312e-08, 0.9492689967155457, -0.032811664044857025, 0.3127489387989044, 0.04424142464995384, 0.9985847473144531, -0.029517896473407745, -0.31133779883384705, 0.0418567918241024, 0.9493771195411682),
            ["RightHand"] = CFrame.new(2.980232238769531e-07, 9.5367431640625e-07, -6.556510925292969e-07, 0.9960049986839294, -0.04073210805654526, 0.07946683466434479, 0.03347425535321236, 0.9953229427337646, 0.09061824530363083, -0.08278634399175644, -0.08759613335132599, 0.9927101135253906),
            ["UpperTorso"] = CFrame.new(-2.421438694000244e-08, -4.470348358154297e-07, 3.725290298461914e-08, 0.9809877872467041, -0.15391087532043457, -0.11821392178535461, 0.1778232902288437, 0.956835150718689, 0.22988130152225494, 0.0777302086353302, -0.24653197824954987, 0.9660124778747559),
            ["HumanoidRootPart"] = CFrame.new(0, 0, 0, 1, 0, 0, 0, 1, 0, 0, 0, 1),
            ["RightUpperLeg"] = CFrame.new(0, -2.0489096641540527e-07, -5.420588422566652e-09, 0.8743742108345032, -0.3042304813861847, 0.3780393600463867, 0.4514694809913635, 0.7956250309944153, -0.40392574667930603, -0.1778908222913742, 0.5238555669784546, 0.833024799823761),
            ["LeftUpperArm"] = CFrame.new(0.036023855209350586, 0.028562068939208984, -0.08454051613807678, 0.5003316402435303, 0.8617861270904541, 0.08362569659948349, 0.2333671748638153, -0.0412134975194931, -0.9715149998664856, -0.8337914347648621, 0.5055949687957764, -0.2217329442501068),
            ["RightLowerArm"] = CFrame.new(0, 8.344650268554688e-07, -0.000003814697265625, 1, -0.000019147999410051852, -0.000003134832468276727, 0.000018902124793385155, 0.9980615973472595, -0.06223490461707115, 0.0000042989854591724, 0.06223495304584503, 0.9980615973472595),
            ["LeftHand"] = CFrame.new(-0.0000013113021850585938, -0.0000011920928955078125, 5.960464477539063e-08, 0.4906712770462036, -0.17401306331157684, 0.8537918925285339, 0.33448362350463867, 0.942401647567749, -0.00015379503020085394, -0.8045883774757385, 0.28565487265586853, 0.520614504814148),
            ["LeftFoot"] = CFrame.new(6.658956408500671e-08, -5.960464477539063e-08, 4.7031790018081665e-08, 0.952022910118103, -0.10836734622716904, 0.2861972749233246, 0.20149341225624084, 0.9258503913879395, -0.31968986988067627, -0.2303321361541748, 0.3620189130306244, 0.9032660126686096),
            ["LowerTorso"] = CFrame.new(-0.03628724813461304, -0.26430976390838623, 0.1976761817932129, 0.8685413002967834, 0.1620161533355713, -0.4683873951435089, -0.2303333580493927, 0.9687513113021851, -0.09201933443546295, 0.4388422667980194, 0.1878078430891037, 0.8787181973457336),
            ["RightLowerLeg"] = CFrame.new(-1.0221265256404877e-07, -0.0007264614105224609, 0.00004601554974215105, 1, 1.2200328569633712e-07, 4.470351555596608e-08, -1.4901162614933128e-07, 0.2899758219718933, 0.9570339322090149, 1.0430814256778831e-07, -0.9570340514183044, 0.2899761497974396),
            ["LeftUpperLeg"] = CFrame.new(-8.940696716308594e-08, -3.739260137081146e-07, 1.5832483768463135e-08, 0.9977396130561829, -0.033545102924108505, 0.058227844536304474, 0.04985090717673302, 0.9505335092544556, -0.30659550428390503, -0.04506264999508858, 0.30880528688430786, 0.9500572681427002),
            ["LeftLowerLeg"] = CFrame.new(2.9802322387695312e-08, -0.0007265210151672363, 0.00008092820644378662, 1, 1.6391273049976007e-07, -2.2351736461700966e-08, -4.284083487959833e-08, 0.576556384563446, 0.8170576095581055, 5.960463766996327e-08, -0.8170574903488159, 0.5765561461448669),
        }},
        {Time = 0.200, Data = {
            ["RightFoot"] = CFrame.new(2.123415470123291e-07, 0, -1.3205863069742918e-08, 0.8910280466079712, 0.2547546327114105, -0.37572506070137024, -0.41600796580314636, 0.78950035572052, -0.4512500762939453, 0.18167708814144135, 0.5583810210227966, 0.8094468712806702),
            ["LeftLowerArm"] = CFrame.new(0.0000013113021850585938, -5.960464477539062e-07, 0.000005125999450683594, 1, -1.210719524635806e-08, -1.2386593084556807e-07, -5.948822945356369e-08, -0.3680032789707184, -0.9298245310783386, 1.210719347000122e-08, 0.9298245310783386, -0.3680032193660736),
            ["RightUpperArm"] = CFrame.new(-0.025605440139770508, 0.006816744804382324, -0.0835338830947876, 0.9626798033714294, -0.254589319229126, -0.09182630479335785, 0.25489160418510437, 0.9669312834739685, -0.008617011830210686, 0.09098346531391144, -0.015110291540622711, 0.9957377910614014),
            ["Head"] = CFrame.new(0, -5.960464477539062e-07, -5.21540641784668e-08, 0.9632254838943481, -0.025907527655363083, 0.26744258403778076, 0.036169081926345825, 0.9987835884094238, -0.033513981848955154, -0.26624903082847595, 0.041954610496759415, 0.9629908800125122),
            ["RightHand"] = CFrame.new(3.8743019104003906e-07, 0.0000013113021850585938, -8.717179298400879e-07, 0.9960405230522156, -0.023085296154022217, 0.0858505368232727, 0.01721002347767353, 0.9974988102912903, 0.06855720281600952, -0.08721863478422165, -0.06680828332901001, 0.9939465522766113),
            ["UpperTorso"] = CFrame.new(5.960464477539063e-08, -2.9802322387695312e-08, -2.7939677238464355e-08, 0.982753336429596, -0.1552692949771881, -0.10043654590845108, 0.17534375190734863, 0.9549585580825806, 0.23939284682273865, 0.05874238163232803, -0.2528750002384186, 0.9657140970230103),
            ["HumanoidRootPart"] = CFrame.new(0, 0, 0, 1, 0, 0, 0, 1, 0, 0, 0, 1),
            ["RightUpperLeg"] = CFrame.new(1.1920928955078125e-07, -4.470348358154297e-08, -5.3849362302571535e-08, 0.8913977742195129, -0.29978448152542114, 0.33991101384162903, 0.42874082922935486, 0.800923228263855, -0.4179752469062805, -0.14694005250930786, 0.5183159112930298, 0.8424708843231201),
            ["LeftUpperArm"] = CFrame.new(0.035604000091552734, 0.027389883995056152, -0.0843673050403595, 0.505029559135437, 0.8293007016181946, 0.23917672038078308, 0.17444030940532684, 0.17332062125205994, -0.9692938923835754, -0.8452903032302856, 0.531244158744812, -0.05713149160146713),
            ["RightLowerArm"] = CFrame.new(2.384185791015625e-07, 5.960464477539062e-07, -0.000003844499588012695, 1, -0.000019289551346446387, -0.0000018761493265628815, 0.000018917022316600196, 0.9918985366821289, -0.12703289091587067, 0.000004332512162363855, 0.12703289091587067, 0.9918985366821289),
            ["LeftHand"] = CFrame.new(-0.0000015497207641601562, -8.344650268554688e-07, 2.384185791015625e-07, 0.5334107279777527, -0.15487007796764374, 0.8315573930740356, 0.3487352132797241, 0.935918927192688, -0.04939312860369682, -0.770621120929718, 0.3163400888442993, 0.5532384514808655),
            ["LeftFoot"] = CFrame.new(8.568167686462402e-08, -1.1920928955078125e-07, 2.0489096641540527e-08, 0.9508491158485413, -0.11814211308956146, 0.2862313389778137, 0.22101016342639923, 0.9063628315925598, -0.36008480191230774, -0.21688838303089142, 0.40564635396003723, 0.8879249691963196),
            ["LowerTorso"] = CFrame.new(-0.000988975167274475, -0.2861841917037964, 0.21145962178707123, 0.8799559473991394, 0.16121149063110352, -0.4468652307987213, -0.22757339477539062, 0.9687517285346985, -0.09864410758018494, 0.41699889302253723, 0.18849708139896393, 0.8891461491584778),
            ["RightLowerLeg"] = CFrame.new(-2.473825588822365e-09, -0.0007264614105224609, 0.00004604744754033163, 1, 1.415611023958263e-07, -2.9802340151263707e-08, -1.1920931797249068e-07, 0.25682127475738525, 0.9664588570594788, 2.235174747511337e-07, -0.9664589762687683, 0.25682154297828674),
            ["LeftUpperLeg"] = CFrame.new(5.960464477539063e-08, -3.373716026544571e-07, -2.7939677238464355e-08, 0.9984427094459534, -0.04175017401576042, 0.03700290992856026, 0.05257527530193329, 0.9260129332542419, -0.37381282448768616, -0.018658248707652092, 0.3751761317253113, 0.9267657399177551),
            ["LeftLowerLeg"] = CFrame.new(2.9802322387695312e-08, -0.0007264614105224609, 0.00008101761341094971, 1, 1.3411047916633834e-07, 5.2154071283894154e-08, -1.1175870895385742e-07, 0.47344961762428284, 0.8808210492134094, 1.2665987014770508e-07, -0.8808210492134094, 0.4734495282173157),
        }},
        {Time = 0.233, Data = {
            ["RightFoot"] = CFrame.new(1.3783574104309082e-07, -5.960464477539063e-08, 4.639878170564771e-08, 0.8992725014686584, 0.21697941422462463, -0.37977465987205505, -0.39610159397125244, 0.772255003452301, -0.49671509861946106, 0.1855061650276184, 0.5971115827560425, 0.7804135680198669),
            ["LeftLowerArm"] = CFrame.new(0.0000012516975402832031, -3.5762786865234375e-07, 0.000004351139068603516, 1, -2.421438694000244e-08, -3.259629366425543e-08, -2.9802318834981634e-08, -0.33624300360679626, -0.9417753219604492, 2.2351738238057806e-08, 0.9417753219604492, -0.3362429738044739),
            ["RightUpperArm"] = CFrame.new(-0.02634042501449585, 0.009270906448364258, -0.08344683051109314, 0.9611794352531433, -0.25685587525367737, -0.10079240053892136, 0.25717878341674805, 0.9663121104240417, -0.010002322494983673, 0.09996585547924042, -0.016307713463902473, 0.9948571920394897),
            ["Head"] = CFrame.new(-1.4901161193847656e-08, -4.76837158203125e-07, -3.725290298461914e-08, 0.9725410342216492, -0.022334806621074677, 0.23165683448314667, 0.031629420816898346, 0.9988335967063904, -0.0364856943488121, -0.23057198524475098, 0.04281079024076462, 0.9721131920814514),
            ["RightHand"] = CFrame.new(4.172325134277344e-07, 0.0000013113021850585938, -7.897615432739258e-07, 0.9958763718605042, 0.00486098974943161, 0.09059087187051773, -0.008504573255777359, 0.9991684556007385, 0.039877429604530334, -0.09032179415225983, -0.04048334062099457, 0.9950895309448242),
            ["UpperTorso"] = CFrame.new(-1.1920928955078125e-07, -8.940696716308594e-08, -5.960464477539063e-08, 0.9849725961685181, -0.15320807695388794, -0.0797266960144043, 0.16840605437755585, 0.9543924927711487, 0.2465251088142395, 0.03832119703292847, -0.25624677538871765, 0.9658515453338623),
            ["HumanoidRootPart"] = CFrame.new(0, 0, 0, 1, 0, 0, 0, 1, 0, 0, 0, 1),
            ["RightUpperLeg"] = CFrame.new(-5.960464477539063e-08, 2.2351741790771484e-08, 5.75528247281909e-09, 0.9092143177986145, -0.29277899861335754, 0.2959898114204407, 0.39960625767707825, 0.8131847977638245, -0.423137903213501, -0.11680822819471359, 0.5030019879341125, 0.8563553094863892),
            ["LeftUpperArm"] = CFrame.new(0.03477609157562256, 0.025127410888671875, -0.0841052234172821, 0.5230600237846375, 0.7662063837051392, 0.37327712774276733, 0.08131998032331467, 0.3911031484603882, -0.9167473316192627, -0.848407506942749, 0.5098686814308167, 0.1422625035047531),
            ["RightLowerArm"] = CFrame.new(2.9802322387695312e-08, 0.0000010728836059570312, -0.000003606081008911133, 1, -0.000019401313693379052, 4.5634813261585805e-08, 0.000018917025954579003, 0.9745855331420898, -0.22401593625545502, 0.000004246831394993933, 0.2240159511566162, 0.9745855331420898),
            ["LeftHand"] = CFrame.new(-0.0000013709068298339844, -0.0000013113021850585938, 2.980232238769531e-07, 0.5843415856361389, -0.13871297240257263, 0.7995641827583313, 0.3564123809337616, 0.9290370941162109, -0.09930048137903214, -0.7290508151054382, 0.34299996495246887, 0.5923145413398743),
            ["LeftFoot"] = CFrame.new(-9.313225746154785e-09, -1.1920928955078125e-07, 1.4901161193847656e-08, 0.9523926377296448, -0.11130908131599426, 0.28382858633995056, 0.22124722599983215, 0.8928555250167847, -0.39224833250045776, -0.20975717902183533, 0.4363707900047302, 0.8749758005142212),
            ["LowerTorso"] = CFrame.new(0.033058375120162964, -0.29489099979400635, 0.22496815025806427, 0.89007169008255, 0.15687131881713867, -0.4279763996601105, -0.22007496654987335, 0.9701247811317444, -0.10210318118333817, 0.399173378944397, 0.18506602942943573, 0.8980039954185486),
            ["RightLowerLeg"] = CFrame.new(-1.8207356333732605e-07, -0.0007262229919433594, 0.00004609378083841875, 1, 7.450583439094771e-08, 1.4901168299275014e-08, -4.4703490686970326e-08, 0.254830002784729, 0.966985821723938, 1.4901162614933128e-07, -0.9669859409332275, 0.2548302710056305),
            ["LeftUpperLeg"] = CFrame.new(-8.940696716308594e-08, -1.578591763973236e-07, 2.0489096641540527e-08, 0.9978680610656738, -0.0551530160009861, 0.03489441052079201, 0.06481406092643738, 0.9001597166061401, -0.4307107925415039, -0.007655361667275429, 0.43205398321151733, 0.9018152356147766),
            ["LeftLowerLeg"] = CFrame.new(-5.960464477539063e-08, -0.0007264614105224609, 0.0000810474157333374, 1, 1.6391277313232422e-07, 2.2351745343485163e-08, -6.705523247774181e-08, 0.38575151562690735, 0.9226028323173523, 8.195639367158947e-08, -0.9226027727127075, 0.38575151562690735),
        }},
        {Time = 0.267, Data = {
            ["RightFoot"] = CFrame.new(1.341104507446289e-07, -1.1920928955078125e-07, 7.620110409334302e-08, 0.9069629311561584, 0.18336983025074005, -0.379201203584671, -0.37265464663505554, 0.7689514756202698, -0.5194636583328247, 0.1963334083557129, 0.6124452352523804, 0.7657440304756165),
            ["LeftLowerArm"] = CFrame.new(0.000001341104507446289, -3.5762786865234375e-07, 0.000004872679710388184, 1, -1.862645326866641e-08, -6.705522537231445e-08, -5.215404996761208e-08, -0.27088528871536255, -0.9626116752624512, -2.9802315282267955e-08, 0.962611734867096, -0.27088528871536255),
            ["RightUpperArm"] = CFrame.new(-0.02758312225341797, 0.01195228099822998, -0.08310288190841675, 0.9598953723907471, -0.27190226316452026, -0.06833799183368683, 0.27381664514541626, 0.9615691304206848, 0.02023136615753174, 0.06021082028746605, -0.0381321907043457, 0.9974570870399475),
            ["Head"] = CFrame.new(-3.725290298461914e-08, -7.152557373046875e-07, -1.1175870895385742e-07, 0.9793572425842285, -0.02185041457414627, 0.20095296204090118, 0.03015149012207985, 0.9988097548484802, -0.038340821862220764, -0.19987592101097107, 0.043608203530311584, 0.9788503050804138),
            ["RightHand"] = CFrame.new(5.960464477539062e-07, 8.940696716308594e-07, -6.556510925292969e-07, 0.9949675798416138, 0.03549738973379135, 0.0936981737613678, -0.036034248769283295, 0.9993424415588379, 0.004042596090584993, -0.09349318593740463, -0.00739843025803566, 0.9955925345420837),
            ["UpperTorso"] = CFrame.new(-1.043081283569336e-07, 3.8743019104003906e-07, -7.171183824539185e-08, 0.9868544340133667, -0.14916905760765076, -0.062185585498809814, 0.16010354459285736, 0.954822301864624, 0.2503625452518463, 0.022029710933566093, -0.25702741742134094, 0.9661529660224915),
            ["HumanoidRootPart"] = CFrame.new(0, 0, 0, 1, 0, 0, 0, 1, 0, 0, 0, 1),
            ["RightUpperLeg"] = CFrame.new(0, -2.2351741790771484e-08, -2.49783624894917e-08, 0.926596999168396, -0.287384569644928, 0.2425452172756195, 0.3672170639038086, 0.8304831385612488, -0.41886717081069946, -0.08105380833148956, 0.4771876037120819, 0.8750554323196411),
            ["LeftUpperArm"] = CFrame.new(0.03345382213592529, 0.022197961807250977, -0.08354039490222931, 0.56223464012146, 0.6885284781455994, 0.4580620229244232, -0.032315514981746674, 0.5717678666114807, -0.8197788596153259, -0.8263460993766785, 0.44610556960105896, 0.34371790289878845),
            ["RightLowerArm"] = CFrame.new(5.960464477539063e-08, 4.172325134277344e-07, -0.0000037848949432373047, 1, -0.000019237400920246728, 0.0000023059551494952757, 0.000018939377696369775, 0.9419538378715515, -0.33574265241622925, 0.0000043064360397693235, 0.3357425928115845, 0.9419538378715515),
            ["LeftHand"] = CFrame.new(-0.000001430511474609375, -0.0000011920928955078125, 2.086162567138672e-07, 0.6406172513961792, -0.12605567276477814, 0.7574422359466553, 0.35560154914855957, 0.9229814410209656, -0.14714975655078888, -0.6805564761161804, 0.36361420154571533, 0.6361040472984314),
            ["LeftFoot"] = CFrame.new(-3.725290298461914e-09, -1.7881393432617188e-07, 7.82310962677002e-08, 0.9564381241798401, -0.08608661592006683, 0.2789541482925415, 0.19733750820159912, 0.8948132395744324, -0.4004587233066559, -0.21513772010803223, 0.43806207180023193, 0.8728216290473938),
