return {
["nope"] = {

          {Time = 0.000, Data = {

              ["Head"] = CFrame.new(-0.000000, 0.000000, 0.000000, 0.979767, -0.008979, -0.199941, 0.008979, 0.999959, -0.000907, 0.199941, -0.000907, 0.979807),

              ["LeftFoot"] = CFrame.new(0.000000, 0.008124, -0.000003, 0.993573, -0.086589, -0.072910, 0.076476, 0.988348, -0.131615, 0.083452, 0.125186, 0.988616),

              ["LeftHand"] = CFrame.new(0.000494, 0.008806, -0.000000, 0.984372, -0.152424, 0.088197, 0.138663, 0.979613, 0.145366, -0.108555, -0.130864, 0.985439),

              ["LeftLowerArm"] = CFrame.new(-0.000500, 0.053105, 0.010604, 1.000000, -0.000000, -0.000000, 0.000000, 0.892047, -0.451942, 0.000000, 0.451942, 0.892048),

              ["LeftLowerLeg"] = CFrame.new(-0.000000, 0.038433, -0.004534, 1.000000, -0.000000, -0.000000, 0.000000, 0.952860, 0.303398, -0.000000, -0.303411, 0.952864),

              ["LeftUpperArm"] = CFrame.new(-0.014049, 0.003046, 0.117654, 0.971902, 0.052497, -0.229458, 0.006092, 0.968876, 0.247471, 0.235308, -0.241915, 0.941333),

              ["LeftUpperLeg"] = CFrame.new(0.000000, -0.000000, -0.000100, 0.993573, 0.098192, 0.056318, -0.092690, 0.991327, -0.093149, -0.064976, 0.087345, 0.994058),

              ["LowerTorso"] = CFrame.new(-0.000000, -0.074336, 0.020467, 1.000000, 0.000000, -0.000000, -0.000000, 0.996093, -0.088314, 0.000000, 0.088314, 0.996093),

              ["RightFoot"] = CFrame.new(-0.000000, 0.008650, -0.000103, 0.997799, 0.050725, 0.042712, -0.044336, 0.989279, -0.139155, -0.049310, 0.136947, 0.989349),

              ["RightHand"] = CFrame.new(-0.000495, 0.007240, 0.000000, -0.042510, 0.862981, -0.503448, -0.973981, 0.076479, 0.213339, 0.222608, 0.499414, 0.837274),

              ["RightLowerArm"] = CFrame.new(-0.000000, 0.043105, 0.006715, 1.000000, 0.000000, 0.000000, -0.000000, 0.931623, -0.363426, -0.000000, 0.363427, 0.931623),

              ["RightLowerLeg"] = CFrame.new(0.000000, 0.040025, -0.005119, 1.000000, 0.000000, -0.000000, -0.000000, 0.947944, 0.318424, 0.000000, -0.318436, 0.947949),

              ["RightUpperArm"] = CFrame.new(0.092434, -0.289465, -0.009976, 0.815133, -0.042727, 0.577696, 0.578930, 0.025740, -0.814971, 0.019951, 0.998755, 0.045718),

              ["RightUpperLeg"] = CFrame.new(0.000000, -0.000000, -0.000000, 0.997799, -0.057730, -0.032627, 0.054299, 0.993730, -0.097723, 0.038064, 0.095752, 0.994679),

              ["UpperTorso"] = CFrame.new(0.000000, -0.000000, -0.000000, 1.000000, 0.000000, 0.000000, -0.000000, 1.000000, 0.000000, -0.000000, 0.000000, 1.000000)

          }},

          {Time = 0.017, Data = {

              ["Head"] = CFrame.new(-0.000000, 0.000000, 0.000000, 0.981778, -0.008525, -0.189839, 0.008525, 0.999963, -0.000817, 0.189839, -0.000817, 0.981815),

              ["LeftFoot"] = CFrame.new(0.000000, 0.008124, -0.000003, 0.993573, -0.086589, -0.072910, 0.076476, 0.988348, -0.131615, 0.083452, 0.125186, 0.988616),

              ["LeftHand"] = CFrame.new(0.000494, 0.008806, -0.000000, 0.984372, -0.152424, 0.088197, 0.138663, 0.979613, 0.145366, -0.108555, -0.130864, 0.985439),

              ["LeftLowerArm"] = CFrame.new(-0.000500, 0.053105, 0.010604, 1.000000, -0.000000, -0.000000, 0.000000, 0.892047, -0.451942, 0.000000, 0.451942, 0.892048),

              ["LeftLowerLeg"] = CFrame.new(-0.000000, 0.038433, -0.004534, 1.000000, -0.000000, -0.000000, 0.000000, 0.952860, 0.303398, -0.000000, -0.303411, 0.952864),

              ["LeftUpperArm"] = CFrame.new(-0.014049, 0.003046, 0.117654, 0.971902, 0.052497, -0.229458, 0.006092, 0.968876, 0.247471, 0.235308, -0.241915, 0.941333),

              ["LeftUpperLeg"] = CFrame.new(0.000000, -0.000000, -0.000100, 0.993573, 0.098192, 0.056318, -0.092690, 0.991327, -0.093149, -0.064976, 0.087345, 0.994058),

              ["LowerTorso"] = CFrame.new(-0.000000, -0.074336, 0.020467, 1.000000, 0.000000, -0.000000, -0.000000, 0.996093, -0.088314, 0.000000, 0.088314, 0.996093),

              ["RightFoot"] = CFrame.new(-0.000000, 0.008650, -0.000103, 0.997799, 0.050725, 0.042712, -0.044336, 0.989279, -0.139155, -0.049310, 0.136947, 0.989349),

              ["RightHand"] = CFrame.new(-0.000496, 0.007150, -0.000000, 0.001416, 0.863765, -0.503896, -0.969999, 0.123687, 0.209296, 0.243105, 0.488479, 0.838024),

              ["RightLowerArm"] = CFrame.new(-0.000000, 0.042485, 0.006509, 1.000000, 0.000000, 0.000000, -0.000000, 0.933723, -0.357996, -0.000000, 0.357996, 0.933723),

              ["RightLowerLeg"] = CFrame.new(0.000000, 0.040025, -0.005119, 1.000000, 0.000000, -0.000000, -0.000000, 0.947944, 0.318424, 0.000000, -0.318436, 0.947949),

              ["RightUpperArm"] = CFrame.new(0.097411, -0.298569, -0.010098, 0.803839, -0.043570, 0.593249, 0.594406, 0.020463, -0.803905, 0.022887, 0.998841, 0.042347),

              ["RightUpperLeg"] = CFrame.new(0.000000, -0.000000, -0.000000, 0.997799, -0.057730, -0.032627, 0.054299, 0.993730, -0.097723, 0.038064, 0.095752, 0.994679),

              ["UpperTorso"] = CFrame.new(0.000000, -0.000000, -0.000000, 1.000000, 0.000000, 0.000000, -0.000000, 1.000000, 0.000000, -0.000000, 0.000000, 1.000000)

          }},

          {Time = 0.033, Data = {

              ["Head"] = CFrame.new(-0.000000, 0.000000, 0.000000, 0.986719, -0.007288, -0.162273, 0.007288, 0.999973, -0.000595, 0.162273, -0.000595, 0.986746),

              ["LeftFoot"] = CFrame.new(0.000000, 0.008124, -0.000003, 0.993573, -0.086589, -0.072910, 0.076476, 0.988348, -0.131615, 0.083452, 0.125186, 0.988616),

              ["LeftHand"] = CFrame.new(0.000494, 0.008806, -0.000000, 0.984372, -0.152424, 0.088197, 0.138663, 0.979613, 0.145366, -0.108555, -0.130864, 0.985439),

              ["LeftLowerArm"] = CFrame.new(-0.000500, 0.053105, 0.010604, 1.000000, -0.000000, -0.000000, 0.000000, 0.892047, -0.451942, 0.000000, 0.451942, 0.892048),

              ["LeftLowerLeg"] = CFrame.new(-0.000000, 0.038433, -0.004534, 1.000000, -0.000000, -0.000000, 0.000000, 0.952860, 0.303398, -0.000000, -0.303411, 0.952864),

              ["LeftUpperArm"] = CFrame.new(-0.014049, 0.003046, 0.117654, 0.971902, 0.052497, -0.229458, 0.006092, 0.968876, 0.247471, 0.235308, -0.241915, 0.941333),

              ["LeftUpperLeg"] = CFrame.new(0.000000, -0.000000, -0.000100, 0.993573, 0.098192, 0.056318, -0.092690, 0.991327, -0.093149, -0.064976, 0.087345, 0.994058),

              ["LowerTorso"] = CFrame.new(-0.000000, -0.074336, 0.020467, 1.000000, 0.000000, -0.000000, -0.000000, 0.996093, -0.088314, 0.000000, 0.088314, 0.996093),

              ["RightFoot"] = CFrame.new(-0.000000, 0.008650, -0.000103, 0.997799, 0.050725, 0.042712, -0.044336, 0.989279, -0.139155, -0.049310, 0.136947, 0.989349),

              ["RightHand"] = CFrame.new(-0.000496, 0.006899, -0.000000, 0.126896, 0.856798, -0.499798, -0.944307, 0.258579, 0.203527, 0.303616, 0.446133, 0.841890),

              ["RightLowerArm"] = CFrame.new(0.000000, 0.040761, 0.005953, 1.000000, 0.000000, 0.000000, -0.000000, 0.939358, -0.342938, -0.000000, 0.342938, 0.939358),

              ["RightLowerLeg"] = CFrame.new(0.000000, 0.040025, -0.005119, 1.000000, 0.000000, -0.000000, -0.000000, 0.947944, 0.318424, 0.000000, -0.318436, 0.947949),

              ["RightUpperArm"] = CFrame.new(0.111066, -0.321971, -0.010287, 0.772895, -0.044710, 0.632957, 0.633797, 0.006339, -0.773474, 0.030571, 0.998980, 0.033236),

              ["RightUpperLeg"] = CFrame.new(0.000000, -0.000000, -0.000000, 0.997799, -0.057730, -0.032627, 0.054299, 0.993730, -0.097723, 0.038064, 0.095752, 0.994679),

              ["UpperTorso"] = CFrame.new(0.000000, -0.000000, -0.000000, 1.000000, 0.000000, 0.000000, -0.000000, 1.000000, 0.000000, -0.000000, 0.000000, 1.000000)

          }},

          {Time = 0.050, Data = {

              ["Head"] = CFrame.new(-0.000000, 0.000000, 0.000000, 0.992598, -0.005448, -0.121323, 0.005448, 0.999985, -0.000332, 0.121323, -0.000332, 0.992613),

              ["LeftFoot"] = CFrame.new(0.000000, 0.008124, -0.000003, 0.993573, -0.086589, -0.072910, 0.076476, 0.988348, -0.131615, 0.083452, 0.125186, 0.988616),

              ["LeftHand"] = CFrame.new(0.000494, 0.008806, -0.000000, 0.984372, -0.152424, 0.088197, 0.138663, 0.979613, 0.145366, -0.108555, -0.130864, 0.985439),

              ["LeftLowerArm"] = CFrame.new(-0.000500, 0.053105, 0.010604, 1.000000, -0.000000, -0.000000, 0.000000, 0.892047, -0.451942, 0.000000, 0.451942, 0.892048),

              ["LeftLowerLeg"] = CFrame.new(-0.000000, 0.038433, -0.004534, 1.000000, -0.000000, -0.000000, 0.000000, 0.952860, 0.303398, -0.000000, -0.303411, 0.952864),

              ["LeftUpperArm"] = CFrame.new(-0.014049, 0.003046, 0.117654, 0.971902, 0.052497, -0.229458, 0.006092, 0.968876, 0.247471, 0.235308, -0.241915, 0.941333),

              ["LeftUpperLeg"] = CFrame.new(0.000000, -0.000000, -0.000100, 0.993573, 0.098192, 0.056318, -0.092690, 0.991327, -0.093149, -0.064976, 0.087345, 0.994058),

              ["LowerTorso"] = CFrame.new(-0.000000, -0.074336, 0.020467, 1.000000, 0.000000, -0.000000, -0.000000, 0.996093, -0.088314, 0.000000, 0.088314, 0.996093),

              ["RightFoot"] = CFrame.new(-0.000000, 0.008650, -0.000103, 0.997799, 0.050725, 0.042712, -0.044336, 0.989279, -0.139155, -0.049310, 0.136947, 0.989349),

              ["RightHand"] = CFrame.new(-0.000496, 0.006514, -0.000000, 0.325047, 0.816908, -0.476455, -0.858799, 0.465940, 0.212991, 0.395990, 0.339944, 0.853010),

              ["RightLowerArm"] = CFrame.new(0.000000, 0.038116, 0.005156, 1.000000, 0.000000, 0.000000, -0.000000, 0.947464, -0.319864, -0.000000, 0.319864, 0.947463),

              ["RightLowerLeg"] = CFrame.new(0.000000, 0.040025, -0.005119, 1.000000, 0.000000, -0.000000, -0.000000, 0.947944, 0.318424, 0.000000, -0.318436, 0.947949),

              ["RightUpperArm"] = CFrame.new(0.129400, -0.351193, -0.009819, 0.730873, -0.042931, 0.681162, 0.681316, -0.013185, -0.731870, 0.040402, 0.998991, 0.019613),

              ["RightUpperLeg"] = CFrame.new(0.000000, -0.000000, -0.000000, 0.997799, -0.057730, -0.032627, 0.054299, 0.993730, -0.097723, 0.038064, 0.095752, 0.994679),

              ["UpperTorso"] = CFrame.new(0.000000, -0.000000, -0.000000, 1.000000, 0.000000, 0.000000, -0.000000, 1.000000, 0.000000, -0.000000, 0.000000, 1.000000)

          }},

          {Time = 0.067, Data = {

              ["Head"] = CFrame.new(-0.000000, 0.000000, 0.000000, 0.997456, -0.003198, -0.071206, 0.003198, 0.999995, -0.000114, 0.071206, -0.000114, 0.997462),

              ["LeftFoot"] = CFrame.new(0.000000, 0.008124, -0.000003, 0.993573, -0.086589, -0.072910, 0.076476, 0.988348, -0.131615, 0.083452, 0.125186, 0.988616),

              ["LeftHand"] = CFrame.new(0.000494, 0.008806, -0.000000, 0.984372, -0.152424, 0.088197, 0.138663, 0.979613, 0.145366, -0.108555, -0.130864, 0.985439),

              ["LeftLowerArm"] = CFrame.new(-0.000500, 0.053105, 0.010604, 1.000000, -0.000000, -0.000000, 0.000000, 0.892047, -0.451942, 0.000000, 0.451942, 0.892048),

              ["LeftLowerLeg"] = CFrame.new(-0.000000, 0.038433, -0.004534, 1.000000, -0.000000, -0.000000, 0.000000, 0.952860, 0.303398, -0.000000, -0.303411, 0.952864),

              ["LeftUpperArm"] = CFrame.new(-0.014049, 0.003046, 0.117654, 0.971902, 0.052497, -0.229458, 0.006092, 0.968876, 0.247471, 0.235308, -0.241915, 0.941333),

              ["LeftUpperLeg"] = CFrame.new(0.000000, -0.000000, -0.000100, 0.993573, 0.098192, 0.056318, -0.092690, 0.991327, -0.093149, -0.064976, 0.087345, 0.994058),

              ["LowerTorso"] = CFrame.new(-0.000000, -0.074336, 0.020467, 1.000000, 0.000000, -0.000000, -0.000000, 0.996093, -0.088314, 0.000000, 0.088314, 0.996093),

              ["RightFoot"] = CFrame.new(-0.000000, 0.008650, -0.000103, 0.997799, 0.050725, 0.042712, -0.044336, 0.989279, -0.139155, -0.049310, 0.136947, 0.989349),

              ["RightHand"] = CFrame.new(-0.000496, 0.006015, 0.000000, 0.575664, 0.706391, -0.411857, -0.668389, 0.696654, 0.260636, 0.471028, 0.125241, 0.873180),

              ["RightLowerArm"] = CFrame.new(-0.000000, 0.034718, 0.004223, 1.000000, 0.000000, 0.000000, -0.000000, 0.956937, -0.290297, -0.000000, 0.290297, 0.956937),

              ["RightLowerLeg"] = CFrame.new(0.000000, 0.040025, -0.005119, 1.000000, 0.000000, -0.000000, -0.000000, 0.947944, 0.318424, 0.000000, -0.318436, 0.947949),

              ["RightUpperArm"] = CFrame.new(0.141348, -0.373221, -0.006739, 0.700476, -0.034168, 0.712858, 0.712106, -0.032758, -0.701307, 0.047315, 0.998879, 0.001385),

              ["RightUpperLeg"] = CFrame.new(0.000000, -0.000000, -0.000000, 0.997799, -0.057730, -0.032627, 0.054299, 0.993730, -0.097723, 0.038064, 0.095752, 0.994679),

              ["UpperTorso"] = CFrame.new(0.000000, -0.000000, -0.000000, 1.000000, 0.000000, 0.000000, -0.000000, 1.000000, 0.000000, -0.000000, 0.000000, 1.000000)

          }},

          {Time = 0.083, Data = {

              ["Head"] = CFrame.new(-0.000000, 0.000000, 0.000000, 0.999865, -0.000736, -0.016389, 0.000736, 1.000000, -0.000006, 0.016389, -0.000006, 0.999866),

              ["LeftFoot"] = CFrame.new(0.000000, 0.008124, -0.000003, 0.993573, -0.086589, -0.072910, 0.076476, 0.988348, -0.131615, 0.083452, 0.125186, 0.988616),

              ["LeftHand"] = CFrame.new(0.000494, 0.008806, -0.000000, 0.984372, -0.152424, 0.088197, 0.138663, 0.979613, 0.145366, -0.108555, -0.130864, 0.985439),

              ["LeftLowerArm"] = CFrame.new(-0.000500, 0.053105, 0.010604, 1.000000, -0.000000, -0.000000, 0.000000, 0.892047, -0.451942, 0.000000, 0.451942, 0.892048),

              ["LeftLowerLeg"] = CFrame.new(-0.000000, 0.038433, -0.004534, 1.000000, -0.000000, -0.000000, 0.000000, 0.952860, 0.303398, -0.000000, -0.303411, 0.952864),

              ["LeftUpperArm"] = CFrame.new(-0.014049, 0.003046, 0.117654, 0.971902, 0.052497, -0.229458, 0.006092, 0.968876, 0.247471, 0.235308, -0.241915, 0.941333),

              ["LeftUpperLeg"] = CFrame.new(0.000000, -0.000000, -0.000100, 0.993573, 0.098192, 0.056318, -0.092690, 0.991327, -0.093149, -0.064976, 0.087345, 0.994058),

              ["LowerTorso"] = CFrame.new(-0.000000, -0.074336, 0.020467, 1.000000, 0.000000, -0.000000, -0.000000, 0.996093, -0.088314, 0.000000, 0.088314, 0.996093),

              ["RightFoot"] = CFrame.new(-0.000000, 0.008650, -0.000103, 0.997799, 0.050725, 0.042712, -0.044336, 0.989279, -0.139155, -0.049310, 0.136947, 0.989349),

              ["RightHand"] = CFrame.new(-0.000496, 0.005433, 0.000000, 0.832956, 0.478140, -0.278509, -0.372743, 0.856837, 0.356223, 0.408958, -0.192904, 0.891930),

              ["RightLowerArm"] = CFrame.new(0.000000, 0.030821, 0.003279, 1.000000, -0.000000, 0.000000, -0.000000, 0.966532, -0.256547, -0.000000, 0.256547, 0.966532),

              ["RightLowerLeg"] = CFrame.new(0.000000, 0.040025, -0.005119, 1.000000, 0.000000, -0.000000, -0.000000, 0.947944, 0.318424, 0.000000, -0.318436, 0.947949),

              ["RightUpperArm"] = CFrame.new(0.126314, -0.368916, 0.002855, 0.723466, -0.014825, 0.690201, 0.689059, -0.045828, -0.723255, 0.042354, 0.998839, -0.022939),

              ["RightUpperLeg"] = CFrame.new(0.000000, -0.000000, -0.000000, 0.997799, -0.057730, -0.032627, 0.054299, 0.993730, -0.097723, 0.038064, 0.095752, 0.994679),

              ["UpperTorso"] = CFrame.new(0.000000, -0.000000, -0.000000, 1.000000, 0.000000, 0.000000, -0.000000, 1.000000, 0.000000, -0.000000, 0.000000, 1.000000)

          }},

          {Time = 0.100, Data = {

              ["Head"] = CFrame.new(-0.000000, 0.000000, 0.000000, 0.999258, 0.001728, 0.038477, -0.001728, 0.999999, -0.000033, -0.038477, -0.000033, 0.999260),

              ["LeftFoot"] = CFrame.new(0.000000, 0.008124, -0.000003, 0.993573, -0.086589, -0.072910, 0.076476, 0.988348, -0.131615, 0.083452, 0.125186, 0.988616),

              ["LeftHand"] = CFrame.new(0.000494, 0.008806, -0.000000, 0.984372, -0.152424, 0.088197, 0.138663, 0.979613, 0.145366, -0.108555, -0.130864, 0.985439),

              ["LeftLowerArm"] = CFrame.new(-0.000500, 0.053105, 0.010604, 1.000000, -0.000000, -0.000000, 0.000000, 0.892047, -0.451942, 0.000000, 0.451942, 0.892048),

              ["LeftLowerLeg"] = CFrame.new(-0.000000, 0.038433, -0.004534, 1.000000, -0.000000, -0.000000, 0.000000, 0.952860, 0.303398, -0.000000, -0.303411, 0.952864),

              ["LeftUpperArm"] = CFrame.new(-0.014049, 0.003046, 0.117654, 0.971902, 0.052497, -0.229458, 0.006092, 0.968876, 0.247471, 0.235308, -0.241915, 0.941333),

              ["LeftUpperLeg"] = CFrame.new(0.000000, -0.000000, -0.000100, 0.993573, 0.098192, 0.056318, -0.092690, 0.991327, -0.093149, -0.064976, 0.087345, 0.994058),

              ["LowerTorso"] = CFrame.new(-0.000000, -0.074336, 0.020467, 1.000000, 0.000000, -0.000000, -0.000000, 0.996093, -0.088314, 0.000000, 0.088314, 0.996093),

              ["RightFoot"] = CFrame.new(-0.000000, 0.008650, -0.000103, 0.997799, 0.050725, 0.042712, -0.044336, 0.989279, -0.139155, -0.049310, 0.136947, 0.989349),

              ["RightHand"] = CFrame.new(-0.000497, 0.004779, 0.000000, 0.994451, 0.091184, -0.052466, -0.055751, 0.879723, 0.472211, 0.089213, -0.466661, 0.879923),

              ["RightLowerArm"] = CFrame.new(-0.000000, 0.026535, 0.002387, 1.000000, 0.000000, 0.000000, -0.000000, 0.975586, -0.219618, -0.000000, 0.219618, 0.975586),

              ["RightLowerLeg"] = CFrame.new(0.000000, 0.040025, -0.005119, 1.000000, 0.000000, -0.000000, -0.000000, 0.947944, 0.318424, 0.000000, -0.318436, 0.947949),

              ["RightUpperArm"] = CFrame.new(0.068576, -0.309015, 0.024624, 0.831868, 0.018290, 0.554672, 0.554820, -0.050898, -0.830412, 0.013044, 0.998536, -0.052488),

              ["RightUpperLeg"] = CFrame.new(0.000000, -0.000000, -0.000000, 0.997799, -0.057730, -0.032627, 0.054299, 0.993730, -0.097723, 0.038064, 0.095752, 0.994679),

              ["UpperTorso"] = CFrame.new(0.000000, -0.000000, -0.000000, 1.000000, 0.000000, 0.000000, -0.000000, 1.000000, 0.000000, -0.000000, 0.000000, 1.000000)

          }},

          {Time = 0.117, Data = {

              ["Head"] = CFrame.new(-0.000000, 0.000000, 0.000000, 0.996048, 0.003985, 0.088726, -0.003985, 0.999992, -0.000177, -0.088726, -0.000177, 0.996056),

              ["LeftFoot"] = CFrame.new(0.000000, 0.008124, -0.000003, 0.993573, -0.086589, -0.072910, 0.076476, 0.988348, -0.131615, 0.083452, 0.125186, 0.988616),

              ["LeftHand"] = CFrame.new(0.000494, 0.008806, -0.000000, 0.984372, -0.152424, 0.088197, 0.138663, 0.979613, 0.145366, -0.108555, -0.130864, 0.985439),

              ["LeftLowerArm"] = CFrame.new(-0.000500, 0.053105, 0.010604, 1.000000, -0.000000, -0.000000, 0.000000, 0.892047, -0.451942, 0.000000, 0.451942, 0.892048),

              ["LeftLowerLeg"] = CFrame.new(-0.000000, 0.038433, -0.004534, 1.000000, -0.000000, -0.000000, 0.000000, 0.952860, 0.303398, -0.000000, -0.303411, 0.952864),

              ["LeftUpperArm"] = CFrame.new(-0.014049, 0.003046, 0.117654, 0.971902, 0.052497, -0.229458, 0.006092, 0.968876, 0.247471, 0.235308, -0.241915, 0.941333),

              ["LeftUpperLeg"] = CFrame.new(0.000000, -0.000000, -0.000100, 0.993573, 0.098192, 0.056318, -0.092690, 0.991327, -0.093149, -0.064976, 0.087345, 0.994058),

              ["LowerTorso"] = CFrame.new(-0.000000, -0.074336, 0.020467, 1.000000, 0.000000, -0.000000, -0.000000, 0.996093, -0.088314, 0.000000, 0.088314, 0.996093),

              ["RightFoot"] = CFrame.new(-0.000000, 0.008650, -0.000103, 0.997799, 0.050725, 0.042712, -0.044336, 0.989279, -0.139155, -0.049310, 0.136947, 0.989349),

              ["RightHand"] = CFrame.new(-0.000497, 0.004111, 0.000000, 0.901399, -0.373515, 0.219018, 0.194735, 0.801494, 0.565411, -0.386728, -0.467007, 0.795199),

              ["RightLowerArm"] = CFrame.new(0.000000, 0.022291, 0.001652, 1.000000, 0.000000, 0.000000, -0.000000, 0.983049, -0.183342, -0.000000, 0.183341, 0.983049),

              ["RightLowerLeg"] = CFrame.new(0.000000, 0.040025, -0.005119, 1.000000, 0.000000, -0.000000, -0.000000, 0.947944, 0.318424, 0.000000, -0.318436, 0.947949),

              ["RightUpperArm"] = CFrame.new(0.002019, -0.179303, 0.058418, 0.958479, 0.059975, 0.278786, 0.282132, -0.057265, -0.957665, -0.041471, 0.996556, -0.071809),

              ["RightUpperLeg"] = CFrame.new(0.000000, -0.000000, -0.000000, 0.997799, -0.057730, -0.032627, 0.054299, 0.993730, -0.097723, 0.038064, 0.095752, 0.994679),

              ["UpperTorso"] = CFrame.new(0.000000, -0.000000, -0.000000, 1.000000, 0.000000, 0.000000, -0.000000, 1.000000, 0.000000, -0.000000, 0.000000, 1.000000)

          }},

          {Time = 0.133, Data = {

              ["Head"] = CFrame.new(-0.000000, 0.000000, 0.000000, 0.991517, 0.005831, 0.129847, -0.005831, 0.999983, -0.000380, -0.129847, -0.000380, 0.991534),

              ["LeftFoot"] = CFrame.new(0.000000, 0.008124, -0.000003, 0.993573, -0.086589, -0.072910, 0.076476, 0.988348, -0.131615, 0.083452, 0.125186, 0.988616),

              ["LeftHand"] = CFrame.new(0.000494, 0.008806, -0.000000, 0.984372, -0.152424, 0.088197, 0.138663, 0.979613, 0.145366, -0.108555, -0.130864, 0.985439),

              ["LeftLowerArm"] = CFrame.new(-0.000500, 0.053105, 0.010604, 1.000000, -0.000000, -0.000000, 0.000000, 0.892047, -0.451942, 0.000000, 0.451942, 0.892048),

              ["LeftLowerLeg"] = CFrame.new(-0.000000, 0.038433, -0.004534, 1.000000, -0.000000, -0.000000, 0.000000, 0.952860, 0.303398, -0.000000, -0.303411, 0.952864),

              ["LeftUpperArm"] = CFrame.new(-0.014049, 0.003046, 0.117654, 0.971902, 0.052497, -0.229458, 0.006092, 0.968876, 0.247471, 0.235308, -0.241915, 0.941333),

              ["LeftUpperLeg"] = CFrame.new(0.000000, -0.000000, -0.000100, 0.993573, 0.098192, 0.056318, -0.092690, 0.991327, -0.093149, -0.064976, 0.087345, 0.994058),

              ["LowerTorso"] = CFrame.new(-0.000000, -0.074336, 0.020467, 1.000000, 0.000000, -0.000000, -0.000000, 0.996093, -0.088314, 0.000000, 0.088314, 0.996093),

              ["RightFoot"] = CFrame.new(-0.000000, 0.008650, -0.000103, 0.997799, 0.050725, 0.042712, -0.044336, 0.989279, -0.139155, -0.049310, 0.136947, 0.989349),

              ["RightHand"] = CFrame.new(-0.000498, 0.003472, 0.000000, 0.614602, -0.680757, 0.398544, 0.364590, 0.693167, 0.621769, -0.699528, -0.236832, 0.674215),

              ["RightLowerArm"] = CFrame.new(0.000000, 0.018371, 0.001100, 1.000000, 0.000000, 0.000000, 0.000000, 0.988670, -0.150103, -0.000000, 0.150103, 0.988670),

              ["RightLowerLeg"] = CFrame.new(0.000000, 0.040025, -0.005119, 1.000000, 0.000000, -0.000000, -0.000000, 0.947944, 0.318424, 0.000000, -0.318436, 0.947949),

              ["RightUpperArm"] = CFrame.new(-0.019285, -0.047313, 0.089068, 0.995732, 0.092287, 0.000496, 0.007225, -0.072608, -0.997334, -0.092005, 0.993082, -0.072965),

              ["RightUpperLeg"] = CFrame.new(0.000000, -0.000000, -0.000000, 0.997799, -0.057730, -0.032627, 0.054299, 0.993730, -0.097723, 0.038064, 0.095752, 0.994679),

              ["UpperTorso"] = CFrame.new(0.000000, -0.000000, -0.000000, 1.000000, 0.000000, 0.000000, -0.000000, 1.000000, 0.000000, -0.000000, 0.000000, 1.000000)

          }},

          {Time = 0.150, Data = {

              ["Head"] = CFrame.new(-0.000000, 0.000000, 0.000000, 0.987484, 0.007076, 0.157559, -0.007076, 0.999975, -0.000561, -0.157559, -0.000561, 0.987509),

              ["LeftFoot"] = CFrame.new(0.000000, 0.008124, -0.000003, 0.993573, -0.086589, -0.072910, 0.076476, 0.988348, -0.131615, 0.083452, 0.125186, 0.988616),

              ["LeftHand"] = CFrame.new(0.000494, 0.008806, -0.000000, 0.984372, -0.152424, 0.088197, 0.138663, 0.979613, 0.145366, -0.108555, -0.130864, 0.985439),

              ["LeftLowerArm"] = CFrame.new(-0.000500, 0.053105, 0.010604, 1.000000, -0.000000, -0.000000, 0.000000, 0.892047, -0.451942, 0.000000, 0.451942, 0.892048),

              ["LeftLowerLeg"] = CFrame.new(-0.000000, 0.038433, -0.004534, 1.000000, -0.000000, -0.000000, 0.000000, 0.952860, 0.303398, -0.000000, -0.303411, 0.952864),

              ["LeftUpperArm"] = CFrame.new(-0.014049, 0.003046, 0.117654, 0.971902, 0.052497, -0.229458, 0.006092, 0.968876, 0.247471, 0.235308, -0.241915, 0.941333),

              ["LeftUpperLeg"] = CFrame.new(0.000000, -0.000000, -0.000100, 0.993573, 0.098192, 0.056318, -0.092690, 0.991327, -0.093149, -0.064976, 0.087345, 0.994058),

              ["LowerTorso"] = CFrame.new(-0.000000, -0.074336, 0.020467, 1.000000, 0.000000, -0.000000, -0.000000, 0.996093, -0.088314, 0.000000, 0.088314, 0.996093),

              ["RightFoot"] = CFrame.new(-0.000000, 0.008650, -0.000103, 0.997799, 0.050725, 0.042712, -0.044336, 0.989279, -0.139155, -0.049310, 0.136947, 0.989349),

              ["RightHand"] = CFrame.new(-0.000498, 0.002959, -0.000000, 0.379920, -0.798330, 0.467259, 0.462806, 0.601413, 0.651242, -0.800920, -0.031168, 0.597957),

              ["RightLowerArm"] = CFrame.new(0.000000, 0.015338, 0.000752, 1.000000, 0.000000, 0.000000, -0.000000, 0.992205, -0.124617, -0.000000, 0.124617, 0.992205),

              ["RightLowerLeg"] = CFrame.new(0.000000, 0.040025, -0.005119, 1.000000, 0.000000, -0.000000, -0.000000, 0.947944, 0.318424, 0.000000, -0.318436, 0.947949),

              ["RightUpperArm"] = CFrame.new(-0.013660, 0.028483, 0.107751, 0.980848, 0.109689, -0.160949, -0.151778, -0.087426, -0.984541, -0.122065, 0.990114, -0.069103),

              ["RightUpperLeg"] = CFrame.new(0.000000, -0.000000, -0.000000, 0.997799, -0.057730, -0.032627, 0.054299, 0.993730, -0.097723, 0.038064, 0.095752, 0.994679),

              ["UpperTorso"] = CFrame.new(0.000000, -0.000000, -0.000000, 1.000000, 0.000000, 0.000000, -0.000000, 1.000000, 0.000000, -0.000000, 0.000000, 1.000000)

          }},

          {Time = 0.167, Data = {

              ["Head"] = CFrame.new(-0.000000, 0.000000, 0.000000, 0.985805, 0.007532, 0.167723, -0.007532, 0.999972, -0.000636, -0.167723, -0.000636, 0.985834),

              ["LeftFoot"] = CFrame.new(0.000000, 0.008124, -0.000003, 0.993573, -0.086589, -0.072910, 0.076476, 0.988348, -0.131615, 0.083452, 0.125186, 0.988616),

              ["LeftHand"] = CFrame.new(0.000494, 0.008806, -0.000000, 0.984372, -0.152424, 0.088197, 0.138663, 0.979613, 0.145366, -0.108555, -0.130864, 0.985439),

              ["LeftLowerArm"] = CFrame.new(-0.000500, 0.053105, 0.010604, 1.000000, -0.000000, -0.000000, 0.000000, 0.892047, -0.451942, 0.000000, 0.451942, 0.892048),

              ["LeftLowerLeg"] = CFrame.new(-0.000000, 0.038433, -0.004534, 1.000000, -0.000000, -0.000000, 0.000000, 0.952860, 0.303398, -0.000000, -0.303411, 0.952864),

              ["LeftUpperArm"] = CFrame.new(-0.014049, 0.003046, 0.117654, 0.971902, 0.052497, -0.229458, 0.006092, 0.968876, 0.247471, 0.235308, -0.241915, 0.941333),

              ["LeftUpperLeg"] = CFrame.new(0.000000, -0.000000, -0.000100, 0.993573, 0.098192, 0.056318, -0.092690, 0.991327, -0.093149, -0.064976, 0.087345, 0.994058),

              ["LowerTorso"] = CFrame.new(-0.000000, -0.074336, 0.020467, 1.000000, 0.000000, -0.000000, -0.000000, 0.996093, -0.088314, 0.000000, 0.088314, 0.996093),

              ["RightFoot"] = CFrame.new(-0.000000, 0.008650, -0.000103, 0.997799, 0.050725, 0.042712, -0.044336, 0.989279, -0.139155, -0.049310, 0.136947, 0.989349),

              ["RightHand"] = CFrame.new(-0.000498, 0.002683, 0.000000, 0.288126, -0.826450, 0.483699, 0.498964, 0.560699, 0.660798, -0.817324, 0.050956, 0.573917),

              ["RightLowerArm"] = CFrame.new(0.000000, 0.013749, 0.000598, 1.000000, 0.000000, 0.000000, -0.000000, 0.993780, -0.111363, -0.000000, 0.111363, 0.993780),

              ["RightLowerLeg"] = CFrame.new(0.000000, 0.040025, -0.005119, 1.000000, 0.000000, -0.000000, -0.000000, 0.947944, 0.318424, 0.000000, -0.318436, 0.947949),

              ["RightUpperArm"] = CFrame.new(-0.008268, 0.054554, 0.116742, 0.968725, 0.120005, -0.217186, -0.206651, -0.094333, -0.973857, -0.137356, 0.988281, -0.066584),

              ["RightUpperLeg"] = CFrame.new(0.000000, -0.000000, -0.000000, 0.997799, -0.057730, -0.032627, 0.054299, 0.993730, -0.097723, 0.038064, 0.095752, 0.994679),

              ["UpperTorso"] = CFrame.new(0.000000, -0.000000, -0.000000, 1.000000, 0.000000, 0.000000, -0.000000, 1.000000, 0.000000, -0.000000, 0.000000, 1.000000)

          }},

          {Time = 0.183, Data = {

              ["Head"] = CFrame.new(-0.000000, 0.000000, 0.000000, 0.987484, 0.007076, 0.157559, -0.007076, 0.999975, -0.000561, -0.157559, -0.000561, 0.987509),

              ["LeftFoot"] = CFrame.new(0.000000, 0.008124, -0.000003, 0.993573, -0.086589, -0.072910, 0.076476, 0.988348, -0.131615, 0.083452, 0.125186, 0.988616),

              ["LeftHand"] = CFrame.new(0.000494, 0.008806, -0.000000, 0.984372, -0.152424, 0.088197, 0.138663, 0.979613, 0.145366, -0.108555, -0.130864, 0.985439),

              ["LeftLowerArm"] = CFrame.new(-0.000500, 0.053105, 0.010604, 1.000000, -0.000000, -0.000000, 0.000000, 0.892047, -0.451942, 0.000000, 0.451942, 0.892048),

              ["LeftLowerLeg"] = CFrame.new(-0.000000, 0.038433, -0.004534, 1.000000, -0.000000, -0.000000, 0.000000, 0.952860, 0.303398, -0.000000, -0.303411, 0.952864),

              ["LeftUpperArm"] = CFrame.new(-0.014049, 0.003046, 0.117654, 0.971902, 0.052497, -0.229458, 0.006092, 0.968876, 0.247471, 0.235308, -0.241915, 0.941333),

              ["LeftUpperLeg"] = CFrame.new(0.000000, -0.000000, -0.000100, 0.993573, 0.098192, 0.056318, -0.092690, 0.991327, -0.093149, -0.064976, 0.087345, 0.994058),

              ["LowerTorso"] = CFrame.new(-0.000000, -0.074336, 0.020467, 1.000000, 0.000000, -0.000000, -0.000000, 0.996093, -0.088314, 0.000000, 0.088314, 0.996093),

              ["RightFoot"] = CFrame.new(-0.000000, 0.008650, -0.000103, 0.997799, 0.050725, 0.042712, -0.044336, 0.989279, -0.139155, -0.049310, 0.136947, 0.989349),

              ["RightHand"] = CFrame.new(-0.000498, 0.002723, -0.000000, 0.351366, -0.808015, 0.472922, 0.477143, 0.589151, 0.652103, -0.805529, -0.003474, 0.592543),

              ["RightLowerArm"] = CFrame.new(0.000000, 0.013977, 0.000619, 1.000000, 0.000000, 0.000000, -0.000000, 0.993565, -0.113261, -0.000000, 0.113261, 0.993565),

              ["RightLowerLeg"] = CFrame.new(0.000000, 0.040025, -0.005119, 1.000000, 0.000000, -0.000000, -0.000000, 0.947944, 0.318424, 0.000000, -0.318436, 0.947949),

              ["RightUpperArm"] = CFrame.new(-0.010446, 0.039666, 0.117746, 0.974420, 0.127702, -0.184927, -0.174145, -0.091079, -0.980499, -0.142054, 0.987622, -0.066511),

              ["RightUpperLeg"] = CFrame.new(0.000000, -0.000000, -0.000000, 0.997799, -0.057730, -0.032627, 0.054299, 0.993730, -0.097723, 0.038064, 0.095752, 0.994679),

              ["UpperTorso"] = CFrame.new(0.000000, -0.000000, -0.000000, 1.000000, 0.000000, 0.000000, -0.000000, 1.000000, 0.000000, -0.000000, 0.000000, 1.000000)

          }},

          {Time = 0.200, Data = {

              ["Head"] = CFrame.new(-0.000000, 0.000000, 0.000000, 0.991517, 0.005831, 0.129847, -0.005831, 0.999983, -0.000380, -0.129847, -0.000380, 0.991534),

              ["LeftFoot"] = CFrame.new(0.000000, 0.008124, -0.000003, 0.993573, -0.086589, -0.072910, 0.076476, 0.988348, -0.131615, 0.083452, 0.125186, 0.988616),

              ["LeftHand"] = CFrame.new(0.000494, 0.008806, -0.000000, 0.984372, -0.152424, 0.088197, 0.138663, 0.979613, 0.145366, -0.108555, -0.130864, 0.985439),

              ["LeftLowerArm"] = CFrame.new(-0.000500, 0.053105, 0.010604, 1.000000, -0.000000, -0.000000, 0.000000, 0.892047, -0.451942, 0.000000, 0.451942, 0.892048),

              ["LeftLowerLeg"] = CFrame.new(-0.000000, 0.038433, -0.004534, 1.000000, -0.000000, -0.000000, 0.000000, 0.952860, 0.303398, -0.000000, -0.303411, 0.952864),

              ["LeftUpperArm"] = CFrame.new(-0.014049, 0.003046, 0.117654, 0.971902, 0.052497, -0.229458, 0.006092, 0.968876, 0.247471, 0.235308, -0.241915, 0.941333),

              ["LeftUpperLeg"] = CFrame.new(0.000000, -0.000000, -0.000100, 0.993573, 0.098192, 0.056318, -0.092690, 0.991327, -0.093149, -0.064976, 0.087345, 0.994058),

              ["LowerTorso"] = CFrame.new(-0.000000, -0.074336, 0.020467, 1.000000, 0.000000, -0.000000, -0.000000, 0.996093, -0.088314, 0.000000, 0.088314, 0.996093),

              ["RightFoot"] = CFrame.new(-0.000000, 0.008650, -0.000103, 0.997799, 0.050725, 0.042712, -0.044336, 0.989279, -0.139155, -0.049310, 0.136947, 0.989349),

              ["RightHand"] = CFrame.new(-0.000498, 0.003025, 0.000000, 0.561210, -0.714287, 0.418139, 0.394435, 0.674949, 0.623592, -0.727643, -0.185034, 0.660525),

              ["RightLowerArm"] = CFrame.new(0.000000, 0.015721, 0.000792, 1.000000, 0.000000, 0.000000, 0.000000, 0.991797, -0.127825, -0.000000, 0.127824, 0.991797),

              ["RightLowerLeg"] = CFrame.new(0.000000, 0.040025, -0.005119, 1.000000, 0.000000, -0.000000, -0.000000, 0.947944, 0.318424, 0.000000, -0.318436, 0.947949),

              ["RightUpperArm"] = CFrame.new(-0.016416, -0.022161, 0.110255, 0.989993, 0.130680, -0.053256, -0.043077, -0.079524, -0.995902, -0.134380, 0.988230, -0.073100),

              ["RightUpperLeg"] = CFrame.new(0.000000, -0.000000, -0.000000, 0.997799, -0.057730, -0.032627, 0.054299, 0.993730, -0.097723, 0.038064, 0.095752, 0.994679),

              ["UpperTorso"] = CFrame.new(0.000000, -0.000000, -0.000000, 1.000000, 0.000000, 0.000000, -0.000000, 1.000000, 0.000000, -0.000000, 0.000000, 1.000000)

          }},

          {Time = 0.217, Data = {

              ["Head"] = CFrame.new(-0.000000, 0.000000, 0.000000, 0.996048, 0.003985, 0.088726, -0.003985, 0.999992, -0.000177, -0.088726, -0.000177, 0.996056),

              ["LeftFoot"] = CFrame.new(0.000000, 0.008124, -0.000003, 0.993573, -0.086589, -0.072910, 0.076476, 0.988348, -0.131615, 0.083452, 0.125186, 0.988616),

              ["LeftHand"] = CFrame.new(0.000494, 0.008806, -0.000000, 0.984372, -0.152424, 0.088197, 0.138663, 0.979613, 0.145366, -0.108555, -0.130864, 0.985439),

              ["LeftLowerArm"] = CFrame.new(-0.000500, 0.053105, 0.010604, 1.000000, -0.000000, -0.000000, 0.000000, 0.892047, -0.451942, 0.000000, 0.451942, 0.892048),

              ["LeftLowerLeg"] = CFrame.new(-0.000000, 0.038433, -0.004534, 1.000000, -0.000000, -0.000000, 0.000000, 0.952860, 0.303398, -0.000000, -0.303411, 0.952864),

              ["LeftUpperArm"] = CFrame.new(-0.014049, 0.003046, 0.117654, 0.971902, 0.052497, -0.229458, 0.006092, 0.968876, 0.247471, 0.235308, -0.241915, 0.941333),

              ["LeftUpperLeg"] = CFrame.new(0.000000, -0.000000, -0.000100, 0.993573, 0.098192, 0.056318, -0.092690, 0.991327, -0.093149, -0.064976, 0.087345, 0.994058),

              ["LowerTorso"] = CFrame.new(-0.000000, -0.074336, 0.020467, 1.000000, 0.000000, -0.000000, -0.000000, 0.996093, -0.088314, 0.000000, 0.088314, 0.996093),

              ["RightFoot"] = CFrame.new(-0.000000, 0.008650, -0.000103, 0.997799, 0.050725, 0.042712, -0.044336, 0.989279, -0.139155, -0.049310, 0.136947, 0.989349),

              ["RightHand"] = CFrame.new(-0.000498, 0.003489, -0.000000, 0.854455, -0.448231, 0.262675, 0.238294, 0.787415, 0.568504, -0.461652, -0.423163, 0.779619),

              ["RightLowerArm"] = CFrame.new(0.000000, 0.018473, 0.001112, 1.000000, 0.000000, 0.000000, -0.000000, 0.988539, -0.150965, -0.000000, 0.150965, 0.988539),

              ["RightLowerLeg"] = CFrame.new(0.000000, 0.040025, -0.005119, 1.000000, 0.000000, -0.000000, -0.000000, 0.947944, 0.318424, 0.000000, -0.318436, 0.947949),

              ["RightUpperArm"] = CFrame.new(-0.004762, -0.142910, 0.090861, 0.972041, 0.122372, 0.200406, 0.209345, -0.065058, -0.975675, -0.106357, 0.990350, -0.088858),

              ["RightUpperLeg"] = CFrame.new(0.000000, -0.000000, -0.000000, 0.997799, -0.057730, -0.032627, 0.054299, 0.993730, -0.097723, 0.038064, 0.095752, 0.994679),

              ["UpperTorso"] = CFrame.new(0.000000, -0.000000, -0.000000, 1.000000, 0.000000, 0.000000, -0.000000, 1.000000, 0.000000, -0.000000, 0.000000, 1.000000)

          }},

          {Time = 0.233, Data = {

              ["Head"] = CFrame.new(-0.000000, 0.000000, 0.000000, 0.999258, 0.001728, 0.038477, -0.001728, 0.999999, -0.000033, -0.038477, -0.000033, 0.999260),

              ["LeftFoot"] = CFrame.new(0.000000, 0.008124, -0.000003, 0.993573, -0.086589, -0.072910, 0.076476, 0.988348, -0.131615, 0.083452, 0.125186, 0.988616),

              ["LeftHand"] = CFrame.new(0.000494, 0.008806, -0.000000, 0.984372, -0.152424, 0.088197, 0.138663, 0.979613, 0.145366, -0.108555, -0.130864, 0.985439),

              ["LeftLowerArm"] = CFrame.new(-0.000500, 0.053105, 0.010604, 1.000000, -0.000000, -0.000000, 0.000000, 0.892047, -0.451942, 0.000000, 0.451942, 0.892048),

              ["LeftLowerLeg"] = CFrame.new(-0.000000, 0.038433, -0.004534, 1.000000, -0.000000, -0.000000, 0.000000, 0.952860, 0.303398, -0.000000, -0.303411, 0.952864),

              ["LeftUpperArm"] = CFrame.new(-0.014049, 0.003046, 0.117654, 0.971902, 0.052497, -0.229458, 0.006092, 0.968876, 0.247471, 0.235308, -0.241915, 0.941333),

              ["LeftUpperLeg"] = CFrame.new(0.000000, -0.000000, -0.000100, 0.993573, 0.098192, 0.056318, -0.092690, 0.991327, -0.093149, -0.064976, 0.087345, 0.994058),

              ["LowerTorso"] = CFrame.new(-0.000000, -0.074336, 0.020467, 1.000000, 0.000000, -0.000000, -0.000000, 0.996093, -0.088314, 0.000000, 0.088314, 0.996093),

              ["RightFoot"] = CFrame.new(-0.000000, 0.008650, -0.000103, 0.997799, 0.050725, 0.042712, -0.044336, 0.989279, -0.139155, -0.049310, 0.136947, 0.989349),

              ["RightHand"] = CFrame.new(-0.000497, 0.004024, -0.000000, 0.999997, 0.002223, -0.000494, -0.001717, 0.878480, 0.477779, 0.001496, -0.477773, 0.878480),

              ["RightLowerArm"] = CFrame.new(0.000000, 0.021750, 0.001569, 1.000000, 0.000000, 0.000000, -0.000000, 0.983897, -0.178735, -0.000000, 0.178735, 0.983897),

              ["RightLowerLeg"] = CFrame.new(0.000000, 0.040025, -0.005119, 1.000000, 0.000000, -0.000000, -0.000000, 0.947944, 0.318424, 0.000000, -0.318436, 0.947949),

              ["RightUpperArm"] = CFrame.new(0.050999, -0.278755, 0.062530, 0.867022, 0.103922, 0.487313, 0.494301, -0.056185, -0.867473, -0.062769, 0.992997, -0.100083),

              ["RightUpperLeg"] = CFrame.new(0.000000, -0.000000, -0.000000, 0.997799, -0.057730, -0.032627, 0.054299, 0.993730, -0.097723, 0.038064, 0.095752, 0.994679),

              ["UpperTorso"] = CFrame.new(0.000000, -0.000000, -0.000000, 1.000000, 0.000000, 0.000000, -0.000000, 1.000000, 0.000000, -0.000000, 0.000000, 1.000000)

          }},

          {Time = 0.250, Data = {

              ["Head"] = CFrame.new(-0.000000, 0.000000, 0.000000, 0.999865, -0.000736, -0.016389, 0.000736, 1.000000, -0.000006, 0.016389, -0.000006, 0.999866),

              ["LeftFoot"] = CFrame.new(0.000000, 0.008124, -0.000003, 0.993573, -0.086589, -0.072910, 0.076476, 0.988348, -0.131615, 0.083452, 0.125186, 0.988616),

              ["LeftHand"] = CFrame.new(0.000494, 0.008806, -0.000000, 0.984372, -0.152424, 0.088197, 0.138663, 0.979613, 0.145366, -0.108555, -0.130864, 0.985439),

              ["LeftLowerArm"] = CFrame.new(-0.000500, 0.053105, 0.010604, 1.000000, -0.000000, -0.000000, 0.000000, 0.892047, -0.451942, 0.000000, 0.451942, 0.892048),

              ["LeftLowerLeg"] = CFrame.new(-0.000000, 0.038433, -0.004534, 1.000000, -0.000000, -0.000000, 0.000000, 0.952860, 0.303398, -0.000000, -0.303411, 0.952864),

              ["LeftUpperArm"] = CFrame.new(-0.014049, 0.003046, 0.117654, 0.971902, 0.052497, -0.229458, 0.006092, 0.968876, 0.247471, 0.235308, -0.241915, 0.941333),

              ["LeftUpperLeg"] = CFrame.new(0.000000, -0.000000, -0.000100, 0.993573, 0.098192, 0.056318, -0.092690, 0.991327, -0.093149, -0.064976, 0.087345, 0.994058),

