return {
    ["Northumbria Shuffle"] = {
        {Time = 0.000, Data = {
            ["RightFoot"] = CFrame.new(-2.7241185307502747e-08, 3.5762786865234375e-07, 6.319169187918305e-09, 0.9999308586120605, -0.011735057458281517, -0.0007712237420491874, 0.01156187430024147, 0.9929349422454834, -0.11809542775154114, 0.0021516233682632446, 0.11807848513126373, 0.9930019974708557),
            ["LeftLowerArm"] = CFrame.new(0.00002086162567138672, -1.1920928955078125e-07, -5.21540641784668e-08, 1, 0.00003540516263456084, -0.000016056004824349657, -0.00002745445817708969, 0.34949079155921936, -0.9369398951530457, -0.000027559231966733932, 0.9369398355484009, 0.3494908809661865),
            ["RightUpperArm"] = CFrame.new(0, 4.76837158203125e-07, 3.5390257835388184e-08, 0.9653218388557434, -0.22614452242851257, 0.1304319202899933, 0.26096469163894653, 0.8221874237060547, -0.505871057510376, 0.007160475477576256, 0.5223664045333862, 0.8526909947395325),
            ["Head"] = CFrame.new(6.984919309616089e-10, 2.384185791015625e-07, -1.7447746358811855e-08, 0.9992470145225525, 0.03709763288497925, -0.01136048138141632, -0.03862566128373146, 0.9787818789482117, -0.20123164355754852, 0.003654197324067354, 0.2015189379453659, 0.9794778227806091),
            ["RightHand"] = CFrame.new(-9.96515154838562e-08, -1.1920928955078125e-07, -1.1920928955078125e-07, 0.9340070486068726, -0.0433228500187397, 0.35461822152137756, 0.0708758756518364, 0.995360255241394, -0.06507480889558792, -0.3501536548137665, 0.08591419458389282, 0.9327439665794373),
            ["UpperTorso"] = CFrame.new(1.1823431123048067e-11, -2.9802322387695312e-08, 3.817646643256012e-09, 0.9975137710571289, 0.002208178862929344, -0.07043810933828354, 0.012022541835904121, 0.9795246124267578, 0.2009653002023697, 0.06943963468074799, -0.20131248235702515, 0.9770626425743103),
            ["HumanoidRootPart"] = CFrame.new(0, 0, 0, 1, 0, 0, 0, 1, 0, 0, 0, 1),
            ["RightUpperLeg"] = CFrame.new(-2.9802322387695312e-08, -1.4551844174093276e-09, 1.7567799659445882e-08, 0.9789109826087952, -0.04254470020532608, -0.1998082548379898, -0.005344375967979431, 0.9724056124687195, -0.23323538899421692, 0.20421761274337769, 0.2293846160173416, 0.9516711235046387),
            ["LeftUpperArm"] = CFrame.new(-5.960464477539063e-08, 2.384185791015625e-07, 1.4901161193847656e-08, 0.9534571766853333, 0.2328752726316452, -0.1915428787469864, -0.2627594769001007, 0.9532943367958069, -0.14895416796207428, 0.1479090005159378, 0.19235102832317352, 0.9701155424118042),
            ["RightLowerArm"] = CFrame.new(-1.1920928955078125e-07, 5.364418029785156e-07, 4.470348358154297e-08, 1, -1.1920930376163597e-07, 1.5180565071659657e-07, 1.4156104555240745e-07, 0.17795051634311676, -0.9840394854545593, 7.63684582238966e-08, 0.9840394854545593, 0.17795051634311676),
            ["LeftHand"] = CFrame.new(1.1920928955078125e-07, -5.960464477539063e-08, 5.960464477539063e-08, 0.8603066205978394, -0.00446364376693964, -0.5097574591636658, -0.012785360217094421, 0.9994582533836365, -0.030329100787639618, 0.5096166729927063, 0.032609786838293076, 0.859783411026001),
            ["LeftFoot"] = CFrame.new(-5.8515102097089766e-08, -5.960464477539063e-08, 1.1696146273720842e-08, 0.9440680146217346, 0.1776912957429886, 0.2777792811393738, -0.2127104103565216, 0.9718563556671143, 0.1012408435344696, -0.2519720196723938, -0.154664546251297, 0.9552952647209167),
            ["LowerTorso"] = CFrame.new(-0.13914351165294647, -0.03650522232055664, 0.000008620458174846135, 0.01858203299343586, -0.03438825532793999, -0.9992358684539795, 0.0006393819930963218, 0.9994085431098938, -0.03438231348991394, 0.9998271465301514, -7.935341272968799e-11, 0.01859303191304207),
            ["RightLowerLeg"] = CFrame.new(-2.421438694000244e-08, -0.000003933906555175781, -0.000012957338185515255, 1, -0.0000016968697309494019, -3.7928106166873476e-07, 0.000001719221245366498, 0.9258314371109009, 0.37793657183647156, -2.9150393743293534e-07, -0.37793684005737305, 0.9258314967155457),
            ["LeftUpperLeg"] = CFrame.new(-5.960457372111705e-08, -2.560555003583431e-07, 2.2351969164446928e-08, 0.9039729237556458, 0.3753953278064728, 0.2047230452299118, -0.3421131670475006, 0.9221872687339783, -0.18035879731178284, -0.2564988136291504, 0.0930011123418808, 0.9620599746704102),
            ["LeftLowerLeg"] = CFrame.new(8.32932798289221e-08, 0.000004231929779052734, 0.000013087617844576016, 1, -0.0000039190058487292845, -0.000005677341960108606, 0.000003922731139027746, -0.330228716135025, 0.9439010620117188, -0.00000560283706363407, -0.943901002407074, -0.3302285373210907),
        }},
        {Time = 0.033, Data = {
            ["RightFoot"] = CFrame.new(1.3737007975578308e-08, 2.980232238769531e-07, 1.1907104635611176e-08, 0.9998494982719421, -0.017268965020775795, -0.0016780932201072574, 0.016723480075597763, 0.9849718809127808, -0.17190344631671906, 0.004621476400643587, 0.1718495935201645, 0.9851123690605164),
            ["LeftLowerArm"] = CFrame.new(0.0000209808349609375, -8.940696716308594e-07, -1.4901161193847656e-08, 1, 0.00003583729267120361, -0.000015079976947163232, -0.00002745911478996277, 0.37464383244514465, -0.9271689057350159, -0.000027548521757125854, 0.9271687865257263, 0.37464383244514465),
            ["RightUpperArm"] = CFrame.new(0, -5.960464477539062e-07, -9.685754776000977e-08, 0.9733057022094727, -0.1929480880498886, 0.12428650259971619, 0.22848904132843018, 0.7635054588317871, -0.6040300130844116, 0.021652987226843834, 0.6163038015365601, 0.7872107028961182),
            ["Head"] = CFrame.new(9.313225746154785e-10, -1.1920928955078125e-07, 8.119968697428703e-09, 0.9971267580986023, 0.014652682468295097, -0.0743212029337883, -0.03265438973903656, 0.96841961145401, -0.24717865884304047, 0.06835228204727173, 0.24889546632766724, 0.966115415096283),
            ["RightHand"] = CFrame.new(-1.825392246246338e-07, 2.384185791015625e-07, -2.9802322387695312e-08, 0.9373114705085754, -0.033579327166080475, 0.34687140583992004, 0.07107903808355331, 0.9928445816040039, -0.09595531225204468, -0.34116727113723755, 0.11459529399871826, 0.9329914450645447),
            ["UpperTorso"] = CFrame.new(-9.313225746154785e-10, 1.1920928955078125e-07, 6.155460141599178e-09, 0.9993898868560791, -0.02207220532000065, -0.027067935094237328, 0.02751166932284832, 0.9749370813369751, 0.2207731306552887, 0.02151658944785595, -0.22138306498527527, 0.9749495387077332),
            ["HumanoidRootPart"] = CFrame.new(0, 0, 0, 1, 0, 0, 0, 1, 0, 0, 0, 1),
            ["RightUpperLeg"] = CFrame.new(-2.9802322387695312e-08, 2.528540790081024e-07, 8.254573913291097e-09, 0.988006055355072, -0.05777263641357422, -0.14320075511932373, -0.006631964351981878, 0.9106414914131165, -0.4131443500518799, 0.15427298843860626, 0.4091387689113617, 0.8993361592292786),
            ["LeftUpperArm"] = CFrame.new(-5.960464477539063e-08, -2.384185791015625e-07, -3.725290298461914e-09, 0.9546578526496887, 0.2418285459280014, -0.1736302524805069, -0.249924436211586, 0.9679149389266968, -0.02604854293167591, 0.16176006197929382, 0.06826184689998627, 0.9844664335250854),
            ["RightLowerArm"] = CFrame.new(5.960464477539063e-08, 5.960464477539062e-07, -1.9371509552001953e-07, 1, -7.357449050005016e-08, 1.725275211583721e-07, 1.937150670983101e-07, 0.16182349622249603, -0.9868198037147522, 6.519257311765614e-08, 0.9868197441101074, 0.16182340681552887),
            ["LeftHand"] = CFrame.new(-1.043081283569336e-07, 1.7881393432617188e-07, 2.9802322387695312e-08, 0.8720139861106873, -0.0011523442808538675, -0.4894798696041107, -0.01618230529129505, 0.9993827939033508, -0.031181547790765762, 0.48921364545822144, 0.03511177748441696, 0.8714569807052612),
            ["LeftFoot"] = CFrame.new(-8.831761277861006e-08, -5.960464477539063e-08, 7.130069690219898e-08, 0.9494999647140503, 0.1740780770778656, 0.2610495686531067, -0.19597633183002472, 0.9787630438804626, 0.06013541668653488, -0.24503709375858307, -0.10825824737548828, 0.96345055103302),
            ["LowerTorso"] = CFrame.new(-0.1661808341741562, -0.0713646411895752, -0.0005211380776017904, -0.030835967510938644, 0.02429262548685074, -0.9992292523384094, -0.014636604115366936, 0.9995864629745483, 0.024752993136644363, 0.9994173049926758, 0.015388605184853077, -0.030467653647065163),
            ["RightLowerLeg"] = CFrame.new(-2.2351741790771484e-08, -0.000004172325134277344, -0.00001304674515267834, 1, -0.000002516432687116321, -7.6694396966559e-07, 0.000002520159569030511, 0.8408605456352234, 0.5412516593933105, -7.245691335810989e-07, -0.5412518382072449, 0.8408607244491577),
            ["LeftUpperLeg"] = CFrame.new(7.466249840604178e-14, 1.424923539161682e-07, 2.421438694000244e-08, 0.8987025618553162, 0.36909183859825134, 0.23686449229717255, -0.3036118745803833, 0.9133598804473877, -0.27128171920776367, -0.3164704740047455, 0.1718866378068924, 0.932899534702301),
            ["LeftLowerLeg"] = CFrame.new(1.4476057685897104e-07, 0.0000036954879760742188, 0.000013050364941591397, 1, -0.000003892927907145349, -0.000005930663064646069, 0.000003919005393981934, -0.39088284969329834, 0.9204404950141907, -0.000005885958671569824, -0.9204404950141907, -0.39088302850723267),
        }},
        {Time = 0.067, Data = {
            ["RightFoot"] = CFrame.new(1.955777406692505e-08, 3.5762786865234375e-07, -9.04765329323709e-09, 0.9997971057891846, -0.02001386694610119, -0.0022869850508868694, 0.018779929727315903, 0.9671313166618347, -0.2535826563835144, 0.007286982610821724, 0.25348854064941406, 0.9673110842704773),
            ["LeftLowerArm"] = CFrame.new(0.00002104043960571289, -6.556510925292969e-07, -1.043081283569336e-07, 1, 0.00003628432750701904, -0.00001410395088896621, -0.000027492642402648926, 0.401460200548172, -0.9158765077590942, -0.000027589499950408936, 0.9158764481544495, 0.40146031975746155),
            ["RightUpperArm"] = CFrame.new(-5.960464477539063e-08, -4.76837158203125e-07, -2.0489096641540527e-08, 0.9799593091011047, -0.17695032060146332, 0.09147896617650986, 0.18980026245117188, 0.6900520324707031, -0.6984298229217529, 0.0604621022939682, 0.7017953991889954, 0.7098081111907959),
            ["Head"] = CFrame.new(-2.7939677238464355e-09, -3.5762786865234375e-07, -1.359148882329464e-08, 0.9825749397277832, -0.02622978761792183, -0.18400682508945465, -0.026072051376104355, 0.9607536792755127, -0.27617502212524414, 0.18402926623821259, 0.2761601209640503, 0.9433286786079407),
            ["RightHand"] = CFrame.new(-2.086162567138672e-07, -5.960464477539063e-08, 5.960464477539063e-08, 0.9458410143852234, -0.023321321234107018, 0.32379159331321716, 0.07139002531766891, 0.9879419803619385, -0.1373831331729889, -0.31668344140052795, 0.15305806696414948, 0.936100959777832),
            ["UpperTorso"] = CFrame.new(-8.847564458847046e-09, 8.940696716308594e-08, -1.955777406692505e-08, 0.998507022857666, -0.054419539868831635, -0.0047228033654391766, 0.05351985991001129, 0.9573620557785034, 0.2838902473449707, -0.010927744209766388, -0.2837190330028534, 0.9588451981544495),
            ["HumanoidRootPart"] = CFrame.new(0, 0, 0, 1, 0, 0, 0, 1, 0, 0, 0, 1),
            ["RightUpperLeg"] = CFrame.new(0, 2.5657936930656433e-07, -4.7839421313256025e-09, 0.9875904321670532, -0.10280414670705795, -0.11872823536396027, 0.025271518155932426, 0.8501573801040649, -0.5259218811988831, 0.15500463545322418, 0.5163949131965637, 0.8422053456306458),
            ["LeftUpperArm"] = CFrame.new(0, -3.5762786865234375e-07, 6.332993507385254e-08, 0.9504734873771667, 0.2566080689430237, -0.1753639578819275, -0.23898100852966309, 0.964128315448761, 0.11551949381828308, 0.19871661067008972, -0.06788959354162216, 0.977702796459198),
            ["RightLowerArm"] = CFrame.new(1.1920928955078125e-07, 4.76837158203125e-07, 5.960464477539063e-08, 1, -9.49949381379156e-08, 1.0244553294569414e-07, 1.7695130338779563e-07, 0.11840126663446426, -0.9929658770561218, 7.264316792543468e-08, 0.9929659366607666, 0.11840127408504486),
            ["LeftHand"] = CFrame.new(-1.341104507446289e-07, 5.960464477539063e-08, 1.7881393432617188e-07, 0.9010759592056274, 0.001337178167887032, -0.43365931510925293, -0.01940184272825718, 0.9991183280944824, -0.037233222275972366, 0.4332271218299866, 0.041963811963796616, 0.9003073573112488),
            ["LeftFoot"] = CFrame.new(-1.0321851817707284e-07, -1.1920928955078125e-07, -1.0655734961062535e-08, 0.9571888446807861, 0.1614711582660675, 0.24024255573749542, -0.16764147579669952, 0.9858337640762329, 0.0053306822665035725, -0.23597870767116547, -0.04537663236260414, 0.9706982374191284),
            ["LowerTorso"] = CFrame.new(-0.18836136162281036, -0.11990094184875488, -0.000648211338557303, -0.02997000142931938, 0.0136712696403265, -0.9994572997093201, -0.04819631576538086, 0.9987237453460693, 0.015106461010873318, 0.9983882308006287, 0.04862290248274803, -0.029272841289639473),
            ["RightLowerLeg"] = CFrame.new(9.12696123123169e-08, -0.000003933906555175781, -0.000012934986443724483, 1, -0.0000032633536193316104, -0.000001379288619318686, 0.000003265216491854517, 0.7053140997886658, 0.7088948488235474, -0.0000013066454584986786, -0.7088949680328369, 0.7053142189979553),
            ["LeftUpperLeg"] = CFrame.new(2.225997164373439e-14, 2.1862797439098358e-07, 7.450580596923828e-09, 0.9233948588371277, 0.3271826505661011, 0.20073233544826508, -0.23023095726966858, 0.8905152082443237, -0.3923982083797455, -0.3071412146091461, 0.3161238729953766, 0.8976247310638428),
            ["LeftLowerLeg"] = CFrame.new(-5.4542461214168725e-08, 0.000003993511199951172, 0.000012946056813234463, 1, -0.0000032819802981975954, -0.000006102025508880615, 0.000003464518840701203, -0.5201817750930786, 0.854055643081665, -0.000006020066848577699, -0.8540555238723755, -0.5201815962791443),
        }},
        {Time = 0.100, Data = {
            ["RightFoot"] = CFrame.new(1.7229467630386353e-08, 3.5762786865234375e-07, 1.004445948638022e-08, 0.9997854828834534, -0.02057693339884281, -0.002390979789197445, 0.018818696960806847, 0.9504233598709106, -0.3103890120983124, 0.008659274317324162, 0.3102777302265167, 0.950606644153595),
            ["LeftLowerArm"] = CFrame.new(0.000021010637283325195, 3.5762786865234375e-07, 6.332993507385254e-08, 1, 0.000036718323826789856, -0.000013045966625213623, -0.000027455393137643114, 0.42857059836387634, -0.9035083055496216, -0.00002760440474958159, 0.9035083055496216, 0.42857056856155396),
            ["RightUpperArm"] = CFrame.new(1.1920928955078125e-07, 1.1920928955078125e-07, -1.4901161193847656e-08, 0.9822144508361816, -0.18273815512657166, 0.04314618185162544, 0.1472727209329605, 0.6072474718093872, -0.7807441353797913, 0.1164713203907013, 0.7732123136520386, 0.6233594417572021),
            ["Head"] = CFrame.new(0, 0, -2.35741026699543e-08, 0.9433021545410156, -0.05536900460720062, -0.3272848129272461, -0.04314937815070152, 0.9571691155433655, -0.28629621863365173, 0.32911866903305054, 0.28418606519699097, 0.9005105495452881),
            ["RightHand"] = CFrame.new(2.1420419216156006e-07, 5.960464477539063e-08, 1.4901161193847656e-08, 0.9572446942329407, -0.014992376789450645, 0.28889086842536926, 0.071328304708004, 0.9800546765327454, -0.18548627197742462, -0.2803480327129364, 0.19816194474697113, 0.9392215013504028),
            ["UpperTorso"] = CFrame.new(-2.3283064365386963e-10, 0, 1.622538547962904e-08, 0.9984224438667297, -0.05240708589553833, 0.020152674987912178, 0.04130752012133598, 0.9286867380142212, 0.36855751276016235, -0.038030557334423065, -0.3671436011791229, 0.929386556148529),
            ["HumanoidRootPart"] = CFrame.new(0, 0, 0, 1, 0, 0, 0, 1, 0, 0, 0, 1),
            ["RightUpperLeg"] = CFrame.new(-2.9802322387695312e-08, 1.816079020500183e-07, 5.400579539127648e-08, 0.9813356399536133, -0.13560383021831512, -0.13635213673114777, 0.04070916771888733, 0.8394710421562195, -0.5418774485588074, 0.18794439733028412, 0.5262128114700317, 0.8293232321739197),
            ["LeftUpperArm"] = CFrame.new(-5.960464477539063e-08, -1.1920928955078125e-07, -1.0803341865539551e-07, 0.9402338862419128, 0.28327107429504395, -0.18899190425872803, -0.22935226559638977, 0.9370186924934387, 0.2634267508983612, 0.25171008706092834, -0.204337015748024, 0.9459854960441589),
            ["RightLowerArm"] = CFrame.new(-3.2782554626464844e-07, 1.1920928955078125e-07, -2.3096799850463867e-07, 1, -1.005828522693264e-07, 1.2665991278026922e-07, 1.2386591663471336e-07, 0.055155180394649506, -0.9984778165817261, 8.940698137394065e-08, 0.9984778761863708, 0.055155199021101),
            ["LeftHand"] = CFrame.new(1.4901161193847656e-07, 5.960464477539063e-08, 1.4901161193847656e-07, 0.9367916584014893, 0.004354607779532671, -0.34986090660095215, -0.02231813594698906, 0.9986299872398376, -0.047329653054475784, 0.349175363779068, 0.052146412432193756, 0.9356053471565247),
            ["LeftFoot"] = CFrame.new(-2.8712248578699473e-08, 1.1920928955078125e-07, -1.5966710975590104e-07, 0.9649845361709595, 0.13994716107845306, 0.22185508906841278, -0.13781839609146118, 0.990138828754425, -0.025126732885837555, -0.22318360209465027, -0.00632852129638195, 0.9747559428215027),
            ["LowerTorso"] = CFrame.new(-0.20378568768501282, -0.16440355777740479, -0.0003309380845166743, 0.005509609822183847, -0.04169510304927826, -0.9991152882575989, -0.05432698875665665, 0.9976423382759094, -0.04193322733044624, 0.9985080361366272, 0.054509952664375305, 0.003231450915336609),
            ["RightLowerLeg"] = CFrame.new(-1.6763806343078613e-08, -0.000004112720489501953, -0.000012942437024321407, 1, -0.0000036228434510121588, -0.0000018477442154107848, 0.000003641471266746521, 0.6060303449630737, 0.7954413294792175, -0.0000017657876014709473, -0.7954415678977966, 0.6060306429862976),
            ["LeftUpperLeg"] = CFrame.new(-5.9604552404834976e-08, -1.5832483768463135e-08, 2.968613443954382e-08, 0.9535930156707764, 0.27497008442878723, 0.12268593907356262, -0.16108441352844238, 0.8101380467414856, -0.5636738538742065, -0.2543860375881195, 0.5177525877952576, 0.8168354034423828),
            ["LeftLowerLeg"] = CFrame.new(1.093703119181555e-07, 0.0000036954879760742188, 0.000013244080037111416, 1, -0.000003050081431865692, -0.000006914141067682067, 0.000003099442210441339, -0.6667351722717285, 0.7452948093414307, -0.000006884338290547021, -0.7452947497367859, -0.6667351126670837),
        }},
        {Time = 0.133, Data = {
            ["RightFoot"] = CFrame.new(-4.6333298087120056e-08, 1.7881393432617188e-07, 2.5938788894563913e-09, 0.999771237373352, -0.021249664947390556, -0.002450942061841488, 0.01935071125626564, 0.9473097324371338, -0.3197340667247772, 0.009116113185882568, 0.31961360573768616, 0.9475042223930359),
            ["LeftLowerArm"] = CFrame.new(0.000021070241928100586, 5.960464477539063e-08, 5.066394805908203e-07, 1, 0.00003706291317939758, -0.000011961909876845311, -0.000027462843718240038, 0.45466771721839905, -0.8906612396240234, -0.000027574602427193895, 0.8906611800193787, 0.4546675980091095),
            ["RightUpperArm"] = CFrame.new(0, 1.1920928955078125e-07, 1.043081283569336e-07, 0.977736234664917, -0.20961891114711761, -0.00958324782550335, 0.10377105325460434, 0.5227096676826477, -0.8461716175079346, 0.18238282203674316, 0.8263381123542786, 0.5328243374824524),
            ["Head"] = CFrame.new(-6.51925802230835e-09, 1.1920928955078125e-07, 1.1106021702289581e-07, 0.8738188147544861, -0.04867219179868698, -0.48380982875823975, -0.09720367938280106, 0.9574097394943237, -0.27187874913215637, 0.47643715143203735, 0.2846008539199829, 0.8318714499473572),
            ["RightHand"] = CFrame.new(-3.3527612686157227e-08, -1.1920928955078125e-07, -5.960464477539063e-08, 0.9692249298095703, -0.010433790273964405, 0.24595555663108826, 0.07040264457464218, 0.9691213369369507, -0.23632082343101501, -0.23589494824409485, 0.24636392295360565, 0.940031111240387),
            ["UpperTorso"] = CFrame.new(1.3969838619232178e-09, -1.1920928955078125e-07, 1.206353772431612e-08, 0.9950268268585205, -0.02818259410560131, 0.0955372080206871, -0.017687924206256866, 0.8939018249511719, 0.4479137361049652, -0.09802427142858505, -0.447376012802124, 0.8889578580856323),
            ["HumanoidRootPart"] = CFrame.new(0, 0, 0, 1, 0, 0, 0, 1, 0, 0, 0, 1),
            ["RightUpperLeg"] = CFrame.new(0, -2.2351741790771484e-07, 4.830144462175667e-08, 0.978449821472168, -0.12131232023239136, -0.16709057986736298, 0.026974409818649292, 0.8773770332336426, -0.47904273867607117, 0.20471519231796265, 0.4642121493816376, 0.8617416620254517),
            ["LeftUpperArm"] = CFrame.new(5.960464477539063e-08, -2.384185791015625e-07, -9.685754776000977e-08, 0.9236118793487549, 0.3235003352165222, -0.20564205944538116, -0.22050200402736664, 0.8871899843215942, 0.4053058922290802, 0.3135601878166199, -0.32900089025497437, 0.8907516598701477),
            ["RightLowerArm"] = CFrame.new(-1.1920928955078125e-07, 4.172325134277344e-07, 1.043081283569336e-07, 1, -6.891788473240013e-08, 1.8812724533745495e-07, 1.6298145055770874e-07, -0.020094873383641243, -0.9997981190681458, 9.592622518539429e-08, 0.999798059463501, -0.020095039159059525),
            ["LeftHand"] = CFrame.new(2.019805833697319e-08, 5.960464477539063e-08, 6.845220923423767e-08, 0.9690035581588745, 0.009110487066209316, -0.24687904119491577, -0.024697382003068924, 0.9978860020637512, -0.06011289358139038, 0.24580946564674377, 0.06434696912765503, 0.9671800136566162),
            ["LeftFoot"] = CFrame.new(-2.1261783444970206e-08, 1.1920928955078125e-07, -1.2241419256042718e-07, 0.9726573824882507, 0.1071372926235199, 0.20605601370334625, -0.11374875903129578, 0.9932986497879028, 0.02047615684568882, -0.20248152315616608, -0.043354786932468414, 0.9783260226249695),
            ["LowerTorso"] = CFrame.new(-0.21055442094802856, -0.18716156482696533, 0.000472343061119318, 0.022906852886080742, -0.12071307748556137, -0.9924231171607971, -0.023710617795586586, 0.9923388361930847, -0.12125008553266525, 0.9994564056396484, 0.02630842849612236, 0.019869178533554077),
            ["RightLowerLeg"] = CFrame.new(-1.862645149230957e-09, -0.000004112720489501953, -0.000012972239346709102, 1, -0.0000035818657124764286, -0.000001897569518405362, 0.0000036172577893012203, 0.5903869867324829, 0.8071202635765076, -0.0000018281866687175352, -0.8071203827857971, 0.5903871655464172),
            ["LeftUpperLeg"] = CFrame.new(-6.616929226765933e-14, -1.0710209608078003e-07, -2.1420419216156006e-08, 0.9721332788467407, 0.22793422639369965, 0.05479780584573746, -0.10976549983024597, 0.6491113901138306, -0.7527322769165039, -0.2071433961391449, 0.7257412075996399, 0.6560422778129578),
            ["LeftLowerLeg"] = CFrame.new(1.2512764158145728e-08, 0.000003933906555175781, 0.000012968408555025235, 1, -0.0000024717298856558045, -0.000006996095180511475, 0.0000026486811748327455, -0.7656246423721313, 0.6432874202728271, -0.000006958841368032154, -0.6432875990867615, -0.7656247615814209),
        }},
        {Time = 0.167, Data = {
            ["RightFoot"] = CFrame.new(-3.3760443329811096e-08, 2.980232238769531e-07, 1.7960701370611787e-08, 0.9997344613075256, -0.022886278107762337, -0.002715198788791895, 0.021192623302340508, 0.9591996669769287, -0.28193435072898865, 0.009056837297976017, 0.2818019688129425, 0.9594298601150513),
            ["LeftLowerArm"] = CFrame.new(0.00002092123031616211, 1.1920928955078125e-07, -2.2351741790771484e-08, 1, 0.00003736094004125334, -0.000010924416528723668, -0.000027485191822052002, 0.4785171449184418, -0.8780783414840698, -0.000027570873498916626, 0.878078281879425, 0.4785171449184418),
            ["RightUpperArm"] = CFrame.new(0, 0, -1.4901161193847656e-07, 0.9660037159919739, -0.2520119249820709, -0.057680219411849976, 0.06252951174974442, 0.44424042105674744, -0.8937228918075562, 0.2508527338504791, 0.8597327470779419, 0.44489580392837524),
            ["Head"] = CFrame.new(0, 2.384185791015625e-07, -1.4062970876693726e-07, 0.7806821465492249, -0.007570536807179451, -0.6248824596405029, -0.1761162430047989, 0.9567321538925171, -0.23161762952804565, 0.5995985865592957, 0.2908717095851898, 0.7455704808235168),
            ["RightHand"] = CFrame.new(-1.6507692635059357e-07, 5.960464477539063e-08, -2.2351741790771484e-07, 0.9799413681030273, -0.010329831391572952, 0.199018657207489, 0.06815123558044434, 0.955815851688385, -0.2859571576118469, -0.1872713416814804, 0.29378461837768555, 0.937347412109375),
            ["UpperTorso"] = CFrame.new(-1.1641532182693481e-10, -2.9802322387695312e-08, 4.1520024751662277e-08, 0.974936306476593, -0.03251770883798599, 0.22009505331516266, -0.08362752944231033, 0.8631560802459717, 0.4979639947414398, -0.20616890490055084, -0.5038891434669495, 0.8388028144836426),
            ["HumanoidRootPart"] = CFrame.new(0, 0, 0, 1, 0, 0, 0, 1, 0, 0, 0, 1),
            ["RightUpperLeg"] = CFrame.new(5.960464477539063e-08, -1.6851117834448814e-07, 4.143294063396752e-08, 0.9832125902175903, -0.07907004654407501, -0.16444136202335358, 0.013141186907887459, 0.929573118686676, -0.3684035837650299, 0.1819898635149002, 0.3600582480430603, 0.9150071144104004),
            ["LeftUpperArm"] = CFrame.new(-5.960464477539063e-08, -2.384185791015625e-07, -1.2665987014770508e-07, 0.9014968276023865, 0.3739166259765625, -0.217921644449234, -0.2121434360742569, 0.8206775784492493, 0.5305502414703369, 0.3772249221801758, -0.4320586621761322, 0.8191621899604797),
            ["RightLowerArm"] = CFrame.new(0, 5.960464477539062e-07, 4.470348358154297e-08, 1, -6.775373861955813e-08, 1.7532155993649212e-07, 1.6367995669952506e-07, -0.0991402119398117, -0.9950734972953796, 9.150245716682548e-08, 0.9950734972953796, -0.09914039820432663),
            ["LeftHand"] = CFrame.new(6.705522537231445e-08, -2.384185791015625e-07, 7.644625506630354e-20, 0.9906361699104309, 0.01611167937517166, -0.13557487726211548, -0.026349898427724838, 0.9969053268432617, -0.0740647166967392, 0.1339619904756546, 0.07694371044635773, 0.987994909286499),
            ["LeftFoot"] = CFrame.new(2.3441005581048557e-08, 1.1920928955078125e-07, 1.0110336745583481e-07, 0.9820448756217957, 0.06688385456800461, 0.17639318108558655, -0.0918671190738678, 0.9862320423126221, 0.13750258088111877, -0.16476796567440033, -0.15123841166496277, 0.9746684432029724),
            ["LowerTorso"] = CFrame.new(-0.20676816999912262, -0.1704643964767456, 0.0018032928928732872, -0.002840140601620078, -0.199676975607872, -0.9798576831817627, 0.0005829830770380795, 0.9798611402511597, -0.19967937469482422, 0.9999958872795105, -0.001138357911258936, -0.0026665348559617996),
            ["RightLowerLeg"] = CFrame.new(-4.6566128730773926e-08, -0.0000040531158447265625, -0.000013106349797453731, 1, -0.000003302469394839136, -0.0000015781261026859283, 0.0000033546234590176027, 0.651783287525177, 0.758405327796936, -0.0000014714894405187806, -0.7584052681922913, 0.651783287525177),
            ["LeftUpperLeg"] = CFrame.new(2.9802322387695312e-08, -1.4487886801362038e-07, -2.3294433049159124e-10, 0.9784640073776245, 0.2037118524312973, 0.03331243246793747, -0.06743761152029037, 0.4680064916610718, -0.8811482787132263, -0.19509077072143555, 0.8599252104759216, 0.4716654121875763),
            ["LeftLowerLeg"] = CFrame.new(6.839211863507444e-08, 0.0000036954879760742188, 0.00001288272687816061, 1, -0.0000025732445010362426, -0.000007394701242446899, 0.000002693383976293262, -0.7740185260772705, 0.6331630349159241, -0.00000734813238523202, -0.6331630945205688, -0.7740184664726257),
        }},
        {Time = 0.200, Data = {
            ["RightFoot"] = CFrame.new(1.5133991837501526e-08, 1.7881393432617188e-07, 4.456524038687348e-09, 0.9997237324714661, -0.023345936089754105, -0.002728312276303768, 0.022415997460484505, 0.9818872213363647, -0.1881357580423355, 0.007071048952639103, 0.1880229413509369, 0.9821392893791199),
            ["LeftLowerArm"] = CFrame.new(0.00002086162567138672, -1.1920928955078125e-07, 5.587935447692871e-08, 1, 0.000037593767046928406, -0.000010016839041782077, -0.000027462836442282423, 0.4989584982395172, -0.866625964641571, -0.000027596015570452437, 0.8666259050369263, 0.49895837903022766),
            ["RightUpperArm"] = CFrame.new(0, 4.76837158203125e-07, -8.940696716308594e-08, 0.9487859606742859, -0.3010878562927246, -0.09566248208284378, 0.026706459000706673, 0.3781633675098419, -0.9253536462783813, 0.3147888481616974, 0.8754076361656189, 0.3668369650840759),
            ["Head"] = CFrame.new(2.2351741790771484e-08, 2.384185791015625e-07, -1.3597309589385986e-07, 0.6809252500534058, 0.04004887491464615, -0.7312571406364441, -0.24560865759849548, 0.9531651139259338, -0.17650139331817627, 0.6899400353431702, 0.29978734254837036, 0.65887051820755),
            ["RightHand"] = CFrame.new(-9.685754776000977e-08, -1.7881393432617188e-07, -2.421438694000244e-07, 0.9882607460021973, -0.013936800882220268, 0.1521395742893219, 0.06417403370141983, 0.941585123538971, -0.33060428500175476, -0.13864479959011078, 0.3364866375923157, 0.9314260482788086),
            ["UpperTorso"] = CFrame.new(6.984919309616089e-10, -5.960464477539063e-08, 3.1403033062815666e-08, 0.9334256649017334, -0.08124133944511414, 0.34945160150527954, -0.11697643250226974, 0.8518811464309692, 0.5105049014091492, -0.3391653001308441, -0.5173959732055664, 0.7856643199920654),
            ["HumanoidRootPart"] = CFrame.new(0, 0, 0, 1, 0, 0, 0, 1, 0, 0, 0, 1),
            ["RightUpperLeg"] = CFrame.new(-5.960464477539063e-08, -8.932693162932992e-08, 9.579889592714608e-08, 0.9903400540351868, -0.051475752145051956, -0.1287515014410019, 0.024171998724341393, 0.9784115552902222, -0.20524780452251434, 0.13653726875782013, 0.20015300810337067, 0.9702042937278748),
            ["LeftUpperArm"] = CFrame.new(0, 1.1920928955078125e-07, -1.043081283569336e-07, 0.8763783574104309, 0.4272748529911041, -0.22225503623485565, -0.20433709025382996, 0.7477397322654724, 0.6317689418792725, 0.4361278712749481, -0.5082535147666931, 0.7426108121871948),
            ["RightLowerArm"] = CFrame.new(0, 5.364418029785156e-07, -8.940696716308594e-08, 1, -9.499491682163352e-08, 1.8440194082813832e-07, 1.6391277313232422e-07, -0.17369727790355682, -0.9847990870475769, 1.1455267667770386e-07, 0.9847990870475769, -0.17369763553142548),
            ["LeftHand"] = CFrame.new(-1.1175870895385742e-07, -5.960464477539063e-08, 2.9802322387695312e-08, 0.9992902278900146, 0.024841271340847015, -0.028321564197540283, -0.027236398309469223, 0.9957848787307739, -0.0875830426812172, 0.026026487350463867, 0.08829238265752792, 0.9957545399665833),
            ["LeftFoot"] = CFrame.new(1.6922257373153116e-08, -1.1920928955078125e-07, -6.280942699277148e-08, 0.9932328462600708, 0.037101272493600845, 0.11005517840385437, -0.06121431291103363, 0.9725270867347717, 0.2245977222919464, -0.09869886189699173, -0.22981445491313934, 0.9682167768478394),
            ["LowerTorso"] = CFrame.new(-0.19052748382091522, -0.09660136699676514, 0.0037035734858363867, -0.04613731801509857, -0.2552216053009033, -0.9657812118530273, -0.012028089724481106, 0.966882586479187, -0.2549380362033844, 0.9988626837730408, -0.0001456537574995309, -0.047679197043180466),
            ["RightLowerLeg"] = CFrame.new(-7.450580596923828e-09, -0.0000040531158447265625, -0.000012934986443724483, 1, -0.000002879650082832086, -9.76026285570697e-07, 0.000002890825726353796, 0.7962857484817505, 0.6049203872680664, -9.555370752423187e-07, -0.6049207448959351, 0.7962859272956848),
            ["LeftUpperLeg"] = CFrame.new(5.960493609791229e-08, -8.443748811259866e-08, 9.313203008787241e-08, 0.9739896655082703, 0.2167758345603943, 0.06597369909286499, -0.03147294744849205, 0.4177558124065399, -0.908014178276062, -0.22439636290073395, 0.8823198676109314, 0.41371235251426697),
            ["LeftLowerLeg"] = CFrame.new(-1.0855917054186648e-07, 0.000004172325134277344, 0.000012949782103532925, 1, -0.0000032624241157463985, -0.000007283872946572956, 0.000003307591668999521, -0.6627410054206848, 0.7488488554954529, -0.000007261521204782184, -0.7488486766815186, -0.6627408862113953),
        }},
        {Time = 0.233, Data = {
            ["RightFoot"] = CFrame.new(2.561137080192566e-08, 4.172325134277344e-07, 4.456524038687348e-09, 0.9997735619544983, -0.02116701751947403, -0.0021871316712349653, 0.02127956971526146, 0.9948432445526123, 0.09916700422763824, 0.00007677078974666074, -0.09919103235006332, 0.9950684905052185),
            ["LeftLowerArm"] = CFrame.new(0.000021249055862426758, -3.5762786865234375e-07, -2.6263296604156494e-07, 1, 0.00003778876271098852, -0.000009327952284365892, -0.00002745911478996277, 0.5148919820785522, -0.8572551012039185, -0.000027584843337535858, 0.8572551012039185, 0.5148919224739075),
            ["RightUpperArm"] = CFrame.new(-5.960464477539063e-08, -2.384185791015625e-07, 0, 0.9299671649932861, -0.34689682722091675, -0.12175312638282776, -0.0010741838486865163, 0.32860711216926575, -0.9444661736488342, 0.36764129996299744, 0.8784531354904175, 0.30522117018699646),
            ["Head"] = CFrame.new(-4.0978193283081055e-08, 0, 4.842877388000488e-08, 0.5919902920722961, 0.06652820855379105, -0.8031944632530212, -0.2720518410205841, 0.9545881748199463, -0.12144626677036285, 0.7586404085159302, 0.29040560126304626, 0.5832061171531677),
            ["RightHand"] = CFrame.new(5.21540641784668e-08, -2.384185791015625e-07, -1.9371509552001953e-07, 0.9938413500785828, -0.019129561260342598, 0.1091487854719162, 0.05814698711037636, 0.92851322889328, -0.36671799421310425, -0.09433093667030334, 0.37080618739128113, 0.9239072799682617),
            ["UpperTorso"] = CFrame.new(2.7939677238464355e-09, -8.940696716308594e-08, -1.7695128917694092e-08, 0.8752293586730957, -0.14670220017433167, 0.460925430059433, -0.1094333678483963, 0.8681387901306152, 0.4841068387031555, -0.47116681933403015, -0.4741450250148773, 0.7437663078308105),
            ["HumanoidRootPart"] = CFrame.new(0, 0, 0, 1, 0, 0, 0, 1, 0, 0, 0, 1),
            ["RightUpperLeg"] = CFrame.new(5.960464477539063e-08, 7.82310962677002e-08, -1.1654265108518302e-07, 0.9945691823959351, -0.03645440936088562, -0.09748471528291702, 0.05194886773824692, 0.9855099320411682, 0.16146665811538696, 0.09018602222204208, -0.16565395891666412, 0.9820515513420105),
            ["LeftUpperArm"] = CFrame.new(-1.1920928955078125e-07, -3.5762786865234375e-07, -2.9802322387695312e-08, 0.8522570133209229, 0.47473886609077454, -0.21972954273223877, -0.1974942684173584, 0.6809428930282593, 0.7052040696144104, 0.4844110310077667, -0.5576198697090149, 0.6740965843200684),
            ["RightLowerArm"] = CFrame.new(-2.384185791015625e-07, 2.980232238769531e-07, -1.4901161193847656e-08, 1, -5.401671643312511e-08, 1.8253929567890737e-07, 1.6205012798309326e-07, -0.2358366698026657, -0.9717926979064941, 8.754432201385498e-08, 0.9717927575111389, -0.23583698272705078),
            ["LeftHand"] = CFrame.new(-1.4901161193847656e-08, 0, -7.12461769580841e-08, 0.997486412525177, 0.03378186374902725, 0.06228668615221977, -0.027500992640852928, 0.9947000741958618, -0.09907308965921402, -0.06530343741178513, 0.09711124747991562, 0.9931288957595825),
            ["LeftFoot"] = CFrame.new(1.0402280814503229e-08, -5.551115123125783e-16, 1.6815855019558512e-07, 0.9998095631599426, 0.008032294921576977, 0.017789199948310852, -0.012332030571997166, 0.9664003849029541, 0.2567455768585205, -0.01512912753969431, -0.2569161057472229, 0.9663153290748596),
            ["LowerTorso"] = CFrame.new(-0.16104786098003387, 0.03832376003265381, 0.006199951749294996, -0.0841236338019371, -0.27264541387557983, -0.9584299325942993, -0.04708598554134369, 0.9618524312973022, -0.2694862186908722, 0.9953423142433167, 0.022458449006080627, -0.09375230222940445),
            ["RightLowerLeg"] = CFrame.new(1.862645149230957e-09, -0.000004112720489501953, -0.000012964788766112179, 1, -1.8160788428644992e-08, -3.5390257835388184e-08, -1.7927952455920604e-08, 0.9999843835830688, 0.005591277498751879, 2.677551513841081e-08, -0.005591465160250664, 0.9999844431877136),
            ["LeftUpperLeg"] = CFrame.new(2.9802137646584015e-08, -1.0710209608078003e-07, -5.960475846222835e-08, 0.9609997868537903, 0.23177570104599, 0.15086238086223602, 0.0017824197420850396, 0.5403150320053101, -0.8414610624313354, -0.27654340863227844, 0.8089127540588379, 0.5188294053077698),
            ["LeftLowerLeg"] = CFrame.new(4.976566714276487e-08, 0.000003874301910400391, 0.000012845473975175992, 1, -0.00000381842164642876, -0.000005787239842902636, 0.000003883615590893896, -0.37401849031448364, 0.9274212121963501, -0.00000566244170840946, -0.9274212718009949, -0.3740186095237732),
        }},
        {Time = 0.267, Data = {
            ["RightFoot"] = CFrame.new(-1.0244548320770264e-07, 3.5762786865234375e-07, 1.1907104635611176e-08, 0.9999778866767883, -0.006518153939396143, -0.0013528502313420177, 0.006562851369380951, 0.9993218183517456, 0.03623532876372337, 0.0011157103581354022, -0.03624329715967178, 0.9993424415588379),
            ["LeftLowerArm"] = CFrame.new(0.00002110004425048828, 2.980232238769531e-07, 3.725290298461914e-09, 1, 0.000037897087167948484, -0.000008890667231753469, -0.0000274665690085385, 0.525249183177948, -0.8509485125541687, -0.000027589503588387743, 0.8509484529495239, 0.525249183177948),
            ["RightUpperArm"] = CFrame.new(0, 0, 0, 0.9147940874099731, -0.38008400797843933, -0.1367039680480957, -0.01888636313378811, 0.2978231906890869, -0.9544342160224915, 0.40347883105278015, 0.8756925463676453, 0.26526838541030884),
            ["Head"] = CFrame.new(6.05359673500061e-08, -3.5762786865234375e-07, -3.725290298461914e-08, 0.5199077725410461, 0.08153945207595825, -0.850321888923645, -0.2562280595302582, 0.9644836187362671, -0.06417743861675262, 0.8148884177207947, 0.2512426972389221, 0.5223352313041687),
            ["RightHand"] = CFrame.new(0, -1.7881393432617188e-07, -2.4586915969848633e-07, 0.9970327615737915, -0.02274853177368641, 0.07353983074426651, 0.04981131851673126, 0.919024646282196, -0.39104050397872925, -0.05868930742144585, 0.3935433328151703, 0.9174308180809021),
            ["UpperTorso"] = CFrame.new(-1.1175870895385742e-08, 3.2782554626464844e-07, -6.05359673500061e-09, 0.8032177686691284, -0.19787882268428802, 0.5618588328361511, -0.07314669340848923, 0.9033119082450867, 0.42270228266716003, -0.5911775827407837, -0.3806200921535492, 0.7110819220542908),
            ["HumanoidRootPart"] = CFrame.new(0, 0, 0, 1, 0, 0, 0, 1, 0, 0, 0, 1),
            ["RightUpperLeg"] = CFrame.new(5.960464477539063e-08, 3.501772880554199e-07, 5.482070264406502e-08, 0.9957243800163269, -0.07987275719642639, -0.046404700726270676, 0.08048396557569504, 0.9966900944709778, 0.011451668106019497, 0.04533638060092926, -0.01513754017651081, 0.9988570809364319),
            ["LeftUpperArm"] = CFrame.new(0, 0, -8.940696716308594e-08, 0.8341502547264099, 0.5079160332679749, -0.21497610211372375, -0.19228580594062805, 0.6331351399421692, 0.7497774362564087, 0.5169329643249512, -0.5840900540351868, 0.6257948279380798),
            ["RightLowerArm"] = CFrame.new(1.1920928955078125e-07, 2.980232238769531e-07, -1.1920928955078125e-07, 1, -7.264316792543468e-08, 1.7881399116959074e-07, 1.5459953317531472e-07, -0.2782174348831177, -0.9605181813240051, 1.0803340444454079e-07, 0.9605181813240051, -0.2782175838947296),
            ["LeftHand"] = CFrame.new(-2.9802322387695312e-08, -2.384185791015625e-07, -9.96515154838562e-08, 0.9913800358772278, 0.04076579585671425, 0.1245143711566925, -0.02742781862616539, 0.9938790798187256, -0.10701467841863632, -0.1281147301197052, 0.10267717391252518, 0.9864299893379211),
