return {
    ["Not My Problem"] = {
        {Time = 0.000, Data = {
            ["RightFoot"] = CFrame.new(-6.162736099213362e-08, 3.5762786865234375e-07, 3.984314389526844e-08, 0.9889881610870361, 0.14784936606884003, -0.006557288579642773, -0.13249360024929047, 0.8647909164428711, -0.48433631658554077, -0.06593813002109528, 0.4798721671104431, 0.8748574256896973),
            ["LeftLowerArm"] = CFrame.new(2.9802322387695312e-08, -4.76837158203125e-07, 4.470348358154297e-08, 1, 1.490115550950577e-07, -2.1606686573250045e-07, -2.3841863594498136e-07, -0.013485203497111797, -0.9999091625213623, -1.9371513815258368e-07, 0.9999091029167175, -0.013485359027981758),
            ["RightUpperArm"] = CFrame.new(-5.960464477539063e-08, 1.1920928955078125e-07, -1.4901161193847656e-08, 0.24216248095035553, -0.6252540946006775, 0.7418994307518005, 0.8878432512283325, 0.4511714577674866, 0.09043613821268082, -0.39126941561698914, 0.6367900967597961, 0.6643843650817871),
            ["Head"] = CFrame.new(-3.725290298461914e-09, 1.1920928955078125e-07, 2.9103830456733704e-11, 0.9988997578620911, -0.04689783975481987, -1.0978952857954027e-08, 0.04589373618364334, 0.9775127172470093, -0.20582182705402374, 0.009652610868215561, 0.2055954486131668, 0.9785895347595215),
            ["RightHand"] = CFrame.new(-2.9802322387695312e-08, -1.1920928955078125e-07, 1.1920928955078125e-07, 0.6738802790641785, -0.5427863001823425, -0.5012668967247009, 0.572369396686554, 0.8125343918800354, -0.11036847531795502, 0.4672030806541443, -0.21253463625907898, 0.8582251667976379),
            ["UpperTorso"] = CFrame.new(-4.278478016317422e-09, -1.4901161193847656e-07, 8.760252967476845e-09, 0.9998436570167542, 0.017308799549937248, 0.0036404780112206936, -0.017113158479332924, 0.8946412205696106, 0.4464576244354248, 0.004470723681151867, -0.4464501142501831, 0.8947974443435669),
            ["HumanoidRootPart"] = CFrame.new(0, 0, 0, 1, 0, 0, 0, 1, 0, 0, 0, 1),
            ["RightUpperLeg"] = CFrame.new(0, -5.307811079546809e-08, -1.3387762010097504e-08, 0.9734985828399658, -0.017251217737793922, 0.2280413806438446, 0.07896532118320465, 0.9611786007881165, -0.2643868029117584, -0.21462751924991608, 0.27538734674453735, 0.9370681643486023),
            ["LeftUpperArm"] = CFrame.new(5.960464477539063e-08, 1.1920928955078125e-07, -1.4901161193847656e-08, 0.3995363116264343, -0.18867754936218262, -0.8970906734466553, -0.5816372632980347, 0.7042176127433777, -0.40715527534484863, 0.7085682153701782, 0.6844547390937805, 0.1716187447309494),
            ["RightLowerArm"] = CFrame.new(-5.960464477539063e-08, 2.384185791015625e-07, 5.960464477539063e-08, 1, -1.49011640360186e-07, 5.960464477539063e-08, 1.1920930376163597e-07, -0.08950375765562057, -0.9959865212440491, 1.788139627478813e-07, 0.9959865808486938, -0.08950373530387878),
            ["LeftHand"] = CFrame.new(2.4400651454925537e-07, 4.172325134277344e-07, -2.4493783712387085e-07, 0.9427584409713745, 0.2980365455150604, 0.14960342645645142, -0.2839760482311249, 0.9526862502098083, -0.10838033258914948, -0.17482635378837585, 0.059693142771720886, 0.9827882051467896),
            ["LeftFoot"] = CFrame.new(6.837944965809584e-08, 5.960464477539063e-08, -3.984314389526844e-08, 0.9759916663169861, -0.2173604667186737, 0.013958098366856575, 0.19598925113677979, 0.8484593033790588, -0.4916348457336426, 0.09501911699771881, 0.48256731033325195, 0.8706896305084229),
            ["LowerTorso"] = CFrame.new(-0.02550339326262474, -0.24653279781341553, 2.741580829024315e-08, 0.9998436570167542, -0.017113160341978073, 0.004470722749829292, 0.017687497660517693, 0.967377245426178, -0.2527224123477936, 2.5744280041095635e-09, 0.25276196002960205, 0.9675285220146179),
            ["RightLowerLeg"] = CFrame.new(-7.450580596923828e-08, -0.000014960765838623047, -0.000035060744266957045, 1, -1.1920927533992653e-07, -8.940699558479537e-08, 1.3038518886787642e-07, 0.5205914974212646, 0.8538056015968323, -7.4505820180093e-08, -0.8538059592247009, 0.5205920934677124),
            ["LeftUpperLeg"] = CFrame.new(-2.9802322387695312e-08, 1.0179792298004031e-07, -1.996522769331932e-08, 0.9486112594604492, 0.10111032426357269, -0.2998555898666382, -0.17277517914772034, 0.9593642354011536, -0.22309020161628723, 0.26511403918266296, 0.2634333372116089, 0.9275330305099487),
            ["LeftLowerLeg"] = CFrame.new(7.450580596923828e-09, 0.00001531839370727539, 0.00003509223461151123, 1, 4.470348358154297e-08, 4.470347647611561e-08, -8.940695295223122e-08, 0.5380575060844421, 0.8429080843925476, 3.725289943190546e-08, -0.8429082036018372, 0.5380576252937317),
        }},
        {Time = 0.017, Data = {
            ["RightFoot"] = CFrame.new(-2.2264430299401283e-09, 2.980232238769531e-07, -3.92901711165905e-08, 0.9889293313026428, 0.1482774168252945, -0.005718887783586979, -0.13210538029670715, 0.8622097969055176, -0.4890218675136566, -0.06758008897304535, 0.48436376452445984, 0.8722528219223022),
            ["LeftLowerArm"] = CFrame.new(1.4901161193847656e-07, -1.7881393432617188e-07, -8.940696716308594e-08, 1, 1.7881387748275301e-07, -1.229346082709526e-07, -1.0430811414607888e-07, -0.04028353840112686, -0.9991883039474487, -1.639127589214695e-07, 0.9991883039474487, -0.04028361663222313),
            ["RightUpperArm"] = CFrame.new(1.1920928955078125e-07, 1.1920928955078125e-07, 8.603092283010483e-08, 0.22491610050201416, -0.6717148423194885, 0.7058411240577698, 0.9015105962753296, 0.4183238446712494, 0.11083231121301651, -0.36971813440322876, 0.6113954186439514, 0.6996460556983948),
            ["Head"] = CFrame.new(-2.648448571562767e-09, 1.1920928955078125e-07, 1.0479561751708388e-07, 0.9987630844116211, -0.04971526190638542, 0.0008609718643128872, 0.04882735013961792, 0.9773597717285156, -0.20587341487407684, 0.009393572807312012, 0.2056608945131302, 0.9785783290863037),
            ["RightHand"] = CFrame.new(2.9802322387695312e-08, 5.960464477539063e-08, 8.940696716308594e-08, 0.6924703121185303, -0.5485796928405762, -0.46855628490448, 0.5656684637069702, 0.8159549832344055, -0.11931903660297394, 0.44777682423591614, -0.1824224889278412, 0.8753388524055481),
            ["UpperTorso"] = CFrame.new(-8.512870408594608e-10, 5.960464477539063e-08, 3.098102752119303e-08, 0.9996762275695801, 0.025174718350172043, 0.0037248285952955484, -0.024273883551359177, 0.8992956280708313, 0.43666717410087585, 0.0076432498171925545, -0.4366161823272705, 0.8996155261993408),
            ["HumanoidRootPart"] = CFrame.new(0, 0, 0, 1, 0, 0, 0, 1, 0, 0, 0, 1),
            ["RightUpperLeg"] = CFrame.new(2.9802322387695312e-08, 2.5960616767406464e-08, -2.5778717827051878e-08, 0.9780892133712769, -0.0302966870367527, 0.20597006380558014, 0.08985589444637299, 0.9538909196853638, -0.28638821840286255, -0.18779630959033966, 0.2986206114292145, 0.9357126951217651),
            ["LeftUpperArm"] = CFrame.new(0, -1.1920928955078125e-07, 1.459266059100628e-07, 0.341938316822052, -0.09694594889879227, -0.9347083568572998, -0.6631721258163452, 0.6798253059387207, -0.31311407685279846, 0.6657935380935669, 0.7269382476806641, 0.168166384100914),
            ["RightLowerArm"] = CFrame.new(1.4901161193847656e-07, 1.1920928955078125e-07, -1.4901161193847656e-07, 1, -1.1920928955078125e-07, 1.4901159417490817e-08, 8.940695295223122e-08, -0.1083998829126358, -0.9941073656082153, 1.341104365337742e-07, 0.9941073656082153, -0.10839982330799103),
            ["LeftHand"] = CFrame.new(-6.51925802230835e-08, 3.5762786865234375e-07, 2.3702159523963928e-07, 0.9219569563865662, 0.33527475595474243, 0.19387193024158478, -0.31411829590797424, 0.940152108669281, -0.13207441568374634, -0.22655035555362701, 0.0608682855963707, 0.9720957279205322),
            ["LeftFoot"] = CFrame.new(-3.0850060284137726e-08, 1.7881393432617188e-07, 9.371433407068253e-09, 0.9752773642539978, -0.22063449025154114, 0.012433605268597603, 0.19793382287025452, 0.8471428155899048, -0.4931239187717438, 0.09826719760894775, 0.4833938181400299, 0.8698702454566956),
            ["LowerTorso"] = CFrame.new(-0.023829197511076927, -0.254345178604126, 2.741580829024315e-08, 0.9998720288276672, -0.015349184162914753, 0.004528651479631662, 0.015988988801836967, 0.9701163172721863, -0.24211299419403076, -0.0006770820473320782, 0.24215440452098846, 0.9702374935150146),
            ["RightLowerLeg"] = CFrame.new(2.2351741790771484e-08, -0.000015079975128173828, -0.000034986238460987806, 1, -1.0430809993522416e-07, -9.685756197086448e-08, 1.601874828338623e-07, 0.5034828782081604, 0.864004909992218, -5.960464477539063e-08, -0.8640052080154419, 0.5034834146499634),
            ["LeftUpperLeg"] = CFrame.new(-5.960464477539063e-08, 3.809691406786442e-08, 6.577465683221817e-09, 0.9537127614021301, 0.11207734048366547, -0.2790534198284149, -0.1837364286184311, 0.9517773389816284, -0.24568450450897217, 0.23806101083755493, 0.28558453917503357, 0.9283148646354675),
            ["LeftLowerLeg"] = CFrame.new(5.21540641784668e-08, 0.000015079975128173828, 0.00003515183925628662, 1, 5.21540641784668e-08, 7.823112468940963e-08, -1.1175869474300271e-07, 0.5246639847755432, 0.8513093590736389, 3.725289943190546e-08, -0.8513094186782837, 0.5246641039848328),
        }},
        {Time = 0.034, Data = {
            ["RightFoot"] = CFrame.new(1.248918124474585e-08, 1.7881393432617188e-07, -2.9802322387695312e-08, 0.9887776374816895, 0.1493593156337738, -0.00328151136636734, -0.1321106106042862, 0.8639115691184998, -0.4860077500343323, -0.06975486129522324, 0.48098719120025635, 0.8739483952522278),
            ["LeftLowerArm"] = CFrame.new(2.086162567138672e-07, -2.384185791015625e-07, 0, 1, 1.4156096028727916e-07, -1.5925616025924683e-07, 3.725290298461914e-09, -0.121117003262043, -0.9926382899284363, -1.4901161193847656e-07, 0.9926382899284363, -0.12111710011959076),
            ["RightUpperArm"] = CFrame.new(-5.960464477539063e-08, -4.76837158203125e-07, -1.0174699127674103e-07, 0.20888185501098633, -0.7268276214599609, 0.654285728931427, 0.9132496118545532, 0.38427066802978516, 0.13531911373138428, -0.34977641701698303, 0.5692605972290039, 0.7440422773361206),
            ["Head"] = CFrame.new(3.346940502524376e-09, -2.384185791015625e-07, -8.192046152544208e-08, 0.9985507130622864, -0.05379924923181534, 0.001518560922704637, 0.05295860022306442, 0.977135181427002, -0.20591792464256287, 0.009594391100108624, 0.20570001006126404, 0.9785681366920471),
            ["RightHand"] = CFrame.new(-7.450580596923828e-08, 1.1920928955078125e-07, -2.682209014892578e-07, 0.7199568748474121, -0.5509095788002014, -0.4220914840698242, 0.5534822344779968, 0.8226985335350037, -0.12970905005931854, 0.41871196031570435, -0.14023490250110626, 0.8972259759902954),
            ["UpperTorso"] = CFrame.new(-2.1391315385699272e-09, 0, 2.3312168195843697e-08, 0.999430239200592, 0.03349757567048073, 0.004149854648858309, -0.032265130430459976, 0.9119999408721924, 0.40891945362091064, 0.009913143701851368, -0.40882033109664917, 0.9125610589981079),
            ["HumanoidRootPart"] = CFrame.new(0, 0, 0, 1, 0, 0, 0, 1, 0, 0, 0, 1),
            ["RightUpperLeg"] = CFrame.new(5.960464477539063e-08, 3.6772689782083035e-08, -1.7302227206528187e-08, 0.9872618317604065, -0.06973210722208023, 0.14300866425037384, 0.1139460876584053, 0.93720543384552, -0.32963991165161133, -0.11104199290275574, 0.34173598885536194, 0.9332128167152405),
            ["LeftUpperArm"] = CFrame.new(5.960464477539063e-08, -3.5762786865234375e-07, -7.019843906164169e-08, 0.2665591537952423, 0.05042256787419319, -0.962498664855957, -0.7485870122909546, 0.6398528814315796, -0.1737976372241974, 0.6070944666862488, 0.7668415307998657, 0.20830455422401428),
            ["RightLowerArm"] = CFrame.new(1.4901161193847656e-07, 0, -1.1920928955078125e-07, 1, -7.450580596923828e-08, 4.4703469370688254e-08, 4.470348358154297e-08, -0.13718804717063904, -0.9905450344085693, 8.940696716308594e-08, 0.9905450940132141, -0.13718797266483307),
            ["LeftHand"] = CFrame.new(-4.842877388000488e-08, 3.5762786865234375e-07, 9.359791874885559e-08, 0.8903365731239319, 0.39078232645988464, 0.2336457073688507, -0.36629003286361694, 0.9195677042007446, -0.14222098886966705, -0.2704302966594696, 0.041042767465114594, 0.9618643522262573),
            ["LeftFoot"] = CFrame.new(6.592017598450184e-09, 0, -2.750311978161335e-08, 0.97431880235672, -0.22504708170890808, 0.00753703061491251, 0.20050276815891266, 0.8518509268760681, -0.48388922214508057, 0.10247740894556046, 0.4729735255241394, 0.8750969171524048),
            ["LowerTorso"] = CFrame.new(-0.02225976251065731, -0.26085877418518066, 2.741580829024315e-08, 0.9998921155929565, -0.014023021794855595, 0.004396692384034395, 0.014636796899139881, 0.9770990014076233, -0.21228167414665222, -0.001319173607043922, 0.2123231291770935, 0.9771986603736877),
            ["RightLowerLeg"] = CFrame.new(0, -0.000015139579772949219, -0.00003510917304083705, 1, -1.4156104555240745e-07, -7.660128176212311e-08, 1.1548401346317405e-07, 0.4892815053462982, 0.8721258044242859, -6.705523247774181e-08, -0.872126042842865, 0.4892818033695221),
            ["LeftUpperLeg"] = CFrame.new(-5.960464477539063e-08, -4.228786565363407e-08, -1.2689270079135895e-08, 0.9647102355957031, 0.14927315711975098, -0.21691453456878662, -0.21036624908447266, 0.9323827624320984, -0.2939533591270447, 0.15836797654628754, 0.32921114563941956, 0.930881142616272),
            ["LeftLowerLeg"] = CFrame.new(7.450580596923828e-09, 0.000014901161193847656, 0.00003518909215927124, 1, 1.0058283805847168e-07, 4.749744419996205e-08, -7.078052277620372e-08, 0.5135886669158936, 0.8580365180969238, 5.2154071283894154e-08, -0.8580365180969238, 0.5135886669158936),
        }},
        {Time = 0.051, Data = {
            ["RightFoot"] = CFrame.new(-1.463195076212287e-08, 2.980232238769531e-07, 2.6368070393800735e-08, 0.9887650012969971, 0.14947757124900818, 0.0005810825387015939, -0.1311577558517456, 0.8694350123405457, -0.4763198792934418, -0.07170431315898895, 0.47089216113090515, 0.879271924495697),
            ["LeftLowerArm"] = CFrame.new(2.682209014892578e-07, 5.960464477539063e-08, -1.4901161193847656e-08, 1, 1.1175863079415649e-07, -2.3073513943927537e-07, -1.750886866602741e-07, -0.23640744388103485, -0.9716540575027466, -2.1234160385574796e-07, 0.9716539978981018, -0.2364075928926468),
            ["RightUpperArm"] = CFrame.new(0, 3.5762786865234375e-07, 1.1385418474674225e-07, 0.1984988898038864, -0.7835472226142883, 0.588771641254425, 0.9228348731994629, 0.3517519533634186, 0.1569920927286148, -0.330112099647522, 0.5121760964393616, 0.7929069995880127),
            ["Head"] = CFrame.new(-1.1641532182693481e-09, 0, 5.294714355841279e-08, 0.9982583522796631, -0.05896095186471939, 0.0019869226962327957, 0.05810550972819328, 0.9768343567848206, -0.20595751702785492, 0.010202556848526001, 0.20571434497833252, 0.9785589575767517),
            ["RightHand"] = CFrame.new(4.023313522338867e-07, -5.960464477539063e-08, -2.9802322387695312e-08, 0.7546254396438599, -0.5477849841117859, -0.36120927333831787, 0.5359863638877869, 0.8321590423583984, -0.1422308385372162, 0.37849581241607666, -0.08627257496118546, 0.9215738773345947),
            ["UpperTorso"] = CFrame.new(-4.118192009627819e-09, -2.086162567138672e-07, 4.131288733333349e-08, 0.9991077184677124, 0.04195672273635864, 0.004840719513595104, -0.04081643745303154, 0.9297306537628174, 0.36597129702568054, 0.010854392312467098, -0.365842342376709, 0.9306135177612305),
            ["HumanoidRootPart"] = CFrame.new(0, 0, 0, 1, 0, 0, 0, 1, 0, 0, 0, 1),
            ["RightUpperLeg"] = CFrame.new(0, -2.2939639165997505e-07, 2.8783688321709633e-08, 0.9900690317153931, -0.13325725495815277, 0.044787704944610596, 0.14010891318321228, 0.9091911911964417, -0.39209800958633423, 0.011529331095516682, 0.39447933435440063, 0.918832540512085),
            ["LeftUpperArm"] = CFrame.new(0, 1.1920928955078125e-07, 8.195638656616211e-08, 0.18392632901668549, 0.23408636450767517, -0.9546595215797424, -0.8146623373031616, 0.5797472596168518, -0.014797789976000786, 0.5499967336654663, 0.7804465293884277, 0.2973319888114929),
            ["RightLowerArm"] = CFrame.new(5.960464477539062e-07, 2.384185791015625e-07, 5.960464477539063e-08, 1, -5.960463766996327e-08, 1.1920927533992653e-07, 1.341104365337742e-07, -0.1703990250825882, -0.985375165939331, 1.639127589214695e-07, 0.985375165939331, -0.17039886116981506),
            ["LeftHand"] = CFrame.new(-7.636845111846924e-08, 3.5762786865234375e-07, 8.312053978443146e-08, 0.8572004437446594, 0.44840505719184875, 0.2532605826854706, -0.4249612092971802, 0.89369136095047, -0.14395524561405182, -0.2908875048160553, 0.015772340819239616, 0.9566274285316467),
            ["LeftFoot"] = CFrame.new(2.2186668502399698e-08, -1.1920928955078125e-07, 2.1187588572502136e-08, 0.9736683964729309, -0.22796837985515594, -0.000601273903157562, 0.2015801966190338, 0.8621879816055298, -0.46475550532341003, 0.10646799206733704, 0.45239630341529846, 0.885438859462738),
            ["LowerTorso"] = CFrame.new(-0.02077769860625267, -0.2661917209625244, 2.741580829024315e-08, 0.9999085068702698, -0.01288449577987194, 0.0041231419891119, 0.013391298241913319, 0.9859422445297241, -0.16654954850673676, -0.0019192722393199801, 0.16658951342105865, 0.9860245585441589),
            ["RightLowerLeg"] = CFrame.new(1.0337680578231812e-07, -0.000014662742614746094, -0.000035155739169567823, 1, -1.5273694486950262e-07, -1.154840560957382e-07, 1.1548399925231934e-07, 0.47754746675491333, 0.8786059617996216, -8.009374141693115e-08, -0.8786060810089111, 0.47754767537117004),
            ["LeftUpperLeg"] = CFrame.new(0, -3.0692899599671364e-07, 2.0605511963367462e-08, 0.9704696536064148, 0.21018262207508087, -0.11837224662303925, -0.2394021600484848, 0.8993909955024719, -0.365762859582901, 0.02958594262599945, 0.3833005428314209, 0.923149824142456),
            ["LeftLowerLeg"] = CFrame.new(-8.847564458847046e-09, 0.000015437602996826172, 0.0000351443886756897, 1, 6.3795610572015e-08, 2.6077039194660756e-08, -7.776543498039246e-08, 0.5047433972358704, 0.8632695078849792, 2.9802322387695312e-08, -0.8632694482803345, 0.5047433376312256),
        }},
        {Time = 0.068, Data = {
            ["RightFoot"] = CFrame.new(-3.053719410672784e-08, 3.5762786865234375e-07, -1.3271346688270569e-08, 0.9891784191131592, 0.1466163992881775, 0.005472602788358927, -0.12759549915790558, 0.8780672550201416, -0.46121299266815186, -0.07242661714553833, 0.4555234909057617, 0.8872726559638977),
            ["LeftLowerArm"] = CFrame.new(-2.682209014892578e-07, -1.1920928955078125e-07, -2.384185791015625e-07, 1, 1.1362129725966952e-07, -2.384185791015625e-07, -1.0058283805847168e-07, -0.36401841044425964, -0.9313917756080627, -1.862645149230957e-07, 0.9313918352127075, -0.36401838064193726),
            ["RightUpperArm"] = CFrame.new(0, -3.5762786865234375e-07, 2.60770320892334e-08, 0.19683332741260529, -0.8358900547027588, 0.5123913884162903, 0.9307667016983032, 0.3235464096069336, 0.17026734352111816, -0.30810725688934326, 0.4434022903442383, 0.8417030572891235),
            ["Head"] = CFrame.new(9.953510016202927e-09, -3.5762786865234375e-07, -2.6688212528824806e-08, 0.9978819489479065, -0.06501125544309616, 0.0022803177125751972, 0.06408586353063583, 0.9764525890350342, -0.2059938907623291, 0.011165298521518707, 0.20570383965969086, 0.9785506725311279),
            ["RightHand"] = CFrame.new(-1.043081283569336e-07, -3.5762786865234375e-07, 2.9802322387695312e-08, 0.7933321595191956, -0.5370139479637146, -0.28677624464035034, 0.5137215256690979, 0.8432866930961609, -0.1579795628786087, 0.32667163014411926, -0.021992849186062813, 0.9448819160461426),
            ["UpperTorso"] = CFrame.new(3.776222001761198e-09, 1.4901161193847656e-07, 3.300374373793602e-08, 0.9987208843231201, 0.05023797228932381, 0.005726594943553209, -0.0495295524597168, 0.9492233395576477, 0.31067970395088196, 0.010172102600336075, -0.3105659782886505, 0.9504973888397217),
            ["HumanoidRootPart"] = CFrame.new(0, 0, 0, 1, 0, 0, 0, 1, 0, 0, 0, 1),
            ["RightUpperLeg"] = CFrame.new(0, 1.904772943817079e-07, 1.4959368854761124e-08, 0.9728848934173584, -0.21664226055145264, -0.08100143820047379, 0.15449926257133484, 0.8693394660949707, -0.4694450795650482, 0.17211949825286865, 0.4442014694213867, 0.8792383670806885),
            ["LeftUpperArm"] = CFrame.new(1.1920928955078125e-07, 0, 9.243376553058624e-08, 0.11771681904792786, 0.4303450286388397, -0.8949558734893799, -0.8489047288894653, 0.5112329125404358, 0.13417010009288788, 0.5152704119682312, 0.7439382672309875, 0.4255024790763855),
            ["RightLowerArm"] = CFrame.new(-3.5762786865234375e-07, 3.5762786865234375e-07, 5.960464477539063e-08, 1, -1.1920926112907182e-07, 5.960465188081798e-08, 7.450580596923828e-08, -0.20295177400112152, -0.9791886806488037, 8.940696716308594e-08, 0.9791887998580933, -0.20295211672782898),
            ["LeftHand"] = CFrame.new(8.940696716308594e-08, 1.7881393432617188e-07, -5.587935447692871e-09, 0.8375584483146667, 0.4912901818752289, 0.23902034759521484, -0.4713509678840637, 0.8709893226623535, -0.13858282566070557, -0.27626851201057434, 0.003408984513953328, 0.9610744714736938),
            ["LeftFoot"] = CFrame.new(1.1526572052389383e-07, -1.7881393432617188e-07, 8.32369551062584e-09, 0.9740602970123291, -0.22600819170475006, -0.011273130774497986, 0.19849902391433716, 0.8772968053817749, -0.4369767904281616, 0.10865017771720886, 0.42340388894081116, 0.8994021415710449),
            ["LowerTorso"] = CFrame.new(-0.019365616142749786, -0.27046191692352295, 2.741580829024315e-08, 0.9999247193336487, -0.011681330390274525, 0.003756128717213869, 0.012019684538245201, 0.994036078453064, -0.10838717967271805, -0.0024676211178302765, 0.10842417180538177, 0.9941016435623169),
            ["RightLowerLeg"] = CFrame.new(-2.9802322387695312e-08, -0.000014662742614746094, -0.000035176228266209364, 1, -1.3038514623531228e-07, -8.940696716308594e-08, 1.7881399116959074e-07, 0.4678596556186676, 0.8838027715682983, -6.705524668859653e-08, -0.8838027715682983, 0.4678596258163452),
            ["LeftUpperLeg"] = CFrame.new(5.960464477539063e-08, 1.1343217920511961e-07, 2.0139850676059723e-08, 0.9568726420402527, 0.29035454988479614, 0.009437421336770058, -0.2542571723461151, 0.8527425527572632, -0.4562712609767914, -0.14052820205688477, 0.4341941177845001, 0.8897907137870789),
            ["LeftLowerLeg"] = CFrame.new(4.470348358154297e-08, 0.000015139579772949219, 0.00003489851951599121, 1, 8.940698137394065e-08, 4.470348358154297e-08, -4.4703494239684005e-08, 0.4980407655239105, 0.8671536445617676, 3.539026494081554e-08, -0.8671537041664124, 0.49804070591926575),
        }},
        {Time = 0.085, Data = {
            ["RightFoot"] = CFrame.new(2.342858351767063e-09, 2.980232238769531e-07, 1.57160684466362e-09, 0.9902339577674866, 0.1390121877193451, 0.010601271875202656, -0.12001156806945801, 0.8886421322822571, -0.44262000918388367, -0.07095030695199966, 0.4370250999927521, 0.8966466784477234),
            ["LeftLowerArm"] = CFrame.new(5.960464477539063e-08, -3.5762786865234375e-07, -1.1920928955078125e-07, 1, 1.5273681697181019e-07, -2.3469326038139116e-07, -1.0803339023368608e-07, -0.4823096692562103, -0.8760006427764893, -1.8998976258899347e-07, 0.8760008215904236, -0.4823099970817566),
            ["RightUpperArm"] = CFrame.new(1.1920928955078125e-07, 2.384185791015625e-07, -5.587935447692871e-09, 0.20496593415737152, -0.8793989419937134, 0.42970532178878784, 0.9377886652946472, 0.3021531105041504, 0.17104366421699524, -0.28025224804878235, 0.367914617061615, 0.8866214156150818),
            ["Head"] = CFrame.new(6.693881005048752e-09, -1.1920928955078125e-07, -2.2846506908535957e-08, 0.9974189400672913, -0.07176100462675095, 0.0024130779784172773, 0.07071752101182938, 0.9759873747825623, -0.20602865517139435, 0.012429689057171345, 0.205667644739151, 0.9785430431365967),
            ["RightHand"] = CFrame.new(-2.5331974029541016e-07, 0, -1.1920928955078125e-07, 0.8319118022918701, -0.5170071125030518, -0.20156048238277435, 0.48791277408599854, 0.8545302152633667, -0.17809897661209106, 0.26431792974472046, 0.04981862008571625, 0.9631480574607849),
            ["UpperTorso"] = CFrame.new(2.255546860396862e-10, -2.9802322387695312e-08, -1.7898855730891228e-09, 0.9982920289039612, 0.058030445128679276, 0.006755691487342119, -0.05790480971336365, 0.9674528241157532, 0.24633756279945374, 0.007759265601634979, -0.24630799889564514, 0.9691606163978577),
            ["HumanoidRootPart"] = CFrame.new(0, 0, 0, 1, 0, 0, 0, 1, 0, 0, 0, 1),
            ["RightUpperLeg"] = CFrame.new(2.9802322387695312e-08, 2.0823790691792965e-08, -5.471520125865936e-09, 0.923734724521637, -0.3121453523635864, -0.22198957204818726, 0.14440816640853882, 0.8205986022949219, -0.5529596209526062, 0.35476818680763245, 0.47873079776763916, 0.8030917644500732),
            ["LeftUpperArm"] = CFrame.new(-1.1920928955078125e-07, 0, -1.862645149230957e-08, 0.09524557739496231, 0.6166070699691772, -0.7814883589744568, -0.8541269898414612, 0.4538296163082123, 0.25398027896881104, 0.5112684369087219, 0.6432996988296509, 0.5698859691619873),
            ["RightLowerArm"] = CFrame.new(-2.9802322387695312e-08, 0, 0, 1, -5.960463056453591e-08, 1.1920928955078125e-07, 7.450579886381092e-08, -0.23041531443595886, -0.9730923771858215, 8.940695295223122e-08, 0.9730924367904663, -0.23041532933712006),
            ["LeftHand"] = CFrame.new(-7.450580596923828e-09, 3.5762786865234375e-07, 8.940696716308594e-08, 0.841867208480835, 0.5068256855010986, 0.18543939292430878, -0.4899541437625885, 0.8618268370628357, -0.1311444640159607, -0.22628426551818848, 0.019549667835235596, 0.9738651514053345),
            ["LeftFoot"] = CFrame.new(4.8457877710461617e-08, 1.7881393432617188e-07, -6.461050361394882e-09, 0.9761055707931519, -0.21610698103904724, -0.022712143138051033, 0.18888023495674133, 0.8954861164093018, -0.4030246436595917, 0.10743476450443268, 0.3891046941280365, 0.9149073362350464),
            ["LowerTorso"] = CFrame.new(-0.01800611801445484, -0.27378761768341064, 2.741580829024315e-08, 0.9999427795410156, -0.010164478793740273, 0.0033627632074058056, 0.010295749641954899, 0.9990795850753784, -0.04164358973503113, -0.0029363827779889107, 0.04167582839727402, 0.9991268515586853),
            ["RightLowerLeg"] = CFrame.new(-1.043081283569336e-07, -0.000014662742614746094, -0.000035194854717701674, 1, -1.7508864402770996e-07, -5.21540641784668e-08, 1.1175870895385742e-07, 0.4598115384578705, 0.8880164623260498, -9.685754776000977e-08, -0.8880165815353394, 0.4598117172718048),
            ["LeftUpperLeg"] = CFrame.new(0, 3.840250428766012e-08, -1.3271346688270569e-08, 0.9113343358039856, 0.3816583752632141, 0.1542939394712448, -0.2396492213010788, 0.7966011166572571, -0.5549728870391846, -0.33472076058387756, 0.4687894284725189, 0.8174341917037964),
            ["LeftLowerLeg"] = CFrame.new(-7.450580596923828e-08, 0.0000152587890625, 0.0000351443886756897, 1, 4.4703490686970326e-08, 6.705522537231445e-08, -7.450581307466564e-08, 0.49339738488197327, 0.8698041439056396, 2.980232594040899e-08, -0.8698040843009949, 0.49339723587036133),
        }},
        {Time = 0.102, Data = {
            ["RightFoot"] = CFrame.new(-2.36614141613245e-08, 3.5762786865234375e-07, -4.9069058150053024e-08, 0.9919202923774719, 0.1259835660457611, 0.014914830215275288, -0.10789335519075394, 0.8995903730392456, -0.42319735884666443, -0.06673306226730347, 0.4181689918041229, 0.905914843082428),
            ["LeftLowerArm"] = CFrame.new(-8.940696716308594e-08, -1.1920928955078125e-07, 0, 1, 1.043080928297968e-07, -2.682208162241295e-07, -1.4156101713069802e-07, -0.5726820826530457, -0.8197773694992065, -2.756714536644722e-07, 0.8197776079177856, -0.5726824402809143),
            ["RightUpperArm"] = CFrame.new(5.960464477539063e-08, 0, -2.2817403078079224e-08, 0.2219574898481369, -0.9114996790885925, 0.3462705612182617, 0.9442765116691589, 0.2894645035266876, 0.15669117867946625, -0.24305731058120728, 0.2921964228153229, 0.9249565005302429),
            ["Head"] = CFrame.new(-2.1886080503463745e-08, 1.1920928955078125e-07, -1.964508555829525e-08, 0.9968701601028442, -0.07902126014232635, 0.00239959335885942, 0.07781850546598434, 0.9754396080970764, -0.20606312155723572, 0.013942710123956203, 0.20560498535633087, 0.9785358309745789),
            ["RightHand"] = CFrame.new(1.1920928955078125e-07, 5.960464477539063e-08, 5.960464477539063e-08, 0.8660919070243835, -0.4876478314399719, -0.10993096232414246, 0.46070876717567444, 0.8640165328979492, -0.2030339539051056, 0.1939907968044281, 0.12519992887973785, 0.9729812741279602),
            ["UpperTorso"] = CFrame.new(3.2378011383116245e-09, -5.960464477539063e-08, -4.412868293002248e-09, 0.9978521466255188, 0.06502838432788849, 0.007901402190327644, -0.06539998203516006, 0.9820723533630371, 0.17679575085639954, 0.0037369923666119576, -0.17693273723125458, 0.9842159152030945),
            ["HumanoidRootPart"] = CFrame.new(0, 0, 0, 1, 0, 0, 0, 1, 0, 0, 0, 1),
            ["RightUpperLeg"] = CFrame.new(2.9802322387695312e-08, -1.5748082660138607e-07, -7.683411240577698e-09, 0.8379172086715698, -0.40885719656944275, -0.3615666925907135, 0.10355699062347412, 0.76951664686203, -0.6301748156547546, 0.5358831882476807, 0.49059146642684937, 0.6871310472488403),
            ["LeftUpperArm"] = CFrame.new(0, 2.384185791015625e-07, -1.3969838619232178e-09, 0.14228516817092896, 0.7663399577140808, -0.6264810562133789, -0.8401949405670166, 0.4281090795993805, 0.33285897970199585, 0.5232853889465332, 0.4790050685405731, 0.7047882080078125),
            ["RightLowerArm"] = CFrame.new(5.960464477539063e-08, -3.5762786865234375e-07, 5.960464477539063e-08, 1, -1.6391273049976007e-07, 1.7881389169360773e-07, 8.940696716308594e-08, -0.24933886528015137, -0.9684163331985474, 1.1175870895385742e-07, 0.9684163331985474, -0.2493390589952469),
            ["LeftHand"] = CFrame.new(7.450580596923828e-09, 2.980232238769531e-07, -5.960464477539063e-08, 0.8714831471443176, 0.4807750880718231, 0.09681495279073715, -0.4675091505050659, 0.8740519881248474, -0.13216543197631836, -0.1481630951166153, 0.06991805136203766, 0.9864883422851562),
            ["LeftFoot"] = CFrame.new(1.1204974725842476e-08, 5.960464477539063e-08, 1.1204974725842476e-08, 0.9798624515533447, -0.19703146815299988, -0.03237771987915039, 0.17173029482364655, 0.9143120646476746, -0.36680012941360474, 0.10187439620494843, 0.35385334491729736, 0.9297362565994263),
            ["LowerTorso"] = CFrame.new(-0.016681816428899765, -0.2762868404388428, 2.741580829024315e-08, 0.9999626278877258, -0.008095496334135532, 0.0030372566543519497, 0.008002656511962414, 0.9995349049568176, 0.029426123946905136, -0.0032740626484155655, -0.029400713741779327, 0.9995624423027039),
            ["RightLowerLeg"] = CFrame.new(2.9802322387695312e-08, -0.000014901161193847656, -0.00003522465704008937, 1, -1.1920926112907182e-07, -8.56816981809061e-08, 5.21540641784668e-08, 0.4530092477798462, 0.8915056586265564, -1.6391277313232422e-07, -0.891505777835846, 0.4530097246170044),
            ["LeftUpperLeg"] = CFrame.new(-2.9802322387695312e-08, -4.6711647883057594e-09, -5.820766091346741e-09, 0.8288367390632629, 0.4726700186729431, 0.29935377836227417, -0.18824803829193115, 0.7394503951072693, -0.646355926990509, -0.5268703699111938, 0.47937068343162537, 0.7018627524375916),
            ["LeftLowerLeg"] = CFrame.new(-1.341104507446289e-07, 0.0000152587890625, 0.000034928321838378906, 1, 6.332993507385254e-08, 4.470348358154297e-08, -8.940696716308594e-08, 0.49072742462158203, 0.871313214302063, 1.2665987014770508e-07, -0.871313214302063, 0.49072733521461487),
        }},
        {Time = 0.119, Data = {
            ["RightFoot"] = CFrame.new(-8.032657206058502e-09, 4.172325134277344e-07, 3.614695742726326e-08, 0.9939440488815308, 0.10847362130880356, 0.017570070922374725, -0.09206591546535492, 0.9093257188796997, -0.40577128529548645, -0.059992432594299316, 0.4016965925693512, 0.9138058423995972),
            ["LeftLowerArm"] = CFrame.new(-4.172325134277344e-07, -1.7881393432617188e-07, -1.1920928955078125e-07, 1, 8.940691031966708e-08, -3.0547371920874866e-07, -6.70552182668871e-08, -0.6215924024581909, -0.7833409905433655, -1.8626448650138627e-07, 0.7833408713340759, -0.6215923428535461),
            ["RightUpperArm"] = CFrame.new(0, 1.1920928955078125e-07, 2.2351741790771484e-08, 0.24243520200252533, -0.9326457381248474, 0.2672029137611389, 0.9502776265144348, 0.2837643325328827, 0.12825828790664673, -0.19544225931167603, 0.22282248735427856, 0.9550667405128479),
            ["Head"] = CFrame.new(-3.742752596735954e-08, -1.1920928955078125e-07, -1.743319444358349e-08, 0.9962403774261475, -0.08660338073968887, 0.0022542860824614763, 0.08520719408988953, 0.9748145341873169, -0.20609822869300842, 0.015651291236281395, 0.2055155634880066, 0.9785287380218506),
            ["RightHand"] = CFrame.new(-2.9802322387695312e-08, 0, 0, 0.8910714983940125, -0.45349663496017456, -0.01824498176574707, 0.43729421496391296, 0.8686097860336304, -0.2330031841993332, 0.12151363492012024, 0.19964401423931122, 0.9723048210144043),
            ["UpperTorso"] = CFrame.new(1.1932570487260818e-09, 2.9802322387695312e-08, -6.784830475226045e-09, 0.997438907623291, 0.07093505561351776, 0.0091587845236063, -0.07150734961032867, 0.9917526245117188, 0.1063648983836174, -0.0015382482670247555, -0.10674738883972168, 0.9942850470542908),
            ["HumanoidRootPart"] = CFrame.new(0, 0, 0, 1, 0, 0, 0, 1, 0, 0, 0, 1),
            ["RightUpperLeg"] = CFrame.new(-5.960464477539063e-08, 4.941393854096532e-07, -6.111804395914078e-09, 0.7217612266540527, -0.4956185519695282, -0.4831385612487793, 0.03574343025684357, 0.7237923741340637, -0.689091682434082, 0.6912186741828918, 0.48009055852890015, 0.5401203036308289),
            ["LeftUpperArm"] = CFrame.new(-1.1920928955078125e-07, -3.5762786865234375e-07, -1.0756775736808777e-07, 0.24737314879894257, 0.8593345284461975, -0.4476056396961212, -0.8233879208564758, 0.4299453794956207, 0.3703770935535431, 0.5107240080833435, 0.2769317328929901, 0.8139227032661438),
            ["RightLowerArm"] = CFrame.new(1.1920928955078125e-07, 0, 1.4901161193847656e-07, 1, -1.7881389169360773e-07, 1.6391273049976007e-07, 7.078050856534901e-08, -0.2576010525226593, -0.9662514328956604, 5.960463766996327e-08, 0.9662513136863708, -0.2576008439064026),
            ["LeftHand"] = CFrame.new(2.9802322387695312e-08, 2.384185791015625e-07, -1.7881393432617188e-07, 0.9085556268692017, 0.4177643954753876, -0.000019438570234342478, -0.4119582772254944, 0.8959212899208069, -0.1661781370639801, -0.06940559297800064, 0.1509903073310852, 0.9860958456993103),
            ["LeftFoot"] = CFrame.new(-2.3923348635435104e-08, -5.960464477539063e-08, -3.702007234096527e-08, 0.9846431016921997, -0.17035768926143646, -0.03816106915473938, 0.14822585880756378, 0.9312745332717896, -0.33280158042907715, 0.09223368763923645, 0.3220343589782715, 0.9422245025634766),
            ["LowerTorso"] = CFrame.new(-0.015375316143035889, -0.2780776023864746, 2.741580829024315e-08, 0.9999819993972778, -0.005253227427601814, 0.0028974274173378944, 0.004936055280268192, 0.9949422478675842, 0.10032741725444794, -0.003409815486520529, -0.1003112941980362, 0.9949503540992737),
            ["RightLowerLeg"] = CFrame.new(1.4901161193847656e-08, -0.000015139579772949219, -0.000035179953556507826, 1, -1.6391273049976007e-07, -2.2351745343485163e-08, 8.940698137394065e-08, 0.4470725655555725, 0.8944975137710571, -1.0430814256778831e-07, -0.8944976925849915, 0.4470730423927307),
            ["LeftUpperLeg"] = CFrame.new(0, 4.125613486394286e-07, -1.0244548320770264e-08, 0.7158106565475464, 0.551863968372345, 0.4278564453125, -0.10516364872455597, 0.6909242272377014, -0.7152373790740967, -0.6903301477432251, 0.4669795334339142, 0.552606999874115),
            ["LeftLowerLeg"] = CFrame.new(1.6391277313232422e-07, 0.00001531839370727539, 0.00003503262996673584, 1, 6.705521116145974e-08, -1.862644971595273e-08, -2.980232594040899e-08, 0.4899405539035797, 0.871755838394165, 1.0430814256778831e-07, -0.871755838394165, 0.4899406433105469),
        }},
        {Time = 0.136, Data = {
            ["RightFoot"] = CFrame.new(-1.1612428352236748e-08, 3.5762786865234375e-07, -1.0622898116707802e-09, 0.9958781599998474, 0.0888201966881752, 0.01837822236120701, -0.07452073693275452, 0.916750967502594, -0.39244645833969116, -0.05170542001724243, 0.3894594609737396, 0.9195913076400757),
            ["LeftLowerArm"] = CFrame.new(-1.1920928955078125e-07, 5.960464477539063e-08, 1.1920928955078125e-07, 1, 8.940692453052179e-08, -1.7881389169360773e-07, -1.4109535584339028e-07, -0.6219911575317383, -0.7830239534378052, -2.1606680888908159e-07, 0.7830243110656738, -0.6219915747642517),
            ["RightUpperArm"] = CFrame.new(5.960464477539063e-08, 1.1920928955078125e-07, 1.0989606380462646e-07, 0.2675604224205017, -0.9428328275680542, 0.19868974387645721, 0.9538995027542114, 0.2882888913154602, 0.08345885574817657, -0.1359679400920868, 0.16719962656497955, 0.9765024781227112),
            ["Head"] = CFrame.new(-7.683411240577698e-09, 0, 3.9261067286133766e-08, 0.9955400228500366, -0.09431924670934677, 0.001991588855162263, 0.09270251542329788, 0.9741225242614746, -0.20613457262516022, 0.01750241219997406, 0.20539990067481995, 0.9785217046737671),
            ["RightHand"] = CFrame.new(-8.940696716308594e-08, -5.960464477539063e-08, 2.253800630569458e-07, 0.9067877531051636, -0.4155057668685913, 0.0713493600487709, 0.4189302921295166, 0.8691027164459229, -0.2629798948764801, 0.047259621322155, 0.26835715770721436, 0.9621595144271851),
            ["UpperTorso"] = CFrame.new(5.820766091346741e-10, -5.960464477539063e-08, -1.5199475456029177e-08, 0.9970928430557251, 0.07546519488096237, 0.010531416162848473, -0.07582574337720871, 0.9963361024856567, 0.03955942019820213, -0.007507472299039364, -0.040242984890937805, 0.9991617798805237),
            ["HumanoidRootPart"] = CFrame.new(0, 0, 0, 1, 0, 0, 0, 1, 0, 0, 0, 1),
            ["RightUpperLeg"] = CFrame.new(0, 1.3640965335071087e-07, 1.2281816452741623e-08, 0.5911440849304199, -0.5648999214172363, -0.5757054686546326, -0.04652193561196327, 0.6887048482894897, -0.7235478162765503, 0.8052233457565308, 0.4545038938522339, 0.38084346055984497),
            ["LeftUpperArm"] = CFrame.new(0, 2.384185791015625e-07, 1.601874828338623e-07, 0.35876885056495667, 0.89556485414505, -0.2631514370441437, -0.8195220232009888, 0.43717077374458313, 0.3704935610294342, 0.4468429684638977, 0.08273696154356003, 0.8907783031463623),
            ["RightLowerArm"] = CFrame.new(-1.7881393432617188e-07, -1.1920928955078125e-07, -5.960464477539063e-08, 1, -8.940698137394065e-08, 1.1920926112907182e-07, -3.725290742551124e-09, -0.25471997261047363, -0.9670148491859436, 1.1175872316471214e-07, 0.9670148491859436, -0.25471988320350647),
            ["LeftHand"] = CFrame.new(2.8312206268310547e-07, 5.960464477539063e-08, 1.7881393432617188e-07, 0.9339613914489746, 0.3502986431121826, -0.07076407968997955, -0.35663846135139465, 0.9008840918540955, -0.2474195510149002, -0.02292049676179886, 0.2563176453113556, 0.9663208723068237),
            ["LeftFoot"] = CFrame.new(-5.4802512750029564e-08, 0, -4.547473508864641e-08, 0.9893575310707092, -0.14002032577991486, -0.03957359120249748, 0.12151946872472763, 0.9447100758552551, -0.30455872416496277, 0.08003006130456924, 0.2965084910392761, 0.9516712427139282),
            ["LowerTorso"] = CFrame.new(-0.014069227501749992, -0.2792779207229614, 2.741580829024315e-08, 0.9999942779541016, -0.0014353959122672677, 0.003070639446377754, 0.0009037417476065457, 0.9860226511955261, 0.1666090339422226, -0.0032668698113411665, -0.16660529375076294, 0.9860182404518127),
