return {
  ["nova belly shake"] = {
    {Time = 0.000, Data = {
      ["Head"] = CFrame.new(-0.003871, 0.068561, 0.117307, 0.998311, 0.005011, -0.057886, -0.002407, 0.998986, 0.044965, 0.058053, -0.044750, 0.997310),
      ["LeftFoot"] = CFrame.new(-0.000000, -0.014942, -0.000004, 0.978982, -0.155993, -0.131380, 0.160634, 0.986686, 0.025430, 0.125664, -0.046000, 0.991006),
      ["LeftHand"] = CFrame.new(0.000500, 0.000100, 0.000000, 0.999945, 0.009270, 0.004943, -0.009202, 0.999863, -0.013748, -0.005070, 0.013702, 0.999893),
      ["LeftLowerArm"] = CFrame.new(0.011010, -0.025235, 0.001412, 1.000000, 0.000000, 0.000000, 0.000000, 0.999987, -0.005007, 0.000000, 0.005007, 0.999987),
      ["LeftLowerLeg"] = CFrame.new(0.000000, -0.014493, -0.000091, 1.000000, 0.000000, 0.000000, 0.000000, 1.000000, 0.000000, 0.000000, 0.000000, 1.000000),
      ["LeftUpperArm"] = CFrame.new(0.146891, 0.043982, -0.013436, 0.998764, 0.001079, 0.049700, -0.000474, 0.999926, -0.012187, -0.049710, 0.012148, 0.998690),
      ["LeftUpperLeg"] = CFrame.new(0.007165, -0.135980, -0.073934, 0.975555, 0.175485, 0.132276, -0.171072, 0.984271, -0.044107, -0.137936, 0.020400, 0.990231),
      ["LowerTorso"] = CFrame.new(-0.089967, 0.141026, 0.183570, 0.999979, -0.005249, 0.003822, 0.005283, 0.999946, -0.008967, -0.003774, 0.008987, 0.999952),
      ["RightFoot"] = CFrame.new(0.000000, -0.034117, -0.000103, 0.965172, 0.200130, 0.168494, -0.209234, 0.977129, 0.037946, -0.157047, -0.071879, 0.984972),
      ["RightHand"] = CFrame.new(-0.000500, -0.000000, -0.000000, 0.998883, 0.046458, -0.008671, -0.046878, 0.997267, -0.057107, 0.005994, 0.057450, 0.998330),
      ["RightLowerArm"] = CFrame.new(-0.005341, -0.049324, 0.004914, 1.000000, -0.000000, 0.000000, 0.000000, 0.999992, 0.003971, -0.000000, -0.003971, 0.999992),
      ["RightLowerLeg"] = CFrame.new(-0.000000, -0.033773, -0.000420, 1.000000, 0.000000, 0.000000, 0.000000, 1.000000, 0.000000, 0.000000, 0.000000, 1.000000),
      ["RightUpperArm"] = CFrame.new(-0.119958, 0.060010, -0.000742, 0.998976, -0.019102, -0.041004, 0.020590, 0.999133, 0.036181, 0.040277, -0.036989, 0.998504),
      ["RightUpperLeg"] = CFrame.new(-0.016049, -0.111805, -0.092922, 0.972934, -0.191911, -0.128725, 0.191843, 0.981339, -0.013038, 0.128825, -0.012010, 0.991595),
      ["UpperTorso"] = CFrame.new(-0.031379, -0.044917, -0.028111, 0.999471, 0.022872, -0.023131, -0.022872, 0.999738, 0.000265, 0.023131, 0.000265, 0.999732)
    }},
    {Time = 0.017, Data = {
      ["Head"] = CFrame.new(-0.003871, 0.068561, 0.117307, 0.998311, 0.005011, -0.057886, -0.002407, 0.998986, 0.044965, 0.058053, -0.044750, 0.997310),
      ["LeftFoot"] = CFrame.new(-0.000000, -0.008245, -0.000004, 0.974141, -0.172841, -0.145520, 0.178542, 0.983563, 0.026972, 0.138467, -0.052256, 0.988988),
      ["LeftHand"] = CFrame.new(0.000500, 0.000100, 0.000000, 0.999944, 0.009272, 0.005028, -0.009200, 0.999860, -0.014007, -0.005157, 0.013960, 0.999889),
      ["LeftLowerArm"] = CFrame.new(0.011010, -0.025211, 0.001412, 1.000000, 0.000000, 0.000000, 0.000000, 0.999987, -0.005179, 0.000000, 0.005179, 0.999987),
      ["LeftLowerLeg"] = CFrame.new(-0.000000, -0.007818, -0.000003, 1.000000, 0.000000, 0.000000, 0.000000, 1.000000, 0.000000, 0.000000, 0.000000, 1.000000),
      ["LeftUpperArm"] = CFrame.new(0.146905, 0.043552, -0.013261, 0.998776, 0.001530, 0.049438, -0.000886, 0.999914, -0.013060, -0.049454, 0.013000, 0.998692),
      ["LeftUpperLeg"] = CFrame.new(0.007165, -0.135980, -0.073934, 0.962205, 0.232038, 0.142547, -0.226164, 0.972459, -0.056337, -0.151694, 0.021968, 0.988183),
      ["LowerTorso"] = CFrame.new(-0.066518, 0.141423, 0.185284, 0.998985, -0.044858, 0.004169, 0.044893, 0.998953, -0.008800, -0.003770, 0.008978, 0.999953),
      ["RightFoot"] = CFrame.new(-0.000000, -0.041198, -0.000103, 0.970426, 0.184652, 0.155488, -0.192890, 0.980423, 0.039548, -0.145141, -0.068370, 0.987046),
      ["RightHand"] = CFrame.new(-0.000500, -0.000000, -0.000000, 0.998879, 0.046543, -0.008677, -0.046965, 0.997253, -0.057279, 0.005987, 0.057622, 0.998321),
      ["RightLowerArm"] = CFrame.new(-0.005341, -0.049299, 0.004914, 1.000000, -0.000000, 0.000000, 0.000000, 0.999993, 0.003712, -0.000000, -0.003712, 0.999993),
      ["RightLowerLeg"] = CFrame.new(0.000000, -0.040812, -0.000511, 1.000000, 0.000000, 0.000000, 0.000000, 1.000000, 0.000000, 0.000000, 0.000000, 1.000000),
      ["RightUpperArm"] = CFrame.new(-0.119965, 0.059474, -0.000337, 0.998999, -0.019739, -0.040144, 0.021161, 0.999152, 0.035316, 0.039413, -0.036130, 0.998570),
      ["RightUpperLeg"] = CFrame.new(-0.016049, -0.111804, -0.092922, 0.983705, -0.136261, -0.117292, 0.136606, 0.990612, -0.005130, 0.116889, -0.010976, 0.993084),
      ["UpperTorso"] = CFrame.new(-0.040718, -0.043309, -0.029875, 0.997771, 0.062465, -0.023458, -0.062459, 0.998047, 0.000993, 0.023475, 0.000475, 0.999724)
    }},
    {Time = 0.033, Data = {
      ["Head"] = CFrame.new(-0.003871, 0.068561, 0.117307, 0.998311, 0.005011, -0.057886, -0.002407, 0.998986, 0.044965, 0.058053, -0.044750, 0.997310),
      ["LeftFoot"] = CFrame.new(0.000000, 0.001491, -0.000003, 0.959975, -0.214270, -0.180380, 0.219447, 0.975583, 0.009012, 0.174045, -0.048236, 0.983556),
      ["LeftHand"] = CFrame.new(0.000500, 0.000100, -0.000000, 0.999946, 0.009016, 0.005200, -0.008939, 0.999853, -0.014611, -0.005331, 0.014564, 0.999880),
      ["LeftLowerArm"] = CFrame.new(0.011010, -0.025142, 0.001412, 1.000000, 0.000000, 0.000000, 0.000000, 0.999982, -0.005956, 0.000000, 0.005956, 0.999982),
      ["LeftLowerLeg"] = CFrame.new(-0.000000, 0.006536, 0.000006, 1.000000, -0.000000, 0.000000, 0.000000, 0.998910, 0.046687, -0.000000, -0.046687, 0.998910),
      ["LeftUpperArm"] = CFrame.new(0.146946, 0.042282, -0.012742, 0.998815, 0.003053, 0.048563, -0.002298, 0.999876, -0.015598, -0.048604, 0.015468, 0.998698),
      ["LeftUpperLeg"] = CFrame.new(0.007165, -0.135981, -0.073934, 0.916319, 0.369493, 0.154387, -0.354816, 0.927867, -0.114752, -0.185650, 0.050370, 0.981324),
      ["LowerTorso"] = CFrame.new(-0.010760, 0.144897, 0.189938, 0.990297, -0.138879, 0.004993, 0.138917, 0.990269, -0.008305, -0.003791, 0.008918, 0.999953),
      ["RightFoot"] = CFrame.new(-0.000000, -0.060865, -0.000103, 0.980693, 0.149598, 0.125940, -0.156112, 0.986782, 0.043488, -0.117770, -0.062309, 0.991084),
      ["RightHand"] = CFrame.new(-0.000500, 0.000000, 0.000000, 0.998865, 0.046795, -0.008865, -0.047230, 0.997221, -0.057618, 0.006144, 0.057972, 0.998299),
      ["RightLowerArm"] = CFrame.new(-0.005341, -0.049223, 0.004914, 1.000000, -0.000000, 0.000000, 0.000000, 0.999996, 0.002935, -0.000000, -0.002935, 0.999996),
      ["RightLowerLeg"] = CFrame.new(-0.000000, -0.060349, -0.000763, 1.000000, 0.000000, 0.000000, 0.000000, 1.000000, 0.000000, 0.000000, 0.000000, 1.000000),
      ["RightUpperArm"] = CFrame.new(-0.119985, 0.057885, 0.000855, 0.999062, -0.021557, -0.037561, 0.022796, 0.999199, 0.032895, 0.036821, -0.033721, 0.998753),
      ["RightUpperLeg"] = CFrame.new(-0.016049, -0.111805, -0.092922, 0.995926, -0.004812, -0.090048, 0.005536, 0.999954, 0.007786, 0.090007, -0.008253, 0.995907),
      ["UpperTorso"] = CFrame.new(-0.062549, -0.036786, -0.034671, 0.987419, 0.156278, -0.024106, -0.156255, 0.987713, 0.002848, 0.024254, 0.000955, 0.999705)
    }},
    {Time = 0.050, Data = {
      ["Head"] = CFrame.new(-0.003871, 0.068561, 0.117307, 0.998311, 0.005011, -0.057886, -0.002407, 0.998986, 0.044965, 0.058053, -0.044750, 0.997310),
      ["LeftFoot"] = CFrame.new(-0.000000, 0.004066, -0.000003, 0.938379, -0.264408, -0.222561, 0.265537, 0.963766, -0.025403, 0.221213, -0.035261, 0.974588),
      ["LeftHand"] = CFrame.new(0.000500, 0.000100, 0.000000, 0.999947, 0.008761, 0.005456, -0.008675, 0.999840, -0.015648, -0.005592, 0.015600, 0.999863),
      ["LeftLowerArm"] = CFrame.new(0.011010, -0.025027, 0.001413, 1.000000, 0.000000, 0.000000, 0.000000, 0.999975, -0.007078, 0.000000, 0.007078, 0.999975),
      ["LeftLowerLeg"] = CFrame.new(0.000000, 0.017651, -0.000757, 1.000000, -0.000000, 0.000000, 0.000000, 0.991107, 0.133071, -0.000000, -0.133071, 0.991107),
      ["LeftUpperArm"] = CFrame.new(0.147009, 0.040199, -0.011890, 0.998877, 0.005383, 0.047068, -0.004455, 0.999794, -0.019791, -0.047165, 0.019559, 0.998696),
      ["LeftUpperLeg"] = CFrame.new(0.007165, -0.135980, -0.073934, 0.836739, 0.529101, 0.141138, -0.498399, 0.842604, -0.204004, -0.226862, 0.100355, 0.968743),
      ["LowerTorso"] = CFrame.new(0.055114, 0.153662, 0.196797, 0.968373, -0.249437, 0.005934, 0.249478, 0.968350, -0.007688, -0.003829, 0.008925, 0.999953),
      ["RightFoot"] = CFrame.new(-0.000000, -0.088853, -0.000103, 0.989196, 0.112166, 0.094398, -0.117091, 0.991944, 0.048348, -0.088215, -0.058879, 0.994360),
      ["RightHand"] = CFrame.new(-0.000500, 0.000000, 0.000000, 0.998843, 0.047219, -0.009064, -0.047668, 0.997165, -0.058216, 0.006290, 0.058581, 0.998263),
      ["RightLowerArm"] = CFrame.new(-0.005341, -0.049098, 0.004913, 1.000000, -0.000000, 0.000000, 0.000000, 0.999999, 0.001640, -0.000000, -0.001640, 0.999999),
      ["RightLowerLeg"] = CFrame.new(0.000000, -0.088169, -0.001124, 1.000000, 0.000000, 0.000000, 0.000000, 1.000000, 0.000000, 0.000000, 0.000000, 1.000000),
      ["RightUpperArm"] = CFrame.new(-0.120005, 0.055272, 0.002802, 0.999144, -0.024629, -0.033247, 0.025594, 0.999254, 0.028927, 0.032509, -0.029753, 0.999028),
      ["RightUpperLeg"] = CFrame.new(-0.016049, -0.111805, -0.092922, 0.987312, 0.146976, -0.060108, -0.146444, 0.989131, 0.013176, 0.061391, -0.004206, 0.998105),
      ["UpperTorso"] = CFrame.new(-0.087202, -0.024160, -0.041736, 0.963533, 0.266453, -0.024646, -0.266407, 0.963847, 0.005173, 0.025133, 0.001581, 0.999683)
    }},
    {Time = 0.067, Data = {
      ["Head"] = CFrame.new(-0.003871, 0.068562, 0.117307, 0.998311, 0.005011, -0.057886, -0.002407, 0.998986, 0.044965, 0.058053, -0.044750, 0.997310),
      ["LeftFoot"] = CFrame.new(0.000000, 0.004409, -0.000003, 0.916916, -0.305288, -0.257029, 0.309418, 0.950591, -0.025265, 0.252042, -0.056364, 0.966073),
      ["LeftHand"] = CFrame.new(0.000500, 0.000100, 0.000000, 0.999948, 0.008337, 0.005885, -0.008236, 0.999821, -0.017029, -0.006026, 0.016980, 0.999838),
      ["LeftLowerArm"] = CFrame.new(0.011010, -0.024868, 0.001414, 1.000000, 0.000000, 0.000000, 0.000000, 0.999963, -0.008632, 0.000000, 0.008632, 0.999963),
      ["LeftLowerLeg"] = CFrame.new(0.000000, 0.019273, -0.000937, 1.000000, -0.000000, 0.000000, 0.000000, 0.989283, 0.146009, -0.000000, -0.146009, 0.989283),
      ["LeftUpperArm"] = CFrame.new(0.147091, 0.037328, -0.010717, 0.998944, 0.008685, 0.045114, -0.007538, 0.999645, -0.025553, -0.045320, 0.025186, 0.998655),
      ["LeftUpperLeg"] = CFrame.new(0.007165, -0.135981, -0.073934, 0.751604, 0.647002, 0.128372, -0.605943, 0.754142, -0.253186, -0.260623, 0.112510, 0.958862),
      ["LowerTorso"] = CFrame.new(0.109352, 0.164797, 0.205125, 0.940523, -0.339665, 0.006601, 0.339709, 0.940503, -0.007170, -0.003773, 0.008986, 0.999952),
      ["RightFoot"] = CFrame.new(0.000000, -0.115449, -0.000103, 0.993824, 0.084892, 0.071466, -0.088795, 0.994621, 0.053337, -0.066553, -0.059353, 0.996016),
      ["RightHand"] = CFrame.new(-0.000500, 0.000000, 0.000000, 0.998812, 0.047808, -0.009448, -0.048284, 0.997086, -0.059067, 0.006596, 0.059453, 0.998209),
      ["RightLowerArm"] = CFrame.new(-0.005341, -0.048925, 0.004913, 1.000000, 0.000000, 0.000000, 0.000000, 1.000000, 0.000000, 0.000000, 0.000000, 1.000000),
      ["RightLowerLeg"] = CFrame.new(-0.000000, -0.114659, -0.001474, 1.000000, 0.000000, 0.000000, 0.000000, 1.000000, 0.000000, 0.000000, 0.000000, 1.000000),
      ["RightUpperArm"] = CFrame.new(-0.120010, 0.051657, 0.005468, 0.999207, -0.028935, -0.027359, 0.029576, 0.999290, 0.023337, 0.026664, -0.024128, 0.999353),
      ["RightUpperLeg"] = CFrame.new(-0.016049, -0.111805, -0.092922, 0.962826, 0.267254, -0.039249, -0.267049, 0.963626, 0.010481, 0.040623, 0.000390, 0.999174),
      ["UpperTorso"] = CFrame.new(-0.106091, -0.009724, -0.050265, 0.934101, 0.356138, -0.024913, -0.356071, 0.934431, 0.007220, 0.025850, 0.002127, 0.999664)
    }},
    {Time = 0.083, Data = {
      ["Head"] = CFrame.new(-0.003871, 0.068562, 0.117307, 0.998311, 0.005011, -0.057886, -0.002407, 0.998986, 0.044965, 0.058053, -0.044750, 0.997310),
      ["LeftFoot"] = CFrame.new(-0.000000, 0.004121, -0.000003, 0.907584, -0.321201, -0.270408, 0.329711, 0.943968, -0.014657, 0.259965, -0.075854, 0.962634),
      ["LeftHand"] = CFrame.new(0.000500, 0.000100, 0.000000, 0.999949, 0.007829, 0.006401, -0.007708, 0.999793, -0.018842, -0.006547, 0.018792, 0.999802),
      ["LeftLowerArm"] = CFrame.new(0.011010, -0.024666, 0.001416, 1.000000, 0.000000, 0.000000, 0.000000, 0.999943, -0.010704, 0.000000, 0.010704, 0.999943),
      ["LeftLowerLeg"] = CFrame.new(-0.000000, 0.017914, -0.000785, 1.000000, -0.000000, 0.000000, 0.000000, 0.990828, 0.135128, -0.000000, -0.135128, 0.990828),
      ["LeftUpperArm"] = CFrame.new(0.147184, 0.033694, -0.009237, 0.999014, 0.012778, 0.042516, -0.011383, 0.999395, -0.032876, -0.042910, 0.032359, 0.998555),
      ["LeftUpperLeg"] = CFrame.new(0.007165, -0.135980, -0.073934, 0.712340, 0.690986, 0.122926, -0.646239, 0.714093, -0.269159, -0.273765, 0.112293, 0.955219),
      ["LowerTorso"] = CFrame.new(0.131755, 0.170466, 0.214188, 0.926339, -0.376629, 0.006878, 0.376672, 0.926321, -0.006835, -0.003797, 0.008922, 0.999953),
      ["RightFoot"] = CFrame.new(-0.000000, -0.127367, -0.000104, 0.995244, 0.074524, 0.062726, -0.078186, 0.995244, 0.058098, -0.058098, -0.062726, 0.996338),
      ["RightHand"] = CFrame.new(-0.000500, -0.000000, -0.000000, 0.998767, 0.048655, -0.009843, -0.049160, 0.996982, -0.060088, 0.006890, 0.060498, 0.998145),
      ["RightLowerArm"] = CFrame.new(-0.005341, -0.048704, 0.004913, 1.000000, 0.000000, 0.000000, 0.000000, 0.999997, -0.002244, 0.000000, 0.002244, 0.999997),
      ["RightLowerLeg"] = CFrame.new(-0.000000, -0.126538, -0.001631, 1.000000, 0.000000, 0.000000, 0.000000, 1.000000, 0.000000, 0.000000, 0.000000, 1.000000),
      ["RightUpperArm"] = CFrame.new(-0.119980, 0.047058, 0.008821, 0.999213, -0.034270, -0.019965, 0.034599, 0.999267, 0.016404, 0.019388, -0.017082, 0.999666),
      ["RightUpperLeg"] = CFrame.new(-0.016049, -0.111805, -0.092922, 0.948418, 0.315335, -0.032676, -0.315327, 0.948967, 0.005551, 0.032759, 0.005039, 0.999451),
      ["UpperTorso"] = CFrame.new(-0.113389, -0.002720, -0.059419, 0.919239, 0.392908, -0.024966, -0.392834, 0.919575, 0.008018, 0.026109, 0.002437, 0.999656)
    }},
    {Time = 0.100, Data = {
      ["Head"] = CFrame.new(-0.003871, 0.068561, 0.117307, 0.998311, 0.005011, -0.057886, -0.002407, 0.998986, 0.044965, 0.058053, -0.044750, 0.997310),
      ["LeftFoot"] = CFrame.new(-0.000000, 0.004333, -0.000003, 0.915360, -0.307990, -0.259342, 0.318844, 0.947807, -0.000224, 0.245875, -0.082484, 0.965786),
      ["LeftHand"] = CFrame.new(0.000500, 0.000100, -0.000000, 0.999950, 0.007152, 0.007004, -0.007004, 0.999755, -0.021000, -0.007152, 0.020950, 0.999755),
      ["LeftLowerArm"] = CFrame.new(0.011010, -0.024420, 0.001418, 1.000000, 0.000000, 0.000000, 0.000000, 0.999914, -0.013121, 0.000000, 0.013121, 0.999914),
      ["LeftLowerLeg"] = CFrame.new(0.000000, 0.018914, -0.000896, 1.000000, -0.000000, 0.000000, 0.000000, 0.989709, 0.143098, -0.000000, -0.143098, 0.989709),
      ["LeftUpperArm"] = CFrame.new(0.147280, 0.029317, -0.007466, 0.999072, 0.017731, 0.039254, -0.016092, 0.999002, -0.041665, -0.039954, 0.040995, 0.998360),
      ["LeftUpperLeg"] = CFrame.new(0.007165, -0.135980, -0.073934, 0.738635, 0.665008, 0.110381, -0.608752, 0.728355, -0.314515, -0.289552, 0.165117, 0.942813),
      ["LowerTorso"] = CFrame.new(0.118697, 0.167336, 0.240253, 0.934679, -0.355374, -0.009194, 0.355481, 0.934123, 0.032359, -0.002912, -0.033514, 0.999434),
      ["RightFoot"] = CFrame.new(0.000000, -0.119087, -0.000104, 0.994603, 0.079396, 0.066795, -0.084275, 0.993713, 0.073706, -0.060523, -0.078938, 0.995041),
      ["RightHand"] = CFrame.new(-0.000500, 0.000000, 0.000000, 0.998717, 0.049583, -0.010335, -0.050126, 0.996856, -0.061365, 0.007260, 0.061805, 0.998062),
      ["RightLowerArm"] = CFrame.new(-0.005341, -0.048437, 0.004914, 1.000000, 0.000000, 0.000000, 0.000000, 0.999988, -0.004920, 0.000000, 0.004920, 0.999988),
      ["RightLowerLeg"] = CFrame.new(0.000000, -0.118286, -0.001522, 1.000000, 0.000000, 0.000000, 0.000000, 1.000000, 0.000000, 0.000000, 0.000000, 1.000000),
      ["RightUpperArm"] = CFrame.new(-0.119889, 0.041493, 0.012822, 0.999112, -0.040690, -0.010957, 0.040779, 0.999136, 0.008065, 0.010619, -0.008505, 0.999907),
      ["RightUpperLeg"] = CFrame.new(-0.016049, -0.111805, -0.092922, 0.956721, 0.288240, -0.040033, -0.290073, 0.955596, -0.051902, 0.023295, 0.061268, 0.997849),
      ["UpperTorso"] = CFrame.new(-0.109073, -0.004093, -0.068571, 0.927987, 0.371835, -0.024057, -0.372496, 0.927377, -0.034908, 0.009330, 0.041355, 0.999101)
    }},
    {Time = 0.117, Data = {
      ["Head"] = CFrame.new(-0.003871, 0.068561, 0.117307, 0.998311, 0.005011, -0.057886, -0.002407, 0.998986, 0.044965, 0.058053, -0.044750, 0.997310),
      ["LeftFoot"] = CFrame.new(-0.000000, 0.004062, -0.000003, 0.933538, -0.274232, -0.230875, 0.290648, 0.956006, 0.039692, 0.209833, -0.104157, 0.972174),
      ["LeftHand"] = CFrame.new(0.000500, 0.000100, -0.000000, 0.999949, 0.006394, 0.007780, -0.006208, 0.999702, -0.023589, -0.007929, 0.023539, 0.999691),
      ["LeftLowerArm"] = CFrame.new(0.011010, -0.024133, 0.001422, 1.000000, 0.000000, 0.000000, 0.000000, 0.999873, -0.015969, 0.000000, 0.015969, 0.999873),
      ["LeftLowerLeg"] = CFrame.new(-0.000000, 0.017638, -0.000756, 1.000000, -0.000000, 0.000000, 0.000000, 0.991118, 0.132985, -0.000000, -0.132985, 0.991118),
      ["LeftUpperArm"] = CFrame.new(0.147372, 0.024220, -0.005418, 0.999093, 0.023533, 0.035480, -0.021674, 0.998416, -0.051913, -0.036645, 0.051097, 0.998021),
      ["LeftUpperLeg"] = CFrame.new(0.007165, -0.135980, -0.073934, 0.802747, 0.588107, 0.098629, -0.507474, 0.760594, -0.404929, -0.313158, 0.275004, 0.909013),
      ["LowerTorso"] = CFrame.new(0.081985, 0.162516, 0.288970, 0.954848, -0.294512, -0.039083, 0.297093, 0.946130, 0.128739, -0.000937, -0.134537, 0.990908),
      ["RightFoot"] = CFrame.new(0.000000, -0.100085, -0.000104, 0.992353, 0.094434, 0.079479, -0.102569, 0.989125, 0.105410, -0.068660, -0.112756, 0.991248),
      ["RightHand"] = CFrame.new(-0.000500, -0.000000, 0.000000, 0.998655, 0.050679, -0.010927, -0.051268, 0.996702, -0.062897, 0.007703, 0.063373, 0.997960),
      ["RightLowerArm"] = CFrame.new(-0.005341, -0.048124, 0.004916, 1.000000, 0.000000, 0.000000, 0.000000, 0.999967, -0.008114, 0.000000, 0.008114, 0.999967),
      ["RightLowerLeg"] = CFrame.new(0.000000, -0.099350, -0.001271, 1.000000, 0.000000, 0.000000, 0.000000, 1.000000, 0.000000, 0.000000, 0.000000, 1.000000),
      ["RightUpperArm"] = CFrame.new(-0.119708, 0.034972, 0.017434, 0.998844, -0.048068, -0.000392, 0.048067, 0.998843, -0.001650, 0.000471, 0.001629, 0.999999),
      ["RightUpperLeg"] = CFrame.new(-0.016049, -0.111804, -0.092922, 0.975882, 0.211235, -0.055085, -0.217855, 0.958474, -0.184031, 0.013924, 0.191593, 0.981376),
      ["UpperTorso"] = CFrame.new(-0.096788, -0.006354, -0.078056, 0.949215, 0.313863, -0.021933, -0.313827, 0.939521, -0.137157, -0.022443, 0.137075, 0.990306)
    }},
    {Time = 0.133, Data = {
      ["Head"] = CFrame.new(-0.003871, 0.068561, 0.117307, 0.998311, 0.005011, -0.057886, -0.002407, 0.998986, 0.044965, 0.058053, -0.044750, 0.997310),
      ["LeftFoot"] = CFrame.new(-0.000000, 0.001164, -0.000003, 0.955290, -0.226156, -0.190456, 0.251705, 0.960015, 0.122537, 0.155129, -0.164997, 0.974018),
      ["LeftHand"] = CFrame.new(0.000500, 0.000100, -0.000000, 0.999948, 0.005552, 0.008560, -0.005324, 0.999636, -0.026435, -0.008703, 0.026388, 0.999614),
      ["LeftLowerArm"] = CFrame.new(0.011010, -0.023805, 0.001428, 1.000000, 0.000000, 0.000000, 0.000000, 0.999815, -0.019249, 0.000000, 0.019249, 0.999815),
      ["LeftLowerLeg"] = CFrame.new(-0.000000, 0.005257, 0.000043, 1.000000, -0.000000, 0.000000, 0.000000, 0.999311, 0.037112, -0.000000, -0.037112, 0.999311),
      ["LeftUpperArm"] = CFrame.new(0.147447, 0.018422, -0.003112, 0.999067, 0.029995, 0.031086, -0.027971, 0.997583, -0.063606, -0.032918, 0.062677, 0.997491),
      ["LeftUpperLeg"] = CFrame.new(0.007165, -0.135981, -0.073934, 0.880513, 0.461222, 0.109411, -0.362531, 0.803939, -0.471438, -0.305397, 0.375442, 0.875086),
      ["LowerTorso"] = CFrame.new(0.026725, 0.162500, 0.343276, 0.977888, -0.201944, -0.054351, 0.209125, 0.946129, 0.247199, 0.001503, -0.253099, 0.967439),
      ["RightFoot"] = CFrame.new(0.000000, -0.079043, -0.000104, 0.987665, 0.119799, 0.100825, -0.133523, 0.980720, 0.142692, -0.081786, -0.154394, 0.984618),
      ["RightHand"] = CFrame.new(-0.000500, -0.000000, 0.000000, 0.998582, 0.051943, -0.011616, -0.052587, 0.996525, -0.064597, 0.008220, 0.065117, 0.997844),
      ["RightLowerArm"] = CFrame.new(-0.005341, -0.047767, 0.004919, 1.000000, 0.000000, 0.000000, 0.000000, 0.999932, -0.011653, 0.000000, 0.011653, 0.999932),
      ["RightLowerLeg"] = CFrame.new(0.000000, -0.078409, -0.000996, 1.000000, 0.000000, 0.000000, 0.000000, 1.000000, 0.000000, 0.000000, 0.000000, 1.000000),
      ["RightUpperArm"] = CFrame.new(-0.119405, 0.027507, 0.022616, 0.998343, -0.056357, 0.011585, 0.056503, 0.998321, -0.012712, -0.010849, 0.013346, 0.999852),
      ["RightUpperLeg"] = CFrame.new(-0.016049, -0.111805, -0.092922, 0.993333, 0.091500, -0.070131, -0.110087, 0.933449, -0.341400, 0.034226, 0.346844, 0.937298),
      ["UpperTorso"] = CFrame.new(-0.077230, -0.007330, -0.087863, 0.973858, 0.226348, -0.019181, -0.223562, 0.940047, -0.257549, -0.040265, 0.255104, 0.966075)
    }},
    {Time = 0.150, Data = {
      ["Head"] = CFrame.new(-0.003871, 0.068561, 0.117307, 0.998311, 0.005011, -0.057886, -0.002407, 0.998986, 0.044965, 0.058053, -0.044750, 0.997310),
      ["LeftFoot"] = CFrame.new(-0.000000, -0.016039, -0.000003, 0.973906, -0.173587, -0.146201, 0.197371, 0.965820, 0.168035, 0.112035, -0.192506, 0.974879),
      ["LeftHand"] = CFrame.new(0.000500, 0.000100, -0.000000, 0.999944, 0.004630, 0.009514, -0.004346, 0.999549, -0.029713, -0.009647, 0.029670, 0.999513),
      ["LeftLowerArm"] = CFrame.new(0.011010, -0.023438, 0.001435, 1.000000, 0.000000, 0.000000, 0.000000, 0.999736, -0.022960, 0.000000, 0.022960, 0.999736),
      ["LeftLowerLeg"] = CFrame.new(-0.000000, -0.015584, -0.000106, 1.000000, 0.000000, 0.000000, 0.000000, 1.000000, 0.000000, 0.000000, 0.000000, 1.000000),
      ["LeftUpperArm"] = CFrame.new(0.147496, 0.011943, -0.000567, 0.998966, 0.037267, 0.026040, -0.035172, 0.996431, -0.076731, -0.028807, 0.075736, 0.996712),
      ["LeftUpperLeg"] = CFrame.new(0.007165, -0.135980, -0.073934, 0.946803, 0.304525, 0.104065, -0.204415, 0.818846, -0.536383, -0.248555, 0.486576, 0.837535),
      ["LowerTorso"] = CFrame.new(-0.039152, 0.168017, 0.386571, 0.994965, -0.092599, -0.038351, 0.100163, 0.932256, 0.347657, 0.003561, -0.349748, 0.936837),
      ["RightFoot"] = CFrame.new(0.000000, -0.060208, -0.000104, 0.979617, 0.153688, 0.129349, -0.175004, 0.969079, 0.173955, -0.098615, -0.193046, 0.976222),
      ["RightHand"] = CFrame.new(-0.000500, 0.000000, -0.000000, 0.998502, 0.053288, -0.012401, -0.053997, 0.996327, -0.066466, 0.008814, 0.067036, 0.997712),
      ["RightLowerArm"] = CFrame.new(-0.005341, -0.047366, 0.004924, 1.000000, 0.000000, 0.000000, 0.000000, 0.999878, -0.015624, 0.000000, 0.015624, 0.999878),
      ["RightLowerLeg"] = CFrame.new(-0.000000, -0.059701, -0.000755, 1.000000, 0.000000, 0.000000, 0.000000, 1.000000, 0.000000, 0.000000, 0.000000, 1.000000),
      ["RightUpperArm"] = CFrame.new(-0.118944, 0.019108, 0.028326, 0.997537, -0.065506, 0.025087, 0.066130, 0.997500, -0.024907, -0.023392, 0.026505, 0.999375),
      ["RightUpperLeg"] = CFrame.new(-0.016049, -0.111804, -0.092922, 0.995141, -0.059107, -0.078745, 0.014806, 0.880505, -0.473805, 0.097341, 0.470337, 0.877102),
      ["UpperTorso"] = CFrame.new(-0.051691, -0.006655, -0.096132, 0.992912, 0.117690, -0.016559, -0.115844, 0.927234, -0.356113, -0.026557, 0.355507, 0.934296)
    }},
    {Time = 0.167, Data = {
      ["Head"] = CFrame.new(-0.003871, 0.068561, 0.117307, 0.998311, 0.005011, -0.057886, -0.002407, 0.998986, 0.044965, 0.058053, -0.044750, 0.997310),
      ["LeftFoot"] = CFrame.new(0.000000, -0.040020, -0.000003, 0.986476, -0.125370, -0.105580, 0.142590, 0.974078, 0.175612, 0.080827, -0.188292, 0.978781),
      ["LeftHand"] = CFrame.new(0.000500, 0.000100, 0.000000, 0.999938, 0.003543, 0.010560, -0.003189, 0.999439, -0.033333, -0.010672, 0.033297, 0.999389),
      ["LeftLowerArm"] = CFrame.new(0.011010, -0.023030, 0.001445, 1.000000, 0.000000, 0.000000, 0.000000, 0.999635, -0.027016, 0.000000, 0.027016, 0.999635),
      ["LeftLowerLeg"] = CFrame.new(-0.000000, -0.039483, -0.000423, 1.000000, 0.000000, 0.000000, 0.000000, 1.000000, 0.000000, 0.000000, 0.000000, 1.000000),
      ["LeftUpperArm"] = CFrame.new(0.147507, 0.004802, 0.002197, 0.998777, 0.045066, 0.020327, -0.043037, 0.994912, -0.091096, -0.024328, 0.090110, 0.995635),
      ["LeftUpperLeg"] = CFrame.new(0.007165, -0.135980, -0.073934, 0.985893, 0.135621, 0.098092, -0.058521, 0.828370, -0.557116, -0.156813, 0.543516, 0.824621),
      ["LowerTorso"] = CFrame.new(-0.108198, 0.172518, 0.404085, 0.999798, 0.019797, 0.003571, -0.019626, 0.920927, 0.389241, 0.004417, -0.389233, 0.921129),
      ["RightFoot"] = CFrame.new(-0.000000, -0.042144, -0.000104, 0.967216, 0.194275, 0.163554, -0.223815, 0.956423, 0.187515, -0.119998, -0.217973, 0.968550),
      ["RightHand"] = CFrame.new(-0.000500, -0.000000, 0.000000, 0.998405, 0.054887, -0.013205, -0.055667, 0.996091, -0.068590, 0.009389, 0.069216, 0.997558),
      ["RightLowerArm"] = CFrame.new(-0.005341, -0.046923, 0.004931, 1.000000, 0.000000, 0.000000, 0.000000, 0.999798, -0.020112, 0.000000, 0.020112, 0.999798),
      ["RightLowerLeg"] = CFrame.new(-0.000000, -0.041756, -0.000524, 1.000000, 0.000000, 0.000000, 0.000000, 1.000000, 0.000000, 0.000000, 0.000000, 1.000000),
      ["RightUpperArm"] = CFrame.new(-0.118287, 0.009784, 0.034517, 0.996354, -0.075372, 0.039973, 0.076904, 0.996303, -0.038283, -0.036940, 0.041218, 0.998467),
      ["RightUpperLeg"] = CFrame.new(-0.016049, -0.111804, -0.092922, 0.970811, -0.225255, -0.082373, 0.146475, 0.828779, -0.540066, 0.189921, 0.512236, 0.837582),
      ["UpperTorso"] = CFrame.new(-0.022552, -0.006819, -0.100079, 0.999889, -0.002001, -0.014748, -0.004029, 0.917523, -0.397663, 0.014327, 0.397679, 0.917413)
    }},
    {Time = 0.183, Data = {
      ["Head"] = CFrame.new(-0.003871, 0.068561, 0.117307, 0.998311, 0.005011, -0.057886, -0.002407, 0.998986, 0.044965, 0.058053, -0.044750, 0.997310),
      ["LeftFoot"] = CFrame.new(-0.000000, -0.063343, -0.000003, 0.993886, -0.084426, -0.071158, 0.095083, 0.982053, 0.162882, 0.056130, -0.168652, 0.984076),
      ["LeftHand"] = CFrame.new(0.000500, 0.000100, 0.000000, 0.999929, 0.002462, 0.011696, -0.002026, 0.999305, -0.037211, -0.011779, 0.037185, 0.999239),
      ["LeftLowerArm"] = CFrame.new(0.011010, -0.022585, 0.001457, 1.000000, 0.000000, 0.000000, 0.000000, 0.999504, -0.031504, 0.000000, 0.031504, 0.999504),
      ["LeftLowerLeg"] = CFrame.new(-0.000000, -0.062725, -0.000731, 1.000000, 0.000000, 0.000000, 0.000000, 1.000000, 0.000000, 0.000000, 0.000000, 1.000000),
      ["LeftUpperArm"] = CFrame.new(0.147466, -0.002983, 0.005158, 0.998464, 0.053625, 0.013905, -0.051843, 0.992940, -0.106686, -0.019528, 0.105801, 0.994196),
      ["LeftUpperLeg"] = CFrame.new(0.007165, -0.135980, -0.073934, 0.995220, -0.030310, 0.092837, 0.074132, 0.853315, -0.516099, -0.063576, 0.520514, 0.851483),
      ["LowerTorso"] = CFrame.new(-0.176546, 0.173086, 0.392572, 0.990290, 0.130437, 0.048091, -0.138968, 0.919395, 0.367968, 0.003782, -0.371078, 0.928594),
      ["RightFoot"] = CFrame.new(-0.000000, -0.025032, -0.000104, 0.949424, 0.240211, 0.202221, -0.277123, 0.943835, 0.179938, -0.147640, -0.226877, 0.962668),
      ["RightHand"] = CFrame.new(-0.000500, -0.000000, 0.000000, 0.998298, 0.056564, -0.014193, -0.057432, 0.995830, -0.070879, 0.010124, 0.071574, 0.997384),
      ["RightLowerArm"] = CFrame.new(-0.005341, -0.046438, 0.004942, 1.000000, 0.000000, 0.000000, 0.000000, 0.999689, -0.024945, 0.000000, 0.024945, 0.999689),
      ["RightLowerLeg"] = CFrame.new(-0.000000, -0.024747, -0.000303, 1.000000, 0.000000, 0.000000, 0.000000, 1.000000, 0.000000, 0.000000, 0.000000, 1.000000),
      ["RightUpperArm"] = CFrame.new(-0.117394, -0.000458, 0.041140, 0.994706, -0.085979, 0.056276, 0.088955, 0.994640, -0.052702, -0.051443, 0.057429, 0.997023),
      ["RightUpperLeg"] = CFrame.new(-0.016049, -0.111804, -0.092922, 0.916505, -0.390171, -0.088229, 0.284453, 0.790746, -0.542039, 0.281255, 0.471685, 0.835709),
      ["UpperTorso"] = CFrame.new(0.006933, -0.009350, -0.095722, 0.992488, -0.121531, -0.014070, 0.107014, 0.918112, -0.381600, 0.059294, 0.377228, 0.924220)
    }},
    {Time = 0.200, Data = {
      ["Head"] = CFrame.new(-0.003871, 0.068561, 0.117307, 0.998311, 0.005011, -0.057886, -0.002407, 0.998986, 0.044965, 0.058053, -0.044750, 0.997310),
      ["LeftFoot"] = CFrame.new(-0.000000, -0.085899, -0.000003, 0.997765, -0.051138, -0.043005, 0.056615, 0.988858, 0.137672, 0.035486, -0.139799, 0.989544),
      ["LeftHand"] = CFrame.new(0.000500, 0.000100, 0.000000, 0.999916, 0.001218, 0.012926, -0.000681, 0.999138, -0.041517, -0.012965, 0.041505, 0.999054),
      ["LeftLowerArm"] = CFrame.new(0.011010, -0.022103, 0.001473, 1.000000, 0.000000, 0.000000, 0.000000, 0.999340, -0.036336, 0.000000, 0.036336, 0.999340),
      ["LeftLowerLeg"] = CFrame.new(0.000000, -0.085205, -0.001029, 1.000000, 0.000000, 0.000000, 0.000000, 1.000000, 0.000000, 0.000000, 0.000000, 1.000000),
      ["LeftUpperArm"] = CFrame.new(0.147360, -0.011392, 0.008295, 0.998012, 0.062658, 0.006753, -0.061346, 0.990439, -0.123559, -0.014431, 0.122900, 0.992314),
      ["LeftUpperLeg"] = CFrame.new(0.007165, -0.135980, -0.073934, 0.980641, -0.177842, 0.081946, 0.195715, 0.876947, -0.438930, 0.006198, 0.446471, 0.894777),
      ["LowerTorso"] = CFrame.new(-0.240312, 0.173630, 0.360651, 0.969077, 0.234488, 0.076847, -0.246749, 0.917938, 0.310654, 0.002304, -0.320009, 0.947412),
      ["RightFoot"] = CFrame.new(0.000000, -0.013148, -0.000104, 0.926804, 0.287249, 0.241913, -0.329531, 0.930998, 0.157008, -0.180121, -0.225234, 0.957510),
      ["RightHand"] = CFrame.new(-0.000500, 0.000000, 0.000000, 0.998177, 0.058409, -0.015198, -0.059372, 0.995532, -0.073423, 0.010842, 0.074192, 0.997185),
      ["RightLowerArm"] = CFrame.new(-0.005341, -0.045911, 0.004956, 1.000000, 0.000000, 0.000000, 0.000000, 0.999544, -0.030209, 0.000000, 0.030209, 0.999544),
      ["RightLowerLeg"] = CFrame.new(0.000000, -0.012921, -0.000148, 1.000000, 0.000000, 0.000000, 0.000000, 1.000000, 0.000000, 0.000000, 0.000000, 1.000000),
      ["RightUpperArm"] = CFrame.new(-0.116224, -0.011606, 0.048141, 0.992511, -0.097177, 0.074019, 0.102242, 0.992431, -0.068024, -0.066848, 0.075082, 0.994934),
      ["RightUpperLeg"] = CFrame.new(-0.016049, -0.111804, -0.092922, 0.838129, -0.536228, -0.099994, 0.420077, 0.751457, -0.508771, 0.347959, 0.384411, 0.855075),
      ["UpperTorso"] = CFrame.new(0.033337, -0.012011, -0.082130, 0.973161, -0.229685, -0.014196, 0.212035, 0.918934, -0.332567, 0.089430, 0.320632, 0.942973)
    }},
    {Time = 0.217, Data = {
      ["Head"] = CFrame.new(-0.003871, 0.068561, 0.117307, 0.998311, 0.005011, -0.057886, -0.002407, 0.998986, 0.044965, 0.058053, -0.044750, 0.997310),
      ["LeftFoot"] = CFrame.new(0.000000, -0.105676, -0.000004, 0.999411, -0.026244, -0.022112, 0.028402, 0.994198, 0.103750, 0.019261, -0.104317, 0.994358),
      ["LeftHand"] = CFrame.new(0.000500, 0.000100, -0.000000, 0.999898, -0.000103, 0.014249, 0.000760, 0.998937, -0.046079, -0.014229, 0.046086, 0.998836),
      ["LeftLowerArm"] = CFrame.new(0.011010, -0.021583, 0.001493, 1.000000, 0.000000, 0.000000, 0.000000, 0.999138, -0.041512, 0.000000, 0.041512, 0.999138),
      ["LeftLowerLeg"] = CFrame.new(-0.000000, -0.104915, -0.001290, 1.000000, 0.000000, 0.000000, 0.000000, 1.000000, 0.000000, 0.000000, 0.000000, 1.000000),
      ["LeftUpperArm"] = CFrame.new(0.147175, -0.020407, 0.011583, 0.997388, 0.072224, -0.001073, -0.071649, 0.987339, -0.141524, -0.009162, 0.141231, 0.989934),
      ["LeftUpperLeg"] = CFrame.new(0.007165, -0.135980, -0.073934, 0.953543, -0.294258, 0.064565, 0.298677, 0.895407, -0.330210, 0.039355, 0.334153, 0.941697),
      ["LowerTorso"] = CFrame.new(-0.294157, 0.174755, 0.312130, 0.942824, 0.323555, 0.079969, -0.333290, 0.914981, 0.227437, 0.000418, -0.241086, 0.970504),
      ["RightFoot"] = CFrame.new(-0.000000, -0.007871, -0.000103, 0.902139, 0.330069, 0.277847, -0.373220, 0.920111, 0.118756, -0.216452, -0.210832, 0.953257),
      ["RightHand"] = CFrame.new(-0.000500, -0.000000, 0.000000, 0.998045, 0.060333, -0.016300, -0.061404, 0.995212, -0.076048, 0.011634, 0.076900, 0.996971),
      ["RightLowerArm"] = CFrame.new(-0.005341, -0.045345, 0.004974, 1.000000, 0.000000, 0.000000, 0.000000, 0.999355, -0.035904, 0.000000, 0.035904, 0.999355),
      ["RightLowerLeg"] = CFrame.new(0.000000, -0.007065, -0.000082, 1.000000, -0.000000, 0.000000, 0.000000, 0.999982, 0.005956, -0.000000, -0.005956, 0.999982),
      ["RightUpperArm"] = CFrame.new(-0.114734, -0.023650, 0.055464, 0.989688, -0.108892, 0.093064, 0.116804, 0.989572, -0.084280, -0.082917, 0.094281, 0.992087),
      ["RightUpperLeg"] = CFrame.new(-0.016049, -0.111804, -0.092922, 0.751756, -0.648832, -0.117809, 0.543460, 0.710761, -0.446620, 0.373516, 0.271725, 0.886934),
      ["UpperTorso"] = CFrame.new(0.053931, -0.013820, -0.062123, 0.948423, -0.316660, -0.014855, 0.302597, 0.918280, -0.255335, 0.094496, 0.237671, 0.966738)
    }},
    {Time = 0.233, Data = {
      ["Head"] = CFrame.new(-0.003871, 0.068561, 0.117307, 0.998311, 0.005011, -0.057886, -0.002407, 0.998986, 0.044965, 0.058053, -0.044750, 0.997310),
      ["LeftFoot"] = CFrame.new(0.000000, -0.120354, -0.000004, 0.999899, -0.010848, -0.009157, 0.011412, 0.997887, 0.063967, 0.008443, -0.064065, 0.997910),
      ["LeftHand"] = CFrame.new(0.000500, 0.000100, 0.000000, 0.999876, -0.001500, 0.015667, 0.002297, 0.998697, -0.050983, -0.015570, 0.051013, 0.998577),
      ["LeftLowerArm"] = CFrame.new(0.011010, -0.021029, 0.001517, 1.000000, 0.000000, 0.000000, 0.000000, 0.998893, -0.047032, 0.000000, 0.047032, 0.998893),
      ["LeftLowerLeg"] = CFrame.new(0.000000, -0.119546, -0.001484, 1.000000, 0.000000, 0.000000, 0.000000, 1.000000, 0.000000, 0.000000, 0.000000, 1.000000),
      ["LeftUpperArm"] = CFrame.new(0.146896, -0.030006, 0.014997, 0.996569, 0.082198, -0.009690, -0.082685, 0.983545, -0.160632, -0.003673, 0.160882, 0.986967),
      ["LeftUpperLeg"] = CFrame.new(0.007165, -0.135981, -0.073934, 0.928217, -0.369554, 0.042926, 0.370559, 0.908072, -0.195167, 0.033145, 0.197064, 0.979830),
      ["LowerTorso"] = CFrame.new(-0.331675, 0.176019, 0.251035, 0.920627, 0.386407, 0.055992, -0.390440, 0.911677, 0.128071, -0.001559, -0.139767, 0.990183),
      ["RightFoot"] = CFrame.new(0.000000, -0.007727, -0.000103, 0.880480, 0.362678, 0.305319, -0.401367, 0.913009, 0.072932, -0.252309, -0.186760, 0.949453),
      ["RightHand"] = CFrame.new(-0.000500, -0.000000, 0.000000, 0.997898, 0.062425, -0.017422, -0.063612, 0.994849, -0.078927, 0.012406, 0.079869, 0.996728),
      ["RightLowerArm"] = CFrame.new(-0.005341, -0.044739, 0.004997, 1.000000, 0.000000, 0.000000, 0.000000, 0.999120, -0.041943, 0.000000, 0.041943, 0.999120),
      ["RightLowerLeg"] = CFrame.new(-0.000000, -0.006508, -0.000084, 1.000000, -0.000000, 0.000000, 0.000000, 0.999949, 0.010100, -0.000000, -0.010100, 0.999949),
      ["RightUpperArm"] = CFrame.new(-0.112882, -0.036576, 0.063046, 0.986143, -0.121045, 0.113443, 0.132687, 0.985957, -0.101403, -0.099575, 0.115050, 0.988356),
      ["RightUpperLeg"] = CFrame.new(-0.016049, -0.111805, -0.092922, 0.679903, -0.718762, -0.145304, 0.642888, 0.679570, -0.353383, 0.352743, 0.146853, 0.924125),
      ["UpperTorso"] = CFrame.new(0.067029, -0.014914, -0.038714, 0.927207, -0.374213, -0.015885, 0.367435, 0.917001, -0.155242, 0.072660, 0.138105, 0.987749)
    }},
    {Time = 0.250, Data = {
      ["Head"] = CFrame.new(-0.003871, 0.068562, 0.117307, 0.998311, 0.005011, -0.057886, -0.002407, 0.998986, 0.044965, 0.058053, -0.044750, 0.997310),
      ["LeftFoot"] = CFrame.new(-0.000000, -0.127374, -0.000004, 0.999963, -0.006588, -0.005594, 0.006704, 0.999758, 0.020957, 0.005455, -0.020993, 0.999765),
      ["LeftHand"] = CFrame.new(0.000500, 0.000100, 0.000000, 0.999847, -0.002969, 0.017268, 0.003934, 0.998415, -0.056142, -0.017074, 0.056201, 0.998273),
      ["LeftLowerArm"] = CFrame.new(0.011010, -0.020440, 0.001546, 1.000000, 0.000000, 0.000000, 0.000000, 0.998600, -0.052897, 0.000000, 0.052897, 0.998600),
      ["LeftLowerLeg"] = CFrame.new(-0.000000, -0.126542, -0.001577, 1.000000, 0.000000, 0.000000, 0.000000, 1.000000, 0.000000, 0.000000, 0.000000, 1.000000),
      ["LeftUpperArm"] = CFrame.new(0.146509, -0.040171, 0.018510, 0.995518, 0.092635, -0.019045, -0.094553, 0.978986, -0.180682, 0.001907, 0.181673, 0.983357),
      ["LeftUpperLeg"] = CFrame.new(0.007165, -0.135980, -0.073934, 0.917985, -0.395974, 0.022531, 0.396585, 0.917129, -0.039933, -0.004851, 0.045593, 0.998948),
      ["LowerTorso"] = CFrame.new(-0.346054, 0.176069, 0.181903, 0.911569, 0.410961, 0.012355, -0.411135, 0.911362, 0.019680, -0.003172, -0.023019, 0.999730),
      ["RightFoot"] = CFrame.new(-0.000000, -0.009777, -0.000103, 0.868112, 0.379721, 0.319678, -0.409685, 0.911749, 0.029536, -0.280250, -0.156608, 0.947066),
      ["RightHand"] = CFrame.new(-0.000500, -0.000000, 0.000000, 0.997730, 0.064676, -0.018736, -0.066002, 0.994447, -0.081967, 0.013330, 0.083018, 0.996459),
      ["RightLowerArm"] = CFrame.new(-0.005341, -0.044096, 0.005025, 1.000000, 0.000000, 0.000000, 0.000000, 0.998832, -0.048326, 0.000000, 0.048326, 0.998832),
      ["RightLowerLeg"] = CFrame.new(0.000000, -0.009561, -0.000104, 1.000000, 0.000000, 0.000000, 0.000000, 1.000000, 0.000000, 0.000000, 0.000000, 1.000000),
      ["RightUpperArm"] = CFrame.new(-0.110627, -0.050366, 0.070822, 0.981804, -0.133393, 0.135154, 0.149747, 0.981528, -0.119071, -0.116774, 0.137144, 0.983644),
      ["RightUpperLeg"] = CFrame.new(-0.016049, -0.111804, -0.092922, 0.645777, -0.740293, -0.186918, 0.706056, 0.672179, -0.222848, 0.290615, 0.011935, 0.956765),
      ["UpperTorso"] = CFrame.new(0.071598, -0.016447, -0.014110, 0.918478, -0.395103, -0.017098, 0.394249, 0.918178, -0.038939, 0.031084, 0.029024, 0.999095)
    }},
    {Time = 0.267, Data = {
      ["Head"] = CFrame.new(-0.003871, 0.068562, 0.117307, 0.998311, 0.005011, -0.057886, -0.002407, 0.998986, 0.044965, 0.058053, -0.044750, 0.997310),
      ["LeftFoot"] = CFrame.new(-0.000000, -0.124654, -0.000004, 0.999792, -0.015601, -0.013117, 0.015299, 0.999623, -0.022803, 0.013467, 0.022597, 0.999654),
      ["LeftHand"] = CFrame.new(0.000500, 0.000100, 0.000000, 0.999812, -0.004512, 0.018879, 0.005668, 0.998082, -0.061640, -0.018565, 0.061736, 0.997920),
      ["LeftLowerArm"] = CFrame.new(0.011010, -0.019817, 0.001580, 1.000000, 0.000000, 0.000000, 0.000000, 0.998247, -0.059191, 0.000000, 0.059191, 0.998247),
      ["LeftLowerLeg"] = CFrame.new(-0.000000, -0.123830, -0.001540, 1.000000, 0.000000, 0.000000, 0.000000, 1.000000, 0.000000, 0.000000, 0.000000, 1.000000),
      ["LeftUpperArm"] = CFrame.new(0.145999, -0.050878, 0.022096, 0.994211, 0.103411, -0.029165, -0.107181, 0.973560, -0.201724, 0.007534, 0.203682, 0.979008),
