return {
    ["Nuthin But A G Thang"] = {
        {Time = 0.000, Data = {
            ["RightFoot"] = CFrame.new(1.7881393432617188e-07, -5.960464477539063e-08, 6.875052349641919e-08, 0.9150776267051697, -0.33894166350364685, 0.21852156519889832, 0.3502596616744995, 0.9365466833114624, -0.014094902202486992, -0.19987832009792328, 0.08943697810173035, 0.975730299949646),
            ["LeftLowerArm"] = CFrame.new(0.0000013709068298339844, -7.152557373046875e-07, 0.000004608184099197388, 1, 1.5646223516796454e-07, 1.4156105976326216e-07, -1.5646223516796454e-07, 0.9995907545089722, -0.028607094660401344, -1.1920931797249068e-07, 0.02860705927014351, 0.9995907545089722),
            ["RightUpperArm"] = CFrame.new(-0.0703582763671875, 0.015936732292175293, -0.2110331803560257, 0.7931939363479614, -0.1177983283996582, -0.5974670052528381, 0.3098415732383728, 0.9226933121681213, 0.22942322492599487, 0.5242533683776855, -0.3670974671840668, 0.7683736681938171),
            ["Head"] = CFrame.new(1.1175870895385742e-08, -8.344650268554688e-07, -1.4156103134155273e-07, 0.7199889421463013, 0.19941160082817078, 0.6647185683250427, 0.05957883596420288, 0.9365307092666626, -0.34548646211624146, -0.6914234161376953, 0.2883494794368744, 0.662411093711853),
            ["RightHand"] = CFrame.new(2.384185791015625e-07, 0.0000011324882507324219, -7.152557373046875e-07, 0.1133054718375206, -0.13457584381103516, 0.9844040274620056, -0.2251763492822647, 0.9615256190299988, 0.1573663353919983, -0.9677073359489441, -0.23949502408504486, 0.07864302396774292),
            ["UpperTorso"] = CFrame.new(7.450580596923828e-08, -4.470348358154297e-07, 7.450580596923828e-09, 0.9682658910751343, -0.1509280502796173, -0.19920334219932556, 0.20655471086502075, 0.9319932460784912, 0.29786574840545654, 0.14069977402687073, -0.3295595049858093, 0.9335920214653015),
            ["HumanoidRootPart"] = CFrame.new(0, 0, 0, 1, 0, 0, 0, 1, 0, 0, 0, 1),
            ["RightUpperLeg"] = CFrame.new(1.1920928955078125e-07, -3.241002559661865e-07, 7.839844329282641e-08, 0.9530718326568604, -0.026325048878788948, -0.3015976846218109, -0.2340824007987976, 0.5676802396774292, -0.7892686724662781, 0.1919884830713272, 0.8228282332420349, 0.534877359867096),
            ["LeftUpperArm"] = CFrame.new(-0.00818026065826416, -0.030496954917907715, -0.20370441675186157, 0.9103778600692749, 0.0742935910820961, 0.4070536196231842, -0.2081567645072937, 0.93243408203125, 0.2953597903251648, -0.3576073944568634, -0.35362011194229126, 0.8643320798873901),
            ["RightLowerArm"] = CFrame.new(2.682209014892578e-07, 6.556510925292969e-07, -0.000003814697265625, 1, -0.000018958004147862084, -0.000004351139978098217, 0.000018917025954579003, 0.9999971985816956, -0.0023737181909382343, 0.0000042617325561877806, 0.0023736956063658, 0.9999972581863403),
            ["LeftHand"] = CFrame.new(-0.0000014044344425201416, -0.0000013113021850585938, 2.980232238769531e-07, 0.07287457585334778, 0.1303272396326065, -0.9887892603874207, 0.2379646897315979, 0.960519015789032, 0.14413943886756897, 0.9685360789299011, -0.24580110609531403, 0.03898419812321663),
            ["LeftFoot"] = CFrame.new(-1.043081283569336e-07, -1.1920928955078125e-07, 1.5832483768463135e-07, 0.9808289408683777, 0.07118354737758636, -0.18140406906604767, -0.0933552235364914, 0.9887620210647583, -0.11676660925149918, 0.17105382680892944, 0.1314631849527359, 0.9764518737792969),
            ["LowerTorso"] = CFrame.new(-0.5591118931770325, -0.2115694284439087, 0.7315293550491333, 0.9628288149833679, 0.1746702492237091, -0.206036776304245, -0.13438422977924347, 0.9714406132698059, 0.19556111097335815, 0.23431120812892914, -0.16060379147529602, 0.9588037729263306),
            ["RightLowerLeg"] = CFrame.new(-5.029141902923584e-08, -0.0007262229919433594, 0.00004617201193468645, 1, 1.8626455755565985e-07, -2.9802318834981634e-08, -6.705521116145974e-08, 0.5003244876861572, 0.865837812423706, 1.4901158351676713e-07, -0.8658379912376404, 0.5003246665000916),
            ["LeftUpperLeg"] = CFrame.new(5.960464477539063e-08, -2.3096799850463867e-07, -4.470348358154297e-08, 0.9806827306747437, 0.027185503393411636, 0.1937066614627838, 0.08843716979026794, 0.8216772675514221, -0.5630503296852112, -0.17447124421596527, 0.5693044066429138, 0.8034003376960754),
            ["LeftLowerLeg"] = CFrame.new(1.7695128917694092e-08, -0.0007262825965881348, 0.00008102506399154663, 1, 5.960463766996327e-08, 2.60770320892334e-08, -1.0430815677864302e-07, 0.4090195298194885, 0.9125255346298218, 5.960465898624534e-08, -0.9125256538391113, 0.4090198278427124),
        }},
        {Time = 0.033, Data = {
            ["RightFoot"] = CFrame.new(1.564621925354004e-07, -1.1920928955078125e-07, 1.0600342648103833e-07, 0.9462947249412537, -0.24842356145381927, 0.20691032707691193, 0.2980431616306305, 0.9183104038238525, -0.26053106784820557, -0.12528593838214874, 0.308207243680954, 0.9430333375930786),
            ["LeftLowerArm"] = CFrame.new(0.0000011026859283447266, -2.384185791015625e-07, 0.000004906207323074341, 1, 1.713633963618122e-07, 1.1548402767402877e-07, -1.4156105976326216e-07, 0.9995907545089722, -0.02860702946782112, -1.1455270509941329e-07, 0.028607094660401344, 0.9995908141136169),
            ["RightUpperArm"] = CFrame.new(-0.046449124813079834, -0.0011276006698608398, -0.22126753628253937, 0.8159295916557312, -0.06902873516082764, -0.5740155577659607, 0.20788317918777466, 0.9614734053611755, 0.17987105250358582, 0.5394845008850098, -0.26609036326408386, 0.798844575881958),
            ["Head"] = CFrame.new(7.450580596923828e-09, -5.960464477539062e-07, -7.450580596923828e-08, 0.537613034248352, 0.19615191221237183, 0.8200588822364807, 0.11369520425796509, 0.9468196630477905, -0.3010084927082062, -0.8354911804199219, 0.2550627887248993, 0.48672109842300415),
            ["RightHand"] = CFrame.new(3.2782554626464844e-07, 0.0000010728836059570312, -5.960464477539062e-07, 0.13446004688739777, -0.14663177728652954, 0.9800100326538086, -0.18914972245693207, 0.9670082926750183, 0.17063845694065094, -0.9726987481117249, -0.20831269025802612, 0.10228876769542694),
            ["UpperTorso"] = CFrame.new(-4.470348358154297e-08, 0, 5.960464477539063e-08, 0.9822170734405518, -0.09002796560525894, -0.16475629806518555, 0.1416989117860794, 0.9311635494232178, 0.33594030141830444, 0.12317099422216415, -0.35331204533576965, 0.9273616075515747),
            ["HumanoidRootPart"] = CFrame.new(0, 0, 0, 1, 0, 0, 0, 1, 0, 0, 0, 1),
            ["RightUpperLeg"] = CFrame.new(-5.960464477539063e-08, -7.450580596923828e-08, 2.0656443666666746e-08, 0.968104362487793, 0.007210117764770985, -0.25044336915016174, -0.2042824923992157, 0.6014500260353088, -0.7723512053489685, 0.1450604945421219, 0.7988778948783875, 0.5837394595146179),
            ["LeftUpperArm"] = CFrame.new(0.01468658447265625, -0.01785755157470703, -0.21849986910820007, 0.9545671343803406, 0.11869297921657562, 0.27333763241767883, -0.15840241312980652, 0.9790361523628235, 0.12805035710334778, -0.2524087429046631, -0.1655299961566925, 0.9533571004867554),
            ["RightLowerArm"] = CFrame.new(4.172325134277344e-07, 5.364418029785156e-07, -0.0000035762786865234375, 1, -0.000018879774870583788, -0.000004231930233800085, 0.000018902124793385155, 0.9999971985816956, -0.0023738073650747538, 0.000004380941845738562, 0.0023737777955830097, 0.9999971985816956),
            ["LeftHand"] = CFrame.new(-0.000001434236764907837, -9.5367431640625e-07, 2.7939677238464355e-07, 0.12520574033260345, 0.14261430501937866, -0.9818272590637207, 0.18801099061965942, 0.9682725667953491, 0.16462139785289764, 0.9741536378860474, -0.20520591735839844, 0.09442029148340225),
            ["LeftFoot"] = CFrame.new(-3.725290298461914e-09, -1.7881393432617188e-07, -3.91155481338501e-08, 0.9932572245597839, 0.01969607174396515, -0.11424605548381805, -0.040583014488220215, 0.9821812510490417, -0.18350185453891754, 0.10859601199626923, 0.18690116703510284, 0.9763580560684204),
            ["LowerTorso"] = CFrame.new(-0.5997757315635681, -0.25864875316619873, 0.7204587459564209, 0.9646828770637512, 0.15849636495113373, -0.210394948720932, -0.11785729974508286, 0.9740215539932251, 0.19336950778961182, 0.23557759821414948, -0.1617436408996582, 0.9583017230033875),
            ["RightLowerLeg"] = CFrame.new(-4.470348358154297e-08, -0.0007268190383911133, 0.000045934524678159505, 1, 1.3411049337719305e-07, -2.2351748896198842e-08, -5.960462345910855e-08, 0.5169594287872314, 0.8560100197792053, 8.940693874137651e-08, -0.8560099601745605, 0.5169593095779419),
            ["LeftUpperLeg"] = CFrame.new(5.960464477539063e-08, -9.685754776000977e-08, 1.1920928955078125e-07, 0.9921219348907471, 0.07322616875171661, 0.1016465499997139, 0.023573147132992744, 0.6877639293670654, -0.7255512475967407, -0.1230381652712822, 0.7222318649291992, 0.6806198358535767),
            ["LeftLowerLeg"] = CFrame.new(2.7939677238464355e-08, -0.0007264614105224609, 0.00008101761341094971, 1, 7.4505820180093e-08, 6.612390990312633e-08, -1.0244549741855735e-07, 0.12828058004379272, 0.9917380213737488, 9.685756197086448e-08, -0.9917380213737488, 0.12828050553798676),
        }},
        {Time = 0.067, Data = {
            ["RightFoot"] = CFrame.new(2.086162567138672e-07, -1.7881393432617188e-07, 1.6596459317952394e-08, 0.9621567726135254, -0.22057117521762848, 0.16000887751579285, 0.26064422726631165, 0.9162333011627197, -0.304271399974823, -0.07949197292327881, 0.33446189761161804, 0.9390507340431213),
            ["LeftLowerArm"] = CFrame.new(0.0000011622905731201172, 1.1920928955078125e-07, 0.000004857778549194336, 1, 1.564622067462551e-07, 1.1175873737556685e-07, -1.5646223516796454e-07, 0.9995907545089722, -0.02860696241259575, -1.3411047916633834e-07, 0.028607036918401718, 0.9995908141136169),
            ["RightUpperArm"] = CFrame.new(-0.005347311496734619, -0.027039051055908203, -0.22472873330116272, 0.8185791969299316, -0.044517632573843, -0.5726659893989563, 0.07025066763162613, 0.9972667694091797, 0.022892683744430542, 0.5700815320014954, -0.0589691586792469, 0.819469153881073),
            ["Head"] = CFrame.new(2.9802322387695312e-08, -4.76837158203125e-07, 7.450580596923828e-09, 0.4958442151546478, 0.14968016743659973, 0.8554147481918335, 0.11626932770013809, 0.9647225141525269, -0.23620302975177765, -0.860592782497406, 0.21657860279083252, 0.4609488546848297),
            ["RightHand"] = CFrame.new(1.7881393432617188e-07, 0.0000011324882507324219, -8.344650268554688e-07, 0.1298806369304657, -0.1750418096780777, 0.9759566783905029, -0.13133788108825684, 0.9725836515426636, 0.19191543757915497, -0.9827926754951477, -0.1531061828136444, 0.10333031415939331),
            ["UpperTorso"] = CFrame.new(-5.960464477539063e-08, 2.9802322387695312e-08, 1.4901161193847656e-08, 0.9985305070877075, -0.020371295511722565, -0.05021870136260986, 0.03804834932088852, 0.9233946800231934, 0.3819613754749298, 0.03859049081802368, -0.3833111524581909, 0.9228128790855408),
            ["HumanoidRootPart"] = CFrame.new(0, 0, 0, 1, 0, 0, 0, 1, 0, 0, 0, 1),
            ["RightUpperLeg"] = CFrame.new(-2.9802322387695312e-08, 5.960464477539063e-08, -5.3849362302571535e-08, 0.9753209352493286, 0.02544911950826645, -0.21932072937488556, -0.19620414078235626, 0.555452287197113, -0.8080698847770691, 0.10125751793384552, 0.8311589360237122, 0.5467372536659241),
            ["LeftUpperArm"] = CFrame.new(0.056153297424316406, 0.003519892692565918, -0.22992335259914398, 0.985370934009552, 0.14907114207744598, 0.0825955867767334, -0.13848479092121124, 0.9828521609306335, -0.1217522919178009, -0.09932895004749298, 0.10853329300880432, 0.9891179800033569),
            ["RightLowerArm"] = CFrame.new(1.7881393432617188e-07, 2.980232238769531e-07, -0.000003844499588012695, 1, -0.000018917027773568407, -0.00000420212791141239, 0.000018909573554992676, 0.9999972581863403, -0.0023737254086881876, 0.000004276633262634277, 0.0023737852461636066, 0.9999972581863403),
            ["LeftHand"] = CFrame.new(-0.000001253560185432434, -0.0000010132789611816406, 2.0489096641540527e-07, 0.2628367841243744, 0.1498536616563797, -0.953131914138794, 0.14798539876937866, 0.969914972782135, 0.19330120086669922, 0.9534239768981934, -0.19185630977153778, 0.23275348544120789),
            ["LeftFoot"] = CFrame.new(-2.9802322387695312e-08, 0, 4.284083843231201e-08, 0.994308352470398, 0.10203692317008972, -0.03065168857574463, -0.10401451587677002, 0.9919714331626892, -0.07192820310592651, 0.023066217079758644, 0.07470731437206268, 0.9969388246536255),
            ["LowerTorso"] = CFrame.new(-0.6376564502716064, -0.3142740726470947, 0.7119168043136597, 0.9676849842071533, 0.12960262596607208, -0.21630790829658508, -0.09038051962852478, 0.979081392288208, 0.18229404091835022, 0.23540884256362915, -0.15685316920280457, 0.9591557383537292),
            ["RightLowerLeg"] = CFrame.new(-1.043081283569336e-07, -0.0007264018058776855, 0.00004611706390278414, 1, 1.3411047916633834e-07, 7.4505797087454084e-09, -1.0430814256778831e-07, 0.42426735162734985, 0.9055370092391968, 8.940698137394065e-08, -0.9055370092391968, 0.42426741123199463),
            ["LeftUpperLeg"] = CFrame.new(-1.1920928955078125e-07, -7.450580596923828e-09, -2.9802322387695312e-08, 0.9940230846405029, 0.10790468007326126, -0.016579020768404007, -0.06485864520072937, 0.46154481172561646, -0.884742796421051, -0.08781594783067703, 0.8805299401283264, 0.46578487753868103),
            ["LeftLowerLeg"] = CFrame.new(3.4458935260772705e-08, -0.0007265806198120117, 0.00008105114102363586, 1, 1.341104507446289e-07, 7.962808723505077e-08, -1.0617075929530984e-07, -0.08511717617511749, 0.9963710308074951, 8.195637946073475e-08, -0.9963709712028503, -0.08511707931756973),
        }},
        {Time = 0.100, Data = {
            ["RightFoot"] = CFrame.new(2.2351741790771484e-07, -1.7881393432617188e-07, -4.300818545743823e-08, 0.9772711396217346, -0.1834581047296524, 0.10622725635766983, 0.2089817076921463, 0.9178733825683594, -0.3373946249485016, -0.03560537472367287, 0.35192570090293884, 0.9353505373001099),
            ["LeftLowerArm"] = CFrame.new(0.0000011920928955078125, -5.960464477539063e-08, 0.0000049173831939697266, 1, 1.601874828338623e-07, 1.266598843585598e-07, -1.266598843585598e-07, 0.9995908141136169, -0.02860702946782112, -1.1920930376163597e-07, 0.028607092797756195, 0.9995908141136169),
            ["RightUpperArm"] = CFrame.new(0.03179609775543213, -0.050026655197143555, -0.21623966097831726, 0.8384499549865723, -0.08441787958145142, -0.5384003520011902, -0.04747394472360611, 0.9728606939315796, -0.22646962106227875, 0.5429069995880127, 0.21544329822063446, 0.8116875886917114),
            ["Head"] = CFrame.new(-7.450580596923828e-09, -8.344650268554688e-07, 2.4028122425079346e-07, 0.5405502319335938, 0.08948172628879547, 0.8365392088890076, 0.07949555665254593, 0.9844464063644409, -0.15667100250720978, -0.8375476002693176, 0.1511894166469574, 0.5250297784805298),
            ["RightHand"] = CFrame.new(1.6391277313232422e-07, 0.0000011324882507324219, -7.748603820800781e-07, 0.15404462814331055, -0.1949654221534729, 0.9686375260353088, -0.035227540880441666, 0.9786319732666016, 0.20257967710494995, -0.9874357581138611, -0.06532895565032959, 0.14388515055179596),
            ["UpperTorso"] = CFrame.new(1.341104507446289e-07, 2.682209014892578e-07, 5.960464477539063e-08, 0.9977827072143555, 0.022140908986330032, 0.06276562064886093, -0.045474033802747726, 0.9153907895088196, 0.3999902307987213, -0.048598892986774445, -0.4019571840763092, 0.9143677353858948),
            ["HumanoidRootPart"] = CFrame.new(0, 0, 0, 1, 0, 0, 0, 1, 0, 0, 0, 1),
            ["RightUpperLeg"] = CFrame.new(1.1920928955078125e-07, 7.82310962677002e-08, -6.502523319795728e-08, 0.9836412668228149, 0.046688470989465714, -0.17398327589035034, -0.17287446558475494, 0.5161716341972351, -0.8388574123382568, 0.05064030736684799, 0.8552117347717285, 0.5157985091209412),
            ["LeftUpperArm"] = CFrame.new(0.09589064121246338, 0.024704337120056152, -0.228645920753479, 0.98235023021698, 0.1738819032907486, -0.06894377619028091, -0.1870085895061493, 0.920860230922699, -0.3421173393726349, 0.0039995829574763775, 0.34897205233573914, 0.9371246099472046),
            ["RightLowerArm"] = CFrame.new(5.066394805908203e-07, 7.748603820800781e-07, -0.000003904104232788086, 1, -0.000018917027773568407, -0.00000433996319770813, 0.000018917022316600196, 0.9999972581863403, -0.002373725175857544, 0.000004313885710871546, 0.0023737256415188313, 0.9999972581863403),
            ["LeftHand"] = CFrame.new(-0.000001341104507446289, -0.0000011920928955078125, 2.384185791015625e-07, 0.4241509437561035, 0.14270445704460144, -0.8942769169807434, 0.07843085378408432, 0.9780067801475525, 0.19326519966125488, 0.9021888375282288, -0.15211261808872223, 0.4036303460597992),
            ["LeftFoot"] = CFrame.new(-1.1920928955078125e-07, -5.960464477539063e-08, 9.685754776000977e-08, 0.9983479976654053, 0.011608378030359745, -0.05627182871103287, -0.012642443180084229, 0.9997570514678955, -0.018057454377412796, 0.056048545986413956, 0.018738897517323494, 0.9982522130012512),
            ["LowerTorso"] = CFrame.new(-0.6730315089225769, -0.36435890197753906, 0.7069871425628662, 0.968227744102478, 0.11094687879085541, -0.22411127388477325, -0.07467851787805557, 0.9835810661315918, 0.1642908900976181, 0.23865912854671478, -0.1423346847295761, 0.960615873336792),
            ["RightLowerLeg"] = CFrame.new(7.450580596923828e-09, -0.0007261037826538086, 0.00004596805229084566, 1, 1.266598985694145e-07, 1.4901164746561335e-08, -9.685756907629184e-08, 0.3398337960243225, 0.940485417842865, 1.1920931797249068e-07, -0.9404855966567993, 0.33983415365219116),
            ["LeftUpperLeg"] = CFrame.new(1.4901161193847656e-07, 5.960464477539063e-08, -2.9802322387695312e-08, 0.9774383902549744, 0.09456584602594376, -0.18886899948120117, -0.2086818814277649, 0.29412412643432617, -0.9327073097229004, -0.03265129029750824, 0.9510774612426758, 0.3072222173213959),
            ["LeftLowerLeg"] = CFrame.new(-1.601874828338623e-07, -0.0007265806198120117, 0.00008092448115348816, 1, 7.450579886381092e-08, 5.960465898624534e-08, -1.1175870895385742e-07, -0.13368146121501923, 0.991024374961853, 1.6391277313232422e-07, -0.991024374961853, -0.13368165493011475),
        }},
        {Time = 0.133, Data = {
            ["RightFoot"] = CFrame.new(2.5331974029541016e-07, -1.1920928955078125e-07, -1.3205863069742918e-08, 0.9872063398361206, -0.14464247226715088, 0.06709902733564377, 0.15912313759326935, 0.9205631613731384, -0.35671159625053406, -0.010173079557716846, 0.36282506585121155, 0.9318017959594727),
            ["LeftLowerArm"] = CFrame.new(0.000001430511474609375, -9.5367431640625e-07, 0.00000476837158203125, 1, 1.303851746570217e-07, 1.220032714854824e-07, -1.0430814256778831e-07, 0.9995907545089722, -0.028607044368982315, -8.568168397005138e-08, 0.028607022017240524, 0.9995908141136169),
            ["RightUpperArm"] = CFrame.new(0.04797554016113281, -0.060976624488830566, -0.20484471321105957, 0.873237669467926, -0.14773085713386536, -0.4643614590167999, -0.08641813695430756, 0.890884280204773, -0.4459342360496521, 0.4795706570148468, 0.429535835981369, 0.7651870250701904),
            ["Head"] = CFrame.new(1.6763806343078613e-08, -7.152557373046875e-07, 1.9371509552001953e-07, 0.550482451915741, 0.06431709229946136, 0.8323653936386108, 0.0378127358853817, 0.9940839409828186, -0.10182055830955505, -0.8339900374412537, 0.0875244140625, 0.5447938442230225),
            ["RightHand"] = CFrame.new(1.341104507446289e-07, 7.748603820800781e-07, -7.301568984985352e-07, 0.17393553256988525, -0.18748757243156433, 0.9667444825172424, 0.10887470096349716, 0.9793515205383301, 0.17034411430358887, -0.97871994972229, 0.07562515884637833, 0.19075681269168854),
            ["UpperTorso"] = CFrame.new(-1.7881393432617188e-07, 2.9802322387695312e-08, -1.1920928955078125e-07, 0.9953242540359497, 0.021817117929458618, 0.09409456700086594, -0.05794192850589752, 0.9142806529998779, 0.40091612935066223, -0.07728191465139389, -0.4044934809207916, 0.9112697243690491),
            ["HumanoidRootPart"] = CFrame.new(0, 0, 0, 1, 0, 0, 0, 1, 0, 0, 0, 1),
            ["RightUpperLeg"] = CFrame.new(-8.940696716308594e-08, -2.4028122425079346e-07, -1.767839421518147e-07, 0.9918631911277771, 0.05211170017719269, -0.11615408211946487, -0.12684845924377441, 0.4820097088813782, -0.866935133934021, 0.010809815488755703, 0.8746147751808167, 0.4846975803375244),
            ["LeftUpperArm"] = CFrame.new(0.11427229642868042, 0.0367354154586792, -0.22026413679122925, 0.95395427942276, 0.24346905946731567, -0.17519713938236237, -0.2992987036705017, 0.8111621141433716, -0.5024305582046509, 0.019786905497312546, 0.5317320227622986, 0.846681535243988),
            ["RightLowerArm"] = CFrame.new(4.470348358154297e-07, 4.76837158203125e-07, -0.000003844499588012695, 1, -0.000018939379515359178, -0.000004224945314490469, 0.000018900262148235925, 0.9999972581863403, -0.00237371982075274, 0.000004285481281840475, 0.0023737321607768536, 0.9999972581863403),
            ["LeftHand"] = CFrame.new(-0.0000012069940567016602, -0.000001430511474609375, 3.203749656677246e-07, 0.5856079459190369, 0.15430603921413422, -0.795771598815918, -0.004902910441160202, 0.9823704361915588, 0.18688108026981354, 0.8105795979499817, -0.10553743690252304, 0.5760409235954285),
            ["LeftFoot"] = CFrame.new(-6.332993507385254e-08, -5.960464477539063e-08, -4.470348358154297e-08, 0.9895663261413574, -0.12402761727571487, -0.0733192190527916, 0.11641031503677368, 0.988118052482605, -0.10035683959722519, 0.08489515632390976, 0.09077442437410355, 0.9922463893890381),
            ["LowerTorso"] = CFrame.new(-0.7047135233879089, -0.39442455768585205, 0.7059009075164795, 0.9649036526679993, 0.12064456939697266, -0.2332509458065033, -0.08719412237405777, 0.9850186109542847, 0.14878064393997192, 0.24770605564117432, -0.12322086840867996, 0.960967481136322),
            ["RightLowerLeg"] = CFrame.new(-2.2351741790771484e-08, -0.0007262825965881348, 0.0000460425580968149, 1, 2.682209014892578e-07, -2.980233304583635e-08, -1.0430814256778831e-07, 0.2701372802257538, 0.9628217816352844, 1.6391278734317893e-07, -0.9628218412399292, 0.2701375186443329),
            ["LeftUpperLeg"] = CFrame.new(-1.1920928955078125e-07, -2.980232238769531e-07, -2.086162567138672e-07, 0.9438669085502625, 0.0671403780579567, -0.3234308063983917, -0.32979318499565125, 0.2471308410167694, -0.9111327528953552, 0.01875588484108448, 0.9666533470153809, 0.2554008662700653),
            ["LeftLowerLeg"] = CFrame.new(-9.313225746154785e-08, -0.0007264018058776855, 0.0000810474157333374, 1, 1.4901161193847656e-07, 5.2154071283894154e-08, -8.195640788244418e-08, -0.08022158592939377, 0.9967770576477051, 7.4505820180093e-08, -0.9967771172523499, -0.08022157847881317),
        }},
        {Time = 0.167, Data = {
            ["RightFoot"] = CFrame.new(2.0116567611694336e-07, -5.960464477539063e-08, -5.045876605436206e-08, 0.9921127557754517, -0.11902330815792084, 0.03931667283177376, 0.12516194581985474, 0.9235215187072754, -0.36254993081092834, 0.006842145696282387, 0.3646113872528076, 0.9311346411705017),
            ["LeftLowerArm"] = CFrame.new(9.5367431640625e-07, -4.76837158203125e-07, 0.000004909932613372803, 1, 1.7136336794010276e-07, 9.685756907629184e-08, -1.6391277313232422e-07, 0.9987947344779968, -0.04908384755253792, -1.3783574104309082e-07, 0.049083806574344635, 0.9987947344779968),
            ["RightUpperArm"] = CFrame.new(0.05237555503845215, -0.06459081172943115, -0.19414594769477844, 0.9244050979614258, -0.23875026404857635, -0.2974451184272766, 0.0007871946436353028, 0.7810449600219727, -0.6244747042655945, 0.38141152262687683, 0.5770329833030701, 0.7221894860267639),
            ["Head"] = CFrame.new(2.9802322387695312e-08, -5.960464477539062e-07, 9.313225746154785e-08, 0.5502346158027649, 0.06726913154125214, 0.8322960734367371, -0.005484790075570345, 0.9970194101333618, -0.07695700973272324, -0.8349921107292175, 0.037779271602630615, 0.5489635467529297),
            ["RightHand"] = CFrame.new(1.564621925354004e-07, 0.000001430511474609375, -7.599592208862305e-07, 0.22898076474666595, -0.1374916136264801, 0.9636721014976501, 0.22464026510715485, 0.9707170128822327, 0.08511939644813538, -0.9471561312675476, 0.19698882102966309, 0.2531619966030121),
            ["UpperTorso"] = CFrame.new(-4.470348358154297e-08, -1.4901161193847656e-07, -2.9802322387695312e-08, 0.9959917664527893, -0.009779789485037327, 0.08890935778617859, -0.025546101853251457, 0.9214991331100464, 0.38753941655158997, -0.08571996539831161, -0.3882572650909424, 0.917555570602417),
            ["HumanoidRootPart"] = CFrame.new(0, 0, 0, 1, 0, 0, 0, 1, 0, 0, 0, 1),
            ["RightUpperLeg"] = CFrame.new(-5.960464477539063e-08, -8.940696716308594e-08, -1.4325632946565747e-07, 0.997552752494812, 0.051271431148052216, -0.04753834754228592, -0.06571754068136215, 0.4554169178009033, -0.8878495693206787, -0.023871611803770065, 0.8888007402420044, 0.4576716125011444),
            ["LeftUpperArm"] = CFrame.new(0.11966586112976074, 0.04197335243225098, -0.21001198887825012, 0.8793553113937378, 0.38922780752182007, -0.27429112792015076, -0.4752161502838135, 0.6810004711151123, -0.5571432113647461, -0.03006315976381302, 0.6202741265296936, 0.7838085889816284),
            ["RightLowerArm"] = CFrame.new(2.682209014892578e-07, 6.556510925292969e-07, -0.000003769993782043457, 1, -0.000019159169823979028, -0.0000028889630812045652, 0.000018905850083683617, 0.9972224831581116, -0.07448125630617142, 0.00000428454995926586, 0.07448124140501022, 0.9972224831581116),
            ["LeftHand"] = CFrame.new(-0.0000012814998626708984, -0.0000010132789611816406, 1.9371509552001953e-07, 0.6843968033790588, 0.1492782086133957, -0.7136640548706055, -0.12811248004436493, 0.9882090091705322, 0.083846814930439, 0.7177662253379822, 0.03404486924409866, 0.6954519748687744),
            ["LeftFoot"] = CFrame.new(-7.543712854385376e-08, -1.1920928955078125e-07, 1.30385160446167e-08, 0.982853353023529, -0.1509915441274643, -0.10583378374576569, 0.1405637562274933, 0.9850161075592041, -0.0999254584312439, 0.11933595687150955, 0.08333565294742584, 0.9893503785133362),
            ["LowerTorso"] = CFrame.new(-0.7293357849121094, -0.401444673538208, 0.7073054313659668, 0.9574164152145386, 0.15306906402111053, -0.24479316174983978, -0.12086344510316849, 0.9825105667114258, 0.1416514813899994, 0.26219430565834045, -0.10603293031454086, 0.9591721296310425),
            ["RightLowerLeg"] = CFrame.new(6.332993507385254e-08, -0.0007264614105224609, 0.00004611333861248568, 1, 1.49011640360186e-07, 3.7252917195473856e-08, -8.940696716308594e-08, 0.2269703894853592, 0.9739016890525818, 1.341104507446289e-07, -0.9739017486572266, 0.22697049379348755),
            ["LeftUpperLeg"] = CFrame.new(5.960464477539063e-08, 1.4901161193847656e-08, -2.9802322387695312e-08, 0.9324581027030945, 0.07679641246795654, -0.35302162170410156, -0.3612630069255829, 0.18924614787101746, -0.9130580425262451, -0.0033115737605839968, 0.9789219498634338, 0.20420770347118378),
            ["LeftLowerLeg"] = CFrame.new(8.195638656616211e-08, -0.0007265210151672363, 0.00008103251457214355, 1, 5.215405707303944e-08, 5.96046660916727e-08, -9.685754776000977e-08, -0.056669145822525024, 0.9983930587768555, 9.313225746154785e-08, -0.9983930587768555, -0.05666924640536308),
        }},
        {Time = 0.200, Data = {
            ["RightFoot"] = CFrame.new(2.123415470123291e-07, -1.1920928955078125e-07, -6.535992724820971e-08, 0.9931619763374329, -0.1144980937242508, 0.022794244810938835, 0.11516161262989044, 0.9287883639335632, -0.35226407647132874, 0.01916266232728958, 0.35248035192489624, 0.935623049736023),
            ["LeftLowerArm"] = CFrame.new(0.0000012814998626708984, -3.5762786865234375e-07, 0.00000476837158203125, 1, 1.6391278734317893e-07, 1.043081283569336e-07, -1.0430814256778831e-07, 0.968612790107727, -0.24857474863529205, -1.005828522693264e-07, 0.24857476353645325, 0.9686127305030823),
            ["RightUpperArm"] = CFrame.new(0.053109049797058105, -0.06565189361572266, -0.1822410225868225, 0.9509899020195007, -0.30844640731811523, -0.021881185472011566, 0.20787394046783447, 0.6900859475135803, -0.6932315230369568, 0.22892487049102783, 0.6547077298164368, 0.720382809638977),
            ["Head"] = CFrame.new(2.7241185307502747e-08, -8.344650268554688e-07, -7.450580596923828e-09, 0.5488044023513794, 0.059473372995853424, 0.8338322043418884, -0.054941002279520035, 0.9978756308555603, -0.03501329943537712, -0.834143340587616, -0.026596155017614365, 0.5509064793586731),
            ["RightHand"] = CFrame.new(3.203749656677246e-07, 0.0000011324882507324219, -7.897615432739258e-07, 0.33539795875549316, -0.040335576981306076, 0.9412124752998352, 0.20545348525047302, 0.978166401386261, -0.031293511390686035, -0.9194003939628601, 0.20387139916419983, 0.33636248111724854),
            ["UpperTorso"] = CFrame.new(5.960464477539063e-08, 2.9802322387695312e-08, 5.960464477539063e-08, 0.995967447757721, -0.04331761226058006, 0.07856513559818268, 0.012600564397871494, 0.9345731139183044, 0.35554805397987366, -0.08882631361484528, -0.3531244099140167, 0.9313502311706543),
            ["HumanoidRootPart"] = CFrame.new(0, 0, 0, 1, 0, 0, 0, 1, 0, 0, 0, 1),
            ["RightUpperLeg"] = CFrame.new(0, 1.862645149230957e-07, 6.535992724820971e-08, 0.9985892176628113, 0.05083417519927025, 0.015350906178355217, -0.009367515332996845, 0.4531911611557007, -0.8913642168045044, -0.05226874724030495, 0.8899627327919006, 0.4530279040336609),
            ["LeftUpperArm"] = CFrame.new(0.12067413330078125, 0.04334414005279541, -0.19742411375045776, 0.7499800324440002, 0.5179241299629211, -0.4114413261413574, -0.6586108803749084, 0.527029812335968, -0.5370956063270569, -0.06133302301168442, 0.6737908720970154, 0.7363724708557129),
            ["RightLowerArm"] = CFrame.new(3.8743019104003906e-07, 2.980232238769531e-07, -0.000003978610038757324, 1, -0.0000192299485206604, 0.000002868474666684051, 0.000018924474716186523, 0.9318091869354248, -0.36294853687286377, 0.000004291534423828125, 0.362948477268219, 0.9318093061447144),
            ["LeftHand"] = CFrame.new(-0.000001519918441772461, -0.000001430511474609375, 2.4959444999694824e-07, 0.7401363849639893, 0.134253591299057, -0.6589184999465942, -0.15355579555034637, 0.98772132396698, 0.028763609007000923, 0.6546898484230042, 0.07989172637462616, 0.7516643404960632),
            ["LeftFoot"] = CFrame.new(1.4202669262886047e-08, -1.7881393432617188e-07, -4.7497451305389404e-08, 0.9677144289016724, -0.17110233008861542, -0.1850748509168625, 0.16543009877204895, 0.9851582050323486, -0.045785900205373764, 0.1901623159646988, 0.013690722174942493, 0.9816572666168213),
            ["LowerTorso"] = CFrame.new(-0.7459577322006226, -0.3803611993789673, 0.7098111510276794, 0.9473070502281189, 0.1885528564453125, -0.2589539885520935, -0.15648172795772552, 0.9777783751487732, 0.139509916305542, 0.27950456738471985, -0.09163714945316315, 0.9557614326477051),
            ["RightLowerLeg"] = CFrame.new(-1.4901161193847656e-08, -0.0007264018058776855, 0.000046228822611737996, 1, 2.011657187495075e-07, 4.097821459936313e-08, -6.70552182668871e-08, 0.23092485964298248, 0.9729716181755066, 1.7881390590446244e-07, -0.9729716777801514, 0.23092517256736755),
            ["LeftUpperLeg"] = CFrame.new(5.960464477539063e-08, -3.725290298461914e-08, 1.4901161193847656e-08, 0.9158173203468323, 0.0949607715010643, -0.39020657539367676, -0.3924339711666107, 0.0052587720565497875, -0.919765293598175, -0.08528966456651688, 0.9954671263694763, 0.042081866413354874),
            ["LeftLowerLeg"] = CFrame.new(1.341104507446289e-07, -0.0007267594337463379, 0.00008103577420115471, 1, 8.940693874137651e-08, 7.078052988163108e-08, -9.685753354915505e-08, -0.2407730668783188, 0.9705815315246582, 1.003499932039631e-07, -0.9705814123153687, -0.24077312648296356),
        }},
        {Time = 0.233, Data = {
            ["RightFoot"] = CFrame.new(1.601874828338623e-07, 0, -1.3205863069742918e-08, 0.9928660988807678, -0.11831212043762207, 0.014805500395596027, 0.1169760525226593, 0.9424625635147095, -0.31317880749702454, 0.023099007084965706, 0.31267648935317993, 0.9495787620544434),
            ["LeftLowerArm"] = CFrame.new(0.0000016987323760986328, -3.5762786865234375e-07, 0.000004627509042620659, 1, 1.3411046495548362e-07, 5.960465188081798e-08, -8.940695295223122e-08, 0.875913143157959, -0.48246902227401733, -1.4330724695810204e-07, 0.48246893286705017, 0.8759130835533142),
            ["RightUpperArm"] = CFrame.new(0.05193769931793213, -0.0651235580444336, -0.1695176661014557, 0.8860791325569153, -0.3646613359451294, 0.2861574590206146, 0.4615900218486786, 0.6376726031303406, -0.6166914105415344, 0.04240862652659416, 0.6785247325897217, 0.7333523631095886),
            ["Head"] = CFrame.new(4.6566128730773926e-08, -8.344650268554688e-07, -1.4901161193847656e-08, 0.5447226762771606, 0.03779720142483711, 0.8377642631530762, -0.10306555777788162, 0.9944280385971069, 0.022148750722408295, -0.8322588801383972, -0.09840964525938034, 0.5455827713012695),
            ["RightHand"] = CFrame.new(2.9243528842926025e-07, 0.0000010132789611816406, -6.854534149169922e-07, 0.479648232460022, 0.07780054956674576, 0.8740046620368958, 0.14102217555046082, 0.9762782454490662, -0.16429674625396729, -0.8660544157028198, 0.2020590603351593, 0.4572990834712982),
            ["UpperTorso"] = CFrame.new(8.940696716308594e-08, 3.2782554626464844e-07, -1.1920928955078125e-07, 0.9954116344451904, -0.06989812850952148, 0.0653461217880249, 0.04613463208079338, 0.948887825012207, 0.31222379207611084, -0.08382996171712875, -0.3077763617038727, 0.9477584958076477),
            ["HumanoidRootPart"] = CFrame.new(0, 0, 0, 1, 0, 0, 0, 1, 0, 0, 0, 1),
            ["RightUpperLeg"] = CFrame.new(1.4901161193847656e-07, 2.2351741790771484e-08, -5.3849362302571535e-08, 0.9964817762374878, 0.044149287045001984, 0.0712386965751648, 0.039787981659173965, 0.4989060163497925, -0.8657424449920654, -0.07376306504011154, 0.8655308485031128, 0.49539390206336975),
            ["LeftUpperArm"] = CFrame.new(0.11930441856384277, 0.042366981506347656, -0.18344639241695404, 0.5798883438110352, 0.6093249320983887, -0.5407890677452087, -0.8128169178962708, 0.38765063881874084, -0.4348052442073822, -0.055300429463386536, 0.6917008757591248, 0.7200635671615601),
            ["RightLowerArm"] = CFrame.new(4.470348358154297e-07, 7.152557373046875e-07, -0.0000037513673305511475, 1, -0.000016994774341583252, 0.000009436163963982835, 0.000018928200006484985, 0.7444308996200562, -0.6676995754241943, 0.000004325062036514282, 0.6676995158195496, 0.7444308996200562),
            ["LeftHand"] = CFrame.new(-0.0000015497207641601562, -0.0000013113021850585938, 5.960464477539063e-08, 0.774174153804779, 0.10575481504201889, -0.6240749359130859, -0.16272121667861938, 0.9860596060752869, -0.03476157784461975, 0.6116995215415955, 0.1284617930650711, 0.780590832233429),
            ["LeftFoot"] = CFrame.new(-1.6344711184501648e-07, -5.960464477539063e-08, 2.60770320892334e-08, 0.9413207173347473, -0.1926928013563156, -0.2771013677120209, 0.21315187215805054, 0.9759632349014282, 0.0454101599752903, 0.2616901099681854, -0.10181023925542831, 0.9597671031951904),
            ["LowerTorso"] = CFrame.new(-0.7559951543807983, -0.31364262104034424, 0.7132921814918518, 0.9363513588905334, 0.22003962099552155, -0.27354857325553894, -0.18736985325813293, 0.9721692204475403, 0.14063970744609833, 0.29688185453414917, -0.08043341338634491, 0.9515207409858704),
            ["RightLowerLeg"] = CFrame.new(-6.705522537231445e-08, -0.0007262229919433594, 0.00004619529499905184, 1, 1.452863784834335e-07, 3.7252920748187535e-08, -1.1920930376163597e-07, 0.3194837272167206, 0.9475918412208557, 7.450581307466564e-08, -0.9475918412208557, 0.3194839060306549),
            ["LeftUpperLeg"] = CFrame.new(-5.960464477539063e-08, -2.123415470123291e-07, 2.9802322387695312e-08, 0.8756913542747498, 0.0610707588493824, -0.47899383306503296, -0.45915988087654114, -0.20171593129634857, -0.8651492595672607, -0.1494559347629547, 0.9775383472442627, -0.14859971404075623),
            ["LeftLowerLeg"] = CFrame.new(-1.1175870895385742e-08, -0.0007265806198120117, 0.00008086487650871277, 1, 3.3527616238870905e-08, 1.750886866602741e-07, -7.450583439094771e-08, -0.49642252922058105, 0.8680810332298279, 8.940699558479537e-08, -0.8680810928344727, -0.4964226484298706),
        }},
        {Time = 0.267, Data = {
            ["RightFoot"] = CFrame.new(1.7136335372924805e-07, 0, -1.6931153368204832e-08, 0.9907712340354919, -0.13534395396709442, 0.007378794252872467, 0.13526031374931335, 0.9836997985839844, -0.11848774552345276, 0.008777963928878307, 0.11839208006858826, 0.992928147315979),
            ["LeftLowerArm"] = CFrame.new(0.0000020265579223632812, -2.384185791015625e-07, 0.000004827976226806641, 1, 1.8253926725719793e-07, -3.632158396271734e-08, -8.195641498787154e-08, 0.7083589434623718, -0.7058525085449219, -1.192093321833454e-07, 0.7058524489402771, 0.708358883857727),
            ["RightUpperArm"] = CFrame.new(0.049248695373535156, -0.06365442276000977, -0.1576114296913147, 0.7439385056495667, -0.4576786160469055, 0.48691466450691223, 0.6635762453079224, 0.5919662117958069, -0.45743027329444885, -0.07888072729110718, 0.6634050607681274, 0.7440911531448364),
            ["Head"] = CFrame.new(-1.862645149230957e-08, -7.152557373046875e-07, -1.2293457984924316e-07, 0.538887619972229, 0.004654519725590944, 0.8423647880554199, -0.14443691074848175, 0.985686182975769, 0.08695416152477264, -0.8299025297164917, -0.16852697730064392, 0.5318464636802673),
            ["RightHand"] = CFrame.new(4.991888999938965e-07, 0.0000011324882507324219, -4.246830940246582e-07, 0.6320987343788147, 0.181903675198555, 0.7532342672348022, 0.04294993728399277, 0.96233731508255, -0.268444299697876, -0.7736966013908386, 0.20203469693660736, 0.600479781627655),
            ["UpperTorso"] = CFrame.new(-2.8312206268310547e-07, 5.662441253662109e-07, 1.4901161193847656e-08, 0.9939566254615784, -0.09841189533472061, 0.048634640872478485, 0.08211033791303635, 0.9605761170387268, 0.2656153738498688, -0.07285725325345993, -0.2600169777870178, 0.9628516435623169),
            ["HumanoidRootPart"] = CFrame.new(0, 0, 0, 1, 0, 0, 0, 1, 0, 0, 0, 1),
            ["RightUpperLeg"] = CFrame.new(-1.4901161193847656e-07, 3.129243850708008e-07, 9.516224963590503e-08, 0.9928027987480164, 0.011431924067437649, 0.1192137748003006, 0.08825813978910446, 0.6030157804489136, -0.79283207654953, -0.08095124363899231, 0.7976474165916443, 0.5976665616035461),
            ["LeftUpperArm"] = CFrame.new(0.1161961555480957, 0.04037582874298096, -0.17016460001468658, 0.40176820755004883, 0.676899790763855, -0.6167568564414978, -0.9156287908554077, 0.28638291358947754, -0.28214994072914124, -0.01435879711061716, 0.67807936668396, 0.7348486185073853),
            ["RightLowerArm"] = CFrame.new(-5.960464477539063e-08, 8.940696716308594e-07, -0.0000036619603633880615, 1, -0.000012582167983055115, 0.000014875085980747826, 0.000019032509953831322, 0.4584280848503113, -0.8887314796447754, 0.0000043064360397693235, 0.8887315392494202, 0.45842817425727844),
            ["LeftHand"] = CFrame.new(-0.0000016093254089355469, -0.0000012516975402832031, 3.166496753692627e-07, 0.8001023530960083, 0.06651583313941956, -0.5961641073226929, -0.15227068960666656, 0.9838016629219055, -0.09459429979324341, 0.580215334892273, 0.16646355390548706, 0.797270655632019),
