return {
    ["NYA Dance"] = {
        {Time = 0.000, Data = {
            ["RightFoot"] = CFrame.new(-1.392913873132784e-08, 4.76837158203125e-07, 1.7229467630386353e-08, 0.9999367594718933, -0.00992803368717432, 0.005295979790389538, 0.01071241870522499, 0.9839640855789185, -0.17804433405399323, -0.003443419234827161, 0.1780901402235031, 0.9840083122253418),
            ["LeftLowerArm"] = CFrame.new(-2.682209014892578e-07, 1.7881393432617188e-07, 2.9802322387695312e-08, 1, -5.960464477539063e-08, 5.587935447692871e-08, 2.9802318834981634e-08, 0.9921801686286926, -0.12481462955474854, -2.9802318834981634e-08, 0.12481460720300674, 0.9921801090240479),
            ["RightUpperArm"] = CFrame.new(-0.06627702713012695, -0.07472002506256104, -0.01327517256140709, 0.8698471784591675, 0.2941655218601227, -0.39602091908454895, -0.1289907693862915, 0.9104599952697754, 0.3929683268070221, 0.47615882754325867, -0.29073935747146606, 0.8299056887626648),
            ["Head"] = CFrame.new(7.275957614183426e-10, -2.384185791015625e-07, -2.8994691092520952e-09, 0.9998484253883362, 0.01725778914988041, 0.0023159643169492483, -0.01712055131793022, 0.9986037611961365, -0.04997475817799568, -0.00317518413066864, 0.049927618354558945, 0.9987478852272034),
            ["LowerTorso"] = CFrame.new(0.017177240923047066, -0.04294323921203613, 5.769788646858842e-09, 0.9997363090515137, -0.022963032126426697, -0.0000494003361382056, 0.022957785055041313, 0.9995494484901428, -0.019335178658366203, 0.0004933723830617964, 0.019328946247696877, 0.9998130798339844),
            ["UpperTorso"] = CFrame.new(7.848939276300371e-10, -8.940696716308594e-08, -8.589040589868091e-10, 0.9997767806053162, 0.020705798640847206, -0.004209091886878014, -0.020442184060811996, 0.9982667565345764, 0.05518698692321777, 0.005344487261027098, -0.055088624358177185, 0.998467206954956),
            ["HumanoidRootPart"] = CFrame.new(0, 0, 0, 1, 0, 0, 0, 1, 0, 0, 0, 1),
            ["RightUpperLeg"] = CFrame.new(-2.9802322387695312e-08, -2.151573426090181e-07, -1.2150849215686321e-09, 0.9994477033615112, 0.031247345730662346, -0.011308586224913597, -0.03278282657265663, 0.9828131198883057, -0.18166907131671906, 0.005437551531940699, 0.18193945288658142, 0.9832947850227356),
            ["LeftUpperArm"] = CFrame.new(0.03614223003387451, -0.055509328842163086, -0.01397101953625679, 0.8657926917076111, -0.3594416379928589, 0.3481448292732239, 0.17497330904006958, 0.8692685961723328, 0.4623381793498993, -0.4688149094581604, -0.33937299251556396, 0.8154990077018738),
            ["RightLowerArm"] = CFrame.new(-1.1920928955078125e-07, 0, 0, 1, -5.215405707303944e-08, -1.1175869119028903e-08, 2.2351738238057806e-08, 0.9902291297912598, -0.13944970071315765, 1.1175869119028903e-08, 0.13944970071315765, 0.9902291297912598),
            ["LeftHand"] = CFrame.new(1.7881393432617188e-07, 0, -8.940696716308594e-08, 0.9894638061523438, -0.1165703684091568, -0.08586521446704865, 0.09894301742315292, 0.9774097204208374, -0.18676325678825378, 0.10569654405117035, 0.17629967629909515, 0.9786453247070312),
            ["LeftFoot"] = CFrame.new(1.0339515199575544e-07, 5.960464477539063e-08, -9.657696864451282e-10, 0.9994072914123535, -0.010217195376753807, -0.03287407010793686, 0.002287917770445347, 0.9725435972213745, -0.23270942270755768, 0.03434910252690315, 0.232496440410614, 0.9719906449317932),
            ["RightHand"] = CFrame.new(1.4901161193847656e-07, 1.1920928955078125e-07, 1.1920928955078125e-07, 0.900826632976532, 0.02918875589966774, 0.4331968426704407, -0.031789399683475494, 0.9994938373565674, -0.0012401744024828076, -0.4330138564109802, -0.012653881683945656, 0.9012985229492188),
            ["RightLowerLeg"] = CFrame.new(2.8347130864858627e-08, -0.00015413761138916016, -0.00006406561442418024, 1, -5.5297256551511964e-08, -1.1175868230850483e-08, 5.634502286966381e-08, 0.9281820058822632, 0.37212613224983215, -1.1175872671742582e-08, -0.3721264600753784, 0.9281821250915527),
            ["LeftUpperLeg"] = CFrame.new(1.1920928955078125e-07, -1.8303398974239826e-07, -1.4224497135728598e-09, 0.9988930225372314, 0.040760189294815063, 0.023483015596866608, -0.03379739075899124, 0.9690788388252258, -0.24442599713802338, -0.03271974250674248, 0.2433617264032364, 0.9693835973739624),
            ["LeftLowerLeg"] = CFrame.new(3.585591912269592e-08, 0.00015437602996826172, 0.00006402470171451569, 1, 4.027969069397841e-08, 3.4924596548080444e-09, -4.190951585769653e-08, 0.8774372339248657, 0.4796915352344513, 1.1874362826347351e-08, -0.4796915054321289, 0.8774372339248657),
        }},
        {Time = 0.033, Data = {
            ["RightFoot"] = CFrame.new(-2.9224736408650642e-08, 2.980232238769531e-07, -1.025910023599863e-09, 0.9999288320541382, -0.00746501749381423, 0.009306497871875763, 0.009148770943284035, 0.9804548621177673, -0.1965312361717224, -0.0076574888080358505, 0.1966029554605484, 0.9804534316062927),
            ["LeftLowerArm"] = CFrame.new(5.960464477539063e-08, -1.7881393432617188e-07, -2.9802322387695312e-08, 1, 1.4901161193847656e-08, 1.862645149230957e-08, 4.470348358154297e-08, 0.9921467900276184, -0.12507908046245575, -7.450580596923828e-08, 0.12507909536361694, 0.9921467900276184),
            ["RightUpperArm"] = CFrame.new(-0.06695413589477539, -0.07925236225128174, -0.01496468111872673, 0.8763149380683899, 0.28063830733299255, -0.39155372977256775, -0.13298702239990234, 0.9221355319023132, 0.3632911741733551, 0.4630189538002014, -0.2662859559059143, 0.8454024195671082),
            ["Head"] = CFrame.new(-1.57160684466362e-09, -1.1920928955078125e-07, -5.8225850807502866e-09, 0.9998334646224976, 0.01810765638947487, 0.0023040783125907183, -0.017969965934753418, 0.998589038848877, -0.049971092492341995, -0.00320568704046309, 0.04992144927382469, 0.9987480640411377),
            ["LowerTorso"] = CFrame.new(0.012813566252589226, -0.046918272972106934, 0.0004523778916336596, 0.9998626708984375, -0.016335001215338707, -0.002800651593133807, 0.01628543622791767, 0.999724805355072, -0.01689024642109871, 0.003075782675296068, 0.016842318698763847, 0.9998534321784973),
            ["UpperTorso"] = CFrame.new(8.267306839115918e-09, 2.9802322387695312e-08, 3.017703420482576e-09, 0.9999105930328369, 0.013234990648925304, -0.001905494136735797, -0.013114569708704948, 0.9984908699989319, 0.0533294752240181, 0.0026084338314831257, -0.05329972133040428, 0.9985752105712891),
            ["HumanoidRootPart"] = CFrame.new(0, 0, 0, 1, 0, 0, 0, 1, 0, 0, 0, 1),
            ["RightUpperLeg"] = CFrame.new(1.1920928955078125e-07, 1.3969838619232178e-08, 7.617927622050047e-09, 0.9996985793113708, 0.021752063184976578, -0.011387266218662262, -0.023640114814043045, 0.9780208468437195, -0.2071627527475357, 0.006630768533796072, 0.20736941695213318, 0.9782402515411377),
            ["LeftUpperArm"] = CFrame.new(0.035404324531555176, -0.06071972846984863, -0.015418082475662231, 0.8785664439201355, -0.33977219462394714, 0.3356724977493286, 0.1723775565624237, 0.881001889705658, 0.4405924677848816, -0.44542911648750305, -0.32922735810279846, 0.832587718963623),
            ["RightLowerArm"] = CFrame.new(0, 5.960464477539063e-08, -5.960464477539063e-08, 1, -2.9802322387695312e-08, -3.166496753692627e-08, 2.2351741790771484e-08, 0.9902153015136719, -0.13954854011535645, -1.1175870895385742e-08, 0.13954856991767883, 0.9902152419090271),
            ["LeftHand"] = CFrame.new(5.960464477539063e-08, 5.960464477539063e-08, 0, 0.9913057684898376, -0.09172574430704117, -0.09433683753013611, 0.07299014180898666, 0.9798793792724609, -0.18576596677303314, 0.10947825014591217, 0.1772652119398117, 0.9780550003051758),
            ["LeftFoot"] = CFrame.new(-1.6689362780653028e-08, 5.960464477539063e-08, 1.0782059689518064e-09, 0.9995774030685425, -0.007622747216373682, -0.028055325150489807, 0.0008270377293229103, 0.9720791578292847, -0.23465152084827423, 0.029060695320367813, 0.23452934622764587, 0.9716746211051941),
            ["RightHand"] = CFrame.new(4.470348358154297e-08, 2.980232238769531e-07, -2.9802322387695312e-08, 0.901098370552063, -0.0018637776374816895, 0.4336108863353729, -0.007909294217824936, 0.9997538328170776, 0.020733723416924477, -0.43354272842407227, -0.022112667560577393, 0.9008616805076599),
            ["RightLowerLeg"] = CFrame.new(5.343463271856308e-08, -0.0001544356346130371, -0.00006400950223905966, 1, -6.14672543974848e-08, -1.2689268302779055e-08, 6.146728992462158e-08, 0.9116029739379883, 0.41107177734375, -1.3620592653751373e-08, -0.4110720157623291, 0.9116029739379883),
            ["LeftUpperLeg"] = CFrame.new(0, -1.9819708541035652e-08, 3.4924596548080444e-10, 0.9992296099662781, 0.03126126900315285, 0.023726914077997208, -0.024421216920018196, 0.9685460925102234, -0.24763324856758118, -0.03072192892432213, 0.2468629777431488, 0.9685633182525635),
            ["LeftLowerLeg"] = CFrame.new(6.938353180885315e-08, 0.00015437602996826172, 0.00006395485252141953, 1, 4.1502048020447546e-08, 7.2177499532699585e-09, -4.1443854570388794e-08, 0.8759295344352722, 0.4824391007423401, 8.847564458847046e-09, -0.4824390411376953, 0.875929594039917),
        }},
        {Time = 0.067, Data = {
            ["RightFoot"] = CFrame.new(-3.1614035833626986e-09, 2.384185791015625e-07, -1.0208168532699347e-08, 0.9998131394386292, -0.0014887459110468626, 0.019273793324828148, 0.005954637657850981, 0.9722682237625122, -0.23379258811473846, -0.01839122734963894, 0.23386403918266296, 0.9720955491065979),
            ["LeftLowerArm"] = CFrame.new(-5.960464477539063e-08, 3.5762786865234375e-07, -2.086162567138672e-07, 1, 7.4505797087454084e-09, -3.725290298461914e-09, 2.9802322387695312e-08, 0.9919116497039795, -0.1269301474094391, 0, 0.12693004310131073, 0.9919116497039795),
            ["RightUpperArm"] = CFrame.new(-0.06864696741104126, -0.09075188636779785, -0.01936379447579384, 0.8938872814178467, 0.24401934444904327, -0.3760588765144348, -0.14003057777881622, 0.9488827586174011, 0.2828657627105713, 0.42586052417755127, -0.20019032061100006, 0.8823643326759338),
            ["Head"] = CFrame.new(2.0372681319713593e-10, -3.5762786865234375e-07, 8.527422323822975e-09, 0.9997884631156921, 0.02043822780251503, 0.0023090725298970938, -0.020297493785619736, 0.9985461235046387, -0.049937549978494644, -0.003326350124552846, 0.04988021031022072, 0.9987496733665466),
            ["LowerTorso"] = CFrame.new(0.0024078702554106712, -0.05676889419555664, 0.0019776250701397657, 0.9999445676803589, -0.0004996352945454419, -0.01051936112344265, 0.00039476671372540295, 0.9999502301216125, -0.00996882002800703, 0.01052381843328476, 0.009964114055037498, 0.9998949766159058),
            ["UpperTorso"] = CFrame.new(8.731149137020111e-11, 2.682209014892578e-07, -2.0627339836210012e-09, 0.9999796748161316, -0.004585989285260439, 0.004429243505001068, 0.004367081914097071, 0.9988268613815308, 0.04822849482297897, -0.004645221401005983, -0.04820816218852997, 0.9988265633583069),
            ["HumanoidRootPart"] = CFrame.new(0, 0, 0, 1, 0, 0, 0, 1, 0, 0, 0, 1),
            ["RightUpperLeg"] = CFrame.new(-2.9802322387695312e-08, 2.867454895749688e-08, 2.495653461664915e-09, 0.9999599456787109, -0.0005703837377950549, -0.008933091536164284, -0.0017962424317374825, 0.9648820161819458, -0.2626775801181793, 0.008769206702709198, 0.2626831531524658, 0.9648423194885254),
            ["LeftUpperArm"] = CFrame.new(0.033393025398254395, -0.0737466812133789, -0.019035741686820984, 0.9089556336402893, -0.28799131512641907, 0.3014313280582428, 0.16142775118350983, 0.9097738862037659, 0.382429838180542, -0.3843708634376526, -0.2989523112773895, 0.8734338879585266),
            ["RightLowerArm"] = CFrame.new(0, 1.1920928955078125e-07, -5.960464477539063e-08, 1, -7.4505797087454084e-09, 5.587934559514451e-09, 0, 0.9901174306869507, -0.1402408927679062, -1.4901161193847656e-08, 0.1402408480644226, 0.9901173710823059),
            ["LeftHand"] = CFrame.new(-8.940696716308594e-08, -2.384185791015625e-07, -5.960464477539063e-08, 0.9928853511810303, -0.029188133776187897, -0.11544232070446014, 0.0078439274802804, 0.9834184646606445, -0.1811814308166504, 0.11881649494171143, 0.17898686230182648, 0.9766506552696228),
            ["LeftFoot"] = CFrame.new(-3.0803086303876626e-08, 5.960464477539063e-08, 2.1206574274401646e-09, 0.9998696446418762, -0.0014712149277329445, -0.016081877052783966, -0.0024322201497852802, 0.9707629084587097, -0.24002811312675476, 0.015964824706315994, 0.24003596603870392, 0.970632791519165),
            ["RightHand"] = CFrame.new(-4.470348358154297e-08, -2.980232238769531e-07, 2.9802322387695312e-08, 0.8990070819854736, -0.07978446036577225, 0.43060511350631714, 0.052038487046957016, 0.9957601428031921, 0.07585428655147552, -0.4348313510417938, -0.04578549042344093, 0.8993472456932068),
            ["RightLowerLeg"] = CFrame.new(4.901085048913956e-08, -0.0001544356346130371, -0.00006400996790034696, 1, -7.345802544023172e-08, -1.9383149307827807e-08, 7.369089161102238e-08, 0.8718550801277161, 0.4897637665271759, -2.3108437829932882e-08, -0.48976388573646545, 0.8718552589416504),
            ["LeftUpperLeg"] = CFrame.new(0, -2.2846506908535957e-09, 1.862645149230957e-09, 0.9996443390846252, 0.008892366662621498, 0.02514258772134781, -0.002130908891558647, 0.9663909673690796, -0.2570679485797882, -0.026583513244986534, 0.2569229304790497, 0.966066300868988),
            ["LeftLowerLeg"] = CFrame.new(-1.0943040251731873e-08, 0.0001544356346130371, 0.000064037274569273, 1, 4.342290438330565e-08, 1.0797521099448204e-08, -4.307366907596588e-08, 0.8715970516204834, 0.4902230501174927, 1.0128132998943329e-08, -0.4902230203151703, 0.8715970516204834),
        }},
        {Time = 0.100, Data = {
            ["RightFoot"] = CFrame.new(1.4104443835094571e-08, 4.172325134277344e-07, -6.4828782342374325e-09, 0.9994708895683289, 0.005812325049191713, 0.032005034387111664, 0.003046848578378558, 0.9628531336784363, -0.2700085937976837, -0.03238552063703537, 0.2699633538722992, 0.962325930595398),
            ["LeftLowerArm"] = CFrame.new(-5.960464477539063e-08, 0, -8.940696716308594e-08, 1, 0, 1.1175870895385742e-08, 2.9802322387695312e-08, 0.991256058216095, -0.13195225596427917, -7.450580596923828e-09, 0.13195225596427917, 0.9912561178207397),
            ["RightUpperArm"] = CFrame.new(-0.07084745168685913, -0.10606908798217773, -0.025468405336141586, 0.918994665145874, 0.19104748964309692, -0.34489092230796814, -0.1410520076751709, 0.9761738181114197, 0.16489115357398987, 0.3681755065917969, -0.10288652032613754, 0.9240460991859436),
            ["Head"] = CFrame.new(-1.4260876923799515e-09, -1.1920928955078125e-07, -2.08092387765646e-09, 0.9997110962867737, 0.023920925334095955, 0.0023921288084238768, -0.02377207949757576, 0.9984742999076843, -0.04984058067202568, -0.003580711781978607, 0.049769412726163864, 0.9987543225288391),
            ["LowerTorso"] = CFrame.new(-0.010011827573180199, -0.06938374042510986, 0.00482794176787138, 0.9995783567428589, 0.018493741750717163, -0.022385546937584877, -0.018479926511645317, 0.9998289942741394, 0.0008237844449467957, 0.02239695005118847, -0.0004097539931535721, 0.9997490644454956),
            ["UpperTorso"] = CFrame.new(-5.893525667488575e-10, -5.960464477539063e-08, -4.0745362639427185e-10, 0.9995689392089844, -0.025839636102318764, 0.013936960138380527, 0.025255141779780388, 0.9988563656806946, 0.04059870168566704, -0.014970075339078903, -0.04022921994328499, 0.9990783333778381),
            ["HumanoidRootPart"] = CFrame.new(0, 0, 0, 1, 0, 0, 0, 1, 0, 0, 0, 1),
            ["RightUpperLeg"] = CFrame.new(5.960464477539063e-08, -7.743074093014002e-08, -1.3460521586239338e-09, 0.9996588230133057, -0.026092978194355965, -0.0012149929534643888, 0.0242820605635643, 0.945412814617157, -0.32496950030326843, 0.009628087282180786, 0.3248291313648224, 0.9457237720489502),
            ["LeftUpperArm"] = CFrame.new(0.030412137508392334, -0.09068059921264648, -0.023738710209727287, 0.9440432190895081, -0.21550190448760986, 0.24968256056308746, 0.13653364777565002, 0.9444562196731567, 0.2989331781864166, -0.30023494362831116, -0.24811583757400513, 0.9210307002067566),
            ["RightLowerArm"] = CFrame.new(0, 5.960464477539063e-08, 8.940696716308594e-08, 1, 4.6566128730773926e-09, -2.0954757928848267e-08, -3.725290298461914e-09, 0.9898495078086853, -0.1421196013689041, 1.862645149230957e-08, 0.1421196311712265, 0.9898495674133301),
            ["LeftHand"] = CFrame.new(1.341104507446289e-07, 1.1920928955078125e-07, 2.9802322387695312e-08, 0.988422155380249, 0.052564837038517, -0.14233268797397614, -0.0768212080001831, 0.9823240041732788, -0.1706993728876114, 0.13084402680397034, 0.1796572506427765, 0.9749888777732849),
            ["LeftFoot"] = CFrame.new(3.679127402733684e-08, -5.960464477539063e-08, -9.733923889143625e-09, 0.9999829530715942, 0.0058027273043990135, -0.0006623207591474056, -0.0057855150662362576, 0.9686887264251709, -0.24821142852306366, -0.0007987197022885084, 0.2482108175754547, 0.9687056541442871),
            ["RightHand"] = CFrame.new(-6.705522537231445e-08, 2.384185791015625e-07, 7.450580596923828e-08, 0.8903344869613647, -0.1806263029575348, 0.4179459512233734, 0.1299257129430771, 0.9805662035942078, 0.14700153470039368, -0.43637600541114807, -0.07657858729362488, 0.8964998126029968),
            ["RightLowerLeg"] = CFrame.new(-2.3283064365386963e-08, -0.00015437602996826172, -0.00006399320409400389, 1, -8.614730973022233e-08, -2.700834755842152e-08, 8.288770203535023e-08, 0.8233890533447266, 0.5674771070480347, -3.085005673142405e-08, -0.567477285861969, 0.8233891725540161),
            ["LeftUpperLeg"] = CFrame.new(-1.7881393432617188e-07, -8.301867637783289e-08, 5.820766091346741e-10, 0.9994392395019531, -0.0170899610966444, 0.02879517525434494, 0.02429545670747757, 0.9618821144104004, -0.2723834216594696, -0.02304253540933132, 0.2729302942752838, 0.9617578387260437),
            ["LeftLowerLeg"] = CFrame.new(-5.286710802465677e-08, 0.0001544952392578125, 0.00006404460873454809, 1, 4.238973261294632e-08, 1.1816152500898625e-08, -4.387402441352606e-08, 0.8646252751350403, 0.5024174451828003, 1.1874362826347351e-08, -0.5024174451828003, 0.8646252155303955),
        }},
        {Time = 0.133, Data = {
            ["RightFoot"] = CFrame.new(1.5588284441037104e-08, 1.7881393432617188e-07, 1.148873707279563e-08, 0.998960554599762, 0.012005177326500416, 0.04397568851709366, 0.0015017862897366285, 0.9555069804191589, -0.29496437311172485, -0.04556015506386757, 0.2947242558002472, 0.9544958472251892),
            ["LeftLowerArm"] = CFrame.new(5.960464477539063e-08, 5.364418029785156e-07, 0, 1, 0, -2.7939677238464355e-09, 1.4901161193847656e-08, 0.989906370639801, -0.1417231410741806, -1.4901161193847656e-08, 0.1417231410741806, 0.989906370639801),
            ["RightUpperArm"] = CFrame.new(-0.07304805517196655, -0.12205648422241211, -0.032274387776851654, 0.9466444253921509, 0.13000372052192688, -0.2948956787586212, -0.1273999661207199, 0.9914529919624329, 0.028112072497606277, 0.2960298955440521, 0.010957561433315277, 0.9551158547401428),
            ["Head"] = CFrame.new(-1.3969838619232178e-09, 2.384185791015625e-07, -4.816683940589428e-09, 0.9995981454849243, 0.028227025642991066, 0.0026148015167564154, -0.028062552213668823, 0.9983725547790527, -0.0496472492814064, -0.004011941142380238, 0.049554016441106796, 0.998763382434845),
            ["LowerTorso"] = CFrame.new(-0.020417530089616776, -0.08165097236633301, 0.00925552286207676, 0.9986909627914429, 0.03460655361413956, -0.03766675665974617, -0.03407077491283417, 0.9993101954460144, 0.01477452740073204, 0.038152072578668594, -0.013471851125359535, 0.9991811513900757),
            ["UpperTorso"] = CFrame.new(-4.511093720793724e-10, 2.9802322387695312e-08, 2.5029294192790985e-09, 0.9987193942070007, -0.0435943566262722, 0.02567504718899727, 0.042790934443473816, 0.9986013770103455, 0.03105180896818638, -0.02699282206594944, -0.029913386330008507, 0.9991880059242249),
            ["HumanoidRootPart"] = CFrame.new(0, 0, 0, 1, 0, 0, 0, 1, 0, 0, 0, 1),
            ["RightUpperLeg"] = CFrame.new(-2.9802322387695312e-08, -5.034962669014931e-09, 7.617927622050047e-09, 0.9989215135574341, -0.04497363790869713, 0.011540313251316547, 0.04597494751214981, 0.9233387112617493, -0.38122424483299255, 0.006489427760243416, 0.38134363293647766, 0.9244106411933899),
            ["LeftUpperArm"] = CFrame.new(0.026765644550323486, -0.10761439800262451, -0.0284416601061821, 0.9725393056869507, -0.1353442668914795, 0.18933898210525513, 0.09574619680643082, 0.9741612672805786, 0.2045547515153885, -0.21213199198246002, -0.18080906569957733, 0.9603687524795532),
            ["RightLowerArm"] = CFrame.new(1.1920928955078125e-07, -2.384185791015625e-07, -2.9802322387695312e-08, 1, 0, 3.073364140959711e-08, 1.7695128917694092e-08, 0.9893175363540649, -0.14577673375606537, -1.257285475730896e-08, 0.14577676355838776, 0.9893174767494202),
            ["LeftHand"] = CFrame.new(4.842877388000488e-08, -5.960464477539063e-08, 4.470348358154297e-08, 0.9766150712966919, 0.13428103923797607, -0.1679041087627411, -0.1604568213224411, 0.9750311970710754, -0.15351805090904236, 0.1430971622467041, 0.17686937749385834, 0.9737764596939087),
            ["LeftFoot"] = CFrame.new(-1.6568546534756479e-09, 5.960464477539063e-08, -1.4802054693063837e-08, 0.9998241066932678, 0.011820174753665924, 0.014562665484845638, -0.0076505448669195175, 0.9659141898155212, -0.2587495744228363, -0.01712474226951599, 0.2585926651954651, 0.9658346772193909),
            ["RightHand"] = CFrame.new(7.636845111846924e-08, -1.1920928955078125e-07, 2.2351741790771484e-08, 0.8756758570671082, -0.27928054332733154, 0.39394715428352356, 0.20711402595043182, 0.9541615843772888, 0.21605442464351654, -0.43622907996177673, -0.10760165005922318, 0.8933791518211365),
            ["RightLowerLeg"] = CFrame.new(3.073364496231079e-08, -0.00015437602996826172, -0.00006393546209437773, 1, -9.639182962928317e-08, -3.5390254282674505e-08, 9.220092067607766e-08, 0.7802389860153198, 0.6254814267158508, -3.5390254282674505e-08, -0.6254816055297852, 0.7802391052246094),
            ["LeftUpperLeg"] = CFrame.new(0, 4.2971805669367313e-08, -1.862645149230957e-09, 0.9986681342124939, -0.03743593022227287, 0.035503581166267395, 0.04621635749936104, 0.9549804925918579, -0.2930465638637543, -0.02293475531041622, 0.29429709911346436, 0.9554387331008911),
            ["LeftLowerLeg"] = CFrame.new(6.51925802230835e-09, 0.0001544356346130371, 0.00006399629637598991, 1, 4.540196840707722e-08, 9.546055501630235e-09, -4.470347647611561e-08, 0.8549543023109436, 0.518703281879425, 1.1408699762682772e-08, -0.518703281879425, 0.8549543023109436),
        }},
        {Time = 0.167, Data = {
            ["RightFoot"] = CFrame.new(-3.553350325091742e-08, 3.5762786865234375e-07, 1.2580130714923143e-08, 0.998572826385498, 0.01446856651455164, 0.05141185596585274, 0.001774982432834804, 0.9530850052833557, -0.3026973009109497, -0.053379446268081665, 0.302357017993927, 0.9516991972923279),
            ["LeftLowerArm"] = CFrame.new(-2.9802322387695312e-08, 1.7881393432617188e-07, 1.4901161193847656e-08, 1, -1.9150320440530777e-08, 2.732849324615927e-08, 2.2351741790771484e-08, 0.9874707460403442, -0.15780231356620789, -1.5832483768463135e-08, 0.15780232846736908, 0.9874706864356995),
            ["RightUpperArm"] = CFrame.new(-0.07474076747894287, -0.1355670690536499, -0.03877764940261841, 0.9711952209472656, 0.06930134445428848, -0.22798550128936768, -0.0946141704916954, 0.9902715682983398, -0.10203129798173904, 0.21869666874408722, 0.12066293507814407, 0.9683037996292114),
            ["Head"] = CFrame.new(-2.3283064365386963e-10, 1.1920928955078125e-07, -6.315531209111214e-09, 0.9994499087333679, 0.033027466386556625, 0.0030390459578484297, -0.032837606966495514, 0.9982427954673767, -0.04932526871562004, -0.004662791267037392, 0.04919842258095741, 0.998778223991394),
            ["LowerTorso"] = CFrame.new(-0.024781201034784317, -0.09045898914337158, 0.015512559562921524, 0.9975645542144775, 0.0418107844889164, -0.055828772485256195, -0.04012696072459221, 0.9987151622772217, 0.030948776751756668, 0.05705103278160095, -0.02863316237926483, 0.9979605674743652),
            ["UpperTorso"] = CFrame.new(9.691575542092323e-09, 1.4901161193847656e-07, -2.473825588822365e-09, 0.9979568123817444, -0.05095646530389786, 0.03854570910334587, 0.05021361634135246, 0.9985381960868835, 0.020001403987407684, -0.03950856626033783, -0.01802501454949379, 0.9990566968917847),
            ["HumanoidRootPart"] = CFrame.new(0, 0, 0, 1, 0, 0, 0, 1, 0, 0, 0, 1),
            ["RightUpperLeg"] = CFrame.new(-5.960464477539063e-08, -1.4551915228366852e-08, -1.1008523870259523e-08, 0.9984932541847229, -0.04786946251988411, 0.02682761661708355, 0.054728902876377106, 0.9043065905570984, -0.4233608543872833, -0.00399432610720396, 0.4241912364959717, 0.9055639505386353),
            ["LeftUpperArm"] = CFrame.new(0.022756755352020264, -0.12064087390899658, -0.03205931931734085, 0.9887170195579529, -0.060623202472925186, 0.13698002696037292, 0.044671572744846344, 0.99216628074646, 0.11666472256183624, -0.14297951757907867, -0.10922928154468536, 0.9836797118186951),
            ["RightLowerArm"] = CFrame.new(-2.9802322387695312e-08, 0, -1.1175870895385742e-08, 1, 1.862645149230957e-09, 6.51925802230835e-09, 3.725290298461914e-09, 0.988411009311676, -0.15180176496505737, -1.816079020500183e-08, 0.15180177986621857, 0.988411009311676),
            ["LeftHand"] = CFrame.new(9.96515154838562e-08, -2.384185791015625e-07, -3.725290298461914e-09, 0.9626219868659973, 0.1972004622220993, -0.1856638789176941, -0.2231265753507614, 0.9659646153450012, -0.13087020814418793, 0.15353704988956451, 0.16740506887435913, 0.9738593697547913),
            ["LeftFoot"] = CFrame.new(-5.773417299792527e-08, -1.1920928955078125e-07, 1.180751496576704e-09, 0.9995605945587158, 0.014238135889172554, 0.025997905060648918, -0.006653837859630585, 0.962475061416626, -0.2712889015674591, -0.028884978964924812, 0.27099671959877014, 0.9621468782424927),
            ["RightHand"] = CFrame.new(1.2665987014770508e-07, 0, -1.4901161193847656e-08, 0.8624398112297058, -0.3524053990840912, 0.3633292317390442, 0.26640522480010986, 0.9263836145401001, 0.2661609649658203, -0.430378794670105, -0.13275499641895294, 0.8928327560424805),
            ["RightLowerLeg"] = CFrame.new(2.421438694000244e-08, -0.0001544356346130371, -0.0000641142760287039, 1, -9.906938203130267e-08, -3.911554458113642e-08, 1.0244548320770264e-07, 0.7555816769599915, 0.6550543308258057, -3.67872416973114e-08, -0.6550544500350952, 0.755581796169281),
            ["LeftUpperLeg"] = CFrame.new(0, 1.1816155165433884e-08, -3.725290298461914e-09, 0.998038113117218, -0.04296807572245598, 0.045538391917943954, 0.05526791512966156, 0.9463714957237244, -0.31831836700439453, -0.0294186994433403, 0.32021063566207886, 0.9468895792961121),
            ["LeftLowerLeg"] = CFrame.new(-1.3969838619232178e-08, 0.00015437602996826172, 0.0000639650970697403, 1, 4.516914486885071e-08, 1.5832483768463135e-08, -4.516914486885071e-08, 0.8423510789871216, 0.538929283618927, 1.4435499906539917e-08, -0.538929283618927, 0.8423510789871216),
        }},
        {Time = 0.200, Data = {
            ["RightFoot"] = CFrame.new(-2.0009338186355308e-08, 3.5762786865234375e-07, -2.937304088845849e-08, 0.9985465407371521, 0.012036729604005814, 0.05253677815198898, 0.0040000854060053825, 0.9555058479309082, -0.2949449419975281, -0.05374930799007416, 0.2947266101837158, 0.9540688395500183),
            ["LeftLowerArm"] = CFrame.new(2.9802322387695312e-08, -5.960464477539063e-08, 2.2118911147117615e-08, 1, -1.8419086700305343e-08, 1.6034391592256725e-08, 2.0503648556768894e-08, 0.9833524227142334, -0.18170875310897827, -9.650193533161655e-09, 0.18170875310897827, 0.9833524227142334),
            ["RightUpperArm"] = CFrame.new(-0.07541793584823608, -0.14345169067382812, -0.04397401958703995, 0.9882656931877136, 0.014358025044202805, -0.1520686149597168, -0.044739704579114914, 0.9791179895401001, -0.19830863177776337, 0.14604581892490387, 0.20278510451316833, 0.9682711362838745),
            ["Head"] = CFrame.new(-2.3283064365386963e-10, -1.1920928955078125e-07, -1.3387762010097504e-09, 0.9992710947990417, 0.03799289092421532, 0.0037271003238856792, -0.037765905261039734, 0.9980922937393188, -0.048842962831258774, -0.005575680639594793, 0.04866670072078705, 0.9987996220588684),
            ["LowerTorso"] = CFrame.new(-0.021177856251597404, -0.09585392475128174, 0.023644641041755676, 0.9963314533233643, 0.03850584104657173, -0.07642731815576553, -0.03487459570169449, 0.9982242584228516, 0.048291873186826706, 0.07815112173557281, -0.04544932767748833, 0.9959051012992859),
            ["UpperTorso"] = CFrame.new(2.9103830456733704e-10, -1.1920928955078125e-07, 2.2118911147117615e-09, 0.9975100755691528, -0.048308707773685455, 0.0513797253370285, 0.047969505190849304, 0.9988183379173279, 0.007815157994627953, -0.0516965389251709, -0.005331043154001236, 0.9986486434936523),
            ["HumanoidRootPart"] = CFrame.new(0, 0, 0, 1, 0, 0, 0, 1, 0, 0, 0, 1),
            ["RightUpperLeg"] = CFrame.new(-2.9802322387695312e-08, -2.430751919746399e-07, 9.480572771281004e-09, 0.9985692501068115, -0.03224699944257736, 0.04265850409865379, 0.048077378422021866, 0.8906475305557251, -0.452145516872406, -0.023413367569446564, 0.45354950428009033, 0.8909235596656799),
            ["LeftUpperArm"] = CFrame.new(0.018689632415771484, -0.12585163116455078, -0.03350638598203659, 0.9933615922927856, -0.0017650178633630276, 0.11502097547054291, -0.004240852780640125, 0.998640775680542, 0.05194980651140213, -0.1149563193321228, -0.05209273472428322, 0.9920037388801575),
            ["RightLowerArm"] = CFrame.new(0, 5.960464477539063e-08, 0, 1, -1.30385160446167e-08, 1.7695128917694092e-08, 1.1961674317717552e-08, 0.9869904518127441, -0.16077932715415955, 3.91155481338501e-08, 0.16077931225299835, 0.9869904518127441),
            ["LeftHand"] = CFrame.new(9.509676601737738e-08, -1.7881393432617188e-07, 7.450580596923828e-09, 0.9558231234550476, 0.22388134896755219, -0.19047151505947113, -0.24659354984760284, 0.9634075164794922, -0.10505975037813187, 0.15998072922229767, 0.14738759398460388, 0.9760549068450928),
            ["LeftFoot"] = CFrame.new(1.6229124710775977e-08, -5.960464477539063e-08, 5.756504606324597e-09, 0.9994289875030518, 0.011868690140545368, 0.031635988503694534, -0.0022890849504619837, 0.9579104781150818, -0.2870584726333618, -0.03371141850948334, 0.2868218719959259, 0.9573906064033508),
            ["RightHand"] = CFrame.new(-4.842877388000488e-08, -1.7881393432617188e-07, -5.960464477539063e-08, 0.8622936010360718, -0.38019728660583496, 0.33451417088508606, 0.2927321791648865, 0.9132415652275085, 0.28336861729621887, -0.41322821378707886, -0.14642386138439178, 0.8987783789634705),
            ["RightLowerLeg"] = CFrame.new(-5.774199962615967e-08, -0.0001544952392578125, -0.00006404908344848081, 1, -1.0384241733163435e-07, -4.423781163609419e-08, 1.005828522693264e-07, 0.7508384585380554, 0.6604856252670288, -4.6566135836201283e-08, -0.6604858636856079, 0.7508387565612793),
            ["LeftUpperLeg"] = CFrame.new(-5.960464477539063e-08, -2.725282683968544e-07, 1.5832483768463135e-08, 0.9978209733963013, -0.030263297259807587, 0.05863086134195328, 0.048893705010414124, 0.9358213543891907, -0.3490671217441559, -0.04430409520864487, 0.35117316246032715, 0.9352618455886841),
            ["LeftLowerLeg"] = CFrame.new(3.3527612686157227e-08, 0.00015437602996826172, 0.00006407685577869415, 1, 5.075708742197094e-08, 1.2107191693644381e-08, -5.122274160385132e-08, 0.824639081954956, 0.5656594634056091, 1.5599653124809265e-08, -0.5656594634056091, 0.8246389627456665),
        }},
        {Time = 0.233, Data = {
            ["RightFoot"] = CFrame.new(-1.878106559161097e-09, 4.76837158203125e-07, 3.642344381660223e-08, 0.9987810850143433, 0.006045154295861721, 0.04898933321237564, 0.007845942862331867, 0.9604119658470154, -0.2784731686115265, -0.04873330518603325, 0.2785184681415558, 0.9591938853263855),
            ["LeftLowerArm"] = CFrame.new(1.4901161193847656e-07, 2.384185791015625e-07, 3.725290298461914e-09, 1, -3.166496753692627e-08, 9.313225746154785e-09, 3.119930624961853e-08, 0.9508590698242188, -0.30962398648262024, 4.423782229423523e-09, 0.30962398648262024, 0.9508591294288635),
            ["RightUpperArm"] = CFrame.new(-0.07447338104248047, -0.14670467376708984, -0.047377247363328934, 0.9963545799255371, -0.03479677066206932, -0.07789035886526108, 0.01482362113893032, 0.9697598814964294, -0.24361079931259155, 0.08401182293891907, 0.24156810343265533, 0.9667404294013977),
            ["Head"] = CFrame.new(-2.3283064365386963e-10, -3.5762786865234375e-07, -1.1583324521780014e-08, 0.999068021774292, 0.042887184768915176, 0.004888179246336222, -0.04260644689202309, 0.9979561567306519, -0.047625988721847534, -0.006920733954757452, 0.04737342894077301, 0.998853325843811),
            ["LowerTorso"] = CFrame.new(-0.011350782588124275, -0.10005557537078857, 0.032870981842279434, 0.9947237372398376, 0.028034981340169907, -0.0986848995089531, -0.02158142812550068, 0.9975950717926025, 0.06586619466543198, 0.10029412060976028, -0.06338890641927719, 0.9929365515708923),
            ["UpperTorso"] = CFrame.new(3.550667315721512e-09, 5.960464477539063e-08, 4.420144250616431e-09, 0.9971278309822083, -0.04112066328525543, 0.06360125541687012, 0.041522230952978134, 0.9991251230239868, -0.005004481412470341, -0.06333980709314346, 0.007630988024175167, 0.9979628324508667),
            ["HumanoidRootPart"] = CFrame.new(0, 0, 0, 1, 0, 0, 0, 1, 0, 0, 0, 1),
            ["RightUpperLeg"] = CFrame.new(0, -2.207234501838684e-07, 2.029992174357176e-09, 0.9982940554618835, -0.003740023821592331, 0.05826638638973236, 0.030925927683711052, 0.8803282976150513, -0.47335588932037354, -0.04952317848801613, 0.47435033321380615, 0.8789421319961548),
            ["LeftUpperArm"] = CFrame.new(0.014828085899353027, -0.12370955944061279, -0.032066669315099716, 0.992171049118042, 0.03655062988400459, 0.1194181963801384, -0.03904649242758751, 0.9990637898445129, 0.01862693391740322, -0.11862557381391525, -0.023143962025642395, 0.9926692843437195),
            ["RightLowerArm"] = CFrame.new(-2.9802322387695312e-08, 5.960464477539063e-08, -7.450580596923828e-08, 1, -2.2351741790771484e-08, -3.725290298461914e-09, 2.2351741790771484e-08, 0.9620642066001892, -0.27282315492630005, 5.122274160385132e-09, 0.27282318472862244, 0.9620642066001892),
            ["LeftHand"] = CFrame.new(-5.4016709327697754e-08, 1.1920928955078125e-07, -2.2351741790771484e-08, 0.9665789604187012, 0.2081649750471115, -0.14964091777801514, -0.2201518714427948, 0.9730641841888428, -0.06840582191944122, 0.13137052953243256, 0.09906339645385742, 0.9863712787628174),
            ["LeftFoot"] = CFrame.new(-1.2200589871724787e-08, 0, -2.9176980831380206e-08, 0.9994628429412842, 0.005584223661571741, 0.0322946235537529, 0.0045836446806788445, 0.9518761038780212, -0.30644914507865906, -0.03245176374912262, 0.3064325153827667, 0.9513391256332397),
            ["RightHand"] = CFrame.new(5.21540641784668e-08, -3.5762786865234375e-07, 8.940696716308594e-08, 0.8773212432861328, -0.37542158365249634, 0.2989417314529419, 0.2992507517337799, 0.9149436354637146, 0.27079010009765625, -0.3751751780509949, -0.14811129868030548, 0.9150446653366089),
            ["RightLowerLeg"] = CFrame.new(-4.284083843231201e-08, -0.00015419721603393555, -0.00006407516048057005, 1, -1.0058278832048018e-07, -3.8417041992033774e-08, 9.872019290924072e-08, 0.757809042930603, 0.6524762511253357, -3.818422555923462e-08, -0.6524765491485596, 0.7578091025352478),
            ["LeftUpperLeg"] = CFrame.new(0, -2.059387043118477e-07, -7.450580596923828e-09, 0.9973078966140747, -0.0035557723604142666, 0.07324257493019104, 0.03154363855719566, 0.9224902987480164, -0.384729266166687, -0.06619755178689957, 0.3860038220882416, 0.9201189279556274),
            ["LeftLowerLeg"] = CFrame.new(-1.257285475730896e-08, 0.0001544356346130371, 0.00006402842700481415, 1, 5.2619725465774536e-08, 2.0605511963367462e-08, -5.3551048040390015e-08, 0.8007606267929077, 0.5989846587181091, 1.8277205526828766e-08, -0.5989845991134644, 0.8007605671882629),
        }},
        {Time = 0.267, Data = {
            ["RightFoot"] = CFrame.new(3.1241143005900085e-10, 4.172325134277344e-07, 4.336470738053322e-09, 0.9991074800491333, -0.002336462028324604, 0.04217701777815819, 0.013026097789406776, 0.9668512344360352, -0.25500744581222534, -0.040183085948228836, 0.2553296387195587, 0.966018795967102),
            ["LeftLowerArm"] = CFrame.new(5.960464477539063e-08, -1.7881393432617188e-07, -1.210719347000122e-08, 1, -5.587935447692871e-08, 1.303851426825986e-08, 5.820766091346741e-08, 0.8014680743217468, -0.5980376601219177, 1.6763806343078613e-08, 0.5980376601219177, 0.801468014717102),
            ["RightUpperArm"] = CFrame.new(-0.07198286056518555, -0.14865171909332275, -0.04941428452730179, 0.9965705871582031, -0.0816325843334198, -0.013538156636059284, 0.07557470351457596, 0.9645492434501648, -0.25285035371780396, 0.03369903564453125, 0.250960111618042, 0.9674107432365417),
            ["Head"] = CFrame.new(-7.450580596923828e-09, -1.1920928955078125e-07, 1.280568540096283e-09, 0.9988301396369934, 0.04784473031759262, 0.007027530111372471, -0.047478046268224716, 0.9978408217430115, -0.04538332670927048, -0.009183710440993309, 0.044996678829193115, 0.9989449381828308),
            ["LowerTorso"] = CFrame.new(0.00322567205876112, -0.10321295261383057, 0.04220428690314293, 0.9924956560134888, 0.011746755801141262, -0.1217145174741745, -0.0016491645947098732, 0.9965704679489136, 0.08273197710514069, 0.1222689226269722, -0.0819104015827179, 0.9891112446784973),
            ["UpperTorso"] = CFrame.new(3.026798367500305e-09, 5.960464477539063e-08, 4.819594323635101e-08, 0.9967358112335205, -0.030186310410499573, 0.07487782835960388, 0.0316166914999485, 0.9993382096290588, -0.017991403117775917, -0.07428517937660217, 0.02030007168650627, 0.9970304369926453),
            ["HumanoidRootPart"] = CFrame.new(0, 0, 0, 1, 0, 0, 0, 1, 0, 0, 0, 1),
            ["RightUpperLeg"] = CFrame.new(-2.9802322387695312e-08, 2.3329630494117737e-07, 6.16346369497478e-08, 0.9967706203460693, 0.03381266072392464, 0.07283664494752884, 0.005952978972345591, 0.8734201788902283, -0.48693105578422546, -0.08008141815662384, 0.4857921600341797, 0.8703981637954712),
            ["LeftUpperArm"] = CFrame.new(0.01127481460571289, -0.11806225776672363, -0.028271019458770752, 0.9898383021354675, 0.06075993925333023, 0.12856313586235046, -0.06134757027029991, 0.9981162548065186, 0.0006120881880633533, -0.1282837688922882, -0.008492900058627129, 0.9917012453079224),
            ["RightLowerArm"] = CFrame.new(-8.940696716308594e-08, -1.7881393432617188e-07, -7.450580596923828e-09, 1, -4.0978193283081055e-08, 1.4901161193847656e-08, 3.9115551686563776e-08, 0.8468376994132996, -0.5318514108657837, 2.0489098417897367e-08, 0.5318514704704285, 0.8468376994132996),
            ["LeftHand"] = CFrame.new(5.587935447692871e-08, -1.7881393432617188e-07, 1.2665987014770508e-07, 0.9855735898017883, 0.15935632586479187, -0.05701077729463577, -0.16045531630516052, 0.9869258403778076, -0.015218582935631275, 0.05384019762277603, 0.024146825075149536, 0.9982576370239258),
            ["LeftFoot"] = CFrame.new(2.126013853853692e-08, -5.960464477539063e-08, 1.809898364513174e-08, 0.9995843768119812, -0.0039103347808122635, 0.028560921549797058, 0.01306475792080164, 0.9446169137954712, -0.3279147446155548, -0.02569688856601715, 0.328151673078537, 0.9442755579948425),
