return {
    ["Odd Shuffle"] = {
        {Time = 0.000, Data = {
            ["RightFoot"] = CFrame.new(-4.190951585769653e-09, 2.980232238769531e-07, -4.161120159551501e-08, 0.5651974678039551, -0.5273954272270203, -0.6343545317649841, 0.1714690625667572, 0.8272660374641418, -0.5350040197372437, 0.8069387674331665, 0.1936108022928238, 0.558000922203064),
            ["LeftLowerArm"] = CFrame.new(2.9802322387695312e-08, -4.172325134277344e-07, 0, 1, -8.195636524988004e-08, 8.940694584680386e-08, 1.341104365337742e-07, -0.24637126922607422, -0.9691755175590515, 6.332992796842518e-08, 0.9691755175590515, -0.24637126922607422),
            ["RightUpperArm"] = CFrame.new(-5.960464477539063e-08, 1.1920928955078125e-07, -1.862645149230957e-08, 0.5585816502571106, -0.16713592410087585, -0.8124358654022217, 0.7860362529754639, 0.4193964898586273, 0.45415177941322327, 0.2648277282714844, -0.8922848701477051, 0.365642249584198),
            ["Head"] = CFrame.new(1.0244548320770264e-07, 1.1920928955078125e-07, -1.862645149230957e-08, 0.9664208889007568, 0.17793628573417664, -0.1853899508714676, -0.197315976023674, 0.9760324954986572, -0.09179895371198654, 0.16461241245269775, 0.12529678642749786, 0.9783678650856018),
            ["RightHand"] = CFrame.new(-3.0547380447387695e-07, 1.1920928955078125e-07, -1.4901161193847656e-07, 0.5256584286689758, 0.5649709105491638, 0.6359961628913879, -0.4852234423160553, 0.813201367855072, -0.32134342193603516, -0.6987428069114685, -0.13968360424041748, 0.701603353023529),
            ["UpperTorso"] = CFrame.new(-7.078051567077637e-08, 1.4901161193847656e-07, 2.421438694000244e-08, 0.9521535038948059, 0.04563555493950844, -0.3021937608718872, -0.009164012037217617, 0.9926074147224426, 0.1210237443447113, 0.30548274517059326, -0.11246389150619507, 0.9455327987670898),
            ["HumanoidRootPart"] = CFrame.new(0, 0, 0, 1, 0, 0, 0, 1, 0, 0, 0, 1),
            ["RightUpperLeg"] = CFrame.new(-5.960464477539063e-08, -7.660128176212311e-08, 1.8084392650052905e-07, 0.8525437712669373, 0.4383563697338104, -0.2846279442310333, -0.5220065116882324, 0.6870075464248657, -0.5054997801780701, -0.026047375053167343, 0.5795381665229797, 0.8145286440849304),
            ["LeftUpperArm"] = CFrame.new(0, 3.5762786865234375e-07, 2.2351741790771484e-08, -0.5268822312355042, 0.5407090187072754, -0.6557657122612, -0.8189370036125183, -0.529442310333252, 0.2214346081018448, -0.2274584323167801, 0.6537008285522461, 0.7217604517936707),
            ["RightLowerArm"] = CFrame.new(2.384185791015625e-07, 1.1920928955078125e-07, 1.4901161193847656e-08, 1, -1.0430811414607888e-07, 1.2665987014770508e-07, 8.195637946073475e-08, -0.3241604268550873, -0.9460022449493408, 1.5832482347377663e-07, 0.946002185344696, -0.3241601884365082),
            ["LeftHand"] = CFrame.new(-4.544854164123535e-07, 1.1920928955078125e-07, 4.470348358154297e-08, 0.8503349423408508, -0.5051915645599365, -0.14734934270381927, 0.4987505078315735, 0.8629929423332214, -0.08056876063346863, 0.16786406934261322, -0.0049801780842244625, 0.9857975840568542),
            ["LeftFoot"] = CFrame.new(2.2351741790771484e-08, 0, 4.0978193283081055e-08, 0.9437106847763062, -0.20779037475585938, 0.2573587894439697, 0.3028814196586609, 0.855554461479187, -0.41986823081970215, -0.13293975591659546, 0.4741832911968231, 0.8703317046165466),
            ["LowerTorso"] = CFrame.new(-0.15730054676532745, -0.3654896020889282, -0.10642198473215103, 0.25041061639785767, 0.07728278636932373, -0.965050220489502, 0.02425185590982437, 0.995995283126831, 0.0860537737607956, 0.9678359627723694, -0.04495306313037872, 0.24753352999687195),
            ["RightLowerLeg"] = CFrame.new(-1.6763806343078613e-07, -0.00012242794036865234, -0.00007741938316030428, 1, -7.078052277620372e-08, -5.2154071283894154e-08, 5.960463766996327e-08, 0.7396442890167236, 0.6729976534843445, -3.352760913344355e-08, -0.6729980707168579, 0.7396445870399475),
            ["LeftUpperLeg"] = CFrame.new(-2.980232238769531e-07, -9.12696123123169e-08, 1.4901161193847656e-08, 0.9137972593307495, -0.1948348432779312, 0.356390118598938, -0.09035154432058334, 0.7579478621482849, 0.6460274457931519, -0.3959938883781433, -0.6225387454032898, 0.675007164478302),
            ["LeftLowerLeg"] = CFrame.new(2.2351741790771484e-08, 0.00012236833572387695, 0.00007739663124084473, 1, -8.195640788244418e-08, 5.960460924825384e-08, 2.9802322387695312e-08, 0.9999863505363464, 0.005237590987235308, 1.4901161193847656e-08, -0.005237610545009375, 0.9999862909317017),
        }},
        {Time = 0.017, Data = {
            ["RightFoot"] = CFrame.new(1.2508826330304146e-07, 2.384185791015625e-07, -2.8339854907244444e-08, 0.6014184951782227, -0.5188468098640442, -0.607530415058136, 0.17671900987625122, 0.827983558177948, -0.5321781635284424, 0.7791445851325989, 0.21269984543323517, 0.5896551012992859),
            ["LeftLowerArm"] = CFrame.new(1.1920928955078125e-07, -4.172325134277344e-07, -5.960464477539063e-08, 1, -1.0058281674218961e-07, 9.685751223287298e-08, 1.0803343286625022e-07, -0.32976266741752625, -0.9440639019012451, 1.396984004031765e-07, 0.9440639019012451, -0.32976245880126953),
            ["RightUpperArm"] = CFrame.new(2.384185791015625e-07, 1.1920928955078125e-07, 1.4901161193847656e-08, 0.6372314691543579, -0.17316098511219025, -0.7509665489196777, 0.7121331691741943, 0.5048207640647888, 0.48787590861320496, 0.2946225106716156, -0.8456780314445496, 0.4450015127658844),
            ["Head"] = CFrame.new(1.0989606380462646e-07, 1.1920928955078125e-07, 3.5390257835388184e-08, 0.9791141152381897, 0.1366344839334488, -0.15055370330810547, -0.15412965416908264, 0.9817525148391724, -0.1113835796713829, 0.13258785009384155, 0.13226205110549927, 0.9823071360588074),
            ["RightHand"] = CFrame.new(-6.705522537231445e-08, -1.1920928955078125e-07, 5.960464477539063e-08, 0.6135768890380859, 0.509310245513916, 0.603428840637207, -0.41575682163238525, 0.8580560088157654, -0.3014737367630005, -0.6713194251060486, -0.06590225547552109, 0.7382324934005737),
            ["UpperTorso"] = CFrame.new(-8.568167686462402e-08, -1.7881393432617188e-07, -3.3527612686157227e-08, 0.9586364030838013, 0.05565532296895981, -0.27913931012153625, -0.02106275036931038, 0.9918791055679321, 0.12542787194252014, 0.283853143453598, -0.11436031013727188, 0.9520238041877747),
            ["HumanoidRootPart"] = CFrame.new(0, 0, 0, 1, 0, 0, 0, 1, 0, 0, 0, 1),
            ["RightUpperLeg"] = CFrame.new(5.960464477539063e-08, 2.1327286958694458e-07, 1.39865733217448e-07, 0.8511260151863098, 0.46183955669403076, -0.24957771599292755, -0.5228269696235657, 0.7029125094413757, -0.48225077986717224, -0.047291215509176254, 0.5409420728683472, 0.8397293090820312),
            ["LeftUpperArm"] = CFrame.new(0, 2.384185791015625e-07, -4.470348358154297e-08, -0.3918338716030121, 0.6477303504943848, -0.6533844470977783, -0.9154969453811646, -0.3449581265449524, 0.20704954862594604, -0.09127809852361679, 0.6793007254600525, 0.728161633014679),
            ["RightLowerArm"] = CFrame.new(-2.086162567138672e-07, -3.5762786865234375e-07, 2.9802322387695312e-08, 1, -2.9802311729554276e-08, 8.940692453052179e-08, 6.332992796842518e-08, -0.2977665066719055, -0.9546387791633606, 8.195637946073475e-08, 0.9546387195587158, -0.29776641726493835),
            ["LeftHand"] = CFrame.new(2.3096799850463867e-07, 5.960464477539063e-08, 1.4901161193847656e-08, 0.8251893520355225, -0.5319352746009827, -0.1900199055671692, 0.5337967872619629, 0.8443803191184998, -0.045638035982847214, 0.18472552299499512, -0.06377197057008743, 0.9807189702987671),
            ["LeftFoot"] = CFrame.new(-3.3527612686157227e-08, 0, 5.681067705154419e-08, 0.9391676187515259, -0.2648038864135742, 0.21873073279857635, 0.3149842321872711, 0.9179511070251465, -0.24114537239074707, -0.13692793250083923, 0.29537200927734375, 0.9455188512802124),
            ["LowerTorso"] = CFrame.new(-0.1362687051296234, -0.36087334156036377, -0.12968659400939941, 0.1806524693965912, 0.06561076641082764, -0.981356143951416, 0.036109860986471176, 0.9966574311256409, 0.07328103482723236, 0.9828839302062988, -0.0486750528216362, 0.17767943441867828),
            ["RightLowerLeg"] = CFrame.new(-1.4901161193847656e-08, -0.00012248754501342773, -0.00007741915032966062, 1, -1.043081283569336e-07, -7.4505820180093e-08, 2.9802318834981634e-08, 0.7391382455825806, 0.673553466796875, -4.8428766774577525e-08, -0.6735538244247437, 0.739138662815094),
            ["LeftUpperLeg"] = CFrame.new(-5.960464477539062e-07, 2.1047890186309814e-07, 2.2351741790771484e-08, 0.8988912105560303, -0.21518364548683167, 0.3816941976547241, -0.10882456600666046, 0.7341760396957397, 0.670181393623352, -0.4244428277015686, -0.6439578533172607, 0.6365270018577576),
            ["LeftLowerLeg"] = CFrame.new(-1.4156103134155273e-07, 0.00012260675430297852, 0.00007751584053039551, 1, -4.4703497792397684e-08, 2.235172580355993e-08, -3.725289943190546e-08, 0.9999854564666748, 0.005400773137807846, 3.725289943190546e-08, -0.005400883033871651, 0.99998539686203),
        }},
        {Time = 0.033, Data = {
            ["RightFoot"] = CFrame.new(-3.888271749019623e-08, 4.172325134277344e-07, 2.6841007638722658e-08, 0.6369945406913757, -0.5135283470153809, -0.574913740158081, 0.19386598467826843, 0.8285496234893799, -0.5252821445465088, 0.7460923790931702, 0.22314594686031342, 0.6273379921913147),
            ["LeftLowerArm"] = CFrame.new(5.960464477539063e-08, -5.960464477539063e-08, 0, 1, -1.6763804921993142e-07, 1.1920930376163597e-07, 8.288771624620495e-08, -0.3702917993068695, -0.9289156794548035, 8.940698137394065e-08, 0.9289155006408691, -0.3702915608882904),
            ["RightUpperArm"] = CFrame.new(0, -2.384185791015625e-07, 0, 0.72291499376297, -0.20567455887794495, -0.6596147418022156, 0.6340177655220032, 0.5769071578979492, 0.5149758458137512, 0.27461904287338257, -0.7904910445213318, 0.5474562644958496),
            ["Head"] = CFrame.new(1.1920928955078125e-07, -2.384185791015625e-07, -5.774199962615967e-08, 0.9873122572898865, 0.10339324176311493, -0.12051697820425034, -0.11588570475578308, 0.9880406260490417, -0.10171733051538467, 0.1085587814450264, 0.11439298093318939, 0.9874863624572754),
            ["RightHand"] = CFrame.new(5.289912223815918e-07, 0, -1.1920928955078125e-07, 0.7064336538314819, 0.43505194783210754, 0.5582846999168396, -0.3247045576572418, 0.9000862836837769, -0.29053643345832825, -0.6289026737213135, 0.023967217653989792, 0.7771144509315491),
            ["UpperTorso"] = CFrame.new(-8.009374141693115e-08, -2.086162567138672e-07, 1.4901161193847656e-08, 0.9663754105567932, 0.04857019707560539, -0.25250664353370667, -0.01293164025992155, 0.9899358749389648, 0.14092521369457245, 0.25681015849113464, -0.13292136788368225, 0.9572777152061462),
            ["HumanoidRootPart"] = CFrame.new(0, 0, 0, 1, 0, 0, 0, 1, 0, 0, 0, 1),
            ["RightUpperLeg"] = CFrame.new(-5.960464477539063e-08, -4.230532795190811e-07, 1.5476689441129565e-07, 0.8552050590515137, 0.48061248660087585, -0.19400133192539215, -0.5128918886184692, 0.7308930158615112, -0.45026326179504395, -0.07460781931877136, 0.48456907272338867, 0.8715656399726868),
            ["LeftUpperArm"] = CFrame.new(0, -3.5762786865234375e-07, -1.043081283569336e-07, -0.2651258707046509, 0.7347209453582764, -0.6244143843650818, -0.9616661667823792, -0.15444375574588776, 0.22659550607204437, 0.0700475201010704, 0.6605546474456787, 0.7475033402442932),
            ["RightLowerArm"] = CFrame.new(4.76837158203125e-07, -2.384185791015625e-07, 5.960464477539063e-08, 1, -1.4901154088420299e-07, 8.940694584680386e-08, 8.195638656616211e-08, -0.25563886761665344, -0.9667723178863525, 1.1920928955078125e-07, 0.9667723178863525, -0.25563883781433105),
            ["LeftHand"] = CFrame.new(-4.172325134277344e-07, 0, -1.4901161193847656e-08, 0.8227908611297607, -0.5343467593193054, -0.19362090528011322, 0.539117693901062, 0.8416326642036438, -0.03172437474131584, 0.17990948259830475, -0.0782819464802742, 0.9805634021759033),
            ["LeftFoot"] = CFrame.new(-7.450580596923828e-08, 5.960464477539063e-08, -2.9802322387695312e-08, 0.9567687511444092, -0.2759242653846741, 0.0919741839170456, 0.2748897075653076, 0.9611766338348389, 0.023989472538232803, -0.09502267092466354, 0.0023309143725782633, 0.9954724311828613),
            ["LowerTorso"] = CFrame.new(-0.11540624499320984, -0.35052597522735596, -0.1533188819885254, 0.09145540744066238, 0.04057668149471283, -0.9949821829795837, 0.03020843304693699, 0.9985966086387634, 0.04350074380636215, 0.9953508377075195, -0.03403523564338684, 0.09010130167007446),
            ["RightLowerLeg"] = CFrame.new(-8.195638656616211e-08, -0.00012218952178955078, -0.00007743218884570524, 1, -1.3411042232291948e-07, -7.450580596923828e-08, 5.960465898624534e-08, 0.7428289651870728, 0.6694812178611755, -7.4505820180093e-08, -0.6694812774658203, 0.7428289651870728),
            ["LeftUpperLeg"] = CFrame.new(-4.172325134277344e-07, -9.173527359962463e-08, 1.1548399925231934e-07, 0.8918353915214539, -0.23118239641189575, 0.3888242840766907, -0.11104737222194672, 0.7213573455810547, 0.6836020350456238, -0.4385179579257965, -0.6528387665748596, 0.6176600456237793),
            ["LeftLowerLeg"] = CFrame.new(2.2351741790771484e-07, 0.00012254714965820312, 0.0000776052474975586, 1, 0, 2.980230462412692e-08, -2.980232594040899e-08, 0.9999837279319763, 0.005702447611838579, 6.705523247774181e-08, -0.0057025267742574215, 0.9999837875366211),
        }},
        {Time = 0.050, Data = {
            ["RightFoot"] = CFrame.new(1.862645149230957e-08, 2.980232238769531e-07, 1.845910446718335e-08, 0.6672404408454895, -0.5096909999847412, -0.5431436896324158, 0.21487046778202057, 0.8299210667610168, -0.5148407220840454, 0.7131766080856323, 0.22681760787963867, 0.6632751822471619),
            ["LeftLowerArm"] = CFrame.new(-8.940696716308594e-08, -1.1920928955078125e-07, -1.1920928955078125e-07, 1, -1.564621925354004e-07, 1.7881390590446244e-07, 1.1920928955078125e-07, -0.39412516355514526, -0.9190569519996643, 1.1920928955078125e-07, 0.91905677318573, -0.3941248655319214),
            ["RightUpperArm"] = CFrame.new(-1.7881393432617188e-07, -4.76837158203125e-07, -2.9802322387695312e-08, 0.8032370805740356, -0.23036515712738037, -0.5493100881576538, 0.5471673011779785, 0.649813175201416, 0.5275899767875671, 0.2354106903076172, -0.7243444323539734, 0.6480025053024292),
            ["Head"] = CFrame.new(1.0803341865539551e-07, 1.1920928955078125e-07, -3.725290298461914e-09, 0.9915236234664917, 0.08523523807525635, -0.09806060045957565, -0.09427952021360397, 0.9913204312324524, -0.09162601083517075, 0.0893998071551323, 0.10009448975324631, 0.9909535646438599),
            ["RightHand"] = CFrame.new(7.450580596923828e-08, 1.1920928955078125e-07, 0, 0.7914620637893677, 0.3460902273654938, 0.5037948489189148, -0.22192418575286865, 0.9307137131690979, -0.2907262146472931, -0.5695063471794128, 0.11829438805580139, 0.8134304285049438),
            ["UpperTorso"] = CFrame.new(-9.780342224985361e-08, -3.8743019104003906e-07, 6.9267116487026215e-09, 0.9728800058364868, 0.04663705825805664, -0.22655998170375824, -0.008211936801671982, 0.9858099222183228, 0.16766440868377686, 0.23116452991962433, -0.16125692427158356, 0.9594578146934509),
            ["HumanoidRootPart"] = CFrame.new(0, 0, 0, 1, 0, 0, 0, 1, 0, 0, 0, 1),
            ["RightUpperLeg"] = CFrame.new(-5.960464477539063e-08, -6.600166670978069e-07, 1.2193777365610003e-07, 0.8547496795654297, 0.5013543367385864, -0.1343407779932022, -0.5077354311943054, 0.7539148926734924, -0.4169131815433502, -0.10773967951536179, 0.42456573247909546, 0.8989638090133667),
            ["LeftUpperArm"] = CFrame.new(5.960464477539063e-08, -1.1920928955078125e-07, 5.960464477539063e-08, -0.13567668199539185, 0.7933909296989441, -0.5933990478515625, -0.9621033072471619, 0.03748495504260063, 0.27009671926498413, 0.23653548955917358, 0.6075571775436401, 0.7582383155822754),
            ["RightLowerArm"] = CFrame.new(4.76837158203125e-07, 1.1920928955078125e-07, 3.8743019104003906e-07, 1, -1.0430811414607888e-07, 1.4901159772762185e-07, 5.215405707303944e-08, -0.2059529423713684, -0.9785619974136353, 1.7881390590446244e-07, 0.9785618782043457, -0.2059527337551117),
            ["LeftHand"] = CFrame.new(2.682209014892578e-07, -1.1920928955078125e-07, 0, 0.8322494029998779, -0.5277729034423828, -0.16975508630275726, 0.5318110585212708, 0.8465077877044678, -0.024532712996006012, 0.15664635598659515, -0.06986041367053986, 0.9851809740066528),
            ["LeftFoot"] = CFrame.new(3.725290298461914e-08, 1.1920928955078125e-07, -7.450580596923828e-08, 0.9608139991760254, -0.2737407088279724, -0.04361813887953758, 0.27094346284866333, 0.9606760740280151, -0.06075521558523178, 0.05853397771716118, 0.04655647277832031, 0.997199296951294),
            ["LowerTorso"] = CFrame.new(-0.09981381148099899, -0.34385454654693604, -0.17428025603294373, -0.0014624292962253094, 0.007214887533336878, -0.999972939491272, 0.025171631947159767, 0.999657392501831, 0.007175803184509277, 0.9996820688247681, -0.02516046352684498, -0.0016435387078672647),
            ["RightLowerLeg"] = CFrame.new(-3.166496753692627e-08, -0.00012230873107910156, -0.00007746944174868986, 1, -9.685752644372769e-08, 0, 1.303851746570217e-07, 0.7453904747962952, 0.6666279435157776, -3.725290653733282e-08, -0.6666281223297119, 0.7453905940055847),
            ["LeftUpperLeg"] = CFrame.new(-2.980232238769531e-07, -3.377208486199379e-07, 7.62520357966423e-08, 0.8868192434310913, -0.08782137930393219, 0.45369502902030945, -0.12643291056156158, 0.8982064723968506, 0.4209984242916107, -0.4444843828678131, -0.43071168661117554, 0.7854434251785278),
            ["LeftLowerLeg"] = CFrame.new(4.470348358154297e-08, 0.0001227855682373047, 0.00007745623588562012, 1, 7.823113179483698e-08, -7.4505734914964705e-09, -2.2351747119842003e-08, 0.7917628884315491, 0.610828697681427, -4.4703494239684005e-08, -0.6108285784721375, 0.7917627096176147),
        }},
        {Time = 0.067, Data = {
            ["RightFoot"] = CFrame.new(-4.470348358154297e-08, 3.5762786865234375e-07, 2.6841007638722658e-08, 0.6939142942428589, -0.5036118626594543, -0.5146433115005493, 0.22943611443042755, 0.8321146368980408, -0.5049201846122742, 0.6825262904167175, 0.23229390382766724, 0.6929632425308228),
            ["LeftLowerArm"] = CFrame.new(5.960464477539063e-08, 1.7881393432617188e-07, -5.960464477539063e-08, 1, -1.0430811414607888e-07, 1.1548399925231934e-07, 1.1175870895385742e-07, -0.39726078510284424, -0.917705774307251, 1.341104507446289e-07, 0.917705774307251, -0.39726078510284424),
            ["RightUpperArm"] = CFrame.new(-5.960464477539063e-08, 0, -1.1920928955078125e-07, 0.8720667958259583, -0.2314862161874771, -0.4311769902706146, 0.44955840706825256, 0.7270793318748474, 0.5188961029052734, 0.1933824121952057, -0.646351158618927, 0.7381282448768616),
            ["Head"] = CFrame.new(5.587935447692871e-08, 0, 1.1175870895385742e-08, 0.994266927242279, 0.07329640537500381, -0.07785225659608841, -0.07890717685222626, 0.9943060278892517, -0.07161828130483627, 0.07215982675552368, 0.07735080271959305, 0.9943892359733582),
            ["RightHand"] = CFrame.new(7.450580596923828e-08, 1.1920928955078125e-07, 4.470348358154297e-08, 0.8627731800079346, 0.24685020744800568, 0.4412340521812439, -0.11799441277980804, 0.9469186663627625, -0.29903584718704224, -0.49162977933883667, 0.20593710243701935, 0.8461029529571533),
            ["UpperTorso"] = CFrame.new(-7.35744833946228e-08, -4.76837158203125e-07, 5.587935447692871e-09, 0.9777258038520813, 0.05004025250673294, -0.20383387804031372, -0.007724527269601822, 0.979084312915802, 0.20330844819545746, 0.20974425971508026, -0.19720537960529327, 0.9576625823974609),
            ["HumanoidRootPart"] = CFrame.new(0, 0, 0, 1, 0, 0, 0, 1, 0, 0, 0, 1),
            ["RightUpperLeg"] = CFrame.new(0, -1.3224780559539795e-07, 1.305525074712932e-07, 0.8494964838027954, 0.5215696692466736, -0.07950516790151596, -0.5078114867210388, 0.7674280405044556, -0.39138445258140564, -0.14311955869197845, 0.3728530704975128, 0.9167863130569458),
            ["LeftUpperArm"] = CFrame.new(0, 5.960464477539062e-07, 0, -0.012436890043318272, 0.8205466866493225, -0.5714441537857056, -0.9203529953956604, 0.2140132486820221, 0.32733580470085144, 0.3908909559249878, 0.5300015211105347, 0.7525309324264526),
            ["RightLowerArm"] = CFrame.new(7.152557373046875e-07, -3.5762786865234375e-07, 1.4901161193847656e-07, 1, 0, 5.960464477539063e-08, 5.762558430433273e-08, -0.15654191374778748, -0.9876713156700134, 1.043081283569336e-07, 0.9876713156700134, -0.15654203295707703),
            ["LeftHand"] = CFrame.new(4.470348358154297e-08, -1.7881393432617188e-07, -1.1920928955078125e-07, 0.8506525754928589, -0.5082509517669678, -0.1344301700592041, 0.5095410346984863, 0.8600152134895325, -0.027234822511672974, 0.12945403158664703, -0.04533049091696739, 0.9905487298965454),
            ["LeftFoot"] = CFrame.new(2.2351741790771484e-08, 0, 3.725290298461914e-08, 0.947281002998352, -0.24242793023586273, -0.2094934582710266, 0.24401147663593292, 0.9695929288864136, -0.018659433349967003, 0.2076466679573059, -0.03344299644231796, 0.9776319861412048),
            ["LowerTorso"] = CFrame.new(-0.09138603508472443, -0.34304606914520264, -0.19374865293502808, -0.09351277351379395, -0.029086196795105934, -0.9951931238174438, 0.024928320199251175, 0.999191403388977, -0.03154542297124863, 0.9953059554100037, -0.027758393436670303, -0.09271208941936493),
            ["RightLowerLeg"] = CFrame.new(3.91155481338501e-08, -0.00012236833572387695, -0.00007744709000689909, 1, -1.3597311010471458e-07, -5.21540641784668e-08, 4.0978189730367376e-08, 0.7365190982818604, 0.676416277885437, -2.9802318834981634e-08, -0.6764167547225952, 0.7365195751190186),
            ["LeftUpperLeg"] = CFrame.new(-4.172325134277344e-07, 1.4854595065116882e-07, 4.470348358154297e-08, 0.8827865123748779, 0.01999451220035553, 0.4693489968776703, -0.1587960422039032, 0.9529846906661987, 0.2580778896808624, -0.44212204217910767, -0.30235835909843445, 0.8444567918777466),
            ["LeftLowerLeg"] = CFrame.new(-1.564621925354004e-07, 0.0001226663589477539, 0.00007747113704681396, 1, 9.313224325069314e-08, -1.4901161193847656e-08, -7.450580596923828e-08, 0.5287179350852966, 0.8487973213195801, 5.4016709327697754e-08, -0.848797619342804, 0.5287183523178101),
        }},
        {Time = 0.083, Data = {
            ["RightFoot"] = CFrame.new(-8.847564458847046e-09, 4.172325134277344e-07, -1.3205863069742918e-08, 0.7209182977676392, -0.4886563718318939, -0.49141791462898254, 0.23445047438144684, 0.8392549753189087, -0.49059557914733887, 0.6521577835083008, 0.23846645653247833, 0.7196002006530762),
            ["LeftLowerArm"] = CFrame.new(8.940696716308594e-08, 0, -4.172325134277344e-07, 1, 3.725290298461914e-08, 8.940696716308594e-08, 1.564622067462551e-07, -0.37559694051742554, -0.9267831444740295, 1.564622067462551e-07, 0.9267831444740295, -0.37559694051742554),
            ["RightUpperArm"] = CFrame.new(-1.1920928955078125e-07, -1.1920928955078125e-07, 0, 0.9265828132629395, -0.19657830893993378, -0.3206259310245514, 0.33934688568115234, 0.8045271039009094, 0.48742204904556274, 0.16213563084602356, -0.5604401230812073, 0.8121691942214966),
            ["Head"] = CFrame.new(7.636845111846924e-08, 1.1920928955078125e-07, -1.4528632164001465e-07, 0.9948586225509644, 0.07679948210716248, -0.06601620465517044, -0.08184101432561874, 0.9936355352401733, -0.07739786058664322, 0.05965195968747139, 0.08240270614624023, 0.9948122501373291),
            ["RightHand"] = CFrame.new(1.4901161193847656e-08, 1.1920928955078125e-07, -2.2124731913208961e-07, 0.9151120185852051, 0.14508238434791565, 0.37619325518608093, -0.022007765248417854, 0.9496011734008789, -0.3126870393753052, -0.40259891748428345, 0.27786457538604736, 0.8721843361854553),
            ["UpperTorso"] = CFrame.new(-1.0803341865539551e-07, -3.8743019104003906e-07, 9.313225746154785e-09, 0.9808827638626099, 0.05642636865377426, -0.18623937666416168, -0.009419950656592846, 0.9696843028068542, 0.244179829955101, 0.19437161087989807, -0.2377573847770691, 0.9516781568527222),
            ["HumanoidRootPart"] = CFrame.new(0, 0, 0, 1, 0, 0, 0, 1, 0, 0, 0, 1),
            ["RightUpperLeg"] = CFrame.new(-2.9802322387695312e-08, -8.074566721916199e-07, 1.2310192687436938e-07, 0.8429597616195679, 0.5372322797775269, -0.02829880453646183, -0.507767379283905, 0.7771438360214233, -0.3717788755893707, -0.17773917317390442, 0.3277636766433716, 0.927889883518219),
            ["LeftUpperArm"] = CFrame.new(5.960464477539063e-08, 2.384185791015625e-07, -2.9802322387695312e-08, 0.09639555215835571, 0.8219047784805298, -0.5614094734191895, -0.8492196202278137, 0.3621118366718292, 0.3843195140361786, 0.5191665887832642, 0.4397130310535431, 0.7328833937644958),
            ["RightLowerArm"] = CFrame.new(1.7881393432617188e-07, -2.384185791015625e-07, 5.960464477539063e-08, 1, -1.6391278734317893e-07, 1.3876704940685158e-07, 5.21540641784668e-08, -0.11527559161186218, -0.993333637714386, 1.1920928955078125e-07, 0.993333637714386, -0.11527525633573532),
            ["LeftHand"] = CFrame.new(-5.960464477539063e-08, 0, 7.450580596923828e-08, 0.8770254254341125, -0.47207939624786377, -0.08926121890544891, 0.47009313106536865, 0.8815476894378662, -0.04343193769454956, 0.09919105470180511, -0.0038701603189110756, 0.9950608611106873),
            ["LeftFoot"] = CFrame.new(3.725290298461914e-08, 0, 1.4901161193847656e-08, 0.9053931832313538, -0.18060077726840973, -0.38424843549728394, 0.2048664689064026, 0.9785244464874268, 0.022802984341979027, 0.3718777894973755, -0.09936501085758209, 0.9229481220245361),
            ["LowerTorso"] = CFrame.new(-0.09055804461240768, -0.3393137454986572, -0.2137450873851776, -0.1815258115530014, -0.06245056912302971, -0.981401264667511, 0.03138423338532448, 0.9971052408218384, -0.06925488263368607, 0.9828852415084839, -0.04337207227945328, -0.17904038727283478),
            ["RightLowerLeg"] = CFrame.new(-9.685754776000977e-08, -0.00012236833572387695, -0.000077381897426676, 1, -1.862645149230957e-08, -3.725290742551124e-09, 4.470348358154297e-08, 0.7249210476875305, 0.688831627368927, -3.725290298461914e-08, -0.6888319849967957, 0.7249213457107544),
            ["LeftUpperLeg"] = CFrame.new(-7.152557373046875e-07, -3.2421030482510105e-07, 7.753260433673859e-08, 0.8742260932922363, 0.1373274028301239, 0.4656934142112732, -0.21351461112499237, 0.9701799154281616, 0.11472765356302261, -0.4360508322715759, -0.19973023235797882, 0.8774778246879578),
            ["LeftLowerLeg"] = CFrame.new(3.725290298461914e-08, 0.00012248754501342773, 0.00007748231291770935, 1, 6.70552182668871e-08, 1.0430807861894209e-07, -8.195636524988004e-08, 0.2736590802669525, 0.9618266820907593, 4.097818262494002e-08, -0.961826741695404, 0.27365922927856445),
        }},
        {Time = 0.100, Data = {
            ["RightFoot"] = CFrame.new(1.15192960947752e-07, 3.5762786865234375e-07, -9.480572771281004e-09, 0.7554593086242676, -0.45888978242874146, -0.4676554501056671, 0.21586903929710388, 0.8482398390769958, -0.48362141847610474, 0.6186129450798035, 0.26440420746803284, 0.7398707270622253),
            ["LeftLowerArm"] = CFrame.new(2.384185791015625e-07, 0, 8.940696716308594e-08, 1, -8.195636524988004e-08, 2.346932035379723e-07, 1.266598843585598e-07, -0.29296383261680603, -0.9561235904693604, 4.4703490686970326e-08, 0.9561235308647156, -0.29296374320983887),
            ["RightUpperArm"] = CFrame.new(-1.1920928955078125e-07, -1.1920928955078125e-07, -1.4901161193847656e-07, 0.9665888547897339, -0.12093064188957214, -0.22601307928562164, 0.2105880081653595, 0.8773423433303833, 0.43118816614151, 0.1461467295885086, -0.464377224445343, 0.8734958171844482),
            ["Head"] = CFrame.new(1.1175870895385742e-07, 0, -5.21540641784668e-08, 0.9935786128044128, 0.09096527099609375, -0.06728148460388184, -0.09537150710821152, 0.9932870268821716, -0.06546200811862946, 0.06087527424097061, 0.0714583620429039, 0.99558424949646),
            ["RightHand"] = CFrame.new(2.682209014892578e-07, 0, -1.4901161193847656e-07, 0.9514628648757935, 0.044410690665245056, 0.30454298853874207, 0.05905649811029434, 0.9447993636131287, -0.32228323817253113, -0.3020443022251129, 0.3246256709098816, 0.8963187336921692),
            ["UpperTorso"] = CFrame.new(-8.568167686462402e-08, -2.980232238769531e-07, -3.166496753692627e-08, 0.9834609627723694, 0.04224225506186485, -0.17612549662590027, 0.010552878491580486, 0.9574061632156372, 0.2885517477989197, 0.18081288039684296, -0.2856380045413971, 0.9411258697509766),
            ["HumanoidRootPart"] = CFrame.new(0, 0, 0, 1, 0, 0, 0, 1, 0, 0, 0, 1),
            ["RightUpperLeg"] = CFrame.new(-2.9802322387695312e-08, -3.725290298461914e-07, 1.2310192687436938e-07, 0.8461521863937378, 0.5327670574188232, 0.013640244491398335, -0.4909416139125824, 0.7891724109649658, -0.36903002858161926, -0.20737160742282867, 0.30555880069732666, 0.9293174743652344),
            ["LeftUpperArm"] = CFrame.new(0, 3.5762786865234375e-07, -2.9802322387695312e-08, 0.1746417135000229, 0.8159430623054504, -0.5511232018470764, -0.7711344957351685, 0.4613834619522095, 0.43872228264808655, 0.6122515201568604, 0.3483707904815674, 0.7097788453102112),
            ["RightLowerArm"] = CFrame.new(0, -1.1920928955078125e-07, -5.960464477539063e-08, 1, -1.4901161193847656e-08, 3.725290298461914e-08, 1.0430814256778831e-07, -0.09118663519620895, -0.9958338737487793, -1.4901162970204496e-08, 0.9958338141441345, -0.09118666499853134),
            ["LeftHand"] = CFrame.new(-1.564621925354004e-07, 0, -5.960464477539063e-08, 0.9163022041320801, -0.39746662974357605, -0.049098264425992966, 0.39159485697746277, 0.9148887991905212, -0.09814441204071045, 0.08392810076475143, 0.07070350646972656, 0.9939603805541992),
            ["LeftFoot"] = CFrame.new(4.470348358154297e-08, 5.960464477539063e-08, -5.21540641784668e-08, 0.8164900541305542, -0.087546207010746, -0.570684015750885, 0.1171206384897232, 0.993000864982605, 0.0152349304407835, 0.5653555393218994, -0.07927770167589188, 0.821028470993042),
            ["LowerTorso"] = CFrame.new(-0.09627124667167664, -0.3323979377746582, -0.23639973998069763, -0.2725498676300049, -0.09573466330766678, -0.9573670029640198, 0.0316496342420578, 0.9936068058013916, -0.10836878418922424, 0.9616209864616394, -0.05983620509505272, -0.2677774429321289),
            ["RightLowerLeg"] = CFrame.new(-4.563480615615845e-08, -0.00012224912643432617, -0.00007746664778096601, 1, -1.1175869474300271e-07, -6.332992796842518e-08, 6.798654794692993e-08, 0.685620903968811, 0.7279583811759949, -7.35744833946228e-08, -0.7279588580131531, 0.6856213212013245),
            ["LeftUpperLeg"] = CFrame.new(-3.5762786865234375e-07, -8.754432201385498e-08, 3.166496753692627e-08, 0.8497577905654907, 0.28891700506210327, 0.44095197319984436, -0.29850316047668457, 0.9531365036964417, -0.0492609404027462, -0.43451982736587524, -0.08976567536592484, 0.8961778879165649),
            ["LeftLowerLeg"] = CFrame.new(5.960464477539063e-08, 0.00012260675430297852, 0.00007747113704681396, 1, 9.313227167240257e-08, 1.0244546189142056e-07, -7.450581307466564e-08, 0.00012999401951674372, 1, 1.2293459406009788e-07, -1, 0.00013004240463487804),
        }},
        {Time = 0.117, Data = {
            ["RightFoot"] = CFrame.new(-2.9336661100387573e-08, 2.384185791015625e-07, -7.617927622050047e-09, 0.796707808971405, -0.4406124949455261, -0.4136635363101959, 0.22258998453617096, 0.8502718806266785, -0.4769606590270996, 0.5618811249732971, 0.2879211902618408, 0.7754940986633301),
            ["LeftLowerArm"] = CFrame.new(1.1920928955078125e-07, 1.1920928955078125e-07, -2.086162567138672e-07, 1, -7.450580596923828e-08, 5.960463766996327e-08, -2.2351745343485163e-08, -0.17043918371200562, -0.9853682518005371, 8.195639367158947e-08, 0.9853682518005371, -0.17043927311897278),
            ["RightUpperArm"] = CFrame.new(0, 1.1920928955078125e-07, 2.9802322387695312e-08, 0.9864259362220764, 0.0012509748339653015, -0.16420233249664307, 0.061901070177555084, 0.9233656525611877, 0.37889835238456726, 0.15209288895130157, -0.3839196562767029, 0.9107545018196106),
            ["Head"] = CFrame.new(1.1175870895385742e-07, 5.960464477539062e-07, -2.2351741790771484e-08, 0.990864634513855, 0.10991837829351425, -0.07813619077205658, -0.11563432216644287, 0.9906181693077087, -0.07283172011375427, 0.06939776241779327, 0.08120159059762955, 0.9942787885665894),
            ["RightHand"] = CFrame.new(-2.9802322387695312e-08, 1.1920928955078125e-07, 1.043081283569336e-07, 0.9746576547622681, 0.01355677843093872, 0.2232905626296997, 0.05496290326118469, 0.953052818775177, -0.29777470231056213, -0.21684446930885315, 0.30250084400177, 0.9281548857688904),
            ["UpperTorso"] = CFrame.new(-6.705522537231445e-08, -1.7881393432617188e-07, 1.30385160446167e-08, 0.985234797000885, 0.03727230802178383, -0.16710273921489716, 0.022188683971762657, 0.9399869441986084, 0.3404883146286011, 0.16976520419120789, -0.3391686975955963, 0.9252808094024658),
            ["HumanoidRootPart"] = CFrame.new(0, 0, 0, 1, 0, 0, 0, 1, 0, 0, 0, 1),
            ["RightUpperLeg"] = CFrame.new(-1.1920928955078125e-07, 2.1141022443771362e-07, 9.329960448667407e-08, 0.857221782207489, 0.514510989189148, 0.02118656411767006, -0.4742566645145416, 0.8048462271690369, -0.3567965626716614, -0.20062761008739471, 0.2958057224750519, 0.9339418411254883),
            ["LeftUpperArm"] = CFrame.new(1.1920928955078125e-07, 1.1920928955078125e-07, -1.1920928955078125e-07, 0.2716789245605469, 0.7702010273933411, -0.5770453810691833, -0.7167173624038696, 0.5620743632316589, 0.4127809703350067, 0.6422669291496277, 0.3014345169067383, 0.7047201991081238),
            ["RightLowerArm"] = CFrame.new(5.960464477539063e-08, 1.7881393432617188e-07, -2.086162567138672e-07, 1, -8.940698847936801e-08, 9.685753354915505e-08, 1.7136336794010276e-07, -0.14102761447429657, -0.9900056719779968, 1.0430814256778831e-07, 0.9900057315826416, -0.14102774858474731),
            ["LeftHand"] = CFrame.new(-2.1606683731079102e-07, 2.384185791015625e-07, 5.960464477539063e-08, 0.9441196918487549, -0.3288773000240326, 0.021858597174286842, 0.32866764068603516, 0.9343762397766113, -0.13754528760910034, 0.02481130138039589, 0.13704317808151245, 0.990254282951355),
            ["LeftFoot"] = CFrame.new(2.2351741790771484e-08, 0, -5.960464477539063e-08, 0.776108980178833, -0.031998030841350555, -0.6297868490219116, 0.052310165017843246, 0.9985364675521851, 0.013729912228882313, 0.6284254789352417, -0.0436006598174572, 0.7766467928886414),
            ["LowerTorso"] = CFrame.new(-0.1106753945350647, -0.3246039152145386, -0.27276918292045593, -0.3443760275840759, -0.11574622988700867, -0.9316695332527161, 0.02479618228971958, 0.9909034371376038, -0.1322706937789917, 0.9385043978691101, -0.0686526969075203, -0.3383733034133911),
            ["RightLowerLeg"] = CFrame.new(4.284083843231201e-08, -0.00012242794036865234, -0.00007736513362033293, 1, -2.9802315282267955e-08, -4.842877388000488e-08, 4.842878098543224e-08, 0.6634579300880432, 0.748213529586792, -9.685756197086448e-08, -0.748213529586792, 0.663457989692688),
            ["LeftUpperLeg"] = CFrame.new(-3.5762786865234375e-07, 3.6368146538734436e-07, 1.1362135410308838e-07, 0.8337421417236328, 0.43492457270622253, 0.34016844630241394, -0.37044134736061096, 0.8974484801292419, -0.2394992560148239, -0.4094475209712982, 0.07366777211427689, 0.9093544483184814),
            ["LeftLowerLeg"] = CFrame.new(-7.450580596923828e-08, 0.00012248754501342773, 0.00007743760943412781, 1, 1.0244546189142056e-07, 1.0430816388407038e-07, -1.0803343286625022e-07, -0.2625728249549866, 0.9649121165275574, 1.0803343286625022e-07, -0.9649121761322021, -0.26257309317588806),
        }},
        {Time = 0.133, Data = {
            ["RightFoot"] = CFrame.new(-1.4901161193847656e-08, 4.76837158203125e-07, 2.544402377679944e-08, 0.8346549868583679, -0.4175891578197479, -0.35912424325942993, 0.22263799607753754, 0.8521962761878967, -0.4734908938407898, 0.5037692785263062, 0.3152473270893097, 0.804261326789856),
            ["LeftLowerArm"] = CFrame.new(3.8743019104003906e-07, -2.980232238769531e-07, 2.2351741790771484e-07, 1, -8.940694584680386e-08, 2.9802318834981634e-08, 5.2154071283894154e-08, -0.04451823979616165, -0.9990085959434509, 1.0430814256778831e-07, 0.9990085959434509, -0.04451822116971016),
            ["RightUpperArm"] = CFrame.new(1.1920928955078125e-07, 1.1920928955078125e-07, -8.940696716308594e-08, 0.9829977750778198, 0.14492948353290558, -0.11274195462465286, -0.10098990797996521, 0.9395313262939453, 0.32723408937454224, 0.15335066616535187, -0.31028422713279724, 0.9381935596466064),
            ["Head"] = CFrame.new(8.940696716308594e-08, 1.1920928955078125e-07, 3.725290298461914e-08, 0.9876241683959961, 0.12934747338294983, -0.0886998400092125, -0.13638810813426971, 0.9875392317771912, -0.0785161703824997, 0.07743914425373077, 0.08964202553033829, 0.9929589629173279),
            ["RightHand"] = CFrame.new(-1.341104507446289e-07, 0, -2.9802322387695312e-08, 0.9898615479469299, -0.01875174790620804, 0.14079254865646362, 0.05632882937788963, 0.9617902636528015, -0.26793015003204346, -0.13038863241672516, 0.27314454317092896, 0.9530954360961914),
            ["UpperTorso"] = CFrame.new(-8.568167686462402e-08, 2.384185791015625e-07, 5.587935447692871e-09, 0.9866963028907776, 0.029869595542550087, -0.15980711579322815, 0.0356089286506176, 0.919401228427887, 0.39170563220977783, 0.15862689912319183, -0.3921850621700287, 0.906106173992157),
            ["HumanoidRootPart"] = CFrame.new(0, 0, 0, 1, 0, 0, 0, 1, 0, 0, 0, 1),
            ["RightUpperLeg"] = CFrame.new(-5.960464477539063e-08, 2.7939677238464355e-08, 1.6408012015745044e-07, 0.8695762157440186, 0.4929748773574829, 0.028509991243481636, -0.45300528407096863, 0.8193871378898621, -0.3512711822986603, -0.19652841985225677, 0.29254150390625, 0.9358396530151367),
            ["LeftUpperArm"] = CFrame.new(1.7881393432617188e-07, 2.384185791015625e-07, 0, 0.3707030117511749, 0.714759886264801, -0.5930404663085938, -0.643058180809021, 0.658250629901886, 0.3913857042789459, 0.670116126537323, 0.23627182841300964, 0.703647792339325),
            ["RightLowerArm"] = CFrame.new(1.7881393432617188e-07, 1.1920928955078125e-07, -2.9802322387695312e-08, 1, -5.587935447692871e-08, 1.1175869474300271e-07, 1.005828522693264e-07, -0.190231591463089, -0.9817392230033875, 1.1548401346317405e-07, 0.9817392826080322, -0.19023175537586212),
            ["LeftHand"] = CFrame.new(1.7881393432617188e-07, 5.960464477539063e-08, -8.940696716308594e-08, 0.9604049921035767, -0.26702964305877686, 0.07948198914527893, 0.2772141993045807, 0.9443871974945068, -0.17687581479549408, -0.027830634266138077, 0.19190624356269836, 0.9810187220573425),
            ["LeftFoot"] = CFrame.new(0, 5.960464477539063e-08, -6.891787052154541e-08, 0.7044409513473511, 0.05353269726037979, -0.707740843296051, -0.026283513754606247, 0.9984351992607117, 0.049359213560819626, 0.7092759013175964, -0.01616891659796238, 0.7047457695007324),
            ["LowerTorso"] = CFrame.new(-0.1261875480413437, -0.31823694705963135, -0.30915704369544983, -0.4142547845840454, -0.13381096720695496, -0.9002708792686462, 0.018277034163475037, 0.9877111911773682, -0.15521767735481262, 0.9099774956703186, -0.08075394481420517, -0.4067184031009674),
            ["RightLowerLeg"] = CFrame.new(3.725290298461914e-09, -0.00012224912643432617, -0.00007740983710391447, 1, -1.415610029198433e-07, -7.380731403827667e-08, 1.1175870895385742e-07, 0.6332365870475769, 0.7739580869674683, -4.470348358154297e-08, -0.7739583253860474, 0.633236825466156),
