return {
    ["Oh My Oh My"] = {
        {Time = 0.000, Data = {
            ["RightFoot"] = CFrame.new(1.7136335372924805e-07, 1.7881393432617188e-07, 9.145878721028566e-09, 0.9286252856254578, 0.3653641939163208, -0.06453049182891846, -0.2968349754810333, 0.6272813677787781, -0.7200050354003906, -0.2225852906703949, 0.6877697706222534, 0.6909621953964233),
            ["LeftLowerArm"] = CFrame.new(9.238719940185547e-07, -4.76837158203125e-07, 0.000004850327968597412, 1, 4.2002679379038454e-07, -1.4156087502215087e-07, -2.0861619987044833e-07, 0.004900060594081879, -0.9999880194664001, -5.392356570155243e-07, 0.9999880194664001, 0.004899619612842798),
            ["RightUpperArm"] = CFrame.new(-0.029202044010162354, -0.02388596534729004, 0.06496617197990417, 0.785764753818512, -0.4833143651485443, -0.3859795928001404, 0.5304379463195801, 0.8475198149681091, 0.018603067845106125, 0.31813427805900574, -0.2193567454814911, 0.9223197102546692),
            ["Head"] = CFrame.new(3.725290298461914e-08, -5.960464477539062e-07, -5.21540641784668e-08, 0.8773339986801147, -0.47011542320251465, 0.09631521254777908, 0.4568518400192261, 0.7568084001541138, -0.467469185590744, 0.14687223732471466, 0.4541284441947937, 0.8787468075752258),
            ["RightHand"] = CFrame.new(8.903443813323975e-07, 0.0000013113021850585938, -7.003545761108398e-07, 0.873265266418457, 0.07305727899074554, -0.481736958026886, -0.28479474782943726, 0.8787543773651123, -0.3829929232597351, 0.3953476846218109, 0.47164976596832275, 0.788191556930542),
            ["UpperTorso"] = CFrame.new(-2.60770320892334e-08, -1.4901161193847656e-07, 2.0489096641540527e-08, 0.8822449445724487, -0.4703669250011444, -0.019975809380412102, 0.4503810405731201, 0.8308801651000977, 0.326795369386673, -0.13711610436439514, -0.2973100543022156, 0.9448841214179993),
            ["HumanoidRootPart"] = CFrame.new(0, 0, 0, 1, 0, 0, 0, 1, 0, 0, 0, 1),
            ["RightUpperLeg"] = CFrame.new(-2.9802322387695312e-08, -3.3248215913772583e-07, 1.5068508218973875e-08, 0.6083287000656128, -0.7934427857398987, -0.019615547731518745, 0.47295206785202026, 0.38223597407341003, -0.7938590049743652, 0.6373794674873352, 0.473649799823761, 0.6077855229377747),
            ["LeftUpperArm"] = CFrame.new(0.029202759265899658, -0.0238877534866333, 0.06496506929397583, 0.2416473627090454, 0.32944566011428833, 0.9127280116081238, -0.04134797677397728, 0.9432450532913208, -0.3295130729675293, -0.9694828391075134, 0.04188589006662369, 0.24155475199222565),
            ["RightLowerArm"] = CFrame.new(6.258487701416016e-07, 2.980232238769531e-07, -0.0000036656856536865234, 1, -0.00000911206461751135, 0.00001712143057375215, 0.000018775463104248047, 0.2682802677154541, -0.9633410573005676, 0.000004217028617858887, 0.9633409380912781, 0.2682797312736511),
            ["LeftHand"] = CFrame.new(-0.0000014528632164001465, -4.172325134277344e-07, 1.8998980522155762e-07, 0.7563040256500244, 0.18186673521995544, 0.6284340023994446, 0.06062748283147812, 0.936966598033905, -0.34411877393722534, -0.6514050364494324, 0.2983591854572296, 0.6976052522659302),
            ["LeftFoot"] = CFrame.new(-1.0989606380462646e-07, 5.960464477539063e-08, -2.9802322387695312e-08, 0.9684896469116211, -0.24217933416366577, -0.058113329112529755, 0.16926835477352142, 0.8112210035324097, -0.5597043037414551, 0.18269148468971252, 0.5322309136390686, 0.8266522288322449),
            ["LowerTorso"] = CFrame.new(-0.2948180139064789, -0.6971133947372437, 0.13995635509490967, 0.9577215313911438, 0.16033904254436493, -0.23887427151203156, -0.16699190437793732, 0.9859278798103333, -0.00774054741486907, 0.23427166044712067, 0.047303348779678345, 0.9710197448730469),
            ["RightLowerLeg"] = CFrame.new(-1.4435499906539917e-08, -0.0007264018058776855, 0.000046001347072888166, 1, 3.1292435664909135e-07, 1.5646226358967397e-07, -5.960463766996327e-08, -0.2694518268108368, 0.9630139470100403, 3.874301341966202e-07, -0.9630138278007507, -0.26945188641548157),
            ["LeftUpperLeg"] = CFrame.new(2.9802322387695312e-08, -2.0151492208242416e-07, -1.862645149230957e-09, 0.9794802069664001, 0.20015168190002441, 0.023621905595064163, -0.08405274897813797, 0.5122043490409851, -0.8547408580780029, -0.18317705392837524, 0.835216224193573, 0.5185173153877258),
            ["LeftLowerLeg"] = CFrame.new(-9.685754776000977e-08, -0.0007266402244567871, 0.0000810772180557251, 1, 8.195640788244418e-08, 7.823110337312755e-08, -5.587936158235607e-08, -0.07903274148702621, 0.9968721270561218, 1.3783575525394554e-07, -0.996872067451477, -0.07903274893760681),
        }},
        {Time = 0.017, Data = {
            ["RightFoot"] = CFrame.new(7.450580596923828e-08, 2.384185791015625e-07, -4.0214217733591795e-08, 0.9243144989013672, 0.3734123706817627, -0.07877948135137558, -0.3132721781730652, 0.624512791633606, -0.7154328227043152, -0.217952698469162, 0.6859642267227173, 0.6942259669303894),
            ["LeftLowerArm"] = CFrame.new(8.344650268554688e-07, 0, 0.000005245208740234375, 1, 4.637990969058592e-07, -1.3038501833761984e-07, -1.7322601308933372e-07, -0.004060070961713791, -0.999991774559021, -4.861504407926986e-07, 0.999991774559021, -0.004060737323015928),
            ["RightUpperArm"] = CFrame.new(-0.029202163219451904, -0.023886442184448242, 0.06496593356132507, 0.7683278322219849, -0.5005261898040771, -0.3989301323890686, 0.5471969842910767, 0.8369958400726318, 0.003730819560587406, 0.3320358693599701, -0.22115960717201233, 0.9169738292694092),
            ["Head"] = CFrame.new(7.82310962677002e-08, -5.960464477539062e-07, -1.043081283569336e-07, 0.8981233835220337, -0.42757755517959595, 0.10272258520126343, 0.4191703796386719, 0.7618051767349243, -0.4939121603965759, 0.1329311728477478, 0.4866521954536438, 0.8634227514266968),
            ["RightHand"] = CFrame.new(0.0000012312084436416626, 0.0000012516975402832031, -7.599592208862305e-07, 0.8560723662376404, 0.04432942718267441, -0.5149515271186829, -0.2796586751937866, 0.8776025772094727, -0.3893648684024811, 0.4346621334552765, 0.4773350656032562, 0.7636883854866028),
            ["UpperTorso"] = CFrame.new(5.960464477539063e-08, -2.682209014892578e-07, 2.3865140974521637e-08, 0.8810792565345764, -0.47209978103637695, -0.028656132519245148, 0.4551447331905365, 0.8298416137695312, 0.32281002402305603, -0.12861843407154083, -0.29746392369270325, 0.9460299611091614),
            ["HumanoidRootPart"] = CFrame.new(0, 0, 0, 1, 0, 0, 0, 1, 0, 0, 0, 1),
            ["RightUpperLeg"] = CFrame.new(0, -1.564621925354004e-07, -3.4116965252906084e-08, 0.604918897151947, -0.7959537506103516, -0.023038232699036598, 0.46796226501464844, 0.3787589967250824, -0.7984691858291626, 0.6442704796791077, 0.47222796082496643, 0.6015946865081787),
            ["LeftUpperArm"] = CFrame.new(0.029203176498413086, -0.0238877534866333, 0.064965158700943, 0.2504473328590393, 0.334952712059021, 0.9083408117294312, -0.03764116019010544, 0.9409018158912659, -0.336581289768219, -0.9673982262611389, 0.050105009227991104, 0.24825409054756165),
            ["RightLowerArm"] = CFrame.new(4.470348358154297e-07, 4.172325134277344e-07, -0.0000035762786865234375, 1, -0.000009387731552124023, 0.000016614794731140137, 0.000018857423128793016, 0.29344654083251953, -0.9559754729270935, 0.000004276634172128979, 0.9559755325317383, 0.29344671964645386),
            ["LeftHand"] = CFrame.new(-0.000001519918441772461, -5.364418029785156e-07, 1.1455267667770386e-07, 0.7417515516281128, 0.19855310022830963, 0.6406106948852539, 0.05370097979903221, 0.9345224499702454, -0.35182926058769226, -0.6685214638710022, 0.2953716218471527, 0.6825205087661743),
            ["LeftFoot"] = CFrame.new(1.5087425708770752e-07, 1.1920928955078125e-07, -7.450580596923828e-09, 0.9717010259628296, -0.21989278495311737, -0.08628016710281372, 0.1398262232542038, 0.8298453688621521, -0.5401899814605713, 0.19038309156894684, 0.512839138507843, 0.8371084928512573),
            ["LowerTorso"] = CFrame.new(-0.2973558008670807, -0.7064164876937866, 0.15130256116390228, 0.9642850756645203, 0.15611030161380768, -0.2139720618724823, -0.15970389544963837, 0.9871648550033569, 0.0004979337682016194, 0.2113034427165985, 0.033692020922899246, 0.9768396615982056),
            ["RightLowerLeg"] = CFrame.new(-8.381903171539307e-09, -0.0007266402244567871, 0.00004603277920978144, 1, 3.427267074584961e-07, 1.937151665742931e-07, -8.940696716308594e-08, -0.2745091915130615, 0.9615844488143921, 3.8743019104003906e-07, -0.9615845084190369, -0.2745092213153839),
            ["LeftUpperLeg"] = CFrame.new(5.960464477539063e-08, -3.484310582280159e-07, 2.578599378466606e-08, 0.9792161583900452, 0.20139651000499725, 0.023986902087926865, -0.07454138994216919, 0.46735015511512756, -0.8809241056442261, -0.18862542510032654, 0.8608271479606628, 0.4726494550704956),
            ["LeftLowerLeg"] = CFrame.new(8.754432201385498e-08, -0.0007262825965881348, 0.00008089840412139893, 1, 1.0989604959377175e-07, 1.1362138252479781e-07, -7.078050856534901e-08, -0.10296665132045746, 0.9946848750114441, 1.639127589214695e-07, -0.9946848750114441, -0.10296661406755447),
        }},
        {Time = 0.033, Data = {
            ["RightFoot"] = CFrame.new(1.1175870895385742e-07, 1.7881393432617188e-07, 2.6841007638722658e-08, 0.921052873134613, 0.37651291489601135, -0.09949707984924316, -0.33100131154060364, 0.6222551465034485, -0.7093920111656189, -0.2051825225353241, 0.6863211393356323, 0.6977559328079224),
            ["LeftLowerArm"] = CFrame.new(7.152557373046875e-07, -5.960464477539063e-08, 0.000005125999450683594, 1, 4.6752415983064566e-07, -1.0989597143407082e-07, -1.8253925304634322e-07, -0.01236467994749546, -0.9999235272407532, -4.5634811840500333e-07, 0.9999236464500427, -0.012364895083010197),
            ["RightUpperArm"] = CFrame.new(-0.029202520847320557, -0.023886680603027344, 0.06496630609035492, 0.7530648708343506, -0.5145796537399292, -0.4100007712841034, 0.5613091588020325, 0.8275707960128784, -0.007680327631533146, 0.34325721859931946, -0.22435340285301208, 0.9120529294013977),
            ["Head"] = CFrame.new(-5.029141902923584e-08, -8.344650268554688e-07, -7.450580596923828e-09, 0.916707456111908, -0.385763943195343, 0.10408450663089752, 0.38138535618782043, 0.7671301364898682, -0.5158070921897888, 0.11913355439901352, 0.512540340423584, 0.8503584265708923),
            ["RightHand"] = CFrame.new(2.60770320892334e-07, 0.0000010728836059570312, -6.705522537231445e-07, 0.8369907736778259, 0.010711953975260258, -0.5471125245094299, -0.26816990971565247, 0.8795506954193115, -0.3930339217185974, 0.4770025610923767, 0.4756847023963928, 0.7390483021736145),
            ["UpperTorso"] = CFrame.new(-1.862645149230957e-08, -2.980232238769531e-07, -1.3969838619232178e-08, 0.8813533186912537, -0.4710859954357147, -0.03597969934344292, 0.4568856358528137, 0.8304381370544434, 0.31879130005836487, -0.12029919028282166, -0.29740646481513977, 0.9471417665481567),
            ["HumanoidRootPart"] = CFrame.new(0, 0, 0, 1, 0, 0, 0, 1, 0, 0, 0, 1),
            ["RightUpperLeg"] = CFrame.new(-1.1920928955078125e-07, -1.3830140233039856e-07, -4.0810846257954836e-08, 0.6068485379219055, -0.7938235998153687, -0.03973895683884621, 0.45952823758125305, 0.391208291053772, -0.7973642945289612, 0.6485126614570618, 0.4656180739402771, 0.6021885275840759),
            ["LeftUpperArm"] = CFrame.new(0.02920287847518921, -0.023888349533081055, 0.06496532261371613, 0.26122531294822693, 0.34143468737602234, 0.9028754830360413, -0.037138037383556366, 0.9382150769233704, -0.3440535366535187, -0.9645631909370422, 0.056344687938690186, 0.2577654719352722),
            ["RightLowerArm"] = CFrame.new(5.364418029785156e-07, 7.152557373046875e-07, -0.00000356137752532959, 1, -0.000010095539437315892, 0.00001647323188080918, 0.000018730761439655907, 0.3208419978618622, -0.9471328854560852, 0.000004187226750218542, 0.9471328258514404, 0.32084158062934875),
            ["LeftHand"] = CFrame.new(-0.0000015283003449440002, -8.940696716308594e-07, 1.1292286217212677e-07, 0.7283474802970886, 0.2124970406293869, 0.6514255404472351, 0.04930981248617172, 0.9319774508476257, -0.35914701223373413, -0.6834313869476318, 0.29370617866516113, 0.6683250069618225),
            ["LeftFoot"] = CFrame.new(6.688060238957405e-08, 0, -1.4901161193847656e-08, 0.9734432697296143, -0.1992018073797226, -0.11281342059373856, 0.11336825788021088, 0.8475863337516785, -0.5184065103530884, 0.19888661801815033, 0.4918496310710907, 0.8476603031158447),
            ["LowerTorso"] = CFrame.new(-0.29451557993888855, -0.7056418657302856, 0.16006556153297424, 0.9707561731338501, 0.1487623006105423, -0.18842051923274994, -0.15003441274166107, 0.9886517524719238, 0.007574953138828278, 0.1874091476202011, 0.020916130393743515, 0.9820592403411865),
            ["RightLowerLeg"] = CFrame.new(-1.0244548320770264e-07, -0.0007264614105224609, 0.0000460183437098749, 1, 2.831221763699432e-07, 4.4703497792397684e-08, -7.450579886381092e-08, -0.26396647095680237, 0.9645319581031799, 4.3213361777816317e-07, -0.9645319581031799, -0.26396647095680237),
            ["LeftUpperLeg"] = CFrame.new(2.9802322387695312e-08, -3.991881385445595e-07, -2.60770320892334e-08, 0.9794937968254089, 0.2001304030418396, 0.023235222324728966, -0.06733839213848114, 0.43388304114341736, -0.8984492421150208, -0.18988831341266632, 0.8784607648849487, 0.43846216797828674),
            ["LeftLowerLeg"] = CFrame.new(-1.0803341865539551e-07, -0.000726163387298584, 0.00008092820644378662, 1, 1.373701081774925e-07, 7.147901470716533e-08, -7.869675044958058e-08, -0.1105506643652916, 0.9938705563545227, 1.1734663019069558e-07, -0.9938704967498779, -0.11055086553096771),
        }},
        {Time = 0.050, Data = {
            ["RightFoot"] = CFrame.new(2.2351741790771484e-07, 1.7881393432617188e-07, 1.1939846444875002e-08, 0.9193975925445557, 0.3721928596496582, -0.1272030472755432, -0.34864065051078796, 0.6214268207550049, -0.7016258239746094, -0.18209268152713776, 0.6894210577011108, 0.7010995745658875),
            ["LeftLowerArm"] = CFrame.new(9.5367431640625e-07, -6.556510925292969e-07, 0.000005081295967102051, 1, 5.40167718554585e-07, -1.7695103338155604e-07, -1.4714898100010032e-07, -0.021067073568701744, -0.9997780323028564, -4.936010213896225e-07, 0.9997780919075012, -0.021067887544631958),
            ["RightUpperArm"] = CFrame.new(-0.02920246124267578, -0.023887038230895996, 0.06496606767177582, 0.7399338483810425, -0.5239832401275635, -0.42182907462120056, 0.5720324516296387, 0.8200884461402893, -0.015281839296221733, 0.3539447784423828, -0.2299925535917282, 0.9065465927124023),
            ["Head"] = CFrame.new(1.1641532182693481e-07, -9.5367431640625e-07, 1.1175870895385742e-07, 0.9369188547134399, -0.336246520280838, 0.09550749510526657, 0.3332328498363495, 0.7767034769058228, -0.5344972014427185, 0.10554179549217224, 0.5326067805290222, 0.8397565484046936),
            ["RightHand"] = CFrame.new(9.499490261077881e-07, 0.0000011920928955078125, -8.195638656616211e-07, 0.8156865239143372, -0.02481321431696415, -0.5779626369476318, -0.25187116861343384, 0.8841800093650818, -0.39342907071113586, 0.5207844972610474, 0.46648699045181274, 0.714963436126709),
            ["UpperTorso"] = CFrame.new(2.9802322387695312e-08, -5.960464477539063e-08, 5.029141902923584e-08, 0.8827089667320251, -0.4680379629135132, -0.04201343655586243, 0.45638978481292725, 0.832560658454895, 0.31392917037010193, -0.11195199936628342, -0.29628250002861023, 0.9485164880752563),
            ["HumanoidRootPart"] = CFrame.new(0, 0, 0, 1, 0, 0, 0, 1, 0, 0, 0, 1),
            ["RightUpperLeg"] = CFrame.new(2.9802322387695312e-08, -2.1373853087425232e-07, 2.0656443666666746e-08, 0.6133936643600464, -0.7868442535400391, -0.06800153851509094, 0.4477420151233673, 0.4173835813999176, -0.7907706499099731, 0.6505960822105408, 0.4546065926551819, 0.6083235144615173),
            ["LeftUpperArm"] = CFrame.new(0.029202759265899658, -0.023888587951660156, 0.06496520340442657, 0.2731059789657593, 0.34875431656837463, 0.8965399265289307, -0.03709064796566963, 0.9350942373275757, -0.35245344042778015, -0.9612686634063721, 0.06300359964370728, 0.26831451058387756),
            ["RightLowerArm"] = CFrame.new(0, 5.960464477539062e-07, -0.000003516674041748047, 1, -0.00001051276831276482, 0.000016257172319456004, 0.00001882016658782959, 0.3466849625110626, -0.9379816651344299, 0.000004157423973083496, 0.9379816055297852, 0.34668517112731934),
            ["LeftHand"] = CFrame.new(-0.0000015515834093093872, -3.5762786865234375e-07, -2.421438694000244e-08, 0.7178452014923096, 0.22237528860569, 0.6597333550453186, 0.04764607548713684, 0.9297021627426147, -0.36521756649017334, -0.6945704817771912, 0.2936037480831146, 0.6567862033843994),
            ["LeftFoot"] = CFrame.new(4.377216100692749e-08, 5.960464477539063e-08, 2.2351741790771484e-08, 0.9737323522567749, -0.18239621818065643, -0.13629773259162903, 0.09190377593040466, 0.8625009059906006, -0.4976402223110199, 0.20832468569278717, 0.472042053937912, 0.856607973575592),
            ["LowerTorso"] = CFrame.new(-0.28648167848587036, -0.6954697370529175, 0.16597609221935272, 0.9768951535224915, 0.13911990821361542, -0.16223962604999542, -0.13874125480651855, 0.9902336597442627, 0.01371788140386343, 0.16256356239318848, 0.00910839531570673, 0.986656129360199),
            ["RightLowerLeg"] = CFrame.new(-2.9802322387695312e-08, -0.0007262825965881348, 0.00004611520125763491, 1, 4.321338167301292e-07, 2.0861631355728605e-07, -1.3411042232291948e-07, -0.23986667394638062, 0.9708059430122375, 4.0233126696875843e-07, -0.9708058834075928, -0.239866703748703),
            ["LeftUpperLeg"] = CFrame.new(2.9802322387695312e-08, -3.057648427784443e-07, 2.7939677238464355e-08, 0.9803900718688965, 0.1959141492843628, 0.021284304559230804, -0.06285670399665833, 0.41324111819267273, -0.9084497690200806, -0.18677373230457306, 0.8892971277236938, 0.4174519181251526),
            ["LeftLowerLeg"] = CFrame.new(1.434236764907837e-07, -0.0007263422012329102, 0.00008097290992736816, 1, 1.3969837198146706e-07, 6.705523247774181e-08, -7.823108916227284e-08, -0.10225057601928711, 0.994758665561676, 1.424923397053135e-07, -0.9947587251663208, -0.10225062072277069),
        }},
        {Time = 0.067, Data = {
            ["RightFoot"] = CFrame.new(1.2665987014770508e-07, 2.384185791015625e-07, 4.546745913103223e-08, 0.9196653366088867, 0.3582344353199005, -0.16088390350341797, -0.3641311824321747, 0.6244943737983704, -0.6909527778625488, -0.14705196022987366, 0.6940280199050903, 0.7047699689865112),
            ["LeftLowerArm"] = CFrame.new(8.344650268554688e-07, -1.7881393432617188e-07, 0.000004932284355163574, 1, 3.995376687271346e-07, -1.9185222299711313e-07, -1.210719347000122e-07, -0.030642323195934296, -0.9995304346084595, -4.172325134277344e-07, 0.9995304346084595, -0.030642792582511902),
            ["RightUpperArm"] = CFrame.new(-0.02920234203338623, -0.023886561393737793, 0.06496620923280716, 0.7287249565124512, -0.5278436541557312, -0.436280220746994, 0.578719437122345, 0.8152877688407898, -0.019751356914639473, 0.36611998081207275, -0.2380903959274292, 0.8995940685272217),
            ["Head"] = CFrame.new(-1.1827796697616577e-07, -8.344650268554688e-07, 7.450580596923828e-08, 0.9557694792747498, -0.28347039222717285, 0.07841727137565613, 0.27829450368881226, 0.7853446006774902, -0.5529794096946716, 0.09516878426074982, 0.5503438711166382, 0.8294965624809265),
            ["RightHand"] = CFrame.new(7.487833499908447e-07, 0.0000012516975402832031, -8.195638656616211e-07, 0.7905460596084595, -0.060779277235269547, -0.6093793511390686, -0.23267269134521484, 0.8906372785568237, -0.39067694544792175, 0.566480815410614, 0.45063427090644836, 0.6899480819702148),
            ["UpperTorso"] = CFrame.new(-5.587935447692871e-09, -1.7881393432617188e-07, 5.587935447692871e-09, 0.8848651647567749, -0.46347537636756897, -0.0469513013958931, 0.4542548954486847, 0.8361080288887024, 0.30753186345100403, -0.10327699035406113, -0.2934522032737732, 0.9503787755966187),
            ["HumanoidRootPart"] = CFrame.new(0, 0, 0, 1, 0, 0, 0, 1, 0, 0, 0, 1),
            ["RightUpperLeg"] = CFrame.new(5.960464477539063e-08, -3.6641722545027733e-07, 9.480572771281004e-09, 0.6234681010246277, -0.7748472690582275, -0.10440058261156082, 0.4326760470867157, 0.45315760374069214, -0.7793840765953064, 0.651213526725769, 0.44074946641921997, 0.6177871227264404),
            ["LeftUpperArm"] = CFrame.new(0.029202640056610107, -0.023888349533081055, 0.06496520340442657, 0.28533482551574707, 0.3563942611217499, 0.8897008895874023, -0.03567282482981682, 0.9315977096557617, -0.3617362380027771, -0.9577637910842896, 0.071477971971035, 0.2785303592681885),
            ["RightLowerArm"] = CFrame.new(1.7881393432617188e-07, 5.960464477539062e-07, -0.000003635883331298828, 1, -0.000010885295523621608, 0.000015981497199391015, 0.00001887977123260498, 0.368369460105896, -0.9296793937683105, 0.0000041425228118896484, 0.9296795129776001, 0.3683697581291199),
            ["LeftHand"] = CFrame.new(-0.0000016279518604278564, -6.556510925292969e-07, 5.587935447692871e-08, 0.7093187570571899, 0.22824274003505707, 0.6669129729270935, 0.04895223677158356, 0.9278904795646667, -0.36962515115737915, -0.7031860947608948, 0.29482966661453247, 0.6469964385032654),
            ["LeftFoot"] = CFrame.new(6.612390279769897e-08, 1.1920928955078125e-07, 7.450580596923828e-09, 0.9729838371276855, -0.1694774478673935, -0.1567792296409607, 0.07525286823511124, 0.8747910857200623, -0.47862035036087036, 0.2182648628950119, 0.4538920223712921, 0.8639113903045654),
            ["LowerTorso"] = CFrame.new(-0.2738128900527954, -0.6769503355026245, 0.16928766667842865, 0.9824967384338379, 0.12782269716262817, -0.13550473749637604, -0.12638497352600098, 0.991795539855957, 0.01919611357152462, 0.13684667646884918, -0.001734357443638146, 0.9905908107757568),
            ["RightLowerLeg"] = CFrame.new(-8.381903171539307e-08, -0.0007264018058776855, 0.000046048146032262594, 1, 2.5331982556053845e-07, 1.3411050758804777e-07, -1.1920928955078125e-07, -0.205320805311203, 0.97869473695755, 3.725290298461914e-07, -0.9786947965621948, -0.20532086491584778),
            ["LeftUpperLeg"] = CFrame.new(-5.960464477539063e-08, -3.744207788258791e-07, 1.862645149230957e-09, 0.9816346168518066, 0.1898186206817627, 0.01903824880719185, -0.06051670387387276, 0.4044828712940216, -0.9125412106513977, -0.18091794848442078, 0.8946298360824585, 0.4085416793823242),
            ["LeftLowerLeg"] = CFrame.new(3.725290298461914e-09, -0.0007263422012329102, 0.00008094310760498047, 1, 8.940694584680386e-08, 6.332994928470725e-08, -7.078050856534901e-08, -0.07994776219129562, 0.996799111366272, 1.341104365337742e-07, -0.9967990517616272, -0.07994772493839264),
        }},
        {Time = 0.083, Data = {
            ["RightFoot"] = CFrame.new(2.682209014892578e-07, 4.76837158203125e-07, 2.8237991500645876e-08, 0.9217870235443115, 0.3329491913318634, -0.19863024353981018, -0.37468716502189636, 0.6334466338157654, -0.6770190596580505, -0.0995912179350853, 0.6984914541244507, 0.7086545825004578),
            ["LeftLowerArm"] = CFrame.new(9.238719940185547e-07, -4.172325134277344e-07, 0.000004753470420837402, 1, 4.828915507459897e-07, -2.011653350564302e-07, -1.4435501327625389e-07, -0.04110798239707947, -0.9991547465324402, -4.6938663444962003e-07, 0.9991547465324402, -0.04110891371965408),
            ["RightUpperArm"] = CFrame.new(-0.02920210361480713, -0.023886561393737793, 0.0649663656949997, 0.7191812992095947, -0.5257846713066101, -0.45423412322998047, 0.5809900760650635, 0.8136159181594849, -0.021904297173023224, 0.3810891807079315, -0.24815258383750916, 0.8906130790710449),
            ["Head"] = CFrame.new(5.7596480473876e-08, -8.344650268554688e-07, 8.195638656616211e-08, 0.9719293713569641, -0.22876019775867462, 0.05497462674975395, 0.21855472028255463, 0.7913627624511719, -0.5709457993507385, 0.0871046930551529, 0.566933810710907, 0.819145143032074),
            ["RightHand"] = CFrame.new(0.0000011436641216278076, 0.0000010728836059570312, -7.301568984985352e-07, 0.7606351375579834, -0.09623555839061737, -0.6420074701309204, -0.21165738999843597, 0.8981484770774841, -0.3853968381881714, 0.6137063503265381, 0.4290317893028259, 0.6627939343452454),
            ["UpperTorso"] = CFrame.new(-1.0803341865539551e-07, 2.9802322387695312e-08, -2.421438694000244e-08, 0.8876928687095642, -0.4575972557067871, -0.05104856938123703, 0.45074495673179626, 0.8410244584083557, 0.29917722940444946, -0.09396948665380478, -0.28858721256256104, 0.9528310894966125),
            ["HumanoidRootPart"] = CFrame.new(0, 0, 0, 1, 0, 0, 0, 1, 0, 0, 0, 1),
            ["RightUpperLeg"] = CFrame.new(-8.940696716308594e-08, 9.406358003616333e-08, -2.4047039914876223e-08, 0.6361278891563416, -0.7576401829719543, -0.14602284133434296, 0.4143815040588379, 0.49510326981544495, -0.7636498808860779, 0.6508682370185852, 0.42526957392692566, 0.6289008855819702),
            ["LeftUpperArm"] = CFrame.new(0.029202818870544434, -0.023887991905212402, 0.06496542692184448, 0.29722508788108826, 0.3635825216770172, 0.8828734755516052, -0.03198670223355293, 0.9279335737228394, -0.3713703751564026, -0.9542714953422546, 0.08213989436626434, 0.28743433952331543),
            ["RightLowerArm"] = CFrame.new(-3.5762786865234375e-07, 2.980232238769531e-07, -0.0000035390257835388184, 1, -0.000011101365998911206, 0.000015750527381896973, 0.00001882761534943711, 0.38468894362449646, -0.9230464696884155, 0.000004179775260126917, 0.9230462908744812, 0.3846886157989502),
            ["LeftHand"] = CFrame.new(-0.0000016652047634124756, -7.748603820800781e-07, -5.8673322200775146e-08, 0.7030752897262573, 0.23046976327896118, 0.6727330684661865, 0.05255305767059326, 0.9265971779823303, -0.37236523628234863, -0.7091709971427917, 0.2971555292606354, 0.6393547058105469),
            ["LeftFoot"] = CFrame.new(1.3969838619232178e-08, 1.1920928955078125e-07, -7.450580596923828e-09, 0.9716262221336365, -0.1595628410577774, -0.174591526389122, 0.06247439235448837, 0.8850846290588379, -0.46121829748153687, 0.22812148928642273, 0.4372241795063019, 0.869939923286438),
            ["LowerTorso"] = CFrame.new(-0.25722411274909973, -0.6513599157333374, 0.17053595185279846, 0.9874101281166077, 0.11517069488763809, -0.10843049734830856, -0.1131986454129219, 0.9932778477668762, 0.024191055446863174, 0.11048771440982819, -0.011612307280302048, 0.993809700012207),
            ["RightLowerLeg"] = CFrame.new(-3.3527612686157227e-08, -0.0007265210151672363, 0.00004613569035427645, 1, 4.02331437499015e-07, 1.4901169720360485e-07, -8.940698847936801e-08, -0.16420257091522217, 0.9864267110824585, 3.427267927236244e-07, -0.9864267110824585, -0.16420255601406097),
            ["LeftUpperLeg"] = CFrame.new(0, -1.896405592560768e-07, -5.587935447692871e-08, 0.9826869964599609, 0.18443089723587036, 0.01765453815460205, -0.05988005921244621, 0.4063313603401184, -0.9117616415023804, -0.17533060908317566, 0.8949190378189087, 0.41034018993377686),
            ["LeftLowerLeg"] = CFrame.new(2.9802322387695312e-08, -0.0007264018058776855, 0.00008101761341094971, 1, 1.3038520307873114e-07, 5.960465898624534e-08, -6.332993507385254e-08, -0.04593430459499359, 0.9989445209503174, 9.872019290924072e-08, -0.9989445209503174, -0.04593433067202568),
        }},
        {Time = 0.100, Data = {
            ["RightFoot"] = CFrame.new(2.7567148208618164e-07, 3.5762786865234375e-07, 1.6596459317952394e-08, 0.9249181151390076, 0.2973972260951996, -0.2368154525756836, -0.37780168652534485, 0.6496699452400208, -0.65969318151474, -0.04233907535672188, 0.6996312141418457, 0.7132483720779419),
            ["LeftLowerArm"] = CFrame.new(8.344650268554688e-07, -1.7881393432617188e-07, 0.000005081295967102051, 1, 4.218895242047438e-07, -1.5459936264505814e-07, -1.769512749660862e-07, -0.052244480699300766, -0.9986343383789062, -4.619359401658585e-07, 0.9986343383789062, -0.05224498733878136),
            ["RightUpperArm"] = CFrame.new(-0.02920234203338623, -0.02388608455657959, 0.06496641039848328, 0.7109749913215637, -0.5180723667144775, -0.4755152463912964, 0.5787535905838013, 0.8151836395263672, -0.022805796936154366, 0.3994482755661011, -0.25899168848991394, 0.8794118762016296),
            ["Head"] = CFrame.new(3.585591912269592e-08, -4.76837158203125e-07, 1.4901161193847656e-07, 0.984782874584198, -0.17180655896663666, 0.02617768384516239, 0.15423521399497986, 0.794589638710022, -0.5872296094894409, 0.08008959889411926, 0.5823312997817993, 0.8089969754219055),
            ["RightHand"] = CFrame.new(9.424984455108643e-07, 0.0000013709068298339844, -9.387731552124023e-07, 0.7254151105880737, -0.1309637576341629, -0.6757379174232483, -0.1891743689775467, 0.9059922099113464, -0.378669798374176, 0.6618051528930664, 0.40252530574798584, 0.632445752620697),
            ["UpperTorso"] = CFrame.new(-5.029141902923584e-08, -8.940696716308594e-08, -5.587935447692871e-09, 0.8912022709846497, -0.4503106474876404, -0.054579488933086395, 0.44579365849494934, 0.8472545742988586, 0.28883835673332214, -0.08382429927587509, -0.2817448377609253, 0.9558209180831909),
            ["HumanoidRootPart"] = CFrame.new(0, 0, 0, 1, 0, 0, 0, 1, 0, 0, 0, 1),
            ["RightUpperLeg"] = CFrame.new(-5.960464477539063e-08, -2.0582228899002075e-07, -1.6952981241047382e-09, 0.6502581238746643, -0.7357353568077087, -0.18936236202716827, 0.393533855676651, 0.5394117832183838, -0.7444232702255249, 0.6498427391052246, 0.40954676270484924, 0.6402937769889832),
            ["LeftUpperArm"] = CFrame.new(0.029202759265899658, -0.023888111114501953, 0.06496527791023254, 0.30803483724594116, 0.36945220828056335, 0.8767098188400269, -0.026022834703326225, 0.9244455099105835, -0.38042503595352173, -0.9510191082954407, 0.09437046200037003, 0.29437533020973206),
            ["RightLowerArm"] = CFrame.new(7.748603820800781e-07, 5.960464477539062e-07, -0.000003544846549630165, 1, -0.000011295076546957716, 0.00001555681046738755, 0.00001883506411104463, 0.3957691192626953, -0.9183499813079834, 0.000004127620741201099, 0.9183500409126282, 0.3957692086696625),
            ["LeftHand"] = CFrame.new(-0.0000015795230865478516, -3.5762786865234375e-07, 4.284083843231201e-08, 0.6995145678520203, 0.22963982820510864, 0.6767163872718811, 0.05763745680451393, 0.9257462024688721, -0.3737272620201111, -0.7122901678085327, 0.30043238401412964, 0.6343366503715515),
            ["LeftFoot"] = CFrame.new(5.587935447692871e-09, 5.960464477539063e-08, 7.450580596923828e-09, 0.9701668620109558, -0.15110979974269867, -0.18958434462547302, 0.05227487161755562, 0.8939803838729858, -0.44504645466804504, 0.23673568665981293, 0.4218587875366211, 0.8752093315124512),
            ["LowerTorso"] = CFrame.new(-0.23739849030971527, -0.6200878620147705, 0.1702452301979065, 0.9915391802787781, 0.10114052891731262, -0.08136855065822601, -0.09910500794649124, 0.9946633577346802, 0.028687989339232445, 0.08383583277463913, -0.020381230860948563, 0.9962711930274963),
            ["RightLowerLeg"] = CFrame.new(-5.587935447692871e-08, -0.0007262825965881348, 0.000045990404032636434, 1, 3.8743027630516735e-07, 8.940698847936801e-08, -8.940696716308594e-08, -0.12010841071605682, 0.9927608370780945, 3.5762786865234375e-07, -0.9927607774734497, -0.12010836601257324),
            ["LeftUpperLeg"] = CFrame.new(-5.960464477539063e-08, -1.5064142644405365e-07, -7.450580596923828e-09, 0.982962965965271, 0.1828605979681015, 0.01859348639845848, -0.060248322784900665, 0.4161200523376465, -0.9073114395141602, -0.17364871501922607, 0.8907334804534912, 0.4200480580329895),
            ["LeftLowerLeg"] = CFrame.new(5.587935447692871e-08, -0.0007264614105224609, 0.00008100271224975586, 1, 1.229346082709526e-07, 8.940698847936801e-08, -2.2351745343485163e-08, -0.004193604923784733, 0.999991238117218, 9.685756197086448e-08, -0.9999912977218628, -0.004193722270429134),
        }},
        {Time = 0.117, Data = {
            ["RightFoot"] = CFrame.new(1.341104507446289e-07, 2.980232238769531e-07, -1.6931153368204832e-08, 0.9282203316688538, 0.25418537855148315, -0.2716556787490845, -0.3714936077594757, 0.6725100874900818, -0.6400960683822632, 0.01998821087181568, 0.6950684189796448, 0.7186657190322876),
            ["LeftLowerArm"] = CFrame.new(0.0000010132789611816406, -2.384185791015625e-07, 0.000004827976226806641, 1, 4.616452429218043e-07, -1.620499858745461e-07, -1.9231814007980574e-07, -0.063864566385746, -0.9979585409164429, -4.49828860382695e-07, 0.9979586601257324, -0.06386496871709824),
            ["RightUpperArm"] = CFrame.new(-0.029202520847320557, -0.023886680603027344, 0.06496617943048477, 0.7036182284355164, -0.5057310461997986, -0.4991561770439148, 0.5725781917572021, 0.8195220828056335, -0.02320178970694542, 0.4208035469055176, -0.26948052644729614, 0.8662014603614807),
            ["Head"] = CFrame.new(-8.195638656616211e-08, -7.152557373046875e-07, -1.4901161193847656e-08, 0.9931697845458984, -0.11661501973867416, -0.0038264915347099304, 0.09114837646484375, 0.795917272567749, -0.5985046625137329, 0.07284018397331238, 0.5940678715705872, 0.8011102080345154),
            ["RightHand"] = CFrame.new(0.0000013522803783416748, 0.0000012516975402832031, -7.748603820800781e-07, 0.684191882610321, -0.1652628481388092, -0.710330605506897, -0.16522744297981262, 0.9135364890098572, -0.3716869056224823, 0.7103389501571655, 0.3716711699962616, 0.5977284908294678),
            ["UpperTorso"] = CFrame.new(-3.073364496231079e-08, 2.9802322387695312e-08, -1.1175870895385742e-08, 0.8954821825027466, -0.4413294196128845, -0.0577944740653038, 0.4391023516654968, 0.8547017574310303, 0.2769007682800293, -0.07280737161636353, -0.27333739399909973, 0.9591589570045471),
            ["HumanoidRootPart"] = CFrame.new(0, 0, 0, 1, 0, 0, 0, 1, 0, 0, 0, 1),
            ["RightUpperLeg"] = CFrame.new(-5.960464477539063e-08, 1.103617250919342e-07, 1.879379851743579e-08, 0.6648350954055786, -0.710041880607605, -0.2320234477519989, 0.37121930718421936, 0.5835911631584167, -0.7222310900688171, 0.6482210755348206, 0.39403286576271057, 0.651573121547699),
            ["LeftUpperArm"] = CFrame.new(0.029202580451965332, -0.023888230323791504, 0.06496509909629822, 0.3172118663787842, 0.3732264041900635, 0.8718253374099731, -0.018154222518205643, 0.9215238690376282, -0.38789644837379456, -0.9481810331344604, 0.10721836239099503, 0.29909345507621765),
            ["RightLowerArm"] = CFrame.new(4.172325134277344e-07, 7.152557373046875e-07, -0.0000035837292671203613, 1, -0.000011466441719676368, 0.00001554191294417251, 0.000018820164768840186, 0.40270811319351196, -0.9153284430503845, 0.000004172324679529993, 0.9153284430503845, 0.4027082622051239),
            ["LeftHand"] = CFrame.new(-0.000001341104507446289, -6.556510925292969e-07, 7.636845111846924e-08, 0.6983267664909363, 0.22640769183635712, 0.6790286302566528, 0.06376264244318008, 0.9252073168754578, -0.3740663528442383, -0.7129334211349487, 0.3045180141925812, 0.6316600441932678),
            ["LeftFoot"] = CFrame.new(-1.0244548320770264e-07, 1.1920928955078125e-07, 2.2351741790771484e-08, 0.9691110849380493, -0.14238697290420532, -0.20136985182762146, 0.04307647794485092, 0.901677131652832, -0.4302590787410736, 0.24283383786678314, 0.4082944393157959, 0.8799587488174438),
            ["LowerTorso"] = CFrame.new(-0.2148863673210144, -0.5845708847045898, 0.16868312656879425, 0.9948310852050781, 0.08552879840135574, -0.05473694950342178, -0.08384277671575546, 0.9959523677825928, 0.03239525482058525, 0.05728612467646599, -0.0276385135948658, 0.9979751706123352),
            ["RightLowerLeg"] = CFrame.new(-1.30385160446167e-07, -0.0007264614105224609, 0.00004610216274159029, 1, 2.6822095833267667e-07, 5.96046660916727e-08, -1.0430809993522416e-07, -0.07661165297031403, 0.997061014175415, 4.1723239974089665e-07, -0.997061014175415, -0.07661163806915283),
            ["LeftUpperLeg"] = CFrame.new(-5.960464477539063e-08, -2.1746382117271423e-07, 3.725290298461914e-09, 0.9818886518478394, 0.18794971704483032, 0.023869646713137627, -0.06085476279258728, 0.43218401074409485, -0.89972984790802, -0.17941999435424805, 0.8819818496704102, 0.4357941746711731),
            ["LeftLowerLeg"] = CFrame.new(7.450580596923828e-09, -0.0007264614105224609, 0.00008098036050796509, 1, 1.3038518886787642e-07, 5.21540641784668e-08, -8.195638656616211e-08, 0.0419771783053875, 0.9991185665130615, 1.2293457984924316e-07, -0.9991185665130615, 0.04197715222835541),
        }},
        {Time = 0.133, Data = {
            ["RightFoot"] = CFrame.new(1.6391277313232422e-07, 1.1920928955078125e-07, -2.8107024263590574e-08, 0.931403398513794, 0.20714490115642548, -0.29929718375205994, -0.3548392355442047, 0.6999402642250061, -0.6198167204856873, 0.08109838515520096, 0.6835017800331116, 0.725429892539978),
            ["LeftLowerArm"] = CFrame.new(8.642673492431641e-07, -5.960464477539062e-07, 0.00000502169132232666, 1, 4.998881877327221e-07, -1.9371476867036108e-07, -1.3154931366443634e-07, -0.0759836807847023, -0.9971089959144592, -5.168840289115906e-07, 0.9971091151237488, -0.07598460465669632),
            ["RightUpperArm"] = CFrame.new(-0.029202163219451904, -0.023886561393737793, 0.06496595591306686, 0.696779727935791, -0.49004340171813965, -0.5237900614738464, 0.5632173418998718, 0.8259734511375427, -0.023528724908828735, 0.4441671371459961, -0.27861320972442627, 0.8515225052833557),
            ["Head"] = CFrame.new(-3.725290298461914e-09, -0.0000010728836059570312, -1.1175870895385742e-08, 0.9973326325416565, -0.06541847437620163, -0.03237423673272133, 0.03251996263861656, 0.7953338623046875, -0.6052988767623901, 0.06534609198570251, 0.6026314496994019, 0.7953397631645203),
            ["RightHand"] = CFrame.new(7.674098014831543e-07, 0.0000011920928955078125, -7.003545761108398e-07, 0.6404364705085754, -0.19843335449695587, -0.7419337630271912, -0.13833403587341309, 0.9204407334327698, -0.3655847907066345, 0.7554501891136169, 0.33676862716674805, 0.5620338320732117),
            ["UpperTorso"] = CFrame.new(-5.4016709327697754e-08, -2.384185791015625e-07, 1.3504177331924438e-08, 0.9006108045578003, -0.43034040927886963, -0.06088652089238167, 0.43031033873558044, 0.8631804585456848, 0.26410746574401855, -0.061100203543901443, -0.26405805349349976, 0.962569534778595),
            ["HumanoidRootPart"] = CFrame.new(0, 0, 0, 1, 0, 0, 0, 1, 0, 0, 0, 1),
            ["RightUpperLeg"] = CFrame.new(-5.960464477539063e-08, -3.119930624961853e-08, 2.7175701688975096e-08, 0.6790485382080078, -0.6815511584281921, -0.2727290987968445, 0.3483700454235077, 0.6262027025222778, -0.697501540184021, 0.6461667418479919, 0.3786267638206482, 0.6626541614532471),
            ["LeftUpperArm"] = CFrame.new(0.029202938079833984, -0.023888587951660156, 0.0649651512503624, 0.3244451880455017, 0.37433505058288574, 0.8686825037002563, -0.008983246982097626, 0.9195393323898315, -0.39289504289627075, -0.94586181640625, 0.11966924369335175, 0.3017023205757141),
            ["RightLowerArm"] = CFrame.new(5.960464477539062e-07, 5.960464477539062e-07, -0.000003546476364135742, 1, -0.000011436637578299269, 0.000015497213098569773, 0.000018827617168426514, 0.4071193039417267, -0.9133747220039368, 0.000004246830940246582, 0.9133750796318054, 0.40711989998817444),
            ["LeftHand"] = CFrame.new(-0.0000014156103134155273, 0, -7.450580596923828e-09, 0.6987040638923645, 0.22125381231307983, 0.6803382039070129, 0.0709722563624382, 0.9248465299606323, -0.3736600875854492, -0.7118817567825317, 0.30936360359191895, 0.6304903626441956),
