return {
    ["Oh shoot, a rat!"] = {
        {Time = 0.000, Data = {
            ["LeftFoot"] = CFrame.new(-6.053598156086082e-08, -1.1920928955078125e-07, -1.3342713600650313e-08, 0.9936695694923401, -0.028638551011681557, 0.10863099992275238, 0.05627133697271347, 0.9637951850891113, -0.260638564825058, -0.09723371267318726, 0.2651013731956482, 0.9593054056167603),
            ["LeftLowerArm"] = CFrame.new(-5.960464477539063e-08, 1.7881393432617188e-07, -1.4901161193847656e-08, 1, 3.725290298461914e-09, 1.4901162970204496e-08, -9.313225746154785e-09, 0.9815657138824463, -0.19112519919872284, 5.587935447692871e-09, 0.19112513959407806, 0.9815657734870911),
            ["LowerTorso"] = CFrame.new(-0.00854567065834999, -0.049620866775512695, 6.9403744973328685e-09, 0.9872273802757263, -2.1276862938179875e-08, -0.1593179702758789, 2.0854647786450187e-08, 1, -4.322079583118921e-09, 0.1593179702758789, 9.443548165677385e-10, 0.9872273802757263),
            ["Head"] = CFrame.new(1.9371131365630845e-09, -2.384185791015625e-07, -1.9258962480339648e-11, 0.9971197247505188, 0.007302502635866404, -0.07549223303794861, -0.007192688994109631, 0.9999726414680481, 0.001726420596241951, 0.07550279796123505, -0.001178455539047718, 0.9971449375152588),
            ["RightUpperArm"] = CFrame.new(0, -2.384185791015625e-07, -2.328364168135977e-10, 0.8187974691390991, -0.42123329639434814, 0.39004281163215637, 0.2966689169406891, -0.27119511365890503, -0.9156641960144043, 0.4914858639240265, 0.8654569983482361, -0.09708704799413681),
            ["UpperTorso"] = CFrame.new(-1.0917566850565663e-10, 0, 9.29167853769286e-11, 1, -6.635547666888897e-11, -2.5331974029541016e-07, 6.636020899453143e-11, 1, 4.322084024011019e-09, 2.5331974029541016e-07, -4.3220831358325995e-09, 1),
            ["HumanoidRootPart"] = CFrame.new(0, 0, 0, 1, 0, 0, 0, 1, 0, 0, 0, 1),
            ["RightHand"] = CFrame.new(-2.682209014892578e-07, 1.7881393432617188e-07, -8.940696716308594e-08, 0.8789634108543396, 0.4768891930580139, 1.2293457984924316e-07, -0.4768892824649811, 0.8789634108543396, 0, -1.1175870895385742e-07, -8.195638656616211e-08, 1),
            ["LeftUpperArm"] = CFrame.new(0, -2.384185791015625e-07, 4.0209852159023285e-07, 0.42542654275894165, -0.22721366584300995, -0.8760058283805847, 0.031222056597471237, 0.9710785746574402, -0.23671025037765503, 0.904454231262207, 0.07335212826728821, 0.4202165901660919),
            ["RightLowerArm"] = CFrame.new(2.384185791015625e-07, -1.7881393432617188e-07, -4.6798959374427795e-07, 1, -2.3096799850463867e-07, -5.289912223815918e-07, -3.948807716369629e-07, 0.17619341611862183, -0.9843555688858032, 2.775341272354126e-07, 0.984355628490448, 0.1761934459209442),
            ["LeftHand"] = CFrame.new(3.725290298461914e-08, -5.960464477539063e-08, 1.043081283569336e-07, 1, -1.1175872671742582e-08, -2.1327286958694458e-07, 0, 1, -1.434236764907837e-07, 1.657754324924099e-07, 1.1734665861240501e-07, 1),
            ["RightUpperLeg"] = CFrame.new(5.960464477539063e-08, -1.0245930326391317e-08, 1.979060471057892e-09, 0.9964454174041748, -0.041112300008535385, -0.07352890074253082, -0.003054044209420681, 0.8546257615089417, -0.5192355513572693, 0.08418664336204529, 0.5176143050193787, 0.8514622449874878),
            ["LeftUpperLeg"] = CFrame.new(0, 1.0609147338414004e-08, -1.1223661111614547e-08, 0.9982846975326538, 0.03800927475094795, 0.04453302174806595, -0.028638530522584915, 0.980421781539917, -0.19481530785560608, -0.05106592923402786, 0.19320577383041382, 0.9798285365104675),
            ["RightLowerLeg"] = CFrame.new(-3.585591912269592e-08, 2.384185791015625e-07, 4.639878170564771e-08, 1, -1.2619423728210677e-07, -6.612391700855369e-08, 1.213047795545208e-07, 0.5990719795227051, 0.8006948232650757, -4.598405922706661e-08, -0.8006952404975891, 0.5990724563598633),
            ["RightFoot"] = CFrame.new(-6.702066457364708e-08, 1.7881393432617188e-07, 5.769834388047457e-09, 0.9725134968757629, 0.0750105232000351, -0.22043383121490479, -0.0841444581747055, 0.9959290623664856, -0.032329343259334564, 0.2171112447977066, 0.04998921975493431, 0.9748660326004028),
            ["LeftLowerLeg"] = CFrame.new(-1.1175870895385742e-08, -1.1920928955078125e-07, 3.3527612686157227e-08, 1, 5.5879368687783426e-08, -9.313225746154785e-09, -3.585591912269592e-08, 0.8940132260322571, 0.44804054498672485, 2.3283064365386963e-09, -0.4480407238006592, 0.8940132260322571),
        }},
        {Time = 0.036, Data = {
            ["LeftFoot"] = CFrame.new(-8.2705810200423e-08, 5.960464477539063e-08, 5.820766091346741e-10, 0.9941490292549133, -0.044019490480422974, 0.09864185750484467, 0.04644306004047394, 0.9986696243286133, -0.022408459335565567, -0.09752412140369415, 0.026858549565076828, 0.994870662689209),
            ["LeftLowerArm"] = CFrame.new(2.9802322387695312e-08, 1.1920928955078125e-07, 7.450580596923828e-08, 1, 3.725290653733282e-08, 3.725290653733282e-08, -1.862645149230957e-08, 0.981278121471405, -0.1925964057445526, -2.1420419216156006e-08, 0.19259639084339142, 0.981278121471405),
            ["LowerTorso"] = CFrame.new(0.01023466233164072, 0.02499699592590332, -0.0009160672198049724, 0.9907058477401733, -0.00006342173583107069, -0.13602247834205627, 0.0007950861472636461, 0.9999855160713196, 0.005324674304574728, 0.13602018356323242, -0.005383335519582033, 0.9906914234161377),
            ["Head"] = CFrame.new(-1.1641532182693481e-09, -2.384185791015625e-07, 1.7462298274040222e-09, 0.996526300907135, -0.005454450845718384, -0.083100326359272, 0.004961221944540739, 0.9999688863754272, -0.0061406828463077545, 0.08313123881816864, 0.005707073956727982, 0.9965222477912903),
            ["RightUpperArm"] = CFrame.new(0, -3.5762786865234375e-07, -5.587935447692871e-09, 0.8159533143043518, -0.41752511262893677, 0.39986637234687805, 0.300231009721756, -0.2850498557090759, -0.9102791547775269, 0.4940461218357086, 0.8627974390983582, -0.10723342001438141),
            ["UpperTorso"] = CFrame.new(-1.1641532182693481e-10, 1.4901161193847656e-07, -1.0477378964424133e-09, 0.999997079372406, -0.00003617444235715084, 0.002430294407531619, 0.00003580625343602151, 1, 0.0001515261537861079, -0.0024303006939589977, -0.00015143798373173922, 0.999997079372406),
            ["HumanoidRootPart"] = CFrame.new(0, 0, 0, 1, 0, 0, 0, 1, 0, 0, 0, 1),
            ["RightHand"] = CFrame.new(4.76837158203125e-07, -1.1920928955078125e-07, -2.9802322387695312e-08, 0.8867932558059692, 0.4621594548225403, 0.0025443362537771463, -0.4621594250202179, 0.8867967128753662, -0.0006034449324943125, -0.0025351345539093018, -0.0006407052860595286, 0.9999966621398926),
            ["LeftUpperArm"] = CFrame.new(0, -2.384185791015625e-07, 4.209578037261963e-07, 0.42542579770088196, -0.22769363224506378, -0.8758816123008728, 0.03122188150882721, 0.9709486365318298, -0.23724235594272614, 0.9044545888900757, 0.07358234375715256, 0.42017561197280884),
            ["RightLowerArm"] = CFrame.new(5.960464477539063e-08, -5.960464477539063e-08, 1.909211277961731e-07, 1, -1.7881393432617188e-07, -5.476176738739014e-07, -3.203749372460152e-07, 0.16805623471736908, -0.9857774376869202, 2.589076473213936e-07, 0.9857774376869202, 0.1680561900138855),
            ["LeftHand"] = CFrame.new(-6.705522537231445e-08, -5.960464477539063e-08, 2.9802322387695312e-08, 1, 3.725290742551124e-09, -1.73225998878479e-07, 7.450581485102248e-09, 1, -6.891787052154541e-08, 2.477318332694267e-07, 5.02914261346632e-08, 1),
            ["RightUpperLeg"] = CFrame.new(-8.940696716308594e-08, -4.702451406046748e-08, 1.3205863069742918e-08, 0.9960028529167175, -0.027537543326616287, -0.08497084677219391, -0.01192275807261467, 0.90179044008255, -0.4320092797279358, 0.08852239698171616, 0.4312955141067505, 0.8978574275970459),
            ["LeftUpperLeg"] = CFrame.new(2.9802322387695312e-08, 3.2268144423142076e-07, 1.6763806343078613e-08, 0.998219907283783, 0.0342976376414299, 0.048794519156217575, -0.03597840294241905, 0.9987742900848389, 0.033994365483522415, -0.04756882041692734, -0.035689398646354675, 0.9982302188873291),
            ["RightLowerLeg"] = CFrame.new(5.587935447692871e-08, 1.7881393432617188e-07, 1.6596459317952394e-08, 1, -1.0803341865539551e-07, -6.565824861581859e-08, 1.005828522693264e-07, 0.727809727191925, 0.685778796672821, -6.379560346658764e-08, -0.6857790946960449, 0.7278099656105042),
            ["RightFoot"] = CFrame.new(4.267531039658934e-08, 2.980232238769531e-07, -2.5756889954209328e-08, 0.97160404920578, 0.0737471953034401, -0.22482655942440033, -0.06720439344644547, 0.9970667958259583, 0.03662707656621933, 0.2268679440021515, -0.02047741785645485, 0.9737101793289185),
            ["LeftLowerLeg"] = CFrame.new(-5.3551048040390015e-09, 3.5762786865234375e-07, 1.862645149230957e-08, 1, -2.3283062144940914e-09, -1.0477378964424133e-09, 2.7939670577126208e-09, 0.999987781047821, 0.004958536941558123, -1.5017572962960912e-08, -0.004958533216267824, 0.999987781047821),
        }},
        {Time = 0.071, Data = {
            ["LeftFoot"] = CFrame.new(6.50179572403431e-08, 0, -3.026798367500305e-09, 0.992117702960968, -0.06847261637449265, 0.10494755208492279, 0.06350226700305939, 0.9967286586761475, 0.04999494180083275, -0.10802744328975677, -0.04293647035956383, 0.9932202696800232),
            ["LeftLowerArm"] = CFrame.new(0, -2.980232238769531e-07, 5.21540641784668e-08, 1, 5.587935447692871e-08, 1.4528632164001465e-07, -2.2351741790771484e-08, 0.9803638458251953, -0.19719752669334412, -1.387670636177063e-07, 0.1971975564956665, 0.9803638458251953),
            ["LowerTorso"] = CFrame.new(0.0315638892352581, 0.09441852569580078, -0.0029338710010051727, 0.9964319467544556, -0.0006512292893603444, -0.08439794182777405, 0.002103918930515647, 0.9998511672019958, 0.017124583944678307, 0.08437422662973404, -0.01724104769527912, 0.9962850213050842),
            ["Head"] = CFrame.new(-1.3969838619232178e-09, 2.384185791015625e-07, -4.889443516731262e-09, 0.9914470911026001, -0.014349769800901413, -0.1297183632850647, 0.012979581952095032, 0.9998507499694824, -0.011402071453630924, 0.12986265122890472, 0.00962085835635662, 0.9914854168891907),
            ["RightUpperArm"] = CFrame.new(0, 1.1920928955078125e-07, 3.725290298461914e-09, 0.807244062423706, -0.4052526652812958, 0.4291006028652191, 0.31083986163139343, -0.3261202871799469, -0.8927621245384216, 0.5017327070236206, 0.8540585041046143, -0.13729000091552734),
            ["UpperTorso"] = CFrame.new(8.731149137020111e-10, -3.8743019104003906e-07, -2.3283064365386963e-09, 0.9999531507492065, -0.00015426473692059517, 0.009685422293841839, 0.00014730519615113735, 0.9999997615814209, 0.0007193131023086607, -0.009685540571808815, -0.0007178513333201408, 0.9999529123306274),
            ["HumanoidRootPart"] = CFrame.new(0, 0, 0, 1, 0, 0, 0, 1, 0, 0, 0, 1),
            ["RightHand"] = CFrame.new(-3.129243850708008e-07, 0, 5.960464477539063e-08, 0.9087343811988831, 0.417249470949173, 0.010239478200674057, -0.4172510504722595, 0.9087889194488525, -0.0020815040916204453, -0.010173991322517395, -0.002380862832069397, 0.9999454021453857),
            ["LeftUpperArm"] = CFrame.new(0, 2.384185791015625e-07, 3.8370490074157715e-07, 0.4254264831542969, -0.22922676801681519, -0.8754812479019165, 0.03122200071811676, 0.9705318808555603, -0.23894192278385162, 0.9044542908668518, 0.07431793957948685, 0.4200468063354492),
            ["RightLowerArm"] = CFrame.new(5.960464477539063e-08, 2.384185791015625e-07, 1.8998980522155762e-07, 1, -2.4028122425079346e-07, -4.4330954551696777e-07, -3.650784492492676e-07, 0.1436791568994522, -0.9896243214607239, 2.384185791015625e-07, 0.9896243810653687, 0.14367911219596863),
            ["LeftHand"] = CFrame.new(-4.470348358154297e-08, 5.960464477539063e-08, -1.4901161193847656e-08, 1, -1.862645326866641e-08, -2.4400648612754594e-07, 3.725290298461914e-09, 1, -7.450579886381092e-08, 2.0675361156463623e-07, 1.0803343286625022e-07, 1),
            ["RightUpperLeg"] = CFrame.new(0, -1.0809162631630898e-07, -7.283233571797609e-09, 0.993026077747345, -0.027474068105220795, -0.11464985460042953, -0.01770145632326603, 0.926698625087738, -0.3753882348537445, 0.11655928939580917, 0.3747996389865875, 0.9197494983673096),
            ["LeftUpperLeg"] = CFrame.new(0, 1.253793016076088e-07, 5.587935447692871e-09, 0.9992004036903381, 0.03518613427877426, 0.018986333161592484, -0.03530878201127052, 0.9993574619293213, 0.00616453355178237, -0.018757255747914314, -0.006830040365457535, 0.9998008012771606),
            ["RightLowerLeg"] = CFrame.new(-2.421438694000244e-08, 2.980232238769531e-07, -6.535992724820971e-08, 1, -4.8428766774577525e-08, -3.3527612686157227e-08, 8.3819010399111e-08, 0.7943452000617981, 0.6074663996696472, -3.259628122975755e-09, -0.6074666976928711, 0.7943454384803772),
            ["RightFoot"] = CFrame.new(-4.9780283006839454e-08, 2.384185791015625e-07, 2.6964698918163776e-08, 0.976965606212616, 0.07558853924274445, -0.19956108927726746, -0.06170563027262688, 0.9952800273895264, 0.07490169256925583, 0.2042808085680008, -0.06086199730634689, 0.9770184755325317),
            ["LeftLowerLeg"] = CFrame.new(1.548323780298233e-08, 1.1920928955078125e-07, 0, 1, -1.746230271493232e-09, 1.5308616596598768e-08, 5.820767201569765e-10, 0.9999876618385315, 0.004975105170160532, -1.0943042916267132e-08, -0.004975093062967062, 0.9999877214431763),
        }},
        {Time = 0.107, Data = {
            ["LeftFoot"] = CFrame.new(1.5512341633439064e-08, 1.1920928955078125e-07, -9.313225746154785e-10, 0.9876137971878052, -0.09953122586011887, 0.12129546701908112, 0.07931782305240631, 0.9837011694908142, 0.1613713502883911, -0.13538005948066711, -0.1497517228126526, 0.9794114232063293),
            ["LeftLowerArm"] = CFrame.new(5.960464477539063e-08, -1.7881393432617188e-07, 4.470348358154297e-08, 1, 1.4901161193847656e-08, 5.587935447692871e-09, -2.2351741790771484e-08, 0.9787716269493103, -0.20495417714118958, -4.7497451305389404e-08, 0.2049541473388672, 0.9787715673446655),
            ["LowerTorso"] = CFrame.new(0.05519264563918114, 0.15649795532226562, -0.005374643485993147, 0.9997692108154297, -0.002193261869251728, -0.021372659131884575, 0.0028667114675045013, 0.9994987845420837, 0.031530361622571945, 0.0212927907705307, -0.03158435598015785, 0.9992743134498596),
            ["Head"] = CFrame.new(-1.7635102267377079e-09, 1.1920928955078125e-07, -5.511537892743945e-09, 0.9798286557197571, -0.01629602164030075, -0.19917415082454681, 0.015317397192120552, 0.9998619556427002, -0.00645337114110589, 0.19925175607204437, 0.0032723713666200638, 0.9799429774284363),
            ["RightUpperArm"] = CFrame.new(1.1920928955078125e-07, 0, -4.94765117764473e-10, 0.7928552627563477, -0.38243967294692993, 0.4744686782360077, 0.3272515535354614, -0.38960006833076477, -0.8608822226524353, 0.51408851146698, 0.83782559633255, -0.18374250829219818),
            ["UpperTorso"] = CFrame.new(-4.685716703534126e-09, 0, -3.14321368932724e-09, 0.9997771978378296, -0.00036449823528528214, 0.02110624685883522, 0.00032451728475280106, 0.999998152256012, 0.0018976418068632483, -0.021106896921992302, -0.0018903686432167888, 0.9997754693031311),
            ["HumanoidRootPart"] = CFrame.new(0, 0, 0, 1, 0, 0, 0, 1, 0, 0, 0, 1),
            ["RightHand"] = CFrame.new(2.9802322387695312e-08, -5.960464477539063e-08, 0, 0.9386996030807495, 0.3439958393573761, 0.02258417010307312, -0.3440091609954834, 0.9389601945877075, -0.003416486084461212, -0.022380918264389038, -0.004562207031995058, 0.9997391700744629),
            ["LeftUpperArm"] = CFrame.new(-1.1920928955078125e-07, 1.1920928955078125e-07, 3.8923462852835655e-07, 0.4254264235496521, -0.23188531398773193, -0.8747808933258057, 0.031222069635987282, 0.9698015451431274, -0.24188914895057678, 0.9044542908668518, 0.07559356838464737, 0.41981908679008484),
            ["RightLowerArm"] = CFrame.new(-2.086162567138672e-07, -1.1920928955078125e-07, -2.4586915969848633e-07, 1, -1.9744038581848145e-07, -5.140900611877441e-07, -4.3213367462158203e-07, 0.10508120059967041, -0.9944636821746826, 2.7567148208618164e-07, 0.9944636821746826, 0.1050812155008316),
            ["LeftHand"] = CFrame.new(1.1920928955078125e-07, 2.384185791015625e-07, 2.9802322387695312e-08, 1, 0, -2.0116567611694336e-07, 1.4901162970204496e-08, 1, -3.725290298461914e-08, 1.9371512394172896e-07, 5.21540641784668e-08, 1),
            ["RightUpperLeg"] = CFrame.new(0, 1.3745739124715328e-07, 9.946234058588743e-09, 0.9886618852615356, -0.038032472133636475, -0.14526306092739105, -0.018125731498003006, 0.9300922751426697, -0.3668787479400635, 0.14906135201454163, 0.36535194516181946, 0.918857216835022),
            ["LeftUpperLeg"] = CFrame.new(8.940696716308594e-08, -1.934240572154522e-07, -5.587935447692871e-09, 0.9996061325073242, 0.023392386734485626, -0.015504496172070503, -0.023806270211935043, 0.9993500113487244, -0.027070343494415283, 0.014861184172332287, 0.02742878720164299, 0.9995133280754089),
            ["RightLowerLeg"] = CFrame.new(-2.2351741790771484e-08, 5.960464477539062e-07, 5.3849362302571535e-08, 1, -9.685756907629184e-08, -1.8393631506796737e-08, 9.03383252648382e-08, 0.7979062795639038, 0.602781355381012, -1.3969843060124276e-09, -0.6027815937995911, 0.7979063987731934),
            ["RightFoot"] = CFrame.new(8.693677955307066e-08, 1.1920928955078125e-07, 1.5061232261359692e-09, 0.9859375953674316, 0.07784942537546158, -0.14787349104881287, -0.06722462177276611, 0.9948739409446716, 0.07554386556148529, 0.15299642086029053, -0.06454066187143326, 0.9861169457435608),
            ["LeftLowerLeg"] = CFrame.new(5.148467607796192e-08, 4.172325134277344e-07, 8.847564458847046e-09, 1, 1.57160684466362e-09, 4.845789547403001e-09, 1.4988474905663907e-09, 0.9999876618385315, 0.004972361493855715, -6.002665919879746e-09, -0.004972356371581554, 0.9999876618385315),
        }},
        {Time = 0.143, Data = {
            ["LeftFoot"] = CFrame.new(-6.9189809437375516e-09, -5.960464477539063e-08, -6.402842700481415e-10, 0.980761706829071, -0.13595253229141235, 0.14008396863937378, 0.0894073024392128, 0.950758695602417, 0.29675596952438354, -0.17353084683418274, -0.2785225510597229, 0.9446228742599487),
            ["LeftLowerArm"] = CFrame.new(5.960464477539063e-08, 1.1920928955078125e-07, -1.4901161193847656e-08, 1, 7.450580596923828e-09, 1.4901161193847656e-08, -1.862645326866641e-08, 0.9765329957008362, -0.21536819636821747, -3.166497108963995e-08, 0.2153681516647339, 0.9765329360961914),
            ["LowerTorso"] = CFrame.new(0.08106909692287445, 0.20981383323669434, -0.007831325754523277, 0.9990763068199158, -0.004683490842580795, 0.0427173413336277, 0.0027083130553364754, 0.998929500579834, 0.04617950692772865, -0.042887892574071884, -0.04602115601301193, 0.9980194568634033),
            ["Head"] = CFrame.new(-3.259629011154175e-09, -1.1920928955078125e-07, -4.656612873077393e-10, 0.9603441953659058, -0.009710725396871567, -0.2786482572555542, 0.011942930519580841, 0.9999088048934937, 0.006314353086054325, 0.2785615026950836, -0.009391832165420055, 0.9603725075721741),
            ["RightUpperArm"] = CFrame.new(-5.960464477539063e-08, 0, 0, 0.7742314338684082, -0.348781019449234, 0.5281263589859009, 0.34680917859077454, -0.46422114968299866, -0.8149983286857605, 0.5294233560562134, 0.8141564726829529, -0.23845411837100983),
            ["UpperTorso"] = CFrame.new(-2.2118911147117615e-09, 5.960464477539063e-08, -1.6298145055770874e-09, 0.9993866086006165, -0.0006739041418768466, 0.03501462936401367, 0.0005387257551774383, 0.9999924302101135, 0.003869925159960985, -0.03501696139574051, -0.0038486914709210396, 0.9993793964385986),
            ["HumanoidRootPart"] = CFrame.new(0, 0, 0, 1, 0, 0, 0, 1, 0, 0, 0, 1),
            ["RightHand"] = CFrame.new(-1.341104507446289e-07, -1.7881393432617188e-07, -1.1920928955078125e-07, 0.967149555683136, 0.25137898325920105, 0.03781968727707863, -0.25143611431121826, 0.9678682088851929, -0.0033142571337521076, -0.03743760287761688, -0.006303846836090088, 0.9992791414260864),
            ["LeftUpperArm"] = CFrame.new(5.960464477539063e-08, 0, 3.9301812648773193e-07, 0.4254264831542969, -0.2355855107307434, -0.8737916946411133, 0.03122204728424549, 0.9687690138816833, -0.24599146842956543, 0.9044542908668518, 0.07736971229314804, 0.419495552778244),
            ["RightLowerArm"] = CFrame.new(-2.086162567138672e-07, 0, -5.960464477539063e-08, 1, -2.1606686573250045e-07, -4.917383193969727e-07, -4.6193599700927734e-07, 0.05780778080224991, -0.9983277320861816, 3.203749656677246e-07, 0.9983277916908264, 0.05780784785747528),
            ["LeftHand"] = CFrame.new(-2.9802322387695312e-08, -2.384185791015625e-07, 2.9802322387695312e-08, 1, 5.21540641784668e-08, -1.6763804921993142e-07, 7.4505797087454084e-09, 1, -3.725289943190546e-08, 1.7136333951839333e-07, 6.705522537231445e-08, 1),
            ["RightUpperLeg"] = CFrame.new(1.1920928955078125e-07, -4.272442311048508e-08, -1.6596459317952394e-08, 0.9848284721374512, -0.05877721682190895, -0.1632731407880783, -0.010906167328357697, 0.9180646538734436, -0.39628076553344727, 0.17318756878376007, 0.39204907417297363, 0.9034951329231262),
            ["LeftUpperLeg"] = CFrame.new(-5.960464477539063e-08, -4.7497451305389404e-08, -1.5832483768463135e-08, 0.9991211295127869, 0.0009268015273846686, -0.04190732538700104, -0.003421106841415167, 0.9982232451438904, -0.059487175196409225, 0.04177773743867874, 0.05957820639014244, 0.9973490238189697),
            ["RightLowerLeg"] = CFrame.new(1.6827834770083427e-07, 1.7881393432617188e-07, -4.300818545743823e-08, 1, -1.1170048708208924e-07, -3.520110070098781e-08, 1.057050980080021e-07, 0.7542815804481506, 0.6565508842468262, -5.340552178267899e-08, -0.6565511226654053, 0.7542816996574402),
            ["RightFoot"] = CFrame.new(-5.2097675506956875e-08, 2.980232238769531e-07, 4.517642082646489e-08, 0.9937856793403625, 0.0770580992102623, -0.08032529056072235, -0.07326123863458633, 0.9960988759994507, 0.049193765968084335, 0.08380284160375595, -0.04300309345126152, 0.9955540895462036),
            ["LeftLowerLeg"] = CFrame.new(-1.4711076801177114e-09, -1.7881393432617188e-07, 3.026798367500305e-09, 1, -1.4506440493278205e-09, -5.098630406763505e-09, -1.1359589935366898e-09, 0.9999877214431763, 0.004963031504303217, -4.760295713168716e-09, -0.004963038023561239, 0.9999877214431763),
        }},
        {Time = 0.179, Data = {
            ["LeftFoot"] = CFrame.new(1.280568540096283e-09, -1.7881393432617188e-07, -6.984919309616089e-09, 0.9740480780601501, -0.1656734049320221, 0.15421660244464874, 0.1015554666519165, 0.9288077354431152, 0.3563744127750397, -0.20227935910224915, -0.3314642906188965, 0.9215283393859863),
            ["LeftLowerArm"] = CFrame.new(5.960464477539063e-08, 1.1920928955078125e-07, -4.470348358154297e-08, 1, 5.2154071283894154e-08, 1.005828522693264e-07, -8.568168397005138e-08, 0.9738056063652039, -0.2273823320865631, -7.823110337312755e-08, 0.2273823618888855, 0.9738056063652039),
            ["LowerTorso"] = CFrame.new(0.10927658528089523, 0.25321459770202637, -0.010029081255197525, 0.9948942065238953, -0.007736003026366234, 0.10062722861766815, 0.001752399606630206, 0.9982317686080933, 0.05941605940461159, -0.10090893507003784, -0.05893634632229805, 0.9931485652923584),
            ["Head"] = CFrame.new(9.778887033462524e-09, 0, -5.774199962615967e-08, 0.935087263584137, 0.002151360735297203, -0.3544110655784607, 0.00507696345448494, 0.9997977018356323, 0.019464196637272835, 0.354381263256073, -0.020000064745545387, 0.934887170791626),
            ["RightUpperArm"] = CFrame.new(1.1920928955078125e-07, -4.76837158203125e-07, -7.450580596923828e-08, 0.7544029951095581, -0.30806925892829895, 0.5796287655830383, 0.3665364980697632, -0.5348327159881592, -0.7613178491592407, 0.5445430874824524, 0.7867956757545471, -0.2905607521533966),
            ["UpperTorso"] = CFrame.new(-3.4924596548080444e-09, -1.4901161193847656e-07, -3.073364496231079e-08, 0.9988024234771729, -0.001075062551535666, 0.048914916813373566, 0.0007467119139619172, 0.9999771118164062, 0.006730463821440935, -0.048921022564172745, -0.006685878150165081, 0.998780369758606),
            ["HumanoidRootPart"] = CFrame.new(0, 0, 0, 1, 0, 0, 0, 1, 0, 0, 0, 1),
            ["RightHand"] = CFrame.new(-5.960464477539063e-08, 0, -5.960464477539063e-08, 0.9863001704216003, 0.15620535612106323, 0.05302796512842178, -0.1563691794872284, 0.9876980781555176, -0.0010694266529753804, -0.05254264175891876, -0.00723709911108017, 0.9985925555229187),
            ["LeftUpperArm"] = CFrame.new(0, 0, 3.390014171600342e-07, 0.4254264533519745, -0.24005064368247986, -0.8725754618644714, 0.03122202306985855, 0.9674984812736511, -0.2509421408176422, 0.904454231262207, 0.07951387763023376, 0.41909438371658325),
            ["RightLowerArm"] = CFrame.new(1.7881393432617188e-07, 0, 4.470348358154297e-08, 1, -2.2351741790771484e-07, -4.6193599700927734e-07, -5.21540641784668e-07, 0.010404132306575775, -0.999945878982544, 2.2351741790771484e-07, 0.999945878982544, 0.010404147207736969),
            ["LeftHand"] = CFrame.new(5.960464477539063e-08, -1.1920928955078125e-07, 0, 1, 1.4901162970204496e-08, -1.7136335372924805e-07, -1.4901161193847656e-08, 1, -3.725290298461914e-08, 1.4156103134155273e-07, 1.1920930376163597e-07, 1),
            ["RightUpperLeg"] = CFrame.new(-2.9802322387695312e-08, -5.3783878684043884e-08, -3.5222910810261965e-08, 0.9838438630104065, -0.08280901610851288, -0.1587260663509369, 0.005388791207224131, 0.8998914361000061, -0.43608081340789795, 0.1789475977420807, 0.4281799793243408, 0.8857988119125366),
            ["LeftUpperLeg"] = CFrame.new(0, -1.3969838619232178e-09, -2.60770320892334e-08, 0.9981070756912231, -0.03866564482450485, -0.047826725989580154, 0.029672181233763695, 0.9839061498641968, -0.1762056201696396, 0.053870122879743576, 0.17445296049118042, 0.9831908345222473),
            ["RightLowerLeg"] = CFrame.new(1.0803341865539551e-07, 3.5762786865234375e-07, -5.75528247281909e-09, 1, -1.3131648302078247e-07, -5.4482363509578136e-08, 1.0617075929530984e-07, 0.6911922693252563, 0.7226705551147461, -7.078050856534901e-08, -0.7226710319519043, 0.6911927461624146),
            ["RightFoot"] = CFrame.new(-7.260860002133995e-08, 4.172325134277344e-07, -1.3882527127861977e-08, 0.997377872467041, 0.070744089782238, -0.015259422361850739, -0.07043404132127762, 0.9973164796829224, 0.019976938143372536, 0.016631754115223885, -0.01884927786886692, 0.9996839761734009),
            ["LeftLowerLeg"] = CFrame.new(-8.149072527885437e-09, 0, -2.421438694000244e-08, 1, -4.656612873077393e-10, 7.683411240577698e-09, -1.4435501682896756e-08, 0.9839754700660706, 0.17830391228199005, 1.3969840395589017e-08, -0.17830388247966766, 0.9839754700660706),
        }},
        {Time = 0.214, Data = {
            ["LeftFoot"] = CFrame.new(5.587935447692871e-09, 0, 1.4435499906539917e-08, 0.9716606140136719, -0.17213933169841766, 0.16199897229671478, 0.11104486882686615, 0.9374100565910339, 0.3300481140613556, -0.20867383480072021, -0.30270522832870483, 0.9299594759941101),
            ["LeftLowerArm"] = CFrame.new(-5.960464477539063e-08, -5.960464477539063e-08, 0, 1, 8.940695295223122e-08, 5.960464477539063e-08, -2.9802318834981634e-08, 0.9708467721939087, -0.23970097303390503, -1.0430811414607888e-07, 0.23970089852809906, 0.9708468317985535),
            ["LowerTorso"] = CFrame.new(0.1399875432252884, 0.2856297492980957, -0.011772417463362217, 0.9890833497047424, -0.010734652169048786, 0.14696569740772247, 0.0004242116410750896, 0.997546374797821, 0.07000771164894104, -0.14735661447048187, -0.06918112188577652, 0.9866610765457153),
            ["Head"] = CFrame.new(3.725290298461914e-09, 2.384185791015625e-07, 2.9802322387695312e-08, 0.9103821516036987, 0.012944761663675308, -0.41356611251831055, -0.002141297096386552, 0.9996445775032043, 0.02657558023929596, 0.4137631356716156, -0.023308368399739265, 0.9100862741470337),
            ["RightUpperArm"] = CFrame.new(0, 1.1920928955078125e-07, 2.9802322387695312e-08, 0.737048327922821, -0.267663836479187, 0.6205770373344421, 0.3846389353275299, -0.588883638381958, -0.7108228206634521, 0.5557092428207397, 0.7626088261604309, -0.3310818374156952),
            ["UpperTorso"] = CFrame.new(-8.847564458847046e-09, 0, 2.2351741790771484e-08, 0.9981780648231506, -0.001540462952107191, 0.06031689792871475, 0.0009124918142333627, 0.9999451637268066, 0.01043737307190895, -0.06032963842153549, -0.010363312438130379, 0.9981247782707214),
            ["HumanoidRootPart"] = CFrame.new(0, 0, 0, 1, 0, 0, 0, 1, 0, 0, 0, 1),
            ["RightHand"] = CFrame.new(2.9802322387695312e-08, -1.7881393432617188e-07, -7.450580596923828e-09, 0.9948922991752625, 0.07697724550962448, 0.06529814004898071, -0.07732950150966644, 0.9970015287399292, 0.002879955107346177, -0.0648806095123291, -0.007914763875305653, 0.9978616833686829),
            ["LeftUpperArm"] = CFrame.new(0, 2.384185791015625e-07, 4.0978193283081055e-07, 0.42542651295661926, -0.24488842487335205, -0.8712301850318909, 0.031222045421600342, 0.9660912156105042, -0.25630640983581543, 0.9044542908668518, 0.08183795213699341, 0.4186466932296753),
            ["RightLowerArm"] = CFrame.new(-2.682209014892578e-07, 3.5762786865234375e-07, -2.086162567138672e-07, 1, -2.8312203426139604e-07, -4.6938657760620117e-07, -4.917383193969727e-07, -0.028494607657194138, -0.99959397315979, 2.682209014892578e-07, 0.9995939135551453, -0.02849467098712921),
            ["LeftHand"] = CFrame.new(0, -5.960464477539063e-08, -5.960464477539063e-08, 1, -3.725290653733282e-08, -1.8253925304634322e-07, 7.450582373280668e-09, 1, -1.1175872316471214e-07, 1.750886866602741e-07, 1.788139627478813e-07, 1),
            ["RightUpperLeg"] = CFrame.new(-2.9802322387695312e-08, -2.50060111284256e-07, -1.6952981241047382e-09, 0.9868429899215698, -0.10044164955615997, -0.1266980618238449, 0.030268294736742973, 0.8845429420471191, -0.46547573804855347, 0.15882296860218048, 0.45551660656929016, 0.8759452104568481),
            ["LeftUpperLeg"] = CFrame.new(0, -1.0244548320770264e-07, -3.725290298461914e-08, 0.9956796765327454, -0.09199614822864532, -0.012604603543877602, 0.08159483224153519, 0.9316273927688599, -0.3541366755962372, 0.04432201012969017, 0.3515782654285431, 0.9351088404655457),
            ["RightLowerLeg"] = CFrame.new(-4.7264620661735535e-08, 2.980232238769531e-07, -4.7199137043207884e-08, 1, -1.5087427129856223e-07, -2.980232594040899e-08, 1.2549571692943573e-07, 0.6360895037651062, 0.7716148495674133, -4.470348358154297e-08, -0.7716153264045715, 0.636090099811554),
            ["RightFoot"] = CFrame.new(3.264631232013926e-09, 2.980232238769531e-07, -2.949673216789961e-08, 0.9978747963905334, 0.05900142714381218, 0.0276548583060503, -0.05919670686125755, 0.998226523399353, 0.006296894513070583, -0.027234280481934547, -0.007920476607978344, 0.9995977282524109),
            ["LeftLowerLeg"] = CFrame.new(3.725290298461914e-09, -4.172325134277344e-07, -4.470348358154297e-08, 1, 2.980233659855003e-08, 1.8626444386882213e-08, -4.097817907222634e-08, 0.8740630745887756, 0.48581212759017944, 2.4214378058218244e-08, -0.48581257462501526, 0.8740633130073547),
        }},
        {Time = 0.250, Data = {
            ["LeftFoot"] = CFrame.new(4.882167559117079e-09, 0, 2.8870999813079834e-08, 0.9739208221435547, -0.1590297967195511, 0.16182668507099152, 0.09980542957782745, 0.9408140182495117, 0.32389506697654724, -0.20375771820545197, -0.2992969751358032, 0.9321502447128296),
            ["LeftLowerArm"] = CFrame.new(2.9802322387695312e-08, 2.980232238769531e-07, 1.043081283569336e-07, 1, -3.725290653733282e-08, -3.3527616238870905e-08, -7.450581485102248e-09, 0.9679232239723206, -0.2512463331222534, -4.842878098543224e-08, 0.2512463629245758, 0.9679232835769653),
            ["LowerTorso"] = CFrame.new(0.17342957854270935, 0.30596494674682617, -0.012913324870169163, 0.9840366244316101, -0.012985100038349628, 0.17749211192131042, -0.0007293425733223557, 0.9970319867134094, 0.07698517292737961, -0.1779649555683136, -0.07588568329811096, 0.9811064600944519),
            ["Head"] = CFrame.new(1.30385160446167e-08, -1.1920928955078125e-07, 0, 0.8950033783912659, 0.017085963860154152, -0.44573208689689636, -0.006609821692109108, 0.9996644854545593, 0.025047358125448227, 0.4460104703903198, -0.019471267238259315, 0.8948159217834473),
            ["RightUpperArm"] = CFrame.new(1.1920928955078125e-07, 0, -2.9802322387695312e-08, 0.7250093221664429, -0.23483237624168396, 0.6474684476852417, 0.4008300006389618, -0.6206126809120178, -0.6739252805709839, 0.5600865483283997, 0.7481268644332886, -0.3558221161365509),
            ["UpperTorso"] = CFrame.new(1.909211277961731e-08, -2.682209014892578e-07, -1.6763806343078613e-08, 0.997713565826416, -0.00202644313685596, 0.06755368411540985, 0.0010258326074108481, 0.9998893141746521, 0.014843433164060116, -0.06757629662752151, -0.014740192331373692, 0.9976052641868591),
            ["HumanoidRootPart"] = CFrame.new(0, 0, 0, 1, 0, 0, 0, 1, 0, 0, 0, 1),
            ["RightHand"] = CFrame.new(-2.5331974029541016e-07, 1.7881393432617188e-07, -1.2852251529693604e-07, 0.9969940781593323, 0.026215702295303345, 0.07290865480899811, -0.026827052235603333, 0.9996126294136047, 0.007419378496706486, -0.07268587499856949, -0.009353016503155231, 0.9973111152648926),
            ["LeftUpperArm"] = CFrame.new(0, -4.76837158203125e-07, 3.2782554626464844e-07, 0.42542681097984314, -0.24973313510417938, -0.869853675365448, 0.03122210130095482, 0.9646499156951904, -0.2616788446903229, 0.904454231262207, 0.08416654169559479, 0.41818511486053467),
            ["RightLowerArm"] = CFrame.new(1.1920928955078125e-07, -1.1920928955078125e-07, 1.4901161193847656e-07, 1, -2.0861622829215776e-07, -4.977918592885544e-07, -5.085020688966324e-07, -0.05315205454826355, -0.9985864162445068, 2.533197118737007e-07, 0.9985864162445068, -0.05315210670232773),
            ["LeftHand"] = CFrame.new(8.940696716308594e-08, -2.980232238769531e-07, -2.9802322387695312e-08, 1, 1.4901161193847656e-08, -2.682209014892578e-07, 0, 1, -5.960464477539063e-08, 2.1234157543403853e-07, 4.470348358154297e-08, 1),
            ["RightUpperLeg"] = CFrame.new(5.960464477539063e-08, -5.3551048040390015e-08, -2.4047039914876223e-08, 0.9922206401824951, -0.10519787669181824, -0.06657141447067261, 0.06118293106555939, 0.8777677416801453, -0.47516369819641113, 0.1084204614162445, 0.4673941433429718, 0.8773755431175232),
            ["LeftUpperLeg"] = CFrame.new(0, 1.3969838619232178e-07, 7.450580596923828e-09, 0.9899922609329224, -0.130621075630188, 0.05341961607336998, 0.14062224328517914, 0.8812392354011536, -0.4512680172920227, 0.01186967734247446, 0.4542638063430786, 0.8907882571220398),
            ["RightLowerLeg"] = CFrame.new(-6.332993507385254e-08, 7.152557373046875e-07, 2.4047039914876223e-08, 1, -1.4901162614933128e-07, -3.3527619791584584e-08, 1.266598843585598e-07, 0.6057195663452148, 0.7956779599189758, -8.754432911928234e-08, -0.7956782579421997, 0.6057199239730835),
            ["RightFoot"] = CFrame.new(3.3787728170864284e-09, 3.5762786865234375e-07, -4.46016201749444e-09, 0.9983893632888794, 0.04390561953186989, 0.03593079373240471, -0.044520989060401917, 0.9988721013069153, 0.016510281711816788, -0.035165365785360336, -0.018083104863762856, 0.9992179870605469),
            ["LeftLowerLeg"] = CFrame.new(3.724926500581205e-08, -1.7881393432617188e-07, 4.842877388000488e-08, 1, 4.842878098543224e-08, 2.60770320892334e-08, -4.4703490686970326e-08, 0.7519035935401917, 0.659273087978363, 1.4901162970204496e-08, -0.6592732071876526, 0.7519036531448364),
        }},
        {Time = 0.286, Data = {
            ["LeftFoot"] = CFrame.new(2.514570951461792e-08, 0, 3.4458935260772705e-08, 0.9793112277984619, -0.1382870227098465, 0.14773771166801453, 0.08628679066896439, 0.9457367062568665, 0.3132677674293518, -0.1830417662858963, -0.29403865337371826, 0.9381028413772583),
            ["LeftLowerArm"] = CFrame.new(0, 1.7881393432617188e-07, -1.4901161193847656e-08, 1, -2.980232594040899e-08, -5.960465188081798e-08, -1.1175870895385742e-08, 0.9652354717254639, -0.2613821029663086, -1.1175870895385742e-08, 0.261382132768631, 0.9652354717254639),
            ["LowerTorso"] = CFrame.new(0.20986056327819824, 0.3130316734313965, -0.013322877697646618, 0.9819774627685547, -0.013850240036845207, 0.18849003314971924, -0.0012000000569969416, 0.9968343377113342, 0.07949899137020111, -0.1889943927526474, -0.07829241454601288, 0.9788521528244019),
            ["Head"] = CFrame.new(-9.313225746154785e-09, 0, 2.9802322387695312e-08, 0.8967363238334656, 0.011532030068337917, -0.44241487979888916, -0.005188485607504845, 0.9998657703399658, 0.01554598193615675, 0.44253474473953247, -0.011645195074379444, 0.8966757655143738),
            ["RightUpperArm"] = CFrame.new(0, -4.76837158203125e-07, 0, 0.7196751236915588, -0.21384069323539734, 0.6605603694915771, 0.4154212474822998, -0.6296873092651367, -0.6564443111419678, 0.5563210248947144, 0.7468373775482178, -0.3643363118171692),
            ["UpperTorso"] = CFrame.new(-2.468004822731018e-08, -1.1920928955078125e-07, 1.862645149230957e-08, 0.9975457191467285, -0.0024840887635946274, 0.069975346326828, 0.0011029671877622604, 0.9998040199279785, 0.019768916070461273, -0.07001074403524399, -0.019643191248178482, 0.9973527789115906),
            ["HumanoidRootPart"] = CFrame.new(0, 0, 0, 1, 0, 0, 0, 1, 0, 0, 0, 1),
            ["RightHand"] = CFrame.new(-1.7881393432617188e-07, 1.1920928955078125e-07, 3.688037395477295e-07, 0.9971137046813965, 0.008528364822268486, 0.07544302195310593, -0.009431019425392151, 0.9998880624771118, 0.011617609299719334, -0.07533551007509232, -0.01229561772197485, 0.9970824718475342),
            ["LeftUpperArm"] = CFrame.new(5.960464477539063e-08, -4.76837158203125e-07, 4.023313522338867e-07, 0.4254266321659088, -0.25433725118637085, -0.8685187697410583, 0.031222142279148102, 0.9632502794265747, -0.2667849063873291, 0.9044541716575623, 0.08638036996126175, 0.4177333116531372),
            ["RightLowerArm"] = CFrame.new(1.1920928955078125e-07, -2.384185791015625e-07, -2.9802322387695312e-08, 1, -2.8312206268310547e-07, -5.494803190231323e-07, -5.092006176710129e-07, -0.06139971688389778, -0.9981132745742798, 2.5331974029541016e-07, 0.9981132745742798, -0.061399608850479126),
            ["LeftHand"] = CFrame.new(-8.940696716308594e-08, 0, -1.7881393432617188e-07, 1, 0, -1.7508862981685525e-07, -2.2351745343485163e-08, 1, -2.3841855067985307e-07, 1.266598843585598e-07, 1.788139627478813e-07, 1),
            ["RightUpperLeg"] = CFrame.new(5.960464477539063e-08, -9.499490261077881e-08, 5.75528247281909e-09, 0.9951431155204773, -0.09640415012836456, 0.019911950454115868, 0.09462461620569229, 0.8810462951660156, -0.4634692966938019, 0.027137037366628647, 0.4631023705005646, 0.8858892917633057),
            ["LeftUpperLeg"] = CFrame.new(0, 3.236345946788788e-08, 1.4901161193847656e-08, 0.9808157682418823, -0.14075642824172974, 0.13486342132091522, 0.1903078854084015, 0.8412660360336304, -0.5060179829597473, -0.04223071411252022, 0.5219760537147522, 0.85191410779953),
            ["RightLowerLeg"] = CFrame.new(-1.1920928955078125e-07, -5.960464477539063e-08, 7.620110409334302e-08, 1, -1.1920928955078125e-07, -7.078052988163108e-08, 1.1734665861240501e-07, 0.6043726205825806, 0.7967014312744141, -3.3527616238870905e-08, -0.7967017889022827, 0.604373037815094),
            ["RightFoot"] = CFrame.new(-5.6716089602559805e-08, 2.384185791015625e-07, -3.3272954169660807e-08, 0.999581515789032, 0.027899978682398796, 0.007647440768778324, -0.028267819434404373, 0.9981844425201416, 0.05318634584546089, -0.00614966219291091, -0.05337991937994957, 0.9985553622245789),
