return {
    ["Oh Who Is You"] = {
        {Time = 0.000, Data = {
            ["RightFoot"] = CFrame.new(-1.6705598682165146e-08, 3.5762786865234375e-07, 1.4817487681284547e-08, 0.9999988675117493, 0.0009259039652533829, 0.0012023973977193236, -0.0013570712180808187, 0.9002293944358826, 0.435413658618927, -0.0006792420754209161, -0.43541502952575684, 0.9002297520637512),
            ["LeftLowerArm"] = CFrame.new(0.00002065300941467285, 1.1920928955078125e-07, 2.2724270820617676e-07, 1, 0.000014990569980000146, -0.000035867098631570116, -0.000027447938919067383, -0.3800729215145111, -0.9249566793441772, -0.000027477741241455078, 0.9249566197395325, -0.38007283210754395),
            ["RightUpperArm"] = CFrame.new(0, -2.384185791015625e-07, -2.3283064365386963e-09, 0.9980505704879761, -0.03930485248565674, -0.04847988858819008, 0.0462176650762558, 0.9874691963195801, 0.1508920043706894, 0.04194159805774689, -0.15283861756324768, 0.9873608350753784),
            ["Head"] = CFrame.new(-4.976755008101463e-09, -2.384185791015625e-07, -1.8641003407537937e-08, 0.9977647662162781, -0.06611482053995132, -0.009710011072456837, 0.06569646298885345, 0.9970985651016235, -0.03845173493027687, 0.012224065139889717, 0.037727903574705124, 0.9992133378982544),
            ["RightHand"] = CFrame.new(2.3748725652694702e-08, 4.172325134277344e-07, -3.725290298461914e-09, 0.9998912811279297, -0.004641285631805658, 0.01400281023234129, 0.007006372325122356, 0.9847375750541687, -0.1739051342010498, -0.012981953099370003, 0.1739843487739563, 0.9846628308296204),
            ["UpperTorso"] = CFrame.new(-3.859167918562889e-08, -1.1920928955078125e-07, 2.6891939342021942e-08, 0.9866184592247009, 0.15611228346824646, 0.04704422876238823, -0.16264888644218445, 0.9222109913825989, 0.3508165776729584, 0.011382078751921654, -0.35377374291419983, 0.9352617859840393),
            ["HumanoidRootPart"] = CFrame.new(0, 0, 0, 1, 0, 0, 0, 1, 0, 0, 0, 1),
            ["RightUpperLeg"] = CFrame.new(0, 1.30385160446167e-08, -1.2612872524186969e-08, 0.993000864982605, 0.10296384990215302, -0.05786095932126045, -0.11810573190450668, 0.8685441613197327, -0.4813336730003357, 0.000694816408213228, 0.4847983419895172, 0.8746256828308105),
            ["LeftUpperArm"] = CFrame.new(-5.960464477539063e-08, -3.5762786865234375e-07, 1.3969838619232178e-09, 0.7912270426750183, 0.43465104699134827, 0.430160790681839, -0.20640793442726135, 0.8519655466079712, -0.4811970293521881, -0.5756348967552185, 0.29194748401641846, 0.7638136744499207),
            ["RightLowerArm"] = CFrame.new(-5.960464477539063e-08, 5.960464477539062e-07, -5.21540641784668e-08, 1, -9.872024264723223e-08, 2.491288242367773e-08, 1.0477378964424133e-07, 0.9594301581382751, -0.2819463908672333, 5.820766091346741e-10, 0.2819466292858124, 0.9594301581382751),
            ["LeftHand"] = CFrame.new(-1.4901161193847656e-08, 5.960464477539063e-08, -1.6391277313232422e-07, 0.8511451482772827, 0.17479854822158813, 0.4949721097946167, -0.003255009651184082, 0.9446684122085571, -0.3280106782913208, -0.5249203443527222, 0.2775736451148987, 0.8046189546585083),
            ["LeftFoot"] = CFrame.new(-4.3315520059650225e-09, -5.551115123125783e-16, -2.232992812878365e-08, 0.9999958276748657, -0.0028784030582755804, -0.0003535380819812417, 0.00277854991145432, 0.9858798384666443, -0.16743187606334686, 0.0008304690709337592, 0.1674300581216812, 0.9858836531639099),
            ["LowerTorso"] = CFrame.new(0.0012453069211915135, 0.06261003017425537, -0.08944282680749893, 0.9928209185600281, -0.11960827559232712, 0.0006969891837798059, 0.11453735828399658, 0.9490178227424622, -0.29367735981941223, 0.03446478769183159, 0.29164886474609375, 0.9559043645858765),
            ["RightLowerLeg"] = CFrame.new(-6.06232788413763e-08, -0.0000036954879760742188, -0.000013077158655505627, 1, -0.000003880792064592242, -0.0000020808811314054765, 0.000003876252321788343, 0.5640408992767334, 0.8257468342781067, -0.0000020378213321237126, -0.8257469534873962, 0.564041018486023),
            ["LeftUpperLeg"] = CFrame.new(-1.1920931797249068e-07, -5.4016709327697754e-08, -7.18830506230006e-09, 0.9924911856651306, 0.12228461354970932, 0.0027771007735282183, -0.12230407446622849, 0.9918187856674194, 0.036568012088537216, 0.0017173098167404532, -0.03663301840424538, 0.9993273019790649),
            ["LeftLowerLeg"] = CFrame.new(2.485642625060791e-08, 0.0000036954879760742188, 0.000013032466085860506, 1, -0.0000025001643280120334, -8.362843004761089e-07, 0.00000253178586717695, 0.8178343176841736, 0.5754538774490356, -7.44868884794414e-07, -0.5754536986351013, 0.8178342580795288),
        }},
        {Time = 0.042, Data = {
            ["RightFoot"] = CFrame.new(3.009336069226265e-08, 3.5762786865234375e-07, 1.1359588825143874e-07, 0.9999988675117493, 0.0008669852395541966, 0.0012221778742969036, -0.0013541284715756774, 0.8721121549606323, 0.4893035292625427, -0.0006416199030354619, -0.4893052279949188, 0.8721126914024353),
            ["LeftLowerArm"] = CFrame.new(0.000020802021026611328, 0, -1.7508864402770996e-07, 1, 0.000017732383639668114, -0.00003463029861450195, -0.000027462836442282423, -0.30675071477890015, -0.951789915561676, -0.00002749263876467012, 0.9517899751663208, -0.3067507743835449),
            ["RightUpperArm"] = CFrame.new(1.1920928955078125e-07, 3.5762786865234375e-07, -1.3969838619232178e-08, 0.997389018535614, -0.04005946218967438, -0.060086578130722046, 0.05531749501824379, 0.9586722254753113, 0.27908340096473694, 0.04642339423298836, -0.2816787362098694, 0.958385169506073),
            ["Head"] = CFrame.new(6.402842700481415e-10, 2.384185791015625e-07, -8.556526154279709e-09, 0.9971340298652649, -0.07551645487546921, 0.004602726548910141, 0.07544974237680435, 0.9970613718032837, 0.013265827670693398, -0.0055909911170601845, -0.012880501337349415, 0.9999014735221863),
            ["RightHand"] = CFrame.new(1.0523945093154907e-07, -5.960464477539063e-08, -7.450580596923828e-09, 0.9985608458518982, 0.0055938465520739555, 0.05333929881453514, 0.003678582375869155, 0.9850599765777588, -0.17217250168323517, -0.05350552126765251, 0.17212094366550446, 0.9836216568946838),
            ["UpperTorso"] = CFrame.new(-3.341119736433029e-08, -5.960464477539063e-08, -5.69380063097924e-08, 0.9856478571891785, 0.16663677990436554, 0.027030983939766884, -0.16619737446308136, 0.9297561645507812, 0.328529953956604, 0.029612954705953598, -0.32830727100372314, 0.9441066980361938),
            ["HumanoidRootPart"] = CFrame.new(0, 0, 0, 1, 0, 0, 0, 1, 0, 0, 0, 1),
            ["RightUpperLeg"] = CFrame.new(1.1920928955078125e-07, 1.955777406692505e-07, -1.4669421943835914e-07, 0.992997944355011, 0.1000034436583519, -0.06288360059261322, -0.11812865734100342, 0.844241201877594, -0.5227833986282349, 0.000808768323622644, 0.5265511274337769, 0.8501430153846741),
            ["LeftUpperArm"] = CFrame.new(-5.960464477539063e-08, 2.384185791015625e-07, -2.421438694000244e-08, 0.7636045813560486, 0.5597447752952576, 0.3218602240085602, -0.24664783477783203, 0.7135457992553711, -0.6557570099830627, -0.5967186093330383, 0.4213528335094452, 0.6829266548156738),
            ["RightLowerArm"] = CFrame.new(1.7881393432617188e-07, -2.384185791015625e-07, -7.450580596923828e-08, 1, -1.0291118002214716e-07, 4.455796798197298e-08, 1.1385418474674225e-07, 0.9059212803840637, -0.4234458804130554, 1.6763806343078613e-08, 0.4234462082386017, 0.905921459197998),
            ["LeftHand"] = CFrame.new(-2.384185791015625e-07, -2.384185791015625e-07, -2.086162567138672e-07, 0.8681581020355225, 0.15250328183174133, 0.472275972366333, -0.019885480403900146, 0.9615416526794434, -0.27393838763237, -0.4958893656730652, 0.22843046486377716, 0.8378026485443115),
            ["LeftFoot"] = CFrame.new(-3.648224478070006e-08, 1.7881393432617188e-07, -8.970006071251646e-09, 0.9999958276748657, -0.002889776835218072, -0.00019110558787360787, 0.0027788877487182617, 0.9760231375694275, -0.2176491916179657, 0.0008154718670994043, 0.21764761209487915, 0.9760270714759827),
            ["LowerTorso"] = CFrame.new(0.001245293882675469, 0.040746092796325684, -0.10269361734390259, 0.9928209185600281, -0.11960827559232712, 0.0006969891837798059, 0.11453735828399658, 0.9490178227424622, -0.29367735981941223, 0.03446478769183159, 0.29164886474609375, 0.9559043645858765),
            ["RightLowerLeg"] = CFrame.new(-5.651963874697685e-08, -0.000003933906555175781, -0.00001299587165703997, 1, -0.0000037434356272569858, -0.00000189231036529236, 0.0000037388822420325596, 0.6041809916496277, 0.796846866607666, -0.0000018468128928361693, -0.7968471050262451, 0.6041814088821411),
            ["LeftUpperLeg"] = CFrame.new(-1.1920950271360198e-07, -9.685754776000977e-08, -6.679294983769068e-08, 0.9924927353858948, 0.12222789227962494, 0.0043066940270364285, -0.12229135632514954, 0.991276204586029, 0.04915674030780792, 0.0017391883302479982, -0.04931434243917465, 0.9987818002700806),
            ["LeftLowerLeg"] = CFrame.new(5.665599900339657e-08, 0.000003874301910400391, 0.000012975597201148048, 1, -0.0000024081964511424303, -7.995551527528733e-07, 0.0000024420296540483832, 0.8230149745941162, 0.5680199861526489, -7.000926416367292e-07, -0.5680197477340698, 0.8230147361755371),
        }},
        {Time = 0.083, Data = {
            ["RightFoot"] = CFrame.new(1.8975697457790375e-08, 3.5762786865234375e-07, -6.670234142802656e-08, 0.9999989867210388, 0.0009001418948173523, 0.0011862132232636213, -0.001353499130345881, 0.8815695643424988, 0.4720519781112671, -0.0006207674741744995, -0.4720534682273865, 0.881570041179657),
            ["LeftLowerArm"] = CFrame.new(0.000020951032638549805, 1.1920928955078125e-07, 2.2351741790771484e-07, 1, 0.000024471431970596313, -0.000030279159545898438, -0.000027433037757873535, -0.10569320619106293, -0.994398832321167, -0.000027447938919067383, 0.994398832321167, -0.10569316148757935),
            ["RightUpperArm"] = CFrame.new(-1.1920928955078125e-07, 0, -2.7939677238464355e-09, 0.996610164642334, -0.04691038280725479, -0.06758420169353485, 0.06942151486873627, 0.9203493595123291, 0.3848865032196045, 0.04414589703083038, -0.3882737457752228, 0.9204861521720886),
            ["Head"] = CFrame.new(-1.0593794286251068e-08, -1.1920928955078125e-07, 5.3551048040390015e-09, 0.9958871006965637, -0.08581449836492538, 0.029066748917102814, 0.08290359377861023, 0.9925073981285095, 0.08975597470998764, -0.036551330238580704, -0.0869770497083664, 0.9955396056175232),
            ["RightHand"] = CFrame.new(-8.381903171539307e-08, 5.960464477539063e-08, 1.4901161193847656e-08, 0.9957011938095093, 0.011114881373941898, 0.09195469319820404, 0.0037901548203080893, 0.9870531558990479, -0.16034895181655884, -0.09254641830921173, 0.16000820696353912, 0.9827678203582764),
            ["UpperTorso"] = CFrame.new(-9.487848728895187e-09, 5.960464477539063e-08, -5.8826117310673e-08, 0.984619677066803, 0.1746288686990738, -0.005375182721763849, -0.16419701278209686, 0.9354369044303894, 0.31304505467414856, 0.05969485267996788, -0.30734771490097046, 0.9497231245040894),
            ["HumanoidRootPart"] = CFrame.new(0, 0, 0, 1, 0, 0, 0, 1, 0, 0, 0, 1),
            ["RightUpperLeg"] = CFrame.new(1.1920928955078125e-07, 6.705522537231445e-08, -4.986577550880611e-08, 0.9929956793785095, 0.09647810459136963, -0.06820354610681534, -0.11814791709184647, 0.8152434825897217, -0.5669384598731995, 0.0009053334360942245, 0.5710254311561584, 0.8209318518638611),
            ["LeftUpperArm"] = CFrame.new(1.1920928955078125e-07, 0, 1.1175870895385742e-08, 0.7512804865837097, 0.6285858154296875, 0.20114098489284515, -0.2630150318145752, 0.5646754503250122, -0.7822818160057068, -0.6053104996681213, 0.5348098278045654, 0.5895571112632751),
            ["RightLowerArm"] = CFrame.new(1.1920928955078125e-07, 5.364418029785156e-07, 1.9371509552001953e-07, 1, -1.1362135410308838e-07, 5.2736154998456186e-08, 1.30385160446167e-07, 0.8321999311447144, -0.5544756054878235, 1.5832483768463135e-08, 0.5544757843017578, 0.8321999907493591),
            ["LeftHand"] = CFrame.new(0, -1.1920928955078125e-07, 1.7881393432617188e-07, 0.9081013202667236, 0.10217780619859695, 0.40609344840049744, -0.05338333174586296, 0.9901090264320374, -0.12974752485752106, -0.4153340458869934, 0.0961453840136528, 0.9045737981796265),
            ["LeftFoot"] = CFrame.new(3.432739248410144e-08, 5.960464477539063e-08, -3.775870283106997e-08, 0.9999958276748657, -0.0029084288980811834, 0.00012867683835793287, 0.002782051218673587, 0.9416661858558655, -0.33653685450553894, 0.000857604609336704, 0.33653581142425537, 0.9416703581809998),
            ["LowerTorso"] = CFrame.new(0.0012452612863853574, -0.013913393020629883, -0.13582059741020203, 0.9928209185600281, -0.11960827559232712, 0.0006969891837798059, 0.11453735828399658, 0.9490178227424622, -0.29367735981941223, 0.03446478769183159, 0.29164886474609375, 0.9559043645858765),
            ["RightLowerLeg"] = CFrame.new(2.34867911785841e-08, -0.000003933906555175781, -0.00001320963929174468, 1, -0.0000033026049095497, -0.00000165177050348575, 0.00000332080571752158, 0.6240000128746033, 0.7814242839813232, -0.0000015568223261652747, -0.7814242839813232, 0.6240001916885376),
            ["LeftUpperLeg"] = CFrame.new(-5.960482951650192e-08, -2.2204539901841936e-16, -5.934248292760458e-08, 0.9924938082695007, 0.12220717966556549, 0.004637409932911396, -0.12228181958198547, 0.9911128282546997, 0.052369024604558945, 0.0018036578549072146, -0.05254298076033592, 0.9986170530319214),
            ["LeftLowerLeg"] = CFrame.new(1.8282598546193185e-08, 0.000003814697265625, 0.000012986307410756126, 1, -0.0000025214760626113275, -8.799256079328188e-07, 0.0000025571869173290906, 0.8043037056922913, 0.5942187309265137, -7.808268378539651e-07, -0.5942185521125793, 0.8043035268783569),
        }},
        {Time = 0.125, Data = {
            ["RightFoot"] = CFrame.new(2.6833731681108475e-08, 4.172325134277344e-07, -1.521511876489967e-07, 0.9999989867210388, 0.001001219847239554, 0.001073744846507907, -0.0013531598960980773, 0.9122800230979919, 0.40956446528434753, -0.0005694489227607846, -0.40956583619117737, 0.9122806191444397),
            ["LeftLowerArm"] = CFrame.new(0.000020891427993774414, 3.5762786865234375e-07, 2.3422762751579285e-07, 1, 0.00003200023638783023, -0.000022113325030659325, -0.000027418136596679688, 0.17920687794685364, -0.9838114380836487, -0.000027539441362023354, 0.9838113784790039, 0.17920687794685364),
            ["RightUpperArm"] = CFrame.new(1.1920928955078125e-07, 2.384185791015625e-07, 9.313225746154785e-10, 0.9959765672683716, -0.05436171963810921, -0.07124301046133041, 0.0797676220536232, 0.9000900983810425, 0.42833980917930603, 0.040839824825525284, -0.4322993755340576, 0.9008049368858337),
            ["Head"] = CFrame.new(-2.3283064365386963e-09, 1.1920928955078125e-07, 2.3283064365386963e-09, 0.9934205412864685, -0.09826527535915375, 0.05881933122873306, 0.08824694156646729, 0.984163224697113, 0.1537378430366516, -0.07299492508172989, -0.14753568172454834, 0.9863594174385071),
            ["RightHand"] = CFrame.new(-1.73225998878479e-07, 5.960464477539063e-08, -1.4901161193847656e-08, 0.9939113259315491, 0.011329432018101215, 0.10959969460964203, 0.002850451972335577, 0.9917229413986206, -0.1283649206161499, -0.11014685034751892, 0.1278957575559616, 0.9856522679328918),
            ["UpperTorso"] = CFrame.new(-3.329478204250336e-08, -2.9802322387695312e-08, -1.2031887308694422e-07, 0.9827519655227661, 0.18011672794818878, -0.041911594569683075, -0.1586027294397354, 0.9374655485153198, 0.30984458327293396, 0.09509888291358948, -0.2978530526161194, 0.949863076210022),
            ["HumanoidRootPart"] = CFrame.new(0, 0, 0, 1, 0, 0, 0, 1, 0, 0, 0, 1),
            ["RightUpperLeg"] = CFrame.new(0, -2.9802322387695312e-08, -1.2442978913895786e-07, 0.9929920434951782, 0.09591662883758545, -0.06904242187738419, -0.11817757040262222, 0.8106260299682617, -0.5735151171684265, 0.0009579412289895117, 0.5776551961898804, 0.8162803053855896),
            ["LeftUpperArm"] = CFrame.new(-1.1920928955078125e-07, 0, 3.725290298461914e-09, 0.7617980241775513, 0.6412267088890076, 0.09215273708105087, -0.25606226921081543, 0.4287218451499939, -0.8663889169692993, -0.5950596332550049, 0.6364164352416992, 0.49079352617263794),
            ["RightLowerArm"] = CFrame.new(-5.960464477539063e-08, 2.384185791015625e-07, -2.9802322387695312e-08, 1, -1.1920930376163597e-07, 6.519259443393821e-08, 1.3876704940685158e-07, 0.792205810546875, -0.6102539300918579, 2.2351738238057806e-08, 0.6102541089057922, 0.7922059297561646),
            ["LeftHand"] = CFrame.new(-1.4901161193847656e-07, -2.384185791015625e-07, -1.4901161193847656e-07, 0.9515373706817627, 0.05227121338248253, 0.3030587136745453, -0.0764942392706871, 0.9947066903114319, 0.06860950589179993, -0.29786813259124756, -0.0884665697813034, 0.9504989981651306),
            ["LeftFoot"] = CFrame.new(1.8676823643204443e-08, -1.1920928955078125e-07, -1.433306806575274e-09, 0.9999955892562866, -0.0029662372544407845, 0.00036377724609337747, 0.0027923639863729477, 0.8840674161911011, -0.4673510491847992, 0.001064658397808671, 0.4673500657081604, 0.8840717673301697),
            ["LowerTorso"] = CFrame.new(0.0012452189112082124, -0.08497071266174316, -0.17888565361499786, 0.9928209185600281, -0.11960827559232712, 0.0006969891837798059, 0.11453735828399658, 0.9490178227424622, -0.29367735981941223, 0.03446478769183159, 0.29164886474609375, 0.9559043645858765),
            ["RightLowerLeg"] = CFrame.new(-1.335865817964077e-07, -0.0000040531158447265625, -0.00001312133827013895, 1, -0.000003486197783786338, -0.0000015795311583133298, 0.0000034800036701199133, 0.6712191104888916, 0.7412587404251099, -0.0000015308326055674115, -0.741258978843689, 0.6712194085121155),
            ["LeftUpperLeg"] = CFrame.new(-1.19209701665568e-07, 1.862645149230957e-08, -1.3387727904046187e-07, 0.992489218711853, 0.12232675403356552, -0.0011817547492682934, -0.12231744080781937, 0.9924724698066711, 0.006076241843402386, 0.0019161395030096173, -0.00588604249060154, 0.9999808669090271),
            ["LeftLowerLeg"] = CFrame.new(6.114526485134775e-08, 0.0000036954879760742188, 0.000013112879969412461, 1, -0.0000029659568099305034, -0.0000012698005775746424, 0.000003009532520081848, 0.7119852304458618, 0.7021945714950562, -0.0000011688389349728823, -0.7021945118904114, 0.7119851112365723),
        }},
        {Time = 0.167, Data = {
            ["RightFoot"] = CFrame.new(-1.068110577762127e-08, 1.7881393432617188e-07, 2.812157617881894e-09, 0.9999999403953552, 0.0004190589243080467, 0.0003304850833956152, -0.0005027970182709396, 0.9473954439163208, 0.32006552815437317, -0.00017894429038278759, -0.320065438747406, 0.9473953247070312),
            ["LeftLowerArm"] = CFrame.new(0.000020951032638549805, -2.384185791015625e-07, 2.682209014892578e-07, 1, 0.000037088993849465623, -0.000011712314517353661, -0.000027455389499664307, 0.4596601724624634, -0.8880949020385742, -0.000027567148208618164, 0.888094961643219, 0.4596601724624634),
            ["RightUpperArm"] = CFrame.new(0, -2.384185791015625e-07, -1.1641532182693481e-10, 0.9959943890571594, -0.06439078599214554, -0.06204051524400711, 0.08062049746513367, 0.9467760920524597, 0.3116333484649658, 0.038672152906656265, -0.31538695096969604, 0.9481749534606934),
            ["Head"] = CFrame.new(1.6763806343078613e-08, -1.1920928955078125e-07, 1.1059455573558807e-08, 0.9899792075157166, -0.10767469555139542, 0.09136372059583664, 0.09366685152053833, 0.9848748445510864, 0.14576752483844757, -0.1056772843003273, -0.13574905693531036, 0.9850910902023315),
            ["RightHand"] = CFrame.new(2.60770320892334e-08, 0, 2.9802322387695312e-08, 0.9938792586326599, 0.00479930592700839, 0.11036786437034607, -0.0039938283152878284, 0.9999638199806213, -0.007518056780099869, -0.11039992421865463, 0.007031240500509739, 0.9938624501228333),
            ["UpperTorso"] = CFrame.new(2.421438694000244e-08, 1.1920928955078125e-07, -2.8550857678055763e-08, 0.9846294522285461, 0.1570584625005722, -0.0764036700129509, -0.12172870337963104, 0.9308034777641296, 0.34465500712394714, 0.1252477765083313, -0.3300568461418152, 0.9356150031089783),
            ["HumanoidRootPart"] = CFrame.new(0, 0, 0, 1, 0, 0, 0, 1, 0, 0, 0, 1),
            ["RightUpperLeg"] = CFrame.new(-2.9802322387695312e-08, -1.862645149230957e-08, -6.427217158488929e-08, 0.9958124756813049, 0.07939940690994263, -0.04531429708003998, -0.09135673940181732, 0.8458136916160583, -0.5255979895591736, -0.00340473186224699, 0.5275368094444275, 0.8495253324508667),
            ["LeftUpperArm"] = CFrame.new(-5.960464477539063e-08, -3.5762786865234375e-07, -2.6193447411060333e-08, 0.8409522175788879, 0.5368531346321106, 0.06773575395345688, -0.15300172567367554, 0.355984628200531, -0.9218814373016357, -0.519027829170227, 0.7648945450782776, 0.38150554895401),
            ["RightLowerArm"] = CFrame.new(-5.960464477539063e-08, 5.960464477539062e-07, -5.960464477539063e-08, 1, -1.2014065475796087e-07, 3.2363473678742594e-08, 1.2200328569633712e-07, 0.8729731440544128, -0.48776814341545105, 3.119931335504589e-08, 0.48776835203170776, 0.8729733228683472),
            ["LeftHand"] = CFrame.new(5.960464477539063e-08, 3.5762786865234375e-07, 1.1920928955078125e-07, 0.9818868637084961, 0.024032223969697952, 0.18793797492980957, -0.07419773936271667, 0.9614717364311218, 0.2647016942501068, -0.17433567345142365, -0.2738514840602875, 0.945839524269104),
            ["LeftFoot"] = CFrame.new(1.0170403896836433e-07, -5.960464477539063e-08, -5.7425825206181e-10, 0.9999977946281433, -0.0021211381535977125, 0.0003274074988439679, 0.0019512594444677234, 0.8349518775939941, -0.550319492816925, 0.0008940071566030383, 0.5503188967704773, 0.8349541425704956),
            ["LowerTorso"] = CFrame.new(0.0012451765360310674, -0.156028151512146, -0.2219507396221161, 0.9957643747329712, -0.09187622368335724, -0.003501731902360916, 0.0867730900645256, 0.9516829252243042, -0.2945674657821655, 0.03039628639817238, 0.29301589727401733, 0.9556242823600769),
            ["RightLowerLeg"] = CFrame.new(9.720679372549057e-09, -0.000003933906555175781, -0.00001290391810471192, 1, -0.0000028923464014951605, -0.000001129847191805311, 0.0000028802471661038, 0.756011962890625, 0.6545577645301819, -0.000001027802113640064, -0.6545579433441162, 0.7560120224952698),
            ["LeftUpperLeg"] = CFrame.new(1.0608181000293371e-13, -2.421438694000244e-07, 3.3760443329811096e-08, 0.9955878257751465, 0.09382852166891098, -0.0011066560400649905, -0.09380003064870834, 0.9948247671127319, -0.03905514255166054, -0.002563564805313945, 0.03898670896887779, 0.9992364645004272),
            ["LeftLowerLeg"] = CFrame.new(7.533338219900543e-08, 0.000003993511199951172, 0.000013018991012359038, 1, -0.000003577313236746704, -0.0000018428261228109477, 0.0000035618286347016692, 0.6052194237709045, 0.796058714389801, -0.0000017454440239816904, -0.7960587739944458, 0.6052195429801941),
        }},
        {Time = 0.208, Data = {
            ["RightFoot"] = CFrame.new(4.249159246683121e-09, 2.384185791015625e-07, -9.746145224198699e-09, 0.9999999403953552, -0.0004223702126182616, -0.0002426554710837081, 0.00046824445598758757, 0.9707868099212646, 0.2399437129497528, 0.00013422174379229546, -0.23994366824626923, 0.9707868099212646),
            ["LeftLowerArm"] = CFrame.new(0.000021159648895263672, -5.960464477539063e-08, 1.4156103134155273e-07, 1, 0.0000388026237487793, -0.0000030100345611572266, -0.000027496371330926195, 0.6489413380622864, -0.760838508605957, -0.00002758205300779082, 0.760838508605957, 0.6489412784576416),
            ["RightUpperArm"] = CFrame.new(-5.960464477539063e-08, 2.384185791015625e-07, 2.9802322387695312e-08, 0.9964414238929749, -0.07336315512657166, -0.04150250926613808, 0.07656412571668625, 0.9937139749526978, 0.08167336881160736, 0.035249821841716766, -0.08456047624349594, 0.9957946538925171),
            ["Head"] = CFrame.new(-3.725290298461914e-09, 0, -1.30385160446167e-08, 0.9867584109306335, -0.10820351541042328, 0.12083045393228531, 0.10000213235616684, 0.9923781752586365, 0.07200887054204941, -0.12770111858844757, -0.05897201970219612, 0.9900579452514648),
            ["RightHand"] = CFrame.new(-3.91155481338501e-08, 1.1920928955078125e-07, 2.2351741790771484e-08, 0.9939817190170288, -0.004535483196377754, 0.10945199429988861, -0.014141444116830826, 0.9854698777198792, 0.16926071047782898, -0.10862931609153748, -0.1697898507118225, 0.9794749617576599),
            ["UpperTorso"] = CFrame.new(-3.958120942115784e-09, -3.2782554626464844e-07, 2.4068867787718773e-08, 0.9879809021949768, 0.110732801258564, -0.10785163193941116, -0.05868469178676605, 0.9141862392425537, 0.4010234773159027, 0.14300289750099182, -0.38987430930137634, 0.9096968173980713),
            ["HumanoidRootPart"] = CFrame.new(0, 0, 0, 1, 0, 0, 0, 1, 0, 0, 0, 1),
            ["RightUpperLeg"] = CFrame.new(0, -2.123415470123291e-07, 7.158450898714364e-08, 0.999123752117157, 0.04107162728905678, -0.008066711015999317, -0.04024207964539528, 0.8895777463912964, -0.455007940530777, -0.011511944234371185, 0.4549337923526764, 0.8904508352279663),
            ["LeftUpperArm"] = CFrame.new(0, -1.1920928955078125e-07, 7.450580596923828e-09, 0.9331232905387878, 0.33464664220809937, 0.1315014511346817, 0.019409824162721634, 0.318316251039505, -0.9477858543395996, -0.35903242230415344, 0.8869535326957703, 0.2905329167842865),
            ["RightLowerArm"] = CFrame.new(5.960464477539063e-08, -1.1920928955078125e-07, -2.2351741790771484e-08, 1, -1.0523948645868586e-07, 1.2980311048238491e-08, 1.0430811414607888e-07, 0.9727500677108765, -0.2318560630083084, 3.0267979234110953e-09, 0.23185625672340393, 0.972750186920166),
            ["LeftHand"] = CFrame.new(8.940696716308594e-08, -5.960464477539063e-08, 1.1920928955078125e-07, 0.9951176643371582, 0.01790449023246765, 0.09705813229084015, -0.05581221356987953, 0.9131518006324768, 0.403780996799469, -0.08139927685260773, -0.40722647309303284, 0.9096927046775818),
            ["LeftFoot"] = CFrame.new(-7.053544948121271e-08, 1.7881393432617188e-07, -2.734122261927041e-08, 0.9999994039535522, -0.0010672000935301185, 0.00019054958829656243, 0.0009738198132254183, 0.8071078658103943, -0.590403139591217, 0.00047625842853449285, 0.5904030799865723, 0.8071085214614868),
            ["LowerTorso"] = CFrame.new(0.0012451439397409558, -0.21068763732910156, -0.25507768988609314, 0.9991438984870911, -0.03975960239768028, -0.011429684236645699, 0.0346013605594635, 0.9545865654945374, -0.2959176301956177, 0.02267618663609028, 0.2952687740325928, 0.9551451802253723),
            ["RightLowerLeg"] = CFrame.new(-4.244793672114611e-08, -0.0000040531158447265625, -0.000012934819096699357, 1, -0.0000026323752990720095, -8.225905503422837e-07, 0.0000026484201498533366, 0.8348771929740906, 0.5504361987113953, -7.672207971154421e-07, -0.5504363179206848, 0.8348772525787354),
            ["LeftUpperLeg"] = CFrame.new(-5.960468740795477e-08, -2.4400651454925537e-07, -1.3503949958248995e-08, 0.999110758304596, 0.04120022431015968, 0.00896728690713644, -0.04072311148047447, 0.9980116486549377, -0.04810759052634239, -0.010931500233709812, 0.0476997084915638, 0.9988020062446594),
            ["LeftLowerLeg"] = CFrame.new(4.6913491758004966e-08, 0.0000040531158447265625, 0.000012880806025350466, 1, -0.0000034323747968301177, -0.0000018952271148009459, 0.0000035035773180425167, 0.5572499632835388, 0.8303447365760803, -0.0000018000719137489796, -0.8303448557853699, 0.5572500824928284),
        }},
        {Time = 0.250, Data = {
            ["RightFoot"] = CFrame.new(-4.653702490031719e-08, 4.172325134277344e-07, -3.3909600460901856e-08, 0.9999998807907104, -0.0006090753595344722, -0.0003021425800397992, 0.0006586500094272196, 0.9780698418617249, 0.20827703177928925, 0.0001686568430159241, -0.20827658474445343, 0.9780699014663696),
            ["LeftLowerArm"] = CFrame.new(0.00002092123031616211, 0, 6.51925802230835e-07, 1, 0.00003893999746651389, 4.868489327236603e-07, -0.000027474656235426664, 0.7146218419075012, -0.699510931968689, -0.00002758624032139778, 0.699510931968689, 0.7146219611167908),
            ["RightUpperArm"] = CFrame.new(-5.960464477539063e-08, 1.1920928955078125e-07, 1.4901161193847656e-08, 0.9967004060745239, -0.07548659294843674, -0.02983400598168373, 0.07413890212774277, 0.996278703212738, -0.04395704343914986, 0.033041149377822876, 0.041600000113248825, 0.9985878467559814),
            ["Head"] = CFrame.new(-7.450580596923828e-09, 1.1920928955078125e-07, 9.313225746154785e-09, 0.9853271842002869, -0.10368895530700684, 0.13556955754756927, 0.10327020287513733, 0.9946016669273376, 0.010137340053915977, -0.13588885962963104, 0.004011714830994606, 0.9907159805297852),
            ["RightHand"] = CFrame.new(8.37608240544796e-08, 0, 1.6298145055770874e-08, 0.9942737221717834, -0.007952925749123096, 0.10656683892011642, -0.019881881773471832, 0.9660487771034241, 0.25759366154670715, -0.10499740391969681, -0.25823742151260376, 0.9603587985038757),
            ["UpperTorso"] = CFrame.new(1.3969838619232178e-09, 2.9802322387695312e-08, -6.924892659299076e-08, 0.9885956645011902, 0.08594615757465363, -0.12366051971912384, -0.02478860691189766, 0.9028197526931763, 0.4293041229248047, 0.148540198802948, -0.4213428497314453, 0.8946541547775269),
            ["HumanoidRootPart"] = CFrame.new(0, 0, 0, 1, 0, 0, 0, 1, 0, 0, 0, 1),
            ["RightUpperLeg"] = CFrame.new(-2.9802322387695312e-08, 6.472691893577576e-08, -2.0967490854673088e-07, 0.9998008608818054, 0.0175890251994133, 0.009426617063581944, -0.012097807601094246, 0.9098976254463196, -0.41465646028518677, -0.015870651230216026, 0.4144600033760071, 0.9099292159080505),
            ["LeftUpperArm"] = CFrame.new(0, 1.1920928955078125e-07, -1.4901161193847656e-08, 0.9670618176460266, 0.2012975662946701, 0.1557910293340683, 0.09249848127365112, 0.292290061712265, -0.9518458843231201, -0.237140491604805, 0.934904158115387, 0.26404282450675964),
            ["RightLowerArm"] = CFrame.new(-1.1920928955078125e-07, 3.5762786865234375e-07, -3.3527612686157227e-08, 1, -8.568170528633345e-08, -1.0186342880302846e-09, 8.800999040659008e-08, 0.9962125420570374, -0.0869520902633667, 4.889443960820472e-09, 0.08695225417613983, 0.9962125420570374),
            ["LeftHand"] = CFrame.new(-2.421438694000244e-08, 5.960464477539063e-08, 1.1175870895385742e-07, 0.9979530572891235, 0.01903361640870571, 0.06105382367968559, -0.04471563175320625, 0.8901960849761963, 0.4533781111240387, -0.04572044312953949, -0.455179899930954, 0.8892248868942261),
            ["LeftFoot"] = CFrame.new(4.129758224280522e-08, 5.960464477539063e-08, -8.749758251269668e-08, 0.9999996423721313, -0.0008562356233596802, 0.00016100628999993205, 0.000780696514993906, 0.7986106872558594, -0.6018475294113159, 0.0003867480845656246, 0.6018472909927368, 0.798611044883728),
            ["LowerTorso"] = CFrame.new(0.0012451309012249112, -0.2325514554977417, -0.2683284878730774, 0.999810516834259, -0.01142456941306591, -0.015760309994220734, 0.006239317823201418, 0.9550198912620544, -0.2964761257171631, 0.018438521772623062, 0.2963216304779053, 0.9549102187156677),
            ["RightLowerLeg"] = CFrame.new(6.961636245250702e-08, -0.000004112720489501953, -0.000012940661690663546, 1, -0.000002303743713127915, -6.44547981210053e-07, 0.000002319910208825604, 0.8699438571929932, 0.4931505024433136, -5.750771947532485e-07, -0.4931507408618927, 0.8699440956115723),
            ["LeftUpperLeg"] = CFrame.new(-5.960504978475001e-08, -4.190952029858863e-09, -1.3131625564710703e-07, 0.9998078346252441, 0.012896393425762653, 0.01476859487593174, -0.012195687741041183, 0.9988396167755127, -0.046590931713581085, -0.015352312475442886, 0.04640186205506325, 0.9988049268722534),
            ["LeftLowerLeg"] = CFrame.new(6.789007755969578e-08, 0.000003814697265625, 0.000012879365385742858, 1, -0.0000034919512472697534, -0.000001962689566425979, 0.0000035480002225085627, 0.5459380745887756, 0.8378254771232605, -0.0000018592252217786154, -0.8378255367279053, 0.54593825340271),
        }},
        {Time = 0.292, Data = {
            ["RightFoot"] = CFrame.new(-4.211324267089367e-08, 2.384185791015625e-07, -1.1236261343583465e-07, 0.9999999403953552, -0.0004953155876137316, -0.0002442242403049022, 0.00054015131900087, 0.9692752957344055, 0.24597807228565216, 0.00011488555901451036, -0.24597834050655365, 0.9692754149436951),
            ["LeftLowerArm"] = CFrame.new(0.00002092123031616211, 1.1920928955078125e-07, -1.0803341865539551e-07, 1, 0.00003819167977781035, -0.0000075213611125946045, -0.0000274665690085385, 0.5553065538406372, -0.8316457271575928, -0.000027570877136895433, 0.8316457867622375, 0.5553065538406372),
            ["RightUpperArm"] = CFrame.new(0, -1.1920928955078125e-07, 1.4901161193847656e-08, 0.9966554641723633, -0.07500725984573364, -0.032434459775686264, 0.07540401071310043, 0.9970903396606445, 0.011185483075678349, 0.03150106221437454, -0.013593925163149834, 0.9994112849235535),
            ["Head"] = CFrame.new(1.4901161193847656e-08, -1.1920928955078125e-07, -1.30385160446167e-08, 0.9856239557266235, -0.09852970391511917, 0.1372496634721756, 0.10166265815496445, 0.994690477848053, -0.015989596024155617, -0.13494549691677094, 0.02971290796995163, 0.990407407283783),
            ["RightHand"] = CFrame.new(3.0105002224445343e-07, -2.980232238769531e-07, -2.514570951461792e-08, 0.9949336051940918, 0.0042776851914823055, 0.10044402629137039, -0.020703643560409546, 0.9863976240158081, 0.16306842863559723, -0.0983802080154419, -0.16432179510593414, 0.9814885258674622),
            ["UpperTorso"] = CFrame.new(4.656612873077393e-10, -2.384185791015625e-07, 8.149072527885437e-10, 0.9866916537284851, 0.10878350585699081, -0.12085464596748352, -0.04939468204975128, 0.9086520075798035, 0.41462236642837524, 0.15491893887519836, -0.4031347930431366, 0.9019326567649841),
            ["HumanoidRootPart"] = CFrame.new(0, 0, 0, 1, 0, 0, 0, 1, 0, 0, 0, 1),
            ["RightUpperLeg"] = CFrame.new(0, -2.3283064365386963e-07, 7.717244443483651e-08, 0.9993795156478882, 0.03460763394832611, -0.006553350947797298, -0.03453243151307106, 0.9260363578796387, -0.37585148215293884, -0.006938683334738016, 0.3758445084095001, 0.9266567826271057),
            ["LeftUpperArm"] = CFrame.new(-1.1920928955078125e-07, -2.384185791015625e-07, 5.960464477539063e-08, 0.9734109044075012, 0.2143380343914032, 0.0808110237121582, 0.006261400878429413, 0.32775619626045227, -0.9447416663169861, -0.22898036241531372, 0.920127809047699, 0.3176994025707245),
            ["RightLowerArm"] = CFrame.new(5.960464477539063e-08, 5.960464477539063e-08, -5.774199962615967e-08, 1, -9.639192199983881e-08, -4.889444848998892e-09, 9.499491682163352e-08, 0.9808409810066223, -0.1948099583387375, 1.862645326866641e-08, 0.1948101669549942, 0.9808410406112671),
            ["LeftHand"] = CFrame.new(2.9802322387695312e-08, -1.7881393432617188e-07, -1.4901161193847656e-07, 0.9971250295639038, 0.018639221787452698, 0.07344508171081543, -0.04568731412291527, 0.9211585521697998, 0.3864968717098236, -0.060450565069913864, -0.38874107599258423, 0.9193617701530457),
            ["LeftFoot"] = CFrame.new(4.8712447409116066e-08, -1.1920928955078125e-07, -1.5956706178599234e-08, 0.9999995231628418, -0.000991112901829183, 0.0001840076583903283, 0.0009006779873743653, 0.7965056896209717, -0.6046299934387207, 0.0004526926495600492, 0.6046303510665894, 0.7965064644813538),
            ["LowerTorso"] = CFrame.new(0.0012451356742531061, -0.22449421882629395, -0.2660493552684784, 0.999398946762085, -0.033986836671829224, -0.006844018120318651, 0.030622068792581558, 0.9579244256019592, -0.28538239002227783, 0.016255296766757965, 0.2850012481212616, 0.9583892822265625),
            ["RightLowerLeg"] = CFrame.new(1.404841896146536e-07, -0.0000036954879760742188, -0.00001328465441474691, 1, -0.0000017841651924754842, -4.316751471833413e-07, 0.0000018188293324783444, 0.9117510914802551, 0.41074293851852417, -3.49704350810498e-07, -0.41074317693710327, 0.9117512702941895),
            ["LeftUpperLeg"] = CFrame.new(5.484501741648273e-14, -1.341104507446289e-07, 1.7462298274040222e-08, 0.9993709325790405, 0.03522971272468567, 0.0040741534903645515, -0.03488511964678764, 0.9972164630889893, -0.06589728593826294, -0.006384352222084999, 0.06571360677480698, 0.9978181719779968),
            ["LeftLowerLeg"] = CFrame.new(-3.828069594646877e-08, 0.000003933906555175781, 0.000013042565115028992, 1, -0.0000036643600651586894, -0.0000020664449493779102, 0.000003721309894899605, 0.5365248322486877, 0.843884289264679, -0.000001988169742617174, -0.8438845276832581, 0.5365252494812012),
        }},
        {Time = 0.333, Data = {
            ["RightFoot"] = CFrame.new(3.907916834577918e-08, 4.172325134277344e-07, -6.817936082370579e-08, 1, 0.00012220998178236187, 0.000055756812798790634, -0.00013144526747055352, 0.9754883646965027, 0.22005149722099304, -0.000027482727091410197, -0.22005106508731842, 0.9754882454872131),
            ["LeftLowerArm"] = CFrame.new(0.000021070241928100586, -1.7881393432617188e-07, -1.043081283569336e-07, 1, 0.00003274530899943784, -0.00002101809332089033, -0.00002747029429883696, 0.21110577881336212, -0.9774632453918457, -0.000027559701266000047, 0.9774633049964905, 0.2111058384180069),
            ["RightUpperArm"] = CFrame.new(0, -2.384185791015625e-07, -1.4901161193847656e-08, 0.9964497685432434, -0.07483826577663422, -0.03856317326426506, 0.079769566655159, 0.9857317209243774, 0.1482226550579071, 0.026920201256871223, -0.15077275037765503, 0.988201916217804),
            ["Head"] = CFrame.new(1.862645149230957e-08, -3.5762786865234375e-07, -3.725290298461914e-09, 0.9865508079528809, -0.09314102679491043, 0.1343214213848114, 0.09735514968633652, 0.9949321746826172, -0.02513965032994747, -0.13129916787147522, 0.03787846118211746, 0.990618884563446),
            ["RightHand"] = CFrame.new(4.284083843231201e-08, -5.960464477539063e-08, -3.3527612686157227e-08, 0.995625913143158, 0.026654938235878944, 0.08954765647649765, -0.025254463776946068, 0.9995409846305847, -0.01673637144267559, -0.08995267003774643, 0.0144017543643713, 0.9958419799804688),
            ["UpperTorso"] = CFrame.new(3.3760443329811096e-09, 2.9802322387695312e-08, 5.73345459997654e-09, 0.9818612337112427, 0.14987266063690186, -0.11613267660140991, -0.09637036919593811, 0.9219772219657898, 0.3750610649585724, 0.1632830649614334, -0.3570661246776581, 0.9196969270706177),
            ["HumanoidRootPart"] = CFrame.new(0, 0, 0, 1, 0, 0, 0, 1, 0, 0, 0, 1),
            ["RightUpperLeg"] = CFrame.new(0, 5.21540641784668e-08, 3.014065441675484e-08, 0.9970692992210388, 0.06471861898899078, -0.040797971189022064, -0.07600394636392593, 0.8988581895828247, -0.4315989017486572, 0.0087391072884202, 0.43343469500541687, 0.9011425971984863),
            ["LeftUpperArm"] = CFrame.new(-5.960464477539063e-08, -3.5762786865234375e-07, -2.2351741790771484e-08, 0.9516966938972473, 0.30636143684387207, -0.020397726446390152, -0.14586493372917175, 0.39266446232795715, -0.9080407619476318, -0.2701791822910309, 0.8671548366546631, 0.4183849096298218),
            ["RightLowerArm"] = CFrame.new(0, 4.172325134277344e-07, 1.4901161193847656e-08, 1, -1.1920931797249068e-07, 3.445894236620006e-08, 1.266598843585598e-07, 0.8835505843162537, -0.4683357775211334, 6.9849201977945086e-09, 0.46833598613739014, 0.8835507035255432),
            ["LeftHand"] = CFrame.new(-7.450580596923828e-08, 3.5762786865234375e-07, -2.384185791015625e-07, 0.994187593460083, 0.02175104431807995, 0.10544142872095108, -0.04400349408388138, 0.9759342074394226, 0.21357953548431396, -0.09825832396745682, -0.21697784960269928, 0.9712188243865967),
