return {
    ["Old School"] = {
        {Time = 0.000, Data = {
            ["LeftFoot"] = CFrame.new(-7.450580596923828e-09, 5.960464477539063e-08, -7.450580596923828e-09, 0.9304922819137573, -0.15085160732269287, -0.3338083326816559, 0.36569616198539734, 0.32974472641944885, 0.870364785194397, -0.02122419700026512, -0.9319400191307068, 0.3619908094406128),
            ["LeftLowerArm"] = CFrame.new(2.086162567138672e-07, -6.556510925292969e-07, 1.4901161193847656e-08, 1, -7.823108916227284e-08, 1.3783575525394554e-07, 1.238658740021492e-07, -0.22166256606578827, -0.975123405456543, 1.1362132568137895e-07, 0.9751234650611877, -0.22166261076927185),
            ["RightUpperArm"] = CFrame.new(-5.960464477539063e-08, -9.5367431640625e-07, 5.960464477539063e-08, 0.8098440766334534, -0.5467737317085266, 0.21258224546909332, 0.5442003011703491, 0.8355200290679932, 0.07584398239850998, -0.21908627450466156, 0.0542655885219574, 0.9741953015327454),
            ["Head"] = CFrame.new(-1.4901161193847656e-08, -0.0000011920928955078125, 8.195638656616211e-08, 0.9296885132789612, 0.035361580550670624, 0.36664560437202454, 0.13198357820510864, 0.8973097205162048, -0.4212075471878052, -0.3438892364501953, 0.4399828612804413, 0.8295513391494751),
            ["LowerTorso"] = CFrame.new(0.4881875514984131, -0.11120915412902832, 0.21013936400413513, 0.9636706709861755, 0.0005172014352865517, 0.26709288358688354, -0.05183986946940422, 0.9813444018363953, 0.18513786792755127, -0.26201432943344116, -0.19225801527500153, 0.9457195401191711),
            ["UpperTorso"] = CFrame.new(-3.725290298461914e-09, -4.172325134277344e-07, 8.940696716308594e-08, 0.9991182088851929, -0.033535487949848175, 0.0252658911049366, 0.026494430378079414, 0.9703496694564819, 0.2402488887310028, -0.03257354348897934, -0.23936761915683746, 0.9703824520111084),
            ["HumanoidRootPart"] = CFrame.new(0, 0, 0, 1, 0, 0, 0, 1, 0, 0, 0, 1),
            ["LeftUpperLeg"] = CFrame.new(-2.384185791015625e-07, -2.3883058020146564e-07, 9.511131793260574e-08, 0.9925265908241272, -0.121488057076931, -0.011473286896944046, -0.07337483018636703, -0.5190287232398987, -0.8516015410423279, 0.09750419110059738, 0.8460790514945984, -0.5240641832351685),
            ["LeftUpperArm"] = CFrame.new(-1.1920928955078125e-07, -1.1920928955078125e-07, 8.940696716308594e-08, 0.8518943190574646, 0.2897007465362549, -0.43629083037376404, -0.4411332607269287, 0.8459429144859314, -0.299636572599411, 0.28227218985557556, 0.44772109389305115, 0.8484506011009216),
            ["RightLowerArm"] = CFrame.new(3.5762786865234375e-07, -0.0000013113021850585938, -8.344650268554688e-07, 1, -6.70552182668871e-08, 1.1175869474300271e-07, -7.450580596923828e-09, -0.6828375458717346, -0.7305703163146973, 1.7881393432617188e-07, 0.730570375919342, -0.6828374862670898),
            ["LeftHand"] = CFrame.new(-8.940696716308594e-08, -1.1920928955078125e-07, -1.043081283569336e-07, 0.9682157635688782, -0.24853740632534027, 0.028064124286174774, 0.24997544288635254, 0.9653313159942627, -0.07515279203653336, -0.00841278862208128, 0.07977946102619171, 0.9967770576477051),
            ["RightFoot"] = CFrame.new(2.0256265997886658e-08, 2.384185791015625e-07, 9.145878721028566e-09, 0.912964940071106, -0.019112659618258476, 0.4075905382633209, 0.17781510949134827, 0.9177002906799316, -0.3552570641040802, -0.36725589632987976, 0.3968134820461273, 0.8412266969680786),
            ["RightHand"] = CFrame.new(3.5762786865234375e-07, -2.980232238769531e-07, 3.427267074584961e-07, 0.9724838733673096, 0.23088088631629944, -0.03113202005624771, -0.2326272428035736, 0.969592273235321, -0.07599670439958572, 0.012639127671718597, 0.08114772289991379, 0.9966220259666443),
            ["RightLowerLeg"] = CFrame.new(6.426125764846802e-08, -0.000003814697265625, -0.000013334843970369548, 1, -1.1641532182693481e-07, -6.170014188455752e-08, 1.1455266246684914e-07, 0.5990815758705139, 0.8006877303123474, -7.683410530034962e-08, -0.8006880283355713, 0.5990820527076721),
            ["RightUpperLeg"] = CFrame.new(-1.1920928955078125e-07, -2.2654421627521515e-07, 9.516224963590503e-08, 0.9978264570236206, -0.06571639329195023, -0.0048852525651454926, 0.04854295402765274, 0.7831516861915588, -0.6199333071708679, 0.04456567391753197, 0.6183485388755798, 0.7846392393112183),
            ["LeftLowerLeg"] = CFrame.new(-2.9802322387695312e-08, 0.000003814697265625, 0.000013287179172039032, 1, 6.519256601222878e-08, 1.3783576946480025e-07, -8.195637946073475e-08, -0.4653342366218567, 0.8851349949836731, 1.0430811414607888e-07, -0.8851350545883179, -0.46533435583114624),
        }},
        {Time = 0.033, Data = {
            ["LeftFoot"] = CFrame.new(0, -5.960464477539063e-08, -1.4901161193847656e-08, 0.9462436437606812, -0.19616638123989105, -0.25718075037002563, 0.3229012191295624, 0.526385486125946, 0.7865450382232666, -0.018917612731456757, -0.8273072242736816, 0.5614311695098877),
            ["LeftLowerArm"] = CFrame.new(1.7881393432617188e-07, -5.364418029785156e-07, 0, 1, -7.4505820180093e-08, 1.1175876579727628e-07, 1.1269004573932762e-07, -0.24621832370758057, -0.9692144393920898, 1.0430814256778831e-07, 0.9692144989967346, -0.24621827900409698),
            ["RightUpperArm"] = CFrame.new(-3.5762786865234375e-07, -3.5762786865234375e-07, 8.940696716308594e-08, 0.7947450876235962, -0.5235695838928223, 0.3070101737976074, 0.5963351130485535, 0.7677502036094666, -0.2344018518924713, -0.11298142373561859, 0.36937060952186584, 0.92238849401474),
            ["Head"] = CFrame.new(-3.725290298461914e-08, -3.5762786865234375e-07, 7.450580596923828e-08, 0.9269208908081055, 0.052137888967990875, 0.37161731719970703, 0.09713471680879593, 0.9232134819030762, -0.3718089461326599, -0.36246734857559204, 0.38073426485061646, 0.8506813645362854),
            ["LowerTorso"] = CFrame.new(0.5018296241760254, -0.08669185638427734, 0.20847688615322113, 0.9649142026901245, -0.005565022584050894, 0.2625065743923187, -0.055270832031965256, 0.9730686545372009, 0.22379159927368164, -0.25668230652809143, -0.2304486483335495, 0.9386201500892639),
            ["UpperTorso"] = CFrame.new(8.568167686462402e-08, -3.2782554626464844e-07, -2.2351741790771484e-08, 0.9983642101287842, -0.05477536842226982, 0.016388894990086555, 0.05160650610923767, 0.98670893907547, 0.1540852040052414, -0.024611137807369232, -0.15298739075660706, 0.9879215955734253),
            ["HumanoidRootPart"] = CFrame.new(0, 0, 0, 1, 0, 0, 0, 1, 0, 0, 0, 1),
            ["LeftUpperLeg"] = CFrame.new(-1.7881393432617188e-07, -2.0664447220042348e-07, -1.7369166016578674e-07, 0.9978256821632385, -0.0623139850795269, 0.021467043086886406, 0.0017711116233840585, -0.3002417981624603, -0.9538615345954895, 0.06588438153266907, 0.9518256187438965, -0.29947856068611145),
            ["LeftUpperArm"] = CFrame.new(0, 1.1920928955078125e-07, 0, 0.8587642908096313, 0.30650395154953003, -0.41058409214019775, -0.4774494767189026, 0.7694807648658752, -0.42419514060020447, 0.18591903150081635, 0.5603166818618774, 0.8071426749229431),
            ["RightLowerArm"] = CFrame.new(4.76837158203125e-07, 2.980232238769531e-07, -2.086162567138672e-07, 1, -7.450579886381092e-08, 1.266598985694145e-07, 4.470347647611561e-08, -0.43150243163108826, -0.9021118879318237, 1.5646217832454568e-07, 0.9021117687225342, -0.43150249123573303),
            ["LeftHand"] = CFrame.new(-4.470348358154297e-08, 2.384185791015625e-07, 2.384185791015625e-07, 0.9797415137290955, -0.1993313878774643, 0.019330229610204697, 0.19980505108833313, 0.9794686436653137, -0.0268172025680542, -0.013587715104222298, 0.030136145651340485, 0.9994534850120544),
            ["RightFoot"] = CFrame.new(2.0489096641540527e-08, 4.172325134277344e-07, -5.045876605436206e-08, 0.9656538963317871, -0.031072841957211494, 0.25796762108802795, 0.11793619394302368, 0.9370769262313843, -0.3285996913909912, -0.2315244823694229, 0.34773755073547363, 0.9085565209388733),
            ["RightHand"] = CFrame.new(-1.1920928955078125e-07, 0, -2.980232238769531e-07, 0.9756107330322266, 0.21889203786849976, -0.01643105037510395, -0.21926429867744446, 0.9753194451332092, -0.025984082370996475, 0.010337756015360355, 0.028953108936548233, 0.9995273947715759),
            ["RightLowerLeg"] = CFrame.new(-4.0978193283081055e-08, -0.0000037550926208496094, -0.000013349745131563395, 1, -1.1734664440155029e-07, -4.004688491932029e-08, 9.499491682163352e-08, 0.7508243322372437, 0.6605017781257629, -4.889444227273998e-08, -0.660502016544342, 0.7508246302604675),
            ["RightUpperLeg"] = CFrame.new(5.960464477539063e-08, -2.784654498100281e-07, -1.6560807125642896e-07, 0.996209442615509, -0.058796510100364685, -0.0641079768538475, 0.015406752936542034, 0.8445866703987122, -0.5351971983909607, 0.08561225235462189, 0.5321807861328125, 0.8422909379005432),
            ["LeftLowerLeg"] = CFrame.new(2.9802322387695312e-08, 0.000003933906555175781, 0.000013364944607019424, 1, 8.754432911928234e-08, 8.055940270423889e-08, -7.799826562404633e-08, -0.15425506234169006, 0.9880311489105225, 1.1362135410308838e-07, -0.9880311489105225, -0.15425509214401245),
        }},
        {Time = 0.067, Data = {
            ["LeftFoot"] = CFrame.new(3.725290298461914e-09, -5.960464477539063e-08, -1.862645149230957e-08, 0.9399213790893555, -0.2332451492547989, -0.24928846955299377, 0.3399449586868286, 0.5723096132278442, 0.746256947517395, -0.03139050677418709, -0.7861670255661011, 0.6172163486480713),
            ["LeftLowerArm"] = CFrame.new(1.4901161193847656e-07, -5.960464477539062e-07, -1.043081283569336e-07, 1, -5.587936158235607e-08, 1.3969838619232178e-07, 8.754431490842762e-08, -0.21751528978347778, -0.9760569930076599, 1.1175869474300271e-07, 0.9760569930076599, -0.21751515567302704),
            ["RightUpperArm"] = CFrame.new(-1.1920928955078125e-07, -2.384185791015625e-07, 5.960464477539063e-08, 0.7910701632499695, -0.4672427475452423, 0.394832044839859, 0.6115981936454773, 0.5909314751625061, -0.5260682702064514, 0.012483002617955208, 0.6576352715492249, 0.7532330751419067),
            ["Head"] = CFrame.new(-5.960464477539063e-08, -3.5762786865234375e-07, 1.4901161193847656e-08, 0.9213973879814148, 0.06622795015573502, 0.3829369843006134, 0.06684288382530212, 0.9436792135238647, -0.3240396976470947, -0.38283008337020874, 0.32416585087776184, 0.8650766611099243),
            ["LowerTorso"] = CFrame.new(0.5250186324119568, -0.09610652923583984, 0.19315499067306519, 0.9556686282157898, -0.04675118252635002, 0.29070913791656494, -0.02092764340341091, 0.9740325808525085, 0.2254386693239212, -0.293699711561203, -0.22152850031852722, 0.929874062538147),
            ["UpperTorso"] = CFrame.new(9.12696123123169e-08, -3.2782554626464844e-07, 4.470348358154297e-08, 0.9995161294937134, -0.02036103792488575, -0.023515814915299416, 0.022808317095041275, 0.9937818050384521, 0.10898452997207642, 0.02115059271454811, -0.10946822166442871, 0.9937652945518494),
            ["HumanoidRootPart"] = CFrame.new(0, 0, 0, 1, 0, 0, 0, 1, 0, 0, 0, 1),
            ["LeftUpperLeg"] = CFrame.new(-5.960464477539063e-08, -7.736962288618088e-07, 5.960464477539063e-08, 0.9990214109420776, -0.032568324357271194, -0.029926687479019165, -0.030934419482946396, -0.030892670154571533, -0.9990439414978027, 0.03161263465881348, 0.9989920258522034, -0.03186999633908272),
            ["LeftUpperArm"] = CFrame.new(-1.1920928955078125e-07, -1.1920928955078125e-07, -1.1175870895385742e-07, 0.8630790114402771, 0.33536118268966675, -0.37766072154045105, -0.5031461119651794, 0.6360812187194824, -0.5850168466567993, 0.04403088986873627, 0.6949341893196106, 0.7177240252494812),
            ["RightLowerArm"] = CFrame.new(0.0000013113021850585938, -1.1920928955078125e-07, 1.1920928955078125e-07, 1, -2.980232949312267e-08, 7.450581307466564e-08, 1.043081283569336e-07, -0.21178032457828522, -0.9773173928260803, 1.1920928955078125e-07, 0.9773173332214355, -0.21178030967712402),
            ["LeftHand"] = CFrame.new(-3.129243850708008e-07, 1.1920928955078125e-07, 0, 0.9871476292610168, -0.1592894047498703, 0.01290266215801239, 0.15900176763534546, 0.9870573282241821, 0.02089162915945053, -0.016063420102000237, -0.018571488559246063, 0.9996984601020813),
            ["RightFoot"] = CFrame.new(-1.7811544239521027e-08, 3.5762786865234375e-07, -1.0877556633204222e-08, 0.9411199688911438, -0.031452104449272156, 0.33660727739334106, 0.1548018604516983, 0.9252417683601379, -0.3463577330112457, -0.30054882168769836, 0.3780719041824341, 0.8756322860717773),
            ["RightHand"] = CFrame.new(5.960464477539063e-08, 4.172325134277344e-07, 4.76837158203125e-07, 0.9753397703170776, 0.2206989824771881, -0.0020776691380888224, -0.22060778737068176, 0.9751351475715637, 0.021067040041089058, 0.006675452925264835, -0.020089225843548775, 0.9997759461402893),
            ["RightLowerLeg"] = CFrame.new(5.6228600442409515e-08, -0.0000035762786865234375, -0.00001327058271272108, 1, -7.77654278749651e-08, -2.2817399525365545e-08, 6.961636245250702e-08, 0.8250461220741272, 0.5650650262832642, -2.6833731681108475e-08, -0.5650653839111328, 0.8250464200973511),
            ["RightUpperLeg"] = CFrame.new(-2.9802322387695312e-08, -8.279457688331604e-07, -2.032174961641431e-08, 0.9531735181808472, -0.05520060285925865, -0.2973436415195465, -0.05456337332725525, 0.9356766939163208, -0.3486146032810211, 0.2974610924720764, 0.34851399064064026, 0.888850212097168),
            ["LeftLowerLeg"] = CFrame.new(1.4901161193847656e-08, 0.000003933906555175781, 0.000013226526789367199, 1, 8.381903882082042e-08, 2.747400351665874e-08, -4.2840827774170975e-08, 0.2785320580005646, 0.960426926612854, 6.332992086299782e-08, -0.960426926612854, 0.27853190898895264),
        }},
        {Time = 0.100, Data = {
            ["LeftFoot"] = CFrame.new(3.259629011154175e-09, 2.384185791015625e-07, -5.960464477539063e-08, 0.9441186785697937, -0.2499743103981018, -0.21483178436756134, 0.3287440240383148, 0.6670498847961426, 0.6685594916343689, -0.023819146677851677, -0.7018242478370667, 0.7119519710540771),
            ["LeftLowerArm"] = CFrame.new(3.2782554626464844e-07, -0.0000010728836059570312, -2.682209014892578e-07, 1, -7.450580596923828e-08, 1.0430815677864302e-07, 1.2293459406009788e-07, 0.060992829501628876, -0.9981383085250854, 9.685756197086448e-08, 0.9981382489204407, 0.06099284440279007),
            ["RightUpperArm"] = CFrame.new(-5.960464477539063e-08, -3.5762786865234375e-07, 1.7881393432617188e-07, 0.8005091547966003, -0.3856291174888611, 0.45877575874328613, 0.5838875770568848, 0.3292204439640045, -0.7420844435691833, 0.13513098657131195, 0.8619188070297241, 0.488707959651947),
            ["Head"] = CFrame.new(-8.195638656616211e-08, -2.384185791015625e-07, 1.4156103134155273e-07, 0.9124304056167603, 0.08062610775232315, 0.40121111273765564, 0.041972339153289795, 0.9567923545837402, -0.2877269983291626, -0.4070739448070526, 0.27937051653862, 0.8696222901344299),
            ["LowerTorso"] = CFrame.new(0.5403685569763184, -0.14578747749328613, 0.1559610515832901, 0.955202043056488, -0.07753787934780121, 0.28561681509017944, 0.03577035665512085, 0.9882420897483826, 0.14865468442440033, -0.29378488659858704, -0.13177864253520966, 0.946744441986084),
            ["UpperTorso"] = CFrame.new(4.470348358154297e-08, -4.172325134277344e-07, -3.725290298461914e-08, 0.9992071986198425, 0.029621127992868423, -0.026601195335388184, -0.025152545422315598, 0.9876049160957336, 0.1549324244260788, 0.03086088038980961, -0.15414047241210938, 0.9875669479370117),
            ["HumanoidRootPart"] = CFrame.new(0, 0, 0, 1, 0, 0, 0, 1, 0, 0, 0, 1),
            ["LeftUpperLeg"] = CFrame.new(-5.960464477539063e-08, -9.131617844104767e-07, 1.1548399925231934e-07, 0.9983870983123779, 0.05151971057057381, -0.023851703852415085, -0.037171803414821625, 0.27564895153045654, -0.9605394005775452, -0.04291211813688278, 0.9598767757415771, 0.2771194279193878),
            ["LeftUpperArm"] = CFrame.new(-1.1920928955078125e-07, 0, 1.0803341865539551e-07, 0.8187540173530579, 0.35508766770362854, -0.45117029547691345, -0.5726633667945862, 0.4486563205718994, -0.6861226558685303, -0.0412132628262043, 0.8201342821121216, 0.5706847906112671),
            ["RightLowerArm"] = CFrame.new(2.980232238769531e-07, 0, 2.980232238769531e-07, 1, -1.6391278734317893e-07, 7.450581307466564e-08, 5.960464477539063e-08, 0.1276698261499405, -0.9918166995048523, 1.6391277313232422e-07, 0.9918167591094971, 0.1276698112487793),
            ["LeftHand"] = CFrame.new(-1.9371509552001953e-07, 4.172325134277344e-07, -2.086162567138672e-07, 0.9786937832832336, -0.205325186252594, -0.00046847015619277954, 0.20513679087162018, 0.9776926040649414, 0.045123569667339325, -0.008806978352367878, -0.04425830766558647, 0.9989813566207886),
            ["RightFoot"] = CFrame.new(9.313225746154785e-08, 2.384185791015625e-07, 4.639878170564771e-08, 0.9296159744262695, 0.030476249754428864, 0.36726805567741394, 0.1131710484623909, 0.9248136281967163, -0.36319679021835327, -0.3507230579853058, 0.3791978657245636, 0.8562723994255066),
            ["RightHand"] = CFrame.new(-6.854534149169922e-07, 1.1920928955078125e-07, 3.2782554626464844e-07, 0.9638727307319641, 0.2662244439125061, 0.008607552386820316, -0.266346275806427, 0.9629389643669128, 0.04252559319138527, 0.0030328785069286823, -0.04328189417719841, 0.9990583062171936),
            ["RightLowerLeg"] = CFrame.new(-1.2363307178020477e-07, -0.000003516674041748047, -0.000013336008123587817, 1, -4.6566128730773926e-08, -2.2351747119842003e-08, 9.30158279288662e-08, 0.8546763062477112, 0.5191609263420105, -4.652246587966147e-08, -0.5191612839698792, 0.8546765446662903),
            ["RightUpperLeg"] = CFrame.new(-5.960464477539063e-08, -5.380716174840927e-07, 5.75528247281909e-09, 0.8956435322761536, -0.03691491484642029, -0.44323843717575073, -0.018312815576791763, 0.9926440119743347, -0.1196761503815651, 0.4443955719470978, 0.1153041273355484, 0.8883789777755737),
            ["LeftLowerLeg"] = CFrame.new(1.210719347000122e-08, 0.000003874301910400391, 0.000013107433915138245, 1, 7.404014468193054e-08, 3.55066767099288e-08, -8.591451461370525e-08, 0.6258096694946289, 0.7799756526947021, 3.81842291119483e-08, -0.7799758315086365, 0.625809907913208),
        }},
        {Time = 0.133, Data = {
            ["LeftFoot"] = CFrame.new(5.587935447692871e-09, -5.960464477539063e-08, 4.470348358154297e-08, 0.9644320011138916, -0.2177584320306778, -0.14984048902988434, 0.26188012957572937, 0.7101258039474487, 0.6535594463348389, -0.035912588238716125, -0.6695541143417358, 0.7418947219848633),
            ["LeftLowerArm"] = CFrame.new(6.258487701416016e-07, -5.960464477539062e-07, -3.2782554626464844e-07, 1, -7.450581307466564e-08, 2.2351747119842003e-08, 6.70552182668871e-08, 0.4478510022163391, -0.8941082954406738, 8.195637946073475e-08, 0.8941082954406738, 0.4478510022163391),
            ["RightUpperArm"] = CFrame.new(-1.1920928955078125e-07, -3.5762786865234375e-07, 1.4901161193847656e-07, 0.7869745492935181, -0.25651293992996216, 0.5611348748207092, 0.6062973141670227, 0.15296608209609985, -0.7803877592086792, 0.11434490978717804, 0.954359769821167, 0.27590352296829224),
            ["Head"] = CFrame.new(-8.940696716308594e-08, -4.76837158203125e-07, 7.450580596923828e-08, 0.9024927020072937, 0.09480975568294525, 0.4201405644416809, 0.019446417689323425, 0.965506911277771, -0.2596505284309387, -0.4302659034729004, 0.2425028383731842, 0.8695191740989685),
            ["LowerTorso"] = CFrame.new(0.5485708117485046, -0.22916531562805176, 0.11956952512264252, 0.9698659777641296, -0.11031100153923035, 0.21723593771457672, 0.09477274864912033, 0.9922207593917847, 0.08072322607040405, -0.22445063292980194, -0.057702671736478806, 0.9727756381034851),
            ["UpperTorso"] = CFrame.new(5.587935447692871e-09, -3.8743019104003906e-07, -3.725290298461914e-08, 0.9973316192626953, 0.06410465389490128, 0.03493504226207733, -0.06950342655181885, 0.980156660079956, 0.18564018607139587, -0.02234141156077385, -0.1875729113817215, 0.9819965958595276),
            ["HumanoidRootPart"] = CFrame.new(0, 0, 0, 1, 0, 0, 0, 1, 0, 0, 0, 1),
            ["LeftUpperLeg"] = CFrame.new(5.960464477539063e-08, -2.1420419216156006e-07, -8.754432201385498e-08, 0.9889053702354431, 0.14565327763557434, -0.02917984500527382, -0.09057950973510742, 0.4355648458003998, -0.8955883979797363, -0.1177356168627739, 0.8882952332496643, 0.443925678730011),
            ["LeftUpperArm"] = CFrame.new(-1.1920928955078125e-07, 0, 5.9138983488082886e-08, 0.7474134564399719, 0.3435881435871124, -0.5686127543449402, -0.6555644273757935, 0.2426219880580902, -0.7151011824607849, -0.10774235427379608, 0.9072386026382446, 0.4065830707550049),
            ["RightLowerArm"] = CFrame.new(5.960464477539062e-07, -1.7881393432617188e-07, 2.086162567138672e-07, 1, -1.0430814256778831e-07, 2.9802318834981634e-08, 9.313227167240257e-08, 0.5164191722869873, -0.8563358783721924, 6.705523247774181e-08, 0.8563359975814819, 0.5164192318916321),
            ["LeftHand"] = CFrame.new(1.341104507446289e-07, 0, 2.682209014892578e-07, 0.9859013557434082, -0.16687323153018951, 0.012328507378697395, 0.16617368161678314, 0.9850782752037048, 0.04480186477303505, -0.019620848819613457, -0.04212154075503349, 0.9989198446273804),
            ["RightFoot"] = CFrame.new(1.4901161193847656e-08, 2.980232238769531e-07, -1.3205863069742918e-08, 0.9467076063156128, 0.1022471934556961, 0.30543479323387146, 0.04590948671102524, 0.8957592248916626, -0.442162424325943, -0.3188055753707886, 0.43262097239494324, 0.8433278799057007),
            ["RightHand"] = CFrame.new(1.4901161193847656e-07, -5.960464477539063e-08, -1.1920928955078125e-07, 0.97599858045578, 0.21761207282543182, -0.00846959836781025, -0.2171717882156372, 0.9754477739334106, 0.036579929292201996, 0.016221940517425537, -0.0338626429438591, 0.9992948770523071),
            ["RightLowerLeg"] = CFrame.new(1.1641532182693481e-07, -0.000003516674041748047, -0.000013362783647608012, 1, -1.2852251529693604e-07, -7.450580596923828e-09, 9.499490261077881e-08, 0.8124082088470459, 0.5830888748168945, -3.3527612686157227e-08, -0.5830890536308289, 0.8124083876609802),
            ["RightUpperLeg"] = CFrame.new(-2.682209014892578e-07, -1.4426768757402897e-07, -9.994982974603772e-08, 0.9013783931732178, -0.02744799666106701, -0.432161808013916, 0.029160216450691223, 0.9995712041854858, -0.0026653753593564034, 0.43204960227012634, -0.010199456475675106, 0.9017922282218933),
            ["LeftLowerLeg"] = CFrame.new(-2.3748725652694702e-08, 0.0000040531158447265625, 0.000013465061783790588, 1, 6.891787052154541e-08, 4.365575989595527e-08, -5.2619725465774536e-08, 0.7461677193641663, 0.6657578945159912, 2.3283064365386963e-09, -0.6657581329345703, 0.7461678981781006),
        }},
        {Time = 0.167, Data = {
            ["LeftFoot"] = CFrame.new(1.1175870895385742e-08, -5.960464477539063e-08, 7.82310962677002e-08, 0.9490367770195007, -0.11962518841028214, -0.2915806472301483, 0.23271417617797852, 0.8898922801017761, 0.3923465311527252, 0.21254077553749084, -0.44020628929138184, 0.8723788857460022),
            ["LeftLowerArm"] = CFrame.new(5.960464477539063e-08, -5.960464477539062e-07, -1.1920928955078125e-07, 1, -3.632158396271734e-08, -1.6298148608484553e-08, 7.450579886381092e-08, 0.770630419254303, -0.6372824907302856, 4.0978189730367376e-08, 0.6372824907302856, 0.7706303000450134),
            ["RightUpperArm"] = CFrame.new(-5.960464477539063e-08, -1.1920928955078125e-07, 2.9802322387695312e-08, 0.766721248626709, -0.12978434562683105, 0.6287245154380798, 0.6387916207313538, 0.0567445270717144, -0.7672845125198364, 0.06390483677387238, 0.9899172782897949, 0.12641234695911407),
            ["Head"] = CFrame.new(-2.2351741790771484e-08, 0, 1.2665987014770508e-07, 0.8944861888885498, 0.10011370480060577, 0.43574273586273193, 0.00968017429113388, 0.9700425267219543, -0.24274256825447083, -0.4469907879829407, 0.2213478684425354, 0.86672043800354),
            ["LowerTorso"] = CFrame.new(0.5675367116928101, -0.315981388092041, 0.07949453592300415, 0.9716710448265076, -0.1945611536502838, 0.13416951894760132, 0.193458691239357, 0.9808765649795532, 0.021333156153559685, -0.1357543170452118, 0.005227445159107447, 0.9907287955284119),
            ["UpperTorso"] = CFrame.new(6.146728992462158e-08, -5.960464477539063e-08, -1.862645149230957e-08, 0.9823518991470337, 0.13835692405700684, 0.12586547434329987, -0.16203151643276215, 0.9656516909599304, 0.2031322717666626, -0.09343744814395905, -0.21994145214557648, 0.9710279703140259),
            ["HumanoidRootPart"] = CFrame.new(0, 0, 0, 1, 0, 0, 0, 1, 0, 0, 0, 1),
            ["LeftUpperLeg"] = CFrame.new(-1.7881393432617188e-07, -2.0960578694939613e-07, -1.862645149230957e-08, 0.9536656737327576, 0.25579437613487244, -0.1584014743566513, -0.2505466639995575, 0.38369452953338623, -0.8888222575187683, -0.16657790541648865, 0.887326180934906, 0.4300045967102051),
            ["LeftUpperArm"] = CFrame.new(0, -1.1920928955078125e-07, -2.3283064365386963e-09, 0.6539995074272156, 0.2956237196922302, -0.6963413953781128, -0.7464317679405212, 0.10253002494573593, -0.6575161218643188, -0.12298139929771423, 0.9497864842414856, 0.28771740198135376),
            ["RightLowerArm"] = CFrame.new(7.152557373046875e-07, -1.1920928955078125e-07, 2.980232238769531e-07, 1, -6.705522537231445e-08, -2.2351745343485163e-08, 2.9802322387695312e-08, 0.798322856426239, -0.6022297143936157, 0, 0.6022297143936157, 0.7983229160308838),
            ["LeftHand"] = CFrame.new(-1.1175870895385742e-07, 1.1920928955078125e-07, -1.2665987014770508e-07, 0.9979780316352844, 0.003638982307165861, 0.06345589458942413, -0.001251544919796288, 0.9992912411689758, -0.03762270510196686, -0.06354775279760361, 0.03746724873781204, 0.9972752332687378),
            ["RightFoot"] = CFrame.new(2.086162567138672e-07, 4.172325134277344e-07, -2.8107024263590574e-08, 0.9732477068901062, 0.13310371339321136, 0.1872764378786087, -0.015601495280861855, 0.8515045642852783, -0.5241150259971619, -0.22922831773757935, 0.5071720480918884, 0.8308014869689941),
            ["RightHand"] = CFrame.new(1.7881393432617188e-07, -2.384185791015625e-07, 1.1920928955078125e-07, 0.9995409846305847, 0.023068487644195557, -0.01963953673839569, -0.02372625097632408, 0.9991421699523926, -0.03394143283367157, 0.018839703872799873, 0.0343918651342392, 0.9992308616638184),
            ["RightLowerLeg"] = CFrame.new(2.551823854446411e-07, -0.0000033974647521972656, -0.000013273376680444926, 1, -8.777718107921828e-08, -7.450580596923828e-09, 9.313227167240257e-08, 0.8314608931541443, 0.5555831789970398, -1.3969840395589017e-08, -0.5555834174156189, 0.8314610123634338),
            ["RightUpperLeg"] = CFrame.new(5.960464477539063e-08, -3.6179335438646376e-07, 6.686605047434568e-09, 0.9486109614372253, 0.08186136186122894, -0.3056730031967163, -0.0399114154279232, 0.9891970753669739, 0.14105378091335297, 0.3139179050922394, -0.12160544842481613, 0.941630482673645),
            ["LeftLowerLeg"] = CFrame.new(-2.9802322387695312e-08, 0.000004172325134277344, 0.000013250857591629028, 1, 5.960463766996327e-08, 8.009376273321323e-08, -9.499490261077881e-08, 0.5660819411277771, 0.8243488073348999, 1.862645149230957e-08, -0.8243489265441895, 0.5660821795463562),
        }},
        {Time = 0.200, Data = {
            ["LeftFoot"] = CFrame.new(1.30385160446167e-08, -2.384185791015625e-07, -5.448237061500549e-08, 0.9638137221336365, -0.1188724935054779, -0.23860523104667664, 0.12542179226875305, 0.9920260310173035, 0.012400361709296703, 0.23522858321666718, -0.04187783971428871, 0.9710375666618347),
            ["LeftLowerArm"] = CFrame.new(1.7881393432617188e-07, -2.384185791015625e-07, -2.682209014892578e-07, 1, -1.1175873559921001e-08, 7.450584149637507e-09, 3.725290653733282e-08, 0.9105609655380249, -0.4133749306201935, 5.401671643312511e-08, 0.4133749306201935, 0.9105609655380249),
            ["RightUpperArm"] = CFrame.new(-1.7881393432617188e-07, 0, -2.9802322387695312e-08, 0.7451240420341492, -0.059753190726041794, 0.664243757724762, 0.6667956113815308, 0.04705515876412392, -0.7437537908554077, 0.013185709714889526, 0.9971035718917847, 0.07490511238574982),
            ["Head"] = CFrame.new(-1.4901161193847656e-07, 2.384185791015625e-07, 5.21540641784668e-08, 0.8919208645820618, 0.09860558062791824, 0.4413095712661743, 0.008172653615474701, 0.9722604155540466, -0.2337581068277359, -0.4521176815032959, 0.2121003121137619, 0.8663735389709473),
            ["LowerTorso"] = CFrame.new(0.5682401657104492, -0.34158825874328613, 0.07090432941913605, 0.9724769592285156, -0.20196187496185303, 0.11618936061859131, 0.20186279714107513, 0.9793308973312378, 0.012742969207465649, -0.11636141687631607, 0.011062059551477432, 0.9931454062461853),
            ["UpperTorso"] = CFrame.new(-6.51925802230835e-08, -2.086162567138672e-07, -9.313225746154785e-09, 0.9794785976409912, 0.14078620076179504, 0.1442258059978485, -0.1681639403104782, 0.965305745601654, 0.19976449012756348, -0.11109787970781326, -0.21991857886314392, 0.969171404838562),
            ["HumanoidRootPart"] = CFrame.new(0, 0, 0, 1, 0, 0, 0, 1, 0, 0, 0, 1),
            ["LeftUpperLeg"] = CFrame.new(-2.980232238769531e-07, -2.1024607121944427e-07, -6.05359673500061e-08, 0.9495252966880798, 0.2462366223335266, -0.19434337317943573, -0.2843415439128876, 0.41395801305770874, -0.8647475838661194, -0.13248246908187866, 0.8763596415519714, 0.4630790054798126),
            ["LeftUpperArm"] = CFrame.new(-1.1920928955078125e-07, 2.384185791015625e-07, 5.3085386753082275e-08, 0.5714372992515564, 0.2613122761249542, -0.7779301404953003, -0.8129923939704895, 0.0511004775762558, -0.5800277590751648, -0.1118156686425209, 0.9639008045196533, 0.24164555966854095),
            ["RightLowerArm"] = CFrame.new(5.960464477539062e-07, -1.7881393432617188e-07, 8.940696716308594e-08, 1, -5.960465188081798e-08, -1.4901161193847656e-08, 5.2154071283894154e-08, 0.9045330882072449, -0.4264035224914551, -7.450581485102248e-09, 0.42640355229377747, 0.9045330286026001),
            ["LeftHand"] = CFrame.new(3.725290298461914e-07, -5.960464477539063e-08, 1.341104507446289e-07, 0.9992433786392212, 0.036670487374067307, -0.01296402420848608, -0.037956468760967255, 0.9921442270278931, -0.11920236051082611, 0.008490851148962975, 0.11960425972938538, 0.9927853941917419),
            ["RightFoot"] = CFrame.new(-1.6205012798309326e-07, 2.980232238769531e-07, 1.6596459317952394e-08, 0.9909258484840393, 0.10518920421600342, 0.08367305248975754, -0.038226667791604996, 0.8173697590827942, -0.5748433470726013, -0.12885919213294983, 0.566429078578949, 0.8139742612838745),
            ["RightHand"] = CFrame.new(1.1920928955078125e-07, 0, -5.960464477539063e-08, 0.9996969699859619, -0.019015824422240257, 0.015632979571819305, 0.019449522718787193, 0.9994166493415833, -0.028075003996491432, -0.015090053901076317, 0.02837057039141655, 0.999483585357666),
            ["RightLowerLeg"] = CFrame.new(1.6298145055770874e-07, -0.000003635883331298828, -0.0000133199428091757, 1, -1.0244548320770264e-07, -2.2351747119842003e-08, 9.313227167240257e-08, 0.8166276812553406, 0.5771642327308655, -3.539026138810186e-08, -0.5771648287773132, 0.8166280388832092),
            ["RightUpperLeg"] = CFrame.new(-4.470348358154297e-07, -3.7523568607866764e-07, -3.056629793718457e-08, 0.9746193885803223, 0.11812928318977356, -0.1901647448539734, -0.09287101030349731, 0.9862526059150696, 0.13667742908000946, 0.20369595289230347, -0.11554785817861557, 0.9721916913986206),
            ["LeftLowerLeg"] = CFrame.new(1.4901161193847656e-08, 0.0000040531158447265625, 0.000013316050171852112, 1, 4.615868220980701e-08, 4.458707891785707e-08, -7.82310962677002e-08, 0.4849085509777069, 0.8745648860931396, 5.587935447692871e-08, -0.8745649456977844, 0.4849086403846741),
        }},
        {Time = 0.233, Data = {
            ["LeftFoot"] = CFrame.new(1.862645149230957e-09, 0, -4.842877388000488e-08, 0.9713205695152283, -0.05851922929286957, -0.23046022653579712, 0.08884796500205994, 0.9883590936660767, 0.1235002800822258, 0.22055046260356903, -0.14043442904949188, 0.965212881565094),
            ["LeftLowerArm"] = CFrame.new(6.258487701416016e-07, -3.5762786865234375e-07, -2.9802322387695312e-08, 1, -2.607702853651972e-08, 1.6996638763089322e-08, 7.4505797087454084e-09, 0.9318414926528931, -0.36286547780036926, 4.1443851017675115e-08, 0.36286550760269165, 0.9318416118621826),
            ["RightUpperArm"] = CFrame.new(-1.1920928955078125e-07, 0, 8.940696716308594e-08, 0.7381200790405273, -0.07322560250759125, 0.6706838607788086, 0.6737896203994751, 0.13075606524944305, -0.7272622585296631, -0.034441664814949036, 0.9887067079544067, 0.14585237205028534),
            ["Head"] = CFrame.new(-5.960464477539063e-08, -3.5762786865234375e-07, 0, 0.8982385396957397, 0.0913538858294487, 0.42990952730178833, 0.014202328398823738, 0.9716158509254456, -0.23613792657852173, -0.4392789602279663, 0.21821384131908417, 0.8714451789855957),
            ["LowerTorso"] = CFrame.new(0.5480427145957947, -0.27902650833129883, 0.09144763648509979, 0.9742593169212341, -0.10241212695837021, 0.2008247673511505, 0.09370702505111694, 0.9942193627357483, 0.052409827709198, -0.20503126084804535, -0.0322420671582222, 0.9782242774963379),
            ["UpperTorso"] = CFrame.new(1.1734664440155029e-07, 5.960464477539063e-08, 2.9802322387695312e-08, 0.997189998626709, 0.0502183772623539, 0.05559118837118149, -0.0599721223115921, 0.9798248410224915, 0.19064828753471375, -0.04489555209875107, -0.19344647228717804, 0.980083167552948),
            ["HumanoidRootPart"] = CFrame.new(0, 0, 0, 1, 0, 0, 0, 1, 0, 0, 0, 1),
            ["LeftUpperLeg"] = CFrame.new(-1.1920928955078125e-07, 5.8673322200775146e-08, 1.5832483768463135e-08, 0.987801730632782, 0.11176817864179611, -0.10842341929674149, -0.15308256447315216, 0.5694814920425415, -0.8076239228248596, -0.02852156013250351, 0.8143700361251831, 0.5796446800231934),
            ["LeftUpperArm"] = CFrame.new(0, -1.1920928955078125e-07, 4.6566128730773926e-08, 0.5219873189926147, 0.2703198194503784, -0.8089847564697266, -0.8509016633033752, 0.09928742051124573, -0.5158570408821106, -0.05912423133850098, 0.957637369632721, 0.28184226155281067),
            ["RightLowerArm"] = CFrame.new(4.76837158203125e-07, -2.384185791015625e-07, 1.1920928955078125e-07, 1, -7.264316082000732e-08, 0, 4.4703494239684005e-08, 0.8957678079605103, -0.44452229142189026, 1.1175873559921001e-08, 0.44452229142189026, 0.8957678079605103),
            ["LeftHand"] = CFrame.new(-1.564621925354004e-07, -5.960464477539063e-08, -1.7881393432617188e-07, 0.9919636845588684, 0.12636126577854156, -0.006410025991499424, -0.12646354734897614, 0.9886562824249268, -0.08102969080209732, -0.0039016595110297203, 0.08118914067745209, 0.996691107749939),
            ["RightFoot"] = CFrame.new(2.0675361156463623e-07, 4.76837158203125e-07, -6.908521754667163e-08, 0.9950277209281921, 0.0958479568362236, -0.027073973789811134, -0.09619487076997757, 0.8543833494186401, -0.5106615424156189, -0.02581416815519333, 0.5107271671295166, 0.8593555092811584),
            ["RightHand"] = CFrame.new(3.5762786865234375e-07, 0, 0, 0.9995204210281372, 0.0008665687637403607, 0.030953988432884216, 0.00020867399871349335, 0.9993972778320312, -0.03471645712852478, -0.030965425074100494, 0.03470619395375252, 0.9989177584648132),
            ["RightLowerLeg"] = CFrame.new(1.4284159988164902e-07, -0.0000035762786865234375, -0.000013342294550966471, 1, -9.126959810146218e-08, -3.539027559895658e-08, 8.638016169015827e-08, 0.7678427696228027, 0.6406377553939819, -3.725289943190546e-08, -0.6406383514404297, 0.7678433656692505),
            ["RightUpperLeg"] = CFrame.new(1.7881393432617188e-07, -4.35742549598217e-07, 5.790934665128589e-08, 0.9837982654571533, 0.035930853337049484, -0.1756422519683838, -0.030140602961182594, 0.9989142417907715, 0.035524312406778336, 0.1767278015613556, -0.02965463511645794, 0.9838129281997681),
            ["LeftLowerLeg"] = CFrame.new(-7.450580596923828e-09, 0.000003933906555175781, 0.000013355165719985962, 1, 5.401669511684304e-08, 4.74974690689578e-08, -5.587936158235607e-08, 0.735023021697998, 0.6780418753623962, 3.3527616238870905e-08, -0.6780421137809753, 0.7350233197212219),
        }},
        {Time = 0.267, Data = {
            ["LeftFoot"] = CFrame.new(-1.5599653124809265e-08, -5.960464477539063e-08, 1.4901161193847656e-08, 0.9690249562263489, -0.02827743999660015, -0.2453390657901764, 0.0811702162027359, 0.9746999144554138, 0.20825882256031036, 0.2332429140806198, -0.22172212600708008, 0.9468036890029907),
            ["LeftLowerArm"] = CFrame.new(6.258487701416016e-07, -5.960464477539062e-07, -2.980232238769531e-07, 1, -3.725290298461914e-08, 3.3527619791584584e-08, 5.215405707303944e-08, 0.8428959250450134, -0.5380765795707703, 3.352760913344355e-08, 0.5380766987800598, 0.8428959250450134),
            ["RightUpperArm"] = CFrame.new(-5.960464477539063e-08, 2.384185791015625e-07, 5.960464477539063e-08, 0.768220841884613, -0.15489937365055084, 0.6211625337600708, 0.6367731690406799, 0.2849286198616028, -0.7164746522903442, -0.06600553542375565, 0.9459502696990967, 0.3175238072872162),
            ["Head"] = CFrame.new(-3.725290298461914e-08, 0, 2.9802322387695312e-08, 0.9103077054023743, 0.07423929870128632, 0.40722039341926575, 0.029368292540311813, 0.9697223901748657, -0.24243800342082977, -0.4128890931606293, 0.2326524704694748, 0.8805654644966125),
            ["LowerTorso"] = CFrame.new(0.5353989601135254, -0.18784523010253906, 0.07903257012367249, 0.9613747596740723, -0.05329544469714165, 0.2700338661670685, 0.0528818815946579, 0.9985619783401489, 0.008811845444142818, -0.2701151371002197, 0.005808412097394466, 0.9628105759620667),
            ["UpperTorso"] = CFrame.new(5.029141902923584e-08, -2.980232238769531e-07, -1.862645149230957e-08, 0.999643087387085, 0.017903845757246017, 0.01982841268181801, -0.022412050515413284, 0.9659687876701355, 0.25768595933914185, -0.014540097676217556, -0.25803837180137634, 0.9660252332687378),
            ["HumanoidRootPart"] = CFrame.new(0, 0, 0, 1, 0, 0, 0, 1, 0, 0, 0, 1),
            ["LeftUpperLeg"] = CFrame.new(-1.1920928955078125e-07, -8.300412446260452e-08, -1.862645149230957e-08, 0.9987976551055908, 0.048594336956739426, -0.006480741314589977, -0.04159074276685715, 0.7699259519577026, -0.6367765665054321, -0.025954168289899826, 0.6362802386283875, 0.7710211873054504),
            ["LeftUpperArm"] = CFrame.new(-1.1920928955078125e-07, 3.5762786865234375e-07, -1.862645149230957e-08, 0.5365352034568787, 0.3325933516025543, -0.7755718231201172, -0.8437917232513428, 0.22457338869571686, -0.4874242842197418, 0.012058747932314873, 0.9159413576126099, 0.4011309742927551),
            ["RightLowerArm"] = CFrame.new(1.1920928955078125e-07, -1.1920928955078125e-07, -8.940696716308594e-08, 1, -2.5494959032812403e-08, 1.0430814256778831e-07, 9.313227877782992e-08, 0.7491426467895508, -0.6624085903167725, 7.4505820180093e-08, 0.662408709526062, 0.7491427659988403),
            ["LeftHand"] = CFrame.new(-6.109476089477539e-07, -5.960464477539063e-08, 2.086162567138672e-07, 0.9953108429908752, 0.09600681811571121, 0.011797282844781876, -0.09459114819765091, 0.9915469288825989, -0.08881031721830368, -0.020223867148160934, 0.08727800101041794, 0.9959787726402283),
            ["RightFoot"] = CFrame.new(-6.891787052154541e-08, 4.172325134277344e-07, -1.3205863069742918e-08, 0.9867752194404602, 0.1371995061635971, -0.08632030338048935, -0.15570946037769318, 0.950312077999115, -0.2695579528808594, 0.04504777863621712, 0.2794341444969177, 0.9591075778007507),
