return {
    ["Old Town"] = {
        {Time = 0.000, Data = {
            ["LeftFoot"] = CFrame.new(-7.82310962677002e-08, -5.960464477539063e-08, -2.421438694000244e-08, 0.9374369382858276, -0.34574827551841736, 0.04087187722325325, 0.34627851843833923, 0.9137641191482544, -0.2124289870262146, 0.03609947860240936, 0.21329210698604584, 0.9763213992118835),
            ["LeftLowerArm"] = CFrame.new(3.8743019104003906e-07, -1.1920928955078125e-07, 0, 1, -2.868473814032768e-07, -3.380700945854187e-07, 5.06639594277658e-07, -0.2675510346889496, -0.9635437726974487, 1.3411047916633834e-07, 0.963543713092804, -0.26755088567733765),
            ["LowerTorso"] = CFrame.new(-0.08289110660552979, -0.21332168579101562, 0.5870631337165833, 0.9951649904251099, 0.018870597705245018, 0.09638786315917969, -0.014575635083019733, 0.9988774657249451, -0.04507038742303848, -0.0971301794052124, 0.043448083102703094, 0.9943228960037231),
            ["Head"] = CFrame.new(2.3283064365386963e-10, -3.5762786865234375e-07, -4.190951585769653e-08, 0.993284285068512, 0.11503048986196518, -0.012429331429302692, -0.11569814383983612, 0.9881278276443481, -0.10108080506324768, 0.0006543733761645854, 0.1018405556678772, 0.9948006272315979),
            ["RightUpperArm"] = CFrame.new(-1.1920928955078125e-07, -0.065238356590271, -3.818422555923462e-08, 0.247249037027359, -0.9485055804252625, -0.198001891374588, 0.3299964368343353, 0.27455922961235046, -0.9031722545623779, 0.9110271334648132, 0.15796947479248047, 0.38088759779930115),
            ["UpperTorso"] = CFrame.new(-0.0059001147747039795, 0.08489793539047241, -0.01841083914041519, 0.9993483424186707, -0.028805701062083244, -0.021750835701823235, 0.03529387712478638, 0.9060928225517273, 0.42160362005233765, 0.0075636496767401695, -0.4220973253250122, 0.9065194129943848),
            ["HumanoidRootPart"] = CFrame.new(0, 0, 0, 1, 0, 0, 0, 1, 0, 0, 0, 1),
            ["RightHand"] = CFrame.new(-1.043081283569336e-07, 0, 2.7567148208618164e-07, 0.6342517137527466, -0.4920806884765625, 0.5963068008422852, 0.6065593361854553, 0.7949641346931458, 0.010858778841793537, -0.4793857932090759, 0.3548080027103424, 0.8026832342147827),
            ["LeftUpperArm"] = CFrame.new(1.1920928955078125e-07, -0.06523823738098145, 1.9371509552001953e-07, 0.22877521812915802, 0.8932088017463684, 0.38709139823913574, -0.26602640748023987, 0.43986478447914124, -0.8577582836151123, -0.9364250302314758, 0.0932585820555687, 0.3382472097873688),
            ["RightLowerArm"] = CFrame.new(5.364418029785156e-07, -2.384185791015625e-07, 3.5762786865234375e-07, 1, 2.5890778942994075e-07, 4.023313522338867e-07, -3.948806863718346e-07, -0.23309539258480072, -0.9724539518356323, 4.284082706362824e-07, 0.9724538922309875, -0.23309540748596191),
            ["LeftHand"] = CFrame.new(-2.9802322387695312e-08, 1.1920928955078125e-07, -4.959292709827423e-08, 0.6582764983177185, 0.6079238653182983, -0.4439603388309479, -0.7016240358352661, 0.7091760039329529, -0.06923498958349228, 0.2727559208869934, 0.3570687472820282, 0.8933677077293396),
            ["RightUpperLeg"] = CFrame.new(-0.000025510787963867188, -0.00012583378702402115, -0.00499751977622509, 0.8843100666999817, -0.4449884295463562, -0.14135634899139404, 0.3229406177997589, 0.801598310470581, -0.5031395554542542, 0.33720195293426514, 0.39928120374679565, 0.8525660634040833),
            ["LeftUpperLeg"] = CFrame.new(0.000025600194931030273, 0.0001256195828318596, 0.004997462034225464, 0.9488750100135803, 0.1415601670742035, -0.2821293771266937, -0.26316601037979126, 0.8483246564865112, -0.4594448506832123, 0.17429858446121216, 0.5102018713951111, 0.8422074317932129),
            ["RightLowerLeg"] = CFrame.new(-2.1979212760925293e-07, 5.960464477539063e-08, -3.9282895158976316e-08, 1, -5.960462345910855e-08, -3.725290298461914e-08, 7.4505820180093e-08, 0.6855897903442383, 0.7279882431030273, -2.2351747119842003e-08, -0.7279881834983826, 0.685589611530304),
            ["RightFoot"] = CFrame.new(3.725290298461914e-08, 4.172325134277344e-07, 1.0972871677950025e-07, 0.8989378809928894, 0.29981061816215515, 0.3194133937358856, -0.27789393067359924, 0.9539092779159546, -0.1132768839597702, -0.33865290880203247, 0.01306671742349863, 0.9408206343650818),
            ["LeftLowerLeg"] = CFrame.new(7.171183824539185e-08, 0, -1.043081283569336e-07, 1, 7.823106074056341e-08, 2.4214381610931923e-08, -7.4505797087454084e-09, 0.6304932832717896, 0.776195228099823, -2.9802318834981634e-08, -0.7761948108673096, 0.6304926872253418),
        }},
        {Time = 0.033, Data = {
            ["LeftFoot"] = CFrame.new(4.284083843231201e-08, 1.1920928955078125e-07, -2.2351741790771484e-08, 0.924062192440033, -0.3790082037448883, 0.04961526766419411, 0.3808099031448364, 0.9015858173370361, -0.20524907112121582, 0.03305854648351669, 0.2085569053888321, 0.9774513840675354),
            ["LeftLowerArm"] = CFrame.new(-8.940696716308594e-08, -1.1920928955078125e-07, -2.980232238769531e-07, 1, -1.1175868230850483e-08, 0, 1.1175870895385742e-07, -0.3772464692592621, -0.9261128902435303, 2.5331974029541016e-07, 0.9261128902435303, -0.3772466480731964),
            ["LowerTorso"] = CFrame.new(-0.04234329238533974, -0.23643732070922852, 0.43429017066955566, 0.9992509484291077, -0.014826053753495216, 0.03574473038315773, 0.01682555302977562, 0.9982719421386719, -0.05630321055650711, -0.034848228096961975, 0.05686245486140251, 0.9977736473083496),
            ["Head"] = CFrame.new(7.683411240577698e-09, 3.5762786865234375e-07, 2.6746420189738274e-08, 0.9900558590888977, 0.14044299721717834, -0.008078721351921558, -0.14046967029571533, 0.9838749766349792, -0.11071739345788956, -0.007601020857691765, 0.11075131595134735, 0.9938191771507263),
            ["RightUpperArm"] = CFrame.new(0, -0.06523764133453369, -1.0686926543712616e-07, 0.4024537205696106, -0.8824899196624756, -0.24339674413204193, 0.46584221720695496, 0.42630672454833984, -0.7754056453704834, 0.7880495190620422, 0.19868096709251404, 0.5826697945594788),
            ["UpperTorso"] = CFrame.new(-0.005900167860090733, 0.08489802479743958, -0.01841081865131855, 0.9995394945144653, -0.010674132034182549, -0.028406383469700813, 0.02235017716884613, 0.8921417593955994, 0.4512024521827698, 0.020526360720396042, -0.4516295790672302, 0.8919694423675537),
            ["HumanoidRootPart"] = CFrame.new(0, 0, 0, 1, 0, 0, 0, 1, 0, 0, 0, 1),
            ["RightHand"] = CFrame.new(-3.129243850708008e-07, 3.5762786865234375e-07, 1.7881393432617188e-07, 0.8228784799575806, -0.38906383514404297, 0.4141257405281067, 0.4365580379962921, 0.8993949890136719, -0.02248651720583439, -0.3637142479419708, 0.19929370284080505, 0.9099419116973877),
            ["LeftUpperArm"] = CFrame.new(-1.1920928955078125e-07, -0.06523740291595459, 6.426125764846802e-08, 0.27406027913093567, 0.8650047779083252, 0.4203067421913147, -0.3864024877548218, 0.4992530047893524, -0.7755252718925476, -0.8806725740432739, 0.05013332888484001, 0.47106558084487915),
            ["RightLowerArm"] = CFrame.new(5.960464477539063e-08, 1.7881393432617188e-07, 1.1920928955078125e-07, 1, 1.7136335372924805e-07, 3.874302478834579e-07, -2.6449555434737704e-07, -0.426423043012619, -0.9045238494873047, 3.129242998056725e-07, 0.9045238494873047, -0.42642319202423096),
            ["LeftHand"] = CFrame.new(4.023313522338867e-07, 1.1920928955078125e-07, 5.774199962615967e-08, 0.8732663989067078, 0.4706924557685852, -0.12591370940208435, -0.4854404628276825, 0.8626909852027893, -0.14181683957576752, 0.041872479021549225, 0.18496771156787872, 0.9818522930145264),
            ["RightUpperLeg"] = CFrame.new(-0.000025480985641479492, -0.0001256270334124565, -0.004997525364160538, 0.9101727604866028, -0.39685916900634766, -0.11869397014379501, 0.27503299713134766, 0.7932471036911011, -0.5432455539703369, 0.30974575877189636, 0.4618028700351715, 0.8311414122581482),
            ["LeftUpperLeg"] = CFrame.new(0.0000254213809967041, 0.0001255301758646965, 0.004997476935386658, 0.927332878112793, 0.22656455636024475, -0.2978626787662506, -0.34874922037124634, 0.8118817210197449, -0.46821144223213196, 0.1357494294643402, 0.5380674004554749, 0.8318989872932434),
            ["RightLowerLeg"] = CFrame.new(6.984919309616089e-09, -2.980232238769531e-07, 1.246298779733479e-07, 1, -2.9802318834981634e-08, 5.21540641784668e-08, 7.4505820180093e-08, 0.6816506385803223, 0.7316777110099792, -1.1920931797249068e-07, -0.7316778898239136, 0.6816508173942566),
            ["RightFoot"] = CFrame.new(-1.1175870895385742e-08, 2.980232238769531e-07, -9.480572771281004e-09, 0.8885884284973145, 0.2558633089065552, 0.38071590662002563, -0.24659189581871033, 0.9663003087043762, -0.07386645674705505, -0.38678547739982605, -0.028244374319911003, 0.9217371344566345),
            ["LeftLowerLeg"] = CFrame.new(-1.2083910405635834e-07, 1.7881393432617188e-07, -3.5390257835388184e-08, 1, 2.9802318834981634e-08, 2.607702853651972e-08, -6.332992796842518e-08, 0.5783610939979553, 0.815780758857727, 6.70552182668871e-08, -0.8157808184623718, 0.5783612132072449),
        }},
        {Time = 0.067, Data = {
            ["LeftFoot"] = CFrame.new(5.960464477539063e-08, 5.960464477539063e-08, 7.450580596923828e-09, 0.9008899927139282, -0.43022504448890686, 0.057480067014694214, 0.4303155243396759, 0.9026061296463013, 0.011424007825553417, -0.05679674446582794, 0.01444295421242714, 0.9982813000679016),
            ["LeftLowerArm"] = CFrame.new(-2.980232238769531e-07, 3.5762786865234375e-07, -1.1920928955078125e-07, 1, -1.871957522325829e-07, 1.2665991278026922e-07, 2.2351736461700966e-08, -0.48221486806869507, -0.8760530352592468, 1.1920926112907182e-07, 0.8760530352592468, -0.48221495747566223),
            ["LowerTorso"] = CFrame.new(-0.001795440912246704, -0.2595531940460205, 0.523592472076416, 0.9983311295509338, -0.05255436897277832, -0.023937659338116646, 0.050814300775527954, 0.9963719844818115, -0.06826956570148468, 0.027438698336482048, 0.06693942099809647, 0.997379720211029),
            ["Head"] = CFrame.new(0, -1.1920928955078125e-07, -1.3969838619232178e-07, 0.9856826066970825, 0.16854187846183777, -0.0048406049609184265, -0.16788652539253235, 0.9783821702003479, -0.12075769156217575, -0.015616744756698608, 0.11984153836965561, 0.9926702380180359),
            ["RightUpperArm"] = CFrame.new(0, -0.06523799896240234, 9.685754776000977e-08, 0.5673545002937317, -0.7813087701797485, -0.26012492179870605, 0.53404301404953, 0.5895553231239319, -0.6059892177581787, 0.6268229484558105, 0.2048928439617157, 0.7517394423484802),
            ["UpperTorso"] = CFrame.new(-0.005900136195123196, 0.08489841222763062, -0.018410740420222282, 0.9993939399719238, 0.008584401570260525, -0.033735353499650955, 0.00868957955390215, 0.8769145607948303, 0.48056766390800476, 0.0337083525955677, -0.48056960105895996, 0.8763085007667542),
            ["HumanoidRootPart"] = CFrame.new(0, 0, 0, 1, 0, 0, 0, 1, 0, 0, 0, 1),
            ["RightHand"] = CFrame.new(6.705522537231445e-08, 0, 1.4901161193847656e-07, 0.9497174620628357, -0.23643755912780762, 0.20526599884033203, 0.2435903549194336, 0.96982741355896, -0.009930775500833988, -0.19672444462776184, 0.059432536363601685, 0.9786559343338013),
            ["LeftUpperArm"] = CFrame.new(0, -0.0652381181716919, 3.725290298461914e-08, 0.3111989498138428, 0.8349713087081909, 0.4538479745388031, -0.49417954683303833, 0.5500949025154114, -0.6731882691383362, -0.811752438545227, -0.014786796644330025, 0.5838146805763245),
            ["RightLowerArm"] = CFrame.new(5.960464477539063e-08, 5.960464477539063e-08, 0, 1, 5.215405707303944e-08, 2.9802325229866256e-07, -1.5273688802608376e-07, -0.6034234166145325, -0.7974210381507874, 4.470347647611561e-08, 0.7974209785461426, -0.6034233570098877),
            ["LeftHand"] = CFrame.new(-1.9371509552001953e-07, -2.384185791015625e-07, -2.9802322387695312e-08, 0.9436209201812744, 0.24168002605438232, 0.22620777785778046, -0.21954520046710968, 0.96834796667099, -0.11875344812870026, -0.24774891138076782, 0.062395744025707245, 0.9668132066726685),
            ["RightUpperLeg"] = CFrame.new(-0.000025480985641479492, -0.00012514367699623108, -0.0049974387511610985, 0.9436682462692261, -0.3076150417327881, -0.12191552668809891, 0.17497868835926056, 0.7766267657279968, -0.6051723957061768, 0.2808428704738617, 0.5497490167617798, 0.7867040038108826),
            ["LeftUpperLeg"] = CFrame.new(0.00002536177635192871, 0.00012587383389472961, 0.004997530020773411, 0.8857454657554626, 0.29297611117362976, -0.3600282073020935, -0.451757550239563, 0.7222957611083984, -0.523645281791687, 0.1066313087940216, 0.6264615058898926, 0.7721239924430847),
            ["RightLowerLeg"] = CFrame.new(-5.774199962615967e-08, 5.960464477539063e-08, -2.438173396512866e-08, 1, -1.1362133989223366e-07, 3.725291186640334e-09, 7.4505820180093e-08, 0.8120352625846863, 0.5836079716682434, -2.2351747119842003e-08, -0.5836083889007568, 0.8120356202125549),
            ["RightFoot"] = CFrame.new(-5.390029400587082e-08, 2.980232238769531e-07, 1.2405507732182741e-08, 0.8870550394058228, 0.16616825759410858, 0.43072256445884705, -0.269675076007843, 0.9437596797943115, 0.1912931650876999, -0.3747117221355438, -0.2858422100543976, 0.8819780349731445),
            ["LeftLowerLeg"] = CFrame.new(-9.778887033462524e-09, 0, -3.725290298461914e-08, 1, 1.2945383787155151e-07, 6.51925802230835e-08, -8.940698137394065e-08, 0.6288226246833801, 0.7775487899780273, 3.725290653733282e-08, -0.7775488495826721, 0.6288226246833801),
        }},
        {Time = 0.100, Data = {
            ["LeftFoot"] = CFrame.new(-7.35744833946228e-08, -5.960464477539063e-08, -2.2497260943055153e-08, 0.8774365186691284, -0.4747980833053589, 0.06835194677114487, 0.4719996452331543, 0.8799718022346497, 0.05353590101003647, -0.0855664610862732, -0.014712290838360786, 0.9962239265441895),
            ["LeftLowerArm"] = CFrame.new(1.7881393432617188e-07, -1.1920928955078125e-07, 2.3096799850463867e-07, 1, -2.1606689415420988e-07, 5.960468030252741e-08, 2.458691312767769e-07, -0.5803391933441162, -0.8143748044967651, 2.0861622829215776e-07, 0.8143749237060547, -0.5803393721580505),
            ["LowerTorso"] = CFrame.new(0.03875240683555603, -0.2826688289642334, 0.41556084156036377, 0.9916784763336182, -0.09785378724336624, -0.08365681022405624, 0.09124859422445297, 0.9926544427871704, -0.07944151759147644, 0.0908159539103508, 0.07114680856466293, 0.993323028087616),
            ["Head"] = CFrame.new(-2.60770320892334e-08, 0, -1.150183379650116e-07, 0.9794828295707703, 0.20150810480117798, 0.002811417216435075, -0.1997072696685791, 0.9724116921424866, -0.12055136263370514, -0.027025997638702393, 0.11751685291528702, 0.9927031397819519),
            ["RightUpperArm"] = CFrame.new(0, -0.06523787975311279, 8.032657206058502e-08, 0.7237228751182556, -0.6458112001419067, -0.243213951587677, 0.5223402380943298, 0.7429704666137695, -0.4185159206390381, 0.4509833753108978, 0.17584927380084991, 0.8750379681587219),
            ["UpperTorso"] = CFrame.new(-0.005900204181671143, 0.08489787578582764, -0.018410857766866684, 0.9989072680473328, 0.03176220506429672, -0.034286364912986755, -0.009933174587786198, 0.8611095547676086, 0.5083224177360535, 0.0456697903573513, -0.5074265003204346, 0.8604841232299805),
            ["HumanoidRootPart"] = CFrame.new(0, 0, 0, 1, 0, 0, 0, 1, 0, 0, 0, 1),
            ["RightHand"] = CFrame.new(3.501772880554199e-07, 0, 4.470348358154297e-08, 0.9986082911491394, -0.05256760120391846, -0.004278421401977539, 0.05270971357822418, 0.9975380897521973, 0.046254321932792664, 0.0018365085124969482, -0.04641558602452278, 0.9989205598831177),
            ["LeftUpperArm"] = CFrame.new(0, -0.06523787975311279, 1.6391277313232422e-07, 0.3378296196460724, 0.8043069243431091, 0.4888365864753723, -0.5861876010894775, 0.5861437916755676, -0.5593029260635376, -0.7363799214363098, -0.09760076552629471, 0.669491708278656),
            ["RightLowerArm"] = CFrame.new(5.960464477539063e-08, -5.960464477539063e-08, -1.601874828338623e-07, 1, -8.940695295223122e-08, 2.682209014892578e-07, 6.705524668859653e-08, -0.7529866099357605, -0.6580358743667603, 1.0151419616022395e-07, 0.6580358147621155, -0.7529866099357605),
            ["LeftHand"] = CFrame.new(-1.4901161193847656e-07, 0, -5.960464477539063e-08, 0.8516138792037964, -0.021632762625813484, 0.5237226486206055, 0.029032230377197266, 0.9995610117912292, -0.0059205531142652035, -0.5233651399612427, 0.02024710364639759, 0.8518682718276978),
            ["RightUpperLeg"] = CFrame.new(-0.000025540590286254883, -0.00012560933828353882, -0.004997612908482552, 0.9643731117248535, -0.23066140711307526, -0.12953782081604004, 0.10803451389074326, 0.7903525233268738, -0.6030516028404236, 0.24148114025592804, 0.5675722360610962, 0.7871142625808716),
            ["LeftUpperLeg"] = CFrame.new(0.000025451183319091797, 0.00012556277215480804, 0.004997409880161285, 0.8326058387756348, 0.3749425709247589, -0.40765896439552307, -0.5471384525299072, 0.6711605787277222, -0.5001827478408813, 0.08606462925672531, 0.6395010948181152, 0.7639577984809875),
            ["RightLowerLeg"] = CFrame.new(8.568167686462402e-08, -1.1920928955078125e-07, -1.2123928172513843e-07, 1, -7.078050856534901e-08, -5.587935447692871e-08, 2.980232594040899e-08, 0.8632198572158813, 0.5048280954360962, -8.195639367158947e-08, -0.5048282742500305, 0.8632199764251709),
            ["RightFoot"] = CFrame.new(1.1175870895385742e-07, 4.172325134277344e-07, 9.145878721028566e-09, 0.8699161410331726, 0.11773623526096344, 0.4789409041404724, -0.2768230438232422, 0.9202568531036377, 0.27657991647720337, -0.40818503499031067, -0.3731830418109894, 0.8331381678581238),
            ["LeftLowerLeg"] = CFrame.new(6.891787052154541e-08, -5.960464477539063e-08, 5.960464477539063e-08, 1, 4.377216455964117e-08, -4.0978193283081055e-08, 2.2351747119842003e-08, 0.6090980172157288, 0.7930948734283447, 2.980232949312267e-08, -0.7930949330329895, 0.6090981960296631),
        }},
        {Time = 0.133, Data = {
            ["LeftFoot"] = CFrame.new(-1.8347054719924927e-07, -5.960464477539063e-08, 5.587935447692871e-09, 0.8840250968933105, -0.46477583050727844, 0.04983080178499222, 0.4637534022331238, 0.8854174017906189, 0.03112405352294445, -0.05858677625656128, -0.004405179060995579, 0.9982726573944092),
            ["LeftLowerArm"] = CFrame.new(5.364418029785156e-07, -1.7881393432617188e-07, -5.587935447692871e-08, 1, -8.195637946073475e-08, 1.564622067462551e-07, 1.9371505288745539e-07, -0.44971588253974915, -0.8931717872619629, 6.705521116145974e-08, 0.8931716680526733, -0.44971588253974915),
            ["LowerTorso"] = CFrame.new(0.05800672620534897, -0.28522682189941406, 0.4185347855091095, 0.9870252013206482, -0.1267416924238205, -0.09857938438653946, 0.1198040321469307, 0.9900810718536377, -0.07339292764663696, 0.1069035455584526, 0.06063055619597435, 0.9924190640449524),
            ["Head"] = CFrame.new(1.4901161193847656e-08, 0, -5.681067705154419e-08, 0.9730936288833618, 0.2296992540359497, 0.018086107447743416, -0.22722207009792328, 0.9696810245513916, -0.08993847668170929, -0.0381966196000576, 0.08340919762849808, 0.9957830905914307),
            ["RightUpperArm"] = CFrame.new(-5.960464477539063e-08, -0.06523799896240234, -1.3783574104309082e-07, 0.5854705572128296, -0.738813579082489, -0.33373451232910156, 0.5234129428863525, 0.6588519215583801, -0.5403270721435547, 0.6190823912620544, 0.14166471362113953, 0.7724428176879883),
            ["UpperTorso"] = CFrame.new(-0.0059002116322517395, 0.08489802479743958, -0.01841084659099579, 0.9987009763717651, 0.03752001374959946, -0.03447634354233742, -0.01507669035345316, 0.8639016151428223, 0.5034348368644714, 0.04867304861545563, -0.5022611618041992, 0.8633451461791992),
            ["HumanoidRootPart"] = CFrame.new(0, 0, 0, 1, 0, 0, 0, 1, 0, 0, 0, 1),
            ["RightHand"] = CFrame.new(8.940696716308594e-08, 0, -7.450580596923828e-08, 0.9948817491531372, -0.07909073680639267, -0.06288918107748032, 0.08219458907842636, 0.9954403042793274, 0.04840242117643356, 0.05877382308244705, -0.05332401022315025, 0.9968461394309998),
            ["LeftUpperArm"] = CFrame.new(-1.1920928955078125e-07, -0.06523776054382324, 0, 0.1877606064081192, 0.8584837913513184, 0.47723329067230225, -0.6258193254470825, 0.47904402017593384, -0.6155216693878174, -0.7570312023162842, -0.1830911636352539, 0.6272012591362),
            ["RightLowerArm"] = CFrame.new(-5.960464477539063e-08, 0, -2.9802322387695312e-08, 1, 1.5646214990283625e-07, 2.831218921528489e-07, -1.8626440123625798e-07, -0.716116726398468, -0.6979806423187256, 1.4901152667334827e-07, 0.6979805827140808, -0.7161166071891785),
            ["LeftHand"] = CFrame.new(1.7881393432617188e-07, -1.1920928955078125e-07, 1.4901161193847656e-08, 0.8259338140487671, -0.03513548523187637, 0.5626712441444397, 0.042135149240493774, 0.9991118311882019, 0.0005393772735260427, -0.5621902942657471, 0.02326243929564953, 0.8266806602478027),
            ["RightUpperLeg"] = CFrame.new(-0.000025451183319091797, -0.00012569501996040344, -0.004997445270419121, 0.9686025381088257, -0.19935643672943115, -0.1485472023487091, 0.07291172444820404, 0.7990102767944336, -0.5968809127807617, 0.23768270015716553, 0.5673092603683472, 0.7884585857391357),
            ["LeftUpperLeg"] = CFrame.new(0.000025391578674316406, 0.00012548081576824188, 0.004997517913579941, 0.8069456815719604, 0.4142921566963196, -0.4209520220756531, -0.5884300470352173, 0.6253236532211304, -0.5125627517700195, 0.050880663096904755, 0.6613112092018127, 0.7483841180801392),
            ["RightLowerLeg"] = CFrame.new(3.632158041000366e-08, -1.7881393432617188e-07, 7.806374924257398e-08, 1, -1.4901157641133977e-08, 4.842877388000488e-08, 6.705523958316917e-08, 0.8725579977035522, 0.48851045966148376, 2.980232949312267e-08, -0.4885106682777405, 0.872558057308197),
            ["RightFoot"] = CFrame.new(-1.1920928955078125e-07, 3.5762786865234375e-07, 1.6596459317952394e-08, 0.8759955167770386, 0.10966040939092636, 0.46968787908554077, -0.2683867812156677, 0.9199468493461609, 0.28577345609664917, -0.4007498323917389, -0.37639397382736206, 0.8353005647659302),
            ["LeftLowerLeg"] = CFrame.new(4.284083843231201e-08, -1.7881393432617188e-07, -1.4901161193847656e-08, 1, 4.284083487959833e-08, -4.284084198502569e-08, 7.450581485102248e-09, 0.5691925287246704, 0.8222044706344604, 3.725290653733282e-08, -0.8222042918205261, 0.5691924095153809),
        }},
        {Time = 0.167, Data = {
            ["LeftFoot"] = CFrame.new(1.1175870895385742e-07, 0, 1.1175870895385742e-08, 0.8755744695663452, -0.4800013303756714, 0.05447859317064285, 0.481622576713562, 0.8761217594146729, -0.02123146317899227, -0.03753892332315445, 0.044828109443187714, 0.9982892870903015),
            ["LeftLowerArm"] = CFrame.new(-2.9802322387695312e-08, -1.1920928955078125e-07, -1.341104507446289e-07, 1, -1.7322595624591486e-07, 2.197920991875435e-07, -5.21540641784668e-08, 0.28684568405151367, -0.9579768180847168, 8.102506399154663e-08, 0.9579768180847168, 0.2868455946445465),
            ["LowerTorso"] = CFrame.new(0.1130635142326355, -0.33219027519226074, 0.4327167272567749, 0.9699591994285583, -0.20353740453720093, -0.13323548436164856, 0.19902999699115753, 0.9788915514945984, -0.04645915701985359, 0.13987918198108673, 0.018545715138316154, 0.9899948835372925),
            ["Head"] = CFrame.new(2.9802322387695312e-08, -1.1920928955078125e-07, -3.1851232051849365e-07, 0.9532116055488586, 0.29834112524986267, 0.048787448555231094, -0.29650038480758667, 0.9541277289390564, -0.04156714305281639, -0.05895058810710907, 0.025156822055578232, 0.9979438781738281),
            ["RightUpperArm"] = CFrame.new(0, -0.06523823738098145, -2.7567148208618164e-07, 0.23178212344646454, -0.9308719038963318, -0.28240904211997986, 0.5390497446060181, 0.36457279324531555, -0.7592839002609253, 0.8097546100616455, 0.023755308240652084, 0.5862875580787659),
            ["UpperTorso"] = CFrame.new(-0.005900139920413494, 0.08489787578582764, -0.01841081865131855, 0.9980929493904114, 0.05263318493962288, -0.03225382789969444, -0.031167583540081978, 0.8806900978088379, 0.47266635298728943, 0.05328359454870224, -0.47075971961021423, 0.8806509971618652),
            ["HumanoidRootPart"] = CFrame.new(0, 0, 0, 1, 0, 0, 0, 1, 0, 0, 0, 1),
            ["RightHand"] = CFrame.new(-1.210719347000122e-07, 5.960464477539063e-08, 1.30385160446167e-07, 0.9573840498924255, -0.10013704001903534, 0.270902544260025, 0.08214154094457626, 0.99364173412323, 0.07700017094612122, -0.2768908143043518, -0.05146652087569237, 0.9595222473144531),
            ["LeftUpperArm"] = CFrame.new(2.980232238769531e-07, -0.06523847579956055, -5.066394805908203e-07, -0.15407845377922058, 0.9479218125343323, 0.278754323720932, -0.7947983741760254, 0.04869735240936279, -0.6049165725708008, -0.5869883894920349, -0.31475830078125, 0.7459036111831665),
            ["RightLowerArm"] = CFrame.new(2.384185791015625e-07, 0, -5.960464477539063e-08, 1, -6.845219502338296e-08, -8.754432911928234e-08, 2.9802325229866256e-07, -0.14903554320335388, -0.9888318777084351, 6.146729703004894e-08, 0.9888318181037903, -0.14903567731380463),
            ["LeftHand"] = CFrame.new(1.6391277313232422e-07, -5.960464477539063e-08, -2.9802322387695312e-08, 0.8728328943252563, 0.05325387045741081, 0.4851052761077881, -0.05483889579772949, 0.9984353184700012, -0.010936847887933254, -0.4849284887313843, -0.017056258395314217, 0.8743873834609985),
            ["RightUpperLeg"] = CFrame.new(-0.000025451183319091797, -0.000125945545732975, -0.004997448995709419, 0.9569202065467834, -0.15772320330142975, -0.24377678334712982, -0.034744616597890854, 0.7713572382926941, -0.6354533433914185, 0.2882649302482605, 0.6165481209754944, 0.7326472997665405),
            ["LeftUpperLeg"] = CFrame.new(0.000025451183319091797, 0.00012524472549557686, 0.004997503012418747, 0.7013071775436401, 0.468269020318985, -0.5374869704246521, -0.7122915387153625, 0.490400493144989, -0.5021434426307678, 0.028446000069379807, 0.7350044846534729, 0.6774656176567078),
            ["RightLowerLeg"] = CFrame.new(-9.557697921991348e-08, -1.7881393432617188e-07, 3.696914063766599e-08, 1, -1.452862647965958e-07, -3.3527612686157227e-08, 8.940696716308594e-08, 0.8234761357307434, 0.5673507452011108, 0, -0.5673509836196899, 0.8234763145446777),
            ["RightFoot"] = CFrame.new(5.587935447692871e-08, 4.172325134277344e-07, -7.281050784513354e-08, 0.8870970010757446, 0.07384443283081055, 0.45563769340515137, -0.20983768999576569, 0.9437382221221924, 0.25559043884277344, -0.4111291766166687, -0.3223434388637543, 0.8526827096939087),
            ["LeftLowerLeg"] = CFrame.new(-6.332993507385254e-08, 2.384185791015625e-07, -4.470348358154297e-08, 1, -3.352760913344355e-08, 5.820765380804005e-08, 1.4901159417490817e-08, 0.4608469307422638, 0.8874796032905579, 1.4901159417490817e-08, -0.8874796032905579, 0.4608469605445862),
        }},
        {Time = 0.200, Data = {
            ["LeftFoot"] = CFrame.new(4.842877388000488e-08, -1.7881393432617188e-07, 2.7939677238464355e-08, 0.8529837131500244, -0.5176536440849304, 0.06673534959554672, 0.5197861790657043, 0.8540925979614258, -0.018656279891729355, -0.04734085872769356, 0.05060205236077309, 0.9975963234901428),
            ["LeftLowerArm"] = CFrame.new(-4.172325134277344e-07, 2.384185791015625e-07, -2.0954757928848267e-08, 1, -1.4365647871272813e-07, -2.2846512237606476e-08, 6.249319284279409e-08, 0.6034848093986511, -0.7973746657371521, 2.7823258363923742e-08, 0.7973744869232178, 0.6034846305847168),
            ["LowerTorso"] = CFrame.new(0.1317823976278305, -0.36461377143859863, 0.4373656213283539, 0.9658178687095642, -0.21384422481060028, -0.14651472866535187, 0.2107994705438614, 0.9768593907356262, -0.03618672862648964, 0.15086258947849274, 0.004064742475748062, 0.9885464310646057),
            ["Head"] = CFrame.new(-1.862645149230957e-08, -1.1920928955078125e-07, -6.705522537231445e-08, 0.9526927471160889, 0.2980882525444031, 0.05932973325252533, -0.2969071567058563, 0.9544951915740967, -0.028020694851875305, -0.06498256325721741, 0.009079867042601109, 0.9978451132774353),
            ["RightUpperArm"] = CFrame.new(-5.960464477539063e-08, -0.06523776054382324, -5.587935447692871e-08, 0.161962628364563, -0.9686257243156433, -0.1885000616312027, 0.6029521226882935, 0.24835634231567383, -0.7581344246864319, 0.7811638116836548, 0.009133008308708668, 0.6242595911026001),
            ["UpperTorso"] = CFrame.new(-0.005900144577026367, 0.08489790558815002, -0.01841074600815773, 0.998047947883606, 0.05248338356614113, -0.0338510125875473, -0.031213972717523575, 0.8886591792106628, 0.4575046896934509, 0.0540933758020401, -0.4555549621582031, 0.8885627388954163),
            ["HumanoidRootPart"] = CFrame.new(0, 0, 0, 1, 0, 0, 0, 1, 0, 0, 0, 1),
            ["RightHand"] = CFrame.new(7.82310962677002e-08, -1.1920928955078125e-07, -9.685754776000977e-08, 0.9402346611022949, -0.1526201069355011, 0.3044109642505646, 0.1365148425102234, 0.9878971576690674, 0.07364071905612946, -0.3119657337665558, -0.02768339216709137, 0.9496899843215942),
            ["LeftUpperArm"] = CFrame.new(0, -0.0652381181716919, 0, -0.22835396230220795, 0.9465318322181702, 0.22788596153259277, -0.8902833461761475, -0.10828506946563721, -0.4423457384109497, -0.3940177261829376, -0.3038945198059082, 0.8674089312553406),
            ["RightLowerArm"] = CFrame.new(2.980232238769531e-07, 5.960464477539063e-08, 2.9802322387695312e-08, 1, -2.980232594040899e-08, 2.384184938364342e-07, -1.0058287358560847e-07, 0.1735738068819046, -0.9848209023475647, 1.229346224818073e-07, 0.9848209023475647, 0.17357397079467773),
            ["LeftHand"] = CFrame.new(-1.4941906556487083e-07, -5.960464477539063e-08, -2.8312206268310547e-07, 0.8846436142921448, 0.028384918347001076, 0.4654030203819275, -0.03709222376346588, 0.9992661476135254, 0.009560014121234417, -0.46479013562202454, -0.025719711557030678, 0.8850473761558533),
            ["RightUpperLeg"] = CFrame.new(-0.000025659799575805664, -0.00012566125951707363, -0.004997553303837776, 0.9433210492134094, -0.1657724529504776, -0.28751546144485474, -0.06572166830301285, 0.7558559775352478, -0.6514312624931335, 0.3253094255924225, 0.6334044933319092, 0.7021198868751526),
            ["LeftUpperLeg"] = CFrame.new(0.00002562999725341797, 0.0001254224916920066, 0.004997473210096359, 0.6698870658874512, 0.4785769283771515, -0.5676406621932983, -0.7415603995323181, 0.46895769238471985, -0.47975650429725647, 0.03659932315349579, 0.742322564125061, 0.6690424680709839),
            ["RightLowerLeg"] = CFrame.new(1.9744038581848145e-07, 1.7881393432617188e-07, 1.3802491594105959e-08, 1, -7.82310962677002e-08, -1.0430815677864302e-07, 1.3411046495548362e-07, 0.7983623147010803, 0.6021773815155029, 2.2351745343485163e-08, -0.6021774411201477, 0.7983623743057251),
            ["RightFoot"] = CFrame.new(-5.21540641784668e-08, 4.172325134277344e-07, 3.5222910810261965e-08, 0.8753277659416199, 0.07575894892215729, 0.4775581359863281, -0.2077568769454956, 0.950762152671814, 0.22997541725635529, -0.436621755361557, -0.3005194365978241, 0.8479679822921753),
            ["LeftLowerLeg"] = CFrame.new(-1.1175870895385742e-08, 0, -7.450580596923828e-08, 1, 4.284083843231201e-08, 7.82310962677002e-08, 2.9802318834981634e-08, 0.45746368169784546, 0.8892282843589783, -1.4901159417490817e-08, -0.889228343963623, 0.457463800907135),
        }},
        {Time = 0.233, Data = {
            ["LeftFoot"] = CFrame.new(-1.30385160446167e-08, -5.960464477539063e-08, -1.1641532182693481e-08, 0.7920191287994385, -0.6039718985557556, 0.08901914209127426, 0.6097798347473145, 0.7896966934204102, -0.06743256747722626, -0.029570750892162323, 0.10768981277942657, 0.9937446713447571),
            ["LeftLowerArm"] = CFrame.new(0, 1.7881393432617188e-07, -1.7881393432617188e-07, 1, -6.146731266198913e-07, -8.195638656616211e-08, -5.736944217460405e-07, 0.9947214126586914, -0.10261286795139313, -1.8998971995642933e-07, 0.10261283069849014, 0.9947214126586914),
            ["LowerTorso"] = CFrame.new(0.17044661939144135, -0.4636530876159668, 0.455425888299942, 0.9513591527938843, -0.2410292774438858, -0.19188737869262695, 0.24942350387573242, 0.9681776165962219, 0.020494265481829643, 0.18084129691123962, -0.06735870242118835, 0.9812029600143433),
            ["Head"] = CFrame.new(-2.9802322387695312e-08, 0, -1.825392246246338e-07, 0.9531012177467346, 0.2794222831726074, 0.11628139019012451, -0.278799444437027, 0.9600991010665894, -0.02192065864801407, -0.1177668645977974, -0.011526106856763363, 0.9929744005203247),
            ["RightUpperArm"] = CFrame.new(2.384185791015625e-07, -0.06523787975311279, 4.470348358154297e-08, 0.0023286761716008186, -0.9899873733520508, 0.14113710820674896, 0.9369399547576904, -0.0471663773059845, -0.3462931215763092, 0.34948277473449707, 0.133043110370636, 0.9274489283561707),
            ["UpperTorso"] = CFrame.new(-0.005900166928768158, 0.08489835262298584, -0.01841079071164131, 0.9974128603935242, 0.06773823499679565, -0.024066366255283356, -0.05363918095827103, 0.9241769313812256, 0.37817931175231934, 0.047858864068984985, -0.3759104013442993, 0.9254195094108582),
            ["HumanoidRootPart"] = CFrame.new(0, 0, 0, 1, 0, 0, 0, 1, 0, 0, 0, 1),
            ["RightHand"] = CFrame.new(1.3969838619232178e-09, 1.1920928955078125e-07, 3.725290298461914e-09, 0.9747465252876282, -0.003806477878242731, 0.2232823222875595, 0.009557409211993217, 0.9996495246887207, -0.024686597287654877, -0.2231101244688034, 0.026197152212262154, 0.9744411706924438),
            ["LeftUpperArm"] = CFrame.new(0, -0.06523799896240234, -5.960464477539063e-08, -0.2842312455177307, 0.9367446899414062, 0.20425845682621002, -0.8234654068946838, -0.34763303399086, 0.44839349389076233, 0.49103718996047974, -0.040751803666353226, 0.8701849579811096),
            ["RightLowerArm"] = CFrame.new(5.960464477539063e-08, -1.1920928955078125e-07, 7.450580596923828e-09, 1, 6.989577627791732e-07, -1.1269001731761819e-07, 7.776540655868303e-07, 0.9866772890090942, -0.16268962621688843, 2.9802311729554276e-08, 0.16268965601921082, 0.986677348613739),
            ["LeftHand"] = CFrame.new(-1.1920928955078125e-07, 1.1920928955078125e-07, -2.9802322387695312e-08, 0.9311400055885315, -0.3318606913089752, 0.15114855766296387, 0.2877205014228821, 0.9232509136199951, 0.254608690738678, -0.22404290735721588, -0.19358806312084198, 0.9551588892936707),
            ["RightUpperLeg"] = CFrame.new(-0.000025510787963867188, -0.00012538209557533264, -0.004997434094548225, 0.9081239700317383, -0.16316641867160797, -0.3856004774570465, -0.17692400515079498, 0.6851451992988586, -0.7065930962562561, 0.37948495149612427, 0.709896445274353, 0.5933282375335693),
            ["LeftUpperLeg"] = CFrame.new(0.000025510787963867188, 0.0001256745308637619, 0.004997521638870239, 0.5819171071052551, 0.5199352502822876, -0.6253315806388855, -0.8130378127098083, 0.3544524610042572, -0.4618808925151825, -0.018497714772820473, 0.7771941423416138, 0.62898850440979),
            ["RightLowerLeg"] = CFrame.new(-1.0989606380462646e-07, -1.7881393432617188e-07, 1.8423452274873853e-07, 1, -1.3411040811206476e-07, 3.6321576857289983e-08, 1.4528632164001465e-07, 0.7441987991333008, 0.6679582595825195, 5.960464477539063e-08, -0.6679581999778748, 0.744198739528656),
            ["RightFoot"] = CFrame.new(4.842877388000488e-08, 2.384185791015625e-07, -1.6221747500821948e-07, 0.8217400908470154, 0.08694496005773544, 0.5631905794143677, -0.19883695244789124, 0.9699263572692871, 0.14038147032260895, -0.5340479612350464, -0.22734014689922333, 0.8143153786659241),
            ["LeftLowerLeg"] = CFrame.new(4.842877388000488e-08, -1.1920928955078125e-07, 4.470348358154297e-08, 1, 6.70552182668871e-08, 3.818422200652094e-08, -9.685756197086448e-08, 0.4043978452682495, 0.9145830869674683, 2.2351745343485163e-08, -0.914583146572113, 0.4043981432914734),
        }},
        {Time = 0.267, Data = {
            ["LeftFoot"] = CFrame.new(-3.166496753692627e-08, -5.960464477539063e-08, -3.725290298461914e-09, 0.7890448570251465, -0.6101666688919067, 0.07145500183105469, 0.6143351197242737, 0.7838432788848877, -0.09045007079839706, -0.0008203689358197153, 0.11526624858379364, 0.9933343529701233),
            ["LeftLowerArm"] = CFrame.new(1.1920928955078125e-07, 1.1920928955078125e-07, -1.4901161193847656e-07, 1, -2.8312211952652433e-07, 7.450581307466564e-08, -1.8626444386882213e-07, 0.9999997615814209, 0.0007650257321074605, -1.7881387748275301e-07, -0.0007649214821867645, 0.9999997615814209),
            ["LowerTorso"] = CFrame.new(0.17326131463050842, -0.4904794692993164, 0.46372854709625244, 0.9463196992874146, -0.2510736286640167, -0.20357128977775574, 0.2647401988506317, 0.9633831977844238, 0.04248770326375961, 0.18544961512088776, -0.09410040080547333, 0.9781378507614136),
            ["Head"] = CFrame.new(2.60770320892334e-08, -3.5762786865234375e-07, -7.450580596923828e-09, 0.9567338824272156, 0.26548853516578674, 0.11906343698501587, -0.26048415899276733, 0.963848352432251, -0.05607709288597107, -0.12964706122875214, 0.02263653837144375, 0.9913018345832825),
            ["RightUpperArm"] = CFrame.new(-5.960464477539063e-08, -0.06523787975311279, -6.705522537231445e-08, -0.03539491072297096, -0.9865757822990417, 0.15942250192165375, 0.9890363216400146, -0.05746575817465782, -0.1360335499048233, 0.14336849749088287, 0.1528596729040146, 0.9777931571006775),
            ["UpperTorso"] = CFrame.new(-0.005900111049413681, 0.08489835262298584, -0.01841079443693161, 0.9966113567352295, 0.0812983587384224, -0.012507515959441662, -0.07170528173446655, 0.9331946969032288, 0.3521449863910675, 0.04030091315507889, -0.350054532289505, 0.9358618855476379),
            ["HumanoidRootPart"] = CFrame.new(0, 0, 0, 1, 0, 0, 0, 1, 0, 0, 0, 1),
            ["RightHand"] = CFrame.new(-2.4121254682540894e-07, 1.1920928955078125e-07, 2.682209014892578e-07, 0.957789421081543, 0.06953521817922592, 0.2789338231086731, -0.07563091069459915, 0.997073769569397, 0.011135847307741642, -0.2773435413837433, -0.03176154941320419, 0.9602458477020264),
            ["LeftUpperArm"] = CFrame.new(0, -0.065238356590271, -8.940696716308594e-08, -0.30222392082214355, 0.9507665634155273, 0.06858115643262863, -0.87641441822052, -0.3054441213607788, 0.37229257822036743, 0.3749111592769623, 0.05241043120622635, 0.9255781769752502),
            ["RightLowerArm"] = CFrame.new(-3.2782554626464844e-07, 0, -7.12461769580841e-08, 1, 4.5821082039765315e-07, -5.02914261346632e-08, 3.427265369282395e-07, 0.9999940991401672, 0.0034632054157555103, -2.4214376281861405e-08, -0.003463231958448887, 0.9999940991401672),
            ["LeftHand"] = CFrame.new(2.384185791015625e-07, 0, -5.960464477539063e-08, 0.9158346056938171, -0.27376213669776917, -0.29377010464668274, 0.3563878536224365, 0.8912368416786194, 0.28050798177719116, 0.18502645194530487, -0.36159542202949524, 0.9137912392616272),
            ["RightUpperLeg"] = CFrame.new(-0.0000254213809967041, -0.00012509524822235107, -0.0049974266439676285, 0.913418173789978, -0.15505445003509521, -0.3763318657875061, -0.1952521800994873, 0.6443426012992859, -0.7393909692764282, 0.3571327328681946, 0.7488530278205872, 0.5582788586616516),
            ["LeftUpperLeg"] = CFrame.new(0.000025570392608642578, 0.0001262165606021881, 0.0049975477159023285, 0.5598573684692383, 0.5305224657058716, -0.6364791989326477, -0.8258460760116577, 0.2948227822780609, -0.48068585991859436, -0.06736566871404648, 0.7947487235069275, 0.6031876802444458),
