return {
    ["OMG"] = {
        {Time = 0.000, Data = {
            ["RightFoot"] = CFrame.new(2.5331974029541016e-07, 2.384185791015625e-07, -1.6931153368204832e-08, 0.9338931441307068, 0.34837427735328674, 0.08049217611551285, -0.2066999226808548, 0.7097135782241821, -0.6734848022460938, -0.2917511463165283, 0.6123251914978027, 0.7348056435585022),
            ["LeftLowerArm"] = CFrame.new(8.940696716308594e-07, 4.172325134277344e-07, 0.000004857778549194336, 1, 4.768372150465439e-07, 1.1920920428565296e-07, -1.1920928955078125e-07, 0.5913933515548706, -0.806383490562439, -5.587935447692871e-07, 0.8063832521438599, 0.5913930535316467),
            ["RightUpperArm"] = CFrame.new(-0.029202163219451904, -0.023887038230895996, 0.06496622413396835, 0.25390663743019104, -0.47355133295059204, 0.843374490737915, 0.3305230736732483, -0.7769789099693298, -0.5357781648635864, 0.9090028405189514, 0.41479265689849854, -0.040760111063718796),
            ["Head"] = CFrame.new(8.940696716308594e-08, -7.152557373046875e-07, 1.30385160446167e-07, 0.8579151630401611, -0.4673860967159271, 0.21338209509849548, 0.49374616146087646, 0.6351065635681152, -0.59401535987854, 0.14211419224739075, 0.6149715781211853, 0.775637686252594),
            ["RightHand"] = CFrame.new(0.0000012058299034833908, 0.0000013709068298339844, -8.740462362766266e-07, 0.43616506457328796, -0.6004243493080139, -0.6702617406845093, 0.5394049882888794, 0.7706445455551147, -0.3393358290195465, 0.7202793955802917, -0.21353638172149658, 0.6600003838539124),
            ["UpperTorso"] = CFrame.new(-1.4901161193847656e-07, 1.7881393432617188e-07, -4.7497451305389404e-08, 0.7697672247886658, -0.6380526423454285, 0.01864146627485752, 0.6142812967300415, 0.7483963370323181, 0.25012269616127014, -0.17354266345500946, -0.18108496069908142, 0.9680347442626953),
            ["HumanoidRootPart"] = CFrame.new(0, 0, 0, 1, 0, 0, 0, 1, 0, 0, 0, 1),
            ["RightUpperLeg"] = CFrame.new(-8.940696716308594e-08, 1.862645149230957e-08, -1.6596459317952394e-08, 0.4677770733833313, -0.8245136141777039, 0.3183738589286804, 0.5372950434684753, -0.020738322287797928, -0.8431394696235657, 0.7017825245857239, 0.5654619932174683, 0.4333060383796692),
            ["LeftUpperArm"] = CFrame.new(0.02920311689376831, -0.023888707160949707, 0.06496523320674896, 0.5082838535308838, 0.3673141598701477, 0.7789281010627747, -0.2570662200450897, 0.9279554486274719, -0.26984280347824097, -0.8219273090362549, -0.06307967752218246, 0.5660883188247681),
            ["RightLowerArm"] = CFrame.new(8.940696716308594e-08, 7.152557373046875e-07, -0.0000032708048820495605, 1, 0.0000021932632989773992, 0.00001915295433718711, 0.000018794087736750953, -0.33073776960372925, -0.9437227249145508, 0.00000424496784035, 0.9437227249145508, -0.330737829208374),
            ["LeftHand"] = CFrame.new(-0.0000013820827007293701, -1.1920928955078125e-07, 2.5331974029541016e-07, 0.5217381119728088, 0.6914717555046082, -0.49965643882751465, -0.7233424186706543, 0.6690768003463745, 0.17062222957611084, 0.45228877663612366, 0.2724026143550873, 0.8492535352706909),
            ["LeftFoot"] = CFrame.new(7.450580596923828e-09, 1.7881393432617188e-07, -1.4901161193847656e-08, 0.9768757820129395, -0.19315840303897858, 0.09167195111513138, 0.21376043558120728, 0.8732726573944092, -0.43783727288246155, 0.004517161753028631, 0.4473084509372711, 0.8943684101104736),
            ["LowerTorso"] = CFrame.new(-0.18562325835227966, -0.6986672878265381, 0.21085554361343384, 0.8731850385665894, 0.39248722791671753, -0.28896674513816833, -0.3895855247974396, 0.9183207154273987, 0.07007330656051636, 0.292866975069046, 0.05139029771089554, 0.9547712206840515),
            ["RightLowerLeg"] = CFrame.new(-1.1920928955078125e-07, -0.0007264018058776855, 0.000046087261580396444, 1, 3.8743010577491077e-07, 2.0861632776814076e-07, -2.1606678046737215e-07, -0.4589417576789856, 0.8884662389755249, 4.3958414153166814e-07, -0.8884663581848145, -0.45894214510917664),
            ["LeftUpperLeg"] = CFrame.new(-8.940696716308594e-08, 1.441221684217453e-07, -4.470348358154297e-08, 0.7508613467216492, 0.3669379949569702, 0.5491482019424438, 0.18266046047210693, 0.6836593151092529, -0.706572949886322, -0.6346986889839172, 0.6308457851409912, 0.44630828499794006),
            ["LeftLowerLeg"] = CFrame.new(-1.043081283569336e-07, -0.0007264614105224609, 0.00008099526166915894, 1, 1.8998980522155762e-07, 1.266598985694145e-07, -5.960465188081798e-08, 0.07310885190963745, 0.9973240494728088, 1.564622067462551e-07, -0.9973239898681641, 0.07310880720615387),
        }},
        {Time = 0.017, Data = {
            ["RightFoot"] = CFrame.new(7.450580596923828e-08, 2.384185791015625e-07, 9.145878721028566e-09, 0.9338133931159973, 0.3529253900051117, 0.058620087802410126, -0.22415374219417572, 0.7048749327659607, -0.6729832887649536, -0.2788327932357788, 0.615300714969635, 0.737331211566925),
            ["LeftLowerArm"] = CFrame.new(8.046627044677734e-07, 1.1920928955078125e-07, 0.000004947185516357422, 1, 5.960464477539062e-07, 1.3411032284693647e-07, -1.3411042232291948e-07, 0.5968005657196045, -0.8023902773857117, -5.513428504855256e-07, 0.8023896217346191, 0.5967997312545776),
            ["RightUpperArm"] = CFrame.new(-0.029202520847320557, -0.02388620376586914, 0.06496608257293701, 0.26738739013671875, -0.4746689796447754, 0.83856600522995, 0.30464744567871094, -0.783970832824707, -0.5409066677093506, 0.9141629934310913, 0.4000990092754364, -0.06501682102680206),
            ["Head"] = CFrame.new(-2.60770320892334e-08, -8.344650268554688e-07, -3.725290298461914e-08, 0.8675951361656189, -0.44656848907470703, 0.21875885128974915, 0.47829708456993103, 0.6290421485900879, -0.6128119230270386, 0.13605396449565887, 0.6363039612770081, 0.7593459486961365),
            ["RightHand"] = CFrame.new(7.628696039319038e-07, 0.0000013709068298339844, -0.0000013021635822951794, 0.4743026793003082, -0.5999168157577515, -0.6443113684654236, 0.5247414112091064, 0.780302882194519, -0.3402557075023651, 0.706882894039154, -0.17671242356300354, 0.6849007606506348),
            ["UpperTorso"] = CFrame.new(1.0803341865539551e-07, -3.5762786865234375e-07, 6.891787052154541e-08, 0.7603980898857117, -0.6494401097297668, 0.004699132405221462, 0.6288132071495056, 0.7380180954933167, 0.24479246139526367, -0.16244621574878693, -0.18318486213684082, 0.9695641398429871),
            ["HumanoidRootPart"] = CFrame.new(0, 0, 0, 1, 0, 0, 0, 1, 0, 0, 0, 1),
            ["RightUpperLeg"] = CFrame.new(5.960464477539063e-08, -2.896413207054138e-07, 6.535992724820971e-08, 0.47699835896492004, -0.8094470500946045, 0.34244415163993835, 0.5398334860801697, -0.03764500468969345, -0.8409295678138733, 0.6935794353485107, 0.5859848856925964, 0.41901007294654846),
            ["LeftUpperArm"] = CFrame.new(0.029202759265899658, -0.023888230323791504, 0.06496509909629822, 0.4919414222240448, 0.3904472887516022, 0.7781683802604675, -0.26612403988838196, 0.9184570908546448, -0.29260027408599854, -0.8289580941200256, -0.06314705312252045, 0.5557330846786499),
            ["RightLowerArm"] = CFrame.new(2.980232238769531e-07, 4.76837158203125e-07, -0.000003632158041000366, 1, 0.0000024428593405900756, 0.000019132749002892524, 0.00001880526360764634, -0.34225594997406006, -0.9396066665649414, 0.000004258006356394617, 0.9396068453788757, -0.3422560393810272),
            ["LeftHand"] = CFrame.new(-0.0000012889504432678223, -2.384185791015625e-07, 1.2293457984924316e-07, 0.5281465649604797, 0.7052075862884521, -0.4730152487754822, -0.7336568832397461, 0.659439206123352, 0.16397598385810852, 0.427561491727829, 0.2604270577430725, 0.8656606674194336),
            ["LeftFoot"] = CFrame.new(7.450580596923828e-09, 1.7881393432617188e-07, 0, 0.980177104473114, -0.18117555975914001, 0.08017608523368835, 0.19778324663639069, 0.8710988759994507, -0.44952043890953064, 0.011600803583860397, 0.4564671516418457, 0.8896646499633789),
            ["LowerTorso"] = CFrame.new(-0.18960027396678925, -0.7247669696807861, 0.22299809753894806, 0.8790256977081299, 0.39021557569503784, -0.27394458651542664, -0.38433730602264404, 0.9199615716934204, 0.07717246562242508, 0.2821323871612549, 0.03745054081082344, 0.9586443305015564),
            ["RightLowerLeg"] = CFrame.new(-4.470348358154297e-08, -0.0007264614105224609, 0.00004609471216099337, 1, 2.980233659855003e-07, 2.2351753159455257e-07, -1.1920930376163597e-07, -0.49026253819465637, 0.8715747594833374, 4.6938663444962003e-07, -0.8715749382972717, -0.49026262760162354),
            ["LeftUpperLeg"] = CFrame.new(0, -2.9080547392368317e-07, 2.2351741790771484e-08, 0.7464726567268372, 0.39067599177360535, 0.5386566519737244, 0.19396467506885529, 0.646597146987915, -0.7377598881721497, -0.6365188956260681, 0.6551980376243591, 0.4068898558616638),
            ["LeftLowerLeg"] = CFrame.new(-1.1920928955078125e-07, -0.0007265806198120117, 0.00008113682270050049, 1, 1.3038514623531228e-07, 1.4901159417490817e-08, -7.450580596923828e-08, 0.028753697872161865, 0.9995865821838379, 1.4901161193847656e-07, -0.9995865225791931, 0.028753696009516716),
        }},
        {Time = 0.033, Data = {
            ["RightFoot"] = CFrame.new(1.4901161193847656e-07, 2.980232238769531e-07, 4.267349140718579e-08, 0.9344756007194519, 0.35442978143692017, 0.033693116158246994, -0.24201235175132751, 0.7017757296562195, -0.6700303554534912, -0.2611237168312073, 0.6179729104042053, 0.7415686845779419),
            ["LeftLowerArm"] = CFrame.new(8.344650268554688e-07, -4.172325134277344e-07, 0.000004932284355163574, 1, 6.109478931648482e-07, 1.7881382063933415e-07, -1.4901162614933128e-07, 0.606656551361084, -0.7949647307395935, -4.991889568373153e-07, 0.7949641346931458, 0.6066557168960571),
            ["RightUpperArm"] = CFrame.new(-0.029202044010162354, -0.023886919021606445, 0.06496623903512955, 0.2797810137271881, -0.4877050817012787, 0.8269618153572083, 0.2917802035808563, -0.7774224281311035, -0.5572059154510498, 0.9146512746810913, 0.39718785881996155, -0.07520483434200287),
            ["Head"] = CFrame.new(1.0617077350616455e-07, -7.152557373046875e-07, 8.940696716308594e-08, 0.8800842761993408, -0.42153239250183105, 0.21854588389396667, 0.45770394802093506, 0.6306998133659363, -0.6266773343086243, 0.1263279914855957, 0.6515583395957947, 0.7480061650276184),
            ["RightHand"] = CFrame.new(7.267517503350973e-07, 0.0000012516975402832031, -7.73863575886935e-07, 0.5044112801551819, -0.5979531407356262, -0.6229137182235718, 0.5133334398269653, 0.7877472043037415, -0.3405042588710785, 0.6943041086196899, -0.14800827205181122, 0.7042977809906006),
            ["UpperTorso"] = CFrame.new(-3.3527612686157227e-08, 5.960464477539063e-08, -1.0244548320770264e-08, 0.7544079422950745, -0.6563464999198914, -0.008824835531413555, 0.6382810473442078, 0.7303733825683594, 0.24321240186691284, -0.15318621695041656, -0.18911387026309967, 0.9699329733848572),
            ["HumanoidRootPart"] = CFrame.new(0, 0, 0, 1, 0, 0, 0, 1, 0, 0, 0, 1),
            ["RightUpperLeg"] = CFrame.new(-5.960464477539063e-08, 5.681067705154419e-08, -1.6952981241047382e-09, 0.49377384781837463, -0.7958727478981018, 0.35039111971855164, 0.541854202747345, -0.033555276691913605, -0.8398024439811707, 0.6801334619522095, 0.6045333743095398, 0.4146782457828522),
            ["LeftUpperArm"] = CFrame.new(0.029202818870544434, -0.023888230323791504, 0.06496530771255493, 0.482871949672699, 0.4140358865261078, 0.7716280221939087, -0.28063350915908813, 0.907855749130249, -0.3115167021751404, -0.8295056819915771, -0.06612242013216019, 0.5545697212219238),
            ["RightLowerArm"] = CFrame.new(1.4901161193847656e-07, 6.556510925292969e-07, -0.0000035706907510757446, 1, 0.0000027944333851337433, 0.00001903682277770713, 0.000018854627342079766, -0.3609178066253662, -0.9325976967811584, 0.000004276633717381628, 0.9325976967811584, -0.36091792583465576),
            ["LeftHand"] = CFrame.new(-0.0000015795230865478516, -1.1920928955078125e-07, 7.450580596923828e-08, 0.5336609482765198, 0.7156020402908325, -0.45068851113319397, -0.7408000826835632, 0.6526240110397339, 0.15905261039733887, 0.40794771909713745, 0.24898934364318848, 0.8783975839614868),
            ["LeftFoot"] = CFrame.new(-9.685754776000977e-08, 5.960464477539063e-08, 3.725290298461914e-08, 0.9844427108764648, -0.16172775626182556, 0.0686788260936737, 0.17520152032375336, 0.8739235997200012, -0.45338907837867737, 0.01330571249127388, 0.4583683907985687, 0.8886628746986389),
            ["LowerTorso"] = CFrame.new(-0.19007760286331177, -0.7414599657058716, 0.2336854487657547, 0.8869180083274841, 0.38147029280662537, -0.26049360632896423, -0.37414857745170593, 0.9239803552627563, 0.07920327037572861, 0.27090463042259216, 0.02721649780869484, 0.9622214436531067),
            ["RightLowerLeg"] = CFrame.new(-2.9802322387695312e-08, -0.0007264614105224609, 0.000046051871322561055, 1, 4.02331437499015e-07, 2.8312223321336205e-07, -1.0430815677864302e-07, -0.5089566707611084, 0.8607921600341797, 3.986061472005531e-07, -0.8607922196388245, -0.5089568495750427),
            ["LeftUpperLeg"] = CFrame.new(0, -2.6496127247810364e-07, 4.470348358154297e-08, 0.744900107383728, 0.41403019428253174, 0.5231661200523376, 0.19775749742984772, 0.6118917465209961, -0.7658202052116394, -0.6371937990188599, 0.6739195585250854, 0.37392064929008484),
            ["LeftLowerLeg"] = CFrame.new(4.470348358154297e-08, -0.0007262825965881348, 0.00008090585470199585, 1, 8.195636524988004e-08, 7.450583261459087e-09, -1.4901162614933128e-07, -0.010069710202515125, 0.9999493956565857, 1.3411046495548362e-07, -0.9999492764472961, -0.010069746524095535),
        }},
        {Time = 0.050, Data = {
            ["RightFoot"] = CFrame.new(1.7881393432617188e-07, 1.1920928955078125e-07, 5.012407200410962e-08, 0.9355974793434143, 0.35298413038253784, 0.007726575247943401, -0.2586984932422638, 0.700254499912262, -0.6653711795806885, -0.24027596414089203, 0.6205207109451294, 0.7464727759361267),
            ["LeftLowerArm"] = CFrame.new(8.344650268554688e-07, -1.1920928955078125e-07, 0.000004738569259643555, 1, 4.619362243829528e-07, 1.341103512686459e-07, -1.713634105726669e-07, 0.6184664964675903, -0.7858114242553711, -5.252661026133865e-07, 0.7858112454414368, 0.6184661984443665),
            ["RightUpperArm"] = CFrame.new(-0.029202163219451904, -0.023886442184448242, 0.06496616452932358, 0.28665655851364136, -0.5090581774711609, 0.8115959167480469, 0.2874518632888794, -0.7624141573905945, -0.579738199710846, 0.9138924479484558, 0.39948055148124695, -0.07222092151641846),
            ["Head"] = CFrame.new(-5.029141902923584e-08, -8.344650268554688e-07, -4.470348358154297e-08, 0.8949608206748962, -0.39304259419441223, 0.21109992265701294, 0.43054160475730896, 0.6368211507797241, -0.6396037340164185, 0.11695850640535355, 0.6633071303367615, 0.7391508221626282),
            ["RightHand"] = CFrame.new(4.6624336391687393e-07, 0.0000013113021850585938, -9.433133527636528e-07, 0.5226637125015259, -0.5952430367469788, -0.6103347539901733, 0.5061597228050232, 0.7927309274673462, -0.33967626094818115, 0.6860212087631226, -0.13139034807682037, 0.7156198024749756),
            ["UpperTorso"] = CFrame.new(3.725290298461914e-09, 1.7881393432617188e-07, 6.705522537231445e-08, 0.751279890537262, -0.659646213054657, -0.021105868741869926, 0.6436395645141602, 0.7252271175384521, 0.24448736011981964, -0.1459687054157257, -0.1972629725933075, 0.9694227576255798),
            ["HumanoidRootPart"] = CFrame.new(0, 0, 0, 1, 0, 0, 0, 1, 0, 0, 0, 1),
            ["RightUpperLeg"] = CFrame.new(2.9802322387695312e-08, -5.21540641784668e-08, 1.3205863069742918e-08, 0.5142744779586792, -0.7859084606170654, 0.3433215618133545, 0.5420421361923218, -0.012368950992822647, -0.84026038646698, 0.6646143198013306, 0.6182191371917725, 0.41963428258895874),
            ["LeftUpperArm"] = CFrame.new(0.029202699661254883, -0.023888230323791504, 0.06496520340442657, 0.4798332750797272, 0.4369831383228302, 0.7607941627502441, -0.29864218831062317, 0.8967068195343018, -0.32669496536254883, -0.8249684572219849, -0.07044598460197449, 0.5607698559761047),
            ["RightLowerArm"] = CFrame.new(3.2782554626464844e-07, 7.152557373046875e-07, -0.0000036526471376419067, 1, 0.000003318301878607599, 0.000019041124687646516, 0.000018847173123504035, -0.3839700222015381, -0.9233455657958984, 0.00000428408338848385, 0.9233456254005432, -0.3839700222015381),
            ["LeftHand"] = CFrame.new(-0.0000013932585716247559, -3.5762786865234375e-07, 2.682209014892578e-07, 0.538482129573822, 0.7222714424133301, -0.4340062439441681, -0.7448586821556091, 0.6488240957260132, 0.15560579299926758, 0.39398297667503357, 0.23948164284229279, 0.8873699903488159),
            ["LeftFoot"] = CFrame.new(-4.0978193283081055e-08, 2.384185791015625e-07, 5.21540641784668e-08, 0.9883596301078796, -0.14094649255275726, 0.05726577714085579, 0.15156371891498566, 0.8796149492263794, -0.4508948028087616, 0.01318041980266571, 0.4543255865573883, 0.8907381892204285),
            ["LowerTorso"] = CFrame.new(-0.18761490285396576, -0.7485328912734985, 0.2422410398721695, 0.8959864377975464, 0.36839237809181213, -0.24798257648944855, -0.3608483672142029, 0.9294437170028687, 0.07695998251438141, 0.25883734226226807, 0.02052900567650795, 0.9657027721405029),
            ["RightLowerLeg"] = CFrame.new(-7.450580596923828e-08, -0.0007262229919433594, 0.00004611892654793337, 1, 3.427267358802055e-07, 1.7881401959130017e-07, -9.685752644372769e-08, -0.5153401494026184, 0.8569856286048889, 4.4703472212859197e-07, -0.8569857478141785, -0.5153405070304871),
            ["LeftUpperLeg"] = CFrame.new(1.1920928955078125e-07, -1.62515789270401e-07, 8.195638656616211e-08, 0.7458086609840393, 0.43288227915763855, 0.5063421130180359, 0.19582735002040863, 0.5840402841567993, -0.787749171257019, -0.6367268562316895, 0.6866657137870789, 0.35081204771995544),
            ["LeftLowerLeg"] = CFrame.new(2.9802322387695312e-08, -0.0007264614105224609, 0.0000809207558631897, 1, 1.564621925354004e-07, 5.21540641784668e-08, -1.3783575525394554e-07, -0.03625292703509331, 0.999342679977417, 1.4156104555240745e-07, -0.999342679977417, -0.036252960562705994),
        }},
        {Time = 0.067, Data = {
            ["RightFoot"] = CFrame.new(2.8312206268310547e-07, 2.980232238769531e-07, 5.012407200410962e-08, 0.937156081199646, 0.3484594523906708, -0.017743226140737534, -0.2730080187320709, 0.7006706595420837, -0.659186601638794, -0.2172677218914032, 0.6226047277450562, 0.7517700791358948),
            ["LeftLowerArm"] = CFrame.new(7.748603820800781e-07, 5.960464477539063e-08, 0.0000049620866775512695, 1, 5.513431347026199e-07, 1.490114698299294e-07, -2.682209014892578e-07, 0.6301344633102417, -0.7764867544174194, -5.848705768585205e-07, 0.7764861583709717, 0.6301335692405701),
            ["RightUpperArm"] = CFrame.new(-0.02920210361480713, -0.023886799812316895, 0.06496620178222656, 0.2854967713356018, -0.5355068445205688, 0.7948106527328491, 0.2874460518360138, -0.7433003187179565, -0.6040526628494263, 0.914257287979126, 0.40092042088508606, -0.05828046053647995),
            ["Head"] = CFrame.new(1.30385160446167e-08, -0.0000010728836059570312, 4.470348358154297e-08, 0.9103828072547913, -0.3629963994026184, 0.1985875964164734, 0.399645060300827, 0.6470955014228821, -0.6492698192596436, 0.10717738419771194, 0.6704484224319458, 0.7341741323471069),
            ["RightHand"] = CFrame.new(6.103655323386192e-07, 0.0000013113021850585938, -9.618233889341354e-07, 0.5301046371459961, -0.5931002497673035, -0.6059880256652832, 0.5037896633148193, 0.7951510548591614, -0.3375365436077118, 0.6820448637008667, -0.12636050581932068, 0.7203108668327332),
            ["UpperTorso"] = CFrame.new(4.842877388000488e-08, -3.2782554626464844e-07, 2.421438694000244e-08, 0.7504861950874329, -0.6601343154907227, -0.03151575103402138, 0.6457777619361877, 0.7223567366600037, 0.2473296970129013, -0.14050520956516266, -0.20596975088119507, 0.9684187769889832),
            ["HumanoidRootPart"] = CFrame.new(0, 0, 0, 1, 0, 0, 0, 1, 0, 0, 0, 1),
            ["RightUpperLeg"] = CFrame.new(0, -2.0256265997886658e-07, 5.790934665128589e-08, 0.5357163548469543, -0.7801576256752014, 0.3230511248111725, 0.5389541387557983, 0.02140253782272339, -0.8420630693435669, 0.6500279903411865, 0.6252167820930481, 0.43193501234054565),
            ["LeftUpperArm"] = CFrame.new(0.029202759265899658, -0.023888349533081055, 0.06496533751487732, 0.48086318373680115, 0.4582046568393707, 0.7475429773330688, -0.31789135932922363, 0.8856838941574097, -0.3383919894695282, -0.8171387910842896, -0.07491716742515564, 0.5715507864952087),
            ["RightLowerArm"] = CFrame.new(-2.384185791015625e-07, 7.748603820800781e-07, -0.0000034496188163757324, 1, 0.000003840774297714233, 0.000018918535715783946, 0.00001876522037491668, -0.40862396359443665, -0.9127027988433838, 0.00000425986991103855, 0.9127028584480286, -0.40862396359443665),
            ["LeftHand"] = CFrame.new(-0.0000016093254089355469, -4.172325134277344e-07, 4.172325134277344e-07, 0.5408241748809814, 0.7251979112625122, -0.4261423945426941, -0.7465957999229431, 0.6472281813621521, 0.1539190411567688, 0.38743260502815247, 0.23491236567497253, 0.8914660215377808),
            ["LeftFoot"] = CFrame.new(-6.332993507385254e-08, 5.960464477539063e-08, 3.725290298461914e-08, 0.9913421273231506, -0.12294184416532516, 0.04611070081591606, 0.13056901097297668, 0.8858854174613953, -0.4451501965522766, 0.013878872618079185, 0.4473170042037964, 0.8942679762840271),
            ["LowerTorso"] = CFrame.new(-0.18303683400154114, -0.7463349103927612, 0.24857750535011292, 0.9054336547851562, 0.3529341518878937, -0.2358548641204834, -0.3459368944168091, 0.9355021715164185, 0.07185690104961395, 0.24600347876548767, 0.016529228538274765, 0.9691280722618103),
            ["RightLowerLeg"] = CFrame.new(-1.3969838619232178e-08, -0.0007264614105224609, 0.000045992266677785665, 1, 2.235174747511337e-07, 3.0547397500413354e-07, -8.195640788244418e-08, -0.5100401639938354, 0.8601504564285278, 3.948808569020912e-07, -0.8601506352424622, -0.5100404024124146),
            ["LeftUpperLeg"] = CFrame.new(2.9802322387695312e-08, -2.959277480840683e-07, 2.2351741790771484e-08, 0.7485647201538086, 0.4451637268066406, 0.49140632152557373, 0.1901223510503769, 0.5658940672874451, -0.8022576570510864, -0.635219931602478, 0.6939692497253418, 0.33897271752357483),
            ["LeftLowerLeg"] = CFrame.new(1.4901161193847656e-08, -0.0007264614105224609, 0.00008118897676467896, 1, 1.3411042232291948e-07, 7.823111758398227e-08, -9.685756197086448e-08, -0.04711319878697395, 0.9988896250724792, 1.3411046495548362e-07, -0.9988895654678345, -0.047113146632909775),
        }},
        {Time = 0.083, Data = {
            ["RightFoot"] = CFrame.new(1.7881393432617188e-07, 2.384185791015625e-07, 8.272036211565137e-08, 0.9393449425697327, 0.3403375744819641, -0.04244164004921913, -0.28451210260391235, 0.7041348218917847, -0.6505745649337769, -0.19153039157390594, 0.6231889128684998, 0.7582554817199707),
            ["LeftLowerArm"] = CFrame.new(8.344650268554688e-07, -5.960464477539063e-08, 0.000004947185516357422, 1, 5.960464477539062e-07, 2.235172900100224e-07, -1.341104365337742e-07, 0.640419065952301, -0.7680256962776184, -7.040798095658829e-07, 0.7680257558822632, 0.6404190063476562),
            ["RightUpperArm"] = CFrame.new(-0.02920210361480713, -0.023886680603027344, 0.06496622413396835, 0.2761419415473938, -0.5648082494735718, 0.7776486873626709, 0.28783708810806274, -0.7233737707138062, -0.6275987029075623, 0.9170035719871521, 0.39714252948760986, -0.03718097507953644),
            ["Head"] = CFrame.new(-6.705522537231445e-08, -9.5367431640625e-07, -2.9802322387695312e-08, 0.9256264567375183, -0.33088576793670654, 0.183658167719841, 0.3658330738544464, 0.658146321773529, -0.6580344438552856, 0.09686030447483063, 0.676282525062561, 0.7302467226982117),
            ["RightHand"] = CFrame.new(9.923242032527924e-07, 0.0000013113021850585938, -5.811452865600586e-07, 0.5216448307037354, -0.5884565711021423, -0.617742121219635, 0.5033469200134277, 0.7968935966491699, -0.3340696692466736, 0.6888603568077087, -0.13667292892932892, 0.7118933796882629),
            ["UpperTorso"] = CFrame.new(2.60770320892334e-08, -2.682209014892578e-07, 4.6566128730773926e-09, 0.7515390515327454, -0.6584951877593994, -0.039668936282396317, 0.6454843878746033, 0.7216148972511292, 0.2502431273460388, -0.13615821301937103, -0.21367311477661133, 0.9673700928688049),
            ["HumanoidRootPart"] = CFrame.new(0, 0, 0, 1, 0, 0, 0, 1, 0, 0, 0, 1),
            ["RightUpperLeg"] = CFrame.new(8.940696716308594e-08, -4.246830940246582e-07, -1.287116901949048e-08, 0.556824803352356, -0.7774285078048706, 0.29249119758605957, 0.5314556956291199, 0.06282909214496613, -0.844752848148346, 0.6383581161499023, 0.6258254647254944, 0.44815364480018616),
            ["LeftUpperArm"] = CFrame.new(0.029202520847320557, -0.023888707160949707, 0.06496523320674896, 0.4840429127216339, 0.4769442677497864, 0.7336402535438538, -0.3363981246948242, 0.8753977417945862, -0.3471513092517853, -0.8077986836433411, -0.07875891774892807, 0.5841728448867798),
            ["RightLowerArm"] = CFrame.new(-8.940696716308594e-08, 8.940696716308594e-07, -0.0000034831464290618896, 1, 0.000004298984094930347, 0.00001877918839454651, 0.000018727027054410428, -0.43311306834220886, -0.9013397097587585, 0.0000041984008021245245, 0.9013396501541138, -0.4331130087375641),
            ["LeftHand"] = CFrame.new(-0.0000011771917343139648, -4.172325134277344e-07, 4.246830940246582e-07, 0.541994571685791, 0.7257313132286072, -0.4237409234046936, -0.7471678853034973, 0.6469441056251526, 0.1523256003856659, 0.38468456268310547, 0.23404601216316223, 0.8928833603858948),
            ["LeftFoot"] = CFrame.new(-1.862645149230957e-08, 1.7881393432617188e-07, 0, 0.9934844970703125, -0.10831337422132492, 0.03545316308736801, 0.11287641525268555, 0.8921887278556824, -0.4373311400413513, 0.015737827867269516, 0.4384833872318268, 0.8986014723777771),
            ["LowerTorso"] = CFrame.new(-0.17723363637924194, -0.7356280088424683, 0.25316160917282104, 0.9146484136581421, 0.336599200963974, -0.22387342154979706, -0.3304091691970825, 0.9415462017059326, 0.06573115289211273, 0.23291218280792236, 0.013848941773176193, 0.9723992347717285),
            ["RightLowerLeg"] = CFrame.new(5.704350769519806e-08, -0.0007264614105224609, 0.00004611636541085318, 1, 3.72529200376448e-07, 2.384186927884002e-07, -4.4703490686970326e-08, -0.494523286819458, 0.8691643476486206, 3.9488082848038175e-07, -0.8691644668579102, -0.4945235252380371),
            ["LeftUpperLeg"] = CFrame.new(5.960464477539063e-08, -4.724133759737015e-07, -7.450580596923828e-09, 0.752008855342865, 0.45098254084587097, 0.48072606325149536, 0.18333256244659424, 0.5574284195899963, -0.8097299337387085, -0.6331443786621094, 0.6970568895339966, 0.33651137351989746),
            ["LeftLowerLeg"] = CFrame.new(-1.1920928955078125e-07, -0.0007262825965881348, 0.00008091330528259277, 1, 8.195641498787154e-08, 1.3411046495548362e-07, -9.685756907629184e-08, -0.04224187135696411, 0.9991074204444885, 1.6391281576488836e-07, -0.9991074204444885, -0.04224195331335068),
        }},
        {Time = 0.100, Data = {
            ["RightFoot"] = CFrame.new(9.685754776000977e-08, 1.1920928955078125e-07, 1.1298834579065442e-07, 0.9423352479934692, 0.3280174732208252, -0.06639847904443741, -0.2927190065383911, 0.711651623249054, -0.6386452317237854, -0.16223424673080444, 0.621254026889801, 0.7666312456130981),
            ["LeftLowerArm"] = CFrame.new(8.344650268554688e-07, -2.384185791015625e-07, 0.0000050067901611328125, 1, 5.811452865600586e-07, 1.4901152667334827e-07, -8.940696716308594e-08, 0.6490216255187988, -0.7607700824737549, -7.115304470062256e-07, 0.7607699632644653, 0.649021565914154),
            ["RightUpperArm"] = CFrame.new(-0.029201984405517578, -0.023886561393737793, 0.06496606767177582, 0.2606196105480194, -0.5955421924591064, 0.7598726749420166, 0.2852211594581604, -0.7044461369514465, -0.6499269604682922, 0.9223483204841614, 0.38611558079719543, -0.013731344603002071),
            ["Head"] = CFrame.new(-4.6566128730773926e-09, -0.0000010728836059570312, -4.470348358154297e-08, 0.9384357929229736, -0.2996509373188019, 0.17189441621303558, 0.33482083678245544, 0.6664524078369141, -0.6661351323127747, 0.08504850417375565, 0.6826789975166321, 0.7257521748542786),
            ["RightHand"] = CFrame.new(8.990755304694176e-07, 0.0000013113021850585938, -9.695068001747131e-07, 0.5002294778823853, -0.5803822875022888, -0.642594039440155, 0.5030593872070312, 0.7988200783729553, -0.3298749625682831, 0.7047707438468933, -0.15824952721595764, 0.6915602087974548),
            ["UpperTorso"] = CFrame.new(-6.332993507385254e-08, -1.1920928955078125e-07, 3.632158041000366e-08, 0.7540536522865295, -0.6552413105964661, -0.045408573001623154, 0.6433829665184021, 0.7229592204093933, 0.25177013874053955, -0.13214156031608582, -0.219063401222229, 0.9667212963104248),
            ["HumanoidRootPart"] = CFrame.new(0, 0, 0, 1, 0, 0, 0, 1, 0, 0, 0, 1),
            ["RightUpperLeg"] = CFrame.new(-5.960464477539063e-08, -1.7927959561347961e-07, 2.029992174357176e-09, 0.5772836208343506, -0.775823175907135, 0.2546412944793701, 0.5188497304916382, 0.10772393643856049, -0.8480510711669922, 0.630506694316864, 0.6216863989830017, 0.46472281217575073),
            ["LeftUpperArm"] = CFrame.new(0.02920299768447876, -0.023888587951660156, 0.06496527791023254, 0.4876458942890167, 0.4927753210067749, 0.7206772565841675, -0.3529997169971466, 0.8662818670272827, -0.3534777760505676, -0.7984939813613892, -0.08202677965164185, 0.5963872075080872),
            ["RightLowerArm"] = CFrame.new(2.384185791015625e-07, 5.960464477539062e-07, -0.0000035874545574188232, 1, 0.000004822850314667448, 0.00001865623562480323, 0.000018798398741637357, -0.4570622444152832, -0.8894346952438354, 0.000004275236733519705, 0.8894346952438354, -0.4570624828338623),
            ["LeftHand"] = CFrame.new(-0.000001214444637298584, -2.980232238769531e-07, 3.0547380447387695e-07, 0.5424841046333313, 0.7249944806098938, -0.4243744909763336, -0.7477095723152161, 0.6469816565513611, 0.1494845300912857, 0.382938027381897, 0.23621569573879242, 0.8930625319480896),
            ["LeftFoot"] = CFrame.new(-1.4901161193847656e-08, 2.384185791015625e-07, -5.21540641784668e-08, 0.9949968457221985, -0.09669622778892517, 0.025122707709670067, 0.09811537712812424, 0.8983535170555115, -0.42817574739456177, 0.018833855167031288, 0.4284983277320862, 0.9033462405204773),
            ["LowerTorso"] = CFrame.new(-0.17097336053848267, -0.717434287071228, 0.25682538747787476, 0.9232349991798401, 0.3203341066837311, -0.21218670904636383, -0.3147558867931366, 0.9472417235374451, 0.06051347777247429, 0.22037659585475922, 0.010918844491243362, 0.9753538370132446),
            ["RightLowerLeg"] = CFrame.new(-1.909211277961731e-08, -0.0007265210151672363, 0.00004604791320161894, 1, 2.235174747511337e-07, 2.756716526164382e-07, -7.450579175838357e-08, -0.47073057293891907, 0.8822770118713379, 4.0978184756568226e-07, -0.8822771310806274, -0.470730721950531),
            ["LeftUpperLeg"] = CFrame.new(5.960464477539063e-08, -2.3737084120512009e-07, 2.2351741790771484e-08, 0.7550788521766663, 0.4516834616661072, 0.4752242863178253, 0.1770215779542923, 0.557458758354187, -0.8111122250556946, -0.6312838196754456, 0.6965786218643188, 0.34096765518188477),
            ["LeftLowerLeg"] = CFrame.new(7.450580596923828e-09, -0.0007263422012329102, 0.00008119642734527588, 1, 8.195641498787154e-08, 1.0430815677864302e-07, -7.450579886381092e-08, -0.02312033623456955, 0.9997327327728271, 9.685753354915505e-08, -0.9997327327728271, -0.023120393976569176),
        }},
        {Time = 0.117, Data = {
            ["RightFoot"] = CFrame.new(2.7567148208618164e-07, 2.980232238769531e-07, -2.8107024263590574e-08, 0.9462602138519287, 0.3106696903705597, -0.08986610174179077, -0.29687631130218506, 0.7242063879966736, -0.6224066615104675, -0.12828120589256287, 0.6156375408172607, 0.7775179147720337),
            ["LeftLowerArm"] = CFrame.new(6.854534149169922e-07, 1.7881393432617188e-07, 0.000005036592483520508, 1, 5.215408123149246e-07, 1.6391268786719593e-07, -1.6391281576488836e-07, 0.6564087271690369, -0.7544058561325073, -5.848706905453582e-07, 0.7544054985046387, 0.6564083099365234),
            ["RightUpperArm"] = CFrame.new(-0.029202580451965332, -0.023886442184448242, 0.06496629118919373, 0.24213819205760956, -0.6269168257713318, 0.7405022978782654, 0.27730557322502136, -0.6866607069969177, -0.672011137008667, 0.9297692179679871, 0.3680656850337982, 0.007580681703984737),
            ["Head"] = CFrame.new(-8.381903171539307e-09, -8.344650268554688e-07, 1.564621925354004e-07, 0.9494831562042236, -0.26712191104888916, 0.16470526158809662, 0.3056585490703583, 0.6682816743850708, -0.6782126426696777, 0.07109580188989639, 0.6942951083183289, 0.7161701917648315),
            ["RightHand"] = CFrame.new(8.349306881427765e-07, 0.0000011920928955078125, -5.103647708892822e-07, 0.4724096655845642, -0.5694437026977539, -0.6727281808853149, 0.501695990562439, 0.8012828826904297, -0.3259557783603668, 0.7246586680412292, -0.1835201531648636, 0.6642211079597473),
            ["UpperTorso"] = CFrame.new(-1.4901161193847656e-08, -2.384185791015625e-07, 6.51925802230835e-08, 0.7577361464500427, -0.6507353782653809, -0.04877760261297226, 0.6399373412132263, 0.726367712020874, 0.2507396340370178, -0.12773463129997253, -0.2212090641260147, 0.9668248891830444),
            ["HumanoidRootPart"] = CFrame.new(0, 0, 0, 1, 0, 0, 0, 1, 0, 0, 0, 1),
            ["RightUpperLeg"] = CFrame.new(-2.9802322387695312e-08, -3.478489816188812e-07, -1.287116901949048e-08, 0.5978370308876038, -0.7726407647132874, 0.21358229219913483, 0.5006568431854248, 0.15180380642414093, -0.852231502532959, 0.6260461211204529, 0.6164267063140869, 0.47758156061172485),
            ["LeftUpperArm"] = CFrame.new(0.029202520847320557, -0.023888349533081055, 0.06496533751487732, 0.4904800355434418, 0.5058034658432007, 0.7096433043479919, -0.3673399090766907, 0.8584405779838562, -0.3579680919647217, -0.7902472615242004, -0.08510439097881317, 0.6068485379219055),
            ["RightLowerArm"] = CFrame.new(-5.960464477539063e-08, 3.5762786865234375e-07, -0.0000037103891372680664, 1, 0.000005329029136191821, 0.000018502816601539962, 0.000018776396245812066, -0.48123419284820557, -0.8765921592712402, 0.000004252419330441626, 0.876592218875885, -0.48123395442962646),
            ["LeftHand"] = CFrame.new(-0.0000016391277313232422, -5.960464477539063e-08, 1.9371509552001953e-07, 0.5415683388710022, 0.7235876321792603, -0.42793065309524536, -0.7490655779838562, 0.6464217305183411, 0.14505276083946228, 0.3815816640853882, 0.24199175834655762, 0.8920959234237671),
            ["LeftFoot"] = CFrame.new(-3.725290298461914e-08, 1.7881393432617188e-07, -4.470348358154297e-08, 0.9961636066436768, -0.08626973628997803, 0.014682883396744728, 0.08450472354888916, 0.9047147035598755, -0.41755297780036926, 0.02273845113813877, 0.4171917140483856, 0.908534049987793),
            ["LowerTorso"] = CFrame.new(-0.16478240489959717, -0.6929222345352173, 0.26049327850341797, 0.9309872388839722, 0.30457058548927307, -0.2012452930212021, -0.29909276962280273, 0.952468752861023, 0.05785200372338295, 0.20929986238479614, 0.006331540644168854, 0.9778311252593994),
            ["RightLowerLeg"] = CFrame.new(-8.381903171539307e-08, -0.0007262229919433594, 0.00004611054464476183, 1, 2.533198539822479e-07, 2.8312223321336205e-07, -7.450580596923828e-08, -0.44168490171432495, 0.8971702456474304, 4.3213367462158203e-07, -0.8971702456474304, -0.44168514013290405),
            ["LeftUpperLeg"] = CFrame.new(-8.940696716308594e-08, -3.5692937672138214e-07, 5.21540641784668e-08, 0.7566637992858887, 0.4491954445838928, 0.47506171464920044, 0.17290157079696655, 0.5632618069648743, -0.8079859018325806, -0.630527675151825, 0.693512499332428, 0.34853315353393555),
            ["LeftLowerLeg"] = CFrame.new(-8.195638656616211e-08, -0.0007264614105224609, 0.00008115172386169434, 1, 8.195639367158947e-08, 9.685756197086448e-08, -6.332993507385254e-08, 0.007495098747313023, 0.9999719858169556, 1.341104507446289e-07, -0.9999719262123108, 0.007495102472603321),
        }},
        {Time = 0.133, Data = {
            ["RightFoot"] = CFrame.new(1.862645149230957e-07, 2.384185791015625e-07, -5.75528247281909e-09, 0.9511350989341736, 0.2874981164932251, -0.11263693124055862, -0.29552939534187317, 0.7419058680534363, -0.6018623113632202, -0.08946818113327026, 0.6057396531105042, 0.7906166315078735),
            ["LeftLowerArm"] = CFrame.new(6.556510925292969e-07, 1.1920928955078125e-07, 0.000004798173904418945, 1, 6.705522537231445e-07, 2.0861612881617475e-07, -1.639127589214695e-07, 0.6634793281555176, -0.7481949329376221, -5.178152946427872e-07, 0.7481946349143982, 0.6634790301322937),
            ["RightUpperArm"] = CFrame.new(-0.02920234203338623, -0.02388596534729004, 0.06496617197990417, 0.22439488768577576, -0.6585099697113037, 0.7183392643928528, 0.26317930221557617, -0.6687961220741272, -0.6953049302101135, 0.9382876753807068, 0.3450745642185211, 0.02323157712817192),
            ["Head"] = CFrame.new(1.387670636177063e-07, -5.960464477539062e-07, 5.960464477539063e-08, 0.9590368270874023, -0.23337019979953766, 0.16058319807052612, 0.277810275554657, 0.6639293432235718, -0.6942764520645142, 0.05540750175714493, 0.7104478478431702, 0.7015649080276489),
            ["RightHand"] = CFrame.new(9.890645742416382e-07, 0.0000013709068298339844, -6.966292858123779e-07, 0.44878193736076355, -0.5595635771751404, -0.6967664361000061, 0.49935182929039, 0.8036343455314636, -0.3237592279911041, 0.7411089539527893, -0.20263366401195526, 0.6400754451751709),
            ["UpperTorso"] = CFrame.new(-1.1548399925231934e-07, -3.8743019104003906e-07, 1.7695128917694092e-08, 0.7623929977416992, -0.6451804041862488, -0.049992844462394714, 0.6354274749755859, 0.7317704558372498, 0.24646300077438354, -0.12242984771728516, -0.21966852247714996, 0.9678619503974915),
            ["HumanoidRootPart"] = CFrame.new(0, 0, 0, 1, 0, 0, 0, 1, 0, 0, 0, 1),
            ["RightUpperLeg"] = CFrame.new(-1.7881393432617188e-07, -2.600136213004589e-07, -7.24758137948811e-08, 0.6191863417625427, -0.7660172581672668, 0.17270170152187347, 0.4768235981464386, 0.1920391470193863, -0.8577646613121033, 0.6238970160484314, 0.6134642958641052, 0.4841630756855011),
            ["LeftUpperArm"] = CFrame.new(0.029202938079833984, -0.02388787269592285, 0.06496524810791016, 0.49183058738708496, 0.516264796257019, 0.7011241912841797, -0.37976527214050293, 0.8518131375312805, -0.3608224391937256, -0.7835056781768799, -0.08879876136779785, 0.6150057315826416),
            ["RightLowerArm"] = CFrame.new(-2.9802322387695312e-08, 6.556510925292969e-07, -0.000003509223461151123, 1, 0.0000059045864873041864, 0.000018317245121579617, 0.00001866742968559265, -0.5070009231567383, -0.8619457483291626, 0.0000042691826820373535, 0.8619455695152283, -0.5070006251335144),
            ["LeftHand"] = CFrame.new(-0.0000015869736671447754, -5.960464477539062e-07, 3.725290298461914e-07, 0.5401907563209534, 0.7220746874809265, -0.4322058856487274, -0.7515750527381897, 0.6450014710426331, 0.1382330060005188, 0.37858787178993225, 0.2501627504825592, 0.8911171555519104),
            ["LeftFoot"] = CFrame.new(-3.91155481338501e-08, 1.7881393432617188e-07, 0, 0.9970366954803467, -0.07685346156358719, 0.0033678244799375534, 0.0716259628534317, 0.9114664196968079, -0.4050910770893097, 0.02806309051811695, 0.40413182973861694, 0.9142701625823975),
